0,1,2,3,4,5,6,7,8,9,10,11,12,13,14,15,16,17,18,19,20,21,22,23,24,25,26,27,28,29,30,31,32,33,34,35,36,37,38,39,40,41,42,43,44,45,46,47,48,49,50,51,52,53,54,55,56,57,58,59,60,61,62,63,64,65,66,67,68,69,70,71,72,73,74,75,76,77,78,79,80,81,82,83,84,85,86,87,88,89,90,91,92,93,94,95,96,97,98,99
1.0,0.06243032329988851,-0.00971322849213685,0.01976284584980237,0.03933747412008287,0.08974358974358976,0.04506892895015907,0.024844720496894457,0.01976284584980237,0.04506892895015907,0.07023411371237454,0.02934782608695652,0.0946704067321178,0.018557794273594913,0.02651113467656413,0.0,0.018200202224469164,-0.02395740905057675,0.002898550724637683,0.0898942420681551,0.0,0.041407867494824,0.05543478260869572,0.0,-0.04173913043478261,0.007905138339920958,0.02120890774125131,-0.008788159111933314,0.048913043478260865,0.06149068322981366,0.04554865424430643,0.15096618357487934,0.076882290562036,0.03901895206243031,0.018200202224469164,0.037115588547189826,0.008212560386473444,0.08804347826086956,0.07780320366132726,0.0782608695652175,0.11594202898550723,0.019716885743174872,0.018774703557312256,0.07780320366132726,0.07023411371237454,-0.017210144927536197,0.05037115588547192,0.05302226935312826,0.08237986270022885,0.08460634547591067,0.12095875139353396,0.12077294685990342,0.0331262939958592,0.058528428093645446,0.024266936299292163,0.04398382204246709,0.02898550724637683,0.08460634547591067,0.02730030333670369,-0.00971322849213685,0.03260869565217392,0.058166862514688555,0.058166862514688555,0.02651113467656413,0.03203661327231122,0.04576659038901601,0.03933747412008287,0.0,-0.045088566827697296,0.012845849802371523,0.037115588547189826,0.04241781548250262,0.042920847268673346,0.0,0.023860021208907733,-0.042642140468227396,0.05287896592244415,0.026086956521739146,0.037917087967644036,0.02371541501976293,0.0165631469979296,0.04682274247491641,0.03726708074534163,0.06633221850613158,0.061381074168797956,0.04565217391304349,0.014822134387351749,0.0,0.021739130434782594,0.06407322654462244,0.07931844888366624,0.017786561264822143,0.09610983981693372,0.04565217391304349,0.048913043478260865,0.02881698685540951,0.009661835748792202,0.025783619817997983,0.08193979933110368,0.02881698685540951
-0.06243032329988851,1.0,-0.13529732678668838,-0.07284382284382274,-0.049450549450549386,0.0,-0.025015634771732354,-0.05128205128205121,-0.06701631701631705,-0.020012507817385894,0.0,-0.008333333333333304,0.08602150537634412,-0.020012507817385894,-0.020012507817385894,-0.10144927536231874,-0.047704233750745395,-0.10465724751439032,-0.05470085470085473,0.023562023562023526,-0.08584169453734669,-0.031135531135531136,-0.012179487179487136,-0.054626532887402435,-0.056410256410256404,-0.040792540792540743,-0.01751094434021261,-0.07419530823786141,-0.009615384615384581,0.043956043956043966,-0.02014652014652013,0.023504273504273532,-0.01751094434021261,0.0,-0.031007751937984496,-0.01751094434021261,-0.06153846153846154,-0.007051282051282026,0.004723346828610003,-0.008333333333333304,0.038461538461538464,-0.023852116875372698,-0.0437062937062937,0.006747638326585703,0.0,-0.07692307692307693,-0.02126328955597251,-0.020012507817385894,0.005398110661268579,0.01108801108801108,0.0,0.06410256410256421,-0.04395604395604391,0.0,-0.06440071556350624,-0.057245080500894496,-0.053113553113553036,0.029106029106029108,-0.035778175313059046,-0.0654664484451718,-0.008333333333333304,0.016632016632016633,0.02079002079002079,-0.020012507817385894,0.011470985155195679,0.012820512820512886,-0.038461538461538436,-0.06633221850613158,-0.1495726495726496,-0.06701631701631705,-0.022514071294559068,-0.016260162601625994,0.0,-0.06243032329988851,-0.01751094434021261,-0.07051282051282051,0.02079002079002079,-0.01025641025641022,-0.023852116875372698,-0.03205128205128205,-0.02747252747252743,0.0,-0.032967032967032905,0.0,0.0678733031674209,-0.010897435897435859,-0.040792540792540743,-0.06243032329988851,-0.04953379953379955,0.0040485829959514275,0.01108801108801108,-0.020396270396270372,0.006072874493927155,-0.004487179487179471,-0.008333333333333304,-0.019081693500298175,-0.051282051282051266,-0.04531902206320809,0.0,-0.02623732856291
0.00971322849213685,0.13529732678668838,1.0,0.03771760154738879,0.06838905775075987,0.12220403709765404,0.0809548521017125,0.07598784194528874,0.04206963249516438,0.0622729631551634,0.0654664484451718,0.05957446808510641,0.15374056280027454,0.05915931499740523,0.05604566683964707,0.012488436632747457,0.04354280059376536,-0.019973947025618777,0.01891252955082734,0.10350776308223109,0.01295097132284917,0.048125633232016185,0.06329787234042555,0.007863089731729833,-0.019148936170212794,0.024661508704061863,0.04047742605085625,0.0,0.08563829787234045,0.08753799392097261,0.04052684903748732,0.0975177304964539,0.052932018681888904,0.04800872885979268,0.029688273132112752,0.06538661131292162,0.021749408983451457,0.06702127659574464,0.04535274356103022,0.07446808510638298,0.10851063829787233,0.023750618505690213,0.02756286266924557,0.08062709966405379,0.07855973813420614,-0.00576241134751776,0.04670472236637252,0.04670472236637252,0.06550951847704373,0.0690051753881541,0.06983087834151663,0.1950354609929078,0.05065856129685914,0.10038188761593014,0.061355764473033036,0.061355764473033036,0.07852077001013169,0.1495112133410006,0.03562592775853529,0.0,0.06329787234042555,0.08625646923519259,0.09200690051753879,0.05915931499740523,0.10582306830907057,0.08566629339305709,0.06079027355623101,0.010638297872340385,-0.06343577620173368,0.03481624758220503,0.06538661131292162,0.052932018681888904,0.09601745771958536,0.010175763182238673,0.05604566683964707,-0.03477905073649756,0.09775733179988494,0.05212765957446808,0.031667491340920284,0.02756286266924557,0.04559270516717323,0.043644298963447875,0.0557244174265451,0.07419530823786141,0.1220275344180225,0.04840425531914894,0.02756286266924557,0.008325624421831601,0.03191489361702127,0.04535274356103022,0.06325474410580789,0.024661508704061863,0.06550951847704373,0.044680851063829796,0.06702127659574464,0.031667491340920284,0.014184397163120532,0.03562592775853529,0.07419530823786141,0.027709054923305276
-0.01976284584980237,0.07284382284382274,-0.03771760154738879,1.0,0.032467532467532534,0.040792540792540743,0.034922394678492286,0.023809523809523836,0.0,0.019955654101995512,0.03496503496503495,0.025000000000000022,0.11436950146627567,0.014966740576496662,0.023281596452328135,-0.02667984189723316,0.007399577167019,-0.044063079777365455,-0.005555555555555591,0.08599508599508593,-0.018774703557312256,0.016233766233766267,0.0318181818181818,-0.011857707509881465,-0.027272727272727282,0.0,0.02161862527716185,-0.023210831721470038,0.02954545454545454,0.08766233766233766,0.014069264069264065,0.06060606060606061,0.02494456762749442,0.037878787878787845,0.008456659619450246,0.01829268292682923,-0.008080808080808133,0.022727272727272735,0.028708133971291877,0.0318181818181818,0.031818181818181815,0.005813953488372048,0.0,0.0430622009569378,0.055361305361305346,-0.03219696969696967,0.026607538802660702,0.023281596452328135,0.0215311004784689,0.03869778869778867,0.04953379953379955,0.11111111111111116,0.023809523809523836,0.09615384615384615,0.011099365750528556,0.011627906976744096,0.02813852813852813,0.0902948402948403,0.008985200845665953,-0.0217601547388781,0.034090909090909116,0.05159705159705158,0.06019656019656017,0.02161862527716185,0.06818181818181823,0.06100478468899523,0.027056277056277,-0.018774703557312256,-0.1010101010101011,0.0,0.03325942350332589,0.026607538802660702,0.0641025641025641,-0.01976284584980237,0.029933481152993324,-0.038461538461538464,0.06019656019656017,0.036363636363636376,0.008985200845665953,0.0,0.015151515151515138,0.0437062937062937,0.023809523809523836,0.0611888111888112,0.1203208556149733,0.047727272727272785,0.0,-0.012845849802371523,0.0,0.035885167464114825,0.0558968058968059,0.0,0.035885167464114825,0.020454545454545447,0.0318181818181818,0.0068710359408033495,-0.008585858585858586,0.011099365750528556,0.029137529137529122,0.006342494714587699
-0.03933747412008287,0.049450549450549386,-0.06838905775075987,-0.032467532467532534,1.0,0.02930402930402931,0.009291521486643417,0.0,-0.023809523809523836,0.008130081300812997,0.02930402930402931,0.01428571428571429,0.13517665130568357,0.006968641114982521,0.008130081300812997,-0.041407867494824,-0.009966777408637939,-0.06122448979591838,-0.020634920634920673,0.0611325611325611,-0.03726708074534163,0.0,0.01904761904761909,-0.020703933747412,-0.030476190476190462,-0.011904761904761918,0.008130081300812997,-0.03799392097264437,0.013095238095238104,0.08571428571428569,0.0,0.04365079365079366,0.008130081300812997,0.025641025641025605,-0.007751937984496138,0.006968641114982521,-0.028571428571428636,0.013095238095238104,0.012531328320802004,0.01428571428571429,0.06666666666666668,-0.007198228128460715,-0.021645021645021634,0.03508771929824561,0.03479853479853473,-0.059523809523809534,0.009872241579558627,0.009872241579558627,0.022556390977443608,0.03539253539253534,0.02747252747252743,0.09126984126984128,0.0,0.056776556776556686,-0.012735326688815163,-0.013842746400886008,0.0,0.0643500643500643,-0.008859357696567038,-0.04052684903748732,0.011904761904761918,0.03861003861003859,0.04504504504504503,0.007549361207897787,0.047619047619047616,0.04010025062656647,0.0,-0.0331262939958592,-0.11640211640211645,-0.020562770562770616,0.009872241579558627,0.008130081300812997,0.03479853479853473,-0.02898550724637683,0.006968641114982521,-0.0274725274725275,0.041827541827541836,0.020238095238095277,-0.008859357696567038,-0.007575757575757569,0.0,0.02930402930402931,0.0,0.04029304029304026,0.10084033613445381,0.022619047619047594,-0.017316017316017285,-0.031055900621118016,-0.021645021645021634,0.02506265664160401,0.03539253539253534,-0.008658008658008642,0.02506265664160401,0.009523809523809545,0.015476190476190477,-0.007198228128460715,-0.030158730158730218,-0.011074197120708784,0.02014652014652013,-0.007751937984496138
-0.08974358974358976,0.0,-0.12220403709765404,-0.040792540792540743,-0.02930402930402931,1.0,-0.022514071294559068,-0.038461538461538436,-0.06701631701631705,-0.020012507817385894,0.0,-0.009615384615384581,0.05955334987593053,-0.01751094434021261,-0.016260162601625994,-0.0741360089186176,-0.04531902206320809,-0.0994243851386708,-0.058119658119658135,0.01524601524601521,-0.07803790412486061,-0.02930402930402931,-0.008974358974358942,-0.05072463768115937,-0.11846153846153845,-0.037878787878787845,-0.008755472170106304,-0.07855973813420614,-0.012820512820512775,0.014652014652014655,-0.031135531135531136,0.03632478632478636,-0.020012507817385894,0.0,-0.021466905187835422,-0.028767979987492254,-0.058119658119658135,-0.012179487179487136,0.006747638326585703,-0.01025641025641022,0.08461538461538465,-0.02623732856291,-0.04953379953379955,0.008771929824561486,0.0,-0.033653846153846145,-0.01375859912445282,-0.016260162601625994,0.012820512820512886,0.019404019404019424,0.0,0.044871794871794934,-0.02747252747252743,0.0,-0.05485986881335725,-0.059630292188431744,-0.03479853479853473,0.03049203049203042,-0.0405485986881336,-0.08728859792689575,-0.01025641025641022,0.019404019404019424,0.013860013860013842,-0.016260162601625994,0.008097165991902855,0.007422402159244279,-0.02930402930402931,-0.06243032329988851,-0.09971509971509973,-0.046620046620046596,-0.01876172607879928,-0.011257035647279534,0.0,-0.054626532887402435,-0.01751094434021261,-0.1282051282051282,0.02079002079002079,-0.004487179487179471,-0.03816338700059635,-0.05244755244755239,-0.014652014652014655,0.0,-0.032967032967032905,0.0,0.026395173453997,-0.0038461538461538325,-0.04953379953379955,-0.058528428093645446,-0.0611888111888112,0.006747638326585703,0.01108801108801108,-0.04953379953379955,0.009446693657220007,-0.0064102564102563875,-0.007051282051282026,-0.03816338700059635,-0.027350427350427364,-0.023852116875372698,0.0,-0.03339296362552174
-0.04506892895015907,0.025015634771732354,-0.0809548521017125,-0.034922394678492286,-0.009291521486643417,0.022514071294559068,1.0,-0.013937282229965042,-0.039911308203991025,0.0,0.01751094434021261,0.00792682926829269,0.03933910306845005,0.0,0.0,-0.05567338282078477,-0.019285309132161088,-0.09158785465405667,-0.034688346883468835,0.03955174686882007,-0.05832449628844105,-0.008130081300812997,0.008536585365853666,-0.02651113467656413,-0.07463414634146343,-0.029933481152993324,0.0,-0.04047742605085625,0.0128048780487805,0.037630662020905925,-0.008710801393728151,0.040650406504065095,0.0,0.01375859912445282,-0.014747589336358502,0.0,-0.045528455284552904,0.0128048780487805,0.02310654685494229,0.008536585365853666,0.0804878048780488,-0.01134429948950652,-0.01829268292682923,0.026957637997432615,0.012507817385866177,-0.03912601626016257,0.0,0.0,0.02503209242618748,0.03164139749505607,0.016260162601625994,0.060975609756097615,-0.007549361207897787,0.015009380863039434,-0.02155416903006241,-0.026091888825864995,-0.013356562137049832,0.050098879367172056,-0.020419739081111776,-0.05915931499740523,0.007317073170731769,0.021094264996704026,0.02900461437046803,0.0,0.02888318356867786,0.02503209242618748,-0.012775842044134622,-0.05302226935312826,-0.10569105691056913,-0.04490022172949004,0.0,0.0,0.023764853033145683,-0.060975609756097504,0.0,-0.10318949343339584,0.03955174686882007,0.008536585365853666,-0.01134429948950652,-0.029933481152993324,-0.005807200929152129,0.016260162601625994,-0.005807200929152129,0.016260162601625994,0.0652797704447633,0.007317073170731769,-0.03658536585365846,-0.04241781548250262,-0.03658536585365846,0.015404364569961526,0.02373104812129201,-0.023281596452328135,0.02503209242618748,0.00792682926829269,0.008536585365853666,-0.013613159387407814,-0.02168021680216803,-0.017016449234259767,0.020012507817385894,-0.018150879183210455
-0.024844720496894457,0.05128205128205121,-0.07598784194528874,-0.023809523809523836,0.0,0.038461538461538436,0.013937282229965042,1.0,-0.02922077922077926,0.010452961672473837,0.021978021978021955,0.015476190476190477,0.07603686635944698,0.008130081300812997,0.007549361207897787,-0.041407867494824,-0.010520487264673362,-0.07823129251700683,-0.030158730158730218,0.03217503217503215,-0.041407867494824,0.0,0.01428571428571429,-0.031055900621118016,-0.05714285714285716,-0.017316017316017285,0.005807200929152129,-0.03799392097264437,0.01904761904761909,0.05238095238095236,0.0,0.035714285714285726,0.006387921022067311,0.010989010989010978,-0.004429678848283519,0.011033681765389047,-0.030158730158730218,0.016666666666666663,0.015037593984962405,0.011904761904761918,0.06666666666666668,-0.006644518272425293,-0.018398268398268414,0.03007518796992481,0.02930402930402931,-0.029761904761904767,0.008710801393728151,0.008130081300812997,0.03007518796992481,0.03861003861003859,0.010989010989010978,0.10317460317460325,0.0,0.038461538461538436,-0.014950166112956853,-0.01218161683277974,0.0,0.08365508365508367,-0.009413067552602461,-0.04305977710233028,0.01785714285714285,0.028957528957528927,0.028957528957528927,0.005226480836236919,0.03759398496240601,0.03258145363408527,0.0,-0.03933747412008287,-0.08994708994708994,-0.02922077922077926,0.006968641114982521,0.005226480836236919,0.02747252747252743,-0.026915113871635588,0.008710801393728151,-0.07326007326007328,0.05148005148005147,0.01428571428571429,-0.006644518272425293,-0.014069264069264065,0.0,0.018315018315018305,0.0,0.021978021978021955,0.0672268907563025,0.008333333333333331,-0.021645021645021634,-0.035196687370600444,-0.021645021645021634,0.017543859649122806,0.009652509652509647,-0.014069264069264065,0.015037593984962405,0.010714285714285704,0.011904761904761918,-0.005537098560354392,-0.0158730158730159,-0.00609080841638987,0.02014652014652013,-0.007198228128460715
-0.01976284584980237,0.06701631701631705,-0.04206963249516438,0.0,0.023809523809523836,0.06701631701631705,0.039911308203991025,0.02922077922077926,1.0,0.03159645232815966,0.040792540792540743,0.025000000000000022,0.10483870967741937,0.023281596452328135,0.026607538802660702,-0.02075098814229248,0.011099365750528556,-0.05333951762523187,-0.010101010101010166,0.06879606879606875,-0.01976284584980237,0.015151515151515138,0.03863636363636369,-0.014822134387351749,-0.04909090909090913,0.0,0.02161862527716185,-0.024661508704061863,0.050000000000000044,0.04675324675324674,0.019480519480519487,0.07070707070707072,0.023281596452328135,0.037878787878787845,0.007399577167019,0.039911308203991025,-0.0121212121212122,0.03863636363636369,0.0430622009569378,0.04545454545454547,0.13787878787878788,0.006342494714587699,0.0,0.06818181818181823,0.055361305361305346,-0.028409090909090884,0.02827050997782704,0.02161862527716185,0.0645933014354067,0.07739557739557734,0.046620046620046596,0.11616161616161624,0.020562770562770616,0.05244755244755239,0.013742071881606699,0.014799154334038,0.027056277056277,0.12039312039312033,0.011627906976744096,-0.03191489361702127,0.03863636363636369,0.0558968058968059,0.04729729729729726,0.01829268292682923,0.057416267942583754,0.057416267942583754,0.019480519480519487,-0.018774703557312256,-0.0757575757575758,0.0,0.02161862527716185,0.029933481152993324,0.046620046620046596,-0.02075098814229248,0.02494456762749442,-0.06993006993006995,0.08169533169533172,0.027272727272727282,0.011099365750528556,0.0,0.015151515151515138,0.055361305361305346,0.023809523809523836,0.055361305361305346,0.09358288770053474,0.034090909090909116,0.0,-0.018774703557312256,0.0,0.05382775119617228,0.0558968058968059,0.0,0.05382775119617228,0.036363636363636376,0.04318181818181821,0.008456659619450246,-0.007575757575757569,0.008985200845665953,0.046620046620046596,0.01057082452431285
-0.04506892895015907,0.020012507817385894,-0.0622729631551634,-0.019955654101995512,-0.008130081300812997,0.020012507817385894,0.0,-0.010452961672473837,-0.03159645232815966,1.0,0.03001876172607887,0.008536585365853666,0.04720692368214008,0.0,0.0,-0.03976670201484617,-0.015882019285309135,-0.06769537083125932,-0.02818428184281846,0.03691496374423203,-0.04506892895015907,-0.006387921022067311,0.008536585365853666,-0.034464475079533374,-0.10097560975609754,-0.02161862527716185,0.0,-0.0311364815775817,0.009756097560975674,0.03344947735191639,-0.006387921022067311,0.040650406504065095,0.0,0.01375859912445282,-0.012478729438457181,0.0,-0.036856368563685626,0.012195121951219579,0.02503209242618748,0.008536585365853666,0.07154471544715449,-0.012478729438457181,-0.016629711751662946,0.0211810012836971,0.016260162601625994,-0.03912601626016257,0.0,0.0,0.026957637997432615,0.02636783124588002,0.012507817385866177,0.04742547425474258,-0.005807200929152129,0.012507817385866177,-0.018150879183210455,-0.024957458876914362,-0.008710801393728151,0.03427818061964405,-0.02836074872376637,-0.08718214841722882,0.009146341463414698,0.021094264996704026,0.02636783124588002,0.0,0.02503209242618748,0.026957637997432615,-0.008710801393728151,-0.03976670201484617,-0.10569105691056913,-0.029933481152993324,0.0,0.0,0.020012507817385894,-0.05037115588547192,0.0,-0.11866791744840521,0.02900461437046803,0.009756097560975674,-0.01134429948950652,-0.02494456762749442,-0.008130081300812997,0.015009380863039434,-0.007549361207897787,0.01375859912445282,0.07030129124820661,0.006097560975609789,-0.02494456762749442,-0.03181336161187698,-0.02494456762749442,0.01732991014120669,0.010547132498352013,-0.023281596452328135,0.01925545571245188,0.008536585365853666,0.005487804878048785,-0.012478729438457181,-0.03035230352303525,-0.012478729438457181,0.01876172607879928,-0.015882019285309135
-0.07023411371237454,0.0,-0.0654664484451718,-0.03496503496503495,-0.02930402930402931,0.0,-0.01751094434021261,-0.021978021978021955,-0.040792540792540743,-0.03001876172607887,1.0,-0.011538461538461497,0.05293631100082713,-0.015009380863039434,-0.01375859912445282,-0.06243032329988851,-0.035778175313059046,-0.10989010989010983,-0.04444444444444445,0.02079002079002079,-0.07023411371237454,-0.02930402930402931,-0.010897435897435859,-0.05072463768115937,-0.14102564102564097,-0.037878787878787845,-0.01375859912445282,-0.03927986906710307,-0.008974358974358942,0.03516483516483515,-0.016483516483516453,0.03632478632478636,-0.01876172607879928,0.0,-0.031007751937984496,-0.01375859912445282,-0.03760683760683764,-0.008333333333333304,0.007422402159244279,-0.008974358974358942,0.07692307692307693,-0.035778175313059046,-0.040792540792540743,0.004723346828610003,0.0,-0.05769230769230771,-0.01751094434021261,-0.020012507817385894,0.008771929824561486,0.01524601524601521,0.0,0.021367521367521403,-0.021978021978021955,0.0,-0.031007751937984496,-0.042933810375670844,-0.021978021978021955,0.013860013860013842,-0.05008944543828264,-0.09601745771958536,-0.008333333333333304,0.012474012474012475,0.01524601524601521,-0.015009380863039434,0.007422402159244279,0.008771929824561486,-0.02747252747252743,-0.05072463768115937,-0.16381766381766383,-0.04953379953379955,-0.02126328955597251,-0.01751094434021261,0.0,-0.058528428093645446,-0.008755472170106304,-0.14743589743589747,0.013860013860013842,-0.009615384615384581,-0.02623732856291,-0.037878787878787845,-0.02930402930402931,0.0,-0.021978021978021955,0.0,0.04147812971342385,-0.007051282051282026,-0.026223776223776196,-0.031215161649944256,-0.05244755244755239,0.008097165991902855,0.012474012474012475,-0.0437062937062937,0.0040485829959514275,-0.010897435897435859,-0.00512820512820511,-0.023852116875372698,-0.04444444444444445,-0.021466905187835422,0.0,-0.031007751937984496
-0.02934782608695652,0.008333333333333304,-0.05957446808510641,-0.025000000000000022,-0.01428571428571429,0.009615384615384581,-0.00792682926829269,-0.015476190476190477,-0.025000000000000022,-0.008536585365853666,0.011538461538461497,1.0,0.14516129032258063,-0.014024390243902563,-0.014024390243902563,-0.048913043478260865,-0.04011627906976756,-0.09642857142857142,-0.0722222222222223,0.028378378378378366,-0.07500000000000007,-0.01428571428571429,0.0,-0.07173913043478264,-0.08500000000000008,-0.054545454545454564,-0.009146341463414698,-0.04840425531914894,0.0,0.042857142857142816,-0.010714285714285704,0.01944444444444446,-0.004878048780487837,0.014743589743589691,-0.02790697674418613,-0.009146341463414698,-0.03611111111111115,0.0,0.00394736842105263,0.0,0.07500000000000001,-0.029651162790697738,-0.027272727272727282,0.00789473684210526,0.007692307692307665,-0.033333333333333354,-0.006707317073170793,-0.006707317073170793,0.014473684210526305,0.022297297297297236,0.0064102564102563875,0.01944444444444446,-0.01785714285714285,0.007051282051282026,-0.03139534883720935,-0.01744186046511631,-0.01785714285714285,0.01621621621621619,-0.026162790697674465,-0.07074468085106378,0.0,0.04459459459459447,0.04054054054054046,-0.015243902439024404,0.02894736842105261,0.02894736842105261,-0.01785714285714285,-0.09456521739130441,-0.20092592592592595,-0.03863636363636369,-0.013414634146341586,-0.011585365853658547,0.011538461538461497,-0.03913043478260875,-0.014024390243902563,-0.13846153846153858,0.03648648648648645,0.0,-0.008720930232558155,-0.022727272727272735,-0.022619047619047594,0.007692307692307665,-0.010714285714285704,0.008333333333333304,0.057352941176470607,0.0,-0.022727272727272735,-0.04565217391304349,-0.034090909090909116,0.01052631578947369,0.02635135135135136,-0.0318181818181818,0.011842105263157904,0.0,0.0,-0.019186046511627974,-0.03611111111111115,-0.026162790697674465,0.01025641025641022,-0.019186046511627974
-0.0946704067321178,-0.08602150537634412,-0.15374056280027454,-0.11436950146627567,-0.13517665130568357,-0.05955334987593053,-0.03933910306845005,-0.07603686635944698,-0.10483870967741937,-0.04720692368214008,-0.05293631100082713,-0.14516129032258063,1.0,-0.1652242328874901,-0.1652242328874901,-0.12622720897615713,-0.1620405101275319,-0.17774851876234365,-0.210752688172043,-0.10462074978204017,-0.22089761570827487,-0.12672811059907835,-0.1524193548387096,-0.1998597475455821,-0.07354838709677422,-0.11436950146627567,-0.10228166797797011,-0.1976664378860672,-0.1088709677419355,-0.05529953917050695,-0.03379416282642089,-0.017921146953405007,-0.055074744295830064,-0.11248966087675771,-0.1530382595648913,-0.08654602675059014,-0.14050179211469538,-0.03629032258064516,-0.023769100169779275,-0.05080645161290323,0.0075268817204301175,-0.09902475618904732,-0.12390029325513197,-0.02971137521222411,-0.07940446650124072,-0.12567204301075272,-0.12588512981904015,-0.11014948859166013,-0.05348047538200337,-0.057541412380122114,-0.06617038875103393,-0.044802867383512524,-0.12672811059907835,-0.10587262200165426,-0.13503375843960996,-0.09902475618904732,-0.10138248847926268,-0.03661726242371405,-0.08102025506376595,-0.14275909402882636,-0.13790322580645165,-0.11508282476024423,-0.10985178727114209,-0.1730920535011803,-0.1366723259762309,-0.1307300509337861,-0.11827956989247312,-0.1998597475455821,-0.32974910394265244,-0.10483870967741937,-0.1888276947285603,-0.13375295043273022,-0.11248966087675771,-0.10518934081346423,-0.12588512981904015,-0.13027295285359802,-0.08892763731473419,-0.13064516129032255,-0.06301575393848463,-0.047653958944281524,-0.14362519201228885,-0.07278742762613732,-0.1098310291858679,-0.11910669975186106,-0.031309297912713474,-0.1088709677419355,-0.09530791788856305,-0.16830294530154277,-0.14296187683284461,-0.04753820033955855,-0.06800348735832606,-0.057184750733137835,-0.05942275042444822,-0.05080645161290323,-0.07258064516129031,-0.09002250562640662,-0.13046594982078857,-0.1710427606901726,-0.07940446650124072,-0.09002250562640662
-0.018557794273594913,0.020012507817385894,-0.05915931499740523,-0.014966740576496662,-0.006968641114982521,0.01751094434021261,0.0,-0.008130081300812997,-0.023281596452328135,0.0,0.015009380863039434,0.014024390243902563,0.1652242328874901,1.0,0.0,-0.04241781548250262,-0.027226318774815628,-0.08362369337979092,-0.06937669376693767,0.03955174686882007,-0.0715800636267232,-0.009291521486643417,0.013414634146341586,-0.06362672322375396,-0.04390243902439023,-0.029933481152993324,0.0,-0.052932018681888904,0.012195121951219579,0.050174216027874585,-0.0046457607433217085,0.030487804878048808,0.0,0.026266416510318913,-0.02155416903006241,0.0,-0.03035230352303525,0.004268292682926833,0.00962772785622594,0.005487804878048785,0.0804878048780488,-0.012478729438457181,-0.02161862527716185,0.015404364569961526,0.01751094434021261,-0.03201219512195122,0.0,0.0,0.01925545571245188,0.03164139749505607,0.01375859912445282,0.04403794037940384,-0.012195121951219523,0.015009380863039434,-0.02382302892796373,-0.01134429948950652,-0.007549361207897787,0.03427818061964405,-0.01134429948950652,-0.04047742605085625,0.013414634146341586,0.06328279499011213,0.0685563612392881,0.0,0.0423620025673942,0.048138639281129714,-0.006387921022067311,-0.060975609756097504,-0.1585365853658537,-0.026607538802660702,0.0,0.0,0.025015634771732354,-0.03181336161187698,0.0,-0.0928705440900563,0.044825313117996035,0.013414634146341586,-0.009075439591605228,-0.02161862527716185,-0.012775842044134622,0.012507817385866177,-0.006387921022067311,0.015009380863039434,0.0652797704447633,0.009756097560975674,-0.016629711751662946,-0.05302226935312826,-0.023281596452328135,0.015404364569961526,0.03164139749505607,-0.019955654101995512,0.015404364569961526,0.004878048780487837,0.006707317073170793,-0.01134429948950652,-0.02384823848238482,-0.020419739081111776,0.01375859912445282,-0.010209869540555888
-0.02651113467656413,0.020012507817385894,-0.05604566683964707,-0.023281596452328135,-0.008130081300812997,0.016260162601625994,0.0,-0.007549361207897787,-0.026607538802660702,0.0,0.01375859912445282,0.014024390243902563,0.1652242328874901,0.0,1.0,-0.05567338282078477,-0.027226318774815628,-0.07565953210552512,-0.05853658536585371,0.04746209624258402,-0.08218451749734879,-0.009872241579558627,0.015243902439024404,-0.06362672322375396,-0.03951219512195123,-0.034922394678492286,0.0,-0.06850025947067973,0.013414634146341586,0.058536585365853655,-0.005226480836236919,0.02371273712737129,0.0,0.026266416510318913,-0.024957458876914362,0.0,-0.039024390243902474,0.0030487804878048946,0.013478818998716308,0.006707317073170793,0.0804878048780488,-0.01134429948950652,-0.01829268292682923,0.01925545571245188,0.015009380863039434,-0.03912601626016257,0.0,0.0,0.01732991014120669,0.03164139749505607,0.016260162601625994,0.04403794037940384,-0.013356562137049832,0.016260162601625994,-0.024957458876914362,-0.014747589336358502,-0.009872241579558627,0.02900461437046803,-0.017016449234259767,-0.04359107420861441,0.0128048780487805,0.05273566249176004,0.06328279499011213,0.0,0.048138639281129714,0.061617458279846105,-0.008130081300812997,-0.05567338282078477,-0.16440831074977424,-0.034922394678492286,0.0,0.0,0.03252032520325199,-0.04772004241781547,0.0,-0.09803001876172607,0.05800922874093606,0.01585365853658538,-0.007941009642654567,-0.01829268292682923,-0.012195121951219523,0.01375859912445282,-0.006968641114982521,0.020012507817385894,0.07532281205164998,0.012195121951219579,-0.026607538802660702,-0.06627783669141041,-0.026607538802660702,0.015404364569961526,0.044825313117996035,-0.019955654101995512,0.0211810012836971,0.005487804878048785,0.00792682926829269,-0.015882019285309135,-0.02818428184281846,-0.026091888825864995,0.016260162601625994,-0.012478729438457181
0.0,0.10144927536231874,-0.012488436632747457,0.02667984189723316,0.041407867494824,0.0741360089186176,0.05567338282078477,0.041407867494824,0.02075098814229248,0.03976670201484617,0.06243032329988851,0.048913043478260865,0.12622720897615713,0.04241781548250262,0.05567338282078477,1.0,0.03640040444893833,-0.037267080745341574,0.009178743961352653,0.11633372502937711,0.0,0.041407867494824,0.06521739130434784,0.0,-0.027826086956521723,0.018774703557312256,0.034464475079533374,-0.008325624421831601,0.07173913043478264,0.06832298136645962,0.031055900621118016,0.11473429951690828,0.05832449628844105,0.07023411371237454,0.02881698685540951,0.03976670201484617,0.008695652173912993,0.04565217391304349,0.04576659038901601,0.061956521739130466,0.0927536231884058,0.015166835187057609,0.013833992094861691,0.03203661327231122,0.058528428093645446,-0.013586956521739135,0.037115588547189826,0.034464475079533374,0.036613272311212836,0.042303172737955336,0.07803790412486061,0.13285024154589375,0.06418219461697727,0.08974358974358976,0.03336703741152669,0.030333670374115218,0.04554865424430643,0.09518213866039948,0.02881698685540951,-0.006938020351526353,0.05543478260869572,0.0898942420681551,0.09518213866039948,0.04506892895015907,0.08237986270022885,0.08237986270022885,0.043478260869565244,0.0,-0.09017713365539459,0.02371541501976293,0.060975609756097504,0.05832449628844105,0.08974358974358976,0.0,0.05567338282078477,-0.05016722408026758,0.11633372502937711,0.05217391304347829,0.02123356926188069,0.01679841897233203,0.03933747412008287,0.042920847268673346,0.0331262939958592,0.08193979933110368,0.13810741687979544,0.05869565217391304,0.013833992094861691,0.0,0.017786561264822143,0.027459954233409634,0.0898942420681551,0.014822134387351749,0.07322654462242567,0.02934782608695652,0.048913043478260865,0.018200202224469164,0.006280193236714915,0.02730030333670369,0.05072463768115937,0.015166835187057609
-0.018200202224469164,0.047704233750745395,-0.04354280059376536,-0.007399577167019,0.009966777408637939,0.04531902206320809,0.019285309132161088,0.010520487264673362,-0.011099365750528556,0.015882019285309135,0.035778175313059046,0.04011627906976756,0.1620405101275319,0.027226318774815628,0.027226318774815628,-0.03640040444893833,1.0,-0.07119126720455615,-0.03204134366925071,0.06033940917661851,-0.04398382204246709,0.008305647840531616,0.033139534883720956,-0.03488372093023251,-0.045581395348837206,-0.012684989429175397,0.017016449234259767,-0.031667491340920284,0.041860465116279166,0.04252491694352162,0.0049833887043189695,0.0452196382428941,0.017016449234259767,0.047704233750745395,0.0,0.02155416903006241,-0.020671834625323016,0.01744186046511631,0.012239902080783377,0.015697674418604673,0.08062015503875972,0.0,-0.005813953488372048,0.024479804161566754,0.028622540250447248,-0.021802325581395332,0.010209869540555888,0.012478729438457181,0.0305997552019584,0.03771213073538654,0.031007751937984496,0.06330749354005172,0.011627906976744207,0.035778175313059046,0.0,0.0,0.007751937984496138,0.0678818353236958,0.0,-0.031667491340920284,0.033139534883720956,0.07919547454431175,0.08296668761785042,0.02836074872376637,0.07037943696450433,0.06425948592411268,0.007198228128460715,-0.04701718907987862,-0.13738156761412568,-0.011627906976744096,0.02836074872376637,0.02155416903006241,0.042933810375670844,-0.019716885743174872,0.027226318774815628,-0.0805008944543828,0.10182275298554366,0.026162790697674465,0.0,-0.0036997885835095,0.011627906976744207,0.023852116875372698,0.00609080841638987,0.03816338700059635,0.1231190150478797,0.0244186046511628,-0.008456659619450246,-0.025783619817997983,-0.009513742071881548,0.012239902080783377,0.04148334380892521,-0.005813953488372048,0.027539779681762577,0.013953488372093065,0.019186046511627974,0.0,-0.00826873385012919,0.0,0.028622540250447248,0.0
0.02395740905057675,0.10465724751439032,0.019973947025618777,0.044063079777365455,0.06122448979591838,0.0994243851386708,0.09158785465405667,0.07823129251700683,0.05333951762523187,0.06769537083125932,0.10989010989010983,0.09642857142857142,0.17774851876234365,0.08362369337979092,0.07565953210552512,0.037267080745341574,0.07119126720455615,1.0,0.048979591836734615,0.14561500275785982,0.033274179236912116,0.0680272108843537,0.09183673469387754,0.026619343389529704,-0.006938775510204109,0.05797773654916516,0.023892483822797392,0.011289622231871466,0.10561224489795923,0.07346938775510203,0.044217687074829926,0.11054421768707484,0.05973120955699346,0.15175300889586596,0.045562411010915904,0.08760577401692377,0.03083900226757369,0.06887755102040816,0.041353383458646614,0.050510204081632676,0.18095238095238098,0.04841006169909823,0.04638218923933207,0.02953813104189043,0.0994243851386708,0.0029761904761904656,0.05973120955699346,0.06371329019412636,0.09452201933404941,0.09266409266409265,0.07326007326007322,0.13265306122448983,0.07823129251700683,0.0994243851386708,0.05980066445182719,0.05695301376364492,0.0680272108843537,0.11252068394925535,0.04841006169909823,0.01563178462874515,0.09642857142857142,0.09928295642581353,0.11252068394925535,0.06769537083125932,0.1004296455424275,0.08861439312567132,0.0714285714285714,0.030612244897959162,-0.06613756613756616,0.07653061224489788,0.09556993529118957,0.09158785465405667,0.0994243851386708,0.01996450754214729,0.06769537083125932,-0.027080062794348547,0.13899613899613894,0.0596938775510204,0.03986710963455148,0.03710575139146566,0.06462585034013607,0.08372579801151225,0.06462585034013607,0.08372579801151225,0.07202881152460983,0.050510204081632676,0.039424860853432275,0.015971606033717806,0.06493506493506496,0.041353383458646614,0.08604522890237176,0.04174397031539889,0.0531686358754028,0.0596938775510204,0.0596938775510204,0.01993355481727574,0.012698412698412681,0.03701945894636921,0.10989010989010983,0.04271476032273369
-0.002898550724637683,0.05470085470085473,-0.01891252955082734,0.005555555555555591,0.020634920634920673,0.058119658119658135,0.034688346883468835,0.030158730158730218,0.010101010101010166,0.02818428184281846,0.04444444444444445,0.0722222222222223,0.210752688172043,0.06937669376693767,0.05853658536585371,-0.009178743961352653,0.03204134366925071,-0.048979591836734615,1.0,0.09129129129129132,-0.01449275362318836,0.020634920634920673,0.05277777777777781,-0.012077294685990392,-0.033333333333333326,0.011111111111111183,0.039024390243902474,-0.015130023640661905,0.06666666666666676,0.05079365079365081,0.01746031746031751,0.033333333333333354,0.019512195121951237,0.07863247863247869,0.019638242894056857,0.045528455284552904,0.0,0.022222222222222254,0.016374269005847972,0.01944444444444446,0.11111111111111113,0.012403100775193798,0.006565656565656608,0.036842105263157926,0.051282051282051266,-0.006944444444444434,0.02168021680216803,0.02384823848238482,0.0491228070175439,0.06246246246246251,0.034188034188034205,0.0722222222222223,0.0317460317460318,0.04444444444444445,0.02273901808785528,0.012403100775193798,0.023809523809523836,0.08168168168168166,0.013436692506459957,-0.014184397163120532,0.063888888888889,0.11531531531531536,0.12012012012012008,0.05853658536585371,0.10643274853801188,0.09415204678362576,0.020634920634920673,-0.014975845410627908,-0.1148148148148147,0.0121212121212122,0.04986449864498643,0.04336043360433606,0.07179487179487182,-0.00724637681159418,0.04769647696476964,-0.06880341880341878,0.11051051051051053,0.058333333333333404,0.00826873385012919,0.006565656565656608,0.03492063492063502,0.04444444444444445,0.01746031746031751,0.051282051282051266,0.11503267973856213,0.03611111111111115,0.007575757575757569,-0.010144927536231862,0.009595959595959602,0.028654970760233933,0.06726726726726728,0.008585858585858586,0.032748538011695943,0.030555555555555614,0.030555555555555614,0.01136950904392764,0.0,0.01550387596899222,0.04786324786324786,0.01136950904392764
-0.0898942420681551,-0.023562023562023526,-0.10350776308223109,-0.08599508599508593,-0.0611325611325611,-0.01524601524601521,-0.03955174686882007,-0.03217503217503215,-0.06879606879606875,-0.03691496374423203,-0.02079002079002079,-0.028378378378378366,0.10462074978204017,-0.03955174686882007,-0.04746209624258402,-0.11633372502937711,-0.06033940917661851,-0.14561500275785982,-0.09129129129129132,1.0,-0.1269095182138661,-0.06756756756756754,-0.04459459459459447,-0.07931844888366624,-0.09135135135135136,-0.04729729729729726,-0.03691496374423203,-0.11500862564692343,-0.034459459459459385,0.02007722007722007,-0.03217503217503215,0.009009009009009028,-0.04218852999340805,-0.029106029106029108,-0.06411062225015712,-0.03164139749505607,-0.0960960960960961,-0.022297297297297236,-0.0056899004267425,-0.024324324324324298,0.05675675675675679,-0.0339409176618479,-0.07309582309582308,-0.0056899004267425,-0.02494802494802495,-0.0681306306306306,-0.05273566249176004,-0.04746209624258402,-0.007112375533428139,0.0,-0.018018018018018056,0.012012012012012074,-0.0611325611325611,-0.026334026334026372,-0.06411062225015712,-0.07542426147077308,-0.04826254826254822,0.0,-0.04902576995600255,-0.08625646923519259,-0.024324324324324298,0.0,0.0,-0.044825313117996035,-0.014224751066856278,-0.014224751066856278,-0.0643500643500643,-0.07403055229142186,-0.22972972972972971,-0.07309582309582308,-0.06591957811470006,-0.05800922874093606,-0.029106029106029108,-0.08460634547591067,-0.03427818061964405,-0.12474012474012475,0.0,-0.034459459459459385,-0.05279698302954117,-0.03439803439803438,-0.05469755469755466,-0.019404019404019424,-0.05469755469755466,-0.03187803187803184,0.028616852146263916,-0.034459459459459385,-0.06019656019656017,-0.07931844888366624,-0.0902948402948403,-0.00640113798008532,0.0,-0.042997542997542965,-0.007112375533428139,-0.024324324324324298,-0.02635135135135136,-0.0339409176618479,-0.05765765765765768,-0.07542426147077308,-0.02217602217602216,-0.05279698302954117
