0,1,2,3,4,5,6,7,8,9,10,11,12,13,14,15,16,17,18,19,20,21,22,23,24,25,26,27,28,29,30,31,32,33,34,35,36,37,38,39,40,41,42,43,44,45,46,47,48,49,50,51,52,53,54,55,56,57,58,59,60,61,62,63,64,65,66,67,68,69,70,71,72,73,74,75,76,77,78,79,80,81,82,83,84,85,86,87,88,89,90,91,92,93,94,95,96,97,98,99
1.0,0.09183673469387754,0.045562411010915904,0.04841006169909823,0.18800247371675938,0.09642857142857142,0.02721088435374147,0.04271476032273369,0.08372579801151225,0.05442176870748294,0.03986710963455148,0.04380288700846188,0.04591836734693877,0.025510204081632654,0.017302573203194338,0.13899613899613894,0.09452201933404941,0.07964161274265796,0.05510204081632655,0.08372579801151225,0.025510204081632654,0.05102040816326531,0.026619343389529704,0.010421189752496757,0.010421189752496757,0.025510204081632654,0.045562411010915904,0.039424860853432275,0.03417180825818697,-0.007346938775510237,0.05442176870748294,0.06834361651637394,0.048979591836734615,0.036281179138321906,0.0596938775510204,0.06462585034013607,0.05102040816326531,0.038095238095238015,0.0,0.039424860853432275,0.012158054711246202,0.06769537083125932,0.07806122448979597,0.05176704828272771,0.026619343389529704,0.013026487190620939,0.04638218923933207,0.030612244897959162,0.039909297052154125,0.09419152276295129,0.07823129251700683,0.07565953210552512,0.05410536307546271,0.08265306122448979,0.06428571428571428,0.05782312925170069,0.05442176870748294,0.06279434850863422,0.05956977385548812,0.04081632653061226,0.0313241575700047,0.019954648526077062,0.03701945894636921,0.06279434850863422,0.025396825396825362,0.01563178462874515,0.03083900226757369,0.07679914070891519,0.022626441881100245,0.03446712018140585,0.02176870748299317,0.022626441881100245,0.03014842300556586,0.027874564459930307,0.014640638864241357,0.0,0.03701945894636921,0.014640638864241357,0.039424860853432275,0.08760577401692377,0.008684324793747283,0.047619047619047616,0.0313241575700047,0.07849293563579274,0.04591836734693877,0.047619047619047616,0.03083900226757369,0.050510204081632676,0.11913954771097623,0.047784967645594784,0.04841006169909823,0.027950310559006153,0.0051020408163265085,0.04841006169909823,0.0063775510204081565,0.023582766439909253,0.04380288700846188,0.03265306122448974,0.1252834467120182,0.03083900226757369
-0.09183673469387754,1.0,-0.04709302325581399,-0.04709302325581399,0.1431818181818182,0.0,-0.047222222222222276,-0.041860465116279166,0.014743589743589691,-0.013095238095238104,-0.013953488372093065,-0.0036585365853658847,0.0,-0.018181818181818188,-0.042391304347826064,0.05067567567567566,0.011842105263157904,-0.015243902439024404,0.0,0.012179487179487136,-0.027272727272727282,-0.01428571428571429,-0.042391304347826064,-0.07446808510638298,-0.05585106382978722,-0.0318181818181818,-0.02790697674418613,-0.025000000000000022,-0.015697674418604673,-0.09500000000000003,-0.01904761904761909,-0.020930232558139583,-0.063888888888889,-0.041666666666666685,0.0,-0.01904761904761909,-0.015476190476190477,-0.030555555555555614,-0.06428571428571428,-0.04545454545454547,-0.04840425531914894,-0.0036585365853658847,0.0,-0.0036585365853658847,-0.048913043478260865,-0.04840425531914894,-0.040909090909090895,-0.04565217391304349,-0.055555555555555636,0.008974358974358942,-0.01428571428571429,-0.018292682926829396,-0.045348837209302384,0.0,0.0,-0.021428571428571408,-0.030952380952380953,0.014743589743589691,0.02027027027027023,-0.009523809523809545,-0.013953488372093065,-0.013888888888888909,-0.015697674418604673,0.00512820512820511,-0.04444444444444451,-0.04840425531914894,-0.055555555555555636,0.01578947368421052,-0.06521739130434784,-0.055555555555555636,-0.041666666666666685,-0.03913043478260875,-0.0318181818181818,-0.009756097560975674,-0.042391304347826064,-0.05510204081632655,-0.022674418604651192,-0.048913043478260865,-0.03863636363636369,-0.009146341463414698,-0.018617021276595744,-0.007142857142857145,-0.008720930232558155,0.005769230769230749,0.0,-0.004761904761904773,-0.030555555555555614,0.0,0.024324324324324298,-0.006097560975609789,-0.022674418604651192,-0.05217391304347829,-0.07916666666666666,-0.013953488372093065,-0.033333333333333354,-0.01666666666666669,-0.004268292682926833,-0.025000000000000022,0.03611111111111115,-0.022222222222222254
-0.045562411010915904,0.04709302325581399,1.0,0.0,0.11275546159267097,0.059302325581395476,-0.021705426356589175,0.0,0.06440071556350624,0.008859357696567038,0.0,0.013613159387407814,0.022674418604651192,-0.009513742071881548,-0.030333670374115218,0.07919547454431175,0.0305997552019584,0.02836074872376637,0.029651162790697738,0.04531902206320809,-0.010042283298097254,0.007751937984496138,-0.03185035389282104,-0.029688273132112752,-0.04354280059376536,-0.009513742071881548,0.0,-0.0068710359408033495,0.0,-0.07488372093023254,0.007198228128460715,0.0,-0.01757105943152454,-0.018604651162790697,0.022674418604651192,0.011627906976744207,0.00609080841638987,-0.012403100775193798,-0.045562411010915904,-0.011099365750528556,-0.029688273132112752,0.010209869540555888,0.020930232558139583,0.009075439591605228,-0.015166835187057609,-0.031667491340920284,-0.009513742071881548,-0.02881698685540951,-0.026873385012919915,0.035778175313059046,0.0049833887043189695,0.030629608621667637,0.0,0.026162790697674465,0.05058139534883732,0.015503875968992276,0.012735326688815163,0.05008944543828264,0.06033940917661851,0.007751937984496138,0.0,-0.014470284237726116,0.0,0.028622540250447248,-0.01653746770025838,-0.03562592775853529,-0.02273901808785528,0.04895960832313351,-0.03185035389282104,-0.019638242894056857,-0.020671834625323016,-0.024266936299292163,-0.009513742071881548,0.020419739081111776,-0.0227502527805864,-0.05125771238728044,0.0,-0.03185035389282104,-0.0068710359408033495,0.01134429948950652,-0.02177140029688268,0.003875968992248069,0.0,0.023852116875372698,0.01744186046511631,0.005537098560354392,-0.013436692506459957,0.020930232558139583,0.06033940917661851,0.013613159387407814,0.0,-0.018200202224469164,-0.043604651162790664,0.0,-0.036337209302325535,-0.007235142118863058,0.012478729438457181,-0.014470284237726116,0.09496124031007758,-0.01136950904392764
-0.04841006169909823,0.04709302325581399,0.0,1.0,0.1268498942917548,0.026162790697674465,-0.018604651162790697,0.0,0.0405485986881336,0.007198228128460715,0.0,0.01134429948950652,0.019186046511627974,-0.006342494714587699,-0.024266936299292163,0.08296668761785042,0.03977968176254598,0.02155416903006241,0.026162790697674465,0.031007751937984496,-0.0068710359408033495,0.00609080841638987,-0.018200202224469164,-0.03760514596734282,-0.027709054923305276,-0.007399577167019,0.0,-0.004228329809725123,0.0,-0.045581395348837206,0.009413067552602461,0.0,-0.020671834625323016,-0.009302325581395349,0.020930232558139583,0.007751937984496138,0.007198228128460715,-0.01653746770025838,-0.04271476032273369,-0.007399577167019,-0.015833745670460142,0.012478729438457181,0.022674418604651192,0.004537719795802614,-0.02881698685540951,-0.019792182088075178,-0.0068710359408033495,-0.015166835187057609,-0.013436692506459957,0.023852116875372698,0.007751937984496138,0.026091888825864995,0.0,0.05232558139534893,0.033139534883720956,0.006644518272425293,0.013289036544850585,0.05485986881335725,0.02262727844123194,0.005537098560354392,0.0,-0.010335917312661508,0.0,0.03339296362552174,-0.019638242894056857,-0.029688273132112752,-0.013436692506459957,0.03365973072215428,-0.024266936299292163,-0.019638242894056857,-0.01550387596899222,-0.013650151668351845,-0.0068710359408033495,0.015882019285309135,-0.019716885743174872,-0.045562411010915904,0.0,-0.0227502527805864,-0.008985200845665953,0.017016449234259767,-0.02177140029688268,0.007198228128460715,0.0,0.02623732856291,0.0244186046511628,0.006644518272425293,-0.013436692506459957,0.0122093023255814,0.04525455688246388,0.01134429948950652,0.0,-0.024266936299292163,-0.04118217054263562,0.0,-0.03391472868217055,-0.005167958656330754,0.010209869540555888,-0.009302325581395349,0.040697674418604696,-0.007235142118863058
-0.18800247371675938,-0.1431818181818182,-0.11275546159267097,-0.1268498942917548,1.0,-0.07954545454545453,-0.08080808080808086,-0.11275546159267097,-0.06993006993006995,-0.051948051948051965,-0.056377730796335485,-0.041389504804138944,-0.02651515151515152,-0.030303030303030304,-0.09420289855072461,-0.05569205569205571,-0.02392344497607654,-0.11234294161123426,-0.0318181818181818,-0.07925407925407923,-0.07575757575757577,-0.038961038961038946,-0.08563899868247696,-0.13539651837524175,-0.0541586073500967,-0.06818181818181818,-0.09161381254404516,-0.05303030303030301,-0.04228329809725159,-0.14424242424242423,-0.07792207792207789,-0.04933051444679351,-0.13737373737373737,-0.0888888888888889,-0.04772727272727273,-0.07792207792207789,-0.0714285714285714,-0.04848484848484849,-0.10884353741496597,-0.10606060606060602,-0.1173436492585429,-0.011825572801182564,-0.05303030303030304,-0.029563932002956414,-0.11989459815546771,-0.09929078014184395,-0.10606060606060602,-0.11989459815546771,-0.12929292929292935,-0.06993006993006995,-0.051948051948051965,-0.13008130081300817,-0.15503875968992253,-0.12196969696969695,-0.10606060606060608,-0.0714285714285714,-0.13636363636363635,-0.07925407925407923,-0.03276003276003281,-0.038961038961038946,-0.04228329809725159,-0.024242424242424246,-0.035236081747709674,-0.023310023310023326,-0.12929292929292935,-0.09929078014184395,-0.13737373737373737,-0.03189792663476873,-0.13702239789196313,-0.13737373737373737,-0.08080808080808086,-0.10276679841897235,-0.06818181818181818,-0.053215077605321515,-0.08563899868247696,-0.07915893630179344,-0.0634249471458774,-0.07707509881422925,-0.11363636363636365,-0.06504065040650409,-0.018052869116698907,-0.05844155844155843,-0.028188865398167742,-0.03729603729603731,-0.03712121212121211,-0.006493506493506496,-0.0888888888888889,-0.0053030303030303025,-0.03276003276003281,-0.053215077605321515,-0.08456659619450319,-0.11989459815546771,-0.14204545454545453,-0.035236081747709674,-0.08522727272727273,-0.04040404040404043,-0.02365114560236513,-0.08080808080808086,-0.02525252525252525,-0.07272727272727275
-0.09642857142857142,0.0,-0.059302325581395476,-0.026162790697674465,0.07954545454545453,1.0,-0.06111111111111123,-0.03662790697674423,0.019230769230769162,-0.016666666666666663,-0.02790697674418613,-0.004878048780487837,0.0,-0.0318181818181818,-0.04565217391304349,0.04256756756756752,0.01052631578947369,-0.014024390243902563,0.0,0.011538461538461497,-0.02954545454545454,-0.013095238095238104,-0.05543478260869572,-0.044680851063829796,-0.07446808510638298,-0.036363636363636376,-0.019186046511627974,-0.027272727272727282,-0.022674418604651192,-0.09500000000000003,-0.01428571428571429,-0.01744186046511631,-0.04444444444444451,-0.041666666666666685,0.0,-0.025000000000000022,-0.015476190476190477,-0.03611111111111115,-0.07346938775510203,-0.040909090909090895,-0.044680851063829796,-0.005487804878048785,0.0,-0.005487804878048785,-0.03586956521739132,-0.04840425531914894,-0.040909090909090895,-0.05869565217391304,-0.07777777777777783,0.008974358974358942,-0.01428571428571429,-0.014024390243902563,-0.03488372093023262,0.0,0.0,-0.0357142857142857,-0.022619047619047594,0.012820512820512775,0.024324324324324298,-0.015476190476190477,-0.020930232558139583,-0.041666666666666685,-0.022674418604651192,0.004487179487179471,-0.027777777777777818,-0.04840425531914894,-0.058333333333333404,0.01578947368421052,-0.05543478260869572,-0.047222222222222276,-0.03888888888888892,-0.04565217391304349,-0.0318181818181818,-0.008536585365853666,-0.03260869565217392,-0.07346938775510203,-0.026162790697674465,-0.05869565217391304,-0.027272727272727282,-0.006097560975609789,-0.029787234042553207,-0.007142857142857145,-0.013953488372093065,0.00512820512820511,0.0,-0.013095238095238104,-0.04444444444444451,0.0,0.03851351351351351,-0.007317073170731769,-0.020930232558139583,-0.048913043478260865,-0.0625,-0.015697674418604673,-0.050000000000000044,-0.027777777777777818,-0.006097560975609789,-0.047222222222222276,0.05833333333333335,-0.03888888888888892
-0.02721088435374147,0.047222222222222276,0.021705426356589175,0.018604651162790697,0.08080808080808086,0.06111111111111123,1.0,0.025839793281653645,0.07863247863247869,0.01746031746031751,0.010335917312661508,0.019512195121951237,0.03333333333333338,0.007070707070707116,-0.010628019323671412,0.09129129129129132,0.04502923976608192,0.04986449864498643,0.04444444444444451,0.07863247863247869,0.010101010101010166,0.0158730158730159,-0.008695652173912993,-0.017021276595744594,-0.01323877068557916,0.005050505050505083,0.01757105943152454,0.008080808080808133,0.023772609819121437,-0.04222222222222222,0.025396825396825418,0.01653746770025838,0.0,0.0,0.03888888888888892,0.0317460317460318,0.0317460317460318,0.0,-0.03265306122448974,0.009595959595959602,-0.017966903073285967,0.017344173441734417,0.03333333333333338,0.02168021680216803,-0.008695652173912993,-0.015130023640661905,0.011111111111111183,-0.008695652173912993,0.0,0.04786324786324786,0.026984126984127,0.039024390243902474,0.018604651162790697,0.03333333333333338,0.06111111111111123,0.028571428571428636,0.03333333333333338,0.08547008547008539,0.02882882882882884,0.01746031746031751,0.014470284237726116,0.0,0.013436692506459957,0.034188034188034205,0.0,-0.01891252955082734,0.0,0.057309941520467866,-0.011594202898550732,0.0,0.0,-0.006763285024154575,0.008585858585858586,0.04336043360433606,-0.00724637681159418,-0.025396825396825362,0.021705426356589175,-0.008695652173912993,0.006565656565656608,0.03252032520325199,-0.011347517730496415,0.022222222222222254,0.01550387596899222,0.03760683760683764,0.03611111111111115,0.023809523809523836,0.0,0.041666666666666685,0.09129129129129132,0.034688346883468835,0.010335917312661508,-0.005314009661835706,-0.02638888888888885,0.01550387596899222,-0.016666666666666663,0.0,0.03252032520325199,0.0,0.08888888888888896,0.0
-0.04271476032273369,0.041860465116279166,0.0,0.0,0.11275546159267097,0.03662790697674423,-0.025839793281653645,1.0,0.059630292188431744,0.006644518272425293,0.0,0.006806579693703907,0.020930232558139583,-0.007928118393234651,-0.02730030333670369,0.07542426147077308,0.03365973072215428,0.024957458876914362,0.026162790697674465,0.042933810375670844,-0.010042283298097254,0.005537098560354392,-0.02123356926188069,-0.039584364176150355,-0.025729836714497745,-0.005813953488372048,0.0,-0.005285412262156425,0.0,-0.04232558139534881,0.009413067552602461,0.0,-0.018604651162790697,-0.01653746770025838,0.019186046511627974,0.009413067552602461,0.007751937984496138,-0.014470284237726116,-0.03701945894636921,-0.007928118393234651,-0.029688273132112752,0.013613159387407814,0.03139534883720935,0.012478729438457181,-0.03336703741152669,-0.025729836714497745,-0.008985200845665953,-0.019716885743174872,-0.01550387596899222,0.02623732856291,0.005537098560354392,0.02382302892796373,0.0,0.03662790697674423,0.03837209302325595,0.009413067552602461,0.017165005537098654,0.06678592725104349,0.01885606536769327,0.005537098560354392,0.0,-0.012403100775193798,0.0,0.02623732856291,-0.019638242894056857,-0.025729836714497745,-0.01653746770025838,0.04589963280293763,-0.02730030333670369,-0.025839793281653645,-0.020671834625323016,-0.016683518705763345,-0.006342494714587699,0.02268859897901304,-0.0227502527805864,-0.04271476032273369,0.0,-0.0227502527805864,-0.007399577167019,0.015882019285309135,-0.025729836714497745,0.008305647840531616,0.0,0.031007751937984496,0.02790697674418613,0.006644518272425293,-0.01550387596899222,0.019186046511627974,0.06411062225015712,0.018150879183210455,0.0,-0.0227502527805864,-0.04118217054263562,0.0,-0.03875968992248058,-0.013436692506459957,0.012478729438457181,-0.010335917312661508,0.0452196382428941,-0.012403100775193798
-0.08372579801151225,-0.014743589743589691,-0.06440071556350624,-0.0405485986881336,0.06993006993006995,-0.019230769230769162,-0.07863247863247869,-0.059630292188431744,1.0,-0.02747252747252743,-0.03816338700059635,-0.007504690431519717,-0.007051282051282026,-0.037878787878787845,-0.054626532887402435,0.027720027720027685,0.0033738191632928516,-0.025015634771732354,-0.008333333333333304,0.0,-0.040792540792540743,-0.018315018315018305,-0.06633221850613158,-0.0654664484451718,-0.07855973813420614,-0.0437062937062937,-0.031007751937984496,-0.03496503496503495,-0.03816338700059635,-0.11282051282051281,-0.025641025641025605,-0.031007751937984496,-0.06153846153846154,-0.05470085470085473,-0.005769230769230749,-0.042124542124542086,-0.032967032967032905,-0.05470085470085473,-0.08895866038723182,-0.05244755244755239,-0.06110201854882702,-0.01375859912445282,-0.007692307692307665,-0.01375859912445282,-0.05072463768115937,-0.05237315875613746,-0.055361305361305346,-0.058528428093645446,-0.07521367521367528,0.0,-0.021978021978021955,-0.022514071294559068,-0.03816338700059635,-0.008974358974358942,-0.017948717948717885,-0.04395604395604391,-0.03479853479853473,0.0,0.018018018018018056,-0.02747252747252743,-0.031007751937984496,-0.05470085470085473,-0.035778175313059046,0.0,-0.041025641025641046,-0.04800872885979268,-0.06495726495726495,0.008771929824561486,-0.07023411371237454,-0.051282051282051266,-0.04444444444444445,-0.03901895206243031,-0.0437062937062937,-0.026266416510318913,-0.054626532887402435,-0.06279434850863422,-0.042933810375670844,-0.08193979933110368,-0.03496503496503495,-0.016260162601625994,-0.04800872885979268,-0.02014652014652013,-0.023852116875372698,0.0,-0.007692307692307665,-0.025641025641025605,-0.07179487179487182,-0.008333333333333304,0.02494802494802495,-0.01876172607879928,-0.023852116875372698,-0.06243032329988851,-0.09615384615384615,-0.028622540250447248,-0.0625,-0.034188034188034205,-0.016260162601625994,-0.04786324786324786,0.03846153846153855,-0.05470085470085473
-0.05442176870748294,0.013095238095238104,-0.008859357696567038,-0.007198228128460715,0.051948051948051965,0.016666666666666663,-0.01746031746031751,-0.006644518272425293,0.02747252747252743,1.0,-0.011074197120708784,0.015098722415795574,0.02619047619047621,-0.02813852813852813,-0.04554865424430643,0.04504504504504503,0.042606516290726815,0.004065040650406498,0.029761904761904767,0.010989010989010978,-0.022727272727272763,0.0,-0.041407867494824,-0.035460992907801414,-0.06079027355623101,-0.024891774891774965,-0.007751937984496138,-0.019480519480519487,-0.01218161683277974,-0.08380952380952383,0.0,-0.008305647840531616,-0.026984126984127,-0.01904761904761909,0.016666666666666663,0.0,0.0,-0.03968253968253965,-0.08163265306122452,-0.019480519480519487,-0.022796352583586615,0.009291521486643417,0.022619047619047594,0.005226480836236919,-0.031055900621118016,-0.04305977710233028,-0.010822510822510817,-0.0331262939958592,-0.01904761904761909,0.012820512820512803,0.0,0.004065040650406498,-0.003875968992248069,0.010714285714285704,0.011904761904761918,0.0,0.0,0.021978021978021955,0.0643500643500643,0.0,-0.01605758582502781,-0.03492063492063502,-0.012735326688815163,0.04029304029304026,-0.023809523809523836,-0.05825734549138806,-0.014285714285714318,0.05513784461152882,-0.031055900621118016,-0.012698412698412709,-0.025396825396825418,-0.035196687370600444,-0.020562770562770616,0.005226480836236919,-0.04554865424430643,-0.08503401360544216,-0.011627906976744207,-0.041407867494824,-0.012987012987012991,0.007549361207897787,-0.03292806484295846,0.0,-0.008305647840531616,0.031135531135531136,0.015476190476190477,0.0,-0.020634920634920673,0.021428571428571408,0.019305019305019294,0.0046457607433217085,-0.003875968992248069,-0.035196687370600444,-0.0535714285714286,-0.008305647840531616,-0.05654761904761907,-0.020634920634920673,0.007549361207897787,-0.01746031746031751,0.03968253968253971,-0.0158730158730159
-0.03986710963455148,0.013953488372093065,0.0,0.0,0.056377730796335485,0.02790697674418613,-0.010335917312661508,0.0,0.03816338700059635,0.011074197120708784,1.0,0.02155416903006241,0.033139534883720956,-0.010042283298097254,-0.024266936299292163,0.026398491514770583,0.027539779681762577,0.004537719795802614,0.026162790697674465,0.011926058437686349,-0.007399577167019,0.00609080841638987,-0.02730030333670369,-0.017812963879267646,-0.04354280059376536,-0.011627906976744096,0.0,-0.01057082452431285,0.0,-0.05534883720930234,0.005537098560354392,0.0,-0.010335917312661508,-0.006201550387596899,0.019186046511627974,0.007751937984496138,0.010520487264673362,-0.01550387596899222,-0.04841006169909823,-0.006342494714587699,-0.023750618505690213,0.015882019285309135,0.013953488372093065,0.012478729438457181,-0.010616784630940346,-0.029688273132112752,-0.005285412262156425,-0.016683518705763345,-0.019638242894056857,0.031007751937984496,0.00609080841638987,0.007941009642654567,0.0,0.013953488372093065,0.022674418604651192,0.008305647840531616,0.0022148394241417596,0.021466905187835422,0.07165304839723446,0.012735326688815163,0.0,-0.021705426356589175,0.0,0.0405485986881336,-0.00826873385012919,-0.027709054923305276,-0.014470284237726116,0.03977968176254598,-0.016683518705763345,-0.004134366925064595,-0.00826873385012919,-0.02881698685540951,-0.008456659619450246,0.020419739081111776,-0.0227502527805864,-0.05695301376364492,0.0,-0.037917087967644036,-0.005285412262156425,0.010209869540555888,-0.04156358238495789,0.009413067552602461,0.0,0.03339296362552174,0.019186046511627974,0.012735326688815163,-0.024806201550387597,0.03662790697674423,0.0339409176618479,0.018150879183210455,0.0,-0.018200202224469164,-0.04844961240310075,0.0,-0.05087209302325579,-0.01653746770025838,0.017016449234259767,-0.020671834625323016,0.06330749354005172,-0.018604651162790697
-0.04380288700846188,0.0036585365853658847,-0.013613159387407814,-0.01134429948950652,0.041389504804138944,0.004878048780487837,-0.019512195121951237,-0.006806579693703907,0.007504690431519717,-0.015098722415795574,-0.02155416903006241,1.0,0.014024390243902563,-0.0432372505543237,-0.05567338282078477,0.021094264996704026,0.04428754813863933,0.0,0.014024390243902563,0.007504690431519717,-0.0382483370288248,-0.009872241579558627,-0.03976670201484617,-0.05915931499740523,-0.07472755578619605,-0.0382483370288248,-0.020419739081111776,-0.034922394678492286,-0.024957458876914362,-0.10097560975609754,-0.009291521486643417,-0.018150879183210455,-0.02818428184281846,-0.019512195121951237,0.012195121951219579,-0.005226480836236919,-0.009291521486643417,-0.04336043360433606,-0.07565953210552512,-0.02827050997782704,-0.021795537104307205,0.0,0.00792682926829269,0.0,-0.03976670201484617,-0.05915931499740523,-0.014966740576496662,-0.037115588547189826,-0.015176151761517626,0.010006253908692947,-0.008130081300812997,0.0,-0.012478729438457181,0.005487804878048785,0.004268292682926833,-0.005226480836236919,-0.0034843205574912606,0.012507817385866177,0.05537244561634802,-0.013356562137049832,-0.03630175836642091,-0.041192411924119265,-0.024957458876914362,0.03001876172607887,-0.04336043360433606,-0.07472755578619605,-0.015176151761517626,0.0423620025673942,-0.04241781548250262,-0.013008130081300806,-0.034688346883468835,-0.05567338282078477,-0.039911308203991025,0.0,-0.0715800636267232,-0.07565953210552512,-0.02382302892796373,-0.05302226935312826,-0.01829268292682923,0.0,-0.04047742605085625,-0.0034843205574912606,-0.02155416903006241,0.022514071294559068,0.012195121951219579,-0.009291521486643417,-0.03035230352303525,0.009146341463414698,0.015820698747528034,0.0,-0.012478729438457181,-0.029162248144220526,-0.07825203252032514,-0.012478729438457181,-0.06402439024390244,-0.03252032520325199,0.0,-0.019512195121951237,0.020325203252032548,-0.017344173441734417
-0.04591836734693877,0.0,-0.022674418604651192,-0.019186046511627974,0.02651515151515152,0.0,-0.03333333333333338,-0.020930232558139583,0.007051282051282026,-0.02619047619047621,-0.033139534883720956,-0.014024390243902563,1.0,-0.050000000000000044,-0.08152173913043481,0.012162162162162149,0.022368421052631537,-0.004268292682926833,0.0,0.004487179487179471,-0.047727272727272785,-0.01785714285714285,-0.05869565217391304,-0.03723404255319149,-0.06329787234042555,-0.036363636363636376,-0.020930232558139583,-0.034090909090909116,-0.03488372093023262,-0.09000000000000002,-0.01785714285714285,-0.015697674418604673,-0.027777777777777818,-0.01944444444444446,0.0,-0.010714285714285704,-0.01428571428571429,-0.058333333333333404,-0.09183673469387754,-0.034090909090909116,-0.044680851063829796,-0.007317073170731769,0.0,-0.009756097560975674,-0.04565217391304349,-0.06329787234042555,-0.022727272727272735,-0.048913043478260865,-0.030555555555555614,0.005769230769230749,-0.011904761904761918,-0.004268292682926833,-0.013953488372093065,0.0,0.0,-0.016666666666666663,-0.005952380952380959,0.007051282051282026,0.030405405405405372,-0.01904761904761909,-0.041860465116279166,-0.08888888888888902,-0.05058139534883732,0.012179487179487136,-0.04444444444444451,-0.09308510638297862,-0.022222222222222254,0.01842105263157895,-0.02934782608695652,-0.022222222222222254,-0.050000000000000044,-0.05869565217391304,-0.04318181818181821,-0.006097560975609789,-0.048913043478260865,-0.09642857142857142,-0.02790697674418613,-0.06521739130434784,-0.02954545454545454,-0.004878048780487837,-0.05585106382978722,-0.015476190476190477,-0.026162790697674465,0.008974358974358942,0.0,-0.023809523809523836,-0.03888888888888892,0.0,0.018243243243243223,-0.00792682926829269,-0.020930232558139583,-0.03586956521739132,-0.08750000000000002,-0.0244186046511628,-0.07916666666666666,-0.058333333333333404,-0.0128048780487805,-0.04444444444444451,0.030555555555555558,-0.03888888888888892
-0.025510204081632654,0.018181818181818188,0.009513742071881548,0.006342494714587699,0.030303030303030304,0.0318181818181818,-0.007070707070707116,0.007928118393234651,0.037878787878787845,0.02813852813852813,0.010042283298097254,0.0432372505543237,0.050000000000000044,1.0,-0.029644268774703497,0.042997542997542965,0.07894736842105265,0.016629711751662946,0.07954545454545447,0.014568764568764561,0.0,0.022727272727272763,-0.024703557312253044,-0.023210831721470038,-0.039168278529980616,0.0,0.007928118393234651,0.0,0.014799154334038,-0.07636363636363641,0.016233766233766267,0.005813953488372048,-0.005050505050505083,-0.008080808080808133,0.03863636363636369,0.014069264069264065,0.018398268398268414,-0.009595959595959602,-0.044063079777365455,0.0,-0.017408123791102514,0.023281596452328135,0.036363636363636376,0.019955654101995512,-0.015810276679841917,-0.02756286266924557,0.0,-0.015810276679841917,-0.005555555555555591,0.026223776223776196,0.009740259740259744,0.014966740576496662,0.005813953488372048,0.013636363636363641,0.022727272727272735,0.016233766233766267,0.011904761904761918,0.026223776223776196,0.06879606879606875,0.024891774891774965,0.014799154334038,-0.0121212121212122,0.016913319238900493,0.0874125874125874,-0.012626262626262652,-0.04497098646034803,-0.005555555555555591,0.10765550239234456,-0.01976284584980237,-0.005555555555555591,-0.0121212121212122,-0.018774703557312256,0.0,0.019955654101995512,-0.02371541501976293,-0.05333951762523187,0.014799154334038,-0.025691699604743046,0.0,0.01829268292682923,-0.015957446808510634,0.010822510822510817,0.011627906976744096,0.05244755244755239,0.04545454545454547,0.020562770562770616,-0.00909090909090915,0.050000000000000044,0.04729729729729726,0.02161862527716185,0.005813953488372048,-0.009881422924901184,-0.04356060606060602,0.010042283298097254,-0.03598484848484845,-0.008080808080808133,0.03159645232815966,-0.007070707070707116,0.06565656565656569,-0.005050505050505083
-0.017302573203194338,0.042391304347826064,0.030333670374115218,0.024266936299292163,0.09420289855072461,0.04565217391304349,0.010628019323671412,0.02730030333670369,0.054626532887402435,0.04554865424430643,0.024266936299292163,0.05567338282078477,0.08152173913043481,0.029644268774703497,1.0,0.06345475910693305,0.06407322654462244,0.05302226935312826,0.08804347826086956,0.07023411371237454,0.03260869565217395,0.031055900621118016,0.0,-0.006012950971322872,-0.00971322849213685,0.018774703557312256,0.0227502527805864,0.018774703557312256,0.04246713852376138,-0.04347826086956519,0.02898550724637683,0.009100101112234582,0.005797101449275366,0.005797101449275366,0.042391304347826064,0.024844720496894457,0.035196687370600444,0.00724637681159418,-0.01996450754214729,0.015810276679841917,-0.0050878815911193365,0.023860021208907733,0.03586956521739132,0.02651113467656413,0.0,-0.008788159111933314,0.010869565217391297,0.0,0.006280193236714915,0.03511705685618727,0.020703933747412,0.03976670201484617,0.0227502527805864,0.03586956521739132,0.048913043478260865,0.031055900621118016,0.035196687370600444,0.06243032329988851,0.07403055229142186,0.02898550724637683,0.03488372093023251,0.011111111111111072,0.040950455005055564,0.08584169453734669,0.01304347826086949,-0.01803885291396845,0.00724637681159418,0.09153318077803202,0.0,0.009661835748792202,0.015458937198067568,0.0,0.02371541501976293,0.037115588547189826,0.0,-0.027950310559006153,0.039433771486349745,0.0,0.011857707509881465,0.018557794273594913,-0.005550416281221049,0.024844720496894457,0.0227502527805864,0.04682274247491641,0.05543478260869572,0.0331262939958592,0.00724637681159418,0.05543478260869572,0.06874265569917742,0.037115588547189826,0.013650151668351845,0.0,-0.01992753623188409,0.024266936299292163,-0.014492753623188415,0.007729468599033784,0.04506892895015907,0.008212560386473444,0.09661835748792275,0.005314009661835706
-0.13899613899613894,-0.05067567567567566,-0.07919547454431175,-0.08296668761785042,0.05569205569205571,-0.04256756756756752,-0.09129129129129132,-0.07542426147077308,-0.027720027720027685,-0.04504504504504503,-0.026398491514770583,-0.021094264996704026,-0.012162162162162149,-0.042997542997542965,-0.06345475910693305,1.0,-0.009957325746799417,-0.05537244561634802,-0.024324324324324298,-0.018018018018018056,-0.042997542997542965,-0.04826254826254822,-0.06874265569917742,-0.09200690051753879,-0.06325474410580789,-0.04729729729729726,-0.05656819610307984,-0.03439803439803438,-0.03771213073538654,-0.1124324324324324,-0.0643500643500643,-0.0678818353236958,-0.12492492492492502,-0.06726726726726728,-0.034459459459459385,-0.05469755469755466,-0.041827541827541836,-0.08168168168168166,-0.132377275234418,-0.07739557739557734,-0.05750431282346172,-0.02900461437046803,-0.034459459459459385,-0.015820698747528034,-0.11104582843713279,-0.08050603795284644,-0.06879606879606875,-0.07403055229142186,-0.06726726726726728,-0.018018018018018056,-0.04826254826254822,-0.05800922874093606,-0.08673790069138909,-0.03851351351351351,-0.04054054054054046,-0.03861003861003859,-0.07078507078507068,-0.026334026334026372,0.0,-0.022522522522522515,-0.0339409176618479,-0.03363363363363364,-0.04148334380892521,-0.009702009702009712,-0.06726726726726728,-0.0747556066705003,-0.06726726726726728,-0.00782361308677093,-0.10047003525264397,-0.08168168168168166,-0.06246246246246251,-0.058166862514688555,-0.0558968058968059,-0.03691496374423203,-0.07403055229142186,-0.09266409266409265,-0.05279698302954117,-0.06345475910693305,-0.06019656019656017,-0.05537244561634802,-0.03450258769407705,-0.019305019305019294,-0.0339409176618479,-0.016632016632016633,-0.018243243243243223,-0.025740025740025735,-0.04804804804804805,-0.010135135135135115,0.0,-0.01318391562294001,-0.04148334380892521,-0.08460634547591067,-0.09290540540540537,-0.04525455688246388,-0.08051801801801806,-0.02882882882882884,-0.02636783124588002,-0.038438438438438444,0.008258258258258322,-0.03363363363363364
-0.09452201933404941,-0.011842105263157904,-0.0305997552019584,-0.03977968176254598,0.02392344497607654,-0.01052631578947369,-0.04502923976608192,-0.03365973072215428,-0.0033738191632928516,-0.042606516290726815,-0.027539779681762577,-0.04428754813863933,-0.022368421052631537,-0.07894736842105265,-0.06407322654462244,0.009957325746799417,1.0,-0.01732991014120669,-0.02894736842105261,-0.0026990553306342896,-0.0645933014354067,-0.05513784461152882,-0.08237986270022885,-0.10078387458006716,-0.06550951847704373,-0.05382775119617228,-0.055079559363525155,-0.0645933014354067,-0.052019583843329276,-0.12000000000000005,-0.04010025062656647,-0.052019583843329276,-0.06549707602339189,-0.06140350877192985,-0.02894736842105261,-0.020050125313283235,-0.03508771929824561,-0.07777777777777783,-0.12406015037593987,-0.06100478468899523,-0.06550951847704373,-0.01925545571245188,-0.01842105263157895,-0.01732991014120669,-0.08237986270022885,-0.07558790593505038,-0.05382775119617228,-0.07322654462242567,-0.02456140350877195,-0.007422402159244279,-0.042606516290726815,-0.02503209242618748,-0.04895960832313351,-0.01842105263157895,-0.009210526315789475,-0.020050125313283235,-0.03258145363408527,-0.006747638326585703,0.00640113798008532,-0.03258145363408527,-0.0611995104039168,-0.05321637426900594,-0.06425948592411268,-0.014844804318488558,-0.09415204678362576,-0.0957446808510638,-0.028654970760233933,0.0,-0.09153318077803202,-0.04502923976608192,-0.06140350877192985,-0.07322654462242567,-0.07535885167464124,-0.015404364569961526,-0.10068649885583525,-0.07679914070891519,-0.05813953488372098,-0.08695652173913049,-0.05382775119617228,-0.04043645699614895,-0.05543113101903696,-0.017543859649122806,-0.04283965728274175,-0.011470985155195679,-0.023684210526315808,-0.03759398496240601,-0.04093567251461991,-0.01842105263157895,0.0056899004267425,-0.015404364569961526,-0.04895960832313351,-0.04118993135011442,-0.0932017543859649,-0.03977968176254598,-0.0767543859649123,-0.04502923976608192,-0.02888318356867786,-0.036842105263157926,0.008771929824561403,-0.032748538011695943
-0.07964161274265796,0.015243902439024404,-0.02836074872376637,-0.02155416903006241,0.11234294161123426,0.014024390243902563,-0.04986449864498643,-0.024957458876914362,0.025015634771732354,-0.004065040650406498,-0.004537719795802614,0.0,0.004268292682926833,-0.016629711751662946,-0.05302226935312826,0.05537244561634802,0.01732991014120669,1.0,0.006707317073170793,0.028767979987492254,-0.026607538802660702,-0.009291521486643417,-0.05037115588547192,-0.052932018681888904,-0.04047742605085625,-0.019955654101995512,-0.012478729438457181,-0.014966740576496662,-0.014747589336358502,-0.08780487804878045,-0.005807200929152129,-0.012478729438457181,-0.036856368563685626,-0.052032520325203224,0.01036585365853665,-0.010452961672473837,-0.004065040650406498,-0.013008130081300806,-0.05176704828272771,-0.026607538802660702,-0.04047742605085625,0.0,0.006707317073170793,0.0,-0.03181336161187698,-0.02490918526206537,-0.03159645232815966,-0.04241781548250262,-0.04336043360433606,0.01751094434021261,-0.008130081300812997,0.0,-0.029495178672717004,0.01097560975609757,0.014024390243902563,-0.011614401858304257,-0.015679442508710784,0.026266416510318913,0.021094264996704026,-0.0034843205574912606,-0.007941009642654567,-0.017344173441734417,-0.010209869540555888,0.007504690431519717,-0.041192411924119265,-0.05915931499740523,-0.05853658536585371,0.0211810012836971,-0.06627783669141041,-0.06720867208672088,-0.054200542005420016,-0.037115588547189826,-0.026607538802660702,0.0,-0.023860021208907733,-0.05973120955699346,-0.018150879183210455,-0.034464475079533374,-0.01829268292682923,0.0,-0.018681888946549013,-0.005226480836236919,-0.006806579693703907,0.011257035647279534,0.005487804878048785,-0.0034843205574912606,-0.02384823848238482,0.004268292682926833,0.04746209624258402,0.0,-0.012478729438457181,-0.034464475079533374,-0.035569105691056896,-0.01134429948950652,-0.03201219512195122,-0.013008130081300806,0.0,-0.02818428184281846,0.06436314363143636,-0.019512195121951237
-0.05510204081632655,0.0,-0.029651162790697738,-0.026162790697674465,0.0318181818181818,0.0,-0.04444444444444451,-0.026162790697674465,0.008333333333333304,-0.029761904761904767,-0.026162790697674465,-0.014024390243902563,0.0,-0.07954545454545447,-0.08804347826086956,0.024324324324324298,0.02894736842105261,-0.006707317073170793,1.0,0.0032051282051281937,-0.06818181818181823,-0.023809523809523836,-0.0782608695652175,-0.06702127659574464,-0.09308510638297862,-0.047727272727272785,-0.033139534883720956,-0.04545454545454547,-0.04709302325581399,-0.14,-0.016666666666666663,-0.020930232558139583,-0.03333333333333338,-0.04444444444444451,0.0,-0.01428571428571429,-0.01904761904761909,-0.050000000000000044,-0.08724489795918366,-0.050000000000000044,-0.044680851063829796,-0.008536585365853666,0.0,-0.005487804878048785,-0.05217391304347829,-0.06702127659574464,-0.02954545454545454,-0.05543478260869572,-0.027777777777777818,0.005769230769230749,-0.011904761904761918,-0.006707317073170793,-0.01744186046511631,0.0,0.0,-0.015476190476190477,-0.013095238095238104,0.0064102564102563875,0.028378378378378366,-0.02619047619047621,-0.04709302325581399,-0.05277777777777781,-0.05058139534883732,0.019230769230769162,-0.0722222222222223,-0.1079787234042553,-0.025000000000000022,0.03947368421052633,-0.061956521739130466,-0.027777777777777818,-0.06111111111111123,-0.048913043478260865,-0.05909090909090908,-0.006707317073170793,-0.07500000000000007,-0.08724489795918366,-0.045348837209302384,-0.08152173913043481,-0.022727272727272735,-0.008536585365853666,-0.03351063829787232,-0.009523809523809545,-0.026162790697674465,0.008974358974358942,0.0,-0.016666666666666663,-0.041666666666666685,0.0,0.014189189189189183,-0.007317073170731769,-0.015697674418604673,-0.02934782608695652,-0.10000000000000009,-0.02790697674418613,-0.06666666666666671,-0.03333333333333338,-0.01036585365853665,-0.030555555555555614,0.033333333333333326,-0.025000000000000022
-0.08372579801151225,-0.012179487179487136,-0.04531902206320809,-0.031007751937984496,0.07925407925407923,-0.011538461538461497,-0.07863247863247869,-0.042933810375670844,0.0,-0.010989010989010978,-0.011926058437686349,-0.007504690431519717,-0.004487179487179471,-0.014568764568764561,-0.07023411371237454,0.018018018018018056,0.0026990553306342896,-0.028767979987492254,-0.0032051282051281937,1.0,-0.0437062937062937,-0.005494505494505489,-0.05072463768115937,-0.05673758865248224,-0.021822149481723938,-0.014568764568764561,-0.03816338700059635,-0.023310023310023298,-0.031007751937984496,-0.09025641025641024,-0.02380952380952378,-0.028622540250447248,-0.06837606837606841,-0.04786324786324786,-0.005769230769230749,-0.03479853479853473,-0.025641025641025605,-0.03760683760683764,-0.07326007326007322,-0.055361305361305346,-0.07855973813420614,-0.008755472170106304,-0.0064102564102563875,-0.016260162601625994,-0.06243032329988851,-0.06110201854882702,-0.0611888111888112,-0.0741360089186176,-0.06153846153846154,0.0,-0.018315018315018305,-0.02751719824890564,-0.04531902206320809,-0.008333333333333304,-0.013461538461538414,-0.025641025641025605,-0.032967032967032905,0.0,0.00554400554400554,-0.007326007326007328,-0.021466905187835422,-0.03760683760683764,-0.009540846750149087,0.0,-0.051282051282051266,-0.0654664484451718,-0.06153846153846154,0.0040485829959514275,-0.06243032329988851,-0.06837606837606841,-0.06495726495726495,-0.04682274247491641,-0.026223776223776196,-0.01751094434021261,-0.03511705685618727,-0.05232862375719516,-0.031007751937984496,-0.027313266443701217,-0.040792540792540743,-0.011257035647279534,-0.04800872885979268,-0.02747252747252743,-0.023852116875372698,0.0,-0.005769230769230749,-0.012820512820512803,-0.04444444444444445,-0.002564102564102555,0.026334026334026372,-0.020012507817385894,-0.021466905187835422,-0.058528428093645446,-0.0625,-0.021466905187835422,-0.04807692307692307,-0.051282051282051266,-0.012507817385866177,-0.041025641025641046,0.027777777777777846,-0.06153846153846154
