0,1,2,3,4,5,6,7,8,9,10,11,12,13,14,15,16,17,18,19,20,21,22,23,24,25,26,27,28,29,30,31,32,33,34,35,36,37,38,39,40,41,42,43,44,45,46,47,48,49,50,51,52,53,54,55,56,57,58,59,60,61,62,63,64,65,66,67,68,69,70,71,72,73,74,75,76,77,78,79,80,81,82,83,84,85,86,87,88,89,90,91,92,93,94,95,96,97,98,99
1.0,-0.016666666666666663,-0.019186046511627974,-0.05869565217391304,0.03928571428571426,-0.02790697674418613,0.042857142857142816,-0.015476190476190477,0.018243243243243223,0.03749999999999998,-0.015476190476190477,-0.015697674418604673,-0.05277777777777781,0.05357142857142855,0.05833333333333329,0.04054054054054046,-0.005487804878048785,-0.05869565217391304,-0.041860465116279166,0.0,0.024324324324324298,0.04411764705882354,-0.008333333333333331,0.004054054054054047,-0.0036585365853658847,0.0,-0.04545454545454547,-0.03611111111111115,0.0064102564102563875,-0.019186046511627974,-0.027380952380952395,-0.01428571428571429,-0.09642857142857142,-0.01785714285714285,0.01710526315789479,-0.050000000000000044,-0.09130434782608698,-0.07500000000000001,-0.03488372093023262,-0.007317073170731769,-0.14500000000000002,-0.036363636363636376,0.028378378378378366,-0.02619047619047621,0.05833333333333335,0.011538461538461497,0.011538461538461497,0.048648648648648596,-0.14,-0.1725490196078432,-0.0613636363636364,0.014473684210526305,-0.05543478260869572,-0.01097560975609757,0.01578947368421052,-0.008536585365853666,0.0,0.005263157894736845,-0.004761904761904773,0.022222222222222227,-0.034615384615384645,-0.05217391304347829,-0.013043478260869573,-0.03863636363636369,-0.01785714285714285,-0.0318181818181818,0.007051282051282026,0.022368421052631537,0.0064102564102563875,-0.015476190476190477,0.01315789473684209,-0.0011904761904761932,0.02121212121212121,-0.0018292682926829423,-0.0023809523809523864,-0.025000000000000022,-0.01630434782608696,-0.004545454545454547,-0.047727272727272785,0.024324324324324298,0.0006410256410256387,-0.03611111111111115,-0.03333333333333338,-0.030555555555555614,-0.010465116279069792,-0.01428571428571429,-0.08152173913043481,-0.054166666666666696,-0.07446808510638298,-0.02934782608695652,0.09999999999999998,-0.03611111111111115,-0.022340425531914898,-0.05833333333333335,-0.005952380952380959,-0.10416666666666663,-0.030555555555555614,-0.036363636363636376,-0.08152173913043481,-0.08478260869565213
0.016666666666666663,1.0,-0.01439645625692143,-0.04761904761904767,0.08095238095238094,-0.009413067552602461,0.08571428571428569,0.0,0.03861003861003859,0.08928571428571425,0.0,-0.00609080841638987,-0.025396825396825418,0.06190476190476191,0.11688311688311687,0.04826254826254822,0.0029036004645760644,-0.04761904761904767,-0.004429678848283519,0.01428571428571429,0.04826254826254822,0.011204481792717089,0.0,0.041827541827541836,0.012195121951219523,0.013095238095238104,-0.006493506493506496,-0.011111111111111127,0.012820512820512803,-0.0033222591362126463,0.0,0.0,-0.04081632653061226,0.0,0.007518796992481203,-0.010822510822510817,-0.020703933747412,-0.04464285714285715,-0.008859357696567038,0.005807200929152129,-0.04190476190476192,-0.018398268398268414,0.009652509652509647,0.0,0.035714285714285726,0.012820512820512803,0.005494505494505489,0.022522522522522515,-0.0647619047619048,-0.0672268907563025,-0.024891774891774965,0.07769423558897237,-0.0600414078674949,0.014518002322880363,0.05012531328320802,0.009291521486643417,0.03214285714285714,0.042606516290726815,0.0,0.04365079365079366,-0.07783882783882784,-0.018633540372670815,-0.031055900621118016,-0.016233766233766267,0.0,-0.024891774891774965,0.031135531135531136,0.03258145363408527,0.02747252747252743,0.0,0.03508771929824561,0.0,0.06493506493506496,0.006968641114982521,0.0,-0.05059523809523808,-0.031055900621118016,-0.014069264069264065,-0.014069264069264065,0.09009009009009006,0.014652014652014655,-0.014285714285714318,-0.00793650793650795,-0.025396825396825418,-0.0049833887043189695,0.0,-0.022774327122153215,-0.014880952380952384,-0.02786220871327255,-0.0165631469979296,0.17142857142857143,-0.030158730158730218,-0.048125633232016185,-0.0535714285714286,0.0,-0.041666666666666685,-0.014285714285714318,-0.008658008658008642,-0.031055900621118016,-0.0331262939958592
0.019186046511627974,0.01439645625692143,1.0,-0.03640040444893833,0.10631229235880402,0.0,0.13289036544850508,0.01661129568106323,0.08296668761785042,0.11191860465116282,0.007751937984496138,0.0,-0.019638242894056857,0.07441860465116279,0.1268498942917548,0.05656819610307984,0.012478729438457181,-0.03185035389282104,0.0,0.03837209302325595,0.0678818353236958,0.049247606019151874,0.008859357696567038,0.06033940917661851,0.017016449234259767,0.026162790697674465,-0.0068710359408033495,-0.013436692506459957,0.04531902206320809,0.0,0.003875968992248069,0.006644518272425293,-0.04841006169909823,0.006644518272425293,0.0152998776009792,-0.01057082452431285,-0.018200202224469164,-0.04118217054263562,0.0,0.015882019285309135,-0.03255813953488371,-0.006342494714587699,0.02262727844123194,0.007198228128460715,0.0452196382428941,0.021466905187835422,0.019081693500298175,0.04148334380892521,-0.06511627906976741,-0.054719562243501996,-0.008456659619450246,0.0856793145654835,-0.037917087967644036,0.020419739081111776,0.07955936352509196,0.029495178672717004,0.04709302325581399,0.0734394124847002,0.011074197120708784,0.08139534883720939,-0.08855098389982102,-0.030333670374115218,-0.03185035389282104,-0.011627906976744096,0.01439645625692143,-0.012684989429175397,0.047704233750745395,0.03977968176254598,0.042933810375670844,0.013289036544850585,0.07649938800489609,0.008859357696567038,0.1268498942917548,0.017016449234259767,0.010520487264673362,-0.04118217054263562,-0.03185035389282104,-0.010042283298097254,-0.007399577167019,0.07919547454431175,0.021466905187835422,-0.00826873385012919,-0.006201550387596899,-0.01757105943152454,0.0,0.003875968992248069,-0.019716885743174872,-0.02906976744186046,-0.023750618505690213,-0.012133468149646082,0.12093023255813956,-0.01136950904392764,-0.03562592775853529,-0.02906976744186046,0.0022148394241417596,-0.031492248062015504,-0.009302325581395349,-0.0036997885835095,-0.024266936299292163,-0.02123356926188069
0.05869565217391304,0.04761904761904767,0.03640040444893833,1.0,0.1093167701863354,0.03640040444893833,0.1708074534161491,0.05590062111801242,0.06345475910693305,0.17119565217391308,0.03726708074534163,0.016683518705763345,0.009178743961352653,0.09565217391304348,0.1541501976284585,0.10047003525264397,0.023860021208907733,0.0,0.030333670374115218,0.05869565217391304,0.1057579318448883,0.05370843989769822,0.014492753623188415,0.026439482961222074,0.034464475079533374,0.019565217391304374,0.008893280632411071,0.0024154589371980506,0.04682274247491641,0.02123356926188069,0.022774327122153215,0.035196687370600444,-0.03194321206743561,0.0082815734989648,0.027459954233409634,0.01976284584980237,0.0,-0.021739130434782594,0.04398382204246709,0.04506892895015907,-0.03304347826086956,0.01679841897233203,0.05287896592244415,0.03933747412008287,0.04830917874396137,0.054626532887402435,0.04682274247491641,0.07403055229142186,-0.04347826086956519,-0.04901960784313725,0.025691699604743046,0.09610983981693372,0.0,0.08748674443266169,0.09610983981693372,0.060975609756097504,0.08152173913043481,0.05491990846681927,0.026915113871635588,0.10265700483091794,-0.042642140468227396,0.0,0.0,0.022727272727272707,0.053830227743271175,0.022727272727272707,0.08193979933110368,0.08695652173913049,0.05072463768115937,0.041407867494824,0.08237986270022885,0.012422360248447228,0.051383399209486175,0.034464475079533374,0.0165631469979296,-0.008152173913043487,0.0,0.004940711462450592,0.015810276679841917,0.10047003525264397,0.003901895206243032,0.0033816425120772875,0.0024154589371980506,0.00724637681159418,0.010616784630940346,0.024844720496894457,0.0,-0.0054347826086956486,-0.006938020351526353,0.0,0.20869565217391306,0.005797101449275366,-0.007400555041628121,-0.009963768115942045,0.014492753623188415,-0.017210144927536197,0.009178743961352653,0.011857707509881465,0.0,0.0
-0.03928571428571426,-0.08095238095238094,-0.10631229235880402,-0.1093167701863354,1.0,-0.11162790697674418,0.0,-0.08571428571428569,-0.027799227799227832,0.01607142857142857,-0.06190476190476191,-0.05315614617940201,-0.12698412698412703,0.0,0.024242424242424232,-0.013899613899613916,-0.06689895470383278,-0.04782608695652174,-0.05847176079734223,-0.03928571428571426,-0.015444015444015469,0.006722689075630256,-0.06190476190476191,-0.021621621621621623,-0.04599303135888505,-0.024999999999999994,-0.05259740259740259,-0.0761904761904762,-0.03516483516483515,-0.06910299003322262,-0.05238095238095236,-0.0380952380952381,-0.08163265306122447,-0.05238095238095236,-0.018045112781954864,-0.08181818181818179,-0.06832298136645962,-0.06190476190476191,-0.06910299003322262,-0.03344947735191639,-0.12,-0.02337662337662337,-0.006177606177606182,-0.042857142857142844,-0.003968253968253954,-0.017582417582417575,-0.017582417582417575,-0.018532818532818518,-0.17142857142857143,-0.15238095238095234,-0.09350649350649348,-0.03834586466165413,-0.0888198757763975,-0.06689895470383278,-0.05639097744360899,-0.08780487804878045,-0.06428571428571428,-0.047368421052631504,-0.05238095238095236,-0.0071428571428571175,-0.07472527472527474,-0.1093167701863354,-0.0888198757763975,-0.11103896103896105,-0.0714285714285714,-0.09935064935064936,-0.038095238095238126,-0.03834586466165413,-0.02930402930402931,-0.057142857142857106,-0.022556390977443608,-0.047619047619047616,0.025974025974025983,-0.020905923344947744,-0.047619047619047616,-0.05416666666666667,-0.1093167701863354,-0.05844155844155843,-0.03506493506493505,-0.01698841698841702,-0.017582417582417575,-0.06984126984126987,-0.05079365079365081,-0.0761904761904762,-0.05315614617940201,-0.057142857142857106,-0.06832298136645962,-0.07738095238095238,-0.07294832826747719,-0.02732919254658385,0.047619047619047616,-0.05079365079365081,-0.05835866261398176,-0.05416666666666667,-0.028571428571428553,-0.06964285714285715,-0.01904761904761905,-0.06428571428571428,-0.12298136645962732,-0.0888198757763975
0.02790697674418613,0.009413067552602461,0.0,-0.03640040444893833,0.11162790697674418,1.0,0.1009966777408638,0.011074197120708784,0.08296668761785042,0.08793604651162795,0.008859357696567038,0.0,-0.01757105943152454,0.07973421926910301,0.09161381254404516,0.04902576995600255,0.01134429948950652,-0.02730030333670369,0.0,0.043604651162790775,0.05656819610307984,0.055403556771545875,0.00609080841638987,0.04902576995600255,0.01134429948950652,0.019186046511627974,-0.01057082452431285,-0.014470284237726116,0.05247465712582,0.0,0.00609080841638987,0.005537098560354392,-0.04841006169909823,0.003875968992248069,0.027539779681762577,-0.014270613107822405,-0.03185035389282104,-0.03391472868217055,0.0,0.014747589336358502,-0.05860465116279068,-0.006342494714587699,0.01885606536769327,0.010520487264673362,0.06330749354005172,0.02623732856291,0.021466905187835422,0.07165304839723446,-0.0944186046511627,-0.08755129958960323,-0.011099365750528556,0.055079559363525155,-0.03336703741152669,0.02268859897901304,0.0856793145654835,0.037436188315371544,0.02790697674418613,0.052019583843329276,0.006644518272425293,0.08139534883720939,-0.06440071556350624,-0.03336703741152669,-0.02123356926188069,-0.011099365750528556,0.01218161683277974,-0.009513742071881548,0.04531902206320809,0.055079559363525155,0.023852116875372698,0.010520487264673362,0.05813953488372098,0.005537098560354392,0.07751937984496127,0.014747589336358502,0.00609080841638987,-0.024224806201550375,-0.025783619817997983,-0.005285412262156425,-0.007399577167019,0.04902576995600255,0.011926058437686349,-0.01136950904392764,-0.010335917312661508,-0.012403100775193798,0.0,0.007751937984496138,-0.03185035389282104,-0.036337209302325535,-0.04156358238495789,-0.016683518705763345,0.09069767441860468,-0.004134366925064595,-0.017812963879267646,-0.02906976744186046,0.0022148394241417596,-0.04844961240310075,-0.012403100775193798,-0.005813953488372048,-0.039433771486349745,-0.03640040444893833
-0.042857142857142816,-0.08571428571428569,-0.13289036544850508,-0.1708074534161491,0.0,-0.1009966777408638,1.0,-0.11904761904761907,-0.018532818532818518,0.03482142857142856,-0.0761904761904762,-0.07441860465116279,-0.12063492063492065,0.0,0.025974025974025983,-0.02934362934362933,-0.04181184668989549,-0.15031055900621115,-0.0903654485049834,-0.07499999999999996,-0.032432432432432434,0.0058823529411764774,-0.047619047619047616,-0.010810810810810811,-0.03344947735191639,-0.03928571428571426,-0.06428571428571428,-0.0380952380952381,-0.043956043956043966,-0.05315614617940201,-0.047619047619047616,-0.028571428571428553,-0.1551020408163265,-0.0380952380952381,-0.013533834586466148,-0.09350649350649348,-0.0888198757763975,-0.13154761904761902,-0.08504983388704324,-0.07526132404181185,-0.10285714285714287,-0.07597402597402597,-0.010810810810810811,-0.0714285714285714,-0.007936507936507908,-0.017582417582417575,-0.020512820512820523,-0.021621621621621623,-0.18857142857142856,-0.134453781512605,-0.11688311688311687,-0.047368421052631504,-0.16397515527950313,-0.08362369337979098,-0.045112781954887216,-0.08780487804878045,-0.08214285714285707,-0.03157894736842104,-0.06666666666666665,-0.015079365079365026,-0.16813186813186815,-0.1298136645962733,-0.10248447204968941,-0.11103896103896105,-0.09047619047619043,-0.11103896103896105,-0.0703296703296703,-0.03157894736842104,-0.049816849816849806,-0.11428571428571421,-0.045112781954887216,-0.047619047619047616,0.020779220779220786,-0.04181184668989549,-0.057142857142857106,-0.06190476190476191,-0.0888198757763975,-0.05844155844155843,-0.0701298701298701,-0.02007722007722007,-0.008791208791208788,-0.0380952380952381,-0.01904761904761905,-0.0761904761904762,-0.04252491694352162,-0.0380952380952381,-0.0888198757763975,-0.06964285714285715,-0.09483282674772037,-0.04782608695652174,0.04285714285714287,-0.03174603174603176,-0.07294832826747719,-0.06190476190476191,-0.014285714285714277,-0.10833333333333334,-0.06984126984126987,-0.029220779220779217,-0.14347826086956522,-0.1093167701863354
0.015476190476190477,0.0,-0.01661129568106323,-0.05590062111801242,0.08571428571428569,-0.011074197120708784,0.11904761904761907,1.0,0.04504504504504503,0.12648809523809523,0.0,-0.00609080841638987,-0.030158730158730218,0.0761904761904762,0.1298701298701299,0.04504504504504503,0.0034843205574912606,-0.049689440993788914,-0.007198228128460715,0.01904761904761909,0.0643500643500643,0.02801120448179273,0.0,0.03217503217503215,0.007549361207897787,0.011904761904761918,-0.008658008658008642,-0.009523809523809545,0.02014652014652013,-0.00609080841638987,0.0,0.0,-0.05102040816326531,0.0,0.0025062656641604043,-0.014069264069264065,-0.022774327122153215,-0.05654761904761907,-0.011074197120708784,0.008710801393728151,-0.053333333333333344,-0.017316017316017285,0.016087516087516074,0.0,0.03968253968253971,0.012820512820512803,0.010989010989010978,0.03539253539253534,-0.08380952380952383,-0.0714285714285714,-0.022727272727272763,0.06516290726817053,-0.05590062111801242,0.012775842044134622,0.057644110275689164,0.011033681765389047,0.03452380952380951,0.052631578947368474,0.0,0.06349206349206354,-0.07783882783882784,-0.02898550724637683,-0.03933747412008287,-0.023809523809523836,0.0,-0.027056277056277,0.038461538461538436,0.03508771929824561,0.03663003663003661,0.0,0.052631578947368474,0.0,0.09740259740259738,0.006968641114982521,0.0,-0.035714285714285754,-0.02898550724637683,-0.012987012987012991,-0.015151515151515138,0.07078507078507068,0.010989010989010978,-0.01904761904761909,-0.009523809523809545,-0.023809523809523836,-0.0049833887043189695,0.0,-0.024844720496894457,-0.020833333333333343,-0.035460992907801414,-0.022774327122153215,0.13333333333333336,-0.01904761904761909,-0.04559270516717323,-0.035714285714285754,0.0,-0.04464285714285715,-0.020634920634920673,-0.009740259740259744,-0.03933747412008287,-0.035196687370600444
-0.018243243243243223,-0.03861003861003859,-0.08296668761785042,-0.06345475910693305,0.027799227799227832,-0.08296668761785042,0.018532818532818518,-0.04504504504504503,1.0,0.04222972972972977,-0.016087516087516074,-0.04525455688246388,-0.05765765765765768,0.01698841698841702,0.03603603603603606,0.0,-0.050098879367172056,-0.05287896592244415,-0.030169704588309254,-0.030405405405405372,0.0,0.02146263910969798,-0.0611325611325611,0.0,-0.04746209624258402,-0.022297297297297236,-0.05159705159705158,-0.07687687687687689,-0.03049203049203042,-0.05656819610307984,-0.016087516087516074,-0.041827541827541836,-0.08604522890237176,-0.05148005148005147,-0.00782361308677093,-0.06019656019656017,-0.04759106933019974,-0.08051801801801806,-0.04148334380892521,-0.02373104812129201,-0.08432432432432435,-0.030098280098280084,0.0,-0.025740025740025735,0.005255255255255276,-0.01524601524601521,-0.013860013860013842,0.0,-0.08432432432432435,-0.08161102278749333,-0.03439803439803438,-0.009957325746799417,-0.042303172737955336,-0.03164139749505607,-0.01493598862019907,-0.050098879367172056,-0.02635135135135136,-0.017780938833570348,-0.05148005148005147,0.00975975975975979,-0.12474012474012475,-0.1057579318448883,-0.1057579318448883,-0.06019656019656017,-0.041827541827541836,-0.06019656019656017,-0.016632016632016633,-0.009957325746799417,-0.013860013860013842,-0.041827541827541836,-0.011379800853485,-0.05148005148005147,0.05241605241605246,-0.02900461437046803,-0.057915057915057855,-0.10529279279279274,-0.1269095182138661,-0.07739557739557734,-0.030098280098280084,0.0,-0.018018018018018056,-0.043243243243243246,-0.03363363363363364,-0.07687687687687689,-0.06033940917661851,-0.03539253539253534,-0.04759106933019974,-0.09290540540540537,-0.04025301897642322,-0.026439482961222074,0.03153153153153154,-0.06246246246246251,-0.08050603795284644,-0.09290540540540537,-0.012870012870012867,-0.05574324324324323,-0.043243243243243246,-0.04729729729729726,-0.042303172737955336,-0.03701527614571093
-0.03749999999999998,-0.08928571428571425,-0.11191860465116282,-0.17119565217391308,-0.01607142857142857,-0.08793604651162795,-0.03482142857142856,-0.12648809523809523,-0.04222972972972977,1.0,-0.12648809523809523,-0.1438953488372094,-0.06319444444444447,-0.024107142857142883,-0.013257575757575801,-0.04645270270270274,-0.054878048780487826,-0.16168478260869568,-0.09593023255813954,-0.07499999999999996,-0.07179054054054057,-0.01286764705882354,-0.08184523809523808,-0.05489864864864863,-0.10975609756097565,-0.08124999999999999,-0.05965909090909091,-0.08125000000000004,-0.05608974358974361,-0.05595930232558141,-0.04464285714285712,-0.11160714285714285,-0.1409438775510204,-0.059523809523809534,-0.029605263157894718,-0.06818181818181818,-0.06657608695652176,-0.19791666666666669,-0.11191860465116282,-0.10975609756097565,-0.14625,-0.12784090909090912,-0.0337837837837838,-0.12648809523809523,-0.027777777777777762,-0.07291666666666669,-0.04487179487179488,-0.029560810810810828,-0.135,-0.12806372549019607,-0.05965909090909091,-0.04440789473684212,-0.15217391304347827,-0.08917682926829268,-0.04440789473684212,-0.06173780487804881,-0.09999999999999998,-0.05427631578947367,-0.11904761904761907,-0.059027777777777735,-0.20432692307692307,-0.1046195652173913,-0.15217391304347827,-0.11079545454545453,-0.08184523809523808,-0.13636363636363635,-0.06730769230769229,-0.04440789473684212,-0.05608974358974361,-0.10416666666666669,-0.06907894736842107,-0.10416666666666669,-0.007575757575757569,-0.10975609756097565,-0.11160714285714285,-0.16666666666666669,-0.1141304347826087,-0.11079545454545453,-0.11079545454545453,-0.05489864864864863,-0.050480769230769273,-0.05416666666666667,-0.04513888888888891,-0.08125000000000004,-0.06395348837209305,-0.06696428571428573,-0.07608695652173914,-0.07291666666666669,-0.08976063829787234,-0.1141304347826087,0.016666666666666663,-0.09930555555555559,-0.19946808510638298,-0.11458333333333334,-0.059523809523809534,-0.16666666666666669,-0.10833333333333334,-0.07670454545454547,-0.1046195652173913,-0.07608695652173914
0.015476190476190477,0.0,-0.007751937984496138,-0.03726708074534163,0.06190476190476191,-0.008859357696567038,0.0761904761904762,0.0,0.016087516087516074,0.12648809523809523,1.0,-0.01439645625692143,-0.028571428571428636,0.08571428571428569,0.11688311688311687,0.04504504504504503,0.007549361207897787,-0.03933747412008287,-0.011074197120708784,0.021428571428571408,0.07078507078507068,0.0784313725490196,0.0,0.03861003861003859,0.008710801393728151,0.022619047619047594,-0.015151515151515138,-0.025396825396825418,0.02380952380952378,-0.009413067552602461,0.0,0.0,-0.04081632653061226,0.0,0.03007518796992481,-0.016233766233766267,-0.02898550724637683,-0.047619047619047616,-0.008859357696567038,0.011033681765389047,-0.0647619047619048,-0.022727272727272763,0.04504504504504503,0.0,0.047619047619047616,0.02380952380952378,0.02380952380952378,0.04504504504504503,-0.08380952380952383,-0.07563025210084034,-0.019480519480519487,0.03007518796992481,-0.043478260869565244,0.009291521486643417,0.03007518796992481,0.008710801393728151,0.01904761904761909,0.017543859649122806,0.0,0.08730158730158732,-0.08699633699633702,-0.03726708074534163,-0.020703933747412,-0.021645021645021634,0.0,-0.020562770562770616,0.032967032967032905,0.04010025062656647,0.016483516483516453,0.0,0.03759398496240601,0.0,0.051948051948051965,0.006968641114982521,0.0,-0.03273809523809526,-0.024844720496894457,-0.011904761904761918,-0.017316017316017285,0.04826254826254822,0.010989010989010978,-0.011111111111111127,-0.0158730158730159,-0.01746031746031751,-0.003875968992248069,0.0,-0.024844720496894457,-0.041666666666666685,-0.03799392097264437,-0.026915113871635588,0.11428571428571427,-0.012698412698412709,-0.03799392097264437,-0.035714285714285754,0.0,-0.05654761904761907,-0.009523809523809545,-0.008658008658008642,-0.04554865424430643,-0.035196687370600444
0.015697674418604673,0.00609080841638987,0.0,-0.016683518705763345,0.05315614617940201,0.0,0.07441860465116279,0.00609080841638987,0.04525455688246388,0.1438953488372094,0.01439645625692143,1.0,-0.01653746770025838,0.07441860465116279,0.08456659619450319,0.06411062225015712,0.02382302892796373,-0.0227502527805864,0.0,0.0244186046511628,0.06033940917661851,0.11080711354309175,0.013842746400886008,0.09050911376492776,0.017016449234259767,0.041860465116279166,-0.007399577167019,-0.019638242894056857,0.03816338700059635,0.0,0.007751937984496138,0.00609080841638987,-0.03417180825818697,0.008305647840531616,0.055079559363525155,-0.004228329809725123,-0.0075834175935288045,-0.04118217054263562,0.0,0.02382302892796373,-0.03255813953488371,-0.0068710359408033495,0.06411062225015712,0.00609080841638987,0.03617571059431529,0.02623732856291,0.02623732856291,0.03771213073538654,-0.04232558139534881,-0.029183766529867733,-0.005285412262156425,0.03365973072215428,-0.02123356926188069,0.012478729438457181,0.021419828641370875,0.013613159387407814,0.0244186046511628,0.0367197062423501,0.013842746400886008,0.0904392764857882,-0.10062611806797844,-0.02730030333670369,-0.02730030333670369,-0.008456659619450246,0.008305647840531616,-0.008456659619450246,0.0405485986881336,0.04589963280293763,0.028622540250447248,0.006644518272425293,0.04589963280293763,0.011627906976744207,0.08456659619450319,0.015882019285309135,0.012735326688815163,-0.04602713178294571,-0.030333670374115218,-0.011099365750528556,-0.006342494714587699,0.04525455688246388,0.03816338700059635,-0.007235142118863058,-0.012403100775193798,-0.012403100775193798,0.0,0.0022148394241417596,-0.009100101112234582,-0.036337209302325535,-0.011875309252845107,-0.010616784630940346,0.08062015503875972,-0.013436692506459957,-0.03562592775853529,-0.02906976744186046,0.008305647840531616,-0.024224806201550375,-0.0031007751937984496,-0.0021141649048625616,-0.02123356926188069,-0.009100101112234582
0.05277777777777781,0.025396825396825418,0.019638242894056857,-0.009178743961352653,0.12698412698412703,0.01757105943152454,0.12063492063492065,0.030158730158730218,0.05765765765765768,0.06319444444444447,0.028571428571428636,0.01653746770025838,1.0,0.10158730158730161,0.12121212121212122,0.07207207207207206,0.039024390243902474,-0.008695652173912993,0.020671834625323016,0.050000000000000044,0.08168168168168166,0.11503267973856213,0.023809523809523836,0.043243243243243246,0.019512195121951237,0.03333333333333338,0.007575757575757569,0.0,0.04444444444444445,0.020671834625323016,0.03492063492063502,0.0158730158730159,-0.038095238095238015,0.022222222222222254,0.0491228070175439,0.00909090909090915,-0.010144927536231862,-0.01944444444444443,0.014470284237726116,0.041192411924119265,-0.0444444444444444,0.006565656565656608,0.05285285285285285,0.026984126984127,0.08888888888888896,0.04786324786324786,0.034188034188034205,0.07207207207207206,-0.057777777777777706,-0.06013071895424832,0.011111111111111183,0.057309941520467866,-0.006763285024154575,0.03035230352303525,0.06140350877192985,0.04336043360433606,0.04444444444444451,0.06140350877192985,0.01904761904761909,0.0722222222222223,-0.03888888888888886,-0.01256038647342983,-0.00724637681159418,0.009595959595959602,0.0317460317460318,0.010101010101010166,0.06495726495726495,0.0982456140350878,0.05470085470085473,0.026984126984127,0.05321637426900594,0.00793650793650795,0.0888888888888889,0.010840108401084014,0.009523809523809545,-0.006944444444444434,-0.004830917874396101,0.005050505050505083,0.007070707070707116,0.06246246246246251,0.013675213675213682,0.0,0.0,0.0,0.00826873385012919,0.01904761904761909,-0.009661835748792202,-0.01944444444444443,-0.016075650118203277,-0.003864734299516892,0.10000000000000003,0.0,-0.008510638297872297,-0.0111111111111111,0.009523809523809545,-0.0222222222222222,0.0,0.005555555555555591,-0.01256038647342983,-0.010144927536231862
-0.05357142857142855,-0.06190476190476191,-0.07441860465116279,-0.09565217391304348,0.0,-0.07973421926910301,0.0,-0.0761904761904762,-0.01698841698841702,0.024107142857142883,-0.08571428571428569,-0.07441860465116279,-0.10158730158730161,1.0,0.032900432900432874,-0.01698841698841702,-0.058536585365853655,-0.11614906832298139,-0.12225913621262463,-0.060714285714285665,-0.024710424710424728,0.011764705882352955,-0.0761904761904762,-0.012355212355212364,-0.020905923344947744,-0.05357142857142855,-0.09935064935064936,-0.0888888888888889,-0.038095238095238126,-0.10631229235880402,-0.0714285714285714,-0.014285714285714277,-0.09795918367346937,-0.0714285714285714,-0.02932330827067664,-0.08181818181818179,-0.1093167701863354,-0.05416666666666667,-0.08504983388704324,-0.058536585365853655,-0.17142857142857143,-0.08181818181818179,-0.018532818532818518,-0.09047619047619043,-0.01031746031746028,-0.038095238095238126,-0.038095238095238126,-0.027799227799227832,-0.18857142857142856,-0.2061624649859944,-0.11688311688311687,-0.03157894736842104,-0.09565217391304348,-0.06271777003484325,-0.03609022556390973,-0.050174216027874585,-0.060714285714285665,-0.03157894736842104,-0.057142857142857106,-0.011111111111111072,-0.09340659340659341,-0.1298136645962733,-0.08198757763975156,-0.12857142857142856,-0.08571428571428569,-0.11688311688311687,-0.038095238095238126,-0.03834586466165413,-0.038095238095238126,-0.08571428571428569,-0.02932330827067664,-0.047619047619047616,0.019047619047619035,-0.025087108013937293,-0.042857142857142844,-0.05416666666666667,-0.08198757763975156,-0.05844155844155843,-0.0701298701298701,-0.009266409266409259,-0.020512820512820523,-0.09523809523809523,-0.0761904761904762,-0.05714285714285716,-0.0318936877076412,-0.047619047619047616,-0.10248447204968941,-0.1392857142857143,-0.11671732522796352,-0.06149068322981366,0.0380952380952381,-0.03174603174603176,-0.08024316109422491,-0.06190476190476191,-0.0380952380952381,-0.1392857142857143,-0.04444444444444445,-0.040909090909090895,-0.13664596273291924,-0.11614906832298139
-0.05833333333333329,-0.11688311688311687,-0.1268498942917548,-0.1541501976284585,-0.024242424242424232,-0.09161381254404516,-0.025974025974025983,-0.1298701298701299,-0.03603603603603606,0.013257575757575801,-0.11688311688311687,-0.08456659619450319,-0.12121212121212122,-0.032900432900432874,1.0,-0.03276003276003281,-0.041389504804138944,-0.11133069828722003,-0.08456659619450319,-0.07424242424242422,-0.062244062244062204,-0.008021390374331527,-0.08441558441558444,-0.03276003276003281,-0.053215077605321515,-0.05303030303030304,-0.05303030303030301,-0.04040404040404043,-0.04195804195804198,-0.09866102889358702,-0.09740259740259738,-0.04545454545454544,-0.07915893630179344,-0.04545454545454544,-0.019936204146730474,-0.06818181818181818,-0.06851119894598157,-0.13257575757575757,-0.15503875968992253,-0.07095343680709537,-0.17515151515151517,-0.10606060606060602,-0.022932022932022927,-0.08441558441558444,-0.022727272727272707,-0.03729603729603731,-0.03729603729603731,-0.02620802620802623,-0.18545454545454548,-0.17112299465240643,-0.12878787878787878,-0.06379585326953746,-0.1541501976284585,-0.10051736881005174,-0.06778309409888356,-0.06504065040650409,-0.11136363636363633,-0.06379585326953746,-0.08441558441558444,-0.04040404040404039,-0.15501165501165504,-0.11989459815546771,-0.14558629776021081,-0.1742424242424243,-0.1428571428571428,-0.23484848484848486,-0.05594405594405594,-0.05980861244019137,-0.06060606060606066,-0.11038961038961037,-0.05980861244019137,-0.051948051948051965,0.0,-0.04730229120473026,-0.06493506493506496,-0.08522727272727273,-0.08563899868247696,-0.08333333333333331,-0.05303030303030301,-0.045864045864045855,-0.02797202797202797,-0.04848484848484849,-0.024242424242424246,-0.05656565656565657,-0.021141649048625796,-0.03246753246753248,-0.051383399209486175,-0.03787878787878789,-0.08123791102514505,-0.06851119894598157,0.03333333333333338,-0.08080808080808086,-0.13539651837524175,-0.07575757575757577,-0.04545454545454544,-0.10416666666666666,-0.03232323232323234,-0.007575757575757576,-0.1284584980237154,-0.1284584980237154
-0.04054054054054046,-0.04826254826254822,-0.05656819610307984,-0.10047003525264397,0.013899613899613916,-0.04902576995600255,0.02934362934362933,-0.04504504504504503,0.0,0.04645270270270274,-0.04504504504504503,-0.06411062225015712,-0.07207207207207206,0.01698841698841702,0.03276003276003281,1.0,-0.03691496374423203,-0.10047003525264397,-0.06411062225015712,-0.03243243243243238,0.0,0.03338632750397458,-0.03861003861003859,0.0,-0.02900461437046803,-0.030405405405405372,-0.07309582309582308,-0.04804804804804805,-0.019404019404019424,-0.03771213073538654,-0.04826254826254822,-0.03861003861003859,-0.17870932156646435,-0.04504504504504503,-0.009957325746799417,-0.07309582309582308,-0.07931844888366624,-0.12387387387387383,-0.04902576995600255,-0.044825313117996035,-0.13351351351351354,-0.05159705159705158,0.0,-0.04826254826254822,0.009009009009009028,-0.019404019404019424,-0.013860013860013842,0.0,-0.1405405405405405,-0.11870694223635397,-0.07309582309582308,-0.010668563300142209,-0.10047003525264397,-0.044825313117996035,-0.00924608819345657,-0.04218852999340805,-0.02635135135135136,-0.0049786628733997085,-0.03539253539253534,0.012012012012012074,-0.11694386694386694,-0.09518213866039948,-0.06874265569917742,-0.05159705159705158,-0.03539253539253534,-0.0558968058968059,-0.018018018018018056,-0.0056899004267425,-0.013860013860013842,-0.041827541827541836,-0.008534850640113778,-0.025740025740025735,0.019656019656019652,-0.021094264996704026,-0.03539253539253534,-0.05574324324324323,-0.05287896592244415,-0.03869778869778867,-0.07739557739557734,0.0,-0.008316008316008316,-0.03363363363363364,-0.03363363363363364,-0.06246246246246251,-0.015084852294154627,-0.019305019305019294,-0.06345475910693305,-0.04954954954954954,-0.06325474410580789,-0.021151586368977668,0.05675675675675679,-0.05765765765765768,-0.04025301897642322,-0.0681306306306306,-0.012870012870012867,-0.10529279279279274,-0.038438438438438444,-0.030098280098280084,-0.08460634547591067,-0.06345475910693305
0.005487804878048785,-0.0029036004645760644,-0.012478729438457181,-0.023860021208907733,0.06689895470383278,-0.01134429948950652,0.04181184668989549,-0.0034843205574912606,0.050098879367172056,0.054878048780487826,-0.007549361207897787,-0.02382302892796373,-0.039024390243902474,0.058536585365853655,0.041389504804138944,0.03691496374423203,1.0,-0.037115588547189826,-0.015882019285309135,0.007317073170731769,0.02900461437046803,0.10545193687230991,-0.015098722415795574,0.05800922874093606,0.0,0.01097560975609757,-0.026607538802660702,-0.04336043360433606,0.023764853033145683,-0.019285309132161088,-0.005807200929152129,-0.008710801393728151,-0.05574912891986061,-0.012195121951219523,0.03851091142490376,-0.01829268292682923,-0.02651113467656413,-0.046239837398374006,-0.004537719795802614,0.0,-0.05707317073170731,-0.013303769401330351,0.04218852999340805,-0.0034843205574912606,0.027100271002710064,0.01751094434021261,0.020012507817385894,0.02373104812129201,-0.04829268292682923,-0.04304160688665709,-0.009977827050997756,0.013478818998716308,-0.005302226935312827,0.0,0.0211810012836971,0.0,0.005487804878048785,0.03273427471116819,-0.009872241579558627,0.04403794037940384,-0.08771106941838647,-0.05302226935312826,-0.04772004241781547,-0.02161862527716185,-0.0046457607433217085,-0.016629711751662946,0.015009380863039434,0.0211810012836971,0.01375859912445282,-0.005226480836236919,0.02503209242618748,-0.011033681765389047,0.10051736881005174,0.0,-0.012195121951219523,-0.05691056910569103,-0.06362672322375396,-0.034922394678492286,-0.02161862527716185,0.010547132498352013,0.02126328955597251,-0.02168021680216803,-0.02384823848238482,-0.02818428184281846,-0.013613159387407814,-0.0046457607433217085,-0.023860021208907733,-0.06758130081300812,-0.018681888946549013,-0.018557794273594913,0.026829268292682937,-0.026016260162601612,-0.04047742605085625,-0.046239837398374006,-0.005226480836236919,-0.03201219512195122,-0.013008130081300806,-0.016629711751662946,-0.02651113467656413,-0.010604453870625655
0.05869565217391304,0.04761904761904767,0.03185035389282104,0.0,0.04782608695652174,0.02730030333670369,0.15031055900621115,0.049689440993788914,0.05287896592244415,0.16168478260869568,0.03933747412008287,0.0227502527805864,0.008695652173912993,0.11614906832298139,0.11133069828722003,0.10047003525264397,0.037115588547189826,1.0,0.030333670374115218,0.07173913043478264,0.14806110458284372,0.07672634271099746,0.026915113871635588,0.05287896592244415,0.04241781548250262,0.05543478260869572,0.017786561264822143,0.005797101449275366,0.06633221850613158,0.016683518705763345,0.03726708074534163,0.02898550724637683,-0.02395740905057675,0.035196687370600444,0.04576659038901601,0.018774703557312256,0.0,-0.012681159420289856,0.024266936299292163,0.05037115588547192,-0.027826086956521723,0.024703557312253044,0.07403055229142186,0.04554865424430643,0.11473429951690828,0.058528428093645446,0.05072463768115937,0.07931844888366624,-0.040000000000000036,-0.04262574595055413,0.021739130434782594,0.08695652173913049,0.0,0.04772004241781547,0.06407322654462244,0.04772004241781547,0.061956521739130466,0.05491990846681927,0.02898550724637683,0.12681159420289861,-0.05016722408026758,0.0,0.0,0.01679841897233203,0.03726708074534163,0.01976284584980237,0.07803790412486061,0.07322654462242567,0.0741360089186176,0.05797101449275366,0.09610983981693372,0.02898550724637683,0.10276679841897235,0.03976670201484617,0.0331262939958592,-0.012681159420289856,0.0,0.014822134387351749,0.022727272727272707,0.09518213866039948,0.03901895206243031,0.006763285024154575,0.004830917874396101,0.007729468599033784,0.016683518705763345,0.022774327122153215,0.0,-0.014492753623188415,-0.00971322849213685,0.0,0.11594202898550723,0.005797101449275366,-0.006938020351526353,-0.017210144927536197,0.022774327122153215,-0.01992753623188409,0.008695652173912993,0.010869565217391297,0.0,0.0
0.041860465116279166,0.004429678848283519,0.0,-0.030333670374115218,0.05847176079734223,0.0,0.0903654485049834,0.007198228128460715,0.030169704588309254,0.09593023255813954,0.011074197120708784,0.0,-0.020671834625323016,0.12225913621262463,0.08456659619450319,0.06411062225015712,0.015882019285309135,-0.030333670374115218,1.0,0.03488372093023262,0.07919547454431175,0.1046511627906977,0.007198228128460715,0.01131363922061597,0.00567214974475326,0.02790697674418613,-0.012684989429175397,-0.019638242894056857,0.031007751937984496,0.0,0.012735326688815163,0.0049833887043189695,-0.0626483151400094,0.008859357696567038,0.06731946144430856,-0.011099365750528556,-0.039433771486349745,-0.04602713178294571,0.0,0.024957458876914362,-0.0944186046511627,-0.012684989429175397,0.0980515399120051,0.01605758582502781,0.0904392764857882,0.06440071556350624,0.057245080500894496,0.09428032683846643,-0.08790697674418602,-0.10943912448700399,-0.011627906976744096,0.024479804161566754,-0.018200202224469164,0.013613159387407814,0.03365973072215428,0.020419739081111776,0.01744186046511631,0.021419828641370875,0.0033222591362126463,0.06782945736434115,-0.04427549194991051,-0.02881698685540951,-0.012133468149646082,-0.010042283298097254,0.007198228128460715,-0.0068710359408033495,0.03816338700059635,0.04895960832313351,0.021466905187835422,0.008305647840531616,0.03365973072215428,0.002768549280177196,0.04228329809725159,0.00567214974475326,0.002768549280177196,-0.012112403100775188,-0.009100101112234582,-0.0026427061310782124,-0.01057082452431285,0.02262727844123194,0.007155635062611812,-0.014470284237726116,-0.013436692506459957,-0.013436692506459957,0.0,0.007751937984496138,-0.037917087967644036,-0.055717054263565824,-0.04354280059376536,-0.024266936299292163,0.07054263565891475,-0.007235142118863058,-0.015833745670460142,-0.036337209302325535,0.0049833887043189695,-0.07025193798449603,-0.014470284237726116,-0.009513742071881548,-0.040950455005055564,-0.039433771486349745
0.0,-0.01428571428571429,-0.03837209302325595,-0.05869565217391304,0.03928571428571426,-0.043604651162790775,0.07499999999999996,-0.01904761904761909,0.030405405405405372,0.07499999999999996,-0.021428571428571408,-0.0244186046511628,-0.050000000000000044,0.060714285714285665,0.07424242424242422,0.03243243243243238,-0.007317073170731769,-0.07173913043478264,-0.03488372093023262,1.0,0.04054054054054046,0.048529411764705876,-0.020238095238095277,0.02027027027027023,-0.0036585365853658847,0.0,-0.050000000000000044,-0.04444444444444451,0.017307692307692246,-0.03139534883720935,-0.013095238095238104,-0.005952380952380959,-0.07806122448979597,-0.01428571428571429,0.01315789473684209,-0.06590909090909092,-0.06847826086956527,-0.07083333333333336,-0.029651162790697738,-0.011585365853658547,-0.09000000000000002,-0.03863636363636369,0.018243243243243223,-0.025000000000000022,0.050000000000000044,0.008333333333333304,0.008974358974358942,0.03648648648648645,-0.135,-0.11862745098039218,-0.04545454545454547,0.01842105263157895,-0.05543478260869572,-0.008536585365853666,0.025000000000000022,-0.014634146341463539,0.0,0.01710526315789479,-0.013095238095238104,0.050000000000000044,-0.10384615384615387,-0.08152173913043481,-0.048913043478260865,-0.050000000000000044,-0.022619047619047594,-0.03863636363636369,0.012179487179487136,0.022368421052631537,0.007692307692307665,-0.022619047619047594,0.03157894736842104,-0.011904761904761918,0.06893939393939397,-0.01036585365853665,-0.015476190476190477,-0.05833333333333335,-0.05543478260869572,-0.02954545454545454,-0.03863636363636369,0.01621621621621619,0.004487179487179471,-0.025000000000000022,-0.030555555555555614,-0.01944444444444446,-0.019186046511627974,-0.009523809523809545,-0.061956521739130466,-0.06666666666666671,-0.08563829787234045,-0.042391304347826064,0.05833333333333335,-0.011111111111111127,-0.05212765957446808,-0.045833333333333365,-0.004761904761904773,-0.08750000000000002,-0.03333333333333338,-0.022727272727272735,-0.07500000000000007,-0.06847826086956527
