0,1,2,3,4,5,6,7,8,9,10,11,12,13,14,15,16,17,18,19,20,21,22,23,24,25,26,27,28,29,30,31,32,33,34,35,36,37,38,39,40,41,42,43,44,45,46,47,48,49,50,51,52,53,54,55,56,57,58,59,60,61,62,63,64,65,66,67,68,69,70,71,72,73,74,75,76,77,78,79,80,81,82,83,84,85,86,87,88,89,90,91,92,93,94,95,96,97,98,99
1.0,-0.03095975232198145,-0.05159958720330232,-0.01257861635220131,-0.04969574036511154,-0.09740670461733081,-0.025668449197860987,-0.031512605042016806,-0.020697167755991286,-0.03676470588235298,-0.0313725490196079,-0.06107360977177756,-0.053173811897640366,-0.0676470588235294,-0.09710550887021469,-0.04334365325077394,-0.03722166832834828,-0.01853832442067735,-0.0313725490196079,-0.04496281271129138,-0.0676470588235294,-0.04223227752639516,-0.09291101055806944,-0.026470588235294107,-0.028520499108734387,-0.06372549019607843,-0.0514304082288653,-0.04496281271129138,-0.05051512130275837,-0.06684491978609627,-0.13256006628003314,-0.08363970588235292,-0.017429193899782147,-0.05975723622782447,-0.0846702317290553,-0.0672268907563025,-0.07567401960784315,-0.10294117647058826,-0.04999999999999999,-0.05913978494623656,-0.13725490196078433,-0.10636583400483479,-0.0716911764705882,-0.03456297773346623,-0.04117647058823529,-0.04411764705882354,-0.05602240896358546,-0.055759803921568624,-0.09710550887021469,-0.04785643070787632,-0.031590413943355156,-0.006787330316742057,-0.04732927653820146,-0.006410256410256443,-0.06770833333333337,-0.07714561234329798,-0.039215686274509776,-0.01331853496115426,-0.031512605042016806,-0.06261859582542695,-0.05392156862745101,0.01470588235294118,-0.057859209257473454,-0.03501400560224088,-0.08349146110056926,-0.11948529411764708,-0.04747162022703816,-0.04223227752639516,-0.03535840565734491,-0.030764029749830918,-0.02626050420168069,-0.04108309990662934,-0.03715170278637764,-0.04785643070787632,-0.038235294117647034,-0.03722166832834828,-0.06770833333333337,0.007058823529411784,-0.02889576883384931,-0.04999999999999999,-0.020588235294117643,-0.061764705882352944,-0.021269524759056163,-0.02063983488132093,-0.02476780185758512,-0.032352941176470584,-0.055660974067046176,-0.08024132730015082,-0.10644257703081228,-0.07960199004975127,-0.0676470588235294,-0.047058823529411764,-0.02832244008714596,-0.06862745098039216,-0.01750700280112044,-0.05793226381461675,-0.01198257080610024,-0.03857280617164899,-0.06380857427716846,-0.07096171802054158
0.03095975232198145,1.0,0.0,0.047666335650446756,-0.007864488808227432,-0.02546689303904931,0.01467304625199356,0.01159147869674182,0.026315789473684126,0.002506265664160373,0.008293460925039853,-0.009203336209375912,-0.005947071067499254,-0.011403508771929832,-0.026733500417710998,0.0,-0.005947071067499254,0.015311004784688886,0.008293460925039853,-0.004234724742891716,-0.005263157894736845,-0.04534412955465594,-0.021592442645074233,-0.011403508771929832,0.006379585326953735,-0.03645833333333337,-0.025309174575783744,-0.0024198427102238296,-0.008325899494498967,-0.02392344497607657,-0.06918705213738574,-0.038377192982456176,0.012670565302144221,-0.04010025062656647,-0.04306220095693786,-0.030075187969924866,-0.024945175438596506,-0.04256965944272448,-0.019298245614035092,-0.0226372382569327,-0.04824561403508776,-0.04614275414563809,-0.03262061403508776,-0.008325899494498967,-0.01403508771929829,-0.016666666666666663,-0.030075187969924866,-0.03262061403508776,-0.02506265664160401,-0.008325899494498967,0.02339181286549702,0.055668016194331926,-0.010284331518451317,0.0455465587044534,-0.04797149122807021,-0.024158757549611776,0.0,0.03574975173783507,0.003759398496240546,-0.016977928692699512,-0.0340557275541796,0.0394736842105263,-0.014955421340235836,0.004072681704260617,-0.02405206564799095,-0.034539473684210564,0.0,-0.041025641025641046,-0.020707506471095816,-0.00877192982456143,0.004072681704260617,-0.0317460317460318,0.0,-0.008920606601248882,-0.009649122807017546,-0.005947071067499254,-0.030701754385964952,0.017192982456140343,0.0,-0.017543859649122806,-0.01403508771929829,-0.011403508771929832,-0.01070472792149868,0.0,0.0,-0.016666666666666663,-0.019807583474816093,-0.012955465587044551,-0.06516290726817042,-0.041895784236711225,-0.01315789473684209,-0.02105263157894738,0.020467836257309857,-0.04824561403508776,0.0056390977443608326,-0.03827751196172252,0.019493177387914173,-0.021857923497267784,-0.011894142134998509,-0.03341687552213868
0.05159958720330232,0.0,1.0,0.04104601125455143,-0.007864488808227432,-0.04951895868704026,0.015948963317384324,0.01159147869674182,0.03411306042884976,0.007205513784461104,0.01275917065390747,-0.029910842680471672,-0.013083556348498393,-0.019298245614035092,-0.04511278195488727,0.0,-0.011299435028248594,0.018500797448165796,0.01467304625199356,-0.006957047791893489,-0.016666666666666663,-0.036707152496626205,-0.047503373819163364,-0.011403508771929832,0.009569377990430616,-0.019188596491228088,-0.021857923497267784,-0.004839685420447659,-0.011894142134998509,-0.03349282296650721,-0.08994316777860145,-0.04797149122807021,0.019493177387914173,-0.05179615705931501,-0.04306220095693786,-0.04010025062656647,-0.030701754385964952,-0.05392156862745101,-0.020175438596491235,-0.02688172043010756,-0.062435500515995945,-0.04614275414563809,-0.03262061403508776,-0.008325899494498967,-0.01315789473684209,-0.01403508771929829,-0.02172096908939014,-0.030701754385964952,-0.04010025062656647,-0.011894142134998509,0.024366471734892703,0.053981106612685514,-0.00877192982456143,0.04048582995951411,-0.07675438596491235,-0.046016681046879504,0.0,0.046342270771267735,0.006578947368420962,-0.033955857385399024,-0.0681114551083592,0.06578947368421051,-0.026459591601955712,0.007205513784461104,-0.03678551216751558,-0.05948464912280704,0.0,-0.051821862348178205,-0.026459591601955712,-0.009981851179673318,0.005012531328320746,-0.028404344193817876,0.0,-0.013083556348498393,-0.014912280701754377,-0.008325899494498967,-0.04797149122807021,0.0319298245614035,0.0,-0.01315789473684209,-0.015789473684210575,-0.01052631578947369,-0.004162949747249484,0.0,0.0,-0.016666666666666663,-0.014148273910582904,-0.025910931174089102,-0.08471177944862157,-0.04451427075150566,-0.012280701754385975,-0.020175438596491235,0.022417153996101336,-0.04824561403508776,0.004072681704260617,-0.028708133971291905,0.015594541910331328,-0.020707506471095816,-0.014272970561998222,-0.0317460317460318
0.01257861635220131,-0.047666335650446756,-0.04104601125455143,1.0,-0.05530253741053992,-0.06847230675593419,-0.01783876500857634,-0.03133423180592998,-0.009783368273934334,-0.009097035040431273,-0.011663807890222977,-0.02474481905351067,-0.01343140390150302,-0.022012578616352196,-0.04791853848457622,-0.037073816617014144,-0.02110649184521904,-0.011663807890222977,-0.00891938250428817,-0.02765126870526996,-0.013207547169811304,-0.05573294629898404,-0.017416545718432513,-0.017610062893081757,-0.004802744425385919,-0.03891509433962262,-0.044540674296319194,-0.014638906961613518,-0.03261912376079307,-0.052029731275014285,-0.08131809726282216,-0.06810141509433959,-0.007686932215234088,-0.06289308176100628,-0.04088050314465408,-0.06289308176100628,-0.061615566037735825,-0.07075471698113206,-0.04622641509433961,-0.038344491783323165,-0.07907880133185347,-0.05686223830447143,-0.05188679245283018,-0.024944035817077048,-0.035220125786163514,-0.048427672955974777,-0.029949086552860132,-0.05837264150943394,-0.0718778077268643,-0.04221298369043808,-0.007686932215234088,0.009071117561683606,-0.043916720884840554,0.011611030478955064,-0.08755896226415094,-0.06928549334982981,-0.03972194637537241,0.0,-0.014150943396226412,-0.04656116859403525,-0.06243063263041068,0.029481132075471705,-0.044540674296319194,-0.01920485175202158,-0.0602556299452221,-0.06810141509433959,-0.029129427341939684,-0.06966618287373005,-0.04701515620167024,-0.037410540013012306,-0.013140161725067406,-0.056903264450434254,-0.013240648791790793,-0.024944035817077048,-0.022012578616352196,-0.015350175887432038,-0.05188679245283018,0.009056603773584915,-0.019860973187686204,-0.04402515723270439,-0.022012578616352196,-0.033018867924528295,-0.024944035817077048,-0.026481297583581587,-0.0225091029460443,-0.05723270440251571,-0.03560559951308581,-0.017416545718432513,-0.10539083557951479,-0.05913827090960294,-0.017610062893081757,-0.04402515723270439,-0.006638714185883965,-0.07075471698113206,-0.014150943396226412,-0.03716409376786736,-0.007686932215234088,-0.05938756572842557,-0.049888071634154096,-0.0718778077268643
0.04969574036511154,0.007864488808227432,0.007864488808227432,0.05530253741053992,1.0,-0.028921023359288145,0.017868338557993635,0.012931034482758563,0.02809706257982114,0.008004926108374333,0.015987460815046983,-0.011871113623516116,-0.004091174751607252,-0.010344827586206917,-0.02189381499726334,0.006049606775559602,-0.004091174751607252,0.011285266457680215,0.019749216300940398,0.0,-0.007471264367816116,-0.02228116710875333,-0.01671087533156501,-0.006896551724137917,0.012225705329153569,-0.0274784482758621,-0.0186546071226682,0.0,-0.004967855055523107,-0.03552769070010453,-0.07576493443419136,-0.032327586206896575,0.03192848020434219,-0.02052545155993435,-0.01671891327063743,-0.03147235905856599,-0.045258620689655193,-0.0431034482758621,-0.010344827586206917,-0.023359288097886566,-0.0557809330628804,-0.0637694851204535,-0.02424568965517243,-0.006721215663354818,-0.013218390804597746,-0.014942528735632232,-0.024630541871921208,-0.0274784482758621,-0.04241926655719769,-0.008766803039158444,0.025542784163473775,0.03381962864721483,0.0,0.0576923076923076,-0.037176724137931105,-0.02204635387224424,0.006049606775559602,0.02765126870526996,0.008004926108374333,-0.01890989988876529,-0.030425963488843827,0.04669540229885058,-0.01102317693612212,0.008620689655172376,-0.02002224694104565,-0.025862068965517293,0.005747126436781602,-0.025994694960212228,-0.01102317693612212,0.0,0.004926108374384203,-0.017788724685276425,0.002117362371445858,-0.004383401519579222,-0.00804597701149426,-0.002630040911747511,-0.016163793103448287,0.03034482758620688,0.006352087114337601,-0.012068965517241403,-0.005747126436781602,-0.012643678160919547,-0.0061367621274108775,0.005444646098003658,0.004839685420447659,-0.01091954022988506,-0.023359288097886566,-0.018567639257294433,-0.07684729064039414,-0.0486361296963459,-0.012068965517241403,-0.011494252873563204,0.02681992337164746,-0.04817444219066941,0.01108374384236449,-0.043887147335423204,0.03192848020434219,-0.019502543810062223,-0.008766803039158444,-0.04378762999452668
0.09740670461733081,0.02546689303904931,0.04951895868704026,0.06847230675593419,0.028921023359288145,1.0,0.057478005865102655,0.041474654377880116,0.07407407407407407,0.04493087557603681,0.03900293255131959,0.007139079851930186,0.018042646254784023,0.012365591397849485,-0.007424475166410649,0.028296547821165807,0.0164024056861673,0.045161290322580594,0.04721407624633428,0.03893214682981094,0.015053763440860235,-0.008188585607940474,-0.015632754342431776,0.006451612903225823,0.045161290322580594,-0.007560483870967721,0.005023796932839775,0.02558398220244723,0.02214324767632586,-0.023460410557184785,-0.07360290776919576,-0.016129032258064502,0.06929510155316604,-0.004608294930875556,-0.012707722385141756,-0.009728622631848483,-0.016129032258064502,-0.041271347248576895,0.012903225806451646,0.0,-0.03700189753320687,-0.0486080424215643,-0.008568548387096808,0.0164024056861673,0.012903225806451646,0.010752688172043001,-0.0025601638504864355,-0.011088709677419373,-0.010496671786994427,0.028704209950792814,0.054958183990442055,0.043424317617866026,0.014460511679644072,0.046526054590570715,-0.02116935483870963,0.01189846641988368,0.033955857385399024,0.07668898356664633,0.041474654377880116,0.0,-0.034155597722960174,0.09879032258064518,0.007403490216816522,0.041474654377880116,0.0,-0.015120967741935443,0.0481041312959819,-0.01488833746898266,0.003966155473294569,0.023359288097886566,0.038018433179723476,-0.004864311315924241,0.03678551216751558,0.019682886823400803,0.010752688172043001,0.015582285401858964,-0.013608870967741993,0.08903225806451615,0.03678551216751558,0.013440860215053752,0.010215053763440896,0.010752688172043001,0.011481683980317126,0.019807583474816093,0.02405206564799095,0.012365591397849485,0.0,-0.018610421836228352,-0.07926267281105981,-0.03129513721714011,0.010752688172043001,0.014516129032258074,0.06929510155316604,-0.02561669829222013,0.02937788018433174,-0.021505376344086058,0.04540023894862605,0.005552617662612391,0.03198469108802626,-0.008960573476702538
0.025668449197860987,-0.01467304625199356,-0.015948963317384324,0.01783876500857634,-0.017868338557993635,-0.057478005865102655,1.0,-0.01103896103896107,0.009090909090909094,-0.005519480519480535,0.0,-0.02324888226527569,-0.017257318952234202,-0.027272727272727226,-0.048484848484848464,-0.02169059011164265,-0.017257318952234202,0.0,0.0,-0.02257053291536043,-0.036363636363636265,-0.05874125874125874,-0.05594405594405594,-0.02121212121212121,0.0,-0.040909090909090895,-0.030402384500745117,-0.015987460815046983,-0.03081664098613246,-0.06969696969696965,-0.07784891165172847,-0.07414772727272728,0.008754208754208737,-0.05772005772005773,-0.04242424242424245,-0.04386724386724383,-0.05624999999999997,-0.10080213903743318,-0.04242424242424242,-0.04926686217008791,-0.10427807486631019,-0.0672478206724782,-0.06136363636363629,-0.02465331278890598,-0.0257575757575757,-0.0318181818181818,-0.02539682539682539,-0.05624999999999997,-0.05310245310245304,-0.02711864406779657,0.006734006734006703,0.02097902097902099,-0.019749216300940398,0.017832167832167845,-0.06647727272727272,-0.04470938897168403,-0.018500797448165796,0.01783876500857634,-0.0071428571428571175,-0.04105571847507328,-0.07994652406417113,0.05303030303030304,-0.04649776453055138,-0.0071428571428571175,-0.045161290322580594,-0.06392045454545453,-0.018500797448165796,-0.06993006993006995,-0.030402384500745117,-0.023510971786833812,-0.007792207792207795,-0.05772005772005773,-0.015311004784688886,-0.02218798151001533,-0.028787878787878696,-0.016024653312788878,-0.058806818181818155,0.036363636363636376,-0.010845295055821325,-0.027272727272727226,-0.027272727272727226,-0.019696969696969685,-0.01232665639445299,-0.007017543859649089,-0.012121212121212033,-0.04393939393939389,-0.028739002932551327,-0.03916083916083918,-0.07792207792207789,-0.07164179104477608,-0.018181818181818132,-0.03939393939393937,0.007070707070707061,-0.052139037433155094,-0.006818181818181834,-0.05454545454545451,0.005723905723905742,-0.04113263785394927,-0.025885978428351275,-0.048484848484848464
0.031512605042016806,-0.01159147869674182,-0.01159147869674182,0.03133423180592998,-0.012931034482758563,-0.041474654377880116,0.01103896103896107,1.0,0.025132275132275228,0.0,0.004545454545454575,-0.019028103044496453,-0.01361985472154964,-0.02380952380952378,-0.045634920634920584,-0.012218045112781795,-0.012711864406779627,0.012337662337662314,0.006818181818181834,-0.011699507389162478,-0.01785714285714285,-0.05686813186813183,-0.044505494505494514,-0.01785714285714285,0.0025974025974025983,-0.03794642857142855,-0.026346604215456648,-0.007389162561576318,-0.01725181598062947,-0.03246753246753245,-0.06790744466800802,-0.058035714285714246,0.011243386243386277,-0.06547619047619047,-0.05411255411255411,-0.037698412698412676,-0.029017857142857123,-0.069327731092437,-0.032142857142857084,-0.031105990783410142,-0.06617647058823528,-0.03326810176125243,-0.042410714285714246,-0.011803874092009642,-0.013095238095238076,-0.015476190476190449,-0.027777777777777762,-0.03348214285714285,-0.031746031746031744,-0.010895883777239657,0.015211640211640232,0.04395604395604402,-0.020320197044334964,0.03846153846153855,-0.06919642857142849,-0.040983606557376984,-0.014097744360902054,0.039420485175202136,0.0,-0.02937788018433174,-0.05987394957983189,0.04464285714285715,-0.032201405152224805,0.0,-0.04320276497695846,-0.0558035714285714,-0.008458646616541277,-0.051923076923076905,-0.033665105386416816,-0.024014778325123,0.0,-0.049603174603174593,-0.0046992481203007586,-0.021791767554479313,-0.019047619047619035,-0.009987893462469727,-0.0558035714285714,0.023571428571428577,-0.00438596491228066,-0.021428571428571408,-0.02261904761904754,-0.01190476190476189,-0.011803874092009642,-0.005325814536340789,-0.00438596491228066,-0.02738095238095234,-0.020737327188940058,-0.02472527472527472,-0.08214285714285707,-0.05277185501066095,-0.015476190476190449,-0.026190476190476153,0.013888888888888895,-0.047268907563025236,0.0,-0.03517316017316016,0.007936507936507964,-0.02781030444964866,-0.018159806295399483,-0.033730158730158666
0.020697167755991286,-0.026315789473684126,-0.03411306042884976,0.009783368273934334,-0.02809706257982114,-0.07407407407407407,-0.009090909090909094,-0.025132275132275228,1.0,-0.011904761904761918,-0.005723905723905742,-0.03612629022465086,-0.029817953546767084,-0.03703703703703698,-0.07671957671957669,-0.02826510721247555,-0.021971123666038872,-0.010101010101010055,-0.007070707070707061,-0.029374201787994825,-0.03518518518518515,-0.05327635327635327,-0.05641025641025643,-0.01851851851851849,-0.003703703703703709,-0.049189814814814825,-0.04462659380692163,-0.024265644955300092,-0.03923414940364084,-0.06397306397306401,-0.10198226395409493,-0.07233796296296291,0.0,-0.0714285714285714,-0.06397306397306401,-0.0714285714285714,-0.06076388888888884,-0.08769063180827891,-0.05185185185185176,-0.05256869772998801,-0.09531590413943353,-0.0578386605783866,-0.05787037037037035,-0.023540489642184526,-0.024074074074074053,-0.033333333333333326,-0.047619047619047616,-0.052083333333333315,-0.05291005291005285,-0.03138731952291268,0.0,0.019943019943020057,-0.029374201787994825,0.01495726495726496,-0.09259259259259256,-0.0680024286581663,-0.03606237816764124,0.013976240391334827,-0.013227513227513199,-0.05734767025089604,-0.08006535947712418,0.041666666666666685,-0.051001821493624755,-0.015873015873015928,-0.06212664277180402,-0.09259259259259256,-0.029239766081871288,-0.05327635327635327,-0.04462659380692163,-0.040868454661557974,-0.012566137566137614,-0.055555555555555525,-0.019493177387914173,-0.043942247332077744,-0.024074074074074053,-0.020401757689893246,-0.07233796296296291,0.023703703703703727,-0.01851851851851849,-0.03518518518518515,-0.031481481481481444,-0.029629629629629617,-0.01569365976145634,-0.014619883040935644,-0.013645224171539905,-0.04814814814814811,-0.03823178016726403,-0.05641025641025643,-0.11428571428571421,-0.0826423438363737,-0.031481481481481444,-0.03888888888888886,0.0,-0.06100217864923746,-0.010582010582010581,-0.06060606060606061,0.0,-0.04462659380692163,-0.032956685499058336,-0.060846560846560815
0.03676470588235298,-0.002506265664160373,-0.007205513784461104,0.009097035040431273,-0.008004926108374333,-0.04493087557603681,0.005519480519480535,0.0,0.011904761904761918,1.0,0.007792207792207795,-0.04976580796252916,-0.02723970944309928,-0.03452380952380946,-0.06349206349206349,-0.005325814536340789,-0.025423728813559254,0.006168831168831157,0.007792207792207795,-0.016009852216748666,-0.042857142857142816,-0.044505494505494514,-0.06428571428571422,-0.024999999999999967,0.01103896103896107,-0.031249999999999972,-0.020491803278688492,-0.016009852216748666,-0.026331719128329267,-0.04870129870129869,-0.11317907444668007,-0.05357142857142849,0.013227513227513199,-0.0357142857142857,-0.04599567099567098,-0.045634920634920584,-0.0558035714285714,-0.1071428571428571,-0.02976190476190471,-0.04665898617511516,-0.069327731092437,-0.10396281800391388,-0.04910714285714285,-0.01361985472154964,-0.019047619047619035,-0.013095238095238076,-0.0357142857142857,-0.029017857142857123,-0.051587301587301515,-0.01725181598062947,0.010582010582010581,0.012362637362637374,-0.008620689655172376,0.013736263736263743,-0.0513392857142857,-0.033665105386416816,-0.0046992481203007586,0.020215633423180612,0.0,-0.05357142857142849,-0.09453781512605047,0.05059523809523814,-0.040983606557376984,0.0,-0.05357142857142849,-0.06473214285714285,-0.0056390977443608326,-0.04697802197802192,-0.032201405152224805,-0.010467980295566448,0.0,-0.031746031746031744,-0.008458646616541277,-0.024515738498789297,-0.036904761904761774,-0.029055690072639195,-0.0669642857142857,0.057857142857142885,-0.007205513784461104,-0.021428571428571408,-0.02976190476190471,-0.02261904761904754,-0.009987893462469727,-0.00438596491228066,-0.0034461152882205304,-0.015476190476190449,-0.04493087557603681,-0.061813186813186816,-0.11428571428571421,-0.07915778251599148,-0.0357142857142857,-0.02976190476190471,0.015873015873015928,-0.07878151260504201,0.0,-0.04599567099567098,0.007936507936507964,-0.010245901639344246,-0.01906779661016944,-0.04166666666666663
0.0313725490196079,-0.008293460925039853,-0.01275917065390747,0.011663807890222977,-0.015987460815046983,-0.03900293255131959,0.0,-0.004545454545454575,0.005723905723905742,-0.007792207792207795,1.0,-0.04649776453055138,-0.034514637904468404,-0.036363636363636265,-0.07388167388167388,-0.011483253588516651,-0.02465331278890598,0.0,0.0,-0.018808777429467072,-0.028787878787878696,-0.05594405594405594,-0.06153846153846154,-0.027272727272727226,0.0,-0.028124999999999983,-0.03397913561847982,-0.023510971786833812,-0.023420647149460627,-0.06666666666666665,-0.09423815620998716,-0.04346590909090908,0.006734006734006703,-0.055411255411255356,-0.06666666666666665,-0.05310245310245304,-0.06647727272727272,-0.09037433155080216,-0.0318181818181818,-0.03695014662756596,-0.08342245989304808,-0.09414694894146947,-0.05369318181818178,-0.019722650231124794,-0.024242424242424232,-0.0257575757575757,-0.05310245310245304,-0.04346590909090908,-0.048484848484848464,-0.02465331278890598,0.007407407407407418,0.017832167832167845,-0.014106583072100276,0.02097902097902099,-0.040909090909090895,-0.03934426229508192,-0.010207336523125943,0.010977701543739282,-0.005844155844155818,-0.06568914956011729,-0.08342245989304808,0.042424242424242475,-0.03934426229508192,-0.006168831168831157,-0.03695014662756596,-0.07414772727272728,-0.011483253588516651,-0.05874125874125874,-0.04113263785394927,-0.018808777429467072,-0.005519480519480535,-0.05310245310245304,-0.013397129186602796,-0.032049306625577756,-0.028787878787878696,-0.02465331278890598,-0.051136363636363646,0.040000000000000036,-0.011483253588516651,-0.028787878787878696,-0.030303030303030276,-0.046969696969696884,-0.016024653312788878,-0.011483253588516651,-0.010207336523125943,-0.0257575757575757,-0.04721407624633428,-0.06993006993006995,-0.10129870129870128,-0.09118046132971508,-0.04090909090909084,-0.027272727272727226,0.007407407407407418,-0.07647058823529412,-0.004545454545454575,-0.05454545454545451,0.00471380471380467,-0.03219076005961247,-0.023420647149460627,-0.055411255411255356
0.06107360977177756,0.009203336209375912,0.029910842680471672,0.02474481905351067,0.011871113623516116,-0.007139079851930186,0.02324888226527569,0.019028103044496453,0.03612629022465086,0.04976580796252916,0.04649776453055138,1.0,0.022784106696304596,0.0071038251366120075,-0.015092375748113451,0.024158757549611776,0.01944984717977216,0.03397913561847982,0.04470938897168403,0.01695873374788015,0.007650273224043713,-0.02723833543505677,-0.03329129886506943,0.007923497267759594,0.04828614008941873,-0.013831967213114749,0.0,0.026286037309214305,0.013337038066129514,-0.03229011425732742,-0.05079658277534055,-0.016137295081967207,0.03612629022465086,-0.014051522248243575,-0.03725782414307005,-0.010408534998698926,-0.012295081967213128,-0.04387656702025078,0.0038251366120218566,-0.006081438392385008,-0.04050144648023146,-0.06737031214911299,-0.02074795081967218,0.006112809113642675,0.00491803278688524,0.0035519125683060038,-0.010928961748633892,-0.015368852459016424,-0.011969815248503768,0.010002778549597136,0.040376442015786274,0.04823455233291296,0.013566986998304165,0.04823455233291296,-0.015368852459016424,0.0,0.0172562553925798,0.04701515620167024,0.033665105386416816,-0.008196721311475419,-0.06412729026036645,0.10655737704918034,0.0,0.036592505854800894,-0.008196721311475419,-0.02074795081967218,0.021857923497267784,-0.031273644388398525,0.0,0.015262860373092157,0.033665105386416816,-0.010408534998698926,0.028760425654299704,0.013337038066129514,0.007923497267759594,0.015004167824395676,-0.02074795081967218,0.07573770491803278,0.018406672418751824,0.0043715846994535346,0.0071038251366120075,0.004644808743169415,0.006668519033064757,0.026459591601955712,0.019557089444923792,0.004644808743169415,-0.004759386567953494,-0.02522068095838592,-0.050585480093676805,-0.03229752874969416,0.005464480874316946,0.00491803278688524,0.04887674559805705,-0.04050144648023146,0.019028103044496453,-0.013661202185792365,0.021250758955676963,0.0,0.010002778549597136,-0.0072859744990892705
0.053173811897640366,0.005947071067499254,0.013083556348498393,0.01343140390150302,0.004091174751607252,-0.018042646254784023,0.017257318952234202,0.01361985472154964,0.029817953546767084,0.02723970944309928,0.034514637904468404,-0.022784106696304596,1.0,-0.00819209039548019,-0.031207963411353234,0.009515313707998851,0.0,0.02465331278890598,0.02711864406779657,0.004675628287551192,-0.006214689265536699,-0.04067796610169494,-0.04850065189048247,-0.006497175141242928,0.032049306625577756,-0.01986228813559321,-0.013337038066129514,0.009643483343074188,0.0,-0.04853620955315874,-0.07161613750298401,-0.022510593220338992,0.026679221594475833,-0.02259887005649719,-0.05752439650744734,-0.02152273338714017,-0.027807203389830504,-0.05608175473579269,-0.006497175141242928,-0.020503007107709137,-0.0583250249252244,-0.07476201532389132,-0.03310381355932207,0.0,-0.005084745762711895,-0.0053672316384180685,-0.03336023675006733,-0.03442796610169496,-0.02152273338714017,0.0,0.03452605147520399,0.02966101694915252,0.005260081823495022,0.0319426336375489,-0.025158898305084776,-0.01222561822728535,0.01070472792149868,0.03645666773265105,0.018159806295399483,-0.019682886823400803,-0.06729810568295119,0.0893361581920904,-0.012781328146707405,0.016343825665859513,-0.018042646254784023,-0.03442796610169496,0.011299435028248594,-0.032855280312907464,-0.011114198388441243,0.004967855055523107,0.01725181598062947,-0.01829432337906911,0.012488849241748479,0.0,-0.0053672316384180685,0.0,-0.023834745762711884,0.06406779661016948,0.008325899494498967,-0.005084745762711895,-0.006214689265536699,-0.007627118644067787,0.0,0.012488849241748479,0.011299435028248594,-0.004237288135593209,-0.01722252597047569,-0.04850065189048247,-0.06125907990314766,-0.056665823425246675,-0.008474576271186418,-0.005649717514124297,0.03923414940364084,-0.0583250249252244,0.011803874092009642,-0.02876219825372367,0.02510985561833018,-0.01055848846901919,0.0,-0.019370460048426186
0.0676470588235294,0.011403508771929832,0.019298245614035092,0.022012578616352196,0.010344827586206917,-0.012365591397849485,0.027272727272727226,0.02380952380952378,0.03703703703703698,0.03452380952380946,0.036363636363636265,-0.0071038251366120075,0.00819209039548019,1.0,-0.024603174603174682,0.018421052631579005,0.008757062146892647,0.034848484848484795,0.06818181818181812,0.013793103448275834,0.0,-0.030769230769230826,-0.044871794871794934,0.0,0.02121212121212121,-0.019791666666666707,-0.006010928961748652,0.014942528735632232,0.009322033898305104,-0.042424242424242475,-0.06971830985915495,-0.028125000000000067,0.03888888888888886,-0.01904761904761909,-0.03484848484848485,-0.01746031746031751,-0.030208333333333393,-0.03921568627450983,0.0,-0.011827956989247324,-0.045098039215686336,-0.047488584474885825,-0.02395833333333336,0.006497175141242928,0.0,0.0,-0.022222222222222254,-0.027083333333333348,-0.01904761904761909,0.006497175141242928,0.02592592592592588,0.038461538461538436,0.00919540229885063,0.043589743589743546,-0.01770833333333338,-0.005737704918032771,0.019298245614035092,0.04182389937106912,0.019047619047619035,-0.010752688172043001,-0.03333333333333338,0.0625,-0.007650273224043713,0.02976190476190471,-0.013978494623655913,-0.03125,0.020175438596491235,-0.02820512820512827,-0.004644808743169415,0.01091954022988506,0.02738095238095234,-0.01428571428571429,0.019298245614035092,0.005084745762711895,0.0,0.003954802259887008,-0.028125000000000067,0.07666666666666666,0.02105263157894738,0.0,0.0,0.0,0.0031073446327683496,0.012280701754385975,0.011403508771929832,0.0,-0.012365591397849485,-0.02820512820512827,-0.059523809523809534,-0.033084577114427915,0.0,0.0,0.031481481481481444,-0.03921568627450983,0.01785714285714285,-0.03636363636363643,0.033333333333333326,-0.003005464480874326,0.006497175141242928,-0.015079365079365137
0.09710550887021469,0.026733500417710998,0.04511278195488727,0.04791853848457622,0.02189381499726334,0.007424475166410649,0.048484848484848464,0.045634920634920584,0.07671957671957669,0.06349206349206349,0.07388167388167388,0.015092375748113451,0.031207963411353234,0.024603174603174682,1.0,0.04845446950710114,0.02797955340328223,0.0623376623376623,0.06926406926406925,0.04378762999452668,0.025396825396825418,-0.011233211233211249,-0.014163614163614169,0.0134920634920635,0.05310245310245304,-0.004464285714285698,0.010928961748633892,0.04378762999452668,0.03874092009685237,-0.020923520923520955,-0.05186675609210817,-0.008432539682539764,0.06349206349206349,0.0,-0.015873015873015872,0.0,-0.006696428571428603,-0.039682539682539764,0.0277777777777779,0.007168458781362019,-0.03734827264239027,-0.045662100456621,-0.005952380952380931,0.015065913370998135,0.011904761904761918,0.0134920634920635,0.0,-0.004960317460317498,0.0,0.02259887005649719,0.07407407407407401,0.07387057387057389,0.02052545155993435,0.057081807081807046,-0.005456349206349187,0.015612802498048417,0.0417710944026734,0.07786762503743633,0.0575396825396825,0.008448540706605279,-0.02801120448179273,0.10416666666666669,0.01925578974759301,0.0714285714285714,0.009728622631848483,-0.012648809523809534,0.05012531328320802,-0.012698412698412709,0.012490241998438734,0.032840722495894925,0.06349206349206349,0.0,0.05012531328320802,0.03766478342749535,0.016666666666666663,0.020446596717783205,-0.00868055555555547,0.12380952380952381,0.03341687552213868,0.020634920634920617,0.015873015873015872,0.020634920634920617,0.011837503362927104,0.023391812865497102,0.02172096908939014,0.015873015873015872,0.0066564260112647045,-0.01611721611721617,-0.050793650793650724,-0.028429282160625458,0.020634920634920617,0.019841269841269882,0.07671957671957669,-0.01633986928104575,0.025793650793650758,-0.015873015873015872,0.03439153439153436,0.010928961748633892,0.02797955340328223,0.0
0.04334365325077394,0.0,0.0,0.037073816617014144,-0.006049606775559602,-0.028296547821165807,0.02169059011164265,0.012218045112781795,0.02826510721247555,0.005325814536340789,0.011483253588516651,-0.024158757549611776,-0.009515313707998851,-0.018421052631579005,-0.04845446950710114,1.0,-0.013083556348498393,0.01977671451355656,0.016586921850079706,-0.004839685420447659,-0.019298245614035092,-0.058299595141700467,-0.051821862348178205,-0.014912280701754377,0.008931419457735235,-0.02878289473684209,-0.014955421340235836,-0.005444646098003658,-0.014272970561998222,-0.045454545454545525,-0.044971583889300726,-0.055646929824561486,0.021442495126705596,-0.05513784461152882,-0.052631578947368474,-0.023391812865497102,-0.0230263157894737,-0.0681114551083592,-0.025438596491228094,-0.03254102999434072,-0.0681114551083592,-0.05767844268204758,-0.0460526315789474,-0.005947071067499254,-0.009649122807017546,-0.011403508771929832,-0.023391812865497102,-0.03262061403508776,-0.02506265664160401,-0.007136485280999111,0.026315789473684126,0.05735492577597834,-0.009679370840895318,0.04217273954116052,-0.044133771929824595,-0.028760425654299704,0.0,0.03972194637537241,0.006578947368420962,-0.029711375212224167,-0.05392156862745101,0.059210526315789436,-0.029910842680471672,0.007518796992481092,-0.04385964912280704,-0.05756578947368418,0.0,-0.06261808367071531,-0.028760425654299704,-0.00907441016333932,0.007518796992481092,-0.04010025062656647,0.0,-0.013083556348498393,-0.016666666666666663,-0.007136485280999111,-0.04221491228070179,0.039298245614035054,0.0,-0.018421052631579005,-0.01403508771929829,-0.008771929824561403,-0.005947071067499254,0.0,0.0,-0.020175438596491235,-0.012733446519524655,-0.023751686909581682,-0.04887218045112779,-0.041895784236711225,-0.011403508771929832,-0.020175438596491235,0.019493177387914173,-0.03973168214654285,0.005012531328320746,-0.01913875598086126,0.010721247563352798,-0.021857923497267784,-0.010110020814748766,-0.023391812865497102
0.03722166832834828,0.005947071067499254,0.011299435028248594,0.02110649184521904,0.004091174751607252,-0.0164024056861673,0.017257318952234202,0.012711864406779627,0.021971123666038872,0.025423728813559254,0.02465331278890598,-0.01944984717977216,0.0,-0.008757062146892647,-0.02797955340328223,0.013083556348498393,1.0,0.028351309707241867,0.03821263482280424,0.005844535359438907,-0.008474576271186418,-0.059452411994784904,-0.054758800521512385,-0.011016949152542366,0.029583975346687108,-0.022510593220338992,-0.007779938871908865,0.005552308591466992,0.0,-0.03954802259887008,-0.0630222010026259,-0.026483050847457668,0.021971123666038872,-0.03551251008878131,-0.03954802259887008,-0.017218186709712147,-0.01986228813559321,-0.051595214356929264,-0.004802259887005611,-0.013942044833242184,-0.03813559322033899,-0.07476201532389132,-0.027807203389830504,0.0,-0.004519774011299438,-0.0031073446327683496,-0.016142050040355127,-0.01986228813559321,-0.019370460048426186,0.0,0.01569365976145634,0.03422425032594523,0.004675628287551192,0.04335071707953059,-0.026483050847457668,-0.009447068630175026,0.010110020814748766,0.030700351774864076,0.018159806295399483,-0.019682886823400803,-0.053838484546360976,0.06214689265536727,-0.013337038066129514,0.019975786924939454,-0.02296336796063425,-0.03177966101694918,0.011299435028248594,-0.0578878748370274,-0.016115587663239783,0.004967855055523107,0.025423728813559254,-0.026903416733925267,0.013083556348498393,0.0,-0.008757062146892647,0.0,-0.03310381355932207,0.05796610169491523,0.008920606601248882,-0.004237288135593209,-0.006779661016949157,-0.002259887005649719,0.0,0.014272970561998222,0.005947071067499254,-0.0028248587570621486,-0.013942044833242184,-0.028161668839635,-0.04794188861985471,-0.03440424993675689,-0.004802259887005611,-0.004237288135593209,0.029817953546767084,-0.04935194416749755,0.009079903147699742,-0.02336928608115052,0.014124293785310715,-0.0038899694359544323,0.0,-0.011837503362927104
0.01853832442067735,-0.015311004784688886,-0.018500797448165796,0.011663807890222977,-0.011285266457680215,-0.045161290322580594,0.0,-0.012337662337662314,0.010101010101010055,-0.006168831168831157,0.0,-0.03397913561847982,-0.02465331278890598,-0.034848484848484795,-0.0623376623376623,-0.01977671451355656,-0.028351309707241867,1.0,0.0,-0.020689655172413723,-0.034848484848484795,-0.0811188811188811,-0.07832167832167836,-0.028787878787878696,0.0,-0.0485795454545454,-0.030402384500745117,-0.01692789968652031,-0.03081664098613246,-0.051515151515151514,-0.07375160051216384,-0.058806818181818155,0.0050505050505050275,-0.0923520923520923,-0.05757575757575756,-0.034632034632034625,-0.028124999999999983,-0.08342245989304808,-0.0318181818181818,-0.04310850439882696,-0.06256684491978609,-0.05828144458281442,-0.0485795454545454,-0.014791987673343554,-0.015151515151515138,-0.015151515151515138,-0.0392496392496392,-0.040909090909090895,-0.02539682539682539,-0.009861325115562397,0.005723905723905742,0.030419580419580372,-0.027272727272727226,0.01993006993006996,-0.07414772727272728,-0.04828614008941873,-0.022966507177033302,0.019210977701543674,-0.005844155844155818,-0.03695014662756596,-0.06951871657754011,0.03446969696969701,-0.04113263785394927,-0.006168831168831157,-0.0513196480938416,-0.06136363636363629,-0.01977671451355656,-0.08671328671328671,-0.05007451564828613,-0.03291536050156729,-0.009415584415584433,-0.06464646464646467,-0.015948963317384324,-0.03328197226502305,-0.030303030303030276,-0.018489984591679498,-0.08437499999999998,0.0345454545454546,-0.007017543859649089,-0.027272727272727226,-0.036363636363636265,-0.012121212121212116,-0.01232665639445299,-0.006379585326953735,-0.0057416267942583255,-0.024242424242424232,-0.024633431085043955,-0.04195804195804195,-0.07012987012987004,-0.0683853459972863,-0.0257575757575757,-0.028787878787878696,0.006734006734006703,-0.06604278074866304,-0.005844155844155818,-0.04242424242424245,0.0026936026936026924,-0.026825633383010417,-0.017257318952234202,-0.027705627705627678
0.0313725490196079,-0.008293460925039853,-0.01467304625199356,0.00891938250428817,-0.019749216300940398,-0.04721407624633428,0.0,-0.006818181818181834,0.007070707070707061,-0.007792207792207795,0.0,-0.04470938897168403,-0.02711864406779657,-0.06818181818181812,-0.06926406926406925,-0.016586921850079706,-0.03821263482280424,0.0,1.0,-0.02163009404388705,-0.0515151515151514,-0.06153846153846154,-0.0811188811188811,-0.022727272727272707,0.0,-0.051136363636363646,-0.03219076005961247,-0.018808777429467072,-0.03821263482280424,-0.08181818181818179,-0.09014084507042247,-0.0792613636363636,0.0077441077441077755,-0.05772005772005773,-0.05454545454545451,-0.0392496392496392,-0.06136363636363629,-0.07994652406417113,-0.027272727272727226,-0.04721407624633428,-0.08342245989304808,-0.07173100871731006,-0.058806818181818155,-0.025885978428351275,-0.034848484848484795,-0.03333333333333327,-0.05079365079365078,-0.05369318181818178,-0.048484848484848464,-0.028351309707241867,0.0050505050505050275,0.016783216783216814,-0.01316614420062695,0.01888111888111893,-0.03579545454545455,-0.03755588673621457,-0.013397129186602796,0.013036020583190422,-0.0051948051948051965,-0.04926686217008791,-0.052139037433155094,0.03977272727272729,-0.05007451564828613,-0.00909090909090915,-0.05542521994134891,-0.07670454545454541,-0.012121212121212033,-0.05874125874125874,-0.030402384500745117,-0.015987460815046983,-0.0071428571428571175,-0.03232323232323234,-0.013397129186602796,-0.023420647149460627,-0.028787878787878696,-0.011093990755007666,-0.06136363636363629,0.040000000000000036,-0.013397129186602796,-0.0318181818181818,-0.010606060606060605,-0.018181818181818132,-0.011093990755007666,-0.007017543859649089,-0.008293460925039853,-0.024242424242424232,-0.030791788856304986,-0.044755244755244755,-0.07012987012987004,-0.05210312075983717,-0.0318181818181818,-0.019696969696969685,0.006397306397306457,-0.055614973262032075,-0.004545454545454575,-0.06060606060606061,0.0060606060606061,-0.02146050670640831,-0.023420647149460627,-0.04155844155844152
