0,1,2,3,4,5,6,7,8,9,10,11,12,13,14,15,16,17,18,19,20,21,22,23,24,25,26,27,28,29,30,31,32,33,34,35,36,37,38,39,40,41,42,43,44,45,46,47,48,49,50,51,52,53,54,55,56,57,58,59,60,61,62,63,64,65,66,67,68,69,70,71,72,73,74,75,76,77,78,79,80,81,82,83,84,85,86,87,88,89,90,91,92,93,94,95,96,97,98,99
1.0,-0.034090909090909116,0.014473684210526305,0.022297297297297236,-0.009146341463414698,0.01842105263157895,0.02777777777777779,0.01578947368421052,-0.01785714285714285,0.0,0.012820512820512775,-0.00792682926829269,-0.033139534883720956,0.030405405405405372,0.009615384615384581,-0.0318181818181818,-0.016666666666666663,0.01315789473684209,0.028378378378378366,-0.009523809523809545,-0.04565217391304349,0.03611111111111115,-0.02954545454545454,-0.0318181818181818,0.0,0.009615384615384581,-0.011585365853658547,-0.01036585365853665,-0.041666666666666685,-0.026162790697674465,-0.05227272727272736,-0.05227272727272736,-0.07074468085106378,-0.026162790697674465,0.057352941176470607,-0.0318181818181818,-0.03139534883720935,-0.04545454545454547,0.0,-0.0625,-0.01785714285714285,0.02635135135135136,-0.061956521739130466,0.011538461538461497,-0.022674418604651192,0.008974358974358942,0.009615384615384581,0.0357142857142857,0.0064102564102563875,-0.040909090909090895,-0.022619047619047594,0.024324324324324298,-0.022674418604651192,0.0,0.0,-0.03888888888888892,-0.008536585365853666,-0.06702127659574464,-0.008536585365853666,0.024324324324324298,0.009615384615384581,-0.015476190476190477,-0.09000000000000002,0.01944444444444446,-0.006707317073170793,0.030555555555555558,-0.03611111111111115,-0.026162790697674465,0.022297297297297236,0.005769230769230749,-0.01428571428571429,-0.020930232558139583,-0.004878048780487837,-0.019186046511627974,-0.03723404255319149,-0.03139534883720935,-0.02790697674418613,-0.020930232558139583,-0.01097560975609757,-0.033139534883720956,0.024324324324324298,0.02777777777777779,-0.009146341463414698,-0.02954545454545454,-0.041666666666666685,0.007692307692307665,-0.009756097560975674,-0.012195121951219579,-0.01785714285714285,0.03529411764705881,-0.042391304347826064,-0.02790697674418613,-0.01036585365853665,-0.03863636363636369,0.007692307692307665,0.009615384615384581,-0.020238095238095277,0.008974358974358942,-0.01904761904761909,0.008974358974358942
0.034090909090909116,1.0,0.07535885167464124,0.10319410319410316,0.05487804878048774,0.05382775119617228,0.11616161616161624,0.08253588516746413,0.022727272727272763,0.0318181818181818,0.03205128205128205,0.01829268292682923,0.007928118393234651,0.03869778869778867,0.040792540792540743,0.0,0.016233766233766267,0.06818181818181823,0.04729729729729726,0.021645021645021634,-0.017786561264822143,0.03535353535353536,0.0,0.0,0.027272727272727282,0.03205128205128205,0.02494456762749442,0.029933481152993324,-0.010606060606060619,0.008456659619450246,0.0,0.0,-0.023210831721470038,0.006342494714587699,0.08689839572192515,0.0,0.008456659619450246,0.0,0.022727272727272735,-0.03219696969696967,0.005411255411255408,0.03439803439803438,-0.010869565217391297,0.023310023310023298,0.007399577167019,0.026223776223776196,0.03205128205128205,0.05844155844155843,0.026223776223776196,0.0,0.014069264069264065,0.1117936117936118,0.012156448202959802,0.0636363636363636,0.0613636363636364,-0.00909090909090915,0.0432372505543237,-0.036266924564796854,0.02161862527716185,0.030098280098280084,0.03496503496503495,0.011904761904761918,-0.06,0.03535353535353536,0.026607538802660702,0.06565656565656569,-0.011111111111111183,0.009513742071881548,0.06019656019656017,0.0699300699300699,0.025974025974025983,0.007928118393234651,0.03159645232815966,0.005813953488372048,-0.023210831721470038,0.007399577167019,0.011099365750528556,0.009513742071881548,0.019955654101995512,0.008985200845665953,0.06019656019656017,0.04545454545454547,0.02494456762749442,0.0,-0.009595959595959602,0.026223776223776196,0.02827050997782704,0.02161862527716185,0.018398268398268414,0.04679144385026737,-0.009881422924901184,0.0068710359408033495,0.02161862527716185,0.0,0.03496503496503495,0.020396270396270372,0.011904761904761918,0.0437062937062937,0.009740259740259744,0.03205128205128205
-0.014473684210526305,-0.07535885167464124,1.0,0.00924608819345657,-0.03465982028241338,0.0,0.0292397660818714,0.0,-0.052631578947368474,-0.01710526315789479,-0.005398110661268579,-0.02503209242618748,-0.04589963280293763,0.0056899004267425,-0.008771929824561486,-0.0430622009569378,-0.02756892230576441,0.0,0.00640113798008532,-0.042606516290726815,-0.07780320366132726,0.013157894736842118,-0.05023923444976075,-0.0645933014354067,-0.02105263157894738,-0.007422402159244279,-0.02310654685494229,-0.02310654685494229,-0.08596491228070186,-0.03977968176254598,-0.05023923444976075,-0.05023923444976075,-0.07054871220604703,-0.03977968176254598,0.03095975232198145,-0.0645933014354067,-0.04895960832313351,-0.03947368421052633,-0.01052631578947369,-0.0767543859649123,-0.015037593984962405,0.0056899004267425,-0.03203661327231122,-0.006072874493927155,-0.03365973072215428,-0.004723346828610003,-0.005398110661268579,0.020300751879699236,-0.006072874493927155,-0.03947368421052633,-0.03258145363408527,0.01564722617354186,-0.055079559363525155,-0.02105263157894738,-0.03421052631578958,-0.1105263157894738,-0.0423620025673942,-0.10582306830907057,-0.0211810012836971,0.0049786628733997085,-0.007422402159244279,-0.02756892230576441,-0.12000000000000005,0.00730994152046785,-0.02310654685494229,0.0146198830409357,-0.07777777777777783,-0.03365973072215428,0.00782361308677093,-0.011470985155195679,-0.05012531328320802,-0.0305997552019584,-0.030808729139923052,-0.0367197062423501,-0.11086226203807392,-0.055079559363525155,-0.0611995104039168,-0.055079559363525155,-0.01925545571245188,-0.03977968176254598,0.007112375533428139,0.010233918128654984,-0.01732991014120669,-0.04665071770334933,-0.07777777777777783,-0.006072874493927155,-0.030808729139923052,-0.01732991014120669,-0.04010025062656647,0.01238390092879256,-0.04576659038901601,-0.04589963280293763,-0.026957637997432615,-0.05023923444976075,-0.008097165991902855,-0.0033738191632928516,-0.022556390977443608,-0.006072874493927155,-0.022556390977443608,-0.006072874493927155
-0.022297297297297236,-0.10319410319410316,-0.00924608819345657,1.0,-0.06328279499011213,-0.00640113798008532,0.012762762762762836,-0.014224751066856278,-0.07400257400257393,-0.022297297297297236,-0.01524601524601521,-0.02900461437046803,-0.04148334380892521,0.0,-0.016632016632016633,-0.06449631449631449,-0.028957528957528927,-0.009957325746799417,0.0,-0.03539253539253534,-0.06874265569917742,0.002252252252252257,-0.0558968058968059,-0.06449631449631449,-0.02635135135135136,-0.019404019404019424,-0.021094264996704026,-0.03164139749505607,-0.07687687687687689,-0.04525455688246388,-0.03439803439803438,-0.03869778869778867,-0.0747556066705003,-0.030169704588309254,0.014308426073131958,-0.04729729729729726,-0.0339409176618479,-0.05159705159705158,-0.022297297297297236,-0.07432432432432434,-0.019305019305019294,0.0,-0.04759106933019974,-0.004158004158004158,-0.02262727844123194,-0.009702009702009712,-0.006930006930006921,0.009266409266409259,-0.00554400554400554,-0.030098280098280084,-0.041827541827541836,0.0,-0.06033940917661851,-0.05472972972972967,-0.034459459459459385,-0.06726726726726728,-0.05800922874093606,-0.1495112133410006,-0.03164139749505607,0.0,-0.016632016632016633,-0.04504504504504503,-0.09837837837837837,0.004504504504504514,-0.03164139749505607,0.006756756756756799,-0.08648648648648649,-0.06033940917661851,0.0,-0.02217602217602216,-0.05469755469755466,-0.0339409176618479,-0.02373104812129201,-0.0339409176618479,-0.0690051753881541,-0.04148334380892521,-0.06411062225015712,-0.026398491514770583,-0.02373104812129201,-0.05279698302954117,0.0,0.00375375375375378,-0.02636783124588002,-0.042997542997542965,-0.038438438438438444,-0.004158004158004158,-0.02900461437046803,-0.02373104812129201,-0.025740025740025735,0.011923688394276655,-0.06345475910693305,-0.04902576995600255,-0.03427818061964405,-0.0558968058968059,-0.016632016632016633,-0.00554400554400554,-0.016087516087516074,-0.008316008316008316,-0.03217503217503215,-0.008316008316008316
0.009146341463414698,-0.05487804878048774,0.03465982028241338,0.06328279499011213,1.0,0.02888318356867786,0.07113821138211385,0.04043645699614895,-0.012775842044134622,0.01036585365853665,0.015009380863039434,0.0,-0.018150879183210455,0.02900461437046803,0.01751094434021261,-0.03325942350332589,-0.008710801393728151,0.03273427471116819,0.03164139749505607,-0.010452961672473837,-0.04241781548250262,0.027100271002710064,-0.029933481152993324,-0.02494456762749442,0.009756097560975674,0.02126328955597251,0.0,0.0,-0.045528455284552904,-0.015882019285309135,-0.01829268292682923,-0.019955654101995512,-0.05915931499740523,-0.013613159387407814,0.05523672883787667,-0.026607538802660702,-0.015882019285309135,-0.019955654101995512,0.006097560975609789,-0.04979674796747968,-0.0034843205574912606,0.02373104812129201,-0.03181336161187698,0.007504690431519717,-0.012478729438457181,0.010006253908692947,0.011257035647279534,0.04599303135888505,0.012507817385866177,-0.011640798226164067,-0.006387921022067311,0.060646011865524097,-0.02382302892796373,0.016463414634146356,0.016463414634146356,-0.034688346883468835,0.0,-0.07472755578619605,0.0,0.015820698747528034,0.015009380863039434,-0.007549361207897787,-0.07463414634146343,0.020325203252032548,0.0,0.040650406504065095,-0.041192411924119265,-0.020419739081111776,0.02900461437046803,0.025015634771732354,-0.011614401858304257,-0.013613159387407814,0.0,-0.010209869540555888,-0.04670472236637252,-0.015882019285309135,-0.019285309132161088,-0.015882019285309135,0.0,-0.017016449234259767,0.02373104812129201,0.02371273712737129,0.0,-0.02161862527716185,-0.03252032520325199,0.010006253908692947,0.0,0.0,-0.008710801393728151,0.020086083213773323,-0.023860021208907733,-0.01134429948950652,0.0,-0.023281596452328135,0.010006253908692947,0.007504690431519717,-0.0046457607433217085,0.01375859912445282,-0.005226480836236919,0.011257035647279534
-0.01842105263157895,-0.05382775119617228,0.0,0.00640113798008532,-0.02888318356867786,1.0,0.02777777777777779,0.0,-0.05012531328320802,-0.01315789473684209,-0.008097165991902855,-0.01732991014120669,-0.04283965728274175,0.00782361308677093,-0.008771929824561486,-0.06818181818181823,-0.047619047619047616,0.0,0.009957325746799417,-0.057644110275689164,-0.07322654462242567,0.01900584795321636,-0.07535885167464124,-0.057416267942583754,-0.01842105263157895,-0.007422402159244279,-0.02888318356867786,-0.01925545571245188,-0.09415204678362576,-0.04589963280293763,-0.0645933014354067,-0.057416267942583754,-0.08062709966405379,-0.04589963280293763,0.03095975232198145,-0.06100478468899523,-0.04895960832313351,-0.05023923444976075,-0.006578947368421045,-0.09868421052631582,-0.022556390977443608,0.004267425320056889,-0.04576659038901601,-0.006072874493927155,-0.04283965728274175,-0.006072874493927155,-0.006747638326585703,0.02932330827067664,-0.010121457489878583,-0.0430622009569378,-0.03508771929824561,0.014224751066856278,-0.03977968176254598,-0.01052631578947369,-0.03157894736842104,-0.1105263157894738,-0.03658536585365857,-0.0957446808510638,-0.015404364569961526,0.0049786628733997085,-0.006747638326585703,-0.020050125313283235,-0.14526315789473687,0.010233918128654984,-0.0211810012836971,0.011695906432748537,-0.07777777777777783,-0.04283965728274175,0.00782361308677093,-0.013495276653171406,-0.047619047619047616,-0.03977968176254598,-0.03465982028241338,-0.04589963280293763,-0.11086226203807392,-0.03977968176254598,-0.0611995104039168,-0.0611995104039168,-0.02310654685494229,-0.04283965728274175,0.011379800853485,0.013157894736842118,-0.02310654685494229,-0.04665071770334933,-0.07368421052631585,-0.010796221322537158,-0.026957637997432615,-0.015404364569961526,-0.045112781954887216,0.03095975232198145,-0.04118993135011442,-0.03977968176254598,-0.0211810012836971,-0.03229665071770335,-0.006747638326585703,-0.0026990553306342896,-0.03007518796992481,-0.009446693657220007,-0.03007518796992481,-0.006747638326585703
-0.02777777777777779,-0.11616161616161624,-0.0292397660818714,-0.012762762762762836,-0.07113821138211385,-0.02777777777777779,1.0,-0.040935672514619936,-0.08730158730158732,-0.025000000000000022,-0.021367521367521403,-0.040650406504065095,-0.03617571059431529,-0.005255255255255276,-0.017094017094017117,-0.06565656565656569,-0.051587301587301626,-0.02777777777777779,-0.00750750750750756,-0.08730158730158732,-0.08454106280193241,0.0,-0.07070707070707072,-0.09090909090909094,-0.04722222222222222,-0.027777777777777846,-0.030487804878048808,-0.027100271002710064,-0.11666666666666675,-0.027131782945736455,-0.06565656565656569,-0.06565656565656569,-0.05851063829787234,-0.05878552971576234,0.011437908496732013,-0.10606060606060613,-0.06782945736434115,-0.040404040404040414,-0.005555555555555557,-0.13888888888888895,-0.019841269841269854,-0.004504504504504514,-0.024154589371980686,-0.006410256410256415,-0.040697674418604696,-0.004273504273504279,-0.010683760683760701,0.005555555555555536,-0.023504273504273532,-0.05555555555555558,-0.0674603174603175,-0.016516516516516644,-0.10852713178294582,-0.050000000000000044,-0.07500000000000007,-0.11666666666666675,-0.09146341463414642,-0.15602836879432624,-0.03387533875338758,-0.0030030030030030186,-0.014957264957264987,-0.03174603174603177,-0.14000000000000007,0.0,-0.027100271002710064,0.0,-0.1611111111111112,-0.06330749354005172,-0.008258258258258322,-0.04914529914529919,-0.08730158730158732,-0.0452196382428941,-0.05758807588075887,-0.06330749354005172,-0.13652482269503546,-0.04974160206718353,-0.08591731266149877,-0.04974160206718353,-0.03726287262872635,-0.07687338501291996,-0.00750750750750756,0.0,-0.03726287262872635,-0.07070707070707072,-0.06666666666666671,-0.017094017094017117,-0.05081300813008138,-0.01693766937669379,-0.07936507936507942,0.011437908496732013,-0.07246376811594207,-0.07235142118863058,-0.03387533875338758,-0.04545454545454547,-0.02564102564102566,-0.008547008547008558,-0.015873015873015886,-0.017094017094017117,-0.047619047619047616,-0.02564102564102566
-0.01578947368421052,-0.08253588516746413,0.0,0.014224751066856278,-0.04043645699614895,0.0,0.040935672514619936,1.0,-0.06516290726817053,-0.011842105263157904,-0.006747638326585703,-0.02503209242618748,-0.021419828641370875,0.0021337126600284445,-0.0040485829959514275,-0.025119617224880375,-0.020050125313283235,0.0,0.0056899004267425,-0.03759398496240601,-0.050343249427917625,0.0029239766081871343,-0.03947368421052633,-0.06100478468899523,-0.02763157894736845,-0.010796221322537158,-0.01925545571245188,-0.011553273427471145,-0.06959064327485381,-0.0152998776009792,-0.03947368421052633,-0.04665071770334933,-0.03527435610302351,-0.01835985312117505,0.009287925696594423,-0.06818181818181823,-0.0367197062423501,-0.035885167464114825,-0.0026315789473684223,-0.08771929824561409,-0.010025062656641617,0.0056899004267425,-0.022883295194508005,-0.0020242914979757137,-0.0152998776009792,-0.0013495276653171448,-0.0006747638326585724,0.004511278195488716,-0.004723346828610003,-0.028708133971291877,-0.042606516290726815,0.013513513513513487,-0.0611995104039168,-0.02763157894736845,-0.03552631578947374,-0.09415204678362576,-0.05969191270860086,-0.16629339305711088,-0.01925545571245188,0.004267425320056889,-0.006072874493927155,-0.017543859649122806,-0.12000000000000005,0.0,-0.013478818998716308,0.008771929824561403,-0.09005847953216384,-0.0367197062423501,0.00640113798008532,-0.012820512820512886,-0.052631578947368474,-0.027539779681762577,-0.02310654685494229,-0.0367197062423501,-0.11086226203807392,-0.04895960832313351,-0.055079559363525155,-0.03365973072215428,-0.01732991014120669,-0.052019583843329276,0.00640113798008532,0.005847953216374269,-0.015404364569961526,-0.04665071770334933,-0.06549707602339189,-0.0020242914979757137,-0.02310654685494229,-0.00962772785622594,-0.03508771929824561,0.015479876160990724,-0.05491990846681927,-0.05813953488372098,-0.02310654685494229,-0.05023923444976075,-0.010121457489878583,-0.0013495276653171448,-0.012531328320802004,-0.0020242914979757137,-0.022556390977443608,-0.004723346828610003
0.01785714285714285,-0.022727272727272763,0.052631578947368474,0.07400257400257393,0.012775842044134622,0.05012531328320802,0.08730158730158732,0.06516290726817053,1.0,0.020238095238095277,0.016483516483516453,0.006968641114982521,-0.006644518272425293,0.028957528957528927,0.021978021978021955,-0.017316017316017285,0.0,0.047619047619047616,0.028957528957528927,0.0,-0.03726708074534163,0.023809523809523808,-0.016233766233766267,-0.017316017316017285,0.025000000000000022,0.025641025641025605,0.005226480836236919,0.006387921022067311,-0.0317460317460318,-0.006644518272425293,-0.017316017316017285,-0.018398268398268414,-0.04305977710233028,-0.007751937984496138,0.044817927170868355,-0.021645021645021634,-0.00609080841638987,-0.021645021645021634,0.013095238095238104,-0.0625,0.0,0.03861003861003859,-0.022774327122153215,0.005494505494505489,-0.004429678848283519,0.012820512820512803,0.012820512820512803,0.0380952380952381,0.02014652014652013,-0.010822510822510817,0.0,0.0643500643500643,-0.009966777408637939,0.02619047619047621,0.02857142857142858,-0.03809523809523818,0.014518002322880363,-0.08611955420466055,0.009291521486643417,0.03539253539253534,0.018315018315018305,0.0,-0.0647619047619048,0.02777777777777779,0.008710801393728151,0.03968253968253971,-0.03492063492063502,-0.007198228128460715,0.028957528957528927,0.03663003663003661,0.0,-0.00609080841638987,0.008130081300812997,-0.008305647840531616,-0.05825734549138806,-0.009966777408637939,-0.010520487264673362,-0.007198228128460715,0.006968641114982521,-0.009966777408637939,0.03539253539253534,0.035714285714285726,0.006387921022067311,-0.012987012987012991,-0.023809523809523836,0.014652014652014655,0.006968641114982521,0.0046457607433217085,0.0,0.05602240896358546,-0.031055900621118016,-0.009413067552602461,0.009291521486643417,-0.020562770562770616,0.02747252747252743,0.007326007326007328,0.0,0.012820512820512803,0.0,0.012820512820512803
0.0,-0.0318181818181818,0.01710526315789479,0.022297297297297236,-0.01036585365853665,0.01315789473684209,0.025000000000000022,0.011842105263157904,-0.020238095238095277,1.0,0.011538461538461497,-0.011585365853658547,-0.03662790697674423,0.034459459459459385,0.014102564102564052,-0.04318181818181821,-0.021428571428571408,0.02763157894736845,0.034459459459459385,-0.016666666666666663,-0.08152173913043481,0.041666666666666685,-0.040909090909090895,-0.036363636363636376,0.0,0.005769230769230749,-0.00792682926829269,-0.009146341463414698,-0.063888888888889,-0.03139534883720935,-0.040909090909090895,-0.047727272727272785,-0.08563829787234045,-0.03837209302325595,0.06617647058823528,-0.034090909090909116,-0.029651162790697738,-0.0613636363636364,0.0,-0.08750000000000002,-0.01428571428571429,0.034459459459459385,-0.06847826086956527,0.007051282051282026,-0.0244186046511628,0.008974358974358942,0.007692307692307665,0.028571428571428553,0.01025641025641022,-0.027272727272727282,-0.01428571428571429,0.02027027027027023,-0.026162790697674465,0.0,0.0,-0.041666666666666685,-0.0036585365853658847,-0.04840425531914894,-0.014024390243902563,0.04054054054054046,0.009615384615384581,-0.029761904761904767,-0.08500000000000008,0.050000000000000044,-0.013414634146341586,0.05555555555555558,-0.03333333333333338,-0.03139534883720935,0.030405405405405372,0.011538461538461497,-0.01904761904761909,-0.02790697674418613,-0.009756097560975674,-0.029651162790697738,-0.07819148936170212,-0.03139534883720935,-0.03837209302325595,-0.029651162790697738,-0.009146341463414698,-0.01744186046511631,0.022297297297297236,0.03611111111111115,-0.005487804878048785,-0.027272727272727282,-0.03611111111111115,0.007692307692307665,-0.008536585365853666,-0.009146341463414698,-0.015476190476190477,0.04411764705882354,-0.05869565217391304,-0.029651162790697738,-0.009756097560975674,-0.036363636363636376,0.009615384615384581,0.007051282051282026,-0.011904761904761918,0.007692307692307665,-0.01785714285714285,0.0064102564102563875
-0.012820512820512775,-0.03205128205128205,0.005398110661268579,0.01524601524601521,-0.015009380863039434,0.008097165991902855,0.021367521367521403,0.006747638326585703,-0.016483516483516453,-0.011538461538461497,1.0,-0.028767979987492254,-0.05008944543828264,0.026334026334026372,0.0,-0.03205128205128205,-0.03479853479853473,0.007422402159244279,0.03049203049203042,-0.02380952380952378,-0.06633221850613158,0.03632478632478636,-0.05244755244755239,-0.040792540792540743,-0.010897435897435859,0.0,-0.01751094434021261,-0.01876172607879928,-0.06153846153846154,-0.023852116875372698,-0.046620046620046596,-0.0641025641025641,-0.07855973813420614,-0.03816338700059635,0.0490196078431373,-0.040792540792540743,-0.04531902206320809,-0.05244755244755239,-0.01025641025641022,-0.0913461538461538,-0.02930402930402931,0.023562023562023526,-0.07803790412486061,0.0,-0.03339296362552174,0.0,0.0,0.02930402930402931,0.0,-0.0611888111888112,-0.032967032967032905,0.012474012474012475,-0.03339296362552174,-0.005769230769230749,-0.008974358974358942,-0.041025641025641046,-0.012507817385866177,-0.05237315875613746,-0.023764853033145683,0.023562023562023526,0.0,-0.03479853479853473,-0.10717948717948717,0.02564102564102566,-0.01876172607879928,0.03632478632478636,-0.04444444444444445,-0.05008944543828264,0.01524601524601521,0.0,-0.02747252747252743,-0.03339296362552174,-0.016260162601625994,-0.05008944543828264,-0.07419530823786141,-0.03816338700059635,-0.042933810375670844,-0.035778175313059046,-0.020012507817385894,-0.03339296362552174,0.016632016632016633,0.032051282051282104,-0.01375859912445282,-0.0437062937062937,-0.03760683760683764,0.0,-0.01751094434021261,-0.01876172607879928,-0.025641025641025605,0.04524886877828055,-0.06633221850613158,-0.042933810375670844,-0.01876172607879928,-0.026223776223776196,0.0,0.0,-0.02930402930402931,0.0,-0.038461538461538436,0.0
0.00792682926829269,-0.01829268292682923,0.02503209242618748,0.02900461437046803,0.0,0.01732991014120669,0.040650406504065095,0.02503209242618748,-0.006968641114982521,0.011585365853658547,0.028767979987492254,1.0,-0.024957458876914362,0.060646011865524097,0.02751719824890564,-0.014966740576496662,-0.013356562137049832,0.0211810012836971,0.05273566249176004,-0.005807200929152129,-0.05567338282078477,0.05758807588075887,-0.02827050997782704,-0.0382483370288248,0.007317073170731769,0.020012507817385894,0.0,0.0,-0.03252032520325199,-0.017016449234259767,-0.01829268292682923,-0.02494456762749442,-0.052932018681888904,-0.02268859897901304,0.0652797704447633,-0.01829268292682923,-0.013613159387407814,-0.02827050997782704,0.009146341463414698,-0.06758130081300812,-0.009872241579558627,0.05273566249176004,-0.04772004241781547,0.012507817385866177,-0.010209869540555888,0.016260162601625994,0.01375859912445282,0.04181184668989549,0.028767979987492254,-0.02494456762749442,-0.009291521486643417,0.02900461437046803,-0.02155416903006241,0.00792682926829269,0.00792682926829269,-0.036856368563685626,0.0,-0.04981837052413074,0.0,0.050098879367172056,0.025015634771732354,-0.012195121951219523,-0.07902439024390245,0.05758807588075887,0.0,0.07113821138211385,-0.034688346883468835,-0.02155416903006241,0.02900461437046803,0.011257035647279534,-0.007549361207897787,-0.012478729438457181,0.0,-0.017016449234259767,-0.06538661131292162,-0.015882019285309135,-0.015882019285309135,-0.012478729438457181,0.0,-0.014747589336358502,0.02373104812129201,0.04403794037940384,0.0,-0.016629711751662946,-0.02168021680216803,0.01375859912445282,0.0,0.0,-0.006968641114982521,0.05523672883787667,-0.04772004241781547,-0.020419739081111776,0.0,-0.014966740576496662,0.015009380863039434,0.015009380863039434,-0.005807200929152129,0.01375859912445282,-0.011614401858304257,0.015009380863039434
0.033139534883720956,-0.007928118393234651,0.04589963280293763,0.04148334380892521,0.018150879183210455,0.04283965728274175,0.03617571059431529,0.021419828641370875,0.006644518272425293,0.03662790697674423,0.05008944543828264,0.024957458876914362,1.0,0.09428032683846643,0.059630292188431744,-0.008985200845665953,0.012735326688815163,0.05813953488372098,0.08673790069138909,0.007198228128460715,-0.037917087967644036,0.09948320413436706,-0.013213530655390993,-0.011099365750528556,0.015697674418604673,0.021466905187835422,0.014747589336358502,0.02155416903006241,-0.020671834625323016,0.0,-0.009513742071881548,-0.011627906976744096,-0.04156358238495789,0.0,0.1231190150478797,-0.0068710359408033495,0.0,-0.008985200845665953,0.029651162790697738,-0.04602713178294571,0.008305647840531616,0.06411062225015712,-0.02730030333670369,0.023852116875372698,0.0,0.031007751937984496,0.035778175313059046,0.07441860465116279,0.047704233750745395,-0.007399577167019,0.007198228128460715,0.04902576995600255,0.0,0.019186046511627974,0.022674418604651192,-0.01757105943152454,0.010209869540555888,-0.025729836714497745,0.020419739081111776,0.04525455688246388,0.03816338700059635,0.015503875968992276,-0.0716279069767441,0.07235142118863058,0.02268859897901304,0.08591731266149877,-0.01550387596899222,0.0,0.05656819610307984,0.0405485986881336,0.009966777408637939,0.0,0.02268859897901304,0.0,-0.031667491340920284,0.0,0.0,0.0,0.020419739081111776,0.0,0.04902576995600255,0.06330749354005172,0.01134429948950652,-0.0068710359408033495,-0.01136950904392764,0.03339296362552174,0.015882019285309135,0.02155416903006241,0.009413067552602461,0.06155950752393985,-0.019716885743174872,0.0,0.019285309132161088,-0.004756871035940774,0.03816338700059635,0.023852116875372698,0.00609080841638987,0.031007751937984496,0.009413067552602461,0.028622540250447248
-0.030405405405405372,-0.03869778869778867,-0.0056899004267425,0.0,-0.02900461437046803,-0.00782361308677093,0.005255255255255276,-0.0021337126600284445,-0.028957528957528927,-0.034459459459459385,-0.026334026334026372,-0.060646011865524097,-0.09428032683846643,1.0,-0.03880803880803885,-0.07739557739557734,-0.08365508365508367,-0.008534850640113778,0.0,-0.03861003861003859,-0.13219741480611047,0.01726726726726735,-0.0902948402948403,-0.042997542997542965,-0.010135135135135115,-0.00554400554400554,-0.03164139749505607,-0.03955174686882007,-0.07687687687687689,-0.07542426147077308,-0.05159705159705158,-0.0558968058968059,-0.12075905692926964,-0.08296668761785042,0.04054054054054057,-0.03439803439803438,-0.04902576995600255,-0.07739557739557734,-0.03648648648648645,-0.10529279279279274,-0.05148005148005147,0.0,-0.09518213866039948,-0.013860013860013842,-0.05279698302954117,-0.02079002079002079,-0.02217602217602216,0.023166023166023175,-0.027720027720027685,-0.0558968058968059,-0.03539253539253534,0.0,-0.04525455688246388,-0.014189189189189183,-0.02027027027027023,-0.06246246246246251,-0.01318391562294001,-0.046003450258769396,-0.03955174686882007,0.0,-0.026334026334026372,-0.06756756756756754,-0.14756756756756756,0.018768768768768873,-0.06591957811470006,0.01726726726726735,-0.06246246246246251,-0.0980515399120051,0.0,-0.01524601524601521,-0.03861003861003859,-0.06411062225015712,-0.04218852999340805,-0.05279698302954117,-0.08625646923519259,-0.03771213073538654,-0.04525455688246388,-0.04525455688246388,-0.03691496374423203,-0.03771213073538654,0.0,0.011261261261261313,-0.02636783124588002,-0.05159705159705158,-0.05765765765765768,-0.026334026334026372,-0.02900461437046803,-0.03691496374423203,-0.03539253539253534,0.02623211446740864,-0.06874265569917742,-0.0339409176618479,-0.02636783124588002,-0.042997542997542965,-0.013860013860013842,-0.019404019404019424,-0.04826254826254822,-0.023562023562023526,-0.0611325611325611,-0.01524601524601521
-0.009615384615384581,-0.040792540792540743,0.008771929824561486,0.016632016632016633,-0.01751094434021261,0.008771929824561486,0.017094017094017117,0.0040485829959514275,-0.021978021978021955,-0.014102564102564052,0.0,-0.02751719824890564,-0.059630292188431744,0.03880803880803885,1.0,-0.055361305361305346,-0.04395604395604391,0.011470985155195679,0.04019404019404016,-0.031135531135531136,-0.1053511705685618,0.047008547008547064,-0.06701631701631705,-0.037878787878787845,-0.0038461538461538325,0.0,-0.01876172607879928,-0.023764853033145683,-0.07863247863247869,-0.05008944543828264,-0.0437062937062937,-0.037878787878787845,-0.09165302782324053,-0.059630292188431744,0.0716440422322776,-0.029137529137529122,-0.03816338700059635,-0.058275058275058245,-0.012820512820512775,-0.08173076923076922,-0.031135531135531136,0.02079002079002079,-0.0741360089186176,0.0,-0.03816338700059635,0.0,0.0,0.05274725274725278,0.0,-0.0437062937062937,-0.021978021978021955,0.013860013860013842,-0.03339296362552174,-0.007692307692307665,-0.007692307692307665,-0.04786324786324786,-0.008755472170106304,-0.04800872885979268,-0.01751094434021261,0.02494802494802495,0.0,-0.04029304029304026,-0.13538461538461544,0.047008547008547064,-0.0337711069418386,0.06196581196581208,-0.051282051282051266,-0.06201550387596899,0.02217602217602216,0.0,-0.031135531135531136,-0.03816338700059635,-0.02126328955597251,-0.031007751937984496,-0.06110201854882702,-0.021466905187835422,-0.05247465712582,-0.042933810375670844,-0.01876172607879928,-0.023852116875372698,0.019404019404019424,0.032051282051282104,-0.015009380863039434,-0.029137529137529122,-0.051282051282051266,0.0,-0.01876172607879928,-0.023764853033145683,-0.025641025641025605,0.03770739064856715,-0.06243032329988851,-0.021466905187835422,-0.01375859912445282,-0.03205128205128205,0.0,0.0,-0.02380952380952378,0.0,-0.042124542124542086,0.0
0.0318181818181818,0.0,0.0430622009569378,0.06449631449631449,0.03325942350332589,0.06818181818181823,0.06565656565656569,0.025119617224880375,0.017316017316017285,0.04318181818181821,0.03205128205128205,0.014966740576496662,0.008985200845665953,0.07739557739557734,0.055361305361305346,1.0,0.025974025974025983,0.07535885167464124,0.07739557739557734,0.024891774891774965,-0.022727272727272707,0.09090909090909094,0.0,0.0,0.022727272727272735,0.014568764568764561,0.02494456762749442,0.023281596452328135,-0.010101010101010166,0.010042283298097254,0.0,0.0,-0.0478723404255319,0.011627906976744096,0.1203208556149733,0.0,0.007399577167019,0.0,0.04318181818181821,-0.03598484848484845,0.016233766233766267,0.030098280098280084,-0.018774703557312256,0.020396270396270372,0.009513742071881548,0.04953379953379955,0.0611888111888112,0.09935064935064936,0.046620046620046596,0.0,0.008658008658008642,0.07739557739557734,0.007928118393234651,0.0318181818181818,0.036363636363636376,-0.007575757575757569,0.013303769401330351,-0.015957446808510634,0.02494456762749442,0.06449631449631449,0.046620046620046596,0.019480519480519487,-0.06818181818181823,0.10101010101010105,0.0382483370288248,0.06565656565656569,-0.00909090909090915,0.010042283298097254,0.0902948402948403,0.0641025641025641,0.019480519480519487,0.011099365750528556,0.029933481152993324,0.007928118393234651,-0.023210831721470038,0.0068710359408033495,0.008456659619450246,0.008985200845665953,0.023281596452328135,0.004756871035940774,0.06449631449631449,0.0757575757575758,0.023281596452328135,0.0,-0.007575757575757569,0.06701631701631705,0.019955654101995512,0.02494456762749442,0.016233766233766267,0.08689839572192515,-0.008893280632411071,0.0031712473572938493,0.019955654101995512,0.0,0.026223776223776196,0.029137529137529122,0.014069264069264065,0.07284382284382274,0.012987012987012991,0.037878787878787845
0.016666666666666663,-0.016233766233766267,0.02756892230576441,0.028957528957528927,0.008710801393728151,0.047619047619047616,0.051587301587301626,0.020050125313283235,0.0,0.021428571428571408,0.03479853479853473,0.013356562137049832,-0.012735326688815163,0.08365508365508367,0.04395604395604391,-0.025974025974025983,1.0,0.045112781954887216,0.08687258687258681,0.0,-0.051759834368530044,0.09523809523809523,-0.02922077922077926,-0.020562770562770616,0.009523809523809545,0.02380952380952378,0.008130081300812997,0.008710801393728151,-0.0317460317460318,-0.011627906976744207,-0.016233766233766267,-0.017316017316017285,-0.05065856129685914,-0.01439645625692143,0.11764705882352944,-0.012987012987012991,-0.008859357696567038,-0.018398268398268414,0.016666666666666663,-0.0625,0.0,0.03861003861003859,-0.043478260869565244,0.016483516483516453,-0.009966777408637939,0.025641025641025605,0.032967032967032905,0.0761904761904762,0.038461538461538436,-0.014069264069264065,0.0,0.04504504504504503,-0.009413067552602461,0.013095238095238104,0.016666666666666663,-0.025396825396825418,0.0046457607433217085,-0.030395136778115506,0.008710801393728151,0.041827541827541836,0.02930402930402931,0.0,-0.08761904761904771,0.08730158730158732,0.012775842044134622,0.07142857142857145,-0.028571428571428636,-0.015503875968992276,0.07078507078507068,0.02930402930402931,0.0,-0.011627906976744207,0.013937282229965042,-0.007751937984496138,-0.05065856129685914,-0.006644518272425293,-0.007751937984496138,-0.008859357696567038,0.008710801393728151,-0.004429678848283519,0.04826254826254822,0.05555555555555558,0.008710801393728151,-0.018398268398268414,-0.020634920634920673,0.03479853479853473,0.006968641114982521,0.008130081300812997,0.0,0.0672268907563025,-0.024844720496894457,-0.007198228128460715,0.006968641114982521,-0.009740259740259744,0.021978021978021955,0.018315018315018305,0.0,0.03479853479853473,0.0,0.02014652014652013
-0.01315789473684209,-0.06818181818181823,0.0,0.009957325746799417,-0.03273427471116819,0.0,0.02777777777777779,0.0,-0.047619047619047616,-0.02763157894736845,-0.007422402159244279,-0.0211810012836971,-0.05813953488372098,0.008534850640113778,-0.011470985155195679,-0.07535885167464124,-0.045112781954887216,1.0,0.013513513513513487,-0.05012531328320802,-0.11441647597254012,0.02192982456140352,-0.08971291866028708,-0.06100478468899523,-0.01710526315789479,-0.0040485829959514275,-0.01925545571245188,-0.02310654685494229,-0.08596491228070186,-0.04589963280293763,-0.057416267942583754,-0.05023923444976075,-0.09070548712206045,-0.06731946144430856,0.040247678018575817,-0.05382775119617228,-0.04589963280293763,-0.06100478468899523,-0.01578947368421052,-0.12061403508771934,-0.02756892230576441,0.0056899004267425,-0.059496567505720854,-0.0020242914979757137,-0.03365973072215428,-0.006747638326585703,-0.008771929824561486,0.020300751879699236,-0.010121457489878583,-0.028708133971291877,-0.022556390977443608,0.01280227596017064,-0.0611995104039168,-0.019736842105263164,-0.025000000000000022,-0.07777777777777783,-0.030808729139923052,-0.08062709966405379,-0.02888318356867786,0.007112375533428139,-0.006747638326585703,-0.05012531328320802,-0.1326315789473685,0.020467836257309968,-0.04043645699614895,0.023391812865497075,-0.09005847953216384,-0.06731946144430856,0.013513513513513487,-0.020917678812415685,-0.06516290726817053,-0.04895960832313351,-0.04043645699614895,-0.0367197062423501,-0.09070548712206045,-0.024479804161566754,-0.06425948592411268,-0.052019583843329276,-0.0211810012836971,-0.027539779681762577,0.008534850640113778,0.017543859649122806,-0.0211810012836971,-0.05382775119617228,-0.05321637426900594,-0.008097165991902855,-0.02310654685494229,-0.0211810012836971,-0.042606516290726815,0.027863777089783298,-0.05491990846681927,-0.03365973072215428,-0.02310654685494229,-0.035885167464114825,-0.010796221322537158,-0.0013495276653171448,-0.017543859649122806,-0.007422402159244279,-0.02756892230576441,-0.005398110661268579
-0.028378378378378366,-0.04729729729729726,-0.00640113798008532,0.0,-0.03164139749505607,-0.009957325746799417,0.00750750750750756,-0.0056899004267425,-0.028957528957528927,-0.034459459459459385,-0.03049203049203042,-0.05273566249176004,-0.08673790069138909,0.0,-0.04019404019404016,-0.07739557739557734,-0.08687258687258681,-0.013513513513513487,1.0,-0.05148005148005147,-0.14806110458284372,0.016516516516516644,-0.1117936117936118,-0.0558968058968059,-0.01621621621621619,-0.006930006930006921,-0.03164139749505607,-0.03691496374423203,-0.08648648648648649,-0.0678818353236958,-0.06879606879606875,-0.06449631449631449,-0.12075905692926964,-0.08296668761785042,0.03577106518282991,-0.030098280098280084,-0.04902576995600255,-0.07309582309582308,-0.034459459459459385,-0.11768018018018017,-0.05148005148005147,0.0,-0.09518213866039948,-0.013860013860013842,-0.04902576995600255,-0.02079002079002079,-0.019404019404019424,0.023166023166023175,-0.027720027720027685,-0.06019656019656017,-0.03539253539253534,0.0,-0.04902576995600255,-0.014189189189189183,-0.02635135135135136,-0.06246246246246251,-0.021094264996704026,-0.05175388154111554,-0.03427818061964405,0.0,-0.02217602217602216,-0.06756756756756754,-0.16162162162162164,0.01726726726726735,-0.0685563612392881,0.018768768768768873,-0.08168168168168166,-0.11313639220615967,0.0,-0.023562023562023526,-0.0643500643500643,-0.0678818353236958,-0.04746209624258402,-0.05656819610307984,-0.09200690051753879,-0.02262727844123194,-0.06411062225015712,-0.05656819610307984,-0.04746209624258402,-0.03771213073538654,0.0,0.010510510510510551,-0.02636783124588002,-0.06019656019656017,-0.04804804804804805,-0.023562023562023526,-0.02900461437046803,-0.03955174686882007,-0.03861003861003859,0.02623211446740864,-0.07931844888366624,-0.0339409176618479,-0.02373104812129201,-0.030098280098280084,-0.016632016632016633,-0.01524601524601521,-0.04826254826254822,-0.023562023562023526,-0.0643500643500643,-0.01524601524601521
0.009523809523809545,-0.021645021645021634,0.042606516290726815,0.03539253539253534,0.010452961672473837,0.057644110275689164,0.08730158730158732,0.03759398496240601,0.0,0.016666666666666663,0.02380952380952378,0.005807200929152129,-0.007198228128460715,0.03861003861003859,0.031135531135531136,-0.024891774891774965,0.0,0.05012531328320802,0.05148005148005147,1.0,-0.043478260869565244,0.04365079365079366,-0.023809523809523836,-0.017316017316017285,0.013095238095238104,0.02014652014652013,0.009291521486643417,0.009872241579558627,-0.04761904761904767,-0.008305647840531616,-0.018398268398268414,-0.015151515151515138,-0.03799392097264437,-0.011074197120708784,0.08963585434173671,-0.025974025974025983,-0.01218161683277974,-0.010822510822510817,0.007142857142857145,-0.059523809523809534,0.0,0.025740025740025735,-0.02898550724637683,0.018315018315018305,-0.01218161683277974,0.02747252747252743,0.021978021978021955,0.09047619047619043,0.038461538461538436,-0.021645021645021634,0.0,0.0643500643500643,-0.011074197120708784,0.01785714285714285,0.021428571428571408,-0.03333333333333338,0.009291521486643417,-0.03292806484295846,0.007549361207897787,0.016087516087516074,0.014652014652014655,0.0,-0.08380952380952383,0.04365079365079366,0.008710801393728151,0.051587301587301626,-0.04285714285714293,-0.009966777408637939,0.04826254826254822,0.038461538461538436,0.0,-0.009413067552602461,0.013356562137049832,-0.011074197120708784,-0.05319148936170209,-0.0049833887043189695,-0.014950166112956853,-0.011627906976744207,0.008710801393728151,-0.008859357696567038,0.05469755469755466,0.047619047619047616,0.010452961672473837,-0.018398268398268414,-0.028571428571428636,0.03479853479853473,0.012775842044134622,0.005807200929152129,0.0,0.0672268907563025,-0.026915113871635588,-0.006644518272425293,0.005807200929152129,-0.014069264069264065,0.02014652014652013,0.021978021978021955,0.0,0.042124542124542086,0.0,0.03479853479853473
