0,1,2,3,4,5,6,7,8,9,10,11,12,13,14,15,16,17,18,19,20,21,22,23,24,25,26,27,28,29,30,31,32,33,34,35,36,37,38,39,40,41,42,43,44,45,46,47,48,49,50,51,52,53,54,55,56,57,58,59,60,61,62,63,64,65,66,67,68,69,70,71,72,73,74,75,76,77,78,79,80,81,82,83,84,85,86,87,88,89,90,91,92,93,94,95,96,97,98,99
1.0,0.04844961240310075,0.09166666666666673,0.12867647058823528,0.08173076923076922,0.09868421052631582,0.14583333333333337,0.05654761904761907,0.06758130081300812,0.09868421052631582,0.07500000000000001,0.018115942028985532,0.07113821138211379,0.033333333333333326,0.08223684210526316,0.10416666666666669,0.03273809523809526,0.10964912280701755,0.0,0.11805555555555558,0.03391472868217055,0.09285714285714286,0.046239837398374006,0.05087209302325579,0.06402439024390244,0.04118217054263562,0.03219696969696967,0.05691056910569103,0.05654761904761907,0.03837719298245615,0.06845238095238099,0.045454545454545525,0.04356060606060602,0.10529279279279274,0.08223684210526316,0.07469512195121952,0.02638888888888885,0.08333333333333337,0.027777777777777735,0.10964912280701755,0.13154761904761902,0.08771929824561409,0.028409090909090884,0.0535714285714286,0.06578947368421056,0.043604651162790664,0.10529279279279274,0.0625,0.05329457364341078,0.03598484848484845,0.04924242424242431,0.033333333333333326,0.10096153846153844,0.043604651162790664,0.01152482269503552,0.0378787878787879,0.09868421052631582,0.04602713178294571,0.06547619047619052,0.10096153846153844,0.0932017543859649,0.05087209302325579,0.041666666666666685,0.07083333333333336,0.07127192982456149,0.03219696969696967,0.06547619047619052,0.0,0.03598484848484845,0.0932017543859649,0.047619047619047616,0.11513157894736847,0.08223684210526316,0.08180894308943082,0.04602713178294571,0.0913461538461538,0.05691056910569103,0.03912601626016257,0.09027777777777785,0.13157894736842113,0.03219696969696967,0.059523809523809534,0.043604651162790664,0.08750000000000002,0.018115942028985532,0.09868421052631582,0.04464285714285715,0.0932017543859649,0.04602713178294571,0.043604651162790664,0.043604651162790664,0.07825203252032514,0.08333333333333337,0.0913461538461538,0.02916666666666662,0.07692307692307693,0.019021739130434756,0.09722222222222227,0.04844961240310075,0.03875968992248058
-0.04844961240310075,1.0,0.05058139534883732,0.14158686730506165,0.07394156231365534,0.07037943696450433,0.1130490956072353,0.01605758582502781,0.03176403857061827,0.08261933904528773,0.022674418604651192,-0.037917087967644036,0.03176403857061827,-0.03204134366925071,0.0734394124847002,0.07649938800489609,0.011074197120708784,0.07955936352509196,-0.06298449612403101,0.12209302325581406,0.0,0.10631229235880402,0.029495178672717004,0.0,0.026091888825864995,0.0,-0.011627906976744096,0.027226318774815628,0.013842746400886008,0.055079559363525155,0.009413067552602461,-0.007928118393234651,-0.012156448202959802,0.08673790069138909,0.06731946144430856,0.029495178672717004,-0.026873385012919915,0.033139534883720956,-0.023772609819121437,0.08261933904528773,0.13289036544850508,0.04589963280293763,-0.011099365750528556,0.012735326688815163,0.055079559363525155,0.0,0.09428032683846643,0.045348837209302384,0.0,-0.013213530655390993,-0.008985200845665953,-0.03204134366925071,0.05008944543828264,0.0,-0.06333498268184057,-0.015327695560253596,0.09179926560587526,0.0,0.01218161683277974,0.03339296362552174,0.04283965728274175,0.0,0.015503875968992276,0.043604651162790775,0.06731946144430856,-0.013742071881606699,0.014950166112956853,-0.05813953488372092,-0.011627906976744096,0.07955936352509196,0.014950166112956853,0.0611995104039168,0.0734394124847002,0.020419739081111776,0.0,0.05008944543828264,0.020419739081111776,0.02382302892796373,0.08139534883720939,0.03977968176254598,-0.012156448202959802,0.01218161683277974,0.0,0.043604651162790775,-0.037917087967644036,0.07037943696450433,0.011627906976744207,0.06425948592411268,0.0,0.0,0.0,0.018150879183210455,0.04011627906976756,0.042933810375670844,-0.02273901808785528,0.0405485986881336,-0.039433771486349745,0.0904392764857882,0.0,0.0
-0.09166666666666673,-0.05058139534883732,1.0,0.0794117647058824,0.014102564102564052,0.02894736842105261,0.0722222222222223,-0.027380952380952395,-0.016463414634146356,0.02763157894736845,0.0,-0.0782608695652175,-0.015243902439024404,-0.0805555555555556,0.03289473684210531,0.023684210526315808,-0.016666666666666663,0.02894736842105261,-0.1166666666666667,0.05833333333333335,-0.03488372093023262,0.057142857142857106,-0.01097560975609757,-0.03662790697674423,-0.012195121951219579,-0.022674418604651192,-0.050000000000000044,-0.01097560975609757,-0.02619047619047621,0.02105263157894738,-0.015476190476190477,-0.03863636363636369,-0.04318181818181821,0.03648648648648645,0.022368421052631537,-0.015243902439024404,-0.063888888888889,0.0,-0.063888888888889,0.03289473684210531,0.07857142857142851,0.01578947368421052,-0.036363636363636376,-0.022619047619047594,0.02105263157894738,-0.033139534883720956,0.04459459459459447,0.0,-0.045348837209302384,-0.054545454545454564,-0.03863636363636369,-0.0805555555555556,0.014102564102564052,-0.03139534883720935,-0.11170212765957444,-0.06818181818181823,0.03815789473684217,-0.05058139534883732,-0.02857142857142858,0.008333333333333304,0.022368421052631537,-0.043604651162790775,-0.030952380952380953,0.0,0.02631578947368418,-0.054545454545454564,-0.030952380952380953,-0.08750000000000002,-0.04545454545454547,0.02894736842105261,-0.023809523809523836,0.023684210526315808,0.025000000000000022,-0.01097560975609757,-0.0244186046511628,0.011538461538461497,-0.01036585365853665,-0.012195121951219579,0.03611111111111115,0.019736842105263164,-0.034090909090909116,-0.023809523809523836,-0.03139534883720935,0.0,-0.06521739130434784,0.025000000000000022,-0.022619047619047594,0.022368421052631537,-0.04011627906976756,-0.03837209302325595,-0.026162790697674465,-0.012195121951219579,0.0,0.008974358974358942,-0.04444444444444451,0.01025641025641022,-0.06521739130434784,0.05277777777777781,-0.04011627906976756,-0.03837209302325595
-0.12867647058823528,-0.14158686730506165,-0.0794117647058824,1.0,-0.0980392156862746,-0.037151702786377694,-0.037581699346405206,-0.14565826330532217,-0.11047345767575334,-0.07120743034055732,-0.04411764705882354,-0.09207161125319696,-0.08034433285509329,-0.14379084967320271,-0.040247678018575817,-0.05263157894736842,-0.10644257703081234,-0.04953560371517024,-0.1629901960784314,-0.026143790849673165,-0.1231190150478797,-0.013445378151260512,-0.0853658536585366,-0.0800273597811218,-0.10545193687230991,-0.06155950752393985,-0.0802139037433155,-0.0853658536585366,-0.10644257703081234,-0.037151702786377694,-0.06162464985994398,-0.0802139037433155,-0.0802139037433155,-0.03815580286168524,-0.040247678018575817,-0.0853658536585366,-0.12941176470588245,-0.0794117647058824,-0.12222222222222223,-0.04953560371517024,-0.01428571428571429,-0.03405572755417957,-0.1002673796791444,-0.09523809523809523,-0.04643962848297212,-0.06771545827633385,-0.04054054054054057,-0.07499999999999996,-0.11080711354309175,-0.106951871657754,-0.0735294117647059,-0.12222222222222223,-0.04147812971342385,-0.09233926128590975,-0.17083854818523153,-0.13368983957219255,-0.05882352941176472,-0.1354309165526677,-0.08403361344537813,-0.04147812971342385,-0.040247678018575817,-0.1046511627906977,-0.08963585434173671,-0.057352941176470607,-0.043343653250773995,-0.08689839572192515,-0.10644257703081234,-0.17156862745098045,-0.0802139037433155,-0.05263157894736842,-0.11204481792717091,-0.037151702786377694,-0.04953560371517024,-0.0652797704447633,-0.0800273597811218,-0.0641025641025641,-0.07532281205164998,-0.07030129124820661,-0.021241830065359457,-0.03095975232198145,-0.09358288770053474,-0.08963585434173671,-0.1231190150478797,-0.07499999999999996,-0.0843989769820972,-0.040247678018575817,-0.0784313725490196,-0.037151702786377694,-0.1046511627906977,-0.09233926128590975,-0.006155950752393984,-0.04519368723098999,-0.07499999999999996,-0.0641025641025641,-0.10784313725490197,-0.03770739064856715,-0.10741687979539644,-0.022875816993464027,-0.1046511627906977,-0.0800273597811218
-0.08173076923076922,-0.07394156231365534,-0.014102564102564052,0.0980392156862746,1.0,0.01214574898785431,0.05128205128205132,-0.05494505494505486,-0.03126954346466537,0.018218623481781493,-0.007692307692307665,-0.07023411371237454,-0.026266416510318913,-0.0888888888888889,0.013495276653171406,0.012820512820512886,-0.04029304029304026,0.014844804318488558,-0.10576923076923078,0.044871794871794934,-0.059630292188431744,0.05860805860805862,-0.025015634771732354,-0.042933810375670844,-0.023764853033145683,-0.031007751937984496,-0.04953379953379955,-0.028767979987492254,-0.04395604395604391,0.010121457489878583,-0.02930402930402931,-0.040792540792540743,-0.046620046620046596,0.03049203049203042,0.013495276653171406,-0.026266416510318913,-0.08547008547008539,-0.014102564102564052,-0.06153846153846154,0.014170040485830038,0.06446886446886446,0.010796221322537158,-0.0641025641025641,-0.038461538461538436,0.013495276653171406,-0.0405485986881336,0.03049203049203042,-0.014743589743589691,-0.05485986881335725,-0.06701631701631705,-0.03205128205128205,-0.08205128205128209,0.0,-0.05485986881335725,-0.1309328968903436,-0.0699300699300699,0.015519568151147078,-0.06678592725104349,-0.03479853479853473,0.0,0.007422402159244279,-0.05008944543828264,-0.03479853479853473,-0.011538461538461497,0.012820512820512886,-0.055361305361305346,-0.042124542124542086,-0.11538461538461542,-0.04953379953379955,0.014844804318488558,-0.04395604395604391,0.010121457489878583,0.012820512820512886,-0.016260162601625994,-0.042933810375670844,0.0,-0.025015634771732354,-0.023764853033145683,0.040598290598290676,0.009446693657220007,-0.055361305361305346,-0.03663003663003661,-0.059630292188431744,-0.014743589743589691,-0.07803790412486061,0.013495276653171406,-0.038461538461538436,0.012820512820512886,-0.05247465712582,-0.05247465712582,-0.01669648181276087,-0.01751094434021261,-0.013461538461538414,0.0,-0.07179487179487182,0.0,-0.08584169453734669,0.03418803418803423,-0.05247465712582,-0.05247465712582
-0.09868421052631582,-0.07037943696450433,-0.02894736842105261,0.037151702786377694,-0.01214574898785431,1.0,0.02777777777777779,-0.05513784461152882,-0.04043645699614895,0.0,-0.01578947368421052,-0.10526315789473684,-0.03658536585365857,-0.08187134502923982,0.0,0.0,-0.03508771929824561,0.0,-0.09868421052631582,0.032163742690058506,-0.05813953488372098,0.027067669172932296,-0.03658536585365857,-0.04589963280293763,-0.04043645699614895,-0.03977968176254598,-0.06100478468899523,-0.030808729139923052,-0.05513784461152882,0.0,-0.03258145363408527,-0.04665071770334933,-0.0645933014354067,0.012091038406827848,0.0,-0.04428754813863933,-0.09005847953216384,-0.02105263157894738,-0.07368421052631585,0.0,0.045112781954887216,0.0,-0.04665071770334933,-0.05012531328320802,0.0,-0.052019583843329276,0.01280227596017064,-0.023684210526315808,-0.07649938800489609,-0.07894736842105265,-0.06818181818181823,-0.09005847953216384,-0.009446693657220007,-0.04283965728274175,-0.10078387458006716,-0.08971291866028708,0.0,-0.06731946144430856,-0.05012531328320802,-0.01214574898785431,0.0,-0.052019583843329276,-0.042606516290726815,-0.02763157894736845,0.0,-0.06100478468899523,-0.05513784461152882,-0.10964912280701755,-0.05382775119617228,0.0,-0.042606516290726815,0.0,0.0,-0.04043645699614895,-0.05813953488372098,-0.011470985155195679,-0.02888318356867786,-0.03465982028241338,0.020467836257309968,0.0,-0.057416267942583754,-0.03759398496240601,-0.052019583843329276,-0.019736842105263164,-0.07780320366132726,0.0,-0.03759398496240601,0.0,-0.0611995104039168,-0.055079559363525155,-0.04589963280293763,-0.03273427471116819,-0.02105263157894738,-0.006072874493927155,-0.06549707602339189,-0.011470985155195679,-0.10526315789473684,0.023391812865497075,-0.07037943696450433,-0.055079559363525155
-0.14583333333333337,-0.1130490956072353,-0.0722222222222223,0.037581699346405206,-0.05128205128205132,-0.02777777777777779,1.0,-0.1071428571428572,-0.09146341463414642,-0.03801169590643272,-0.03888888888888892,-0.12077294685990342,-0.07113821138211385,-0.1444444444444446,-0.02777777777777779,-0.02777777777777779,-0.06349206349206354,-0.02777777777777779,-0.15972222222222227,0.0,-0.0904392764857882,0.012698412698412653,-0.05420054200542013,-0.08591731266149877,-0.0745257452574527,-0.05878552971576234,-0.09090909090909094,-0.060975609756097615,-0.09523809523809523,-0.01900584795321636,-0.03968253968253971,-0.08080808080808083,-0.0757575757575758,-0.015765765765765827,-0.02192982456140352,-0.08130081300813019,-0.12777777777777788,-0.05555555555555558,-0.13333333333333341,-0.03801169590643272,0.01825396825396819,-0.016081871345029253,-0.08080808080808083,-0.07936507936507942,-0.02777777777777779,-0.08591731266149877,-0.015765765765765827,-0.050000000000000044,-0.10852713178294582,-0.11616161616161624,-0.0757575757575758,-0.12222222222222234,-0.03632478632478636,-0.06782945736434115,-0.15602836879432624,-0.13636363636363646,-0.03654970760233922,-0.12661498708010344,-0.09126984126984128,-0.03632478632478636,-0.024853801169590684,-0.09948320413436706,-0.08730158730158732,-0.05277777777777781,-0.026315789473684237,-0.09595959595959602,-0.0992063492063493,-0.13194444444444448,-0.08585858585858591,-0.030701754385964897,-0.08730158730158732,-0.02192982456140352,-0.024853801169590684,-0.06436314363143636,-0.07235142118863058,-0.044871794871794934,-0.05758807588075887,-0.06775067750677516,0.0,-0.023391812865497075,-0.08080808080808083,-0.0753968253968254,-0.08591731266149877,-0.05277777777777781,-0.09661835748792275,-0.024853801169590684,-0.07142857142857145,-0.023391812865497075,-0.10400516795865644,-0.09948320413436706,-0.040697674418604696,-0.05758807588075887,-0.05833333333333335,-0.029914529914529975,-0.11111111111111122,-0.03632478632478636,-0.12077294685990342,0.0,-0.0904392764857882,-0.0904392764857882
-0.05654761904761907,-0.01605758582502781,0.027380952380952395,0.14565826330532217,0.05494505494505486,0.05513784461152882,0.1071428571428572,1.0,0.018002322880371513,0.06766917293233088,0.015476190476190477,-0.03726708074534163,0.012195121951219523,-0.03968253968253965,0.052631578947368474,0.06015037593984962,0.0,0.052631578947368474,-0.07440476190476186,0.08333333333333337,-0.013289036544850585,0.09047619047619043,0.012775842044134622,-0.008859357696567038,0.012195121951219523,-0.008305647840531616,-0.018398268398268414,0.011614401858304257,0.0,0.04010025062656647,0.0,-0.015151515151515138,-0.017316017316017285,0.07722007722007718,0.05012531328320802,0.013937282229965042,-0.03968253968253965,0.027380952380952395,-0.03333333333333338,0.05513784461152882,0.10476190476190472,0.04010025062656647,-0.023809523809523836,0.0,0.05513784461152882,-0.009966777408637939,0.07400257400257393,0.029761904761904767,-0.013289036544850585,-0.025974025974025983,-0.014069264069264065,-0.03809523809523818,0.032967032967032905,-0.011627906976744207,-0.06838905775075987,-0.02813852813852813,0.06766917293233088,-0.0182724252491695,0.0,0.02930402930402931,0.03508771929824561,-0.011627906976744207,0.0,0.022619047619047594,0.05513784461152882,-0.020562770562770616,0.0,-0.07440476190476186,-0.021645021645021634,0.057644110275689164,0.0,0.04010025062656647,0.042606516290726815,0.008710801393728151,-0.009966777408637939,0.03663003663003661,0.010452961672473837,0.011033681765389047,0.07142857142857145,0.03007518796992481,-0.019480519480519487,0.0,-0.014950166112956853,0.02619047619047621,-0.035196687370600444,0.05012531328320802,0.0,0.045112781954887216,-0.012735326688815163,-0.011074197120708784,-0.004429678848283519,0.009291521486643417,0.022619047619047594,0.032967032967032905,-0.0365079365079366,0.032967032967032905,-0.049689440993788914,0.0674603174603175,-0.013289036544850585,-0.010520487264673362
-0.06758130081300812,-0.03176403857061827,0.016463414634146356,0.11047345767575334,0.03126954346466537,0.04043645699614895,0.09146341463414642,-0.018002322880371513,1.0,0.05006418485237496,0.00792682926829269,-0.05567338282078477,0.0,-0.05636856368563692,0.04428754813863933,0.03851091142490376,-0.011614401858304257,0.04621309370988458,-0.09247967479674801,0.08468834688346893,-0.02836074872376637,0.08362369337979098,0.0,-0.020419739081111776,0.0,-0.017016449234259767,-0.03325942350332589,0.0,-0.015098722415795574,0.03658536585365857,-0.008130081300812997,-0.02494456762749442,-0.02827050997782704,0.060646011865524097,0.03851091142490376,0.0,-0.04769647696476964,0.011585365853658547,-0.052032520325203224,0.048138639281129714,0.10871080139372824,0.026957637997432615,-0.03325942350332589,-0.012775842044134622,0.03851091142490376,-0.02268859897901304,0.0685563612392881,0.013414634146341586,-0.029495178672717004,-0.0482261640798225,-0.02494456762749442,-0.0607046070460705,0.025015634771732354,-0.018150879183210455,-0.08406850025947066,-0.0482261640798225,0.05969191270860086,-0.037436188315371544,-0.012775842044134622,0.016260162601625994,0.02888318356867786,-0.029495178672717004,-0.014518002322880363,0.014634146341463539,0.04621309370988458,-0.03658536585365846,-0.017421602787456303,-0.08892276422764223,-0.0382483370288248,0.05391527599486523,-0.014518002322880363,0.03465982028241338,0.03851091142490376,0.0,-0.019285309132161088,0.028767979987492254,0.0,0.0,0.060975609756097615,0.026957637997432615,-0.026607538802660702,-0.013356562137049832,-0.029495178672717004,0.013414634146341586,-0.05037115588547192,0.04043645699614895,-0.011614401858304257,0.03658536585365857,-0.02836074872376637,-0.026091888825864995,-0.017016449234259767,0.0,0.01097560975609757,0.025015634771732354,-0.04336043360433606,0.022514071294559068,-0.060975609756097504,0.07113821138211385,-0.026091888825864995,-0.024957458876914362
-0.09868421052631582,-0.08261933904528773,-0.02763157894736845,0.07120743034055732,-0.018218623481781493,0.0,0.03801169590643272,-0.06766917293233088,-0.05006418485237496,1.0,-0.02631578947368418,-0.10068649885583525,-0.0423620025673942,-0.0982456140350878,0.0,0.0,-0.042606516290726815,0.0,-0.10964912280701755,0.026315789473684237,-0.06425948592411268,0.042857142857142816,-0.03465982028241338,-0.0611995104039168,-0.04621309370988458,-0.04589963280293763,-0.057416267942583754,-0.03658536585365857,-0.057644110275689164,0.0,-0.02756892230576441,-0.05382775119617228,-0.06100478468899523,0.014224751066856278,0.0,-0.0423620025673942,-0.09005847953216384,-0.02894736842105261,-0.10233918128654973,0.0,0.0518796992481203,0.0,-0.06100478468899523,-0.057644110275689164,0.0,-0.0611995104039168,0.01564722617354186,-0.022368421052631537,-0.06731946144430856,-0.08253588516746413,-0.05023923444976075,-0.09005847953216384,-0.011470985155195679,-0.055079559363525155,-0.12094064949608063,-0.08253588516746413,0.0,-0.07649938800489609,-0.06015037593984962,-0.010121457489878583,0.0,-0.07037943696450433,-0.05012531328320802,-0.025000000000000022,0.0,-0.0645933014354067,-0.057644110275689164,-0.10416666666666669,-0.06100478468899523,0.0,-0.052631578947368474,0.0,0.0,-0.03851091142490376,-0.055079559363525155,-0.01619433198380571,-0.03273427471116819,-0.04043645699614895,0.023391812865497075,0.0,-0.057416267942583754,-0.05012531328320802,-0.05813953488372098,-0.02763157894736845,-0.08237986270022885,0.0,-0.045112781954887216,0.0,-0.06731946144430856,-0.06425948592411268,-0.0305997552019584,-0.030808729139923052,-0.03026315789473677,-0.010796221322537158,-0.08596491228070186,-0.010796221322537158,-0.09610983981693372,0.02192982456140352,-0.06731946144430856,-0.05813953488372098
-0.07500000000000001,-0.022674418604651192,0.0,0.04411764705882354,0.007692307692307665,0.01578947368421052,0.03888888888888892,-0.015476190476190477,-0.00792682926829269,0.02631578947368418,1.0,-0.05869565217391304,-0.008536585365853666,-0.03888888888888892,0.01315789473684209,0.019736842105263164,-0.016666666666666663,0.011842105263157904,-0.045833333333333365,0.02777777777777779,-0.022674418604651192,0.0357142857142857,-0.006097560975609789,-0.026162790697674465,-0.012195121951219579,-0.0244186046511628,-0.018181818181818188,-0.007317073170731769,-0.01785714285714285,0.011842105263157904,-0.015476190476190477,-0.022727272727272735,-0.036363636363636376,0.02635135135135136,0.014473684210526305,-0.008536585365853666,-0.04444444444444451,0.0,-0.04444444444444451,0.019736842105263164,0.04642857142857143,0.01052631578947369,-0.02954545454545454,-0.01904761904761909,0.01315789473684209,-0.026162790697674465,0.02027027027027023,0.0,-0.022674418604651192,-0.0318181818181818,-0.02954545454545454,-0.041666666666666685,0.01025641025641022,-0.020930232558139583,-0.05585106382978722,-0.036363636363636376,0.01710526315789479,-0.026162790697674465,-0.022619047619047594,0.012820512820512775,0.02105263157894738,-0.0244186046511628,-0.01428571428571429,0.0,0.01315789473684209,-0.027272727272727282,-0.01904761904761909,-0.054166666666666696,-0.025000000000000022,0.014473684210526305,-0.013095238095238104,0.014473684210526305,0.01052631578947369,-0.012195121951219579,-0.033139534883720956,0.01025641025641022,-0.005487804878048785,-0.004878048780487837,0.04444444444444445,0.014473684210526305,-0.020454545454545447,-0.01428571428571429,-0.015697674418604673,0.0,-0.03913043478260875,0.01315789473684209,-0.01428571428571429,0.01315789473684209,-0.026162790697674465,-0.020930232558139583,-0.015697674418604673,-0.009146341463414698,0.0,0.008333333333333304,-0.03888888888888892,0.007051282051282026,-0.04565217391304349,0.025000000000000022,-0.022674418604651192,-0.022674418604651192
-0.018115942028985532,0.037917087967644036,0.0782608695652175,0.09207161125319696,0.07023411371237454,0.10526315789473684,0.12077294685990342,0.03726708074534163,0.05567338282078477,0.10068649885583525,0.05869565217391304,1.0,0.06892895015906675,0.010144927536231862,0.08237986270022885,0.10068649885583525,0.03726708074534163,0.10068649885583525,-0.020833333333333315,0.13888888888888895,0.03185035389282104,0.11614906832298139,0.04506892895015907,0.039433771486349745,0.0715800636267232,0.03336703741152669,0.01976284584980237,0.05037115588547192,0.04554865424430643,0.06407322654462244,0.03726708074534163,0.014822134387351749,0.018774703557312256,0.08460634547591067,0.09153318077803202,0.05832449628844105,0.010628019323671412,0.05543478260869572,0.011594202898550732,0.11899313501144171,0.1298136645962733,0.06407322654462244,0.013833992094861691,0.04554865424430643,0.059496567505720854,0.024266936299292163,0.10047003525264397,0.05543478260869572,0.03185035389282104,0.017786561264822143,0.022727272727272707,0.012077294685990392,0.09754738015607578,0.02730030333670369,-0.00971322849213685,0.022727272727272707,0.10983981693363853,0.02881698685540951,0.06418219461697727,0.07803790412486061,0.10526315789473684,0.03640040444893833,0.043478260869565244,0.07500000000000007,0.09153318077803202,0.02075098814229248,0.04761904761904767,-0.018115942028985532,0.018774703557312256,0.10983981693363853,0.03933747412008287,0.09153318077803202,0.08695652173913049,0.05832449628844105,0.03336703741152669,0.09364548494983282,0.04241781548250262,0.060975609756097504,0.10869565217391308,0.08695652173913049,0.021739130434782594,0.031055900621118016,0.019716885743174872,0.05217391304347829,0.0,0.08237986270022885,0.03726708074534163,0.08695652173913049,0.03185035389282104,0.03488372093023251,0.03336703741152669,0.060975609756097504,0.07500000000000007,0.042920847268673346,0.008212560386473444,0.07023411371237454,0.0,0.10265700483091794,0.03185035389282104,0.0227502527805864
-0.07113821138211379,-0.03176403857061827,0.015243902439024404,0.08034433285509329,0.026266416510318913,0.03658536585365857,0.07113821138211385,-0.012195121951219523,0.0,0.0423620025673942,0.008536585365853666,-0.06892895015906675,1.0,-0.06287262872628718,0.04428754813863933,0.03465982028241338,-0.012775842044134622,0.04428754813863933,-0.08536585365853655,0.07791327913279145,-0.026091888825864995,0.0919860627177701,0.0,-0.027226318774815628,0.0,-0.017016449234259767,-0.03325942350332589,0.0,-0.012775842044134622,0.0423620025673942,-0.009291521486643417,-0.02161862527716185,-0.034922394678492286,0.05537244561634802,0.0423620025673942,0.0,-0.04986449864498643,0.009146341463414698,-0.04336043360433606,0.04428754813863933,0.10034843205574917,0.02888318356867786,-0.03159645232815966,-0.013356562137049832,0.02888318356867786,-0.02268859897901304,0.06591957811470006,0.011585365853658547,-0.02155416903006241,-0.0382483370288248,-0.02494456762749442,-0.054200542005420016,0.023764853033145683,-0.018150879183210455,-0.07784120394395422,-0.0382483370288248,0.04621309370988458,-0.029495178672717004,-0.013937282229965042,0.020012507817385894,0.0423620025673942,-0.03970504821327281,-0.018583042973286834,0.015243902439024404,0.03658536585365857,-0.041574279379157364,-0.015098722415795574,-0.09603658536585369,-0.03658536585365846,0.04621309370988458,-0.013937282229965042,0.0423620025673942,0.03658536585365857,0.0,-0.024957458876914362,0.026266416510318913,0.0,0.0,0.05081300813008138,0.026957637997432615,-0.0382483370288248,-0.013356562137049832,-0.02268859897901304,0.012195121951219579,-0.05567338282078477,0.04043645699614895,-0.010452961672473837,0.03851091142490376,-0.024957458876914362,-0.029495178672717004,-0.017016449234259767,0.0,0.011585365853658547,0.020012507817385894,-0.039024390243902474,0.01876172607879928,-0.05567338282078477,0.06436314363143636,-0.020419739081111776,-0.02382302892796373
-0.033333333333333326,0.03204134366925071,0.0805555555555556,0.14379084967320271,0.0888888888888889,0.08187134502923982,0.1444444444444446,0.03968253968253965,0.05636856368563692,0.0982456140350878,0.03888888888888892,-0.010144927536231862,0.06287262872628718,1.0,0.11461988304093573,0.08187134502923982,0.0365079365079366,0.09415204678362576,-0.03888888888888886,0.12777777777777788,0.025839793281653645,0.13333333333333336,0.052032520325203224,0.025839793281653645,0.04769647696476964,0.01550387596899222,0.0121212121212122,0.054200542005420016,0.04444444444444451,0.07777777777777783,0.025396825396825418,0.007070707070707116,0.011111111111111183,0.10090090090090093,0.08596491228070186,0.04986449864498643,0.0,0.05277777777777781,0.0,0.0982456140350878,0.14603174603174607,0.06959064327485381,0.011111111111111183,0.03968253968253965,0.06549707602339189,0.021705426356589175,0.1057057057057057,0.06666666666666676,0.026873385012919915,0.014141414141414232,0.007575757575757569,0.0,0.07863247863247869,0.021705426356589175,-0.027423167848699692,0.0121212121212122,0.1105263157894738,0.028940568475452233,0.0365079365079366,0.058119658119658135,0.06959064327485381,0.02997416020671828,0.04285714285714293,0.0722222222222223,0.09415204678362576,0.014646464646464685,0.03968253968253965,-0.03749999999999998,0.010606060606060619,0.09415204678362576,0.041269841269841345,0.07777777777777783,0.08596491228070186,0.04336043360433606,0.021705426356589175,0.06495726495726495,0.052032520325203224,0.04986449864498643,0.08333333333333337,0.0491228070175439,0.0121212121212122,0.0365079365079366,0.021705426356589175,0.06666666666666676,-0.011594202898550732,0.0982456140350878,0.03492063492063502,0.08187134502923982,0.026873385012919915,0.025839793281653645,0.014470284237726116,0.03252032520325199,0.063888888888889,0.06153846153846154,0.0,0.06495726495726495,-0.012077294685990392,0.11666666666666675,0.023772609819121437,0.025839793281653645
-0.08223684210526316,-0.0734394124847002,-0.03289473684210531,0.040247678018575817,-0.013495276653171406,0.0,0.02777777777777779,-0.052631578947368474,-0.04428754813863933,0.0,-0.01315789473684209,-0.08237986270022885,-0.04428754813863933,-0.11461988304093573,1.0,0.0,-0.057644110275689164,0.0,-0.15899122807017552,0.03508771929824561,-0.08261933904528773,0.042857142857142816,-0.04428754813863933,-0.0611995104039168,-0.030808729139923052,-0.04589963280293763,-0.08971291866028708,-0.0423620025673942,-0.06516290726817053,0.0,-0.03759398496240601,-0.0430622009569378,-0.07535885167464124,0.01280227596017064,0.0,-0.0423620025673942,-0.10233918128654973,-0.01710526315789479,-0.08187134502923982,0.0,0.049624060150375904,0.0,-0.08253588516746413,-0.052631578947368474,0.0,-0.07037943696450433,0.01493598862019907,-0.023684210526315808,-0.05813953488372098,-0.08971291866028708,-0.03947368421052633,-0.10233918128654973,-0.013495276653171406,-0.03977968176254598,-0.11590145576707722,-0.06818181818181823,0.0,-0.07037943696450433,-0.052631578947368474,-0.008097165991902855,0.0,-0.0734394124847002,-0.07017543859649122,-0.03026315789473677,0.0,-0.10765550239234456,-0.057644110275689164,-0.13706140350877194,-0.0861244019138756,0.0,-0.06265664160401008,0.0,0.0,-0.02888318356867786,-0.055079559363525155,-0.01214574898785431,-0.04428754813863933,-0.04428754813863933,0.02192982456140352,0.0,-0.07177033492822965,-0.057644110275689164,-0.06425948592411268,-0.025000000000000022,-0.11441647597254012,0.0,-0.06265664160401008,0.0,-0.07037943696450433,-0.0856793145654835,-0.04895960832313351,-0.02888318356867786,-0.025000000000000022,-0.010796221322537158,-0.07777777777777783,-0.013495276653171406,-0.10983981693363853,0.0292397660818714,-0.052019583843329276,-0.07037943696450433
-0.10416666666666669,-0.07649938800489609,-0.023684210526315808,0.05263157894736842,-0.012820512820512886,0.0,0.02777777777777779,-0.06015037593984962,-0.03851091142490376,0.0,-0.019736842105263164,-0.10068649885583525,-0.03465982028241338,-0.08187134502923982,0.0,1.0,-0.045112781954887216,0.0,-0.09868421052631582,0.030701754385964897,-0.055079559363525155,0.033834586466165384,-0.0423620025673942,-0.06425948592411268,-0.04428754813863933,-0.03977968176254598,-0.06818181818181823,-0.02888318356867786,-0.047619047619047616,0.0,-0.02756892230576441,-0.04665071770334933,-0.07894736842105265,0.013513513513513487,0.0,-0.04043645699614895,-0.08596491228070186,-0.02105263157894738,-0.07368421052631585,0.0,0.03834586466165413,0.0,-0.06100478468899523,-0.03508771929824561,0.0,-0.03365973072215428,0.014224751066856278,-0.02894736842105261,-0.04895960832313351,-0.06100478468899523,-0.0645933014354067,-0.08596491228070186,-0.012820512820512886,-0.05813953488372098,-0.0957446808510638,-0.07177033492822965,0.0,-0.06425948592411268,-0.047619047619047616,-0.011470985155195679,0.0,-0.055079559363525155,-0.045112781954887216,-0.025000000000000022,0.0,-0.0645933014354067,-0.047619047619047616,-0.11513157894736847,-0.057416267942583754,0.0,-0.052631578947368474,0.0,0.0,-0.03658536585365857,-0.05813953488372098,-0.012820512820512886,-0.02888318356867786,-0.02888318356867786,0.02192982456140352,0.0,-0.0861244019138756,-0.03508771929824561,-0.04895960832313351,-0.022368421052631537,-0.08237986270022885,0.0,-0.03508771929824561,0.0,-0.06731946144430856,-0.052019583843329276,-0.027539779681762577,-0.03273427471116819,-0.019736842105263164,-0.008771929824561486,-0.07368421052631585,-0.009446693657220007,-0.07780320366132726,0.01900584795321636,-0.05813953488372098,-0.03977968176254598
-0.03273809523809526,-0.011074197120708784,0.016666666666666663,0.10644257703081234,0.04029304029304026,0.03508771929824561,0.06349206349206354,0.0,0.011614401858304257,0.042606516290726815,0.016666666666666663,-0.03726708074534163,0.012775842044134622,-0.0365079365079366,0.057644110275689164,0.045112781954887216,1.0,0.052631578947368474,-0.0803571428571429,0.07142857142857145,-0.01605758582502781,0.11428571428571421,0.015098722415795574,-0.011074197120708784,0.011033681765389047,-0.007751937984496138,-0.019480519480519487,0.013356562137049832,0.0,0.05012531328320802,0.0,-0.010822510822510817,-0.016233766233766267,0.06756756756756754,0.047619047619047616,0.008710801393728151,-0.0365079365079366,0.01785714285714285,-0.026984126984127,0.03508771929824561,0.0761904761904762,0.04010025062656647,-0.021645021645021634,0.0,0.042606516290726815,-0.008859357696567038,0.0611325611325611,0.022619047619047594,-0.006644518272425293,-0.020562770562770616,-0.010822510822510817,-0.0317460317460318,0.02930402930402931,-0.008305647840531616,-0.048125633232016185,-0.017316017316017285,0.045112781954887216,-0.011627906976744207,0.0,0.02747252747252743,0.04010025062656647,-0.01218161683277974,0.0,0.025000000000000022,0.05513784461152882,-0.021645021645021634,0.0,-0.08630952380952384,-0.023809523809523836,0.05513784461152882,0.0,0.042606516290726815,0.052631578947368474,0.008130081300812997,-0.01218161683277974,0.02930402930402931,0.012195121951219523,0.011033681765389047,0.0674603174603175,0.022556390977443608,-0.025974025974025983,0.0,-0.011627906976744207,0.021428571428571408,-0.03726708074534163,0.05513784461152882,0.0,0.05012531328320802,-0.011074197120708784,-0.013289036544850585,-0.0049833887043189695,0.006968641114982521,0.01785714285714285,0.02930402930402931,-0.030158730158730218,0.025641025641025605,-0.035196687370600444,0.0674603174603175,-0.007751937984496138,-0.010520487264673362
-0.10964912280701755,-0.07955936352509196,-0.02894736842105261,0.04953560371517024,-0.014844804318488558,0.0,0.02777777777777779,-0.052631578947368474,-0.04621309370988458,0.0,-0.011842105263157904,-0.10068649885583525,-0.04428754813863933,-0.09415204678362576,0.0,0.0,-0.052631578947368474,1.0,-0.14254385964912297,0.03947368421052633,-0.0734394124847002,0.0518796992481203,-0.04621309370988458,-0.07037943696450433,-0.03465982028241338,-0.0611995104039168,-0.0861244019138756,-0.04428754813863933,-0.06015037593984962,0.0,-0.04010025062656647,-0.0430622009569378,-0.06818181818181823,0.01849217638691314,0.0,-0.04621309370988458,-0.08596491228070186,-0.02105263157894738,-0.09005847953216384,0.0,0.049624060150375904,0.0,-0.06818181818181823,-0.042606516290726815,0.0,-0.04895960832313351,0.017780938833570348,-0.02763157894736845,-0.05813953488372098,-0.07535885167464124,-0.05382775119617228,-0.12690058479532174,-0.014844804318488558,-0.052019583843329276,-0.12094064949608063,-0.0861244019138756,0.0,-0.07037943696450433,-0.057644110275689164,-0.007422402159244279,0.0,-0.07649938800489609,-0.05513784461152882,-0.03289473684210531,0.0,-0.08971291866028708,-0.06516290726817053,-0.15899122807017552,-0.1004784688995215,0.0,-0.057644110275689164,0.0,0.0,-0.02888318356867786,-0.05813953488372098,-0.014844804318488558,-0.03851091142490376,-0.04043645699614895,0.023391812865497075,0.0,-0.09688995215311014,-0.06265664160401008,-0.07037943696450433,-0.03552631578947374,-0.11899313501144171,0.0,-0.052631578947368474,0.0,-0.07955936352509196,-0.07649938800489609,-0.04895960832313351,-0.030808729139923052,-0.025000000000000022,-0.010121457489878583,-0.07777777777777783,-0.013495276653171406,-0.07322654462242567,0.0292397660818714,-0.05813953488372098,-0.05813953488372098
0.0,0.06298449612403101,0.1166666666666667,0.1629901960784314,0.10576923076923078,0.09868421052631582,0.15972222222222227,0.07440476190476186,0.09247967479674801,0.10964912280701755,0.045833333333333365,0.020833333333333315,0.08536585365853655,0.03888888888888886,0.15899122807017552,0.09868421052631582,0.0803571428571429,0.14254385964912297,1.0,0.1805555555555557,0.07509689922480622,0.19345238095238093,0.09247967479674801,0.05329457364341078,0.07113821138211379,0.04602713178294571,0.04734848484848486,0.08536585365853655,0.08333333333333337,0.12609649122807015,0.041666666666666685,0.03030303030303033,0.034090909090909116,0.1362612612612612,0.12609649122807015,0.07825203252032514,0.036111111111111094,0.08333333333333337,0.03749999999999998,0.12061403508771934,0.18571428571428572,0.08223684210526316,0.041666666666666685,0.059523809523809534,0.12609649122807015,0.06298449612403101,0.1548423423423423,0.09583333333333338,0.05087209302325579,0.051136363636363646,0.03030303030303033,0.03888888888888886,0.10576923076923078,0.043604651162790664,0.01196808510638303,0.051136363636363646,0.14802631578947378,0.0678294573643411,0.06547619047619052,0.05288461538461539,0.08223684210526316,0.060562015503875855,0.08630952380952384,0.11250000000000004,0.1535087719298246,0.053030303030303094,0.07738095238095244,0.0,0.053030303030303094,0.15899122807017552,0.08333333333333337,0.11513157894736847,0.14802631578947378,0.05691056910569103,0.04844961240310075,0.0913461538461538,0.08180894308943082,0.08536585365853655,0.12500000000000006,0.06030701754385967,0.041666666666666685,0.07738095238095244,0.055717054263565824,0.09166666666666673,0.021739130434782594,0.13157894736842113,0.07440476190476186,0.12061403508771934,0.060562015503875855,0.07025193798449603,0.043604651162790664,0.06046747967479671,0.08333333333333337,0.08653846153846151,0.02638888888888885,0.10096153846153844,0.018115942028985532,0.13888888888888895,0.04844961240310075,0.06540697674418605
-0.11805555555555558,-0.12209302325581406,-0.05833333333333335,0.026143790849673165,-0.044871794871794934,-0.032163742690058506,0.0,-0.08333333333333337,-0.08468834688346893,-0.026315789473684237,-0.02777777777777779,-0.13888888888888895,-0.07791327913279145,-0.12777777777777788,-0.03508771929824561,-0.030701754385964897,-0.07142857142857145,-0.03947368421052633,-0.1805555555555557,1.0,-0.12661498708010344,0.013492063492063444,-0.08807588075880768,-0.10400516795865644,-0.0745257452574527,-0.07235142118863058,-0.11616161616161624,-0.07113821138211385,-0.11111111111111116,-0.024853801169590684,-0.06349206349206354,-0.06565656565656569,-0.09090909090909094,-0.01501501501501512,-0.0292397660818714,-0.0745257452574527,-0.12222222222222234,-0.03888888888888892,-0.11666666666666675,-0.030701754385964897,0.01825396825396819,-0.0146198830409357,-0.08585858585858591,-0.0753968253968254,-0.02777777777777779,-0.07687338501291996,-0.016516516516516644,-0.06388888888888888,-0.10400516795865644,-0.11111111111111116,-0.0757575757575758,-0.15000000000000013,-0.040598290598290676,-0.07235142118863058,-0.14952718676122934,-0.13131313131313138,-0.033625730994152114,-0.09948320413436706,-0.08333333333333337,-0.027777777777777846,-0.01900584795321636,-0.10852713178294582,-0.08730158730158732,-0.061111111111111116,-0.03508771929824561,-0.13131313131313138,-0.11111111111111116,-0.17361111111111116,-0.10606060606060613,-0.03508771929824561,-0.11507936507936511,-0.0292397660818714,-0.03508771929824561,-0.05081300813008138,-0.08591731266149877,-0.042735042735042805,-0.06775067750677516,-0.07791327913279145,0.0,-0.020467836257309968,-0.11111111111111116,-0.09126984126984128,-0.09948320413436706,-0.05833333333333335,-0.15096618357487934,-0.032163742690058506,-0.07936507936507942,-0.0292397660818714,-0.1130490956072353,-0.1130490956072353,-0.07687338501291996,-0.05420054200542013,-0.050000000000000044,-0.032051282051282104,-0.10000000000000009,-0.042735042735042805,-0.13285024154589375,0.0,-0.09948320413436706,-0.0904392764857882
