0,1,2,3,4,5,6,7,8,9,10,11,12,13,14,15,16,17,18,19,20,21,22,23,24,25,26,27,28,29,30,31,32,33,34,35,36,37,38,39,40,41,42,43,44,45,46,47,48,49,50,51,52,53,54,55,56,57,58,59,60,61,62,63,64,65,66,67,68,69,70,71,72,73,74,75,76,77,78,79,80,81,82,83,84,85,86,87,88,89,90,91,92,93,94,95,96,97,98,99
1.0,0.04356060606060602,0.007978723404255372,0.060562015503875855,0.020833333333333315,0.05691056910569103,0.07825203252032514,0.07916666666666666,0.15476190476190477,0.01152482269503552,0.027777777777777735,0.03837719298245615,0.025000000000000022,0.028846153846153855,0.02489837398373984,0.07440476190476186,0.06578947368421056,0.00576241134751776,0.020833333333333343,0.03273809523809526,0.035714285714285754,0.01644736842105264,0.03201219512195122,0.04464285714285715,0.08173076923076922,0.08511904761904762,0.006205673758865271,0.024038461538461536,0.05833333333333335,0.0008865248226950367,0.04602713178294571,0.14864864864864868,0.04583333333333328,0.022727272727272763,-0.0038265306122448883,0.03869047619047622,0.047619047619047616,0.022644927536231818,0.05087209302325579,0.009308510638297907,0.0222222222222222,0.07113821138211379,0.0625,0.0625,-0.017500000000000016,0.03201219512195122,0.015151515151515166,0.038461538461538464,0.08750000000000002,0.06666666666666671,0.008865248226950395,0.03219696969696967,0.042682926829268275,0.027777777777777735,0.08051801801801806,0.018115942028985532,0.018055555555555547,0.034090909090909116,0.011363636363636381,0.04734848484848486,0.027777777777777735,0.043269230769230754,0.06190476190476191,0.0267857142857143,0.008152173913043487,0.017784552845528448,0.04979674796747968,0.0,0.0267857142857143,-0.0051020408163265085,0.038461538461538464,0.041666666666666685,0.030952380952380953,0.05833333333333335,0.1115196078431373,0.05654761904761907,0.03273809523809526,0.020833333333333343,-0.0336538461538462,0.03219696969696967,0.07127192982456149,0.007535460992907805,0.04924242424242431,0.09615384615384615,0.09583333333333338,0.06578947368421056,0.06758130081300812,0.038461538461538464,-0.007653061224489777,0.06578947368421056,0.01893939393939395,0.125,-0.011666666666666659,0.0625,0.03030303030303033,0.007092198581560294,0.07500000000000001,0.015151515151515166,0.033333333333333326,0.0
-0.04356060606060602,1.0,-0.04497098646034803,0.014270613107822405,-0.03260869565217395,0.0382483370288248,0.0482261640798225,0.0613636363636364,0.1402597402597402,-0.02756286266924557,-0.004545454545454575,0.0215311004784689,0.018181818181818188,0.011655011655011649,0.009977827050997756,0.03354978354978366,0.025119617224880375,-0.02756286266924557,0.0,0.015151515151515138,0.008658008658008642,0.028708133971291877,0.02161862527716185,0.019480519480519487,0.03496503496503495,0.03506493506493505,-0.024661508704061863,0.017482517482517473,0.022727272727272735,-0.015957446808510634,0.008985200845665953,0.07309582309582308,-0.013636363636363669,0.0,-0.039424860853432275,0.022727272727272763,0.015151515151515138,-0.022727272727272707,0.008456659619450246,-0.029013539651837505,-0.011111111111111183,0.029933481152993324,0.027056277056277,0.014069264069264065,-0.06272727272727274,0.02161862527716185,0.0,0.026223776223776196,0.05227272727272736,0.04318181818181821,-0.024661508704061863,0.0,0.039911308203991025,-0.016161616161616266,0.11609336609336607,-0.022727272727272707,-0.012626262626262652,0.0,0.0,0.0,-0.007070707070707116,0.023310023310023298,0.05844155844155843,0.008658008658008642,-0.010869565217391297,0.013303769401330351,0.034922394678492286,-0.015151515151515166,0.016233766233766267,-0.04638218923933207,0.037878787878787845,0.06060606060606061,0.06428571428571428,0.034090909090909116,0.1002673796791444,0.017316017316017285,0.011904761904761918,0.025000000000000022,-0.0664335664335664,0.0,0.06100478468899523,-0.03481624758220503,0.0,0.058275058275058245,0.04318181818181821,0.09330143540669866,0.02494456762749442,0.029137529137529122,-0.05102040816326531,0.057416267942583754,0.0,0.08522727272727273,-0.040909090909090895,0.021645021645021634,0.0,-0.017408123791102514,0.040909090909090895,0.0,-0.013131313131313216,-0.034090909090909116
-0.007978723404255372,0.04497098646034803,1.0,0.03760514596734282,0.012025901942645745,0.10897768552153597,0.07472755578619605,0.08936170212765959,0.17507598784194522,0.0,0.01323877068557916,0.06550951847704373,0.04840425531914894,0.05673758865248224,0.03736377789309803,0.06838905775075987,0.09070548712206045,0.0,0.026112185686653744,0.048125633232016185,0.03799392097264437,0.06550951847704373,0.04359107420861441,0.048125633232016185,0.06110201854882702,0.08753799392097261,0.0,0.0654664484451718,0.05212765957446808,0.0,0.039584364176150355,0.09200690051753879,0.019858156028368712,0.024661508704061863,-0.016500217108119886,0.0557244174265451,0.03292806484295846,0.008325624421831601,0.02177140029688268,0.0,0.017966903073285967,0.06850025947067973,0.04559270516717323,0.04559270516717323,-0.02170212765957452,0.04981837052413074,0.023210831721470038,0.05237315875613746,0.10053191489361701,0.06329787234042555,0.0,0.05077369439071566,0.0809548521017125,0.021749408983451457,0.16676250718803898,0.015726179463459666,0.02269503546099283,0.039168278529980616,0.018858800773694395,0.020309477756286276,0.01891252955082734,0.05237315875613746,0.08753799392097261,0.03799392097264437,0.009250693802035137,0.04359107420861441,0.06538661131292162,-0.007092198581560294,0.05065856129685914,-0.019973947025618777,0.09165302782324053,0.10401891252955087,0.13130699088145892,0.05957446808510641,0.16270337922403005,0.05065856129685914,0.04052684903748732,0.05585106382978722,-0.038870703764320835,0.03336557059961309,0.0957446808510638,0.0,0.026112185686653744,0.07419530823786141,0.04840425531914894,0.11086226203807392,0.04047742605085625,0.05237315875613746,-0.01910551454624404,0.0957446808510638,0.03336557059961309,0.09973404255319149,-0.02170212765957452,0.048125633232016185,0.029013539651837505,0.0,0.05212765957446808,0.02756286266924557,0.027423167848699692,-0.007978723404255372
-0.060562015503875855,-0.014270613107822405,-0.03760514596734282,1.0,-0.04853387259858433,0.014747589336358502,0.034032898468519535,0.05406976744186054,0.1009966777408638,-0.05739732805541797,-0.01653746770025838,0.01835985312117505,0.008720930232558155,0.009540846750149087,0.007941009642654567,0.01605758582502781,0.021419828641370875,-0.02177140029688268,-0.004228329809725123,0.004429678848283519,0.00609080841638987,0.012239902080783377,0.012478729438457181,0.007751937984496138,0.03816338700059635,0.04252491694352162,-0.019792182088075178,0.007155635062611812,0.022674418604651192,-0.005937654626422553,0.0,0.05656819610307984,-0.03100775193798444,-0.007399577167019,-0.0313241575700047,0.005537098560354392,0.00609080841638987,-0.04246713852376138,0.0,-0.045522018802572894,-0.018604651162790697,0.013613159387407814,0.010520487264673362,0.00609080841638987,-0.06837209302325581,0.004537719795802614,-0.004756871035940774,0.019081693500298175,0.0244186046511628,0.0244186046511628,-0.015833745670460142,-0.010042283298097254,0.013613159387407814,-0.03204134366925071,0.06411062225015712,-0.02123356926188069,-0.019638242894056857,-0.012156448202959802,-0.004756871035940774,-0.010042283298097254,-0.02273901808785528,0.02623732856291,0.0637873754152824,0.004429678848283519,-0.0075834175935288045,0.009075439591605228,0.017016449234259767,-0.016957364341085274,0.007198228128460715,-0.03701945894636921,0.021466905187835422,0.03617571059431529,0.026578073089701004,0.022674418604651192,0.08618331053351574,0.011074197120708784,0.006644518272425293,0.0122093023255814,-0.056350626118068015,-0.0068710359408033495,0.052019583843329276,-0.03760514596734282,-0.013742071881606699,0.05008944543828264,0.03837209302325595,0.05813953488372098,0.015882019285309135,0.014311270125223624,-0.04841006169909823,0.04589963280293763,-0.0026427061310782124,0.07994186046511631,-0.03906976744186047,0.01218161683277974,-0.010042283298097254,-0.013854527461652638,0.033139534883720956,-0.0031712473572938493,-0.01653746770025838,-0.05087209302325579
-0.020833333333333315,0.03260869565217395,-0.012025901942645745,0.04853387259858433,1.0,0.05567338282078477,0.06892895015906675,0.09782608695652173,0.15714285714285714,-0.01156336725254381,0.005797101449275366,0.04576659038901601,0.022826086956521746,0.019509476031215153,0.010604453870625655,0.05797101449275366,0.03203661327231122,-0.006012950971322872,0.007905138339920958,0.018633540372670815,0.0165631469979296,0.027459954233409634,0.023860021208907733,0.03933747412008287,0.054626532887402435,0.04782608695652174,-0.006012950971322872,0.027313266443701217,0.03586956521739132,-0.0041628122109158006,0.02123356926188069,0.07931844888366624,0.01352657004830915,0.012845849802371523,-0.02129547471162374,0.031055900621118016,0.0331262939958592,0.0,0.0227502527805864,-0.008788159111933314,0.009661835748792202,0.034464475079533374,0.04761904761904767,0.026915113871635588,-0.034782608695652195,0.029162248144220526,0.013833992094861691,0.031215161649944256,0.05869565217391304,0.05543478260869572,-0.005550416281221049,0.025691699604743046,0.05302226935312826,0.018357487922705307,0.1533490011750881,0.0,0.01304347826086949,0.025691699604743046,0.013833992094861691,0.015810276679841917,0.008695652173912993,0.031215161649944256,0.06149068322981366,0.018633540372670815,0.0,0.01590668080593849,0.05302226935312826,-0.009057971014492766,0.031055900621118016,-0.02129547471162374,0.04682274247491641,0.06642512077294688,0.04782608695652174,0.04565217391304349,0.10741687979539644,0.04554865424430643,0.02898550724637683,0.03913043478260875,-0.05518394648829433,0.021739130434782594,0.07322654462242567,-0.00971322849213685,0.022727272727272707,0.06243032329988851,0.048913043478260865,0.10068649885583525,0.04506892895015907,0.03511705685618727,-0.026619343389529704,0.06407322654462244,0.012845849802371523,0.09510869565217392,-0.022608695652173938,0.043478260869565244,0.01679841897233203,-0.0050878815911193365,0.048913043478260865,0.011857707509881465,0.009661835748792202,-0.020833333333333315
-0.05691056910569103,-0.0382483370288248,-0.10897768552153597,-0.014747589336358502,-0.05567338282078477,1.0,0.0,0.009146341463414698,0.0919860627177701,-0.04670472236637252,-0.036856368563685626,0.02888318356867786,0.009756097560975674,0.01751094434021261,0.0,-0.011033681765389047,0.03273427471116819,-0.05604566683964707,-0.029933481152993324,-0.009291521486643417,-0.008130081300812997,0.0211810012836971,0.0,-0.011033681765389047,0.01751094434021261,0.06271777003484325,-0.05915931499740523,0.01876172607879928,0.008536585365853666,-0.04670472236637252,-0.02155416903006241,0.03955174686882007,-0.03252032520325199,-0.02161862527716185,-0.06769537083125932,-0.009872241579558627,-0.005226480836236919,-0.03976670201484617,-0.010209869540555888,-0.04359107420861441,-0.039024390243902474,0.0,-0.008710801393728151,-0.010452961672473837,-0.05707317073170731,0.0,-0.02494456762749442,0.012507817385866177,0.015243902439024404,0.008536585365853666,-0.06850025947067973,-0.04656319290465627,0.0,-0.034688346883468835,0.06328279499011213,-0.08748674443266169,-0.036856368563685626,-0.029933481152993324,-0.02161862527716185,-0.023281596452328135,-0.039024390243902474,0.016260162601625994,0.04599303135888505,-0.007549361207897787,-0.05037115588547192,0.0,0.0,-0.042682926829268275,-0.008710801393728151,-0.06371329019412636,0.022514071294559068,0.040650406504065095,0.06271777003484325,0.009756097560975674,0.0853658536585366,-0.012195121951219523,-0.009291521486643417,0.009146341463414698,-0.0928705440900563,-0.041574279379157364,0.03273427471116819,-0.05915931499740523,-0.019955654101995512,0.015009380863039434,0.006097560975609789,0.03273427471116819,0.0,0.01751094434021261,-0.06371329019412636,0.030808729139923052,-0.03658536585365846,0.07545731707317077,-0.06146341463414634,-0.011033681765389047,-0.03325942350332589,-0.04981837052413074,0.008536585365853666,-0.03325942350332589,-0.05636856368563692,-0.04979674796747968
-0.07825203252032514,-0.0482261640798225,-0.07472755578619605,-0.034032898468519535,-0.06892895015906675,0.0,1.0,0.018292682926829396,0.08780487804878045,-0.07472755578619605,-0.02818428184281846,0.007702182284980763,0.004878048780487837,0.006253908692933088,0.0,-0.019163763066202044,0.01732991014120669,-0.052932018681888904,-0.014966740576496662,-0.007549361207897787,-0.006387921022067311,0.013478818998716308,0.0,-0.009291521486643417,0.01375859912445282,0.016724738675958195,-0.04047742605085625,0.0037523452157598586,0.008536585365853666,-0.02490918526206537,-0.013613159387407814,0.04218852999340805,-0.06287262872628718,-0.02827050997782704,-0.04380288700846188,-0.009872241579558627,-0.006387921022067311,-0.07953340402969233,-0.02268859897901304,-0.08718214841722882,-0.041192411924119265,0.0,-0.011614401858304257,-0.005807200929152129,-0.06585365853658531,0.0,-0.011640798226164067,0.011257035647279534,0.011585365853658547,0.012195121951219579,-0.04047742605085625,-0.041574279379157364,0.0,-0.0607046070460705,0.05537244561634802,-0.04506892895015907,-0.045528455284552904,-0.04656319290465627,-0.013303769401330351,-0.02827050997782704,-0.034688346883468835,0.010006253908692947,0.04181184668989549,-0.006968641114982521,-0.023860021208907733,0.0,0.0,-0.03201219512195122,-0.008710801393728151,-0.08362369337979092,0.015009380863039434,0.04403794037940384,0.037630662020905925,0.01097560975609757,0.07030129124820661,-0.009291521486643417,-0.006968641114982521,0.005487804878048785,-0.06707317073170732,-0.02494456762749442,0.03465982028241338,-0.07784120394395422,-0.0382483370288248,0.0337711069418386,0.012195121951219579,0.03851091142490376,0.0,0.007504690431519717,-0.08760577401692377,0.03658536585365857,-0.019955654101995512,0.06859756097560979,-0.07463414634146343,-0.011033681765389047,-0.03658536585365846,-0.02490918526206537,0.011585365853658547,-0.019955654101995512,-0.045528455284552904,-0.08892276422764223
-0.07916666666666666,-0.0613636363636364,-0.08936170212765959,-0.05406976744186054,-0.09782608695652173,-0.009146341463414698,-0.018292682926829396,1.0,0.0714285714285714,-0.08936170212765959,-0.03333333333333338,0.006578947368421045,0.0,0.0019230769230769162,-0.004878048780487837,-0.03214285714285714,0.009210526315789475,-0.05957446808510641,-0.018181818181818188,-0.010714285714285704,-0.013095238095238104,0.011842105263157904,-0.004878048780487837,-0.016666666666666663,0.008333333333333304,0.028571428571428553,-0.03351063829787232,0.002564102564102555,0.0,-0.02606382978723404,-0.019186046511627974,0.024324324324324298,-0.06666666666666676,-0.036363636363636376,-0.050510204081632676,-0.015476190476190477,-0.011904761904761918,-0.06847826086956527,-0.0244186046511628,-0.07819148936170212,-0.047222222222222276,-0.004878048780487837,-0.01904761904761909,-0.011904761904761918,-0.08500000000000008,-0.004268292682926833,-0.020454545454545447,0.004487179487179471,0.0,0.0,-0.03351063829787232,-0.050000000000000044,-0.01036585365853665,-0.08888888888888902,0.04256756756756752,-0.05217391304347829,-0.0722222222222223,-0.0636363636363636,-0.022727272727272735,-0.02954545454545454,-0.05277777777777781,0.0064102564102563875,0.042857142857142816,-0.013095238095238104,-0.026086956521739146,-0.004878048780487837,-0.01097560975609757,-0.041666666666666685,-0.01904761904761909,-0.08724489795918366,0.007051282051282026,0.03611111111111115,0.028571428571428553,0.0,0.06617647058823528,-0.021428571428571408,-0.015476190476190477,0.0,-0.06923076923076929,-0.027272727272727282,0.025000000000000022,-0.07819148936170212,-0.054545454545454564,0.013461538461538414,0.0,0.02894736842105261,-0.007317073170731769,0.004487179487179471,-0.08265306122448979,0.01842105263157895,-0.018181818181818188,0.04999999999999999,-0.07,-0.020238095238095277,-0.034090909090909116,-0.029787234042553207,0.0,-0.020454545454545447,-0.04444444444444451,-0.07500000000000001
-0.15476190476190477,-0.1402597402597402,-0.17507598784194522,-0.1009966777408638,-0.15714285714285714,-0.0919860627177701,-0.08780487804878045,-0.0714285714285714,1.0,-0.13130699088145892,-0.06984126984126987,-0.020300751879699236,-0.03928571428571426,-0.023443223443223443,-0.04599303135888505,-0.10476190476190472,-0.027067669172932296,-0.10942249240121577,-0.0701298701298701,-0.0761904761904762,-0.057142857142857106,-0.013533834586466148,-0.06271777003484325,-0.08095238095238094,-0.02637362637362639,0.0,-0.12401215805471122,-0.02930402930402931,-0.05357142857142855,-0.08024316109422491,-0.08504983388704324,-0.02007722007722007,-0.12698412698412703,-0.06428571428571428,-0.13061224489795914,-0.08095238095238094,-0.05238095238095236,-0.1093167701863354,-0.07973421926910301,-0.11671732522796352,-0.0888888888888889,-0.06689895470383278,-0.0761904761904762,-0.0714285714285714,-0.12,-0.04181184668989549,-0.05259740259740259,-0.02637362637362639,-0.06785714285714284,-0.0357142857142857,-0.10212765957446807,-0.15194805194805194,-0.07108013937282232,-0.12698412698412703,-0.02625482625482628,-0.16397515527950313,-0.09523809523809523,-0.1402597402597402,-0.04675324675324674,-0.09350649350649348,-0.0888888888888889,-0.03516483516483515,0.0,-0.06666666666666665,-0.0888198757763975,-0.050174216027874585,-0.07108013937282232,-0.09285714285714286,-0.057142857142857106,-0.1224489795918367,-0.043956043956043966,-0.007936507936507908,0.0,-0.03928571428571426,0.00924369747899162,-0.0714285714285714,-0.08571428571428569,-0.03928571428571426,-0.14945054945054947,-0.09350649350649348,-0.03609022556390973,-0.10942249240121577,-0.09350649350649348,-0.03516483516483515,-0.057142857142857106,-0.03609022556390973,-0.05435540069686412,-0.03223443223443223,-0.13877551020408163,-0.024812030075187952,-0.06428571428571428,0.0267857142857143,-0.10285714285714287,-0.09047619047619043,-0.09350649350649348,-0.07294832826747719,-0.05357142857142855,-0.0701298701298701,-0.12698412698412703,-0.1392857142857143
-0.01152482269503552,0.02756286266924557,0.0,0.05739732805541797,0.01156336725254381,0.04670472236637252,0.07472755578619605,0.08936170212765959,0.13130699088145892,1.0,0.024586288416075575,0.05039193729003358,0.05212765957446808,0.02618657937806873,0.0311364815775817,0.0557244174265451,0.05039193729003358,0.0,0.014506769825918753,0.022796352583586615,0.03292806484295846,0.02519596864501679,0.02490918526206537,0.035460992907801414,0.08728859792689575,0.10212765957446807,0.0,0.03927986906710307,0.05957446808510641,0.0,0.019792182088075178,0.08625646923519259,0.020803782505910084,0.014506769825918753,-0.006079027355623101,0.02026342451874366,0.03292806484295846,0.01295097132284917,0.045522018802572894,0.0,0.014184397163120532,0.052932018681888904,0.04305977710233028,0.04305977710233028,-0.015319148936170257,0.028022833419823534,0.007253384912959376,0.03927986906710307,0.05212765957446808,0.04840425531914894,0.0,0.0217601547388781,0.02490918526206537,0.02269503546099283,0.08050603795284644,0.006938020351526353,0.011347517730496415,0.029013539651837505,0.0217601547388781,0.036266924564796854,0.019858156028368712,0.06110201854882702,0.09483282674772037,0.030395136778115506,0.0037002775208140604,0.03736377789309803,0.04981837052413074,-0.004432624113475198,0.022796352583586615,-0.010421189752496757,0.03927986906710307,0.05851063829787234,0.043768996960486306,0.07074468085106378,0.08948685857321653,0.05319148936170209,0.035460992907801414,0.044680851063829796,-0.04296235679214411,0.023210831721470038,0.05543113101903696,0.0,0.029013539651837505,0.07855973813420614,0.07074468085106378,0.06550951847704373,0.04359107420861441,0.04800872885979268,-0.01389491966999562,0.07054871220604703,0.015957446808510634,0.1396276595744681,-0.019148936170212794,0.06079027355623101,0.03046421663442933,0.0,0.05957446808510641,0.013056092843326872,0.017021276595744594,-0.009308510638297907
-0.027777777777777735,0.004545454545454575,-0.01323877068557916,0.01653746770025838,-0.005797101449275366,0.036856368563685626,0.02818428184281846,0.03333333333333338,0.06984126984126987,-0.024586288416075575,1.0,0.07368421052631585,0.04444444444444451,0.03760683760683764,0.039024390243902474,0.01904761904761909,0.06549707602339189,-0.008510638297872297,0.007575757575757569,0.01746031746031751,0.025396825396825418,0.0491228070175439,0.026016260162601612,0.025396825396825418,0.07863247863247869,0.10158730158730161,-0.00945626477541367,0.05470085470085473,0.047222222222222276,-0.01323877068557916,0.014470284237726116,0.07207207207207206,0.0,0.003535353535353558,-0.018140589569160953,0.014285714285714318,0.01746031746031751,-0.005797101449275366,0.013436692506459957,-0.017021276595744594,0.0,0.036856368563685626,0.014285714285714318,0.025396825396825418,-0.01999999999999999,0.02384823848238482,0.003535353535353558,0.041025641025641046,0.03611111111111115,0.025000000000000022,-0.015130023640661905,0.006565656565656608,0.015176151761517626,0.0,0.043243243243243246,-0.008212560386473444,0.0,0.0060606060606061,0.010606060606060619,0.013131313131313216,0.0,0.05470085470085473,0.0761904761904762,0.0158730158730159,-0.008212560386473444,0.03252032520325199,0.02818428184281846,-0.01944444444444443,0.014285714285714318,-0.014512471655328762,0.04444444444444445,0.06111111111111117,0.06349206349206352,0.03888888888888892,0.07908496732026149,0.03333333333333338,0.023809523809523836,0.03333333333333338,-0.05384615384615382,0.006565656565656608,0.028654970760233933,-0.010401891252955042,0.005050505050505083,0.03076923076923077,0.030555555555555614,0.028654970760233933,0.026016260162601612,0.051282051282051266,-0.02176870748299317,0.036842105263157926,0.007575757575757569,0.09930555555555559,-0.033333333333333326,0.025396825396825418,0.008080808080808133,-0.017021276595744594,0.027777777777777818,0.0060606060606061,0.0,-0.0222222222222222
-0.03837719298245615,-0.0215311004784689,-0.06550951847704373,-0.01835985312117505,-0.04576659038901601,-0.02888318356867786,-0.007702182284980763,-0.006578947368421045,0.020300751879699236,-0.05039193729003358,-0.07368421052631585,1.0,-0.02631578947368418,-0.014844804318488558,-0.03658536585365857,-0.017543859649122806,0.0,-0.08062709966405379,-0.07177033492822965,-0.03508771929824561,-0.045112781954887216,0.0,-0.02888318356867786,-0.06265664160401008,-0.005398110661268579,0.045112781954887216,-0.07558790593505038,-0.012820512820512886,-0.01710526315789479,-0.11590145576707722,-0.027539779681762577,0.00640113798008532,-0.020467836257309954,-0.0430622009569378,-0.11224489795918369,-0.02506265664160401,-0.022556390977443608,-0.018306636155606418,-0.021419828641370875,-0.04535274356103022,-0.04502923976608192,-0.02503209242618748,-0.017543859649122806,-0.03508771929824561,-0.056842105263157916,-0.026957637997432615,-0.05023923444976075,-0.008771929824561486,-0.011842105263157904,-0.00789473684210526,-0.0957446808510638,-0.04665071770334933,-0.02888318356867786,-0.032748538011695943,0.00640113798008532,-0.07780320366132726,-0.04502923976608192,-0.028708133971291877,-0.0861244019138756,-0.03947368421052633,-0.04093567251461991,-0.012820512820512886,0.024812030075187952,-0.03007518796992481,-0.10068649885583525,-0.03465982028241338,-0.026957637997432615,-0.09868421052631582,-0.03759398496240601,-0.07089151450053707,-0.01214574898785431,0.017543859649122806,0.03834586466165413,-0.014473684210526305,0.03095975232198145,-0.03258145363408527,-0.042606516290726815,-0.019736842105263164,-0.0708502024291498,-0.05382775119617228,0.0,-0.040313549832026896,-0.0215311004784689,-0.0013495276653171448,-0.005263157894736845,0.0,-0.01732991014120669,-0.009446693657220007,-0.05907626208378086,0.0,-0.06818181818181823,0.05427631578947367,-0.09473684210526317,-0.03007518796992481,-0.03947368421052633,-0.07054871220604703,-0.005263157894736845,-0.04665071770334933,-0.04093567251461991,-0.04934210526315791
-0.025000000000000022,-0.018181818181818188,-0.04840425531914894,-0.008720930232558155,-0.022826086956521746,-0.009756097560975674,-0.004878048780487837,0.0,0.03928571428571426,-0.05212765957446808,-0.04444444444444451,0.02631578947368418,1.0,0.01538461538461533,-0.014634146341463539,-0.009523809523809545,0.025000000000000022,-0.04840425531914894,-0.050000000000000044,-0.01904761904761909,-0.022619047619047594,0.025000000000000022,-0.009756097560975674,-0.022619047619047594,0.008974358974358942,0.03928571428571426,-0.04840425531914894,0.008974358974358942,0.0,-0.08936170212765959,-0.0244186046511628,0.014189189189189183,-0.01666666666666669,-0.0318181818181818,-0.04591836734693877,-0.011904761904761918,-0.007142857142857145,-0.03586956521739132,-0.01744186046511631,-0.040957446808510656,-0.01944444444444446,-0.006097560975609789,-0.007142857142857145,-0.01428571428571429,-0.05000000000000002,-0.007317073170731769,-0.034090909090909116,0.008974358974358942,0.0,0.0,-0.05585106382978722,-0.0318181818181818,-0.007317073170731769,-0.025000000000000022,0.02027027027027023,-0.048913043478260865,-0.030555555555555614,-0.022727272727272735,-0.04545454545454547,-0.027272727272727282,-0.047222222222222276,0.018589743589743524,0.0714285714285714,-0.023809523809523836,-0.09130434782608698,-0.014634146341463539,-0.006707317073170793,-0.09583333333333338,-0.020238095238095277,-0.06428571428571428,0.013461538461538414,0.05277777777777781,0.07499999999999996,0.0,0.052941176470588214,-0.015476190476190477,-0.01904761904761909,0.0,-0.05769230769230771,-0.022727272727272735,0.019736842105263164,-0.029787234042553207,-0.009090909090909094,0.005769230769230749,0.0,0.01578947368421052,-0.0036585365853658847,0.008974358974358942,-0.03673469387755102,0.01052631578947369,-0.047727272727272785,0.06874999999999998,-0.09500000000000003,-0.009523809523809545,-0.02954545454545454,-0.05957446808510641,0.0,-0.04545454545454547,-0.03333333333333338,-0.037500000000000006
-0.028846153846153855,-0.011655011655011649,-0.05673758865248224,-0.009540846750149087,-0.019509476031215153,-0.01751094434021261,-0.006253908692933088,-0.0019230769230769162,0.023443223443223443,-0.02618657937806873,-0.03760683760683764,0.014844804318488558,-0.01538461538461533,1.0,-0.03001876172607887,-0.010989010989010978,0.017543859649122973,-0.07419530823786141,-0.08449883449883444,-0.02930402930402931,-0.038461538461538436,0.011470985155195679,-0.023764853033145683,-0.02930402930402931,0.0,0.02930402930402931,-0.07419530823786141,0.0,-0.009615384615384581,-0.09601745771958536,-0.03339296362552174,0.009702009702009712,-0.013675213675213682,-0.04953379953379955,-0.0680272108843537,-0.012820512820512803,-0.012820512820512803,-0.027313266443701217,-0.009540846750149087,-0.021822149481723938,-0.013675213675213682,-0.01375859912445282,-0.009157509157509153,-0.018315018315018305,-0.07897435897435895,-0.015009380863039434,-0.0437062937062937,0.0,-0.005769230769230749,-0.0032051282051281937,-0.07419530823786141,-0.029137529137529122,-0.012507817385866177,-0.017094017094017103,0.01108801108801108,-0.0741360089186176,-0.034188034188034205,-0.029137529137529122,-0.05244755244755239,-0.026223776223776196,-0.06153846153846154,0.0,0.05274725274725278,-0.045787545787545736,-0.11705685618729089,-0.03001876172607887,-0.008755472170106304,-0.13461538461538458,-0.038461538461538436,-0.07849293563579274,0.0,0.032051282051282104,0.06153846153846154,-0.0064102564102563875,0.052790346907994,-0.025641025641025605,-0.02930402930402931,-0.011538461538461497,-0.051282051282051294,-0.023310023310023298,0.007422402159244279,-0.021822149481723938,-0.017482517482517473,0.0,-0.004487179487179471,0.006072874493927155,-0.006253908692933088,0.0,-0.04186289900575613,0.0026990553306342896,-0.0437062937062937,0.050480769230769273,-0.08461538461538459,-0.009157509157509153,-0.029137529137529122,-0.04800872885979268,-0.005769230769230749,-0.046620046620046596,-0.034188034188034205,-0.038461538461538464
-0.02489837398373984,-0.009977827050997756,-0.03736377789309803,-0.007941009642654567,-0.010604453870625655,0.0,0.0,0.004878048780487837,0.04599303135888505,-0.0311364815775817,-0.039024390243902474,0.03658536585365857,0.014634146341463539,0.03001876172607887,1.0,-0.0046457607433217085,0.03851091142490376,-0.05604566683964707,-0.03325942350332589,-0.011033681765389047,-0.015679442508710784,0.03851091142490376,0.0,-0.009291521486643417,0.012507817385866177,0.04181184668989549,-0.04981837052413074,0.025015634771732354,0.013414634146341586,-0.09340944473274504,-0.015882019285309135,0.015820698747528034,-0.017344173441734417,-0.02494456762749442,-0.05574912891986061,-0.006968641114982521,-0.006387921022067311,-0.02651113467656413,-0.013613159387407814,-0.03736377789309803,-0.02384823848238482,0.0,-0.004065040650406498,-0.006387921022067311,-0.04390243902439023,0.0,-0.02827050997782704,0.025015634771732354,0.006707317073170793,0.007317073170731769,-0.04981837052413074,-0.01829268292682923,0.0,-0.008672086720867209,0.010547132498352013,-0.03976670201484617,-0.02168021680216803,-0.016629711751662946,-0.02494456762749442,-0.014966740576496662,-0.03252032520325199,0.02751719824890564,0.08362369337979098,-0.013356562137049832,-0.08218451749734879,0.0,0.0,-0.07825203252032514,-0.010452961672473837,-0.06769537083125932,0.0337711069418386,0.06436314363143636,0.09616724738675964,0.006097560975609789,0.0652797704447633,-0.005807200929152129,-0.013356562137049832,0.015243902439024404,-0.03095684803001876,-0.013303769401330351,0.02888318356867786,-0.03425012973533986,-0.008314855875831473,0.011257035647279534,0.004878048780487837,0.02503209242618748,0.0,0.023764853033145683,-0.05973120955699346,0.015404364569961526,-0.029933481152993324,0.06173780487804881,-0.07463414634146343,-0.0046457607433217085,-0.02161862527716185,-0.04359107420861441,0.007317073170731769,-0.039911308203991025,-0.03035230352303525,-0.042682926829268275
-0.07440476190476186,-0.03354978354978366,-0.06838905775075987,-0.01605758582502781,-0.05797101449275366,0.011033681765389047,0.019163763066202044,0.03214285714285714,0.10476190476190472,-0.0557244174265451,-0.01904761904761909,0.017543859649122806,0.009523809523809545,0.010989010989010978,0.0046457607433217085,1.0,0.02756892230576441,-0.048125633232016185,-0.012987012987012991,0.0,0.0,0.017543859649122806,0.006968641114982521,0.0,0.02380952380952378,0.01904761904761905,-0.04052684903748732,0.001831501831501832,0.015476190476190477,-0.02026342451874366,-0.007751937984496138,0.0643500643500643,-0.050793650793650835,-0.019480519480519487,-0.044217687074829926,0.0,0.0,-0.05590062111801242,-0.009413067552602461,-0.05319148936170209,-0.028571428571428636,0.007549361207897787,0.0,0.0,-0.06857142857142862,0.005226480836236919,-0.009740259740259744,0.018315018315018305,0.023809523809523836,0.020238095238095277,-0.04305977710233028,-0.02922077922077926,0.011614401858304257,-0.04444444444444451,0.057915057915057855,-0.041407867494824,-0.0317460317460318,-0.025974025974025983,-0.008658008658008642,-0.019480519480519487,-0.025396825396825418,0.014652014652014655,0.047619047619047616,0.0,-0.024844720496894457,0.0046457607433217085,0.009291521486643417,-0.029761904761904767,0.0,-0.0680272108843537,0.02747252747252743,0.047619047619047616,0.05238095238095236,0.01785714285714285,0.08963585434173671,0.0,0.0,0.007142857142857145,-0.07326007326007328,-0.017316017316017285,0.042606516290726815,-0.05319148936170209,-0.027056277056277,0.042124542124542086,0.023809523809523836,0.05513784461152882,0.006387921022067311,0.007326007326007328,-0.06122448979591838,0.03258145363408527,-0.014069264069264065,0.07440476190476192,-0.060952380952380925,0.0,-0.018398268398268414,-0.022796352583586615,0.01904761904761909,-0.011904761904761918,-0.03492063492063502,-0.059523809523809534
-0.06578947368421056,-0.025119617224880375,-0.09070548712206045,-0.021419828641370875,-0.03203661327231122,-0.03273427471116819,-0.01732991014120669,-0.009210526315789475,0.027067669172932296,-0.05039193729003358,-0.06549707602339189,0.0,-0.025000000000000022,-0.017543859649122973,-0.03851091142490376,-0.02756892230576441,1.0,-0.12094064949608063,-0.12559808612440193,-0.045112781954887216,-0.06265664160401008,0.0,-0.03658536585365857,-0.042606516290726815,-0.007422402159244279,0.020300751879699236,-0.09070548712206045,-0.009446693657220007,-0.025000000000000022,-0.08566629339305709,-0.04589963280293763,0.0056899004267425,-0.05321637426900594,-0.07535885167464124,-0.08861439312567132,-0.03258145363408527,-0.020050125313283235,-0.050343249427917625,-0.021419828641370875,-0.05543113101903696,-0.036842105263157926,-0.02310654685494229,-0.010025062656641617,-0.02506265664160401,-0.06947368421052633,-0.01732991014120669,-0.0430622009569378,-0.014170040485830038,-0.01578947368421052,-0.01315789473684209,-0.08062709966405379,-0.05023923444976075,-0.0211810012836971,-0.028654970760233933,0.0049786628733997085,-0.10526315789473684,-0.04502923976608192,-0.04665071770334933,-0.03947368421052633,-0.05382775119617228,-0.07777777777777783,-0.014170040485830038,0.033834586466165384,-0.052631578947368474,-0.09610983981693372,-0.03851091142490376,-0.013478818998716308,-0.14254385964912297,-0.05012531328320802,-0.1004296455424275,-0.014844804318488558,0.01900584795321636,0.045112781954887216,-0.014473684210526305,0.055727554179566596,-0.03508771929824561,-0.047619047619047616,-0.022368421052631537,-0.04959514170040488,-0.03229665071770335,0.0,-0.05543113101903696,-0.03229665071770335,-0.006747638326585703,-0.014473684210526305,0.0,-0.013478818998716308,-0.010121457489878583,-0.07089151450053707,0.0,-0.0430622009569378,0.024671052631578955,-0.08842105263157896,-0.020050125313283235,-0.04665071770334933,-0.05039193729003358,-0.014473684210526305,-0.0430622009569378,-0.06140350877192985,-0.06578947368421056
-0.00576241134751776,0.02756286266924557,0.0,0.02177140029688268,0.006012950971322872,0.05604566683964707,0.052932018681888904,0.05957446808510641,0.10942249240121577,0.0,0.008510638297872297,0.08062709966405379,0.04840425531914894,0.07419530823786141,0.05604566683964707,0.048125633232016185,0.12094064949608063,1.0,0.039168278529980616,0.07598784194528874,0.06585612968591692,0.09070548712206045,0.07472755578619605,0.05065856129685914,0.03055100927441351,0.05835866261398176,0.0,0.05237315875613746,0.07446808510638298,0.0,0.033646709549727816,0.046003450258769396,0.017021276595744594,0.05222437137330749,-0.02257924446374293,0.06585612968591692,0.04305977710233028,0.0050878815911193365,0.015833745670460142,0.0,0.020803782505910084,0.0311364815775817,0.030395136778115506,0.02026342451874366,-0.020425531914893602,0.03425012973533986,0.026112185686653744,0.08292416803055092,0.07819148936170212,0.07446808510638298,0.0,0.03046421663442933,0.07161390762843789,0.011347517730496415,0.0747556066705003,0.00971322849213685,0.019858156028368712,0.024661508704061863,0.014506769825918753,0.017408123791102514,0.015130023640661905,0.06110201854882702,0.05835866261398176,0.04052684903748732,0.007863089731729833,0.052932018681888904,0.04047742605085625,-0.008865248226950395,0.07345491388044578,-0.03300043421623977,0.10038188761593014,0.091016548463357,0.15319148936170207,0.044680851063829796,0.14643304130162704,0.030395136778115506,0.05319148936170209,0.06702127659574464,-0.01432078559738137,0.018858800773694395,0.10078387458006716,0.0,0.024661508704061863,0.07855973813420614,0.04840425531914894,0.10582306830907057,0.04981837052413074,0.06983087834151663,-0.023447676943117668,0.07054871220604703,0.017408123791102514,0.0398936170212766,-0.019148936170212794,0.02786220871327255,0.013056092843326872,0.0,0.03351063829787232,0.024661508704061863,0.020803782505910084,-0.00576241134751776
-0.020833333333333343,0.0,-0.026112185686653744,0.004228329809725123,-0.007905138339920958,0.029933481152993324,0.014966740576496662,0.018181818181818188,0.0701298701298701,-0.014506769825918753,-0.007575757575757569,0.07177033492822965,0.050000000000000044,0.08449883449883444,0.03325942350332589,0.012987012987012991,0.12559808612440193,-0.039168278529980616,1.0,0.020562770562770616,0.02922077922077926,0.06100478468899523,0.034922394678492286,0.019480519480519487,0.040792540792540743,0.05844155844155843,-0.02756286266924557,0.040792540792540743,0.040909090909090895,-0.02756286266924557,0.008985200845665953,0.042997542997542965,-0.006565656565656608,0.0,-0.04638218923933207,0.017316017316017285,0.011904761904761918,-0.011857707509881465,0.0036997885835095,-0.013056092843326872,-0.006565656565656608,0.019955654101995512,0.009740259740259744,0.012987012987012991,-0.046363636363636385,0.01829268292682923,0.0,0.0641025641025641,0.02954545454545454,0.0318181818181818,-0.024661508704061863,0.0,0.023281596452328135,-0.004545454545454575,0.03869778869778867,-0.02371541501976293,-0.0060606060606061,0.0,0.0,0.0,-0.009595959595959602,0.07284382284382274,0.09350649350649348,0.027056277056277,-0.022727272727272707,0.03325942350332589,0.013303769401330351,-0.06060606060606066,0.024891774891774965,-0.048701298701298634,0.0641025641025641,0.06060606060606061,0.11688311688311687,0.027272727272727282,0.12700534759358295,0.016233766233766267,0.022727272727272763,0.03863636363636369,-0.038461538461538464,0.0,0.05382775119617228,-0.0217601547388781,0.0,0.026223776223776196,0.027272727272727282,0.0430622009569378,0.013303769401330351,0.04953379953379955,-0.03710575139146566,0.03229665071770335,0.0,0.05965909090909091,-0.040909090909090895,0.009740259740259744,0.0,-0.015957446808510634,0.025000000000000022,0.0,-0.006565656565656608,-0.024621212121212155
-0.03273809523809526,-0.015151515151515138,-0.048125633232016185,-0.004429678848283519,-0.018633540372670815,0.009291521486643417,0.007549361207897787,0.010714285714285704,0.0761904761904762,-0.022796352583586615,-0.01746031746031751,0.03508771929824561,0.01904761904761909,0.02930402930402931,0.011033681765389047,0.0,0.045112781954887216,-0.07598784194528874,-0.020562770562770616,1.0,0.0,0.03508771929824561,0.015098722415795574,0.0,0.009157509157509153,0.033333333333333326,-0.07092198581560283,0.02747252747252743,0.029761904761904767,-0.05065856129685914,-0.009413067552602461,0.03539253539253534,-0.022222222222222254,-0.024891774891774965,-0.08163265306122452,0.0,0.0,-0.024844720496894457,-0.006644518272425293,-0.03799392097264437,-0.03333333333333338,0.006968641114982521,0.0,0.0,-0.04190476190476192,0.009291521486643417,-0.017316017316017285,0.031135531135531136,0.029761904761904767,0.02619047619047621,-0.05319148936170209,-0.019480519480519487,0.008710801393728151,-0.012698412698412709,0.03539253539253534,-0.041407867494824,-0.022222222222222254,-0.014069264069264065,-0.009740259740259744,-0.010822510822510817,-0.020634920634920673,0.02014652014652013,0.042857142857142844,0.0,-0.041407867494824,0.012195121951219523,0.009872241579558627,-0.04464285714285715,0.0,-0.10884353741496589,0.049450549450549386,0.05555555555555558,0.10476190476190472,0.01785714285714285,0.05602240896358546,0.0,0.0,0.021428571428571408,-0.04120879120879123,-0.017316017316017285,0.04010025062656647,-0.06079027355623101,-0.012987012987012991,0.02380952380952378,0.015476190476190477,0.04010025062656647,0.009872241579558627,0.025641025641025605,-0.10204081632653061,0.045112781954887216,-0.016233766233766267,0.059523809523809534,-0.060952380952380925,0.0,-0.015151515151515138,-0.03799392097264437,0.01428571428571429,-0.024891774891774965,-0.041269841269841345,-0.0535714285714286
