0,1,2,3,4,5,6,7,8,9,10,11,12,13,14,15,16,17,18,19,20,21,22,23,24,25,26,27,28,29,30,31,32,33,34,35,36,37,38,39,40,41,42,43,44,45,46,47,48,49,50,51,52,53,54,55,56,57,58,59,60,61,62,63,64,65,66,67,68,69,70,71,72,73,74,75,76,77,78,79,80,81,82,83,84,85,86,87,88,89,90,91,92,93,94,95,96,97,98,99
1.0,-0.022807017543859665,-0.04306220095693786,-0.01546238477549805,-0.029711375212224167,0.0,-0.044133771929824595,-0.02105263157894738,-0.030075187969924866,-0.008166969147005487,-0.0226372382569327,-0.032388663967611336,-0.04881769641495043,0.0,-0.02506265664160401,-0.07177033492822965,0.0,-0.04029605263157898,-0.014148273910582904,-0.029711375212224167,-0.02878289473684209,-0.041025641025641046,-0.02172096908939014,-0.023391812865497102,-0.07593610892903913,-0.017273954116059406,0.004465709728867617,-0.018329405603561152,-0.036707152496626205,-0.023391812865497102,-0.06698564593301443,-0.014867677668748136,-0.04385964912280704,-0.012280701754385975,-0.03886639676113368,-0.0033272837265577726,-0.010353753235547908,-0.032211676732815664,-0.04010025062656647,-0.01315789473684209,-0.015563101301641208,-0.0226372382569327,-0.04256965944272448,-0.047503373819163364,-0.0549882168106835,-0.007136485280999111,-0.030511060259343997,-0.02878289473684209,-0.008166969147005487,-0.019557089444923792,-0.012280701754385975,0.04334365325077394,-0.021107456140350894,0.0056390977443608326,-0.03254102999434072,-0.05980861244019142,0.01851851851851849,0.0056390977443608326,-0.04451427075150566,-0.03341687552213868,-0.044133771929824595,-0.020050125313283235,-0.01839275608375779,-0.012280701754385975,-0.0172562553925798,-0.01403508771929829,0.0,-0.01052631578947369,-0.018329405603561152,-0.02688172043010756,-0.057606703325477904,-0.02392344497607657,-0.009594298245614044,-0.013678263455248307,-0.021107456140350894,-0.038377192982456176,-0.007136485280999111,-0.05959752321981432,-0.041025641025641046,0.0,-0.02618486514794452,-0.04881769641495043,0.0057416267942583255,-0.003629764065335772,-0.012654587287891872,-0.02392344497607657,-0.019807583474816093,-0.04271548436308162,-0.02405206564799095,-0.02405206564799095,-0.002117362371445858,-0.03142183817753341,-0.01052631578947369,-0.018421052631579005,-0.002117362371445858,-0.036707152496626205,-0.021857923497267784,0.0,0.009398496240601517,-0.03645833333333337
0.022807017543859665,1.0,-0.039393939393939426,0.010451977401129908,-0.022580645161290325,0.025438596491228094,-0.03125,0.0,-0.020634920634920617,0.013218390804597746,-0.012365591397849485,-0.024358974358974383,-0.03913043478260869,0.014912280701754377,-0.012698412698412709,-0.050000000000000044,0.008771929824561403,-0.025000000000000022,-0.005913978494623662,-0.01774193548387093,-0.013541666666666674,-0.02692307692307694,-0.011904761904761918,-0.009523809523809545,-0.04353233830845776,-0.017948717948717968,0.004545454545454533,-0.027860696517412936,-0.02692307692307694,-0.011904761904761918,-0.03333333333333338,0.003954802259887008,-0.009139784946236573,0.0,-0.010256410256410262,0.009770114942528718,-0.0038251366120218566,-0.007923497267759594,-0.015873015873015872,0.0,-0.008064516129032279,-0.005913978494623662,-0.03137254901960784,-0.019230769230769246,-0.022636815920398012,0.004802259887005611,-0.041304347826086996,-0.016666666666666663,0.02011494252873558,-0.006284153005464477,0.0,0.11764705882352933,-0.029166666666666674,0.048809523809523636,-0.021505376344086002,-0.057575757575757724,0.04999999999999993,0.032142857142857084,-0.03482587064676623,-0.01746031746031751,-0.01770833333333338,-0.011904761904761918,-0.009139784946236573,0.0,-0.004644808743169415,0.0,0.022807017543859665,0.0,-0.02437810945273633,-0.011290322580645162,-0.03830845771144281,-0.022727272727272735,-0.01770833333333338,0.007062146892655385,-0.013541666666666674,-0.013541666666666674,0.0053672316384180685,-0.03921568627450983,-0.03461538461538466,0.015789473684210575,-0.022636815920398012,-0.028260869565217367,0.016666666666666635,0.0034482758620689585,-0.0040983606557377095,-0.024242424242424232,-0.005913978494623662,-0.026086956521739146,-0.013440860215053752,-0.0075268817204301175,0.011494252873563204,-0.03482587064676623,0.0,0.0,0.004597701149425315,-0.017948717948717968,-0.005191256830601121,0.012280701754385975,0.03928571428571426,-0.022916666666666696
0.04306220095693786,0.039393939393939426,1.0,0.03595274781715463,0.029325513196480912,0.07416267942583737,0.008996212121212155,0.050000000000000044,0.029581529581529598,0.0376175548589342,0.028347996089931604,0.004662004662004671,-0.02173913043478254,0.06220095693779909,0.02020202020202022,0.0,0.03827751196172252,0.010890151515151492,0.026392961876832877,0.025415444770283513,0.011837121212121215,0.0062937062937062915,0.024531024531024626,0.00865800865800867,-0.003618272274988704,0.006759906759906786,0.05757575757575756,-0.005201266395296278,0.006759906759906786,0.013708513708513725,0.0,0.02876219825372367,0.025415444770283513,0.024242424242424232,0.004428904428904479,0.031347962382445166,0.02732240437158473,0.02732240437158473,0.020923520923520955,0.03333333333333338,0.017595307917888547,0.035190615835777095,-0.012923351158645291,0.006759906759906786,-0.005879692446856599,0.04314329738058559,-0.01581027667984186,0.010416666666666685,0.058516196447230995,0.03229011425732742,0.027272727272727282,0.11140819964349374,0.008049242424242431,0.06222943722943719,0.03128054740957964,0.0,0.07407407407407407,0.09199134199134196,-0.0029398462234282996,0.02020202020202022,0.008049242424242431,0.021645021645021634,0.02052785923753664,0.0318181818181818,0.03229011425732742,0.039393939393939426,0.03349282296650721,0.022727272727272735,-0.0038444142921754687,0.02052785923753664,-0.007914970601537785,0.0,0.011363636363636409,0.02876219825372367,0.008996212121212155,0.011837121212121215,0.05033384694401649,-0.009803921568627472,0.0060606060606061,0.04066985645933019,-0.004070556309362261,-0.013833992094861636,0.051515151515151514,0.03552769070010453,0.021112767014406397,0.0,0.01955034213098733,-0.016469038208168585,0.025415444770283513,0.01661779081133924,0.03970741901776392,-0.003392130257801912,0.024242424242424232,0.039393939393939426,0.043887147335423204,0.006993006993006978,0.031048186785891718,0.04784688995215314,0.05411255411255411,0.011837121212121215
0.01546238477549805,-0.010451977401129908,-0.03595274781715463,1.0,-0.02952433023510126,0.013678263455248307,-0.045021186440677985,-0.00988700564971745,-0.02259887005649719,0.008474576271186474,-0.01722252597047569,-0.03911342894393749,-0.05158437730287396,0.010110020814748766,-0.02152273338714017,-0.05213148433487419,0.008325899494498967,-0.029131355932203395,-0.01476216511755063,-0.020503007107709137,-0.022510593220338992,-0.03598435462842242,-0.02367500672585421,-0.01829432337906911,-0.05059448520111315,-0.02033898305084747,0.009861325115562397,-0.02630913230457882,-0.02659713168187744,-0.01829432337906911,-0.0557267591165897,0.0,-0.0164024056861673,-0.003954802259887008,-0.021903520208604976,0.0035067212156633387,-0.006668519033064757,-0.017227007502083946,-0.026903416733925267,-0.007062146892655385,-0.009841443411700401,-0.011481683980317126,-0.033649052841475596,-0.03129074315514996,-0.04249936756893502,0.0,-0.03930238270695158,-0.027807203389830504,0.007890122735242533,-0.01222561822728535,-0.003672316384180807,0.06912595546693245,-0.026483050847457668,0.032687651331719025,-0.024603608529250975,-0.05033384694401649,0.03609541745134964,0.021791767554479313,-0.04047558816089053,-0.026903416733925267,-0.029131355932203395,-0.017218186709712147,-0.018042646254784023,-0.005084745762711895,-0.011114198388441243,-0.0053672316384180685,0.016651798988997935,-0.003954802259887008,-0.030356691120667856,-0.015582285401858964,-0.03440424993675689,-0.01977401129943504,-0.018538135593220345,0.0,-0.023834745762711884,-0.023834745762711884,0.0,-0.06056829511465611,-0.032855280312907464,0.008920606601248882,-0.02630913230457882,-0.041758781626136054,0.019722650231124794,0.004967855055523107,-0.011669908307863297,-0.03235747303543918,-0.011481683980317126,-0.03438958486858265,-0.018042646254784023,-0.01476216511755063,0.003798947983635309,-0.038451808752845984,-0.004802259887005611,-0.004237288135593209,0.002630040911747511,-0.02659713168187744,-0.011114198388441243,0.008325899494498967,0.026331719128329267,-0.027807203389830504
0.029711375212224167,0.022580645161290325,-0.029325513196480912,0.02952433023510126,1.0,0.05093378607809862,-0.012600806451612934,0.018279569892473146,-0.008960573476702538,0.022246941045606206,0.0,-0.01712158808933001,-0.037634408602150504,0.02405206564799095,-0.004608294930875556,-0.021505376344086058,0.009903791737408046,-0.009576612903225812,0.0,0.0,-0.0040322580645161255,-0.01488833746898266,-0.004352278545826926,-0.0035842293906810097,-0.027684159845931644,-0.011166253101736967,0.024633431085043955,-0.032498796340876324,-0.019354838709677413,-0.004608294930875556,-0.017595307917888547,0.011481683980317126,0.0,0.005376344086021501,-0.011166253101736967,0.02669632925472748,0.006874669487043905,0.006610259122157569,-0.005376344086021501,0.012903225806451646,0.0,0.0,-0.03273244781783685,-0.01488833746898266,-0.02286952335098702,0.021323127392017527,-0.040906965871902734,-0.009576612903225812,0.03893214682981094,0.00872554204124798,0.013978494623655913,0.1356736242884251,-0.014616935483870996,0.07949308755760365,0.0,-0.04105571847507328,0.066905615292712,0.05875576036866348,-0.032498796340876324,-0.00640040962621613,-0.008568548387096808,-0.005120327700972871,0.0,0.008064516129032279,0.004759386567953494,0.009677419354838734,0.03678551216751558,0.006989247311827956,-0.019258545979778524,0.0,-0.025276841598459332,-0.01661779081133924,-0.010584677419354815,0.02214324767632586,-0.005544354838709686,-0.007560483870967721,0.018042646254784023,-0.03700189753320687,-0.023821339950372222,0.03254102999434072,-0.015647568608570056,-0.034361851332398274,0.03900293255131959,0.01334816462736374,0.004759386567953494,-0.02052785923753664,0.0,-0.03599812996727442,0.0,0.0,0.031145717463848754,-0.03129513721714011,0.016129032258064557,0.005913978494623662,0.01668520578420471,-0.016377171215880948,0.006610259122157569,0.031126202603282416,0.05875576036866348,-0.015120967741935443
0.0,-0.025438596491228094,-0.07416267942583737,-0.013678263455248307,-0.05093378607809862,1.0,-0.02878289473684209,-0.022807017543859665,-0.061821219715956555,-0.00453720508166966,-0.031126202603282416,-0.047503373819163364,-0.07627765064836001,0.0,-0.04511278195488727,-0.035885167464114825,0.0,-0.024945175438596506,-0.0226372382569327,-0.03678551216751558,-0.034539473684210564,-0.04966261808367073,-0.03341687552213868,-0.0183792815371763,-0.04713275726630012,-0.03454790823211881,0.007017543859649089,-0.0706991358994502,-0.06261808367071531,-0.03508771929824567,-0.02392344497607657,-0.004757656853999426,-0.02405206564799095,-0.008771929824561403,-0.03454790823211881,-0.005444646098003658,-0.025309174575783744,-0.019557089444923792,-0.03508771929824567,-0.015789473684210575,-0.02405206564799095,-0.016977928692699512,-0.04824561403508776,-0.032388663967611336,-0.034040324692327845,-0.01546238477549805,-0.09153318077803196,-0.04029605263157898,-0.008469449485783431,-0.031061259706643696,-0.02192982456140352,0.059855521155830704,-0.04221491228070179,0.009398496240601517,-0.05093378607809862,-0.098086124401914,0.016569200779727067,0.010964912280701622,-0.041895784236711225,-0.030075187969924866,-0.03262061403508776,-0.0367585630743526,-0.029711375212224167,-0.020175438596491235,-0.031061259706643696,-0.022807017543859665,0.0,-0.01315789473684209,-0.04975124378109458,-0.019807583474816093,-0.07331762241424461,-0.050239234449760806,-0.04029605263157898,-0.009515313707998851,-0.015350877192982476,-0.02878289473684209,-0.017246506095747904,-0.062435500515995945,-0.051821862348178205,0.0,-0.04713275726630012,-0.05491990846681927,0.008931419457735235,-0.0033272837265577726,-0.011504170261719876,-0.03827751196172252,-0.029711375212224167,-0.08237986270022885,-0.03537068477645727,-0.014148273910582904,-0.006654567453115545,-0.05236973029588904,-0.02192982456140352,-0.007017543859649145,-0.003024803387779801,-0.036707152496626205,-0.028760425654299704,0.0,0.006892230576441061,-0.055646929824561486
0.044133771929824595,0.03125,-0.008996212121212155,0.045021186440677985,0.012600806451612934,0.02878289473684209,1.0,0.03541666666666676,0.004960317460317498,0.038793103448275856,0.007560483870967721,-0.004807692307692291,-0.012454710144927522,0.017269736842105282,0.002232142857142849,-0.02035984848484851,0.04221491228070179,0.0,0.012096774193548376,0.016633064516129115,0.0,-0.005769230769230804,0.005704365079365115,0.006696428571428603,-0.013992537313432862,-0.004086538461538447,0.03323863636363636,-0.009794776119402993,-0.003124999999999989,0.0027281746031745935,-0.013731060606060608,0.026483050847457668,0.007560483870967721,0.025000000000000022,-0.0036057692307692457,0.022629310344827597,0.006915983606557374,0.02074795081967218,0.005208333333333315,0.021874999999999978,0.006552419354838718,0.008568548387096808,-0.015625,-0.004086538461538447,-0.0118936567164179,0.018538135593220345,-0.018115942028985477,0.0,0.04040948275862072,0.01075819672131148,0.016666666666666663,0.09160539215686275,0.0,0.05357142857142849,0.011592741935483875,-0.012310606060606077,0.09837962962962965,0.04464285714285715,-0.009794776119402993,0.005456349206349187,0.0,0.001736111111111105,0.01008064516129037,0.015625,0.016137295081967207,0.008333333333333331,0.05948464912280704,0.021874999999999978,-0.02028917910447764,0.017137096774193616,-0.013992537313432862,-0.008996212121212155,0.0,0.03177966101694918,0.0,0.0,0.014565677966101698,-0.020220588235294157,-0.005769230769230804,0.030701754385964952,-0.016791044776119424,-0.02377717391304346,0.040909090909090895,0.02101293103448279,0.012295081967213128,-0.011363636363636409,0.004536290322580627,-0.019248188405797062,0.011592741935483875,0.011592741935483875,0.029094827586206906,-0.013992537313432862,0.012500000000000011,0.01770833333333338,0.019396551724137928,-0.004326923076923117,0.013831967213114749,0.030701754385964952,0.0513392857142857,0.0
0.02105263157894738,0.0,-0.050000000000000044,0.00988700564971745,-0.018279569892473146,0.022807017543859665,-0.03541666666666676,1.0,-0.021428571428571463,0.014942528735632232,-0.010752688172043001,-0.02692307692307694,-0.036956521739130443,0.015789473684210575,-0.0134920634920635,-0.043939393939394,0.01403508771929829,-0.034375000000000044,-0.011290322580645162,-0.015591397849462396,-0.022916666666666696,-0.029487179487179493,-0.01746031746031751,-0.0134920634920635,-0.04004975124378113,-0.019230769230769246,0.010606060606060605,-0.019154228855721406,-0.029487179487179493,-0.009523809523809545,-0.03636363636363643,0.004237288135593209,-0.010215053763440896,0.0,-0.008974358974358984,0.008620689655172431,-0.003005464480874326,-0.006284153005464477,-0.0134920634920635,0.0,-0.004838709677419367,-0.009139784946236573,-0.027450980392156876,-0.020512820512820523,-0.026119402985074647,0.004519774011299438,-0.030434782608695643,-0.015625,0.018965517241379293,-0.005191256830601121,0.0,0.10588235294117643,-0.027083333333333348,0.042857142857142816,-0.022580645161290325,-0.054545454545454564,0.06851851851851842,0.03928571428571426,-0.02960199004975128,-0.01904761904761909,-0.01874999999999999,-0.011904761904761918,-0.010752688172043001,0.0,-0.006284153005464477,0.0,0.02456140350877195,0.0,-0.026119402985074647,-0.015591397849462396,-0.03830845771144281,-0.022727272727272735,-0.022916666666666696,0.006214689265536699,-0.01770833333333338,-0.016666666666666663,0.004802259887005611,-0.041176470588235314,-0.035897435897435936,0.01403508771929829,-0.02960199004975128,-0.030434782608695643,0.019696969696969685,0.0034482758620689585,-0.0035519125683060038,-0.03030303030303033,-0.004301075268817206,-0.026086956521739146,-0.012365591397849485,-0.0075268817204301175,0.00919540229885063,-0.03830845771144281,0.0,0.0,0.007471264367816116,-0.017948717948717968,-0.0040983606557377095,0.012280701754385975,0.032142857142857084,-0.016666666666666663
0.030075187969924866,0.020634920634920617,-0.029581529581529598,0.02259887005649719,0.008960573476702538,0.061821219715956555,-0.004960317460317498,0.021428571428571463,1.0,0.016420361247947463,0.00691244239631339,-0.008302808302808329,-0.034506556245686604,0.0367585630743526,0.0,-0.01010101010101011,0.015037593984962433,-0.0032242063492063655,0.004608294930875556,0.007680491551459279,-0.004216269841269882,-0.010744810744810762,0.0,0.0,-0.01800521203506278,-0.009279609279609247,0.0392496392496392,-0.030324567638000455,-0.01562881562881563,0.0,-0.011544011544011523,0.013989776701641116,0.00640040962621613,0.005555555555555564,-0.007814407814407814,0.030103995621237056,0.015092375748113451,0.011449388498568858,0.0,0.011111111111111127,0.004608294930875556,0.006144393241167445,-0.02684407096171809,-0.015140415140415142,-0.022743425728500355,0.031207963411353234,-0.03588681849551412,-0.005456349206349187,0.04378762999452668,0.015612802498048417,0.0134920634920635,0.09710550887021469,-0.004464285714285698,0.045634920634920584,0.008448540706605279,-0.032467532467532534,0.03703703703703701,0.08531746031746024,-0.013266998341625202,0.0,-0.00347222222222221,0.0,0.005120327700972871,0.018253968253968245,0.0130106687483737,0.023809523809523836,0.028404344193817876,0.011904761904761918,-0.013266998341625202,0.002816180235535093,-0.03316749585406298,-0.010822510822510817,-0.004216269841269882,0.01829432337906911,-0.001984126984126977,-0.003968253968253954,0.03658864675813822,-0.02334267040149396,-0.011721611721611735,0.026733500417710998,-0.013266998341625202,-0.0331262939958592,0.0392496392496392,0.017788724685276425,0.00936768149882905,-0.012265512265512313,0.006144393241167445,-0.042788129744651404,0.007936507936507964,0.0038402457757296393,0.03557744937055285,-0.01610992655768778,0.01746031746031751,0.015873015873015872,0.017788724685276425,-0.01562881562881563,0.01665365599791835,0.0317460317460318,0.051587301587301515,-0.007192460317460347
0.008166969147005487,-0.013218390804597746,-0.0376175548589342,-0.008474576271186474,-0.022246941045606206,0.00453720508166966,-0.038793103448275856,-0.014942528735632232,-0.016420361247947463,1.0,-0.02669632925472748,-0.06498673740053051,-0.06596701649175413,0.006352087114337601,-0.027367268746579076,-0.05642633228840127,0.008166969147005487,-0.037176724137931105,-0.02558398220244723,-0.01334816462736374,-0.04040948275862072,-0.04084880636604782,-0.032840722495894925,-0.036945812807881784,-0.09264024704065887,-0.04270557029177724,0.007523510971786801,-0.009264024704065892,-0.025994694960212228,-0.023262178434592218,-0.043887147335423204,-0.0061367621274108775,-0.03225806451612906,-0.011494252873563204,-0.035278514588859444,0.0,-0.008479366873940075,-0.02543810062182028,-0.0451559934318555,-0.01839080459770126,-0.015572858731924377,-0.01668520578420471,-0.03803245436105482,-0.027851458885941677,-0.03242408646423059,-0.0035067212156633387,-0.030234882558720644,-0.02424568965517243,0.0,-0.013566986998304165,-0.00402298850574713,0.03313049357674103,-0.01778017241379312,0.010467980295566448,-0.02669632925472748,-0.03552769070010453,0.01787994891443162,0.009852216748768405,-0.05095213587236236,-0.038314176245210774,-0.04202586206896558,-0.024630541871921208,-0.021134593993325956,-0.008620689655172431,-0.01695873374788015,-0.01091954022988506,0.004839685420447659,-0.009770114942528718,-0.03937210499228,-0.012235817575083435,-0.044004117344312976,-0.020898641588296768,-0.019396551724137928,-0.008474576271186474,-0.037176724137931105,-0.046875000000000056,-0.004675628287551192,-0.05324543610547672,-0.027851458885941677,0.002722323049001829,-0.04168811116829646,-0.04947526236881561,0.010344827586206862,0.0,-0.01271905031091014,-0.025078369905956133,-0.017797552836485042,-0.024737631184407805,-0.015572858731924377,-0.017797552836485042,0.0,-0.03242408646423059,-0.006896551724137917,-0.013793103448275834,0.0,-0.02228116710875333,-0.014414923685698133,0.002722323049001829,0.012315270935960576,-0.029094827586206906
0.0226372382569327,0.012365591397849485,-0.028347996089931604,0.01722252597047569,0.0,0.031126202603282416,-0.007560483870967721,0.010752688172043001,-0.00691244239631339,0.02669632925472748,1.0,-0.028287841191066976,-0.040906965871902734,0.029711375212224167,-0.00588837685611876,-0.017595307917888547,0.01839275608375779,-0.005544354838709686,0.0,0.0,-0.011088709677419373,-0.009677419354838707,-0.004096262160778297,-0.004864311315924241,-0.027684159845931644,-0.023821339950372222,0.030791788856304986,-0.026480500722195488,-0.01786600496277918,-0.004352278545826926,-0.01368523949169112,0.009841443411700401,0.0,0.006989247311827956,-0.012655086848635255,0.02558398220244723,0.007932310946589138,0.005817028027498672,-0.00640040962621613,0.012365591397849485,0.0,0.0,-0.029886148007590152,-0.021588089330024818,-0.027684159845931644,0.020503007107709137,-0.034361851332398274,-0.009576612903225812,0.030033370411568394,0.01004759386567955,0.009139784946236573,0.06609740670461733,-0.008064516129032251,0.041474654377880116,0.0,-0.023460410557184785,0.02389486260453999,0.03456221198156678,-0.033702455464612424,-0.009472606246799797,-0.013608870967741993,-0.004608294930875556,0.0,0.008064516129032279,0.003966155473294569,0.010752688172043001,0.029711375212224167,0.0032258064516129115,-0.010832932113625404,0.0,-0.0288878189696678,-0.00782013685239491,-0.006552419354838718,0.021323127392017527,-0.015120967741935443,-0.014112903225806439,0.01722252597047569,-0.02846299810246683,-0.013399503722084372,0.02122241086587437,-0.016851227732306212,-0.05072463768115937,0.04310850439882696,0.01890989988876529,0.0063458487572712885,-0.014662756598240456,0.0,-0.037634408602150504,0.0,0.0,0.02002224694104565,-0.019258545979778524,0.011290322580645162,0.013978494623655913,0.022246941045606206,-0.023821339950372222,0.00872554204124798,0.029711375212224167,0.04320276497695846,-0.02116935483870963
0.032388663967611336,0.024358974358974383,-0.004662004662004671,0.03911342894393749,0.01712158808933001,0.047503373819163364,0.004807692307692291,0.02692307692307694,0.008302808302808329,0.06498673740053051,0.028287841191066976,1.0,-0.020512820512820495,0.051821862348178205,0.013186813186813195,-0.00512820512820511,0.04534412955465594,0.0036057692307692457,0.019354838709677413,0.011910669975186111,0.008173076923076894,0.0,0.010256410256410275,0.01562881562881563,-0.014695752009184826,0.0,0.04195804195804195,-0.007807118254879453,0.0,0.011721611721611735,-0.002564102564102555,0.01877444589308999,0.011166253101736967,0.023076923076923106,0.0,0.035278514588859444,0.02421185372005047,0.020176544766708715,0.012210012210012222,0.039743589743589824,0.01712158808933001,0.011910669975186111,-0.010180995475113142,0.0,-0.006888633754305401,0.03129074315514996,-0.016053511705685586,0.004567307692307676,0.04456233421750666,0.028247162673392223,0.020512820512820523,0.06334841628959278,0.004086538461538447,0.051923076923076905,0.015632754342431776,-0.004195804195804176,0.04700854700854698,0.03956043956043956,-0.016991963260620024,0.013186813186813195,0.008173076923076894,0.008791208791208815,0.011910669975186111,0.023076923076923106,0.02421185372005047,0.029487179487179493,0.04966261808367073,0.020512820512820523,-0.009184845005740572,0.009677419354838707,-0.01148105625717566,-0.00303030303030305,0.004807692307692291,0.05319426336375488,0.0076923076923077205,0.006971153846153821,0.03754889178617998,-0.01764705882352946,0.0,0.03886639676113368,-0.01148105625717566,-0.0187290969899665,0.04755244755244753,0.035278514588859444,0.02421185372005047,-0.004195804195804176,0.018610421836228352,-0.016945373467112612,0.013399503722084372,0.018610421836228352,0.03156498673740055,-0.012399540757749739,0.02820512820512827,0.02820512820512827,0.025994694960212228,0.0,0.02522068095838592,0.047503373819163364,0.04945054945054944,0.007451923076923106
0.04881769641495043,0.03913043478260869,0.02173913043478254,0.05158437730287396,0.037634408602150504,0.07627765064836001,0.012454710144927522,0.036956521739130443,0.034506556245686604,0.06596701649175413,0.040906965871902734,0.020512820512820495,1.0,0.13119755911517927,0.048309178743961234,0.009222661396574405,0.10373760488176964,0.014719202898550693,0.05726975222066377,0.0310892940626461,0.03396739130434778,0.025863991081382376,0.05244996549344372,0.01794340924775706,0.009085009733938942,0.02497212931995535,0.05902503293807637,0.010815487778498722,0.02229654403567438,0.03864734299516903,0.01581027667984186,0.06140997297961187,0.049088359046283225,0.04999999999999999,0.02675585284280929,0.024737631184407805,0.04371584699453551,0.04371584699453551,0.048309178743961234,0.056521739130434734,0.034361851332398274,0.052360916316035455,0.0059676044330775335,0.03210702341137117,0.01341120484533842,0.05158437730287396,0.0,0.022644927536231818,0.05497251374312839,0.04181515799477309,0.03913043478260869,0.0664961636828644,0.014719202898550693,0.0605590062111801,0.03599812996727442,0.016469038208168585,0.040257648953301084,0.08074534161490676,0.006489292667099245,0.037267080745341574,0.03509963768115937,0.06487232574189084,0.058906030855539915,0.07391304347826089,0.05892135899263479,0.07826086956521738,0.02135774218154081,0.04782608695652174,0.010815487778498722,0.022907900888265526,0.012545965823058558,0.016469038208168585,0.03170289855072461,0.03930238270695158,0.03057065217391297,0.029438405797101386,0.07123556865634978,0.006820119352088594,0.014269788182831616,0.0396643783371472,0.009517629245078929,0.0,0.07009222661396569,0.07971014492753625,0.0475172249940603,0.013833992094861636,0.029453015427769957,0.0,0.024544179523141613,0.0310892940626461,0.04122938530734632,0.005191434133679423,0.04347826086956519,0.04999999999999999,0.04947526236881561,0.029431438127090204,0.04181515799477309,0.05186880244088482,0.0605590062111801,0.02377717391304346
0.0,-0.014912280701754377,-0.06220095693779909,-0.010110020814748766,-0.02405206564799095,0.0,-0.017269736842105282,-0.015789473684210575,-0.0367585630743526,-0.006352087114337601,-0.029711375212224167,-0.051821862348178205,-0.13119755911517927,1.0,-0.0735171261487052,-0.01913875598086126,0.0,-0.026864035087719312,-0.04951895868704026,-0.0226372382569327,-0.06524122807017552,-0.04534412955465594,-0.05179615705931501,-0.023391812865497102,-0.05236973029588904,-0.04966261808367073,0.007655502392344443,-0.0549882168106835,-0.06477732793522267,-0.028404344193817876,-0.03827751196172252,-0.008920606601248882,-0.02688172043010756,-0.01403508771929829,-0.04318488529014847,-0.001814882032667886,-0.020707506471095816,-0.023008340523439752,-0.03842940685045948,-0.019298245614035092,-0.014148273910582904,-0.03254102999434072,-0.031217750257997973,-0.051821862348178205,-0.0549882168106835,-0.007731192387749025,-0.04881769641495043,-0.017269736842105282,-0.004234724742891716,-0.0172562553925798,-0.014912280701754377,0.01857585139318882,-0.01151315789473685,0.003759398496240546,-0.02688172043010756,-0.045454545454545525,0.008771929824561375,0.006578947368420962,-0.03927729772191674,-0.03508771929824567,-0.055646929824561486,-0.06516290726817053,-0.04668930390492354,-0.03508771929824561,-0.039114178889847584,-0.035964912280701755,0.0,-0.020175438596491235,-0.05236973029588904,-0.014148273910582904,-0.07593610892903913,-0.031100478468899545,-0.044133771929824595,-0.007136485280999111,-0.04029605263157898,-0.04221491228070179,-0.019625334522747506,-0.07378740970072245,-0.023751686909581682,0.0,-0.04975124378109458,-0.04881769641495043,0.008293460925039853,-0.006957047791893489,-0.025309174575783744,-0.01913875598086126,-0.02546689303904931,-0.07017543859649122,-0.016977928692699512,-0.014148273910582904,-0.003024803387779801,-0.03142183817753341,-0.01315789473684209,-0.017543859649122806,-0.002722323049001829,-0.051821862348178205,-0.0172562553925798,0.0,0.00438596491228066,-0.03262061403508776
0.02506265664160401,0.012698412698412709,-0.02020202020202022,0.02152273338714017,0.004608294930875556,0.04511278195488727,-0.002232142857142849,0.0134920634920635,0.0,0.027367268746579076,0.00588837685611876,-0.013186813186813195,-0.048309178743961234,0.0735171261487052,1.0,-0.00721500721500723,0.04010025062656647,-0.00347222222222221,0.007936507936507964,0.004608294930875556,-0.009424603174603141,-0.009279609279609247,0.0,0.0,-0.02369106846718788,-0.010256410256410275,0.034632034632034625,-0.024638711205875408,-0.01562881562881563,0.0,-0.012987012987012991,0.020446596717783205,0.005376344086021501,0.009523809523809545,-0.008791208791208815,0.017788724685276425,0.010928961748633892,0.012490241998438734,0.0,0.016666666666666663,0.002816180235535093,0.005632360471070186,-0.014005602240896364,-0.013675213675213682,-0.020848140251125302,0.02152273338714017,-0.02208419599723943,-0.0029761904761904656,0.025998905309250198,0.011449388498568858,0.011111111111111127,0.03734827264239027,-0.0014880952380952328,0.027777777777777762,0.005376344086021501,-0.01875901875901881,0.018518518518518504,0.0575396825396825,-0.017057569296375252,0.0,-0.007688492063492036,0.0,0.008960573476702538,0.031746031746031744,0.020296643247462942,0.041269841269841234,0.013366750208855499,0.018253968253968245,-0.01800521203506278,0.002304147465437778,-0.036958066808813084,-0.01010101010101011,-0.0047123015873015706,0.019370460048426186,-0.004960317460317498,-0.006200396825396803,0.04519774011299438,-0.03034547152194217,-0.008302808302808329,0.02172096908939014,-0.017057569296375252,-0.01794340924775706,0.027705627705627678,0.028735632183908066,0.011449388498568858,-0.005772005772005762,0.005376344086021501,-0.040027605244996545,0.004608294930875556,0.002816180235535093,0.017788724685276425,-0.01610992655768778,0.016666666666666663,0.016666666666666663,0.01094690749863167,-0.012210012210012222,0.010408534998698926,0.01670843776106934,0.0357142857142857,-0.005208333333333315
0.07177033492822965,0.050000000000000044,0.0,0.05213148433487419,0.021505376344086058,0.035885167464114825,0.02035984848484851,0.043939393939394,0.01010101010101011,0.05642633228840127,0.017595307917888547,0.00512820512820511,-0.009222661396574405,0.01913875598086126,0.00721500721500723,1.0,0.05980861244019142,0.016571969696969724,0.02052785923753664,0.02443792766373415,0.008996212121212155,0.003962703962703984,0.011544011544011523,0.021645021645021634,-0.005201266395296278,0.004195804195804176,0.021212121212121224,-0.0022614201718679505,0.002564102564102555,0.007936507936507936,0.0,0.04673857216230104,0.02443792766373415,0.04090909090909095,0.003496503496503489,0.029258098223615497,0.00869349230004969,0.03849975161450575,0.016594516594516606,0.03636363636363643,0.01661779081133924,0.014662756598240456,-0.009358288770053513,0.003729603729603709,-0.003392130257801912,0.014381099126861835,-0.012516469038208133,0.008522727272727293,0.0480668756530826,0.01614505712866371,0.028787878787878862,0.10695187165775405,0.016098484848484862,0.059523809523809534,0.02052785923753664,0.0,0.09090909090909088,0.03517316017316016,-0.0038444142921754687,0.015151515151515138,0.008996212121212155,0.005772005772005762,0.014662756598240456,0.018181818181818216,0.018628912071535025,0.015151515151515166,0.06459330143540676,0.03030303030303033,-0.005427408412483015,0.03128054740957964,-0.004748982360922693,0.0,0.008996212121212155,0.044940934771443286,0.012784090909090884,0.008049242424242431,0.01977401129943504,-0.007130124777183611,0.004895104895104863,0.028708133971291905,-0.005427408412483015,-0.01185770750988141,0.03636363636363635,0.022988505747126464,0.014903129657228037,0.0,0.011730205278592393,-0.00724637681159418,0.01368523949169112,0.021505376344086058,0.029258098223615497,-0.003165988240615092,0.015151515151515166,0.021212121212121238,0.025078369905956133,0.003962703962703984,0.019870839542970697,0.03349282296650721,0.05681818181818177,0.0056818181818182045
0.0,-0.008771929824561403,-0.03827751196172252,-0.008325899494498967,-0.009903791737408046,0.0,-0.04221491228070179,-0.01403508771929829,-0.015037593984962433,-0.008166969147005487,-0.01839275608375779,-0.04534412955465594,-0.10373760488176964,0.0,-0.04010025062656647,-0.05980861244019142,1.0,-0.051809210526315874,-0.059422750424448334,-0.015563101301641208,-0.061403508771929904,-0.07341430499325241,-0.0584795321637428,-0.04344193817878028,-0.0549882168106835,-0.053981106612685625,0.007017543859649089,-0.03142183817753341,-0.030229419703103944,-0.02506265664160401,-0.05980861244019142,-0.013678263455248307,-0.03678551216751558,-0.03245614035087718,-0.06693657219973015,-0.0015124016938899004,-0.009203336209375912,-0.018406672418751824,-0.03341687552213868,-0.019298245614035092,-0.016977928692699512,-0.033955857385399024,-0.062435500515995945,-0.041025641025641046,-0.04975124378109458,-0.002378828426999713,-0.04881769641495043,-0.019188596491228088,-0.0012099213551119148,-0.005752085130859938,-0.009649122807017546,0.008255933952528369,-0.02878289473684209,0.001879699248120273,-0.01131861912846635,-0.016746411483253607,0.013645224171539905,0.0034461152882205304,-0.028803351662738952,-0.03341687552213868,-0.051809210526315874,-0.0417710944026734,-0.04244482173174874,-0.02456140350877195,-0.029910842680471672,-0.019298245614035092,0.0,-0.029824561403508754,-0.0968840010473947,-0.031126202603282416,-0.04975124378109458,-0.05980861244019142,-0.055646929824561486,-0.0065417781742491965,-0.061403508771929904,-0.044133771929824595,-0.010110020814748766,-0.05392156862745101,-0.023751686909581682,0.0,-0.08117308195862799,-0.061022120518687994,0.009569377990430616,-0.008469449485783431,-0.019557089444923792,-0.050239234449760806,-0.014148273910582904,-0.04271548436308162,-0.004244482173174878,-0.019807583474816093,-0.0015124016938899004,-0.020947892118355613,-0.0043859649122807015,-0.016666666666666663,-0.004234724742891716,-0.03454790823211881,-0.008052919183203916,0.0,0.0012531328320801866,-0.003837719298245619
0.04029605263157898,0.025000000000000022,-0.010890151515151492,0.029131355932203395,0.009576612903225812,0.024945175438596506,0.0,0.034375000000000044,0.0032242063492063655,0.037176724137931105,0.005544354838709686,-0.0036057692307692457,-0.014719202898550693,0.026864035087719312,0.00347222222222221,-0.016571969696969724,0.051809210526315874,1.0,0.015120967741935443,0.014112903225806439,0.0,-0.006490384615384592,0.006200396825396803,0.00694444444444442,-0.014692164179104517,-0.004086538461538447,0.040909090909090895,-0.009794776119402993,-0.0036057692307692457,0.0029761904761904656,-0.012310606060606077,0.025158898305084776,0.01008064516129037,0.039583333333333415,-0.005048076923076961,0.0274784482758621,0.008452868852459022,0.014600409836065587,0.0027281746031745935,0.021874999999999978,0.0070564516129032195,0.008064516129032251,-0.01470588235294118,-0.002884615384615402,-0.012593283582089554,0.007944915254237295,-0.01698369565217389,0.0,0.02424568965517243,0.00537909836065574,0.019791666666666707,0.07567401960784315,0.0,0.046874999999999944,0.010584677419354815,-0.009469696969696961,0.11284722222222221,0.042410714285714246,-0.013292910447761208,0.005456349206349187,0.0,0.0029761904761904656,0.011592741935483875,0.019791666666666707,0.018442622950819665,0.014583333333333337,0.044133771929824595,0.029166666666666674,-0.021688432835820948,0.02116935483870963,-0.015391791044776115,-0.010416666666666685,0.0,0.022510593220338992,0.0,0.0,0.01986228813559321,-0.01470588235294118,-0.005769230769230804,0.03262061403508776,-0.020988805970149294,-0.019248188405797062,0.03835227272727271,0.025862068965517293,0.01152663934426229,-0.009943181818181823,0.003024193548387094,-0.015851449275362306,0.01008064516129037,0.009072580645161255,0.02424568965517243,-0.013992537313432862,0.009374999999999994,0.021874999999999978,0.0274784482758621,-0.0021634615384615585,0.003842213114754106,0.024945175438596506,0.04464285714285715,0.0
0.014148273910582904,0.005913978494623662,-0.026392961876832877,0.01476216511755063,0.0,0.0226372382569327,-0.012096774193548376,0.011290322580645162,-0.004608294930875556,0.02558398220244723,0.0,-0.019354838709677413,-0.05726975222066377,0.04951895868704026,-0.007936507936507964,-0.02052785923753664,0.059422750424448334,-0.015120967741935443,1.0,0.0,-0.02016129032258074,-0.023821339950372222,-0.009728622631848483,-0.007424475166410649,-0.020462205103514708,-0.019354838709677413,0.034897360703812275,-0.02286952335098702,-0.01712158808933001,-0.005376344086021501,-0.017595307917888547,0.015582285401858964,0.0,0.01666666666666672,-0.0208436724565757,0.01334816462736374,0.003701745108408261,0.005023796932839775,-0.004864311315924241,0.011827956989247324,0.0,0.0,-0.029886148007590152,-0.013399503722084372,-0.02166586422725081,0.009021323127392011,-0.034361851332398274,-0.006552419354838718,0.01334816462736374,0.003701745108408261,0.009139784946236573,0.024351676154332702,-0.009576612903225812,0.024193548387096753,0.0,-0.014662756598240456,0.04540023894862605,0.02937788018433174,-0.019258545979778524,-0.005632360471070186,-0.011592741935483875,-0.007680491551459279,0.0,0.015591397849462396,0.007932310946589138,0.014516129032258074,0.012733446519524655,0.01666666666666672,-0.042128069330765516,0.0,-0.03009147809340401,-0.021505376344086058,-0.017137096774193616,0.009021323127392011,-0.015625,-0.011088709677419373,0.019682886823400803,-0.03130929791271353,-0.01042183622828785,0.016977928692699512,-0.034906114588348636,-0.029453015427769957,0.032844574780058644,0.02669632925472748,0.004494976203067158,-0.017595307917888547,0.0,-0.03272557269752219,0.0,0.0,0.01334816462736374,-0.016851227732306212,0.004838709677419367,0.011827956989247324,0.01890989988876529,-0.012655086848635255,0.0034373347435219526,0.016977928692699512,0.013824884792626724,-0.005040322580645185
0.029711375212224167,0.01774193548387093,-0.025415444770283513,0.020503007107709137,0.0,0.03678551216751558,-0.016633064516129115,0.015591397849462396,-0.007680491551459279,0.01334816462736374,0.0,-0.011910669975186111,-0.0310892940626461,0.0226372382569327,-0.004608294930875556,-0.02443792766373415,0.015563101301641208,-0.014112903225806439,0.0,1.0,-0.009072580645161255,-0.014143920595533488,-0.005376344086021501,-0.0035842293906810097,-0.019258545979778524,-0.00744416873449133,0.030791788856304986,-0.027684159845931644,-0.02456575682382145,-0.004352278545826926,-0.018572825024437967,0.011481683980317126,0.0,0.008602150537634412,-0.00893300248138959,0.01890989988876529,0.006610259122157569,0.005817028027498672,-0.005632360471070186,0.009677419354838734,0.0,0.0,-0.02561669829222013,-0.015632754342431776,-0.027684159845931644,0.018042646254784023,-0.029453015427769957,-0.010584677419354815,0.03337041156840942,0.006081438392385008,0.013440860215053752,0.09392789373814037,-0.015625,0.04665898617511516,0.0,-0.03421309872922773,0.059737156511349976,0.048387096774193505,-0.027684159845931644,-0.005632360471070186,-0.008064516129032251,-0.004352278545826926,0.0,0.010215053763440896,0.005552617662612391,0.009677419354838734,0.039615166949632186,0.009139784946236573,-0.02407318247472323,0.0,-0.03129513721714011,-0.01564027370478982,-0.011088709677419373,0.01476216511755063,-0.006552419354838718,-0.006552419354838718,0.02214324767632586,-0.029886148007590152,-0.021588089330024818,0.03254102999434072,-0.026480500722195488,-0.03599812996727442,0.045161290322580594,0.01334816462736374,0.005552617662612391,-0.01955034213098733,0.0,-0.03599812996727442,0.0,0.0,0.031145717463848754,-0.0288878189696678,0.013440860215053752,0.0075268817204301175,0.01668520578420471,-0.018610421836228352,0.006081438392385008,0.033955857385399024,0.05011520737327185,-0.011592741935483875
