0,1,2,3,4,5,6,7,8,9,10,11,12,13,14,15,16,17,18,19,20,21,22,23,24,25,26,27,28,29,30,31,32,33,34,35,36,37,38,39,40,41,42,43,44,45,46,47,48,49,50,51,52,53,54,55,56,57,58,59,60,61,62,63,64,65,66,67,68,69,70,71,72,73,74,75,76,77,78,79,80,81,82,83,84,85,86,87,88,89,90,91,92,93,94,95,96,97,98,99
1.0,-0.03446712018140585,0.041666666666666685,0.05751633986928106,-0.005314009661835706,0.013436692506459957,0.01757105943152454,0.005050505050505083,-0.005797101449275366,0.021705426356589175,-0.017021276595744594,-0.01891252955082734,0.008080808080808133,0.0,0.02882882882882884,0.07863247863247869,0.008080808080808133,-0.08730158730158727,0.01757105943152454,0.036856368563685626,0.007235142118863058,0.026016260162601612,0.05714285714285716,0.0,0.0,0.02168021680216803,0.058119658119658135,0.024024024024024024,0.02818428184281846,0.00303030303030305,0.04786324786324786,0.08187134502923982,0.07368421052631585,0.01136950904392764,0.02168021680216803,0.00909090909090915,0.03888888888888892,0.02384823848238482,0.057309941520467866,0.0,0.03760683760683764,0.012626262626262652,0.043243243243243246,0.0121212121212122,-0.033333333333333326,0.01136950904392764,0.025000000000000022,0.05285285285285285,0.05285285285285285,0.09523809523809523,0.11666666666666675,0.05321637426900594,0.020671834625323016,0.027777777777777818,0.0,0.0158730158730159,0.05285285285285285,0.0158730158730159,0.023809523809523836,-0.009178743961352653,-0.046666666666666634,0.023809523809523836,0.008080808080808133,0.05321637426900594,0.0158730158730159,0.02456140350877195,0.041666666666666685,0.007575757575757569,-0.04222222222222222,0.00909090909090915,0.00909090909090915,0.04444444444444445,0.01904761904761909,0.0,-0.027777777777777735,0.058119658119658135,0.036842105263157926,0.013008130081300806,0.04093567251461991,0.04444444444444451,-0.0339869281045751,0.025396825396825418,0.03076923076923077,0.034188034188034205,-0.004347826086956497,-0.006280193236714915,0.05470085470085473,0.04444444444444451,0.047222222222222276,0.030158730158730218,0.051282051282051266,0.07207207207207206,0.0,0.014470284237726116,0.026984126984127,-0.02269503546099283,0.018604651162790697,0.025396825396825418,0.11503267973856213,0.09129129129129132
0.03446712018140585,1.0,0.11479591836734693,0.13505402160864344,0.03992901508429458,0.0626483151400094,0.0626483151400094,0.05102040816326531,0.027950310559006153,0.03417180825818697,0.014763352149370412,0.01563178462874515,0.03014842300556586,0.029024943310657525,0.07942636514065085,0.09419152276295129,0.048701298701298634,-0.06377551020408168,0.03986710963455148,0.06769537083125932,0.03701945894636921,0.04380288700846188,0.1224489795918367,0.03265306122448974,0.029024943310657525,0.047784967645594784,0.08372579801151225,0.07280750137892991,0.07167745146839222,0.048701298701298634,0.09419152276295129,0.07679914070891519,0.02953813104189043,0.03417180825818697,0.03583872573419611,0.048701298701298634,0.08724489795918366,0.047784967645594784,0.06498388829215898,0.038095238095238015,0.06279434850863422,0.03014842300556586,0.0330943188086045,0.04174397031539889,-0.008571428571428619,0.04271476032273369,0.07806122448979597,0.13899613899613894,0.13899613899613894,0.10612244897959183,0.15476190476190477,0.14178302900107415,0.04271476032273369,0.10102040816326535,0.048979591836734615,0.07823129251700683,0.13899613899613894,0.08163265306122452,0.03401360544217685,0.018633540372670787,-0.008163265306122491,0.03741496598639457,0.03478664192949904,0.07089151450053707,0.03741496598639457,0.07089151450053707,0.09183673469387754,0.020871985157699446,-0.006938775510204109,0.03014842300556586,0.03478664192949904,0.0680272108843537,0.05782312925170069,0.02721088435374147,0.006802721088435326,0.06279434850863422,0.11815252416756172,0.05973120955699346,0.1004296455424275,0.06428571428571428,-0.015206082432973167,0.03741496598639457,0.04709576138147564,0.04186289900575613,0.03194321206743561,0.026619343389529704,0.0994243851386708,0.08265306122448979,0.07346938775510203,0.05102040816326531,0.08372579801151225,0.08604522890237176,0.019954648526077062,0.04841006169909823,0.06462585034013607,0.01910551454624404,0.0626483151400094,0.0680272108843537,0.23409363745498202,0.09928295642581353
-0.041666666666666685,-0.11479591836734693,1.0,0.057352941176470607,-0.08804347826086956,-0.033139534883720956,-0.03837209302325595,-0.05681818181818177,-0.08804347826086956,-0.02790697674418613,-0.07074468085106378,-0.07819148936170212,-0.025000000000000022,-0.058333333333333404,0.030405405405405372,0.010897435897435859,-0.050000000000000044,-0.20000000000000007,-0.03139534883720935,-0.01036585365853665,-0.02790697674418613,-0.0036585365853658847,0.04999999999999999,-0.058333333333333404,-0.055555555555555636,-0.012195121951219579,0.013461538461538414,0.02635135135135136,-0.009756097560975674,-0.040909090909090895,0.008974358974358942,0.01710526315789479,0.006578947368421045,-0.020930232558139583,-0.006097560975609789,-0.040909090909090895,0.0,-0.005487804878048785,0.006578947368421045,-0.03611111111111115,0.00512820512820511,-0.0318181818181818,0.014189189189189183,-0.040909090909090895,-0.09000000000000002,-0.03139534883720935,0.0,0.02635135135135136,0.04256756756756752,0.042857142857142816,0.050000000000000044,0.03815789473684217,-0.026162790697674465,0.0,-0.06111111111111123,-0.03214285714285714,0.04459459459459447,-0.029761904761904767,-0.021428571428571408,-0.05217391304347829,-0.10500000000000004,-0.011904761904761918,-0.03863636363636369,0.019736842105263164,-0.020238095238095277,0.01842105263157895,0.0,-0.0318181818181818,-0.09500000000000003,-0.04545454545454547,-0.04545454545454547,0.005769230769230749,-0.027380952380952395,-0.041666666666666685,-0.08333333333333337,0.012179487179487136,0.02631578947368418,-0.009756097560975674,0.011842105263157904,0.0,-0.09166666666666667,-0.01428571428571429,0.010897435897435859,0.008974358974358942,-0.048913043478260865,-0.03913043478260875,0.008333333333333304,0.0,0.0,-0.016666666666666663,0.008974358974358942,0.024324324324324298,-0.03611111111111115,-0.020930232558139583,-0.022619047619047594,-0.07819148936170212,-0.03139534883720935,-0.022619047619047594,0.10147058823529409,0.030405405405405372
-0.05751633986928106,-0.13505402160864344,-0.057352941176470607,1.0,-0.16112531969309468,-0.055403556771545875,-0.1046511627906977,-0.160427807486631,-0.09974424552429667,-0.0800273597811218,-0.09762202753441801,-0.1220275344180225,-0.13368983957219255,-0.12941176470588245,-0.04531001589825123,-0.03770739064856715,-0.06684491978609627,-0.15021008403361347,-0.049247606019151874,-0.07030129124820661,-0.1231190150478797,-0.0853658536585366,-0.01428571428571429,-0.07189542483660136,-0.06470588235294122,-0.04519368723098999,-0.022624434389140274,-0.02384737678855331,-0.05523672883787667,-0.1470588235294118,-0.01508295625942685,-0.02476780185758512,-0.02476780185758512,-0.09233926128590975,-0.06025824964131998,-0.053475935828877,-0.03529411764705881,-0.06025824964131998,-0.021671826625386997,-0.0862745098039216,-0.052790346907994,-0.06016042780748665,-0.01907790143084262,-0.04679144385026737,-0.12235294117647061,-0.08618331053351574,-0.0794117647058824,-0.03577106518282991,-0.02623211446740864,-0.007563025210084062,-0.01633986928104575,-0.04643962848297212,-0.06771545827633385,-0.13235294117647056,-0.0862745098039216,-0.09523809523809523,-0.04531001589825123,-0.08963585434173671,-0.050420168067226906,-0.09207161125319696,-0.16000000000000003,-0.10084033613445381,-0.08689839572192515,-0.03405572755417957,-0.09523809523809523,-0.037151702786377694,-0.061764705882352944,-0.04010695187165775,-0.056470588235294134,-0.053475935828877,-0.1002673796791444,-0.03770739064856715,-0.08403361344537813,-0.07189542483660136,-0.06862745098039216,-0.0301659125188537,-0.040247678018575817,-0.08034433285509329,-0.021671826625386997,-0.030882352941176472,-0.0784313725490196,-0.0672268907563025,-0.04147812971342385,-0.0490196078431373,-0.15345268542199492,-0.13810741687979544,-0.03770739064856715,-0.030882352941176472,-0.057352941176470607,-0.06162464985994398,-0.03393665158371045,-0.028616852146263916,-0.07189542483660136,-0.1046511627906977,-0.06162464985994398,-0.08948685857321653,-0.0738714090287278,-0.050420168067226906,0.0,-0.02623211446740864
0.005314009661835706,-0.03992901508429458,0.08804347826086956,0.16112531969309468,1.0,0.03185035389282104,0.03488372093023251,0.028656126482213495,0.0,0.02123356926188069,-0.006938020351526353,-0.008788159111933314,0.011857707509881465,0.010144927536231862,0.0898942420681551,0.06243032329988851,0.015810276679841917,-0.0892857142857143,0.024266936299292163,0.05037115588547192,0.03336703741152669,0.02651113467656413,0.10248447204968941,0.008212560386473444,0.008695652173912993,0.04506892895015907,0.06243032329988851,0.06874265569917742,0.04241781548250262,0.022727272727272707,0.058528428093645446,0.059496567505720854,0.03203661327231122,0.018200202224469164,0.029162248144220526,0.018774703557312256,0.03586956521739132,0.023860021208907733,0.036613272311212836,0.008212560386473444,0.03511705685618727,0.010869565217391297,0.03701527614571093,0.013833992094861691,-0.026086956521739146,0.024266936299292163,0.05869565217391304,0.10047003525264397,0.11104582843713279,0.08198757763975156,0.09057971014492755,0.11441647597254012,0.025783619817997983,0.08804347826086956,0.01256038647342983,0.05797101449275366,0.13219741480611047,0.053830227743271175,0.02898550724637683,0.0,-0.03130434782608699,0.024844720496894457,0.014822134387351749,0.07322654462242567,0.03726708074534163,0.07322654462242567,0.06847826086956527,0.010869565217391297,-0.027826086956521723,0.013833992094861691,0.01976284584980237,0.031215161649944256,0.041407867494824,0.008212560386473444,-0.012681159420289856,0.054626532887402435,0.08695652173913049,0.03976670201484617,0.05491990846681927,0.042391304347826064,-0.031969309462915596,0.020703933747412,0.054626532887402435,0.04682274247491641,0.0,0.0,0.04682274247491641,0.03586956521739132,0.05217391304347829,0.035196687370600444,0.05072463768115937,0.06874265569917742,0.008212560386473444,0.02123356926188069,0.035196687370600444,-0.009250693802035137,0.02730030333670369,0.03726708074534163,0.16112531969309468,0.06345475910693305
-0.013436692506459957,-0.0626483151400094,0.033139534883720956,0.055403556771545875,-0.03185035389282104,1.0,0.0,-0.010042283298097254,-0.040950455005055564,0.0,-0.029688273132112752,-0.027709054923305276,-0.007399577167019,-0.01757105943152454,0.04902576995600255,0.023852116875372698,-0.008985200845665953,-0.15116279069767447,0.0,0.018150879183210455,0.0,0.01134429948950652,0.05315614617940201,-0.013436692506459957,-0.014470284237726116,0.018150879183210455,0.042933810375670844,0.06033940917661851,0.020419739081111776,-0.0068710359408033495,0.03339296362552174,0.04589963280293763,0.03365973072215428,0.0,0.013613159387407814,-0.008456659619450246,0.0244186046511628,0.007941009642654567,0.01835985312117505,-0.00826873385012919,0.021466905187835422,-0.008985200845665953,0.030169704588309254,-0.009513742071881548,-0.048837209302325546,0.0,0.020930232558139583,0.04902576995600255,0.0678818353236958,0.0637873754152824,0.04974160206718353,0.04895960832313351,0.0,0.02790697674418613,-0.03410852713178292,0.013842746400886008,0.06033940917661851,0.013842746400886008,0.005537098560354392,-0.012133468149646082,-0.05534883720930234,0.00609080841638987,-0.005813953488372048,0.027539779681762577,0.006644518272425293,0.04283965728274175,0.019186046511627974,-0.006342494714587699,-0.052093023255813886,-0.007928118393234651,-0.007928118393234651,0.028622540250447248,0.010520487264673362,-0.009302325581395349,-0.02906976744186046,0.028622540250447248,0.052019583843329276,0.018150879183210455,0.027539779681762577,0.019186046511627974,-0.058367533059735466,0.005537098560354392,0.021466905187835422,0.023852116875372698,-0.019716885743174872,-0.02123356926188069,0.023852116875372698,0.0244186046511628,0.01744186046511631,0.00609080841638987,0.019081693500298175,0.030169704588309254,-0.00826873385012919,0.0,0.00609080841638987,-0.029688273132112752,0.0,0.008859357696567038,0.09849521203830375,0.03771213073538654
-0.01757105943152454,-0.0626483151400094,0.03837209302325595,0.1046511627906977,-0.03488372093023251,0.0,1.0,-0.012684989429175397,-0.030333670374115218,0.0,-0.03760514596734282,-0.045522018802572894,-0.007399577167019,-0.013436692506459957,0.0339409176618479,0.03816338700059635,-0.007928118393234651,-0.12956810631229237,0.0,0.029495178672717004,0.0,0.010209869540555888,0.06910299003322262,-0.018604651162790697,-0.020671834625323016,0.014747589336358502,0.0405485986881336,0.0339409176618479,0.018150879183210455,-0.008456659619450246,0.03339296362552174,0.0367197062423501,0.024479804161566754,0.0,0.013613159387407814,-0.01057082452431285,0.020930232558139583,0.015882019285309135,0.03977968176254598,-0.021705426356589175,0.042933810375670844,-0.007928118393234651,0.01885606536769327,-0.011627906976744096,-0.06837209302325581,0.0,0.015697674418604673,0.07165304839723446,0.09428032683846643,0.10631229235880402,0.09496124031007758,0.07037943696450433,0.0,0.029651162790697738,-0.014470284237726116,0.009966777408637939,0.08673790069138909,0.009413067552602461,0.008859357696567038,-0.024266936299292163,-0.06511627906976741,0.007198228128460715,-0.0068710359408033495,0.04283965728274175,0.008305647840531616,0.0305997552019584,0.0488372093023256,-0.0068710359408033495,-0.05860465116279068,-0.010042283298097254,-0.011627906976744096,0.021466905187835422,0.008305647840531616,-0.020671834625323016,-0.04602713178294571,0.03339296362552174,0.04589963280293763,0.012478729438457181,0.03977968176254598,0.022674418604651192,-0.040127678978568115,0.009413067552602461,0.03816338700059635,0.03339296362552174,-0.024266936299292163,-0.019716885743174872,0.03816338700059635,0.022674418604651192,0.041860465116279166,0.01218161683277974,0.05485986881335725,0.0678818353236958,-0.01653746770025838,0.0,0.009413067552602461,-0.04948045522018785,0.0,0.013289036544850585,0.14158686730506165,0.08673790069138909
-0.005050505050505083,-0.05102040816326531,0.05681818181818177,0.160427807486631,-0.028656126482213495,0.010042283298097254,0.012684989429175397,1.0,-0.027667984189723382,0.011099365750528556,-0.03191489361702127,-0.03771760154738879,0.0,-0.010606060606060619,0.07309582309582308,0.0437062937062937,0.0,-0.12175324675324684,0.0068710359408033495,0.026607538802660702,0.011627906976744096,0.02161862527716185,0.08181818181818179,-0.011111111111111183,-0.007070707070707116,0.026607538802660702,0.055361305361305346,0.06879606879606875,0.029933481152993324,0.0,0.023310023310023298,0.025119617224880375,0.017942583732057413,0.007928118393234651,0.03159645232815966,0.0,0.020454545454545447,0.014966740576496662,0.017942583732057413,-0.007070707070707116,0.03496503496503495,0.0,0.030098280098280084,0.0,-0.05727272727272725,0.01057082452431285,0.02954545454545454,0.07309582309582308,0.07739557739557734,0.05844155844155843,0.08080808080808083,0.10406698564593309,0.010042283298097254,0.054545454545454564,-0.010606060606060619,0.030303030303030276,0.14619164619164615,0.030303030303030276,0.020562770562770616,-0.013833992094861691,-0.07090909090909092,0.016233766233766267,0.0,0.05382775119617228,0.021645021645021634,0.05382775119617228,0.04545454545454547,0.0,-0.04909090909090913,0.0,0.0,0.03496503496503495,0.021645021645021634,-0.008585858585858586,-0.041666666666666685,0.04953379953379955,0.07177033492822965,0.03159645232815966,0.028708133971291877,0.018181818181818188,-0.05303030303030298,0.014069264069264065,0.0611888111888112,0.055361305361305346,-0.022727272727272707,-0.01679841897233203,0.03205128205128205,0.018181818181818188,0.036363636363636376,0.018398268398268414,0.04953379953379955,0.05159705159705158,-0.006565656565656608,0.009513742071881548,0.021645021645021634,-0.02756286266924557,0.007928118393234651,0.018398268398268414,0.11363636363636365,0.0558968058968059
0.005797101449275366,-0.027950310559006153,0.08804347826086956,0.09974424552429667,0.0,0.040950455005055564,0.030333670374115218,0.027667984189723382,1.0,0.02881698685540951,-0.008788159111933314,-0.009250693802035137,0.013833992094861691,0.01304347826086949,0.0898942420681551,0.042920847268673346,0.017786561264822143,-0.12422360248447206,0.03336703741152669,0.04772004241781547,0.03488372093023251,0.01590668080593849,0.08198757763975156,0.00724637681159418,0.00724637681159418,0.037115588547189826,0.07803790412486061,0.0898942420681551,0.04241781548250262,0.012845849802371523,0.05072463768115937,0.06864988558352403,0.04576659038901601,0.02730030333670369,0.03976670201484617,0.017786561264822143,0.03586956521739132,0.03181336161187698,0.04576659038901601,0.005314009661835706,0.03511705685618727,0.010869565217391297,0.042303172737955336,0.017786561264822143,-0.040000000000000036,0.03336703741152669,0.026086956521739146,0.06345475910693305,0.1057579318448883,0.10248447204968941,0.07850241545893721,0.10526315789473684,0.0227502527805864,0.061956521739130466,0.01256038647342983,0.06418219461697727,0.1216216216216216,0.07039337474120089,0.03726708074534163,0.0,-0.034782608695652195,0.02898550724637683,0.015810276679841917,0.09153318077803202,0.041407867494824,0.08237986270022885,0.048913043478260865,0.018774703557312256,-0.038260869565217404,0.02075098814229248,0.02075098814229248,0.03901895206243031,0.04554865424430643,0.005314009661835706,-0.016304347826086973,0.07023411371237454,0.09153318077803202,0.04772004241781547,0.04576659038901601,0.042391304347826064,-0.031969309462915596,0.026915113871635588,0.08193979933110368,0.0741360089186176,0.0,0.0,0.04682274247491641,0.042391304347826064,0.05543478260869572,0.026915113871635588,0.058528428093645446,0.07931844888366624,0.008212560386473444,0.0227502527805864,0.0331262939958592,-0.010175763182238673,0.02881698685540951,0.0331262939958592,0.16112531969309468,0.06345475910693305
-0.021705426356589175,-0.03417180825818697,0.02790697674418613,0.0800273597811218,-0.02123356926188069,0.0,0.0,-0.011099365750528556,-0.02881698685540951,1.0,-0.06333498268184057,-0.07323107372587823,-0.011099365750528556,-0.028940568475452233,0.0678818353236958,0.05247465712582,-0.011627906976744096,-0.14036544850498334,0.0,0.015882019285309135,0.0,0.014747589336358502,0.04252491694352162,-0.027906976744186074,-0.026873385012919915,0.017016449234259767,0.04531902206320809,0.04902576995600255,0.020419739081111776,-0.0036997885835095,0.03816338700059635,0.0367197062423501,0.03365973072215428,0.0,0.020419739081111776,-0.005285412262156425,0.019186046511627974,0.013613159387407814,0.03977968176254598,-0.018604651162790697,0.035778175313059046,-0.007928118393234651,0.04525455688246388,-0.005813953488372048,-0.07488372093023254,0.0,0.015697674418604673,0.02262727844123194,0.03771213073538654,0.026578073089701004,0.07687338501291996,0.04895960832313351,0.0,0.022674418604651192,-0.013436692506459957,0.007198228128460715,0.07542426147077308,0.009413067552602461,0.01661129568106323,-0.039433771486349745,-0.10744186046511628,0.010520487264673362,-0.014270613107822405,0.055079559363525155,0.011074197120708784,0.04589963280293763,0.02790697674418613,-0.010042283298097254,-0.0716279069767441,-0.01057082452431285,-0.012156448202959802,0.04531902206320809,0.007198228128460715,-0.026873385012919915,-0.07509689922480622,0.057245080500894496,0.04895960832313351,0.017016449234259767,0.0367197062423501,0.020930232558139583,-0.08390332877336976,0.011627906976744207,0.0405485986881336,0.05247465712582,-0.02881698685540951,-0.02881698685540951,0.03339296362552174,0.0244186046511628,0.019186046511627974,0.013842746400886008,0.03816338700059635,0.06033940917661851,-0.020671834625323016,0.0,0.011627906976744207,-0.031667491340920284,0.0,0.0049833887043189695,0.055403556771545875,0.026398491514770583
0.017021276595744594,-0.014763352149370412,0.07074468085106378,0.09762202753441801,0.006938020351526353,0.029688273132112752,0.03760514596734282,0.03191489361702127,0.008788159111933314,0.06333498268184057,1.0,0.0,0.03336557059961309,0.020803782505910084,0.10925819436457729,0.08728859792689575,0.029013539651837505,-0.09916413373860189,0.03760514596734282,0.05604566683964707,0.03760514596734282,0.03425012973533986,0.05835866261398176,0.025531914893616947,0.02269503546099283,0.05915931499740523,0.09165302782324053,0.10350776308223109,0.06538661131292162,0.014506769825918753,0.05673758865248224,0.06550951847704373,0.040313549832026896,0.03760514596734282,0.05915931499740523,0.017408123791102514,0.044680851063829796,0.03425012973533986,0.060470324748040316,0.01891252955082734,0.06983087834151663,0.023210831721470038,0.09775733179988494,0.020309477756286276,-0.03191489361702138,0.03760514596734282,0.02606382978723404,0.046003450258769396,0.0690051753881541,0.08024316109422491,0.13652482269503546,0.12094064949608063,0.047501237011380426,0.044680851063829796,0.015130023640661905,0.05065856129685914,0.12075905692926964,0.05825734549138806,0.07092198581560283,0.014338575393154418,-0.04212765957446818,0.0557244174265451,0.0435203094777562,0.09070548712206045,0.05065856129685914,0.08062709966405379,0.07819148936170212,0.03191489361702127,-0.03319148936170213,0.03336557059961309,0.04061895551257255,0.07855973813420614,0.03799392097264437,0.02647754137115832,-0.014184397163120588,0.09165302782324053,0.09070548712206045,0.06538661131292162,0.04535274356103022,0.044680851063829796,-0.035043804755944985,0.048125633232016185,0.08292416803055092,0.08728859792689575,0.007863089731729833,0.008325624421831601,0.0654664484451718,0.05212765957446808,0.06329787234042555,0.05319148936170209,0.07855973813420614,0.10350776308223109,0.017021276595744594,0.027709054923305276,0.05319148936170209,0.0,0.02177140029688268,0.030395136778115506,0.09762202753441801,0.08050603795284644
0.01891252955082734,-0.01563178462874515,0.07819148936170212,0.1220275344180225,0.008788159111933314,0.027709054923305276,0.045522018802572894,0.03771760154738879,0.009250693802035137,0.07323107372587823,0.0,1.0,0.03191489361702127,0.02647754137115832,0.12075905692926964,0.09165302782324053,0.036266924564796854,-0.08890577507598785,0.047501237011380426,0.04670472236637252,0.04354280059376536,0.0311364815775817,0.06565349544072946,0.028368794326241065,0.02269503546099283,0.0622729631551634,0.09601745771958536,0.08625646923519259,0.06850025947067973,0.015957446808510634,0.05673758865248224,0.060470324748040316,0.04535274356103022,0.03760514596734282,0.05915931499740523,0.014506769825918753,0.040957446808510656,0.04359107420861441,0.05039193729003358,0.01891252955082734,0.05237315875613746,0.0217601547388781,0.0747556066705003,0.020309477756286276,-0.03191489361702138,0.03760514596734282,0.02606382978723404,0.05750431282346172,0.0690051753881541,0.07294832826747719,0.12352245862884159,0.11086226203807392,0.04156358238495789,0.05957446808510641,0.015130023640661905,0.04559270516717323,0.1495112133410006,0.05319148936170209,0.06838905775075987,0.012488436632747457,-0.051063829787234116,0.048125633232016185,0.04497098646034803,0.10078387458006716,0.06079027355623101,0.0957446808510638,0.06702127659574464,0.03191489361702127,-0.03319148936170213,0.02756286266924557,0.039168278529980616,0.07419530823786141,0.04305977710233028,0.025531914893616947,-0.0146276595744681,0.10038188761593014,0.10582306830907057,0.0622729631551634,0.05039193729003358,0.040957446808510656,-0.03671255736337087,0.04305977710233028,0.09165302782324053,0.09601745771958536,0.00971322849213685,0.008325624421831601,0.06110201854882702,0.05212765957446808,0.044680851063829796,0.05319148936170209,0.07855973813420614,0.08625646923519259,0.016075650118203277,0.03760514596734282,0.06332320162107385,0.0,0.027709054923305276,0.030395136778115506,0.08948685857321653,0.0690051753881541
-0.008080808080808133,-0.03014842300556586,0.025000000000000022,0.13368983957219255,-0.011857707509881465,0.007399577167019,0.007399577167019,0.0,-0.013833992094861691,0.011099365750528556,-0.03336557059961309,-0.03191489361702127,1.0,-0.011111111111111183,0.0902948402948403,0.03205128205128205,0.0,-0.09740259740259744,0.0068710359408033495,0.019955654101995512,0.010042283298097254,0.03658536585365846,0.07597402597402597,-0.008585858585858586,-0.008585858585858586,0.023281596452328135,0.029137529137529122,0.06879606879606875,0.019955654101995512,0.0,0.029137529137529122,0.05382775119617228,0.06100478468899523,0.011627906976744096,0.0382483370288248,0.0,0.020454545454545447,0.03658536585365846,0.057416267942583754,-0.007070707070707116,0.046620046620046596,0.0,0.06449631449631449,0.0,-0.054545454545454564,0.0068710359408033495,0.034090909090909116,0.03869778869778867,0.021498771498771482,0.040909090909090895,0.06060606060606061,0.04665071770334933,0.007399577167019,0.047727272727272785,-0.005555555555555591,0.016233766233766267,0.06019656019656017,0.017316017316017285,0.011904761904761918,-0.01976284584980237,-0.07636363636363641,0.038961038961038974,0.0,0.06100478468899523,0.018398268398268414,0.06100478468899523,0.02954545454545454,0.0,-0.04363636363636364,0.0,0.0,0.055361305361305346,0.014069264069264065,-0.008080808080808133,-0.0378787878787879,0.046620046620046596,0.04665071770334933,0.03325942350332589,0.035885167464114825,0.02954545454545454,-0.046791443850267345,0.014069264069264065,0.0611888111888112,0.06701631701631705,-0.014822134387351749,-0.01976284584980237,0.03496503496503495,0.027272727272727282,0.027272727272727282,0.011904761904761918,0.04953379953379955,0.07739557739557734,-0.007575757575757569,0.011099365750528556,0.019480519480519487,-0.023210831721470038,0.0036997885835095,0.004329004329004321,0.053475935828877,0.042997542997542965
0.0,-0.029024943310657525,0.058333333333333404,0.12941176470588245,-0.010144927536231862,0.01757105943152454,0.013436692506459957,0.010606060606060619,-0.01304347826086949,0.028940568475452233,-0.020803782505910084,-0.02647754137115832,0.011111111111111183,1.0,0.15375375375375377,0.05470085470085473,0.013636363636363669,-0.11785714285714283,0.028940568475452233,0.02168021680216803,0.027906976744186074,0.034688346883468835,0.11428571428571432,0.0,0.0,0.034688346883468835,0.05470085470085473,0.08168168168168166,0.034688346883468835,0.008585858585858586,0.051282051282051266,0.057309941520467866,0.057309941520467866,0.023772609819121437,0.03252032520325199,0.005555555555555591,0.03333333333333338,0.041192411924119265,0.0491228070175439,0.0,0.041025641025641046,0.0060606060606061,0.043243243243243246,0.004545454545454575,-0.04222222222222222,0.01653746770025838,0.03611111111111115,0.043243243243243246,0.04804804804804805,0.0380952380952381,0.06666666666666671,0.06140350877192985,0.012403100775193798,0.050000000000000044,0.0,0.0317460317460318,0.07207207207207206,0.03809523809523818,0.0317460317460318,-0.011594202898550732,-0.06222222222222218,0.0317460317460318,0.011616161616161635,0.09005847953216384,0.041269841269841345,0.10643274853801188,0.022222222222222254,0.010606060606060619,-0.048888888888888815,0.009595959595959602,0.011616161616161635,0.058119658119658135,0.03809523809523818,0.0,-0.030555555555555503,0.07179487179487182,0.07777777777777783,0.052032520325203224,0.0491228070175439,0.027777777777777818,-0.0549019607843137,0.023809523809523836,0.06495726495726495,0.06837606837606841,-0.009661835748792202,-0.008695652173912993,0.04786324786324786,0.04444444444444451,0.027777777777777818,0.023809523809523836,0.034188034188034205,0.06246246246246251,0.0,0.02273901808785528,0.023809523809523836,-0.012293144208037787,0.014470284237726116,0.014285714285714318,0.10065359477124186,0.019219219219219222
-0.02882882882882884,-0.07942636514065085,-0.030405405405405372,0.04531001589825123,-0.0898942420681551,-0.04902576995600255,-0.0339409176618479,-0.07309582309582308,-0.0898942420681551,-0.0678818353236958,-0.10925819436457729,-0.12075905692926964,-0.0902948402948403,-0.15375375375375377,1.0,-0.013860013860013842,-0.0902948402948403,-0.15588803088803088,-0.07542426147077308,-0.021094264996704026,-0.08296668761785042,-0.04218852999340805,0.02625482625482628,-0.08648648648648649,-0.07207207207207206,-0.04746209624258402,-0.016632016632016633,0.0,-0.044825313117996035,-0.08599508599508593,-0.012474012474012475,-0.007112375533428139,-0.00782361308677093,-0.0678818353236958,-0.03691496374423203,-0.021498771498771482,-0.018243243243243223,-0.04218852999340805,-0.007112375533428139,-0.04804804804804805,-0.01524601524601521,-0.06019656019656017,0.0,-0.02579852579852579,-0.11945945945945946,-0.05279698302954117,-0.02635135135135136,0.0,0.0,0.010810810810810811,0.005255255255255276,-0.00782361308677093,-0.0339409176618479,-0.03648648648648645,-0.08168168168168166,-0.05148005148005147,0.0,-0.05469755469755466,-0.04826254826254822,-0.1057579318448883,-0.16162162162162164,-0.0611325611325611,-0.09459459459459452,-0.011379800853485,-0.07078507078507068,-0.019914651493598834,-0.012162162162162149,-0.07309582309582308,-0.10540540540540538,-0.04729729729729726,-0.07739557739557734,-0.019404019404019424,-0.0643500643500643,-0.05765765765765768,-0.09290540540540537,-0.018018018018018056,-0.011379800853485,-0.060646011865524097,-0.0056899004267425,-0.012162162162162149,-0.11870694223635397,-0.03217503217503215,-0.023562023562023526,-0.02494802494802495,-0.0898942420681551,-0.07931844888366624,-0.01524601524601521,-0.024324324324324298,-0.010135135135135115,-0.028957528957528927,-0.006930006930006921,0.0,-0.06246246246246251,-0.05656819610307984,-0.041827541827541836,-0.06325474410580789,-0.03771213073538654,-0.019305019305019294,0.02146263910969798,0.0
-0.07863247863247869,-0.09419152276295129,-0.010897435897435859,0.03770739064856715,-0.06243032329988851,-0.023852116875372698,-0.03816338700059635,-0.0437062937062937,-0.042920847268673346,-0.05247465712582,-0.08728859792689575,-0.09165302782324053,-0.03205128205128205,-0.05470085470085473,0.013860013860013842,1.0,-0.0611888111888112,-0.17124542124542125,-0.04531902206320809,-0.015009380863039434,-0.02623732856291,-0.011257035647279534,0.023443223443223443,-0.06495726495726495,-0.07521367521367528,-0.01375859912445282,0.0,0.008316008316008316,-0.01876172607879928,-0.03205128205128205,0.0,0.008097165991902855,0.010121457489878583,-0.03339296362552174,-0.015009380863039434,-0.040792540792540743,-0.004487179487179471,-0.016260162601625994,0.009446693657220007,-0.07179487179487182,0.0,-0.040792540792540743,0.013860013860013842,-0.037878787878787845,-0.07897435897435895,-0.02623732856291,-0.00512820512820511,0.012474012474012475,0.016632016632016633,0.023443223443223443,0.042735042735042805,0.011470985155195679,-0.05247465712582,-0.0064102564102563875,-0.051282051282051266,-0.021978021978021955,0.02079002079002079,-0.02380952380952378,-0.03663003663003661,-0.08193979933110368,-0.11282051282051281,-0.018315018315018305,-0.046620046620046596,0.010121457489878583,-0.032967032967032905,0.006072874493927155,-0.007051282051282026,-0.04953379953379955,-0.1297435897435898,-0.04953379953379955,-0.04953379953379955,0.0,-0.02930402930402931,-0.09230769230769231,-0.10096153846153844,0.0,0.008097165991902855,-0.011257035647279534,0.007422402159244279,-0.0064102564102563875,-0.09049773755656104,-0.02380952380952378,0.0,0.0,-0.03901895206243031,-0.03901895206243031,0.0,-0.0064102564102563875,-0.007051282051282026,-0.032967032967032905,0.0,0.01524601524601521,-0.04786324786324786,-0.021466905187835422,-0.031135531135531136,-0.05673758865248224,-0.028622540250447248,-0.014652014652014655,0.0490196078431373,0.013860013860013842
-0.008080808080808133,-0.048701298701298634,0.050000000000000044,0.06684491978609627,-0.015810276679841917,0.008985200845665953,0.007928118393234651,0.0,-0.017786561264822143,0.011627906976744096,-0.029013539651837505,-0.036266924564796854,0.0,-0.013636363636363669,0.0902948402948403,0.0611888111888112,1.0,-0.14123376623376627,0.015327695560253596,0.014966740576496662,0.008456659619450246,0.02494456762749442,0.09935064935064936,-0.015151515151515138,-0.00909090909090915,0.03159645232815966,0.055361305361305346,0.0558968058968059,0.039911308203991025,0.0,0.040792540792540743,0.0430622009569378,0.035885167464114825,0.012156448202959802,0.026607538802660702,0.0,0.027272727272727282,0.03325942350332589,0.04665071770334933,-0.007070707070707116,0.029137529137529122,0.0,0.05159705159705158,0.0,-0.04363636363636364,0.0068710359408033495,0.020454545454545447,0.04729729729729726,0.0558968058968059,0.040909090909090895,0.07070707070707072,0.06100478468899523,0.006342494714587699,0.027272727272727282,-0.00909090909090915,0.018398268398268414,0.06019656019656017,0.020562770562770616,0.016233766233766267,-0.01976284584980237,-0.0790909090909091,0.017316017316017285,0.0,0.0861244019138756,0.023809523809523836,0.07177033492822965,0.013636363636363641,0.0,-0.07636363636363641,0.0,0.0,0.04953379953379955,0.025974025974025983,-0.009595959595959602,-0.051136363636363646,0.046620046620046596,0.0861244019138756,0.02827050997782704,0.03947368421052633,0.0159090909090909,-0.07174688057040995,0.016233766233766267,0.04953379953379955,0.055361305361305346,-0.015810276679841917,-0.012845849802371523,0.03496503496503495,0.036363636363636376,0.022727272727272735,0.017316017316017285,0.026223776223776196,0.030098280098280084,-0.005555555555555591,0.008985200845665953,0.022727272727272763,-0.023210831721470038,0.0068710359408033495,0.010822510822510817,0.09358288770053474,0.042997542997542965
0.08730158730158727,0.06377551020408168,0.20000000000000007,0.15021008403361347,0.0892857142857143,0.15116279069767447,0.12956810631229237,0.12175324675324684,0.12422360248447206,0.14036544850498334,0.09916413373860189,0.08890577507598785,0.09740259740259744,0.11785714285714283,0.15588803088803088,0.17124542124542125,0.14123376623376627,1.0,0.12956810631229237,0.16986062717770034,0.13496677740863783,0.11106271777003485,0.20357142857142857,0.11785714285714283,0.10039682539682537,0.13066202090592333,0.20238095238095233,0.17422779922779924,0.1502613240418118,0.08766233766233766,0.12454212454212454,0.15225563909774437,0.11842105263157898,0.167358803986711,0.1633275261324042,0.13636363636363646,0.13571428571428573,0.13719512195121958,0.15225563909774437,0.09166666666666667,0.1634615384615385,0.09253246753246752,0.11920849420849422,0.11688311688311698,0.0535714285714286,0.11877076411960125,0.10714285714285715,0.165057915057915,0.22924710424710426,0.19285714285714284,0.20833333333333343,0.2114661654135339,0.10257475083056478,0.1214285714285715,0.12658730158730158,0.16071428571428575,0.1925675675675676,0.1785714285714286,0.14285714285714296,0.0892857142857143,0.057857142857142885,0.11904761904761907,0.09740259740259744,0.15225563909774437,0.12500000000000006,0.15225563909774437,0.1428571428571429,0.11201298701298701,0.0814285714285714,0.17532467532467533,0.12662337662337664,0.1634615384615385,0.16666666666666674,0.10476190476190478,0.08333333333333337,0.17902930402930406,0.19454887218045114,0.12412891986062718,0.10996240601503765,0.11428571428571432,0.045518207282913226,0.15476190476190477,0.15567765567765568,0.17902930402930406,0.08152173913043481,0.0892857142857143,0.17124542124542125,0.1428571428571429,0.16428571428571437,0.130952380952381,0.14789377289377287,0.17422779922779924,0.07857142857142851,0.10797342192691028,0.11904761904761907,0.08206686930091195,0.10257475083056478,0.13690476190476197,0.26575630252100846,0.18339768339768336
-0.01757105943152454,-0.03986710963455148,0.03139534883720935,0.049247606019151874,-0.024266936299292163,0.0,0.0,-0.0068710359408033495,-0.03336703741152669,0.0,-0.03760514596734282,-0.047501237011380426,-0.0068710359408033495,-0.028940568475452233,0.07542426147077308,0.04531902206320809,-0.015327695560253596,-0.12956810631229237,1.0,0.01134429948950652,0.0,0.007941009642654567,0.05847176079734223,-0.023772609819121437,-0.01757105943152454,0.014747589336358502,0.0405485986881336,0.03771213073538654,0.018150879183210455,-0.004756871035940774,0.031007751937984496,0.0367197062423501,0.0305997552019584,0.0,0.01134429948950652,-0.006342494714587699,0.020930232558139583,0.019285309132161088,0.04283965728274175,-0.01136950904392764,0.021466905187835422,-0.007399577167019,0.03771213073538654,-0.007399577167019,-0.06511627906976741,0.0,0.008720930232558155,0.026398491514770583,0.04902576995600255,0.05847176079734223,0.040697674418604696,0.0367197062423501,0.0,0.015697674418604673,-0.01653746770025838,0.007751937984496138,0.04148334380892521,0.009966777408637939,0.010520487264673362,-0.03640040444893833,-0.0716279069767441,0.006644518272425293,-0.009513742071881548,0.07649938800489609,0.01439645625692143,0.05813953488372098,0.01744186046511631,-0.014799154334038,-0.07813953488372094,-0.010042283298097254,-0.011099365750528556,0.021466905187835422,0.010520487264673362,-0.019638242894056857,-0.055717054263565824,0.035778175313059046,0.04895960832313351,0.013613159387407814,0.0305997552019584,0.013953488372093065,-0.054719562243501996,0.00609080841638987,0.0405485986881336,0.03339296362552174,-0.0227502527805864,-0.013650151668351845,0.03339296362552174,0.026162790697674465,0.020930232558139583,0.007751937984496138,0.02623732856291,0.030169704588309254,-0.01550387596899222,0.0,0.008859357696567038,-0.029688273132112752,0.0,0.004429678848283519,0.0738714090287278,0.0339409176618479
-0.036856368563685626,-0.06769537083125932,0.01036585365853665,0.07030129124820661,-0.05037115588547192,-0.018150879183210455,-0.029495178672717004,-0.026607538802660702,-0.04772004241781547,-0.015882019285309135,-0.05604566683964707,-0.04670472236637252,-0.019955654101995512,-0.02168021680216803,0.021094264996704026,0.015009380863039434,-0.014966740576496662,-0.16986062717770034,-0.01134429948950652,1.0,-0.02268859897901304,0.0,0.04599303135888505,-0.02384823848238482,-0.039024390243902474,0.0,0.025015634771732354,0.02900461437046803,0.0,-0.02494456762749442,0.01375859912445282,0.0211810012836971,0.015404364569961526,-0.017016449234259767,0.0,-0.0432372505543237,0.009146341463414698,0.0,0.02503209242618748,-0.034688346883468835,0.020012507817385894,-0.02827050997782704,0.015820698747528034,-0.039911308203991025,-0.09219512195121954,-0.02382302892796373,0.00792682926829269,0.05273566249176004,0.07382992748846406,0.09616724738675964,0.05758807588075887,0.03273427471116819,-0.02382302892796373,0.009146341463414698,-0.034688346883468835,-0.012195121951219523,0.03955174686882007,-0.009872241579558627,-0.008130081300812997,-0.037115588547189826,-0.06585365853658531,-0.006387921022067311,-0.011640798226164067,0.01732991014120669,-0.006387921022067311,0.0211810012836971,0.01768292682926842,-0.01829268292682923,-0.07024390243902434,-0.034922394678492286,-0.0382483370288248,0.010006253908692947,-0.009291521486643417,-0.036856368563685626,-0.0533536585365853,0.01751094434021261,0.026957637997432615,0.0,0.01925545571245188,0.008536585365853666,-0.047824007651841194,-0.008710801393728151,0.015009380863039434,0.01375859912445282,-0.034464475079533374,-0.03976670201484617,0.02126328955597251,0.008536585365853666,0.01768292682926842,-0.009291521486643417,0.01876172607879928,0.044825313117996035,-0.03035230352303525,-0.010209869540555888,-0.006387921022067311,-0.07161390762843789,-0.02382302892796373,-0.015098722415795574,0.12051649928263997,0.060646011865524097
