0,1,2,3,4,5,6,7,8,9,10,11,12,13,14,15,16,17,18,19,20,21,22,23,24,25,26,27,28,29,30,31,32,33,34,35,36,37,38,39,40,41,42,43,44,45,46,47,48,49,50,51,52,53,54,55,56,57,58,59,60,61,62,63,64,65,66,67,68,69,70,71,72,73,74,75,76,77,78,79,80,81,82,83,84,85,86,87,88,89,90,91,92,93,94,95,96,97,98,99
1.0,-0.007051282051282026,0.0,-0.02623732856291,0.010121457489878583,-0.012820512820512775,-0.031135531135531136,-0.028622540250447248,0.0,-0.025015634771732354,-0.016260162601625994,-0.005769230769230749,-0.037878787878787845,-0.015009380863039434,-0.055361305361305346,-0.13538461538461544,-0.03663003663003661,-0.032967032967032905,-0.032967032967032905,-0.0741360089186176,-0.040792540792540743,0.0,-0.042933810375670844,-0.02393162393162393,-0.04953379953379955,-0.043644298963447875,-0.008333333333333304,-0.058528428093645446,0.0,-0.01876172607879928,-0.04807692307692307,-0.05247465712582,0.06526806526806528,-0.03816338700059635,-0.018315018315018305,-0.08292416803055092,0.0,-0.03663003663003661,-0.041025641025641046,-0.07211538461538458,-0.04953379953379955,-0.023852116875372698,-0.037878787878787845,-0.021978021978021955,0.007422402159244279,-0.007692307692307665,-0.03339296362552174,-0.03816338700059635,-0.08974358974358976,0.010796221322537158,-0.009615384615384581,-0.021978021978021955,-0.02623732856291,-0.05072463768115937,-0.031135531135531136,-0.038461538461538436,-0.05673758865248224,-0.021466905187835422,0.007422402159244279,-0.009615384615384581,-0.051282051282051266,-0.031007751937984496,0.0,-0.02126328955597251,-0.016260162601625994,0.0603318250377074,-0.07419530823786141,-0.01669648181276087,-0.08906882591093118,-0.042933810375670844,-0.04029304029304026,-0.03663003663003661,-0.010897435897435859,-0.023310023310023298,-0.018315018315018305,0.0,-0.08193979933110368,0.03516483516483515,-0.03479853479853473,-0.03511705685618727,0.0,0.0,-0.031007751937984496,-0.0680272108843537,-0.04786324786324786,-0.08292416803055092,-0.058275058275058245,-0.0437062937062937,-0.1360544217687074,-0.007504690431519717,-0.0064102564102563875,-0.08372579801151225,-0.03205128205128205,-0.05247465712582,0.0,-0.008333333333333304,0.009446693657220007,-0.02126328955597251,0.014170040485830038,0.010121457489878583
0.007051282051282026,1.0,0.017307692307692246,-0.0488372093023256,0.02894736842105261,0.0,-0.022619047619047594,-0.0488372093023256,0.014743589743589691,-0.014024390243902563,-0.00792682926829269,0.0,-0.047727272727272785,-0.014634146341463539,-0.05909090909090908,-0.14500000000000002,-0.1102040816326531,-0.02619047619047621,-0.030952380952380953,-0.061956521739130466,-0.036363636363636376,0.014102564102564052,-0.041860465116279166,-0.05277777777777781,-0.04545454545454547,-0.05212765957446808,0.0,-0.05869565217391304,0.008333333333333304,-0.014024390243902563,-0.07083333333333336,-0.029651162790697738,0.0901515151515151,-0.03662790697674423,-0.023809523809523836,-0.05585106382978722,0.004487179487179471,-0.01785714285714285,-0.03888888888888892,-0.08750000000000002,-0.0318181818181818,-0.02790697674418613,-0.04545454545454547,-0.01428571428571429,0.01842105263157895,0.0,-0.033139534883720956,-0.03139534883720935,-0.03260869565217392,0.01315789473684209,0.0,-0.03928571428571437,-0.05232558139534893,-0.09130434782608698,-0.036904761904761885,-0.027380952380952395,-0.11914893617021283,-0.045348837209302384,0.02631578947368418,0.0,-0.041666666666666685,-0.01744186046511631,0.014743589743589691,-0.017073170731707332,-0.01585365853658538,0.09264705882352942,-0.07819148936170212,-0.043604651162790775,-0.23114035087719298,-0.03837209302325595,-0.025000000000000022,-0.1102040816326531,0.0,-0.03863636363636369,-0.016666666666666663,0.009615384615384581,-0.05543478260869572,0.08571428571428563,-0.013095238095238104,-0.048913043478260865,0.01025641025641022,0.0064102564102563875,-0.013953488372093065,-0.08724489795918366,-0.058333333333333404,-0.09308510638297862,-0.025000000000000022,-0.02954545454545454,-0.07806122448979597,-0.007317073170731769,0.0,-0.07346938775510203,-0.040909090909090895,-0.01744186046511631,0.008974358974358942,0.0,0.01842105263157895,-0.006707317073170793,0.009210526315789475,0.01052631578947369
0.0,-0.017307692307692246,1.0,-0.047704233750745395,0.014170040485830038,-0.01602564102564097,-0.04395604395604391,-0.05247465712582,0.0,-0.026266416510318913,-0.020012507817385894,-0.010897435897435859,-0.0641025641025641,-0.026266416510318913,-0.055361305361305346,-0.1297435897435898,-0.08895866038723182,-0.032967032967032905,-0.03479853479853473,-0.06633221850613158,-0.037878787878787845,0.0,-0.05247465712582,-0.05470085470085473,-0.05244755244755239,-0.06983087834151663,-0.008333333333333304,-0.06633221850613158,0.0,-0.026266416510318913,-0.08173076923076922,-0.031007751937984496,0.04662004662004665,-0.0405485986881336,-0.02747252747252743,-0.06983087834151663,0.0,-0.018315018315018305,-0.04444444444444445,-0.09615384615384615,-0.029137529137529122,-0.03339296362552174,-0.0437062937062937,-0.02380952380952378,0.009446693657220007,-0.008333333333333304,-0.03816338700059635,-0.03339296362552174,-0.06243032329988851,0.005398110661268579,-0.01025641025641022,-0.049450549450549386,-0.05485986881335725,-0.09364548494983282,-0.045787545787545736,-0.053113553113553036,-0.09601745771958536,-0.042933810375670844,0.01214574898785431,-0.005769230769230749,-0.058119658119658135,-0.031007751937984496,0.0,-0.02126328955597251,-0.020012507817385894,0.0565610859728507,-0.10474631751227492,-0.047704233750745395,-0.18623481781376522,-0.04531902206320809,-0.031135531135531136,-0.09419152276295129,-0.012820512820512775,-0.046620046620046596,-0.021978021978021955,0.0,-0.07803790412486061,0.06153846153846154,-0.016483516483516453,-0.058528428093645446,0.0,0.0,-0.02623732856291,-0.06279434850863422,-0.05470085470085473,-0.07419530823786141,-0.037878787878787845,-0.03496503496503495,-0.0994243851386708,-0.015009380863039434,-0.01025641025641022,-0.07849293563579274,-0.05244755244755239,-0.019081693500298175,0.0,-0.007051282051282026,0.005398110661268579,-0.008755472170106304,0.007422402159244279,0.005398110661268579
0.02623732856291,0.0488372093023256,0.047704233750745395,1.0,0.06731946144430856,0.03139534883720935,0.012735326688815163,0.0,0.05247465712582,0.018150879183210455,0.010209869540555888,0.0244186046511628,-0.011099365750528556,0.026091888825864995,-0.013742071881606699,-0.10418604651162777,-0.06834361651637394,0.01218161683277974,0.011074197120708784,-0.03336703741152669,-0.011099365750528556,0.047704233750745395,0.0,-0.014470284237726116,-0.009513742071881548,-0.03760514596734282,0.03139534883720935,-0.025783619817997983,0.028622540250447248,0.018150879183210455,-0.04602713178294571,0.0,0.09866102889358702,0.0,0.013289036544850585,-0.027709054923305276,0.023852116875372698,0.008305647840531616,-0.018604651162790697,-0.04844961240310075,-0.008985200845665953,0.0,-0.010042283298097254,0.008305647840531616,0.052019583843329276,0.03488372093023262,0.0,0.0,-0.015166835187057609,0.0305997552019584,0.029651162790697738,0.013289036544850585,0.0,-0.04701718907987862,0.015503875968992276,0.009966777408637939,-0.05739732805541797,0.0,0.0611995104039168,0.010465116279069792,-0.01653746770025838,0.0,0.0405485986881336,0.029495178672717004,0.026091888825864995,0.11080711354309175,-0.039584364176150355,0.0,-0.17707058343533244,0.0,0.012735326688815163,-0.05980066445182719,0.043604651162790775,-0.0068710359408033495,0.006644518272425293,0.023852116875372698,-0.016683518705763345,0.07973421926910301,0.00609080841638987,-0.024266936299292163,0.0405485986881336,0.03339296362552174,0.0,-0.05980066445182719,-0.023772609819121437,-0.05541810984661055,-0.004228329809725123,-0.005285412262156425,-0.03986710963455148,0.01134429948950652,0.026162790697674465,-0.04841006169909823,-0.009513742071881548,0.0,0.035778175313059046,0.020930232558139583,0.052019583843329276,0.015882019285309135,0.01835985312117505,0.021419828641370875
-0.010121457489878583,-0.02894736842105261,-0.014170040485830038,-0.06731946144430856,1.0,-0.03157894736842104,-0.04010025062656647,-0.04895960832313351,-0.014170040485830038,-0.030808729139923052,-0.01925545571245188,-0.019736842105263164,-0.057416267942583754,-0.03851091142490376,-0.06818181818181823,-0.1768421052631579,-0.1004296455424275,-0.04010025062656647,-0.042606516290726815,-0.07780320366132726,-0.03947368421052633,-0.010796221322537158,-0.055079559363525155,-0.06140350877192985,-0.07535885167464124,-0.08062709966405379,-0.025000000000000022,-0.07780320366132726,-0.010121457489878583,-0.03273427471116819,-0.08223684210526316,-0.0611995104039168,0.06778309409888356,-0.055079559363525155,-0.05012531328320802,-0.07054871220604703,-0.008097165991902855,-0.03759398496240601,-0.06959064327485381,-0.10964912280701755,-0.04665071770334933,-0.04895960832313351,-0.07177033492822965,-0.03508771929824561,0.0,-0.03026315789473677,-0.055079559363525155,-0.055079559363525155,-0.06407322654462244,0.0,-0.02631578947368418,-0.05012531328320802,-0.08261933904528773,-0.14645308924485134,-0.07769423558897237,-0.057644110275689164,-0.10078387458006716,-0.05813953488372098,0.0,-0.005263157894736845,-0.05321637426900594,-0.024479804161566754,-0.007422402159244279,-0.03465982028241338,-0.03465982028241338,0.037151702786377694,-0.09070548712206045,-0.04589963280293763,-0.21052631578947373,-0.04895960832313351,-0.045112781954887216,-0.1063372717508056,-0.025000000000000022,-0.057416267942583754,-0.03508771929824561,-0.006747638326585703,-0.059496567505720854,0.04060150375939847,-0.02506265664160401,-0.08237986270022885,-0.010121457489878583,-0.007422402159244279,-0.0305997552019584,-0.12996777658431796,-0.10643274853801188,-0.11590145576707722,-0.03229665071770335,-0.05382775119617228,-0.08861439312567132,-0.02310654685494229,-0.02894736842105261,-0.09452201933404941,-0.07177033492822965,-0.0305997552019584,-0.01214574898785431,-0.01578947368421052,0.0,-0.02503209242618748,0.0,0.0
0.012820512820512775,0.0,0.01602564102564097,-0.03139534883720935,0.03157894736842104,1.0,-0.023809523809523836,-0.029651162790697738,0.011538461538461497,-0.0128048780487805,-0.01097560975609757,0.0,-0.03863636363636369,-0.01036585365853665,-0.036363636363636376,-0.1150000000000001,-0.06887755102040816,-0.015476190476190477,-0.022619047619047594,-0.04565217391304349,-0.022727272727272735,0.008974358974358942,-0.02790697674418613,-0.03611111111111115,-0.05227272727272736,-0.05957446808510641,0.0,-0.05869565217391304,0.009615384615384581,-0.01036585365853665,-0.041666666666666685,-0.03139534883720935,0.06893939393939397,-0.020930232558139583,-0.01785714285714285,-0.07074468085106378,0.012179487179487136,-0.015476190476190477,-0.04444444444444451,-0.07916666666666666,-0.02954545454545454,-0.026162790697674465,-0.036363636363636376,-0.01904761904761909,0.01842105263157895,0.0,-0.02790697674418613,-0.020930232558139583,-0.08152173913043481,0.019736842105263164,0.0,-0.021428571428571408,-0.03488372093023262,-0.07500000000000007,-0.03214285714285714,-0.03809523809523818,-0.06329787234042555,-0.026162790697674465,0.022368421052631537,0.0,-0.055555555555555636,-0.01744186046511631,0.007051282051282026,-0.009756097560975674,-0.006097560975609789,0.048529411764705876,-0.08191489361702131,-0.029651162790697738,-0.14166666666666666,-0.0244186046511628,-0.01428571428571429,-0.08265306122448979,0.0,-0.03863636363636369,-0.016666666666666663,0.01025641025641022,-0.06847826086956527,0.060714285714285665,-0.010714285714285704,-0.05543478260869572,0.007692307692307665,0.007051282051282026,-0.022674418604651192,-0.07806122448979597,-0.055555555555555636,-0.06329787234042555,-0.040909090909090895,-0.040909090909090895,-0.1102040816326531,-0.007317073170731769,0.0,-0.10561224489795923,-0.040909090909090895,-0.029651162790697738,0.010897435897435859,0.0,0.01710526315789479,-0.004878048780487837,0.02631578947368418,0.02105263157894738
0.031135531135531136,0.022619047619047594,0.04395604395604391,-0.012735326688815163,0.04010025062656647,0.023809523809523836,1.0,-0.013289036544850585,0.032967032967032905,0.009291521486643417,0.009291521486643417,0.011904761904761918,-0.023809523809523836,0.012195121951219523,-0.019480519480519487,-0.09142857142857153,-0.05782312925170069,0.0,0.0,-0.043478260869565244,-0.018398268398268414,0.032967032967032905,-0.009966777408637939,-0.022222222222222254,-0.014069264069264065,-0.03799392097264437,0.01904761904761909,-0.035196687370600444,0.031135531135531136,0.008710801393728151,-0.04464285714285715,-0.008859357696567038,0.05844155844155843,-0.009966777408637939,0.0,-0.03799392097264437,0.018315018315018305,0.0,-0.030158730158730218,-0.06547619047619052,-0.021645021645021634,-0.003875968992248069,-0.017316017316017285,0.0,0.02756892230576441,0.01904761904761909,-0.012735326688815163,-0.011074197120708784,-0.031055900621118016,0.02506265664160401,0.01904761904761909,0.0,-0.011627906976744207,-0.049689440993788914,0.0,0.0,-0.05825734549138806,-0.008859357696567038,0.03007518796992481,0.015476190476190477,-0.022222222222222254,-0.008305647840531616,0.031135531135531136,0.011033681765389047,0.009291521486643417,0.08963585434173671,-0.06079027355623101,-0.008305647840531616,-0.1378446115288221,-0.013289036544850585,0.0,-0.047619047619047616,0.022619047619047594,-0.014069264069264065,0.0,0.021978021978021955,-0.03726708074534163,0.06666666666666665,0.0,-0.031055900621118016,0.021978021978021955,0.02014652014652013,-0.008305647840531616,-0.047619047619047616,-0.026984126984127,-0.04559270516717323,-0.011904761904761918,-0.014069264069264065,-0.06462585034013607,0.005807200929152129,0.013095238095238104,-0.047619047619047616,-0.020562770562770616,-0.007751937984496138,0.012820512820512803,0.013095238095238104,0.03007518796992481,0.006387921022067311,0.03007518796992481,0.022556390977443608
0.028622540250447248,0.0488372093023256,0.05247465712582,0.0,0.04895960832313351,0.029651162790697738,0.013289036544850585,1.0,0.06678592725104349,0.019285309132161088,0.015882019285309135,0.02790697674418613,-0.011627906976744096,0.02836074872376637,-0.01057082452431285,-0.07488372093023254,-0.07688656858092069,0.01661129568106323,0.01439645625692143,-0.03336703741152669,-0.011099365750528556,0.05485986881335725,0.0,-0.023772609819121437,-0.010042283298097254,-0.031667491340920284,0.03139534883720935,-0.03488372093023251,0.042933810375670844,0.02382302892796373,-0.05087209302325579,0.0,0.07047216349541935,0.0,0.01218161683277974,-0.033646709549727816,0.019081693500298175,0.004429678848283519,-0.014470284237726116,-0.06540697674418605,-0.008985200845665953,0.0,-0.008985200845665953,0.007198228128460715,0.04895960832313351,0.02790697674418613,0.0,0.0,-0.010616784630940346,0.024479804161566754,0.03488372093023262,0.017718715393134077,0.0,-0.04246713852376138,0.012735326688815163,0.011627906976744207,-0.06927263730826316,0.0,0.05813953488372098,0.013953488372093065,-0.01757105943152454,0.0,0.05008944543828264,0.02382302892796373,0.02382302892796373,0.09849521203830375,-0.05145967342899549,0.0,-0.1713586291309669,0.0,0.011074197120708784,-0.06834361651637394,0.03837209302325595,-0.010042283298097254,0.007751937984496138,0.0405485986881336,-0.02730030333670369,0.09568106312292363,0.006644518272425293,-0.030333670374115218,0.035778175313059046,0.028622540250447248,0.0,-0.05980066445182719,-0.021705426356589175,-0.04354280059376536,-0.0068710359408033495,-0.008456659619450246,-0.04271476032273369,0.015882019285309135,0.03139534883720935,-0.04841006169909823,-0.011627906976744096,0.0,0.03816338700059635,0.0244186046511628,0.03365973072215428,0.013613159387407814,0.0152998776009792,0.01835985312117505
0.0,-0.014743589743589691,0.0,-0.05247465712582,0.014170040485830038,-0.011538461538461497,-0.032967032967032905,-0.06678592725104349,1.0,-0.02126328955597251,-0.01375859912445282,-0.007692307692307665,-0.055361305361305346,-0.028767979987492254,-0.05244755244755239,-0.1297435897435898,-0.12035583464154892,-0.049450549450549386,-0.03479853479853473,-0.08974358974358976,-0.055361305361305346,0.0,-0.05247465712582,-0.07521367521367528,-0.0611888111888112,-0.06983087834151663,-0.011538461538461497,-0.08193979933110368,0.0,-0.023764853033145683,-0.08173076923076922,-0.0405485986881336,0.06993006993006995,-0.05247465712582,-0.04395604395604391,-0.06983087834151663,0.0,-0.02014652014652013,-0.06495726495726495,-0.125,-0.04953379953379955,-0.023852116875372698,-0.055361305361305346,-0.02014652014652013,0.009446693657220007,-0.012820512820512775,-0.047704233750745395,-0.0405485986881336,-0.027313266443701217,0.005398110661268579,-0.012179487179487136,-0.04395604395604391,-0.06678592725104349,-0.10144927536231874,-0.045787545787545736,-0.04029304029304026,-0.1309328968903436,-0.06917113893858085,0.014170040485830038,-0.0038461538461538325,-0.05470085470085473,-0.019081693500298175,0.0,-0.023764853033145683,-0.022514071294559068,0.0565610859728507,-0.10911074740861959,-0.05247465712582,-0.22672064777327933,-0.06440071556350624,-0.04395604395604391,-0.12035583464154892,-0.014743589743589691,-0.05244755244755239,-0.032967032967032905,0.0,-0.07023411371237454,0.046886446886446886,-0.016483516483516453,-0.06633221850613158,0.0,0.0,-0.02623732856291,-0.10989010989010983,-0.07179487179487182,-0.09601745771958536,-0.026223776223776196,-0.040792540792540743,-0.0680272108843537,-0.01751094434021261,-0.012820512820512775,-0.0994243851386708,-0.0641025641025641,-0.023852116875372698,0.0,-0.007051282051282026,0.010121457489878583,-0.015009380863039434,0.004723346828610003,0.0033738191632928516
0.025015634771732354,0.014024390243902563,0.026266416510318913,-0.018150879183210455,0.030808729139923052,0.0128048780487805,-0.009291521486643417,-0.019285309132161088,0.02126328955597251,1.0,0.0,0.009146341463414698,-0.03325942350332589,0.0,-0.029933481152993324,-0.10097560975609754,-0.06769537083125932,-0.008130081300812997,-0.011033681765389047,-0.034464475079533374,-0.011640798226164067,0.01751094434021261,-0.020419739081111776,-0.03252032520325199,-0.03658536585365846,-0.03736377789309803,0.009756097560975674,-0.034464475079533374,0.015009380863039434,0.0,-0.035569105691056896,-0.015882019285309135,0.10051736881005174,-0.013613159387407814,-0.006387921022067311,-0.04359107420861441,0.01751094434021261,-0.011614401858304257,-0.026016260162601612,-0.07113821138211379,-0.026607538802660702,-0.017016449234259767,-0.023281596452328135,-0.007549361207897787,0.026957637997432615,0.009756097560975674,-0.018150879183210455,-0.013613159387407814,-0.04506892895015907,0.02503209242618748,0.006707317073170793,-0.012775842044134622,-0.020419739081111776,-0.04241781548250262,-0.013356562137049832,-0.012195121951219523,-0.05915931499740523,-0.017016449234259767,0.030808729139923052,0.01036585365853665,-0.034688346883468835,-0.020419739081111776,0.026266416510318913,0.0,0.0,0.10545193687230991,-0.05604566683964707,-0.02155416903006241,-0.12323491655969188,-0.020419739081111776,-0.009872241579558627,-0.05574912891986061,0.009146341463414698,-0.02494456762749442,-0.006968641114982521,0.016260162601625994,-0.05567338282078477,0.07108013937282232,-0.007549361207897787,-0.034464475079533374,0.016260162601625994,0.01876172607879928,-0.014747589336358502,-0.07167745146839222,-0.03252032520325199,-0.04981837052413074,-0.034922394678492286,-0.023281596452328135,-0.07964161274265796,0.0,0.007317073170731769,-0.06371329019412636,-0.02494456762749442,-0.02268859897901304,0.015009380863039434,0.006707317073170793,0.026957637997432615,0.0,0.02888318356867786,0.02888318356867786
0.016260162601625994,0.00792682926829269,0.020012507817385894,-0.010209869540555888,0.01925545571245188,0.01097560975609757,-0.009291521486643417,-0.015882019285309135,0.01375859912445282,0.0,1.0,0.014024390243902563,-0.0382483370288248,0.0,-0.02494456762749442,-0.052682926829268284,-0.07565953210552512,-0.006968641114982521,-0.007549361207897787,-0.02651113467656413,-0.01829268292682923,0.020012507817385894,-0.014747589336358502,-0.052032520325203224,-0.03325942350332589,-0.07472755578619605,0.008536585365853666,-0.05037115588547192,0.01751094434021261,0.0,-0.06402439024390244,-0.012478729438457181,0.011825572801182564,-0.01134429948950652,-0.006968641114982521,-0.04359107420861441,0.016260162601625994,-0.004065040650406498,-0.04336043360433606,-0.09247967479674801,-0.019955654101995512,-0.02382302892796373,-0.023281596452328135,-0.012195121951219523,0.03465982028241338,0.008536585365853666,-0.013613159387407814,-0.014747589336358502,-0.02651113467656413,0.01732991014120669,0.01097560975609757,-0.009291521486643417,-0.014747589336358502,-0.029162248144220526,-0.008130081300812997,-0.009872241579558627,-0.04359107420861441,-0.012478729438457181,0.04043645699614895,0.00792682926829269,-0.045528455284552904,-0.014747589336358502,0.020012507817385894,0.0,0.0,0.05021520803443333,-0.04981837052413074,-0.019285309132161088,-0.09584937954642705,-0.010209869540555888,-0.005226480836236919,-0.07964161274265796,0.005487804878048785,-0.0432372505543237,-0.007549361207897787,0.023764853033145683,-0.05302226935312826,0.06271777003484325,-0.007549361207897787,-0.05302226935312826,0.022514071294559068,0.0050031269543464735,-0.017016449234259767,-0.06371329019412636,-0.02818428184281846,-0.021795537104307205,-0.02827050997782704,-0.03325942350332589,-0.05574912891986061,0.0,0.01097560975609757,-0.10751617720258833,-0.0382483370288248,-0.019285309132161088,0.026266416510318913,0.0128048780487805,0.011553273427471145,0.0,0.01732991014120669,0.0211810012836971
0.005769230769230749,0.0,0.010897435897435859,-0.0244186046511628,0.019736842105263164,0.0,-0.011904761904761918,-0.02790697674418613,0.007692307692307665,-0.009146341463414698,-0.014024390243902563,1.0,-0.04318181818181821,-0.009756097560975674,-0.04318181818181821,-0.07500000000000001,-0.1102040816326531,-0.013095238095238104,-0.01904761904761909,-0.022826086956521746,-0.025000000000000022,0.013461538461538414,-0.03488372093023262,-0.07777777777777783,-0.04545454545454547,-0.09680851063829787,0.0,-0.0782608695652175,0.010897435897435859,-0.014634146341463539,-0.05833333333333335,-0.01744186046511631,0.03712121212121211,-0.026162790697674465,-0.021428571428571408,-0.07074468085106378,0.010897435897435859,-0.005952380952380959,-0.027777777777777818,-0.09583333333333338,-0.018181818181818188,-0.03837209302325595,-0.025000000000000022,-0.01785714285714285,0.01842105263157895,0.0,-0.020930232558139583,-0.026162790697674465,-0.03586956521739132,0.009210526315789475,0.0,-0.021428571428571408,-0.029651162790697738,-0.05543478260869572,-0.021428571428571408,-0.025000000000000022,-0.06329787234042555,-0.033139534883720956,0.03026315789473677,0.0,-0.0722222222222223,-0.013953488372093065,0.01025641025641022,-0.005487804878048785,-0.005487804878048785,0.03529411764705881,-0.06702127659574464,-0.033139534883720956,-0.1789473684210527,-0.015697674418604673,-0.010714285714285704,-0.1423469387755102,0.0,-0.05681818181818177,-0.023809523809523836,0.013461538461538414,-0.061956521739130466,0.08214285714285707,-0.009523809523809545,-0.06521739130434784,0.012179487179487136,0.00512820512820511,-0.01744186046511631,-0.09183673469387754,-0.050000000000000044,-0.05212765957446808,-0.03863636363636369,-0.05681818181818177,-0.07346938775510203,-0.013414634146341586,0.0,-0.1102040816326531,-0.040909090909090895,-0.01744186046511631,0.01538461538461533,0.0,0.01315789473684209,-0.006097560975609789,0.01052631578947369,0.009210526315789475
0.037878787878787845,0.047727272727272785,0.0641025641025641,0.011099365750528556,0.057416267942583754,0.03863636363636369,0.023809523809523836,0.011627906976744096,0.055361305361305346,0.03325942350332589,0.0382483370288248,0.04318181818181821,1.0,0.039911308203991025,0.0,-0.05181818181818182,-0.05102040816326531,0.017316017316017285,0.022727272727272763,-0.014822134387351749,0.0,0.058275058275058245,0.009513742071881548,-0.010606060606060619,0.0,-0.02756286266924557,0.05227272727272736,-0.022727272727272707,0.055361305361305346,0.03325942350332589,-0.03977272727272724,0.004228329809725123,0.06818181818181818,0.011627906976744096,0.024891774891774965,-0.023210831721470038,0.0437062937062937,0.008658008658008642,-0.0121212121212122,-0.053030303030303094,0.0,0.008456659619450246,0.0,0.022727272727272763,0.07535885167464124,0.047727272727272785,0.012156448202959802,0.01057082452431285,-0.011857707509881465,0.0430622009569378,0.04318181818181821,0.027056277056277,0.012684989429175397,-0.02371541501976293,0.022727272727272763,0.024891774891774965,-0.03481624758220503,0.01057082452431285,0.07535885167464124,0.018181818181818188,-0.00909090909090915,0.012684989429175397,0.07575757575757569,0.03159645232815966,0.029933481152993324,0.12700534759358295,-0.03046421663442933,0.013213530655390993,-0.12440191387559812,0.009513742071881548,0.018398268398268414,-0.044063079777365455,0.036363636363636376,0.0,0.008658008658008642,0.03496503496503495,-0.01976284584980237,0.11103896103896105,0.015151515151515138,-0.01976284584980237,0.05244755244755239,0.03496503496503495,0.006342494714587699,-0.04638218923933207,-0.00909090909090915,-0.023210831721470038,0.0,0.0,-0.04638218923933207,0.03325942350332589,0.04545454545454547,-0.044063079777365455,0.0,0.005813953488372048,0.04953379953379955,0.040909090909090895,0.05382775119617228,0.023281596452328135,0.03229665071770335,0.03947368421052633
0.015009380863039434,0.014634146341463539,0.026266416510318913,-0.026091888825864995,0.03851091142490376,0.01036585365853665,-0.012195121951219523,-0.02836074872376637,0.028767979987492254,0.0,0.0,0.009756097560975674,-0.039911308203991025,1.0,-0.0432372505543237,-0.10536585365853657,-0.09158785465405667,-0.013937282229965042,-0.013937282229965042,-0.04506892895015907,-0.0432372505543237,0.023764853033145683,-0.02836074872376637,-0.04336043360433606,-0.02161862527716185,-0.04047742605085625,0.0128048780487805,-0.05037115588547192,0.022514071294559068,0.0,-0.06758130081300812,-0.020419739081111776,0.07095343680709537,-0.020419739081111776,-0.011033681765389047,-0.05604566683964707,0.010006253908692947,-0.0046457607433217085,-0.039024390243902474,-0.07825203252032514,-0.02827050997782704,-0.018150879183210455,-0.034922394678492286,-0.008130081300812997,0.03273427471116819,0.0128048780487805,-0.024957458876914362,-0.02382302892796373,-0.02120890774125131,0.013478818998716308,0.013414634146341586,-0.016260162601625994,-0.030629608621667637,-0.06892895015906675,-0.013356562137049832,-0.012195121951219523,-0.0809548521017125,-0.024957458876914362,0.030808729139923052,0.0036585365853658847,-0.026016260162601612,-0.015882019285309135,0.023764853033145683,0.0,0.0,0.09540889526542329,-0.0622729631551634,-0.02382302892796373,-0.18485237483953787,-0.02155416903006241,-0.012195121951219523,-0.06769537083125932,0.014634146341463539,-0.023281596452328135,-0.005226480836236919,0.011257035647279534,-0.04241781548250262,0.07108013937282232,-0.006387921022067311,-0.05302226935312826,0.01375859912445282,0.012507817385866177,-0.010209869540555888,-0.05574912891986061,-0.036856368563685626,-0.05915931499740523,-0.009977827050997756,-0.014966740576496662,-0.047784967645594784,0.0,0.011585365853658547,-0.07565953210552512,-0.0382483370288248,-0.010209869540555888,0.020012507817385894,0.00792682926829269,0.02503209242618748,0.0,0.011553273427471145,0.00962772785622594
0.055361305361305346,0.05909090909090908,0.055361305361305346,0.013742071881606699,0.06818181818181823,0.036363636363636376,0.019480519480519487,0.01057082452431285,0.05244755244755239,0.029933481152993324,0.02494456762749442,0.04318181818181821,0.0,0.0432372505543237,1.0,-0.07636363636363641,-0.044063079777365455,0.027056277056277,0.027056277056277,-0.02371541501976293,0.0,0.05244755244755239,0.013213530655390993,-0.008585858585858586,0.0,-0.023210831721470038,0.03863636363636369,-0.01976284584980237,0.046620046620046596,0.041574279379157364,-0.03598484848484845,0.008985200845665953,0.10606060606060602,0.011099365750528556,0.020562770562770616,-0.03481624758220503,0.046620046620046596,0.016233766233766267,-0.006565656565656608,-0.034090909090909116,0.0,0.008985200845665953,0.0,0.018398268398268414,0.06100478468899523,0.040909090909090895,0.012156448202959802,0.013213530655390993,-0.010869565217391297,0.04665071770334933,0.040909090909090895,0.025974025974025983,0.012684989429175397,-0.025691699604743046,0.025974025974025983,0.019480519480519487,-0.03771760154738879,0.011627906976744096,0.06818181818181823,0.0159090909090909,-0.00909090909090915,0.007928118393234651,0.058275058275058245,0.041574279379157364,0.0382483370288248,0.15374331550802145,-0.026112185686653744,0.007399577167019,-0.12440191387559812,0.011099365750528556,0.025974025974025983,-0.044063079777365455,0.05909090909090908,0.0,0.012987012987012991,0.037878787878787845,-0.018774703557312256,0.12272727272727274,0.020562770562770616,-0.014822134387351749,0.03205128205128205,0.03496503496503495,0.0068710359408033495,-0.03246753246753248,-0.008585858585858586,-0.03481624758220503,0.0,0.0,-0.05102040816326531,0.01829268292682923,0.03863636363636369,-0.04638218923933207,0.0,0.0068710359408033495,0.046620046620046596,0.027272727272727282,0.05023923444976075,0.02827050997782704,0.035885167464114825,0.035885167464114825
0.13538461538461544,0.14500000000000002,0.1297435897435898,0.10418604651162777,0.1768421052631579,0.1150000000000001,0.09142857142857153,0.07488372093023254,0.1297435897435898,0.10097560975609754,0.052682926829268284,0.07500000000000001,0.05181818181818182,0.10536585365853657,0.07636363636363641,1.0,0.00897959183673469,0.10666666666666669,0.09904761904761905,0.050434782608695605,0.06272727272727274,0.11846153846153845,0.09767441860465109,0.03555555555555551,0.07363636363636361,0.026808510638297922,0.11000000000000004,0.03652173913043477,0.09025641025641024,0.09658536585365846,0.016666666666666663,0.0944186046511627,0.22666666666666663,0.07813953488372094,0.09523809523809523,0.026808510638297922,0.08461538461538459,0.09142857142857153,0.04222222222222222,0.018333333333333313,0.06,0.05860465116279068,0.06,0.049523809523809526,0.1010526315789474,0.11000000000000004,0.07488372093023254,0.0944186046511627,0.024347826086956514,0.07578947368421057,0.11000000000000004,0.10285714285714287,0.0944186046511627,0.055652173913043446,0.12571428571428578,0.09523809523809523,0.034468085106382995,0.06837209302325581,0.12631578947368421,0.05500000000000002,0.03999999999999998,0.026046511627906943,0.11282051282051281,0.12292682926829268,0.11853658536585365,0.19764705882352945,0.02936170212765965,0.052093023255813886,-0.07122807017543864,0.09767441860465109,0.1295238095238096,0.008163265306122491,0.15500000000000003,0.040909090909090895,0.0647619047619048,0.0733333333333333,0.03304347826086956,0.18,0.060952380952380925,0.03130434782608699,0.10153846153846152,0.09589743589743593,0.03906976744186047,0.008571428571428619,0.06444444444444442,0.04212765957446818,0.038181818181818206,0.038181818181818206,0.008571428571428619,0.04829268292682923,0.09000000000000002,0.008163265306122491,0.04909090909090913,0.048837209302325546,0.08461538461538459,0.06000000000000005,0.13894736842105265,0.08780487804878045,0.08210526315789479,0.056842105263157916
0.03663003663003661,0.1102040816326531,0.08895866038723182,0.06834361651637394,0.1004296455424275,0.06887755102040816,0.05782312925170069,0.07688656858092069,0.12035583464154892,0.06769537083125932,0.07565953210552512,0.1102040816326531,0.05102040816326531,0.09158785465405667,0.044063079777365455,-0.00897959183673469,1.0,0.0680272108843537,0.07482993197278914,0.017302573203194338,0.044063079777365455,0.1674515960230245,0.07688656858092069,0.05260770975056683,0.05797773654916516,0.024316109422492405,0.08724489795918366,0.03194321206743561,0.1151229722658294,0.08362369337979092,0.006802721088435326,0.045562411010915904,0.11873840445269015,0.0626483151400094,0.08503401360544216,0.011289622231871466,0.04709576138147564,0.02721088435374147,0.03265306122448974,0.013180272108843427,0.03246753246753248,0.05125771238728044,0.039424860853432275,0.047619047619047616,0.07679914070891519,0.09183673469387754,0.05125771238728044,0.06549596582819167,0.005323868677905935,0.011815252416756176,0.10561224489795923,0.08503401360544216,0.07403891789273842,0.03194321206743561,0.07482993197278914,0.06122448979591838,0.024316109422492405,0.07688656858092069,0.14178302900107415,0.050510204081632676,0.04535147392290251,0.03986710963455148,0.12558869701726844,0.06371329019412636,0.07565953210552512,0.10804321728691477,0.023447676943117668,0.06834361651637394,-0.10311493018259932,0.04841006169909823,0.05442176870748294,0.0,0.1102040816326531,0.06493506493506496,0.08503401360544216,0.1151229722658294,0.0252883762200532,0.17142857142857137,0.03741496598639457,0.033274179236912116,0.12035583464154892,0.05232862375719516,0.03701945894636921,0.0,0.04535147392290251,0.019973947025618777,0.03014842300556586,0.05102040816326531,0.0,0.07565953210552512,0.07806122448979597,0.0,0.05797773654916516,0.03417180825818697,0.10989010989010983,0.0596938775510204,0.09452201933404941,0.03982080637132898,0.017722878625134268,0.017722878625134268
0.032967032967032905,0.02619047619047621,0.032967032967032905,-0.01218161683277974,0.04010025062656647,0.015476190476190477,0.0,-0.01661129568106323,0.049450549450549386,0.008130081300812997,0.006968641114982521,0.013095238095238104,-0.017316017316017285,0.013937282229965042,-0.027056277056277,-0.10666666666666669,-0.0680272108843537,1.0,0.0,-0.06211180124223603,-0.031385281385281405,0.03663003663003661,-0.013842746400886008,-0.030158730158730218,-0.019480519480519487,-0.04052684903748732,0.016666666666666663,-0.03933747412008287,0.02747252747252743,0.011033681765389047,-0.06547619047619052,-0.011627906976744207,0.08441558441558444,-0.013289036544850585,0.0,-0.05065856129685914,0.014652014652014655,0.0,-0.020634920634920673,-0.0625,-0.019480519480519487,-0.006644518272425293,-0.017316017316017285,0.0,0.03508771929824561,0.016666666666666663,-0.010520487264673362,-0.01218161683277974,-0.014492753623188415,0.017543859649122806,0.023809523809523836,0.0,-0.01439645625692143,-0.051759834368530044,0.0,0.0,-0.07345491388044578,-0.012735326688815163,0.04010025062656647,0.009523809523809545,-0.023809523809523836,-0.0033222591362126463,0.02930402930402931,0.012195121951219523,0.013937282229965042,0.10644257703081234,-0.06079027355623101,-0.007751937984496138,-0.16290726817042606,-0.0182724252491695,0.0,-0.06462585034013607,0.0357142857142857,-0.016233766233766267,0.0,0.025641025641025605,-0.03726708074534163,0.06666666666666665,0.0,-0.0331262939958592,0.021978021978021955,0.021978021978021955,-0.007198228128460715,-0.047619047619047616,-0.023809523809523836,-0.06079027355623101,-0.008658008658008642,-0.010822510822510817,-0.05442176870748294,0.005807200929152129,0.01904761904761909,-0.06462585034013607,-0.017316017316017285,-0.006644518272425293,0.025641025641025605,0.013095238095238104,0.022556390977443608,0.007549361207897787,0.020050125313283235,0.015037593984962405
0.032967032967032905,0.030952380952380953,0.03479853479853473,-0.011074197120708784,0.042606516290726815,0.022619047619047594,0.0,-0.01439645625692143,0.03479853479853473,0.011033681765389047,0.007549361207897787,0.01904761904761909,-0.022727272727272763,0.013937282229965042,-0.027056277056277,-0.09904761904761905,-0.07482993197278914,0.0,1.0,-0.03726708074534163,-0.018398268398268414,0.03479853479853473,-0.012735326688815163,-0.028571428571428636,-0.017316017316017285,-0.03292806484295846,0.020238095238095277,-0.03933747412008287,0.02930402930402931,0.012775842044134622,-0.03273809523809526,-0.009413067552602461,0.10389610389610393,-0.013289036544850585,0.0,-0.04052684903748732,0.018315018315018305,0.0,-0.020634920634920673,-0.06547619047619052,-0.022727272727272763,-0.00609080841638987,-0.021645021645021634,0.0,0.02506265664160401,0.020238095238095277,-0.011627906976744207,-0.010520487264673362,-0.026915113871635588,0.03007518796992481,0.01428571428571429,0.0,-0.013289036544850585,-0.049689440993788914,0.0,0.0,-0.07092198581560283,-0.012735326688815163,0.03508771929824561,0.015476190476190477,-0.022222222222222254,-0.007751937984496138,0.04395604395604391,0.015098722415795574,0.013937282229965042,0.12885154061624648,-0.05065856129685914,-0.011627906976744207,-0.16917293233082709,-0.011627906976744207,0.0,-0.06462585034013607,0.02619047619047621,-0.015151515151515138,0.0,0.031135531135531136,-0.04554865424430643,0.09523809523809523,0.0,-0.026915113871635588,0.02380952380952378,0.02747252747252743,-0.00609080841638987,-0.06122448979591838,-0.030158730158730218,-0.05825734549138806,-0.014069264069264065,-0.015151515151515138,-0.06462585034013607,0.006387921022067311,0.01428571428571429,-0.05102040816326531,-0.018398268398268414,-0.006644518272425293,0.02014652014652013,0.010714285714285704,0.04010025062656647,0.008710801393728151,0.02756892230576441,0.02506265664160401
0.0741360089186176,0.061956521739130466,0.06633221850613158,0.03336703741152669,0.07780320366132726,0.04565217391304349,0.043478260869565244,0.03336703741152669,0.08974358974358976,0.034464475079533374,0.02651113467656413,0.022826086956521746,0.014822134387351749,0.04506892895015907,0.02371541501976293,-0.050434782608695605,-0.017302573203194338,0.06211180124223603,0.03726708074534163,1.0,0.024703557312253044,0.06243032329988851,0.030333670374115218,0.007729468599033784,0.017786561264822143,-0.007400555041628121,0.05217391304347829,0.0,0.07803790412486061,0.05302226935312826,-0.017210144927536197,0.030333670374115218,0.11989459815546771,0.037917087967644036,0.04554865424430643,-0.01156336725254381,0.06243032329988851,0.035196687370600444,0.00724637681159418,-0.019021739130434756,0.02075098814229248,0.015166835187057609,0.017786561264822143,0.020703933747412,0.06407322654462244,0.05217391304347829,0.03185035389282104,0.03640040444893833,0.0,0.06407322654462244,0.05217391304347829,0.03933747412008287,0.03488372093023251,0.0,0.04761904761904767,0.03933747412008287,-0.01156336725254381,0.03488372093023251,0.07322654462242567,0.02934782608695652,0.008695652173912993,0.018200202224469164,0.054626532887402435,0.05302226935312826,0.06362672322375396,0.13810741687979544,-0.00971322849213685,0.016683518705763345,-0.09649122807017546,0.0455005055611728,0.06418219461697727,-0.02129547471162374,0.07500000000000007,0.014822134387351749,0.031055900621118016,0.04682274247491641,0.0,0.12298136645962732,0.035196687370600444,0.0,0.058528428093645446,0.06633221850613158,0.0227502527805864,-0.02395740905057675,0.009661835748792202,-0.013876040703052706,0.015810276679841917,0.013833992094861691,-0.029281277728482713,0.037115588547189826,0.061956521739130466,-0.01996450754214729,0.01679841897233203,0.0227502527805864,0.04682274247491641,0.03586956521739132,0.06864988558352403,0.05567338282078477,0.050343249427917625,0.04576659038901601
