0,1,2,3,4,5,6,7,8,9,10,11,12,13,14,15,16,17,18,19,20,21,22,23,24,25,26,27,28,29,30,31,32,33,34,35,36,37,38,39,40,41,42,43,44,45,46,47,48,49,50,51,52,53,54,55,56,57,58,59,60,61,62,63,64,65,66,67,68,69,70,71,72,73,74,75,76,77,78,79,80,81,82,83,84,85,86,87,88,89,90,91,92,93,94,95,96,97,98,99
1.0,0.016075650118203277,0.07855973813420614,0.0,0.04305977710233028,0.03191489361702127,0.02756286266924557,0.019858156028368712,0.09775733179988494,0.0,0.04047742605085625,-0.01389491966999562,0.05825734549138806,0.047501237011380426,0.01156336725254381,0.03046421663442933,0.11702127659574468,0.0,0.08191489361702131,0.04156358238495789,0.04156358238495789,-0.03671255736337087,0.05319148936170209,-0.010638297872340496,0.0654664484451718,0.03799392097264437,-0.010638297872340496,0.047501237011380426,0.06850025947067973,-0.023447676943117668,0.017021276595744594,0.0,0.0557244174265451,-0.03838130997079686,0.048125633232016185,-0.01152482269503552,0.03046421663442933,0.06079027355623101,0.0654664484451718,-0.010638297872340496,0.02269503546099283,0.07446808510638298,-0.035043804755944985,0.017021276595744594,0.05145967342899549,0.09165302782324053,0.05065856129685914,0.10401891252955087,0.03799392097264437,0.06702127659574464,0.031667491340920284,0.03760514596734282,0.06983087834151663,0.04305977710233028,0.04559270516717323,0.08292416803055092,0.010175763182238673,0.052932018681888904,-0.030687397708674347,0.03799392097264437,-0.02936170212765965,0.012488436632747457,0.06079027355623101,0.03771760154738879,0.10038188761593014,0.036266924564796854,0.04354280059376536,0.15319148936170207,0.029013539651837505,0.1396276595744681,0.09165302782324053,0.048125633232016185,0.08062709966405379,0.029013539651837505,0.039584364176150355,0.03736377789309803,0.024586288416075575,0.03481624758220503,0.05585106382978722,0.06329787234042555,0.10942249240121577,0.011100832562442098,0.04354280059376536,-0.011081560283688008,0.048125633232016185,0.0,-0.01910551454624404,0.0,0.0,-0.010638297872340496,0.0,-0.012158054711246202,0.05585106382978722,0.10575719649561954,0.05604566683964707,0.08451536643026009,0.0,0.10212765957446807,0.05212765957446808,0.04981837052413074
-0.016075650118203277,1.0,0.10256410256410253,-0.031205673758865182,0.060317460317460436,0.01717171717171717,0.015656565656565702,0.0,0.15375375375375377,-0.023640661938534202,0.02168021680216803,-0.02721088435374147,0.03333333333333338,0.026873385012919915,-0.01400966183574881,0.019191919191919204,0.13888888888888895,-0.033096926713947816,0.06944444444444442,0.03410852713178292,0.03410852713178292,-0.08627450980392148,0.05238095238095242,-0.036111111111111094,0.051282051282051266,0.020634920634920673,-0.04999999999999993,0.028940568475452233,0.054200542005420016,-0.05986394557823116,0.0,-0.021749408983451457,0.028571428571428636,-0.0915032679738561,0.04761904761904767,-0.03749999999999998,0.010606060606060619,0.028571428571428636,0.051282051282051266,-0.040277777777777746,0.0,0.063888888888889,-0.08627450980392148,0.0,0.025839793281653645,0.06837606837606841,0.04444444444444451,0.11111111111111122,0.020634920634920673,0.058333333333333404,0.020671834625323016,0.03927648578811371,0.11282051282051286,0.050793650793650835,0.05238095238095242,0.058119658119658135,-0.017874396135265647,0.08021680216802174,-0.06282051282051282,0.014285714285714318,-0.04222222222222222,-0.010144927536231862,0.03333333333333338,0.008585858585858586,0.07179487179487182,0.013131313131313216,0.03410852713178292,0.10793650793650794,0.015151515151515138,0.23472222222222228,0.0888888888888889,0.04603174603174609,0.11871345029239777,0.015656565656565702,0.021705426356589175,0.03035230352303525,0.0,0.015151515151515138,0.03333333333333338,0.04444444444444451,0.13968253968253974,-0.01352657004830915,0.03410852713178292,-0.0444444444444444,0.041269841269841345,-0.027423167848699692,-0.04353741496598634,-0.021749408983451457,-0.02647754137115832,-0.03888888888888886,-0.021749408983451457,-0.041723356009070234,0.07777777777777783,0.11503267973856213,0.05636856368563692,0.11111111111111122,-0.032151300236406555,0.13333333333333336,0.027777777777777818,0.039024390243902474
-0.07855973813420614,-0.10256410256410253,1.0,-0.11347517730496448,-0.049450549450549386,-0.09615384615384615,-0.07867132867132864,-0.11282051282051286,0.04435204435204432,-0.08292416803055092,-0.012507817385866177,-0.09419152276295129,-0.03663003663003661,-0.057245080500894496,-0.09364548494983282,-0.08449883449883444,0.05555555555555569,-0.12656846699399882,-0.01602564102564097,-0.06678592725104349,-0.06678592725104349,-0.16892911010558065,-0.045787545787545736,-0.125,0.0,-0.02930402930402931,-0.14903846153846156,-0.06440071556350624,-0.03126954346466537,-0.15175300889586596,-0.04444444444444445,-0.09601745771958536,-0.025641025641025605,-0.14479638009049772,-0.04029304029304026,-0.11057692307692307,-0.05244755244755239,-0.032967032967032905,0.0,-0.1201923076923076,-0.08205128205128209,-0.01538461538461533,-0.1870286576168929,-0.07179487179487182,-0.05247465712582,0.0,-0.04395604395604391,0.044871794871794934,-0.02380952380952378,-0.012820512820512775,-0.04531902206320809,-0.0763267740011927,0.0,-0.04395604395604391,-0.056776556776556686,0.0,-0.136566332218506,-0.04002501563477179,-0.14102564102564102,-0.021978021978021955,-0.11846153846153845,-0.0741360089186176,-0.03663003663003661,-0.058275058275058245,0.0,-0.0611888111888112,-0.06201550387596899,0.06446886446886446,-0.0641025641025641,0.11778846153846156,0.0,-0.049450549450549386,0.014170040485830038,-0.07575757575757569,-0.059630292188431744,-0.01751094434021261,-0.08205128205128209,-0.09032634032634035,-0.007051282051282026,-0.009615384615384581,0.049816849816849806,-0.07803790412486061,-0.06201550387596899,-0.11057692307692307,-0.032967032967032905,-0.08728859792689575,-0.10465724751439032,-0.09601745771958536,-0.09601745771958536,-0.1201923076923076,-0.07855973813420614,-0.0994243851386708,-0.01538461538461533,0.052790346907994,-0.028767979987492254,0.04914529914529919,-0.12656846699399882,0.046886446886446886,-0.007051282051282026,-0.020012507817385894
0.0,0.031205673758865182,0.11347517730496448,1.0,0.08105369807497464,0.039168278529980616,0.04061895551257255,0.029314420803782326,0.15526164462334668,0.0,0.018681888946549013,-0.00955275727312202,0.04305977710233028,0.039584364176150355,0.013876040703052706,0.0478723404255319,0.13002364066193856,0.0,0.07446808510638298,0.05739732805541797,0.05343889163780302,-0.04338756779307462,0.06332320162107385,-0.010638297872340496,0.07419530823786141,0.03292806484295846,-0.014184397163120588,0.05145967342899549,0.0809548521017125,-0.02778983933999124,0.016075650118203277,0.0,0.0557244174265451,-0.051731330830204536,0.05825734549138806,-0.012411347517730542,0.03771760154738879,0.05065856129685914,0.07855973813420614,-0.012854609929078054,0.024586288416075575,0.07446808510638298,-0.04672507300792661,0.012293144208037787,0.04354280059376536,0.08292416803055092,0.06332320162107385,0.10401891252955087,0.030395136778115506,0.07446808510638298,0.03562592775853529,0.059376546264225505,0.12220403709765404,0.08105369807497464,0.06585612968591692,0.05237315875613746,0.014338575393154418,0.09340944473274504,-0.03682487725040923,0.02026342451874366,-0.026808510638297922,0.008788159111933314,0.04305977710233028,0.02756286266924557,0.08292416803055092,0.03771760154738879,0.05343889163780302,0.12401215805471122,0.039168278529980616,0.2094414893617021,0.10474631751227492,0.05825734549138806,0.11590145576707722,0.04206963249516438,0.03562592775853529,0.04047742605085625,0.028368794326241065,0.04061895551257255,0.03723404255319149,0.05212765957446808,0.14589665653495437,0.012025901942645745,0.05541810984661055,-0.014184397163120588,0.07345491388044578,0.0,-0.01910551454624404,0.0,0.0,-0.01196808510638303,0.0,-0.016500217108119886,0.09308510638297862,0.08948685857321653,0.06538661131292162,0.08451536643026009,0.0,0.13130699088145892,0.029787234042553207,0.052932018681888904
-0.04305977710233028,-0.060317460317460436,0.049450549450549386,-0.08105369807497464,1.0,-0.031385281385281405,-0.02922077922077926,-0.05714285714285727,0.0933075933075932,-0.0557244174265451,0.005226480836236919,-0.04081632653061226,0.0,-0.012735326688815163,-0.049689440993788914,-0.03463203463203457,0.08333333333333337,-0.07852077001013169,0.02619047619047621,-0.014950166112956853,-0.014950166112956853,-0.12605042016806722,0.0,-0.06547619047619052,0.025641025641025605,0.0,-0.09523809523809523,-0.01439645625692143,0.012775842044134622,-0.10884353741496589,-0.023809523809523836,-0.0557244174265451,0.0,-0.1428571428571428,0.0,-0.07440476190476186,-0.021645021645021634,0.0,0.025641025641025605,-0.0803571428571429,-0.03968253968253965,0.022619047619047594,-0.12184873949579833,-0.023809523809523836,-0.011627906976744207,0.032967032967032905,0.0,0.06349206349206354,0.0,0.01904761904761909,-0.009966777408637939,-0.019379844961240345,0.053113553113553036,0.0,0.0,0.02747252747252743,-0.06832298136645965,0.019163763066202044,-0.08241758241758246,0.0,-0.0647619047619048,-0.03933747412008287,0.0,-0.014069264069264065,0.02930402930402931,-0.024891774891774965,-0.015503875968992276,0.06666666666666665,-0.02922077922077926,0.15625,0.04029304029304026,0.0,0.06015037593984962,-0.02813852813852813,-0.009966777408637939,0.007549361207897787,-0.04285714285714293,-0.030303030303030276,0.010714285714285704,0.01785714285714285,0.09047619047619043,-0.053830227743271175,-0.01661129568106323,-0.0892857142857143,0.0,-0.06838905775075987,-0.07482993197278914,-0.05319148936170209,-0.05825734549138806,-0.07738095238095244,-0.05319148936170209,-0.06462585034013607,0.02857142857142858,0.0784313725490196,0.014518002322880363,0.06349206349206354,-0.08105369807497464,0.08095238095238094,0.008333333333333331,0.008710801393728151
-0.03191489361702127,-0.01717171717171717,0.09615384615384615,-0.039168278529980616,0.031385281385281405,1.0,0.0,-0.01717171717171717,0.1375921375921375,-0.036266924564796854,0.02161862527716185,-0.048701298701298634,0.025974025974025983,0.013742071881606699,-0.029644268774703497,0.0,0.13131313131313138,-0.0478723404255319,0.05909090909090908,0.016913319238900493,0.017970401691331905,-0.09046345811051693,0.032467532467532534,-0.05492424242424243,0.03496503496503495,0.016233766233766267,-0.058712121212121215,0.015327695560253596,0.04988913525498884,-0.07189239332096464,-0.007575757575757569,-0.03191489361702127,0.018398268398268414,-0.09670231729055256,0.025974025974025983,-0.04924242424242431,0.0,0.017316017316017285,0.040792540792540743,-0.053030303030303094,-0.015151515151515138,0.054545454545454564,-0.09046345811051693,-0.011616161616161635,0.012156448202959802,0.058275058275058245,0.027056277056277,0.10101010101010105,0.017316017316017285,0.054545454545454564,0.010042283298097254,0.0174418604651162,0.08449883449883444,0.030303030303030276,0.03354978354978366,0.0699300699300699,-0.03458498023715417,0.0482261640798225,-0.08391608391608402,0.015151515151515138,-0.06545454545454554,-0.02371541501976293,0.027056277056277,0.0,0.0699300699300699,0.0,0.01638477801268501,0.12272727272727274,0.0,0.20454545454545447,0.07575757575757569,0.030303030303030276,0.0861244019138756,0.0,0.014270613107822405,0.02827050997782704,-0.014646464646464685,0.0,0.02954545454545454,0.036363636363636376,0.12857142857142856,-0.02371541501976293,0.014799154334038,-0.053030303030303094,0.021645021645021634,-0.03336557059961309,-0.06725417439703152,-0.03191489361702127,-0.039168278529980616,-0.05681818181818177,-0.03046421663442933,-0.048701298701298634,0.0613636363636364,0.1002673796791444,0.0382483370288248,0.11616161616161624,-0.04497098646034803,0.11688311688311687,0.0318181818181818,0.034922394678492286
-0.02756286266924557,-0.015656565656565702,0.07867132867132864,-0.04061895551257255,0.02922077922077926,0.0,1.0,-0.016161616161616266,0.10749385749385743,-0.04206963249516438,0.019955654101995512,-0.044063079777365455,0.022727272727272763,0.012156448202959802,-0.02667984189723316,0.0,0.12121212121212122,-0.0435203094777562,0.054545454545454564,0.016913319238900493,0.015856236786469302,-0.08110516934046341,0.032467532467532534,-0.051136363636363646,0.040792540792540743,0.017316017316017285,-0.06060606060606066,0.012156448202959802,0.0432372505543237,-0.06957328385899808,-0.006565656565656608,-0.029013539651837505,0.023809523809523836,-0.09358288770053469,0.023809523809523836,-0.051136363636363646,0.0,0.019480519480519487,0.0437062937062937,-0.05492424242424243,-0.014646464646464685,0.04545454545454547,-0.09670231729055256,-0.008585858585858586,0.012684989429175397,0.055361305361305346,0.022727272727272763,0.09595959595959602,0.015151515151515138,0.047727272727272785,0.006342494714587699,0.014799154334038,0.07575757575757569,0.024891774891774965,0.031385281385281405,0.05244755244755239,-0.031620553359683834,0.0482261640798225,-0.06993006993006995,0.011904761904761918,-0.06545454545454554,-0.02075098814229248,0.027056277056277,0.0,0.06701631701631705,0.0,0.014270613107822405,0.12857142857142856,0.0,0.1960227272727273,0.07867132867132864,0.021645021645021634,0.09688995215311014,0.0,0.012156448202959802,0.023281596452328135,-0.014646464646464685,0.0,0.022727272727272735,0.025000000000000022,0.11103896103896105,-0.025691699604743046,0.013213530655390993,-0.05681818181818177,0.025974025974025983,-0.03336557059961309,-0.05333951762523187,-0.029013539651837505,-0.039168278529980616,-0.051136363636363646,-0.023210831721470038,-0.048701298701298634,0.05681818181818177,0.08689839572192515,0.034922394678492286,0.08585858585858591,-0.04497098646034803,0.12272727272727274,0.025000000000000022,0.03159645232815966
-0.019858156028368712,0.0,0.11282051282051286,-0.029314420803782326,0.05714285714285727,0.01717171717171717,0.016161616161616266,1.0,0.16336336336336332,-0.020803782505910084,0.026016260162601612,-0.03446712018140585,0.03809523809523818,0.028940568475452233,-0.01449275362318836,0.017676767676767846,0.15555555555555567,-0.03498817966903067,0.0722222222222223,0.03514211886304908,0.03410852713178292,-0.0915032679738561,0.050793650793650835,-0.03749999999999998,0.041025641025641046,0.023809523809523836,-0.047222222222222165,0.02997416020671828,0.05853658536585371,-0.06349206349206338,0.0,-0.021749408983451457,0.030158730158730218,-0.08366013071895417,0.04603174603174609,-0.03888888888888886,0.009595959595959602,0.03333333333333338,0.041025641025641046,-0.03888888888888886,0.0,0.063888888888889,-0.08627450980392148,0.0,0.028940568475452233,0.07179487179487182,0.041269841269841345,0.11666666666666675,0.022222222222222254,0.055555555555555636,0.023772609819121437,0.03927648578811371,0.09230769230769231,0.04761904761904767,0.053968253968254,0.07521367521367528,-0.018840579710144856,0.07588075880758816,-0.06282051282051282,0.01746031746031751,-0.046666666666666634,-0.011594202898550732,0.041269841269841345,0.010606060606060619,0.07863247863247869,0.014646464646464685,0.03307493540051676,0.12698412698412703,0.013131313131313216,0.22569444444444442,0.09230769230769231,0.04761904761904767,0.10233918128654973,0.015151515151515138,0.024806201550387597,0.034688346883468835,0.0,0.01666666666666672,0.03611111111111115,0.050000000000000044,0.12698412698412703,-0.01304347826086949,0.03100775193798444,-0.04166666666666663,0.03809523809523818,-0.023640661938534202,-0.041723356009070234,-0.023640661938534202,-0.025531914893616947,-0.04166666666666663,-0.020803782505910084,-0.039909297052154125,0.06944444444444442,0.11503267973856213,0.05853658536585371,0.11666666666666675,-0.031205673758865182,0.12698412698412703,0.03333333333333338,0.041192411924119265
-0.09775733179988494,-0.15375375375375377,-0.04435204435204432,-0.15526164462334668,-0.0933075933075932,-0.1375921375921375,-0.10749385749385743,-0.16336336336336332,1.0,-0.11500862564692343,-0.02373104812129201,-0.10590182018753441,-0.0643500643500643,-0.09050911376492776,-0.13748531139835485,-0.12899262899262898,0.021021021021021102,-0.17826336975273138,-0.05067567567567566,-0.109365179132621,-0.11690760527969835,-0.21515633280339153,-0.08365508365508367,-0.1610360360360361,-0.009702009702009712,-0.04504504504504503,-0.18581081081081074,-0.10182275298554366,-0.06328279499011213,-0.19856591285162706,-0.06246246246246251,-0.12650948821161578,-0.04826254826254822,-0.19289878113407521,-0.07722007722007718,-0.1610360360360361,-0.07739557739557734,-0.05469755469755466,-0.01524601524601521,-0.1548423423423423,-0.12012012012012008,-0.04256756756756752,-0.2077371489136195,-0.0960960960960961,-0.08296668761785042,-0.027720027720027685,-0.07722007722007718,0.01501501501501512,-0.03539253539253534,-0.04256756756756752,-0.07165304839723446,-0.12445003142677569,-0.037422037422037424,-0.08365508365508367,-0.09652509652509644,-0.027720027720027685,-0.1797884841363102,-0.0843770599868161,-0.17151767151767144,-0.03539253539253534,-0.14756756756756756,-0.09518213866039948,-0.06756756756756754,-0.0902948402948403,-0.03187803187803184,-0.10749385749385743,-0.109365179132621,0.030888030888030937,-0.10749385749385743,0.10135135135135132,-0.03603603603603611,-0.09652509652509644,-0.017069701280227556,-0.11609336609336607,-0.09428032683846643,-0.04218852999340805,-0.12972972972972974,-0.13329238329238335,-0.028378378378378366,-0.030405405405405372,0.02934362934362933,-0.1216216216216216,-0.10559396605908233,-0.1610360360360361,-0.06756756756756754,-0.12650948821161578,-0.14561500275785982,-0.12650948821161578,-0.1495112133410006,-0.16722972972972971,-0.11500862564692343,-0.12575841147269717,-0.05067567567567566,0.03577106518282991,-0.06591957811470006,0.015765765765765827,-0.15526164462334668,0.027799227799227832,-0.014189189189189183,-0.04746209624258402
0.0,0.023640661938534202,0.08292416803055092,0.0,0.0557244174265451,0.036266924564796854,0.04206963249516438,0.020803782505910084,0.11500862564692343,1.0,0.04670472236637252,-0.01910551454624404,0.04559270516717323,0.033646709549727816,0.01156336725254381,0.04206963249516438,0.11702127659574468,0.0,0.07446808510638298,0.05343889163780302,0.05343889163780302,-0.03170629954109305,0.06332320162107385,-0.012411347517730542,0.07855973813420614,0.035460992907801414,-0.01152482269503552,0.04354280059376536,0.08406850025947066,-0.019973947025618777,0.010401891252955042,0.0,0.05825734549138806,-0.04672507300792661,0.04052684903748732,-0.012411347517730542,0.03771760154738879,0.030395136778115506,0.07419530823786141,-0.013741134751773187,0.02647754137115832,0.06329787234042555,-0.041718815185648794,0.014184397163120532,0.04156358238495789,0.06983087834151663,0.048125633232016185,0.10401891252955087,0.035460992907801414,0.08936170212765959,0.023750618505690213,0.045522018802572894,0.11347517730496448,0.05825734549138806,0.05825734549138806,0.06110201854882702,0.01156336725254381,0.07472755578619605,-0.051145662847790596,0.03292806484295846,-0.03702127659574472,0.008788159111933314,0.05825734549138806,0.026112185686653744,0.08292416803055092,0.03336557059961309,0.045522018802572894,0.12401215805471122,0.03771760154738879,0.17952127659574468,0.10038188761593014,0.04052684903748732,0.11590145576707722,0.04497098646034803,0.045522018802572894,0.06850025947067973,0.02647754137115832,0.03481624758220503,0.040957446808510656,0.029787234042553207,0.14589665653495437,0.01156336725254381,0.04948045522018785,-0.012854609929078054,0.06838905775075987,0.0,-0.023447676943117668,0.0,0.0,-0.011081560283688008,0.0,-0.017368649587494567,0.09680851063829787,0.13016270337922403,0.05604566683964707,0.0975177304964539,0.0,0.16778115501519753,0.05212765957446808,0.07161390762843789
-0.04047742605085625,-0.02168021680216803,0.012507817385866177,-0.018681888946549013,-0.005226480836236919,-0.02161862527716185,-0.019955654101995512,-0.026016260162601612,0.02373104812129201,-0.04670472236637252,1.0,-0.11548033847685402,-0.012775842044134622,-0.019285309132161088,-0.037115588547189826,-0.011640798226164067,0.04742547425474258,-0.03425012973533986,0.007317073170731769,-0.014747589336358502,-0.013613159387407814,-0.06217120994739356,-0.005226480836236919,-0.08180894308943082,0.012507817385866177,-0.007549361207897787,-0.03201219512195122,-0.007941009642654567,0.0,-0.047784967645594784,-0.026016260162601612,-0.04359107420861441,-0.005807200929152129,-0.04304160688665709,-0.007549361207897787,-0.07113821138211379,-0.023281596452328135,-0.006387921022067311,0.015009380863039434,-0.03201219512195122,-0.03035230352303525,0.006707317073170793,-0.06217120994739356,-0.04986449864498643,-0.012478729438457181,0.020012507817385894,-0.006968641114982521,0.05420054200542013,-0.010452961672473837,0.009756097560975674,-0.02382302892796373,-0.014747589336358502,0.011257035647279534,-0.006968641114982521,-0.007549361207897787,0.020012507817385894,-0.037115588547189826,0.0,-0.13414634146341464,-0.013937282229965042,-0.10097560975609754,-0.05832449628844105,-0.009872241579558627,-0.02494456762749442,0.01375859912445282,-0.026607538802660702,-0.012478729438457181,0.03344947735191639,-0.0066518847006651755,0.04115853658536586,0.01751094434021261,-0.005226480836236919,0.00962772785622594,-0.019955654101995512,-0.014747589336358502,0.0,-0.02384823848238482,-0.013303769401330351,0.009146341463414698,0.009756097560975674,0.004181184668989549,-0.02120890774125131,-0.00567214974475326,-0.021341463414634138,-0.0005807200929152136,-0.009340944473274507,-0.06371329019412636,-0.03425012973533986,-0.04359107420861441,-0.03912601626016257,-0.06538661131292162,-0.07167745146839222,0.007317073170731769,0.05523672883787667,0.0,0.060975609756097615,-0.028022833419823534,0.05435540069686412,0.01036585365853665,0.0
0.01389491966999562,0.02721088435374147,0.09419152276295129,0.00955275727312202,0.04081632653061226,0.048701298701298634,0.044063079777365455,0.03446712018140585,0.10590182018753441,0.01910551454624404,0.11548033847685402,1.0,0.07823129251700683,0.0626483151400094,0.029281277728482713,0.03014842300556586,0.15476190476190477,0.013026487190620939,0.08265306122448979,0.05695301376364492,0.05410536307546271,-0.016006402561024424,0.05782312925170069,0.014030612244897878,0.08895866038723182,0.0714285714285714,0.007653061224489777,0.03986710963455148,0.07964161274265796,0.0,0.025396825396825362,0.014763352149370412,0.017006802721088426,-0.010404161664665845,0.047619047619047616,0.008503401360544172,0.039424860853432275,0.03061224489795919,0.07849293563579274,0.008078231292517002,0.03265306122448974,0.07346938775510203,-0.01680672268907568,0.04535147392290251,0.03701945894636921,0.0994243851386708,0.06122448979591838,0.11791383219954649,0.06462585034013607,0.08724489795918366,0.07973421926910296,0.05125771238728044,0.08372579801151225,0.06122448979591838,0.06122448979591838,0.1151229722658294,0.029281277728482713,0.07167745146839222,-0.041208791208791284,0.06462585034013607,-0.010204081632653073,0.026619343389529704,0.0680272108843537,0.04638218923933207,0.0994243851386708,0.05102040816326531,0.05695301376364492,0.1224489795918367,0.03246753246753248,0.1301020408163265,0.0994243851386708,0.06122448979591838,0.07089151450053707,0.05102040816326531,0.05125771238728044,0.08760577401692377,0.03083900226757369,0.039424860853432275,0.08265306122448979,0.09642857142857142,0.07346938775510203,0.013309671694764852,0.03417180825818697,0.0051020408163265085,0.02721088435374147,0.00694745983499781,0.0,0.01389491966999562,0.014763352149370412,0.008503401360544172,0.026921406860616615,0.0,0.09642857142857142,0.12605042016806722,0.06371329019412636,0.17687074829931976,0.012158054711246202,0.08163265306122447,0.06428571428571428,0.05973120955699346
-0.05825734549138806,-0.03333333333333338,0.03663003663003661,-0.04305977710233028,0.0,-0.025974025974025983,-0.022727272727272763,-0.03809523809523818,0.0643500643500643,-0.04559270516717323,0.012775842044134622,-0.07823129251700683,1.0,-0.017165005537098654,-0.0600414078674949,-0.021645021645021634,0.09523809523809523,-0.06332320162107385,0.02857142857142858,-0.013842746400886008,-0.013842746400886008,-0.08403361344537813,0.0,-0.07440476190476186,0.02014652014652013,0.0,-0.0625,-0.010520487264673362,0.015098722415795574,-0.07823129251700683,-0.03333333333333338,-0.06585612968591692,0.0,-0.07563025210084034,0.0,-0.0803571428571429,-0.015151515151515138,0.0,0.021978021978021955,-0.0535714285714286,-0.041269841269841345,0.029761904761904767,-0.11344537815126055,-0.041269841269841345,-0.011627906976744207,0.042124542124542086,0.0,0.07142857142857145,0.0,0.02619047619047621,-0.011074197120708784,-0.013289036544850585,0.03663003663003661,0.0,0.0,0.04029304029304026,-0.04761904761904767,0.011614401858304257,-0.10531135531135538,0.0,-0.09904761904761905,-0.07453416149068326,0.0,-0.031385281385281405,0.049450549450549386,-0.031385281385281405,-0.013289036544850585,0.09047619047619043,-0.016233766233766267,0.12648809523809523,0.045787545787545736,0.0,0.042606516290726815,-0.024891774891774965,-0.011074197120708784,0.008130081300812997,-0.03333333333333338,-0.025974025974025983,0.021428571428571408,0.025000000000000022,0.05238095238095236,-0.03726708074534163,-0.009966777408637939,-0.05654761904761907,0.0,-0.03799392097264437,-0.05782312925170069,-0.03799392097264437,-0.05319148936170209,-0.06845238095238099,-0.05065856129685914,-0.07823129251700683,0.025000000000000022,0.10644257703081234,0.011033681765389047,0.0753968253968254,-0.0557244174265451,0.06666666666666665,0.01428571428571429,0.010452961672473837
-0.047501237011380426,-0.026873385012919915,0.057245080500894496,-0.039584364176150355,0.012735326688815163,-0.013742071881606699,-0.012156448202959802,-0.028940568475452233,0.09050911376492776,-0.033646709549727816,0.019285309132161088,-0.0626483151400094,0.017165005537098654,1.0,-0.050050556117290146,-0.012156448202959802,0.12661498708010344,-0.05343889163780302,0.05058139534883732,0.0,0.0,-0.09849521203830369,0.014950166112956853,-0.060562015503875855,0.019081693500298175,0.008305647840531616,-0.07025193798449603,0.0,0.027226318774815628,-0.08258186995728511,-0.021705426356589175,-0.04948045522018785,0.00609080841638987,-0.08025535795713623,0.012735326688815163,-0.05813953488372092,-0.0068710359408033495,0.011074197120708784,0.03339296362552174,-0.05329457364341078,-0.025839793281653645,0.043604651162790775,-0.10579115367077052,-0.025839793281653645,0.0,0.06201550387596899,0.01218161683277974,0.10852713178294582,0.007751937984496138,0.03837209302325595,0.0,0.0,0.057245080500894496,0.01218161683277974,0.013842746400886008,0.047704233750745395,-0.039433771486349745,0.027226318774815628,-0.09257602862254022,0.008305647840531616,-0.0716279069767441,-0.04701718907987862,0.01605758582502781,-0.014270613107822405,0.0763267740011927,-0.0174418604651162,0.0,0.12225913621262463,-0.010042283298097254,0.15188953488372098,0.06440071556350624,0.014950166112956853,0.06731946144430856,-0.013742071881606699,0.0,0.015882019285309135,-0.024806201550387597,-0.014270613107822405,0.03139534883720935,0.043604651162790775,0.07441860465116279,-0.02881698685540951,0.0,-0.05087209302325579,0.007751937984496138,-0.03760514596734282,-0.045562411010915904,-0.039584364176150355,-0.04156358238495789,-0.06298449612403101,-0.045522018802572894,-0.06834361651637394,0.03837209302325595,0.1169630642954857,0.026091888825864995,0.09496124031007758,-0.04948045522018785,0.07973421926910301,0.019186046511627974,0.02155416903006241
-0.01156336725254381,0.01400966183574881,0.09364548494983282,-0.013876040703052706,0.049689440993788914,0.029644268774703497,0.02667984189723316,0.01449275362318836,0.13748531139835485,-0.01156336725254381,0.037115588547189826,-0.029281277728482713,0.0600414078674949,0.050050556117290146,1.0,0.028656126482213495,0.16908212560386482,-0.01295097132284917,0.09456521739130441,0.051567239635995965,0.05308392315470167,-0.053282182438192605,0.06211180124223603,-0.025362318840579712,0.042920847268673346,0.02898550724637683,-0.026268115942028936,0.039433771486349745,0.08748674443266169,-0.03859804791481802,0.009661835748792202,-0.011100832562442098,0.035196687370600444,-0.05967604433077578,0.041407867494824,-0.028079710144927605,0.021739130434782594,0.03933747412008287,0.05072463768115937,-0.024456521739130488,0.015458937198067568,0.0782608695652175,-0.06606990622335895,0.010628019323671412,0.040950455005055564,0.10144927536231874,0.051759834368530044,0.13285024154589375,0.02898550724637683,0.09456521739130441,0.030333670374115218,0.0455005055611728,0.10925306577480487,0.05590062111801242,0.049689440993788914,0.0741360089186176,0.0,0.06892895015906675,-0.05267558528428096,0.022774327122153215,-0.04347826086956519,0.0,0.06418219461697727,0.028656126482213495,0.12486064659977703,0.03952569169960474,0.051567239635995965,0.1708074534161491,0.022727272727272707,0.19972826086956524,0.12486064659977703,0.053830227743271175,0.10068649885583525,0.03260869565217395,0.03488372093023251,0.03976670201484617,0.01594202898550723,0.029644268774703497,0.05543478260869572,0.06521739130434784,0.13664596273291924,0.0,0.039433771486349745,-0.025362318840579712,0.04554865424430643,-0.012025901942645745,-0.029281277728482713,-0.009250693802035137,-0.013413506012950882,-0.029891304347826053,-0.00971322849213685,-0.029281277728482713,0.08152173913043481,0.12276214833759591,0.05832449628844105,0.12681159420289861,-0.014801110083256241,0.12298136645962732,0.03260869565217392,0.06627783669141041
-0.03046421663442933,-0.019191919191919204,0.08449883449883444,-0.0478723404255319,0.03463203463203457,0.0,0.0,-0.017676767676767846,0.12899262899262898,-0.04206963249516438,0.011640798226164067,-0.03014842300556586,0.021645021645021634,0.012156448202959802,-0.028656126482213495,1.0,0.1262626262626263,-0.053675048355899424,0.0636363636363636,0.017970401691331905,0.0184989429175475,-0.09982174688057044,0.03679653679653683,-0.04924242424242431,0.037878787878787845,0.014069264069264065,-0.06818181818181823,0.015327695560253596,0.04656319290465627,-0.07421150278293132,-0.007575757575757569,-0.03191489361702127,0.024891774891774965,-0.12165775401069523,0.030303030303030276,-0.051136363636363646,0.0,0.020562770562770616,0.040792540792540743,-0.058712121212121215,-0.01717171717171717,0.054545454545454564,-0.10606060606060597,-0.008080808080808133,0.015327695560253596,0.055361305361305346,0.02922077922077926,0.11111111111111116,0.010822510822510817,0.05227272727272736,0.007928118393234651,0.017970401691331905,0.0874125874125874,0.030303030303030276,0.0357142857142857,0.05244755244755239,-0.03359683794466406,0.05487804878048774,-0.06993006993006995,0.008658008658008642,-0.05727272727272725,-0.01976284584980237,0.025974025974025983,0.0,0.0699300699300699,0.0,0.015856236786469302,0.11688311688311687,0.0,0.23011363636363646,0.07575757575757569,0.02813852813852813,0.10406698564593309,0.0,0.013213530655390993,0.026607538802660702,-0.01717171717171717,0.0,0.025000000000000022,0.027272727272727282,0.15194805194805194,-0.03260869565217395,0.0184989429175475,-0.07007575757575757,0.032467532467532534,-0.046421663442940075,-0.06493506493506496,-0.03771760154738879,-0.04497098646034803,-0.06060606060606066,-0.02756286266924557,-0.044063079777365455,0.0636363636363636,0.106951871657754,0.041574279379157364,0.08585858585858591,-0.05077369439071566,0.13441558441558443,0.022727272727272735,0.034922394678492286
-0.11702127659574468,-0.13888888888888895,-0.05555555555555569,-0.13002364066193856,-0.08333333333333337,-0.13131313131313138,-0.12121212121212122,-0.15555555555555567,-0.021021021021021102,-0.11702127659574468,-0.04742547425474258,-0.15476190476190477,-0.09523809523809523,-0.12661498708010344,-0.16908212560386482,-0.1262626262626263,1.0,-0.16252955082742315,-0.0805555555555556,-0.12209302325581406,-0.12661498708010344,-0.19607843137254904,-0.09126984126984128,-0.1805555555555557,-0.008547008547008558,-0.05555555555555558,-0.1805555555555557,-0.09948320413436706,-0.07791327913279145,-0.1916099773242631,-0.07777777777777783,-0.15602836879432624,-0.047619047619047616,-0.1797385620915033,-0.07936507936507942,-0.1875000000000001,-0.06565656565656569,-0.0674603174603175,-0.023504273504273532,-0.15277777777777785,-0.12777777777777788,-0.061111111111111116,-0.2124183006535948,-0.13333333333333341,-0.09496124031007758,-0.044871794871794934,-0.07936507936507942,0.0,-0.03968253968253971,-0.05833333333333335,-0.09496124031007758,-0.11757105943152468,-0.04914529914529919,-0.07936507936507942,-0.0992063492063493,-0.042735042735042805,-0.16304347826086962,-0.08130081300813019,-0.19658119658119666,-0.047619047619047616,-0.17111111111111116,-0.13285024154589375,-0.0992063492063493,-0.12121212121212122,-0.05982905982905995,-0.13636363636363646,-0.1130490956072353,0.016666666666666607,-0.11111111111111116,0.07291666666666663,-0.05555555555555569,-0.09523809523809523,-0.030701754385964897,-0.1262626262626263,-0.1130490956072353,-0.05420054200542013,-0.12777777777777788,-0.13131313131313138,-0.04444444444444445,-0.05277777777777781,0.013492063492063444,-0.11473429951690828,-0.10400516795865644,-0.15972222222222227,-0.07142857142857145,-0.11702127659574468,-0.1252834467120182,-0.12352245862884159,-0.15602836879432624,-0.16666666666666674,-0.13652482269503546,-0.14739229024943312,-0.06666666666666665,0.026143790849673165,-0.07791327913279145,0.0,-0.14952718676122934,0.011904761904761862,-0.022222222222222227,-0.05420054200542013
0.0,0.033096926713947816,0.12656846699399882,0.0,0.07852077001013169,0.0478723404255319,0.0435203094777562,0.03498817966903067,0.17826336975273138,0.0,0.03425012973533986,-0.013026487190620939,0.06332320162107385,0.05343889163780302,0.01295097132284917,0.053675048355899424,0.16252955082742315,1.0,0.1079787234042553,0.06927263730826316,0.0653142008906481,-0.0550688360450563,0.08611955420466055,-0.010638297872340496,0.05237315875613746,0.030395136778115506,-0.013741134751773187,0.05145967342899549,0.0809548521017125,-0.026921406860616615,0.017966903073285967,0.0,0.0557244174265451,-0.06007509386733423,0.07092198581560283,-0.012411347517730542,0.03046421663442933,0.0557244174265451,0.06110201854882702,-0.012411347517730542,0.03026004728132381,0.08191489361702131,-0.05006257822277849,0.016075650118203277,0.059376546264225505,0.07855973813420614,0.06332320162107385,0.14302600472813243,0.03799392097264437,0.08191489361702131,0.03562592775853529,0.06729341909945563,0.12656846699399882,0.07345491388044578,0.07598784194528874,0.09601745771958536,0.015726179463459666,0.0965230928905032,-0.03682487725040923,0.03292806484295846,-0.02808510638297873,0.01156336725254381,0.06585612968591692,0.03336557059961309,0.11347517730496448,0.039168278529980616,0.059376546264225505,0.14589665653495437,0.04497098646034803,0.3191489361702128,0.12220403709765404,0.07345491388044578,0.14613661814109746,0.04061895551257255,0.05145967342899549,0.04670472236637252,0.028368794326241065,0.04497098646034803,0.04840425531914894,0.05585106382978722,0.16048632218844983,0.013876040703052706,0.059376546264225505,-0.015514184397163233,0.06838905775075987,0.0,-0.020842379504993513,0.0,0.0,-0.013297872340425565,0.0,-0.016500217108119886,0.09308510638297862,0.11389236545682102,0.07161390762843789,0.11052009456264777,0.0,0.16778115501519753,0.06329787234042555,0.05915931499740523
-0.08191489361702131,-0.06944444444444442,0.01602564102564097,-0.07446808510638298,-0.02619047619047621,-0.05909090909090908,-0.054545454545454564,-0.0722222222222223,0.05067567567567566,-0.07446808510638298,-0.007317073170731769,-0.08265306122448979,-0.02857142857142858,-0.05058139534883732,-0.09456521739130441,-0.0636363636363636,0.0805555555555556,-0.1079787234042553,1.0,-0.0488372093023256,-0.05755813953488387,-0.1401960784313725,-0.03452380952380951,-0.10833333333333339,0.0032051282051281937,-0.016666666666666663,-0.10833333333333339,-0.043604651162790775,-0.014634146341463539,-0.1193877551020408,-0.041666666666666685,-0.08936170212765959,-0.01785714285714285,-0.15098039215686276,-0.02619047619047621,-0.10000000000000009,-0.03863636363636369,-0.020238095238095277,0.007692307692307665,-0.10000000000000009,-0.0722222222222223,0.0,-0.14558823529411768,-0.058333333333333404,-0.04011627906976756,0.012820512820512775,-0.02619047619047621,0.05555555555555558,-0.009523809523809545,0.0,-0.03139534883720935,-0.041860465116279166,0.014743589743589691,-0.023809523809523836,-0.02857142857142858,0.013461538461538414,-0.08478260869565213,-0.014634146341463539,-0.11538461538461542,-0.015476190476190477,-0.1200000000000001,-0.07173913043478264,-0.03214285714285714,-0.054545454545454564,0.02051282051282044,-0.0636363636363636,-0.0488372093023256,0.08571428571428563,-0.0636363636363636,0.14374999999999993,0.017948717948717885,-0.03214285714285714,0.03289473684210531,-0.0613636363636364,-0.04709302325581399,-0.01036585365853665,-0.0722222222222223,-0.06590909090909092,0.0,0.0,0.07499999999999996,-0.07500000000000007,-0.043604651162790775,-0.12083333333333335,-0.022619047619047594,-0.08191489361702131,-0.08724489795918366,-0.07819148936170212,-0.08936170212765959,-0.12083333333333335,-0.07446808510638298,-0.08265306122448979,0.0,0.06617647058823528,-0.014634146341463539,0.05555555555555558,-0.09308510638297862,0.05357142857142855,0.0,-0.009756097560975674
-0.04156358238495789,-0.03410852713178292,0.06678592725104349,-0.05739732805541797,0.014950166112956853,-0.016913319238900493,-0.016913319238900493,-0.03514211886304908,0.109365179132621,-0.05343889163780302,0.014747589336358502,-0.05695301376364492,0.013842746400886008,0.0,-0.051567239635995965,-0.017970401691331905,0.12209302325581406,-0.06927263730826316,0.0488372093023256,1.0,0.0,-0.10214318285453716,0.018826135105204922,-0.0678294573643411,0.023852116875372698,0.00609080841638987,-0.07751937984496116,0.0,0.03630175836642091,-0.08542952064546738,-0.01653746770025838,-0.045522018802572894,0.011627906976744207,-0.11673506611947093,0.013842746400886008,-0.07267441860465107,-0.012684989429175397,0.011074197120708784,0.03339296362552174,-0.06540697674418605,-0.03307493540051676,0.03837209302325595,-0.11673506611947093,-0.019638242894056857,0.0,0.05485986881335725,0.01439645625692143,0.10852713178294582,0.008305647840531616,0.045348837209302384,0.0,0.0,0.0763267740011927,0.01661129568106323,0.01661129568106323,0.05485986881335725,-0.051567239635995965,0.03630175836642091,-0.08855098389982102,0.00609080841638987,-0.07488372093023254,-0.037917087967644036,0.01439645625692143,-0.012156448202959802,0.06201550387596899,-0.015856236786469302,0.0,0.10631229235880402,-0.014799154334038,0.21584302325581406,0.07871198568872995,0.012735326688815163,0.07955936352509196,-0.016913319238900493,0.0,0.014747589336358502,-0.03410852713178292,-0.01638477801268501,0.026162790697674465,0.02790697674418613,0.11694352159468446,-0.04398382204246709,0.0,-0.07509689922480622,0.013842746400886008,-0.05541810984661055,-0.07119126720455615,-0.04156358238495789,-0.0653142008906481,-0.07267441860465107,-0.04354280059376536,-0.05980066445182719,0.045348837209302384,0.08618331053351574,0.02382302892796373,0.08591731266149877,-0.061355764473033036,0.1275747508305648,0.0244186046511628,0.02382302892796373
