0,1,2,3,4,5,6,7,8,9,10,11,12,13,14,15,16,17,18,19,20,21,22,23,24,25,26,27,28,29,30,31,32,33,34,35,36,37,38,39,40,41,42,43,44,45,46,47,48,49,50,51,52,53,54,55,56,57,58,59,60,61,62,63,64,65,66,67,68,69,70,71,72,73,74,75,76,77,78,79,80,81,82,83,84,85,86,87,88,89,90,91,92,93,94,95,96,97,98,99
1.0,0.06383647798742142,0.10000000000000009,-0.02380952380952378,0.007344632768361559,0.12907801418439724,0.040476190476190554,-0.038461538461538436,0.06383647798742142,0.042424242424242475,0.007909604519774016,0.005932203389830526,0.027272727272727282,0.0,-0.00491803278688524,0.0,-0.00491803278688524,-0.01236559139784943,-0.016666666666666663,-0.030769230769230715,-0.024358974358974328,0.004237288135593209,-0.028787878787878807,-0.020833333333333315,0.050000000000000044,0.028787878787878807,-0.0111111111111111,-0.008064516129032251,-0.01021505376344084,-0.003825136612021829,-0.08043478260869563,0.03508771929824572,-0.03650793650793649,0.03181818181818186,0.0,-0.006557377049180246,0.009770114942528774,0.011581920903954823,0.0641025641025641,0.026315789473684292,-0.014516129032258018,0.03809523809523818,0.012643678160919603,0.028205128205128216,0.02352941176470591,0.010526315789473717,0.004237288135593209,-0.01458333333333331,-0.009562841530054489,-0.03461538461538455,-0.010655737704918011,0.08529411764705885,-0.02380952380952378,-0.02301587301587299,0.05555555555555558,0.02807017543859658,-0.007650273224043658,0.0,0.02543859649122815,-0.010752688172043001,-0.030769230769230715,0.0,-0.008064516129032251,0.0,0.009770114942528774,-0.01021505376344084,-0.033333333333333215,-0.024242424242424204,0.007471264367816088,0.0,-0.019047619047619035,-0.013541666666666646,-0.03809523809523807,-0.021428571428571408,-0.016666666666666607,0.01754385964912286,-0.01770833333333327,-0.01458333333333331,-0.05920398009950245,0.05606060606060603,-0.006989247311827956,0.012068965517241403,0.01428571428571429,0.0,0.0,-0.008730158730158727,-0.017460317460317454,-0.02786069651741291,-0.019047619047619035,-0.02604166666666663,0.0,-0.018279569892473035,-0.007650273224043658,-0.008196721311475363,-0.019047619047619035,0.006321839080459801,0.01428571428571429,-0.02121212121212121,-0.009016393442622839,-0.06739130434782603
-0.06383647798742142,1.0,0.03509433962264141,-0.10482180293501053,-0.05756315957787028,0.07226013649136886,-0.033355795148248046,-0.11494920174165468,0.0,-0.015780445969125256,-0.04988807163415421,-0.04221298369043819,-0.011663807890223032,-0.03522012578616357,-0.047015156201670294,-0.07704402515723285,-0.03711722858026603,-0.06573341448569697,-0.05091344713986229,-0.10101596516690853,-0.07314949201741655,-0.024944035817077104,-0.06689536878216129,-0.06810141509433965,-0.013722126929674117,-0.013036020583190422,-0.04492362982929024,-0.04656116859403536,-0.05203895313451007,-0.05196412001237244,-0.10500410172272362,-0.03574975173783512,-0.08685235100329441,-0.013722126929674117,-0.03301886792452835,-0.07423445716053206,-0.03741054001301242,-0.05756315957787028,0.009796806966618221,-0.045018205892088825,-0.09312233718807073,-0.029312668463611913,-0.04066363044892651,0.00435413642960808,0.006659267480577102,-0.019860973187686204,-0.03261912376079318,-0.055129716981132115,-0.08165790287658525,-0.10798258345428163,-0.06186204763377667,0.02219755826859038,-0.0808625336927224,-0.1078167115902966,-0.011180992313067795,-0.048990400529626,-0.07423445716053206,-0.07924528301886802,-0.029129427341939795,-0.06299452221545959,-0.0801161103047896,-0.037421383647798845,-0.04930006086427274,-0.03962264150943401,-0.029277813923227092,-0.06025562994522221,-0.07458726415094341,-0.06689536878216129,-0.02439817826935592,-0.05062893081761016,-0.0658879904162924,-0.04540094339622644,-0.09622641509433966,-0.09284216831386655,-0.058372641509434,-0.02515723270440251,-0.0778301886792453,-0.058372641509434,-0.09067868206139124,-0.015094339622641562,-0.03834449178332322,-0.04879635653871184,-0.013140161725067406,-0.03081761006289313,-0.03522012578616357,-0.05690326445043431,-0.0539083557951483,-0.06702337369755007,-0.07487271638215037,-0.0940448113207547,-0.04402515723270445,-0.07668898356664644,-0.06186204763377667,-0.047015156201670294,-0.05989817310572032,-0.01951854261548472,-0.0151617250673855,-0.07061177815894804,-0.08660686668728734,-0.11812961443806397
-0.10000000000000009,-0.03509433962264141,1.0,-0.11142857142857149,-0.08237288135593229,0.03957446808510645,-0.06857142857142862,-0.15692307692307694,-0.032830188679245365,-0.040000000000000036,-0.07322033898305086,-0.06101694915254241,-0.02363636363636365,-0.03666666666666671,-0.04688524590163934,-0.09333333333333338,-0.02524590163934426,-0.058064516129032295,-0.045396825396825435,-0.08307692307692305,-0.06,-0.018305084745762715,-0.06303030303030302,-0.05249999999999999,-0.04363636363636364,-0.02363636363636365,-0.045396825396825435,-0.04645161290322583,-0.05032258064516129,-0.04688524590163934,-0.14318840579710146,-0.05403508771929827,-0.1031746031746032,-0.02181818181818182,-0.0266666666666667,-0.09377049180327868,-0.04137931034482761,-0.08847457627118654,-0.019230769230769273,-0.05894736842105264,-0.09290322580645166,-0.04714285714285721,-0.04965517241379308,-0.006153846153846176,-0.00313725490196079,-0.024561403508771923,-0.030508474576271205,-0.05249999999999999,-0.12983606557377048,-0.10615384615384615,-0.08295081967213114,-0.012941176470588234,-0.1031746031746032,-0.12793650793650796,-0.0503703703703704,-0.09333333333333327,-0.10098360655737704,-0.10000000000000009,-0.06631578947368422,-0.06967741935483873,-0.11538461538461542,-0.04666666666666669,-0.05032258064516129,-0.043333333333333335,-0.03862068965517243,-0.058064516129032295,-0.13125000000000003,-0.07272727272727275,-0.02482758620689654,-0.056666666666666754,-0.0701587301587302,-0.048125,-0.08000000000000002,-0.1031746031746032,-0.07437500000000002,-0.04175438596491232,-0.07437500000000002,-0.05249999999999999,-0.12179104477611946,-0.034545454545454546,-0.030967741935483878,-0.05793103448275866,-0.019285714285714295,-0.023333333333333345,-0.033333333333333354,-0.04126984126984129,-0.06603174603174605,-0.06597014925373135,-0.08253968253968258,-0.109375,-0.07000000000000006,-0.11225806451612913,-0.10459016393442627,-0.06491803278688524,-0.08666666666666673,-0.02482758620689654,-0.021428571428571463,-0.0678787878787879,-0.11901639344262294,-0.15420289855072467
0.02380952380952378,0.10482180293501053,0.11142857142857149,1.0,0.03981705676620928,0.1567038162782844,0.061507936507936456,-0.01904761904761898,0.11081162024558255,0.05541125541125547,0.03443637341942418,0.025827280064568248,0.05772005772005773,0.021428571428571408,0.014571948998178541,0.02380952380952378,0.011449388498568858,0.00665642601126476,0.0,-0.017094017094017033,-0.013675213675213682,0.02367500672585421,-0.019480519480519487,-0.0054563492063491315,0.03694083694083694,0.04848484848484852,0.0,0.00665642601126476,0.00691244239631339,0.013531095498308665,-0.037267080745341574,0.04845446950710114,0.0,0.04848484848484852,0.017460317460317454,0.014051522248243575,0.03284072249589498,0.029055690072639195,0.07387057387057389,0.053467000835421885,0.008704557091653853,0.051587301587301626,0.03284072249589498,0.07722832722832723,0.06349206349206349,0.0317460317460318,0.025827280064568248,-0.005952380952380876,0.01821493624772319,-0.017094017094017033,0.011449388498568858,0.10084033613445381,0.0,0.0,0.08201058201058203,0.05847953216374269,0.0187353629976581,0.032539682539682535,0.033416875522138734,0.006144393241167445,-0.011233211233211193,0.018253968253968245,0.0058883768561188155,0.018253968253968245,0.03284072249589498,0.007168458781362019,-0.007688492063491981,-0.018759018759018697,0.021893814997263283,0.020634920634920673,0.0,-0.005952380952380876,-0.04444444444444445,0.0,-0.0047123015873015706,0.0367585630743526,-0.007440476190476164,-0.006200396825396803,-0.02748163942193793,0.06002886002886004,0.0038402457757296393,0.03968253968253971,0.037698412698412676,0.015873015873015872,0.015873015873015872,0.0,0.0,-0.025586353944562934,0.0,-0.00694444444444442,0.020634920634920673,0.005376344086021501,0.011449388498568858,0.013531095498308665,0.0,0.027367268746579132,0.041666666666666685,-0.018759018759018697,0.01821493624772319,-0.04416839199447897
-0.007344632768361559,0.05756315957787028,0.08237288135593229,-0.03981705676620928,1.0,0.15578795528308698,0.02723970944309928,-0.048500651890482305,0.06715701950751529,0.028351309707241923,0.0,0.0,0.02588597842835133,-0.00508474576271184,-0.01222561822728535,-0.007627118644067787,-0.009447068630175026,-0.020503007107709137,-0.01937046004842613,-0.0610169491525423,-0.034419817470664915,0.0,-0.04134565998972778,-0.02913135593220334,0.018489984591679554,0.020955315870570146,-0.02367500672585421,-0.018042646254784023,-0.022143247676325806,-0.014448457904973566,-0.07123556865634978,0.014867677668748136,-0.0322841000807102,0.024653312788906034,-0.0053672316384180685,-0.018338427340927943,0.007013442431326733,0.0,0.052477183833116,0.019625334522747617,-0.025423728813559254,0.02088377723970941,0.006721215663354763,0.038787483702737935,0.03988035892323033,0.013083556348498393,0.0,-0.03045550847457623,-0.02056126701861627,-0.048500651890482305,-0.013337038066129459,0.05849119308740447,-0.031207963411353234,-0.049502286790422456,0.05963590709353428,0.019030627415997703,-0.01500416782439562,-0.011016949152542366,0.013678263455248307,-0.0164024056861673,-0.034419817470664915,-0.006214689265536755,-0.019682886823400803,-0.004519774011299438,0.004967855055523107,-0.019682886823400803,-0.04237288135593209,-0.03235747303543912,0.005552308591466992,-0.007062146892655385,-0.02797955340328223,-0.022510593220338937,-0.06924939467312347,-0.0355125100887812,-0.02515889830508472,0.01129943502824865,-0.04237288135593209,-0.03045550847457623,-0.0627371616493802,0.02958397534668722,-0.013942044833242184,0.008766803039158444,0.016343825665859568,-0.0048022598870056665,-0.006214689265536755,-0.025827280064568248,-0.025827280064568248,-0.04654692638502406,-0.0355125100887812,-0.045021186440677874,-0.008474576271186418,-0.020503007107709137,-0.014448457904973566,-0.010558488469019134,-0.02259887005649719,0.004675628287551192,0.018159806295399483,-0.04494093477144323,-0.022784106696304485,-0.07614836649471868
-0.12907801418439724,-0.07226013649136886,-0.03957446808510645,-0.1567038162782844,-0.15578795528308698,1.0,-0.10942249240121582,-0.19443535188216043,-0.09875551987153741,-0.08665377176015476,-0.13847818247385513,-0.11684096646231518,-0.06808510638297871,-0.0599290780141844,-0.09277990931287061,-0.11524822695035464,-0.07813044994768048,-0.11324639670555936,-0.09726443768996962,-0.1826513911620295,-0.09427168576104747,-0.06491164803461957,-0.0980012894906512,-0.12998670212765956,-0.06499032882011607,-0.05880077369439074,-0.09186085781830461,-0.09265614275909406,-0.11839396019217574,-0.0976630624346006,-0.19673142152328094,-0.0895856662933931,-0.14049307666328947,-0.06808510638297871,-0.07836879432624116,-0.16602720613882105,-0.10491562729273662,-0.10818608005769925,-0.059328968903437085,-0.12318029115341544,-0.17501715854495536,-0.09232522796352582,-0.09684519442406458,-0.02864157119476274,-0.025031289111389243,-0.05972377752892871,-0.0735665344392355,-0.08477393617021275,-0.20020927799093124,-0.21211129296235676,-0.1367282874084409,-0.04171881518564874,-0.16210739614994935,-0.1999324552516042,-0.12135539795114259,-0.1493094438223217,-0.14649459365190093,-0.17978723404255326,-0.11198208286674127,-0.12354152367879212,-0.15319148936170213,-0.09219858156028371,-0.10809883321894309,-0.0599290780141844,-0.05245781364636831,-0.11324639670555936,-0.1865026595744681,-0.10412637008381687,-0.04842259721203229,-0.09219858156028371,-0.10807159743329958,-0.09607712765957444,-0.1328267477203648,-0.17831813576494426,-0.1186835106382979,-0.08212019410227694,-0.15259308510638292,-0.1073803191489362,-0.1905366783105748,-0.05880077369439074,-0.07721345229924503,-0.11298606016140872,-0.06155015197568392,-0.06914893617021278,-0.07836879432624116,-0.09726443768996962,-0.12968591691995957,-0.1270244522070499,-0.17831813576494426,-0.1865026595744681,-0.11063829787234053,-0.12354152367879212,-0.14161144053017088,-0.1025462155563307,-0.14589665653495437,-0.05649303008070436,-0.05471124620060791,-0.11025145067698261,-0.20020927799093124,-0.2306506321307431
-0.040476190476190554,0.033355795148248046,0.06857142857142862,-0.061507936507936456,-0.02723970944309928,0.10942249240121582,1.0,-0.10137362637362624,0.03739892183288418,0.00909090909090915,-0.028147699757869238,-0.023607748184019395,0.006493506493506551,-0.021428571428571408,-0.026346604215456648,-0.042857142857142816,-0.02927400468384067,-0.04320276497695852,-0.041666666666666685,-0.0692307692307692,-0.051923076923076905,-0.01361985472154964,-0.0514069264069264,-0.05133928571428564,0.00779220779220785,0.0061688311688312125,-0.031746031746031744,-0.027649769585253448,-0.036290322580645185,-0.02781030444964866,-0.10429606625258792,-0.010338345864661647,-0.06746031746031744,0.006818181818181834,-0.01428571428571429,-0.04537470725995307,-0.016009852216748777,-0.03087167070217922,0.03708791208791207,-0.011278195488721776,-0.0570276497695853,0.0,-0.014778325123152636,0.01648351648351648,0.019257703081232508,-0.0040726817042606445,-0.01361985472154964,-0.031249999999999972,-0.05415690866510536,-0.08653846153846145,-0.040983606557376984,0.05252100840336138,-0.06547619047619047,-0.06349206349206349,0.022486772486772555,-0.011904761904761751,-0.05122950819672123,-0.046428571428571375,-0.00971177944862145,-0.038018433179723476,-0.06428571428571428,-0.022619047619047594,-0.032834101382488434,-0.01785714285714285,-0.009236453201970418,-0.03456221198156678,-0.07812499999999989,-0.06222943722943719,-0.009236453201970418,-0.02619047619047621,-0.04365079365079366,-0.03348214285714282,-0.07857142857142857,-0.06746031746031744,-0.05133928571428564,-0.006892230576441061,-0.049107142857142794,-0.03794642857142855,-0.08502132196162043,0.009415584415584433,-0.027649769585253448,-0.016625615763546764,0.0,-0.01428571428571429,-0.01904761904761909,-0.02976190476190474,-0.0575396825396825,-0.055703624733475454,-0.05357142857142855,-0.06696428571428564,-0.033333333333333326,-0.05357142857142849,-0.04830210772833721,-0.036592505854800894,-0.049603174603174593,-0.006773399014778303,0.0,-0.040584415584415556,-0.052693208430913296,-0.1211180124223602
0.038461538461538436,0.11494920174165468,0.15692307692307694,0.01904761904761898,0.048500651890482305,0.19443535188216043,0.10137362637362624,1.0,0.12191582002902757,0.0755244755244755,0.04537157757496735,0.040677966101694885,0.04755244755244753,0.02820512820512816,0.02421185372005047,0.04230769230769227,0.019167717528373263,0.023821339950372222,0.012210012210012222,0.0,0.0,0.025032594524119905,-0.0051282051282051655,0.006250000000000033,0.05594405594405594,0.05594405594405594,0.008302808302808273,0.013399503722084316,0.01563275434243172,0.023203026481715017,-0.03032329988851734,0.05398110661268557,0.017094017094017033,0.06433566433566434,0.019230769230769218,0.030264817150063072,0.0482758620689655,0.046936114732724854,0.09615384615384615,0.06477732793522273,0.023821339950372222,0.05686813186813183,0.050132625994694924,0.05384615384615382,0.06757164404223229,0.030229419703103944,0.02816166883963489,0.004567307692307676,0.03631778058007562,0.0,0.03127364438839847,0.15625942684766214,0.019536019536019467,0.019536019536019467,0.11595441595441591,0.08852901484480435,0.05245901639344264,0.05512820512820504,0.06261808367071525,0.022332506203473934,0.0,0.024358974358974328,0.016377171215880892,0.029487179487179438,0.038992042440318286,0.02009925558312653,0.008173076923076894,-0.006759906759906786,0.03342175066312997,0.0371794871794871,0.010744810744810707,0.005048076923076905,-0.02857142857142858,0.01611721611721617,0.006730769230769262,0.05614035087719299,0.005769230769230804,0.005048076923076905,-0.012858783008036778,0.05874125874125874,0.013399503722084316,0.04641909814323608,0.04697802197802192,0.021794871794871717,0.020512820512820468,0.008302808302808273,0.01318681318681314,-0.009184845005740572,0.012210012210012222,0.006250000000000033,0.030769230769230715,0.02307692307692305,0.038335435056746525,0.02522068095838592,0.014163614163614113,0.02413793103448275,0.03956043956043956,-0.004662004662004671,0.034300126103404716,-0.02943143812709026
-0.06383647798742142,0.0,0.032830188679245365,-0.11081162024558255,-0.06715701950751529,0.09875551987153741,-0.03739892183288418,-0.12191582002902757,1.0,-0.020583190394511175,-0.06523824752158636,-0.0518068436200832,-0.01646655231560895,-0.037421383647798845,-0.056913083823074584,-0.055031446540880546,-0.05196412001237244,-0.07121119902617168,-0.06888289907157841,-0.12191582002902757,-0.07314949201741655,-0.030700351774864132,-0.07432818753573472,-0.0778301886792453,-0.011663807890223032,-0.011663807890223032,-0.05989817310572032,-0.05477784540474745,-0.0684723067559343,-0.05443860191772354,-0.13125512715340448,-0.0344256868586561,-0.09284216831386655,-0.017152658662092646,-0.03962264150943401,-0.09403031240334059,-0.04879635653871184,-0.0518068436200832,0.010885341074020283,-0.046342270771267846,-0.1095556908094949,-0.028301886792452935,-0.03741054001301242,0.006531204644412147,0.01183869774324825,-0.022509102946044413,-0.03453789574672217,-0.05188679245283018,-0.10640272193009592,-0.1462989840348331,-0.07423445716053206,0.019977802441731418,-0.1078167115902966,-0.1227912548667267,-0.01327742837176804,-0.05693478980470046,-0.08660686668728734,-0.10345911949685549,-0.038397881496193276,-0.0684723067559343,-0.09056603773584909,-0.04622641509433967,-0.06025562994522221,-0.03301886792452835,-0.02602472348731294,-0.06573341448569697,-0.12323113207547176,-0.07804459691252147,-0.02277163305139887,-0.055031446540880546,-0.07487271638215037,-0.06810141509433965,-0.1008086253369273,-0.1078167115902966,-0.07134433962264153,-0.030453492221118872,-0.09080188679245288,-0.06810141509433965,-0.13010419600112655,-0.015094339622641562,-0.04656116859403536,-0.05204944697462588,-0.019204851752021634,-0.03962264150943401,-0.04182389937106923,-0.05989817310572032,-0.08685235100329441,-0.0867361306674177,-0.11380652890086862,-0.11998820754716977,-0.059433962264150986,-0.06299452221545959,-0.07423445716053206,-0.06681101144447882,-0.08685235100329441,-0.030904359141184168,-0.0181940700808626,-0.07432818753573472,-0.10392824002474488,-0.1793820071096528
-0.042424242424242475,0.015780445969125256,0.040000000000000036,-0.05541125541125547,-0.028351309707241923,0.08665377176015476,-0.00909090909090915,-0.0755244755244755,0.020583190394511175,1.0,-0.05053929121725731,-0.046841294298921476,0.0,-0.028787878787878807,-0.03576751117734722,-0.03636363636363643,-0.04470938897168403,-0.05131964809384165,-0.05310245310245315,-0.0755244755244755,-0.06153846153846154,-0.024653312788906034,-0.054545454545454564,-0.08693181818181817,0.0,0.0,-0.03924963924963926,-0.03900293255131965,-0.047214076246334336,-0.030402384500745172,-0.12911725955204212,-0.01786283891547047,-0.07157287157287157,0.0,-0.027272727272727282,-0.05722801788375553,-0.026332288401253956,-0.0394453004622497,0.0346153846153846,-0.021052631578947323,-0.06979472140762466,-0.011363636363636354,-0.03103448275862064,0.01573426573426573,0.019964349376114077,-0.007655502392344499,-0.018489984591679554,-0.03068181818181817,-0.060804769001490344,-0.10349650349650341,-0.05543964232488818,0.029946524064171087,-0.06464646464646467,-0.06233766233766236,0.009764309764309864,-0.019138755980861233,-0.05007451564828613,-0.043939393939393945,-0.02551834130781494,-0.06774193548387097,-0.10069930069930066,-0.025757575757575812,-0.032844574780058644,-0.021212121212121238,-0.012225705329153597,-0.036950146627566016,-0.07926136363636355,-0.05757575757575761,-0.017868338557993746,-0.03030303030303033,-0.050793650793650835,-0.040909090909090895,-0.06233766233766236,-0.0854256854256854,-0.07926136363636355,-0.020414673046251997,-0.051136363636363646,-0.04346590909090908,-0.10746268656716418,0.0,-0.047214076246334336,-0.026332288401253956,-0.0051948051948051965,-0.022727272727272763,-0.025757575757575812,-0.03232323232323234,-0.06464646464646467,-0.06512890094979651,-0.07849927849927851,-0.07670454545454547,-0.03636363636363643,-0.059530791788856285,-0.05901639344262288,-0.05901639344262288,-0.07619047619047614,-0.01598746081504704,-0.004545454545454575,-0.04242424242424245,-0.05722801788375553,-0.1401844532279315
-0.007909604519774016,0.04988807163415421,0.07322033898305086,-0.03443637341942418,0.0,0.13847818247385513,0.028147699757869238,-0.04537157757496735,0.06523824752158636,0.05053929121725731,1.0,0.0,0.03821263482280435,-0.0064971751412429835,-0.014448457904973566,-0.007344632768361559,-0.01667129758266178,-0.02132312739201747,-0.02797955340328223,-0.05162972620599737,-0.03754889178617993,0.0,-0.03595274781715457,-0.048993644067796494,0.03204930662557781,0.0357473035439137,-0.02152273338714017,-0.020503007107709137,-0.022963367960634196,-0.011114198388441188,-0.08597396217145659,0.019030627415997703,-0.031207963411353234,0.0357473035439137,-0.0064971751412429835,-0.01944984717977205,0.009935710111046214,0.0,0.07529335071707954,0.0225988700564973,-0.030344450519409483,0.029055690072639306,0.009351256575102385,0.04335071707953064,0.04519774011299438,0.008920606601248937,0.0,-0.021186440677966045,-0.02000555709919416,-0.06414602346805731,-0.014448457904973566,0.061149883682286466,-0.0322841000807102,-0.03981705676620928,0.05021971123666047,0.019625334522747617,-0.016115587663239728,-0.009887005649717562,0.02140945584299736,-0.025423728813559254,-0.05632333767926978,-0.006214689265536755,-0.0164024056861673,-0.005649717514124297,0.0061367621274108775,-0.020503007107709137,-0.038400423728813526,-0.04134565998972778,0.0061367621274108775,-0.005932203389830526,-0.024751143395211228,-0.027807203389830504,-0.05060532687651331,-0.04196933010492332,-0.03972457627118636,0.019625334522747617,-0.033103813559322015,-0.02913135593220334,-0.07083227928155833,0.0357473035439137,-0.020503007107709137,0.009059029807130359,0.018159806295399483,-0.0053672316384180685,-0.005649717514124297,-0.01937046004842613,-0.03874092009685226,-0.0485707057930686,-0.0408931934355663,-0.045021186440677874,-0.007344632768361559,-0.023783488244942586,-0.017227007502083835,-0.017227007502083835,-0.03874092009685226,0.0061367621274108775,0.01361985472154964,-0.028762198253723642,-0.02056126701861627,-0.1056251535249324
-0.005932203389830526,0.04221298369043819,0.06101694915254241,-0.025827280064568248,0.0,0.11684096646231518,0.023607748184019395,-0.040677966101694885,0.0518068436200832,0.046841294298921476,0.0,1.0,0.03821263482280435,-0.006214689265536755,-0.012781328146707405,-0.0053672316384180685,-0.018894137260350052,-0.023783488244942586,-0.029055690072639195,-0.048500651890482305,-0.039113428943937434,0.0,-0.034155110426296875,-0.05429025423728806,0.028351309707241923,0.03697996918335911,-0.02259887005649719,-0.018862766539092413,-0.022143247676325806,-0.011114198388441188,-0.06386637189879635,0.013083556348498393,-0.02690341673392521,0.03697996918335911,-0.006779661016949212,-0.021116976938038268,0.010227936879018129,0.0,0.06844850065189056,0.02140945584299736,-0.0328048113723346,0.02088377723970941,0.009935710111046214,0.03650586701434161,0.047856430707876374,0.01070472792149868,0.0,-0.022510593220338937,-0.016115587663239728,-0.0610169491525423,-0.01500416782439562,0.047856430707876374,-0.029055690072639195,-0.03336023675006722,0.04394224733207791,0.015462384775498106,-0.01500416782439562,-0.008192090395480245,0.019625334522747617,-0.027063969382176034,-0.054758800521512274,-0.007062146892655385,-0.01722252597047569,-0.005932203389830526,0.0052600818234950775,-0.018862766539092413,-0.03575211864406774,-0.04314329738058553,0.006721215663354763,-0.006779661016949212,-0.024751143395211228,-0.026483050847457612,-0.05060532687651331,-0.03766478342749524,-0.04369703389830504,0.017246506095747904,-0.033103813559322015,-0.03045550847457623,-0.0485707057930686,0.02588597842835133,-0.022963367960634196,0.007597895967270618,0.018159806295399483,-0.005649717514124297,-0.006214689265536755,-0.01721818670971209,-0.03658864675813822,-0.05059448520111309,-0.03766478342749524,-0.037076271186440635,-0.005649717514124297,-0.018042646254784023,-0.017227007502083835,-0.013892747985551512,-0.031207963411353234,0.005552308591466992,0.01543583535108961,-0.03235747303543912,-0.015559877743817674,-0.08843036109064106
-0.027272727272727282,0.011663807890223032,0.02363636363636365,-0.05772005772005773,-0.02588597842835133,0.06808510638297871,-0.006493506493506551,-0.04755244755244753,0.01646655231560895,0.0,-0.03821263482280435,-0.03821263482280435,1.0,-0.051515151515151625,-0.06438152011922504,-0.021212121212121238,-0.0769001490312965,-0.06158357771261003,-0.06695526695526693,-0.0979020979020978,-0.08671328671328665,-0.04807395993836672,-0.10606060606060608,-0.09460227272727262,0.0,0.0,-0.07619047619047614,-0.07390029325513203,-0.08005865102639298,-0.05901639344262288,-0.08853754940711467,-0.01275917065390747,-0.04386724386724389,0.0,-0.05606060606060603,-0.04828614008941878,-0.0329153605015674,-0.01725731895223423,0.019930069930069905,-0.014035087719298234,-0.0636363636363636,-0.005519480519480535,-0.023510971786833867,0.028321678321678256,0.03850267379679145,-0.017224880382775087,-0.03821263482280435,-0.07926136363636355,-0.03576751117734722,-0.0979020979020978,-0.03397913561847987,0.01568627450980392,-0.050793650793650835,-0.05541125541125547,0.008080808080808077,-0.012121212121212088,-0.03576751117734722,-0.0378787878787879,-0.01084529505582138,-0.04105571847507333,-0.06993006993006995,-0.06060606060606066,-0.07390029325513203,-0.046969696969696995,-0.026332288401253956,-0.07184750733137824,-0.053693181818181834,-0.08787878787878783,-0.027272727272727226,-0.03636363636363643,-0.07157287157287157,-0.07926136363636355,-0.12077922077922076,-0.050793650793650835,-0.058806818181818155,-0.013397129186602852,-0.09460227272727262,-0.08948863636363624,-0.07815468113975582,0.0,-0.05337243401759528,-0.023510971786833867,-0.01006493506493511,-0.045454545454545525,-0.045454545454545525,-0.06695526695526693,-0.07619047619047614,-0.12048846675712344,-0.08080808080808077,-0.06647727272727266,-0.03181818181818186,-0.018475073313783008,-0.028614008941877767,-0.03755588673621463,-0.05541125541125547,-0.02915360501567399,-0.00876623376623381,-0.07878787878787874,-0.03934426229508198,-0.1254281949934124
0.0,0.03522012578616357,0.03666666666666671,-0.021428571428571408,0.00508474576271184,0.0599290780141844,0.021428571428571408,-0.02820512820512816,0.037421383647798845,0.028787878787878807,0.0064971751412429835,0.006214689265536755,0.051515151515151625,1.0,-0.013661202185792254,0.0,-0.011475409836065542,-0.01559139784946234,-0.03492063492063491,-0.043589743589743435,-0.058974358974358876,0.009604519774011333,-0.07121212121212117,-0.033333333333333215,0.009090909090909108,0.028787878787878807,-0.026190476190476097,-0.019892473118279574,-0.023655913978494536,-0.010655737704918011,-0.05652173913043479,0.01754385964912286,-0.01428571428571429,0.043939393939393945,0.0,-0.005191256830601065,0.017816091954023006,0.003389830508474606,0.028205128205128216,0.014912280701754432,-0.011827956989247268,0.015476190476190477,0.01149425287356326,0.06666666666666665,0.07647058823529418,0.02543859649122815,0.009887005649717562,-0.03749999999999998,-0.003278688524590123,-0.03461538461538455,-0.006010928961748596,0.03823529411764709,-0.018253968253968245,-0.019047619047619035,0.029629629629629672,0.013157894736842146,-0.005737704918032771,0.0,0.009649122807017574,-0.008064516129032251,-0.02307692307692305,0.0,-0.020967741935483897,0.0,0.025287356321839205,-0.02419354838709664,-0.019791666666666652,-0.06212121212121213,0.02011494252873569,0.0,-0.033333333333333326,-0.03541666666666654,-0.1071428571428571,-0.013492063492063444,-0.028124999999999956,0.01578947368421052,-0.043749999999999956,-0.043749999999999956,-0.04004975124378107,0.03181818181818186,-0.01559139784946234,0.012643678160919603,0.03452380952380951,0.0,0.0,-0.02460317460317457,-0.02777777777777768,-0.06616915422885572,-0.02460317460317457,-0.019791666666666652,0.0,-0.004301075268817178,-0.003005464480874298,-0.00464480874316936,-0.012698412698412653,0.017241379310344862,0.03452380952380951,-0.04999999999999993,-0.004371584699453479,-0.05869565217391298
0.00491803278688524,0.047015156201670294,0.04688524590163934,-0.014571948998178541,0.01222561822728535,0.09277990931287061,0.026346604215456648,-0.02421185372005047,0.056913083823074584,0.03576751117734722,0.014448457904973566,0.012781328146707405,0.06438152011922504,0.013661202185792254,1.0,0.004371584699453479,0.0,-0.008196721311475419,-0.01925578974759301,-0.03732660781841102,-0.045397225725094636,0.018338427340927943,-0.05712866368604075,-0.02612704918032782,0.01073025335320417,0.03934426229508198,-0.01925578974759301,-0.010576414595452222,-0.01322051824431525,0.0,-0.05321929199334763,0.021857923497267784,-0.010928961748633892,0.05365126676602089,0.010109289617486361,0.0,0.02713397399660822,0.006112809113642675,0.03972257250945771,0.021857923497267784,-0.006874669487043905,0.02195550351288053,0.017806670435274174,0.07660781841109704,0.09643201542912244,0.035662927811331624,0.02056126701861627,-0.028432377049180224,0.0,-0.03127364438839847,0.0,0.032144005143040805,-0.011969815248503823,-0.014571948998178541,0.040376442015786274,0.021857923497267784,0.0,0.006830601092896127,0.012654587287891872,-0.004494976203067158,-0.020176544766708715,0.009562841530054489,-0.01189846641988368,0.011202185792349661,0.03815715093273031,-0.014542570068746818,-0.014600409836065587,-0.04843517138599107,0.028829847371396267,0.007923497267759483,-0.024980483996877578,-0.028432377049180224,-0.09695550351288063,-0.009888108248764016,-0.0222848360655738,0.021857923497267784,-0.03611680327868849,-0.035348360655737654,-0.03376559823831665,0.03219076005961252,-0.008196721311475419,0.0186546071226682,0.04683840749414514,0.009016393442622839,0.00928961748633872,-0.01821493624772319,-0.01925578974759301,-0.057254710056276026,-0.0187353629976581,-0.016137295081967207,0.006284153005464421,-0.0021152829190904388,0.0,0.0,-0.011449388498568858,0.026286037309214194,0.04537470725995307,-0.04470938897168408,0.0,-0.05702066999287242
0.0,0.07704402515723285,0.09333333333333338,-0.02380952380952378,0.007627118644067787,0.11524822695035464,0.042857142857142816,-0.04230769230769227,0.055031446540880546,0.03636363636363643,0.007344632768361559,0.0053672316384180685,0.021212121212121238,0.0,-0.004371584699453479,1.0,-0.003825136612021829,-0.011827956989247268,-0.015873015873015872,-0.025641025641025605,-0.021794871794871717,0.004237288135593209,-0.024242424242424204,-0.02499999999999991,0.045454545454545525,0.028787878787878807,-0.009523809523809518,-0.00752688172043009,-0.009139784946236518,-0.004371584699453479,-0.06739130434782603,0.035964912280701866,-0.030952380952380953,0.024242424242424288,0.0,-0.00491803278688524,0.008620689655172431,0.009887005649717562,0.06666666666666665,0.026315789473684292,-0.01236559139784943,0.040476190476190554,0.014942528735632177,0.03076923076923077,0.02352941176470591,0.007017543859649145,0.0036723163841807793,-0.013541666666666646,-0.007650273224043658,-0.025641025641025605,-0.0071038251366120075,0.06764705882352945,-0.0222222222222222,-0.02380952380952378,0.05370370370370381,0.02543859649122815,-0.008743169398906958,0.0,0.023684210526315863,-0.01290322580645159,-0.03205128205128205,0.0,-0.004838709677419367,0.0,0.00919540229885063,-0.009677419354838734,-0.02916666666666662,-0.027272727272727282,0.006896551724137973,0.0,-0.01428571428571429,-0.013541666666666646,-0.04285714285714287,-0.02460317460317457,-0.021874999999999978,0.02192982456140352,-0.01874999999999999,-0.01458333333333331,-0.05223880597014924,0.051515151515151625,-0.006989247311827956,0.012068965517241403,0.015476190476190477,0.0,0.0,-0.010317460317460336,-0.01428571428571429,-0.02611940298507462,-0.012698412698412653,-0.02604166666666663,0.0,-0.02043010752688168,-0.007650273224043658,-0.007377049180327833,-0.018253968253968245,0.006321839080459801,0.01190476190476189,-0.019696969696969685,-0.007923497267759483,-0.04565217391304344
0.00491803278688524,0.03711722858026603,0.02524590163934426,-0.011449388498568858,0.009447068630175026,0.07813044994768048,0.02927400468384067,-0.019167717528373263,0.05196412001237244,0.04470938897168403,0.01667129758266178,0.018894137260350052,0.0769001490312965,0.011475409836065542,0.0,0.003825136612021829,1.0,-0.009518773135906988,-0.022898776997137715,-0.03329129886506943,-0.03934426229508192,0.023895526535148592,-0.04719324391455548,-0.03304303278688525,0.01788375558867361,0.05186289120715343,-0.01717408274785326,-0.009254362771020652,-0.010312004230565885,0.0,-0.04751722499406036,0.021857923497267784,-0.010408534998698982,0.07153502235469444,0.01038251366120213,0.0,0.03222159412097225,0.00833564879133089,0.04255989911727617,0.023008340523439752,-0.008461131676361755,0.024882903981264637,0.022046353872244184,0.07944514501891542,0.08678881388621024,0.03336209375898763,0.017227007502083835,-0.02305327868852458,0.0,-0.035308953341740223,0.0,0.032144005143040805,-0.013531095498308665,-0.00936768149882905,0.038251366120218566,0.01840667241875177,0.0,0.005737704918032771,0.019557089444923792,-0.005552617662612391,-0.023203026481715017,0.008469945355191189,-0.009518773135906988,0.008469945355191189,0.026286037309214194,-0.009518773135906988,-0.01690573770491799,-0.042225534028812683,0.030525720746184315,0.007923497267759483,-0.01821493624772319,-0.02612704918032782,-0.07166276346604217,-0.010408534998698982,-0.024590163934426257,0.026459591601955712,-0.027663934426229497,-0.027663934426229497,-0.03816980670418402,0.03934426229508198,-0.008989952406134316,0.022046353872244184,0.04391100702576106,0.008469945355191189,0.008469945355191189,-0.014051522248243575,-0.020817069997397963,-0.05431857107903104,-0.01769450949778817,-0.019979508196721285,0.006557377049180246,-0.003172924378635672,0.0,0.0,-0.012490241998438789,0.027981910684002242,0.040983606557376984,-0.03229011425732736,0.0,-0.06652411499168454
0.01236559139784943,0.06573341448569697,0.058064516129032295,-0.00665642601126476,0.020503007107709137,0.11324639670555936,0.04320276497695852,-0.023821339950372222,0.07121119902617168,0.05131964809384165,0.02132312739201747,0.023783488244942586,0.06158357771261003,0.01559139784946234,0.008196721311475419,0.011827956989247268,0.009518773135906988,1.0,-0.009728622631848483,-0.028287841191066976,-0.032754342431761785,0.022143247676325806,-0.02737047898338224,-0.02066532258064513,0.02668621700879764,0.03489736070381233,-0.004864311315924241,0.0,0.0,0.006874669487043905,-0.044179523141654964,0.031126202603282416,-0.006144393241167445,0.0903225806451613,0.01236559139784943,0.009254362771020652,0.033370411568409364,0.013942044833242184,0.0682382133995037,0.03820033955857388,0.0,0.027649769585253448,0.02447163515016687,0.04032258064516128,0.055660974067046176,0.021222410865874397,0.018862766539092413,-0.010080645161290314,0.005817028027498672,-0.02605459057071957,0.007403490216816522,0.06609740670461733,-0.008704557091653853,-0.00691244239631339,0.05973715651135009,0.03254102999434072,0.009783183500793213,0.016129032258064502,0.033955857385399024,0.0,-0.02456575682382134,0.014516129032258018,0.0,0.013440860215053752,0.0311457174638487,0.0,-0.01310483870967738,-0.029325513196480912,0.0400444938820913,0.02580645161290318,-0.009216589861751112,-0.011592741935483819,-0.047926267281105994,-0.007424475166410649,-0.016129032258064502,0.031126202603282416,-0.015624999999999944,-0.01209677419354832,-0.025276841598459332,0.04926686217008802,0.0,0.03448275862068961,0.03456221198156678,0.010752688172043001,0.008602150537634357,-0.004864311315924241,-0.008448540706605168,-0.026480500722195488,-0.008704557091653853,-0.015624999999999944,0.011827956989247268,0.0,0.006610259122157625,0.005023796932839775,-0.00665642601126476,0.0211345939933259,0.022465437788018433,-0.016617790811339184,0.005817028027498672,-0.05726975222066388
0.016666666666666663,0.05091344713986229,0.045396825396825435,0.0,0.01937046004842613,0.09726443768996962,0.041666666666666685,-0.012210012210012222,0.06888289907157841,0.05310245310245315,0.02797955340328223,0.029055690072639195,0.06695526695526693,0.03492063492063491,0.01925578974759301,0.015873015873015872,0.022898776997137715,0.009728622631848483,1.0,-0.01611721611721617,-0.021489621489621413,0.0355125100887812,-0.025252525252525304,-0.009176587301587213,0.03232323232323234,0.04386724386724389,0.0,0.007680491551459279,0.009728622631848483,0.016133229247983383,-0.03174603174603169,0.033416875522138734,0.0,0.07849927849927851,0.02301587301587299,0.012490241998438789,0.04241926655719758,0.01829432337906911,0.057081807081807046,0.038429406850459535,0.007168458781362019,0.03373015873015872,0.03147235905856599,0.07387057387057389,0.08216619981325868,0.03508771929824567,0.031207963411353234,-0.006200396825396803,0.00936768149882905,-0.01562881562881563,0.013531095498308665,0.05975723622782447,0.0,0.0,0.05026455026455029,0.0317460317460318,0.015612802498048417,0.019047619047619035,0.033416875522138734,0.006400409626216075,-0.01318681318681314,0.019841269841269826,0.007936507936507964,0.026190476190476097,0.04789272030651337,0.008960573476702538,-0.005704365079365004,-0.030303030303030276,0.051997810618500284,0.02460317460317457,0.0,-0.007936507936507908,-0.053968253968254,0.0,-0.008432539682539653,0.04010025062656647,-0.00868055555555547,-0.007936507936507908,-0.02179578298981283,0.04848484848484852,0.008448540706605168,0.03420908593322386,0.05357142857142855,0.021428571428571408,0.020634920634920673,0.0,0.0,-0.029376924899312984,0.0,-0.005704365079365004,0.019841269841269826,0.0038402457757296393,0.010408534998698982,0.010928961748633892,0.0,0.036945812807881784,0.041666666666666685,-0.017316017316017285,0.008847254748894084,-0.04416839199447897
0.030769230769230715,0.10101596516690853,0.08307692307692305,0.017094017094017033,0.0610169491525423,0.1826513911620295,0.0692307692307692,0.0,0.12191582002902757,0.0755244755244755,0.05162972620599737,0.048500651890482305,0.0979020979020978,0.043589743589743435,0.03732660781841102,0.025641025641025605,0.03329129886506943,0.028287841191066976,0.01611721611721617,1.0,0.0,0.040677966101694885,-0.008624708624708655,0.008894230769230793,0.03076923076923077,0.04755244755244753,0.014163614163614113,0.022332506203473934,0.03200992555831261,0.038335435056746525,-0.02586399108138243,0.04534412955465589,0.01172161172161168,0.09510489510489506,0.0371794871794871,0.042370744010088224,0.06684350132625994,0.029726205997392396,0.08846153846153842,0.07773279352226714,0.02977667493796521,0.05439560439560437,0.04641909814323608,0.0807692307692307,0.09291101055806938,0.05829959514170041,0.05006518904823981,0.0076923076923077205,0.03329129886506943,0.0,0.028247162673392223,0.07601809954751126,0.01318681318681314,0.020024420024419953,0.09715099715099712,0.06477732793522273,0.023203026481715017,0.04999999999999993,0.04966261808367073,0.018610421836228297,0.0,0.0461538461538461,0.029032258064516037,0.03974358974358966,0.06312997347480098,0.029032258064516037,0.0076923076923077205,-0.006993006993006978,0.059416445623342196,0.0461538461538461,0.021489621489621413,0.006971153846153821,-0.04285714285714293,0.01758241758241752,0.006971153846153821,0.04750337381916331,0.01081730769230771,0.009134615384615352,-0.012858783008036778,0.06153846153846154,0.023821339950372222,0.06312997347480098,0.061813186813186816,0.033333333333333326,0.03589743589743588,0.015140415140415087,0.018070818070818007,-0.015154994259471866,0.02344322344322336,0.009134615384615352,0.030769230769230715,0.011910669975186111,0.023203026481715017,0.021185372005044112,0.012210012210012222,0.04641909814323608,0.06428571428571428,-0.007459207459207473,0.03732660781841102,-0.035674470457079166
