0,1,2,3,4,5,6,7,8,9,10,11,12,13,14,15,16,17,18,19,20,21,22,23,24,25,26,27,28,29,30,31,32,33,34,35,36,37,38,39,40,41,42,43,44,45,46,47,48,49,50,51,52,53,54,55,56,57,58,59,60,61,62,63,64,65,66,67,68,69,70,71,72,73,74,75,76,77,78,79,80,81,82,83,84,85,86,87,88,89,90,91,92,93,94,95,96,97,98,99
1.0,-0.02690341673392521,0.047856430707876374,-0.01721818670971209,-0.033103813559322015,0.02542372881355931,0.014272970561998222,0.011894142134998564,0.02088377723970941,-0.0161420500403551,-0.04673857216230093,-0.017976373908577287,0.01543583535108961,0.04106910039113432,-0.0053672316384180685,0.02723970944309928,-0.01829432337906911,0.030816640986132515,0.03355932203389833,0.07016949152542373,0.008325899494498995,0.0,-0.005932203389830526,-0.00508474576271184,0.0,-0.01222561822728535,0.0,-0.009447068630175026,-0.029726205997392396,0.026679221594475888,-0.052131484334874134,-0.056665823425246675,0.02542372881355931,-0.07990314769975781,-0.03045550847457623,-0.025827280064568248,-0.04527845036319611,-0.03177966101694912,0.012488849241748479,0.007013442431326733,-0.05464204401720213,-0.01222561822728535,0.037664783427495296,-0.013337038066129459,-0.022143247676325806,-0.013942044833242184,-0.02132312739201747,-0.011669908307863297,-0.02797955340328223,-0.02690341673392521,0.03328197226502316,0.013083556348498393,0.008474576271186474,-0.02367500672585421,0.03609541745134964,-0.03754889178617993,0.02588597842835133,0.0,-0.0164024056861673,0.01070472792149868,-0.006668519033064729,0.005552308591466992,0.024653312788906034,-0.06140997297961187,-0.011669908307863297,0.0,0.023607748184019395,-0.0164024056861673,0.03261912376079318,-0.03598435462842242,0.0,0.030700351774864132,-0.019682886823400803,-0.04486540378863407,0.0,0.0,-0.021186440677966045,-0.02383474576271183,0.014867677668748136,0.0,-0.007779938871908837,-0.01829432337906911,-0.004519774011299438,-0.013121924548933794,0.0,0.023420647149460738,0.0,-0.01230180426462546,-0.019682886823400803,0.005844535359438963,-0.014762165117550574,-0.0687791697371653,0.0,-0.018042646254784023,-0.0031073446327683774,-0.01222561822728535,0.0,-0.02690341673392521,0.014867677668748136,-0.005932203389830526
0.02690341673392521,1.0,0.14565826330532217,0.0,-0.010912698412698263,0.07539682539682535,0.04845446950710114,0.07184628237259827,0.0793650793650793,0.0,-0.015151515151515138,-0.015151515151515138,0.0357142857142857,0.07722832722832723,0.019841269841269826,0.08333333333333337,0.0,0.06695526695526693,0.05365079365079367,0.1031746031746032,0.046783625730994205,0.02152273338714017,0.02301587301587299,0.016666666666666663,0.02797955340328223,0.011449388498568858,0.024751143395211228,0.009888108248764016,-0.012210012210012222,0.05291005291005296,-0.018759018759018697,-0.03221985311537556,0.049603174603174593,-0.041269841269841234,-0.0054563492063491315,0.0,-0.03809523809523807,-0.005952380952380876,0.033416875522138734,0.04241926655719758,-0.02369106846718788,0.014051522248243575,0.05026455026455029,0.013531095498308665,0.00691244239631339,0.005120327700972871,0.0058883768561188155,0.010408534998698982,0.0,0.0,0.06002886002886004,0.0685045948203844,0.049261083743842415,0.0,0.08465608465608465,-0.01904761904761898,0.09235209235209241,0.04735001345170842,0.005376344086021501,0.028404344193817876,0.013531095498308665,0.025998905309250142,0.03924963924963926,-0.040027605244996545,0.014571948998178541,0.025827280064568248,0.05952380952380948,0.006400409626216075,0.08984725965858048,-0.01758241758241752,0.03658864675813822,0.07487271638215037,0.009472606246799797,-0.03734827264239027,0.02690341673392521,0.02367500672585421,-0.007688492063491981,-0.00694444444444442,0.04010025062656647,0.029055690072639195,0.011449388498568858,0.0,0.019841269841269826,0.006144393241167445,0.029055690072639195,0.05310245310245315,0.025827280064568248,0.006400409626216075,0.009728622631848483,0.04105090311986864,0.005632360471070186,-0.03864734299516909,0.02690341673392521,0.005120327700972871,0.017460317460317454,0.016133229247983383,0.025827280064568248,0.0,0.04177109440267335,0.017460317460317454
-0.047856430707876374,-0.14565826330532217,1.0,-0.11204481792717086,-0.13541666666666663,-0.05602240896358546,-0.045407636738906076,-0.06811145510835914,-0.05427170868347342,-0.048552754435107426,-0.089126559714795,-0.11140819964349374,-0.02626050420168069,-0.005656108597285048,-0.06764705882352945,-0.06302521008403361,-0.09337068160597572,-0.03422459893048124,0.005490196078431375,0.007058823529411784,-0.05159958720330238,-0.05583250249252242,-0.06764705882352945,-0.06764705882352945,-0.050515121302758426,-0.06107360977177756,-0.047856430707876374,-0.0514304082288653,-0.10558069381598795,-0.02178649237472763,-0.089126559714795,-0.11237928007023706,-0.02801120448179273,-0.12240896358543418,-0.0716911764705882,-0.09337068160597572,-0.11708683473389359,-0.06770833333333331,-0.030959752321981393,-0.05206220419202162,-0.07960199004975127,-0.0514304082288653,-0.01633986928104575,-0.06428801028608161,-0.06609740670461733,-0.05218216318785579,-0.06609740670461733,-0.04500160720025714,-0.0859010270774977,-0.0672268907563025,-0.024242424242424232,-0.0722394220846233,-0.06862745098039214,-0.08963585434173671,-0.03376906318082784,-0.13092006033182496,-0.04135472370766491,-0.09039548022598876,-0.06609740670461733,-0.026831785345717257,-0.06750241080038571,-0.030764029749831,-0.01568627450980392,-0.09718670076726343,-0.054644808743169404,-0.04519774011299438,-0.040266106442577054,-0.06261859582542695,-0.015538290788013276,-0.11402714932126695,-0.07710202725157861,-0.013318534961154205,-0.09740670461733081,-0.11274509803921567,-0.061149883682286466,-0.050515121302758426,-0.10753676470588236,-0.09558823529411759,-0.030959752321981393,-0.04253904951811238,-0.06428801028608161,-0.048552754435107426,-0.055882352941176494,-0.07653383934218849,-0.05317381189764042,-0.027094474153297687,-0.05583250249252242,-0.06957621758380772,-0.09392789373814042,-0.03786342123056119,-0.05218216318785579,-0.08184143222506396,-0.03190428713858423,-0.045224541429475046,-0.03529411764705884,-0.06428801028608161,-0.03456297773346631,-0.06349206349206349,-0.04127966976264186,-0.050000000000000044
0.01721818670971209,0.0,0.11204481792717086,1.0,-0.009672619047618958,0.0575396825396825,0.046783625730994205,0.0634920634920636,0.06547619047619047,0.0,-0.015873015873015872,-0.021645021645021634,0.037698412698412676,0.06379731379731379,0.019841269841269826,0.05952380952380948,0.0,0.05772005772005773,0.06603174603174605,0.09492063492063496,0.04511278195488727,0.01829432337906911,0.016666666666666663,0.01428571428571429,0.02797955340328223,0.010408534998698982,0.02152273338714017,0.008847254748894084,-0.010744810744810707,0.05026455026455029,-0.015873015873015872,-0.028429282160625458,0.041666666666666685,-0.031746031746031744,-0.004960317460317443,0.0,-0.04285714285714287,-0.005208333333333315,0.03508771929824567,0.04378762999452657,-0.024638711205875352,0.011969815248503823,0.042328042328042326,0.009888108248764016,0.005376344086021501,0.005376344086021501,0.004608294930875556,0.009888108248764016,0.0,0.0,0.03463203463203465,0.05179615705931501,0.03968253968253971,0.0,0.06878306878306883,-0.017094017094017033,0.0854256854256854,0.04196933010492332,0.005120327700972871,0.033416875522138734,0.013531095498308665,0.030103995621237056,0.03463203463203465,-0.040027605244996545,0.0130106687483737,0.02044659671778315,0.055555555555555525,0.00691244239631339,0.07187780772686442,-0.01562881562881563,0.029055690072639195,0.06888289907157841,0.008448540706605168,-0.04318394024276373,0.02690341673392521,0.01937046004842613,-0.007192460317460292,-0.006200396825396803,0.033416875522138734,0.02259887005649719,0.010928961748633892,0.0,0.015873015873015872,0.004352278545826926,0.02152273338714017,0.04386724386724389,0.025827280064568248,0.005376344086021501,0.009728622631848483,0.0451559934318555,0.006400409626216075,-0.041407867494824,0.031207963411353234,0.005376344086021501,0.018253968253968245,0.010928961748633892,0.02690341673392521,0.0,0.04177109440267335,0.020634920634920673
0.033103813559322015,0.010912698412698263,0.13541666666666663,0.009672619047618958,1.0,0.08705357142857129,0.046052631578947345,0.07291666666666674,0.08705357142857129,0.005208333333333315,-0.009469696969696961,-0.013731060606060608,0.05133928571428564,0.06129807692307687,0.03229166666666655,0.06919642857142844,0.006696428571428548,0.08181818181818179,0.07437500000000002,0.1225,0.06332236842105265,0.03177966101694912,0.031249999999999944,0.02604166666666663,0.033103813559322015,0.01690573770491799,0.033103813559322015,0.020747950819672123,-0.006971153846153821,0.07523148148148145,-0.009943181818181823,-0.022388059701492602,0.0647321428571428,-0.04419642857142858,0.0,0.007936507936507908,-0.03750000000000003,0.0,0.04221491228070173,0.03556034482758619,-0.01958955223880604,0.019211065573770503,0.06365740740740738,0.019979508196721285,0.013608870967741937,0.009576612903225812,0.012600806451612878,0.019979508196721285,0.007688492063491981,0.00644841269841262,0.04857954545454546,0.06716008771929816,0.051724137931034475,0.009424603174603141,0.09837962962962965,-0.01009615384615381,0.08437499999999998,0.05031779661016944,0.01209677419354832,0.04029605263157898,0.019979508196721285,0.030711206896551713,0.03068181818181817,-0.029438405797101497,0.02151639344262296,0.038400423728813526,0.0558035714285714,0.010584677419354815,0.08755896226415094,-0.009375000000000022,0.045021186440677874,0.06485849056603776,0.01814516129032251,-0.02849264705882354,0.03575211864406774,0.02913135593220334,0.0,0.0,0.038377192982456176,0.02913135593220334,0.018442622950819665,0.005208333333333315,0.027083333333333293,0.010080645161290314,0.03442796610169485,0.06136363636363634,0.03575211864406774,0.014112903225806439,0.017137096774193505,0.04364224137931033,0.010080645161290314,-0.028306159420289856,0.027807203389830504,0.01209677419354832,0.01770833333333327,0.0222848360655738,0.02913135593220334,0.007440476190476164,0.05180921052631582,0.02604166666666663
-0.02542372881355931,-0.07539682539682535,0.05602240896358546,-0.0575396825396825,-0.08705357142857129,1.0,-0.007518796992481147,-0.009398496240601406,0.0,-0.04365079365079366,-0.06764069264069261,-0.0649350649350649,0.0,0.019230769230769218,-0.029761904761904767,0.0,-0.04563492063492064,0.00876623376623381,0.025714285714285745,0.06214285714285728,-0.006892230576441061,-0.019975786924939454,-0.033333333333333326,-0.02380952380952378,-0.023607748184019395,-0.032201405152224805,-0.016343825665859568,-0.030737704918032793,-0.059340659340659296,0.015211640211640232,-0.059523809523809534,-0.08208955223880599,0.0,-0.0892857142857143,-0.05357142857142849,-0.061507936507936456,-0.06428571428571428,-0.05133928571428564,-0.0037593984962405735,-0.014162561576354649,-0.06743070362473347,-0.02781030444964866,0.011243386243386277,-0.04391100702576106,-0.04320276497695852,-0.0259216589861751,-0.038018433179723476,-0.033665105386416816,-0.0714285714285714,-0.051587301587301626,0.008441558441558417,-0.010964912280701733,-0.01908866995073888,-0.06547619047619047,0.025132275132275228,-0.10137362637362624,0.009415584415584433,-0.03087167070217922,-0.039746543778801824,-0.005639097744360888,-0.036592505854800894,-0.009852216748768461,0.005519480519480535,-0.09083850931677012,-0.042447306791568995,-0.02542372881355931,0.0,-0.031105990783410142,0.0242587601078168,-0.08159340659340664,-0.02723970944309928,0.019204851752021634,-0.05011520737327185,-0.08193277310924368,-0.02088377723970941,-0.019067796610169496,-0.058035714285714246,-0.05357142857142849,-0.004699248120300703,-0.019067796610169496,-0.026346604215456648,-0.031746031746031744,-0.022619047619047594,-0.032834101382488434,-0.018159806295399483,0.006818181818181834,-0.017251815980629526,-0.039746543778801824,-0.05357142857142849,-0.010467980295566504,-0.029377880184331795,-0.07738095238095233,-0.012711864406779655,-0.03456221198156678,-0.016666666666666663,-0.03951990632318497,-0.014527845036319653,-0.051587301587301626,-0.010025062656641603,-0.030952380952380953
-0.014272970561998222,-0.04845446950710114,0.045407636738906076,-0.046783625730994205,-0.046052631578947345,0.007518796992481147,1.0,0.0,0.00877192982456132,-0.0367585630743526,-0.06698564593301443,-0.052631578947368474,0.0037593984962405735,0.026990553306342757,-0.014912280701754432,0.00971177944862145,-0.05012531328320807,0.01786283891547047,0.034385964912280687,0.06631578947368422,0.0,-0.009515313707998851,-0.024561403508772006,-0.01666666666666672,-0.011894142134998564,-0.023008340523439752,-0.01129943502824865,-0.01380500431406384,-0.06909581646423751,0.010721247563352826,-0.062200956937799035,-0.07593610892903907,0.005639097744360888,-0.068421052631579,-0.04029605263157898,-0.04511278195488727,-0.055388471177944876,-0.038377192982456176,0.0,-0.006352087114337601,-0.04975124378109458,-0.025309174575783744,0.015594541910331383,-0.02070750647109576,-0.021222410865874397,-0.02688172043010756,-0.02688172043010756,-0.02070750647109576,-0.04344193817878034,-0.0367585630743526,0.011483253588516762,0.0,-0.00937689050211743,-0.04177109440267335,0.01949317738791423,-0.0669365721997301,0.01977671451355656,-0.014867677668748136,-0.031126202603282416,0.0,-0.025309174575783744,-0.004839685420447659,0.011483253588516762,-0.06712433257055683,-0.029910842680471672,-0.011894142134998564,0.010025062656641603,-0.03537068477645727,0.0344256868586561,-0.05398110661268557,-0.017841213202497874,0.0344256868586561,-0.042444821731748794,-0.08797729618163053,-0.013083556348498393,-0.011894142134998564,-0.038377192982456176,-0.04221491228070173,0.0,-0.017246506095747904,-0.026459591601955712,-0.02172096908939017,-0.00877192982456143,-0.031126202603282416,-0.008325899494498995,0.010207336523125998,-0.010110020814748766,-0.014148273910582931,-0.04951895868704015,-0.006352087114337601,-0.025466893039049254,-0.08543096872616329,-0.013678263455248307,-0.029711375212224167,-0.011403508771929832,-0.01840667241875177,-0.010110020814748766,-0.038429406850459535,0.0,-0.023684210526315863
-0.011894142134998564,-0.07184628237259827,0.06811145510835914,-0.0634920634920636,-0.07291666666666674,0.009398496240601406,0.0,1.0,0.011278195488721776,-0.026733500417710943,-0.062200956937799035,-0.055023923444976086,0.0034461152882205304,0.02867746288798917,-0.01578947368421052,0.009398496240601406,-0.038429406850459535,0.019138755980861233,0.0368421052631579,0.05157894736842106,0.0,-0.01070472792149868,-0.02192982456140352,-0.018421052631579005,-0.013083556348498393,-0.019557089444923792,-0.007731192387749053,-0.012654587287891872,-0.06045883940620789,0.011695906432748537,-0.050239234449760806,-0.06284367635506682,0.005325814536340845,-0.07167919799498751,-0.03645833333333337,-0.05680868838763575,-0.07167919799498751,-0.03453947368421051,0.0,-0.007562008469449488,-0.060225189840272364,-0.023008340523439752,0.01364522417153996,-0.023008340523439752,-0.022637238256932646,-0.01839275608375779,-0.02405206564799095,-0.012654587287891872,-0.04177109440267335,-0.03508771929824567,0.011483253588516762,0.0,-0.00877192982456143,-0.05179615705931501,0.023391812865497075,-0.07125506072874499,0.026156299840510266,-0.0267618198037467,-0.028296547821165863,0.0,-0.034512510785159656,-0.005444646098003603,0.005741626794258381,-0.06407322654462244,-0.02876042565429965,-0.007731192387749053,0.009085213032581363,-0.033955857385399024,0.033101621979477025,-0.07989203778677456,-0.01843592030924779,0.029129427341939795,-0.042444821731748794,-0.09081527347781215,-0.017841213202497874,-0.013678263455248307,-0.04989035087719296,-0.04029605263157898,0.0,-0.012488849241748479,-0.023008340523439752,-0.028404344193817876,-0.01754385964912286,-0.03537068477645727,-0.01070472792149868,0.01275917065390747,-0.013083556348498393,-0.02405206564799095,-0.05234861346915676,-0.006049606775559602,-0.02688172043010756,-0.07017543859649122,-0.010110020814748766,-0.02688172043010756,-0.013157894736842146,-0.026459591601955712,-0.007136485280999111,-0.03508771929824567,0.0,-0.02017543859649129
-0.02088377723970941,-0.0793650793650793,0.05427170868347342,-0.06547619047619047,-0.08705357142857129,0.0,-0.00877192982456132,-0.011278195488721776,1.0,-0.0357142857142857,-0.0649350649350649,-0.06222943722943719,0.0,0.020604395604395642,-0.02619047619047621,0.0,-0.041666666666666685,0.00779220779220785,0.032142857142857195,0.055714285714285716,-0.006892230576441061,-0.016343825665859568,-0.030952380952380953,-0.02380952380952378,-0.022699757869249382,-0.030737704918032793,-0.017251815980629526,-0.02781030444964866,-0.07170329670329662,0.010582010582010581,-0.06764069264069261,-0.07622601279317698,0.0,-0.08214285714285713,-0.0401785714285714,-0.06944444444444442,-0.08214285714285713,-0.042410714285714246,-0.0034461152882205304,-0.012931034482758619,-0.07329424307036247,-0.033665105386416816,0.009920634920634941,-0.03805620608899296,-0.038018433179723476,-0.029377880184331795,-0.031105990783410142,-0.030737704918032793,-0.06349206349206349,-0.047619047619047616,0.00779220779220785,-0.010025062656641603,-0.018472906403940836,-0.06746031746031744,0.017857142857142905,-0.10384615384615381,0.01103896103896107,-0.03450363196125905,-0.03456221198156678,-0.006265664160400919,-0.03805620608899296,-0.009236453201970418,0.004870129870129913,-0.0740165631469979,-0.03951990632318497,-0.02088377723970941,0.0,-0.036290322580645185,0.021226415094339646,-0.08159340659340664,-0.024515738498789352,0.020215633423180668,-0.0518433179723502,-0.0850840336134453,-0.019975786924939454,-0.019067796610169496,-0.06696428571428564,-0.0558035714285714,-0.005325814536340845,-0.019067796610169496,-0.024882903981264637,-0.031746031746031744,-0.025000000000000022,-0.031105990783410142,-0.017251815980629526,0.0061688311688312125,-0.019975786924939454,-0.038018433179723476,-0.062211981566820285,-0.01108374384236449,-0.031105990783410142,-0.08074534161490682,-0.014527845036319653,-0.03456221198156678,-0.015476190476190477,-0.03805620608899296,-0.01361985472154964,-0.04563492063492064,-0.009085213032581363,-0.02857142857142858
0.0161420500403551,0.0,0.048552754435107426,0.0,-0.005208333333333315,0.04365079365079366,0.0367585630743526,0.026733500417710943,0.0357142857142857,1.0,-0.01803751803751802,-0.022366522366522368,0.019841269841269826,0.04700854700854698,0.017460317460317454,0.02976190476190474,0.0,0.03694083694083694,0.05777777777777779,0.061904761904761935,0.0317460317460318,0.01937046004842613,0.019047619047619035,0.019047619047619035,0.03766478342749524,0.011969815248503823,0.02367500672585421,0.010928961748633892,-0.011233211233211193,0.044973544973545,-0.01803751803751802,-0.02653399668325046,0.0357142857142857,-0.03492063492063491,-0.0054563492063491315,0.0,-0.03492063492063491,-0.006696428571428548,0.028404344193817876,0.021893814997263283,-0.02369106846718788,0.0130106687483737,0.042328042328042326,0.012490241998438789,0.006144393241167445,0.00665642601126476,0.005120327700972871,0.0130106687483737,0.0,0.0,0.04848484848484852,0.028404344193817876,0.023262178434592218,0.0,0.06084656084656087,-0.013675213675213682,0.03232323232323234,0.0161420500403551,0.010240655401945742,0.028404344193817876,0.0130106687483737,0.021893814997263283,0.03924963924963926,-0.023464458247066944,0.009888108248764016,0.030131826741996215,0.0357142857142857,0.005376344086021501,0.0539083557951483,-0.01025641025641022,0.02044659671778315,0.04192872117400423,0.005632360471070186,-0.033846872082166135,0.02259887005649719,0.025827280064568248,-0.004216269841269826,-0.0054563492063491315,0.033416875522138734,0.02152273338714017,0.0078064012490242085,0.0,0.017460317460317454,0.004864311315924241,0.01829432337906911,0.046176046176046204,0.02259887005649719,0.004608294930875556,0.005376344086021501,0.025998905309250142,0.0058883768561188155,-0.04416839199447897,0.024751143395211228,0.007424475166410649,0.012698412698412653,0.010928961748633892,0.025827280064568248,0.0,0.038429406850459535,0.018253968253968245
0.04673857216230093,0.015151515151515138,0.089126559714795,0.015873015873015872,0.009469696969696961,0.06764069264069261,0.06698564593301443,0.062200956937799035,0.0649350649350649,0.01803751803751802,1.0,0.0,0.040584415584415556,0.08158508158508154,0.03636363636363632,0.0649350649350649,0.02020202020202022,0.06666666666666671,0.09212121212121216,0.10181818181818186,0.057416267942583754,0.034155110426296875,0.03939393939393937,0.034848484848484795,0.04494093477144323,0.02608047690014903,0.028762198253723642,0.018628912071535025,0.007226107226107281,0.0505050505050505,0.0,-0.004070556309362261,0.03517316017316016,-0.019047619047619035,0.008522727272727293,0.015873015873015872,-0.016450216450216437,0.007575757575757597,0.026315789473684237,0.0376175548589342,-0.004522840343735901,0.01614505712866368,0.04713804713804717,0.02732240437158473,0.014662756598240456,0.016617790811339184,0.014662756598240456,0.02235469448584204,0.019480519480519487,0.015873015873015872,0.07575757575757575,0.04784688995215314,0.05851619644723094,0.01803751803751802,0.06734006734006737,0.006526806526806539,0.07272727272727275,0.03954802259887008,0.026392961876832877,0.057416267942583754,0.03477396920019876,0.041797283176593536,0.06060606060606061,-0.01712779973649542,0.03353204172876306,0.04134565998972778,0.07305194805194803,0.025415444770283457,0.10777587192681531,0.005827505827505797,0.04134565998972778,0.08176100628930827,0.02052785923753664,-0.013814616755793152,0.04673857216230093,0.05392912172573183,0.009943181818181823,0.009943181818181823,0.040669856459330134,0.023369286081150464,0.02608047690014903,0.012987012987012991,0.024242424242424204,0.029325513196480912,0.030559835644581368,0.06363636363636366,0.034155110426296875,0.018572825024437967,0.029325513196480912,0.043887147335423204,0.025415444770283457,-0.015151515151515138,0.03235747303543912,0.019550342130987275,0.027272727272727282,0.02359662195727774,0.025166923472008218,0.012987012987012991,0.057416267942583754,0.040909090909090895
0.017976373908577287,0.015151515151515138,0.11140819964349374,0.021645021645021634,0.013731060606060608,0.0649350649350649,0.052631578947368474,0.055023923444976086,0.06222943722943719,0.022366522366522368,0.0,1.0,0.05411255411255406,0.04895104895104893,0.040909090909090895,0.03787878787878787,0.02669552669552666,0.06363636363636366,0.08242424242424246,0.09212121212121216,0.0717703349282297,0.04853620955315868,0.037878787878787845,0.05909090909090908,0.050333846944016436,0.03725782414307005,0.04494093477144323,0.03353204172876306,0.007925407925407968,0.09090909090909094,0.0,-0.004070556309362261,0.043290043290043295,-0.01991341991341994,0.011837121212121215,0.013708513708513725,-0.020779220779220786,0.006628787878787901,0.038277511961722493,0.033437826541274834,-0.0038444142921755242,0.019870839542970725,0.057239057239057256,0.019870839542970725,0.01368523949169112,0.018572825024437967,0.011730205278592365,0.021112767014406342,0.014430014430014404,0.01010101010101011,0.033333333333333354,0.06459330143540676,0.041797283176593536,0.017316017316017285,0.08417508417508418,0.006526806526806539,0.054545454545454564,0.03775038520801233,0.03714565004887593,0.05980861244019137,0.03974167908594145,0.050156739811912265,0.04848484848484849,-0.012516469038208133,0.02732240437158473,0.04853620955315868,0.04870129870129869,0.022482893450635366,0.0891938250428817,0.004195804195804231,0.03954802259887008,0.07432818753573472,0.026392961876832877,-0.015151515151515138,0.06471494607087824,0.050333846944016436,0.013257575757575801,0.013257575757575801,0.019138755980861247,0.023369286081150464,0.043467461500248494,0.012265512265512257,0.028787878787878807,0.026392961876832877,0.03595274781715457,0.05757575757575761,0.04494093477144323,0.02346041055718473,0.026392961876832877,0.04597701149425293,0.016617790811339184,-0.017786561264822087,0.04134565998972778,0.014662756598240456,0.022727272727272707,0.01614505712866368,0.023369286081150464,0.015151515151515138,0.040669856459330134,0.030303030303030276
-0.01543583535108961,-0.0357142857142857,0.02626050420168069,-0.037698412698412676,-0.05133928571428564,0.0,-0.0037593984962405735,-0.0034461152882205304,0.0,-0.019841269841269826,-0.040584415584415556,-0.05411255411255406,1.0,0.02472527472527475,-0.02857142857142858,0.0,-0.04563492063492064,0.0061688311688312125,0.032142857142857195,0.055714285714285716,-0.006265664160400919,-0.02088377723970941,-0.01904761904761909,-0.01904761904761909,-0.009987893462469727,-0.030737704918032793,-0.026331719128329267,-0.03951990632318497,-0.059340659340659296,0.017857142857142905,-0.0514069264069264,-0.055703624733475454,0.0,-0.07857142857142857,-0.0558035714285714,-0.049603174603174593,-0.09642857142857142,-0.03348214285714282,-0.006265664160400919,-0.008620689655172403,-0.06449893390191896,-0.024882903981264637,0.011904761904761918,-0.032201405152224805,-0.04147465437788017,-0.032834101382488434,-0.038018433179723476,-0.03512880562060883,-0.0357142857142857,-0.0357142857142857,0.004220779220779208,-0.006265664160400919,-0.010467980295566504,-0.03968253968253965,0.01322751322751331,-0.04697802197802192,0.0032467532467532756,-0.014527845036319653,-0.022465437788018433,-0.005639097744360888,-0.01902810304449648,-0.01908866995073888,0.008441558441558417,-0.09420289855072461,-0.02781030444964866,-0.019067796610169496,0.0,-0.032834101382488434,0.01617250673854448,-0.049450549450549386,-0.022699757869249382,0.014150943396226467,-0.036290322580645185,-0.05042016806722688,-0.010895883777239684,-0.016343825665859568,-0.046875,-0.05133928571428564,-0.006892230576441061,-0.01361985472154964,-0.02927400468384067,-0.037698412698412676,-0.025000000000000022,-0.029377880184331795,-0.02088377723970941,0.006493506493506551,-0.016343825665859568,-0.05011520737327185,-0.03456221198156678,-0.014778325123152636,-0.036290322580645185,-0.06392339544513453,-0.018159806295399483,-0.0259216589861751,-0.027380952380952395,-0.03805620608899296,-0.019975786924939454,-0.04563492063492064,-0.006578947368421018,-0.025000000000000022
-0.04106910039113432,-0.07722832722832723,0.005656108597285048,-0.06379731379731379,-0.06129807692307687,-0.019230769230769218,-0.026990553306342757,-0.02867746288798917,-0.020604395604395642,-0.04700854700854698,-0.08158508158508154,-0.04895104895104893,-0.02472527472527475,1.0,-0.08205128205128209,-0.0288461538461538,-0.0537240537240537,-0.013636363636363641,0.01615384615384624,0.011538461538461553,-0.026990553306342757,-0.04563233376792697,-0.05897435897435899,-0.033333333333333326,-0.03194263363754887,-0.04823455233291296,-0.03194263363754887,-0.05390920554854978,-0.0692307692307692,-0.014245014245014176,-0.08974358974358976,-0.11194029850746268,-0.026098901098901117,-0.07417582417582419,-0.06850961538461536,-0.0537240537240537,-0.10384615384615381,-0.09014423076923073,-0.038798920377867696,-0.04177718832891242,-0.08180252583237657,-0.05958385876418659,-0.015669515669515632,-0.0510718789407314,-0.05893300248138955,-0.07444168734491313,-0.05272952853598012,-0.05674653215636816,-0.057081807081807046,-0.06043956043956045,-0.012587412587412555,-0.03205128205128199,-0.039787798408488007,-0.07722832722832723,-0.01282051282051283,-0.05769230769230771,-0.01678321678321676,-0.04335071707953064,-0.05893300248138955,-0.021929824561403494,-0.045397225725094525,-0.03779840848806365,-0.027272727272727282,-0.16583054626532878,-0.06242118537200503,-0.05704041720990871,-0.02472527472527475,-0.0682382133995037,-0.005442670537010141,-0.0807692307692307,-0.04335071707953064,-0.006531204644412147,-0.07133995037220842,-0.09049773755656104,-0.03422425032594528,-0.04335071707953064,-0.0757211538461538,-0.06850961538461536,-0.03542510121457482,-0.05932203389830509,-0.0510718789407314,-0.07051282051282048,-0.0435897435897436,-0.05893300248138955,-0.052477183833116,-0.020979020979020935,-0.04335071707953064,-0.06513647642679898,-0.06513647642679898,-0.05570291777188324,-0.05893300248138955,-0.13266443701226305,-0.05475880052151233,-0.07754342431761785,-0.0692307692307692,-0.06242118537200503,-0.05932203389830509,-0.06715506715506714,-0.023616734143049878,-0.046153846153846156
0.0053672316384180685,-0.019841269841269826,0.06764705882352945,-0.019841269841269826,-0.03229166666666655,0.029761904761904767,0.014912280701754432,0.01578947368421052,0.02619047619047621,-0.017460317460317454,-0.03636363636363632,-0.040909090909090895,0.02857142857142858,0.08205128205128209,1.0,0.027380952380952395,-0.019841269841269826,0.025757575757575812,0.08000000000000007,0.08000000000000007,0.023684210526315863,0.007627118644067787,0.0,0.0,0.004519774011299438,-0.006557377049180246,0.007627118644067787,-0.008743169398906958,-0.038461538461538436,0.06111111111111123,-0.03636363636363632,-0.04179104477611939,0.02380952380952378,-0.057142857142857106,-0.02499999999999991,-0.017460317460317454,-0.06904761904761902,-0.02604166666666663,0.02192982456140352,0.01149425287356326,-0.04179104477611939,-0.006010928961748596,0.04444444444444451,-0.006830601092896127,-0.01559139784946234,-0.017204301075268713,-0.01290322580645159,-0.007650273224043658,-0.020634920634920673,-0.020634920634920673,0.021212121212121238,0.02192982456140352,0.01609195402298852,-0.026984126984126888,0.05185185185185193,-0.03589743589743588,0.024242424242424288,0.005932203389830526,-0.013440860215053752,0.014912280701754432,-0.005191256830601065,0.012643678160919603,0.0378787878787879,-0.06739130434782603,-0.007923497267759483,0.011016949152542366,0.01785714285714285,-0.013440860215053752,0.04842767295597494,-0.030769230769230715,0.006779661016949212,0.04182389937106923,-0.014516129032258018,-0.04313725490196074,0.005649717514124297,0.005649717514124297,-0.02604166666666663,-0.02604166666666663,0.014912280701754432,0.005932203389830526,-0.00491803278688524,-0.015079365079365081,0.0,-0.010752688172043001,0.006779661016949212,0.03030303030303033,0.007062146892655385,-0.01505376344086018,-0.01236559139784943,0.01666666666666672,-0.01021505376344084,-0.05869565217391298,0.005932203389830526,-0.01505376344086018,0.0,-0.005737704918032771,0.0064971751412429835,-0.019047619047619035,0.014912280701754432,0.0
-0.02723970944309928,-0.08333333333333337,0.06302521008403361,-0.05952380952380948,-0.06919642857142844,0.0,-0.00971177944862145,-0.009398496240601406,0.0,-0.02976190476190474,-0.0649350649350649,-0.03787878787878787,0.0,0.0288461538461538,-0.027380952380952395,1.0,-0.04563492063492064,0.009740259740259827,0.03642857142857148,0.04928571428571432,-0.007832080200501246,-0.02088377723970941,-0.03452380952380951,-0.022619047619047594,-0.017251815980629526,-0.026346604215456648,-0.016343825665859568,-0.020491803278688492,-0.059340659340659296,0.011243386243386277,-0.08116883116883111,-0.10261194029850751,0.0,-0.09999999999999998,-0.05357142857142849,-0.049603174603174593,-0.0714285714285714,-0.05357142857142849,-0.005325814536340845,-0.017241379310344807,-0.055703624733475454,-0.032201405152224805,0.013888888888888895,-0.030737704918032793,-0.038018433179723476,-0.032834101382488434,-0.04147465437788017,-0.02341920374707257,-0.04365079365079366,-0.03968253968253965,0.007467532467532512,-0.00971177944862145,-0.02155172413793105,-0.051587301587301626,0.016534391534391568,-0.07170329670329662,0.01006493506493511,-0.028147699757869238,-0.031105990783410142,-0.005325814536340845,-0.02195550351288053,-0.008620689655172403,0.005519480519480535,-0.07065217391304346,-0.030737704918032793,-0.019067796610169496,0.0,-0.048387096774193505,0.029312668463611913,-0.0692307692307692,-0.02723970944309928,0.026280323450134813,-0.055299539170506895,-0.07878151260504201,-0.017251815980629526,-0.016343825665859568,-0.0558035714285714,-0.05133928571428564,-0.006265664160400919,-0.028147699757869238,-0.026346604215456648,-0.02976190476190474,-0.022619047619047594,-0.04147465437788017,-0.02088377723970941,0.006493506493506551,-0.016343825665859568,-0.029377880184331795,-0.05011520737327185,-0.014162561576354649,-0.0259216589861751,-0.08410973084886125,-0.017251815980629526,-0.031105990783410142,-0.01428571428571429,-0.02927400468384067,-0.016343825665859568,-0.041666666666666685,-0.006265664160400919,-0.01904761904761909
0.01829432337906911,0.0,0.09337068160597572,0.0,-0.006696428571428548,0.04563492063492064,0.05012531328320807,0.038429406850459535,0.041666666666666685,0.0,-0.02020202020202022,-0.02669552669552666,0.04563492063492064,0.0537240537240537,0.019841269841269826,0.04563492063492064,1.0,0.06464646464646467,0.08666666666666673,0.09492063492063496,0.07017543859649134,0.03336023675006722,0.030158730158730163,0.030952380952380953,0.01937046004842613,0.01769450949778817,0.029055690072639195,0.016133229247983383,-0.01758241758241752,0.07142857142857145,-0.012987012987012991,-0.018952854773750305,0.031746031746031744,-0.041269841269841234,-0.006696428571428548,0.0,-0.030158730158730163,-0.00322420634920631,0.02172096908939017,0.021893814997263283,-0.008528784648187626,0.0072859744990892705,0.05555555555555558,0.008847254748894084,0.004352278545826926,0.004096262160778297,0.0035842293906810097,0.0067655477491543325,0.0,0.0,0.025396825396825418,0.04010025062656647,0.03284072249589498,0.0,0.06084656084656087,-0.013675213675213682,0.04386724386724389,0.01937046004842613,0.007168458781362019,0.04344193817878034,0.010928961748633892,0.03147235905856599,0.03694083694083694,-0.0248447204968944,0.011969815248503823,0.02690341673392521,0.03968253968253965,0.005120327700972871,0.0808625336927224,-0.007814407814407814,0.030131826741996215,0.07487271638215037,0.008192524321556593,-0.02684407096171798,0.02797955340328223,0.03336023675006722,-0.007192460317460292,-0.007192460317460292,0.011695906432748551,0.0161420500403551,0.01925578974759301,0.0,0.012698412698412653,0.007936507936507964,0.029055690072639195,0.04386724386724389,0.01937046004842613,0.005632360471070186,0.00691244239631339,0.024630541871921208,0.0035842293906810097,-0.03036576949620423,0.02044659671778315,0.0038402457757296393,0.01428571428571429,0.0078064012490242085,0.011837503362927104,0.0,0.03007518796992481,0.012698412698412653
-0.030816640986132515,-0.06695526695526693,0.03422459893048124,-0.05772005772005773,-0.08181818181818179,-0.00876623376623381,-0.01786283891547047,-0.019138755980861233,-0.00779220779220785,-0.03694083694083694,-0.06666666666666671,-0.06363636363636366,-0.0061688311688312125,0.013636363636363641,-0.025757575757575812,-0.009740259740259827,-0.06464646464646467,1.0,0.027272727272727282,0.04545454545454547,-0.016586921850079706,-0.0357473035439137,-0.043939393939393945,-0.027272727272727282,-0.023420647149460738,-0.030402384500745172,-0.020955315870570146,-0.026825633383010444,-0.0755244755244755,0.004713804713804726,-0.06666666666666671,-0.06838534599728635,-0.007467532467532512,-0.1558441558441559,-0.07926136363636355,-0.06233766233766236,-0.06623376623376626,-0.03323863636363633,-0.006379585326953735,-0.017868338557993746,-0.058616010854816825,-0.026825633383010444,0.005723905723905742,-0.026825633383010444,-0.032844574780058644,-0.020527859237536666,-0.05131964809384165,-0.026825633383010444,-0.05310245310245315,-0.04386724386724389,0.0,-0.013397129186602852,-0.028213166144200663,-0.050793650793650835,0.0063973063973064015,-0.08111888111888105,0.0,-0.03328197226502316,-0.03489736070381233,-0.01275917065390747,-0.026825633383010444,-0.017868338557993746,0.0,-0.07009222661396575,-0.04292101341281668,-0.01972265023112485,-0.008441558441558417,-0.04516129032258065,0.02126929674099498,-0.09230769230769231,-0.0394453004622497,0.017152658662092646,-0.05131964809384165,-0.09732620320855617,-0.02588597842835133,-0.01972265023112485,-0.04602272727272727,-0.058806818181818155,-0.008293460925039853,-0.024653312788906034,-0.03934426229508198,-0.03463203463203465,-0.028787878787878807,-0.057478005865102655,-0.024653312788906034,0.0,-0.01972265023112485,-0.03900293255131965,-0.057478005865102655,-0.015047021943573657,-0.030791788856305013,-0.08853754940711467,-0.01725731895223423,-0.03489736070381233,-0.01666666666666669,-0.03397913561847987,-0.011093990755007721,-0.03694083694083694,-0.015311004784688997,-0.027272727272727282
-0.03355932203389833,-0.05365079365079367,-0.005490196078431375,-0.06603174603174605,-0.07437500000000002,-0.025714285714285745,-0.034385964912280687,-0.0368421052631579,-0.032142857142857195,-0.05777777777777779,-0.09212121212121216,-0.08242424242424246,-0.032142857142857195,-0.01615384615384624,-0.08000000000000007,-0.03642857142857148,-0.08666666666666673,-0.027272727272727282,1.0,0.0,-0.046666666666666634,-0.07322033898305086,-0.056666666666666754,-0.050000000000000044,-0.02745762711864408,-0.061311475409836114,-0.02135593220338984,-0.07573770491803283,-0.07846153846153847,-0.03259259259259262,-0.08727272727272728,-0.08626865671641798,-0.03428571428571431,-0.14857142857142858,-0.10499999999999998,-0.04952380952380955,-0.12571428571428578,-0.10499999999999998,-0.046666666666666634,-0.04965517241379308,-0.09641791044776121,-0.05049180327868852,-0.028148148148148144,-0.03967213114754101,-0.04645161290322583,-0.08129032258064522,-0.061935483870967756,-0.061311475409836114,-0.061904761904761935,-0.07428571428571429,-0.014545454545454556,-0.0319298245614035,-0.04689655172413798,-0.06603174603174605,-0.020740740740740726,-0.06,-0.02181818181818182,-0.039661016949152555,-0.05032258064516129,-0.0368421052631579,-0.06491803278688524,-0.04137931034482761,-0.027272727272727282,-0.09913043478260869,-0.07573770491803283,-0.045762711864406835,-0.032142857142857195,-0.09677419354838712,-0.023773584905660394,-0.07846153846153847,-0.05186440677966109,-0.01924528301886791,-0.06580645161290327,-0.09529411764705881,-0.05491525423728816,-0.04271186440677968,-0.09625,-0.05687499999999998,-0.04421052631578948,-0.02745762711864408,-0.061311475409836114,-0.09079365079365087,-0.050000000000000044,-0.09290322580645166,-0.04881355932203396,-0.027272727272727282,-0.06406779661016954,-0.061935483870967756,-0.061935483870967756,-0.05517241379310345,-0.09290322580645166,-0.1101449275362319,-0.06101694915254241,-0.1045161290322581,-0.06333333333333335,-0.054098360655737726,-0.05186440677966109,-0.04126984126984129,-0.027017543859649135,-0.06666666666666671
