0,1,2,3,4,5,6,7,8,9,10,11,12,13,14,15,16,17,18,19,20,21,22,23,24,25,26,27,28,29,30,31,32,33,34,35,36,37,38,39,40,41,42,43,44,45,46,47,48,49,50,51,52,53,54,55,56,57,58,59,60,61,62,63,64,65,66,67,68,69,70,71,72,73,74,75,76,77,78,79,80,81,82,83,84,85,86,87,88,89,90,91,92,93,94,95,96,97,98,99
1.0,-0.017316017316017285,0.0611325611325611,0.0,0.0,-0.010520487264673362,-0.023809523809523836,-0.011074197120708784,-0.05654761904761907,-0.032051282051282076,-0.03273809523809526,0.0034843205574912606,-0.024844720496894457,0.059523809523809534,0.04010025062656647,0.02619047619047621,-0.014069264069264065,0.012195121951219523,-0.019480519480519487,0.07936507936507942,0.052631578947368474,0.05148005148005147,-0.08503401360544216,-0.022222222222222254,-0.05059523809523808,0.03508771929824561,-0.026915113871635588,0.012195121951219523,-0.02922077922077926,-0.025396825396825418,0.022556390977443608,0.011033681765389047,0.09090909090909088,-0.0625,0.057915057915057855,0.0,0.02506265664160401,0.016483516483516453,0.0046457607433217085,0.01428571428571429,-0.019480519480519487,-0.024844720496894457,0.03258145363408527,0.009157509157509153,0.009523809523809545,0.009523809523809545,-0.016233766233766267,0.012195121951219523,-0.047619047619047616,-0.018633540372670815,0.030952380952380953,0.008710801393728151,-0.06462585034013607,0.02930402930402931,0.015476190476190477,0.0,0.05148005148005147,0.011033681765389047,-0.04571428571428576,-0.004429678848283519,-0.014285714285714318,-0.006644518272425293,0.006968641114982521,0.02930402930402931,0.03479853479853473,0.010452961672473837,-0.010520487264673362,-0.10582010582010581,-0.0331262939958592,-0.030158730158730218,0.0674603174603175,-0.05654761904761907,-0.011627906976744207,0.01785714285714285,-0.02532928064842957,0.013095238095238104,0.0,0.009872241579558627,0.006387921022067311,0.0,-0.02898550724637683,-0.01904761904761909,0.007326007326007328,-0.026984126984127,-0.023809523809523836,-0.03726708074534163,-0.012987012987012991,-0.028571428571428636,0.0,0.016666666666666663,-0.009966777408637939,-0.04305977710233028,0.0,-0.010822510822510817,-0.011904761904761918,0.02777777777777779,-0.0158730158730159,-0.014069264069264065,-0.035196687370600444,0.013095238095238104
0.017316017316017285,1.0,0.1117936117936118,0.030303030303030276,0.022727272727272763,0.010042283298097254,0.0,0.0174418604651162,-0.053030303030303094,-0.048951048951049014,-0.026515151515151547,0.016629711751662946,-0.010869565217391297,0.050505050505050525,0.05023923444976075,0.054545454545454564,0.0,0.0382483370288248,0.0,0.10606060606060613,0.06818181818181823,0.042997542997542965,-0.05102040816326531,-0.008080808080808133,-0.028409090909090884,0.04665071770334933,-0.008893280632411071,0.029933481152993324,0.0,-0.00909090909090915,0.03947368421052633,0.034922394678492286,0.08333333333333331,-0.024621212121212155,0.04729729729729726,0.016233766233766267,0.035885167464114825,0.046620046620046596,0.016629711751662946,0.054545454545454564,0.0,-0.013833992094861691,0.03229665071770335,0.017482517482517473,0.013636363636363641,0.020454545454545447,0.0,0.01829268292682923,-0.03246753246753248,-0.009881422924901184,0.036363636363636376,0.05487804878048774,-0.08116883116883122,0.07867132867132864,0.050000000000000044,0.022727272727272763,0.12039312039312033,0.039911308203991025,-0.046363636363636385,0.005813953488372048,-0.008080808080808133,0.007399577167019,0.026607538802660702,0.03205128205128205,0.040792540792540743,0.023281596452328135,0.013742071881606699,-0.08417508417508418,-0.013833992094861691,-0.0121212121212122,0.09595959595959602,-0.051136363636363646,0.011099365750528556,0.05681818181818177,-0.02756286266924557,0.027272727272727282,0.015151515151515138,0.029933481152993324,0.013303769401330351,0.022727272727272763,-0.01679841897233203,-0.004040404040404066,0.023310023310023298,-0.008585858585858586,-0.008080808080808133,-0.012845849802371523,0.0,-0.008585858585858586,0.015151515151515138,0.047727272727272785,0.008985200845665953,-0.017408123791102514,0.025974025974025983,0.0,0.0,0.03535353535353536,-0.004545454545454575,0.0,-0.013833992094861691,0.0159090909090909
-0.0611325611325611,-0.1117936117936118,1.0,-0.08365508365508367,-0.0643500643500643,-0.07919547454431175,-0.10319410319410316,-0.10559396605908233,-0.1548423423423423,-0.11694386694386694,-0.10529279279279274,-0.03427818061964405,-0.04759106933019974,0.008258258258258322,-0.008534850640113778,-0.03243243243243238,-0.0558968058968059,-0.05273566249176004,-0.04729729729729726,0.011261261261261313,-0.01280227596017064,0.0,-0.10590182018753441,-0.06246246246246251,-0.09909909909909909,-0.009957325746799417,-0.026439482961222074,-0.03691496374423203,-0.09459459459459452,-0.06246246246246251,-0.0035561877667140696,-0.050098879367172056,0.019656019656019652,-0.061936936936936915,0.0,-0.04504504504504503,-0.00782361308677093,-0.02217602217602216,-0.015820698747528034,-0.03243243243243238,-0.02579852579852579,-0.0898942420681551,-0.00284495021337125,-0.004158004158004158,-0.0020270270270270237,-0.0060810810810810745,-0.012899262899262895,-0.021094264996704026,-0.07942636514065085,-0.03701527614571093,-0.03648648648648645,-0.06591957811470006,-0.1588527302813017,-0.03049203049203042,-0.05067567567567566,-0.09009009009009006,0.0,-0.06328279499011213,-0.10540540540540538,-0.05279698302954117,-0.0960960960960961,-0.04148334380892521,-0.02636783124588002,-0.016632016632016633,-0.018018018018018056,-0.03955174686882007,-0.07165304839723446,-0.16166166166166168,-0.058166862514688555,-0.1057057057057057,0.014264264264264304,-0.12387387387387383,-0.07542426147077308,-0.04256756756756752,-0.09200690051753879,-0.02635135135135136,-0.057915057915057855,-0.04218852999340805,-0.015820698747528034,-0.05148005148005147,-0.06874265569917742,-0.03363363363363364,-0.00277200277200277,-0.06726726726726728,-0.06246246246246251,-0.05287896592244415,-0.0558968058968059,-0.04804804804804805,-0.05469755469755466,-0.02635135135135136,-0.04525455688246388,-0.046003450258769396,-0.05469755469755466,-0.03439803439803438,-0.05159705159705158,0.0030030030030030186,-0.024024024024024024,-0.02579852579852579,-0.07931844888366624,-0.02027027027027023
0.0,-0.030303030303030276,0.08365508365508367,1.0,0.0,-0.011074197120708784,-0.024891774891774965,-0.01661129568106323,-0.09523809523809523,-0.07326007326007328,-0.04464285714285715,0.007549361207897787,-0.018633540372670815,0.051587301587301626,0.04010025062656647,0.020238095238095277,-0.012987012987012991,0.011614401858304257,-0.019480519480519487,0.059523809523809534,0.042606516290726815,0.022522522522522515,-0.05102040816326531,-0.026984126984127,-0.03869047619047622,0.03007518796992481,-0.0082815734989648,0.011033681765389047,-0.023809523809523836,-0.020634920634920673,0.012531328320802004,0.013356562137049832,0.03246753246753248,-0.047619047619047616,0.025740025740025735,0.0,0.022556390977443608,0.02380952380952378,0.005807200929152129,0.01904761904761909,-0.009740259740259744,-0.024844720496894457,0.012531328320802004,0.005494505494505489,0.004761904761904773,0.004761904761904773,-0.008658008658008642,0.0046457607433217085,-0.047619047619047616,-0.018633540372670815,0.015476190476190477,0.016260162601625994,-0.1054421768707483,0.06410256410256399,0.029761904761904767,0.0,0.09009009009009006,0.018002322880371513,-0.07238095238095243,-0.007198228128460715,-0.03333333333333338,-0.007198228128460715,0.008710801393728151,0.025641025641025605,0.03479853479853473,0.010452961672473837,-0.008859357696567038,-0.1269841269841271,-0.026915113871635588,-0.03492063492063502,0.07936507936507942,-0.05654761904761907,-0.008859357696567038,0.020238095238095277,-0.04305977710233028,0.013095238095238104,0.0,0.008710801393728151,0.0029036004645760644,0.0,-0.031055900621118016,-0.014285714285714318,0.009157509157509153,-0.01904761904761909,-0.020634920634920673,-0.018633540372670815,-0.014069264069264065,-0.022222222222222254,0.0,0.016666666666666663,-0.008305647840531616,-0.030395136778115506,0.0,-0.010822510822510817,-0.016233766233766267,0.019841269841269854,-0.00793650793650795,-0.006493506493506496,-0.02898550724637683,0.009523809523809545
0.0,-0.022727272727272763,0.0643500643500643,0.0,1.0,-0.011627906976744207,-0.021645021645021634,-0.012735326688815163,-0.08630952380952384,-0.08699633699633702,-0.0535714285714286,0.007549361207897787,-0.014492753623188415,0.05555555555555558,0.047619047619047616,0.01904761904761909,-0.009740259740259744,0.008130081300812997,-0.016233766233766267,0.05555555555555558,0.02756892230576441,0.03539253539253534,-0.044217687074829926,-0.026984126984127,-0.035714285714285754,0.02756892230576441,-0.006211180124223614,0.009291521486643417,-0.019480519480519487,-0.01904761904761909,0.02506265664160401,0.011033681765389047,0.06493506493506496,-0.041666666666666685,0.028957528957528927,0.0,0.02756892230576441,0.02930402930402931,0.005807200929152129,0.01428571428571429,-0.012987012987012991,-0.022774327122153215,0.015037593984962405,0.016483516483516453,0.0035714285714285726,0.005952380952380959,-0.010822510822510817,0.006387921022067311,-0.05442176870748294,-0.02898550724637683,0.013095238095238104,0.012775842044134622,-0.08843537414965985,0.05494505494505486,0.025000000000000022,0.0,0.0643500643500643,0.013356562137049832,-0.08380952380952383,-0.008859357696567038,-0.03333333333333338,-0.006644518272425293,0.005807200929152129,0.025641025641025605,0.031135531135531136,0.011033681765389047,-0.009413067552602461,-0.10052910052910058,-0.020703933747412,-0.025396825396825418,0.05555555555555558,-0.041666666666666685,-0.00609080841638987,0.01428571428571429,-0.03799392097264437,0.011904761904761918,0.0,0.0046457607433217085,0.007549361207897787,0.0,-0.02898550724637683,-0.01746031746031751,0.007326007326007328,-0.0158730158730159,-0.014285714285714318,-0.018633540372670815,-0.012987012987012991,-0.011111111111111127,0.0,0.015476190476190477,-0.008859357696567038,-0.035460992907801414,0.0,-0.010822510822510817,-0.015151515151515138,0.02777777777777779,-0.00793650793650795,-0.008658008658008642,-0.0331262939958592,0.01428571428571429
0.010520487264673362,-0.010042283298097254,0.07919547454431175,0.011074197120708784,0.011627906976744207,1.0,-0.009513742071881548,0.0,-0.06298449612403101,-0.03622540250447226,-0.031492248062015504,0.009075439591605228,-0.015166835187057609,0.06782945736434115,0.0611995104039168,0.02790697674418613,-0.005813953488372048,0.013613159387407814,-0.007399577167019,0.07235142118863058,0.0611995104039168,0.01885606536769327,-0.05410536307546271,-0.009302325581395349,-0.036337209302325535,0.03977968176254598,-0.016683518705763345,0.015882019285309135,-0.013213530655390993,-0.01550387596899222,0.04895960832313351,0.02268859897901304,0.07047216349541935,-0.024224806201550375,0.02262727844123194,0.009966777408637939,0.052019583843329276,0.047704233750745395,0.00567214974475326,0.026162790697674465,-0.007399577167019,-0.015166835187057609,0.01835985312117505,0.02623732856291,0.010465116279069792,0.015697674418604673,-0.007399577167019,0.019285309132161088,-0.0626483151400094,-0.02730030333670369,0.02790697674418613,0.02382302892796373,-0.0626483151400094,0.042933810375670844,0.05058139534883732,0.0182724252491695,0.0678818353236958,0.024957458876914362,-0.048837209302325546,0.0,-0.01757105943152454,0.0,0.014747589336358502,0.0405485986881336,0.042933810375670844,0.02268859897901304,0.0,-0.08527131782945735,-0.010616784630940346,-0.013436692506459957,0.06782945736434115,-0.04118217054263562,0.0,0.0244186046511628,-0.019792182088075178,0.022674418604651192,0.011074197120708784,0.014747589336358502,0.020419739081111776,0.011627906976744207,-0.012133468149646082,-0.013436692506459957,0.014311270125223624,-0.012403100775193798,-0.012403100775193798,-0.015166835187057609,-0.008985200845665953,-0.009302325581395349,0.009966777408637939,0.026162790697674465,0.0,-0.023750618505690213,0.008859357696567038,-0.005813953488372048,-0.006342494714587699,0.06782945736434115,-0.013436692506459957,-0.007928118393234651,-0.03185035389282104,0.029651162790697738
0.023809523809523836,0.0,0.10319410319410316,0.024891774891774965,0.021645021645021634,0.009513742071881548,1.0,0.015856236786469302,-0.051136363636363646,-0.059440559440559426,-0.034090909090909116,0.02161862527716185,-0.007905138339920958,0.050505050505050525,0.05023923444976075,0.0636363636363636,0.0,0.041574279379157364,0.0,0.13131313131313138,0.06818181818181823,0.0558968058968059,-0.06725417439703152,-0.009595959595959602,-0.03598484848484845,0.03947368421052633,-0.007905138339920958,0.02827050997782704,0.0,-0.006565656565656608,0.035885167464114825,0.03325942350332589,0.13636363636363635,-0.03598484848484845,0.06449631449631449,0.019480519480519487,0.0215311004784689,0.03496503496503495,0.009977827050997756,0.0636363636363636,0.0,-0.017786561264822143,0.028708133971291877,0.011655011655011649,0.013636363636363641,0.011363636363636367,0.0,0.02161862527716185,-0.04174397031539889,-0.012845849802371523,0.040909090909090895,0.039911308203991025,-0.07421150278293132,0.0641025641025641,0.047727272727272785,0.025974025974025983,0.0988943488943489,0.03658536585365846,-0.05181818181818182,0.0068710359408033495,-0.007575757575757569,0.005813953488372048,0.02161862527716185,0.037878787878787845,0.040792540792540743,0.019955654101995512,0.01638477801268501,-0.0757575757575758,-0.015810276679841917,-0.013131313131313216,0.09090909090909094,-0.05681818181818177,0.013213530655390993,0.0636363636363636,-0.026112185686653744,0.040909090909090895,0.015151515151515138,0.02827050997782704,0.01829268292682923,0.019480519480519487,-0.01679841897233203,-0.006565656565656608,0.014568764568764561,-0.009595959595959602,-0.008585858585858586,-0.01679841897233203,0.0,-0.007070707070707116,0.019480519480519487,0.05227272727272736,0.008985200845665953,-0.018858800773694395,0.021645021645021634,0.0,0.0,0.015151515151515152,-0.00303030303030305,0.0,-0.018774703557312256,0.027272727272727282
0.011074197120708784,-0.0174418604651162,0.10559396605908233,0.01661129568106323,0.012735326688815163,0.0,-0.015856236786469302,1.0,-0.07509689922480622,-0.05232558139534882,-0.036337209302325535,0.012478729438457181,-0.012133468149646082,0.05878552971576234,0.04283965728274175,0.041860465116279166,-0.008456659619450246,0.030629608621667637,-0.009513742071881548,0.08139534883720939,0.07037943696450433,0.026398491514770583,-0.06549596582819167,-0.01653746770025838,-0.03391472868217055,0.0367197062423501,-0.006066734074823041,0.02268859897901304,-0.011099365750528556,-0.01550387596899222,0.012239902080783377,0.024957458876914362,0.07047216349541935,-0.036337209302325535,0.04148334380892521,0.006644518272425293,0.024479804161566754,0.031007751937984496,0.01134429948950652,0.03837209302325595,-0.005285412262156425,-0.018200202224469164,0.01835985312117505,0.0,0.001744186046511633,0.008720930232558155,-0.005813953488372048,0.007941009642654567,-0.04271476032273369,-0.0075834175935288045,0.03139534883720935,0.03516732841747017,-0.09112482202183181,0.06440071556350624,0.041860465116279166,0.013842746400886008,0.12067881835323702,0.034032898468519535,-0.052093023255813886,0.0,-0.018604651162790697,0.0,0.015882019285309135,0.02623732856291,0.042933810375670844,0.017016449234259767,0.0,-0.11843238587424626,-0.0227502527805864,-0.027906976744186074,0.10400516795865644,-0.0678294573643411,0.0,0.045348837209302384,-0.03562592775853529,0.022674418604651192,0.011074197120708784,0.020419739081111776,0.004537719795802614,0.010520487264673362,-0.030333670374115218,-0.01136950904392764,0.009540846750149087,-0.018604651162790697,-0.01550387596899222,-0.02123356926188069,-0.005285412262156425,-0.013436692506459957,0.006644518272425293,0.03139534883720935,0.0,-0.023750618505690213,0.011627906976744207,-0.005285412262156425,-0.008985200845665953,0.004521963824289411,-0.005167958656330754,-0.0026427061310782124,-0.0227502527805864,0.013953488372093065
0.05654761904761907,0.053030303030303094,0.1548423423423423,0.09523809523809523,0.08630952380952384,0.06298449612403101,0.051136363636363646,0.07509689922480622,1.0,-0.028846153846153855,0.0,0.042682926829268275,0.007246376811594207,0.10416666666666669,0.10416666666666669,0.09583333333333338,0.028409090909090884,0.08892276422764223,0.03977272727272724,0.15277777777777785,0.11513157894736847,0.07432432432432434,-0.009778911564625847,0.0222222222222222,0.0,0.08223684210526316,0.007246376811594207,0.07113821138211379,0.045454545454545525,0.01944444444444443,0.03837719298245615,0.07469512195121952,0.09469696969696972,0.0,0.0681306306306306,0.0625,0.06030701754385967,0.06730769230769229,0.035569105691056896,0.08333333333333337,0.020833333333333343,0.009057971014492766,0.03289473684210528,0.019230769230769232,0.020833333333333343,0.016666666666666677,0.020833333333333343,0.035569105691056896,-0.008503401360544172,0.010869565217391297,0.0625,0.08536585365853655,-0.013605442176870652,0.13942307692307687,0.10000000000000009,0.08333333333333337,0.16722972972972971,0.12804878048780488,-0.015833333333333366,0.031492248062015504,0.027777777777777735,0.02664728682170539,0.04979674796747968,0.06730769230769229,0.10576923076923078,0.06758130081300812,0.04844961240310075,-0.0625,0.019021739130434756,0.03888888888888886,0.15972222222222227,0.0,0.05813953488372092,0.09166666666666673,0.009751773049645418,0.050000000000000044,0.06547619047619052,0.06046747967479671,0.02489837398373984,0.05059523809523808,0.018115942028985532,0.016666666666666663,0.028846153846153855,0.024999999999999967,0.024999999999999967,0.012681159420289856,0.028409090909090884,0.0222222222222222,0.059523809523809534,0.07500000000000001,0.036337209302325535,0.005319148936170248,0.07142857142857151,0.01893939393939395,0.034090909090909116,0.03472222222222224,0.006944444444444434,0.013257575757575774,0.019021739130434756,0.054166666666666696
0.032051282051282076,0.048951048951049014,0.11694386694386694,0.07326007326007328,0.08699633699633702,0.03622540250447226,0.059440559440559426,0.05232558139534882,0.028846153846153855,1.0,0.0608974358974359,0.15478424015009373,0.042642140468227396,0.1880341880341881,0.13461538461538464,0.06923076923076929,0.08041958041958042,0.05159474671669792,0.048951048951049014,0.0854700854700855,0.09919028340080976,0.11694386694386694,0.017660910518053408,0.06581196581196574,0.044871794871794934,0.07793522267206479,0.0376254180602007,0.03095684803001876,0.034965034965034975,0.04786324786324786,0.11336032388663975,0.06191369606003752,0.15501165501165504,0.028846153846153855,0.07796257796257794,0.06868131868131871,0.0921052631578948,0.13461538461538464,0.0928705440900563,0.10961538461538461,0.04195804195804201,0.05016722408026758,0.0708502024291498,0.10256410256410259,0.08653846153846156,0.06346153846153849,0.031468531468531485,0.06707317073170732,0.018838304552590335,0.042642140468227396,0.08076923076923082,0.07223264540337715,0.017660910518053408,0.08974358974358976,0.08076923076923082,0.06410256410256415,0.10135135135135137,0.06707317073170732,0.02692307692307694,0.14087656529517,0.0837606837606838,0.06440071556350624,0.0928705440900563,0.12179487179487175,0.11538461538461536,0.11350844277673539,0.0603756708407871,-0.017806267806267817,0.05518394648829433,0.04786324786324786,0.14529914529914534,0.020833333333333315,0.056350626118068015,0.10384615384615387,0.05319148936170215,0.12115384615384622,0.04578754578754579,0.08771106941838647,0.08771106941838647,0.054945054945055,0.04515050167224083,0.04786324786324786,0.11538461538461536,0.03888888888888886,0.05085470085470084,0.040133779264214076,0.05244755244755245,0.03290598290598287,0.07326007326007328,0.06923076923076929,0.056350626118068015,0.03477905073649756,0.08241758241758246,0.06293706293706297,0.04195804195804201,0.09401709401709404,0.05085470085470084,0.04545454545454547,0.0376254180602007,0.08653846153846156
0.03273809523809526,0.026515151515151547,0.10529279279279274,0.04464285714285715,0.0535714285714286,0.031492248062015504,0.034090909090909116,0.036337209302325535,0.0,-0.0608974358974359,1.0,0.10315040650406493,0.012681159420289856,0.12500000000000006,0.09868421052631582,0.050000000000000044,0.0378787878787879,0.042682926829268275,0.024621212121212155,0.04861111111111113,0.07127192982456149,0.08051801801801806,-0.005527210884353706,0.02916666666666662,0.0,0.07127192982456149,0.009057971014492766,0.021341463414634138,0.017045454545454558,0.0222222222222222,0.09868421052631582,0.04979674796747968,0.13257575757575757,0.0,0.05574324324324323,0.029761904761904767,0.06578947368421056,0.08173076923076922,0.06046747967479671,0.06666666666666671,0.022727272727272763,0.019021739130434756,0.06030701754385967,0.05288461538461539,0.041666666666666685,0.033333333333333354,0.017045454545454558,0.03201219512195122,-0.005952380952380931,0.012681159420289856,0.07500000000000001,0.06046747967479671,-0.006802721088435326,0.07211538461538458,0.05833333333333335,0.047619047619047616,0.09909909909909909,0.03912601626016257,-0.028333333333333433,0.08720930232558133,0.040277777777777746,0.031492248062015504,0.05691056910569103,0.08173076923076922,0.06730769230769229,0.07825203252032514,0.04602713178294571,-0.04398148148148151,0.017210144927536197,0.020833333333333315,0.09722222222222227,0.0,0.031492248062015504,0.06666666666666671,0.01019503546099293,0.09583333333333338,0.0267857142857143,0.0533536585365853,0.04979674796747968,0.04464285714285715,0.015398550724637639,0.024999999999999967,0.0625,0.016666666666666663,0.01944444444444443,0.015398550724637639,0.028409090909090884,0.012499999999999983,0.035714285714285754,0.045833333333333365,0.03391472868217055,0.0066489361702127825,0.05059523809523808,0.03219696969696967,0.03219696969696967,0.06944444444444448,0.018055555555555547,0.022727272727272763,0.009963768115942045,0.05833333333333335
-0.0034843205574912606,-0.016629711751662946,0.03427818061964405,-0.007549361207897787,-0.007549361207897787,-0.009075439591605228,-0.02161862527716185,-0.012478729438457181,-0.042682926829268275,-0.15478424015009373,-0.10315040650406493,1.0,-0.04772004241781547,0.05420054200542013,0.02888318356867786,0.006707317073170793,-0.039911308203991025,0.0,-0.02161862527716185,0.02371273712737129,0.02310654685494229,0.03427818061964405,-0.047784967645594784,-0.04986449864498643,-0.06402439024390244,0.02888318356867786,-0.02651113467656413,0.0,-0.011640798226164067,-0.02818428184281846,0.01732991014120669,0.0,0.07095343680709537,-0.0533536585365853,0.02373104812129201,-0.0046457607433217085,0.00962772785622594,0.01375859912445282,0.0,0.00792682926829269,-0.013303769401330351,-0.05302226935312826,0.01732991014120669,0.010006253908692947,0.007317073170731769,0.0024390243902439185,-0.008314855875831473,0.0,-0.04380288700846188,-0.029162248144220526,0.008536585365853666,0.0,-0.06371329019412636,0.01375859912445282,0.006097560975609789,-0.006968641114982521,0.02373104812129201,0.0,-0.09219512195121954,-0.030629608621667637,-0.06937669376693767,-0.020419739081111776,0.0,0.025015634771732354,0.01876172607879928,0.0,-0.014747589336358502,-0.12917795844625107,-0.04772004241781547,-0.026016260162601612,0.04403794037940384,-0.046239837398374006,-0.018150879183210455,0.01036585365853665,-0.07784120394395422,0.009756097560975674,-0.006387921022067311,0.0,0.0,-0.006387921022067311,-0.05302226935312826,-0.03035230352303525,0.01751094434021261,-0.03252032520325199,-0.039024390243902474,-0.037115588547189826,-0.01829268292682923,-0.019512195121951237,-0.006968641114982521,0.005487804878048785,-0.010209869540555888,-0.02490918526206537,-0.007549361207897787,-0.016629711751662946,-0.02494456762749442,0.02371273712737129,-0.02384823848238482,-0.02161862527716185,-0.02651113467656413,0.006707317073170793
0.024844720496894457,0.010869565217391297,0.04759106933019974,0.018633540372670815,0.014492753623188415,0.015166835187057609,0.007905138339920958,0.012133468149646082,-0.007246376811594207,-0.042642140468227396,-0.012681159420289856,0.04772004241781547,1.0,0.07246376811594207,0.04576659038901601,0.026086956521739146,0.015810276679841917,0.02651113467656413,0.006916996047430846,0.042270531400966205,0.04118993135011442,0.06345475910693305,-0.015971606033717806,0.005314009661835706,-0.008152173913043487,0.06407322654462244,0.0,0.029162248144220526,0.010869565217391297,0.007729468599033784,0.06864988558352403,0.023860021208907733,0.05994729907773386,-0.010869565217391297,0.06874265569917742,0.031055900621118016,0.08237986270022885,0.03511705685618727,0.037115588547189826,0.026086956521739146,0.015810276679841917,0.0,0.07780320366132726,0.08584169453734669,0.0782608695652175,0.07173913043478264,0.01976284584980237,0.04241781548250262,-0.0252883762200532,0.0,0.05543478260869572,0.01590668080593849,-0.014640638864241357,0.023411371237458206,0.042391304347826064,0.022774327122153215,0.03172737955346652,0.013255567338282065,-0.015652173913043493,0.019716885743174872,0.008212560386473444,0.05460060667340738,0.06362672322375396,0.05072463768115937,0.03901895206243031,0.04241781548250262,0.0075834175935288045,-0.06441223832528181,0.0,0.004830917874396101,0.042270531400966205,-0.009963768115942045,0.019716885743174872,0.022826086956521746,-0.006012950971322872,0.01630434782608696,0.026915113871635588,0.03181336161187698,0.034464475079533374,0.0331262939958592,0.0,0.007729468599033784,0.08584169453734669,0.00724637681159418,0.008212560386473444,0.0,0.02075098814229248,0.010144927536231862,0.02898550724637683,0.03260869565217392,0.024266936299292163,-0.007400555041628121,0.014492753623188415,0.01679841897233203,0.014822134387351749,0.14492753623188415,0.01256038647342983,0.025691699604743046,0.0,0.05869565217391304
-0.059523809523809534,-0.050505050505050525,-0.008258258258258322,-0.051587301587301626,-0.05555555555555558,-0.06782945736434115,-0.050505050505050525,-0.05878552971576234,-0.10416666666666669,-0.1880341880341881,-0.12500000000000006,-0.05420054200542013,-0.07246376811594207,1.0,-0.032163742690058506,-0.030555555555555558,-0.06565656565656569,-0.027100271002710064,-0.08585858585858591,0.0,-0.032163742690058506,-0.00750750750750756,-0.1252834467120182,-0.050000000000000044,-0.11805555555555558,-0.016081871345029253,-0.06038647342995171,-0.020325203252032548,-0.0757575757575758,-0.10000000000000009,-0.01900584795321636,-0.04403794037940384,0.015151515151515138,-0.09027777777777785,-0.006756756756756799,-0.03174603174603177,-0.016081871345029253,-0.03418803418803423,-0.04403794037940384,-0.02777777777777779,-0.03535353535353536,-0.06038647342995171,-0.011695906432748537,-0.017094017094017117,-0.02777777777777779,-0.02777777777777779,-0.050505050505050525,-0.040650406504065095,-0.1031746031746032,-0.07850241545893721,-0.04722222222222222,-0.03387533875338758,-0.07369614512471656,-0.023504273504273532,-0.03611111111111115,-0.0674603174603175,-0.006006006006006037,-0.04742547425474258,-0.14777777777777784,-0.07235142118863058,-0.08888888888888896,-0.05878552971576234,-0.05420054200542013,-0.05555555555555569,-0.05128205128205132,-0.07791327913279145,-0.03165374677002586,-0.20370370370370378,-0.05434782608695654,-0.050000000000000044,0.0,-0.041666666666666685,-0.05426356589147291,-0.030555555555555558,-0.07151300236406621,-0.033333333333333326,-0.047619047619047616,-0.05420054200542013,-0.03726287262872635,-0.059523809523809534,-0.03623188405797104,-0.03888888888888892,-0.010683760683760701,-0.033333333333333354,-0.03888888888888892,-0.06038647342995171,-0.06060606060606061,-0.04444444444444448,-0.03968253968253971,-0.005555555555555557,-0.05426356589147291,-0.12352245862884159,-0.06349206349206354,-0.03535353535353536,-0.020202020202020207,0.0,-0.06111111111111117,-0.04545454545454547,-0.07246376811594207,-0.02777777777777779
-0.04010025062656647,-0.05023923444976075,0.008534850640113778,-0.04010025062656647,-0.047619047619047616,-0.0611995104039168,-0.05023923444976075,-0.04283965728274175,-0.10416666666666669,-0.13461538461538464,-0.09868421052631582,-0.02888318356867786,-0.04576659038901601,0.032163742690058506,1.0,-0.01578947368421052,-0.05023923444976075,-0.0211810012836971,-0.06100478468899523,0.013157894736842118,0.0,0.0056899004267425,-0.09452201933404941,-0.06959064327485381,-0.10416666666666669,0.0,-0.036613272311212836,-0.015404364569961526,-0.06818181818181823,-0.08596491228070186,0.0,-0.02503209242618748,0.03189792663476873,-0.06578947368421056,0.00640113798008532,-0.017543859649122806,0.0,-0.014170040485830038,-0.01925545571245188,-0.011842105263157904,-0.035885167464114825,-0.05491990846681927,0.0,-0.006072874493927155,-0.006578947368421045,-0.011842105263157904,-0.03947368421052633,-0.0211810012836971,-0.07679914070891519,-0.06864988558352403,-0.02105263157894738,-0.02888318356867786,-0.09452201933404941,-0.011470985155195679,-0.01710526315789479,-0.052631578947368474,0.00782361308677093,-0.03273427471116819,-0.12631578947368421,-0.04895960832313351,-0.07777777777777783,-0.0367197062423501,-0.03851091142490376,-0.01686909581646434,-0.018893387314440013,-0.06739409499358162,-0.03365973072215428,-0.17153996101364527,-0.036613272311212836,-0.04502923976608192,0.02777777777777779,-0.06578947368421056,-0.0367197062423501,-0.01842105263157895,-0.08566629339305709,-0.01710526315789479,-0.03759398496240601,-0.026957637997432615,-0.030808729139923052,-0.04010025062656647,-0.059496567505720854,-0.032748538011695943,-0.0026990553306342896,-0.028654970760233933,-0.028654970760233933,-0.03203661327231122,-0.03947368421052633,-0.020467836257309954,-0.015037593984962405,-0.009210526315789475,-0.03365973072215428,-0.08062709966405379,-0.047619047619047616,-0.03229665071770335,-0.0430622009569378,0.0146198830409357,-0.057309941520467866,-0.028708133971291877,-0.04118993135011442,-0.01315789473684209
-0.02619047619047621,-0.054545454545454564,0.03243243243243238,-0.020238095238095277,-0.01904761904761909,-0.02790697674418613,-0.0636363636363636,-0.041860465116279166,-0.09583333333333338,-0.06923076923076929,-0.050000000000000044,-0.006707317073170793,-0.026086956521739146,0.030555555555555558,0.01578947368421052,1.0,-0.04545454545454547,-0.017073170731707332,-0.040909090909090895,0.06666666666666665,0.02631578947368418,0.03243243243243238,-0.1423469387755102,-0.04444444444444451,-0.07083333333333336,0.019736842105263164,-0.03260869565217392,-0.01036585365853665,-0.04318181818181821,-0.041666666666666685,0.005263157894736845,-0.009756097560975674,0.10075757575757571,-0.10416666666666663,0.03851351351351351,-0.01428571428571429,0.005263157894736845,0.0038461538461538325,-0.0018292682926829423,0.0,-0.02954545454545454,-0.04565217391304349,0.01578947368421052,0.0006410256410256387,0.0,0.0,-0.0318181818181818,-0.008536585365853666,-0.05510204081632655,-0.019565217391304374,0.0,-0.012195121951219579,-0.1193877551020408,0.01025641025641022,0.0,-0.020238095238095277,0.03648648648648645,-0.011585365853658547,-0.05500000000000002,-0.015697674418604673,-0.030555555555555614,-0.013953488372093065,-0.007317073170731769,0.009615384615384581,0.01025641025641022,-0.007317073170731769,-0.03662790697674423,-0.12314814814814817,-0.07500000000000007,-0.0722222222222223,0.04444444444444445,-0.13750000000000007,-0.04709302325581399,0.0,-0.05212765957446808,0.0,-0.020238095238095277,-0.011585365853658547,-0.0024390243902439185,-0.01428571428571429,-0.06521739130434784,-0.03888888888888892,0.007051282051282026,-0.06666666666666676,-0.055555555555555636,-0.07500000000000007,-0.009090909090909094,-0.04444444444444451,-0.016666666666666663,0.0,-0.019186046511627974,-0.029787234042553207,-0.011904761904761918,-0.0318181818181818,-0.03863636363636369,0.0027777777777777783,-0.013888888888888909,-0.0159090909090909,-0.048913043478260865,0.0
0.014069264069264065,0.0,0.0558968058968059,0.012987012987012991,0.009740259740259744,0.005813953488372048,0.0,0.008456659619450246,-0.028409090909090884,-0.08041958041958042,-0.0378787878787879,0.039911308203991025,-0.015810276679841917,0.06565656565656569,0.05023923444976075,0.04545454545454547,1.0,0.03658536585365846,0.0,0.06565656565656569,0.06818181818181823,0.06019656019656017,-0.05565862708719854,-0.0121212121212122,-0.03030303030303033,0.0645933014354067,-0.009881422924901184,0.023281596452328135,0.0,-0.007575757575757569,0.028708133971291877,0.016629711751662946,0.09090909090909088,-0.051136363636363646,0.06019656019656017,0.009740259740259744,0.014354066985645939,0.026223776223776196,0.011640798226164067,0.020454545454545447,0.0,-0.015810276679841917,0.04665071770334933,0.023310023310023298,0.022727272727272735,0.0068181818181818205,0.0,0.019955654101995512,-0.025510204081632654,-0.006916996047430846,0.03863636363636369,0.02494456762749442,-0.044063079777365455,0.026223776223776196,0.022727272727272735,0.012987012987012991,0.06019656019656017,0.023281596452328135,-0.04363636363636364,0.010042283298097254,-0.00909090909090915,0.0068710359408033495,0.03159645232815966,0.0437062937062937,0.046620046620046596,0.026607538802660702,0.007928118393234651,-0.12205387205387208,-0.024703557312253044,-0.011111111111111183,0.09090909090909094,-0.045454545454545525,0.013213530655390993,0.0318181818181818,-0.039168278529980616,0.034090909090909116,0.023809523809523836,0.034922394678492286,0.011640798226164067,0.009740259740259744,-0.022727272727272707,-0.008585858585858586,0.0437062937062937,-0.011616161616161635,-0.010101010101010166,-0.022727272727272707,0.0,-0.008585858585858586,0.012987012987012991,0.0318181818181818,0.005285412262156425,-0.013056092843326872,0.006493506493506496,0.0,0.0,0.025252525252525262,-0.005050505050505083,0.0,-0.011857707509881465,0.0159090909090909
-0.012195121951219523,-0.0382483370288248,0.05273566249176004,-0.011614401858304257,-0.008130081300812997,-0.013613159387407814,-0.041574279379157364,-0.030629608621667637,-0.08892276422764223,-0.05159474671669792,-0.042682926829268275,0.0,-0.02651113467656413,0.027100271002710064,0.0211810012836971,0.017073170731707332,-0.03658536585365846,1.0,-0.0382483370288248,0.07791327913279145,0.0423620025673942,0.04218852999340805,-0.11149825783972123,-0.045528455284552904,-0.046239837398374006,0.02503209242618748,-0.01590668080593849,0.0,-0.03159645232815966,-0.026016260162601612,0.007702182284980763,0.0,0.08277900960827789,-0.09603658536585369,0.044825313117996035,-0.008130081300812997,0.0038510911424903815,0.0050031269543464735,0.0,0.009146341463414698,-0.019955654101995512,-0.03181336161187698,0.0211810012836971,0.0012507817385866184,0.0018292682926829423,0.0012195121951219592,-0.019955654101995512,0.0,-0.047784967645594784,-0.005302226935312827,0.01097560975609757,0.0,-0.11149825783972123,0.022514071294559068,0.007317073170731769,-0.009291521486643417,0.06328279499011213,0.0,-0.04829268292682923,-0.012478729438457181,-0.026016260162601612,-0.01134429948950652,0.0,0.01375859912445282,0.02126328955597251,0.0,-0.024957458876914362,-0.14679313459801263,-0.06892895015906675,-0.07804878048780495,0.0745257452574527,-0.11382113821138207,-0.03516732841747017,0.013414634146341586,-0.06850025947067973,0.007317073170731769,-0.013356562137049832,0.0,0.0,-0.005226480836236919,-0.06627783669141041,-0.03252032520325199,0.008755472170106304,-0.04986449864498643,-0.045528455284552904,-0.05832449628844105,-0.013303769401330351,-0.036856368563685626,-0.009872241579558627,0.009146341463414698,-0.017016449234259767,-0.021795537104307205,-0.006968641114982521,-0.013303769401330351,-0.029933481152993324,0.003387533875338758,-0.008672086720867209,-0.013303769401330351,-0.03976670201484617,0.004268292682926833
0.019480519480519487,0.0,0.04729729729729726,0.019480519480519487,0.016233766233766267,0.007399577167019,0.0,0.009513742071881548,-0.03977272727272724,-0.048951048951049014,-0.024621212121212155,0.02161862527716185,-0.006916996047430846,0.08585858585858591,0.06100478468899523,0.040909090909090895,0.0,0.0382483370288248,1.0,0.0757575757575758,0.07535885167464124,0.07309582309582308,-0.06493506493506496,-0.011111111111111183,-0.028409090909090884,0.05023923444976075,-0.008893280632411071,0.03325942350332589,0.0,-0.008080808080808133,0.03229665071770335,0.019955654101995512,0.06060606060606061,-0.05492424242424243,0.07739557739557734,0.008658008658008642,0.017942583732057413,0.026223776223776196,0.019955654101995512,0.018181818181818188,0.0,-0.009881422924901184,0.05382775119617228,0.008741258741258737,0.018181818181818188,0.009090909090909094,0.0,0.023281596452328135,-0.025510204081632654,-0.005928853754940733,0.036363636363636376,0.026607538802660702,-0.048701298701298634,0.046620046620046596,0.020454545454545447,0.014069264069264065,0.07309582309582308,0.03325942350332589,-0.04363636363636364,0.007928118393234651,-0.005050505050505083,0.0036997885835095,0.02161862527716185,0.04953379953379955,0.06701631701631705,0.026607538802660702,0.007928118393234651,-0.11363636363636365,-0.018774703557312256,-0.011111111111111183,0.11111111111111116,-0.03977272727272724,0.009513742071881548,0.0318181818181818,-0.02756286266924557,0.036363636363636376,0.022727272727272763,0.029933481152993324,0.014966740576496662,0.008658008658008642,-0.01976284584980237,-0.0060606060606061,0.014568764568764561,-0.00909090909090915,-0.005555555555555591,-0.014822134387351749,0.0,-0.007575757575757569,0.009740259740259744,0.020454545454545447,0.006342494714587699,-0.020309477756286276,0.014069264069264065,0.0,0.0,0.030303030303030304,-0.00303030303030305,0.0,-0.009881422924901184,0.013636363636363641
-0.07936507936507942,-0.10606060606060613,-0.011261261261261313,-0.059523809523809534,-0.05555555555555558,-0.07235142118863058,-0.13131313131313138,-0.08139534883720939,-0.15277777777777785,-0.0854700854700855,-0.04861111111111113,-0.02371273712737129,-0.042270531400966205,0.0,-0.013157894736842118,-0.06666666666666665,-0.06565656565656569,-0.07791327913279145,-0.0757575757575758,1.0,-0.02777777777777779,-0.011261261261261313,-0.2063492063492064,-0.06666666666666671,-0.06944444444444448,-0.0146198830409357,-0.07850241545893721,-0.05081300813008138,-0.10101010101010105,-0.05555555555555561,-0.008771929824561403,-0.040650406504065095,0.04040404040404039,-0.15277777777777785,-0.010510510510510551,-0.07936507936507942,-0.010233918128654984,-0.017094017094017117,-0.013550135501355032,-0.05277777777777781,-0.08080808080808083,-0.05434782608695654,-0.0146198830409357,-0.01282051282051283,-0.01944444444444446,-0.01944444444444446,-0.07070707070707072,-0.06436314363143636,-0.13265306122448983,-0.07850241545893721,-0.030555555555555558,-0.05420054200542013,-0.15476190476190477,-0.029914529914529975,-0.04444444444444445,-0.06349206349206354,-0.010510510510510551,-0.060975609756097615,-0.07000000000000003,-0.03617571059431529,-0.033333333333333354,-0.03617571059431529,-0.03387533875338758,-0.019230769230769273,-0.029914529914529975,-0.027100271002710064,-0.08591731266149877,-0.1296296296296297,-0.10869565217391308,-0.13333333333333341,0.0,-0.14583333333333337,-0.10852713178294582,-0.041666666666666685,-0.07151300236406621,-0.025000000000000022,-0.059523809523809534,-0.05081300813008138,-0.03726287262872635,-0.019841269841269854,-0.07850241545893721,-0.07777777777777783,-0.01282051282051283,-0.0944444444444445,-0.10000000000000009,-0.09057971014492755,-0.050505050505050525,-0.08333333333333337,-0.08333333333333337,-0.05277777777777781,-0.0452196382428941,-0.0455082742316785,-0.04365079365079366,-0.06060606060606061,-0.050505050505050525,0.0,-0.04444444444444448,-0.06060606060606061,-0.12077294685990342,-0.033333333333333326
