0,1,2,3,4,5,6,7,8,9,10,11,12,13,14,15,16,17,18,19,20,21,22,23,24,25,26,27,28,29,30,31,32,33,34,35,36,37,38,39,40,41,42,43,44,45,46,47,48,49,50,51,52,53,54,55,56,57,58,59,60,61,62,63,64,65,66,67,68,69,70,71,72,73,74,75,76,77,78,79,80,81,82,83,84,85,86,87,88,89,90,91,92,93,94,95,96,97,98,99
1.0,-0.014747589336358502,-0.03658536585365846,0.00792682926829269,-0.04241781548250262,-0.02155416903006241,0.0,-0.029933481152993324,-0.09086561453849828,-0.019512195121951237,-0.007549361207897787,0.0036585365853658847,0.0,-0.045528455284552904,0.0,-0.041574279379157364,-0.03159645232815966,-0.02155416903006241,0.05420054200542013,-0.026091888825864995,-0.026091888825864995,-0.009872241579558627,-0.02382302892796373,0.0,-0.004065040650406498,-0.023281596452328135,-0.0622729631551634,0.0,0.044825313117996035,0.0,0.00792682926829269,-0.018150879183210455,0.026266416510318913,-0.08780487804878045,-0.03159645232815966,-0.05973120955699346,0.01097560975609757,0.0,0.02126328955597251,0.04746209624258402,-0.10536585365853657,0.0,-0.009291521486643417,0.02888318356867786,0.0,0.030808729139923052,-0.045528455284552904,-0.11956001912960301,0.06689895470383278,-0.011614401858304257,0.05273566249176004,-0.018150879183210455,-0.02268859897901304,-0.012478729438457181,0.03691496374423203,-0.041192411924119265,0.0,0.01375859912445282,0.04403794037940384,-0.006387921022067311,0.0,-0.02818428184281846,-0.020419739081111776,-0.0382483370288248,0.014634146341463539,0.0,-0.07469512195121952,-0.005226480836236919,-0.008130081300812997,-0.02382302892796373,-0.08180894308943082,-0.04670472236637252,0.0,-0.009872241579558627,0.0,0.0,-0.02268859897901304,0.0,-0.017016449234259767,-0.03325942350332589,-0.013613159387407814,-0.08780487804878045,-0.007549361207897787,-0.008710801393728151,0.04403794037940384,-0.020419739081111776,0.0,0.02503209242618748,-0.02382302892796373,-0.0622729631551634,-0.020419739081111776,-0.018150879183210455,-0.012195121951219523,-0.05691056910569103,0.015009380863039434,-0.0533536585365853,0.0,-0.0533536585365853,0.03851091142490376,-0.04769647696476964
0.014747589336358502,1.0,-0.012156448202959802,0.0244186046511628,-0.03185035389282104,0.0,0.017016449234259767,-0.009513742071881548,-0.06931144550843588,-0.01550387596899222,0.0049833887043189695,0.01744186046511631,0.010209869540555888,-0.006201550387596899,0.007941009642654567,-0.005285412262156425,-0.004228329809725123,0.0,0.03617571059431529,0.0,0.0,0.008859357696567038,0.0,0.015882019285309135,0.008859357696567038,-0.009513742071881548,-0.03760514596734282,0.006806579693703907,0.030169704588309254,0.019285309132161088,0.020930232558139583,0.0,0.03339296362552174,-0.07813953488372094,-0.010042283298097254,-0.02847650688182246,0.022674418604651192,0.020419739081111776,0.035778175313059046,0.05656819610307984,-0.06511627906976741,0.019285309132161088,0.009966777408637939,0.021419828641370875,0.020419739081111776,0.0611995104039168,-0.012403100775193798,-0.058367533059735466,0.0637873754152824,0.008305647840531616,0.04902576995600255,0.0,0.0,0.0,0.07919547454431175,-0.020671834625323016,0.02155416903006241,0.05485986881335725,0.06782945736434115,0.0049833887043189695,0.015882019285309135,-0.012403100775193798,0.0,-0.004756871035940774,0.015697674418604673,0.010209869540555888,-0.05329457364341078,0.006644518272425293,0.009966777408637939,0.0,-0.04602713178294571,-0.027709054923305276,0.009075439591605228,0.011627906976744207,0.019285309132161088,0.015882019285309135,0.0,0.015882019285309135,0.0,-0.005813953488372048,0.0,-0.07813953488372094,0.013842746400886008,0.013842746400886008,0.08591731266149877,0.0,0.018150879183210455,0.021419828641370875,0.0,-0.03562592775853529,0.0,0.0,0.011627906976744207,-0.04602713178294571,0.03816338700059635,-0.031492248062015504,0.02382302892796373,-0.05813953488372092,0.0367197062423501,-0.01550387596899222
0.03658536585365846,0.012156448202959802,1.0,0.027272727272727282,-0.02075098814229248,0.014799154334038,0.03159645232815966,0.0,-0.07174688057040995,-0.007575757575757569,0.014069264069264065,0.027272727272727282,0.019955654101995512,-0.011111111111111183,0.023281596452328135,0.0,0.0,0.012684989429175397,0.07070707070707072,0.01057082452431285,0.011627906976744096,0.020562770562770616,0.009513742071881548,0.019955654101995512,0.014069264069264065,0.0,-0.029013539651837505,0.013303769401330351,0.0558968058968059,0.026607538802660702,0.034090909090909116,0.008985200845665953,0.046620046620046596,-0.046363636363636385,0.0,-0.04638218923933207,0.036363636363636376,0.034922394678492286,0.040792540792540743,0.06879606879606875,-0.054545454545454564,0.029933481152993324,0.018398268398268414,0.03229665071770335,0.026607538802660702,0.057416267942583754,-0.010606060606060619,-0.05926916221033862,0.09935064935064936,0.020562770562770616,0.10749385749385743,0.014799154334038,0.011627906976744096,0.007399577167019,0.0988943488943489,-0.014646464646464685,0.03159645232815966,0.05244755244755239,0.09595959595959602,0.014069264069264065,0.014966740576496662,-0.007070707070707116,0.009513742071881548,0.0,0.04318181818181821,0.02827050997782704,-0.06060606060606066,0.014069264069264065,0.017316017316017285,0.013742071881606699,-0.04356060606060602,-0.023210831721470038,0.026607538802660702,0.021645021645021634,0.03159645232815966,0.019955654101995512,0.008985200845665953,0.023281596452328135,0.01057082452431285,0.0,0.005813953488372048,-0.04909090909090913,0.015151515151515138,0.020562770562770616,0.07070707070707072,0.007928118393234651,0.02827050997782704,0.0430622009569378,0.011099365750528556,-0.024661508704061863,0.01057082452431285,0.011099365750528556,0.021645021645021634,-0.0378787878787879,0.037878787878787845,-0.028409090909090884,0.02827050997782704,-0.034090909090909116,0.07535885167464124,-0.009595959595959602
-0.00792682926829269,-0.0244186046511628,-0.027272727272727282,1.0,-0.09130434782608698,-0.026162790697674465,-0.01036585365853665,-0.036363636363636376,-0.09705882352941175,-0.03611111111111115,-0.01428571428571429,0.0,-0.005487804878048785,-0.041666666666666685,-0.01097560975609757,-0.040909090909090895,-0.034090909090909116,-0.022674418604651192,0.03888888888888892,-0.026162790697674465,-0.020930232558139583,-0.0035714285714285726,-0.015697674418604673,-0.0036585365853658847,-0.013095238095238104,-0.018181818181818188,-0.029787234042553207,-0.00792682926829269,0.024324324324324298,-0.004878048780487837,0.0,-0.019186046511627974,0.0064102564102563875,-0.065,-0.020454545454545447,-0.08265306122448979,0.0,-0.008536585365853666,0.01025641025641022,0.022297297297297236,-0.05500000000000002,-0.007317073170731769,-0.011904761904761918,0.011842105263157904,-0.008536585365853666,0.01710526315789479,-0.030555555555555614,-0.05392156862745098,0.05357142857142855,-0.013095238095238104,0.0060810810810810745,-0.0244186046511628,-0.03488372093023262,-0.05232558139534893,0.02635135135135136,-0.041666666666666685,-0.009146341463414698,0.007692307692307665,0.02777777777777779,-0.01904761904761909,-0.007317073170731769,-0.030555555555555614,-0.03139534883720935,-0.027272727272727282,0.0,-0.008536585365853666,-0.050000000000000044,-0.005952380952380959,-0.015476190476190477,-0.022674418604651192,-0.029166666666666674,-0.018617021276595744,-0.008536585365853666,-0.013095238095238104,-0.0024390243902439185,-0.0036585365853658847,-0.022674418604651192,-0.006097560975609789,-0.0244186046511628,-0.0159090909090909,-0.022674418604651192,-0.05500000000000002,-0.01785714285714285,-0.013095238095238104,0.02777777777777779,-0.02790697674418613,-0.00792682926829269,0.011842105263157904,-0.0244186046511628,-0.040957446808510656,-0.010465116279069792,-0.01744186046511631,-0.011904761904761918,-0.05833333333333335,0.004487179487179471,-0.041666666666666685,-0.00792682926829269,-0.041666666666666685,0.019736842105263164,-0.03333333333333338
0.04241781548250262,0.03185035389282104,0.02075098814229248,0.09130434782608698,1.0,0.030333670374115218,0.04772004241781547,0.018774703557312256,-0.04901960784313725,0.008212560386473444,0.02898550724637683,0.04565217391304349,0.023860021208907733,0.006280193236714915,0.03976670201484617,0.017786561264822143,0.015810276679841917,0.03336703741152669,0.10265700483091794,0.03640040444893833,0.02881698685540951,0.020703933747412,0.013650151668351845,0.029162248144220526,0.02898550724637683,0.015810276679841917,-0.006938020351526353,0.029162248144220526,0.07931844888366624,0.029162248144220526,0.042391304347826064,0.018200202224469164,0.04682274247491641,-0.03652173913043477,0.01679841897233203,-0.0252883762200532,0.048913043478260865,0.03976670201484617,0.04682274247491641,0.06874265569917742,-0.03130434782608699,0.023860021208907733,0.0331262939958592,0.04576659038901601,0.05302226935312826,0.07780320366132726,0.008212560386473444,-0.038363171355498715,0.13664596273291924,0.03933747412008287,0.05287896592244415,0.03488372093023251,0.039433771486349745,0.04246713852376138,0.11633372502937711,0.010144927536231862,0.04241781548250262,0.054626532887402435,0.09661835748792275,0.0331262939958592,0.037115588547189826,0.006280193236714915,0.030333670374115218,0.012845849802371523,0.04565217391304349,0.03181336161187698,-0.021739130434782594,0.022774327122153215,0.035196687370600444,0.037917087967644036,-0.016304347826086973,-0.0046253469010175685,0.029162248144220526,0.02898550724637683,0.03976670201484617,0.03181336161187698,0.030333670374115218,0.02651113467656413,0.024266936299292163,0.009881422924901184,0.016683518705763345,-0.027826086956521723,0.031055900621118016,0.031055900621118016,0.08454106280193241,0.02881698685540951,0.04506892895015907,0.036613272311212836,0.03336703741152669,-0.007400555041628121,0.018200202224469164,0.018200202224469164,0.026915113871635588,-0.009057971014492766,0.042920847268673346,-0.011775362318840632,0.03976670201484617,-0.014492753623188415,0.10983981693363853,0.009661835748792202
0.02155416903006241,0.0,-0.014799154334038,0.026162790697674465,-0.030333670374115218,1.0,0.019285309132161088,-0.01057082452431285,-0.09484724122207011,-0.013436692506459957,0.007198228128460715,0.013953488372093065,0.013613159387407814,-0.026873385012919915,0.015882019285309135,-0.010042283298097254,-0.009513742071881548,0.0,0.06330749354005172,0.0,0.0,0.008305647840531616,0.0,0.007941009642654567,0.007751937984496138,-0.007928118393234651,-0.04156358238495789,0.009075439591605228,0.05656819610307984,0.019285309132161088,0.029651162790697738,0.0,0.0405485986881336,-0.052093023255813886,-0.010042283298097254,-0.07403891789273842,0.029651162790697738,0.030629608621667637,0.035778175313059046,0.06033940917661851,-0.06186046511627907,0.015882019285309135,0.008859357696567038,0.0367197062423501,0.018150879183210455,0.04589963280293763,-0.025839793281653645,-0.058367533059735466,0.11162790697674418,0.010520487264673362,0.0678818353236958,0.0,0.0,0.0,0.08673790069138909,-0.03514211886304908,0.020419739081111776,0.03816338700059635,0.07687338501291996,0.007198228128460715,0.007941009642654567,-0.012403100775193798,0.0,-0.010042283298097254,0.029651162790697738,0.018150879183210455,-0.0678294573643411,0.003875968992248069,0.007751937984496138,0.0,-0.04844961240310075,-0.02177140029688268,0.02382302892796373,0.011627906976744207,0.017016449234259767,0.015882019285309135,0.0,0.013613159387407814,0.0,-0.01057082452431285,0.0,-0.048837209302325546,0.007198228128460715,0.007751937984496138,0.06330749354005172,0.0,0.015882019285309135,0.03977968176254598,0.0,-0.033646709549727816,0.0,0.0,0.01218161683277974,-0.043604651162790664,0.023852116875372698,-0.04602713178294571,0.018150879183210455,-0.036337209302325535,0.0734394124847002,-0.019638242894056857
0.0,-0.017016449234259767,-0.03159645232815966,0.01036585365853665,-0.04772004241781547,-0.019285309132161088,1.0,-0.039911308203991025,-0.08130081300813002,-0.02384823848238482,-0.008710801393728151,0.0024390243902439185,0.0,-0.041192411924119265,0.0,-0.053215077605321404,-0.019955654101995512,-0.03176403857061827,0.06436314363143636,-0.0328984685195689,-0.0328984685195689,-0.009872241579558627,-0.015882019285309135,0.0,-0.005807200929152129,-0.01829268292682923,-0.05604566683964707,0.0,0.05273566249176004,0.0,0.006097560975609789,-0.018150879183210455,0.025015634771732354,-0.09219512195121954,-0.02494456762749442,-0.07167745146839222,0.00792682926829269,0.0,0.023764853033145683,0.05800922874093606,-0.1097560975609756,0.0,-0.008710801393728151,0.02888318356867786,0.0,0.03465982028241338,-0.039024390243902474,-0.09564801530368239,0.07108013937282232,-0.012195121951219523,0.050098879367172056,-0.014747589336358502,-0.027226318774815628,-0.017016449234259767,0.03427818061964405,-0.034688346883468835,0.0,0.011257035647279534,0.03387533875338758,-0.006968641114982521,0.0,-0.015176151761517626,-0.02155416903006241,-0.023281596452328135,0.011585365853658547,0.0,-0.08536585365853655,-0.0046457607433217085,-0.006387921022067311,-0.027226318774815628,-0.08892276422764223,-0.04047742605085625,0.0,-0.011614401858304257,0.0,0.0,-0.02268859897901304,0.0,-0.019285309132161088,-0.02827050997782704,-0.014747589336358502,-0.08341463414634148,-0.006968641114982521,-0.007549361207897787,0.04742547425474258,-0.02155416903006241,0.0,0.02503209242618748,-0.027226318774815628,-0.06538661131292162,-0.014747589336358502,-0.015882019285309135,-0.010452961672473837,-0.06402439024390244,0.012507817385866177,-0.06402439024390244,0.0,-0.06402439024390244,0.03465982028241338,-0.05636856368563692
0.029933481152993324,0.009513742071881548,0.0,0.036363636363636376,-0.018774703557312256,0.01057082452431285,0.039911308203991025,1.0,-0.08422459893048129,-0.009595959595959602,0.024891774891774965,0.02954545454545454,0.02161862527716185,-0.009595959595959602,0.023281596452328135,0.0,0.0,0.014799154334038,0.09090909090909094,0.011627906976744096,0.012684989429175397,0.024891774891774965,0.010042283298097254,0.013303769401330351,0.018398268398268414,0.0,-0.02756286266924557,0.013303769401330351,0.0558968058968059,0.023281596452328135,0.03863636363636369,0.009513742071881548,0.046620046620046596,-0.054545454545454564,0.0,-0.05333951762523187,0.02954545454545454,0.02827050997782704,0.055361305361305346,0.07309582309582308,-0.05727272727272725,0.029933481152993324,0.018398268398268414,0.0430622009569378,0.02827050997782704,0.05382775119617228,-0.00909090909090915,-0.04991087344028522,0.08766233766233766,0.019480519480519487,0.07739557739557734,0.008985200845665953,0.011099365750528556,0.007399577167019,0.07309582309582308,-0.011616161616161635,0.04988913525498884,0.058275058275058245,0.08080808080808083,0.022727272727272763,0.02494456762749442,-0.007070707070707116,0.010042283298097254,0.0,0.036363636363636376,0.02494456762749442,-0.058712121212121215,0.009740259740259744,0.015151515151515138,0.013213530655390993,-0.0378787878787879,-0.023210831721470038,0.023281596452328135,0.021645021645021634,0.023281596452328135,0.02494456762749442,0.008456659619450246,0.023281596452328135,0.01057082452431285,0.0,0.005813953488372048,-0.040909090909090895,0.015151515151515138,0.016233766233766267,0.08080808080808083,0.010042283298097254,0.02161862527716185,0.05023923444976075,0.011099365750528556,-0.023210831721470038,0.008985200845665953,0.0068710359408033495,0.020562770562770616,-0.041666666666666685,0.046620046620046596,-0.028409090909090884,0.02494456762749442,-0.03219696969696967,0.057416267942583754,-0.009595959595959602
0.09086561453849828,0.06931144550843588,0.07174688057040995,0.09705882352941175,0.04901960784313725,0.09484724122207011,0.08130081300813002,0.08422459893048129,1.0,0.04183006535947709,0.07983193277310924,0.05931372549019609,0.0526064084170253,0.0679738562091502,0.1004304160688666,0.05614973262032086,0.05926916221033862,0.09119927040583664,0.1470588235294118,0.07660738714090287,0.08025535795713623,0.08403361344537813,0.07660738714090287,0.06217120994739356,0.050420168067226906,0.06862745098039214,0.030037546933667114,0.07173601147776176,0.10386857445680975,0.09564801530368239,0.1132352941176471,0.04377564979480161,0.08446455505279032,0.007450980392156803,0.05303030303030298,0.023209283713485407,0.10245098039215683,0.09086561453849828,0.09049773755656104,0.0890302066772655,0.006666666666666599,0.07651841224294592,0.0714285714285714,0.0737874097007224,0.08130081300813002,0.08720330237358104,0.04705882352941171,0.0,0.15238095238095234,0.06302521008403361,0.12612612612612606,0.08755129958960323,0.06931144550843588,0.0656634746922024,0.18547959724430307,0.07058823529411762,0.13390722142515543,0.16289592760180993,0.13071895424836605,0.0714285714285714,0.0526064084170253,0.036601307189542465,0.06931144550843588,0.0623885918003565,0.1132352941176471,0.1052128168340506,0.030637254901960786,0.05462184873949577,0.09243697478991597,0.08755129958960323,0.029411764705882304,0.026700041718815182,0.09564801530368239,0.0714285714285714,0.08130081300813002,0.047824007651841194,0.08025535795713623,0.08130081300813002,0.08390332877336976,0.05614973262032086,0.054719562243501996,0.006666666666666599,0.06302521008403361,0.06302521008403361,0.1062091503267974,0.07660738714090287,0.08608321377331418,0.10061919504643962,0.09484724122207011,0.02169378389653731,0.0656634746922024,0.06931144550843588,0.09243697478991597,0.024509803921568596,0.09653092006033182,0.01838235294117646,0.06217120994739356,0.017156862745098034,0.12074303405572756,0.04183006535947709
0.019512195121951237,0.01550387596899222,0.007575757575757569,0.03611111111111115,-0.008212560386473444,0.013436692506459957,0.02384823848238482,0.009595959595959602,-0.04183006535947709,1.0,0.03492063492063502,0.063888888888889,0.034688346883468835,0.0,0.017344173441734417,0.005050505050505083,0.004040404040404066,0.01757105943152454,0.06111111111111117,0.014470284237726116,0.014470284237726116,0.023809523809523836,0.009302325581395349,0.02384823848238482,0.04285714285714293,0.008080808080808133,-0.01323877068557916,0.02168021680216803,0.06726726726726728,0.02384823848238482,0.03333333333333338,0.023772609819121437,0.04786324786324786,-0.03999999999999998,0.006565656565656608,-0.03265306122448974,0.03333333333333338,0.036856368563685626,0.06153846153846154,0.08168168168168166,-0.03555555555555551,0.041192411924119265,0.01904761904761909,0.032748538011695943,0.034688346883468835,0.04502923976608192,0.0,-0.0339869281045751,0.0888888888888889,0.022222222222222254,0.06246246246246251,0.014470284237726116,0.01136950904392764,0.01757105943152454,0.07207207207207206,0.0,0.034688346883468835,0.051282051282051266,0.08888888888888896,0.0317460317460318,0.04986449864498643,0.0,0.01653746770025838,0.00303030303030305,0.011111111111111127,0.02384823848238482,-0.023611111111111083,0.022222222222222254,0.01904761904761909,0.014470284237726116,-0.01944444444444443,-0.012293144208037787,0.015176151761517626,0.030158730158730218,0.04336043360433606,0.04986449864498643,0.013436692506459957,0.02168021680216803,0.012403100775193798,0.005050505050505083,0.01550387596899222,-0.03111111111111109,0.026984126984127,0.01904761904761909,0.06111111111111117,0.00826873385012919,0.03252032520325199,0.04093567251461991,0.012403100775193798,-0.015130023640661905,0.01550387596899222,0.01550387596899222,0.022222222222222254,-0.02638888888888885,0.041025641025641046,-0.0222222222222222,0.02818428184281846,-0.020833333333333315,0.06140350877192985,0.0
0.007549361207897787,-0.0049833887043189695,-0.014069264069264065,0.01428571428571429,-0.02898550724637683,-0.007198228128460715,0.008710801393728151,-0.024891774891774965,-0.07983193277310924,-0.03492063492063502,1.0,0.01904761904761909,0.008130081300812997,-0.023809523809523836,0.006387921022067311,-0.019480519480519487,-0.016233766233766267,-0.009413067552602461,0.05555555555555558,-0.007751937984496138,-0.008305647840531616,0.0,-0.007751937984496138,0.006968641114982521,0.0,-0.021645021645021634,-0.030395136778115506,0.008130081300812997,0.04826254826254822,0.006968641114982521,0.01428571428571429,-0.007751937984496138,0.018315018315018305,-0.05714285714285716,-0.012987012987012991,-0.06462585034013607,0.011904761904761918,0.006968641114982521,0.032967032967032905,0.04504504504504503,-0.049523809523809526,0.009872241579558627,0.0,0.03007518796992481,0.009291521486643417,0.020050125313283235,-0.025396825396825418,-0.0714285714285714,0.047619047619047616,0.0,0.03861003861003859,-0.005537098560354392,-0.008305647840531616,-0.007198228128460715,0.025740025740025735,-0.020634920634920673,0.010452961672473837,0.02380952380952378,0.03174603174603177,0.0,0.008130081300812997,-0.023809523809523836,-0.008859357696567038,-0.009740259740259744,0.013095238095238104,0.006387921022067311,-0.05654761904761907,0.0,0.0,-0.007198228128460715,-0.03869047619047622,-0.035460992907801414,0.005807200929152129,0.0,0.007549361207897787,0.007549361207897787,-0.009966777408637939,0.007549361207897787,-0.008305647840531616,-0.011904761904761918,-0.0049833887043189695,-0.030476190476190462,0.0,0.0,0.03174603174603177,-0.007198228128460715,0.005807200929152129,0.03759398496240601,-0.007751937984496138,-0.02532928064842957,-0.008305647840531616,-0.004429678848283519,0.0,-0.03869047619047622,0.025641025641025605,-0.04464285714285715,0.0046457607433217085,-0.0267857142857143,0.017543859649122806,-0.01746031746031751
-0.0036585365853658847,-0.01744186046511631,-0.027272727272727282,0.0,-0.04565217391304349,-0.013953488372093065,-0.0024390243902439185,-0.02954545454545454,-0.05931372549019609,-0.063888888888889,-0.01904761904761909,1.0,-0.017073170731707332,-0.041666666666666685,-0.005487804878048785,-0.013636363636363641,-0.03863636363636369,-0.013953488372093065,0.033333333333333326,-0.0122093023255814,-0.0122093023255814,-0.015476190476190477,-0.01744186046511631,-0.008536585365853666,-0.021428571428571408,-0.034090909090909116,-0.040957446808510656,-0.007317073170731769,0.022297297297297236,-0.006097560975609789,0.0,-0.0244186046511628,0.004487179487179471,-0.065,-0.027272727272727282,-0.05510204081632655,0.0,-0.005487804878048785,0.0032051282051281937,0.012162162162162149,-0.04000000000000001,-0.01097560975609757,-0.01428571428571429,0.014473684210526305,-0.007317073170731769,0.01315789473684209,-0.025000000000000022,-0.07009803921568625,0.024999999999999994,-0.009523809523809545,0.02027027027027023,-0.019186046511627974,-0.013953488372093065,-0.022674418604651192,0.01621621621621619,-0.027777777777777818,-0.008536585365853666,0.007692307692307665,0.02777777777777779,-0.020238095238095277,-0.016463414634146356,-0.0805555555555556,-0.03139534883720935,-0.02954545454545454,0.0,-0.00792682926829269,-0.045833333333333365,-0.027380952380952395,-0.010714285714285704,-0.015697674418604673,-0.037500000000000006,-0.07446808510638298,-0.007317073170731769,-0.005952380952380959,-0.01036585365853665,-0.008536585365853666,-0.022674418604651192,-0.005487804878048785,-0.01744186046511631,-0.020454545454545447,-0.013953488372093065,-0.04500000000000001,-0.013095238095238104,-0.011904761904761918,0.01944444444444446,-0.010465116279069792,-0.007317073170731769,0.014473684210526305,-0.0122093023255814,-0.029787234042553207,-0.01744186046511631,-0.01744186046511631,-0.005952380952380959,-0.045833333333333365,0.007051282051282026,-0.045833333333333365,-0.005487804878048785,-0.050000000000000044,0.011842105263157904,-0.01666666666666669
0.0,-0.010209869540555888,-0.019955654101995512,0.005487804878048785,-0.023860021208907733,-0.013613159387407814,0.0,-0.02161862527716185,-0.0526064084170253,-0.034688346883468835,-0.008130081300812997,0.017073170731707332,1.0,-0.04336043360433606,0.0,-0.011640798226164067,-0.041574279379157364,-0.010209869540555888,0.05758807588075887,-0.009075439591605228,-0.010209869540555888,-0.009291521486643417,-0.017016449234259767,0.0,-0.006968641114982521,-0.026607538802660702,-0.04981837052413074,0.0,0.03691496374423203,0.0,0.004268292682926833,-0.013613159387407814,0.011257035647279534,-0.07463414634146343,-0.023281596452328135,-0.05574912891986061,0.00792682926829269,0.0,0.010006253908692947,0.021094264996704026,-0.052682926829268284,0.0,-0.008130081300812997,0.03851091142490376,0.0,0.0211810012836971,-0.03035230352303525,-0.08608321377331418,0.04181184668989549,-0.006968641114982521,0.03427818061964405,-0.01134429948950652,-0.006806579693703907,-0.013613159387407814,0.015820698747528034,-0.02384823848238482,0.0,0.012507817385866177,0.02371273712737129,-0.009291521486643417,0.0,-0.06504065040650397,-0.02382302892796373,-0.03325942350332589,0.009146341463414698,0.0,-0.03912601626016257,-0.014518002322880363,-0.006387921022067311,-0.009075439591605228,-0.03912601626016257,-0.06850025947067973,0.0,-0.0029036004645760644,0.0,0.0,-0.020419739081111776,0.0,-0.015882019285309135,-0.019955654101995512,-0.013613159387407814,-0.04390243902439023,-0.006387921022067311,-0.006968641114982521,0.027100271002710064,-0.013613159387407814,0.0,0.03273427471116819,-0.010209869540555888,-0.0311364815775817,-0.015882019285309135,-0.009075439591605228,-0.004065040650406498,-0.04979674796747968,0.01751094434021261,-0.0533536585365853,0.0,-0.0533536585365853,0.01732991014120669,-0.02818428184281846
0.045528455284552904,0.006201550387596899,0.011111111111111183,0.041666666666666685,-0.006280193236714915,0.026873385012919915,0.041192411924119265,0.009595959595959602,-0.0679738562091502,0.0,0.023809523809523836,0.041666666666666685,0.04336043360433606,1.0,0.05853658536585371,0.011616161616161635,0.011111111111111183,0.018604651162790697,0.12222222222222234,0.01550387596899222,0.023772609819121437,0.030158730158730218,0.028940568475452233,0.017344173441734417,0.0158730158730159,0.008080808080808133,-0.015130023640661905,0.036856368563685626,0.07687687687687689,0.034688346883468835,0.050000000000000044,0.01550387596899222,0.04786324786324786,-0.024444444444444408,0.007070707070707116,-0.050793650793650724,0.04444444444444451,0.036856368563685626,0.03076923076923077,0.04804804804804805,-0.033333333333333326,0.034688346883468835,0.01904761904761909,0.06549707602339189,0.017344173441734417,0.05321637426900594,0.0,-0.04967320261437902,0.0888888888888889,0.023809523809523836,0.1057057057057057,0.012403100775193798,0.018604651162790697,0.01550387596899222,0.05285285285285285,0.0,0.04336043360433606,0.05470085470085473,0.06666666666666671,0.025396825396825418,0.026016260162601612,0.0,0.025839793281653645,0.015151515151515138,0.07777777777777783,0.06287262872628718,-0.030555555555555503,0.020634920634920673,0.01904761904761909,0.01550387596899222,-0.031944444444444386,-0.020803782505910084,0.06504065040650397,0.0158730158730159,0.02818428184281846,0.017344173441734417,0.027906976744186074,0.03252032520325199,0.024806201550387597,0.011616161616161635,0.007235142118863058,-0.024444444444444408,0.011111111111111127,0.012698412698412709,0.04444444444444448,0.01757105943152454,0.03252032520325199,0.07368421052631585,0.020671834625323016,-0.010401891252955042,0.018604651162790697,0.01653746770025838,0.020634920634920673,-0.02638888888888885,0.03760683760683764,-0.0222222222222222,0.017344173441734417,-0.013888888888888867,0.06549707602339189,0.0
0.0,-0.007941009642654567,-0.023281596452328135,0.01097560975609757,-0.03976670201484617,-0.015882019285309135,0.0,-0.023281596452328135,-0.1004304160688666,-0.017344173441734417,-0.006387921022067311,0.005487804878048785,0.0,-0.05853658536585371,1.0,-0.0382483370288248,-0.03325942350332589,-0.018150879183210455,0.05420054200542013,-0.02268859897901304,-0.02382302892796373,-0.008130081300812997,-0.030629608621667637,0.0,-0.0023228803716608543,-0.019955654101995512,-0.04670472236637252,0.0,0.04746209624258402,0.0,0.00792682926829269,-0.014747589336358502,0.020012507817385894,-0.06146341463414634,-0.019955654101995512,-0.08760577401692377,0.006707317073170793,0.0,0.020012507817385894,0.03955174686882007,-0.06585365853658531,0.0,-0.007549361207897787,0.02888318356867786,0.0,0.02310654685494229,-0.03252032520325199,-0.09564801530368239,0.05435540069686412,-0.007549361207897787,0.04218852999340805,-0.010209869540555888,-0.02155416903006241,-0.014747589336358502,0.02900461437046803,-0.034688346883468835,0.0,0.011257035647279534,0.03387533875338758,-0.008130081300812997,0.0,-0.02818428184281846,-0.017016449234259767,-0.034922394678492286,0.012195121951219579,0.0,-0.04979674796747968,-0.0046457607433217085,-0.008710801393728151,-0.015882019285309135,-0.07825203252032514,-0.04359107420861441,0.0,-0.006387921022067311,0.0,0.0,-0.02836074872376637,0.0,-0.019285309132161088,-0.0382483370288248,-0.014747589336358502,-0.06146341463414634,-0.004065040650406498,-0.0046457607433217085,0.027100271002710064,-0.02155416903006241,0.0,0.02503209242618748,-0.020419739081111776,-0.04047742605085625,-0.014747589336358502,-0.015882019285309135,-0.008710801393728151,-0.04979674796747968,0.012507817385866177,-0.0533536585365853,0.0,-0.03912601626016257,0.02503209242618748,-0.036856368563685626
0.041574279379157364,0.005285412262156425,0.0,0.040909090909090895,-0.017786561264822143,0.010042283298097254,0.053215077605321404,0.0,-0.05614973262032086,-0.005050505050505083,0.019480519480519487,0.013636363636363641,0.011640798226164067,-0.011616161616161635,0.0382483370288248,1.0,0.0,0.013213530655390993,0.09595959595959602,0.012684989429175397,0.014799154334038,0.017316017316017285,0.011099365750528556,0.009977827050997756,0.008658008658008642,0.0,-0.024661508704061863,0.023281596452328135,0.08599508599508593,0.034922394678492286,0.0318181818181818,0.009513742071881548,0.058275058275058245,-0.040909090909090895,0.0,-0.04638218923933207,0.025000000000000022,0.03159645232815966,0.0611888111888112,0.0902948402948403,-0.06,0.02161862527716185,0.012987012987012991,0.04665071770334933,0.02161862527716185,0.06100478468899523,-0.008585858585858586,-0.06550802139037432,0.08181818181818179,0.019480519480519487,0.08169533169533172,0.006342494714587699,0.012684989429175397,0.008985200845665953,0.05159705159705158,-0.007575757575757569,0.02827050997782704,0.029137529137529122,0.06060606060606061,0.016233766233766267,0.011640798226164067,-0.004545454545454575,0.008985200845665953,0.0,0.050000000000000044,0.03325942350332589,-0.04924242424242431,0.007575757575757569,0.009740259740259744,0.011099365750528556,-0.04734848484848486,-0.017408123791102514,0.03159645232815966,0.020562770562770616,0.01829268292682923,0.013303769401330351,0.01057082452431285,0.03658536585365846,0.009513742071881548,0.0,0.004756871035940774,-0.040909090909090895,0.011904761904761918,0.012987012987012991,0.06565656565656569,0.01057082452431285,0.02161862527716185,0.05023923444976075,0.011099365750528556,-0.026112185686653744,0.005285412262156425,0.007928118393234651,0.020562770562770616,-0.04356060606060602,0.023310023310023298,-0.03219696969696967,0.02161862527716185,-0.028409090909090884,0.057416267942583754,-0.010101010101010166
0.03159645232815966,0.004228329809725123,0.0,0.034090909090909116,-0.015810276679841917,0.009513742071881548,0.019955654101995512,0.0,-0.05926916221033862,-0.004040404040404066,0.016233766233766267,0.03863636363636369,0.041574279379157364,-0.011111111111111183,0.03325942350332589,0.0,1.0,0.006342494714587699,0.11616161616161624,0.0068710359408033495,0.008456659619450246,0.015151515151515138,0.010042283298097254,0.03159645232815966,0.009740259740259744,0.0,-0.023210831721470038,0.0382483370288248,0.07309582309582308,0.02161862527716185,0.027272727272727282,0.004228329809725123,0.0437062937062937,-0.05181818181818182,0.0,-0.044063079777365455,0.047727272727272785,0.023281596452328135,0.023310023310023298,0.030098280098280084,-0.038181818181818206,0.02494456762749442,0.019480519480519487,0.06818181818181823,0.02494456762749442,0.04665071770334933,-0.010101010101010166,-0.07798573975044565,0.07597402597402597,0.015151515151515138,0.06019656019656017,0.007399577167019,0.0068710359408033495,0.006342494714587699,0.0558968058968059,-0.009595959595959602,0.026607538802660702,0.03205128205128205,0.0757575757575758,0.015151515151515138,0.019955654101995512,-0.010101010101010166,0.01057082452431285,0.0,0.047727272727272785,0.029933481152993324,-0.028409090909090884,0.021645021645021634,0.019480519480519487,0.007928118393234651,-0.03219696969696967,-0.029013539651837505,0.034922394678492286,0.008658008658008642,0.019955654101995512,0.013303769401330351,0.011627906976744096,0.01829268292682923,0.01057082452431285,0.0,0.0068710359408033495,-0.03545454545454546,0.012987012987012991,0.016233766233766267,0.06060606060606061,0.010042283298097254,0.03159645232815966,0.07894736842105265,0.007928118393234651,-0.020309477756286276,0.01057082452431285,0.006342494714587699,0.012987012987012991,-0.026515151515151547,0.037878787878787845,-0.03219696969696967,0.02494456762749442,-0.03219696969696967,0.04665071770334933,-0.007575757575757569
0.02155416903006241,0.0,-0.012684989429175397,0.022674418604651192,-0.03336703741152669,0.0,0.03176403857061827,-0.014799154334038,-0.09119927040583664,-0.01757105943152454,0.009413067552602461,0.013953488372093065,0.010209869540555888,-0.018604651162790697,0.018150879183210455,-0.013213530655390993,-0.006342494714587699,1.0,0.08591731266149877,0.0,0.0,0.011627906976744207,0.0,0.012478729438457181,0.007198228128460715,-0.011099365750528556,-0.03760514596734282,0.012478729438457181,0.07165304839723446,0.017016449234259767,0.026162790697674465,0.0,0.03816338700059635,-0.09116279069767441,-0.009513742071881548,-0.05695301376364492,0.029651162790697738,0.020419739081111776,0.0405485986881336,0.0678818353236958,-0.07813953488372094,0.014747589336358502,0.011074197120708784,0.04283965728274175,0.02155416903006241,0.052019583843329276,-0.018604651162790697,-0.06931144550843588,0.0903654485049834,0.011627906976744207,0.0678818353236958,0.0,0.0,0.0,0.07165304839723446,-0.021705426356589175,0.02382302892796373,0.03816338700059635,0.05878552971576234,0.007751937984496138,0.007941009642654567,-0.007235142118863058,0.0,-0.0068710359408033495,0.03139534883720935,0.017016449234259767,-0.07751937984496116,0.007198228128460715,0.010520487264673362,0.0,-0.07267441860465107,-0.029688273132112752,0.012478729438457181,0.013842746400886008,0.015882019285309135,0.015882019285309135,0.0,0.018150879183210455,0.0,-0.007399577167019,0.0,-0.07488372093023254,0.008305647840531616,0.008859357696567038,0.07235142118863058,0.0,0.02155416903006241,0.04283965728274175,0.0,-0.039584364176150355,0.0,0.0,0.01218161683277974,-0.05329457364341078,0.042933810375670844,-0.04844961240310075,0.019285309132161088,-0.04602713178294571,0.05813953488372098,-0.025839793281653645
-0.05420054200542013,-0.03617571059431529,-0.07070707070707072,-0.03888888888888892,-0.10265700483091794,-0.06330749354005172,-0.06436314363143636,-0.09090909090909094,-0.1470588235294118,-0.06111111111111117,-0.05555555555555558,-0.033333333333333326,-0.05758807588075887,-0.12222222222222234,-0.05420054200542013,-0.09595959595959602,-0.11616161616161624,-0.08591731266149877,1.0,-0.07235142118863058,-0.09948320413436706,-0.0674603174603175,-0.04974160206718353,-0.03387533875338758,-0.03968253968253971,-0.08080808080808083,-0.091016548463357,-0.05081300813008138,-0.011261261261261313,-0.040650406504065095,-0.02777777777777779,-0.03617571059431529,-0.027777777777777846,-0.14777777777777784,-0.07070707070707072,-0.14739229024943312,-0.041666666666666685,-0.03387533875338758,-0.017094017094017117,-0.006756756756756799,-0.10111111111111115,-0.03387533875338758,-0.059523809523809534,-0.020467836257309968,-0.05081300813008138,-0.017543859649122806,-0.08333333333333337,-0.1470588235294118,0.0087301587301587,-0.05555555555555558,-0.012012012012012074,-0.04974160206718353,-0.06782945736434115,-0.05878552971576234,-0.008258258258258322,-0.0722222222222223,-0.06775067750677516,-0.019230769230769273,0.0,-0.04365079365079366,-0.03387533875338758,-0.08333333333333337,-0.10400516795865644,-0.09090909090909094,-0.06388888888888888,-0.04742547425474258,-0.13194444444444448,-0.06349206349206354,-0.03968253968253971,-0.0904392764857882,-0.13888888888888895,-0.12352245862884159,-0.04742547425474258,-0.035714285714285726,-0.027100271002710064,-0.030487804878048808,-0.0904392764857882,-0.04403794037940384,-0.07235142118863058,-0.05555555555555558,-0.027131782945736455,-0.05444444444444446,-0.035714285714285726,-0.03968253968253971,0.0,-0.07687338501291996,-0.040650406504065095,-0.023391812865497075,-0.08591731266149877,-0.05200945626477543,-0.05878552971576234,-0.03165374677002586,-0.035714285714285726,-0.11805555555555558,-0.019230769230769273,-0.08333333333333337,-0.03387533875338758,-0.09027777777777785,-0.01900584795321636,-0.08333333333333337
0.026091888825864995,0.0,-0.01057082452431285,0.026162790697674465,-0.03640040444893833,0.0,0.0328984685195689,-0.011627906976744096,-0.07660738714090287,-0.014470284237726116,0.007751937984496138,0.0122093023255814,0.009075439591605228,-0.01550387596899222,0.02268859897901304,-0.012684989429175397,-0.0068710359408033495,0.0,0.07235142118863058,1.0,0.0,0.008859357696567038,0.0,0.018150879183210455,0.0049833887043189695,-0.008985200845665953,-0.047501237011380426,0.018150879183210455,0.09428032683846643,0.019285309132161088,0.0244186046511628,0.0,0.057245080500894496,-0.09767441860465109,-0.011627906976744096,-0.05980066445182719,0.03837209302325595,0.024957458876914362,0.057245080500894496,0.0980515399120051,-0.10418604651162777,0.012478729438457181,0.01218161683277974,0.04589963280293763,0.027226318774815628,0.07037943696450433,-0.021705426356589175,-0.09484724122207011,0.12225913621262463,0.015503875968992276,0.07165304839723446,0.0,0.0,0.0,0.07165304839723446,-0.021705426356589175,0.018150879183210455,0.03339296362552174,0.06330749354005172,0.00609080841638987,0.006806579693703907,-0.006201550387596899,0.0,-0.006342494714587699,0.0244186046511628,0.019285309132161088,-0.06298449612403101,0.0049833887043189695,0.011074197120708784,0.0,-0.0678294573643411,-0.02177140029688268,0.015882019285309135,0.014950166112956853,0.012478729438457181,0.01134429948950652,0.0,0.02268859897901304,0.0,-0.009513742071881548,0.0,-0.08465116279069762,0.009413067552602461,0.010520487264673362,0.09496124031007758,0.0,0.027226318774815628,0.04895960832313351,0.0,-0.05541810984661055,0.0,0.0,0.014950166112956853,-0.036337209302325535,0.03816338700059635,-0.055717054263565824,0.02382302892796373,-0.05813953488372092,0.0734394124847002,-0.03100775193798444
