0,1,2,3,4,5,6,7,8,9,10,11,12,13,14,15,16,17,18,19,20,21,22,23,24,25,26,27,28,29,30,31,32,33,34,35,36,37,38,39,40,41,42,43,44,45,46,47,48,49,50,51,52,53,54,55,56,57,58,59,60,61,62,63,64,65,66,67,68,69,70,71,72,73,74,75,76,77,78,79,80,81,82,83,84,85,86,87,88,89,90,91,92,93,94,95,96,97,98,99
1.0,0.019682886823400803,0.05357142857142849,0.05203895313451007,0.0,0.06158357771261003,0.05337243401759528,0.11839396019217574,0.08064516129032256,-0.012600806451612878,0.031126202603282416,0.018862766539092413,-0.009677419354838707,0.0,-0.005544354838709659,0.059530791788856285,0.0,0.09414088215931532,-0.013399503722084316,-0.010584677419354815,0.013121924548933794,0.0,0.006451612903225795,0.029377880184331795,-0.03700189753320682,-0.009576612903225812,0.02405206564799095,-0.004096262160778297,0.010661563696008736,0.03834449178332322,0.03834449178332322,0.016666666666666607,-0.016633064516129004,0.03254102999434072,-0.019550342130987275,0.0,0.006345848757271344,0.008989952406134316,0.04665898617511516,0.057478005865102655,-0.022332506203473934,0.01290322580645159,-0.013608870967741937,0.06957621758380772,0.023783488244942586,0.03456221198156678,0.029711375212224167,-0.009576612903225812,0.017204301075268713,0.03537068477645727,-0.014112903225806439,0.06451612903225806,0.062126642771804075,0.006610259122157625,0.062126642771804075,0.007932310946589138,0.05973715651135009,0.06025562994522221,-0.01712158808933001,0.04301075268817206,0.038018433179723476,0.003966155473294569,0.0,-0.02127162225338944,-0.008064516129032251,-0.01368523949169112,-0.007680491551459279,-0.025616698292220075,0.03834449178332322,0.08986175115207379,-0.004096262160778297,0.022637238256932646,0.02002224694104565,0.030033370411568394,0.030791788856305013,0.02405206564799095,-0.004096262160778297,0.014460511679644045,0.0042305658381808775,0.05272952853598012,0.010661563696008736,0.006345848757271344,0.0,-0.025415444770283457,0.0,0.006874669487043905,-0.009576612903225812,0.023359288097886566,0.013978494623655913,-0.005120327700972871,0.04385964912280704,0.02224694104560626,0.07668898356664644,-0.02307692307692305,-0.01563275434243172,0.0211345939933259,-0.005120327700972871,-0.004864311315924241,0.073950091296409,-0.012600806451612878
-0.019682886823400803,1.0,0.029055690072639306,0.06331947553565731,-0.03444505194095138,0.04191063174114029,0.03821263482280435,0.147133068878471,0.06616688396349407,-0.038400423728813526,0.009515313707998851,0.0,-0.018774445893089964,-0.006560962274466897,-0.018538135593220317,0.04067796610169494,-0.0164024056861673,0.10722933241093058,-0.029726205997392396,-0.045021186440677874,0.0,-0.0164024056861673,-0.004519774011299438,0.019975786924939454,-0.04262213359920236,-0.02913135593220334,0.011894142134998564,-0.02797955340328223,0.0,0.04988807163415421,0.026862807803006122,-0.007344632768361559,-0.037076271186440635,0.015462384775498106,-0.04314329738058553,-0.02788408966648437,-0.009447068630175026,-0.010558488469019134,0.01361985472154964,0.02588597842835133,-0.040677966101694885,-0.004519774011299438,-0.01986228813559318,0.03456297773346631,0.0,0.02179176755447937,0.01070472792149868,-0.033103813559322015,-0.008474576271186418,0.009515313707998851,-0.045021186440677874,0.05963590709353428,0.05963590709353428,-0.023339816615726594,0.05963590709353428,-0.02056126701861627,0.058066541117388626,0.06523824752158636,-0.040677966101694885,0.010985561833019478,0.017251815980629526,-0.007224228952486783,-0.011481683980317098,-0.0368459837877671,-0.01986228813559318,-0.026964560862865916,-0.03443637341942418,-0.04037886340977065,0.04605052766229617,0.11760636457973028,-0.031207963411353234,0.013083556348498393,0.007305669199298648,0.007013442431326733,0.018489984591679554,0.011894142134998564,-0.02367500672585421,0.006721215663354763,-0.010558488469019134,0.047913950456323295,0.0,-0.014448457904973566,-0.020503007107709137,-0.04494093477144323,-0.02132312739201747,-0.016115587663239728,-0.027807203389830504,0.007597895967270618,-0.009039548022598876,-0.02259887005649719,0.013678263455248307,0.004967855055523107,0.03645666773265116,-0.03754889178617993,-0.02816166883963489,0.004091174751607252,-0.02367500672585421,-0.02690341673392521,0.04605052766229617,-0.02383474576271183
-0.05357142857142849,-0.029055690072639306,1.0,0.020215633423180668,-0.048387096774193505,0.01103896103896107,0.00909090909090915,0.10600303951367795,0.04258241758241765,-0.049107142857142794,-0.005639097744360888,-0.022699757869249382,-0.03708791208791207,-0.0259216589861751,-0.026785714285714246,0.00779220779220785,-0.029377880184331795,0.05867346938775514,-0.04697802197802192,-0.042410714285714246,-0.017251815980629526,-0.029377880184331795,-0.013095238095238104,0.0,-0.06302521008403356,-0.044642857142857095,-0.0034461152882205304,-0.027777777777777762,-0.009079903147699742,0.014150943396226467,0.013140161725067406,-0.02619047619047621,-0.046875,-0.006578947368421018,-0.040584415584415556,-0.05357142857142849,-0.020491803278688492,-0.02927400468384067,0.0,0.006818181818181834,-0.05439560439560437,-0.020238095238095277,-0.042410714285714246,0.01750700280112047,-0.022699757869249382,0.0,-0.005952380952380876,-0.042410714285714246,-0.029761904761904767,-0.0037593984962405735,-0.06919642857142844,0.02182539682539686,0.0185185185185186,-0.03512880562060883,0.019179894179894297,-0.05415690866510536,0.022486772486772555,0.03133423180593009,-0.05439560439560437,0.007936507936507964,0.0,-0.017564402810304414,-0.029377880184331795,-0.07738095238095233,-0.0357142857142857,-0.0514069264069264,-0.051587301587301626,-0.05987394957983189,0.021226415094339646,0.05867346938775514,-0.031746031746031744,-0.00438596491228066,-0.01231527093596052,-0.014778325123152636,0.004545454545454575,-0.006892230576441061,-0.02976190476190474,-0.009236453201970418,-0.020491803278688492,0.015109890109890112,-0.01543583535108961,-0.02781030444964866,-0.029377880184331795,-0.05411255411255406,-0.024193548387096753,-0.030737704918032793,-0.026785714285714246,-0.009236453201970418,-0.02857142857142858,-0.025793650793650813,-0.007832080200501246,-0.009852216748768461,0.021226415094339646,-0.06428571428571428,-0.03708791208791207,-0.00615763546798026,-0.03373015873015872,-0.03373015873015872,0.022237196765498735,-0.03348214285714282
-0.05203895313451007,-0.06331947553565731,-0.020215633423180668,1.0,-0.10133901399878276,-0.019210977701543785,-0.018524871355060035,0.06744279405861098,0.009433962264150886,-0.09080188679245288,-0.02383316782522349,-0.0518068436200832,-0.06269956458635706,-0.032866707242848486,-0.05188679245283018,-0.02126929674099498,-0.07121119902617168,0.0400462071621101,-0.0766328011611031,-0.09728773584905664,-0.030700351774864132,-0.06025562994522221,-0.02641509433962269,-0.026280323450134813,-0.08740288568257493,-0.07458726415094341,-0.030453492221118872,-0.07187780772686442,-0.03261912376079318,0.0,0.0,-0.04622641509433967,-0.0940448113207547,-0.027805362462760663,-0.09291023441966839,-0.07121119902617168,-0.03959171048561705,-0.05196412001237244,-0.014150943396226467,-0.013722126929674117,-0.07314949201741655,-0.04402515723270445,-0.06161556603773588,0.010358860525342184,-0.04413175567636718,-0.020215633423180668,-0.01721284342932805,-0.058372641509434,-0.04842767295597494,-0.02118503806686528,-0.11025943396226423,-0.010831586303284513,-0.01048218029350112,-0.08660686668728734,-0.011180992313067795,-0.07423445716053206,-0.01048218029350112,0.0,-0.0835994194484761,-0.0031446540880503415,-0.0242587601078168,-0.03711722858026603,-0.04930006086427274,-0.05250205086136181,-0.05188679245283018,-0.06689536878216129,-0.07187780772686442,-0.05826859045504998,0.0,0.0400462071621101,-0.09284216831386655,-0.033101621979477025,-0.03253090435914119,-0.03253090435914119,-0.011663807890223032,-0.019860973187686204,-0.08385744234800846,-0.03578399479505534,-0.05196412001237244,0.007256894049346818,-0.04029421170450914,-0.042066192390968205,-0.073950091296409,-0.10034305317324188,-0.07121119902617168,-0.05938756572842563,-0.058372641509434,-0.04229017566688359,-0.059433962264150986,-0.04492362982929024,-0.030453492221118872,-0.02765126870527007,0.0,-0.0766328011611031,-0.06618287373004356,-0.029277813923227092,-0.06888289907157841,-0.0539083557951483,0.0,-0.04864386792452832
0.0,0.03444505194095138,0.048387096774193505,0.10133901399878276,1.0,0.07184750733137824,0.04926686217008802,0.13898421413864098,0.08374689826302723,-0.016129032258064502,0.022637238256932646,0.023783488244942586,-0.007444168734491302,0.0,-0.005544354838709659,0.06568914956011729,0.0,0.1069782751810402,-0.011910669975186111,-0.015120967741935443,0.011481683980317098,0.0,0.00752688172043009,0.04147465437788017,-0.03415559772296012,-0.010080645161290314,0.028296547821165863,-0.00665642601126476,0.009021323127392011,0.04930006086427274,0.04930006086427274,0.014516129032258018,-0.016129032258064502,0.03254102999434072,-0.026392961876832877,0.0,0.005552617662612391,0.005023796932839775,0.032834101382488434,0.04310850439882702,-0.02009925558312653,0.009677419354838734,-0.008064516129032251,0.055660974067046176,0.023783488244942586,0.038018433179723476,0.028296547821165863,-0.011592741935483819,0.013440860215053752,0.021222410865874397,-0.01814516129032251,0.08602150537634412,0.0908004778972521,0.011634056054997344,0.09557945041816018,0.008989952406134316,0.07407407407407407,0.07668898356664644,-0.02307692307692305,0.016726403823178027,0.04665898617511516,0.002908514013749336,0.0,-0.01799906498363721,-0.00604838709677416,-0.014662756598240456,-0.008192524321556593,-0.01992409867172676,0.06573341448569697,0.1283739302172482,-0.007168458781362019,0.03254102999434072,0.02447163515016687,0.030033370411568394,0.030791788856305013,0.028296547821165863,-0.006144393241167445,0.02447163515016687,0.005817028027498672,0.07754342431761785,0.019682886823400803,0.008196721311475419,0.0,-0.02834799608993155,0.0,0.007932310946589138,-0.013608870967741937,0.03448275862068961,0.01935483870967747,-0.00665642601126476,0.03820033955857388,0.0211345939933259,0.073950091296409,-0.0208436724565757,-0.01563275434243172,0.02224694104560626,-0.00665642601126476,-0.00665642601126476,0.06573341448569697,-0.011088709677419317
-0.06158357771261003,-0.04191063174114029,-0.01103896103896107,0.019210977701543785,-0.07184750733137824,1.0,0.0,0.08974854932301746,0.03566433566433558,-0.06392045454545453,-0.008931419457735235,-0.027118644067796627,-0.04195804195804198,-0.028739002932551327,-0.04346590909090908,0.0,-0.04105571847507333,0.053432282003710585,-0.053146853146853135,-0.06647727272727266,-0.024653312788906034,-0.032844574780058644,-0.021212121212121238,-0.008116883116883133,-0.07647058823529412,-0.04346590909090908,-0.009569377990430616,-0.046176046176046204,-0.016024653312788906,0.013722126929674117,0.007547169811320781,-0.03333333333333338,-0.0715909090909091,-0.013397129186602852,-0.05757575757575761,-0.06979472140762466,-0.03219076005961252,-0.03934426229508198,-0.0061688311688312125,0.0,-0.06433566433566434,-0.022727272727272763,-0.040909090909090895,0.01568627450980392,-0.03328197226502316,-0.006493506493506551,-0.01275917065390747,-0.05624999999999997,-0.051515151515151625,-0.011483253588516762,-0.08437499999999998,0.012121212121212088,0.011784511784511786,-0.05722801788375553,0.013131313131313216,-0.07153502235469444,0.012794612794612803,0.019210977701543785,-0.0727272727272727,0.003030303030303022,-0.006493506493506551,-0.01609538002980626,-0.032844574780058644,-0.055335968379446654,-0.053693181818181834,-0.054545454545454564,-0.05772005772005773,-0.0660427807486631,0.015094339622641562,0.05565862708719854,-0.05541125541125547,-0.01275917065390747,-0.02068965517241378,-0.02163009404388716,0.0,-0.013397129186602852,-0.050793650793650835,-0.02068965517241378,-0.02146050670640834,0.014685314685314643,-0.027118644067796627,-0.03755588673621463,-0.03489736070381233,-0.0696969696969697,-0.04516129032258065,-0.03755588673621463,-0.051136363636363646,-0.02163009404388716,-0.045454545454545525,-0.03924963924963926,-0.012121212121212088,-0.016927899686520365,0.01646655231560895,-0.06433566433566434,-0.04755244755244753,-0.01034482758620689,-0.046176046176046204,-0.04386724386724389,0.017838765008576396,-0.053693181818181834
-0.05337243401759528,-0.03821263482280435,-0.00909090909090915,0.018524871355060035,-0.04926686217008802,0.0,1.0,0.10212765957446812,0.030419580419580372,-0.058806818181818155,-0.01275917065390747,-0.03697996918335911,-0.053146853146853135,-0.03489736070381233,-0.051136363636363646,0.0,-0.04310850439882702,0.06233766233766236,-0.0755244755244755,-0.06647727272727266,-0.027118644067796627,-0.04105571847507333,-0.022727272727272763,-0.0061688311688312125,-0.07647058823529412,-0.051136363636363646,-0.007655502392344499,-0.03924963924963926,-0.018489984591679554,0.010291595197255587,0.010291595197255587,-0.03030303030303033,-0.04346590909090908,-0.014035087719298234,-0.06666666666666671,-0.057478005865102655,-0.026825633383010444,-0.03755588673621463,-0.0051948051948051965,0.0,-0.04755244755244753,-0.03181818181818186,-0.04602272727272727,0.011408199643493766,-0.023420647149460738,-0.0032467532467532756,-0.006379585326953735,-0.03068181818181817,-0.043939393939393945,-0.010207336523125998,-0.07670454545454547,0.011447811447811485,0.010437710437710468,-0.04292101341281668,0.008417508417508435,-0.060804769001490344,0.011447811447811485,0.02126929674099498,-0.05594405594405594,0.004713804713804726,-0.006818181818181834,-0.026825633383010444,-0.030791788856305013,-0.08484848484848484,-0.04346590909090908,-0.06060606060606061,-0.05772005772005773,-0.07994652406417113,0.013722126929674117,0.060111317254174346,-0.04848484848484852,-0.014673046251993616,-0.019749216300940453,-0.019749216300940453,0.0,-0.011483253588516762,-0.04848484848484852,-0.017868338557993746,-0.03576751117734722,0.014685314685314643,-0.01479198767334361,-0.028614008941877767,-0.04105571847507333,-0.08181818181818185,-0.03489736070381233,-0.03397913561847987,-0.03323863636363633,-0.014106583072100332,-0.03939393939393937,-0.03001443001443002,-0.010207336523125998,-0.023510971786833867,0.009605488850771893,-0.05874125874125874,-0.05874125874125874,-0.01034482758620689,-0.027705627705627733,-0.03232323232323234,0.024699828473413454,-0.03323863636363633
-0.11839396019217574,-0.147133068878471,-0.10600303951367795,-0.06744279405861098,-0.13898421413864098,-0.08974854932301746,-0.10212765957446812,1.0,-0.07160392798690685,-0.09607712765957444,-0.055991041433370636,-0.10385863685539132,-0.08248772504091656,-0.06691832532601236,-0.09607712765957444,-0.07736943907156674,-0.09780370624571039,-0.026921406860616615,-0.11783960720130932,-0.12998670212765956,-0.0735665344392355,-0.09780370624571039,-0.0599290780141844,-0.06155015197568392,-0.11827284105131414,-0.1186835106382979,-0.04479283314669655,-0.08645727794663965,-0.05192931842769566,-0.03131272581292652,-0.026495383380168575,-0.06914893617021278,-0.07912234042553193,-0.06345651362448673,-0.0980012894906512,-0.1338366506520247,-0.034182071852110224,-0.053714684339030344,-0.027355623100303955,-0.04332688588007738,-0.088379705400982,-0.046099290780141855,-0.07347074468085105,-0.010012515644555714,-0.07789397764154349,-0.03077507598784196,-0.029861888764464356,-0.05651595744680851,-0.09680851063829793,-0.033594624860022404,-0.12998670212765956,-0.08825847123719466,-0.07171000788022064,-0.12207882804325076,-0.08274231678486998,-0.15626089989536096,-0.10480693459416868,-0.08912083500602164,-0.08248772504091656,-0.02758077226162331,-0.06496960486322195,-0.0634809905824904,-0.08236101578586136,-0.11532531606537155,-0.10172872340425532,-0.10412637008381687,-0.09726443768996962,-0.11827284105131414,-0.05539943797671615,-0.024316109422492405,-0.11347517730496459,-0.07465472191116085,-0.08877476155539249,-0.05649303008070436,-0.04642166344294002,-0.055991041433370636,-0.09186085781830461,-0.07263389581804841,-0.07324729682595046,-0.010229132569558111,-0.0735665344392355,-0.06836414370422045,-0.08236101578586136,-0.14700193423597685,-0.07206588881262871,-0.08301360306941052,-0.05651595744680851,-0.05245781364636831,-0.10602836879432631,-0.03782505910165486,-0.04852556924225457,-0.06456346294937637,-0.026495383380168575,-0.10016366612111288,-0.07659574468085106,-0.024211298606016146,-0.04322863897331983,-0.06484295845997978,-0.05539943797671615,-0.039561170212765964
-0.08064516129032256,-0.06616688396349407,-0.04258241758241765,-0.009433962264150886,-0.08374689826302723,-0.03566433566433558,-0.030419580419580372,0.07160392798690685,1.0,-0.0757211538461538,-0.037112010796221284,-0.06160365058670142,-0.07692307692307687,-0.06203473945409427,-0.07932692307692302,-0.027272727272727282,-0.07444168734491313,0.03649921507064369,-0.09230769230769226,-0.08653846153846145,-0.05475880052151233,-0.06513647642679898,-0.041025641025641046,-0.02472527472527475,-0.12217194570135737,-0.08293269230769224,-0.025303643724696345,-0.07387057387057389,-0.047913950456323295,-0.006894049346879483,-0.005805515239477477,-0.051282051282051266,-0.07932692307692302,-0.037112010796221284,-0.07342657342657344,-0.08684863523573194,-0.03688524590163933,-0.05390920554854978,-0.020604395604395642,-0.01678321678321676,-0.08461538461538459,-0.046153846153846156,-0.06129807692307687,0.0052790346907994334,-0.04563233376792697,-0.021978021978021955,-0.023616734143049878,-0.04687499999999997,-0.06153846153846154,-0.025303643724696345,-0.10096153846153838,-0.019230769230769162,-0.020655270655270508,-0.06809583858764179,-0.022079772079772075,-0.09930643127364425,-0.026353276353276334,-0.013425253991291686,-0.09230769230769226,-0.011396011396011374,-0.0288461538461538,-0.04823455233291296,-0.06203473945409427,-0.08528428093645485,-0.08293269230769224,-0.09790209790209786,-0.08394383394383392,-0.09502262443438908,-0.00907111756168355,0.034144427001569944,-0.08730158730158732,-0.03542510121457482,-0.04575596816976124,-0.03381962864721483,-0.020979020979020935,-0.04048582995951411,-0.07722832722832723,-0.04575596816976124,-0.04823455233291296,0.0,-0.04335071707953064,-0.05674653215636816,-0.05272952853598012,-0.10606060606060602,-0.05272952853598012,-0.05390920554854978,-0.05048076923076919,-0.039787798408488007,-0.06666666666666665,-0.04029304029304029,-0.02867746288798917,-0.04177718832891242,-0.005805515239477477,-0.09615384615384615,-0.0692307692307692,-0.031830238726790416,-0.057081807081807046,-0.06043956043956045,-0.008345428156748824,-0.057692307692307654
0.012600806451612878,0.038400423728813526,0.049107142857142794,0.09080188679245288,0.016129032258064502,0.06392045454545453,0.058806818181818155,0.09607712765957444,0.0757211538461538,1.0,0.06716008771929816,0.0410487288135592,-0.0043269230769230616,0.004536290322580627,0.0,0.0715909090909091,0.009576612903225812,0.09566326530612246,-0.004086538461538447,0.0,0.022510593220338937,0.011592741935483819,0.019791666666666652,0.06696428571428564,-0.032169117647058876,0.0,0.046052631578947345,0.008432539682539653,0.026483050847457612,0.07458726415094341,0.08107311320754718,0.031249999999999944,0.0,0.04797149122807015,-0.011363636363636409,0.015120967741935443,0.02612704918032782,0.0222848360655738,0.06696428571428564,0.09204545454545454,-0.007932692307692335,0.031249999999999944,0.0,0.09957107843137253,0.02913135593220334,0.0647321428571428,0.04221491228070173,0.0,0.027083333333333293,0.04797149122807015,0.0,0.06365740740740738,0.08101851851851855,0.0222848360655738,0.07523148148148145,0.017674180327868827,0.05497685185185186,0.05188679245283018,-0.01057692307692315,0.060763888888888895,0.0647321428571428,0.015368852459016424,0.010080645161290314,-0.013586956521739163,0.0,-0.008049242424242431,0.010168650793650702,-0.01470588235294118,0.058372641509434,0.10522959183673464,0.005208333333333315,0.04413377192982454,0.025862068965517238,0.05334051724137934,0.04602272727272727,0.04797149122807015,0.006200396825396803,0.032327586206896575,0.020747950819672123,0.10096153846153838,0.02383474576271183,0.02151639344262296,0.013608870967741937,-0.015625,0.014616935483870941,0.020747950819672123,0.0,0.051724137931034475,0.031249999999999944,0.007936507936507908,0.05564692982456143,0.051724137931034475,0.10053066037735853,-0.007932692307692335,-0.00552884615384619,0.051724137931034475,0.007440476190476164,0.006200396825396803,0.06485849056603776,0.0
-0.031126202603282416,-0.009515313707998851,0.005639097744360888,0.02383316782522349,-0.022637238256932646,0.008931419457735235,0.01275917065390747,0.055991041433370636,0.037112010796221284,-0.06716008771929816,1.0,-0.020814748736247446,-0.06261808367071525,-0.025466893039049254,-0.04221491228070173,0.011483253588516762,-0.029711375212224167,0.048693161475116375,-0.04966261808367073,-0.02878289473684212,-0.01129943502824865,-0.042444821731748794,-0.014912280701754432,0.007205513784461104,-0.1163570691434469,-0.05756578947368424,0.0,-0.05012531328320807,-0.015462384775498106,0.018536908308507127,0.030453492221118872,-0.02543859649122815,-0.03645833333333337,0.0,-0.03349282296650721,-0.031126202603282416,-0.034512510785159656,-0.034512510785159656,0.006892230576441061,0.018500797448165796,-0.05182186234817815,-0.026315789473684292,-0.053728070175438625,0.04127966976264186,-0.008325899494498995,0.0040726817042606445,0.0,-0.023026315789473673,-0.01754385964912286,0.0,-0.04413377192982454,0.011695906432748537,0.014619883040935644,-0.014955421340235836,0.017543859649122806,-0.01840667241875177,0.012670565302144249,0.02118503806686528,-0.06477732793522273,0.03411306042884987,0.007832080200501246,-0.032211676732815664,-0.03254102999434072,-0.05491990846681921,-0.04029605263157898,-0.052631578947368474,-0.04845446950710114,-0.06527347781217752,0.022509102946044413,0.03437164339419979,-0.028404344193817876,0.0,-0.003932244404113744,-0.006957047791893545,0.012121212121212088,0.0,-0.03508771929824567,-0.004234724742891743,-0.03336209375898763,0.030364372469635637,-0.007731192387749053,-0.01840667241875177,-0.02688172043010756,-0.052631578947368474,-0.021222410865874397,-0.012654587287891872,-0.053728070175438625,-0.006957047791893545,-0.014912280701754432,-0.033416875522138734,0.0,-0.009981851179673318,0.029129427341939795,-0.06909581646423751,-0.04750337381916331,-0.009981851179673318,-0.020050125313283235,-0.020050125313283235,0.022509102946044413,-0.046052631578947345
-0.018862766539092413,0.0,0.022699757869249382,0.0518068436200832,-0.023783488244942586,0.027118644067796627,0.03697996918335911,0.10385863685539132,0.06160365058670142,-0.0410487288135592,0.020814748736247446,1.0,-0.042242503259452335,-0.015582285401858909,-0.02913135593220334,0.03451463790446846,-0.022143247676325806,0.08647526807333106,-0.040677966101694885,-0.02913135593220334,0.0,-0.025423728813559254,-0.004519774011299438,0.026331719128329267,-0.07851445663010959,-0.037076271186440635,0.01070472792149868,-0.030131826741996215,0.0,0.03453789574672217,0.03453789574672217,-0.008192090395480245,-0.033103813559322015,0.016057091882248076,-0.03954802259887008,-0.02132312739201747,-0.013892747985551512,-0.014448457904973566,0.019975786924939454,0.0357473035439137,-0.0438070404172099,-0.006779661016949212,-0.037076271186440635,0.05849119308740447,0.0,0.018159806295399483,0.010110020814748766,-0.02383474576271183,-0.007909604519774016,0.013083556348498393,-0.04369703389830504,0.04237288135593226,0.04394224733207791,-0.014448457904973566,0.037664783427495296,-0.01500416782439562,0.03609541745134964,0.04796929964822516,-0.0438070404172099,0.040803515379786603,0.028147699757869238,-0.013892747985551512,-0.02132312739201747,-0.05649717514124292,-0.02515889830508472,-0.04853620955315868,-0.03443637341942418,-0.05383848454636092,0.04029421170450914,0.07955724662746455,-0.02044659671778315,0.013678263455248307,0.005552308591466992,0.008474576271186474,0.027118644067796627,0.01665179898899799,-0.025827280064568248,0.0061367621274108775,-0.012781328146707405,0.047913950456323295,0.0,-0.01222561822728535,-0.018862766539092413,-0.04673857216230093,-0.015582285401858909,-0.009447068630175026,-0.03177966101694912,0.007890122735242588,-0.006779661016949212,-0.025827280064568248,0.013678263455248307,0.007890122735242588,0.04221298369043819,-0.05006518904823981,-0.03285528031290741,0.008182349503214503,-0.01937046004842613,-0.01937046004842613,0.04796929964822516,-0.033103813559322015
0.009677419354838707,0.018774445893089964,0.03708791208791207,0.06269956458635706,0.007444168734491302,0.04195804195804198,0.053146853146853135,0.08248772504091656,0.07692307692307687,0.0043269230769230616,0.06261808367071525,0.042242503259452335,1.0,0.03573200992555825,0.011298076923076938,0.05034965034965033,0.027543424317617804,0.08540031397174253,0.0,0.005048076923076905,0.046936114732724854,0.03349875930521096,0.04230769230769227,0.051923076923076905,-0.019683257918552022,0.008173076923076894,0.04750337381916331,0.014163614163614113,0.05945241199478479,0.09404934687953553,0.0801161103047896,0.020512820512820468,0.004086538461538447,0.04750337381916331,-0.0051282051282051655,0.008933002481389563,0.019167717528373263,0.021185372005044112,0.029670329670329648,0.044755244755244755,0.0,0.026923076923076883,0.008173076923076894,0.09713423831070889,0.026597131681877384,0.051923076923076905,0.04534412955465589,0.00552884615384619,0.02820512820512816,0.05182186234817815,0.004567307692307676,0.05014245014245014,0.040740740740740744,0.009079445145018905,0.03447293447293448,0.020176544766708715,0.04700854700854701,0.05573294629898404,0.0,0.09715099715099712,0.049450549450549386,0.04741488020176543,0.03052109181141438,-0.03656633221850614,0.01057692307692315,-0.010955710955711018,0.006837606837606841,-0.028506787330316752,0.0835994194484761,0.07032967032967036,0.01318681318681314,0.05829959514170041,0.04641909814323608,0.02413793103448275,0.08671328671328665,0.05398110661268557,0.01611721611721617,0.0519893899204244,0.02622950819672132,0.04999999999999999,0.03598435462842242,0.014123581336696112,0.016377171215880892,-0.005361305361305357,0.014143920595533488,0.01311475409836066,0.00552884615384619,0.03527851458885939,0.015384615384615358,0.008302808302808273,0.023751686909581654,0.042705570291777184,0.03831640058055155,0.0,0.0,0.0482758620689655,0.008302808302808273,0.006837606837606841,0.06618287373004356,0.005769230769230804
0.0,0.006560962274466897,0.0259216589861751,0.032866707242848486,0.0,0.028739002932551327,0.03489736070381233,0.06691832532601236,0.06203473945409427,-0.004536290322580627,0.025466893039049254,0.015582285401858909,-0.03573200992555825,1.0,-0.023185483870967638,0.028739002932551327,0.0,0.05990783410138251,-0.02605459057071957,-0.009576612903225812,0.028704209950792703,0.0,0.01881720430107514,0.022465437788018433,-0.028462998102466774,-0.012600806451612878,0.029711375212224167,-0.005120327700972871,0.027063969382176034,0.06025562994522221,0.05751673767498483,0.004838709677419367,-0.007560483870967721,0.029711375212224167,-0.02052785923753664,0.0,0.0042305658381808775,0.004759386567953494,0.01728110599078339,0.020527859237536666,-0.014888337468982604,0.010752688172043001,-0.014112903225806439,0.06957621758380772,0.013942044833242184,0.031105990783410142,0.031126202603282416,-0.011088709677419317,0.010752688172043001,0.031126202603282416,-0.007560483870967721,0.031063321385902037,0.02867383512544805,0.0021152829190904388,0.02150537634408603,0.004494976203067158,0.03584229390681004,0.03834449178332322,-0.011166253101736967,0.05017921146953408,0.0259216589861751,0.01004759386567955,0.0,-0.07526881720430101,-0.022177419354838634,-0.04692082111436946,-0.0020481310803891484,-0.05977229601518019,0.05751673767498483,0.0513495720868993,-0.00665642601126476,0.028296547821165863,0.0311457174638487,0.010011123470522826,0.057478005865102655,0.02688172043010756,-0.007680491551459279,0.02892102335928809,0.006081438392385008,0.0248138957816377,0.01722252597047569,0.0042305658381808775,0.0,-0.018572825024437967,0.0,0.0034373347435219526,-0.010080645161290314,0.014460511679644045,0.005913978494623634,-0.0038402457757296393,0.015563101301641208,0.02002224694104565,0.02465003043213637,-0.013399503722084316,-0.017866004962779125,0.02002224694104565,-0.004864311315924241,-0.004608294930875556,0.04930006086427274,-0.011088709677419317
0.005544354838709659,0.018538135593220317,0.026785714285714246,0.05188679245283018,0.005544354838709659,0.04346590909090908,0.051136363636363646,0.09607712765957444,0.07932692307692302,0.0,0.04221491228070173,0.02913135593220334,-0.011298076923076938,0.023185483870967638,1.0,0.040909090909090895,0.016129032258064502,0.09566326530612246,-0.009615384615384581,0.0,0.048993644067796494,0.017641129032258007,0.04583333333333317,0.05133928571428564,-0.020220588235294157,0.0,0.05180921052631582,0.007192460317460292,0.056938559322033844,0.09728773584905664,0.06485849056603776,0.009374999999999994,0.0,0.038377192982456176,-0.01278409090909094,0.00655241935483869,0.017674180327868827,0.01075819672131148,0.026785714285714246,0.023011363636363635,-0.0036057692307692457,0.01874999999999999,0.0,0.08762254901960781,0.018538135593220317,0.049107142857142794,0.04221491228070173,0.0,0.01874999999999999,0.04797149122807015,0.0,0.04050925925925927,0.04050925925925927,0.008452868852458995,0.03472222222222221,0.012295081967213128,0.04629629629629628,0.058372641509434,-0.004567307692307676,0.07523148148148145,0.049107142857142794,0.03304303278688525,0.022681451612903247,-0.04642210144927539,0.0,-0.024147727272727404,0.0024801587301587213,-0.03860294117647056,0.08755896226415094,0.07653061224489793,0.007192460317460292,0.05756578947368424,0.05010775862068956,0.014547413793103453,0.08693181818181817,0.04029605263157898,0.009176587301587213,0.051724137931034475,0.019211065573770503,0.03966346153846151,0.033103813559322015,0.01075819672131148,0.010584677419354815,-0.012310606060606077,0.011592741935483819,0.012295081967213128,0.0,0.029094827586206906,0.01458333333333331,0.004216269841269826,0.009594298245614044,0.037176724137930994,0.019457547169811323,-0.003365384615384631,-0.006009615384615419,0.032327586206896575,0.005208333333333315,0.003968253968253954,0.04864386792452832,0.0
-0.059530791788856285,-0.04067796610169494,-0.00779220779220785,0.02126929674099498,-0.06568914956011729,0.0,0.0,0.07736943907156674,0.027272727272727282,-0.0715909090909091,-0.011483253588516762,-0.03451463790446846,-0.05034965034965033,-0.028739002932551327,-0.040909090909090895,1.0,-0.059530791788856285,0.060111317254174346,-0.07832167832167836,-0.08693181818181817,-0.024653312788906034,-0.05131964809384165,-0.025757575757575812,-0.008116883116883133,-0.07299465240641712,-0.053693181818181834,-0.011483253588516762,-0.05541125541125547,-0.020955315870570146,0.015094339622641562,0.008233276157804476,-0.04090909090909095,-0.08181818181818179,-0.018500797448165796,-0.07878787878787874,-0.057478005865102655,-0.04113263785394933,-0.05007451564828613,-0.007142857142857173,0.0,-0.0727272727272727,-0.03181818181818186,-0.05624999999999997,0.024242424242424232,-0.0394453004622497,-0.00779220779220785,-0.01275917065390747,-0.05624999999999997,-0.053030303030303094,-0.014035087719298234,-0.09204545454545454,0.011784511784511786,0.01380471380471382,-0.06438152011922504,0.010101010101010055,-0.05901639344262288,0.011447811447811485,0.018524871355060035,-0.06993006993006995,0.0050505050505050275,-0.007142857142857173,-0.026825633383010444,-0.030791788856305013,-0.055335968379446654,-0.040909090909090895,-0.05757575757575761,-0.0692640692640693,-0.07647058823529412,0.019210977701543785,0.07346938775510203,-0.06695526695526693,-0.015311004784688997,-0.02068965517241378,-0.025391849529780575,0.0,-0.01084529505582138,-0.05772005772005773,-0.02163009404388716,-0.030402384500745172,0.018881118881118875,-0.023420647149460738,-0.04292101341281668,-0.04310850439882702,-0.08787878787878783,-0.04926686217008802,-0.04828614008941878,-0.04857954545454546,-0.022570532915360486,-0.046969696969696995,-0.050793650793650835,-0.01594896331738438,-0.019749216300940453,0.01646655231560895,-0.08671328671328665,-0.04755244755244753,-0.015047021943573657,-0.04848484848484852,-0.050793650793650835,0.01989708404802748,-0.058806818181818155
0.0,0.0164024056861673,0.029377880184331795,0.07121119902617168,0.0,0.04105571847507333,0.04310850439882702,0.09780370624571039,0.07444168734491313,-0.009576612903225812,0.029711375212224167,0.022143247676325806,-0.027543424317617804,0.0,-0.016129032258064502,0.059530791788856285,1.0,0.11981566820276501,-0.03573200992555825,-0.017641129032258007,0.02788408966648437,0.0,0.01559139784946234,0.044930875576036866,-0.035578747628083496,-0.015120967741935443,0.028296547821165863,-0.007936507936507964,0.023783488244942586,0.073950091296409,0.032866707242848486,0.008602150537634357,-0.01209677419354832,0.0481041312959819,-0.024437927663734094,0.0,0.004494976203067158,0.0042305658381808775,0.015552995391705071,0.032844574780058644,-0.01712158808933001,0.01021505376344084,-0.013608870967741937,0.05218216318785579,0.0164024056861673,0.038018433179723476,0.02405206564799095,-0.011088709677419317,0.013978494623655913,0.03254102999434072,-0.012600806451612878,0.0573476702508961,0.054958183990442055,0.005817028027498672,0.04778972520908009,0.005817028027498672,0.05256869772998807,0.06299452221545959,-0.0126550868486352,0.04778972520908009,0.03456221198156678,0.006874669487043905,0.0,-0.040906965871902734,-0.016633064516129004,-0.032258064516129004,-0.004864311315924241,-0.05123339658444015,0.095861229458308,0.11553653719552331,-0.010240655401945742,0.04385964912280704,0.030033370411568394,0.01890989988876529,0.06158357771261003,0.031126202603282416,-0.008192524321556593,0.03225806451612906,0.003966155473294569,0.04032258064516128,0.023783488244942586,0.005817028027498672,0.0,-0.024437927663734094,0.0,0.005552617662612391,-0.009576612903225812,0.02447163515016687,0.01290322580645159,-0.004096262160778297,0.015563101301641208,0.02224694104560626,0.03560559951308584,-0.01563275434243172,-0.016377171215880892,0.01890989988876529,-0.005376344086021501,-0.005120327700972871,0.0684723067559343,-0.011088709677419317
-0.09414088215931532,-0.10722933241093058,-0.05867346938775514,-0.0400462071621101,-0.1069782751810402,-0.053432282003710585,-0.06233766233766236,0.026921406860616615,-0.03649921507064369,-0.09566326530612246,-0.048693161475116375,-0.08647526807333106,-0.08540031397174253,-0.05990783410138251,-0.09566326530612246,-0.060111317254174346,-0.11981566820276501,1.0,-0.13563579277864984,-0.17219387755102034,-0.07955724662746455,-0.1069782751810402,-0.07857142857142863,-0.05102040816326536,-0.10834333733493395,-0.11479591836734693,-0.05728607232366628,-0.10430839002267578,-0.06918021445866485,-0.03234501347708896,-0.016942626107046554,-0.04489795918367351,-0.08131377551020408,-0.08879341210168279,-0.1314162028447743,-0.1240947992100066,-0.044161927065908324,-0.044161927065908324,-0.022959183673469385,-0.03116883116883118,-0.11554160125588697,-0.041156462585034026,-0.07174744897959182,-0.007202881152460983,-0.0726392251815981,-0.038265306122448994,-0.040100250626566414,-0.08609693877551017,-0.08605442176870753,-0.0372359470103831,-0.11479591836734693,-0.05291005291005291,-0.05102040816326525,-0.09635329541652726,-0.05479969765684045,-0.10036801605888257,-0.06046863189720331,-0.05698883326915671,-0.09544740973312399,-0.028344671201814053,-0.04591836734693877,-0.06825025092004017,-0.1026991441737986,-0.10647737355811887,-0.10522959183673464,-0.10513296227581942,-0.09523809523809529,-0.15966386554621853,-0.05082787832113966,0.0,-0.14512471655328796,-0.09165771571786607,-0.09500351864883883,-0.04750175932441941,-0.053432282003710585,-0.05442176870748294,-0.11337868480725627,-0.06966924700914845,-0.06825025092004017,-0.00941915227629514,-0.08993427879626431,-0.10036801605888257,-0.0813034891375905,-0.14718614718614725,-0.09842001316655696,-0.11241217798594849,-0.08609693877551017,-0.0601688951442646,-0.12346938775510208,-0.07256235827664398,-0.02864303616183314,-0.050668543279380696,-0.018482864844050817,-0.09042386185243323,-0.09544740973312399,-0.034834623504574225,-0.07709750566893425,-0.09070294784580502,-0.03542549095109737,-0.057397959183673464
0.013399503722084316,0.029726205997392396,0.04697802197802192,0.0766328011611031,0.011910669975186111,0.053146853146853135,0.0755244755244755,0.11783960720130932,0.09230769230769226,0.004086538461538447,0.04966261808367073,0.040677966101694885,0.0,0.02605459057071957,0.009615384615384581,0.07832167832167836,0.03573200992555825,0.13563579277864984,1.0,0.0076923076923077205,0.05945241199478479,0.028287841191066976,0.04230769230769227,0.05439560439560437,-0.016289592760180993,0.0076923076923077205,0.041025641025641046,0.015140415140415087,0.054758800521512274,0.10449927431059514,0.04876632801161107,0.01794871794871794,0.0043269230769230616,0.06045883940620789,-0.005594405594405605,0.011910669975186111,0.020176544766708715,0.020176544766708715,0.024725274725274693,0.03636363636363635,0.0,0.025641025641025605,0.006971153846153821,0.059125188536953255,0.02816166883963489,0.051923076923076905,0.04318488529014847,0.00552884615384619,0.033333333333333326,0.05182186234817815,0.006250000000000033,0.07834757834757838,0.06894586894586896,0.019167717528373263,0.059544159544159536,0.02522068095838592,0.06894586894586896,0.0835994194484761,0.0,0.07207977207977206,0.051923076923076905,0.03228247162673398,0.0253101736972704,-0.028539576365663344,0.008894230769230793,-0.009557109557109644,0.00879120879120876,-0.029185520361990958,0.11146589259796807,0.12056514913657773,0.018070818070818007,0.06909581646423751,0.0482758620689655,0.029708222811671098,0.08391608391608396,0.05182186234817815,0.017094017094017033,0.059416445623342196,0.017150063051702358,0.05384615384615382,0.040677966101694885,0.01614123581336699,0.011910669975186111,-0.005827505827505797,0.016377171215880892,0.019167717528373263,0.004807692307692291,0.03527851458885939,0.024358974358974328,0.009279609279609247,0.023751686909581654,0.0482758620689655,0.045283018867924546,0.0,0.0,0.02785145888594165,0.009279609279609247,0.00879120879120876,0.0870827285921626,0.005048076923076905
0.010584677419354815,0.045021186440677874,0.042410714285714246,0.09728773584905664,0.015120967741935443,0.06647727272727266,0.06647727272727266,0.12998670212765956,0.08653846153846145,0.0,0.02878289473684212,0.02913135593220334,-0.005048076923076905,0.009576612903225812,0.0,0.08693181818181817,0.017641129032258007,0.17219387755102034,-0.0076923076923077205,1.0,0.04369703389830504,0.014616935483870941,0.02916666666666662,0.060267857142857095,-0.01470588235294118,0.0,0.0652412280701754,0.00868055555555547,0.038400423728813526,0.10377358490566035,0.04540094339622644,0.016666666666666607,0.0,0.07099780701754377,-0.017518939393939448,0.017641129032258007,0.017674180327868827,0.014600409836065587,0.03348214285714282,0.04857954545454546,-0.007211538461538491,0.01770833333333327,0.0,0.055759803921568624,0.03575211864406774,0.0647321428571428,0.04413377192982454,0.0,0.033333333333333215,0.046052631578947345,0.0,0.08969907407407401,0.10416666666666663,0.028432377049180224,0.08680555555555552,0.024590163934426257,0.08101851851851855,0.10053066037735853,-0.006730769230769262,0.04050925925925927,0.0558035714285714,0.015368852459016424,0.013608870967741937,-0.022644927536231874,0.0,-0.011837121212121215,0.007440476190476164,-0.02573529411764708,0.11025943396226423,0.17219387755102034,0.011408730158730007,0.06907894736842102,0.05495689655172409,0.03394396551724138,0.0690340909090909,0.03645833333333337,0.009424603174603141,0.05010775862068956,0.014600409836065587,0.06490384615384615,0.0410487288135592,0.023821721311475363,0.01310483870967738,-0.016098484848484862,0.019153225806451624,0.02689549180327866,0.0,0.04525862068965514,0.04166666666666663,0.007440476190476164,0.03453947368421051,0.032327586206896575,0.07134433962264153,-0.00552884615384619,-0.006490384615384592,0.02262931034482757,0.007936507936507908,0.007688492063491981,0.09080188679245288,0.0
