0,1,2,3,4,5,6,7,8,9,10,11,12,13,14,15,16,17,18,19,20,21,22,23,24,25,26,27,28,29,30,31,32,33,34,35,36,37,38,39,40,41,42,43,44,45,46,47,48,49,50,51,52,53,54,55,56,57,58,59,60,61,62,63,64,65,66,67,68,69,70,71,72,73,74,75,76,77,78,79,80,81,82,83,84,85,86,87,88,89,90,91,92,93,94,95,96,97,98,99
1.0,-0.005487804878048785,-0.05212765957446808,-0.0030487804878048946,-0.008720930232558155,-0.05543478260869572,-0.0159090909090909,0.00394736842105263,-0.01630434782608696,-0.05833333333333335,-0.030555555555555614,-0.037500000000000006,0.008108108108108095,0.004487179487179471,-0.015697674418604673,-0.04545454545454547,-0.010465116279069792,-0.008333333333333331,-0.008333333333333345,0.06874999999999998,-0.027777777777777818,-0.018617021276595744,-0.009523809523809545,0.005769230769230749,-0.050000000000000044,-0.025000000000000022,-0.07806122448979597,0.012179487179487136,0.009615384615384581,0.0012820512820512775,-0.016666666666666663,-0.0782608695652175,0.05357142857142855,0.00789473684210526,-0.006097560975609789,0.050000000000000044,0.0,-0.054545454545454564,-0.03139534883720935,0.04722222222222222,0.06785714285714284,0.04722222222222222,-0.02790697674418613,0.09705882352941175,0.01710526315789479,-0.015476190476190477,-0.026162790697674465,-0.03913043478260875,0.1272727272727272,0.10624999999999996,-0.015476190476190477,-0.03586956521739132,-0.016666666666666677,0.0,-0.06346153846153849,-0.036363636363636376,-0.0023809523809523864,0.0,0.005263157894736845,-0.019186046511627974,0.018243243243243223,-0.0122093023255814,-0.03586956521739132,-0.020454545454545447,-0.004268292682926833,-0.010465116279069792,-0.040957446808510656,0.00512820512820511,-0.029787234042553207,-0.03723404255319149,-0.005952380952380959,0.0,-0.02934782608695652,-0.026162790697674465,-0.013953488372093065,0.0,0.0064102564102563875,-0.019186046511627974,-0.10561224489795923,-0.02790697674418613,-0.08563829787234045,-0.020238095238095277,0.01315789473684209,-0.005487804878048785,-0.03723404255319149,-0.03488372093023262,-0.01097560975609757,-0.023809523809523836,0.03243243243243238,0.023684210526315808,0.002564102564102555,-0.03351063829787232,0.0,0.022368421052631537,-0.006097560975609789,0.046621621621621534,0.0,-0.009146341463414698,0.14516129032258063,0.1333333333333333
0.005487804878048785,1.0,-0.06850025947067973,0.0,-0.019285309132161088,-0.037115588547189826,-0.04656319290465627,0.0423620025673942,-0.05832449628844105,-0.04979674796747968,-0.019512195121951237,-0.05691056910569103,0.03427818061964405,0.020012507817385894,-0.015882019285309135,-0.02827050997782704,-0.019285309132161088,-0.009291521486643417,-0.03035230352303525,0.10975609756097565,-0.04336043360433606,-0.0311364815775817,-0.009872241579558627,0.022514071294559068,-0.03035230352303525,-0.041192411924119265,-0.10751617720258833,0.015009380863039434,0.02751719824890564,0.015009380863039434,-0.005807200929152129,-0.013255567338282065,0.025087108013937293,0.01732991014120669,0.0,0.03726287262872635,0.009756097560975674,-0.009977827050997756,-0.01134429948950652,0.03726287262872635,0.05435540069686412,0.027100271002710064,-0.006806579693703907,0.05021520803443333,0.02503209242618748,-0.010452961672473837,-0.017016449234259767,-0.04772004241781547,0.053215077605321515,0.06173780487804881,-0.012195121951219523,-0.076882290562036,-0.08892276422764223,0.0128048780487805,-0.10834896810506572,-0.029933481152993324,-0.013937282229965042,0.0128048780487805,0.02888318356867786,-0.012478729438457181,0.021094264996704026,-0.013613159387407814,-0.04772004241781547,-0.01829268292682923,0.0,-0.017016449234259767,-0.07784120394395422,0.016260162601625994,-0.04047742605085625,-0.04047742605085625,-0.012775842044134622,0.007317073170731769,-0.05567338282078477,-0.02268859897901304,-0.014747589336358502,0.006097560975609789,0.01876172607879928,-0.012478729438457181,-0.047784967645594784,-0.02155416903006241,-0.04981837052413074,-0.007549361207897787,0.030808729139923052,0.0,-0.05604566683964707,-0.017016449234259767,0.0,-0.006387921022067311,0.03427818061964405,0.02310654685494229,0.02751719824890564,-0.05604566683964707,0.011585365853658547,0.01925545571245188,0.0,0.02900461437046803,0.007317073170731769,0.0,0.0786782061369001,0.0804878048780488
0.05212765957446808,0.06850025947067973,1.0,0.05915931499740523,0.039584364176150355,0.010638297872340385,0.04206963249516438,0.08566629339305709,0.011100832562442098,-0.007092198581560294,0.010401891252955042,-0.007978723404255372,0.08050603795284644,0.06983087834151663,0.033646709549727816,0.03046421663442933,0.03562592775853529,0.030395136778115506,0.015130023640661905,0.19946808510638298,0.021749408983451457,0.0,0.05065856129685914,0.09601745771958536,0.010401891252955042,0.011347517730496415,-0.017368649587494567,0.06983087834151663,0.10474631751227492,0.043644298963447875,0.048125633232016185,0.006938020351526353,0.10212765957446807,0.030235162374020158,0.021795537104307205,0.11702127659574468,0.06329787234042555,0.018858800773694395,0.03760514596734282,0.0975177304964539,0.12401215805471122,0.13652482269503546,0.031667491340920284,0.17897371714643306,0.09070548712206045,0.05825734549138806,0.04156358238495789,0.007400555041628121,0.1715022566086395,0.2094414893617021,0.04305977710233028,0.012488436632747457,-0.008865248226950395,0.08191489361702131,-0.04909983633387899,0.04497098646034803,0.05825734549138806,0.05957446808510641,0.08062709966405379,0.033646709549727816,0.0747556066705003,0.03562592775853529,0.00971322849213685,0.0217601547388781,0.05604566683964707,0.03760514596734282,0.0,0.07419530823786141,0.0,0.0,0.05825734549138806,0.022340425531914898,0.008325624421831601,0.04354280059376536,0.033646709549727816,0.06702127659574464,0.07855973813420614,0.023750618505690213,-0.016500217108119886,0.04354280059376536,0.0,0.04559270516717323,0.09070548712206045,0.018681888946549013,0.0,0.04354280059376536,0.05915931499740523,0.048125633232016185,0.09775733179988494,0.07558790593505038,0.0654664484451718,0.0,0.06702127659574464,0.10582306830907057,0.052932018681888904,0.12075905692926964,0.07819148936170212,0.052932018681888904,0.20864790665751543,0.21702127659574466
0.0030487804878048946,0.0,-0.05915931499740523,1.0,-0.02836074872376637,-0.034464475079533374,-0.0382483370288248,0.05776636713735572,-0.0715800636267232,-0.046239837398374006,-0.019512195121951237,-0.0533536585365853,0.04746209624258402,0.015009380863039434,-0.014747589336358502,-0.02494456762749442,-0.019285309132161088,-0.008710801393728151,-0.041192411924119265,0.08231707317073172,-0.039024390243902474,-0.05915931499740523,-0.009872241579558627,0.02126328955597251,-0.026016260162601612,-0.026016260162601612,-0.07167745146839222,0.008755472170106304,0.020012507817385894,0.01751094434021261,-0.004065040650406498,-0.023860021208907733,0.03344947735191639,0.02503209242618748,0.0,0.013550135501355032,0.004878048780487837,-0.011640798226164067,-0.01134429948950652,0.02371273712737129,0.029268292682926828,0.027100271002710064,-0.012478729438457181,0.025107604017216664,0.013478818998716308,-0.006968641114982521,-0.013613159387407814,-0.037115588547189826,0.011825572801182564,0.027439024390243913,-0.005807200929152129,-0.060975609756097504,-0.07113821138211379,0.018292682926829396,-0.09803001876172607,-0.03159645232815966,-0.014518002322880363,0.0128048780487805,0.02310654685494229,-0.013613159387407814,0.02636783124588002,-0.020419739081111776,-0.04241781548250262,-0.02161862527716185,0.0,-0.018150879183210455,-0.05915931499740523,0.01876172607879928,-0.06538661131292162,-0.05604566683964707,-0.009291521486643417,0.008536585365853666,-0.03976670201484617,-0.010209869540555888,-0.020419739081111776,0.009756097560975674,0.01375859912445282,-0.010209869540555888,-0.04380288700846188,-0.010209869540555888,-0.03425012973533986,-0.0046457607433217085,0.02503209242618748,0.0,-0.06850025947067973,-0.010209869540555888,0.0,-0.0034843205574912606,0.01318391562294001,0.011553273427471145,0.01876172607879928,-0.04670472236637252,0.01036585365853665,0.013478818998716308,0.0,0.010547132498352013,0.006707317073170793,0.0,0.01573564122738002,0.017886178861788622
0.008720930232558155,0.019285309132161088,-0.039584364176150355,0.02836074872376637,1.0,-0.03336703741152669,-0.013742071881606699,0.0734394124847002,-0.04246713852376138,-0.04602713178294571,-0.013436692506459957,-0.036337209302325535,0.07165304839723446,0.05008944543828264,0.0,-0.0068710359408033495,0.0,0.010520487264673362,-0.025839793281653645,0.11991279069767447,-0.020671834625323016,-0.03562592775853529,0.010520487264673362,0.03339296362552174,-0.013436692506459957,-0.01550387596899222,-0.04841006169909823,0.019081693500298175,0.035778175313059046,0.05008944543828264,0.008859357696567038,-0.0227502527805864,0.06910299003322262,0.04283965728274175,0.020419739081111776,0.040697674418604696,0.020930232558139583,-0.004228329809725123,0.0,0.04974160206718353,0.04252491694352162,0.03165374677002586,0.0,0.049247606019151874,0.03977968176254598,0.008859357696567038,0.0,-0.016683518705763345,0.035236081747709674,0.08793604651162795,0.008305647840531616,-0.039433771486349745,-0.07267441860465107,0.04709302325581399,-0.12477638640429334,-0.011627906976744096,0.015503875968992276,0.041860465116279166,0.0611995104039168,0.0,0.04902576995600255,0.0,-0.03488372093023251,-0.009513742071881548,0.02382302892796373,0.0,-0.04948045522018785,0.047704233750745395,-0.04156358238495789,-0.045522018802572894,0.013289036544850585,0.0244186046511628,-0.03185035389282104,0.0,0.0,0.020930232558139583,0.03816338700059635,0.0,-0.03986710963455148,0.0,-0.027709054923305276,0.00609080841638987,0.027539779681762577,0.017016449234259767,-0.03562592775853529,0.0,0.01134429948950652,0.003875968992248069,0.04148334380892521,0.0305997552019584,0.042933810375670844,-0.04156358238495789,0.04011627906976756,0.021419828641370875,0.01134429948950652,0.02262727844123194,0.013953488372093065,0.01134429948950652,0.06301575393848463,0.08062015503875972
0.05543478260869572,0.037115588547189826,-0.010638297872340385,0.034464475079533374,0.03336703741152669,1.0,0.017786561264822143,0.05491990846681927,0.0,-0.018115942028985532,0.008695652173912993,-0.009963768115942045,0.0898942420681551,0.06633221850613158,0.024266936299292163,0.017786561264822143,0.024266936299292163,0.031055900621118016,0.007729468599033784,0.17119565217391308,0.00724637681159418,-0.006012950971322872,0.035196687370600444,0.06243032329988851,0.005797101449275366,0.005314009661835706,-0.02129547471162374,0.06633221850613158,0.058528428093645446,0.058528428093645446,0.04761904761904767,0.0,0.1298136645962733,0.04576659038901601,0.029162248144220526,0.10265700483091794,0.05869565217391304,0.014822134387351749,0.02881698685540951,0.08454106280193241,0.10248447204968941,0.08454106280193241,0.024266936299292163,0.10741687979539644,0.06407322654462244,0.031055900621118016,0.0227502527805864,0.0,0.13702239789196313,0.15217391304347827,0.035196687370600444,0.0,-0.017210144927536197,0.04565217391304349,-0.0752508361204014,0.027667984189723382,0.02898550724637683,0.048913043478260865,0.08237986270022885,0.024266936299292163,0.06874265569917742,0.0227502527805864,0.0,0.017786561264822143,0.03976670201484617,0.025783619817997983,-0.007863089731729833,0.058528428093645446,-0.007400555041628121,-0.007400555041628121,0.035196687370600444,0.03913043478260875,0.0,0.03185035389282104,0.024266936299292163,0.04565217391304349,0.04682274247491641,0.03185035389282104,-0.030612244897959162,0.040950455005055564,-0.007863089731729833,0.02898550724637683,0.04576659038901601,0.023860021208907733,-0.005550416281221049,0.019716885743174872,0.04772004241781547,0.03726708074534163,0.08460634547591067,0.059496567505720854,0.04682274247491641,-0.009250693802035137,0.05543478260869572,0.07322654462242567,0.02651113467656413,0.07931844888366624,0.03586956521739132,0.03181336161187698,0.21037868162692847,0.1507246376811594
0.0159090909090909,0.04656319290465627,-0.04206963249516438,0.0382483370288248,0.013742071881606699,-0.017786561264822143,1.0,0.0861244019138756,-0.029644268774703497,-0.034090909090909116,-0.003535353535353558,-0.028409090909090884,0.06879606879606875,0.05244755244755239,0.007928118393234651,0.0,0.01057082452431285,0.017316017316017285,-0.00909090909090915,0.1875,-0.013131313131313216,-0.017408123791102514,0.023809523809523836,0.046620046620046596,-0.005050505050505083,-0.005050505050505083,-0.05102040816326531,0.03496503496503495,0.07575757575757569,0.040792540792540743,0.015151515151515138,-0.010869565217391297,0.04675324675324674,0.03229665071770335,0.01829268292682923,0.06060606060606061,0.034090909090909116,0.0,0.01057082452431285,0.09090909090909094,0.09935064935064936,0.050505050505050525,0.004228329809725123,0.106951871657754,0.0645933014354067,0.024891774891774965,0.01057082452431285,-0.018774703557312256,0.08333333333333331,0.13636363636363635,0.021645021645021634,-0.03260869565217395,-0.051136363636363646,0.0613636363636364,-0.09440559440559437,0.0,0.03354978354978366,0.05227272727272736,0.06818181818181823,0.004756871035940774,0.042997542997542965,0.008456659619450246,-0.01976284584980237,0.0,0.02494456762749442,0.008985200845665953,-0.0478723404255319,0.04953379953379955,-0.018858800773694395,-0.018858800773694395,0.02922077922077926,0.020454545454545447,-0.02075098814229248,0.013213530655390993,0.008456659619450246,0.020454545454545447,0.04953379953379955,0.0068710359408033495,-0.03246753246753248,0.011099365750528556,-0.023210831721470038,0.019480519480519487,0.057416267942583754,0.009977827050997756,-0.03336557059961309,0.008985200845665953,0.02494456762749442,0.014069264069264065,0.06449631449631449,0.05382775119617228,0.0641025641025641,-0.03191489361702127,0.05909090909090908,0.0430622009569378,0.019955654101995512,0.06449631449631449,0.034090909090909116,0.03325942350332589,0.11436950146627567,0.12727272727272726
-0.00394736842105263,-0.0423620025673942,-0.08566629339305709,-0.05776636713735572,-0.0734394124847002,-0.05491990846681927,-0.0861244019138756,1.0,-0.11899313501144171,-0.06578947368421056,-0.036842105263157926,-0.07127192982456149,0.010668563300142209,-0.007422402159244279,-0.0367197062423501,-0.0430622009569378,-0.03977968176254598,-0.04010025062656647,-0.06140350877192985,0.05427631578947367,-0.07777777777777783,-0.07558790593505038,-0.02506265664160401,-0.010121457489878583,-0.057309941520467866,-0.06549707602339189,-0.11224489795918369,-0.006072874493927155,-0.011470985155195679,-0.009446693657220007,-0.015037593984962405,-0.036613272311212836,0.009022556390977432,0.0,-0.02310654685494229,0.011695906432748537,-0.01578947368421052,-0.014354066985645939,-0.027539779681762577,0.010233918128654984,0.01578947368421052,0.010233918128654984,-0.021419828641370875,0.015479876160990724,0.0,-0.03258145363408527,-0.0305997552019584,-0.050343249427917625,0.01196172248803827,0.029605263157894718,-0.03258145363408527,-0.10983981693363853,-0.11513157894736847,-0.0368421052631579,-0.13461538461538464,-0.057416267942583754,-0.07017543859649122,-0.03289473684210531,0.0,-0.03977968176254598,0.0056899004267425,-0.04283965728274175,-0.059496567505720854,-0.0430622009569378,-0.01925545571245188,-0.04283965728274175,-0.10582306830907057,-0.008771929824561486,-0.0957446808510638,-0.0957446808510638,-0.042606516290726815,-0.01315789473684209,-0.05491990846681927,-0.03365973072215428,-0.03977968176254598,-0.014473684210526305,-0.008771929824561486,-0.024479804161566754,-0.06498388829215898,-0.0367197062423501,-0.040313549832026896,-0.02756892230576441,0.0,-0.026957637997432615,-0.11086226203807392,-0.027539779681762577,-0.02310654685494229,-0.017543859649122806,0.007112375533428139,0.0,-0.013495276653171406,-0.08566629339305709,-0.02631578947368418,0.0,-0.02310654685494229,0.004267425320056889,-0.01315789473684209,-0.01732991014120669,0.023769100169779275,0.02807017543859648
0.01630434782608696,0.05832449628844105,-0.011100832562442098,0.0715800636267232,0.04246713852376138,0.0,0.029644268774703497,0.11899313501144171,1.0,-0.017210144927536197,0.003864734299516892,-0.012681159420289856,0.07403055229142186,0.05072463768115937,0.019716885743174872,0.008893280632411071,0.02881698685540951,0.03933747412008287,0.010628019323671412,0.19021739130434784,0.009661835748792202,-0.005550416281221049,0.0331262939958592,0.07803790412486061,0.006763285024154575,0.005314009661835706,-0.026619343389529704,0.03511705685618727,0.0741360089186176,0.07023411371237454,0.022774327122153215,0.0,0.06832298136645962,0.050343249427917625,0.029162248144220526,0.06038647342995171,0.03260869565217392,0.0029644268774703664,0.018200202224469164,0.06642512077294688,0.07515527950310558,0.04830917874396137,0.010616784630940346,0.061381074168797956,0.04576659038901601,0.022774327122153215,0.019716885743174872,0.0,0.05994729907773386,0.1046195652173913,0.0331262939958592,0.0,-0.026268115942028936,0.10108695652173916,-0.07775919732441472,0.02667984189723316,0.06832298136645965,0.09782608695652173,0.10068649885583525,0.02123356926188069,0.05287896592244415,0.0227502527805864,0.0,0.011857707509881465,0.037115588547189826,0.025783619817997983,-0.01156336725254381,0.06243032329988851,-0.010175763182238673,-0.008325624421831601,0.053830227743271175,0.03586956521739132,0.0,0.03336703741152669,0.02881698685540951,0.05543478260869572,0.07023411371237454,0.015166835187057609,-0.013309671694764852,0.02881698685540951,-0.006475485661424585,0.024844720496894457,0.036613272311212836,0.02651113467656413,-0.008788159111933314,0.016683518705763345,0.02651113467656413,0.0165631469979296,0.058166862514688555,0.050343249427917625,0.0741360089186176,-0.01156336725254381,0.08152173913043481,0.036613272311212836,0.034464475079533374,0.03701527614571093,0.022826086956521746,0.02651113467656413,0.0946704067321178,0.0927536231884058
0.05833333333333335,0.04979674796747968,0.007092198581560294,0.046239837398374006,0.04602713178294571,0.018115942028985532,0.034090909090909116,0.06578947368421056,0.017210144927536197,1.0,0.030555555555555503,0.0,0.09290540540540537,0.125,0.05329457364341078,0.03977272727272724,0.04844961240310075,0.0535714285714286,0.03472222222222221,0.10416666666666669,0.033333333333333326,0.006205673758865271,0.059523809523809534,0.033653846153846145,0.02638888888888885,0.0222222222222222,-0.0051020408163265085,0.05769230769230771,0.038461538461538464,0.07692307692307693,0.059523809523809534,0.01992753623188409,0.13154761904761902,0.0767543859649123,0.06046747967479671,0.06944444444444448,0.041666666666666685,0.0378787878787879,0.03391472868217055,0.09027777777777785,0.05416666666666667,0.06250000000000003,0.021802325581395332,0.06862745098039216,0.054824561403508776,0.03273809523809526,0.02664728682170539,0.008152173913043487,0.06628787878787878,0.09375000000000003,0.047619047619047616,0.015398550724637639,0.0,0.05833333333333335,-0.04166666666666663,0.028409090909090884,0.047619047619047616,0.08333333333333337,0.13157894736842113,0.04602713178294571,0.11768018018018017,0.06298449612403101,0.021739130434782594,0.04356060606060602,0.08180894308943082,0.05813953488372092,0.008865248226950395,0.11538461538461542,0.0066489361702127825,0.009308510638297907,0.06845238095238099,0.0625,0.021739130434782594,0.04118217054263562,0.04602713178294571,0.0625,0.0625,0.04844961240310075,-0.009353741496598622,0.04602713178294571,0.002659574468085124,0.017857142857142877,0.06030701754385967,0.0533536585365853,0.003989361702127686,0.021802325581395332,0.042682926829268275,0.020833333333333343,0.05574324324324323,0.02192982456140352,0.07692307692307693,0.010638297872340496,0.06666666666666671,0.054824561403508776,0.03201219512195122,0.05574324324324323,0.037500000000000006,0.035569105691056896,0.114247311827957,0.1
0.030555555555555614,0.019512195121951237,-0.010401891252955042,0.019512195121951237,0.013436692506459957,-0.008695652173912993,0.003535353535353558,0.036842105263157926,-0.003864734299516892,-0.030555555555555503,1.0,-0.027777777777777735,0.07207207207207206,0.07521367521367528,0.02273901808785528,0.011111111111111183,0.01550387596899222,0.026984126984127,0.0,0.05416666666666667,0.0,-0.019858156028368712,0.026984126984127,0.02393162393162393,0.0,0.0,-0.02176870748299317,0.06153846153846154,0.017094017094017103,0.058119658119658135,0.030158730158730218,-0.009661835748792202,0.10158730158730161,0.07368421052631585,0.045528455284552904,0.06666666666666671,0.030555555555555614,0.011616161616161635,0.014470284237726116,0.06111111111111117,0.03174603174603176,0.06666666666666671,0.019638242894056857,0.05751633986928106,0.036842105263157926,0.01904761904761909,0.012403100775193798,-0.009178743961352653,0.05656565656565657,0.06319444444444447,0.01904761904761909,-0.004347826086956497,-0.016666666666666663,0.027777777777777818,-0.04786324786324786,0.003535353535353558,0.009523809523809545,0.025000000000000022,0.04502923976608192,0.019638242894056857,0.07687687687687689,0.020671834625323016,-0.010628019323671412,0.012626262626262652,0.039024390243902474,0.021705426356589175,-0.007565011820330952,0.05470085470085473,-0.016075650118203277,-0.017021276595744594,0.014285714285714318,0.047222222222222276,-0.006763285024154575,0.00826873385012919,0.01550387596899222,0.022222222222222254,0.02393162393162393,0.028940568475452233,-0.038095238095238015,0.01653746770025838,-0.011347517730496415,0.014285714285714318,0.057309941520467866,0.041192411924119265,-0.014184397163120532,0.012403100775193798,0.02818428184281846,0.030158730158730218,0.03363363363363364,0.020467836257309954,0.04444444444444445,-0.012293144208037787,0.022222222222222254,0.028654970760233933,0.02384823848238482,0.04804804804804805,0.03333333333333338,0.019512195121951237,0.0903225806451613,0.055555555555555566
0.037500000000000006,0.05691056910569103,0.007978723404255372,0.0533536585365853,0.036337209302325535,0.009963768115942045,0.028409090909090884,0.07127192982456149,0.012681159420289856,0.0,0.027777777777777735,1.0,0.13006756756756754,0.11057692307692307,0.05087209302325579,0.03219696969696967,0.0678294573643411,0.04464285714285715,0.031944444444444386,0.0625,0.030555555555555503,0.009751773049645418,0.04464285714285715,0.05769230769230771,0.0222222222222222,0.030555555555555503,-0.0051020408163265085,0.05288461538461539,0.043269230769230754,0.05769230769230771,0.03869047619047622,0.012681159420289856,0.09285714285714286,0.04385964912280704,0.04979674796747968,0.05555555555555558,0.029166666666666674,0.024621212121212155,0.021802325581395332,0.05555555555555558,0.05416666666666667,0.09027777777777785,0.03391472868217055,0.060049019607843146,0.04934210526315791,0.03273809523809526,0.024224806201550375,0.008152173913043487,0.05681818181818182,0.08333333333333334,0.04464285714285715,0.014492753623188415,0.0,0.05833333333333335,-0.03205128205128205,0.028409090909090884,0.047619047619047616,0.07500000000000001,0.11513157894736847,0.060562015503875855,0.12387387387387383,0.055717054263565824,0.022644927536231818,0.04356060606060602,0.09247967479674801,0.055717054263565824,0.007535460992907805,0.11057692307692307,0.00576241134751776,0.0066489361702127825,0.059523809523809534,0.07083333333333336,0.022644927536231818,0.031492248062015504,0.04844961240310075,0.07916666666666666,0.0625,0.03875968992248058,-0.008078231292517002,0.02906976744186046,0.003546099290780147,0.017857142857142877,0.08771929824561409,0.0533536585365853,0.003546099290780147,0.021802325581395332,0.03201219512195122,0.017857142857142877,0.04335585585585586,0.01644736842105264,0.0625,0.008421985815602884,0.045833333333333365,0.0767543859649123,0.07469512195121952,0.05574324324324323,0.041666666666666685,0.03912601626016257,0.0799731182795699,0.11250000000000002
-0.008108108108108095,-0.03427818061964405,-0.08050603795284644,-0.04746209624258402,-0.07165304839723446,-0.0898942420681551,-0.06879606879606875,-0.010668563300142209,-0.07403055229142186,-0.09290540540540537,-0.07207207207207206,-0.13006756756756754,1.0,-0.027720027720027685,-0.07165304839723446,-0.06019656019656017,-0.08296668761785042,-0.04504504504504503,-0.11051051051051053,0.029560810810810828,-0.07687687687687689,-0.1495112133410006,-0.0643500643500643,-0.01108801108801108,-0.043243243243243246,-0.05765765765765768,-0.07280750137892991,-0.009702009702009712,-0.01108801108801108,-0.02217602217602216,-0.03861003861003859,-0.06874265569917742,0.015444015444015469,-0.00782361308677093,-0.04218852999340805,0.002252252252252257,-0.008108108108108095,-0.042997542997542965,-0.03771213073538654,0.006006006006006037,0.006177606177606182,0.00750750750750756,-0.06033940917661851,0.01669316375198729,-0.00640113798008532,-0.03539253539253534,-0.026398491514770583,-0.058166862514688555,0.013104013104013115,0.021114864864864885,-0.03217503217503215,-0.08460634547591067,-0.10529279279279274,-0.028378378378378366,-0.14812889812889812,-0.06019656019656017,-0.04504504504504503,-0.03243243243243238,-0.008534850640113778,-0.05656819610307984,0.0,-0.09428032683846643,-0.1269095182138661,-0.09459459459459452,-0.05273566249176004,-0.07542426147077308,-0.08625646923519259,-0.026334026334026372,-0.10350776308223109,-0.10350776308223109,-0.041827541827541836,-0.028378378378378366,-0.10047003525264397,-0.02262727844123194,-0.05656819610307984,-0.02027027027027023,-0.00554400554400554,-0.06411062225015712,-0.07280750137892991,-0.04148334380892521,-0.02875215641173086,-0.009652509652509647,-0.009957325746799417,-0.03691496374423203,-0.03450258769407705,-0.02262727844123194,-0.015820698747528034,-0.022522522522522515,0.0,0.0,-0.013860013860013842,-0.0747556066705003,-0.018243243243243223,-0.007112375533428139,-0.03427818061964405,0.0,-0.014189189189189183,-0.02373104812129201,0.026155187445510042,0.02522522522522523
-0.004487179487179471,-0.020012507817385894,-0.06983087834151663,-0.015009380863039434,-0.05008944543828264,-0.06633221850613158,-0.05244755244755239,0.007422402159244279,-0.05072463768115937,-0.125,-0.07521367521367528,-0.11057692307692307,0.027720027720027685,1.0,-0.06678592725104349,-0.05244755244755239,-0.05247465712582,-0.02930402930402931,-0.08547008547008539,0.050480769230769273,-0.08547008547008539,-0.08292416803055092,-0.042124542124542086,0.0,-0.027350427350427364,-0.058119658119658135,-0.07326007326007322,0.0,0.0,0.0,-0.03479853479853473,-0.042920847268673346,0.03223443223443223,0.010121457489878583,-0.03001876172607887,0.008547008547008558,-0.00512820512820511,-0.03496503496503495,-0.035778175313059046,0.027777777777777846,0.023443223443223443,0.01282051282051283,-0.0405485986881336,0.0301659125188537,0.008771929824561486,-0.031135531135531136,-0.03816338700059635,-0.058528428093645446,0.018648018648018655,0.03926282051282054,-0.032967032967032905,-0.058528428093645446,-0.09615384615384615,-0.007051282051282026,-0.1538461538461539,-0.03496503496503495,-0.02747252747252743,-0.009615384615384581,0.01214574898785431,-0.02623732856291,0.02079002079002079,-0.06201550387596899,-0.09364548494983282,-0.07284382284382274,-0.03001876172607887,-0.06440071556350624,-0.07419530823786141,0.0,-0.04800872885979268,-0.07419530823786141,-0.03663003663003661,-0.007692307692307665,-0.08584169453734669,-0.028622540250447248,-0.03339296362552174,-0.0032051282051281937,0.0,-0.047704233750745395,-0.09419152276295129,-0.0405485986881336,-0.03055100927441351,-0.009157509157509153,0.008771929824561486,-0.015009380863039434,-0.03927986906710307,-0.021466905187835422,-0.011257035647279534,-0.014652014652014655,0.006930006930006921,0.0013495276653171448,0.0,-0.06110201854882702,-0.008333333333333304,0.0033738191632928516,-0.010006253908692947,0.008316008316008316,-0.0064102564102563875,-0.015009380863039434,0.026468155500413565,0.038461538461538464
0.015697674418604673,0.015882019285309135,-0.033646709549727816,0.014747589336358502,0.0,-0.024266936299292163,-0.007928118393234651,0.0367197062423501,-0.019716885743174872,-0.05329457364341078,-0.02273901808785528,-0.05087209302325579,0.07165304839723446,0.06678592725104349,1.0,-0.010042283298097254,0.0,0.007751937984496138,-0.025839793281653645,0.08793604651162795,-0.024806201550387597,-0.039584364176150355,0.013289036544850585,0.011926058437686349,-0.006201550387596899,-0.018604651162790697,-0.04271476032273369,0.03339296362552174,0.02623732856291,0.047704233750745395,0.013842746400886008,-0.02730030333670369,0.08504983388704324,0.0367197062423501,0.02155416903006241,0.040697674418604696,0.019186046511627974,-0.008456659619450246,0.0,0.040697674418604696,0.037209302325581395,0.040697674418604696,0.0,0.06771545827633385,0.04589963280293763,0.011074197120708784,0.0,-0.025783619817997983,0.056377730796335485,0.09593023255813954,0.009966777408637939,-0.02123356926188069,-0.043604651162790664,0.020930232558139583,-0.084525939177102,-0.0068710359408033495,0.007751937984496138,0.020930232558139583,0.04895960832313351,0.0,0.06033940917661851,0.0,-0.03488372093023251,-0.015327695560253596,0.029495178672717004,0.0,-0.027709054923305276,0.057245080500894496,-0.031667491340920284,-0.045522018802572894,0.011627906976744207,0.0244186046511628,-0.02881698685540951,0.0,0.0,0.013953488372093065,0.028622540250447248,0.0,-0.07119126720455615,0.0,-0.015833745670460142,0.003875968992248069,0.04895960832313351,0.018150879183210455,-0.019792182088075178,0.0,0.013613159387407814,0.007198228128460715,0.0339409176618479,0.0152998776009792,0.035778175313059046,-0.02177140029688268,0.029651162790697738,0.024479804161566754,0.006806579693703907,0.026398491514770583,0.026162790697674465,0.018150879183210455,0.08102025506376595,0.09069767441860468
0.04545454545454547,0.02827050997782704,-0.03046421663442933,0.02494456762749442,0.0068710359408033495,-0.017786561264822143,0.0,0.0430622009569378,-0.008893280632411071,-0.03977272727272724,-0.011111111111111183,-0.03219696969696967,0.06019656019656017,0.05244755244755239,0.010042283298097254,1.0,0.007928118393234651,0.017316017316017285,-0.007575757575757569,0.05965909090909091,-0.010101010101010166,-0.023210831721470038,0.024891774891774965,0.03496503496503495,-0.006565656565656608,-0.006565656565656608,-0.03246753246753248,0.046620046620046596,0.046620046620046596,0.026223776223776196,0.025974025974025983,-0.022727272727272707,0.1402597402597402,0.05382775119617228,0.029933481152993324,0.06565656565656569,0.03863636363636369,0.0,0.008985200845665953,0.06060606060606061,0.07597402597402597,0.09595959595959602,0.011099365750528556,0.106951871657754,0.05023923444976075,0.015151515151515138,0.008456659619450246,-0.02075098814229248,0.10606060606060602,0.08522727272727273,0.008658008658008642,-0.013833992094861691,-0.017045454545454558,0.020454545454545447,-0.059440559440559426,0.0,0.009740259740259744,0.022727272727272735,0.035885167464114825,0.008456659619450246,0.07309582309582308,0.010042283298097254,-0.01976284584980237,0.0,0.034922394678492286,0.010042283298097254,-0.020309477756286276,0.05244755244755239,-0.015957446808510634,-0.020309477756286276,0.012987012987012991,0.027272727272727282,-0.012845849802371523,0.004228329809725123,0.0068710359408033495,0.025000000000000022,0.017482517482517473,0.010042283298097254,-0.06261595547309828,0.007928118393234651,-0.02756286266924557,0.012987012987012991,0.08253588516746413,0.023281596452328135,-0.026112185686653744,0.01057082452431285,0.02827050997782704,0.020562770562770616,0.042997542997542965,0.03229665071770335,0.029137529137529122,-0.014506769825918753,0.018181818181818188,0.06100478468899523,0.02494456762749442,0.06449631449631449,0.040909090909090895,0.026607538802660702,0.11436950146627567,0.07424242424242425
0.010465116279069792,0.019285309132161088,-0.03562592775853529,0.019285309132161088,0.0,-0.024266936299292163,-0.01057082452431285,0.03977968176254598,-0.02881698685540951,-0.04844961240310075,-0.01550387596899222,-0.0678294573643411,0.08296668761785042,0.05247465712582,0.0,-0.007928118393234651,1.0,0.009413067552602461,-0.027906976744186074,0.05595930232558141,-0.024806201550387597,-0.05541810984661055,0.010520487264673362,0.042933810375670844,-0.005167958656330754,-0.020671834625323016,-0.045562411010915904,0.01669648181276087,0.023852116875372698,0.05008944543828264,0.00609080841638987,-0.016683518705763345,0.07441860465116279,0.0367197062423501,0.015882019285309135,0.009043927648578823,0.006976744186046532,-0.0026427061310782124,0.0,0.013565891472868227,0.0159468438538206,0.03165374677002586,0.0,0.030779753761969925,0.021419828641370875,0.007751937984496138,0.0,-0.012133468149646082,0.021141649048625796,0.023982558139534885,0.006644518272425293,-0.02730030333670369,-0.04844961240310075,0.026162790697674465,-0.10062611806797844,-0.010042283298097254,0.010520487264673362,0.02790697674418613,0.0611995104039168,0.0,0.07165304839723446,0.0,-0.040950455005055564,-0.013213530655390993,0.029495178672717004,0.0,-0.027709054923305276,0.06440071556350624,-0.04354280059376536,-0.03562592775853529,0.011074197120708784,0.03488372093023262,-0.03640040444893833,0.0,0.0,0.029651162790697738,0.02623732856291,0.0,-0.03986710963455148,0.0,-0.023750618505690213,0.0016611295681063232,0.0305997552019584,0.015882019285309135,-0.019792182088075178,0.0,0.004537719795802614,0.0049833887043189695,0.01131363922061597,0.0030599755201958442,0.02623732856291,-0.02177140029688268,0.019186046511627974,0.024479804161566754,0.020419739081111776,0.01131363922061597,0.013953488372093065,0.01134429948950652,0.018004501125281326,0.03023255813953489
0.008333333333333331,0.009291521486643417,-0.030395136778115506,0.008710801393728151,-0.010520487264673362,-0.031055900621118016,-0.017316017316017285,0.04010025062656647,-0.03933747412008287,-0.0535714285714286,-0.026984126984127,-0.04464285714285715,0.04504504504504503,0.02930402930402931,-0.007751937984496138,-0.017316017316017285,-0.009413067552602461,1.0,-0.03968253968253965,0.05208333333333334,-0.041269841269841345,-0.04559270516717323,0.0,0.02014652014652013,-0.026984126984127,-0.022222222222222254,-0.044217687074829926,0.007326007326007328,0.012820512820512803,0.03479853479853473,0.0,-0.020703933747412,0.057142857142857106,0.057644110275689164,0.013356562137049832,0.047619047619047616,0.011904761904761918,-0.009740259740259744,-0.005537098560354392,0.035714285714285726,0.01904761904761905,0.007936507936507943,-0.006644518272425293,0.011204481792717089,0.020050125313283235,0.0,-0.007198228128460715,-0.02898550724637683,0.025974025974025983,0.02232142857142856,0.0,-0.041407867494824,-0.059523809523809534,0.016666666666666663,-0.08699633699633702,-0.011904761904761918,0.0,0.01904761904761909,0.045112781954887216,-0.007751937984496138,0.04826254826254822,-0.008859357696567038,-0.03726708074534163,-0.018398268398268414,0.012195121951219523,-0.008859357696567038,-0.04559270516717323,0.031135531135531136,-0.06079027355623101,-0.07092198581560283,0.0,0.02619047619047621,-0.03726708074534163,-0.006644518272425293,-0.006644518272425293,0.013095238095238104,0.014652014652014655,-0.007751937984496138,-0.03061224489795919,-0.007198228128460715,-0.030395136778115506,0.0,0.03258145363408527,0.010452961672473837,-0.03799392097264437,-0.005537098560354392,0.008130081300812997,0.0,0.03217503217503215,0.015037593984962405,0.02747252747252743,-0.04559270516717323,0.016666666666666663,0.007518796992481203,0.005807200929152129,0.009652509652509647,0.004761904761904773,0.005226480836236919,0.06758832565284179,0.028571428571428567
0.008333333333333345,0.03035230352303525,-0.015130023640661905,0.041192411924119265,0.025839793281653645,-0.007729468599033784,0.00909090909090915,0.06140350877192985,-0.010628019323671412,-0.03472222222222221,0.0,-0.031944444444444386,0.11051051051051053,0.08547008547008539,0.025839793281653645,0.007575757575757569,0.027906976744186074,0.03968253968253965,1.0,0.06319444444444447,0.0,-0.023640661938534202,0.03492063492063502,0.04786324786324786,0.0,0.0,-0.025396825396825362,0.020512820512820523,0.027350427350427364,0.07863247863247869,0.025396825396825418,-0.005797101449275366,0.09523809523809523,0.07777777777777783,0.04986449864498643,0.016666666666666677,0.008333333333333345,0.0060606060606061,0.012403100775193798,0.03888888888888892,0.0,0.00555555555555556,0.01653746770025838,0.0215686274509804,0.028654970760233933,0.01746031746031751,0.014470284237726116,-0.004830917874396101,0.0,0.03611111111111112,0.01904761904761909,-0.008212560386473444,-0.033333333333333326,0.05277777777777781,-0.0747863247863248,0.006565656565656608,0.0317460317460318,0.050000000000000044,0.08596491228070186,0.01550387596899222,0.10090090090090093,0.03204134366925071,-0.01304347826086949,0.013636363636363669,0.06287262872628718,0.026873385012919915,-0.014184397163120532,0.09572649572649572,-0.025531914893616947,-0.025531914893616947,0.0365079365079366,0.06111111111111123,-0.012077294685990392,0.010335917312661508,0.024806201550387597,0.041666666666666685,0.03760683760683764,0.02273901808785528,-0.025396825396825362,0.012403100775193798,-0.010401891252955042,0.0015873015873015886,0.04502923976608192,0.04336043360433606,-0.012293144208037787,0.01136950904392764,0.013008130081300806,0.012698412698412709,0.01441441441441442,0.004093567251461993,0.041025641025641046,-0.014184397163120532,0.03888888888888892,0.008187134502923986,0.02168021680216803,0.0048048048048048055,0.011111111111111127,0.017344173441734417,0.010035842293906812,0.022222222222222227
-0.06874999999999998,-0.10975609756097565,-0.19946808510638298,-0.08231707317073172,-0.11991279069767447,-0.17119565217391308,-0.1875,-0.05427631578947367,-0.19021739130434784,-0.10416666666666669,-0.05416666666666667,-0.0625,-0.029560810810810828,-0.050480769230769273,-0.08793604651162795,-0.05965909090909091,-0.05595930232558141,-0.05208333333333334,-0.06319444444444447,1.0,-0.09930555555555559,-0.0398936170212766,-0.10416666666666669,-0.08413461538461542,-0.06319444444444447,-0.05416666666666667,-0.2059948979591837,-0.07852564102564108,-0.12900641025641024,-0.033653846153846145,-0.09672619047619047,-0.09510869565217392,-0.0267857142857143,-0.01973684210526315,-0.034298780487804895,-0.059027777777777735,-0.11875000000000002,-0.08522727272727273,-0.15188953488372098,-0.059027777777777735,-0.05625000000000002,-0.04513888888888884,-0.04796511627906977,-0.02941176470588236,-0.09868421052631582,-0.14136904761904762,-0.1359011627906977,-0.14266304347826086,-0.015151515151515138,0.0,-0.13392857142857145,-0.2092391304347826,-0.17708333333333331,-0.09999999999999998,-0.18028846153846156,-0.17045454545454547,-0.11904761904761907,-0.07499999999999996,-0.05427631578947367,-0.039970930232558155,-0.02533783783783783,-0.06395348837209305,-0.08559782608695654,-0.06818181818181818,-0.027439024390243913,-0.08793604651162795,-0.22938829787234039,-0.04487179487179488,-0.06981382978723405,-0.06981382978723405,-0.11160714285714285,-0.01874999999999999,-0.09510869565217392,-0.19985465116279078,-0.0719476744186047,-0.04375000000000001,-0.10657051282051289,-0.06395348837209305,-0.1409438775510204,-0.15188953488372098,-0.1695478723404255,-0.16369047619047616,-0.05427631578947367,-0.013719512195121956,-0.12965425531914893,-0.1279069767441861,-0.1166158536585366,-0.08928571428571425,-0.08445945945945954,-0.09375,-0.07852564102564108,-0.17952127659574468,-0.13749999999999996,-0.06907894736842107,-0.04115853658536586,-0.0675675675675676,-0.08124999999999999,-0.12347560975609762,0.015120967741935498,0.03541666666666665
