0,1,2,3,4,5,6,7,8,9,10,11,12,13,14,15,16,17,18,19,20,21,22,23,24,25,26,27,28,29,30,31,32,33,34,35,36,37,38,39,40,41,42,43,44,45,46,47,48,49,50,51,52,53,54,55,56,57,58,59,60,61,62,63,64,65,66,67,68,69,70,71,72,73,74,75,76,77,78,79,80,81,82,83,84,85,86,87,88,89,90,91,92,93,94,95,96,97,98,99
1.0,-0.010714285714285704,0.0,-0.03351063829787232,-0.0159090909090909,0.022297297297297236,-0.050000000000000044,-0.025000000000000022,-0.01428571428571429,0.010897435897435859,-0.020238095238095277,-0.08724489795918366,-0.05217391304347829,0.0,-0.050000000000000044,0.0,-0.0244186046511628,-0.019186046511627974,0.007692307692307665,0.034459459459459385,0.0064102564102563875,-0.013953488372093065,0.008333333333333304,-0.007317073170731769,0.008974358974358942,-0.018181818181818188,-0.015476190476190477,-0.00792682926829269,-0.007317073170731769,-0.03888888888888892,0.034459459459459385,0.05555555555555558,0.01025641025641022,-0.004878048780487837,-0.006097560975609789,0.01315789473684209,-0.018181818181818188,0.009615384615384581,0.030555555555555558,0.019736842105263164,-0.0244186046511628,-0.02954545454545454,-0.010714285714285704,-0.04444444444444451,-0.011904761904761918,-0.01428571428571429,0.0,0.02105263157894738,0.06428571428571428,0.0,0.0,-0.03333333333333338,-0.009523809523809545,-0.0122093023255814,-0.020454545454545447,-0.04444444444444451,-0.009523809523809545,-0.05585106382978722,-0.009756097560975674,0.019736842105263164,-0.08724489795918366,0.009615384615384581,0.06893939393939397,-0.016666666666666663,-0.01904761904761909,-0.026162790697674465,0.04054054054054046,0.01578947368421052,-0.013953488372093065,-0.005487804878048785,0.0,0.01944444444444446,0.0,0.022368421052631537,-0.00792682926829269,0.0,0.019736842105263164,0.008333333333333304,-0.06702127659574464,-0.029651162790697738,-0.019186046511627974,0.0,0.03888888888888892,0.01315789473684209,0.005769230769230749,0.011842105263157904,-0.026162790697674465,0.0,-0.011585365853658547,-0.007317073170731769,-0.022727272727272735,0.022368421052631537,-0.048913043478260865,0.033333333333333326,-0.006097560975609789,0.009615384615384581,0.0,-0.03863636363636369,0.0,-0.01785714285714285
0.010714285714285704,1.0,0.02857142857142858,-0.06838905775075987,-0.027056277056277,0.0611325611325611,-0.03333333333333338,-0.050793650793650835,0.0,0.025641025641025605,0.0,-0.05782312925170069,-0.026915113871635588,0.015476190476190477,-0.0625,0.02857142857142858,-0.007751937984496138,-0.009966777408637939,0.02930402930402931,0.03217503217503215,0.02747252747252743,-0.009413067552602461,0.02930402930402931,0.008130081300812997,0.02380952380952378,-0.020562770562770616,0.0,0.009872241579558627,0.008710801393728151,-0.01746031746031751,0.041827541827541836,0.03968253968253971,0.021978021978021955,0.006387921022067311,0.005226480836236919,0.03258145363408527,-0.016233766233766267,0.02380952380952378,0.03968253968253971,0.03258145363408527,-0.004429678848283519,-0.008658008658008642,0.0,-0.022222222222222254,0.0,0.0,0.013095238095238104,0.020050125313283235,0.042857142857142844,0.010714285714285704,0.016666666666666663,-0.05238095238095242,0.0,-0.013289036544850585,-0.031385281385281405,-0.030158730158730218,0.0,-0.06585612968591692,0.006387921022067311,0.03007518796992481,-0.06122448979591838,0.018315018315018305,0.07792207792207789,0.0,0.0,-0.009966777408637939,0.03539253539253534,0.045112781954887216,-0.012735326688815163,0.010452961672473837,0.021428571428571408,0.08730158730158732,0.023809523809523836,0.012531328320802004,0.009872241579558627,0.022619047619047594,0.042606516290726815,0.03479853479853473,-0.02786220871327255,-0.005537098560354392,-0.010520487264673362,0.013095238095238104,0.04365079365079366,0.042606516290726815,0.02380952380952378,0.042606516290726815,-0.008305647840531616,0.016666666666666663,0.006387921022067311,0.0046457607433217085,-0.016233766233766267,0.03007518796992481,-0.020703933747412,0.035714285714285726,0.006968641114982521,0.025641025641025605,0.013095238095238104,-0.010822510822510817,0.011904761904761918,0.0
0.0,-0.02857142857142858,1.0,-0.06329787234042555,-0.04318181818181821,0.046621621621621534,-0.05277777777777781,-0.06944444444444442,-0.03214285714285714,0.008974358974358942,-0.020238095238095277,-0.08724489795918366,-0.04565217391304349,0.0,-0.09166666666666673,0.0,-0.02790697674418613,-0.02790697674418613,0.008333333333333304,0.028378378378378366,0.009615384615384581,-0.022674418604651192,0.009615384615384581,-0.007317073170731769,0.008974358974358942,-0.036363636363636376,-0.021428571428571408,-0.011585365853658547,-0.01036585365853665,-0.03888888888888892,0.02027027027027023,0.030555555555555558,0.007692307692307665,-0.006707317073170793,-0.007317073170731769,0.014473684210526305,-0.0318181818181818,0.008974358974358942,0.03888888888888892,0.02105263157894738,-0.0122093023255814,-0.022727272727272735,-0.013095238095238104,-0.041666666666666685,-0.015476190476190477,-0.010714285714285704,0.0,0.014473684210526305,0.042857142857142816,0.0,0.0,-0.06666666666666676,-0.01904761904761909,-0.022674418604651192,-0.0613636363636364,-0.0722222222222223,-0.025000000000000022,-0.11170212765957444,-0.007317073170731769,0.01578947368421052,-0.08724489795918366,0.008333333333333304,0.08484848484848484,-0.01904761904761909,-0.023809523809523836,-0.04011627906976756,0.03648648648648645,0.02105263157894738,-0.03488372093023262,-0.009146341463414698,0.0,0.041666666666666685,0.0,0.01710526315789479,-0.011585365853658547,0.0,0.03026315789473677,0.01538461538461533,-0.05212765957446808,-0.019186046511627974,-0.03139534883720935,0.0,0.033333333333333326,0.01578947368421052,0.007692307692307665,0.02105263157894738,-0.033139534883720956,0.0,-0.00792682926829269,-0.004878048780487837,-0.025000000000000022,0.01710526315789479,-0.048913043478260865,0.022222222222222227,-0.006097560975609789,0.009615384615384581,0.0,-0.0318181818181818,0.0,-0.011904761904761918
0.03351063829787232,0.06838905775075987,0.06329787234042555,1.0,0.04206963249516438,0.08050603795284644,0.01323877068557916,0.027423167848699692,0.04559270516717323,0.07419530823786141,0.048125633232016185,-0.017368649587494567,0.0046253469010175685,0.040957446808510656,-0.007978723404255372,0.07074468085106378,0.029688273132112752,0.03562592775853529,0.08728859792689575,0.046003450258769396,0.06983087834151663,0.023750618505690213,0.05673758865248224,0.0311364815775817,0.0654664484451718,0.024661508704061863,0.04559270516717323,0.04047742605085625,0.04359107420861441,0.00945626477541367,0.05175388154111554,0.05851063829787234,0.06110201854882702,0.04359107420861441,0.04047742605085625,0.07054871220604703,0.03191489361702127,0.03491543917075832,0.0455082742316785,0.02519596864501679,0.013854527461652638,0.011605415860735019,0.02786220871327255,0.012293144208037787,0.048125633232016185,0.02786220871327255,0.03351063829787232,0.030235162374020158,0.09483282674772037,0.03723404255319149,0.04840425531914894,0.028368794326241065,0.06079027355623101,0.0653142008906481,0.03771760154738879,0.016075650118203277,0.06585612968591692,0.0,0.03425012973533986,0.06550951847704373,-0.018237082066869303,0.04800872885979268,0.08123791102514505,0.04305977710233028,0.05825734549138806,0.031667491340920284,0.04025301897642322,0.0957446808510638,0.047501237011380426,0.06850025947067973,0.05957446808510641,0.13002364066193856,0.07074468085106378,0.02519596864501679,0.05604566683964707,0.07074468085106378,0.09070548712206045,0.07419530823786141,0.0,0.019792182088075178,0.039584364176150355,0.07074468085106378,0.091016548463357,0.08566629339305709,0.09601745771958536,0.12094064949608063,0.04354280059376536,0.05957446808510641,0.04359107420861441,0.018681888946549013,0.020309477756286276,0.05543113101903696,0.0037002775208140604,0.091016548463357,0.04047742605085625,0.06110201854882702,0.04840425531914894,0.017408123791102514,0.04840425531914894,0.02786220871327255
0.0159090909090909,0.027056277056277,0.04318181818181821,-0.04206963249516438,1.0,0.0988943488943489,-0.007070707070707116,-0.011111111111111183,0.025974025974025983,0.029137529137529122,0.019480519480519487,-0.03246753246753248,-0.017786561264822143,0.03863636363636369,-0.045454545454545525,0.02954545454545454,0.007928118393234651,0.008985200845665953,0.040792540792540743,0.0558968058968059,0.040792540792540743,0.0068710359408033495,0.03496503496503495,0.02494456762749442,0.020396270396270372,0.0,0.024891774891774965,0.026607538802660702,0.026607538802660702,-0.008585858585858586,0.042997542997542965,0.030303030303030304,0.03205128205128205,0.026607538802660702,0.023281596452328135,0.06818181818181823,0.0,0.03496503496503495,0.07070707070707072,0.03229665071770335,0.007399577167019,0.0,0.016233766233766267,-0.008585858585858586,0.027056277056277,0.017316017316017285,0.0318181818181818,0.0430622009569378,0.08766233766233766,0.034090909090909116,0.0318181818181818,-0.011616161616161635,0.016233766233766267,0.015327695560253596,0.0,-0.0121212121212122,0.021645021645021634,-0.03046421663442933,0.02161862527716185,0.0430622009569378,-0.03246753246753248,0.040792540792540743,0.11363636363636365,0.014069264069264065,0.014069264069264065,0.010042283298097254,0.0558968058968059,0.05023923444976075,0.008456659619450246,0.02827050997782704,0.0318181818181818,0.04545454545454547,0.0318181818181818,0.03229665071770335,0.016629711751662946,0.025000000000000022,0.0645933014354067,0.040792540792540743,-0.029013539651837505,0.007399577167019,0.007928118393234651,0.04545454545454547,0.08585858585858591,0.035885167464114825,0.03496503496503495,0.057416267942583754,0.012156448202959802,0.040909090909090895,0.03159645232815966,0.019955654101995512,0.0,0.05023923444976075,-0.014822134387351749,0.05555555555555558,0.02494456762749442,0.055361305361305346,0.04545454545454547,0.0,0.034090909090909116,0.021645021645021634
-0.022297297297297236,-0.0611325611325611,-0.046621621621621534,-0.08050603795284644,-0.0988943488943489,1.0,-0.05765765765765768,-0.07687687687687689,-0.10296010296010294,-0.013860013860013842,-0.05148005148005147,-0.09266409266409265,-0.10047003525264397,-0.030405405405405372,-0.14864864864864868,-0.022297297297297236,-0.03771213073538654,-0.04525455688246388,-0.01108801108801108,0.0,-0.01524601524601521,-0.030169704588309254,-0.018018018018018056,-0.02900461437046803,-0.013860013860013842,-0.06879606879606875,-0.0611325611325611,-0.02900461437046803,-0.03427818061964405,-0.06726726726726728,0.0,0.00375375375375378,-0.006930006930006921,-0.02373104812129201,-0.018457481872116016,-0.013513513513513487,-0.06879606879606875,-0.018018018018018056,0.011261261261261313,-0.0049786628733997085,-0.04902576995600255,-0.06019656019656017,-0.03861003861003859,-0.08648648648648649,-0.0643500643500643,-0.03861003861003859,-0.028378378378378366,-0.011379800853485,0.027799227799227832,-0.02635135135135136,-0.02027027027027023,-0.06726726726726728,-0.022522522522522515,-0.07165304839723446,-0.10749385749385743,-0.15375375375375377,-0.04826254826254822,-0.12650948821161578,-0.02900461437046803,-0.00924608819345657,-0.10590182018753441,-0.018018018018018056,0.04914004914004916,-0.04504504504504503,-0.03539253539253534,-0.08296668761785042,0.0,-0.0056899004267425,-0.030169704588309254,-0.02636783124588002,-0.03243243243243238,0.00375375375375378,-0.024324324324324298,-0.007112375533428139,-0.02900461437046803,-0.02635135135135136,-0.01280227596017064,-0.02079002079002079,-0.10350776308223109,-0.0339409176618479,-0.026398491514770583,-0.018243243243243223,0.009009009009009028,-0.0021337126600284445,-0.008316008316008316,-0.007112375533428139,-0.08673790069138909,-0.022297297297297236,-0.05537244561634802,-0.021094264996704026,-0.03439803439803438,-0.009957325746799417,-0.0898942420681551,0.008258258258258322,-0.018457481872116016,-0.02494802494802495,-0.02635135135135136,-0.04729729729729726,-0.03851351351351351,-0.057915057915057855
0.050000000000000044,0.03333333333333338,0.05277777777777781,-0.01323877068557916,0.007070707070707116,0.05765765765765768,1.0,0.0,0.03333333333333338,0.03076923076923077,0.009523809523809545,-0.03265306122448974,-0.006763285024154575,0.055555555555555636,-0.030555555555555503,0.0805555555555556,0.020671834625323016,0.027906976744186074,0.06153846153846154,0.07687687687687689,0.07179487179487182,0.023772609819121437,0.07863247863247869,0.034688346883468835,0.02393162393162393,0.0060606060606061,0.030158730158730218,0.034688346883468835,0.045528455284552904,0.0,0.08168168168168166,0.06666666666666671,0.08205128205128209,0.045528455284552904,0.041192411924119265,0.032748538011695943,0.006565656565656608,0.05470085470085473,0.07777777777777783,0.09415204678362576,0.018604651162790697,0.0060606060606061,0.030158730158730218,0.0,0.022222222222222254,0.026984126984127,0.050000000000000044,0.07368421052631585,0.06984126984126987,0.047222222222222276,0.063888888888889,0.0,0.03968253968253965,0.01550387596899222,0.00909090909090915,0.0,0.041269841269841345,-0.01891252955082734,0.02384823848238482,0.036842105263157926,-0.03083900226757369,0.041025641025641046,0.13737373737373737,0.03333333333333338,0.0317460317460318,0.019638242894056857,0.1057057057057057,0.08187134502923982,0.020671834625323016,0.04986449864498643,0.055555555555555636,0.08888888888888896,0.04444444444444451,0.07777777777777783,0.02818428184281846,0.025000000000000022,0.057309941520467866,0.05470085470085473,-0.010401891252955042,0.01653746770025838,0.01757105943152454,0.041666666666666685,0.08333333333333337,0.06959064327485381,0.03760683760683764,0.0491228070175439,0.01136950904392764,0.025000000000000022,0.036856368563685626,0.03252032520325199,0.0121212121212122,0.032748538011695943,-0.007729468599033784,0.033333333333333354,0.03035230352303525,0.06153846153846154,0.03888888888888892,0.009595959595959602,0.04444444444444451,0.023809523809523836
0.025000000000000022,0.050793650793650835,0.06944444444444442,-0.027423167848699692,0.011111111111111183,0.07687687687687689,0.0,1.0,0.0365079365079366,0.04786324786324786,0.01904761904761909,-0.03265306122448974,-0.0033816425120772875,0.03333333333333338,-0.02638888888888885,0.0805555555555556,0.01757105943152454,0.024806201550387597,0.07179487179487182,0.043243243243243246,0.07179487179487182,0.018604651162790697,0.06837606837606841,0.034688346883468835,0.04444444444444445,0.008080808080808133,0.030158730158730218,0.03252032520325199,0.04336043360433606,0.0,0.05765765765765768,0.04444444444444448,0.051282051282051266,0.036856368563685626,0.03035230352303525,0.036842105263157926,0.007575757575757569,0.034188034188034205,0.04444444444444448,0.057309941520467866,0.006201550387596899,0.004040404040404066,0.023809523809523836,0.0,0.025396825396825418,0.0158730158730159,0.027777777777777818,0.032748538011695943,0.0380952380952381,0.01666666666666669,0.03888888888888892,0.0,0.04603174603174609,0.025839793281653645,0.014141414141414232,0.0,0.06190476190476202,-0.027423167848699692,0.02168021680216803,0.04502923976608192,-0.03446712018140585,0.02393162393162393,0.08080808080808086,0.028571428571428636,0.04285714285714293,0.01757105943152454,0.06246246246246251,0.0982456140350878,0.03100775193798444,0.05636856368563692,0.058333333333333404,0.13333333333333341,0.063888888888889,0.02456140350877195,0.04336043360433606,0.055555555555555636,0.09005847953216384,0.07179487179487182,-0.012293144208037787,0.014470284237726116,0.026873385012919915,0.03888888888888892,0.08333333333333337,0.0982456140350878,0.06495726495726495,0.09005847953216384,0.013436692506459957,0.03611111111111115,0.019512195121951237,0.017344173441734417,0.008585858585858586,0.028654970760233933,-0.004347826086956497,0.04444444444444448,0.034688346883468835,0.04444444444444445,0.030555555555555614,0.007575757575757569,0.022222222222222254,0.014285714285714318
0.01428571428571429,0.0,0.03214285714285714,-0.04559270516717323,-0.025974025974025983,0.10296010296010294,-0.03333333333333338,-0.0365079365079366,1.0,0.02014652014652013,0.0,-0.05442176870748294,-0.035196687370600444,0.022619047619047594,-0.08333333333333337,0.021428571428571408,-0.008305647840531616,-0.008859357696567038,0.02380952380952378,0.05148005148005147,0.02930402930402931,-0.00609080841638987,0.02747252747252743,0.007549361207897787,0.018315018315018305,-0.018398268398268414,0.0,0.008710801393728151,0.009872241579558627,-0.020634920634920673,0.03217503217503215,0.02777777777777779,0.018315018315018305,0.006968641114982521,0.0046457607433217085,0.045112781954887216,-0.017316017316017285,0.02747252747252743,0.059523809523809534,0.03258145363408527,-0.008859357696567038,-0.015151515151515138,0.0,-0.03333333333333338,0.0,0.0,0.01904761904761909,0.04010025062656647,0.0714285714285714,0.016666666666666663,0.016666666666666663,-0.03333333333333338,0.0,-0.011627906976744207,-0.032467532467532534,-0.04761904761904767,0.0,-0.07345491388044578,0.006387921022067311,0.02756892230576441,-0.06122448979591838,0.025641025641025605,0.1233766233766233,0.0,0.0,-0.01439645625692143,0.05469755469755466,0.03508771929824561,-0.007751937984496138,0.008710801393728151,0.025000000000000022,0.04365079365079366,0.020238095238095277,0.03007518796992481,0.006968641114982521,0.016666666666666663,0.045112781954887216,0.03663003663003661,-0.03799392097264437,-0.005537098560354392,-0.007198228128460715,0.013095238095238104,0.051587301587301626,0.015037593984962405,0.018315018315018305,0.03258145363408527,-0.011074197120708784,0.013095238095238104,0.011033681765389047,0.005807200929152129,-0.014069264069264065,0.03258145363408527,-0.03726708074534163,0.03174603174603177,0.005226480836236919,0.03479853479853473,0.016666666666666663,-0.011904761904761918,0.020238095238095277,0.0
-0.010897435897435859,-0.025641025641025605,-0.008974358974358942,-0.07419530823786141,-0.029137529137529122,0.013860013860013842,-0.03076923076923077,-0.04786324786324786,-0.02014652014652013,1.0,-0.04029304029304026,-0.15698587127158548,-0.042920847268673346,-0.004487179487179471,-0.038461538461538464,-0.007692307692307665,-0.03339296362552174,-0.021466905187835422,0.0,0.009702009702009712,0.0,-0.02623732856291,0.0,-0.015009380863039434,0.0,-0.055361305361305346,-0.009157509157509153,-0.012507817385866177,-0.008755472170106304,-0.04444444444444445,0.012474012474012475,0.027777777777777846,0.0,-0.0012507817385866184,-0.006253908692933088,0.006747638326585703,-0.020396270396270372,0.0,0.01282051282051283,0.006072874493927155,-0.004770423375074544,-0.026223776223776196,-0.007326007326007328,-0.020512820512820523,-0.010989010989010978,-0.009157509157509153,-0.0006410256410256387,0.0020242914979757137,0.02930402930402931,-0.0012820512820512775,-0.0064102564102563875,-0.04444444444444445,-0.018315018315018305,-0.019081693500298175,-0.040792540792540743,-0.06153846153846154,-0.018315018315018305,-0.08292416803055092,-0.03001876172607887,0.014844804318488558,-0.1360544217687074,0.0,0.023310023310023326,-0.02930402930402931,-0.03479853479853473,-0.028622540250447248,0.023562023562023526,0.007422402159244279,-0.03339296362552174,-0.010006253908692947,-0.011538461538461497,0.023504273504273532,-0.009615384615384581,0.008097165991902855,-0.02751719824890564,-0.014102564102564052,0.009446693657220007,0.0,-0.05673758865248224,-0.023852116875372698,-0.042933810375670844,-0.005769230769230749,0.014957264957264987,0.009446693657220007,0.0,0.010121457489878583,-0.02623732856291,-0.008974358974358942,-0.012507817385866177,-0.012507817385866177,-0.011655011655011649,0.008771929824561486,-0.03901895206243031,0.032051282051282104,-0.01751094434021261,0.0,-0.0032051282051281937,-0.0437062937062937,-0.007051282051282026,-0.009157509157509153
0.020238095238095277,0.0,0.020238095238095277,-0.048125633232016185,-0.019480519480519487,0.05148005148005147,-0.009523809523809545,-0.01904761904761909,0.0,0.04029304029304026,1.0,-0.07482993197278914,-0.03933747412008287,0.010714285714285704,-0.047619047619047616,0.008333333333333331,-0.0049833887043189695,-0.003875968992248069,0.012820512820512803,0.03217503217503215,0.021978021978021955,-0.004429678848283519,0.010989010989010978,0.006387921022067311,0.031135531135531136,-0.018398268398268414,0.0,0.005807200929152129,0.005807200929152129,-0.020634920634920673,0.028957528957528927,0.04365079365079366,0.014652014652014655,0.0023228803716608543,0.0029036004645760644,0.03258145363408527,-0.018398268398268414,0.021978021978021955,0.04365079365079366,0.017543859649122806,-0.0049833887043189695,-0.012987012987012991,0.0,-0.020634920634920673,0.0,0.0,0.004761904761904773,0.022556390977443608,0.0714285714285714,0.011904761904761918,0.013095238095238104,-0.020634920634920673,0.0,-0.008859357696567038,-0.017316017316017285,-0.0317460317460318,0.0,-0.05065856129685914,0.012775842044134622,0.05513784461152882,-0.08163265306122452,0.025641025641025605,0.0714285714285714,0.0,0.0,-0.008859357696567038,0.041827541827541836,0.020050125313283235,-0.005537098560354392,0.0046457607433217085,0.01785714285714285,0.023809523809523808,0.013095238095238104,0.02506265664160401,0.009291521486643417,0.021428571428571408,0.03258145363408527,0.02747252747252743,-0.04052684903748732,-0.005537098560354392,-0.00609080841638987,0.011904761904761918,0.02777777777777779,0.015037593984962405,0.02380952380952378,0.02756892230576441,-0.011627906976744207,0.016666666666666663,0.010452961672473837,0.0046457607433217085,-0.004329004329004321,0.042606516290726815,-0.022774327122153215,0.0753968253968254,0.008130081300812997,0.025641025641025605,0.009523809523809545,-0.014069264069264065,0.01904761904761909,0.0
0.08724489795918366,0.05782312925170069,0.08724489795918366,0.017368649587494567,0.03246753246753248,0.09266409266409265,0.03265306122448974,0.03265306122448974,0.05442176870748294,0.15698587127158548,0.07482993197278914,1.0,0.02395740905057675,0.05510204081632655,0.0063775510204081565,0.07806122448979597,0.05695301376364492,0.0313241575700047,0.07326007326007322,0.039713182570325425,0.07849293563579274,0.03986710963455148,0.07326007326007322,0.07167745146839222,0.12558869701726844,0.06493506493506496,0.02721088435374147,0.05574912891986061,0.06371329019412636,0.038095238095238015,0.07942636514065085,0.11054421768707484,0.04709576138147564,0.011946241911398696,0.03185664509706318,0.06498388829215898,0.01623376623376624,0.03663003663003661,0.06632653061224492,0.08861439312567132,0.017085904129093485,0.03014842300556586,0.03061224489795919,0.019954648526077062,0.02721088435374147,0.023809523809523808,0.01836734693877551,0.02953813104189043,0.08163265306122447,0.01836734693877551,0.06887755102040816,0.02721088435374147,0.05782312925170069,0.02847650688182246,0.04174397031539889,0.041723356009070234,0.044217687074829926,0.019973947025618777,0.09955201592832252,0.14178302900107415,0.0,0.06279434850863422,0.11873840445269015,0.06462585034013607,0.0714285714285714,0.03701945894636921,0.11913954771097623,0.07679914070891519,0.05125771238728044,0.04380288700846188,0.1102040816326531,0.11054421768707484,0.09642857142857142,0.1063372717508056,0.13140866102538562,0.11479591836734693,0.1063372717508056,0.12558869701726844,0.012158054711246202,0.045562411010915904,0.06549596582819167,0.041326530612244894,0.06632653061224492,0.08270676691729323,0.09419152276295129,0.07679914070891519,0.0313241575700047,0.05510204081632655,0.03583872573419611,0.047784967645594784,0.01623376623376624,0.07679914070891519,0.018633540372670787,0.1031746031746032,0.05574912891986061,0.05232862375719516,0.022959183673469385,0.03478664192949904,0.050510204081632676,0.017006802721088426
0.05217391304347829,0.026915113871635588,0.04565217391304349,-0.0046253469010175685,0.017786561264822143,0.10047003525264397,0.006763285024154575,0.0033816425120772875,0.035196687370600444,0.042920847268673346,0.03933747412008287,-0.02395740905057675,1.0,0.0782608695652175,-0.022644927536231818,0.01630434782608696,0.025783619817997983,0.012133468149646082,0.03901895206243031,0.07931844888366624,0.054626532887402435,0.0227502527805864,0.054626532887402435,0.034464475079533374,0.054626532887402435,0.01679841897233203,0.024844720496894457,0.05832449628844105,0.04772004241781547,0.011594202898550732,0.07931844888366624,0.07850241545893721,0.05072463768115937,0.023860021208907733,0.023860021208907733,0.059496567505720854,0.021739130434782594,0.07803790412486061,0.12077294685990342,0.07780320366132726,0.030333670374115218,0.02371541501976293,0.03726708074534163,0.01304347826086949,0.02898550724637683,0.03726708074534163,0.05217391304347829,0.08695652173913049,0.12298136645962732,0.05869565217391304,0.05869565217391304,0.004830917874396101,0.014492753623188415,0.018200202224469164,0.013833992094861691,0.011111111111111072,0.014492753623188415,-0.008325624421831601,0.04772004241781547,0.08695652173913049,-0.026619343389529704,0.10144927536231874,0.17127799736495392,0.035196687370600444,0.0165631469979296,0.03185035389282104,0.09518213866039948,0.050343249427917625,0.009100101112234582,0.01590668080593849,0.04565217391304349,0.042270531400966205,0.04565217391304349,0.07780320366132726,0.02651113467656413,0.03586956521739132,0.05491990846681927,0.04682274247491641,-0.008325624421831601,0.030333670374115218,0.015166835187057609,0.03586956521739132,0.06038647342995171,0.022883295194508005,0.027313266443701217,0.027459954233409634,0.0227502527805864,0.05543478260869572,0.05567338282078477,0.05037115588547192,0.015810276679841917,0.11441647597254012,0.0,0.08454106280193241,0.03976670201484617,0.09364548494983282,0.061956521739130466,0.017786561264822143,0.07173913043478264,0.051759834368530044
0.0,-0.015476190476190477,0.0,-0.040957446808510656,-0.03863636363636369,0.030405405405405372,-0.055555555555555636,-0.03333333333333338,-0.022619047619047594,0.004487179487179471,-0.010714285714285704,-0.05510204081632655,-0.0782608695652175,1.0,-0.10833333333333339,0.0,-0.02790697674418613,-0.020930232558139583,0.005769230769230749,0.022297297297297236,0.007692307692307665,-0.026162790697674465,0.007051282051282026,-0.006097560975609789,0.0038461538461538325,-0.0318181818181818,-0.015476190476190477,-0.007317073170731769,-0.01097560975609757,-0.03888888888888892,0.022297297297297236,0.02777777777777779,0.008333333333333304,-0.009756097560975674,-0.006707317073170793,0.011842105263157904,-0.040909090909090895,0.007692307692307665,0.03611111111111115,0.01578947368421052,-0.02790697674418613,-0.036363636363636376,-0.01785714285714285,-0.06111111111111123,-0.021428571428571408,-0.020238095238095277,0.0,0.019736842105263164,0.03928571428571426,0.0,0.0,-0.027777777777777818,-0.015476190476190477,-0.02790697674418613,-0.0318181818181818,-0.050000000000000044,-0.013095238095238104,-0.05957446808510641,-0.006097560975609789,0.011842105263157904,-0.0596938775510204,0.009615384615384581,0.07424242424242422,-0.025000000000000022,-0.011904761904761918,-0.03837209302325595,0.022297297297297236,0.01710526315789479,-0.01744186046511631,-0.006707317073170793,0.0,0.016666666666666663,0.0,0.01578947368421052,-0.004268292682926833,0.0,0.011842105263157904,0.0064102564102563875,-0.044680851063829796,-0.022674418604651192,-0.013953488372093065,0.0,0.025000000000000022,0.009210526315789475,0.0032051282051281937,0.00789473684210526,-0.019186046511627974,0.0,-0.008536585365853666,-0.00792682926829269,-0.05227272727272736,0.01315789473684209,-0.05217391304347829,0.025000000000000022,-0.006097560975609789,0.010897435897435859,0.0,-0.020454545454545447,0.0,-0.021428571428571408
0.050000000000000044,0.0625,0.09166666666666673,0.007978723404255372,0.045454545454545525,0.14864864864864868,0.030555555555555503,0.02638888888888885,0.08333333333333337,0.038461538461538464,0.047619047619047616,-0.0063775510204081565,0.022644927536231818,0.10833333333333339,1.0,0.0625,0.03391472868217055,0.036337209302325535,0.0625,0.12387387387387383,0.1201923076923076,0.04118217054263562,0.0913461538461538,0.042682926829268275,0.05288461538461539,0.024621212121212155,0.05654761904761907,0.06758130081300812,0.09247967479674801,0.024999999999999967,0.10529279279279274,0.07638888888888892,0.07692307692307693,0.06402439024390244,0.046239837398374006,0.09868421052631582,0.04356060606060602,0.09615384615384615,0.13194444444444448,0.0767543859649123,0.04118217054263562,0.03219696969696967,0.0625,0.027777777777777735,0.059523809523809534,0.041666666666666685,0.07916666666666666,0.10416666666666669,0.1392857142857143,0.07916666666666666,0.07500000000000001,0.02638888888888885,0.047619047619047616,0.05087209302325579,0.04356060606060602,0.040277777777777746,0.05654761904761907,0.01019503546099293,0.03201219512195122,0.06030701754385967,-0.006802721088435326,0.08653846153846151,0.2272727272727273,0.07440476190476186,0.047619047619047616,0.08236434108527124,0.10529279279279274,0.08771929824561409,0.03391472868217055,0.0533536585365853,0.09583333333333338,0.08333333333333337,0.07916666666666666,0.0767543859649123,0.042682926829268275,0.050000000000000044,0.10964912280701755,0.08653846153846151,0.008865248226950395,0.02906976744186046,0.031492248062015504,0.050000000000000044,0.09027777777777785,0.04934210526315791,0.0625,0.07127192982456149,0.05087209302325579,0.06666666666666671,0.07469512195121952,0.04979674796747968,0.034090909090909116,0.0767543859649123,0.01992753623188409,0.07638888888888892,0.0533536585365853,0.08173076923076922,0.0625,0.034090909090909116,0.09583333333333338,0.06845238095238099
0.0,-0.02857142857142858,0.0,-0.07074468085106378,-0.02954545454545454,0.022297297297297236,-0.0805555555555556,-0.0805555555555556,-0.021428571428571408,0.007692307692307665,-0.008333333333333331,-0.07806122448979597,-0.01630434782608696,0.0,-0.0625,1.0,-0.033139534883720956,-0.045348837209302384,0.014102564102564052,0.022297297297297236,0.010897435897435859,-0.029651162790697738,0.011538461538461497,-0.00792682926829269,0.005769230769230749,-0.034090909090909116,-0.021428571428571408,-0.009756097560975674,-0.00792682926829269,-0.022222222222222254,0.022297297297297236,0.025000000000000022,0.011538461538461497,-0.01097560975609757,-0.009756097560975674,0.009210526315789475,-0.020454545454545447,0.007051282051282026,0.022222222222222227,0.02105263157894738,-0.01744186046511631,-0.0159090909090909,-0.01428571428571429,-0.03888888888888892,-0.016666666666666663,-0.011904761904761918,0.0,0.01578947368421052,0.024999999999999994,0.0,0.0,-0.07777777777777783,-0.03214285714285714,-0.029651162790697738,-0.050000000000000044,-0.03611111111111115,-0.03452380952380951,-0.07074468085106378,-0.004878048780487837,0.01052631578947369,-0.07806122448979597,0.004487179487179471,0.04772727272727273,-0.01428571428571429,-0.02619047619047621,-0.01744186046511631,0.03243243243243238,0.02631578947368418,-0.0488372093023256,-0.01585365853658538,0.0,0.061111111111111116,0.0,0.01315789473684209,-0.009756097560975674,0.0,0.02105263157894738,0.010897435897435859,-0.04840425531914894,-0.020930232558139583,-0.03488372093023262,0.0,0.04444444444444445,0.02763157894736845,0.010897435897435859,0.02631578947368418,-0.015697674418604673,0.0,-0.006097560975609789,-0.005487804878048785,-0.036363636363636376,0.006578947368421045,-0.02934782608695652,0.022222222222222227,-0.00792682926829269,0.0064102564102563875,0.0,-0.040909090909090895,0.0,-0.007142857142857145
0.0244186046511628,0.007751937984496138,0.02790697674418613,-0.029688273132112752,-0.007928118393234651,0.03771213073538654,-0.020671834625323016,-0.01757105943152454,0.008305647840531616,0.03339296362552174,0.0049833887043189695,-0.05695301376364492,-0.025783619817997983,0.02790697674418613,-0.03391472868217055,0.033139534883720956,1.0,0.0,0.06678592725104349,0.05279698302954117,0.03816338700059635,0.0,0.05008944543828264,0.013613159387407814,0.02623732856291,-0.008985200845665953,0.01218161683277974,0.020419739081111776,0.018150879183210455,-0.018604651162790697,0.01885606536769327,0.0452196382428941,0.042933810375670844,0.02155416903006241,0.02155416903006241,0.01835985312117505,-0.004756871035940774,0.028622540250447248,0.05878552971576234,0.055079559363525155,0.0,-0.004756871035940774,0.007198228128460715,-0.01653746770025838,0.008305647840531616,0.011074197120708784,0.02790697674418613,0.04589963280293763,0.02126245847176081,0.022674418604651192,0.03139534883720935,-0.018604651162790697,0.008305647840531616,0.0,-0.008985200845665953,-0.014470284237726116,0.008859357696567038,-0.029688273132112752,0.010209869540555888,0.03365973072215428,-0.05125771238728044,0.035778175313059046,0.09866102889358702,0.007751937984496138,0.011074197120708784,0.0,0.07542426147077308,0.07649938800489609,0.0,0.02268859897901304,0.02790697674418613,0.07235142118863058,0.02790697674418613,0.052019583843329276,0.019285309132161088,0.022674418604651192,0.052019583843329276,0.042933810375670844,-0.025729836714497745,0.0,0.0,0.0244186046511628,0.08139534883720939,0.0611995104039168,0.03339296362552174,0.0611995104039168,0.0,0.0244186046511628,0.01134429948950652,0.018150879183210455,-0.009513742071881548,0.0305997552019584,-0.02730030333670369,0.040697674418604696,0.013613159387407814,0.03339296362552174,0.03139534883720935,-0.010042283298097254,0.015697674418604673,0.00609080841638987
0.019186046511627974,0.009966777408637939,0.02790697674418613,-0.03562592775853529,-0.008985200845665953,0.04525455688246388,-0.027906976744186074,-0.024806201550387597,0.008859357696567038,0.021466905187835422,0.003875968992248069,-0.0313241575700047,-0.012133468149646082,0.020930232558139583,-0.036337209302325535,0.045348837209302384,0.0,1.0,0.06678592725104349,0.07165304839723446,0.05485986881335725,0.0,0.06440071556350624,0.017016449234259767,0.014311270125223624,-0.004756871035940774,0.013842746400886008,0.014747589336358502,0.02155416903006241,-0.01550387596899222,0.03771213073538654,0.03617571059431529,0.06201550387596899,0.0328984685195689,0.029495178672717004,0.0305997552019584,-0.006342494714587699,0.031007751937984496,0.05878552971576234,0.05813953488372098,0.0,-0.0031712473572938493,0.010520487264673362,-0.012403100775193798,0.011074197120708784,0.011627906976744207,0.04011627906976756,0.06425948592411268,0.037209302325581395,0.0244186046511628,0.029651162790697738,-0.021705426356589175,0.010520487264673362,0.0,-0.009513742071881548,-0.013436692506459957,0.012735326688815163,-0.023750618505690213,0.00567214974475326,0.0152998776009792,-0.0313241575700047,0.023852116875372698,0.07751937984496127,0.007751937984496138,0.011074197120708784,0.0,0.07165304839723446,0.06425948592411268,0.0,0.034032898468519535,0.029651162790697738,0.07687338501291996,0.022674418604651192,0.04589963280293763,0.01134429948950652,0.008720930232558155,0.05813953488372098,0.028622540250447248,-0.039584364176150355,0.0,0.0,0.03139534883720935,0.08139534883720939,0.07037943696450433,0.042933810375670844,0.06425948592411268,0.0,0.0244186046511628,0.014747589336358502,0.017016449234259767,-0.011099365750528556,0.021419828641370875,-0.0227502527805864,0.03617571059431529,0.014747589336358502,0.023852116875372698,0.03662790697674423,-0.012684989429175397,0.019186046511627974,0.005537098560354392
-0.007692307692307665,-0.02930402930402931,-0.008333333333333304,-0.08728859792689575,-0.040792540792540743,0.01108801108801108,-0.06153846153846154,-0.07179487179487182,-0.02380952380952378,0.0,-0.012820512820512803,-0.07326007326007322,-0.03901895206243031,-0.005769230769230749,-0.0625,-0.014102564102564052,-0.06678592725104349,-0.06678592725104349,1.0,0.019404019404019424,0.0,-0.05247465712582,0.0,-0.011257035647279534,0.0,-0.03205128205128205,-0.03479853479853473,-0.02126328955597251,-0.01876172607879928,-0.04786324786324786,0.009702009702009712,0.014957264957264987,0.0,-0.023764853033145683,-0.023764853033145683,0.0033738191632928516,-0.03205128205128205,0.0,0.019230769230769273,0.008771929824561486,-0.02623732856291,-0.020396270396270372,-0.02380952380952378,-0.034188034188034205,-0.02747252747252743,-0.02747252747252743,-0.010897435897435859,0.010796221322537158,0.017582417582417575,-0.0064102564102563875,-0.010897435897435859,-0.07179487179487182,-0.02380952380952378,-0.03816338700059635,-0.046620046620046596,-0.04444444444444445,-0.03479853479853473,-0.05237315875613746,-0.006253908692933088,0.006072874493927155,-0.08895866038723182,0.0,0.06526806526806528,-0.025641025641025605,-0.03663003663003661,-0.028622540250447248,0.02079002079002079,0.014844804318488558,-0.05247465712582,-0.03126954346466537,-0.01025641025641022,0.040598290598290676,-0.01025641025641022,0.008097165991902855,-0.01751094434021261,-0.005769230769230749,0.014170040485830038,0.0,-0.08292416803055092,-0.028622540250447248,-0.04531902206320809,-0.008333333333333304,0.03418803418803423,0.014170040485830038,0.0,0.01619433198380571,-0.031007751937984496,-0.010897435897435859,-0.015009380863039434,-0.015009380863039434,-0.046620046620046596,0.006072874493927155,-0.04682274247491641,0.023504273504273532,-0.015009380863039434,0.0,-0.01025641025641022,-0.058275058275058245,-0.007051282051282026,-0.016483516483516453
-0.034459459459459385,-0.03217503217503215,-0.028378378378378366,-0.046003450258769396,-0.0558968058968059,0.0,-0.07687687687687689,-0.043243243243243246,-0.05148005148005147,-0.009702009702009712,-0.03217503217503215,-0.039713182570325425,-0.07931844888366624,-0.022297297297297236,-0.12387387387387383,-0.022297297297297236,-0.05279698302954117,-0.07165304839723446,-0.019404019404019424,1.0,-0.026334026334026372,-0.05279698302954117,-0.029106029106029108,-0.02900461437046803,-0.012474012474012475,-0.030098280098280084,-0.0643500643500643,-0.02900461437046803,-0.03955174686882007,-0.06726726726726728,0.0,0.00750750750750756,-0.02217602217602216,-0.03955174686882007,-0.02636783124588002,-0.01280227596017064,-0.05159705159705158,-0.02079002079002079,0.013513513513513598,-0.011379800853485,-0.07542426147077308,-0.06019656019656017,-0.04504504504504503,-0.07207207207207206,-0.05469755469755466,-0.05148005148005147,-0.03851351351351351,-0.01849217638691314,0.030888030888030937,-0.046621621621621534,-0.028378378378378366,-0.04804804804804805,-0.019305019305019294,-0.04148334380892521,-0.06449631449631449,-0.0960960960960961,-0.028957528957528927,-0.09200690051753879,-0.015820698747528034,-0.0049786628733997085,-0.052950910093767206,-0.013860013860013842,0.04258804258804261,-0.03217503217503215,-0.025740025740025735,-0.0678818353236958,0.0,-0.008534850640113778,-0.0339409176618479,-0.03427818061964405,-0.034459459459459385,0.006006006006006037,-0.02635135135135136,-0.011379800853485,-0.010547132498352013,-0.0060810810810810745,-0.00924608819345657,-0.016632016632016633,-0.10925819436457729,-0.03771213073538654,-0.0339409176618479,-0.022297297297297236,0.010510510510510551,-0.00640113798008532,-0.013860013860013842,-0.0049786628733997085,-0.07165304839723446,-0.022297297297297236,-0.07119314436387603,-0.04746209624258402,-0.06449631449631449,-0.009957325746799417,-0.09518213866039948,0.006756756756756799,-0.02373104812129201,-0.02079002079002079,-0.034459459459459385,-0.07309582309582308,-0.048648648648648596,-0.07722007722007718
