0,1,2,3,4,5,6,7,8,9,10,11,12,13,14,15,16,17,18,19,20,21,22,23,24,25,26,27,28,29,30,31,32,33,34,35,36,37,38,39,40,41,42,43,44,45,46,47,48,49,50,51,52,53,54,55,56,57,58,59,60,61,62,63,64,65,66,67,68,69,70,71,72,73,74,75,76,77,78,79,80,81,82,83,84,85,86,87,88,89,90,91,92,93,94,95,96,97,98,99
1.0,0.0,0.026091888825864995,0.07687338501291996,-0.009302325581395349,0.013289036544850585,-0.031667491340920284,-0.013436692506459957,-0.005285412262156425,0.0,0.019186046511627974,0.04525455688246388,-0.004134366925064595,-0.029688273132112752,0.019186046511627974,0.042933810375670844,0.004429678848283519,0.0,0.019186046511627974,-0.016683518705763345,-0.04841006169909823,-0.004756871035940774,-0.047423620611035056,0.0,-0.03185035389282104,0.0,-0.007235142118863058,0.004537719795802614,-0.023750618505690213,0.012239902080783377,-0.008456659619450246,-0.040950455005055564,0.0,-0.05980066445182719,0.0,0.01669648181276087,0.011926058437686349,-0.01757105943152454,-0.008456659619450246,-0.02730030333670369,0.006806579693703907,0.009540846750149087,0.04228329809725159,0.02126245847176081,0.026398491514770583,-0.004134366925064595,0.021466905187835422,0.0049833887043189695,0.026162790697674465,0.0,-0.05343889163780302,0.03837209302325595,0.004537719795802614,-0.03760514596734282,0.0,0.010520487264673362,0.010209869540555888,0.008305647840531616,-0.018604651162790697,0.03771213073538654,0.006644518272425293,0.007155635062611812,-0.011875309252845107,-0.018200202224469164,-0.01653746770025838,0.0122093023255814,0.01669648181276087,-0.019792182088075178,-0.0068710359408033495,0.0,-0.052093023255813886,0.004537719795802614,-0.02906976744186046,0.05878552971576234,0.00609080841638987,0.01134429948950652,-0.022781205505457952,0.006976744186046532,-0.056350626118068015,0.01134429948950652,0.01134429948950652,0.011926058437686349,0.0738714090287278,0.11226944667201283,0.012239902080783377,0.004537719795802614,0.0,-0.0010335917312661487,-0.007399577167019,0.0339409176618479,-0.03562592775853529,0.021419828641370875,0.0,-0.0015856236786469247,-0.015166835187057609,0.008720930232558155,0.009540846750149087,-0.006201550387596899,0.0738714090287278,0.004429678848283519
0.0,1.0,0.03516732841747017,0.09496124031007758,-0.024806201550387597,0.010520487264673362,-0.05145967342899549,-0.025839793281653645,-0.0068710359408033495,0.0,0.019186046511627974,0.03771213073538654,-0.01136950904392764,-0.04156358238495789,0.03139534883720935,0.042933810375670844,0.009413067552602461,0.0,0.03488372093023262,-0.03488372093023251,-0.06834361651637394,-0.0068710359408033495,-0.07295941632466935,0.0,-0.0227502527805864,0.0,-0.01757105943152454,0.019285309132161088,-0.045522018802572894,0.03977968176254598,-0.007928118393234651,-0.0227502527805864,0.0,-0.04841006169909823,0.0,0.03339296362552174,0.035778175313059046,-0.01136950904392764,-0.009513742071881548,-0.02730030333670369,0.014747589336358502,0.023852116875372698,0.056377730796335485,0.07441860465116279,0.03771213073538654,-0.013436692506459957,0.02623732856291,0.007751937984496138,0.03837209302325595,0.0,-0.03760514596734282,0.041860465116279166,0.02155416903006241,-0.045522018802572894,0.0,0.009966777408637939,0.020419739081111776,0.013289036544850585,-0.013436692506459957,0.04902576995600255,0.010520487264673362,0.031007751937984496,-0.025729836714497745,-0.03336703741152669,-0.019638242894056857,0.0244186046511628,0.03339296362552174,-0.039584364176150355,-0.009513742071881548,0.0,-0.07488372093023254,0.010209869540555888,-0.055717054263565824,0.040697674418604696,0.009413067552602461,0.018150879183210455,-0.05410536307546271,0.022674418604651192,-0.04427549194991051,0.014747589336358502,0.018150879183210455,0.021466905187835422,0.04309165526675787,0.056134723336006415,0.03365973072215428,0.013613159387407814,0.0,-0.014470284237726116,-0.010042283298097254,0.04148334380892521,-0.027709054923305276,0.0305997552019584,0.0,-0.004228329809725123,-0.015166835187057609,0.019186046511627974,0.021466905187835422,-0.013436692506459957,0.09849521203830375,0.0049833887043189695
-0.026091888825864995,-0.03516732841747017,1.0,0.06775067750677516,-0.04769647696476964,-0.015098722415795574,-0.052932018681888904,-0.039024390243902474,-0.023281596452328135,-0.013613159387407814,0.006097560975609789,0.02900461437046803,-0.017344173441734417,-0.05604566683964707,0.00792682926829269,0.01751094434021261,-0.007549361207897787,-0.020419739081111776,0.009146341463414698,-0.05037115588547192,-0.07964161274265796,-0.023281596452328135,-0.07651841224294592,-0.014747589336358502,-0.03976670201484617,-0.013613159387407814,-0.034688346883468835,0.0,-0.05915931499740523,0.01925545571245188,-0.02161862527716185,-0.04506892895015907,-0.014747589336358502,-0.06371329019412636,-0.012478729438457181,0.015009380863039434,0.011257035647279534,-0.02818428184281846,-0.023281596452328135,-0.04241781548250262,0.0,0.0050031269543464735,0.041389504804138944,0.037630662020905925,0.018457481872116016,-0.015176151761517626,0.012507817385866177,-0.007549361207897787,0.013414634146341586,-0.013613159387407814,-0.06850025947067973,0.01585365853658538,0.0,-0.05915931499740523,-0.030629608621667637,-0.014518002322880363,0.0,-0.013356562137049832,-0.03035230352303525,0.03427818061964405,-0.009291521486643417,0.012507817385866177,-0.03425012973533986,-0.04772004241781547,-0.03035230352303525,0.005487804878048785,0.01375859912445282,-0.052932018681888904,-0.026607538802660702,-0.020419739081111776,-0.07024390243902434,0.0,-0.06402439024390244,0.027100271002710064,-0.008130081300812997,0.0,-0.047784967645594784,0.006707317073170793,-0.05675422138836769,0.0,0.0,0.008755472170106304,0.035150645624103305,0.04037005887300253,0.01925545571245188,0.0,-0.007941009642654567,-0.02168021680216803,-0.029933481152993324,0.02636783124588002,-0.04359107420861441,0.01732991014120669,-0.012478729438457181,-0.016629711751662946,-0.023860021208907733,0.005487804878048785,0.008755472170106304,-0.034688346883468835,0.0853658536585366,-0.004065040650406498
-0.07687338501291996,-0.09496124031007758,-0.06775067750677516,1.0,-0.11666666666666675,-0.06349206349206354,-0.12352245862884159,-0.11666666666666675,-0.10101010101010105,-0.0452196382428941,-0.0027777777777777783,-0.002252252252252257,-0.027777777777777804,-0.07801418439716312,-0.033333333333333326,-0.047008547008547064,-0.03968253968253971,-0.05878552971576234,-0.033333333333333326,-0.10869565217391308,-0.11791383219954649,-0.040404040404040414,-0.08986928104575165,-0.027131782945736455,-0.05434782608695654,-0.03165374677002586,-0.08333333333333337,-0.020325203252032548,-0.08451536643026009,-0.00730994152046785,-0.05555555555555558,-0.11473429951690828,-0.09496124031007758,-0.07369614512471656,-0.03617571059431529,-0.029914529914529975,-0.017094017094017117,-0.0722222222222223,-0.07070707070707072,-0.09661835748792275,-0.03726287262872635,-0.014957264957264987,0.020202020202020193,0.0071428571428571175,-0.006756756756756799,-0.06666666666666671,-0.019230769230769273,-0.035714285714285726,-0.030555555555555558,-0.06782945736434115,-0.08451536643026009,-0.03611111111111115,-0.030487804878048808,-0.182033096926714,-0.06782945736434115,-0.0753968253968254,-0.05081300813008138,-0.08333333333333337,-0.06666666666666671,-0.006756756756756799,-0.051587301587301626,-0.021367521367521403,-0.05851063829787234,-0.07850241545893721,-0.06111111111111117,-0.01944444444444446,-0.03418803418803423,-0.05851063829787234,-0.06060606060606061,-0.04974160206718353,-0.10111111111111115,-0.03387533875338758,-0.06944444444444448,0.0,-0.04365079365079366,-0.060975609756097615,-0.0515873015873016,-0.016666666666666663,-0.07692307692307696,-0.027100271002710064,-0.03387533875338758,-0.014957264957264987,0.019607843137254888,0.07375478927203061,-0.024853801169590684,-0.05420054200542013,-0.03165374677002586,-0.07777777777777783,-0.04545454545454547,-0.006006006006006037,-0.05851063829787234,-0.008771929824561403,-0.05878552971576234,-0.06060606060606061,-0.08454106280193241,-0.033333333333333326,-0.029914529914529975,-0.0722222222222223,0.01797385620915032,-0.03174603174603177
0.009302325581395349,0.024806201550387597,0.04769647696476964,0.11666666666666675,1.0,0.025396825396825418,-0.023640661938534202,0.0,0.0121212121212122,0.01136950904392764,0.008333333333333345,0.03363363363363364,0.0,-0.017966903073285967,0.050000000000000044,0.05470085470085473,0.030158730158730218,0.023772609819121437,0.055555555555555636,-0.014975845410627908,-0.036281179138321906,0.009595959595959602,-0.06274509803921563,0.004134366925064595,-0.0033816425120772875,0.006201550387596899,0.0,0.036856368563685626,-0.020803782505910084,0.07368421052631585,0.00909090909090915,-0.005797101449275366,0.02273901808785528,-0.02721088435374147,0.014470284237726116,0.08547008547008539,0.051282051282051266,0.0,0.007575757575757569,-0.007729468599033784,0.036856368563685626,0.041025641025641046,0.12121212121212122,0.09523809523809523,0.08648648648648649,0.0,0.06495726495726495,0.0317460317460318,0.06111111111111123,0.023772609819121437,-0.010401891252955042,0.04444444444444451,0.054200542005420016,-0.029314420803782326,0.025839793281653645,0.0317460317460318,0.06720867208672088,0.05238095238095242,0.0,0.06246246246246251,0.025396825396825418,0.06495726495726495,-0.017966903073285967,-0.010144927536231862,0.0,0.041666666666666685,0.08205128205128209,-0.019858156028368712,0.011111111111111183,0.024806201550387597,-0.05111111111111111,0.041192411924119265,-0.040277777777777746,0.03888888888888892,0.025396825396825418,0.039024390243902474,-0.02721088435374147,0.058333333333333404,-0.05384615384615382,0.039024390243902474,0.026016260162601612,0.04786324786324786,0.0862745098039216,0.1103448275862069,0.10233918128654973,0.04769647696476964,0.013436692506459957,0.0,0.011111111111111183,0.043243243243243246,-0.011347517730496415,0.0491228070175439,0.009302325581395349,0.010101010101010166,-0.006763285024154575,0.06666666666666676,0.06495726495726495,0.0,0.13660130718954255,0.023809523809523836
-0.013289036544850585,-0.010520487264673362,0.015098722415795574,0.06349206349206354,-0.025396825396825418,1.0,-0.02532928064842957,-0.020634920634920673,-0.019480519480519487,-0.009966777408637939,0.016666666666666663,0.057915057915057855,-0.012698412698412709,-0.035460992907801414,0.01428571428571429,0.021978021978021955,0.0,-0.006644518272425293,0.013095238095238104,-0.0331262939958592,-0.05102040816326531,-0.010822510822510817,-0.02941176470588236,-0.008305647840531616,-0.04554865424430643,-0.009966777408637939,-0.020634920634920673,0.0046457607433217085,-0.03799392097264437,0.007518796992481203,-0.020562770562770616,-0.04761904761904767,-0.005537098560354392,-0.047619047619047616,-0.007751937984496138,0.02380952380952378,0.018315018315018305,-0.022222222222222254,-0.010822510822510817,-0.024844720496894457,0.0029036004645760644,0.009157509157509153,0.038961038961038946,0.05238095238095236,0.03217503217503215,-0.004761904761904773,0.014652014652014655,0.0,0.030952380952380953,-0.007751937984496138,-0.06585612968591692,0.03452380952380951,0.005226480836236919,-0.05065856129685914,-0.017165005537098654,0.0,0.008710801393728151,0.0,-0.03333333333333338,0.041827541827541836,0.0,0.02014652014652013,-0.022796352583586615,-0.022774327122153215,-0.020634920634920673,0.010714285714285704,0.016483516483516453,-0.030395136778115506,-0.014069264069264065,-0.007198228128460715,-0.0647619047619048,0.005226480836236919,-0.047619047619047616,0.035714285714285726,0.0,0.009291521486643417,-0.03061224489795919,0.008333333333333331,-0.08699633699633702,0.008130081300812997,0.006387921022067311,0.018315018315018305,0.044817927170868355,0.08538587848932677,0.02506265664160401,0.005226480836236919,-0.003875968992248069,-0.014285714285714318,-0.016233766233766267,0.03217503217503215,-0.04305977710233028,0.03258145363408527,-0.007751937984496138,-0.011904761904761918,-0.026915113871635588,0.013095238095238104,0.014652014652014655,-0.01904761904761909,0.08963585434173671,0.0
0.031667491340920284,0.05145967342899549,0.052932018681888904,0.12352245862884159,0.023640661938534202,0.02532928064842957,1.0,0.02647754137115832,0.03046421663442933,0.025729836714497745,0.03723404255319149,0.03450258769407705,0.01323877068557916,0.0,0.08936170212765959,0.1309328968903436,0.04559270516717323,0.061355764473033036,0.07819148936170212,0.01295097132284917,-0.026921406860616615,0.02756286266924557,-0.04505632040050067,0.023750618505690213,0.0050878815911193365,0.011875309252845107,0.014184397163120532,0.05915931499740523,0.0,0.08566629339305709,0.017408123791102514,0.006475485661424585,0.047501237011380426,-0.026052974381241878,0.031667491340920284,0.09601745771958536,0.09165302782324053,0.012293144208037787,0.026112185686653744,0.008788159111933314,0.0622729631551634,0.05673758865248224,0.09929078014184395,0.09483282674772037,0.09200690051753879,0.017966903073285967,0.06110201854882702,0.04052684903748732,0.05585106382978722,0.047501237011380426,0.0,0.044680851063829796,0.06850025947067973,0.0,0.033646709549727816,0.022796352583586615,0.06538661131292162,0.06838905775075987,0.004728132387706835,0.0690051753881541,0.02532928064842957,0.06110201854882702,0.0,0.013413506012950882,0.021749408983451457,0.08191489361702131,0.09165302782324053,0.0,0.04206963249516438,0.05739732805541797,-0.03319148936170213,0.052932018681888904,-0.010638297872340496,0.07151300236406621,0.048125633232016185,0.03425012973533986,-0.026921406860616615,0.06702127659574464,-0.020458265139116222,0.04359107420861441,0.07472755578619605,0.07419530823786141,0.07321652065081352,0.11885546588407919,0.08062709966405379,0.05604566683964707,0.045522018802572894,0.017966903073285967,0.03481624758220503,0.10925819436457729,0.0,0.03527435610302351,0.019792182088075178,0.013056092843326872,0.0041628122109158006,0.04840425531914894,0.05673758865248224,0.01323877068557916,0.1220275344180225,0.048125633232016185
0.013436692506459957,0.025839793281653645,0.039024390243902474,0.11666666666666675,0.0,0.020634920634920673,-0.02647754137115832,1.0,0.011616161616161635,0.01653746770025838,0.022222222222222254,0.038438438438438444,0.0,-0.014184397163120532,0.03333333333333338,0.07521367521367528,0.028571428571428636,0.024806201550387597,0.04444444444444451,-0.01400966183574881,-0.03265306122448974,0.009595959595959602,-0.04967320261437902,0.00826873385012919,-0.005314009661835706,0.012403100775193798,0.0,0.045528455284552904,-0.020803782505910084,0.05321637426900594,0.011111111111111183,-0.007729468599033784,0.020671834625323016,-0.02721088435374147,0.01757105943152454,0.08205128205128209,0.06495726495726495,0.0,0.0121212121212122,-0.008695652173912993,0.04336043360433606,0.05470085470085473,0.12929292929292935,0.13968253968253974,0.11051051051051053,0.0,0.058119658119658135,0.022222222222222254,0.06111111111111123,0.020671834625323016,-0.012293144208037787,0.047222222222222276,0.04336043360433606,-0.031205673758865182,0.020671834625323016,0.025396825396825418,0.07371273712737125,0.050793650793650835,0.0,0.07207207207207206,0.022222222222222254,0.04786324786324786,-0.014184397163120532,-0.006763285024154575,0.0,0.025000000000000022,0.07179487179487182,-0.01323877068557916,0.008080808080808133,0.020671834625323016,-0.03999999999999998,0.04336043360433606,-0.027777777777777735,0.04444444444444448,0.01746031746031751,0.039024390243902474,-0.03265306122448974,0.041666666666666685,-0.05085470085470084,0.03252032520325199,0.02384823848238482,0.04444444444444445,0.11503267973856213,0.13486590038314178,0.09415204678362576,0.036856368563685626,0.01550387596899222,0.0,0.009595959595959602,0.043243243243243246,-0.010401891252955042,0.04093567251461991,0.010335917312661508,0.007070707070707116,-0.006280193236714915,0.06666666666666676,0.058119658119658135,0.0,0.10784313725490197,0.023809523809523836
0.005285412262156425,0.0068710359408033495,0.023281596452328135,0.10101010101010105,-0.0121212121212122,0.019480519480519487,-0.03046421663442933,-0.011616161616161635,1.0,0.008985200845665953,0.025000000000000022,0.06019656019656017,-0.010101010101010166,-0.026112185686653744,0.034090909090909116,0.058275058275058245,0.027056277056277,0.008985200845665953,0.04545454545454547,-0.024703557312253044,-0.044063079777365455,0.0,-0.04991087344028522,0.005813953488372048,-0.012845849802371523,0.004756871035940774,-0.010606060606060619,0.029933481152993324,-0.03191489361702127,0.05023923444976075,0.0,-0.01679841897233203,0.012156448202959802,-0.03710575139146566,0.009513742071881548,0.06701631701631705,0.058275058275058245,-0.007575757575757569,0.0,-0.014822134387351749,0.03658536585365846,0.037878787878787845,0.11363636363636365,0.09935064935064936,0.0902948402948403,-0.010606060606060619,0.055361305361305346,0.015151515151515138,0.034090909090909116,0.012156448202959802,-0.014506769825918753,0.02954545454545454,0.02827050997782704,-0.03336557059961309,0.009513742071881548,0.020562770562770616,0.029933481152993324,0.023809523809523836,-0.006565656565656608,0.06879606879606875,0.016233766233766267,0.0641025641025641,-0.03046421663442933,-0.01679841897233203,-0.005555555555555591,0.034090909090909116,0.058275058275058245,-0.026112185686653744,0.0,0.008985200845665953,-0.038181818181818206,0.03159645232815966,-0.03219696969696967,0.050505050505050525,0.019480519480519487,0.03325942350332589,-0.048701298701298634,0.040909090909090895,-0.06993006993006995,0.019955654101995512,0.02494456762749442,0.058275058275058245,0.0802139037433155,0.1410658307210031,0.07894736842105265,0.0382483370288248,0.008985200845665953,-0.011111111111111183,0.0,0.06019656019656017,-0.013056092843326872,0.0215311004784689,0.007928118393234651,0.0,-0.015810276679841917,0.03863636363636369,0.058275058275058245,-0.007575757575757569,0.09358288770053474,0.020562770562770616
0.0,0.0,0.013613159387407814,0.0452196382428941,-0.01136950904392764,0.009966777408637939,-0.025729836714497745,-0.01653746770025838,-0.008985200845665953,1.0,0.043604651162790775,0.09428032683846643,-0.018604651162790697,-0.02177140029688268,0.013953488372093065,0.0405485986881336,0.010520487264673362,0.0,0.020930232558139583,-0.015166835187057609,-0.04271476032273369,-0.011099365750528556,-0.040127678978568115,0.0,-0.050050556117290146,0.0,-0.01757105943152454,0.02382302892796373,-0.029688273132112752,0.027539779681762577,-0.013213530655390993,-0.03185035389282104,0.0,-0.04271476032273369,0.0,0.028622540250447248,0.05485986881335725,-0.020671834625323016,-0.011099365750528556,-0.0455005055611728,0.02268859897901304,0.035778175313059046,0.07751937984496127,0.12225913621262463,0.07165304839723446,-0.01550387596899222,0.031007751937984496,0.006644518272425293,0.033139534883720956,0.0,-0.045522018802572894,0.03139534883720935,0.02155416903006241,-0.029688273132112752,0.0,0.009413067552602461,0.013613159387407814,0.00609080841638987,-0.03100775193798444,0.06411062225015712,0.013289036544850585,0.03339296362552174,-0.019792182088075178,-0.015166835187057609,-0.00826873385012919,0.013953488372093065,0.031007751937984496,-0.031667491340920284,-0.007399577167019,0.0,-0.03581395348837205,0.018150879183210455,-0.02664728682170539,0.08591731266149877,0.010520487264673362,0.020419739081111776,-0.05695301376364492,0.01744186046511631,-0.07245080500894452,0.019285309132161088,0.019285309132161088,0.03816338700059635,0.06155950752393985,0.15717722534081796,0.03365973072215428,0.012478729438457181,0.0,-0.01757105943152454,-0.004756871035940774,0.06411062225015712,-0.031667491340920284,0.052019583843329276,0.0,-0.004756871035940774,-0.03336703741152669,0.026162790697674465,0.023852116875372698,-0.005167958656330754,0.08618331053351574,0.008859357696567038
-0.019186046511627974,-0.019186046511627974,-0.006097560975609789,0.0027777777777777783,-0.008333333333333345,-0.016666666666666663,-0.03723404255319149,-0.022222222222222254,-0.025000000000000022,-0.043604651162790775,1.0,0.05067567567567566,-0.04444444444444451,-0.05585106382978722,0.0,0.0064102564102563875,-0.01904761904761909,-0.015697674418604673,0.0,-0.009782608695652187,-0.04591836734693877,-0.036363636363636376,-0.03774509803921569,-0.045348837209302384,-0.08804347826086956,-0.041860465116279166,-0.030555555555555614,-0.012195121951219579,-0.04840425531914894,0.009210526315789475,-0.034090909090909116,-0.042391304347826064,-0.008720930232558155,-0.07346938775510203,-0.0244186046511628,0.0032051282051281937,0.012820512820512775,-0.041666666666666685,-0.03863636363636369,-0.06521739130434784,-0.009756097560975674,0.007692307692307665,0.05833333333333329,0.06428571428571428,0.024324324324324298,-0.030555555555555614,0.0038461538461538325,-0.008333333333333331,0.0,-0.015697674418604673,-0.06329787234042555,0.0,-0.006097560975609789,-0.022340425531914898,-0.01744186046511631,-0.011904761904761918,-0.0030487804878048946,-0.005952380952380959,-0.047222222222222276,0.034459459459459385,-0.020238095238095277,0.005769230769230749,-0.03723404255319149,-0.02934782608695652,-0.030555555555555614,0.0,0.0038461538461538325,-0.04840425531914894,-0.020454545454545447,-0.008720930232558155,-0.04000000000000001,-0.008536585365853666,-0.033333333333333354,0.03888888888888892,-0.015476190476190477,-0.005487804878048785,-0.10102040816326535,0.0,-0.07500000000000001,-0.007317073170731769,-0.009756097560975674,0.009615384615384581,0.03529411764705881,0.08534482758620687,0.006578947368421045,-0.0030487804878048946,-0.026162790697674465,-0.03888888888888892,-0.011363636363636367,0.030405405405405372,-0.06702127659574464,0.01710526315789479,-0.029651162790697738,-0.018181818181818188,-0.04565217391304349,0.0,0.0032051282051281937,-0.011111111111111127,0.03529411764705881,-0.016666666666666663
-0.04525455688246388,-0.03771213073538654,-0.02900461437046803,0.002252252252252257,-0.03363363363363364,-0.057915057915057855,-0.03450258769407705,-0.038438438438438444,-0.06019656019656017,-0.09428032683846643,-0.05067567567567566,1.0,-0.0960960960960961,-0.0690051753881541,-0.0060810810810810745,-0.01108801108801108,-0.0643500643500643,-0.02262727844123194,-0.02027027027027023,-0.01586368977673326,-0.052950910093767206,-0.07739557739557734,-0.051934287228404874,-0.09428032683846643,-0.14277320799059923,-0.09428032683846643,-0.07687687687687689,-0.04746209624258402,-0.06325474410580789,-0.0056899004267425,-0.06879606879606875,-0.07931844888366624,-0.026398491514770583,-0.07942636514065085,-0.07542426147077308,-0.006930006930006921,-0.02217602217602216,-0.0960960960960961,-0.07739557739557734,-0.09518213866039948,-0.03427818061964405,-0.02217602217602216,0.03276003276003281,0.02934362934362933,0.0,-0.05285285285285285,-0.013860013860013842,-0.028957528957528927,-0.03243243243243238,-0.030169704588309254,-0.09775733179988494,-0.028378378378378366,-0.018457481872116016,-0.03450258769407705,-0.04902576995600255,-0.04826254826254822,-0.015820698747528034,-0.016087516087516074,-0.09129129129129132,0.0,-0.057915057915057855,-0.012474012474012475,-0.04025301897642322,-0.026439482961222074,-0.019219219219219222,-0.008108108108108095,-0.006930006930006921,-0.05750431282346172,-0.021498771498771482,-0.01885606536769327,-0.049189189189189186,-0.02373104812129201,-0.04335585585585586,0.006006006006006037,-0.03861003861003859,-0.03955174686882007,-0.09266409266409265,-0.02027027027027023,-0.12474012474012475,-0.02636783124588002,-0.02373104812129201,-0.01524601524601521,0.02146263910969798,0.0521901211556384,-0.0035561877667140696,-0.01318391562294001,-0.05279698302954117,-0.06246246246246251,-0.01719901719901719,0.0,-0.06325474410580789,-0.009957325746799417,-0.04148334380892521,-0.0558968058968059,-0.058166862514688555,-0.022297297297297236,-0.006930006930006921,-0.01441441441441442,0.02384737678855331,-0.03861003861003859
0.004134366925064595,0.01136950904392764,0.017344173441734417,0.027777777777777804,0.0,0.012698412698412709,-0.01323877068557916,0.0,0.010101010101010166,0.018604651162790697,0.04444444444444451,0.0960960960960961,1.0,-0.014184397163120532,0.022222222222222254,0.034188034188034205,0.041269841269841345,0.01550387596899222,0.050000000000000044,-0.007729468599033784,-0.01632653061224487,0.015151515151515138,-0.06274509803921563,0.019638242894056857,-0.008695652173912993,0.01757105943152454,0.0,0.0607046070460705,-0.017021276595744594,0.09005847953216384,0.007070707070707116,-0.005797101449275366,0.013436692506459957,-0.023582766439909253,0.023772609819121437,0.058119658119658135,0.06837606837606841,0.0,0.010606060606060619,-0.009178743961352653,0.04986449864498643,0.10256410256410253,0.16969696969696973,0.11428571428571432,0.09129129129129132,0.0,0.07521367521367528,0.03333333333333338,0.027777777777777818,0.014470284237726116,-0.00661938534278958,0.01944444444444446,0.041192411924119265,-0.010401891252955042,0.01136950904392764,0.011111111111111127,0.036856368563685626,0.020634920634920673,0.0,0.06246246246246251,0.023809523809523836,0.07521367521367528,-0.016075650118203277,-0.004347826086956497,0.0,0.030555555555555614,0.04444444444444445,-0.014184397163120532,0.005555555555555591,0.012403100775193798,-0.0222222222222222,0.041192411924119265,-0.0222222222222222,0.03888888888888892,0.022222222222222254,0.03252032520325199,-0.039909297052154125,0.06944444444444442,-0.06581196581196574,0.026016260162601612,0.02384823848238482,0.04444444444444445,0.0862745098039216,0.08582375478927204,0.06140350877192985,0.041192411924119265,0.019638242894056857,0.0,0.008585858585858586,0.04804804804804805,-0.005673758865248207,0.0491228070175439,0.00826873385012919,0.010101010101010166,-0.006763285024154575,0.05277777777777781,0.04786324786324786,0.0,0.06470588235294122,0.023809523809523836
0.029688273132112752,0.04156358238495789,0.05604566683964707,0.07801418439716312,0.017966903073285967,0.035460992907801414,0.0,0.014184397163120532,0.026112185686653744,0.02177140029688268,0.05585106382978722,0.0690051753881541,0.014184397163120532,1.0,0.09680851063829787,0.09601745771958536,0.06332320162107385,0.05145967342899549,0.09308510638297862,0.010175763182238673,-0.026052974381241878,0.029013539651837505,-0.04505632040050067,0.04156358238495789,0.006938020351526353,0.017812963879267646,0.01323877068557916,0.04981837052413074,0.0,0.10078387458006716,0.010154738878143138,0.006012950971322872,0.04354280059376536,-0.028658271819365977,0.029688273132112752,0.0654664484451718,0.08292416803055092,0.014184397163120532,0.017408123791102514,0.006938020351526353,0.04981837052413074,0.04800872885979268,0.06318504190844615,0.06565349544072946,0.06325474410580789,0.015130023640661905,0.07419530823786141,0.04305977710233028,0.04840425531914894,0.039584364176150355,0.0,0.040957446808510656,0.04981837052413074,0.0,0.04156358238495789,0.030395136778115506,0.03736377789309803,0.04305977710233028,0.000945626477541369,0.046003450258769396,0.02026342451874366,0.06110201854882702,0.0,0.013876040703052706,0.023640661938534202,0.09680851063829787,0.04800872885979268,0.0,0.04061895551257255,0.04948045522018785,-0.02936170212765965,0.03425012973533986,-0.01019503546099293,0.03900709219858156,0.048125633232016185,0.021795537104307205,-0.023447676943117668,0.07819148936170212,-0.024549918166939494,0.028022833419823534,0.05915931499740523,0.05673758865248224,0.03254067584480601,0.0396184886280264,0.05543113101903696,0.04981837052413074,0.04156358238495789,0.010401891252955042,0.03336557059961309,0.08050603795284644,0.0,0.020156774916013448,0.013854527461652638,0.013056092843326872,0.0009250693802035151,0.011170212765957449,0.03055100927441351,0.011347517730496415,0.11389236545682102,0.04559270516717323
-0.019186046511627974,-0.03139534883720935,-0.00792682926829269,0.033333333333333326,-0.050000000000000044,-0.01428571428571429,-0.08936170212765959,-0.03333333333333338,-0.034090909090909116,-0.013953488372093065,0.0,0.0060810810810810745,-0.022222222222222254,-0.09680851063829787,1.0,0.011538461538461497,-0.013095238095238104,-0.033139534883720956,0.0,-0.07173913043478264,-0.1377551020408163,-0.018181818181818188,-0.12401960784313731,-0.01744186046511631,-0.022826086956521746,-0.008720930232558155,-0.022222222222222254,-0.005487804878048785,-0.09308510638297862,0.019736842105263164,-0.025000000000000022,-0.026086956521739146,-0.033139534883720956,-0.09183673469387754,-0.010465116279069792,0.008333333333333304,0.007692307692307665,-0.011111111111111127,-0.013636363636363641,-0.03586956521739132,-0.006707317073170793,0.0032051282051281937,0.0318181818181818,0.014285714285714277,0.022297297297297236,-0.030555555555555614,0.0064102564102563875,-0.01428571428571429,0.0,-0.03488372093023262,-0.044680851063829796,0.0,-0.01097560975609757,-0.05585106382978722,-0.03139534883720935,-0.013095238095238104,-0.006097560975609789,-0.020238095238095277,-0.027777777777777818,0.030405405405405372,-0.01785714285714285,0.008974358974358942,-0.10053191489361701,-0.10760869565217401,-0.08888888888888902,0.0,0.008333333333333304,-0.11170212765957444,-0.07045454545454555,-0.03837209302325595,-0.16000000000000003,-0.00792682926829269,-0.11250000000000004,0.033333333333333326,-0.029761904761904767,-0.006097560975609789,-0.10561224489795923,0.0,-0.06346153846153849,-0.009756097560975674,-0.014634146341463539,0.010897435897435859,0.030882352941176472,0.07586206896551723,0.01842105263157895,-0.01097560975609757,-0.02790697674418613,-0.03333333333333338,-0.04318181818181821,0.03648648648648645,-0.05957446808510641,0.014473684210526305,-0.026162790697674465,-0.027272727272727282,-0.03913043478260875,0.0,0.008333333333333304,-0.03888888888888892,0.052941176470588214,-0.01904761904761909
-0.042933810375670844,-0.042933810375670844,-0.01751094434021261,0.047008547008547064,-0.05470085470085473,-0.021978021978021955,-0.1309328968903436,-0.07521367521367528,-0.058275058275058245,-0.0405485986881336,-0.0064102564102563875,0.01108801108801108,-0.034188034188034205,-0.09601745771958536,-0.011538461538461497,1.0,-0.02747252747252743,-0.05485986881335725,-0.012179487179487136,-0.07803790412486061,-0.1308215593929879,-0.037878787878787845,-0.09049773755656104,-0.03816338700059635,-0.06243032329988851,-0.023852116875372698,-0.03760683760683764,-0.016260162601625994,-0.09601745771958536,0.0040485829959514275,-0.026223776223776196,-0.058528428093645446,-0.047704233750745395,-0.12558869701726844,-0.03339296362552174,0.0,0.0,-0.04786324786324786,-0.04953379953379955,-0.07803790412486061,-0.022514071294559068,0.0,0.03263403263403264,0.02930402930402931,0.019404019404019424,-0.03076923076923077,0.0,-0.016483516483516453,-0.0064102564102563875,-0.04531902206320809,-0.043644298963447875,-0.0064102564102563875,-0.016260162601625994,-0.08292416803055092,-0.03339296362552174,-0.02014652014652013,-0.016260162601625994,-0.03479853479853473,-0.03076923076923077,0.01524601524601521,-0.021978021978021955,0.0,-0.07855973813420614,-0.07803790412486061,-0.058119658119658135,-0.008974358974358942,0.0,-0.09165302782324053,-0.0699300699300699,-0.047704233750745395,-0.09025641025641024,-0.016260162601625994,-0.04807692307692307,0.027777777777777846,-0.03479853479853473,-0.016260162601625994,-0.12035583464154892,-0.0064102564102563875,-0.03846153846153848,-0.010006253908692947,-0.026266416510318913,0.0,0.03770739064856715,0.10610079575596815,0.008097165991902855,-0.01751094434021261,-0.03816338700059635,-0.051282051282051266,-0.04953379953379955,0.026334026334026372,-0.01745771958537916,0.0033738191632928516,-0.031007751937984496,-0.017482517482517473,-0.042920847268673346,-0.004487179487179471,0.0,-0.02393162393162393,0.04147812971342385,-0.02930402930402931
-0.004429678848283519,-0.009413067552602461,0.007549361207897787,0.03968253968253971,-0.030158730158730218,0.0,-0.04559270516717323,-0.028571428571428636,-0.027056277056277,-0.010520487264673362,0.01904761904761909,0.0643500643500643,-0.041269841269841345,-0.06332320162107385,0.013095238095238104,0.02747252747252743,1.0,-0.007198228128460715,0.02857142857142858,-0.031055900621118016,-0.05102040816326531,-0.031385281385281405,-0.0714285714285714,-0.012735326688815163,-0.041407867494824,-0.007751937984496138,-0.0317460317460318,0.015098722415795574,-0.048125633232016185,0.045112781954887216,-0.011904761904761918,-0.026915113871635588,-0.011627906976744207,-0.0680272108843537,-0.012735326688815163,0.031135531135531136,0.045787545787545736,-0.03333333333333338,-0.020562770562770616,-0.03933747412008287,0.013937282229965042,0.03663003663003661,0.09740259740259738,0.09523809523809523,0.0643500643500643,-0.0317460317460318,0.04029304029304026,0.0,0.016666666666666663,-0.010520487264673362,-0.02532928064842957,0.015476190476190477,0.012195121951219523,-0.030395136778115506,-0.008305647840531616,0.0,0.008130081300812997,0.0,-0.012698412698412709,0.03861003861003859,0.0,0.038461538461538436,-0.04559270516717323,-0.031055900621118016,-0.0158730158730159,0.01785714285714285,0.02747252747252743,-0.05065856129685914,-0.018398268398268414,-0.007751937984496138,-0.049523809523809526,0.008710801393728151,-0.047619047619047616,0.02777777777777779,0.0,0.008130081300812997,-0.08503401360544216,0.027380952380952395,-0.06868131868131871,0.005226480836236919,0.008130081300812997,0.031135531135531136,0.05602240896358546,0.09605911330049258,0.04010025062656647,0.011033681765389047,-0.010520487264673362,-0.03492063492063502,-0.018398268398268414,0.03861003861003859,-0.017730496453900707,0.022556390977443608,-0.004429678848283519,-0.019480519480519487,-0.022774327122153215,0.01428571428571429,0.02747252747252743,-0.01746031746031751,0.07282913165266108,0.0
0.0,0.0,0.020419739081111776,0.05878552971576234,-0.023772609819121437,0.006644518272425293,-0.061355764473033036,-0.024806201550387597,-0.008985200845665953,0.0,0.015697674418604673,0.02262727844123194,-0.01550387596899222,-0.05145967342899549,0.033139534883720956,0.05485986881335725,0.007198228128460715,1.0,0.033139534883720956,-0.0455005055611728,-0.07688656858092069,-0.008456659619450246,-0.10579115367077052,0.0,-0.015166835187057609,0.0,-0.01550387596899222,0.017016449234259767,-0.05541810984661055,0.055079559363525155,-0.005813953488372048,-0.019716885743174872,0.0,-0.08258186995728511,0.0,0.05247465712582,0.035778175313059046,-0.01136950904392764,-0.007928118393234651,-0.019716885743174872,0.017016449234259767,0.031007751937984496,0.056377730796335485,0.05847176079734223,0.04525455688246388,-0.014470284237726116,0.031007751937984496,0.009966777408637939,0.03139534883720935,0.0,-0.019792182088075178,0.022674418604651192,0.019285309132161088,-0.03562592775853529,0.0,0.005537098560354392,0.026091888825864995,0.013289036544850585,-0.0020671834625322974,0.026398491514770583,0.002768549280177196,0.023852116875372698,-0.031667491340920284,-0.030333670374115218,-0.018604651162790697,0.02790697674418613,0.02623732856291,-0.04156358238495789,-0.012684989429175397,0.0,-0.07488372093023254,0.014747589336358502,-0.060562015503875855,0.02260981912144705,0.006644518272425293,0.004537719795802614,-0.07119126720455615,0.029651162790697738,-0.03622540250447226,0.01134429948950652,0.02268859897901304,0.02623732856291,0.0369357045143639,0.03368083400160385,0.0305997552019584,0.01134429948950652,0.0,-0.01550387596899222,-0.014799154334038,0.05656819610307984,-0.019792182088075178,0.0152998776009792,0.0,-0.005813953488372048,-0.006066734074823041,0.020930232558139583,0.011926058437686349,-0.01757105943152454,0.09849521203830375,0.007751937984496138
-0.019186046511627974,-0.03488372093023262,-0.009146341463414698,0.033333333333333326,-0.055555555555555636,-0.013095238095238104,-0.07819148936170212,-0.04444444444444451,-0.04545454545454547,-0.020930232558139583,0.0,0.02027027027027023,-0.050000000000000044,-0.09308510638297862,0.0,0.012179487179487136,-0.02857142857142858,-0.033139534883720956,1.0,-0.06847826086956527,-0.11479591836734693,-0.040909090909090895,-0.1132352941176471,-0.022674418604651192,-0.03913043478260875,-0.010465116279069792,-0.04444444444444451,-0.01097560975609757,-0.08936170212765959,0.023684210526315808,-0.025000000000000022,-0.02934782608695652,-0.03837209302325595,-0.09183673469387754,-0.022674418604651192,0.009615384615384581,0.01025641025641022,-0.041666666666666685,-0.034090909090909116,-0.05869565217391304,-0.011585365853658547,0.007051282051282026,0.04772727272727273,0.04999999999999999,0.028378378378378366,-0.05277777777777781,0.009615384615384581,-0.022619047619047594,0.0,-0.041860465116279166,-0.029787234042553207,0.0,-0.01036585365853665,-0.04840425531914894,-0.029651162790697738,-0.013095238095238104,-0.007317073170731769,-0.020238095238095277,-0.013888888888888909,0.02635135135135136,-0.013095238095238104,0.01025641025641022,-0.07446808510638298,-0.07500000000000007,-0.055555555555555636,0.0,0.007692307692307665,-0.10425531914893615,-0.050000000000000044,-0.03837209302325595,-0.10500000000000004,-0.005487804878048785,-0.07500000000000001,0.01944444444444446,-0.025000000000000022,-0.006097560975609789,-0.09642857142857142,0.0,-0.046153846153846184,-0.004878048780487837,-0.01036585365853665,0.010897435897435859,0.0397058823529412,0.06637931034482758,0.01842105263157895,-0.011585365853658547,-0.033139534883720956,-0.03888888888888892,-0.047727272727272785,0.030405405405405372,-0.029787234042553207,0.006578947368421045,-0.010465116279069792,-0.025000000000000022,-0.01630434782608696,0.0,0.009615384615384581,-0.041666666666666685,0.057352941176470607,-0.023809523809523836
0.016683518705763345,0.03488372093023251,0.05037115588547192,0.10869565217391308,0.014975845410627908,0.0331262939958592,-0.01295097132284917,0.01400966183574881,0.024703557312253044,0.015166835187057609,0.009782608695652187,0.01586368977673326,0.007729468599033784,-0.010175763182238673,0.07173913043478264,0.07803790412486061,0.031055900621118016,0.0455005055611728,0.06847826086956527,1.0,-0.037267080745341574,0.01679841897233203,-0.05754475703324813,0.0075834175935288045,0.0,0.009100101112234582,0.009661835748792202,0.034464475079533374,-0.013876040703052706,0.08237986270022885,0.014822134387351749,0.0,0.02730030333670369,-0.030612244897959162,0.0227502527805864,0.1287625418060201,0.058528428093645446,0.003864734299516892,0.011857707509881465,0.0,0.04241781548250262,0.042920847268673346,0.08563899868247696,0.08198757763975156,0.1057579318448883,0.008212560386473444,0.06633221850613158,0.03726708074534163,0.061956521739130466,0.037917087967644036,-0.0046253469010175685,0.05217391304347829,0.05037115588547192,-0.012025901942645745,0.03640040444893833,0.0331262939958592,0.07423117709437965,0.06418219461697727,0.003864734299516892,0.08460634547591067,0.02898550724637683,0.07023411371237454,-0.010638297872340385,0.0,0.009178743961352653,0.06847826086956527,0.08193979933110368,-0.010638297872340385,0.027667984189723382,0.0455005055611728,-0.045217391304347876,0.05302226935312826,-0.024456521739130488,0.042270531400966205,0.03726708074534163,0.04241781548250262,-0.026619343389529704,0.061956521739130466,-0.0376254180602007,0.04506892895015907,0.04506892895015907,0.058528428093645446,0.061381074168797956,0.10194902548725637,0.10526315789473684,0.05832449628844105,0.0227502527805864,0.009178743961352653,0.029644268774703497,0.07403055229142186,-0.006012950971322872,0.050343249427917625,0.015166835187057609,0.01679841897233203,0.0,0.05543478260869572,0.058528428093645446,0.011594202898550732,0.15345268542199492,0.03933747412008287
