0,1,2,3,4,5,6,7,8,9,10,11,12,13,14,15,16,17,18,19,20,21,22,23,24,25,26,27,28,29,30,31,32,33,34,35,36,37,38,39,40,41,42,43,44,45,46,47,48,49,50,51,52,53,54,55,56,57,58,59,60,61,62,63,64,65,66,67,68,69,70,71,72,73,74,75,76,77,78,79,80,81,82,83,84,85,86,87,88,89,90,91,92,93,94,95,96,97,98,99
1.0,-0.03794642857142855,-0.09453781512605047,-0.033730158730158666,-0.07247899159663868,-0.10396281800391388,-0.008333333333333318,-0.031249999999999972,0.0071428571428571175,-0.061813186813186816,-0.08208955223880593,-0.016100702576112402,-0.006773399014778303,-0.0034461152882205304,-0.004072681704260617,-0.03956043956043956,-0.026385927505330475,-0.015552995391705071,0.0,-0.04464285714285715,-0.027777777777777762,0.009097035040431273,-0.02341920374707257,-0.024553571428571425,0.07142857142857151,-0.059523809523809534,-0.061813186813186816,-0.02380952380952378,0.014550264550264536,-0.01906779661016944,0.0071428571428571175,-0.05562060889929732,-0.042410714285714246,-0.015435835351089555,-0.06302521008403361,0.006168831168831157,-0.032201405152224805,-0.055299539170506895,-0.02738095238095234,0.012362637362637374,-0.026190476190476153,-0.046874999999999944,0.0,-0.038018433179723476,-0.07305194805194803,-0.024515738498789297,-0.054395604395604424,-0.014778325123152636,-0.005952380952380876,-0.008458646616541277,-0.04665898617511516,-0.012315270935960576,0.005291005291005291,-0.007389162561576318,-0.02488290398126458,0.006168831168831157,-0.005541871921182245,-0.0034461152882205304,0.0,-0.03787878787878787,0.0025974025974025983,0.0046296296296296224,-0.015624999999999986,-0.003759398496240546,-0.003132832080200487,0.0,-0.008004926108374333,-0.01190476190476189,0.005053908355795153,-0.03395372233400401,-0.02182539682539683,-0.010245901639344246,-0.015624999999999986,0.002922077922077909,-0.026385927505330475,-0.012711864406779627,-0.02088377723970941,-0.01785714285714285,-0.010895883777239657,-0.03333333333333327,-0.0346638655462185,-0.009852216748768405,-0.06449893390191896,-0.0034461152882205304,-0.033730158730158666,-0.004072681704260617,0.0,-0.01906779661016944,-0.005012531328320746,0.009920634920634885,-0.019028103044496453,-0.06617647058823528,0.04658385093167705,0.011243386243386277,-0.012711864406779627,-0.02380952380952378,-0.031105990783410142,-0.02195550351288056,-0.04761904761904756,-0.04493087557603681
0.03794642857142855,1.0,-0.019301470588235337,0.01041666666666663,-0.03125,-0.07320205479452058,0.03541666666666676,0.0,0.0971590909090908,-0.0076923076923077205,-0.019589552238805985,0.018442622950819665,0.05334051724137934,0.04989035087719301,0.05756578947368418,-0.009134615384615352,-0.02028917910447764,0.018649193548387122,0.0401785714285714,0.0,0.008184523809523836,0.08107311320754712,0.027663934426229497,0.0,0.11979166666666669,-0.012310606060606077,-0.007932692307692335,0.03125,0.05497685185185186,0.04766949152542377,0.0690340909090909,0.01997950819672134,0.0,0.03707627118644069,-0.03033088235294118,0.0792613636363636,0.02305327868852458,0.014112903225806439,0.029166666666666674,0.09735576923076927,0.026041666666666685,0.0,0.06026785714285715,0.017137096774193616,-0.012784090909090884,0.03840042372881358,-0.006249999999999978,0.04202586206896558,0.053728070175438625,0.051809210526315874,0.014616935483870996,0.07273706896551735,0.09259259259259256,0.059806034482758674,0.03073770491803285,0.0690340909090909,0.059806034482758674,0.06332236842105265,0.062499999999999944,-0.008049242424242431,0.06136363636363629,0.078125,0.0,0.051809210526315874,0.04989035087719301,0.062499999999999944,0.050107758620689724,0.00694444444444442,0.08107311320754712,-0.06778169014084501,0.00868055555555547,0.02305327868852458,0.0,0.0715909090909091,-0.022388059701492546,0.01588983050847459,0.026483050847457668,0.008432539682539764,0.04634533898305082,0.027083333333333348,-0.01838235294117646,0.046875000000000056,-0.021688432835820948,0.04797149122807021,0.008432539682539764,0.07675438596491235,0.06473214285714285,0.0423728813559322,0.06524122807017552,0.05787037037037035,0.02074795081967218,-0.03033088235294118,0.13451086956521735,0.08680555555555547,0.03972457627118642,0.034375000000000044,0.01814516129032251,0.02996926229508201,0.007192460317460347,0.015120967741935443
0.09453781512605047,0.019301470588235337,1.0,0.02334267040149396,0.0,-0.033239323126510845,0.021568627450980427,0.013786764705882387,0.06951871657754011,0.016289592760180993,0.006145741878841093,0.02362584378013502,0.03296146044624751,0.03973168214654285,0.02837977296181632,0.014253393665158376,0.0028533801580333806,0.02277039848197343,0.05672268907563027,0.019301470588235337,0.01750700280112047,0.020810210876803556,0.02362584378013502,0.010110294117647078,0.1715686274509804,0.009358288770053513,0.014253393665158376,0.02352941176470591,0.06100217864923746,0.04037886340977076,0.06604278074866304,0.0489392478302797,0.01286764705882354,0.026919242273180488,0.0,0.052139037433155094,0.02025072324011573,0.02846299810246683,0.029411764705882387,0.05429864253393665,0.021568627450980427,0.01286764705882354,0.04096638655462184,0.015654648956356765,0.008467023172905486,0.03813559322033899,0.011538461538461553,0.04563894523326578,0.04540763673890613,0.04824561403508776,0.02846299810246683,0.050709939148073035,0.038126361655773405,0.03803245436105482,0.033751205400192885,0.08689839572192515,0.025354969574036518,0.0340557275541796,0.028361344537815136,0.007575757575757569,0.04518716577540108,0.04193899782135077,0.01286764705882354,0.04256965944272448,0.02554179566563472,0.031512605042016806,0.035496957403651136,0.018674136321195134,0.05826859045504992,-0.011806130903065426,0.018674136321195134,0.013500482160077154,0.01470588235294118,0.048663101604278086,0.0028533801580333806,0.04486540378863413,0.042622133599202416,0.019841269841269882,0.033649052841475596,0.045098039215686336,0.0,0.03803245436105482,0.003950834064969322,0.019865841073271426,0.015172735760971084,0.03973168214654285,0.031512605042016806,0.031405782652043884,0.03973168214654285,0.038126361655773405,0.016875602700096443,0.0,0.0421994884910486,0.049564270152505446,0.026919242273180488,0.021568627450980427,0.017077798861480087,0.025313404050144678,0.02450980392156865,0.02561669829222013
0.033730158730158666,-0.01041666666666663,-0.02334267040149396,1.0,-0.040849673202614345,-0.07827788649706457,0.02857142857142858,-0.010664682539682557,0.08311688311688303,-0.019536019536019578,-0.026533996683250405,0.0130106687483737,0.04378762999452668,0.046783625730994205,0.04344193817878028,-0.023931623931623958,-0.030324567638000455,0.008704557091653853,0.049603174603174593,-0.007936507936507908,0.0,0.07487271638215032,0.01665365599791835,-0.007440476190476164,0.10912698412698418,-0.01803751803751802,-0.014652014652014655,0.01904761904761909,0.04497354497354494,0.03551251008878131,0.06002886002885999,0.011969815248503768,-0.008184523809523836,0.026903416733925267,-0.039682539682539764,0.055411255411255356,0.015092375748113451,0.007424475166410649,0.023015873015873045,0.09401709401709407,0.018253968253968245,-0.00868055555555547,0.055555555555555525,0.008192524321556593,-0.021645021645021634,0.026903416733925267,-0.012210012210012222,0.032840722495894925,0.04344193817878028,0.03508771929824567,0.007168458781362019,0.06020799124247411,0.07671957671957669,0.05747126436781613,0.01717408274785326,0.06695526695526693,0.04789272030651348,0.05513784461152882,0.051587301587301515,-0.01803751803751802,0.06695526695526693,0.08201058201058203,-0.007688492063492036,0.03842940685045948,0.04010025062656647,0.049603174603174593,0.03557744937055285,0.0,0.0718778077268643,-0.06617482673820707,0.0,0.015612802498048417,-0.007192460317460347,0.06002886002885999,-0.029376924899312984,0.02259887005649719,0.01829432337906911,0.0,0.031207963411353234,0.015079365079365137,-0.0326797385620915,0.032840722495894925,-0.030324567638000455,0.04845446950710114,0.0,0.05179615705931501,0.04365079365079366,0.026903416733925267,0.046783625730994205,0.055555555555555525,0.010928961748633892,-0.03734827264239027,0.14078674948240166,0.07671957671957669,0.03336023675006733,0.023809523809523836,0.00691244239631339,0.015092375748113451,0.0,0.0066564260112647045
0.07247899159663868,0.03125,0.0,0.040849673202614345,1.0,-0.036261079774375427,0.035294117647058865,0.021139705882352977,0.10080213903743318,0.023076923076923106,0.007682177348551367,0.04218900675024112,0.0557809330628804,0.062435500515995945,0.05959752321981432,0.019683257918552077,0.004170324846356432,0.02846299810246683,0.06617647058823528,0.022058823529411797,0.02801120448179273,0.04994450610432852,0.033751205400192885,0.016544117647058876,0.16544117647058837,0.009358288770053513,0.012895927601809964,0.03725490196078435,0.07625272331154681,0.06056829511465611,0.07647058823529412,0.04050144648023146,0.016544117647058876,0.04710867397806584,0.0,0.07647058823529412,0.03206364513018323,0.029886148007590152,0.03921568627450983,0.09502262443438914,0.029411764705882387,0.019301470588235337,0.05987394957983189,0.03700189753320687,0.009358288770053513,0.042622133599202416,0.014253393665158376,0.06592292089249502,0.062435500515995945,0.07094943240454082,0.027039848197343452,0.06845841784989865,0.05718954248366012,0.06845841784989865,0.0371263259402122,0.10080213903743318,0.035496957403651136,0.04540763673890613,0.06617647058823528,0.01158645276292336,0.07299465240641712,0.08769063180827891,0.023897058823529438,0.0681114551083592,0.05108359133126944,0.06617647058823528,0.05831643002028408,0.025676937441643344,0.08324084350721422,-0.014291632145816024,0.021008403361344574,0.025313404050144678,0.01838235294117646,0.055614973262032075,0.005267778753292374,0.042622133599202416,0.042622133599202416,0.02917833800186742,0.042622133599202416,0.041176470588235314,0.0,0.05324543610547672,0.00460930640913082,0.04256965944272448,0.025676937441643344,0.0794633642930857,0.05987394957983189,0.04486540378863413,0.07378740970072245,0.053376906318082756,0.02193828351012539,0.0,0.09846547314578005,0.08006535947712418,0.033649052841475596,0.045098039215686336,0.03130929791271353,0.04556412729026044,0.03151260504201686,0.03984819734345352
0.10396281800391388,0.07320205479452058,0.033239323126510845,0.07827788649706457,0.036261079774375427,1.0,0.0801369863013699,0.061643835616438325,0.17036114570361138,0.0657534246575342,0.03680228992026169,0.06198068717718391,0.10273972602739728,0.10766642633982221,0.09997596731554914,0.05732349841938883,0.03680228992026169,0.07777286787450283,0.07901174168297453,0.061643835616438325,0.06523157208088715,0.11372447660894286,0.08353918706490004,0.05393835616438358,0.1997716894977169,0.03632212536322127,0.05732349841938883,0.09794520547945207,0.13013698630136983,0.11701880659391695,0.13897882938978823,0.08084437457893556,0.06357020547945202,0.10401671697237053,0.039282836422240064,0.13897882938978823,0.08353918706490004,0.07048166151126822,0.0801369863013699,0.17702845100105374,0.08607305936073062,0.06934931506849318,0.14138943248532282,0.08263367211665934,0.047945205479452024,0.0975156721615974,0.053951527924130604,0.10628247520075584,0.13073780341264124,0.09997596731554914,0.06076005302695542,0.1310817194142655,0.10121765601217653,0.09919697685403878,0.13743543678419046,0.22415940224159403,0.10273972602739728,0.13458303292477775,0.09980430528375728,0.03632212536322127,0.10759651307596507,0.10603754439370877,0.05393835616438358,0.1038211968276857,0.08844027877913962,0.09980430528375728,0.10273972602739728,0.047836486192650574,0.11372447660894286,0.013119814779085526,0.06305718634485757,0.06467549966314845,0.048159246575342485,0.13897882938978823,0.0343488039255776,0.08451358254005109,0.09101462735082427,0.07392911502500549,0.09101462735082427,0.062328767123287665,0.023166800966962053,0.07439773264052907,0.0343488039255776,0.09613073780341269,0.07827788649706457,0.11151165585195871,0.11227984344422698,0.10726723937775717,0.12689257390050468,0.10603754439370877,0.051201437233325875,0.029210314262691328,0.18493150684931503,0.13977676306443426,0.0975156721615974,0.09200913242009134,0.07048166151126822,0.07006512463507747,0.07827788649706457,0.07048166151126822
0.008333333333333318,-0.03541666666666676,-0.021568627450980427,-0.02857142857142858,-0.035294117647058865,-0.0801369863013699,1.0,-0.046875,0.036363636363636265,-0.03846153846153849,-0.027860696517412936,-0.0068306010928961824,0.01609195402298852,0.019298245614035092,0.023684210526315808,-0.04615384615384621,-0.052238805970149294,-0.019892473118279574,0.016666666666666635,-0.034375000000000044,-0.023015873015873045,0.059433962264150875,-0.00928961748633883,-0.03749999999999998,0.06666666666666671,-0.0378787878787879,-0.032051282051282104,0.0,0.01851851851851849,0.007909604519774016,0.028787878787878696,-0.0032786885245901787,-0.03749999999999998,0.005649717514124297,-0.06078431372549026,0.0257575757575757,-0.00491803278688524,-0.012903225806451646,0.0,0.08974358974358965,0.0,-0.034375000000000044,0.030952380952380898,-0.014516129032258074,-0.03636363636363643,0.006497175141242928,-0.02564102564102566,0.009770114942528718,0.02192982456140352,0.012280701754385975,-0.011827956989247324,0.019540229885057436,0.05555555555555547,0.017241379310344862,-0.007650273224043713,0.030303030303030276,0.023563218390804552,0.02894736842105261,0.03333333333333327,-0.0378787878787879,0.04393939393939389,0.046296296296296224,-0.025000000000000022,0.014912280701754377,0.023684210526315808,0.02976190476190471,0.017816091954023006,-0.022222222222222254,0.052830188679245216,-0.10328638497652587,-0.02857142857142858,-0.0084699453551913,-0.03749999999999998,0.05303030303030287,-0.06268656716417909,0.006214689265536699,0.003672316384180807,-0.02619047619047621,0.007344632768361614,0.0,-0.0490196078431373,0.01091954022988506,-0.04875621890547266,0.02631578947368418,-0.025396825396825418,0.02192982456140352,0.019047619047619035,0.006497175141242928,0.020175438596491235,0.04999999999999993,-0.0071038251366120075,-0.050980392156862786,0.13188405797101443,0.046296296296296224,0.007344632768361614,0.0,-0.013978494623655913,-0.007923497267759594,-0.018253968253968245,-0.010215053763440896
0.031249999999999972,0.0,-0.013786764705882387,0.010664682539682557,-0.021139705882352977,-0.061643835616438325,0.046875,1.0,0.08948863636363624,-0.007451923076923106,-0.015391791044776115,0.024590163934426257,0.061422413793103536,0.051809210526315874,0.06524122807017552,-0.01033653846153848,-0.02448694029850751,0.022177419354838745,0.04910714285714285,0.0,0.009672619047619069,0.113502358490566,0.031506147540983576,0.0,0.09375,-0.013731060606060608,-0.007932692307692335,0.033333333333333326,0.05497685185185186,0.04634533898305082,0.040909090909090895,0.017674180327868882,0.0,0.03707627118644069,-0.03584558823529416,0.0715909090909091,0.02151639344262296,0.015625,0.034375000000000044,0.11177884615384615,0.03229166666666672,0.0,0.0736607142857143,0.017137096774193616,-0.013731060606060608,0.0423728813559322,-0.006730769230769262,0.04202586206896558,0.05948464912280704,0.044133771929824595,0.012600806451612934,0.07273706896551735,0.09548611111111105,0.06465517241379315,0.029200819672131173,0.06392045454545453,0.0824353448275863,0.08826754385964919,0.0736607142857143,-0.011363636363636409,0.07670454545454541,0.08101851851851843,0.0,0.04989035087719301,0.06332236842105265,0.0736607142857143,0.05334051724137934,0.007688492063492036,0.09728773584905659,-0.07240316901408439,0.01041666666666663,0.027663934426229497,0.0,0.08693181818181817,-0.027985074626865725,0.03310381355932207,0.03310381355932207,0.008928571428571397,0.035752118644067854,0.019791666666666707,-0.02941176470588236,0.04040948275862072,-0.02028917910447764,0.06524122807017552,0.008432539682539764,0.05756578947368418,0.05357142857142849,0.03972457627118642,0.06332236842105265,0.09259259259259256,0.018442622950819665,-0.02849264705882354,0.1650815217391305,0.08969907407407407,0.045021186440677985,0.034375000000000044,0.015625,0.02305327868852458,0.007192460317460347,0.014112903225806439
-0.0071428571428571175,-0.0971590909090908,-0.06951871657754011,-0.08311688311688303,-0.10080213903743318,-0.17036114570361138,-0.036363636363636265,-0.08948863636363624,1.0,-0.09230769230769231,-0.09769335142469471,-0.03219076005961247,-0.030094043887147204,-0.016586921850079706,-0.018500797448165796,-0.08951048951048951,-0.08141112618724561,-0.057478005865102655,-0.004870129870129858,-0.09204545454545443,-0.07157287157287157,0.012349914236706727,-0.05901639344262288,-0.06392045454545453,0.058333333333333404,-0.06666666666666665,-0.08951048951048951,-0.04393939393939389,0.00841750841750838,-0.04314329738058542,0.0,-0.04828614008941873,-0.06647727272727272,-0.032049306625577756,-0.10080213903743318,0.0,-0.05901639344262288,-0.05337243401759528,-0.04090909090909084,0.024125874125874136,-0.04242424242424242,-0.0792613636363636,-0.007792207792207795,-0.07390029325513192,-0.09393939393939393,-0.0357473035439137,-0.08951048951048951,-0.031974921630093966,-0.021052631578947323,-0.019138755980861233,-0.06158357771260997,-0.03573667711598727,0.009090909090909094,-0.030094043887147204,-0.06795827123695963,0.0,-0.030094043887147204,-0.01977671451355656,-0.007467532467532456,-0.048484848484848464,0.0,0.007407407407407418,-0.06392045454545453,-0.015948963317384324,-0.01467304625199356,-0.00909090909090915,-0.029153605015673878,-0.04386724386724383,0.009605488850771837,-0.12701664532650442,-0.06926406926406925,-0.03219076005961247,-0.06647727272727272,0.0,-0.0846675712347354,-0.017257318952234202,-0.032049306625577756,-0.06464646464646467,-0.03328197226502305,-0.036363636363636265,-0.04518716577540108,-0.017868338557993635,-0.08792401628222524,-0.012121212121212033,-0.06695526695526693,-0.016586921850079706,-0.008766233766233755,-0.03328197226502305,-0.022328548644337975,0.007070707070707061,-0.03576751117734722,-0.10427807486631019,0.06758893280632416,0.010101010101010055,-0.03081664098613246,-0.048484848484848464,-0.06158357771260997,-0.05543964232488818,-0.0784992784992784,-0.06774193548387086
0.061813186813186816,0.0076923076923077205,-0.016289592760180993,0.019536019536019578,-0.023076923076923106,-0.0657534246575342,0.03846153846153849,0.007451923076923106,0.09230769230769231,1.0,-0.015154994259471866,0.02925598991172762,0.04827586206896556,0.06693657219973015,0.06261808367071531,0.0,-0.011940298507462699,0.01712158808933001,0.037087912087912095,0.006730769230769262,0.014652014652014655,0.08708272859216254,0.030264817150063072,0.007932692307692335,0.16891025641025648,-0.007226107226107226,0.0,0.033333333333333326,0.05641025641025643,0.05006518904823992,0.0839160839160839,0.02622950819672132,0.008894230769230793,0.04067796610169494,-0.02375565610859731,0.05594405594405594,0.02723833543505677,0.028287841191066976,0.04743589743589749,0.13076923076923075,0.030769230769230826,0.009615384615384581,0.07912087912087912,0.022332506203473934,-0.007925407925407968,0.032855280312907464,0.0,0.04270557029177724,0.04966261808367073,0.04966261808367073,0.01488833746898266,0.05384615384615388,0.04700854700854698,0.05013262599469498,0.031273644388398525,0.0811188811188811,0.04084880636604782,0.047503373819163364,0.06675824175824174,-0.007925407925407968,0.07832167832167836,0.08461538461538459,0.007451923076923106,0.05614035087719299,0.06261808367071531,0.06428571428571422,0.04827586206896556,0.011721611721611735,0.08359941944847604,-0.03380281690140846,0.012698412698412709,0.023203026481715017,0.006249999999999978,0.07832167832167836,-0.016073478760045945,0.04380704041720995,0.032855280312907464,0.015140415140415142,0.042242503259452446,0.02692307692307694,-0.014253393665158376,0.029708222811671153,-0.013777267508610802,0.06261808367071531,0.018070818070818118,0.06477732793522267,0.04945054945054944,0.04067796610169494,0.051821862348178205,0.06267806267806264,0.018158890290037866,-0.019004524886877816,0.1525083612040134,0.09401709401709396,0.03754889178617998,0.039743589743589824,0.0208436724565757,0.02421185372005047,0.013186813186813195,0.018610421836228352
0.08208955223880593,0.019589552238805985,-0.006145741878841093,0.026533996683250405,-0.007682177348551367,-0.03680228992026169,0.027860696517412936,0.015391791044776115,0.09769335142469471,0.015154994259471866,1.0,0.03376559823831665,0.03937210499228,0.06546216286986128,0.060225189840272364,0.010562571756601635,0.0,0.02407318247472323,0.04690831556503197,0.01609141791044777,0.029376924899312984,0.05519571951562938,0.03376559823831665,0.01609141791044777,0.14179104477611942,0.007688828584350937,0.01148105625717566,0.03830845771144281,0.06467661691542287,0.06273716164938031,0.07489823609226592,0.03816980670418402,0.014692164179104517,0.03440424993675689,-0.004828797190518042,0.07164179104477608,0.03376559823831665,0.0288878189696678,0.041791044776119446,0.09471871412169919,0.03482587064676623,0.01888992537313433,0.06156716417910446,0.03129513721714011,0.005201266395296278,0.03642802934480144,0.01102181400688862,0.06253216675244472,0.04975124378109458,0.06284367635506682,0.026480500722195488,0.05095213587236236,0.05749032614704255,0.03937210499228,0.029361389772449287,0.0846675712347354,0.03474009264024708,0.04451427075150566,0.05863539445629001,0.007010402532790616,0.048846675712347354,0.05389718076285238,0.016791044776119424,0.060225189840272364,0.0549882168106835,0.06156716417910446,0.053268142048378875,0.015162283819000227,0.06308082230357645,-0.019339920117721232,0.01990049751243783,0.026425250795204303,0.016791044776119424,0.05861601085481677,0.0,0.04249936756893502,0.03440424993675689,0.022743425728500355,0.04452314697697951,0.053980099502487666,-0.0032923617208077405,0.044004117344312976,0.0,0.057606703325477904,0.024638711205875408,0.060225189840272364,0.05277185501066095,0.04654692638502406,0.057606703325477904,0.07186290768380321,0.030829459261071723,-0.006584723441615481,0.14308890330953927,0.08623548922056384,0.04047558816089053,0.04353233830845776,0.027684159845931644,0.03963787619280651,0.021795782989812884,0.03009147809340401
0.016100702576112402,-0.018442622950819665,-0.02362584378013502,-0.0130106687483737,-0.04218900675024112,-0.06198068717718391,0.0068306010928961824,-0.024590163934426257,0.03219076005961247,-0.02925598991172762,-0.03376559823831665,1.0,0.023742227247032233,0.03681334483750365,0.04026459591601961,-0.028247162673392223,-0.048446293124541295,-0.006874669487043905,0.036592505854800894,-0.016905737704918045,-0.01717408274785326,0.07423445716053201,0.0,-0.031506147540983576,0.0577185792349727,-0.04967709885742677,-0.02622950819672132,0.008743169398907069,0.025500910746812377,0.01555987774381773,0.02324888226527569,0.0,-0.017674180327868882,0.015004167824395676,-0.055689488910318274,0.03576751117734722,0.0,-0.005288207297726055,0.006557377049180357,0.0766078184110971,0.006284153005464477,-0.02382172131147542,0.03951990632318497,-0.00872554204124798,-0.03229011425732742,0.011114198388441243,-0.023203026481715017,0.015262860373092157,0.029910842680471672,0.025309174575783744,-0.0042305658381808775,0.01695873374788015,0.04462659380692163,0.024590163934426257,0.0,0.028614008941877767,0.023742227247032233,0.029910842680471672,0.06293911007025754,-0.04595131644311978,0.05901639344262288,0.07012750455373395,-0.02382172131147542,0.03681334483750365,0.0345125107851596,0.04976580796252916,0.023742227247032233,-0.015612802498048417,0.07423445716053201,-0.07850380974370813,-0.015612802498048417,0.0,-0.024590163934426257,0.04828614008941873,-0.06312698801076588,0.01555987774381773,0.009447068630175026,-0.01769450949778817,0.011669908307863297,0.0038251366120218566,-0.054001928640308616,0.02289429055963821,-0.03523366772693909,0.03681334483750365,-0.01665365599791835,0.031061259706643696,0.032201405152224805,0.015004167824395676,0.035662927811331624,0.06375227686703089,0.0,-0.04218900675024112,0.1443335709194583,0.06375227686703089,0.017227007502083946,0.00928961748633883,-0.007403490216816522,0.0,-0.0130106687483737,-0.007139079851930186
0.006773399014778303,-0.05334051724137934,-0.03296146044624751,-0.04378762999452668,-0.0557809330628804,-0.10273972602739728,-0.01609195402298852,-0.061422413793103536,0.030094043887147204,-0.04827586206896556,-0.03937210499228,-0.023742227247032233,1.0,0.010586811857229317,0.010889292196007316,-0.05384615384615388,-0.08337622233659292,-0.03225806451612906,0.014778325123152636,-0.038793103448275856,-0.04378762999452668,0.04879635653871173,-0.027981910684002242,-0.050107758620689724,0.061063218390804586,-0.052246603970741934,-0.05384615384615388,-0.017816091954023006,0.029374201787994825,-0.010227936879018129,0.015047021943573602,-0.01611079706048618,-0.04202586206896558,-0.007890122735242533,-0.09381338742393519,0.030094043887147204,-0.027981910684002242,-0.030033370411568394,-0.016666666666666663,0.04376657824933683,-0.01839080459770126,-0.04849137931034486,0.016625615763546764,-0.03893214682981094,-0.06060606060606066,-0.010520163646990044,-0.06684350132626005,0.0,0.008166969147005487,0.00877192982456143,-0.021134593993325956,0.0,0.033205619412515874,0.0,-0.03137365743357834,0.020689655172413723,0.0,0.010586811857229317,0.01724137931034475,-0.04597701149425293,0.02539184952978052,0.047254150702426445,-0.061422413793103536,0.011191772534785205,0.009376890502117319,0.024014778325123,0.0,-0.04241926655719769,0.037410540013012306,-0.1073336571151044,-0.04378762999452668,-0.02543810062182028,-0.04364224137931039,0.02539184952978052,-0.07874420998456,-0.006721215663354818,-0.007597895967270618,-0.0451559934318555,-0.005844535359438907,-0.009770114942528718,-0.06338742393509134,0.0,-0.05095213587236236,0.008166969147005487,-0.0410509031198687,0.00877192982456143,0.019088669950738768,-0.009059029807130359,0.009981851179673318,0.03448275862068961,-0.01695873374788015,-0.06592292089249502,0.1034482758620689,0.030651340996168563,-0.009643483343074188,-0.016666666666666663,-0.03781979977753058,-0.02543810062182028,-0.034209085933223915,-0.035595105672970084
0.0034461152882205304,-0.04989035087719301,-0.03973168214654285,-0.046783625730994205,-0.062435500515995945,-0.10766642633982221,-0.019298245614035092,-0.051809210526315874,0.016586921850079706,-0.06693657219973015,-0.06546216286986128,-0.03681334483750365,-0.010586811857229317,1.0,0.0,-0.06045883940620789,-0.08641005498821686,-0.03678551216751558,0.00877192982456132,-0.03262061403508776,-0.06516290726817053,0.029129427341939684,-0.029910842680471672,-0.06524122807017552,0.059210526315789436,-0.05741626794258381,-0.047503373819163364,-0.023684210526315808,0.01754385964912275,-0.017246506095747904,0.01275917065390747,-0.016105838366407832,-0.04221491228070179,-0.013678263455248307,-0.0794633642930857,0.015948963317384324,-0.031061259706643696,-0.031126202603282416,-0.022807017543859665,0.038798920377867696,-0.015789473684210575,-0.055646929824561486,0.00783208020050119,-0.04385964912280704,-0.052631578947368474,-0.014272970561998222,-0.058299595141700467,-0.006957047791893489,0.0,0.0,-0.019807583474816093,-0.006957047791893489,0.025341130604288442,-0.007562008469449488,-0.0345125107851596,0.013397129186602796,-0.007259528130671544,0.0,0.009398496240601517,-0.06698564593301443,0.01467304625199356,0.030214424951267027,-0.08442982456140358,0.0,0.0,0.013471177944862078,-0.009679370840895318,-0.05513784461152882,0.030453492221118816,-0.09340252038547076,-0.053467000835421996,-0.029910842680471672,-0.055646929824561486,0.01786283891547047,-0.09164702801780578,-0.01546238477549805,-0.011894142134998509,-0.0584795321637428,-0.011299435028248594,-0.01315789473684209,-0.05675954592363264,-0.006654567453115545,-0.034040324692327845,0.0,-0.04010025062656647,0.0,0.00783208020050119,-0.01546238477549805,0.0,0.021442495126705596,-0.025309174575783744,-0.07662538699690413,0.10907704042715477,0.026315789473684126,-0.017246506095747904,-0.023684210526315808,-0.0452744765138654,-0.029910842680471672,-0.03508771929824567,-0.04244482173174874
0.004072681704260617,-0.05756578947368418,-0.02837977296181632,-0.04344193817878028,-0.05959752321981432,-0.09997596731554914,-0.023684210526315808,-0.06524122807017552,0.018500797448165796,-0.06261808367071531,-0.060225189840272364,-0.04026459591601961,-0.010889292196007316,0.0,1.0,-0.05614035087719299,-0.08641005498821686,-0.039615166949632186,0.008145363408521233,-0.0460526315789474,-0.07518796992481214,0.03972194637537241,-0.03681334483750365,-0.07291666666666674,0.05592105263157893,-0.06459330143540676,-0.058299595141700467,-0.03245614035087718,0.019493177387914173,-0.022004162949747275,0.012121212121212033,-0.018406672418751824,-0.04989035087719301,-0.017246506095747904,-0.09081527347781226,0.01977671451355656,-0.0345125107851596,-0.03537068477645727,-0.027192982456140324,0.04385964912280699,-0.022807017543859665,-0.06524122807017552,0.008458646616541277,-0.05376344086021512,-0.05741626794258381,-0.017246506095747904,-0.06693657219973015,-0.008166969147005487,0.0,0.0,-0.02405206564799095,-0.007259528130671544,0.024366471734892703,-0.007864488808227432,-0.0345125107851596,0.01275917065390747,-0.008469449485783431,0.0,0.010964912280701622,-0.06220095693779909,0.015311004784688886,0.031189083820662655,-0.0786732456140351,0.0,0.0,0.015977443609022424,-0.009981851179673318,-0.05513784461152882,0.03574975173783507,-0.10723993081294786,-0.06516290726817053,-0.0345125107851596,-0.061403508771929904,0.019138755980861233,-0.10735794710657254,-0.011894142134998509,-0.01546238477549805,-0.06015037593984973,-0.011299435028248594,-0.014912280701754377,-0.05675954592363264,-0.007562008469449488,-0.04451427075150566,0.0,-0.04845446950710114,0.0,0.009085213032581363,-0.017841213202497763,0.0,0.02339181286549702,-0.026459591601955712,-0.07662538699690413,0.11327231121281461,0.02826510721247555,-0.01605709188224802,-0.030701754385964897,-0.04668930390492354,-0.0345125107851596,-0.04344193817878028,-0.0452744765138654
0.03956043956043956,0.009134615384615352,-0.014253393665158376,0.023931623931623958,-0.019683257918552077,-0.05732349841938883,0.04615384615384621,0.01033653846153848,0.08951048951048951,0.0,-0.010562571756601635,0.028247162673392223,0.05384615384615388,0.06045883940620789,0.05614035087719299,1.0,-0.016991963260620024,0.026799007444168743,0.06428571428571422,0.0076923076923077205,0.015140415140415142,0.10798258345428158,0.03329129886506943,0.007932692307692335,0.12532051282051282,-0.006759906759906786,0.0,0.03461538461538466,0.05327635327635327,0.05319426336375488,0.06993006993006995,0.02723833543505677,0.010096153846153921,0.0453715775749674,-0.02579185520361993,0.05594405594405594,0.02622950819672132,0.023076923076923106,0.037179487179487214,0.09999999999999998,0.029487179487179493,0.008894230769230793,0.0766483516483516,0.022332506203473934,-0.006993006993006978,0.03441981747066497,0.0,0.03899204244031834,0.04534412955465594,0.03454790823211881,0.01712158808933001,0.07241379310344842,0.08148148148148143,0.06498673740053051,0.028247162673392223,0.06713286713286709,0.06498673740053051,0.07557354925775983,0.06675824175824174,-0.006526806526806539,0.08671328671328671,0.09088319088319086,0.007451923076923106,0.05614035087719299,0.058299595141700467,0.05686813186813183,0.04084880636604782,0.017094017094017033,0.09753265602322203,-0.04810400866738895,0.015140415140415142,0.030264817150063072,0.007451923076923106,0.06993006993006995,-0.016073478760045945,0.03911342894393749,0.032855280312907464,0.018070818070818118,0.05006518904823992,0.019230769230769246,-0.022398190045248845,0.035278514588859444,-0.013318025258323818,0.06909581646423762,0.01562881562881563,0.058299595141700467,0.044505494505494514,0.03754889178617998,0.051821862348178205,0.07521367521367522,0.020176544766708715,-0.019004524886877816,0.13979933110367893,0.08148148148148143,0.0453715775749674,0.03461538461538466,0.016377171215880948,0.023203026481715017,0.009279609279609247,0.015632754342431776
0.026385927505330475,0.02028917910447764,-0.0028533801580333806,0.030324567638000455,-0.004170324846356432,-0.03680228992026169,0.052238805970149294,0.02448694029850751,0.08141112618724561,0.011940298507462699,0.0,0.048446293124541295,0.08337622233659292,0.08641005498821686,0.08641005498821686,0.016991963260620024,1.0,0.04453538757823794,0.11140724946695091,0.018190298507462677,0.03601042407012556,0.11827654181920588,0.044042084658673875,0.03148320895522394,0.08861940298507465,0.006784260515603824,0.012858783008036723,0.053980099502487666,0.06826976229961307,0.05261826460915764,0.06187245590230661,0.026425250795204303,0.0230876865671642,0.07083227928155833,-0.008560140474100142,0.07489823609226592,0.03816980670418402,0.02286952335098702,0.04353233830845776,0.0861079219288175,0.04353233830845776,0.02028917910447764,0.06743070362473347,0.032498796340876324,0.005427408412483015,0.04249936756893502,0.015154994259471866,0.03937210499228,0.06284367635506682,0.04975124378109458,0.02286952335098702,0.06484817292846118,0.09342177998894413,0.08106021616057646,0.0469782236359188,0.07164179104477608,0.07874420998456,0.08641005498821686,0.07622601279317692,0.0065581184984170315,0.09443690637720492,0.12216694306246545,0.0237873134328358,0.08902854150301132,0.08641005498821686,0.09088486140724944,0.044004117344312976,0.04264392324093824,0.1143339904252324,-0.03111204540676893,0.036958066808813084,0.0469782236359188,0.020988805970149294,0.07815468113975571,0.0,0.05868960283329122,0.04654692638502406,0.030324567638000455,0.05059448520111315,0.01567164179104477,-0.008340649692712865,0.04168811116829646,0.0,0.07593610892903913,0.027481639421937987,0.04975124378109458,0.06156716417910446,0.04249936756893502,0.06284367635506682,0.0826423438363737,0.030829459261071723,-0.004828797190518042,0.14308890330953927,0.07545605306799336,0.05261826460915764,0.04353233830845776,0.0288878189696678,0.0234891118179594,0.021795782989812884,0.02407318247472323
0.015552995391705071,-0.018649193548387122,-0.02277039848197343,-0.008704557091653853,-0.02846299810246683,-0.07777286787450283,0.019892473118279574,-0.022177419354838745,0.057478005865102655,-0.01712158808933001,-0.02407318247472323,0.006874669487043905,0.03225806451612906,0.03678551216751558,0.039615166949632186,-0.026799007444168743,-0.04453538757823794,1.0,0.048387096774193505,-0.019153225806451624,-0.010240655401945742,0.08490566037735847,0.01004759386567955,-0.017641129032258007,0.08467741935483875,-0.023460410557184785,-0.0208436724565757,0.015591397849462396,0.03823178016726403,0.02214324767632586,0.04105571847507328,0.004494976203067158,-0.014112903225806439,0.025423728813559365,-0.05265654648956364,0.0513196480938416,0.006081438392385008,0.0,0.013440860215053752,0.08064516129032256,0.014516129032258074,-0.013608870967741993,0.04665898617511516,0.0,-0.02052785923753664,0.01722252597047569,-0.016377171215880948,0.02002224694104565,0.03254102999434072,0.028296547821165807,0.0,0.03893214682981094,0.08124253285543603,0.03670745272525022,0.008461131676361755,0.04926686217008791,0.04783092324805349,0.06083757781550658,0.04665898617511516,-0.01955034213098733,0.045161290322580594,0.054958183990442055,-0.013104838709677435,0.03678551216751558,0.04668930390492354,0.048387096774193505,0.03337041156840942,-0.010240655401945742,0.10681679853925741,-0.11449341208541575,-0.011520737327188946,0.009518773135906988,-0.02116935483870963,0.06158357771260997,-0.04694270582571014,0.018862766539092413,0.019682886823400803,-0.008448540706605279,0.02214324767632586,0.008602150537634412,-0.05123339658444026,0.030033370411568394,-0.03129513721714011,0.04385964912280704,-0.007936507936507964,0.04385964912280704,0.038018433179723476,0.018862766539092413,0.04385964912280704,0.07885304659498193,0.007139079851930186,-0.04269449715370022,0.14025245441795225,0.059737156511349976,0.0262438490978677,0.015053763440860235,0.0,0.007667900581702802,-0.005632360471070186,0.0
0.0,-0.0401785714285714,-0.05672268907563027,-0.049603174603174593,-0.06617647058823528,-0.07901174168297453,-0.016666666666666635,-0.04910714285714285,0.004870129870129858,-0.037087912087912095,-0.04690831556503197,-0.036592505854800894,-0.014778325123152636,-0.00877192982456132,-0.008145363408521233,-0.06428571428571422,-0.11140724946695091,-0.048387096774193505,1.0,-0.0401785714285714,-0.06746031746031733,0.018194070080862546,-0.02488290398126458,-0.06473214285714285,0.04464285714285715,-0.05411255411255411,-0.04697802197802192,-0.02261904761904754,0.013227513227513199,-0.016343825665859513,0.004545454545454575,-0.020491803278688492,-0.03348214285714285,-0.021791767554479313,-0.07247899159663868,0.005844155844155818,-0.029274004683840726,-0.019009216589861738,-0.014285714285714235,0.015109890109890112,-0.015476190476190449,-0.03348214285714285,0.0,-0.032834101382488434,-0.04329004329004327,-0.015435835351089555,-0.05686813186813183,-0.008004926108374333,-0.00438596491228066,-0.005952380952380876,-0.024193548387096753,-0.012315270935960576,0.015873015873015928,-0.014778325123152636,-0.02781030444964866,0.004220779220779236,-0.012931034482758563,-0.008145363408521233,0.0,-0.05411255411255411,0.006493506493506496,0.015873015873015928,-0.06919642857142849,-0.009398496240601517,-0.009085213032581363,0.0,-0.008004926108374333,-0.07341269841269837,0.02729110512129379,-0.09808853118712269,-0.059523809523809534,-0.033665105386416816,-0.05357142857142849,0.0051948051948051965,-0.09088486140724944,-0.02088377723970941,-0.02088377723970941,-0.05357142857142855,-0.015435835351089555,-0.010714285714285704,-0.10084033613445376,-0.009236453201970418,-0.023454157782515986,-0.006265664160400974,-0.027777777777777762,-0.004072681704260617,0.0,-0.01361985472154964,-0.005325814536340789,0.012566137566137614,-0.02781030444964866,-0.06302521008403361,0.06599378881987583,0.010582010582010581,-0.022699757869249326,-0.02261904761904754,-0.031105990783410142,-0.017564402810304414,-0.02182539682539683,-0.02937788018433174
0.04464285714285715,0.0,-0.019301470588235337,0.007936507936507908,-0.022058823529411797,-0.061643835616438325,0.034375000000000044,0.0,0.09204545454545443,-0.006730769230769262,-0.01609141791044777,0.016905737704918045,0.038793103448275856,0.03262061403508776,0.0460526315789474,-0.0076923076923077205,-0.018190298507462677,0.019153225806451624,0.0401785714285714,1.0,0.00868055555555547,0.07134433962264147,0.02996926229508201,0.0,0.06770833333333337,-0.009469696969696961,-0.0076923076923077205,0.026041666666666685,0.07523148148148145,0.03310381355932207,0.06136363636363629,0.018442622950819665,0.0,0.03177966101694918,-0.0266544117647059,0.0792613636363636,0.015368852459016424,0.011088709677419373,0.027083333333333348,0.09014423076923073,0.03229166666666672,0.0,0.04910714285714285,0.014616935483870996,-0.012784090909090884,0.029131355932203395,-0.005769230769230804,0.050107758620689724,0.06907894736842113,0.044133771929824595,0.016633064516129115,0.0549568965517242,0.10127314814814803,0.046875000000000056,0.02305327868852458,0.07414772727272728,0.05657327586206895,0.06907894736842113,0.0558035714285714,-0.007102272727272735,0.040909090909090895,0.043402777777777735,0.0,0.03262061403508776,0.04797149122807021,0.05357142857142849,0.045258620689655193,0.006448412698412731,0.09080188679245277,-0.070862676056338,0.01041666666666663,0.018442622950819665,0.0,0.0715909090909091,-0.021688432835820948,0.0211864406779661,0.03707627118644069,0.005952380952380931,0.03840042372881358,0.025000000000000022,-0.01838235294117646,0.03556034482758624,-0.0237873134328358,0.04221491228070179,0.007192460317460347,0.05756578947368418,0.04464285714285715,0.025158898305084776,0.06332236842105265,0.078125,0.01997950819672134,-0.02573529411764708,0.11616847826086957,0.06655092592592593,0.03442796610169496,0.028125000000000067,0.012096774193548376,0.02382172131147542,0.00868055555555547,0.013608870967741993
