0,1,2,3,4,5,6,7,8,9,10,11,12,13,14,15,16,17,18,19,20,21,22,23,24,25,26,27,28,29,30,31,32,33,34,35,36,37,38,39,40,41,42,43,44,45,46,47,48,49,50,51,52,53,54,55,56,57,58,59,60,61,62,63,64,65,66,67,68,69,70,71,72,73,74,75,76,77,78,79,80,81,82,83,84,85,86,87,88,89,90,91,92,93,94,95,96,97,98,99
1.0,-0.027380952380952395,-0.019975786924939454,-0.021428571428571408,-0.0850840336134453,0.021978021978021955,0.016534391534391568,-0.018159806295399483,-0.01543583535108961,-0.03794642857142855,-0.016343825665859568,-0.011803874092009697,-0.012931034482758619,-0.012931034482758619,-0.038018433179723476,0.0,-0.017251815980629526,-0.07170329670329662,-0.027380952380952395,-0.08159340659340664,0.0,-0.05011520737327185,0.022237196765498735,-0.013546798029556606,-0.06932773109243695,-0.025000000000000022,-0.016666666666666663,-0.049107142857142794,-0.02179176755447937,-0.03512880562060883,-0.024193548387096753,-0.0647321428571428,0.006493506493506551,-0.014778325123152636,-0.03805620608899296,-0.006578947368421018,-0.06156716417910452,0.0,-0.02781030444964866,0.006818181818181834,-0.007518796992481147,-0.032201405152224805,-0.005952380952380876,0.0061688311688312125,-0.015873015873015872,-0.03373015873015872,-0.03512880562060883,-0.0736607142857143,-0.026331719128329267,-0.007832080200501246,-0.026331719128329267,0.014550264550264591,-0.009398496240601406,-0.0649350649350649,-0.006265664160400919,0.019204851752021634,-0.023607748184019395,-0.03456221198156678,-0.06764069264069261,-0.014162561576354649,-0.03373015873015872,0.009920634920634941,-0.046875,-0.02857142857142858,0.007467532467532512,-0.02857142857142858,-0.0518433179723502,-0.03456221198156678,-0.02927400468384067,-0.030737704918032793,-0.016009852216748777,0.006818181818181834,0.013888888888888895,-0.016625615763546764,0.0,-0.042410714285714246,-0.047619047619047616,-0.02781030444964866,-0.008620689655172403,-0.029761904761904767,-0.014527845036319653,0.011243386243386277,-0.05863539445628996,-0.010467980295566504,-0.03794642857142855,-0.024882903981264637,-0.03214285714285714,-0.01231527093596052,0.008441558441558417,-0.03708791208791207,-0.013546798029556606,0.006493506493506551,-0.038018433179723476,-0.05133928571428564,-0.059523809523809534,-0.01108374384236449,-0.0040726817042606445,-0.027380952380952395,-0.029963680387409264,0.008441558441558417
0.027380952380952395,1.0,0.009887005649717562,0.0,-0.07450980392156858,0.06153846153846154,0.03518518518518521,0.010734463276836137,0.007062146892655385,-0.01874999999999999,0.00508474576271184,0.0048022598870056665,0.00804597701149426,0.012068965517241403,-0.01236559139784943,0.036904761904761885,0.003389830508474606,-0.0461538461538461,0.0,-0.030769230769230715,0.027380952380952395,-0.013978494623655913,0.03962264150943401,0.009770114942528774,-0.02941176470588233,0.0,0.0,-0.016666666666666607,0.004519774011299438,-0.006010928961748596,-0.005376344086021501,-0.02499999999999991,0.013636363636363641,0.012068965517241403,-0.00464480874316936,0.021052631578947434,-0.022636815920398012,0.013095238095238104,-0.003825136612021829,0.025757575757575812,0.013157894736842146,-0.00464480874316936,0.01666666666666672,0.019696969696969685,-0.013492063492063444,-0.006349206349206327,-0.004098360655737682,-0.01458333333333331,0.007062146892655385,0.014912280701754432,0.007627118644067787,0.07962962962962972,0.029824561403508865,-0.06060606060606055,0.026315789473684292,0.057232704402515766,0.011016949152542366,-0.01559139784946234,-0.028787878787878807,0.007471264367816088,-0.0111111111111111,0.025925925925925963,-0.02499999999999991,0.0,0.03939393939393937,0.0,-0.01559139784946234,-0.009677419354838734,-0.007377049180327833,-0.011202185792349661,0.014367816091954033,0.0378787878787879,0.046296296296296335,0.013793103448275945,0.016666666666666663,-0.01770833333333327,-0.01428571428571429,-0.006830601092896127,0.00574712643678163,0.0,0.0036723163841807793,0.02407407407407408,-0.029601990049751226,0.01149425287356326,-0.01874999999999999,-0.004371584699453479,0.0,0.007471264367816088,0.027272727272727282,-0.020512820512820468,0.01091954022988506,0.024242424242424288,-0.009677419354838734,-0.012499999999999956,-0.034848484848484795,0.008620689655172431,0.007017543859649145,0.0,0.007627118644067787,0.025757575757575812
0.019975786924939454,-0.009887005649717562,1.0,-0.0048022598870056665,-0.06954137587238274,0.08670143415906129,0.025109855618330235,0.0,0.0,-0.026483050847457612,0.0,0.0,0.0052600818234950775,0.007013442431326733,-0.0164024056861673,0.02542372881355931,0.0,-0.042242503259452335,-0.005932203389830526,-0.039113428943937434,0.02179176755447937,-0.0164024056861673,0.03645666773265116,0.0061367621274108775,-0.060568295114655946,-0.007909604519774016,-0.0053672316384180685,-0.026483050847457612,0.0,-0.011669908307863297,-0.00820120284308365,-0.038400423728813526,0.01479198767334361,0.004967855055523107,-0.009447068630175026,0.01843592030924779,-0.03845180875284593,0.01361985472154964,-0.011114198388441188,0.028351309707241923,0.008325899494498995,-0.011669908307863297,0.008920606601248937,0.012326656394453017,-0.01829432337906911,-0.011837503362927104,-0.006112809113642675,-0.021186440677966045,0.0,0.01070472792149868,0.0,0.058066541117388626,0.012488849241748479,-0.03954802259887008,0.026167112696996786,0.07099456347937327,0.0,-0.03444505194095138,-0.04314329738058553,0.0061367621274108775,-0.02152273338714017,0.02354048964218458,-0.03177966101694912,-0.007062146892655385,0.028351309707241923,-0.007627118644067787,-0.022143247676325806,-0.0164024056861673,-0.010558488469019134,-0.01667129758266178,0.007013442431326733,0.023420647149460738,0.03295668549905839,0.008182349503214503,0.018159806295399483,-0.03177966101694912,-0.024751143395211228,-0.013892747985551512,0.003214494447691424,-0.007062146892655385,0.0,0.020401757689893302,-0.03845180875284593,0.006721215663354763,-0.03177966101694912,-0.011669908307863297,-0.0053672316384180685,0.0052600818234950775,0.03204930662557781,-0.03598435462842242,0.0052600818234950775,0.022187981510015442,-0.015582285401858909,-0.026483050847457612,-0.03595274781715457,0.0035067212156633665,0.008325899494498995,-0.004519774011299438,0.0,0.022187981510015442
0.021428571428571408,0.0,0.0048022598870056665,1.0,-0.07058823529411762,0.025641025641025633,0.029629629629629672,0.007344632768361559,0.0031073446327683774,-0.020833333333333315,0.004237288135593209,0.004237288135593209,0.009770114942528774,0.010344827586206917,-0.01290322580645159,0.02857142857142858,0.0048022598870056665,-0.038461538461538436,0.0,-0.02307692307692305,0.01785714285714285,-0.013440860215053752,0.04842767295597494,0.009770114942528774,-0.03137254901960779,0.0,0.0,-0.019791666666666652,0.0036723163841807793,-0.007923497267759483,-0.009139784946236518,-0.028124999999999956,0.018181818181818216,0.010344827586206917,-0.005737704918032771,0.012280701754386003,-0.02786069651741291,0.022619047619047594,-0.005191256830601065,0.025757575757575812,0.014912280701754432,-0.0054644808743168904,0.01666666666666672,0.022727272727272763,-0.020634920634920673,-0.013492063492063444,-0.005191256830601065,-0.01770833333333327,0.004237288135593209,0.01403508771929829,0.009322033898305104,0.04444444444444451,0.029824561403508865,-0.07121212121212117,0.011403508771929832,0.02421383647798747,0.009322033898305104,-0.00752688172043009,-0.027272727272727282,0.004597701149425315,-0.013492063492063444,0.02407407407407408,-0.01458333333333331,0.0,0.03030303030303033,0.0,-0.013440860215053752,-0.008602150537634357,-0.006830601092896127,-0.008469945355191189,0.010344827586206917,0.03030303030303033,0.03888888888888892,0.010344827586206917,0.01428571428571429,-0.016666666666666607,-0.012698412698412653,-0.006830601092896127,0.00919540229885063,0.0,0.0036723163841807793,0.025925925925925963,-0.029601990049751226,0.00804597701149426,-0.01770833333333327,-0.004098360655737682,0.0,0.009770114942528774,0.013636363636363641,-0.021794871794871717,0.014367816091954033,0.03636363636363643,-0.009677419354838734,-0.015624999999999972,-0.0318181818181818,0.010344827586206917,0.011403508771929832,0.0,0.005932203389830526,0.022727272727272763
0.0850840336134453,0.07450980392156858,0.06954137587238274,0.07058823529411762,1.0,0.10407239819004521,0.0724400871459695,0.06281156530408771,0.05159521435692921,0.01378676470588236,0.04037886340977065,0.035892323030907225,0.045638945233265726,0.045638945233265726,0.027039848197343452,0.07563025210084029,0.035892323030907225,0.016289592760180993,0.04117647058823526,0.016289592760180993,0.06617647058823528,0.029886148007590096,0.08324084350721422,0.043103448275862044,0.0,0.039215686274509776,0.04117647058823526,0.01930147058823528,0.04037886340977065,0.05568948891031822,0.025616698292220075,0.022977941176470618,0.055614973262032075,0.04817444219066935,0.037126325940212146,0.0482456140350877,0.005267778753292318,0.04096638655462184,0.027000964320154308,0.06256684491978609,0.045407636738906076,0.027000964320154308,0.0368937048503612,0.055614973262032075,0.024509803921568596,0.01750700280112044,0.027000964320154308,0.01654411764705882,0.05383848454636092,0.05108359133126933,0.06954137587238274,0.14106753812636164,0.09081527347781215,0.02049910873440286,0.08513931888544896,0.08740288568257493,0.06505483549351937,0.044117647058823484,0.007575757575757569,0.03549695740365111,0.018674136321195134,0.049564270152505446,0.01286764705882354,0.039215686274509776,0.06951871657754011,0.04313725490196074,0.03984819734345352,0.02277039848197343,0.033751205400192885,0.04893924783027964,0.05324543610547666,0.06256684491978609,0.09531590413943358,0.050709939148073035,0.05042016806722688,0.01746323529411764,0.023342670401493903,0.0506268081002893,0.043103448275862044,0.05098039215686273,0.04486540378863407,0.06100217864923746,0.003731343283582045,0.050709939148073035,0.02573529411764708,0.03543876567020249,0.045098039215686225,0.04817444219066935,0.06256684491978609,0.012217194570135759,0.055780933062880345,0.06951871657754011,0.028462998102466774,0.01286764705882354,0.006684491978609625,0.030425963488843827,0.03405572755417957,0.039215686274509776,0.05159521435692921,0.06951871657754011
-0.021978021978021955,-0.06153846153846154,-0.08670143415906129,-0.025641025641025633,-0.10407239819004521,1.0,-0.010683760683760701,-0.07757496740547587,-0.104954367666232,-0.10096153846153838,-0.06160365058670142,-0.06844850065189056,-0.04376657824933683,-0.0477453580901856,-0.06203473945409427,-0.027472527472527486,-0.047913950456323295,-0.1192307692307692,-0.051282051282051266,-0.11153846153846142,-0.0288461538461538,-0.06513647642679898,-0.0061683599419447566,-0.0477453580901856,-0.10859728506787325,-0.07692307692307698,-0.0435897435897436,-0.0757211538461538,-0.047913950456323295,-0.031210592686002514,-0.04342431761786597,-0.06850961538461536,-0.013636363636363641,-0.0477453580901856,-0.05390920554854978,-0.06747638326585681,-0.08610792192881744,-0.01785714285714285,-0.06242118537200503,-0.02517482517482511,-0.030364372469635637,-0.05958385876418659,-0.030364372469635637,-0.012587412587412555,-0.04700854700854698,-0.02686202686202685,-0.03688524590163933,-0.06129807692307687,-0.07073011734028689,-0.033738191632928405,-0.027379400260756165,-0.021367521367521403,-0.025303643724696345,-0.05710955710955709,-0.07253711201079616,-0.013425253991291686,-0.05932203389830509,-0.14888337468982626,-0.09790209790209786,-0.05570291777188324,-0.07722832722832723,-0.01638176638176636,-0.11177884615384609,-0.0692307692307692,-0.02517482517482511,-0.0692307692307692,-0.08374689826302723,-0.08064516129032256,-0.07093316519546022,-0.07377049180327866,-0.049734748010610064,-0.02412587412587408,-0.01638176638176636,-0.051724137931034475,-0.03296703296703296,-0.08653846153846145,-0.08730158730158732,-0.06525851197982341,-0.02984084880636606,-0.041025641025641046,-0.06388526727509775,-0.010683760683760701,-0.08180252583237657,-0.049734748010610064,-0.07932692307692302,-0.06809583858764179,-0.046153846153846156,-0.031830238726790416,-0.0346153846153846,-0.10769230769230764,-0.025862068965517238,-0.01678321678321676,-0.05893300248138955,-0.0757211538461538,-0.09790209790209786,-0.02785145888594162,-0.018556005398110642,-0.03846153846153849,-0.05704041720990871,-0.018881118881118875
-0.016534391534391568,-0.03518518518518521,-0.025109855618330235,-0.029629629629629672,-0.0724400871459695,0.010683760683760701,1.0,-0.03923414940364095,-0.020401757689893302,-0.06944444444444442,-0.02981795354676714,-0.03295668549905839,-0.03575989782886341,-0.03703703703703709,-0.08363201911589002,-0.016534391534391568,-0.04708097928436916,-0.09088319088319091,-0.050000000000000044,-0.10028490028490028,-0.022486772486772555,-0.07168458781362008,0.011530398322851187,-0.033205619412515985,-0.09150326797385622,-0.03703703703703709,-0.02777777777777779,-0.057870370370370405,-0.05492780916509732,-0.04250151791135398,-0.03345280764635605,-0.07233796296296297,-0.006060606060606044,-0.02554278416347383,-0.051001821493624755,-0.01949317738791423,-0.06826976229961307,-0.011904761904761918,-0.04887674559805705,-0.011784511784511786,-0.01851851851851849,-0.038251366120218566,-0.01949317738791423,-0.004713804713804726,-0.029100529100529127,-0.03703703703703706,-0.03400121432908315,-0.06655092592592587,-0.025109855618330235,-0.015594541910331383,-0.037664783427495296,0.0,-0.025341130604288498,-0.05387205387205388,-0.015594541910331383,0.00593990216631729,-0.03609541745134964,-0.031063321385902037,-0.11447811447811451,-0.028097062579821197,-0.06349206349206354,0.0,-0.06655092592592587,-0.03518518518518521,-0.00774410774410772,-0.04444444444444451,-0.08124253285543614,-0.0573476702508961,-0.05737704918032788,-0.04250151791135398,-0.04469987228607919,-0.008417508417508435,0.0,-0.040868454661558085,-0.021164021164021163,-0.08101851851851855,-0.0767195767195768,-0.06162720097146329,-0.01915708812260536,-0.046296296296296335,-0.026679221594475888,0.0,-0.05749032614704258,-0.026819923371647514,-0.06655092592592587,-0.04250151791135398,-0.042592592592592626,-0.02937420178799488,-0.006734006734006759,-0.05327635327635327,-0.026819923371647514,-0.00774410774410772,-0.05973715651135009,-0.060763888888888895,-0.08417508417508418,-0.02298850574712641,-0.016569200779727122,-0.029629629629629672,-0.028248587570621486,-0.005387205387205385
0.018159806295399483,-0.010734463276836137,0.0,-0.007344632768361559,-0.06281156530408771,0.07757496740547587,0.03923414940364095,1.0,0.0,-0.0410487288135592,0.0,0.0,0.007013442431326733,0.009059029807130359,-0.02132312739201747,0.024515738498789352,0.0,-0.0625814863102998,-0.007062146892655385,-0.04537157757496735,0.02542372881355931,-0.02460360852925092,0.053725615606012245,0.008474576271186474,-0.05608175473579263,-0.009039548022598876,-0.0053672316384180685,-0.026483050847457612,0.0,-0.01000277854959708,-0.010661563696008736,-0.03575211864406774,0.013559322033898313,0.007013442431326733,-0.01222561822728535,0.02140945584299736,-0.040475588160890474,0.018159806295399483,-0.013337038066129459,0.0394453004622497,0.011894142134998564,-0.011114198388441188,0.013678263455248307,0.012326656394453017,-0.01721818670971209,-0.009685230024213065,-0.007224228952486783,-0.02383474576271183,0.0,0.01129943502824865,0.0,0.05963590709353428,0.01665179898899799,-0.04494093477144323,0.020814748736247446,0.05948193156379933,0.0,-0.0328048113723346,-0.052131484334874134,0.007305669199298648,-0.02797955340328223,0.037664783427495296,-0.04237288135593209,-0.008757062146892647,0.0394453004622497,-0.007627118644067787,-0.030344450519409483,-0.02460360852925092,-0.018338427340927943,-0.022228396776882375,0.008474576271186474,0.03821263482280435,0.05492780916509732,0.008766803039158444,0.023607748184019395,-0.038400423728813526,-0.029055690072639195,-0.021116976938038268,0.004383401519579222,-0.007909604519774016,0.0,0.025109855618330235,-0.04249936756893502,0.007597895967270618,-0.03045550847457623,-0.013337038066129459,-0.0053672316384180685,0.005552308591466992,0.03328197226502316,-0.039113428943937434,0.005552308591466992,0.02958397534668722,-0.018042646254784023,-0.02913135593220334,-0.052131484334874134,0.004967855055523107,0.010110020814748766,-0.00508474576271184,0.0,0.01972265023112485
0.01543583535108961,-0.007062146892655385,0.0,-0.0031073446327683774,-0.05159521435692921,0.104954367666232,0.020401757689893302,0.0,1.0,-0.0410487288135592,0.0,0.0,0.006721215663354763,0.007013442431326733,-0.0164024056861673,0.018159806295399483,0.0,-0.04537157757496735,-0.00508474576271184,-0.04537157757496735,0.02179176755447937,-0.01722252597047569,0.03837543971858015,0.007305669199298648,-0.06281156530408771,-0.008757062146892647,-0.0053672316384180685,-0.02515889830508472,0.0,-0.005557099194220594,-0.015582285401858909,-0.03045550847457623,0.022187981510015442,0.005844535359438963,-0.01000277854959708,0.0225988700564973,-0.04654692638502406,0.016343825665859568,-0.013337038066129459,0.030816640986132515,0.011894142134998564,-0.011669908307863297,0.013083556348498393,0.020955315870570146,-0.013989776701641116,-0.015065913370998107,-0.00833564879133089,-0.022510593220338937,0.0,0.012488849241748479,0.0,0.04708097928436916,0.008325899494498995,-0.028762198253723642,0.026167112696996786,0.07866965142308935,0.0,-0.0418261344997265,-0.04673857216230093,0.008766803039158444,-0.031207963411353234,0.03923414940364095,-0.04369703389830504,-0.008192090395480245,0.030816640986132515,-0.008192090395480245,-0.022963367960634196,-0.022143247676325806,-0.012781328146707405,-0.014448457904973566,0.007597895967270618,0.02588597842835133,0.03609541745134964,0.008182349503214503,0.022699757869249382,-0.03442796610169485,-0.030131826741996215,-0.011669908307863297,0.005552308591466992,-0.005649717514124297,0.0,0.02981795354676714,-0.040475588160890474,0.007890122735242588,-0.027807203389830504,-0.01222561822728535,-0.0053672316384180685,0.004675628287551192,0.04067796610169494,-0.05162972620599737,0.004675628287551192,0.020955315870570146,-0.0164024056861673,-0.03045550847457623,-0.04853620955315868,0.004383401519579222,0.01070472792149868,-0.0053672316384180685,0.0,0.024653312788906034
0.03794642857142855,0.01874999999999999,0.026483050847457612,0.020833333333333315,-0.01378676470588236,0.10096153846153838,0.06944444444444442,0.0410487288135592,0.0410487288135592,1.0,0.05826271186440668,0.052966101694915224,0.04364224137931033,0.04202586206896547,0.015120967741935443,0.044642857142857095,0.038400423728813526,-0.0076923076923077205,0.020833333333333315,-0.007932692307692335,0.05357142857142849,0.016633064516129004,0.08755896226415094,0.05657327586206884,-0.0376838235294118,0.04062499999999991,0.027083333333333293,0.0,0.038400423728813526,0.012295081967213128,0.015120967741935443,0.0,0.06136363636363634,0.048491379310344807,0.02305327868852458,0.0652412280701754,-0.017490671641791078,0.0736607142857143,0.027663934426229497,0.07926136363636355,0.053728070175438625,0.02612704918032782,0.0652412280701754,0.06136363636363634,0.004464285714285698,0.005208333333333315,0.019211065573770503,0.0,0.026483050847457612,0.05180921052631582,0.02383474576271183,0.05497685185185186,0.038377192982456176,-0.008049242424242431,0.04413377192982454,0.0778301886792453,0.033103813559322015,0.014112903225806439,-0.016098484848484862,0.06465517241379315,0.009920634920634885,0.09259259259259256,0.0,0.02916666666666662,0.07414772727272723,0.02916666666666662,0.015120967741935443,0.016633064516129004,0.025358606557377095,0.018442622950819665,0.04202586206896547,0.07414772727272723,0.07523148148148145,0.046875,0.0647321428571428,0.0,0.007440476190476164,0.018442622950819665,0.05010775862068956,0.022916666666666585,0.037076271186440635,0.06365740740740738,-0.022388059701492602,0.048491379310344807,0.0,0.019211065573770503,0.02604166666666663,0.037176724137930994,0.0690340909090909,-0.008413461538461564,0.038793103448275856,0.07670454545454547,0.014616935483870941,0.0,-0.02083333333333348,0.04525862068965514,0.04221491228070173,0.022916666666666585,0.03177966101694912,0.051136363636363646
0.016343825665859568,-0.00508474576271184,0.0,-0.004237288135593209,-0.04037886340977065,0.06160365058670142,0.02981795354676714,0.0,0.0,-0.05826271186440668,1.0,0.0,0.006721215663354763,0.005844535359438963,-0.022143247676325806,0.017251815980629526,0.0,-0.040677966101694885,-0.00508474576271184,-0.040677966101694885,0.023607748184019395,-0.02460360852925092,0.03837543971858015,0.010227936879018129,-0.0807577268195413,-0.011864406779661052,-0.005649717514124297,-0.033103813559322015,0.0,-0.01000277854959708,-0.0164024056861673,-0.027807203389830504,0.02588597842835133,0.007305669199298648,-0.01222561822728535,0.017246506095747904,-0.05261826460915758,0.022699757869249382,-0.01667129758266178,0.030816640986132515,0.013678263455248307,-0.018338427340927943,0.02022004162949753,0.02588597842835133,-0.0161420500403551,-0.02259887005649719,-0.011114198388441188,-0.02383474576271183,0.0,0.014272970561998222,0.0,0.02981795354676714,0.01129943502824865,-0.023369286081150464,0.014867677668748136,0.04605052766229617,0.0,-0.022963367960634196,-0.055726759116589586,0.012273524254821755,-0.03981705676620928,0.048650345260514816,-0.037076271186440635,-0.007344632768361559,0.030816640986132515,-0.007627118644067787,-0.02132312739201747,-0.022963367960634196,-0.01500416782439562,-0.009447068630175026,0.007597895967270618,0.030816640986132515,0.03138731952291279,0.008766803039158444,0.026331719128329267,-0.045021186440677874,-0.030131826741996215,-0.010558488469019134,0.006428988895382848,-0.0053672316384180685,0.0,0.026679221594475888,-0.0627371616493802,0.006721215663354763,-0.02913135593220334,-0.011669908307863297,-0.007062146892655385,0.005844535359438963,0.030816640986132515,-0.05162972620599737,0.0061367621274108775,0.027118644067796627,-0.020503007107709137,-0.04237288135593209,-0.07190549563430915,0.007013442431326733,0.011894142134998564,-0.00508474576271184,0.0,0.024653312788906034
0.011803874092009697,-0.0048022598870056665,0.0,-0.004237288135593209,-0.035892323030907225,0.06844850065189056,0.03295668549905839,0.0,0.0,-0.052966101694915224,0.0,1.0,0.008474576271186474,0.009059029807130359,-0.023783488244942586,0.019067796610169496,0.0,-0.05006518904823981,-0.008192090395480245,-0.046936114732724854,0.028147699757869238,-0.023783488244942586,0.04988807163415421,0.009351256575102385,-0.06729810568295108,-0.009604519774011333,-0.00508474576271184,-0.03442796610169485,0.0,-0.011114198388441188,-0.018862766539092413,-0.02515889830508472,0.02588597842835133,0.008474576271186474,-0.011114198388441188,0.01843592030924779,-0.05261826460915758,0.023607748184019395,-0.01500416782439562,0.03697996918335911,0.014272970561998222,-0.013337038066129459,0.015462384775498106,0.022187981510015442,-0.02259887005649719,-0.01721818670971209,-0.01000277854959708,-0.02383474576271183,0.0,0.016057091882248076,0.0,0.03138731952291279,0.01129943502824865,-0.023369286081150464,0.014867677668748136,0.04413175567636718,0.0,-0.023783488244942586,-0.05392912172573183,0.010520163646990155,-0.04304546677428034,0.053358443188951776,-0.04369703389830504,-0.008757062146892647,0.0394453004622497,-0.007627118644067787,-0.022963367960634196,-0.031164570803717817,-0.017782717421505834,-0.01500416782439562,0.008766803039158444,0.03451463790446846,0.037664783427495296,0.007305669199298648,0.028147699757869238,-0.04369703389830504,-0.0322841000807102,-0.013337038066129459,0.006428988895382848,-0.00508474576271184,0.0,0.028248587570621486,-0.058689602833291166,0.005844535359438963,-0.03045550847457623,-0.01222561822728535,-0.0064971751412429835,0.0061367621274108775,0.03204930662557781,-0.05162972620599737,0.004675628287551192,0.027118644067796627,-0.018042646254784023,-0.03575211864406774,-0.06471494607087824,0.0061367621274108775,0.010110020814748766,-0.004519774011299438,0.0,0.02588597842835133
0.012931034482758619,-0.00804597701149426,-0.0052600818234950775,-0.009770114942528774,-0.045638945233265726,0.04376657824933683,0.03575989782886341,-0.007013442431326733,-0.006721215663354763,-0.04364224137931033,-0.006721215663354763,-0.008474576271186474,1.0,0.0,-0.0400444938820913,0.012931034482758619,-0.011104617182933985,-0.042705570291777184,-0.018965517241379404,-0.06312997347480098,0.016625615763546764,-0.03448275862068961,0.04391672088484061,0.0,-0.055780933062880345,-0.013793103448275945,-0.00804597701149426,-0.051724137931034475,-0.0096434833430743,-0.01695873374788015,-0.01890989988876529,-0.03556034482758619,0.02068965517241378,0.0,-0.02119841718485016,0.006957047791893545,-0.07642820380854354,0.015394088669950734,-0.0245901639344262,0.025391849529780575,0.008166969147005487,-0.01695873374788015,0.007864488808227488,0.019749216300940453,-0.023262178434592218,-0.027367268746579132,-0.02119841718485016,-0.046875,-0.006428988895382848,0.008469449485783487,-0.004967855055523107,0.020434227330779042,0.005747126436781658,-0.0376175548589342,0.005444646098003603,0.030904359141184168,-0.004383401519579222,-0.023359288097886566,-0.05851619644723094,0.0,-0.05336617405582922,0.048531289910600295,-0.05657327586206884,-0.02298850574712652,0.028213166144200663,-0.019540229885057547,-0.030033370411568394,-0.03893214682981083,-0.0186546071226682,-0.014414923685698133,0.0,0.02163009404388716,0.016602809706257993,0.0,0.014162561576354649,-0.030711206896551713,-0.049261083743842415,-0.01695873374788015,0.0,-0.013793103448275945,-0.007597895967270618,0.02937420178799488,-0.0602161605764282,0.0,-0.03394396551724138,-0.019502543810062167,-0.02011494252873569,0.0,0.023510971786833867,-0.0519893899204244,0.0,0.02163009404388716,-0.030033370411568394,-0.03556034482758619,-0.05642633228840127,0.0,0.005444646098003603,-0.012643678160919603,-0.005844535359438963,0.026332288401253956
0.012931034482758619,-0.012068965517241403,-0.007013442431326733,-0.010344827586206917,-0.045638945233265726,0.0477453580901856,0.03703703703703709,-0.009059029807130359,-0.007013442431326733,-0.04202586206896547,-0.005844535359438963,-0.009059029807130359,0.0,1.0,-0.04338153503893216,0.016625615763546764,-0.010520163646990155,-0.06312997347480098,-0.024137931034482807,-0.06127320954907167,0.02155172413793105,-0.03225806451612906,0.05042290175666897,0.0,-0.050709939148073035,-0.013218390804597746,-0.006896551724137973,-0.037176724137930994,-0.0096434833430743,-0.01695873374788015,-0.017797552836484987,-0.03394396551724138,0.019749216300940453,0.0,-0.015262860373092157,0.007562008469449488,-0.0486361296963459,0.014162561576354649,-0.02035048049745619,0.027272727272727226,0.007562008469449488,-0.011871113623516089,0.006352087114337601,0.013166144200626978,-0.023262178434592218,-0.015051997810618528,-0.01695873374788015,-0.03394396551724138,-0.007597895967270618,0.007562008469449488,-0.005552308591466992,0.024265644955300147,0.007864488808227488,-0.04806687565308254,0.007562008469449488,0.03578399479505534,-0.007597895967270618,-0.025583982202447175,-0.06060606060606061,0.0,-0.04105090311986864,0.040868454661558085,-0.05334051724137934,-0.022413793103448265,0.034796238244514055,-0.01839080459770126,-0.03559510567296997,-0.04115684093437155,-0.026286037309214194,-0.019502543810062167,0.0,0.023510971786833867,0.02937420178799488,0.0,0.017241379310344807,-0.03556034482758619,-0.0451559934318555,-0.0186546071226682,0.0,-0.012643678160919603,-0.006428988895382848,0.02937420178799488,-0.06484817292846118,0.0,-0.030711206896551713,-0.017806670435274174,-0.012068965517241403,0.0,0.024451410658307193,-0.04641909814323608,0.0,0.018808777429467072,-0.027808676307007785,-0.027478448275862044,-0.04806687565308254,0.0,0.003932244404113744,-0.01091954022988506,-0.006721215663354763,0.02068965517241378
0.038018433179723476,0.01236559139784943,0.0164024056861673,0.01290322580645159,-0.027039848197343452,0.06203473945409427,0.08363201911589002,0.02132312739201747,0.0164024056861673,-0.015120967741935443,0.022143247676325806,0.023783488244942586,0.0400444938820913,0.04338153503893216,1.0,0.044930875576036866,0.02624384909786759,-0.0253101736972704,0.01774193548387093,-0.027543424317617804,0.06394009216589858,0.0,0.08764455264759585,0.030033370411568394,-0.03700189753320682,0.014516129032258018,0.006989247311827956,-0.01209677419354832,0.03444505194095138,0.006345848757271344,0.0,-0.01209677419354832,0.05542521994134897,0.0311457174638487,0.006610259122157625,0.03537068477645727,-0.027684159845931644,0.04665898617511516,0.007139079851930186,0.06158357771261003,0.03820033955857388,0.0042305658381808775,0.03820033955857388,0.03489736070381233,-0.00332821300563238,-0.004352278545826926,0.006610259122157625,-0.01209677419354832,0.019682886823400803,0.03678551216751558,0.01722252597047569,0.04540023894862605,0.031126202603282416,-0.02346041055718473,0.031126202603282416,0.06573341448569697,0.018042646254784023,0.0,-0.03421309872922784,0.030033370411568394,-0.008192524321556593,0.08124253285543614,-0.017641129032258007,0.018279569892473035,0.07390029325513203,0.019892473118279574,0.0,0.0,0.007667900581702858,0.005552617662612391,0.04338153503893216,0.05542521994134897,0.05017921146953408,0.03448275862068961,0.048387096774193505,-0.011088709677419317,-0.009216589861751112,0.005817028027498672,0.017797552836484987,0.013440860215053752,0.018042646254784023,0.05017921146953408,-0.0288878189696678,0.02447163515016687,-0.011592741935483819,0.006345848757271344,0.013440860215053752,0.025583982202447175,0.04516129032258065,-0.017866004962779125,0.027808676307007785,0.04516129032258065,0.0,-0.009072580645161255,-0.02346041055718473,0.02224694104560626,0.021222410865874397,0.011827956989247268,0.018862766539092413,0.04516129032258065
0.0,-0.036904761904761885,-0.02542372881355931,-0.02857142857142858,-0.07563025210084029,0.027472527472527486,0.016534391534391568,-0.024515738498789352,-0.018159806295399483,-0.044642857142857095,-0.017251815980629526,-0.019067796610169496,-0.012931034482758619,-0.016625615763546764,-0.044930875576036866,1.0,-0.017251815980629526,-0.08901098901098892,-0.033333333333333326,-0.0692307692307692,0.0,-0.05875576036866359,0.02526954177897578,-0.01231527093596052,-0.05357142857142855,-0.02380952380952378,-0.010714285714285704,-0.042410714285714246,-0.023607748184019395,-0.030737704918032793,-0.019009216589861738,-0.049107142857142794,0.005519480519480535,-0.017857142857142794,-0.036592505854800894,-0.006892230576441061,-0.05277185501066095,0.0,-0.026346604215456648,0.008116883116883133,-0.006578947368421018,-0.02927400468384067,-0.006265664160400919,0.005519480519480535,-0.025793650793650813,-0.02976190476190474,-0.032201405152224805,-0.0558035714285714,-0.023607748184019395,-0.007832080200501246,-0.024515738498789352,0.015873015873015928,-0.010964912280701733,-0.08116883116883111,-0.006578947368421018,0.019204851752021634,-0.033595641646489094,-0.036290322580645185,-0.07575757575757575,-0.013546798029556606,-0.03968253968253965,0.014550264550264591,-0.060267857142857095,-0.030952380952380953,0.00779220779220785,-0.0357142857142857,-0.05357142857142849,-0.038018433179723476,-0.04537470725995307,-0.04830210772833721,-0.016625615763546764,0.009415584415584433,0.016534391534391568,-0.018472906403940836,0.0,-0.044642857142857095,-0.037698412698412676,-0.032201405152224805,-0.00615763546798026,-0.02857142857142858,-0.01543583535108961,0.008597883597883604,-0.05863539445628996,-0.009852216748768461,-0.0357142857142857,-0.020491803278688492,-0.02857142857142858,-0.01231527093596052,0.005519480519480535,-0.03708791208791207,-0.011699507389162533,0.005519480519480535,-0.038018433179723476,-0.0401785714285714,-0.0649350649350649,-0.009236453201970418,-0.0037593984962405735,-0.01785714285714285,-0.022699757869249382,0.0061688311688312125
0.017251815980629526,-0.003389830508474606,0.0,-0.0048022598870056665,-0.035892323030907225,0.047913950456323295,0.04708097928436916,0.0,0.0,-0.038400423728813526,0.0,0.0,0.011104617182933985,0.010520163646990155,-0.02624384909786759,0.017251815980629526,1.0,-0.0438070404172099,-0.011581920903954823,-0.05006518904823981,0.029055690072639306,-0.02624384909786759,0.05756315957787028,0.010227936879018129,-0.05383848454636092,-0.006779661016949212,-0.004237288135593209,-0.03575211864406774,0.0,-0.013337038066129459,-0.01722252597047569,-0.03045550847457623,0.03204930662557781,0.008474576271186474,-0.013337038066129459,0.011894142134998564,-0.05059448520111309,0.02179176755447937,-0.01500416782439562,0.04067796610169494,0.015462384775498106,-0.012781328146707405,0.016057091882248076,0.01972265023112485,-0.01937046004842613,-0.0161420500403551,-0.010558488469019134,-0.033103813559322015,0.0,0.013083556348498393,0.0,0.020401757689893302,0.013678263455248307,-0.026964560862865916,0.010110020814748766,0.030700351774864132,0.0,-0.015582285401858909,-0.04853620955315868,0.007305669199298648,-0.03443637341942418,0.048650345260514816,-0.038400423728813526,-0.009887005649717562,0.03204930662557781,-0.008192090395480245,-0.019682886823400803,-0.0328048113723346,-0.015559877743817674,-0.01000277854959708,0.009059029807130359,0.03697996918335911,0.034526051475204045,0.006428988895382848,0.03087167070217922,-0.03177966101694912,-0.03874092009685226,-0.013337038066129459,0.004967855055523107,-0.006214689265536755,0.0,0.03609541745134964,-0.05059448520111309,0.0061367621274108775,-0.03045550847457623,-0.011114198388441188,-0.006779661016949212,0.0061367621274108775,0.02958397534668722,-0.039113428943937434,0.0061367621274108775,0.023420647149460738,-0.018042646254784023,-0.03045550847457623,-0.050333846944016436,0.005844535359438963,0.010110020814748766,-0.0048022598870056665,0.0,0.027118644067796627
0.07170329670329662,0.0461538461538461,0.042242503259452335,0.038461538461538436,-0.016289592760180993,0.1192307692307692,0.09088319088319091,0.0625814863102998,0.04537157757496735,0.0076923076923077205,0.040677966101694885,0.05006518904823981,0.042705570291777184,0.06312997347480098,0.0253101736972704,0.08901098901098892,0.0438070404172099,1.0,0.038461538461538436,0.0,0.07664835164835154,0.026799007444168632,0.11843251088534112,0.0482758620689655,-0.014253393665158376,0.03461538461538455,0.01410256410256408,0.0043269230769230616,0.0438070404172099,0.017150063051702358,0.0126550868486352,0.005769230769230804,0.05034965034965033,0.0649867374005304,0.028247162673392223,0.0734143049932523,-0.006888633754305401,0.04697802197802192,0.022194199243379564,0.08671328671328665,0.05614035087719299,0.020176544766708715,0.04534412955465589,0.04195804195804198,0.007326007326007328,0.006837606837606841,0.023203026481715017,0.006490384615384592,0.046936114732724854,0.05614035087719299,0.048500651890482305,0.1034188034188035,0.07989203778677456,-0.006993006993006978,0.05614035087719299,0.10101596516690853,0.07040417209908734,0.023821339950372222,-0.007459207459207473,0.050132625994694924,0.01172161172161168,0.07521367521367522,0.008894230769230793,0.043589743589743435,0.10069930069930066,0.041025641025640935,0.03200992555831261,0.02605459057071957,0.045397225725094636,0.04438839848675913,0.0724137931034482,0.10629370629370627,0.11595441595441591,0.06127320954907167,0.06675824175824169,0.006490384615384592,0.012698412698412653,0.02925598991172762,0.04084880636604776,0.03205128205128205,0.034419817470664915,0.0626780626780627,-0.011940298507462699,0.04641909814323608,0.004567307692307676,0.023203026481715017,0.021794871794871717,0.03527851458885939,0.07832167832167836,0.0,0.038992042440318286,0.06993006993006995,0.01712158808933001,0.005288461538461575,-0.007459207459207473,0.038992042440318286,0.025910931174089075,0.026923076923076883,0.048500651890482305,0.05874125874125874
0.027380952380952395,0.0,0.005932203389830526,0.0,-0.04117647058823526,0.051282051282051266,0.050000000000000044,0.007062146892655385,0.00508474576271184,-0.020833333333333315,0.00508474576271184,0.008192090395480245,0.018965517241379404,0.024137931034482807,-0.01774193548387093,0.033333333333333326,0.011581920903954823,-0.038461538461538436,1.0,-0.04230769230769227,0.040476190476190554,-0.017204301075268713,0.06163522012578626,0.014942528735632177,-0.03137254901960779,0.0,0.0,-0.02604166666666663,0.009322033898305104,-0.006284153005464421,-0.00752688172043009,-0.023958333333333248,0.03181818181818186,0.01839080459770126,-0.0054644808743168904,0.01754385964912286,-0.045273631840796025,0.02380952380952378,-0.006010928961748596,0.03939393939393937,0.023684210526315863,-0.00491803278688524,0.019298245614035148,0.024242424242424288,-0.01428571428571429,-0.009523809523809518,-0.006284153005464421,-0.020833333333333315,0.005649717514124297,0.022807017543859665,0.005932203389830526,0.033333333333333326,0.02192982456140352,-0.033333333333333326,0.018421052631579005,0.037421383647798845,0.007909604519774016,-0.009139784946236518,-0.03636363636363632,0.013218390804597746,-0.0222222222222222,0.06111111111111123,-0.03020833333333328,0.0,0.046969696969696995,0.0,-0.016129032258064502,-0.021505376344086002,-0.009016393442622839,-0.006557377049180246,0.019540229885057547,0.050000000000000044,0.03888888888888892,0.012643678160919603,0.033333333333333326,-0.01770833333333327,-0.02380952380952378,-0.006284153005464421,0.007471264367816088,0.0,0.006779661016949212,0.046296296296296335,-0.05049751243781092,0.01149425287356326,-0.02499999999999991,-0.0054644808743168904,0.0,0.012643678160919603,0.0378787878787879,-0.033333333333333326,0.01091954022988506,0.028787878787878807,-0.013978494623655913,-0.015624999999999972,-0.037878787878787845,0.012643678160919603,0.012280701754386003,0.0,0.005649717514124297,0.04090909090909095
0.08159340659340664,0.030769230769230715,0.039113428943937434,0.02307692307692305,-0.016289592760180993,0.11153846153846142,0.10028490028490028,0.04537157757496735,0.04537157757496735,0.007932692307692335,0.040677966101694885,0.046936114732724854,0.06312997347480098,0.06127320954907167,0.027543424317617804,0.0692307692307692,0.05006518904823981,0.0,0.04230769230769227,1.0,0.08901098901098892,0.0253101736972704,0.11146589259796807,0.050132625994694924,-0.016289592760180993,0.03205128205128205,0.02307692307692305,0.008894230769230793,0.06571056062581482,0.023203026481715017,0.016377171215880892,0.006250000000000033,0.06153846153846154,0.0649867374005304,0.030264817150063072,0.07989203778677456,-0.014236509758897897,0.04450549450549446,0.02522068095838592,0.0727272727272727,0.07125506072874499,0.02522068095838592,0.05182186234817815,0.0727272727272727,0.007326007326007328,0.00879120879120876,0.028247162673392223,0.008653846153846123,0.05945241199478479,0.08205128205128209,0.046936114732724854,0.07834757834757838,0.05182186234817815,-0.004662004662004671,0.05614035087719299,0.09404934687953553,0.042242503259452335,0.0208436724565757,-0.006993006993006978,0.0557029177718833,0.014163614163614113,0.09401709401709402,0.008173076923076894,0.0461538461538461,0.10069930069930066,0.04487179487179471,0.029032258064516037,0.027543424317617804,0.03732660781841102,0.027238335435056715,0.08726790450928379,0.08391608391608396,0.08461538461538459,0.05384615384615382,0.07664835164835154,0.006009615384615419,0.019536019536019467,0.027238335435056715,0.04456233421750666,0.033333333333333326,0.042242503259452335,0.08461538461538459,-0.011940298507462699,0.04084880636604776,0.005288461538461575,0.021185372005044112,0.041025641025640935,0.0519893899204244,0.10629370629370627,0.0,0.04641909814323608,0.06993006993006995,0.019354838709677413,0.006009615384615419,-0.007226107226107281,0.04456233421750666,0.028070175438596495,0.033333333333333326,0.054758800521512274,0.10069930069930066
