0,1,2,3,4,5,6,7,8,9,10,11,12,13,14,15,16,17,18,19,20,21,22,23,24,25,26,27,28,29,30,31,32,33,34,35,36,37,38,39,40,41,42,43,44,45,46,47,48,49,50,51,52,53,54,55,56,57,58,59,60,61,62,63,64,65,66,67,68,69,70,71,72,73,74,75,76,77,78,79,80,81,82,83,84,85,86,87,88,89,90,91,92,93,94,95,96,97,98,99
1.0,-0.034526051475204045,-0.02826510721247566,-0.018832391713747648,-0.03703703703703709,-0.0319284802043423,0.00524109014675056,-0.026819923371647514,-0.005387205387205385,-0.003703703703703709,-0.03138731952291279,-0.052083333333333315,-0.020434227330779042,0.020697167755991286,0.01851851851851849,0.01638176638176636,-0.01364522417153996,-0.008080808080808077,0.01282051282051283,-0.050000000000000044,-0.006060606060606044,-0.023809523809523808,-0.04250151791135398,-0.02171136653895278,-0.013888888888888895,-0.03400121432908315,-0.01949317738791423,-0.020401757689893302,-0.011243386243386277,-0.0203703703703704,-0.05017921146953408,-0.01322751322751331,-0.047619047619047616,-0.06944444444444442,-0.029629629629629672,0.031111111111111145,-0.014619883040935644,0.01851851851851849,0.020786092214663626,0.008547008547008517,-0.05256869772998807,-0.03609541745134964,-0.043874643874643904,-0.0658119658119658,-0.005387205387205385,-0.017543859649122806,-0.036126290224650914,-0.01949317738791423,0.022875816993464027,0.019607843137254888,-0.05021971123666047,-0.020467836257309913,0.0,-0.008597883597883604,0.004542278127183802,-0.02981795354676714,-0.04462659380692169,0.0,-0.026679221594475888,-0.042328042328042326,-0.05256869772998807,-0.03138731952291279,-0.03400121432908315,-0.024265644955300147,-0.01851851851851849,0.029629629629629617,0.009259259259259245,-0.005387205387205385,-0.005723905723905742,-0.028097062579821197,-0.028248587570621486,-0.044973544973545,-0.031481481481481555,0.018896447467876026,-0.033333333333333326,-0.020434227330779042,-0.015594541910331383,-0.004377104377104396,-0.02554278416347383,-0.02981795354676714,0.013071895424836583,-0.027625986642380085,-0.06651017214397498,-0.031063321385902037,-0.038251366120218566,-0.023894862604540046,-0.028248587570621486,-0.017879948914431704,0.0,-0.007662835249042141,-0.016569200779727122,0.022222222222222254,0.025462962962962937,0.0,-0.007936507936507964,-0.062126642771804075,-0.025109855618330235,-0.013888888888888895,-0.04462659380692169,0.015669515669515632
0.034526051475204045,1.0,0.013678263455248307,0.0,-0.009604519774011333,0.006721215663354763,0.04796929964822516,0.01198129748684984,0.027118644067796627,0.01479198767334361,0.0,-0.02913135593220334,0.004383401519579222,0.03456297773346631,0.03190428713858423,0.06616688396349407,0.014272970561998222,0.0357473035439137,0.05704041720990871,-0.0064971751412429835,0.024653312788906034,-0.029055690072639195,-0.014448457904973566,0.0052600818234950775,0.019975786924939454,-0.012781328146707405,0.013678263455248307,0.0,0.024515738498789352,-0.004237288135593209,-0.018862766539092413,0.018159806295399483,-0.02152273338714017,-0.03045550847457623,-0.00508474576271184,0.07016949152542373,0.012488849241748479,0.03190428713858423,0.044967139398132155,0.027379400260756165,-0.0164024056861673,0.0,-0.03285528031290741,-0.03754889178617993,0.023420647149460738,0.007731192387749053,-0.007224228952486783,0.01070472792149868,0.03190428713858423,0.04253904951811238,0.0,0.017246506095747904,0.03295668549905839,0.032687651331719136,0.04796929964822516,0.0,-0.01667129758266178,0.040803515379786603,0.0,-0.01829432337906911,-0.018042646254784023,0.0,-0.011114198388441188,0.0061367621274108775,0.008920606601248937,0.04271186440677968,0.03422425032594528,0.028351309707241923,0.0357473035439137,0.009059029807130359,0.0,-0.029055690072639195,-0.007344632768361559,0.0415081286751989,-0.004519774011299438,0.005844535359438963,0.01070472792149868,0.01479198767334361,0.0061367621274108775,0.0,0.06912595546693262,-0.008891358710752917,-0.07448078300310335,-0.020503007107709137,-0.013892747985551512,-0.014762165117550574,0.0,0.006428988895382848,0.034526051475204045,0.004091174751607252,0.01070472792149868,0.06406779661016954,0.04661016949152541,0.037664783427495296,0.01361985472154964,-0.018042646254784023,0.0,0.010895883777239684,-0.009447068630175026,0.03194263363754887
0.02826510721247566,-0.013678263455248307,1.0,-0.010110020814748766,-0.022807017543859665,-0.010889292196007205,0.026481297583581587,-0.008469449485783487,0.01786283891547047,0.01084529505582138,-0.014272970561998222,-0.04989035087719296,-0.006957047791893545,0.05159958720330238,0.06398348813209487,0.026990553306342757,0.0,0.01275917065390747,0.023616734143049878,-0.023684210526315863,0.015311004784688997,-0.016708437761069367,-0.024158757549611776,-0.0033272837265577726,0.005952380952380876,-0.023008340523439752,0.0,-0.01070472792149868,0.01065162907268169,-0.01754385964912286,-0.016977928692699512,0.004699248120300703,-0.020050125313283235,-0.026864035087719312,-0.00789473684210526,0.05403508771929827,0.0,0.02889576883384931,0.02864303616183314,0.02867746288798917,-0.02688172043010756,-0.013083556348498393,-0.03886639676113357,-0.06045883940620789,0.007655502392344499,0.0,-0.02070750647109576,0.0,0.05572755417956654,0.037151702786377694,-0.019030627415997703,0.0,0.015594541910331383,0.004699248120300703,0.029129427341939795,-0.017841213202497874,-0.03681334483750354,0.02631578947368418,-0.011894142134998564,-0.04177109440267335,-0.028296547821165863,-0.016057091882248076,-0.02876042565429965,-0.006352087114337601,0.0,0.06140350877192985,0.026990553306342757,0.007655502392344499,0.01084529505582138,-0.006049606775559602,-0.014272970561998222,-0.033416875522138734,-0.022807017543859665,0.03437164339419979,-0.012280701754386003,-0.004537205081669715,0.0,0.015311004784688997,-0.005444646098003603,-0.007136485280999111,0.018575851393188847,-0.014955421340235836,-0.058808994316777885,-0.015563101301641208,-0.026459591601955712,-0.012733446519524627,-0.012488849241748479,-0.004839685420447659,0.02631578947368418,-0.005142165759225659,0.0,0.027017543859649135,0.02631578947368421,0.012670565302144249,0.005325814536340845,-0.03820033955857388,-0.010110020814748766,0.007832080200501246,-0.03681334483750354,0.037112010796221284
0.018832391713747648,0.0,0.010110020814748766,1.0,-0.007344632768361559,0.004967855055523107,0.04029421170450914,0.0096434833430743,0.01725731895223423,0.013559322033898313,0.0,-0.01986228813559318,0.0029222676797194813,0.03456297773346631,0.03190428713858423,0.04563233376792697,0.011894142134998564,0.02588597842835133,0.04335071707953064,-0.0048022598870056665,0.023420647149460738,-0.01829432337906911,-0.012781328146707405,0.003798947983635309,0.019067796610169496,-0.007779938871908837,0.008920606601248937,0.0,0.016343825665859568,-0.00254237288135592,-0.018042646254784023,0.011803874092009697,-0.0161420500403551,-0.026483050847457612,-0.003389830508474606,0.04271186440677968,0.013083556348498393,0.037221668328348306,0.027672085783465944,0.018252933507170804,-0.013942044833242184,0.0,-0.01564537157757495,-0.034419817470664915,0.01972265023112485,0.007731192387749053,-0.005557099194220594,0.008325899494498995,0.03456297773346631,0.04253904951811238,0.0,0.012488849241748479,0.037664783427495296,0.03541162227602901,0.03453789574672217,0.0,-0.013337038066129459,0.03923414940364095,0.0,-0.011837503362927104,-0.010661563696008736,0.0,-0.005557099194220594,0.003798947983635309,0.0065417781742491965,0.018305084745762715,0.03422425032594528,0.022187981510015442,0.02588597842835133,0.0061367621274108775,0.0,-0.02367500672585421,-0.006214689265536755,0.027672085783465944,-0.0031073446327683774,0.004383401519579222,0.007136485280999111,0.008628659476117115,0.006721215663354763,0.0,0.037221668328348306,-0.010558488469019134,-0.08021007400334212,-0.013121924548933794,-0.009447068630175026,-0.0164024056861673,0.0,0.005552308591466992,0.028248587570621486,0.003214494447691424,0.012488849241748479,0.05491525423728816,0.03884180790960451,0.03138731952291279,0.008171912832929784,-0.0164024056861673,0.0,0.010895883777239684,-0.00833564879133089,0.03650586701434161
0.03703703703703709,0.009604519774011333,0.022807017543859665,0.007344632768361559,1.0,0.020689655172413834,0.03962264150943401,0.02011494252873569,0.03333333333333338,0.018181818181818216,0.0064971751412429835,-0.02916666666666662,0.00804597701149426,0.03823529411764709,0.052941176470588214,0.0435897435897436,0.02192982456140352,0.03636363636363643,0.04871794871794871,0.0,0.019696969696969685,-0.019841269841269826,-0.005737704918032771,0.014942528735632177,0.02619047619047621,-0.006557377049180246,0.02192982456140352,0.006214689265536755,0.03214285714285714,0.0,-0.009677419354838734,0.01428571428571429,-0.0111111111111111,-0.028124999999999956,0.0,0.08333333333333337,0.027192982456140435,0.01764705882352942,0.04489795918367351,0.033333333333333326,-0.011290322580645162,0.006779661016949212,-0.025641025641025605,-0.03205128205128205,0.03939393939393937,0.013157894736842146,-0.004371584699453479,0.01666666666666672,0.06764705882352945,0.04411764705882354,0.005649717514124297,0.02017543859649129,0.0203703703703704,0.03452380952380951,0.07484276729559769,0.006214689265536755,-0.006557377049180246,0.046296296296296335,0.0036723163841807793,-0.01428571428571429,-0.009139784946236518,0.003954802259887008,-0.00464480874316936,0.00919540229885063,0.01403508771929829,0.050000000000000044,0.03076923076923077,0.028787878787878807,0.0378787878787879,0.012643678160919603,0.004237288135593209,-0.017460317460317454,0.0,0.014965986394557831,0.0,0.009770114942528774,0.021052631578947434,0.025757575757575812,0.01091954022988506,0.0028248587570621486,0.0794117647058824,-0.006284153005464421,-0.08262910798122058,-0.01236559139784943,-0.008469945355191189,-0.008064516129032251,0.007909604519774016,0.015517241379310376,0.04814814814814816,0.00919540229885063,0.014912280701754432,0.04666666666666669,0.03749999999999998,0.03888888888888892,0.013095238095238104,-0.01236559139784943,0.0036723163841807793,0.02380952380952378,-0.007923497267759483,0.046153846153846156
0.0319284802043423,-0.006721215663354763,0.010889292196007205,-0.004967855055523107,-0.020689655172413834,1.0,0.029277813923227092,0.0,0.030094043887147315,0.015047021943573657,-0.007013442431326733,-0.032327586206896575,0.0,0.05206220419202162,0.05679513184584173,0.02785145888594162,0.005444646098003603,0.015047021943573657,0.021883289124668415,-0.017816091954023006,0.02163009404388716,-0.02052545155993432,-0.019502543810062167,0.0,0.009236453201970418,-0.01356698699830411,0.007259528130671489,-0.0061367621274108775,0.018472906403940836,-0.010344827586206917,-0.013348164627363768,0.00615763546798026,-0.017788724685276425,-0.032327586206896575,-0.006896551724137973,0.07172413793103449,0.006654567453115545,0.02366463826910073,0.050668543279380696,0.03381962864721483,-0.023359288097886566,-0.004967855055523107,-0.03156498673740049,-0.042705570291777184,0.019749216300940453,0.006352087114337601,-0.0186546071226682,0.005142165759225659,0.07809330628803246,0.059161595672751865,-0.008474576271186474,0.007562008469449488,0.014048531289910599,0.009852216748768461,0.060182173064411204,-0.010520163646990155,-0.019502543810062167,0.03448275862068967,-0.004383401519579222,-0.028735632183908066,-0.01557285873192435,-0.006428988895382848,-0.022046353872244184,0.0,0.008469449485783487,0.06344827586206897,0.04177718832891242,0.011285266457680243,0.011285266457680243,0.0,-0.007597895967270618,-0.021893814997263283,-0.012068965517241403,0.038001407459535536,-0.008620689655172431,0.0,0.00937689050211743,0.023510971786833867,0.0,-0.002045587375803626,0.033130493576741055,-0.017806670435274174,-0.07576493443419141,-0.014460511679644045,-0.022046353872244184,-0.013348164627363768,-0.008182349503214503,0.0,0.03959131545338446,0.0,0.004537205081669715,0.022068965517241385,0.02873563218390804,0.02171136653895278,0.009852216748768461,-0.026696329254727535,-0.006428988895382848,0.01908866995073888,-0.034765404183154325,0.051724137931034475
-0.00524109014675056,-0.04796929964822516,-0.026481297583581587,-0.04029421170450914,-0.03962264150943401,-0.029277813923227092,1.0,-0.047169811320754707,-0.014408233276157811,-0.010977701543739282,-0.019187719859290076,-0.058372641509434,-0.02765126870527007,0.015538290788013276,0.00813910469848314,0.006894049346879483,-0.02515723270440251,-0.015094339622641562,0.0076197387518141535,-0.04402515723270445,-0.010977701543739282,-0.05690326445043431,-0.056913083823074584,-0.01951854261548472,-0.0181940700808626,-0.02721930095886177,-0.02515723270440251,-0.030700351774864132,-0.027291105121293846,-0.02421383647798747,-0.043822276323797926,-0.017183288409703568,-0.03593890386343221,-0.07134433962264153,-0.03962264150943401,0.021509433962264124,-0.019860973187686204,0.008879023307436146,0.016942626107046554,0.003991291727140744,-0.06025562994522221,-0.03261912376079318,-0.05573294629898404,-0.06618287373004356,-0.010977701543739282,-0.011916583912611745,-0.03464274667491496,-0.026481297583581587,0.0125786163522012,0.01109877913429519,-0.04029421170450914,-0.0344256868586561,-0.01048218029350112,-0.023247978436657768,0.0,-0.04413175567636718,-0.08413238478193641,-0.009783368273934334,-0.02878157978893514,-0.03593890386343221,-0.03834449178332322,-0.03645666773265116,-0.04454067429631925,-0.029277813923227092,-0.019860973187686204,0.013584905660377344,0.007256894049346818,-0.011663807890223032,-0.012349914236706727,-0.03253090435914119,-0.023025263831148085,-0.07786762503743644,-0.04842767295597494,0.02002310358105505,-0.02421383647798747,-0.02277163305139887,-0.02118503806686528,-0.008233276157804476,-0.029277813923227092,-0.03837543971858015,0.0125786163522012,-0.03711722858026603,-0.10523518469306414,-0.06573341448569697,-0.04454067429631925,-0.043822276323797926,-0.030700351774864132,-0.01789199739752767,-0.00593990216631729,-0.01789199739752767,-0.018536908308507127,0.01811320754716983,0.019654088050314433,-0.00524109014675056,-0.011118598382749367,-0.03560559951308584,-0.017268947873361085,-0.017183288409703568,-0.047015156201670294,0.005442670537010141
0.026819923371647514,-0.01198129748684984,0.008469449485783487,-0.0096434833430743,-0.02011494252873569,0.0,0.047169811320754707,1.0,0.023510971786833867,0.012225705329153597,-0.004091174751607252,-0.029094827586206906,0.0,0.04022988505747127,0.030764029749831,0.049734748010610064,0.005444646098003603,0.03385579937304073,0.0477453580901856,-0.014942528735632177,0.017868338557993746,-0.03420908593322386,-0.026286037309214194,0.0,0.012931034482758619,-0.017806670435274174,0.006352087114337601,-0.004383401519579222,0.016009852216748777,-0.006321839080459801,-0.0211345939933259,0.010467980295566504,-0.017788724685276425,-0.038793103448275856,-0.009770114942528774,0.05517241379310345,0.005444646098003603,0.016565246788370527,0.01583391977480647,0.0119363395225464,-0.017797552836484987,-0.007597895967270618,-0.03156498673740049,-0.037135278514588865,0.01598746081504704,0.0024198427102238296,-0.005935556811758044,0.004537205081669715,0.03786342123056119,0.028397565922920864,-0.007597895967270618,0.008469449485783487,0.033205619412515985,0.01908866995073888,0.04066363044892651,-0.005844535359438963,-0.034765404183154325,0.04469987228607919,-0.005844535359438963,-0.02052545155993432,-0.0211345939933259,-0.004383401519579222,-0.01695873374788015,0.0,0.004537205081669715,0.04137931034482761,0.0238726790450928,0.023510971786833867,0.026332288401253956,0.0,-0.004383401519579222,-0.04378762999452657,-0.015517241379310376,0.02216748768472908,-0.01091954022988506,0.0,0.004839685420447659,0.01034482758620689,0.0,-0.0052600818234950775,0.05206220419202162,-0.011023176936122092,-0.07892180670228266,-0.025583982202447175,-0.016110797060486126,-0.016685205784204682,-0.003798947983635309,0.0,0.02554278416347383,0.0,0.0024198427102238296,0.04413793103448277,0.017959770114942514,0.020434227330779042,0.007389162561576318,-0.01890989988876529,-0.0017533606078316832,0.007389162561576318,-0.017806670435274174,0.025862068965517238
0.005387205387205385,-0.027118644067796627,-0.01786283891547047,-0.01725731895223423,-0.03333333333333338,-0.030094043887147315,0.014408233276157811,-0.023510971786833867,1.0,0.0,-0.027118644067796627,-0.04857954545454546,-0.019749216300940453,0.035650623885918,0.03707664884135481,0.011538461538461525,-0.006379585326953735,0.0,0.012587412587412555,-0.045454545454545525,0.0,-0.03463203463203465,-0.04292101341281668,-0.009404388714733536,-0.0035714285714285865,-0.030402384500745172,-0.011483253588516762,-0.02588597842835133,-0.00876623376623381,-0.03030303030303033,-0.030791788856305013,-0.005844155844155874,-0.03001443001443002,-0.03579545454545455,-0.019696969696969685,0.0472727272727273,-0.012121212121212088,0.01568627450980392,0.03339517625231908,0.019930069930069905,-0.03900293255131965,-0.02958397534668722,-0.06153846153846154,-0.05874125874125874,0.0,-0.01084529505582138,-0.03755588673621463,-0.011483253588516762,0.03992869875222815,0.024242424242424232,-0.02958397534668722,-0.01786283891547047,0.0063973063973064015,-0.004545454545454575,0.019210977701543785,-0.04191063174114029,-0.04470938897168403,0.011447811447811485,-0.023420647149460738,-0.05541125541125547,-0.04310850439882702,-0.02958397534668722,-0.05365126676602089,-0.030094043887147315,-0.016586921850079706,0.0472727272727273,0.018881118881118875,0.0,0.0,-0.018808777429467072,-0.03697996918335911,-0.03924963924963926,-0.03636363636363643,0.042300556586270854,-0.027272727272727282,-0.019749216300940453,-0.01786283891547047,0.0,-0.01598746081504704,-0.020955315870570146,0.01711229946524062,-0.028614008941877767,-0.0860435339308579,-0.030791788856305013,-0.04113263785394933,-0.02668621700879764,-0.022187981510015442,-0.019749216300940453,0.009764309764309864,-0.01034482758620689,-0.007655502392344499,0.03090909090909094,0.034469696969696956,0.0050505050505050275,-0.007142857142857173,-0.03900293255131965,-0.020955315870570146,-0.008116883116883133,-0.060804769001490344,0.019930069930069905
0.003703703703703709,-0.01479198767334361,-0.01084529505582138,-0.013559322033898313,-0.018181818181818216,-0.015047021943573657,0.010977701543739282,-0.012225705329153597,0.0,1.0,-0.0357473035439137,-0.07926136363636355,-0.019749216300940453,0.03137254901960784,0.03279857397504454,0.011538461538461525,-0.010207336523125998,0.0,0.00839160839160838,-0.025757575757575812,0.0,-0.04155844155844157,-0.03219076005961252,-0.016927899686520365,-0.006493506493506551,-0.04649776453055138,-0.010207336523125998,-0.02958397534668722,-0.006818181818181834,-0.0378787878787879,-0.028739002932551327,-0.0051948051948051965,-0.046176046176046204,-0.028124999999999983,-0.01666666666666669,0.027272727272727282,-0.008293460925039853,0.028520499108734387,0.0400742115027829,0.026223776223776196,-0.030791788856305013,-0.024653312788906034,-0.06433566433566434,-0.05874125874125874,0.0,-0.007655502392344499,-0.025037257824143067,-0.011483253588516762,0.028520499108734387,0.022816399286987532,-0.011093990755007721,-0.010207336523125998,0.0050505050505050275,-0.0025974025974025983,0.011663807890223032,-0.03204930662557781,-0.03219076005961252,0.006060606060606044,-0.04314329738058553,-0.0692640692640693,-0.05337243401759528,-0.03204930662557781,-0.04113263785394933,-0.02163009404388716,-0.013397129186602852,0.040000000000000036,0.018881118881118875,0.0,0.0,-0.012225705329153597,-0.03328197226502316,-0.05541125541125547,-0.0378787878787879,0.06456400742115032,-0.0378787878787879,-0.024451410658307193,-0.014035087719298234,0.0,-0.011285266457680243,-0.020955315870570146,0.01711229946524062,-0.025037257824143067,-0.05736235595390529,-0.032844574780058644,-0.03755588673621463,-0.04516129032258065,-0.022187981510015442,-0.019749216300940453,0.0050505050505050275,-0.01598746081504704,-0.007017543859649117,0.04181818181818181,0.05833333333333329,0.003703703703703709,-0.004870129870129913,-0.030791788856305013,-0.01725731895223423,-0.005844155844155874,-0.03576751117734722,0.01678321678321676
0.03138731952291279,0.0,0.014272970561998222,0.0,-0.0064971751412429835,0.007013442431326733,0.019187719859290076,0.004091174751607252,0.027118644067796627,0.0357473035439137,1.0,-0.048993644067796494,0.007890122735242588,0.04519774011299438,0.06912595546693262,0.02509778357235984,0.005947071067499282,0.011093990755007721,0.018252933507170804,-0.0053672316384180685,0.028351309707241923,-0.01721818670971209,-0.007224228952486783,0.006721215663354763,0.019067796610169496,-0.018338427340927943,0.009515313707998851,0.0,0.01543583535108961,-0.008192090395480245,-0.013942044833242184,0.011803874092009697,-0.01829432337906911,-0.00794491525423728,-0.0028248587570621486,0.04271186440677968,0.007136485280999111,0.05583250249252242,0.06226219301279834,0.047913950456323295,-0.009021323127392011,0.0,-0.034419817470664915,-0.03754889178617993,0.013559322033898313,0.009515313707998851,-0.009447068630175026,0.0041629497472494975,0.05317381189764042,0.037221668328348306,0.0,0.011894142134998564,0.014124293785310743,0.009987893462469727,0.03261912376079318,0.0,-0.009447068630175026,0.025109855618330235,0.0,-0.03766478342749524,-0.022963367960634196,0.0,-0.017227007502083835,0.008182349503214503,0.015462384775498106,0.08237288135593229,0.03194263363754887,0.012326656394453017,0.012326656394453017,0.003798947983635309,0.0,-0.01721818670971209,-0.006214689265536755,0.06226219301279834,-0.008757062146892647,0.007597895967270618,0.01665179898899799,0.028351309707241923,0.004383401519579222,0.0,0.02658690594882021,-0.006112809113642675,-0.04583432800190973,-0.009841443411700401,-0.011669908307863297,-0.010661563696008736,0.0,0.0052600818234950775,0.03138731952291279,0.0052600818234950775,0.007731192387749053,0.06711864406779666,0.07768361581920902,0.018832391713747648,0.01361985472154964,-0.013942044833242184,0.0,0.017251815980629526,-0.012781328146707405,0.047913950456323295
0.052083333333333315,0.02913135593220334,0.04989035087719296,0.01986228813559318,0.02916666666666662,0.032327586206896575,0.058372641509434,0.029094827586206906,0.04857954545454546,0.07926136363636355,0.048993644067796494,1.0,0.046875,0.08363970588235292,0.08762254901960781,0.05048076923076919,0.05180921052631582,0.040909090909090895,0.04687499999999997,0.01874999999999999,0.06136363636363634,0.006696428571428548,0.014600409836065587,0.05495689655172409,0.058035714285714246,0.03073770491803285,0.04029605263157898,0.03045550847457623,0.046875,0.03541666666666654,0.00655241935483869,0.0357142857142857,0.003720238095238082,0.0,0.015624999999999972,0.07,0.02878289473684212,0.06770833333333331,0.06696428571428573,0.08653846153846145,0.00655241935483869,0.01986228813559318,-0.006250000000000033,-0.006250000000000033,0.03579545454545455,0.021107456140350866,0.01152663934426229,0.02494517543859648,0.07567401960784315,0.051776960784313736,0.01588983050847456,0.03453947368421051,0.03472222222222221,0.044642857142857095,0.04864386792452832,0.02913135593220334,0.016137295081967207,0.05497685185185186,0.027807203389830504,0.00868055555555547,0.016633064516129004,0.03575211864406774,0.024590163934426257,0.04040948275862066,0.04797149122807015,0.10062499999999996,0.043269230769230727,0.053693181818181834,0.053693181818181834,0.025862068965517238,0.027807203389830504,0.007440476190476164,0.023958333333333248,0.1004464285714286,0.033333333333333215,0.04364224137931033,0.05756578947368424,0.07926136363636355,0.019396551724137928,0.02383474576271183,0.08363970588235292,0.009989754098360643,-0.03080985915492962,0.009576612903225812,0.019979508196721285,0.008064516129032251,0.027807203389830504,0.037176724137930994,0.03761574074074073,0.03556034482758619,0.023026315789473673,0.11812500000000004,0.11979166666666663,0.03761574074074073,0.0401785714285714,0.010584677419354815,0.018538135593220317,0.03794642857142855,0.01690573770491799,0.06129807692307687
0.020434227330779042,-0.004383401519579222,0.006957047791893545,-0.0029222676797194813,-0.00804597701149426,0.0,0.02765126870527007,0.0,0.019749216300940453,0.019749216300940453,-0.007890122735242588,-0.046875,1.0,0.05679513184584173,0.061528059499662,0.0238726790450928,0.004537205081669715,0.012225705329153597,0.021883289124668415,-0.01091954022988506,0.018808777429467072,-0.028735632183908066,-0.015262860373092157,0.0,0.009852216748768461,-0.019502543810062167,0.005142165759225659,-0.005552308591466992,0.013546798029556606,-0.017816091954023006,-0.01557285873192435,0.009852216748768461,-0.015051997810618528,-0.019396551724137928,-0.008620689655172431,0.03310344827586206,0.0033272837265577726,0.03549695740365111,0.034834623504574225,0.03381962864721483,-0.014460511679644045,-0.0026300409117475387,-0.037135278514588865,-0.038992042440318286,0.007523510971786829,0.004234724742891743,-0.015262860373092157,0.003932244404113744,0.042596348884381297,0.033130493576741055,-0.004091174751607252,0.005142165759225659,0.017879948914431704,0.005541871921182245,0.03253090435914119,-0.007890122735242588,-0.012719050310910113,0.02298850574712641,-0.008474576271186474,-0.05336617405582922,-0.036707452725250334,-0.012857977790765696,-0.028829847371396267,0.0,0.008166969147005487,0.0744827586206897,0.03381962864721483,0.015047021943573657,0.013166144200626978,0.0,-0.008182349503214503,-0.028735632183908066,-0.012068965517241403,0.0601688951442646,-0.014367816091954033,0.0,0.00907441016333943,0.026332288401253956,0.0,-0.0052600818234950775,0.03549695740365111,-0.005935556811758044,-0.05050995628946092,-0.016685205784204682,-0.014414923685698133,-0.01557285873192435,-0.004675628287551192,0.0,0.016602809706257993,0.0,0.0024198427102238296,0.04965517241379308,0.05747126436781608,0.010217113665389521,0.008004926108374388,-0.0211345939933259,-0.004383401519579222,0.009852216748768461,-0.02119841718485016,0.031830238726790416
-0.020697167755991286,-0.03456297773346631,-0.05159958720330238,-0.03456297773346631,-0.03823529411764709,-0.05206220419202162,-0.015538290788013276,-0.04022988505747127,-0.035650623885918,-0.03137254901960784,-0.04519774011299438,-0.08363970588235292,-0.05679513184584173,1.0,0.0,-0.004147812971342396,-0.037151702786377694,-0.021390374331550777,-0.004524886877828066,-0.061764705882352944,-0.04278074866310155,-0.048552754435107426,-0.08678881388621024,-0.02603110209601081,-0.01750700280112047,-0.04500160720025714,-0.026831785345717257,-0.029245596543702235,-0.03676470588235292,-0.050000000000000044,-0.027830487033523088,-0.021008403361344546,-0.052287581699346414,-0.051776960784313736,-0.02352941176470591,0.005098039215686245,-0.02063983488132093,0.0,0.011204481792717103,-0.006787330316742057,-0.045224541429475046,-0.037221668328348306,-0.059125188536953255,-0.08868778280542983,-0.01568627450980392,-0.037151702786377694,-0.0514304082288653,-0.026831785345717257,0.0,0.0,-0.04519774011299438,-0.045407636738906076,-0.022875816993464027,-0.021008403361344546,-0.010358860525342184,-0.08507809903622476,-0.07071681131468982,-0.02178649237472763,-0.03456297773346631,-0.0784313725490196,-0.05913978494623656,-0.06912595546693262,-0.07071681131468982,-0.06862745098039214,-0.04953560371517024,0.010588235294117676,-0.007918552036199122,-0.025668449197860932,-0.01568627450980392,-0.03549695740365111,-0.06912595546693262,-0.0672268907563025,-0.055882352941176494,0.016006402561024424,-0.04411764705882354,-0.021298174442190648,-0.039215686274509776,-0.03137254901960784,-0.028397565922920864,-0.037221668328348306,0.0,-0.03535840565734491,-0.08285004142502073,-0.045224541429475046,-0.04500160720025714,-0.048703352308665404,-0.04253904951811238,-0.030764029749831,-0.019607843137254888,-0.028397565922920864,-0.02476780185758512,0.007843137254901988,0.020833333333333315,-0.011982570806100212,-0.022759103641456613,-0.06957621758380772,-0.050515121302758426,-0.04376750700280113,-0.09321761491481834,-0.007164404223227783
-0.01851851851851849,-0.03190428713858423,-0.06398348813209487,-0.03190428713858423,-0.052941176470588214,-0.05679513184584173,-0.00813910469848314,-0.030764029749831,-0.03707664884135481,-0.03279857397504454,-0.06912595546693262,-0.08762254901960781,-0.061528059499662,0.0,1.0,-0.002262443438914033,-0.016511867905056765,-0.014260249554367194,-0.0018853695324283631,-0.061764705882352944,-0.04135472370766491,-0.052287581699346414,-0.06428801028608161,-0.033130493576741055,-0.015756302521008403,-0.054644808743169404,-0.02889576883384931,-0.04253904951811238,-0.0490196078431373,-0.06764705882352945,-0.024351676154332702,-0.019257703081232508,-0.05975723622782447,-0.027879901960784312,-0.02352941176470591,0.005490196078431375,-0.02063983488132093,0.0,0.008803521408563414,-0.006787330316742057,-0.031309297912713474,-0.03988035892323033,-0.06757164404223229,-0.08868778280542983,-0.01711229946524062,-0.039215686274509776,-0.057859209257473454,-0.030959752321981393,0.0,0.0,-0.05849119308740447,-0.04953560371517024,-0.014161220043573008,-0.015756302521008403,-0.015538290788013276,-0.07444333665669661,-0.06107360977177756,-0.022875816993464027,-0.047856430707876374,-0.09337068160597572,-0.055660974067046176,-0.07976071784646066,-0.09321761491481834,-0.07809330628803246,-0.061919504643962786,0.013725490196078494,-0.006033182503770773,-0.01568627450980392,-0.01711229946524062,-0.03549695740365111,-0.09837155201063486,-0.048552754435107426,-0.07058823529411767,0.01680672268907568,-0.04705882352941182,-0.02603110209601081,-0.061919504643962786,-0.04420677361853831,-0.02366463826910073,-0.03190428713858423,0.0,-0.03535840565734491,-0.08285004142502073,-0.045224541429475046,-0.06107360977177756,-0.048703352308665404,-0.03190428713858423,-0.04022988505747127,-0.022875816993464027,-0.030764029749831,-0.02889576883384931,0.005882352941176505,0.017156862745098034,-0.009803921568627444,-0.019257703081232508,-0.05913978494623656,-0.04253904951811238,-0.04376750700280113,-0.09000321440051429,-0.007164404223227783
-0.01638176638176636,-0.06616688396349407,-0.026990553306342757,-0.04563233376792697,-0.0435897435897436,-0.02785145888594162,-0.006894049346879483,-0.049734748010610064,-0.011538461538461525,-0.011538461538461525,-0.02509778357235984,-0.05048076923076919,-0.0238726790450928,0.004147812971342396,0.002262443438914033,1.0,-0.04048582995951411,-0.03146853146853146,0.0,-0.03846153846153849,-0.012587412587412555,-0.07722832722832723,-0.06242118537200503,-0.03779840848806365,-0.020604395604395642,-0.0510718789407314,-0.03205128205128199,-0.03422425032594528,-0.01785714285714285,-0.03589743589743588,-0.08995037220843666,-0.0357142857142857,-0.10409035409035411,-0.08293269230769224,-0.05641025641025643,0.012307692307692353,-0.020242914979757054,0.0075414781297134525,0.020015698587127206,0.0,-0.0682382133995037,-0.047913950456323295,-0.09230769230769226,-0.08461538461538459,-0.013636363636363641,-0.025303643724696345,-0.045397225725094525,-0.026990553306342757,0.0026395173453997167,0.004524886877828066,-0.05475880052151233,-0.030364372469635637,-0.013532763532763503,-0.023351648351648324,-0.003991291727140744,-0.02053455019556716,-0.06525851197982341,-0.007122507122507088,-0.03422425032594528,-0.0537240537240537,-0.05583126550868489,-0.03194263363754887,-0.04255989911727617,-0.02785145888594162,-0.016869095816464202,0.008461538461538493,0.0,-0.018881118881118875,-0.02517482517482511,-0.05570291777188324,-0.015971316818774436,-0.09065934065934061,-0.0641025641025641,0.015306122448979609,-0.03076923076923077,-0.03580901856763924,-0.015182186234817818,-0.009440559440559437,-0.049734748010610064,-0.06160365058670142,0.0075414781297134525,-0.045397225725094525,-0.1029252437703142,-0.07133995037220842,-0.03688524590163933,-0.06203473945409427,-0.02509778357235984,-0.025862068965517238,-0.007122507122507088,-0.031830238726790416,-0.037112010796221284,0.013076923076923153,0.02403846153846151,-0.014957264957264904,-0.030219780219780223,-0.0682382133995037,-0.03194263363754887,-0.012362637362637374,-0.0255359394703657,0.0
0.01364522417153996,-0.014272970561998222,0.0,-0.011894142134998564,-0.02192982456140352,-0.005444646098003603,0.02515723270440251,-0.005444646098003603,0.006379585326953735,0.010207336523125998,-0.005947071067499282,-0.05180921052631582,-0.004537205081669715,0.037151702786377694,0.016511867905056765,0.04048582995951411,1.0,0.01594896331738438,0.04385964912280699,-0.013157894736842146,0.01084529505582138,-0.05680868838763575,-0.032211676732815664,-0.010284331518451317,0.005639097744360888,-0.02876042565429965,0.0,-0.014272970561998222,0.005012531328320802,-0.018421052631579005,-0.028296547821165863,0.005952380952380876,-0.04010025062656647,-0.05756578947368424,-0.023684210526315863,0.03929824561403511,0.0,0.02889576883384931,0.05442176870748294,0.030364372469635637,-0.029711375212224167,-0.007136485280999111,-0.04534412955465589,-0.03454790823211876,0.012121212121212088,0.0,-0.01840667241875177,0.0,0.02063983488132093,0.02063983488132093,-0.005947071067499282,0.0,0.01851851851851849,0.007832080200501246,0.02383316782522349,-0.008325899494498995,-0.016105838366407832,0.010721247563352826,-0.007136485280999111,-0.02172096908939017,-0.028296547821165863,-0.0065417781742491965,-0.012654587287891872,-0.0036297640653357444,0.0,0.009824561403508777,0.030364372469635637,0.014673046251993616,0.017224880382775087,-0.006049606775559602,-0.0041629497472494975,-0.046783625730994205,-0.01666666666666672,0.040100250626566414,-0.018421052631579005,-0.006049606775559602,0.0,0.01275917065390747,-0.004537205081669715,-0.010110020814748766,0.06398348813209487,-0.02761000862812768,-0.0795651099579936,-0.03820033955857388,-0.034512510785159656,-0.029711375212224167,-0.013083556348498393,-0.006352087114337601,0.005847953216374269,-0.007259528130671489,0.0,0.05403508771929827,0.049342105263157854,0.017543859649122806,0.005012531328320802,-0.02688172043010756,-0.009515313707998851,0.004699248120300703,-0.017256255392579828,0.015182186234817818
0.008080808080808077,-0.0357473035439137,-0.01275917065390747,-0.02588597842835133,-0.03636363636363643,-0.015047021943573657,0.015094339622641562,-0.03385579937304073,0.0,0.0,-0.011093990755007721,-0.040909090909090895,-0.012225705329153597,0.021390374331550777,0.014260249554367194,0.03146853146853146,-0.01594896331738438,1.0,0.0346153846153846,-0.034848484848484906,0.0,-0.0692640692640693,-0.06259314456035758,-0.02068965517241378,-0.004220779220779208,-0.03755588673621463,-0.019138755980861233,-0.022187981510015442,-0.005844155844155874,-0.022727272727272763,-0.05131964809384165,-0.007467532467532512,-0.05541125541125547,-0.08181818181818179,-0.045454545454545525,0.034545454545454546,-0.012121212121212088,0.012834224598930466,0.01558441558441559,0.007342657342657322,-0.04105571847507333,-0.03328197226502316,-0.053146853146853135,-0.05034965034965033,0.0,-0.007655502392344499,-0.026825633383010444,-0.015311004784688997,0.012834224598930466,0.014260249554367194,-0.02588597842835133,-0.015311004784688997,0.008754208754208792,-0.007467532467532512,0.011663807890223032,-0.018489984591679554,-0.05901639344262288,0.007070707070707061,-0.01972265023112485,-0.03001443001443002,-0.04310850439882702,-0.016024653312788906,-0.03576751117734722,-0.016927899686520365,-0.008931419457735235,0.02181818181818182,0.00839160839160838,0.0,0.0,-0.03667711598746082,-0.011093990755007721,-0.07849927849927851,-0.04090909090909095,0.02003710575139145,-0.019696969696969685,-0.015047021943573657,-0.009569377990430616,0.0,-0.011285266457680243,-0.024653312788906034,0.03707664884135481,-0.026825633383010444,-0.09014084507042258,-0.05542521994134897,-0.03576751117734722,-0.030791788856305013,-0.013559322033898313,-0.014106583072100332,0.005387205387205385,-0.006583072100313489,-0.007655502392344499,0.02909090909090911,0.018560606060606055,0.0050505050505050275,-0.0051948051948051965,-0.032844574780058644,-0.009861325115562425,-0.004870129870129913,-0.025037257824143067,0.009440559440559437
-0.01282051282051283,-0.05704041720990871,-0.023616734143049878,-0.04335071707953064,-0.04871794871794871,-0.021883289124668415,-0.0076197387518141535,-0.0477453580901856,-0.012587412587412555,-0.00839160839160838,-0.018252933507170804,-0.04687499999999997,-0.021883289124668415,0.004524886877828066,0.0018853695324283631,0.0,-0.04385964912280699,-0.0346153846153846,1.0,-0.0435897435897436,-0.010489510489510467,-0.08730158730158732,-0.07093316519546022,-0.039787798408488007,-0.021978021978021955,-0.0510718789407314,-0.042172739541160575,-0.04563233376792697,-0.023351648351648324,-0.025641025641025633,-0.06203473945409427,-0.03296703296703296,-0.07051282051282048,-0.1262019230769229,-0.07692307692307698,0.014615384615384641,-0.030364372469635637,0.0037707390648567263,0.007064364207221369,0.0,-0.06203473945409427,-0.047913950456323295,-0.05384615384615382,-0.04615384615384613,-0.01573426573426573,-0.013495276653171379,-0.03972257250945771,-0.03205128205128199,0.0026395173453997167,0.0033936651583710287,-0.03422425032594528,-0.033738191632928405,-0.01851851851851849,-0.03296703296703296,-0.004716981132075443,-0.02053455019556716,-0.06525851197982341,-0.009259259259259245,-0.02509778357235984,-0.02686202686202685,-0.0496277915632754,-0.02053455019556716,-0.034047919293820894,-0.02984084880636606,-0.016869095816464202,0.006153846153846176,0.0,-0.02412587412587408,-0.0346153846153846,-0.06167108753315653,-0.015971316818774436,-0.11080586080586075,-0.05641025641025643,0.011773940345368938,-0.03589743589743588,-0.031830238726790416,-0.015182186234817818,-0.010489510489510467,-0.021883289124668415,-0.052477183833116,0.010558069381598867,-0.05390920554854978,-0.09777898158179849,-0.08684863523573194,-0.0510718789407314,-0.06203473945409427,-0.03422425032594528,-0.0238726790450928,-0.007834757834757816,-0.02984084880636606,-0.020242914979757054,0.008461538461538493,0.01762820512820512,-0.007834757834757816,-0.019230769230769218,-0.0248138957816377,-0.011408083441981742,-0.01785714285714285,-0.02837326607818408,0.0
0.050000000000000044,0.0064971751412429835,0.023684210526315863,0.0048022598870056665,0.0,0.017816091954023006,0.04402515723270445,0.014942528735632177,0.045454545454545525,0.025757575757575812,0.0053672316384180685,-0.01874999999999999,0.01091954022988506,0.061764705882352944,0.061764705882352944,0.03846153846153849,0.013157894736842146,0.034848484848484906,0.0435897435897436,1.0,0.0378787878787879,-0.013492063492063444,-0.007650273224043658,0.010344827586206917,0.020238095238095277,-0.005191256830601065,0.022807017543859665,0.0048022598870056665,0.03214285714285714,0.0,-0.008602150537634357,0.020238095238095277,-0.010317460317460336,-0.02499999999999991,0.0,0.08666666666666667,0.01666666666666672,0.03235294117647061,0.014965986394557831,0.028205128205128216,-0.011290322580645162,0.0064971751412429835,-0.01794871794871794,-0.030769230769230715,0.03030303030303033,0.01754385964912286,-0.004098360655737682,0.018421052631579005,0.07058823529411767,0.06764705882352945,0.008474576271186418,0.026315789473684292,0.046296296296296335,0.020238095238095277,0.057232704402515766,0.007909604519774016,-0.007377049180327833,0.05555555555555558,0.0053672316384180685,-0.013492063492063444,-0.013440860215053752,0.0048022598870056665,-0.00491803278688524,0.01149425287356326,0.019298245614035148,0.06,0.04871794871794871,0.027272727272727282,0.027272727272727282,0.015517241379310376,0.008192090395480245,-0.01428571428571429,0.0,0.03741496598639457,0.0,0.008620689655172431,0.024561403508772006,0.03181818181818186,0.010344827586206917,0.0048022598870056665,0.06470588235294122,-0.004098360655737682,-0.04389671361502345,-0.006989247311827956,-0.006830601092896127,-0.004838709677419367,0.0048022598870056665,0.012068965517241403,0.06666666666666665,0.005172413793103459,0.014912280701754432,0.04666666666666669,0.033333333333333354,0.022222222222222254,0.01428571428571429,-0.010752688172043001,0.004519774011299438,0.03214285714285714,-0.008196721311475363,0.0641025641025641
