0,1,2,3,4,5,6,7,8,9,10,11,12,13,14,15,16,17,18,19,20,21,22,23,24,25,26,27,28,29,30,31,32,33,34,35,36,37,38,39,40,41,42,43,44,45,46,47,48,49,50,51,52,53,54,55,56,57,58,59,60,61,62,63,64,65,66,67,68,69,70,71,72,73,74,75,76,77,78,79,80,81,82,83,84,85,86,87,88,89,90,91,92,93,94,95,96,97,98,99
1.0,0.0,0.10228166797797011,-0.036856368563685626,0.030487804878048808,0.011257035647279534,0.0,0.050174216027874585,0.0,0.0,-0.05176704828272771,-0.07463414634146343,-0.04981837052413074,-0.015882019285309135,-0.04359107420861441,0.0,0.015404364569961526,-0.07469512195121952,0.0,0.06436314363143636,0.0,-0.017016449234259767,-0.03035230352303525,0.050174216027874585,0.009756097560975674,-0.026016260162601612,-0.017344173441734417,-0.008672086720867209,0.008536585365853666,-0.0046457607433217085,-0.04241781548250262,-0.008130081300812997,0.01925545571245188,-0.017016449234259767,-0.010209869540555888,-0.013303769401330351,-0.013303769401330351,-0.028022833419823534,0.007504690431519717,0.004268292682926833,0.0,0.015009380863039434,-0.02384823848238482,-0.0046457607433217085,0.0030487804878048946,-0.01829268292682923,-0.047784967645594784,-0.041192411924119265,-0.02382302892796373,-0.012478729438457181,-0.011614401858304257,-0.07024390243902434,0.01036585365853665,-0.026016260162601612,0.018457481872116016,0.02503209242618748,-0.07167745146839222,0.007504690431519717,-0.008710801393728151,0.0,-0.03035230352303525,-0.05691056910569103,-0.007549361207897787,-0.04979674796747968,0.007317073170731769,-0.047784967645594784,-0.014966740576496662,0.027100271002710064,0.015820698747528034,-0.02818428184281846,-0.008710801393728151,-0.014747589336358502,-0.020419739081111776,-0.005226480836236919,0.013550135501355032,-0.03976670201484617,-0.016629711751662946,0.005487804878048785,-0.026016260162601612,-0.014747589336358502,-0.023281596452328135,0.03387533875338758,-0.009340944473274507,0.01925545571245188,-0.009977827050997756,0.0,0.013478818998716308,-0.007941009642654567,0.006707317073170793,0.006097560975609789,0.007317073170731769,0.012195121951219579,0.027100271002710064,-0.037115588547189826,0.015404364569961526,-0.009075439591605228,-0.016629711751662946,-0.013613159387407814,0.04746209624258402,-0.04380288700846188
0.0,1.0,0.18095987411487024,-0.04986449864498643,0.06436314363143636,0.025015634771732354,0.0,0.1045296167247387,0.0,0.0,-0.07565953210552512,-0.07463414634146343,-0.052932018681888904,-0.018150879183210455,-0.04047742605085625,0.0,0.03658536585365857,-0.07469512195121952,0.0,0.01693766937669379,0.0,-0.013613159387407814,-0.03035230352303525,0.050174216027874585,0.009146341463414698,-0.045528455284552904,-0.04336043360433606,-0.03252032520325199,0.00792682926829269,-0.012775842044134622,-0.05302226935312826,-0.011614401858304257,0.03273427471116819,-0.020419739081111776,-0.013613159387407814,-0.029933481152993324,-0.026607538802660702,-0.05604566683964707,0.016260162601625994,0.006707317073170793,0.0,0.015009380863039434,-0.039024390243902474,-0.008130081300812997,0.005487804878048785,-0.02494456762749442,-0.08760577401692377,-0.019512195121951237,-0.018150879183210455,-0.020419739081111776,-0.005807200929152129,-0.14048780487804868,0.009146341463414698,-0.05636856368563692,0.050098879367172056,0.0423620025673942,-0.10751617720258833,0.025015634771732354,-0.009291521486643417,0.0,-0.02818428184281846,-0.06758130081300812,-0.010452961672473837,-0.06046747967479671,0.00792682926829269,-0.05973120955699346,-0.023281596452328135,0.04742547425474258,0.044825313117996035,-0.045528455284552904,-0.005807200929152129,-0.013613159387407814,-0.015882019285309135,-0.009291521486643417,0.03387533875338758,-0.04506892895015907,-0.023281596452328135,0.012195121951219579,-0.041192411924119265,-0.02268859897901304,-0.023281596452328135,0.030487804878048808,-0.03736377789309803,0.01925545571245188,-0.03159645232815966,0.0,0.026957637997432615,-0.015882019285309135,0.01097560975609757,0.01097560975609757,0.004268292682926833,0.004878048780487837,0.04403794037940384,-0.037115588547189826,0.02888318356867786,-0.013613159387407814,-0.02494456762749442,-0.012478729438457181,0.02636783124588002,-0.06371329019412636
-0.10228166797797011,-0.18095987411487024,1.0,-0.14050179211469538,-0.08960573476702505,-0.1389578163771712,-0.07081038552321006,-0.07004608294930881,-0.1652242328874901,-0.08654602675059014,-0.17774851876234365,-0.1961290322580645,-0.13177762525737818,-0.09002250562640662,-0.0988332189430336,-0.0786782061369001,-0.06536502546689305,-0.1713709677419355,-0.07081038552321006,-0.03584229390681001,-0.06294256490952008,-0.09902475618904732,-0.11039426523297496,-0.036866359447004615,-0.11612903225806448,-0.1806451612903226,-0.11039426523297496,-0.11039426523297496,-0.07983870967741935,-0.11827956989247312,-0.14726507713884995,-0.09293394777265745,-0.05348047538200337,-0.09902475618904732,-0.09902475618904732,-0.16202346041055726,-0.11436950146627567,-0.14275909402882636,-0.06617038875103393,-0.07258064516129031,-0.07081038552321006,-0.07940446650124072,-0.13046594982078857,-0.09293394777265745,-0.05080645161290323,-0.06671554252199413,-0.11849901250822908,-0.0802867383512545,-0.18004501125281325,-0.11702925731432862,-0.07603686635944698,-0.24516129032258066,-0.05080645161290323,-0.14050179211469538,-0.10985178727114209,-0.1366723259762309,-0.1895984200131665,-0.1389578163771712,-0.13517665130568357,-0.055074744295830064,-0.1806451612903226,-0.1713709677419355,-0.11827956989247312,-0.10282258064516128,-0.05806451612903224,-0.10664911125740617,-0.07624633431085043,-0.03584229390681001,-0.04184829991281605,-0.10035842293906813,-0.07603686635944698,-0.09902475618904732,-0.08102025506376595,-0.14362519201228885,-0.05376344086021506,-0.1893408134642356,-0.09530791788856305,-0.12338709677419357,-0.12043010752688177,-0.09002250562640662,-0.11436950146627567,-0.02688172043010753,-0.07687028140013727,-0.05942275042444822,-0.16202346041055726,-0.06294256490952008,-0.06536502546689305,-0.0720180045011253,-0.09435483870967742,-0.1088709677419355,-0.02903225806451612,-0.043548387096774194,-0.04928315412186379,-0.11570827489481067,-0.05942275042444822,-0.09902475618904732,-0.09530791788856305,-0.0720180045011253,-0.052310374891020084,-0.14219881500987494
0.036856368563685626,0.04986449864498643,0.14050179211469538,1.0,0.08333333333333337,0.058119658119658135,0.034688346883468835,0.0888888888888889,0.036856368563685626,0.03035230352303525,-0.029024943310657525,-0.03999999999999998,-0.01323877068557916,0.01653746770025838,-0.016075650118203277,0.039024390243902474,0.057309941520467866,-0.018055555555555547,0.03252032520325199,0.050000000000000044,0.041192411924119265,0.012403100775193798,0.0,0.0761904761904762,0.041666666666666685,0.0,0.0,0.0,0.050000000000000044,0.025396825396825418,-0.011594202898550732,0.026984126984127,0.06959064327485381,0.013436692506459957,0.012403100775193798,0.004040404040404066,0.006565656565656608,-0.011347517730496415,0.03076923076923077,0.025000000000000022,0.03252032520325199,0.041025641025641046,0.0,0.023809523809523836,0.025000000000000022,0.007575757575757569,-0.029024943310657525,0.0,0.010335917312661508,0.012403100775193798,0.022222222222222254,-0.053333333333333344,0.03611111111111115,0.0,0.07687687687687689,0.07368421052631585,-0.03265306122448974,0.034188034188034205,0.03492063492063502,0.026016260162601612,0.0,-0.018055555555555547,0.026984126984127,-0.018055555555555547,0.03333333333333338,-0.03083900226757369,0.007070707070707116,0.03888888888888892,0.04804804804804805,0.0,0.025396825396825418,0.014470284237726116,0.00826873385012919,0.023809523809523836,0.04444444444444448,-0.011111111111111072,0.008585858585858586,0.058333333333333404,0.0,0.013436692506459957,0.008080808080808133,0.016666666666666677,-0.01323877068557916,0.04093567251461991,0.008585858585858586,0.02384823848238482,0.06959064327485381,0.013436692506459957,0.03888888888888892,0.03888888888888892,0.025000000000000022,0.041666666666666685,0.06111111111111117,-0.00724637681159418,0.0491228070175439,0.013436692506459957,0.006565656565656608,0.006201550387596899,0.038438438438438444,-0.019954648526077062
-0.030487804878048808,-0.06436314363143636,0.08960573476702505,-0.08333333333333337,1.0,-0.05555555555555569,-0.020325203252032548,0.01031746031746028,-0.07113821138211385,-0.06775067750677516,-0.11054421768707484,-0.09333333333333338,-0.05200945626477543,-0.02260981912144705,-0.03900709219858156,-0.02371273712737129,-0.01900584795321636,-0.08333333333333337,-0.01693766937669379,0.0,-0.01693766937669379,-0.07687338501291996,-0.033333333333333354,0.012698412698412653,-0.04444444444444445,-0.08888888888888896,-0.04444444444444448,-0.0722222222222223,-0.04722222222222222,-0.04365079365079366,-0.06038647342995171,-0.03174603174603177,-0.008771929824561403,-0.03617571059431529,-0.05426356589147291,-0.08585858585858591,-0.0757575757575758,-0.06501182033096928,-0.027777777777777846,-0.03888888888888892,-0.030487804878048808,-0.023504273504273532,-0.03888888888888892,-0.03968253968253971,-0.025000000000000022,-0.025252525252525262,-0.03684807256235828,-0.04444444444444448,-0.08139534883720939,-0.04974160206718353,-0.015873015873015886,-0.10111111111111115,-0.005555555555555557,-0.10555555555555562,-0.01951951951951958,-0.032163742690058506,-0.08106575963718823,-0.03418803418803423,-0.08333333333333337,-0.030487804878048808,-0.0944444444444445,-0.06250000000000003,-0.035714285714285726,-0.03472222222222224,-0.011111111111111113,-0.0515873015873016,-0.05555555555555558,0.0,-0.00375375375375378,-0.04444444444444448,-0.015873015873015886,-0.05878552971576234,-0.018087855297157646,-0.07936507936507942,0.0,-0.11473429951690828,-0.050505050505050525,-0.04444444444444445,-0.050000000000000044,-0.02260981912144705,-0.08080808080808083,0.0,-0.07151300236406621,-0.016081871345029253,-0.09595959595959602,-0.030487804878048808,-0.02777777777777779,-0.05426356589147291,-0.05277777777777781,-0.05555555555555558,-0.016666666666666663,-0.030555555555555558,0.0,-0.04830917874396137,-0.017543859649122806,-0.06330749354005172,-0.07070707070707072,-0.05426356589147291,-0.012012012012012074,-0.1252834467120182
-0.011257035647279534,-0.025015634771732354,0.1389578163771712,-0.058119658119658135,0.05555555555555569,1.0,-0.007504690431519717,0.043956043956043966,-0.03001876172607887,-0.03001876172607887,-0.08895866038723182,-0.11846153846153845,-0.05673758865248224,-0.019081693500298175,-0.02618657937806873,-0.01751094434021261,0.009446693657220007,-0.05288461538461539,-0.006253908692933088,0.021367521367521403,-0.010006253908692947,-0.04531902206320809,-0.034188034188034205,0.046886446886446886,-0.013461538461538414,-0.06837606837606841,-0.03076923076923077,-0.06153846153846154,-0.008974358974358942,-0.021978021978021955,-0.054626532887402435,-0.025641025641025605,0.009446693657220007,-0.019081693500298175,-0.035778175313059046,-0.04953379953379955,-0.040792540792540743,-0.07855973813420614,0.0,-0.012179487179487136,-0.016260162601625994,0.0,-0.04444444444444445,-0.025641025641025605,-0.007051282051282026,-0.029137529137529122,-0.0575614861329147,-0.04786324786324786,-0.05485986881335725,-0.035778175313059046,-0.012820512820512803,-0.10717948717948717,-0.0032051282051281937,-0.06153846153846154,0.04019404019404016,0.020242914979757165,-0.05232862375719516,0.0,-0.042124542124542086,-0.016260162601625994,-0.06837606837606841,-0.07211538461538458,-0.02380952380952378,-0.024038461538461536,-0.002564102564102555,-0.0575614861329147,-0.03496503496503495,0.010683760683760701,0.008316008316008316,-0.02393162393162393,-0.009157509157509153,-0.023852116875372698,-0.014311270125223624,-0.032967032967032905,0.03632478632478636,-0.08584169453734669,-0.03496503496503495,-0.010897435897435859,-0.051282051282051266,-0.023852116875372698,-0.040792540792540743,0.021367521367521403,-0.0654664484451718,0.009446693657220007,-0.05244755244755239,-0.016260162601625994,0.011470985155195679,-0.035778175313059046,-0.008974358974358942,-0.012820512820512775,-0.0038461538461538325,-0.009615384615384581,0.03632478632478636,-0.04682274247491641,0.007422402159244279,-0.03816338700059635,-0.046620046620046596,-0.042933810375670844,0.019404019404019424,-0.08372579801151225
0.0,0.0,0.07081038552321006,-0.034688346883468835,0.020325203252032548,0.007504690431519717,1.0,0.07108013937282232,0.0,0.0,-0.04380288700846188,-0.06146341463414634,-0.03736377789309803,-0.017016449234259767,-0.052932018681888904,0.0,0.02310654685494229,-0.07469512195121952,0.0,0.05758807588075887,0.0,-0.010209869540555888,-0.036856368563685626,0.037630662020905925,0.0036585365853658847,-0.034688346883468835,-0.041192411924119265,-0.02818428184281846,0.008536585365853666,-0.006968641114982521,-0.02651113467656413,-0.010452961672473837,0.026957637997432615,-0.017016449234259767,-0.010209869540555888,-0.02161862527716185,-0.023281596452328135,-0.04047742605085625,0.007504690431519717,0.004268292682926833,0.0,0.008755472170106304,-0.034688346883468835,-0.009872241579558627,0.007317073170731769,-0.03159645232815966,-0.07565953210552512,-0.02384823848238482,-0.015882019285309135,-0.019285309132161088,-0.009291521486643417,-0.09219512195121954,0.0128048780487805,-0.034688346883468835,0.021094264996704026,0.02310654685494229,-0.11149825783972123,0.015009380863039434,-0.0023228803716608543,0.0,-0.02384823848238482,-0.0533536585365853,-0.007549361207897787,-0.06046747967479671,0.008536585365853666,-0.06769537083125932,-0.029933481152993324,0.03726287262872635,0.03691496374423203,-0.04986449864498643,-0.012775842044134622,-0.018150879183210455,-0.017016449234259767,-0.006387921022067311,0.030487804878048808,-0.037115588547189826,-0.03325942350332589,0.009756097560975674,-0.034688346883468835,-0.017016449234259767,-0.023281596452328135,0.027100271002710064,-0.04359107420861441,0.013478818998716308,-0.026607538802660702,0.0,0.01732991014120669,-0.012478729438457181,0.008536585365853666,0.007317073170731769,0.0036585365853658847,0.0030487804878048946,0.013550135501355032,-0.03976670201484617,0.015404364569961526,-0.018150879183210455,-0.02494456762749442,-0.013613159387407814,0.02636783124588002,-0.07565953210552512
-0.050174216027874585,-0.1045296167247387,0.07004608294930881,-0.0888888888888889,-0.01031746031746028,-0.043956043956043966,-0.07108013937282232,1.0,-0.07526132404181185,-0.029268292682926828,-0.1224489795918367,-0.09428571428571428,-0.11671732522796352,-0.07441860465116279,-0.08024316109422491,-0.06271777003484325,-0.03834586466165413,-0.18571428571428572,-0.050174216027874585,-0.0071428571428571175,-0.04599303135888505,-0.05847176079734223,-0.0888888888888889,0.0,-0.04999999999999999,-0.10793650793650794,-0.11428571428571432,-0.10793650793650794,-0.0357142857142857,-0.0761904761904762,-0.09565217391304348,-0.08571428571428569,-0.024812030075187952,-0.06910299003322262,-0.07441860465116279,-0.07597402597402597,-0.0701298701298701,-0.08753799392097261,-0.014652014652014655,-0.014285714285714277,-0.050174216027874585,-0.02637362637362639,-0.10793650793650794,-0.0714285714285714,-0.03214285714285714,-0.07597402597402597,-0.13877551020408163,-0.05079365079365081,-0.0903654485049834,-0.0637873754152824,-0.06190476190476191,-0.22285714285714286,-0.04999999999999999,-0.10158730158730161,-0.021621621621621623,-0.03834586466165413,-0.22857142857142854,-0.05274725274725278,-0.05238095238095236,-0.037630662020905925,-0.0761904761904762,-0.13154761904761902,-0.0714285714285714,-0.10833333333333334,-0.024999999999999994,-0.11428571428571427,-0.04675324675324674,-0.006349206349206327,-0.021621621621621623,-0.13333333333333336,-0.05238095238095236,-0.07441860465116279,-0.05847176079734223,-0.06666666666666665,-0.0071428571428571175,-0.10248447204968941,-0.0701298701298701,-0.057142857142857106,-0.10158730158730161,-0.08504983388704324,-0.07597402597402597,-0.005555555555555536,-0.05106382978723403,-0.020300751879699236,-0.09350649350649348,-0.029268292682926828,-0.024812030075187952,-0.06910299003322262,-0.03214285714285714,-0.04642857142857143,-0.01785714285714285,-0.010714285714285704,-0.005555555555555536,-0.08198757763975156,-0.027067669172932296,-0.05847176079734223,-0.06428571428571428,-0.05315614617940201,-0.013899613899613916,-0.08163265306122447
0.0,0.0,0.1652242328874901,-0.036856368563685626,0.07113821138211385,0.03001876172607887,0.0,0.07526132404181185,1.0,0.0,-0.08362369337979092,-0.11414634146341462,-0.03736377789309803,-0.015882019285309135,-0.04670472236637252,0.0,0.02503209242618748,-0.05691056910569103,0.0,0.03387533875338758,0.0,-0.018150879183210455,-0.02818428184281846,0.06271777003484325,0.0128048780487805,-0.05636856368563692,-0.045528455284552904,-0.039024390243902474,0.00792682926829269,-0.009872241579558627,-0.03976670201484617,-0.008130081300812997,0.026957637997432615,-0.013613159387407814,-0.019285309132161088,-0.04490022172949004,-0.029933481152993324,-0.06538661131292162,0.01751094434021261,0.009756097560975674,0.0,0.01751094434021261,-0.045528455284552904,-0.009872241579558627,0.01036585365853665,-0.02494456762749442,-0.06769537083125932,-0.02384823848238482,-0.020419739081111776,-0.020419739081111776,-0.0034843205574912606,-0.08341463414634148,0.004878048780487837,-0.039024390243902474,0.06591957811470006,0.05776636713735572,-0.05176704828272771,0.0337711069418386,-0.012195121951219523,0.0,-0.052032520325203224,-0.06402439024390244,-0.008710801393728151,-0.04979674796747968,0.006707317073170793,-0.07167745146839222,-0.014966740576496662,0.03387533875338758,0.018457481872116016,-0.02168021680216803,-0.009291521486643417,-0.007941009642654567,-0.00567214974475326,-0.010452961672473837,0.060975609756097615,-0.05832449628844105,-0.02494456762749442,0.013414634146341586,-0.03252032520325199,-0.012478729438457181,-0.026607538802660702,0.030487804878048808,-0.05915931499740523,0.0211810012836971,-0.0382483370288248,0.0,0.030808729139923052,-0.017016449234259767,0.01036585365853665,0.014024390243902563,0.0006097560975609796,0.006707317073170793,0.04742547425474258,-0.04241781548250262,0.01925545571245188,-0.018150879183210455,-0.02827050997782704,-0.013613159387407814,0.02636783124588002,-0.07565953210552512
0.0,0.0,0.08654602675059014,-0.03035230352303525,0.06775067750677516,0.03001876172607887,0.0,0.029268292682926828,0.0,1.0,-0.05973120955699346,-0.10097560975609754,-0.03425012973533986,-0.009075439591605228,-0.04047742605085625,0.0,0.01732991014120669,-0.014227642276422758,0.0,0.020325203252032548,0.0,-0.019285309132161088,-0.02168021680216803,0.05435540069686412,0.0128048780487805,-0.041192411924119265,-0.03035230352303525,-0.039024390243902474,0.009756097560975674,-0.008710801393728151,-0.037115588547189826,-0.005226480836236919,0.02310654685494229,-0.002268859897901307,-0.014747589336358502,-0.029933481152993324,-0.02827050997782704,-0.0622729631551634,0.03126954346466537,0.014024390243902563,0.0,0.020012507817385894,-0.02384823848238482,-0.009291521486643417,0.009146341463414698,-0.02161862527716185,-0.047784967645594784,-0.034688346883468835,-0.015882019285309135,-0.015882019285309135,-0.0023228803716608543,-0.04829268292682923,0.0018292682926829423,-0.034688346883468835,0.05800922874093606,0.03658536585365857,-0.011946241911398696,0.023764853033145683,-0.016840882694541093,0.0,-0.045528455284552904,-0.046239837398374006,-0.006387921022067311,-0.03201219512195122,0.005487804878048785,-0.05574912891986061,-0.02827050997782704,0.020325203252032548,0.015820698747528034,-0.006504065040650403,-0.006387921022067311,-0.010209869540555888,-0.007941009642654567,-0.013356562137049832,0.06436314363143636,-0.05302226935312826,-0.02161862527716185,0.008536585365853666,-0.03252032520325199,-0.01134429948950652,-0.01829268292682923,0.027100271002710064,-0.052932018681888904,0.015404364569961526,-0.03159645232815966,0.0,0.0423620025673942,-0.015882019285309135,0.009756097560975674,0.01097560975609757,0.005487804878048785,0.012195121951219579,0.08468834688346893,-0.034464475079533374,0.02310654685494229,-0.019285309132161088,-0.03159645232815966,-0.019285309132161088,0.02900461437046803,-0.08760577401692377
0.05176704828272771,0.07565953210552512,0.17774851876234365,0.029024943310657525,0.11054421768707484,0.08895866038723182,0.04380288700846188,0.1224489795918367,0.08362369337979092,0.05973120955699346,1.0,-0.01224489795918371,0.020842379504993513,0.06834361651637394,0.019973947025618777,0.07964161274265796,0.1004296455424275,0.008078231292517002,0.05973120955699346,0.09580498866213155,0.06371329019412636,0.045562411010915904,0.04353741496598634,0.1224489795918367,0.07346938775510203,0.036281179138321906,0.03446712018140585,0.039909297052154125,0.07806122448979597,0.0714285714285714,0.022626441881100245,0.05442176870748294,0.1004296455424275,0.04841006169909823,0.05410536307546271,0.04174397031539889,0.03246753246753248,0.020842379504993513,0.08372579801151225,0.05510204081632655,0.06769537083125932,0.09419152276295129,0.038095238095238015,0.0680272108843537,0.08724489795918366,0.04638218923933207,0.0,0.036281179138321906,0.03986710963455148,0.05125771238728044,0.05102040816326531,-0.008571428571428619,0.0596938775510204,0.03446712018140585,0.10590182018753441,0.1004296455424275,0.0,0.10989010989010983,0.06462585034013607,0.09556993529118957,0.04353741496598634,0.011054421768707412,0.07823129251700683,0.011479591836734637,0.08724489795918366,0.0,0.020871985157699446,0.11791383219954649,0.07942636514065085,0.023582766439909253,0.05442176870748294,0.03701945894636921,0.04841006169909823,0.03741496598639457,0.09580498866213155,0.0252883762200532,0.05333951762523187,0.09642857142857142,0.036281179138321906,0.05125771238728044,0.039424860853432275,0.11791383219954649,0.016500217108119886,0.09452201933404941,0.03246753246753248,0.07565953210552512,0.07679914070891519,0.05980066445182719,0.06887755102040816,0.07346938775510203,0.07346938775510203,0.06887755102040816,0.09580498866213155,0.0252883762200532,0.07089151450053707,0.05695301376364492,0.04174397031539889,0.0626483151400094,0.052950910093767206,0.0
0.07463414634146343,0.07463414634146343,0.1961290322580645,0.03999999999999998,0.09333333333333338,0.11846153846153845,0.06146341463414634,0.09428571428571428,0.11414634146341462,0.10097560975609754,0.01224489795918371,1.0,0.020425531914893602,0.06511627906976741,0.025531914893617058,0.06585365853658531,0.08842105263157896,0.009166666666666656,0.09219512195121954,0.09333333333333338,0.09658536585365846,0.052093023255813886,0.0444444444444444,0.12,0.09500000000000003,0.057777777777777706,0.0444444444444444,0.04222222222222222,0.07500000000000001,0.08761904761904771,0.03304347826086956,0.09142857142857153,0.13894736842105265,0.03581395348837205,0.04232558139534881,0.06272727272727274,0.05181818181818182,0.03702127659574472,0.10717948717948717,0.09000000000000002,0.06585365853658531,0.09589743589743593,0.03999999999999998,0.0761904761904762,0.08500000000000008,0.054545454545454564,0.008163265306122491,0.0444444444444444,0.06186046511627907,0.06511627906976741,0.049523809523809526,0.0,0.07,0.03111111111111109,0.11945945945945946,0.13894736842105265,0.0053061224489796,0.14102564102564097,0.08761904761904771,0.10536585365853657,0.06666666666666665,0.01916666666666672,0.08000000000000002,0.017500000000000016,0.10000000000000003,0.007346938775510237,0.027272727272727282,0.1322222222222223,0.07027027027027025,0.0222222222222222,0.06857142857142862,0.019534883720930235,0.048837209302325546,0.049523809523809526,0.12444444444444447,0.034782608695652195,0.040909090909090895,0.10000000000000003,0.053333333333333344,0.06511627906976741,0.04363636363636364,0.12444444444444447,0.030638297872340514,0.056842105263157916,0.04363636363636364,0.07024390243902434,0.09473684210526317,0.05534883720930234,0.08000000000000002,0.10000000000000003,0.05500000000000002,0.08500000000000008,0.14777777777777784,0.04173913043478261,0.056842105263157916,0.06837209302325581,0.06,0.06837209302325581,0.07729729729729726,0.00897959183673469
0.04981837052413074,0.052932018681888904,0.13177762525737818,0.01323877068557916,0.05200945626477543,0.05673758865248224,0.03736377789309803,0.11671732522796352,0.03736377789309803,0.03425012973533986,-0.020842379504993513,-0.020425531914893602,1.0,0.05541810984661055,0.0,0.07784120394395422,0.08062709966405379,-0.010638297872340496,0.052932018681888904,0.07151300236406621,0.0311364815775817,0.047501237011380426,0.023640661938534202,0.08753799392097261,0.044680851063829796,0.011347517730496415,0.01891252955082734,0.017021276595744594,0.040957446808510656,0.05319148936170209,0.007863089731729833,0.04559270516717323,0.08566629339305709,0.04948045522018785,0.05145967342899549,0.014506769825918753,0.017408123791102514,0.0,0.06983087834151663,0.07074468085106378,0.07784120394395422,0.08292416803055092,0.025531914893616947,0.0557244174265451,0.08191489361702131,0.03336557059961309,-0.024316109422492405,0.028368794326241065,0.03760514596734282,0.04354280059376536,0.04305977710233028,-0.026808510638297922,0.040957446808510656,0.014184397163120532,0.05750431282346172,0.06550951847704373,-0.018237082066869303,0.04800872885979268,0.03292806484295846,0.04359107420861441,0.015130023640661905,-0.015957446808510745,0.07852077001013169,-0.012854609929078054,0.07446808510638298,-0.024316109422492405,0.018858800773694395,0.11052009456264777,0.09775733179988494,0.01891252955082734,0.02532928064842957,0.033646709549727816,0.04354280059376536,0.015197568389057753,0.03250591016548464,0.0041628122109158006,0.03046421663442933,0.06329787234042555,0.016075650118203277,0.045522018802572894,0.0217601547388781,0.10401891252955087,0.0,0.08566629339305709,0.010154738878143138,0.04047742605085625,0.03527435610302351,0.03562592775853529,0.02606382978723404,0.029787234042553207,0.08191489361702131,0.07074468085106378,0.10401891252955087,0.007863089731729833,0.07558790593505038,0.04354280059376536,0.029013539651837505,0.04354280059376536,0.0747556066705003,-0.01389491966999562
0.015882019285309135,0.018150879183210455,0.09002250562640662,-0.01653746770025838,0.02260981912144705,0.019081693500298175,0.017016449234259767,0.07441860465116279,0.015882019285309135,0.009075439591605228,-0.06834361651637394,-0.06511627906976741,-0.05541810984661055,1.0,-0.06729341909945563,0.017016449234259767,0.03977968176254598,-0.043604651162790664,0.026091888825864995,0.05426356589147291,0.02155416903006241,0.0,-0.025839793281653645,0.0159468438538206,0.0244186046511628,-0.012403100775193798,-0.021705426356589175,-0.013436692506459957,0.015697674418604673,0.011627906976744207,-0.03488372093023251,0.011627906976744207,0.04589963280293763,0.0,0.0,-0.005285412262156425,-0.005813953488372048,-0.045522018802572894,0.028622540250447248,0.022674418604651192,0.026091888825864995,0.042933810375670844,-0.027906976744186074,0.012735326688815163,0.03837209302325595,-0.014799154334038,-0.09112482202183181,-0.027906976744186074,0.0,0.0,0.006644518272425293,-0.0716279069767441,0.020930232558139583,-0.013436692506459957,0.026398491514770583,0.03365973072215428,-0.05980066445182719,0.035778175313059046,0.007198228128460715,0.018150879183210455,-0.01653746770025838,-0.06298449612403101,0.01661129568106323,-0.0847868217054264,0.0488372093023256,-0.09112482202183181,-0.005285412262156425,0.07687338501291996,0.03771213073538654,-0.014470284237726116,0.011074197120708784,0.0,0.0,0.0022148394241417596,0.009043927648578823,-0.016683518705763345,-0.009513742071881548,0.02790697674418613,-0.01757105943152454,0.0,-0.0026427061310782124,0.04974160206718353,-0.019792182088075178,0.01835985312117505,-0.004228329809725123,0.009075439591605228,0.0152998776009792,0.0,0.005232558139534896,0.010465116279069792,0.029651162790697738,0.029651162790697738,0.04974160206718353,-0.024266936299292163,0.027539779681762577,0.0,-0.007928118393234651,0.0,0.03771213073538654,-0.04271476032273369
0.04359107420861441,0.04047742605085625,0.0988332189430336,0.016075650118203277,0.03900709219858156,0.02618657937806873,0.052932018681888904,0.08024316109422491,0.04670472236637252,0.04047742605085625,-0.019973947025618777,-0.025531914893617058,0.0,0.06729341909945563,1.0,0.03736377789309803,0.05543113101903696,-0.0066489361702127825,0.0622729631551634,0.08451536643026009,0.07161390762843789,0.015833745670460142,0.024586288416075575,0.00729483282674772,0.05212765957446808,0.011347517730496415,0.020803782505910084,0.014184397163120532,0.040957446808510656,0.05065856129685914,0.010638297872340385,0.04305977710233028,0.06550951847704373,0.027709054923305276,0.03562592775853529,0.018858800773694395,0.020309477756286276,0.0,0.07419530823786141,0.06329787234042555,0.05915931499740523,0.07419530823786141,0.02269503546099283,0.06079027355623101,0.08191489361702131,0.03481624758220503,-0.026921406860616615,0.02269503546099283,0.015833745670460142,0.04354280059376536,0.04052684903748732,-0.025531914893617058,0.05212765957446808,0.016075650118203277,0.05175388154111554,0.05039193729003358,-0.016500217108119886,0.07419530823786141,0.04305977710233028,0.0622729631551634,0.01323877068557916,-0.009751773049645418,0.06079027355623101,-0.0146276595744681,0.10053191489361701,-0.03300043421623977,0.023210831721470038,0.11702127659574468,0.05750431282346172,0.01323877068557916,0.06079027355623101,0.019792182088075178,0.047501237011380426,0.02786220871327255,0.03250591016548464,0.005550416281221049,0.026112185686653744,0.06329787234042555,0.015130023640661905,0.033646709549727816,0.004352030947775629,0.05200945626477543,0.0,0.020156774916013448,0.014506769825918753,0.02490918526206537,0.03527435610302351,0.011875309252845107,0.029787234042553207,0.018617021276595744,0.06702127659574464,0.08191489361702131,0.0975177304964539,0.006938020351526353,0.040313549832026896,0.045522018802572894,0.024661508704061863,0.029688273132112752,0.04025301897642322,-0.018237082066869303
0.0,0.0,0.0786782061369001,-0.039024390243902474,0.02371273712737129,0.01751094434021261,0.0,0.06271777003484325,0.0,0.0,-0.07964161274265796,-0.06585365853658531,-0.07784120394395422,-0.017016449234259767,-0.03736377789309803,1.0,0.0211810012836971,-0.07469512195121952,0.0,0.05420054200542013,0.0,-0.018150879183210455,-0.03035230352303525,0.058536585365853655,0.005487804878048785,-0.02384823848238482,-0.03035230352303525,-0.02818428184281846,0.007317073170731769,-0.005226480836236919,-0.03181336161187698,-0.011614401858304257,0.03658536585365857,-0.026091888825864995,-0.019285309132161088,-0.0066518847006651755,-0.013303769401330351,-0.052932018681888904,0.012507817385866177,0.004878048780487837,0.0,0.01375859912445282,-0.034688346883468835,-0.008130081300812997,0.007317073170731769,-0.02827050997782704,-0.07167745146839222,-0.045528455284552904,-0.020419739081111776,-0.020419739081111776,-0.010452961672473837,-0.08341463414634148,0.011585365853658547,-0.036856368563685626,0.02900461437046803,0.026957637997432615,-0.07565953210552512,0.010006253908692947,-0.005807200929152129,0.0,-0.03035230352303525,-0.08536585365853655,-0.010452961672473837,-0.0533536585365853,0.006097560975609789,-0.06769537083125932,-0.023281596452328135,0.030487804878048808,0.03164139749505607,-0.041192411924119265,-0.005807200929152129,-0.018150879183210455,-0.014747589336358502,-0.004065040650406498,0.013550135501355032,-0.029162248144220526,-0.029933481152993324,0.00792682926829269,-0.041192411924119265,-0.02155416903006241,-0.02494456762749442,0.03387533875338758,-0.028022833419823534,0.03273427471116819,-0.0066518847006651755,0.0,0.005776636713735572,-0.014747589336358502,0.004268292682926833,0.0036585365853658847,0.008536585365853666,0.00792682926829269,0.027100271002710064,-0.03976670201484617,0.01925545571245188,-0.014747589336358502,-0.023281596452328135,-0.017016449234259767,0.02373104812129201,-0.04380288700846188
-0.015404364569961526,-0.03658536585365857,0.06536502546689305,-0.057309941520467866,0.01900584795321636,-0.009446693657220007,-0.02310654685494229,0.03834586466165413,-0.02503209242618748,-0.01732991014120669,-0.1004296455424275,-0.08842105263157896,-0.08062709966405379,-0.03977968176254598,-0.05543113101903696,-0.0211810012836971,1.0,-0.12609649122807015,-0.030808729139923052,0.016081871345029253,-0.02503209242618748,-0.05813953488372098,-0.06959064327485381,0.042857142857142816,-0.01710526315789479,-0.05321637426900594,-0.06140350877192985,-0.08187134502923982,-0.019736842105263164,-0.03508771929824561,-0.03203661327231122,-0.022556390977443608,0.0,-0.0611995104039168,-0.03977968176254598,-0.06100478468899523,-0.06100478468899523,-0.05039193729003358,-0.0040485829959514275,-0.011842105263157904,-0.01925545571245188,-0.004723346828610003,-0.04502923976608192,-0.03007518796992481,-0.014473684210526305,-0.028708133971291877,-0.08270676691729323,-0.04093567251461991,-0.027539779681762577,-0.021419828641370875,-0.02756892230576441,-0.13894736842105265,-0.01315789473684209,-0.07777777777777783,0.008534850640113778,0.0,-0.135875402792696,-0.006747638326585703,-0.020050125313283235,-0.02310654685494229,-0.032748538011695943,-0.08223684210526316,-0.03759398496240601,-0.0767543859649123,-0.01052631578947369,-0.07679914070891519,-0.035885167464114825,0.017543859649122806,0.01280227596017064,-0.06959064327485381,-0.03007518796992481,-0.052019583843329276,-0.04283965728274175,-0.022556390977443608,0.01900584795321636,-0.06407322654462244,-0.05382775119617228,-0.023684210526315808,-0.0491228070175439,-0.0367197062423501,-0.06100478468899523,0.010233918128654984,-0.06550951847704373,0.0,-0.05382775119617228,-0.02503209242618748,0.0,-0.055079559363525155,-0.01315789473684209,-0.022368421052631537,-0.01315789473684209,-0.00789473684210526,0.013157894736842118,-0.03203661327231122,0.0,-0.021419828641370875,-0.03229665071770335,-0.03365973072215428,0.00640113798008532,-0.047261009667024706
0.07469512195121952,0.07469512195121952,0.1713709677419355,0.018055555555555547,0.08333333333333337,0.05288461538461539,0.07469512195121952,0.18571428571428572,0.05691056910569103,0.014227642276422758,-0.008078231292517002,-0.009166666666666656,0.010638297872340496,0.043604651162790664,0.0066489361702127825,0.07469512195121952,0.12609649122807015,1.0,0.042682926829268275,0.15972222222222227,0.0533536585365853,0.04844961240310075,0.033333333333333326,0.1470238095238095,0.054166666666666696,0.018055555555555547,0.030555555555555503,0.023611111111111083,0.07916666666666666,0.05059523809523808,0.009057971014492766,0.041666666666666685,0.04385964912280704,0.07751937984496116,0.04844961240310075,0.03030303030303033,0.028409090909090884,0.004432624113475198,0.033653846153846145,0.045833333333333365,0.06758130081300812,0.043269230769230754,0.027777777777777735,0.03869047619047622,0.054166666666666696,0.028409090909090884,-0.008928571428571397,0.024999999999999967,0.04602713178294571,0.031492248062015504,0.059523809523809534,-0.02083333333333337,0.07083333333333336,0.027777777777777735,0.0681306306306306,0.09868421052631582,-0.013605442176870652,0.05288461538461539,0.0267857142857143,0.028455284552845517,0.016666666666666663,0.0,0.0535714285714286,0.0,0.045833333333333365,-0.008503401360544172,0.026515151515151547,0.10416666666666669,0.14864864864864868,0.0444444444444444,0.059523809523809534,0.05813953488372092,0.055717054263565824,0.03869047619047622,0.06944444444444448,0.010869565217391297,0.03219696969696967,0.06666666666666671,0.018055555555555547,0.036337209302325535,0.034090909090909116,0.07638888888888892,0.003546099290780147,0.10964912280701755,0.028409090909090884,0.0533536585365853,0.06030701754385967,0.036337209302325535,0.050000000000000044,0.06666666666666671,0.06666666666666671,0.041666666666666685,0.05555555555555558,0.012681159420289856,0.09868421052631582,0.02906976744186046,0.017045454545454558,0.03391472868217055,0.08671171171171171,-0.005527210884353706
0.0,0.0,0.07081038552321006,-0.03252032520325199,0.01693766937669379,0.006253908692933088,0.0,0.050174216027874585,0.0,0.0,-0.05973120955699346,-0.09219512195121954,-0.052932018681888904,-0.026091888825864995,-0.0622729631551634,0.0,0.030808729139923052,-0.042682926829268275,1.0,0.020325203252032548,0.0,-0.012478729438457181,-0.03252032520325199,0.029268292682926828,0.006097560975609789,-0.019512195121951237,-0.03035230352303525,-0.02384823848238482,0.006097560975609789,-0.011033681765389047,-0.05832449628844105,-0.011033681765389047,0.030808729139923052,-0.019285309132161088,-0.01134429948950652,-0.02161862527716185,-0.02827050997782704,-0.05915931499740523,0.01375859912445282,0.006707317073170793,0.0,0.015009380863039434,-0.041192411924119265,-0.009872241579558627,0.009146341463414698,-0.03325942350332589,-0.09158785465405667,-0.036856368563685626,-0.012478729438457181,-0.02155416903006241,-0.004065040650406498,-0.08341463414634148,0.00792682926829269,-0.03252032520325199,0.015820698747528034,0.011553273427471145,-0.07167745146839222,0.01751094434021261,-0.006387921022067311,0.0,-0.02384823848238482,-0.06046747967479671,-0.012195121951219523,-0.08180894308943082,0.01585365853658538,-0.07167745146839222,-0.02494456762749442,0.07113821138211385,0.044825313117996035,-0.036856368563685626,-0.006968641114982521,-0.01134429948950652,-0.02155416903006241,-0.005226480836236919,0.02371273712737129,-0.013255567338282065,-0.02161862527716185,0.006707317073170793,-0.045528455284552904,-0.026091888825864995,-0.013303769401330351,0.04403794037940384,-0.05604566683964707,0.00962772785622594,-0.014966740576496662,0.0,0.015404364569961526,-0.015882019285309135,0.005487804878048785,0.005487804878048785,0.008536585365853666,0.005487804878048785,0.040650406504065095,-0.04506892895015907,0.026957637997432615,-0.015882019285309135,-0.03159645232815966,-0.018150879183210455,0.02636783124588002,-0.06371329019412636
-0.06436314363143636,-0.01693766937669379,0.03584229390681001,-0.050000000000000044,0.0,-0.021367521367521403,-0.05758807588075887,0.0071428571428571175,-0.03387533875338758,-0.020325203252032548,-0.09580498866213155,-0.09333333333333338,-0.07151300236406621,-0.05426356589147291,-0.08451536643026009,-0.05420054200542013,-0.016081871345029253,-0.15972222222222227,-0.020325203252032548,1.0,-0.03726287262872635,-0.05878552971576234,-0.0944444444444445,0.01031746031746028,-0.03611111111111115,-0.04444444444444448,-0.05555555555555561,-0.050000000000000044,-0.04722222222222222,-0.023809523809523808,-0.042270531400966205,-0.023809523809523808,-0.0029239766081871343,-0.07687338501291996,-0.06782945736434115,-0.040404040404040414,-0.040404040404040414,-0.05200945626477543,-0.021367521367521403,-0.030555555555555558,-0.03726287262872635,-0.019230769230769273,-0.033333333333333354,-0.019841269841269854,-0.030555555555555558,-0.025252525252525262,-0.06632653061224492,-0.08333333333333337,-0.06330749354005172,-0.03617571059431529,-0.06349206349206354,-0.09333333333333338,-0.04444444444444445,-0.05555555555555561,-0.005255255255255276,-0.016081871345029253,-0.11791383219954649,-0.010683760683760701,-0.051587301587301626,-0.03726287262872635,-0.06111111111111117,-0.07638888888888892,-0.03174603174603177,-0.06250000000000003,-0.01944444444444446,-0.08843537414965988,-0.06565656565656569,0.0,-0.006756756756756799,-0.07777777777777783,-0.0753968253968254,-0.07235142118863058,-0.07235142118863058,-0.05555555555555558,0.0,-0.09057971014492755,-0.06565656565656569,-0.025000000000000022,-0.027777777777777804,-0.02260981912144705,-0.06060606060606061,0.0,-0.05200945626477543,-0.01900584795321636,-0.05555555555555558,-0.020325203252032548,-0.010233918128654984,-0.03617571059431529,-0.030555555555555558,-0.025000000000000022,-0.030555555555555558,-0.041666666666666685,0.0,-0.06038647342995171,-0.013157894736842118,-0.03617571059431529,-0.020202020202020207,-0.05426356589147291,-0.011261261261261313,-0.1031746031746032
