0,1,2,3,4,5,6,7,8,9,10,11,12,13,14,15,16,17,18,19,20,21,22,23,24,25,26,27,28,29,30,31,32,33,34,35,36,37,38,39,40,41,42,43,44,45,46,47,48,49,50,51,52,53,54,55,56,57,58,59,60,61,62,63,64,65,66,67,68,69,70,71,72,73,74,75,76,77,78,79,80,81,82,83,84,85,86,87,88,89,90,91,92,93,94,95,96,97,98,99
1.0,0.05426356589147291,-0.0068710359408033495,0.019186046511627974,0.024479804161566754,-0.011627906976744096,0.0,0.035778175313059046,0.0,-0.018200202224469164,0.004429678848283519,0.03339296362552174,0.019285309132161088,-0.010335917312661508,-0.016683518705763345,-0.012684989429175397,0.008305647840531616,-0.06581834137779724,0.008305647840531616,-0.010042283298097254,-0.02906976744186046,0.012478729438457181,0.03165374677002586,-0.008456659619450246,-0.008456659619450246,-0.02847650688182246,-0.013436692506459957,0.010209869540555888,-0.02123356926188069,-0.004756871035940774,0.0,0.05008944543828264,0.05485986881335725,-0.019638242894056857,-0.031492248062015504,0.035778175313059046,0.008859357696567038,0.008859357696567038,0.015882019285309135,0.010209869540555888,0.007751937984496138,0.024479804161566754,-0.018200202224469164,0.013613159387407814,0.017016449234259767,0.028622540250447248,0.027539779681762577,0.0637873754152824,0.08139534883720939,0.009966777408637939,-0.09119927040583664,0.03139534883720935,-0.013436692506459957,0.021419828641370875,0.03816338700059635,0.04974160206718353,0.007751937984496138,-0.021705426356589175,0.019081693500298175,-0.007928118393234651,-0.009513742071881548,0.026162790697674465,-0.004756871035940774,-0.012403100775193798,-0.016683518705763345,-0.013436692506459957,0.014747589336358502,-0.007399577167019,-0.01136950904392764,0.009413067552602461,-0.008456659619450246,0.014311270125223624,-0.0313241575700047,-0.04602713178294571,0.020930232558139583,0.009075439591605228,0.04902576995600255,0.037209302325581395,-0.008985200845665953,0.0,0.0367197062423501,0.030169704588309254,0.0,-0.017812963879267646,0.0049833887043189695,-0.0036997885835095,-0.048837209302325546,0.0,0.05847176079734223,0.07235142118863058,0.009540846750149087,0.007941009642654567,0.028622540250447248,0.0,0.002768549280177196,0.018150879183210455,0.03365973072215428,0.0122093023255814,0.0678818353236958,0.009413067552602461
-0.05426356589147291,1.0,-0.10101010101010105,-0.041666666666666685,-0.024853801169590684,-0.08080808080808083,-0.07235142118863058,-0.047008547008547064,-0.05426356589147291,-0.09057971014492755,-0.04365079365079366,-0.03632478632478636,-0.04742547425474258,-0.0722222222222223,-0.10869565217391308,-0.09595959595959602,-0.0674603174603175,-0.19601677148846963,-0.0674603174603175,-0.08080808080808083,-0.11111111111111116,-0.020325203252032548,0.0,-0.10101010101010105,-0.040404040404040414,-0.08106575963718823,-0.04444444444444448,-0.03387533875338758,-0.07850241545893721,-0.050505050505050525,-0.040697674418604696,-0.027777777777777846,-0.019230769230769273,-0.08333333333333337,-0.10416666666666669,-0.02564102564102566,-0.047619047619047616,-0.03174603174603177,-0.030487804878048808,-0.03387533875338758,-0.02777777777777779,-0.013157894736842118,-0.06038647342995171,-0.030487804878048808,-0.020325203252032548,-0.008547008547008558,-0.005847953216374269,0.0023809523809523725,0.0,-0.03174603174603177,-0.13071895424836605,-0.06944444444444453,-0.13333333333333341,-0.02777777777777779,-0.044871794871794934,0.0,-0.09523809523809523,-0.07777777777777783,-0.027777777777777846,-0.06060606060606061,-0.08080808080808083,-0.04444444444444445,-0.0757575757575758,-0.08333333333333337,-0.10265700483091794,-0.10555555555555562,-0.040650406504065095,-0.0757575757575758,-0.11111111111111122,-0.07142857142857145,-0.09090909090909094,-0.029914529914529975,-0.17687074829931976,-0.11805555555555558,-0.04444444444444445,-0.04742547425474258,-0.008258258258258322,0.00952380952380949,-0.06060606060606061,-0.07235142118863058,-0.02192982456140352,-0.00750750750750756,-0.07687338501291996,-0.10401891252955087,-0.059523809523809534,-0.06060606060606061,-0.09333333333333338,-0.04974160206718353,0.004761904761904745,0.0,-0.021367521367521403,-0.030487804878048808,-0.032051282051282104,-0.06330749354005172,-0.059523809523809534,-0.027100271002710064,-0.00730994152046785,-0.041666666666666685,-0.006756756756756799,-0.035714285714285726
0.0068710359408033495,0.10101010101010105,1.0,0.04318181818181821,0.07535885167464124,0.0,0.011099365750528556,0.0611888111888112,0.011099365750528556,-0.01679841897233203,0.014069264069264065,0.0437062937062937,0.026607538802660702,-0.007070707070707116,-0.015810276679841917,0.0,0.021645021645021634,-0.10806174957118364,0.018398268398268414,0.0,-0.045454545454545525,0.01829268292682923,0.040404040404040414,0.0,0.0,-0.020871985157699446,-0.005050505050505083,0.019955654101995512,-0.018774703557312256,0.0,0.008456659619450246,0.03496503496503495,0.03205128205128205,-0.010606060606060619,-0.026515151515151547,0.037878787878787845,0.014069264069264065,0.011904761904761918,0.016629711751662946,0.019955654101995512,0.008658008658008642,0.03947368421052633,-0.008893280632411071,0.019955654101995512,0.019955654101995512,0.017482517482517473,0.035885167464114825,0.029220779220779217,0.07070707070707072,0.012987012987012991,-0.06862745098039214,0.04545454545454547,-0.011111111111111183,0.0645933014354067,0.06701631701631705,0.10101010101010105,0.022727272727272763,-0.011111111111111183,0.037878787878787845,0.0,0.0,0.040909090909090895,0.0,-0.007070707070707116,-0.018774703557312256,-0.009595959595959602,0.026607538802660702,0.0,-0.010101010101010166,0.023809523809523836,0.0,0.023310023310023298,-0.04638218923933207,-0.022727272727272763,0.03863636363636369,0.023281596452328135,0.06879606879606875,0.06428571428571428,0.0,0.007928118393234651,0.07177033492822965,0.0558968058968059,0.006342494714587699,-0.017408123791102514,0.016233766233766267,0.0,-0.04363636363636364,0.005813953488372048,0.0701298701298701,0.06060606060606061,0.03205128205128205,0.02161862527716185,0.026223776223776196,0.007928118393234651,0.009740259740259744,0.016629711751662946,0.0215311004784689,0.036363636363636376,0.0558968058968059,0.014069264069264065
-0.019186046511627974,0.041666666666666685,-0.04318181818181821,1.0,0.03157894736842104,-0.02954545454545454,-0.03488372093023262,0.014743589743589691,-0.033139534883720956,-0.061956521739130466,-0.016666666666666663,0.010897435897435859,-0.008536585365853666,-0.030555555555555614,-0.042391304347826064,-0.04545454545454547,-0.01785714285714285,-0.12264150943396229,-0.01785714285714285,-0.025000000000000022,-0.07083333333333336,-0.004878048780487837,0.025000000000000022,-0.04318181818181821,-0.025000000000000022,-0.05510204081632655,-0.01666666666666669,-0.004268292682926833,-0.03260869565217392,-0.013636363636363641,-0.013953488372093065,0.008974358974358942,0.009615384615384581,-0.04444444444444451,-0.029166666666666674,0.0064102564102563875,-0.009523809523809545,-0.01785714285714285,-0.005487804878048785,-0.004878048780487837,-0.009523809523809545,0.005263157894736845,-0.02934782608695652,-0.00792682926829269,-0.007317073170731769,0.0032051282051281937,0.005263157894736845,0.024999999999999994,0.025000000000000022,-0.011904761904761918,-0.05392156862745098,0.0,-0.03888888888888892,0.02631578947368418,0.011538461538461497,0.033333333333333326,-0.023809523809523836,-0.047222222222222276,0.009615384615384581,-0.036363636363636376,-0.04545454545454547,0.0,-0.027272727272727282,-0.041666666666666685,-0.05869565217391304,-0.041666666666666685,-0.006707317073170793,-0.025000000000000022,-0.047222222222222276,-0.016666666666666663,-0.0318181818181818,0.00512820512820511,-0.07346938775510203,-0.054166666666666696,0.0,-0.009146341463414698,0.022297297297297236,0.03928571428571426,-0.025000000000000022,-0.013953488372093065,0.022368421052631537,0.028378378378378366,-0.022674418604651192,-0.07074468085106378,-0.025000000000000022,-0.036363636363636376,-0.07500000000000001,-0.015697674418604673,0.042857142857142816,0.03611111111111115,0.0032051282051281937,-0.0036585365853658847,0.00512820512820511,-0.026162790697674465,-0.013095238095238104,-0.006707317073170793,0.011842105263157904,0.0,0.024324324324324298,-0.01428571428571429
-0.024479804161566754,0.024853801169590684,-0.07535885167464124,-0.03157894736842104,1.0,-0.057416267942583754,-0.04589963280293763,-0.01619433198380571,-0.0611995104039168,-0.08237986270022885,-0.03508771929824561,-0.010121457489878583,-0.03273427471116819,-0.06549707602339189,-0.08695652173913049,-0.03947368421052633,-0.03258145363408527,-0.14895729890764647,-0.042606516290726815,-0.0430622009569378,-0.08771929824561409,-0.013478818998716308,0.013157894736842118,-0.057416267942583754,-0.03229665071770335,-0.06498388829215898,-0.028654970760233933,-0.00962772785622594,-0.05491990846681927,-0.028708133971291877,-0.024479804161566754,-0.004723346828610003,-0.005398110661268579,-0.04093567251461991,-0.06030701754385967,-0.005398110661268579,-0.02506265664160401,-0.02756892230576441,-0.007702182284980763,-0.013478818998716308,-0.015037593984962405,0.0,-0.05491990846681927,-0.0211810012836971,-0.015404364569961526,-0.004723346828610003,0.0,0.006766917293233074,0.016081871345029253,-0.02506265664160401,-0.09391124871001033,-0.025000000000000022,-0.08187134502923982,0.0,-0.012820512820512886,0.026315789473684237,-0.06015037593984962,-0.07777777777777783,-0.012820512820512886,-0.06100478468899523,-0.057416267942583754,-0.022368421052631537,-0.0645933014354067,-0.08187134502923982,-0.09610983981693372,-0.07368421052631585,-0.0211810012836971,-0.05382775119617228,-0.07368421052631585,-0.03258145363408527,-0.06100478468899523,-0.006747638326585703,-0.11815252416756172,-0.08223684210526316,-0.019736842105263164,-0.030808729139923052,0.00782361308677093,0.020300751879699236,-0.028708133971291877,-0.03977968176254598,0.0,0.0049786628733997085,-0.03365973072215428,-0.06550951847704373,-0.05012531328320802,-0.057416267942583754,-0.08842105263157896,-0.027539779681762577,0.013533834586466148,0.016081871345029253,-0.004723346828610003,-0.0211810012836971,-0.006747638326585703,-0.04589963280293763,-0.03759398496240601,-0.02503209242618748,0.0,-0.01578947368421052,0.00782361308677093,-0.02506265664160401
0.011627906976744096,0.08080808080808083,0.0,0.02954545454545454,0.057416267942583754,1.0,0.012684989429175397,0.05244755244755239,0.013213530655390993,-0.014822134387351749,0.010822510822510817,0.055361305361305346,0.02827050997782704,-0.008585858585858586,-0.017786561264822143,0.0,0.020562770562770616,-0.0656089193825043,0.023809523809523836,0.0,-0.03219696969696967,0.013303769401330351,0.05555555555555558,0.0,0.0,-0.020871985157699446,-0.00303030303030305,0.009977827050997756,-0.021739130434782594,0.0,0.007928118393234651,0.055361305361305346,0.03205128205128205,-0.008585858585858586,-0.022727272727272763,0.029137529137529122,0.012987012987012991,0.015151515151515138,0.011640798226164067,0.023281596452328135,0.015151515151515138,0.0215311004784689,-0.009881422924901184,0.019955654101995512,0.016629711751662946,0.017482517482517473,0.028708133971291877,0.05259740259740259,0.09595959595959602,0.010822510822510817,-0.07486631016042783,0.050000000000000044,-0.011616161616161635,0.0430622009569378,0.08158508158508149,0.1262626262626263,0.023809523809523836,-0.015151515151515138,0.03496503496503495,0.0,0.0,0.04318181818181821,0.0,-0.010101010101010166,-0.017786561264822143,-0.009595959595959602,0.02494456762749442,0.0,-0.010101010101010166,0.025974025974025983,0.0,0.026223776223776196,-0.05102040816326531,-0.045454545454545525,0.03863636363636369,0.014966740576496662,0.07739557739557734,0.07597402597402597,0.0,0.008456659619450246,0.06100478468899523,0.03869778869778867,0.004756871035940774,-0.008704061895551257,0.011904761904761918,0.0,-0.038181818181818206,0.0026427061310782124,0.08766233766233766,0.06060606060606061,0.023310023310023298,0.02827050997782704,0.0437062937062937,0.006342494714587699,0.009740259740259744,0.016629711751662946,0.025119617224880375,0.034090909090909116,0.0902948402948403,0.012987012987012991
0.0,0.07235142118863058,-0.011099365750528556,0.03488372093023262,0.04589963280293763,-0.012684989429175397,1.0,0.05485986881335725,0.0,-0.030333670374115218,0.008305647840531616,0.05485986881335725,0.020419739081111776,-0.014470284237726116,-0.03185035389282104,-0.014270613107822405,0.013289036544850585,-0.12724879333040795,0.01218161683277974,-0.011627906976744096,-0.060562015503875855,0.01134429948950652,0.05426356589147291,-0.012684989429175397,-0.005813953488372048,-0.0313241575700047,-0.0031007751937984496,0.006806579693703907,-0.03336703741152669,-0.0015856236786469247,0.0,0.0405485986881336,0.0405485986881336,-0.023772609819121437,-0.031492248062015504,0.021466905187835422,0.005537098560354392,0.009966777408637939,0.010209869540555888,0.009075439591605228,0.00609080841638987,0.021419828641370875,-0.019716885743174872,0.009075439591605228,0.014747589336358502,0.002385211687537272,0.009179926560587526,0.026578073089701004,0.04974160206718353,0.002768549280177196,-0.07295941632466935,0.033139534883720956,-0.023772609819121437,0.04589963280293763,0.06440071556350624,0.07235142118863058,0.01218161683277974,-0.03100775193798444,0.035778175313059046,-0.008456659619450246,-0.015856236786469302,0.043604651162790775,-0.010042283298097254,-0.02273901808785528,-0.030333670374115218,-0.026873385012919915,0.009075439591605228,-0.011099365750528556,-0.018604651162790697,0.010520487264673362,-0.011627906976744096,0.021466905187835422,-0.06549596582819167,-0.05329457364341078,0.04011627906976756,0.013613159387407814,0.08296668761785042,0.0637873754152824,-0.004228329809725123,0.0,0.06731946144430856,0.015084852294154627,0.0,-0.027709054923305276,0.006644518272425293,-0.004756871035940774,-0.022790697674418603,0.0,0.04252491694352162,0.05878552971576234,0.007155635062611812,0.010209869540555888,0.02623732856291,0.0,0.005537098560354392,0.007941009642654567,0.0061199510403916885,0.022674418604651192,0.04525455688246388,0.0033222591362126463
-0.035778175313059046,0.047008547008547064,-0.0611888111888112,-0.014743589743589691,0.01619433198380571,-0.05244755244755239,-0.05485986881335725,1.0,-0.05247465712582,-0.0741360089186176,-0.02014652014652013,0.0,-0.025015634771732354,-0.058119658119658135,-0.07803790412486061,-0.058275058275058245,-0.038461538461538436,-0.1964199322689888,-0.03663003663003661,-0.040792540792540743,-0.10576923076923078,-0.012507817385866177,0.027777777777777846,-0.0611888111888112,-0.026223776223776196,-0.06279434850863422,-0.020512820512820523,-0.01375859912445282,-0.054626532887402435,-0.020396270396270372,-0.02623732856291,0.0,0.0,-0.06837606837606841,-0.06730769230769229,0.0,-0.014652014652014655,-0.02014652014652013,-0.010006253908692947,-0.012507817385866177,-0.016483516483516453,0.006072874493927155,-0.04682274247491641,-0.010006253908692947,-0.010006253908692947,0.0,0.0040485829959514275,0.017582417582417575,0.019230769230769273,-0.012820512820512803,-0.10859728506787325,-0.01538461538461533,-0.07863247863247869,0.013495276653171406,0.0,0.032051282051282104,-0.053113553113553036,-0.07521367521367528,0.0,-0.037878787878787845,-0.05244755244755239,-0.011538461538461497,-0.046620046620046596,-0.06495726495726495,-0.08974358974358976,-0.06153846153846154,-0.008755472170106304,-0.055361305361305346,-0.08205128205128209,-0.038461538461538436,-0.0641025641025641,0.0,-0.1151229722658294,-0.10096153846153844,-0.01025641025641022,-0.01751094434021261,0.019404019404019424,0.038095238095238126,-0.023310023310023298,-0.031007751937984496,0.014844804318488558,0.012474012474012475,-0.031007751937984496,-0.07855973813420614,-0.03479853479853473,-0.04953379953379955,-0.06205128205128205,-0.02623732856291,0.020512820512820523,0.03846153846153855,0.0,-0.008755472170106304,0.0,-0.035778175313059046,-0.02747252747252743,-0.011257035647279534,0.0040485829959514275,-0.008333333333333304,0.01108801108801108,-0.016483516483516453
0.0,0.05426356589147291,-0.011099365750528556,0.033139534883720956,0.0611995104039168,-0.013213530655390993,0.0,0.05247465712582,1.0,-0.03488372093023251,0.009413067552602461,0.05247465712582,0.027226318774815628,-0.021705426356589175,-0.03488372093023251,-0.011627906976744096,0.01439645625692143,-0.12286090390522164,0.01439645625692143,-0.01057082452431285,-0.06540697674418605,0.017016449234259767,0.06782945736434115,-0.011099365750528556,-0.0036997885835095,-0.03417180825818697,-0.005167958656330754,0.006806579693703907,-0.02730030333670369,-0.0036997885835095,0.0,0.0405485986881336,0.031007751937984496,-0.021705426356589175,-0.04118217054263562,0.019081693500298175,0.0049833887043189695,0.008305647840531616,0.010209869540555888,0.012478729438457181,0.007198228128460715,0.0367197062423501,-0.024266936299292163,0.009075439591605228,0.018150879183210455,0.014311270125223624,0.024479804161566754,0.04252491694352162,0.0452196382428941,0.0022148394241417596,-0.07660738714090287,0.03139534883720935,-0.021705426356589175,0.04283965728274175,0.06201550387596899,0.08139534883720939,0.013289036544850585,-0.03307493540051676,0.0405485986881336,-0.009513742071881548,-0.012156448202959802,0.04011627906976756,-0.011099365750528556,-0.026873385012919915,-0.03640040444893833,-0.023772609819121437,0.009075439591605228,-0.012156448202959802,-0.021705426356589175,0.011074197120708784,-0.011099365750528556,0.02623732856291,-0.0626483151400094,-0.04602713178294571,0.041860465116279166,0.012478729438457181,0.06033940917661851,0.07973421926910301,-0.0026427061310782124,0.0,0.055079559363525155,0.01131363922061597,0.0,-0.027709054923305276,0.006644518272425293,-0.0068710359408033495,-0.016279069767441853,0.0,0.037209302325581395,0.05426356589147291,0.009540846750149087,0.013613159387407814,0.023852116875372698,0.0,0.006644518272425293,0.009075439591605228,0.012239902080783377,0.0244186046511628,0.03771213073538654,0.0033222591362126463
0.018200202224469164,0.09057971014492755,0.01679841897233203,0.061956521739130466,0.08237986270022885,0.014822134387351749,0.030333670374115218,0.0741360089186176,0.03488372093023251,1.0,0.03726708074534163,0.11315496098104794,0.04506892895015907,0.008212560386473444,0.0,0.01976284584980237,0.04554865424430643,-0.0689089417555373,0.0331262939958592,0.014822134387351749,-0.023550724637681264,0.029162248144220526,0.09057971014492755,0.025691699604743046,0.015810276679841917,-0.022626441881100245,0.004830917874396101,0.034464475079533374,0.0,0.007905138339920958,0.024266936299292163,0.05072463768115937,0.06243032329988851,0.00724637681159418,-0.013586956521739135,0.03901895206243031,0.035196687370600444,0.0331262939958592,0.018557794273594913,0.02651113467656413,0.0165631469979296,0.06407322654462244,0.0,0.05302226935312826,0.03181336161187698,0.015607580824972128,0.013729977116704817,0.02049689440993789,0.06038647342995171,0.014492753623188415,-0.01705029838022165,0.042391304347826064,0.006763285024154575,0.059496567505720854,0.058528428093645446,0.08454106280193241,0.03933747412008287,0.009178743961352653,0.10144927536231874,0.021739130434782594,0.02371541501976293,0.048913043478260865,0.017786561264822143,0.011111111111111072,0.0,0.009661835748792202,0.018557794273594913,0.018774703557312256,0.006763285024154575,0.020703933747412,0.015810276679841917,0.054626532887402435,-0.029281277728482713,-0.020833333333333315,0.07173913043478264,0.0715800636267232,0.1057579318448883,0.1093167701863354,0.012845849802371523,0.010616784630940346,0.08237986270022885,0.01586368977673326,0.02881698685540951,-0.009250693802035137,0.03726708074534163,0.010869565217391297,-0.03130434782608699,0.025783619817997983,0.04782608695652174,0.08454106280193241,0.003901895206243032,0.010604453870625655,0.05072463768115937,0.03488372093023251,0.035196687370600444,0.04772004241781547,0.03203661327231122,0.042391304347826064,0.05287896592244415,0.020703933747412
-0.004429678848283519,0.04365079365079366,-0.014069264069264065,0.016666666666666663,0.03508771929824561,-0.010822510822510817,-0.008305647840531616,0.02014652014652013,-0.009413067552602461,-0.03726708074534163,1.0,0.03663003663003661,0.006968641114982521,-0.022222222222222254,-0.04761904761904767,-0.012987012987012991,0.0,-0.08400718778077271,0.0,-0.014069264069264065,-0.0535714285714286,0.006968641114982521,0.03968253968253971,-0.023809523809523836,-0.008658008658008642,-0.09183673469387754,-0.022222222222222254,0.007549361207897787,-0.03933747412008287,-0.014069264069264065,-0.0049833887043189695,0.016483516483516453,0.014652014652014655,-0.00793650793650795,-0.03273809523809526,0.02014652014652013,0.0,0.0,0.005226480836236919,0.005807200929152129,0.0,0.03508771929824561,-0.0331262939958592,0.008130081300812997,0.0046457607433217085,0.014652014652014655,0.007518796992481203,0.023809523809523808,0.02777777777777779,0.0,-0.05882352941176472,0.010714285714285704,-0.023809523809523836,0.04010025062656647,0.014652014652014655,0.035714285714285726,0.0,-0.022222222222222254,0.03663003663003661,-0.031385281385281405,-0.020562770562770616,0.015476190476190477,-0.020562770562770616,-0.025396825396825418,-0.024844720496894457,-0.03333333333333338,0.006387921022067311,-0.011904761904761918,-0.014285714285714318,0.0,-0.010822510822510817,0.02747252747252743,-0.05442176870748294,-0.05059523809523808,0.020238095238095277,0.011614401858304257,0.04826254826254822,0.0761904761904762,-0.007575757575757569,-0.007198228128460715,0.03508771929824561,0.012870012870012867,-0.010520487264673362,-0.03799392097264437,0.0,-0.010822510822510817,-0.053333333333333344,-0.010520487264673362,0.01904761904761905,0.035714285714285726,0.014652014652014655,0.0046457607433217085,0.018315018315018305,-0.007198228128460715,0.0,0.010452961672473837,0.02756892230576441,0.016666666666666663,0.019305019305019294,0.0
-0.03339296362552174,0.03632478632478636,-0.0437062937062937,-0.010897435897435859,0.010121457489878583,-0.055361305361305346,-0.05485986881335725,0.0,-0.05247465712582,-0.11315496098104794,-0.03663003663003661,1.0,-0.026266416510318913,-0.06153846153846154,-0.08193979933110368,-0.05244755244755239,-0.04395604395604391,-0.13546202225447507,-0.03663003663003661,-0.04953379953379955,-0.1201923076923076,-0.015009380863039434,0.032051282051282104,-0.0874125874125874,-0.037878787878787845,-0.10465724751439032,-0.02393162393162393,-0.01375859912445282,-0.08974358974358976,-0.017482517482517473,-0.028622540250447248,0.0,0.0,-0.06153846153846154,-0.07211538461538458,0.0,-0.02014652014652013,-0.02014652014652013,-0.008755472170106304,-0.011257035647279534,-0.010989010989010978,0.007422402159244279,-0.05072463768115937,-0.015009380863039434,-0.010006253908692947,0.0,0.0013495276653171448,0.008791208791208788,0.01282051282051283,-0.003663003663003664,-0.09049773755656104,-0.010897435897435859,-0.06837606837606841,0.008097165991902855,0.0,0.032051282051282104,-0.042124542124542086,-0.08547008547008539,0.0,-0.05244755244755239,-0.07867132867132864,-0.012179487179487136,-0.0611888111888112,-0.07179487179487182,-0.07803790412486061,-0.08205128205128209,-0.011257035647279534,-0.055361305361305346,-0.06837606837606841,-0.031135531135531136,-0.0611888111888112,0.0,-0.12558869701726844,-0.1201923076923076,-0.01602564102564097,-0.026266416510318913,0.027720027720027685,0.05274725274725278,-0.023310023310023298,-0.02623732856291,0.014170040485830038,0.00277200277200277,-0.03816338700059635,-0.06110201854882702,-0.02930402930402931,-0.040792540792540743,-0.056410256410256404,-0.03816338700059635,0.011721611721611722,0.042735042735042805,0.0,-0.008755472170106304,0.0,-0.0405485986881336,-0.031135531135531136,-0.01375859912445282,0.0013495276653171448,-0.01025641025641022,0.009702009702009712,-0.009157509157509153
-0.019285309132161088,0.04742547425474258,-0.026607538802660702,0.008536585365853666,0.03273427471116819,-0.02827050997782704,-0.020419739081111776,0.025015634771732354,-0.027226318774815628,-0.04506892895015907,-0.006968641114982521,0.026266416510318913,1.0,-0.05853658536585371,-0.05832449628844105,-0.026607538802660702,-0.014518002322880363,-0.11044638748274271,-0.015098722415795574,-0.02827050997782704,-0.08892276422764223,0.0,0.07113821138211385,-0.034922394678492286,-0.02161862527716185,-0.05973120955699346,-0.02384823848238482,0.0,-0.05037115588547192,-0.02494456762749442,-0.007941009642654567,0.015009380863039434,0.011257035647279534,-0.045528455284552904,-0.07113821138211379,0.0025015634771732367,-0.0017421602787456303,-0.008130081300812997,0.0,0.0,-0.006968641114982521,0.030808729139923052,-0.04506892895015907,0.0,0.0,0.010006253908692947,0.02503209242618748,0.04181184668989549,0.02371273712737129,-0.0023228803716608543,-0.08608321377331418,0.014024390243902563,-0.045528455284552904,0.026957637997432615,0.026266416510318913,0.05081300813008138,-0.012195121951219523,-0.052032520325203224,0.015009380863039434,-0.019955654101995512,-0.03325942350332589,0.015243902439024404,-0.039911308203991025,-0.04769647696476964,-0.060975609756097504,-0.039024390243902474,0.0,-0.039911308203991025,-0.054200542005420016,-0.012195121951219523,-0.03658536585365846,0.02126328955597251,-0.09158785465405667,-0.07825203252032514,0.0128048780487805,0.0,0.03955174686882007,0.06689895470383278,-0.011640798226164067,-0.018150879183210455,0.030808729139923052,0.015820698747528034,-0.018150879183210455,-0.03736377789309803,-0.008710801393728151,-0.026607538802660702,-0.03512195121951217,-0.01134429948950652,0.008362369337979098,0.05081300813008138,0.010006253908692947,0.0,0.020012507817385894,-0.014747589336358502,-0.008710801393728151,0.0,0.00962772785622594,0.007317073170731769,0.010547132498352013,-0.0023228803716608543
0.010335917312661508,0.0722222222222223,0.007070707070707116,0.030555555555555614,0.06549707602339189,0.008585858585858586,0.014470284237726116,0.058119658119658135,0.021705426356589175,-0.008212560386473444,0.022222222222222254,0.06153846153846154,0.05853658536585371,1.0,-0.01449275362318836,0.0060606060606061,0.04285714285714293,-0.08050314465408803,0.04444444444444451,0.00909090909090915,-0.03888888888888886,0.045528455284552904,0.12222222222222234,0.00909090909090915,0.005555555555555591,-0.03083900226757369,0.0,0.03035230352303525,-0.011111111111111072,0.008585858585858586,0.01136950904392764,0.02393162393162393,0.013675213675213682,0.0,-0.02916666666666662,0.027350427350427364,0.009523809523809545,0.01904761904761909,0.02168021680216803,0.03035230352303525,0.023809523809523836,0.06549707602339189,-0.009178743961352653,0.02168021680216803,0.036856368563685626,0.04444444444444445,0.06549707602339189,0.0761904761904762,0.03888888888888892,0.009523809523809545,-0.04183006535947709,0.05277777777777781,0.0,0.04093567251461991,0.06495726495726495,0.0944444444444445,0.03333333333333338,0.0,0.058119658119658135,0.007575757575757569,0.009595959595959602,0.06111111111111123,0.016161616161616266,0.0,-0.01304347826086949,0.0,0.02168021680216803,0.015151515151515138,0.0,0.0317460317460318,0.010101010101010166,0.06153846153846154,-0.048979591836734615,-0.027777777777777735,0.063888888888889,0.02818428184281846,0.07687687687687689,0.12698412698412703,0.005050505050505083,0.013436692506459957,0.05321637426900594,0.03363363363363364,0.01653746770025838,-0.014184397163120532,0.01746031746031751,0.008585858585858586,-0.013333333333333336,0.01550387596899222,0.0380952380952381,0.05555555555555561,0.041025641025641046,0.03035230352303525,0.04786324786324786,0.013436692506459957,0.026984126984127,0.019512195121951237,0.036842105263157926,0.03333333333333338,0.04804804804804805,0.00793650793650795
0.016683518705763345,0.10869565217391308,0.015810276679841917,0.042391304347826064,0.08695652173913049,0.017786561264822143,0.03185035389282104,0.07803790412486061,0.03488372093023251,0.0,0.04761904761904767,0.08193979933110368,0.05832449628844105,0.01449275362318836,1.0,0.013833992094861691,0.049689440993788914,-0.08326497128794086,0.051759834368530044,0.01976284584980237,-0.028079710144927605,0.03976670201484617,0.10869565217391308,0.02667984189723316,0.006916996047430846,-0.027950310559006153,0.005797101449275366,0.037115588547189826,0.0,0.015810276679841917,0.012133468149646082,0.027313266443701217,0.023411371237458206,0.008212560386473444,-0.015398550724637639,0.04682274247491641,0.024844720496894457,0.018633540372670815,0.02120890774125131,0.029162248144220526,0.026915113871635588,0.059496567505720854,0.0,0.02120890774125131,0.023860021208907733,0.042920847268673346,0.04576659038901601,0.04782608695652174,0.042270531400966205,0.0165631469979296,-0.03623188405797095,0.05543478260869572,0.012077294685990392,0.06407322654462244,0.08974358974358976,0.09661835748792275,0.049689440993788914,0.01256038647342983,0.08193979933110368,0.021739130434782594,0.024703557312253044,0.07500000000000007,0.031620553359683834,0.01256038647342983,0.0,0.01594202898550723,0.037115588547189826,0.027667984189723382,0.010144927536231862,0.02898550724637683,0.02371541501976293,0.08193979933110368,-0.04259094942324748,-0.021739130434782594,0.08152173913043481,0.04506892895015907,0.11633372502937711,0.16397515527950313,0.006916996047430846,0.018200202224469164,0.08695652173913049,0.01586368977673326,0.02881698685540951,-0.008788159111933314,0.024844720496894457,0.018774703557312256,-0.015652173913043493,0.03640040444893833,0.04099378881987578,0.07246376811594207,0.03901895206243031,0.02651113467656413,0.04682274247491641,0.012133468149646082,0.041407867494824,0.037115588547189826,0.04118993135011442,0.05869565217391304,0.05287896592244415,0.018633540372670815
0.012684989429175397,0.09595959595959602,0.0,0.04545454545454547,0.03947368421052633,0.0,0.014270613107822405,0.058275058275058245,0.011627906976744096,-0.01976284584980237,0.012987012987012991,0.05244755244755239,0.026607538802660702,-0.0060606060606061,-0.013833992094861691,1.0,0.023809523809523836,-0.10806174957118364,0.016233766233766267,0.0,-0.045454545454545525,0.023281596452328135,0.04545454545454547,0.0,0.0,-0.023191094619666036,-0.0060606060606061,0.011640798226164067,-0.015810276679841917,0.0,0.004228329809725123,0.07284382284382274,0.08158508158508149,-0.012626262626262652,-0.0378787878787879,0.037878787878787845,0.010822510822510817,0.020562770562770616,0.026607538802660702,0.011640798226164067,0.015151515151515138,0.035885167464114825,-0.017786561264822143,0.01829268292682923,0.03325942350332589,0.026223776223776196,0.0215311004784689,0.05844155844155843,0.05555555555555558,0.011904761904761918,-0.046791443850267345,0.04318181818181821,-0.008080808080808133,0.03947368421052633,0.055361305361305346,0.05555555555555558,0.019480519480519487,-0.009595959595959602,0.029137529137529122,0.0,0.0,0.0318181818181818,0.0,-0.008585858585858586,-0.018774703557312256,-0.008080808080808133,0.013303769401330351,0.0,-0.008080808080808133,0.017316017316017285,0.0,0.023310023310023298,-0.03478664192949904,-0.020833333333333343,0.027272727272727282,0.016629711751662946,0.05159705159705158,0.04675324675324674,0.0,0.004228329809725123,0.057416267942583754,0.03439803439803438,0.0068710359408033495,-0.02756286266924557,0.017316017316017285,0.0,-0.027272727272727282,0.005285412262156425,0.05844155844155843,0.08080808080808083,0.0029137529137529122,0.0033259423503325877,0.023310023310023298,0.004756871035940774,0.006493506493506496,0.013303769401330351,0.028708133971291877,0.018181818181818188,0.05159705159705158,0.010822510822510817
-0.008305647840531616,0.0674603174603175,-0.021645021645021634,0.01785714285714285,0.03258145363408527,-0.020562770562770616,-0.013289036544850585,0.038461538461538436,-0.01439645625692143,-0.04554865424430643,0.0,0.04395604395604391,0.014518002322880363,-0.04285714285714293,-0.049689440993788914,-0.023809523809523836,1.0,-0.13836477987421392,0.0,-0.022727272727272763,-0.09523809523809523,0.009872241579558627,0.07142857142857145,-0.024891774891774965,-0.011904761904761918,-0.05102040816326531,-0.00793650793650795,0.005807200929152129,-0.04761904761904767,-0.007575757575757569,-0.007198228128460715,0.02380952380952378,0.02380952380952378,-0.04285714285714293,-0.04464285714285715,0.009157509157509153,0.0,0.0,0.006387921022067311,0.005807200929152129,0.0,0.03258145363408527,-0.02898550724637683,0.0046457607433217085,0.009291521486643417,0.009157509157509153,0.020050125313283235,0.014285714285714277,0.023809523809523808,0.0,-0.05462184873949577,0.022619047619047594,-0.0317460317460318,0.02756892230576441,0.042124542124542086,0.07142857142857145,0.0,-0.04285714285714293,0.02380952380952378,-0.012987012987012991,-0.027056277056277,0.02857142857142858,-0.027056277056277,-0.03968253968253965,-0.051759834368530044,-0.03968253968253965,0.0034843205574912606,-0.03354978354978366,-0.03809523809523818,0.0,-0.024891774891774965,0.025641025641025605,-0.08843537414965985,-0.07738095238095244,0.02857142857142858,0.007549361207897787,0.0643500643500643,0.08095238095238094,-0.012987012987012991,-0.00609080841638987,0.047619047619047616,0.006435006435006434,-0.007751937984496138,-0.03292806484295846,0.0,-0.012987012987012991,-0.01904761904761905,-0.006644518272425293,0.028571428571428553,0.06349206349206354,0.005494505494505489,0.005226480836236919,0.025641025641025605,-0.006644518272425293,0.0,0.0023228803716608543,0.007518796992481203,0.01428571428571429,0.022522522522522515,0.0
0.06581834137779724,0.19601677148846963,0.10806174957118364,0.12264150943396229,0.14895729890764647,0.0656089193825043,0.12724879333040795,0.1964199322689888,0.12286090390522164,0.0689089417555373,0.08400718778077271,0.13546202225447507,0.11044638748274271,0.08050314465408803,0.08326497128794086,0.10806174957118364,0.13836477987421392,1.0,0.13342318059299196,0.08104631217838759,0.06092767295597479,0.09387942936033133,0.12473794549266254,0.10806174957118364,0.046312178387650116,0.02464381979206781,0.046960167714884704,0.09940174873446844,0.06029532403609511,0.05403087478559182,0.05704256252742426,0.09482341557813256,0.10159651669085629,0.1039832285115303,0.051100628930817515,0.1286889211417513,0.07412398921832886,0.05929919137466311,0.06626783248964563,0.05522319374137136,0.07906558849955075,0.10427010923535257,0.051681706316652976,0.05522319374137136,0.09940174873446844,0.060957910014513755,0.09682224428997024,0.0679245283018868,0.12473794549266254,0.03953279424977538,0.016278209396966337,0.15330188679245282,0.10733752620545067,0.14895729890764647,0.1693275278180938,0.10691823899371072,0.15318957771787967,0.08721174004192861,0.1422351233671988,0.0656089193825043,0.09262435677530023,0.12264150943396229,0.09262435677530023,0.07044025157232697,0.07178014766201801,0.09392033542976941,0.07731247123791996,0.08490566037735847,0.09056603773584904,0.11365678346810426,0.08490566037735847,0.12191582002902751,0.04774740084713136,0.03930817610062892,0.1471698113207548,0.11044638748274271,0.14686384497705246,0.1746630727762803,0.042452830188679236,0.05704256252742426,0.18619662363455813,0.06527281998980111,0.07898200965335667,0.055399437976716204,0.08400718778077271,0.0656089193825043,0.012452830188679237,0.10530934620447563,0.07762803234501348,0.1336477987421384,0.09482341557813256,0.07731247123791996,0.08805031446540876,0.06143045195261082,0.10377358490566035,0.05522319374137136,0.06703078450844091,0.12264150943396229,0.07343192248852623,0.04941599281221923
-0.008305647840531616,0.0674603174603175,-0.018398268398268414,0.01785714285714285,0.042606516290726815,-0.023809523809523836,-0.01218161683277974,0.03663003663003661,-0.01439645625692143,-0.0331262939958592,0.0,0.03663003663003661,0.015098722415795574,-0.04444444444444451,-0.051759834368530044,-0.016233766233766267,0.0,-0.13342318059299196,1.0,-0.021645021645021634,-0.07738095238095244,0.009291521486643417,0.0674603174603175,-0.024891774891774965,-0.012987012987012991,-0.03741496598639457,-0.012698412698412709,0.0046457607433217085,-0.043478260869565244,-0.014069264069264065,-0.004429678848283519,0.021978021978021955,0.010989010989010978,-0.041269841269841345,-0.047619047619047616,0.012820512820512803,0.0,0.0,0.0046457607433217085,0.006968641114982521,0.0,0.02506265664160401,-0.026915113871635588,0.0046457607433217085,0.008710801393728151,0.016483516483516453,0.02756892230576441,0.047619047619047616,0.051587301587301626,0.0,-0.08823529411764708,0.029761904761904767,-0.03968253968253965,0.03508771929824561,0.04761904761904756,0.059523809523809534,0.0,-0.04444444444444451,0.025641025641025605,-0.012987012987012991,-0.023809523809523836,0.023809523809523836,-0.02813852813852813,-0.03492063492063502,-0.053830227743271175,-0.03809523809523818,0.005226480836236919,-0.02922077922077926,-0.04285714285714293,0.0,-0.024891774891774965,0.02014652014652013,-0.08503401360544216,-0.06547619047619052,0.02857142857142858,0.005807200929152129,0.04826254826254822,0.06666666666666665,-0.008658008658008642,-0.007751937984496138,0.04010025062656647,0.022522522522522515,-0.005537098560354392,-0.03292806484295846,0.0,-0.015151515151515138,-0.02285714285714288,-0.00609080841638987,0.028571428571428553,0.04365079365079366,0.02014652014652013,0.010452961672473837,0.021978021978021955,-0.005537098560354392,0.0,0.0029036004645760644,0.012531328320802004,0.013095238095238104,0.03217503217503215,0.0
0.010042283298097254,0.08080808080808083,0.0,0.025000000000000022,0.0430622009569378,0.0,0.011627906976744096,0.040792540792540743,0.01057082452431285,-0.014822134387351749,0.014069264069264065,0.04953379953379955,0.02827050997782704,-0.00909090909090915,-0.01976284584980237,0.0,0.022727272727272763,-0.08104631217838759,0.021645021645021634,1.0,-0.03977272727272724,0.019955654101995512,0.06565656565656569,0.0,0.0,-0.020871985157699446,-0.006565656565656608,0.013303769401330351,-0.02667984189723316,0.0,0.007399577167019,0.0437062937062937,0.03205128205128205,-0.010606060606060619,-0.028409090909090884,0.03496503496503495,0.006493506493506496,0.009740259740259744,0.019955654101995512,0.026607538802660702,0.017316017316017285,0.028708133971291877,-0.008893280632411071,0.016629711751662946,0.019955654101995512,0.017482517482517473,0.03229665071770335,0.040909090909090895,0.08080808080808083,0.012987012987012991,-0.07486631016042783,0.050000000000000044,-0.010606060606060619,0.035885167464114825,0.0699300699300699,0.11616161616161624,0.020562770562770616,-0.012626262626262652,0.026223776223776196,0.0,0.0,0.040909090909090895,0.0,-0.00909090909090915,-0.015810276679841917,-0.011111111111111183,0.026607538802660702,0.0,-0.008585858585858586,0.025974025974025983,0.0,0.029137529137529122,-0.05333951762523187,-0.04356060606060602,0.04318181818181821,0.01829268292682923,0.09459459459459452,0.07597402597402597,0.0,0.006342494714587699,0.06818181818181823,0.03439803439803438,0.0068710359408033495,-0.014506769825918753,0.012987012987012991,0.0,-0.02181818181818182,0.006342494714587699,0.07597402597402597,0.06060606060606061,0.026223776223776196,0.02161862527716185,0.037878787878787845,0.006342494714587699,0.012987012987012991,0.011640798226164067,0.028708133971291877,0.036363636363636376,0.06449631449631449,0.011904761904761918
