0,1,2,3,4,5,6,7,8,9,10,11,12,13,14,15,16,17,18,19,20,21,22,23,24,25,26,27,28,29,30,31,32,33,34,35,36,37,38,39,40,41,42,43,44,45,46,47,48,49,50,51,52,53,54,55,56,57,58,59,60,61,62,63,64,65,66,67,68,69,70,71,72,73,74,75,76,77,78,79,80,81,82,83,84,85,86,87,88,89,90,91,92,93,94,95,96,97,98,99
1.0,-0.008585858585858586,-0.013833992094861691,0.03496503496503495,-0.02756286266924557,0.016233766233766267,-0.023210831721470038,-0.020309477756286276,0.018398268398268414,-0.03030303030303033,0.016233766233766267,-0.005555555555555591,-0.024661508704061863,-0.006916996047430846,-0.012845849802371523,0.007399577167019,-0.015957446808510634,0.03496503496503495,0.004228329809725123,-0.008080808080808133,-0.015957446808510634,-0.02782931354359927,0.005813953488372048,-0.005050505050505083,-0.041666666666666685,-0.023191094619666036,0.06100478468899523,0.014069264069264065,-0.04638218923933207,0.0,-0.039424860853432275,0.03658536585365846,0.12121212121212122,0.0430622009569378,0.0,-0.024661508704061863,0.0068710359408033495,0.008985200845665953,0.008985200845665953,-0.008080808080808133,0.007399577167019,0.016233766233766267,0.06449631449631449,-0.023210831721470038,0.06565656565656569,0.017316017316017285,-0.012845849802371523,0.06019656019656017,0.008456659619450246,-0.00909090909090915,0.0318181818181818,0.01829268292682923,0.014069264069264065,0.0437062937062937,0.0,-0.0217601547388781,0.004756871035940774,0.04665071770334933,-0.008080808080808133,0.0,0.013636363636363641,-0.011857707509881465,0.013303769401330351,-0.015151515151515166,0.007575757575757569,-0.005050505050505083,0.007928118393234651,0.0,0.029137529137529122,0.012987012987012991,-0.018858800773694395,0.020454545454545447,-0.005050505050505083,0.036363636363636376,0.007928118393234651,0.0,0.0,0.035885167464114825,0.007928118393234651,0.036363636363636376,0.014966740576496662,0.025000000000000022,0.05023923444976075,-0.015810276679841917,0.015151515151515138,-0.011857707509881465,0.0068710359408033495,0.012987012987012991,0.0,0.006342494714587699,0.0,0.007928118393234651,0.016629711751662946,0.0437062937062937,0.02161862527716185,0.05023923444976075,0.04665071770334933,-0.0060606060606061,0.026607538802660702,-0.024661508704061863
0.008585858585858586,1.0,-0.015458937198067568,0.08547008547008539,-0.03026004728132381,0.04444444444444451,-0.028368794326241065,-0.031205673758865182,0.050793650793650835,-0.04166666666666663,0.028571428571428636,0.0,-0.014184397163120532,-0.010144927536231862,-0.011111111111111072,0.027906976744186074,-0.01891252955082734,0.058119658119658135,0.021705426356589175,0.0,-0.021749408983451457,-0.03083900226757369,0.018604651162790697,0.0,-0.031944444444444386,-0.023582766439909253,0.04502923976608192,0.025396825396825418,-0.038095238095238015,0.00909090909090915,-0.029024943310657525,0.039024390243902474,0.1454545454545455,0.05321637426900594,0.007070707070707116,-0.015130023640661905,0.014470284237726116,0.01757105943152454,0.021705426356589175,0.0,0.018604651162790697,0.01746031746031751,0.06246246246246251,-0.008510638297872297,0.0722222222222223,0.01746031746031751,-0.008695652173912993,0.06726726726726728,0.01550387596899222,0.0,0.03888888888888892,0.05853658536585371,0.03809523809523818,0.07863247863247869,0.014646464646464685,-0.02647754137115832,0.026873385012919915,0.11871345029239777,0.0,0.010101010101010166,0.050000000000000044,-0.008695652173912993,0.041192411924119265,-0.030555555555555503,0.026984126984127,0.0,0.021705426356589175,0.005555555555555591,0.04786324786324786,0.025396825396825418,-0.017021276595744594,0.041666666666666685,0.0,0.03888888888888892,0.019638242894056857,0.011616161616161635,0.00909090909090915,0.06549707602339189,0.010335917312661508,0.04444444444444451,0.034688346883468835,0.030555555555555614,0.04502923976608192,-0.009178743961352653,0.023809523809523836,-0.008695652173912993,0.012403100775193798,0.022222222222222254,0.008585858585858586,0.012403100775193798,0.007575757575757569,0.01550387596899222,0.03252032520325199,0.03760683760683764,0.039024390243902474,0.04093567251461991,0.04093567251461991,0.0,0.03252032520325199,-0.01891252955082734
0.013833992094861691,0.015458937198067568,1.0,0.08584169453734669,-0.01295097132284917,0.0662525879917184,-0.014801110083256241,-0.017113783533765026,0.0600414078674949,-0.020833333333333315,0.035196687370600444,0.010144927536231862,-0.006475485661424585,0.0,0.0,0.03336703741152669,-0.008788159111933314,0.07803790412486061,0.037917087967644036,0.009661835748792202,-0.01156336725254381,-0.029281277728482713,0.02881698685540951,0.010628019323671412,-0.020833333333333315,-0.02129547471162374,0.05491990846681927,0.031055900621118016,-0.029281277728482713,0.02075098814229248,-0.02395740905057675,0.04241781548250262,0.08563899868247696,0.07322654462242567,0.018774703557312256,-0.007400555041628121,0.02123356926188069,0.02881698685540951,0.03336703741152669,0.012077294685990392,0.03185035389282104,0.0331262939958592,0.07931844888366624,-0.006938020351526353,0.07850241545893721,0.031055900621118016,0.0,0.08460634547591067,0.02881698685540951,0.011111111111111072,0.048913043478260865,0.07423117709437965,0.049689440993788914,0.09364548494983282,0.028656126482213495,-0.013413506012950882,0.04398382204246709,0.13272311212814658,0.010144927536231862,0.01976284584980237,0.061956521739130466,0.0,0.05037115588547192,-0.019021739130434756,0.03933747412008287,0.01256038647342983,0.037917087967644036,0.009881422924901184,0.04682274247491641,0.031055900621118016,-0.00971322849213685,0.05217391304347829,0.008212560386473444,0.05543478260869572,0.02881698685540951,0.01976284584980237,0.013833992094861691,0.06864988558352403,0.019716885743174872,0.048913043478260865,0.037115588547189826,0.03586956521739132,0.04576659038901601,0.0,0.02898550724637683,0.0,0.015166835187057609,0.02898550724637683,0.017786561264822143,0.016683518705763345,0.010869565217391297,0.02730030333670369,0.03181336161187698,0.058528428093645446,0.05302226935312826,0.04576659038901601,0.036613272311212836,0.005314009661835706,0.04241781548250262,-0.009250693802035137
-0.03496503496503495,-0.08547008547008539,-0.08584169453734669,1.0,-0.13529732678668838,-0.02747252747252743,-0.10911074740861959,-0.10911074740861959,-0.038461538461538436,-0.10096153846153844,-0.025641025641025605,-0.041025641025641046,-0.05673758865248224,-0.0741360089186176,-0.07023411371237454,-0.04531902206320809,-0.06983087834151663,0.0,-0.0405485986881336,-0.04444444444444445,-0.08292416803055092,-0.07849293563579274,-0.04531902206320809,-0.058119658119658135,-0.0625,-0.08372579801151225,0.0026990553306342896,-0.02380952380952378,-0.0680272108843537,-0.040792540792540743,-0.05232862375719516,-0.02126328955597251,0.06526806526806528,0.007422402159244279,-0.023310023310023298,-0.0654664484451718,-0.028622540250447248,-0.0405485986881336,-0.04531902206320809,-0.058119658119658135,-0.028622540250447248,-0.012820512820512803,0.012474012474012475,-0.02618657937806873,0.008547008547008558,-0.016483516483516453,-0.06243032329988851,0.012474012474012475,-0.028622540250447248,-0.051282051282051266,-0.0032051282051281937,-0.025015634771732354,-0.025641025641025605,0.0,-0.040792540792540743,-0.08292416803055092,-0.05247465712582,0.014170040485830038,-0.058119658119658135,-0.037878787878787845,-0.008333333333333304,-0.06243032329988851,-0.012507817385866177,-0.08173076923076922,-0.018315018315018305,-0.06495726495726495,-0.035778175313059046,-0.03205128205128205,0.0,-0.021978021978021955,-0.05237315875613746,-0.00512820512820511,-0.06837606837606841,-0.008333333333333304,-0.03339296362552174,-0.040792540792540743,-0.037878787878787845,0.009446693657220007,-0.02623732856291,-0.010897435897435859,-0.015009380863039434,-0.007051282051282026,0.006072874493927155,-0.05072463768115937,-0.014652014652014655,-0.058528428093645446,-0.028622540250447248,-0.02014652014652013,-0.037878787878787845,-0.021466905187835422,-0.026223776223776196,-0.028622540250447248,-0.01375859912445282,0.0,-0.015009380863039434,0.0026990553306342896,0.004723346828610003,-0.041025641025641046,-0.01375859912445282,-0.0654664484451718
0.02756286266924557,0.03026004728132381,0.01295097132284917,0.13529732678668838,1.0,0.05065856129685914,0.0,0.0,0.08105369807497464,-0.01196808510638303,0.05065856129685914,0.017021276595744594,0.0,0.009250693802035137,0.011100832562442098,0.047501237011380426,0.0,0.08728859792689575,0.04354280059376536,0.016075650118203277,0.0,-0.016500217108119886,0.031667491340920284,0.017966903073285967,-0.007092198581560294,-0.01563178462874515,0.05039193729003358,0.04559270516717323,-0.018237082066869303,0.026112185686653744,-0.010421189752496757,0.06538661131292162,0.1624758220502901,0.07558790593505038,0.0217601547388781,0.0,0.03562592775853529,0.039584364176150355,0.04948045522018785,0.01891252955082734,0.033646709549727816,0.02026342451874366,0.08050603795284644,0.0,0.05200945626477543,0.030395136778115506,0.008788159111933314,0.08625646923519259,0.029688273132112752,0.020803782505910084,0.05212765957446808,0.0809548521017125,0.05825734549138806,0.14839061647572283,0.036266924564796854,0.0,0.05343889163780302,0.15117581187010076,0.02269503546099283,0.026112185686653744,0.05212765957446808,0.008325624421831601,0.04359107420861441,-0.010638297872340496,0.035460992907801414,0.024586288416075575,0.039584364176150355,0.020309477756286276,0.0654664484451718,0.04052684903748732,0.0,0.040957446808510656,0.021749408983451457,0.05957446808510641,0.029688273132112752,0.02756286266924557,0.024661508704061863,0.08062709966405379,0.019792182088075178,0.06329787234042555,0.04981837052413074,0.06329787234042555,0.060470324748040316,0.009250693802035137,0.030395136778115506,0.00971322849213685,0.025729836714497745,0.030395136778115506,0.02756286266924557,0.025729836714497745,0.026112185686653744,0.027709054923305276,0.04670472236637252,0.03055100927441351,0.04670472236637252,0.040313549832026896,0.05039193729003358,0.015130023640661905,0.03736377789309803,0.0
-0.016233766233766267,-0.04444444444444451,-0.0662525879917184,0.02747252747252743,-0.05065856129685914,1.0,-0.06332320162107385,-0.07092198581560283,0.0,-0.059523809523809534,0.0,-0.026984126984127,-0.02786220871327255,-0.041407867494824,-0.041407867494824,-0.010520487264673362,-0.048125633232016185,0.02930402930402931,-0.01218161683277974,-0.0317460317460318,-0.05825734549138806,-0.05442176870748294,-0.009966777408637939,-0.030158730158730218,-0.07440476190476186,-0.04081632653061226,0.03759398496240601,0.0,-0.0714285714285714,-0.020562770562770616,-0.06122448979591838,0.009872241579558627,0.0714285714285714,0.03508771929824561,-0.021645021645021634,-0.04559270516717323,-0.006644518272425293,-0.01218161683277974,-0.010520487264673362,-0.0365079365079366,-0.010520487264673362,0.0,0.04826254826254822,-0.03799392097264437,0.05555555555555558,0.0,-0.03726708074534163,0.05469755469755466,-0.011074197120708784,-0.03809523809523818,0.01785714285714285,0.012195121951219523,0.0,0.031135531135531136,-0.031385281385281405,-0.07092198581560283,-0.01218161683277974,0.06265664160401008,-0.028571428571428636,-0.019480519480519487,0.01904761904761909,-0.024844720496894457,0.009872241579558627,-0.05059523809523808,0.0,-0.03333333333333338,-0.012735326688815163,-0.009740259740259744,0.02014652014652013,0.0,-0.0557244174265451,0.011904761904761918,-0.020634920634920673,0.01904761904761909,-0.009413067552602461,-0.017316017316017285,-0.015151515151515138,0.02756892230576441,-0.007751937984496138,0.01785714285714285,0.008130081300812997,0.011904761904761918,0.017543859649122806,-0.018633540372670815,0.0,-0.02898550724637683,-0.0033222591362126463,0.0,-0.019480519480519487,-0.006644518272425293,-0.010822510822510817,-0.009413067552602461,0.006387921022067311,0.02930402930402931,0.009291521486643417,0.022556390977443608,0.020050125313283235,-0.0158730158730159,0.010452961672473837,-0.048125633232016185
0.023210831721470038,0.028368794326241065,0.014801110083256241,0.10911074740861959,0.0,0.06332320162107385,1.0,0.0,0.07092198581560283,-0.011081560283688008,0.035460992907801414,0.01891252955082734,0.0,0.00971322849213685,0.013413506012950882,0.05739732805541797,0.0,0.07419530823786141,0.04948045522018785,0.020803782505910084,0.0,-0.014763352149370412,0.039584364176150355,0.021749408983451457,-0.009751773049645418,-0.011289622231871466,0.07558790593505038,0.05065856129685914,-0.02257924446374293,0.026112185686653744,-0.012158054711246202,0.04981837052413074,0.1263700838168923,0.060470324748040316,0.0217601547388781,0.0,0.025729836714497745,0.04354280059376536,0.04948045522018785,0.02269503546099283,0.033646709549727816,0.03292806484295846,0.05750431282346172,0.0,0.07801418439716312,0.035460992907801414,0.00971322849213685,0.10350776308223109,0.03760514596734282,0.021749408983451457,0.05585106382978722,0.08718214841722882,0.06838905775075987,0.11347517730496448,0.03336557059961309,0.0,0.05343889163780302,0.13605823068309075,0.01891252955082734,0.02756286266924557,0.06329787234042555,0.006938020351526353,0.06538661131292162,-0.010638297872340496,0.05065856129685914,0.028368794326241065,0.045522018802572894,0.017408123791102514,0.06983087834151663,0.03799392097264437,0.0,0.05585106382978722,0.021749408983451457,0.07446808510638298,0.04156358238495789,0.03336557059961309,0.03191489361702127,0.09070548712206045,0.023750618505690213,0.06702127659574464,0.04670472236637252,0.03723404255319149,0.040313549832026896,0.006475485661424585,0.04052684903748732,0.007863089731729833,0.025729836714497745,0.035460992907801414,0.024661508704061863,0.02177140029688268,0.020309477756286276,0.039584364176150355,0.04359107420861441,0.05673758865248224,0.04981837052413074,0.05039193729003358,0.04535274356103022,0.015130023640661905,0.04359107420861441,0.0
0.020309477756286276,0.031205673758865182,0.017113783533765026,0.10911074740861959,0.0,0.07092198581560283,0.0,1.0,0.07852077001013169,-0.01152482269503552,0.04559270516717323,0.020803782505910084,0.0,0.00971322849213685,0.012025901942645745,0.047501237011380426,0.0,0.07855973813420614,0.04948045522018785,0.017021276595744594,0.0,-0.01563178462874515,0.03760514596734282,0.01891252955082734,-0.01019503546099293,-0.012158054711246202,0.05039193729003358,0.035460992907801414,-0.01910551454624404,0.026112185686653744,-0.013026487190620939,0.052932018681888904,0.1173436492585429,0.06550951847704373,0.020309477756286276,0.0,0.031667491340920284,0.045522018802572894,0.045522018802572894,0.020803782505910084,0.031667491340920284,0.035460992907801414,0.08050603795284644,0.0,0.07801418439716312,0.02532928064842957,0.008788159111933314,0.08050603795284644,0.03562592775853529,0.019858156028368712,0.05212765957446808,0.09340944473274504,0.06079027355623101,0.11783960720130926,0.039168278529980616,0.0,0.059376546264225505,0.15117581187010076,0.019858156028368712,0.03191489361702127,0.07074468085106378,0.007863089731729833,0.0622729631551634,-0.011081560283688008,0.048125633232016185,0.024586288416075575,0.04354280059376536,0.0217601547388781,0.06110201854882702,0.04305977710233028,0.0,0.04840425531914894,0.01891252955082734,0.05957446808510641,0.04156358238495789,0.02756286266924557,0.024661508704061863,0.07558790593505038,0.023750618505690213,0.06329787234042555,0.04981837052413074,0.03723404255319149,0.05543113101903696,0.007863089731729833,0.030395136778115506,0.006938020351526353,0.017812963879267646,0.03292806484295846,0.023210831721470038,0.019792182088075178,0.0217601547388781,0.03760514596734282,0.03425012973533986,0.05237315875613746,0.05915931499740523,0.040313549832026896,0.030235162374020158,0.011347517730496415,0.052932018681888904,0.0
-0.018398268398268414,-0.050793650793650835,-0.0600414078674949,0.038461538461538436,-0.08105369807497464,0.0,-0.07092198581560283,-0.07852077001013169,1.0,-0.06845238095238099,0.0,-0.0317460317460318,-0.02786220871327255,-0.0331262939958592,-0.04554865424430643,-0.012735326688815163,-0.04052684903748732,0.031135531135531136,-0.011627906976744207,-0.030158730158730218,-0.05825734549138806,-0.05102040816326531,-0.007751937984496138,-0.030158730158730218,-0.0625,-0.044217687074829926,0.022556390977443608,0.0,-0.07482993197278914,-0.018398268398268414,-0.05102040816326531,0.009291521486643417,0.09090909090909088,0.02506265664160401,-0.014069264069264065,-0.04052684903748732,-0.007198228128460715,-0.011627906976744207,-0.013289036544850585,-0.0317460317460318,-0.007751937984496138,0.0,0.041827541827541836,-0.022796352583586615,0.03968253968253971,0.0,-0.031055900621118016,0.03861003861003859,-0.007751937984496138,-0.03333333333333338,0.01428571428571429,0.012775842044134622,0.0,0.045787545787545736,-0.02813852813852813,-0.07345491388044578,-0.01439645625692143,0.08020050125313294,-0.0317460317460318,-0.019480519480519487,0.015476190476190477,-0.031055900621118016,0.008130081300812997,-0.05654761904761907,0.0,-0.0365079365079366,-0.01218161683277974,-0.010822510822510817,0.018315018315018305,0.0,-0.05065856129685914,0.011904761904761918,-0.025396825396825418,0.01785714285714285,-0.009966777408637939,-0.021645021645021634,-0.017316017316017285,0.03007518796992481,-0.005537098560354392,0.01785714285714285,0.007549361207897787,0.011904761904761918,0.022556390977443608,-0.035196687370600444,0.0,-0.02898550724637683,-0.003875968992248069,0.0,-0.018398268398268414,-0.005537098560354392,-0.015151515151515138,-0.007751937984496138,0.005807200929152129,0.018315018315018305,0.009872241579558627,0.020050125313283235,0.015037593984962405,-0.0158730158730159,0.007549361207897787,-0.048125633232016185
0.03030303030303033,0.04166666666666663,0.020833333333333315,0.10096153846153844,0.01196808510638303,0.059523809523809534,0.011081560283688008,0.01152482269503552,0.06845238095238099,1.0,0.05654761904761907,0.030555555555555503,0.009751773049645418,0.019021739130434756,0.017210144927536197,0.06298449612403101,0.007978723404255372,0.0625,0.036337209302325535,0.01944444444444443,0.007535460992907805,-0.007227891156462607,0.03391472868217055,0.02916666666666662,0.0,-0.006802721088435326,0.07127192982456149,0.05059523809523808,-0.007653061224489777,0.03219696969696967,-0.009778911564625847,0.07469512195121952,0.16098484848484845,0.06030701754385967,0.024621212121212155,0.005319148936170248,0.031492248062015504,0.04118217054263562,0.05087209302325579,0.033333333333333326,0.02906976744186046,0.041666666666666685,0.07432432432432434,0.007092198581560294,0.09722222222222227,0.029761904761904767,0.011775362318840632,0.061936936936936915,0.03391472868217055,0.016666666666666663,0.07916666666666666,0.08536585365853655,0.059523809523809534,0.07692307692307693,0.045454545454545525,0.011081560283688008,0.05329457364341078,0.11513157894736847,0.036111111111111094,0.041666666666666685,0.09583333333333338,0.016304347826086973,0.08180894308943082,0.0,0.047619047619047616,0.023611111111111083,0.04118217054263562,0.026515151515151547,0.0625,0.04464285714285715,0.007535460992907805,0.07916666666666666,0.0222222222222222,0.06666666666666671,0.04844961240310075,0.04924242424242431,0.034090909090909116,0.10416666666666669,0.043604651162790664,0.08333333333333337,0.0533536585365853,0.041666666666666685,0.07127192982456149,0.019021739130434756,0.041666666666666685,0.017210144927536197,0.031492248062015504,0.04464285714285715,0.028409090909090884,0.03391472868217055,0.024621212121212155,0.05087209302325579,0.06402439024390244,0.06730769230769229,0.07825203252032514,0.08223684210526316,0.06030701754385967,0.013888888888888867,0.04979674796747968,0.00576241134751776
-0.016233766233766267,-0.028571428571428636,-0.035196687370600444,0.025641025641025605,-0.05065856129685914,0.0,-0.035460992907801414,-0.04559270516717323,0.0,-0.05654761904761907,1.0,-0.03968253968253965,-0.04052684903748732,-0.035196687370600444,-0.0331262939958592,-0.005537098560354392,-0.04559270516717323,0.021978021978021955,-0.011627906976744207,-0.022222222222222254,-0.04559270516717323,-0.05782312925170069,-0.009966777408637939,-0.0317460317460318,-0.05059523809523808,-0.08843537414965985,0.02506265664160401,0.0,-0.04081632653061226,-0.021645021645021634,-0.044217687074829926,0.006387921022067311,0.038961038961038946,0.020050125313283235,-0.011904761904761918,-0.04052684903748732,-0.005537098560354392,-0.006644518272425293,-0.00609080841638987,-0.022222222222222254,-0.007198228128460715,0.0,0.03861003861003859,-0.03799392097264437,0.02777777777777779,0.0,-0.031055900621118016,0.025740025740025735,-0.008859357696567038,-0.020634920634920673,0.020238095238095277,0.009291521486643417,0.0,0.025641025641025605,-0.019480519480519487,-0.05065856129685914,-0.007198228128460715,0.03759398496240601,-0.030158730158730218,-0.024891774891774965,0.016666666666666663,-0.04554865424430643,0.008130081300812997,-0.05059523809523808,0.0,-0.025396825396825418,-0.007751937984496138,-0.015151515151515138,0.016483516483516453,0.0,-0.04559270516717323,0.01428571428571429,-0.026984126984127,0.011904761904761918,-0.009413067552602461,-0.019480519480519487,-0.016233766233766267,0.05012531328320802,-0.008305647840531616,0.016666666666666663,0.009291521486643417,0.01428571428571429,0.03007518796992481,-0.035196687370600444,0.0,-0.026915113871635588,-0.0049833887043189695,0.0,-0.015151515151515138,-0.007751937984496138,-0.012987012987012991,-0.007751937984496138,0.005807200929152129,0.02380952380952378,0.009291521486643417,0.02756892230576441,0.02506265664160401,-0.01746031746031751,0.008130081300812997,-0.04305977710233028
0.005555555555555591,0.0,-0.010144927536231862,0.041025641025641046,-0.017021276595744594,0.026984126984127,-0.01891252955082734,-0.020803782505910084,0.0317460317460318,-0.030555555555555503,0.03968253968253965,1.0,-0.01891252955082734,-0.010628019323671412,-0.008695652173912993,0.014470284237726116,-0.017966903073285967,0.03760683760683764,0.018604651162790697,0.0,-0.016075650118203277,-0.03446712018140585,0.01757105943152454,0.0,-0.02916666666666662,-0.05260770975056683,0.06140350877192985,0.0317460317460318,-0.029024943310657525,0.011111111111111183,-0.03265306122448974,0.019512195121951237,0.04848484848484849,0.020467836257309954,0.007070707070707116,-0.00945626477541367,0.009302325581395349,0.012403100775193798,0.012403100775193798,0.0,0.009302325581395349,0.026984126984127,0.06246246246246251,-0.017021276595744594,0.07777777777777783,0.023809523809523836,-0.005797101449275366,0.043243243243243246,0.014470284237726116,0.0,0.050000000000000044,0.04336043360433606,0.026984126984127,0.041025641025641046,0.010606060606060619,-0.01891252955082734,0.01653746770025838,0.07777777777777783,0.0,0.010606060606060619,0.050000000000000044,-0.010144927536231862,0.045528455284552904,-0.030555555555555503,0.025396825396825418,0.0,0.010335917312661508,0.0060606060606061,0.04444444444444445,0.01904761904761909,-0.016075650118203277,0.05277777777777781,0.0,0.025000000000000022,0.018604651162790697,0.013131313131313216,0.00909090909090915,0.07368421052631585,0.01653746770025838,0.027777777777777818,0.03252032520325199,0.01666666666666669,0.04093567251461991,-0.008695652173912993,0.022222222222222254,-0.007729468599033784,0.010335917312661508,0.028571428571428636,0.004545454545454575,0.010335917312661508,0.0060606060606061,0.01550387596899222,0.03252032520325199,0.04444444444444445,0.036856368563685626,0.06549707602339189,0.0491228070175439,0.0,0.02818428184281846,-0.01323877068557916
0.024661508704061863,0.014184397163120532,0.006475485661424585,0.05673758865248224,0.0,0.02786220871327255,0.0,0.0,0.02786220871327255,-0.009751773049645418,0.04052684903748732,0.01891252955082734,1.0,0.008325624421831601,0.0046253469010175685,0.02177140029688268,0.0,0.06983087834151663,0.027709054923305276,0.015130023640661905,0.0,-0.02257924446374293,0.031667491340920284,0.014184397163120532,-0.007978723404255372,-0.018237082066869303,0.07558790593505038,0.0557244174265451,-0.00955275727312202,0.023210831721470038,-0.016500217108119886,0.04359107420861441,0.14442295293359125,0.08062709966405379,0.02756286266924557,0.0,0.031667491340920284,0.025729836714497745,0.02177140029688268,0.014184397163120532,0.03760514596734282,0.04559270516717323,0.05175388154111554,0.0,0.08451536643026009,0.04052684903748732,0.007863089731729833,0.06325474410580789,0.027709054923305276,0.008510638297872297,0.04840425531914894,0.05604566683964707,0.022796352583586615,0.03491543917075832,0.0217601547388781,0.0,0.025729836714497745,0.04535274356103022,0.015130023640661905,0.023210831721470038,0.08191489361702131,0.013413506012950882,0.06850025947067973,-0.007978723404255372,0.035460992907801414,0.011347517730496415,0.023750618505690213,0.03191489361702127,0.0654664484451718,0.03799392097264437,0.0,0.08936170212765959,0.015130023640661905,0.040957446808510656,0.03760514596734282,0.029013539651837505,0.029013539651837505,0.08062709966405379,0.033646709549727816,0.040957446808510656,0.03736377789309803,0.05212765957446808,0.05039193729003358,0.010638297872340385,0.035460992907801414,0.008788159111933314,0.039584364176150355,0.06079027355623101,0.018858800773694395,0.03562592775853529,0.013056092843326872,0.03562592775853529,0.04981837052413074,0.07855973813420614,0.052932018681888904,0.10078387458006716,0.08566629339305709,0.016075650118203277,0.04359107420861441,0.0
0.006916996047430846,0.010144927536231862,0.0,0.0741360089186176,-0.009250693802035137,0.041407867494824,-0.00971322849213685,-0.00971322849213685,0.0331262939958592,-0.019021739130434756,0.035196687370600444,0.010628019323671412,-0.008325624421831601,1.0,0.0,0.03336703741152669,-0.010638297872340385,0.06243032329988851,0.040950455005055564,0.006280193236714915,-0.013413506012950882,-0.033274179236912116,0.04246713852376138,0.011594202898550732,-0.016304347826086973,-0.030612244897959162,0.059496567505720854,0.04554865424430643,-0.014640638864241357,0.028656126482213495,-0.02129547471162374,0.023860021208907733,0.08563899868247696,0.06407322654462244,0.014822134387351749,-0.0041628122109158006,0.02123356926188069,0.02123356926188069,0.024266936299292163,0.008695652173912993,0.019716885743174872,0.026915113871635588,0.05287896592244415,-0.006475485661424585,0.05434782608695654,0.035196687370600444,0.0,0.09518213866039948,0.019716885743174872,0.006763285024154575,0.048913043478260865,0.05302226935312826,0.035196687370600444,0.07023411371237454,0.017786561264822143,-0.008788159111933314,0.03185035389282104,0.08237986270022885,0.009178743961352653,0.012845849802371523,0.05869565217391304,0.0,0.06627783669141041,-0.03260869565217395,0.0600414078674949,0.015458937198067568,0.013650151668351845,0.018774703557312256,0.0741360089186176,0.02898550724637683,-0.010638297872340385,0.061956521739130466,0.01352657004830915,0.05217391304347829,0.030333670374115218,0.021739130434782594,0.015810276679841917,0.1235697940503433,0.02123356926188069,0.03913043478260875,0.04772004241781547,0.03913043478260875,0.050343249427917625,0.0,0.02898550724637683,0.0,0.02123356926188069,0.0331262939958592,0.008893280632411071,0.0227502527805864,0.008893280632411071,0.018200202224469164,0.04241781548250262,0.04682274247491641,0.04506892895015907,0.05491990846681927,0.06864988558352403,0.007729468599033784,0.02651113467656413,-0.006938020351526353
0.012845849802371523,0.011111111111111072,0.0,0.07023411371237454,-0.011100832562442098,0.041407867494824,-0.013413506012950882,-0.012025901942645745,0.04554865424430643,-0.017210144927536197,0.0331262939958592,0.008695652173912993,-0.0046253469010175685,0.0,1.0,0.03488372093023251,-0.008788159111933314,0.06633221850613158,0.03640040444893833,0.009178743961352653,-0.014801110083256241,-0.018633540372670787,0.03185035389282104,0.009661835748792202,-0.015398550724637639,-0.01996450754214729,0.050343249427917625,0.02898550724637683,-0.026619343389529704,0.01679841897233203,-0.013309671694764852,0.03976670201484617,0.11989459815546771,0.050343249427917625,0.009881422924901184,-0.007400555041628121,0.02730030333670369,0.025783619817997983,0.03488372093023251,0.010144927536231862,0.0227502527805864,0.022774327122153215,0.05287896592244415,-0.0041628122109158006,0.05434782608695654,0.018633540372670815,0.0,0.08460634547591067,0.019716885743174872,0.009178743961352653,0.042391304347826064,0.05037115588547192,0.049689440993788914,0.08193979933110368,0.017786561264822143,-0.008788159111933314,0.03488372093023251,0.10983981693363853,0.00724637681159418,0.017786561264822143,0.048913043478260865,0.0,0.05302226935312826,-0.02717391304347827,0.04554865424430643,0.018840579710144856,0.024266936299292163,0.012845849802371523,0.06243032329988851,0.03933747412008287,-0.01156336725254381,0.042391304347826064,0.01256038647342983,0.06847826086956527,0.02881698685540951,0.02075098814229248,0.01679841897233203,0.08695652173913049,0.016683518705763345,0.04565217391304349,0.03976670201484617,0.048913043478260865,0.03203661327231122,0.0,0.031055900621118016,0.0,0.0227502527805864,0.020703933747412,0.013833992094861691,0.0227502527805864,0.015810276679841917,0.02123356926188069,0.034464475079533374,0.03511705685618727,0.03976670201484617,0.036613272311212836,0.04576659038901601,0.008212560386473444,0.029162248144220526,-0.008788159111933314
-0.007399577167019,-0.027906976744186074,-0.03336703741152669,0.04531902206320809,-0.047501237011380426,0.010520487264673362,-0.05739732805541797,-0.047501237011380426,0.012735326688815163,-0.06298449612403101,0.005537098560354392,-0.014470284237726116,-0.02177140029688268,-0.03336703741152669,-0.03488372093023251,1.0,-0.04156358238495789,0.04531902206320809,0.0,-0.01757105943152454,-0.04354280059376536,-0.04841006169909823,0.0,-0.019638242894056857,-0.05087209302325579,-0.022781205505457952,0.052019583843329276,0.011074197120708784,-0.05410536307546271,-0.008456659619450246,-0.04271476032273369,0.020419739081111776,0.105708245243129,0.0367197062423501,-0.010042283298097254,-0.029688273132112752,0.0,0.0,0.0,-0.018604651162790697,0.0,0.004429678848283519,0.04525455688246388,-0.029688273132112752,0.08139534883720939,0.008859357696567038,-0.024266936299292163,0.05656819610307984,0.0,-0.01757105943152454,0.029651162790697738,0.02268859897901304,0.013289036544850585,0.047704233750745395,-0.009513742071881548,-0.04156358238495789,0.0,0.07037943696450433,-0.019638242894056857,-0.007928118393234651,0.0244186046511628,-0.015166835187057609,0.019285309132161088,-0.05329457364341078,0.009413067552602461,-0.02273901808785528,0.0,-0.005813953488372048,0.03339296362552174,0.007198228128460715,-0.033646709549727816,0.026162790697674465,-0.019638242894056857,0.0244186046511628,0.0,-0.008985200845665953,-0.009513742071881548,0.04283965728274175,0.0,0.026162790697674465,0.014747589336358502,0.013953488372093065,0.04589963280293763,-0.025783619817997983,0.009966777408637939,-0.025783619817997983,0.0,0.008859357696567038,-0.008456659619450246,0.0,-0.006342494714587699,0.0,0.014747589336358502,0.023852116875372698,0.017016449234259767,0.04589963280293763,0.04283965728274175,-0.013436692506459957,0.014747589336358502,-0.031667491340920284
0.015957446808510634,0.01891252955082734,0.008788159111933314,0.06983087834151663,0.0,0.048125633232016185,0.0,0.0,0.04052684903748732,-0.007978723404255372,0.04559270516717323,0.017966903073285967,0.0,0.010638297872340385,0.008788159111933314,0.04156358238495789,1.0,0.10038188761593014,0.05145967342899549,0.020803782505910084,0.0,-0.018237082066869303,0.04354280059376536,0.023640661938534202,-0.008865248226950395,-0.021710811984368306,0.0957446808510638,0.05319148936170209,-0.017368649587494567,0.03046421663442933,-0.018237082066869303,0.028022833419823534,0.14442295293359125,0.13101903695408745,0.024661508704061863,0.0,0.033646709549727816,0.03562592775853529,0.03760514596734282,0.021749408983451457,0.03760514596734282,0.03292806484295846,0.046003450258769396,0.0,0.07801418439716312,0.04559270516717323,0.010638297872340385,0.10925819436457729,0.033646709549727816,0.017966903073285967,0.05212765957446808,0.04359107420861441,0.04305977710233028,0.06110201854882702,0.02756286266924557,0.0,0.03562592775853529,0.06550951847704373,0.015130023640661905,0.015957446808510634,0.04840425531914894,0.010638297872340385,0.04670472236637252,-0.008865248226950395,0.05825734549138806,0.017966903073285967,0.04156358238495789,0.03046421663442933,0.07419530823786141,0.048125633232016185,0.0,0.07074468085106378,0.021749408983451457,0.06329787234042555,0.04156358238495789,0.026112185686653744,0.03191489361702127,0.09070548712206045,0.027709054923305276,0.044680851063829796,0.06850025947067973,0.05957446808510641,0.040313549832026896,0.008325624421831601,0.04305977710233028,0.00971322849213685,0.033646709549727816,0.04305977710233028,0.026112185686653744,0.03562592775853529,0.018858800773694395,0.031667491340920284,0.03736377789309803,0.05673758865248224,0.03736377789309803,0.07558790593505038,0.09070548712206045,0.020803782505910084,0.04670472236637252,0.0
-0.03496503496503495,-0.058119658119658135,-0.07803790412486061,0.0,-0.08728859792689575,-0.02930402930402931,-0.07419530823786141,-0.07855973813420614,-0.031135531135531136,-0.0625,-0.021978021978021955,-0.03760683760683764,-0.06983087834151663,-0.06243032329988851,-0.06633221850613158,-0.04531902206320809,-0.10038188761593014,1.0,-0.05008944543828264,-0.06495726495726495,-0.10038188761593014,-0.12035583464154892,-0.0405485986881336,-0.06153846153846154,-0.043269230769230754,-0.07849293563579274,0.010121457489878583,-0.03479853479853473,-0.08372579801151225,-0.0437062937062937,-0.05232862375719516,-0.012507817385866177,0.06993006993006995,0.01619433198380571,-0.05244755244755239,-0.08292416803055092,-0.042933810375670844,-0.023852116875372698,-0.03339296362552174,-0.06153846153846154,-0.05485986881335725,-0.016483516483516453,0.01524601524601521,-0.06983087834151663,0.021367521367521403,-0.02930402930402931,-0.07023411371237454,0.023562023562023526,-0.04531902206320809,-0.06153846153846154,-0.00512820512820511,-0.016260162601625994,-0.02380952380952378,0.0,-0.055361305361305346,-0.06983087834151663,-0.047704233750745395,0.010796221322537158,-0.041025641025641046,-0.03496503496503495,-0.004487179487179471,-0.058528428093645446,-0.012507817385866177,-0.08653846153846151,-0.032967032967032905,-0.05470085470085473,-0.042933810375670844,-0.058275058275058245,0.0,-0.04395604395604391,-0.08728859792689575,-0.009615384615384581,-0.07521367521367528,-0.009615384615384581,-0.03339296362552174,-0.026223776223776196,-0.05244755244755239,0.006747638326585703,-0.01669648181276087,-0.005769230769230749,-0.02126328955597251,-0.011538461538461497,0.008771929824561486,-0.0741360089186176,-0.031135531135531136,-0.07023411371237454,-0.0405485986881336,-0.02380952380952378,-0.0611888111888112,-0.042933810375670844,-0.03496503496503495,-0.021466905187835422,-0.010006253908692947,0.0,-0.012507817385866177,0.009446693657220007,0.009446693657220007,-0.07179487179487182,-0.01876172607879928,-0.10474631751227492
-0.004228329809725123,-0.021705426356589175,-0.037917087967644036,0.0405485986881336,-0.04354280059376536,0.01218161683277974,-0.04948045522018785,-0.04948045522018785,0.011627906976744207,-0.036337209302325535,0.011627906976744207,-0.018604651162790697,-0.027709054923305276,-0.040950455005055564,-0.03640040444893833,0.0,-0.05145967342899549,0.05008944543828264,1.0,-0.020671834625323016,-0.061355764473033036,-0.05980066445182719,0.0,-0.02273901808785528,-0.04118217054263562,-0.06549596582819167,0.04283965728274175,0.011627906976744207,-0.05410536307546271,-0.012684989429175397,-0.04271476032273369,0.012478729438457181,0.07047216349541935,0.0611995104039168,-0.006342494714587699,-0.033646709549727816,0.0,0.0,0.0,-0.020671834625323016,0.0,0.005537098560354392,0.03771213073538654,-0.025729836714497745,0.03165374677002586,0.006644518272425293,-0.03488372093023251,0.0678818353236958,0.0,-0.019638242894056857,0.0244186046511628,0.02155416903006241,0.010520487264673362,0.047704233750745395,-0.011627906976744096,-0.04354280059376536,0.0,0.0611995104039168,-0.01653746770025838,-0.007399577167019,0.02790697674418613,-0.03185035389282104,0.020419739081111776,-0.060562015503875855,0.013842746400886008,-0.027906976744186074,0.0,-0.012156448202959802,0.05008944543828264,0.009413067552602461,-0.05343889163780302,0.029651162790697738,-0.026873385012919915,0.022674418604651192,0.0,-0.01057082452431285,-0.011099365750528556,0.0611995104039168,0.0,0.020930232558139583,0.02268859897901304,0.026162790697674465,0.027539779681762577,-0.0227502527805864,0.007198228128460715,-0.024266936299292163,0.0,0.007751937984496138,-0.008456659619450246,0.0,-0.005813953488372048,0.0,0.013613159387407814,0.02623732856291,0.017016449234259767,0.024479804161566754,0.0367197062423501,-0.018604651162790697,0.019285309132161088,-0.04156358238495789
0.008080808080808133,0.0,-0.009661835748792202,0.04444444444444445,-0.016075650118203277,0.0317460317460318,-0.020803782505910084,-0.017021276595744594,0.030158730158730218,-0.01944444444444443,0.022222222222222254,0.0,-0.015130023640661905,-0.006280193236714915,-0.009178743961352653,0.01757105943152454,-0.020803782505910084,0.06495726495726495,0.020671834625323016,1.0,-0.024586288416075575,-0.02721088435374147,0.018604651162790697,0.0,-0.0222222222222222,-0.02176870748299317,0.09005847953216384,0.026984126984127,-0.05804988662131505,0.007070707070707116,-0.039909297052154125,0.02818428184281846,0.07272727272727275,0.057309941520467866,0.007575757575757569,-0.025531914893616947,0.021705426356589175,0.01550387596899222,0.019638242894056857,0.0,0.020671834625323016,0.025396825396825418,0.03363363363363364,-0.017021276595744594,0.06111111111111117,0.026984126984127,-0.010144927536231862,0.07207207207207206,0.027906976744186074,0.0,0.03888888888888892,0.03035230352303525,0.028571428571428636,0.04444444444444445,0.008080808080808133,-0.01891252955082734,0.01653746770025838,0.06959064327485381,0.0,0.008080808080808133,0.03333333333333338,-0.009178743961352653,0.03035230352303525,-0.0222222222222222,0.026984126984127,0.0,0.028940568475452233,0.007575757575757569,0.058119658119658135,0.03333333333333338,-0.02647754137115832,0.03611111111111115,0.0,0.06111111111111123,0.019638242894056857,0.008585858585858586,0.013636363636363669,0.0491228070175439,0.013436692506459957,0.03333333333333338,0.039024390243902474,0.041666666666666685,0.036842105263157926,-0.005314009661835706,0.03492063492063502,-0.008695652173912993,0.01757105943152454,0.01746031746031751,0.013636363636363669,0.01757105943152454,0.004545454545454575,0.020671834625323016,0.008672086720867209,0.04786324786324786,0.017344173441734417,0.06140350877192985,0.06140350877192985,0.0,0.04986449864498643,-0.023640661938534202
