0,1,2,3,4,5,6,7,8,9,10,11,12,13,14,15,16,17,18,19,20,21,22,23,24,25,26,27,28,29,30,31,32,33,34,35,36,37,38,39,40,41,42,43,44,45,46,47,48,49,50,51,52,53,54,55,56,57,58,59,60,61,62,63,64,65,66,67,68,69,70,71,72,73,74,75,76,77,78,79,80,81,82,83,84,85,86,87,88,89,90,91,92,93,94,95,96,97,98,99
1.0,0.009887005649717562,0.009887005649717562,-0.07173913043478253,-0.03205128205128205,-0.02857142857142858,0.08974358974358976,-0.03437499999999993,-0.013440860215053752,0.019298245614035148,0.02777777777777779,-0.038308457711442756,0.0,-0.005737704918032771,-0.009677419354838734,0.05606060606060603,0.024242424242424288,0.018421052631579005,0.041176470588235314,0.019298245614035148,0.0,-0.021794871794871717,-0.016666666666666663,0.008333333333333331,-0.016666666666666663,0.013095238095238104,0.0031073446327683774,-0.01190476190476189,0.020238095238095277,0.006896551724137973,-0.005737704918032771,0.036904761904761885,-0.014516129032258018,0.0,-0.024358974358974328,0.021428571428571408,-0.00464480874316936,0.0,0.059863945578231326,0.0,0.025925925925925963,0.008620689655172431,-0.008602150537634357,0.041025641025641046,0.018181818181818216,-0.022916666666666585,0.03301886792452835,0.013218390804597746,-0.02460317460317457,0.01149425287356326,0.0,0.10000000000000009,0.011016949152542366,0.02192982456140352,0.050000000000000044,0.045454545454545525,0.02011494252873569,0.0,-0.013978494623655913,-0.006010928961748596,-0.013978494623655913,0.00804597701149426,0.0053672316384180685,0.005932203389830526,-0.013492063492063444,-0.004371584699453479,0.030701754385965008,0.020238095238095277,-0.008333333333333304,-0.03636363636363632,0.021212121212121238,-0.01794871794871794,-0.01190476190476189,0.0,0.004519774011299438,-0.015079365079365081,-0.00491803278688524,-0.033333333333333326,-0.021874999999999978,0.009604519774011333,-0.00555555555555555,0.016666666666666663,-0.012698412698412653,-0.0016393442622950616,-0.003005464480874298,-0.006989247311827956,-0.01458333333333331,0.0,-0.03725490196078429,0.01666666666666669,0.01904761904761909,-0.03229166666666655,0.03030303030303033,-0.020833333333333315,-0.002083333333333326,0.043333333333333335,-0.021874999999999978,0.028205128205128216,-0.03541666666666654,-0.023958333333333248
-0.009887005649717562,1.0,0.0,-0.09825595676737897,-0.05319426336375477,-0.02797955340328223,0.06388526727509775,-0.04634533898305071,-0.013121924548933794,0.010110020814748766,0.02354048964218458,-0.03845180875284593,-0.0028248587570621486,-0.008891358710752917,-0.01722252597047569,0.03697996918335911,0.011093990755007721,0.011894142134998564,0.023928215353938187,0.011894142134998564,-0.003954802259887008,-0.023468057366362427,-0.039113428943937434,0.01361985472154964,-0.01937046004842613,0.009079903147699742,0.0,-0.02044659671778315,0.014527845036319653,0.004967855055523107,-0.009447068630175026,0.02179176755447937,-0.0164024056861673,-0.003389830508474606,-0.034419817470664915,0.014527845036319653,-0.00833564879133089,-0.005932203389830526,0.0415081286751989,-0.007627118644067787,0.017263025737602022,0.0052600818234950775,-0.011481683980317098,0.029661016949152547,0.01972265023112485,-0.03177966101694912,0.03261912376079318,0.006428988895382848,-0.02259887005649719,0.004967855055523107,-0.009322033898305104,0.11166500498504484,0.0,0.02022004162949753,0.048650345260514816,0.030816640986132515,0.009351256575102385,-0.007062146892655385,-0.019682886823400803,-0.007779938871908837,-0.013942044833242184,0.0014611338398597407,0.0,0.0,-0.01829432337906911,-0.010558488469019134,0.019625334522747617,0.012711864406779655,-0.011917372881355914,-0.04134565998972778,0.024653312788906034,-0.03598435462842242,-0.02259887005649719,-0.007909604519774016,0.0,-0.02259887005649719,-0.009447068630175026,-0.04853620955315868,-0.026483050847457612,0.0,-0.015065913370998107,0.014124293785310743,-0.01721818670971209,-0.005557099194220594,-0.009447068630175026,-0.013942044833242184,-0.027807203389830504,-0.0064971751412429835,-0.0493519441674975,0.018489984591679554,0.009987893462469727,-0.03045550847457623,0.01972265023112485,-0.02383474576271183,-0.022510593220338937,0.03355932203389833,-0.03177966101694912,0.03194263363754887,-0.03442796610169485,-0.02515889830508472
-0.009887005649717562,0.0,1.0,-0.07123556865634978,-0.03754889178617993,-0.049502286790422456,0.06616688396349407,-0.05561440677966101,-0.02788408966648437,0.015462384775498106,0.02981795354676714,-0.0627371616493802,-0.007627118644067787,-0.013892747985551512,-0.018862766539092413,0.0394453004622497,0.024653312788906034,0.013083556348498393,0.047856430707876374,0.013083556348498393,-0.005932203389830526,-0.034419817470664915,-0.0312907431551499,0.01361985472154964,-0.02797955340328223,0.019067796610169496,0.0,-0.01829432337906911,0.018159806295399483,0.004091174751607252,-0.011669908307863297,0.023607748184019395,-0.018862766539092413,-0.0048022598870056665,-0.0438070404172099,0.022699757869249382,-0.011669908307863297,-0.009322033898305104,0.0760982359045313,-0.007627118644067787,0.028248587570621486,0.006428988895382848,-0.018862766539092413,0.03422425032594528,0.02588597842835133,-0.027807203389830504,0.03645666773265116,0.006428988895382848,-0.03443637341942418,0.006721215663354763,-0.007627118644067787,0.07444333665669661,0.0,0.011894142134998564,0.05649717514124297,0.04067796610169494,0.009935710111046214,-0.010451977401129908,-0.02460360852925092,-0.01667129758266178,-0.02624384909786759,0.008182349503214503,0.0,0.0,-0.029055690072639195,-0.012781328146707405,0.017841213202497874,0.024515738498789352,-0.022510593220338937,-0.050333846944016436,0.023420647149460738,-0.034419817470664915,-0.02259887005649719,-0.009322033898305104,0.0,-0.03336023675006722,-0.016115587663239728,-0.050333846944016436,-0.022510593220338937,0.0,-0.01829432337906911,0.026679221594475888,-0.024751143395211228,-0.010558488469019134,-0.010558488469019134,-0.018862766539092413,-0.026483050847457612,-0.00508474576271184,-0.05832502492522429,0.01972265023112485,0.01361985472154964,-0.038400423728813526,0.02958397534668722,-0.03575211864406774,-0.018538135593220317,0.04271186440677968,-0.02383474576271183,0.03422425032594528,-0.045021186440677874,-0.03045550847457623
0.07173913043478253,0.09825595676737897,0.07123556865634978,1.0,0.04102564102564099,0.041407867494824,0.14687848383500557,0.04755434782608692,0.047452080411407194,0.08848207475209768,0.06843800322061194,0.012978585334198545,0.03478260869565214,0.04181515799477309,0.03927068723702665,0.13280632411067195,0.05164690382081688,0.07322654462242567,0.061381074168797956,0.05186880244088482,0.04999999999999993,0.011594202898550732,0.016945373467112612,0.047101449275362306,0.037267080745341574,0.06392339544513453,0.049127978383689486,0.03174603174603169,0.08074534161490682,0.04397801099450277,0.04371584699453551,0.10766045548654246,0.045815801776531107,0.023913043478260843,0.019620958751393525,0.0740165631469979,0.039914468995010666,0.05652173913043479,0.12422360248447206,0.06304347826086953,0.052334943639291476,0.06871564217891052,0.03272557269752219,0.06159420289855072,0.044268774703557334,0.021512681159420288,0.07437790538692923,0.04672663668165916,0.0331262939958592,0.052223888055972,0.06956521739130428,0.1483375959079284,0.10071235568656345,0.14035087719298245,0.10869565217391303,0.11805006587615285,0.09345327336331832,0.07173913043478253,0.058906030855539915,0.05321929199334763,0.045815801776531107,0.04397801099450277,0.05649717514124292,0.05649717514124292,0.03588681849551412,0.04751722499406036,0.10068649885583525,0.05383022774327123,0.015851449275362334,0.017786561264822087,0.08484848484848484,0.020512820512820495,0.023464458247066944,0.06304347826086953,0.04667157946450501,0.03864734299516909,0.04561653599429799,0.015151515151515138,0.028306159420289856,0.08843036109064106,0.02622498274672186,0.056360708534621606,0.0248447204968944,0.03231171299596103,0.036113090995485875,0.034361851332398274,0.029438405797101497,0.04999999999999993,0.005328218243819238,0.07009222661396575,0.0740165631469979,0.03396739130434784,0.10329380764163376,0.030570652173913027,0.030570652173913027,0.07710144927536233,0.026041666666666685,0.06633221850613152,0.027173913043478326,0.026041666666666685
0.03205128205128205,0.05319426336375477,0.03754889178617993,-0.04102564102564099,1.0,0.012698412698412653,0.09615384615384615,0.008413461538461564,0.016377171215880892,0.04966261808367073,0.0658119658119658,-0.013318025258323818,0.019230769230769218,0.02421185372005047,0.019354838709677413,0.05874125874125874,0.03636363636363635,0.03454790823211876,0.05490196078431375,0.03670715249662615,0.030769230769230715,0.0,0.0,0.029670329670329648,0.012698412698412653,0.061813186813186816,0.03285528031290741,0.01172161172161168,0.061813186813186816,0.038992042440318286,0.017150063051702358,0.0692307692307692,0.0126550868486352,0.006410256410256401,0.0,0.06428571428571428,0.02522068095838592,0.020512820512820468,0.050235478806907374,0.026923076923076883,0.021937321937321952,0.038992042440318286,0.007444168734491302,0.04999999999999999,0.022377622377622378,0.0036057692307692457,0.03134978229317853,0.02413793103448275,0.01025641025641022,0.037135278514588865,0.02820512820512816,0.11402714932126695,0.040677966101694885,0.0928475033738192,0.10028490028490028,0.0727272727272727,0.0482758620689655,0.041025641025640935,0.02456575682382134,0.020176544766708715,0.01712158808933001,0.029708222811671098,0.03754889178617993,0.040677966101694885,0.014652014652014655,0.02622950819672132,0.05829959514170041,0.03956043956043956,0.002884615384615402,-0.0037296037296037365,0.0727272727272727,0.0,0.00879120879120876,0.0371794871794871,0.039113428943937434,0.014163614163614113,0.023203026481715017,-0.007226107226107281,0.004567307692307676,0.040677966101694885,0.00879120879120876,0.03447293447293448,0.007326007326007328,0.017150063051702358,0.019167717528373263,0.014888337468982604,0.007211538461538491,0.02820512820512816,-0.021040723981900433,0.06433566433566434,0.03956043956043956,0.006009615384615419,0.06713286713286715,0.005769230769230804,0.007211538461538491,0.06461538461538463,0.005048076923076905,0.061538461538461514,0.005288461538461575,0.005769230769230804
0.02857142857142858,0.02797955340328223,0.049502286790422456,-0.041407867494824,-0.012698412698412653,1.0,0.1074481074481074,-0.01041666666666663,0.010496671786994427,0.04845446950710114,0.05555555555555558,-0.03221985311537556,0.021428571428571408,0.0130106687483737,0.005632360471070186,0.05772005772005773,0.04155844155844157,0.04010025062656647,0.06349206349206349,0.033416875522138734,0.016666666666666663,-0.009768009768009733,-0.008302808302808273,0.02976190476190474,0.0,0.04365079365079366,0.0161420500403551,0.0,0.04563492063492064,0.02052545155993432,0.009888108248764016,0.05357142857142855,0.005632360471070186,0.01190476190476189,-0.012210012210012222,0.0575396825396825,0.011969815248503823,0.02460317460317457,0.0997732426303855,0.019841269841269826,0.047619047619047616,0.028735632183908066,0.005376344086021501,0.04029304029304029,0.04386724386724389,-0.005704365079365004,0.05690326445043431,0.024630541871921208,0.0,0.03284072249589498,0.020634920634920673,0.10457516339869283,0.0355125100887812,0.03508771929824567,0.10052910052910058,0.09696969696969704,0.04789272030651337,0.029365079365079372,0.007680491551459279,0.0187353629976581,0.009472606246799797,0.04105090311986864,0.031207963411353234,0.02797955340328223,0.0,0.011969815248503823,0.046783625730994205,0.049603174603174593,-0.004216269841269826,-0.02020202020202022,0.04155844155844157,-0.01172161172161168,0.0,0.02777777777777768,0.030131826741996215,0.0,0.01665365599791835,-0.018759018759018697,-0.00322420634920631,0.030131826741996215,0.0,0.047619047619047616,0.0,0.009888108248764016,0.009888108248764016,0.005376344086021501,-0.006696428571428548,0.016666666666666663,-0.033846872082166135,0.04848484848484852,0.0357142857142857,-0.009176587301587213,0.08080808080808077,-0.006200396825396803,-0.003720238095238082,0.05777777777777779,-0.004960317460317443,0.04029304029304029,-0.009672619047618958,-0.00644841269841262
-0.08974358974358976,-0.06388526727509775,-0.06616688396349407,-0.14687848383500557,-0.09615384615384615,-0.1074481074481074,1.0,-0.13341346153846145,-0.08684863523573194,-0.033738191632928405,-0.012108262108262047,-0.08610792192881744,-0.03846153846153849,-0.05674653215636816,-0.05893300248138955,-0.03356643356643352,-0.01783216783216779,-0.047233468286099756,0.004524886877828066,-0.04385964912280699,-0.041025641025641046,-0.08461538461538459,-0.09230769230769226,-0.013736263736263743,-0.07722832722832723,-0.023351648351648324,-0.022816166883963485,-0.06379731379731379,-0.03434065934065933,-0.03381962864721483,-0.05674653215636816,-0.03708791208791207,-0.07444168734491313,-0.03846153846153849,-0.09230769230769226,-0.027472527472527486,-0.045397225725094525,-0.0692307692307692,0.023547880690737877,-0.07948717948717954,-0.015669515669515632,-0.03580901856763924,-0.06513647642679898,0.0,-0.022027972027971965,-0.07211538461538458,-0.007982583454281489,-0.0477453580901856,-0.08730158730158732,-0.0477453580901856,-0.0641025641025641,0.012066365007541546,-0.0798565840938722,-0.037112010796221284,-0.021367521367521403,-0.029370629370629286,-0.0755968169761273,-0.07179487179487176,-0.0682382133995037,-0.0510718789407314,-0.06513647642679898,-0.031830238726790416,-0.047913950456323295,-0.04563233376792697,-0.07387057387057389,-0.05674653215636816,-0.0657894736842104,-0.026098901098901117,-0.03966346153846151,-0.1101398601398601,-0.01678321678321676,-0.08461538461538459,-0.06379731379731379,-0.0641025641025641,-0.02509778357235984,-0.07051282051282048,-0.06242118537200503,-0.1101398601398601,-0.057692307692307654,-0.06160365058670142,-0.030219780219780223,-0.007834757834757816,-0.03357753357753357,-0.02837326607818408,-0.019861286254728855,-0.04652605459057074,-0.054086538461538464,-0.033333333333333326,-0.085972850678733,-0.013636363636363641,-0.013736263736263743,-0.09374999999999994,-0.02307692307692305,-0.0757211538461538,-0.03605769230769229,0.0076923076923077205,-0.054086538461538464,0.0,-0.12259615384615374,-0.0757211538461538
0.03437499999999993,0.04634533898305071,0.05561440677966101,-0.04755434782608692,-0.008413461538461564,0.01041666666666663,0.13341346153846145,1.0,0.017137096774193505,0.06140350877192979,0.060763888888888895,-0.022388059701492602,0.022916666666666585,0.017674180327868827,0.01209677419354832,0.09460227272727262,0.04857954545454546,0.05948464912280699,0.05974264705882351,0.04797149122807015,0.022916666666666585,-0.005048076923076905,-0.004807692307692291,0.0357142857142857,0.007192460317460292,0.05133928571428564,0.02383474576271183,0.004960317460317443,0.0714285714285714,0.021012931034482735,0.018442622950819665,0.07812499999999989,0.01310483870967738,0.01458333333333331,-0.005769230769230804,0.060267857142857095,0.015368852459016424,0.03437499999999993,0.11001275510204078,0.03437499999999993,0.057870370370370405,0.038793103448275856,0.012600806451612878,0.03966346153846151,0.051136363636363646,0.0,0.06810141509433965,0.032327586206896575,0.00694444444444442,0.037176724137930994,0.028124999999999956,0.1314338235294118,0.048993644067796494,0.053728070175438625,0.12442129629629628,0.09715909090909092,0.07273706896551724,0.04166666666666663,0.016129032258064502,0.02305327868852458,0.017137096774193505,0.037176724137930994,0.03575211864406774,0.03575211864406774,0.007440476190476164,0.019979508196721285,0.07099780701754377,0.060267857142857095,0.0,-0.013731060606060608,0.051136363636363646,-0.006009615384615419,0.003968253968253954,0.038541666666666585,0.027807203389830504,0.007936507936507908,0.025358606557377095,-0.013731060606060608,0.0,0.04634533898305071,0.004464285714285698,0.03472222222222221,0.0047123015873015706,0.01306352459016391,0.01075819672131148,0.010080645161290314,0.0,0.016666666666666607,-0.022977941176470618,0.04857954545454546,0.0357142857142857,0.0,0.07670454545454547,0.0,0.0,0.03937499999999999,0.0,0.03245192307692307,0.0,0.0
0.013440860215053752,0.013121924548933794,0.02788408966648437,-0.047452080411407194,-0.016377171215880892,-0.010496671786994427,0.08684863523573194,-0.017137096774193505,1.0,0.04527447651386529,0.03823178016726403,-0.039720751083293204,0.019892473118279574,0.009254362771020652,0.0,0.05131964809384165,0.047214076246334336,0.03254102999434072,0.08697027197975965,0.029711375212224167,0.01236559139784943,-0.017866004962779125,-0.016377171215880892,0.024193548387096753,-0.00691244239631339,0.04320276497695852,0.014762165117550574,-0.006144393241167445,0.05357142857142849,0.025583982202447175,0.005552617662612391,0.03456221198156678,0.0,0.011290322580645162,-0.017866004962779125,0.0518433179723502,0.006081438392385008,0.018279569892473035,0.1283739302172482,0.011827956989247268,0.05973715651135009,0.026696329254727535,0.0,0.04652605459057074,0.04310850439882702,-0.010584677419354815,0.06025562994522221,0.0211345939933259,-0.010240655401945742,0.033370411568409364,0.010752688172043001,0.055660974067046176,0.022143247676325806,0.022637238256932646,0.0669056152927121,0.07595307917888561,0.03225806451612906,0.022043010752688108,0.0,0.008989952406134316,0.0,0.0422691879866518,0.02952433023510115,0.027063969382176034,-0.008704557091653853,0.008989952406134316,0.033955857385399024,0.0570276497695853,-0.013608870967741937,-0.02346041055718473,0.03489736070381233,-0.02009925558312653,-0.004608294930875556,0.013440860215053752,0.02132312739201747,-0.00665642601126476,0.009783183500793213,-0.025415444770283457,-0.00604838709677416,0.02132312739201747,-0.0035842293906810097,0.05256869772998807,-0.005120327700972871,0.006610259122157625,0.004759386567953494,0.0,-0.011592741935483819,0.009677419354838734,-0.03842504743833014,0.04105571847507333,0.04147465437788017,-0.02066532258064513,0.0636363636363636,-0.012600806451612878,-0.010080645161290314,0.06580645161290327,-0.009072580645161255,0.04652605459057074,-0.01864919354838701,-0.014616935483870941
-0.019298245614035148,-0.010110020814748766,-0.015462384775498106,-0.08848207475209768,-0.04966261808367073,-0.04845446950710114,0.033738191632928405,-0.06140350877192979,-0.04527447651386529,1.0,0.023391812865497075,-0.11521340665095581,-0.02543859649122815,-0.029910842680471672,-0.02688172043010756,0.01275917065390747,0.01084529505582138,0.0,0.030959752321981393,0.0,-0.009649122807017574,-0.03886639676113357,-0.03454790823211876,0.005952380952380876,-0.05847953216374269,0.007518796992481147,-0.007731192387749053,-0.04010025062656647,0.009085213032581363,-0.004234724742891743,-0.02070750647109576,0.007832080200501246,-0.03537068477645727,-0.014912280701754432,-0.04318488529014847,0.008458646616541277,-0.025309174575783744,-0.027192982456140435,0.06587898317221624,-0.026315789473684292,0.017543859649122806,-0.007259528130671489,-0.03537068477645727,0.025303643724696345,0.008293460925039853,-0.026864035087719312,0.019860973187686204,-0.004839685420447659,-0.04344193817878034,-0.006352087114337601,-0.01403508771929829,0.03302373581011353,-0.011894142134998564,0.0,0.02631578947368418,0.01977671451355656,-0.006957047791893545,-0.02894736842105272,-0.05517826825127348,-0.046016681046879504,-0.05234861346915676,-0.007562008469449488,-0.013678263455248307,-0.013678263455248307,-0.038429406850459535,-0.026459591601955712,0.0,0.006578947368421018,-0.03645833333333337,-0.038277511961722493,0.005741626794258381,-0.05182186234817815,-0.020050125313283235,-0.026315789473684292,-0.013083556348498393,-0.04511278195488727,-0.032211676732815664,-0.045454545454545525,-0.03645833333333337,-0.013083556348498393,-0.0317460317460318,0.01851851851851849,-0.04177109440267335,-0.025309174575783744,-0.02070750647109576,-0.029711375212224167,-0.046052631578947345,-0.014912280701754432,-0.0794633642930857,0.01594896331738438,0.006265664160400919,-0.06140350877192979,0.021052631578947323,-0.046052631578947345,-0.04413377192982454,0.04175438596491232,-0.0326206140350877,0.013495276653171379,-0.04413377192982454,-0.04989035087719296
-0.02777777777777779,-0.02354048964218458,-0.02981795354676714,-0.06843800322061194,-0.0658119658119658,-0.05555555555555558,0.012108262108262047,-0.060763888888888895,-0.03823178016726403,-0.023391812865497075,1.0,-0.10420121614151473,-0.03888888888888892,-0.038251366120218566,-0.04778972520908009,-0.003703703703703709,-0.005387205387205385,-0.017543859649122806,0.01633986928104575,-0.021442495126705652,-0.02407407407407408,-0.0658119658119658,-0.05327635327635327,-0.01322751322751331,-0.07142857142857145,-0.01719576719576721,-0.015693659761456397,-0.06349206349206354,-0.017857142857142905,-0.017879948914431704,-0.03400121432908315,-0.010582010582010581,-0.023894862604540046,-0.03518518518518521,-0.059544159544159536,-0.015211640211640232,-0.06375227686703094,-0.029629629629629672,0.024565381708238854,-0.03888888888888892,0.0,-0.02937420178799488,-0.04062126642771807,0.013532763532763503,-0.004040404040404039,-0.03472222222222221,0.003494060097833679,-0.016602809706257993,-0.042328042328042326,-0.024265644955300147,-0.022222222222222254,0.015250544662309351,-0.025109855618330235,-0.01851851851851849,0.0,-0.0050505050505050275,-0.02298850574712641,-0.03703703703703709,-0.05973715651135009,-0.04250151791135398,-0.04540023894862605,-0.02298850574712641,-0.02981795354676714,-0.02354048964218458,-0.06084656084656087,-0.036126290224650914,-0.017543859649122806,-0.009920634920634941,-0.052083333333333315,-0.0505050505050505,-0.0050505050505050275,-0.08461538461538459,-0.047619047619047616,-0.04814814814814816,-0.03609541745134964,-0.0767195767195768,-0.046751669702489396,-0.06734006734006737,-0.05497685185185186,-0.017263025737602022,-0.06084656084656087,0.0,-0.042328042328042326,-0.038251366120218566,-0.023375834851244698,-0.031063321385902037,-0.08101851851851855,-0.03518518518518521,-0.11437908496732024,-0.005387205387205385,-0.0072751322751322955,-0.060763888888888895,-0.005387205387205385,-0.04629629629629628,-0.08101851851851855,0.022222222222222254,-0.03472222222222221,0.007834757834757816,-0.05497685185185186,-0.06655092592592587
0.038308457711442756,0.03845180875284593,0.0627371616493802,-0.012978585334198545,0.013318025258323818,0.03221985311537556,0.08610792192881744,0.022388059701492602,0.039720751083293204,0.11521340665095581,0.10420121614151473,1.0,0.06965174129353235,0.04551015414729637,0.03490611458834858,0.058616010854816825,0.08141112618724561,0.05236973029588904,0.11237928007023706,0.04713275726630006,0.029601990049751226,0.011021814006888675,0.01148105625717566,0.055703624733475454,0.03601042407012556,0.10261194029850751,0.028332911712623338,0.022743425728500355,0.10261194029850751,0.04632012352032944,0.024957181306581866,0.06156716417910452,0.030091478093403956,0.045273631840796025,0.013318025258323818,0.099680170575693,0.04551015414729637,0.05049751243781092,0.1315869631434664,0.045273631840796025,0.06467661691542287,0.06484817292846118,0.027684159845931644,0.08610792192881744,0.052103120759837196,0.011194029850746301,0.05519571951562946,0.03937210499228,0.028429282160625458,0.055584148224395336,0.03308457711442786,0.0936494000585309,0.04249936756893502,0.060225189840272364,0.11498065229408516,0.11071913161465408,0.05326814204837882,0.06791044776119404,0.052961001444390976,0.06606312698801087,0.06018295618680791,0.08800823468862584,0.060713382241335656,0.060713382241335656,0.028429282160625458,0.04257401517005144,0.05236973029588904,0.07915778251599148,0.01539179104477617,0.00497512437810943,0.04884667571234738,0.010562571756601635,0.015162283819000255,0.05223880597014924,0.07285605868960277,0.03790570954750061,0.05578664056765359,0.006331976481230239,0.013992537313432862,0.04249936756893502,0.022743425728500355,0.07545605306799341,0.024638711205875352,0.035233667726939144,0.02348911181795943,0.02286952335098702,0.020988805970149294,0.029601990049751226,-0.007901668129938533,0.07489823609226598,0.07329424307036247,0.022388059701492602,0.10420624151967439,0.018889925373134386,0.018889925373134386,0.08626865671641798,0.010494402985074647,0.047359357060849594,0.01958955223880604,0.018889925373134386
0.0,0.0028248587570621486,0.007627118644067787,-0.03478260869565214,-0.019230769230769218,-0.021428571428571408,0.03846153846153849,-0.022916666666666585,-0.019892473118279574,0.02543859649122815,0.03888888888888892,-0.06965174129353235,1.0,-0.011202185792349661,-0.013440860215053752,0.022727272727272763,0.048484848484848575,0.019298245614035148,0.08823529411764708,0.014912280701754432,0.0,-0.041025641025640935,-0.033333333333333326,0.015476190476190477,-0.0222222222222222,0.03214285714285714,0.005932203389830526,-0.01428571428571429,0.03214285714285714,0.015517241379310376,-0.00491803278688524,0.01428571428571429,-0.008602150537634357,0.0,-0.03589743589743588,0.027380952380952395,-0.0071038251366120075,0.0,0.11598639455782322,0.0,0.042592592592592626,0.013793103448275945,-0.017204301075268713,0.05384615384615382,0.03030303030303033,-0.027083333333333293,0.04622641509433967,0.01091954022988506,-0.021428571428571408,0.014367816091954033,0.0,0.02941176470588236,0.003954802259887008,0.00789473684210526,0.042592592592592626,0.042424242424242475,0.00919540229885063,0.0,-0.016666666666666607,-0.008469945355191189,-0.01935483870967747,0.026436781609195492,0.01242937853107351,0.010734463276836137,-0.02460317460317457,-0.00983606557377048,0.011403508771929832,0.03928571428571437,-0.03437499999999993,-0.03636363636363632,0.015151515151515166,-0.03205128205128205,-0.01428571428571429,0.0,0.007627118644067787,-0.019841269841269826,-0.00983606557377048,-0.03939393939393937,-0.011458333333333293,0.003954802259887008,-0.016666666666666663,0.042592592592592626,-0.019841269841269826,-0.008196721311475363,-0.005191256830601065,-0.010752688172043001,-0.019791666666666652,0.0,-0.04117647058823526,0.025757575757575812,0.02619047619047621,-0.031249999999999944,0.03636363636363643,-0.021874999999999978,-0.021874999999999978,0.06666666666666671,-0.020833333333333315,0.041025641025641046,-0.02604166666666663,-0.022916666666666585
0.005737704918032771,0.008891358710752917,0.013892747985551512,-0.04181515799477309,-0.02421185372005047,-0.0130106687483737,0.05674653215636816,-0.017674180327868827,-0.009254362771020652,0.029910842680471672,0.038251366120218566,-0.04551015414729637,0.011202185792349661,1.0,-0.008461131676361755,0.03934426229508198,0.05007451564828613,0.024158757549611776,0.1060752169720347,0.019557089444923792,0.00491803278688524,-0.030264817150063072,-0.02925598991172762,0.013173302107728324,-0.010928961748633892,0.030737704918032793,0.010558488469019134,-0.00936768149882905,0.03805620608899296,0.022046353872244184,0.0,0.02195550351288053,-0.004759386567953494,0.005737704918032771,-0.02522068095838592,0.033665105386416816,0.0,0.007377049180327833,0.09233857477417196,0.00464480874316936,0.04887674559805705,0.02035048049745619,-0.007932310946589138,0.06242118537200503,0.03219076005961252,-0.019211065573770503,0.04948963810702134,0.016110797060486126,-0.014051522248243575,0.02035048049745619,0.00491803278688524,0.0514304082288653,0.011114198388441188,0.01840667241875177,0.04887674559805705,0.04470938897168403,0.016110797060486126,0.008469945355191189,-0.007139079851930186,0.0,-0.007403490216816522,0.030525720746184315,0.022784106696304485,0.021672686857460377,-0.01665365599791835,0.0,0.02070750647109576,0.04683840749414514,-0.02151639344262296,-0.02608047690014903,0.01788375558867361,-0.028247162673392223,-0.011449388498568858,0.003825136612021829,0.01000277854959708,-0.00936768149882905,0.0,-0.03477396920019876,-0.007684426229508212,0.009447068630175026,-0.0078064012490242085,0.046751669702489396,-0.011969815248503823,0.0,0.0,-0.005817028027498672,-0.013831967213114749,0.0035519125683060038,-0.03543876567020249,0.030402384500745172,0.032201405152224805,-0.020747950819672123,0.03934426229508198,-0.016137295081967207,-0.016137295081967207,0.0721311475409836,-0.018442622950819665,0.05674653215636816,-0.020747950819672123,-0.01690573770491799
0.009677419354838734,0.01722252597047569,0.018862766539092413,-0.03927068723702665,-0.019354838709677413,-0.005632360471070186,0.05893300248138955,-0.01209677419354832,0.0,0.02688172043010756,0.04778972520908009,-0.03490611458834858,0.013440860215053752,0.008461131676361755,1.0,0.032844574780058644,0.04516129032258065,0.029711375212224167,0.06957621758380772,0.03678551216751558,0.01881720430107514,-0.02009925558312653,-0.021588089330024762,0.036290322580645185,-0.006144393241167445,0.05011520737327185,0.015582285401858909,-0.007168458781362019,0.0518433179723502,0.02892102335928809,0.0034373347435219526,0.0259216589861751,0.0,0.011827956989247268,-0.021588089330024762,0.048387096774193505,0.008196721311475419,0.01021505376344084,0.07274522712310733,0.011290322580645162,0.04778972520908009,0.02892102335928809,0.0,0.06513647642679898,0.032844574780058644,-0.008568548387096753,0.03834449178332322,0.02002224694104565,-0.006144393241167445,0.026696329254727535,0.009677419354838734,0.05913978494623656,0.018042646254784023,0.031126202603282416,0.054958183990442055,0.05542521994134897,0.023359288097886566,0.016666666666666607,0.0,0.005288207297726111,0.0,0.027808676307007785,0.023783488244942586,0.020503007107709137,-0.008960573476702538,0.010840824960338447,0.033955857385399024,0.04320276497695852,-0.013608870967741937,-0.015640273704789848,0.04926686217008802,-0.029032258064516037,-0.007424475166410649,0.01236559139784943,0.019682886823400803,-0.007680491551459279,0.009783183500793213,-0.03714565004887593,-0.0070564516129032195,0.014762165117550574,-0.006400409626216075,0.04062126642771807,-0.0038402457757296393,0.006610259122157625,0.006610259122157625,0.0,-0.015624999999999944,0.01236559139784943,-0.04554079696394686,0.03489736070381233,0.03456221198156678,-0.009072580645161255,0.032844574780058644,-0.007560483870967721,-0.012600806451612878,0.06580645161290327,-0.010584677419354815,0.05272952853598012,-0.012600806451612878,-0.011592741935483819
-0.05606060606060603,-0.03697996918335911,-0.0394453004622497,-0.13280632411067195,-0.05874125874125874,-0.05772005772005773,0.03356643356643352,-0.09460227272727262,-0.05131964809384165,-0.01275917065390747,0.003703703703703709,-0.058616010854816825,-0.022727272727272763,-0.03934426229508198,-0.032844574780058644,1.0,0.0,-0.01977671451355656,0.028520499108734387,-0.012121212121212088,-0.022727272727272763,-0.05594405594405594,-0.053146853146853135,-0.0025974025974025983,-0.03463203463203465,-0.004220779220779208,-0.018489984591679554,-0.03694083694083694,-0.005519480519480535,-0.013166144200626978,-0.04649776453055138,-0.00876623376623381,-0.057478005865102655,-0.021212121212121238,-0.05594405594405594,-0.0051948051948051965,-0.02146050670640834,-0.045454545454545525,0.04675324675324677,-0.04090909090909095,0.0063973063973064015,-0.013166144200626978,-0.047214076246334336,0.013636363636363641,0.0,-0.051136363636363646,0.013036020583190422,-0.022570532915360486,-0.05772005772005773,-0.019749216300940453,-0.051515151515151625,0.04135472370766491,-0.0530046224961479,-0.014673046251993616,0.00774410774410772,0.0,-0.03573667711598749,-0.0378787878787879,-0.04310850439882702,-0.03576751117734722,-0.047214076246334336,-0.013166144200626978,-0.024653312788906034,-0.02958397534668722,-0.04386724386724389,-0.03397913561847987,-0.02360446570972885,-0.007142857142857173,-0.028124999999999983,-0.0848484848484849,0.0,-0.04195804195804198,-0.03694083694083694,-0.03181818181818186,-0.011093990755007721,-0.03694083694083694,-0.03219076005961252,-0.06060606060606061,-0.051136363636363646,-0.0394453004622497,-0.01847041847041847,0.0033670033670033794,-0.03232323232323234,-0.01788375558867361,-0.01609538002980626,-0.02463343108504401,-0.023011363636363635,-0.015151515151515166,-0.052139037433155094,0.0,-0.0051948051948051965,-0.058806818181818155,0.0,-0.051136363636363646,-0.023011363636363635,0.014545454545454556,-0.03579545454545455,0.011538461538461525,-0.0715909090909091,-0.053693181818181834
-0.024242424242424288,-0.011093990755007721,-0.024653312788906034,-0.05164690382081688,-0.03636363636363635,-0.04155844155844157,0.01783216783216779,-0.04857954545454546,-0.047214076246334336,-0.01084529505582138,0.005387205387205385,-0.08141112618724561,-0.048484848484848575,-0.05007451564828613,-0.04516129032258065,0.0,1.0,-0.01786283891547047,0.04135472370766491,-0.01275917065390747,-0.03333333333333338,-0.10629370629370627,-0.0755244755244755,-0.006818181818181834,-0.04848484848484852,-0.00779220779220785,-0.023420647149460738,-0.03463203463203465,-0.00779220779220785,-0.02163009404388716,-0.02324888226527569,-0.005519480519480535,-0.036950146627566016,-0.03939393939393937,-0.08391608391608396,-0.006818181818181834,-0.03397913561847987,-0.0378787878787879,0.05120593692022263,-0.027272727272727282,0.009090909090909094,-0.015047021943573657,-0.05131964809384165,0.01783216783216779,0.0,-0.04857954545454546,0.013036020583190422,-0.02068965517241378,-0.04155844155844157,-0.015047021943573657,-0.024242424242424288,0.014260249554367194,-0.018489984591679554,-0.007017543859649117,0.006734006734006759,0.0,-0.015047021943573657,-0.034848484848484906,-0.03900293255131965,-0.03755588673621463,-0.05542521994134897,-0.03103448275862064,-0.04191063174114029,-0.03821263482280435,-0.06233766233766236,-0.05007451564828613,-0.011483253588516762,-0.009415584415584433,-0.06392045454545453,-0.08787878787878783,0.0,-0.06993006993006995,-0.05772005772005773,-0.01666666666666669,-0.028351309707241923,-0.04848484848484852,-0.04649776453055138,-0.0696969696969697,-0.023011363636363635,-0.020955315870570146,-0.050793650793650835,0.006734006734006759,-0.046176046176046204,-0.04470938897168403,-0.02146050670640834,-0.036950146627566016,-0.040909090909090895,-0.018181818181818216,-0.048663101604278086,0.0,-0.0051948051948051965,-0.05624999999999997,0.0,-0.038352272727272735,-0.040909090909090895,0.02363636363636365,-0.038352272727272735,0.014685314685314643,-0.053693181818181834,-0.04346590909090908
-0.018421052631579005,-0.011894142134998564,-0.013083556348498393,-0.07322654462242567,-0.03454790823211876,-0.04010025062656647,0.047233468286099756,-0.05948464912280699,-0.03254102999434072,0.0,0.017543859649122806,-0.05236973029588904,-0.019298245614035148,-0.024158757549611776,-0.029711375212224167,0.01977671451355656,0.01786283891547047,1.0,0.04953560371517024,0.0,-0.01578947368421052,-0.0669365721997301,-0.06261808367071525,0.00438596491228066,-0.0317460317460318,0.006578947368421018,-0.008920606601248937,-0.028404344193817876,0.006578947368421018,-0.006352087114337601,-0.02761000862812768,0.006265664160400919,-0.022637238256932646,-0.026315789473684292,-0.05398110661268557,0.005952380952380876,-0.01840667241875177,-0.023684210526315863,0.06015037593984962,-0.01754385964912286,0.02826510721247566,-0.006049606775559602,-0.04102999434069049,0.026990553306342757,0.017224880382775087,-0.04221491228070173,0.029129427341939795,-0.006957047791893545,-0.038429406850459535,-0.007259528130671489,-0.01754385964912286,0.04127966976264186,-0.019030627415997703,0.0,0.017543859649122806,0.014673046251993616,-0.010284331518451317,-0.01754385964912286,-0.016977928692699512,-0.025309174575783744,-0.03254102999434072,-0.006654567453115545,-0.014867677668748136,-0.013678263455248307,-0.04177109440267335,-0.025309174575783744,0.0,0.008458646616541277,-0.05948464912280699,-0.10047846889952161,0.011483253588516762,-0.05398110661268557,-0.038429406850459535,-0.014912280701754432,-0.007136485280999111,-0.03007518796992481,-0.031061259706643696,-0.04784688995215314,-0.02494517543859648,-0.013083556348498393,-0.03508771929824567,0.016569200779727122,-0.028404344193817876,-0.02070750647109576,-0.011504170261719876,-0.022637238256932646,-0.03453947368421051,-0.010526315789473717,-0.05392156862745101,0.009569377990430616,0.004699248120300703,-0.038377192982456176,0.011483253588516762,-0.03645833333333337,-0.038377192982456176,0.027017543859649135,-0.030701754385964897,0.018556005398110642,-0.05564692982456143,-0.04029605263157898
-0.041176470588235314,-0.023928215353938187,-0.047856430707876374,-0.061381074168797956,-0.05490196078431375,-0.06349206349206349,-0.004524886877828066,-0.05974264705882351,-0.08697027197975965,-0.030959752321981393,-0.01633986928104575,-0.11237928007023706,-0.08823529411764708,-0.1060752169720347,-0.06957621758380772,-0.028520499108734387,-0.04135472370766491,-0.04953560371517024,1.0,-0.02889576883384931,-0.04705882352941182,-0.11825037707390651,-0.07179487179487176,-0.014005602240896364,-0.048552754435107426,-0.02626050420168069,-0.029245596543702235,-0.04108309990662934,-0.03501400560224094,-0.042596348884381297,-0.07071681131468982,-0.021008403361344546,-0.048703352308665404,-0.06764705882352945,-0.08024132730015082,-0.0332633053221289,-0.057859209257473454,-0.06764705882352945,0.015206082432973167,-0.02941176470588236,-0.020697167755991286,-0.04022988505747127,-0.07653383934218849,-0.007164404223227783,-0.021390374331550777,-0.07965686274509803,-0.01109877913429519,-0.033130493576741055,-0.08963585434173671,-0.04732927653820146,-0.04705882352941182,0.0,-0.047856430707876374,-0.016511867905056765,-0.014161220043573008,-0.024242424242424232,-0.04732927653820146,-0.06470588235294122,-0.06261859582542695,-0.08036001285760203,-0.09044908285895009,-0.07572684246112238,-0.07444333665669661,-0.09305417082087075,-0.10457516339869283,-0.07714561234329792,-0.02476780185758512,-0.05602240896358546,-0.10753676470588236,-0.09358288770053474,-0.018538324420677404,-0.07179487179487176,-0.05602240896358543,-0.01764705882352942,-0.04519774011299438,-0.04108309990662934,-0.07393121182899387,-0.06684491978609625,-0.055759803921568624,-0.03456297773346631,-0.037348272642390296,-0.019607843137254888,-0.0859010270774977,-0.054644808743169404,-0.04500160720025714,-0.055660974067046176,-0.055759803921568624,-0.02352941176470591,-0.0784313725490196,-0.018538324420677404,-0.0332633053221289,-0.06372549019607843,-0.024242424242424232,-0.0716911764705882,-0.05974264705882351,0.00666666666666671,-0.06372549019607843,-0.005656108597285048,-0.07965686274509803,-0.08762254901960781
