0,1,2,3,4,5,6,7,8,9,10,11,12,13,14,15,16,17,18,19,20,21,22,23,24,25,26,27,28,29,30,31,32,33,34,35,36,37,38,39,40,41,42,43,44,45,46,47,48,49,50,51,52,53,54,55,56,57,58,59,60,61,62,63,64,65,66,67,68,69,70,71,72,73,74,75,76,77,78,79,80,81,82,83,84,85,86,87,88,89,90,91,92,93,94,95,96,97,98,99
1.0,0.061149883682286466,0.02022004162949753,0.0,0.02542372881355931,-0.016115587663239728,0.01361985472154964,0.061149883682286466,-0.05059448520111309,-0.008891358710752917,-0.060157555502506566,-0.009841443411700401,0.024944035817077104,-0.03642802934480138,0.003798947983635309,0.03609541745134964,-0.01986228813559318,-0.02132312739201747,0.008920606601248937,-0.022143247676325806,-0.007224228952486783,-0.030356691120667828,-0.003389830508474606,-0.02816166883963489,-0.07151149291850478,-0.006668519033064729,-0.040475588160890474,0.024944035817077104,-0.029726205997392396,0.0,0.008325899494498995,0.03295668549905839,-0.0064971751412429835,0.03837543971858015,-0.026483050847457612,-0.06588684650274529,-0.0064971751412429835,-0.02044659671778315,0.01725731895223423,0.005844535359438963,0.0,0.01129943502824865,-0.004237288135593209,-0.03045550847457623,-0.0048022598870056665,-0.039113428943937434,-0.013892747985551512,0.034526051475204045,0.017246506095747904,-0.007062146892655385,0.06160365058670142,0.023607748184019395,0.019975786924939454,0.040803515379786603,0.016057091882248076,-0.07614836649471868,0.03204930662557781,0.0,-0.003954802259887008,0.01479198767334361,-0.00820120284308365,-0.026597131681877384,0.021971123666038955,-0.026597131681877384,-0.015065913370998107,-0.017213983050847426,0.03923414940364095,-0.010761366693570085,0.004091174751607252,0.003798947983635309,-0.01829432337906911,-0.007779938871908837,0.0065417781742491965,0.0,-0.0036723163841807793,-0.007779938871908837,-0.009447068630175026,0.021106491845219094,-0.0053672316384180685,0.012488849241748479,-0.011481683980317098,-0.012781328146707405,-0.03775038520801233,0.009515313707998851,-0.053268765133171914,0.019975786924939454,0.01070472792149868,-0.01000277854959708,-0.007344632768361559,0.028248587570621486,0.012488849241748479,0.01361985472154964,-0.03235747303543912,0.007890122735242588,-0.02383474576271183,-0.006779661016949212,0.027118644067796627,-0.0064971751412429835,-0.01944984717977205,-0.029055690072639195
-0.061149883682286466,1.0,-0.06604747162022706,-0.06912595546693262,-0.059523809523809534,-0.09000321440051429,-0.02450980392156865,0.0,-0.0936494000585309,-0.032144005143040805,-0.07732670533001937,-0.024351676154332702,-0.005919348871624125,-0.04214223002633888,-0.018931710615280595,-0.019607843137254888,-0.043811274509803905,-0.08001265022137888,-0.016511867905056765,-0.0730550284629981,-0.01928640308582448,-0.07960199004975127,-0.03823529411764709,-0.10558069381598795,-0.07681976900349183,-0.04178720668595309,-0.10301434006438398,-0.013318534961154205,-0.08024132730015082,-0.023928215353938187,-0.02889576883384931,-0.011982570806100212,-0.041176470588235314,-0.009618941916389206,-0.08363970588235292,-0.13256006628003314,-0.06764705882352945,-0.03361344537815125,-0.011408199643493766,-0.03549695740365111,-0.05849119308740447,-0.045407636738906076,-0.07058823529411767,-0.09558823529411759,-0.06470588235294122,-0.10558069381598795,-0.08357441337190619,-0.023965141612200425,-0.04953560371517024,-0.08235294117647063,-0.007918552036199122,-0.057773109243697496,-0.0332633053221289,-0.028322440087146017,-0.06811145510835914,-0.13299232736572897,-0.04135472370766491,-0.06912595546693262,-0.02352941176470591,-0.009982174688057038,-0.020872865275142316,-0.033785822021116144,-0.009803921568627444,-0.03800904977375563,-0.026143790849673207,-0.015931372549019607,-0.023965141612200425,-0.04108309990662934,-0.02603110209601081,-0.030764029749831,-0.048552754435107426,-0.0514304082288653,-0.016511867905056765,-0.03988035892323033,-0.041176470588235314,-0.04821600771456122,-0.08357441337190619,-0.008879023307436146,-0.05882352941176472,-0.02063983488132093,-0.06261859582542695,-0.0514304082288653,-0.10249554367201424,-0.04334365325077394,-0.11176470588235293,-0.04376750700280113,-0.05159958720330238,-0.08036001285760203,-0.05882352941176472,-0.017429193899782147,-0.014447884416924656,-0.01750700280112047,-0.053475935828877,-0.0733603786342123,-0.09558823529411759,-0.07058823529411767,-0.03137254901960784,-0.06470588235294122,-0.08357441337190619,-0.0859010270774977
-0.02022004162949753,0.06604747162022706,1.0,-0.012488849241748479,0.011278195488721776,-0.04486626402070759,0.004699248120300703,0.05159958720330238,-0.08117308195862799,-0.016105838366407832,-0.06572769953051649,-0.014148273910582931,0.01721284342932805,-0.02618486514794452,-0.0027223230490018013,0.016569200779727122,-0.02494517543859648,-0.033955857385399024,0.0,-0.03820033955857388,-0.012654587287891872,-0.028803351662738952,-0.011403508771929832,-0.05182186234817815,-0.07690459024273016,-0.017256255392579828,-0.0706991358994502,0.022509102946044413,-0.0669365721997301,-0.007136485280999111,0.0,0.011695906432748537,-0.01578947368421052,0.019860973187686204,-0.04029605263157898,-0.12799604645416363,-0.024561403508772006,-0.015037593984962405,0.008931419457735235,-0.006049606775559602,-0.017246506095747904,0.0,-0.021052631578947434,-0.06140350877192979,-0.018421052631579005,-0.05829959514170041,-0.034512510785159656,0.020467836257309913,0.0,-0.029824561403508865,0.038798920377867696,0.008458646616541277,0.005639097744360888,0.021442495126705652,0.0,-0.1220442410373761,0.01786283891547047,-0.019625334522747617,-0.010526315789473717,0.006379585326953735,-0.01839275608375779,-0.03886639676113357,0.014619883040935644,-0.021592442645074233,-0.0183792815371763,-0.021107456140350866,0.023391812865497075,-0.015037593984962405,-0.003024803387779801,-0.004234724742891743,-0.033416875522138734,-0.016105838366407832,0.0,-0.01070472792149868,-0.019298245614035148,-0.024158757549611776,-0.031061259706643696,0.022509102946044413,-0.018421052631579005,0.0,-0.03254102999434072,-0.024158757549611776,-0.057416267942583754,0.0,-0.08145363408521306,0.008145363408521289,0.0,-0.031061259706643696,-0.027192982456140435,0.01851851851851849,0.0,0.0031328320802004594,-0.03588516746411485,-0.00907441016333943,-0.04797149122807015,-0.02543859649122815,0.014035087719298234,-0.022807017543859665,-0.046016681046879504,-0.05012531328320807
0.0,0.06912595546693262,0.012488849241748479,1.0,0.03177966101694918,-0.011669908307863297,0.010895883777239684,0.06380857427716846,-0.03440424993675689,-0.011114198388441188,-0.06588684650274529,-0.01230180426462546,0.023025263831148085,-0.01821401467240069,0.002045587375803626,0.03138731952291279,-0.006620762711864403,-0.0164024056861673,0.004757656853999426,-0.027063969382176034,-0.00500138927479854,-0.032380470528712346,-0.0028248587570621486,-0.03285528031290741,-0.052008358486185235,-0.012781328146707405,-0.056665823425246675,0.03261912376079318,-0.0312907431551499,0.0,0.010110020814748766,0.026679221594475888,-0.0053672316384180685,0.021106491845219094,-0.03177966101694912,-0.08307471950346146,-0.006214689265536755,-0.010761366693570085,0.011093990755007721,0.004383401519579222,0.0,0.015462384775498106,-0.005932203389830526,-0.02913135593220334,-0.0064971751412429835,-0.03285528031290741,-0.014448457904973566,0.034526051475204045,0.011894142134998564,-0.0064971751412429835,0.05475880052151233,0.029055690072639306,0.02179176755447937,0.06591337099811678,0.016057091882248076,-0.04667157946450501,0.03451463790446846,0.0,-0.005932203389830526,0.022187981510015442,-0.015582285401858909,-0.017209908735332458,0.015693659761456397,-0.01564537157757495,-0.005380683346785042,-0.011917372881355914,0.03295668549905839,-0.005380683346785042,0.0014611338398597407,0.003214494447691424,-0.010761366693570085,-0.010558488469019134,0.002973535533749641,0.0,-0.0031073446327683774,-0.011669908307863297,-0.009447068630175026,0.03837543971858015,-0.005932203389830526,0.008920606601248937,-0.013942044833242184,-0.008891358710752917,-0.04134565998972778,0.011894142134998564,-0.06392251815980632,0.02088377723970941,0.013678263455248307,-0.013337038066129459,-0.00508474576271184,0.015693659761456397,0.005947071067499282,0.009079903147699742,-0.021571648690292766,0.006721215663354763,-0.01986228813559318,-0.005649717514124297,0.01725731895223423,-0.0048022598870056665,-0.013337038066129459,-0.01937046004842613
-0.02542372881355931,0.059523809523809534,-0.011278195488721776,-0.03177966101694918,1.0,-0.04683840749414514,0.0,0.047268907563025264,-0.06156716417910452,-0.020491803278688492,-0.06413480885311873,-0.015552995391705071,0.013140161725067406,-0.017590618336886993,-0.004310344827586202,0.01322751322751331,-0.026785714285714246,-0.032834101382488434,-0.0031328320802004594,-0.0518433179723502,-0.014637002341920335,-0.04397654584221747,-0.013095238095238104,-0.059340659340659296,-0.06653620352250489,-0.02341920374707257,-0.08502132196162043,0.022237196765498735,-0.0692307692307692,-0.010895883777239684,-0.0034461152882205304,0.006613756613756655,-0.01785714285714285,0.013140161725067406,-0.05357142857142849,-0.1320422535211268,-0.03452380952380951,-0.015873015873015872,0.0025974025974025983,-0.010467980295566504,-0.02179176755447937,-0.007518796992481147,-0.02619047619047621,-0.0558035714285714,-0.02619047619047621,-0.061813186813186816,-0.042447306791568995,0.015873015873015928,-0.010964912280701733,-0.03452380952380951,0.030219780219780223,0.0,0.0,0.022486772486772555,-0.010964912280701733,-0.09083850931677012,0.009740259740259827,-0.02542372881355931,-0.01428571428571429,0.003896103896103925,-0.020737327188940086,-0.03708791208791207,0.007936507936507964,-0.0173076923076923,-0.007936507936507936,-0.01785714285714285,0.013888888888888895,-0.011904761904761904,-0.00615763546798026,-0.005541871921182245,-0.023809523809523808,-0.017564402810304414,-0.00219298245614033,-0.01361985472154964,-0.01785714285714285,-0.026346604215456648,-0.036592505854800894,0.013140161725067406,-0.02380952380952378,-0.0034461152882205304,-0.036290322580645185,-0.032201405152224805,-0.07575757575757575,-0.007832080200501246,-0.08214285714285713,0.0,-0.009398496240601406,-0.032201405152224805,-0.029761904761904767,0.008597883597883604,-0.0037593984962405735,0.0,-0.02705627705627703,-0.018472906403940836,-0.046875,-0.02857142857142858,0.005844155844155874,-0.03214285714285714,-0.05122950819672123,-0.047619047619047616
0.016115587663239728,0.09000321440051429,0.04486626402070759,0.011669908307863297,0.04683840749414514,1.0,0.011709601873536285,0.06107360977177756,-0.06606312698801087,0.0,-0.06003232509812978,-0.0042305658381808775,0.03711722858026603,-0.030829459261071723,0.015262860373092157,0.027625986642380085,-0.015368852459016424,-0.005288207297726111,0.01380500431406384,-0.007403490216816522,0.0,-0.0205529728407145,0.00245901639344262,-0.023203026481715017,-0.07545474960700654,0.0,-0.03670173721556158,0.07175997525518091,-0.03127364438839847,0.010558488469019134,0.011504170261719876,0.025500910746812377,0.007650273224043658,0.042066192390968205,-0.018442622950819665,-0.07388593858231363,0.00928961748633872,-0.00936768149882905,0.03934426229508198,0.02119841718485016,0.016115587663239728,0.021857923497267784,0.007377049180327833,-0.0299692622950819,0.004371584699453479,-0.02522068095838592,0.0,0.04887674559805705,0.04716709807305153,0.010109289617486361,0.05958385876418659,0.033665105386416816,0.01902810304449648,0.046751669702489396,0.049467932125395464,-0.09503444998812072,0.03934426229508198,0.022784106696304485,0.005737704918032771,0.03397913561847987,-0.004759386567953494,-0.020176544766708715,0.04887674559805705,-0.023203026481715017,-0.008847254748894084,-0.012295081967213128,0.04462659380692169,-0.0078064012490242085,0.011871113623516089,0.010175240248728096,-0.010408534998698982,0.0,0.016105838366407832,0.012781328146707405,0.005191256830601065,0.0,0.0,0.04948963810702134,0.00491803278688524,0.01380500431406384,-0.007139079851930186,0.0,-0.02732240437158473,0.019557089444923792,-0.05690866510538645,0.032201405152224805,0.0402645959160195,0.0,0.00928961748633872,0.04887674559805705,0.02070750647109576,0.02195550351288053,-0.029806259314456074,0.02119841718485016,-0.013831967213114749,0.008743169398906958,0.028614008941877767,0.008469945355191189,0.0,-0.01821493624772319
-0.01361985472154964,0.02450980392156865,-0.004699248120300703,-0.010895883777239684,0.0,-0.011709601873536285,1.0,0.04376750700280113,-0.03224946695095948,-0.02781030444964866,-0.056589537223340036,-0.038018433179723476,0.01617250673854448,-0.046908315565032,-0.006773399014778303,0.0185185185185186,-0.0558035714285714,-0.062211981566820285,-0.008145363408521289,-0.027649769585253448,-0.03951990632318497,-0.08208955223880599,-0.03452380952380951,-0.05686813186813183,-0.06237769080234831,-0.014637002341920335,-0.0498400852878465,0.00808625336927224,-0.05686813186813183,-0.010895883777239684,-0.006265664160400919,0.005952380952380959,-0.01190476190476189,0.026280323450134813,-0.042410714285714246,-0.07168008048289737,-0.01428571428571429,-0.027777777777777762,0.0035714285714285865,-0.010467980295566504,-0.017251815980629526,-0.002819548872180444,-0.01785714285714285,-0.042410714285714246,-0.02619047619047621,-0.03708791208791207,-0.02341920374707257,0.010582010582010581,-0.0040726817042606445,-0.020238095238095277,0.01648351648351648,0.0,0.0,0.006613756613756655,-0.002506265664160401,-0.05046583850931674,0.008116883116883133,-0.012711864406779655,-0.01785714285714285,0.003896103896103925,-0.029377880184331795,-0.03956043956043956,0.008597883597883604,-0.03956043956043956,-0.049603174603174593,-0.022321428571428548,0.013888888888888895,-0.04563492063492064,-0.015394088669950734,-0.02216748768472898,-0.061507936507936456,-0.033665105386416816,-0.006892230576441061,-0.014527845036319653,-0.01904761904761909,-0.01902810304449648,-0.024882903981264637,0.00808625336927224,-0.02380952380952378,-0.005012531328320802,-0.022465437788018433,-0.017564402810304414,-0.05681818181818182,-0.005325814536340845,-0.05357142857142855,0.0,-0.002819548872180444,-0.02195550351288053,-0.021428571428571408,0.0072751322751322955,-0.00438596491228066,0.0,-0.043290043290043295,-0.009236453201970418,-0.049107142857142794,-0.020238095238095277,0.005844155844155874,-0.016666666666666663,-0.02195550351288053,-0.03968253968253965
-0.061149883682286466,0.0,-0.05159958720330238,-0.06380857427716846,-0.047268907563025264,-0.06107360977177756,-0.04376750700280113,1.0,-0.08428446005267776,-0.04500160720025714,-0.09942004971002483,-0.04174573055028463,-0.008879023307436146,-0.06555458004097164,-0.02366463826910073,-0.02178649237472763,-0.051776960784313736,-0.1008855154965212,-0.02476780185758512,-0.0730550284629981,-0.03857280617164896,-0.10301434006438398,-0.04411764705882354,-0.09713423831070889,-0.06500134300295463,-0.04500160720025714,-0.0936494000585309,-0.010358860525342184,-0.08024132730015082,-0.03190428713858423,-0.02889576883384931,-0.014161220043573008,-0.026470588235294107,-0.009618941916389206,-0.0716911764705882,-0.13808340237503453,-0.06470588235294122,-0.052287581699346414,-0.011408199643493766,-0.04022988505747127,-0.05849119308740447,-0.037151702786377694,-0.05882352941176472,-0.0916053921568627,-0.07647058823529418,-0.09291101055806938,-0.07071681131468982,-0.020697167755991286,-0.037151702786377694,-0.05882352941176472,-0.0075414781297134525,-0.05602240896358546,-0.03501400560224094,-0.019607843137254888,-0.04127966976264186,-0.08695652173913043,-0.051336898395721864,-0.06646726487205051,-0.02352941176470591,-0.011408199643493766,-0.03478810879190386,-0.05490196078431375,-0.014161220043573008,-0.04645550527903469,-0.044817927170868355,-0.023897058823529396,-0.022875816993464027,-0.037348272642390296,-0.028397565922920864,-0.04969574036511154,-0.05975723622782447,-0.0514304082288653,-0.02063983488132093,-0.04519774011299438,-0.02352941176470591,-0.04178720668595309,-0.07393121182899387,-0.00813910469848314,-0.055882352941176494,-0.03302373581011353,-0.055660974067046176,-0.0514304082288653,-0.12477718360071305,-0.04334365325077394,-0.13837535014005609,-0.038515406162465016,-0.04334365325077394,-0.06428801028608161,-0.05882352941176472,-0.01633986928104575,-0.018575851393188847,-0.01750700280112047,-0.057932263814616775,-0.06389452332657203,-0.07965686274509803,-0.061764705882352944,-0.027094474153297687,-0.041176470588235314,-0.06107360977177756,-0.07096171802054158
0.05059448520111309,0.0936494000585309,0.08117308195862799,0.03440424993675689,0.06156716417910452,0.06606312698801087,0.03224946695095948,0.08428446005267776,1.0,0.03963787619280651,-0.02774858103846961,0.032498796340876324,0.0867361306674177,0.0,0.06484817292846118,0.05030403537866229,0.020988805970149294,0.030091478093403956,0.05236973029588904,0.032498796340876324,0.035233667726939144,0.0,0.03308457711442786,0.01148105625717566,-0.03680228992026169,0.024957181306581866,0.0,0.08279357927344416,0.011940298507462699,0.0485707057930686,0.028803351662738952,0.06467661691542287,0.04353233830845771,0.07490847648549709,0.013992537313432862,-0.026066848854319924,0.04701492537313434,0.024638711205875352,0.10420624151967439,0.07179619145651056,0.05059448520111309,0.034040324692327845,0.038308457711442756,0.02448694029850762,0.036567164179104494,0.009184845005740572,0.029361389772449287,0.06467661691542287,0.09164702801780578,0.05572139303482582,0.08610792192881744,0.06743070362473347,0.0498400852878465,0.06108347153123278,0.09426551453260013,-0.021198356045857514,0.07164179104477614,0.09107007336200357,0.04004975124378107,0.07164179104477614,0.026480500722195488,0.014695752009184881,0.08982863460475404,0.012858783008036778,0.029376924899312984,0.018889925373134386,0.0826423438363737,0.022743425728500355,0.04632012352032944,0.05095213587236236,0.028429282160625458,0.030829459261071723,0.06546216286986123,0.060713382241335656,0.03482587064676618,0.035233667726939144,0.044042084658673875,0.08279357927344416,0.03134328358208954,0.0549882168106835,0.027684159845931644,0.04257401517005144,0.00542740841248307,0.04451427075150566,-0.015351812366737716,0.06449893390191896,0.07855459544383353,0.03376559823831665,0.0644278606965174,0.08982863460475404,0.06808064938465569,0.07329424307036247,0.008141112618724522,0.03937210499228,0.012593283582089554,0.05049751243781092,0.04559023066485757,0.04353233830845771,0.04991436261316373,0.03221985311537556
0.008891358710752917,0.032144005143040805,0.016105838366407832,0.011114198388441188,0.020491803278688492,0.0,0.02781030444964866,0.04500160720025714,-0.03963787619280651,1.0,-0.07388593858231363,-0.011105235325224783,0.07423445716053206,-0.04257401517005144,0.022046353872244184,0.03400121432908315,-0.018442622950819665,-0.004494976203067158,0.02761000862812768,-0.005817028027498672,0.0,-0.041105945681429,0.005737704918032771,-0.017150063051702358,-0.06737031214911299,0.0,-0.024957181306581866,0.03464274667491496,-0.02622950819672132,0.013337038066129459,0.019557089444923792,0.038251366120218566,0.006010928961748596,0.04454067429631925,-0.01690573770491799,-0.0577233895174325,0.00491803278688524,-0.012490241998438789,0.04828614008941878,0.02035048049745619,0.01000277854959708,0.012654587287891872,0.0054644808743168904,-0.014600409836065587,0.0035519125683060038,-0.01311475409836066,0.0,0.03400121432908315,0.021857923497267784,0.006284153005464421,0.03688524590163933,0.024882903981264637,0.026346604215456648,0.040376442015786274,0.021857923497267784,-0.04561653599429799,0.02324888226527569,0.015559877743817674,0.00983606557377048,0.05543964232488818,-0.009254362771020652,-0.035308953341740223,0.06375227686703094,-0.02622950819672132,-0.015092375748113507,-0.02151639344262296,0.02125075895567699,-0.010408534998698982,0.017806670435274174,0.015262860373092157,-0.013531095498308665,0.0,0.026459591601955712,0.011669908307863297,0.005191256830601065,0.0,0.0,0.05196412001237244,0.005737704918032771,0.025309174575783744,-0.005288207297726111,0.0,-0.02235469448584204,0.014955421340235836,-0.042154566744730726,0.020491803278688492,0.02070750647109576,0.0,0.006557377049180246,0.03400121432908315,0.025309174575783744,0.042447306791568995,-0.036015896671634406,0.01356698699830411,-0.01152663934426229,0.005191256830601065,0.01967213114754099,0.006010928961748596,0.0,-0.012490241998438789
0.060157555502506566,0.07732670533001937,0.06572769953051649,0.06588684650274529,0.06413480885311873,0.06003232509812978,0.056589537223340036,0.09942004971002483,0.02774858103846961,0.07388593858231363,1.0,0.07564743298500687,0.14828594206749945,0.028589447130544454,0.09154929577464793,0.07094418362023996,0.026188380281690182,0.03680145388459788,0.07264640474425504,0.038845979100408934,0.0577233895174325,0.025225982762245136,0.051643192488262935,0.022101841820151735,-0.013505691684352616,0.07157700300161629,0.016817321841496757,0.11001860217911247,0.03120260021668475,0.06875149200286468,0.04151223128243145,0.09754825247783,0.049061032863849774,0.06696784480467718,0.03235035211267606,0.0,0.04389671361502345,0.04828973843058354,0.09014084507042258,0.07892180670228266,0.03724039150155167,0.058808994316777885,0.051643192488262935,0.03543133802816906,0.04389671361502345,0.022101841820151735,0.032325098129762225,0.07094418362023996,0.0795651099579936,0.05422535211267604,0.10807150595882986,0.06790744466800802,0.06413480885311873,0.08424621804903498,0.0830244625648629,0.012655644008981448,0.06965428937259927,0.06302220100262595,0.09553990610328644,0.15160051216389248,0.06951385733757387,0.05070422535211272,0.14632237871674497,0.042903575297941476,0.046501229599821114,0.04775528169014093,0.07981220657276994,0.039347194276771746,0.053666828557552226,0.05682370082564353,0.04113570310753406,0.06926806742091901,0.0795651099579936,0.05442826450226784,0.0568075117370892,0.06003232509812978,0.06003232509812978,0.12436885463725755,0.033568075117370894,0.0795651099579936,0.04293502953203088,0.05541445393673522,0.01920614596670933,0.0691870521373858,0.00523138832997988,0.06413480885311873,0.0691870521373858,0.05541445393673522,0.061971830985915466,0.07537819509650501,0.0830244625648629,0.08299798792756541,0.03201024327784896,0.0631374453618262,0.026188380281690182,0.0568075117370892,0.05736235595390529,0.061971830985915466,0.05541445393673522,0.04292421193829643
0.009841443411700401,0.024351676154332702,0.014148273910582931,0.01230180426462546,0.015552995391705071,0.0042305658381808775,0.038018433179723476,0.04174573055028463,-0.032498796340876324,0.011105235325224783,-0.07564743298500687,1.0,0.07942787583688377,-0.04573904670197404,0.03781979977753058,0.04062126642771807,-0.014112903225806439,0.0,0.042444821731748794,0.0,0.008461131676361755,-0.04333172845450162,0.01290322580645159,-0.01712158808933001,-0.058329650905877106,0.007139079851930186,-0.018054886856042368,0.043822276323797926,-0.02009925558312653,0.022143247676325806,0.015563101301641208,0.04301075268817206,0.01021505376344084,0.05751673767498483,-0.009072580645161255,-0.04089050431621993,0.006451612903225795,-0.007168458781362019,0.04516129032258065,0.027808676307007785,0.009021323127392011,0.009903791737408046,0.00752688172043009,-0.00604838709677416,0.003763440860215045,-0.005210918114143925,0.003172924378635672,0.031063321385902037,0.021222410865874397,0.008064516129032251,0.037220843672456566,0.032834101382488434,0.036290322580645185,0.02867383512544805,0.016977928692699512,-0.034361851332398274,0.02463343108504401,0.018042646254784023,0.01935483870967747,0.06774193548387097,0.0,-0.02456575682382134,0.06929510155316615,-0.022332506203473934,-0.008448540706605168,-0.016633064516129004,0.03345280764635605,-0.008192524321556593,0.02447163515016687,0.026696329254727535,-0.00691244239631339,0.008196721311475419,0.039615166949632186,0.019682886823400803,0.011827956989247268,0.006610259122157625,0.005552617662612391,0.06025562994522221,0.00752688172043009,0.029711375212224167,0.0,0.005023796932839775,-0.012707722385141729,0.015563101301641208,-0.031336405529953926,0.01728110599078339,0.016977928692699512,0.003701745108408261,0.008602150537634357,0.02150537634408603,0.028296547821165863,0.04320276497695852,-0.026392961876832877,0.006674082313681884,-0.0035282258064516098,0.005376344086021501,0.012316715542522005,0.01021505376344084,0.003966155473294569,-0.004352278545826926
-0.024944035817077104,0.005919348871624125,-0.01721284342932805,-0.023025263831148085,-0.013140161725067406,-0.03711722858026603,-0.01617250673854448,0.008879023307436146,-0.0867361306674177,-0.07423445716053206,-0.14828594206749945,-0.07942787583688377,1.0,-0.12221909321317953,-0.04066363044892651,-0.0027952480782669487,-0.07134433962264153,-0.03834449178332322,-0.027805362462760663,-0.043822276323797926,-0.05443860191772354,-0.09462123345536477,-0.03962264150943401,-0.04876632801161107,-0.12406306539157408,-0.047015156201670294,-0.05913827090960297,0.0,-0.0801161103047896,-0.04221298369043819,-0.02515723270440251,-0.004542278127183802,-0.03522012578616357,0.0,-0.06810141509433965,-0.11001860217911247,-0.02421383647798747,-0.0539083557951483,-0.011663807890223032,-0.03253090435914119,-0.030700351774864132,-0.019860973187686204,-0.037421383647798845,-0.04540094339622644,-0.03522012578616357,-0.03134978229317853,-0.03464274667491496,-0.004891684136967167,-0.02383316782522349,-0.03522012578616357,0.005442670537010141,-0.0151617250673855,-0.007075471698113234,-0.004542278127183802,-0.019860973187686204,-0.08750341810226964,-0.008919382504288198,-0.03837543971858015,-0.057232704402515766,-0.019210977701543785,-0.07668898356664644,-0.16371552975326564,-0.012928022361984648,-0.09753265602322214,-0.07187780772686442,-0.10053066037735853,-0.0038434661076170717,-0.0658879904162924,-0.029277813923227092,-0.030904359141184168,-0.06289308176100633,-0.047015156201670294,-0.030453492221118872,-0.023025263831148085,-0.03081761006289313,-0.03711722858026603,-0.047015156201670294,0.0,-0.03522012578616357,-0.02515723270440251,-0.043822276323797926,-0.056913083823074584,-0.07061177815894804,-0.022509102946044413,-0.08247978436657688,-0.011118598382749367,-0.015888778550148974,-0.022270337148159625,-0.04402515723270445,-0.00524109014675056,-0.026481297583581587,-0.020215633423180668,-0.07432818753573472,-0.02277163305139887,-0.04864386792452832,-0.03081761006289313,-0.010291595197255587,-0.04402515723270445,-0.042066192390968205,-0.0539083557951483
0.03642802934480138,0.04214223002633888,0.02618486514794452,0.01821401467240069,0.017590618336886993,0.030829459261071723,0.046908315565032,0.06555458004097164,0.0,0.04257401517005144,-0.028589447130544454,0.04573904670197404,0.12221909321317953,1.0,0.10653628409675764,0.0862354892205639,0.022388059701492602,0.0288878189696678,0.10473946059177808,0.018054886856042368,0.05431857107903104,0.0,0.053980099502487555,0.005970149253731349,-0.0331220609282355,0.022021042329336937,0.0,0.05913827090960297,0.010103329506314596,0.0627371616493802,0.039277297721916765,0.08982863460475404,0.045273631840796025,0.09067868206139124,0.01539179104477617,-0.015976455749421914,0.019154228855721378,0.03601042407012556,0.09769335142469476,0.0694801852804941,0.04249936756893502,0.03665881120712233,0.03134328358208954,0.014692164179104517,0.02786069651741291,0.007347876004592441,0.026425250795204303,0.07545605306799341,0.04713275726630006,0.02786069651741291,0.09902411021814006,0.05277185501066095,0.06156716417910452,0.032338308457711434,0.039277297721916765,-0.012545965823058614,0.04559023066485757,0.04654692638502406,0.04353233830845771,0.0846675712347354,0.0288878189696678,0.015154994259471866,0.12935323383084574,0.02112514351320327,0.038853352286188136,0.03148320895522394,0.07186290768380327,0.03032456763800051,0.06484817292846118,0.05326814204837882,0.029376924899312984,0.03816980670418402,0.09688400104739459,0.0485707057930686,0.02611940298507462,0.0205529728407145,0.03229752874969416,0.06702337369755007,0.036567164179104494,0.08117308195862799,0.0144439094848339,0.041105945681429,0.004070556309362261,0.05236973029588904,-0.00959488272921108,0.06156716417910452,0.03665881120712233,0.01614876437484708,0.04179104477611939,0.07904919845218356,0.09426551453260013,0.09088486140724944,0.009271822704658539,0.03937210499228,0.013292910447761208,0.036567164179104494,0.04884667571234738,0.04353233830845771,0.026425250795204303,0.024638711205875352
-0.003798947983635309,0.018931710615280595,0.0027223230490018013,-0.002045587375803626,0.004310344827586202,-0.015262860373092157,0.006773399014778303,0.02366463826910073,-0.06484817292846118,-0.022046353872244184,-0.09154929577464793,-0.03781979977753058,0.04066363044892651,-0.10653628409675764,1.0,0.02298850574712641,-0.048491379310344807,-0.0211345939933259,0.00907441016333943,-0.01112347052280313,-0.027981910684002242,-0.05326814204837882,-0.013793103448275945,-0.02413793103448275,-0.08502598016060464,-0.014414923685698133,-0.027792074112197668,0.01789199739752767,-0.038992042440318286,-0.008182349503214503,0.003024803387779801,0.02554278416347383,-0.014942528735632177,0.034157449577098264,-0.027478448275862044,-0.0347255949490044,-0.00574712643678163,-0.05062944718117135,0.030094043887147315,0.0,-0.005552308591466992,0.0036297640653357444,-0.00919540229885063,-0.032327586206896575,-0.007471264367816088,-0.02785145888594165,-0.01356698699830411,0.01915708812260536,0.005142165759225659,-0.00919540229885063,0.03381962864721483,0.009852216748768461,0.012931034482758619,0.010217113665389521,0.003932244404113744,-0.06596701649175418,0.013166144200626978,-0.005552308591466992,-0.014367816091954033,0.02163009404388716,-0.025583982202447175,-0.0519893899204244,0.03703703703703709,-0.0649867374005304,-0.049261083743842415,-0.07273706896551724,0.02298850574712641,-0.04241926655719758,0.0,0.0,-0.03557744937055285,-0.022046353872244184,0.00937689050211743,-0.007013442431326733,-0.009770114942528774,-0.011871113623516089,-0.01356698699830411,0.02602472348731294,-0.00919540229885063,0.008166969147005487,-0.016685205784204682,-0.019502543810062167,-0.02925809822361547,0.004234724742891743,-0.05024630541871922,0.008620689655172403,0.0036297640653357444,-0.008479366873940075,-0.009770114942528774,0.02298850574712641,0.009981851179673318,0.01908866995073888,-0.0752351097178684,0.0,-0.021012931034482735,-0.00804597701149426,0.011285266457680243,-0.012068965517241403,-0.012719050310910113,-0.03147235905856599
-0.03609541745134964,0.019607843137254888,-0.016569200779727122,-0.03138731952291279,-0.01322751322751331,-0.027625986642380085,-0.0185185185185186,0.02178649237472763,-0.05030403537866229,-0.03400121432908315,-0.07094418362023996,-0.04062126642771807,0.0027952480782669487,-0.0862354892205639,-0.02298850574712641,1.0,-0.060763888888888895,-0.07646356033452806,-0.025341130604288498,-0.04778972520908009,-0.04887674559805705,-0.07545605306799341,-0.03888888888888892,-0.05014245014245014,-0.0578386605783866,-0.019125683060109283,-0.05749032614704258,0.0027952480782669487,-0.056410256410256376,-0.020401757689893302,-0.012670565302144249,0.0,-0.03703703703703709,0.009084556254367604,-0.06365740740740738,-0.057642149191444975,-0.0203703703703704,-0.05291005291005296,-0.004713804713804726,-0.026819923371647514,-0.040803515379786603,-0.009746588693957114,-0.033333333333333326,-0.057870370370370405,-0.02777777777777779,-0.056410256410256376,-0.040376442015786274,0.0,-0.016569200779727122,-0.03703703703703709,0.015669515669515632,-0.017857142857142905,-0.02182539682539686,0.0,-0.010721247563352826,-0.07648953301127215,-0.008080808080808077,-0.017263025737602022,-0.018518518518518545,-0.0033670033670033794,-0.019115890083632014,-0.040740740740740744,0.0,-0.07521367521367522,-0.05820105820105825,-0.057870370370370405,0.0,-0.03703703703703706,-0.020434227330779042,-0.024265644955300147,-0.06084656084656087,-0.040376442015786274,-0.015594541910331383,-0.03138731952291279,-0.012962962962962982,-0.014875531268973896,-0.03400121432908315,0.0017470300489168394,-0.029629629629629672,-0.01851851851851849,-0.009557945041816007,-0.029751062537947792,-0.0505050505050505,-0.01949317738791423,-0.03386243386243387,-0.019179894179894297,-0.009746588693957114,-0.019125683060109283,-0.033333333333333326,0.0,-0.024366471734892814,-0.015873015873015928,-0.09427609427609435,-0.026819923371647514,-0.06944444444444442,-0.0407407407407408,-0.006060606060606044,-0.03703703703703709,-0.051001821493624755,-0.06613756613756616
0.01986228813559318,0.043811274509803905,0.02494517543859648,0.006620762711864403,0.026785714285714246,0.015368852459016424,0.0558035714285714,0.051776960784313736,-0.020988805970149294,0.018442622950819665,-0.026188380281690182,0.014112903225806439,0.07134433962264153,-0.022388059701492602,0.048491379310344807,0.060763888888888895,1.0,0.013608870967741937,0.06907894736842102,0.009072580645161255,0.029200819672131173,-0.02028917910447764,0.03020833333333328,-0.006971153846153821,-0.04238013698630144,0.01152663934426229,-0.018190298507462732,0.04864386792452832,-0.00552884615384619,0.037076271186440635,0.03645833333333337,0.028935185185185203,0.02604166666666663,0.10701650943396235,0.0,-0.020026408450704247,0.02499999999999991,0.005704365079365004,0.06647727272727266,0.04202586206896547,0.027807203389830504,0.019188596491228088,0.022916666666666585,0.0,0.022916666666666585,-0.0038461538461538602,0.014600409836065587,0.057870370370370405,0.03453947368421051,0.01874999999999999,0.025240384615384595,0.024553571428571397,0.0357142857142857,0.01157407407407407,0.030701754385964897,-0.028306159420289856,0.03323863636363633,0.026483050847457612,0.01770833333333327,0.04602272727272727,0.012600806451612878,-0.006971153846153821,0.05497685185185186,-0.005048076923076905,0.00868055555555547,0.0,0.04629629629629628,0.010168650793650702,0.05334051724137934,0.046875,0.00868055555555547,0.019979508196721285,0.05948464912280699,0.02383474576271183,0.031249999999999944,0.016137295081967207,0.019979508196721285,0.04540094339622644,0.020833333333333315,0.0326206140350877,0.011088709677419317,0.015368852459016424,-0.011837121212121215,0.0326206140350877,-0.02812500000000001,0.03794642857142855,0.038377192982456176,0.012295081967213128,0.022916666666666585,0.060763888888888895,0.038377192982456176,0.05357142857142849,-0.01278409090909094,0.014547413793103453,0.0,0.019791666666666652,0.04346590909090908,0.021874999999999978,0.013831967213114749,0.005208333333333315
0.02132312739201747,0.08001265022137888,0.033955857385399024,0.0164024056861673,0.032834101382488434,0.005288207297726111,0.062211981566820285,0.1008855154965212,-0.030091478093403956,0.004494976203067158,-0.03680145388459788,0.0,0.03834449178332322,-0.0288878189696678,0.0211345939933259,0.07646356033452806,-0.013608870967741937,1.0,0.04385964912280704,0.0,0.007403490216816522,-0.030091478093403956,0.014516129032258018,-0.01563275434243172,-0.03888643393725144,0.002379693283976747,-0.02286952335098702,0.03560559951308584,-0.014143920595533488,0.011481683980317098,0.02688172043010756,0.026284348864994034,0.01290322580645159,0.09860012172854549,-0.011592741935483819,-0.04497955474784193,0.009677419354838734,-0.005376344086021501,0.03900293255131965,0.02892102335928809,0.025423728813559254,0.01839275608375779,0.01236559139784943,-0.01310483870967738,0.014516129032258018,-0.01712158808933001,0.007667900581702858,0.06451612903225806,0.029711375212224167,0.013440860215053752,0.0496277915632754,0.048387096774193505,0.048387096774193505,0.03345280764635605,0.02405206564799095,-0.045815801776531107,0.06979472140762466,0.015582285401858909,0.006451612903225795,0.018475073313783008,0.0,-0.0126550868486352,0.026284348864994034,-0.01563275434243172,-0.006400409626216075,-0.008064516129032251,0.07168458781362008,-0.005376344086021501,0.027808676307007785,0.04338153503893216,-0.008960573476702538,0.005552617662612391,0.028296547821165863,0.022143247676325806,0.004838709677419367,0.002379693283976747,0.006081438392385008,0.02465003043213637,0.01236559139784943,0.02405206564799095,0.0,0.005817028027498672,-0.024437927663734094,0.028296547821165863,-0.035023041474654404,0.05011520737327185,0.019807583474816093,0.004759386567953494,0.01559139784946234,0.05017921146953408,0.033955857385399024,0.039746543778801824,-0.02737047898338224,0.023359288097886566,-0.014112903225806439,0.013440860215053752,0.04516129032258065,0.01290322580645159,0.007403490216816522,-0.00691244239631339
-0.008920606601248937,0.016511867905056765,0.0,-0.004757656853999426,0.0031328320802004594,-0.01380500431406384,0.008145363408521289,0.02476780185758512,-0.05236973029588904,-0.02761000862812768,-0.07264640474425504,-0.042444821731748794,0.027805362462760663,-0.10473946059177808,-0.00907441016333943,0.025341130604288498,-0.06907894736842102,-0.04385964912280704,1.0,-0.028296547821165863,-0.04486626402070759,-0.07593610892903907,-0.02894736842105272,-0.021592442645074233,-0.06152367219418409,-0.009203336209375884,-0.04451427075150566,0.013240648791790793,-0.03670715249662615,-0.013678263455248307,0.0,0.016569200779727122,-0.019298245614035148,0.04237007613373056,-0.03645833333333337,-0.04843093649617006,-0.010526315789473717,-0.046783625730994205,0.014673046251993616,-0.00877192982456143,-0.011894142134998564,0.0,-0.011403508771929832,-0.02494517543859648,-0.01403508771929829,-0.021592442645074233,-0.01840667241875177,0.01949317738791423,0.0,-0.013157894736842146,0.023616734143049878,0.005325814536340845,0.006892230576441061,0.004873294346978557,0.0,-0.06102212051868805,0.010207336523125998,-0.007136485280999111,-0.01403508771929829,0.008931419457735235,-0.021222410865874397,-0.04966261808367073,0.017543859649122806,-0.06261808367071525,-0.05847953216374269,-0.05756578947368424,0.022417153996101336,-0.053467000835421885,-0.00877192982456143,-0.00907441016333943,-0.05513784461152882,-0.02761000862812768,0.0,-0.014272970561998222,-0.012280701754386003,-0.00690250215703192,-0.02070750647109576,0.011916583912611745,-0.01666666666666672,0.0,-0.008488964346349756,-0.023008340523439752,-0.04784688995215314,0.0,-0.03258145363408524,0.006892230576441061,0.0,-0.009203336209375884,-0.018421052631579005,0.01364522417153996,0.0,0.009398496240601406,-0.08133971291866027,-0.003024803387779801,-0.03645833333333337,-0.014912280701754432,0.008293460925039853,-0.02017543859649129,-0.01840667241875177,-0.038429406850459535
