0,1,2,3,4,5,6,7,8,9,10,11,12,13,14,15,16,17,18,19,20,21,22,23,24,25,26,27,28,29,30,31,32,33,34,35,36,37,38,39,40,41,42,43,44,45,46,47,48,49,50,51,52,53,54,55,56,57,58,59,60,61,62,63,64,65,66,67,68,69,70,71,72,73,74,75,76,77,78,79,80,81,82,83,84,85,86,87,88,89,90,91,92,93,94,95,96,97,98,99
1.0,0.24686536485097635,0.1514902363823227,0.18581706063720455,0.1773895169578623,0.0645426515930113,0.2770811921891059,0.2012332990750257,0.04707091469681397,0.23514902363823229,0.21911613566289825,0.04049331963001028,0.11140801644398766,0.12106885919835561,0.15683453237410072,0.32805755395683456,0.0197327852004111,0.1802672147995889,-0.016855087358684483,0.0367934224049332,0.18736831311035707,-0.14922918807810895,0.08036998972250771,-0.07975334018499487,0.1183967112024666,-0.20842754367934224,-0.24480986639260022,-0.21767728674203493,0.015210688591983558,-0.14162384378211718,-0.002672147995889003,0.16937307297019527,0.2300102774922919,0.016649537512846865,-0.1420349434737924,-0.01634205254226373,-0.04912641315519013,0.24480986639260022,0.15806783144912642,0.1736896197327852,0.10976361767728675,0.0394655704008222,0.011305241521068859,0.036176772867420354,-0.007810894141829393,0.06330935251798561,-0.16752312435765676,0.07605344295991778,0.27276464542651596,0.14296726469364054,0.1738951695786228,0.16156217882836588,0.10400822199383351,0.178622816032888,0.06875995692310964,0.10195272353545735,0.14121274409044193,0.06783144912641316,-0.006988694758478932,0.10123850159830046,0.039260020554984586,0.2219938335046249,0.04912641315519013,0.15313463514902365,-0.0972250770811922,0.17142857142857143,0.06536485097636177,-0.012025283946194064,-0.10195272353545735,0.06639260020554985,0.12661870503597122,-0.1196300102774923,-0.08324768756423433,-0.07769784172661871,-0.09003083247687566,-0.05035971223021583,0.056937307297019533,-0.2820143884892086,0.03227132579650565,-0.04234326824254882,-0.22569373072970195,0.022816032887975332,-0.04614831189607808,-0.14285714285714285,-0.16135662898252826,-0.128879753340185,-0.0881808838643371,-0.18460273506909664,0.10955806783144913,-0.16156217882836588,-0.061359782186990224,-0.049331963001027754,-0.06557040082219938,0.061459403905447074,-0.1983556012332991,0.009249743062692703,-0.01346420681155062,-0.08591983556012334,0.23494347379239466,0.04953751284686536
0.24686536485097635,1.0,0.5149023638232272,0.47482014388489213,0.5741007194244604,0.4600205549845838,0.4312435765673176,0.5872559095580678,0.571634121274409,0.1410071942446043,0.0008221993833504625,-0.05940390544707092,-0.007810894141829393,-0.09023638232271326,0.03597122302158273,0.3872559095580678,-0.007810894141829393,0.21233299075025697,-0.06700924974306269,-0.010894141829393628,0.09096048113146792,0.01644398766700925,0.16875642343268246,0.007810894141829393,0.07564234326824255,-0.033710174717368965,-0.1617677286742035,-0.2785200411099692,-0.0328879753340185,0.13751284686536486,-0.13175745118191162,0.2672147995889003,0.1699897225077081,-0.19260020554984586,-0.16505652620760536,0.09198828317815116,-0.11695786228160329,0.2554984583761562,0.14080164439876672,0.10750256937307298,-0.1105858170606372,0.021377183967112023,0.17040082219938338,-0.16073997944501542,-0.12538540596094552,-0.038232271325796506,-0.23453237410071942,-0.26844809866392605,-0.09352517985611512,-0.1752402489594947,-0.09825282631038026,0.6154162384378212,0.28612538540596094,0.35950668036998973,0.5345598444799601,0.30996916752312437,0.5103802672147997,0.5932168550873588,-0.06618705035971223,-0.0044195488007379895,0.14244604316546763,0.018088386433710177,0.255087358684481,-0.12230215827338131,-0.07461459403905447,0.023843782117163412,-0.06618705035971223,-0.1139832469771728,-0.22816032887975335,0.07297019527235354,0.2219938335046249,0.06618705035971223,-0.19671120246659815,0.09044193216855087,0.03329907502569373,0.0433710174717369,-0.04912641315519013,0.007810894141829393,-0.1699897225077081,-0.1590955806783145,0.03576567317574512,-0.27482014388489207,-0.23649725094181656,-0.2193216855087359,-0.12065775950668037,-0.1079136690647482,-0.23741007194244607,-0.27320382506328444,0.0006166495375128469,-0.06742034943473793,-0.2389639758538564,-0.15991778006166496,-0.13422404933196302,0.013360739979445016,-0.007194244604316546,-0.26495375128468657,-0.16886787627005853,-0.40698869475847893,-0.01829393627954779,-0.25056526207605345
0.1514902363823227,0.5149023638232272,1.0,0.26351490236382324,0.4367934224049332,0.5233299075025694,0.263103802672148,0.402672147995889,0.5650565262076054,0.11428571428571428,0.011510791366906477,-0.10256937307297019,-0.06865364850976362,-0.1683453237410072,-0.026104830421377186,0.20637204522096608,-0.09989722507708121,0.07338129496402879,-0.2404933196300103,0.009660842754367936,-0.00154170307002488,-0.05755395683453237,0.0984583761562179,0.031654676258992806,0.04275436793422405,-0.12168550873586846,-0.14367934224049334,-0.16505652620760536,0.08591983556012334,0.16464542651593014,-0.14779033915724563,0.14758478931140803,0.07995889003083248,-0.15642343268242548,-0.1671120246659815,0.33331620373937904,0.1313463514902364,0.1605344295991778,0.08119218910585818,0.04953751284686536,0.03247687564234327,-0.024254881808838648,0.10421377183967112,-0.18992805755395686,-0.11469681397738953,0.06495375128468654,-0.05159301130524152,-0.14511819116135663,0.003494347379239466,-0.07492676920320916,-0.04398766700924975,0.45303186022610487,0.16361767728674204,0.22014388489208633,0.515237166002315,0.33093525179856115,0.35950668036998973,0.5220966084275437,-0.06413155190133607,-0.11747777393589585,0.06474820143884892,-0.05673175745118191,0.24809866392600205,-0.1815005138746146,0.08078108941418294,0.05632065775950668,0.028365878725590956,-0.1914795212970901,-0.20966084275436794,0.03884892086330936,0.1775950668036999,0.03905447070914697,-0.14080164439876672,0.045220966084275435,-0.01644398766700925,-0.01829393627954779,0.07543679342240493,0.07070914696813978,-0.14820143884892087,-0.0748201438848921,0.06659815005138746,-0.08365878725590956,-0.09260496440616112,-0.12106885919835561,-0.049948612538540604,0.06557040082219938,0.03884892086330936,-0.10648576477259694,0.16464542651593014,0.053442959917780065,-0.08705483335407155,-0.05837615621788284,0.015827338129496403,-0.049948612538540604,-0.03802672147995889,-0.20082219938335047,-0.09404388727151768,-0.18746145940390546,0.09064748201438848,-0.12805755395683455
0.18581706063720455,0.47482014388489213,0.26351490236382324,1.0,0.517163412127441,0.1975334018499486,0.35416238437821174,0.5003083247687564,0.2779033915724563,0.18561151079136692,0.0051387461459403904,0.015210688591983558,0.08859198355601235,-0.10154162384378213,0.06742034943473793,0.45077081192189106,0.17985611510791366,0.2388489208633094,0.05858170606372045,0.040287769784172665,0.15160080188577985,0.18602261048304214,0.19033915724563208,0.14409044193216855,0.009660842754367936,0.010071942446043166,-0.13360739979445016,-0.2219938335046249,0.008838643371017472,0.07276464542651594,-0.20842754367934224,0.2394655704008222,0.21377183967112026,-0.03741007194244605,-0.033710174717368965,-0.14625623124302695,-0.20719424460431657,0.2692702980472765,0.13977389516957864,0.055498458376156225,0.027338129496402876,0.0014388489208633096,0.2392600205549846,-0.16094552929085304,-0.17040082219938338,-0.05570400822199383,-0.17430626927029805,-0.13997944501541623,-0.11223021582733812,-0.11830001557324246,-0.11901336073997945,0.3907502569373073,0.20164439876670093,0.5566289825282631,0.27740377239981007,0.22918807810894143,0.31449126413155193,0.43103802672147995,-0.08530318602261049,0.10719975346906332,0.10441932168550874,0.07050359712230216,0.11510791366906474,-0.020966084275436794,-0.0842754367934224,-0.04131551901336074,0.03227132579650565,-0.01346420681155062,-0.18478931140801647,0.05632065775950668,0.20534429599177803,0.03391572456320658,-0.18417266187050363,0.046248715313463515,0.12353545734840699,0.07687564234326826,-0.12374100719424462,-0.08530318602261049,-0.14018499486125385,-0.16875642343268246,0.08859198355601235,-0.22034943473792395,-0.34811655321161794,-0.16320657759506682,-0.10400822199383351,-0.17553956834532375,-0.2458376156217883,-0.24010689817450429,-0.16279547790339158,-0.08489208633093526,-0.23012487825238043,-0.13710174717368964,-0.191983556012333,-0.02959917780061665,-0.08180883864337102,-0.33833504624871535,-0.36764479209859974,-0.3508735868448099,-0.09290853031860227,-0.2561151079136691
0.1773895169578623,0.5741007194244604,0.4367934224049332,0.517163412127441,1.0,0.43782117163412126,0.36793422404933196,0.6517985611510793,0.4548818088386434,0.1405960945529291,0.09701952723535459,0.06803699897225077,0.06824254881808839,-0.10256937307297019,-0.019116135662898253,0.2672147995889003,0.11428571428571428,0.30400822199383354,0.04974306269270298,0.1551901336073998,0.03587029142924554,0.17142857142857143,0.1551901336073998,0.030832476875642344,-0.0041109969167523125,-0.051387461459403906,-0.13586844809866394,-0.15765673175745118,0.11140801644398766,0.11983556012332991,-0.20287769784172663,0.11181911613566291,0.1194244604316547,-0.061459403905447074,0.013771839671120247,0.10719975346906332,-0.05200411099691676,0.1473792394655704,0.11531346351490238,0.0552929085303186,0.020966084275436794,-0.007810894141829393,0.11284686536485097,-0.18458376156217884,-0.19856115107913672,-0.03782117163412128,-0.061459403905447074,-0.15169578622816035,-0.007605344295991779,-0.10000513914228056,-0.0020554984583761563,0.5422404933196301,0.31120246659815004,0.5231243576567317,0.5339431632519501,0.5220966084275437,0.4869475847893114,0.5459403905447071,-0.03494347379239466,0.030936841605165927,0.01500513874614594,0.10770811921891059,0.08324768756423433,-0.13751284686536486,-0.03186022610483042,-0.011921891058581706,0.09784172661870505,0.007914075759461051,-0.07440904419321687,0.1720452209660843,0.3510791366906475,0.06495375128468654,-0.02528263103802672,0.07440904419321687,0.02548818088386434,-0.002261048304213772,0.08324768756423433,0.018499486125385406,-0.2801644398766701,-0.02548818088386434,0.02548818088386434,-0.12970195272353546,-0.27349812462241374,-0.1749229188078109,-0.08078108941418294,-0.06639260020554985,-0.1354573484069887,-0.1319765656061916,0.08530318602261049,-0.0855087358684481,-0.027647875055779515,-0.03001027749229188,-0.03103802672147996,-0.09352517985611512,-0.06762589928057554,-0.2698869475847893,-0.19764633357718964,-0.2733812949640288,0.06844809866392601,-0.2147995889003083
0.0645426515930113,0.4600205549845838,0.5233299075025694,0.1975334018499486,0.43782117163412126,1.0,0.21973278520041112,0.3543679342240494,0.5928057553956835,0.044604316546762585,-0.13627954779033916,-0.03494347379239466,0.026927029804727647,-0.16156217882836588,-0.008221993833504625,0.15354573484069886,-0.08448098663926003,0.03535457348406989,-0.10380267214799589,-0.027132579650565262,-0.021892183594353295,-0.023638232271325797,0.0855087358684481,0.010483042137718397,0.16258992805755396,-0.03884892086330936,-0.06783144912641316,-0.07317574511819117,0.09558067831449128,0.18622816032887976,0.046865364850976365,0.2119218910585817,0.023021582733812954,-0.23103802672147997,-0.13196300102774922,0.1411172210096107,0.04234326824254882,0.08304213771839672,-0.012332990750256938,-0.031243576567317573,-0.08735868448098665,0.09516957862281604,0.1052415210688592,-0.07297019527235354,-0.0014388489208633096,0.08900308324768756,-0.1410071942446043,-0.17574511819116134,-0.041109969167523124,-0.08931599785677471,-0.02528263103802672,0.4429599177800617,0.11778006166495375,0.16402877697841728,0.701680457270657,0.45159301130524154,0.36793422404933196,0.5054470709146969,-0.10010277492291882,-0.1331003650454813,0.06742034943473793,-0.04295991778006167,0.25282631038026726,-0.19938335046248715,-0.016032887975334018,0.027338129496402876,-0.09516957862281604,-0.115627730251866,-0.1539568345323741,-0.004522096608427544,0.1366906474820144,0.09763617677286741,-0.15416238437821173,-0.044193216855087356,-0.0014388489208633096,0.04316546762589928,0.08139773895169579,0.11408016443987667,-0.12538540596094552,-0.052415210688591986,0.056937307297019533,-0.18705035971223025,-0.11871113639191577,-0.19033915724563208,-0.15046248715313465,-0.07934224049331963,-0.0748201438848921,-0.11039161328742193,0.05303186022610483,-0.07954779033915725,-0.11973893843859901,-0.1079136690647482,-0.17060637204522097,0.02918807810894142,-0.02959917780061665,-0.07852004110996917,-0.058070815637603815,-0.20452209660842754,0.03535457348406989,-0.15046248715313465
0.2770811921891059,0.4312435765673176,0.263103802672148,0.35416238437821174,0.36793422404933196,0.21973278520041112,1.0,0.4772867420349435,0.3223021582733813,0.08489208633093526,0.12476875642343269,0.06330935251798561,0.0959917780061665,-0.0036998972250770813,0.08098663926002056,0.29126413155190134,0.10709146968139774,0.38314491264131556,0.06885919835560124,0.01644398766700925,0.23752505298849985,0.044604316546762585,0.1751284686536485,0.17780061664953753,0.06433710174717369,0.06721479958890031,-0.13360739979445016,-0.3778006166495375,0.061459403905447074,0.033710174717368965,-0.020554984583761562,0.08982528263103802,0.05960945529290853,-0.009044193216855088,-0.06947584789311408,0.000308340614004976,-0.24748201438848924,0.040287769784172665,0.10770811921891059,-0.0041109969167523125,-0.14532374100719425,0.05323741007194245,-0.031243576567317573,-0.28756423432682426,-0.26084275436793425,-0.3167523124357657,-0.20966084275436794,-0.26372045220966084,-0.05015416238437821,-0.20997995813738865,0.012127440904419324,0.44378211716341215,0.3780061664953751,0.4086330935251799,0.2961097696494453,0.2974306269270298,0.48057553956834537,0.4195272353545735,0.05323741007194245,-0.030936841605165927,0.13072970195272354,0.08571428571428572,0.2803699897225077,-0.1418293936279548,0.017677286742034944,0.003494347379239466,0.09804727646454266,-0.051698442948167646,-0.04008221993833505,0.29969167523124357,0.2982528263103803,0.19218910585817062,-0.2010277492291881,0.05981500513874615,0.21603288797533401,0.12456320657759508,0.046865364850976365,-0.048304213771839674,-0.18705035971223025,-0.11366906474820143,0.14779033915724563,-0.2585817060637205,-0.3156380085364271,-0.14265159301130526,-0.06330935251798561,-0.0526207605344296,-0.2857142857142857,-0.29293863861187386,0.07605344295991778,0.002261048304213772,-0.1877794339290304,-0.10996916752312436,-0.11017471736896198,-0.06783144912641316,-0.14881808838643373,-0.2717368961973279,-0.2681535539796608,-0.35292908530318606,0.005344295991778006,-0.236382322713258
0.2012332990750257,0.5872559095580678,0.402672147995889,0.5003083247687564,0.6517985611510793,0.3543679342240494,0.4772867420349435,1.0,0.46104830421377185,0.0645426515930113,0.11510791366906474,0.0014388489208633096,0.04357656731757451,-0.12353545734840699,-0.06598150051387461,0.27297019527235356,0.1183967112024666,0.4326824254881809,0.046454265159301136,0.17903391572456323,0.05560409072556401,0.15704008221993834,0.22918807810894143,-0.006166495375128469,-0.027543679342240494,-0.04193216855087359,-0.17985611510791366,-0.20493319630010276,0.1171634121274409,0.06885919835560124,-0.14820143884892087,0.08633093525179857,0.03638232271325797,-0.039260020554984586,-0.09393627954779034,0.10226630364498371,-0.10873586844809867,0.08078108941418294,0.08242548818088387,0.02076053442959918,-0.041109969167523124,0.06742034943473793,0.033504624871531344,-0.18746145940390546,-0.2199383350462487,-0.13484069886947586,-0.1473792394655704,-0.1738951695786228,0.029804727646454265,-0.10740531387839997,0.05097636176772868,0.5656731757451182,0.3420349434737924,0.5153134635149024,0.4225294213914854,0.4970195272353546,0.6036998972250771,0.5558067831449126,-0.03905447070914697,-0.015519810904917124,-0.00020554984583761563,0.12579650565262077,0.10339157245632066,-0.15889003083247688,-0.06844809866392601,-0.05878725590955807,0.040287769784172665,-0.0397759392066419,-0.06988694758478932,0.3212744090441932,0.350256937307297,0.0801644398766701,-0.044193216855087356,0.051387461459403906,0.013566289825282631,-0.018705035971223024,0.046248715313463515,-0.024254881808838648,-0.2143884892086331,-0.044809866392600206,-0.02219938335046249,-0.1868448098663926,-0.2640423457929278,-0.210688591983556,-0.14779033915724563,-0.09558067831449128,-0.17780061664953753,-0.20865453908143997,0.1802672147995889,-0.09373072970195273,-0.06752659446708975,-0.05632065775950668,-0.07749229188078109,-0.03144912641315519,-0.12353545734840699,-0.24645426515930113,-0.1910684004784168,-0.31860226104830425,0.1354573484069887,-0.17286742034943473
0.04707091469681397,0.571634121274409,0.5650565262076054,0.2779033915724563,0.4548818088386434,0.5928057553956835,0.3223021582733813,0.46104830421377185,1.0,0.07975334018499487,-0.014799588900308325,0.012949640287769786,-0.011099691675231244,-0.07461459403905447,0.05323741007194245,0.17841726618705034,-0.06659815005138746,0.0750256937307297,-0.09866392600205551,-0.0984583761562179,0.06958219856045625,0.06495375128468654,0.0696813977389517,0.11798561151079136,0.16937307297019527,0.08715313463514902,-0.07831449126413156,-0.0696813977389517,0.09044193216855087,0.2970195272353546,-0.0302158273381295,0.16156217882836588,0.022816032887975332,-0.20698869475847895,-0.11983556012332991,0.2202579786042212,-0.02117163412127441,0.10544707091469682,0.0750256937307297,0.04295991778006167,-0.1405960945529291,0.11099691675231245,0.10051387461459405,-0.12291880781089415,-0.09784172661870505,-0.05796505652620761,-0.2131551901336074,-0.350256937307297,-0.12189105858170607,-0.20011305848922942,-0.17142857142857143,0.47440904419321683,0.19403905447070918,0.1995889003083248,0.6389845324229786,0.32723535457348407,0.45323741007194246,0.707502569373073,0.01891058581706064,-0.07451564838453587,0.12641315519013363,-0.05837615621788284,0.4121274409044194,-0.189311408016444,0.10339157245632066,0.06002055498458376,-0.0735868448098664,-0.11665553229854926,-0.16608427543679344,0.016238437821171636,0.21212744090441932,0.11223021582733812,-0.1995889003083248,0.18376156217882836,0.09948612538540597,0.17821171634121274,0.07461459403905447,0.21130524152106886,-0.15601233299075026,-0.08756423432682425,0.15292908530318602,-0.2920863309352518,-0.19990749807989275,-0.15642343268242548,-0.0984583761562179,-0.06803699897225077,-0.11325796505652622,-0.12005344908725214,0.06762589928057554,0.03576567317574512,-0.17133460118209834,-0.04152106885919836,-0.0487153134635149,0.08982528263103802,0.03761562178828366,-0.16300102774922917,-0.12035561966660896,-0.42795477903391577,-0.07379239465570402,-0.27029804727646456
0.23514902363823229,0.1410071942446043,0.11428571428571428,0.18561151079136692,0.1405960945529291,0.044604316546762585,0.08489208633093526,0.0645426515930113,0.07975334018499487,1.0,0.28838643371017475,0.29969167523124357,0.2406988694758479,0.23514902363823229,0.45056526207605346,0.42487153134635147,0.14367934224049334,-0.07810894141829394,0.13915724563206577,0.013977389516957863,0.3205714583605067,-0.11572456320657759,0.05179856115107914,0.09434737923946558,0.21233299075025697,0.118191161356629,-0.14018499486125385,-0.017266187050359712,0.1461459403905447,0.08838643371017471,-0.36628982528263104,0.0869475847893114,0.44439876670092504,0.11593011305241523,-0.13442959917780062,-0.09589393095554753,-0.028776978417266185,0.3630010277492292,0.25981500513874617,0.44809866392600206,0.24563206577595068,0.02076053442959918,0.05837615621788284,-0.06351490236382322,-0.03432682425488181,0.06269270298047276,-0.2820143884892086,0.09188078108941418,0.22774922918807813,0.20011305848922942,-0.08201438848920864,-0.07379239465570402,-0.118191161356629,-0.02589928057553957,0.04429826821204822,-0.009660842754367936,-0.10853031860226105,0.048304213771839674,0.10668036998972251,0.21779125369218139,0.20020554984583763,0.2809866392600206,0.14470709146968141,0.37081192189105855,0.10853031860226105,0.42034943473792397,0.2633093525179856,0.18120150083025757,-0.11736896197327853,-0.2536485097636177,0.13833504624871532,-0.38951695786228163,-0.05673175745118191,0.2916752312435766,0.008016443987667009,0.13566289825282632,0.17841726618705034,-0.15847893114080164,-0.16813977389516957,-0.2933196300102775,-0.12147995889003083,0.09907502569373072,-0.19805745439586292,-0.00986639260020555,0.05220966084275437,-0.08633093525179857,-0.002877697841726619,-0.10196320333437855,0.0263103802672148,0.054881808838643374,-0.23629169053247992,0.09804727646454266,0.22446043165467625,0.13114080164439876,-0.16649537512846865,-0.1747173689619733,-0.1984685752145362,-0.016649537512846865,0.08920863309352517,0.13114080164439876
0.21911613566289825,0.0008221993833504625,0.011510791366906477,0.0051387461459403904,0.09701952723535459,-0.13627954779033916,0.12476875642343269,0.11510791366906474,-0.014799588900308325,0.28838643371017475,1.0,0.28324768756423435,0.24768756423432683,0.22404933196300103,0.1512846865364851,0.033504624871531344,0.08201438848920864,0.1500513874614594,0.015827338129496403,0.18581706063720455,0.14029497937226407,-0.043782117163412126,-0.08756423432682425,0.02076053442959918,-0.1079136690647482,0.01747173689619733,-0.2836587872559096,-0.06824254881808839,0.18520041109969168,-0.20678314491264133,-0.25734840698869477,-0.24645426515930113,0.055498458376156225,0.16361767728674204,-0.013566289825282631,0.041831543300008406,0.010688591983556012,-0.10729701952723536,0.017266187050359712,0.2343268242548818,0.2024665981500514,-0.09640287769784174,-0.22857142857142856,-0.0828365878725591,-0.16423432682425487,-0.14409044193216855,0.012332990750256938,0.12805755395683455,0.35847893114080165,0.19435736702780318,0.19095580678314492,-0.0869475847893114,0.07995889003083248,0.05673175745118191,-0.10349966610100361,0.08612538540596094,-0.047276464542651594,-0.004316546762589928,0.31963001027749227,0.2815149805865431,0.17142857142857143,0.33771839671120246,-0.11223021582733812,0.21418293936279548,0.09373072970195273,0.22959917780061667,0.35991778006166497,0.0810935814833087,0.054881808838643374,0.12826310380267214,0.22713257965056527,-0.2855087358684481,0.06166495375128469,0.22137718396711203,0.03802672147995889,-0.0036998972250770813,0.3103802672147996,-0.1880781089414183,-0.20472764645426517,-0.08653648509763619,-0.1975334018499486,0.20061664953751285,-0.10103294118896379,0.06166495375128469,-0.017677286742034944,0.05714285714285714,0.07029804727646455,0.0485147499736156,0.3198355601233299,0.06351490236382322,0.1476951541083835,0.12476875642343269,0.218705035971223,-0.0036998972250770813,-0.23473792394655707,-0.0328879753340185,-0.06649879242040649,0.09146968139773896,0.30873586844809864,0.14799588900308325
0.04049331963001028,-0.05940390544707092,-0.10256937307297019,0.015210688591983558,0.06803699897225077,-0.03494347379239466,0.06330935251798561,0.0014388489208633096,0.012949640287769786,0.29969167523124357,0.28324768756423435,1.0,0.17677286742034942,0.4273381294964029,0.26248715313463516,-0.00986639260020555,0.16156217882836588,0.05159301130524152,0.27214799588900307,0.07132579650565263,0.3104989983030108,-0.02589928057553957,-0.05981500513874615,0.2511819116135663,0.31613566289825284,0.3958890030832477,-0.1276464542651593,0.0051387461459403904,0.021788283658787256,-0.054470709146968145,-0.06269270298047276,-0.04398766700924975,0.05981500513874615,-0.02076053442959918,-0.012538540596094553,-0.13967829814425411,-0.2760534429599178,-0.07297019527235354,-0.02816032887975334,0.08324768756423433,0.03864337101747174,0.3054470709146968,-0.20986639260020556,0.0526207605344296,-0.14306269270298047,-0.29311408016443985,-0.19136690647482016,-0.02959917780061665,0.1194244604316547,-0.031142402014502576,-0.001644398766700925,-0.07440904419321687,0.10359712230215828,0.03391572456320658,-0.0397759392066419,0.038232271325796506,0.0010277492291880781,-0.002877697841726619,0.3173689619732785,0.132689244226808,0.17040082219938338,0.17965056526207604,0.041726618705035974,0.26002055498458376,0.2579650565262076,0.30873586844809864,0.32559095580678316,0.22663035129365736,0.006988694758478932,-0.07379239465570402,0.24912641315519016,-0.10976361767728675,0.06927029804727647,0.14306269270298047,0.202672147995889,0.31181911613566293,0.16217882836587874,-0.0328879753340185,-0.17410071942446043,0.12661870503597122,0.07153134635149024,-0.12476875642343269,-0.2560254898287984,-0.15025693730729703,-0.021993833504624874,-0.18561151079136692,-0.1802672147995889,-0.04913146289700901,0.02528263103802672,0.08468653648509764,0.007914075759461051,0.41109969167523125,0.18890030832476876,0.2986639260020555,-0.021993833504624874,0.09352517985611512,-0.24307518404058942,-0.0842754367934224,0.07009249743062693,-0.0355601233299075
0.11140801644398766,-0.007810894141829393,-0.06865364850976362,0.08859198355601235,0.06824254881808839,0.026927029804727647,0.0959917780061665,0.04357656731757451,-0.011099691675231244,0.2406988694758479,0.24768756423432683,0.17677286742034942,1.0,0.3675231243576567,0.38561151079136696,0.1617677286742035,0.31880781089414184,0.1405960945529291,0.326207605344296,0.18499486125385406,0.34482758666223146,0.14080164439876672,0.10894141829393629,0.12641315519013363,-0.10174717368961973,-0.029393627954779036,-0.13730729701952724,-0.04439876670092498,0.18355601233299076,-0.01891058581706064,-0.11099691675231245,-0.10996916752312436,0.14552929085303187,0.31366906474820144,0.09701952723535459,-0.23033043866171707,-0.1697841726618705,-0.006166495375128469,0.06002055498458376,0.236382322713258,0.26084275436793425,-0.04542651593011306,-0.06289825282631038,-0.0421377183967112,-0.07667009249743063,0.03884892086330936,-0.06166495375128469,0.19301130524152108,0.22774922918807813,0.1955907294838231,0.10380267214799589,-0.07173689619732786,0.009249743062692703,-0.046454265159301136,0.013875327630223921,0.09434737923946558,-0.040287769784172665,0.008427543679342241,0.17697841726618704,0.2771982119904734,0.3243576567317575,0.6263103802672149,0.09044193216855087,0.39835560123329905,0.07153134635149024,0.35950668036998973,0.1815005138746146,0.3166658105831104,0.14162384378211718,0.0073997944501541625,0.2916752312435766,-0.1658787255909558,0.031654676258992806,0.1276464542651593,0.16094552929085304,0.09537512846865365,0.16526207605344295,-0.10380267214799589,-0.14511819116135663,-0.16875642343268246,-0.10955806783144913,0.13689619732785202,-0.20627987076932894,-0.07276464542651594,-0.13977389516957864,-0.08509763617677288,-0.1303186022610483,-0.03782505930146301,0.024665981500513877,-0.16793422404933198,-0.10062182037029051,-0.13751284686536486,-0.09496402877697843,0.0328879753340185,-0.22363823227132582,-0.03864337101747174,-0.09486612890886427,0.07954779033915725,0.09907502569373072,0.1064748201438849
0.12106885919835561,-0.09023638232271326,-0.1683453237410072,-0.10154162384378213,-0.10256937307297019,-0.16156217882836588,-0.0036998972250770813,-0.12353545734840699,-0.07461459403905447,0.23514902363823229,0.22404933196300103,0.4273381294964029,0.3675231243576567,1.0,0.5009249743062693,0.03699897225077081,0.19773895169578623,0.04912641315519013,0.3625899280575539,0.11531346351490238,0.48666426910452043,-0.05015416238437821,0.03186022610483042,0.20184994861253855,0.20596094552929087,0.1471736896197328,-0.10503597122302159,0.00472764645426516,0.04974306269270298,-0.018705035971223024,-0.010483042137718397,-0.1052415210688592,0.01500513874614594,0.054470709146968145,-0.06228160328879754,-0.132689244226808,-0.28427543679342243,-0.03597122302158273,0.02487153134635149,0.14820143884892087,0.04398766700924975,0.11469681397738953,-0.22137718396711203,0.06906474820143885,-0.10154162384378213,-0.13319630010277492,-0.1683453237410072,0.054265159301130524,0.16916752312435768,0.04039262043465185,0.04398766700924975,-0.15498458376156218,0.03247687564234327,-0.1699897225077081,-0.10966647838110313,-0.1183967112024666,-0.08365878725590956,-0.11223021582733812,0.28242548818088387,0.14132278141894733,0.20452209660842754,0.35601233299075025,0.1527235354573484,0.541212744090442,0.3044193216855087,0.5525179856115108,0.2376156217882837,0.3900508767162947,0.15087358684480986,-0.0947584789311408,0.2594039054470709,-0.11593011305241523,0.13463514902363824,0.15087358684480986,0.16485097636176774,0.19218910585817062,0.15190133607399794,-0.020143884892086333,-0.05035971223021583,0.05796505652620761,-0.021377183967112023,-0.044604316546762585,-0.18983503802239687,-0.15971223021582734,-0.10873586844809867,-0.1868448098663926,-0.18232271325796506,-0.03515263663342486,-0.015416238437821172,-0.0789311408016444,-0.04244822452801836,0.19938335046248715,0.054470709146968145,0.18766700924974308,-0.0421377183967112,0.12147995889003083,-0.04450382862138487,-0.046454265159301136,0.07214799588900309,0.01747173689619733
0.15683453237410072,0.03597122302158273,-0.026104830421377186,0.06742034943473793,-0.019116135662898253,-0.008221993833504625,0.08098663926002056,-0.06598150051387461,0.05323741007194245,0.45056526207605346,0.1512846865364851,0.26248715313463516,0.38561151079136696,0.5009249743062693,1.0,0.28324768756423435,0.1697841726618705,-0.07749229188078109,0.24295991778006165,-0.010071942446043166,0.47248060086029153,-0.016855087358684483,0.0421377183967112,0.22651593011305243,0.27667009249743063,0.15539568345323743,0.026927029804727647,0.0302158273381295,0.2207605344295992,0.1773895169578623,-0.1379239465570401,0.09126413155190133,0.23617677286742036,0.08653648509763619,-0.013771839671120247,-0.10103294118896379,-0.11449126413155192,0.19260020554984586,0.23699897225077082,0.2665981500513875,0.12949640287769784,0.10154162384378213,0.019938335046248718,-0.03699897225077081,-0.03494347379239466,0.05714285714285714,-0.2966084275436794,0.03658787255909558,0.10339157245632066,0.05067064090148439,-0.09085303186022611,-0.09167523124357657,-0.15046248715313465,-0.07667009249743063,0.0231255460503732,-0.06865364850976362,-0.1366906474820144,0.028365878725590956,0.11264131551901337,0.07595457124989242,0.23905447070914698,0.31284686536485096,0.3434737923946557,0.43761562178828367,0.3105858170606372,0.6339157245632066,0.18499486125385406,0.2813094201772064,0.007810894141829393,-0.28920863309352524,0.18540596094552927,-0.15457348406988697,-0.07420349434737925,0.236382322713258,0.11223021582733812,0.2143884892086331,0.20616649537512846,-0.001644398766700925,-0.14039054470709147,-0.17965056526207604,0.05878725590955807,-0.012538540596094553,-0.21881905573886465,-0.002672147995889003,0.044604316546762585,-0.12394655704008223,-0.08078108941418294,-0.010484119697688117,-0.06433710174717369,0.05097636176772868,-0.27123696011971055,-0.023432682425488183,0.035149023638232274,0.08406988694758478,-0.029804727646454265,-0.09229188078108942,-0.03587029142924554,-0.07194244604316546,-0.045837615621788286,-0.0067831449126413155
0.32805755395683456,0.3872559095580678,0.20637204522096608,0.45077081192189106,0.2672147995889003,0.15354573484069886,0.29126413155190134,0.27297019527235356,0.17841726618705034,0.42487153134635147,0.033504624871531344,-0.00986639260020555,0.1617677286742035,0.03699897225077081,0.28324768756423435,1.0,0.25303186022610485,0.14635149023638233,0.09229188078108942,0.05015416238437821,0.28685955122929596,0.027749229188078112,0.2943473792394656,0.03884892086330936,0.11120246659815006,0.0302158273381295,-0.09003083247687566,-0.1656731757451182,0.056937307297019533,0.05179856115107914,-0.20678314491264133,0.21767728674203493,0.4937307297019527,0.03864337101747174,-0.13114080164439876,-0.12056118007594561,-0.1410071942446043,0.4275436793422405,0.21500513874614596,0.20061664953751285,0.0972250770811922,0.0006166495375128469,0.1738951695786228,-0.07420349434737925,0.028982528263103807,0.06803699897225077,-0.3486125385405961,0.0487153134635149,0.13895169578622815,0.10576083060370677,-0.09352517985611512,0.20452209660842754,0.015827338129496403,0.1669064748201439,0.1951796086651498,0.06680369989722508,0.11181911613566291,0.2,-0.11202466598150052,0.1339226066828279,0.20349434737923947,0.1658787255909558,0.1669064748201439,0.17965056526207604,-0.120863309352518,0.2012332990750257,0.12065775950668037,0.06958219856045625,-0.20328879753340184,-0.12415210688591984,0.10092497430626927,-0.13175745118191162,-0.10894141829393629,0.09681397738951696,-0.019116135662898253,0.07934224049331963,-0.023021582733812954,-0.19054470709146967,-0.08591983556012334,-0.4030832476875642,-0.09558067831449128,-0.10195272353545735,-0.2589033355595115,-0.1093525179856115,-0.053854059609455295,-0.12867420349434738,-0.14511819116135663,-0.24134032402129113,-0.03576567317574512,-0.07913669064748202,-0.4513078786986165,-0.18232271325796506,-0.13237410071942446,0.08879753340184995,-0.15457348406988697,-0.2511819116135663,-0.24492522772461925,-0.16258992805755396,0.07317574511819117,-0.006166495375128469
0.0197327852004111,-0.007810894141829393,-0.09989722507708121,0.17985611510791366,0.11428571428571428,-0.08448098663926003,0.10709146968139774,0.1183967112024666,-0.06659815005138746,0.14367934224049334,0.08201438848920864,0.16156217882836588,0.31880781089414184,0.19773895169578623,0.1697841726618705,0.25303186022610485,1.0,0.2857142857142857,0.48448098663926,0.25488180883864336,0.2247803076096275,0.40143884892086334,0.2199383350462487,0.23329907502569375,-0.08612538540596094,0.23823227132579652,0.1936279547790339,0.16073997944501542,0.1445015416238438,0.048509763617677296,-0.1093525179856115,-0.0972250770811922,0.25035971223021586,0.36875642343268245,0.29804727646454265,-0.17380132609413815,-0.18540596094552927,0.0526207605344296,0.1751284686536485,0.046454265159301136,0.24727646454265162,0.09886947584789312,0.020966084275436794,-0.00020554984583761563,0.02528263103802672,-0.056937307297019533,-0.04604316546762591,0.2024665981500514,0.10606372045220966,0.09507168931820094,-0.04008221993833505,0.004316546762589928,0.06598150051387461,0.10811921891058582,0.0023639447073714828,0.10996916752312436,0.023021582733812954,-0.011305241521068859,0.13956834532374102,0.3076211525722977,0.21212744090441932,0.22096608427543682,-0.09701952723535459,0.20596094552929087,0.014388489208633093,0.17040082219938338,0.19301130524152108,0.3569556508130939,0.13751284686536486,0.07317574511819117,0.2501541623843782,0.09969167523124357,0.12250770811921892,0.21274409044193218,0.2156217882836588,0.2869475847893114,0.05837615621788284,0.10996916752312436,-0.10811921891058582,-0.0487153134635149,0.027338129496402876,0.020966084275436794,-0.17791253428087117,0.03699897225077081,0.1500513874614594,0.046454265159301136,-0.1064748201438849,0.09271250948347726,0.017677286742034944,0.02528263103802672,-0.1744180073221481,-0.019938335046248718,-0.010688591983556012,0.14429599177800617,0.07564234326824255,-0.03782117163412128,-0.04306490575602832,0.029804727646454265,0.036176772867420354,-0.006988694758478932
0.1802672147995889,0.21233299075025697,0.07338129496402879,0.2388489208633094,0.30400822199383354,0.03535457348406989,0.38314491264131556,0.4326824254881809,0.0750256937307297,-0.07810894141829394,0.1500513874614594,0.05159301130524152,0.1405960945529291,0.04912641315519013,-0.07749229188078109,0.14635149023638233,0.2857142857142857,1.0,0.2762589928057554,0.3821171634121275,0.07554345043121911,0.22487153134635152,0.35005138746145936,-0.1105858170606372,-0.18663926002055498,-0.031243576567317573,-0.09969167523124357,-0.15642343268242548,-0.02589928057553957,-0.1366906474820144,-0.008838643371017472,-0.11099691675231245,-0.018705035971223024,0.1736896197327852,0.04131551901336074,0.021892183594353295,-0.21603288797533401,-0.06474820143884892,0.011305241521068859,-0.0421377183967112,-0.0263103802672148,-0.006988694758478932,-0.18355601233299076,-0.04398766700924975,-0.1697841726618705,-0.24008221993833503,-0.06762589928057554,0.045632065775950664,0.15971223021582734,-0.05971529891229702,0.18746145940390546,0.31531346351490236,0.4061664953751285,0.3142857142857143,0.09589393095554753,0.3621788283658787,0.45570400822199386,0.14758478931140803,0.011099691675231244,0.10719975346906332,-0.05570400822199383,0.22733812949640286,-0.10462487153134635,-0.05570400822199383,-0.17656731757451183,-0.07687564234326826,0.1800616649537513,0.1614677015339391,0.1434737923946557,0.518191161356629,0.30873586844809864,0.1525179856115108,0.12846865364850976,-0.024665981500513877,0.04275436793422405,-0.039260020554984586,0.023227132579650568,-0.12702980472764644,-0.14655704008221992,0.051387461459403906,-0.11264131551901337,-0.09763617677286741,-0.24554190895262923,-0.16341212744090444,-0.10421377183967112,-0.10626927029804728,-0.21849948612538542,-0.15582279864407045,0.2485097636176773,-0.12990750256937308,0.029703479149146023,0.015621788283658787,-0.019938335046248718,-0.011716341212744091,-0.14902363823227133,-0.05159301130524152,-0.1269335527653818,-0.1484069886947585,0.23905447070914698,-0.04912641315519013
-0.016855087358684483,-0.06700924974306269,-0.2404933196300103,0.05858170606372045,0.04974306269270298,-0.10380267214799589,0.06885919835560124,0.046454265159301136,-0.09866392600205551,0.13915724563206577,0.015827338129496403,0.27214799588900307,0.326207605344296,0.3625899280575539,0.24295991778006165,0.09229188078108942,0.48448098663926,0.2762589928057554,1.0,0.19938335046248715,0.2922041218720489,0.2970195272353546,0.1710174717368962,0.08612538540596094,0.019527235354573486,0.22959917780061667,0.10894141829393629,0.13484069886947586,-0.011716341212744091,0.09003083247687566,0.0012332990750256938,-0.06639260020554985,0.1249743062692703,0.27667009249743063,0.14552929085303187,-0.2492419963206889,-0.2828365878725591,0.08386433710174718,0.16608427543679344,0.15621788283658788,0.11860226104830421,0.1683453237410072,-0.025077081192189106,0.09928057553956836,-0.03802672147995889,-0.12189105858170607,-0.12045220966084276,0.0433710174717369,0.07523124357656732,0.04902615762679118,-0.0010277492291880781,-0.06063720452209661,0.06351490236382322,0.009044193216855088,-0.039159257978631956,0.05775950668036999,0.04439876670092498,-0.06598150051387461,0.09558067831449128,0.19250732334377335,0.04398766700924975,0.28591983556012335,0.03535457348406989,0.2803699897225077,0.011510791366906477,0.19177800616649537,0.13833504624871532,0.5382599318480198,0.21891058581706063,0.06330935251798561,0.2538540596094553,0.028982528263103807,0.09701952723535459,0.18725590955806784,0.14080164439876672,0.22651593011305243,-0.007810894141829393,0.08489208633093526,-0.021788283658787256,0.0869475847893114,-0.05405960945529291,-0.026721479958890033,-0.20854103527203208,-0.13895169578622815,0.040698869475847894,-0.15868448098663926,-0.2565262076053443,-0.018090245752873612,-0.07399794450154162,-0.1103802672147996,-0.057248574000257214,0.09352517985611512,0.06865364850976362,0.16772867420349435,0.03864337101747174,0.05878725590955807,-0.0693766381511196,-0.04542651593011306,-0.00945529290853032,0.01274409044193217
