0,1,2,3,4,5,6,7,8,9,10,11,12,13,14,15,16,17,18,19,20,21,22,23,24,25,26,27,28,29,30,31,32,33,34,35,36,37,38,39,40,41,42,43,44,45,46,47,48,49,50,51,52,53,54,55,56,57,58,59,60,61,62,63,64,65,66,67,68,69,70,71,72,73,74,75,76,77,78,79,80,81,82,83,84,85,86,87,88,89,90,91,92,93,94,95,96,97,98,99
1.0,0.25837615621788285,0.14244604316546763,0.17040082219938338,-0.0035973071633913865,0.18211716341212744,0.236382322713258,0.15334018499486127,-0.06742034943473793,-0.0591983556012333,-0.020453260728996742,-0.1745118191161357,0.00986639260020555,-0.09496402877697843,0.04902615762679118,0.32920499555264604,-0.12209660842754368,0.15765673175745118,0.06947584789311408,0.22302158273381295,-0.024153348097056455,0.049437278445464486,-0.03535457348406989,-0.15560123329907502,-0.04604316546762591,-0.2606372045220966,-0.012127440904419324,-0.08920863309352517,0.024460431654676262,-0.05734840698869476,0.07338129496402879,0.035149023638232274,0.29085303186022615,0.06002055498458376,-0.10811921891058582,0.07523124357656732,0.022404933196300103,0.22898252826310384,0.036176772867420354,-0.03884892086330936,0.15313463514902365,0.08098663926002056,0.13340184994861254,-0.0073997944501541625,0.2589928057553957,0.13422404933196302,0.128879753340185,0.13401849948612538,0.4351490236382323,0.09516957862281604,0.402672147995889,0.25159301130524153,0.11161356628982529,-0.003494347379239466,0.060431654676259,0.07440904419321687,0.15930113052415212,-0.0012332990750256938,-0.09989722507708121,-0.12641315519013363,-0.12168550873586846,-0.0328879753340185,-0.05632065775950668,-0.06700924974306269,-0.11921891058581706,0.004933196300102775,0.10092497430626927,0.008633093525179856,-0.07728674203494348,0.05467625899280575,-0.010894141829393628,0.0010277492291880781,-0.024460431654676262,-0.15334018499486127,-0.21089414182939364,-0.24645426515930113,-0.07122668183514945,-0.16608427543679344,0.07564234326824255,0.05611510791366906,-0.2717368961973279,-0.1895169578622816,-0.13823937527889757,-0.19990749807989275,-0.12024665981500515,-0.05899280575539568,-0.07708119218910586,-0.1272353545734841,-0.0039054470709146967,-0.21973278520041112,0.011099691675231244,0.04008221993833505,-0.0197327852004111,0.06885919835560124,-0.03905447070914697,0.054165167860207454,0.05858170606372045,0.054265159301130524,0.3140801644398767,0.016855087358684483
0.25837615621788285,1.0,0.5050359712230216,0.3899280575539569,0.2845983867265929,0.3305241521068859,0.1969167523124358,0.517163412127441,0.21418293936279548,-0.025077081192189106,0.011203042308847461,-0.09352517985611512,-0.0036998972250770813,0.131551901336074,0.115627730251866,0.3306439184180026,-0.04604316546762591,0.23576567317574512,0.11921891058581706,0.15436793422404932,-0.03957037879730525,0.2677424331609875,0.015210688591983558,-0.11654676258992805,-0.12374100719424462,-0.25035971223021586,0.09229188078108942,0.08509763617677288,0.06721479958890031,0.13997944501541623,0.24480986639260022,0.039671120246659815,0.04049331963001028,0.1130524152106886,0.0197327852004111,-0.05878725590955807,-0.00020554984583761563,0.10071942446043167,0.08057553956834533,-0.03638232271325797,-0.14943473792394654,0.12291880781089415,0.039671120246659815,-0.17841726618705034,0.26598150051387465,0.09064748201438848,-0.02528263103802672,-0.05508735868448099,0.10544707091469682,-0.07338129496402879,0.20986639260020556,0.6071942446043166,0.4906474820143885,0.1432682425488181,0.4707091469681398,0.22487153134635152,0.4770811921891059,0.2947584789311408,-0.0328879753340185,-0.10339157245632066,-0.0974306269270298,-0.04316546762589928,-0.004933196300102775,0.12661870503597122,0.09496402877697843,0.060431654676259,-0.020349434737923947,0.011510791366906477,0.17800616649537512,0.37081192189105855,0.04912641315519013,0.29044193216855085,0.09558067831449128,-0.11017471736896198,-0.18910585817060638,-0.19260020554984586,0.04840947639878123,0.07440904419321687,0.2984583761562179,0.09640287769784174,-0.17430626927029805,-0.1763617677286742,-0.17544580936883136,-0.07328228592851596,-0.08201438848920864,-0.01459403905447071,-0.05323741007194245,-0.05077081192189106,-0.04008221993833505,-0.29537512846865366,0.049331963001027754,0.0552929085303186,0.032065775950668035,0.039260020554984586,0.060431654676259,-0.15468420802582963,0.04254881808838644,-0.1171634121274409,-0.005755395683453238,-0.11181911613566291
0.14244604316546763,0.5050359712230216,1.0,0.20822199383350465,0.2492419963206889,0.44028776978417267,0.2943473792394656,0.5031860226104831,0.45179856115107914,0.13196300102774922,0.10452746814768686,0.039671120246659815,-0.011510791366906477,0.11264131551901337,0.04717611394276133,0.23485276766712337,0.08633093525179857,0.20493319630010276,0.16115107913669066,0.11778006166495375,-0.044092707802711566,0.22868595538702388,0.09784172661870505,0.045837615621788286,-0.030832476875642344,-0.03699897225077081,0.12435765673175746,-0.005344295991778006,0.16670092497430627,0.15354573484069886,0.026104830421377186,-0.09270298047276464,-0.0869475847893114,0.04234326824254882,0.05755395683453237,0.017677286742034944,-0.04254881808838644,-0.030421377183967115,0.03782117163412128,-0.05077081192189106,-0.11079136690647481,0.11017471736896198,-0.015827338129496403,-0.11593011305241523,0.020143884892086333,-0.06474820143884892,-0.05940390544707092,-0.13607399794450153,0.12846865364850976,-0.03062692702980473,-0.014182939362795478,0.3913669064748202,0.25755395683453236,0.10709146968139774,0.5323741007194245,0.437410071942446,0.34018499486125386,0.42014388489208637,0.09126413155190133,0.05405960945529291,0.06742034943473793,-0.008221993833504625,0.016855087358684483,0.13401849948612538,0.0801644398766701,0.05878725590955807,0.056937307297019533,0.11223021582733812,0.09537512846865365,0.29969167523124357,0.03062692702980473,0.2534429599177801,0.22918807810894143,-0.07605344295991778,0.07440904419321687,0.03062692702980473,0.16557890972067213,0.1685508735868448,0.07070914696813978,-0.03227132579650565,-0.09578622816032889,-0.24419321685508735,-0.23033043866171707,-0.0673210340577531,-0.11695786228160329,-0.10585817060637205,-0.02117163412127441,-0.14367934224049334,0.07050359712230216,-0.2353545734840699,-0.13895169578622815,-0.02857142857142857,0.07934224049331963,-0.08160328879753341,0.040287769784172665,-0.07061000060713951,-0.13956834532374102,-0.10441932168550874,0.13114080164439876,-0.06988694758478932
0.17040082219938338,0.3899280575539569,0.20822199383350465,1.0,0.42725731080622836,0.241726618705036,0.21623843782117164,0.6030832476875643,0.22487153134635152,-0.07564234326824255,-0.0560152115442373,-0.22672147995889005,-0.053854059609455295,0.026721479958890033,0.19620741071183306,0.19702965234917966,-0.18581706063720455,0.2312435765673176,-0.027543679342240494,0.20781089414182938,0.017575414998283634,-0.014492008858233874,-0.06330935251798561,-0.18725590955806784,-0.191983556012333,-0.33093525179856115,-0.16875642343268246,-0.044809866392600206,0.0565262076053443,-0.04542651593011306,0.09969167523124357,0.18191161356628985,0.010071942446043166,0.11264131551901337,-0.09866392600205551,0.07070914696813978,0.02857142857142857,0.06988694758478932,0.015210688591983558,0.022816032887975332,-0.04008221993833505,0.09537512846865365,-0.033504624871531344,-0.3173689619732785,0.08468653648509764,-0.05858170606372045,-0.13915724563206577,-0.1410071942446043,0.07297019527235354,-0.12230215827338131,0.09105858170606372,0.3917780061664954,0.2641315519013361,0.4996916752312436,0.2655704008221994,0.1685508735868448,0.5991778006166495,0.4217882836587873,-0.13114080164439876,-0.08859198355601235,-0.2104830421377184,-0.09208633093525181,0.07852004110996917,0.04398766700924975,-0.01274409044193217,0.11223021582733812,0.15601233299075026,-0.11634121274409044,0.17553956834532375,0.2803699897225077,0.03062692702980473,0.15560123329907502,-0.010894141829393628,0.011099691675231244,-0.16115107913669066,-0.2406988694758479,-0.061359782186990224,0.0041109969167523125,0.1393627954779034,0.16423432682425487,-0.04152106885919836,0.0131551901336074,-0.1014440620076371,0.006475152894104496,-0.026104830421377186,0.04254881808838644,0.026104830421377186,-0.039671120246659815,0.14532374100719425,-0.12394655704008223,-0.0961973278520041,-0.04254881808838644,0.027132579650565262,0.005960945529290853,0.09496402877697843,-0.31995477713249676,-0.07543679342240493,-0.18992805755395686,0.08633093525179857,-0.09660842754367935
-0.0035973071633913865,0.2845983867265929,0.2492419963206889,0.42725731080622836,1.0,0.29795981333347515,0.17092348036342503,0.4069068302819,0.42992959612760484,-0.017986535816956934,0.012745400349470654,-0.10822755551574659,-0.008119636168797701,-0.024770029325066407,0.19899270223044505,0.13197656490903484,-0.0077085153501244,0.18264042369561412,0.0007194614326782772,0.19949637726121947,0.05262616918491109,-0.006783842121492445,-0.018808777454303535,0.05539853031622735,-0.12405570703466867,-0.15242304352312647,-0.01346420681155062,0.06814327569509969,0.1910684004784168,0.07040444019780286,0.06875995692310964,0.1289891568587483,-0.008941877806144303,0.1127498845211529,-0.01963101909165014,0.12446682785334198,0.205663189541319,0.08705483335407155,0.1384449356882342,0.13207256299879805,-0.05046508049214774,0.12528906949068858,0.02600339178108631,-0.2467752714086491,0.05252068458551424,-0.02250886482236325,-0.09651061218355748,-0.13042807972410483,-0.06362094668969338,-0.0718433630631594,-0.05334292622286085,0.3316717204646858,0.28213166181455307,0.6227452600853831,0.44144097905045726,0.21326892468677505,0.3812117791148187,0.5059869475821657,-0.026620073009096263,-0.0223033044130266,-0.10103294118896379,-0.06444318832703998,0.08191582312065529,0.017575414998283634,0.059098617684287064,0.12179454253196552,0.18572382983566388,0.07616013165922907,0.23033043866171707,0.2036075854479525,0.1339226066828279,0.20052417930790273,0.07431008797519921,0.20031861889856606,0.045737191077404774,-0.1468729124710369,0.13135985198889916,0.12528906949068858,0.11665553229854925,0.17791253428087114,0.12015005925727232,0.12837247563073834,-0.018501387604070305,0.10998047075752904,0.15098412065776992,0.13125032136145146,0.20134642094524935,0.13865049609757088,0.2194357369668746,0.07348784633785262,0.04697055353342467,-0.01675317336093703,0.21162444141208187,0.07903797738994219,0.15365640597914637,-0.19097543426868127,0.021069941957006694,-0.10123850159830045,-0.05149288253883099,0.012641965174204016
0.18211716341212744,0.3305241521068859,0.44028776978417267,0.241726618705036,0.29795981333347515,1.0,0.24727646454265162,0.4433710174717369,0.39527235354573487,0.0709146968139774,0.029086797921136068,-0.06783144912641316,0.05734840698869476,-0.006372045220966085,0.02929235833047272,0.17955701755556436,-0.024460431654676262,0.2392600205549846,-0.023227132579650568,0.2182939362795478,-0.030731281195829276,0.08088802107397204,0.1749229188078109,0.034532374100719423,0.0355601233299075,-0.12682425488180885,0.0263103802672148,-0.05611510791366906,0.16896197327852006,0.1393627954779034,-0.04152106885919836,0.14141829393627955,0.06700924974306269,0.07954779033915725,0.04295991778006167,0.11120246659815006,-0.024665981500513877,0.06927029804727647,0.02487153134635149,0.011099691675231244,0.023843782117163412,0.018705035971223024,-0.012332990750256938,-0.2180883864337102,0.07297019527235354,-0.13730729701952724,-0.014799588900308325,-0.012127440904419324,0.27214799588900307,-0.060431654676259,-0.023432682425488183,0.2830421377183967,0.07194244604316546,0.11921891058581706,0.5276464542651593,0.6012332990750257,0.29393627954779034,0.4725590955806783,-0.008838643371017472,0.021788283658787256,0.0018499486125385406,0.03186022610483042,0.03432682425488181,0.0014388489208633096,-0.12435765673175746,-0.002261048304213772,0.1410071942446043,-0.06433710174717369,0.0067831449126413155,0.12189105858170607,-0.030421377183967115,0.07029804727646455,0.09208633093525181,-0.05035971223021583,0.09188078108941418,-0.03905447070914697,0.029703479149146023,0.0947584789311408,0.05611510791366906,0.1249743062692703,-0.04501541623843783,-0.06515930113052415,-0.18592939024500052,-0.06156534259632687,-0.08139773895169579,-0.03782117163412128,0.013977389516957863,-0.04234326824254882,0.13525179856115108,-0.1052415210688592,-0.06639260020554985,-0.007810894141829393,0.1712230215827338,-0.13895169578622815,-0.018705035971223024,-0.1910684004784168,-0.2117163412127441,-0.04131551901336074,0.23494347379239466,-0.0869475847893114
0.236382322713258,0.1969167523124358,0.2943473792394656,0.21623843782117164,0.17092348036342503,0.24727646454265162,1.0,0.3710174717368962,0.25426515930113053,0.06598150051387461,-0.04676499312408803,0.0024665981500513875,-0.05077081192189106,-0.09105858170606372,0.054987409497554054,0.3341384453767257,0.19218910585817062,0.16526207605344295,0.03597122302158273,0.24912641315519016,0.04594275148674142,0.07307672551917932,0.10955806783144913,0.1775950668036999,0.028982528263103807,-0.06022610483042138,-0.04398766700924975,-0.07214799588900309,0.3292908530318603,-0.07975334018499487,-0.08920863309352517,0.018088386433710177,-0.06207605344295992,-0.02117163412127441,0.011716341212744091,0.06022610483042138,0.0131551901336074,-0.0014388489208633096,-0.1379239465570401,-0.06166495375128469,0.03905447070914697,0.010483042137718397,0.0020554984583761563,-0.20698869475847895,-0.06762589928057554,-0.09660842754367935,-0.0842754367934224,-0.027749229188078112,0.1734840698869476,-0.044809866392600206,-0.09537512846865365,0.13586844809866394,0.026721479958890033,0.12127440904419322,0.2312435765673176,0.22754367934224048,0.27995889003083246,0.27153134635149023,0.0039054470709146967,-0.015621788283658787,0.05405960945529291,-0.00020554984583761563,-0.043782117163412126,-0.05118191161356629,-0.06433710174717369,0.02076053442959918,0.1907502569373073,0.0018499486125385406,-0.011305241521068859,0.15313463514902365,-0.039876670092497436,0.028776978417266185,0.06002055498458376,-0.05570400822199383,0.1708119218910586,-0.034121274409044194,0.1411172210096107,0.011305241521068859,-0.014182939362795478,0.020554984583761562,-0.06433710174717369,-0.26248715313463516,-0.2584922147408382,-0.061976463415000176,-0.06495375128468654,-0.17430626927029805,0.032065775950668035,-0.11346351490236382,0.16197327852004112,-0.15046248715313465,-0.32415210688591983,-0.21253854059609456,-0.028982528263103807,-0.22569373072970195,-0.02158273381294964,-0.2003186188985661,-0.18869475847893116,-0.13997944501541623,0.2641315519013361,-0.05118191161356629
0.15334018499486127,0.517163412127441,0.5031860226104831,0.6030832476875643,0.4069068302819,0.4433710174717369,0.3710174717368962,1.0,0.38088386433710175,-0.00020554984583761563,-0.025592270962413007,-0.11264131551901337,-0.0010277492291880781,0.03391572456320658,0.14378950633098714,0.2922041218720489,-0.054881808838643374,0.2614594039054471,-0.005960945529290853,0.2129496402877698,-0.025592270962413007,0.12076674048528226,0.029804727646454265,-0.06536485097636177,-0.12517985611510793,-0.20904419321685508,-0.07029804727646455,-0.044604316546762585,0.15292908530318602,0.0748201438848921,0.06824254881808839,0.12990750256937308,-0.05837615621788284,0.08571428571428572,-0.013771839671120247,0.03391572456320658,-0.027543679342240494,0.021993833504624874,-0.017060637204522097,0.013566289825282631,-0.0867420349434738,0.16135662898252826,0.004933196300102775,-0.3249743062692703,0.04049331963001028,-0.10853031860226105,-0.1418293936279548,-0.20164439876670093,0.0842754367934224,-0.15169578622816035,0.026721479958890033,0.4992805755395684,0.30421377183967113,0.3547790339157246,0.5107913669064749,0.32415210688591983,0.6639260020554985,0.5576567317574512,-0.054470709146968145,-0.06372045220966084,-0.06515930113052415,-0.013771839671120247,0.06598150051387461,0.07214799588900309,-0.02117163412127441,0.07954779033915725,0.11264131551901337,-0.06639260020554985,0.12641315519013363,0.3294964028776978,-0.0073997944501541625,0.236382322713258,0.06536485097636177,-0.03227132579650565,-0.0302158273381295,-0.12990750256937308,0.0038028675727280374,0.08448098663926003,0.10051387461459405,0.14018499486125385,-0.08571428571428572,-0.13874614594039056,-0.16866231586072186,-0.013875327630223921,-0.14758478931140803,-0.028365878725590956,-0.023432682425488183,-0.10359712230215828,0.10606372045220966,-0.2388489208633094,-0.15971223021582734,-0.05960945529290853,0.054881808838643374,-0.06330935251798561,0.09352517985611512,-0.312760162805714,-0.16896197327852006,-0.23823227132579652,0.08448098663926003,-0.15190133607399794
-0.06742034943473793,0.21418293936279548,0.45179856115107914,0.22487153134635152,0.42992959612760484,0.39527235354573487,0.25426515930113053,0.38088386433710175,1.0,0.2131551901336074,0.12878359644941165,0.031243576567317573,-0.07379239465570402,0.03391572456320658,0.03792589552261205,0.009764119443490907,0.04254881808838644,0.14635149023638233,0.0828365878725591,0.20513874614594038,-0.031142402014502576,-0.034636928973225636,0.07913669064748202,0.08386433710174718,-0.05405960945529291,0.0487153134635149,0.0526207605344296,0.012949640287769786,0.25734840698869477,0.14265159301130526,-0.09126413155190133,0.009044193216855088,-0.10894141829393629,0.009249743062692703,-0.03761562178828366,0.22877697841726619,0.1459403905447071,0.012127440904419324,0.12024665981500515,0.11880781089414184,0.03658787255909558,0.13504624871531348,-0.00328879753340185,-0.09804727646454266,-0.11284686536485097,-0.0591983556012333,-0.010277492291880781,-0.12970195272353546,0.09701952723535459,0.07934224049331963,-0.1697841726618705,0.27728674203494347,0.14552929085303187,0.30585817060637205,0.5029804727646454,0.4166495375128469,0.2717368961973279,0.6534429599177801,0.15313463514902365,0.11634121274409044,0.07379239465570402,-0.06433710174717369,0.026927029804727647,0.06474820143884892,0.049948612538540604,0.027338129496402876,0.2207605344295992,0.11695786228160329,0.06639260020554985,0.1815005138746146,0.04604316546762591,0.10976361767728675,0.18211716341212744,0.13422404933196302,0.18314491264131552,0.028365878725590956,0.22128578065090446,0.20411099691675233,-0.04049331963001028,0.05632065775950668,0.07214799588900309,-0.05405960945529291,-0.1378282544602243,-0.0029806259353814344,0.055498458376156225,-0.046454265159301136,0.22404933196300103,0.020966084275436794,0.33093525179856115,0.016855087358684483,-0.10092497430626927,-0.09208633093525181,0.18725590955806784,-0.04316546762589928,0.13833504624871532,-0.0377203351132754,-0.1496402877697842,-0.041726618705035974,0.17656731757451183,0.11325796505652622
-0.0591983556012333,-0.025077081192189106,0.13196300102774922,-0.07564234326824255,-0.017986535816956934,0.0709146968139774,0.06598150051387461,-0.00020554984583761563,0.2131551901336074,1.0,0.29199856146271225,0.4735868448098664,0.05118191161356629,0.21397738951695788,0.09548281013687422,-0.04882059721745453,0.2156217882836588,-0.20596094552929087,0.24028776978417268,0.053442959917780065,0.17647361141551463,-0.053548486632197495,-0.0552929085303186,0.2758478931140802,0.2628982528263104,0.10174717368961973,-0.04234326824254882,-0.12641315519013363,0.175950668036999,0.05508735868448099,0.0263103802672148,0.008633093525179856,-0.039876670092497436,-0.20781089414182938,-0.14984583761562179,-0.128879753340185,-0.07769784172661871,0.09434737923946558,0.049948612538540604,0.1895169578622816,-0.034121274409044194,0.08078108941418294,-0.06330935251798561,0.12106885919835561,-0.2012332990750257,-0.054265159301130524,-0.13895169578622815,-0.10503597122302159,-0.027543679342240494,0.055909558067831454,-0.07687564234326826,0.016238437821171636,-0.06906474820143885,-0.12538540596094552,0.06762589928057554,0.1699897225077081,-0.09989722507708121,0.08571428571428572,0.5292908530318602,0.20513874614594038,0.37266187050359717,0.09969167523124357,-0.023638232271325797,0.18520041109969168,0.20369989722507706,0.11366906474820143,-0.05714285714285714,0.17656731757451183,-0.16012332990750258,-0.15354573484069886,0.1882836587872559,-0.14635149023638233,0.031654676258992806,0.09804727646454266,0.1963001027749229,0.15580678314491267,0.15591757048184954,0.06762589928057554,0.06433710174717369,0.020554984583761562,-0.04542651593011306,-0.14902363823227133,-0.020453260728996742,-0.1830515445142874,-0.04193216855087359,-0.16813977389516957,-0.004933196300102775,-0.08961973278520041,0.0041109969167523125,0.10483042137718397,-0.0709146968139774,0.1393627954779034,0.07009249743062693,-0.03576567317574512,0.008427543679342241,0.14728403328971018,-0.0645426515930113,-0.10709146968139774,0.047893114080164445,0.06803699897225077
-0.020453260728996742,0.011203042308847461,0.10452746814768686,-0.0560152115442373,0.012745400349470654,0.029086797921136068,-0.04676499312408803,-0.025592270962413007,0.12878359644941165,0.29199856146271225,1.0,0.36826147332660963,0.018397656635630234,0.19374068579979326,0.22242779319560077,-0.18809744064138142,0.02600339178108631,-0.17750141346219783,0.1505729998390966,0.09445500809019097,0.09004008633980883,-0.14883338472607666,-0.20257978340126923,-0.03545917061057224,-0.02888123751179942,0.14625623124302695,-0.23526388848579666,-0.0839714272140218,0.13104476095211479,-0.02641451259975961,0.09075492072213126,0.04265378493735501,-0.08499922926070505,-0.17071791995408836,-0.29631533005878197,0.08541035007937835,0.04820391598944458,0.10288298487299365,0.16496222849266218,0.1392671773255808,0.08376586680468515,0.20545762913198234,0.03915925797863195,0.20011305848922942,-0.13042807972410483,0.0997995787329439,-0.011408602718184111,-0.1047330285570235,0.12220566335063882,0.26239786251823455,0.12385014662533203,0.02333110645970985,0.17688473223418788,0.011408602718184111,0.02929235833047272,0.16167326194327575,0.0539596074508708,0.07431008797519921,0.4761806882283513,0.5984891317836584,0.31995477713249676,0.07431008797519921,-0.07246004429116935,0.19271288375311,0.22642479088432071,0.24554190895262923,0.20381314585728913,0.1894239172037236,0.03196464365184918,-0.04121486207199846,0.27617040994379016,0.012436404764867364,0.054781849088217406,0.13741713364155098,0.17318464486612817,0.07903797738994219,0.06269914688046048,-0.09938845791427059,0.09630505177422083,0.17667917182485124,-0.17215684281944493,-0.03874813715995865,0.032069071847055194,-0.17041833693082536,-0.3051544276602579,-0.07801017534325892,0.09630505177422083,-0.1269335527653818,0.11254432411181624,0.13536152954818448,0.2194357369668746,0.051904003357504294,0.1160388510705393,0.10164962241697376,0.17380132609413812,0.2068043992188303,0.034636928973225636,0.002775065526044784,0.17626805100617796,0.2580810939221649
-0.1745118191161357,-0.09352517985611512,0.039671120246659815,-0.22672147995889005,-0.10822755551574659,-0.06783144912641316,0.0024665981500513875,-0.11264131551901337,0.031243576567317573,0.4735868448098664,0.36826147332660963,1.0,0.18499486125385406,0.27050359712230215,0.1331003650454813,-0.08006577943662543,0.3963001027749229,-0.22178828365878725,0.24542651593011305,0.010071942446043166,0.21409116632412165,0.052520684585514246,-0.023021582733812954,0.2633093525179856,0.18992805755395686,0.3062692702980473,0.03432682425488181,-0.018088386433710177,0.18437821171634122,0.024049331963001026,0.21397738951695788,0.06639260020554985,-0.09928057553956836,-0.16115107913669066,-0.05960945529290853,-0.1303186022610483,-0.08036998972250771,0.06947584789311408,-0.013977389516957863,0.08571428571428572,-0.08406988694758478,0.21212744090441932,0.09270298047276464,0.19897225077081193,-0.08961973278520041,0.015416238437821172,-0.10626927029804728,-0.08509763617677288,-0.10585817060637205,0.0433710174717369,-0.06269270298047276,-0.0855087358684481,-0.06187050359712231,-0.16505652620760536,-0.05632065775950668,-0.02589928057553957,-0.1683453237410072,-0.09290853031860227,0.5377183967112025,0.3821171634121275,0.6787255909558069,0.2795477903391573,-0.06659815005138746,0.21664953751284688,0.24419321685508735,0.1932168550873587,-0.1527235354573484,0.19732785200411102,-0.18170606372045223,-0.2367934224049332,0.24727646454265162,-0.18643371017471738,-0.05364850976361768,0.0801644398766701,0.2922918807810894,0.22754367934224048,0.175651369778168,0.04152106885919836,0.12045220966084276,0.11860226104830421,-0.15292908530318602,-0.16649537512846865,0.051081761720157694,-0.19024615884107018,-0.11654676258992805,-0.1745118191161357,-0.046659815005138744,-0.11079136690647481,-0.07954779033915725,0.0959917780061665,0.046454265159301136,0.12970195272353546,0.01644398766700925,0.10996916752312436,0.05467625899280575,0.1752402489594947,0.06269270298047276,-0.12661870503597122,-0.06824254881808839,0.03576567317574512
0.00986639260020555,-0.0036998972250770813,-0.011510791366906477,-0.053854059609455295,-0.008119636168797701,0.05734840698869476,-0.05077081192189106,-0.0010277492291880781,-0.07379239465570402,0.05118191161356629,0.018397656635630234,0.18499486125385406,1.0,0.27975334018499487,0.11089984083712302,0.1059663910130434,0.17821171634121274,0.20061664953751285,0.16341212744090444,0.14922918807810895,0.15591757048184954,0.16927899708873181,0.28633093525179854,0.14922918807810895,-0.03186022610483042,-0.10585817060637205,0.0328879753340185,0.24809866392600205,0.10236382322713258,0.20801644398766703,-0.06084275436793423,-0.08139773895169579,0.24419321685508735,0.21726618705035972,0.21233299075025697,-0.039671120246659815,0.1685508735868448,0.03227132579650565,0.05940390544707092,0.11223021582733812,0.044809866392600206,0.007194244604316546,0.08509763617677288,0.02857142857142857,0.07379239465570402,-0.049331963001027754,0.08879753340184995,0.1276464542651593,0.05796505652620761,-0.05878725590955807,-0.04439876670092498,-0.11736896197327853,-0.08386433710174718,0.008633093525179856,-0.07790339157245633,-0.0010277492291880781,-0.03329907502569373,-0.044193216855087356,-0.018705035971223024,0.012332990750256938,0.3459403905447071,0.747584789311408,0.5017471736896197,0.23576567317574512,0.06885919835560124,0.05570400822199383,-0.010688591983556012,0.20164439876670093,0.11490236382322713,0.017060637204522097,0.06495375128468654,0.10565262076053443,0.13237410071942446,0.09434737923946558,0.08612538540596094,-0.014388489208633093,0.11089984083712302,0.14285714285714285,-0.17985611510791366,-0.08920863309352517,0.03432682425488181,0.12641315519013363,0.14132278141894733,0.17051235954475172,0.05508735868448099,0.19650565262076053,0.11346351490236382,0.23021582733812948,-0.007810894141829393,0.11264131551901337,0.041726618705035974,-0.01932168550873587,0.14409044193216855,-0.03535457348406989,0.043782117163412126,0.06773215487642639,-0.047276464542651594,0.06433710174717369,-0.005960945529290853,-0.08448098663926003
-0.09496402877697843,0.131551901336074,0.11264131551901337,0.026721479958890033,-0.024770029325066407,-0.006372045220966085,-0.09105858170606372,0.03391572456320658,0.03391572456320658,0.21397738951695788,0.19374068579979326,0.27050359712230215,0.27975334018499487,1.0,0.29590420924010863,0.054987409497554054,0.10380267214799589,0.1484069886947585,0.46392600205549844,0.14552929085303187,0.27637597035312683,0.1289891568587483,0.20411099691675233,0.08057553956834533,-0.12024665981500515,-0.07872559095580679,0.04809866392600205,0.27810894141829395,0.16320657759506682,0.28489208633093527,0.024254881808838648,-0.0526207605344296,0.11510791366906474,0.18314491264131552,0.0565262076053443,-0.014182939362795478,0.10729701952723536,0.020349434737923947,0.10626927029804728,0.13360739979445016,0.022610483042137718,0.0894141829393628,0.006166495375128469,0.08982528263103802,-0.021993833504624874,0.008633093525179856,0.047276464542651594,0.13586844809866394,0.07646454265159301,0.08345323741007195,-0.08139773895169579,-0.02076053442959918,0.09373072970195273,-0.06413155190133607,0.039260020554984586,0.01747173689619733,0.0748201438848921,0.032682425488180886,0.21274409044193218,0.10113052415210688,0.28221993833504627,0.2966084275436794,0.3225077081192189,0.6826310380267215,0.49886947584789315,0.35498458376156217,0.016032887975334018,0.3044193216855087,0.18478931140801647,0.09969167523124357,0.29270298047276466,0.0961973278520041,0.2585817060637205,0.144912641315519,-0.015827338129496403,-0.05467625899280575,0.2305359990710537,0.27564234326824255,0.021993833504624874,-0.04357656731757451,0.019116135662898253,0.06351490236382322,0.04265378493735501,0.04697055353342468,0.026721479958890033,0.09249743062692703,0.09578622816032889,0.1484069886947585,0.006988694758478932,0.07317574511819117,-0.003494347379239466,-0.09496402877697843,0.02857142857142857,-0.02589928057553957,0.09188078108941418,0.13762269405088762,-0.033710174717368965,0.05817060637204522,0.05981500513874615,0.026927029804727647
0.04902615762679118,0.115627730251866,0.04717611394276133,0.19620741071183306,0.19899270223044505,0.02929235833047272,0.054987409497554054,0.14378950633098714,0.03792589552261205,0.09548281013687422,0.22242779319560077,0.1331003650454813,0.11089984083712302,0.29590420924010863,1.0,0.09744064138143693,0.04758723476143463,-0.08993267908478467,0.2613700604715513,0.2965208904681186,0.573748586699558,-0.01747353273717751,-0.04388714739337492,0.05663189277224726,-0.14132278141894733,-0.14173390223762064,-0.085615910488715,0.02990903955848267,0.24759751304599573,0.1002106995516172,0.11048872001844973,0.19086284006908016,0.061359782186990224,-0.10904979715309318,-0.1696901179074051,-0.030936841605165924,0.049437278445464486,0.2453363485432926,0.17709029264352452,0.25170872123272875,0.03874813715995865,0.1960018503024964,0.02600339178108631,-0.030525720786492624,0.006886273712777797,0.12179454253196552,-0.008941877806144303,-0.028058995874452815,0.024770029325066407,0.08520478967004169,0.1193278176199257,0.05868749686561377,0.10288298487299365,0.13433372750150122,0.06505986955504994,-0.03422580815455234,0.15180636229511651,0.0952772497275376,0.19189064211576337,0.20586874995065563,0.1014440620076371,0.04758723476143463,0.07554345043121911,0.21779125369218136,0.3966288098150675,0.7399146934072741,0.09630505177422083,0.2231358243349343,0.06464874873637663,-0.018808777454303535,0.5974613297369752,0.0673210340577531,0.09322164563417108,0.27205920175705717,0.07862685657126889,-0.1855182694263272,0.11018604173090758,0.10206074323564705,0.13371704627349126,0.23156380111773694,-0.024975589734403055,0.03648697265725549,0.07647240209682393,-0.06639942440127454,-0.07739349411524897,0.0868492729447349,0.06382650709903004,0.05848193645627712,0.03957037879730525,0.12755023399339174,0.11089984083712304,-0.01942545868231349,0.12734467358405507,0.09342720604350774,0.11459992820518275,0.041730907595847466,0.1135721261584995,-0.021481062775679995,0.02004213991032344,0.11665553229854925
0.32920499555264604,0.3306439184180026,0.23485276766712337,0.19702965234917966,0.13197656490903484,0.17955701755556436,0.3341384453767257,0.2922041218720489,0.009764119443490907,-0.04882059721745453,-0.18809744064138142,-0.08006577943662543,0.1059663910130434,0.054987409497554054,0.09744064138143693,1.0,0.1468729124710369,0.376278329290739,0.153861966388483,0.17174572200077162,0.043375475382875936,0.4000411141946757,0.18819055474770366,0.0714322422444861,0.0042139883914013385,-0.08849375621942811,0.1513952414764432,0.08253250434866524,0.14666735206170023,0.09712729341156745,0.16043989948725584,0.058893057274950415,0.27329256421307707,0.28665399081995935,0.21121332059340855,-0.09054936031279462,-0.030114599967819324,0.07163780265382276,-0.016136492132927078,-0.09363276645284438,-0.01695873377027368,0.1322781234081347,0.16167326194327575,-0.2467752714086491,0.34955547607697446,-0.009352998624817605,0.005447350847421243,0.08972711867544803,0.12015005925727232,-0.14502286878700704,0.11973893843859901,0.2897373969600091,0.16989567831674177,0.06238758423367347,0.21738013287350808,0.0839714272140218,0.2406084591285496,0.08952155826611137,-0.13823937527889757,-0.22971375743370712,0.009764119443490907,0.10966647838110313,0.07759905452458563,0.05786525522826716,-0.04121486207199846,0.04594275148674143,-0.0046251092100746405,-0.05642633236291061,0.16927899708873184,0.33126059964601257,-0.012436404764867364,0.2591088959688482,0.19086284006908016,-0.1489285165644034,-0.02929235833047272,-0.014903129676907174,0.04296433343611882,0.11788889475456915,0.11891669680125241,-0.043476026574701614,0.030525720786492624,-0.09239940399682448,-0.12478158084078526,0.13012642614862782,0.0714322422444861,0.08602703130738831,-0.10576083060370677,0.003391746754054736,-0.05683745318158391,-0.2036075854479525,-0.15550644966317623,-0.1318670025894614,-0.09054936031279462,0.07780461493392228,0.06526542996438658,-0.2137938123137013,-0.05169844294816764,-0.08520478967004169,0.04738167435209798,-0.2048409479039724
-0.12209660842754368,-0.04604316546762591,0.08633093525179857,-0.18581706063720455,-0.0077085153501244,-0.024460431654676262,0.19218910585817062,-0.054881808838643374,0.04254881808838644,0.2156217882836588,0.02600339178108631,0.3963001027749229,0.17821171634121274,0.10380267214799589,0.04758723476143463,0.1468729124710369,1.0,-0.0036998972250770813,0.26372045220966084,0.14552929085303187,0.2447196673152826,0.3207770187698434,0.17574511819116134,0.4850976361767729,0.1963001027749229,0.26248715313463516,0.23473792394655707,0.19177800616649537,0.35601233299075025,0.024665981500513877,0.08304213771839672,-0.004933196300102775,-0.0591983556012333,0.02857142857142857,0.18355601233299076,-0.09270298047276464,0.08633093525179857,-0.03473792394655704,-0.03391572456320658,-0.020966084275436794,-0.13854059609455294,0.035149023638232274,-0.00041109969167523125,0.118191161356629,-0.021993833504624874,-0.0591983556012333,-0.10154162384378213,-0.044193216855087356,-0.12332990750256938,-0.08304213771839672,-0.19609455292908531,-0.07831449126413156,-0.024665981500513877,-0.07852004110996917,0.049948612538540604,0.047482014388489216,-0.10071942446043167,0.00020554984583761563,0.1712230215827338,0.06125385405960946,0.3969167523124358,0.244398766700925,0.002672147995889003,0.07872559095580679,0.11490236382322713,0.06598150051387461,-0.09003083247687566,0.31757451181911617,0.02487153134635149,0.019527235354573486,0.1775950668036999,0.03001027749229188,0.08139773895169579,0.09886947584789312,0.4894141829393628,0.21500513874614596,0.39210648080966115,0.17903391572456323,0.009660842754367936,-0.03741007194244605,0.08324768756423433,-0.10955806783144913,-0.0714322422444861,0.0044195488007379895,0.12415210688591984,-0.11099691675231245,0.11181911613566291,0.08633093525179857,0.05097636176772868,0.04398766700924975,-0.15477903391572456,-0.00328879753340185,-0.06639260020554985,-0.06618705035971223,-0.06803699897225077,0.07102112142581281,-0.036176772867420354,-0.0881808838643371,-0.06762589928057554,-0.03103802672147996
0.15765673175745118,0.23576567317574512,0.20493319630010276,0.2312435765673176,0.18264042369561412,0.2392600205549846,0.16526207605344295,0.2614594039054471,0.14635149023638233,-0.20596094552929087,-0.17750141346219783,-0.22178828365878725,0.20061664953751285,0.1484069886947585,-0.08993267908478467,0.376278329290739,-0.0036998972250770813,1.0,0.0735868448098664,0.13956834532374102,-0.11192764288380629,0.32899943514330937,0.4193216855087359,0.033093525179856115,-0.1537512846865365,-0.12456320657759508,0.1260020554984584,0.2725590955806783,0.13751284686536486,0.19301130524152108,-0.12271325796505653,-0.1461459403905447,0.20986639260020556,0.7009249743062693,0.378622816032888,0.241726618705036,0.2341212744090442,-0.13771839671120248,0.06618705035971223,-0.05817060637204522,0.09393627954779034,-0.0394655704008222,0.10873586844809867,-0.20513874614594038,0.21130524152106886,-0.12929085303186025,0.15930113052415212,0.22487153134635152,0.1868448098663926,-0.07214799588900309,-0.07995889003083248,0.11880781089414184,0.18520041109969168,0.20411099691675233,0.20637204522096608,0.202672147995889,0.31264131551901336,0.21253854059609456,-0.2544707091469682,-0.20164439876670093,-0.0974306269270298,0.1751284686536485,0.344912641315519,0.18622816032887976,-0.02918807810894142,-0.09249743062692703,0.24480986639260022,0.020143884892086333,0.4986639260020555,0.5484069886947586,-0.15683453237410072,0.3447070914696814,0.3956834532374101,0.00328879753340185,-0.08633093525179857,-0.043782117163412126,0.13083920054277814,0.2388489208633094,-0.14881808838643373,-0.18067831449126415,0.20061664953751285,0.202672147995889,-0.06958219856045625,0.37031707741997616,0.15066803699897224,0.24028776978417268,0.18067831449126415,0.20616649537512846,0.20904419321685508,-0.008427543679342241,-0.1303186022610483,-0.24645426515930113,0.04193216855087359,-0.10462487153134635,0.060431654676259,-0.17256796363811824,-0.2119218910585817,0.10688591983556013,0.15704008221993834,-0.09290853031860227
0.06947584789311408,0.11921891058581706,0.16115107913669066,-0.027543679342240494,0.0007194614326782772,-0.023227132579650568,0.03597122302158273,-0.005960945529290853,0.0828365878725591,0.24028776978417268,0.1505729998390966,0.24542651593011305,0.16341212744090444,0.46392600205549844,0.2613700604715513,0.153861966388483,0.26372045220966084,0.0735868448098664,1.0,0.18376156217882836,0.27637597035312683,0.1347448483201745,0.1527235354573484,0.15991778006166496,-0.047893114080164445,-0.08653648509763619,0.09455292908530319,0.14367934224049334,0.2330935251798561,0.1969167523124358,0.033710174717368965,-0.11017471736896198,0.17553956834532375,0.11366906474820143,-0.04912641315519013,-0.03638232271325797,0.0748201438848921,0.18191161356628985,0.16628982528263106,0.20554984583761562,0.05220966084275437,0.07543679342240493,0.008633093525179856,0.08530318602261049,0.06762589928057554,0.11223021582733812,0.053854059609455295,0.06433710174717369,0.13401849948612538,0.15292908530318602,-0.047687564234326824,0.05159301130524152,0.044809866392600206,-0.07852004110996917,0.010894141829393628,0.03597122302158273,0.020554984583761562,0.045837615621788286,0.21109969167523127,0.08879753340184995,0.22014388489208633,0.17821171634121274,0.07420349434737925,0.4433710174717369,0.42898252826310385,0.30688591983556013,-0.027132579650565262,0.4400822199383351,0.11654676258992805,0.08201438848920864,0.3403905447070915,0.015210688591983558,0.22404933196300103,0.07050359712230216,0.07297019527235354,-0.0526207605344296,0.2726758829850671,0.12682425488180885,0.03391572456320658,-0.11387461459403907,-0.027338129496402876,-0.03761562178828366,-0.10843311592508323,-0.11028315960911307,0.01891058581706064,-0.0735868448098664,0.054265159301130524,0.013566289825282631,-0.018499486125385406,0.03741007194244605,-0.08982528263103802,-0.08879753340184995,0.011305241521068859,-0.03247687564234327,-0.06104830421377184,0.15077856024843325,0.012332990750256938,0.026515930113052415,0.10996916752312436,0.07050359712230216
