0,1,2,3,4,5,6,7,8,9,10,11,12,13,14,15,16,17,18,19,20,21,22,23,24,25,26,27,28,29,30,31,32,33,34,35,36,37,38,39,40,41,42,43,44,45,46,47,48,49,50,51,52,53,54,55,56,57,58,59,60,61,62,63,64,65,66,67,68,69,70,71,72,73,74,75,76,77,78,79,80,81,82,83,84,85,86,87,88,89,90,91,92,93,94,95,96,97,98,99
1.0,0.16523360613280844,0.13923132704858593,0.04309541075313374,0.06630063192789805,0.1633689008598363,0.11343623743913808,-0.06386780971295919,-0.012327773749093546,0.08246141096032321,-0.10069408474049518,-0.05480161607790324,0.08784833730446492,-0.03201077385268828,0.002486273697296177,0.24127214337511652,0.016678752719361856,0.026210826245991248,-0.022169273800890912,0.10214441106391794,0.007044442142339169,-0.10069408474049518,0.029938879104941467,-0.058427431886460164,0.15124831658551743,-0.2033564694913498,0.05065782658240961,-0.04920750025898684,0.0546980213405159,-0.06422873718015124,0.13985289547290997,0.37263027038226454,0.30373977001968294,0.02030456852791878,0.029420905418004763,0.0753133740805967,0.24572671708277216,0.22402942174253732,0.07148036879726509,0.07474553886115175,-0.010670257950896093,-0.0018129548580320938,-0.06505749507924997,0.04009116336890085,0.12711074277426707,0.028437491915989127,-0.04040194758106288,0.11840878483373043,0.33036361752822957,0.09509996892157878,0.39614627576919087,0.1888062987864852,0.18000051804747216,0.04014400042785351,0.12348492696571012,0.15808556925308193,-0.006371241358227073,-0.013674505335128975,0.05873821609862218,-0.018129079042784626,-0.07862840567699161,0.05412965218981537,0.03118201595358956,-0.016575157981974512,-0.005594115818916398,-0.012742152698642907,0.11291826375220138,0.002382678959908836,-0.000725163161711385,0.05682318512174877,0.026520252771159224,-0.03252874753962499,0.046203252874753964,-0.10525225318553817,-0.10634275210113968,-0.09137055837563451,0.08339376359680928,-0.05045063710763493,0.17217445353776026,0.3035325805449083,-0.09484343843019324,0.02051175800269346,0.1129729870105142,0.030042473842328807,0.025225971881760848,0.06588625297834869,0.20055941158189164,0.031078421216202214,0.07572775303014606,-0.10183362685175591,0.24127214337511652,0.16150419558686419,-0.044858844919028494,0.1455506060292137,-0.09582513208329016,0.030042473842328807,0.0015021625966551635,0.12789101555660684,0.275458406712939,0.15363099554542628
0.16523360613280844,1.0,0.49953382368175697,0.5009841500051797,0.6499533823681757,0.33968714389309024,0.3546047860768673,0.4742171921509663,0.3496322386822749,0.22666528540350148,0.07893918988915363,0.22303946959494456,0.200973790531441,0.0651610898166373,0.1705169377395628,0.32580544908318654,0.03159639490313892,0.24325304357939703,-0.09965813736662177,0.16948099036568942,0.15228426395939085,0.07645291619185746,0.09251010048689526,0.15124831658551743,0.0625712213819538,0.10887806899409509,0.07386304775717392,0.12172381643012532,0.1984875168341448,0.22480058013052936,0.19351496943955246,0.2773231119859111,0.29213715943230084,0.20118098000621568,0.16471563244587176,0.30840153320211333,0.32093649642598154,0.20548548348038045,0.22003522221071167,0.43433218527426015,0.1312545322697607,0.013726658210814424,0.11623329534859629,0.04692841603646534,0.1119859111157153,0.03278858357526615,-0.03294312648917434,0.030767637004040192,0.25971200663006316,0.1270071480368797,0.17321040091163367,0.5610318304955888,0.37725000660136393,0.43288182138783454,0.5681135398321765,0.3969750336682896,0.49193235104945127,0.47384232880969646,0.2704858593183466,0.08774474256707758,0.10411271107427743,0.19968402793467774,0.27297213301564277,-0.035429400186470526,0.03087123174142753,0.04361338444007044,0.24800580130529368,0.07137677405987776,0.2025277115922511,0.2715806377332077,0.12037708484408992,0.1603646534756034,0.08391173728374597,0.1524914534341655,0.20051280729834955,0.1236921164404848,0.09333885838599398,0.08588003729410545,0.12182741116751268,0.20325287475396248,0.18953148072969803,0.23785351704133428,0.17772137479737468,0.20159535895576502,0.1473673306028945,0.21506267481611932,0.2838495804413136,0.14751890603957318,0.3096446700507614,0.19092510100486892,0.22739044856521287,0.05935978452294623,0.1888629891163717,0.14037086915984665,0.02724541593287061,0.04330260022790842,0.09121752871412907,0.08821320352081873,0.1913394799544183,0.14865844815083393
0.13923132704858593,0.49953382368175697,1.0,0.25764011188231634,0.4969439552470734,0.6402154770537656,0.4485652128871853,0.5039496518226926,0.34787112814669013,0.26530612244897955,0.17517870092199314,0.2643737698124935,0.13477675334093028,-0.026934631720708584,0.06288200559411582,0.34082668600435095,-0.02714182119548327,0.16234136255916318,-0.11612970061120896,0.03428985807520978,0.03491142649953382,0.07365585828239925,0.08950585310266237,0.23422770123277734,0.18222314306433232,0.20905418004765358,0.09012742152698641,0.17217445353776026,0.10121205842743188,0.20604993266342067,0.14596498497876306,0.257536517144929,0.11343623743913808,0.09375323733554335,0.17828654304361338,0.24676266445664558,0.21993162747332434,0.14260184926178154,0.1847094167616285,0.3878169434881796,0.11022480058013052,0.185180389070421,0.13809178493732518,0.028799336993680716,0.07500258986843468,0.00036259097160641873,-0.051279395006733654,-0.054905210815290574,0.24365482233502536,0.026623847508546565,0.11654407956075831,0.564864935052571,0.23905104770908894,0.20921499061690363,0.6345177664974618,0.5926654925929762,0.3812903059992641,0.40868123899305914,0.2577437066197037,0.11478296902517351,0.08992023205221174,0.12436870326100163,0.22687247487827616,-0.06329638454366518,-0.051693773956283016,0.03853724230809075,0.19382575365171448,0.07458821091888532,0.09862218999274837,0.1290305871816556,-0.005076142131979695,0.15570289029317308,0.13084015332021132,0.16399046928416033,0.18134728451343884,0.27193618564176936,0.07003004247384231,0.15104112711074277,0.05604475292655133,0.08836631099140163,0.12882339234073764,0.03822645809592873,0.058895133530928304,0.15528851134362373,0.14198026473902767,0.08505127939500673,0.22221071169584583,0.15943230083911736,0.23992541178908108,0.11333264270175074,-0.006008494768465761,0.11105355847922925,0.11862211878126473,0.19185745364135498,0.022376463275665594,-0.016678752719361856,-0.015902204040452936,-0.04045479268923043,0.29172278048275146,0.023619600124313685
0.04309541075313374,0.5009841500051797,0.25764011188231634,1.0,0.4840982078110431,0.18129079042784627,0.31948617010255875,0.44324156343373217,0.3321247280638143,0.22614731171656477,0.07324147933284988,0.14938361131254532,0.0463068476121413,0.11457577955039884,0.25018129079042783,0.21029731689630166,-0.0145032632342277,0.27474747511608216,-0.08277219517248524,0.2551538381850202,0.19962705894540556,0.06412514244276389,0.06319278980627784,0.07945716357609033,-0.09313166891121931,0.0068372526675644875,0.11706205324769502,0.09862218999274837,0.16999896405262613,0.2091577747850409,0.28478193307779964,0.1931005904900031,0.2675852066715011,0.19859111157153214,0.1198591111571532,0.34414171760074586,0.32456231223453846,0.24764963360718403,0.2839531751787009,0.40750045337538515,0.2419973065368279,-0.0455310662917203,0.2267688801408888,0.12348492696571012,0.23785351704133428,0.13379606852276854,0.14368590075624157,0.07438102144411064,0.16492282192064642,0.24500155392106082,0.06930487931213095,0.4222112870805599,0.4208645206145932,0.6959156719331766,0.36289236506785455,0.25204599606339995,0.5090259254251824,0.4325080285921475,0.28405676991608825,0.006422873718015125,0.055733968714389306,0.1196032219198887,0.13363721122966954,0.007769605304050554,0.031389205428364236,0.09986532684139644,0.3220760385372423,0.009737905314410027,0.14959080078732,0.20994017256011646,0.12172381643012532,0.20895058531026622,0.07552056355537139,0.26240546980213403,0.167361632751477,0.02869574225629338,-0.0026934631720708585,0.10753133740805966,0.224696985393142,0.21993162747332434,0.14115148537535588,0.36952242826064435,0.28701665338159515,0.2025277115922511,0.24070860643643258,0.33264270175075106,0.3001139542111261,0.19610483787423597,0.23681756966746087,0.33523257018543456,0.3259090438205739,0.03501502123692116,0.3020979025032035,0.16222935874857555,0.09758624261887495,0.1364342691391277,0.23179922827696053,0.21936753782188334,0.10007251631617113,0.23868227494043298
0.06630063192789805,0.6499533823681757,0.4969439552470734,0.4840982078110431,1.0,0.4007044442142339,0.32756655961877135,0.5273626688464214,0.43199005490521075,0.2570185434579923,0.13581270071480367,0.261473117165648,0.1724852377499223,0.07500258986843468,0.224696985393142,0.2826064435926655,0.070237231948617,0.31204351246215667,-0.041748679167098304,0.21931005904900028,0.21889568009945093,0.1631617113850616,0.17652543250802857,0.16067543768776546,0.06806174246348284,0.1603646534756034,0.1205842743188646,0.20242411685486375,0.23319175385890398,0.3282917227804827,0.17683621672019062,0.2254221485548534,0.1857453641355019,0.2603335750543872,0.21744535377602817,0.27369729617735417,0.25929762768051384,0.13576441951148907,0.16067543768776546,0.3670974593963842,0.098207811043199,0.008443189767406609,0.1414068165337201,0.004143789495493628,0.12970061120895057,0.00450648778996549,-0.0496218792085362,0.03563658966124521,0.17880451673055006,0.029938879104941467,0.07075520563555371,0.4792934657534561,0.34223407848622983,0.46230348879818395,0.6309955454262923,0.4059877758209883,0.49649063754964623,0.6003315031596395,0.2904796436341034,0.04516730550088056,0.0725163161711385,0.19408976722989302,0.2828136330674402,-0.009427121102248005,0.05832383714907282,0.08743395835491556,0.23111985911115712,0.12783590593597843,0.27245415932870604,0.3003807206208032,0.18160157464000828,0.26882834352014917,0.19651921682378534,0.24210090127421527,0.23905104770908894,0.14700093235263648,0.13135812700714802,0.20076660105666633,0.08960944784004972,0.1714492903760489,0.24827121812993788,0.2793950067336579,0.18984227299107495,0.2735937014399668,0.18331563550215943,0.2650989329742049,0.2462446907697089,0.2259401222417901,0.2687247487827618,0.22272868538278254,0.16803066404226663,0.03729410545944266,0.21072261100532091,0.10545944266031285,0.0781104319900549,-0.029110121205842745,0.07692108469079026,0.1084147005103192,0.1672019061431679,0.042681031803584374
0.1633689008598363,0.33968714389309024,0.6402154770537656,0.18129079042784627,0.4007044442142339,1.0,0.40308712317414275,0.3399549352361323,0.2752512172381643,0.27431886460167826,0.18274111675126903,0.20273490106702577,0.1083600953071584,-0.06453952139231327,-0.002071894747746814,0.40536620739666424,0.030353258054490826,0.13260813278604267,-0.06070651610898165,0.0,0.004143789495493628,0.12162022169273799,0.08339376359680928,0.21154045374494973,0.11499015849994819,0.1646120377084844,0.0875375530923029,0.18491660623640319,0.046203252874753964,0.15124831658551743,0.10463068476121412,0.19548326944991193,0.1137470216513001,0.12928623225940122,0.22832280120169895,0.1911322904796436,0.18999274836838287,0.08987076224816237,0.2053247695017093,0.32110020471259854,0.02165130011395421,0.13089534074991718,0.10960323215580647,-0.045270900238267894,0.12048067958147725,-0.1066535443625166,-0.10235160053869263,-0.10742774267067232,0.24106495390034186,-0.047653579198176726,0.15477053765668702,0.4400300433995039,0.19864805373008798,0.10406360885104218,0.6186677716771988,0.6039573189681964,0.23200642311787853,0.33999792810525226,0.18450222728685384,-0.00901274215269864,-0.022894436962602297,0.10105928365773185,0.14161400600849477,-0.07375945301978659,-0.09613591629545218,0.035740184398632545,0.14296073759453018,0.10079767947788251,0.14637936392831244,0.11172981796500646,-0.01802548430539728,0.20822542214855486,0.17445353776028177,0.1761110535584792,0.14332703120499438,0.2252149590800787,0.12255257432922406,0.15404537449497566,0.028177768569356675,0.026520252771159224,0.13928673180709428,0.04827514762250078,0.12115718322677335,0.23681756966746087,0.16218176172852816,0.13363721122966954,0.21630581166476742,0.24676266445664558,0.18947477468144616,0.11302185848958872,-0.01584999482026313,0.14078524810939602,0.0770784771818873,0.15756759556614525,0.027452605407645287,-0.08556925308194342,-0.06096708194010784,-0.01673098340412475,0.38361131254532266,-0.035947373873407226
0.11343623743913808,0.3546047860768673,0.4485652128871853,0.31948617010255875,0.32756655961877135,0.40308712317414275,1.0,0.4658258010937891,0.33968714389309024,0.37066197037190507,0.2765979488241997,0.23215580648503056,-0.03853724230809075,0.14161400600849477,0.23868227494043298,0.4492903760488967,0.13581270071480367,0.34488474534745,0.051382989744121,0.17528229565938047,0.2558790013467315,0.16658033771884387,0.1422355744328188,0.4176939811457578,0.044338547601781825,0.16523360613280844,0.07158396353465243,0.11592251113643426,0.21920646431161295,0.177561379881902,0.20159535895576502,0.25349632238682274,0.1595358955765047,0.21485548534134463,0.1620221692738009,0.3432093649642598,0.21444110639179528,0.21729558941270383,0.2799129804205946,0.47411359473050724,0.29244794364446286,0.10385641401012423,0.10545944266031285,0.03532580544908319,0.05107220553195897,0.004817280051342421,0.015953589557650468,-0.02869574225629338,0.23837149072827096,0.1348803480783176,0.17424634828550709,0.41744580573944695,0.4426199789109783,0.26008132406226125,0.3356469491349839,0.47860768672951404,0.47628914056014576,0.3679685071998342,0.27587278566248835,0.14617217445353775,0.14865844815083393,0.008443189767406609,0.2025277115922511,0.052004558168445035,0.09489277944680409,0.1813943851652336,0.41935149694395524,0.18035843779136018,0.19196104837874234,0.26184248021006384,0.15477053765668702,0.1236921164404848,0.19807313788459543,0.3201077385268828,0.3049390071209982,0.23122345384854448,0.04319900549052108,0.12648917434994303,-0.038330052833316065,0.12638557961255567,0.09660459457799585,0.13550191650264165,0.0005697858125243723,0.11167512690355329,0.14084069311397895,0.13695224282606444,0.22438620118098,0.02755620014503263,0.29555578576608305,0.26530612244897955,0.0318035843779136,0.14037086915984665,0.28541828580120904,0.12358852170309748,-0.02330881591215166,-0.0037294105459442653,0.03019864806379173,-0.002227344539868001,0.25639697503366826,0.09375323733554335
-0.06386780971295919,0.4742171921509663,0.5039496518226926,0.44324156343373217,0.5273626688464214,0.3399549352361323,0.4658258010937891,1.0,0.604542747088359,0.23159203343604262,0.20051280729834955,0.22693014951538865,0.07256999303151324,0.017766957608714516,0.1312061330112941,0.15876304685338194,-0.025018777040842894,0.3365536534061614,-0.13307088657955568,0.2012379892415624,0.1218823651699862,0.06625055038351566,0.015073424676781123,0.21625961520811404,0.06552536844030282,0.16870839921744368,0.0660433555425977,0.07816425373629798,0.12395431357916574,0.1656004766036744,0.10572116757838582,0.20548548348038048,0.047706612121358814,0.1512004351598766,0.0714304214064645,0.4139234934438418,0.18507679164996202,0.16140896140896138,0.21574162810581915,0.43470603470603464,0.310326072984865,0.06278166278166276,0.12136437806769129,0.061070679360566815,0.04532387145080234,0.022895622895622893,-0.033306570677561036,-0.032995778416184104,0.22599777273125785,0.17741058253599773,-0.04749941728044085,0.4421652421652421,0.29857549857549853,0.4268324268324267,0.44044443308133985,0.4800186476966689,0.6976430976430976,0.6575846263633551,0.2590453498576714,0.11545932510152962,0.12343632647687083,0.11582491582491582,0.19460775433218788,-0.12571546972696832,-0.0629354329288284,-0.007821605244652748,0.40594649206850053,0.011447514960716935,0.10779311598756534,0.25661745661745655,0.06200305614469761,0.19243220850254938,0.04532387145080234,0.2688871048012742,0.2138306138306138,0.17989692062701318,-0.05671958770128979,0.03651809071178932,-0.04024759784831248,0.12934137944303253,0.13436933436933435,0.2472352439253481,0.07044807044807044,0.13773277050020966,0.20937580937580935,0.19460775433218788,0.19854445630962902,0.09795136104396256,0.381393903419723,0.3238973350649909,0.08469089122521352,0.0668721349062695,0.36608044768683123,0.08096138408869036,0.05723757480358468,0.06884048589499007,0.10266770266770266,0.04682724682724682,0.21833156361729358,0.1812436870929799
-0.012327773749093546,0.3496322386822749,0.34787112814669013,0.3321247280638143,0.43199005490521075,0.2752512172381643,0.33968714389309024,0.604542747088359,1.0,0.23288096964674196,0.22169273800890912,0.2570185434579923,0.10069408474049518,0.13684864808867708,0.18709209572153732,0.10784212162022168,0.06992644773645498,0.37202797252709313,0.02486273697296177,0.35201491764218373,0.2196208432611623,0.10753133740805966,0.10494146897337614,0.2185848958872889,0.03149280016575158,0.14492903760488968,0.17393556407334507,0.1345695638661556,0.21009012742152697,0.19786594840982077,0.11913394799544183,0.23857868020304568,0.1394385165233606,0.21195483269449908,0.08764114782969024,0.5555785766083082,0.247798611830519,0.23511434573164783,0.22459339065575468,0.3408873120202631,0.4478400497254739,0.014762632415404191,0.11291826375220138,0.16378327980938567,0.07966435305086501,0.13907953696617634,0.09406402154770536,0.1345695638661556,0.3139956490210297,0.31865741220346006,-0.03708691598466797,0.25324389431196875,0.22869130566319124,0.31892465888296,0.3391691702061535,0.4394488759970993,0.4947294814018436,0.6686004350978969,0.2570185434579923,0.16606236403190716,0.14389309023101624,0.14943927901207402,0.2112296695327877,-0.03149280016575158,0.03770848440899202,0.07116958458510307,0.4361338444007044,0.09043820573914844,0.1467937428778618,0.2808008081540566,0.16803066404226663,0.1960012431368486,0.12990780068372526,0.2167201906143168,0.2495143871754456,0.13467315860354293,0.014399668496840358,0.10017611105355848,-0.042888221278359055,0.1653372008701958,0.12778741813614786,0.3584377913601989,0.11121183086271158,0.13881694809903655,0.28111160041543354,0.2409613591629545,0.2397182223143064,0.1338444007044442,0.4528125971200663,0.3620636071687558,0.12068786905625194,0.07303428985807521,0.3932659937936078,0.10742774267067232,0.08629441624365482,0.14026727442245931,0.2093185880373626,0.16953717858111553,0.28001657515798195,0.31503159639490314
0.08246141096032321,0.22666528540350148,0.26530612244897955,0.22614731171656477,0.2570185434579923,0.27431886460167826,0.37066197037190507,0.23159203343604262,0.23288096964674196,1.0,0.3171034911426499,0.43675541282502844,0.1832590904382057,0.24655547498187091,0.3108878068994095,0.29027245415932873,0.271832590904382,0.29764309804242234,0.19962705894540556,0.16958458510307675,0.2427224696985393,0.3394799544183155,0.3027038226458096,0.37138713353361646,0.09002382678959908,0.23619600124313683,0.1986947063089195,0.2904796436341034,0.20542836423909663,0.3299492385786802,0.289754480472392,0.22355744328188126,0.19714078524810938,0.3104734279498601,0.35605511240029003,0.1686522324665907,0.1745571324976691,0.21884955071958845,0.1712421009012742,0.3698945897487766,0.1707241272143375,0.12799461297706582,0.22241790117062052,0.16243654822335024,0.15207707448461616,0.016523788563206798,0.11654407956075831,0.045996063399979276,0.11146793742877861,0.0496218792085362,0.1457577955039884,0.3039030329164084,0.3085649168370624,0.1775141799564567,0.3063296384543665,0.33243551227597634,0.2608065060054741,0.2717289961669947,0.5212887185330984,0.26354501191339474,0.2552574329224075,0.15482634487594082,0.3215580648503056,0.19651921682378534,0.15155910079767945,0.30684761214130324,0.24976691184087849,0.3491142649953382,0.2913084015332021,0.1820724664566517,0.19672640629856003,0.3477675334093028,0.2880969646741945,0.2661348803480783,0.4282199374671805,0.29472702786698435,0.210711695845851,0.32528747539624986,0.09934735315445975,0.1948617010255879,0.25593742724390217,0.2267688801408888,0.16000621589888964,0.3030146068579716,0.22071430428785005,0.20604993266342067,0.2845747436030249,0.23402051175800268,0.10732414793328499,0.2786698435719465,0.09468558997202942,0.21278359059359783,0.242113442438267,0.26623847508546566,0.21817051693773953,0.10825650056977106,0.09432545132789837,0.15192561710308947,0.14917642183777063,0.059877758209882934
-0.10069408474049518,0.07893918988915363,0.17517870092199314,0.07324147933284988,0.13581270071480367,0.18274111675126903,0.2765979488241997,0.20051280729834955,0.22169273800890912,0.3171034911426499,1.0,0.43675541282502844,0.1422355744328188,0.2562933802962809,0.29058323837149075,0.17341759038640836,0.21920646431161295,0.26490546526086806,0.19341137470216513,0.12130943748057597,0.2215891432715218,0.2702786698435719,0.17383196933595774,0.4171760074588211,0.16026105873821608,0.3542940018647053,0.1315653164819227,0.16471563244587176,0.12089505853102663,0.22117476432197244,0.029731689630166785,0.036879726509893296,-0.06889050036258158,0.17517870092199314,0.2114368590075624,0.17528229565938047,-0.033253910701336375,-0.07578151306574152,-0.04382057391484512,0.1870451426386826,0.1504195586864187,0.0942218539074394,0.05397285817880451,0.0770744846161815,-0.10235160053869263,-0.017041775665501684,0.05708070030042474,-0.0062156842432404425,0.08453330570807002,0.02165130011395421,0.03242515280223764,0.12467949552237857,0.12561187230650936,0.021082075063401776,0.11820159535895577,0.131047342794986,0.17823936189966957,0.18615974308505126,0.2722469698539314,0.3476639386719155,0.28820055941158185,0.18010411546793115,0.21713456956386615,0.13291204806795814,0.1565316481922718,0.2886149383611312,0.15425256396975032,0.21381953796747125,0.14814047446389722,0.12281474195411698,0.16212576401118822,0.15528851134362373,0.1867813115093753,0.2868538278255464,0.39734790617040544,0.3042577437066197,0.00290065264684554,0.20636071687558272,-0.16399046928416033,-0.027659794882419972,0.19181062397979554,0.11177872164094063,-0.11908523481759382,0.1378845954625505,0.07557431822482356,0.05231534238060706,0.005283331606754376,0.035532994923857864,0.13197969543147206,0.2490417486791671,-0.14793328498912253,0.16637314824406918,0.11302771317935356,0.005386926344141717,0.06298560033150316,0.002175489485134155,-0.014037450472191354,-0.026572738347727547,0.06754376877654615,-0.018232673780171967
-0.05480161607790324,0.22303946959494456,0.2643737698124935,0.14938361131254532,0.261473117165648,0.20273490106702577,0.23215580648503056,0.22693014951538865,0.2570185434579923,0.43675541282502844,0.43675541282502844,1.0,0.3395835491557029,0.36185641769398114,0.43551227597638037,0.21599502745260538,0.2941054594426603,0.23745143777000766,0.25235678027556196,0.059877758209882934,0.25815808556925307,0.444214233916917,0.26572050139852893,0.4450429918160157,0.16471563244587176,0.5023308815912152,0.15052315342380607,0.35481197555164196,0.16782347456749194,0.4529161918574536,0.05780586346213612,0.10162643737698124,0.006008494768465761,0.23557443281881277,0.3812286335854138,0.08028592147518905,0.06837252667564488,-0.0267799331886455,-0.09095617942608515,0.2427805548456121,0.06806174246348284,0.0995053223508472,0.14648295866569977,0.12400290065264684,-0.05998135294727027,0.004817280051342421,0.05946337926033357,-0.022272868538278253,0.05915259504817155,-0.08494768465761939,0.010566663213508753,0.2528295046301329,0.2195747326628013,0.13327808142047365,0.2869574225629338,0.20594633792603334,0.19947683309375983,0.25484305397285817,0.42049103905521595,0.378224386201181,0.443903449704755,0.32389733506499097,0.487413239407438,0.2641665803377188,0.2374391380917849,0.3858903967678442,0.070237231948617,0.331399564902103,0.2773231119859111,0.0937038668051445,0.1750751061846058,0.3480783176214648,0.29710970682689314,0.275769190925101,0.4956618581859744,0.4616181497979902,0.1702061535274008,0.46400082875789905,-0.029835284367554123,0.0880555267792396,0.36647587487363037,0.15767119030353258,0.009893553653832283,0.32798093856832067,0.1623889565694461,0.16326530612244897,0.1406816533720087,0.2374391380917849,0.04651403708691598,0.21972443799854965,-0.01647156324458717,0.16191857453641353,0.1795389797798531,0.1579819745156946,0.20501398528954728,0.08349735833419661,0.069151278156367,0.05454404187165127,-0.007562415829275872,-0.04361338444007044
0.08784833730446492,0.200973790531441,0.13477675334093028,0.0463068476121413,0.1724852377499223,0.1083600953071584,-0.03853724230809075,0.07256999303151324,0.10069408474049518,0.1832590904382057,0.1422355744328188,0.3395835491557029,1.0,0.1607790324251528,0.18098000621568425,0.016160779032425153,0.2374391380917849,0.10038850052318388,0.14016367968507198,0.10494146897337614,0.0651610898166373,0.20895058531026622,0.13177250595669737,0.12793950067336576,0.11177872164094063,0.2175489485134155,0.09613591629545218,0.1908215062674816,0.12213819537967471,0.24790220656790632,0.06433233191753858,0.1574640008287579,0.021444110639179528,0.15881073241479332,0.19776235367243342,0.06339997928105252,0.19299699575261575,0.03962601332555862,-0.059566973997720915,0.10758592114664739,-0.013881694809903656,0.03268498615480718,0.09043820573914844,0.1083600953071584,0.04164508442971097,0.03050944032516866,-0.012120584274318863,0.05096861079457163,0.0735522635450119,0.004454573707655651,0.08712317414275354,0.15347957840997412,-0.020253295699729962,0.053715262507979464,0.17310680617424634,0.028281363306744016,-0.007925202665111725,0.07510618460582202,0.15912151662695534,0.11623329534859629,0.182119548326945,0.6927041518989483,0.4508442971097068,0.0765565109292448,0.055837563451776644,0.16119341137470217,-0.015435615870713765,0.06837252667564488,0.11644048482337098,-5.1798710229488395e-05,0.04589246866259193,0.20625712213819536,0.12648917434994303,0.02165130011395421,0.09836575072579846,0.12856106909768983,0.23785351704133428,0.2239718222314306,0.09375323733554335,0.19714078524810938,0.2237186294811604,0.154459753444525,0.12695863877247607,0.21226561690666113,0.08945637256632646,0.1867813115093753,0.24334403812286334,0.23008391173728374,0.047653579198176726,0.042681031803584374,0.08992023205221174,0.09862218999274837,0.08319088330249395,0.09344245312338133,0.10918885320625711,0.12068786905625194,0.08728082673668794,0.18745953232051848,-0.017818294830622604,0.08950585310266237
-0.03201077385268828,0.0651610898166373,-0.026934631720708584,0.11457577955039884,0.07500258986843468,-0.06453952139231327,0.14161400600849477,0.017766957608714516,0.13684864808867708,0.24655547498187091,0.2562933802962809,0.36185641769398114,0.1607790324251528,1.0,0.6433233191753859,0.1200663006319279,0.38071065989847713,0.23755503787374677,0.5088573500466176,0.1939293483891018,0.511758002693463,0.3905521599502745,0.4277426706723298,0.2598156013674505,0.06091370558375634,0.19651921682378534,0.2779446804102351,0.35128975448047234,0.38910183362685175,0.44442142339169166,0.08183984253599916,0.05252253185538174,0.09489277944680409,0.2231430643323319,0.21299078006837252,0.0618460582202424,0.07748886356573086,0.11286938959005521,-0.017818294830622604,0.06459299165617204,0.08215062674816118,0.009582761392455353,0.022169273800890912,0.1801512483165855,-0.0875375530923029,0.25137914074370715,0.29773127525121723,0.2427224696985393,0.01750751061846058,0.06961566352429296,0.06837252667564488,0.08085778666823139,0.2852554972337926,0.09784776362350357,0.008080389516212576,0.006630063192789806,0.09795136104396256,0.09406402154770536,0.34486688076245725,0.2918263752201388,0.3715943230083912,0.1642537101377077,0.4126178390137781,0.49891225525743294,0.5519527607997513,0.6055112400290065,0.11105355847922925,0.3361649228219206,0.2354708380814254,0.13068814590899921,0.4276390759349425,0.12203460064228736,0.3719051072205532,0.16492282192064642,0.36036362706655073,0.18957836941883352,0.1890603957318968,0.42090541800476533,0.015124831658551744,0.07645291619185746,0.1750278418654413,0.12410649539003417,-0.04294113078024588,0.1038019268621154,0.18103649225206192,0.12887185330985185,0.0035222210711695844,0.07997513726302703,-0.05086501605718429,0.06847612141303222,0.11633689008598362,0.15155910079767945,0.2044030046772361,0.03387547912566041,0.039262405469802135,0.11892675852066714,0.23718629414082737,0.12374711873824779,-0.08629441624365482,0.015021236921164404
0.002486273697296177,0.1705169377395628,0.06288200559411582,0.25018129079042783,0.224696985393142,-0.002071894747746814,0.23868227494043298,0.1312061330112941,0.18709209572153732,0.3108878068994095,0.29058323837149075,0.43551227597638037,0.18098000621568425,0.6433233191753859,1.0,0.18626333782243862,0.35864498083497354,0.3710955715934413,0.4213197969543147,0.29451983839220963,0.6021962084326116,0.38692634414171756,0.44483580234124104,0.33740805967056875,0.07883559515176629,0.24696985393142024,0.2772195172485238,0.3735626230187506,0.39645705998135294,0.5599295555785765,0.13021858489588728,0.12804309541075312,0.09996892157878379,0.3264270175075106,0.29804205946337925,0.12804309541075312,0.1633689008598363,0.07857864341813389,-0.05252253185538174,0.153997565512269,0.11892675852066714,0.004092098108129583,0.08360095307158395,0.1796332746296488,0.010566663213508753,0.21294449775342678,0.24769501709313163,0.22148554853413446,0.03024966331710349,0.06930487931213095,0.13809178493732518,0.18787392200235442,0.4011810107273876,0.25272590720967386,0.09831140578058635,0.055215995027452607,0.20683224994634716,0.17973686936703615,0.42598156013674504,0.2463482855070962,0.34745674919714076,0.19067105235474677,0.4643116129700611,0.4198694706308919,0.5385890396767844,0.6654925929762767,0.17870092199316273,0.3387547912566042,0.3387547912566042,0.20848980867369077,0.49197140785248106,0.2483165855174557,0.44079560758313474,0.275458406712939,0.4108155708300725,0.22013881694809903,0.23308815912151662,0.5034704237024759,0.02641665803377188,0.19941986947063087,0.27551733971064873,0.2524603750129493,0.0879024112594418,0.24147933284989123,0.23542513799302475,0.2822956593805035,0.15342380607065162,0.20563555371387132,0.05096861079457163,0.18481301149901586,0.1931005904900031,0.19019993784315756,0.273504273871213,0.08598363203149278,0.10131565316481922,0.12524603750129493,0.2505503613800354,0.22309704495840652,-0.04848233709727545,0.0580130529369108
0.24127214337511652,0.32580544908318654,0.34082668600435095,0.21029731689630166,0.2826064435926655,0.40536620739666424,0.4492903760488967,0.15876304685338194,0.10784212162022168,0.29027245415932873,0.17341759038640836,0.21599502745260538,0.016160779032425153,0.1200663006319279,0.18626333782243862,1.0,0.1644048482337097,0.31939911982763247,0.10131565316481922,0.07210193722158913,0.2351600538692634,0.21133326427017504,0.19216823785351703,0.3228012016989537,0.11871956904589245,0.14306433233191754,0.026002279084222518,0.11260747954003936,0.10670257950896093,0.13550191650264165,0.16015746400082873,0.23692116440484823,0.19828032735937012,0.2937946752304983,0.29959598052418934,0.12296695327877344,0.14337511654407956,0.010515138176586145,0.03646534756034393,0.23345678700430417,-0.013778100072516316,0.0807541892477724,0.03584377913601989,-0.0875375530923029,0.09064539521392313,-0.15327238356905618,-0.08660520045581684,-0.07945716357609033,0.15342380607065162,-0.0803895162125764,0.3503574018439863,0.399419854579585,0.4691409185484764,0.15814146233062806,0.3615456334818191,0.3704547808971304,0.24433451615249674,0.22335025380710657,0.16523360613280844,0.04754998446078939,0.03739770019683,-0.00046618839206539553,0.14389309023101624,0.009737905314410027,0.10981042163058115,0.17497151144721845,0.12327773749093546,0.25266756448772404,0.33927276494354086,0.31364119043955224,0.19786594840982077,0.17797575883145136,0.23723194861701025,0.17383196933595774,0.278832457165336,0.21299078006837252,0.17973686936703615,0.11654407956075831,0.03211436859007562,0.13550191650264165,0.2147056539012294,0.10504506371076348,0.0687368884745311,0.25505024344763283,0.06521457617892588,0.10981042163058115,0.1686522324665907,0.12037708484408992,0.1679270693048793,0.0898166373148244,0.021444110639179528,0.15073034289858073,-0.025174825208600288,0.15052315342380607,-0.11426499533823681,-0.15704962187920854,-0.1262334568292632,-0.07422755175885687,0.25888324873096447,-0.05708070030042474
0.016678752719361856,0.03159639490313892,-0.02714182119548327,-0.0145032632342277,0.070237231948617,0.030353258054490826,0.13581270071480367,-0.025018777040842894,0.06992644773645498,0.271832590904382,0.21920646431161295,0.2941054594426603,0.2374391380917849,0.38071065989847713,0.35864498083497354,0.1644048482337097,1.0,0.40497280551612563,0.5492592976276806,0.24531233813322284,0.41458613902413755,0.5861390241375738,0.4387237128353879,0.46099658137366617,0.04330260022790842,0.22863358541386097,0.18864601678234746,0.32725577540660933,0.3830933388583859,0.36672537035118613,0.07417383196933594,0.04361338444007044,0.044545737076556506,0.5185952553610277,0.40919921267999587,0.01875064746710867,0.16119341137470217,-0.010825930437963073,-0.05283331606754376,0.06977286267912088,0.07552056355537139,-0.06293543292882839,0.14938361131254532,0.02020097379053144,0.03470423702475914,-0.01320867110851954,0.06733657930177146,0.15632445871749712,0.06412514244276389,-0.05221174764321972,0.012431368486480885,-0.021703659586155638,0.153997565512269,0.006578436199145026,0.05283331606754376,0.028177768569356675,0.00046618839206539553,0.1015228426395939,0.2336061328084533,0.2559825960841189,0.31316689112193097,0.1870451426386826,0.369108049311095,0.31865741220346006,0.40132601263855794,0.39397078628405674,0.05428364239096654,0.45177664974619286,0.43830933388583854,0.24764963360718403,0.40650574950792495,0.3435201491764218,0.4516730550088055,0.0580130529369108,0.4248012225920343,0.20615352740080803,0.3351289754480472,0.3786387651507303,-0.029835284367554123,0.09862218999274837,0.3357074409973143,0.177561379881902,0.05754836706496161,0.3107842121620221,0.10323482948737037,0.12307054801616077,0.1852273904485652,0.17569667460892985,0.03988397389412617,0.06909768983735626,0.03428985807520978,0.10369833212472805,0.024553224586165715,-0.03532580544908319,0.11923754273282916,-0.08846990572878898,-0.007510812983275817,0.08935277514586748,-0.010670257950896093,-0.05790945819952346
0.026210826245991248,0.24325304357939703,0.16234136255916318,0.27474747511608216,0.31204351246215667,0.13260813278604267,0.34488474534745,0.3365536534061614,0.37202797252709313,0.29764309804242234,0.26490546526086806,0.23745143777000766,0.10038850052318388,0.23755503787374677,0.3710955715934413,0.31939911982763247,0.40497280551612563,1.0,0.2768194771908641,0.5076405083215696,0.5034965041720058,0.36632996682144287,0.36487956536909555,0.4212380218031637,0.047448847512505894,0.20233100260245418,0.20751100778940895,0.1942501945108047,0.32634032677815183,0.29049469088442476,0.17394457417794193,0.17591297614898474,0.10360010373909584,0.620564621397184,0.32893032937162925,0.33452473497354046,0.19808339834915126,0.01528141107508352,-0.021756021785210126,0.24517599531650947,0.2808598812366888,-0.041492916173362364,0.17456617480037648,0.0422688423255511,0.12245532261961128,0.015074205501184079,0.028490028528251356,0.16731416753863976,0.17518777542281105,0.1421393423300395,0.11271691286813627,0.19026651823315852,0.3931207750807078,0.30257193928665366,0.20554260581836614,0.23486143517653024,0.36856691457362445,0.42766122823498764,0.2780626784357332,0.20440300467723607,0.1965293967930648,0.12727602376772948,0.27505827542729944,0.09883449896709744,0.2718466722113875,0.28562548600868726,0.3612535617382272,0.34819994866710113,0.49230769296818344,0.565101401417241,0.4824656831129694,0.37668997719535247,0.40145040198899634,0.24242424274948426,0.4098008237796125,0.1818181820621132,0.2309246312344446,0.21983942013436136,-0.05376845384059074,0.2085470088267999,0.3188375768377595,0.4072520077983858,0.16446942428267852,0.3431235435838854,0.24911290122059876,0.3211603215911971,0.2718466722113875,0.174048174281681,0.3412587417165817,0.3137011141219822,0.12110852127100305,0.08909608921562243,0.19115209283050144,0.04599844606015855,0.08547008558475407,-0.03594923599746626,0.0798259473447583,0.1974151105326891,0.17083657106576905,0.13789173807673655
-0.022169273800890912,-0.09965813736662177,-0.11612970061120896,-0.08277219517248524,-0.041748679167098304,-0.06070651610898165,0.051382989744121,-0.13307088657955568,0.02486273697296177,0.19962705894540556,0.19341137470216513,0.25235678027556196,0.14016367968507198,0.5088573500466176,0.4213197969543147,0.10131565316481922,0.5492592976276806,0.2768194771908641,1.0,0.17165647985082355,0.5149694395524707,0.45509168134258776,0.495597223661038,0.3653786387651507,0.08070030042473843,0.2088469905728789,0.19330777996477777,0.3381332228322801,0.4037086915984668,0.3318139438516523,0.07987154252563969,0.013467315860354292,-0.01004868952657205,0.3430021754894851,0.2702786698435719,-0.03480783176214648,0.04050554231845022,0.024915179620383917,-0.07469180565627266,-0.10706793404435251,0.052004558168445035,0.0455310662917203,0.05335128975448047,0.06526468455402465,-0.014088884284678338,0.06272823808791045,0.214959080078732,0.17797575883145136,-0.07106598984771573,-0.022272868538278253,-0.025173521185123796,-0.11318018185143214,0.10074849139635493,-0.07733547437262618,-0.05086501605718429,-0.04319900549052108,-0.09712258168029074,-0.010877447425670775,0.20076660105666633,0.24137573811250387,0.2525639697503367,0.08831680094127771,0.25297834869988606,0.41386097586242615,0.48471977623536716,0.5080285921475188,-0.003833005283331607,0.44566456024033974,0.35636589661245205,0.18435160970674921,0.425049207500259,0.21413032217963326,0.4619289340101522,0.032839531751787006,0.33394628484951167,0.21868849062467624,0.3712835387962291,0.44359266549259296,0.000725163161711385,0.07034082668600435,0.23314599474292724,0.08339376359680928,-0.008339592346947632,0.16212576401118822,0.1294449768634915,0.09810421630581166,0.08173624779861183,0.15155910079767945,-0.04661763182430332,0.04413135812700714,-0.0145032632342277,0.1093960426810318,0.0373996374498136,0.0814254635864498,0.02734901067025795,-0.02890293173106806,0.034031752620773875,0.07391675949747994,-0.06982285299906764,-0.07375945301978659
0.10214441106391794,0.16948099036568942,0.03428985807520978,0.2551538381850202,0.21931005904900028,0.0,0.17528229565938047,0.2012379892415624,0.35201491764218373,0.16958458510307675,0.12130943748057597,0.059877758209882934,0.10494146897337614,0.1939293483891018,0.29451983839220963,0.07210193722158913,0.24531233813322284,0.5076405083215696,0.17165647985082355,1.0,0.36144203874443176,0.1834662799129804,0.345384854449394,0.1892675852066715,-0.001139542111260748,0.036672537035118614,0.39220967574847193,0.15995027452605406,0.3686936703615456,0.2354708380814254,0.1811871956904589,0.2625090645395214,0.2079146379363928,0.43830933388583854,0.21640940640215475,0.4549880866052004,0.2820884699057288,0.16332133335357693,0.0651610898166373,0.15596591650098957,0.407127317932249,-0.05744476964450263,0.17890811146793742,0.17134569563866153,0.2807417383196933,0.2638108311987844,0.22739044856521287,0.45913187610069406,0.24054698021340518,0.31565316481922717,0.088780689940951,0.045945455973556204,0.22900209792456822,0.28763823790434906,0.03988397389412617,0.058945405573396864,0.21926394040142438,0.275458406712939,0.23412410649539003,0.1004868952657205,0.11043199005490521,0.17223071151304892,0.18066922200352223,0.07779964777789287,0.210400911633689,0.15932870610173003,0.4055733968714389,0.15787837977830727,0.2639593908629441,0.34948589791835816,0.4047446389723402,0.22241790117062052,0.3026002279084222,0.1256604164508443,0.20123798924156241,-0.035740184398632545,0.15642805345488447,0.14233916917020614,0.023101626437376982,0.3063296384543665,0.16052420300118453,0.49176421837770634,0.292196524404544,0.2128871853309852,0.36751184907822015,0.4497047549984461,0.26116233295348595,0.18098000621568425,0.35077178079353566,0.32984564384129283,0.2544286750233088,0.10545944266031285,0.2544418547832194,0.016989536931523875,0.07873200041437894,0.11861597430850512,0.27116624805137174,0.43982284855858594,0.1303221796332746,0.2720397803791567
