0,1,2,3,4,5,6,7,8,9,10,11,12,13,14,15,16,17,18,19,20,21,22,23,24,25,26,27,28,29,30,31,32,33,34,35,36,37,38,39,40,41,42,43,44,45,46,47,48,49,50,51,52,53,54,55,56,57,58,59,60,61,62,63,64,65,66,67,68,69,70,71,72,73,74,75,76,77,78,79,80,81,82,83,84,85,86,87,88,89,90,91,92,93,94,95,96,97,98,99
1.0,0.23412410649539003,0.1854345799233399,0.1289754480472392,0.17725059566973997,0.22086398010981043,0.08971304257743705,0.1364342691391277,0.12452087433958355,0.10090127421526986,0.0901815545095393,-0.023930384336475704,0.021496464745237684,0.061899458724238625,0.056980057056502706,0.29261091408637996,0.15068244805758174,0.28322801201698955,0.21625961520811404,0.27639075934942503,0.029731689630166785,-0.04045479268923043,0.3391691702061535,-0.04516730550088056,0.2191603429809654,-0.0980006215684243,0.05863462136123484,0.039987568631513516,0.1892675852066715,-0.03677613177250595,-0.04050554231845022,0.4946648710245519,0.33373909000859375,0.16062780042164349,0.11488656376256086,0.1722780482751476,0.09230291101212058,0.2354708380814254,-0.16699471666839322,-0.06267481611934114,0.08691598466797887,0.14285714285714285,0.004661763182430332,-0.14979799026209467,-0.09266789260055473,-0.06402154770537656,-0.0544404444511923,0.19181062397979554,0.322283228012017,0.12938982699678855,0.4892779446804102,0.23857868020304568,0.12421009012742153,0.12203460064228736,0.19403294312648917,0.1686522324665907,0.1598466797886667,0.08152905832383714,0.04827514762250078,-0.012172696903929772,-0.04449509208713053,-0.06339997928105252,0.09069954161183418,0.11996270589454054,-0.020202020229123686,0.040507640561986476,0.03843364757070341,-0.008132818797376403,-0.04537449497565523,0.17207085880037293,0.0892986636278877,-0.06899409509996891,0.14964647385299196,-0.10758592114664739,0.016782347456749197,-0.07510618460582202,0.0803397995659365,0.007769605304050554,-0.11913394799544183,0.5217030974826479,-0.22417901170620533,-0.07790324251528022,-0.1618149797990262,-0.11405780586346213,-0.05381885992843844,-0.0625210432469925,0.011654709801634888,-0.05500880555267792,0.1799440588418108,-0.19859111157153214,0.18196886903619275,0.3030146068579716,-0.220921499128768,0.11084636900445456,-0.16554439034497048,-0.12343632647687085,-0.028799336993680716,0.06785455298870817,0.3155495700818398,0.11892675852066714
0.23412410649539003,1.0,0.41158189163990466,0.4614109603232155,0.5732932767015435,0.4372733865119651,0.35004661763182426,0.5169377395628302,0.36807210193722156,0.16378327980938567,0.1700551656834104,0.1386097586242619,0.029369868700119917,-0.05568361349670002,-0.005076405083215696,0.4723524385827047,0.00419569552858856,0.24769501709313163,0.01994250343835303,0.2918263752201388,0.07666010566663213,-0.06314262776974636,0.060810110846368996,0.07013363721122966,0.1780321670587516,0.03346110017611105,0.08546565834455609,0.11281466901481405,0.2886149383611312,0.06070651610898165,-0.015953589557650468,0.2231430643323319,0.16083499526256145,0.06718292716764644,-0.020926136952242824,0.33046721226561687,0.2875789909872578,0.10463068476121412,-0.13353361649228218,0.0781104319900549,0.07148036879726509,0.08743395835491556,0.014710452709002382,-0.09748264788148761,-0.13068814590899921,-0.17973686936703615,-0.05982751031505909,-0.07339877239518505,0.40692012845747433,0.18439863254946648,0.36548223350253806,0.6250906453952139,0.41023516005386923,0.47187402879933693,0.54304361338444,0.37449497565523665,0.5248109396042681,0.4541593287061017,0.11343623743913808,0.08458729380475455,0.07754266921354412,-0.03967678441935149,0.06262464066745146,-0.038640837045478084,-0.013675213693560652,-0.015850815872081665,0.38682274940433026,-0.10147893008955651,0.09354604786076866,0.29089402258365277,0.20708588003729408,0.10079767947788251,-0.11722048124933224,0.28991738115444654,0.2093649642598156,0.09116336890085983,0.29882675931391856,0.08556925308194342,-0.12193100590490002,0.20439241686522325,-0.08235781622293588,0.11571532166165957,-0.07572775303014606,-0.03563658966124521,-0.09277149002101372,0.07422755175885687,0.21988552492417823,-0.01015228426395939,0.4009116336890086,0.022790842225214956,0.136075211772866,0.18688490624676266,-0.05029654763283323,0.02330881591215166,0.04423495286439449,-0.061381471621943746,-0.11240029006526468,-0.0401947581062882,0.407438102144411,0.2967989226147311
0.1854345799233399,0.41158189163990466,1.0,0.2088469905728789,0.4067129389826996,0.49342173417590385,0.3477675334093028,0.589868434683518,0.4921785973272558,0.2613695224282606,0.3340498822699707,0.3387547912566042,0.13555722467057113,-0.028541089336448104,0.04879564886111414,0.38595218991991803,0.15834865717154603,0.4169688179840464,0.1387687447047994,0.26924272246969855,0.11726924272246968,-0.10686073920343456,0.11405780586346213,0.107634932145447,0.17212711409258993,0.2854035015021237,0.04257743706619704,0.11032839531751787,0.22438620118098,0.06650782140267275,0.058427431886460164,0.15435615870713768,-0.014037450472191354,0.12737302845431195,-0.012431368486480885,0.2919299699575261,0.1529058323837149,-0.0016575157981974515,-0.20522117476432197,0.13343002175489485,0.03294312648917434,0.12783590593597843,0.10918885320625711,0.005697710556303739,-0.15731268296695625,-0.23339894333367864,-0.20103079440064445,-0.12954857428395047,0.3774992230394696,0.08764114782969024,0.3576090334611001,0.5355847922925515,0.33502538071065985,0.2742152698642909,0.4924893815394178,0.5640733450740703,0.5451155081321868,0.4984978763078835,0.2891329120480679,0.3357074409973143,0.31695630789423945,0.06951206878690562,0.08738442415714692,-0.03014606857971615,-0.030976431017989657,0.03170163174416333,0.3524292965917331,-0.023569634094307408,0.11364342691391276,0.3690044545737077,0.20211333264270173,0.131047342794986,-0.07692108469079026,0.32037502276938573,0.3612348492696571,0.28157049621879204,0.23894745028862996,0.1584999482026313,-0.12110224800580129,0.14285714285714285,-0.11654407956075831,0.021029731689630165,-0.07365585828239925,-0.00870195794053662,-0.15285799388722024,-0.06034549741735398,0.11711688382887325,-0.0692012845747436,0.33979073863047754,-0.055526779239614625,0.04128357205290225,0.08992023205221174,-0.00968635881291433,0.055837563451776644,0.1799440588418108,-0.03651809071178932,-0.20397803791567384,-0.13197969543147206,0.4233916917020615,0.1478296902517352
0.1289754480472392,0.4614109603232155,0.2088469905728789,1.0,0.5325805449083186,0.2020097379053144,0.2409613591629545,0.2738008909147415,0.18502020097379052,0.07831762146482958,0.14829970738702528,0.088780689940951,-0.04428789724621258,-0.09246069775963678,-0.03594923599746626,0.36626868003271246,0.021496464745237684,0.10960323215580647,0.009893553653832283,0.2419973065368279,0.047964363410338745,0.0954650229529471,0.054905210815290574,0.22065679063503574,0.06625055038351566,0.07003004247384231,0.1373666217756138,0.1038019268621154,0.16709831140578058,-0.01709313166891122,-0.07261991090852585,0.20604993266342067,0.21998912234463722,0.10644634952159865,0.10224800580130529,0.22221071169584583,0.289754480472392,0.15611726924272246,-0.018232673780171967,0.08588003729410545,0.3009427121102248,0.0440277633896198,0.12296695327877344,0.024655547498187092,0.05920592579230523,-0.07148036879726509,0.08469089122521353,0.04801740438273574,0.21723816430125348,0.2236610380192686,0.229255153838185,0.39500673365793015,0.2822956593805035,0.5434579923339894,0.35522635450119133,0.1350875375530923,0.29099761732104007,0.26385579612555676,-0.00580130529369108,0.05081453473512811,-0.017041775665501684,-0.09385683207293068,-0.09225350291871884,-0.13695224282606444,-0.024864024897383,-0.0423724424292902,0.27898062778410854,-0.12976249100272538,0.15891432715218065,0.177872164094064,0.1562208639801098,0.06298560033150316,-0.07971821504318263,0.26008132406226125,0.1574640008287579,0.014192479022065678,0.16197456688761022,-0.03056044752926551,-0.022169273800890912,0.23329534859629128,0.08598363203149278,0.2687247487827618,0.11146793742877861,0.09499637418419143,0.03579290876857648,0.2040351195939548,0.2125301080715909,0.045063710763493206,0.3255982596084119,0.1579819745156946,0.12571546972696832,0.14637936392831244,0.033306570677561036,0.02030456852791878,0.10359473738734071,0.037346870075461135,-0.04185227390448565,0.11219310059049,0.22956593805034703,0.24054698021340518
0.17725059566973997,0.5732932767015435,0.4067129389826996,0.5325805449083186,1.0,0.5001553921060811,0.3002175489485134,0.4151041127110742,0.3851652336061328,0.196415622086398,0.2125301080715909,0.18740287993369933,0.07433114917931584,-0.07402035691793891,-0.03760683765729179,0.43412499043334224,0.10789671340802431,0.2747332435512276,0.09981611461222414,0.2931731068061742,0.13311923754273283,0.02667633576818652,0.10981042163058115,0.16098622189992748,0.08707363189577,0.10794571635760902,0.06070651610898165,0.14109603232155807,0.24002900652646844,0.0318035843779136,-0.009427121102248005,0.1414068165337201,0.1646680998195436,0.1615601772057743,0.05355847922925515,0.2959701647156324,0.26012638557961254,0.055837563451776644,-0.08867709520356365,0.17414275354811976,0.15901792188956798,0.0463068476121413,0.1389205428364239,-0.016782347456749197,-0.05993110773551807,-0.145032632342277,-0.019424516336058146,-0.11007225923766284,0.3351289754480472,0.1399564902102973,0.2650989329742049,0.5247073448668808,0.3533616492282192,0.48648088677095197,0.6747125246037501,0.3936600020718947,0.41862633378224384,0.4515694602714182,0.09758624261887495,0.11680609156749631,0.11753127351070917,-0.04786076867295141,-0.0678045116904003,-0.15932870610173003,0.04682724689007132,-0.040611240665725565,0.369729617735419,-0.05900178732618931,0.22024241168548636,0.3173106806174246,0.27701232777374907,0.1603646534756034,-0.06894408331544905,0.3259692834741705,0.2749404330260023,0.09851859525536102,0.19077464977520575,0.09085258468869781,-0.08453330570807002,0.15228426395939085,0.031078421216202214,0.2121620221692738,0.06567906350357401,0.0686833108878069,-0.05930952321276421,0.16881199663790267,0.1735774779790156,0.0407127317932249,0.4047446389723402,0.06951206878690562,0.08697003447531101,0.15052315342380607,0.009271969131078422,0.046824821299078,0.20698228529990675,-0.016316593722288844,-0.06505749507924997,0.027038226458095928,0.4152077074484616,0.24489795918367346
0.22086398010981043,0.4372733865119651,0.49342173417590385,0.2020097379053144,0.5001553921060811,1.0,0.24769501709313163,0.454573707655651,0.5624158292758727,0.3494250492075002,0.24599207487984037,0.3004247384232881,0.16259615141036407,0.03776125975729704,0.038953639005900036,0.3952759577612259,0.20641786026451125,0.3427949860147104,0.1344176530455224,0.24583031182015952,0.21381953796747125,-0.038072052018673974,0.1724852377499223,0.18512379571117787,0.2697158841649461,0.21993162747332434,0.08608722676888013,0.23526364860665075,0.39075934942504914,0.14793328498912253,0.08743395835491556,0.14751890603957318,0.13358887368185057,0.14539897961417392,0.007044442142339169,0.2838495804413136,0.2424116854863773,0.0491039055215995,-0.16274733243551226,0.17880451673055006,-0.001035947373873407,0.15145550606029212,0.09903656894229772,-0.06433233191753858,-0.21211571838975496,-0.23692116440484823,-0.12778741813614786,-0.18393722002491328,0.4249456127628716,0.07438102144411064,0.2844711488656376,0.4804723920024863,0.2927587278566249,0.2706930487931213,0.7085880037294106,0.6776131772505957,0.407748886356573,0.5034704237024759,0.3144100279705791,0.2580093756530817,0.265571987346587,0.0954107531337408,0.11504493541969373,-0.012327773749093546,0.09365449378014264,0.009013209025301337,0.29876722262509064,0.0009842264786633862,0.14637936392831244,0.2954521910286957,0.26240546980213403,0.12711074277426707,0.0029525264830808384,0.22920929276548613,0.364549880866052,0.26934631720708585,0.2528295046301329,0.30104630684761213,-0.1065989847715736,0.12545322697606962,-0.06702579508960944,0.015435615870713765,-0.10369833212472805,-0.049311094996374184,-0.10706793404435251,0.007407215562816841,0.16207816430806918,-0.0068372526675644875,0.33606132808453326,-0.07603853724230808,0.03506772682536364,0.1249352532891329,0.028644686756907085,0.07469180565627266,0.1010048689526572,-0.08355131960016478,-0.19341137470216513,-0.11664767429814564,0.43126489174349936,0.13249766911840877
0.08971304257743705,0.35004661763182426,0.3477675334093028,0.2409613591629545,0.3002175489485134,0.24769501709313163,1.0,0.52356780275562,0.45985703926240545,0.2694499119444732,0.23552873541348374,0.21154045374494973,0.05091813215558709,0.17098754246754116,0.2435638438906143,0.3797363446923794,0.029473466120578894,0.3664145861390241,0.1276838207156889,0.44887599709934733,0.2954521910286957,-0.04573826113263825,0.13954211126074795,0.022480058013052934,0.049156976007784486,0.07075520563555371,-0.00010359473738734072,0.06433233191753858,0.28115611726924267,0.08764114782969024,0.0004143789495493629,0.04848233709727545,0.015280619517699075,0.09639739973707791,-0.018232673780171967,0.20138816948099036,0.08992023205221174,0.06049932663420698,-0.02040816326530612,0.2861286646638351,0.18066922200352223,0.08308297938464726,0.22915155910079768,-0.004247384232880969,-0.019424516336058146,-0.11157153216616594,-0.05547641865578207,-0.0352749216662816,0.35450119133947994,0.2579508960944784,0.21278359059359783,0.40940640215477053,0.6474671086708795,0.21102248005801302,0.27970579094581993,0.3440381228633585,0.49497565523671394,0.42308090748989946,0.1065989847715736,0.1481961099665663,0.17948253094517727,-0.006940847404951828,0.09432545132789837,0.05086501605718429,0.1322973324748254,0.1766381768751584,0.5579612555682171,0.049677536475694076,0.10887806899409509,0.33191753858903966,0.397078628405677,0.1432715218066922,0.031027427427463544,0.3473103520887197,0.23174142753548116,0.06671501087744743,0.24578488003892246,0.18957836941883352,-0.018129079042784626,0.0661970371905107,-0.21682378535170413,0.0819434372733865,-0.01605718429503781,-0.001035947373873407,-0.2627748569941946,0.06562896586076179,0.07847504599767491,-0.11167512690355329,0.3097482647881487,-0.05676991608826271,-0.00999715107429126,0.052626126592769086,0.10696433662389353,0.088780689940951,0.1414068165337201,0.03454973972306876,-0.0954107531337408,-0.06422873718015124,0.38071065989847713,0.34196622811561167
0.1364342691391277,0.5169377395628302,0.589868434683518,0.2738008909147415,0.4151041127110742,0.454573707655651,0.52356780275562,1.0,0.5424220449601159,0.2753548119755516,0.29354329087051073,0.3255982596084119,0.054336847030733326,0.02004610085881201,0.1068117069550078,0.4165134289553162,0.07288078529289017,0.4185227390448565,0.07847504599767491,0.3754273282917227,0.21661659587692944,-0.19833726146871106,0.08577644255671811,0.014296073759453019,0.18538758391133897,0.14938361131254532,0.015124831658551744,0.0636071687558272,0.3295348596291308,0.025380710659898473,0.03242515280223764,0.08898787941572568,0.016316593722288844,0.06687213490626952,-0.08152905832383714,0.2769087330363617,0.19216823785351703,-0.052108152905832386,-0.23391691702061532,0.10742774267067232,-0.007976794778825234,0.06598984771573603,0.07365585828239925,-0.023412410649539,-0.14757452544381242,-0.30891950688905,-0.2551086478802303,-0.1750278418654413,0.4221485548534134,0.1343623743913809,0.28250284885527815,0.5918367346938774,0.4834766393867191,0.36050968610794565,0.4675230498290686,0.5260540764529161,0.71055630373977,0.584377913601989,0.22355744328188126,0.2931289011886748,0.27779648296074627,0.027763389619807313,0.13980471890938917,0.012638557961255566,0.027246827283382204,0.06423206431823941,0.45301978659484093,-0.01341656094599037,0.0837045478089713,0.3929348389101834,0.2852999067647363,0.12472806381435823,-0.09277149002101372,0.3534225998957993,0.35118615974308504,0.24292965917331397,0.36046722448700974,0.1745571324976691,-0.1323940743810214,0.08121827411167512,-0.18232673780171965,0.02486273697296177,-0.12079146379363927,-0.07448461618149799,-0.29934474641621345,-0.06376421229250022,0.15120043515987663,-0.1579819745156946,0.41137470216513,-0.12110224800580129,-0.009789956233373306,0.025173521185123796,-0.053715262507979464,0.014088884284678338,0.11333264270175074,-0.039936805586935555,-0.2705894540557339,-0.16067543768776546,0.4574743603024966,0.2652025277115922
0.12452087433958355,0.36807210193722156,0.4921785973272558,0.18502020097379052,0.3851652336061328,0.5624158292758727,0.45985703926240545,0.5424220449601159,1.0,0.3800890914741531,0.35725570445278143,0.3683828861493836,0.19243220850254938,0.20558908090083944,0.2510230513598292,0.3801507343742153,0.14032270601168406,0.3842328809696467,0.10893268761261408,0.39107013363721116,0.4280534548844918,-0.02356841315441722,0.14492903760488968,0.11426499533823681,0.15824505975108705,0.2145447011291826,0.08857350046617632,0.2280120169895369,0.46638350771780795,0.15580648503056044,0.13964570599813528,0.05594115818916398,0.07391675949747994,0.11328377927189112,0.011395421112607478,0.41272143375116543,0.29835284367554127,0.024448358023412407,-0.10328395317517869,0.24696985393142024,0.09489277944680409,0.1183051900963431,0.18025484305397282,0.03387547912566041,-0.15555152681915363,-0.24189371179944055,-0.073605967236103,-0.13286369173863774,0.4361338444007044,0.2577437066197037,0.2131979695431472,0.4616181497979902,0.4125142442763907,0.21993162747332434,0.5289547290997616,0.6811353983217652,0.4394488759970993,0.691391277323112,0.3007355226354501,0.33632902552006816,0.32110020471259854,0.13332642701750752,0.2227862526970296,0.1631617113850616,0.24159544191957147,0.19870499897158583,0.38661555992955554,0.11069957815282402,0.1834662799129804,0.2937946752304983,0.43292240754169686,0.027038226458095928,0.018595736972386333,0.3021418767686058,0.35087537553092296,0.23453848544493935,0.3723809278397921,0.33502538071065985,-0.06889050036258158,0.030974826478814874,-0.16958458510307675,0.10079767947788251,-0.0954107531337408,-0.04786076867295141,-0.17129833472891812,-0.007925202665111725,0.28939939405215165,-0.07293069512068787,0.49021029731689625,-0.04102351600538692,0.00771800782419377,0.008909147415311302,0.10675714178297559,0.10494146897337614,0.11405780586346213,0.06956566783820291,-0.21309437480575985,-0.11851237957111779,0.46462239718222315,0.3189681964156221
0.10090127421526986,0.16378327980938567,0.2613695224282606,0.07831762146482958,0.196415622086398,0.3494250492075002,0.2694499119444732,0.2753548119755516,0.3800890914741531,1.0,0.38408743635165643,0.37066197037190507,0.14218745957994564,0.1607313978421025,0.23320383351670476,0.2436093342092839,0.14840330480748423,0.2970061120895058,0.03568931134811751,0.12690355329949238,0.2911012120584274,-0.06511097875846691,0.09810421630581166,0.026209468558997202,0.2637072337783254,0.13270485859318346,0.11633689008598362,0.16399046928416033,0.31389205428364236,0.013260126385579612,0.11208950585310266,0.021133326427017506,0.009271969131078422,0.030820232586545596,-0.004558168445042992,0.12804309541075312,0.1004868952657205,0.08619082150626747,-0.02558790013467316,0.2937946752304983,-0.031907179115300936,0.14026727442245931,0.21133326427017504,-0.01709313166891122,-0.12105358580631438,-0.06391795296798922,-0.07464194144069278,-0.046877832757687,0.35864498083497354,0.0870195794053662,0.1524914534341655,0.19703719051072205,0.2753548119755516,0.022687247487827616,0.23598881176836214,0.40122241790117064,0.28012016989536925,0.2689319382575365,0.5535066818605614,0.35083266438432487,0.34637797530458886,0.1277323111985911,0.15109683773941765,0.13187610069408473,0.2290598293671409,0.20233100260245418,0.2772195172485238,0.11712295096094295,0.10846369004454573,0.24158292758727853,0.2907904278462654,0.11426499533823681,0.13980471890938917,0.21087254934424723,0.43830933388583854,0.2502848855278152,0.19232861108209043,0.23681756966746087,-0.006940847404951828,0.045063710763493206,-0.0852584688697814,0.0071480368797265095,0.046721226561690664,0.05759867398736143,-0.09059594419137519,-0.000258993551147442,0.08137577377052627,-0.07893918988915363,0.16347249559722365,-0.060084947684657615,-0.022428841529368474,0.08515487413239407,0.22858770824273228,0.17600745882109187,0.22013881694809903,0.02874828417736606,-0.06350357401843985,-0.0035222210711695844,0.2818812804309541,0.09416761628509271
0.0901815545095393,0.1700551656834104,0.3340498822699707,0.14829970738702528,0.2125301080715909,0.24599207487984037,0.23552873541348374,0.29354329087051073,0.35725570445278143,0.38408743635165643,1.0,0.43878687435399616,0.1591297591297591,0.20989380989380985,0.3106529566687317,0.21869981869981867,0.1268065268065268,0.2810080029949745,0.03201243201243201,0.16891559405836165,0.27064826094907685,-0.054286454286454275,0.10758592114664739,0.005853254255932189,0.13095053095053094,0.27334179388101026,0.13400326336368648,0.09214990549825985,0.24485250325479163,-0.05744476964450263,0.08707363189576998,0.11514853284015271,-0.0606060606060606,0.06412846412846412,0.038900831382345784,0.20154878150293934,0.10064489397589596,0.10168086818048572,-0.05558001607624105,0.15824505975108705,0.04470228692804848,0.08230815055465707,0.1347284453068993,0.07816425373629798,-0.1272209272209272,-0.13244930205680183,-0.05718725718725718,-0.02621082621082621,0.2846339127110387,0.16715443791055903,0.3018310845072289,0.32110020471259854,0.27790008038120523,0.18424801228629023,0.1994768330937598,0.39455077581801307,0.25210432268692,0.29830877221162366,0.4206573257736752,0.4138824138824138,0.3901579901579901,0.1566910984442024,0.22170422170422166,0.2105617570828703,0.208500608736309,0.2769820509100731,0.22382222690161935,0.10215499392073941,0.0754707208043646,0.1593846313761358,0.24796042586856096,0.021703659586155638,0.05594405594405594,0.27443667443667435,0.3506254695434069,0.25645541434619706,0.19559699559699556,0.15555152681915366,-0.060449094837812946,0.1111082334422526,-0.11908523481759382,0.02160006216569666,0.07288078529289017,0.043666312723458715,-0.035638435638435634,-0.06889406889406889,0.12556332556332553,-0.057030379962666716,0.1949185465935648,-0.06676853748581055,0.035534835534835524,0.09484343843019324,0.14721574721574718,0.1811400896725209,0.12975576912486841,0.06288526288526287,-0.08313692991832887,-0.0486389889054896,0.2796612365290079,0.12312553421549391
-0.023930384336475704,0.1386097586242619,0.3387547912566042,0.088780689940951,0.18740287993369933,0.3004247384232881,0.21154045374494973,0.3255982596084119,0.3683828861493836,0.37066197037190507,0.43878687435399616,1.0,0.22206107075381673,0.06625055038351566,0.1795389797798531,0.21076895192378828,0.18000051804747216,0.24427639075934943,-0.03195980421159434,0.05656272661348803,0.2899616699471667,-0.2034135350712009,-0.06381435823060187,0.08246141096032321,0.2159488229467371,0.37418419144307463,0.15642805345488447,0.06650782140267275,0.3260126385579612,0.012742152698642907,0.06246762664456645,-0.0013467315860354293,-0.16363212561495385,-0.0486389889054896,-0.1399564902102973,0.1892675852066715,0.052936910804931105,-0.0709623951103284,-0.2274940433026002,0.10867087951932042,-0.2083290168859422,0.08028592147518905,-0.002589868434683518,0.019268621154045373,-0.22247546043565264,-0.21899927483683826,-0.305664189064211,-0.3165419182124036,0.16523360613280844,-0.04423495286439449,0.17538589039676783,0.2665492592976277,0.27587278566248835,0.2252149590800787,0.23982181705169375,0.37439138091784935,0.2822956593805035,0.33492178597327255,0.46099658137366617,0.48354095999227414,0.6123125536227824,0.22832280120169895,0.09318587970284962,-0.0004143789495493629,0.09634809647735912,0.14783734803568976,0.18305190096343105,0.006682379776188254,-0.0026934631720708585,0.13394799544183156,0.20677509582513207,0.046203252874753964,-0.05361166508752049,0.3307347648152834,0.597741634724956,0.45177664974619286,0.28898500437031577,0.32104009116336885,-0.09468558997202942,-0.014088884284678338,-0.10690976898373562,-0.15124831658551743,-0.08639801098104216,-0.14306433233191754,-0.11411255863556292,-0.2703374686876999,0.0281266996546122,-0.23298456438412926,0.17952967989226146,-0.14990158499948203,-0.14695294092105857,-0.06060292137159432,0.022636036370286428,0.055526779239614625,0.14337511654407956,-0.021496464745237684,-0.2109188853206257,-0.3355433543975966,0.16595876929451983,-0.03625815808556925
0.021496464745237684,0.029369868700119917,0.13555722467057113,-0.04428789724621258,0.07433114917931584,0.16259615141036407,0.05091813215558709,0.054336847030733326,0.19243220850254938,0.14218745957994564,0.1591297591297591,0.22206107075381673,1.0,0.24055944055944053,0.2261130825177612,0.07997927997927998,0.101010101010101,0.09080313903229315,0.1445221445221445,0.012069099483470796,0.10499598563517297,0.04568764568764568,0.03713967523454318,0.07536712338390561,0.06381766381766381,0.14498458993233804,0.09007795708908031,0.078060656315839,0.14964647385299198,0.22216466817427571,0.049260573428243457,-0.030923830007004566,-0.06827246827246826,0.06547526547526547,-0.01807774987009145,-0.005438864574096282,-0.05050374247375119,0.060241899996895006,0.03496412940490467,0.1690191914788206,-0.09929812750992925,-0.025225971881760848,-0.034031752620773875,-0.053715262507979464,-0.018026418026418023,0.07557431822482356,0.059570059570059564,-0.07966847966847966,-0.06262464066745146,-0.07743907179308515,0.033306570677561036,0.07122322656554654,0.1333816788409326,-0.11183341538546544,0.12229675485182208,0.1993732356733008,0.08873119062311362,0.20248115828707014,0.16829400953560777,0.12867132867132866,0.33006993006993,0.5812333274850893,0.28769748769748765,0.24081220385689153,0.17576212806019786,0.24869849007279987,0.008753982028783538,0.2691670123793925,0.05558001607624105,0.0575483670649616,0.149542876432533,0.01414104789265033,0.0696192696192696,0.03895363895363895,0.10499598563517297,0.127269431033853,0.04972804972804972,0.24278055484561212,-0.06956566783820292,-0.00015539613068846518,-0.08375851444108273,0.002641734221703908,-0.06034549741735398,0.006164046517309119,0.013053613053613052,0.006216006216006215,-0.06205646205646204,-0.08282613765695195,0.029887855802414806,-0.0042992929490475364,0.11644651644651642,0.09007795708908031,0.09583009583009582,0.220817901708309,0.05412965218981537,-0.05304325304325303,0.05164331409879993,-0.08645204737301612,-0.062106653565156586,-0.022636036370286428
0.061899458724238625,-0.05568361349670002,-0.028541089336448104,-0.09246069775963678,-0.07402035691793891,0.03776125975729704,0.17098754246754116,0.02004610085881201,0.20558908090083944,0.1607313978421025,0.20989380989380985,0.06625055038351566,0.24055944055944053,1.0,0.6561682511460438,0.06713286713286713,0.03895363895363895,0.12208956001090415,0.11012691012691012,0.19854445630962902,0.38864572285185145,0.12286972286972285,0.2735489887219282,0.0383828442800509,-0.14617974617974616,0.0021237471194090244,0.08748802157760589,0.11773846835162712,0.2237186294811604,0.24319494452744797,0.02864468675690708,0.006992825880980933,0.06609686609686609,0.12390572390572388,0.10447799853287809,-0.04501307918942542,-0.042941130780245876,0.18404081744537226,0.2593561421190484,0.22009271976509617,0.03030224548425071,0.0044028903695065135,0.17637460833140797,-0.0196317111769761,0.07334887334887334,0.025329569302219822,0.1761201761201761,0.0839160839160839,-0.004817280051342421,0.02605475124543266,0.037450467495920105,0.02936986870011992,0.1690191914788206,-0.1418766673185687,-0.03589650618903546,0.16187096946715124,-0.020149698279270985,0.12281474195411698,0.01424464531310931,0.023310023310023305,0.07055167055167054,0.21698479715132687,0.4141932141932141,0.5986376941221974,0.4277241059219139,0.5548447255092188,0.04304472820070485,0.32055532575128576,0.08873119062311362,-0.029059076438742993,0.32058221761030364,-0.09391106164606246,0.3054131054131054,-0.04972804972804972,-0.07671388984987232,-0.14229105700040462,0.1268065268065268,0.341405299122558,0.03309937583664309,0.016523788563206798,-0.10945067471490898,0.00709642330143991,-0.0325813887343482,0.0010877729148192562,0.0008288008288008286,0.06537166537166536,0.02745402745402745,-0.04708502759860495,-0.026572738347727547,-0.04698143017814597,0.04962444962444962,0.0182849447110094,0.19404299404299402,0.04718862501906393,-0.06676853748581055,0.05418285418285418,-0.014762632415404193,0.09587941263478302,-0.0042992929490475364,0.07256999303151324
0.056980057056502706,-0.005076405083215696,0.04879564886111414,-0.03594923599746626,-0.03760683765729179,0.038953639005900036,0.2435638438906143,0.1068117069550078,0.2510230513598292,0.23320383351670476,0.3106529566687317,0.1795389797798531,0.2261130825177612,0.6561682511460438,1.0,0.057551348150568775,-0.002849076641117266,0.14099974118890946,0.030614623543641892,0.17498057521533286,0.41232841288160144,0.026159703704803985,0.18544418569298154,0.0017612017635646293,-0.10997435834712646,0.036674436723639924,0.0771820772856264,0.10764050778492058,0.24283864316444062,0.17902097926115762,0.048692048757375046,-0.045894845956419454,-0.04201093010811095,0.0516459892944348,0.023206423237557467,0.05262885269946068,0.010567210581387775,0.10805490819987695,0.16731416753863976,0.2062678065445398,0.007873607884171283,-0.03543123547877077,0.1244237245906541,0.0422688423255511,-0.011862519105742798,0.03356643361146705,0.09733481833926078,0.07091610766708249,0.10567210581387775,0.10546490560639955,0.0845376846511022,0.07220927230614979,0.21869981899323132,-0.08225848236884209,-0.049520849587287814,0.19580419606689115,0.03512043516755349,0.149184149384298,0.15508935529742646,0.13753269967575166,0.20052319414118067,0.21279461308010283,0.433215053630249,0.5877233885118907,0.4435350186489846,0.7465810194778283,0.10173530187179211,0.20219131252411696,0.04786324792746227,-0.02817922821703407,0.3158767163005032,-0.09748769761848919,0.24413996744701225,0.02574529255700511,0.005594405601911176,-0.060709660791110155,0.14965422574886875,0.34374514420631996,-0.00372960373460745,-0.012121212137474214,-0.1698005700283781,-0.003315203319651067,0.017094017116950813,-0.034188034233901626,-0.03517314616942952,0.022222797800714674,0.08966821210498159,-0.06692566701545591,0.0548044548779817,-0.09583009595866365,-0.03475873502163064,-0.00031080031121728753,0.18011344511208605,0.06682206691171681,-0.003315203319651067,0.06977647701063559,0.03221963226285881,0.07314167323980166,0.05977725985745829,0.14390054409360412
0.29261091408637996,0.4723524385827047,0.38595218991991803,0.36626868003271246,0.43412499043334224,0.3952759577612259,0.3797363446923794,0.4165134289553162,0.3801507343742153,0.2436093342092839,0.21869981869981867,0.21076895192378828,0.07997927997927998,0.06713286713286713,0.057551348150568775,1.0,0.3245791245791245,0.5378260083127779,0.3471639471639471,0.36668306971454834,0.24371293162974292,0.05262885262885262,0.30120949998447505,0.05381885992843844,0.22077182077182075,0.11307658443097317,-0.026883530609104478,0.0584807438490924,0.32949159576977566,0.07308798013380813,-0.012069099483470796,0.30193468192768785,0.26832426832426826,0.37648277648277645,0.17399186766085153,0.2839087307678259,0.19989122277559573,0.18766672716143645,-0.10499598563517297,0.09619020489615994,0.14788531770518937,0.1517184222621715,0.22838051340181434,-0.12550827488605037,-0.15001295001294998,-0.2635000389374075,-0.09738409738409737,-0.003004403004403004,0.3858485924994591,0.15016446095528685,0.412783921818793,0.5190748752097032,0.4894460129584358,0.33518945389501936,0.4652042165710352,0.3615031986915995,0.4979410014360719,0.3962083345453567,0.1476781228642714,0.11717171717171716,0.14068894068894067,-0.038900831382345784,0.003004403004403004,-0.010100748494750237,0.05672252585497102,0.0012950348368714847,0.37238092783979204,0.08640696240354634,0.17513143928590028,0.475356763776015,0.3004843180412622,0.09246069775963679,0.101010101010101,0.15861175861175858,0.3029706561322776,0.12602626198834524,0.27319347319347315,0.17989692062701318,-0.08220455313419808,0.2736525861423872,-0.18683794779776464,0.11193701280592441,-0.16819041211514882,-0.03050944032516866,-0.27940947940947936,-0.00549080549080549,0.06879046879046878,-0.17285229603580277,0.3340498822699707,-0.1370075885569968,0.17435897435897432,0.1815544793543568,-0.04185444185444185,0.09784776362350359,0.0668721349062695,-0.15426055426055424,-0.256662609187115,-0.05350806766706151,0.37289891494208693,0.18300484324078248
0.15068244805758174,0.00419569552858856,0.15834865717154603,0.021496464745237684,0.10789671340802431,0.20641786026451125,0.029473466120578894,0.07288078529289017,0.14032270601168406,0.14840330480748423,0.1268065268065268,0.18000051804747216,0.101010101010101,0.03895363895363895,-0.002849076641117266,0.3245791245791245,1.0,0.3659578877713355,0.5306397306397306,0.12167517032906824,0.13545362725011215,0.18461538461538457,0.33570744099731425,0.17202351667213095,0.09127169127169125,0.19170702655933655,-0.13358887368185057,0.06884048589499007,0.1990624434119239,0.04615265081447416,-0.00450648778996549,0.13711118597745578,0.13664853664853663,0.4747992747992747,0.34202688364531186,0.06676853748581055,0.026883530609104478,0.020460490540647917,-0.1066535443625166,-0.009789956233373306,0.1124549999082193,0.0312346222683815,0.1909818446161237,-0.05236849604201277,-0.1038073038073038,-0.16352852819449487,-0.06547526547526547,-0.0015540015540015538,0.08396570928200069,-0.010929527858422052,0.13234570463634282,0.1240579109996247,0.11991401418126563,0.08313692991832887,0.17067675020616427,0.16746523017193599,0.10458159595333706,0.08220455313419808,0.10064489397589596,0.0404040404040404,0.1355089355089355,-0.016730983404124752,-0.019476819476819476,-0.04801740438273574,-0.021911989439865515,-0.08490248390529452,0.048846183746407555,0.1661831746945903,0.15399756551226898,0.2622568698918997,0.12001761160172461,0.05205770378063583,0.2597254597254597,-0.06433566433566433,0.22775892887906046,0.07795705889538003,0.10401450401450399,0.19554013111631868,-0.12509388520421447,0.10592836241930377,0.005853254255932189,0.0025381368012449314,-0.14892129190977912,-0.03341016809802001,-0.19383579383579383,-0.0895104895104895,-0.04900284900284899,-0.10012690687360107,0.0571339773831257,-0.11214420764684237,0.031287231287231286,0.00999715107429126,-0.08339808339808338,0.05412965218981537,0.03278858357526615,-0.17705257705257704,-0.21097614676470622,-0.047706612121358814,0.07174121366784142,-0.060241899996895006
0.28322801201698955,0.24769501709313163,0.4169688179840464,0.10960323215580647,0.2747332435512276,0.3427949860147104,0.3664145861390241,0.4185227390448565,0.3842328809696467,0.2970061120895058,0.2810080029949745,0.24427639075934943,0.09080313903229315,0.12208956001090415,0.14099974118890946,0.5378260083127779,0.3659578877713355,1.0,0.4270803658421318,0.46089298663627887,0.3329534859629131,-0.06521457617892588,0.4264995338236817,-0.06308919506889049,0.17513143928590025,0.08235781622293588,-0.12151662695535066,-0.010670257950896093,0.29400186470527295,-0.028384958044131357,0.027763389619807313,0.1707241272143375,0.07578151306574152,0.4381652898312423,0.10400911633689007,0.22459339065575468,0.04081632653061224,0.028799336993680716,-0.2267688801408888,0.03915881073241479,0.07293069512068787,0.07334507407023723,0.16450844297109704,-0.14700093235263648,-0.19181062397979554,-0.34424531233813316,-0.21522364100352429,-0.026987128029563455,0.360302496633171,0.08225422148554852,0.3609240650574951,0.346006422873718,0.4009116336890086,0.13021858489588728,0.3370972754584067,0.3881694809903657,0.4554024655547498,0.36403190717911527,0.1857453641355019,0.1596954236375127,0.2272409417767656,0.018129079042784626,0.09494703585065223,0.07717807935356884,0.10629370643631234,0.07003367012762877,0.34869988604578883,0.21658162669955883,0.12255257432922406,0.6012638557961255,0.39065575468766184,-0.013363721122966953,0.24423091873203776,0.056615990280830815,0.3096446700507614,0.09841500051797368,0.23770428124312223,0.18004765357919816,-0.16544079560758312,0.1457577955039884,-0.29224075416968814,0.03056044752926551,-0.2147518906039573,-0.08639801098104216,-0.41796379284174184,-0.1423946544208636,-0.06562896586076179,-0.28115611726924267,0.29296591733139954,-0.31534238060706515,0.024397192518089035,0.03397907386304775,-0.1607313978421025,0.05045063710763493,0.03387547912566041,-0.19854445630962902,-0.3332642701750751,-0.052626126592769086,0.4345799233398943,0.14389309023101624
0.21625961520811404,0.01994250343835303,0.1387687447047994,0.009893553653832283,0.09981611461222414,0.1344176530455224,0.1276838207156889,0.07847504599767491,0.10893268761261408,0.03568931134811751,0.03201243201243201,-0.03195980421159434,0.1445221445221445,0.11012691012691012,0.030614623543641892,0.3471639471639471,0.5306397306397306,0.4270803658421318,1.0,0.2410193986978095,0.07857864341813389,0.20626780626780625,0.43754370530848846,0.05278288572384868,0.03439523439523439,0.048846183746407555,-0.21304809517388576,-0.020771282802024844,0.07464194144069278,0.051021729576046074,-0.12840900265890173,0.15948822879659477,0.18036778036778034,0.622015022015022,0.36119240643022255,0.024707984779465963,-0.048846183746407555,0.032995778416184104,-0.04314832562116384,0.006785631040062979,0.21460205648077044,0.016627385983665772,0.15772707264879215,-0.16187096946715124,-0.06858326858326858,-0.18901349362740313,0.008391608391608392,0.0836052836052836,0.05982751031505909,-0.014037450472191354,0.1816580767748158,0.1384579524434225,0.17813576447921056,-0.008961176869701493,0.15897024169429988,0.10996866181720386,0.1735774779790156,0.0843800989638366,-0.02833389449553015,-0.06433566433566433,0.02621082621082621,0.007510812983275816,0.033462833462833456,0.03972961074601759,0.01165531353184336,-0.03279028206958599,0.1066535443625166,0.30832988023135954,0.25189712784600204,0.38263707246523077,0.1562767087623665,0.11722048124933224,0.31318311318311315,-0.1334369334369334,0.05475123671256923,-0.03537851908674058,0.026728826728826725,0.12436870326100162,-0.1303773536476223,0.15461915003502286,-0.0665613426448926,0.09090673645275213,-0.18455880454766715,0.08541607316842637,-0.25620305620305617,0.02538202538202538,-0.11727531727531726,-0.03206340163205332,0.07609230532711844,-0.1652896843422975,0.058326858326858314,0.08448369638429556,-0.12297332297332295,0.08386211186154172,-0.003056123903539815,-0.23931623931623927,-0.2115977312874601,0.06904768073590803,0.08810960610035976,-0.019217321495140195
