0,1,2,3,4,5,6,7,8,9,10,11,12,13,14,15,16,17,18,19,20,21,22,23,24,25,26,27,28,29,30,31,32,33,34,35,36,37,38,39,40,41,42,43,44,45,46,47,48,49,50,51,52,53,54,55,56,57,58,59,60,61,62,63,64,65,66,67,68,69,70,71,72,73,74,75,76,77,78,79,80,81,82,83,84,85,86,87,88,89,90,91,92,93,94,95,96,97,98,99
1.0,0.11934113747021649,0.20418522739044856,0.0031078421216202213,0.026313063296384543,0.08707363189577,0.1432715218066922,0.10887806899409509,0.14488099251187903,-0.15363099554542628,-0.08784833730446492,-0.13778100072516317,-0.131047342794986,-0.17927533610425933,0.02553808705163418,0.20822542214855486,-0.12659276908733036,-0.014606857971615041,-0.06459299165617204,-0.00435097897026831,-0.0173003211436859,-0.04993266342069822,-0.08349735833419661,-0.18937117994405883,0.05594115818916398,-0.05609800317853593,-0.03149280016575158,-0.032632342277012324,0.03201077385268828,-0.04428789724621258,0.11846365029483996,0.2984123696320827,0.19683000103594736,-0.08515487413239407,0.03211436859007562,0.05480161607790324,-0.08577644255671811,0.2221071169584585,0.04972547394592354,-0.052004558168445035,0.03439345281259712,-0.04760301470089984,0.07717807935356884,-0.02455195276079975,0.15756759556614525,0.23091266963638246,0.011913394799544182,0.11851237957111779,0.23407837152705804,0.013985289547290995,0.17424634828550709,0.16191857453641353,0.17196726406298557,0.08681238993059152,0.08152905832383714,0.2259401222417901,0.14099243758417074,0.09054180047653579,-0.09706826893193825,0.03470423702475914,-0.01642019114274782,-0.1977156769459572,-0.08049311094996374,0.032321558064850306,0.020979564413614284,-0.1434787112814669,0.026209468558997202,0.07215560334967734,0.10929244794364446,0.102765979488242,0.060810110846368996,-0.02330881591215166,-0.07065161089816638,-0.0618460582202424,-0.020718947477468143,-0.033771884388273075,0.0006215684243240443,-0.16751269035532992,0.12783590593597843,0.1504195586864187,0.10514865844815083,0.04879312130943748,0.055115255189198985,-0.11105355847922925,0.19548326944991193,0.11157153216616594,-0.09592872682067749,0.007666010566663214,0.10603195983976274,-0.04641044234952864,0.006940847404951828,-0.1551849166062364,-0.12597120066300632,-0.04516730550088056,0.0943748057598674,0.028074173831969335,0.13135812700714802,0.15404537449497566,0.16042060558072557,0.10307676370040401
0.11934113747021649,1.0,0.43364757070340826,0.4486688076245727,0.6392831244172795,0.30141669482539296,0.07396664249456127,0.3147208121827411,0.2628784544146536,-0.13425877965399358,0.06246762664456645,-0.07137677405987776,-0.14959080078732,0.017663360188255543,0.08024035870787291,0.23878586967782034,-0.11861597430850512,0.09116336890085983,-0.03050944032516866,0.14016367968507198,0.06194965295762975,-0.22407541696881797,-0.12938982699678855,-0.12400290065264684,0.049829068683310884,-0.061899458724238625,-0.02890293173106806,-0.05904900031078421,0.07645291619185746,-0.03879723396188681,-0.140633498273061,0.03423894746169183,-0.05086501605718429,-0.048378742359888115,-0.12731793224904173,0.3012534963223868,-0.07904278462654096,-0.09230291101212058,-0.12545322697606962,-0.13684864808867708,-0.15528851134362373,-0.15347957840997412,-0.14959080078732,-0.15021236921164405,-0.09219931627473324,-0.12037708484408992,-0.19206464311612967,-0.09251010048689526,0.15917743653521785,-0.08681238993059152,0.06681860561483477,0.3897234020511758,0.12296695327877344,0.510825650056977,0.38868745467730237,0.20698228529990675,0.2823992541178908,0.3340930280741738,-0.03211436859007562,-0.0379156738837667,-0.10416720627150115,-0.2137732771170986,-0.02797057909458199,0.06453952139231327,0.08065476985678381,0.05324769501709313,0.03936600020718947,0.04169796173473816,0.07272350564591319,0.369108049311095,0.22583652750440275,-0.17279602196208432,0.07427742670672328,0.016782347456749197,0.05065782658240961,-0.11944473220760385,0.06288200559411582,-0.006630063192789806,0.048378742359888115,0.026623847508546565,0.036879726509893296,0.10421630581166477,0.01968401971042821,-0.08712317414275354,0.04371697917745778,-0.007458821091888531,0.012742152698642907,-0.07572775303014606,0.1378363679206686,0.009219931627473324,-0.01719672640629856,-0.15943230083911736,-0.03056044752926551,-0.18657412203460064,-0.23163783279809383,-0.15932870610173003,-0.13042577437066197,0.06878690562519424,0.006889228460521956,-0.010981042163058116
0.20418522739044856,0.43364757070340826,1.0,0.20656790635035738,0.42556718118719566,0.6857631247281969,0.1399564902102973,0.3432093649642598,0.5986376941221974,-0.051486584481508335,0.1628509271728996,0.016989536931523875,-0.14182119548326944,0.14519178477325595,0.23574814233668792,0.006422873718015125,-0.18792085362063604,-0.061224489795918366,-0.016938178245042703,0.14669014814047446,0.15073034289858073,-0.3915881073241479,-0.13135812700714802,-0.11167512690355329,0.045996063399979276,-0.0611742767810258,-0.05034704237024759,0.022480058013052934,0.1434787112814669,0.04770661212135881,-0.09059594419137519,0.0687368884745311,-0.13425877965399358,-0.30684761214130324,-0.2846783383404123,0.29638454366518174,-0.05428364239096654,-0.07375945301978659,-0.13446596912876824,-0.1350875375530923,-0.18833523257018542,-0.17730698511553877,-0.31420283849580444,-0.0809074898995131,-0.24893815394177973,-0.06723298456438412,-0.2887185330985185,-0.14565420076660104,0.34534200109999913,-0.10742774267067232,0.07293069512068787,0.6235367243344038,0.14855485341344657,0.41334300217548947,0.6210504506371076,0.5251217238164301,0.36993680721019373,0.5144514658655339,-0.15508132186884904,0.12648917434994303,-0.10675714178297559,-0.17015876310386938,0.014814047446389724,0.2521495908007873,0.22569867197559862,0.1291826375220139,-0.09354604786076866,0.32151459439443447,0.17870092199316273,0.31534238060706515,0.4101315653164819,-0.27400808038951624,-0.011188231637832797,-0.15404537449497566,-0.009116336890085983,-0.17984046410442348,0.26230187506474667,0.035740184398632545,-0.10856728478193307,-0.07396664249456127,0.07634932145447011,-0.06992644773645498,-0.1469049471020379,-0.10504506371076348,0.12338133222832279,-0.08795193204185227,-0.06298560033150316,-0.03625815808556925,0.10768951856710637,-0.15539210608101106,-0.08774474256707758,-0.22355744328188126,-0.09572153734590282,-0.22335025380710657,-0.26178390137781,-0.09520356365896612,-0.11892675852066714,-0.03491142649953382,0.05050374247375119,0.0015539210608101106
0.0031078421216202213,0.4486688076245727,0.20656790635035738,1.0,0.46400082875789905,0.11763487093116815,-0.029835284367554123,0.16906661141614004,0.01258708658576568,-0.13115093753237334,0.03615456334818191,-0.07261991090852585,-0.1004868952657205,0.12934137944303253,0.11888419834381428,0.23339894333367864,-0.1633689008598363,0.13425877965399358,-0.005646059415014235,0.06391795296798922,0.01802548430539728,-0.172692427224697,-0.10577022687247487,-0.19921267999585618,0.055837563451776644,-0.07640309758849538,-0.10867087951932042,-0.07127317932249042,-0.06982285299906764,-0.14757452544381242,-0.01838854213146838,-0.0070964233014399105,-0.08546565834455609,-0.11343623743913808,-0.11633689008598362,0.11789081114679373,-0.17766497461928935,-0.14741531130218583,-0.17393556407334507,-0.2000414378949549,-0.23008391173728374,-0.1388723421252584,-0.23060188542422044,-0.12638557961255567,-0.04330260022790842,-0.05863462136123484,-0.21692738008909146,-0.1231741427535481,0.09473984100973426,-0.13674505335128975,0.09064539521392313,0.18647052729721328,0.0519009634310577,0.6019890189578369,0.11809800062156842,0.0602921371594323,0.16243654822335024,0.02351600538692634,0.009530715839635344,0.025484305397285814,-0.007407215562816841,-0.21895314814004746,-0.029420905418004763,0.0463068476121413,0.1980367277857961,0.19185745364135498,0.04558168445042991,0.09473984100973426,0.029835284367554123,0.2362995959805242,0.17548948513415516,-0.21257640111882317,-0.07966435305086501,-0.1015228426395939,0.1911322904796436,-0.05272972133015642,0.05604475292655133,-0.06961566352429296,0.031389205428364236,0.030767637004040192,0.1717600745882109,0.08080389516212576,-0.0323232323665979,-0.16647674298145654,0.0039366000207189476,-0.07914637936392831,-0.1366414586139024,-0.18988915363099554,0.009789956233373306,-0.04444214233916917,-0.05304050554231845,-0.17766497461928935,-0.12586760592561896,-0.24210090127421527,-0.24821299078006834,-0.22500776960530405,-0.18367346938775508,-0.03439345281259712,-0.08759161899806488,-0.10732414793328499
0.026313063296384543,0.6392831244172795,0.42556718118719566,0.46400082875789905,1.0,0.37725000660136393,-0.01015228426395939,0.22915155910079768,0.27717489843799237,-0.06464311612970061,0.12545322697606962,-0.07489899513104734,-0.22500776960530405,0.038175649439132944,0.08614571757985322,0.13332642701750752,-0.19941986947063087,0.04661763182430332,-0.09515423069157018,0.13726302703822646,0.04371697917745778,-0.27815186988500984,-0.17372837459857038,-0.09043820573914844,-0.008391173728374599,-0.10147367333956776,-0.05231534238060706,-0.013260126385579612,0.1071169584585103,-0.10095568623727287,-0.1623889565694461,0.008132397506029678,-0.11778721640940638,-0.12172381643012532,-0.17849373251838804,0.28923650678545526,-0.044856521288718525,-0.1648192271832591,-0.15508132186884904,-0.1198591111571532,-0.16254014296073757,-0.20797182157139588,-0.28944369626023,-0.0602921371594323,-0.11913394799544183,-0.08556925308194342,-0.25297834869988606,-0.11778721640940638,0.19916604083238287,-0.055319589764839944,0.006112089505853102,0.3240443385476018,0.13042577437066197,0.5427328291722779,0.48316585517455707,0.2409613591629545,0.28550709623951104,0.4032943126489174,-0.061535274008080385,-0.00020718947477468144,-0.15389396809181002,-0.2137732771170986,-0.0401947581062882,0.045063710763493206,0.11598332030143797,0.10981042163058115,0.06422873718015124,0.04480588434850746,0.06215684243240443,0.3531544597534445,0.2879933699368072,-0.21133326427017504,0.029110121205842745,0.028384958044131357,0.03387547912566041,-0.16378327980938567,0.08360095307158395,0.02320522117476432,-0.01875064746710867,0.05645913187610069,-0.002486273697296177,0.07914637936392831,0.0008288008299127666,-0.10121205842743188,0.027763389619807313,-0.02051175800269346,0.05480161607790324,-0.03201077385268828,0.17886094642242342,0.026623847508546565,0.0602921371594323,-0.15901792188956798,0.00859836320314928,-0.22013881694809903,-0.27079664353050864,-0.09116336890085983,-0.10162643737698124,0.03480783176214648,0.03610370102995341,0.042888221278359055
0.08707363189577,0.30141669482539296,0.6857631247281969,0.11763487093116815,0.37725000660136393,1.0,0.049260573428243457,0.14705653834151755,0.6116550116550116,0.03620729845041239,0.19522933885494176,0.05599440575807695,-0.10116288107819084,0.1096089096089096,0.19063406573444275,-0.10986506439674489,-0.21460205648077044,-0.18600916843409282,-0.11903651903651903,0.021703659586155638,0.043666312723458715,-0.32679806283784224,-0.17937893352471831,-0.03786485717775601,0.024293595097630058,0.009634809634809633,0.030095050643332753,0.11970681934034767,0.13307088657955568,-0.015022015022015018,-0.10007770007770006,0.05066045066045065,-0.14798891512564832,-0.2560410246643611,-0.29468286249555947,0.3087721116779803,-0.03247779131388922,-0.14011551117076612,-0.13566082209103011,-0.06977286267912086,-0.12146797548815029,-0.08785288785288783,-0.2770713010175334,0.07640309758849538,-0.1576234752283332,-0.08489808606613149,-0.23687550187945042,-0.12146797548815029,0.42672882672882667,-0.023361218313499264,0.03972961074601759,0.5096475099479363,0.15783067006925114,0.2963404212229031,0.7120768695247769,0.6620393154430911,0.25624821950527904,0.5187640829483263,-0.16808681469468983,0.14021910859122508,-0.1185185185185185,-0.07997927997927998,-0.027815907393235268,0.14073709569351994,0.18503937032701887,0.12302193679503494,0.014969827256322147,0.24408184408184402,0.061588666462861694,0.22475460368575015,0.4238688458079035,-0.18890989620694418,-0.04304472820070485,-0.043666312723458715,-0.11753127351070916,-0.13918313438663532,0.27644971649477956,0.12032840386310154,-0.04615265081447416,-0.017041775665501684,-0.023775607995335173,-0.11494133799923474,-0.09401952915686977,-0.06666494006535156,0.0151770220972401,-0.04387350756437667,0.0847944886456725,0.10064489397589596,0.2172494172494172,-0.04563466371217927,0.030923830007004566,-0.14249825184132256,-0.014555437574486237,-0.13441765304552236,-0.1949185465935648,0.064696589076631,-0.06821890137223621,-0.05609800317853593,0.16607096607096605,0.1303773536476223
0.1432715218066922,0.07396664249456127,0.1399564902102973,-0.029835284367554123,-0.01015228426395939,0.049260573428243457,1.0,0.3369936807210194,0.21221931581021394,0.154459753444525,-0.026727442245933906,0.06650782140267275,0.014814047446389724,-0.0633498226106643,-0.07278095802747672,0.26955350668186057,0.10753133740805966,0.16999896405262613,0.10033410171451902,0.2629234434890707,0.2437584170724127,-0.13653786387651506,0.19185745364135498,0.26561690666114157,0.0006215684243240443,0.06718292716764644,-0.04703201077385268,-0.17580026934631718,0.16357609033461099,0.10903628503307307,0.030613037745627642,0.15244360420538436,0.02196208432611623,-0.14586139024137573,-0.1127110742774267,0.07303428985807521,0.1549777271314617,0.044338547601781825,-0.10338754791256603,0.294623433129597,0.011809800062156843,0.08779881383898283,-0.03221796332746296,-0.09520356365896612,-0.11882316378327981,-0.09665388998238889,-0.13042577437066197,-0.12037708484408992,0.0028489290626218617,0.04029835284367554,-0.07210193722158913,0.11219310059049,0.2794986014710452,-0.015539210608101107,0.07593494250492074,0.03843364757070341,0.19403294312648917,0.14979799026209467,0.01895783694188335,-0.13954211126074795,-0.12706223619293502,0.010722333017504098,-0.014399668496840358,0.029628094892779448,-0.10696987781262593,-0.16399046928416033,-0.17911530094271208,-0.0843800989638366,0.2849891225525743,0.15787837977830727,0.19589764839946128,-0.17289961669947165,0.1386097586242619,-0.11633689008598362,-0.049311094996374184,-0.11478296902517351,-0.10545944266031285,-0.022894436962602297,-0.0801823267378017,-0.0016575157981974515,-0.012534963223868227,0.0920957215373459,-0.17114737137698632,-0.05676991608826271,0.06951206878690562,-0.17683621672019062,-0.11747643219724437,-0.1437894954936289,-0.05392245734889742,-0.2739044856521289,0.07924997410131565,-0.05013985289547291,0.07686729514140682,0.05822024241168549,-0.15197347974722883,-0.1132290479643634,-0.09282088469905728,-0.1455506060292137,0.07816425373629798,0.021236921164404846
0.10887806899409509,0.3147208121827411,0.3432093649642598,0.16906661141614004,0.22915155910079768,0.14705653834151755,0.3369936807210194,1.0,0.30369583807549044,-0.0819434372733865,0.01719672640629856,-0.02154770537656687,-0.08297938464725992,0.10116288107819084,0.1693387557237163,0.2826064435926655,0.05013985289547291,0.3805034704237025,0.3199606330875498,0.5266756448772402,0.4192479022065679,-0.20366725370351182,0.12845747436030247,-0.10981042163058115,0.029628094892779448,-0.08686643705485203,-0.052004558168445035,-0.20397803791567384,0.16419765875893502,0.18062210257022604,-0.09225350291871884,0.07598870790665947,-0.05594115818916398,-0.21568424324044336,-0.035429400186470526,0.12628198487516834,-0.0312856106909769,-0.10007251631617113,-0.25069926447736457,-0.1516626955350668,-0.38765150730342895,-0.18176167419527478,-0.2510100486895266,-0.32497669118408784,-0.25639697503366826,-0.10908525846886977,-0.369108049311095,-0.31140578058634616,-0.06987646009957983,-0.2926551331192375,0.005594115818916398,0.39417797575883146,0.03273593701439967,0.3281881280430954,0.2267688801408888,0.048585931834662796,0.5680099450947892,0.3333678649124624,0.01875064746710867,-0.05397285817880451,0.06376421229250022,-0.16891559405836165,0.0765565109292448,0.21485548534134463,0.03828122988064434,0.01129182637522014,-0.3330570807003004,0.14788531770518937,0.44328188128043094,0.48606650782140265,0.24106495390034186,-0.3440381228633585,0.1651300113954211,-0.364549880866052,0.18937117994405883,-0.11146793742877861,0.0692012845747436,-0.09644670050761421,-0.14461825339272763,-0.2254221485548534,0.10390552159950273,0.010463068476121412,-0.08060088070901657,0.025277115922511133,0.2327773749093546,-0.2485237749922304,-0.2884077488863565,-0.26934631720708585,-0.16031700816026656,-0.45685279187817257,-0.19714078524810938,-0.14834766393867188,-0.1653372008701958,-0.14689733761524915,-0.24893815394177973,-0.29451983839220963,-0.2714182119548327,-0.14969439552470734,-0.20424231443487273,-0.24686625919403293
0.14488099251187903,0.2628784544146536,0.5986376941221974,0.01258708658576568,0.27717489843799237,0.6116550116550116,0.21221931581021394,0.30369583807549044,1.0,0.011033125278881029,0.09484343843019324,-0.04946776826916142,-0.09069954161183418,0.09085729085729084,0.19508910096628027,-0.019320918915599172,-0.12840900265890173,-0.09515423069157018,-0.03118363118363118,0.09722617910074971,0.16446090497862564,-0.3163347233714856,-0.04843179406457165,-0.04304472820070485,-0.060759887099189884,-0.054700854700854694,0.024293595097630058,0.0029525264830808384,0.1723343089335079,0.09396529396529395,-0.08640248640248639,0.047552447552447544,-0.0910103338732111,-0.21978192750371925,-0.26743674091484854,0.3007951103026391,0.000258993551147442,-0.058895133530928304,-0.12975576912486841,-0.06065628967873091,-0.10820750566940125,-0.09437969437969437,-0.23521794315210678,-0.004610085210424467,-0.13058454848854023,-0.09411825648698041,-0.2079718215713959,-0.10458159595333706,0.3521367521367521,-0.007821605244652748,0.07909663052042877,0.5947009921447562,0.265571987346587,0.22206107075381676,0.591385874690069,0.5474605684154628,0.38750615122680265,0.6114837742591105,-0.1958509233776956,0.14011551117076612,-0.07894327894327893,-0.06267806267806267,0.03817564943913295,0.23324959216338623,0.14929548300181086,0.054336847030733326,-0.04604905339401518,0.268013468013468,0.2160524203671961,0.2580093756530817,0.4183781825235777,-0.24785682844810195,0.023982802836253127,-0.11017585665812181,-0.09867654298717539,-0.2373934889817453,0.22164668107198085,0.0678045116904003,-0.07598870790665949,-0.05164331409879993,-0.016523788563206798,-0.10188806302140367,-0.18166748691633186,-0.0919427106573419,0.024811582199924943,-0.0665613426448926,0.011447514960716935,0.018802931813304287,0.1794353794353794,-0.14985366869390992,-0.004920877471801397,-0.2346999560498119,-0.05330087282614356,-0.1789645438428824,-0.24951438717544558,-0.008961176869701493,-0.08137577377052627,-0.10157727076002675,0.15653975653975652,0.10064489397589596
-0.15363099554542628,-0.13425877965399358,-0.051486584481508335,-0.13115093753237334,-0.06464311612970061,0.03620729845041239,0.154459753444525,-0.0819434372733865,0.011033125278881029,1.0,0.2689319382575365,0.4651403708691599,0.11923754273282916,-0.04532387145080235,-0.16281178012836964,0.02196208432611623,0.13197969543147206,-0.09478918470941676,-0.025018777040842894,-0.07914637936392831,-0.03822645809592873,0.007873200041437895,0.08681238993059152,0.576193929348389,0.15083393763596809,0.11898163739713485,-0.14751890603957318,0.07407023723194861,0.030974826478814874,-0.003677708426293676,-0.12685504135201706,-0.022739633790745405,-0.10628820055941159,-0.08183984253599916,-0.10442349528643945,-0.12856106909768983,0.13923132704858593,0.01574640008287579,0.025484305397285814,0.5016057184295037,0.06526468455402465,0.02450078993854801,0.005697710556303739,0.011499015849994819,-0.1878172588832487,-0.12255257432922406,-0.010670257950896093,-0.1551849166062364,-0.08303333249786989,0.05708070030042474,-0.04516730550088056,-0.11820159535895577,0.03087123174142753,-0.17693981145757795,0.012120584274318863,-0.019786594840982077,-0.088780689940951,-0.0379156738837667,0.07241272143375116,0.05832383714907282,-0.04190515657565611,0.22952008502686308,-0.04423495286439449,-0.03563658966124521,-0.11339325062074486,-0.09354604786076866,-0.12462446907697088,-0.08873119062311362,-0.000725163161711385,-0.16823785351704132,-0.08235781622293588,0.07987154252563969,0.020926136952242824,0.0030042473842328806,-0.07168755827203978,0.06526468455402465,-0.16761628509271728,0.09126696363824717,-0.1137470216513001,0.07438102144411064,-0.030767637004040192,-0.07510618460582202,-0.12846412863647882,-0.028799336993680716,-0.08940225836527503,-0.1010048689526572,-0.025484305397285814,0.12534963223868228,-0.14270544668224053,-0.04309541075313374,0.38506163886874545,0.298560033150316,0.40692012845747433,0.18667771677198797,0.0674401740391588,0.10411271107427743,-0.013674505335128975,-0.11281466901481405,0.006371241358227073,-0.05480161607790324
-0.08784833730446492,0.06246762664456645,0.1628509271728996,0.03615456334818191,0.12545322697606962,0.19522933885494176,-0.026727442245933906,0.01719672640629856,0.09484343843019324,0.2689319382575365,1.0,0.3715943230083912,0.10856728478193307,0.13213850979542488,0.09578077679203163,-0.1811871956904589,0.1443074691805656,-0.07728167409095617,-0.06842609621315418,0.04734279498601471,-0.013881694809903656,-0.07697088987879415,0.029110121205842745,0.17932249041748677,0.29804205946337925,0.16798321727423085,-0.06578265824096136,0.24696985393142024,0.16658033771884387,0.09380746422560347,-0.22910569534502717,-0.11214420764684237,-0.3042577437066197,-0.15943230083911736,-0.08712317414275354,0.15870713767740596,0.07282710038330052,-0.27007148036879725,-0.17580026934631718,0.07386304775717392,-0.18885320625712212,-0.09587941263478302,-0.2589868434683518,-0.007666010566663214,-0.1603646534756034,-0.1794260851548741,-0.18771366414586135,-0.20770744846161812,0.030613037745627642,-0.15580648503056044,0.03221796332746296,0.07127317932249042,-0.006112089505853102,0.02869574225629338,0.19993784315756757,0.14088884284678338,-0.04081632653061224,0.039469594944576816,0.13115093753237334,0.2366103801926862,0.036310895870871364,0.11680609156749631,-0.05324769501709313,0.012327773749093546,0.20798259535965766,0.21361234849269656,-0.15891432715218065,0.035482116507199554,-0.07893918988915363,-0.021236921164404846,0.08971304257743705,-0.007873200041437895,0.06412514244276389,-0.08556925308194342,-0.09810421630581166,0.149280016575158,0.21516626955350665,0.17383196933595774,-0.14099243758417074,-0.11799440588418107,-0.08411892675852066,-0.11229669532787734,-0.05490805498172079,0.004040194758106288,-0.039780379156738835,-0.1452398218170517,0.05335128975448047,0.10452709002382679,-0.03496412940490467,-0.058116647674298146,0.10566663213508752,0.2157878379778307,0.1644048482337097,0.05480161607790324,-0.11436859007562415,0.04060913705583756,-0.22780482751476222,-0.12286335854138608,-0.09173551581642395,-0.10773852688283433
-0.13778100072516317,-0.07137677405987776,0.016989536931523875,-0.07261991090852585,-0.07489899513104734,0.05599440575807695,0.06650782140267275,-0.02154770537656687,-0.04946776826916142,0.4651403708691599,0.3715943230083912,1.0,0.21899927483683826,-0.005646059415014235,-0.03983527168906022,0.02455195276079975,0.24790220656790632,-0.06112089505853102,-0.04677423533722802,-0.044856521288718525,-0.026727442245933906,0.1366414586139024,-0.0173003211436859,0.37801719672640627,0.2599191961048379,0.25977053180088433,-0.045478089713042576,0.20449601160261058,0.06609344245312337,0.05091813215558709,-0.1383543550229635,-0.07256999303151325,-0.1867813115093753,-0.10121205842743188,0.04920750025898684,-0.01864705272972133,0.07697088987879415,-0.1799440588418108,-0.14451465865534027,0.26199109085258465,-0.14202838495804412,0.05526922381486411,-0.04081632653061224,0.004765357919817672,-0.16264373769812493,-0.19144307469180563,-0.09323526364860664,-0.25784730135709105,-0.1173240786697912,-0.20035222210711695,-0.055837563451776644,-0.1083600953071584,-0.08235781622293588,-0.10411271107427743,-0.0016575157981974515,-0.03501502123692116,-0.08867709520356365,-0.08277219517248524,0.1941365378638765,0.08784833730446492,0.11411255863556292,0.19761207952549822,-0.08909147415311301,-0.07489899513104734,-0.056929731581634814,-0.001035947373873407,-0.20242411685486375,-0.06998005752003882,-0.09862218999274837,-0.12483165855174556,-0.07831762146482958,0.08888428467833834,-0.001139542111260748,-0.04723920024862737,-0.0943748057598674,0.26862115404537446,0.02455195276079975,0.1531130218584896,-0.0173003211436859,-0.04879312130943748,-0.045996063399979276,-0.11478296902517351,-0.01440041441973432,0.002382678959908836,-0.008909147415311302,-0.12679995856210505,-0.002589868434683518,0.12607479540039365,-0.1602134107398076,-0.07676370040401947,0.24510514865844812,0.5012949342173417,0.36268517559307983,0.33036361752822957,0.04806795814772609,0.11975551641976587,-0.14099243758417074,-0.06733657930177146,-0.13980471890938917,-0.1785973272557754
-0.131047342794986,-0.14959080078732,-0.14182119548326944,-0.1004868952657205,-0.22500776960530405,-0.10116288107819084,0.014814047446389724,-0.08297938464725992,-0.09069954161183418,0.11923754273282916,0.10856728478193307,0.21899927483683826,1.0,0.23583952767486066,0.052578414518070375,-0.02175489485134155,0.46949134983942814,-0.0117062053247695,0.1379399653411276,-0.12597120066300632,0.05977416347249559,0.2583652750440278,0.18046203252874754,0.15186988500984147,0.10628820055941159,0.2151200435830653,0.03708691598466797,0.116751269035533,-0.11053558479229254,0.12654424909064013,-0.1097614669762859,-0.019838906017894054,-0.019268621154045373,0.0892986636278877,0.060084947684657615,-0.19921267999585618,-0.04723920024862737,0.036879726509893296,0.031078421216202214,0.0969646741945509,0.016575157981974512,0.1602134107398076,0.08836631099140163,-0.02890293173106806,-0.055215995027452607,-0.19921267999585618,0.05666632135087537,-0.102765979488242,-0.1700551656834104,-0.02020097379053144,0.06733657930177146,-0.08567284781933077,-0.16243654822335024,-0.17673262198280326,-0.1432715218066922,-0.14700093235263648,-0.12172381643012532,-0.13115093753237334,0.20770744846161812,0.2483165855174557,0.4348501723765551,0.4233508587056087,0.10183362685175591,-0.006630063192789806,0.03299748773203037,0.10577022687247487,-0.09458199523464207,-0.07982181246364162,-0.03056044752926551,-0.25007769605304053,-0.1633689008598363,0.02351600538692634,0.07106598984771573,-0.06288200559411582,-0.08867709520356365,0.2589868434683518,0.07189474774681445,0.18491660623640319,-0.041230705480161604,-0.11188231637832796,-0.08442971097068269,-0.08049311094996374,-0.06682206691171681,-0.019475810628820055,-0.2644773645498808,-0.1631617113850616,0.01015228426395939,0.07272350564591319,-0.19730128726412127,-0.028177768569356675,-0.11488656376256086,0.28053454884491863,-0.02610587382160986,0.16761628509271728,-0.033253910701336375,-0.028488552781518697,-0.15269864290894022,-0.1476225007769605,-0.13244930205680183,-0.10825650056977106
-0.17927533610425933,0.017663360188255543,0.14519178477325595,0.12934137944303253,0.038175649439132944,0.1096089096089096,-0.0633498226106643,0.10116288107819084,0.09085729085729084,-0.04532387145080235,0.13213850979542488,-0.005646059415014235,0.23583952767486066,1.0,0.4491297146515268,-0.1348320427273583,0.09857294556671642,0.06894408331544905,0.3733747733747733,0.04263033851886895,0.24039781417505565,-0.07474553886115175,0.22931289018594514,-0.05392245734889742,0.04138716947336123,-0.04102564102564102,-0.07205200592921836,0.02864468675690708,0.022843231211204382,0.18544418544418542,-0.19963739963739963,-0.084019684019684,-0.11908523481759382,-0.06376421229250022,-0.14912848675069706,-0.16663645080826417,-0.02968066096149685,-0.03289218099572513,-0.004920877471801397,-0.13493564014781728,-0.13089534074991716,-0.12494172494172492,-0.21366967969663964,-0.1369039911365378,-0.23728989156128635,-0.16601486628551032,-0.11836005287438099,-0.11100463602179363,-0.049831649831649824,-0.08324052733878785,0.07671388984987232,0.22123229139014494,-0.22641216241309375,0.14073709569351994,0.06635414780397463,0.001191370335278233,0.057755561905879556,0.01735256792687861,0.015384216938158054,0.11152262312408852,0.199015799015799,0.10297850297850297,0.3165419182124036,0.4025277771933543,0.3305014509200393,0.43661132852435763,-0.09494703585065223,0.3839419839419839,0.14177306989810973,-0.09235710033917781,0.0830333324978699,-0.27292740419917433,-0.06635414780397463,-0.24184817806148134,0.15503353971685876,-0.1285126000793607,0.2914713424613312,0.14032270601168406,-0.32296495828086014,-0.1750278418654413,0.07868224083859288,-0.22817331856089637,-0.2152347898880407,-0.0741239543383979,-0.18859910394556723,-0.20600347058267535,-0.12126078064723232,-0.10789671340802433,-0.18005698005698004,-0.13980471890938917,-0.2686799099603563,-0.029266271279660944,-0.29302530376821584,-0.18176167419527478,-0.23915464512954793,-0.22071430428785005,-0.2593561421190484,-0.21366967969663964,-0.1962185962185962,-0.1745098547631464
0.02553808705163418,0.08024035870787291,0.23574814233668792,0.11888419834381428,0.08614571757985322,0.19063406573444275,-0.07278095802747672,0.1693387557237163,0.19508910096628027,-0.16281178012836964,0.09578077679203163,-0.03983527168906022,0.052578414518070375,0.4491297146515268,1.0,-0.08656012872876412,-0.04066409398688201,0.06894765490005089,0.1267094904310997,0.08614571757985322,0.31334662997025386,-0.08096557821846698,0.10831671404658635,-0.16913155014926085,0.033722707242624446,0.003729796938282575,0.027402937221733228,0.14696055368252772,0.2783288878872828,0.2645047662065393,-0.1073352674461319,0.02393286368731319,-0.10210054681292285,-0.11121759208896265,-0.0268849232855946,0.007925613222920952,0.0510243727096545,-0.1110103865145072,-0.12883006591767587,-0.218032065720747,-0.21782486014629154,-0.10774968932816328,-0.21927529916747968,-0.07329897196361534,-0.0901862262817345,-0.01362376652044582,-0.11121759208896265,-0.0627314876663874,0.1359303773062983,-0.14084798923609196,0.09132585694123947,0.2825766021636196,-0.1110103865145072,0.20580693682787546,0.18052785674431057,0.15048304844827037,0.13970835857658698,0.11453288128024984,-0.07402419147420941,0.13597865823638888,0.1267094904310997,-0.012536261931449768,0.0926726931751999,0.33707166824540286,0.520748070248148,0.47641741706669277,-0.06666839358104094,0.37598425247298517,0.2039420866577764,0.033722707242624446,0.21917169638025194,-0.1718252226171817,0.012587738648168572,-0.26848662310064897,-0.02636690934945598,0.010204874541930899,0.5201377932767927,0.19161335497767715,-0.114843689641933,-0.15245150140559713,0.015074205541633969,-0.20093760582817238,-0.006371901470783085,0.007925613222920952,0.028646170668465927,-0.09629879072817026,0.030821829200248146,-0.016731850137277567,-0.023104019923250396,-0.1310057244494581,-0.20373488108332097,-0.060866637496288366,-0.2196897103163906,-0.14157320874668602,-0.09940687434500202,-0.12199228196064603,-0.1897485048075781,-0.07878991968668476,-0.14722337359165386,-0.06097024028351609
0.20822542214855486,0.23878586967782034,0.006422873718015125,0.23339894333367864,0.13332642701750752,-0.10986506439674489,0.26955350668186057,0.2826064435926655,-0.019320918915599172,0.02196208432611623,-0.1811871956904589,0.02455195276079975,-0.02175489485134155,-0.1348320427273583,-0.08656012872876412,1.0,0.07116958458510307,0.3839220967574847,0.16549687918321543,0.1646120377084844,0.12534963223868228,0.10887806899409509,0.0920957215373459,0.05045063710763493,-0.06391795296798922,-0.10074849139635493,-0.026831036983321246,-0.21112607479540038,-0.051382989744121,-0.06241744582653352,0.10385641401012423,0.17844655674058751,0.31979695431472077,0.1411996270589454,0.20066300631927897,-0.03294312648917434,-0.1345695638661556,0.09934735315445975,0.052108152905832386,0.09561794260851547,-0.07344866880762457,-0.011343917540257957,0.14275354811975552,-0.21506267481611932,0.03750129493421734,0.04537449497565523,-0.01284574743603025,-0.0463068476121413,-0.09256429518009576,-0.12182741116751268,-0.01750751061846058,0.03439345281259712,0.1010048689526572,0.18864601678234746,-0.06422873718015124,-0.1439966849684036,0.27618356987465037,0.007562415829275872,0.08826271625401429,-0.12307054801616077,0.02222164668845052,-0.032270596472971265,0.06671501087744743,0.015021236921164404,-0.13452821921520075,-0.1651300113954211,-0.05159017921889568,-0.09246069775963678,0.19703719051072205,0.2632342277012327,-0.004972547394592354,-0.013881694809903656,0.060810110846368996,-0.08121827411167512,0.2294623433129597,0.04754998446078939,-0.2742152698642909,-0.09965813736662177,0.12856106909768983,0.07924997410131565,0.1960012431368486,0.262094685589972,0.08526288537727587,-0.025380710659898473,0.11250388480265203,-0.020718947477468143,-0.2124728063814358,-0.1565316481922718,-0.10541037531700889,-0.0686833108878069,0.03501502123692116,0.03615456334818191,0.041955868641872986,-0.003833005283331607,0.006422873718015125,-0.18046203252874754,-0.04050554231845022,0.027763389619807313,-0.11815285803346302,-0.1272143375116544
-0.12659276908733036,-0.11861597430850512,-0.18792085362063604,-0.1633689008598363,-0.19941986947063087,-0.21460205648077044,0.10753133740805966,0.05013985289547291,-0.12840900265890173,0.13197969543147206,0.1443074691805656,0.24790220656790632,0.46949134983942814,0.09857294556671642,-0.04066409398688201,0.07116958458510307,1.0,0.11001761110535584,0.20103079440064445,0.1266963638247177,0.11954832694499118,0.16357609033461099,0.14824406920128455,0.17766497461928935,0.09458199523464207,0.05568361349670002,-0.11840878483373043,-0.07790324251528022,0.019475810628820055,0.06635414780397464,-0.104892388214714,-0.10965786955582693,0.042163058116647674,0.08898787941572568,0.12379571117787215,-0.11499015849994819,0.006940847404951828,0.0019683000103594738,0.00031078421216202215,0.13912773231119857,-0.026002279084222518,-0.018595736972386333,0.0602921371594323,-0.05449083186574122,-0.07293069512068787,-0.1995234642080182,-0.029835284367554123,-0.1343623743913809,-0.1865271555363877,-0.05304050554231845,-0.03470423702475914,-0.12079146379363927,-0.09396042681031802,-0.19921267999585618,-0.1270071480368797,-0.18916399046928414,-0.08121827411167512,-0.1109499637418419,0.39759660209261366,0.16595876929451983,0.408225635318598,0.19926963825284186,0.14461825339272763,0.02040816326530612,-0.041700121859159264,0.02320522117476432,-0.10069408474049518,-0.14560617445509189,0.05884181083600953,-0.12275976380399875,-0.18253392727649434,-0.0145032632342277,0.06806174246348284,-0.04247384232880969,0.007562415829275872,0.16875582720397803,-0.008805552677923961,-0.06422873718015124,-0.062053247695017084,-0.04941468973376152,-0.06878690562519424,-0.01574640008287579,-0.061745661828501115,-0.04050554231845022,-0.17010255879001346,-0.09945094789184708,-0.008183984253599917,-0.09375323733554335,-0.20589987316221636,-0.09126696363824717,0.022998031699989638,0.31586035429400183,0.13332642701750752,0.1623329534859629,-0.08453330570807002,0.009737905314410027,-0.14824406920128455,-0.06402154770537656,-0.07205200592921836,-0.13135812700714802
-0.014606857971615041,0.09116336890085983,-0.061224489795918366,0.13425877965399358,0.04661763182430332,-0.18600916843409282,0.16999896405262613,0.3805034704237025,-0.09515423069157018,-0.09478918470941676,-0.07728167409095617,-0.06112089505853102,-0.0117062053247695,0.06894408331544905,0.06894765490005089,0.3839220967574847,0.11001761110535584,1.0,0.37383129172621776,0.5403501502123692,0.34051590179218894,0.14151041127110742,0.4205946337926033,-0.029835284367554123,-0.13343002175489485,-0.09836575072579846,0.11726924272246968,-0.1745571324976691,0.03988397389412617,0.14322343378453542,0.03827924685959193,0.015073424676781124,0.10297316896301667,0.14606857971615042,0.26561690666114157,0.061224489795918366,-0.07230912669636382,-0.11892675852066714,-0.026934631720708584,-0.052626126592769086,-0.1906143167927069,-0.0995053223508472,-0.04651403708691598,-0.3701439966849684,-0.03760488967160468,0.023930384336475704,-0.09768983735626229,-0.10856728478193307,-0.23811867092495817,-0.20087019579405366,-0.0546980213405159,-0.0030042473842328806,-0.11871956904589245,0.12037708484408992,-0.08380814254635864,-0.2510100486895266,0.272143375116544,-0.01574640008287579,0.16979177457785144,-0.15632445871749712,0.05091813215558709,-0.017559762767796566,0.23650678545529885,0.15704962187920854,-0.046673055646090054,0.04651403708691598,-0.14099243758417074,-0.03019864806379173,0.2891329120480679,0.3704547808971304,0.11385061638868745,-0.07510618460582202,0.23702475914223559,-0.22303946959494456,0.2865430436133844,0.06174246348285506,-0.12410649539003417,0.02641665803377188,-0.08329016885942193,-0.06650782140267275,0.1175800269346317,0.22428260644359266,0.10059570073066205,0.20677509582513207,0.24230809074898993,-0.09582513208329016,-0.24261887496115195,-0.1819123588521703,-0.11172981796500646,-0.1875064746710867,-0.17434994302289442,0.04040194758106288,-0.08349735833419661,-0.098207811043199,-0.04154148969232363,-0.3657930177147001,-0.18377706412514241,-0.06163886874546773,-0.3121908265531265,-0.23008391173728374
-0.06459299165617204,-0.03050944032516866,-0.016938178245042703,-0.005646059415014235,-0.09515423069157018,-0.11903651903651903,0.10033410171451902,0.3199606330875498,-0.03118363118363118,-0.025018777040842894,-0.06842609621315418,-0.04677423533722802,0.1379399653411276,0.3733747733747733,0.1267094904310997,0.16549687918321543,0.20103079440064445,0.37383129172621776,1.0,0.27779648296074627,0.3895780996359822,0.022428841529368474,0.30276346129135967,-0.009893553653832285,-0.0611742767810258,-0.1993265993265993,-0.05651239286037184,-0.2410193986978095,-0.046670637916769044,0.22222222222222218,-0.037917637917637914,0.03864283864283864,0.09463624358927529,0.04480588434850746,0.04231954625749202,-0.2512755433232482,-0.03289218099572513,0.1026132449646165,0.05806635416725649,-0.046877832757687,-0.18414441486583125,-0.10442890442890441,-0.011861904642552842,-0.32514050411049866,-0.17844655674058751,-0.10074849139635492,-0.12664784651109912,-0.1253010800451324,-0.24781144781144776,-0.12975576912486841,0.0021237471194090244,0.1351428349887352,-0.26899070222173327,0.0776462666340031,-0.054026054769356395,-0.22641216241309375,0.23003807212915797,0.020460490540647917,0.12654424909064016,-0.02615834866589164,0.23144263144263139,-0.033462833462833456,0.3473103520887197,0.3395405455542964,-0.01802735186836578,0.0660433555425977,-0.21594882294673712,0.2364154364154364,0.3512470540661608,0.08427650154337761,-0.06625055038351566,-0.2909533553590363,0.020460490540647917,-0.35621973024819165,0.3975551010113234,-0.14021910859122508,-0.09463624358927529,-0.09163191839596496,-0.28080080815405656,-0.2263085649926348,0.20330993765074193,-0.07930382536134674,-0.18166748691633186,0.0633498226106643,0.0029525264830808384,-0.23407837152705804,-0.35839527607783017,-0.27116624805137174,-0.33369593369593364,-0.3070109555301777,-0.2972727980070339,-0.027297920290940383,-0.3040066303368674,-0.20589987316221636,-0.15254720162584331,-0.3384009739292477,-0.22786252629951945,-0.15296159130767922,-0.297021497021497,-0.3075289426324726
