0,1,2,3,4,5,6,7,8,9,10,11,12,13,14,15,16,17,18,19,20,21,22,23,24,25,26,27,28,29,30,31,32,33,34,35,36,37,38,39,40,41,42,43,44,45,46,47,48,49,50,51,52,53,54,55,56,57,58,59,60,61,62,63,64,65,66,67,68,69,70,71,72,73,74,75,76,77,78,79,80,81,82,83,84,85,86,87,88,89,90,91,92,93,94,95,96,97,98,99
1.0,0.2636312249742545,0.415129246655366,0.10617195142238008,-0.17071791995408836,0.39498432654037424,0.256847731466145,0.315551444136088,0.18819055474770366,0.20956883731871534,-0.07369340674718926,-0.03217020406118583,0.011408602718184111,0.06403206750836668,0.16845675545138522,0.466313788580192,-0.085615910488715,0.22539698883763745,-0.1269335527653818,0.35613340917574726,-0.022097744003689943,0.09630505177422083,0.19538516907448644,0.08705483335407155,0.2204635390135578,0.016240106896906158,0.10637751183171673,0.06372700174735327,0.11028315960911307,0.286859551229296,0.39210648080966115,0.3119379211683674,0.3261215894125963,0.10637751183171673,0.18777943392903038,0.17667917182485124,0.06773215487642639,0.26342566456491784,0.31851585426714024,0.25253096287007537,-0.0697877589697929,0.15406752679781965,0.017986535816956934,0.07163780265382276,0.06279870505234678,0.13762269405088762,0.11377768656783613,0.24328074444992606,0.20175754176392263,-0.02024770031966009,0.2887095949133259,0.28130942017720645,0.16537334931133546,-0.06238758423367347,0.2613700604715513,0.3032171857333745,0.27205920175705717,0.201551981354586,0.0077085153501244,-0.22395806597228088,0.11089984083712304,0.027031193827769563,0.24698083181798577,0.19559072948382308,-0.038542576750622,0.22909707620569716,0.1752402489594947,0.09568837054621088,0.10884423674375653,0.22149134106024107,0.11377768656783613,0.25787553351282827,0.32447710613790304,0.15715093293786944,0.1030885452823303,0.12652243194670848,0.2386679000925069,0.3207770187698434,0.27247032257573045,0.16742895340470196,0.13680045241354102,-0.013053085992877318,0.15694537252853277,0.2414307007658962,0.2871826498098468,0.2975486925148018,0.15406752679781965,0.2718536413477205,0.3246826665472397,0.15961765784990922,-0.1858361599342173,-0.12426126744400533,0.10884423674375653,0.29199856146271225,0.1777069738715345,0.1351559691388478,0.2759648495344535,0.3178991730391303,0.2893262761413358,0.03237576447052248
0.2636312249742545,1.0,0.39301130524152106,0.16258992805755396,0.263103802672148,0.4890030832476876,0.21541623843782118,0.26219230210889793,0.4141829393627955,0.1987667009249743,0.10236382322713258,0.13237410071942446,0.0020554984583761563,0.1948612538540596,0.22816032887975335,0.47646454265159305,-0.15498458376156218,0.39897225077081194,-0.12230215827338131,0.4450154162384378,0.03884892086330936,0.023021582733812954,0.09989722507708121,0.1671120246659815,0.19897225077081193,-0.023742227278383154,0.189311408016444,-0.002569505116708133,0.09681397738951696,0.28838643371017475,0.370606372045221,0.17574511819116134,0.18458376156217884,0.22733812949640286,0.21747173689619734,0.4,0.06783144912641316,0.027749229188078112,0.41870503597122305,0.29311408016443985,0.17040082219938338,-0.034532374100719423,0.13627954779033916,-0.051387461459403906,-0.10421377183967112,0.08119218910585818,0.22014388489208633,0.1551901336073998,0.3576567317574512,0.2010277492291881,0.48324768756423436,0.6415210688591985,0.4976361767728674,0.3471736896197328,0.5525179856115108,0.42828511285291165,0.4147995889003083,0.4795477903391573,0.18170606372045223,-0.29373072970195274,0.06002055498458376,-0.14922918807810895,0.17780061664953753,0.24008221993833503,0.13874614594039056,0.2947584789311408,0.28941418293936283,0.008221993833504625,0.06536485097636177,0.28735868448098667,0.17923946557040082,0.19650565262076053,0.2787255909558068,0.287153134635149,-0.09003083247687566,0.06166495375128469,0.22539698883763742,0.21747173689619734,0.2316546762589928,0.2552929085303186,-0.03391572456320658,0.16628982528263106,0.02816032887975334,0.18129496402877696,0.23012487825238043,0.25837615621788285,0.2104830421377184,0.1578622816032888,0.3025693730729702,0.10174717368961973,0.2031964646292792,0.12702980472764644,0.33627954779033914,0.24563206577595068,0.0972250770811922,0.008427543679342241,0.1537512846865365,0.3025693730729702,0.3301130524152107,0.18293936279547793
0.415129246655366,0.39301130524152106,1.0,0.04604316546762591,-0.01500513874614594,0.6034943473792395,0.32908530318602264,0.4025900616858303,0.38191161356628983,0.20226104830421376,0.04707091469681397,0.14121274409044193,0.0565262076053443,0.22425488180883865,0.35991778006166497,0.45323741007194246,-0.10585817060637205,0.3642343268242549,-0.0855087358684481,0.46536485097636177,0.12004110996916752,0.0696813977389517,0.29044193216855085,0.18540596094552927,0.18396711202466598,0.042242664118681716,0.1459403905447071,-0.07204892347249606,0.18910585817060638,0.41603288797533405,0.3251798561151079,0.241726618705036,0.2719424460431655,0.20822199383350465,0.22261048304213774,0.2633093525179856,0.08982528263103802,0.1734840698869476,0.48879753340185,0.413360739979445,0.04439876670092498,0.15190133607399794,0.15416238437821173,-0.07667009249743063,-0.04357656731757451,0.11264131551901337,0.11634121274409044,0.17060637204522097,0.23617677286742036,0.06885919835560124,0.3593011305241521,0.4900308324768757,0.3227132579650565,0.09907502569373072,0.42034943473792397,0.5002312561207394,0.47995889003083253,0.3852004110996917,0.06392600205549846,-0.3424460431654676,0.1301130524152107,0.04131551901336074,0.328879753340185,0.32785200411099696,0.16813977389516957,0.354573484069887,0.2957862281603289,0.16793422404933198,0.18520041109969168,0.3669064748201439,0.2793422404933196,0.2920863309352518,0.35745118191161357,0.2795477903391573,0.10955806783144913,0.07872559095580679,0.38100621870548196,0.4400822199383351,0.14224049331963,0.15560123329907502,0.16896197327852006,0.027543679342240494,0.11223021582733812,0.2682425488180884,0.22868595538702388,0.24871531346351491,0.16505652620760536,0.260431654676259,0.3270298047276464,0.17923946557040082,-0.0231255460503732,-0.0367934224049332,0.23987667009249744,0.2668036998972251,0.19732785200411102,0.0263103802672148,0.17286742034943473,0.31387461459403904,0.2509763617677287,0.06228160328879754
0.10617195142238008,0.16258992805755396,0.04604316546762591,1.0,0.26392600205549843,0.009249743062692703,-0.0012332990750256938,0.2549976877821152,-0.05035971223021583,-0.0869475847893114,0.05220966084275437,-0.0591983556012333,-0.09578622816032889,0.04398766700924975,0.17019527235354576,0.01644398766700925,-0.10359712230215828,-0.019527235354573486,0.010483042137718397,0.027338129496402876,0.04912641315519013,-0.014388489208633093,0.05714285714285714,-0.09229188078108942,-0.21130524152106886,-0.10452746814768686,0.11572456320657759,0.09507168931820094,0.06392600205549846,0.08612538540596094,0.020349434737923947,-0.06927029804727647,-0.0024665981500513875,-0.060431654676259,0.06824254881808839,-0.05714285714285714,0.07728674203494348,0.029393627954779036,0.023227132579650568,-0.044809866392600206,-0.017060637204522097,-0.09003083247687566,-0.02076053442959918,-0.026721479958890033,-0.09064748201438848,0.05817060637204522,0.0487153134635149,0.07543679342240493,-0.018499486125385406,0.10113052415210688,0.015827338129496403,0.03103802672147996,0.016238437821171636,0.2180883864337102,0.04357656731757451,0.002775065526044784,0.0012332990750256938,0.023638232271325797,0.05015416238437821,0.010483042137718397,0.07276464542651594,-0.00945529290853032,0.033504624871531344,0.16896197327852006,0.24028776978417268,0.13607399794450153,-0.12127440904419322,0.08386433710174718,0.13401849948612538,0.08756423432682425,0.09660842754367935,0.008633093525179856,0.1052415210688592,-0.07214799588900309,-0.012332990750256938,-0.00945529290853032,0.07698237329657567,-0.008633093525179856,-0.04542651593011306,-0.120863309352518,0.0302158273381295,0.11901336073997945,-0.0014388489208633096,-0.016855087358684483,0.05786525522826716,0.07913669064748202,0.048920863309352525,-0.021377183967112023,-0.012332990750256938,0.09681397738951696,0.0019528238886981812,-0.15704008221993834,-0.05837615621788284,-0.03432682425488181,0.04501541623843783,-0.0552929085303186,0.08715313463514902,0.1052415210688592,-0.00986639260020555,0.09907502569373072
-0.17071791995408836,0.263103802672148,-0.01500513874614594,0.26392600205549843,1.0,0.06495375128468654,-0.12805755395683455,0.11768333434523251,0.013977389516957863,-0.18170606372045223,0.20041109969167523,0.1354573484069887,-0.07708119218910586,0.1523124357656732,0.15601233299075026,-0.08859198355601235,-0.022404933196300103,0.1669064748201439,0.1644398766700925,0.034121274409044194,0.1722507708119219,-0.10380267214799589,-0.05200411099691676,-0.0012332990750256938,-0.19095580678314492,-0.058893057274950415,-0.07646454265159301,0.07246004429116935,0.1734840698869476,-0.0842754367934224,-0.1130524152106886,-0.26844809866392605,-0.30154162384378214,0.06228160328879754,0.07831449126413156,0.019527235354573486,0.04542651593011306,-0.3736896197327852,-0.0842754367934224,-0.10873586844809867,0.07235354573484071,-0.18355601233299076,0.016032887975334018,-0.2579650565262076,-0.21664953751284688,-0.24912641315519016,0.05220966084275437,-0.21212744090441932,0.11654676258992805,0.13340184994861254,0.09825282631038026,0.1722507708119219,0.2984583761562179,0.4900308324768757,0.2341212744090442,0.16290662439929565,0.18848920863309354,0.1747173689619733,0.18273381294964028,0.0328879753340185,0.02857142857142857,-0.1420349434737924,-0.008221993833504625,0.15190133607399794,0.35354573484069884,0.08119218910585818,0.07954779033915725,0.18972250770811921,0.22302158273381295,0.18972250770811921,0.2168550873586845,-0.12230215827338131,-0.04912641315519013,0.07317574511819117,-0.07790339157245633,-0.04912641315519013,0.14666735206170023,-0.1420349434737924,-0.21007194244604319,-0.04953751284686536,0.06906474820143885,0.19979445015416242,-0.17430626927029805,-0.15642343268242548,-0.21162444141208187,-0.15457348406988697,0.08201438848920864,-0.1975334018499486,-0.020349434737923947,0.04398766700924975,0.32982167678065605,0.14984583761562179,0.10750256937307298,-0.1105858170606372,-0.07975334018499487,-0.27379239465570404,-0.25220966084275437,-0.1091469681397739,0.06680369989722508,0.16505652620760536
0.39498432654037424,0.4890030832476876,0.6034943473792395,0.009249743062692703,0.06495375128468654,1.0,0.3761562178828366,0.35716121122243055,0.54655704008222,0.27029804727646456,0.0789311408016444,0.22034943473792395,0.033710174717368965,0.30832476875642345,0.3897225077081192,0.5159301130524152,-0.09414182939362795,0.4404933196300103,-0.09434737923946558,0.589311408016444,0.17533401849948613,0.015210688591983558,0.23514902363823229,0.23741007194244607,0.3338129496402878,0.0527262449948509,0.2,-0.06320982587102009,0.14984583761562179,0.3956834532374101,0.37142857142857144,0.3060637204522097,0.2569373072970195,0.21541623843782118,0.1697841726618705,0.3938335046248716,0.04439876670092498,0.11654676258992805,0.5272353545734841,0.45796505652620767,0.13751284686536486,0.09989722507708121,0.18478931140801647,-0.09660842754367935,-0.06762589928057554,0.12929085303186025,0.23699897225077082,0.22548818088386435,0.47317574511819116,0.1537512846865365,0.4396711202466598,0.5177800616649537,0.4030832476875642,0.15889003083247688,0.579650565262076,0.6315843576868592,0.4735868448098664,0.4528263103802672,0.11181911613566291,-0.35745118191161357,0.10236382322713258,-0.03535457348406989,0.26783144912641316,0.3864337101747174,0.21644398766700929,0.4049331963001028,0.3699897225077081,0.13895169578622815,0.13196300102774922,0.3605344295991778,0.3276464542651593,0.2367934224049332,0.34532374100719426,0.2986639260020555,0.05960945529290853,0.07235354573484071,0.3563389695850839,0.4115107913669065,0.20287769784172663,0.26515930113052416,0.09558067831449128,-0.010071942446043166,0.0421377183967112,0.21541623843782118,0.24307518404058942,0.2501541623843782,0.1734840698869476,0.20020554984583763,0.41192189105858174,0.08982528263103802,0.035459170610572244,0.027132579650565262,0.32147995889003084,0.2830421377183967,0.11490236382322713,-0.0018499486125385406,0.19897225077081193,0.34285714285714286,0.44933196300102773,0.1410071942446043
0.256847731466145,0.21541623843782118,0.32908530318602264,-0.0012332990750256938,-0.12805755395683455,0.3761562178828366,1.0,0.16742895340470196,0.2626927029804728,0.5183967112024667,0.12929085303186025,0.24234326824254881,0.25467625899280577,0.299486125385406,0.3578622816032888,0.5617677286742035,0.2168550873586845,0.4209660842754368,0.12291880781089415,0.4883864337101747,0.35066803699897225,0.11366906474820143,0.22713257965056527,0.36875642343268245,0.4121274409044194,0.11768333434523251,0.3477903391572456,-0.1526286039324631,0.1969167523124358,0.2881808838643371,0.3391572456320658,0.3206577595066804,0.3693730729701953,0.3730729701952724,0.09558067831449128,0.3249743062692703,0.15765673175745118,0.42672147995889004,0.48674203494347384,0.5967112024665983,0.36628982528263104,0.2698869475847893,0.23720452209660842,0.21027749229188078,0.24295991778006165,0.296813977389517,0.2696813977389517,0.2343268242548818,0.2571428571428572,0.24275436793422406,0.19116135662898256,0.20801644398766703,0.15868448098663926,-0.09085303186022611,0.33401849948612544,0.2691813560263441,0.21109969167523127,0.12127440904419322,0.12312435765673177,-0.1105858170606372,0.11695786228160329,-0.08653648509763619,0.05755395683453237,0.1736896197327852,0.1405960945529291,0.26906474820143883,0.3508735868448099,0.08036998972250771,0.09105858170606372,0.31099691675231245,0.27523124357656736,0.06803699897225077,0.11449126413155192,0.31325796505652626,0.18972250770811921,0.14696813977389517,0.1960018503024964,0.2641315519013361,0.32846865364850975,0.210688591983556,0.04275436793422405,-0.030421377183967115,0.12168550873586846,0.16875642343268246,0.3534611238543708,0.2117163412127441,0.3257965056526208,0.05570400822199383,0.49640287769784175,0.22446043165467625,-0.03957037879730525,0.024460431654676262,0.23083247687564235,0.1907502569373073,0.09003083247687566,0.22939362795477905,0.33442959917780063,0.1868448098663926,0.24522096608427543,0.26536485097636175
0.315551444136088,0.26219230210889793,0.4025900616858303,0.2549976877821152,0.11768333434523251,0.35716121122243055,0.16742895340470196,1.0,0.3546944863103907,0.11994449884793566,0.23300272398309352,0.22190246187891438,0.1610565807152658,0.17996813837423767,0.273909245441087,0.22251914310692436,0.0706100006071395,0.355105607129064,-0.004830669619411291,0.3390718952008052,0.11480548861451939,0.16413998685531556,0.15098412065776992,0.28398170549858287,0.1472840332897102,0.2357899064652071,-0.008736317396807653,-0.09970192208860108,0.16167326194327575,0.20504650831330906,0.17380132609413812,0.29590420924010863,0.07657125247790238,0.22621923047498407,0.26301454374624456,0.1598232182592459,0.017575414998283634,0.0714322422444861,0.22889151579636052,0.26774243316098745,0.085615910488715,0.068554396513773,0.12117786130395555,-0.15468420802582963,-0.11418880738650944,-0.11089984083712304,-0.027647875055779512,0.007502954940787749,0.1565342517098595,0.068554396513773,0.2693869164356807,0.3423608617501917,0.2872706720479693,0.23526388848579666,0.29282080310005887,0.37783944906979133,0.5094814745408887,0.4700138759482517,0.2860373095919494,-0.05005395967347444,0.24081401953788625,-0.05149288253883099,0.13803381486956093,0.2599311376061948,0.23279716357375688,0.29323192391873215,0.3183102938578036,0.11377768656783613,0.2256025492469741,0.39107867876297786,0.30782671298163433,0.12015005925727232,0.2364972509418166,0.2876817928666426,0.14091166060027405,0.08993267908478467,0.2727926816733477,0.213885605914785,0.054987409497554054,0.22293026392559764,0.24328074444992606,0.06958219856045625,-0.06999331937912955,0.05149288253883099,0.032274642820433755,0.0405981808439885,0.030731281195829272,0.009764119443490907,0.175651369778168,0.17174572200077162,0.033713639634083664,-0.04409270780271157,0.25335320450742194,0.14522842919634368,0.09753841423024073,-0.12631687153737184,0.01387532763022392,0.11233876370247958,0.2157356495988149,0.03196464365184918
0.18819055474770366,0.4141829393627955,0.38191161356628983,-0.05035971223021583,0.013977389516957863,0.54655704008222,0.2626927029804728,0.3546944863103907,1.0,0.3282631038026722,0.2207605344295992,0.36341212744090445,0.14224049331963,0.27995889003083246,0.2380267214799589,0.3630010277492292,-0.010688591983556012,0.37183967112024663,-0.12846865364850976,0.4503597122302158,0.07749229188078109,0.05796505652620761,0.13237410071942446,0.3245632065775951,0.4859198355601233,0.23156380111773697,0.19506680369989723,-0.20874659568136877,-0.0018499486125385406,0.31099691675231245,0.3114080164439877,0.4433710174717369,0.17142857142857143,0.21747173689619734,0.20596094552929087,0.46906474820143884,-0.09331963001027749,0.07790339157245633,0.42034943473792397,0.45508735868448097,0.2674203494347379,0.10811921891058582,0.21726618705035972,-0.12004110996916752,-0.06557040082219938,0.07708119218910586,0.15642343268242548,0.21027749229188078,0.47317574511819116,0.18746145940390546,0.4873586844809867,0.5161356628982529,0.4261048304213772,0.24933196300102775,0.4139773895169579,0.5497713147708722,0.4534429599177801,0.5720452209660843,0.22692702980472765,-0.2234326824254882,0.06700924974306269,-0.15950668036998975,0.048304213771839674,0.19527235354573483,0.10544707091469682,0.3198355601233299,0.39465570400822203,-0.09701952723535459,-0.06536485097636177,0.22158273381294963,0.21664953751284688,0.11181911613566291,0.2392600205549846,0.33442959917780063,-0.071120246659815,0.020554984583761562,0.12446682785334198,0.27297019527235356,0.2801644398766701,0.48674203494347384,-0.0984583761562179,-0.06927029804727647,-0.08078108941418294,0.06988694758478932,0.14831183533639344,0.13216855087358687,0.0008221993833504625,0.048920863309352525,0.26598150051387465,-0.021993833504624874,0.16825119504204858,0.191983556012333,0.4209660842754368,0.19917780061664953,-0.04912641315519013,-0.039671120246659815,0.11510791366906474,0.2129496402877698,0.40287769784172667,0.07852004110996917
0.20956883731871534,0.1987667009249743,0.20226104830421376,-0.0869475847893114,-0.18170606372045223,0.27029804727646456,0.5183967112024667,0.11994449884793566,0.3282631038026722,1.0,0.18376156217882836,0.2865364850976362,0.3276464542651593,0.2725590955806783,0.23062692702980475,0.5019527235354574,0.2039054470709147,0.27112024665981505,0.0355601233299075,0.4022610483042138,0.20411099691675233,0.26598150051387465,0.21664953751284688,0.452415210688592,0.5771839671120247,0.2414307007658962,0.3730729701952724,-0.06773215487642639,0.08571428571428572,0.35169578622816033,0.37266187050359717,0.459403905447071,0.38355601233299075,0.3716341212744091,0.20596094552929087,0.2725590955806783,0.14922918807810895,0.4154162384378212,0.41253854059609457,0.5854059609455293,0.3410071942446043,0.2836587872559096,0.2694758478931141,0.22939362795477905,0.20328879753340184,0.30483042137718397,0.29537512846865366,0.27276464542651596,0.23186022610483045,0.14265159301130526,0.25056526207605345,0.17163412127440908,0.12929085303186025,-0.0894141829393628,0.28160328879753344,0.19702965234917966,0.16485097636176774,0.1523124357656732,0.1459403905447071,-0.11161356628982529,0.12004110996916752,-0.0855087358684481,0.04953751284686536,0.08098663926002056,-0.029393627954779036,0.24624871531346354,0.31366906474820144,-0.05755395683453237,-0.02548818088386434,0.19403905447070918,0.17677286742034942,0.16608427543679344,0.17307297019527237,0.3496402877697842,0.14511819116135663,0.14429599177800617,0.12179454253196552,0.2881808838643371,0.48982528263103803,0.34573484069886945,0.0051387461459403904,-0.05858170606372045,0.07790339157245633,0.21911613566289825,0.38861195385093805,0.2846865364850976,0.24213771839671122,0.12744090441932168,0.3054470709146968,0.16135662898252826,-0.023742227278383154,0.07769784172661871,0.24830421377183967,0.2855087358684481,0.06392600205549846,0.23741007194244607,0.27913669064748203,0.2195272353545735,0.20719424460431657,0.12826310380267214
-0.07369340674718926,0.10236382322713258,0.04707091469681397,0.05220966084275437,0.20041109969167523,0.0789311408016444,0.12929085303186025,0.23300272398309352,0.2207605344295992,0.18376156217882836,1.0,0.5798561151079137,0.3167523124357657,0.19794450154162385,0.11736896197327853,0.06680369989722508,0.3060637204522097,0.29722507708119217,0.23268242548818088,0.19732785200411102,0.2561151079136691,0.16670092497430627,0.02158273381294964,0.3588900308324769,0.1301130524152107,0.36065573818115365,0.031243576567317573,-0.11110540124645969,0.14265159301130526,0.05056526207605344,-0.08756423432682425,0.0789311408016444,-0.09434737923946558,0.3233299075025694,0.2316546762589928,0.21644398766700929,0.17574511819116134,-0.054265159301130524,0.05673175745118191,0.18643371017471738,0.39835560123329905,0.15190133607399794,0.1656731757451182,-0.09023638232271326,-0.09578622816032889,-0.16485097636176774,0.10688591983556013,-0.06372045220966084,0.16012332990750258,0.25755395683453236,0.12785200411099693,0.17307297019527237,0.2742034943473793,0.24295991778006165,0.24357656731757452,0.2093632769093787,0.25467625899280577,0.25775950668037,0.5186022610483043,0.3001027749229188,0.381294964028777,-0.08776978417266187,-0.14306269270298047,0.047482014388489216,0.18376156217882836,0.09681397738951696,0.3932168550873587,0.07255909558067831,0.13216855087358687,0.27482014388489207,0.26495375128468657,-0.0355601233299075,0.01459403905447071,0.4078108941418294,0.2431654676258993,0.2670092497430627,0.11418880738650944,-0.023227132579650568,0.005344295991778006,0.23699897225077082,0.120863309352518,0.21911613566289825,-0.20349434737923947,-0.0552929085303186,-0.033198006107869084,-0.060431654676259,0.15560123329907502,-0.12230215827338131,0.1510791366906475,0.29352517985611515,0.16969011790740512,0.2760534429599178,0.37019527235354577,0.13072970195272354,0.03247687564234327,-0.13401849948612538,-0.12189105858170607,-0.07461459403905447,0.15971223021582734,0.18520041109969168
-0.03217020406118583,0.13237410071942446,0.14121274409044193,-0.0591983556012333,0.1354573484069887,0.22034943473792395,0.24234326824254881,0.22190246187891438,0.36341212744090445,0.2865364850976362,0.5798561151079137,1.0,0.35950668036998973,0.42363823227132585,0.326207605344296,0.16628982528263106,0.36443987667009253,0.3371017471736896,0.31325796505652626,0.29270298047276466,0.3868448098663926,0.14820143884892087,0.16382322713257966,0.46906474820143884,0.2920863309352518,0.46795827185488525,0.065775950668037,-0.1801736987835743,0.2170606372045221,0.19116135662898256,0.017677286742034944,0.2388489208633094,-0.07009249743062693,0.30483042137718397,0.20657759506680373,0.23453237410071942,0.047482014388489216,0.0073997944501541625,0.19897225077081193,0.3381294964028777,0.4073997944501541,0.25673175745118193,0.31120246659815004,-0.11079136690647481,-0.02589928057553957,-0.08139773895169579,0.14265159301130526,-0.04234326824254882,0.2312435765673176,0.20411099691675233,0.2594039054470709,0.22528263103802673,0.3564234326824255,0.29804727646454265,0.2645426515930113,0.3012487798828616,0.31017471736896196,0.28078108941418295,0.5050359712230216,0.13525179856115108,0.31963001027749227,-0.13627954779033916,-0.07440904419321687,0.1445015416238438,0.28324768756423435,0.255087358684481,0.42240493319630007,0.14861253854059608,0.1523124357656732,0.3035971223021583,0.415005138746146,0.022404933196300103,0.10750256937307298,0.4287769784172662,0.24522096608427543,0.22466598150051387,0.20874659568136877,0.14696813977389517,0.06372045220966084,0.381294964028777,0.06536485097636177,0.038232271325796506,-0.20842754367934224,-0.07543679342240493,-0.03258132487985913,-0.05960945529290853,0.10955806783144913,-0.13257965056526208,0.18725590955806784,0.1512846865364851,0.27329256421307707,0.34141829393627954,0.42363823227132585,0.0961973278520041,-0.015621788283658787,-0.1093525179856115,-0.06310380267214799,-0.054881808838643374,0.18890030832476876,0.11243576567317576
0.011408602718184111,0.0020554984583761563,0.0565262076053443,-0.09578622816032889,-0.07708119218910586,0.033710174717368965,0.25467625899280577,0.1610565807152658,0.14224049331963,0.3276464542651593,0.3167523124357657,0.35950668036998973,1.0,0.28345323741007195,0.18561151079136692,0.16012332990750258,0.44912641315519014,0.31161356628982534,0.30996916752312437,0.20678314491264133,0.1956834532374101,0.4002055498458376,0.24028776978417268,0.41027749229188076,0.19013360739979446,0.37031707741997616,0.12332990750256938,0.04882059721745453,0.32600205549845834,0.1747173689619733,0.120863309352518,0.13360739979445016,0.07379239465570402,0.44912641315519014,0.2830421377183967,0.2698869475847893,0.23658787255909558,0.12744090441932168,0.15169578622816035,0.27975334018499487,0.26187050359712233,0.3294964028776978,0.33874614594039054,0.18067831449126415,0.23350462487153137,0.03699897225077081,0.12538540596094552,-0.018088386433710177,0.06392600205549846,0.19424460431654678,0.0842754367934224,0.10770811921891059,0.11428571428571428,0.02589928057553957,0.12682425488180885,0.08047690025529873,0.1510791366906475,0.16608427543679344,0.2596094552929085,0.15334018499486127,0.3011305241521069,0.07255909558067831,0.10441932168550874,0.07461459403905447,0.031243576567317573,0.26618705035971224,0.2234326824254882,0.01829393627954779,0.07872559095580679,0.17903391572456323,0.1802672147995889,0.09023638232271326,0.06187050359712231,0.2672147995889003,0.22507708119218914,0.21849948612538542,0.2214913410602411,0.16258992805755396,0.1907502569373073,0.16094552929085304,0.09373072970195273,0.09044193216855087,-0.0526207605344296,0.0565262076053443,0.11213320329314294,0.06413155190133607,0.2534429599177801,0.05981500513874615,0.22713257965056527,0.22034943473792395,0.12528906949068858,0.05159301130524152,0.19013360739979446,0.12415210688591984,0.09866392600205551,0.14388489208633093,0.08900308324768756,-0.004316546762589928,0.04501541623843783,0.1995889003083248
0.06403206750836668,0.1948612538540596,0.22425488180883865,0.04398766700924975,0.1523124357656732,0.30832476875642345,0.299486125385406,0.17996813837423767,0.27995889003083246,0.2725590955806783,0.19794450154162385,0.42363823227132585,0.28345323741007195,1.0,0.6423432682425488,0.23864337101747174,0.18232271325796506,0.3403905447070915,0.3967112024665982,0.3741007194244605,0.5714285714285714,0.08859198355601235,0.4602261048304214,0.296813977389517,0.16217882836587874,0.1664011513580187,0.17307297019527237,0.08088802107397204,0.41315519013360746,0.42219938335046253,0.12579650565262077,0.09414182939362795,0.019527235354573486,0.24604316546762592,0.10626927029804728,0.22754367934224048,0.05364850976361768,0.01932168550873587,0.26104830421377184,0.2850976361767729,0.2376156217882837,0.09270298047276464,0.26392600205549843,-0.003494347379239466,0.0801644398766701,0.1093525179856115,0.21253854059609456,0.11181911613566291,0.2312435765673176,0.16628982528263106,0.22857142857142856,0.17923946557040082,0.20966084275436794,0.17060637204522097,0.2620760534429599,0.2589033355595115,0.21027749229188078,0.19650565262076053,0.17327852004111,-0.14388489208633093,0.17574511819116134,0.07667009249743063,0.18211716341212744,0.4047276464542652,0.421377183967112,0.47584789311408016,0.2234326824254882,0.3537512846865365,0.28838643371017475,0.32004110996916757,0.47872559095580675,0.13093525179856116,0.29907502569373073,0.19116135662898256,0.1551901336073998,0.026104830421377186,0.3976566118617507,0.39403905447070914,0.045632065775950664,0.12517985611510793,0.04275436793422405,-0.03658787255909558,-0.07235354573484071,0.0750256937307297,0.0531373658135242,0.05179856115107914,0.18478931140801647,0.026927029804727647,0.2563206577595067,-0.00328879753340185,0.15591757048184954,0.032682425488180886,0.15601233299075026,0.0197327852004111,-0.015621788283658787,0.021377183967112023,0.046248715313463515,0.1079136690647482,0.15765673175745118,0.13216855087358687
0.16845675545138522,0.22816032887975335,0.35991778006166497,0.17019527235354576,0.15601233299075026,0.3897225077081192,0.3578622816032888,0.273909245441087,0.2380267214799589,0.23062692702980475,0.11736896197327853,0.326207605344296,0.18561151079136692,0.6423432682425488,1.0,0.3303186022610483,0.1079136690647482,0.3864337101747174,0.2840698869475848,0.4460431654676259,0.5488180883864338,0.056937307297019533,0.43761562178828367,0.26762589928057556,0.12435765673175746,0.1180944551639058,0.1956834532374101,0.0722544838818327,0.4139773895169579,0.4460431654676259,0.18499486125385406,0.14799588900308325,0.07009249743062693,0.2316546762589928,0.09763617677286741,0.19177800616649537,0.10544707091469682,0.09455292908530319,0.3477903391572456,0.35909558067831454,0.16896197327852006,0.08776978417266187,0.24419321685508735,0.004316546762589928,0.07317574511819117,0.14676258992805757,0.2182939362795478,0.1290853031860226,0.21973278520041112,0.13216855087358687,0.20966084275436794,0.21541623843782118,0.22487153134635152,0.13566289825282632,0.29085303186022615,0.31789917303913023,0.27728674203494347,0.1669064748201439,0.1354573484069887,-0.18540596094552927,0.17821171634121274,0.06187050359712231,0.32147995889003084,0.5514902363823228,0.5204522096608428,0.5736896197327852,0.2156217882836588,0.42651593011305244,0.39527235354573487,0.4503597122302158,0.5794450154162384,0.20082219938335047,0.36443987667009253,0.2343268242548818,0.2135662898252826,0.06474820143884892,0.5197594950077212,0.43350462487153135,0.06330935251798561,0.07749229188078109,0.15704008221993834,-0.01274409044193217,0.027954779033915727,0.12106885919835561,0.14091166060027402,0.131551901336074,0.23494347379239466,0.04707091469681397,0.35046248715313466,0.09948612538540597,0.036281412247918844,-0.0552929085303186,0.1720452209660843,0.07687564234326826,0.06865364850976362,0.0855087358684481,0.13997944501541623,0.21233299075025697,0.16628982528263106,0.14409044193216855
0.466313788580192,0.47646454265159305,0.45323741007194246,0.01644398766700925,-0.08859198355601235,0.5159301130524152,0.5617677286742035,0.22251914310692436,0.3630010277492292,0.5019527235354574,0.06680369989722508,0.16628982528263106,0.16012332990750258,0.23864337101747174,0.3303186022610483,1.0,0.03062692702980473,0.4776978417266188,-0.060431654676259,0.6034943473792395,0.15087358684480986,0.21109969167523127,0.28345323741007195,0.34532374100719426,0.35745118191161357,0.09815509545825069,0.36875642343268245,-0.013875327630223921,0.16937307297019527,0.4439876670092498,0.4961973278520041,0.38561151079136696,0.4528263103802672,0.4071942446043166,0.22795477903391573,0.4544707091469682,0.1745118191161357,0.36957862281603293,0.6367934224049332,0.5699897225077082,0.2672147995889003,0.20328879753340184,0.23062692702980475,0.1987667009249743,0.12250770811921892,0.32559095580678316,0.3617677286742035,0.3379239465570401,0.3097636176772868,0.1868448098663926,0.35847893114080165,0.4234326824254882,0.30873586844809864,0.00945529290853032,0.49558067831449126,0.3514055197610043,0.31593011305241525,0.3120246659815005,0.13340184994861254,-0.23967112024665982,0.14162384378211718,-0.025693730729701953,0.24501541623843784,0.260431654676259,0.06659815005138746,0.3508735868448099,0.35416238437821174,0.05159301130524152,0.08530318602261049,0.3459403905447071,0.22672147995889005,0.30935251798561153,0.3442959917780061,0.36711202466598153,0.13340184994861254,0.18972250770811921,0.2893262761413358,0.4104830421377184,0.4423432682425488,0.2698869475847893,0.08345323741007195,0.09537512846865365,0.19938335046248715,0.3673175745118192,0.5006423769394127,0.4460431654676259,0.35416238437821174,0.2855087358684481,0.5317574511819116,0.26392600205549843,-0.049437278445464486,0.0014388489208633096,0.2945529290853032,0.3761562178828366,0.18499486125385406,0.24501541623843784,0.409660842754368,0.4252826310380267,0.2920863309352518,0.210688591983556
-0.085615910488715,-0.15498458376156218,-0.10585817060637205,-0.10359712230215828,-0.022404933196300103,-0.09414182939362795,0.2168550873586845,0.0706100006071395,-0.010688591983556012,0.2039054470709147,0.3060637204522097,0.36443987667009253,0.44912641315519014,0.18232271325796506,0.1079136690647482,0.03062692702980473,1.0,0.20883864337101748,0.5023638232271326,0.09249743062692703,0.34367934224049335,0.2411099691675231,0.048304213771839674,0.45549845837615627,0.14902363823227133,0.4913921585192634,-0.0041109969167523125,-0.09753841423024073,0.2585817060637205,-0.041109969167523124,-0.08715313463514902,0.053442959917780065,-0.1079136690647482,0.3558067831449127,0.09393627954779034,0.06104830421377184,0.25755395683453236,0.07235354573484071,-0.03741007194244605,0.17985611510791366,0.2552929085303186,0.28180883864337103,0.2261048304213772,0.09886947584789312,0.16937307297019527,-0.10976361767728675,0.011921891058581706,-0.18869475847893116,-0.0696813977389517,0.0959917780061665,-0.05960945529290853,-0.05673175745118191,0.05673175745118191,0.008221993833504625,0.048304213771839674,-0.03134796242383923,0.09270298047276464,0.0263103802672148,0.39403905447070914,0.4147995889003083,0.3114080164439877,-0.06803699897225077,-0.15704008221993834,-0.028982528263103807,0.14265159301130526,0.07913669064748202,0.3044193216855087,0.09804727646454266,0.1995889003083248,0.21767728674203493,0.2526207605344296,-0.06310380267214799,-0.07214799588900309,0.33340184994861255,0.42117163412127445,0.3878725590955807,0.08541035007937835,-0.023227132579650568,-0.014388489208633093,0.12147995889003083,0.24830421377183967,0.13319630010277492,-0.1105858170606372,-0.05899280575539568,-0.008325196578134351,-0.1171634121274409,0.20328879753340184,-0.14367934224049334,0.16793422404933198,0.29763617677286747,0.10884423674375651,0.08036998972250771,0.22672147995889005,0.046865364850976365,0.08920863309352517,0.030832476875642344,-0.035149023638232274,-0.16217882836587874,-0.0302158273381295,0.13874614594039056
0.22539698883763745,0.39897225077081194,0.3642343268242549,-0.019527235354573486,0.1669064748201439,0.4404933196300103,0.4209660842754368,0.355105607129064,0.37183967112024663,0.27112024665981505,0.29722507708119217,0.3371017471736896,0.31161356628982534,0.3403905447070915,0.3864337101747174,0.4776978417266188,0.20883864337101748,1.0,0.1671120246659815,0.57327852004111,0.32291880781089416,0.16361767728674204,0.1788283658787256,0.37923946557040084,0.25282631038026726,0.22005241819488455,0.14121274409044193,-0.01058636108083751,0.36649537512846864,0.21726618705035972,0.2719424460431655,0.16916752312435768,0.14758478931140803,0.5311408016443988,0.23350462487153137,0.5077081192189106,0.22733812949640286,0.06803699897225077,0.3985611510791367,0.3769784172661871,0.31017471736896196,0.1496402877697842,0.2234326824254882,0.018499486125385406,0.07379239465570402,0.0010277492291880781,0.2143884892086331,0.07255909558067831,0.3917780061664954,0.32559095580678316,0.3356628982528263,0.4717368961973279,0.44912641315519014,0.21891058581706063,0.5212744090441932,0.44760779133055684,0.5270298047276465,0.4454265159301131,0.3301130524152107,-0.043782117163412126,0.263103802672148,-0.013566289825282631,0.189311408016444,0.31161356628982534,0.25056526207605345,0.37327852004110995,0.4998972250770812,0.19650565262076053,0.27461459403905447,0.5623843782117164,0.41808838643371016,0.10853031860226105,0.21623843782117164,0.44090441932168556,0.18869475847893116,0.2129496402877698,0.39292872244700777,0.2330935251798561,0.1987667009249743,0.23144912641315518,0.18561151079136692,0.20863309352517986,0.04090441932168551,0.1381294964028777,0.175651369778168,0.13299075025693732,0.34573484069886945,0.09701952723535459,0.5878725590955807,0.29249743062692707,0.17770697387153447,0.12702980472764644,0.4020554984583762,0.24398766700924973,0.08653648509763619,0.054470709146968145,0.10853031860226105,0.19033915724563208,0.3827338129496403,0.3601233299075026
-0.1269335527653818,-0.12230215827338131,-0.0855087358684481,0.010483042137718397,0.1644398766700925,-0.09434737923946558,0.12291880781089415,-0.004830669619411291,-0.12846865364850976,0.0355601233299075,0.23268242548818088,0.31325796505652626,0.30996916752312437,0.3967112024665982,0.2840698869475848,-0.060431654676259,0.5023638232271326,0.1671120246659815,1.0,0.027749229188078112,0.5292908530318602,0.06166495375128469,0.15046248715313465,0.21726618705035972,-0.07687564234326826,0.22621923047498405,-0.056937307297019533,0.011819723536857413,0.4450154162384378,0.00020554984583761563,-0.18561151079136692,-0.17327852004111,-0.20596094552929087,0.20431654676258995,-0.001644398766700925,-0.024665981500513877,0.22816032887975335,-0.12230215827338131,-0.09886947584789312,0.01274409044193217,0.08735868448098665,0.1381294964028777,0.10503597122302159,-0.046865364850976365,0.06022610483042138,-0.12970195272353546,-0.010071942446043166,-0.2328879753340185,-0.06084275436793423,0.0748201438848921,-0.0367934224049332,-0.10709146968139774,0.044604316546762585,0.10832476875642344,0.002877697841726619,-0.054370728269544095,0.0394655704008222,-0.07667009249743063,0.24419321685508735,0.25220966084275437,0.25035971223021586,0.11593011305241523,-0.01788283658787256,0.11675231243576568,0.33689619732785203,0.13319630010277492,0.13442959917780062,0.3798561151079137,0.39794450154162386,0.2561151079136691,0.34326824254881816,-0.07235354573484071,-0.005755395683453238,0.128879753340185,0.3473792394655704,0.18499486125385406,0.2036075854479525,0.032065775950668035,-0.21109969167523127,-0.0961973278520041,0.2501541623843782,0.13175745118191162,-0.16423432682425487,-0.08756423432682425,-0.1476951541083835,-0.18314491264131552,0.22528263103802673,-0.11921891058581706,0.11469681397738953,0.1773895169578623,0.16681227217669203,0.017266187050359712,0.04439876670092498,-0.14861253854059608,-0.008838643371017472,-0.046659815005138744,-0.13730729701952724,-0.15292908530318602,-0.04234326824254882,0.17965056526207604
0.35613340917574726,0.4450154162384378,0.46536485097636177,0.027338129496402876,0.034121274409044194,0.589311408016444,0.4883864337101747,0.3390718952008052,0.4503597122302158,0.4022610483042138,0.19732785200411102,0.29270298047276466,0.20678314491264133,0.3741007194244605,0.4460431654676259,0.6034943473792395,0.09249743062692703,0.57327852004111,0.027749229188078112,1.0,0.31593011305241525,0.1290853031860226,0.24378211716341214,0.40924974306269274,0.3120246659815005,0.15468420802582963,0.2509763617677287,-0.0040084279820646876,0.3311408016443988,0.43350462487153135,0.3845837615621789,0.320863309352518,0.21623843782117164,0.3802672147995889,0.29352517985611515,0.4809866392600206,0.22281603288797533,0.1958890030832477,0.5046248715313464,0.5233299075025694,0.28920863309352524,0.16485097636176774,0.27276464542651596,0.08345323741007195,0.10585817060637205,0.15642343268242548,0.3130524152106886,0.28920863309352524,0.40822199383350466,0.2602261048304214,0.36649537512846864,0.48448098663926,0.40596094552929085,0.13710174717368964,0.5821171634121275,0.4856364670578372,0.4875642343268243,0.4544707091469682,0.25282631038026726,-0.21767728674203493,0.28242548818088387,0.016855087358684483,0.3027749229188078,0.42836587872559095,0.2645426515930113,0.5348406988694758,0.46084275436793426,0.23144912641315518,0.2499486125385406,0.4863309352517986,0.48180883864337104,0.2820143884892086,0.38766700924974307,0.47667009249743064,0.2195272353545735,0.20719424460431657,0.4706305571762617,0.439054470709147,0.2805755395683453,0.31243576567317577,0.16546762589928057,0.0984583761562179,0.13997944501541623,0.2774922918807811,0.36312246309319335,0.31798561151079136,0.3588900308324769,0.19815005138746145,0.5948612538540596,0.2579650565262076,0.06834883610443634,0.053442959917780065,0.4061664953751285,0.3944501541623844,0.20822199383350465,0.11120246659815006,0.2853031860226105,0.34367934224049335,0.383967112024666,0.27461459403905447
