0,1,2,3,4,5,6,7,8,9,10,11,12,13,14,15,16,17,18,19,20,21,22,23,24,25,26,27,28,29,30,31,32,33,34,35,36,37,38,39,40,41,42,43,44,45,46,47,48,49,50,51,52,53,54,55,56,57,58,59,60,61,62,63,64,65,66,67,68,69,70,71,72,73,74,75,76,77,78,79,80,81,82,83,84,85,86,87,88,89,90,91,92,93,94,95,96,97,98,99
1.0,0.37283745985703926,0.5006345343680053,0.2530366994710508,0.07904278462654096,0.48078317621464833,0.43760683819394086,0.41572568113539826,0.4195586864187299,0.4157882470121033,0.2493525328913291,0.24728063814358225,0.24924893815394175,0.06350357401843985,0.07956075831347767,0.47974722884077486,0.1519813521852536,0.31461721744535376,-0.01569500919953498,0.09012742152698641,0.032321558064850306,0.2992851963120273,0.17559307987154252,0.20190614316792704,0.19807313788459543,0.24976691184087849,0.0312856106909769,0.12177876774952721,0.04009116336890085,0.1707241272143375,0.31264891743499423,0.31720708588003727,0.44255671811871955,0.2773231119859111,0.2722469698539314,0.3452812597120066,0.18812804309541073,0.40636088175033647,0.32093649642598154,0.4108155708300725,0.23588521703097481,0.3008391173728374,0.24966331710349113,0.16674004822872313,-0.015902204040452936,0.03719051072205532,0.23650678545529885,0.1936185641769398,0.46099658137366617,0.2796021962084326,0.6198073137884594,0.41790117062053245,0.47208121827411165,0.2510100486895266,0.4345799233398943,0.5034704237024759,0.40567699160882625,0.3513933492178597,0.3169998964052626,0.228944369626023,0.16715443791055903,0.1628509271728996,0.2554194401416072,-0.016264373769812494,0.07728167409095617,0.05366207396664249,0.4152077074484616,0.11318018185143214,0.1796332746296488,0.26754033833530755,0.018232673780171967,0.34124106495390033,0.054905210815290574,0.2828136330674402,0.11001761110535584,0.28454505512094636,0.17725059566973997,0.16471563244587176,0.21682378535170413,0.3107842121620221,0.20346006422873716,0.17119473730845913,0.10960323215580647,0.22904796436341032,-0.03428985807520978,0.16637314824406918,0.22811561172692427,0.2185848958872889,0.3751165440795607,0.2828136330674402,0.453952139231327,0.25297834869988606,0.2033564694913498,0.33108878068994096,0.24417279602196207,0.187299285196312,0.005490521081529058,0.0735522635450119,0.4641044234952864,0.30684761214130324
0.37283745985703926,1.0,0.6170780349638952,0.6022636038382616,0.4652439656065472,0.5456334818191235,0.5187257194216528,0.5835491557028902,0.45105148658448146,0.14260184926178154,0.03719051072205532,0.051693773956283016,0.10110846369004453,0.02351600538692634,0.0004143789495493629,0.5988811768362167,0.15343175363760095,0.48575572360924063,-0.02646914092726857,0.08391173728374597,0.03087123174142753,0.2959701647156324,0.19879830104630683,0.12814669014814045,-0.006422873718015125,0.09603232155806483,0.11644048482337098,0.09069954161183418,0.05480161607790324,0.1960012431368486,0.2121620221692738,0.14606857971615042,0.36755412825028483,0.3096446700507614,0.2446907697088988,0.2775303014606858,0.1249352532891329,0.2043459118553317,0.12244897959183673,0.29561523927969025,0.1546669429192997,0.12348492696571012,0.2020097379053144,0.09318587970284962,-0.07163761624738245,0.07489899513104734,0.2259401222417901,0.18035843779136018,0.30850512793950063,0.14990158499948203,0.4202838495804413,0.682274940433026,0.5499844607893919,0.5611726924272246,0.59017921889568,0.5040919921267999,0.6350357401843986,0.45913187610069406,0.12804309541075312,-0.06650782140267275,0.09587941263478302,0.05656272661348803,0.2217502784924398,-0.016264373769812494,0.11975551641976587,-0.022376463275665594,0.31865741220346006,0.03320297325710206,0.23474567491971407,0.44324156343373217,0.01305293691080493,0.3704547808971304,0.13218688490624675,0.11063917952967989,0.028799336993680716,0.05651532043272391,0.13726302703822646,0.16367968507199832,0.19382575365171448,0.08784833730446492,0.19620843261162332,0.16104219010347942,0.06464311612970061,0.2605407645291619,0.13021858489588728,0.2502848855278152,0.12555682171345695,0.1653372008701958,0.28084533305708065,0.1717600745882109,0.3588521703097482,0.061535274008080385,0.07469180565627266,0.187299285196312,0.26302703822645807,0.14793328498912253,0.06433233191753858,0.06940847404951828,0.35864498083497354,0.13177250595669737
0.5006345343680053,0.6170780349638952,1.0,0.37451437451437447,0.2227862526970296,0.6978840229218971,0.5701779379777773,0.6421486107149676,0.5830980810533508,0.2564102564102564,0.1303773536476223,0.15109683773941765,0.17979332320655422,0.03610370102995341,0.05226489862155379,0.5124446403003287,0.15079385640531565,0.44883582413851697,-0.0055944055944055935,0.12250394969274005,0.051332521837423,0.32244697117856524,0.18072569999068502,0.17129833472891812,0.06707932974718747,0.15793426748971012,0.02605475124543266,0.12079772079772078,0.12644065167018118,0.18683794779776464,0.16622206112642823,0.11286938959005521,0.3218253866558114,0.3253476989514166,0.24733884134580705,0.3431664552703606,0.19574732595723665,0.21424501424501421,0.24609567230029938,0.3734783734783734,0.2263085649926348,0.12074279354493744,0.1837300251839953,0.1447293447293447,-0.09593369593369591,0.019320918915599172,0.23936183997046584,0.14943927901207402,0.4464530834679605,0.23728989156128635,0.4558804487297274,0.6515759759767346,0.5225971875053085,0.3821190853629359,0.6630752896476809,0.69456890546721,0.6258838157029082,0.5609282330751298,0.1789645438428824,0.04677423533722802,0.15426055426055424,0.08634844995255715,0.28469308469308463,-0.052575690882930716,0.10872549277169614,0.027608712552317314,0.4012846081478466,0.07055167055167054,0.23283520248155032,0.4017612017612017,0.04045479268923044,0.38698816412450776,0.0932894771233086,0.2061070680031343,0.12001761160172461,0.16079569022818213,0.24951438717544558,0.1802077128883901,0.14353422604591232,0.07702468211124924,0.24029421675459664,0.16368816368816366,0.07070523946325165,0.30421382517778534,0.0544404444511923,0.21936753782188334,0.21812436877637564,0.2025847557075291,0.4003522313637158,0.261013700846392,0.3428556630089837,0.09380746422560347,0.17606381607003105,0.17647820575186696,0.22195747333335777,0.1831084406612415,0.0356893113481175,0.0683224987926952,0.4653078139914942,0.24837481555039687
0.2530366994710508,0.6022636038382616,0.37451437451437447,1.0,0.64494574106736,0.33550024615639634,0.4465798131467627,0.4511149673886144,0.2257905778903399,0.0953120953120953,-0.013623060790355447,0.008339592346947632,0.06189945872423863,0.08966356740724442,0.1160809096242835,0.5712879751210275,0.18259991199887932,0.41941415672816756,0.06972286972286972,0.16767242501285393,0.12312553421549391,0.24433451615249677,0.24609567230029938,0.1678796198537719,-0.06801170653131826,0.03289218099572513,0.23853306060679408,0.13105413105413102,0.1062391546806807,0.23915464512954793,0.18652715553638768,0.11141902570362953,0.33912615587246053,0.2843231204496618,0.26267125957373566,0.21346248485572167,0.12519748262467345,0.1738409738409738,0.08013260472501854,0.2435638435638435,0.14032270601168406,0.13048095106808127,0.24609567230029938,0.029215229215229208,0.051696451696451685,0.19388257238897505,0.23314599474292727,0.19761207952549822,0.20652145768497024,0.13680039371607886,0.28888140694985676,0.5171065242209827,0.5335785140739598,0.8108052112221819,0.40988319404594165,0.27903965200625397,0.5019813008339721,0.2730310016196333,0.10955427213536796,-0.11670249414703736,0.09158249158249157,0.05558001607624105,0.1735301735301735,0.10582476499884479,0.18777032458189544,0.07857864341813389,0.29250731666592095,0.09023569023569021,0.24474890583433268,0.4021756021756021,0.1111082334422526,0.32659086799692433,0.22154308365152187,0.08469089122521352,0.03050944032516866,0.04973062584376767,0.16249255398990511,0.20476030153716762,0.24205537290239926,0.06397140713341817,0.1892206884683211,0.19797979797979795,0.14570977187555087,0.28680945854067724,0.25023956911865847,0.27769288554028726,0.10945067471490898,0.1821760638771107,0.18010411546793115,0.13400326336368648,0.35860247091874814,0.1445702002505021,0.08251534539557501,0.20051280729834955,0.2749993526083539,0.08085778666823137,0.11659889672657837,0.12644065167018118,0.21833156361729358,0.10230245270323958
0.07904278462654096,0.4652439656065472,0.2227862526970296,0.64494574106736,1.0,0.22034600642287372,0.2862470866311218,0.31689630166787525,0.13115093753237334,-0.030405842904709688,-0.10390552159950273,-0.06474671086708796,-0.01864705272972133,0.12275976380399875,0.09530715839635345,0.3858903967678442,0.11613571629152644,0.35377602817776854,0.04874258632594858,0.19496529576297522,0.08474049518284471,0.18719569045892467,0.24334403812286334,0.13394799544183156,-0.0636071687558272,0.005904900031078421,0.28322801201698955,0.16725803533101802,0.11074277426706723,0.22272868538278254,0.14772609551434784,0.0256914948720605,0.26706723298456436,0.25266756448772404,0.23018750647467107,0.20501398528954728,0.1238993059152595,0.08873119062311362,0.035429400186470526,0.12592266456788628,0.0987257847301357,0.09489277944680409,0.210711695845851,-0.002745331642162885,0.11815285803346302,0.19506889050036255,0.149280016575158,0.18056562726613487,0.16305811664767428,0.06847612141303222,0.16999896405262613,0.4098207811043199,0.3724230809074899,0.659173313995649,0.3106806174246348,0.16098622189992748,0.3312959701647156,0.1829483062260437,0.028177768569356675,-0.2353672433440381,0.08282613765695195,0.006630063192789806,0.061588666462861694,0.1656479850823578,0.1931005904900031,0.0679581477260955,0.1984875168341448,0.01455543757448624,0.20055941158189164,0.3253476989514166,0.10255879001346731,0.20801823267378014,0.25691494872060494,0.020926136952242824,-0.036879726509893296,0.00979046339302,0.14969439552470734,0.20573914845125865,0.2742152698642909,-0.013467315860354292,0.12679995856210505,0.17461345218360538,0.15684243240443385,0.25681135398321764,0.3299492385786802,0.2455195276079975,0.07272350564591319,0.1875064746710867,0.12648917434994303,0.059877758209882934,0.3174142753548119,0.052626126592769086,0.06951206878690562,0.1506267481611934,0.25432508028592143,0.04558168445042991,0.13684864808867708,0.1373666217756138,0.17341759038640836,0.048896716046824815
0.48078317621464833,0.5456334818191235,0.6978840229218971,0.33550024615639634,0.22034600642287372,1.0,0.5554001561452928,0.6490210297316896,0.710245519527608,0.3084613194166034,0.1646120377084844,0.21661659587692944,0.2606443592665492,0.05231534238060706,0.07769605304050553,0.5340308712317414,0.24014504046722415,0.524500155392106,0.020356893120188936,0.16347249559722365,0.09779343209364963,0.4140681653372008,0.23422770123277734,0.28353879622915157,0.07396664249456127,0.24002900652646844,0.07189474774681445,0.21791717393545768,0.13311923754273283,0.26188749611519735,0.21340515901792187,0.22293587485755723,0.3992541178908111,0.40826686004350976,0.33792603335750543,0.36952242826064435,0.18667771677198797,0.23998342449321974,0.2554646223971822,0.3670974593963842,0.23920024862736972,0.18336268517559307,0.21154045374494973,0.13980471890938917,-0.131724120113589,0.005697710556303739,0.23837149072827096,0.14948720604993265,0.5173521185123796,0.23194861701025585,0.5416968817984046,0.6652854035015021,0.5617942608515486,0.3575054387237128,0.7936392831244172,0.8128043095410752,0.6151455506060292,0.6402154770537656,0.2776338961980731,0.07831762146482958,0.22848411082227332,0.1323940743810214,0.33311750548583985,-0.008391173728374599,0.15435615870713768,0.03480783176214648,0.3986325494664871,0.08261894281603398,0.28778618046203247,0.4660329959347071,0.07686729514140682,0.3978037915673883,0.13529472702786696,0.18274111675126903,0.18274111675126903,0.22300499950767777,0.2970061120895058,0.2411685486377292,0.17062053247695017,0.17652543250802857,0.33046721226561687,0.18196886903619275,0.04848233709727545,0.3844400704444214,0.1198591111571532,0.20905418004765358,0.20573914845125865,0.2612659276908733,0.4213197969543147,0.23288096964674196,0.38288614938361126,0.14627576919092508,0.1691702061535274,0.19330777996477777,0.21723816430125348,0.18377706412514241,-0.009219931627473324,0.05449083186574122,0.48606650782140265,0.228944369626023
0.43760683819394086,0.5187257194216528,0.5701779379777773,0.4465798131467627,0.2862470866311218,0.5554001561452928,1.0,0.6506086514815218,0.4600880607053246,0.2958377581349219,0.17529137552655016,0.17819217843124485,0.21010101038288637,0.1489769491768198,0.1097125098597025,0.672364673266732,0.2483423124740986,0.5862729870595433,0.12572198196348372,0.22957782988583636,0.18389018413689512,0.4150220155788179,0.3121471125658957,0.2706034709665183,0.02009842012538459,0.17777777801628847,0.07220927230614979,0.13514983557590812,0.13436933454960728,0.2719502723151266,0.16285936307785867,0.09707329720353279,0.33193473238006305,0.4213416219069028,0.28303548341520984,0.3758611763654397,0.08650608662214503,0.13359579377166234,0.2218078221054042,0.49392628678278416,0.24522144555043984,0.13354053371969454,0.14742294762073338,0.05071356421188733,-0.10676267195168518,-0.0048692048757375045,0.20647500675201802,0.14597254616838604,0.3834239839383937,0.19746179772671665,0.4082880088357767,0.5478373485723388,0.7065527075006336,0.46319606381749745,0.558818959568683,0.5263921270983459,0.6643874652788215,0.47065527128671236,0.20046620073515045,0.013468013486082458,0.13432101328031038,0.12276612293082857,0.3205988242159047,0.03253043257407609,0.1666925669162052,0.038953639005900036,0.6173530181812721,0.15452355673550552,0.3635327640204873,0.5672770599431851,0.1298109299850871,0.48806008871488055,0.20979021007166906,0.33493913538849684,0.17995338019480947,0.14230579951415556,0.2738150741824303,0.24024864057096323,0.12898212915517432,0.07138047147623702,0.32375032418467453,0.23429770268678898,0.08557368568849316,0.35172235219423037,0.11623931639526554,0.2596218599701742,0.13830613849169296,0.21787101816331852,0.44568764628559027,0.2858326862161654,0.33690753735953965,0.1542605544675137,0.22698782729235897,0.15571095591986103,0.20233100260245418,0.10152810166431392,0.0015540015560864375,0.08267288278379847,0.4189588195209036,0.2238798241801861
0.41572568113539826,0.5835491557028902,0.6421486107149676,0.4511149673886144,0.31689630166787525,0.6490210297316896,0.6506086514815218,1.0,0.6147311716564798,0.28442671787012075,0.16212576401118822,0.19548326944991193,0.2587796539935771,0.14057805863462133,0.11519734797472286,0.5487413239407438,0.29173789212929385,0.6394903138920542,0.11815285803346302,0.23329534859629128,0.18667771677198797,0.4225629338029628,0.2938982699678856,0.2845747436030249,-0.07044442142339169,0.19755516419765876,0.10131565316481922,0.1592810339556768,0.2162022169273801,0.27162540142960734,0.10069408474049518,0.11291826375220138,0.29089402258365277,0.4855485341344659,0.3292240754169688,0.4345799233398943,0.2073966642494561,0.18341923292261839,0.21506267481611932,0.3797363446923794,0.29327670154356156,0.09551434787112814,0.1651300113954211,0.13255289947726082,-0.07640309758849538,0.04278462654097171,0.26592769087330365,0.2083290168859422,0.4334403812286336,0.25764011188231634,0.37739562830208223,0.7181187195690458,0.5719465451155081,0.482233502538071,0.7080700300424738,0.609965813736662,0.8065886252978348,0.6864187299285196,0.17341759038640836,0.03024966331710349,0.19574732595723665,0.200973790531441,0.3723809278397921,0.05086501605718429,0.20221692738008906,0.08101108463690045,0.4982906868331089,0.16829400953560777,0.36734693877551017,0.5994664734858692,0.14979799026209467,0.48461618149797986,0.1908215062674816,0.20263130632963844,0.1740391588107324,0.139708358576587,0.3577126281984875,0.22625090645395213,0.0463068476121413,0.049311094996374184,0.37397700196829997,0.3030742535527366,0.07790324251528022,0.3875479125660416,0.14410027970579092,0.3062260437169792,0.2475914223557443,0.21444110639179528,0.4896923236299596,0.2875789909872578,0.3056044752926551,0.12659276908733036,0.15736040609137056,0.09758624261887495,0.24106495390034186,0.19973065368279289,0.051693773956283016,0.1330156428053455,0.4266031285610691,0.24261887496115195
0.4195586864187299,0.45105148658448146,0.5830980810533508,0.2257905778903399,0.13115093753237334,0.710245519527608,0.4600880607053246,0.6147311716564798,1.0,0.3686514207032689,0.24303325391070132,0.31347767533409304,0.327462964881384,0.08494768465761939,0.09375323733554335,0.4114782969025173,0.2995078999097261,0.46493318139438516,0.05381885992843844,0.1577747850409199,0.107634932145447,0.4096135916295452,0.20615352740080803,0.33523257018543456,0.05708070030042474,0.30726199109085256,0.07365585828239925,0.2062106654235933,0.19765875893504609,0.2673780171967264,0.1747643219724438,0.22884077488863563,0.3533616492282192,0.4423495286439449,0.3195897648399461,0.3982181705169377,0.27007148036879725,0.2896065888930696,0.30612244897959184,0.3748672659308075,0.3078835595151766,0.1859525536102766,0.20294209054180046,0.2026883531279881,-0.07277718787243119,0.03418626333782244,0.25069926447736457,0.17528229565938047,0.47166683932456227,0.3045685279187817,0.41272143375116543,0.557028902931731,0.41893711799440586,0.2525639697503367,0.6615559929555579,0.7559307987154252,0.5303014606857971,0.8162229358748575,0.2899616699471667,0.16813425877965396,0.28950299147261066,0.22573293276701542,0.36388593936215596,0.019268621154045373,0.1577747850409199,0.05397285817880451,0.3591629545219102,0.12208956001090414,0.2665492592976277,0.4049105178639108,0.08049311094996374,0.3502538071065989,0.10183362685175591,0.22013881694809903,0.20418522739044856,0.2330544698687671,0.31720708588003727,0.23111985911115712,0.0625712213819538,0.14534341655443903,0.3380296280948928,0.24651006198213524,0.05086501605718429,0.2956593805034704,0.09655029524500156,0.2162022169273801,0.28851134362374387,0.24603750129493418,0.45623122345384853,0.30612244897959184,0.32725577540660933,0.14513622707966436,0.23163783279809383,0.13829897441209985,0.21340515901792187,0.2590904382057391,0.020718947477468143,0.10266238475085465,0.44411063917952964,0.28333160675437685
0.4157882470121033,0.14260184926178154,0.2564102564102564,0.0953120953120953,-0.030405842904709688,0.3084613194166034,0.2958377581349219,0.28442671787012075,0.3686514207032689,1.0,0.6278521666916288,0.6553054831132576,0.5001165472657104,0.23190282569741952,0.28712025080205417,0.2915749398817902,0.31800875454216176,0.1789645438428824,0.1705257705257705,0.0834477221797058,0.11618450704474247,0.3613996012711405,0.2013415866620214,0.4926575329926641,0.274584962926518,0.4592991636048736,0.12478309294283754,0.3162911162911162,0.2526223097892149,0.28111160041543354,0.26961228674448706,0.4152702599098085,0.27199502741504356,0.29116055019995424,0.32679806283784224,0.2740669758242231,0.2722022222559615,0.35431235431235425,0.41723861089852904,0.5735301735301734,0.1958509233776956,0.48333376515135623,0.3090829039393573,0.20999740999740998,0.02227402227402227,0.09473984100973427,0.14425940798912518,0.0651109787584669,0.26981948158540503,0.25510864788023035,0.33063116739482445,0.20828261383277286,0.2716842351536666,0.12581906714742733,0.2889850043703157,0.3178886846783703,0.21304809517388576,0.3149879569055189,0.6145916968728797,0.4990805730611207,0.4875420875420875,0.33063116739482445,0.42092722092722085,0.15793426748971012,0.22413301916299627,0.20776462673047794,0.3181994769397472,0.24159544159544155,0.2272409417767656,0.15757575757575754,0.07578151306574152,0.2819403797791053,0.14052990085260203,0.4563984358320223,0.42790914520580364,0.5450683803417953,0.36875501812372785,0.33415347969042963,0.16010981331934862,0.37424568140805364,0.30804692973476744,0.18140378140378136,0.19522933885494176,0.256662609187115,0.07888943567951082,0.10250964754415753,0.32648727057646537,0.35290461279350444,0.34202688364531186,0.3557017431458968,0.2572841937098689,0.34181968880439395,0.4376473027289475,0.3179922820988293,0.22827691598135536,0.20538188605992147,0.025743958984055734,0.06852969363361315,0.21802077135591663,0.2664007667102588
0.2493525328913291,0.03719051072205532,0.1303773536476223,-0.013623060790355447,-0.10390552159950273,0.1646120377084844,0.17529137552655016,0.16212576401118822,0.24303325391070132,0.6278521666916288,1.0,0.6131772505956697,0.4454573707655651,0.2114368590075624,0.2264580959287268,0.18035843779136018,0.29515669555268403,0.08173624779861183,0.185180389070421,0.0346006422873718,0.09551434787112814,0.23961462757691906,0.09561794260851547,0.4051590179218895,0.25090645395213923,0.407438102144411,0.007873200041437895,0.20735023704864203,0.2236610380192686,0.16450844297109704,0.17155288511343622,0.30539728581788045,0.12224179011706204,0.17932249041748677,0.17134569563866153,0.16088262716254015,0.18978555889360818,0.18310844066124146,0.26375220138816946,0.4090544146822699,0.09934735315445975,0.407748886356573,0.1549777271314617,0.1460205641369278,-0.07816425373629798,-0.005490521081529058,-0.0034186263337822437,-0.051693773956283016,0.13798819019993783,0.15839635346524394,0.17310680617424634,0.08474049518284471,0.14969439552470734,0.012327773749093546,0.15591007976794777,0.1783901377810007,0.07956075831347767,0.20470320107738527,0.47529265513311925,0.5730860872267688,0.4405480305017988,0.3147208121827411,0.3735204994648408,0.13933492178597326,0.17631824303325389,0.1584999482026313,0.17113850616388684,0.24433451615249674,0.1705169377395628,0.07256999303151325,0.04205946337926033,0.16595876929451983,0.08639801098104216,0.3196933595773334,0.421423391691702,0.4465798143451081,0.29472702786698435,0.22956593805034703,0.02558790013467316,0.28405676991608825,0.2185848958872889,0.09111393129367008,0.06588625297834869,0.11157153216616594,0.004040194758106288,-0.02320522117476432,0.2631306329638454,0.19496529576297522,0.22573293276701542,0.26665285403501504,0.0725163161711385,0.23557443281881277,0.32932767015435616,0.20636071687558272,0.0920957215373459,0.08743395835491556,-0.05915259504817155,-0.04661763182430332,0.0837045478089713,0.17445353776028177
0.24728063814358225,0.051693773956283016,0.15109683773941765,0.008339592346947632,-0.06474671086708796,0.21661659587692944,0.17819217843124485,0.19548326944991193,0.31347767533409304,0.6553054831132576,0.6131772505956697,1.0,0.561897855588936,0.2327773749093546,0.29586656997824506,0.14596498497876306,0.3631183636055309,0.11426499533823681,0.21884955071958845,0.052004558168445035,0.11706205324769502,0.32580544908318654,0.12731793224904173,0.5019165026416658,0.2308090748989951,0.6185641769398114,0.10193722158914326,0.3525938205321275,0.31026623847508544,0.27970579094581993,0.10649539003418626,0.2923443489070755,0.07873200041437894,0.23650678545529885,0.22915155910079768,0.17393556407334507,0.24324044338547599,0.18735593490005953,0.28157049621879204,0.44324156343373217,0.09188853206257121,0.416243654822335,0.21112607479540038,0.17254150377442584,-0.020771282802024848,0.012120584274318863,0.01709313166891122,-0.05376566870402983,0.15332021133326426,0.1693773956283021,0.1892675852066715,0.12845747436030247,0.1312545322697607,0.04361338444007044,0.2280120169895369,0.22915155910079768,0.13363721122966954,0.26375220138816946,0.45333057080700295,0.5036776131772506,0.5973945250766897,0.39075934942504914,0.4551552667865145,0.1693773956283021,0.2583652750440278,0.21278359059359783,0.18647052729721328,0.2734453913014692,0.23826789599088366,0.12851260007936072,0.10421630581166477,0.2343312959701647,0.15083393763596809,0.3315031596394903,0.5020200973790532,0.5611644970189718,0.3769812493525329,0.34932145447011287,0.03014606857971615,0.22707966435305085,0.33191753858903966,0.10686073920343456,0.12970061120895057,0.205842743188646,0.09354604786076866,0.021133326427017506,0.3002175489485134,0.3296384543665182,0.25018129079042783,0.26043716979177456,0.07417383196933594,0.2175489485134155,0.3028074173831969,0.17776856935667668,0.17434994302289442,0.13881694809903655,-0.04299181601574639,-0.03169998964052626,0.08391173728374597,0.17548948513415516
0.24924893815394175,0.10110846369004453,0.17979332320655422,0.06189945872423863,-0.01864705272972133,0.2606443592665492,0.21010101038288637,0.2587796539935771,0.327462964881384,0.5001165472657104,0.4454573707655651,0.561897855588936,1.0,0.16450844297109704,0.24044338547601782,0.16823785351704132,0.2759906763609513,0.19828032735937012,0.13483204272735827,0.12110224800580129,0.1399564902102973,0.37915673883766704,0.17590386408370454,0.3267378017196726,0.08898787941572568,0.44007044442142335,0.11467937428778617,0.3361218306791502,0.28820055941158185,0.29431264891743497,0.0898166373148244,0.27670154356158705,0.07862840567699161,0.2778410856728478,0.24313684864808863,0.24862736972961771,0.29804205946337925,0.1882883116841903,0.24106495390034186,0.33705420746328096,0.17030974826478815,0.29514140681653367,0.1691702061535274,0.25324389431196875,0.008339592346947632,0.08681238993059152,0.13798819019993783,0.10670257950896093,0.280638143582306,0.25567181187195687,0.19973065368279289,0.20750025898684343,0.16595876929451983,0.09779343209364963,0.25007769605304053,0.2769087330363617,0.2091577747850409,0.31130218584895886,0.34631720708588004,0.36786491246244685,0.49048198716302566,0.6444628612866466,0.4656186062528712,0.045788873925204594,0.2128871853309852,0.18180876411478297,0.1956904589246866,0.15234000678492535,0.16751269035532992,0.17129833472891812,0.09085258468869781,0.2773231119859111,0.07593494250492074,0.25764011188231634,0.2717289961669947,0.36494081800966083,0.3793639283124417,0.30322179633274626,-0.059877758209882934,0.18823163783279806,0.294934217341759,0.17274869861534378,0.08070030042473843,0.18274111675126903,0.020926136952242824,0.0865016057184295,0.3620636071687558,0.31793224904174866,0.3041541489692323,0.26924272246969855,0.07427742670672328,0.2644773645498808,0.2865430436133844,0.13726302703822646,0.16823785351704132,0.22573293276701542,0.0016575157981974515,0.08691598466797887,0.18761006940847402,0.24210090127421527
0.06350357401843985,0.02351600538692634,0.03610370102995341,0.08966356740724442,0.12275976380399875,0.05231534238060706,0.1489769491768198,0.14057805863462133,0.08494768465761939,0.23190282569741952,0.2114368590075624,0.2327773749093546,0.16450844297109704,1.0,0.5575468766186678,0.11364342691391276,0.42693602750881393,0.21723816430125348,0.6169744375434363,0.29669532787734376,0.5480161607790325,0.3094374805759867,0.5406609344245312,0.23795711177872164,-0.11789081114679373,0.289754480472392,0.0803895162125764,0.29613322638198514,0.3823681756966746,0.3835077178079353,-0.04661763182430332,0.03418626333782244,0.07148036879726509,0.28291722780482753,0.187299285196312,0.19548326944991193,0.11706205324769502,0.07194840850875937,0.05117580026934632,0.17886094642242342,0.14016367968507198,0.10442349528643945,0.05076142131979695,-0.031027427427463544,-0.012794281426683634,0.059566973997720915,0.1443074691805656,0.14824406920128455,0.03770848440899202,0.14845125867605924,0.01750751061846058,0.11229669532787734,0.14037086915984665,0.12068786905625194,0.12959701647156324,0.019683000103594736,0.07520977934320935,0.1249352532891329,0.09054180047653579,0.11913394799544183,0.15959182621705376,0.1560136745053351,0.3867809692835898,0.6164922821920646,0.6275769190925101,0.5140370869159846,0.20263130632963844,0.5003237421066284,0.4098207811043199,0.22693014951538867,0.4964259815601367,0.2699678856314099,0.5500880555267792,0.1549777271314617,0.24862736972961771,0.16457302751124095,0.35274008080389513,0.36216720190614315,0.03698332124728063,-0.00580130529369108,0.35968092820884695,0.21936753782188334,0.06174246348285506,0.20377084844089918,0.09623951103283954,0.18916399046928414,0.14855485341344657,0.28405676991608825,0.23774992230394693,0.17155288511343622,0.06733657930177146,0.1038019268621154,0.1432715218066922,0.023826789599088363,0.0920957215373459,0.00290065264684554,0.06681860561483477,0.18771366414586135,0.03397907386304775,0.16927380089091473
0.07956075831347767,0.0004143789495493629,0.05226489862155379,0.1160809096242835,0.09530715839635345,0.07769605304050553,0.1097125098597025,0.11519734797472286,0.09375323733554335,0.28712025080205417,0.2264580959287268,0.29586656997824506,0.24044338547601782,0.5575468766186678,1.0,0.10090127421526986,0.3368039372558006,0.13674505335128975,0.47753230960565346,0.2717289961669947,0.5236713974930073,0.24676266445664558,0.48295866569978246,0.36050968610794565,-0.06681860561483477,0.3337822438620118,0.21785973272557752,0.45598404615018634,0.42121620221692735,0.5199419869470631,0.027452605407645287,0.1658551745571325,0.013570910597741634,0.20801823267378014,0.1903035325805449,0.14669014814047446,0.2182741116751269,0.08717722931622897,0.08256500569771055,0.21170132870791905,0.049311094996374184,0.19941986947063087,0.10722055319589764,0.00450648778996549,0.07350236981564404,0.1238993059152595,0.1183051900963431,0.1127110742774267,0.02890293173106806,0.11685486377292033,0.08888428467833834,0.09168134258779653,0.11789081114679373,0.12990780068372526,0.1270071480368797,0.06267481611934114,0.07924997410131565,0.12089505853102663,0.24810939604268104,0.16088262716254015,0.31664551563286253,0.20874339583549156,0.45753800745707096,0.4485652128871853,0.655858282399254,0.7882523567802755,0.15363099554542628,0.40408173850023893,0.3662073966642494,0.1642537101377077,0.5595151766290272,0.2518388065886253,0.5584792292551538,0.2114368590075624,0.3796747125246037,0.33531042086253154,0.4272246969853931,0.5336164922821921,0.12182741116751268,0.12793950067336576,0.35812700714803686,0.1687083992174437,0.19299699575261575,0.2768051382989744,0.20573914845125865,0.17289961669947165,0.24976691184087849,0.38609758624261886,0.18004765357919816,0.1903035325805449,0.06412514244276389,0.19237542732829171,0.19973065368279289,0.08857350046617632,0.17155288511343622,0.04009116336890085,0.10773852688283433,0.18823163783279806,0.006940847404951828,0.12275976380399875
0.47974722884077486,0.5988811768362167,0.5124446403003287,0.5712879751210275,0.3858903967678442,0.5340308712317414,0.672364673266732,0.5487413239407438,0.4114782969025173,0.2915749398817902,0.18035843779136018,0.14596498497876306,0.16823785351704132,0.11364342691391276,0.10090127421526986,1.0,0.2803418807179934,0.5653164819227183,0.11877444255621689,0.2053247695017093,0.15808556925308193,0.4047446389723402,0.3005283331606754,0.2822956593805035,0.041230705480161604,0.13581270071480367,0.14751890603957318,0.140633498273061,0.07676370040401947,0.26168030664042263,0.30394695949445766,0.23060188542422044,0.5192168237853517,0.40308712317414275,0.3542940018647053,0.3394799544183155,0.07334507407023723,0.2217502784924398,0.22127835905935977,0.42428323548973945,0.22324665906971924,0.2140267274422459,0.22376463275665592,0.0660433555425977,-0.060241899996895,0.07075520563555371,0.24458717497151145,0.18740287993369933,0.3859939915052315,0.18740287993369933,0.4896923236299596,0.5656272661348803,0.8089713042577437,0.5435615870713767,0.5522635450119133,0.46617631824303324,0.5776442556718118,0.39676784419351496,0.2308090748989951,0.01864705272972133,0.12426510584054266,0.07790324251528022,0.25977053180088433,0.06018854242204496,0.15974308505127938,0.03708691598466797,0.5011913394799544,0.15586231908053058,0.346006422873718,0.5215612133007187,0.09033461100176111,0.4413135812700715,0.21361234849269656,0.23122345384854448,0.14254635864498083,0.15607759895856751,0.19900549052108152,0.23951103283953173,0.25722573293276696,0.21381953796747125,0.2964881384025691,0.20279195054844706,0.10463068476121412,0.37035118615974305,0.15736040609137056,0.24572671708277216,0.1093960426810318,0.2088469905728789,0.34859629130840153,0.21278359059359783,0.45333057080700295,0.17486791670983112,0.18553817466072722,0.28157049621879204,0.2373355433543976,0.102765979488242,0.02330881591215166,0.06464311612970061,0.39966849684036043,0.19206464311612967
0.1519813521852536,0.15343175363760095,0.15079385640531565,0.18259991199887932,0.11613571629152644,0.24014504046722415,0.2483423124740986,0.29173789212929385,0.2995078999097261,0.31800875454216176,0.29515669555268403,0.3631183636055309,0.2759906763609513,0.42693602750881393,0.3368039372558006,0.2803418807179934,1.0,0.42486402543403207,0.5628221401043472,0.3313131317576285,0.45853405914923817,0.457290857904369,0.4186480192096863,0.49096089161957523,-0.08785288797075326,0.39233359285995595,0.07821807832301736,0.3007070891215587,0.3832167837309155,0.29919709959850876,0.07272727282484527,0.1494949496955153,0.2094794097604518,0.4820512826980129,0.3903651908889131,0.25485625519817573,0.17705257729011478,0.12924447671977415,0.11644651660274372,0.2525317931899395,0.26386946422347707,0.12970732988134798,0.1624449626629023,0.04221813568201039,-0.09433033751771892,-0.003936803942085641,0.1710437712732472,0.16223776245542407,0.1938357940958483,0.23237503268679197,0.09541569554370727,0.22056462086053505,0.26873866909921457,0.1846153848630688,0.29298109337416306,0.20067340094262864,0.2309246312344446,0.32167832210989256,0.16586376608629244,0.2165242168147103,0.26838301959324645,0.2436674439943534,0.41871066345728836,0.3883967889178703,0.46578606641097486,0.289665890054512,0.2912198916105984,0.6267450596523236,0.6019166027241468,0.4189178690311878,0.3982387987730844,0.4152292157862961,0.4278684284424658,0.10867650882231153,0.41419321474890514,0.21897583347154556,0.3656047660952692,0.2960890964863359,0.07376327386223624,0.06267806276215299,0.5796425804202413,0.29438731911762583,0.028490028528251356,0.34985755032692667,0.09137529149788254,0.19093499119115362,0.22356902386896882,0.2675990679580845,0.33214193258754127,0.2238798241801861,0.15995856017316398,0.1271173272878706,0.12079772095978575,0.1270137271841315,0.17518777542281105,0.04123284128816014,-0.07169127178745432,0.09075369087544795,0.16130536152177222,0.20968660996792998
0.31461721744535376,0.48575572360924063,0.44883582413851697,0.41941415672816756,0.35377602817776854,0.524500155392106,0.5862729870595433,0.6394903138920542,0.46493318139438516,0.1789645438428824,0.08173624779861183,0.11426499533823681,0.19828032735937012,0.21723816430125348,0.13674505335128975,0.5653164819227183,0.42486402543403207,1.0,0.2994483438366724,0.3969750336682896,0.36423909665389,0.5410753133740805,0.425670775924583,0.3034289858075209,-0.19227183259090436,0.18615974308505126,0.10877447425670775,0.16093859268302044,0.2101937221589143,0.3312959701647156,0.08225422148554852,0.08867709520356365,0.33108878068994096,0.6324458717497151,0.41002797057909457,0.44307469180565623,0.12327773749093546,0.14115148537535588,0.1618149797990262,0.30017352577988526,0.35812700714803686,0.03397907386304775,0.16885942194136538,0.025640361563596753,-0.07515992854298766,0.03056044752926551,0.31213094374805755,0.2673780171967264,0.38889464415207703,0.26572050139852893,0.28519631202734896,0.5577540660934424,0.579819745156946,0.4323008391173728,0.5617942608515486,0.45250181290790426,0.6553403087123173,0.5127939500673365,0.0625712213819538,-0.06132808453330571,0.11235140248776032,0.16119341137470217,0.3039030329164084,0.12628198487516834,0.27411167512690354,0.09427121102248005,0.5119651921682378,0.2964440186433621,0.5403501502123692,0.8142239260973281,0.2888221278359059,0.5449083186574121,0.29876722262509064,0.10442349528643945,0.13425877965399358,0.04149291628470381,0.28581788045167306,0.23288096964674196,0.11012120584274318,0.021340515901792187,0.4823370972754584,0.3754888504535614,0.049311094996374184,0.45219102869574224,0.13829897441209985,0.3391691702061535,0.13819537967471252,0.19765875893504609,0.49155702890293174,0.23101626437376976,0.31451362270796646,0.11540453744949755,0.08733036361752822,0.10649539003418626,0.21931005904900028,0.09841500051797368,0.01129182637522014,0.140474463897234,0.41230705480161606,0.23640319071791155
-0.01569500919953498,-0.02646914092726857,-0.0055944055944055935,0.06972286972286972,0.04874258632594858,0.020356893120188936,0.12572198196348372,0.11815285803346302,0.05381885992843844,0.1705257705257705,0.185180389070421,0.21884955071958845,0.13483204272735827,0.6169744375434363,0.47753230960565346,0.11877444255621689,0.5628221401043472,0.2994483438366724,1.0,0.40625728432987745,0.6663904071023682,0.34751754692963766,0.4656186062528712,0.2855662894951695,-0.22309704495840652,0.24205537290239926,0.008857579449242516,0.21797461797461795,0.3900960867382771,0.30991168330302904,-0.09473984100973427,-0.021082075063401776,0.04635984565539211,0.36222838063481233,0.21356608227618065,0.15834865717154603,0.07101603172462859,-0.01761201761201761,0.04760301470089983,0.13177933177933177,0.18673435037730565,0.0032633187444577687,0.025433166722678802,-0.09686609686609685,-0.07262367262367261,-0.01548781435861703,0.1656004766036744,0.10965786955582693,0.005956851676391165,0.1699515682629514,-0.06987646009957985,0.04511667660988439,0.14032270601168406,0.08810960610035976,0.08002900730455957,-0.03030224548425071,0.07661029242941333,0.08634844995255715,0.01227629432438875,0.11473414315831679,0.13053613053613053,0.1526507990463023,0.3433307433307433,0.520007251993834,0.5580275053022785,0.4436559531155681,0.19574732595723665,0.674125874125874,0.5610318304955888,0.32084952084952084,0.5760534564621405,0.2929217063477569,0.48561290840145366,0.06086348451964886,0.3221361789171883,0.10484873615394351,0.3024526690299827,0.2688871048012742,0.008546787187865584,-0.05381885992843844,0.4731812179463765,0.2548562548562548,-0.00419569552858856,0.24081220385689153,0.022428841529368474,0.16218176172852816,0.104892388214714,0.17212711409258993,0.2314884360155836,0.1576234752283332,0.015073424676781123,0.039626013325558616,0.043355520462081784,0.01569500919953498,0.03879723396188681,-0.08800600867990077,-0.0182849447110094,0.12322913163595288,0.0028489290626218613,0.16249255398990511
0.09012742152698641,0.08391173728374597,0.12250394969274005,0.16767242501285393,0.19496529576297522,0.16347249559722365,0.22957782988583636,0.23329534859629128,0.1577747850409199,0.0834477221797058,0.0346006422873718,0.052004558168445035,0.12110224800580129,0.29669532787734376,0.2717289961669947,0.2053247695017093,0.3313131317576285,0.3969750336682896,0.40625728432987745,1.0,0.42546358644980836,0.28219206464311614,0.44960116026105873,0.30684761214130324,-0.2004558168445043,0.1205842743188646,0.22511136434269138,0.27013027384678195,0.44587174971511445,0.23857868020304568,0.058945405573396864,-0.04568527918781726,0.14513622707966436,0.557339687143893,0.4264995338236817,0.5231534238060707,0.31648192271832587,0.00968635881291433,0.16813425877965396,0.19305379302530323,0.463068476121413,0.013363721122966953,0.10929244794364446,0.0718448110883004,0.15544792939869467,0.11478296902517351,0.28488552781518695,0.39801098104216304,0.3340930280741738,0.37874235988811766,0.05676991608826271,0.1702061535274008,0.24614109603232154,0.21609862218999273,0.17673262198280326,0.12400290065264684,0.21226561690666113,0.19341137470216513,0.05500880555267792,-0.032632342277012324,0.11100463602179363,0.19092510100486892,0.1521328119440074,0.2869574225629338,0.33678649124624466,0.2505956697399772,0.42670672329845644,0.30939369620073415,0.44307469180565623,0.341301701702099,0.46835180772816737,0.27483683828861494,0.36144203874443176,0.1256604164508443,0.14182119548326944,0.054028853539258515,0.34662799129804206,0.22987672226250905,0.13674505335128975,-0.059566973997720915,0.35046099658137364,0.4820905961058485,0.1813943851652336,0.355122759763804,0.2109188853206257,0.3148244069201285,0.2350564591318761,0.24189371179944055,0.4728063814358231,0.33077799647777895,0.20604993266342067,0.09665388998238889,0.19434372733865118,0.08795193204185227,0.14979799026209467,0.11882316378327981,0.10566663213508752,0.3608204703201077,0.3398943333678649,0.38029628094892776
