0,1,2,3,4,5,6,7,8,9,10,11,12,13,14,15,16,17,18,19,20,21,22,23,24,25,26,27,28,29,30,31,32,33,34,35,36,37,38,39,40,41,42,43,44,45,46,47,48,49,50,51,52,53,54,55,56,57,58,59,60,61,62,63,64,65,66,67,68,69,70,71,72,73,74,75,76,77,78,79,80,81,82,83,84,85,86,87,88,89,90,91,92,93,94,95,96,97,98,99
1.0,-0.012060301507537688,0.14613065326633165,0.01185929648241206,-0.21175879396984923,0.13959798994974873,0.12070351758793968,-0.011658291457286432,0.03909547738693467,0.1451795271696251,0.07929648241206029,0.09698492462311557,-0.15316582914572863,-0.02773869346733668,0.19597989949748743,0.15181285966751035,-0.12422110552763817,0.06623115577889446,-0.04301507537688442,0.2728643216080402,0.2364824120603015,-0.14462311557788943,0.00919621096297729,-0.03376884422110553,0.3295477386934673,0.04974874371859296,-0.0250251256281407,-0.03708542713567839,0.042764893603790564,-0.012412372174073172,0.15698492462311558,0.3364824120603015,0.1750753768844221,-0.045728643216080396,-0.06462311557788945,0.1778894472361809,0.07462499060120915,0.2315577889447236,-0.014271356783919597,0.006482574941115139,0.11909547738693468,0.21266331658291457,-0.03402095531112363,0.34793969849246226,0.14974874371859295,0.16271356783919597,0.07849246231155779,0.10854271356783919,0.31819095477386933,0.3322613065326633,0.32387748446114006,0.017185929648241203,0.06472361809045225,-0.012060301507537688,0.029598733645866793,0.10030150753768843,-0.04633165829145729,0.01879396984924623,0.17036031982916855,0.24884422110552762,0.06422110552763818,-0.0371859296482412,-0.0898537616090128,0.007085605168195617,0.011959798994974872,0.14306892137484342,0.07256281407035176,-0.04040201005025125,-0.14015427527728777,-0.04542713567839196,0.23045226130653262,-0.18512562814070352,-0.10763819095477387,-0.09909547738693467,0.0764824120603015,0.17909547738693465,0.17346733668341707,-0.029547738693467336,0.2702077942509775,0.23919597989949748,-0.16025528284663704,-0.013165829145728643,-0.05849246231155778,-0.14542713567839194,-0.053969849246231154,-0.08361809045226129,0.20854271356783918,-0.015678391959798994,0.11085427135678391,-0.07467336683417085,0.1021105527638191,0.3132663316582915,-0.038994974874371854,0.3458291457286432,0.02010050251256281,0.28402010050251253,0.09457286432160802,0.0192964824120603,0.19688442211055276,0.28130653266331657
-0.012060301507537688,1.0,0.3949748743718593,0.5429145728643215,0.39507537688442207,0.28613065326633164,0.39065326633165826,0.4980904522613065,0.2973869346733668,0.19000477404927396,0.00592964824120603,0.005728643216080401,0.17185929648241205,0.05407035175879397,0.0793969849246231,0.506997663417912,0.2192964824120603,0.2007035175879397,0.23678391959798992,0.17618090452261306,0.011758793969849246,0.23969849246231154,0.202266388666577,0.12884422110552762,-0.03587939698492462,0.15688442211055276,0.23447236180904524,0.10824120603015075,0.1931204302225231,0.11864619717808406,-0.210251256281407,0.02914572864321608,0.11035175879396984,0.24190954773869341,0.32170854271356786,0.15919597989949746,0.0005527777081571049,0.15618090452261307,0.11055276381909547,0.13945074001236055,-0.034673366834170855,0.0335678391959799,0.1037714515767656,-0.07919597989949749,0.13467336683417083,0.08512562814070351,0.1265326633165829,0.0064321608040201,0.05587939698492462,-0.12201005025125629,-0.003366918767866002,0.4123618090452261,0.3447236180904522,0.4864321608040201,0.3826729316014867,0.28643216080402006,0.3351758793969849,0.2989949748743718,0.06261621194901004,0.030351758793969844,0.23005025125628142,0.13869346733668342,0.3169003471512498,0.09231387726223651,0.22824120603015075,0.13452599315786998,0.2858291457286432,0.2942713567839196,0.30498253734595177,0.26934673366834166,0.1623115577889447,0.27115577889447234,0.2573869346733668,0.17306532663316582,0.25336683417085426,0.19457286432160803,0.2080402010050251,0.23839195979899494,-0.07000175886025883,-0.06592964824120602,0.19603507632007872,0.0350753768844221,0.1543718592964824,0.3466331658291457,0.3850251256281407,0.24462311557788943,0.013969849246231155,0.12100502512562814,0.18542713567839195,0.23306532663316584,-0.03336683417085427,-0.12492462311557789,-0.0026130653266331653,-0.016984924623115575,0.13045226130653265,-0.08804020100502512,0.24271356783919595,0.15919597989949746,0.09839195979899497,-0.108643216080402
0.14613065326633165,0.3949748743718593,1.0,0.269748743718593,0.26261306532663314,0.6320603015075377,0.42703517587939693,0.4124623115577889,0.5209045226130653,0.2549310284982721,0.09738693467336683,0.23688442211055274,0.19055276381909544,0.05668341708542713,0.07316582914572864,0.2516143622493295,0.144321608040201,0.1671356783919598,0.215678391959799,0.27527638190954773,-0.010753768844221105,0.20452261306532662,0.1972411367742397,0.18070351758793968,0.11889447236180904,0.3309547738693467,0.10201005025125627,0.04793969849246231,0.21573406373804102,0.10256539112260464,-0.12884422110552762,0.03597989949748743,-0.02452261306532663,0.11386934673366834,0.17618090452261306,0.35959798994974873,-0.007085605168195617,0.08663316582914572,0.10914572864321608,0.209402246353696,-0.12834170854271357,0.12261306532663317,-0.009397221038670783,-0.0022110552763819095,-0.05547738693467336,-0.025427135678391957,0.047336683417085426,-0.058693467336683416,0.2594974874371859,-0.042412060301507536,0.04849368076105511,0.3426130653266331,0.217286432160804,0.24723618090452257,0.5536320009788023,0.6305527638190954,0.2997989949748744,0.39266331658291453,0.1104578120898267,0.1322613065326633,0.35969849246231156,0.1951758793969849,0.2764963066961904,0.021960350769514074,0.21899497487437183,0.0970376140410336,0.30452261306532663,0.19899497487437184,0.16005427277094356,0.2142713567839196,0.1830150753768844,0.2014070351758794,0.16974874371859294,0.19678391959798994,0.21236180904522614,0.3384924623115578,0.2653266331658291,0.28261306532663316,-0.021558330618127088,-0.06753768844221106,0.04507650947426574,-0.09195979899497488,-0.03195979899497488,0.19708542713567836,0.2567839195979899,0.10552763819095476,0.04914572864321608,0.06613065326633165,0.2971859296482412,0.23587939698492463,-0.16502512562814067,0.09939698492462311,-0.02010050251256281,0.09798994974874371,0.03417085427135678,-0.017688442211055276,0.10924623115577889,0.0707537688442211,0.24452261306532663,-0.04432160804020101
0.01185929648241206,0.5429145728643215,0.269748743718593,1.0,0.41939698492462313,0.15407035175879397,0.31346733668341703,0.38572864321608036,0.12150753768844219,0.16005427277094356,-0.16693467336683415,-0.10763819095477387,0.0771859296482412,0.02914572864321608,0.13045226130653265,0.3616673786915167,0.11316582914572863,0.0571859296482412,0.17065326633165828,0.14522613065326634,0.04693467336683416,0.14462311557788943,0.2543279982711916,-0.030753768844221104,-0.03326633165829145,0.09557788944723618,0.1635175879396985,-0.017185929648241203,0.0868866052185122,0.16869770602576373,-0.2824120603015075,-0.0757788944723618,0.19256281407035175,0.23306532663316584,0.20552763819095476,0.034572864321608034,-0.10648508759862775,0.23437185929648238,0.08723618090452262,0.14849619341856773,-0.018391959798994974,-0.10231155778894471,0.05995125507558419,-0.15618090452261307,0.1392964824120603,0.11125628140703517,0.165929648241206,0.053266331658291456,-0.0657286432160804,-0.10653266331658291,-0.19111032946558815,0.26321608040201006,0.3049246231155779,0.6070351758793969,0.24136284838896135,0.15316582914572863,0.2608040201005025,0.17175879396984922,0.012563445415130424,0.034974874371859296,0.1357788944723618,0.1334673366834171,0.28795416891478937,0.09372094779209096,0.25336683417085426,0.16909972617715072,0.24683417085427137,0.23658291457286432,0.2828714290196676,0.18271356783919596,0.14502512562814068,0.2192964824120603,0.21879396984924623,0.15537688442211056,0.16894472361809043,0.16824120603015075,0.17889447236180903,0.23417085427135675,-0.08346943393172283,-0.17748743718592963,0.18638659268679109,0.06261306532663316,0.045025125628140705,0.32613065326633167,0.3894472361809045,0.30613065326633165,-0.03246231155778894,0.004020100502512562,0.09517587939698492,0.26904522613065324,0.015276381909547736,-0.1637185929648241,0.017487437185929648,-0.17396984924623113,0.061306532663316586,-0.1965829145728643,0.2981909547738693,0.1193969849246231,-0.058592964824120596,-0.10723618090452261
-0.21175879396984923,0.39507537688442207,0.26261306532663314,0.41939698492462313,1.0,0.24984924623115579,0.30954773869346736,0.37356783919597986,0.24482412060301506,0.08115781806124767,-0.1272361809045226,-0.08844221105527637,0.23125628140703516,0.036683417085427134,0.03849246231155779,0.17020528159346493,0.2591959798994975,0.15557788944723616,0.27909547738693463,0.1021105527638191,-0.06753768844221106,0.32180904522613063,0.2942284982963499,0.12090452261306532,-0.22070351758793968,0.12402010050251255,0.23376884422110553,0.10633165829145728,0.14447599190469787,0.14930023372134169,-0.22864321608040203,-0.12773869346733668,0.04331658291457286,0.2741708542713568,0.3419095477386934,0.14100502512562813,0.030402773948640768,-0.0067336683417085425,0.12251256281407034,0.17693911912919694,0.017688442211055276,-0.026633165829145728,0.1599537677330968,-0.17557788944723618,0.051356783919597984,0.06170854271356784,0.2058291457286432,0.12753768844221106,0.056783919597989944,-0.0750753768844221,-0.16186336345218497,0.29567839195979895,0.32552763819095476,0.475678391959799,0.36568758020538655,0.2602010050251256,0.31618090452261305,0.2733668341708542,-0.025528921083545025,-0.16753768844221104,0.19758793969849245,0.15447236180904522,0.2924770092642363,0.012613382249766665,0.19597989949748743,0.05010176136660305,0.2981909547738693,0.2991959798994975,0.360360813199509,0.29477386934673366,0.08944723618090451,0.3158793969849246,0.3366834170854271,0.1858291457286432,0.13185929648241204,0.0672361809045226,0.13236180904522613,0.2953768844221105,-0.21302042771617885,-0.09537688442211055,0.24920224134100755,0.07336683417085427,0.05597989949748743,0.31537688442211054,0.31698492462311556,0.2786934673366834,0.04944723618090452,0.11165829145728642,0.19979899497487436,0.2544723618090452,0.009547738693467336,-0.19115577889447236,0.03165829145728643,-0.2008040201005025,0.14060301507537687,-0.19768844221105528,0.21889447236180903,0.18763819095477385,0.10914572864321608,-0.05266331658291457
0.13959798994974873,0.28613065326633164,0.6320603015075377,0.15407035175879397,0.24984924623115579,1.0,0.41206030150753764,0.37879396984924624,0.6271356783919598,0.16095881811156426,0.08924623115577889,0.16904522613065326,0.17517587939698492,-0.011557788944723616,0.01678391959798995,0.23663911161016424,0.17618090452261306,0.23698492462311554,0.23306532663316584,0.3031155778894472,-0.03537688442211055,0.25587939698492457,0.19261790503328935,0.22321608040201005,0.10371859296482411,0.2560804020100502,0.12824120603015074,0.09447236180904522,0.251011332022249,0.0751275157904429,-0.0658291457286432,0.030653266331658293,-0.06623115577889446,0.15457286432160802,0.18693467336683414,0.46180904522613064,0.08125832309909442,0.0009045226130653265,0.08371859296482412,0.12950074126553265,-0.11919597989949747,0.1759798994974874,-0.0024623734272452855,0.022211055276381907,-0.0628140703517588,0.00321608040201005,0.05849246231155778,-0.04512562814070351,0.3253266331658291,-0.0350753768844221,0.07211236465504049,0.28824120603015074,0.24492462311557786,0.18522613065326632,0.6246890627364519,0.7544723618090451,0.3429145728643216,0.44603015075376884,0.048042615267458746,-0.02301507537688442,0.32763819095477387,0.16452261306532662,0.29569325129050966,-0.040453277733315404,0.23055276381909548,0.03623206614375205,0.31889447236180907,0.21376884422110554,0.20930174131584925,0.277286432160804,0.1736683417085427,0.24251256281407033,0.21125628140703517,0.22100502512562814,0.2122613065326633,0.28251256281407033,0.24793969849246228,0.24552763819095474,-0.007990150508816334,-0.029648241206030147,0.10387195661461235,-0.051859296482412054,-0.031055276381909542,0.17608040201005024,0.26271356783919597,0.13155778894472359,0.08663316582914572,0.09979899497487436,0.33909547738693463,0.23195979899497488,-0.09658291457286432,0.09567839195979898,-0.04793969849246231,0.13246231155778893,0.07185929648241206,-0.006130653266331658,0.09829145728643215,0.06743718592964824,0.32281407035175874,-0.028542713567839193
0.12070351758793968,0.39065326633165826,0.42703517587939693,0.31346733668341703,0.30954773869346736,0.41206030150753764,1.0,0.5484422110552764,0.4834170854271357,0.01683459383933001,-0.02793969849246231,-0.0578894472361809,0.15447236180904522,-0.01678391959798995,0.12773869346733668,0.38046182076885826,0.19125628140703516,0.2852261306532663,0.22542713567839195,0.34492462311557787,0.07698492462311558,0.2584924623115578,0.2727204201971462,0.15065326633165826,-0.09829145728643215,0.03919597989949749,0.06834170854271356,0.04763819095477386,0.3298072816940981,0.04075479284685564,-0.18603015075376883,-0.02944723618090452,0.07346733668341708,0.22452261306532662,0.2858291457286432,0.3749748743718593,0.06457448681653452,0.02944723618090452,-0.015175879396984922,0.18347194658923546,0.1471356783919598,-0.00492462311557789,0.0751275157904429,-0.02924623115577889,-0.039497487437185924,0.16844221105527638,0.2741708542713568,0.22040201005025123,0.32613065326633167,0.13175879396984924,-0.040453277733315404,0.31819095477386933,0.29115577889447236,0.3631155778894472,0.37021030690849016,0.47628140703517585,0.4482412060301507,0.4574874371859296,-0.10382431291063783,-0.03085427135678392,0.1764824120603015,0.15185929648241206,0.23428313010135218,-0.021759340693820583,0.2500502512562814,0.11181185460450531,0.4300502512562814,0.2413065326633166,0.18528103727047687,0.3060301507537688,0.2528643216080402,0.1980904522613065,0.1879396984924623,0.07185929648241206,0.29105527638190953,0.05175879396984925,0.3116582914572864,0.1771859296482412,-0.10849518835556267,-0.0678391959798995,0.15734063674908141,0.002814070351758794,0.006331658291457286,0.18834170854271354,0.2042211055276382,0.15628140703517585,0.08422110552763819,0.006532663316582914,0.31698492462311556,0.20623115577889445,-0.05698492462311558,-0.08924623115577889,-0.16190954773869345,-0.005226130653266331,0.011959798994974872,-0.04552763819095477,0.20321608040201003,0.06060301507537689,0.36301507537688443,0.03557788944723618
-0.011658291457286432,0.4980904522613065,0.4124623115577889,0.38572864321608036,0.37356783919597986,0.37879396984924624,0.5484422110552764,1.0,0.477286432160804,0.027990653040318857,-0.05316582914572864,-0.0521608040201005,0.1951758793969849,-0.09407035175879397,0.012462311557788944,0.4220709064374113,0.23336683417085427,0.39487437185929647,0.24723618090452257,0.2953768844221105,-0.06623115577889446,0.32894472361809046,0.2689012287589698,0.13728643216080402,-0.10703517587939698,0.08271356783919598,0.1723618090452261,-0.01678391959798995,0.25503153353611885,0.03422196538681713,-0.22271356783919596,-0.07316582914572864,0.02472361809045226,0.27547738693467333,0.3938693467336683,0.3561809045226131,-0.11643508634545564,-0.03939698492462312,-0.08884422110552763,0.06447398177868778,-0.037487437185929645,-0.09567839195979898,0.03542802584097808,-0.24381909547738695,0.011055276381909547,-0.0250251256281407,0.1709547738693467,0.0707537688442211,0.13949748743718593,-0.16201005025125628,-0.015427523309475565,0.3810050251256281,0.3380904522613065,0.4233165829145728,0.36397899456199184,0.4472361809045226,0.6191959798994974,0.6051256281407035,-0.15749535172407503,-0.06472361809045225,0.22060301507537686,0.15839195979899498,0.3030303034129459,-0.1517123546296636,0.2274371859296482,0.038242166900686984,0.45688442211055275,0.2669346733668342,0.39563808148371693,0.4864321608040201,0.24532663316582912,0.3873366834170854,0.3641206030150754,0.10854271356783919,0.3100502512562814,0.1258291457286432,0.26914572864321606,0.208643216080402,-0.20678911536968062,-0.11376884422110553,0.34297344165202187,0.06422110552763818,0.14472361809045226,0.43145728643216075,0.40432160804020095,0.342713567839196,-0.013165829145728643,0.03939698492462312,0.3852261306532663,0.30482412060301506,-0.10331658291457285,-0.21698492462311555,-0.24643216080402008,-0.08934673366834171,0.02914572864321608,-0.18271356783919596,0.1958793969849246,0.15999999999999998,0.24452261306532663,-0.1578894472361809
0.03909547738693467,0.2973869346733668,0.5209045226130653,0.12150753768844219,0.24482412060301506,0.6271356783919598,0.4834170854271357,0.477286432160804,1.0,0.15573255614353346,0.1294472361809045,0.20482412060301505,0.2931658291457286,0.026231155778894472,0.06402010050251256,0.2826704189439741,0.21839195979899495,0.30130653266331653,0.22381909547738693,0.3258291457286432,-0.008643216080402008,0.34351758793969844,0.22236739623592627,0.2684422110552763,0.036180904522613064,0.24482412060301506,0.18512562814070352,0.14311557788944723,0.3102087993139826,0.07422297044982216,-0.04994974874371859,0.06040201005025125,-0.00914572864321608,0.22271356783919596,0.3137688442211055,0.5804020100502512,0.12065629793501899,-0.047336683417085426,0.006130653266331658,0.13995326520159426,-0.04723618090452261,0.11125628140703517,0.08035377775847369,-0.027236180904522612,-0.044924623115577884,0.015276381909547736,0.10994974874371859,0.03125628140703517,0.27768844221105526,-0.05417085427135678,0.09784165434380755,0.24281407035175875,0.2567839195979899,0.17537688442211052,0.4960426142926166,0.6823115577889447,0.40904522613065325,0.5935678391959799,0.022011156367308504,0.0005025125628140703,0.35597989949748743,0.21919597989949746,0.32886074718645397,-0.0681926681790174,0.22854271356783917,0.05351893265339242,0.3667336683417085,0.20633165829145728,0.2504083017951685,0.32130653266331655,0.19638190954773868,0.3353768844221105,0.2625125628140703,0.17758793969849243,0.2769849246231156,0.2288442211055276,0.26623115577889445,0.25698492462311556,-0.013819442703927622,0.008542713567839194,0.21945275013837062,0.022512562814070353,0.08633165829145728,0.2830150753768844,0.29909547738693465,0.21859296482412058,0.11457286432160804,0.13457286432160803,0.40582914572864315,0.29165829145728644,-0.10422110552763819,-0.007638190954773868,-0.12211055276381907,0.10050251256281406,0.11266331658291456,0.0250251256281407,0.12603015075376883,0.1058291457286432,0.3236180904522613,-0.06693467336683416
0.1451795271696251,0.19000477404927396,0.2549310284982721,0.16005427277094356,0.08115781806124767,0.16095881811156426,0.01683459383933001,0.027990653040318857,0.15573255614353346,1.0,0.08346943393172283,0.35443101596655097,0.12226437854056693,0.14588306243455232,0.18829618840587928,0.20463339866324942,0.0046734842598737045,-0.079047212266466,0.01472398804454834,0.05743862912941554,0.06879569840609788,0.13864669970958657,0.009045680687471731,0.12598306494089653,0.3277971809371632,0.36458202478907237,0.09221337222438977,0.035126510727437846,-0.016784763053419766,0.13980602040303533,0.00728661524388911,0.23281992017198788,0.2313123446042867,0.0964345838139531,0.13502851834710372,0.10216337097121765,0.029448716015880193,0.26035830054199643,0.4033769693979164,0.3810241720689482,-0.08919822108898737,0.24769466577330634,0.1330720136690286,0.09311791756501049,0.030201763872947276,-0.039247217279154444,-0.049297721063829084,-0.1107062991881911,-0.05442347799401315,-0.10588205737154727,0.08342127745112819,0.04638307496627343,0.04507650947426573,0.05854418454572975,0.19217046082717723,0.1226663986919539,-0.02979974372156029,0.03191034951634196,0.5163705808600537,0.27774567208948353,0.4622729215761097,0.1432699314505369,0.21192552209117727,0.1920699532639831,0.0697002437467186,0.2004120810090959,0.03542802584097808,0.05874519462142324,0.08945173124277601,-0.0013568180109310756,0.011809341946992694,0.18116033071876028,0.05321741753985219,0.3903113144778394,0.07281589991996772,0.49714816970893083,0.03281489485696268,0.17211487731255312,0.2627267701894567,0.06758963795193691,0.08693904216292275,-0.0025628784650920315,0.01693509887717676,0.1905072992385077,0.15251639493243757,0.1712103319719324,0.06568004223284873,0.09030377650530158,0.014623483006701594,0.28307243909536106,-0.09301741252716374,0.15251639493243757,0.3209628383635844,0.17281841257748032,0.2676951683048089,0.09331892764070399,0.0833689288938761,0.006884595092502124,-0.08025327272062695,-0.07884620219077251
0.07929648241206029,0.00592964824120603,0.09738693467336683,-0.16693467336683415,-0.1272361809045226,0.08924623115577889,-0.02793969849246231,-0.05316582914572864,0.1294472361809045,0.08346943393172283,1.0,0.45527638190954767,0.15688442211055276,0.06402010050251256,0.14924623115577887,-0.030201763872947273,-0.001708542713567839,-0.01708542713567839,-0.051959798994974875,0.015276381909547736,0.04462311557788944,0.03537688442211055,-0.12367144907042138,0.22381909547738693,0.1057286432160804,0.2287437185929648,-0.0012060301507537687,0.14492462311557788,0.12226437854056693,-0.09020327146745484,0.09296482412060302,0.2057286432160804,-0.10180904522613066,-0.11618090452261307,0.041608040201005024,0.08834170854271356,0.10819367324202243,0.004723618090452262,-0.025427135678391957,-0.054523983031859895,-0.07376884422110552,0.0786934673366834,-0.08105731302340091,0.17658291457286432,0.041909547738693466,-0.004221105527638191,-0.21487437185929648,-0.14281407035175878,0.1349748743718593,0.09758793969849246,0.22769416324180383,-0.06934673366834171,-0.05316582914572864,-0.21839195979899495,0.06990125382241208,0.08070351758793969,-0.1306532663316583,-0.004221105527638191,0.15578672314761727,0.23045226130653262,0.14412060301507537,0.1601005025125628,-0.016885270637935292,-0.004170959070639973,0.024321608040201004,0.09130882688376904,-0.07386934673366834,-0.01557788944723618,-0.2221663861602328,-0.14904522613065324,0.04964824120603015,-0.09537688442211055,-0.1515577889447236,-0.0378894472361809,0.22050251256281406,0.059597989949748735,0.13819095477386933,0.03989949748743719,0.053719942729085916,0.14020100502512564,-0.0979421593816543,-0.07256281407035176,0.027638190954773868,-0.04120603015075377,-0.07256281407035176,-0.18060301507537688,0.04844221105527638,0.06864321608040201,-0.023517587939698492,-0.0864321608040201,-0.08170854271356784,0.09809045226130653,-0.018190954773869346,0.1157788944723618,-0.0521608040201005,0.2236180904522613,-0.04562814070351758,-0.10261306532663315,0.07497487437185929,0.02452261306532663
0.09698492462311557,0.005728643216080401,0.23688442211055274,-0.10763819095477387,-0.08844221105527637,0.16904522613065326,-0.0578894472361809,-0.0521608040201005,0.20482412060301505,0.35443101596655097,0.45527638190954767,1.0,0.24271356783919595,0.11708542713567838,0.17155778894472362,0.0008542928216973439,0.07326633165829145,0.036180904522613064,0.054773869346733665,0.11497487437185928,0.11899497487437186,0.14854271356783919,-0.005176009449107437,0.31125628140703515,0.33447236180904516,0.5266331658291457,0.09085427135678392,0.16381909547738693,0.1103042790368041,0.08487650446157728,0.11668341708542714,0.1685427135678392,-0.01597989949748744,-0.02472361809045226,0.08623115577889447,0.15628140703517585,-0.008191160584509827,-0.004321608040201004,0.05497487437185929,0.07542903090398313,-0.18150753768844222,0.2294472361809045,-0.06346893140022032,0.14120603015075375,-0.018190954773869346,-0.11778894472361807,-0.16904522613065326,-0.20351758793969849,0.03246231155778894,-0.0700502512562814,0.1937234604496036,-0.03678391959798995,0.02864321608040201,-0.15668341708542713,0.15794366697616188,0.14502512562814068,-0.08482412060301507,0.052462311557788945,0.3151917185747921,0.3430150753768844,0.36080402010050244,0.22180904522613065,0.1202070457319679,0.04990075129090956,0.056281407035175875,0.18518053223263012,-0.08331658291457286,0.04231155778894472,-0.10316842134968512,-0.061407035175879386,0.0864321608040201,0.022613065326633167,-0.02472361809045226,0.08854271356783919,0.15537688442211056,0.3795979899497487,0.16693467336683415,0.22281407035175876,0.16548154481466784,0.0708542713567839,-0.06708711276270318,-0.17266331658291456,-0.0003015075376884422,0.013467336683417085,0.02452261306532663,-0.09879396984924622,0.005226130653266331,0.08934673366834171,0.06814070351758794,0.037788944723618094,-0.10201005025125627,0.14894472361809044,0.04271356783919598,0.207035175879397,0.05557788944723618,0.15708542713567838,-0.10733668341708541,-0.06683417085427136,-0.014874371859296482,-0.10894472361809045
-0.15316582914572863,0.17185929648241205,0.19055276381909544,0.0771859296482412,0.23125628140703516,0.17517587939698492,0.15447236180904522,0.1951758793969849,0.2931658291457286,0.12226437854056693,0.15688442211055276,0.24271356783919595,1.0,0.2824120603015075,0.1537688442211055,0.10025377525212947,0.3628140703517588,0.1759798994974874,0.29005025125628137,0.08713567839195979,0.014974874371859298,0.34804020100502514,0.3143295058656992,0.2265326633165829,-0.08452261306532663,0.28613065326633164,0.25557788944723614,0.35085427135678393,0.2553330486496591,0.23734264687509146,-0.10170854271356783,-0.04201005025125628,0.011256281407035176,0.23889447236180905,0.2803015075376884,0.1644221105527638,0.14467700198039135,-0.028140703517587937,-0.018090452261306532,0.014221462855314608,-0.0067336683417085425,0.061306532663316586,0.08306741378033584,-0.09045226130653267,0.0679396984924623,0.0067336683417085425,0.08713567839195979,0.04864321608040201,0.008442211055276382,-0.08743718592964823,-0.09201236214869626,0.13336683417085426,0.12180904522613065,0.08160804020100502,0.2541269881954981,0.1993969849246231,0.14804020100502513,0.2009045226130653,-0.00884466557225182,0.09085427135678392,0.3667336683417085,0.5963819095477386,0.4645459576698626,0.08789165559697967,0.17035175879396983,0.18306992643784845,0.1435175879396985,0.26311557788944717,0.18769315817879878,0.1700502512562814,0.061206030150753765,0.2615075376884422,0.2413065326633166,0.06190954773869346,0.21256281407035174,0.16623115577889447,0.24723618090452257,0.4954773869346733,-0.030804794100027753,-0.07276381909547738,0.21523153854880728,0.01557788944723618,0.0026130653266331653,0.20814070351758793,0.25979899497487435,0.14311557788944723,0.0708542713567839,0.21949748743718592,0.1379899497487437,0.16552763819095476,-0.08341708542713568,-0.1830150753768844,-0.014874371859296482,-0.015778894472361808,0.08562814070351758,-0.0128643216080402,0.0778894472361809,0.112964824120603,0.06703517587939697,-0.0764824120603015
-0.02773869346733668,0.05407035175879397,0.05668341708542713,0.02914572864321608,0.036683417085427134,-0.011557788944723616,-0.01678391959798995,-0.09407035175879397,0.026231155778894472,0.14588306243455232,0.06402010050251256,0.11708542713567838,0.2824120603015075,1.0,0.3965829145728643,-0.029297218532326558,0.06090452261306532,-0.07386934673366834,0.11597989949748744,-0.01557788944723618,0.2423115577889447,-0.04432160804020101,0.16447649443620038,-0.08984924623115577,-0.07587939698492462,0.05899497487437186,0.026834170854271353,0.14824120603015076,0.079047212266466,0.23905123251848617,0.04542713567839196,0.05949748743718593,0.050653266331658287,0.053969849246231154,-0.025427135678391957,-0.012462311557788944,0.1835724516270822,0.09668341708542713,0.09768844221105527,0.052815397388465204,0.07668341708542713,0.10130653266331657,0.09784165434380755,0.06472361809045225,-0.001407035175879397,0.07407035175879396,0.019396984924623113,0.10190954773869346,0.008040201005025125,0.08763819095477386,-0.03924721727915445,-0.10100502512562813,0.02231155778894472,-0.04462311557788944,0.005980049751881407,-0.03839195979899497,-0.16834170854271355,-0.17396984924623113,0.09889944230790672,0.14271356783919598,0.15748743718592964,0.26050251256281404,0.1704608273924896,0.5341340236365334,0.26944723618090455,0.4892082717190378,0.004623115577889447,0.2008040201005025,0.04015176261977516,-0.08241206030150754,0.06301507537688442,-0.02452261306532663,0.08693467336683416,0.06613065326633165,0.01678391959798995,0.050653266331658287,0.061105527638190944,0.2651256281407035,0.08286640370464236,-0.008643216080402008,-0.003266413730019256,0.09879396984924622,-0.010050251256281405,-0.009949748743718591,0.01879396984924623,0.030351758793969844,0.14140703517587938,0.09969849246231155,-0.07407035175879396,0.03768844221105527,-0.028542713567839193,0.08854271356783919,0.19035175879396984,0.047537688442211054,0.10030150753768843,0.08361809045226129,0.08592964824120602,0.14733668341708542,-0.01115577889447236,0.14180904522613064
0.19597989949748743,0.0793969849246231,0.07316582914572864,0.13045226130653265,0.03849246231155779,0.01678391959798995,0.12773869346733668,0.012462311557788944,0.06402010050251256,0.18829618840587928,0.14924623115577887,0.17155778894472362,0.1537688442211055,0.3965829145728643,1.0,0.06718761780054994,0.08020100502512563,0.026633165829145728,0.08783919597989949,0.21316582914572862,0.46582914572864315,-0.04854271356783919,0.2107088118457037,-0.04221105527638191,0.037487437185929645,0.05517587939698492,0.09336683417085427,0.12552763819095478,0.2828714290196676,0.17975326018890583,0.08241206030150754,0.14894472361809044,0.20402010050251254,0.08412060301507537,0.09075376884422111,0.09487437185929648,0.1588482123167826,0.12321608040201004,-0.001809045226130653,0.004070454032793227,0.1343718592964824,0.03939698492462312,0.11060579415034434,0.15256281407035177,0.11336683417085426,0.17296482412060302,0.11989949748743717,0.23417085427135675,0.16341708542713568,0.2281407035175879,0.03844317697638047,0.00793969849246231,0.13326633165829144,0.10251256281407035,0.04678509511766042,0.016884422110552764,-0.037487437185929645,-0.01638190954773869,0.21388009474718034,0.19376884422110552,0.16170854271356783,0.215678391959799,0.1220161818717467,0.22035729547899136,0.24894472361809045,0.6305183549315632,0.14613065326633165,0.15618090452261307,0.02316641122367503,-0.009045226130653266,0.3422110552763819,-0.03557788944723618,0.11708542713567838,-0.03175879396984924,0.1607035175879397,0.08944723618090451,0.3131658291457286,0.21668341708542713,0.11281690498297277,0.0864321608040201,0.024874996867069718,0.10201005025125627,-0.03396984924623115,-0.00010050251256281406,0.047537688442211054,0.07316582914572864,0.21819095477386935,0.0064321608040201,0.07949748743718593,-0.018994974874371857,0.07095477386934673,0.060201005025125626,0.06693467336683416,0.051959798994974875,0.046432160804020094,0.16683417085427135,0.1500502512562814,0.18391959798994975,0.1629145728643216,0.24351758793969847
0.15181285966751035,0.506997663417912,0.2516143622493295,0.3616673786915167,0.17020528159346493,0.23663911161016424,0.38046182076885826,0.4220709064374113,0.2826704189439741,0.20463339866324942,-0.030201763872947273,0.0008542928216973439,0.10025377525212947,-0.029297218532326558,0.06718761780054994,1.0,0.22186487104669253,0.30196738621054936,0.25422749323334487,0.230407799263666,0.09301741252716374,0.22980476903658553,0.10583446404341926,0.14930023372134169,0.13291791255232202,0.0734189301470482,0.140857810542215,0.06065479034051142,0.22815216845067587,0.032463942911704104,-0.1076911480527887,0.15332043523521155,0.2174426493814357,0.22156335593315232,0.2663886028128012,0.19613558135792547,-0.0652294085129906,0.23080981941505296,0.07100680923872629,0.052967485803306694,-0.09392195786778446,0.049699741215216066,0.052565455550530174,0.009296716000824035,0.13271690247662854,0.06005176011343094,0.044573984285032,-0.03532752080313134,0.0293977235701733,-0.12578205486520305,0.11266897834062012,0.32448051468822053,0.30397748696748433,0.30035930560500146,0.27378260214081107,0.24055880808618735,0.3719188925518848,0.3065906179514997,0.08769505241856873,0.06145883064328538,0.26196638114754434,0.07150933442796002,0.2833881951795467,0.06020403035328408,0.1976431569256267,0.0851299060254284,0.20236689370442376,0.2670921380777284,0.22634303231318156,0.32618910033161524,0.20709063048322082,0.21925174006267714,0.21493002343526704,0.10166084578198392,0.31925425272018976,0.2528204227034904,0.2605593106176899,0.12950074126553265,0.09889944218302427,0.05492600318324688,0.21006080707573244,-0.06809216314117064,0.09221337222438977,0.2356340612316968,0.2748310259919279,0.1794517450753656,-0.03904620720346095,0.04909671098813558,0.1699037664799247,0.13533003346064396,-0.04376994398225803,-0.06457448681653452,-0.1215608432756397,0.14347094152623038,0.11040478407465086,-0.012010352022686188,0.13060629668184687,0.0295987336458668,0.10487700699307981,-0.18216538109722774
-0.12422110552763817,0.2192964824120603,0.144321608040201,0.11316582914572863,0.2591959798994975,0.17618090452261306,0.19125628140703516,0.23336683417085427,0.21839195979899495,0.0046734842598737045,-0.001708542713567839,0.07326633165829145,0.3628140703517588,0.06090452261306532,0.08020100502512563,0.22186487104669253,1.0,0.4260301507537688,0.6026130653266331,0.30321608040201004,0.1707537688442211,0.3126633165829146,0.360762833350896,0.37427135678391954,-0.14743718592964825,0.13155778894472359,0.24793969849246228,0.22301507537688442,0.360762833350896,0.09040428154314833,-0.1380904522613065,-0.1378894472361809,0.05226130653266331,0.4469346733668342,0.31909547738693467,0.20964824120603012,0.02728711777539163,-0.09507537688442211,-0.07678391959798994,-0.051307821820764,-0.08552763819095477,-0.09688442211055276,-0.04758913542043439,-0.1479396984924623,0.018894472361809047,-0.053969849246231154,0.12572864321608038,0.07638190954773869,0.04964824120603015,-0.09407035175879397,-0.03191034951634197,0.2380904522613065,0.29567839195979895,0.19376884422110552,0.2267896179011831,0.19095477386934673,0.30040201005025124,0.2648241206030151,-0.06201316656908378,-0.0822110552763819,0.25256281407035175,0.2122613065326633,0.31599577908136045,-0.010502776454984993,0.2969849246231156,0.17322043272886734,0.24723618090452257,0.4138693467336683,0.3558380864964054,0.37366834170854274,0.3773869346733668,0.28502512562814064,0.3882412060301507,-0.013065326633165827,0.3196984924623115,0.0665326633165829,0.39015075376884417,0.35135678391959796,-0.1588482123167826,-0.07316582914572864,0.3204603131743507,-0.007738693467336683,0.012462311557788944,0.1830150753768844,0.21899497487437183,0.19778894472361808,0.027236180904522612,0.07999999999999999,0.31386934673366834,0.10703517587939698,-0.005025125628140703,-0.25557788944723614,-0.13185929648241204,-0.12673366834170854,0.006030150753768844,-0.11597989949748744,0.023216080402010047,0.20603015075376882,0.14623115577889445,-0.10020100502512562
0.06623115577889446,0.2007035175879397,0.1671356783919598,0.0571859296482412,0.15557788944723616,0.23698492462311554,0.2852261306532663,0.39487437185929647,0.30130653266331653,-0.079047212266466,-0.01708542713567839,0.036180904522613064,0.1759798994974874,-0.07386934673366834,0.026633165829145728,0.30196738621054936,0.4260301507537688,1.0,0.44552763819095476,0.5228140703517588,0.16140703517587937,0.3103517587939698,0.3473956633172787,0.2674371859296482,-0.051859296482412054,0.05306532663316583,0.2645226130653266,0.1348743718592965,0.37131586232480435,0.0029648986164790172,0.03849246231155779,-0.014773869346733668,0.05698492462311558,0.432964824120603,0.3915577889447236,0.4294472361809045,-0.032111359592035454,-0.1044221105527638,-0.15045226130653264,-0.13854619467173981,-0.039597989949748745,-0.009949748743718591,0.030704289062181003,-0.11608040201005025,0.09999999999999999,-0.1093467336683417,0.14110552763819093,0.07025125628140703,0.22924623115577888,-0.08773869346733668,0.19754265188777992,0.3029145728643216,0.37618090452261305,0.18462311557788944,0.21794517457066942,0.2891457286432161,0.49286432160804017,0.441608040201005,-0.1338760743436298,-0.16532663316582913,0.1328643216080402,0.04874371859296482,0.14724358026532858,-0.10296741127399162,0.2307537688442211,0.07472549563905591,0.3900502512562814,0.294572864321608,0.4180507049235414,0.6407035175879396,0.493467336683417,0.2969849246231156,0.4440201005025125,-0.09276381909547737,0.312964824120603,0.04271356783919598,0.39125628140703517,0.21115577889447235,-0.07402196037412868,0.07065326633165829,0.3070931431407335,0.009447236180904523,0.21195979899497486,0.22914572864321608,0.19899497487437184,0.21658291457286433,0.10894472361809045,0.03165829145728643,0.5931658291457286,0.05608040201005025,0.05457286432160804,-0.12603015075376883,-0.2537688442211055,0.015075376884422108,0.04894472361809045,-0.04954773869346733,-0.04381909547738693,0.2565829145728643,0.3965829145728643,-0.07195979899497486
-0.04301507537688442,0.23678391959798992,0.215678391959799,0.17065326633165828,0.27909547738693463,0.23306532663316584,0.22542713567839195,0.24723618090452257,0.22381909547738693,0.01472398804454834,-0.051959798994974875,0.054773869346733665,0.29005025125628137,0.11597989949748744,0.08783919597989949,0.25422749323334487,0.6026130653266331,0.44552763819095476,1.0,0.27768844221105526,0.197286432160804,0.2429145728643216,0.36156687365366996,0.24743718592964822,-0.0750753768844221,0.15829145728643215,0.18562814070351757,0.18984924623115576,0.3421694013492479,0.065177517043615,-0.10733668341708541,-0.14974874371859295,0.03477386934673367,0.42703517587939693,0.19407035175879397,0.1606030150753769,-0.0030654036543257637,-0.003618090452261306,-0.041407035175879396,-0.03522701576528459,-0.10542713567839196,-0.023316582914572864,-0.06949923367102509,-0.07597989949748743,0.012261306532663316,-0.05899497487437186,0.07668341708542713,0.002814070351758794,0.058693467336683416,-0.09608040201005025,-0.029297218532326558,0.30502512562814066,0.2914572864321608,0.22351758793969848,0.2605593106176899,0.2307537688442211,0.3277386934673367,0.25839195979899493,-0.05708829596635265,-0.03316582914572864,0.2565829145728643,0.19597989949748743,0.3186089757277076,0.08447448431019029,0.38623115577889444,0.1912108345034349,0.22954773869346728,0.48422110552763814,0.36850172126509545,0.41648241206030145,0.3699497487437186,0.18452261306532663,0.3504522613065326,0.027336683417085426,0.3466331658291457,0.1429145728643216,0.3827135678391959,0.34391959798994975,-0.05050378151799004,-0.13969849246231153,0.24970476653024126,-0.07467336683417085,-0.047035175879396984,0.08472361809045226,0.20030150753768844,0.1322613065326633,-0.01437185929648241,0.03336683417085427,0.2997989949748744,0.05758793969849246,-0.07135678391959799,-0.2336683417085427,-0.17989949748743717,-0.06984924623115576,0.007035175879396984,-0.13547738693467334,-0.034673366834170855,0.16623115577889447,0.1795979899497487,-0.10522613065326632
