0,1,2,3,4,5,6,7,8,9,10,11,12,13,14,15,16,17,18,19,20,21,22,23,24,25,26,27,28,29,30,31,32,33,34,35,36,37,38,39,40,41,42,43,44,45,46,47,48,49,50,51,52,53,54,55,56,57,58,59,60,61,62,63,64,65,66,67,68,69,70,71,72,73,74,75,76,77,78,79,80,81,82,83,84,85,86,87,88,89,90,91,92,93,94,95,96,97,98,99
1.0,0.05086501605718429,0.19746179772671665,-0.02315402347258131,-0.08873119062311362,0.3521794308502916,-0.013726658210814424,-0.006008494768465761,0.17331399564902103,-0.045270900238267894,0.013985289547290995,0.01061873559704512,0.20563555371387132,0.06423206431823941,-0.09344245312338133,0.2741705732446821,0.09323526364860664,-0.030974826478814874,-0.05324769501709313,0.04361338444007044,-0.1651860869218385,0.13193131495450694,0.008857579449242516,-0.0781104319900549,0.07800683725266755,0.07515992854298766,-0.12032840386310154,0.07345247355101896,0.20708588003729408,-0.02968066096149685,0.035222210711695845,0.2559825960841189,0.15259504817155287,0.05319727540568458,0.0636071687558272,0.2283805134018143,-0.002279084222521496,0.12307054801616077,-0.08556925308194342,-0.11918883223805278,0.07344866880762457,0.12923778202257352,0.07402035691793891,0.19154666942919296,-0.0942218539074394,-0.010515138176586145,0.01714537308596066,0.046721226561690664,0.3761524914534341,0.2302911012120584,0.35595151766290273,0.1147341431583168,0.02351600538692634,-0.1386097586242619,0.2658240961359163,0.27898062778410854,-0.01564280534548845,0.07614213197969542,-0.0618460582202424,-0.03605096861079456,-0.04703201077385268,0.14814047446389722,0.1773541904071273,-0.0019683000103594738,-0.1795389797798531,-0.10619010633257324,-0.01875064746710867,-0.06350357401843985,-0.04692841603646534,0.03304672122656169,-0.1612970061120895,0.16524216546385784,-0.08567284781933077,-0.12845747436030247,-0.14037814056647485,0.000725163161711385,0.13669679629561987,-0.01885424220449601,0.05480161607790324,0.12762871646120375,-0.13074333091873894,0.03501502123692116,-0.12737302845431195,0.08738442415714692,-0.05620160059899491,-0.054387237128353874,-0.022687247487827616,0.08971304257743705,0.13576441951148907,-0.07966435305086501,0.06474671086708796,0.07769605304050553,-0.08815912151662694,0.11603211618778733,0.021236921164404846,0.11981041676080664,-0.07236279819059528,-0.014348242733568285,0.40750045337538515,0.17264510119488483
0.05086501605718429,1.0,0.3890183895403049,0.2004092098778906,0.08023620214547751,0.2557302324029842,0.1982336640482521,0.5527815186988501,0.2661348803480783,-0.11012120584274318,-0.15901792188956798,-0.08261894281603398,-0.016885942194136538,0.04527324533398488,-0.023412410649539,0.28276915914277717,0.036879726509893296,0.2752512172381643,0.16222935874857555,-0.05272972133015642,0.06790810911085929,0.09878014040763437,0.17896454384288238,0.093649642598156,-0.23008391173728374,-0.18808111684327236,0.08427650154337762,-0.13975653994404028,-0.030353258054490826,0.08251534539557501,-0.06630063192789805,0.0440277633896198,0.19299699575261575,0.1535831758304331,0.00725163161711385,-0.12053559870401949,-0.14441106391795294,0.07313788459546254,-0.0770744846161815,-0.09111393129367008,0.13933492178597326,-0.060241899996895,0.10717153146481148,0.019993784315756758,0.05257569088293072,0.12923778202257352,0.21978192750371925,-0.014814047446389724,-0.03988397389412617,0.052936910804931105,0.07003004247384231,0.5530548291202475,0.1378845954625505,0.23163783279809383,0.3457992333989433,0.3208329016885942,0.4592354708380814,0.3572982492489381,-0.14389309023101624,-0.20781104319900545,-0.15373459028281364,-0.0625712213819538,0.3107842121620221,0.13394799544183156,0.07179487189119341,-0.03118363122546785,-0.045478089713042576,0.22739044856521287,0.10121205842743188,0.2665492592976277,0.02475914223557443,0.15135975156281903,0.31876100694084736,0.025484305397285814,-0.038746438798421844,-0.2493525328913291,0.11141902570362953,0.052418937117994405,-0.013570910597741634,0.041437894954936286,0.04133644139189924,-0.09157774785040919,0.005542461994555258,-0.11566651994244757,-0.0080288000855707,-0.04257743706619704,-0.22966953278773436,-0.1931005904900031,-0.17254150377442584,-0.0618460582202424,-0.021029731689630165,0.04226665285403501,-0.02475914223557443,0.06361046369580485,-0.1378845954625505,-0.0455310662917203,0.023672010574876196,0.035585713927658524,-0.10054129655543698,-0.15865944943292296
0.19746179772671665,0.3890183895403049,1.0,-0.08521329226614367,-0.27107669205393914,0.5361962238582695,0.23512652498238673,0.4262108267826403,0.31743071785658966,-0.17083657106576905,-0.14037814056647485,0.00823642156250264,0.1445221447160387,0.01999585578118524,-0.12794612811778336,0.20777538922766098,0.13032893050378258,0.14390054409360412,0.10235690249422669,-0.12235172251587219,-0.10945634441237787,0.29894584174341343,0.32733300536763643,0.131882932059869,-0.11965811981865569,0.00419591287146361,0.04636224715999915,-0.04092416079569001,0.08930328942310062,0.055582895198524114,-0.18606578631541612,0.12359492376074133,0.039264439317117324,0.03921365486046855,-0.0022792022822601082,-0.14032997492339405,-0.1521885523927318,-0.06651126660049952,-0.20512820540340976,-0.047812686177295206,-0.10805490819987695,-0.10769509703423265,-0.07661426094931702,-0.1515669517702972,-0.19927996069778403,-0.08624932013564086,0.04615504158609971,-0.1313649315411735,-0.005490805498172079,-0.13851333869917112,0.12556332573178414,0.4510347329856006,-0.03460243464885801,-0.11779331795135196,0.5656565664154634,0.6343434351944838,0.41440041495638336,0.47842527906714455,-0.2469826473140045,-0.3352499356997141,-0.12566692583552325,-0.04921004927607052,0.3112147116322439,-0.019373219399210922,-0.12235806050559468,-0.12194363862411935,-0.1767417769788975,0.141621341811344,0.0473452474087668,0.20170940198001958,-0.05387205394432983,0.24699544135930374,0.2460502463803526,-0.09344729357266444,-0.016991297140489015,-0.07293447303232346,0.1621901629697847,0.20875420903427813,-0.17580937604524566,0.011499611515039638,-0.008081226688769165,-0.2616938620449561,-0.15390194001380722,-0.1901629154462088,-0.06283509028500442,-0.12255892272335037,-0.20813260841184353,-0.07593887604075725,-0.09505555702636696,-0.233514633827922,-0.21559181588105844,-0.00372960373460745,-0.13364413382343363,0.03646912556983008,-0.1933177935771528,-0.28599549337469865,-0.17472610019070067,-0.10458701342574109,-0.029474992887194986,-0.2760496258275256
-0.02315402347258131,0.2004092098778906,-0.08521329226614367,1.0,0.40155400155400145,-0.0665112665112665,0.01906241906241906,0.03651809071178932,-0.041490766893820204,0.0954650229529471,-0.011861904642552842,0.031598031598031595,-0.08945637256632646,0.007096790906055735,-0.09401465906652144,0.12214452214452214,0.07443474659977482,0.020460490540647917,-0.03869363654142783,0.1191888322380528,0.17757057757057754,-0.01098161098161098,0.0895104895104895,0.1699515682629514,-0.013105073688060565,0.031598031598031595,0.26728826728826727,-0.002434665493318391,-0.049882157950997326,0.136026936026936,0.03672528555270727,-0.02191085442707359,0.014451840154027262,-0.001761201761201761,0.05330087282614356,0.04889924889924889,0.06935847299728497,-0.0008805780739013027,-0.02605475124543266,0.07034447034447033,0.13597161435240704,-0.013778813778813778,0.0691012691012691,0.06283183550836942,0.12763532763532762,0.04081844081844081,0.16109816109816108,0.06894408331544905,-0.04604905339401518,0.10551397273746785,-0.008857579449242516,0.04299404299404299,0.030820232586545596,0.426458781319378,-0.0019165522784910705,-0.07515992854298766,-0.07920022794088775,-0.05899873095138728,0.010307943335668191,0.05682318512174877,0.04459868950758951,-0.005853254255932189,0.04874258632594858,0.001191370335278233,0.04584423322525055,-0.07298816340607686,0.04615265081447416,0.023982802836253127,0.012172696903929773,0.017145373085960657,0.09712258168029073,0.14229842787543873,0.15244360420538436,0.016005801460911913,0.0886321842354844,-0.05516562639440514,-0.03864283864283864,-0.09919453008947027,0.08116857892960831,0.018492139551927356,0.13504623278895841,0.1294449768634915,0.15508935508935506,0.06547526547526547,0.17798497798497798,0.10023050429406004,0.07920022794088775,-0.055787210917159,0.02942242942242942,0.16891559405836165,0.008235994926488655,0.03486053198444569,0.02201445184753257,-0.06169545962855752,0.021082075063401776,0.06526806526806526,-0.02113442113442113,0.1043253043253043,0.01129241129241129,0.05107485107485107
-0.08873119062311362,0.08023620214547751,-0.27107669205393914,0.40155400155400145,1.0,-0.17270137270137267,-0.08743848743848744,-0.08106498150914934,0.03859003912096885,0.13545362725011215,0.028126699654612196,0.00549080549080549,-0.12954857428395047,0.08438446997054593,0.10748232372618842,0.09686609686609685,-0.10945067471490898,-0.0005697858125243723,-0.10654994694205762,0.16042060558072557,0.19839419839419836,-0.21134421134421133,-0.16389536389536388,0.0339281552003149,-0.04231954625749202,-0.025071225071225067,0.13799533799533797,-0.004403118445363047,-0.07826785115675697,-0.04879564879564879,0.08955996998678543,-0.07878583825905185,0.11659889672657837,-0.02621082621082621,0.0025381368012449314,0.15384615384615383,0.09587941263478302,0.0910103338732111,0.1262334568292632,0.08868168868168867,0.29022817341582346,0.01585081585081585,0.1965293965293965,0.1387687447047994,0.13074333074333072,0.15363895363895363,0.19963739963739963,0.22309704495840652,0.03537851908674058,0.19844085888917,-0.0009841754943602794,-0.11882931882931883,0.06801170653131826,0.243298541947907,-0.14581336929600983,-0.22869130566319126,-0.1634249307740359,-0.11804926061300404,0.0843800989638366,0.20413871701441377,0.04573826113263825,-0.06998005752003882,-0.06096708194010784,0.11483774057877577,0.12613639311128258,0.1035509855562439,0.14477739509142007,-0.04511667660988439,-0.06666494006535156,-0.047395819859981876,0.1026132449646165,-0.09909606571740599,0.05060733989421016,0.12374711873824779,0.011344505170994204,-0.004092098108129583,-0.1994301994301994,-0.21366967969663964,0.11183341538546544,0.0629354329288284,0.04325416355150759,0.2258941753107989,0.15778295778295776,0.05086765086765086,0.08598808598808598,0.15420476035318695,0.06718292716764644,-0.09235710033917781,0.06609686609686609,0.23428556636797598,0.1561731113419075,0.0325813887343482,0.07847504599767492,0.07754668603186449,0.07785346147492105,0.1797461797461797,0.07842527842527841,0.19570059570059567,0.03201243201243201,0.1622377622377622
0.3521794308502916,0.2557302324029842,0.5361962238582695,-0.0665112665112665,-0.17270137270137267,1.0,0.05532245532245531,0.2357359302544017,0.37507446077172546,-0.0745383440202338,-0.07402035691793891,0.06744366744366743,0.3176814898374523,0.0561009091332727,-0.09049234677091623,0.1797461797461797,0.06946207041774394,0.00015539613068846518,-0.014866229835863169,-0.05609800317853593,-0.1907277907277907,0.2507122507122507,0.20160580160580158,0.06221025098561556,-0.06966926525866188,0.024449624449624445,-0.14918414918414918,0.045947836012200274,0.15492994229639978,0.055529655529655525,-0.17523503670635923,0.14519178477325595,0.03724327265500216,-0.0009324009324009323,0.011240320119798981,0.1185185185185185,-0.09246069775963679,0.052161301201094815,-0.10095568623727287,-0.07179487179487179,-0.014866229835863169,0.006734006734006733,0.01585081585081585,0.013623060790355447,-0.21797461797461795,-0.029111629111629105,0.04175084175084175,-0.10541037531700888,0.27883245716533606,0.11307658443097317,0.1531687861485972,0.2982646982646982,-0.08282613765695195,-0.14964647385299198,0.6146952942933387,0.6590349902497808,0.17533863412681822,0.3955867500226029,-0.2026883531279881,-0.15969542363751274,-0.069151278156367,0.127165833613394,0.2718914299945846,-0.01797415244963247,-0.11888419802480228,-0.13401020491946122,-0.18932428588878006,0.017663360188255543,-0.08448369638429556,0.02160006216569666,-0.1303773536476223,0.21968970972687862,0.033306570677561036,-0.12954857428395047,-0.09712761276536133,-0.031131024847922524,0.1213157213157213,0.14363782346637133,-0.22962368244732206,0.02191085442707359,-0.13142013524571824,-0.15337598098951516,-0.20906500906500905,-0.15674695674695674,-0.13374773374773372,-0.14042630343214305,-0.16611846370596928,0.0683224987926952,-0.008495208495208495,-0.20362072991211888,-0.15596591650098957,0.03600010360949443,-0.1325528994772608,0.037141599121474175,-0.14353422604591232,-0.09779849779849778,-0.11530691530691531,-0.04941724941724941,0.19383579383579383,-0.022895622895622893
-0.013726658210814424,0.1982336640482521,0.23512652498238673,0.01906241906241906,-0.08743848743848744,0.05532245532245531,1.0,0.3133303981781753,0.1419802647390277,-0.11266219474913725,-0.03786485717775601,0.0011396011396011393,-0.1464349538187637,-0.034033515512982615,-0.07422755175885687,0.26728826728826727,0.4481106421953041,0.3517650411684557,0.38491621571532825,0.06241744582653351,0.17922817922817919,0.3773115773115773,0.24760424760424757,0.1464349538187637,-0.03651809071178932,0.037606837606837605,0.09800569800569799,-0.06625398225434515,0.14280904410269948,-0.018337218337218335,-0.041076377211984295,-0.13566082209103011,-0.06500738133800794,0.252059052059052,0.0441842998257536,-0.14959854959854957,-0.08251534539557501,-0.25738779113032784,-0.3444096243158683,-0.06267806267806267,-0.2009271969801855,-0.12577052577052575,-0.21818181818181814,-0.17026236052432836,-0.10950530950530948,-0.16047656047656045,-0.12670292670292668,-0.16850120437652574,-0.12385071615870674,-0.20154878150293934,-0.021392867324778707,0.22004662004662,0.2633964415169485,0.023257620893040287,0.15586231908053058,0.12488669036329653,0.2672295460739306,0.2173991868331628,-0.006164046517309119,-0.1825904535589466,0.06884048589499007,-0.06096708194010784,0.10882909019215511,0.0499857553714563,0.04325416355150759,-0.06656479061519431,-0.06977286267912086,0.41879257220541366,0.34824272887285046,0.27883245716533606,0.2178135765149987,0.21191950070564972,0.2857734843360875,-0.11276579216959623,0.302053925351905,0.10675714178297559,0.15094535094535091,0.23045246181099385,-0.02874828417736606,-0.14488099251187903,0.1953430547936947,-0.23003807212915797,-0.17166537166537166,-0.06702926702926702,-0.04144004144004144,-0.12965217170440946,-0.0401440004278535,-0.11328377927189112,-0.06547526547526547,-0.189738675570616,-0.21107974418516523,-0.16663645080826417,-0.2436093342092839,-0.07827190554051253,-0.19077464977520575,-0.21497021497021493,-0.23496503496503493,-0.1215229215229215,-0.11748251748251747,-0.2523698523698523
-0.006008494768465761,0.5527815186988501,0.4262108267826403,0.03651809071178932,-0.08106498150914934,0.2357359302544017,0.3133303981781753,1.0,0.24800580130529368,-0.16450844297109704,-0.15186988500984147,-0.11400896121510395,-0.07500258986843468,0.04019684025076918,-0.026623847508546565,0.22361503206070138,0.08152905832383714,0.3978037915673883,0.32767015435615865,-0.1251424427639076,0.1507860454780407,0.1552407345577767,0.2588381550167535,0.06661141614006008,-0.17217445353776026,-0.10986506439674489,-0.009479163971996376,-0.10826210840735515,0.0018647052729721327,0.05951671805368216,-0.05977416347249559,0.014710452709002382,0.06567906350357401,0.2373934889817453,0.007976794778825234,-0.23335318958384524,-0.15487413239407435,-0.06246762664456645,-0.14451465865534027,-0.11949962449942972,-0.04226665285403501,-0.136178809193325,-0.03900442880280476,-0.14130322179633276,-0.09256429518009576,-0.038486441700509876,0.08810960610035977,-0.15663524292965916,-0.11499015849994819,-0.1330156428053455,0.10701336372112295,0.5951153818265921,0.20138816948099036,0.13084015332021132,0.33740805967056875,0.3027038226458096,0.687454677302393,0.45913187610069406,-0.09509996892157878,-0.2595048171552885,-0.11343623743913808,-0.0875375530923029,0.2603335750543872,0.10587382160986221,0.08070448081275566,-0.01046361047764868,-0.15435615870713768,0.3495286439448876,0.17880451673055006,0.31451362270796646,-0.006630063192789806,0.07376327386223624,0.42681031803584374,-0.09665388998238889,0.004040404045824737,-0.16367968507199832,0.10582476499884479,0.10970682689319382,-0.024033979073863045,-0.007769605304050554,-0.0010360010373909583,-0.3081943437273386,-0.20455310669624968,-0.2674367409148486,-0.1790681412633414,-0.23060188542422044,-0.25463586449808345,-0.13560551124002898,-0.2666079615511767,-0.2053247695017093,-0.19703719051072205,-0.09064539521392313,-0.17466072723505643,0.046102046163897646,-0.21009012742152697,-0.176374608331408,-0.08914558030494953,-0.12364352131778879,-0.21708839457178586,-0.32804123188335
0.17331399564902103,0.2661348803480783,0.31743071785658966,-0.041490766893820204,0.03859003912096885,0.37507446077172546,0.1419802647390277,0.24800580130529368,1.0,0.0865016057184295,0.044856521288718525,0.1334852762613916,0.10846369004454573,0.24491064523922257,0.12659276908733036,0.2360467225157786,0.11457577955039884,0.1666839324562312,0.08515487413239407,0.028281363306744016,0.05568361349670002,0.09204630807780087,0.014866229835863169,0.10981042163058115,-0.007976794778825234,0.06034549741735398,0.008339592346947632,0.10328930342787855,0.18305190096343105,-0.022843231211204382,-0.008080389516212576,0.031389205428364236,0.15570289029317308,0.07961461762272366,0.007458821091888531,0.22133588881060393,0.07852481093960427,-0.013674505335128975,-0.03149280016575158,-0.03206340163205331,0.15363099554542628,-0.022946828631663356,0.10033410171451902,0.05335128975448047,-0.1932609878662212,0.018181347290550428,0.07536712338390561,0.04382057391484512,0.15052315342380607,0.11592251113643426,0.20594633792603334,0.2739633784037641,0.11550813218688488,-0.04205946337926033,0.41707241272143375,0.36993680721019373,0.18098000621568425,0.41779757588314514,-0.006112089505853102,0.06982285299906764,0.04558168445042991,0.06650782140267275,0.32528747539624986,0.24437998549673678,0.11851851867752565,0.13022533040004347,0.00010359473738734072,0.182430332539107,0.060395731896819634,0.14596498497876306,0.14078524810939602,0.0396788397320737,0.12255257432922406,-0.031907179115300936,0.1096089097559634,0.11965192168237851,0.19388257238897505,0.0679581477260955,-0.041748679167098304,0.07230912669636382,0.10463610477648679,0.025898684346835177,-0.07329517497472607,-0.07039444720187472,-0.09525782811202915,-0.016264373769812494,-0.026002279084222518,-0.04951828447114886,0.07951102020226468,0.008391173728374599,0.05666632135087537,-0.06049932663420698,-0.04464933181394385,0.13095053112621716,-0.15508132186884904,0.004610085210424468,-0.1597990210579717,0.01569500919953498,0.08013260472501856,0.05019295021237426
-0.045270900238267894,-0.11012120584274318,-0.17083657106576905,0.0954650229529471,0.13545362725011215,-0.0745383440202338,-0.11266219474913725,-0.16450844297109704,0.0865016057184295,1.0,0.4151041127110742,0.5522260497565757,0.1476225007769605,0.33338513383241036,0.331710349114265,-0.07992540988410059,-0.013260126385579612,-0.26592769087330365,-0.1785973272557754,-0.1223453848544494,0.044080702405294624,-0.1486104996484022,-0.14664214865968164,0.30373977001968294,0.36330674401740387,0.29147134246133116,-0.007821605244652748,0.11085211100083255,-0.09561794260851547,0.14622775897784573,0.050554231845022266,-0.016678752719361856,0.038848026520252765,-0.2561446220848201,0.028592147518906038,0.05651239286037184,0.19558686418729926,-0.010981042163058116,0.12224179011706204,0.19533293627540074,-0.06433233191753858,0.0754707208043646,0.13555722467057113,0.054387237128353874,-0.10292403722599344,-0.11431975347648089,0.011551112381175913,-0.039469594944576816,0.025380710659898473,-0.018336268517559307,0.1249352532891329,-0.1914998317184186,-0.11488656376256086,-0.06609344245312337,-0.08183984253599916,-0.03801926862115404,-0.2636486066507821,-0.04651403708691598,0.42753548119755513,0.4794364446286128,0.3930384336475707,0.3468351807728167,0.09862218999274837,0.23484926965710137,0.18585858610793793,0.296192696590075,0.015021236921164404,-0.06288200559411582,-0.08070030042473843,-0.21164404848233706,0.12400290065264684,-0.015540015560864375,-0.1834662799129804,-0.002486273697296177,0.2500906504261774,0.33823681756966745,0.07971821504318263,0.08536206360716875,0.12275976380399875,0.023619600124313685,0.12245532261961128,0.08225422148554852,0.0544404444511923,0.17948253094517727,-0.16332133335357693,-0.004454573707655651,0.22096757484719776,-0.020926136952242824,0.00968635881291433,0.08028592147518905,0.03843364757070341,0.06277841085672847,0.14741531130218583,0.1345765347570855,0.1946545115508132,0.06562896586076179,-0.07464194144069278,-0.10862189535123716,0.05330087282614356,0.11659889672657839
0.013985289547290995,-0.15901792188956798,-0.14037814056647485,-0.011861904642552842,0.028126699654612196,-0.07402035691793891,-0.03786485717775601,-0.15186988500984147,0.044856521288718525,0.4151041127110742,1.0,0.47483877667372015,0.1231741427535481,0.28883708922459916,0.3192789806277841,-0.04138716947336123,0.08163265306122448,-0.11405780586346213,-0.04848233709727545,-0.03491142649953382,0.09981611461222414,-0.023775607995335173,-0.09919453008947028,0.18688490624676266,0.21723816430125348,0.3766284220786101,-0.07661029242941333,0.2434602437868752,0.03366828965088573,0.22434021400391424,0.01864705272972133,-0.003625815808556925,-0.10141924790220656,-0.03672528555270727,0.07645291619185746,0.14353422604591234,0.09634310577022687,0.047446389723402045,0.09572153734590282,-0.024397192518089035,-0.035532994923857864,0.05785915932633853,0.08583046285026226,0.0898166373148244,-0.15762347522833317,-0.0888347880435726,-0.0339281552003149,-0.060395731896819634,0.13063296384543666,0.07137677405987776,0.16885942194136538,-0.12115718322677335,0.011499015849994819,-0.015332021133326428,-0.10753133740805966,-0.055215995027452607,-0.23091266963638246,-0.07842121620221693,0.3123381332228322,0.36817569667460887,0.2964881384025691,0.3022894436962602,0.1373666217756138,0.2650989329742049,0.11986532002613388,0.2901838905732074,-0.0318035843779136,0.022272868538278253,-0.00859836320314928,-0.15238785869677818,0.16046824821299077,-0.033670033715206146,-0.19962705894540556,-0.09530715839635345,0.1892773895313281,0.3015642805345488,0.20061640471880857,0.1783901377810007,0.10949963741841913,-0.020718947477468143,-0.0020720020747819166,0.04247384232880969,-0.09577581521432403,0.16166377462623327,-0.22485820110620913,-0.10970682689319382,0.08360095307158395,0.028799336993680716,0.008339592346947632,-0.028488552781518697,0.03801926862115404,0.016782347456749197,-0.0013467315860354293,0.001968401971042821,0.14990158499948203,0.10965786955582693,-0.08562326800934432,-0.1334852762613916,0.17782497221783367,0.13576441951148907
0.01061873559704512,-0.08261894281603398,0.00823642156250264,0.031598031598031595,0.00549080549080549,0.06744366744366743,0.0011396011396011393,-0.11400896121510395,0.1334852762613916,0.5522260497565757,0.47483877667372015,1.0,0.2615316879486869,0.35737781358305487,0.30918650135981623,-0.015125615125615124,0.18321203808170045,-0.24951438717544558,-0.11680609156749633,-0.14208386215948665,-0.010463610463610462,0.09292929292929292,0.024346024346024342,0.4418947969677655,0.34876071597514535,0.49241129241129233,-0.03522403522403522,0.19762231610658854,0.004713682630883444,0.28189588189588183,-0.07049804462233371,-0.002227344539868001,-0.012172696903929773,-0.14690494690494688,0.0812721763500673,0.04175084175084175,0.10851829793077819,-0.08645204737301612,-0.003781305846752653,0.09437969437969437,-0.16632565854688725,-0.008080808080808079,0.08495208495208494,0.05993110773551807,-0.21901061901061897,-0.1272209272209272,-0.032323232323232316,-0.1512004351598766,0.0843800989638366,-0.03247779131388922,0.07225920077013631,-0.1415177415177415,-0.17699619285416185,-0.14363782346637133,0.02646914092726857,0.09681178941891382,-0.22434021400391424,0.04169796173473816,0.3561161328277327,0.33187433644033215,0.39931625715912605,0.3677190439191381,0.20527828863946251,0.22340783721978344,0.15524877624415354,0.30495480338649716,-0.15700189070557932,-0.003159721323998792,-0.10095568623727287,-0.2556266349825252,0.12685504135201708,0.08821777308768552,-0.16943358116065654,-0.12374711873824779,0.3443238624273903,0.4004558287841748,0.18585858585858583,0.2820439771995643,-0.0016057600171141403,-0.06531817359938487,0.08645652570954031,-0.08085778666823137,-0.0983164983164983,0.14255374255374254,-0.20274540274540273,-0.11483774057877577,0.09297868486193167,-0.017248970506419638,-0.06133126133126132,-0.12571546972696832,-0.08790241125944181,-0.010204345915209214,-0.02439719251808903,0.04542982207745168,0.06355701745158225,-0.00549080549080549,-0.21911421911421908,-0.2051282051282051,0.08847448847448845,0.031598031598031595
0.20563555371387132,-0.016885942194136538,0.1445221447160387,-0.08945637256632646,-0.12954857428395047,0.3176814898374523,-0.1464349538187637,-0.07500258986843468,0.10846369004454573,0.1476225007769605,0.1231741427535481,0.2615316879486869,1.0,0.17062937085829086,0.07479540039366,-0.02833389449553015,-0.0016575157981974515,-0.2124728063814358,-0.2020097379053144,-0.09831140578058635,-0.23231721537925545,0.1129729870105142,-0.011136722699340004,0.16367968507199832,0.13705583756345177,0.2607029085850151,-0.058480743849092395,0.18140378164715681,0.16999896405262613,0.18114008967252093,-0.1549777271314617,0.1813943851652336,0.028488552781518697,-0.104892388214714,0.1783901377810007,0.06998005752003882,0.11395421112607479,0.06650782140267275,0.08971304257743705,0.09971251719176516,-0.019165026416658033,0.032892180995725134,0.1375255756592917,0.018336268517559307,-0.13503923756827624,-0.033720960359396944,0.07598870790665947,-0.0809074898995131,0.2447943644462861,0.05335128975448047,0.08080389516212576,-0.02128926990431973,-0.20646431161297005,-0.262094685589972,0.20449601160261058,0.26551331192375427,-0.12110224800580129,0.062053247695017084,-0.017921889568009945,0.09282088469905728,0.15477053765668702,0.420801823267378,0.20242411685486375,0.04361338444007044,0.003936803942085642,0.09987050000448838,-0.2147518906039573,-0.17828654304361338,-0.10494146897337614,-0.12959701647156324,-0.12545322697606962,0.21320901349505925,-0.22739044856521287,-0.05096861079457163,-0.05625485633032904,0.11074277426706723,0.13866514728434043,0.12182741116751268,-0.17103491142649951,0.012224179011706204,-0.10743330757744238,-0.042681031803584374,-0.05361166508752049,0.08852399578219566,-0.127269431033853,0.002175489485134155,0.03221796332746296,0.15104112711074277,0.039211623643722715,-0.13809178493732518,-0.13829897441209985,-0.036879726509893296,-0.045270900238267894,0.007355607365475805,-0.009427121102248005,-0.014866229835863169,-0.04708502759860495,-0.03465333714352774,0.19864805373008798,0.07370956465656198
0.06423206431823941,0.04527324533398488,0.01999585578118524,0.007096790906055735,0.08438446997054593,0.0561009091332727,-0.034033515512982615,0.04019684025076918,0.24491064523922257,0.33338513383241036,0.28883708922459916,0.35737781358305487,0.17062937085829086,1.0,0.5270137277207805,0.03755601026927305,-0.003211603215911971,-0.10090650104187934,-0.018337218361819962,-0.16534576556759695,0.12002382868124918,-0.09370872079602062,-0.007822010414703767,0.10846930861483334,0.21538461567358025,0.22600947973081148,-0.013416560909988579,0.15281806879403229,-0.020720020747819166,0.21305913136209662,0.11074851089709345,0.06506086514815218,0.1191401192999602,-0.13463182164115953,0.0014504014523473417,0.07226294389742884,0.10308210322040036,0.08816368828197056,0.034498834545118914,0.014452588779485766,0.03149443153668513,0.059416198315663714,0.12872646278502556,0.21673141702218848,-0.1361858634454053,0.07992955013170802,0.08573130620089227,-0.008909608921562243,0.21507381536236295,0.09396529409135992,0.23051023081948824,0.014348985992536048,-0.07148407157997613,-0.001864801867303725,0.02465682468990481,0.11313131328309264,-0.037192437242335404,0.13778813797299747,0.41885521941716447,0.3355607360109314,0.30717430758641917,0.2632478636010425,0.35524475572135966,0.5430717438003403,0.3716328222130128,0.513157894736842,-0.02766122769833859,0.08971768983805699,-0.08578088589597135,-0.14763014782821157,0.1272209273916097,-0.04030252797347699,0.011914011929996022,-0.05584045591537266,0.11033982594280976,0.15042735062916715,0.09940687407825516,0.13478373496456367,0.08588448599971045,0.11033411048213707,-0.034500621632822207,-0.047448847512505894,-0.09225828177872455,0.018700303044424237,-0.1686135357606673,-0.09106449118666524,-0.0035224035271292586,-0.09645169658109823,-0.05485767568987609,-0.08681688693336231,-0.010774410788865967,0.07863247873797374,-0.00621600622434575,0.11593452134272687,-0.003211603215911971,0.1477893755837738,-0.07474941078422209,-0.11442927818596436,0.11660493671190846,0.05081716699883705
-0.09344245312338133,-0.023412410649539,-0.12794612811778336,-0.09401465906652144,0.10748232372618842,-0.09049234677091623,-0.07422755175885687,-0.026623847508546565,0.12659276908733036,0.331710349114265,0.3192789806277841,0.30918650135981623,0.07479540039366,0.5270137277207805,1.0,0.016005801460911913,-0.06060292137159432,-0.07790324251528022,-0.042370247591422355,-0.18046203252874754,0.15948822879659477,-0.15503353971685876,-0.13452125046598135,0.08380814254635864,0.18978555889360818,0.14477739509142007,-0.08292973507741093,0.10536130550266046,-0.08474049518284471,0.15648390360328443,0.04112711074277426,0.0256914948720605,0.1249352532891329,-0.05879153611046932,0.07489899513104734,0.0008805780739013027,0.065368279291412,0.06391795296798922,0.1144721848130115,0.0182849447110094,0.05739148451258676,0.03910802622326374,0.13110253559083512,0.11126074795400392,-0.07785346147492105,0.12581906714742733,0.07288078529289017,-0.035429400186470526,0.13218688490624675,0.030042473842328807,0.12814669014814045,-0.04356271530299974,-0.03584377913601989,0.035947373873407226,-0.14824406920128455,-0.03605096861079456,-0.09033461100176111,0.020718947477468143,0.4118926758520667,0.35626230187506475,0.2373355433543976,0.1623329534859629,0.23422770123277734,0.44566456024033974,0.36373996422796545,0.5664853672453761,0.07334507407023723,0.05283331606754376,-0.11353983217652543,-0.2088469905728789,0.130736558582824,-0.20782180810062623,-0.05096861079457163,0.01605718429503781,0.07894327904919103,0.12099865326841396,0.05547641865578207,0.11944473220760385,0.07272350564591319,0.1053558479229255,-0.058326858405110954,0.03159639490313892,-0.013830255631273401,0.08448369638429556,-0.2061070680031343,-0.024241168548637726,-0.008909147415311302,-0.05024344763286025,-0.12240035227228106,-0.042681031803584374,0.13011499015849995,0.051693773956283016,0.07976794778825234,0.09500129512875088,0.06298560033150316,0.10603195983976274,0.05951671805368216,-0.04770661212135881,0.045945455973556204,0.05506202897394616
0.2741705732446821,0.28276915914277717,0.20777538922766098,0.12214452214452214,0.09686609686609685,0.1797461797461797,0.26728826728826727,0.22361503206070138,0.2360467225157786,-0.07992540988410059,-0.04138716947336123,-0.015125615125615124,-0.02833389449553015,0.03755601026927305,0.016005801460911913,1.0,0.22009271976509617,0.28566988691562845,0.13452125046598137,0.10737872630572944,0.0013468013468013467,0.2402486402486402,0.12432012432012429,0.013933853051732378,-0.05361166508752049,0.02134162134162134,-0.01533281533281533,-0.027506539935150332,0.0584807438490924,-0.017819217819217817,0.015384216938158054,0.09214990549825985,0.31488435948505994,0.34478114478114474,0.23387117668614013,0.13219373219373218,-0.1531687861485972,-0.07049804462233371,-0.17305949087672073,-0.21642061642061639,0.11172981796500646,0.015954415954415952,0.10463610463610462,0.011240320119798981,-0.03802123802123802,-0.06744366744366743,0.11458171458171457,0.2182279661968346,0.19398616980943403,0.0812721763500673,0.2686799099603563,0.31142191142191133,0.28214757462002327,0.055787210917159,0.2620496750509818,0.19440055949126994,0.15182201968263048,0.17440625734268744,-0.04024759784831248,-0.07484913628161073,-0.08023620214547753,-0.045427468871261326,0.14840330480748423,0.03496412940490467,-0.02647051206565314,-0.057758553724468205,0.07070523946325165,0.1294449768634915,0.09007795708908031,0.2160524203671961,-0.010825930437963073,0.11898780081175199,0.12219315743136312,-0.13307088657955568,-0.0026418710672178286,-0.02460438735900699,-0.023206423206423205,-0.043666312723458715,0.06324622519020533,0.04169796173473816,-0.06221347356330612,0.017145373085960657,-0.12038332038332036,0.06847966847966847,-0.08930328930328929,-0.04843179406457165,-0.23407837152705804,-0.1021988552827806,-0.025485625485625482,-0.12923778202257355,0.15275439646676128,-0.08054699440685446,-0.13182771753404796,0.020668755996468894,-0.1785501541610465,-0.11986531986531984,-0.18927738927738924,0.0663040663040663,0.14887334887334885,-0.051489251489251486
0.09323526364860664,0.036879726509893296,0.13032893050378258,0.07443474659977482,-0.10945067471490898,0.06946207041774394,0.4481106421953041,0.08152905832383714,0.11457577955039884,-0.013260126385579612,0.08163265306122448,0.18321203808170045,-0.0016575157981974515,-0.003211603215911971,-0.06060292137159432,0.22009271976509617,1.0,0.23391691702061532,0.39148451258676054,0.18605614834766393,0.21139053644654213,0.4621998913777249,0.2009271969801855,0.24976691184087849,0.04060913705583756,0.292092926984085,0.02553676414313778,0.06143486151728383,0.3344038122863358,-0.02615834866589164,-0.088780689940951,-0.18336268517559307,-0.163886874546773,0.29934474641621345,0.07593494250492074,0.029577063541037875,0.050036258158085566,-0.4140681653372008,-0.4747746814461825,-0.16808681469468983,-0.2826064435926655,-0.2146020564807704,-0.2360467225157786,-0.14088884284678338,-0.1776177773769157,-0.2794540416880899,-0.24661365940259425,-0.11084636900445456,-0.024655547498187092,-0.13902413757381124,-0.032839531751787006,0.06397140713341816,0.19496529576297522,-0.047964363410338745,0.2025277115922511,0.08515487413239407,0.04868952657205013,0.1452398218170517,0.007666010566663214,-0.1345695638661556,0.06889050036258158,0.12752512172381641,0.10804931109499637,-0.008494768465761937,0.06102046110232744,-0.06288526296963118,-0.10318035843779136,0.4118926758520667,0.32321558064850303,0.1717600745882109,0.23619600124313683,0.24066304098591962,0.0679581477260955,-0.3318139438516523,0.43294483352568147,0.20138816948099036,0.25583382982344316,0.2294623433129597,0.01015228426395939,-0.1847094167616285,0.3048951053041591,-0.11219310059049,-0.17212711409258993,0.11690968898795531,-0.08292973507741093,-0.08432611623329535,0.11913394799544183,0.0463068476121413,0.04988215795099732,-0.18481301149901586,-0.11146793742877861,-0.1911322904796436,-0.2720397803791567,-0.11282051297187537,-0.19807313788459543,-0.1209499883858554,-0.3359146358382322,-0.13421045820460442,0.017041775665501684,-0.10831110308986024
-0.030974826478814874,0.2752512172381643,0.14390054409360412,0.020460490540647917,-0.0005697858125243723,0.00015539613068846518,0.3517650411684557,0.3978037915673883,0.1666839324562312,-0.26592769087330365,-0.11405780586346213,-0.24951438717544558,-0.2124728063814358,-0.10090650104187934,-0.07790324251528022,0.28566988691562845,0.23391691702061532,1.0,0.5393142028384957,0.29514140681653367,0.3004843180412622,0.2013415866620214,0.23138483859512465,-0.07831762146482958,-0.25536102765979485,-0.08634844995255715,0.03827924685959193,-0.0027972028009555874,0.23484926965710137,-0.10924347987399102,0.01284574743603025,-0.12462446907697088,-0.07303428985807521,0.5671440783026684,0.029213715943230082,0.022428841529368474,-0.017611105355847922,-0.19890189578369416,-0.27514762250077696,-0.22454740884483218,0.04444214233916917,-0.21936753782188334,-0.1781357644792106,-0.10224800580130529,0.005128072312719351,-0.04894978116686653,-0.04615265081447416,0.04340619496529576,-0.08940225836527503,-0.035740184398632545,0.05449083186574122,0.3709305639533664,0.4497047549984461,0.23101626437376976,0.13778100072516317,0.03656894229773127,0.40723091266963635,0.15528851134362373,-0.14969439552470734,-0.26623847508546566,-0.2020097379053144,-0.17466072723505643,0.10359473738734071,0.04589246866259193,0.0698264699201506,-0.033980834026423434,0.1231741427535481,0.42960737594530196,0.40267274422459337,0.5992955557857661,0.201284574743603,0.04599844606015855,0.3506681860561483,-0.11084636900445456,0.08868168880066603,-0.1432715218066922,0.07236279819059528,0.02486273697296177,0.07987154252563969,-0.06215684243240443,0.1468013469982988,-0.025484305397285814,-0.1147341431583168,-0.10406360885104218,-0.010722333017504098,0.005904900031078421,-0.1376774059877758,-0.036672537035118614,0.0033669161649167454,-0.042370247591422355,0.015021236921164404,-0.20346006422873716,-0.21330156428053454,-0.0870240871408405,-0.3564694913498394,-0.0857268654298033,-0.08406930670245966,0.08904198288449056,-0.10882909019215511,-0.18000051804747216
-0.05324769501709313,0.16222935874857555,0.10235690249422669,-0.03869363654142783,-0.10654994694205762,-0.014866229835863169,0.38491621571532825,0.32767015435615865,0.08515487413239407,-0.1785973272557754,-0.04848233709727545,-0.11680609156749633,-0.2020097379053144,-0.018337218361819962,-0.042370247591422355,0.13452125046598137,0.39148451258676054,0.5393142028384957,1.0,0.13011499015849995,0.3256584912127935,0.2632928440964895,0.23045246181099388,-0.051486584481508335,-0.18356987465036773,0.030820232586545596,-0.03496412940490467,-0.038953639005900036,0.1875064746710867,-0.10592836241930377,0.032839531751787006,-0.19372215891432715,-0.18025484305397282,0.4543264874228427,-0.01129182637522014,-0.03859003912096885,0.025173521185123796,-0.31689630166787525,-0.3612348492696571,-0.2526223097892149,-0.16699471666839322,-0.17098754246754116,-0.20517469121900353,-0.11954832694499118,-0.046981430178145975,-0.11079744118087567,-0.180725699990685,-0.0692012845747436,-0.098207811043199,-0.08308297938464726,-0.017714700093235263,0.24992877685728151,0.36133844400704446,0.09789702683103697,0.10121205842743188,-0.015332021133326428,0.3598881176836216,0.18004765357919816,-0.01015228426395939,-0.22200352222107114,-0.061224489795918366,-0.039469594944576816,0.06267481611934114,0.10918885320625711,0.16627816650124883,0.019994820021645498,-0.008909147415311302,0.6004350978970268,0.45519527607997506,0.397389412617839,0.21299078006837252,0.055115255189198985,0.2834352014917642,-0.23339894333367864,0.20751100778940895,-0.021340515901792187,0.12240035227228106,0.1109499637418419,0.07666010566663213,-0.10867087951932042,0.1872053874565462,-0.1399564902102973,-0.16197456688761022,-0.04200875399611509,-0.11504493541969373,-0.07541696881798404,-0.029835284367554123,0.014192479022065678,-0.07940742278180571,-0.1653372008701958,-0.07417383196933594,-0.2595048171552885,-0.3078835595151766,-0.09147889160162162,-0.3035325805449083,-0.06283183550836942,-0.10074849139635493,-0.08241174797511604,-0.17647820575186696,-0.19667970274136742
