0,1,2,3,4,5,6,7,8,9,10,11,12,13,14,15,16,17,18,19,20,21,22,23,24,25,26,27,28,29,30,31,32,33,34,35,36,37,38,39,40,41,42,43,44,45,46,47,48,49,50,51,52,53,54,55,56,57,58,59,60,61,62,63,64,65,66,67,68,69,70,71,72,73,74,75,76,77,78,79,80,81,82,83,84,85,86,87,88,89,90,91,92,93,94,95,96,97,98,99
1.0,0.06166495375128469,-0.007194244604316546,0.2388489208633094,0.14922918807810895,0.24234326824254881,0.08735868448098665,0.15847893114080164,0.012230844355530715,0.071120246659815,0.01644398766700925,0.0005139010233416267,0.08931599785677471,0.1496402877697842,0.05056526207605344,0.29516957862281606,0.2534429599177801,0.1761562178828366,0.26536485097636175,0.12332990750256938,0.15868448098663926,0.16156217882836588,0.26002055498458376,-0.128879753340185,0.08582147089805166,-0.12209660842754368,0.29590420924010863,0.10174717368961973,-0.027338129496402876,0.20657759506680373,0.13196300102774922,0.21911613566289825,0.14943473792394654,0.16670092497430627,0.15334018499486127,0.05775950668036999,0.0008221993833504625,0.15190133607399794,0.1605344295991778,0.10606372045220966,0.1956834532374101,0.016855087358684483,0.08027133984596208,0.04295991778006167,0.21541623843782118,0.30585817060637205,0.3371017471736896,0.3746338460160458,0.22528263103802673,0.06495375128468654,0.34635149023638234,0.09393627954779034,0.09311408016443988,0.12949640287769784,0.015210688591983558,0.07153134635149024,-0.009660842754367936,-0.06125385405960946,-0.04254881808838644,-0.06721479958890031,-0.12127440904419322,-0.013258646402213966,-0.01500513874614594,0.1936279547790339,0.048920863309352525,0.16813977389516957,-0.10113052415210688,0.10400822199383351,-0.04357656731757451,-0.01459403905447071,0.10483042137718397,-0.06392600205549846,0.10462487153134635,-0.12702980472764644,-0.07995889003083248,-0.05035971223021583,0.046659815005138744,0.16752312435765676,0.09290853031860227,0.06557040082219938,-0.20863309352517986,-0.1736896197327852,-0.1656731757451182,-0.10114091943652065,0.02939664934841962,0.03576567317574512,-0.006372045220966085,0.10226630364498371,-0.08982528263103802,-0.21151079136690648,-0.04398766700924975,-0.128879753340185,-0.16608427543679344,-0.08263103802672148,-0.22816032887975335,0.014388489208633093,0.08139773895169579,0.10441932168550874,0.0801644398766701,-0.12805755395683455
0.06166495375128469,1.0,0.3346351490236382,0.5255909558067832,0.5280575539568345,0.13771839671120248,0.334224049331963,0.3889003083247688,0.2934374843280688,0.11695786228160329,0.15806783144912642,0.1918906421157634,-0.027647875055779515,-0.015827338129496403,0.09023638232271326,0.523535457348407,0.0879753340184995,0.4411099691675231,0.0024665981500513875,0.15765673175745118,0.10339157245632066,0.32538540596094556,0.18211716341212744,0.015621788283658787,0.051698442948167646,0.21109969167523127,0.11151652206513298,-0.02918807810894142,-0.033710174717368965,0.18458376156217884,0.049948612538540604,0.03884892086330936,0.1969167523124358,0.2770811921891059,0.28591983556012335,0.18746145940390546,-0.12476875642343269,0.13895169578622815,0.048920863309352525,0.1695786228160329,0.3693730729701953,0.2805755395683453,0.30165990070153487,0.16649537512846865,0.28920863309352524,0.044193216855087356,0.3064748201438849,0.21450228714279498,0.3130524152106886,0.06639260020554985,0.18910585817060638,0.586639260020555,0.5434737923946558,0.544912641315519,0.49393627954779035,0.3225077081192189,0.3773895169578623,0.19917780061664953,0.06906474820143885,0.10483042137718397,0.07297019527235354,-0.248625315092679,-0.14470709146968141,0.022816032887975332,-0.01829393627954779,0.03391572456320658,0.1958890030832477,0.010483042137718397,0.18273381294964028,0.3543679342240494,0.06310380267214799,0.22857142857142856,0.13566289825282632,0.05405960945529291,-0.03247687564234327,0.031654676258992806,-0.12374100719424462,-0.0842754367934224,0.1420349434737924,-0.09496402877697843,-0.0526207605344296,0.08591983556012334,0.039671120246659815,0.143899682125131,0.03309692688878013,0.11983556012332991,-0.014388489208633093,-0.00010278020466832533,0.1405960945529291,-0.047276464542651594,0.004316546762589928,-0.04234326824254882,-0.14861253854059608,0.294141829393628,0.31510791366906477,0.10051387461459405,-0.012127440904419324,-0.025693730729701953,0.29619732785200414,0.05097636176772868
-0.007194244604316546,0.3346351490236382,1.0,0.2840698869475848,0.307502569373073,0.26618705035971224,0.24398766700924973,0.46598150051387466,0.19579628989315975,0.08715313463514902,0.041109969167523124,0.12487794867201527,0.1423505834656306,0.10976361767728675,0.2672147995889003,0.1734840698869476,0.05323741007194245,0.23617677286742036,0.017060637204522097,0.2199383350462487,0.26803699897225075,0.24707091469681397,0.18437821171634122,0.10503597122302159,-0.08294362516733854,0.1537512846865365,0.05231512417617759,0.14943473792394654,0.28591983556012335,0.1445015416238438,0.018088386433710177,-0.15745118191161359,0.1473792394655704,0.18890030832476876,0.13771839671120248,0.1712230215827338,0.15498458376156218,0.08078108941418294,-0.03391572456320658,0.16649537512846865,0.16813977389516957,0.14799588900308325,0.11048872001844974,0.12106885919835561,0.26187050359712233,0.03329907502569373,0.20596094552929087,0.18736831311035707,0.08468653648509764,0.18458376156217884,-0.06269270298047276,0.358273381294964,0.18273381294964028,0.3329907502569373,0.4863309352517986,0.3950668036998972,0.3508735868448099,0.37327852004110995,0.011716341212744091,0.17286742034943473,0.16772867420349435,0.10843311592508323,0.09352517985611512,0.06330935251798561,0.1171634121274409,0.1710174717368962,0.18088386433710174,0.11346351490236382,0.16115107913669066,0.24480986639260022,0.18129496402877696,0.22918807810894143,0.19054470709146967,0.055909558067831454,0.12970195272353546,-0.026104830421377186,0.19506680369989723,0.019938335046248718,0.024665981500513877,-0.18314491264131552,0.0959917780061665,0.0421377183967112,0.010688591983556012,0.09106794168776149,0.019529242574124923,0.13771839671120248,0.20945529290853035,0.06958219856045625,0.19424460431654678,0.07338129496402879,-0.09578622816032889,-0.009249743062692703,-0.005344295991778006,0.08139773895169579,0.29722507708119217,0.07728674203494348,-0.06207605344295992,0.00945529290853032,0.1669064748201439,0.16135662898252826
0.2388489208633094,0.5255909558067832,0.2840698869475848,1.0,0.6008221993833505,0.19280575539568348,0.3494347379239466,0.5299075025693731,0.2272470325216673,0.26906474820143883,0.2970195272353546,0.23670281135115326,0.14543398960568035,0.1736896197327852,0.16670092497430627,0.48612538540596095,0.26351490236382324,0.3650565262076053,0.16526207605344295,0.16300102774922917,0.2793422404933196,0.2850976361767729,0.2129496402877698,0.0789311408016444,0.09466056849952763,0.18602261048304214,0.1785292155088811,-0.0073997944501541625,0.09249743062692703,0.2207605344295992,-0.033504624871531344,-0.011305241521068859,0.16772867420349435,0.28612538540596094,0.23658787255909558,0.12785200411099693,-0.06063720452209661,0.21007194244604319,0.16813977389516957,0.24234326824254881,0.37923946557040084,0.21151079136690648,0.20997995813738865,0.09660842754367935,0.3669064748201439,0.02487153134635149,0.2974306269270298,0.24410298608727268,0.32045220966084276,0.11778006166495375,0.1800616649537513,0.4065775950668037,0.439054470709147,0.6493319630010278,0.3570400822199383,0.3697841726618705,0.3371017471736896,0.24727646454265162,0.14922918807810895,0.18170606372045223,0.12189105858170607,-0.02456446891572975,-0.014388489208633093,0.1379239465570401,0.09434737923946558,0.1658787255909558,0.09681397738951696,0.14039054470709147,0.14820143884892087,0.26885919835560124,0.12970195272353546,0.1052415210688592,0.13566289825282632,0.04049331963001028,0.06618705035971223,0.021377183967112023,-0.030832476875642344,0.05878725590955807,0.01459403905447071,-0.1290853031860226,-0.05714285714285714,0.011921891058581706,-0.15847893114080164,0.006989413131792078,-0.013362113340190737,0.06228160328879754,0.05056526207605344,0.06279870505234678,0.04439876670092498,-0.10853031860226105,-0.029804727646454265,-0.13072970195272354,-0.07708119218910586,0.07831449126413156,0.10626927029804728,0.015416238437821172,-0.1708119218910586,-0.06515930113052415,0.22507708119218914,0.047687564234326824
0.14922918807810895,0.5280575539568345,0.307502569373073,0.6008221993833505,1.0,0.16937307297019527,0.2355601233299075,0.3773895169578623,0.23916953626319304,0.26372045220966084,0.2616649537512847,0.24081401953788623,0.07883241698060553,0.08489208633093526,0.14655704008221992,0.37225077081192187,0.20554984583761562,0.26433710174717373,0.15046248715313465,0.18396711202466598,0.2419321685508736,0.24357656731757452,0.15169578622816035,0.13196300102774922,0.07307672551917932,0.27276464542651596,0.1910684004784168,0.1093525179856115,0.11593011305241523,0.3268242548818089,0.05981500513874615,0.012538540596094553,0.1722507708119219,0.22487153134635152,0.1975334018499486,0.1710174717368962,0.020349434737923947,0.13072970195272354,0.12374100719424462,0.19177800616649537,0.28920863309352524,0.32004110996916757,0.24574746936196587,0.22651593011305243,0.34224049331963,0.05858170606372045,0.2645426515930113,0.2338249656204401,0.28180883864337103,0.1523124357656732,0.1303186022610483,0.43453237410071943,0.44193216855087364,0.6049331963001028,0.46721479958890033,0.3882836587872559,0.26885919835560124,0.27728674203494347,0.1471736896197328,0.1471736896197328,0.12312435765673177,-0.07801017534325892,-0.06700924974306269,0.10832476875642344,0.08406988694758478,0.0972250770811922,0.12682425488180885,0.118191161356629,0.1880781089414183,0.21664953751284688,0.13833504624871532,0.0801644398766701,0.12538540596094552,0.0750256937307297,0.10154162384378213,0.0801644398766701,0.01644398766700925,0.07194244604316546,0.0894141829393628,-0.120863309352518,0.055498458376156225,0.06988694758478932,-0.03391572456320658,0.06948298936899183,0.11491417472564033,0.11120246659815006,0.16402877697841728,0.1314558817707881,0.09784172661870505,-0.0065775950668037,0.05077081192189106,-0.12661870503597122,-0.01747173689619733,0.16752312435765676,0.1683453237410072,0.13833504624871532,-0.05200411099691676,-0.012127440904419324,0.14902363823227133,0.10811921891058582
0.24234326824254881,0.13771839671120248,0.26618705035971224,0.19280575539568348,0.16937307297019527,1.0,0.16628982528263106,0.37677286742034943,0.30679891093495115,0.049331963001027754,-0.048920863309352525,-0.07204892347249606,-0.0397759392066419,0.06330935251798561,0.18663926002055498,0.0855087358684481,0.0947584789311408,0.15930113052415212,0.05323741007194245,0.21788283658787258,0.29722507708119217,0.0131551901336074,0.3044193216855087,-0.10256937307297019,0.13289480463614467,-0.0394655704008222,0.1598232182592459,-0.03843782117163413,0.06187050359712231,0.3105858170606372,-0.08838643371017471,0.03247687564234327,0.10380267214799589,0.06927029804727647,0.02219938335046249,0.2131551901336074,0.004522096608427544,0.10174717368961973,0.13340184994861254,0.013566289825282631,0.0789311408016444,0.01891058581706064,0.013053085992877318,-0.054470709146968145,0.10853031860226105,0.11017471736896198,0.14676258992805757,0.19764633357718964,0.17553956834532375,0.13607399794450153,0.21151079136690648,0.16464542651593014,0.05035971223021583,0.21377183967112026,0.3638232271325797,0.44522096608427547,0.20616649537512846,0.3416238437821172,0.11572456320657759,-0.06063720452209661,0.004933196300102775,-0.09507168931820094,0.039260020554984586,0.10195272353545735,0.0801644398766701,0.1895169578622816,0.13771839671120248,0.05673175745118191,0.017677286742034944,0.14984583761562179,0.2039054470709147,-0.003494347379239466,0.1975334018499486,0.1249743062692703,0.015827338129496403,0.0302158273381295,0.12024665981500515,0.265775950668037,-0.0073997944501541625,-0.047482014388489216,-0.0972250770811922,-0.03186022610483042,-0.002877697841726619,0.09250693850901279,0.16836262808640326,0.14265159301130526,0.0565262076053443,-0.012230844355530715,0.20616649537512846,-0.0014388489208633096,-0.0801644398766701,0.05159301130524152,0.10976361767728675,-0.06125385405960946,0.0008221993833504625,-0.18499486125385406,0.011921891058581706,0.17307297019527237,0.2647482014388489,0.07954779033915725
0.08735868448098665,0.334224049331963,0.24398766700924973,0.3494347379239466,0.2355601233299075,0.16628982528263106,1.0,0.512846865364851,0.1318670025894614,0.22487153134635152,0.26598150051387465,0.2800760577211865,0.18613495065433716,0.10030832476875642,0.12579650565262077,0.4435765673175745,0.2970195272353546,0.34758478931140807,0.09105858170606372,0.09455292908530319,0.17183967112024667,0.39095580678314495,0.18602261048304214,0.1934224049331963,0.06999331937912955,0.1907502569373073,0.2247803076096275,-0.044604316546762585,0.02158273381294964,0.03103802672147996,0.12579650565262077,0.18417266187050363,0.2645426515930113,0.320863309352518,0.31243576567317577,0.2406988694758479,-0.09085303186022611,0.36772867420349437,0.13052415210688592,0.357245632065776,0.40328879753340185,0.16115107913669066,0.28706511163863263,-0.024049331963001026,0.23843782117163412,-0.048509763617677296,0.2392600205549846,0.1448173083776704,0.10894141829393629,0.09044193216855087,0.06392600205549846,0.1539568345323741,0.15765673175745118,0.18869475847893116,0.29270298047276466,0.2261048304213772,0.1773895169578623,0.09126413155190133,-0.02816032887975334,0.027749229188078112,0.04398766700924975,-0.17359576568480148,-0.24522096608427543,-0.13730729701952724,-0.1710174717368962,-0.03699897225077081,0.028776978417266185,-0.14306269270298047,-0.06824254881808839,0.07790339157245633,-0.08263103802672148,0.10626927029804728,-0.09146968139773896,0.0036998972250770813,-0.10955806783144913,-0.039671120246659815,-0.15066803699897224,-0.04008221993833505,0.20143884892086333,0.06927029804727647,-0.13956834532374102,0.03432682425488181,-0.027132579650565262,0.03720834637806959,-0.05015931776933138,0.05303186022610483,-0.009249743062692703,-0.04717611394276133,0.14696813977389517,-0.15313463514902365,-0.2211716341212744,-0.14532374100719425,-0.12744090441932168,0.10770811921891059,0.0842754367934224,-0.09208633093525181,-0.16279547790339158,-0.11593011305241523,0.2129496402877698,0.10339157245632066
0.15847893114080164,0.3889003083247688,0.46598150051387466,0.5299075025693731,0.3773895169578623,0.37677286742034943,0.512846865364851,1.0,0.2665090707049676,0.2376156217882837,0.20883864337101748,0.16825119504204858,0.17935145714622772,0.16937307297019527,0.263103802672148,0.3872559095580678,0.23083247687564235,0.391983556012333,0.07009249743062693,0.18746145940390546,0.3564234326824255,0.28735868448098667,0.24522096608427543,0.12189105858170607,0.054165167860207454,0.12291880781089415,0.11501104902385605,-0.02528263103802672,0.17327852004111,0.13915724563206577,-0.06002055498458376,-0.03576567317574512,0.15601233299075026,0.3389516957862282,0.21747173689619734,0.22795477903391573,0.03741007194244605,0.29003083247687567,0.10051387461459405,0.302158273381295,0.3523124357656732,0.1525179856115108,0.15756205375654272,-0.03227132579650565,0.25734840698869477,-0.03576567317574512,0.21623843782117164,0.13453928791083786,0.14635149023638233,0.2117163412127441,0.0709146968139774,0.3142857142857143,0.27810894141829395,0.4036998972250771,0.42425488180883864,0.4924974306269271,0.4117163412127441,0.4361767728674204,0.09969167523124357,0.16258992805755396,0.14881808838643373,0.010175240262164207,0.032682425488180886,0.08221993833504625,0.060431654676259,0.17677286742034942,0.20431654676258995,0.09496402877697843,0.11921891058581706,0.2855087358684481,0.12374100719424462,0.18561151079136692,0.14162384378211718,0.11428571428571428,0.07050359712230216,-0.007605344295991779,0.018705035971223024,0.09023638232271326,0.02918807810894142,-0.03638232271325797,-0.01459403905447071,0.07338129496402879,-0.06906474820143885,0.07297769593488787,-0.001644567795715783,0.1434737923946557,0.10298047276464543,-0.027442314646442863,0.20082219938335047,-0.041726618705035974,-0.16279547790339158,-0.06680369989722508,-0.0263103802672148,0.04439876670092498,0.18663926002055498,-0.11469681397738953,-0.17923946557040082,-0.01644398766700925,0.2774922918807811,0.19301130524152108
0.012230844355530715,0.2934374843280688,0.19579628989315975,0.2272470325216673,0.23916953626319304,0.30679891093495115,0.1318670025894614,0.2665090707049676,1.0,0.2539698857354319,0.12076674048528227,0.13588241340322746,-0.1356768424298489,0.08705483335407155,0.19476848784647652,0.1960018503024964,0.07102112142581281,0.2377306133978365,0.11131096165579633,0.13536152954818448,0.20792435404402215,0.13433372750150122,0.37915617502145216,0.1002106995516172,0.35173193545071435,0.15406752679781965,0.11717545482577861,-0.20031861889856606,-0.09753841423024073,0.22868595538702385,-0.17503468855015805,-0.07307672551917932,0.11316100533982619,0.2430751840405894,0.21861349532952798,0.31851585426714024,-0.06320982587102009,0.13351148586415462,0.2913818802347023,0.17667917182485124,0.31461020648974386,0.18449046737964395,0.23949018398602115,-0.006269592484767846,0.22087465983223112,0.051904003357504294,0.25170872123272875,0.18357487922705315,0.24739195263665908,0.22087465983223112,0.15735649334720608,0.2804871785398598,0.28213166181455307,0.29261524269072225,0.36065573818115354,0.4032067429138403,0.25088647959538213,0.38593966852956163,0.4036178637325136,0.15673981211919613,0.1565342517098595,-0.18809744064138142,-0.0044195488007379895,0.12200010294130217,0.11295544493048953,0.18449046737964395,0.37052263782931283,0.04203710370934506,0.2798704973118499,0.3088545150283176,0.24759751304599573,0.08993267908478467,0.2815149805865431,0.260342258424868,0.11830001557324246,0.2794593764931766,0.015519810904917126,0.145639550015017,0.0046251092100746405,-0.048615036808117885,0.041009301662661805,0.29549308842143535,0.24965311713936222,0.316492779366456,0.2667420469165162,0.24841975468334235,0.0673210340577531,-0.10669133518347208,0.35716121122243055,0.2552032481914518,0.050259520082811086,0.08767151458208151,0.1785292155088811,0.2430751840405894,0.1752402489594947,-0.0414204224813351,0.09013823949412131,0.2599311376061948,0.3773061313374223,0.21121332059340855
0.071120246659815,0.11695786228160329,0.08715313463514902,0.26906474820143883,0.26372045220966084,0.049331963001027754,0.22487153134635152,0.2376156217882837,0.2539698857354319,1.0,0.6328879753340185,0.501670178986096,0.2885040345039892,0.35909558067831454,0.189311408016444,0.10256937307297019,0.39794450154162386,-0.025077081192189106,0.302158273381295,0.021993833504624874,0.24727646454265162,0.1880781089414183,0.20801644398766703,0.4287769784172662,0.3840896248455318,0.34552929085303186,0.18264042369561412,-0.01932168550873587,0.01891058581706064,0.13319630010277492,-0.018705035971223024,0.06598150051387461,0.263103802672148,0.14224049331963,0.14902363823227133,0.047687564234326824,0.016649537512846865,0.3276464542651593,0.307502569373073,0.29537512846865366,0.3171634121274409,0.23494347379239466,0.3104989983030108,0.12168550873586846,0.23494347379239466,0.08119218910585818,0.24809866392600205,0.18284598410495076,0.14696813977389517,0.1868448098663926,-0.16073997944501542,-0.08591983556012334,-0.03864337101747174,0.10544707091469682,0.11490236382322713,0.16094552929085304,-0.1064748201438849,0.20205549845837614,0.3868448098663926,0.3625899280575539,0.3496402877697842,0.019425458682313487,-0.15334018499486127,-0.016649537512846865,-0.0367934224049332,-0.008016443987667009,-0.04953751284686536,-0.1260020554984584,-0.07338129496402879,-0.10195272353545735,-0.019527235354573486,-0.18335046248715314,-0.16526207605344295,0.046248715313463515,0.06700924974306269,0.32312435765673175,-0.1052415210688592,0.016032887975334018,-0.013771839671120247,-0.04316546762589928,-0.06659815005138746,0.10688591983556013,-0.054470709146968145,-0.08839551901972333,0.017062390880551247,-0.09229188078108942,0.12209660842754368,0.04265378493735501,-0.0024665981500513875,-0.031654676258992806,-0.09640287769784174,-0.05303186022610483,0.05817060637204522,0.02487153134635149,-0.12476875642343269,0.11983556012332991,-0.09516957862281604,-0.10668036998972251,0.13093525179856116,0.11181911613566291
0.01644398766700925,0.15806783144912642,0.041109969167523124,0.2970195272353546,0.2616649537512847,-0.048920863309352525,0.26598150051387465,0.20883864337101748,0.12076674048528227,0.6328879753340185,1.0,0.5705329161138739,0.2613700604715513,0.2809866392600206,0.13751284686536486,0.14162384378211718,0.29311408016443985,-0.011510791366906477,0.175950668036999,0.00020554984583761563,0.1880781089414183,0.20328879753340184,0.08715313463514902,0.40698869475847893,0.33434400578606227,0.5514902363823228,0.16393442644597891,-0.051387461459403906,-0.03329907502569373,0.027132579650565262,-0.033093525179856115,0.07831449126413156,0.19527235354573483,0.11469681397738953,0.1445015416238438,0.0065775950668037,-0.1079136690647482,0.21459403905447072,0.13401849948612538,0.1987667009249743,0.2538540596094553,0.3336073997944502,0.29323192391873215,0.07852004110996917,0.16628982528263106,-0.03186022610483042,0.17574511819116134,0.07554345043121911,0.13299075025693732,0.05981500513874615,-0.19732785200411102,-0.053442959917780065,-0.01932168550873587,0.12929085303186025,0.05118191161356629,0.09763617677286741,-0.06002055498458376,0.09393627954779034,0.3050359712230216,0.4184994861253854,0.38663926002055504,0.02682563341843291,-0.21253854059609456,-0.09558067831449128,-0.10585817060637205,-0.06515930113052415,-0.11243576567317576,-0.16875642343268246,-0.13586844809866394,-0.10976361767728675,-0.0696813977389517,-0.1734840698869476,-0.23391572456320658,-0.03062692702980473,0.047687564234326824,0.31490236382322717,-0.17923946557040082,-0.06988694758478932,-0.03473792394655704,-0.017677286742034944,-0.08386433710174718,0.007810894141829393,-0.14861253854059608,-0.1755576121926598,-0.07873368321989312,-0.18396711202466598,0.0036998972250770813,-0.03833701634128535,-0.05015416238437821,-0.10811921891058582,-0.12147995889003083,-0.08345323741007195,-0.044604316546762585,0.0433710174717369,-0.054881808838643374,0.0972250770811922,-0.2509763617677287,-0.2674203494347379,0.06885919835560124,0.01644398766700925
0.0005139010233416267,0.1918906421157634,0.12487794867201527,0.23670281135115326,0.24081401953788623,-0.07204892347249606,0.2800760577211865,0.16825119504204858,0.13588241340322746,0.501670178986096,0.5705329161138739,1.0,0.3069174632541885,0.24430854649660932,0.2073076728160122,0.1664011513580187,0.29919317578949506,0.10082738077962716,0.19476848784647652,0.17112904077276167,0.22498586801896414,0.3000154174268417,0.15817873498455268,0.4846086650111539,0.2148216671805941,0.479264094368401,0.1911810052420598,0.029086797921136068,0.08911043744743806,-0.0005139010233416267,0.053548486632197495,0.07595457124989242,0.17976257796490103,0.16331774521796893,0.24163626117523287,0.12015005925727232,-0.05087620131082104,0.15180636229511651,0.10781643469707328,0.17750141346219783,0.29179300105337563,0.2617811812902246,0.3398088189947579,0.1294002776774216,0.2819261014052164,0.018603217044966886,0.2453363485432926,0.18193031144002467,0.21326892468677505,0.14954519779241335,-0.18572382983566388,-0.005652911256757893,0.031759083242512524,0.13433372750150122,0.07986021902728878,0.06177090300566352,-0.02291998564103655,0.01942545868231349,0.17585693018750465,0.3063877901162778,0.325093787365913,0.038236201048411966,-0.18510714860765393,-0.05293180540418755,-0.022097744003689943,-0.0389536975692953,-0.09959401832360724,-0.055809651134900655,0.03422580815455234,-0.009764119443490907,0.051904003357504294,-0.0718433630631594,-0.09178272276881452,-0.0868492729447349,0.11830001557324246,0.2077187936346855,-0.0843825480326951,-0.024358908506393103,0.031142402014502576,-0.036075851838582196,0.004830669619411291,0.036281412247918844,-0.04285934534669166,-0.1022768156770457,-0.03443490779076413,-0.12426126744400533,0.060331980140306975,0.006578271148113886,0.07122668183514946,-0.1314558817707881,-0.11007759919977644,-0.14091166060027405,-0.11706665311722256,0.031142402014502576,-0.034636928973225636,0.12302790498798541,-0.14831183533639347,-0.1281669152214017,0.10843311592508321,0.04450382862138487
0.08931599785677471,-0.027647875055779515,0.1423505834656306,0.14543398960568035,0.07883241698060553,-0.0397759392066419,0.18613495065433716,0.17935145714622772,-0.1356768424298489,0.2885040345039892,0.2613700604715513,0.3069174632541885,1.0,0.3477054323929446,0.23423608643911345,0.020864381547670043,0.3865563497575716,-0.010175240262164207,0.31995477713249676,-0.01983657950098679,0.15077856024843325,0.30165990070153487,0.0560152115442373,0.21429672673345831,-0.013978826189742008,0.1269335527653818,0.12807071641484222,0.2880929136853159,0.2825427826332263,0.03134796242383923,0.2194357369668746,0.07924353779927883,0.11398324697717278,0.16249550358062234,0.1294002776774216,-0.16146770153393908,0.213885605914785,0.1559175704818495,0.03340356651720573,0.10041625996095385,0.08993267908478467,0.03278688528919578,0.09291807996710864,0.16927899708873184,0.18819055474770366,0.002980625935381435,0.13556708995752112,0.08387295713845205,-0.09260496440616112,0.04244822452801836,-0.11994449884793566,-0.16146770153393908,-0.16599003053934538,0.0019528238886981812,-0.003802867572728037,-0.028264556283789467,-0.15756205375654272,-0.027853435465116167,-0.025592270962413007,0.1047330285570235,0.10452746814768687,0.3977798334875115,0.11459992820518275,-0.07574901084055577,0.03669253306659214,0.0706100006071395,-0.2940541655560788,0.008119636168797701,-0.09342720604350774,-0.18654607147301047,-0.03751477470393875,0.0405981808439885,-0.1002106995516172,-0.3131712836243873,0.010997481899510811,-0.011203042308847461,0.024153348097056455,0.010175240262164207,0.059098617684287064,-0.005652911256757893,-0.02990903955848267,-0.07307672551917932,-0.22416362638161752,-0.19149920362445844,-0.17114663125857396,-0.07040444019780286,0.17318464486612817,0.22797820947682185,-0.1635233056273056,-0.2576699731034916,-0.05930417809362372,-0.22354694515360762,-0.1822293028769408,-0.20114086053591268,-0.15838429539388935,0.16763451381403863,-0.18962947761306023,-0.07122668183514946,-0.15509532884450292,0.003391746754054736
0.1496402877697842,-0.015827338129496403,0.10976361767728675,0.1736896197327852,0.08489208633093526,0.06330935251798561,0.10030832476875642,0.16937307297019527,0.08705483335407155,0.35909558067831454,0.2809866392600206,0.24430854649660932,0.3477054323929446,1.0,0.4894141829393628,0.07297019527235354,0.4957862281603289,-0.017677286742034944,0.543884892086331,-0.006372045220966085,0.3331963001027749,0.18396711202466598,0.2865364850976362,0.11387461459403907,0.2272470325216673,0.12559095580678314,0.23259160316442024,0.03741007194244605,0.03699897225077081,0.13525179856115108,0.02487153134635149,0.04131551901336074,0.07852004110996917,0.18540596094552927,0.14655704008221992,-0.1763617677286742,-0.025693730729701953,0.26392600205549843,0.26639260020554983,0.25673175745118193,0.26002055498458376,0.10709146968139774,0.2093632769093787,0.10894141829393629,0.18437821171634122,0.26084275436793425,0.26372045220966084,0.22169690146957774,0.09558067831449128,0.11531346351490238,-0.07523124357656732,-0.08838643371017471,-0.11469681397738953,0.06104830421377184,-0.027749229188078112,0.0010277492291880781,-0.11223021582733812,0.05035971223021583,0.16402877697841728,0.12456320657759508,0.08201438848920864,0.11254432411181624,0.0024665981500513875,0.0984583761562179,0.04542651593011306,0.1617677286742035,-0.14080164439876672,0.0018499486125385406,-0.08242548818088387,-0.13648509763617678,0.09558067831449128,-0.1196300102774923,-0.06906474820143885,-0.13751284686536486,-0.040287769784172665,0.011921891058581706,-0.05303186022610483,0.016855087358684483,0.02076053442959918,-0.0328879753340185,-0.19815005138746145,-0.05837615621788284,-0.16916752312435768,-0.22407236216627544,-0.1379381238656613,-0.17574511819116134,-0.020143884892086333,0.1193278176199257,-0.1738951695786228,-0.12826310380267214,-0.05570400822199383,-0.055498458376156225,-0.0367934224049332,-0.11778006166495375,-0.1671120246659815,0.06639260020554985,-0.06269270298047276,-0.045837615621788286,-0.03186022610483042,-0.006166495375128469
0.05056526207605344,0.09023638232271326,0.2672147995889003,0.16670092497430627,0.14655704008221992,0.18663926002055498,0.12579650565262077,0.263103802672148,0.19476848784647652,0.189311408016444,0.13751284686536486,0.2073076728160122,0.23423608643911345,0.4894141829393628,1.0,0.014182939362795478,0.23186022610483045,0.1064748201438849,0.3169578622816033,0.2406988694758479,0.4002055498458376,0.0972250770811922,0.2614594039054471,0.045632065775950664,0.06444318832703998,0.13997944501541623,0.08869931662876476,-0.010277492291880781,0.24213771839671122,0.09044193216855087,-0.15190133607399794,-0.11860226104830421,-0.10030832476875642,0.1303186022610483,0.06762589928057554,0.008221993833504625,-0.0006166495375128469,0.06372045220966084,0.03329907502569373,0.09146968139773896,0.17533401849948613,-0.03432682425488181,-0.0044195488007379895,0.09208633093525181,0.10544707091469682,0.15683453237410072,0.16423432682425487,0.17154016159143498,0.12846865364850976,0.2645426515930113,-0.03535457348406989,0.0974306269270298,0.033710174717368965,0.19095580678314492,0.1815005138746146,0.2156217882836588,0.1697841726618705,0.20369989722507706,0.18129496402877696,0.18293936279547793,0.1720452209660843,0.19045171925040683,0.20472764645426517,0.23905447070914698,0.2896197327852004,0.4548818088386434,0.10215827338129498,0.2620760534429599,0.17780061664953753,0.1410071942446043,0.4425488180883865,0.11181911613566291,0.19979445015416242,-0.017060637204522097,0.20554984583761562,0.02589928057553957,0.2581706063720452,0.13607399794450153,-0.10092497430626927,-0.09948612538540597,0.013566289825282631,0.011099691675231244,-0.08119218910585818,-0.038236201250391955,0.019118100625195977,-0.005960945529290853,0.08509763617677288,0.06403206750836668,0.07975334018499487,-0.008221993833504625,-0.019116135662898253,0.0065775950668037,0.08448098663926003,-0.08365878725590956,0.01788283658787256,0.05035971223021583,0.05159301130524152,0.11366906474820143,0.08571428571428572,0.120863309352518
0.29516957862281606,0.523535457348407,0.1734840698869476,0.48612538540596095,0.37225077081192187,0.0855087358684481,0.4435765673175745,0.3872559095580678,0.1960018503024964,0.10256937307297019,0.14162384378211718,0.1664011513580187,0.020864381547670043,0.07297019527235354,0.014182939362795478,1.0,0.24665981500513876,0.5500513874614594,0.12867420349434738,0.06598150051387461,0.10298047276464543,0.49886947584789315,0.30873586844809864,0.046865364850976365,0.11603885107053931,0.10626927029804728,0.2669201915236409,-0.055909558067831454,-0.12620760534429598,0.10154162384378213,0.21027749229188078,0.1708119218910586,0.28859198355601234,0.5397738951695786,0.5083247687564234,0.22651593011305243,-0.14039054470709147,0.22816032887975335,0.17060637204522097,0.3192189105858171,0.48119218910585815,0.2785200411099692,0.40937355519393975,-0.0041109969167523125,0.33771839671120246,0.04707091469681397,0.3837615621788284,0.23999177790053966,0.23823227132579652,0.0067831449126413155,0.28242548818088387,0.39301130524152106,0.45179856115107914,0.381294964028777,0.2719424460431655,0.14655704008221992,0.2195272353545735,0.02158273381294964,-0.06330935251798561,-0.030832476875642344,-0.08489208633093526,-0.29425972596541544,-0.24789311408016446,-0.01788283658787256,-0.14367934224049334,-0.06433710174717369,0.09640287769784174,-0.07297019527235354,0.09023638232271326,0.23186022610483045,-0.04049331963001028,0.13401849948612538,0.09003083247687566,-0.06474820143884892,-0.15827338129496404,-0.047687564234326824,-0.2404933196300103,-0.0526207605344296,0.25837615621788285,0.018088386433710177,-0.1537512846865365,0.0801644398766701,0.0355601233299075,0.1319765656061916,-0.020762668420911762,0.1379239465570401,-0.06742034943473793,-0.0381314559319487,0.0961973278520041,-0.15046248715313465,-0.09105858170606372,-0.20966084275436794,-0.3114080164439877,0.20534429599177803,0.11983556012332991,-0.04953751284686536,-0.10215827338129498,-0.023227132579650568,0.21973278520041112,-0.0024665981500513875
0.2534429599177801,0.0879753340184995,0.05323741007194245,0.26351490236382324,0.20554984583761562,0.0947584789311408,0.2970195272353546,0.23083247687564235,0.07102112142581281,0.39794450154162386,0.29311408016443985,0.29919317578949506,0.3865563497575716,0.4957862281603289,0.23186022610483045,0.24665981500513876,1.0,0.12353545734840699,0.5453237410071943,0.049331963001027754,0.3494347379239466,0.33833504624871535,0.36608427543679345,0.2431654676258993,0.1918906421157634,0.10606372045220966,0.4796752151870743,0.1013360739979445,0.10462487153134635,0.24727646454265162,0.22692702980472765,0.12538540596094552,0.18848920863309354,0.31181911613566293,0.328879753340185,0.029804727646454265,0.048920863309352525,0.3981500513874615,0.3471736896197328,0.36711202466598153,0.439054470709147,0.13607399794450153,0.35222776139835094,0.20863309352517986,0.3675231243576567,0.2647482014388489,0.3868448098663926,0.3133768440337239,0.1290853031860226,0.13072970195272354,0.044604316546762585,-0.03186022610483042,-0.0006166495375128469,0.10277492291880781,0.08468653648509764,0.018088386433710177,-0.13915724563206577,-0.05878725590955807,0.04295991778006167,-0.006372045220966085,-0.06659815005138746,-0.02291998564103655,-0.15354573484069886,0.004522096608427544,-0.04234326824254882,0.023843782117163412,-0.1771839671120247,-0.05467625899280575,-0.09496402877697843,-0.12805755395683455,-0.014388489208633093,-0.06721479958890031,-0.054470709146968145,-0.1936279547790339,-0.09352517985611512,-0.06598150051387461,-0.12394655704008223,0.13340184994861254,0.21664953751284688,-0.0051387461459403904,-0.20082219938335047,-0.009249743062692703,-0.11510791366906474,-0.11368074887885349,0.02014595549751834,-0.0328879753340185,0.09311408016443988,0.18366822574229738,-0.04707091469681397,-0.21767728674203493,-0.08509763617677288,-0.27564234326824255,-0.15745118191161359,-0.015210688591983558,-0.22322713257965057,0.11880781089414184,-0.016032887975334018,0.01274409044193217,0.0,0.022816032887975332
0.1761562178828366,0.4411099691675231,0.23617677286742036,0.3650565262076053,0.26433710174717373,0.15930113052415212,0.34758478931140807,0.391983556012333,0.2377306133978365,-0.025077081192189106,-0.011510791366906477,0.10082738077962716,-0.010175240262164207,-0.017677286742034944,0.1064748201438849,0.5500513874614594,0.12353545734840699,1.0,0.08735868448098665,0.2343268242548818,0.11798561151079136,0.4115107913669065,0.2719424460431655,0.013771839671120247,-0.007914075759461051,0.04809866392600205,0.17010123872607844,-0.05981500513874615,0.03597122302158273,0.013771839671120247,0.08838643371017471,0.031243576567317573,0.13422404933196302,0.5375128468653648,0.43288797533401857,0.4199383350462487,-0.12209660842754368,0.03720452209660843,-0.0433710174717369,0.06618705035971223,0.3445015416238438,0.16896197327852006,0.2073076728160122,0.015827338129496403,0.24131551901336074,-0.00945529290853032,0.2330935251798561,0.1423505834656306,0.17923946557040082,0.09167523124357657,0.23782117163412128,0.4725590955806783,0.5001027749229188,0.3942446043165468,0.3778006166495375,0.26803699897225075,0.46474820143884893,0.09866392600205551,-0.027749229188078112,0.022404933196300103,-0.010277492291880781,-0.1760624905968413,-0.056937307297019533,0.02918807810894142,-0.01274409044193217,0.09496402877697843,0.25734840698869477,0.15046248715313465,0.3247687564234327,0.5564234326824254,0.14018499486125385,0.4051387461459404,0.3533401849948613,-0.00328879753340185,0.024460431654676262,-0.035149023638232274,-0.022404933196300103,0.035149023638232274,0.13730729701952724,-0.008016443987667009,0.06392600205549846,0.15313463514902365,0.16073997944501542,0.31801829749653954,0.16733477321408088,0.3190133607399795,-0.02487153134635149,-0.09712729341156745,0.3508735868448099,-0.0367934224049332,0.005755395683453238,-0.18355601233299076,-0.2219938335046249,0.24337101747173692,0.263103802672148,-0.05714285714285714,-0.015210688591983558,0.1710174717368962,0.2906474820143885,0.07831449126413156
0.26536485097636175,0.0024665981500513875,0.017060637204522097,0.16526207605344295,0.15046248715313465,0.05323741007194245,0.09105858170606372,0.07009249743062693,0.11131096165579633,0.302158273381295,0.175950668036999,0.19476848784647652,0.31995477713249676,0.543884892086331,0.3169578622816033,0.12867420349434738,0.5453237410071943,0.08735868448098665,1.0,0.07317574511819117,0.27297019527235356,0.24378211716341214,0.31387461459403904,0.10215827338129498,0.21738013287350808,0.011921891058581706,0.43075183776495146,0.23823227132579652,0.09516957862281604,0.22425488180883865,0.16896197327852006,0.1303186022610483,0.10668036998972251,0.24809866392600205,0.23473792394655707,-0.046248715313463515,0.08304213771839672,0.20739979445015416,0.3447070914696814,0.17800616649537512,0.32846865364850975,0.10030832476875642,0.21696901205483476,0.26618705035971224,0.32641315519013364,0.383967112024666,0.39712230215827343,0.3123490419870407,0.16238437821171636,0.11798561151079136,0.09681397738951696,-0.05077081192189106,-0.010894141829393628,0.07728674203494348,0.011510791366906477,-0.015621788283658787,-0.16094552929085304,-0.09249743062692703,0.12435765673175746,0.025693730729701953,-0.03741007194244605,0.06547099037372324,-0.0006166495375128469,0.10400822199383351,0.08509763617677288,0.14758478931140803,-0.17060637204522097,0.10195272353545735,0.023021582733812954,-0.11325796505652622,0.13360739979445016,-0.006372045220966085,0.07708119218910586,-0.22240493319630011,-0.03391572456320658,0.03144912641315519,0.033504624871531344,0.1815005138746146,0.14018499486125385,0.0018499486125385406,-0.0959917780061665,-0.022404933196300103,-0.04234326824254882,-0.0552985921309432,0.13074313975940474,0.011510791366906477,0.10421377183967112,0.2831594638612363,-0.09434737923946558,-0.1354573484069887,0.08304213771839672,-0.11654676258992805,-0.09825282631038026,0.0328879753340185,-0.22240493319630011,0.2219938335046249,0.10113052415210688,0.11469681397738953,-0.018088386433710177,-0.02857142857142857
