0,1,2,3,4,5,6,7,8,9,10,11,12,13,14,15,16,17,18,19,20,21,22,23,24,25,26,27,28,29,30,31,32,33,34,35,36,37,38,39,40,41,42,43,44,45,46,47,48,49,50,51,52,53,54,55,56,57,58,59,60,61,62,63,64,65,66,67,68,69,70,71,72,73,74,75,76,77,78,79,80,81,82,83,84,85,86,87,88,89,90,91,92,93,94,95,96,97,98,99
1.0,0.08900308324768756,0.26433710174717373,0.10493858896636017,0.0263103802672148,0.13751284686536486,0.2129496402877698,0.17183967112024667,0.026721479958890033,0.07276464542651594,0.03494347379239466,-0.054265159301130524,-0.15539568345323743,-0.25919835560123333,-0.17841726618705034,0.27132579650565264,-0.15889003083247688,0.10729701952723536,-0.16073997944501542,-0.07543679342240493,-0.13689619732785202,-0.05745413440959386,-0.17533401849948613,-0.05508735868448099,0.1969167523124358,0.03278688528919578,-0.10709146968139774,-0.16916752312435768,-0.17183967112024667,-0.20534429599177803,-0.13607399794450153,0.1313463514902364,0.12476875642343269,0.008016443987667009,-0.13730729701952724,0.044809866392600206,-0.11613566289825283,0.09064748201438848,0.06618705035971223,0.02219938335046249,0.029393627954779036,0.03761562178828366,-0.10678863265039001,-0.16670092497430627,-0.17266187050359713,-0.1880781089414183,-0.218705035971223,-0.1539568345323741,0.0065775950668037,-0.2392600205549846,0.18622816032887976,0.049948612538540604,-0.04974306269270298,0.05056526207605344,0.1079136690647482,0.10298047276464543,0.10318602261048304,0.0709146968139774,-0.1105858170606372,0.10894141829393629,0.05364850976361768,-0.1461459403905447,-0.1471736896197328,-0.09393627954779034,-0.14039054470709147,-0.1514902363823227,0.07810894141829394,-0.20164439876670093,-0.2343268242548818,-0.05775950668036999,-0.17780061664953753,-0.2840698869475848,-0.20883864337101748,-0.05015416238437821,0.013360739979445016,0.08098663926002056,-0.1936279547790339,-0.1030885452823303,0.016032887975334018,0.06783144912641316,0.06002055498458376,0.008941877806144303,0.14532374100719425,-0.07872559095580679,0.03391572456320658,-0.09825282631038026,-0.12702980472764644,-0.06639260020554985,-0.09373072970195273,0.002877697841726619,-0.20883864337101748,0.1290853031860226,-0.10441932168550874,-0.016032887975334018,0.022816032887975332,-0.16382322713257966,-0.11490236382322713,-0.15889003083247688,0.12435765673175746,-0.18499486125385406
0.08900308324768756,1.0,0.5541623843782117,0.4786474131403911,0.5578622816032888,0.6041109969167523,0.574306269270298,0.5566289825282631,0.6162384378211716,0.19773895169578623,0.3872559095580678,0.44645426515930114,0.24090441932168552,0.21973278520041112,0.20184994861253855,0.37122302158273385,0.4051387461459404,0.2906474820143885,0.3486125385405961,0.2760534429599178,0.2602261048304214,-0.013258646402213966,0.11490236382322713,0.3568345323741007,0.09907502569373072,0.14378950633098714,-0.04008221993833505,-0.002672147995889003,0.14470709146968141,0.05364850976361768,-0.051387461459403906,0.08160328879753341,-0.14984583761562179,0.3632065775950668,-0.0801644398766701,0.41068859198355606,0.12065775950668037,0.1724563206577595,0.33874614594039054,0.36834532374100726,0.1712230215827338,0.16300102774922917,0.05663189277224726,-0.1815005138746146,-0.23144912641315518,-0.033504624871531344,0.034121274409044194,-0.08653648509763619,0.3251798561151079,0.11346351490236382,0.29516957862281606,0.7126413155190133,0.48057553956834537,0.5352517985611511,0.7344295991778007,0.5321685508735868,0.5377183967112025,0.5917780061664955,0.20842754367934224,0.09455292908530319,0.22754367934224048,0.03432682425488181,0.1130524152106886,0.032682425488180886,0.10668036998972251,0.12353545734840699,0.45426515930113054,0.20657759506680373,0.09537512846865365,0.39486125385405957,0.28920863309352524,-0.06330935251798561,-0.008221993833504625,0.07194244604316546,0.23453237410071942,-0.024665981500513877,0.0748201438848921,0.0042139883914013385,0.08221993833504625,0.1944501541623844,0.0197327852004111,0.4190348944327624,0.2406988694758479,-0.3167523124357657,-0.08201438848920864,-0.1685508735868448,0.1644398766700925,-0.2135662898252826,0.25981500513874617,0.12045220966084276,0.18869475847893116,0.30668036998972253,0.1710174717368962,0.29640287769784174,0.010071942446043166,-0.21151079136690648,0.008427543679342241,-0.09681397738951696,0.36279547790339156,0.1537512846865365
0.26433710174717373,0.5541623843782117,1.0,0.36497250677722326,0.4322713257965057,0.6002055498458376,0.39157245632065774,0.518191161356629,0.4996916752312436,0.17821171634121274,0.27153134635149023,0.24809866392600205,0.05364850976361768,0.0,0.013360739979445016,0.20369989722507706,0.13648509763617678,0.07749229188078109,0.10668036998972251,0.10483042137718397,0.02857142857142857,-0.15961765784990925,-0.02918807810894142,0.1975334018499486,0.16546762589928057,0.11644997188921259,-0.2380267214799589,-0.16361767728674204,0.06598150051387461,-0.051387461459403906,-0.1683453237410072,0.08180883864337102,-0.22281603288797533,0.10729701952723536,-0.27728674203494347,0.3089414182939363,0.03905447070914697,0.17183967112024667,0.2674203494347379,0.2641315519013361,-0.011921891058581706,0.21212744090441932,-0.040187060025315205,-0.27132579650565264,-0.33278520041109966,-0.14018499486125385,-0.11079136690647481,-0.18705035971223025,0.2830421377183967,0.04090441932168551,0.31757451181911617,0.5981500513874615,0.34552929085303186,0.402672147995889,0.6067831449126414,0.6565262076053444,0.5650565262076054,0.5368961973278521,0.2596094552929085,0.2180883864337102,0.17266187050359713,-0.041109969167523124,0.0006166495375128469,-0.11099691675231245,-0.04234326824254882,-0.006988694758478932,0.5079136690647482,0.07070914696813978,-0.06228160328879754,0.2092497430626927,0.09373072970195273,-0.20369989722507706,-0.1091469681397739,0.20863309352517986,0.1771839671120247,0.08982528263103802,0.04131551901336074,-0.0868492729447349,0.014182939362795478,0.18848920863309354,-0.02487153134635149,0.3051544276602579,0.30668036998972253,-0.2725590955806783,-0.03247687564234327,-0.27482014388489207,0.11243576567317576,-0.2404933196300103,0.2674203494347379,0.24480986639260022,0.08571428571428572,0.4281603288797533,0.26865364850976364,0.2879753340184995,0.05632065775950668,-0.18622816032887976,0.0020554984583761563,-0.2010277492291881,0.383967112024666,0.128879753340185
0.10493858896636017,0.4786474131403911,0.36497250677722326,1.0,0.7195642128829456,0.39601212858705753,0.43712421045438765,0.6815355371556653,0.4831697421457974,0.1997019376705561,0.24266406322191608,0.18305154451428743,0.16228994317128567,0.026620073009096263,0.06958219856045625,0.4046456657791968,0.17133460118209834,0.07492676920320918,0.17112904077276167,0.098566216276924,0.13125032136145146,-0.09723507040805839,0.027031193827769563,0.09794953504891404,0.12056118007594561,0.06598828245451742,-0.06670435282974314,-0.1152166094331927,0.06300426546168343,0.0077085153501244,-0.26753687275165083,-0.07801017534325892,0.04614831189607807,0.2819261014052164,-0.1363893315948677,0.28007605772118654,0.028675677102462768,0.09178272276881452,0.31049899830301086,0.31872141467647686,0.15694537252853277,0.09260496440616112,-0.10093534792887245,-0.31049899830301086,-0.38244514157083853,-0.03957037879730525,-0.033198006107869084,-0.1119276428838063,0.04532607025873147,0.016547612951600378,0.06218202382433683,0.4149236862460294,0.2965208904681186,0.5966390880996285,0.4741250841349848,0.3914897995816512,0.4611747783467758,0.5251040656504742,0.13536152954818448,0.11459992820518275,0.19867413562387284,0.09383832686218102,0.15735649334720608,0.024975589734403055,0.08006577943662543,0.11295544493048953,0.3608612985904902,0.132689244226808,-0.0023639447073714828,0.2161467704174882,0.22395806597228088,-0.1855182694263272,-0.05005395967347444,0.12487794867201527,0.1269335527653818,0.06690991323907979,0.059715298912297016,0.005139274334463974,-0.07780461493392228,-0.08808263540075481,0.05046508049214774,0.3054784664405386,0.2500642379580355,-0.11953337802926235,0.2068965519973389,0.029497918739809368,0.03422580815455234,-0.22683591170299403,0.13207256299879805,0.14646179165236362,-0.02004213991032344,0.21491340796146827,0.16784007422337527,0.14255614387496723,0.08911043744743806,-0.22683591170299403,0.19374068579979326,-0.09260496440616112,0.14317282510297719,0.10493858896636016
0.0263103802672148,0.5578622816032888,0.4322713257965057,0.7195642128829456,1.0,0.5479958890030833,0.37225077081192187,0.6612538540596095,0.6295991778006167,0.10256937307297019,0.20575539568345325,0.2353545734840699,0.1539568345323741,0.120863309352518,0.12846865364850976,0.28591983556012335,0.2606372045220966,0.10380267214799589,0.24234326824254881,0.15169578622816035,0.1683453237410072,-0.0977439746395774,0.09290853031860227,0.13586844809866394,0.0067831449126413155,0.07451564838453587,-0.10154162384378213,-0.047276464542651594,0.12435765673175746,0.07317574511819117,-0.20698869475847895,-0.06002055498458376,-0.07523124357656732,0.29352517985611515,-0.14573484069886947,0.3512846865364851,0.09496402877697843,0.06988694758478932,0.265775950668037,0.27975334018499487,0.0961973278520041,0.09578622816032889,-0.05868749686561377,-0.25570400822199385,-0.37225077081192187,-0.033710174717368965,-0.0030832476875642346,-0.10030832476875642,0.14943473792394654,0.10215827338129498,0.1802672147995889,0.5492291880781089,0.43638232271325794,0.6567317574511818,0.6256937307297019,0.5109969167523124,0.5502569373072971,0.60431654676259,0.24933196300102775,0.10832476875642344,0.17923946557040082,0.0789311408016444,0.17780061664953753,0.033710174717368965,0.12374100719424462,0.15292908530318602,0.47667009249743064,0.23227132579650567,0.13299075025693732,0.32846865364850975,0.2758478931140802,-0.05570400822199383,0.05858170606372045,0.18520041109969168,0.1603288797533402,0.0302158273381295,0.1379239465570401,0.03607585183858219,-0.019938335046248718,0.02076053442959918,0.02528263103802672,0.41327920297133613,0.28448098663926,-0.18787255909558068,0.08715313463514902,-0.0355601233299075,0.1445015416238438,-0.21623843782117164,0.2411099691675231,0.21233299075025697,0.1551901336073998,0.3089414182939363,0.28920863309352524,0.2633093525179856,0.13319630010277492,-0.1936279547790339,0.14635149023638233,-0.05755395683453237,0.2376156217882837,0.18108941418293936
0.13751284686536486,0.6041109969167523,0.6002055498458376,0.39601212858705753,0.5479958890030833,1.0,0.3852004110996917,0.5307297019527235,0.6980472764645428,0.19157245632065778,0.32147995889003084,0.328879753340185,0.08057553956834533,0.12517985611510793,0.08468653648509764,0.28776978417266186,0.27810894141829395,0.2182939362795478,0.20431654676258995,0.22713257965056527,0.12374100719424462,-0.1435839459216505,0.01747173689619733,0.2622816032887975,0.1290853031860226,0.09897733709559729,-0.23206577595066805,-0.11983556012332991,0.1788283658787256,-0.021993833504624874,-0.12374100719424462,0.10298047276464543,-0.14655704008221992,0.21274409044193218,-0.24665981500513876,0.47235354573484073,0.1671120246659815,0.14367934224049334,0.296813977389517,0.2709146968139774,0.07173689619732786,0.13216855087358687,-0.02641451259975961,-0.23329907502569375,-0.2890030832476876,-0.22261048304213774,-0.10976361767728675,-0.22672147995889005,0.3864337101747174,0.16813977389516957,0.3675231243576567,0.6349434737923947,0.42672147995889004,0.46084275436793426,0.7619732785200412,0.713874614594039,0.5718396711202467,0.5913669064748202,0.3699897225077081,0.24419321685508735,0.2534429599177801,0.007605344295991779,0.07029804727646455,0.002261048304213772,0.10051387461459405,0.06885919835560124,0.5562178828365879,0.20698869475847895,0.15662898252826313,0.4055498458376156,0.22918807810894143,-0.06536485097636177,-0.011099691675231244,0.218705035971223,0.30071942446043165,0.08263103802672148,0.1434737923946557,-0.06033198014030697,0.015210688591983558,0.20966084275436794,0.05097636176772868,0.42335166302883204,0.28345323741007195,-0.27564234326824255,-0.06762589928057554,-0.24789311408016446,0.25077081192189105,-0.2982528263103803,0.3523124357656732,0.2836587872559096,0.23391572456320658,0.41192189105858174,0.31079136690647485,0.3379239465570401,0.05200411099691676,-0.22261048304213774,-0.10955806783144913,-0.210688591983556,0.459403905447071,0.23103802672147997
0.2129496402877698,0.574306269270298,0.39157245632065774,0.43712421045438765,0.37225077081192187,0.3852004110996917,1.0,0.4824254881808839,0.3780061664953751,0.33155190133607404,0.36772867420349437,0.34676258992805753,0.20452209660842754,0.14922918807810895,0.15477903391572456,0.4746145940390545,0.2561151079136691,0.4121274409044194,0.29126413155190134,0.23391572456320658,0.2534429599177801,-0.031759083242512524,-0.00328879753340185,0.3562178828365879,0.22507708119218914,0.04162598289067176,-0.05097636176772868,-0.16402877697841728,0.1103802672147996,-0.07399794450154162,0.0010277492291880781,0.15621788283658788,0.0020554984583761563,0.4115107913669065,-0.05570400822199383,0.2801644398766701,0.018088386433710177,0.23391572456320658,0.3730729701952724,0.4877697841726619,0.3576567317574512,0.15169578622816035,-0.0035973071633913865,-0.24213771839671122,-0.22178828365878725,-0.06865364850976362,-0.047893114080164445,-0.14018499486125385,0.23864337101747174,0.08571428571428572,0.16793422404933198,0.42672147995889004,0.3381294964028777,0.37389516957862284,0.4752312435765674,0.32024665981500516,0.33936279547790343,0.38191161356628983,0.0959917780061665,0.10421377183967112,0.23473792394655707,0.01644398766700925,0.06474820143884892,0.07235354573484071,0.11798561151079136,0.09208633093525181,0.33771839671120246,0.09085303186022611,-0.02816032887975334,0.2499486125385406,0.2376156217882837,-0.28221993833504627,-0.17040082219938338,0.05077081192189106,0.21253854059609456,-0.06351490236382322,0.004316546762589928,-0.0876715145820815,0.13175745118191162,0.13997944501541623,0.013771839671120247,0.2235469451536076,0.11387461459403907,-0.35806783144912646,-0.13072970195272354,-0.18067831449126415,0.014182939362795478,-0.31243576567317577,0.1745118191161357,0.0750256937307297,0.019116135662898253,0.19260020554984586,0.05364850976361768,0.1671120246659815,-0.00041109969167523125,-0.3375128468653649,-0.044809866392600206,-0.16649537512846865,0.24460431654676262,0.1276464542651593
0.17183967112024667,0.5566289825282631,0.518191161356629,0.6815355371556653,0.6612538540596095,0.5307297019527235,0.4824254881808839,1.0,0.6312435765673176,0.15642343268242548,0.23864337101747174,0.22137718396711203,0.11449126413155192,0.06248715313463515,0.10092497430626927,0.31798561151079136,0.20966084275436794,0.1749229188078109,0.18766700924974308,0.12168550873586846,0.17944501541623845,-0.15776761416587937,0.06988694758478932,0.1445015416238438,0.09640287769784174,0.033814687335879036,-0.11675231243576568,-0.07399794450154162,0.06803699897225077,0.03494347379239466,-0.20863309352517986,-0.07317574511819117,-0.13484069886947586,0.24378211716341214,-0.2674203494347379,0.32045220966084276,-0.0065775950668037,0.04604316546762591,0.23741007194244607,0.2587872559095581,0.0789311408016444,0.09126413155190133,-0.132689244226808,-0.3736896197327852,-0.47872559095580675,-0.06783144912641316,-0.05077081192189106,-0.1130524152106886,0.12065775950668037,-0.028982528263103807,0.20575539568345325,0.5595066803699897,0.40143884892086334,0.6637204522096608,0.5903391572456321,0.5200411099691675,0.6575539568345324,0.7379239465570401,0.17903391572456323,0.08489208633093526,0.16896197327852006,0.00041109969167523125,0.08078108941418294,-0.053442959917780065,0.06207605344295992,0.12004110996916752,0.4602261048304214,0.11510791366906474,0.01747173689619733,0.34655704008222,0.2589928057553957,-0.19917780061664953,0.015416238437821172,0.10585817060637205,0.16279547790339158,0.008016443987667009,0.06557040082219938,0.030731281195829276,-0.015416238437821172,0.0367934224049332,-0.003494347379239466,0.40094557841113715,0.3301130524152107,-0.23391572456320658,0.0879753340184995,-0.11695786228160329,0.017060637204522097,-0.22857142857142856,0.18602261048304214,0.14039054470709147,0.05035971223021583,0.29126413155190134,0.16464542651593014,0.27112024665981505,0.15580678314491267,-0.3050359712230216,0.12332990750256938,-0.08756423432682425,0.19773895169578623,0.06474820143884892
0.026721479958890033,0.6162384378211716,0.4996916752312436,0.4831697421457974,0.6295991778006167,0.6980472764645428,0.3780061664953751,0.6312435765673176,1.0,0.1658787255909558,0.3183967112024666,0.3521068859198356,0.18355601233299076,0.2330935251798561,0.1963001027749229,0.22466598150051387,0.38561151079136696,0.17985611510791366,0.3060637204522097,0.2869475847893114,0.24563206577595068,-0.16064545989659249,0.09989722507708121,0.28838643371017475,0.08489208633093526,0.06834883610443634,-0.1697841726618705,-0.01274409044193217,0.21726618705035972,0.06413155190133607,-0.10750256937307298,0.0012332990750256938,-0.21418293936279548,0.2569373072970195,-0.27029804727646456,0.4421377183967112,0.1381294964028777,0.09907502569373072,0.2641315519013361,0.27523124357656736,0.051387461459403906,0.12291880781089415,-0.030731281195829276,-0.24008221993833503,-0.3270298047276464,-0.120863309352518,-0.04295991778006167,-0.16073997944501542,0.26495375128468657,0.14861253854059608,0.3570400822199383,0.6758478931140802,0.5276464542651593,0.5991778006166495,0.7079136690647482,0.6672147995889004,0.6781089414182939,0.7510791366906475,0.38417266187050364,0.16793422404933198,0.2622816032887975,0.05714285714285714,0.15025693730729703,0.02589928057553957,0.17142857142857143,0.16937307297019527,0.5580678314491264,0.29393627954779034,0.23576567317574512,0.5204522096608428,0.389311408016444,-0.0010277492291880781,0.09434737923946558,0.19506680369989723,0.34820143884892085,0.043782117163412126,0.2411099691675231,0.01963101909165014,0.029804727646454265,0.19794450154162385,0.008427543679342241,0.4918032793379367,0.3013360739979445,-0.28859198355601234,-0.04193216855087359,-0.20904419321685508,0.21233299075025697,-0.25159301130524153,0.3459403905447071,0.24152106885919836,0.2793422404933196,0.4055498458376156,0.3233299075025694,0.3837615621788284,0.1130524152106886,-0.18869475847893116,0.011099691675231244,-0.12209660842754368,0.34326824254881816,0.22014388489208633
0.07276464542651594,0.19773895169578623,0.17821171634121274,0.1997019376705561,0.10256937307297019,0.19157245632065778,0.33155190133607404,0.15642343268242548,0.1658787255909558,1.0,0.5132579650565262,0.22877697841726619,0.28838643371017475,0.03247687564234327,0.06104830421377184,0.38499486125385407,0.06742034943473793,0.14984583761562179,0.12312435765673177,0.17841726618705034,0.04912641315519013,-0.025592270962413007,-0.14922918807810895,0.34018499486125386,0.48982528263103803,0.18510714860765393,-0.1788283658787256,-0.26885919835560124,0.25220966084275437,-0.20760534429599178,0.02117163412127441,0.2762589928057554,0.20966084275436794,0.18211716341212744,-0.016238437821171636,0.19383350462487153,0.1763617677286742,0.4707091469681398,0.5334018499486126,0.4840698869475848,0.39013360739979447,0.31531346351490236,0.1513952414764432,-0.07523124357656732,-0.009249743062692703,-0.1644398766700925,-0.11449126413155192,-0.2380267214799589,0.2879753340184995,0.28756423432682426,-0.02487153134635149,0.09825282631038026,0.013771839671120247,0.05734840698869476,0.1932168550873587,0.25282631038026726,0.05940390544707092,0.12332990750256938,0.33237410071942447,0.37923946557040084,0.40287769784172667,0.19609455292908531,0.12065775950668037,0.13360739979445016,0.12785200411099693,0.045220966084275435,0.1379239465570401,0.0855087358684481,0.025693730729701953,0.10154162384378213,0.15169578622816035,-0.22096608427543682,-0.2970195272353546,0.17903391572456323,0.3268242548818089,0.16546762589928057,0.15477903391572456,-0.18284598410495076,0.035149023638232274,0.11490236382322713,0.07173689619732786,0.018808777454303535,-0.028776978417266185,-0.1500513874614594,-0.08139773895169579,-0.18437821171634122,0.19301130524152108,-0.26639260020554983,0.1934224049331963,0.18725590955806784,0.008016443987667009,0.24234326824254881,0.15930113052415212,0.08530318602261049,-0.0591983556012333,-0.11880781089414184,-0.13854059609455294,-0.3190133607399795,0.32846865364850975,0.3089414182939363
0.03494347379239466,0.3872559095580678,0.27153134635149023,0.24266406322191608,0.20575539568345325,0.32147995889003084,0.36772867420349437,0.23864337101747174,0.3183967112024666,0.5132579650565262,1.0,0.5354573484069888,0.22795477903391573,0.18170606372045223,0.11901336073997945,0.3064748201438849,0.30051387461459406,0.19136690647482016,0.2850976361767729,0.23597122302158272,0.20493319630010276,0.054370728269544095,-0.046454265159301136,0.4733812949640288,0.3730729701952724,0.3501721573049844,-0.05467625899280575,-0.03741007194244605,0.21891058581706063,-0.040287769784172665,0.06228160328879754,0.15046248715313465,-0.006166495375128469,0.30585817060637205,-0.012538540596094553,0.2612538540596095,0.26803699897225075,0.3025693730729702,0.42034943473792397,0.3780061664953751,0.3169578622816033,0.37122302158273385,0.24965311713936225,-0.10359712230215828,-0.06310380267214799,-0.120863309352518,0.0030832476875642346,-0.15704008221993834,0.3060637204522097,0.20287769784172663,0.13093525179856116,0.25323741007194245,0.19054470709146967,0.21603288797533401,0.3243576567317575,0.28160328879753344,0.21644398766700929,0.2803699897225077,0.25590955806783144,0.2735868448098664,0.37821171634121276,-0.00328879753340185,-0.00472764645426516,0.021788283658787256,0.053854059609455295,0.0041109969167523125,0.1720452209660843,0.07153134635149024,0.023638232271325797,0.1590955806783145,0.1944501541623844,-0.14820143884892087,-0.2119218910585817,-0.026104830421377186,0.29969167523124357,0.1313463514902364,0.12517985611510793,-0.06505986955504994,0.09188078108941418,0.14943473792394654,0.07132579650565263,0.24615859018063915,0.12250770811921892,-0.29146968139773893,-0.18663926002055498,-0.23658787255909558,0.26495375128468657,-0.15827338129496404,0.12641315519013363,0.08201438848920864,0.06063720452209661,0.20328879753340184,0.052826310380267215,0.23329907502569375,0.04974306269270298,-0.12826310380267214,-0.1722507708119219,-0.22692702980472765,0.28324768756423435,0.19794450154162385
-0.054265159301130524,0.44645426515930114,0.24809866392600205,0.18305154451428743,0.2353545734840699,0.328879753340185,0.34676258992805753,0.22137718396711203,0.3521068859198356,0.22877697841726619,0.5354573484069888,1.0,0.1963001027749229,0.28735868448098667,0.18191161356628985,0.1880781089414183,0.43946557040082224,0.18478931140801647,0.3052415210688592,0.2404933196300103,0.19547790339157248,0.06505986955504994,0.053442959917780065,0.4655704008221994,0.1983556012332991,0.3248882269565764,0.00328879753340185,0.08304213771839672,0.19177800616649537,0.05837615621788284,0.04131551901336074,0.08304213771839672,-0.11099691675231245,0.2811921891058582,0.11120246659815006,0.23453237410071942,0.18293936279547793,0.1537512846865365,0.31017471736896196,0.287153134635149,0.16937307297019527,0.25241521068859196,0.30227658192954476,0.0394655704008222,0.035149023638232274,-0.03741007194244605,0.049948612538540604,-0.07769784172661871,0.3385405960945529,0.1987667009249743,0.2838643371017472,0.38766700924974307,0.40678314491264134,0.30318602261048305,0.3798561151079137,0.2865364850976362,0.326207605344296,0.3399794450154162,0.260431654676259,0.14779033915724563,0.29558067831449125,0.004522096608427544,0.019116135662898253,0.0,0.034121274409044194,0.04809866392600205,0.2813977389516958,0.17841726618705034,0.13997944501541623,0.2774922918807811,0.18910585817060638,0.05899280575539568,-0.03391572456320658,-0.015827338129496403,0.2565262076053443,0.08612538540596094,0.09146968139773896,-0.018603217044966886,0.0750256937307297,0.24522096608427543,-0.02528263103802672,0.26753687275165083,0.11099691675231245,-0.2565262076053443,-0.2199383350462487,-0.22918807810894143,0.20657759506680373,-0.131551901336074,0.13340184994861254,0.032682425488180886,0.29003083247687567,0.22713257965056527,0.11366906474820143,0.28838643371017475,0.011099691675231244,-0.0645426515930113,-0.10688591983556013,-0.1183967112024666,0.26803699897225075,0.17944501541623845
-0.15539568345323743,0.24090441932168552,0.05364850976361768,0.16228994317128567,0.1539568345323741,0.08057553956834533,0.20452209660842754,0.11449126413155192,0.18355601233299076,0.28838643371017475,0.22795477903391573,0.1963001027749229,1.0,0.5118191161356629,0.5749229188078109,0.20575539568345325,0.4649537512846866,0.09352517985611512,0.5087358684480987,0.5031860226104831,0.38170606372045224,0.3341384453767257,0.35560123329907506,0.28591983556012335,0.04008221993833505,0.12919471726808493,0.23720452209660842,0.1537512846865365,0.4848920863309353,0.2774922918807811,0.19671120246659815,0.29393627954779034,0.13114080164439876,0.28941418293936283,0.26865364850976364,0.07420349434737925,-0.009044193216855088,0.4115107913669065,0.37225077081192187,0.42404933196300104,0.2343268242548818,0.25323741007194245,0.3351662474234089,0.13977389516957864,0.14943473792394654,0.29558067831449125,0.32785200411099696,0.2614594039054471,0.12147995889003083,0.28345323741007195,0.0006166495375128469,0.16197327852004112,0.1379239465570401,0.12271325796505653,0.18335046248715314,0.1512846865364851,0.047482014388489216,0.11387461459403907,0.06351490236382322,0.005960945529290853,0.18458376156217884,0.5290853031860226,0.5991778006166495,0.48715313463514903,0.4855087358684481,0.5566289825282631,0.10955806783144913,0.4649537512846866,0.24275436793422406,0.21500513874614596,0.5344295991778006,0.23329907502569375,0.2768756423432683,0.13997944501541623,0.12291880781089415,-0.23741007194244607,0.41911613566289824,0.22621923047498405,0.20411099691675233,0.23823227132579652,0.10010277492291882,0.11747777393589585,0.038232271325796506,-0.02589928057553957,0.03329907502569373,0.18355601233299076,0.027749229188078112,0.06084275436793423,0.24604316546762592,0.0051387461459403904,0.17780061664953753,0.15354573484069886,0.13175745118191162,0.128879753340185,-0.12785200411099693,0.1484069886947585,0.2367934224049332,0.18581706063720455,0.21377183967112026,0.2830421377183967
-0.25919835560123333,0.21973278520041112,0.0,0.026620073009096263,0.120863309352518,0.12517985611510793,0.14922918807810895,0.06248715313463515,0.2330935251798561,0.03247687564234327,0.18170606372045223,0.28735868448098667,0.5118191161356629,1.0,0.7046248715313465,0.0041109969167523125,0.5593011305241521,0.15662898252826313,0.6774922918807811,0.5144912641315519,0.60431654676259,0.30289326315755477,0.4894141829393628,0.3523124357656732,-0.09537512846865365,0.045737191077404774,0.29003083247687567,0.3496402877697842,0.41562178828365876,0.47050359712230216,0.37122302158273385,0.23617677286742036,-0.10092497430626927,0.32538540596094556,0.22034943473792395,0.046865364850976365,0.017060637204522097,0.1995889003083248,0.16156217882836588,0.22898252826310384,0.17286742034943473,0.17163412127440908,0.2885040345039892,0.13586844809866394,0.13401849948612538,0.3570400822199383,0.47317574511819116,0.35991778006166497,0.10030832476875642,0.21459403905447072,0.20513874614594038,0.1983556012332991,0.3198355601233299,0.13401849948612538,0.18232271325796506,0.11284686536485097,0.10483042137718397,0.15724563206577596,0.08221993833504625,-0.13977389516957864,0.023638232271325797,0.194655704008222,0.351901336073998,0.36115107913669064,0.4655704008221994,0.5173689619732785,0.11798561151079136,0.3874614594039055,0.2540596094552929,0.25426515930113053,0.5547790339157246,0.27913669064748203,0.4189105858170607,-0.010688591983556012,0.10750256937307298,-0.35847893114080165,0.36834532374100726,0.3361940494700921,0.37286742034943476,0.4164439876670093,0.008633093525179856,0.25458656696344184,0.1260020554984584,-0.1880781089414183,-0.16793422404933198,0.09784172661870505,0.0394655704008222,0.09763617677286741,0.17060637204522097,-0.034532374100719423,0.3477903391572456,0.08509763617677288,0.07975334018499487,0.2984583761562179,-0.00472764645426516,0.07954779033915725,0.1815005138746146,0.3105858170606372,0.08078108941418294,0.1944501541623844
-0.17841726618705034,0.20184994861253855,0.013360739979445016,0.06958219856045625,0.12846865364850976,0.08468653648509764,0.15477903391572456,0.10092497430626927,0.1963001027749229,0.06104830421377184,0.11901336073997945,0.18191161356628985,0.5749229188078109,0.7046248715313465,1.0,0.04501541623843783,0.49290853031860227,0.12065775950668037,0.6152106885919836,0.5780061664953752,0.6069886947584789,0.4149236862460294,0.63103802672148,0.25138746145940394,-0.13956834532374102,0.0042139883914013385,0.36793422404933196,0.37533401849948617,0.47995889003083253,0.5586844809866393,0.27975334018499487,0.20184994861253855,-0.031243576567317573,0.35313463514902366,0.2587872559095581,0.03186022610483042,0.020143884892086333,0.21089414182939364,0.15847893114080164,0.24275436793422406,0.1763617677286742,0.12785200411099693,0.25335320450742194,0.11099691675231245,0.10585817060637205,0.4415210688591984,0.5617677286742035,0.4649537512846866,0.04953751284686536,0.1617677286742035,0.08776978417266187,0.15210688591983557,0.18396711202466598,0.14532374100719425,0.1747173689619733,0.08961973278520041,0.07132579650565263,0.16197327852004112,-0.014182939362795478,-0.19424460431654678,0.023843782117163412,0.2589928057553957,0.44665981500513874,0.45549845837615627,0.5142857142857143,0.6532374100719425,0.08119218910585818,0.357245632065776,0.24686536485097635,0.2536485097636177,0.6088386433710175,0.28427543679342243,0.4848920863309353,-0.0067831449126413155,0.07029804727646455,-0.4573484069886948,0.38910585817060633,0.4482244725585668,0.33936279547790343,0.2813977389516958,0.0762589928057554,0.23546944889513335,0.14552929085303187,-0.11181911613566291,-0.03329907502569373,0.25220966084275437,0.003494347379239466,0.20431654676258995,0.13710174717368964,-0.03802672147995889,0.20534429599177803,0.05611510791366906,0.019938335046248718,0.20781089414182938,-0.014388489208633093,0.053442959917780065,0.2836587872559096,0.42425488180883864,0.08715313463514902,0.14162384378211718
0.27132579650565264,0.37122302158273385,0.20369989722507706,0.4046456657791968,0.28591983556012335,0.28776978417266186,0.4746145940390545,0.31798561151079136,0.22466598150051387,0.38499486125385407,0.3064748201438849,0.1880781089414183,0.20575539568345325,0.0041109969167523125,0.04501541623843783,1.0,0.16649537512846865,0.3105858170606372,0.11366906474820143,0.1907502569373073,0.10421377183967112,0.06033198014030697,-0.005755395683453238,0.1708119218910586,0.27070914696813975,0.06875995692310964,-0.005344295991778006,-0.16937307297019527,0.06639260020554985,-0.09208633093525181,-0.018705035971223024,0.29516957862281606,0.36875642343268245,0.34080164439876676,0.06063720452209661,0.3212744090441932,0.08468653648509764,0.34573484069886945,0.4425488180883865,0.4293936279547791,0.4061664953751285,0.09907502569373072,0.018192096226293582,-0.17019527235354576,-0.11408016443987667,-0.06824254881808839,-0.05611510791366906,-0.08920863309352517,0.18848920863309354,0.10339157245632066,0.05611510791366906,0.21623843782117164,0.11490236382322713,0.17903391572456323,0.3038026721479959,0.20061664953751285,0.13093525179856116,0.1763617677286742,0.00020554984583761563,0.1445015416238438,0.25077081192189105,0.09496402877697843,0.10709146968139774,0.14922918807810895,0.09044193216855087,0.04152106885919836,0.1773895169578623,0.030421377183967115,0.008016443987667009,0.20308324768756425,0.0974306269270298,-0.22795477903391573,-0.1523124357656732,0.01829393627954779,0.13977389516957864,0.043782117163412126,-0.027749229188078112,-0.07328228592851596,0.002261048304213772,0.07543679342240493,0.21849948612538542,0.158589855803226,0.0020554984583761563,-0.08057553956834533,0.09948612538540597,0.04131551901336074,0.05570400822199383,-0.19732785200411102,0.12106885919835561,0.05035971223021583,-0.0881808838643371,0.12476875642343269,0.03761562178828366,-0.04049331963001028,-0.13401849948612538,-0.2129496402877698,-0.034532374100719423,-0.16361767728674204,0.2404933196300103,0.13997944501541623
-0.15889003083247688,0.4051387461459404,0.13648509763617678,0.17133460118209834,0.2606372045220966,0.27810894141829395,0.2561151079136691,0.20966084275436794,0.38561151079136696,0.06742034943473793,0.30051387461459406,0.43946557040082224,0.4649537512846866,0.5593011305241521,0.49290853031860227,0.16649537512846865,1.0,0.22363823227132582,0.5784172661870505,0.5658787255909559,0.4797533401849949,0.26877023520767074,0.38622816032887974,0.41973278520041113,-0.00328879753340185,0.15283416434179978,0.2411099691675231,0.29249743062692707,0.4300102774922919,0.3364850976361768,0.20349434737923947,0.13257965056526208,-0.08201438848920864,0.4071942446043166,0.1512846865364851,0.2499486125385406,0.18848920863309354,0.15066803699897224,0.17266187050359713,0.24748201438848924,0.14861253854059608,0.17821171634121274,0.2572588522848183,0.07954779033915725,0.04398766700924975,0.18396711202466598,0.2795477903391573,0.18725590955806784,0.16073997944501542,0.20678314491264133,0.2376156217882837,0.34922918807810893,0.34285714285714286,0.2561151079136691,0.34182939362795484,0.21644398766700929,0.218705035971223,0.29249743062692707,0.11675231243576568,-0.011099691675231244,0.20041109969167523,0.19095580678314492,0.3297019527235355,0.2641315519013361,0.3311408016443988,0.35950668036998973,0.18293936279547793,0.4182939362795478,0.3494347379239466,0.3997944501541624,0.5070914696813978,0.27461459403905447,0.3305241521068859,-0.008633093525179856,0.24686536485097635,-0.1771839671120247,0.36628982528263104,0.26609794988629426,0.19609455292908531,0.24953751284686537,0.13566289825282632,0.3281771935059628,0.14367934224049334,-0.13915724563206577,-0.07297019527235354,0.03576567317574512,0.19280575539568348,0.052826310380267215,0.24501541623843784,-0.034532374100719423,0.2668036998972251,0.14265159301130526,0.07523124357656732,0.2779033915724563,-0.003494347379239466,0.04542651593011306,0.10051387461459405,0.17286742034943473,0.17327852004111,0.1969167523124358
0.10729701952723536,0.2906474820143885,0.07749229188078109,0.07492676920320918,0.10380267214799589,0.2182939362795478,0.4121274409044194,0.1749229188078109,0.17985611510791366,0.14984583761562179,0.19136690647482016,0.18478931140801647,0.09352517985611512,0.15662898252826313,0.12065775950668037,0.3105858170606372,0.22363823227132582,1.0,0.20657759506680373,0.20678314491264133,0.22589928057553957,0.10740531387839997,0.09290853031860227,0.31264131551901336,0.08900308324768756,0.07903797738994219,0.08509763617677288,-0.03864337101747174,0.06351490236382322,0.006988694758478932,0.20575539568345325,0.19116135662898256,0.046454265159301136,0.4411099691675231,0.08201438848920864,0.276464542651593,0.08591983556012334,0.08180883864337102,0.07872559095580679,0.18437821171634122,0.28489208633093527,-0.005755395683453238,0.023947787687719803,-0.06495375128468654,-0.014182939362795478,-0.051387461459403906,0.03473792394655704,-0.032065775950668035,0.20822199383350465,0.0487153134635149,0.13216855087358687,0.1923946557040082,0.19054470709146967,0.07749229188078109,0.2561151079136691,0.06988694758478932,0.07749229188078109,0.11346351490236382,-0.04254881808838644,-0.07379239465570402,-0.031243576567317573,-0.1196300102774923,-0.07995889003083248,-0.013977389516957863,0.03576567317574512,-0.016855087358684483,0.044604316546762585,-0.04152106885919836,0.14984583761562179,0.31120246659815004,0.11346351490236382,-0.10544707091469682,-0.023227132579650568,-0.1473792394655704,0.03001027749229188,-0.16382322713257966,-0.035149023638232274,-0.02990903955848267,0.14039054470709147,0.1539568345323741,-0.04090441932168551,0.09568837054621089,-0.05755395683453237,-0.2261048304213772,-0.1936279547790339,-0.1514902363823227,0.07790339157245633,-0.16361767728674204,0.18108941418293936,-0.1313463514902364,0.09516957862281604,-0.11202466598150052,-0.11613566289825283,0.013360739979445016,-0.1484069886947585,-0.24295991778006165,-0.23021582733812948,-0.08468653648509764,0.10030832476875642,0.022816032887975332
-0.16073997944501542,0.3486125385405961,0.10668036998972251,0.17112904077276167,0.24234326824254881,0.20431654676258995,0.29126413155190134,0.18766700924974308,0.3060637204522097,0.12312435765673177,0.2850976361767729,0.3052415210688592,0.5087358684480987,0.6774922918807811,0.6152106885919836,0.11366906474820143,0.5784172661870505,0.20657759506680373,1.0,0.5294964028776978,0.6822199383350462,0.30679891093495115,0.3987667009249743,0.39362795477903395,0.027749229188078112,0.1460506708336903,0.25488180883864336,0.26187050359712233,0.41911613566289824,0.35847893114080165,0.2698869475847893,0.16156217882836588,-0.08715313463514902,0.49044193216855086,0.15971223021582734,0.0869475847893114,0.07646454265159301,0.20966084275436794,0.2143884892086331,0.28345323741007195,0.26639260020554983,0.25570400822199385,0.2710313997103739,0.0008221993833504625,0.007194244604316546,0.24830421377183967,0.39650565262076054,0.22487153134635152,0.06844809866392601,0.1724563206577595,0.1461459403905447,0.2594039054470709,0.3122302158273381,0.23576567317574512,0.2853031860226105,0.15210688591983557,0.16382322713257966,0.24542651593011305,0.08406988694758478,-0.07954779033915725,0.120863309352518,0.1405960945529291,0.2838643371017472,0.26803699897225075,0.3646454265159301,0.39835560123329905,0.13956834532374102,0.3543679342240494,0.2,0.22692702980472765,0.5500513874614594,0.17163412127440908,0.2826310380267215,-0.029393627954779036,0.16238437821171636,-0.27070914696813975,0.33607399794450155,0.28788735327597925,0.3167523124357657,0.27112024665981505,0.029393627954779036,0.26835911438899746,0.14758478931140803,-0.23843782117163412,-0.15539568345323743,0.028982528263103807,0.07954779033915725,0.038232271325796506,0.14861253854059608,-0.048304213771839674,0.2312435765673176,0.09270298047276464,0.04131551901336074,0.2916752312435766,0.06618705035971223,-0.04357656731757451,0.13854059609455294,0.22404933196300103,0.07646454265159301,0.16382322713257966
-0.07543679342240493,0.2760534429599178,0.10483042137718397,0.098566216276924,0.15169578622816035,0.22713257965056527,0.23391572456320658,0.12168550873586846,0.2869475847893114,0.17841726618705034,0.23597122302158272,0.2404933196300103,0.5031860226104831,0.5144912641315519,0.5780061664953752,0.1907502569373073,0.5658787255909559,0.20678314491264133,0.5294964028776978,1.0,0.48263103802672147,0.3076211525722977,0.39897225077081194,0.3486125385405961,-0.027132579650565262,0.02620895219042296,0.178622816032888,0.1736896197327852,0.6376156217882837,0.2850976361767729,0.20226104830421376,0.2674203494347379,0.07255909558067831,0.39773895169578627,0.15950668036998975,0.2219938335046249,0.1983556012332991,0.2933196300102775,0.26762589928057556,0.3223021582733813,0.24686536485097635,0.05940390544707092,0.18037925919291095,0.07872559095580679,0.09578622816032889,0.17944501541623845,0.29270298047276466,0.20287769784172663,0.191983556012333,0.3095580678314491,0.14306269270298047,0.2024665981500514,0.17019527235354576,0.13648509763617678,0.27276464542651596,0.19383350462487153,0.10236382322713258,0.18108941418293936,0.10483042137718397,0.011921891058581706,0.2193216855087359,0.287153134635149,0.42918807810894144,0.45118191161356636,0.4992805755395684,0.4733812949640288,0.16608427543679344,0.44665981500513874,0.4460431654676259,0.42569373072970196,0.6020554984583761,0.25282631038026726,0.31860226104830425,0.09496402877697843,0.2850976361767729,-0.2565262076053443,0.5056526207605345,0.24204738199390616,0.2199383350462487,0.2606372045220966,0.1895169578622816,0.2948764071934254,0.05323741007194245,-0.10750256937307298,-0.05364850976361768,0.13442959917780062,0.22774922918807813,0.046659815005138744,0.32147995889003084,0.11428571428571428,0.2117163412127441,0.12661870503597122,0.10688591983556013,0.11387461459403907,-0.12230215827338131,0.03473792394655704,0.09640287769784174,0.18890030832476876,0.2587872559095581,0.2984583761562179
