0,1,2,3,4,5,6,7,8,9,10,11,12,13,14,15,16,17,18,19,20,21,22,23,24,25,26,27,28,29,30,31,32,33,34,35,36,37,38,39,40,41,42,43,44,45,46,47,48,49,50,51,52,53,54,55,56,57,58,59,60,61,62,63,64,65,66,67,68,69,70,71,72,73,74,75,76,77,78,79,80,81,82,83,84,85,86,87,88,89,90,91,92,93,94,95,96,97,98,99
1.0,0.3120246659815005,0.3447070914696814,0.21891058581706063,0.28838643371017475,0.2934374843280688,0.36156217882836594,0.23834729462584645,0.2581706063720452,0.022404933196300103,-0.10441932168550874,-0.1944501541623844,-0.10236382322713258,-0.2665981500513875,0.047381674352097974,0.2758478931140802,-0.15745118191161359,0.15724563206577596,-0.189311408016444,0.3570400822199383,0.01716429417961033,-0.045837615621788286,-0.13895169578622815,-0.29105858170606375,-0.017266187050359712,-0.31646025017377366,0.18314491264131552,-0.03144912641315519,0.15477903391572456,-0.2805755395683453,-0.1079136690647482,-0.15621788283658788,0.13627954779033916,0.0696813977389517,-0.1882836587872559,0.3420349434737924,0.22014388489208633,0.0131551901336074,-0.26536485097636175,0.047998355580107926,0.38314491264131556,-0.21521068859198358,-0.35991778006166497,0.11366906474820143,-0.09455292908530319,-0.07132579650565263,-0.06022610483042138,0.09886947584789312,0.5253854059609456,0.42363823227132585,0.2581706063720452,0.25755395683453236,0.0696813977389517,0.06885919835560124,0.24871531346351491,0.3878725590955807,0.21212744090441932,0.22416362638161758,-0.14943473792394654,0.05015416238437821,0.03761562178828366,-0.11140801644398766,-0.00986639260020555,-0.08304213771839672,-0.14821667258888493,0.00020554984583761563,0.4261048304213772,-0.08212138352999193,-0.11510791366906474,0.2316546762589928,0.13525179856115108,-0.055915305054336624,0.061154221777653575,0.028264556283789464,-0.0487153134635149,-0.11161356628982529,0.06248715313463515,-0.06320982587102009,-0.09105858170606372,-0.28633093525179854,0.040698869475847894,0.2853031860226105,-0.11757451181911614,0.11366906474820143,0.2193216855087359,0.30318602261048305,0.2367934224049332,0.11213320329314294,0.4406988694758479,0.2869475847893114,-0.09045122876436806,-0.14470709146968141,-0.01428644844889722,0.015827338129496403,-0.3183967112024666,0.08057553956834533,0.09023638232271326,0.31963001027749227,0.5227132579650565,0.4476875642343269
0.3120246659815005,1.0,0.383967112024666,0.5488180883864338,0.6125385405960946,0.43753533127306093,0.4316546762589928,0.5172927700956813,0.5107913669064749,0.017677286742034944,-0.03761562178828366,-0.12189105858170607,-0.00472764645426516,-0.2544707091469682,0.0023639447073714828,0.5490236382322714,-0.14039054470709147,0.3543679342240494,-0.20678314491264133,0.40041109969167527,0.23033043866171707,0.0789311408016444,-0.11901336073997945,-0.25590955806783144,-0.10503597122302159,-0.01983657950098679,0.3321685508735869,0.049331963001027754,0.14676258992805757,-0.16320657759506682,-0.16156217882836588,-0.02528263103802672,0.17430626927029805,0.2692702980472765,0.12846865364850976,0.2945529290853032,0.17060637204522097,0.01747173689619733,-0.02548818088386434,0.08356030639534849,0.2916752312435766,-0.10236382322713258,-0.2758478931140802,0.15334018499486127,-0.08982528263103802,-0.14141829393627955,0.13114080164439876,0.13442959917780062,0.4174717368961974,0.31120246659815004,0.08859198355601235,0.5027749229188079,0.30668036998972253,0.4423432682425488,0.47995889003083253,0.4649537512846866,0.3837615621788284,0.4747417653629947,-0.14922918807810895,0.027749229188078112,0.028776978417266185,-0.05611510791366906,0.05200411099691676,-0.06474820143884892,-0.23229520114485436,-0.08263103802672148,0.31079136690647485,-0.09260496440616112,0.04295991778006167,0.31325796505652626,0.20082219938335047,0.0575598728500524,0.000925021842014928,-0.10349966610100361,-0.08345323741007195,-0.06289825282631038,-0.019116135662898253,-0.09753841423024073,-0.18705035971223025,-0.11469681397738953,-0.046248715313463515,0.2328879753340185,-0.1971223021582734,0.23268242548818088,0.339568345323741,0.3699897225077081,0.22877697841726619,0.17380132609413815,0.3249743062692703,0.012949640287769786,-0.17823003486069797,-0.2316546762589928,0.031759083242512524,-0.12579650565262077,-0.34367934224049335,-0.011305241521068859,-0.034121274409044194,0.16937307297019527,0.36875642343268245,0.287153134635149
0.3447070914696814,0.383967112024666,1.0,0.12476875642343269,0.32908530318602264,0.5711495973418839,0.34265159301130527,0.21491340796146827,0.4184994861253854,0.0302158273381295,-0.0748201438848921,-0.07810894141829394,-0.032065775950668035,-0.25056526207605345,0.06382650709903002,0.2511819116135663,0.018499486125385406,0.2616649537512847,-0.013771839671120247,0.3303186022610483,0.049642838854801134,0.19095580678314492,-0.1405960945529291,-0.06084275436793423,0.0263103802672148,-0.05210956376684094,0.06885919835560124,0.09640287769784174,0.3130524152106886,-0.10832476875642344,-0.11901336073997945,-0.16320657759506682,0.044604316546762585,0.13257965056526208,-0.022610483042137718,0.4,0.24522096608427543,-0.015621788283658787,-0.210688591983556,-0.02703119382776956,0.13977389516957864,-0.17574511819116134,-0.2411099691675231,-0.008838643371017472,-0.1434737923946557,-0.05899280575539568,-0.0039054470709146967,0.05817060637204522,0.40452209660842753,0.18561151079136692,0.12744090441932168,0.43843782117163416,0.2193216855087359,0.11449126413155192,0.49743062692702983,0.5954779033915725,0.3350462487153135,0.34811655321161794,-0.04953751284686536,-0.020966084275436794,0.10832476875642344,-0.09455292908530319,0.11017471736896198,0.0020554984583761563,-0.07647240250078391,0.01788283658787256,0.17656731757451183,0.12528906949068858,0.18376156217882836,0.35416238437821174,0.2906474820143885,0.1128584649809956,0.21326892468677508,0.05868749686561377,0.10215827338129498,0.06762589928057554,0.2261048304213772,0.06917107774178295,-0.11654676258992805,-0.19095580678314492,0.15580678314491267,0.18170606372045223,-0.1249743062692703,0.1510791366906475,0.16505652620760536,0.1079136690647482,0.26104830421377184,0.16927899708873181,0.3716341212744091,0.13977389516957864,-0.07359440885828128,-0.09537512846865365,-0.11069428042778638,0.011305241521068859,-0.17697841726618704,0.008633093525179856,0.043782117163412126,0.2193216855087359,0.3730729701952724,0.1763617677286742
0.21891058581706063,0.5488180883864338,0.12476875642343269,1.0,0.49105858170606376,0.14790071451772016,0.3270298047276464,0.5119481994529285,0.3416238437821172,0.10832476875642344,-0.01644398766700925,-0.06824254881808839,0.00041109969167523125,-0.1313463514902364,-0.04820391598944458,0.47646454265159305,-0.12127440904419322,0.27029804727646456,-0.19383350462487153,0.25426515930113053,0.21080219977473524,-0.011305241521068859,-0.053442959917780065,-0.2750256937307297,-0.1673175745118191,0.012436404764867365,0.32908530318602264,-0.016238437821171636,0.0067831449126413155,-0.17286742034943473,-0.044193216855087356,0.07564234326824255,0.2143884892086331,0.23864337101747174,0.1751284686536485,0.1512846865364851,0.07708119218910586,0.040698869475847894,0.05981500513874615,0.14214502305629392,0.2343268242548818,-0.06721479958890031,-0.15971223021582734,0.194655704008222,-0.07564234326824255,-0.17533401849948613,0.15477903391572456,0.09640287769784174,0.1936279547790339,0.1983556012332991,-0.08920863309352517,0.28674203494347383,0.144912641315519,0.47584789311408016,0.27214799588900307,0.19917780061664953,0.28242548818088387,0.3688781545546196,-0.18108941418293936,0.11099691675231245,0.08530318602261049,0.04316546762589928,-0.006988694758478932,0.05179856115107914,-0.21893308780466358,-0.08160328879753341,0.2135662898252826,-0.1347448483201745,-0.120863309352518,0.09640287769784174,0.065775950668037,-0.08695652219847202,-0.10082738077962715,-0.1460506708336903,-0.08653648509763619,-0.06557040082219938,-0.11510791366906474,-0.11871113639191577,-0.10544707091469682,-0.044604316546762585,-0.1512846865364851,0.14676258992805757,-0.18376156217882836,0.22014388489208633,0.35416238437821174,0.38951695786228163,0.10318602261048304,0.08849375621942811,0.1656731757451182,-0.047687564234326824,-0.32644670744958293,-0.3440904419321686,0.01716429417961033,-0.14861253854059608,-0.3484069886947585,0.032065775950668035,-0.09229188078108942,0.03144912641315519,0.1617677286742035,0.18540596094552927
0.28838643371017475,0.6125385405960946,0.32908530318602264,0.49105858170606376,1.0,0.44267434150647716,0.2850976361767729,0.44966339542392336,0.5105858170606372,-0.03227132579650565,-0.0328879753340185,-0.022610483042137718,0.0012332990750256938,-0.2156217882836588,-0.04923171803612784,0.39958890030832483,-0.14388489208633093,0.26618705035971224,-0.22754367934224048,0.36279547790339156,0.07554345043121911,-0.047482014388489216,-0.24748201438848924,-0.21418293936279548,-0.09907502569373072,-0.0007194614326782774,0.3471736896197328,0.01788283658787256,0.1313463514902364,-0.2312435765673176,-0.04049331963001028,-0.022610483042137718,0.11736896197327853,0.21109969167523127,0.07276464542651594,0.296813977389517,0.1539568345323741,-0.11469681397738953,-0.05118191161356629,0.06320982587102009,0.28941418293936283,-0.0696813977389517,-0.3681397738951696,0.1868448098663926,-0.175950668036999,-0.16670092497430627,0.12065775950668037,0.07995889003083248,0.4226104830421377,0.32004110996916757,0.1747173689619733,0.491469681397739,0.4006166495375129,0.518191161356629,0.5381294964028777,0.43432682425488184,0.4184994861253854,0.47289172167896487,-0.20041109969167523,0.0073997944501541625,-0.0014388489208633096,-0.05632065775950668,-0.038232271325796506,-0.09167523124357657,-0.2713536862931042,-0.10462487153134635,0.3097636176772868,-0.17996813837423767,-0.012332990750256938,0.244398766700925,0.15991778006166496,-0.0750334056795326,-0.08068246066463539,-0.23238604275508357,-0.06310380267214799,-0.05405960945529291,-0.011921891058581706,-0.09157716235947787,-0.07872559095580679,-0.06228160328879754,-0.07810894141829394,0.24542651593011305,-0.3046248715313464,0.14902363823227133,0.244398766700925,0.2920863309352518,0.22487153134635152,0.10946091797176648,0.2774922918807811,-0.013566289825282631,-0.11306403595546007,-0.12826310380267214,-0.011614163127520763,-0.06680369989722508,-0.3829393627954779,0.027954779033915727,-0.0421377183967112,0.21603288797533401,0.3471736896197328,0.3050359712230216
0.2934374843280688,0.43753533127306093,0.5711495973418839,0.14790071451772016,0.44267434150647716,1.0,0.33804409315412204,0.27073697193956214,0.5160594076396615,-0.06917107774178295,-0.02291998564103655,-0.11007759919977644,-0.06814327569509969,-0.2134744850961117,0.10751361907698632,0.2562310502381351,-0.09034379990345796,0.20278534381060587,-0.12857803604007498,0.33783853274478537,0.08428409908520917,0.09794953504891404,-0.201551981354586,-0.11172208247446964,0.03340356651720573,-0.07523897625655257,0.15735649334720608,0.11089984083712304,0.3065933505256145,-0.14666735206170023,-0.11151652206513299,-0.12487794867201527,0.13618377118553107,0.10288298487299365,-0.05848193645627712,0.3840896248455318,0.1984685752145362,-0.07040444019780286,-0.18777943392903038,-0.04687018193031144,0.19620741071183306,-0.14008941896292743,-0.3259160290032596,0.036075851838582196,-0.1347448483201745,-0.032992445698532435,0.05807081563760381,0.10000513914228054,0.5427822608534261,0.27288144339440373,0.21306336427743838,0.5144149243649683,0.32797163309662614,0.20381314585728913,0.6291176327748194,0.7275810688470751,0.3534611238543708,0.3946962688868332,-0.09424944768085433,-0.03566473101990889,-0.0017472634793615307,-0.1602343390779192,0.05067064090148438,-0.016342052542263726,-0.06835586173390491,0.0389536975692953,0.24451410690594597,0.006167129201356768,0.1481062749270568,0.33228840169269575,0.265686829067621,0.06486097557006618,0.14883338472607666,-0.1192311645595642,0.059098617684287064,0.015519810904917126,0.16249550358062234,0.04378661732963306,-0.12755023399339174,-0.15345084556980973,0.06629323201106983,0.18798499433836702,-0.20463538749463575,0.11131096165579633,0.12857803604007498,0.14214502305629392,0.27144252052904716,0.15664508171446193,0.3688781545546196,0.04244822452801836,-0.005242329245758122,-0.04162598289067176,-0.14554424915201972,0.04265378493735501,-0.22519142842830078,-0.025386710553076355,0.0989773370955973,0.26835911438899746,0.475152886181668,0.2665090707049676
0.36156217882836594,0.4316546762589928,0.34265159301130527,0.3270298047276464,0.2850976361767729,0.33804409315412204,1.0,0.5976668901463118,0.4386433710174718,-0.026515930113052415,-0.15662898252826313,-0.32559095580678316,-0.22322713257965057,-0.2957862281603289,0.0005139010233416267,0.5072970195272354,-0.18335046248715314,0.4520041109969168,-0.10215827338129498,0.3874614594039055,0.2591088959688482,0.07995889003083248,-0.0328879753340185,-0.28489208633093527,-0.22569373072970195,-0.19805745439586292,0.17697841726618704,-0.06228160328879754,0.16628982528263106,-0.25673175745118193,-0.25467625899280577,-0.13114080164439876,0.24028776978417268,0.22672147995889005,-0.0041109969167523125,0.23021582733812948,0.04707091469681397,0.06002055498458376,-0.13422404933196302,0.05560409072556401,0.30585817060637205,-0.32908530318602264,-0.26495375128468657,-0.046248715313463515,-0.1381294964028777,-0.1617677286742035,0.05323741007194245,0.1354573484069887,0.3741007194244605,0.2234326824254882,0.00986639260020555,0.3570400822199383,0.18561151079136692,0.21973278520041112,0.29558067831449125,0.40924974306269274,0.39794450154162386,0.40629014905389005,-0.19301130524152108,-0.06824254881808839,-0.07708119218910586,-0.21747173689619734,-0.0263103802672148,-0.09578622816032889,-0.15356151792496123,-0.09434737923946558,0.37225077081192187,-0.07513232961254582,-0.03699897225077081,0.2896197327852004,0.24748201438848924,0.006167129233934186,0.1030885452823303,0.011408602718184111,-0.052415210688591986,-0.14532374100719425,0.032065775950668035,-0.1331003650454813,-0.21027749229188078,-0.2596094552929085,-0.0263103802672148,0.131551901336074,-0.21459403905447072,0.15765673175745118,0.25303186022610485,0.2538540596094553,0.12456320657759508,0.10761087428773662,0.3601233299075026,0.07523124357656732,-0.1441052530995955,-0.2536485097636177,-0.1131610053398262,-0.2156217882836588,-0.37142857142857144,-0.08633093525179857,-0.019527235354573486,0.15477903391572456,0.4668036998972251,0.27831449126413155
0.23834729462584645,0.5172927700956813,0.21491340796146827,0.5119481994529285,0.44966339542392336,0.27073697193956214,0.5976668901463118,1.0,0.5230484615571076,-0.07574901084055577,-0.15201192270445316,-0.23156380111773694,-0.16393442644597891,-0.2681535539796608,-0.09230136704697296,0.594583484006262,-0.2414307007658962,0.46240814080279563,-0.1565342517098595,0.2519142816420654,0.26539212663171957,-0.008736317396807653,-0.020658821138333394,-0.2993987361988317,-0.27123696011971055,-0.06701613732141021,0.22066909942289448,-0.12631687153737184,0.02004213991032344,-0.201551981354586,-0.22210802228825105,-0.021892183594353295,0.27473148707843364,0.29261524269072225,0.10164962241697376,0.1185055759825791,-0.06670435282974314,0.0013361426606882294,0.034636928973225636,0.10895261589063623,0.23567500930446997,-0.22005241819488455,-0.23711393216982654,-0.06177090300566352,-0.20257978340126923,-0.25417544614476856,0.12282234457864878,0.07472120879387252,0.2385528550351831,0.1331003650454813,-0.027442314646442863,0.42746287121556503,0.2589033355595115,0.47227504045095486,0.30721003175362444,0.2864484304106227,0.4753584465910047,0.4779525131051495,-0.2759648495344535,-0.07472120879387252,-0.10000513914228054,-0.158589855803226,-0.05293180540418755,-0.08767151458208151,-0.2165801513884777,-0.183873786151634,0.2823372222238897,-0.1712406208243396,-0.10432190773835022,0.21820237451085467,0.15509532884450292,-0.09096983102933211,-0.028368794326241134,-0.1541782300339192,-0.14790071451772016,-0.18037925919291095,-0.1294002776774216,-0.1753520402919108,-0.23834729462584647,-0.14091166060027405,-0.1635233056273056,0.03340356651720573,-0.3384552139727954,0.11213320329314293,0.23300272398309352,0.2502697983673722,0.009969679852827557,0.03145235892691952,0.1752402489594947,-0.08787707499141817,-0.22994295142668467,-0.23958065708186635,-0.1266317196011923,-0.3158435689457637,-0.39580656817772086,-0.17832365509954445,-0.153861966388483,0.027442314646442863,0.2922041218720489,0.175651369778168
0.2581706063720452,0.5107913669064749,0.4184994861253854,0.3416238437821172,0.5105858170606372,0.5160594076396615,0.4386433710174718,0.5230484615571076,1.0,-0.041109969167523124,-0.06433710174717369,-0.11243576567317576,-0.0030832476875642346,-0.21747173689619734,-0.06752659446708975,0.43144912641315525,-0.10051387461459405,0.37122302158273385,-0.10277492291880781,0.30832476875642345,0.1180944551639058,0.07728674203494348,-0.16135662898252826,-0.18520041109969168,-0.12805755395683455,0.004830669619411291,0.21130524152106886,-0.09085303186022611,0.15868448098663926,-0.18787255909558068,-0.11880781089414184,-0.11695786228160329,0.14799588900308325,0.24131551901336074,0.08078108941418294,0.30318602261048305,0.05878725590955807,-0.05611510791366906,0.008221993833504625,0.07595457124989242,0.2501541623843782,-0.11387461459403907,-0.31531346351490236,0.0131551901336074,-0.17327852004111,-0.1734840698869476,0.12702980472764644,0.05220966084275437,0.38006166495375127,0.21418293936279548,0.04131551901336074,0.5360739979445015,0.44439876670092504,0.4361767728674204,0.5099691675231244,0.48674203494347384,0.5498458376156218,0.6862634265704082,-0.11551901336073998,-0.02158273381294964,-0.013566289825282631,-0.05899280575539568,0.0367934224049332,-0.08365878725590956,-0.18748072871159926,-0.13566289825282632,0.2668036998972251,-0.024358908506393103,0.04912641315519013,0.2820143884892086,0.16464542651593014,-0.0022612807191092015,-0.03278688528919578,-0.10925535756242982,-0.046865364850976365,-0.09167523124357657,-0.029393627954779036,-0.09712729341156745,-0.16649537512846865,-0.1697841726618705,-0.027749229188078112,0.13956834532374102,-0.3512846865364851,0.12291880781089415,0.15292908530318602,0.2170606372045221,0.10503597122302159,0.018397656635630234,0.276464542651593,0.008838643371017472,-0.05632644700326557,-0.11449126413155192,-0.051698442948167646,-0.1052415210688592,-0.26639260020554983,-0.118191161356629,-0.065775950668037,0.13360739979445016,0.3313463514902364,0.18273381294964028
0.022404933196300103,0.017677286742034944,0.0302158273381295,0.10832476875642344,-0.03227132579650565,-0.06917107774178295,-0.026515930113052415,-0.07574901084055577,-0.041109969167523124,1.0,0.2219938335046249,0.28448098663926,0.15539568345323743,0.23371017471736896,0.3530500030356975,-0.028365878725590956,0.23391572456320658,-0.06721479958890031,0.13463514902363824,0.046659815005138744,0.2235469451536076,-0.04254881808838644,0.08509763617677288,0.1907502569373073,0.30914696813977394,0.06670435282974314,-0.10298047276464543,0.20986639260020556,0.2768756423432683,0.11325796505652622,0.08448098663926003,-0.07235354573484071,-0.005549845837615622,0.03597122302158273,-0.09044193216855087,0.06330935251798561,0.13216855087358687,-0.040698869475847894,-0.07461459403905447,-0.07883241698060553,-0.04275436793422405,-0.1514902363823227,0.01500513874614594,0.12106885919835561,0.027543679342240494,-0.14367934224049334,-0.24152106885919836,0.04295991778006167,-0.04234326824254882,-0.03638232271325797,-0.1512846865364851,-0.20986639260020556,-0.10051387461459405,-0.05817060637204522,-0.12702980472764644,-0.029393627954779036,-0.20226104830421376,0.028264556283789464,0.31099691675231245,0.4090441932168551,0.4277492291880781,0.27050359712230215,0.08838643371017471,0.3642343268242549,0.25285229859130165,0.28427543679342243,-0.07543679342240493,0.24081401953788623,0.18992805755395686,-0.008016443987667009,0.17965056526207604,0.14677767576763365,0.20216866258259594,0.333932884967389,0.4404933196300103,0.48119218910585815,0.27379239465570404,0.33927745561014194,0.04501541623843783,-0.10503597122302159,0.3009249743062693,0.12004110996916752,0.35806783144912646,0.2945529290853032,0.2596094552929085,0.05940390544707092,0.15991778006166496,0.1723624032287816,0.12579650565262077,0.11428571428571428,-0.20207626789857683,-0.20678314491264133,0.11665553229854926,0.06351490236382322,-0.020349434737923947,0.15580678314491267,-0.0972250770811922,0.03144912641315519,-0.06433710174717369,-0.02589928057553957
-0.10441932168550874,-0.03761562178828366,-0.0748201438848921,-0.01644398766700925,-0.0328879753340185,-0.02291998564103655,-0.15662898252826313,-0.15201192270445316,-0.06433710174717369,0.2219938335046249,1.0,0.24933196300102775,0.26372045220966084,0.38232271325796513,0.295081967602762,-0.11572456320657759,0.009249743062692703,-0.18746145940390546,-0.030421377183967115,-0.11469681397738953,-0.04142042248133511,0.04152106885919836,-0.01459403905447071,-0.02117163412127441,0.21726618705035972,0.09363276645284438,0.0394655704008222,0.08180883864337102,0.07153134635149024,0.16361767728674204,0.1512846865364851,0.039671120246659815,-0.11346351490236382,-0.09414182939362795,0.02076053442959918,-0.05570400822199383,0.004522096608427544,0.18972250770811921,0.040287769784172665,-0.0023639447073714828,-0.12929085303186025,0.06618705035971223,0.07728674203494348,0.1747173689619733,0.11161356628982529,0.060431654676259,0.053442959917780065,-0.045220966084275435,-0.009660842754367936,0.0020554984583761563,-0.029804727646454265,0.001644398766700925,0.024665981500513877,-0.014799588900308325,0.0014388489208633096,-0.07317574511819117,-0.08160328879753341,-0.031142402014502576,0.4036998972250771,0.3956834532374101,0.26885919835560124,0.3220966084275437,0.13504624871531348,0.21274409044193218,0.20043170010286104,0.34326824254881816,-0.18129496402877696,0.14091166060027402,0.06885919835560124,-0.07605344295991778,-0.026927029804727647,-0.0121286874934039,0.020453260728996742,0.13207256299879805,0.2010277492291881,0.2039054470709147,0.12312435765673177,0.2338249656204401,0.13566289825282632,0.05714285714285714,-0.043782117163412126,-0.08859198355601235,0.13586844809866394,-0.055909558067831454,-0.1052415210688592,-0.0867420349434738,0.03227132579650565,-0.044914949440058166,-0.0709146968139774,-0.12517985611510793,-0.008222838978578915,0.12805755395683455,0.128578036040075,0.07317574511819117,0.07440904419321687,0.15354573484069886,0.024665981500513877,-0.021377183967112023,-0.0526207605344296,-0.02816032887975334
-0.1944501541623844,-0.12189105858170607,-0.07810894141829394,-0.06824254881808839,-0.022610483042137718,-0.11007759919977644,-0.32559095580678316,-0.23156380111773694,-0.11243576567317576,0.28448098663926,0.24933196300102775,1.0,0.48324768756423436,0.24830421377183967,0.15612313089118618,-0.2986639260020555,0.32538540596094556,-0.18211716341212744,0.13854059609455294,-0.1948612538540596,0.019014337863640186,-0.1290853031860226,-0.05858170606372045,0.37430626927029803,0.19095580678314492,0.3814173395241553,-0.12785200411099693,0.1656731757451182,0.09290853031860227,0.21541623843782118,0.07317574511819117,0.023227132579650568,-0.29722507708119217,-0.07235354573484071,-0.0302158273381295,-0.10750256937307298,-0.0012332990750256938,-0.2982528263103803,0.045220966084275435,-0.18407934656097066,-0.3122302158273381,0.04275436793422405,-0.002877697841726619,0.023021582733812954,-0.13052415210688592,-0.1775950668036999,-0.20349434737923947,-0.2182939362795478,-0.23453237410071942,-0.19938335046248715,-0.03802672147995889,-0.08715313463514902,0.024254881808838648,0.008221993833504625,-0.052826310380267215,-0.13114080164439876,-0.12271325796505653,-0.023742227278383154,0.22733812949640286,0.2838643371017472,0.4250770811921891,0.3944501541623844,0.1963001027749229,0.287153134635149,0.132593278529585,0.21007194244604319,-0.3140801644398767,0.18592939024500052,0.2,-0.12949640287769784,0.08448098663926003,0.03761948832699854,0.1460506708336903,-0.016547612951600378,0.31449126413155193,0.40082219938335045,0.18520041109969168,0.3185158542671402,0.053854059609455295,0.10400822199383351,0.1354573484069887,-0.11079136690647481,0.12559095580678314,0.030421377183967115,-0.006166495375128469,-0.15498458376156218,-0.017060637204522097,0.009764119443490907,-0.1658787255909558,-0.11079136690647481,-0.08305067368364705,0.0067831449126413155,0.08376586680468515,0.1512846865364851,0.10030832476875642,0.1091469681397739,-0.1685508735868448,-0.0867420349434738,-0.27913669064748203,-0.20287769784172663
-0.10236382322713258,-0.00472764645426516,-0.032065775950668035,0.00041109969167523125,0.0012332990750256938,-0.06814327569509969,-0.22322713257965057,-0.16393442644597891,-0.0030832476875642346,0.15539568345323743,0.26372045220966084,0.48324768756423436,1.0,0.22281603288797533,0.14502286878700704,-0.1260020554984584,0.3249743062692703,-0.028365878725590956,0.07399794450154162,-0.08509763617677288,0.085615910488715,0.05673175745118191,0.024049331963001026,0.1987667009249743,0.20411099691675233,0.28542062836393944,0.023432682425488183,0.1405960945529291,0.06289825282631038,0.25077081192189105,0.13196300102774922,0.007605344295991779,-0.20760534429599178,0.008221993833504625,0.0750256937307297,0.0014388489208633096,0.04809866392600205,-0.06598150051387461,0.10606372045220966,-0.09075492072213127,-0.16546762589928057,0.1434737923946557,0.04809866392600205,0.1171634121274409,0.07954779033915725,0.006988694758478932,-0.053854059609455295,-0.11469681397738953,-0.1445015416238438,-0.06330935251798561,-0.0696813977389517,0.031243576567317573,0.06700924974306269,0.06413155190133607,0.07132579650565263,-0.07029804727646455,0.017060637204522097,0.11994449884793566,0.21788283658787258,0.34552929085303186,0.3934224049331963,0.6772867420349434,0.3484069886947585,0.2328879753340185,0.1531503759760323,0.1673175745118191,-0.23103802672147997,0.34174418052218175,0.1995889003083248,0.04193216855087359,0.10709146968139774,0.11943673616385875,0.057248574000257214,-0.021481062775679995,0.1763617677286742,0.19938335046248715,0.10873586844809867,0.213885605914785,0.08345323741007195,0.00945529290853032,0.12024665981500515,-0.03186022610483042,0.07872559095580679,0.016855087358684483,-0.020143884892086333,-0.04398766700924975,0.003494347379239466,0.0031861863447180854,-0.08036998972250771,-0.06844809866392601,-0.06742727962434711,0.023227132579650568,0.14790071451772016,0.1537512846865365,0.17183967112024667,0.12682425488180885,-0.06125385405960946,-0.048509763617677296,-0.19116135662898256,-0.128879753340185
-0.2665981500513875,-0.2544707091469682,-0.25056526207605345,-0.1313463514902364,-0.2156217882836588,-0.2134744850961117,-0.2957862281603289,-0.2681535539796608,-0.21747173689619734,0.23371017471736896,0.38232271325796513,0.24830421377183967,0.22281603288797533,1.0,0.3335217641487157,-0.20719424460431657,0.19773895169578623,-0.20781089414182938,0.2641315519013361,-0.31099691675231245,0.08150470230198198,0.10380267214799589,0.27297019527235356,0.17142857142857143,0.2458376156217883,0.18695719229168378,-0.15436793422404932,0.19301130524152108,0.02076053442959918,0.4446043165467626,0.07913669064748202,-0.05714285714285714,-0.12970195272353546,-0.04542651593011306,0.07399794450154162,-0.20472764645426517,-0.10955806783144913,0.1303186022610483,0.20082219938335047,-0.08047690025529873,-0.2589928057553957,0.16628982528263106,0.2641315519013361,-0.029393627954779036,0.16073997944501542,0.0696813977389517,-0.05405960945529291,0.03473792394655704,-0.2330935251798561,-0.20657759506680373,-0.16115107913669066,-0.24398766700924973,-0.06639260020554985,-0.15724563206577596,-0.23350462487153137,-0.2789311408016444,-0.24871531346351491,-0.21491340796146827,0.28427543679342243,0.23967112024665982,0.10339157245632066,0.2589928057553957,0.15662898252826313,0.3173689619732785,0.43313804319664434,0.37882836587872565,-0.25755395683453236,0.26116450006221464,0.1105858170606372,-0.14902363823227133,-0.11428571428571428,0.1500668113590652,0.07204892347249606,0.18325710492362404,0.14943473792394654,0.1724563206577595,0.09989722507708121,0.3065933505256144,0.046659815005138744,-0.02158273381294964,0.03001027749229188,-0.191983556012333,0.17677286742034942,-0.10092497430626927,-0.16628982528263106,-0.1995889003083248,-0.09290853031860227,-0.06279870505234678,-0.23103802672147997,-0.06002055498458376,0.015417823084835466,0.14306269270298047,0.22991931784304379,0.056937307297019533,0.2982528263103803,-0.018088386433710177,0.02528263103802672,-0.13093525179856116,-0.23576567317574512,-0.20061664953751285
0.047381674352097974,0.0023639447073714828,0.06382650709903002,-0.04820391598944458,-0.04923171803612784,0.10751361907698632,0.0005139010233416267,-0.09230136704697296,-0.06752659446708975,0.3530500030356975,0.295081967602762,0.15612313089118618,0.14502286878700704,0.3335217641487157,1.0,-0.06074310095898027,0.049437278445464486,-0.1185055759825791,0.0718433630631594,0.017575414998283634,0.24812416486792066,-0.04532607025873147,0.13495040872951117,0.20401870626662577,0.37031707741997616,0.05118717237126118,-0.030114599967819324,0.4060845886445534,0.355722288357074,0.23423608643911345,-0.054370728269544095,-0.027031193827769563,0.07554345043121911,-0.13865049609757088,-0.19230176293443668,0.13721157323221433,0.20607431035999227,0.07122668183514946,-0.1185055759825791,-0.14698324596566964,-0.13433372750150122,-0.07369340674718926,-0.03957037879730525,0.027853435465116167,0.07492676920320918,0.024153348097056455,-0.22991931784304379,-0.015725371314253778,0.046353872305414726,-0.002775065526044784,-0.0046251092100746405,-0.05704301359092056,-0.09116604154080457,-0.18140706123959421,-0.003391746754054736,0.07287116510984266,-0.1435839459216505,-0.034124781580840785,0.17174572200077162,0.36415026513987664,0.30083765906418825,0.13865049609757088,0.2946708467840887,0.40238450127649367,0.4001644657595366,0.6558404859885839,-0.05334292622286085,0.2281837804502004,0.1476951541083835,-0.0046251092100746405,0.22950819702437047,0.09282006488077615,0.40333024976873266,0.2668311234453695,0.4447299455998437,0.42458502548485194,0.4402076165944374,0.5116661527392332,-0.07513232961254582,-0.12713911317471843,0.28706511163863263,-0.008941877806144303,0.16167326194327575,0.003597307163391387,0.17297908445679153,0.05334292622286085,0.2794593764931766,0.2158495220474869,0.14790071451772016,0.16989567831674177,-0.21329084676368826,-0.04779279517077128,0.0931236509404872,0.1030885452823303,0.07718793370591233,0.10740531387839997,0.1951796086651498,0.0701988797884662,0.07040444019780286,-0.003802867572728037
0.2758478931140802,0.5490236382322714,0.2511819116135663,0.47646454265159305,0.39958890030832483,0.2562310502381351,0.5072970195272354,0.594583484006262,0.43144912641315525,-0.028365878725590956,-0.11572456320657759,-0.2986639260020555,-0.1260020554984584,-0.20719424460431657,-0.06074310095898027,1.0,-0.1276464542651593,0.47810894141829396,-0.1093525179856115,0.3190133607399795,0.26219230210889793,0.07317574511819117,0.04707091469681397,-0.34018499486125386,-0.22384378211716344,-0.15303972475113642,0.25775950668037,-0.11798561151079136,0.045632065775950664,-0.1747173689619733,-0.15704008221993834,-0.04295991778006167,0.26885919835560124,0.3547790339157246,0.1761562178828366,0.1736896197327852,-0.027132579650565262,0.16628982528263106,0.06783144912641316,0.22128578065090446,0.3142857142857143,-0.15868448098663926,-0.12004110996916752,0.05796505652620761,-0.0039054470709146967,-0.1130524152106886,0.22034943473792395,0.15292908530318602,0.28345323741007195,0.24090441932168552,-0.05323741007194245,0.3720452209660843,0.21911613566289825,0.32805755395683456,0.30935251798561153,0.2787255909558068,0.35662898252826314,0.38552854771088835,-0.1969167523124358,-0.046659815005138744,-0.08304213771839672,-0.1301130524152107,-0.09763617677286741,-0.09064748201438848,-0.20330969374536367,-0.1895169578622816,0.2988694758478931,-0.06752659446708975,-0.08036998972250771,0.2742034943473793,0.09763617677286741,-0.05200945653951164,-0.10514414937569681,-0.028675677102462768,-0.17266187050359713,-0.22158273381294963,-0.14121274409044193,-0.2434863048592627,-0.1775950668036999,-0.1500513874614594,-0.16012332990750258,0.08653648509763619,-0.2,0.12867420349434738,0.17677286742034942,0.2606372045220966,-0.0067831449126413155,0.02662007300909626,0.18766700924974308,-0.03144912641315519,-0.2039264066687571,-0.24275436793422406,-0.034020247745215684,-0.23186022610483045,-0.2811921891058582,-0.10215827338129498,-0.11510791366906474,0.017677286742034944,0.27543679342240496,0.23782117163412128
-0.15745118191161359,-0.14039054470709147,0.018499486125385406,-0.12127440904419322,-0.14388489208633093,-0.09034379990345796,-0.18335046248715314,-0.2414307007658962,-0.10051387461459405,0.23391572456320658,0.009249743062692703,0.32538540596094556,0.3249743062692703,0.19773895169578623,0.049437278445464486,-0.1276464542651593,1.0,0.08756423432682425,0.41109969167523125,-0.04974306269270298,0.19086284006908014,0.15087358684480986,0.09023638232271326,0.3447070914696814,0.13874614594039056,0.19785189398652628,-0.1747173689619733,0.14758478931140803,0.15991778006166496,0.17307297019527237,0.032065775950668035,-0.17656731757451183,-0.24953751284686537,0.0961973278520041,0.13997944501541623,0.06762589928057554,0.09907502569373072,-0.16793422404933198,0.0020554984583761563,-0.16866231586072186,-0.20287769784172663,0.034121274409044194,0.12250770811921892,-0.04398766700924975,0.0018499486125385406,-0.03699897225077081,-0.15621788283658788,-0.08345323741007195,-0.2147995889003083,-0.18047276464542653,-0.11161356628982529,-0.09290853031860227,0.05179856115107914,-0.05303186022610483,-0.018705035971223024,-0.0961973278520041,-0.024460431654676262,-0.012436404764867365,0.18088386433710174,0.05817060637204522,0.22240493319630011,0.31551901336074,0.13915724563206577,0.14984583761562179,0.1751464702437309,0.024254881808838648,-0.2709146968139774,0.4856364670578372,0.34141829393627954,0.12374100719424462,0.1301130524152107,0.24298489181700691,0.17297908445679153,0.15612313089118618,0.17965056526207604,0.191983556012333,0.10832476875642344,0.09918289750493395,-0.04275436793422405,-0.11017471736896198,0.25303186022610485,0.00472764645426516,0.21603288797533401,0.14470709146968141,-0.06742034943473793,-0.1064748201438849,0.007605344295991779,0.02024770031966009,-0.044193216855087356,0.024049331963001026,-0.013978826263584156,-0.09434737923946558,0.07677681288723902,0.046454265159301136,0.18293936279547793,-0.01829393627954779,-0.131551901336074,-0.071120246659815,-0.25488180883864336,-0.17780061664953753
0.15724563206577596,0.3543679342240494,0.2616649537512847,0.27029804727646456,0.26618705035971224,0.20278534381060587,0.4520041109969168,0.46240814080279563,0.37122302158273385,-0.06721479958890031,-0.18746145940390546,-0.18211716341212744,-0.028365878725590956,-0.20781089414182938,-0.1185055759825791,0.47810894141829396,0.08756423432682425,1.0,0.05611510791366906,0.33401849948612544,0.359216815315797,0.1695786228160329,0.10606372045220966,-0.10400822199383351,-0.27050359712230215,0.025181150143739707,0.16793422404933198,-0.052826310380267215,0.06351490236382322,-0.07050359712230216,-0.29373072970195274,-0.24789311408016446,0.010071942446043166,0.4996916752312436,0.29393627954779034,0.18663926002055498,-0.01459403905447071,-0.06495375128468654,0.03597122302158273,0.008736317396807653,0.2039054470709147,-0.17903391572456323,-0.15971223021582734,-0.15806783144912642,-0.11469681397738953,-0.19260020554984586,0.07050359712230216,0.1445015416238438,0.1500513874614594,0.02487153134635149,-0.020143884892086333,0.3537512846865365,0.2949640287769784,0.30483042137718397,0.29352517985611515,0.22507708119218914,0.4998972250770812,0.38100621870548196,-0.13627954779033916,-0.0867420349434738,-0.06598150051387461,-0.0041109969167523125,0.030421377183967115,-0.06659815005138746,-0.13855483678905472,-0.25303186022610485,0.12970195272353546,0.15303972475113642,0.18869475847893116,0.4865364850976362,0.27995889003083246,0.11840888129153637,0.058276376046940456,-0.056837453181583904,-0.144912641315519,-0.1708119218910586,-0.07276464542651594,-0.19764633357718964,-0.29373072970195274,-0.24686536485097635,0.017677286742034944,0.07975334018499487,-0.2010277492291881,0.13381294964028778,0.12353545734840699,0.10996916752312436,-0.0065775950668037,0.0831491855766752,0.1525179856115108,-0.032065775950668035,-0.05221502751397611,-0.2380267214799589,-0.05025952008281109,-0.33237410071942447,-0.22836587872559097,-0.2762589928057554,-0.21726618705035972,0.05200411099691676,0.18972250770811921,0.04234326824254882
-0.189311408016444,-0.20678314491264133,-0.013771839671120247,-0.19383350462487153,-0.22754367934224048,-0.12857803604007498,-0.10215827338129498,-0.1565342517098595,-0.10277492291880781,0.13463514902363824,-0.030421377183967115,0.13854059609455294,0.07399794450154162,0.2641315519013361,0.0718433630631594,-0.1093525179856115,0.41109969167523125,0.05611510791366906,1.0,-0.18437821171634122,0.14872295615506675,0.15683453237410072,0.25570400822199385,0.2536485097636177,0.06742034943473793,0.17832365509954445,-0.18191161356628985,0.09804727646454266,0.13299075025693732,0.21849948612538542,0.0051387461459403904,-0.055498458376156225,-0.22014388489208633,0.06269270298047276,0.14552929085303187,-0.0645426515930113,-0.035149023638232274,-0.0394655704008222,0.0762589928057554,-0.15406752679781968,-0.2692702980472765,0.08242548818088387,0.16793422404933198,-0.1971223021582734,-0.034121274409044194,-0.022816032887975332,-0.13422404933196302,-0.007605344295991779,-0.22651593011305243,-0.27564234326824255,-0.08468653648509764,-0.08324768756423433,0.06228160328879754,-0.08900308324768756,-0.1471736896197328,-0.18890030832476876,0.0008221993833504625,-0.05909861768428707,0.1802672147995889,-0.02548818088386434,-0.0010277492291880781,0.06783144912641316,0.05632065775950668,0.05508735868448099,0.18439716409463217,0.009660842754367936,-0.25426515930113053,0.2985764945614851,0.2117163412127441,0.0565262076053443,0.06166495375128469,0.18069688655427166,0.22169690146957774,0.22457474720029086,0.1461459403905447,0.12476875642343269,0.11387461459403907,0.1417339022376206,-0.07338129496402879,0.015416238437821172,0.16937307297019527,-0.1381294964028777,0.1434737923946557,0.043782117163412126,-0.10503597122302159,-0.1724563206577595,-0.07276464542651594,0.06999331937912955,-0.12374100719424462,0.016032887975334018,0.03803063027592748,0.04193216855087359,0.09609949136488419,0.011716341212744091,0.2554984583761562,-0.03329907502569373,-0.08448098663926003,-0.10380267214799589,-0.2012332990750257,-0.21007194244604319
