0,1,2,3,4,5,6,7,8,9,10,11,12,13,14,15,16,17,18,19,20,21,22,23,24,25,26,27,28,29,30,31,32,33,34,35,36,37,38,39,40,41,42,43,44,45,46,47,48,49,50,51,52,53,54,55,56,57,58,59,60,61,62,63,64,65,66,67,68,69,70,71,72,73,74,75,76,77,78,79,80,81,82,83,84,85,86,87,88,89,90,91,92,93,94,95,96,97,98,99
1.0,0.12230215827338131,-0.1301130524152107,0.0867420349434738,0.057248574000257214,0.0030832476875642346,-0.05508735868448099,0.07461459403905447,-0.09537512846865365,-0.14285714285714285,-0.05817060637204522,-0.09311408016443988,-0.09886947584789312,-0.1607565020312178,-0.18437821171634122,0.08304213771839672,-0.1303186022610483,0.05467625899280575,-0.0487153134635149,-0.12394655704008223,-0.08900308324768756,-0.1617677286742035,-0.05405960945529291,-0.07564234326824255,-0.12332990750256938,-0.03761562178828366,-0.025592270962413007,-0.08294362516733854,0.11048872001844974,-0.16228994317128567,0.004522096608427544,0.0961973278520041,0.038748137159958645,0.017266187050359712,-0.10955806783144913,0.06927029804727647,0.21253854059609456,-0.06248715313463515,-0.03957037879730525,-0.0974306269270298,0.002672147995889003,-0.15560123329907502,-0.13997944501541623,-0.021993833504624874,-0.14121274409044193,0.03638232271325797,0.010894141829393628,-0.013771839671120247,0.09023638232271326,0.055498458376156225,0.29425972596541544,0.2526207605344296,0.17142857142857143,0.1671120246659815,-0.051387461459403906,-0.05817060637204522,0.18335046248715314,-0.05035971223021583,-0.05673175745118191,-0.1366906474820144,-0.09928057553956836,0.002261048304213772,-0.1955907294838231,-0.13442959917780062,-0.14306269270298047,-0.1276464542651593,0.09249743062692703,-0.056837453181583904,-0.056937307297019533,0.03494347379239466,0.013566289825282631,-0.07780461493392228,-0.12179454253196552,-0.0235366668690465,-0.11983556012332991,-0.02589928057553957,0.08489208633093526,-0.21664953751284688,-0.22991931784304379,0.31613566289825284,-0.08530318602261049,0.00020554984583761563,-0.07276464542651594,-0.0036998972250770813,0.041109969167523124,-0.02528263103802672,0.17553956834532375,0.0014388489208633096,-0.04398766700924975,-0.0036998972250770813,-0.058276376046940456,0.11572456320657759,-0.08828819581009145,-0.11593011305241523,-0.2219938335046249,-0.007605344295991779,0.09701952723535459,0.05149288253883099,0.024049331963001026,0.005755395683453238
0.12230215827338131,1.0,0.25138746145940394,0.2668036998972251,0.5561436874603084,0.23617677286742036,0.025077081192189106,0.523535457348407,0.17677286742034942,0.03391572456320658,-0.10955806783144913,-0.07132579650565263,-0.2694758478931141,-0.1356768431465521,-0.14984583761562179,0.08879753340184995,-0.16238437821171636,0.24912641315519016,-0.019116135662898253,-0.043782117163412126,0.14285714285714285,-0.3997944501541624,-0.18478931140801647,-0.07728674203494348,-0.045632065775950664,0.054470709146968145,-0.12385014662533203,-0.1610565807152658,0.2068965519973389,-0.14584511042435364,-0.048920863309352525,-0.10400822199383351,-0.1643455472646522,-0.18458376156217884,-0.3130524152106886,0.07132579650565263,0.031654676258992806,-0.20143884892086333,-0.19024615884107018,-0.1603288797533402,-0.1934224049331963,-0.27523124357656736,-0.27276464542651596,-0.06187050359712231,-0.09558067831449128,-0.13175745118191162,-0.23042137718396713,-0.20205549845837614,-0.14367934224049334,-0.045632065775950664,0.02600339178108631,0.24727646454265162,0.3371017471736896,0.3233299075025694,0.41521068859198357,0.12106885919835561,0.48468653648509763,0.40143884892086334,-0.06742034943473793,-0.0487153134635149,-0.0565262076053443,-0.24357656731757452,-0.1635233056273056,-0.027954779033915727,0.05467625899280575,-0.13751284686536486,0.12168550873586846,0.10062182037029051,0.013360739979445016,0.24460431654676262,0.12374100719424462,-0.11357212615849949,-0.15797317457521604,-0.128578036040075,0.02158273381294964,-0.03741007194244605,0.052415210688591986,-0.10770811921891059,-0.20792435404402215,-0.045220966084275435,-0.07379239465570402,-0.11736896197327853,-0.055909558067831454,-0.13566289825282632,0.002877697841726619,-0.03186022610483042,0.004522096608427544,-0.041726618705035974,0.023432682425488183,-0.16526207605344295,-0.23958065708186638,-0.07379239465570402,-0.23588056971380664,-0.15580678314491267,-0.3013360739979445,0.007605344295991779,-0.07769784172661871,-0.0847936688513684,-0.10298047276464543,0.023843782117163412
-0.1301130524152107,0.25138746145940394,1.0,0.08715313463514902,0.25808109392216494,0.4182939362795478,0.12702980472764644,0.287153134635149,0.26351490236382324,0.34511819116135667,0.13422404933196302,0.29085303186022615,-0.056937307297019533,0.05673758895219451,0.007194244604316546,0.07810894141829394,0.011510791366906477,0.1500513874614594,0.0565262076053443,-0.11490236382322713,0.12065775950668037,-0.11531346351490238,-0.13052415210688592,0.021377183967112023,0.20472764645426517,0.2612538540596095,-0.021892183594353295,-0.04902615762679118,0.10904979715309318,0.02024770031966009,0.03864337101747174,-0.047276464542651594,-0.1448173083776704,-0.11264131551901337,-0.08612538540596094,0.05775950668036999,-0.033710174717368965,0.005755395683453238,-0.06670435282974314,0.09373072970195273,-0.14573484069886947,0.07173689619732786,-0.06721479958890031,0.03802672147995889,-0.04501541623843783,-0.13997944501541623,-0.14779033915724563,-0.14696813977389517,-0.010894141829393628,-0.10483042137718397,-0.05663189277224726,0.1658787255909558,0.16402877697841728,0.10010277492291882,0.4341212744090442,0.45405960945529295,0.30832476875642345,0.30318602261048305,0.236382322713258,0.14820143884892087,0.2768756423432683,-0.11202466598150052,0.05005395967347444,0.027132579650565262,0.031243576567317573,-0.02528263103802672,0.23843782117163412,0.04429826821204822,-0.05858170606372045,0.11921891058581706,0.06659815005138746,0.03134796242383923,-0.040803741253325164,0.09096048113146792,0.1699897225077081,0.14881808838643373,0.12682425488180885,0.16073997944501542,-0.1614677015339391,-0.1656731757451182,-0.0051387461459403904,-0.2485097636176773,-0.09167523124357657,0.021788283658787256,0.1052415210688592,-0.12559095580678314,-0.0591983556012333,-0.12970195272353546,0.06618705035971223,-0.11387461459403907,-0.19949637726121947,0.047893114080164445,0.14029497937226407,0.015621788283658787,0.04809866392600205,-0.032682425488180886,-0.11510791366906474,-0.17277352404745489,-0.025693730729701953,-0.07153134635149024
0.0867420349434738,0.2668036998972251,0.08715313463514902,1.0,0.49118659810992676,0.01274409044193217,0.041726618705035974,0.3095580678314491,0.13381294964028778,-0.08098663926002056,-0.1171634121274409,-0.1130524152106886,0.010688591983556012,0.1907698643030308,0.09537512846865365,0.13627954779033916,-0.027338129496402876,-0.0067831449126413155,0.23473792394655707,-0.16526207605344295,0.1512846865364851,-0.11798561151079136,-0.1471736896197328,-0.16916752312435768,-0.13833504624871532,0.0036998972250770813,0.10206074323564705,-0.11501104902385605,-0.11069428042778638,0.021686623185016646,-0.3114080164439877,-0.32045220966084276,-0.05868749686561377,-0.0014388489208633096,-0.051387461459403906,-0.00041109969167523125,-0.046248715313463515,-0.029393627954779036,0.09116604154080457,0.028982528263103807,-0.07852004110996917,-0.23514902363823229,-0.013566289825282631,-0.16197327852004112,0.1788283658787256,0.09578622816032889,0.0394655704008222,-0.021788283658787256,-0.18211716341212744,-0.06762589928057554,-0.1590009766218993,0.1171634121274409,0.43391572456320654,0.6779033915724564,0.15847893114080164,0.05878725590955807,0.19794450154162385,0.2520041109969168,-0.16752312435765676,-0.18417266187050363,-0.07070914696813978,0.016032887975334018,0.14995631861108666,0.2785200411099692,0.2674203494347379,0.11880781089414184,-0.1313463514902364,0.213885605914785,0.23186022610483045,-0.021993833504624874,0.16505652620760536,-0.14378950633098714,-0.031759083242512524,-0.06711547364841644,-0.0591983556012333,-0.1091469681397739,-0.08756423432682425,-0.04953751284686536,-0.11747777393589585,-0.30565262076053445,-0.033710174717368965,-0.0036998972250770813,0.2143884892086331,0.047893114080164445,0.10709146968139774,-0.03658787255909558,0.007194244604316546,-0.10071942446043167,-0.044193216855087356,-0.15354573484069886,-0.10514414937569681,-0.29270298047276466,-0.13803381486956093,-0.22713257965056527,-0.21726618705035972,-0.12620760534429598,0.024460431654676262,-0.1139832469771728,-0.21459403905447072,-0.12312435765673177
0.057248574000257214,0.5561436874603084,0.25808109392216494,0.49118659810992676,1.0,0.2284803949776872,-0.025386710553076355,0.4073179511005733,0.20936327690937867,0.07965465861795212,-0.10637751183171673,-0.04491494944005817,-0.23958065708186635,-0.02929536931453068,-0.12487794867201527,-0.02374222727838315,-0.24513078813395592,0.09877177668626065,0.04368158698403827,-0.132689244226808,0.13083920054277814,-0.3195436563138234,-0.25952001678752146,-0.1719512824101083,0.04244822452801836,0.08869931662876476,-0.02672422653921266,-0.05118717237126118,0.0018501387604070304,-0.08777880563264467,-0.18407934656097066,-0.18243486328627748,-0.17452975639839655,-0.14790071451772016,-0.23074155948039038,0.10349966610100361,0.07369340674718926,-0.12035561966660896,-0.07071641484222427,-0.02374222727838315,-0.19209620252510004,-0.26486458743027436,-0.16845675545138522,-0.10123850159830045,0.0023639447073714828,-0.06382650709903004,-0.13823937527889757,-0.17359576568480148,-0.21553008918947822,-0.05087620131082104,-0.08222838935142358,0.1269335527653818,0.41656816952072256,0.556349247869645,0.4136903237900095,0.15365640597914637,0.36723367127992645,0.46939719472024183,-0.008119636168797701,-0.11028315960911307,0.004830669619411291,-0.2547921273727785,-0.02158495220474869,0.05539853031622735,0.1306336401334415,-0.15406752679781965,0.032992445698532435,0.1576729365813547,0.07862685657126889,0.10863867633441987,0.1014440620076371,-0.15952307534176174,-0.15088909445986226,-0.04378661732963306,-0.05622077195357395,0.0013361426606882294,0.007297394531451099,-0.030320160377155972,-0.2072155411655874,-0.16167326194327575,-0.055809651134900655,-0.07554345043121911,0.04039262043465185,-0.07636569206856572,0.07040444019780286,-0.008736317396807653,0.10781643469707328,-0.06814327569509969,0.0843825480326951,-0.17667917182485124,-0.1957035666563881,-0.1180944551639058,-0.09476821872751567,-0.2247803076096275,-0.2161467704174882,-0.03217020406118583,-0.05169844294816764,-0.19179771816219549,-0.21881905573886465,-0.03730921429460209
0.0030832476875642346,0.23617677286742036,0.4182939362795478,0.01274409044193217,0.2284803949776872,1.0,-0.15868448098663926,0.1749229188078109,0.26844809866392605,0.3035971223021583,0.02816032887975334,0.25755395683453236,-0.11161356628982529,-0.08387295758150494,-0.16300102774922917,-0.10565262076053443,0.004933196300102775,0.07646454265159301,-0.10339157245632066,-0.06803699897225077,0.012127440904419324,-0.19671120246659815,-0.08653648509763619,0.09455292908530319,0.1656731757451182,0.2768756423432683,-0.05539853031622735,0.17421244691281143,0.18510714860765393,-0.060743100958980265,0.03864337101747174,0.0748201438848921,-0.18037925919291095,-0.12456320657759508,-0.2760534429599178,0.16670092497430627,0.09208633093525181,-0.1303186022610483,-0.1781180946902078,-0.15745118191161359,-0.24480986639260022,-0.048304213771839674,-0.18273381294964028,-0.0984583761562179,-0.16875642343268246,-0.22261048304213774,-0.2406988694758479,-0.2324768756423433,-0.032682425488180886,-0.1603288797533402,0.06690991323907979,0.21109969167523127,0.048509763617677296,0.08859198355601235,0.5874614594039055,0.4643371017471737,0.20842754367934224,0.32045220966084276,0.2499486125385406,0.05981500513874615,0.2147995889003083,-0.18437821171634122,-0.042242664118681716,-0.0961973278520041,-0.12579650565262077,-0.15642343268242548,0.12415210688591984,0.06094866136831692,0.019938335046248718,0.08920863309352517,-0.013566289825282631,-0.019425458682313487,0.04717611394276133,0.06464874873637663,0.13422404933196302,0.2725590955806783,0.2945529290853032,0.3062692702980473,-0.21655789123616148,0.0748201438848921,0.1802672147995889,-0.08571428571428572,-0.15745118191161359,-0.065775950668037,0.14018499486125385,0.052415210688591986,0.1171634121274409,0.1868448098663926,0.20472764645426517,-0.11140801644398766,-0.2948764071934254,0.15025693730729703,0.11891669680125241,0.007810894141829393,-0.0024665981500513875,-0.11695786228160329,-0.120863309352518,-0.000925021842014928,-0.047893114080164445,-0.11757451181911614
-0.05508735868448099,0.025077081192189106,0.12702980472764644,0.041726618705035974,-0.025386710553076355,-0.15868448098663926,1.0,0.20513874614594038,0.22014388489208633,-0.09455292908530319,0.0526207605344296,-0.033710174717368965,0.27214799588900307,0.20947682297929787,0.31161356628982534,0.1987667009249743,0.10544707091469682,-0.11243576567317576,0.29352517985611515,-0.17965056526207604,0.29023638232271326,-0.07153134635149024,-0.03494347379239466,-0.11860226104830421,-0.11695786228160329,-0.18335046248715314,-0.036898093475928796,-0.325093787365913,0.07389896715652591,-0.12117786130395557,-0.05200411099691676,-0.12230215827338131,0.05560409072556401,-0.09763617677286741,0.11675231243576568,-0.1751284686536485,-0.11983556012332991,0.20945529290853035,0.18531270901699057,0.2193216855087359,0.17800616649537512,0.028776978417266185,0.07235354573484071,0.15704008221993834,0.07564234326824255,0.07934224049331963,0.10071942446043167,0.16320657759506682,0.11757451181911614,0.16546762589928057,-0.16578447013000877,0.01932168550873587,0.17944501541623845,0.001644398766700925,-0.15683453237410072,0.1669064748201439,0.18314491264131552,0.1249743062692703,-0.16793422404933198,0.15046248715313465,-0.03864337101747174,0.2840698869475848,0.19209620252510007,0.23782117163412128,0.3122302158273381,0.2696813977389517,0.3710174717368962,0.23608613012314328,-0.09948612538540597,-0.11531346351490238,0.20904419321685508,-0.16742895340470196,-0.09609949136488419,0.02456446891572975,-0.00986639260020555,-0.23329907502569375,0.05755395683453237,-0.2674203494347379,0.012025283946194064,-0.1987667009249743,-0.3638232271325797,-0.1183967112024666,-0.03843782117163413,0.0302158273381295,-0.13710174717368964,-0.11675231243576568,-0.189311408016444,-0.2561151079136691,-0.23576567317574512,0.14696813977389517,0.06958219856045625,-0.09907502569373072,-0.008325196578134351,-0.023227132579650568,-0.09023638232271326,0.10154162384378213,0.03720452209660843,0.008941877806144303,0.19650565262076053,0.1934224049331963
0.07461459403905447,0.523535457348407,0.287153134635149,0.3095580678314491,0.4073179511005733,0.1749229188078109,0.20513874614594038,1.0,0.39095580678314495,0.009660842754367936,-0.0894141829393628,-0.03144912641315519,0.019116135662898253,0.14739438869102703,0.1260020554984584,0.08304213771839672,-0.008221993833504625,0.20842754367934224,0.26495375128468657,-0.1354573484069887,0.30935251798561153,-0.2312435765673176,-0.12147995889003083,-0.15621788283658788,-0.0855087358684481,-0.047893114080164445,-0.1131610053398262,-0.1877794339290304,0.16825119504204858,-0.09897733709559729,-0.14306269270298047,-0.1948612538540596,-0.1643455472646522,-0.1393627954779034,-0.20328879753340184,-0.022816032887975332,-0.03864337101747174,-0.08715313463514902,-0.10370522651034025,-0.06413155190133607,-0.18890030832476876,-0.20411099691675233,-0.22137718396711203,-0.14039054470709147,0.012949640287769786,-0.13422404933196302,-0.18232271325796506,-0.1695786228160329,-0.1194244604316547,-0.08591983556012334,-0.04142042248133511,0.23453237410071942,0.2890030832476876,0.30071942446043165,0.32147995889003084,0.1975334018499486,0.634737923946557,0.5321685508735868,-0.11551901336073998,-0.05077081192189106,-0.03884892086330936,0.008016443987667009,0.11110540124645969,0.22733812949640286,0.24789311408016446,0.11572456320657759,0.22528263103802673,0.2813094201772064,0.08036998972250771,0.20637204522096608,0.2655704008221994,-0.09157716235947787,-0.006269592484767845,-0.08952155826611137,0.010071942446043166,-0.07440904419321687,0.13751284686536486,-0.09784172661870505,-0.08808263540075481,-0.15621788283658788,-0.144912641315519,-0.17821171634121274,-0.00986639260020555,-0.11634121274409044,-0.07440904419321687,-0.14696813977389517,-0.031243576567317573,-0.19301130524152108,-0.036176772867420354,-0.1751284686536485,-0.18572382983566388,-0.1013360739979445,-0.1618788223526124,-0.18787255909558068,-0.3038026721479959,-0.044193216855087356,-0.13196300102774922,-0.1372115732322143,-0.10503597122302159,-0.00986639260020555
-0.09537512846865365,0.17677286742034942,0.26351490236382324,0.13381294964028778,0.20936327690937867,0.26844809866392605,0.22014388489208633,0.39095580678314495,1.0,0.19815005138746145,0.0855087358684481,0.21253854059609456,0.31778006166495376,0.3511152243853196,0.3523124357656732,-0.14121274409044193,0.17327852004111,-0.12641315519013363,0.3917780061664954,-0.1895169578622816,0.4813977389516958,-0.1590955806783145,-0.21911613566289825,-0.007605344295991779,-0.048304213771839674,0.04234326824254882,-0.09651061218355748,0.007502954940787749,0.1964129711211697,-0.1359782107761944,-0.2024665981500514,-0.10832476875642344,-0.1834626653329607,-0.16012332990750258,-0.08057553956834533,0.0036998972250770813,-0.07173689619732786,0.05159301130524152,0.058070815637603815,0.06228160328879754,-0.1751284686536485,-0.23227132579650567,-0.09249743062692703,-0.24131551901336074,-0.032065775950668035,-0.17923946557040082,-0.1471736896197328,-0.22487153134635152,-0.191983556012333,-0.09886947584789312,-0.22868595538702388,-0.040698869475847894,0.10503597122302159,0.11757451181911614,0.20164439876670093,0.5048304213771839,0.2698869475847893,0.6145940390544707,0.10873586844809867,0.1418293936279548,0.12045220966084276,0.2211716341212744,0.2693869164356807,0.33525179856115106,0.37142857142857144,0.24008221993833503,0.21767728674203493,0.4145125654273561,0.04809866392600205,-0.07009249743062693,0.4055498458376156,-0.09322164563417107,-0.027647875055779515,0.11213320329314294,0.10483042137718397,0.04254881808838644,0.30996916752312437,0.03761562178828366,-0.0681432756950997,-0.16423432682425487,-0.03494347379239466,-0.054265159301130524,-0.054881808838643374,-0.05323741007194245,-0.023227132579650568,-0.012332990750256938,-0.06351490236382322,-0.05097636176772868,0.06433710174717369,-0.026515930113052415,-0.1306336401334415,0.012332990750256938,0.14050053978160074,-0.2147995889003083,-0.10256937307297019,-0.13566289825282632,-0.13216855087358687,-0.1127498845211529,-0.11346351490236382,-0.04090441932168551
-0.14285714285714285,0.03391572456320658,0.34511819116135667,-0.08098663926002056,0.07965465861795212,0.3035971223021583,-0.09455292908530319,0.009660842754367936,0.19815005138746145,1.0,0.25673175745118193,0.5736896197327852,-0.05200411099691676,0.08243396076025362,-0.07749229188078109,-0.10030832476875642,0.06659815005138746,0.071120246659815,-0.027749229188078112,0.09969167523124357,0.007605344295991779,0.0367934224049332,-0.16258992805755396,0.25241521068859196,0.4600205549845838,0.3681397738951696,0.03957037879730525,0.16085102030592915,0.145639550015017,0.020453260728996742,0.17019527235354576,0.02548818088386434,-0.1768847322341879,-0.10729701952723536,-0.01459403905447071,0.11613566289825283,0.05015416238437821,-0.023432682425488183,-0.0852047896700417,0.17142857142857143,-0.19383350462487153,0.04049331963001028,-0.06557040082219938,0.013771839671120247,-0.05200411099691676,-0.21644398766700929,-0.18355601233299076,-0.24480986639260022,-0.033504624871531344,-0.11510791366906474,-0.07246004429116935,0.08735868448098665,0.0131551901336074,-0.06927029804727647,0.2881808838643371,0.3220966084275437,0.027954779033915727,0.20205549845837614,0.6195272353545735,0.34511819116135667,0.5778006166495375,-0.21767728674203493,0.09404388727151768,-0.06372045220966084,-0.05220966084275437,-0.10092497430626927,0.13442959917780062,-0.06279870505234678,-0.16258992805755396,0.0,-0.010277492291880781,0.14584511042435364,-0.008736317396807653,0.29158744064403896,0.3558067831449127,0.38355601233299075,0.13340184994861254,0.2709146968139774,-0.05622077195357396,-0.07605344295991778,0.23494347379239466,-0.1683453237410072,-0.11264131551901337,0.07728674203494348,0.20143884892086333,-0.06310380267214799,0.028365878725590956,-0.05775950668036999,0.236382322713258,-0.09044193216855087,-0.09239940399682448,0.17697841726618704,0.35366668426370745,-0.10688591983556013,0.2672147995889003,0.002261048304213772,-0.12209660842754368,-0.1805848196022476,-0.052415210688591986,-0.13072970195272354
-0.05817060637204522,-0.10955806783144913,0.13422404933196302,-0.1171634121274409,-0.10637751183171673,0.02816032887975334,0.0526207605344296,-0.0894141829393628,0.0855087358684481,0.25673175745118193,1.0,0.39362795477903395,0.1313463514902364,0.04872032094808007,0.10339157245632066,0.08386433710174718,0.11551901336073998,-0.00986639260020555,0.04254881808838644,0.07461459403905447,-0.03391572456320658,0.08776978417266187,-0.14902363823227133,0.21747173689619734,0.11880781089414184,0.3780061664953751,-0.07739349411524897,0.16701783258602867,0.08952155826611137,-0.07616013165922908,0.2195272353545735,-0.12702980472764644,0.07102112142581281,-0.018088386433710177,0.18478931140801647,-0.01747173689619733,-0.06906474820143885,0.06906474820143885,0.025592270962413007,0.15292908530318602,0.1091469681397739,0.13175745118191162,0.18890030832476876,0.18191161356628985,-0.015416238437821172,-0.06351490236382322,0.047482014388489216,0.009660842754367936,0.01500513874614594,0.0008221993833504625,0.037103653885265445,0.056937307297019533,0.038232271325796506,-0.08571428571428572,-0.02589928057553957,0.11901336073997945,-0.0748201438848921,-0.0302158273381295,0.15087358684480986,0.37677286742034943,0.28221993833504627,0.05035971223021583,-0.12672799235604512,-0.020554984583761562,0.08715313463514902,0.09681397738951696,0.08221993833504625,-0.09651061218355748,-0.1527235354573484,-0.05837615621788284,-0.048920863309352525,0.11706665311722254,-0.11172208247446964,0.08808263540075481,0.22178828365878725,0.18129496402877696,0.046248715313463515,0.02219938335046249,0.12015005925727232,-0.0041109969167523125,0.07338129496402879,0.005960945529290853,-0.10113052415210688,0.013566289825282631,-0.06947584789311408,-0.045837615621788286,-0.07687564234326826,0.05364850976361768,-0.0020554984583761563,0.08920863309352517,0.0040084279820646876,-0.033504624871531344,0.10576083060370677,-0.03658787255909558,0.21336073997944502,0.07255909558067831,-0.10606372045220966,-0.12528906949068858,-0.0067831449126413155,-0.10277492291880781
-0.09311408016443988,-0.07132579650565263,0.29085303186022615,-0.1130524152106886,-0.04491494944005817,0.25755395683453236,-0.033710174717368965,-0.03144912641315519,0.21253854059609456,0.5736896197327852,0.39362795477903395,1.0,0.09558067831449128,0.08757323512186545,0.04254881808838644,-0.09085303186022611,0.24912641315519016,-0.016032887975334018,0.027749229188078112,0.06433710174717369,0.07420349434737925,0.02528263103802672,-0.19136690647482016,0.3597122302158273,0.3934224049331963,0.4651593011305242,-0.0714322422444861,0.13947273773491747,0.17482912814082138,-0.07307672551917932,0.13442959917780062,0.017677286742034944,-0.1590009766218993,-0.15292908530318602,-0.05077081192189106,0.0487153134635149,-0.04275436793422405,-0.07235354573484071,-0.14522842919634368,0.1496402877697842,-0.21233299075025697,0.05118191161356629,-0.12312435765673177,-0.01459403905447071,-0.20616649537512846,-0.3270298047276464,-0.244398766700925,-0.2933196300102775,-0.07379239465570402,-0.17019527235354576,-0.04285934534669166,0.07667009249743063,0.047276464542651594,-0.07214799588900309,0.18129496402877696,0.326207605344296,-0.0263103802672148,0.12353545734840699,0.45056526207605346,0.42117163412127445,0.5683453237410072,0.008427543679342241,0.031553522833175876,-0.05837615621788284,-0.031243576567317573,0.0014388489208633096,0.21007194244604319,0.025592270962413007,-0.10585817060637205,-0.10318602261048304,0.09455292908530319,0.18490158819831728,0.008941877806144303,0.32653271023126956,0.4441932168550874,0.472764645426516,0.25837615621788285,0.20801644398766703,-0.06279870505234678,0.0020554984583761563,0.24480986639260022,-0.20904419321685508,-0.218705035971223,0.0065775950668037,0.12579650565262077,-0.13915724563206577,-0.07687564234326826,-0.052415210688591986,0.15210688591983557,-0.11757451181911614,-0.16969011790740512,0.19177800616649537,0.295081967602762,-0.1183967112024666,0.1936279547790339,-0.0881808838643371,-0.1969167523124358,-0.19579628989315975,-0.10873586844809867,-0.20883864337101748
-0.09886947584789312,-0.2694758478931141,-0.056937307297019533,0.010688591983556012,-0.23958065708186635,-0.11161356628982529,0.27214799588900307,0.019116135662898253,0.31778006166495376,-0.05200411099691676,0.1313463514902364,0.09558067831449128,1.0,0.40826395528644316,0.5815005138746147,0.09249743062692703,0.38108941418293935,-0.2655704008221994,0.3874614594039055,-0.13586844809866394,0.3245632065775951,0.16793422404933198,0.028982528263103807,-0.05015416238437821,-0.14265159301130526,-0.1194244604316547,-0.008325196578134351,-0.015314250495580474,0.0077085153501244,-0.031759083242512524,-0.12785200411099693,-0.09126413155190133,0.10925535756242982,0.039876670092497436,0.14984583761562179,-0.10668036998972251,-0.20349434737923947,0.29023638232271326,0.2510920400047188,0.12744090441932168,0.05035971223021583,-0.05981500513874615,0.1605344295991778,-0.14409044193216855,0.07790339157245633,0.03062692702980473,0.09270298047276464,0.04131551901336074,0.00020554984583761563,-0.05056526207605344,-0.1594120974405726,-0.12929085303186025,-0.020966084275436794,-0.06392600205549846,-0.26803699897225075,0.20616649537512846,-0.08345323741007195,0.028982528263103807,-0.12045220966084276,0.12435765673175746,0.033504624871531344,0.6164439876670093,0.39046199753496796,0.40575539568345326,0.3473792394655704,0.5132579650565262,0.0974306269270298,0.3285883143246361,0.03843782117163413,-0.20472764645426517,0.3469681397738952,0.0044195488007379895,0.115627730251866,0.08068246066463539,0.002261048304213772,-0.09208633093525181,0.16258992805755396,-0.032065775950668035,0.11953337802926237,-0.13771839671120248,-0.10503597122302159,0.013771839671120247,0.014388489208633093,0.05097636176772868,-0.1052415210688592,0.03227132579650565,-0.22240493319630011,-0.03391572456320658,-0.12990750256937308,0.05303186022610483,0.06033198014030697,-0.06844809866392601,0.1002106995516172,-0.10811921891058582,0.016032887975334018,-0.1671120246659815,-0.017266187050359712,0.02600339178108631,0.01747173689619733,-0.07440904419321687
-0.1607565020312178,-0.1356768431465521,0.05673758895219451,0.1907698643030308,-0.02929536931453068,-0.08387295758150494,0.20947682297929787,0.14739438869102703,0.3511152243853196,0.08243396076025362,0.04872032094808007,0.08757323512186545,0.40826395528644316,1.0,0.587316274044999,0.021173810369840708,0.16980162490765457,-0.06701613767541816,0.6234967655507462,-0.08099496393900231,0.3652996216233683,0.18316373824784532,0.05118717264165375,-0.13814369484012579,-0.00719498410625655,-0.0651659989052379,0.13290846499539707,-0.04903119706326714,-0.04553631089942839,0.15141080350983752,-0.14595539186977574,-0.0953849321515154,0.04204142473558964,0.06989413131792077,0.1938534289199979,-0.07996710906667995,-0.1500668113590652,0.25758043100398453,0.2278871360361913,0.291705212765087,-0.016240106982693354,0.039264056122714316,0.1461609628442402,-0.1272484331935087,0.2107102488260847,0.07379997983274576,0.1190255942149298,0.04584232730557745,-0.09065679973883255,-0.060026724543626085,-0.19869455749118528,-0.02939664934841962,0.07523897665399706,0.05735430187558793,-0.1362935560699455,0.18069688655427166,-0.0076061260551854954,0.17411861537140852,0.01932367159966045,0.04872032094808007,0.11388631985331797,0.33734196909619996,0.5917664601535197,0.6514544180779146,0.5073491649783191,0.5492856437690715,0.04193647879075247,0.27846019464232846,0.1278651461169021,-0.05447630823308531,0.3198684362667198,0.05807678478143802,0.1810145451329422,0.1956108344054452,-0.04173090781628799,0.022612807191092016,0.014184397238048627,0.0750334056795326,0.08439122177975329,-0.28779936425026204,-0.05200945653951164,-0.032891355914315655,0.16569020541836513,0.1644567795715783,0.049542604845937956,0.013978826263584154,-0.0916846546111549,-0.1813135994776651,-0.047075753152364286,0.028574365450561728,0.09939867413035497,-0.06578271182863131,0.2618080899793321,-0.062493576237199755,0.09456264825365751,-0.08531195440275624,0.04810360802468665,-0.013465590807731645,-0.06886627644559841,-0.05961558259469713
-0.18437821171634122,-0.14984583761562179,0.007194244604316546,0.09537512846865365,-0.12487794867201527,-0.16300102774922917,0.31161356628982534,0.1260020554984584,0.3523124357656732,-0.07749229188078109,0.10339157245632066,0.04254881808838644,0.5815005138746147,0.587316274044999,1.0,0.09989722507708121,0.26885919835560124,-0.15580678314491267,0.5194244604316547,-0.06721479958890031,0.46474820143884893,0.14902363823227133,0.010071942446043166,-0.11593011305241523,-0.1249743062692703,-0.16670092497430627,-0.029497918739809368,-0.10699419305972667,0.008530756987471003,0.034842489382562285,-0.1484069886947585,-0.15046248715313465,0.05210956376684094,-0.007810894141829393,0.13216855087358687,-0.14902363823227133,-0.29270298047276466,0.22774922918807813,0.1602343390779192,0.1936279547790339,-0.0302158273381295,-0.035149023638232274,0.08653648509763619,-0.1527235354573484,0.09352517985611512,-0.02117163412127441,0.026104830421377186,-0.014182939362795478,-0.1432682425488181,-0.08263103802672148,-0.2260136700656474,-0.1379239465570401,-0.011510791366906477,-0.061459403905447074,-0.23268242548818088,0.18643371017471738,-0.07934224049331963,0.1194244604316547,-0.1697841726618705,0.013771839671120247,0.006372045220966085,0.528879753340185,0.43404080431433784,0.6219938335046249,0.5072970195272354,0.7294964028776979,0.08633093525179857,0.3310550392366759,0.1720452209660843,-0.10318602261048304,0.4406988694758479,0.04840947639878123,0.20442982708529908,0.12056118007594561,0.025693730729701953,-0.07810894141829394,0.07584789311408018,-0.06865364850976362,0.15118968106710656,-0.2803699897225077,-0.11408016443987667,-0.0433710174717369,0.04604316546762591,0.08468653648509764,-0.09825282631038026,-0.06433710174717369,-0.2376156217882837,-0.18437821171634122,-0.12826310380267214,-0.0024665981500513875,0.047998355580107926,-0.10750256937307298,0.11233876370247958,-0.09866392600205551,-0.00986639260020555,-0.14820143884892087,-0.04809866392600205,-0.028675677102462768,-0.04254881808838644,-0.03658787255909558
0.08304213771839672,0.08879753340184995,0.07810894141829394,0.13627954779033916,-0.02374222727838315,-0.10565262076053443,0.1987667009249743,0.08304213771839672,-0.14121274409044193,-0.10030832476875642,0.08386433710174718,-0.09085303186022611,0.09249743062692703,0.021173810369840708,0.09989722507708121,1.0,0.08982528263103802,0.24234326824254881,0.03001027749229188,0.04193216855087359,0.07235354573484071,0.08221993833504625,0.18088386433710174,0.05940390544707092,-0.16217882836587874,-0.03864337101747174,0.14748959369904685,-0.23546944889513335,0.19332956498111997,0.009764119443490907,0.11408016443987667,-0.025693730729701953,0.3092656358469909,0.11613566289825283,0.1405960945529291,-0.10030832476875642,-0.15477903391572456,0.17410071942446043,0.05950973850296037,0.09270298047276464,0.1500513874614594,0.011510791366906477,0.09537512846865365,0.11140801644398766,0.10853031860226105,0.1405960945529291,0.06700924974306269,0.13525179856115108,0.09701952723535459,-0.03473792394655704,0.09116604154080457,0.21007194244604319,0.23371017471736896,0.06700924974306269,-0.10585817060637205,-0.04809866392600205,0.05323741007194245,-0.15991778006166496,-0.22589928057553957,0.01891058581706064,-0.055909558067831454,0.09373072970195273,-0.02004213991032344,0.08160328879753341,0.0565262076053443,0.21130524152106886,0.13956834532374102,-0.042242664118681716,0.11798561151079136,0.2698869475847893,0.09434737923946558,0.09897733709559729,0.0547818490882174,-0.06526542996438658,0.0879753340184995,-0.0984583761562179,0.033710174717368965,-0.10668036998972251,0.09918289750493395,-0.15971223021582734,-0.014388489208633093,-0.020143884892086333,0.08078108941418294,0.2554984583761562,0.09886947584789312,-0.023432682425488183,-0.13997944501541623,-0.0748201438848921,-0.1975334018499486,-0.016649537512846865,0.05909861768428707,-0.08468653648509764,-0.11192764288380629,0.004316546762589928,-0.002672147995889003,0.016032887975334018,0.15889003083247688,0.11336656574916285,0.071120246659815,-0.07173689619732786
-0.1303186022610483,-0.16238437821171636,0.011510791366906477,-0.027338129496402876,-0.24513078813395592,0.004933196300102775,0.10544707091469682,-0.008221993833504625,0.17327852004111,0.06659815005138746,0.11551901336073998,0.24912641315519016,0.38108941418293935,0.16980162490765457,0.26885919835560124,0.08982528263103802,1.0,-0.1445015416238438,0.2536485097636177,0.07276464542651594,0.29270298047276466,0.14799588900308325,0.017677286742034944,0.31387461459403904,-0.054470709146968145,0.120863309352518,0.031142402014502576,0.10349966610100361,0.179762577964901,-0.0038028675727280374,-0.002261048304213772,0.023227132579650568,0.05663189277224726,-0.04501541623843783,-0.021377183967112023,-0.20596094552929087,-0.28920863309352524,-0.01747173689619733,-0.05704301359092056,-0.05858170606372045,-0.06372045220966084,-0.07194244604316546,0.00041109969167523125,-0.120863309352518,0.002877697841726619,-0.1471736896197328,-0.11634121274409044,-0.10853031860226105,-0.10688591983556013,-0.20369989722507706,-0.048615036808117885,0.015621788283658787,-0.06515930113052415,-0.060431654676259,-0.06474820143884892,0.13360739979445016,-0.09064748201438848,0.006166495375128469,-0.054470709146968145,0.1656731757451182,0.10195272353545735,0.3223021582733813,0.18140706123959421,0.1720452209660843,0.15477903391572456,0.2569373072970195,0.054470709146968145,0.3255049081845863,0.20020554984583763,-0.09928057553956836,0.26783144912641316,0.08212138352999193,0.18387378615163402,-0.03299244569853243,0.3247687564234327,0.1379239465570401,0.22733812949640286,0.17780061664953753,0.1468729124710369,-0.07831449126413156,0.1800616649537513,-0.03658787255909558,-0.02117163412127441,-0.01500513874614594,0.012127440904419324,-0.0855087358684481,-0.29003083247687567,-0.01644398766700925,-0.1695786228160329,-0.08489208633093526,-0.13125032136145143,-0.12456320657759508,-0.07718793370591231,0.008838643371017472,0.054881808838643374,-0.14224049331963,-0.12147995889003083,0.027853435465116164,-0.08345323741007195,-0.27975334018499487
0.05467625899280575,0.24912641315519016,0.1500513874614594,-0.0067831449126413155,0.09877177668626065,0.07646454265159301,-0.11243576567317576,0.20842754367934224,-0.12641315519013363,0.071120246659815,-0.00986639260020555,-0.016032887975334018,-0.2655704008221994,-0.06701613767541816,-0.15580678314491267,0.24234326824254881,-0.1445015416238438,1.0,-0.12250770811921892,0.3588900308324769,-0.11264131551901337,0.1052415210688592,0.22487153134635152,0.026927029804727647,0.03597122302158273,0.005755395683453238,0.04553163066806812,-0.19045171925040683,0.2597255771968581,-0.012641965174204016,0.035149023638232274,0.04008221993833505,0.02004213991032344,0.26002055498458376,0.005344295991778006,0.21212744090441932,0.12970195272353546,-0.12312435765673177,-0.20710211240667553,-0.020349434737923947,-0.045220966084275435,-0.05878725590955807,-0.1907502569373073,-0.04275436793422405,-0.0591983556012333,-0.040698869475847894,-0.06536485097636177,-0.02589928057553957,0.06495375128468654,-0.04953751284686536,0.17318464486612817,0.2709146968139774,0.08201438848920864,0.009044193216855088,0.18478931140801647,-0.1171634121274409,0.22589928057553957,-0.05015416238437821,0.06557040082219938,-0.07523124357656732,-0.04809866392600205,-0.2696813977389517,-0.14872295615506675,-0.0750256937307297,-0.17286742034943473,-0.10976361767728675,0.11120246659815006,-0.17832365509954445,0.18047276464542653,0.6735868448098664,-0.06310380267214799,0.16578447013000877,0.1257001903093619,-0.05765969481893051,-0.010277492291880781,0.010894141829393628,0.0789311408016444,-0.04295991778006167,-0.0397759392066419,0.025693730729701953,0.07153134635149024,-0.09907502569373072,0.005549845837615622,0.03884892086330936,0.06762589928057554,-0.020143884892086333,0.13586844809866394,-0.16772867420349435,0.2135662898252826,-0.16793422404933198,0.027853435465116164,0.14141829393627955,-0.044914949440058166,-0.06474820143884892,-0.07584789311408018,0.0008221993833504625,-0.010894141829393628,0.007914075759461051,-0.008633093525179856,-0.016649537512846865
-0.0487153134635149,-0.019116135662898253,0.0565262076053443,0.23473792394655707,0.04368158698403827,-0.10339157245632066,0.29352517985611515,0.26495375128468657,0.3917780061664954,-0.027749229188078112,0.04254881808838644,0.027749229188078112,0.3874614594039055,0.6234967655507462,0.5194244604316547,0.03001027749229188,0.2536485097636177,-0.12250770811921892,1.0,-0.11408016443987667,0.4725590955806783,-0.0014388489208633096,-0.046659815005138744,-0.14881808838643373,-0.09784172661870505,-0.05405960945529291,0.02333110645970985,-0.085615910488715,0.012025283946194064,0.005447350847421242,-0.15868448098663926,-0.03329907502569373,0.054987409497554054,-0.044809866392600206,0.06639260020554985,-0.1712230215827338,-0.16608427543679344,0.2195272353545735,0.18490158819831728,0.18622816032887976,-0.026927029804727647,-0.05200411099691676,0.0487153134635149,-0.11079136690647481,0.1432682425488181,0.016649537512846865,0.03638232271325797,-0.02117163412127441,-0.11778006166495375,-0.0197327852004111,-0.14420062714966045,-0.023227132579650568,0.1710174717368962,0.15354573484069886,-0.1434737923946557,0.16382322713257966,0.14265159301130526,0.26248715313463516,-0.1249743062692703,0.05323741007194245,-0.0018499486125385406,0.33525179856115106,0.3847063060735417,0.5656731757451182,0.6121274409044194,0.44131551901336075,0.1183967112024666,0.3867619101669082,0.0959917780061665,-0.0842754367934224,0.40082219938335045,-0.0714322422444861,0.05539853031622735,0.07862685657126889,-0.0367934224049332,-0.05960945529290853,0.027338129496402876,-0.041109969167523124,0.058276376046940456,-0.2261048304213772,-0.14244604316546763,-0.05323741007194245,0.09126413155190133,0.024665981500513877,-0.06289825282631038,-0.052826310380267215,-0.1500513874614594,-0.20205549845837614,-0.1578622816032888,0.027954779033915727,0.019425458682313487,-0.13874614594039056,0.10041625996095384,-0.028776978417266185,-0.03535457348406989,-0.061459403905447074,-0.017266187050359712,-0.05704301359092056,-0.08489208633093526,-0.0645426515930113
