0,1,2,3,4,5,6,7,8,9,10,11,12,13,14,15,16,17,18,19,20,21,22,23,24,25,26,27,28,29,30,31,32,33,34,35,36,37,38,39,40,41,42,43,44,45,46,47,48,49,50,51,52,53,54,55,56,57,58,59,60,61,62,63,64,65,66,67,68,69,70,71,72,73,74,75,76,77,78,79,80,81,82,83,84,85,86,87,88,89,90,91,92,93,94,95,96,97,98,99
1.0,0.3115093753237335,0.43820573914845123,0.2591940329431265,0.26706723298456436,0.3124417279602196,0.23495286439448873,0.29959598052418934,0.24158292758727853,-0.004558168445042992,-0.06422873718015124,-0.011395421112607478,-0.08261894281603398,0.049829068683310884,0.03719051072205532,0.27317932249041743,0.028541089336448104,0.19372215891432715,0.1452398218170517,0.15145550606029212,0.06992644773645498,0.02869574225629338,0.0969646741945509,0.07847504599767491,0.19833726146871106,0.03895162125764011,0.08577644255671811,0.0034186263337822437,0.15591007976794777,-0.05972391289460012,0.2062106654235933,0.2302911012120584,0.30794333231430854,0.15824505975108705,0.11157153216616594,0.26188749611519735,0.018543457992333985,0.09049234677091622,0.03563658966124521,0.004972547394592354,0.08846990572878898,0.032321558064850306,-0.024344763286025067,0.03169998964052626,0.09965813736662177,-0.052418937117994405,-0.00010359473738734072,0.06422873718015124,0.28706101730032113,0.07976794778825234,0.4948720604993265,0.33077799647777895,0.23615031993623758,0.24976691184087849,0.31876100694084736,0.32311198591111573,0.3282917227804827,0.18709209572153732,0.013985289547290995,0.026313063296384543,0.0071480368797265095,-0.1411996270589454,-0.06495390034186263,0.05500880555267792,0.0651610898166373,-0.0024345393807859547,0.08945637256632646,0.055526779239614625,0.11923754273282916,0.10597741634724954,0.06894408331544905,0.03304672122656169,0.022636036370286428,0.014399668496840358,0.027297920290940383,0.12421009012742153,0.1270071480368797,0.055319589764839944,0.14358230601885422,0.31772505956697394,0.1361234849269657,0.09520356365896612,0.1338444007044442,0.10162643737698124,0.1277323111985911,-0.01740391588107324,0.02356841315441722,-0.005490521081529058,0.2162022169273801,-0.014399668496840358,0.24893815394177973,0.07158396353465243,0.08111467937428778,0.09831140578058635,-0.07272350564591319,0.09007795708908031,-0.04972547394592354,0.05024344763286025,0.28146690148140474,0.03428985807520978
0.3115093753237335,1.0,0.3538796229151559,0.6257122138195379,0.52356780275562,0.16823785351704132,0.19786594840982077,0.32756655961877135,0.14088884284678338,0.03045685279187817,-0.10960323215580647,0.04102351600538692,-0.016627385983665775,0.15860354294001863,0.04299181601574639,0.5083393763596809,0.07495273370206972,0.23495286439448873,0.14669014814047446,0.008287578990987256,0.05542318450222728,0.1668911219310059,0.1506267481611934,0.09525782811202915,0.08541607316842635,-0.019475810628820055,0.11084636900445456,0.00031078421216202215,0.04340619496529576,0.06200305614469761,0.09473984100973426,0.22531855381746607,0.30234907160952373,0.17274869861534378,0.2000414378949549,0.0758313477675334,0.00859836320314928,0.10727512888527047,0.06298560033150316,0.1829483062260437,-0.0035222210711695844,0.014088884284678338,0.03242515280223764,-0.07893918988915363,0.05676991608826271,-0.0008287578990987258,0.08484408992023205,0.0892986636278877,0.0920957215373459,-0.07956075831347767,0.4708380814254635,0.5667668082461411,0.4381652898312423,0.5147622500776959,0.29451983839220963,0.11965192168237851,0.31026623847508544,0.14482544286750232,-0.09085258468869781,0.03149280016575158,-0.02890293173106806,-0.02413757381125039,0.00031078421216202215,0.012120584274318863,0.008391173728374599,0.011343917540257957,0.07402035691793891,0.0062156842432404425,0.022480058013052934,0.15280223764632755,-0.014348242733568285,0.11032839531751787,0.07163761624738245,0.054387237128353874,-0.038072052018673974,0.09085258468869781,-0.010566663213508753,0.0969646741945509,0.021340515901792187,0.1633689008598363,0.03563658966124521,-0.026209468558997202,0.08204703201077385,0.07800683725266755,0.07924997410131565,0.022169273800890912,-0.0008805780739013027,0.003625815808556925,0.06288200559411582,-0.03221796332746296,0.14845125867605924,0.005076142131979695,0.04609965813736662,0.05998135294727027,-0.024241168548637726,0.010722333017504098,-0.003315031596394903,0.009841500051797368,0.08670879519320418,-0.08940225836527503
0.43820573914845123,0.3538796229151559,1.0,0.3432093649642598,0.38174660727235055,0.6367968507199834,0.4378949549362892,0.577126281984875,0.5058531026623847,-0.039262405469802135,-0.08360095307158395,0.048378742359888115,0.010100748494750237,0.22998031699989638,0.205531958976484,0.35553713871335335,0.1173240786697912,0.2632342277012327,0.19196104837874234,0.2269760696156635,0.19351496943955246,0.01885424220449601,0.24665906971925822,0.10178446560094469,0.05381885992843844,0.06909768983735626,0.15280223764632755,-0.0770744846161815,0.29027245415932873,-0.08282613765695195,0.08324052733878785,0.10193722158914326,0.12219315743136314,0.14581336929600983,0.04392416865223246,0.3440381228633585,-0.0980006215684243,-0.04470228692804848,-0.1911322904796436,-0.13270485859318346,-0.19651921682378534,-0.09271728996166995,-0.13280845333057079,-0.019786594840982077,0.039469594944576816,-0.0865016057184295,-0.06070651610898165,0.11530094271211022,0.262094685589972,-0.06101730032114368,0.5127939500673365,0.5045063710763493,0.37289891494208693,0.4334403812286336,0.6843468351807728,0.5998135294727027,0.6804102351600538,0.510825650056977,-0.056977105563037395,0.04029835284367554,-0.0004143789495493629,-0.08163265306122448,0.12286335854138608,0.16927380089091473,0.17113850616388684,0.21035456224195234,0.0009841754943602796,0.10846369004454573,0.12659276908733036,0.19019993784315756,0.21242651065113188,0.1137470216513001,0.18538758391133897,-0.05345488449186781,0.06842609621315418,0.09344245312338133,0.2698642908940226,0.04920750025898684,0.0407127317932249,0.22148554853413446,0.1399564902102973,-0.11126074795400392,0.013570910597741634,0.04330260022790842,0.2254221485548534,-0.07469180565627266,-0.026054751245432665,-0.07976794778825234,0.2598156013674505,-0.177561379881902,0.04413135812700714,-0.0669222003522221,-0.12224179011706204,-0.026313063296384543,-0.14410027970579092,0.028851881597825035,-0.08836631099140163,0.13467315860354293,0.24696985393142024,-0.12410649539003417
0.2591940329431265,0.6257122138195379,0.3432093649642598,1.0,0.5860354294001864,0.19900549052108152,0.15197347974722883,0.4153113021858489,0.17642183777064124,-0.07779964777789287,-0.1693773956283021,-0.03201077385268828,-0.009271969131078422,0.2388894644152077,0.10483787423598881,0.4516730550088055,0.08893838546403157,0.3676577229876722,0.19444732207603851,0.013570910597741634,0.13757381125038848,0.22355744328188126,0.19216823785351703,-0.02066768538156587,-0.0012949677557372097,-0.08442971097068269,0.12358852170309748,-0.05117580026934632,0.06630063192789805,0.04014400042785351,0.08406930670245966,0.09199212679995855,0.20735023704864203,0.2596669343804253,0.2252149590800787,0.08567284781933077,-0.04806795814772609,-0.061381471621943746,-0.05355847922925515,0.039469594944576816,-0.12172381643012532,-0.09333885838599398,0.006630063192789806,-0.05563037397700196,0.07324147933284988,-0.039469594944576816,0.06402154770537656,0.05790945819952346,0.024241168548637726,-0.14202838495804412,0.360302496633171,0.5490521081529058,0.37424568140805364,0.645809592872682,0.33751165440795605,0.12099865326841396,0.38682274940433026,0.22531855381746607,-0.12845747436030247,-0.02413757381125039,-0.022169273800890912,0.03625815808556925,0.10193722158914326,0.08411892675852066,0.07603853724230808,0.08769521641852385,-0.09577581521432403,0.10411271107427743,0.13280845333057079,0.3263234227701232,0.0611742767810258,0.22272868538278254,0.09826215330533948,-0.16927380089091473,-0.11048664891949875,-0.0006215684243240443,0.06764736351393348,0.0519009634310577,0.006940847404951828,0.06733657930177146,0.01750751061846058,-0.10628820055941159,0.09292447943644462,0.08391173728374597,0.11188231637832796,-0.0013467315860354293,-0.04822459922365369,-0.05863462136123484,0.10110846369004453,-0.23163783279809383,0.028592147518906038,-0.12079146379363927,-0.13343002175489485,-0.05345488449186781,-0.09147415311302184,5.1798710229488395e-05,-0.05645913187610069,0.038330052833316065,0.031907179115300936,-0.17155288511343622
0.26706723298456436,0.52356780275562,0.38174660727235055,0.5860354294001864,1.0,0.33160675437687764,0.16502641665803378,0.3844400704444214,0.31378845954625506,-0.05252253185538174,-0.12441727960219622,0.08235781622293588,0.046877832757687,0.2989744120998653,0.18564176939811455,0.3022894436962602,0.04604905339401519,0.34735315445975345,0.19900549052108152,0.10867087951932042,0.2353672433440381,0.13819537967471252,0.18388065886252977,-0.020460490540647913,-0.0033669161649167454,-0.12048067958147725,0.06826893193825753,-0.1794260851548741,0.17424634828550709,-0.028644686756907085,0.1410478879548969,0.08784833730446492,0.19305379302530323,0.23583952767486066,0.12162022169273799,0.19755516419765876,-0.02714182119548327,-0.01735256792687861,-0.030767637004040192,0.004040194758106288,-0.042163058116647674,-0.06681860561483477,-0.024655547498187092,-0.07448461618149799,0.06267481611934114,-0.10929244794364446,0.014088884284678338,0.044856521288718525,0.1338444007044442,-0.0541800476535792,0.3750129493421734,0.5243965606547187,0.2803864184722207,0.6878690562519423,0.4893815394177976,0.25567181187195687,0.33751165440795605,0.35128975448047234,-0.06712938982699679,0.0463068476121413,0.04827514762250078,0.04102351600538692,0.14896923236299597,0.18377706412514241,0.16803066404226663,0.17388827024039252,-0.0789930330999698,0.13726302703822646,0.154148969232363,0.2956593805034704,0.18631996069546974,0.1071169584585103,0.06562896586076179,-0.15104112711074277,-0.05475123671256923,0.04330260022790842,0.1780793535688387,-0.011499015849994819,0.065368279291412,0.13715943230083913,0.019372215891432714,0.03211436859007562,0.08463690044545737,0.046824821299078,0.07189474774681445,-0.07220553195897647,0.003056123903539815,-0.1506267481611934,0.19724437998549674,-0.163886874546773,0.1350875375530923,-0.0969646741945509,-0.10110846369004453,0.028799336993680716,-0.08152905832383714,-0.0038849032672116294,-0.1144721848130115,0.02734901067025795,0.13529472702786696,-0.06733657930177146
0.3124417279602196,0.16823785351704132,0.6367968507199834,0.19900549052108152,0.33160675437687764,1.0,0.4213197969543147,0.583756345177665,0.7615249145343416,-0.05397285817880451,-0.01709313166891122,0.11364342691391276,0.11349097411280906,0.327773749093546,0.32798093856832067,0.20718947477468141,0.15275439646676128,0.3030146068579716,0.2354708380814254,0.3322283228012017,0.3501502123692116,-0.031907179115300936,0.24748782761835697,0.07256999303151325,-0.005853254255932188,0.05376566870402983,0.14990158499948203,-0.15891432715218065,0.43862011809800056,-0.136075211772866,0.07661029242941333,0.04309541075313374,0.02191085442707359,0.1714019321493771,-0.024241168548637726,0.4878276183569874,-0.10877447425670775,-0.07743907179308514,-0.2294623433129597,-0.23774992230394693,-0.2128871853309852,-0.17621464829586655,-0.20138816948099036,-0.02579508960944784,0.04029835284367554,-0.13332642701750752,-0.11105355847922925,0.10597741634724954,0.35781622293587484,-0.027659794882419972,0.30394695949445766,0.3147208121827411,0.21128693902608317,0.35823060188542416,0.7355226354501191,0.7589350460996581,0.5658344556096551,0.7072412721433751,0.0018647052729721327,0.1200663006319279,0.102765979488242,-0.0016575157981974515,0.2252149590800787,0.27079664353050864,0.2790842225214959,0.314573567223683,-0.06324622519020534,0.16875582720397803,0.1620221692738009,0.21547705376566867,0.37082696653290736,0.029628094892779448,0.15182201968263048,-0.11768362167201905,0.10758592114664739,0.07873200041437894,0.4153113021858489,-0.005076142131979695,0.04091992126799958,0.12265616906661142,0.09582513208329016,-0.1127110742774267,-0.013985289547290995,-0.023826789599088363,0.20221692738008906,-0.1714492903760489,-0.01455543757448624,-0.15269864290894022,0.33751165440795605,-0.21257640111882317,-0.06878690562519424,-0.1160261058738216,-0.19765875893504609,-0.09841500051797368,-0.16046824821299077,0.006474838778686049,-0.13933492178597326,0.14088884284678338,0.31430643323319174,-0.10690976898373562
0.23495286439448873,0.19786594840982077,0.4378949549362892,0.15197347974722883,0.16502641665803378,0.4213197969543147,1.0,0.41158189163990466,0.37449497565523665,0.1266963638247177,-0.005283331606754376,0.23132704858593178,0.19077464977520575,0.21009012742152697,0.24075416968817984,0.4518802444835802,0.26940509190356915,0.20418522739044856,0.18864601678234746,0.3154459753444525,0.24137573811250387,-0.1093960426810318,0.12731793224904173,0.4002486339432568,0.0010877729148192562,0.144721848130115,-0.02558790013467316,-0.15228426395939085,0.3822645809592872,-0.18528398649088,0.013415865949437495,0.16015746400082873,0.04677423533722802,0.07837144857721594,-0.18481301149901586,0.2880969646741945,-0.0669222003522221,0.06614695296305667,-0.09147415311302184,-0.009427121102248005,-0.10245519527607998,-0.1231741427535481,-0.15104112711074277,-0.15487413239407435,-0.07552056355537139,-0.20625712213819536,-0.18108360095307158,-0.03346110017611105,0.2401326012638558,0.04112711074277426,0.3737698124935253,0.36361752822956594,0.4543264874228427,0.22065679063503574,0.33979073863047754,0.3835077178079353,0.45105148658448146,0.3284989122552574,0.0870195794053662,0.13311923754273283,0.10753133740805966,0.1214130322179633,0.19910908525846885,0.12224179011706204,0.18129079042784627,0.21284090033296782,0.22641216241309378,0.15694602714182118,0.12990780068372526,0.17445353776028177,0.2890886017907747,0.06816533720087019,0.12291833937457596,0.02258365275044028,0.2696122867444871,0.07831762146482958,0.3264270175075106,-0.06909768983735626,0.03656894229773127,0.2424116854863773,0.1610898166373148,-0.0770744846161815,-0.08484408992023205,-0.09634310577022687,0.0636071687558272,-0.1411996270589454,-0.008235994926488655,-0.20801823267378014,0.2591940329431265,-0.005594115818916398,-0.03501502123692116,0.018439863254946648,-0.03397907386304775,0.013881694809903656,-0.02330881591215166,-0.07578151306574152,-0.1467937428778618,0.005179736869367036,0.25857246451880245,0.0290065264684554
0.29959598052418934,0.32756655961877135,0.577126281984875,0.4153113021858489,0.3844400704444214,0.583756345177665,0.41158189163990466,1.0,0.6082047032010773,-0.1892675852066715,-0.10494146897337614,0.0117062053247695,-0.0012949677557372097,0.37667046514037084,0.33461100176111047,0.3615456334818191,0.1772033876950798,0.5593079871542525,0.3309851859525536,0.33057080700300423,0.4062985600331503,0.07458821091888532,0.3243551227597638,0.09328947712330861,0.0015021625966551635,0.035532994923857864,0.14803687972650986,-0.18129079042784627,0.4176939811457578,-0.12778741813614786,-0.0015021625966551635,-0.01305293691080493,0.09567221779386506,0.33653622036098607,0.052004558168445035,0.39024137573811246,-0.12348492696571012,-0.16083499526256145,-0.24914534341655445,-0.2416865223246659,-0.25453226976069615,-0.12814669014814045,-0.17776856935667668,-0.09292447943644462,0.00859836320314928,-0.19527607997513724,-0.11664767429814564,0.06951206878690562,0.1794260851548741,-0.11612970061120896,0.34890707552056355,0.4098207811043199,0.2953044470183133,0.4324044338547602,0.5807520977934321,0.4868952657205013,0.6833108878068993,0.6297524085776443,-0.16761628509271728,0.021236921164404846,0.05034704237024759,0.004972547394592354,0.21444110639179528,0.31762146482958664,0.35201491764218373,0.31913185372387803,-0.1500608635348279,0.25453226976069615,0.2869574225629338,0.45581684450429916,0.3879205409086386,0.2187920853620636,0.1803113103088491,-0.24033979073863046,0.052990080564766624,0.03812286335854138,0.39583549155702885,-0.006940847404951828,-0.03801926862115404,0.06505749507924997,0.15943230083911736,-0.1083600953071584,0.04091992126799958,0.03708691598466797,0.21278359059359783,-0.15280223764632755,-0.027919504813694245,-0.18792085362063604,0.3263234227701232,-0.2915155910079768,-0.10131565316481922,-0.1875064746710867,-0.29710970682689314,-0.07645291619185746,-0.182430332539107,-0.02066768538156587,-0.19175385890396765,0.11312545322697606,0.1852273904485652,-0.17445353776028177
0.24158292758727853,0.14088884284678338,0.5058531026623847,0.17642183777064124,0.31378845954625506,0.7615249145343416,0.37449497565523665,0.6082047032010773,1.0,-0.11820159535895577,0.03056044752926551,0.11571532166165957,0.06718292716764644,0.3609240650574951,0.4048482337097275,0.16658033771884387,0.1289269897611966,0.378845954625505,0.2547394592354708,0.39624987050657823,0.4413135812700715,-0.0491039055215995,0.25971200663006316,0.07857864341813389,0.005853254255932188,0.054387237128353874,0.1378845954625505,-0.18564176939811455,0.5432508028592147,-0.13483204272735827,0.06065628967873091,-0.012431368486480885,0.011136722699340004,0.2283805134018143,-0.042681031803584374,0.5477053765668705,-0.0602921371594323,-0.12032840386310154,-0.24541593287061014,-0.2926551331192375,-0.1832590904382057,-0.1144721848130115,-0.21009012742152697,-0.02165130011395421,0.060395731896819634,-0.15736040609137056,-0.12265616906661142,0.09292447943644462,0.3491142649953382,-0.002797057909458199,0.23619600124313683,0.2589868434683518,0.15120043515987663,0.3140992437584171,0.6339997928105252,0.6799958562105045,0.4999482026313063,0.7803791567388376,-0.06464311612970061,0.15901792188956798,0.15559929555578575,0.027763389619807313,0.25960841189267586,0.34849269657101417,0.3708691598466798,0.39848747779545424,-0.12913418460211457,0.25038848026520255,0.2411685486377292,0.2861286646638351,0.46893372370755837,0.07230912669636382,0.15379037067135104,-0.19102869574225628,0.15513713713731775,0.10110846369004453,0.5170413343002176,-0.014606857971615041,0.022480058013052934,0.05324769501709313,0.14368590075624157,-0.054905210815290574,0.058945405573396864,0.01885424220449601,0.20822542214855486,-0.17973686936703615,0.037450467495920105,-0.16823785351704132,0.3944887599709935,-0.20055941158189164,-0.10815290583238371,-0.196415622086398,-0.28302082254221483,-0.033771884388273075,-0.12814669014814045,0.026987128029563455,-0.1631617113850616,0.13923132704858593,0.2935874857557236,-0.08743395835491556
-0.004558168445042992,0.03045685279187817,-0.039262405469802135,-0.07779964777789287,-0.05252253185538174,-0.05397285817880451,0.1266963638247177,-0.1892675852066715,-0.11820159535895577,1.0,0.18823163783279806,0.41572568113539826,0.11545932510152963,-0.09758624261887495,-0.13115093753237334,0.08225422148554852,-0.08862759320265463,-0.26551331192375427,-0.1478296902517352,-0.08940225836527503,-0.18274111675126903,-0.10193722158914326,-0.21392313270485858,0.2638108311987844,0.09069954161183418,-0.057495079249974095,-0.2091577747850409,-0.04537449497565523,-0.135916295452191,-0.10250964754415753,0.08955996998678543,0.2175489485134155,0.028644686756907085,-0.17875734900196447,-0.07873200041437894,-0.036361752822956596,0.036672537035118614,0.44427753763832195,0.25432508028592143,0.3979073863047757,0.16150419558686419,-0.09085258468869781,0.026727442245933906,-0.15383818502020097,-0.045270900238267894,-0.05065782658240961,-0.04226665285403501,-0.11302185848958872,0.1539417797575883,0.13270485859318346,0.025069926447736455,0.029213715943230082,0.16943358116065654,-0.031078421216202214,-0.07230912669636382,-0.0735522635450119,-0.102765979488242,-0.15818916399046928,0.6337926033357505,0.35087537553092296,0.22272868538278254,0.04661763182430332,-0.01740391588107324,-0.1750751061846058,-0.19268621154045373,-0.13514283498873522,0.32555489379233454,-0.1490728271003833,-0.14586139024137573,-0.16492282192064642,-0.13099893817037614,-0.13902413757381124,-0.09049234677091622,0.4195586864187299,0.2517935304255431,0.1653372008701958,-0.11219310059049,-0.05625194240132601,0.08960944784004972,0.1350875375530923,0.0071480368797265095,0.10131565316481922,-0.1144721848130115,-0.1238993059152595,-0.22252149590800785,0.03242515280223764,0.012690684006224655,-0.035222210711695845,-0.006008494768465761,0.3002175489485134,0.08764114782969024,0.4067129389826996,0.4164508442971097,0.035429400186470526,0.16357609033461099,-0.13358887368185057,-0.020615352740080802,-0.19579405366207395,0.1524914534341655,0.16948099036568942
-0.06422873718015124,-0.10960323215580647,-0.08360095307158395,-0.1693773956283021,-0.12441727960219622,-0.01709313166891122,-0.005283331606754376,-0.10494146897337614,0.03056044752926551,0.18823163783279806,1.0,0.3139956490210297,-0.07277718787243119,-0.059877758209882934,0.019268621154045373,-0.19475810628820053,0.0069928258809809326,-0.12835387962291514,-0.05666632135087537,0.016264373769812494,0.004765357919817672,-0.19123588521703094,-0.09396042681031802,0.20735023704864203,0.2722022222559615,0.276079975137263,-0.07469180565627266,-0.04558168445042991,0.0692012845747436,-0.13503923756827624,0.08147937119098525,-0.09572153734590282,-0.18217606387711066,5.1798710229488395e-05,-0.15891432715218065,0.05604475292655133,0.1783901377810007,-0.00419569552858856,-0.1266963638247177,-0.048378742359888115,0.03056044752926551,0.051693773956283016,-0.0401947581062882,0.04423495286439449,0.027866984357194653,-0.05252253185538174,-0.11457577955039884,-0.02496633171034911,0.09530715839635345,0.11343623743913808,-0.11478296902517351,-0.12120584274318864,-0.12084639096539643,-0.13881694809903655,-0.03273593701439967,0.035429400186470526,-0.1071169584585103,0.007355226354501191,0.05449083186574122,0.35046099658137364,0.19496529576297522,-0.01802548430539728,-0.08163265306122448,-0.02258365275044028,0.01719672640629856,0.05091813215558709,-0.027297920290940383,0.01875064746710867,0.03024966331710349,-0.07417383196933594,0.08406930670245966,-0.06112089505853102,-0.06044909483781296,0.01284574743603025,0.34513480625908116,0.30684761214130324,0.1175800269346317,-0.05873821609862218,0.035740184398632545,-0.093649642598156,0.16378327980938567,0.16823785351704132,0.03781207914637936,-0.015332021133326428,-0.04164508442971097,-0.1109499637418419,0.20652145768497024,-0.0031078421216202213,0.07997513726302703,0.18025484305397282,-0.12472806381435823,-0.04537449497565523,-0.10566663213508752,0.07562415829275872,0.18305190096343105,0.10074849139635493,-0.04920750025898684,-0.04993266342069822,0.06609344245312337,0.11561172692427224
-0.011395421112607478,0.04102351600538692,0.048378742359888115,-0.03201077385268828,0.08235781622293588,0.11364342691391276,0.23132704858593178,0.0117062053247695,0.11571532166165957,0.41572568113539826,0.3139956490210297,1.0,0.1459169667164688,0.18812804309541073,0.10338754791256603,0.06982285299906764,0.2321100205383375,-0.007562415829275872,0.15280223764632755,0.014606857971615041,0.12887185330985185,-0.14213197969543145,-0.0852584688697814,0.408432830159516,0.0896635674072444,0.1981767326219828,-0.19610483787423597,-0.2239718222314306,0.14151041127110742,-0.1650824895013795,0.0772318769521672,0.04703201077385268,-0.050400145053292204,0.06448939423571305,-0.22583652750440275,0.12607479540039365,0.08598363203149278,0.15109683773941765,-0.01895783694188335,0.057495079249974095,0.013156531648192272,-0.029938879104941467,-0.007044442142339169,-0.14865844815083393,-0.054387237128353874,-0.2470734486688076,-0.23101626437376976,-0.1511447218481301,0.1829483062260437,0.12172381643012532,0.050554231845022266,0.06982285299906764,0.15513713713731775,0.07790324251528022,0.08992023205221174,0.054905210815290574,-0.0037294105459442653,0.06764736351393348,0.2819848751683415,0.31213094374805755,0.3758417072412721,0.1885424220449601,0.1238993059152595,0.08681238993059152,0.10255879001346731,0.08862759320265463,0.05982751031505909,0.17434994302289442,0.10297316896301667,0.019268621154045373,0.11981041676080664,0.004765357919817672,-0.1480925125461073,0.08080389516212576,0.40636088175033647,0.23578162229358746,0.13954211126074795,-0.16067543768776546,0.08007873200041436,0.04496011602610587,0.14161400600849477,0.058427431886460164,-0.09396042681031802,-0.1160261058738216,-0.1783901377810007,-0.2566041645084429,0.14135868021627382,-0.24655547498187091,0.08101108463690045,0.07293069512068787,-0.04641044234952864,0.12534963223868228,0.04102351600538692,0.10753133740805966,0.15508132186884904,-0.11017585665812181,-0.25308194343727336,-0.23329534859629128,0.14337511654407956,0.13467315860354293
-0.08261894281603398,-0.016627385983665775,0.010100748494750237,-0.009271969131078422,0.046877832757687,0.11349097411280906,0.19077464977520575,-0.0012949677557372097,0.06718292716764644,0.11545932510152963,-0.07277718787243119,0.1459169667164688,1.0,0.0981585558848805,-0.025018777040842894,0.07816425373629798,0.309039109039109,-0.011240320119798981,0.041905156575656105,0.1847659993885851,0.04252674109840997,0.06231384840607453,-0.03206340163205332,0.032323232323232316,-0.12867132867132866,0.10396001143058321,-0.05008935279191528,0.019424516336058146,0.12540467746559142,0.10018130018130017,0.006216006216006215,0.11784206577208609,-0.04858844858844858,-0.0038332038332038326,-0.09929812750992925,0.07215560334967734,-0.006267643937768096,0.12918932918932918,0.08914558030494953,0.07194840850875937,0.06842609621315417,-0.038900831382345784,0.02066768538156587,-0.061277874201484776,-0.036621688132248295,-0.027505115131858337,0.02667633576818652,-0.05008935279191528,0.10509958305563195,0.13970112148893019,-0.030198648063791734,0.03713967523454318,0.05086765086765086,0.04781020954181779,0.05381885992843844,0.04086918237106634,-0.02439719251808903,0.002641734221703908,0.1282018078179838,0.08065059182731342,0.07526352596344663,0.5569915310976887,0.37631762981723316,-0.052161301201094815,-0.0718448110883004,-0.05801605801605801,0.17601657601657597,0.05029654763283323,-0.0892491777254085,-0.07163761624738245,0.0033152033152033145,0.06189945872423863,-0.008391608391608392,0.026261946086350615,-0.01471121471121471,0.0080288000855707,0.04221594883703304,0.007718007824193771,0.023050426052122333,0.016627385983665772,-0.08313692991832887,-0.057030379962666716,-0.11328377927189112,-0.1191888322380528,-0.05247209346247174,-0.0042992929490475364,-0.033462833462833456,-0.05185050893971788,0.05122892441696402,0.05008935279191528,-0.06904768073590803,0.0625210432469925,0.16301054109219998,0.0013985651761961866,0.15337598098951516,-0.07334887334887334,-0.02957706354103787,-0.047292222439522906,0.12333272905641186,0.11307658443097317
0.049829068683310884,0.15860354294001863,0.22998031699989638,0.2388894644152077,0.2989744120998653,0.327773749093546,0.21009012742152697,0.37667046514037084,0.3609240650574951,-0.09758624261887495,-0.059877758209882934,0.18812804309541073,0.0981585558848805,1.0,0.5145550606029213,0.1198591111571532,0.28857061468847983,0.37335543354397593,0.6110017611105356,0.026520252771159224,0.5350668186056148,0.029938879104941467,0.3803998756863151,0.09246069775963678,-0.03869363654142783,0.03501502123692116,0.15932870610173003,-0.17580026934631718,0.2698642908940226,-0.02315402347258131,-0.005956851676391165,-0.11592251113643426,-0.06055269225827193,0.2703374686876999,-0.032632342277012324,0.12203460064228736,-0.17890811146793742,-0.17958612836563626,-0.2687247487827618,-0.2463482855070962,-0.3132704858593183,-0.22977312752512172,-0.17207085880037293,-0.10587382160986221,0.03439345281259712,-0.1160261058738216,-0.08815912151662694,0.07935356883870298,-0.02413757381125039,-0.23329534859629128,0.1231741427535481,0.1979695431472081,0.12260754711319903,0.3436237439138091,0.3608204703201077,0.21558064850305603,0.21848130114990155,0.3915881073241479,-0.06143167927069304,0.05117580026934632,0.23132704858593178,0.1666839324562312,0.33740805967056875,0.5079249974101315,0.48637729203356467,0.4561912409911043,-0.3016238896663109,0.42556718118719566,0.2996995752615767,0.2976276805138299,0.31136204718945476,0.16606236403190716,0.17917173868380035,-0.2425152802237646,0.04646344307585109,0.019165026416658033,0.30146068579716145,0.04827514762250078,-0.03874443178286543,-0.06661141614006008,0.0068372526675644875,-0.172692427224697,0.0012431368486480886,0.022894436962602297,0.20439241686522325,-0.15207707448461616,-0.06946207041774394,-0.14969439552470734,0.019579405366207395,-0.3543975966020926,-0.10121205842743188,-0.19403294312648917,-0.2793950067336579,-0.09748264788148761,-0.14876204288822129,-0.054336847030733326,-0.13467315860354293,0.1266963638247177,-0.09996892157878379,-0.25080285921475187
0.03719051072205532,0.04299181601574639,0.205531958976484,0.10483787423598881,0.18564176939811455,0.32798093856832067,0.24075416968817984,0.33461100176111047,0.4048482337097275,-0.13115093753237334,0.019268621154045373,0.10338754791256603,-0.025018777040842894,0.5145550606029213,1.0,0.07987154252563969,0.1659112688650513,0.25650056977105556,0.41127110742774264,0.12638557961255567,0.6550295245001553,-0.09064539521392313,0.35056459131876094,0.12747662587477093,-0.07484913628161073,-0.05635553713871335,0.17279602196208432,-0.14492903760488968,0.4403812286335854,-0.03983320816647658,-0.13773277050020963,-0.18615974308505126,-0.16715443791055903,0.10717153146481148,-0.11571532166165957,0.12265616906661142,-0.1847094167616285,-0.26122089568730994,-0.3920024862736972,-0.3124417279602196,-0.3936600020718947,-0.25235678027556196,-0.2827100383300528,-0.19123588521703094,-0.05822024241168549,-0.08784833730446492,-0.11364342691391276,0.11519734797472286,-0.04713560551124003,-0.27431886460167826,0.07862840567699161,0.16813425877965396,0.0937038668051445,0.23671397493007357,0.3127525121723816,0.25764011188231634,0.21433751165440793,0.4243240443385476,-0.07717807935356884,-0.004558168445042992,0.10514865844815083,-0.0013467315860354293,0.2609551434787113,0.5317517870092199,0.5491557028902931,0.8112196009040178,-0.33684701262236305,0.3097482647881487,0.21060810110846367,0.20169895369315238,0.5015669111521361,0.032632342277012324,0.21501644616260632,-0.2648917434994302,0.061381471621943746,-0.08505127939500673,0.43965606547187397,0.04185227390448565,-0.1674090956179426,-0.0618460582202424,-0.03439345281259712,-0.2694499119444732,-0.12534963223868228,-0.09271728996166995,0.15259504817155287,-0.20511758002693462,-0.10199166044186264,-0.18823163783279806,0.01584999482026313,-0.3796747125246037,-0.21889568009945093,-0.22863358541386097,-0.35274008080389513,-0.1501087744742567,-0.20470320107738527,-0.1566910984442024,-0.1330156428053455,0.13311923754273283,-0.12213819537967471,-0.31420283849580444
0.27317932249041743,0.5083393763596809,0.35553713871335335,0.4516730550088055,0.3022894436962602,0.20718947477468141,0.4518802444835802,0.3615456334818191,0.16658033771884387,0.08225422148554852,-0.19475810628820053,0.06982285299906764,0.07816425373629798,0.1198591111571532,0.07987154252563969,1.0,0.21066535450332932,0.3041541489692323,0.14461825339272763,0.12990780068372526,0.0943748057598674,0.16274733243551226,0.08163265306122448,0.24609567230029938,0.011033125278881029,0.0026934631720708585,-0.03750129493421734,-0.13581270071480367,0.1712421009012742,-0.051436119257881975,0.005853254255932188,0.23671397493007357,0.38232628020385384,0.20693584736680615,0.10970682689319382,0.15725681135398323,0.004040194758106288,0.1383543550229635,0.12327773749093546,0.20346006422873716,0.014917642183777061,-0.0290065264684554,0.003833005283331607,-0.15332021133326426,-0.03812286335854138,-0.15228426395939085,-0.041748679167098304,-0.0435097897026831,0.16399046928416033,-0.012224179011706204,0.4911426499533823,0.4967367657722987,0.6420450132945086,0.35791981767326214,0.20169895369315238,0.15860354294001863,0.3827825546462239,0.14006008494768463,0.02020097379053144,0.011395421112607478,0.03201077385268828,0.065368279291412,0.1053558479229255,-0.005076142131979695,0.029524500155392104,0.0397296107460176,0.19046385751382883,0.08909147415311301,0.08028592147518905,0.25308194343727336,0.06625055038351566,0.16834144825442865,0.051954106360176854,0.0541800476535792,0.03206340163205331,0.01647156324458717,0.10463068476121412,-0.05283331606754376,-0.0035222210711695844,0.24769501709313163,0.1060810110846369,-0.06163886874546773,0.007666010566663214,0.021236921164404846,-0.02496633171034911,-0.02486273697296177,0.006578436199145026,-0.1702061535274008,0.13477675334093028,-0.08028592147518905,0.12027349010670259,0.08380814254635864,0.06163886874546773,0.052936910804931105,-0.042888221278359055,-0.08500168348659046,-0.12845747436030247,-0.08318657412203459,0.1610898166373148,-0.017714700093235263
0.028541089336448104,0.07495273370206972,0.1173240786697912,0.08893838546403157,0.04604905339401519,0.15275439646676128,0.26940509190356915,0.1772033876950798,0.1289269897611966,-0.08862759320265463,0.0069928258809809326,0.2321100205383375,0.309039109039109,0.28857061468847983,0.1659112688650513,0.21066535450332932,1.0,0.27126984547183075,0.4428271737518963,0.08583046285026227,0.283390743665531,0.07091243430416962,0.13990831632984815,0.2743330743330743,-0.06008806008806007,0.25407267367564057,-0.06169226388332068,-0.0942218539074394,0.24278055484561212,-0.016368816368816368,0.048381248381248375,0.008546787187865584,0.005283605283605283,0.3273763273763273,-0.12053559870401949,0.07878583825905185,0.09846934814625743,-0.04941724941724941,-0.1276838207156889,-0.12540467746559142,-0.10095568623727287,-0.010825930437963073,-0.028126699654612196,-0.05081453473512811,-0.06200305614469761,-0.16964077600157448,-0.1918106239797955,-0.07225920077013631,-0.07277718787243119,-0.0267799331886455,0.11846365029483996,0.12592266456788628,0.20471380471380468,0.12550827488605037,0.1364896014547019,0.09235710033917781,0.10872549277169614,0.11815285803346304,-0.10613555726022172,-0.0633498226106643,0.0843800989638366,0.32068581503076266,0.23635751477715555,0.10437440111241912,0.15037165579620482,0.11800051800051799,-0.05273245273245272,0.3350858564745604,0.24796042586856096,0.18953148072969803,0.1499093499093499,0.25459066077793546,-0.012846412846412844,-0.13503923756827624,0.09365449365449365,0.0151770220972401,0.19253580592300837,-0.06480018649708999,0.049571365689620395,0.05609800317853593,0.15824505975108705,-0.08386211186154172,-0.03610370102995341,0.028851881597825035,-0.03941881848464067,-0.18932428588878006,0.1389277389277389,-0.16580767144459235,0.03164901195021741,-0.1723343089335079,-0.05319727540568458,-0.09111393129367008,-0.12322913163595288,0.05951671805368217,0.07743907179308515,-0.03771043771043771,-0.15803786491016908,-0.08707363189576998,-0.05599440575807695,-0.025640361563596756
0.19372215891432715,0.23495286439448873,0.2632342277012327,0.3676577229876722,0.34735315445975345,0.3030146068579716,0.20418522739044856,0.5593079871542525,0.378845954625505,-0.26551331192375427,-0.12835387962291514,-0.007562415829275872,-0.011240320119798981,0.37335543354397593,0.25650056977105556,0.3041541489692323,0.27126984547183075,1.0,0.4300217548948513,0.31461721744535376,0.4500155392106081,0.22625090645395213,0.26551331192375427,0.10074849139635493,0.0069928258809809326,0.0013467315860354293,0.010670257950896093,-0.30726199109085256,0.38495804413135815,-0.12146797548815028,0.05962031547414114,-0.026727442245933906,0.23677190445899146,0.6504364043516858,0.13322283228012016,0.3452812597120066,0.07272350564591319,-0.1571054881260383,-0.11861597430850512,-0.20314928001657515,-0.06329638454366518,-0.021029731689630165,-0.08660520045581684,-0.07904278462654096,0.02890293173106806,-0.2868538278255464,-0.13343002175489485,-0.019372215891432714,0.08660520045581684,-0.02206567906350357,0.20346006422873716,0.23598881176836214,0.180725699990685,0.3213508753755309,0.31347767533409304,0.2419973065368279,0.36423909665389,0.40495182844711486,-0.19123588521703094,-0.022687247487827616,0.1093960426810318,0.09199212679995855,0.22355744328188126,0.30249663317103487,0.38661555992955554,0.22485820110620913,-0.19087824719566474,0.39107013363721116,0.4914534341655443,0.7112814669014814,0.3856413976585411,0.3513933492178597,0.08935277514586748,-0.3174142753548119,0.037346870075461135,0.026934631720708584,0.4184191443074692,-0.08898787941572568,0.02869574225629338,0.056977105563037395,0.26199109085258465,0.098207811043199,0.14451465865534027,0.13115093753237334,0.08163265306122448,-0.14057805863462133,0.12747662587477093,-0.2765979488241997,0.34787112814669013,-0.2865430436133844,0.01015228426395939,-0.16803066404226663,-0.2857142857142857,0.016367968507199834,-0.10680617424634828,-0.01227629432438875,-0.2854035015021237,0.022790842225214956,0.10566663213508752,-0.057184295037812076
0.1452398218170517,0.14669014814047446,0.19196104837874234,0.19444732207603851,0.19900549052108152,0.2354708380814254,0.18864601678234746,0.3309851859525536,0.2547394592354708,-0.1478296902517352,-0.05666632135087537,0.15280223764632755,0.041905156575656105,0.6110017611105356,0.41127110742774264,0.14461825339272763,0.4428271737518963,0.4300217548948513,1.0,0.034082668600435094,0.5359991712421008,0.04786076867295141,0.3224904174867917,0.18756312974097747,0.04926057342824346,0.08297938464725992,0.07365585828239925,-0.15725681135398323,0.28820055941158185,-0.03983320816647658,0.01569500919953498,-0.0491039055215995,0.05050374247375119,0.38232628020385384,-0.051797368693670354,0.07697088987879415,-0.05096861079457163,-0.153997565512269,-0.214959080078732,-0.24520874339583548,-0.20273490106702577,-0.13933492178597326,-0.13798819019993783,-0.1010048689526572,-0.01895783694188335,-0.16999896405262613,-0.1603646534756034,0.02558790013467316,-0.055733968714389306,-0.18160157464000828,0.15663524292965916,0.15269864290894022,0.14446660283004314,0.2722469698539314,0.25650056977105556,0.16450844297109704,0.17693981145757795,0.28561069097689834,-0.09509996892157878,-0.039262405469802135,0.14979799026209467,0.10214441106391794,0.21568424324044336,0.4129286232259401,0.457888739252046,0.3419232862248529,-0.27831447006304116,0.4890707552056356,0.40132601263855794,0.3344038122863358,0.314573567223683,0.21050450637107634,0.07526352596344664,-0.247798611830519,0.04635984565539211,0.016575157981974512,0.28043095410753127,0.01564280534548845,-0.007355226354501191,0.028384958044131357,0.11467937428778617,-0.10131565316481922,-0.005904900031078421,0.03853724230809075,0.07852481093960427,-0.19175385890396765,0.01745616534733759,-0.18937117994405883,-0.003315031596394903,-0.3393763596809282,-0.02258365275044028,-0.15207707448461616,-0.2544286750233088,-0.04537449497565523,-0.10349114264995338,-0.06262464066745146,-0.2079146379363928,0.01719672640629856,-0.11913394799544183,-0.19931627473324354
