0,1,2,3,4,5,6,7,8,9,10,11,12,13,14,15,16,17,18,19,20,21,22,23,24,25,26,27,28,29,30,31,32,33,34,35,36,37,38,39,40,41,42,43,44,45,46,47,48,49,50,51,52,53,54,55,56,57,58,59,60,61,62,63,64,65,66,67,68,69,70,71,72,73,74,75,76,77,78,79,80,81,82,83,84,85,86,87,88,89,90,91,92,93,94,95,96,97,98,99
1.0,0.11136434269139127,0.022480058013052934,0.1524914534341655,0.035740184398632545,0.015487814358617031,0.2643737698124935,0.12472806381435823,-0.03677613177250595,-0.20781104319900545,-0.08515928527353678,-0.1417176007458821,-0.10877447425670775,-0.08759615660104138,0.00859836320314928,0.09996892157878379,-0.10893268761261408,0.3284989122552574,0.04703201077385268,0.24489795918367346,0.15238785869677818,-0.12586760592561896,0.144721848130115,-0.18849550652510827,-0.11654407956075831,-0.14358230601885422,0.041955868641872986,0.058687938690010356,0.10634826108925959,-0.11789691805509105,-0.01895783694188335,0.058066354167256494,-0.08562326800934432,0.025277115922511133,-0.22009271976509617,0.10059049000310784,-0.011033125278881029,0.03605096861079456,-0.19533293627540074,-0.002071894747746814,-0.005697710556303739,-0.01129182637522014,-0.21993162747332434,0.15580648503056044,-0.011136722699340004,0.030664042266652855,-0.05568361349670002,0.14741531130218583,0.24261887496115195,0.0781104319900549,0.36879726509893296,0.10929244794364446,0.15487413239407435,0.15207707448461616,-0.0019683000103594738,0.08598363203149278,0.06837252667564488,-0.0031078421216202213,-0.18756312974097747,0.07298438271334914,-0.12938982699678855,-0.05822024241168549,-0.07407023723194861,-0.011395421112607478,0.07878583825905185,0.02475914223557443,0.3070548016160779,0.023101626437376982,-0.12048067958147725,0.23692116440484823,0.2609551434787113,-0.019993784315756758,0.08728082673668794,-0.09199212679995855,-0.12545322697606962,0.013156531648192272,0.11561172692427224,-0.09210049222405621,-0.0857268654298033,0.19165026416658032,-0.22790842225214958,-0.06490378391754896,-0.15818916399046928,-0.1839842535999171,-0.10442349528643945,-0.1031312320669114,0.0026934631720708585,-0.009427121102248005,0.08246141096032321,-0.08898787941572568,-0.04014400042785351,-0.012638557961255566,-0.22127835905935977,-0.09308228228239064,-0.16595876929451983,0.12193100590490002,-0.08204703201077385,0.12048067958147725,0.3366828965088573,0.15259504817155287
0.11136434269139127,1.0,0.5267792396146275,0.6136952242826065,0.5963949031389205,0.48177980384447155,0.07976794778825234,0.5391070133637211,0.5153838185020201,0.1071169584585103,0.01471121473095161,0.14461825339272763,-0.03853724230809075,-0.07153772458074403,-0.1043199005490521,-0.019165026416658033,-0.019217321495140195,-0.05542318450222728,-0.12970061120895057,-0.041437894954936286,-0.06889050036258158,-0.08815912151662694,-0.17911530094271208,0.057651964485420586,0.032839531751787006,0.17984046410442348,-0.0809074898995131,0.10789671340802431,-0.057654951092228894,0.04392644398537664,-0.027866984357194653,0.10064489397589595,0.1445702002505021,-0.06174246348285506,-0.10893268761261408,0.004247384232880969,0.04946776826916142,0.039780379156738835,-0.07453834402023381,0.0290065264684554,-0.2147518906039573,0.02496633171034911,0.02890293173106806,-0.07748886356573086,-0.04159436431427918,-0.04537449497565523,-0.0486389889054896,-0.19196104837874234,0.051797368693670354,-0.06091370558375634,0.26168030664042263,0.6407334507407023,0.20604993266342067,0.5372423080907489,0.6030249663317103,0.4744638972340205,0.4232880969646741,0.6153527400808039,0.18114008967252093,0.12871979492027866,0.18615974308505126,-0.0636071687558272,0.03532580544908319,-0.10649539003418626,0.26443241572153825,-0.09499637418419143,-0.08183984253599916,-0.21703097482647882,-0.20232052211747642,-0.030353258054490826,-0.0030042473842328806,-0.11778721640940638,-0.2703374686876999,0.06174246348285506,0.11965192168237851,0.23443489070755205,0.02320522117476432,-0.026521626557208532,-0.1544119551941049,0.17113850616388684,-0.0312856106909769,-0.1968868975822854,-0.13933492178597326,0.022998031699989638,-0.005594115818916398,-0.06044909483781296,-0.024033979073863045,0.11157153216616594,0.0803895162125764,-0.19714078524810938,-0.10955427213536796,0.13881694809903655,-0.15539210608101106,-0.07712827953170821,0.070237231948617,-0.048585931834662796,-0.10753133740805966,-0.21640940640215475,0.16264373769812493,-0.09499637418419143
0.022480058013052934,0.5267792396146275,1.0,0.4746710867087952,0.49362892365067845,0.5523296471770347,0.039573189681964153,0.5142442763907593,0.5110328395317517,0.1137470216513001,0.06785806794910777,0.10235160053869263,0.010981042163058116,0.00046621254252476185,-0.07800683725266755,0.020615352740080802,-0.07661029242941333,-0.08173624779861183,-0.1238993059152595,-0.16637314824406918,-0.06226043716979177,-0.11053558479229254,-0.19776235367243342,0.04501307918942542,0.1478296902517352,0.16699471666839322,-0.15591007976794777,0.01030794333566819,-0.10696987781262593,0.0870240871408405,0.003833005283331607,0.12954857428395047,0.0687368884745311,-0.10027970579094582,-0.07951102020226468,0.03428985807520978,-0.025951153824973688,0.019268621154045373,-0.0754707208043646,0.003315031596394903,-0.23257018543457994,0.05480161607790324,0.007769605304050554,-0.16637314824406918,-0.051746911519258906,-0.1305293691080493,-0.1124549999082193,-0.29099761732104007,0.05614834766393867,-0.09468558997202942,0.205531958976484,0.5489485134155185,0.21723816430125348,0.4413135812700715,0.5124831658551745,0.5366207396664249,0.5030560447529265,0.5314410027970579,0.2507575562209533,0.058066354167256494,0.13311923754273283,-0.0401947581062882,0.05832383714907282,-0.05034704237024759,0.27955763910854886,-0.07821402672744224,-0.018232673780171967,-0.18429503781207912,-0.07614213197969542,0.03801926862115404,0.027866984357194653,-0.04775717393556407,-0.1607313978421025,0.07686729514140682,0.17973686936703615,0.14700093235263648,-0.0031078421216202213,0.008806008817823147,-0.06283183550836942,0.12203460064228736,0.05034704237024759,-0.1409442905344379,-0.06267481611934114,0.14627576919092508,0.005386926344141717,-0.027919504813694245,-0.004558168445042992,0.09002382678959908,0.07624572671708275,-0.1397493007355226,-0.08199735829328013,0.2444835802341241,-0.029628094892779448,0.01258708658576568,0.08784833730446492,-0.05480161607790324,-0.12555682171345695,-0.1913394799544183,0.21050450637107634,-0.11695845851030766
0.1524914534341655,0.6136952242826065,0.4746710867087952,1.0,0.6209468558997202,0.4647898268891994,0.15881073241479332,0.5031596394903138,0.4048482337097275,0.045478089713042576,-0.023206423237557467,0.051693773956283016,-0.13187610069408473,-0.19026651874371672,-0.12825028488552778,0.03729410545944266,-0.13369247110230953,0.03563658966124521,-0.19879830104630683,0.0753133740805967,-0.04475292655133119,-0.17238164301253495,-0.10069408474049518,-0.011240320119798981,0.052418937117994405,0.08919506889050036,-0.07127317932249042,0.07298438271334914,0.012587738648168572,0.040300440354508284,-0.13280845333057079,0.0803397995659365,0.1303773536476223,-0.03366828965088573,-0.17160912699029507,0.13322283228012016,0.008339592346947632,-0.026831036983321246,-0.2105617570828703,0.041955868641872986,-0.30063192789806276,0.04060913705583756,-0.12120584274318864,-0.16150419558686419,-0.12084639096539643,-0.14161400600849477,-0.13566082209103011,-0.19434372733865118,0.08960944784004972,-0.15073034289858073,0.25722573293276696,0.6478814876204289,0.2780482751476225,0.7671190303532579,0.4688697814151041,0.4594426603128561,0.4134465969128768,0.5510204081632653,0.15182201968263048,0.03413535004123285,0.09282088469905728,-0.1478296902517352,-0.08743395835491556,-0.210400911633689,0.27427417066514104,-0.14917642183777063,0.05666632135087537,-0.2799129804205946,-0.1238993059152595,0.12597120066300632,0.15912151662695534,-0.07106598984771573,-0.1249902877837555,0.09561794260851547,0.08536206360716875,0.13633067440174038,0.04920750025898684,-0.026728826764686728,-0.18000051804747216,0.10390552159950273,-0.09582513208329016,-0.1530651887281382,-0.0969646741945509,0.041748679167098304,0.03346110017611105,-0.05475123671256923,-0.01875064746710867,0.09779343209364963,0.17103491142649951,-0.18792085362063604,-0.15068244805758174,0.08484408992023205,-0.20087019579405366,-0.20569267832129842,-0.011084636900445456,-0.09116336890085983,-0.19983424842018022,-0.11478296902517351,0.2787734383093339,-0.0725163161711385
0.035740184398632545,0.5963949031389205,0.49362892365067845,0.6209468558997202,1.0,0.452979720956876,-0.028177768569356675,0.3951103283953175,0.4733243551227597,0.11892675852066714,0.010670810685126871,0.177561379881902,-0.022169273800890912,-0.16281178012836964,-0.07821402672744224,-0.012327773749093546,-0.03247779131388922,-0.08132186884906246,-0.2256293380296281,-0.016367968507199834,-0.05542318450222728,-0.0954107531337408,-0.14099243758417074,0.1480925125461073,0.0719983424842018,0.22832280120169895,-0.028074173831969335,0.15638030618282545,-0.06563236570876371,0.15954415975820757,-0.19776235367243342,0.12063919612447846,0.15140763000079457,-0.01015228426395939,-0.12509388520421447,0.09230291101212058,0.028851881597825035,0.008909147415311302,-0.13648960145470193,0.019683000103594736,-0.27193618564176936,-0.04361338444007044,-0.030353258054490826,-0.19807313788459543,-0.06148506904240273,-0.10442349528643945,-0.052990080564766624,-0.20708588003729408,-0.032321558064850306,-0.10981042163058115,0.13322283228012016,0.5733968714389308,0.12483165855174556,0.6559618771366413,0.49155702890293174,0.4413135812700715,0.3111985911115715,0.6317207085880037,0.22423661658345526,0.09432545132789837,0.21350875375530923,-0.09033461100176111,-0.08484408992023205,-0.18460582202424117,0.21812436877637564,-0.10473427949860147,-0.1326012638557961,-0.2636486066507821,-0.12648917434994303,0.003625815808556925,0.04589246866259193,-0.18885320625712212,-0.2661935718693409,-0.01015228426395939,0.20294209054180046,0.18698850098414999,-0.06816533720087019,-0.017508417531907194,-0.20248115828707014,0.07956075831347767,0.006008494768465761,-0.17513143928590025,-0.09727545840671294,0.05946337926033357,0.0669222003522221,-0.051746911519258906,-0.010981042163058116,0.1579819745156946,0.14855485341344657,-0.205842743188646,-0.12737302845431195,0.08183984253599916,-0.14441106391795294,-0.19253580592300834,0.015539210608101107,-0.12690355329949238,-0.1417176007458821,-0.18056562726613487,0.16471563244587176,-0.12172381643012532
0.015487814358617031,0.48177980384447155,0.5523296471770347,0.4647898268891994,0.452979720956876,1.0,0.01061873559704512,0.43516096463793197,0.5886923417581356,0.13566082209103011,0.09350151522212118,0.07868224083859288,-0.014762632415404193,-0.03325735603301963,-0.09339307454376758,-0.025536764143137776,-0.156021756021756,-0.1378363679206686,-0.23086685149282976,-0.0776462666340031,-0.11338737669235009,-0.12198596259044517,-0.15088964289849968,0.005387205387205387,0.21460205648077044,0.10209525786232163,-0.0919427106573419,0.0838124838124838,-0.029113137212705656,0.06998368258453502,0.024915179620383917,0.07013727013727013,0.019787619787619785,-0.19419336465035197,-0.05998445998445998,0.17513143928590028,0.03253043253043253,0.12799461297706582,-0.044962444962444954,-0.01424464531310931,-0.23780787866358122,0.12229675485182208,-0.015073424676781123,-0.07402035691793891,-0.11686091686091683,-0.048121001803194716,-0.10774410774410773,-0.2365647096180735,0.22962368244732206,-0.020149698279270985,0.17036595794478732,0.5239439539712751,0.127165833613394,0.3980730881136183,0.5242547462326521,0.5703555983368968,0.4345393801151781,0.5227007849257674,0.254027454027454,0.05314685314685314,0.07111962914508757,-0.04563466371217927,0.04874258632594858,-0.12664784651109912,0.15985495985495982,-0.10023050429406004,0.027608712552317314,-0.314573567223683,-0.14664214865968164,0.008857579449242516,0.07122322656554654,-0.07857864341813389,-0.12836052836052833,0.14032270601168406,0.11846365029483996,0.1217787677495272,0.05247209346247174,0.02004713927477058,-0.007252007252007251,0.08334412475924682,0.03268498615480718,-0.06806526806526805,-0.044080702405294624,0.17699619285416185,0.023775607995335173,0.00518000518000518,0.037450467495920105,0.14943927901207402,0.2543834659370175,-0.06707932974718747,-0.05801605801605801,0.23811867092495817,0.024189997677171077,0.09375809375809376,0.078060656315839,0.06863329105407212,-0.10509958305563195,-0.10976146697628592,0.35684131477094555,0.03827924685959192
0.2643737698124935,0.07976794778825234,0.039573189681964153,0.15881073241479332,-0.028177768569356675,0.01061873559704512,1.0,0.2984564384129286,0.0,-0.10059049000310784,-0.07086247095754156,-0.05832383714907282,-0.15632445871749712,-0.2022844420621328,-0.17383196933595774,0.16367968507199832,0.006371241358227073,0.30187506474671083,0.02165130011395421,0.2725577540660934,0.20221692738008906,-0.1015228426395939,0.18605614834766393,0.05506202897394616,0.013674505335128975,0.00859836320314928,0.0035222210711695844,0.11328377927189112,0.27004066490906486,-0.08598808610344955,-0.05780586346213612,0.01994250343835303,-0.05392245734889742,0.014814047446389724,-0.14446660283004314,0.1473117165647985,-0.0038849032672116294,-0.021444110639179528,-0.17212711409258993,0.18077281674090956,-0.20346006422873716,0.2076038537242308,-0.1595358955765047,0.0019683000103594738,-0.14280904410269948,-0.12421009012742153,-0.2578021808121637,0.028384958044131357,0.05790945819952346,-0.1109499637418419,0.16378327980938567,0.19227183259090436,0.3901377810007251,0.05873821609862218,0.16471563244587176,0.09603232155806483,0.214959080078732,0.07324147933284988,-0.04097277979152532,0.010411540756127166,-0.05159017921889568,-0.13912773231119857,-0.09634310577022687,-0.1600538692634414,0.3245189195877448,-0.12928623225940122,0.5247073448668808,0.02610587382160986,-0.033564694913498394,0.15332021133326426,0.2196208432611623,0.1560136745053351,0.1708839450470822,0.21765254325080285,0.024448358023412407,0.0636071687558272,0.1936185641769398,0.07003367012762877,-0.037346870075461135,0.12089505853102663,-0.11612970061120896,-0.14560617445509189,-0.1437894954936289,-0.07821402672744224,-0.05045063710763493,-0.013105073688060563,0.016678752719361856,0.08391173728374597,0.06785455298870817,0.012431368486480885,-0.15151122742125356,-0.08256500569771055,-0.19755516419765876,-0.08344772217970581,-0.04319900549052108,-0.00290065264684554,-0.13146172174453535,0.00290065264684554,0.15549570081839842,0.0625712213819538
0.12472806381435823,0.5391070133637211,0.5142442763907593,0.5031596394903138,0.3951103283953175,0.43516096463793197,0.2984564384129286,1.0,0.5513311923754273,0.03159639490313892,-0.020512820540340978,0.036361752822956596,-0.025380710659898473,-0.015177808328861692,-0.09841500051797368,0.10131565316481922,0.022739633790745405,0.14979799026209467,0.02641665803377188,-0.030974826478814874,0.06899409509996891,-0.03149280016575158,-0.03439345281259712,-0.02387920541579415,0.04806795814772609,0.084222521495908,-0.12182741116751268,0.07194840850875937,-0.0481234946672782,0.05283605290693887,-0.03211436859007562,0.030405842904709688,0.03050944032516866,-0.03304672122656169,-0.1249902877837555,0.054905210815290574,-0.05236849604201277,-0.062053247695017084,-0.11991401418126564,0.03014606857971615,-0.3437273386511965,0.06277841085672847,-0.06526468455402465,-0.1668911219310059,-0.12934137944303253,-0.1376774059877758,-0.18196886903619275,-0.16430125349632235,0.07510618460582202,-0.20377084844089918,0.2926551331192375,0.6826893193825753,0.42308090748989946,0.36330674401740387,0.6159743085051279,0.5315445975344453,0.7617321040091163,0.5760903346110017,0.11836005287438099,0.021703659586155638,0.06194965295762975,-0.052108152905832386,0.0580130529369108,-0.03366828965088573,0.4423091866496014,-0.07230912669636382,0.17062053247695017,-0.08536206360716875,-0.10981042163058115,0.14834766393867188,0.12638557961255567,0.035222210711695845,-0.09080313903229316,0.10867087951932042,0.04475292655133119,0.1127110742774267,0.09727545840671294,-0.04527324533398488,-0.09587941263478302,0.11903035325805447,-0.06246762664456645,-0.2673331434943896,-0.22148554853413446,0.035740184398632545,-0.11944473220760385,-0.11235140248776032,-0.05977416347249559,0.05386926344141717,0.04900031078421215,-0.182119548326945,-0.1687083992174437,0.1287682585724645,-0.15839635346524394,-0.09173551581642395,0.04133430021754895,-0.12410649539003417,-0.20190614316792704,-0.18647052729721328,0.22448979591836735,-0.15891432715218065
-0.03677613177250595,0.5153838185020201,0.5110328395317517,0.4048482337097275,0.4733243551227597,0.5886923417581356,0.0,0.5513311923754273,1.0,0.21029731689630166,0.04817404823867956,0.19102869574225628,0.15704962187920854,0.15162267910777535,0.025380710659898473,-0.1053558479229255,0.005438864574096281,-0.06495390034186263,-0.02320522117476432,-0.08225422148554852,-0.013985289547290995,-0.02724541593287061,-0.04319900549052108,0.06884048589499007,0.10701336372112295,0.1562208639801098,-0.060395731896819634,0.10416720627150115,-0.05547929256044667,0.18751618776776346,0.06681860561483477,-0.0038849032672116294,0.0853124757479674,-0.10566663213508752,-0.02356841315441722,0.15839635346524394,0.01932091891559917,0.04703201077385268,0.012172696903929772,0.031078421216202214,-0.2626126592769087,0.0987257847301357,0.04589246866259193,-0.10069408474049518,-0.02667633576818652,-0.04827514762250078,-0.06293543292882839,-0.1266963638247177,0.1315653164819227,-0.06733657930177146,0.1773541904071273,0.5686315135191132,0.13415518491660622,0.3623743913809178,0.6104837874235989,0.6056148347663938,0.5146586553403086,0.6816533720087019,0.28421952302920284,0.12436870326100163,0.17186366932559824,0.12472806381435823,0.20729306951206877,0.05904900031078421,0.21574162810581918,0.03822645809592873,-0.03563658966124521,-0.12151662695535066,-0.15756759556614525,-0.01875064746710867,0.01750751061846058,-0.07738526882834351,-0.15410116293272796,0.09509996892157878,0.1378845954625505,0.17352118512379572,-0.00020718947477468144,0.027764827802077684,0.012172696903929772,0.011395421112607478,-0.016989536931523875,-0.19263940334346735,-0.11509375323733553,0.06112089505853102,-0.03605096861079456,-0.0857268654298033,-0.03252874753962499,0.0875375530923029,0.1338444007044442,-0.16751269035532992,-0.08168656603190319,0.21920646431161295,-0.024033979073863045,0.05485483413302821,0.10400911633689007,-0.0318035843779136,-0.11395421112607479,-0.22117476432197244,0.2699678856314099,-0.10411271107427743
-0.20781104319900545,0.1071169584585103,0.1137470216513001,0.045478089713042576,0.11892675852066714,0.13566082209103011,-0.10059049000310784,0.03159639490313892,0.21029731689630166,1.0,0.32281792325102265,0.42049103905521595,0.21599502745260538,0.14405967564015143,0.07230912669636382,-0.1672019061431679,0.16674004822872313,-0.29980316999896406,0.013570910597741634,-0.2864394488759971,-0.070237231948617,0.07666010566663213,-0.13778100072516317,0.3231721531217781,0.304982906868331,0.3450740702372319,-0.08743395835491556,0.17243790635396686,-0.052267606156387196,0.19238539264350096,-0.007458821091888531,0.08976716482770339,0.05247209346247174,-0.023101626437376982,0.11069384376041669,-0.03584377913601989,0.05091813215558709,0.06412514244276389,0.11794566319254507,0.2609551434787113,-0.19227183259090436,0.13715943230083913,0.187299285196312,-0.1378845954625505,0.04946776826916142,-0.10991401636796849,-0.07526352596344664,-0.16492282192064642,-0.1291826375220139,-0.14865844815083393,-0.08484408992023205,0.06236403190717912,-0.0725163161711385,0.03967678441935149,0.16326530612244897,0.12296695327877344,-0.016264373769812494,0.16419765875893502,0.6318924660895289,0.27251301451733845,0.402569149487206,0.22096757484719776,0.25090645395213923,0.041748679167098304,-0.028851881597825035,0.0602921371594323,-0.1724852377499223,0.04371697917745778,-0.016989536931523875,-0.2042888221278359,-0.20511758002693462,0.13570910597741634,-0.003056123903539815,0.3193825753651714,0.35781622293587484,0.30726199109085256,0.024344763286025067,0.26490546526086806,0.10706793404435251,-0.0015539210608101106,0.12938982699678855,-0.12312553421549392,0.02714182119548327,0.15176629027245414,0.09354604786076866,0.02222164668845052,0.01709313166891122,0.13280845333057079,-0.024344763286025067,-0.07831762146482958,0.022014451847532566,0.16834144825442865,0.19216823785351703,0.06998005752003882,0.19755516419765876,-0.07438102144411064,-0.07261991090852585,-0.17693981145757795,-0.10079767947788251,-0.13446596912876824
-0.08515928527353678,0.01471121473095161,0.06785806794910777,-0.023206423237557467,0.010670810685126871,0.09350151522212118,-0.07086247095754156,-0.020512820540340978,0.04817404823867956,0.32281792325102265,1.0,0.40155400209273545,0.21300181328758105,0.17805061264293875,0.15135975156281903,-0.09707329720353279,0.0317542542000888,-0.17187257210315998,-0.15322455343012273,-0.11800051815883014,-0.07044807054258516,0.03864283869468275,-0.13540533558699827,0.19451423249809696,0.17477337500785467,0.3159803164042423,-0.09344729357266444,0.19772591889353824,-0.04936928537931935,0.10412349772067964,0.031287231329206945,0.06718640733689261,-0.060037815037362025,-0.11955451971491658,0.08573130620089227,0.08256928268005939,0.11701934785970733,0.1489769491768198,0.11256442802086943,0.05729085736772,0.04133644139189924,-0.016265216287038045,0.16544936567133603,0.024035224067470235,0.14789297837072352,0.021238021266514646,-0.034033515512982615,-0.11447811463170089,0.045376845437723974,0.07376327386223624,-0.023517223548774755,0.006941206950519421,-0.1019425020792703,-0.0696192697126724,0.08008288019032109,0.09033929046049156,-0.01460761462721251,0.00041440041495638337,0.36525162539123346,0.3230852911026979,0.29308469347790217,0.24905464938878638,0.2643874647421726,0.14742294762073338,0.01600663058373155,0.15498575519368737,-0.03221963226285881,-0.05335405342563436,-0.030769230810511465,-0.11302771317935356,-0.06402486411076123,0.10391090405031313,0.0218083866529158,0.13861693880291023,0.25558145592434944,0.16306656328533684,0.0649572650444131,0.31278491504351424,0.14582092263172916,-0.16917896940594349,0.03563843568624897,-0.04594783601220027,0.033670033715206146,0.08536648548101497,-0.04682724689007132,-0.00585355746265911,0.1220409222046549,0.14286454305621316,0.04620564626763674,0.01315721317486517,0.0925690901395737,0.10826210840735515,0.18979539005002358,0.09702400997841161,0.10049210062692296,0.0695156696089333,-0.0006216006224345751,-0.0744884745884099,0.018855218880515442,0.05211085218076521
-0.1417176007458821,0.14461825339272763,0.10235160053869263,0.051693773956283016,0.177561379881902,0.07868224083859288,-0.05832383714907282,0.036361752822956596,0.19102869574225628,0.42049103905521595,0.40155400209273545,1.0,0.41199627058945404,0.10945634470609132,0.15995027452605406,0.06215684243240443,0.4155810521711854,-0.11126074795400392,-0.036361752822956596,-0.24541593287061014,0.025898684346835177,0.20325287475396248,-0.09033461100176111,0.4405480305017988,0.3122345384854449,0.5371387133533616,-0.029213715943230082,0.2882598224271029,-0.06708280472995184,0.2995078999097261,-0.007458821091888531,0.10054129655543698,0.05205770378063584,0.0697192582616803,0.08147937119098525,-0.05324769501709313,0.02833389449553015,-0.07552056355537139,-0.05651239286037184,0.12379571117787215,-0.1783901377810007,0.026727442245933906,0.21029731689630166,-0.1476225007769605,0.1785501541610465,-0.17559307987154252,-0.07712827953170821,-0.13446596912876824,-0.16357609033461099,-0.1799440588418108,0.044856521288718525,0.08577644255671811,0.02320522117476432,0.06702579508960944,0.12286335854138608,0.07800683725266755,0.032632342277012324,0.1476225007769605,0.4801222451171279,0.46820854176434556,0.7210193722158913,0.3881694809903657,0.3656894229773127,0.05977416347249559,0.1124549999082193,0.21734175903864084,-0.10369833212472805,0.17196726406298557,-0.03605096861079456,-0.11623329534859629,-0.08204703201077385,0.11975551641976587,-0.05153971667834095,0.08588003729410545,0.5817880451673055,0.5123795711177871,0.13415518491660622,0.4152292157862961,0.09132112613458804,-0.036361752822956596,0.02020097379053144,-0.26008132406226125,-0.0781104319900549,0.004247384232880969,0.09561794260851547,-0.17896454384288238,-0.058116647674298146,0.04848233709727545,-0.15052315342380607,-0.2446907697088988,-0.11038305149903976,0.07779964777789287,-0.07137677405987776,-0.016627385983665775,0.012949342173417588,-0.19102869574225628,-0.19196104837874234,-0.2554646223971822,-0.1300113954211126,-0.23598881176836214
-0.10877447425670775,-0.03853724230809075,0.010981042163058116,-0.13187610069408473,-0.022169273800890912,-0.014762632415404193,-0.15632445871749712,-0.025380710659898473,0.15704962187920854,0.21599502745260538,0.21300181328758105,0.41199627058945404,1.0,0.4443005530260981,0.45478089713042574,-0.06174246348285506,0.30576778648466996,-0.04868952657205013,0.22386822749404328,-0.1648192271832591,0.1137470216513001,0.2544286750233088,0.08598363203149278,0.1967833001618264,0.13197969543147206,0.23049829068683308,0.05366207396664249,0.16311413851265896,-0.08718174545213048,0.38093758144865536,0.1272143375116544,-0.06666494006535156,0.05122892441696402,-0.0015539210608101106,0.153997565512269,-0.09137055837563451,-0.009582761392455353,-0.026623847508546565,0.08458729380475455,0.04879312130943748,-0.012224179011706204,0.024033979073863045,0.17424634828550709,0.018336268517559307,0.2767605087561565,0.0071480368797265095,0.07671388984987232,0.09323526364860664,-0.032839531751787006,-0.05873821609862218,0.04589246866259193,-0.03708691598466797,-0.06277841085672847,-0.08546565834455609,-0.03418626333782244,0.02475914223557443,0.009634310577022687,0.0463068476121413,0.2515863355846251,0.3740384865671357,0.3824717704340619,0.7389412617839014,0.5076142131979695,0.39811457577955034,-0.04045479268923043,0.5069926447736455,-0.041748679167098304,0.32653061224489793,0.01015228426395939,-0.019268621154045373,-0.024241168548637726,0.14088884284678338,0.11815285803346302,0.011913394799544182,0.26706723298456436,0.2444835802341241,0.03760488967160468,0.27340067376747396,0.24340213936836597,-0.08235781622293588,0.0618460582202424,-0.1080003108284833,0.031907179115300936,0.038640837045478084,0.035532994923857864,-0.05713397738312569,-0.07158396353465243,-0.0200973790531441,-0.14637936392831244,-0.07624572671708275,0.05454404187165127,0.22718325909043818,0.17062053247695017,0.13845795244342246,0.10266238475085465,-0.03812286335854138,0.010877447425670775,-0.05096861079457163,-0.025380710659898473,-0.1315653164819227
-0.08759615660104138,-0.07153772458074403,0.00046621254252476185,-0.19026651874371672,-0.16281178012836964,-0.03325735603301963,-0.2022844420621328,-0.015177808328861692,0.15162267910777535,0.14405967564015143,0.17805061264293875,0.10945634470609132,0.4443005530260981,1.0,0.5201377932767927,-0.17462249787233025,0.03097803568184694,-0.07961874198450655,0.3462923163086704,-0.15877127142648836,0.08749255381381364,0.1354606443002503,0.1518298846822308,0.001968503939649137,-0.04346136924203058,0.021808386711436086,0.08200160609074424,0.01346871116602041,-0.03584934984199347,0.23917942350085777,0.37509389115797787,-0.16162453399224494,0.11065064250238307,-0.1439560728529237,0.2230625780033996,-0.12613639344975502,-0.02424368009883674,0.12012743179054698,0.2793203484891617,0.01724986407341619,0.1643658219367855,0.06583957128321916,0.2563650969950052,0.2418607067831237,0.2772482390790048,0.24652283220837132,0.1764401162748674,0.16322619127728055,0.06428552947480327,0.06604677685767461,0.06791162702777366,-0.10676267223817047,-0.1772125675530234,-0.18933409365866719,-0.026988526072822327,0.003781501733811958,0.026781320498366876,-0.026677717711139155,0.103812681448865,0.19757563225846864,0.07951513919727884,0.445854594834514,0.5069802392988717,0.7105597162013509,-0.09583506021976061,0.4805615285558018,-0.022637209009257885,0.1981403305730238,-0.041596519071931536,-0.09122225415401174,-0.12074904851391333,0.1627081773411419,0.12256527161078574,0.08801056774995226,-0.027817348370644125,-0.01724986407341619,-0.009479655031336826,0.09215945297986268,0.28553667671963273,-0.17876660936143926,0.057033334368862536,0.03149606303438619,0.12313191262015101,0.12251029589678464,-0.11246082553569535,0.021860754277156207,-0.057136937156090264,-0.03527674905104032,-0.1468569508953,0.0706052994956945,0.22389142176746238,0.29045041399292665,0.3018467205879764,0.28615830954267985,0.20093760582817238,0.15431635157569618,0.18995571038203354,0.05112797549688222,0.019321919817970688,-0.008340024371831851
0.00859836320314928,-0.1043199005490521,-0.07800683725266755,-0.12825028488552778,-0.07821402672744224,-0.09339307454376758,-0.17383196933595774,-0.09841500051797368,0.025380710659898473,0.07230912669636382,0.15135975156281903,0.15995027452605406,0.45478089713042574,0.5201377932767927,1.0,-0.14037086915984665,0.04190515657565611,-0.022272868538278253,0.2308090748989951,-0.06215684243240443,0.2215891432715218,0.07261991090852585,0.24873096446700507,0.031131024847922524,0.0019683000103594738,0.04247384232880969,0.14845125867605924,0.1232291316359529,0.03299748773203037,0.34188034233901626,0.19838392209675748,-0.1263370542497222,0.14084069311397895,-0.12970061120895057,0.0977441662030446,-0.11488656376256086,-0.08241174797511604,0.07148036879726509,0.136075211772866,-0.0012431368486480886,0.10307676370040401,0.03387547912566041,0.11799440588418107,0.2040816326530612,0.2605993111645561,0.19579405366207395,0.13006656138624537,0.19071791153009426,0.016160779032425153,0.02154770537656687,0.03895162125764011,-0.10369833212472805,-0.20439241686522325,-0.06485030560447529,-0.14410027970579092,-0.06754376877654615,-0.09489277944680409,-0.05904900031078421,0.0660433555425977,0.2864986662793003,0.15238785869677818,0.4651403708691599,0.3715943230083912,0.5505024344763286,-0.025640361563596753,0.6600020718947477,-0.004143789495493628,0.23215580648503056,0.005283331606754376,-0.02165130011395421,-0.006319278980627783,0.08256500569771055,0.21066535450332932,0.022998031699989638,0.07489899513104734,0.0753133740805967,0.06505749507924997,0.1984977987641076,0.18486959680904408,-0.19973065368279289,0.023412410649539,-0.01673098340412475,0.11302185848958872,0.016367968507199834,0.00870195794053662,-0.028023102234153222,-0.06443592665492592,-0.012949342173417588,-0.13218688490624675,0.023101626437376982,0.1333816788409326,0.20491039055215995,0.20656790635035738,0.16311413851265896,0.08950585310266237,0.08670879519320418,0.13425877965399358,0.10556303739770019,0.05034704237024759,-0.035947373873407226
0.09996892157878379,-0.019165026416658033,0.020615352740080802,0.03729410545944266,-0.012327773749093546,-0.025536764143137776,0.16367968507199832,0.10131565316481922,-0.1053558479229255,-0.1672019061431679,-0.09707329720353279,0.06215684243240443,-0.06174246348285506,-0.17462249787233025,-0.14037086915984665,1.0,0.24070860643643258,0.25038848026520255,-0.021133326427017506,-0.12555682171345695,0.012120584274318863,0.2425152802237646,-0.02165130011395421,0.013001476267601586,0.18885320625712212,0.014296073759453019,-0.15155910079767945,-0.08427650154337762,-0.23201844199648985,-0.14990935011047168,-0.04775717393556407,0.10924347987399102,-0.0625210432469925,0.25567181187195687,0.034756934563986715,-0.07945716357609033,-0.11183341538546544,-0.18895680099450948,-0.23200642311787853,-0.055733968714389306,-0.08007873200041436,-0.17642183777064124,-0.03491142649953382,-0.18129079042784627,-0.07847504599767491,-0.23246659069719258,-0.08852399578219566,-0.08256500569771055,-0.022376463275665594,-0.15663524292965916,0.16119341137470217,0.03781207914637936,0.3376152491453434,-0.0018647052729721327,-0.04382057391484512,-0.0803895162125764,0.19496529576297522,-0.022998031699989638,-0.07267359045197222,-0.04988215795099732,0.07034082668600435,-0.03750129493421734,-0.08774474256707758,-0.10359473738734071,0.09069954161183418,-0.0618460582202424,0.1819123588521703,0.13809178493732518,0.08815912151662694,0.19859111157153214,0.09561794260851547,0.17434994302289442,0.01838854213146838,-0.09012742152698641,0.11550813218688488,-0.0019683000103594738,-0.02030456852791878,-0.0423724424292902,0.023050426052122333,0.06091370558375634,-0.10898166373148244,-0.10924347987399102,-0.13353361649228218,0.057184295037812076,-0.056977105563037395,-0.1714019321493771,-0.13778100072516317,-0.21703097482647882,-0.16616595876929452,-0.20169895369315238,-0.1395975240684712,-0.08909147415311301,-0.2739044856521289,-0.17223071151304892,-0.2772195172485238,-0.16502641665803378,-0.27079664353050864,-0.05563037397700196,-0.08909147415311301,-0.1799440588418108
-0.10893268761261408,-0.019217321495140195,-0.07661029242941333,-0.13369247110230953,-0.03247779131388922,-0.156021756021756,0.006371241358227073,0.022739633790745405,0.005438864574096281,0.16674004822872313,0.0317542542000888,0.4155810521711854,0.30576778648466996,0.03097803568184694,0.04190515657565611,0.24070860643643258,1.0,0.13980471890938917,0.25241511494829694,-0.20196317118477525,0.18414441486583125,0.48841003875384603,0.05537282123532309,0.327065527065527,0.21594882294673712,0.30742534521201365,-0.011033125278881029,0.15032375032375028,-0.14701616265063816,0.15245150099651117,-0.037450467495920105,0.05221445221445221,-0.09976689976689976,0.30773613747339057,0.1185185185185185,-0.21035456224195237,-0.09997409997409996,-0.2978943825297878,-0.133022533022533,0.05454404187165128,-0.21201212096929598,-0.11059024633995772,0.13058454848854023,-0.23097044891328875,0.07459207459207459,-0.22910569534502717,-0.06972286972286972,-0.02294682863166336,-0.23822226834541713,-0.336639817781445,-0.03589650618903546,-0.055476418655782074,0.08562326800934432,-0.12208956001090415,-0.05278288572384868,-0.1521328119440074,0.017145373085960657,-0.003781305846752653,0.17850297850297847,0.2629370629370629,0.44614229120658355,0.31778508725791127,0.18445520712720817,0.056305198019453884,0.03802123802123802,0.12664784651109912,-0.031752609370676387,0.5077827563796747,0.11390536379464497,-0.008339592346947632,-0.04024759784831248,0.15689829328512037,0.0806008806008806,-0.11131542828317056,0.3531118076344224,0.3512470540661608,0.12395431357916574,0.24351835072531394,0.010567210567210565,-0.02864468675690708,0.003056123903539815,-0.28417508417508414,-0.17875734900196444,-0.12685504135201708,0.03154541452975843,-0.23019943019943015,-0.18994587041153393,-0.17523503670635923,-0.3360182332586912,-0.25427986851655854,-0.2285418285418285,-0.06262464066745146,-0.19284659818438527,-0.1184149184149184,-0.10302763464645241,-0.31560954142827274,-0.22112869396968596,-0.18631996069546977,-0.28566988691562845,-0.4094688043641057
0.3284989122552574,-0.05542318450222728,-0.08173624779861183,0.03563658966124521,-0.08132186884906246,-0.1378363679206686,0.30187506474671083,0.14979799026209467,-0.06495390034186263,-0.29980316999896406,-0.17187257210315998,-0.11126074795400392,-0.04868952657205013,-0.07961874198450655,-0.022272868538278253,0.25038848026520255,0.13980471890938917,1.0,0.1783901377810007,0.3335750543872371,0.27317932249041743,0.15487413239407435,0.2820884699057288,-0.14716013576197653,-0.13146172174453535,-0.1137470216513001,-0.013156531648192272,0.004610085210424468,-0.03455152954044624,-0.1261849263542187,-0.029524500155392104,-0.14539897961417392,-0.09815855588488051,0.3897234020511758,-0.05972391289460012,0.13084015332021132,-0.09577581521432403,-0.2911012120584274,-0.3481391314523915,-0.17134569563866153,-0.10245519527607998,-0.16067543768776546,-0.12048067958147725,-0.08764114782969024,0.06303903034928737,-0.14917642183777063,-0.056615990280830815,0.2182741116751269,0.07748886356573086,-0.22604371697917744,0.21692738008909146,0.06598984771573603,0.2820884699057288,0.03294312648917434,-0.02413757381125039,-0.05759867398736143,0.12845747436030247,-0.028177768569356675,-0.2536582839938047,-0.05071093731466914,-0.13519113229047963,0.00020718947477468144,-0.07945716357609033,0.04868952657205013,0.19036026009336984,0.057495079249974095,0.3588521703097482,0.2551538381850202,0.09914016367968506,0.46089298663627887,0.40350150212369207,0.172692427224697,0.27437776808560005,-0.2086398010981042,-0.154459753444525,-0.051693773956283016,0.10960323215580647,-0.06868686877902054,-0.004092098108129583,-0.07852481093960427,-0.25691494872060494,-0.17564942638819514,-0.1927898062778411,-0.18584895887288924,-0.10173003211436858,-0.19118903945704166,-0.12742152698642908,-0.13850616388687453,-0.07210193722158913,-0.14410027970579092,-0.13317448400001466,-0.15995027452605406,-0.34745674919714076,-0.24972158201636352,-0.27618356987465037,-0.14078524810939602,-0.22480058013052936,0.1579819745156946,0.14606857971615042,-0.14451465865534027
0.04703201077385268,-0.12970061120895057,-0.1238993059152595,-0.19879830104630683,-0.2256293380296281,-0.23086685149282976,0.02165130011395421,0.02641665803377188,-0.02320522117476432,0.013570910597741634,-0.15322455343012273,-0.036361752822956596,0.22386822749404328,0.3462923163086704,0.2308090748989951,-0.021133326427017506,0.25241511494829694,0.1783901377810007,1.0,-0.02330881591215166,0.22625090645395213,0.2401326012638558,0.2446907697088988,-0.041490766893820204,-0.12762871646120375,-0.07717807935356884,0.13715943230083913,-0.035585713927658524,0.04915952253955545,0.16772856795359617,0.1531130218584896,-0.19916604083238287,0.0017093574375731172,0.149280016575158,0.13628240661378396,-0.22293587485755723,-0.11172981796500646,-0.11716564798508235,0.0999197120326831,0.07800683725266755,-0.008909147415311302,0.026934631720708584,0.09323526364860664,0.050036258158085566,0.15658750102374341,0.058116647674298146,0.10250964754415753,0.187299285196312,-0.06806174246348284,-0.13954211126074795,-0.008183984253599917,-0.13197969543147206,-0.03252874753962499,-0.18367346938775508,-0.1071169584585103,-0.1811871956904589,0.03118201595358956,-0.07779964777789287,-0.07350236981564404,0.033720960359396944,-0.016782347456749197,0.26116233295348595,0.17486791670983112,0.3682792914119962,-0.026365543506809593,0.21692738008909146,0.06288200559411582,0.5212887185330984,0.093649642598156,0.055733968714389306,-0.024448358023412407,0.15000517973686936,0.17823936189966957,-0.027866984357194653,-0.09634310577022687,0.0035222210711695844,0.05065782658240961,0.005076405083215696,0.10820750566940125,-0.04340619496529576,0.002175489485134155,-0.0821009557137391,-0.03874443178286543,-0.05252253185538174,-0.08546565834455609,-0.04138716947336123,-0.1389205428364239,-0.16140060084947686,-0.2590904382057391,-0.052626126592769086,-0.039211623643722715,0.11965192168237851,0.048378742359888115,0.021392867324778707,0.05998135294727027,-0.1004868952657205,0.01709313166891122,0.06567906350357401,-0.12296695327877344,-0.19268621154045373
