0,1,2,3,4,5,6,7,8,9,10,11,12,13,14,15,16,17,18,19,20,21,22,23,24,25,26,27,28,29,30,31,32,33,34,35,36,37,38,39,40,41,42,43,44,45,46,47,48,49,50,51,52,53,54,55,56,57,58,59,60,61,62,63,64,65,66,67,68,69,70,71,72,73,74,75,76,77,78,79,80,81,82,83,84,85,86,87,88,89,90,91,92,93,94,95,96,97,98,99
1.0,0.0552929085303186,0.2587872559095581,0.22178828365878725,0.07646454265159301,0.07564234326824255,0.20904419321685508,-0.031654676258992806,-0.13566289825282632,0.25303186022610485,-0.21532452878014155,-0.18499486125385406,-0.08961973278520041,0.011921891058581706,0.18376156217882836,0.35991778006166497,0.0696813977389517,0.024153348097056455,0.12805755395683455,0.0394655704008222,0.1958890030832477,0.014080888039560572,0.08509763617677288,-0.3292908530318603,0.0823269439393286,-0.2376156217882837,-0.07029804727646455,-0.23279716357375688,-0.1103802672147996,-0.1603288797533402,-0.24563206577595068,-0.14635149023638233,0.39465570400822203,0.07564234326824255,-0.05940390544707092,-0.022610483042137718,0.002877697841726619,0.4034943473792395,0.26372045220966084,-0.1013360739979445,0.12250770811921892,-0.03432682425488181,-0.027543679342240494,0.10637751183171672,0.09249743062692703,-0.07153134635149024,-0.01788283658787256,0.09167523124357657,0.2170606372045221,0.24357656731757452,-0.22692702980472765,-0.07050359712230216,-0.22877697841726619,0.06433710174717369,0.15025693730729703,0.05334292622286085,-0.07954779033915725,-0.030832476875642344,-0.33586844809866395,0.11469681397738953,0.04275436793422405,-0.07954779033915725,-0.010071942446043166,0.14779033915724563,-0.09701952723535459,0.04049331963001028,-0.08448098663926003,-0.05159301130524152,-0.09363276645284438,-0.19301130524152108,-0.048920863309352525,-0.299486125385406,-0.1249743062692703,-0.25664217105680837,-0.11469681397738953,-0.014799588900308325,-0.05734840698869476,-0.07194244604316546,-0.16742895340470196,-0.39301130524152106,-0.15201192270445316,0.08180883864337102,-0.19897225077081193,-0.19506680369989723,0.23597122302158272,0.15847893114080164,0.0656765507830599,-0.019527235354573486,0.011099691675231244,-0.20525206872264568,-0.32785200411099696,-0.3773895169578623,-0.19547790339157248,-0.2760534429599178,-0.3827338129496403,-0.06207605344295992,0.24028776978417268,0.1473792394655704,0.22137718396711203,0.2509763617677287
0.0552929085303186,1.0,0.5091469681397739,0.4129496402877698,0.5434737923946558,0.3593011305241521,0.3035971223021583,0.35847893114080165,0.38067831449126416,0.2735868448098664,0.11357212615849949,0.25159301130524153,0.19773895169578623,0.22322713257965057,0.11798561151079136,0.3447070914696814,0.12271325796505653,0.27802045362782,0.18273381294964028,0.17677286742034942,0.11778006166495375,0.09815509545825069,0.0020554984583761563,0.2750256937307297,0.003391746754054736,0.05878725590955807,0.06372045220966084,0.0017472634793615307,0.0972250770811922,0.08057553956834533,-0.15930113052415212,0.040287769784172665,0.0024665981500513875,0.27667009249743063,0.1514902363823227,0.09989722507708121,-0.12004110996916752,-0.00020554984583761563,0.1736896197327852,0.37553956834532376,0.053442959917780065,-0.15066803699897224,0.07440904419321687,-0.1842849069703073,-0.1381294964028777,0.00328879753340185,-0.14285714285714285,-0.09167523124357657,0.001644398766700925,-0.015827338129496403,0.13607399794450153,0.6542651593011305,0.46351490236382326,0.5268242548818088,0.5486125385405961,0.3372218515167754,0.41870503597122305,0.3297019527235355,0.18705035971223025,0.044809866392600206,0.21089414182939364,0.19383350462487153,0.19054470709146967,0.06187050359712231,0.11675231243576568,0.16670092497430627,0.3751284686536485,0.22795477903391573,0.23300272398309352,0.32538540596094556,0.24789311408016446,0.24152106885919836,0.11099691675231245,0.28172054099587973,0.20596094552929087,0.1578622816032888,0.12271325796505653,-0.028365878725590956,-0.16845675545138522,0.13607399794450153,0.2151189683708049,0.04234326824254882,0.0008221993833504625,0.25426515930113053,0.06783144912641316,0.13422404933196302,-0.18469602778898062,-0.10873586844809867,0.11140801644398766,0.10226630364498371,0.18437821171634122,0.12867420349434738,0.3434737923946557,-0.03186022610483042,0.07605344295991778,-0.17841726618705034,0.002261048304213772,-0.07297019527235354,0.014182939362795478,-0.12106885919835561
0.2587872559095581,0.5091469681397739,1.0,0.49640287769784175,0.38108941418293935,0.471120246659815,0.4244604316546763,0.4563206577595067,0.3868448098663926,0.38006166495375127,0.19209620252510007,0.27009249743062697,0.24378211716341214,0.22774922918807813,0.2367934224049332,0.2596094552929085,0.11983556012332991,0.30618222970694114,0.21726618705035972,0.20678314491264133,0.2328879753340185,-0.05190400335750429,-0.021788283658787256,0.13854059609455294,0.056837453181583904,0.007810894141829393,-0.1064748201438849,-0.22560254924697412,0.02076053442959918,0.016032887975334018,-0.3097636176772868,0.0801644398766701,0.05508735868448099,0.19280575539568348,-0.0984583761562179,0.15827338129496404,-0.19116135662898256,0.12559095580678314,0.20534429599177803,0.26618705035971224,0.00945529290853032,-0.11613566289825283,-0.08057553956834533,-0.23731949257916318,-0.19403905447070918,-0.20554984583761562,-0.23371017471736896,-0.18499486125385406,0.1471736896197328,0.032682425488180886,0.028365878725590956,0.36443987667009253,0.244398766700925,0.3710174717368962,0.4865364850976362,0.5458656669934758,0.4273381294964029,0.39835560123329905,0.053442959917780065,0.15292908530318602,0.2906474820143885,0.25673175745118193,0.20369989722507706,0.16135662898252826,0.1882836587872559,0.2670092497430627,0.26906474820143883,0.2760534429599178,0.1594120974405726,0.23494347379239466,0.3103802672147996,0.03884892086330936,-0.0065775950668037,0.20401870626662577,0.1969167523124358,0.08304213771839672,0.08612538540596094,-0.13730729701952724,-0.226835911702994,0.055498458376156225,0.09342720604350772,-0.053442959917780065,-0.17142857142857143,0.05817060637204522,0.04604316546762591,-0.013771839671120247,-0.19209620252510007,-0.2776978417266187,0.19033915724563208,0.014697569267570522,0.008838643371017472,-0.00945529290853032,0.25590955806783144,-0.15313463514902365,-0.10400822199383351,-0.2836587872559096,-0.029393627954779036,-0.15313463514902365,0.13257965056526208,-0.03884892086330936
0.22178828365878725,0.4129496402877698,0.49640287769784175,1.0,0.4513874614594039,0.26515930113052416,0.4544707091469682,0.45960945529290853,0.31490236382322717,0.46104830421377185,-0.03957037879730525,0.018088386433710177,0.1944501541623844,0.19650565262076053,0.2589928057553957,0.370606372045221,0.21891058581706063,0.3372218515167754,0.31798561151079136,0.17923946557040082,0.31593011305241525,-0.04285934534669166,-0.02548818088386434,0.00986639260020555,0.024358908506393103,-0.21007194244604319,0.020966084275436794,-0.213885605914785,0.015416238437821172,-0.040287769784172665,-0.36443987667009253,-0.07523124357656732,0.31243576567317577,0.28078108941418295,-0.025693730729701953,-0.04275436793422405,-0.18170606372045223,0.31880781089414184,0.4055498458376156,0.1658787255909558,-0.041109969167523124,-0.27029804727646456,-0.05714285714285714,-0.23670281135115326,-0.1052415210688592,-0.016032887975334018,-0.14532374100719425,-0.1644398766700925,-0.14429599177800617,-0.04254881808838644,-0.09208633093525181,0.2776978417266187,0.13627954779033916,0.5325796505652621,0.25590955806783144,0.30844339420964434,0.43432682425488184,0.41521068859198357,-0.047687564234326824,0.2672147995889003,0.2890030832476876,0.30935251798561153,0.34552929085303186,0.24933196300102775,0.1525179856115108,0.22548818088386435,0.1445015416238438,0.36443987667009253,0.22005241819488455,0.18725590955806784,0.26351490236382324,0.02117163412127441,-0.03658787255909558,0.07903797738994219,0.2561151079136691,0.1590955806783145,0.1971223021582734,-0.1052415210688592,-0.2549976877821152,-0.07605344295991778,0.20792435404402215,0.04398766700924975,-0.07605344295991778,0.19547790339157248,0.3625899280575539,0.23617677286742036,-0.1818181820582675,-0.06351490236382322,0.04357656731757451,0.04512050984939482,-0.027749229188078112,-0.14511819116135663,0.23617677286742036,-0.26906474820143883,-0.1775950668036999,-0.2655704008221994,0.3130524152106886,-0.011716341212744091,-0.10421377183967112,-0.07338129496402879
0.07646454265159301,0.5434737923946558,0.38108941418293935,0.4513874614594039,1.0,0.2916752312435766,0.19116135662898256,0.3019527235354574,0.3907502569373073,0.20883864337101748,0.05210956376684094,0.1272353545734841,0.11778006166495375,0.12106885919835561,0.024460431654676262,0.2569373072970195,0.0867420349434738,0.1294002776774216,0.09331963001027749,0.05899280575539568,0.00986639260020555,0.10493858896636017,-0.0367934224049332,0.19013360739979446,0.004830669619411291,0.08365878725590956,0.14532374100719425,-0.030114599967819324,0.017677286742034944,0.08160328879753341,-0.12127440904419322,-0.07461459403905447,0.01829393627954779,0.22137718396711203,0.16320657759506682,0.041726618705035974,-0.08119218910585818,-0.03864337101747174,0.16279547790339158,0.24254881808838644,0.10503597122302159,-0.09414182939362795,0.12970195272353546,-0.12981139849609488,-0.015416238437821172,0.13093525179856116,-0.09537512846865365,-0.027338129496402876,-0.08776978417266187,-0.040698869475847894,0.22178828365878725,0.5414182939362795,0.3650565262076053,0.760945529290853,0.5270298047276465,0.2626034229275712,0.3498458376156218,0.3410071942446043,0.2300102774922919,0.07297019527235354,0.1379239465570401,0.12744090441932168,0.10195272353545735,-0.028776978417266185,0.05323741007194245,0.07153134635149024,0.3416238437821172,0.14429599177800617,0.061359782186990224,0.14552929085303187,0.13216855087358687,0.10359712230215828,-0.03432682425488181,0.1281669152214017,0.06639260020554985,0.22425488180883865,0.03001027749229188,-0.1523124357656732,-0.21532452878014155,0.10873586844809867,0.04162598289067176,0.09640287769784174,0.07995889003083248,0.2367934224049332,0.14409044193216855,0.12949640287769784,-0.13947273773491747,0.006988694758478932,0.04912641315519013,0.09959401832360724,0.2857142857142857,0.07831449126413156,0.3070914696813977,-0.014799588900308325,0.11120246659815006,-0.1527235354573484,0.07852004110996917,-0.048920863309352525,-0.011921891058581706,-0.09249743062692703
0.07564234326824255,0.3593011305241521,0.471120246659815,0.26515930113052416,0.2916752312435766,1.0,0.26762589928057556,0.31099691675231245,0.4355601233299075,0.4189105858170607,0.2617811812902246,0.287153134635149,0.3282631038026722,0.3019527235354574,0.24727646454265162,0.202672147995889,0.14265159301130526,0.20874659568136877,0.14635149023638233,0.19054470709146967,0.13771839671120248,0.10329410569166697,0.11161356628982529,0.1987667009249743,0.24451410690594597,0.09270298047276464,-0.03144912641315519,-0.000925021842014928,0.1064748201438849,0.11243576567317576,-0.3218910585817061,0.24768756423432683,0.015416238437821172,0.2328879753340185,0.09373072970195273,0.22466598150051387,-0.10544707091469682,0.06659815005138746,0.18335046248715314,0.344912641315519,0.11120246659815006,0.08838643371017471,-0.008016443987667009,-0.29035407818801906,-0.29044193216855085,-0.11572456320657759,-0.07070914696813978,0.03761562178828366,0.34552929085303186,0.03576567317574512,0.01829393627954779,0.26639260020554983,0.2803699897225077,0.2388489208633094,0.45179856115107914,0.564571664243111,0.2672147995889003,0.34224049331963,0.1745118191161357,0.2193216855087359,0.24028776978417268,0.2544707091469682,0.2330935251798561,0.16772867420349435,0.2526207605344296,0.2992805755395684,0.3140801644398767,0.17553956834532375,0.17195128241010826,0.18540596094552927,0.24152106885919836,0.11757451181911614,0.09763617677286741,0.28562618877327606,0.14244604316546763,0.11860226104830421,0.20472764645426517,-0.003494347379239466,-0.23937509667252968,0.14162384378211718,0.13351148586415462,0.08489208633093526,-0.1366906474820144,0.06700924974306269,-0.018705035971223024,0.055909558067831454,-0.1964129711211697,-0.09907502569373072,0.30071942446043165,0.07821573575259558,0.08263103802672148,0.10462487153134635,0.33093525179856115,-0.022610483042137718,-0.024460431654676262,-0.23905447070914698,-0.09784172661870505,-0.023843782117163412,0.263103802672148,-0.047687564234326824
0.20904419321685508,0.3035971223021583,0.4244604316546763,0.4544707091469682,0.19116135662898256,0.26762589928057556,1.0,0.3724563206577595,0.1956834532374101,0.4306269270298047,0.07163780265382276,0.1537512846865365,0.34820143884892085,0.34614594039054475,0.3761562178828366,0.44624871531346355,0.4820143884892087,0.5236651427851176,0.5338129496402878,0.3913669064748202,0.49105858170606376,-0.029703479149146023,0.16238437821171636,0.10400822199383351,-0.10349966610100361,-0.191983556012333,-0.05097636176772868,-0.14625623124302695,0.08735868448098665,0.03576567317574512,-0.3105858170606372,-0.05220966084275437,0.2742034943473793,0.4324768756423433,-0.052826310380267215,-0.04974306269270298,-0.17183967112024667,0.32908530318602264,0.31798561151079136,0.29290853031860226,0.053854059609455295,-0.21726618705035972,-0.09578622816032889,-0.2214913410602411,-0.2195272353545735,-0.1381294964028777,-0.21109969167523127,-0.11181911613566291,-0.04439876670092498,-0.00472764645426516,-0.23021582733812948,0.10544707091469682,0.0881808838643371,0.26002055498458376,0.2587872559095581,0.3043321860229113,0.3011305241521069,0.3543679342240494,-0.1590955806783145,0.24665981500513876,0.30996916752312437,0.33155190133607404,0.32004110996916757,0.41377183967112025,0.2199383350462487,0.3373072970195273,0.1773895169578623,0.43597122302158275,0.35757233204110384,0.30154162384378214,0.4275436793422405,0.008427543679342241,0.14676258992805757,0.07862685657126889,0.32147995889003084,-0.02589928057553957,0.22918807810894143,0.1052415210688592,-0.18634051106367383,-0.175950668036999,0.28624287000128606,0.0961973278520041,-0.22487153134635152,0.041726618705035974,0.18581706063720455,0.21109969167523127,-0.15797317457521604,-0.13915724563206577,0.11264131551901337,-0.019219898272976838,-0.16628982528263106,-0.2668036998972251,0.05858170606372045,-0.3270298047276464,-0.2857142857142857,-0.26844809866392605,0.19260020554984586,0.048304213771839674,0.047482014388489216,-0.05858170606372045
-0.031654676258992806,0.35847893114080165,0.4563206577595067,0.45960945529290853,0.3019527235354574,0.31099691675231245,0.3724563206577595,1.0,0.5880781089414183,0.27050359712230215,0.24759751304599573,0.29085303186022615,0.3669064748201439,0.3167523124357657,0.20616649537512846,0.05303186022610483,0.11264131551901337,0.440413177003774,0.29146968139773893,0.15436793422404932,0.2104830421377184,-0.18901279638505028,-0.10462487153134635,0.22219938335046252,-0.03998149961597855,-0.03062692702980473,-0.16793422404933198,-0.1168610927078859,0.04275436793422405,0.09352517985611512,-0.09907502569373072,0.05858170606372045,-0.06351490236382322,0.18355601233299076,-0.19732785200411102,0.12065775950668037,-0.17985611510791366,0.00945529290853032,0.16649537512846865,0.33627954779033914,-0.03103802672147996,-0.1644398766700925,-0.15601233299075026,-0.23629169053247992,-0.13997944501541623,-0.22713257965056527,-0.24254881808838644,-0.2809866392600206,-0.07297019527235354,-0.028365878725590956,0.12394655704008223,0.3140801644398767,0.3305241521068859,0.3329907502569373,0.20801644398766703,0.40238450127649367,0.7486125385405961,0.5173689619732785,0.18437821171634122,0.16382322713257966,0.3385405960945529,0.40575539568345326,0.30051387461459406,0.14799588900308325,0.36115107913669064,0.3297019527235355,0.31161356628982534,0.4838643371017472,0.3092656358469909,0.4937307297019527,0.38869475847893115,0.16402877697841728,0.008427543679342241,0.34749987198360793,0.33401849948612544,0.033093525179856115,0.12990750256937308,-0.15436793422404932,-0.04512050984939482,0.1724563206577595,0.1723624032287816,-0.039260020554984586,-0.023638232271325797,0.08221993833504625,-0.06433710174717369,-0.12291880781089415,-0.19620741071183306,-0.24953751284686537,0.16546762589928057,0.15345084556980973,0.18047276464542653,0.12970195272353546,0.4526207605344296,-0.03535457348406989,0.05611510791366906,-0.1987667009249743,-0.08756423432682425,-0.31243576567317577,-0.010277492291880781,-0.08057553956834533
-0.13566289825282632,0.38067831449126416,0.3868448098663926,0.31490236382322717,0.3907502569373073,0.4355601233299075,0.1956834532374101,0.5880781089414183,1.0,0.2536485097636177,0.38450074566420506,0.3405960945529291,0.4273381294964029,0.4141829393627955,0.2324768756423433,0.005344295991778006,0.12949640287769784,0.34811655321161794,0.23720452209660842,0.23329907502569375,0.16197327852004112,-0.05087620131082104,-0.0051387461459403904,0.3874614594039055,-0.028058995874452815,0.06310380267214799,-0.0014388489208633096,0.05909861768428707,0.23062692702980475,0.21109969167523127,-0.021377183967112023,0.20904419321685508,-0.15847893114080164,0.2431654676258993,-0.004933196300102775,0.3064748201438849,-0.01829393627954779,-0.10483042137718397,0.05673175745118191,0.39958890030832483,0.09928057553956836,-0.12209660842754368,-0.09064748201438848,-0.20586874995065563,-0.15477903391572456,-0.07584789311408018,-0.11099691675231245,-0.11613566289825283,0.047482014388489216,0.06248715313463515,0.23782117163412128,0.43946557040082224,0.4937307297019527,0.3942446043165468,0.34573484069886945,0.48666426910452043,0.5899280575539568,0.6147995889003084,0.3710174717368962,0.13997944501541623,0.287153134635149,0.41767728674203497,0.34326824254881816,0.13566289825282632,0.4602261048304214,0.4024665981500514,0.4760534429599178,0.3897225077081192,0.3351662474234089,0.5044193216855087,0.43884892086330934,0.2758478931140802,0.1276464542651593,0.5031091018514525,0.32990750256937307,0.10092497430626927,0.26104830421377184,-0.054881808838643374,-0.020864381547670043,0.37019527235354577,0.2019631021732593,0.13052415210688592,0.13381294964028778,0.19280575539568348,-0.06351490236382322,-0.0645426515930113,-0.10781643469707328,-0.08633093525179857,0.3656731757451182,0.29282080310005887,0.37327852004110995,0.28920863309352524,0.5829393627954779,0.13977389516957864,0.1983556012332991,-0.10174717368961973,-0.13854059609455294,-0.17183967112024667,0.1196300102774923,0.004522096608427544
0.25303186022610485,0.2735868448098664,0.38006166495375127,0.46104830421377185,0.20883864337101748,0.4189105858170607,0.4306269270298047,0.27050359712230215,0.2536485097636177,1.0,0.10802199510640992,0.16073997944501542,0.37327852004110995,0.3625899280575539,0.43042137718396717,0.413360739979445,0.3710174717368962,0.2790482556745033,0.3932168550873587,0.25241521068859196,0.441726618705036,0.10637751183171672,0.16279547790339158,-0.020554984583761562,0.22046353901355784,-0.11880781089414184,-0.020966084275436794,-0.10164962241697376,0.11366906474820143,-0.012332990750256938,-0.4055498458376156,0.18663926002055498,0.3523124357656732,0.3399794450154162,0.045837615621788286,0.04193216855087359,-0.09948612538540597,0.4520041109969168,0.441726618705036,0.1983556012332991,-0.010688591983556012,-0.010071942446043166,-0.0020554984583761563,-0.1805848196022476,-0.13895169578622815,-0.10154162384378213,-0.052826310380267215,-0.04193216855087359,0.13895169578622815,0.039260020554984586,-0.2890030832476876,0.09516957862281604,0.013360739979445016,0.24809866392600205,0.24275436793422406,0.3400996972474885,0.21109969167523127,0.3490236382322714,-0.08386433710174718,0.46289825282631036,0.3802672147995889,0.33442959917780063,0.38499486125385407,0.4425488180883865,0.18581706063720455,0.3245632065775951,0.07872559095580679,0.26536485097636175,0.24451410690594597,0.09928057553956836,0.2668036998972251,-0.0030832476875642346,0.048509763617677296,0.10000513914228056,0.2668036998972251,0.17142857142857143,0.2744090441932169,0.09825282631038026,-0.22087465983223112,-0.1249743062692703,0.21881905573886465,0.11675231243576568,-0.12374100719424462,0.06433710174717369,0.27214799588900307,0.27564234326824255,-0.12919471726808493,0.010071942446043166,0.18663926002055498,-0.054370728269544095,-0.19177800616649537,-0.1948612538540596,0.13422404933196302,-0.21644398766700929,-0.30914696813977394,-0.1763617677286742,0.23083247687564235,0.09928057553956836,0.11901336073997945,0.015827338129496403
-0.21532452878014155,0.11357212615849949,0.19209620252510007,-0.03957037879730525,0.05210956376684094,0.2617811812902246,0.07163780265382276,0.24759751304599573,0.38450074566420506,0.10802199510640992,1.0,0.6009558566956982,0.3750449668347191,0.30597666929760453,0.10576083060370677,-0.15694537252853277,0.05210956376684094,0.1957035666563881,0.045531630668068125,0.26075337924354136,0.045531630668068125,0.03638606228800493,0.0011305822513515786,0.4338352439050012,0.14533867817864116,0.4015622596391471,0.034636928973225636,0.16507349162298285,0.20997995813738865,0.2459530297713025,0.05663189277224726,0.3754560876533924,-0.33454956619539894,0.07780461493392228,-0.05046508049214774,0.36928927537329287,0.020658821138333394,-0.24718639222732242,-0.13885605650690752,0.35490004671972736,0.0989773370955973,0.21141888100274522,0.020864381547670043,-0.09497378970089423,-0.12857803604007498,-0.10596639101304342,-0.05663189277224726,-0.04450382862138487,0.18490158819831726,0.043476026574701614,0.24101957994722292,0.19230176293443668,0.35387224467304407,0.06834883610443634,0.16578447013000874,0.3375475382875938,0.26712575193297755,0.23567500930446997,0.38593966852956163,0.08253250434866524,0.17030679913541508,0.21203556223075518,0.11665553229854925,0.024564468915729755,0.2751426078971069,0.27493704748777026,0.2652757082489477,0.1322781234081347,0.18645287285435297,0.32550490818458633,0.3594223757251337,0.18860167556637697,0.08931599785677471,0.37311131668208447,0.21758569328284472,0.04306490575602832,0.05334292622286085,0.02024770031966009,0.07914482475074519,0.4354797271796944,0.04399218830301162,-0.02620895219042296,0.07328228592851596,0.06279870505234678,-0.252736523279412,-0.2743203662597603,-0.043375475382875936,-0.10247186405432036,0.32529934777524966,0.1036077705827937,0.2589033355595115,0.3400996972474885,0.30864895461898095,0.2194357369668746,0.22210802228825105,0.02723675423710621,-0.34174418052218175,-0.22827483456835054,0.17441800732214807,-0.024770029325066407
-0.18499486125385406,0.25159301130524153,0.27009249743062697,0.018088386433710177,0.1272353545734841,0.287153134635149,0.1537512846865365,0.29085303186022615,0.3405960945529291,0.16073997944501542,0.6009558566956982,1.0,0.34922918807810893,0.25426515930113053,0.03884892086330936,-0.07317574511819117,0.03535457348406989,0.12343902580665872,0.03329907502569373,0.1617677286742035,-0.0020554984583761563,0.13042807972410483,-0.04953751284686536,0.44378211716341215,0.10781643469707328,0.44624871531346355,0.023227132579650568,0.17256796363811824,0.1578622816032888,0.2024665981500514,0.053854059609455295,0.35251798561151076,-0.3294964028776978,0.0302158273381295,0.03576567317574512,0.38252826310380267,-0.012538540596094553,-0.22569373072970195,-0.08468653648509764,0.4193216855087359,0.04953751284686536,0.19732785200411102,0.1354573484069887,-0.09404388727151768,-0.07420349434737925,-0.1301130524152107,-0.1130524152106886,-0.12517985611510793,0.18478931140801647,0.010277492291880781,0.18848920863309354,0.26803699897225075,0.3765673175745118,0.11346351490236382,0.29640287769784174,0.32653271023126956,0.2943473792394656,0.1880781089414183,0.34388489208633094,0.05940390544707092,0.2612538540596095,0.18540596094552927,0.05467625899280575,-0.015621788283658787,0.08406988694758478,0.18129496402877696,0.28735868448098667,0.1393627954779034,0.1351559691388478,0.26885919835560124,0.26865364850976364,0.2376156217882837,0.0565262076053443,0.37751169174675897,0.2801644398766701,0.09352517985611512,0.009044193216855088,0.028982528263103807,0.11912225721058906,0.35909558067831454,0.09096048113146792,-0.05611510791366906,0.10174717368961973,0.120863309352518,-0.23453237410071942,-0.24213771839671122,-0.06999331937912955,-0.10688591983556013,0.2789311408016444,0.08438254803269511,0.2207605344295992,0.29044193216855085,0.28941418293936283,0.22487153134635152,0.2300102774922919,0.013771839671120247,-0.3576567317574512,-0.2589928057553957,0.15498458376156218,-0.07728674203494348
-0.08961973278520041,0.19773895169578623,0.24378211716341214,0.1944501541623844,0.11778006166495375,0.3282631038026722,0.34820143884892085,0.3669064748201439,0.4273381294964029,0.37327852004110995,0.3750449668347191,0.34922918807810893,1.0,0.6781089414182939,0.4943473792394656,0.1418293936279548,0.47810894141829396,0.46939719472024183,0.5085303186022611,0.3907502569373073,0.3967112024665982,0.09712729341156745,0.2698869475847893,0.22959917780061667,-0.016958733770273682,0.03843782117163413,0.043782117163412126,0.09486612890886427,0.2840698869475848,0.26865364850976364,-0.045220966084275435,0.2723535457348407,0.0014388489208633096,0.39732785200411097,-0.00328879753340185,0.18766700924974308,-0.033093525179856115,0.1130524152106886,0.15416238437821173,0.28242548818088387,0.016649537512846865,-0.017266187050359712,-0.0367934224049332,-0.15776761416587937,-0.16300102774922917,-0.12682425488180885,-0.023021582733812954,-0.026104830421377186,0.052826310380267215,0.008221993833504625,-0.05323741007194245,0.15498458376156218,0.2182939362795478,0.16073997944501542,0.15950668036998975,0.3707281982386495,0.3486125385405961,0.4877697841726619,0.08242548818088387,0.16546762589928057,0.34511819116135667,0.5582733812949641,0.4501541623843783,0.4423432682425488,0.4779033915724563,0.5434737923946558,0.22240493319630011,0.47029804727646457,0.4391798145477542,0.46783144912641317,0.544912641315519,0.15498458376156218,0.2579650565262076,0.2954930884214353,0.36443987667009253,-0.06762589928057554,0.3551901336073998,0.19794450154162385,-0.02250886482236325,0.12353545734840699,0.2771982119904734,0.16341212744090444,-0.0067831449126413155,0.0041109969167523125,-0.0030832476875642346,0.045220966084275435,-0.10452746814768686,-0.03658787255909558,0.38006166495375127,0.035459170610572244,0.034121274409044194,0.05611510791366906,0.24254881808838644,-0.055498458376156225,-0.09393627954779034,-0.0959917780061665,-0.03782117163412128,0.015210688591983558,0.14552929085303187,-0.027543679342240494
0.011921891058581706,0.22322713257965057,0.22774922918807813,0.19650565262076053,0.12106885919835561,0.3019527235354574,0.34614594039054475,0.3167523124357657,0.4141829393627955,0.3625899280575539,0.30597666929760453,0.25426515930113053,0.6781089414182939,1.0,0.6217882836587872,0.21747173689619734,0.46700924974306274,0.49241996056594667,0.5944501541623843,0.48119218910585815,0.48961973278520043,0.12138342171329221,0.3747173689619733,0.18067831449126415,-0.06382650709903002,-0.07132579650565263,0.09023638232271326,0.12631687153737184,0.33093525179856115,0.2920863309352518,-0.018088386433710177,0.1724563206577595,0.06310380267214799,0.45323741007194246,0.06536485097636177,0.21109969167523127,0.033093525179856115,0.14141829393627955,0.1393627954779034,0.28242548818088387,0.10544707091469682,-0.07728674203494348,-0.0552929085303186,-0.03340356651720573,-0.07461459403905447,-0.019938335046248718,0.08386433710174718,0.13586844809866394,0.07255909558067831,0.1410071942446043,-0.0696813977389517,0.18992805755395686,0.24460431654676262,0.16608427543679344,0.1936279547790339,0.3505832781236577,0.3243576567317575,0.43638232271325794,0.06104830421377184,0.17656731757451183,0.31346351490236385,0.5056526207605345,0.5081192189105858,0.47564234326824256,0.5408016443987668,0.6885919835560123,0.3054470709146968,0.4600205549845838,0.5123593202716018,0.4809866392600206,0.6012332990750257,0.1923946557040082,0.38869475847893115,0.2946708467840887,0.3669064748201439,-0.0355601233299075,0.4061664953751285,0.27564234326824255,0.025181150143739707,0.06680369989722508,0.2989876153801584,0.23329907502569375,0.06351490236382322,0.05303186022610483,0.07255909558067831,0.15827338129496404,-0.003391746754054736,0.020143884892086333,0.41911613566289824,0.05971529891229702,0.023432682425488183,0.025693730729701953,0.2129496402877698,-0.03782117163412128,-0.08365878725590956,0.008016443987667009,0.040698869475847894,0.12579650565262077,0.18499486125385406,0.09866392600205551
0.18376156217882836,0.11798561151079136,0.2367934224049332,0.2589928057553957,0.024460431654676262,0.24727646454265162,0.3761562178828366,0.20616649537512846,0.2324768756423433,0.43042137718396717,0.10576083060370677,0.03884892086330936,0.4943473792394656,0.6217882836587872,1.0,0.3297019527235355,0.5270298047276465,0.4850197858298272,0.6372045220966085,0.5284686536485098,0.7013360739979445,0.08726039376340822,0.4450154162384378,-0.007605344295991779,-0.06875995692310964,-0.2135662898252826,0.04049331963001028,-0.027442314646442863,0.32559095580678316,0.15971223021582734,-0.19609455292908531,0.10668036998972251,0.30935251798561153,0.4367934224049332,-0.014388489208633093,0.08530318602261049,0.0051387461459403904,0.40287769784172667,0.25077081192189105,0.10483042137718397,0.10832476875642344,-0.1590955806783145,-0.11490236382322713,-0.04614831189607808,-0.09681397738951696,-0.04008221993833505,0.0842754367934224,0.14696813977389517,0.08160328879753341,0.16402877697841728,-0.29044193216855085,0.014799588900308325,-0.022610483042137718,0.08345323741007195,0.10894141829393629,0.2560254898287984,0.1710174717368962,0.4055498458376156,-0.19218910585817062,0.25303186022610485,0.3212744090441932,0.4526207605344296,0.5270298047276465,0.6219938335046249,0.47667009249743064,0.6955806783144912,0.13114080164439876,0.4193216855087359,0.4141014446086828,0.3009249743062693,0.5399794450154163,0.007810894141829393,0.3270298047276464,0.08253250434866524,0.3114080164439877,-0.05940390544707092,0.4908530318602261,0.2801644398766701,-0.1281669152214017,-0.1276464542651593,0.2642479062022644,0.26495375128468657,-0.08406988694758478,-0.030832476875642344,0.27276464542651596,0.28735868448098667,0.027236754237106215,0.027954779033915727,0.3303186022610483,-0.02682563341843291,-0.21007194244604319,-0.23042137718396713,0.02959917780061665,-0.2594039054470709,-0.3233299075025694,-0.07338129496402879,0.2594039054470709,0.28776978417266186,0.1948612538540596,0.17266187050359713
0.35991778006166497,0.3447070914696814,0.2596094552929085,0.370606372045221,0.2569373072970195,0.202672147995889,0.44624871531346355,0.05303186022610483,0.005344295991778006,0.413360739979445,-0.15694537252853277,-0.07317574511819117,0.1418293936279548,0.21747173689619734,0.3297019527235355,1.0,0.4277492291880781,0.29837093415214844,0.4261048304213772,0.3013360739979445,0.3981500513874615,0.25787553351282827,0.32805755395683456,-0.08509763617677288,0.009969679852827557,-0.24460431654676262,0.0867420349434738,-0.13351148586415462,0.0010277492291880781,0.008221993833504625,-0.33278520041109966,-0.06536485097636177,0.5196300102774923,0.4900308324768757,0.23741007194244607,-0.11428571428571428,-0.13771839671120248,0.4972250770811922,0.49804727646454267,0.18725590955806784,0.1788283658787256,-0.1445015416238438,0.16156217882836588,-0.15386196638848304,-0.07523124357656732,0.002877697841726619,0.10709146968139774,0.19280575539568348,0.010688591983556012,0.06803699897225077,-0.31613566289825284,0.1461459403905447,-0.015827338129496403,0.2776978417266187,0.2970195272353546,0.12426126744400531,0.061459403905447074,0.19609455292908531,-0.2890030832476876,0.20513874614594038,0.13854059609455294,0.11284686536485097,0.22959917780061667,0.3837615621788284,0.051387461459403906,0.17821171634121274,0.07214799588900309,0.1683453237410072,0.23238604275508357,0.05405960945529291,0.18992805755395686,-0.03720452209660843,0.15210688591983557,-0.09116604154080457,0.0748201438848921,0.03247687564234327,0.1934224049331963,0.16608427543679344,-0.3271493914592795,-0.33627954779033914,0.21553008918947822,0.19116135662898256,-0.18663926002055498,0.08242548818088387,0.378622816032888,0.4877697841726619,-0.10617195142238008,0.044604316546762585,0.034121274409044194,-0.1721568428194449,-0.2694758478931141,-0.3745118191161357,-0.07749229188078109,-0.4117163412127441,-0.37533401849948617,-0.2536485097636177,0.37759506680369986,0.3052415210688592,0.05734840698869476,0.010071942446043166
0.0696813977389517,0.12271325796505653,0.11983556012332991,0.21891058581706063,0.0867420349434738,0.14265159301130526,0.4820143884892087,0.11264131551901337,0.12949640287769784,0.3710174717368962,0.05210956376684094,0.03535457348406989,0.47810894141829396,0.46700924974306274,0.5270298047276465,0.4277492291880781,1.0,0.45891361384407264,0.6760534429599178,0.49455292908530324,0.5810894141829394,0.1631121848086323,0.4587872559095581,0.09866392600205551,-0.11788889475456915,-0.1697841726618705,0.08715313463514902,0.03607585183858219,0.24768756423432683,0.12702980472764644,-0.15642343268242548,0.08098663926002056,0.3321685508735869,0.5804727646454265,0.10709146968139774,-0.06988694758478932,-0.05632065775950668,0.3821171634121275,0.26495375128468657,0.14121274409044193,0.11387461459403907,-0.10010277492291882,-0.0041109969167523125,-0.12241122375997547,-0.17266187050359713,-0.018499486125385406,0.02076053442959918,0.10853031860226105,-0.07276464542651594,-0.00020554984583761563,-0.33093525179856115,-0.021993833504624874,-0.03597122302158273,0.13175745118191162,0.15806783144912642,0.15098412065776992,0.06721479958890031,0.3605344295991778,-0.19527235354573483,0.24624871531346354,0.26515930113052416,0.36896197327852004,0.3956834532374101,0.589311408016444,0.2890030832476876,0.41623843782117165,0.12147995889003083,0.3985611510791367,0.4249961463035252,0.24563206577595068,0.4316546762589928,0.06022610483042138,0.296813977389517,0.009969679852827557,0.29558067831449125,-0.006166495375128469,0.4030832476875642,0.35806783144912646,-0.15591757048184954,-0.17923946557040082,0.36312246309319335,0.2828365878725591,-0.13484069886947586,0.044193216855087356,0.2626927029804728,0.3854059609455293,-0.07718793370591231,0.07872559095580679,0.19527235354573483,-0.021275502366343346,-0.17780061664953753,-0.25734840698869477,-0.03597122302158273,-0.2670092497430627,-0.29105858170606375,-0.14141829393627955,0.2670092497430627,0.3122302158273381,0.09804727646454266,-0.003494347379239466
0.024153348097056455,0.27802045362782,0.30618222970694114,0.3372218515167754,0.1294002776774216,0.20874659568136877,0.5236651427851176,0.440413177003774,0.34811655321161794,0.2790482556745033,0.1957035666563881,0.12343902580665872,0.46939719472024183,0.49241996056594667,0.4850197858298272,0.29837093415214844,0.45891361384407264,1.0,0.6019836587423815,0.5557325666416351,0.5164705284583347,-0.02117381025799157,0.20669099158800222,0.20504650831330906,-0.1782300339192106,-0.21368004550544836,-0.02682563341843291,-0.07770582793709528,0.2336194052111035,0.17832365509954445,-0.14831183533639347,0.06382650709903004,0.14132278141894733,0.5528547209109219,-0.08088802107397204,0.05765969481893051,-0.10987203879043979,0.18531270901699057,0.21532452878014158,0.32920499555264604,0.1493396373830767,-0.3063877901162778,-0.17791253428087114,-0.20659882824545173,-0.23958065708186635,-0.14152834182828397,-0.09774397463957739,-0.04409270780271157,-0.09075492072213126,0.09445500809019097,-0.07040444019780286,0.19250732334377335,0.22416362638161752,0.2134744850961117,0.16043989948725584,0.30054476307945316,0.4073179511005733,0.4800863360057476,-0.04327046616536496,0.11151652206513299,0.23403052602977678,0.428079552443575,0.41985713607010894,0.4186237736140891,0.4957089271153331,0.5070147496288488,0.2771982119904734,0.5526491605015853,0.5357179566245246,0.5884166717261625,0.6433013010190483,0.14317282510297719,0.27658153076246345,0.2462740261075136,0.3489387948489645,-0.1435839459216505,0.38573410812022496,0.13556708995752112,-0.108130331997122,0.019219898272976838,0.3455648062493576,0.1610565807152658,-0.12220566335063882,0.03587029142924554,0.07842129616193223,0.14029497937226407,-0.1140918902251002,-0.1631121848086323,0.256847731466145,0.09374036386062289,-0.014697569267570522,-0.07163780265382276,0.19867413562387284,-0.21696901205483476,-0.14152834182828397,-0.19374068579979326,0.11316100533982619,0.01942545868231349,0.0377203351132754,0.006475152894104496
0.12805755395683455,0.18273381294964028,0.21726618705035972,0.31798561151079136,0.09331963001027749,0.14635149023638233,0.5338129496402878,0.29146968139773893,0.23720452209660842,0.3932168550873587,0.045531630668068125,0.03329907502569373,0.5085303186022611,0.5944501541623843,0.6372045220966085,0.4261048304213772,0.6760534429599178,0.6019836587423815,1.0,0.49414182939362794,0.70688591983556,0.0377203351132754,0.3934224049331963,0.016032887975334018,-0.18983503802239687,-0.3001027749229188,0.014388489208633093,-0.025797831371749656,0.22507708119218914,0.1405960945529291,-0.11284686536485097,0.015210688591983558,0.3317574511819116,0.575950668036999,0.02076053442959918,-0.030421377183967115,-0.07194244604316546,0.3969167523124358,0.31798561151079136,0.18232271325796506,0.07276464542651594,-0.23782117163412128,-0.0789311408016444,-0.09198828317815116,-0.11099691675231245,-0.06947584789311408,0.023227132579650568,0.05056526207605344,-0.09784172661870505,0.07214799588900309,-0.29146968139773893,0.046248715313463515,0.021993833504624874,0.15025693730729703,0.1301130524152107,0.21429672673345834,0.24480986639260022,0.44480986639260023,-0.18581706063720455,0.23268242548818088,0.33627954779033914,0.4680369989722508,0.5095580678314491,0.649743062692703,0.40945529290853033,0.539568345323741,0.1473792394655704,0.5514902363823228,0.5253096260598108,0.3796505652620761,0.5266187050359712,0.0881808838643371,0.32024665981500516,0.10781643469707328,0.36793422404933196,-0.05056526207605344,0.43103802672147995,0.3033915724563207,-0.09137160195014121,-0.20226104830421376,0.3738116043786992,0.23227132579650567,-0.09126413155190133,0.005960945529290853,0.25488180883864336,0.3348406988694759,-0.06259314464301013,-0.003494347379239466,0.20143884892086333,-0.024153348097056455,-0.18766700924974308,-0.23514902363823229,0.05981500513874615,-0.2612538540596095,-0.29516957862281606,-0.13072970195272354,0.27564234326824255,0.20822199383350465,0.05817060637204522,0.0487153134635149
