0,1,2,3,4,5,6,7,8,9,10,11,12,13,14,15,16,17,18,19,20,21,22,23,24,25,26,27,28,29,30,31,32,33,34,35,36,37,38,39,40,41,42,43,44,45,46,47,48,49,50,51,52,53,54,55,56,57,58,59,60,61,62,63,64,65,66,67,68,69,70,71,72,73,74,75,76,77,78,79,80,81,82,83,84,85,86,87,88,89,90,91,92,93,94,95,96,97,98,99
1.0,-0.051385651385651376,-0.1272209272209272,0.12571546972696832,-0.04081844081844081,-0.11939602707897075,0.24340213936836597,-0.189635078150157,-0.21947113524234232,0.015591411779076006,0.04345911788254076,0.03268498615480718,-0.04915952240764156,0.04480588434850746,0.0019165522784910705,0.1164952993061194,0.06417860197433611,0.034031752620773875,0.024915179620383917,0.11644651644651642,0.053715262507979464,0.045220274030343365,-0.07738927738927737,-0.1521328119440074,-0.039522415905099646,-0.1637357230354128,0.020823620823620822,0.1333816788409326,0.19507899507899504,-0.12467949552237857,0.09121752871412907,0.27593172939248467,0.24542864542864537,0.04589484589484589,0.008339592346947632,0.09608660747570097,0.011965502063011817,0.2521173820421406,0.07252007252007252,0.011965502063011817,0.2408702408702408,-0.1384579524434225,-0.006060449096850142,0.22351143464024242,0.1124549999082193,0.140633498273061,0.24190624190624188,0.3471031572478017,0.3874643874643874,0.24547408777754548,0.5004273395270874,-0.060241899996895006,0.13265649689771977,0.1923286110820904,-0.058377146428633425,-0.06889406889406889,-0.06552536844030282,-0.1963689104799905,0.04252674109840997,0.0028489290626218613,0.009893553653832285,-0.013105073688060565,-0.0789930330999698,-0.13918313438663532,-0.07956487956487955,-0.05019295021237425,0.28805262758618494,-0.02128926990431973,-0.1307917433294582,-0.1949185465935648,0.013623060790355447,0.030820232586545596,-0.10199166044186264,0.007562807562807562,-0.1591297591297591,-0.15731268296695625,-0.010619285662346172,-0.029836829836829833,0.08707363189576998,0.25210432268692,-0.18394674822922566,0.11763487093116816,0.01320867110851954,-0.07298438271334914,-0.12105358580631437,0.03859003912096885,-0.07174121366784142,0.07018725236095677,0.06847966847966847,0.07795705889538003,0.2664594664594664,0.09442904874835734,0.13990831632984815,-0.008857579449242516,-0.05594405594405594,0.21315169259434474,0.05687645687645687,0.24340213936836597,0.2869130559611362,0.21802077135591663
-0.051385651385651376,1.0,0.5118881118881118,0.41257672697787506,0.6673918673918673,0.4658258010937891,0.010100748494750237,0.6368651422715598,0.39931625715912605,-0.07370956465656199,-0.1664292559673462,-0.12353992389732982,-0.0831412365271493,-0.14177306989810973,-0.0482245992236537,0.06573256328122078,-0.2556266349825252,0.0673901220085644,-0.21387687453755758,0.22387982387982383,-0.19667970274136742,-0.08790241125944181,0.008806008806008805,-0.0963973997370779,0.06003470515597705,0.13203491237496592,-0.010256410256410255,-0.051436119257881975,0.05615125615125614,-0.09183911323688292,-0.07951102020226469,0.06448939423571305,-0.13405853405853405,0.006837606837606837,-0.17067675020616427,0.08013260472501854,-0.009479163971996376,-0.09930327129130542,-0.14928774928774927,0.08448369638429556,-0.2792022792022792,0.24278055484561212,-0.10996866181720386,-0.04604905339401518,0.022739633790745405,-0.07153401882692347,-0.2172494172494172,-0.2025847557075291,-0.10950530950530948,-0.05350806766706151,0.08862759320265465,0.6640076664318117,0.08396570928200069,0.30587138390512897,0.6067182929179976,0.41657601657601656,0.6017456167359666,0.5260159023804546,-0.15327238356905615,-0.23884385286817097,-0.17865375158150548,-0.11867084513575792,-0.059413120633223196,-0.26443241572153825,-0.2289562289562289,-0.051332521837423,0.09660459457799585,-0.31809587951928825,-0.10354562174874729,0.2785216649039591,-0.03579290876857648,0.1547227474554818,-0.13980471890938917,0.17788137788137784,0.009427609427609427,0.1476781228642714,0.14509570312308112,0.1761201761201761,0.0019165522784910705,-0.010825930437963073,-0.1970006993848902,-0.21004376998057545,-0.09349667196422655,-0.011240320119798981,0.2141876667989345,-0.11753127351070916,-0.023050426052122333,0.06272823808791045,0.30023310023310024,-0.12509388520421447,-0.2530950530950531,0.002641734221703908,-0.07640309758849538,0.15793426748971012,0.2076146076146076,0.03900442880280476,0.10422170422170421,-0.09028515192999827,0.13897593954571735,0.0182849447110094
-0.1272209272209272,0.5118881118881118,1.0,0.07433114917931584,0.39979279979279975,0.7153919869794642,-0.12208956001090415,0.5460102045290371,0.5616534150183426,-0.06718292716764644,-0.17647820575186696,-0.10199166044186264,-0.04283975240370871,-0.06283183550836942,0.025640361563596756,-0.15368677325089206,-0.17968972578609524,0.0673901220085644,-0.14581336929600983,0.12898212898212896,-0.16145657978531533,-0.17036595794478732,0.07573167573167572,-0.1480925125461073,0.06863329105407212,0.037450467495920105,-0.19632219632219627,-0.19025666267291086,-0.11406371406371404,0.007510812983275816,-0.07402035691793891,-0.1445702002505021,-0.23175343175343172,-0.03543123543123543,-0.27095905321045377,0.09380746422560347,-0.03278858357526615,-0.16001450444384063,-0.1732193732193732,-0.014555437574486237,-0.3003367003367003,0.24184817806148134,-0.15379037067135104,-0.14042630343214305,-0.08375851444108273,-0.18404081744537226,-0.30023310023310024,-0.3150915543259779,-0.05252525252525252,-0.09515423069157018,-0.05340447024660253,0.5895211211218073,-0.10686073920343456,0.02460438735900699,0.5437310612789397,0.7278943278943278,0.4335034059105884,0.5972909276562307,-0.154101162932728,-0.12737302845431195,-0.10696433662389354,-0.0633498226106643,0.13141332785221208,-0.05868793869001034,-0.06816886816886816,0.05330087282614356,0.030198648063791734,-0.20424231443487273,0.004092098108129583,0.30711455295063667,-0.04169796173473816,0.03506772682536364,0.060449094837812946,0.08153328153328152,-0.04361564361564361,0.14021910859122508,0.1410551944320421,0.188034188034188,0.0182849447110094,-0.15544792939869467,-0.13970835820169575,-0.16135298236485635,-0.09132112613458804,-0.02864468675690708,0.09318587970284962,-0.1410478879548969,-0.013519463369896472,0.010722333017504098,0.2892514892514892,-0.11867084513575792,-0.23268583268583265,-0.08189376087282114,-0.08386211186154172,0.1802077128883901,0.10453250453250452,-0.07702468211124924,-0.03646723646723646,-0.11483774057877577,0.20320634023028297,-0.024189997677171077
0.12571546972696832,0.41257672697787506,0.07433114917931584,1.0,0.49876978079974377,0.09882937946752304,0.18388065886252977,0.228944369626023,0.012016989536931522,-0.016264373769812494,-0.06847612141303222,-0.01605718429503781,-0.07262367272110619,-0.1832590904382057,-0.1200663006319279,0.19019993784315756,-0.25650056977105556,-0.116751269035533,-0.27400808038951624,0.21035456224195234,-0.2704858593183466,-0.0008287578990987258,-0.19305379302530323,-0.09012742152698641,0.10628820055941159,0.08774474256707758,0.11017585665812181,0.1504195586864187,0.2405014115955146,-0.08277219517248524,0.052108152905832386,0.2920335646949135,0.11804926061300407,0.024293595097630058,-0.045478089713042576,0.0826686004350979,0.10587382160986221,0.11178451193448441,0.005438864574096281,0.25929762768051384,0.022118049267991543,0.13757381125038848,0.06236403190717912,0.15238785869677818,0.130736558582824,0.1160261058738216,0.0857268654298033,0.013570910597741634,0.008650384608324561,0.1668911219310059,0.2537035118615974,0.25681135398321764,0.18771366414586135,0.5138298974412099,0.3117165647985082,0.02512237446130187,0.369418833523257,0.1455506060292137,-0.033564694913498394,-0.09530715839635345,-0.09478918470941676,-0.09551434787112814,-0.06837252667564488,-0.3363721122966953,-0.29613322638198514,-0.14751890603957318,0.12742152698642908,-0.33492178597327255,-0.27514762250077696,-0.07614213197969542,-0.262094685589972,0.12089505853102663,-0.3248730964467005,0.23583952767486066,-0.14125508279581486,0.12400290065264684,0.0033152033196510665,0.12043200128356053,0.0969646741945509,0.2091577747850409,-0.20833980861932172,-0.14948720604993265,-0.08764114782969024,-0.03397907386304775,0.06961566352429296,-0.05780586346213612,0.011395421112607478,0.08080389516212576,0.1815544793543568,-0.004143789495493628,-0.05309367798522561,0.10494146897337614,0.005386926344141717,0.11882316378327981,0.19305379302530323,0.1677198798301046,0.19046385751382883,-0.03221796332746296,0.06236403190717912,0.13985289547290997
-0.04081844081844081,0.6673918673918673,0.39979279979279975,0.49876978079974377,1.0,0.4544300848433017,-0.056926782542207746,0.5464245942108731,0.36326435483940206,-0.059620315474141136,-0.10945067471490898,-0.10955427213536796,-0.06780802405859092,-0.16052420300118453,-0.008961176869701493,-0.024293595097630058,-0.31074046266670086,-0.022428841529368474,-0.21284090033296782,0.10173530173530172,-0.2467172568230532,-0.1410478879548969,-0.08640248640248639,-0.13711118597745578,0.08116857892960831,0.1267514439315581,0.031287231287231286,0.01579860661999396,0.09303289303289301,-0.10800031082848331,-0.00999715107429126,0.0901815545095393,-0.08878528878528877,-0.03066563066563066,-0.19875165115054697,0.10603195983976274,0.06801170653131826,-0.05361444224647946,-0.11333851333851332,0.08210095571373911,-0.2199430199430199,0.2294164876064041,-0.11659889672657837,0.07878583825905185,0.10945067471490898,-0.04874258632594858,-0.19248899248899246,-0.22309704495840652,-0.07573167573167572,-0.010722333017504098,0.09204630807780087,0.5386547876764498,0.01320867110851954,0.3838802415107385,0.6921861647966534,0.3589743589743589,0.43681852336527566,0.49348631235633594,-0.14964647385299198,-0.23003807212915797,-0.1816580767748158,-0.0977441662030446,-0.06583616070167975,-0.30638937100742386,-0.2452214452214452,-0.02771230997277629,0.005542461994555258,-0.3557017431458968,-0.21895314814004743,0.1445702002505021,-0.16176737204669225,0.04345911788254076,-0.23884385286817097,0.1299145299145299,-0.055736855736855724,0.14529538219371493,0.08604211456174143,0.08132608132608131,0.08375851444108273,0.008753982028783538,-0.2135771452968452,-0.2723058196764205,-0.10478879079425502,-0.08821320352081874,0.2115977312874601,-0.20766102931001898,0.004610085210424467,0.05910232837184626,0.2114478114478114,-0.13203491237496592,-0.19777259777259776,-0.008857579449242516,-0.12644065167018118,0.13762917307975067,0.14545454545454545,0.12789101555660684,0.06495726495726495,-0.16176737204669225,0.08551967058888534,0.006992825880980933
-0.11939602707897075,0.4658258010937891,0.7153919869794642,0.09882937946752304,0.4544300848433017,1.0,-0.140474463897234,0.543354397596602,0.6208432611623329,-0.1560136745053351,-0.2254221485548534,-0.22127835905935977,-0.060606060687371066,-0.1452398218170517,0.01305293691080493,-0.20418522739044856,-0.26012638557961254,0.11581891639904691,-0.20055941158189164,0.10240605012369855,-0.23039469594944573,-0.22428260644359266,0.06127787420148477,-0.24665906971925822,0.0775924583031182,-0.045996063399979276,-0.22237186301519368,-0.14244276390759347,-0.127165833613394,-0.02610587382160986,-0.12162022169273799,-0.1060810110846369,-0.23936183997046587,0.014866229835863169,-0.2554646223971822,0.1465865534030871,0.007355226354501191,-0.21051541079784275,-0.2458884774593814,-0.07852481093960427,-0.2767605087561565,0.17372837459857038,-0.2213819537967471,-0.11913394799544183,-0.09955454262923442,-0.20211333264270173,-0.24329854194790695,-0.2993887910494147,0.014762632415404191,-0.12617839013778098,-0.060084947684657615,0.5351704133430022,-0.16751269035532992,0.01647156324458717,0.644566456024034,0.7638755797542653,0.3550191650264166,0.6170102558790013,-0.2215891432715218,-0.20998653268413964,-0.2463482855070962,-0.10369833212472805,0.07324147933284988,-0.10338754791256603,-0.13711118597745578,0.04299181601574639,0.02206567906350357,-0.2475914223557443,0.03719051072205532,0.3151351911322905,-0.015435615870713765,0.01802548430539728,0.0019683000103594738,0.02325762089304029,-0.131724120113589,0.044545737076556506,0.1347837349645637,0.1374219782388327,-0.039262405469802135,-0.18004765357919816,-0.08629888641466683,-0.13011499015849995,-0.12421009012742153,-0.002797057909458199,0.11612970061120896,-0.11923754273282916,0.03677613177250595,0.06681860561483477,0.2903317708362825,-0.14410027970579092,-0.28898500437031577,-0.12203460064228736,-0.16399046928416033,0.06816533720087019,-0.04128357205290225,-0.07500258986843468,-0.0718448110883004,-0.11664767429814564,0.2259401222417901,-0.04091992126799958
0.24340213936836597,0.010100748494750237,-0.12208956001090415,0.18388065886252977,-0.056926782542207746,-0.140474463897234,1.0,-0.11146793742877861,-0.210711695845851,-0.013985289547290995,0.010670257950896093,0.05604475292655133,-0.11996892012987297,0.0032114368590075624,-0.15549570081839842,0.27970579094581993,0.009737905314410027,0.03967678441935149,-0.025173521185123796,0.31664551563286253,-0.04091992126799958,0.12286335854138608,-0.05744476964450263,-0.09240650574950793,-0.04309541075313374,-0.09499637418419143,-0.1201212090221836,-0.09178493732518386,0.07619590274757743,-0.06826893193825753,-0.07821402672744224,0.12980420594633793,0.04138716947336123,0.07080883688371063,0.084222521495908,0.04661763182430332,-0.08080389516212576,0.1418285420188222,0.005853254255932188,0.18740287993369933,0.1334852762613916,-0.11126074795400392,0.06132808453330571,0.1366414586139024,-0.13425877965399358,0.008494768465761937,0.22879490308365025,0.3255982596084119,0.3402657274975092,0.2425152802237646,0.18885320625712212,-0.08401533202113332,0.5051279395006734,0.13695224282606444,-0.12793950067336576,-0.12685504135201706,0.18129079042784627,-0.17683621672019062,0.005386926344141717,-0.052626126592769086,-0.04340619496529576,-0.14855485341344657,0.0068372526675644875,-0.09064539521392313,-0.07391675949747994,-0.2086398010981042,0.5482233502538071,-0.035947373873407226,-0.0735522635450119,-0.0898166373148244,0.09282088469905728,0.3550191650264166,-0.0669222003522221,0.2720986248355025,-0.15534433197823572,-0.12213819537967471,-0.0373996374498136,-0.11007225923766284,-0.05635553713871335,0.10494146897337614,-0.2017094019800196,0.10887806899409509,-0.08888428467833834,0.0346006422873718,-0.24075416968817984,0.11291826375220138,-0.10504506371076348,-0.08784833730446492,0.18290124582032352,0.06194965295762975,-0.01901012665422224,0.25618978555889355,0.28405676991608825,-0.038640837045478084,0.07474553886115175,0.12628198487516834,-0.006371241358227073,0.37718843882730757,0.33523257018543456,0.34393452812597114
-0.189635078150157,0.6368651422715598,0.5460102045290371,0.228944369626023,0.5464245942108731,0.543354397596602,-0.11146793742877861,1.0,0.5924583031182015,-0.04164508442971097,-0.1004868952657205,-0.11706205324769502,0.008080808091649475,-0.03584377913601989,0.11644048482337098,0.0318035843779136,-0.17890811146793742,0.1674090956179426,-0.09634310577022687,0.05164331409879993,-0.10649539003418626,-0.09520356365896612,0.12509388520421447,-0.0852584688697814,0.09043820573914844,0.15373459028281364,-0.023050426052122333,-0.12193100590490002,-0.08634844995255715,-0.0012431368486480886,-0.0735522635450119,-0.03708691598466797,-0.2664007667102588,0.0020201496989500473,-0.17341759038640836,0.027038226458095928,-0.044856521288718525,-0.16337736359655414,-0.1700551656834104,-0.05324769501709313,-0.4004558287841748,0.27587278566248835,-0.14161400600849477,-0.12679995856210505,-0.045478089713042576,-0.1623329534859629,-0.34793193661147354,-0.3078835595151766,-0.21936753782188334,-0.2409613591629545,-0.061535274008080385,0.6712938982699678,-0.05708070030042474,0.10701336372112295,0.5654200766601056,0.4773251147647356,0.552470734486688,0.7083808142546358,-0.14057805863462133,-0.20895058531026622,-0.18937117994405883,-0.04029835284367554,0.0440277633896198,-0.09282088469905728,-0.07702468211124924,0.13187610069408473,-0.06163886874546773,-0.20573914845125865,0.032632342277012324,0.46203252874753953,0.06640422666528539,0.060084947684657615,0.032632342277012324,-0.010515138176586145,0.04376991014391769,0.15477053765668702,0.17839937863872304,0.18145088193389786,-0.02185848958872889,-0.11954832694499118,-0.14224294243377858,-0.24696985393142024,-0.13166891121931004,0.023930384336475704,0.2302911012120584,-0.214959080078732,-0.007769605304050554,0.008183984253599917,0.18600916843409282,-0.24955972236610377,-0.3150915543259779,-0.11188231637832796,-0.1612970061120895,0.10753133740805966,0.08054699440685445,-0.07686729514140682,-0.04117997463244327,-0.2030456852791878,0.020615352740080802,-0.17165647985082355
-0.21947113524234232,0.39931625715912605,0.5616534150183426,0.012016989536931522,0.36326435483940206,0.6208432611623329,-0.210711695845851,0.5924583031182015,1.0,-0.07748886356573086,-0.11996270589454054,-0.17569667460892985,0.07552447562580088,-0.016160779032425153,0.12679995856210505,-0.107634932145447,-0.1476225007769605,0.13633067440174038,-0.05076142131979695,-0.04843179406457165,-0.035222210711695845,-0.17662902724541593,0.17243790635396686,-0.17849373251838804,0.06350357401843985,-0.016989536931523875,-0.10820750566940125,-0.2315342380607065,-0.22599777273125785,-0.00580130529369108,-0.07873200041437894,-0.17196726406298557,-0.28245836688140025,-0.10913988245353205,-0.2589868434683518,0.05480161607790324,-0.04029835284367554,-0.1720797723106382,-0.13234570463634285,-0.14441106391795294,-0.4280127426262626,0.16295452191028695,-0.19051072205531958,-0.13343002175489485,-0.13912773231119857,-0.16544079560758312,-0.38543420281762314,-0.30954107531337405,-0.1905674549342878,-0.1984875168341448,-0.15580648503056044,0.48461618149797986,-0.1691702061535274,-0.07075520563555371,0.491039055215995,0.5967729405539358,0.2773231119859111,0.7313788459546254,-0.14285714285714285,-0.15549570081839842,-0.17093131668911218,0.042370247591422355,0.10162643737698124,0.07520977934320935,0.06676853748581053,0.17393556407334507,-0.14057805863462133,-0.07520977934320935,0.0674401740391588,0.4062985600331503,0.09251010048689526,-0.04972547394592354,0.15280223764632755,-0.10230245270323958,-0.013415865949437495,0.03770848440899202,0.04744884751250589,0.13369247110230953,-0.048585931834662796,-0.1773541904071273,-0.1393421395290839,-0.275769190925101,-0.18615974308505126,-0.03242515280223764,0.09893297420491039,-0.25204599606339995,-0.002175489485134155,-0.07427742670672328,0.13897593954571735,-0.25784730135709105,-0.28028282105176167,-0.1127110742774267,-0.1312545322697607,0.004972547394592354,-0.055787210917159,-0.07852481093960427,-0.10478879079425502,-0.21899927483683826,0.016264373769812494,-0.1722780482751476
0.015591411779076006,-0.07370956465656199,-0.06718292716764644,-0.016264373769812494,-0.059620315474141136,-0.1560136745053351,-0.013985289547290995,-0.04164508442971097,-0.07748886356573086,1.0,0.5611726924272246,0.6450844297109707,0.35493395541014233,0.2887185330985185,0.31130218584895886,-0.005179736869367036,0.15228426395939085,-0.1801512483165855,0.13084015332021132,-0.09670819199845483,0.2137159432300839,0.06132808453330571,-0.1129729870105142,0.30373977001968294,0.3518077281674091,0.4122034600642287,0.15337598098951513,0.002279084222521496,0.14570977187555084,0.19589764839946128,0.2112296695327877,0.18761006940847402,0.20424231443487273,-0.2325244102201734,-0.022687247487827616,-0.10981042163058115,-0.03439345281259712,0.3836311841458719,0.45184014933182726,0.17642183777064124,0.002123747119409024,0.23847508546565832,0.19102869574225628,-0.025173521185123796,0.15539210608101106,-0.02797057909458199,-0.13327808142047365,-0.11157153216616594,-0.20330993765074196,0.030353258054490826,0.06060292137159432,-0.042163058116647674,-0.038330052833316065,-0.022790842225214956,-0.11571532166165957,-0.10955427213536796,-0.04392416865223246,-0.05998135294727027,0.6327566559618771,0.487102455195276,0.5421112607479539,0.36403190717911527,0.2020097379053144,0.20646431161297005,0.2804900158926797,0.21236921164404848,-0.05759867398736143,0.16875582720397803,-0.1524914534341655,-0.13684864808867708,0.04516730550088056,-0.13747021651300115,-0.00725163161711385,0.06863329105407212,0.2697158841649461,0.4586139024137574,0.0798756799828429,0.0019165522784910707,0.2676888014088884,0.24002900652646844,0.021652421681471027,-0.12379571117787215,-0.024655547498187092,-0.19268621154045373,-0.05635553713871335,-0.14917642183777063,-0.0735522635450119,-0.23826789599088366,-0.19792287178687515,0.025277115922511133,0.3176814898374523,0.3005283331606754,0.31845022272868534,0.2539107013363721,0.23356038442476318,-0.02206567906350357,-0.11742767609025018,-0.10369833212472805,-0.17693981145757795,-0.06899409509996891
0.04345911788254076,-0.1664292559673462,-0.17647820575186696,-0.06847612141303222,-0.10945067471490898,-0.2254221485548534,0.010670257950896093,-0.1004868952657205,-0.11996270589454054,0.5611726924272246,1.0,0.5916295452191028,0.3785547790626562,0.35999171242100897,0.3519113229047964,-0.06049932663420698,0.24696985393142024,-0.15093753237335542,0.30695120687869054,-0.15037165579620482,0.27566559618771364,0.06857971615041956,-0.10986506439674489,0.21982803273593698,0.1854345799233399,0.29099761732104007,0.061588666462861694,0.004143789495493628,0.14115148537535588,0.14306433233191754,0.12296695327877344,0.18077281674090956,0.16207816430806918,-0.12001761160172461,-0.006319278980627783,-0.07873200041437894,-0.006422873718015125,0.27153587190017014,0.3577736915550763,0.11302185848958872,0.08282613765695195,0.12472806381435823,0.15269864290894022,0.06433233191753858,0.1618149797990262,-0.029420905418004763,-0.06324622519020534,-0.052936910804931105,-0.10116288107819084,0.0463068476121413,0.03304672122656169,-0.14057805863462133,0.001035947373873407,-0.01160261058738216,-0.2002486273697296,-0.19046385751382883,-0.11581891639904691,-0.12110224800580129,0.5065782658240962,0.4997410131565316,0.49570081839842534,0.378535170413343,0.16989536931523877,0.2679995856210504,0.3366398177814451,0.2473842328809696,-0.049311094996374184,0.31503159639490314,-0.06174246348285506,-0.17165647985082355,0.05904900031078421,-0.15093753237335542,-0.0008287578990987258,-0.02667633576818652,0.2481676207094789,0.28478193307779964,0.017508417531907194,-0.07629950016803641,0.1584999482026313,0.18823163783279806,0.016783216805733525,-0.034082668600435094,-0.04661763182430332,-0.1740391588107324,-0.13757381125038848,-0.13363721122966954,-0.025069926447736455,-0.19807313788459543,-0.24246976258423517,0.055319589764839944,0.2741705732446821,0.14990158499948203,0.2589868434683518,0.13084015332021132,0.09121752871412907,0.051693773956283016,-0.08717722931622897,-0.0719983424842018,-0.17093131668911218,-0.04641044234952864
0.03268498615480718,-0.12353992389732982,-0.10199166044186264,-0.01605718429503781,-0.10955427213536796,-0.22127835905935977,0.05604475292655133,-0.11706205324769502,-0.17569667460892985,0.6450844297109707,0.5916295452191028,1.0,0.378347578855178,0.4103387547912566,0.2864394488759971,-0.012016989536931522,0.32238682274940433,-0.2762871646120377,0.23070548016160775,-0.11659889672657839,0.22511136434269138,0.14627576919092508,-0.13286369173863774,0.29172278048275146,0.22293587485755723,0.3809178493732518,0.036310895870871364,-0.055526779239614625,0.11193701280592443,0.23754273282917227,0.16896301667875271,0.13332642701750752,0.17886094642242342,-0.21884955071958845,-0.049829068683310884,-0.20449601160261058,-0.11208950585310266,0.35534835582509877,0.4097795966254827,0.21164404848233706,0.04035119526877146,0.1796332746296488,0.14296073759453018,0.01004868952657205,0.1348803480783176,-0.05780586346213612,-0.09722617910074971,-0.1109499637418419,-0.15161482484171254,0.061224489795918366,0.05376566870402983,-0.09147415311302184,0.04102351600538692,-0.0062156842432404425,-0.18512379571117787,-0.1750278418654413,-0.05221174764321972,-0.1476225007769605,0.5683207293069512,0.5494664871024552,0.655858282399254,0.4044338547601781,0.2923443489070755,0.22511136434269138,0.27303100161963334,0.2165130011395421,0.013881694809903656,0.2462446907697089,-0.1504195586864187,-0.23111985911115712,-0.029628094892779448,-0.03801926862115404,0.02030456852791878,0.13990831632984815,0.2676439357557665,0.39252045996063395,-0.006941206950519421,0.028541089336448104,0.2231430643323319,0.21889568009945093,-0.018233618258080866,-0.07427742670672328,-0.059670568735108245,-0.2086398010981042,-0.1471045270900238,-0.10918885320625711,-0.14296073759453018,-0.27369729617735417,-0.23407837152705804,0.070237231948617,0.30234907160952373,0.2427224696985393,0.36713974930073545,0.22884077488863563,0.2391546451295479,0.007355226354501191,-0.07122322656554654,-0.041748679167098304,-0.14213197969543145,-0.0200973790531441
-0.04915952240764156,-0.0831412365271493,-0.04283975240370871,-0.07262367272110619,-0.06780802405859092,-0.060606060687371066,-0.11996892012987297,0.008080808091649475,0.07552447562580088,0.35493395541014233,0.3785547790626562,0.378347578855178,1.0,0.29753949793868323,0.5227661234674775,-0.02590002593477396,0.23714063745879035,-0.10101010114561844,0.24428904461678796,-0.24652283154685578,0.2218078221054042,0.12483812500561048,0.03517314616942952,0.0869204870371014,0.11779331795135196,0.1514633516665581,-0.007614804840804328,-0.02413882417120933,-0.03517314616942952,0.2185962188894922,0.20036260063141137,0.06433566442197851,0.11453288097291409,-0.10292936883454559,-0.02911162915068593,-0.19000259025750177,-0.049520849587287814,0.21083713220058015,0.29500893583932414,0.04030044035450828,-0.08510968947919396,0.11561771577283095,0.13633773652065012,0.014814814834690706,-0.024035224067470235,0.023828023859992043,-0.16177575182198584,-0.19590779617063023,-0.2040456888974711,-0.03014763018807689,-0.04858844865363595,-0.032944832989032474,-0.09790209803344557,-0.07542087552206177,-0.09241129253527348,0.011862519105742798,-0.08899248911188332,0.044858844919028494,0.3765863770916134,0.3278943283342383,0.3926443931711732,0.8251748262818983,0.28023828061425426,0.2581714585178268,0.3189411796247092,0.5028749035495712,-0.16482776504890148,0.273504273871213,0.1021497022867485,0.028904428943207737,0.15933695955072938,-0.06278166286589207,0.1916601919173273,-0.12976249065452275,0.16478023264352767,0.13706293724682378,0.027041027766266053,0.07889352226221083,0.18078218102472224,0.1468013469982988,0.035122254455035216,-0.08598808610344955,-0.1173789175363956,-0.07252007261736708,-0.1092981094447461,-0.20015540042393315,-0.07500647510710538,-0.15560735581612195,-0.258229946472174,-0.10660450674752961,0.18228910363803016,0.026625226660947632,0.1992229994902813,0.08018648029406017,0.04035328551691546,-0.06371406379954393,-0.09795643506095908,-0.18616938641915523,-0.22139342169044782,-0.18275058299576508
0.04480588434850746,-0.14177306989810973,-0.06283183550836942,-0.1832590904382057,-0.16052420300118453,-0.1452398218170517,0.0032114368590075624,-0.03584377913601989,-0.016160779032425153,0.2887185330985185,0.35999171242100897,0.4103387547912566,0.29753949793868323,1.0,0.48989951310473423,0.01906143167927069,0.5550606029213716,-0.03118201595358956,0.6214648295866569,-0.2987231618934596,0.5348596291308402,0.25235678027556196,0.2349071508907299,0.12783590593597843,0.052004558168445035,0.060395731896819634,-0.0352749216662816,-0.19993784315756757,-0.1750278418654413,0.272143375116544,0.1291826375220139,-0.022272868538278253,0.03682888297316625,-0.15026805837574583,-0.017921889568009945,-0.28509271728996166,-0.2745260540764529,0.13022533040004347,0.21087254934424723,-0.0910597741634725,-0.16332133335357693,-0.03895162125764011,-0.015539210608101107,-0.1345695638661556,-0.016160779032425153,-0.10690976898373562,-0.18466240196812614,-0.0898166373148244,-0.13213850979542488,-0.14700093235263648,0.03801926862115404,-0.058116647674298146,0.027763389619807313,-0.14959080078732,-0.2048067958147726,-0.06925487557682598,-0.07148036879726509,-0.052108152905832386,0.29586656997824506,0.3221796332746296,0.2967989226147311,0.35450119133947994,0.4371697917745778,0.4729099761732104,0.5211468236188826,0.46762664456645603,-0.12659276908733036,0.5124831658551745,0.13529472702786696,0.008183984253599917,0.1595358955765047,-0.030974826478814874,0.37998549673676574,-0.17937893352471831,0.13358887368185057,0.039262405469802135,-0.06133126141354474,0.05609800317853593,0.06940847404951828,0.065368279291412,-0.031287231329206945,-0.13311923754273283,-0.07624572671708275,-0.0669222003522221,-0.18377706412514241,-0.15704962187920854,-0.22832280120169895,-0.24510514865844812,-0.29685840832519794,-0.1516626955350668,0.15638030618282545,0.06433233191753858,0.20511758002693462,-0.027866984357194653,-0.06490378391754896,-0.12793950067336576,-0.1770997902746208,-0.10784212162022168,-0.14834766393867188,-0.20594633792603334
0.0019165522784910705,-0.0482245992236537,0.025640361563596756,-0.1200663006319279,-0.008961176869701493,0.01305293691080493,-0.15549570081839842,0.11644048482337098,0.12679995856210505,0.31130218584895886,0.3519113229047964,0.2864394488759971,0.5227661234674775,0.48989951310473423,1.0,-0.0016575157981974515,0.3022894436962602,0.04299181601574639,0.378845954625505,-0.3679262387600561,0.4142753548119755,0.15559929555578575,0.21978192750371925,0.04786076867295141,0.1160261058738216,0.10452709002382679,0.027815907393235268,-0.07956075831347767,-0.14208386215948668,0.19424013260126385,0.16502641665803378,0.045478089713042576,0.009893553653832283,-0.10427080369196014,-0.032632342277012324,-0.22625090645395213,-0.17217445353776026,0.11054131068961526,0.17223071151304892,-0.14451465865534027,-0.23708269672036839,0.058427431886460164,-0.005179736869367036,-0.08567284781933077,0.0039366000207189476,-0.0679581477260955,-0.2395690348113838,-0.1712421009012742,-0.21263370549204985,-0.18968196415622085,0.0015539210608101106,0.0618460582202424,-0.13094374805759867,-0.11146793742877861,-0.01750751061846058,0.07370956465656198,-0.060084947684657615,0.10722055319589764,0.2915155910079768,0.2264580959287268,0.25121723816430125,0.5411789081114678,0.32508028592147514,0.37055837563451777,0.47090207469627904,0.7386304775717394,-0.2681031803584378,0.33264270175075106,0.1394385165233606,0.12980420594633793,0.20926136952242824,-0.12690355329949238,0.30394695949445766,-0.3165419182124036,0.11929242965851178,0.06226043716979177,0.0823620824725812,0.08707363189577,0.098207811043199,0.06060292137159432,-0.04009324014703009,-0.20377084844089918,-0.12452087433958355,-0.058427431886460164,-0.04413135812700714,-0.2652025277115922,-0.15684243240443385,-0.13177250595669737,-0.31944264598525496,-0.2589868434683518,0.11763487093116815,-0.05915259504817155,0.07458821091888532,-0.025173521185123796,-0.10934707729444999,-0.1476225007769605,-0.19077464977520575,-0.2267688801408888,-0.24842018025484305,-0.3344038122863358
0.1164952993061194,0.06573256328122078,-0.15368677325089206,0.19019993784315756,-0.024293595097630058,-0.20418522739044856,0.27970579094581993,0.0318035843779136,-0.107634932145447,-0.005179736869367036,-0.06049932663420698,-0.012016989536931522,-0.02590002593477396,0.01906143167927069,-0.0016575157981974515,1.0,0.154459753444525,0.20076660105666633,0.028384958044131357,0.10924347987399102,0.11478296902517351,0.32539107013363716,0.23594312509531962,0.18263752201388167,-0.01750751061846058,0.04703201077385268,0.1646680998195436,0.06329638454366518,-0.005335267153637305,-0.025484305397285814,0.07148036879726509,0.16699471666839322,0.04563466371217927,0.11898163739713485,0.2552574329224075,-0.2603335750543872,-0.17165647985082355,0.09831649844840196,-0.0016057600171141403,0.06712938982699679,-0.1254046774655914,0.023723194861701023,0.10328395317517869,-0.02714182119548327,-0.07883559515176629,0.10929244794364446,-0.0016057600171141403,0.177561379881902,-0.1378363679206686,-0.098207811043199,0.1761110535584792,0.051382989744121,0.3409302807417383,0.11965192168237851,-0.10649539003418626,-0.17917173868380035,0.1478296902517352,-0.06277841085672847,0.04920750025898684,-0.14099243758417074,-0.07520977934320935,-0.014606857971615041,-0.05625194240132601,-0.06194965295762975,-0.05350806766706151,-0.03346110017611105,0.0686833108878069,-0.04205946337926033,0.06847612141303222,0.11706205324769502,0.1287682585724645,0.3099554542629234,0.0865016057184295,0.027919504813694245,0.07433114917931584,-0.0435097897026831,0.04910644917233143,0.12695863877247607,-0.012949342173417588,0.145032632342277,-0.04796684803120137,-0.0980006215684243,-0.15052315342380607,0.21599502745260538,0.05231534238060706,-0.04609965813736662,-0.21661659587692944,0.027038226458095928,-0.10250964754415753,-0.1927898062778411,-0.09328947712330861,0.12431368486480886,0.07054801616077903,-0.08867709520356365,0.1686048017969847,-0.08059670568735108,0.08997435966862134,0.03563658966124521,-0.10121205842743188,-0.116751269035533
0.06417860197433611,-0.2556266349825252,-0.17968972578609524,-0.25650056977105556,-0.31074046266670086,-0.26012638557961254,0.009737905314410027,-0.17890811146793742,-0.1476225007769605,0.15228426395939085,0.24696985393142024,0.32238682274940433,0.23714063745879035,0.5550606029213716,0.3022894436962602,0.154459753444525,1.0,0.08950585310266237,0.5705998135294726,-0.22112869396968596,0.5086501605718429,0.5131047342794985,0.3285592189856449,0.2713146172174453,-0.054387237128353874,0.07956075831347767,0.008339592346947632,-0.045270900238267894,-0.15731268296695625,0.31658551745571323,0.12534963223868228,-0.006630063192789806,0.050400145053292204,0.03713967523454318,0.1796332746296488,-0.3937635968092821,-0.24127214337511652,0.08578088589597135,0.12685504135201706,-0.11229669532787734,-0.09049234677091622,-0.057495079249974095,0.06702579508960944,-0.15559929555578575,-0.046721226561690664,-0.033253910701336375,-0.08759161899806488,-0.018439863254946648,-0.09225350291871884,-0.19910908525846885,0.05096861079457163,-0.17134569563866153,0.04651403708691598,-0.1511447218481301,-0.3362685175593079,-0.1669472430696411,-0.1577747850409199,-0.17258883248730963,0.20853620636071687,0.21081529058323836,0.24179011706205325,0.29949238578680204,0.3247695017093131,0.37625608619082146,0.3443060268954094,0.2972133015642805,-0.10577022687247487,0.47239200248627367,0.2373355433543976,-0.01864705272972133,0.15487413239407435,0.08432611623329535,0.3800890914741531,-0.18580197359317488,0.1914998317184186,-0.07438102144411064,-0.010049210062692295,0.12208956001090414,0.04879312130943748,0.06091370558375634,0.12545972562804505,0.016575157981974512,-0.05065782658240961,0.11302185848958872,-0.15093753237335542,-0.06557546876618667,-0.2280120169895369,-0.116751269035533,-0.3489679108160633,-0.1277323111985911,0.12778741813614786,-0.022376463275665594,0.13829897441209985,-0.10773852688283433,-0.01745616534733759,-0.1941365378638765,-0.09515423069157018,-0.06319278980627784,-0.1364342691391277,-0.23774992230394693
0.034031752620773875,0.0673901220085644,0.0673901220085644,-0.116751269035533,-0.022428841529368474,0.11581891639904691,0.03967678441935149,0.1674090956179426,0.13633067440174038,-0.1801512483165855,-0.15093753237335542,-0.2762871646120377,-0.10101010114561844,-0.03118201595358956,0.04299181601574639,0.20076660105666633,0.08950585310266237,1.0,0.12441727960219622,0.1333816788409326,0.17890811146793742,0.1794260851548741,0.5007381317884643,0.08722676888014089,-0.09012742152698641,-0.12690355329949238,-0.0884203983617367,0.013674505335128975,-0.13555722467057113,-0.05873821609862218,-0.07386304775717392,-0.029731689630166785,-0.13990831632984815,0.3797363446923794,0.327462964881384,-0.033771884388273075,-0.1584999482026313,-0.22988863019705366,-0.2850483023928746,-0.3585413860975862,-0.16705084049010008,-0.06505749507924997,-0.07189474774681445,-0.238993059152595,-0.18688490624676266,-0.13363721122966954,-0.0544404444511923,0.1455506060292137,0.0700836549404978,-0.33057080700300423,-0.03905521599502745,0.1020408163265306,-0.0035222210711695844,-0.12162022169273799,0.03242515280223764,0.11846365029483996,0.06422873718015124,0.10473427949860147,-0.19537967471252457,-0.2633378224386201,-0.3030146068579716,-0.10318035843779136,-0.16243654822335024,-0.012534963223868227,-0.03506772682536364,0.014917642183777061,0.007873200041437895,-0.0407127317932249,0.3192789806277841,0.3380296280948928,0.38889464415207703,0.09458199523464207,0.17652543250802857,-0.2629820518351126,-0.061070679360566815,-0.20998653268413964,0.23061383092322735,-0.01838854213146838,-0.13695224282606444,-0.15300942712110224,0.10546490560639957,0.07924997410131565,-0.06339997928105252,0.3696260229980317,0.11851237957111779,-0.023412410649539,-0.11250388480265203,0.10981042163058115,0.0006733832329833491,-0.28902931731068054,-0.27126984547183075,-0.12524603750129493,-0.22500776960530405,-0.2112296695327877,-0.1530651887281382,-0.23174142753548116,-0.17678899801324388,0.016264373769812494,0.09406402154770536,-0.22790842225214958
0.024915179620383917,-0.21387687453755758,-0.14581336929600983,-0.27400808038951624,-0.21284090033296782,-0.20055941158189164,-0.025173521185123796,-0.09634310577022687,-0.05076142131979695,0.13084015332021132,0.30695120687869054,0.23070548016160775,0.24428904461678796,0.6214648295866569,0.378845954625505,0.028384958044131357,0.5705998135294726,0.12441727960219622,1.0,-0.30794333231430854,0.6102765979488242,0.2844711488656376,0.3070109555301777,0.15767119030353258,-0.08246141096032321,0.018543457992333985,-0.0019165522784910707,-0.11416140060084948,-0.15990261847843068,0.2315342380607065,0.11302185848958872,-0.07365585828239925,-0.004817280051342421,0.029369868700119917,0.1467937428778618,-0.2610587382160986,-0.18439863254946648,0.007977207987910379,0.118256455453922,-0.21703097482647882,-0.13307088657955568,-0.09323526364860664,0.01574640008287579,-0.11219310059049,0.0312856106909769,-0.1214130322179633,-0.11276579216959623,-0.02330881591215166,-0.06169226388332068,-0.2000414378949549,-0.022687247487827616,-0.16730550088055524,0.057184295037812076,-0.1238993059152595,-0.28084533305708065,-0.12706223619293502,-0.177561379881902,-0.10224800580130529,0.18460582202424117,0.20470320107738527,0.18512379571117787,0.27701232777374907,0.23619600124313683,0.4613073655858282,0.506643184754626,0.3522221071169584,-0.19289340101522842,0.5839635346524397,0.28405676991608825,0.019579405366207395,0.20594633792603334,-0.04609965813736662,0.40919921267999587,-0.3106368652462419,0.18062210257022604,-0.10369833212472805,-0.044237244296593925,-0.008443189767406609,0.012224179011706204,-0.022687247487827616,0.010774410788865967,-0.05024344763286025,-0.028799336993680716,0.026727442245933906,-0.16595876929451983,-0.1607790324251528,-0.16927380089091473,-0.18647052729721328,-0.33228872612216803,-0.17362477986118305,0.08945637256632646,-0.046721226561690664,0.0980006215684243,-0.11260747954003936,-0.15234000678492535,-0.16854863772920334,-0.2339747741065991,-0.14389309023101624,-0.14006008494768463,-0.23474567491971407
