0,1,2,3,4,5,6,7,8,9,10,11,12,13,14,15,16,17,18,19,20,21,22,23,24,25,26,27,28,29,30,31,32,33,34,35,36,37,38,39,40,41,42,43,44,45,46,47,48,49,50,51,52,53,54,55,56,57,58,59,60,61,62,63,64,65,66,67,68,69,70,71,72,73,74,75,76,77,78,79,80,81,82,83,84,85,86,87,88,89,90,91,92,93,94,95,96,97,98,99
1.0,0.21151079136690648,0.2988694758478931,-0.10894141829393629,0.02589928057553957,0.24419321685508735,0.08961973278520041,0.13833504624871532,0.22980472764645427,0.14388489208633093,-0.00986639260020555,0.06752659446708975,0.15806783144912642,0.14265159301130526,-0.007194244604316546,0.22569373072970195,0.1673175745118191,0.16300102774922917,0.10051387461459405,0.13442959917780062,0.14122725945709286,-0.0263103802672148,0.09373072970195273,-0.046659815005138744,0.08787707499141816,-0.08571428571428572,-0.30565262076053445,-0.16064545989659249,-0.01716429417961033,-0.13648509763617678,0.3282631038026722,0.22713257965056527,0.29270298047276466,0.1537512846865365,-0.20411099691675233,0.22733812949640286,0.06002055498458376,-0.033710174717368965,-0.16485097636176774,-0.08078108941418294,-0.08036998972250771,0.047482014388489216,-0.10071942446043167,-0.01891058581706064,-0.1710174717368962,-0.26248715313463516,-0.0855087358684481,0.11469681397738953,0.2916752312435766,0.09270298047276464,0.1196300102774923,0.16320657759506682,-0.1751284686536485,-0.26877023520767074,0.15539568345323743,0.21849948612538542,-0.10051387461459405,0.0065775950668037,-0.13125032136145143,0.10421377183967112,0.25282631038026726,0.22857142857142856,0.1603288797533402,0.18622816032887976,0.2195272353545735,0.08180883864337102,-0.09681397738951696,0.13484069886947586,0.15292908530318602,0.1393627954779034,0.2343268242548818,0.05508735868448099,0.1127498845211529,-0.11459992820518275,0.22548818088386435,0.18848920863309354,0.16217882836587874,-0.07410452756586257,0.17307297019527237,0.06824254881808839,0.20863309352517986,0.15169578622816035,-0.15416238437821173,-0.008221993833504625,-0.218705035971223,0.16628982528263106,0.09167523124357657,0.009558559034154255,0.2131551901336074,-0.14029497937226407,-0.17307297019527237,-0.04295991778006167,-0.16382322713257966,0.15560123329907502,0.018499486125385406,-0.13401849948612538,-0.24727646454265162,-0.07440904419321687,0.26084275436793425,0.11387461459403907
0.21151079136690648,1.0,0.43782117163412126,0.17183967112024667,0.43576567317574516,0.296813977389517,0.1932168550873587,0.381294964028777,0.4789311408016444,0.08098663926002056,-0.21664953751284688,-0.0656765507830599,0.1658787255909558,0.24830421377183967,0.25590955806783144,0.5134635149023639,0.28941418293936283,0.4104830421377184,0.27399794450154163,0.30832476875642345,0.33651968519834213,0.07728674203494348,0.33874614594039054,0.013360739979445016,-0.03648697265725549,-0.2411099691675231,-0.01788283658787256,-0.28953183655067244,0.1818181820582675,0.05015416238437821,0.09516957862281604,0.10339157245632066,0.2750256937307297,0.27050359712230215,-0.10339157245632066,0.07852004110996917,-0.14306269270298047,0.2606372045220966,-0.048509763617677296,0.25467625899280577,-0.11572456320657759,-0.10709146968139774,-0.22322713257965057,-0.16115107913669066,-0.10113052415210688,-0.09681397738951696,-0.0961973278520041,0.10853031860226105,0.22877697841726619,0.07831449126413156,-0.0008221993833504625,0.6191161356628982,0.20637204522096608,0.10658307224105336,0.5060637204522097,0.3734840698869476,0.24480986639260022,0.4312435765673176,-0.08705483335407155,-0.13833504624871532,0.09825282631038026,0.19527235354573483,0.18869475847893116,0.31531346351490236,0.3375128468653649,0.2857142857142857,-0.021993833504624874,0.27379239465570404,0.38848920863309355,0.4386433710174718,0.44316546762589926,0.013566289825282631,0.3026877027482181,0.07821573575259558,0.19095580678314492,-0.12065775950668037,0.22589928057553957,0.11131096165579633,-0.17266187050359713,-0.045220966084275435,0.18191161356628985,0.16526207605344295,-0.18170606372045223,-0.041109969167523124,-0.017677286742034944,0.16505652620760536,0.027132579650565262,-0.20052417930790273,0.19177800616649537,0.03566473101990889,-0.1722507708119219,-0.03062692702980473,0.05200411099691676,-0.16423432682425487,-0.218705035971223,-0.27667009249743063,-0.07872559095580679,-0.01644398766700925,0.29907502569373073,0.22774922918807813
0.2988694758478931,0.43782117163412126,1.0,-0.13956834532374102,0.22918807810894143,0.6431654676258993,-0.027749229188078112,0.1738951695786228,0.6156217882836588,0.11243576567317576,0.01459403905447071,0.17051235954475172,0.17307297019527237,0.25673175745118193,0.17142857142857143,0.11860226104830421,0.2850976361767729,0.4263103802672148,0.2195272353545735,0.4367934224049332,0.3126734521604632,-0.18725590955806784,0.19095580678314492,0.03001027749229188,0.08499922926070504,-0.11551901336073998,-0.0735868448098664,-0.15735649334720608,0.24369186526859937,-0.07214799588900309,0.13566289825282632,-0.007810894141829393,0.014182939362795478,0.15477903391572456,-0.20554984583761562,0.23453237410071942,-0.118191161356629,-0.04542651593011306,-0.19794450154162385,0.03247687564234327,-0.15539568345323743,-0.10565262076053443,-0.23987667009249744,-0.12517985611510793,-0.3192189105858171,-0.1537512846865365,-0.21027749229188078,0.12517985611510793,0.3621788283658787,0.017677286742034944,0.09804727646454266,0.391983556012333,-0.10298047276464543,-0.1801736987835743,0.6110996916752313,0.6787255909558069,0.03494347379239466,0.30483042137718397,0.041831543300008406,0.09208633093525181,0.2596094552929085,0.18232271325796506,0.20041109969167523,0.19301130524152108,0.21644398766700929,0.1963001027749229,-0.06947584789311408,0.22466598150051387,0.2135662898252826,0.3821171634121275,0.3385405960945529,-0.033093525179856115,0.2459530297713025,-0.02456446891572975,0.20184994861253855,0.10154162384378213,0.3379239465570401,0.07492676920320916,-0.054470709146968145,-0.0010277492291880781,0.21377183967112026,-0.05734840698869476,-0.2579650565262076,-0.08900308324768756,-0.2324768756423433,-0.008221993833504625,-0.0565262076053443,-0.10370522651034025,0.1697841726618705,-0.08458810844203175,-0.11202466598150052,0.09003083247687566,-0.06988694758478932,0.06906474820143885,-0.08365878725590956,-0.3077081192189106,-0.23227132579650567,0.02487153134635149,0.4020554984583762,0.02816032887975334
-0.10894141829393629,0.17183967112024667,-0.13956834532374102,1.0,0.3303186022610483,-0.28756423432682426,0.5699897225077082,0.524563206577595,-0.12517985611510793,-0.13299075025693732,-0.20822199383350465,-0.2843928263172562,-0.02959917780061665,-0.19424460431654678,-0.05673175745118191,0.381294964028777,-0.20698869475847895,-0.06495375128468654,-0.22528263103802673,-0.10832476875642344,-0.1539726598738902,0.09969167523124357,-0.014182939362795478,-0.12456320657759508,-0.26753687275165083,-0.15416238437821173,-0.11181911613566291,-0.29590420924010863,-0.16228994317128567,0.023227132579650568,-0.12867420349434738,-0.027132579650565262,0.17697841726618704,0.016649537512846865,0.007810894141829393,-0.18437821171634122,-0.10174717368961973,0.1539568345323741,0.1749229188078109,0.14552929085303187,0.0842754367934224,-0.14429599177800617,0.09969167523124357,-0.15971223021582734,0.41007194244604317,-0.12045220966084276,-0.004316546762589928,-0.10626927029804728,-0.17553956834532375,0.06084275436793423,-0.1461459403905447,0.1745118191161357,0.2813977389516958,0.5929390007315688,-0.019116135662898253,-0.16937307297019527,0.4686536485097636,0.15683453237410072,-0.26856467479833407,-0.1171634121274409,-0.178622816032888,-0.01829393627954779,-0.07132579650565263,-0.019938335046248718,-0.11449126413155192,-0.02076053442959918,0.20883864337101748,-0.13257965056526208,-0.07009249743062693,0.008016443987667009,-0.1720452209660843,-0.1091469681397739,-0.18387378615163402,0.03258132487985913,-0.2692702980472765,-0.3551901336073998,-0.3001027749229188,-0.12960583808675824,-0.14121274409044193,-0.11531346351490238,-0.302158273381295,0.05734840698869476,0.22466598150051387,0.0972250770811922,0.260431654676259,0.0012332990750256938,-0.009660842754367936,-0.2214913410602411,-0.007810894141829393,0.010997481899510811,-0.18108941418293936,-0.12620760534429598,0.010277492291880781,-0.2655704008221994,-0.18191161356628985,0.017060637204522097,0.15621788283658788,-0.15354573484069886,-0.11593011305241523,0.052826310380267215
0.02589928057553957,0.43576567317574516,0.22918807810894143,0.3303186022610483,1.0,0.1880781089414183,0.178622816032888,0.3650565262076053,0.24357656731757452,0.03103802672147996,-0.22261048304213774,-0.13865049609757088,0.10030832476875642,0.10873586844809867,0.2355601233299075,0.3114080164439877,0.08448098663926003,0.22281603288797533,0.0591983556012333,0.27728674203494347,0.14965566941013625,0.05775950668036999,0.3270298047276464,0.12867420349434738,-0.14276170428430388,-0.1747173689619733,0.09989722507708121,-0.10349966610100361,0.16496222849266215,0.23329907502569375,0.060431654676259,-0.015210688591983558,0.05734840698869476,0.14367934224049334,-0.055498458376156225,-0.0067831449126413155,-0.11449126413155192,0.20534429599177803,-0.026515930113052415,0.2865364850976362,0.07070914696813978,-0.05960945529290853,-0.03062692702980473,-0.17985611510791366,0.024049331963001026,0.08304213771839672,0.06351490236382322,0.22014388489208633,0.1496402877697842,0.12620760534429598,0.015416238437821172,0.39362795477903395,0.2234326824254882,0.36127241940916355,0.4458376156217883,0.2092497430626927,0.3445015416238438,0.28345323741007195,-0.07657125247790238,-0.08756423432682425,-0.10750256937307298,0.10092497430626927,0.12271325796505653,0.20041109969167523,0.1724563206577595,0.2645426515930113,0.10400822199383351,0.10955806783144913,0.12476875642343269,0.22137718396711203,0.17410071942446043,0.05077081192189106,0.2048409479039724,0.132689244226808,0.034121274409044194,-0.18787255909558068,0.14881808838643373,0.24245850281257947,-0.06022610483042138,0.0487153134635149,0.04316546762589928,0.02117163412127441,-0.05817060637204522,-0.021993833504624874,0.07461459403905447,0.1471736896197328,0.03391572456320658,-0.08582147089805166,0.12168550873586846,0.12611131112803517,-0.045837615621788286,-0.06659815005138746,0.048509763617677296,-0.06002055498458376,-0.10873586844809867,-0.1708119218910586,0.218705035971223,0.0010277492291880781,0.22733812949640286,0.17574511819116134
0.24419321685508735,0.296813977389517,0.6431654676258993,-0.28756423432682426,0.1880781089414183,1.0,-0.15066803699897224,-0.012332990750256938,0.6357656731757451,0.22261048304213774,0.11983556012332991,0.27411480585042364,0.22240493319630011,0.39403905447070914,0.29146968139773893,-0.007605344295991779,0.3447070914696814,0.32805755395683456,0.30174717368961973,0.42034943473792397,0.33734196909619996,-0.08612538540596094,0.22302158273381295,0.13854059609455294,0.17626805100617793,0.0012332990750256938,0.0197327852004111,-0.006475152894104496,0.3000154174268417,0.08242548818088387,0.18129496402877696,0.09948612538540597,-0.09064748201438848,0.09558067831449128,-0.19116135662898256,0.22466598150051387,-0.06310380267214799,0.05570400822199383,-0.10174717368961973,0.120863309352518,-0.11140801644398766,0.06700924974306269,-0.1272353545734841,0.00020554984583761563,-0.4528263103802672,0.05632065775950668,-0.08324768756423433,0.18191161356628985,0.41521068859198357,0.016032887975334018,0.20904419321685508,0.23042137718396713,-0.11860226104830421,-0.20155198135458596,0.5704008221993834,0.7025693730729702,-0.07687564234326826,0.22918807810894143,0.252736523279412,0.13442959917780062,0.26084275436793425,0.2024665981500514,0.2813977389516958,0.23042137718396713,0.2826310380267215,0.26248715313463516,-0.07440904419321687,0.25467625899280577,0.19506680369989723,0.23699897225077082,0.36402877697841723,0.1079136690647482,0.29939873619883167,0.0839714272140218,0.29763617677286747,0.24830421377183967,0.383967112024666,0.19579628989315975,-0.005549845837615622,0.1510791366906475,0.26187050359712233,-0.09229188078108942,-0.29249743062692707,-0.04008221993833505,-0.2896197327852004,0.07852004110996917,-0.054470709146968145,-0.024358908506393103,0.08386433710174718,-0.014697569267570522,0.02816032887975334,0.20020554984583763,0.10770811921891059,0.1525179856115108,0.0894141829393628,-0.2024665981500514,-0.12867420349434738,0.06515930113052415,0.4020554984583762,0.024460431654676262
0.08961973278520041,0.1932168550873587,-0.027749229188078112,0.5699897225077082,0.178622816032888,-0.15066803699897224,1.0,0.5352517985611511,-0.016649537512846865,-0.0959917780061665,-0.10832476875642344,-0.19702965234917966,0.053442959917780065,-0.15025693730729703,-0.08345323741007195,0.43597122302158275,-0.1724563206577595,-0.001644398766700925,-0.22857142857142856,-0.03473792394655704,-0.10175763235991406,0.11901336073997945,-0.03062692702980473,-0.05508735868448099,-0.20134642094524932,-0.17800616649537512,-0.26392600205549843,-0.3460609491182514,-0.1002106995516172,-0.05035971223021583,-0.08304213771839672,0.07934224049331963,0.26618705035971224,0.05940390544707092,-0.06988694758478932,-0.0828365878725591,-0.009249743062692703,0.11531346351490238,0.1539568345323741,0.22528263103802673,0.09290853031860227,-0.04604316546762591,0.08982528263103802,-0.1815005138746146,0.2353545734840699,-0.1578622816032888,-0.07379239465570402,-0.12929085303186025,-0.04275436793422405,0.13442959917780062,-0.12106885919835561,0.21973278520041112,0.19917780061664953,0.3834729436175218,0.02857142857142857,-0.040287769784172665,0.3778006166495375,0.11120246659815006,-0.26630351029563093,-0.07646454265159301,-0.08900308324768756,0.054470709146968145,-0.028982528263103807,-0.043782117163412126,-0.1194244604316547,-0.05323741007194245,0.28776978417266186,-0.16217882836587874,-0.033093525179856115,0.05118191161356629,-0.08735868448098665,-0.03843782117163413,-0.16578447013000877,0.13865049609757088,-0.1710174717368962,-0.24501541623843784,-0.23144912641315518,-0.16578447013000877,-0.17410071942446043,-0.1605344295991778,-0.15539568345323743,0.08489208633093526,0.13257965056526208,0.14573484069886947,0.18725590955806784,0.041109969167523124,0.048304213771839674,-0.2815149805865431,0.08345323741007195,0.036281412247918844,-0.28345323741007195,-0.045632065775950664,0.03329907502569373,-0.18458376156217884,-0.03186022610483042,-0.06680369989722508,0.025077081192189106,-0.1995889003083248,0.012332990750256938,0.14573484069886947
0.13833504624871532,0.381294964028777,0.1738951695786228,0.524563206577595,0.3650565262076053,-0.012332990750256938,0.5352517985611511,1.0,0.15087358684480986,-0.053854059609455295,-0.2129496402877698,-0.21984685778554786,0.15477903391572456,-0.01891058581706064,0.015827338129496403,0.42795477903391577,-0.00328879753340185,0.19260020554984586,-0.06680369989722508,0.047687564234326824,0.05879329869683924,0.12826310380267214,0.13689619732785202,-0.1354573484069887,-0.22991931784304379,-0.27112024665981505,-0.21603288797533401,-0.3335217641487157,-0.0231255460503732,0.0024665981500513875,-0.041726618705035974,-0.047482014388489216,0.218705035971223,0.20184994861253855,-0.07173689619732786,-0.031654676258992806,-0.05960945529290853,0.09249743062692703,-0.008633093525179856,0.14820143884892087,-0.023638232271325797,-0.20369989722507706,-0.047687564234326824,-0.24953751284686537,0.15868448098663926,-0.23576567317574512,-0.05467625899280575,-0.03741007194244605,-0.021993833504624874,0.05118191161356629,-0.18417266187050363,0.3223021582733813,0.12045220966084276,0.34873323443962784,0.23144912641315518,0.08735868448098665,0.4820143884892087,0.2569373072970195,-0.29795981333347515,0.0010277492291880781,-0.018499486125385406,0.18211716341212744,0.1130524152106886,0.15334018499486127,-0.007810894141829393,0.09167523124357657,0.054470709146968145,0.05097636176772868,0.1459403905447071,0.24912641315519016,0.006166495375128469,-0.011510791366906477,0.007502954940787749,-0.041009301662661805,-0.07584789311408018,-0.27276464542651596,-0.05159301130524152,-0.07081556101647615,-0.1381294964028777,-0.24624871531346354,-0.13381294964028778,0.10565262076053443,0.07975334018499487,0.051387461459403906,0.16073997944501542,0.07954779033915725,0.024665981500513877,-0.22334138474427095,0.0894141829393628,-0.07739349411524897,-0.3009249743062693,-0.13586844809866394,-0.08612538540596094,-0.19260020554984586,-0.21336073997944502,-0.17430626927029805,-0.012127440904419324,-0.08139773895169579,0.0750256937307297,0.06330935251798561
0.22980472764645427,0.4789311408016444,0.6156217882836588,-0.12517985611510793,0.24357656731757452,0.6357656731757451,-0.016649537512846865,0.15087358684480986,1.0,0.14409044193216855,-0.011716341212744091,0.1618788223526124,0.16608427543679344,0.33525179856115106,0.23514902363823229,0.18232271325796506,0.30565262076053445,0.4386433710174718,0.32559095580678316,0.43597122302158275,0.4094973811332299,-0.10421377183967112,0.22836587872559097,0.09537512846865365,0.12282234457864877,-0.071120246659815,0.03247687564234327,-0.14420062714966045,0.27247032257573045,-0.010071942446043166,0.09414182939362795,0.028365878725590956,0.024049331963001026,0.18602261048304214,-0.2330935251798561,0.22096608427543682,-0.12024665981500515,0.08406988694758478,-0.11161356628982529,0.16402877697841728,-0.1734840698869476,-0.055498458376156225,-0.20575539568345325,-0.026927029804727647,-0.3956834532374101,-0.0789311408016444,-0.19794450154162385,0.07050359712230216,0.3445015416238438,-0.008633093525179856,0.09188078108941418,0.33525179856115106,0.024460431654676262,-0.10740531387839997,0.6041109969167523,0.6552929085303186,0.060431654676259,0.48571428571428577,0.11830001557324246,0.0526207605344296,0.20082219938335047,0.1815005138746146,0.1934224049331963,0.24768756423432683,0.2789311408016444,0.22219938335046252,-0.034121274409044194,0.26865364850976364,0.2785200411099692,0.39732785200411097,0.41377183967112025,-0.03638232271325797,0.2603422584248681,0.07780461493392228,0.20431654676258995,0.10400822199383351,0.35560123329907506,0.0823269439393286,-0.12353545734840699,0.007605344295991779,0.16485097636176774,-0.012127440904419324,-0.3192189105858171,-0.1260020554984584,-0.22507708119218914,-0.00328879753340185,-0.04090441932168551,-0.1378282544602243,0.14306269270298047,-0.029086797921136068,-0.10585817060637205,0.12867420349434738,0.09866392600205551,-0.007810894141829393,-0.06803699897225077,-0.2517985611510792,-0.19979445015416242,-0.047893114080164445,0.3745118191161357,0.03761562178828366
0.14388489208633093,0.08098663926002056,0.11243576567317576,-0.13299075025693732,0.03103802672147996,0.22261048304213774,-0.0959917780061665,-0.053854059609455295,0.14409044193216855,1.0,0.22178828365878725,0.2235469451536076,0.15334018499486127,0.20863309352517986,0.16485097636176774,-0.046659815005138744,0.14861253854059608,-0.1434737923946557,0.049331963001027754,-0.0959917780061665,0.04543118535664851,0.14409044193216855,0.02076053442959918,0.09373072970195273,0.41821265279541575,0.07728674203494348,-0.09208633093525181,0.007502954940787749,0.09507168931820094,0.09886947584789312,0.22281603288797533,0.2343268242548818,-0.06721479958890031,-0.1880781089414183,-0.11140801644398766,-0.17697841726618704,-0.1432682425488181,0.13833504624871532,0.041726618705035974,0.10606372045220966,-0.19732785200411102,0.06289825282631038,-0.0762589928057554,0.006372045220966085,-0.10503597122302159,-0.07605344295991778,-0.01747173689619733,-0.05035971223021583,-0.017266187050359712,-0.16485097636176774,0.012949640287769786,-0.023227132579650568,-0.11654676258992805,-0.17277352404745489,0.10709146968139774,0.12620760534429598,-0.21911613566289825,0.012538540596094553,0.3271493914592795,0.20637204522096608,0.28674203494347383,0.14655704008221992,0.1815005138746146,0.20082219938335047,0.2341212744090442,0.2316546762589928,-0.2158273381294964,0.1313463514902364,0.0355601233299075,-0.13422404933196302,0.14655704008221992,0.07872559095580679,0.08027133984596208,-0.007091834122114448,0.296813977389517,0.3815005138746146,0.09290853031860227,0.1423505834656306,0.18643371017471738,0.16546762589928057,0.15868448098663926,-0.19547790339157248,-0.128879753340185,-0.009660842754367936,-0.09969167523124357,0.020554984583761562,-0.2300102774922919,0.0977439746395774,-0.22446043165467625,-0.09198828317815116,-0.0302158273381295,0.26639260020554983,0.16238437821171636,0.1434737923946557,0.10832476875642344,0.008838643371017472,-0.0036998972250770813,-0.008016443987667009,-0.04439876670092498,-0.0959917780061665
-0.00986639260020555,-0.21664953751284688,0.01459403905447071,-0.20822199383350465,-0.22261048304213774,0.11983556012332991,-0.10832476875642344,-0.2129496402877698,-0.011716341212744091,0.22178828365878725,1.0,0.47453620495365806,0.06372045220966084,0.07749229188078109,0.1130524152106886,-0.2957862281603289,0.046248715313463515,-0.13648509763617678,-0.021788283658787256,-0.0552929085303186,-0.018912529650731504,0.008838643371017472,-0.15889003083247688,0.11510791366906474,0.4313685189929614,0.29804727646454265,-0.038232271325796506,0.051287322129494335,0.033814687335879036,-0.08201438848920864,0.004522096608427544,0.04809866392600205,-0.18972250770811921,-0.2838643371017472,-0.04152106885919836,-0.0709146968139774,-0.12353545734840699,-0.0709146968139774,0.019938335046248718,-0.13237410071942446,-0.10606372045220966,0.060431654676259,0.026104830421377186,0.08571428571428572,-0.1091469681397739,-0.04275436793422405,-0.15847893114080164,-0.20328879753340184,0.03699897225077081,-0.17142857142857143,0.09064748201438848,-0.2628982528263104,-0.17697841726618704,-0.21244668304942846,-0.06885919835560124,0.08633093525179857,-0.2959917780061665,-0.0894141829393628,0.37833393338410554,0.43042137718396717,0.3044193216855087,-0.01829393627954779,-0.002672147995889003,-0.15930113052415212,0.014182939362795478,0.07667009249743063,-0.033710174717368965,-0.12024665981500515,-0.18108941418293936,-0.16916752312435768,-0.0030832476875642346,-0.056937307297019533,-0.1059663910130434,-0.09383832686218103,0.1459403905447071,0.38807810894141836,-0.004933196300102775,0.0231255460503732,0.08859198355601235,0.06762589928057554,0.00328879753340185,-0.28180883864337103,-0.10421377183967112,-0.0010277492291880781,-0.052415210688591986,-0.18252826310380266,-0.1815005138746146,0.055809651134900655,-0.11634121274409044,-0.10719975346906332,0.1091469681397739,0.2199383350462487,-0.09290853031860227,0.13442959917780062,0.06680369989722508,0.06639260020554985,-0.06536485097636177,-0.0421377183967112,0.03905447070914697,-0.16916752312435768
0.06752659446708975,-0.0656765507830599,0.17051235954475172,-0.2843928263172562,-0.13865049609757088,0.27411480585042364,-0.19702965234917966,-0.21984685778554786,0.1618788223526124,0.2235469451536076,0.47453620495365806,1.0,0.10391078691967691,0.2077187936346855,0.20792435404402215,-0.22457474720029083,0.20833547486269546,0.020658821138333394,0.15715093293786944,0.1014440620076371,0.11872333880099276,-0.11624441147987595,-0.05827637604694046,0.23958065708186635,0.38524000411141945,0.3448275866622315,0.003597307163391387,0.04666461095693288,0.11244732243807173,-0.027442314646442863,0.11973893843859901,0.014492008858233872,-0.23875841544451973,-0.1875738735196937,-0.15427308720715632,-0.014492008858233872,-0.12631687153737184,-0.12775579440272838,-0.05210956376684094,-0.11398324697717278,-0.1647566680833255,0.10062182037029051,-0.030320160377155972,0.05683745318158391,-0.2552032481914518,-0.051081761720157694,-0.2589033355595115,-0.1351559691388478,0.12015005925727232,-0.17626805100617796,0.2377306133978365,-0.06526542996438658,-0.02291998564103655,-0.26518655565834104,0.09116604154080457,0.23608613012314328,-0.17112904077276167,0.031553522833175876,0.41545893719806765,0.28747623245730597,0.2194357369668746,0.07369340674718926,0.04409270780271157,-0.009969679852827557,0.17092348036342503,0.15180636229511651,-0.049642838854801134,0.05786525522826716,-0.0019528238886981812,-0.007502954940787749,0.183873786151634,-0.005652911256757893,0.06084900812005344,-0.1001130640353582,0.2876817928666426,0.4642581844868255,0.13741713364155098,0.08777880563264467,0.0969217330022308,0.1818181820582675,0.11172208247446964,-0.24636415058997582,-0.24944755673002555,0.030936841605165924,-0.20751323322534884,-0.13042807972410483,-0.16085102030592915,0.04954260458423271,-0.059920859321633664,-0.11347517730496454,0.25458656696344184,0.23033043866171707,-0.04984839926413778,0.1785292155088811,0.11089984083712304,-0.015930931723590426,-0.25088647959538213,-0.04758723476143463,0.09918289750493395,-0.15756205375654272
0.15806783144912642,0.1658787255909558,0.17307297019527237,-0.02959917780061665,0.10030832476875642,0.22240493319630011,0.053442959917780065,0.15477903391572456,0.16608427543679344,0.15334018499486127,0.06372045220966084,0.10391078691967691,1.0,0.4123329907502569,0.3747173689619733,0.12045220966084276,0.2770811921891059,0.07420349434737925,0.22219938335046252,0.01932168550873587,0.2265392138598491,0.29722507708119217,0.2836587872559096,0.052826310380267215,0.011203042308847461,-0.03802672147995889,-0.011716341212744091,0.01038080067150086,0.19929081685188282,0.25241521068859196,0.09146968139773896,0.14162384378211718,0.14758478931140803,0.06166495375128469,0.028982528263103807,-0.10071942446043167,-0.14552929085303187,0.24419321685508735,0.0867420349434738,0.1079136690647482,-0.21644398766700929,0.06063720452209661,-0.06207605344295992,-0.11675231243576568,-0.08180883864337102,0.039260020554984586,-0.03247687564234327,0.08386433710174718,-0.052826310380267215,-0.1605344295991778,0.020143884892086333,0.11921891058581706,0.008633093525179856,0.027236754237106215,0.24295991778006165,0.16464542651593014,-0.002261048304213772,0.05467625899280575,0.06834883610443634,0.07954779033915725,0.26598150051387465,0.6988694758478932,0.4707091469681398,0.39218910585817063,0.2725590955806783,0.41192189105858174,-0.1868448098663926,0.29270298047276466,0.23186022610483045,0.02589928057553957,0.1907502569373073,0.3539568345323741,0.2644534666116011,-0.06526542996438658,0.30318602261048305,0.05611510791366906,0.0421377183967112,0.222724703516261,0.04974306269270298,0.034121274409044194,0.16546762589928057,-0.07975334018499487,-0.15662898252826313,0.055909558067831454,-0.025077081192189106,0.2143884892086331,-0.1685508735868448,-0.025797831371749656,-0.14984583761562179,-0.18120150083025757,-0.0801644398766701,0.012538540596094553,0.08201438848920864,-0.0552929085303186,-0.06536485097636177,-0.17019527235354576,-0.019527235354573486,-0.040287769784172665,-0.002672147995889003,-0.09373072970195273
0.14265159301130526,0.24830421377183967,0.25673175745118193,-0.19424460431654678,0.10873586844809867,0.39403905447070914,-0.15025693730729703,-0.01891058581706064,0.33525179856115106,0.20863309352517986,0.07749229188078109,0.2077187936346855,0.4123329907502569,1.0,0.49537512846865367,0.07954779033915725,0.580267214799589,0.19650565262076053,0.5981500513874615,0.10585817060637205,0.47178538639596523,0.1514902363823227,0.42158273381294964,0.12456320657759508,0.08171026271131865,-0.09989722507708121,0.09825282631038026,0.07451564838453587,0.25191428164206536,0.26906474820143883,0.1183967112024666,0.14429599177800617,0.05364850976361768,0.0709146968139774,-0.024665981500513877,-0.027338129496402876,-0.1683453237410072,0.26865364850976364,-0.015827338129496403,0.10154162384378213,-0.32559095580678316,0.07564234326824255,-0.1987667009249743,-0.008016443987667009,-0.2949640287769784,0.11593011305241523,-0.012949640287769786,0.16546762589928057,0.06413155190133607,-0.21788283658787258,0.03144912641315519,0.0947584789311408,0.011716341212744091,-0.16537334931133546,0.2616649537512847,0.2499486125385406,-0.09784172661870505,0.11161356628982529,0.15118968106710656,0.12045220966084276,0.34265159301130527,0.4010277492291881,0.5436793422404934,0.5276464542651593,0.5560123329907503,0.463103802672148,-0.27995889003083246,0.48324768756423436,0.34881808838643374,0.10339157245632066,0.39280575539568346,0.28838643371017475,0.45911917425340926,-0.03730921429460209,0.4024665981500514,0.1763617677286742,0.23227132579650567,0.34462202625289484,0.00020554984583761563,0.11325796505652622,0.26515930113052416,-0.1301130524152107,-0.3044193216855087,-0.054881808838643374,-0.12805755395683455,0.13730729701952724,-0.2263103802672148,0.04758723476143463,-0.12332990750256938,-0.19127396088775345,-0.03432682425488181,0.07934224049331963,0.16115107913669066,-0.04193216855087359,-0.028982528263103807,-0.16793422404933198,-0.034121274409044194,0.08982528263103802,0.07769784172661871,-0.0894141829393628
-0.007194244604316546,0.25590955806783144,0.17142857142857143,-0.05673175745118191,0.2355601233299075,0.29146968139773893,-0.08345323741007195,0.015827338129496403,0.23514902363823229,0.16485097636176774,0.1130524152106886,0.20792435404402215,0.3747173689619733,0.49537512846865367,1.0,0.044809866392600206,0.37081192189105855,0.09681397738951696,0.2998972250770812,0.1936279547790339,0.38852914173785374,0.1734840698869476,0.37533401849948617,0.20781089414182938,0.06588211119239654,0.03802672147995889,0.15313463514902365,0.10514414937569681,0.47124723840427163,0.32394655704008224,-0.002672147995889003,0.11408016443987667,-0.004522096608427544,-0.06248715313463515,-0.08242548818088387,-0.07934224049331963,-0.16896197327852006,0.26762589928057556,0.008633093525179856,0.21397738951695788,-0.19301130524152108,0.10585817060637205,-0.16813977389516957,0.05179856115107914,-0.12867420349434738,0.17286742034943473,-0.0789311408016444,0.09249743062692703,0.10174717368961973,-0.10544707091469682,0.01891058581706064,0.13771839671120248,0.07153134635149024,-0.0005139010233416267,0.23227132579650567,0.27153134635149023,-0.05570400822199383,0.1130524152106886,0.24060845912854958,0.12065775950668037,0.2129496402877698,0.3247687564234327,0.405344295991778,0.33833504624871535,0.4587872559095581,0.7132579650565263,-0.05323741007194245,0.2668036998972251,0.241726618705036,0.08509763617677288,0.41356628982528265,0.2918807810894142,0.38696747057624487,0.056837453181583904,0.4322713257965057,0.16875642343268246,0.2896197327852004,0.41780153197674247,-0.06248715313463515,0.07646454265159301,0.2633093525179856,-0.12826310380267214,-0.2211716341212744,0.07934224049331963,0.0789311408016444,0.1420349434737924,-0.11757451181911614,0.004830669619411291,-0.03473792394655704,0.002158384298034832,0.05220966084275437,0.03227132579650565,0.15313463514902365,-0.11860226104830421,-0.0197327852004111,-0.009044193216855088,0.13833504624871532,0.048509763617677296,0.1761562178828366,0.04152106885919836
0.22569373072970195,0.5134635149023639,0.11860226104830421,0.381294964028777,0.3114080164439877,-0.007605344295991779,0.43597122302158275,0.42795477903391577,0.18232271325796506,-0.046659815005138744,-0.2957862281603289,-0.22457474720029083,0.12045220966084276,0.07954779033915725,0.044809866392600206,1.0,0.15601233299075026,0.2770811921891059,0.15827338129496404,0.12189105858170607,0.174324186345873,0.13175745118191162,0.25220966084275437,0.014799588900308325,-0.18161262164893086,-0.3070914696813977,-0.10154162384378213,-0.34564982829957813,-0.01058636108083751,0.011716341212744091,0.11469681397738953,0.22980472764645427,0.4548818088386434,0.32538540596094556,-0.03494347379239466,0.05364850976361768,-0.008016443987667009,0.32538540596094556,0.06885919835560124,0.2709146968139774,0.011510791366906477,-0.05960945529290853,-0.0709146968139774,-0.18972250770811921,0.052415210688591986,-0.1052415210688592,-0.01500513874614594,0.12106885919835561,0.08468653648509764,0.15210688591983557,-0.013360739979445016,0.39732785200411097,0.33771839671120246,0.2190246161482013,0.18314491264131552,0.040698869475847894,0.3325796505652621,0.27523124357656736,-0.30844339420964434,-0.22774922918807813,-0.05077081192189106,0.1708119218910586,0.07379239465570402,0.23453237410071942,0.22219938335046252,0.09558067831449128,0.06166495375128469,0.15889003083247688,0.3389516957862282,0.28591983556012335,0.2509763617677287,0.01829393627954779,0.18243486328627748,0.09815509545825069,0.041109969167523124,-0.2569373072970195,0.01274409044193217,-0.00010278020466832533,-0.1379239465570401,0.011716341212744091,0.10688591983556013,0.24522096608427543,-0.06392600205549846,0.010894141829393628,0.047893114080164445,0.25035971223021586,0.12230215827338131,-0.18901279638505028,0.1673175745118191,0.03566473101990889,-0.23494347379239466,-0.08057553956834533,0.1064748201438849,-0.18170606372045223,-0.1445015416238438,-0.1773895169578623,0.00041109969167523125,-0.08900308324768756,0.10441932168550874,0.25303186022610485
0.1673175745118191,0.28941418293936283,0.2850976361767729,-0.20698869475847895,0.08448098663926003,0.3447070914696814,-0.1724563206577595,-0.00328879753340185,0.30565262076053445,0.14861253854059608,0.046248715313463515,0.20833547486269546,0.2770811921891059,0.580267214799589,0.37081192189105855,0.15601233299075026,1.0,0.3486125385405961,0.6890030832476876,0.189311408016444,0.5577140537221149,0.14409044193216855,0.4154162384378212,0.08263103802672148,0.08849375621942811,-0.13442959917780062,0.034532374100719423,-0.05190400335750429,0.26054781883420475,0.08324768756423433,0.20513874614594038,0.18869475847893116,0.08201438848920864,0.24480986639260022,0.028365878725590956,0.03597122302158273,-0.07214799588900309,0.2723535457348407,-0.07173689619732786,0.05673175745118191,-0.22034943473792395,0.03535457348406989,-0.18643371017471738,-0.1103802672147996,-0.3331963001027749,0.011099691675231244,-0.029804727646454265,0.1934224049331963,0.15621788283658788,-0.0842754367934224,-0.005549845837615622,0.09393627954779034,-0.007605344295991779,-0.23855285503518311,0.22466598150051387,0.2458376156217883,-0.08961973278520041,0.04542651593011306,0.09568837054621089,0.12168550873586846,0.32744090441932167,0.33689619732785203,0.40390544707091475,0.5066803699897225,0.5753340184994862,0.3656731757451182,-0.2984583761562179,0.6172661870503597,0.5214799588900308,0.27276464542651596,0.48365878725590955,0.2501541623843782,0.5623104997404079,-0.11747777393589585,0.47235354573484073,0.20637204522096608,0.3375128468653649,0.2414307007658962,-0.01459403905447071,0.0972250770811922,0.3317574511819116,-0.03884892086330936,-0.3064748201438849,0.02857142857142857,-0.10585817060637205,0.1738951695786228,-0.06885919835560124,-0.012025283946194064,-0.028776978417266185,-0.1448173083776704,-0.0828365878725591,0.131551901336074,0.07564234326824255,-0.001644398766700925,0.009249743062692703,-0.2234326824254882,-0.08920863309352517,0.1301130524152107,0.17142857142857143,0.06515930113052415
0.16300102774922917,0.4104830421377184,0.4263103802672148,-0.06495375128468654,0.22281603288797533,0.32805755395683456,-0.001644398766700925,0.19260020554984586,0.4386433710174718,-0.1434737923946557,-0.13648509763617678,0.020658821138333394,0.07420349434737925,0.19650565262076053,0.09681397738951696,0.2770811921891059,0.3486125385405961,1.0,0.36197327852004113,0.5081192189105858,0.4594511279280969,-0.11017471736896198,0.3773895169578623,0.061459403905447074,-0.07533789002188247,-0.18561151079136692,0.07132579650565263,-0.1018551828263104,0.2163523308268248,-0.031243576567317573,0.15806783144912642,0.039260020554984586,0.11880781089414184,0.48468653648509763,-0.06598150051387461,0.3568345323741007,0.08838643371017471,0.018499486125385406,-0.18869475847893116,0.01829393627954779,-0.12846865364850976,-0.14162384378211718,-0.13689619732785202,-0.09373072970195273,-0.31120246659815004,-0.05611510791366906,-0.06988694758478932,0.22939362795477905,0.2805755395683453,0.08653648509763619,0.09167523124357657,0.30585817060637205,0.06742034943473793,-0.10288298487299366,0.36094552929085305,0.37389516957862284,0.2156217882836588,0.27132579650565264,-0.11377768656783613,-0.05817060637204522,0.06824254881808839,0.13648509763617678,0.13566289825282632,0.23720452209660842,0.26351490236382324,0.15169578622816035,-0.02857142857142857,0.3473792394655704,0.43782117163412126,0.7301130524152106,0.41027749229188076,-0.01891058581706064,0.4161570487020492,-0.007914075759461051,0.13175745118191162,-0.10298047276464543,0.413360739979445,0.06362094668969338,-0.09948612538540597,0.03699897225077081,0.19218910585817062,0.1590955806783145,-0.21911613566289825,-0.12826310380267214,-0.12579650565262077,0.1461459403905447,0.19650565262076053,-0.04882059721745453,0.3233299075025694,-0.0231255460503732,-0.06166495375128469,-0.024049331963001026,-0.033093525179856115,-0.044193216855087356,-0.11510791366906474,-0.2511819116135663,-0.19794450154162385,0.12168550873586846,0.36526207605344296,0.1290853031860226
0.10051387461459405,0.27399794450154163,0.2195272353545735,-0.22528263103802673,0.0591983556012333,0.30174717368961973,-0.22857142857142856,-0.06680369989722508,0.32559095580678316,0.049331963001027754,-0.021788283658787256,0.15715093293786944,0.22219938335046252,0.5981500513874615,0.2998972250770812,0.15827338129496404,0.6890030832476876,0.36197327852004113,1.0,0.1644398766700925,0.529961972169411,0.08057553956834533,0.3913669064748202,0.08242548818088387,0.04203710370934506,-0.11572456320657759,0.15601233299075026,0.02641451259975961,0.18716275270102042,0.11510791366906474,0.15930113052415212,0.12312435765673177,0.05097636176772868,0.2614594039054471,0.04131551901336074,0.07687564234326826,-0.06659815005138746,0.24008221993833503,-0.09167523124357657,0.003494347379239466,-0.2517985611510792,0.028982528263103807,-0.18910585817060638,-0.04152106885919836,-0.3477903391572456,0.05364850976361768,-0.016032887975334018,0.22939362795477905,0.12559095580678314,-0.13586844809866394,0.054265159301130524,0.1105858170606372,0.09085303186022611,-0.2280692741590139,0.20554984583761562,0.1958890030832477,-0.054470709146968145,0.14635149023638233,0.07616013165922908,0.01500513874614594,0.23062692702980475,0.2779033915724563,0.31778006166495376,0.42672147995889004,0.5537512846865366,0.2795477903391573,-0.30483042137718397,0.6174717368961973,0.5286742034943475,0.2536485097636177,0.4365878725590956,0.21007194244604319,0.5168816492770081,-0.09918289750493395,0.3397738951695787,0.14367934224049334,0.3105858170606372,0.2535587649167586,-0.01891058581706064,0.13607399794450153,0.28838643371017475,0.027132579650565262,-0.2585817060637205,-0.0263103802672148,-0.14799588900308325,0.15190133607399794,-0.0526207605344296,0.0860270313073883,-0.012949640287769786,-0.14420062714966045,0.017677286742034944,0.05817060637204522,0.09516957862281604,0.012127440904419324,-0.02589928057553957,-0.18047276464542653,-0.09804727646454266,0.11798561151079136,0.10626927029804728,0.011921891058581706
