0,1,2,3,4,5,6,7,8,9,10,11,12,13,14,15,16,17,18,19,20,21,22,23,24,25,26,27,28,29,30,31,32,33,34,35,36,37,38,39,40,41,42,43,44,45,46,47,48,49,50,51,52,53,54,55,56,57,58,59,60,61,62,63,64,65,66,67,68,69,70,71,72,73,74,75,76,77,78,79,80,81,82,83,84,85,86,87,88,89,90,91,92,93,94,95,96,97,98,99
1.0,0.18376156217882836,0.07029804727646455,0.21973278520041112,0.10339157245632066,0.2324768756423433,0.3225077081192189,0.10277492291880781,0.010894141829393628,-0.21007194244604319,-0.003494347379239466,-0.2709146968139774,-0.046454265159301136,0.1496402877697842,0.16813977389516957,0.27728674203494347,-0.10802199510640992,0.12682425488180885,0.14285714285714285,0.3011305241521069,0.10318602261048304,0.009764119443490907,-0.07801017534325892,-0.4184994861253854,-0.22158273381294963,-0.378622816032888,-0.025077081192189106,0.05179856115107914,0.27029804727646456,-0.2554984583761562,0.06413155190133607,0.16752312435765676,0.039671120246659815,-0.02158273381294964,-0.11736896197327853,0.4287769784172662,0.2719424460431655,0.2569373072970195,0.1459403905447071,0.065775950668037,0.1724563206577595,-0.2805755395683453,-0.21913865877912805,0.39547790339157246,0.13618377118553104,0.19013360739979446,0.1699897225077081,0.3090600754376543,0.46536485097636177,0.45960945529290853,0.5971223021582734,0.22190246187891438,0.07790339157245633,0.22569373072970195,-0.06351490236382322,0.24008221993833503,0.14799588900308325,0.0894141829393628,-0.25467625899280577,-0.10092497430626927,-0.1598232182592459,0.10092497430626927,0.030421377183967115,0.13485455924869422,0.09660842754367935,0.11161356628982529,0.17286742034943473,0.01346420681155062,-0.1958890030832477,0.006988694758478932,0.1260020554984584,-0.03247687564234327,-0.09825282631038026,-0.28427543679342243,-0.26885919835560124,-0.34018499486125386,0.035149023638232274,-0.23916953626319304,0.31880781089414184,0.05755395683453237,-0.2744090441932169,-0.023432682425488183,-0.13648509763617678,-0.22816032887975335,-0.12579650565262077,-0.021788283658787256,0.18581706063720455,0.014182939362795478,0.23731949257916318,-0.11901336073997945,-0.10195272353545735,0.13371704627349126,-0.017060637204522097,-0.2338249656204401,-0.10585817060637205,0.2779033915724563,0.2092497430626927,0.2819261014052164,0.42302158273381296,0.4924974306269271
0.18376156217882836,1.0,0.491469681397739,0.43288797533401857,0.48057553956834537,0.23350462487153137,0.2219938335046249,0.6887975334018499,0.43206577595066803,-0.16135662898252826,-0.034121274409044194,-0.2300102774922919,-0.13299075025693732,0.12435765673175746,0.07831449126413156,0.1944501541623844,-0.2771982119904734,0.1393627954779034,0.0131551901336074,0.0645426515930113,-0.023638232271325797,-0.2105966393653986,-0.1448173083776704,-0.30729701952723537,-0.1420349434737924,-0.25467625899280577,0.0487153134635149,-0.2316546762589928,0.12168550873586846,-0.08345323741007195,-0.010483042137718397,0.1183967112024666,-0.07646454265159301,-0.1948612538540596,-0.24912641315519016,0.17780061664953753,0.026721479958890033,0.28345323741007195,0.14285714285714285,0.03638232271325797,0.07153134635149024,-0.09578622816032889,-0.31945729431779085,0.2024665981500514,0.16681227217669203,0.13401849948612538,-0.027543679342240494,0.040803741253325164,0.19917780061664953,0.21397738951695788,0.19773895169578623,0.7115473569188162,0.21336073997944502,0.2620760534429599,0.3868448098663926,0.3130524152106886,0.5617677286742035,0.5808838643371017,-0.2589928057553957,-0.10688591983556013,-0.25869777515017484,-0.13196300102774922,0.07009249743062693,0.03145235909306435,0.05159301130524152,0.09578622816032889,0.25077081192189105,-0.21491340796146827,-0.19773895169578623,0.06885919835560124,0.0591983556012333,-0.007194244604316546,-0.016649537512846865,-0.18088386433710174,-0.30318602261048305,-0.24131551901336074,0.12045220966084276,-0.17914589673689105,0.11017471736896198,0.18561151079136692,-0.13566289825282632,0.026515930113052415,0.07749229188078109,-0.03391572456320658,0.13052415210688592,0.18972250770811921,0.10668036998972251,-0.09167523124357657,0.21080219977473524,0.1130524152106886,0.14367934224049334,0.20381314585728913,0.14676258992805757,-0.09281052481549779,-0.04316546762589928,0.22918807810894143,0.27728674203494347,0.3668225504612531,0.12271325796505653,0.31264131551901336
0.07029804727646455,0.491469681397739,1.0,0.24008221993833503,0.48879753340185,0.26762589928057556,0.06865364850976362,0.47913669064748204,0.4041109969167523,-0.07543679342240493,-0.03535457348406989,-0.08078108941418294,-0.20739979445015416,-0.07050359712230216,-0.09928057553956836,0.0974306269270298,-0.14132278141894733,0.0645426515930113,-0.11921891058581706,0.10400822199383351,-0.09434737923946558,-0.22005241819488455,-0.0019528238886981812,0.006372045220966085,-0.033093525179856115,0.05364850976361768,0.1868448098663926,-0.01788283658787256,0.10811921891058582,0.02219938335046249,-0.13463514902363824,-0.06659815005138746,-0.12579650565262077,-0.0855087358684481,-0.07934224049331963,0.02816032887975334,0.06742034943473793,0.002672147995889003,-0.09229188078108942,-0.0828365878725591,-0.03741007194244605,-0.13237410071942446,-0.25388015346362397,0.023227132579650568,0.13556708995752112,-0.021788283658787256,-0.10606372045220966,-0.07266560470050601,-0.02816032887975334,-0.022816032887975332,-0.012332990750256938,0.5329153612052668,0.020143884892086333,0.16752312435765676,0.5599177800616649,0.2957862281603289,0.3064748201438849,0.5163412127440904,-0.1936279547790339,-0.08098663926002056,-0.1526286039324631,-0.2585817060637205,-0.0051387461459403904,-0.14204954335495076,-0.11202466598150052,-0.0855087358684481,0.24090441932168552,-0.17503468855015802,0.017266187050359712,0.01829393627954779,-0.008221993833504625,0.1605344295991778,0.06063720452209661,-0.004933196300102775,-0.0030832476875642346,0.030421377183967115,0.30914696813977394,0.15386196638848304,-0.11634121274409044,0.08119218910585818,0.17553956834532375,0.15436793422404932,0.17821171634121274,0.13915724563206577,0.37430626927029803,0.2830421377183967,0.22466598150051387,0.14511819116135663,0.27802045362782,0.3424460431654676,0.15683453237410072,-0.027442314646442863,0.023843782117163412,-0.08746595417274486,0.1105858170606372,0.07749229188078109,0.1551901336073998,0.3063877901162778,0.027338129496402876,0.1354573484069887
0.21973278520041112,0.43288797533401857,0.24008221993833503,1.0,0.3097636176772868,0.27564234326824255,0.19424460431654678,0.3773895169578623,0.2135662898252826,-0.07440904419321687,-0.03062692702980473,-0.2569373072970195,-0.1734840698869476,0.03247687564234327,0.03329907502569373,0.09886947584789312,-0.32673827064060623,-0.003494347379239466,-0.002261048304213772,0.17040082219938338,-0.030832476875642344,-0.2646590270209377,-0.22128578065090446,-0.3371017471736896,-0.19897225077081193,-0.31860226104830425,0.07687564234326826,-0.05097636176772868,0.21274409044193218,0.03720452209660843,-0.03001027749229188,0.11901336073997945,-0.03144912641315519,-0.19095580678314492,-0.2300102774922919,0.24090441932168552,0.1934224049331963,0.2520041109969168,0.17677286742034942,0.013977389516957863,0.19013360739979446,-0.1313463514902364,-0.24504060156165167,0.27050359712230215,0.15345084556980973,0.17327852004111,0.08406988694758478,0.15077856024843325,0.289825282631038,0.32394655704008224,0.18273381294964028,0.3877897122135915,0.1975334018499486,0.49126413155190135,0.2168550873586845,0.3942446043165468,0.36793422404933196,0.30729701952723537,-0.14573484069886947,-0.035149023638232274,-0.1881905547477037,-0.11161356628982529,-0.004522096608427544,-0.028985507399490677,0.08633093525179857,0.06927029804727647,0.3430626927029805,-0.16907343667939517,-0.2949640287769784,-0.046454265159301136,0.14285714285714285,-0.19773895169578623,-0.18581706063720455,-0.21397738951695788,-0.3773895169578623,-0.31510791366906477,0.17574511819116134,-0.18860167556637697,0.19383350462487153,0.1747173689619733,-0.23987667009249744,0.030421377183967115,-0.0394655704008222,-0.16485097636176774,0.09044193216855087,0.06783144912641316,0.3029804727646454,-0.0750256937307297,0.29837093415214844,0.07708119218910586,0.10113052415210688,0.1180944551639058,0.12230215827338131,-0.1676345138140386,-0.1987667009249743,0.2992805755395684,0.2552929085303186,0.38038953747747206,0.25981500513874617,0.45837615621788286
0.10339157245632066,0.48057553956834537,0.48879753340185,0.3097636176772868,1.0,0.4178828365878726,0.03597122302158273,0.4139773895169579,0.43432682425488184,-0.2092497430626927,-0.19177800616649537,-0.27214799588900307,-0.2869475847893114,-0.09290853031860227,-0.10811921891058582,-0.04912641315519013,-0.27370368503175035,-0.04912641315519013,-0.15683453237410072,0.178622816032888,-0.17142857142857143,-0.12282234457864877,-0.061359782186990224,-0.1484069886947585,-0.10071942446043167,-0.12867420349434738,0.22363823227132582,0.023021582733812954,0.22548818088386435,0.052415210688591986,-0.10770811921891059,-0.035149023638232274,0.010894141829393628,-0.11079136690647481,-0.07009249743062693,0.11675231243576568,0.23083247687564235,0.10154162384378213,-0.00041109969167523125,-0.06536485097636177,0.128879753340185,-0.12929085303186025,-0.1356768431465521,0.16772867420349435,0.14070610019093738,0.18725590955806784,0.07995889003083248,0.08664371253539827,0.08838643371017471,0.16526207605344295,-0.018705035971223024,0.43424636472367456,-0.12476875642343269,0.0855087358684481,0.6435765673175745,0.2840698869475848,0.19650565262076053,0.49475847893114083,-0.30935251798561153,-0.24563206577595068,-0.252736523279412,-0.2813977389516958,-0.017677286742034944,-0.16178435690354015,-0.15827338129496404,-0.08735868448098665,0.13175745118191162,-0.2381417342165098,-0.09270298047276464,-0.11181911613566291,-0.054470709146968145,0.04152106885919836,0.01274409044193217,-0.22302158273381295,-0.17841726618705034,-0.12312435765673177,0.2316546762589928,0.07924353779927883,-0.021993833504624874,-0.044809866392600206,0.07667009249743063,0.12538540596094552,0.065775950668037,0.06659815005138746,0.3173689619732785,0.2853031860226105,0.2803699897225077,0.10339157245632066,0.222724703516261,0.25056526207605345,0.013566289825282631,-0.02456446891572975,-0.047482014388489216,-0.0527262449948509,0.1103802672147996,0.20513874614594038,0.3543679342240494,0.36127241940916355,0.07605344295991778,0.25077081192189105
0.2324768756423433,0.23350462487153137,0.26762589928057556,0.27564234326824255,0.4178828365878726,1.0,0.08612538540596094,0.15416238437821173,0.3183967112024666,-0.03247687564234327,-0.03144912641315519,-0.20883864337101748,-0.26803699897225075,0.01932168550873587,0.07276464542651594,-0.032682425488180886,-0.20669099158800225,-0.16135662898252826,-0.05159301130524152,0.2406988694758479,-0.04357656731757451,-0.2922041218720489,-0.07657125247790238,-0.1763617677286742,0.08263103802672148,-0.15539568345323743,0.11798561151079136,0.09290853031860227,0.3570400822199383,-0.06022610483042138,-0.040287769784172665,0.044193216855087356,0.009249743062692703,-0.23658787255909558,-0.23864337101747174,0.17677286742034942,0.1987667009249743,0.15745118191161359,-0.08838643371017471,-0.10606372045220966,0.005960945529290853,-0.24152106885919836,-0.31493473287957247,0.20719424460431657,0.09836065586758734,0.06721479958890031,-0.07872559095580679,0.04306490575602832,0.328879753340185,0.202672147995889,0.16505652620760536,0.24615859018063915,-0.16916752312435768,0.0036998972250770813,0.3878725590955807,0.6232271325796507,0.006166495375128469,0.30400822199383354,-0.1379239465570401,-0.09064748201438848,-0.058070815637603815,-0.11243576567317576,0.10483042137718397,0.06187686331380634,0.03699897225077081,0.0552929085303186,0.1366906474820144,-0.085615910488715,-0.18396711202466598,-0.22898252826310384,0.12559095580678314,-0.028365878725590956,-0.011099691675231244,-0.18890030832476876,-0.12456320657759508,-0.04953751284686536,0.3225077081192189,0.10514414937569681,0.23987667009249744,-0.07523124357656732,0.024049331963001026,-0.07975334018499487,-0.15662898252826313,-0.1895169578622816,0.1788283658787256,0.033710174717368965,0.2565262076053443,0.013360739979445016,0.32920499555264604,0.09640287769784174,-0.09825282631038026,0.0876715145820815,-0.05323741007194245,-0.13166144218012474,-0.041726618705035974,0.23514902363823229,0.14388489208633093,0.23752505298849985,0.351901336073998,0.3445015416238438
0.3225077081192189,0.2219938335046249,0.06865364850976362,0.19424460431654678,0.03597122302158273,0.08612538540596094,1.0,0.33874614594039054,0.27112024665981505,0.047276464542651594,0.2723535457348407,0.04439876670092498,0.23350462487153137,0.46454265159301134,0.46043165467625896,0.4495375128468654,0.1485173957457301,0.44871531346351495,0.40143884892086334,0.1745118191161357,0.4061664953751285,0.0673210340577531,0.01716429417961033,-0.1882836587872559,-0.05632065775950668,-0.17060637204522097,-0.2770811921891059,-0.24419321685508735,0.24234326824254881,-0.2830421377183967,0.05714285714285714,0.08201438848920864,-0.12559095580678314,0.011716341212744091,-0.20904419321685508,0.27995889003083246,-0.07913669064748202,0.3029804727646454,0.20760534429599178,0.3617677286742035,0.08201438848920864,-0.11901336073997945,-0.2265392138598491,0.1697841726618705,0.06320982587102009,0.08119218910585818,0.045837615621788286,0.27781489321848335,0.41109969167523125,0.27214799588900307,0.4367934224049332,0.24780307345533237,0.43761562178828367,0.17841726618705034,-0.11120246659815006,0.2129496402877698,0.39712230215827343,0.28756423432682426,0.06515930113052415,0.16423432682425487,0.07328228592851596,0.26618705035971224,0.2865364850976362,0.41401994257144836,0.41603288797533405,0.40431654676258993,0.29085303186022615,0.22765815334034062,-0.11901336073997945,0.3297019527235355,0.4022610483042138,0.08345323741007195,0.14758478931140803,0.13504624871531348,-0.03247687564234327,-0.18766700924974308,0.04912641315519013,-0.17914589673689105,0.1605344295991778,0.11017471736896198,-0.22178828365878725,-0.218705035971223,-0.23227132579650567,-0.1763617677286742,-0.2404933196300103,-0.16115107913669066,-0.02959917780061665,-0.20698869475847895,0.0993884579142706,-0.10544707091469682,0.09907502569373072,0.2944652863747521,0.26372045220966084,-0.14050053978160074,-0.09928057553956836,0.09373072970195273,0.031243576567317573,0.1347448483201745,0.40452209660842753,0.3025693730729702
0.10277492291880781,0.6887975334018499,0.47913669064748204,0.3773895169578623,0.4139773895169579,0.15416238437821173,0.33874614594039054,1.0,0.5422404933196301,-0.13216855087358687,-0.00986639260020555,-0.1379239465570401,-0.07831449126413156,0.12970195272353546,0.07461459403905447,0.25570400822199385,-0.13495040872951117,0.28078108941418295,0.04809866392600205,0.060431654676259,0.014182939362795478,-0.15345084556980973,-0.1439950667403238,-0.19260020554984586,-0.15477903391572456,-0.16546762589928057,-0.0696813977389517,-0.287153134635149,0.06536485097636177,-0.09578622816032889,-0.07379239465570402,0.03576567317574512,-0.15950668036998975,-0.0867420349434738,-0.22939362795477905,0.14696813977389517,-0.08715313463514902,0.18890030832476876,0.10626927029804728,0.12476875642343269,0.024665981500513877,-0.12579650565262077,-0.34988179853853285,0.05364850976361768,0.09897733709559729,0.031654676258992806,-0.05878725590955807,0.044914949440058166,0.15313463514902365,0.10873586844809867,0.1673175745118191,0.6527570798485341,0.2947584789311408,0.26084275436793425,0.3494347379239466,0.2587872559095581,0.6254881808838644,0.6520041109969167,-0.1738951695786228,-0.07029804727646455,-0.20854103527203208,-0.12785200411099693,0.10544707091469682,0.0552985921309432,0.06762589928057554,0.10359712230215828,0.3165467625899281,-0.12446682785334198,-0.09907502569373072,0.20657759506680373,0.09085303186022611,0.11408016443987667,0.06885919835560124,0.001644398766700925,-0.15889003083247688,-0.17965056526207604,0.11223021582733812,-0.12097230089461893,-0.020966084275436794,0.14902363823227133,-0.0526207605344296,0.01747173689619733,0.041726618705035974,0.03802672147995889,0.10298047276464543,0.16916752312435768,0.05035971223021583,-0.08838643371017471,0.2073076728160122,0.12702980472764644,0.21397738951695788,0.13762269405088762,0.1747173689619733,-0.11994449884793566,-0.02548818088386434,0.05611510791366906,0.12147995889003083,0.2730870038037404,0.10256937307297019,0.21767728674203493
0.010894141829393628,0.43206577595066803,0.4041109969167523,0.2135662898252826,0.43432682425488184,0.3183967112024666,0.27112024665981505,0.5422404933196301,1.0,-0.07810894141829394,0.018705035971223024,-0.07728674203494348,-0.1171634121274409,0.1738951695786228,0.13689619732785202,0.0972250770811922,-0.042242664118681716,0.06762589928057554,0.02857142857142857,0.049948612538540604,0.05796505652620761,-0.22560254924697412,-0.25170872123272875,-0.05960945529290853,0.060431654676259,-0.047276464542651594,-0.12004110996916752,-0.241726618705036,0.17574511819116134,-0.08859198355601235,-0.1788283658787256,-0.05159301130524152,-0.10215827338129498,-0.17327852004111,-0.30935251798561153,0.09167523124357657,-0.0972250770811922,0.13360739979445016,0.06865364850976362,0.15745118191161359,-0.06844809866392601,-0.1671120246659815,-0.3470038048960302,-0.041109969167523124,-0.038542576750622,-0.08406988694758478,-0.194655704008222,-0.10576083060370677,0.1290853031860226,0.020143884892086333,0.03843782117163413,0.40382342414185024,0.14244604316546763,0.0024665981500513875,0.36608427543679345,0.41109969167523125,0.31284686536485096,0.7426515930113052,-0.11120246659815006,-0.0894141829393628,-0.11131096165579633,-0.18108941418293936,0.22158273381294963,0.15808407936317964,0.14265159301130526,0.12559095580678314,0.34265159301130527,-0.07616013165922908,0.008838643371017472,0.09044193216855087,0.20205549845837614,0.1751284686536485,0.12579650565262077,0.10955806783144913,-0.031243576567317573,-0.0006166495375128469,0.2534429599177801,0.06238758423367347,-0.005960945529290853,0.013977389516957863,0.10668036998972251,0.0020554984583761563,-0.033710174717368965,0.07235354573484071,0.175950668036999,0.1751284686536485,0.0748201438848921,-0.09886947584789312,0.27288144339440373,0.24563206577595068,0.2692702980472765,0.17154016159143498,0.21849948612538542,-0.07410452756586257,0.07050359712230216,-0.02219938335046249,0.016855087358684483,0.18120150083025757,0.1512846865364851,0.1969167523124358
-0.21007194244604319,-0.16135662898252826,-0.07543679342240493,-0.07440904419321687,-0.2092497430626927,-0.03247687564234327,0.047276464542651594,-0.13216855087358687,-0.07810894141829394,1.0,0.36341212744090445,0.5687564234326825,0.30483042137718397,0.17410071942446043,0.22959917780061667,0.02959917780061665,0.3308494788273392,0.07317574511819117,0.21253854059609456,-0.1405960945529291,0.33278520041109966,-0.06649879242040649,0.15488976843516628,0.2949640287769784,0.4454265159301131,0.28838643371017475,-0.18396711202466598,0.02117163412127441,-0.040698869475847894,-0.06372045220966084,0.15190133607399794,-0.01932168550873587,-0.15292908530318602,-0.040698869475847894,-0.12209660842754368,-0.2998972250770812,-0.2717368961973279,-0.08448098663926003,-0.11736896197327853,0.06515930113052415,-0.23144912641315518,0.09907502569373072,-0.024668516935736743,-0.1260020554984584,-0.12015005925727232,-0.23843782117163412,-0.2828365878725591,-0.07595457124989242,-0.011305241521068859,-0.2180883864337102,-0.1064748201438849,-0.13536152954818445,0.13360739979445016,-0.15642343268242548,-0.13689619732785202,0.08653648509763619,-0.015416238437821172,-0.14265159301130526,0.5562178828365879,0.4172661870503597,0.5265429885158307,0.28448098663926,0.21849948612538542,0.24668516935736745,0.25138746145940394,0.2388489208633094,-0.047276464542651594,0.35962793613447036,0.10277492291880781,0.05611510791366906,0.22404933196300103,-0.019938335046248718,0.17985611510791366,0.3338129496402878,0.30483042137718397,0.33586844809866395,0.09290853031860227,0.09116604154080457,0.011099691675231244,-0.006372045220966085,0.04234326824254882,-0.2838643371017472,-0.18273381294964028,-0.1194244604316547,-0.14367934224049334,-0.320863309352518,-0.14861253854059608,-0.14470709146968141,-0.1955907294838231,-0.12004110996916752,-0.016238437821171636,0.07307672551917932,0.14511819116135663,0.04203710370934506,-0.15539568345323743,-0.06392600205549846,-0.29044193216855085,-0.22087465983223112,0.05981500513874615,-0.18314491264131552
-0.003494347379239466,-0.034121274409044194,-0.03535457348406989,-0.03062692702980473,-0.19177800616649537,-0.03144912641315519,0.2723535457348407,-0.00986639260020555,0.018705035971223024,0.36341212744090445,1.0,0.48263103802672147,0.37821171634121276,0.3852004110996917,0.4361767728674204,0.14943473792394654,0.3565445299944206,0.22877697841726619,0.38951695786228163,-0.06557040082219938,0.5023638232271326,-0.06629323201106983,0.0905493603127946,0.15991778006166496,0.25570400822199385,0.24830421377183967,-0.2918807810894142,-0.1249743062692703,0.022404933196300103,-0.19383350462487153,0.12620760534429598,-0.019116135662898253,-0.260431654676259,-0.12970195272353546,-0.2633093525179856,-0.040698869475847894,-0.2135662898252826,0.06906474820143885,-0.00328879753340185,0.08509763617677288,-0.2012332990750257,0.14244604316546763,-0.0894233738920457,0.03658787255909558,-0.15920653703123594,-0.12682425488180885,-0.2135662898252826,-0.053548486632197495,0.1496402877697842,-0.041109969167523124,0.05159301130524152,-0.07081556101647615,0.25220966084275437,-0.047276464542651594,-0.20698869475847895,0.11757451181911614,0.1484069886947585,-0.002261048304213772,0.4544707091469682,0.5621788283658787,0.5024924206234426,0.33278520041109966,0.3038026721479959,0.4312879044264641,0.4468653648509764,0.40143884892086334,0.05323741007194245,0.3429775429782016,-0.024460431654676262,0.2376156217882837,0.4347379239465571,-0.04398766700924975,0.2520041109969168,0.23782117163412128,0.20966084275436794,0.25837615621788285,0.0881808838643371,0.03751477470393874,0.03473792394655704,0.07852004110996917,-0.09352517985611512,-0.2922918807810894,-0.28160328879753344,-0.2762589928057554,-0.2380267214799589,-0.43083247687564236,-0.10195272353545735,-0.21027749229188078,-0.06526542996438658,-0.14244604316546763,0.0024665981500513875,0.22066909942289448,0.1708119218910586,0.0040084279820646876,-0.12476875642343269,0.06659815005138746,-0.20349434737923947,-0.12241122375997547,0.21788283658787258,-0.001644398766700925
-0.2709146968139774,-0.2300102774922919,-0.08078108941418294,-0.2569373072970195,-0.27214799588900307,-0.20883864337101748,0.04439876670092498,-0.1379239465570401,-0.07728674203494348,0.5687564234326825,0.48263103802672147,1.0,0.4573484069886948,0.2135662898252826,0.2431654676258993,-0.04398766700924975,0.5121537598622651,0.16526207605344295,0.2589928057553957,-0.14018499486125385,0.3960945529290853,-0.013875327630223921,0.20751323322534887,0.46844809866392606,0.42034943473792397,0.5070914696813978,-0.1958890030832477,-0.0014388489208633096,-0.12168550873586846,-0.05097636176772868,0.08406988694758478,-0.09537512846865365,-0.3210688591983556,-0.0131551901336074,-0.06947584789311408,-0.3447070914696814,-0.3490236382322714,-0.2517985611510792,-0.24234326824254881,-0.04707091469681397,-0.3210688591983556,0.1410071942446043,0.04234762073968141,-0.19547790339157248,-0.18736831311035707,-0.3038026721479959,-0.3079136690647482,-0.09116604154080457,-0.11366906474820143,-0.30729701952723537,-0.18910585817060638,-0.20155198135458596,0.12332990750256938,-0.23905447070914698,-0.18417266187050363,-0.07872559095580679,-0.024049331963001026,-0.13484069886947586,0.6067831449126414,0.39958890030832483,0.6391900928323152,0.334224049331963,0.2966084275436794,0.22941720750235173,0.2723535457348407,0.22816032887975335,-0.10483042137718397,0.3653836275958966,0.17800616649537512,0.12970195272353546,0.27667009249743063,0.019938335046248718,0.2620760534429599,0.3424460431654676,0.4894141829393628,0.4674203494347379,0.06783144912641316,0.19929081685188282,-0.13237410071942446,-0.029804727646454265,0.1459403905447071,-0.3336073997944502,-0.2135662898252826,-0.12312435765673177,-0.10174717368961973,-0.4182939362795478,-0.2501541623843782,-0.20061664953751285,-0.28953183655067244,-0.1064748201438849,-0.02076053442959918,-0.006064032075431195,0.030421377183967115,-0.01798653581695693,-0.09167523124357657,-0.1301130524152107,-0.38252826310380267,-0.32406598531922975,-0.039260020554984586,-0.3220966084275437
-0.046454265159301136,-0.13299075025693732,-0.20739979445015416,-0.1734840698869476,-0.2869475847893114,-0.26803699897225075,0.23350462487153137,-0.07831449126413156,-0.1171634121274409,0.30483042137718397,0.37821171634121276,0.4573484069886948,1.0,0.3882836587872559,0.36443987667009253,0.09784172661870505,0.43609640840770436,0.31860226104830425,0.4189105858170607,-0.01274409044193217,0.3833504624871531,0.18264042369561412,0.1635233056273056,0.14902363823227133,0.15930113052415212,0.14943473792394654,-0.2719424460431655,-0.10256937307297019,-0.014799588900308325,-0.22816032887975335,0.12682425488180885,-0.04439876670092498,-0.18663926002055498,0.12620760534429598,-0.011099691675231244,-0.08982528263103802,-0.23350462487153137,-0.012127440904419324,-0.022816032887975332,0.15477903391572456,-0.033710174717368965,0.13771839671120248,0.05324288238629847,-0.047482014388489216,-0.09897733709559729,-0.11428571428571428,-0.040287769784172665,0.11192764288380629,0.054470709146968145,-0.03884892086330936,0.04439876670092498,-0.1618788223526124,0.27913669064748203,-0.0972250770811922,-0.31860226104830425,-0.12024665981500515,0.08612538540596094,-0.12785200411099693,0.3297019527235355,0.36546762589928056,0.39375096408435434,0.6446043165467626,0.3216855087358685,0.3527597921810354,0.36649537512846864,0.3173689619732785,0.0036998972250770813,0.4122514009246529,0.06413155190133607,0.2744090441932169,0.28941418293936283,0.015416238437821172,0.16300102774922917,0.1673175745118191,0.1987667009249743,0.11181911613566291,-0.09989722507708121,-0.0847936688513684,0.005755395683453238,0.06228160328879754,-0.10030832476875642,-0.260431654676259,-0.2596094552929085,-0.16012332990750258,-0.3035971223021583,-0.3233299075025694,-0.2826310380267215,-0.29105858170606375,-0.25993113760619474,-0.22487153134635152,0.017060637204522097,0.15715093293786941,0.12702980472764644,0.01798653581695693,-0.15580678314491267,-0.04008221993833505,-0.2234326824254882,-0.15077856024843325,0.03227132579650565,-0.12271325796505653
0.1496402877697842,0.12435765673175746,-0.07050359712230216,0.03247687564234327,-0.09290853031860227,0.01932168550873587,0.46454265159301134,0.12970195272353546,0.1738951695786228,0.17410071942446043,0.3852004110996917,0.2135662898252826,0.3882836587872559,1.0,0.7611510791366907,0.30421377183967113,0.30618222970694114,0.2906474820143885,0.6372045220966085,-0.011099691675231244,0.5284686536485098,0.014903129676907172,0.051698442948167646,-0.04707091469681397,0.1445015416238438,-0.022404933196300103,-0.29619732785200414,-0.18396711202466598,0.26885919835560124,-0.36587872559095586,0.1934224049331963,0.1183967112024666,-0.1196300102774923,-0.120863309352518,-0.3013360739979445,0.04131551901336074,-0.16402877697841728,0.2620760534429599,0.13257965056526208,0.3089414182939363,-0.09989722507708121,-0.00041109969167523125,-0.132593278529585,0.14779033915724563,-0.02497558973440306,0.0131551901336074,-0.14922918807810895,0.07163780265382276,0.27276464542651596,0.11736896197327853,0.29146968139773893,0.09239940399682448,0.3206577595066804,-0.05077081192189106,-0.2182939362795478,0.22096608427543682,0.2838643371017472,0.16402877697841728,0.15827338129496404,0.23350462487153137,0.21080219977473524,0.38232271325796513,0.43186022610483044,0.7061362972854642,0.7233299075025693,0.7202466598150052,0.14265159301130526,0.342771982568865,-0.06947584789311408,0.27153134635149023,0.5216855087358685,0.041726618705035974,0.24522096608427543,0.15292908530318602,0.0972250770811922,-0.0197327852004111,0.09208633093525181,-0.1390616169162442,0.2594039054470709,0.16217882836587874,-0.1747173689619733,-0.29373072970195274,-0.27112024665981505,-0.2131551901336074,-0.2645426515930113,-0.27153134635149023,-0.16752312435765676,-0.26515930113052416,-0.059920859321633664,-0.17965056526207604,0.11120246659815006,0.3793617354307888,0.29516957862281606,0.008325196578134351,-0.13607399794450153,0.09352517985611512,-0.03227132579650565,-0.02929235833047272,0.29619732785200414,0.15313463514902365
0.16813977389516957,0.07831449126413156,-0.09928057553956836,0.03329907502569373,-0.10811921891058582,0.07276464542651594,0.46043165467625896,0.07461459403905447,0.13689619732785202,0.22959917780061667,0.4361767728674204,0.2431654676258993,0.36443987667009253,0.7611510791366907,1.0,0.29558067831449125,0.2852150679546028,0.24789311408016446,0.5681397738951696,-0.008221993833504625,0.5551901336073999,-0.030320160377155972,0.07821573575259558,-0.052415210688591986,0.20041109969167523,-0.0018499486125385406,-0.3122302158273381,-0.18643371017471738,0.27132579650565264,-0.3650565262076053,0.13257965056526208,0.07276464542651594,-0.15704008221993834,-0.17060637204522097,-0.3593011305241521,0.022816032887975332,-0.18869475847893116,0.22918807810894143,0.07461459403905447,0.2760534429599178,-0.15539568345323743,0.001644398766700925,-0.18974200943070843,0.16752312435765676,-0.058276376046940456,-0.012332990750256938,-0.18129496402877696,0.07780461493392228,0.3081192189105858,0.11901336073997945,0.2552929085303186,0.016547612951600378,0.2561151079136691,-0.09681397738951696,-0.2330935251798561,0.24809866392600205,0.1934224049331963,0.10195272353545735,0.20801644398766703,0.2696813977389517,0.27637597035312683,0.4090441932168551,0.4618705035971223,0.7326549529913813,0.7566289825282632,0.7794450154162385,0.1434737923946557,0.4019733804578204,-0.07523124357656732,0.22014388489208633,0.5619732785200412,0.018705035971223024,0.2682425488180884,0.16649537512846865,0.11613566289825283,0.06002055498458376,0.11428571428571428,-0.10123850159830046,0.24378211716341214,0.04707091469681397,-0.16402877697841728,-0.34388489208633094,-0.32785200411099696,-0.26084275436793425,-0.26002055498458376,-0.31510791366906477,-0.1761562178828366,-0.26598150051387465,-0.059920859321633664,-0.16608427543679344,0.028982528263103807,0.32386042490989314,0.25775950668037,0.013669767220887268,-0.12291880781089415,0.15354573484069886,-0.04542651593011306,-0.015314250495580474,0.35251798561151076,0.1695786228160329
0.27728674203494347,0.1944501541623844,0.0974306269270298,0.09886947584789312,-0.04912641315519013,-0.032682425488180886,0.4495375128468654,0.25570400822199385,0.0972250770811922,0.02959917780061665,0.14943473792394654,-0.04398766700924975,0.09784172661870505,0.30421377183967113,0.29558067831449125,1.0,0.12015005925727232,0.3434737923946557,0.23617677286742036,0.01829393627954779,0.22487153134635152,0.16372886603664225,0.0673210340577531,-0.11181911613566291,-0.06988694758478932,-0.1537512846865365,-0.11017471736896198,-0.08221993833504625,0.11613566289825283,-0.1420349434737924,0.14306269270298047,0.14820143884892087,0.09969167523124357,0.0302158273381295,-0.09393627954779034,0.12415210688591984,-0.11613566289825283,0.31366906474820144,0.236382322713258,0.41109969167523125,-0.04953751284686536,-0.07297019527235354,-0.09332922240687068,0.11099691675231245,0.030114599967819324,0.0984583761562179,-0.020349434737923947,0.07122668183514945,0.17923946557040082,0.11551901336073998,0.3225077081192189,0.23711393216982654,0.2801644398766701,0.16896197327852006,-0.11202466598150052,0.06742034943473793,0.31860226104830425,0.1301130524152107,-0.049948612538540604,0.14655704008221992,-0.03196464365184918,0.15683453237410072,0.15169578622816035,0.2908829288672291,0.21336073997944502,0.28180883864337103,0.15601233299075026,0.27493704748777026,0.02528263103802672,0.3001027749229188,0.1420349434737924,0.23144912641315518,0.07440904419321687,0.20041109969167523,0.028776978417266185,-0.10421377183967112,-0.01747173689619733,-0.05745413440959386,0.08036998972250771,0.1763617677286742,-0.08242548818088387,-0.06084275436793423,0.033710174717368965,0.06906474820143885,-0.09373072970195273,0.03741007194244605,-0.09003083247687566,0.11490236382322713,0.07122668183514945,0.0051387461459403904,0.10853031860226105,0.15509532884450292,0.2571428571428572,-0.011203042308847461,0.10709146968139774,0.038232271325796506,0.09373072970195273,0.09568837054621089,0.1685508735868448,0.1948612538540596
-0.10802199510640992,-0.2771982119904734,-0.14132278141894733,-0.32673827064060623,-0.27370368503175035,-0.20669099158800225,0.1485173957457301,-0.13495040872951117,-0.042242664118681716,0.3308494788273392,0.3565445299944206,0.5121537598622651,0.43609640840770436,0.30618222970694114,0.2852150679546028,0.12015005925727232,1.0,0.316871370992447,0.46898607390156855,-0.029497918739809368,0.4402076165944374,0.15685065268784049,0.2257169287696577,0.45480240565733965,0.3172824918111203,0.3984788534990973,-0.2722647621663938,0.07122668183514946,0.03217020406118583,-0.2381417342165098,0.07574901084055577,-0.17256796363811824,-0.23958065708186635,0.19805745439586292,0.010586361080837508,-0.24574746936196584,-0.2767870911718001,-0.21553008918947822,-0.17647361141551463,0.14872295615506675,-0.2597255771968581,0.008530756987471003,0.05746004016429,-0.21141888100274522,-0.2444238873471066,-0.2626034229275712,-0.2210802202415678,-0.048925891664097027,-0.09116604154080457,-0.25294208368874865,-0.044298268212048214,-0.17452975639839655,0.17441800732214807,-0.18079038001158423,-0.2788426952651666,-0.07616013165922907,-0.013053085992877318,-0.10391078691967691,0.39025643712563124,0.24718639222732242,0.4037413917154898,0.3117323607590307,0.30700447134428777,0.27969368387662447,0.3094711962563276,0.260342258424868,-0.022097744003689943,0.5464076472402096,0.33989413683815184,0.32283262286320985,0.31666581058311033,0.23999177790053966,0.43075183776495146,0.42520170671286195,0.5540880833669418,0.32653271023126956,0.0827380647580019,0.1632233528625758,-0.09753841423024073,-0.04820391598944458,0.20031861889856606,-0.22149134106024107,-0.17750141346219783,0.010586361080837508,-0.1302225193147682,-0.31872141467647686,-0.24492522772461928,-0.04285934534669166,-0.24524617124062084,-0.09034379990345796,0.10678863265039001,0.02898550724637681,0.09178272276881452,0.00575598725459965,0.04738167435209798,-0.24245850281257944,-0.37257824192267935,-0.29334977901120357,0.008736317396807653,-0.23546944889513333
0.12682425488180885,0.1393627954779034,0.0645426515930113,-0.003494347379239466,-0.04912641315519013,-0.16135662898252826,0.44871531346351495,0.28078108941418295,0.06762589928057554,0.07317574511819117,0.22877697841726619,0.16526207605344295,0.31860226104830425,0.2906474820143885,0.24789311408016446,0.3434737923946557,0.316871370992447,1.0,0.4392600205549846,0.018705035971223024,0.4036998972250771,0.22005241819488455,0.2081299144533588,-0.024254881808838648,-0.10195272353545735,0.048509763617677296,-0.24213771839671122,-0.18499486125385406,-0.0355601233299075,-0.2431654676258993,0.12415210688591984,-0.07009249743062693,-0.22836587872559097,0.30729701952723537,0.06762589928057554,0.09414182939362795,-0.1272353545734841,0.05755395683453237,0.06659815005138746,0.2330935251798561,0.026927029804727647,-0.03391572456320658,-0.09291808045794174,0.011510791366906477,0.06238758423367347,0.024460431654676262,0.11490236382322713,0.2681535539796608,0.14799588900308325,0.06742034943473793,0.24645426515930113,0.2280692741590139,0.47132579650565265,0.22322713257965057,-0.09640287769784174,-0.05467625899280575,0.42918807810894144,0.13422404933196302,0.16135662898252826,0.15313463514902365,0.09301608522483443,0.26372045220966084,0.175950668036999,0.26025285367202267,0.2647482014388489,0.28920863309352524,0.1079136690647482,0.2948764071934254,0.07420349434737925,0.6174717368961973,0.2024665981500514,0.1603288797533402,0.29393627954779034,0.20863309352517986,0.07646454265159301,-0.10668036998972251,-0.08900308324768756,-0.162701063989959,-0.0010277492291880781,0.1196300102774923,-0.13751284686536486,-0.14758478931140803,-0.1105858170606372,-0.05796505652620761,-0.2355601233299075,-0.20308324768756425,-0.12045220966084276,-0.09352517985611512,-0.1417339022376206,-0.22959917780061667,0.14881808838643373,0.11295544493048953,0.22877697841726619,-0.13083920054277814,-0.07954779033915725,-0.020143884892086333,-0.07070914696813978,0.009764119443490907,0.10606372045220966,0.017677286742034944
0.14285714285714285,0.0131551901336074,-0.11921891058581706,-0.002261048304213772,-0.15683453237410072,-0.05159301130524152,0.40143884892086334,0.04809866392600205,0.02857142857142857,0.21253854059609456,0.38951695786228163,0.2589928057553957,0.4189105858170607,0.6372045220966085,0.5681397738951696,0.23617677286742036,0.46898607390156855,0.4392600205549846,1.0,0.05858170606372045,0.5496402877697841,0.028264556283789464,0.13988385855359078,0.040698869475847894,0.09660842754367935,0.07769784172661871,-0.3268242548818089,-0.07029804727646455,0.21767728674203493,-0.43391572456320654,0.14799588900308325,0.00020554984583761563,-0.2517985611510792,0.061459403905447074,-0.20616649537512846,0.0394655704008222,-0.10380267214799589,0.10071942446043167,0.010277492291880781,0.236382322713258,-0.07050359712230216,-0.029393627954779036,-0.15047795330799416,0.07276464542651594,-0.05190400335750429,-0.047893114080164445,-0.08201438848920864,0.16557890972067213,0.2626927029804728,0.09414182939362795,0.2813977389516958,0.0377203351132754,0.39897225077081194,0.07235354573484071,-0.276464542651593,0.14224049331963,0.2672147995889003,0.05118191161356629,0.25056526207605345,0.27112024665981505,0.25869777515017484,0.375950668036999,0.307502569373073,0.5139274361611821,0.5870503597122303,0.5749229188078109,0.1671120246659815,0.423968344256842,0.013771839671120247,0.3724563206577595,0.4918807810894142,0.013977389516957863,0.3227132579650565,0.20986639260020556,0.15991778006166496,-0.018705035971223024,0.07831449126413156,-0.1664011513580187,0.1720452209660843,0.11140801644398766,-0.16752312435765676,-0.2865364850976362,-0.32846865364850975,-0.2561151079136691,-0.2943473792394656,-0.3852004110996917,-0.1130524152106886,-0.2485097636176773,-0.09466056849952763,-0.26536485097636175,0.12702980472764644,0.28912071573199916,0.244398766700925,-0.09568837054621089,-0.1963001027749229,0.03905447070914697,-0.13771839671120248,-0.020453260728996742,0.30174717368961973,0.1064748201438849
