0,1,2,3,4,5,6,7,8,9,10,11,12,13,14,15,16,17,18,19,20,21,22,23,24,25,26,27,28,29,30,31,32,33,34,35,36,37,38,39,40,41,42,43,44,45,46,47,48,49,50,51,52,53,54,55,56,57,58,59,60,61,62,63,64,65,66,67,68,69,70,71,72,73,74,75,76,77,78,79,80,81,82,83,84,85,86,87,88,89,90,91,92,93,94,95,96,97,98,99
1.0,0.06403206750836668,0.11398324697717278,0.002158384298034832,-0.08129914189264534,0.041009301662661805,0.13207256299879805,0.030320160377155972,0.02713536848596978,0.10206074323564705,0.11562773025186598,0.11532531606537157,0.049437278445464486,0.09805735430157261,0.018397656635630234,0.2843928263172562,-0.029086797921136068,-0.03679720423476205,-0.006475152894104496,0.1127498845211529,0.021686623185016643,0.07153869873573851,0.08212138352999195,-0.11100832562442182,0.15550644966317623,-0.008530756987471003,-0.02291998564103655,-0.2293026366150338,0.027647875055779512,0.05899886935964641,0.048615036808117885,0.29837093415214844,0.22416362638161752,0.04080374125332516,-0.08520478967004169,0.03422580815455234,-0.046559432714751374,0.38573410812022496,0.14913407697374007,0.2293026366150338,0.19230176293443668,-0.08993267908478467,-0.15550644966317623,-0.029703479149146023,-0.09908520916846542,0.12796135481206505,0.06259314464301012,0.2519142816420654,0.4445243851905071,0.2580810939221649,0.5649827850617843,0.21285780386810177,0.09219384358748782,-0.10349966610100361,0.03874813715995865,0.04039262043465185,-0.05950973850296037,-0.03792589552261205,0.03504804979189894,0.12631687153737184,0.09938845791427059,0.1257001903093619,0.06094866136831692,0.11172208247446964,0.050259520082811086,0.1164499718892126,0.0656765507830599,0.042242664118681716,-0.09137160195014123,0.05560409072556401,-0.02692979751259122,0.0414204224813351,-0.030525720786492624,0.1143943677958461,0.011408602718184111,-0.03360912692654238,-0.08582147089805166,-0.1059772833799338,-0.07718793370591233,0.3259160290032596,-0.1898350380223969,0.05046508049214774,-0.0551929699068907,-0.24718639222732242,-0.21285780386810177,0.033198006107869084,-0.03833701634128535,-0.11501104902385605,0.14502286878700704,0.0011305822513515786,0.17071791995408836,0.15673981211919613,-0.031759083242512524,-0.1105971836776647,-0.2591088959688482,0.014903129676907174,0.15253366224689074,0.16927899708873184,0.3273549518686162,0.1423505834656306
0.06403206750836668,1.0,0.39095580678314495,0.323535457348407,0.3243576567317575,0.34552929085303186,0.24789311408016446,0.5461459403905446,0.47186391963228164,-0.08961973278520041,0.1815005138746146,-0.047792795170771285,0.10462487153134635,0.26856467479833407,0.2376156217882837,0.32744090441932167,0.16916752312435768,0.32365486450055647,0.18602261048304214,0.02589928057553957,0.22363823227132582,0.15920653703123594,0.3987667009249743,-0.09260496440616112,0.15724563206577596,-0.047482014388489216,0.14039054470709147,0.13381294964028778,0.05077081192189106,0.02004213991032344,0.047687564234326824,0.09023638232271326,0.02487153134635149,0.10729701952723536,0.21130524152106886,-0.05714285714285714,-0.09373072970195273,0.014182939362795478,-0.05015416238437821,-0.10606372045220966,-0.19856115107913672,-0.0328879753340185,0.11264131551901337,0.028365878725590956,0.21881905573886465,0.0006166495375128469,0.21151079136690648,-0.020143884892086333,-0.019116135662898253,-0.10400822199383351,0.10051387461459405,0.5679342240493319,0.38170606372045224,0.3198355601233299,0.3350462487153135,0.3329907502569373,0.4924974306269271,0.5638232271325797,-0.046659815005138744,-0.027749229188078112,0.016855087358684483,0.15827338129496404,0.1272353545734841,0.18170606372045223,0.19547790339157248,0.1815005138746146,0.32723535457348407,0.2779033915724563,0.19897225077081193,0.3593011305241521,0.1635233056273056,0.12785200411099693,0.3527235354573484,-0.10174717368961973,0.16937307297019527,-0.03144912641315519,0.09516957862281604,0.25840271490184236,0.1484069886947585,0.06392600205549846,-0.016238437821171636,-0.1969167523124358,0.09126413155190133,0.17800616649537512,0.12271325796505653,0.047687564234326824,0.08098663926002056,0.1671120246659815,-0.1484069886947585,-0.1496402877697842,-0.0433710174717369,-0.11798561151079136,-0.1183967112024666,-0.08417698762335844,0.040698869475847894,0.08036998972250771,0.015314250495580474,0.04357656731757451,-0.04357656731757451,-0.19218910585817062
0.11398324697717278,0.39095580678314495,1.0,-0.0010277492291880781,0.15477903391572456,0.4526207605344296,0.03473792394655704,0.27995889003083246,0.40135669922981043,0.05159301130524152,0.071120246659815,0.0831491855766752,0.011921891058581706,0.02929235833047272,0.03227132579650565,0.055909558067831454,0.1418293936279548,0.24389742567793601,0.11757451181911614,0.23658787255909558,0.22548818088386435,0.06094866136831692,0.13710174717368964,-0.018397656635630234,0.04275436793422405,0.07687564234326826,-0.2343268242548818,-0.014388489208633093,0.13442959917780062,-0.018808777454303535,0.2135662898252826,0.15498458376156218,-0.09701952723535459,0.17533401849948613,-0.08078108941418294,-0.06639260020554985,-0.04049331963001028,0.10729701952723536,-0.010894141829393628,-0.10544707091469682,-0.16464542651593014,0.0828365878725591,-0.03597122302158273,-0.1461459403905447,-0.17318464486612817,-0.1923946557040082,-0.0801644398766701,-0.2394655704008222,0.09496402877697843,-0.15190133607399794,0.18335046248715314,0.5241521068859198,0.20349434737923947,0.07050359712230216,0.5753340184994862,0.530524152106886,0.18848920863309354,0.339568345323741,0.18787255909558068,0.15580678314491267,0.26372045220966084,0.011305241521068859,0.022610483042137718,0.11613566289825283,0.06413155190133607,0.05837615621788284,0.24398766700924973,0.0947584789311408,0.2234326824254882,0.23905447070914698,0.19497404825581316,-0.010483042137718397,0.20986639260020556,-0.10606372045220966,0.11531346351490238,0.13484069886947586,0.13237410071942446,0.04234762073968141,0.12189105858170607,0.13730729701952724,-0.041109969167523124,-0.047893114080164445,-0.15806783144912642,-0.12106885919835561,-0.10894141829393629,-0.020349434737923947,-0.0355601233299075,-0.10894141829393629,-0.005549845837615622,-0.08489208633093526,0.07605344295991778,0.0552929085303186,-0.15642343268242548,0.09651061218355748,-0.03884892086330936,-0.11469681397738953,-0.26116450006221464,-0.18972250770811921,0.17533401849948613,-0.13525179856115108
0.002158384298034832,0.323535457348407,-0.0010277492291880781,1.0,0.3796505652620761,0.09948612538540597,0.35991778006166497,0.5060637204522097,0.10452746814768686,-0.2579650565262076,0.02959917780061665,-0.2105966393653986,0.027543679342240494,0.1972352127585163,0.29619732785200414,0.28735868448098667,0.09537512846865365,0.2796649369025132,0.2104830421377184,-0.005549845837615622,0.20287769784172663,0.07554345043121911,0.35909558067831454,-0.2626034229275712,-0.1590955806783145,-0.3070914696813977,0.10976361767728675,0.06783144912641316,0.06002055498458376,-0.035459170610572244,-0.026104830421377186,0.07605344295991778,0.07728674203494348,0.128879753340185,0.1420349434737924,0.012127440904419324,-0.06187050359712231,-0.027543679342240494,-0.05899280575539568,0.03720452209660843,-0.047893114080164445,-0.05899280575539568,0.11243576567317576,0.061459403905447074,0.2235469451536076,0.08139773895169579,0.241726618705036,0.11284686536485097,-0.19979445015416242,0.04912641315519013,-0.11880781089414184,0.1405960945529291,0.21253854059609456,0.5761562178828366,0.1103802672147996,-0.05817060637204522,0.4400822199383351,0.34285714285714286,-0.42219938335046253,-0.24295991778006165,-0.2694758478931141,0.007605344295991779,-0.04809866392600205,0.0709146968139774,0.06084275436793423,0.14552929085303187,-0.007194244604316546,0.07009249743062693,0.07872559095580679,0.32661870503597124,0.10802199510640992,-0.03391572456320658,0.07790339157245633,-0.1093525179856115,-0.0869475847893114,-0.357245632065776,0.06207605344295992,0.13444341729976525,0.1983556012332991,-0.010688591983556012,0.028365878725590956,-0.17163412127440908,0.10339157245632066,0.0881808838643371,0.05837615621788284,-0.10996916752312436,0.03843782117163413,0.21623843782117164,-0.056937307297019533,-0.09681397738951696,-0.3815005138746146,-0.20328879753340184,-0.23206577595066805,-0.024770029325066403,0.08324768756423433,0.1093525179856115,0.05663189277224726,-0.013771839671120247,-0.20904419321685508,-0.14922918807810895
-0.08129914189264534,0.3243576567317575,0.15477903391572456,0.3796505652620761,1.0,0.29640287769784174,0.1934224049331963,0.44275436793422407,0.29076519900669234,-0.27070914696813975,0.011921891058581706,-0.29076519900669234,-0.08180883864337102,0.01346420681155062,0.12147995889003083,0.08098663926002056,-0.06742034943473793,0.1923017629344367,-0.036176772867420354,0.03761562178828366,0.05035971223021583,-0.12076674048528226,0.26906474820143883,-0.16537334931133546,-0.13401849948612538,-0.29804727646454265,0.007810894141829393,0.05056526207605344,0.040287769784172665,-0.04162598289067176,-0.1605344295991778,-0.12374100719424462,-0.07687564234326826,-0.03227132579650565,0.07667009249743063,0.0433710174717369,-0.019938335046248718,-0.2195272353545735,-0.15642343268242548,-0.05858170606372045,-0.05405960945529291,-0.07214799588900309,-0.0018499486125385406,-0.008016443987667009,0.1168610927078859,-0.05878725590955807,0.05508735868448099,0.05775950668036999,-0.12744090441932168,0.049948612538540604,-0.10688591983556013,0.12127440904419322,0.08057553956834533,0.4228160328879753,0.40637204522096615,0.08365878725590956,0.22384378211716344,0.44933196300102773,-0.21788283658787258,-0.26598150051387465,-0.20822199383350465,-0.04912641315519013,-0.15334018499486127,-0.14285714285714285,0.017266187050359712,0.046454265159301136,0.029804727646454265,0.0014388489208633096,-0.026927029804727647,0.13997944501541623,0.06526542996438658,-0.210688591983556,0.0010277492291880781,-0.18376156217882836,-0.11736896197327853,-0.19938335046248715,0.07317574511819117,0.13649912704440997,-0.028982528263103807,-0.06372045220966084,-0.021377183967112023,-0.07543679342240493,0.06557040082219938,0.041726618705035974,0.07728674203494348,-0.13093525179856116,0.1523124357656732,0.14306269270298047,-0.03802672147995889,-0.12189105858170607,-0.22733812949640286,-0.29044193216855085,-0.2431654676258993,-0.1493396373830767,-0.0006166495375128469,-0.06783144912641316,-0.12138342171329221,-0.06310380267214799,-0.24357656731757452,-0.03699897225077081
0.041009301662661805,0.34552929085303186,0.4526207605344296,0.09948612538540597,0.29640287769784174,1.0,0.18499486125385406,0.28345323741007195,0.5635438621964277,-0.06495375128468654,0.2587872559095581,0.007502954940787749,0.09969167523124357,0.0722544838818327,0.1500513874614594,0.15971223021582734,0.07872559095580679,0.230947119889727,-0.002672147995889003,0.11593011305241523,0.13360739979445016,0.0381314559319487,0.32394655704008224,-0.008736317396807653,0.04008221993833505,-0.05940390544707092,-0.054881808838643374,0.11654676258992805,0.1313463514902364,0.0823269439393286,-0.041109969167523124,-0.11449126413155192,-0.027749229188078112,0.024254881808838648,0.07276464542651594,0.034532374100719423,0.039876670092497436,-0.020349434737923947,0.027132579650565262,0.048920863309352525,-0.11140801644398766,-0.053854059609455295,0.027543679342240494,-0.0526207605344296,-0.03833701634128535,-0.03720452209660843,0.11860226104830421,-0.04193216855087359,0.21603288797533401,-0.034532374100719423,0.06885919835560124,0.32990750256937307,0.26536485097636175,0.11140801644398766,0.4406988694758479,0.5685508735868449,0.06906474820143885,0.35251798561151076,0.07831449126413156,0.019116135662898253,0.0842754367934224,0.05878725590955807,0.10339157245632066,0.0328879753340185,0.09311408016443988,0.15601233299075026,0.24953751284686537,0.1093525179856115,0.1603288797533402,0.19815005138746145,0.18901279638505028,-0.09948612538540597,0.2199383350462487,-0.061459403905447074,0.07029804727646455,-0.04254881808838644,0.20411099691675233,0.24113475304682666,-0.04604316546762591,-0.08119218910585818,0.0367934224049332,0.04974306269270298,-0.0855087358684481,-0.06700924974306269,-0.04912641315519013,-0.10236382322713258,0.14470709146968141,0.13997944501541623,-0.001644398766700925,-0.013566289825282631,-0.024460431654676262,-0.07564234326824255,-0.06413155190133607,-0.12405570703466867,-0.06125385405960946,-0.05940390544707092,-0.19271288375311,-0.09249743062692703,0.16115107913669066,-0.08242548818088387
0.13207256299879805,0.24789311408016446,0.03473792394655704,0.35991778006166497,0.1934224049331963,0.18499486125385406,1.0,0.4271325796505652,0.05087620131082104,-0.10339157245632066,0.12744090441932168,-0.2492419963206889,-0.06865364850976362,0.12446682785334198,-0.019938335046248718,0.5027749229188079,0.027954779033915727,0.27658153076246345,0.1130524152106886,0.11284686536485097,0.07379239465570402,-0.06752659446708975,0.36279547790339156,-0.07554345043121911,0.013566289825282631,-0.28324768756423435,0.12990750256937308,0.0036998972250770813,0.0012332990750256938,-0.009764119443490907,-0.049948612538540604,-0.055498458376156225,0.19116135662898256,0.0014388489208633096,-0.033093525179856115,0.20369989722507706,-0.005960945529290853,0.11593011305241523,0.14532374100719425,0.370606372045221,0.20452209660842754,-0.18561151079136692,-0.026927029804727647,0.022816032887975332,0.04635387230541472,0.15457348406988697,0.1944501541623844,0.21767728674203493,-0.01274409044193217,0.22589928057553957,0.0,0.1327852004110997,0.3194244604316547,0.14861253854059608,0.01500513874614594,-0.023638232271325797,0.3471736896197328,0.14799588900308325,-0.24789311408016446,-0.20760534429599178,-0.27276464542651596,-0.09146968139773896,-0.14635149023638233,-0.00020554984583761563,0.07029804727646455,-0.06742034943473793,0.19301130524152108,0.02117163412127441,0.012127440904419324,0.3060637204522097,-0.04429826821204822,-0.03597122302158273,0.10544707091469682,0.16649537512846865,-0.10668036998972251,-0.4164439876670093,-0.05714285714285714,0.0803782510156089,0.1551901336073998,-0.04357656731757451,-0.023021582733812954,0.06927029804727647,-0.027338129496402876,-0.14039054470709147,-0.013977389516957863,-0.03144912641315519,0.17656731757451183,0.08139773895169579,0.21849948612538542,0.15971223021582734,-0.19527235354573483,-0.10380267214799589,-0.02816032887975334,-0.08726039376340822,0.12559095580678314,0.05960945529290853,0.13433372750150122,0.08859198355601235,-0.01829393627954779,0.07194244604316546
0.030320160377155972,0.5461459403905446,0.27995889003083246,0.5060637204522097,0.44275436793422407,0.28345323741007195,0.4271325796505652,1.0,0.33578292865141884,-0.29640287769784174,0.06392600205549846,-0.2644534666116011,0.00472764645426516,0.16002877866858256,0.16402877697841728,0.30318602261048305,0.09023638232271326,0.32201038122586323,0.15930113052415212,-0.032065775950668035,0.19773895169578623,-0.028264556283789464,0.3991778006166496,-0.17359576568480148,-0.06721479958890031,-0.27070914696813975,0.026104830421377186,0.06187050359712231,0.004316546762589928,-0.06505986955504994,-0.01891058581706064,-0.02117163412127441,0.03720452209660843,0.05878725590955807,0.008221993833504625,-0.0735868448098664,-0.1685508735868448,-0.08530318602261049,-0.12867420349434738,-0.05015416238437821,-0.10318602261048304,-0.1183967112024666,0.10154162384378213,-0.06700924974306269,0.10555527019437012,-0.008016443987667009,0.20287769784172663,0.023432682425488183,-0.1445015416238438,-0.053442959917780065,-0.03144912641315519,0.3459403905447071,0.27975334018499487,0.36793422404933196,0.24871531346351491,0.13072970195272354,0.5097636176772867,0.5995889003083248,-0.33155190133607404,-0.22754367934224048,-0.13854059609455294,-0.04234326824254882,-0.07173689619732786,0.055498458376156225,0.15683453237410072,0.04912641315519013,0.1751284686536485,0.131551901336074,0.11757451181911614,0.35066803699897225,0.07903797738994219,-0.11634121274409044,0.18622816032887976,-0.21027749229188078,-0.01891058581706064,-0.25837615621788285,0.03227132579650565,0.2168773780600189,0.21130524152106886,-0.02076053442959918,-0.05035971223021583,-0.19157245632065778,0.015621788283658787,0.04604316546762591,0.07050359712230216,-0.14018499486125385,0.0394655704008222,0.1749229188078109,-0.10606372045220966,-0.19773895169578623,-0.26002055498458376,-0.3025693730729702,-0.3321685508735869,-0.11624441147987595,0.031243576567317573,-0.06433710174717369,-0.02004213991032344,-0.03247687564234327,-0.1525179856115108,-0.18890030832476876
0.02713536848596978,0.47186391963228164,0.40135669922981043,0.10452746814768686,0.29076519900669234,0.5635438621964277,0.05087620131082104,0.33578292865141884,1.0,-0.09651061218355748,0.2823372222238897,0.03145235892691952,0.23279716357375688,0.19097543426868127,0.21450228714279496,0.12631687153737184,0.15673981211919613,0.3030116147599959,0.09322164563417108,-0.06937663815111961,0.1481062749270568,0.05447630794531812,0.2934374843280688,0.03926405591530476,0.1289891568587483,0.03998149961597856,0.06218202382433683,0.15756205375654272,0.08129914189264534,0.19508685373625242,-0.08253250434866524,-0.054370728269544095,0.028470116693126116,0.09609949136488419,0.1565342517098595,-0.02682563341843291,0.06608767160173319,-0.05128732212949434,-0.005447350847421243,-0.06875995692310964,-0.08972711867544803,-0.0952772497275376,0.1359782107761944,-0.04203710370934506,0.1071024771302292,-0.026620073009096263,0.19250732334377335,-0.01983657950098679,0.14070610019093738,-0.08376586680468515,0.16825119504204858,0.3929287224470077,0.27740377239981007,0.19949637726121947,0.3524333218076876,0.496942289571353,0.16455110767398887,0.5179094513236914,0.05622077195357395,0.028264556283789467,0.16167326194327575,0.18819055474770366,0.20278534381060587,0.15118968106710656,0.22149134106024107,0.21840793492019134,0.2706202788917006,0.24451410690594597,0.18675163188234714,0.16825119504204858,0.21091581868640147,-0.08828819581009145,0.26198674169956127,-0.18962947761306023,0.16537334931133546,0.036898093475928796,0.23567500930446997,0.3354062809589951,0.028058995874452815,-0.024975589734403055,0.09404388727151768,-0.009969679852827557,0.044298268212048214,0.06177090300566352,0.05807081563760381,-0.04183154330000841,0.2198468577855479,0.21265224345876513,-0.1618788223526124,-0.11131096165579633,0.07739349411524897,-0.1565342517098595,-0.05848193645627712,-0.11635317093226435,-0.09548281013687424,-0.10164962241697376,-0.16260663994244012,-0.009352998624817605,0.0377203351132754,-0.1559175704818495
0.10206074323564705,-0.08961973278520041,0.05159301130524152,-0.2579650565262076,-0.27070914696813975,-0.06495375128468654,-0.10339157245632066,-0.29640287769784174,-0.09651061218355748,1.0,0.1196300102774923,0.25458656696344184,-0.0748201438848921,0.0005139010233416267,-0.11860226104830421,-0.06783144912641316,0.030421377183967115,-0.07513232961254582,0.0645426515930113,0.07214799588900309,0.0302158273381295,0.1131610053398262,-0.1987667009249743,0.23197492193641026,0.4168550873586845,0.20883864337101748,-0.05837615621788284,-0.0855087358684481,-0.00328879753340185,0.034636928973225636,0.2920863309352518,0.28242548818088387,0.011099691675231244,0.017060637204522097,-0.07297019527235354,0.1079136690647482,0.09311408016443988,0.2865364850976362,0.23576567317574512,0.1194244604316547,0.061459403905447074,0.06063720452209661,-0.2620760534429599,-0.010071942446043166,-0.10802199510640992,-0.06002055498458376,-0.23720452209660842,-0.13751284686536486,0.11346351490236382,0.04707091469681397,0.19527235354573483,-0.021377183967112023,-0.041109969167523124,-0.29003083247687567,0.039671120246659815,0.10010277492291882,-0.13216855087358687,-0.1751284686536485,0.5003083247687564,0.29023638232271326,0.1761562178828366,0.06557040082219938,0.07153134635149024,0.10256937307297019,-0.0008221993833504625,-0.0036998972250770813,0.024460431654676262,0.0421377183967112,0.03062692702980473,-0.07050359712230216,-0.05622077195357396,0.2263103802672148,0.012538540596094553,0.33586844809866395,0.18355601233299076,0.18581706063720455,-0.049331963001027754,-0.22982834945128067,0.07543679342240493,0.18992805755395686,0.020966084275436794,0.044604316546762585,-0.11079136690647481,-0.02857142857142857,-0.08098663926002056,0.2353545734840699,0.012127440904419324,-0.20513874614594038,0.1987667009249743,0.17656731757451183,0.2811921891058582,0.5029804727646454,0.30483042137718397,0.17647361141551463,-0.09105858170606372,0.05673175745118191,0.030114599967819324,0.014182939362795478,0.10585817060637205,0.2355601233299075
0.11562773025186598,0.1815005138746146,0.071120246659815,0.02959917780061665,0.011921891058581706,0.2587872559095581,0.12744090441932168,0.06392600205549846,0.2823372222238897,0.1196300102774923,1.0,0.32406598531922975,0.34265159301130527,0.3834729436175218,0.3514902363823227,0.2131551901336074,0.3089414182939363,0.20237422299193258,0.2554984583761562,-0.05220966084275437,0.18992805755395686,0.19168508170642673,0.1747173689619733,0.17996813837423767,0.29044193216855085,0.17985611510791366,0.1815005138746146,0.2300102774922919,0.21274409044193218,0.2157356495988149,0.04809866392600205,-0.05118191161356629,0.07297019527235354,0.04234326824254882,0.18746145940390546,-0.08180883864337102,0.06289825282631038,0.0762589928057554,0.1249743062692703,0.15498458376156218,-0.060431654676259,0.03535457348406989,0.09989722507708121,0.10811921891058582,0.20175754176392263,0.09763617677286741,0.20904419321685508,0.07194244604316546,0.15354573484069886,0.040287769784172665,0.12106885919835561,0.19547790339157248,0.35416238437821174,0.0961973278520041,-0.03247687564234327,0.27297019527235356,0.047687564234326824,0.18602261048304214,0.20904419321685508,0.19383350462487153,0.19773895169578623,0.3329907502569373,0.27810894141829395,0.26515930113052416,0.3220966084275437,0.39650565262076054,0.2836587872559096,0.3329907502569373,0.22034943473792395,0.09948612538540597,0.22560254924697412,0.08098663926002056,0.27543679342240496,0.07338129496402879,0.3095580678314491,-0.0051387461459403904,0.2341212744090442,0.23455648186396352,0.06125385405960946,-0.022404933196300103,0.15806783144912642,0.0591983556012333,0.08920863309352517,0.0065775950668037,-0.011305241521068859,0.1171634121274409,0.22692702980472765,0.23576567317574512,-0.06125385405960946,0.0879753340184995,0.1103802672147996,0.06248715313463515,0.1685508735868448,-0.0031861863447180854,0.10071942446043167,0.07749229188078109,0.04429826821204822,0.09455292908530319,0.03576567317574512,0.012949640287769786
0.11532531606537157,-0.047792795170771285,0.0831491855766752,-0.2105966393653986,-0.29076519900669234,0.007502954940787749,-0.2492419963206889,-0.2644534666116011,0.03145235892691952,0.25458656696344184,0.32406598531922975,1.0,0.3100878774843375,0.26662555247199093,0.24369186526859937,-0.046353872305414726,0.3326995225113691,0.028163223352862574,0.2751426078971069,0.08006577943662543,0.2313582407084003,0.3716723198684346,-0.1193278176199257,0.29006064343714666,0.22519142842830078,0.5647772246524476,0.06958219856045625,0.07780461493392228,0.2293026366150338,0.13608798437660602,0.20463538749463575,0.18634051106367383,0.012847525583540667,0.20175754176392263,0.09651061218355748,-0.16290662439929565,0.02374222727838315,0.1719512824101083,0.18901279638505028,-0.011203042308847461,-0.10452746814768687,0.2198468577855479,0.10391078691967691,0.07739349411524897,0.02919107821975537,0.07328228592851596,0.051081761720157694,-0.06711547364841644,0.16516778890199882,-0.06588211119239654,0.21840793492019134,0.14584511042435364,0.14193946264695728,-0.13330592545481795,-0.000925021842014928,0.22457474720029083,-0.1160388510705393,-0.047176113942761326,0.4315740794022981,0.568682872429844,0.5762886075753001,0.34318310338753827,0.3631224630931934,0.3308494788273393,0.18839611515704033,0.3873785913949182,0.06218202382433683,0.2453363485432926,0.2601366980155314,0.04388714739337492,0.28841607565011823,0.25664217105680837,0.27247032257573045,0.13741713364155098,0.44164653945979393,0.38141733952415535,0.19230176293443668,0.020249781596359803,-0.008325196578134353,0.09568837054621088,0.13495040872951117,0.06341538628035673,-0.06362094668969338,0.0227144252316999,-0.06259314464301012,0.19415180661846657,-0.09096048113146792,0.028264556283789467,-0.04285934534669166,0.11007759919977644,0.2965208904681186,0.3826507019801752,0.22704147211233067,0.25408572309589883,0.05128732212949434,0.19476848784647652,0.0916846541268373,0.05930417809362372,0.22169690146957774,-0.009764119443490907
0.049437278445464486,0.10462487153134635,0.011921891058581706,0.027543679342240494,-0.08180883864337102,0.09969167523124357,-0.06865364850976362,0.00472764645426516,0.23279716357375688,-0.0748201438848921,0.34265159301130527,0.3100878774843375,1.0,0.5861555072234594,0.5114080164439877,0.18561151079136692,0.5498458376156218,0.28624287000128606,0.4022610483042138,-0.11223021582733812,0.3391572456320658,0.39107867876297786,0.18581706063720455,0.05025952008281109,0.14902363823227133,0.2538540596094553,0.3430626927029805,0.354573484069887,0.23658787255909558,0.31132123994035743,0.04152106885919836,0.054470709146968145,0.17040082219938338,0.22980472764645427,0.3942446043165468,-0.19403905447070918,0.03699897225077081,0.13915724563206577,0.12127440904419322,-0.09907502569373072,-0.08591983556012334,-0.006988694758478932,0.37574511819116135,0.18458376156217884,0.25335320450742194,0.2760534429599178,0.4742034943473793,0.21788283658787258,0.12147995889003083,0.03494347379239466,0.1695786228160329,0.18890030832476876,0.35498458376156217,0.11921891058581706,-0.11510791366906474,0.23062692702980475,-0.016032887975334018,0.11490236382322713,0.06721479958890031,0.1761562178828366,0.29516957862281606,0.6840698869475847,0.6086330935251799,0.5463514902363823,0.43350462487153135,0.5058581706063721,0.10688591983556013,0.5817060637204523,0.31449126413155193,0.14922918807810895,0.4661082281708554,0.10853031860226105,0.3399794450154162,-0.1724563206577595,0.437410071942446,0.07667009249743063,0.24275436793422406,0.3344639754536974,0.11017471736896198,0.1539568345323741,0.1510791366906475,0.0041109969167523125,0.16485097636176774,0.10195272353545735,0.021993833504624874,0.026721479958890033,0.05755395683453237,0.21274409044193218,-0.27297019527235356,-0.09907502569373072,0.2949640287769784,0.0855087358684481,0.09866392600205551,0.007297394531451099,0.002877697841726619,0.13422404933196302,0.09034379990345796,0.11099691675231245,0.13401849948612538,-0.0947584789311408
0.09805735430157261,0.26856467479833407,0.02929235833047272,0.1972352127585163,0.01346420681155062,0.0722544838818327,0.12446682785334198,0.16002877866858256,0.19097543426868127,0.0005139010233416267,0.3834729436175218,0.26662555247199093,0.5861555072234594,1.0,0.5411377775787329,0.3314661600553492,0.5750552451192802,0.33775310926097235,0.5847165843581028,-0.11871113639191576,0.4597358554814192,0.3858567170315551,0.27740377239981007,0.007194984068249563,0.2459530297713025,0.1339226066828279,0.3405108180661618,0.28829847409465253,0.19702965234917966,0.2172885188611368,0.13330592545481795,0.18284598410495076,0.21840793492019134,0.22293026392559764,0.3002209778361783,-0.1505729998390966,-0.02682563341843291,0.2161467704174882,0.13166144218012477,0.03217020406118583,-0.10082738077962716,-0.05642633236291061,0.2562310502381351,0.0823269439393286,0.28533251104943985,0.222724703516261,0.4215016193448022,0.1602343390779192,0.0011305822513515786,0.005241790438084592,0.16557890972067213,0.30248214233888143,0.45254124115463645,0.1842849069703073,-0.04923171803612784,0.18716275270102045,0.16722339299536532,0.20093530012657604,-0.002158384298034832,0.11953337802926235,0.19291844416244663,0.5460712274028124,0.4430854623251505,0.6492625528898112,0.5417544588067429,0.5314764383399103,0.16784007422337527,0.6735186811915359,0.3935454036750177,0.2599311376061948,0.40579710144927533,0.15077856024843325,0.4609692179374391,-0.07040444019780286,0.41451256542735604,-0.05560409072556401,0.18243486328627748,0.3014853270158543,0.25746441269415493,0.17421244691281143,0.13289480463614464,-0.18531270901699057,0.12528906949068858,0.15160080188577987,0.09096048113146792,0.0989773370955973,0.07718793370591233,0.12302790498798541,-0.28007605772118654,-0.11706665311722256,0.158589855803226,0.08602703130738831,0.031759083242512524,0.0195292424709631,0.05046508049214774,0.07759905452458563,0.13300441977592764,0.06382650709903004,0.009558559034154255,-0.17791253428087114
0.018397656635630234,0.2376156217882837,0.03227132579650565,0.29619732785200414,0.12147995889003083,0.1500513874614594,-0.019938335046248718,0.16402877697841728,0.21450228714279496,-0.11860226104830421,0.3514902363823227,0.24369186526859937,0.5114080164439877,0.5411377775787329,1.0,0.11634121274409044,0.41808838643371016,0.26054781883420475,0.36793422404933196,-0.039260020554984586,0.44871531346351495,0.33249396210203247,0.3381294964028777,-0.04388714739337491,0.08756423432682425,0.09414182939362795,0.25282631038026726,0.3938335046248716,0.30051387461459406,0.1721568428194449,0.03473792394655704,0.053442959917780065,-0.013977389516957863,0.17533401849948613,0.354573484069887,-0.16258992805755396,-0.032682425488180886,0.004933196300102775,-0.08201438848920864,-0.14861253854059608,-0.2431654676258993,0.08119218910585818,0.22261048304213774,0.1802672147995889,0.3440053450248849,0.10894141829393629,0.32846865364850975,0.08735868448098665,-0.013566289825282631,-0.029804727646454265,-0.009044193216855088,0.24090441932168552,0.3251798561151079,0.37019527235354577,0.027338129496402876,0.18067831449126415,0.16875642343268246,0.2787255909558068,-0.055498458376156225,0.05056526207605344,0.11572456320657759,0.4429599177800617,0.42836587872559095,0.4034943473792395,0.41767728674203497,0.6762589928057554,0.12271325796505653,0.4429599177800617,0.3060637204522097,0.22754367934224048,0.5144149243649683,0.07872559095580679,0.3512846865364851,-0.1956834532374101,0.3336073997944502,-0.0020554984583761563,0.35601233299075025,0.38338986737624187,0.13586844809866394,0.03658787255909558,0.10811921891058582,-0.18108941418293936,0.16793422404933198,0.144912641315519,0.10030832476875642,0.021993833504624874,0.04090441932168551,0.3046248715313464,-0.26495375128468657,-0.17533401849948613,-0.03001027749229188,-0.041726618705035974,-0.08324768756423433,-0.011203042308847461,0.046248715313463515,0.12744090441932168,0.03525361020123559,0.03802672147995889,-0.008838643371017472,-0.14306269270298047
0.2843928263172562,0.32744090441932167,0.055909558067831454,0.28735868448098667,0.08098663926002056,0.15971223021582734,0.5027749229188079,0.30318602261048305,0.12631687153737184,-0.06783144912641316,0.2131551901336074,-0.046353872305414726,0.18561151079136692,0.3314661600553492,0.11634121274409044,1.0,0.1971223021582734,0.32201038122586323,0.24028776978417268,0.027954779033915727,0.13401849948612538,0.17935145714622772,0.3724563206577595,-0.13926717732558083,0.12435765673175746,-0.12476875642343269,0.24480986639260022,-0.015827338129496403,-0.0355601233299075,0.1043219077383502,0.03658787255909558,0.11325796505652622,0.43391572456320654,0.17060637204522097,0.16197327852004112,0.03247687564234327,-0.06207605344295992,0.3331963001027749,0.2655704008221994,0.2647482014388489,0.15580678314491267,-0.22939362795477905,0.09578622816032889,0.03535457348406989,0.15550644966317623,0.25673175745118193,0.3632065775950668,0.33340184994861255,0.118191161356629,0.18787255909558068,0.27112024665981505,0.30154162384378214,0.4528263103802672,0.131551901336074,0.0131551901336074,0.08633093525179857,0.2865364850976362,0.13997944501541623,-0.14244604316546763,-0.0367934224049332,-0.05508735868448099,0.20020554984583763,0.11079136690647481,0.2404933196300103,0.14984583761562179,0.11654676258992805,0.2129496402877698,0.24419321685508735,0.09414182939362795,0.3490236382322714,0.05622077195357396,0.07605344295991778,0.22692702980472765,0.11778006166495375,0.07276464542651594,-0.27317574511819115,-0.049948612538540604,0.14019940458477048,0.18129496402877696,0.13874614594039056,-0.056937307297019533,0.06865364850976362,0.05508735868448099,0.0012332990750256938,-0.0762589928057554,-0.008633093525179856,0.07564234326824255,0.0869475847893114,0.0131551901336074,0.047276464542651594,0.06022610483042138,0.04809866392600205,0.05056526207605344,-0.05704301359092056,-0.01274409044193217,0.13340184994861254,0.1955907294838231,0.16156217882836588,0.1471736896197328,-0.026515930113052415
-0.029086797921136068,0.16916752312435768,0.1418293936279548,0.09537512846865365,-0.06742034943473793,0.07872559095580679,0.027954779033915727,0.09023638232271326,0.15673981211919613,0.030421377183967115,0.3089414182939363,0.3326995225113691,0.5498458376156218,0.5750552451192802,0.41808838643371016,0.1971223021582734,1.0,0.3871730309855815,0.6004110996916753,-0.030832476875642344,0.5027749229188079,0.47042499676692506,0.23021582733812948,0.14008941896292743,0.1712230215827338,0.28345323741007195,0.25303186022610485,0.3521068859198356,0.28920863309352524,0.2845983867265929,0.25734840698869477,0.09804727646454266,0.1091469681397739,0.3938335046248716,0.3276464542651593,-0.19856115107913672,0.040287769784172665,0.16505652620760536,0.12826310380267214,-0.11140801644398766,-0.2158273381294964,0.13977389516957864,0.3070914696813977,0.09784172661870505,0.16413998685531556,0.10750256937307298,0.3410071942446043,-0.023432682425488183,-0.1366906474820144,-0.15950668036998975,0.07379239465570402,0.2805755395683453,0.4002055498458376,0.14799588900308325,0.006166495375128469,0.21788283658787258,0.11387461459403907,0.15806783144912642,0.12312435765673177,0.2180883864337102,0.31613566289825284,0.41808838643371016,0.4326824254881809,0.5928057553956835,0.4022610483042138,0.4104830421377184,0.13072970195272354,0.5484069886947586,0.5463514902363823,0.27543679342240496,0.44863559337724007,0.18992805755395686,0.48715313463514903,-0.1379239465570401,0.4957862281603289,0.1366906474820144,0.27482014388489207,0.32192414601136454,0.3564234326824255,0.09270298047276464,0.22096608427543682,-0.10030832476875642,0.05796505652620761,0.12744090441932168,0.06762589928057554,0.1183967112024666,0.05097636176772868,0.14162384378211718,-0.24254881808838644,-0.10236382322713258,0.18561151079136692,0.12661870503597122,0.0394655704008222,0.213885605914785,0.16813977389516957,0.07297019527235354,0.008941877806144303,-0.032065775950668035,0.021377183967112023,-0.1987667009249743
-0.03679720423476205,0.32365486450055647,0.24389742567793601,0.2796649369025132,0.1923017629344367,0.230947119889727,0.27658153076246345,0.32201038122586323,0.3030116147599959,-0.07513232961254582,0.20237422299193258,0.028163223352862574,0.28624287000128606,0.33775310926097235,0.26054781883420475,0.32201038122586323,0.3871730309855815,1.0,0.34318310338753827,0.12446682785334198,0.2804871785398598,0.1763798951588036,0.3941620849030277,-0.05591530475896803,0.10719975346906332,-0.055809651134900655,0.06505986955504994,0.2369083717604899,0.08458810844203175,0.1492445266728338,0.12878359644941165,0.036898093475928796,0.059098617684287064,0.40670126987256333,0.2626034229275712,0.0017472634793615307,0.003802867572728037,0.0414204224813351,0.05457628867888075,-0.058893057274950415,-0.09609949136488419,-0.0872603937634082,0.09075492072213126,0.03443136856388899,0.16281221091581868,-0.0077085153501244,0.23074155948039038,0.04183154330000841,-0.049642838854801134,0.009147438215480955,0.04080374125332516,0.3281771935059628,0.5431933816720993,0.3263271498219329,0.2085410352720321,0.28418726590791954,0.35181664057967765,0.30967675666566424,-0.04738167435209798,-0.07533789002188247,0.011614163127520763,0.23916953626319304,0.13330592545481795,0.2560254898287984,0.2422529424032428,0.1982630148051996,0.30618222970694114,0.2885040345039892,0.33413844537672566,0.5639549830151012,0.34165895775516497,0.1047330285570235,0.3053599880695946,-0.10925535756242982,0.16701783258602865,-0.15530088925383959,0.11316100533982619,0.18800431746061969,0.28418726590791954,0.1289891568587483,0.048615036808117885,0.042242664118681716,0.0019528238886981812,-0.018192096226293582,-0.08253250434866524,-0.04902615762679118,0.08849375621942811,0.09753841423024073,-0.05334292622286085,-0.021481062775679995,0.12549462990002522,-0.06320982587102009,-0.04409270780271157,0.0700997019220886,0.06320982587102009,0.02723675423710621,-0.16507349162298285,-0.07410452756586257,0.068554396513773,-0.08294362516733854
-0.006475152894104496,0.18602261048304214,0.11757451181911614,0.2104830421377184,-0.036176772867420354,-0.002672147995889003,0.1130524152106886,0.15930113052415212,0.09322164563417108,0.0645426515930113,0.2554984583761562,0.2751426078971069,0.4022610483042138,0.5847165843581028,0.36793422404933196,0.24028776978417268,0.6004110996916753,0.34318310338753827,1.0,-0.03741007194244605,0.5282631038026722,0.36271134227452007,0.1747173689619733,0.06362094668969338,0.12970195272353546,0.19136690647482016,0.19671120246659815,0.17944501541623845,0.2620760534429599,0.16784007422337524,0.1969167523124358,0.26495375128468657,0.1761562178828366,0.33093525179856115,0.1381294964028777,-0.1459403905447071,0.04193216855087359,0.24809866392600205,0.21418293936279548,0.05303186022610483,-0.07523124357656732,0.049331963001027754,0.2010277492291881,-0.0131551901336074,0.07821573575259558,0.13463514902363824,0.2776978417266187,0.013566289825282631,-0.19054470709146967,-0.05015416238437821,0.10955806783144913,0.25919835560123333,0.35292908530318606,0.17019527235354576,0.015621788283658787,0.1196300102774923,0.20349434737923947,0.16423432682425487,0.054881808838643374,0.22959917780061667,0.29393627954779034,0.3338129496402878,0.2970195272353546,0.5886947584789312,0.43761562178828367,0.3784172661870504,0.03576567317574512,0.48016443987667007,0.47153134635149024,0.26762589928057556,0.3415386201128451,0.13072970195272354,0.3675231243576567,-0.013360739979445016,0.4164439876670093,0.020349434737923947,0.1815005138746146,0.147805530639956,0.37574511819116135,0.15724563206577596,0.25426515930113053,-0.13484069886947586,-0.009044193216855088,0.09044193216855087,0.046659815005138744,0.1525179856115108,0.047687564234326824,0.04131551901336074,-0.1327852004110997,-0.030832476875642344,0.07173689619732786,0.13360739979445016,0.02219938335046249,0.2118300018214185,0.10441932168550874,0.03597122302158273,0.10000513914228056,-0.03741007194244605,-0.09414182939362795,-0.14367934224049334
