0,1,2,3,4,5,6,7,8,9,10,11,12,13,14,15,16,17,18,19,20,21,22,23,24,25,26,27,28,29,30,31,32,33,34,35,36,37,38,39,40,41,42,43,44,45,46,47,48,49,50,51,52,53,54,55,56,57,58,59,60,61,62,63,64,65,66,67,68,69,70,71,72,73,74,75,76,77,78,79,80,81,82,83,84,85,86,87,88,89,90,91,92,93,94,95,96,97,98,99
1.0,0.007976794778825234,-0.025898684346835177,0.14803687972650986,0.030353258054490826,-0.007407215562816841,0.08380814254635864,0.2475914223557443,0.005179736869367036,0.16046824821299077,0.021392867324778707,0.023619600124313685,0.04423495286439449,0.2750440277633896,0.20615352740080803,0.23308815912151662,0.04641044234952864,0.23837149072827096,0.24386201180980005,0.18066922200352223,0.1747643219724438,-0.0117062053247695,0.26344141717600744,0.051797368693670354,0.1651300113954211,-0.18549118133179793,-0.11193701280592443,-0.05703037996266672,0.058066354167256494,0.16539328176275644,0.13146172174453535,0.29628094892779444,0.2684139645705998,0.24717704340619495,-0.19558686418729926,-0.025484305397285814,0.041801559155197135,0.20708588003729408,0.02258365275044028,0.03470423702475914,0.044338547601781825,0.005594115818916398,-0.15539210608101106,-0.14534341655443903,-0.12213819537967471,0.1137470216513001,0.2991375515752955,0.29773127525121723,0.17911530094271208,0.16813425877965396,0.5585828239925411,0.025380710659898473,0.1631617113850616,0.0770744846161815,-0.06806174246348284,0.029524500155392104,0.30400663033686737,0.05620160059899491,0.1796332746296488,0.05428364239096654,0.18160157464000828,0.182119548326945,0.2765979488241997,0.3351289754480472,0.3257018543457992,0.24075416968817984,0.14316792706930487,0.25194240132601264,0.34869988604578883,0.3173106806174246,0.26168030664042263,0.18615974308505126,0.3078835595151766,0.1124549999082193,0.08909147415311301,0.001035947373873407,0.10214441106391794,0.1815544793543568,0.14814047446389722,0.32787734383093337,0.1686522324665907,0.20636071687558272,-0.027866984357194653,-0.03284123288529338,-0.057498057575198186,0.26903553299492383,0.000258993551147442,0.0852584688697814,0.10587382160986221,0.0062156842432404425,0.34051590179218894,0.3812286335854138,0.10742774267067232,0.12586760592561896,0.1348803480783176,0.006112089505853102,0.1504195586864187,0.25121723816430125,0.22935874857557234,0.21723816430125348
0.007976794778825234,1.0,0.5563037397700197,0.45985703926240545,0.6152491453434166,0.4520473441727452,0.32870610173003206,0.3058116647674298,0.3783279809385683,0.1345695638661556,-0.11639170188566042,0.022998031699989638,0.02165130011395421,-0.027866984357194653,-0.014917642183777061,0.4158292758727856,0.08764114782969024,0.008805552677923961,-0.03563658966124521,0.07956075831347767,0.06018854242204496,-0.09333885838599398,0.002797057909458199,0.024241168548637726,-0.10007251631617113,0.061899458724238625,0.12426510584054266,-0.029266271279660944,0.16269974883082303,0.11867084513575792,-0.05397285817880451,-0.20055941158189164,-0.13498394281570494,-0.035429400186470526,-0.03480783176214648,0.2658240961359163,0.2450596980957096,-0.08360095307158395,0.31845022272868534,0.30570807003004247,0.059877758209882934,0.0770744846161815,-0.019890189578369417,-0.07987154252563969,-0.006526468455402465,0.023412410649539,0.007200020721898886,-0.03646534756034393,0.19734797472288407,0.12938982699678855,-0.026313063296384543,0.5839635346524397,0.40681653372008697,0.44069201284574744,0.5305086501605718,0.4140681653372008,0.2932324986091338,0.3043174225982443,0.05656272661348803,-0.09033461100176111,-0.01605718429503781,-0.13923132704858593,-0.06132808453330571,-0.03014606857971615,-0.007458821091888531,-0.015332021133326428,0.19558686418729926,-0.07106598984771573,-0.04516730550088056,-0.07324147933284988,-0.031078421216202214,-0.01129182637522014,0.12907904278462654,0.1338996659432275,-0.14586139024137573,0.010566663213508753,0.22065679063503574,0.22434021400391424,-0.09012742152698641,-0.10183362685175591,-0.008494768465761937,-0.07956075831347767,-0.014192479022065678,-0.04858844865363595,0.1687645689909871,0.07324147933284988,0.2616352853691459,0.04734279498601471,0.1707241272143375,0.08515487413239407,-0.10473427949860147,-0.07562415829275872,0.27670154356158705,-0.03967678441935149,-0.06174246348285506,-0.05542318450222728,0.003315031596394903,0.05355847922925515,0.1093960426810318,0.03677613177250595
-0.025898684346835177,0.5563037397700197,1.0,0.21796332746296487,0.5250181290790428,0.658517003147486,0.4313684864808867,0.3075727753030146,0.4925929762768051,0.11706205324769502,-0.11815285803346302,0.04775717393556407,0.024448358023412407,-0.002279084222521496,0.013570910597741634,0.33657930177146994,0.11343623743913808,-0.011395421112607478,0.04029835284367554,0.04920750025898684,0.1361234849269657,-0.0735522635450119,0.033564694913498394,0.03221796332746296,-0.1693773956283021,0.12581906714742733,0.05102172957604607,-0.012794281426683634,0.26878350738081525,0.17430265992222846,-0.16575157981974514,-0.10618460582202424,-0.2475914223557443,-0.07738526882834351,-0.12793950067336576,0.31917538589039673,0.36440392646445086,-0.11043199005490521,0.37801719672640627,0.3445560965502952,0.06101730032114368,0.0775924583031182,-0.08567284781933077,-0.1473117165647985,-0.1038019268621154,-0.07738526882834351,-0.01714537308596066,-0.06453952139231327,0.14876204288822129,0.1854345799233399,-0.08567284781933077,0.5724645188024448,0.37480575986739867,0.37366621775613795,0.6719154666942918,0.5737076556510928,0.20548548348038045,0.3829478647266077,0.04464933181394385,-0.14451465865534027,-0.04516730550088056,-0.14389309023101624,0.0071480368797265095,-0.09841500051797368,0.019993784315756758,-0.009427121102248005,0.2750440277633896,-0.03967678441935149,-0.11260747954003936,-0.1249352532891329,0.03760488967160468,-0.08287578990987257,0.13477675334093028,0.2531402968915098,-0.11965192168237851,0.038848026520252765,0.2783590593597845,0.26495040282383314,-0.17393556407334507,-0.047653579198176726,-0.010670257950896093,-0.0987257847301357,-0.10400911633689007,-0.19715099741549938,0.1147889149429182,0.036879726509893296,0.43847608209261923,-0.009737905314410027,0.18657412203460064,0.13726302703822646,-0.10960323215580647,-0.19051072205531958,0.30187506474671083,-0.07458821091888532,-0.11965192168237851,-0.12203460064228736,-0.09251010048689526,0.004765357919817672,0.0651610898166373,0.04661763182430332
0.14803687972650986,0.45985703926240545,0.21796332746296487,1.0,0.42525639697503365,0.15451555261456387,0.18885320625712212,0.2846783383404123,0.12597120066300632,0.05500880555267792,-0.058169951587715464,-0.04641044234952864,0.009634310577022687,0.14948720604993265,0.18460582202424117,0.45830311820159536,-0.00020718947477468144,0.0719983424842018,0.0580130529369108,0.10193722158914326,0.182430332539107,-0.1455506060292137,0.14948720604993265,0.005594115818916398,-0.06194965295762975,-0.05008935279191527,-0.05620160059899491,-0.08520887832750841,0.07236279819059528,0.19429696207081096,0.002589868434683518,-0.1524914534341655,0.004661763182430332,0.05428364239096654,-0.09406402154770536,0.03563658966124521,0.04490948176896643,-0.003625815808556925,0.13778100072516317,0.10452709002382679,-0.052626126592769086,0.012638557961255566,-0.0870195794053662,-0.13374080596705687,-0.0997617321040091,0.07914637936392831,0.07080883688371063,0.12762871646120375,0.2437584170724127,0.06847612141303222,0.10981042163058115,0.2976276805138299,0.27110742774267066,0.34310577022687244,0.19859111157153214,0.14264995338236816,0.35891326318012506,0.10872549277169614,-0.044338547601781825,-0.036672537035118614,-0.030767637004040192,-0.029213715943230082,0.04330260022790842,0.1892675852066715,0.2076038537242308,0.21734175903864084,0.02734901067025795,-0.002071894747746814,0.14627576919092508,0.050036258158085566,0.13715943230083913,0.016885942194136538,0.22376463275665592,-0.042630338518868945,-0.18377706412514241,-0.12970061120895057,0.1060810110846369,0.2315920334360426,-0.09323526364860664,0.006112089505853102,-0.03501502123692116,-0.046824821299078,-0.10079767947788251,-0.07531727541832267,-0.043304843362942054,0.0618460582202424,-0.011240320119798981,-0.006526468455402465,0.0290065264684554,-0.12224179011706204,-0.006112089505853102,0.07396664249456127,0.0686833108878069,-0.06681860561483477,-0.023826789599088363,-0.14886563762560862,0.05884181083600953,0.1397493007355226,0.215269864290894,0.09188853206257121
0.030353258054490826,0.6152491453434166,0.5250181290790428,0.42525639697503365,1.0,0.42449043033065736,0.2883041541489692,0.3111985911115715,0.34310577022687244,0.08173624779861183,-0.1596954236375127,0.0026934631720708585,-0.011499015849994819,0.07054801616077903,0.10463068476121412,0.34642080182326734,0.052626126592769086,0.03615456334818191,0.08764114782969024,0.13197969543147206,0.18450222728685384,-0.1364342691391277,0.12607479540039365,-0.0062156842432404425,-0.13985289547290997,-0.02315402347258131,0.03827924685959193,-0.01227629432438875,0.20589987316221636,0.2195747326628013,-0.07904278462654096,-0.17238164301253495,-0.116751269035533,-0.01015228426395939,-0.12576401118823163,0.2231430643323319,0.2578021808121637,-0.10286957422562933,0.2544286750233088,0.23982181705169375,0.059670568735108245,0.018232673780171967,-0.06485030560447529,-0.09043820573914844,-0.058116647674298146,0.0546980213405159,0.046981430178145975,0.07396664249456127,0.16357609033461099,0.12255257432922406,0.022790842225214956,0.48886356573086087,0.32021133326427015,0.4394488759970993,0.48078317621464833,0.3952139231327048,0.2708554557899948,0.30866851425752134,0.011395421112607478,-0.08411892675852066,-0.07075520563555371,-0.15870713767740596,0.028384958044131357,0.05915259504817155,0.11001761110535584,0.1093960426810318,0.18978555889360818,-0.052626126592769086,-0.0004143789495493629,-0.041955868641872986,0.09572153734590282,-0.0686833108878069,0.21775613798819018,0.08686643705485203,-0.17030974826478815,-0.04661763182430332,0.2446907697088988,0.2767605087561565,-0.09323526364860664,-0.03428985807520978,0.013881694809903656,-0.03729410545944266,-0.006733657930177146,-0.11965811981865568,0.09748769761848919,0.1043199005490521,0.2775892881198283,0.03014606857971615,0.14648295866569977,0.06547187402879934,-0.05625194240132601,-0.07417383196933594,0.23402051175800268,-0.06246762664456645,-0.098207811043199,-0.07386304775717392,0.0679581477260955,0.11965192168237851,0.09613591629545218,0.07987154252563969
-0.007407215562816841,0.4520473441727452,0.658517003147486,0.15451555261456387,0.42449043033065736,1.0,0.5480821529382167,0.3784931756468717,0.6677371735683348,0.25055036138003534,-0.012950012950012949,0.18010411546793115,0.11504493541969373,0.07236279819059528,0.07391675949747994,0.31643832079194456,0.17564942638819514,0.10675714178297559,0.1008520888168139,0.16653285338780519,0.19667970274136742,-0.017145373085960657,0.10199166044186264,0.13669679629561987,-0.02864468675690708,0.22481222481222476,0.013157213157213155,-0.03284123284123283,0.33058793058793057,0.2463610463610463,-0.12012120902218358,-0.05640879543991286,-0.18870270136602624,0.030405842904709688,-0.08883478804357259,0.45494807194559655,0.3577311577311577,0.006992825880980933,0.4003522313637158,0.42915231425131134,0.16280334625128204,0.14322343378453542,-0.014659034994945216,-0.1846624019681261,-0.1643573075581667,-0.07857864341813389,0.08049728049728049,0.02004610085881201,0.28359793850644893,0.2986195644730006,-0.07857864341813389,0.45598404615018634,0.3353966487359374,0.3141591775418471,0.7158063766613001,0.7714381914477706,0.22056462056462053,0.5388241388241388,0.16674004822872315,-0.033720960359396944,0.07277718787243119,-0.09349667196422655,0.07681748727033129,-0.039936805586935555,0.09753697136212665,0.0339281552003149,0.39921265973866704,0.05858434126955138,-0.04252674109840997,0.013312268528978518,0.1321385097954249,-0.08116857892960831,0.20103079440064445,0.3205387205387205,0.0038849032672116294,0.11763487093116816,0.33684701262236305,0.33732193732193727,-0.18424801228629023,-0.003159721323998792,0.0776462666340031,0.006371241358227073,-0.13804356276158658,-0.20922582824495706,0.11453288097291409,0.08375851444108273,0.43004403004402997,0.012069099483470796,0.3291808035083988,0.2280697211404374,-0.08179016345236217,-0.104892388214714,0.3957939448635208,-0.03185620679113536,-0.017870555029173497,-0.10654994694205762,-0.08831680094127771,0.06386780971295919,0.16228535914898715,0.16912278889927962
0.08380814254635864,0.32870610173003206,0.4313684864808867,0.18885320625712212,0.2883041541489692,0.5480821529382167,1.0,0.5337200870195794,0.49746192893401014,0.3363721122966953,-0.05102172957604607,0.12576401118823163,0.1291826375220139,0.149280016575158,0.1740391588107324,0.43116129700611205,0.2040816326530612,0.17372837459857038,0.17590386408370454,0.2320522117476432,0.24127214337511652,0.0030042473842328806,0.1702061535274008,0.17341759038640836,0.04309541075313374,0.1552407345577767,0.06386780971295919,-0.0611742767810258,0.2913677450408722,0.2642252208806203,-0.057495079249974095,-0.02320522117476432,-0.08442971097068269,0.1183051900963431,-0.039573189681964153,0.38205739148451257,0.21563803068536017,0.0463068476121413,0.5040919921267999,0.5626230187506474,0.29172278048275146,0.13550191650264165,-0.02196208432611623,-0.1443074691805656,-0.12586760592561896,0.06567906350357401,0.1990624434119239,0.18129079042784627,0.3653786387651507,0.36600020718947474,0.026727442245933906,0.35937014399668493,0.42546358644980836,0.32052211747643217,0.4836838288614938,0.5249145343416554,0.36699386197592526,0.4895496103788949,0.14296073759453018,-0.08515487413239407,0.02165130011395421,-0.05635553713871335,0.10773852688283433,0.03760488967160468,0.15021236921164405,0.14876204288822129,0.5322697606961566,0.07003004247384231,0.055526779239614625,0.09561794260851547,0.17155288511343622,-0.04754998446078939,0.20615352740080803,0.2985159670525416,-0.04309541075313374,0.03750129493421734,0.25940122241790114,0.3030742535527366,-0.12576401118823163,0.01564280534548845,0.056977105563037395,0.0781104319900549,-0.058945405573396864,-0.13312613330473816,0.12318052334578494,0.18160157464000828,0.2603921163236382,0.07634932145447011,0.3387547912566042,0.2252149590800787,0.06453952139231327,-0.04309541075313374,0.44224593390655753,0.02206567906350357,-0.024033979073863045,-0.030353258054490826,0.08432611623329535,0.19341137470216513,0.25712213819537966,0.304672122656169
0.2475914223557443,0.3058116647674298,0.3075727753030146,0.2846783383404123,0.3111985911115715,0.3784931756468717,0.5337200870195794,1.0,0.4184191443074692,0.30519009634310573,0.018595736972386333,0.13042577437066197,0.12804309541075312,0.2463482855070962,0.23257018543457994,0.5162125764011188,0.2671708277219517,0.3783279809385683,0.2920335646949135,0.2771159225111364,0.2397182223143064,0.02714182119548327,0.21982803273593698,0.2586760592561898,0.0852584688697814,0.06376421229250022,-0.08386211186154172,-0.1700551656834104,0.20693584736680615,0.19574732595723665,0.047446389723402045,0.10784212162022168,-0.10794571635760902,0.3251838806588625,-0.1345695638661556,0.23982181705169375,0.13224210721588386,0.06899409509996891,0.23422770123277734,0.3130632963845436,0.2868538278255464,0.13601989018957836,-0.08774474256707758,-0.2196208432611623,-0.19102869574225628,-0.011084636900445456,0.2039315221734958,0.18450222728685384,0.3437273386511965,0.22956593805034703,0.2035636589661245,0.34206982285299903,0.5125867605925618,0.3525328913291204,0.3358541386097586,0.39842535999171236,0.6959156719331766,0.5439382561198577,0.20708588003729408,0.032632342277012324,0.12555682171345695,0.0997617321040091,0.19424013260126385,0.19289340101522842,0.26199109085258465,0.229255153838185,0.4480472392002486,0.29224075416968814,0.34424531233813316,0.33316067543768774,0.2574329224075417,0.12990780068372526,0.28851134362374387,0.2915749398817902,0.07862840567699161,0.04112711074277426,0.33264270175075106,0.26857631253989733,-0.05563037397700196,0.13570910597741634,0.2854035015021237,0.2613695224282606,-0.07375945301978659,-0.0770784771818873,0.038435638487204556,0.29089402258365277,0.10385641401012423,0.019475810628820055,0.35584792292551537,0.24147933284989123,0.1160261058738216,0.08898787941572568,0.40464104423495284,0.054905210815290574,0.08567284781933077,-0.08494768465761939,0.02890293173106806,0.16989536931523877,0.2816740909561794,0.23681756966746087
0.005179736869367036,0.3783279809385683,0.4925929762768051,0.12597120066300632,0.34310577022687244,0.6677371735683348,0.49746192893401014,0.4184191443074692,1.0,0.266031285610691,0.04573826113263825,0.21060810110846367,0.16989536931523877,0.12452087433958355,0.13519113229047963,0.23754273282917227,0.27007148036879725,0.2652025277115922,0.16419765875893502,0.27090023826789594,0.21609862218999273,0.011188231637832797,0.1251424427639076,0.3255982596084119,0.05542318450222728,0.2218538759128988,0.12664784651109914,0.046877832757687,0.3891637099541463,0.2809044055745155,-0.12804309541075312,0.020822542214855484,-0.09468558997202942,0.12938982699678855,-0.06661141614006008,0.6013674505335128,0.3822226827833949,0.09219931627473324,0.3898269967885631,0.43779136019890186,0.3568838702993888,0.20729306951206877,-0.02040816326530612,-0.14814047446389722,-0.0969646741945509,-0.026002279084222518,0.1445702002505021,0.05086501605718429,0.2844711488656376,0.36548223350253806,-0.05500880555267792,0.37397700196829997,0.34662799129804206,0.30135709105977415,0.6192893401015228,0.720604993266342,0.21791717393545768,0.7370438478553903,0.17580026934631718,0.015435615870713765,0.0892986636278877,-0.03532580544908319,0.11716564798508235,0.007458821091888531,0.17766497461928935,0.07407023723194861,0.46980213405159016,0.1399564902102973,0.010670257950896093,0.1452398218170517,0.20066300631927897,-0.05449083186574122,0.1813943851652336,0.44272357633143733,0.12731793224904173,0.1455506060292137,0.4501191339479954,0.40605008948895954,-0.1633689008598363,0.0669222003522221,0.1890603957318968,0.15839635346524394,-0.12203460064228736,-0.2012950015650632,0.2167314170221885,0.12576401118823163,0.43536815947884994,0.10773852688283433,0.5234642080182327,0.40287993369936803,0.014088884284678338,-0.03449704754998446,0.4137573811250388,-0.020718947477468143,0.007355226354501191,-0.06754376877654615,-0.045478089713042576,0.14337511654407956,0.23257018543457994,0.24303325391070132
0.16046824821299077,0.1345695638661556,0.11706205324769502,0.05500880555267792,0.08173624779861183,0.25055036138003534,0.3363721122966953,0.30519009634310573,0.266031285610691,1.0,0.23200642311787853,0.5865534030871231,0.3388583859939915,0.17207085880037293,0.0625712213819538,0.24075416968817984,0.22127835905935977,0.2269760696156635,0.1303221796332746,0.16595876929451983,0.04050554231845022,0.2694499119444732,0.1277323111985911,0.34082668600435095,0.3619600124313685,0.3520758334298326,0.10737872630572944,-0.04231954625749201,0.024707984779465963,0.08893838546403157,0.11944473220760385,0.09737905314410027,0.12089505853102663,0.18025484305397282,0.17797575883145136,0.24800580130529368,0.11121183086271158,0.20211333264270173,0.2844711488656376,0.27980938568320723,0.22355744328188126,0.3391691702061535,0.25650056977105556,0.12835387962291514,0.12793950067336576,0.055319589764839944,0.24474890583433268,0.15456334818191234,0.32456231223453846,0.13560551124002898,0.1618149797990262,0.1266963638247177,0.33927276494354086,0.10732414793328499,0.16088262716254015,0.28084533305708065,0.22288985011748857,0.3033850458141135,0.515073034289858,0.22086398010981043,0.46669429192997,0.24158292758727853,0.24033979073863046,0.11426499533823681,0.05780586346213612,0.05656272661348803,0.304982906868331,0.22625090645395213,0.11809800062156842,0.2350564591318761,0.07500258986843468,0.19403294312648917,0.13425877965399358,0.3150915543259779,0.2933802962809489,0.3783279809385683,0.23039469594944573,0.1455025770346329,0.12203460064228736,0.19983424842018022,0.17548948513415516,0.18066922200352223,0.13933492178597326,0.11023051037839797,0.18285418309950416,0.2302911012120584,0.09339307454376757,0.16523360613280844,0.29980316999896406,0.22666528540350148,0.1277323111985911,0.22707966435305085,0.39583549155702885,0.1646120377084844,0.27825546462239714,0.20397803791567384,0.11664767429814564,0.1598466797886667,0.2852999067647363,0.22034600642287372
0.021392867324778707,-0.11639170188566042,-0.11815285803346302,-0.058169951587715464,-0.1596954236375127,-0.012950012950012949,-0.05102172957604607,0.018595736972386333,0.04573826113263825,0.23200642311787853,1.0,0.4855093109809947,0.27831447006304116,0.019113724074681218,-0.07029084978141575,-0.13441765304552236,0.13462484788644033,0.15420476035318695,0.06189945872423863,0.014659034994945216,-0.03620729845041239,0.2248582011062091,-0.05651239286037184,0.27178783257412564,0.33985133781567334,0.4246568246568246,-0.10028490028490027,-0.0016576016576016572,-0.043512043512043505,-0.0837088837088837,-0.03185620679113536,0.16259615141036407,0.014969827256322147,0.1588666442738409,0.13628240661378396,0.1120406102263834,-0.09655529655529654,0.1552407345577767,-0.10810390824894227,-0.12913418460211457,0.08282613765695195,0.3160239311101087,0.23159203343604262,0.11773846835162712,0.008753982028783538,-0.11255859732867829,-0.02693602693602693,-0.07774986405446209,0.17948253094517727,0.019528113756517126,0.1174276760902502,-0.04449509208713053,-0.02512237446130187,-0.0005697858125243723,-0.07619590274757743,-0.00450648778996549,0.031598031598031595,0.09696969696969696,0.25096475106187127,0.49379710461771287,0.41620263669393925,0.2080754189918549,0.04035119526877146,-0.02667633576818652,0.04221594883703304,-0.09660459457799585,0.006992825880980933,0.12996296396578638,0.13089534074991716,0.22382222690161935,0.05278288572384868,0.041905156575656105,-0.12685504135201708,0.06837606837606836,0.2688871048012742,0.3756960452944793,-0.029266271279660944,-0.0749028749028749,-0.08914558030494953,0.21076895192378828,0.07350236981564402,0.12012120902218358,-0.08904198288449054,0.10810950818203152,-0.04947033076849071,-0.08365491702062375,-0.06568246568246566,0.05495843155348719,0.14084069311397895,0.09753697136212665,-0.1387687447047994,0.1637357230354128,-0.07391675949747994,-0.0665613426448926,0.23138483859512465,0.1276838207156889,-0.05930952321276421,-0.04760301470089983,0.1802077128883901,0.08583046285026227
0.023619600124313685,0.022998031699989638,0.04775717393556407,-0.04641044234952864,0.0026934631720708585,0.18010411546793115,0.12576401118823163,0.13042577437066197,0.21060810110846367,0.5865534030871231,0.4855093109809947,1.0,0.40339790738630477,0.09841500051797368,-0.054594426603128555,0.03346110017611105,0.22552574329224073,0.1773541904071273,0.0753133740805967,0.07324147933284988,-0.013674505335128975,0.3661038019268621,0.01864705272972133,0.4043302600227908,0.39542111260747953,0.5481857503586757,0.03600010360949443,-0.049364170848702434,-0.024604387359006986,-0.017663360188255543,0.024033979073863045,0.08215062674816118,0.033564694913498394,0.13850616388687453,0.2698642908940226,0.2354708380814254,0.02905907643874299,0.1974515694602714,0.1320832901688594,0.0781104319900549,0.18056562726613487,0.4134465969128768,0.387962291515591,0.15725681135398323,0.12410649539003417,-0.12213819537967471,0.0807541892477724,-0.022687247487827616,0.19828032735937012,0.03729410545944266,0.06371076349321454,0.04185227390448565,0.15456334818191234,0.0351186159743085,0.09157774785040919,0.20656790635035738,0.07422755175885687,0.23884385286817097,0.4345799233398943,0.3871335336164923,0.5009841500051797,0.1857453641355019,0.12586760592561896,-0.019268621154045373,-0.006526468455402465,-0.08484408992023205,0.13229047964363408,0.17538589039676783,0.06453952139231327,0.205531958976484,0.04112711074277426,0.09137055837563451,-0.013985289547290995,0.21439486163985247,0.3440381228633585,0.46980213405159016,0.15031596394903138,0.034756934563986715,0.01709313166891122,0.2053247695017093,0.16274733243551226,0.14285714285714285,0.05780586346213612,0.10909090923726791,0.09883449896709742,0.019683000103594736,0.05392245734889742,0.05594115818916398,0.2555682171345695,0.19983424842018022,-0.03418626333782244,0.17103491142649951,0.17196726406298557,0.052418937117994405,0.26862115404537446,0.16119341137470217,-0.045063710763493206,0.00290065264684554,0.18553817466072722,0.11581891639904691
0.04423495286439449,0.02165130011395421,0.024448358023412407,0.009634310577022687,-0.011499015849994819,0.11504493541969373,0.1291826375220139,0.12804309541075312,0.16989536931523877,0.3388583859939915,0.27831447006304116,0.40339790738630477,1.0,0.266342069822853,0.08515487413239407,0.07562415829275872,0.48109396042681035,0.26240546980213403,0.21361234849269656,0.17880451673055006,0.154459753444525,0.5371387133533616,0.19776235367243342,0.43116129700611205,0.1785973272557754,0.3114656446099137,0.11483774057877577,0.06013830257643603,0.11577011736290657,0.10572116757838582,0.0997617321040091,0.06174246348285506,0.18553817466072722,0.2937946752304983,0.32798093856832067,0.1785973272557754,0.12115718322677335,0.2860250699264477,0.21444110639179528,0.026002279084222518,0.27121102248005796,0.3254946648710245,0.28012016989536925,0.1799440588418108,0.22780482751476222,0.03252874753962499,0.22423661658345526,0.14213197969543145,0.182430332539107,0.177872164094064,0.13343002175489485,0.058116647674298146,0.1610898166373148,0.007666010566663214,0.09955454262923442,0.1712421009012742,0.09266789260055473,0.20848980867369077,0.22231430643323316,0.08971304257743705,0.2735937014399668,0.22024241168548636,0.1506267481611934,0.06163886874546773,0.04330260022790842,0.05739148451258676,0.0926136952242826,0.11809800062156842,0.1516626955350668,0.2447943644462861,0.17693981145757795,0.09686107945716357,0.07914637936392831,0.1244723006814606,0.21464829586656997,0.14296073759453018,0.21630581166476742,0.09080313903229316,0.07334507407023723,0.10618460582202424,0.0801823267378017,0.173003211436859,0.08919506889050036,0.05604765612285085,0.14006734025525755,0.033253910701336375,0.12592266456788628,0.11012120584274318,0.280948927794468,0.12244897959183673,0.0709623951103284,0.15373459028281364,0.1411996270589454,0.008183984253599917,0.1270071480368797,0.20770744846161812,0.07603853724230808,0.1345695638661556,0.2583652750440278,0.2128871853309852
0.2750440277633896,-0.027866984357194653,-0.002279084222521496,0.14948720604993265,0.07054801616077903,0.07236279819059528,0.149280016575158,0.2463482855070962,0.12452087433958355,0.17207085880037293,0.019113724074681218,0.09841500051797368,0.266342069822853,1.0,0.6580337718843882,0.19227183259090436,0.26458095928726816,0.3587485755723609,0.5285403501502123,0.3893090231016264,0.49922303946959495,0.0954107531337408,0.6225007769605303,0.16367968507199832,0.0625712213819538,-0.08344772217970581,0.060863484519648854,0.09256429518009576,0.26443241572153825,0.4660329959347071,0.14099243758417074,0.07624572671708275,0.25080285921475187,0.3969750336682896,-0.033150315963949024,0.08391173728374597,0.12312553421549392,0.21558064850305603,0.11022480058013052,0.12068786905625194,0.23288096964674196,0.0692012845747436,-0.06049932663420698,-0.04589246866259193,0.010670257950896093,0.27846265409717186,0.4604387352299223,0.5001553921060811,0.13581270071480367,0.25038848026520255,0.2424116854863773,-0.04713560551124003,0.07800683725266755,-0.058427431886460164,-0.013778100072516316,0.12089505853102663,0.18631996069546974,0.1612493849443974,0.15767119030353258,0.024241168548637726,0.107634932145447,0.17424634828550709,0.39428157049621876,0.5234642080182327,0.5071998342484202,0.6062364031907178,0.10110846369004453,0.25090645395213923,0.3774992230394696,0.3019786594840982,0.5372423080907489,0.17952967989226146,0.43116129700611205,0.00015539613068846518,0.05283331606754376,-0.09157774785040919,0.3103698332124728,0.39714071132948753,0.12120584274318864,0.1345695638661556,0.15186988500984147,0.21941365378638764,0.035532994923857864,-0.04299404305172477,0.028490028528251353,0.2938982699678856,0.08500168348659046,0.18864601678234746,0.18647052729721328,0.03149280016575158,0.2514244276390759,0.1966228115611727,0.1364342691391277,0.13042577437066197,0.14213197969543145,0.045478089713042576,0.25608619082150624,0.42629234434890706,0.13343002175489485,0.2613695224282606
0.20615352740080803,-0.014917642183777061,0.013570910597741634,0.18460582202424117,0.10463068476121412,0.07391675949747994,0.1740391588107324,0.23257018543457994,0.13519113229047963,0.0625712213819538,-0.07029084978141575,-0.054594426603128555,0.08515487413239407,0.6580337718843882,1.0,0.1747643219724438,0.09085258468869781,0.2732829172278048,0.4206982285299906,0.3761524914534341,0.5165233606132809,-0.11105355847922925,0.5880037294105459,0.006733657930177146,-0.0013467315860354293,-0.18134728451343884,0.01351946336989647,0.07671388984987232,0.25003237427774044,0.5854808217239073,0.10255879001346731,0.04361338444007044,0.19703719051072205,0.2679995856210504,-0.18740287993369933,0.07261991090852585,0.07578151306574152,0.13115093753237334,0.07924997410131565,0.1607790324251528,0.182430332539107,-0.05107220553195897,-0.2000414378949549,-0.10297316896301667,-0.11022480058013052,0.31793224904174866,0.4034601539774851,0.5070962395110328,0.13529472702786696,0.21982803273593698,0.1623329534859629,-0.042681031803584374,0.04703201077385268,-0.007355226354501191,-0.0016575157981974515,0.11996270589454054,0.15513713713731775,0.1642537101377077,0.06785455298870817,-0.009427121102248005,-0.00435097897026831,0.09934735315445975,0.3454884491867813,0.5482233502538071,0.6069615663524293,0.8017196726406298,0.11302185848958872,0.18843882730757278,0.31378845954625506,0.21796332746296487,0.5441831554957007,0.11126074795400392,0.4519838392209675,-0.006785631040062979,-0.05542318450222728,-0.14534341655443903,0.25888324873096447,0.41568464959164436,0.052108152905832386,0.09592872682067749,0.10162643737698124,0.15901792188956798,-0.06837252667564488,-0.14099974118890946,-0.05490805498172079,0.23370972754584066,0.026054751245432665,0.14006008494768463,0.13332642701750752,-0.007769605304050554,0.23288096964674196,0.15860354294001863,0.12099865326841396,0.07106598984771573,0.05024344763286025,-0.045788873925204594,0.2650989329742049,0.4044338547601781,0.10390552159950273,0.23060188542422044
0.23308815912151662,0.4158292758727856,0.33657930177146994,0.45830311820159536,0.34642080182326734,0.31643832079194456,0.43116129700611205,0.5162125764011188,0.23754273282917227,0.24075416968817984,-0.13441765304552236,0.03346110017611105,0.07562415829275872,0.19227183259090436,0.1747643219724438,1.0,0.13581270071480367,0.1908215062674816,0.12441727960219622,0.1903035325805449,0.23785351704133428,0.006630063192789806,0.22272868538278254,0.11281466901481405,-0.06557546876618667,-0.005853254255932188,-0.02874828417736606,-0.12488669036329653,0.12882339234073764,0.17699619285416185,0.05822024241168549,-0.09810421630581166,-0.04371697917745778,0.1646120377084844,-0.07282710038330052,0.07261991090852585,0.11918883223805278,-0.002071894747746814,0.27110742774267066,0.26458095928726816,0.06143167927069304,0.09126696363824717,-0.04464933181394385,-0.17528229565938047,-0.09054180047653579,0.057495079249974095,0.15503353971685876,0.18885320625712212,0.2591940329431265,0.10918885320625711,0.11737283745985704,0.3824717704340619,0.5268828343520149,0.29244794364446286,0.3201077385268828,0.30871231741427535,0.47918986833299715,0.2561446220848201,0.10245519527607998,-0.1256604164508443,0.05366207396664249,0.0173003211436859,0.12172381643012532,0.17548948513415516,0.1666839324562312,0.20294209054180046,0.2510100486895266,0.11426499533823681,0.17725059566973997,0.12079146379363927,0.17289961669947165,0.12534963223868228,0.355433543975966,0.1830048432407825,-0.09064539521392313,-0.07158396353465243,0.22303946959494456,0.2749993526083539,-0.029524500155392104,0.0026934631720708585,0.14410027970579092,0.05563037397700196,-0.02486273697296177,-0.03688163693111812,0.021652421681471027,0.2397182223143064,0.06448939423571305,0.022169273800890912,0.15197347974722883,0.0661970371905107,0.10670257950896093,0.03428985807520978,0.30146068579716145,0.07790324251528022,0.05563037397700196,-0.15207707448461616,0.06661141614006008,0.15145550606029212,0.21848130114990155,0.1419247902206568
0.04641044234952864,0.08764114782969024,0.11343623743913808,-0.00020718947477468144,0.052626126592769086,0.17564942638819514,0.2040816326530612,0.2671708277219517,0.27007148036879725,0.22127835905935977,0.13462484788644033,0.22552574329224073,0.48109396042681035,0.26458095928726816,0.09085258468869781,0.13581270071480367,1.0,0.4183155495700818,0.3854760178182948,0.3454884491867813,0.2598156013674505,0.43551227597638037,0.177561379881902,0.532373355433544,0.11799440588418107,0.16756882759239497,0.15120043515987663,0.04159436431427918,0.31664551563286253,0.01901012665422224,0.10981042163058115,0.07489899513104734,0.11871956904589245,0.4658655340308712,0.2483165855174557,0.2362995959805242,0.24184817806148132,0.17238164301253495,0.1925826168030664,0.07956075831347767,0.4339583549155703,0.3005283331606754,0.17041334300217548,0.05386926344141717,0.1437894954936289,-0.022272868538278253,0.20051280729834955,0.09789702683103697,0.09945094789184708,0.25173521185123793,0.08712317414275354,0.07500258986843468,0.1653372008701958,0.03698332124728063,0.18315549570081838,0.20118098000621568,0.17254150377442584,0.3115692420303727,0.11861597430850512,-0.022272868538278253,0.09385683207293068,0.12752512172381641,0.1256604164508443,0.04972547394592354,0.14037086915984665,0.04609965813736662,0.20522117476432197,0.23982181705169375,0.25618978555889355,0.32528747539624986,0.2783590593597845,0.09344245312338133,0.06681860561483477,0.140529900852602,0.19382575365171448,0.04154148969232363,0.3653786387651507,0.13017015880670432,0.045478089713042576,0.042888221278359055,0.280638143582306,0.3390655754687662,0.05635553713871335,-0.004040404045824737,0.20740740768566987,0.1137470216513001,0.25427986851655854,0.11913394799544183,0.40018647052729717,0.2887185330985185,0.12265616906661142,0.07179115300942711,0.19620843261162332,0.08121827411167512,0.13229047964363408,0.1083600953071584,0.013363721122966953,0.1439966849684036,0.10722055319589764,0.20449601160261058
0.23837149072827096,0.008805552677923961,-0.011395421112607478,0.0719983424842018,0.03615456334818191,0.10675714178297559,0.17372837459857038,0.3783279809385683,0.2652025277115922,0.2269760696156635,0.15420476035318695,0.1773541904071273,0.26240546980213403,0.3587485755723609,0.2732829172278048,0.1908215062674816,0.4183155495700818,1.0,0.45768154977727127,0.6385579612555682,0.32000414378949543,0.1443074691805656,0.2628198487516834,0.44525018129079036,0.21257640111882317,0.04646344307585109,0.08676283963439306,-0.0010877729148192562,0.2820439771995643,0.1467457460801406,0.1780793535688387,0.23474567491971407,0.16171138506163887,0.720604993266342,0.055319589764839944,0.3178286543043613,0.189738675570616,0.2978348699886046,0.05739148451258676,0.08815912151662694,0.4912462446907697,0.173003211436859,0.01574640008287579,-0.07883559515176629,-0.013156531648192272,0.0256914948720605,0.3276268422015141,0.2598156013674505,0.23940743810214438,0.31606754376877655,0.26623847508546566,0.03532580544908319,0.19299699575261575,0.07106598984771573,0.08836631099140163,0.19051072205531958,0.31250161881450345,0.36264277031664827,0.20905418004765358,0.10732414793328499,0.20087019579405366,0.20138816948099036,0.2844711488656376,0.2769087330363617,0.3911737283745985,0.19890189578369416,0.2790842225214959,0.4471148865637625,0.467005076142132,0.6859007562415829,0.44172796021962085,0.1633689008598363,0.21050450637107634,0.19181062397979554,0.261473117165648,0.11105355847922925,0.41458613902413755,0.22465100626529116,0.1071169584585103,0.2493525328913291,0.47404951828447117,0.5374494975655236,-0.016678752719361856,-0.006837606846780326,0.08101528112397295,0.27317932249041743,0.14829970738702528,0.10722055319589764,0.5536102765979488,0.36133844400704446,0.2093649642598156,0.27369729617735417,0.22221071169584583,0.10079767947788251,0.2612659276908733,0.002382678959908836,0.013467315860354292,0.24810939604268104,0.2772195172485238,0.3502538071065989
0.24386201180980005,-0.03563658966124521,0.04029835284367554,0.0580130529369108,0.08764114782969024,0.1008520888168139,0.17590386408370454,0.2920335646949135,0.16419765875893502,0.1303221796332746,0.06189945872423863,0.0753133740805967,0.21361234849269656,0.5285403501502123,0.4206982285299906,0.12441727960219622,0.3854760178182948,0.45768154977727127,1.0,0.454262923443489,0.46659069719258256,0.06236403190717912,0.4062985600331503,0.24769501709313163,0.07552056355537139,-0.08665924221393409,0.07464194144069278,0.11939602707897075,0.39952345200004397,0.27116624805137174,0.15477053765668702,0.14410027970579092,0.15663524292965916,0.5361027659794882,0.019786594840982077,0.16896301667875271,0.18735593490005953,0.19227183259090436,0.07489899513104734,0.13135812700714802,0.36786491246244685,0.03221796332746296,-0.07924997410131565,-0.07666010566663213,-0.019890189578369417,0.17538589039676783,0.3542513792594711,0.34673158603542936,0.10214441106391794,0.33191753858903966,0.23961462757691906,-0.006630063192789806,0.09240650574950793,-0.029524500155392104,0.044545737076556506,0.10587382160986221,0.21211571838975496,0.21315169259434474,0.1501087744742567,0.03428985807520978,0.08121827411167512,0.15280223764632755,0.34901067025795085,0.3549155702890293,0.4561276287164612,0.3461100176111053,0.19154666942919296,0.3734590282813633,0.4457681549777271,0.37957111778721636,0.49943022894436956,0.16450844297109704,0.29037604889671603,0.011447514960716935,0.0709623951103284,-0.05231534238060706,0.3361649228219206,0.2704410661081589,0.11240029006526468,0.18626333782243862,0.2605407645291619,0.3251838806588625,0.020926136952242824,-0.05687645695276362,0.11064491079335435,0.24842018025484305,0.149542876432533,0.18460582202424117,0.27773749093546046,0.17041334300217548,0.20636071687558272,0.15487413239407435,0.16140060084947686,0.08784833730446492,0.12483165855174556,0.054076452916191856,0.16357609033461099,0.3174142753548119,0.12483165855174556,0.30166787527193617
