0,1,2,3,4,5,6,7,8,9,10,11,12,13,14,15,16,17,18,19,20,21,22,23,24,25,26,27,28,29,30,31,32,33,34,35,36,37,38,39,40,41,42,43,44,45,46,47,48,49,50,51,52,53,54,55,56,57,58,59,60,61,62,63,64,65,66,67,68,69,70,71,72,73,74,75,76,77,78,79,80,81,82,83,84,85,86,87,88,89,90,91,92,93,94,95,96,97,98,99
1.0,0.19276381909547735,0.18884422110552762,0.18824120603015074,0.15547738693467336,0.16552763819095476,-0.010050251256281405,-0.008743718592964824,0.0009045226130653265,0.23346733668341704,0.2658291457286432,0.17316582914572862,0.1521608040201005,0.11583205611837517,0.19276381909547735,0.10869619843125618,0.15537688442211056,0.06718761780054994,0.07693660647168432,0.039296482412060296,0.16201819207352197,0.11678391959798995,0.16598407000390158,0.1344723618090452,0.23045226130653262,0.13492801330925697,0.020201005025125625,0.06402010050251256,0.12432160804020098,0.12060301507537687,-0.018090452261306532,0.2868341708542713,0.2868341708542713,0.1870901279517183,0.0983441795330413,0.010552763819095477,0.18603015075376883,0.2537688442211055,0.05055276381909547,0.08809266567267317,0.11341993521005325,0.10623115577889446,0.10904522613065326,-0.09437185929648241,0.07678391959798994,0.01462348300670159,0.03597989949748743,0.13382245789294275,0.14261306532663315,0.05256281407035175,0.38623115577889444,0.11979899497487438,0.1193969849246231,0.14190954773869346,0.1029145728643216,0.1403015075376884,0.11356783919597989,0.002211166393062955,0.24834170854271354,0.1985477022662474,0.17527638190954772,0.0701507537688442,0.04311557788944723,0.14176235588283573,0.13638190954773868,0.19678391959798994,0.18512562814070352,0.04904522613065326,0.1707537688442211,0.09839195979899497,0.1287437185929648,-0.03477386934673367,0.030150753768844216,0.15311942515951804,0.07497487437185929,0.15487437185929645,0.19105527638190953,0.010251256281407035,0.0578894472361809,0.0628140703517588,0.19819095477386933,0.17949748743718594,-0.0743718592964824,0.10663316582914571,0.019899497487437183,0.0473881253447409,0.17698492462311557,-0.016984924623115575,0.14391959798994972,0.16964824120603014,0.15734063674908141,0.10663316582914571,0.12180904522613065,0.07839195979899498,0.11346733668341707,-0.03608040201005025,0.04864321608040201,0.03447236180904523,0.11195979899497487,0.03919597989949749
0.19276381909547735,1.0,0.5074371859296483,0.6569849246231155,0.6597989949748743,0.33638190954773867,0.23095477386934668,0.48894472361809044,0.20291457286432157,0.12090452261306532,-0.051155778894472356,0.1299497487437186,0.11798994974874372,0.10980175384757038,0.26492462311557785,0.31211839503307076,0.09728643216080402,0.3360385940405964,0.13794316444465934,0.32291457286432157,0.29468817565729927,0.18391959798994975,0.26065981565553664,0.2363819095477387,0.07326633165829145,0.09985175510074248,0.23125628140703516,0.18341708542713567,0.1657286432160804,0.210251256281407,0.2174874371859296,0.04100502512562814,0.1007035175879397,0.18930123878434674,0.23513153604246306,0.19829145728643216,0.16934673366834171,0.10884422110552763,0.1008040201005025,0.10537953218231354,0.20085931813672256,0.07829145728643215,0.05979899497487437,0.2565829145728643,-0.0128643216080402,0.3008618307942352,0.23035175879396985,0.2184476997599032,0.252964824120603,0.22100502512562814,0.27427135678391956,0.6289447236180904,0.43356783919597985,0.6552763819095477,0.4978894472361809,0.30452261306532663,0.4960804020100502,0.3303683606362697,0.1671356783919598,-0.004673484259873705,0.19919597989949747,0.08301507537688442,0.10844221105527638,0.2050805297262859,0.3008040201005025,0.24341708542713567,0.2609045226130653,0.2058291457286432,0.2865326633165829,0.40150753768844216,0.2959798994974874,0.31396984924623117,0.30994974874371856,0.05613206363740783,0.09185929648241206,0.1793969849246231,0.2951758793969849,0.19919597989949747,0.35738693467336685,0.2612060301507537,0.1965829145728643,0.15959798994974875,0.018894472361809047,0.2071356783919598,0.20844221105527638,0.3030729416268636,0.17698492462311557,0.19648241206030148,0.39256281407035176,0.1579899497487437,0.28367546932244153,0.10683417085427135,0.04482412060301507,0.215678391959799,0.21497487437185928,0.17175879396984922,0.1465326633165829,0.32170854271356786,0.2866331658291457,0.18592964824120603
0.18884422110552762,0.5074371859296483,1.0,0.3835175879396985,0.5254271356783919,0.4645226130653266,0.18381909547738692,0.4050251256281407,0.3465326633165829,0.011256281407035176,-0.06874371859296481,0.016482412060301505,0.06040201005025125,0.0690972135196381,0.2471356783919598,0.19905022745548112,0.012160804020100502,0.29714314439390555,0.0638709515516073,0.40623115577889446,0.32051861943080745,0.04974874371859296,0.1695017463285377,0.1263316582914573,-0.016482412060301505,0.011708836909145948,0.1565829145728643,0.1935678391959799,0.24341708542713567,0.13195979899497487,0.21477386934673365,0.014773869346733668,0.060201005025125626,0.09311791756501048,0.10065579540351646,0.2731658291457286,0.19457286432160803,0.09145728643216079,0.00984924623115578,0.012914897363306903,0.11151033949096506,0.034371859296482406,0.014673366834170854,0.2128643216080402,-0.0051256281407035175,0.21995527532760437,0.1285427135678392,0.11080680422603784,0.3989949748743718,0.3210050251256281,0.20824120603015073,0.384824120603015,0.3237185929648241,0.39145728643216077,0.5052261306532663,0.477286432160804,0.39366834170854265,0.4292678029441764,0.02472361809045226,0.011909846984839441,0.14763819095477385,0.0801005025125628,0.11497487437185928,0.20910073124015574,0.25929648241206027,0.2515577889447236,0.26542713567839193,0.15587939698492462,0.17527638190954772,0.30331658291457286,0.3149748743718593,0.21798994974874372,0.28954773869346734,0.02758863288893187,0.12814070351758794,0.1378894472361809,0.3370854271356784,0.204321608040201,0.3142713567839196,0.24261306532663313,0.16532663316582913,0.17035175879396983,0.021206030150753768,0.1107537688442211,0.1994974874371859,0.21794517457066942,0.1965829145728643,0.1957788944723618,0.4933668341708542,0.1858291457286432,0.24859921111392708,0.08783919597989949,-0.01115577889447236,0.15226130653266332,0.1764824120603015,0.2114572864321608,0.17658291457286432,0.2717587939698492,0.4039195979899497,0.31045226130653264
0.18824120603015074,0.6569849246231155,0.3835175879396985,1.0,0.564824120603015,0.250251256281407,0.23587939698492463,0.4458291457286432,0.10271356783919597,0.11979899497487438,-0.15095477386934672,0.02371859296482412,0.025829145728643213,0.12558104478950954,0.2342713567839196,0.36769768096232147,0.061407035175879386,0.33131485726179927,0.14990326394842218,0.2512562814070352,0.30001507651331455,0.12532663316582915,0.18196437102153426,0.11346733668341707,0.07477386934673366,-0.0030654036543257637,0.20120603015075375,0.1264321608040201,0.14110552763819093,0.1528643216080402,0.19266331658291458,0.10703517587939698,0.21557788944723616,0.229201738809505,0.19975376272040835,0.12120603015075378,0.11758793969849246,0.22351758793969848,0.12542713567839195,0.15593356621922694,0.15251639493243757,0.1057286432160804,0.12402010050251255,0.2138693467336683,0.03989949748743719,0.28870072121477885,0.13638190954773868,0.11924922740516454,0.09306532663316583,0.1344723618090452,0.2508542713567839,0.47547738693467334,0.37075376884422107,0.6435175879396984,0.38120603015075377,0.17336683417085427,0.3944723618090452,0.25830443773508155,0.0992964824120603,-0.051910852047844486,0.14281407035175878,0.027839195979899495,0.03839195979899497,0.12387245914611485,0.19698492462311556,0.1586934673366834,0.15989949748743718,0.12552763819095478,0.1893467336683417,0.31175879396984923,0.23437185929648238,0.28050251256281405,0.23829145728643214,-0.005477524562647675,0.02743718592964824,0.1507537688442211,0.19597989949748743,0.20190954773869346,0.32130653266331655,0.24241206030150755,0.13959798994974873,0.05035175879396985,-0.08592964824120602,0.11336683417085426,0.1685427135678392,0.3184502124174158,0.09206030150753768,0.18874371859296482,0.2608040201005025,0.05698492462311558,0.26256941137462486,0.14412060301507537,0.06442211055276381,0.15849246231155778,0.1479396984924623,0.09065326633165828,0.16472361809045225,0.29185929648241205,0.108643216080402,0.06804020100502511
0.15547738693467336,0.6597989949748743,0.5254271356783919,0.564824120603015,1.0,0.4436180904522613,0.2575879396984925,0.47195979899497487,0.30271356783919595,0.09326633165829146,-0.09507537688442211,0.048040201005025124,-0.013969849246231155,-0.037840146749299995,0.14442211055276383,0.21814618464636293,-0.07567839195979899,0.19100982442774142,-0.022764391072288045,0.32060301507537686,0.19810040730577655,-0.027638190954773868,0.07462499060120915,0.11407035175879394,0.061306532663316586,0.006482574941115139,0.2349748743718593,0.08442211055276382,0.11256281407035175,0.07969849246231155,0.174572864321608,0.022211055276381907,0.1307537688442211,0.040051257581928415,0.11151033949096506,0.2904522613065327,0.09386934673366833,0.06090452261306532,0.09447236180904522,0.12105831808640596,0.15914972743032282,0.06633165829145728,0.07879396984924623,0.24060301507537687,0.08070351758793969,0.216136083889428,0.12693467336683417,0.06980074878456533,0.281608040201005,0.2128643216080402,0.22572864321608038,0.4479396984924623,0.42924623115577887,0.6525628140703518,0.5743718592964824,0.3444221105527638,0.38643216080402004,0.4086637524633625,0.12904522613065325,0.001155807935237583,0.13698492462311557,-0.05798994974874372,0.03396984924623115,0.08668559514281872,0.14994974874371858,0.14180904522613064,0.25819095477386933,0.03728643216080402,0.14452261306532663,0.22572864321608038,0.18994974874371856,0.18462311557788944,0.18160804020100502,0.0447749943607255,-0.03708542713567839,0.18432160804020098,0.21266331658291457,0.11567839195979898,0.307035175879397,0.21467336683417082,0.13055276381909547,0.15668341708542713,0.04331658291457286,0.15859296482412058,0.23306532663316584,0.21432699320818657,0.10733668341708541,0.1630150753768844,0.39045226130653266,0.17758793969849243,0.2419658786160418,0.06371859296482411,0.05296482412060301,0.10482412060301506,0.16623115577889447,0.2116582914572864,0.1707537688442211,0.24542713567839197,0.33015075376884423,0.16190954773869345
0.16552763819095476,0.33638190954773867,0.4645226130653266,0.250251256281407,0.4436180904522613,1.0,0.29256281407035173,0.3807035175879397,0.44884422110552763,0.18673366834170854,0.018090452261306532,0.0665326633165829,-0.06160804020100502,-0.09130882688376904,0.10884422110552763,0.10799266316632895,-0.16894472361809043,0.12728963043290425,-0.10065579540351646,0.42814070351758793,0.17096336520909483,-0.16271356783919597,-0.019447724823345416,-0.002914572864321608,0.2574874371859296,-0.07392145533628193,-0.0010050251256281406,-0.039999999999999994,0.16522613065326633,-0.023216080402010047,0.10944723618090452,0.11708542713567838,0.04150753768844221,-0.0831679188181826,-0.13593306368772443,0.22070351758793968,-0.019899497487437183,0.1057286432160804,0.04281407035175879,0.17010477655561818,-0.033819945235430145,0.11517587939698493,-0.02010050251256281,0.11035175879396984,-0.015778894472361808,0.01613105857440279,-0.01638190954773869,-0.013819442703927622,0.44944723618090454,0.20241206030150752,0.27899497487437186,0.2602010050251256,0.18522613065326632,0.24592964824120603,0.572964824120603,0.6483417085427136,0.3353768844221105,0.3697673254581187,0.23718592964824117,0.058142164394342756,0.22462311557788944,-0.0378894472361809,0.014673366834170854,-0.01683459383933001,0.05346733668341708,0.16472361809045225,0.34462311557788944,-0.13195979899497487,0.01185929648241206,0.09085427135678392,0.17849246231155777,-0.0185929648241206,0.07226130653266331,0.24970476653024126,-0.10542713567839196,0.28844221105527634,0.26673366834170853,0.0728643216080402,0.1064321608040201,0.09105527638190954,-0.01658291457286432,0.02824120603015075,-0.084321608040201,-0.010854271356783919,0.08512562814070351,0.037337621560066266,0.0026130653266331653,0.02773869346733668,0.4332663316582914,0.09979899497487436,0.18327093651354195,0.2042211055276382,0.05155778894472361,-0.019999999999999997,0.08160804020100502,0.04281407035175879,-0.0037185929648241205,0.09386934673366833,0.48994974874371855,0.13276381909547738
-0.010050251256281405,0.23095477386934668,0.18381909547738692,0.23587939698492463,0.2575879396984925,0.29256281407035173,1.0,0.26944723618090455,0.17758793969849243,0.12894472361809045,-0.09477386934673367,0.12090452261306532,-0.07195979899497486,-0.06708711276270318,-0.01909547738693467,0.3657880852432333,-0.08944723618090451,0.02648307747261766,-0.051910852047844486,0.21477386934673365,0.05799286403624204,-0.007437185929648241,-0.027789642964625362,0.1250251256281407,0.10040201005025125,-0.015025503158088578,0.10422110552763819,-0.09979899497487436,-0.019597989949748745,0.031557788944723615,0.07819095477386934,0.07035175879396985,0.06311557788944723,-0.11864619717808406,0.06326792132452681,0.14321608040201003,-0.034673366834170855,0.17396984924623113,0.27668341708542715,0.40599010038193184,0.16347144405773292,0.20613065326633165,0.1299497487437186,0.15386934673366834,0.03597989949748743,0.21302042771617885,0.128643216080402,-0.05271489235061846,0.3042211055276382,0.27266331658291454,0.18824120603015074,0.2661306532663316,0.24281407035175875,0.22130653266331657,0.27457286432160805,0.23658291457286432,0.1722613065326633,0.1197045079153627,0.14964824120603015,0.01794014925564422,0.24643216080402008,-0.06351758793969849,-0.047336683417085426,-0.12970175134122613,-0.09899497487437185,-0.006834170854271356,0.5007035175879397,-0.1501507537688442,-0.09819095477386934,-0.014974874371859298,-0.026633165829145728,0.17969849246231154,-0.03175879396984924,0.3264906154451555,-0.03537688442211055,0.19748743718592965,0.03628140703517588,0.02150753768844221,0.10130653266331657,0.1777889447236181,-0.035175879396984924,0.007839195979899497,-0.06351758793969849,-0.004723618090452262,0.08321608040201005,0.1286967009627587,-0.054773869346733665,0.0728643216080402,0.22452261306532662,0.23256281407035173,0.209402246353696,0.28150753768844217,0.1370854271356784,0.07778894472361808,0.06562814070351758,0.1050251256281407,0.18592964824120603,0.09015075376884422,0.31336683417085426,0.16462311557788945
-0.008743718592964824,0.48894472361809044,0.4050251256281407,0.4458291457286432,0.47195979899497487,0.3807035175879397,0.26944723618090455,1.0,0.36944723618090447,-0.002814070351758794,-0.1392964824120603,0.016884422110552764,-0.0025125628140703514,0.025880047245537184,0.08512562814070351,0.3395562703652325,0.015175879396984922,0.3942310109538625,0.09201236214869626,0.37487437185929645,0.19970852831891325,0.03849246231155779,0.10196236089552416,0.12030150753768844,0.023316582914572864,0.026684087548311152,0.034572864321608034,0.004623115577889447,0.11095477386934673,-0.0021105527638190956,0.14120603015075375,0.014974874371859298,-0.022211055276381907,0.14678760777517302,0.026282067396924166,0.23778894472361808,0.011256281407035176,0.029949748743718595,-0.04381909547738693,0.0019598482380115538,0.06829317321686415,0.09467336683417085,0.005628140703517588,0.1764824120603015,-0.056582914572864317,0.07703711150953108,0.02824120603015075,0.08447448431019029,0.22170854271356782,0.20241206030150752,0.1487437185929648,0.4624120603015075,0.27628140703517584,0.39246231155778893,0.513467336683417,0.30040201005025124,0.5331658291457286,0.5055530435048483,0.02693467336683417,-0.07985125256923997,0.13899497487437185,0.010150753768844221,0.02894472361809045,0.08537902965081103,0.1708542713567839,0.08994974874371858,0.2346733668341708,0.084321608040201,0.2008040201005025,0.3314572864321608,0.210251256281407,0.15105527638190955,0.1850251256281407,0.002160858313705046,0.027236180904522612,0.11115577889447235,0.17547738693467335,0.09798994974874371,0.17035175879396983,0.062110552763819084,0.10422110552763819,0.060201005025125626,-0.07487437185929648,0.0685427135678392,0.07768844221105528,0.1617628584143382,0.04924623115577889,0.09206030150753768,0.37638190954773865,0.05336683417085427,0.1515113445539701,0.043417085427135675,-0.13738693467336682,0.05999999999999999,0.03336683417085427,-0.001809045226130653,-0.01336683417085427,0.23035175879396985,0.3038190954773869,0.17115577889447234
0.0009045226130653265,0.20291457286432157,0.3465326633165829,0.10271356783919597,0.30271356783919595,0.44884422110552763,0.17758793969849243,0.36944723618090447,1.0,-0.012060301507537688,-0.07115577889447236,-0.02050251256281407,0.017185929648241203,-0.04467448932287875,0.09839195979899497,0.010703786530678485,-0.09095477386934672,0.1966381065471592,-0.06316741628668009,0.45969849246231154,0.18191868961108854,-0.07969849246231155,0.02075429031535312,-0.004723618090452262,-0.05969849246231155,-0.03412146034897039,0.14251256281407032,0.025527638190954775,0.23276381909547736,0.0407035175879397,0.01778894472361809,-0.03809045226130653,-0.08391959798994975,0.06507701200576825,-0.02216136084520757,0.39999999999999997,0.04120603015075377,-0.10492462311557789,-0.0757788944723618,-0.0833689288938761,0.058041659356496016,0.004020100502512562,0.09407035175879397,0.21587939698492462,0.09537688442211055,0.018442674444877953,0.010753768844221105,0.06527802208146175,0.30331658291457286,0.31195979899497484,0.06412060301507537,0.13959798994974873,0.0328643216080402,0.07467336683417085,0.508643216080402,0.43427135678391954,0.2222110552763819,0.6121915681884753,-0.002814070351758794,-0.08075579790986068,0.010954773869346733,0.07587939698492462,0.12040201005025125,-0.01794014925564422,0.05547738693467336,0.11708542713567838,0.22623115577889444,-0.040100502512562815,0.11316582914572863,0.09708542713567837,0.16623115577889447,0.06301507537688442,0.14763819095477385,-0.005879544714034661,0.010150753768844221,0.051658291457286426,0.23979899497487434,0.11226130653266331,0.08391959798994975,-0.018492462311557788,0.06944723618090451,0.11025125628140703,0.09256281407035176,0.1403015075376884,0.25839195979899493,0.09944973494935551,0.11135678391959798,0.15638190954773867,0.4065326633165829,0.1136683417085427,0.05914721477281023,-0.12462311557788944,-0.1500502512562814,-0.023216080402010047,0.13949748743718593,0.152964824120603,0.059396984924623114,0.21407035175879396,0.39125628140703517,0.3080402010050251
0.23346733668341704,0.12090452261306532,0.011256281407035176,0.11979899497487438,0.09326633165829146,0.18673366834170854,0.12894472361809045,-0.002814070351758794,-0.012060301507537688,1.0,0.3786934673366834,0.47155778894472355,0.23447236180904524,0.14849619341856773,0.18663316582914571,0.1428679112991499,0.16130653266331657,-0.09161034199730929,0.04105630796039588,-0.042613065326633164,0.0701542791980883,0.22904522613065323,0.1286967009627587,0.23165829145728645,0.5350753768844221,0.2552325436118123,0.09085427135678392,0.12040201005025125,0.12100502512562814,0.125929648241206,-0.07768844221105528,0.3351758793969849,0.21819095477386935,0.12206336846487344,0.15291841508382456,-0.13366834170854272,0.11155778894472361,0.2974874371859296,0.28462311557788944,0.4162416142423,0.09633407877610638,0.4492462311557789,0.16321608040201005,0.09085427135678392,0.09155778894472362,0.07402196037412868,0.09658291457286432,0.0833689288938761,0.0385929648241206,0.024120603015075376,0.10331658291457285,0.09879396984924622,-0.005728643216080401,0.1078391959798995,0.16834170854271355,0.11306532663316583,0.07165829145728643,-0.04532891105779057,0.5803015075376884,0.2200557803654511,0.38402010050251256,0.13999999999999999,0.19457286432160803,0.08678610018066547,0.07497487437185929,0.14844221105527636,0.16412060301507536,0.00793969849246231,0.1157788944723618,-0.04201005025125628,-0.08201005025125628,0.08994974874371858,-0.0342713567839196,0.3814668711473257,-0.026633165829145728,0.44984924623115574,0.17266331658291456,0.028040201005025123,0.012964824120603013,0.17447236180904524,0.07306532663316583,0.07728643216080401,0.0957788944723618,0.1722613065326633,0.14201005025125626,0.1566371014841542,0.10974874371859296,0.0743718592964824,-0.0328643216080402,0.1385929648241206,0.17583356371288272,0.2872361809045226,0.35849246231155774,0.1749748743718593,0.13688442211055274,0.10673366834170854,0.08994974874371858,-0.020904522613065323,0.027638190954773868,-0.01658291457286432
0.2658291457286432,-0.051155778894472356,-0.06874371859296481,-0.15095477386934672,-0.09507537688442211,0.018090452261306532,-0.09477386934673367,-0.1392964824120603,-0.07115577889447236,0.3786934673366834,1.0,0.4615075376884422,0.2684422110552763,0.15402397050013877,0.03346733668341708,-0.06738862787624342,0.2093467336683417,-0.1584461921653956,0.12367144907042138,-0.15115577889447238,-0.12000603060532582,0.17879396984924623,0.106384582560781,0.22180904522613065,0.34592964824120603,0.3863916180018163,-0.08623115577889447,0.05949748743718593,0.0064321608040201,0.06060301507537689,-0.12532663316582915,0.06462311557788945,0.01778894472361809,0.005678534638341169,0.07975074753139322,-0.11879396984924623,0.08301507537688442,0.018693467336683416,0.05105527638190955,0.09784165434380755,0.011909846984839441,0.18170854271356784,-0.03557788944723618,-0.03296482412060301,-0.08592964824120602,-0.12759114554644446,0.08452261306532663,0.08377094904526307,0.09487437185929648,-0.024321608040201004,0.17547738693467335,0.020201005025125625,-0.009949748743718591,-0.1014070351758794,-0.03346733668341708,0.05819095477386934,-0.03608040201005025,-0.13417759703359294,0.431356783919598,0.38990929432645244,0.23005025125628142,0.1757788944723618,0.0992964824120603,0.10387195661461235,0.0771859296482412,0.07748743718592964,0.10603015075376884,0.09396984924623115,0.12542713567839195,0.004221105527638191,-0.07798994974874371,-0.14120603015075375,-0.13738693467336682,0.21673911411650848,0.07266331658291457,0.2223115577889447,0.06331658291457286,-0.15989949748743718,-0.1379899497487437,-0.019899497487437183,0.04412060301507537,0.09035175879396984,0.0778894472361809,0.09889447236180904,-0.06763819095477386,-0.113118420096513,0.11336683417085426,-0.1001005025125628,-0.03326633165829145,0.11386934673366834,0.0868866052185122,0.09708542713567837,0.1836180904522613,0.13175879396984924,0.02914572864321608,0.041809045226130645,-0.08311557788944723,-0.19396984924623115,0.10402010050251255,0.04271356783919598
0.17316582914572862,0.1299497487437186,0.016482412060301505,0.02371859296482412,0.048040201005025124,0.0665326633165829,0.12090452261306532,0.016884422110552764,-0.02050251256281407,0.47155778894472355,0.4615075376884422,1.0,0.40974874371859293,0.2334229503990684,0.13758793969849245,0.14266690122345643,0.3472361809045226,-0.00015075755677011952,0.21955325517621738,-0.056281407035175875,-0.02331775469048207,0.3564824120603015,0.20005527783394858,0.48331658291457286,0.2637185929648241,0.5827784619543586,0.09889447236180904,0.1493467336683417,0.06311557788944723,0.2009045226130653,-0.06683417085427136,0.07628140703517589,0.04874371859296482,0.12970175134122613,0.28086132826273263,-0.08120603015075377,0.0671356783919598,0.08040201005025124,0.12623115577889446,0.23050830430151273,0.10950023873403013,0.25929648241206027,0.06814070351758794,0.10251256281407035,-0.007135678391959798,0.05050378151799004,0.13919597989949747,0.13744063925542563,0.12060301507537687,-0.0006030150753768844,0.1678391959798995,0.13839195979899496,0.09899497487437185,0.0764824120603015,0.08070351758793969,0.11226130653266331,0.03989949748743719,-0.06502839346871507,0.4418090452261306,0.3390537451759988,0.4839195979899497,0.2712562814070351,0.25487437185929646,0.17784366446981764,0.161608040201005,0.15829145728643215,0.16130653266331657,0.22984924623115577,0.1893467336683417,0.05949748743718593,-0.025125628140703515,0.13738693467336682,0.01457286432160804,0.2599562803906094,0.21758793969849244,0.327035175879397,0.13467336683417083,0.025427135678391957,-0.016984924623115575,0.05346733668341708,0.13376884422110552,0.09678391959798995,0.1564824120603015,0.20060301507537687,0.1014070351758794,0.08276589866679561,0.10472361809045226,0.0578894472361809,0.0185929648241206,0.14683417085427133,0.14950124379703517,0.1029145728643216,0.1629145728643216,0.12713567839195977,0.041608040201005024,0.11919597989949747,0.0021105527638190956,-0.0385929648241206,0.14100502512562813,0.016180904522613063
0.1521608040201005,0.11798994974874372,0.06040201005025125,0.025829145728643213,-0.013969849246231155,-0.06160804020100502,-0.07195979899497486,-0.0025125628140703514,0.017185929648241203,0.23447236180904524,0.2684422110552763,0.40974874371859293,1.0,0.3972461620892649,0.3453266331658291,0.14598356747239905,0.6231155778894472,0.18176336094584075,0.4025729290951425,0.09175879396984923,0.13377556678030875,0.4510552763819095,0.39011030440214595,0.4791959798994975,0.0037185929648241205,0.39141686989415364,0.11246231155778894,0.33015075376884423,0.32110552763819095,0.2938693467336683,-0.030753768844221104,0.049849246231155775,0.013467336683417085,0.3275961708614697,0.2964396091289783,0.0328643216080402,0.34482412060301504,0.026633165829145728,0.058592964824120596,-0.03170933944064847,0.2050805297262859,0.0521608040201005,-0.004522613065326633,0.15266331658291454,-0.09005025125628141,0.09271589741362349,0.23236180904522613,0.39021080943999265,0.06261306532663316,0.10160804020100501,0.048341708542713566,0.06190954773869346,-0.004623115577889447,-0.017688442211055276,0.024120603015075376,0.07738693467336684,0.034974874371859296,-0.04904769090066918,0.13919597989949747,0.16337093901988617,0.2321608040201005,0.6870351758793969,0.5379899497487437,0.3644815197512256,0.3343718592964824,0.3409045226130653,0.027537688442211054,0.46954773869346733,0.3558793969849246,0.24472361809045226,0.1759798994974874,0.15537688442211056,0.1366834170854271,-0.010100756303598007,0.3159798994974874,-0.021206030150753768,0.32633165829145727,0.14994974874371858,0.016482412060301505,0.03527638190954773,0.26391959798994974,0.21105527638190952,0.17889447236180903,0.29437185929648235,0.1479396984924623,0.12708862035721075,0.31668341708542713,0.1014070351758794,0.10371859296482411,0.10472361809045226,0.03301590493265617,-0.07266331658291457,-0.00984924623115578,0.18170854271356784,0.07608040201005024,0.1058291457286432,-0.013266331658291457,0.10743718592964824,0.06934673366834171,0.15035175879396984
0.11583205611837517,0.10980175384757038,0.0690972135196381,0.12558104478950954,-0.037840146749299995,-0.09130882688376904,-0.06708711276270318,0.025880047245537184,-0.04467448932287875,0.14849619341856773,0.15402397050013877,0.2334229503990684,0.3972461620892649,1.0,0.4925249379679804,0.2561937785818382,0.5110178649317818,0.3856475199758782,0.6580230162319713,0.15533053599214647,0.4299319045506335,0.4845850399780875,0.5216342529775365,0.36377798448629833,-0.007387120281735856,0.24162018191868936,0.08266539362894886,0.3347320285485887,0.3798587905417778,0.36418000463768535,0.014824493082395085,0.11382195536144023,0.13734013421757887,0.43931855872154374,0.2636313382582039,-0.03522701576528459,0.2604588055798432,0.1842759868920094,0.09713811907888034,-0.012663952962460425,0.12382531785516859,-0.0061810598275749,-0.04467448932287875,0.1172391266482296,-0.1653810397768211,0.2073471028694909,0.25704163429305377,0.350067842605156,-0.05753913416726228,0.028895198380939572,0.06497650696792151,0.11171134956665855,0.02949822860802005,0.01794014925564422,-0.025478027094150195,-0.04115681299824263,-0.027387622813238376,-0.019247681992155773,-0.014020452779621115,0.03447409417558671,0.10588205737154727,0.3204603131743507,0.3241789995746803,0.4684657520478415,0.4382522175307374,0.448704741466799,-0.05221236716138473,0.4445840349150824,0.30015829552930795,0.2967411242425186,0.3298072816940981,0.16759215060944951,0.2551320385739656,-0.06462636313382582,0.3459885927874243,-0.05944872988635046,0.3577476822154936,0.30035930560500146,0.15593356621922694,0.20759315567245457,0.2768411267488628,0.06437347674084103,0.003567928843559495,0.175733058675036,0.13110882187108058,0.16885270616613898,0.22749315316611032,0.1899042690114272,0.06477549689222802,-0.017236613990716996,0.09035629931152318,0.015528028347322309,0.040754792846855646,0.257745169557981,0.019146209709805177,0.027990653040318853,0.09824367449519454,0.1683961909122235,-0.09181135207300278,0.053317922577698934
0.19276381909547735,0.26492462311557785,0.2471356783919598,0.2342713567839196,0.14442211055276383,0.10884422110552763,-0.01909547738693467,0.08512562814070351,0.09839195979899497,0.18663316582914571,0.03346733668341708,0.13758793969849245,0.3453266331658291,0.4925249379679804,1.0,0.15352144531090503,0.30190954773869344,0.36287343914567766,0.3518178849825355,0.3440201005025125,0.5909844723277352,0.35175879396984927,0.5434809921562809,0.24482412060301506,0.019798994974874373,0.13894821482312683,0.26281407035175874,0.5273366834170854,0.6276381909547738,0.5770854271356783,0.0629145728643216,0.13185929648241204,0.13869346733668342,0.36005929808596876,0.27111233959159825,0.026231155778894472,0.4083417085427135,0.15487437185929645,0.07326633165829145,0.04990075129090956,0.14015427527728777,0.05738693467336682,0.0013065326633165827,0.21195979899497486,-0.047035175879396984,0.3345310184728952,0.3103517587939698,0.43855373264427766,0.08391959798994975,0.14522613065326634,0.11125628140703517,0.18030150753768845,0.04763819095477386,0.1208040201005025,0.19236180904522612,0.1401005025125628,0.14733668341708542,0.09407507926849663,0.10201005025125627,0.035126510727437846,0.16502512562814067,0.2964824120603015,0.37979899497487435,0.3629739441835244,0.41859296482412056,0.7354773869346733,0.05909547738693467,0.328643216080402,0.30562814070351757,0.3233165829145729,0.431859296482412,0.2767839195979899,0.4858291457286432,0.02427196663998924,0.2301507537688442,0.0786934673366834,0.6390954773869346,0.5738693467336683,0.250251256281407,0.2658291457286432,0.27939698492462306,0.12341708542713568,0.061306532663316586,0.19386934673366832,0.2737688442211055,0.35804919732903384,0.34482412060301504,0.3621105527638191,0.22994974874371857,0.08381909547738693,0.15241588989459082,0.06763819095477386,0.055276381909547735,0.2735678391959799,0.15407035175879397,0.14482412060301506,0.22854271356783917,0.42703517587939693,0.03939698492462312,0.13768844221105528
0.10869619843125618,0.31211839503307076,0.19905022745548112,0.36769768096232147,0.21814618464636293,0.10799266316632895,0.3657880852432333,0.3395562703652325,0.010703786530678485,0.1428679112991499,-0.06738862787624342,0.14266690122345643,0.14598356747239905,0.2561937785818382,0.15352144531090503,1.0,0.2762380965217823,0.3085582190059802,0.29991456857128496,0.1580441720140086,0.22659999504603232,0.2995552653022275,0.20825167093823807,0.33734515953260413,0.09472599817055842,0.1189004472586562,0.06718761780054992,0.04236287345240358,0.08980125131606786,0.11100781430173133,0.03753863163575976,0.20638709521829363,0.24558405997852464,0.21910648776320416,0.21086486758128548,0.012713887287613412,0.10799266316632895,0.29171587235018126,0.26417749198017276,0.24182119704507765,0.18553696165636463,0.1532199301973648,0.01934721978549867,0.10960074377187688,-0.06417246666514755,0.2036283230313081,0.1590492223924761,0.12503140861349815,0.1050780170687733,0.14206387099637593,0.18377346170277567,0.36719515577308776,0.3814668711473257,0.30749516329212045,0.14869720349426122,0.06708711276270317,0.26327294663955203,0.08045832602987309,0.04115681299824263,-0.03125785215337454,0.17432598814518152,0.10578155233370053,0.0966355938896466,0.1738780843258455,0.18246689621076798,0.1517123546296636,0.22407598187932096,0.17533103852364898,0.13945074001236055,0.21322143779187236,0.16005427277094353,0.18588406749755734,0.1024648860847579,0.08020503542891602,0.1809593206430668,0.07301690999566121,0.1526168999702843,0.08276589866679561,0.07372044526058844,0.11864619717808406,0.13864669970958657,0.021256815504586853,-0.06809216314117064,0.10085680547920994,0.08075579790986068,0.1330720136690286,0.04266438856594382,0.024171461602142494,0.12035478282147874,0.06206186087036586,0.15146489773355445,0.19060780427635443,0.07331842510920146,0.07894670722861924,-0.04236287345240358,-0.026885097624004647,0.0638709515516073,0.06618256742208246,0.08015276768278021,0.06568004223284873
0.15537688442211056,0.09728643216080402,0.012160804020100502,0.061407035175879386,-0.07567839195979899,-0.16894472361809043,-0.08944723618090451,0.015175879396984922,-0.09095477386934672,0.16130653266331657,0.2093467336683417,0.3472361809045226,0.6231155778894472,0.5110178649317818,0.30190954773869344,0.2762380965217823,1.0,0.285082539852296,0.592125430474106,0.027638190954773868,0.16453088115654804,0.5742713567839195,0.4471971658990978,0.5260301507537688,-0.02522613065326633,0.3839794970934944,0.049346733668341705,0.25819095477386933,0.2608040201005025,0.2530653266331658,-0.054472361809045224,0.10492462311557789,0.1143718592964824,0.4339305009033273,0.3221688988177454,-0.04231155778894472,0.30502512562814066,0.12331658291457287,0.08613065326633165,-0.04658408504196693,0.2267896179011831,-0.004321608040201004,-0.021809045226130655,0.06522613065326632,-0.12361809045226128,0.09914821983581526,0.2237185929648241,0.37191889255188487,-0.036683417085427134,0.06422110552763818,0.01879396984924623,0.07839195979899498,0.02452261306532663,-0.020703517587939698,-0.0657286432160804,-0.08020100502512563,0.02452261306532663,-0.07327001366104065,0.03246231155778894,0.11171134956665855,0.19417085427135675,0.49668341708542707,0.39788944723618086,0.4374481772279635,0.4055276381909547,0.2938693467336683,-0.017889447236180904,0.582713567839196,0.3844221105527638,0.287537688442211,0.20894472361809044,0.1630150753768844,0.11839195979899496,-0.05472499310755338,0.45447236180904527,-0.09618090452261306,0.25457286432160803,0.10894472361809045,-0.01909547738693467,-0.025829145728643213,0.34613065326633163,0.19959798994974873,0.09748743718592964,0.2853266331658291,0.10492462311557789,0.08166034325048141,0.26663316582914576,0.05155778894472361,0.01969849246231156,0.09668341708542713,0.02407095656429575,-0.08532663316582914,-0.011055276381909547,0.11195979899497487,0.020201005025125625,-0.010753768844221105,-0.027135678391959798,0.03125628140703517,-0.05969849246231155,0.09989949748743718
0.06718761780054994,0.3360385940405964,0.29714314439390555,0.33131485726179927,0.19100982442774142,0.12728963043290425,0.02648307747261766,0.3942310109538625,0.1966381065471592,-0.09161034199730929,-0.1584461921653956,-0.00015075755677011952,0.18176336094584075,0.3856475199758782,0.36287343914567766,0.3085582190059802,0.285082539852296,1.0,0.4280617116438012,0.4326239354113196,0.5393873911796551,0.30960576908690207,0.4440424141916679,0.24357395922158975,-0.11291741002081951,0.06965174129353234,0.022965401147981537,0.2148295183974203,0.30558556757303224,0.25915224008783544,0.195532551130845,-0.01814115933133771,-0.010603281492831738,0.48293884114779634,0.19518568772300113,0.13452599315786998,0.14065680046652151,0.02457348175352948,-0.14930023372134169,-0.17799889441680483,0.05819387908940147,-0.1464860926616328,-0.11492751077775443,0.13492801330925697,-0.23201587986921393,0.1174933413739384,0.09211286718654302,0.2844364038393889,0.04728762030689415,0.09110781680807556,0.1302042765304599,0.31272142526015123,0.1521143747810506,0.1846780070433964,0.24035779801049384,0.1324153873630883,0.2940274882206564,0.30700806603153946,-0.18347194658923544,-0.14513292125232422,0.061257820567591895,0.22216638616023276,0.21432699320818657,0.36243027287803403,0.4635794870681175,0.3510138446797616,0.026684087548311152,0.3573456620641066,0.360762833350896,0.5475011936701507,0.5902158347550178,0.250207291719475,0.4291062590866835,-0.16282225237449116,0.3141284957900057,-0.05402145784262616,0.3375461696082976,0.3298072816940981,0.264076986942326,0.11171134956665855,0.26859971364542956,0.04105630796039588,-0.12296791380549414,0.08759014048343944,0.06346893140022031,0.20634202723754963,0.13985276016374754,0.17442649318302827,0.29684162928036534,-0.06005176011343094,0.032262927785315844,-0.0717103445036535,-0.19462800579022427,0.14256639618560968,0.02346792633721527,-0.0528153973884652,-0.024975501904916465,0.2844795096252155,0.06568004223284873,0.12256589365410717
0.07693660647168432,0.13794316444465934,0.0638709515516073,0.14990326394842218,-0.022764391072288045,-0.10065579540351646,-0.051910852047844486,0.09201236214869626,-0.06316741628668009,0.04105630796039588,0.12367144907042138,0.21955325517621738,0.4025729290951425,0.6580230162319713,0.3518178849825355,0.29991456857128496,0.592125430474106,0.4280617116438012,1.0,0.14869720349426122,0.3306279368835322,0.4532274681699026,0.4579124579124578,0.4084022212902538,-0.04980024625306281,0.2554902256394794,0.024472976715682736,0.29865071996160675,0.304882032308105,0.299756275377921,0.015930048498709295,0.02949822860802005,0.08939923116468088,0.42946881752851895,0.2504648474797728,-0.00728661524388911,0.25402648315765136,0.09030377650530158,0.017136108952870252,-0.055882205135936475,0.11799587918990902,-0.13301841759016877,-0.10598256240939402,0.08618306995358499,-0.24618709020560517,0.1391024674606764,0.24025729297264714,0.3512739333634856,-0.03140782432710823,0.04186034826316985,0.09693710900318685,0.15030528409980917,0.09271589741362349,0.032412874705575696,-0.025880047245537184,-0.06015226515127768,0.0055780296004944215,0.009799733651358684,-0.059649739962043945,0.055781697572742345,0.10588205737154727,0.31583708143340034,0.27312244034853317,0.41338760741745817,0.4624739316518032,0.3319178874888798,-0.06176034575682563,0.5170481672025865,0.3123194051087642,0.33744566457045083,0.3543305109287042,0.1688987161014572,0.19402497556314383,-0.09980401025177144,0.38538656762334883,-0.1305057916440001,0.3038769819296376,0.23281992017198788,0.08326842385602935,0.04417196413364501,0.2559360788767396,0.04638307496627343,-0.06829317321686414,0.11975175259439826,0.024171461602142494,0.0847278757726519,0.19844719722840065,0.12206336846487342,0.07583105105537012,-0.02376944145075551,0.013166490778431076,-0.03723711652221952,-0.010402271417138247,0.1695017463285377,-0.041257318036089376,-0.0486946908367486,-0.01743762406641049,0.08015276768278021,-0.06819266817901738,0.0664840825356227
0.039296482412060296,0.32291457286432157,0.40623115577889446,0.2512562814070352,0.32060301507537686,0.42814070351758793,0.21477386934673365,0.37487437185929645,0.45969849246231154,-0.042613065326633164,-0.15115577889447238,-0.056281407035175875,0.09175879396984923,0.15533053599214647,0.3440201005025125,0.1580441720140086,0.027638190954773868,0.4326239354113196,0.14869720349426122,1.0,0.4947987342294966,0.03045226130653266,0.2613633509204638,0.10160804020100501,-0.04763819095477386,-0.08346943393172283,0.1322613065326633,0.18753768844221105,0.42974874371859295,0.21195979899497486,0.1850251256281407,-0.01135678391959799,-0.0543718592964824,0.18869820855726627,0.02899570341878632,0.271356783919598,0.13889447236180902,-0.026331658291457286,-0.13326633165829144,-0.08919822108898738,0.035528530878824835,-0.08201005025125628,-0.0814070351758794,0.1493467336683417,-0.10120603015075376,0.10598256240939402,0.10301507537688441,0.22618658767410263,0.2904522613065327,0.29567839195979895,0.17728643216080403,0.2519597989949749,0.15949748743718592,0.16251256281407034,0.4360804020100502,0.38783919597989946,0.30040201005025124,0.39710538268144246,-0.029748743718592964,-0.15332043523521155,0.07025125628140703,0.1542713567839196,0.2136683417085427,0.14417447679115764,0.27758793969849244,0.38422110552763816,0.25356783919597986,0.09115577889447236,0.19256281407035175,0.3165829145728643,0.5107537688442211,0.14140703517587938,0.3460301507537688,0.018442674444877953,0.08874371859296482,0.009447236180904523,0.47557788944723617,0.32834170854271355,0.2380904522613065,0.16221105527638188,0.10984924623115577,0.026633165829145728,-0.08271356783919598,-0.003819095477386934,0.16391959798994973,0.1842759868920094,0.13628140703517588,0.2277386934673367,0.5114572864321607,0.051959798994974875,0.09603256366256613,-0.003618090452261306,-0.12914572864321608,0.11125628140703517,0.034371859296482406,0.06532663316582915,0.0535678391959799,0.3401005025125628,0.31768844221105524,0.2336683417085427
