0,1,2,3,4,5,6,7,8,9,10,11,12,13,14,15,16,17,18,19,20,21,22,23,24,25,26,27,28,29,30,31,32,33,34,35,36,37,38,39,40,41,42,43,44,45,46,47,48,49,50,51,52,53,54,55,56,57,58,59,60,61,62,63,64,65,66,67,68,69,70,71,72,73,74,75,76,77,78,79,80,81,82,83,84,85,86,87,88,89,90,91,92,93,94,95,96,97,98,99
1.0,0.4114371553528263,0.2865578865578865,0.33581103841777327,0.21812436877637564,0.07495273370206972,0.22195747333335777,0.28231028231028227,-0.0861412551116392,-0.07018725236095677,0.06459299165617202,-0.02833389449553015,0.008132397506029678,-0.05967365967365967,-0.10246050246050245,0.332495920963086,0.02387920541579415,0.3374255374255374,0.006060449096850142,0.13478373478373476,-0.1967833001618264,0.1700551656834104,0.01258708658576568,-0.19839419839419836,0.07350236981564402,-0.1699515682629514,-0.27744107744107743,-0.17430265992222843,0.3762140323967742,-0.1111082334422526,0.20859340609414975,0.10582476499884479,0.09898733524855231,0.0812721763500673,-0.06993006993006992,0.005335267153637305,0.05785915932633853,0.06790810911085927,-0.24864024864024858,-0.18507679164996202,0.052575690882930716,0.18565138565138564,-0.11344211344211343,0.10447799853287809,-0.15430835777364593,-0.033048433048433044,-0.011343917540257958,0.011706811706811706,0.3127088136554214,0.051021729576046074,0.5093367176865594,0.44179119954730656,0.22547978562896298,0.2950972521773954,0.29333609602959276,-0.0015021625966551635,0.3557017431458968,-0.14363782346637133,-0.16808681469468983,-0.011240320119798981,0.030820232586545596,0.1347284453068993,0.08199735829328013,0.14348614348614347,-0.03771043771043771,-0.10696433662389354,0.17430265992222843,0.162906943671741,0.12105358580631437,0.3021418767686058,-0.0973297765212087,0.19492864364589585,0.0926184926184926,-0.11048664891949875,-0.11981041676080666,-0.11514853284015271,-0.029318829318829315,-0.07034447034447033,0.12478309294283754,0.059620315474141136,-0.11017585665812181,-0.21849261849261845,-0.3178886846783703,-0.08940688940688939,-0.36798756798756793,-0.1206941206941207,0.03320297325710206,-0.21833156361729358,-0.060037815037362025,-0.24439264439264435,-0.02968066096149685,-0.15177415177415177,-0.28635068635068633,-0.020253295699729962,-0.1959545207981546,0.03294483294483294,-0.1866307529568467,-0.14788531770518937,0.3003807206208032,-0.01699041699041699
0.4114371553528263,1.0,0.287741835324808,0.7254739459235471,0.5744328188128043,0.15891432715218065,0.13519113229047963,0.4435523556951091,-0.07075520563555371,-0.1773541904071273,-0.14544701129182638,-0.16658033771884387,-0.07956075831347767,-0.21905674556050642,-0.2110797441851652,0.3916917020615352,0.022376463275665594,0.3150915543259779,-0.1373666217756138,-0.09059594419137519,-0.2933802962809489,0.172692427224697,-0.10473427949860147,-0.17554582896773618,-0.017921889568009945,-0.12907904278462654,-0.3185102692011242,-0.1875064746710867,0.21589143271521805,-0.10867087951932042,0.19196104837874234,-0.10121205842743188,0.018336268517559307,-0.00580130529369108,-0.07029084978141575,-0.03563658966124521,0.028281363306744016,-0.048585931834662796,-0.24319494452744803,-0.24386201180980005,-0.09965813736662177,0.05071093731466914,-0.13421045820460442,0.04941468973376152,-0.1231741427535481,-0.15544792939869467,-0.14720812182741116,-0.13452125046598135,0.18356987465036773,-0.09002382678959908,0.519320418522739,0.7421526986429089,0.3035325805449083,0.6942919299699575,0.609033461100176,-0.08163265306122448,0.584999482026313,-0.05946337926033357,-0.1979695431472081,0.08857350046617632,-0.014399668496840358,0.028177768569356675,0.0519009634310577,0.019424516336058146,-0.16394291787633078,-0.14637936392831244,0.08277219517248524,0.06236403190717912,0.08826271625401429,0.33274629648813836,-0.15870713767740596,0.3184667188939806,0.1329672891590967,-0.17352118512379572,-0.12648917434994303,-0.07852481093960427,0.040040403007394525,0.015591411779076008,0.1513519113229048,-0.11281466901481405,-0.04900031078421215,-0.3522830282707506,-0.2961773541904071,-0.031545414529758425,-0.32462251700820377,-0.1758566212291131,0.010877447425670775,-0.2427224696985393,-0.10764050778492058,-0.2752065474492718,-0.102765979488242,-0.20631426284405227,-0.22330423979932446,-0.10017611105355848,-0.11737283745985704,-0.07982181246364162,-0.3081943437273386,-0.30715839635346526,0.16015746400082873,-0.16560047660367438
0.2865578865578865,0.287741835324808,1.0,0.17419906250176947,0.15513713713731775,0.46365025526415066,0.16352852819449487,0.3235431235431235,0.3150915543259779,0.037657662336838066,0.12871979492027866,0.08593406027072124,0.020874880222483825,-0.06019166019166018,-0.08132608132608131,0.16518608692183848,-0.004817280051342421,0.16420616420616418,-0.021807257006614615,0.18679098679098677,-0.06884048589499007,-0.03309937583664309,-0.06397140713341817,0.07749287749287748,0.055787210917159,-0.04677423533722802,-0.1848225848225848,-0.1531687861485972,0.10976146697628592,0.03506772682536364,0.042941130780245876,0.051436119257881975,-0.01155111238117591,-0.10178446560094469,-0.21704221704221702,0.23314599474292727,0.07132682398600552,0.08324052733878785,-0.05283605283605283,-0.13659319887516091,-0.11090103860133464,0.11478891478891477,-0.1306397306397306,0.005024474892260374,-0.06697573232672849,-0.19538979538979534,-0.20403511959395476,-0.2106190106190106,0.2413301909591864,0.042112351416574066,0.2912641476204132,0.3149879569055189,0.20103079440064445,0.14301623894361745,0.2661935718693409,0.3887493202723104,0.3059749813255879,0.23376757926568112,0.03496412940490467,0.0080288000855707,0.13680039371607886,0.10955427213536796,0.17554582896773616,0.06412846412846412,-0.014400414400414398,0.006682033619604002,0.08324052733878785,0.06272823808791045,0.013830255631273401,0.19481494917310585,0.057755561905879556,0.11525810048156211,0.1704221704221704,0.12146797548815029,0.13959752406847123,0.1409442905344379,0.1506345506345506,0.0924112924112924,0.02864468675690708,0.00906477429016047,0.16145657978531533,-0.18005698005698004,-0.10592836241930377,-0.09624449624449623,-0.08816368816368815,-0.18710178710178707,0.12105358580631437,-0.11473414315831679,0.2804009428794138,0.027557627557627556,-0.0020201496989500473,-0.036778036778036774,0.027350427350427347,0.10437440111241912,0.018181347290550428,-0.058948458948458946,-0.15648390360328443,-0.22019631718555518,0.17751417995645674,0.06682206682206682
0.33581103841777327,0.7254739459235471,0.17419906250176947,1.0,0.589557650471356,0.08888428467833834,0.08235781622293588,0.44666027830887844,-0.07779964777789287,-0.17776856935667668,-0.17631824303325389,-0.17258883248730963,-0.04993266342069822,-0.21491284874214736,-0.21087254934424723,0.2841603646534756,0.026313063296384543,0.2906425630976594,-0.1015228426395939,-0.14498458993233804,-0.2753548119755516,0.17186366932559824,-0.06723298456438412,-0.1815544793543568,-0.0117062053247695,-0.13695224282606444,-0.23946543739092482,-0.13529472702786696,0.2121620221692738,-0.08256500569771055,0.13332642701750752,-0.11612970061120896,0.02351600538692634,-0.012016989536931522,-0.07422755175885687,-0.0636071687558272,0.01025587900134673,-0.06557546876618667,-0.2525187123687559,-0.22707966435305085,-0.11892675852066714,0.05972391289460012,-0.14643495381876367,0.01004868952657205,-0.09603232155806483,-0.10654994694205762,-0.14824406920128455,-0.11970681934034767,0.09489277944680409,-0.13581270071480367,0.3682792914119962,0.6076867295141406,0.294623433129597,0.77716771987983,0.5477053765668705,-0.12244897959183673,0.5820988293794676,-0.04371697917745778,-0.1892675852066715,0.06681860561483477,-0.04879312130943748,0.0039366000207189476,0.032632342277012324,-0.00968635881291433,-0.16580767144459235,-0.09478918470941676,0.04361338444007044,0.022998031699989638,0.04703201077385268,0.3099554542629234,-0.11644048482337098,0.25982906017765234,0.15555152681915363,-0.15860354294001863,-0.17497151144721845,-0.09012742152698641,0.058377146428633425,0.05278288572384868,0.11364342691391276,-0.12213819537967471,-0.09914016367968506,-0.3790111627491666,-0.26572050139852893,-0.06946207041774394,-0.27292740419917433,-0.17979332320655422,-0.026623847508546565,-0.22448979591836735,-0.12359492376074134,-0.30587138390512897,-0.10566663213508752,-0.20797182157139588,-0.2226826552765706,-0.16854863772920334,-0.13539832176525432,-0.1455025770346329,-0.2706930487931213,-0.28001657515798195,0.11581891639904691,-0.2115977312874601
0.21812436877637564,0.5744328188128043,0.15513713713731775,0.589557650471356,1.0,0.17714700093235264,-0.035532994923857864,0.2686799099603563,0.026002279084222518,-0.1452398218170517,-0.010566663213508753,-0.15891432715218065,-0.09675748471977623,-0.28680945854067724,-0.21004376998057542,0.10286957422562933,-0.009737905314410027,0.05547641865578207,-0.1931005904900031,-0.16052420300118453,-0.3457992333989433,0.05832383714907282,-0.15860354294001863,-0.17865375158150545,-0.10349114264995338,0.01284574743603025,-0.22257905785611162,-0.031078421216202214,0.1338444007044442,-0.09085258468869781,0.07842121620221693,-0.17517870092199314,-0.09396042681031802,-0.14917642183777063,-0.09764056878258562,0.024033979073863045,0.1668911219310059,-0.13705583756345177,-0.21180492612837803,-0.21609862218999273,-0.039987568631513516,0.07661029242941333,-0.031856206791135364,0.06681860561483477,-0.06806174246348284,-0.037346870075461135,-0.1432715218066922,-0.1294449768634915,0.13343002175489485,0.007355226354501191,0.24562312234538486,0.4485652128871853,0.059670568735108245,0.6688076245726716,0.7078628405676991,-0.10545944266031285,0.3398943333678649,0.1015228426395939,-0.10079767947788251,0.16399046928416033,-0.007769605304050554,-0.04185227390448565,-0.006526468455402465,-0.07712827953170821,-0.1254046774655914,-0.1511447218481301,0.04444214233916917,0.009737905314410027,-0.03294312648917434,0.07438102144411064,-0.2739044856521289,0.20202020229123688,0.011343917540257957,-0.15073034289858073,-0.17600745882109187,0.050554231845022266,0.0968117894189138,0.1344176530455224,0.06785455298870817,-0.08608722676888013,-0.038640837045478084,-0.17243790635396686,-0.12213819537967471,0.044080702405294624,-0.13452125046598135,-0.08904198288449056,0.16875582720397803,-0.04154148969232363,-0.05874125882006734,-0.09069954161183418,-0.06194965295762975,-0.17482064702452332,-0.10831110308986024,-0.065368279291412,0.0173003211436859,-0.020356893120188936,-0.09603232155806483,-0.20294209054180046,0.1323940743810214,-0.02574395898405573
0.07495273370206972,0.15891432715218065,0.46365025526415066,0.08888428467833834,0.17714700093235264,1.0,0.07085880037294105,0.16031700816026656,0.4404848233709727,0.010670257950896093,0.10991401636796849,0.0697192582616803,0.045478089713042576,-0.03195980421159434,0.05122892441696402,-0.028799336993680716,-0.07779964777789287,-0.04221594883703304,-0.11364342691391276,0.16114578752393838,0.012120584274318863,-0.21278359059359783,-0.09095617942608515,0.10644634952159865,0.16678752719361856,-0.041748679167098304,-0.0714304214064645,0.026002279084222518,0.08173624779861183,0.046203252874753964,-0.016367968507199834,-0.009945094789184709,-0.12742152698642908,-0.2996995752615767,-0.3070109555301777,0.2439656065471874,0.1361234849269657,-0.055319589764839944,-0.073605967236103,-0.20874339583549156,-0.0987257847301357,0.06728652458810543,-0.08603765769118023,-0.025484305397285814,-0.04413135812700714,-0.1302737562271633,-0.26230187506474667,-0.12436870326100163,0.21433751165440793,0.09717186366932559,0.11312545322697606,0.1198591111571532,0.036361752822956596,0.11882316378327981,0.2865430436133844,0.4590282813633067,0.13674505335128975,0.31876100694084736,0.1127110742774267,0.050554231845022266,0.13902413757381124,0.11281466901481405,0.19227183259090436,0.06749371942902338,0.03341016809802001,0.0992437584170724,0.04371697917745778,0.007355226354501191,-0.1465865534030871,-0.013778100072516316,0.07303428985807521,-0.049728049794766,0.09090673645275214,0.1249352532891329,0.15352740080803895,0.24603750129493418,0.2674367409148486,0.2111833416056242,-0.06671501087744743,0.016160779032425153,0.12472806381435823,-0.05516562639440514,0.04661763182430332,-0.0973297765212087,0.09981611461222414,-0.19295019560484428,0.20346006422873716,0.03087123174142753,0.33110593155015033,0.2177099790945397,0.046721226561690664,0.04314832562116383,0.05962031547414114,0.11975551641976587,0.14233916917020614,5.1798710229488395e-05,-0.006422873718015125,-0.11416140060084948,0.13809178493732518,0.1740954650813105
0.22195747333335777,0.13519113229047963,0.16352852819449487,0.08235781622293588,-0.035532994923857864,0.07085880037294105,1.0,0.3228613608604012,0.010670257950896093,-0.0018647052729721327,-0.13115093753237334,0.021340515901792187,-0.0892986636278877,0.0005697858125243723,0.04677423533722802,0.3684864808867709,0.2687247487827618,0.45308331837733495,0.1960012431368486,0.3887493202723104,0.11001761110535584,0.12607479540039365,0.26924272246969855,0.12115718322677335,-0.04319900549052108,-0.09468558997202942,-0.23107404633374773,-0.2042888221278359,0.29793846472599195,-0.04361338444007044,0.16896301667875271,-0.10991401636796849,0.11157153216616594,0.23225940122241792,0.011447514960716935,-0.012431368486480885,-0.062053247695017084,0.002382678959908836,-0.021496464745237684,0.16264373769812493,0.13881694809903655,0.02253243894982745,-0.1888062987864852,-0.013778100072516316,-0.2644773645498808,-0.15783067006925114,0.044856521288718525,0.0397296107460176,0.19206464311612967,0.045478089713042576,0.29037604889671603,0.173003211436859,0.32839531751787004,0.01574640008287579,0.03843364757070341,0.1350875375530923,0.20190614316792704,-0.09758624261887495,-0.18740287993369933,-0.02931731068061742,-0.1345695638661556,0.017818294830622604,-0.009634310577022687,0.0942218539074394,0.09297868486193167,0.00010359473738734072,0.39645705998135294,0.31057702268724746,0.28592147518906036,0.4004972547394592,0.20325287475396248,0.19870499897158583,0.27572453455156676,0.13146172174453535,0.1414068165337201,-0.23184502227286852,0.042526741098409974,-0.1352464324091942,0.11654407956075831,-0.10784212162022168,0.05355847922925515,-0.12996296396578638,-0.25453226976069615,-0.10758592114664739,-0.33477506421318354,-0.12022480644264256,-0.03118201595358956,-0.2665492592976277,0.0548044548779817,-0.05568361349670002,-0.03252874753962499,0.019424516336058146,-0.18445520712720817,-0.03428985807520978,-0.3034289858075209,0.017041775665501684,-0.23857868020304568,0.03366828965088573,0.23640319071791155,0.046877832757687
0.28231028231028227,0.4435523556951091,0.3235431235431235,0.44666027830887844,0.2686799099603563,0.16031700816026656,0.3228613608604012,1.0,0.24661365940259425,-0.0990909326690113,-0.20061640471880857,-0.03817564943913295,-0.05495843155348719,-0.05252525252525252,-0.09614089614089613,0.34772474177055557,0.12312553421549391,0.5470085470085468,0.11794566319254508,0.13706293706293704,-0.021807257006614615,0.13369247110230953,0.1678796198537719,-0.058326858326858314,-0.058377146428633425,-0.12747662587477093,-0.20429940429940427,-0.2506539588004943,0.26712594865347167,-0.06583616070167975,0.00129496775573721,-0.040972779791525325,0.005853254255932189,0.113801766374186,-0.14265734265734265,0.11867084513575792,-0.08230815055465707,-0.056926782542207746,-0.17881377881377877,-0.10095568623727287,-0.15596591650098957,-0.033566433566433566,-0.29039109039109035,-0.14301623894361745,-0.18683794779776464,-0.23268583268583265,-0.1556551242396126,-0.10007770007770006,0.15109683773941765,-0.12519748262467345,0.3736240968852998,0.443966745376945,0.377042811760446,0.3342570771108886,0.3184066717806651,0.17979332320655422,0.6639040690113528,0.2446453084138737,-0.180622102570226,-0.024707984779465963,-0.0339281552003149,-0.013726658210814424,0.09701898425983177,0.05262885262885262,-0.020305620305620303,-0.016730983404124752,0.1418766673185687,0.12001761160172461,0.1968868975822854,0.5435238664380218,0.13669679629561987,0.3029863504344525,0.4044548044548044,0.020149698279270985,-0.02253243894982745,-0.046877832757687,0.08256928256928256,-0.00984200984200984,-0.008235994926488655,-0.14871409706886118,0.030820232586545596,-0.40041440041440035,-0.3028670587118186,-0.17239057239057237,-0.2334110334110334,-0.22771302771302768,-0.07795705889538003,-0.3408873120202631,0.14613173099257828,-0.2518518518518518,-0.15192561710308944,-0.12887852887852888,-0.13385133385133383,-0.1031312320669114,-0.2172955894127038,-0.2707070707070707,-0.3574628992936994,-0.22299344753794756,0.16767242501285393,-0.16109816109816108
-0.0861412551116392,-0.07075520563555371,0.3150915543259779,-0.07779964777789287,0.026002279084222518,0.4404848233709727,0.010670257950896093,0.24661365940259425,1.0,0.10255879001346731,0.07003004247384231,0.0837045478089713,0.04641044234952864,0.05423324961027435,0.07236279819059528,-0.13249766911840877,-0.05656272661348803,-0.003781305846752653,-0.012431368486480885,0.2673331434943896,0.18605614834766393,-0.22987672226250905,0.10908525846886977,0.10023050429406005,0.028074173831969335,0.09675748471977623,0.136075211772866,0.047446389723402045,-0.01864705272972133,0.14057805863462133,-0.22863358541386097,0.04713560551124003,-0.1511447218481301,-0.21899927483683826,-0.2640180260397023,0.4249456127628716,0.11240029006526468,-0.06288200559411582,0.10458159595333706,-0.03418626333782244,-0.10359473738734071,0.015177022097240098,-0.11753127351070917,-0.13187610069408473,0.06474671086708796,-0.07878583825905185,-0.17849373251838804,-0.06065628967873091,0.06381435823060187,0.12421009012742153,-0.0775924583031182,-0.07230912669636382,-0.04081632653061224,-0.08101108463690045,0.06889050036258158,0.5094789184709416,0.0809074898995131,0.6847612141303221,0.1467937428778618,-0.07779964777789287,0.14720812182741116,0.028799336993680716,0.15611726924272246,0.02325762089304029,0.14374142088683028,0.13684864808867708,0.006319278980627783,-0.018232673780171967,-0.12825028488552778,-0.009116336890085983,0.2444835802341241,-0.038228438279726364,0.20227396344615217,0.23837149072827096,0.18719569045892467,0.26458095928726816,0.20227396344615217,0.20797182157139588,-0.19838392209675748,-0.001139542111260748,0.1724852377499223,-0.031027427427463544,0.04278462654097171,-0.12664784651109914,0.23905104770908894,-0.13700758855699682,0.13726302703822646,0.055215995027452607,0.5357161364348645,0.22630856499263477,-0.05449083186574122,0.03413535004123285,0.23801507350449916,0.11467937428778617,0.1312545322697607,-0.13493564014781728,0.03304672122656169,-0.04050554231845022,0.03812286335854138,0.20424231443487273
-0.07018725236095677,-0.1773541904071273,0.037657662336838066,-0.17776856935667668,-0.1452398218170517,0.010670257950896093,-0.0018647052729721327,-0.0990909326690113,0.10255879001346731,1.0,0.24790220656790632,0.45219102869574224,0.2462446907697089,0.25562663498252525,0.21646681004903198,-0.05428364239096654,0.09748264788148761,-0.02968066096149685,0.1631617113850616,0.1657040740241334,0.23194861701025585,0.07852481093960427,0.13363721122966954,0.25977053180088433,0.19765875893504609,0.18719569045892467,0.1222967548518221,0.14990158499948203,0.027866984357194653,0.11685486377292033,0.08598363203149278,0.07148036879726509,0.026727442245933906,0.11882316378327981,0.10478879079425502,0.13166891121931004,0.09530715839635345,0.07168755827203978,0.1927430007639263,0.3388583859939915,0.002175489485134155,0.07661029242941333,-0.07122322656554654,0.07666010566663213,0.1160261058738216,0.04542746887126132,0.028384958044131357,0.009479163971996376,0.03656894229773127,0.1272143375116544,-0.11623329534859629,-0.1579819745156946,0.007355226354501191,-0.15238785869677818,-0.11416140060084948,0.09354604786076866,-0.18253392727649434,0.055215995027452607,0.5007769605304051,0.02797057909458199,0.3491142649953382,0.18367346938775508,0.24427639075934943,0.24101939869780953,0.2986195644730006,0.21713456956386615,-0.10338754791256603,0.1712421009012742,0.10307676370040401,-0.06101730032114368,0.22573293276701542,-0.030769230810511465,0.0901815545095393,0.3111985911115715,0.2018025484305397,0.17497151144721845,0.11939602707897075,0.2040351195939548,0.02175489485134155,-0.0062156842432404425,0.08225422148554852,0.073605967236103,0.07956075831347767,-0.04480588434850746,0.18808111684327236,0.0700836549404978,0.10670257950896093,0.18688490624676266,0.10619010633257324,0.07578151306574152,-0.0463068476121413,0.013623060790355449,0.27665691133569753,0.0546980213405159,0.04496011602610587,0.1035456217487473,0.08909147415311301,0.09655029524500156,0.02579508960944784,0.13327808142047365
0.06459299165617202,-0.14544701129182638,0.12871979492027866,-0.17631824303325389,-0.010566663213508753,0.10991401636796849,-0.13115093753237334,-0.20061640471880857,0.07003004247384231,0.24790220656790632,1.0,0.25681135398321764,0.09354604786076866,0.032270596472971265,0.0017093574375731172,-0.2533927276494354,-0.13311923754273283,-0.19046385751382883,-0.01129182637522014,0.06593975812213873,-0.07779964777789287,-0.09282088469905728,-0.17901170620532475,0.06148506904240273,0.056977105563037395,0.19237542732829171,0.0034705135853757224,0.18719569045892467,0.08297938464725992,-0.05324769501709313,0.0312856106909769,0.08101108463690045,-0.06671501087744743,-0.10245519527607998,-0.10955427213536796,0.2112296695327877,0.24427639075934943,0.0880555267792396,-0.03019864806379173,0.013363721122966953,0.0765565109292448,0.08303333249786989,0.13006656138624537,0.18667771677198797,0.0725163161711385,0.07640309758849538,-0.04060913705583756,-0.05029654763283323,0.2033564694913498,0.23246659069719258,-0.0926136952242826,-0.07842121620221693,-0.12628198487516834,-0.11343623743913808,0.01719672640629856,0.17828654304361338,-0.19268621154045373,0.088780689940951,0.3549155702890293,0.26831036983321244,0.3267378017196726,0.08401533202113332,0.15083393763596809,0.09308228228239064,0.046670637916769044,-0.044338547601781825,0.03605096861079456,0.03221796332746296,-0.1366414586139024,-0.1648192271832591,-0.11923754273282916,-0.12463092479813229,-0.1927430007639263,0.11726924272246968,0.022790842225214956,0.3585413860975862,0.13358887368185057,0.21988552492417823,0.019268621154045373,0.1605718429503781,0.04827514762250078,0.20103079440064445,0.08909147415311301,0.031131024847922524,0.1472637331824355,0.036207298450412394,0.32611623329534856,0.2388894644152077,0.14856254876186342,0.22775892887906046,0.154459753444525,0.000258993551147442,0.15316878614859716,0.08101108463690045,0.2030456852791878,0.22869130566319124,0.1906143167927069,0.07645291619185746,0.19962705894540556,0.2963404212229031
-0.02833389449553015,-0.16658033771884387,0.08593406027072124,-0.17258883248730963,-0.15891432715218065,0.0697192582616803,0.021340515901792187,-0.03817564943913295,0.0837045478089713,0.45219102869574224,0.25681135398321764,1.0,0.34341655443903446,0.32462251700820377,0.24609567230029938,-0.03169998964052626,0.22552574329224073,0.023775607995335173,0.22179633274629648,0.07650669500895435,0.2706930487931213,0.07375945301978659,0.039987568631513516,0.41413068828475974,0.2681031803584378,0.116751269035533,0.09919453008947028,0.10183362685175591,0.018129079042784626,0.11063917952967989,0.039573189681964153,0.09054180047653579,-0.002071894747746814,0.09271728996166995,-0.00771800782419377,0.03822645809592873,-0.08329016885942193,0.07396664249456127,-0.011343917540257957,0.16626955350668185,-0.13084015332021132,0.025018777040842894,-0.09660459457799585,-0.08225422148554852,-0.09655029524500156,-0.09608660747570098,-0.09468558997202942,-0.14260184926178154,-0.006112089505853102,-0.032321558064850306,-0.07748886356573086,-0.14182119548326944,0.023930384336475704,-0.18947477468144616,-0.14938361131254532,0.17828654304361338,-0.08349735833419661,0.10680617424634828,0.41976587589350456,0.17797575883145136,0.4353050865016057,0.2381643012534963,0.327773749093546,0.17968972578609524,0.1664292559673462,0.25940122241790114,-0.11084636900445456,0.18284471148865636,0.15881073241479332,0.03719051072205532,0.30032114368590074,0.013260813278604266,0.09142472355504702,0.3058116647674298,0.31430643323319174,0.26012638557961254,0.27458496292651796,0.1887027013660262,-0.05946337926033357,0.003315031596394903,0.22500776960530405,0.0370360778140842,0.05159017921889568,0.004610085210424468,0.16964077600157448,0.04086918237106635,-0.03729410545944266,0.12348492696571012,0.11012691027465887,0.12965217170440946,-0.02206567906350357,0.025433166722678802,0.16974437342203347,0.02734901067025795,0.05117580026934632,-0.017663360188255543,0.04185227390448565,0.051382989744121,-0.017714700093235263,0.02160006216569666
0.008132397506029678,-0.07956075831347767,0.020874880222483825,-0.04993266342069822,-0.09675748471977623,0.045478089713042576,-0.0892986636278877,-0.05495843155348719,0.04641044234952864,0.2462446907697089,0.09354604786076866,0.34341655443903446,1.0,0.20196317118477525,0.22506539594712707,-0.014710452709002382,0.172692427224697,0.0016057600171141403,0.10867087951932042,0.12385071615870674,0.19941986947063087,0.06402154770537656,0.09862218999274837,0.1302737562271633,0.08909147415311301,-0.00031078421216202215,0.1387687447047994,0.06806174246348284,-0.002175489485134155,0.12825028488552778,-0.10960323215580647,0.16367968507199832,-0.023826789599088363,0.017714700093235263,0.011343917540257957,-0.05604475292655133,-0.17010255879001346,0.05076142131979695,0.011654709801634888,0.04029835284367554,-0.15487413239407435,-0.13203491237496592,-0.11100463602179363,-0.1750751061846058,0.010359473738734071,-0.10737872630572944,-0.07003004247384231,-0.02253243894982745,-0.08215062674816118,-0.09219931627473324,-0.11892675852066714,-0.09230291101212058,0.006733657930177146,-0.08608722676888013,-0.15373459028281364,0.023723194861701023,-0.05283331606754376,0.004661763182430332,0.26230187506474667,0.1015228426395939,0.4873096446700507,0.6316171138506164,0.49000310784212164,0.1919142214002545,0.02253243894982745,0.26168030664042263,-0.18377706412514241,0.17497151144721845,0.012534963223868227,-0.08173624779861183,0.21889568009945093,-0.06247086255467479,0.015591411779076008,0.07686729514140682,0.3120273490106702,0.10970682689319382,0.12561187230650936,0.09173551581642395,-0.16140060084947686,0.012224179011706204,-0.0008287578990987258,-0.05029654763283323,0.06505749507924997,-0.12913418460211457,0.09619020489615994,-0.05785915932633853,-0.1338444007044442,0.016782347456749197,0.022688422718861987,0.0061640465173091194,0.06474671086708796,0.032995778416184104,0.08583046285026226,-0.022790842225214956,0.059670568735108245,-0.11846365029483996,-0.042681031803584374,-0.02175489485134155,-0.04112711074277426,-0.04749941728044085
-0.05967365967365967,-0.21905674556050642,-0.06019166019166018,-0.21491284874214736,-0.28680945854067724,-0.03195980421159434,0.0005697858125243723,-0.05252525252525252,0.05423324961027435,0.25562663498252525,0.032270596472971265,0.32462251700820377,0.20196317118477525,1.0,0.47738927738927733,0.001191370335278233,0.08199735829328013,0.007977207977207976,0.2855662894951695,0.13727013727013726,0.5541944007452964,-0.061277874201484776,0.22838051340181434,0.11230251230251229,0.16746523017193599,-0.00709642330143991,0.17156177156177152,0.028955479018284012,-0.08945637256632646,0.13203491237496592,-0.0486389889054896,0.08500168348659046,0.0010877729148192562,0.03713967523454318,-0.012017612017612016,-0.03651809071178932,-0.202999145389365,0.03734687007546113,0.04403004403004403,0.1419802647390277,-0.1334852762613916,-0.06485366485366484,-0.14669774669774668,-0.158452254592005,-0.05899873095138728,0.02072002072002072,0.03195980421159434,0.031908831908831904,-0.16663645080826417,-0.12012120902218358,-0.08914558030494953,-0.20196317118477525,0.06013830257643603,-0.2570769988689509,-0.28245836688140025,0.11266219474913725,-0.13410686078414544,0.003988500687670606,0.17906814126334136,-0.03817564943913295,0.14840330480748423,0.1611457875239384,0.21543083584444223,0.28697228697228694,0.29080549080549073,0.3914428532042438,-0.18404081744537226,0.09857294556671642,0.18051850514976706,0.008132397506029678,0.4089508172618109,-0.10220414932589755,0.14006734006734006,0.045945455973556204,0.20683224994634714,0.08603765769118023,0.006423206423206422,0.12193732193732192,-0.11804926061300404,0.07816425373629798,0.061277874201484776,-0.008288008288008287,0.061795861303779655,-0.10505050505050503,0.14804454804454803,-0.0015540015540015538,-0.1646680998195436,0.05247209346247174,0.01766427517492705,-0.06526806526806526,0.03154541452975843,0.12981092981092981,0.015643615643615643,0.04936417084870244,-0.017870555029173497,-0.10712250712250711,0.049571365689620395,0.09080313903229315,-0.13793996534112757,-0.08733488733488733
-0.10246050246050245,-0.2110797441851652,-0.08132608132608131,-0.21087254934424723,-0.21004376998057542,0.05122892441696402,0.04677423533722802,-0.09614089614089613,0.07236279819059528,0.21646681004903198,0.0017093574375731172,0.24609567230029938,0.22506539594712707,0.47738927738927733,1.0,-0.07060164204279268,0.07122322656554654,-0.04144004144004144,0.12830540523844275,0.2106190106190106,0.48333376515135623,-0.052161301201094815,0.23252441022017342,0.0692048692048692,0.07526352596344663,0.01569500919953498,0.032737632737632735,0.08220455313419808,0.02667633576818652,0.18984227299107498,0.0356893113481175,-0.05060733989421016,-0.08365491702062375,-0.005231669733178328,-0.0022792022792022786,-0.030923830007004566,-0.10582476499884479,-0.04708502759860495,0.010878010878010876,0.0455310662917203,0.004713682630883444,-0.062160062160062146,-0.07013727013727013,-0.058377146428633425,-0.07951102020226469,0.04061124061124061,0.11214420764684237,0.15519295519295517,-0.043251923041622814,0.014762632415404193,-0.14477739509142007,-0.24972158201636352,-0.054026054769356395,-0.2248582011062091,-0.2017559763438573,0.13617880919332498,-0.2079718215713959,0.03579290876857648,0.1400119137503071,-0.003781305846752653,0.10333842690782935,0.2760353268129437,0.15057885063712279,0.1763273763273763,0.3973063973063972,0.618217606588944,-0.1124549999082193,0.08500168348659046,0.003056123903539815,-0.12540467746559142,0.3623319780552713,-0.19057732659400767,0.059570059570059564,-0.011654709801634888,0.1949185465935648,0.03382455777985592,0.03066563066563066,0.037296037296037296,-0.06314262776974636,-0.034031752620773875,-0.07578151306574152,0.0952084952084952,0.061795861303779655,-0.08505568505568505,0.03574203574203574,-0.07355607355607355,-0.052161301201094815,0.04936417084870244,0.023776839604960454,0.040922040922040916,0.10509958305563195,0.12173012173012171,0.011188811188811187,0.051332521837423,0.044080702405294624,0.01533281533281533,0.08976716482770337,0.21802077135591663,0.0080288000855707,0.07966847966847966
0.332495920963086,0.3916917020615352,0.16518608692183848,0.2841603646534756,0.10286957422562933,-0.028799336993680716,0.3684864808867709,0.34772474177055557,-0.13249766911840877,-0.05428364239096654,-0.2533927276494354,-0.03169998964052626,-0.014710452709002382,0.001191370335278233,-0.07060164204279268,1.0,0.22127835905935977,0.4926575329926641,0.17217445353776026,0.09587941263478302,0.02051175800269346,0.3204185227390448,0.1411996270589454,0.038486441700509876,-0.07137677405987776,-0.15124831658551743,-0.16808681469468983,-0.2788770330467212,0.12576401118823163,-0.04154148969232363,0.26592769087330365,-0.11820159535895577,0.27007148036879725,0.31865741220346006,0.14001191375030714,-0.1603646534756034,-0.16150419558686419,0.048378742359888115,-0.03600010360949443,0.07272350564591319,-0.08722676888014089,0.0042992929490475364,-0.12975576912486841,-0.03988397389412617,-0.1648192271832591,-0.16549687918321543,0.022894436962602297,-0.031131024847922524,0.03087123174142753,-0.1801512483165855,0.5474981870920957,0.4237024759142235,0.4527090023826789,0.2053247695017093,0.17517870092199314,-0.05594115818916398,0.3388583859939915,-0.2073966642494561,-0.15197347974722883,0.0015539210608101106,-0.07365585828239925,0.07956075831347767,0.013363721122966953,0.09204630807780087,-0.05589080833761798,-0.06267481611934114,0.09851859525536102,0.29773127525121723,0.4226665285403501,0.4982906868331089,0.1437894954936289,0.4041440046862128,0.30991168330302904,-0.009427121102248005,0.08940225836527503,-0.21899927483683826,-0.012069099483470796,-0.1290305871816556,0.25494664871024547,-0.1343623743913809,0.04278462654097171,-0.27334179388101026,-0.19196104837874234,-0.011447514960716935,-0.3084613194166034,-0.06013830257643603,-0.17559307987154252,-0.3034289858075209,-0.14276094295247407,-0.3252441015309576,-0.05366207396664249,-0.09505063327111121,-0.22910569534502717,0.006112089505853102,-0.20874339583549156,-0.08013260472501856,-0.3664145861390241,-0.14285714285714285,0.05946337926033357,-0.22475460368575015
0.02387920541579415,0.022376463275665594,-0.004817280051342421,0.026313063296384543,-0.009737905314410027,-0.07779964777789287,0.2687247487827618,0.12312553421549391,-0.05656272661348803,0.09748264788148761,-0.13311923754273283,0.22552574329224073,0.172692427224697,0.08199735829328013,0.07122322656554654,0.22127835905935977,1.0,0.2753101448697308,0.39645705998135294,0.09411825648698041,0.1658551745571325,0.3257018543457992,0.2455195276079975,0.234285566367976,-0.070237231948617,-0.05666632135087537,-0.018595736972386333,-0.04464933181394385,0.15881073241479332,0.0735522635450119,0.015332021133326428,-0.046824821299078,0.11892675852066714,0.3767740598777582,0.20755743188956,-0.10162643737698124,-0.12804309541075312,-0.15186988500984147,-0.04128357205290225,0.17165647985082355,0.04464933181394385,-0.031545414529758425,-0.10437440111241912,-0.08453330570807002,-0.20677509582513207,-0.061795861303779655,0.12887185330985185,0.01973530859743508,-0.05998135294727027,-0.026727442245933906,0.03418626333782244,-0.020615352740080802,0.11115715321661658,0.026209468558997202,-0.07645291619185746,-0.07158396353465243,0.035222210711695845,-0.09416761628509271,-0.0801823267378017,-0.03273593701439967,0.0068372526675644875,0.1287682585724645,0.044338547601781825,0.06925487557682598,0.06894408331544905,-0.015124831658551744,0.13819537967471252,0.3829897441209986,0.3918988915363099,0.2249041748679167,0.20501398528954728,0.2137270140137547,0.18093289483160296,0.04972547394592354,0.12970061120895057,-0.17310680617424634,0.11090103860133466,-0.15503353971685876,-0.052626126592769086,-0.14006008494768463,0.1205842743188646,-0.05930952321276421,-0.013881694809903656,0.10592836241930377,-0.11628810446520145,0.034446142302609783,-0.14006008494768463,-0.10255879001346731,-0.0496244496910269,-0.07816425373629798,-0.13166891121931004,-0.17533863412681822,-0.16176737204669225,-0.07106598984771573,-0.15704962187920854,-0.06884048589499007,-0.10504506371076348,0.1326012638557961,-0.0173003211436859,-0.028230297075071173
0.3374255374255374,0.3150915543259779,0.16420616420616418,0.2906425630976594,0.05547641865578207,-0.04221594883703304,0.45308331837733495,0.5470085470085468,-0.003781305846752653,-0.02968066096149685,-0.19046385751382883,0.023775607995335173,0.0016057600171141403,0.007977207977207976,-0.04144004144004144,0.4926575329926641,0.2753101448697308,1.0,0.23956903481138384,0.21828541828541825,0.06500738133800794,0.29924114899575444,0.3033850458141135,0.015436415436415435,-0.017559762767796566,-0.1750278418654413,-0.19300699300699298,-0.24008702191367873,0.33881536361108355,-0.054854834133028205,0.13182771753404796,-0.013830255631273401,0.14115148537535588,0.35735930187324044,0.04775964775964776,-0.03600010360949443,-0.18797751942281338,0.014659034994945216,-0.11385651385651384,0.04563466371217927,-0.05319727540568458,0.006837606837606837,-0.22605542605542603,-0.09287508744147269,-0.23387117668614013,-0.15830095830095828,0.027090725450022432,0.025278425278425276,0.10851829793077819,-0.15793426748971012,0.4079148430572211,0.35808448381645325,0.4431379660132732,0.19885524857100595,0.11452694831739883,0.045220274030343365,0.4791898683329971,-0.06417860197433611,-0.21315169259434474,-0.07391675949747994,-0.06894408331544905,0.060449094837812946,0.10095568623727287,0.16234136234136232,0.0548044548044548,-0.039522415905099646,0.2013415866620214,0.30348864323457253,0.33000958287207055,0.7035818810471408,0.19450415691172893,0.3310627056978263,0.42662522662522656,-0.010411540756127166,-0.01258708658576568,-0.2558338298234432,-0.02838642838642838,-0.09645169645169645,0.12664784651109912,-0.15296159130767922,0.014866229835863169,-0.3758611758611758,-0.3665794722940894,-0.16410256410256407,-0.37782957782957777,-0.14649054649054646,-0.1958509233776956,-0.3798399421128384,-0.028853376165496675,-0.3494431494431494,-0.12146797548815029,-0.1644133644133644,-0.23434343434343433,-0.0995053223508472,-0.36098521158930463,-0.20668220668220666,-0.3707233691124484,-0.12343632647687083,0.16508248950137952,-0.20854700854700853
0.006060449096850142,-0.1373666217756138,-0.021807257006614615,-0.1015228426395939,-0.1931005904900031,-0.11364342691391276,0.1960012431368486,0.11794566319254508,-0.012431368486480885,0.1631617113850616,-0.01129182637522014,0.22179633274629648,0.10867087951932042,0.2855662894951695,0.12830540523844275,0.17217445353776026,0.39645705998135294,0.23956903481138384,1.0,0.1472637331824355,0.28892572257329324,0.2185848958872889,0.3609240650574951,0.08489808606613147,-0.033564694913498394,0.035740184398632545,0.07495273370206972,0.03014606857971615,0.131047342794986,0.10545944266031285,-0.07562415829275872,0.06650782140267275,0.12120584274318864,0.41158189163990466,0.12467949552237857,-0.038640837045478084,-0.07210193722158913,-0.008287578990987256,0.01673098340412475,0.23920024862736972,0.002175489485134155,-0.0029525264830808384,-0.12240035227228106,-0.10090127421526986,-0.13550191650264165,0.036207298450412394,0.13550191650264165,0.0937038668051445,-0.09478918470941676,-0.04040194758106288,-0.012224179011706204,-0.11778721640940638,0.15197347974722883,-0.1467937428778618,-0.21050450637107634,0.010463068476121412,-0.04641044234952864,-0.0686833108878069,0.02755620014503263,-0.0826686004350979,-0.016989536931523875,0.07448461618149799,0.029628094892779448,0.18455880454766713,0.19574732595723665,0.07168755827203978,0.032321558064850306,0.3452812597120066,0.3757381125038848,0.19962705894540556,0.2427224696985393,0.05635845643406814,0.2464064645616763,0.09965813736662177,0.035429400186470526,-0.07344866880762457,0.09784776362350357,-0.03382455777985592,-0.12576401118823163,-0.01305293691080493,0.02320522117476432,-0.012690684006224655,0.019268621154045373,0.0010877729148192562,0.014037450472191354,0.0182849447110094,-0.07541696881798404,-0.007666010566663214,-0.05159285166206973,-0.10592836241930377,-0.026002279084222518,-0.0028489290626218617,-0.11701328640841428,-0.00580130529369108,-0.07562415829275872,-0.10882909019215511,-0.00145032632342277,0.18356987465036773,-0.023930384336475704,-0.026054751245432665
