0,1,2,3,4,5,6,7,8,9,10,11,12,13,14,15,16,17,18,19,20,21,22,23,24,25,26,27,28,29,30,31,32,33,34,35,36,37,38,39,40,41,42,43,44,45,46,47,48,49,50,51,52,53,54,55,56,57,58,59,60,61,62,63,64,65,66,67,68,69,70,71,72,73,74,75,76,77,78,79,80,81,82,83,84,85,86,87,88,89,90,91,92,93,94,95,96,97,98,99
1.0,0.07987154252563969,0.0943748057598674,0.145032632342277,0.011343917540257957,0.07324147933284988,0.23847508546565832,0.17010255879001346,0.05728788977519942,0.01885424220449601,0.03149280016575158,0.08173624779861183,0.11416140060084948,0.14959080078732,0.003833005283331607,0.3592665492592976,0.14001191375030714,0.10173003211436858,0.18818471426373135,0.09686107945716357,0.1612493849443974,-0.02175489485134155,0.020615352740080802,0.10742774267067232,-0.10825650056977106,0.04641044234952864,0.035222210711695845,0.06288200559411582,0.05221174764321972,0.045063710763493206,0.17766497461928935,0.07790324251528022,0.10390552159950273,-0.0661970371905107,-0.0173003211436859,0.007303618142357864,0.03221796332746296,0.14135868021627382,0.035740184398632545,0.028799336993680716,-0.08406930670245966,-0.09007795708908031,0.08743395835491556,0.10255879001346731,-0.11193701280592443,0.04941468973376152,-0.039987568631513516,-0.09722617910074971,0.177561379881902,-0.0015539210608101106,0.3465851701455068,0.16000621589888964,0.32735937014399663,-0.003625815808556925,-0.009219931627473324,0.19730128726412127,0.20035222210711695,0.17486791670983112,-0.10199166044186264,-0.14042630343214305,0.025277115922511133,0.012638557961255566,0.07935356883870298,0.1819123588521703,0.15586231908053058,0.005956851676391165,-0.0031597213239987917,0.22127835905935977,0.10038850052318388,0.11313131328309266,0.014141780456584445,0.10634275210113968,0.10499598563517298,-0.012431368486480885,-0.013985289547290995,-0.13912773231119857,0.09592872682067749,0.030767637004040192,0.13845795244342246,0.2609551434787113,0.08002900730455957,-0.12483165855174556,-0.027866984357194653,0.04496011602610587,-0.04692841603646534,0.005386926344141717,-0.024241168548637726,0.08013260472501856,0.01584999482026313,-0.12100492116726394,0.0772318769521672,-0.00859836320314928,0.021029731689630165,-0.11654407956075831,0.12845747436030247,0.023775607995335173,-0.04993266342069822,-0.09706826893193825,0.09313166891121931,-0.017818294830622604
0.07987154252563969,1.0,0.33264270175075106,0.529369108049311,0.5189712777892441,0.2883041541489692,0.1160261058738216,0.30104630684761213,0.13726302703822646,0.173003211436859,0.1839842535999171,0.13809178493732518,0.16305811664767428,-0.0004143789495493629,0.07966435305086501,0.38661555992955554,0.049364170848702434,0.15332021133326426,0.12478309294283753,0.03801926862115404,-0.014348242733568285,0.14420387444317825,-0.05086501605718429,0.07365585828239925,0.1065989847715736,0.1750751061846058,-0.07438102144411064,0.11219310059049,0.0735522635450119,0.05065782658240961,0.28747539624987045,0.0039366000207189476,0.09603232155806483,0.03242515280223764,0.14244276390759347,0.07464194144069278,0.17289961669947165,0.15492994229639978,0.09333885838599398,0.12120584274318864,0.06034549741735398,0.1178420657720861,0.21837770641251422,0.06754376877654615,0.10178446560094469,0.039469594944576816,0.04723920024862737,0.06200305614469761,0.25422148554853413,0.06723298456438412,0.1254046774655914,0.47028049017352513,0.24220449601160257,0.17870092199316273,0.25826168030664043,0.27572453455156676,0.27970579094581993,0.15228426395939085,-0.08220455313419808,-0.03195980421159434,0.09240650574950793,-0.020718947477468143,0.025069926447736455,-0.05739148451258676,0.04014400042785351,0.016212996301829867,0.027505115131858337,0.06961566352429296,0.11033411048213707,0.08360528371745034,0.0481234946672782,0.08116857892960831,0.029369868700119917,0.033150315963949024,-0.06681860561483477,-0.15943230083911736,0.08619082150626747,-0.020615352740080802,0.2360467225157786,0.03988397389412617,0.0015021625966551635,0.06702579508960944,0.20750025898684343,0.16906661141614004,0.020822542214855484,0.14834766393867188,0.17030974826478815,0.23117764375420669,0.06826893193825753,0.0473452474087668,0.14570977187555084,-0.2147518906039573,0.05666632135087537,-0.005697710556303739,0.11436859007562415,0.15948822879659477,0.011809800062156843,-0.07116958458510307,0.19589764839946128,0.06816533720087019
0.0943748057598674,0.33264270175075106,1.0,0.10690976898373562,0.4333998084901294,0.47166683932456227,0.20055941158189164,0.2884077488863565,0.425049207500259,0.08639801098104216,0.09737905314410027,0.07697088987879415,0.011188231637832797,-0.04806795814772609,-0.07407023723194861,0.2428260644359266,-0.009064774290160468,0.08743395835491556,-0.007200020721898886,0.10141924790220656,-0.07826785115675697,0.0546980213405159,0.009634310577022687,0.07634932145447011,0.19548326944991193,0.21609862218999273,0.021133326427017506,0.08712317414275354,0.047653579198176726,0.1345695638661556,0.32021133326427015,-0.01740391588107324,0.05045063710763493,-0.061224489795918366,0.07717807935356884,0.18393722002491328,0.03159639490313892,0.04646344307585109,0.0005179736869367035,0.038330052833316065,0.011343917540257957,0.25210432268692,0.24427639075934943,0.055733968714389306,0.17471704960406434,-0.05853102662384751,-0.033150315963949024,0.06904768073590803,0.3584377913601989,0.016264373769812494,0.1395975240684712,0.2863950688588413,0.19455091681342587,-0.006319278980627783,0.43126489174349936,0.4747351792532611,0.21340515901792187,0.37294105459442656,-0.039936805586935555,0.07205200592921836,0.22935874857557234,-0.10069408474049518,-0.039573189681964153,-0.0256914948720605,0.041076377211984295,-0.0544404444511923,0.06676853748581053,0.0814254635864498,0.04351204357042025,0.053250453321895264,0.06656479079381322,0.0901815545095393,0.026054751245432665,-0.054905210815290574,0.11695845851030766,-0.019786594840982077,0.13011499015849995,0.0910597741634725,0.11918883223805278,-0.027659794882419972,0.002641734221703908,-0.023930384336475704,0.11012120584274318,0.08204703201077385,-0.052936910804931105,-0.006630063192789806,0.05283331606754376,0.10520318047609092,0.1364342691391277,0.06081326089484926,-0.02325762089304029,-0.13166891121931004,-0.11053558479229254,0.09851859525536102,0.09344245312338133,0.0892491777254085,-0.06526468455402465,-0.0071480368797265095,0.39397078628405674,0.02797057909458199
0.145032632342277,0.529369108049311,0.10690976898373562,1.0,0.399316257159126,0.1183051900963431,0.14078524810939602,0.22303946959494456,-0.014917642183777061,0.1287682585724645,0.1668911219310059,0.17238164301253495,0.27090023826789594,0.18864601678234746,0.3174142753548119,0.3376152491453434,0.09308228228239064,0.11592251113643426,0.12146797548815028,0.002071894747746814,0.145088187352797,0.06267481611934114,0.04371697917745778,0.09655029524500156,0.011395421112607478,0.0875375530923029,-0.06433233191753858,0.14130322179633276,0.1644048482337097,0.08391173728374597,0.1674090956179426,-0.10701336372112295,0.05366207396664249,-0.07106598984771573,0.05780586346213612,-0.06552536844030282,0.11644048482337098,0.14394861572774825,0.1373666217756138,0.16854863772920334,-0.07971821504318263,-0.04459868950758951,0.11509375323733553,0.1467937428778618,-0.05589080833761798,0.09157774785040919,0.02185848958872889,-0.016212996301829867,0.25722573293276696,0.020718947477468143,0.1445702002505021,0.3879205409086386,0.25805449083186577,0.3930384336475707,0.08536206360716875,0.18404081744537226,0.2555682171345695,-0.013363721122966953,-0.0499857553714563,0.01735256792687861,0.07158396353465243,0.14513622707966436,0.13581270071480367,0.10245519527607998,0.13203491237496592,0.27282380677871537,0.02387920541579415,0.10867087951932042,0.1118881120382235,0.052732452803199784,0.13867233070430973,0.046670637916769044,0.1334852762613916,0.030974826478814874,-0.03149280016575158,-0.1315653164819227,0.15922511136434267,0.024033979073863045,0.10913988245353205,-0.04185227390448565,-0.041490766893820204,-0.06588625297834869,0.060084947684657615,0.06412514244276389,-0.04081632653061224,0.07407023723194861,0.19651921682378534,0.22744813661768354,0.016575157981974512,-0.03708883713859631,0.10851829793077819,-0.11499015849994819,0.07106598984771573,-0.10773852688283433,0.021444110639179528,0.1927430007639263,-0.004661763182430332,-0.12783590593597843,0.15580648503056044,0.11716564798508235
0.011343917540257957,0.5189712777892441,0.4333998084901294,0.399316257159126,1.0,0.4514257596499913,0.10458159595333706,0.2147056539012294,0.2855662894951695,0.1066535443625166,0.14539897961417392,0.1455025770346329,0.08987076224816236,-0.02957706354103787,0.04356271530299974,0.16456450239908463,-0.02621082621082621,-0.0009841754943602794,-0.07055167055167054,0.024086400256712104,-0.03688163688163687,0.05029654763283323,-0.08375851444108273,0.10282043980553446,0.10872549277169614,0.18196886903619272,-0.04231954625749202,0.15503353971685876,0.11286938959005521,0.06697573232672849,0.256559011766656,-0.10965786955582693,0.08489808606613149,-0.06749371942902338,0.09536142553248812,0.12204092204092201,0.19958043051421878,0.11893291893291891,0.073605967236103,0.11473414315831679,0.07863247863247862,0.1935249935249935,0.2187459532991295,0.14757452544381244,0.12307692307692307,0.015591411779076006,0.034135350041232845,0.026728826728826725,0.30690735810971875,0.03289218099572513,0.030147630147630142,0.3203315203315203,0.09183911323688292,0.19813006662779312,0.5099583022093133,0.3616679616679616,0.15296159130767922,0.18549118133179793,-0.08205128205128204,0.019580419580419575,0.1652896843422975,-0.03050944032516866,-0.019424516336058146,-0.016523788563206798,0.026418026418026416,-0.0018648018648018646,0.0007252007252007252,0.05019295021237425,-0.006475174184357423,-0.02429485353970905,0.0836096146998344,0.022170422170422168,-0.053250453250453245,-0.08002900730455957,0.03195980421159434,-0.02004610085881201,0.2125301080715909,0.04501307918942542,0.12939652939652938,-0.09235710033917781,0.0038332038332038326,0.03817564943913295,0.17865375158150548,0.13089534074991716,0.005024474892260374,0.014348242733568285,0.1932609878662212,0.29971509971509963,0.08531247574796738,0.09951047686520487,0.05345765345765345,-0.08593406027072124,-0.002641734221703908,0.11100463602179363,0.09940172493038822,0.16058016058016056,0.020874880222483825,-0.06366061487204124,0.2678511305966845,-0.014451840154027262
0.07324147933284988,0.2883041541489692,0.47166683932456227,0.1183051900963431,0.4514257596499913,1.0,0.1796332746296488,0.33523257018543456,0.6222935874857557,-0.020926136952242824,-0.002071894747746814,0.09851859525536102,0.1183051900963431,0.03169998964052626,-0.004661763182430332,0.16430125349632235,0.08728082673668794,0.10069408474049518,-0.019217321495140195,0.1511447218481301,0.017663360188255543,0.08183984253599916,0.09292447943644462,0.15073034289858073,0.05645913187610069,0.09385683207293068,-0.05096861079457163,0.039262405469802135,0.18046203252874754,0.07779964777789287,0.18263752201388167,-0.052004558168445035,-0.04029835284367554,-0.11240029006526468,0.01025587900134673,0.12219315743136314,0.005904900031078421,0.024604387359006986,-0.13477675334093028,-0.024241168548637726,-0.06925487557682598,0.05236849604201277,0.08101108463690045,0.014088884284678338,-0.03247779131388922,-0.12628198487516834,-0.11996270589454054,-0.024397192518089035,0.3690044545737077,-0.07572775303014606,0.1415658750571918,0.29437207023418255,0.09945094789184708,0.048585931834662796,0.6562726613488034,0.5971873302357716,0.28737180151248315,0.44815083393763594,0.025640361563596753,0.05609800317853593,0.2647881487620428,0.015953589557650468,0.14213197969543145,0.102765979488242,0.1460205641369278,0.003574111005834699,0.034756934563986715,0.18149797990262093,0.06765086774162958,0.015850815872081665,0.16923515293648855,0.2137732771170986,0.12840900265890173,-0.035429400186470526,0.19631202734901065,0.06308919506889049,0.3041541489692323,0.1644048482337097,0.1415658750571918,-0.0117062053247695,0.08821320352081873,-0.0943748057598674,0.06288200559411582,0.14544701129182638,-0.03449704754998446,-0.04081632653061224,0.06485030560447529,0.08593406027072124,0.042163058116647674,0.05252525259572159,-0.020356893120188936,-0.08463690044545737,-0.09126696363824717,0.05977416347249559,0.02320522117476432,0.014244645313109308,-0.1315653164819227,-0.0910597741634725,0.30902310162643737,-0.0892986636278877
0.23847508546565832,0.1160261058738216,0.20055941158189164,0.14078524810939602,0.10458159595333706,0.1796332746296488,1.0,0.23940743810214438,0.13529472702786696,0.07614213197969542,0.06163886874546773,0.16098622189992748,0.04692841603646534,0.01584999482026313,-0.03915881073241479,0.21330156428053454,0.17026236052432836,0.0651610898166373,0.10955427213536796,0.30519009634310573,0.1687083992174437,0.05272972133015642,0.18066922200352223,0.3936600020718947,0.026934631720708584,0.15528851134362373,0.275458406712939,0.20470320107738527,0.3351289754480472,0.2411685486377292,0.27121102248005796,-0.088780689940951,-0.13467315860354293,-0.15912151662695534,-0.05345488449186781,0.07909663052042878,0.010359473738734071,0.0007769806534423259,-0.05656272661348803,0.03201077385268828,-0.02418999767717108,0.08096138408869036,0.13249766911840877,0.09561794260851547,0.0709124343041696,-0.0435097897026831,-0.1478296902517352,-0.1084147005103192,0.19175385890396765,-0.054905210815290574,0.19968402793467774,0.1352464324091942,0.30902310162643737,0.11892675852066714,0.070237231948617,0.21501644616260632,0.16378327980938567,0.17559307987154252,0.04760301470089984,0.054026054769356395,0.19009634310577023,0.03801926862115404,0.09271728996166995,0.017921889568009945,0.13276009431817876,0.021082075063401776,0.11898163739713485,0.24189371179944055,0.04278684284424658,-0.05439005446302531,0.2226941911459946,0.07640309758849538,0.16580767144459235,-0.02351600538692634,0.3650678545529887,0.05863462136123484,0.23049829068683308,0.2428260644359266,0.2013415866620214,0.07603853724230808,0.2763461190743206,-0.16948099036568942,-0.033564694913498394,-0.07593494250492074,0.11333264270175074,-0.2093649642598156,0.018129079042784626,0.01351946336989647,0.0892986636278877,0.05604765612285085,-0.19761207952549822,-0.05884181083600953,-0.13425877965399358,-0.07417383196933594,0.10079767947788251,0.06884048589499007,-0.12607479540039365,-0.10773852688283433,0.16347249559722365,-0.022272868538278253
0.17010255879001346,0.30104630684761213,0.2884077488863565,0.22303946959494456,0.2147056539012294,0.33523257018543456,0.23940743810214438,1.0,0.38330052833316064,-0.14285714285714285,-0.10473427949860147,-0.08992023205221174,0.04029835284367554,-0.09686107945716357,-0.0770744846161815,0.2671708277219517,0.08893838546403157,0.4523982181705169,0.26992307900586404,0.1160261058738216,-0.05879153611046932,0.19175385890396765,0.0837045478089713,0.04081632653061224,-0.001035947373873407,-0.09354604786076866,-0.07697088987879415,-0.070237231948617,0.08546565834455609,-0.12410649539003417,0.11499015849994819,-0.019786594840982077,-0.1249352532891329,-0.029213715943230082,0.06339997928105252,-0.013623060790355449,-0.09945094789184708,-0.14643495381876367,-0.2993887910494147,-0.20294209054180046,-0.2900209785749055,-0.06231384840607453,-0.01004868952657205,-0.10514865844815083,-0.05008935279191527,-0.23785351704133428,-0.2302911012120584,0.016316593722288844,0.19424013260126385,-0.27079664353050864,0.17792856963829262,0.33954054555429647,0.2762871646120377,0.05221174764321972,0.23474567491971407,0.3226541660194832,0.6425981560136745,0.4996374184191443,-0.011136722699340004,-0.10116288107819084,0.004454573707655651,-0.09831140578058635,0.010670257950896093,0.026623847508546565,-0.015487814358617031,-0.07961461762272366,-0.14840330480748423,0.12462446907697088,0.1515669517702972,0.20253820280993237,-0.03247947379589174,0.27147704031274866,0.29468286249555947,-0.09520356365896612,0.004972547394592354,-0.09012742152698641,0.057702268724748776,-0.0826686004350979,0.03537851908674057,0.03439345281259712,0.031131024847922524,-0.23785351704133428,-0.03149280016575158,0.09748264788148761,-0.13695224282606444,0.04050554231845022,-0.04361338444007044,-0.12063919612447846,-0.10090127421526986,-0.22305102335027335,-0.1637357230354128,-0.14689733761524915,-0.17445353776028177,-0.08391173728374597,-0.11426499533823681,-0.14923208417115608,-0.35274008080389513,-0.15435615870713768,0.15974308505127938,-0.15404537449497566
0.05728788977519942,0.13726302703822646,0.425049207500259,-0.014917642183777061,0.2855662894951695,0.6222935874857557,0.13529472702786696,0.38330052833316064,1.0,-0.09613591629545218,-0.11063917952967989,-0.01647156324458717,0.03169998964052626,0.017611105355847922,-0.04112711074277426,0.08764114782969024,0.026365543506809593,0.11167512690355329,-0.015073424676781124,0.12130943748057597,0.011447514960716935,0.06049932663420698,0.06785455298870817,0.034082668600435094,0.004247384232880969,-0.00145032632342277,-0.05345488449186781,-0.06495390034186263,0.10131565316481922,0.019993784315756758,0.06557546876618667,-0.02258365275044028,-0.07344866880762457,-0.1109499637418419,-0.04154148969232363,0.07412395433839788,-0.10929244794364446,-0.05485483413302821,-0.18553817466072722,-0.07790324251528022,-0.15461915003502286,-0.04894978116686653,-0.015124831658551744,-0.015124831658551744,-0.10499598563517298,-0.18263752201388167,-0.14814047446389722,-0.017663360188255543,0.2625090645395214,-0.16958458510307675,0.10530677789654991,0.28390873076782586,0.09385683207293068,-0.045063710763493206,0.5435615870713767,0.5604102459728348,0.30684761214130324,0.6031285610690976,0.0486389889054896,0.05008935279191527,0.23225940122241792,-0.02755620014503263,0.1093960426810318,0.11250388480265203,0.08096138408869036,-0.021185672483860753,-0.041801559155197135,0.0926136952242826,0.034706034752597106,0.022274022303905603,0.09660959908985343,0.21439486163985247,0.11390536379464498,-0.07417383196933594,0.12814669014814045,-0.0013467315860354293,0.1839842535999171,0.08132186884906246,0.03465333714352774,-0.03014606857971615,0.04677423533722802,-0.18533098518595253,-0.0709623951103284,0.07769605304050553,-0.08463690044545737,-0.06588625297834869,-0.07976794778825234,-0.07920022794088775,-0.023930384336475704,-0.05003885010598329,-0.07256999303151325,-0.02475914223557443,-0.10162643737698124,0.005697710556303739,-0.08784833730446492,-0.1066535443625166,-0.2221071169584585,-0.09893297420491039,0.25038848026520255,-0.16140060084947686
0.01885424220449601,0.173003211436859,0.08639801098104216,0.1287682585724645,0.1066535443625166,-0.020926136952242824,0.07614213197969542,-0.14285714285714285,-0.09613591629545218,1.0,0.5166269553506682,0.454573707655651,0.20895058531026622,0.1521806692220035,0.18170516937739561,0.1832590904382057,0.061070679360566815,-0.10514865844815083,0.04459868950758951,0.06650782140267275,0.2525187123687559,0.01875064746710867,0.05386926344141717,0.18356987465036773,0.4429710970682689,0.3672433440381228,0.13539832176525432,0.1549777271314617,0.21910286957422562,0.22583652750440275,0.23039469594944573,0.009841500051797368,-0.009116336890085983,-0.01719672640629856,0.04475292655133119,-0.0015021625966551635,0.10297316896301667,0.25666260918711503,0.2844711488656376,0.29244794364446286,0.10851829793077819,0.3049390071209982,0.1911322904796436,0.11530094271211022,0.140633498273061,0.07313788459546254,0.048378742359888115,-0.10209525786232163,-0.04754998446078939,0.1214130322179633,0.05899873095138728,0.07381316207702096,0.11550813218688488,0.1214130322179633,-0.012431368486480885,0.014348242733568285,-0.1109499637418419,-0.10784212162022168,0.07733547437262618,0.26215327247144077,0.3510825650056977,0.1376774059877758,0.11737283745985704,0.012742152698642907,0.09111393129367008,0.13990831632984815,0.19978762535513675,0.061224489795918366,0.08256928268005938,-0.06412846421450032,0.1968970971262911,-0.06221025098561557,-0.08023620214547751,0.25929762768051384,0.1852273904485652,0.05428364239096654,0.04734279498601471,0.22272868538278254,0.1993732356733008,0.05904900031078421,0.07920022794088775,0.0801823267378017,0.15663524292965916,-0.012327773749093546,0.18564176939811455,0.006733657930177146,0.09686107945716357,0.11711688382887325,0.07935356883870298,0.2760942764646904,0.03610370102995341,-0.05739148451258676,0.2428260644359266,-0.007873200041437895,0.2259401222417901,0.14394861572774825,0.11716564798508235,-0.012224179011706204,0.04081632653061224,0.06329638454366518
0.03149280016575158,0.1839842535999171,0.09737905314410027,0.1668911219310059,0.14539897961417392,-0.002071894747746814,0.06163886874546773,-0.10473427949860147,-0.11063917952967989,0.5166269553506682,1.0,0.5391070133637211,0.27152180669222,0.16875582720397803,0.22915155910079768,0.23091266963638246,0.007510812983275817,-0.008183984253599917,-0.01351946336989647,0.022376463275665594,0.23480355347027088,0.09333885838599398,0.06878690562519424,0.18066922200352223,0.39428157049621876,0.46793742877861805,0.028281363306744016,0.1674090956179426,0.22739044856521287,0.23826789599088366,0.14296073759453018,-0.15093753237335542,0.02154770537656687,-0.03252874753962499,0.021340515901792187,-0.007510812983275817,0.16927380089091473,0.1473673306028945,0.2272868538278255,0.144721848130115,0.14042630343214305,0.3797363446923794,0.25784730135709105,0.144721848130115,0.04977856053053835,0.10090127421526986,0.10245519527607998,-0.049156976007784486,-0.014399668496840358,0.07728167409095617,0.13193131495450694,0.06718292716764644,0.04713560551124003,0.15995027452605406,-0.025277115922511133,0.042630338518868945,-0.10887806899409509,-0.1600538692634414,-0.09784776362350357,0.12084639096539643,0.23526364860665075,0.19714078524810938,0.1343623743913809,-0.02558790013467316,0.07847504599767491,0.14529538219371496,0.11307658443097315,0.03967678441935149,-0.0027972028009555874,-0.11033411048213707,0.15276230976728034,-0.10696433662389353,-0.10986506439674489,0.1312545322697607,0.09033461100176111,-0.06567906350357401,0.10017611105355848,0.22666528540350148,0.06096708194010784,-0.008287578990987256,-0.003988500687670606,0.01719672640629856,0.07458821091888532,-0.06371076349321454,0.054076452916191856,-0.03532580544908319,0.06702579508960944,0.2008235995597265,0.015332021133326428,0.18761978787150255,0.050400145053292204,-0.12244897959183673,0.15684243240443385,-0.030664042266652855,0.24955972236610377,0.16197456688761022,0.11820159535895577,-0.10110846369004453,0.012638557961255566,-0.02579508960944784
0.08173624779861183,0.13809178493732518,0.07697088987879415,0.17238164301253495,0.1455025770346329,0.09851859525536102,0.16098622189992748,-0.08992023205221174,-0.01647156324458717,0.454573707655651,0.5391070133637211,1.0,0.38806588625297833,0.2701750751061846,0.27338651196519215,0.20573914845125865,0.28815622500664395,0.014296073759453019,0.03361736293893797,0.14264995338236816,0.40864002500043395,0.14565420076660104,0.18740287993369933,0.40826686004350976,0.3015642805345488,0.5101004868952657,0.1350875375530923,0.21889568009945093,0.3120273490106702,0.33927276494354086,0.1668911219310059,-0.15435615870713768,-0.11612970061120896,-0.034082668600435094,0.05024344763286025,-0.04926057342824346,0.13042577437066197,0.04428789724621258,0.11074277426706723,0.1350875375530923,-0.012897878847142611,0.2525187123687559,0.18129079042784627,0.08660520045581684,-0.0093755665515374,0.02475914223557443,-0.057184295037812076,-0.2062106654235933,0.02051175800269346,-0.022272868538278253,0.14135868021627382,0.05568361349670002,0.12016989536931523,0.154459753444525,0.048585931834662796,0.12851260007936072,-0.09551434787112814,-0.11706205324769502,-0.011240320119798981,0.24443811357295575,0.44587174971511445,0.3329534859629131,0.3111985911115715,0.16140060084947686,0.2785216649039591,0.25583382982344316,0.014659034994945214,0.23370972754584066,0.16348096370029325,-0.058016058093893666,0.3361392431603533,0.058895133530928304,0.08313692991832887,0.08639801098104216,0.30239303843364757,0.05708070030042474,0.25505024344763283,0.37718843882730757,0.11390536379464498,0.06847612141303222,0.22485820110620913,-0.06640422666528539,0.0809074898995131,0.05096861079457163,0.11923754273282916,-0.11395421112607479,0.039987568631513516,0.17461345218360538,-0.02206567906350357,0.1173789175363956,-0.09183911323688293,-0.10411271107427743,0.021029731689630165,-0.088780689940951,0.19330777996477777,0.04387350756437667,-0.0039366000207189476,-0.1724852377499223,-0.002797057909458199,-0.0870195794053662
0.11416140060084948,0.16305811664767428,0.011188231637832797,0.27090023826789594,0.08987076224816236,0.1183051900963431,0.04692841603646534,0.04029835284367554,0.03169998964052626,0.20895058531026622,0.27152180669222,0.38806588625297833,1.0,0.46441520770744843,0.49497565523671394,0.2957629752408577,0.21698479715132687,0.12255257432922406,0.11193701280592443,0.09033461100176111,0.4014918029887645,0.1476225007769605,0.27079664353050864,0.2121620221692738,0.04703201077385268,0.1612970061120895,-0.084222521495908,0.145032632342277,0.27483683828861494,0.322594012224179,0.01802548430539728,0.016678752719361856,0.05676991608826271,-0.0770744846161815,0.042888221278359055,-0.14446660283004314,0.01802548430539728,0.15606951392144852,0.21734175903864084,0.26385579612555676,-0.06790810911085929,-0.06065628967873091,0.18429503781207912,0.05666632135087537,-0.10271684238507547,0.1294934217341759,0.0852584688697814,-0.12281474195411698,0.018129079042784626,-0.05739148451258676,0.2114941338670011,0.14384501830728927,0.1411996270589454,0.09302807417383196,0.03294312648917434,0.1651860869218385,0.07075520563555371,-0.06060292137159432,0.027505115131858337,0.13949392664801225,0.3241479332849891,0.6144203874443178,0.5503988397389412,0.3521185123795711,0.4237652483874445,0.4494574086612708,0.06728652458810543,0.32787734383093337,0.19756539783045576,0.051903651973287016,0.34111217694728413,0.2133588874352627,0.19854445630962902,0.15259504817155287,0.1471045270900238,-0.008494768465761937,0.2698642908940226,0.31057702268724746,0.05060733989421016,0.1270071480368797,0.051332521837423,-0.10566663213508752,-0.013467315860354292,0.1223453848544494,-0.00870195794053662,0.04154148969232363,0.039262405469802135,0.11701328640841428,-0.1137470216513001,0.051385651454591535,0.07712827953170821,-0.03605096861079456,0.10069408474049518,-0.07210193722158913,0.18843882730757278,0.058066354167256494,0.05376566870402983,-0.18025484305397282,-0.01160261058738216,-0.08111467937428778
0.14959080078732,-0.0004143789495493629,-0.04806795814772609,0.18864601678234746,-0.02957706354103787,0.03169998964052626,0.01584999482026313,-0.09686107945716357,0.017611105355847922,0.1521806692220035,0.16875582720397803,0.2701750751061846,0.46441520770744843,1.0,0.6269553506681861,0.17331399564902103,0.1803113103088491,-0.03988397389412617,0.011758307222093865,0.031078421216202214,0.47773950444657143,0.028488552781518697,0.35263648606650777,0.11561172692427224,-0.06277841085672847,0.0753133740805967,0.02890293173106806,0.16823785351704132,0.2613695224282606,0.39987568631513515,-0.02734901067025795,0.028488552781518697,0.011188231637832797,-0.16658033771884387,-0.07272350564591319,-0.1750278418654413,-0.07914637936392831,0.18393722002491328,0.23785351704133428,0.25038848026520255,-0.16819041211514882,-0.21242651065113188,-0.018129079042784626,0.1702061535274008,-0.18000051804747216,0.14109603232155807,0.06495390034186263,-0.12934137944303253,0.1443074691805656,-0.06609344245312337,0.20817901641231384,0.1714019321493771,0.10349114264995338,0.1417176007458821,-0.026934631720708584,0.16269974883082303,-0.017714700093235263,-0.09333885838599398,0.15897024169429988,0.24495610067525062,0.3001139542111261,0.49756552367139745,0.49176421837770634,0.4658655340308712,0.4266659761602959,0.6410090390899189,0.06790810911085929,0.2864394488759971,0.06744366753415139,0.014918414938429799,0.4004765740287705,0.08945637256632646,0.22143948623106288,0.177872164094064,0.16637314824406918,0.01719672640629856,0.33015642805345485,0.3449704754998446,0.032995778416184104,0.10442349528643945,-0.03195980421159434,-0.1717600745882109,-0.14026727442245931,-0.08297938464725992,0.0062156842432404425,-0.044856521288718525,-0.012120584274318863,0.05495843155348719,-0.05096861079457163,0.0007252007261736708,0.10530677789654991,0.1305293691080493,0.16471563244587176,-0.09965813736662177,0.03698332124728063,0.07619590274757743,0.05480161607790324,-0.06547187402879934,0.0546980213405159,0.026209468558997202
0.003833005283331607,0.07966435305086501,-0.07407023723194861,0.3174142753548119,0.04356271530299974,-0.004661763182430332,-0.03915881073241479,-0.0770744846161815,-0.04112711074277426,0.18170516937739561,0.22915155910079768,0.27338651196519215,0.49497565523671394,0.6269553506681861,1.0,0.182119548326945,0.13089534074991718,-0.00145032632342277,-0.01745616534733759,0.019579405366207395,0.40283856945473123,0.11084636900445456,0.25929762768051384,0.11032839531751787,0.022687247487827616,0.03895162125764011,-0.013881694809903656,0.17932249041748677,0.29483062260437165,0.2972133015642805,-0.07779964777789287,0.0312856106909769,0.06391795296798922,-0.08484408992023205,0.021444110639179528,-0.17243790635396686,0.03822645809592873,0.14943927901207402,0.2650989329742049,0.2521495908007873,-0.0954650229529471,-0.145088187352797,0.03252874753962499,0.1326012638557961,-0.1388723421252584,0.172692427224697,0.08888428467833834,-0.042423143677951,0.059256189785558896,-0.006526468455402465,0.127269431033853,0.14560617445509189,0.07997513726302703,0.2514244276390759,-0.027038226458095928,0.0807541892477724,0.016575157981974512,-0.13653786387651506,0.15161482484171254,0.21356608227618065,0.20843261162332954,0.47508546565834453,0.42701750751061845,0.3750129493421734,0.38097951373788713,0.756416565481219,0.0669757323267285,0.20242411685486375,0.09551929564744636,0.022688422718861987,0.3670128737542153,0.06894408331544905,0.15482634487594082,0.1361234849269657,0.10597741634724954,0.011913394799544182,0.3103698332124728,0.27815186988500984,-0.03030224548425071,0.057495079249974095,-0.04138716947336123,-0.08691598466797887,-0.05915259504817155,-0.010566663213508753,0.006319278980627783,-0.0012431368486480886,0.07976794778825234,0.14695294092105857,-0.06495390034186263,0.027039627075904012,0.1062391546806807,0.11281466901481405,0.1600538692634414,-0.05500880555267792,0.04475292655133119,0.08344772217970581,0.09986532684139644,-0.06391795296798922,0.000725163161711385,0.04081632653061224
0.3592665492592976,0.38661555992955554,0.2428260644359266,0.3376152491453434,0.16456450239908463,0.16430125349632235,0.21330156428053454,0.2671708277219517,0.08764114782969024,0.1832590904382057,0.23091266963638246,0.20573914845125865,0.2957629752408577,0.17331399564902103,0.182119548326945,1.0,0.2039315221734958,0.32870610173003206,0.310326072984865,0.18916399046928414,0.19792287178687515,0.2537035118615974,0.14917642183777063,0.2038744431782865,0.09240650574950793,0.2035636589661245,-0.026623847508546565,0.17528229565938047,0.1880244483580234,0.14316792706930487,0.30249663317103487,0.08691598466797887,0.14565420076660104,0.12887185330985185,0.19703719051072205,0.11328377927189112,0.11084636900445456,0.1798969206270132,0.15269864290894022,0.15342380607065162,-0.020149698279270985,0.08448369638429556,0.3247695017093131,0.04091992126799958,0.029887855802414803,0.08308297938464726,0.06329638454366518,-0.04045479268923043,0.20750025898684343,0.08308297938464726,0.33353189516767573,0.2964440186433621,0.40080803895162126,0.12016989536931523,0.01574640008287579,0.24381652905020187,0.26427017507510614,0.11840878483373043,-0.0892491777254085,-0.0718448110883004,0.1714492903760489,0.1376774059877758,0.1422355744328188,0.09955454262923442,0.2114941338670011,0.12281474195411698,0.09981611461222414,0.2762871646120377,0.31349391391450404,0.21476301505114567,0.10189334123846741,0.23273160506109136,0.18984227299107495,0.09561794260851547,0.002071894747746814,-0.13343002175489485,0.14824406920128455,0.11229669532787734,0.2697158841649461,0.22003522221071167,0.12488669036329653,0.0037294105459442653,0.21112607479540038,0.2514244276390759,-0.028177768569356675,0.18657412203460064,0.07324147933284988,0.15917743653521785,0.11416140060084948,0.059362859442501914,0.15420476035318695,-0.15000517973686936,0.0770744846161815,0.018439863254946648,0.3001139542111261,0.10344202432828832,-0.012949342173417588,-0.0992437584170724,0.1829483062260437,0.07137677405987776
0.14001191375030714,0.049364170848702434,-0.009064774290160468,0.09308228228239064,-0.02621082621082621,0.08728082673668794,0.17026236052432836,0.08893838546403157,0.026365543506809593,0.061070679360566815,0.007510812983275817,0.28815622500664395,0.21698479715132687,0.1803113103088491,0.13089534074991718,0.2039315221734958,1.0,0.292403719245462,0.3791763791763791,0.2722022222559615,0.2862470862470862,0.3017274870867699,0.33270311580400397,0.4149594676484315,-0.06821890137223621,0.15586231908053058,0.1633213333535769,0.0611742767810258,0.14705653834151755,0.18932428588878006,0.06552536844030282,-0.13990831632984815,-0.07515992854298766,0.185180389070421,0.2226826552765706,-0.0318052318052318,-0.10520318047609094,-0.08329448329448329,-0.11773846835162712,0.05930952321276421,-0.1535353535353535,-0.037503237503237495,0.07267359045197222,-0.07692108469079027,-0.015229215229215226,-0.023361218313499264,-0.11773846835162712,-0.14317534317534317,0.01155111238117591,-0.09712258168029073,0.006216006216006215,0.1185185185185185,0.2800756262108437,0.02615834866589164,0.011240320119798981,0.11168091168091167,0.13244930205680183,0.03600010360949443,0.02942242942242942,0.04257964257964257,0.22599777273125785,0.18777032458189544,0.27095905321045377,0.2814223926768104,0.23123543123543122,0.15477855477855473,0.01709401709401709,0.38367304666982055,0.46947602906265057,0.29076122157438566,0.2432656447524302,0.3526547526547526,0.36798756798756793,0.08044339698639548,0.19481494917310585,-0.04387350756437667,0.16756882759239494,0.20631426284405227,0.08153328153328152,0.02387920541579415,0.43014763014763013,0.01745616534733759,0.08210095571373911,0.2937504857114287,0.13669679629561987,0.11525213026061167,-0.13597161435240704,0.029836829836829833,0.04615265081447416,-0.001087829262972047,-0.07821807821807822,-0.18642355811592873,-0.06884048589499007,-0.12509388520421447,0.04511667660988439,-0.08464128464128463,-0.03983320816647658,-0.05827354900817445,-0.028851881597825035,-0.012379891744847726
0.10173003211436858,0.15332021133326426,0.08743395835491556,0.11592251113643426,-0.0009841754943602794,0.10069408474049518,0.0651610898166373,0.4523982181705169,0.11167512690355329,-0.10514865844815083,-0.008183984253599917,0.014296073759453019,0.12255257432922406,-0.03988397389412617,-0.00145032632342277,0.32870610173003206,0.292403719245462,1.0,0.4400300433995039,0.30249663317103487,0.07153401882692348,0.3709727545840671,0.2788770330467212,0.10421630581166477,-0.01160261058738216,-0.004247384232880969,-0.10514865844815083,-0.14337511654407956,0.05915259504817155,-0.06837252667564488,-0.0290065264684554,-0.010463068476121412,-0.07127317932249042,0.322594012224179,0.2409613591629545,0.12664784651109914,-0.08515487413239407,-0.18310844066124146,-0.23868227494043298,-0.1646120377084844,-0.13493564014781728,-0.014037450472191354,0.03470423702475914,-0.20273490106702577,-0.015280619517699075,-0.168445042991816,-0.09188853206257121,0.0861412551116392,0.07054801616077903,-0.11126074795400392,0.122711144533658,0.1468493435005996,0.2091577747850409,-0.07334507407023723,-0.03397907386304775,0.15783067006925114,0.39417797575883146,0.2004558168445043,-0.08096138408869036,-0.13680039371607886,-0.022894436962602297,0.030767637004040192,0.0351186159743085,0.07821402672744224,0.05982751031505909,-0.026987128029563455,-0.04791380696227677,0.17414275354811976,0.40455840510116925,0.4372960378827235,0.02274081179648561,0.3330139080653809,0.3709305639533664,0.06412514244276389,-0.08536206360716875,-0.18895680099450948,0.01129182637522014,-0.028177768569356675,-0.017870555029173497,0.0669222003522221,0.14798891512564835,-0.03273593701439967,0.08660520045581684,0.2650989329742049,-0.07645291619185746,0.24955972236610377,-0.08815912151662694,-0.12809821039752478,0.08971304257743705,-0.10981610996344159,-0.05102172957604607,-0.13467315860354293,-0.04516730550088056,-0.04972547394592354,-0.0910597741634725,-0.21087254934424723,-0.24665906971925822,0.013260126385579612,0.07168755827203978,-0.06412514244276389
0.18818471426373135,0.12478309294283753,-0.007200020721898886,0.12146797548815028,-0.07055167055167054,-0.019217321495140195,0.10955427213536796,0.26992307900586404,-0.015073424676781124,0.04459868950758951,-0.01351946336989647,0.03361736293893797,0.11193701280592443,0.011758307222093865,-0.01745616534733759,0.310326072984865,0.3791763791763791,0.4400300433995039,1.0,0.17326668571763867,0.14265734265734265,0.3024526690299827,0.22029991460601414,0.12032840386310154,-0.02833389449553015,-0.019320918915599172,0.0370360778140842,-0.1021988552827806,-0.017766957608714516,-0.0370360778140842,0.07857864341813389,-0.006060449096850142,-0.019320918915599172,0.2885706146884799,0.24516329551616858,0.02051282051282051,-0.15586231908053058,-0.04744884744884744,-0.10965786955582693,-0.051746911519258906,-0.1619269619269619,-0.04226884226884226,0.08106498150914934,-0.1302737562271633,0.014400414400414398,-0.064696589076631,-0.1031312320669114,-0.09645169645169645,-0.022843231211204382,-0.09846934814625743,0.051489251489251486,0.16182336182336182,0.3197534382466318,0.014037450472191354,-0.07992540988410059,0.042786842786842784,0.2848411075519567,0.11328377927189112,-0.005283605283605283,-0.17788137788137784,0.010929527858422052,-0.0009841754943602794,0.073605967236103,0.10178446560094469,0.05988085988085988,-0.024449624449624445,0.045480445480445476,0.23003807212915797,0.4310393951043049,0.35447693554846277,0.006734355583010205,0.29184149184149183,0.30966070966070963,0.1517184222621715,-0.04200875399611509,-0.18580197359317485,-0.07857864341813389,-0.07174121366784142,0.12618492618492616,0.02222164668845052,0.23569023569023564,0.006371241358227073,0.10551397273746785,0.22423661658345526,0.020874880222483825,0.21947113524234232,-0.13731838081837375,-0.15436415436415435,0.04273393593932793,-0.07651065816236731,-0.0031080031080031076,-0.15907383911475886,0.00906477429016047,-0.09567221779386506,0.00709642330143991,-0.11250971250971249,-0.08945637256632646,0.00419569552858856,0.007303618142357863,0.04273393593932793
