0,1,2,3,4,5,6,7,8,9,10,11,12,13,14,15,16,17,18,19,20,21,22,23,24,25,26,27,28,29,30,31,32,33,34,35,36,37,38,39,40,41,42,43,44,45,46,47,48,49,50,51,52,53,54,55,56,57,58,59,60,61,62,63,64,65,66,67,68,69,70,71,72,73,74,75,76,77,78,79,80,81,82,83,84,85,86,87,88,89,90,91,92,93,94,95,96,97,98,99
1.0,0.19067105235474677,0.29779078510932877,0.00450648778996549,0.06355701745158225,0.15865944943292296,0.3249333092695807,0.09256429518009575,0.1348320427273583,-0.02615834866589164,-0.08909608909608908,0.05640879543991286,-0.008650384608324561,0.13457653457653457,0.1415658750571918,0.33881536361108355,0.26754033833530755,0.21936753782188334,0.25552303756206624,0.1785501541610465,0.12141932141932141,0.029578595674144705,0.22019631718555518,-0.005905205905205904,0.0865556447934751,-0.039936805586935555,-0.003211603211603211,-0.045427468871261326,0.14405221314820724,-0.09940172493038822,0.2686938279540956,0.20589987316221636,0.2973917999391677,0.19031339031339028,0.04175084175084175,0.14363782346637133,0.0028489290626218613,0.06096708194010784,-0.08489808606613149,0.001812954858032094,0.05252525252525252,0.048381248381248375,-0.10530677789654991,0.13462484788644033,0.037450467495920105,-0.06034549741735398,-0.03910802622326374,0.19150975167655512,0.24775323102764296,0.1334852762613916,0.3252441015309576,0.20735023704864206,0.297021497021497,0.034498834498834494,0.14788531770518937,0.16052420300118453,0.1566910984442024,0.03589650618903546,0.03910802622326374,0.18300484324078248,0.07940742278180571,0.021496464745237684,0.037917637917637914,0.16497889208092054,0.15850815850815847,0.11572131572131569,0.1343140556250634,0.26526119508521007,0.22910569534502717,0.12592266456788628,0.10033410171451902,-0.08137577377052627,0.2413882413882414,-0.07515992854298766,0.17285229603580277,-0.0042992929490475364,0.0995053223508472,-0.0639212639212639,0.23770428124312226,0.12519748262467345,0.11033411033411032,-0.025485625485625482,0.07816425373629798,0.131724120113589,-0.05107485107485107,-0.030198648063791734,0.04299404299404299,0.056926782542207746,0.08665924221393409,-0.09867654298717539,0.08531247574796738,0.011499611499611498,-0.1378363679206686,0.07308798013380813,-0.23894745028862993,0.09795136104396256,-0.08862759320265465,0.10385641401012423,0.17254150377442584,0.08096138408869036
0.19067105235474677,1.0,0.4361338444007044,0.39241686522324665,0.15228426395939085,0.23526364860665075,0.24883455920439243,0.5063710763493214,0.2570185434579923,0.12462446907697088,0.011551112381175913,0.09375323733554335,0.058116647674298146,0.24143378837964538,0.10504506371076348,0.13809178493732518,0.1303221796332746,0.32798093856832067,0.07541696881798404,0.1702061535274008,0.10872549277169614,-0.03646723651616173,0.15756759556614525,-0.11307658443097315,-0.03967678441935149,-0.1236921164404848,0.10178446560094469,-0.018129079042784626,0.05656272661348803,-0.06598984771573603,0.04175084180685562,0.011395421112607478,-0.041025641080681956,-0.03827924685959193,-0.038175649439132944,0.1132290479643634,-0.11157153216616594,0.04423495286439449,-0.020615352740080802,0.039573189681964153,-0.022428841529368474,0.17533863412681822,-0.03501502123692116,-0.005386926344141717,0.31865741220346006,-0.04392416865223246,0.03118201595358956,0.11468531483917908,0.2196208432611623,0.09126696363824717,0.14565420076660104,0.6049932663420697,0.2647432079829152,0.3357074409973143,0.2603335750543872,0.29793846472599195,0.5012949342173417,0.23951103283953173,0.0980006215684243,0.14368590075624157,0.07614213197969542,0.08743395835491556,0.14115148537535588,0.15912151662695534,0.06645774522443361,0.11566651994244757,0.15673883766704652,0.16357609033461099,0.14917642183777063,0.35160053869263436,0.047964363410338745,0.07261991090852585,0.22506539594712707,0.052004558168445035,0.13332642701750752,0.03677613177250595,0.0781104319900549,-0.014762632415404191,0.13726302703822646,-0.05335128975448047,0.06573256328122076,0.11981041676080664,0.298870817362478,0.11996270589454054,0.040765584950607364,0.2280120169895369,-0.008961176869701493,0.1908215062674816,0.1053558479229255,0.06723298456438412,0.09758624261887495,-0.08551967058888534,0.023826789599088363,0.15269864290894022,-0.03439345281259712,0.05086501605718429,-0.0692012845747436,0.25235678027556196,0.1761110535584792,0.08722676888014089
0.29779078510932877,0.4361338444007044,1.0,0.0852584688697814,0.06723298456438412,0.40132601263855794,0.33264270175075106,0.4669014814047446,0.4498083497358334,0.06733657930177146,-0.09318587970284962,0.09157774785040919,0.09406402154770536,0.3059749813255879,0.1693773956283021,0.1854345799233399,0.266342069822853,0.44556096550295243,0.27152180669222,0.32508028592147514,0.27334179388101026,0.006941206950519421,0.29731689630166785,-0.04117997463244327,0.0026934631720708585,-0.10742774267067232,0.12115718322677335,-0.03729410545944266,0.22780482751476222,-0.0725163161711385,0.10867650882231154,-0.016885942194136538,0.008598808610344955,0.0807541892477724,0.010204345915209214,0.22977312752512172,-0.05076142131979695,-0.0016575157981974515,-0.07148036879726509,0.15611726924272246,0.056305198019453884,0.07329517497472607,-0.06474671086708796,0.09147415311302184,0.182430332539107,-0.03387547912566041,-0.010566663213508753,0.1911421913986318,0.2462446907697089,0.1303221796332746,0.11012120584274318,0.5342380607065161,0.1949185465935648,0.04646344307585109,0.42225214959080076,0.5305086501605718,0.43468351807728167,0.3430021754894851,0.08028592147518905,0.13177250595669737,0.11167512690355329,0.16419765875893502,0.12467949552237857,0.1577747850409199,0.13545362725011215,0.1397011214889302,0.2714182119548327,0.27245415932870604,0.18305190096343105,0.28664663835077175,0.1750751061846058,0.036672537035118614,0.2574913885507868,0.14617217445353775,0.14151041127110742,-0.054076452916191856,0.24665906971925822,0.015384216938158054,0.14917642183777063,-0.04868952657205013,-0.009789956233373306,-0.016109398881370893,0.13757381125038848,0.03428985807520978,-0.05827354900817444,0.05449083186574122,0.04490948176896643,0.0954107531337408,0.14834766393867188,-0.02196208432611623,0.12607479540039365,-0.06241744582653352,-0.032632342277012324,0.16026105873821608,-0.04029835284367554,0.07541696881798404,-0.11654407956075831,0.22262509064539518,0.3214544701129183,0.14099243758417074
0.00450648778996549,0.39241686522324665,0.0852584688697814,1.0,0.2872682067750958,0.18916399046928414,0.11654407956075831,0.25681135398321764,0.13218688490624675,0.21982803273593698,0.2767605087561565,0.08888428467833834,-0.023826789599088363,0.007614410403734794,0.11799440588418107,0.012016989536931522,-0.08007873200041436,0.11820159535895577,-0.21910286957422562,0.04226665285403501,-0.03962601332555862,-0.05635845643406814,-0.07997513726302703,0.06956566783820291,0.1640940640215477,0.07717807935356884,-0.008132397506029678,0.14793328498912253,0.04299181601574639,0.0012431368486480886,0.05635845643406814,0.07510618460582202,-0.1393421395290839,0.016212996301829867,-0.03050944032516866,0.14793328498912253,0.09945094789184708,-0.04040194758106288,-0.024448358023412407,0.003625815808556925,-0.0370360778140842,0.2595633369599663,0.028074173831969335,-0.06350357401843985,0.2249041748679167,-0.015021236921164404,0.01802548430539728,-0.045894845956419454,0.12358852170309748,0.026934631720708584,0.11136434269139127,0.26178390137781,0.13224210721588386,0.5887959391785946,0.18004765357919816,0.10473427949860147,0.2633378224386201,0.15901792188956798,0.1780793535688387,0.09613591629545218,0.02486273697296177,-0.0865016057184295,0.032270596472971265,-0.08132186884906246,-0.057755561905879556,0.031027427427463544,0.024033979073863045,-0.14358230601885422,0.07407023723194861,0.17331399564902103,0.007458821091888531,0.1251424427639076,-0.05288648314430765,0.12731793224904173,0.10753133740805966,0.27038226458095926,0.08173624779861183,0.061070679360566815,0.2699678856314099,0.14544701129182638,0.16964077600157448,0.3098080858825701,0.2865430436133844,0.20874339583549156,0.1160809096242835,0.23184502227286852,0.19067105235474677,0.35709105977416344,0.15186988500984147,0.21485548534134463,0.02206567906350357,-0.003988500687670606,-0.009219931627473324,0.229255153838185,0.09706826893193825,0.0145032632342277,-0.023723194861701023,0.057702268724748776,0.07220553195897647,0.04754998446078939
0.06355701745158225,0.15228426395939085,0.06723298456438412,0.2872682067750958,1.0,0.5065782658240962,-0.005490521081529058,0.07966435305086501,0.18626333782243862,0.14420387444317825,0.1928465981843853,0.01574640008287579,0.05884181083600953,0.009479163971996376,-0.08401533202113332,-0.07230912669636382,-0.04278462654097171,-0.08484408992023205,-0.16191857453641353,0.17921889568009944,-0.15689829328512034,-0.06775446784536868,-0.14006008494768463,-0.002745331642162885,0.13011499015849995,0.009427121102248005,0.031027427427463544,0.07479540039366,-0.05272972133015642,-0.013260126385579612,0.1267029268729142,0.11592251113643426,0.005801605809389367,0.0034705135853757224,-0.04086918237106635,0.3393763596809282,0.1974515694602714,-0.0725163161711385,0.012431368486480885,0.008391173728374599,0.17533863412681822,0.22703374693584763,0.002175489485134155,-0.12296695327877344,0.16026105873821608,-0.006940847404951828,0.11436859007562415,0.08526288537727587,0.2791878172588832,0.13798819019993783,0.11820159535895577,0.09416761628509271,-0.051746911519258906,0.20848980867369077,0.472184813011499,0.19962705894540556,0.0625712213819538,0.2957629752408577,-0.002797057909458199,0.006008494768465761,-0.06091370558375634,0.01647156324458717,-0.07951102020226468,-0.047964363410338745,-0.1704695553652463,-0.1765818031723259,0.09551434787112814,-0.19019993784315756,-0.0920957215373459,-0.07924997410131565,-0.12555682171345695,-0.2073966642494561,-0.14218745957994564,-0.088780689940951,-0.06112089505853102,-0.021133326427017506,-0.07303428985807521,-0.09349667196422655,0.0770744846161815,0.17030974826478815,-0.04977856053053835,0.17544223154727717,0.19455091681342587,-0.05314410027970579,0.12333272905641186,0.08722676888014089,0.19533293627540074,0.23920024862736972,0.3045685279187817,0.07831762146482958,-0.006940847404951828,-0.042526741098409974,-0.039469594944576816,0.06350357401843985,-0.11385061638868745,-0.0035222210711695844,0.005697710556303739,0.13871335336164922,0.20646431161297005,0.07738526882834351
0.15865944943292296,0.23526364860665075,0.40132601263855794,0.18916399046928414,0.5065782658240962,1.0,0.14151041127110742,0.2587796539935771,0.5079249974101315,0.028074173831969335,0.02978425838195583,-0.02455195276079975,0.11343623743913808,0.15337598098951513,0.009737905314410027,-0.041955868641872986,0.070237231948617,0.17797575883145136,0.07935356883870298,0.39915052315342375,0.12965217170440946,-0.029836829876859598,0.05480161607790324,0.007510812983275817,0.07179115300942711,-0.03915881073241479,0.06448939423571305,0.01564280534548845,0.187299285196312,-0.06101730032114368,0.1617197619367286,0.047653579198176726,0.011914011929996022,0.15337598098951513,0.030716635166086616,0.48720604993266337,0.182430332539107,-0.06288200559411582,-0.055837563451776644,0.12617839013778098,0.25003237427774044,0.1902566626729109,-0.026520252771159224,-0.009945094789184709,0.173003211436859,-0.0312856106909769,0.11509375323733553,0.16078736100307672,0.3944887599709935,0.22739044856521287,0.08101108463690045,0.22252149590800785,-0.05651239286037184,0.06272823808791045,0.7830726199109084,0.5335128975448047,0.17952967989226146,0.4943540868123899,-0.07003004247384231,0.006940847404951828,-0.03366828965088573,0.08722676888014089,-0.0209784776429428,0.00725163161711385,0.007614410403734794,-0.08469089122521353,0.27856624883455916,-0.023101626437376982,-0.0037294105459442653,0.04993266342069822,0.10742774267067232,-0.1399564902102973,-0.018595736972386333,0.009737905314410027,-0.029938879104941467,-0.10494146897337614,0.1674090956179426,-0.10271684238507547,0.10266238475085465,0.08960944784004972,-0.1151485328401527,0.1263370542497222,0.14057805863462133,-0.05822024241168549,-0.00450648778996549,0.042163058116647674,0.2178135765149987,0.20677509582513207,0.3947995441831555,0.022687247487827616,0.03646534756034393,-0.12488669036329653,-0.10815290583238371,0.11768362167201905,-0.10649539003418626,0.03201077385268828,-0.12079146379363927,0.17238164301253495,0.4504299181601574,0.19372215891432715
0.3249333092695807,0.24883455920439243,0.33264270175075106,0.11654407956075831,-0.005490521081529058,0.14151041127110742,1.0,0.2609551434787113,0.2088469905728789,0.1004868952657205,-0.011447514960716935,0.03024966331710349,-0.0837045478089713,0.09639739973707791,0.13477675334093028,0.3062260437169792,0.1600538692634414,0.22428260644359266,0.15715321661659587,0.29027245415932873,0.11027945407858078,-0.09935249948579292,0.15124831658551743,-0.009168371710619447,0.1251424427639076,-0.07717807935356884,0.09007795708908031,0.059670568735108245,0.22407541696881797,-0.07728167409095617,0.1917637920210664,0.13146172174453535,0.06630406639302133,-0.00046618839206539553,-0.01320867110851954,0.13343002175489485,0.09489277944680409,0.18460582202424117,0.0312856106909769,0.32497669118408784,0.17440625734268742,0.16653285338780519,0.008183984253599917,0.3075727753030146,0.1813943851652336,0.172692427224697,-0.004143789495493628,0.2818958822740798,0.3421734175903864,0.2964881384025691,0.25929762768051384,0.2769087330363617,0.36647587487363037,0.1173240786697912,0.1338444007044442,0.2215891432715218,0.3248730964467005,0.1198591111571532,0.11157153216616594,0.08059670568735108,-0.01906143167927069,-0.03449704754998446,-0.02968066096149685,0.10722055319589764,0.14301623894361745,0.12861619749981967,0.36921164404848233,0.20781104319900545,0.11343623743913808,0.1132290479643634,0.13425877965399358,-0.036672537035118614,0.08199735829328013,0.14368590075624157,0.14420387444317825,-0.02196208432611623,0.1747643219724438,-0.07277718787243119,0.24510514865844812,0.13985289547290997,-0.05640879543991286,-0.07474553886115175,0.19828032735937012,0.04050554231845022,-0.06231384840607453,-0.010566663213508753,0.11007225923766284,0.18657412203460064,0.1717600745882109,0.007044442142339169,0.16896301667875271,0.11183341538546544,0.04278462654097171,0.2447943644462861,-0.05065782658240961,0.2964881384025691,0.031389205428364236,0.21703097482647882,0.27773749093546046,0.3152387858696778
0.09256429518009575,0.5063710763493214,0.4669014814047446,0.25681135398321764,0.07966435305086501,0.2587796539935771,0.2609551434787113,1.0,0.45333057080700295,0.033771884388273075,-0.0455310662917203,0.002486273697296177,-0.0290065264684554,0.1659112688650513,0.08442971097068269,0.102765979488242,0.11488656376256086,0.43830933388583854,0.144721848130115,0.29628094892779444,0.23646111219761454,-0.15011655031794985,0.1966228115611727,-0.07816425373629798,0.017611105355847922,-0.17662902724541593,-0.0011913703352782329,-0.061535274008080385,0.14969439552470734,-0.16885942194136538,0.022999223030079275,-0.0865016057184295,-0.09873089886335833,-0.06345342003112328,-0.0919427106573419,0.22500776960530405,-0.10483787423598881,0.01160261058738216,-0.07272350564591319,0.07717807935356884,-0.043355520462081784,0.04967496311007937,-0.13498394281570494,0.011499015849994819,0.19299699575261575,-0.07365585828239925,-0.03874443178286543,0.107018907162486,0.15549570081839842,0.06443592665492592,0.154459753444525,0.5831347767533409,0.18041490772930807,0.21035456224195234,0.3296384543665182,0.3363721122966953,0.5807520977934321,0.45301978659484093,0.05086501605718429,0.046203252874753964,-0.032321558064850306,0.013985289547290995,0.017766957608714516,0.04900031078421215,0.0625210432469925,0.07567791564528255,0.11353983217652543,0.10918885320625711,0.09831140578058635,0.3693152387858697,0.16264373769812493,0.010981042163058116,0.18497319422950306,0.1366414586139024,0.0781104319900549,0.026727442245933906,0.16274733243551226,-0.05164331409879993,0.07624572671708275,-0.0068372526675644875,-0.01227629432438875,-0.038900831382345784,0.09882937946752304,-0.03014606857971615,-0.06407500455387714,0.007873200041437895,-0.015902204040452936,0.10059049000310784,0.15104112711074277,0.012224179011706204,0.029938879104941467,-0.06013830257643603,-0.01647156324458717,0.16709831140578058,-0.0173003211436859,0.023826789599088363,-0.09478918470941676,0.15963949031389205,0.1666839324562312,0.07676370040401947
0.1348320427273583,0.2570185434579923,0.4498083497358334,0.13218688490624675,0.18626333782243862,0.5079249974101315,0.2088469905728789,0.45333057080700295,1.0,0.018336268517559307,-0.032995778416184104,-0.013570910597741634,0.02931731068061742,0.22962368244732206,0.07914637936392831,-0.03739770019683,-0.006008494768465761,0.26706723298456436,0.15684243240443385,0.4298145654200766,0.17730698511553877,-0.0573944574714591,0.14845125867605924,-0.03641449329133034,0.027659794882419972,-0.06422873718015124,0.09795136104396256,0.051486584481508335,0.22666528540350148,-0.02413757381125039,0.1047397048802259,0.025484305397285814,0.022792022822601083,0.104892388214714,0.015280619517699075,0.44514658655340306,0.08111467937428778,0.023723194861701023,-0.0775924583031182,0.1516626955350668,0.1770997902746208,0.0879024112594418,-0.06381435823060187,0.12825028488552778,0.15767119030353258,0.01802548430539728,0.1109499637418419,0.223776224076447,0.2697606961566352,0.18491660623640319,0.03501502123692116,0.30187506474671083,-0.010722333017504098,-0.01579860661999396,0.5667668082461411,0.4701129182637522,0.24106495390034186,0.7208121827411167,-0.010773852688283434,0.02351600538692634,-0.04775717393556407,0.03480783176214648,0.07640309758849538,0.044338547601781825,0.06531817359938487,0.021703659586155638,0.2416865223246659,0.02206567906350357,-0.01906143167927069,0.14337511654407956,0.1612970061120895,-0.03698332124728063,0.040040403007394525,0.09509996892157878,-0.05335128975448047,-0.05065782658240961,0.24386201180980005,0.01838854213146838,0.05314410027970579,0.0661970371905107,-0.08324052733878785,0.0281266996546122,0.05107220553195897,-0.05863462136123484,-0.0776462666340031,-0.0005179736869367035,0.1397011214889302,0.13446596912876824,0.31793224904174866,-0.011499015849994819,0.06464311612970061,-0.09629380231661892,-0.09965813736662177,0.1819123588521703,-0.0758313477675334,0.06433233191753858,-0.12866466383507716,0.14296073759453018,0.3714907282710038,0.1584999482026313
-0.02615834866589164,0.12462446907697088,0.06733657930177146,0.21982803273593698,0.14420387444317825,0.028074173831969335,0.1004868952657205,0.033771884388273075,0.018336268517559307,1.0,0.3842946311925744,0.4171760074588211,0.01647156324458717,0.17979332320655422,0.20242411685486375,0.02330881591215166,-0.06733657930177146,-0.16471563244587176,-0.11436859007562415,-0.10162643737698124,-0.1290305871816556,-0.16078736100307672,-0.1366414586139024,0.11152262312408852,0.3052936910804931,0.14420387444317825,-0.0028489290626218617,0.172692427224697,0.044338547601781825,0.04319900549052108,0.02465682468990481,0.11250388480265203,-0.0573944574714591,-0.17741058253599776,-0.20652145768497024,0.03387547912566041,0.19734797472288407,0.08898787941572568,0.1343623743913809,0.21299078006837252,-0.007510812983275817,0.16332133335357693,0.026520252771159224,0.044545737076556506,0.07500258986843468,0.011809800062156843,-0.11612970061120896,-0.05055685062467877,0.04972547394592354,0.09665388998238889,0.06112089505853102,0.10318035843779136,0.022843231211204382,0.18901349362740313,0.00859836320314928,0.03439345281259712,-0.02724541593287061,0.01574640008287579,0.6236403190717911,0.22635450119133946,0.1702061535274008,-0.03895162125764011,0.1958509233776956,0.026520252771159224,-0.06821890137223621,0.11690968898795531,0.0943748057598674,-0.17890811146793742,-0.14275354811975552,-0.14669014814047446,-0.11343623743913808,0.03470423702475914,-0.10810390824894228,0.32383714907282707,0.018129079042784626,0.20066300631927897,0.046203252874753964,0.15544792939869467,0.1231741427535481,0.13042577437066197,0.01869933439284531,0.11442335089693985,0.17911530094271208,-0.0379156738837667,0.18725233747960054,0.0697192582616803,0.24319494452744803,0.18170516937739561,0.026831036983321246,0.2145447011291826,0.19496529576297522,0.2097329777191985,0.30539728581788045,0.11126074795400392,0.1214130322179633,0.15756759556614525,0.1605718429503781,0.17818294830622602,-0.016160779032425153,0.14233916917020614
-0.08909608909608908,0.011551112381175913,-0.09318587970284962,0.2767605087561565,0.1928465981843853,0.02978425838195583,-0.011447514960716935,-0.0455310662917203,-0.032995778416184104,0.3842946311925744,1.0,0.31581673626919077,0.0009841754943602794,0.06412846412846412,0.10634275210113966,-0.07868224083859288,-0.07350236981564402,-0.21335888743526268,-0.14912848675069706,-0.1825904535589466,-0.11717171717171716,-0.05206040044223367,-0.2147056539012294,0.17736337736337734,0.30120949998447505,0.22775892887906046,-0.09075369075369075,0.1623889565694461,-0.012379891744847726,0.06966926525866188,-0.005128337954011079,-0.010204345915209214,-0.11266803080781915,-0.16037296037296034,-0.12245532245532244,-0.0013985651761961866,0.21170132870791905,0.017041775665501684,0.11255859732867829,0.10603195983976274,-0.032737632737632735,0.17425537425537424,0.0668721349062695,-0.10934707729444999,-0.008753982028783538,-0.06386780971295919,-0.016730983404124752,-0.16250097133063388,-0.03755406491637909,-0.02874828417736606,-0.008132397506029678,-0.04843179406457165,-0.08308728308728307,0.2369334369334369,0.027297920290940383,-0.05361166508752049,-0.08199735829328013,-0.020460490540647917,0.35994923738471485,0.180622102570226,0.10126647849864981,-0.10002330945314208,0.00953120953120953,-0.0642821993947951,-0.05687645687645687,0.02994042994042994,-0.008857579449242516,-0.21273730291250884,-0.11048664891949875,-0.15503353971685876,-0.1298593665453274,0.0008805780739013027,-0.18130018130018127,0.09681178941891382,0.10095568623727287,0.2958224341206082,0.0033669161649167454,0.12867132867132866,0.1531687861485972,0.09722617910074971,0.07635327635327635,0.18938098938098935,0.1477817202847304,0.04138716947336123,0.11396011396011395,0.11504493541969373,0.24760424760424757,0.19750848210503924,0.0209784776429428,0.24122659353872744,0.09981611461222414,0.21942501942501938,0.15451555261456387,0.1352464324091942,0.11100463602179363,0.07070523946325165,0.09401465906652144,0.04677423533722802,-0.07816425373629798,0.03724327265500216
0.05640879543991286,0.09375323733554335,0.09157774785040919,0.08888428467833834,0.01574640008287579,-0.02455195276079975,0.03024966331710349,0.002486273697296177,-0.013570910597741634,0.4171760074588211,0.31581673626919077,1.0,0.38174660727235055,0.3478283391910146,0.1773541904071273,0.08484408992023205,0.2287371801512483,-0.09758624261887495,0.03335750543872371,-0.15943230083911736,0.008546787187865584,-0.04465164471155031,0.023723194861701023,0.12126078064723232,0.289754480472392,0.271832590904382,-0.00771800782419377,0.17911530094271208,0.019683000103594736,0.05252253185538174,0.02786842790581678,-0.03024966331710349,0.019994820021645498,-0.14363782346637133,-0.14208386215948668,-0.035947373873407226,0.05832383714907282,0.032839531751787006,-0.019786594840982077,-0.02797057909458199,-0.1638393204558718,0.16974437342203347,-0.07645291619185746,-0.008494768465761937,-0.010359473738734071,-0.1939293483891018,-0.16626955350668185,-0.07055167064632427,0.0256914948720605,0.0005179736869367035,0.054905210815290574,0.15684243240443385,0.019528113756517123,-0.011136722699340004,0.0351186159743085,0.031907179115300936,-0.0015539210608101106,-0.058427431886460164,0.49000310784212164,0.5371387133533616,0.5562001450326323,0.3132704858593183,0.4417911995473065,0.1740391588107324,0.10644634952159865,0.19315739044576222,-0.026623847508546565,0.14202838495804412,0.093649642598156,-0.03895162125764011,-0.13166891121931004,0.04464933181394385,0.12996296396578638,0.14793328498912253,0.34714596498497874,0.2528747539624987,0.12286335854138608,0.24164098322056338,0.12545322697606962,-0.023101626437376982,0.17233430893350787,0.037346870075461135,0.07489899513104734,0.0669222003522221,0.167361632751477,0.005697710556303739,0.08023620214547751,0.1386097586242619,-0.07261991090852585,0.03843364757070341,0.036879726509893296,0.0642821993947951,0.048896716046824815,0.04537449497565523,-0.007044442142339169,0.107634932145447,0.008909147415311302,0.1214130322179633,-0.0725163161711385,0.02196208432611623
-0.008650384608324561,0.058116647674298146,0.09406402154770536,-0.023826789599088363,0.05884181083600953,0.11343623743913808,-0.0837045478089713,-0.0290065264684554,0.02931731068061742,0.01647156324458717,0.0009841754943602794,0.38174660727235055,1.0,0.24350573678882495,-0.06091370558375634,-0.029938879104941467,0.21112607479540038,0.0004143789495493629,-0.019890189578369417,-0.012534963223868227,-0.08220455313419808,0.09261849274275168,0.03781207914637936,-0.1740954650813105,-0.005490521081529058,0.06609344245312337,0.003574111005834699,0.061224489795918366,-0.1829483062260437,0.20957215373459026,0.021756021785210126,-0.056977105563037395,0.05335405342563435,-0.01642019114274782,-0.027608712552317314,-0.04112711074277426,-0.09955454262923442,0.028488552781518697,0.014399668496840358,-0.05511240029006526,-0.03786485717775601,0.15555152681915363,0.04309541075313374,-0.0636071687558272,-0.028799336993680716,-0.12866466383507716,0.08960944784004972,0.026936026972164916,0.11457577955039884,0.06474671086708796,-0.0312856106909769,0.1004868952657205,-0.055787210917159,-0.10965786955582693,0.17186366932559824,0.13011499015849995,0.0618460582202424,0.0016575157981974515,0.07728167409095617,0.28146690148140474,0.4702165130011395,0.7523049829068682,0.4520473441727452,0.11913394799544183,-0.01745616534733759,0.010515138176586145,0.06308919506889049,0.22013881694809903,0.11416140060084948,0.07914637936392831,-0.17725059566973997,0.05873821609862218,0.11463054573785782,-0.0926136952242826,0.16295452191028695,-0.06557546876618667,-0.04060913705583756,0.10074849139635493,-0.0954107531337408,-0.12628198487516834,0.005335267153637305,-0.005335267153637305,-0.11840878483373043,-0.07956075831347767,-0.031027427427463544,-0.0032114368590075624,-0.10478879079425502,0.025484305397285814,-0.0034186263337822437,-0.1946545115508132,-0.05656272661348803,-0.054026054769356395,-0.09219931627473324,-0.042888221278359055,-0.05366207396664249,-0.07013363721122966,-0.21547705376566867,0.052004558168445035,0.06277841085672847,0.042681031803584374
0.13457653457653457,0.24143378837964538,0.3059749813255879,0.007614410403734794,0.009479163971996376,0.15337598098951513,0.09639739973707791,0.1659112688650513,0.22962368244732206,0.17979332320655422,0.06412846412846412,0.3478283391910146,0.24350573678882495,1.0,0.3037994354959494,0.005438864574096282,0.2035171324916599,0.10209525786232163,0.34565279336137605,0.09111393129367008,0.2221186221186221,0.06532155717179768,0.24775323102764296,-0.11240611240611238,-0.028023102234153222,-0.01590220404045294,0.10670810670810668,0.03164901195021741,0.10054129655543698,0.0884203983617367,0.046155041586099704,0.03164901195021741,0.03600196846502727,-0.021238021238021234,0.015747215747215743,0.06480018649708999,-0.024811582199924943,0.13493564014781728,0.003574111005834699,0.09577581521432404,-0.03284123284123283,0.015125615125615124,-0.009479163971996376,0.06707932974718747,0.08593406027072124,-0.01548781435861703,0.027815907393235268,0.13245616311521544,0.12695863877247604,0.14374142088683028,-0.07422755175885687,0.2981015773707057,0.031287231287231286,-0.07417767417767417,0.20061640471880857,0.2848411075519567,0.14208386215948665,0.154101162932728,0.22931289018594514,0.2909533553590363,0.2739633784037641,0.2722022222559615,0.36933436933436925,0.4324674317059986,0.26500906500906496,0.3668479668479668,0.10758592114664739,0.2349071508907299,0.007510812983275816,0.08645204737301612,0.07681748727033129,0.029473466120578898,0.19756539756539754,0.006164046517309119,0.08987076224816236,-0.08386211186154172,0.11473414315831679,0.11914011914011913,0.013519463369896472,-0.12695863877247604,0.007770007770007768,-0.10007770007770006,0.047706612121358814,-0.04273393593932793,0.006630406630406629,0.054336847030733326,0.018855218855218854,0.03351376551847899,-0.02004610085881201,-0.19305379302530323,0.03807205201867397,-0.028282828282828278,-0.01227629432438875,0.00740721556281684,-0.09660459457799585,0.1307917433294582,-0.056615990280830815,0.1847659993885851,0.10520318047609094,0.0973297765212087
0.1415658750571918,0.10504506371076348,0.1693773956283021,0.11799440588418107,-0.08401533202113332,0.009737905314410027,0.13477675334093028,0.08442971097068269,0.07914637936392831,0.20242411685486375,0.10634275210113966,0.1773541904071273,-0.06091370558375634,0.3037994354959494,1.0,0.017611105355847922,0.13519113229047963,0.12503884802652027,0.23174142753548116,0.11726924272246968,0.36440392646445086,-0.004247604253302929,0.13446596912876824,0.03796845459821499,-0.016575157981974512,-0.02579508960944784,0.005335267153637305,0.10815290583238371,0.34590282813633066,-0.03874443178286543,0.09251489263901258,0.03843364757070341,-0.0035224035271292586,0.040040403007394525,-0.0017093574375731172,0.08101108463690045,0.1939293483891018,-0.027763389619807313,-0.0992437584170724,0.04920750025898684,-0.04584185855309723,0.008650384608324561,-0.09416761628509271,0.23961462757691906,0.11882316378327981,0.07054801616077903,-0.10732414793328499,0.09241129253527348,0.10494146897337614,0.1506267481611934,-0.10970682689319382,0.14741531130218583,0.01714537308596066,0.0499857553714563,-0.03605096861079456,0.21785973272557752,0.055733968714389306,0.03677613177250595,0.24728063814358225,0.16575157981974514,0.08867709520356365,-0.027866984357194653,0.12281474195411698,0.19403294312648917,0.2931289011886748,0.671673875545776,0.09116336890085983,0.05428364239096654,-0.045063710763493206,0.08235781622293588,0.355744328188128,-0.018232673780171967,0.013001476267601586,0.1010048689526572,0.021340515901792187,0.024448358023412407,0.30239303843364757,0.04894978116686653,0.13135812700714802,-0.09489277944680409,0.0012949677557372097,0.05993110773551807,0.13115093753237334,0.022687247487827616,0.05392245734889742,-0.001035947373873407,0.2562482195052791,0.10908525846886977,0.09054180047653579,-0.011188231637832797,0.09561794260851547,-0.02615834866589164,0.019372215891432714,0.01709313166891122,-0.03801926862115404,0.2699678856314099,0.09354604786076866,0.1646120377084844,0.1223453848544494,0.16357609033461099
0.33881536361108355,0.13809178493732518,0.1854345799233399,0.012016989536931522,-0.07230912669636382,-0.041955868641872986,0.3062260437169792,0.102765979488242,-0.03739770019683,0.02330881591215166,-0.07868224083859288,0.08484408992023205,-0.029938879104941467,0.005438864574096282,0.017611105355847922,1.0,0.28032735937014397,0.22355744328188126,0.1551849166062364,-0.06308919506889049,0.017766957608714516,0.02890442894320774,0.05625194240132601,0.23117764375420669,0.17621464829586655,0.052626126592769086,0.0009841754943602796,-0.02040816326530612,0.1004868952657205,-0.1364342691391277,0.1092981094447461,0.2038744431782865,0.2339290342428784,0.22361503206070138,0.18580197359317488,-0.03470423702475914,-0.08380814254635864,0.12193100590490002,0.03304672122656169,0.0992437584170724,-0.03900442880280476,0.05381885992843844,0.11001761110535584,0.04040194758106288,-0.014710452709002382,0.02175489485134155,-0.09064539521392313,-0.00621600622434575,0.0026934631720708585,-0.08712317414275354,0.23288096964674196,0.1986947063089195,0.4165134289553162,0.042630338518868945,-0.012534963223868227,-0.0491039055215995,0.18367346938775508,-0.11167512690355329,0.08826271625401429,0.1467937428778618,0.1277323111985911,-0.013467315860354292,-0.05651239286037184,-0.022998031699989638,0.09132112613458804,-0.07288078529289017,-0.06661141614006008,0.15881073241479332,0.35263648606650777,0.10981042163058115,0.015435615870713765,0.07800683725266755,0.14477739509142007,0.14233916917020614,0.3162747332435512,0.11012120584274318,0.0837045478089713,-0.025847556404514707,0.3028074173831969,0.14534341655443903,0.2562482195052791,-0.06355701745158227,0.03470423702475914,0.29876722262509064,0.05122892441696402,-0.0440277633896198,-0.11483774057877577,0.003315031596394903,-0.12835387962291514,0.08132186884906246,0.04330260022790842,0.10561757015792683,0.010981042163058116,0.06070651610898165,0.015332021133326428,0.016264373769812494,-0.07085880037294105,-0.12907904278462654,-0.09137055837563451,-0.12617839013778098
0.26754033833530755,0.1303221796332746,0.266342069822853,-0.08007873200041436,-0.04278462654097171,0.070237231948617,0.1600538692634414,0.11488656376256086,-0.006008494768465761,-0.06733657930177146,-0.07350236981564402,0.2287371801512483,0.21112607479540038,0.2035171324916599,0.13519113229047963,0.28032735937014397,1.0,0.2746296488138403,0.4109603232155806,0.12162022169273799,0.3202714253489267,0.10111370124935753,0.3101626437376981,0.06303903034928737,0.11436859007562415,0.02206567906350357,-0.011861904642552842,0.006630063192789806,0.16999896405262613,-0.15083393763596809,0.15115255135534084,-0.09396042681031802,-0.010670810685126871,0.1473673306028945,0.02574395898405573,0.04868952657205013,-0.05283331606754376,-0.09157774785040919,-0.1885424220449601,-0.10577022687247487,-0.14923208417115608,0.10023050429406005,-0.14057805863462133,0.10286957422562933,0.04775717393556407,-0.1434787112814669,-0.17217445353776026,0.11302771317935356,0.0987257847301357,0.08121827411167512,0.005283331606754376,0.2004558168445043,0.1700551656834104,-0.14519178477325595,0.12679995856210505,0.1633689008598363,0.16015746400082873,-0.05873821609862218,0.026623847508546565,0.19019993784315756,0.29731689630166785,0.2742152698642909,0.10913988245353205,0.20998653268413964,0.28494470497241564,0.1704695553652463,0.016160779032425153,0.4765357919817673,0.3409302807417383,0.1378845954625505,0.16885942194136538,-0.14482544286750232,0.35601253540727373,-0.05604475292655133,0.43592665492592975,-0.004143789495493628,0.2157878379778307,0.03765766233683806,0.12224179011706204,-0.11809800062156842,0.16435730755816666,-0.14653855123922266,-0.025069926447736455,0.07717807935356884,-0.006785631040062979,-0.1829483062260437,-0.0267799331886455,0.07075520563555371,0.007458821091888531,-0.16367968507199832,-0.051693773956283016,-0.04470228692804848,-0.20107738526882835,-0.03905521599502745,-0.17207085880037293,0.08681238993059152,-0.10722055319589764,0.10473427949860147,0.054594426603128555,0.01564280534548845
0.21936753782188334,0.32798093856832067,0.44556096550295243,0.11820159535895577,-0.08484408992023205,0.17797575883145136,0.22428260644359266,0.43830933388583854,0.26706723298456436,-0.16471563244587176,-0.21335888743526268,-0.09758624261887495,0.0004143789495493629,0.10209525786232163,0.12503884802652027,0.22355744328188126,0.2746296488138403,1.0,0.2249041748679167,0.34082668600435095,0.3542513792594711,0.20875420903427813,0.4226665285403501,0.04356271530299974,-0.0679581477260955,-0.13705583756345177,0.06500738133800793,-0.12597120066300632,0.22303946959494456,-0.08204703201077385,0.09375809388388173,-0.10162643737698124,-0.038228438279726364,0.3231721531217781,0.20558908090083944,0.2401326012638558,-0.22998031699989638,-0.18108360095307158,-0.23308815912151662,0.019579405366207395,0.015280619517699075,-0.006474838778686049,-0.05935978452294623,0.01709313166891122,0.1579819745156946,-0.06412514244276389,0.01802548430539728,0.14597254616838604,0.1521806692220035,0.03708691598466797,0.09251010048689526,0.39148451258676054,0.18393722002491328,0.06552536844030282,0.21361234849269656,0.31876100694084736,0.4943540868123899,0.2033564694913498,-0.11571532166165957,-0.05759867398736143,-0.039987568631513516,0.03677613177250595,-0.040040403007394525,-0.07489899513104734,0.036621688132248295,0.058169951587715464,0.11540453744949755,0.16243654822335024,0.2822956593805035,0.5112400290065264,0.28219206464311614,0.09509996892157878,0.29489005733647744,0.08277219517248524,0.1270071480368797,-0.07873200041437894,0.2559825960841189,-0.014037450472191354,0.11126074795400392,-0.14006008494768463,0.026883530609104478,-0.046567040496310066,-0.01574640008287579,0.15570289029317308,-0.15275439646676128,-0.035429400186470526,-0.15648390360328443,0.0034186263337822437,0.14088884284678338,-0.11105355847922925,-0.05397285817880451,-0.09587941263478302,-0.18553817466072722,0.05107220553195897,-0.03242515280223764,-0.10255879001346731,-0.29431264891743497,-0.006940847404951828,0.2493525328913291,-0.0034186263337822437
0.25552303756206624,0.07541696881798404,0.27152180669222,-0.21910286957422562,-0.16191857453641353,0.07935356883870298,0.15715321661659587,0.144721848130115,0.15684243240443385,-0.11436859007562415,-0.14912848675069706,0.03335750543872371,-0.019890189578369417,0.34565279336137605,0.23174142753548116,0.1551849166062364,0.4109603232155806,0.2249041748679167,1.0,0.17134569563866153,0.44427753763832195,0.06568246577058676,0.3267378017196726,-0.029577063541037875,-0.0770744846161815,-0.12483165855174556,0.03206340163205331,-0.12638557961255567,0.2234538485444939,-0.13197969543147206,0.11768971784761288,-0.052108152905832386,0.08526288537727587,0.13276009431817876,0.07940742278180571,0.025898684346835177,-0.00580130529369108,0.03770848440899202,-0.08308297938464726,0.048378742359888115,-0.01320867110851954,-0.12830540523844275,-0.10804931109499637,0.1668911219310059,-0.001139542111260748,-0.042163058116647674,-0.05386926344141717,0.15591815612733922,0.07676370040401947,0.12452087433958355,-0.04278462654097171,0.16813425877965396,0.08324052733878785,-0.23635751477715553,0.10027970579094582,0.22200352222107114,0.07852481093960427,0.09727545840671294,-0.04941468973376152,0.08308297938464726,0.05345488449186781,0.06764736351393348,0.005542461994555258,0.3171034911426499,0.3847090208744103,0.2806972107335976,0.0735522635450119,0.38910183362685175,0.08836631099140163,0.0496218792085362,0.2579508960944784,-0.11581891639904691,0.26111729826685104,-0.06453952139231327,0.10359473738734071,-0.19765875893504609,0.1467937428778618,-0.09815855588488051,0.07458821091888532,-0.10173003211436858,-0.02874828417736606,-0.22475460368575015,-0.05117580026934632,-0.05231534238060706,-0.145088187352797,-0.15808556925308193,-0.018906529233763264,-0.1223453848544494,-0.025484305397285814,-0.2210711695845851,0.023101626437376982,-0.08106498150914934,-0.1175800269346317,-0.07324147933284988,-0.20314928001657515,0.13322283228012016,-0.04754998446078939,0.10804931109499637,0.07054801616077903,0.08463690044545737
