0,1,2,3,4,5,6,7,8,9,10,11,12,13,14,15,16,17,18,19,20,21,22,23,24,25,26,27,28,29,30,31,32,33,34,35,36,37,38,39,40,41,42,43,44,45,46,47,48,49,50,51,52,53,54,55,56,57,58,59,60,61,62,63,64,65,66,67,68,69,70,71,72,73,74,75,76,77,78,79,80,81,82,83,84,85,86,87,88,89,90,91,92,93,94,95,96,97,98,99
1.0,0.14635149023638233,0.2881808838643371,0.15313463514902365,0.12538540596094552,0.03576567317574512,-0.11368074887885349,0.0131551901336074,-0.049948612538540604,-0.016855087358684483,0.10873586844809867,-0.13299075025693732,0.16772867420349435,0.10421377183967112,0.08057553956834533,0.07440904419321687,0.039364818387968604,0.07214799588900309,0.1318670025894614,0.027543679342240494,0.02857142857142857,-0.0039054470709146967,-0.10277492291880781,0.04398766700924975,-0.13463514902363824,-0.0012332990750256938,-0.006269592484767845,0.0036998972250770813,0.14636653381870468,-0.07523124357656732,0.3062692702980473,0.09866392600205551,0.07379239465570402,-0.03576567317574512,-0.025693730729701953,0.05457628867888075,0.118191161356629,0.11695786228160329,-0.10113052415210688,0.08078108941418294,-0.08263103802672148,0.0709146968139774,-0.14532374100719425,0.11079136690647481,0.04008634002057221,-0.11778006166495375,-0.09866392600205551,-0.01500513874614594,0.11233876370247958,0.15765673175745118,0.2811921891058582,0.22281603288797533,0.030832476875642344,0.07708119218910586,0.14696813977389517,0.028776978417266185,0.07954779033915725,-0.06721479958890031,-0.08263103802672148,0.004316546762589928,-0.023432682425488183,0.04275436793422405,0.09989722507708121,0.044809866392600206,-0.00945529290853032,0.008427543679342241,0.06844809866392601,0.11017471736896198,0.011716341212744091,0.06629323201106983,-0.015827338129496403,0.05077081192189106,0.11449126413155192,0.09352517985611512,0.07070914696813978,-0.08489208633093526,0.06598150051387461,0.09270298047276464,0.12579650565262077,0.05734840698869476,0.032065775950668035,-0.015827338129496403,-0.07338129496402879,-0.001644398766700925,0.1471736896197328,0.03247687564234327,0.20226104830421376,0.16423432682425487,0.10339157245632066,0.038232271325796506,-0.1354573484069887,0.18581706063720455,0.0421377183967112,-0.021377183967112023,-0.1788283658787256,0.13751284686536486,-0.11449126413155192,0.07852004110996917,0.15745118191161359,0.21973278520041112
0.14635149023638233,1.0,0.3747173689619733,0.49126413155190135,0.2768756423432683,0.1473792394655704,0.10566348087473906,0.5658787255909559,0.036176772867420354,-0.14861253854059608,-0.016032887975334018,-0.08304213771839672,0.128879753340185,-0.048509763617677296,-0.0010277492291880781,0.4696813977389517,0.11768333434523251,0.4012332990750257,0.23403052602977678,0.3257965056526208,-0.10811921891058582,0.2857142857142857,0.09763617677286741,0.010483042137718397,-0.15580678314491267,0.05364850976361768,-0.01963101909165014,0.10709146968139774,-0.07482783470506812,0.10709146968139774,0.07831449126413156,0.0067831449126413155,0.06988694758478932,0.3430626927029805,0.21911613566289825,-0.03751477470393874,0.04152106885919836,-0.03494347379239466,-0.15724563206577596,0.06700924974306269,0.01459403905447071,0.041109969167523124,0.12949640287769784,-0.03864337101747174,-0.03083564616967093,0.11921891058581706,0.2263103802672148,0.027543679342240494,-0.09548281013687422,-0.0748201438848921,0.09105858170606372,0.5560123329907503,0.42240493319630007,0.45303186022610487,0.31449126413155193,0.05323741007194245,0.5870503597122303,0.41767728674203497,0.06515930113052415,-0.04152106885919836,-0.10873586844809867,0.13052415210688592,0.15847893114080164,0.009249743062692703,0.054470709146968145,-0.04234326824254882,0.01644398766700925,0.2,0.3699897225077081,0.389228635078948,-0.028776978417266185,0.3038026721479959,0.06166495375128469,0.15827338129496404,0.023227132579650568,-0.03864337101747174,-0.021788283658787256,0.12785200411099693,-0.07913669064748202,-0.015210688591983558,0.16300102774922917,0.03535457348406989,0.1500513874614594,0.30318602261048305,0.20411099691675233,0.22754367934224048,0.01829393627954779,0.24008221993833503,0.24460431654676262,-0.03227132579650565,-0.04439876670092498,-0.011305241521068859,-0.047276464542651594,0.24028776978417268,0.2509763617677287,-0.03741007194244605,0.004933196300102775,0.0018499486125385406,-0.0709146968139774,-0.06084275436793423
0.2881808838643371,0.3747173689619733,1.0,0.24665981500513876,0.16135662898252826,0.3122302158273381,-0.04193647879075247,0.3512846865364851,0.23062692702980475,0.10298047276464543,0.13895169578622815,0.04275436793422405,0.12805755395683455,0.16937307297019527,0.24398766700924973,0.2744090441932169,0.12302790498798542,0.2725590955806783,0.3896397558976213,0.056937307297019533,0.07029804727646455,0.1603288797533402,0.13340184994861254,0.0894141829393628,-0.023843782117163412,0.19177800616649537,0.10576083060370677,0.13997944501541623,0.00719498410625655,0.24563206577595068,0.21109969167523127,0.11572456320657759,-0.09496402877697843,0.20822199383350465,0.14511819116135663,0.15283416434179978,0.13648509763617678,0.015210688591983558,-0.15971223021582734,0.047687564234326824,-0.09146968139773896,0.12785200411099693,-0.038232271325796506,0.12332990750256938,0.040703052943965624,0.00328879753340185,0.04295991778006167,-0.024665981500513877,0.09815509545825069,0.026721479958890033,0.11408016443987667,0.47132579650565265,0.18725590955806784,0.023021582733812954,0.3247687564234327,0.35292908530318606,0.3403905447070915,0.31613566289825284,0.23494347379239466,0.21418293936279548,0.10503597122302159,0.08036998972250771,0.31264131551901336,0.2193216855087359,0.16423432682425487,0.21212744090441932,-0.06002055498458376,0.22507708119218914,0.2696813977389517,0.22416362638161758,-0.014799588900308325,0.2343268242548818,0.2520041109969168,0.16649537512846865,0.20698869475847895,0.19897225077081193,0.07235354573484071,0.36341212744090445,-0.02076053442959918,-0.04234326824254882,0.16793422404933198,-0.10976361767728675,0.009044193216855088,0.2147995889003083,0.2933196300102775,0.07420349434737925,0.144912641315519,0.31243576567317577,0.27913669064748203,-0.10380267214799589,-0.11264131551901337,-0.0018499486125385406,-0.1410071942446043,0.3077081192189106,0.11120246659815006,0.07975334018499487,-0.009044193216855088,-0.04131551901336074,0.10832476875642344,0.00041109969167523125
0.15313463514902365,0.49126413155190135,0.24665981500513876,1.0,0.4168550873586845,0.3802672147995889,0.16877377003533225,0.36711202466598153,0.2234326824254882,-0.0012332990750256938,-0.01788283658787256,-0.1802672147995889,0.18910585817060638,-0.08735868448098665,0.0867420349434738,0.36546762589928056,0.16413998685531556,0.22055498458376155,0.12487794867201527,0.13895169578622815,0.06104830421377184,0.19671120246659815,0.11593011305241523,0.045632065775950664,-0.1658787255909558,-0.045220966084275435,-0.03422580815455234,0.13566289825282632,0.11080275523635087,0.15210688591983557,0.05097636176772868,-0.0036998972250770813,0.14285714285714285,0.19403905447070918,0.2324768756423433,0.0864381521260616,0.16464542651593014,0.12230215827338131,-0.0041109969167523125,0.13586844809866394,0.06700924974306269,0.07214799588900309,0.11161356628982529,-0.12106885919835561,-0.03597492053128275,0.08571428571428572,0.2261048304213772,0.18602261048304214,0.04039262043465185,0.09188078108941418,0.049331963001027754,0.3547790339157246,0.18047276464542653,0.41130524152106884,0.40431654676258993,0.13648509763617678,0.35909558067831454,0.2554984583761562,-0.03905447070914697,-0.0947584789311408,-0.07523124357656732,0.2458376156217883,0.2692702980472765,-0.09249743062692703,0.05878725590955807,-0.10832476875642344,0.07667009249743063,0.18335046248715314,0.18478931140801647,0.2603422584248681,-0.007194244604316546,0.20698869475847895,0.008838643371017472,0.1683453237410072,0.14635149023638233,-0.005960945529290853,0.20369989722507706,0.17697841726618704,-0.024254881808838648,-0.18191161356628985,0.24131551901336074,0.08530318602261049,0.0972250770811922,0.35806783144912646,0.2853031860226105,0.30421377183967113,0.1669064748201439,0.28838643371017475,0.3077081192189106,0.0801644398766701,-0.046659815005138744,-0.10030832476875642,-0.1260020554984584,0.10236382322713258,0.22857142857142856,-0.06844809866392601,-0.01829393627954779,0.06413155190133607,0.09578622816032889,0.06844809866392601
0.12538540596094552,0.2768756423432683,0.16135662898252826,0.4168550873586845,1.0,0.40678314491264134,-0.10093534846205618,0.06598150051387461,0.11017471736896198,-0.041726618705035974,-0.03535457348406989,-0.31531346351490236,0.02117163412127441,-0.13854059609455294,-0.0421377183967112,0.06927029804727647,-0.15735649334720608,-0.08961973278520041,-0.1522174831137898,0.1079136690647482,-0.17307297019527237,-0.08221993833504625,-0.19095580678314492,-0.1683453237410072,-0.13196300102774922,-0.26495375128468657,-0.07595457124989242,0.21973278520041112,0.03885291417378537,0.0067831449126413155,-0.00472764645426516,0.049948612538540604,0.15292908530318602,-0.12230215827338131,-0.053442959917780065,0.15571201007251287,0.3597122302158273,0.15046248715313465,-0.002261048304213772,-0.1064748201438849,-0.1461459403905447,0.005755395683453238,-0.09414182939362795,0.06988694758478932,-0.12169801688296794,0.2668036998972251,-0.010071942446043166,0.19403905447070918,0.30165990070153487,0.3079136690647482,0.21644398766700929,0.17821171634121274,0.006372045220966085,0.3547790339157246,0.42548818088386436,0.2411099691675231,0.03494347379239466,0.028365878725590956,-0.07420349434737925,-0.00945529290853032,0.01747173689619733,0.023638232271325797,0.05940390544707092,-0.06104830421377184,-0.08982528263103802,-0.16772867420349435,0.04357656731757451,-0.13299075025693732,-0.12291880781089415,-0.03052572078649262,-0.20801644398766703,-0.13895169578622815,-0.10853031860226105,0.03535457348406989,-0.01459403905447071,0.014388489208633093,0.15868448098663926,0.11346351490236382,0.10955806783144913,-0.08098663926002056,-0.039671120246659815,0.0855087358684481,0.020966084275436794,0.010483042137718397,0.05611510791366906,0.019116135662898253,0.3035971223021583,0.2392600205549846,0.2544707091469682,0.027749229188078112,0.04357656731757451,0.008427543679342241,-0.06618705035971223,0.13504624871531348,-0.008016443987667009,0.17142857142857143,0.17800616649537512,0.056937307297019533,0.28838643371017475,0.2544707091469682
0.03576567317574512,0.1473792394655704,0.3122302158273381,0.3802672147995889,0.40678314491264134,1.0,0.020557097446447285,0.12353545734840699,0.44316546762589926,0.36197327852004113,0.05673175745118191,-0.05097636176772868,0.08776978417266187,0.023432682425488183,0.1983556012332991,0.10873586844809867,-0.05560409072556401,-0.02548818088386434,0.034842489382562285,-0.014182939362795478,0.16649537512846865,-0.06824254881808839,0.07954779033915725,-0.00020554984583761563,0.011099691675231244,-0.00472764645426516,-0.02250886482236325,0.18561151079136692,0.09908520969187591,0.21891058581706063,0.0302158273381295,0.015416238437821172,0.03247687564234327,-0.04912641315519013,0.036176772867420354,0.28685955122929596,0.27461459403905447,0.11634121274409044,0.03843782117163413,0.04604316546762591,-0.06433710174717369,0.06824254881808839,-0.10071942446043167,0.06824254881808839,-0.09045122876436806,0.06988694758478932,-0.0018499486125385406,0.18335046248715314,0.33783853274478537,0.24748201438848924,-0.02487153134635149,0.15971223021582734,-0.054470709146968145,0.10277492291880781,0.565262076053443,0.4992805755395684,0.06865364850976362,0.09373072970195273,0.2324768756423433,0.22363823227132582,0.22754367934224048,0.11736896197327853,0.31181911613566293,0.09558067831449128,0.21891058581706063,0.06824254881808839,0.06783144912641316,0.04090441932168551,0.02219938335046249,0.028264556283789464,0.009044193216855088,-0.02219938335046249,0.10770811921891059,0.14306269270298047,0.2838643371017472,0.23350462487153137,0.2647482014388489,0.31366906474820144,0.03186022610483042,-0.19527235354573483,0.2,0.04439876670092498,-0.0024665981500513875,0.189311408016444,0.20205549845837614,0.09640287769784174,0.24152106885919836,0.28859198355601234,0.38602261048304215,0.07831449126413156,-0.07934224049331963,-0.1276464542651593,-0.1644398766700925,0.14779033915724563,0.1276464542651593,0.14224049331963,0.09249743062692703,0.029804727646454265,0.37389516957862284,0.13196300102774922
-0.11368074887885349,0.10566348087473906,-0.04193647879075247,0.16877377003533225,-0.10093534846205618,0.020557097446447285,1.0,0.24216260791914904,0.0984684967684825,0.04173090781628799,-0.14451639504852443,0.025285229859130166,0.06804399254774052,-0.0705108442413142,0.031041217144135404,0.4111419489289457,0.2278871360361913,0.32994141401547894,0.20506758520171475,0.21029910687715572,0.306917464875458,0.16671806029068748,0.4216260686266339,0.2894439320459778,0.15438380182281913,0.15911193423550202,0.05807678478143802,-0.2553191502848753,0.033100328947368425,0.05221502751397611,-0.06681056670095369,0.02281837816555649,0.22222222339609515,0.36180491505747225,0.44732244043469294,-0.08644703717024667,-0.2119436746728715,-0.05817658577344582,0.2871826513268686,0.42059821375431145,0.5147497200590401,0.16096207300568224,0.4010689711801866,-0.2090656810303689,0.1786595394736842,-0.16589577639282962,0.37228903475516034,0.08161167686239573,-0.2696201884632069,-0.17494089926926643,-0.2943776354331251,0.15582279864407042,0.30218933246277513,0.025696371808059105,-0.048309178999151124,-0.1356768431465521,0.24730188228076086,0.042553191714145885,0.11429746180224691,0.05550416310540768,0.021173810369840708,0.19508685476678472,0.028574365450561728,-0.09004008681543911,0.10216877430884301,-0.0287799364250262,0.4191592169330602,0.19015315137963743,0.2832768028120436,0.38289561647939224,0.27834309942489627,0.3593380633638986,0.1720629056267638,0.3007503356415238,0.106074622823668,0.07009970229238525,0.047281324126828755,-0.10278548723223642,-0.15438380182281913,-0.021790523293234124,0.3875012868655313,0.2711481153186397,0.3998355453333997,0.5425018016117439,0.18850858358392164,0.4462945855623706,-0.1878918706605282,-0.09517936117705095,0.05159831459058269,0.33775311104512895,0.10319662918116539,-0.1796690316819493,-0.02939664934841962,0.031657930067528824,0.39222941927821425,-0.26847569265060156,-0.09970192261526935,0.22818378165556485,-0.24134032402129116,-0.09785178384508908
0.0131551901336074,0.5658787255909559,0.3512846865364851,0.36711202466598153,0.06598150051387461,0.12353545734840699,0.24216260791914904,1.0,0.1434737923946557,-0.09393627954779034,-0.06002055498458376,0.034121274409044194,0.14902363823227133,-0.03741007194244605,0.01829393627954779,0.5510791366906475,0.21923017655753793,0.5923946557040083,0.35119995935166765,0.2785200411099692,0.021788283658787256,0.4065775950668037,0.3114080164439877,0.06433710174717369,-0.14141829393627955,0.17327852004111,0.011614163127520763,0.047482014388489216,-0.040497481969501155,0.20164439876670093,0.03473792394655704,-0.05405960945529291,-0.05179856115107914,0.5436793422404934,0.3625899280575539,-0.008325196578134351,-0.06413155190133607,-0.2158273381294964,-0.0947584789311408,0.07523124357656732,0.118191161356629,0.07564234326824255,0.22816032887975335,-0.06988694758478932,0.07893925419435757,0.047276464542651594,0.3216855087358685,-0.005755395683453238,-0.15386196638848304,-0.19856115107913672,-0.11079136690647481,0.4721479958890031,0.42117163412127445,0.23227132579650567,0.20472764645426517,0.0018499486125385406,0.7366906474820145,0.5307297019527235,0.043782117163412126,-0.04974306269270298,-0.14984583761562179,0.22959917780061667,0.1736896197327852,0.006372045220966085,0.05323741007194245,-0.0036998972250770813,0.03247687564234327,0.2641315519013361,0.4468653648509764,0.525720746878484,0.045220966084275435,0.46207605344295993,0.10359712230215828,0.07564234326824255,0.013360739979445016,0.017677286742034944,0.0012332990750256938,0.10565262076053443,-0.21233299075025697,-0.16608427543679344,0.20616649537512846,0.0036998972250770813,0.19856115107913672,0.38951695786228163,0.21849948612538542,0.28633093525179854,-0.10298047276464543,0.20719424460431657,0.2750256937307297,-0.07050359712230216,-0.034121274409044194,-0.13751284686536486,-0.11634121274409044,0.2119218910585817,0.35046248715313466,-0.13648509763617678,-0.060431654676259,-0.008427543679342241,-0.14573484069886947,-0.18910585817060638
-0.049948612538540604,0.036176772867420354,0.23062692702980475,0.2234326824254882,0.11017471736896198,0.44316546762589926,0.0984684967684825,0.1434737923946557,1.0,0.3223021582733813,0.14696813977389517,0.2119218910585817,0.10729701952723536,0.19383350462487153,0.3864337101747174,0.03658787255909558,0.10206074323564705,0.009660842754367936,0.1193278176199257,-0.040698869475847894,0.3512846865364851,-0.012127440904419324,0.22528263103802673,0.25282631038026726,0.05364850976361768,0.1948612538540596,0.11994449884793566,0.1183967112024666,0.13958269166137707,0.23473792394655707,-0.09085303186022611,0.036176772867420354,-0.13915724563206577,0.03535457348406989,0.0709146968139774,0.3734004835600259,0.16628982528263106,0.11695786228160329,0.11921891058581706,0.1736896197327852,0.11593011305241523,0.19054470709146967,0.05323741007194245,-0.010483042137718397,0.09661835799830225,-0.012538540596094553,0.055498458376156225,0.05775950668036999,0.21779125369218139,0.12394655704008223,-0.07646454265159301,0.10277492291880781,-0.05878725590955807,-0.0018499486125385406,0.27317574511819115,0.45179856115107914,0.08489208633093526,0.31264131551901336,0.2404933196300103,0.15601233299075026,0.1418293936279548,0.09660842754367935,0.29763617677286747,0.16402877697841728,0.2622816032887975,0.23371017471736896,0.019938335046248718,0.120863309352518,0.13216855087358687,0.06094866136831692,0.20452209660842754,0.10174717368961973,0.23329907502569375,0.14080164439876672,0.3366906474820144,0.2785200411099692,0.34758478931140807,0.34799588900308326,0.039876670092497436,-0.19218910585817062,0.2499486125385406,0.05159301130524152,0.048304213771839674,0.2211716341212744,0.26104830421377184,0.0789311408016444,0.1923946557040082,0.25673175745118193,0.44624871531346355,0.08221993833504625,-0.03720452209660843,-0.08263103802672148,-0.09763617677286741,0.071120246659815,0.14552929085303187,0.046248715313463515,0.0565262076053443,0.06906474820143885,0.2355601233299075,0.05077081192189106
-0.016855087358684483,-0.14861253854059608,0.10298047276464543,-0.0012332990750256938,-0.041726618705035974,0.36197327852004113,0.04173090781628799,-0.09393627954779034,0.3223021582733813,1.0,0.18992805755395686,0.29763617677286747,0.06927029804727647,0.17019527235354576,0.24522096608427543,-0.08653648509763619,-0.10041625996095384,-0.06906474820143885,0.08911043744743806,-0.08242548818088387,0.378622816032888,-0.13114080164439876,0.11079136690647481,0.05817060637204522,0.1685508735868448,0.1527235354573484,-0.0052417904380845926,-0.03843782117163413,-0.023435091088949908,0.0709146968139774,-0.10421377183967112,-0.052826310380267215,-0.07810894141829394,-0.09763617677286741,-0.11428571428571428,0.14975075820175002,0.04974306269270298,0.014388489208633093,0.043782117163412126,0.15457348406988697,-0.054881808838643374,0.10441932168550874,-0.11099691675231245,0.10441932168550874,0.06105457941594844,-0.2117163412127441,-0.18478931140801647,0.03494347379239466,0.265686829067621,0.13854059609455294,-0.08448098663926003,-0.02076053442959918,-0.16505652620760536,-0.1105858170606372,0.20061664953751285,0.32538540596094556,-0.11223021582733812,-0.07605344295991778,0.38910585817060633,0.47194244604316543,0.3821171634121275,0.06310380267214799,0.1736896197327852,0.16752312435765676,0.38622816032887974,0.16608427543679344,-0.015621788283658787,0.05899280575539568,0.05632065775950668,-0.03422580815455234,0.2811921891058582,-0.12127440904419322,0.19280575539568348,0.10811921891058582,0.31757451181911617,0.24871531346351491,0.13607399794450153,0.1590955806783145,0.07009249743062693,-0.16813977389516957,0.16505652620760536,-0.009044193216855088,-0.02589928057553957,0.05159301130524152,0.010894141829393628,-0.016238437821171636,0.10832476875642344,0.06413155190133607,0.11551901336073998,0.0367934224049332,-0.07070914696813978,-0.03802672147995889,-0.04974306269270298,-0.0487153134635149,0.011716341212744091,0.18622816032887976,-0.054265159301130524,0.039671120246659815,0.2846865364850976,0.07728674203494348
0.10873586844809867,-0.016032887975334018,0.13895169578622815,-0.01788283658787256,-0.03535457348406989,0.05673175745118191,-0.14451639504852443,-0.06002055498458376,0.14696813977389517,0.18992805755395686,1.0,0.3878725590955807,-0.04809866392600205,0.14532374100719425,0.14758478931140803,-0.13237410071942446,-0.0077085153501244,-0.026104830421377186,-0.023947787687719803,-0.25035971223021586,-0.044604316546762585,0.1194244604316547,0.014388489208633093,0.15991778006166496,-0.16505652620760536,0.20184994861253855,-0.06012641973097032,0.045632065775950664,-0.09579607410044436,-0.06084275436793423,0.15621788283658788,0.11798561151079136,-0.22548818088386435,-0.06742034943473793,0.013771839671120247,0.3041266256135747,0.26495375128468657,0.02117163412127441,0.06166495375128469,0.05817060637204522,-0.01932168550873587,0.18232271325796506,0.14820143884892087,0.2501541623843782,0.170418337831048,-0.027338129496402876,-0.026721479958890033,-0.1658787255909558,0.10966647838110313,0.10668036998972251,0.13566289825282632,0.10030832476875642,-0.03576567317574512,-0.06721479958890031,0.07749229188078109,0.15662898252826313,-0.04254881808838644,0.007605344295991779,0.08098663926002056,0.2526207605344296,0.01644398766700925,-0.12415210688591984,-0.09701952723535459,0.05467625899280575,-0.046454265159301136,0.12641315519013363,-0.07461459403905447,0.02219938335046249,-0.039671120246659815,-0.09424944768085433,-0.017060637204522097,0.039260020554984586,0.10750256937307298,-0.0010277492291880781,0.18458376156217884,0.06639260020554985,0.008838643371017472,0.11079136690647481,0.1747173689619733,0.0750256937307297,-0.03658787255909558,-0.08982528263103802,-0.11161356628982529,-0.07810894141829394,0.038232271325796506,-0.16361767728674204,0.36711202466598153,0.12147995889003083,0.14984583761562179,0.011510791366906477,0.02487153134635149,0.1775950668036999,0.1658787255909558,0.1052415210688592,-0.011099691675231244,0.20411099691675233,-0.1671120246659815,-0.20637204522096608,0.14511819116135663,0.17821171634121274
-0.13299075025693732,-0.08304213771839672,0.04275436793422405,-0.1802672147995889,-0.31531346351490236,-0.05097636176772868,0.025285229859130166,0.034121274409044194,0.2119218910585817,0.29763617677286747,0.3878725590955807,1.0,0.033710174717368965,0.23658787255909558,0.2010277492291881,-0.10277492291880781,0.0905493603127946,0.07667009249743063,0.15406752679781968,-0.07194244604316546,0.17903391572456323,0.10668036998972251,0.1459403905447071,0.25241521068859196,-0.06351490236382322,0.3420349434737924,-0.034636928973225636,0.013566289825282631,-0.07030527326684972,0.07605344295991778,0.010277492291880781,0.0591983556012333,-0.25755395683453236,0.07564234326824255,0.008838643371017472,0.24821419427400568,0.015827338129496403,-0.15066803699897224,-0.0008221993833504625,0.12147995889003083,0.07810894141829394,0.07050359712230216,0.1527235354573484,0.13997944501541623,0.15088909525692307,-0.2135662898252826,-0.005344295991778006,-0.21109969167523127,0.037103653885265445,-0.07667009249743063,-0.013977389516957863,-0.005344295991778006,0.017266187050359712,-0.12929085303186025,-0.024460431654676262,0.09414182939362795,0.023638232271325797,0.07913669064748202,0.2158273381294964,0.26248715313463516,0.16238437821171636,-0.011510791366906477,-0.012332990750256938,0.18335046248715314,0.16402877697841728,0.24234326824254881,-0.12394655704008223,0.16073997944501542,0.1695786228160329,0.025797831371749656,0.27482014388489207,0.11531346351490238,0.17985611510791366,-0.027749229188078112,0.2696813977389517,0.07461459403905447,0.00020554984583761563,0.11613566289825283,-0.0961973278520041,0.04254881808838644,0.0974306269270298,-0.17286742034943473,-0.0565262076053443,-0.027954779033915727,-0.06700924974306269,-0.131551901336074,0.07934224049331963,0.04090441932168551,0.09928057553956836,-0.05755395683453237,0.0881808838643371,0.07153134635149024,0.1313463514902364,-0.030421377183967115,0.05673175745118191,0.02528263103802672,-0.22672147995889005,-0.1763617677286742,0.02918807810894142,-0.046659815005138744
0.16772867420349435,0.128879753340185,0.12805755395683455,0.18910585817060638,0.02117163412127441,0.08776978417266187,0.06804399254774052,0.14902363823227133,0.10729701952723536,0.06927029804727647,-0.04809866392600205,0.033710174717368965,1.0,0.1936279547790339,0.22384378211716344,0.0881808838643371,0.28172054099587973,0.17307297019527237,0.29816537374281177,0.00472764645426516,0.191983556012333,0.1171634121274409,0.09928057553956836,0.12065775950668037,-0.040698869475847894,0.21274409044193218,0.07431008797519921,0.033504624871531344,0.08099496393900231,0.2723535457348407,0.06598150051387461,0.046659815005138744,0.1196300102774923,0.14532374100719425,0.053854059609455295,-0.04717611394276133,-0.07399794450154162,-0.036176772867420354,-0.05035971223021583,0.13525179856115108,0.004316546762589928,0.08139773895169579,-0.04234326824254882,-0.024665981500513877,-0.04460890145879061,-0.09825282631038026,0.046659815005138744,0.001644398766700925,-0.0023639447073714828,0.017677286742034944,0.13422404933196302,0.13627954779033916,0.10626927029804728,0.030421377183967115,0.1800616649537513,0.10750256937307298,0.14306269270298047,0.05303186022610483,0.07543679342240493,-0.05056526207605344,0.06392600205549846,0.5551901336073999,0.40842754367934225,0.07379239465570402,0.14820143884892087,0.13319630010277492,0.0036998972250770813,0.2805755395683453,0.25488180883864336,0.16681227217669203,0.033710174717368965,0.18335046248715314,0.27009249743062697,0.21336073997944502,0.13874614594039056,-0.10195272353545735,0.1052415210688592,0.24419321685508735,-0.017060637204522097,-0.06289825282631038,0.23329907502569375,-0.10154162384378213,0.028776978417266185,0.15601233299075026,0.2,0.10832476875642344,-0.028982528263103807,0.19938335046248715,0.06742034943473793,0.03761562178828366,-0.0879753340184995,0.13340184994861254,0.11551901336073998,-0.03761562178828366,0.05159301130524152,-0.005344295991778006,-0.011510791366906477,0.06680369989722508,0.015827338129496403,-0.020554984583761562
0.10421377183967112,-0.048509763617677296,0.16937307297019527,-0.08735868448098665,-0.13854059609455294,0.023432682425488183,-0.0705108442413142,-0.03741007194244605,0.19383350462487153,0.17019527235354576,0.14532374100719425,0.23658787255909558,0.1936279547790339,1.0,0.6302158273381295,-0.023021582733812954,0.1481062749270568,-0.039671120246659815,0.31625468976443705,-0.16772867420349435,0.2735868448098664,-0.012127440904419324,0.055909558067831454,0.20226104830421376,0.13299075025693732,0.351901336073998,0.09609949136488419,0.13484069886947586,0.03433035273556697,0.2865364850976362,0.008221993833504625,0.11921891058581706,-0.15354573484069886,-0.060431654676259,-0.13299075025693732,0.13371704627349126,-0.0487153134635149,0.1605344295991778,0.0073997944501541625,0.1724563206577595,-0.12374100719424462,0.1934224049331963,-0.03473792394655704,0.1815005138746146,0.056120876028801094,-0.11325796505652622,-0.1907502569373073,-0.2945529290853032,0.054987409497554054,-0.008838643371017472,0.21089414182939364,0.020554984583761562,-0.08633093525179857,-0.08036998972250771,0.03186022610483042,0.16197327852004112,-0.0367934224049332,0.03227132579650565,0.2343268242548818,0.10174717368961973,0.23186022610483045,0.0645426515930113,0.32641315519013364,0.5229188078108942,0.28735868448098667,0.6501541623843782,-0.17327852004111,0.22240493319630011,0.10709146968139774,-0.0852047896700417,0.09434737923946558,-0.010071942446043166,0.49105858170606376,0.20411099691675233,0.2104830421377184,0.1802672147995889,0.07132579650565263,0.35991778006166497,0.2343268242548818,0.10873586844809867,0.06166495375128469,-0.18314491264131552,-0.05817060637204522,-0.04357656731757451,0.08879753340184995,-0.1484069886947585,0.046865364850976365,0.19301130524152108,0.11202466598150052,-0.09907502569373072,-0.03432682425488181,0.31366906474820144,0.20287769784172663,0.1656731757451182,-0.018499486125385406,0.1987667009249743,-0.012538540596094553,-0.17553956834532375,0.14470709146968141,-0.026104830421377186
0.08057553956834533,-0.0010277492291880781,0.24398766700924973,0.0867420349434738,-0.0421377183967112,0.1983556012332991,0.031041217144135404,0.01829393627954779,0.3864337101747174,0.24522096608427543,0.14758478931140803,0.2010277492291881,0.22384378211716344,0.6302158273381295,1.0,0.05035971223021583,0.2247803076096275,0.009044193216855088,0.33578292865141884,-0.15765673175745118,0.40452209660842753,0.07975334018499487,0.18643371017471738,0.2801644398766701,0.15416238437821173,0.3710174717368962,0.23279716357375688,0.18972250770811921,0.1500668113590652,0.42651593011305244,0.0067831449126413155,0.06104830421377184,-0.12415210688591984,0.017060637204522097,0.01932168550873587,0.26219230210889793,0.020966084275436794,0.2104830421377184,0.06022610483042138,0.20678314491264133,-0.01829393627954779,0.2820143884892086,0.041109969167523124,0.12702980472764644,0.12437043955100609,-0.07769784172661871,-0.08859198355601235,-0.1685508735868448,0.058070815637603815,0.03535457348406989,0.08406988694758478,0.10421377183967112,-0.06803699897225077,-0.1327852004110997,0.17677286742034942,0.3233299075025694,0.04604316546762591,0.1459403905447071,0.30935251798561153,0.10606372045220966,0.2,0.12271325796505653,0.4145940390544708,0.3969167523124358,0.3044193216855087,0.6051387461459404,-0.06988694758478932,0.18725590955806784,0.13977389516957864,0.00154170307002488,0.14676258992805757,0.11469681397738953,0.5130524152106886,0.2540596094552929,0.3570400822199383,0.27009249743062697,0.27132579650565264,0.5126413155190134,0.1724563206577595,0.00041109969167523125,0.25220966084275437,-0.07523124357656732,0.028776978417266185,0.1354573484069887,0.29619732785200414,-0.015416238437821172,0.10256937307297019,0.2881808838643371,0.2750256937307297,0.06885919835560124,-0.05878725590955807,0.16546762589928057,0.09948612538540597,0.24028776978417268,0.15313463514902365,0.13771839671120248,0.08591983556012334,-0.052415210688591986,0.16546762589928057,-0.002877697841726619
0.07440904419321687,0.4696813977389517,0.2744090441932169,0.36546762589928056,0.06927029804727647,0.10873586844809867,0.4111419489289457,0.5510791366906475,0.03658787255909558,-0.08653648509763619,-0.13237410071942446,-0.10277492291880781,0.0881808838643371,-0.023021582733812954,0.05035971223021583,1.0,0.22539698883763742,0.6137718396711203,0.4017678200484837,0.3212744090441932,0.13566289825282632,0.4189105858170607,0.36649537512846864,0.16875642343268246,-0.0263103802672148,0.1708119218910586,0.13125032136145143,-0.03802672147995889,0.024462945961272273,0.14573484069886947,0.04912641315519013,0.0355601233299075,0.07646454265159301,0.6065775950668038,0.47564234326824256,-0.09877177668626064,-0.15868448098663926,-0.14141829393627955,-0.07831449126413156,0.1512846865364851,0.1963001027749229,0.15991778006166496,0.2890030832476876,-0.11510791366906474,0.13958269166137707,-0.044809866392600206,0.3533401849948613,0.049331963001027754,-0.23649725094181656,-0.29023638232271326,-0.1658787255909558,0.4182939362795478,0.4848920863309353,0.1722507708119219,0.10688591983556013,-0.10215827338129498,0.5677286742034944,0.2836587872559096,0.06392600205549846,-0.05755395683453237,-0.14779033915724563,0.144912641315519,0.13381294964028778,-0.03432682425488181,0.06351490236382322,-0.011099691675231244,0.16937307297019527,0.178622816032888,0.4115107913669065,0.5803998157620331,0.13854059609455294,0.48180883864337104,0.11428571428571428,0.17019527235354576,0.011305241521068859,0.07687564234326826,-0.02219938335046249,0.06700924974306269,-0.14532374100719425,-0.11140801644398766,0.3077081192189106,0.13442959917780062,0.3424460431654676,0.5350462487153135,0.32661870503597124,0.4298047276464543,-0.13710174717368964,0.12209660842754368,0.14922918807810895,0.08036998972250771,-0.023432682425488183,-0.15847893114080164,-0.0879753340184995,0.21027749229188078,0.37225077081192187,-0.18417266187050363,-0.10688591983556013,0.1079136690647482,-0.22836587872559097,-0.23186022610483045
0.039364818387968604,0.11768333434523251,0.12302790498798542,0.16413998685531556,-0.15735649334720608,-0.05560409072556401,0.2278871360361913,0.21923017655753793,0.10206074323564705,-0.10041625996095384,-0.0077085153501244,0.0905493603127946,0.28172054099587973,0.1481062749270568,0.2247803076096275,0.22539698883763742,1.0,0.30823783380030767,0.41545893719806765,-0.02888123751179942,0.21141888100274522,0.33126059964601257,0.26835911438899746,0.4500745162425966,-0.046353872305414726,0.3218048208165266,0.22448350292938635,0.14296726469364052,0.2609857638231347,0.30577110888826786,0.03874813715995865,0.02333110645970985,0.06752659446708975,0.333932884967389,0.29713757169612853,0.010484119642306507,-0.10925535756242982,-0.04840947639878123,-0.00010278020466832533,0.25458656696344184,0.2564366106474717,0.12755023399339174,0.23505832807646002,-0.1363893315948677,0.14195405271356795,-0.21779125369218136,0.18037925919291095,-0.19559072948382308,-0.27710967211429743,-0.21080219977473524,0.021892183594353295,0.18346266533296074,0.19990749807989278,0.000925021842014928,-0.07287116510984266,-0.03957037879730525,0.22190246187891438,0.13125032136145146,0.017369854588946982,-0.19908525644254615,-0.0414204224813351,0.29816537374281177,0.24204738199390619,-0.002980625935381435,0.059920859321633664,0.12261678416931213,-0.03217020406118583,0.47741405068437115,0.34112749929417174,0.2218110802754651,0.10576083060370677,0.4291073544902583,0.25581992941946174,0.15118968106710656,0.27473148707843364,-0.04676499312408803,0.2385528550351831,0.19744077316785297,-0.14399506674032378,-0.049437278445464486,0.3997122159551172,-0.1298113984960949,0.1635233056273056,0.303921065204238,0.30104321947352486,0.19127396088775342,-0.07821573575259558,0.19682409193984302,0.06588211119239654,0.054370728269544095,0.04470938903072152,0.06300426546168343,0.04923171803612784,0.07040444019780286,0.1740068865034748,-0.28521506795460283,-0.19004059843173354,-0.02990903955848267,-0.22087465983223112,-0.15242304352312647
0.07214799588900309,0.4012332990750257,0.2725590955806783,0.22055498458376155,-0.08961973278520041,-0.02548818088386434,0.32994141401547894,0.5923946557040083,0.009660842754367936,-0.06906474820143885,-0.026104830421377186,0.07667009249743063,0.17307297019527237,-0.039671120246659815,0.009044193216855088,0.6137718396711203,0.30823783380030767,1.0,0.45213012033596317,0.32846865364850975,0.10174717368961973,0.5593011305241521,0.45426515930113054,0.23227132579650567,-0.10544707091469682,0.31243576567317577,0.19538516907448644,-0.07728674203494348,-0.0659882828030958,0.14799588900308325,0.0789311408016444,-0.028776978417266185,-0.047893114080164445,0.8073997944501542,0.4931140801644399,-0.10267742446365702,-0.1934224049331963,-0.3282631038026722,-0.12949640287769784,0.13299075025693732,0.22898252826310384,0.1736896197327852,0.3003083247687564,-0.07954779033915725,0.2415458949957556,-0.0881808838643371,0.41808838643371016,-0.0433710174717369,-0.26342566456491784,-0.33155190133607404,-0.11099691675231245,0.46084275436793426,0.5348406988694758,0.10174717368961973,0.026104830421377186,-0.15704008221993834,0.5835560123329908,0.30400822199383354,0.05755395683453237,-0.04542651593011306,-0.1771839671120247,0.1788283658787256,0.046865364850976365,-0.10236382322713258,0.018499486125385406,-0.015827338129496403,0.08448098663926003,0.22528263103802673,0.5095580678314491,0.668174110548783,0.14943473792394654,0.5991778006166495,0.15971223021582734,0.04953751284686536,-0.006166495375128469,-0.054881808838643374,-0.08653648509763619,0.06433710174717369,-0.25488180883864336,-0.13175745118191162,0.2692702980472765,0.03062692702980473,0.29784172661870506,0.47194244604316543,0.3025693730729702,0.3371017471736896,-0.17553956834532375,0.08406988694758478,0.10051387461459405,0.00041109969167523125,-0.06803699897225077,-0.10811921891058582,-0.06639260020554985,0.1496402877697842,0.32805755395683456,-0.21109969167523127,-0.16382322713257966,0.0855087358684481,-0.318191161356629,-0.2563206577595067
0.1318670025894614,0.23403052602977678,0.3896397558976213,0.12487794867201527,-0.1522174831137898,0.034842489382562285,0.20506758520171475,0.35119995935166765,0.1193278176199257,0.08911043744743806,-0.023947787687719803,0.15406752679781968,0.29816537374281177,0.31625468976443705,0.33578292865141884,0.4017678200484837,0.41545893719806765,0.45213012033596317,1.0,0.09178272276881452,0.3207770187698434,0.3374274119261121,0.286859551229296,0.2547921273727785,0.10617195142238008,0.4467855496932102,0.22139993832870797,0.10514414937569681,0.08171866177211189,0.37072819823864944,0.10925535756242982,0.04265378493735501,-0.07348784633785262,0.4293129148995949,0.2276581533403406,-0.08140610545790934,-0.2726758829850671,-0.14050053978160074,-0.21429672673345831,0.17482912814082138,0.027442314646442863,0.20545762913198234,0.16146770153393908,-0.012641965174204016,0.13208613883919973,-0.24430854649660932,0.06629323201106983,-0.2796649369025132,-0.2277726385034433,-0.33002723718999266,-0.05252068458551424,0.34092193888483513,0.2722647621663938,-0.021481062775679995,0.10103294118896379,0.07431008797519921,0.4015622596391471,0.24492522772461928,0.2422529424032428,0.059098617684287064,0.08787707499141817,0.28007605772118654,0.3542833654917174,0.2510920400047188,0.2523254024607387,0.2845983867265928,-0.07389896715652591,0.40526234700720676,0.5187316929610379,0.395724123753726,0.22868595538702385,0.42335166302883204,0.3943676453123643,0.213885605914785,0.2313582407084003,0.2077187936346855,0.021892183594353295,0.3359884890607555,-0.12035561966660896,-0.009969679852827557,0.4159514882927126,-0.18510714860765393,0.14666735206170023,0.3608612985904902,0.34606094911825136,0.1772958530528612,-0.2048409479039724,0.2788426952651666,0.0560152115442373,-0.03545917061057224,-0.0827380647580019,0.032992445698532435,0.022097744003689943,0.1951796086651498,0.26609794988629426,-0.14111722100961066,-0.17256796363811824,-0.07903797738994219,-0.19291844416244663,-0.28953183655067244
