0,1,2,3,4,5,6,7,8,9,10,11,12,13,14,15,16,17,18,19,20,21,22,23,24,25,26,27,28,29,30,31,32,33,34,35,36,37,38,39,40,41,42,43,44,45,46,47,48,49,50,51,52,53,54,55,56,57,58,59,60,61,62,63,64,65,66,67,68,69,70,71,72,73,74,75,76,77,78,79,80,81,82,83,84,85,86,87,88,89,90,91,92,93,94,95,96,97,98,99
1.0,0.17093131668911218,0.26882834352014917,0.27514762250077696,-0.02351600538692634,0.17714700093235264,0.03428985807520978,0.1083600953071584,0.05454404187165127,0.26318924667603055,0.21330156428053454,0.0039366000207189476,-0.01750751061846058,0.06951206878690562,0.14492903760488968,0.22407541696881797,0.04159436431427918,0.04573826113263825,0.11581891639904691,0.06443592665492592,-0.024655547498187092,-0.015384216938158054,-0.024241168548637726,0.059256189785558896,0.17352118512379572,0.10141924790220656,0.16446090497862564,0.20729306951206877,0.12815332832526155,-0.005542461994555258,0.1781357644792106,0.21361234849269656,0.24190624223078877,0.10069930083440115,-0.02196208432611623,0.15855585201246397,0.17973686936703615,0.21097614676470625,0.029524500155392104,-0.003936803942085642,0.09893809907083653,-0.025433166722678802,-0.007614410403734794,0.32497669118408784,0.08028592147518905,0.11639170188566042,-0.002071894747746814,0.1422355744328188,0.21667400488994995,0.21899927483683826,0.4084740495182845,0.2018025484305397,0.10587382160986221,0.16601486628551032,0.14565420076660104,0.1610898166373148,0.09701898425983177,0.13363721122966954,0.29981870022094337,0.23045246181099388,0.09494703585065223,-0.016264373769812494,-0.029369868700119917,0.07728167409095617,0.10918885320625711,-0.009479163971996376,0.19734797472288407,-0.08458729380475455,-0.06826893193825753,0.04040194758106288,0.021444110639179528,-0.025433166722678802,-0.1302737562271633,0.11892675852066714,0.06288200559411582,0.1999948201960547,0.08297938464725992,0.009530715839635344,0.06288200559411582,0.20283849580441313,0.014814047446389724,0.08577644255671811,0.02771230997277629,0.02475914223557443,0.07458821091888532,-0.010204345915209214,0.12410649539003417,0.04641044234952864,0.11685486377292033,0.09826215330533948,0.18098000621568425,0.13317448400001466,0.02258365275044028,-0.020615352740080802,0.07800683725266755,0.18885320625712212,0.084222521495908,0.019683000103594736,0.20138816948099036,0.13249766911840877
0.17093131668911218,1.0,0.5094789184709416,0.5309230291101211,0.5185952553610277,0.36682896508857343,0.36423909665389,0.5905935978452294,0.28390873076782586,0.11836005287438099,-0.1340515901792189,-0.002175489485134155,0.13798819019993783,0.11809800062156842,0.18066922200352223,0.6389723402051175,0.24319494452744803,0.5192820700506211,0.08567284781933077,0.45260540764529156,0.28084533305708065,0.2984123696320827,0.3409302807417383,-0.04568527918781726,-0.11664767429814564,0.1160261058738216,0.24392012647066083,0.21029731689630166,0.0349132349600753,0.354665768941307,-0.016627385983665775,0.16626955350668185,0.28210308248155797,0.524320125023564,0.28581788045167306,0.3499002876001941,-0.024448358023412407,0.027505115131858337,0.0826686004350979,-0.016472416494516237,0.15498575519368737,-0.005335267153637305,0.1959545207981546,-0.0006215684243240443,0.2587796539935771,0.04584185855309723,0.24189371179944055,0.20822542214855486,0.11846365029483996,0.084222521495908,0.3286025069926447,0.6210504506371076,0.5593079871542525,0.6170780349638952,0.5120687869056251,0.18999274836838287,0.5030172750385618,0.5176629027245416,-0.009531209543996817,-0.016005801460911913,-0.06542177101984384,0.11685486377292033,0.18766672716143645,0.18553817466072722,0.23339894333367864,0.2195747326628013,0.11084636900445456,0.32223977633764733,0.41437894954936283,0.5458406712938981,0.4873096446700507,0.2958224341206082,0.3385045713497067,0.10162643737698124,-0.04516730550088056,-0.02346481573395824,0.041437894954936286,0.2147518906039573,0.0546980213405159,0.014814047446389724,0.18626333782243862,0.11405780586346213,0.10396001143058321,0.38868745467730237,0.19589764839946128,0.3168527104737805,-0.014399668496840358,0.07220553195897647,0.4528125971200663,-0.06366061487204124,0.1452398218170517,-0.16052420300118453,-0.08297938464725992,-0.0992437584170724,0.036672537035118614,-0.13570910597741634,-0.05428364239096654,0.14057805863462133,0.20211333264270173,-0.013467315860354292
0.26882834352014917,0.5094789184709416,1.0,0.40733450740702365,0.407438102144411,0.5921475189060394,0.2269760696156635,0.4554024655547498,0.42552640453524715,0.16031700816026656,-0.12068786905625194,-0.05221174764321972,0.052108152905832386,0.049829068683310884,0.0753133740805967,0.4024655547498187,0.1634249307740359,0.33809018166787075,0.03646534756034393,0.24510514865844812,0.12638557961255567,0.2684727151194383,0.25857246451880245,0.027763389619807313,0.0032114368590075624,0.08152905832383714,0.2415373858001044,0.1927898062778411,0.043304843362942054,0.27686410617661544,0.09805495846442153,0.18377706412514241,0.19746179772671665,0.32219632262858805,0.3116129700611209,0.30815052715522645,-0.022480058013052934,0.12809821039752478,0.06909768983735626,0.012639212656169692,0.08049728060527746,0.03537851908674057,0.2406050090159736,0.18098000621568425,0.20377084844089918,0.09380746422560347,0.14876204288822129,0.1892675852066715,0.279143249426713,0.11043199005490521,0.30114990158499944,0.5536102765979488,0.2969025173521185,0.44013364081996287,0.5832383714907282,0.41054594426603125,0.3889565151132284,0.4228737180151248,-0.005698005705650271,0.07640309758849538,-0.03682888297316625,0.03014606857971615,0.19108544203658268,0.14420387444317825,0.1419247902206568,0.1173240786697912,0.05376566870402983,0.19036026009336984,0.2427224696985393,0.3615456334818191,0.25805449083186577,0.21657040746949097,0.18321203808170045,0.07976794778825234,-0.028281363306744016,0.059102328371846265,0.005490521081529058,0.11913394799544183,0.03760488967160468,0.05863462136123484,0.0753133740805967,0.04309541075313374,0.08852399578219566,0.21516626955350665,0.11975551641976587,0.13503923756827624,0.016782347456749197,0.019890189578369417,0.336890085983632,-0.051954106360176854,0.09126696363824717,-0.02968066096149685,-0.06775095825132083,-0.04133430021754895,0.04651403708691598,-0.005904900031078421,-0.009219931627473324,0.09385683207293068,0.3872371283538796,0.03449704754998446
0.27514762250077696,0.5309230291101211,0.40733450740702365,1.0,0.4083704547808971,0.27400808038951624,0.2639593908629441,0.5348596291308402,0.1927430007639263,0.12063919612447846,-0.06485030560447529,-0.01647156324458717,0.06754376877654615,0.09385683207293068,0.13280845333057079,0.49911944473220754,0.09660459457799585,0.3611924064302226,0.11654407956075831,0.2704858593183466,0.11488656376256086,0.18787392200235442,0.20273490106702577,-0.10577022687247487,-0.08080389516212576,0.06443592665492592,0.1902566626729109,0.16761628509271728,0.02465682468990481,0.23014166954961693,0.06003470515597705,0.2862322594012224,0.2017094019800196,0.3770007775065698,0.16419765875893502,0.3133303981781753,0.019683000103594736,0.18310844066124146,0.17134569563866153,-0.02393162396373114,0.10484330498396499,0.0633498226106643,0.16808681469468983,0.10566663213508752,0.22707966435305085,0.08396570928200069,0.15632445871749712,0.1761110535584792,0.1596954236375127,0.16502641665803378,0.4284678338340412,0.47104527090023823,0.41489692323629956,0.6104478000545207,0.38837667046514035,0.17590386408370454,0.3741420839875947,0.32497669118408784,0.044340844400333014,-0.012794281426683634,-0.027194322870481406,0.07044442142339169,0.2552122453006893,0.2114368590075624,0.16626955350668185,0.1592810339556768,0.15974308505127938,0.12602626198834524,0.2254221485548534,0.3800890914741531,0.28633585413860974,0.19201781882071348,0.19926963825284186,0.0865016057184295,-0.10856728478193307,-0.04231954625749201,0.07189474774681445,0.1600538692634414,0.12970061120895057,0.18761006940847402,0.0379156738837667,0.09292447943644462,0.09152832097550599,0.24179011706205325,0.1457577955039884,0.21947113524234232,0.029524500155392104,0.01129182637522014,0.35895576504713556,-0.009789956233373306,0.182119548326945,-0.023361218313499268,0.045478089713042576,-0.019268621154045373,0.05345488449186781,0.05780586346213612,0.04993266342069822,0.13063296384543666,0.26551331192375427,0.0781104319900549
-0.02351600538692634,0.5185952553610277,0.407438102144411,0.4083704547808971,1.0,0.336890085983632,0.2557754066093442,0.5301978659484098,0.3152987491668959,0.0544404444511923,-0.24520874339583548,-0.03646534756034393,0.10577022687247487,-0.003625815808556925,0.004454573707655651,0.3923132704858593,0.11090103860133466,0.38170469568109994,-0.06547187402879934,0.22935874857557234,0.10981042163058115,0.2302452669700759,0.21299078006837252,-0.1717600745882109,-0.15570289029317308,-0.02931731068061742,0.023361218313499268,0.14700093235263648,-0.04144004149563833,0.30545699422329303,-0.07246639561105427,0.14130322179633276,0.1442113444048214,0.35534835582509877,0.15891432715218065,0.24143378837964538,0.008805552677923961,0.08106498150914934,0.09914016367968506,-0.06930846940145512,0.05376845384059074,0.09360026938468553,0.10592836241930377,-0.0618460582202424,0.10949963741841913,-0.038900831382345784,0.11789081114679373,0.14244276390759347,0.09391106164606246,0.024448358023412407,0.15073034289858073,0.4914534341655443,0.3650678545529887,0.5801973532804995,0.4618253392727649,0.1546669429192997,0.4475926550930092,0.4440070444421423,-0.11675731691396102,-0.073605967236103,-0.06739012200856441,0.14389309023101624,0.16187096946715124,0.07831762146482958,0.05676991608826271,0.07049804462233371,-0.022894436962602297,0.21045815966241135,0.3001139542111261,0.4098207811043199,0.2704858593183466,0.19564372853677767,0.25324389431196875,-0.06339997928105252,-0.11115715321661658,-0.13400326336368645,-0.019993784315756758,0.11789081114679373,-0.030353258054490826,-0.059877758209882934,0.027659794882419972,-0.0037294105459442653,-0.06355701745158227,0.1981767326219828,-0.023619600124313685,0.09142472355504702,-0.016160779032425153,-0.05159017921889568,0.2689319382575365,-0.15244360420538436,0.01004868952657205,-0.13493564014781728,-0.07935356883870298,-0.1223453848544494,-0.11861597430850512,-0.09789702683103697,-0.1633689008598363,-0.025277115922511133,0.17652543250802857,-0.06992644773645498
0.17714700093235264,0.36682896508857343,0.5921475189060394,0.27400808038951624,0.336890085983632,1.0,0.18792085362063604,0.3096446700507614,0.50218849567489,0.15648390360328443,-0.14544701129182638,-0.002382678959908836,0.05159017921889568,0.11540453744949755,0.06816533720087019,0.2625090645395214,0.16404651529678974,0.21408406937847552,0.0997617321040091,0.16709831140578058,0.11385061638868745,0.21387687453755758,0.22718325909043818,0.07324147933284988,-0.02154770537656687,0.06049932663420698,0.18321203808170045,0.1705169377395628,0.067029267119195,0.26308564925557154,0.1062391546806807,0.1501087744742567,0.19538979565193473,0.26697746733565,0.28291722780482753,0.23138483859512465,0.009945094789184709,0.14477739509142007,0.09406402154770536,0.03325563330024977,0.12442372459065411,0.03672528555270727,0.274481365506059,0.1386097586242619,0.22335025380710657,0.06593975812213873,0.14741531130218583,0.1340515901792189,0.23905104770908894,0.1132290479643634,0.17901170620532475,0.35626230187506475,0.2282192064643116,0.3047318122800802,0.543354397596602,0.5388998238889464,0.23874025544771202,0.39728581788045164,0.039782439835812804,0.02512237446130187,-0.016834580824583726,0.04558168445042991,0.19305379302530323,0.14264995338236816,0.11550813218688488,0.10043769913497799,0.047653579198176726,0.17699619285416185,0.20221692738008906,0.20895058531026622,0.17818294830622602,0.17772137479737468,0.16052420300118453,0.10991401636796849,0.016989536931523875,0.06500738133800793,-0.021340515901792187,0.15176629027245414,0.013881694809903656,0.08774474256707758,0.10090127421526986,0.11240029006526468,0.11535572768107065,0.18108360095307158,0.09768983735626229,0.1517184222621715,0.016678752719361856,-0.004040194758106288,0.2447943644462861,-0.05361166508752049,0.13902413757381124,-0.00046618839206539553,0.01564280534548845,-0.047446389723402045,0.06878690562519424,-0.0035222210711695844,-0.03397907386304775,0.12172381643012532,0.2953485962913084,0.04309541075313374
0.03428985807520978,0.36423909665389,0.2269760696156635,0.2639593908629441,0.2557754066093442,0.18792085362063604,1.0,0.3248730964467005,0.3017274870867699,0.08179016345236217,-0.054387237128353874,0.1539417797575883,0.08836631099140163,0.18222314306433232,0.2706930487931213,0.4047446389723402,0.3352930513154784,0.40180259525014145,0.2272868538278255,0.5101004868952657,0.3812286335854138,0.20113439182110343,0.4191443074691805,0.15891432715218065,-0.005490521081529058,0.19838392209675748,0.15513713713731775,0.0709623951103284,0.1272209273916097,0.24143378837964538,0.054336847030733326,0.22438620118098,0.07666407676693092,0.31970992013884975,0.13985289547290997,0.4548444745251376,-0.12959701647156324,-0.026261946086350615,0.006112089505853102,0.05853405861258915,0.09655529668483732,-0.018492139551927356,0.11918883223805278,0.05024344763286025,0.18657412203460064,-0.056615990280830815,0.022998031699989638,0.1714492903760489,0.05288648314430765,0.01802548430539728,0.15673883766704652,0.2409613591629545,0.43261162332953484,0.2908497579385773,0.28115611726924267,0.0910597741634725,0.2679547280171435,0.25297834869988606,0.012328412344952406,-0.07153401882692348,-0.033306570677561036,0.11240029006526468,0.18466240196812614,0.16222935874857555,0.24696985393142024,0.26339644151694847,0.2483165855174557,0.37631762981723316,0.30695120687869054,0.346006422873718,0.4671086708795193,0.31270881365542147,0.4545336822637607,0.20325287475396248,0.19216823785351703,0.069151278156367,0.16274733243551226,0.31057702268724746,0.1457577955039884,0.06319278980627784,0.39645705998135294,-0.03169998964052626,0.10219885528278061,0.2918263752201388,0.19268621154045373,0.22744813661768354,-0.07562415829275872,0.1160261058738216,0.3901377810007251,0.03092383000700457,-0.01129182637522014,-0.08759161899806488,-0.03397907386304775,0.005904900031078421,0.15963949031389205,-0.01750751061846058,-0.017921889568009945,0.187299285196312,0.16492282192064642,-0.002175489485134155
0.1083600953071584,0.5905935978452294,0.4554024655547498,0.5348596291308402,0.5301978659484098,0.3096446700507614,0.3248730964467005,1.0,0.37714640918090503,0.0700836549404978,-0.1004868952657205,-0.016678752719361856,0.08909147415311301,0.046824821299078,0.032321558064850306,0.57888739252046,0.1486104996484022,0.5671440783026684,0.019372215891432714,0.2764943540868124,0.08795193204185227,0.3188210614625011,0.27773749093546046,-0.17952967989226146,-0.1394385165233606,0.05614834766393867,0.13804356276158658,0.16948099036568942,-0.02869722873572955,0.2897101863135286,-0.06676853748581053,0.17828654304361338,0.1190365191962211,0.4596736602903682,0.21723816430125348,0.30897930651889827,-0.010981042163058116,0.038900831382345784,-0.015953589557650468,-0.19362859388837012,0.013260813278604266,0.0031597213239987917,0.13099893817037614,-0.024448358023412407,0.1885424220449601,-0.0033669161649167454,0.10245519527607998,0.044338547601781825,0.07951102020226468,-0.019165026416658033,0.31285610690976895,0.5854138609758623,0.5215995027452606,0.5971873302357716,0.4468041023516005,0.18647052729721328,0.7081401675473359,0.5365171449290376,-0.07086247095754156,-0.04760301470089984,-0.06355701745158227,0.13094374805759867,0.2346999560498119,0.1677198798301046,0.0351186159743085,0.08261894281603398,-0.047653579198176726,0.22693014951538867,0.3905521599502745,0.6032321558064849,0.3302600227908422,0.30970448846211107,0.292196524404544,-0.05625194240132601,-0.18170516937739561,-0.04812100180319472,-0.026934631720708584,0.13332642701750752,0.00725163161711385,-0.0009323526364860663,0.04330260022790842,-0.02185848958872889,-0.020149698279270985,0.2558790013467315,0.08111467937428778,0.15741628038741523,-0.04568527918781726,0.01605718429503781,0.4111675126903553,-0.16953717858111553,0.06567906350357401,-0.17896454384288238,-0.15238785869677818,-0.1386097586242619,-0.04475292655133119,-0.11975551641976587,-0.15559929555578575,0.00901274215269864,0.19631202734901065,-0.11934113747021649
0.05454404187165127,0.28390873076782586,0.42552640453524715,0.1927430007639263,0.3152987491668959,0.50218849567489,0.3017274870867699,0.37714640918090503,1.0,0.1041181041181041,-0.06863329105407212,0.09380746422560347,0.09619020489615994,0.11131542828317056,0.046670637916769044,0.2263085649926348,0.188034188034188,0.23890183890183886,0.1348320427273583,0.1588666442738409,0.13918313438663532,0.17466977466977465,0.202999145389365,0.07536712338390561,-0.10758592114664739,0.10416720627150117,0.12141932141932141,0.12374711873824779,0.08500608669224424,0.20688940688940688,0.027039627039627034,0.18590557101363386,0.05972700667651286,0.21046906168835366,0.15192561710308944,0.31784511784511776,0.0015021625966551635,0.06796166796166796,-0.07920022794088775,-0.022948017309362707,0.04035328551691546,0.09282569282569282,0.21476301476301474,0.0919427106573419,0.17399186766085153,-0.011188811188811187,-0.009686358812914329,-0.06718292716764644,0.15229215229215226,0.035482116507199554,0.07816425373629798,0.2720986248355025,0.2637072337783254,0.26573426573426573,0.45318691579779397,0.48965320779935373,0.303030303030303,0.3912356583633258,0.009479655005899265,-0.02838642838642838,-0.012535612535612533,0.03879723396188681,0.19559699559699556,0.1369039911365378,0.039936805586935555,0.06081326081326081,0.03527492166628159,0.2347578347578347,0.21294449775342678,0.23376757926568112,0.19657610532090844,0.18938098938098935,0.21217301217301213,0.08966356740724442,0.02615834866589164,0.15809375809375809,0.04045479268923044,0.1445702002505021,-0.009686358812914329,0.05723757480358468,0.1552407345577767,0.03869363654142783,0.07894327894327893,0.08396570928200069,0.09567221779386506,0.07842527842527841,0.006785631040062979,0.010100748494750237,0.3007951103026391,-0.029629629629629624,0.06614695296305667,-0.08443408443408443,-0.07567791564528255,-0.016005801460911913,0.023257620893040287,-0.01797415244963247,-0.0995053223508472,0.059413120633223196,0.3187174640420421,-0.021703659586155638
0.26318924667603055,0.11836005287438099,0.16031700816026656,0.12063919612447846,0.0544404444511923,0.15648390360328443,0.08179016345236217,0.0700836549404978,0.1041181041181041,1.0,0.0758851104862005,0.3129160084963394,0.23760068382266328,0.23884385286817097,0.2978943825297878,0.11556292252198862,0.12110852110852108,-0.02859362859362859,0.14218745957994566,-0.05050374247375119,0.02512237446130187,0.013778813778813778,0.0584807438490924,0.20869700351460874,0.31540234658735483,0.17337028313809766,0.2000518000518,0.2330423973224683,0.2530498071246881,0.11116291116291115,0.12846412846412844,0.15109683773941765,0.09909606571740599,0.02553808698310567,-0.07039444720187474,0.11634291634291632,0.2810080029949745,0.18067858067858064,-0.023464815733958245,0.08842497866158495,0.02025434484867002,0.10277130277130275,-0.07593887593887592,0.10965786955582693,0.06480018649708999,-0.017197617197617195,-0.1329672891590967,-0.01869933439284531,0.14524734524734523,0.12105358580631437,0.12302193679503494,0.0905959441913752,0.02698712802956345,0.02942242942242942,0.07920022794088775,0.1615601772057743,0.06412846412846412,0.05993110773551807,0.40161620361058475,0.1931105931105931,0.21942501942501938,0.19160342913887757,0.06858326858326858,0.25096475106187127,0.28950299147261066,0.15135975135975135,0.1159773122038245,-0.0018648018648018646,-0.02056408796110689,-0.03910802622326374,0.0339281552003149,0.047552447552447544,0.012328412328412326,0.21802077135591663,0.12965217170440946,0.23310023310023306,0.30638937100742386,0.18072569999068502,0.04304472820070485,0.043666312723458715,0.09629380231661892,0.0008805780739013027,-0.006008806008806008,-0.014555437574486237,0.24433451615249677,-0.030354830354830352,0.32244697117856524,0.09380746422560347,0.12312553421549391,0.12494172494172492,0.03610370102995341,0.2086506086506086,0.02864468675690708,0.03724327265500216,-0.03361736293893797,0.10157727076002675,0.01258708658576568,0.028851881597825035,0.12457589810191957,0.08852399578219566
0.21330156428053454,-0.1340515901792189,-0.12068786905625194,-0.06485030560447529,-0.24520874339583548,-0.14544701129182638,-0.054387237128353874,-0.1004868952657205,-0.06863329105407212,0.0758851104862005,1.0,0.2633378224386201,0.047964363410338745,0.10991401636796849,0.1291826375220139,-0.08960944784004972,-0.046981430178145975,-0.17875734900196447,0.10338754791256603,-0.17921889568009944,-0.0758313477675334,-0.13162052269313,-0.1640940640215477,0.2053247695017093,0.2381643012534963,0.14720812182741116,-0.04604905339401519,-0.002797057909458199,0.13809893828421477,-0.07174121366784142,-0.007200020721898886,0.01015228426395939,-0.04744884751250589,-0.1492877494880371,-0.23495286439448873,-0.07029084978141575,0.11302185848958872,0.029162673859201963,-0.029731689630166785,0.008391608402866763,0.007355607365475805,-0.03765766233683806,-0.13503923756827624,0.19734797472288407,-0.15860354294001863,0.0718448110883004,-0.12804309541075312,-0.07738526882834351,0.057755561905879556,0.09116336890085983,-0.03656894229773127,-0.08950585310266237,-0.11934113747021649,-0.04615265081447416,-0.16492282192064642,-0.08898787941572568,-0.10416720627150115,-0.23329534859629128,0.31504791547059047,0.3473103520887197,0.31208722913266757,-0.02496633171034911,-0.07381316207702096,0.09385683207293068,-0.002071894747746814,0.0069928258809809326,0.06992644773645498,-0.1607313978421025,-0.2860250699264477,-0.20449601160261058,-0.22200352222107114,-0.20507109379854457,-0.23646111219761454,0.005386926344141717,0.20750025898684343,0.34036932491796823,0.004454573707655651,-0.07396664249456127,-0.08070030042473843,0.0803895162125764,-0.13353361649228218,-0.08888428467833834,-0.10945067471490898,-0.22966953278773436,-0.06526468455402465,-0.14125508279581486,0.09095617942608515,0.009737905314410027,-0.1524914534341655,0.13856154986388144,-0.12524603750129493,0.08748802157760589,0.013260126385579612,0.08028592147518905,0.03221796332746296,0.12483165855174556,0.0920957215373459,-0.14026727442245931,0.0669222003522221,0.07945716357609033
0.0039366000207189476,-0.002175489485134155,-0.05221174764321972,-0.01647156324458717,-0.03646534756034393,-0.002382678959908836,0.1539417797575883,-0.016678752719361856,0.09380746422560347,0.3129160084963394,0.2633378224386201,1.0,0.2652025277115922,0.3598881176836216,0.2765979488241997,0.009530715839635344,0.24257336000469418,-0.06417860197433613,0.2599191961048379,-0.007976794778825234,0.1859525536102766,0.04677423533722802,0.060810110846368996,0.40163679685071996,0.16678752719361856,0.3383404123070548,0.03651809071178932,0.023826789599088363,0.2500906504261774,0.13483204272735827,-0.014762632415404191,0.04879312130943748,-0.18233618258080866,-0.1045325046727477,-0.06246762664456645,0.11027945407858078,0.01160261058738216,-0.07163761624738245,-0.16264373769812493,0.009738409751475009,-0.15343175363760095,0.06355701745158227,-0.05651239286037184,-0.017818294830622604,-0.04786076867295141,-0.18103649225206192,-0.21723816430125348,-0.12597120066300632,-0.009271969131078422,-0.0765565109292448,-0.10649539003418626,-0.07407023723194861,-0.03449704754998446,-0.020564087961106894,-0.06930487931213095,0.044338547601781825,-0.058895133530928304,-0.10784212162022168,0.2683242686842582,0.14622775897784573,0.3551837560436019,0.20325287475396248,0.11442335089693985,0.23526364860665075,0.14845125867605924,0.17564942638819514,0.04806795814772609,0.04459868950758951,-0.1270071480368797,-0.12358852170309748,0.006630063192789806,-0.003574111005834699,0.07712827953170821,0.11136434269139127,0.31285610690976895,0.3715521484761202,0.20491039055215995,0.2532891329120481,-0.08494768465761939,-0.04361338444007044,0.20677509582513207,-0.20646431161297005,-0.14943927901207402,-0.08515487413239407,0.1712421009012742,-0.05309367798522561,0.11157153216616594,0.07904278462654096,0.019993784315756758,0.09940172493038822,-0.29441624365482233,0.027090725450022432,-0.05790945819952346,0.02714182119548327,0.04060913705583756,-0.04951828447114886,-0.14088884284678338,-0.035740184398632545,0.06847612141303222,-0.08246141096032321
-0.01750751061846058,0.13798819019993783,0.052108152905832386,0.06754376877654615,0.10577022687247487,0.05159017921889568,0.08836631099140163,0.08909147415311301,0.09619020489615994,0.23760068382266328,0.047964363410338745,0.2652025277115922,1.0,0.24893815394177973,0.2831244172796022,0.1065989847715736,0.30131309740493395,0.10727512888527047,0.07293069512068787,0.04537449497565523,0.13363721122966954,0.20289554796890602,0.24324044338547599,0.18667771677198797,0.1345695638661556,0.24334403812286334,0.20362072991211888,0.16709831140578058,0.2016058018762805,0.34927870307744024,0.013105073688060563,0.09634310577022687,0.018337218361819965,0.09013209025301337,0.06070651610898165,0.057651964485420586,0.08132186884906246,0.01030794333566819,-0.12027349010670259,0.008184408195388572,-0.011603211618778734,0.1637357230354128,0.0009841754943602796,-0.014814047446389724,0.13332642701750752,0.014969827256322147,0.0016575157981974515,0.005283331606754376,0.004713682630883444,0.013467315860354292,0.06350357401843985,0.1473117165647985,0.11126074795400392,0.0642821993947951,0.10794571635760902,0.1287682585724645,0.10592836241930377,0.07603853724230808,0.2073038075819308,0.027608712552317314,0.2114941338670011,0.44949756552367137,0.20424231443487273,0.20159535895576502,0.24158292758727853,0.2538654788347226,-0.08152905832383714,0.23687550187945045,0.19299699575261575,0.10794571635760902,0.1521806692220035,0.22547978562896298,0.16663645080826417,0.011395421112607478,0.16026105873821608,0.16166377462623327,0.25225318553817466,0.28633585413860974,-0.02558790013467316,0.02258365275044028,0.20542836423909663,-0.057184295037812076,-0.04894978116686653,0.055837563451776644,0.16367968507199832,0.042526741098409974,0.11167512690355329,0.10504506371076348,0.09613591629545218,0.04376991014391769,-0.060395731896819634,-0.015073424676781124,-0.15829275872785661,0.11426499533823681,-0.012120584274318863,-0.010877447425670775,-0.08919506889050036,-0.0016575157981974515,0.03936600020718947,-0.022894436962602297
0.06951206878690562,0.11809800062156842,0.049829068683310884,0.09385683207293068,-0.003625815808556925,0.11540453744949755,0.18222314306433232,0.046824821299078,0.11131542828317056,0.23884385286817097,0.10991401636796849,0.3598881176836216,0.24893815394177973,1.0,0.4557132497669118,0.11903035325805447,0.2205071094469321,0.08676283963439306,0.5697710556303739,0.1236921164404848,0.35160053869263436,0.1500608635348279,0.29586656997824506,0.2942090541800476,0.07137677405987776,0.33057080700300423,0.14135868021627382,0.11053558479229254,0.18544418569298154,0.2648468054033742,0.013933853051732378,0.05159017921889568,-0.022066822096427414,0.08080808091649475,0.07997513726302703,0.12467949552237857,-0.05563037397700196,-0.006371241358227073,-0.13912773231119857,0.06816886826032506,-0.03781403786476998,0.15109683773941765,0.10996866181720386,-0.059566973997720915,0.17704340619496528,-0.04739581985998188,0.06091370558375634,0.014192479022065678,0.027090725450022432,-0.029420905418004763,0.021444110639179528,0.01885424220449601,0.13135812700714802,0.04894978116686653,0.06940847404951828,0.2014917642183777,0.01745616534733759,-0.033150315963949024,0.21869981899323132,-0.01351946336989647,0.10986506439674489,0.18263752201388167,0.28898500437031577,0.4868952657205013,0.37024759142235575,0.4245940277511164,0.09810421630581166,0.18414441486583125,0.11260747954003936,0.005179736869367036,0.16751269035532992,0.16010981331934862,0.17575302380865412,0.1672019061431679,0.1956904589246866,0.22081790170830903,0.22635450119133946,0.2834352014917642,0.010463068476121412,0.005386926344141717,0.2934838910183362,-0.018232673780171967,-0.012794281426683634,0.12338133222832279,0.18253392727649434,0.10530677789654991,0.051797368693670354,0.16098622189992748,0.12742152698642908,0.007510812983275817,-0.022894436962602297,-0.0093755665515374,-0.029835284367554123,0.03843364757070341,0.16709831140578058,-0.04133430021754895,-0.10369833212472805,0.10027970579094582,0.10131565316481922,-0.04257743706619704
0.14492903760488968,0.18066922200352223,0.0753133740805967,0.13280845333057079,0.004454573707655651,0.06816533720087019,0.2706930487931213,0.032321558064850306,0.046670637916769044,0.2978943825297878,0.1291826375220139,0.2765979488241997,0.2831244172796022,0.4557132497669118,1.0,0.20770744846161812,0.21719199199224484,0.04428789724621258,0.3395835491557029,0.21112607479540038,0.38910183362685175,0.11017585665812181,0.34662799129804206,0.34269139127732307,0.1565316481922718,0.27815186988500984,0.2578021808121637,0.21516626955350665,0.2892514896395556,0.3253476989514166,0.09287508744147269,0.10545944266031285,0.14949494969551527,0.08163688174640753,0.06319278980627784,0.2369790992999094,0.1053558479229255,0.08127217635006728,0.02869574225629338,0.17518777542281105,0.11012691027465887,0.06055269225827193,0.06676853748581053,0.08235781622293588,0.1521806692220035,0.05288648314430765,0.11892675852066714,0.12483165855174556,0.1624925539899051,0.14959080078732,0.1476225007769605,0.0725163161711385,0.16906661141614004,0.08199735829328013,0.07686729514140682,0.10887806899409509,-0.03796845459821499,0.042681031803584374,0.2555814559243494,0.020564087961106894,0.140529900852602,0.14741531130218583,0.2749993526083539,0.416243654822335,0.5494664871024552,0.5489109323018885,0.1925826168030664,0.2226826552765706,0.11467937428778617,-0.00145032632342277,0.2920335646949135,0.20517469121900353,0.24392012647066083,0.25691494872060494,0.26178390137781,0.2062106654235933,0.4047446389723402,0.36817569667460887,0.09002382678959908,0.061535274008080385,0.3398943333678649,0.09095617942608515,0.10717153146481148,0.15425256396975032,0.27162540142960734,0.18797751942281338,0.17486791670983112,0.27431886460167826,0.20014503263234226,0.11276579216959623,0.07034082668600435,0.03579290876857648,0.06174246348285506,0.08960944784004972,0.1979695431472081,0.057495079249974095,0.08795193204185227,0.22044960116026105,0.09012742152698641,0.12255257432922406
0.22407541696881797,0.6389723402051175,0.4024655547498187,0.49911944473220754,0.3923132704858593,0.2625090645395214,0.4047446389723402,0.57888739252046,0.2263085649926348,0.11556292252198862,-0.08960944784004972,0.009530715839635344,0.1065989847715736,0.11903035325805447,0.20770744846161812,1.0,0.265571987346587,0.6501256120903088,0.135916295452191,0.46659069719258256,0.2639593908629441,0.3941363861361772,0.39075934942504914,-0.057184295037812076,-0.06267481611934114,0.1579819745156946,0.18642355811592873,0.2025277115922511,-0.006423206431823942,0.3172671001556164,0.0019165522784910707,0.1574640008287579,0.23455063486531297,0.6054390062512761,0.33792603335750543,0.3489679108160633,-0.09147415311302184,-0.04967496311007937,-0.022894436962602297,-0.11976171992239479,0.06547526556310858,-0.09380746422560347,0.13068814590899921,-0.022894436962602297,0.21599502745260538,-0.03776125975729704,0.18025484305397282,0.17828654304361338,0.10054129655543698,-0.038330052833316065,0.3956283020822542,0.5807520977934321,0.623018750647467,0.5347180856990087,0.41334300217548947,0.15238785869677818,0.5585454924045733,0.44877240236196,-0.01046361047764868,-0.005749656835473212,-0.08344772217970581,0.1175800269346317,0.1798969206270132,0.18336268517559307,0.1887496115197348,0.1815544793543568,0.01895783694188335,0.3243117247468268,0.4704237024759142,0.6331710349114265,0.5019165026416658,0.34751754692963766,0.37870037048778965,0.05345488449186781,-0.05397285817880451,-0.04055839010968941,0.0117062053247695,0.1875064746710867,0.06474671086708796,-0.05034704237024759,0.20770744846161812,0.04951828447114886,0.06842609621315418,0.42857142857142855,0.14337511654407956,0.3078397348938495,-0.15725681135398323,0.07479540039366,0.45478089713042574,-0.15865944943292296,0.11385061638868745,-0.2472352439253481,-0.18004765357919816,-0.12959701647156324,0.06308919506889049,-0.19672640629856003,-0.12421009012742153,0.11395421112607479,0.17631824303325389,-0.14016367968507198
0.04159436431427918,0.24319494452744803,0.1634249307740359,0.09660459457799585,0.11090103860133466,0.16404651529678974,0.3352930513154784,0.1486104996484022,0.188034188034188,0.12110852110852108,-0.046981430178145975,0.24257336000469418,0.30131309740493395,0.2205071094469321,0.21719199199224484,0.265571987346587,1.0,0.2915306915306915,0.18580197359317485,0.3137447878600112,0.31239802139404454,0.4228956228956228,0.3863665796017539,0.3447204165772453,0.16394291787633078,0.46727616498021485,0.23931623931623927,0.09121752871412907,0.12095625376379666,0.365086765086765,0.0026936026936026933,0.049260573428243457,0.05392525060732861,0.2536714238463864,0.32949159576977566,0.1417249417249417,-0.2846339127110387,-0.15892255892255888,-0.16415011271724872,0.03600196846502727,-0.03434432387383177,0.0008288008288008286,0.10805490805490804,-0.016938178245042703,0.15358317583043307,-0.16099456099456097,0.0356893113481175,0.13110253559083512,-0.09220409220409219,-0.18321203808170045,0.06397140713341817,0.18238325871802863,0.22029991460601414,0.08070448070448069,0.17129833472891812,0.11338737669235009,0.16068376068376067,0.16798321727423085,0.025330881409206234,0.033877233877233875,0.1098161098161098,0.1303773536476223,0.11064491064491062,0.1240579109996247,0.1802077128883901,0.20025900025900023,0.03610370102995341,0.38818958818958815,0.3111548523485368,0.2731345990400923,0.3715521484761202,0.3638435638435638,0.34208754208754205,0.08013260472501854,0.2901245759953645,0.25330225330225326,0.10572116757838582,0.36937660264648176,-0.057030379962666716,-0.09805495846442153,0.42625158647845995,-0.12302193679503494,-0.041543641543641534,0.22610137015171686,0.27199502741504356,0.19601139601139597,-0.17015876310386938,0.11680609156749633,0.19968402793467777,-0.03646723646723646,-0.07174121366784142,-0.16244496244496243,-0.2105617570828703,-0.07536712338390561,0.1767889980132439,-0.15016446095528685,-0.23065965665191185,0.11898163739713484,0.017145373085960657,-0.18600916843409282
0.04573826113263825,0.5192820700506211,0.33809018166787075,0.3611924064302226,0.38170469568109994,0.21408406937847552,0.40180259525014145,0.5671440783026684,0.23890183890183886,-0.02859362859362859,-0.17875734900196447,-0.06417860197433613,0.10727512888527047,0.08676283963439306,0.04428789724621258,0.6501256120903088,0.2915306915306915,1.0,0.10696433662389354,0.488513636174305,0.2305560592314528,0.45055685055685046,0.417342208318988,-0.10955427213536796,-0.15876304685338194,0.11307658443097317,0.0692048692048692,0.038486441700509876,-0.1327669714760646,0.2854182854182854,-0.09790209790209789,0.08375851444108273,0.11743375900750622,0.6611411849196303,0.3400585326565913,0.2847966847966848,-0.2458884774593814,-0.1855477855477855,-0.16653285338780519,-0.19130254610265568,-0.023569634031061017,-0.09987049987049985,0.09593369593369591,-0.13545362725011215,0.15638030618282545,-0.1388241388241388,0.12022480644264258,0.1196032219198887,-0.00259000259000259,-0.1820724664566517,0.25189712784600204,0.5231151746076033,0.5945973947242973,0.4385392385392385,0.3982802829545362,0.09401465906652144,0.6175602175602175,0.3877133460677206,-0.15918568214824286,-0.06765086765086764,-0.13861693861693858,0.16135298236485635,0.1358197358197358,0.09556862037340609,0.05993110773551807,0.10878010878010876,-0.08448369638429556,0.37990157990157986,0.5749138848370917,0.7990987027103175,0.48385175225365107,0.42455322455322453,0.42931882931882925,-0.07712827953170821,-0.078060656315839,-0.11054131054131053,-0.09080313903229315,0.1384579524434225,0.016730983404124752,-0.10323482948737037,0.1677760224333129,-0.04781020954181779,0.011706811706811706,0.4079148430572211,0.041076377211984295,0.2606578606578606,-0.28401232818828487,0.019735308597435077,0.39475797065893103,-0.27868427868427864,0.06438579681525407,-0.33732193732193727,-0.3002771232003442,-0.1646680998195436,0.02356841315441722,-0.287949030165726,-0.2556266349825252,0.03486053198444569,0.13151692527267103,-0.2705446635286179
0.11581891639904691,0.08567284781933077,0.03646534756034393,0.11654407956075831,-0.06547187402879934,0.0997617321040091,0.2272868538278255,0.019372215891432714,0.1348320427273583,0.14218745957994566,0.10338754791256603,0.2599191961048379,0.07293069512068787,0.5697710556303739,0.3395835491557029,0.135916295452191,0.18580197359317485,0.10696433662389354,1.0,0.18388065886252977,0.30322179633274626,0.05278288572384868,0.24065057495079248,0.2996995752615767,0.016782347456749197,0.26499533823681753,0.16404651529678974,0.052418937117994405,0.1271173272878706,0.14747092802335346,0.0919427106573419,0.16544079560758312,-0.0011396011411300541,0.09603729616614184,0.05645913187610069,0.20869700351460874,-0.10007251631617113,0.03869363654142783,-0.0870195794053662,0.09500129512875088,-0.016576016598255333,0.1491284867506971,0.16228535914898715,-0.01864705272972133,0.23060188542422044,-0.011343917540257957,0.02165130011395421,0.02154770537656687,0.045945455973556204,-0.011084636900445456,0.05428364239096654,-0.03905521599502745,0.12027349010670259,0.07122322656554654,0.07800683725266755,0.1524914534341655,0.01745616534733759,-0.005697710556303739,0.08122248133145113,-0.05827354900817444,0.007821605244652748,0.009945094789184709,0.21967833008326026,0.37843157567595564,0.272143375116544,0.3018310845072289,0.16305811664767428,0.13907953696617634,0.060084947684657615,0.011499015849994819,0.16823785351704132,0.07132682398600551,0.14985366869390992,0.18367346938775508,0.1160261058738216,0.127269431033853,0.16326530612244897,0.18553817466072722,0.07541696881798404,0.13042577437066197,0.24075416968817984,-0.01584999482026313,0.028541089336448104,0.12534963223868228,0.15176629027245414,0.10520318047609092,-0.03118201595358956,0.004040194758106288,0.17662902724541593,-0.0209784776429428,-0.00290065264684554,0.03568931134811751,-0.012327773749093546,0.07997513726302703,0.19102869574225628,-0.004765357919817672,-0.025898684346835177,0.1434787112814669,0.12379571117787215,-0.03294312648917434
