0,1,2,3,4,5,6,7,8,9,10,11,12,13,14,15,16,17,18,19,20,21,22,23,24,25,26,27,28,29,30,31,32,33,34,35,36,37,38,39,40,41,42,43,44,45,46,47,48,49,50,51,52,53,54,55,56,57,58,59,60,61,62,63,64,65,66,67,68,69,70,71,72,73,74,75,76,77,78,79,80,81,82,83,84,85,86,87,88,89,90,91,92,93,94,95,96,97,98,99
1.0,-0.07564234326824255,-0.040803741253325164,0.055498458376156225,-0.08653648509763619,0.1272353545734841,0.08356030639534849,-0.02528263103802672,0.06917107774178295,0.08838643371017471,0.10092497430626927,0.10976361767728675,0.08448098663926003,0.053854059609455295,-0.052826310380267215,0.071120246659815,-0.0263103802672148,-0.048920863309352525,0.011716341212744091,0.2158273381294964,-0.025077081192189106,-0.25467625899280577,-0.12970195272353546,-0.039260020554984586,0.2330935251798561,-0.08098663926002056,0.009044193216855088,-0.014697569267570522,0.1013360739979445,-0.031243576567317573,0.052826310380267215,0.405344295991778,0.29558067831449125,0.24275436793422406,0.03186022610483042,0.24933196300102775,0.10359712230215828,0.22754367934224048,0.0762589928057554,0.044809866392600206,0.23782117163412128,0.2261048304213772,0.2406988694758479,0.06659815005138746,0.118191161356629,0.12970195272353546,0.027543679342240494,0.054265159301130524,0.46906474820143884,0.3171634121274409,0.27132579650565264,-0.09116604154080457,-0.10853031860226105,-0.09023638232271326,-0.045737191077404774,-0.015827338129496403,-0.21788283658787258,-0.13710174717368964,-0.178622816032888,0.03062692702980473,-0.023638232271325797,-0.0487153134635149,-0.048509763617677296,-0.11202466598150052,-0.10092497430626927,-0.14625623124302695,-0.053854059609455295,-0.20082219938335047,-0.3347551266047356,-0.31510791366906477,0.009969679852827557,-0.24460431654676262,0.019116135662898253,-0.1773895169578623,-0.10483042137718397,-0.06166495375128469,-0.10236382322713258,-0.00945529290853032,0.16258992805755396,0.28776978417266186,-0.13566289825282632,0.05714285714285714,0.032682425488180886,-0.1196300102774923,-0.11017471736896198,-0.1301130524152107,0.0328879753340185,-0.04306490575602832,0.2131551901336074,0.04295991778006167,0.011716341212744091,-0.0591983556012333,-0.15621788283658788,0.17750141346219783,-0.0869475847893114,0.016136492132927078,0.11983556012332991,0.0073997944501541625,0.3303186022610483,0.357245632065776
-0.07564234326824255,1.0,0.22827483456835054,0.37636176772867425,0.49660842754367934,0.1882836587872559,0.24163626117523285,0.3346351490236382,0.22971375743370714,0.0984583761562179,-0.15745118191161359,0.04542651593011306,0.16156217882836588,0.046248715313463515,-0.120863309352518,0.3681397738951696,0.061459403905447074,0.11613566289825283,0.0867420349434738,-0.1510791366906475,0.09311408016443988,-0.0065775950668037,-0.0526207605344296,-0.16937307297019527,-0.041726618705035974,0.03761562178828366,-0.03103802672147996,-0.15283416434179978,-0.0024665981500513875,-0.016649537512846865,0.06783144912641316,-0.12353545734840699,0.008016443987667009,-0.03741007194244605,-0.048920863309352525,-0.020143884892086333,-0.005960945529290853,0.1525179856115108,0.13360739979445016,0.118191161356629,-0.10483042137718397,0.06598150051387461,-0.011099691675231244,0.0039054470709146967,0.11880781089414184,-0.06372045220966084,-0.10503597122302159,-0.26618705035971224,0.03720452209660843,0.02589928057553957,-0.17163412127440908,0.38100621870548196,0.1975334018499486,0.3477903391572456,0.32221594163519995,0.18088386433710174,0.3508735868448099,0.36711202466598153,0.11264131551901337,0.053442959917780065,0.1410071942446043,0.18088386433710174,0.06392600205549846,-0.004522096608427544,-0.022610483042137718,-0.11871113639191577,-0.08612538540596094,0.11921891058581706,-0.1801736987835743,0.0024665981500513875,-0.0077085153501244,0.044604316546762585,-0.030421377183967115,-0.03658787255909558,0.007605344295991779,0.07667009249743063,-0.013771839671120247,-0.22959917780061667,-0.015210688591983558,-0.10544707091469682,-0.2534429599177801,-0.178622816032888,0.07276464542651594,0.033093525179856115,-0.07667009249743063,-0.1751284686536485,-0.09516957862281604,-0.23958065708186638,-0.1459403905447071,-0.15704008221993834,-0.05015416238437821,0.10462487153134635,0.13997944501541623,0.02620895219042296,0.09784172661870505,0.002158384298034832,-0.11469681397738953,-0.16258992805755396,0.07646454265159301,-0.03432682425488181
-0.040803741253325164,0.22827483456835054,1.0,-0.049642838854801134,0.10062182037029051,0.5037257830794625,0.310412169801624,0.3581890132691138,0.37085003597492033,0.041009301662661805,0.050259520082811086,0.016136492132927078,0.041009301662661805,-0.05210956376684094,-0.002775065526044784,0.10904979715309318,0.05724857400025721,0.295081967602762,0.2029909042199425,-0.08787707499141817,0.21553008918947822,0.12919471726808493,0.15715093293786944,0.033814687335879036,0.003802867572728037,0.09137160195014123,0.008530756987471003,0.010689690615685065,0.061359782186990224,0.054781849088217406,-0.10884423674375653,-0.08664371253539825,-0.20319646462927918,0.09260496440616112,0.09589393095554753,0.17462356773148474,0.13823937527889757,-0.12302790498798541,-0.05005395967347444,0.205663189541319,-0.09630505177422083,0.09877177668626065,0.11398324697717278,-0.019219898272976838,-0.11316100533982619,0.009147438215480955,0.025592270962413007,-0.01983657950098679,0.12549462990002522,0.046353872305414726,-0.14666735206170023,0.3786617329633056,0.2940541655560788,-0.0872603937634082,0.44115530887038745,0.5236651427851176,0.3604501777718169,0.3324939621020324,0.030320160377155972,0.05334292622286085,0.05868749686561377,0.06382650709903004,0.09075492072213126,0.012641965174204016,0.1281669152214017,0.02734093945934834,0.06958219856045625,0.1018551828263104,0.029396649193133926,0.269798037254354,0.05427073697193956,0.1359782107761944,0.002158384298034832,0.2549976877821151,0.14029497937226407,0.14461174796833376,0.20997995813738865,0.09877177668626065,-0.24389742567793601,-0.061154221777653575,0.010175240262164207,-0.016342052542263726,-0.05128732212949434,-0.051081761720157694,-0.050259520082811086,0.08520478967004169,0.052726244994850895,0.04131976564909035,0.08911043744743806,0.1135721261584995,-0.07472120879387252,-0.03957037879730525,0.11295544493048953,0.08716209271250899,0.03587029142924554,-0.039469626888683315,0.003802867572728037,-0.049642838854801134,0.21039107895606193,0.07369340674718926
0.055498458376156225,0.37636176772867425,-0.049642838854801134,1.0,0.5077081192189106,-0.09331963001027749,-0.01798653581695693,0.0735868448098664,-0.07944909820861548,0.12189105858170607,-0.048920863309352525,0.056937307297019533,0.11387461459403907,0.1773895169578623,0.01891058581706064,0.11695786228160329,0.028982528263103807,-0.05981500513874615,-0.03905447070914697,0.022816032887975332,0.044193216855087356,-0.15580678314491267,-0.15334018499486127,-0.12209660842754368,0.054470709146968145,0.029393627954779036,0.06104830421377184,-0.01983657950098679,0.030832476875642344,-0.05981500513874615,-0.030832476875642344,0.02528263103802672,0.14696813977389517,0.16279547790339158,-0.0789311408016444,-0.008221993833504625,0.02158273381294964,0.175950668036999,0.14470709146968141,-0.0947584789311408,0.14676258992805757,0.09023638232271326,-0.016032887975334018,0.1523124357656732,0.25159301130524153,0.0974306269270298,0.09188078108941418,-0.11778006166495375,0.07379239465570402,0.17060637204522097,-0.03597122302158273,-0.04614831189607808,-0.07543679342240493,0.6429599177800617,0.03607585183858219,-0.1393627954779034,0.08612538540596094,0.11346351490236382,0.08715313463514902,0.11757451181911614,0.17841726618705034,0.18458376156217884,0.09352517985611512,0.032065775950668035,-0.04357656731757451,-0.11973893843859901,-0.15477903391572456,0.021788283658787256,-0.22005241819488455,-0.20513874614594038,-0.039364818387968604,-0.06474820143884892,-0.0867420349434738,-0.1771839671120247,-0.11613566289825283,-0.046659815005138744,-0.17410071942446043,-0.22959917780061667,0.08756423432682425,-0.0018499486125385406,-0.265775950668037,0.013360739979445016,0.1738951695786228,0.04501541623843783,0.026927029804727647,-0.07153134635149024,0.0014388489208633096,-0.1918906421157634,0.004933196300102775,-0.10606372045220966,0.05467625899280575,-0.03761562178828366,-0.012538540596094553,0.10719975346906332,-0.004933196300102775,0.11192764288380629,0.0842754367934224,-0.13504624871531348,-0.048920863309352525,0.12106885919835561
-0.08653648509763619,0.49660842754367934,0.10062182037029051,0.5077081192189106,1.0,0.11408016443987667,0.08376586680468515,0.16670092497430627,0.09178272276881452,0.1771839671120247,-0.01459403905447071,0.05837615621788284,0.061459403905447074,-0.02548818088386434,-0.09311408016443988,0.1747173689619733,0.0842754367934224,-0.032065775950668035,0.07790339157245633,0.024665981500513877,0.05056526207605344,-0.01500513874614594,-0.1272353545734841,-0.02528263103802672,0.022610483042137718,0.15087358684480986,-0.002877697841726619,-0.043270466165364965,0.0984583761562179,-0.15169578622816035,-0.052826310380267215,-0.09044193216855087,0.013977389516957863,0.033504624871531344,-0.18108941418293936,0.05858170606372045,0.03741007194244605,0.11860226104830421,0.18067831449126415,0.08304213771839672,0.028982528263103807,-0.047276464542651594,-0.07790339157245633,0.07934224049331963,0.12805755395683455,-0.029393627954779036,-0.031243576567317573,-0.2865364850976362,0.05755395683453237,0.10256937307297019,-0.060431654676259,0.13330592545481795,0.02918807810894142,0.4828365878725591,0.2755537287157802,0.05159301130524152,0.20143884892086333,0.2620760534429599,0.16341212744090444,0.18396711202466598,0.2419321685508736,0.12106885919835561,0.03864337101747174,-0.026515930113052415,-0.05118191161356629,-0.16907343667939517,-0.03699897225077081,0.07872559095580679,-0.14255614387496723,-0.1194244604316547,-0.04368158698403827,-0.014799588900308325,-0.07050359712230216,0.07667009249743063,0.05714285714285714,0.0855087358684481,0.048509763617677296,-0.1578622816032888,-0.02487153134635149,-0.047276464542651594,-0.18088386433710174,-0.049331963001027754,0.07461459403905447,0.011099691675231244,-0.016032887975334018,-0.14121274409044193,-0.014388489208633093,-0.10123850159830046,0.05817060637204522,0.023638232271325797,-0.08365878725590956,-0.004933196300102775,0.17307297019527237,0.035459170610572244,0.11736896197327853,0.07266560470050601,-0.0067831449126413155,-0.1722507708119219,0.03761562178828366,0.08345323741007195
0.1272353545734841,0.1882836587872559,0.5037257830794625,-0.09331963001027749,0.11408016443987667,1.0,0.3832673832081852,0.3845837615621789,0.6089727126598276,0.08633093525179857,0.08242548818088387,0.06207605344295992,-0.044193216855087356,-0.13484069886947586,-0.1724563206577595,0.10359712230215828,-0.02219938335046249,0.23186022610483045,0.06104830421377184,0.0197327852004111,0.09907502569373072,0.04912641315519013,0.052415210688591986,0.07872559095580679,-0.0041109969167523125,0.03658787255909558,-0.011099691675231244,-0.09178272276881452,0.0959917780061665,-0.08221993833504625,0.03062692702980473,-0.005344295991778006,-0.1590955806783145,-0.009660842754367936,-0.03432682425488181,0.27317574511819115,0.16197327852004112,0.023227132579650568,0.032682425488180886,0.26515930113052416,0.04008221993833505,0.008221993833504625,0.06639260020554985,0.040287769784172665,-0.12682425488180885,0.04953751284686536,-0.14224049331963,-0.03699897225077081,0.3033915724563207,0.1551901336073998,-0.0867420349434738,0.32406598531922975,0.21130524152106886,-0.1091469681397739,0.5631327413777545,0.6295991778006167,0.28160328879753344,0.42034943473792397,0.018705035971223024,-0.0030832476875642346,-0.009249743062692703,-0.047482014388489216,-0.06330935251798561,-0.13340184994861254,0.010071942446043166,-0.12385014662533203,0.08591983556012334,-0.002261048304213772,-0.21696901205483476,0.03473792394655704,0.030731281195829276,-0.05508735868448099,-0.010483042137718397,0.23083247687564235,0.034532374100719423,0.07070914696813978,0.15991778006166496,-0.014799588900308325,-0.08160328879753341,-0.02219938335046249,-0.09660842754367935,-0.07399794450154162,-0.056937307297019533,-0.241726618705036,-0.11428571428571428,-0.09640287769784174,0.02589928057553957,0.0235366668690465,0.13710174717368964,0.15025693730729703,-0.12312435765673177,-0.07852004110996917,0.07687564234326826,0.024153348097056455,0.07667009249743063,-0.0017472634793615307,0.012538540596094553,-0.10277492291880781,0.34388489208633094,0.1751284686536485
0.08356030639534849,0.24163626117523285,0.310412169801624,-0.01798653581695693,0.08376586680468515,0.3832673832081852,1.0,0.538671052666693,0.3599547743858567,0.22087465983223112,-0.02888123751179942,0.23382496562044014,0.17441800732214807,0.13823937527889757,0.006886273712777797,0.42561282753153523,0.2311526802990637,0.4169792903393959,0.28007605772118654,-0.03237576447052248,0.29693201128679186,0.1818181820582675,0.1809959404209209,0.0414204224813351,0.10288298487299365,0.10555527019437011,-0.031553522833175876,-0.02137938123137013,0.06444318832703998,0.04676499312408803,-0.0551929699068907,0.05539853031622735,-0.06362094668969338,0.011819723536857413,0.13351148586415462,0.0377203351132754,-0.0013361426606882294,0.036898093475928796,0.020864381547670043,0.4700138759482517,-0.09918289750493395,0.11480548861451939,0.12857803604007498,-0.1610565807152658,-0.12796135481206505,-0.08356030639534849,0.03957037879730525,-0.014903129676907174,0.04491494944005817,-0.09342720604350774,-0.25705329187548165,0.2801932367149758,0.23053599907105374,-0.13865049609757088,0.3788673039366841,0.2808982993585331,0.2987820549708217,0.26774243316098745,-0.0843825480326951,-0.04882059721745453,-0.0042139883914013385,0.10411634732901356,0.037103653885265445,-0.0405981808439885,0.006064032075431195,-0.06783842121492445,-0.02682563341843291,0.0231255460503732,-0.1576729365813547,0.13618377118553107,-0.05982115325316065,0.033198006107869084,-0.07410452756586257,0.015930931723590426,0.050259520082811086,0.12097230089461893,-0.018808777454303535,0.016342052542263726,-0.1281669152214017,-0.08191582312065529,-0.2081299144533588,-0.2835705846799096,-0.21532452878014158,-0.12426126744400533,-0.21553008918947822,-0.11418880738650944,-0.0673210340577531,-0.15705622366121905,-0.10884423674375653,-0.12015005925727232,-0.30453774643224796,-0.13495040872951117,-0.16784007422337527,-0.07503340528317402,-0.060331980140306975,-0.18891972453489567,-0.1696901179074051,-0.20442982708529908,0.08417698762335846,-0.08787707499141817
-0.02528263103802672,0.3346351490236382,0.3581890132691138,0.0735868448098664,0.16670092497430627,0.3845837615621789,0.538671052666693,1.0,0.5495657543615355,0.20760534429599178,-0.13299075025693732,0.055909558067831454,0.047482014388489216,0.08756423432682425,0.02487153134635149,0.35560123329907506,-0.0020554984583761563,0.4324768756423433,0.14244604316546763,-0.09825282631038026,0.2750256937307297,0.09229188078108942,0.1761562178828366,0.008016443987667009,0.046865364850976365,0.010277492291880781,-0.028365878725590956,-0.07616013165922908,-0.005549845837615622,0.005755395683453238,-0.08119218910585818,-0.017266187050359712,-0.08180883864337102,-0.06844809866392601,0.07831449126413156,-0.029804727646454265,-0.08345323741007195,0.026515930113052415,0.06803699897225077,0.3494347379239466,-0.07872559095580679,-0.0008221993833504625,0.08406988694758478,-0.15704008221993834,-0.010483042137718397,-0.05364850976361768,-0.033710174717368965,-0.09003083247687566,-0.040698869475847894,-0.118191161356629,-0.3223021582733813,0.33043835800866594,0.17923946557040082,0.008838643371017472,0.43424636472367456,0.30400822199383354,0.44480986639260023,0.4441932168550874,-0.015416238437821172,-0.144912641315519,-0.0750256937307297,0.08735868448098665,0.024665981500513877,-0.08406988694758478,-0.06187050359712231,-0.02065882113833339,-0.0008221993833504625,0.02076053442959918,-0.16701783258602867,0.12846865364850976,-0.02929235833047272,0.10359712230215828,-0.07379239465570402,0.12476875642343269,-0.04193216855087359,0.065775950668037,0.006166495375128469,-0.07852004110996917,-0.10380267214799589,-0.06084275436793423,-0.2544707091469682,-0.2561151079136691,-0.04090441932168551,0.027543679342240494,-0.1673175745118191,-0.04049331963001028,-0.12744090441932168,-0.17626805100617793,-0.20452209660842754,-0.09969167523124357,-0.1773895169578623,-0.03864337101747174,-0.09907502569373072,-0.07924353779927883,0.03103802672147996,-0.1378282544602243,-0.09558067831449128,-0.22733812949640286,-0.03638232271325797,-0.12045220966084276
0.06917107774178295,0.22971375743370714,0.37085003597492033,-0.07944909820861548,0.09178272276881452,0.6089727126598276,0.3599547743858567,0.5495657543615355,1.0,0.07595457124989242,0.0005139010233416267,-0.00791407575946105,-0.09137160195014123,-0.05457628867888075,-0.16742895340470196,0.2284803949776872,-0.11747777393589584,0.3018654611108715,-0.011203042308847461,-0.05745413440959386,0.1164499718892126,-0.020658821138333394,0.0377203351132754,-0.006064032075431195,-0.06259314464301012,-0.059715298912297016,-0.14461174796833376,-0.18460273409394592,-0.05149288253883099,-0.08417698762335846,0.04306490575602832,-0.040187060025315205,-0.1664011513580187,-0.06094866136831692,-0.04984839926413778,0.15016187902042333,-0.01983657950098679,0.024975589734403055,0.07163780265382276,0.28213166181455307,0.000308340614004976,-0.02333110645970985,0.017986535816956934,-0.05046508049214774,-0.06382650709903004,-0.030525720786492624,-0.20175754176392263,-0.08911043744743806,0.14378950633098714,0.015930931723590426,-0.15838429539388935,0.38030630075033406,0.2231358243349343,-0.06403206750836668,0.5020043169904409,0.4835808629644707,0.33537180783274556,0.47864741314039105,0.013258646402213968,-0.1565342517098595,-0.15694537252853277,-0.06670435282974314,-0.03360912692654238,-0.20278534381060587,-0.09918289750493395,-0.10730804810360776,0.02990903955848267,-0.05930417809362372,-0.24380717442697092,0.047176113942761326,-0.03700277520814061,-0.029497918739809368,-0.0673210340577531,0.21265224345876513,-0.11665553229854925,-0.020864381547670043,0.04614831189607807,-0.14707847288037354,-0.05724857400025721,-0.015314250495580476,-0.183873786151634,-0.10719975346906332,0.034842489382562285,-0.09157716235947788,-0.15201192270445316,-0.1180944551639058,-0.132689244226808,-0.08202281837804502,-0.05663189277224726,0.0823269439393286,-0.06958219856045625,0.017780975407620282,0.036075851838582196,-0.03844177202179053,0.17544580936883133,-0.04234762051598314,-0.009969679852827557,-0.17462356773148474,0.15550644966317623,0.024153348097056455
0.08838643371017471,0.0984583761562179,0.041009301662661805,0.12189105858170607,0.1771839671120247,0.08633093525179857,0.22087465983223112,0.20760534429599178,0.07595457124989242,1.0,0.08756423432682425,0.34799588900308326,0.12045220966084276,0.07420349434737925,0.02918807810894142,0.24275436793422406,0.08982528263103802,0.11490236382322713,0.14018499486125385,0.12353545734840699,0.13381294964028778,0.07523124357656732,0.09290853031860227,0.29969167523124357,0.4565262076053443,0.16875642343268246,0.07872559095580679,-0.02456446891572975,0.13854059609455294,-0.11449126413155192,0.06002055498458376,0.024049331963001026,0.20575539568345325,0.10154162384378213,0.11798561151079136,0.05714285714285714,0.005960945529290853,0.0591983556012333,0.2890030832476876,0.287153134635149,-0.0024665981500513875,-0.011305241521068859,0.12620760534429598,-0.1539568345323741,-0.045632065775950664,-0.10729701952723536,0.07543679342240493,-0.003494347379239466,0.08982528263103802,-0.024665981500513877,-0.09229188078108942,0.021686623185016646,-0.07009249743062693,0.005755395683453238,0.09363276645284438,0.0073997944501541625,0.012538540596094553,-0.0065775950668037,0.18746145940390546,0.10894141829393629,0.2199383350462487,0.06166495375128469,0.06885919835560124,-0.02589928057553957,-0.02959917780061665,-0.07636569206856572,0.11202466598150052,-0.0591983556012333,-0.11233876370247958,-0.013977389516957863,0.05149288253883099,0.0006166495375128469,-0.011510791366906477,0.1907502569373073,0.15560123329907502,0.15683453237410072,0.021993833504624874,0.029804727646454265,-0.033710174717368965,-0.06104830421377184,-0.011305241521068859,-0.11860226104830421,-0.14224049331963,-0.06598150051387461,-0.010071942446043166,-0.09003083247687566,0.03802672147995889,-0.11172208247446964,-0.010277492291880781,0.004522096608427544,-0.17183967112024667,-0.13299075025693732,0.016238437821171636,-0.04532607025873147,-0.1434737923946557,-0.2272470325216673,-0.1496402877697842,-0.03103802672147996,0.038232271325796506,-0.04707091469681397
0.10092497430626927,-0.15745118191161359,0.050259520082811086,-0.048920863309352525,-0.01459403905447071,0.08242548818088387,-0.02888123751179942,-0.13299075025693732,0.0005139010233416267,0.08756423432682425,1.0,0.2606372045220966,-0.0355601233299075,0.1747173689619733,0.1958890030832477,-0.07975334018499487,0.04439876670092498,0.01644398766700925,0.06433710174717369,-0.021377183967112023,-0.02918807810894142,-0.026927029804727647,0.08324768756423433,0.08900308324768756,0.11346351490236382,0.191983556012333,-0.09866392600205551,0.08212138352999193,0.03186022610483042,-0.016855087358684483,0.047482014388489216,-0.044809866392600206,-0.05056526207605344,0.27728674203494347,-0.026515930113052415,0.2509763617677287,0.18376156217882836,-0.0433710174717369,-0.0367934224049332,-0.004933196300102775,0.09311408016443988,0.13607399794450153,0.07420349434737925,0.2388489208633094,0.11366906474820143,0.1720452209660843,0.14511819116135663,-0.006166495375128469,0.13319630010277492,0.13586844809866394,0.03864337101747174,-0.1914795212970901,-0.06330935251798561,-0.07255909558067831,-0.05087620131082104,-0.06639260020554985,-0.1484069886947585,-0.05200411099691676,0.09928057553956836,0.1995889003083248,0.1695786228160329,-0.009249743062692703,0.07523124357656732,-0.01747173689619733,0.07584789311408018,0.16208438276194903,-0.06166495375128469,-0.04953751284686536,-0.12097230089461893,-0.10215827338129498,-0.06629323201106983,-0.14922918807810895,0.01747173689619733,0.007605344295991779,0.0024665981500513875,0.01644398766700925,-0.03329907502569373,0.09126413155190133,0.10750256937307298,-0.17923946557040082,0.025077081192189106,0.12374100719424462,0.22877697841726619,-0.06372045220966084,-0.13977389516957864,0.07913669064748202,0.09126413155190133,0.021275502366343346,0.15847893114080164,0.13627954779033916,-0.10421377183967112,-0.04152106885919836,0.023021582733812954,0.018808777454303535,0.11325796505652622,0.13330592545481795,0.07297019527235354,-0.07975334018499487,0.02076053442959918,0.19732785200411102
0.10976361767728675,0.04542651593011306,0.016136492132927078,0.056937307297019533,0.05837615621788284,0.06207605344295992,0.23382496562044014,0.055909558067831454,-0.00791407575946105,0.34799588900308326,0.2606372045220966,1.0,0.18211716341212744,0.2024665981500514,0.09784172661870505,0.20739979445015416,0.3105858170606372,0.017060637204522097,0.20596094552929087,0.06474820143884892,0.09558067831449128,0.15498458376156218,0.1800616649537513,0.28735868448098667,0.39157245632065774,0.49599177800616656,0.0881808838643371,0.15509532884450292,0.1722507708119219,0.054881808838643374,-0.07194244604316546,0.08776978417266187,-0.02117163412127441,0.07153134635149024,0.22158273381294963,0.12374100719424462,0.08859198355601235,-0.0328879753340185,-0.009044193216855088,0.2970195272353546,-0.10236382322713258,0.17903391572456323,0.11593011305241523,-0.06269270298047276,-0.006166495375128469,-0.04316546762589928,0.10298047276464543,-0.06515930113052415,0.0828365878725591,-0.011510791366906477,0.007194244604316546,-0.009969679852827557,-0.005960945529290853,-0.10441932168550874,-0.008325196578134351,-0.048920863309352525,-0.06433710174717369,-0.13730729701952724,-0.04974306269270298,0.25775950668037,0.20226104830421376,0.04316546762589928,-0.06885919835560124,-0.07605344295991778,-0.07070914696813978,-0.04717611394276133,-0.0762589928057554,0.06865364850976362,-0.03196464365184918,0.00041109969167523125,0.02106994195700669,-0.015827338129496403,-0.045632065775950664,-0.0801644398766701,0.25056526207605345,0.24645426515930113,-0.00472764645426516,0.15313463514902365,-0.025077081192189106,-0.11408016443987667,0.02076053442959918,-0.20945529290853035,-0.10606372045220966,-0.04049331963001028,0.01500513874614594,-0.09948612538540597,0.08776978417266187,-0.04882059721745453,0.05508735868448099,-0.0974306269270298,-0.26885919835560124,-0.2168550873586845,-0.14367934224049334,-0.03340356651720573,-0.0961973278520041,-0.1143943677958461,-0.09455292908530319,-0.048304213771839674,0.034532374100719423,-0.02487153134635149
0.08448098663926003,0.16156217882836588,0.041009301662661805,0.11387461459403907,0.061459403905447074,-0.044193216855087356,0.17441800732214807,0.047482014388489216,-0.09137160195014123,0.12045220966084276,-0.0355601233299075,0.18211716341212744,1.0,0.14758478931140803,0.052826310380267215,0.08263103802672148,0.2585817060637205,0.08509763617677288,0.23699897225077082,-0.04357656731757451,0.11634121274409044,0.048304213771839674,0.04295991778006167,-0.005549845837615622,0.15457348406988697,0.0073997944501541625,0.18581706063720455,0.06711547364841644,0.10092497430626927,0.1751284686536485,0.10626927029804728,0.0735868448098664,0.24748201438848924,0.18273381294964028,0.31346351490236385,-0.13463514902363824,0.06330935251798561,0.22795477903391573,0.010071942446043166,0.15950668036998975,-0.0067831449126413155,0.32559095580678316,0.287153134635149,-0.04974306269270298,0.044604316546762585,0.16094552929085304,0.2655704008221994,-0.033710174717368965,0.013566289825282631,0.0709146968139774,-0.19280575539568348,0.08088802107397204,0.11017471736896198,-0.0067831449126413155,0.009147438215480955,-0.07790339157245633,0.016855087358684483,-0.04912641315519013,-0.02117163412127441,0.27112024665981505,0.25755395683453236,0.5724563206577595,0.26187050359712233,0.19794450154162385,0.20369989722507706,0.02497558973440306,-0.08057553956834533,0.28221993833504627,-0.044709389030721525,0.06228160328879754,0.14872295615506675,-0.005344295991778006,0.21027749229188078,-0.0433710174717369,0.14922918807810895,0.23350462487153137,0.020966084275436794,0.16813977389516957,-0.0018499486125385406,-0.025077081192189106,-0.03329907502569373,-0.12332990750256938,-0.0959917780061665,0.06700924974306269,0.0394655704008222,-0.010894141829393628,0.004522096608427544,-0.06711547364841644,-0.0565262076053443,-0.05200411099691676,-0.19383350462487153,0.05673175745118191,0.022610483042137718,0.02456446891572975,0.08036998972250771,-0.09609949136488419,0.016649537512846865,0.08098663926002056,0.09352517985611512,0.031654676258992806
0.053854059609455295,0.046248715313463515,-0.05210956376684094,0.1773895169578623,-0.02548818088386434,-0.13484069886947586,0.13823937527889757,0.08756423432682425,-0.05457628867888075,0.07420349434737925,0.1747173689619733,0.2024665981500514,0.14758478931140803,1.0,0.48879753340185,0.15930113052415212,0.20534429599177803,0.1934224049331963,0.25077081192189105,0.11325796505652622,0.3656731757451182,0.065775950668037,0.19280575539568348,-0.11264131551901337,0.11613566289825283,0.023227132579650568,0.05611510791366906,0.12549462990002522,0.0526207605344296,0.22302158273381295,-0.04604316546762591,-0.04501541623843783,0.023227132579650568,0.01932168550873587,0.2039054470709147,-0.006988694758478932,-0.022404933196300103,0.09948612538540597,-0.09044193216855087,0.043782117163412126,0.02548818088386434,0.2785200411099692,0.14635149023638233,0.044604316546762585,0.26187050359712233,0.1327852004110997,0.25467625899280577,0.13093525179856116,-0.033504624871531344,0.051387461459403906,-0.1761562178828366,-0.1193278176199257,-0.0421377183967112,0.047687564234326824,-0.02888123751179942,-0.21253854059609456,-0.013771839671120247,0.015621788283658787,-0.11099691675231245,-0.02918807810894142,-0.047687564234326824,0.1052415210688592,0.21397738951695788,0.1303186022610483,0.15169578622816035,0.23875841544451976,-0.16628982528263106,0.07934224049331963,-0.054165167860207454,-0.007810894141829393,0.044709389030721525,-0.013360739979445016,0.049331963001027754,-0.22816032887975335,-0.09763617677286741,-0.07214799588900309,-0.09064748201438848,0.03103802672147996,0.010277492291880781,-0.16916752312435768,-0.1958890030832477,-0.12641315519013363,0.06166495375128469,0.03062692702980473,-0.06721479958890031,0.051387461459403906,-0.0067831449126413155,-0.08664371253539827,-0.025077081192189106,-0.12291880781089415,-0.16361767728674204,-0.08982528263103802,-0.27112024665981505,0.000308340614004976,-0.053854059609455295,0.0029806259353814344,0.08961973278520041,-0.026927029804727647,-0.16320657759506682,0.04295991778006167
-0.052826310380267215,-0.120863309352518,-0.002775065526044784,0.01891058581706064,-0.09311408016443988,-0.1724563206577595,0.006886273712777797,0.02487153134635149,-0.16742895340470196,0.02918807810894142,0.1958890030832477,0.09784172661870505,0.052826310380267215,0.48879753340185,1.0,-0.020966084275436794,0.1656731757451182,0.17430626927029805,0.255087358684481,0.11346351490236382,0.34326824254881816,0.1617677286742035,0.354573484069887,0.005960945529290853,0.16320657759506682,0.06824254881808839,0.17307297019527237,0.333932884967389,0.13627954779033916,0.3190133607399795,-0.1103802672147996,-0.06865364850976362,0.015621788283658787,0.046659815005138744,0.19218910585817062,-0.08776978417266187,-0.046454265159301136,0.02158273381294964,-0.15601233299075026,0.0526207605344296,-0.056937307297019533,0.2552929085303186,0.16217882836587874,0.04604316546762591,0.20781089414182938,0.15436793422404932,0.2039054470709147,0.18581706063720455,-0.15457348406988697,-0.028982528263103807,-0.13895169578622815,-0.15776761416587937,-0.0526207605344296,-0.03144912641315519,-0.10678863265039001,-0.19424460431654678,-0.0020554984583761563,-0.046248715313463515,0.0067831449126413155,0.04131551901336074,0.05364850976361768,0.05570400822199383,0.19938335046248715,0.1514902363823227,0.17163412127440908,0.5333264820239402,0.0,0.21603288797533401,0.14707847288037354,0.16670092497430627,0.12385014662533203,0.18663926002055498,0.15601233299075026,0.00472764645426516,0.07852004110996917,0.06125385405960946,0.05837615621788284,0.2561151079136691,-0.046659815005138744,-0.1751284686536485,0.049331963001027754,-0.06536485097636177,0.0762589928057554,0.1969167523124358,0.06372045220966084,0.2665981500513875,0.03864337101747174,0.1269335527653818,-0.0006166495375128469,-0.023638232271325797,-0.03473792394655704,-0.021377183967112023,-0.1656731757451182,0.1185055759825791,0.023227132579650568,0.03648697265725549,0.15642343268242548,0.07153134635149024,-0.1934224049331963,-0.0131551901336074
0.071120246659815,0.3681397738951696,0.10904979715309318,0.11695786228160329,0.1747173689619733,0.10359712230215828,0.42561282753153523,0.35560123329907506,0.2284803949776872,0.24275436793422406,-0.07975334018499487,0.20739979445015416,0.08263103802672148,0.15930113052415212,-0.020966084275436794,1.0,0.1445015416238438,0.2789311408016444,0.18992805755395686,-0.09393627954779034,0.15847893114080164,0.09044193216855087,0.20472764645426517,-0.06207605344295992,0.0947584789311408,0.14902363823227133,-0.12065775950668037,0.05519296990689071,0.030832476875642344,0.046659815005138744,-0.022610483042137718,0.06022610483042138,0.05940390544707092,0.00328879753340185,0.024254881808838648,-0.0024665981500513875,-0.10051387461459405,0.08920863309352517,0.0012332990750256938,0.3167523124357657,-0.20349434737923947,0.05734840698869476,0.008633093525179856,-0.14984583761562179,0.0328879753340185,-0.17183967112024667,-0.10585817060637205,-0.16464542651593014,-0.05734840698869476,-0.1669064748201439,-0.13340184994861254,0.252736523279412,0.18232271325796506,0.03001027749229188,0.16064545989659249,0.06413155190133607,0.22425488180883865,0.11346351490236382,0.018088386433710177,-0.018088386433710177,0.024665981500513877,0.05796505652620761,0.027338129496402876,0.039876670092497436,-0.07769784172661871,-0.13351148586415462,-0.08530318602261049,-0.020966084275436794,-0.1257001903093619,0.044809866392600206,-0.0831491855766752,0.04707091469681397,-0.05220966084275437,-0.06125385405960946,0.05323741007194245,0.15765673175745118,-0.08448098663926003,-0.0487153134635149,-0.028776978417266185,-0.05035971223021583,-0.2406988694758479,-0.34018499486125386,-0.1603288797533402,0.016649537512846865,-0.16258992805755396,-0.17923946557040082,-0.12394655704008223,-0.23259160316442024,-0.20760534429599178,-0.2840698869475848,-0.17019527235354576,-0.04707091469681397,-0.14984583761562179,-0.0547818490882174,-0.0855087358684481,-0.18449046737964397,-0.22774922918807813,-0.23617677286742036,-0.03001027749229188,-0.19054470709146967
-0.0263103802672148,0.061459403905447074,0.05724857400025721,0.028982528263103807,0.0842754367934224,-0.02219938335046249,0.2311526802990637,-0.0020554984583761563,-0.11747777393589584,0.08982528263103802,0.04439876670092498,0.3105858170606372,0.2585817060637205,0.20534429599177803,0.1656731757451182,0.1445015416238438,1.0,0.07708119218910586,0.5521068859198356,0.16752312435765676,0.32004110996916757,0.357245632065776,0.12579650565262077,0.05467625899280575,0.23042137718396713,0.25303186022610485,0.118191161356629,0.1918906421157634,0.18458376156217884,0.28221993833504627,-0.018499486125385406,0.11079136690647481,-0.03186022610483042,0.04357656731757451,0.21336073997944502,-0.047687564234326824,0.05077081192189106,0.05303186022610483,-0.15087358684480986,0.2768756423432683,-0.14018499486125385,0.29003083247687567,0.0526207605344296,-0.0487153134635149,-0.12004110996916752,-0.02959917780061665,0.2147995889003083,-0.06433710174717369,-0.011305241521068859,0.03782117163412128,-0.009249743062692703,-0.008941877806144303,0.07214799588900309,-0.020966084275436794,0.04306490575602832,-0.021788283658787256,0.0039054470709146967,-0.07194244604316546,-0.040698869475847894,0.31860226104830425,0.11798561151079136,0.13977389516957864,0.06927029804727647,0.21089414182939364,0.25981500513874617,-0.009764119443490907,0.06557040082219938,0.3305241521068859,0.1789403363275544,0.11017471736896198,0.19538516907448644,0.07995889003083248,0.03741007194244605,-0.04357656731757451,0.3183967112024666,0.2168550873586845,0.04008221993833505,0.21233299075025697,-0.054265159301130524,-0.013360739979445016,0.09434737923946558,-0.12846865364850976,-0.22281603288797533,0.008427543679342241,-0.039260020554984586,0.04234326824254882,0.05775950668036999,0.09548281013687422,0.12250770811921892,-0.12415210688591984,-0.2104830421377184,-0.046248715313463515,-0.11695786228160329,0.011408602718184111,-0.14676258992805757,-0.07821573575259558,-0.05015416238437821,0.029393627954779036,0.10318602261048304,0.023638232271325797
-0.048920863309352525,0.11613566289825283,0.295081967602762,-0.05981500513874615,-0.032065775950668035,0.23186022610483045,0.4169792903393959,0.4324768756423433,0.3018654611108715,0.11490236382322713,0.01644398766700925,0.017060637204522097,0.08509763617677288,0.1934224049331963,0.17430626927029805,0.2789311408016444,0.07708119218910586,1.0,0.27667009249743063,-0.005960945529290853,0.29290853031860226,0.21500513874614596,0.30914696813977394,-0.06289825282631038,0.033093525179856115,-0.012538540596094553,-0.04090441932168551,-0.05190400335750429,0.011099691675231244,0.12641315519013363,-0.03329907502569373,0.028982528263103807,0.0039054470709146967,0.12168550873586846,0.18458376156217884,-0.08756423432682425,-0.13216855087358687,0.005344295991778006,0.05878725590955807,0.28345323741007195,-0.11634121274409044,0.06187050359712231,0.1710174717368962,-0.11490236382322713,-0.02589928057553957,-0.0263103802672148,0.03391572456320658,0.021993833504624874,-0.10668036998972251,-0.1738951695786228,-0.28838643371017475,0.2077187936346855,0.18520041109969168,-0.07153134635149024,0.20627987076932894,0.1669064748201439,0.29373072970195274,0.16402877697841728,-0.05179856115107914,-0.15950668036998975,-0.07399794450154162,0.10236382322713258,0.11490236382322713,0.03699897225077081,0.04809866392600205,0.13659489200420435,-0.01747173689619733,0.03699897225077081,-0.12364458621599538,0.3564234326824255,-0.04388714739337491,0.1671120246659815,-0.021788283658787256,0.0801644398766701,-0.05734840698869476,0.041726618705035974,-0.03843782117163413,0.0067831449126413155,-0.04193216855087359,-0.08735868448098665,-0.1712230215827338,-0.2785200411099692,-0.12826310380267214,-0.03843782117163413,-0.21644398766700929,0.071120246659815,-0.19506680369989723,-0.23033043866171707,-0.18705035971223025,-0.18335046248715314,-0.09373072970195273,0.03391572456320658,-0.09023638232271326,-0.08273806475800188,-0.048920863309352525,-0.21285780386810174,-0.1500513874614594,-0.2156217882836588,-0.06906474820143885,-0.18602261048304214
0.011716341212744091,0.0867420349434738,0.2029909042199425,-0.03905447070914697,0.07790339157245633,0.06104830421377184,0.28007605772118654,0.14244604316546763,-0.011203042308847461,0.14018499486125385,0.06433710174717369,0.20596094552929087,0.23699897225077082,0.25077081192189105,0.255087358684481,0.18992805755395686,0.5521068859198356,0.27667009249743063,1.0,0.16526207605344295,0.3889003083247688,0.3648509763617678,0.2538540596094553,0.07708119218910586,0.24378211716341214,0.19280575539568348,0.1327852004110997,0.2029909042199425,0.20452209660842754,0.29763617677286747,-0.041726618705035974,0.051387461459403906,0.06248715313463515,0.1013360739979445,0.24604316546762592,0.0051387461459403904,0.028776978417266185,0.0959917780061665,-0.14244604316546763,0.2840698869475848,-0.16217882836587874,0.2857142857142857,0.16546762589928057,-0.12456320657759508,-0.05817060637204522,-0.0421377183967112,0.24131551901336074,-0.04809866392600205,-0.05673175745118191,-0.022816032887975332,-0.10770811921891059,0.07965465861795214,0.11757451181911614,-0.09928057553956836,0.08664371253539827,-0.009660842754367936,0.07564234326824255,-0.02857142857142857,-0.07050359712230216,0.22384378211716344,0.09516957862281604,0.16382322713257966,0.1537512846865365,0.22507708119218914,0.25837615621788285,0.09281052481549779,0.10277492291880781,0.3019527235354574,0.17339020527546484,0.1983556012332991,0.222724703516261,0.1685508735868448,0.13586844809866394,0.07173689619732786,0.27379239465570404,0.19938335046248715,0.12004110996916752,0.29023638232271326,-0.06228160328879754,0.00328879753340185,0.09907502569373072,-0.1710174717368962,-0.18437821171634122,-0.006166495375128469,-0.08468653648509764,0.09393627954779034,0.006166495375128469,0.07328228592851596,0.0565262076053443,-0.08735868448098665,-0.19177800616649537,0.027954779033915727,-0.0526207605344296,0.056837453181583904,-0.12271325796505653,-0.1493396373830767,-0.054881808838643374,0.034532374100719423,0.06269270298047276,-0.007810894141829393
