0,1,2,3,4,5,6,7,8,9,10,11,12,13,14,15,16,17,18,19,20,21,22,23,24,25,26,27,28,29,30,31,32,33,34,35,36,37,38,39,40,41,42,43,44,45,46,47,48,49,50,51,52,53,54,55,56,57,58,59,60,61,62,63,64,65,66,67,68,69,70,71,72,73,74,75,76,77,78,79,80,81,82,83,84,85,86,87,88,89,90,91,92,93,94,95,96,97,98,99
1.0,-0.07624572671708275,0.10660450674752962,-0.1249352532891329,-0.13229047964363408,0.005179736869367036,0.3187174640420421,0.026883530609104478,0.07769605304050553,-0.05252253185538174,0.07179115300942711,-0.049829068683310884,0.05314410027970579,0.13555722467057113,0.1469049471020379,0.23764632756655962,0.07085880037294105,0.104892388214714,0.052004558168445035,0.28364239096653887,0.14959080078732,-0.16326530612244897,0.09240650574950793,-0.00859836320314928,-0.01025587900134673,-0.21625961520811404,0.19408976722989302,-0.01895783694188335,0.11007225923766284,-0.18647052729721328,0.13829897441209985,0.20998653268413964,0.15322455343012276,-0.027764827802077684,0.016782347456749197,0.2960296289615262,0.05827354900817444,0.1977156769459572,0.029420905418004763,0.10318035843779136,0.2382222683454171,0.018337218361819965,-0.028177768569356675,0.11483774057877577,0.03221796332746296,0.14125508279581486,0.10737872630572944,0.2353672433440381,0.3716979177457785,0.22583652750440275,0.3192789806277841,-0.07396664249456127,0.07816425373629798,-0.13042577437066197,-0.06443592665492592,0.11778721640940638,0.031907179115300936,-0.054336847030733326,0.008080389516212576,0.14260184926178154,-0.006319278980627783,0.14275354811975552,0.11002331017091978,0.09126696363824717,0.1902566626729109,0.1303773536476223,0.3142627749623061,-0.009530715839635344,-0.06775446784536868,0.11996270589454054,0.14316792706930487,-0.002745473861534709,0.01579860661999396,0.0870195794053662,0.060709660791110155,-0.15736040609137056,0.22065679063503574,-0.029213715943230082,0.02185848958872889,0.08608722676888013,-0.11695845851030766,0.10349114264995338,-0.15083393763596809,-0.02859362863199045,0.05231534238060706,-0.0004143789495493629,0.13581270071480367,-0.08660520045581684,0.23283520248155032,0.08795193204185227,0.009530715839635344,0.0865016057184295,-0.02040816326530612,0.00771800782419377,-0.019217321495140195,0.09717186366932559,0.0997617321040091,0.12426510584054266,0.2993887910494147,0.20418522739044856
-0.07624572671708275,1.0,0.4621600627801066,0.47000932352636476,0.4628612866466383,0.27442245933906556,0.10986506439674489,0.6336536222373316,0.2215891432715218,0.09323526364860664,-0.050554231845022266,0.030664042266652855,-0.2879933699368072,-0.21273730291250884,-0.17725977749759297,0.24603750129493418,0.033253910701336375,0.17896454384288238,-0.027866984357194653,-0.0987257847301357,-0.06702579508960944,-0.036361752822956596,-0.0697192582616803,0.1574640008287579,0.022998031699989638,-0.032270596472971265,-0.09981611461222414,-0.09385683207293068,-0.029991453222873776,-0.12980420594633793,0.07500258986843468,-0.005594115818916398,-0.045066045126506686,-0.022170422200166507,-0.16212576401118822,-0.0352749216662816,-0.04387350756437667,-0.14695294092105857,-0.09458199523464207,-0.02455195276079975,-0.1263370542497222,-0.10587930602135595,-0.20377084844089918,-0.07640309758849538,-0.07873200041437894,-0.15316878614859716,-0.14943927901207402,-0.18035843779136018,-0.11654407956075831,-0.0661970371905107,-0.006526468455402465,0.5945301978659484,0.23190282569741952,0.29752408577644257,0.44286750233088157,0.2053247695017093,0.5825132083290169,0.4052213101252877,0.09996892157878379,-0.1151485328401527,0.06857971615041956,-0.3521185123795711,0.07334887344727986,-0.14088884284678338,-0.12530108004513243,-0.16580767144459235,0.13048095106808127,-0.02330881591215166,0.03460243464885801,0.20439241686522325,-0.10266238475085465,0.05610090928381301,0.019217321495140195,0.06267481611934114,0.19870499897158583,0.14296073759453018,0.011499015849994819,0.13270485859318346,-0.03397907386304775,0.06878690562519424,0.04868952657205013,-0.17238164301253495,-0.1612970061120895,-0.10991971006718068,-0.08556925308194342,-0.20397803791567384,-0.09033461100176111,-0.11965192168237851,-0.06977286267912088,-0.054076452916191856,0.07303428985807521,0.11561172692427224,0.0200973790531441,0.032581388734348196,-0.12934137944303253,-0.11903035325805447,-0.1524914534341655,-0.2155344332649012,-0.04692841603646534,-0.02196208432611623
0.10660450674752962,0.4621600627801066,1.0,0.22015022044557864,0.42413882470785835,0.5025641032383539,0.1782485949469911,0.6101686137403687,0.4323232329032469,0.05594405601911175,-0.05376845384059074,0.06537166545936948,-0.14649054668708153,-0.09484835145246753,-0.05750103605470368,0.19052059077619724,0.11199171214196259,0.31769794618131253,0.07428127438093171,0.010981610996344158,-0.0024864024897383002,0.025278425312339387,0.05604765612285085,0.2019166021874978,0.048692048757375046,-0.030407417969742456,-0.13142013524571824,-0.17518777542281105,0.0710197104540322,-0.06184926193224021,0.12473452490187138,-0.1299145300888262,-0.044861168669705756,-0.021031910484873597,-0.14255374274499588,0.032168665347887676,-0.09588437932196471,-0.19244217675910258,-0.060709660791110155,0.0548044548779817,-0.09868165456960712,-0.12028595109821795,-0.17425537448915918,-0.13276697147606462,-0.12380212396821953,-0.16136134067418695,-0.11587971720326042,-0.13032893050378258,0.03211603215911971,-0.06734006743041229,0.06278166286589207,0.4791504797933182,0.19109534052875626,0.2011914014613241,0.5050505057280922,0.4736596742951462,0.479875680519492,0.4429537156035226,-0.013778813797299746,-0.13691108295405333,-0.026003626038513056,-0.17290857314055094,0.18421052631578944,-0.032634032677815186,0.007407599266904891,-0.051853194868334236,0.19316739626775062,0.099456099589532,0.12992125984251968,0.3062419066527673,0.003833203838346546,0.1173362344010056,0.1118392085122214,0.05946645954624101,0.14484044757563197,0.047138047201288606,0.09489769502501179,0.12473452490187138,-0.0017612017635646293,-0.06050246058363196,-0.017094017116950813,-0.19611499637810842,-0.16824656847229164,-0.08008702859510981,-0.18679098704158978,-0.20077700104636773,-0.07573167583327906,-0.23413623445035658,-0.010412080088446735,-0.12525252542056686,-0.04910644917233142,-0.026936026972164916,0.04827764834241866,0.033619104365183734,-0.0621098707763564,-0.1585081587208166,-0.16358456380403233,-0.21316273414904635,0.08060088070901655,-0.029526029565642316
-0.1249352532891329,0.47000932352636476,0.22015022044557864,1.0,0.44172796021962085,0.017714700093235263,0.09981611461222414,0.3288700112470218,-0.004661763182430332,0.019683000103594736,-0.1093960426810318,-0.04827514762250078,-0.3499430228944369,-0.16332133335357693,-0.11095571110457164,0.28001657515798195,-0.0440277633896198,0.07443474659977482,-0.022687247487827616,0.005283331606754376,-0.07365585828239925,0.0351186159743085,-0.04464933181394385,0.03335750543872371,0.044545737076556506,0.024915179620383917,-0.07598870790665947,-0.04185227390448565,0.0093755665515374,-0.06246762664456645,0.012431368486480885,-0.017818294830622604,0.02113442116277555,0.04516964523024579,-0.035740184398632545,-0.01745616534733759,0.05019295021237426,-0.09059594419137519,0.02455195276079975,0.05998135294727027,-0.01735256792687861,-0.11333851349057085,-0.09914016367968506,-0.02895547901828401,0.06402154770537656,-0.1467457460801406,-0.024086400256712104,-0.10887806899409509,-0.06826893193825753,0.02558790013467316,-0.05935978452294623,0.4532269760696156,0.29043536825674143,0.5030560447529265,0.2147518906039573,-0.032321558064850306,0.3997720915777478,0.16984797084249245,0.061224489795918366,-0.1612493849443974,-0.08743395835491556,-0.3541904071273179,-0.1247345249018714,-0.16823785351704132,-0.11680609156749631,-0.11918883223805278,0.127165833613394,-0.07427742670672328,0.05387205394432983,0.11488656376256086,-0.035532994923857864,-0.016731850137277564,-0.011240320119798981,0.09810421630581166,0.02113442116277555,0.059670568735108245,0.03698332124728063,0.009219931627473324,0.03397907386304775,0.04413135812700714,0.03646534756034393,-0.025898684346835177,-0.007976794778825234,-0.033462833507727954,-0.11892675852066714,-0.02040816326530612,0.026520252771159224,-0.00859836320314928,-0.003056123903539815,0.01864705272972133,0.12483165855174556,0.16678752719361856,0.06775095825132083,0.035896506189035456,-0.07774986405446209,-0.15591007976794777,-0.10359473738734071,-0.07174121366784142,-0.06350357401843985,0.08163265306122448
-0.13229047964363408,0.4628612866466383,0.42413882470785835,0.44172796021962085,1.0,0.39386719154666944,-0.026572738347727547,0.45670922809339914,0.20470320107738527,0.0618460582202424,-0.04050554231845022,0.088780689940951,-0.26551331192375427,-0.24164098322056338,-0.2060606063370616,0.14006008494768463,-0.02051175800269346,0.1409442905344379,-0.06878690562519424,-0.05449083186574122,-0.177561379881902,0.07148036879726509,-0.06485030560447529,0.19051072205531958,0.000725163161711385,0.03931522106418169,-0.18269405097940555,-0.05687351082565005,-0.040040403007394525,-0.01864705272972133,0.04713560551124003,-0.15508132186884904,-0.06682206691171681,0.02413882417120933,-0.11353983217652543,-0.07267359045197222,0.041076377211984295,-0.26308564925557154,-0.08080389516212576,-0.02196208432611623,-0.1276838207156889,-0.1119917121419626,-0.21361234849269656,-0.12353992389732982,-0.028488552781518697,-0.2525187123687559,-0.14612416155738675,-0.21568424324044336,-0.0837045478089713,-0.10069408474049518,-0.051797368693670354,0.45519527607997506,0.1383543550229635,0.38340412307054794,0.6074795400393659,0.2566041645084429,0.41002797057909457,0.4034601539774851,0.023412410649539,-0.14643495381876367,-0.06412514244276389,-0.3306744017403916,-0.031805231847902425,-0.17559307987154252,-0.19833726146871106,-0.20817901641231384,0.07339877239518505,-0.019475810628820055,0.07552447562580088,0.1160261058738216,-0.12928623225940122,0.054754073049852595,-5.1798710229488395e-05,0.026934631720708584,0.10069930083440115,0.11654407956075831,-0.02030456852791878,-0.0006215684243240443,-0.0117062053247695,-0.09561794260851547,0.09271728996166995,-0.107634932145447,-0.11395421112607479,-0.044340844400333014,-0.21951724852377497,-0.12099865326841396,-0.01647156324458717,-0.07873200041437894,-0.0017093574375731172,-0.08940225836527503,-0.02030456852791878,0.007562415829275872,0.04423495286439449,0.05734117222404365,-0.07495273370206972,-0.20491039055215995,-0.22303946959494456,-0.21315169259434474,0.036672537035118614,-0.04133430021754895
0.005179736869367036,0.27442245933906556,0.5025641032383539,0.017714700093235263,0.39386719154666944,1.0,0.05350806766706151,0.42138250771688807,0.4478400497254739,0.09592872682067749,-0.023826789599088363,0.0758313477675334,-0.06857971615041956,-0.104892388214714,-0.16016576038064215,0.030767637004040192,0.06847612141303222,0.2775892881198283,0.005076142131979695,0.019993784315756758,-0.027038226458095928,0.018336268517559307,-0.013778100072516316,0.20843261162332954,0.0636071687558272,0.0031597213239987917,-0.1486104996484022,0.03874443178286543,0.07785346147492105,0.01025587900134673,0.07334507407023723,-0.11747643219724437,-0.042683242740507485,0.006630406639302133,-0.08774474256707758,0.05475123671256923,-0.0209784776429428,-0.20786822415093692,-0.08712317414275354,-0.014399668496840358,-0.09712258168029074,-0.016368816390777145,-0.15238785869677818,-0.08458729380475455,-0.19144307469180563,-0.10634275210113968,-0.15762347522833317,-0.11695845851030766,-0.004661763182430332,-0.0809074898995131,-0.01875064746710867,0.19734797472288407,-0.0455310662917203,0.008080389516212576,0.6042681031803584,0.6257122138195379,0.27980938568320723,0.4450027195815348,-0.041955868641872986,-0.11722048124933224,-0.06630063192789805,-0.13249766911840877,0.15104895125160175,-0.05676991608826271,-0.10468519337379605,-0.14612416155738675,0.05609800317853593,0.08132186884906246,0.10515410529518228,0.19341137470216513,-0.13249766911840877,0.15659561289470614,0.03050944032516866,0.0032114368590075624,0.10660450674752962,0.025898684346835177,0.07883559515176629,0.09396042681031802,-0.06091370558375634,-0.09137055837563451,0.09323526364860664,-0.12679995856210505,-0.11219310059049,0.004040404045824737,-0.0880555267792396,-0.16357609033461099,-0.00725163161711385,-0.04754998446078939,0.03568931134811751,-0.10442349528643945,-0.1277323111985911,-0.14006008494768463,-0.019475810628820055,0.016627385983665775,0.011551112381175913,-0.061224489795918366,-0.15104112711074277,-0.2083862112532318,0.09748264788148761,-0.05676991608826271
0.3187174640420421,0.10986506439674489,0.1782485949469911,0.09981611461222414,-0.026572738347727547,0.05350806766706151,1.0,0.16928256928256927,0.14653855123922266,0.1410478879548969,0.0830333324978699,0.06490378391754896,-0.03641449329133034,0.1326081326081326,0.165401849365226,0.3515578463275377,0.0919427106573419,0.08225848225848224,0.0865556447934751,0.15741628038741523,0.22413301916299627,-0.11318018185143214,-0.08665924221393409,0.06262464066745146,0.19067105235474677,-0.17518777518777517,0.02185962185962186,-0.13856154986388144,0.27122507122507117,-0.10800031082848331,0.1652896843422975,0.2753101448697308,0.29210805780473204,-0.10251495768674672,-0.11981041676080666,0.16306656306656303,0.055736855736855724,0.3417767417767417,0.23065965665191185,0.4202429360918393,0.2452214452214452,0.11919500638565143,0.0196317111769761,0.13219373219373218,-0.061795861303779655,0.2342398342398342,0.20326340326340323,0.09256429518009575,0.2257905778903399,0.32690166025830125,0.19564372853677764,0.1164952993061194,0.25527065527065523,-0.01745616534733759,0.003574111005834699,0.14270544668224053,0.149542876432533,0.02942242942242942,0.14716013576197653,0.17394457394457394,0.09214990549825985,0.04677423533722802,0.1284156544241764,0.08230815055465707,0.15850815850815847,0.1389277389277389,0.4379176379176378,-0.15834865717154603,-0.12147426769854525,0.0919427106573419,0.15803786491016908,0.0035225859972668767,-0.12981092981092981,0.3604672244870097,0.16301898526538247,0.031027427427463547,0.2748957551878949,-0.005853254255932189,0.04843179406457165,0.24485250325479163,-0.12198596259044517,-0.04035119526877146,-0.06262464066745146,-0.034033515512982615,-0.07992540988410059,-0.09391106164606246,0.07930382536134674,-0.17430265992222843,0.1708365708365708,0.22112869396968596,0.19605811821861358,0.28090440557451557,0.2191603429809654,-0.033566433566433566,0.13188293188293185,0.07909663052042877,0.1821760638771107,0.020616420616420612,0.11193701280592441,0.26173888278960483
0.026883530609104478,0.6336536222373316,0.6101686137403687,0.3288700112470218,0.45670922809339914,0.42138250771688807,0.16928256928256927,1.0,0.3699981871692356,0.03827924685959192,-0.03672528555270727,0.09121752871412907,-0.2168811997308679,-0.16182336182336182,-0.1471677588620755,0.23283520248155032,0.10064489397589596,0.3773115773115773,-0.000258993551147442,-0.05951671805368217,-0.010515138176586144,0.031027427427463547,0.030198648063791734,0.23542513799302475,0.1106938437604167,0.03926443926443926,-0.14483294483294482,-0.11525213026061167,0.006837606837606837,-0.08728082673668794,0.0584807438490924,-0.056615990280830815,-0.07609624701456842,0.034240721086882045,-0.09007795708908031,-0.003211603211603211,-0.10836570836570836,-0.21766381766381765,-0.17616741349049003,-0.06096708194010784,-0.15529655529655528,-0.10883472769067956,-0.1990624434119239,-0.14234654234654232,-0.1490248893302381,-0.20367780367780366,-0.1708365708365708,-0.1303773536476223,-0.09069954161183418,-0.15658750102374341,-0.013415865949437495,0.5203180442552109,0.18306138306138306,0.17471704960406437,0.5129626274026235,0.3616067961120585,0.6710522910230222,0.5159285159285159,0.000258993551147442,-0.12214452214452214,-0.006371241358227073,-0.2780036778016642,0.15234789820956143,-0.07712827953170821,-0.09997409997409996,-0.1447293447293447,0.17788137788137784,0.08987076224816236,0.10924913883847844,0.3641967316235329,-0.08251534539557501,0.1441152094764184,0.1652421652421652,0.04635984565539211,0.2323292497347443,0.10240605012369856,0.012794281426683632,0.19284659818438527,-0.08406930670245967,-0.003574111005834699,0.024189997677171077,-0.2417445806410223,-0.21926394040142438,-0.07930793341000972,-0.10717153146481148,-0.2547978556188534,-0.13897593954571735,-0.1754422315472772,-0.10007770007770006,-0.15503353971685876,-0.06521457617892588,-0.015591411779076006,-0.0455310662917203,-0.026107226107226104,-0.17249417249417245,-0.1253010800451324,-0.22299344753794756,-0.2719502719502719,-0.03496412940490467,-0.1218823651699862
0.07769605304050553,0.2215891432715218,0.4323232329032469,-0.004661763182430332,0.20470320107738527,0.4478400497254739,0.14653855123922266,0.3699981871692356,1.0,0.1819123588521703,0.03149280016575158,0.027763389619807313,-0.009530715839635344,-0.05982751031505909,-0.0008288008299127666,0.013363721122966953,0.014399668496840358,0.11266219474913726,-0.02040816326530612,0.0496218792085362,0.1020408163265306,-0.20853620636071687,-0.031389205428364236,0.11188231637832796,0.1330156428053455,-0.09173551581642395,-0.019838906017894054,-0.006630063192789806,0.17772137479737468,-0.18512379571117787,0.06526468455402465,0.04185227390448565,0.023206423237557467,-0.15249935270394907,-0.1745571324976691,0.10862189535123716,0.04397710498483565,0.014451840154027262,-0.007562415829275872,0.08235781622293588,0.04480588434850746,0.07438487448467081,-0.1175800269346317,0.042630338518868945,-0.11706205324769502,0.0919427106573419,-0.05568361349670002,0.055215995027452607,0.08215062674816118,0.06101730032114368,-0.035532994923857864,0.18968196415622085,0.003988500687670606,0.06402154770537656,0.3427949860147104,0.5038848026520253,0.15487413239407435,0.5474605684154629,0.045478089713042576,0.0070964233014399105,0.024033979073863045,-0.00901274215269864,0.19839419866036853,0.039573189681964153,0.13317448400001466,-0.005853254255932188,0.09629380231661892,0.021444110639179528,-0.06050246058363197,0.061224489795918366,0.027452605407645287,-0.020357947690247936,-0.031027427427463544,0.10639179529679892,0.1341621343421291,0.041230705480161604,0.20169895369315238,0.06350357401843985,-0.04060913705583756,0.1417176007458821,0.020718947477468143,-0.14669014814047446,-0.06826893193825753,-0.046102046163897646,0.021133326427017506,-0.22241790117062052,0.049311094996374184,-0.12255257432922406,0.08510528090704943,0.06505749507924997,0.022272868538278253,0.02258365275044028,0.15104112711074277,0.029991453222873776,-0.027194322870481406,0.09810421630581166,0.052418937117994405,-0.05205770378063584,0.1053558479229255,0.03397907386304775
-0.05252253185538174,0.09323526364860664,0.05594405601911175,0.019683000103594736,0.0618460582202424,0.09592872682067749,0.1410478879548969,0.03827924685959192,0.1819123588521703,1.0,0.4198694706308919,0.360613280845333,0.12835387962291514,0.0879024112594418,0.19093499119115362,0.13653786387651506,0.0892986636278877,-0.12571546972696832,0.04060913705583756,-0.05759867398736143,0.1506267481611934,-0.10318035843779136,-0.02797057909458199,0.19838392209675748,0.2259401222417901,0.025433166722678802,-0.004713682630883444,0.002797057909458199,0.19522933885494176,0.006008494768465761,0.09333885838599398,0.02165130011395421,0.0819476820576248,-0.12183372199717671,-0.049311094996374184,-0.07391675949747994,0.03050944032516866,0.11390536379464498,0.17548948513415516,0.34932145447011287,-0.10686073920343456,0.12121212137474213,-0.00145032632342277,0.09660459457799585,-0.08318657412203459,0.050400145053292204,-0.02553676414313778,-0.09012742152698641,-0.06588625297834869,0.009737905314410027,0.07956075831347767,0.10628820055941159,0.12343632647687085,0.02496633171034911,0.02714182119548327,0.13581270071480367,-0.012224179011706204,0.10168086818048572,0.5600331503159639,0.2817331849381874,0.3038433647570703,0.1236921164404848,0.19300699326593554,0.08484408992023205,0.1080003108284833,0.19978762535513675,0.14374142088683028,-0.055319589764839944,-0.06951566960893331,-0.11519734797472286,0.09737905314410027,-0.03496594068935714,-0.03092383000700457,0.15083393763596809,0.18813778839019804,0.29824924893815397,0.22707966435305085,0.10297316896301667,-0.02165130011395421,0.15425256396975032,0.0318035843779136,-0.10162643737698124,0.00145032632342277,0.13613053631317193,0.04734279498601471,-0.09655029524500156,0.051486584481508335,-0.0006215684243240443,-0.032270596472971265,0.09934735315445975,0.19123588521703094,0.23319175385890398,0.2706930487931213,0.06480018649708998,0.1312061330112941,0.028592147518906038,0.0753133740805967,0.0069928258809809326,-0.03853724230809075,0.03346110017611105
0.07179115300942711,-0.050554231845022266,-0.05376845384059074,-0.1093960426810318,-0.04050554231845022,-0.023826789599088363,0.0830333324978699,-0.03672528555270727,0.03149280016575158,0.4198694706308919,1.0,0.4544701129182637,0.14700093235263648,0.14995726611436888,0.2315462318568792,0.08909147415311301,0.17714700093235264,-0.09132112613458804,0.04558168445042991,0.02154770537656687,0.20346006422873716,-0.05159017921889568,0.09903656894229772,0.23961462757691906,0.289754480472392,0.1222967548518221,0.0015021625966551635,-0.07945716357609033,0.17533863412681822,-0.001035947373873407,0.03056044752926551,-0.01895783694188335,-0.029111629150685932,-0.06267806276215299,0.0200973790531441,-0.030613037745627642,-0.04097277979152532,0.002745331642162885,-0.024033979073863045,0.17548948513415516,-0.07598870790665947,0.01844081846555906,-0.05449083186574122,-0.023982802836253123,-0.08215062674816118,-0.04294113078024588,-0.07629950016803641,-0.013260126385579612,-0.036879726509893296,-0.06650782140267275,0.08225422148554852,-0.01015228426395939,0.04967496311007937,-0.057702268724748776,-0.08992023205221174,0.007355226354501191,-0.06402154770537656,-0.01642019114274782,0.40277633896198073,0.4551552667865145,0.39107013363721116,0.1437894954936289,0.07158767168371523,0.1300113954211126,0.1544119551941049,0.2222682655947347,0.18020771288839013,0.01574640008287579,-0.09158249170536072,-0.07500258986843468,0.14565420076660104,0.03900644939123841,0.09722617910074971,0.1628509271728996,0.29961150001346515,0.26779239614627576,0.13798819019993783,0.20055941158189164,-0.0997617321040091,0.029731689630166785,0.04692841603646534,-0.11343623743913808,-0.1015228426395939,0.09862729875961924,0.05935978452294623,-0.12327773749093546,-0.03470423702475914,-0.10359473738734071,-0.08634844995255715,0.00859836320314928,0.044545737076556506,0.12172381643012532,0.11840878483373043,0.02481158219992494,0.022428841529368474,-0.02797057909458199,-0.013985289547290995,-0.04563466371217927,-0.05594115818916398,-0.0920957215373459
-0.049829068683310884,0.030664042266652855,0.06537166545936948,-0.04827514762250078,0.088780689940951,0.0758313477675334,0.06490378391754896,0.09121752871412907,0.027763389619807313,0.360613280845333,0.4544701129182637,1.0,0.17289961669947165,0.185180389070421,0.2786842790581678,0.16616595876929452,0.38412928623225934,0.10427080369196014,0.2256293380296281,0.02154770537656687,0.26934631720708585,0.10690976898373562,0.21506267481611932,0.5137263027038226,0.2541178908111468,0.29706560316611597,-0.09567221779386506,-0.07945716357609033,0.24557768519800446,0.21112607479540038,0.05625194240132601,-0.1913394799544183,-0.08132608143519024,0.09261849274275168,0.01160261058738216,-0.12240035227228106,-0.11328377927189112,-0.18901349362740313,-0.07893918988915363,0.1603646534756034,-0.25686980402803294,0.009738409751475009,-0.11789081114679373,-0.1414622776367328,-0.23650678545529885,-0.16497889208092054,-0.14135868021627382,-0.173003211436859,-0.13197969543147206,-0.21029731689630166,0.051797368693670354,0.039573189681964153,0.12074279354493746,-0.06578265824096136,0.0580130529369108,0.10887806899409509,0.08204703201077385,0.023775607995335173,0.25940122241790114,0.29830877221162366,0.4345799233398943,0.10131565316481922,0.1486661488656025,0.13477675334093028,0.11711688382887325,0.25769858339170476,0.15741628038741523,0.17196726406298557,0.10132090145683573,0.10732414793328499,0.22811561172692427,0.23274366150708395,0.27582813197202566,0.1160261058738216,0.40507640561986474,0.4337511654407956,0.11706205324769502,0.3370972754584067,-0.0496218792085362,-0.1010048689526572,0.07054801616077903,-0.24769501709313163,-0.23723194861701025,0.1095053096522243,-0.11053558479229254,-0.17341759038640836,-0.16295452191028695,-0.15787837977830727,-0.19699049500274435,-0.1443074691805656,-0.0018647052729721327,0.023723194861701023,0.04609965813736662,0.029266271279660944,0.017041775665501684,-0.20470320107738527,-0.1345695638661556,-0.16352852819449484,-0.10297316896301667,-0.15528851134362373
0.05314410027970579,-0.2879933699368072,-0.14649054668708153,-0.3499430228944369,-0.26551331192375427,-0.06857971615041956,-0.03641449329133034,-0.2168811997308679,-0.009530715839635344,0.12835387962291514,0.14700093235263648,0.17289961669947165,1.0,0.30711455295063667,0.23330743362044382,-0.1373666217756138,0.16761628509271728,-0.07205200592921836,0.05428364239096654,-0.00580130529369108,0.10649539003418626,0.07976794778825234,0.0679581477260955,-0.03615456334818191,-0.09147415311302184,0.030820232586545596,0.09701898425983177,0.06723298456438412,0.07640309758849538,0.12742152698642908,-0.14099243758417074,-0.05045063710763493,0.07262367272110619,-0.0650608651481522,0.026313063296384543,-0.023050426052122333,0.08417290412291864,0.14519178477325595,0.14254635864498083,0.07003004247384231,0.06355701745158227,0.09220409232779529,0.2691391277323112,0.15751987780787421,-0.018336268517559307,0.2496179845959046,0.22703374693584763,0.06319278980627784,-0.024241168548637726,0.007873200041437895,-0.09054180047653579,-0.25567181187195687,-0.18808111684327236,-0.2162022169273801,-0.18584895887288924,-0.030767637004040192,-0.2140267274422459,-0.1129729870105142,0.01160261058738216,0.12074279354493746,0.18201595358955763,0.6816533720087019,0.31442631484815586,0.16751269035532992,0.14975007127345097,0.2147056539012294,-0.127269431033853,0.1238993059152595,-0.029940429980598697,-0.08784833730446492,0.07272350564591319,0.11629412866312118,0.05651239286037184,-0.02320522117476432,0.002693602697216492,-0.0071480368797265095,0.011188231637832797,0.03646534756034393,-0.13187610069408473,-0.019372215891432714,-0.03491142649953382,-0.006319278980627783,0.1653372008701958,0.14814814834690707,0.11799440588418107,0.06505749507924997,0.009634310577022687,0.056977105563037395,-0.025225971881760848,0.08505127939500673,-0.04496011602610587,-0.10411271107427743,0.07697088987879415,-0.01351946336989647,0.2436093342092839,0.196415622086398,0.23298456438412926,0.13845795244342246,-0.061535274008080385,-0.021444110639179528
0.13555722467057113,-0.21273730291250884,-0.09484835145246753,-0.16332133335357693,-0.24164098322056338,-0.104892388214714,0.1326081326081326,-0.16182336182336182,-0.05982751031505909,0.0879024112594418,0.14995726611436888,0.185180389070421,0.30711455295063667,1.0,0.5073946490862475,0.07474553886115175,0.36989458974877665,0.04527324527324526,0.42790914520580364,0.24443811357295572,0.27883245716533606,0.13410686078414544,0.3696873949078587,0.060759887099189884,0.003574111005834699,0.10971250971250969,0.23455063455063452,0.1378363679206686,0.2507122507122507,0.27116624805137174,-0.12571546972696832,-0.13980471890938917,-0.02274081173546327,0.07454220521032265,0.10903628503307307,0.1674177674177674,-0.011085211085211084,0.08008288008288007,0.0865556447934751,0.1321385097954249,0.09002849002849002,-0.030925431904491048,0.11162622054454749,0.11831131831131829,-0.000258993551147442,0.21269101269101265,0.24097384097384095,0.1785501541610465,0.189738675570616,0.11431975347648089,-0.07940742278180571,-0.13566082209103011,0.10494690494690492,-0.08904198288449054,-0.20921499061690363,-0.01590220404045294,-0.13503923756827624,-0.18306138306138306,0.03600010360949443,0.21196581196581193,0.11898163739713484,0.40687886885263136,0.19948716627168347,0.5523296471770348,0.47303807303807294,0.4228956228956228,0.12432012432012429,0.19605811821861358,0.11474008654681352,0.06863329105407212,0.29198932956362605,0.19653957755339013,0.17808857808857806,0.12219315743136312,0.06780802405859092,0.018388542131468382,0.24547408777754548,0.19833726146871106,-0.19844085888917,-0.11017585665812181,-0.060449094837812946,0.019424516336058146,0.03600010360949443,0.1576316403439971,0.14840330480748423,0.10126647849864981,0.06666494006535156,0.05858434126955138,0.11582491582491582,0.06925487557682598,-0.14115148537535588,-0.09898733524855231,0.0678045116904003,-0.1702149702149702,0.15799015799015795,0.10686073920343456,0.20538188605992147,0.17187257187257185,0.07163761624738245,0.10613555726022172
0.1469049471020379,-0.17725977749759297,-0.05750103605470368,-0.11095571110457164,-0.2060606063370616,-0.16016576038064215,0.165401849365226,-0.1471677588620755,-0.0008288008299127666,0.19093499119115362,0.2315462318568792,0.2786842790581678,0.23330743362044382,0.5073946490862475,1.0,0.057498057575198186,0.21486661515488478,-0.08003315291865774,0.21320901349505922,0.19797979824541212,0.43004403062098684,-0.05573685581163356,0.30396270437050715,0.17094017116950813,0.1092981094447461,0.07889352226221083,0.1676811106781198,0.021341621370253742,0.43632313723874055,0.10007770021196657,-0.016472416494516237,-0.11012691027465887,0.007977621218400332,-0.09946125155408204,-0.023828023859992043,0.07122691602793164,-0.011033696810145047,0.10873112490372984,0.10173530187179211,0.2901838905732074,0.03071822633059161,0.022482387070037295,0.029940429980598697,0.08624932013564086,-0.09344729357266444,0.1582532570656954,0.08614571734869114,0.10101010114561844,0.13105413122995624,0.10028490041944477,0.0772856773893655,-0.08277648288753758,0.16478023264352767,-0.04247604253302929,-0.2685314688917364,-0.005905205913128463,-0.1319865321636081,-0.15410914558770664,0.14566174585716876,0.28040094287941386,0.23755503787374677,0.32229992273232716,0.17426440116038122,0.3685055689999639,0.5491465722269843,0.7513792123528353,0.2361625528518839,0.027764827802077684,-0.05428926647326978,-0.0794612795678865,0.48681688747001134,0.08874038389797907,0.17462249740375096,0.26335146370478163,0.20223787815996683,0.12152292168595942,0.4220668226330765,0.2418026421270497,-0.06153846162102293,-0.011499611515039638,0.036052836101205354,-0.09842009855214104,-0.0869204870371014,0.18006630750103603,0.1344729346533464,0.016576016598255337,0.08246568257632028,-0.09437969450631631,0.033722707152133456,0.10619010633257323,0.03087283091425056,0.09002849014927429,0.19880859907532492,-0.05040275585103818,0.08262322259240071,0.034188034233901626,0.21351981380627652,0.15628480411365075,0.027557627594599492,0.12794612811778336
0.23764632756655962,0.24603750129493418,0.19052059077619724,0.28001657515798195,0.14006008494768463,0.030767637004040192,0.3515578463275377,0.23283520248155032,0.013363721122966953,0.13653786387651506,0.08909147415311301,0.16616595876929452,-0.1373666217756138,0.07474553886115175,0.057498057575198186,1.0,0.2694499119444732,0.2666079615511767,0.23298456438412926,0.21413032217963326,0.11592251113643426,0.14513622707966436,0.12089505853102663,0.21444110639179528,0.18584895887288924,0.0665613426448926,0.06821890137223621,-0.019683000103594736,0.14208386215948668,-0.002797057909458199,0.18957836941883352,0.1015228426395939,0.23558663590270393,0.2218078221054042,0.19237542732829171,0.06521457617892588,-0.04045479268923043,0.026883530609104478,0.09561794260851547,0.2566041645084429,0.07443474659977482,0.005076405083215696,-0.005283331606754376,-0.08324052733878785,0.049311094996374184,-0.11442335089693985,0.07743907179308514,0.06806174246348284,0.09313166891121931,0.019786594840982077,0.2112296695327877,0.24147933284989123,0.4891352206970589,0.1004868952657205,0.05645913187610069,0.014088884284678338,0.3664145861390241,-0.05392245734889742,0.19651921682378534,0.12799461297706582,0.08722676888014089,-0.08152905832383714,0.0027972028009555874,0.07313788459546254,0.016938178245042703,0.05754836706496161,0.45235813643412215,0.1256604164508443,0.15540015560864376,0.3541904071273179,0.22904796436341032,0.11318604504628942,0.12737302845431195,0.1476225007769605,0.23465423496905208,0.14627576919092508,0.19631202734901065,0.12793950067336576,0.04516730550088056,0.06443592665492592,-0.022169273800890912,0.021133326427017506,-0.10970682689319382,0.0696192697126724,-0.10442349528643945,-0.0032114368590075624,-0.033150315963949024,-0.0674401740391588,-0.02450078993854801,-0.04516730550088056,0.08670879519320418,0.2397182223143064,0.06215684243240443,0.016212996301829867,0.02771230997277629,-0.2068786905625194,-0.14130322179633276,-0.043666312723458715,0.04754998446078939,0.03418626333782244
0.07085880037294105,0.033253910701336375,0.11199171214196259,-0.0440277633896198,-0.02051175800269346,0.06847612141303222,0.0919427106573419,0.10064489397589596,0.014399668496840358,0.0892986636278877,0.17714700093235264,0.38412928623225934,0.16761628509271728,0.36989458974877665,0.21486661515488478,0.2694499119444732,1.0,0.3598456399642559,0.510825650056977,0.21848130114990155,0.19879830104630683,0.2887185330985185,0.4213197969543147,0.32839531751787004,0.08784833730446492,0.32482971184912174,0.09142472355504702,0.023826789599088363,0.2395690348113838,0.23650678545529885,-0.10960323215580647,-0.2140267274422459,-0.04413364419285483,0.3257187261557173,0.22635450119133946,0.06593975812213873,-0.07774986405446209,-0.22257905785611162,-0.09188853206257121,0.027866984357194653,-0.11639170188566042,-0.1414141416038658,-0.0173003211436859,-0.17741058253599776,-0.15932870610173003,-0.13400326336368645,0.005956851676391165,0.02455195276079975,-0.07469180565627266,-0.16088262716254015,-0.07407023723194861,0.03014606857971615,0.14767812286427143,-0.135916295452191,0.015228426395939085,0.013467315860354292,0.12379571117787215,-0.08987076224816237,-0.01584999482026313,0.09349667196422655,0.17880451673055006,0.1266963638247177,0.16524216546385784,0.3008391173728374,0.19181062397979554,0.1561731113419075,0.122711144533658,0.4364446286128664,0.36373996422796545,0.3550191650264166,0.22904796436341032,0.36981014900936393,0.3465851701455068,0.02351600538692634,0.2784770788506896,0.20511758002693462,0.12586760592561896,0.3502538071065989,-0.23018750647467107,-0.21796332746296487,0.09675748471977623,-0.07127317932249042,-0.10618460582202424,0.17353017376298555,-0.01015228426395939,0.008805552677923961,-0.11499015849994819,-0.010670257950896093,-0.12954857428395047,-0.19330777996477777,-0.19776235367243342,-0.19434372733865118,-0.10463068476121412,-0.1267514439315581,0.04086918237106635,-0.19838392209675748,-0.11043199005490521,-0.04563466371217927,-0.10825650056977106,-0.1386097586242619
0.104892388214714,0.17896454384288238,0.31769794618131253,0.07443474659977482,0.1409442905344379,0.2775892881198283,0.08225848225848224,0.3773115773115773,0.11266219474913726,-0.12571546972696832,-0.09132112613458804,0.10427080369196014,-0.07205200592921836,0.04527324527324526,-0.08003315291865774,0.2666079615511767,0.3598456399642559,1.0,0.310118878143947,0.2048638989576266,0.1021988552827806,0.3291808035083988,0.3275232447810551,0.23231721537925543,0.09764056878258562,0.25889665889665886,-0.12649572649572646,0.00450648778996549,0.05055685055685055,0.10105928365773185,-0.012794281426683632,-0.21035456224195237,-0.10904193326457899,0.4543500221679916,0.2691978970626512,0.13281533281533278,-0.18927738927738924,-0.304066304066304,-0.17430265992222843,-0.09163191839596496,-0.09893809893809892,-0.12706881819383006,-0.10686073920343456,-0.2517482517482517,-0.15513713713731775,-0.3159803159803159,-0.06506086506086506,0.012483489165306703,0.00512807231271935,-0.20289554796890602,0.016730983404124752,0.16135298236485635,0.11074851074851073,-0.0861412551116392,0.229934474708699,0.20848980867369077,0.3749708633512665,0.0957264957264957,-0.2061070680031343,-0.22284382284382281,-0.14477739509142007,-0.09619020489615994,0.04480820535575336,0.047706612121358814,-0.029836829836829833,-0.07500647500647499,0.15674695674695674,0.3851234105562462,0.43787717904298634,0.6907358009102278,0.07702468211124924,0.30283879029444355,0.3718207718207718,-0.08976716482770337,0.13929394705389686,0.006682033619604002,0.008650384608324561,0.2257905778903399,-0.185180389070421,-0.28349434108599,-0.013830255631273401,-0.057030379962666716,-0.16663645080826417,-0.0234660312441113,-0.1173240786697912,-0.023672010574876196,-0.1913962342979596,-0.025743958984055734,-0.10732970732970731,-0.30825412457568546,-0.26463961056245616,-0.27427417066514104,-0.26080650600547406,-0.12773892773892773,-0.10183890183890183,-0.22029991460601414,-0.3356038435768553,-0.17197617197617196,0.0080288000855707,-0.1652896843422975
0.052004558168445035,-0.027866984357194653,0.07428127438093171,-0.022687247487827616,-0.06878690562519424,0.005076142131979695,0.0865556447934751,-0.000258993551147442,-0.02040816326530612,0.04060913705583756,0.04558168445042991,0.2256293380296281,0.05428364239096654,0.42790914520580364,0.21320901349505922,0.23298456438412926,0.510825650056977,0.310118878143947,1.0,0.23774992230394693,0.23671397493007357,0.2541178908111468,0.33388583859939913,0.12638557961255567,0.06671501087744743,0.18984227299107495,0.026365543506809593,0.06899409509996891,0.14539897961417392,0.24002900652646844,-0.0546980213405159,-0.19931627473324354,-0.04361564367415935,0.34136234182032077,0.1712421009012742,0.12167517032906824,-0.11877444255621689,-0.09525782811202915,0.03387547912566041,0.09748264788148761,-0.05392245734889742,-0.07065527075006336,-0.009427121102248005,-0.10282043980553446,-0.12162022169273799,-0.07888943567951082,0.0714304214064645,0.04340619496529576,0.09789702683103697,-0.01584999482026313,-0.01875064746710867,0.012949342173417588,0.2151200435830653,-0.07313788459546254,-0.04340619496529576,0.03418626333782244,0.014192479022065678,-0.16218176172852816,-0.03449704754998446,-0.027297920290940383,-0.0031078421216202213,0.08795193204185227,0.021548821577731934,0.36258158085569253,0.29830877221162366,0.189635078150157,0.08852399578219566,0.3734590282813633,0.3854959860131756,0.31876100694084736,0.2485237749922304,0.20663575912569726,0.21273730291250884,0.027038226458095928,0.07293447303232346,0.08225422148554852,0.12172381643012532,0.20232052211747642,-0.14026727442245931,-0.18771366414586135,-0.0669222003522221,0.019683000103594736,-0.04112711074277426,0.01688681690947262,-0.026934631720708584,0.025380710659898473,-0.07728167409095617,0.020615352740080802,0.01838854213146838,-0.13550191650264165,-0.11695845851030766,-0.098207811043199,-0.023412410649539,-0.17544223154727717,0.07402035691793891,-0.07987154252563969,-0.04848233709727545,-0.01714537308596066,0.031389205428364236,0.035222210711695845
