0,1,2,3,4,5,6,7,8,9,10,11,12,13,14,15,16,17,18,19,20,21,22,23,24,25,26,27,28,29,30,31,32,33,34,35,36,37,38,39,40,41,42,43,44,45,46,47,48,49,50,51,52,53,54,55,56,57,58,59,60,61,62,63,64,65,66,67,68,69,70,71,72,73,74,75,76,77,78,79,80,81,82,83,84,85,86,87,88,89,90,91,92,93,94,95,96,97,98,99
1.0,0.4444847324792399,0.2981015773707057,0.17777777777777776,0.23780787866358122,0.15461915003502286,0.25997772664180224,0.027090725450022432,-0.05081453473512811,0.2791432494267129,0.17150552956983606,0.19450415691172893,0.09577581521432404,0.17564942638819514,0.20144518408248036,0.560306648552376,0.055890808337617975,-0.003056123903539815,0.1472637331824355,-0.03423894746169183,0.0839160839160839,0.014659034994945216,0.03879723396188681,0.07080883688371063,0.23863665802725303,0.05392245734889742,-0.08334412475924682,-0.06008806008806007,0.039626013325558616,0.048121001803194716,0.32358654280361404,0.4382688872517013,0.30732174779155463,0.15865944943292296,0.11141902570362953,-0.047395819859981876,0.02646914092726857,0.3160239311101087,0.21439486163985247,0.2021703660256932,0.10168086818048572,0.2373934889817453,0.3618139909529764,0.25106834848233023,0.11266219474913725,-0.12892698976119663,0.006474838778686049,-0.01227629432438875,0.2419517754819403,0.11898163739713484,0.5060216002318721,0.321056721056721,0.34876071597514535,0.05153971667834095,0.19077464977520575,0.13592333592333591,-0.03983320816647658,-0.06376421229250022,0.2734453913014692,0.17788137788137784,0.07671388984987232,-0.041801559155197135,0.03579290876857648,0.19331779331779328,0.17979332320655422,0.21284090033296782,0.03382455777985592,0.12892698976119663,-0.005024474892260374,0.007510812983275816,0.13452125046598137,-0.016005801460911913,0.11789691789691789,0.15430835777364593,-0.11504493541969373,-0.16953717858111553,-0.11535572768107066,0.01533281533281533,0.22195747333335777,0.39299681451112844,-0.12488669036329653,0.009168371710619445,0.20755743188956,0.049260573428243457,-0.07226294389742884,0.10105928365773185,-0.001812954858032094,0.11282051282051281,-0.018751618751618748,0.014555437574486237,0.3629111629111629,0.25096475106187127,0.2421589703228582,0.20921499061690363,0.14747092802335346,0.24599207487984034,-0.0455310662917203,0.029059076438742993,0.19259259259259257,0.1400119137503071
0.4444847324792399,1.0,0.42473842328809697,0.4435523556951091,0.43882730757277527,0.2648917434994302,0.2933802962809489,0.21464829586656997,-0.020926136952242824,0.2632342277012327,0.25297834869988606,0.2713146172174453,0.22428260644359266,0.2124728063814358,0.3116129700611209,0.5908007873200041,0.15549570081839842,0.17331399564902103,0.14420387444317825,0.17352118512379572,0.18217606387711066,0.0758313477675334,0.0758313477675334,0.1696881798404641,0.1350875375530923,0.09168134258779653,-0.01129182637522014,-0.09121752871412907,0.1674090956179426,0.03895162125764011,0.05480161607790324,0.22127835905935977,0.18232673780171965,0.20491039055215995,0.1605718429503781,0.08712317414275354,0.07427742670672328,0.25505024344763283,0.2544286750233088,0.20843261162332954,0.2554646223971822,0.08588003729410545,0.23619600124313683,0.18636693255982595,0.04112711074277426,-0.18823163783279806,0.08411892675852066,0.013156531648192272,0.27556200145032633,0.16264373769812493,0.44918678131150935,0.5545051930066732,0.5010877447425671,0.3195897648399461,0.407127317932249,0.16725803533101802,0.18253392727649434,0.033253910701336375,0.3711799440588418,0.28680945854067724,0.20615352740080803,0.11105355847922925,0.06785455298870817,0.20030561245743164,0.33533616492282187,0.36071687558272036,0.1214130322179633,0.14669014814047446,0.12203460064228736,0.24810939604268104,0.275458406712939,0.07044442142339169,0.10468519337379605,0.24075416968817984,0.01284574743603025,-0.11229669532787734,0.013778100072516316,0.02740151771139936,0.05656272661348803,0.21133326427017504,-0.09354604786076866,0.18636693255982595,0.07883559515176629,0.05428364239096654,-0.060088060168675586,0.07075520563555371,0.13778100072516317,0.08023620214547751,0.19740488468458028,0.1511447218481301,0.29716920058657487,0.23049829068683308,0.2562933802962809,0.13954211126074795,0.2320522117476432,0.1083600953071584,-0.12348492696571012,0.03584377913601989,0.27282380677871537,0.3052936910804931
0.2981015773707057,0.42473842328809697,1.0,0.2806972107335976,0.4325080285921475,0.5393142028384957,0.3096446700507614,0.3900341862633378,0.2014917642183777,0.20491039055215995,0.2510100486895266,0.308297938464726,0.06381435823060187,0.11395421112607479,0.18988915363099554,0.37397700196829997,0.12286335854138608,0.28965088573500464,0.10722055319589764,0.13819537967471252,0.16145657978531533,0.1053558479229255,0.1132290479643634,0.2818812804309541,0.2315342380607065,0.22024241168548636,-0.09758624261887495,-0.08862759320265463,0.3477675334093028,0.06163886874546773,0.1305293691080493,0.22262509064539518,0.2818812804309541,0.21785973272557752,0.05708070030042474,0.15580648503056044,0.11685486377292033,0.2893401015228426,0.3912773231119859,0.25536102765979485,0.18864601678234746,0.17258883248730963,0.2505956697399772,0.0837045478089713,0.1504195586864187,-0.15787837977830727,0.041955868641872986,-0.004765357919817672,0.3081943437273386,0.1693773956283021,0.3461100176111053,0.4774287121851945,0.38578680203045684,0.28509271728996166,0.5477053765668705,0.43857967951307825,0.34818191235885215,0.23868227494043298,0.28032735937014397,0.1414622776367328,0.2483165855174557,-0.0032114368590075624,0.11146793742877861,0.1441558105686662,0.20926136952242824,0.22718325909043818,0.16854863772920334,0.2810525225318553,0.17725059566973997,0.3462136123484927,0.24883455920439243,0.20273490106702577,0.16539328176275644,0.2559825960841189,0.0674401740391588,0.07552056355537139,0.20843261162332954,0.14270544668224053,0.13374080596705687,0.22842639593908629,-0.014710452709002382,0.061535274008080385,0.09302807417383196,0.07427742670672328,-0.14213934233003947,-0.03418626333782244,0.16958458510307675,-0.0182849447110094,0.2994483438366724,0.13550191650264165,0.30680376068925974,0.3615456334818191,0.19051072205531958,0.22480058013052936,0.29514140681653367,0.09686107945716357,-0.17434994302289442,-0.035740184398632545,0.39330760677250537,0.26831036983321244
0.17777777777777776,0.4435523556951091,0.2806972107335976,1.0,0.5756390667803045,0.12084639096539641,0.13462484788644033,0.30576778648466996,-0.005231669733178328,0.22423661658345526,0.05236849604201277,0.2268265520949297,0.2226826552765706,0.2643288183010793,0.32700525767876026,0.30141669482539296,0.17658180317232594,0.2554194401416073,0.12240035227228108,0.25945973953950735,0.24625744625744622,0.10862189535123716,0.1664292559673462,0.05651239286037184,0.025847556404514707,-0.029887855802414806,0.16259615141036407,0.041647241647241644,0.21107974418516523,0.12208956001090415,0.009893553653832285,0.06096708194010784,0.28017922363130277,0.113801766374186,0.13162052269313,0.14674574608014063,0.1393903292275533,0.16415011271724872,0.16487529466046155,-0.003574111005834699,0.14374142088683028,0.0718448110883004,0.11525213026061167,0.158452254592005,0.05060733989421016,0.07474553886115175,0.15006086353482787,0.1688119966379027,0.08966356740724442,0.1333816788409326,0.22713734435630661,0.40870240870240865,0.46282147590047884,0.6825516046939686,0.38564139765854105,0.061434861434861425,0.37994353953329735,0.17181632183121298,0.27976483394946683,0.18938098938098935,0.2572841937098689,0.16767242501285393,0.10520318047609094,0.1769489769489769,0.24516329551616858,0.36119240643022255,0.18103649225206195,0.145088187352797,0.05381885992843844,0.35673771735048654,0.2697158841649461,0.10178446560094469,0.18596218596218594,0.1652896843422975,0.08945637256632646,-0.06366061487204124,0.14529538219371493,0.08008288008288007,0.0905959441913752,0.11452694831739883,-0.10748232372618842,0.13130973043175306,0.023775607995335173,-0.10178446560094469,0.0731953689799763,0.028541089336448104,0.2458884774593814,0.13395493395493394,0.14887334887334885,0.06614695296305667,0.2975394975394975,0.18901349362740313,0.1659112688650513,0.1387687447047994,0.12302193679503494,0.06366061487204124,0.08002900730455957,0.11463054573785782,0.11188811188811187,0.256766206607574
0.23780787866358122,0.43882730757277527,0.4325080285921475,0.5756390667803045,1.0,0.34517766497461927,0.21516626955350665,0.42422044960116023,0.12400290065264684,0.18377706412514241,0.1467937428778618,0.2598156013674505,0.18978555889360818,0.19019993784315756,0.3564694913498394,0.30063192789806276,0.11561172692427224,0.3056044752926551,0.10846369004454573,0.2672744224593391,0.22475460368575015,0.09396042681031802,0.09043820573914844,0.060810110846368996,0.08774474256707758,0.05345488449186781,0.102765979488242,0.03693248039362522,0.31378845954625506,0.07821402672744224,0.02734901067025795,0.09582513208329016,0.22987672226250905,0.15155910079767945,0.1646120377084844,0.22977312752512172,0.18356987465036773,0.1693773956283021,0.20501398528954728,0.05024344763286025,0.20977934320936495,0.11726924272246968,0.15736040609137056,0.18129079042784627,0.06857971615041956,0.016160779032425153,0.11882316378327981,0.10027970579094582,0.23402051175800268,0.1867813115093753,0.24292965917331397,0.47794669928748945,0.454573707655651,0.5996063399979281,0.589557650471356,0.21439486163985247,0.4192479022065679,0.3004247384232881,0.2819848751683415,0.1820724664566517,0.25018129079042783,0.14513622707966436,0.12099865326841396,0.136178809193325,0.2231430643323319,0.4041230705480161,0.1476225007769605,0.15694602714182118,0.10556303739770019,0.3580234124106495,0.32984564384129283,0.08173624779861183,0.12965217170440946,0.1847094167616285,0.08588003729410545,-0.05832383714907282,0.2264580959287268,0.09339307454376757,0.12089505853102663,0.17517870092199314,-0.06609344245312337,0.12431368486480886,0.0145032632342277,-0.06143167927069304,-0.00031080031121728753,-0.025898684346835177,0.2541178908111468,0.13773277050020963,0.2507575562209533,0.12162022169273799,0.27240941709687944,0.18149797990262093,0.08111467937428778,0.16430125349632235,0.13166891121931004,0.065368279291412,-0.030353258054490826,0.003833005283331607,0.2624640647328177,0.3008391173728374
0.15461915003502286,0.2648917434994302,0.5393142028384957,0.12084639096539641,0.34517766497461927,1.0,0.29918160157464,0.3571946545115508,0.41313581270071476,0.08691598466797887,0.23495286439448873,0.30695120687869054,0.13042577437066197,0.07593494250492074,0.20656790635035738,0.2425152802237646,0.12835387962291514,0.22303946959494456,0.01719672640629856,0.21102248005801302,0.22516899336758606,0.01906143167927069,0.06940847404951828,0.15684243240443385,0.11706205324769502,0.18367346938775508,-0.008183984253599917,0.07132682398600551,0.3806070651610898,0.08660520045581684,-0.014399668496840358,0.10483787423598881,0.15559929555578575,0.15995027452605406,0.11022480058013052,0.26012638557961254,0.19776235367243342,0.16430125349632235,0.31451362270796646,0.210711695845851,0.29773127525121723,0.08152905832383714,0.13177250595669737,0.13021858489588728,0.1289754480472392,-0.13519113229047963,0.023412410649539,-0.07883559515176629,0.43116129700611205,0.2739044856521289,0.1773541904071273,0.31084406008715987,0.23381332228322801,0.17642183777064124,0.6136952242826065,0.6022636038382616,0.233502538071066,0.3809178493732518,0.22987672226250905,0.1571054881260383,0.2419973065368279,0.15145550606029212,0.224696985393142,0.15679469586466135,0.26882834352014917,0.2455195276079975,0.14544701129182638,0.20470320107738527,0.12845747436030247,0.21972443799854965,0.31254532269760693,0.04972547394592354,0.14384501830728927,0.20905418004765358,0.09841500051797368,0.08639801098104216,0.24893815394177973,0.22382222690161935,-0.016989536931523875,0.17631824303325389,0.04692841603646534,0.14264995338236816,0.04009116336890085,0.05366207396664249,-0.05584045591537266,-0.05045063710763493,0.23391691702061532,0.06935847299728497,0.32949159576977566,0.18864601678234746,0.22651575983355274,0.2033564694913498,0.09385683207293068,0.17704340619496528,0.2558790013467315,0.05863462136123484,-0.1672019061431679,-0.10918885320625711,0.47204164632132767,0.35398321765254326
0.25997772664180224,0.2933802962809489,0.3096446700507614,0.13462484788644033,0.21516626955350665,0.29918160157464,1.0,0.36289236506785455,0.21060810110846367,0.14544701129182638,0.20853620636071687,0.10856728478193307,0.03169998964052626,0.16264373769812493,0.19631202734901065,0.3959390862944162,0.05904900031078421,0.29980316999896406,0.26551331192375427,0.2562933802962809,0.22133588881060393,0.08484408992023205,0.13747021651300115,0.15363099554542628,0.00901274215269864,-0.008080389516212576,0.10670257950896093,-0.058377146428633425,0.20066300631927897,0.07054801616077903,0.008909147415311302,0.205842743188646,0.08401533202113332,0.32311198591111573,0.21558064850305603,0.11250388480265203,0.12472806381435823,0.03781207914637936,0.15860354294001863,0.425670775924583,0.2665492592976277,0.06961566352429296,0.1946545115508132,0.1340515901792189,0.06712938982699679,-0.05013985289547291,0.13229047964363408,0.15974308505127938,0.34714596498497874,0.24686625919403293,0.2986636278877033,0.3366398177814451,0.401947581062882,0.1524914534341655,0.27317932249041743,0.3684442258623509,0.09188853206257121,0.21340515901792187,0.21609862218999273,0.1441558105686662,0.131047342794986,0.010463068476121412,0.09551434787112814,0.23459635862935296,0.2819848751683415,0.22407541696881797,0.18533098518595253,0.2182741116751269,0.275458406712939,0.23723194861701025,0.32528747539624986,0.05708070030042474,0.26702235123301266,0.2887185330985185,0.057495079249974095,-0.088780689940951,0.11996270589454054,0.15565512423961264,-0.07924997410131565,0.21060810110846367,-0.05034704237024759,0.12783590593597843,0.08225422148554852,0.2483165855174557,-0.06920486929771602,0.08163265306122448,0.16274733243551226,0.023672010574876196,0.23128124117466567,0.14959080078732,0.189738675570616,0.15932870610173003,0.19071791153009426,-0.011809800062156843,0.18885320625712212,0.12379571117787215,-0.0997617321040091,0.1256604164508443,0.32814482930380895,0.28737180151248315
0.027090725450022432,0.21464829586656997,0.3900341862633378,0.30576778648466996,0.42422044960116023,0.3571946545115508,0.36289236506785455,1.0,0.3844400704444214,0.0880555267792396,0.15052315342380607,0.1272143375116544,0.1214130322179633,0.11022480058013052,0.18636693255982595,0.22231430643323316,0.03646534756034393,0.5830311820159536,0.11778721640940638,0.33191753858903966,0.153997565512269,0.3055008805552678,0.19672640629856003,0.18719569045892467,-0.035532994923857864,0.08059670568735108,0.14793328498912253,-0.06718292716764644,0.32725577540660933,0.09458199523464207,-0.050554231845022266,0.061224489795918366,0.0852584688697814,0.1857453641355019,0.09665388998238889,0.15000517973686936,-0.0008287578990987258,-0.013156531648192272,0.14596498497876306,0.20439241686522325,0.14700093235263648,0.054905210815290574,0.0697192582616803,-0.02797057909458199,-0.006422873718015125,0.021133326427017506,0.15487413239407435,0.16305811664767428,0.14202838495804412,0.05625194240132601,0.16647674298145654,0.3316671415994142,0.3824717704340619,0.3534652439656065,0.4136537863876515,0.417342208318988,0.45260540764529156,0.5440795607583134,0.12203460064228736,0.0441842998257536,0.1422355744328188,0.11405780586346213,0.14855485341344657,0.08707363189577,0.18004765357919816,0.2126799958562105,0.1389205428364239,0.17393556407334507,0.3028074173831969,0.561897855588936,0.2799129804205946,0.2035636589661245,0.2204035120264731,0.272143375116544,0.1490728271003833,0.05935978452294623,0.3638247177043406,0.18890989620694418,-0.03014606857971615,0.08670879519320418,0.012638557961255566,0.05345488449186781,-0.12762871646120375,0.060395731896819634,-0.10846930861483334,-0.11623329534859629,0.1612970061120895,-0.03164901195021741,0.3209966072921396,0.03625815808556925,0.07909663052042878,0.11789081114679373,0.10038330052833316,-0.009323526364860665,0.14637936392831244,-0.04692841603646534,-0.12959701647156324,0.02040816326530612,0.28629147143838235,0.19206464311612967
-0.05081453473512811,-0.020926136952242824,0.2014917642183777,-0.005231669733178328,0.12400290065264684,0.41313581270071476,0.21060810110846367,0.3844400704444214,1.0,0.05221174764321972,0.09188853206257121,0.09054180047653579,0.08826271625401429,0.0669222003522221,0.04029835284367554,0.01160261058738216,0.055526779239614625,0.29876722262509064,0.07075520563555371,0.2888221278359059,0.113801766374186,0.15155910079767945,0.1666839324562312,0.18056562726613487,-0.002175489485134155,0.16222935874857555,0.10587382160986221,0.05485483413302821,0.3139956490210297,0.1053558479229255,-0.12182741116751268,0.04734279498601471,-0.005283331606754376,0.1656479850823578,0.13146172174453535,0.3731482440692013,0.1966228115611727,-0.02496633171034911,0.19651921682378534,0.2126799958562105,0.22055319589764838,0.07500258986843468,0.04444214233916917,-0.03729410545944266,0.07438102144411064,0.03418626333782244,0.07676370040401947,0.0735522635450119,0.24334403812286334,0.23857868020304568,-0.02579508960944784,0.04014400042785351,0.0692012845747436,0.052418937117994405,0.2516316171138506,0.5551267775294271,0.19403294312648917,0.6389723402051175,0.03936600020718947,0.06511097875846691,0.12980420594633793,0.09665388998238889,0.1819123588521703,0.06552536844030282,0.11768362167201905,0.06930487931213095,0.2083290168859422,0.13933492178597326,0.15176629027245414,0.23308815912151662,0.21174764321972442,0.06640422666528539,0.20123798924156241,0.2002486273697296,0.08774474256707758,0.11716564798508235,0.3149280016575158,0.2227862526970296,-0.14617217445353775,0.05335128975448047,0.09199212679995855,0.1348803480783176,-0.06174246348285506,0.05853102662384751,0.026107226142252152,-0.04868952657205013,0.25080285921475187,-0.01569500919953498,0.33705420746328096,0.10131565316481922,-0.018492139551927356,0.0256914948720605,0.08132186884906246,-0.030664042266652855,0.0719983424842018,-0.07137677405987776,-0.03677613177250595,-0.024344763286025067,0.40812203789813906,0.24676266445664558
0.2791432494267129,0.2632342277012327,0.20491039055215995,0.22423661658345526,0.18377706412514241,0.08691598466797887,0.14544701129182638,0.0880555267792396,0.05221174764321972,1.0,0.43012534963223864,0.4134465969128768,0.21102248005801302,0.25038848026520255,0.24883455920439243,0.2532891329120481,0.1546669429192997,0.009427121102248005,0.11540453744949755,-0.012120584274318863,0.1704695553652463,0.13570910597741634,0.17093131668911218,0.2780482751476225,0.2834352014917642,0.2957629752408577,-0.007976794778825234,0.0069928258809809326,0.09862218999274837,0.07852481093960427,0.09251010048689526,0.22044960116026105,0.21899927483683826,0.08183984253599916,0.11395421112607479,-0.06806174246348284,-0.032632342277012324,0.21278359059359783,0.33502538071065985,0.32756655961877135,0.05863462136123484,0.12130943748057597,0.16823785351704132,0.19589764839946128,0.06826893193825753,-0.14410027970579092,-0.026520252771159224,-0.030767637004040192,0.23412410649539003,0.007044442142339169,0.2602299803169999,0.18797751942281338,0.1911322904796436,0.14057805863462133,0.09489277944680409,0.1290305871816556,0.07210193722158913,0.07034082668600435,0.3517041334300217,0.25997772664180224,0.17030974826478815,0.09592872682067749,-0.017921889568009945,0.15088964289849968,0.2126799958562105,0.23495286439448873,0.08660520045581684,0.18647052729721328,0.07645291619185746,0.03449704754998446,0.12835387962291514,0.196415622086398,0.1650824895013795,0.31389205428364236,0.14006008494768463,0.15580648503056044,0.04009116336890085,0.11846365029483996,0.05013985289547291,0.2567077592458303,-0.006319278980627783,-0.009427121102248005,0.08256500569771055,0.09862218999274837,-0.053561253633112545,-0.015435615870713765,0.026727442245933906,0.0383828442800509,0.018181347290550428,0.09188853206257121,0.1374219782388327,0.21185123795711175,0.4174867916709831,0.1693773956283021,0.2956593805034704,0.15000517973686936,-0.07438102144411064,-0.046203252874753964,0.1954365336958597,0.09996892157878379
0.17150552956983606,0.25297834869988606,0.2510100486895266,0.05236849604201277,0.1467937428778618,0.23495286439448873,0.20853620636071687,0.15052315342380607,0.09188853206257121,0.43012534963223864,1.0,0.46990572878897746,0.30063192789806276,0.2121620221692738,0.31606754376877655,0.23909665388998236,0.2131979695431472,0.02030456852791878,0.11903035325805447,-0.06194965295762975,0.15731268296695625,0.1847094167616285,0.07572775303014606,0.3724230809074899,0.0765565109292448,0.28115611726924267,-0.1238993059152595,-0.06065628967873091,0.07987154252563969,0.0674401740391588,-0.05449083186574122,0.12421009012742153,0.029524500155392104,0.011499015849994819,0.012120584274318863,-0.11809800062156842,-0.12327773749093546,-0.008183984253599917,0.16150419558686419,0.40764529161918567,0.07572775303014606,-0.055526779239614625,0.03677613177250595,0.02154770537656687,-0.14441106391795294,-0.27038226458095926,-0.07572775303014606,-0.16326530612244897,0.22842639593908629,-0.04423495286439449,0.2346420801823267,0.21211571838975496,0.17569667460892985,0.05656272661348803,0.17870092199316273,0.20517469121900353,0.021236921164404846,0.08660520045581684,0.20636071687558272,0.265364792505669,0.15694602714182118,0.25536102765979485,0.06194965295762975,0.24112299611826846,0.2923443489070755,0.32787734383093337,-0.028488552781518697,0.2673780171967264,0.12048067958147725,0.035222210711695845,0.20242411685486375,0.22904796436341032,0.10012690687360107,0.3189681964156221,0.2381643012534963,0.15425256396975032,0.03584377913601989,0.12343632647687085,-0.15508132186884904,0.18512379571117787,-0.0035222210711695844,-0.04972547394592354,-0.018439863254946648,0.23878586967782034,-0.10059570073066205,-0.05428364239096654,-0.04879312130943748,-0.0006733832329833491,0.0370360778140842,0.07852481093960427,0.040765584950607364,0.07914637936392831,0.24417279602196207,0.05946337926033357,0.25432508028592143,0.01584999482026313,-0.17186366932559824,-0.1579819745156946,0.23138483859512465,0.06070651610898165
0.19450415691172893,0.2713146172174453,0.308297938464726,0.2268265520949297,0.2598156013674505,0.30695120687869054,0.10856728478193307,0.1272143375116544,0.09054180047653579,0.4134465969128768,0.46990572878897746,1.0,0.2532891329120481,0.2559825960841189,0.41002797057909457,0.25929762768051384,0.24914534341655445,0.033253910701336375,0.010359473738734071,0.04734279498601471,0.3432700526908196,0.054905210815290574,0.1584999482026313,0.30394695949445766,0.20656790635035738,0.36703615456334815,0.026209468558997202,0.16653285338780519,0.24179011706205325,0.2788770330467212,0.0674401740391588,0.18999274836838287,0.32383714907282707,0.010773852688283434,0.051797368693670354,0.054387237128353874,0.0809074898995131,0.14275354811975552,0.24344763286025065,0.21444110639179528,0.11809800062156842,0.045478089713042576,0.12286335854138608,0.19051072205531958,0.07261991090852585,-0.13560551124002898,-0.0312856106909769,-0.11861597430850512,0.20511758002693462,0.1214130322179633,0.21982803273593698,0.2535546865733457,0.19672640629856003,0.17331399564902103,0.31182015953589554,0.21688119973086792,0.11540453744949755,0.11488656376256086,0.3017714700093235,0.2731345990400923,0.33771884388273077,0.2121620221692738,0.14720812182741116,0.2035171324916599,0.34631720708588004,0.41935149694395524,0.036672537035118614,0.27701232777374907,0.08743395835491556,0.06391795296798922,0.26530612244897955,0.19019993784315756,0.14622775897784573,0.23412410649539003,0.2875789909872578,0.17486791670983112,0.10369833212472805,0.29364688829096974,0.03252874753962499,0.19330777996477777,0.051693773956283016,-0.006733657930177146,0.12151662695535066,0.06961566352429296,0.042165242221812005,-0.013570910597741634,0.11353983217652543,0.14467379767096109,0.11690968898795531,0.16399046928416033,0.2125301080715909,0.19071791153009426,0.20138816948099036,0.2673780171967264,0.33398943333678643,0.12990780068372526,-0.03750129493421734,-0.10898166373148244,0.22257905785611162,0.18160157464000828
0.09577581521432404,0.22428260644359266,0.06381435823060187,0.2226826552765706,0.18978555889360818,0.13042577437066197,0.03169998964052626,0.1214130322179633,0.08826271625401429,0.21102248005801302,0.30063192789806276,0.2532891329120481,1.0,0.31109499637418414,0.26706723298456436,0.12711074277426707,0.47871128146690145,0.10618460582202424,0.22459339065575468,0.12421009012742153,0.12830540523844275,0.29669532787734376,0.15021236921164405,0.21195483269449908,-0.06526468455402465,0.017714700093235263,0.13726302703822646,0.12778741813614786,0.04185227390448565,0.15684243240443385,-0.08670879519320418,0.05614834766393867,0.06588625297834869,0.10587382160986221,0.21692738008909146,-0.015228426395939085,-0.06371076349321454,0.014917642183777061,0.08349735833419661,0.07148036879726509,0.1551849166062364,-0.03739770019683,0.06857971615041956,0.04464933181394385,-0.08629441624365482,0.005697710556303739,0.14917642183777063,0.0674401740391588,0.08308297938464726,-0.024241168548637726,0.17984046410442348,0.1776177773769157,0.18035843779136018,0.16274733243551226,0.1620221692738009,0.12758022329522992,0.05822024241168549,0.0997617321040091,0.12421009012742153,0.18000051804747216,0.10628820055941159,0.5500880555267792,0.3028074173831969,0.2977907851093288,0.40495182844711486,0.3207293069512068,-0.009530715839635344,0.22169273800890912,0.07396664249456127,0.1119859111157153,0.17952967989226146,0.08329016885942193,0.12115718322677335,0.1574640008287579,0.11436859007562415,-0.046824821299078,0.0753133740805967,0.06759731684948235,-0.11747643219724437,0.07956075831347767,-0.029938879104941467,0.10017611105355848,-0.048585931834662796,0.012638557961255566,0.09178969191283891,0.045063710763493206,0.0016575157981974515,0.06676853748581053,0.05060733989421016,0.07510618460582202,0.12177876774952721,0.07945716357609033,0.11457577955039884,0.026831036983321246,0.04164508442971097,-0.015124831658551744,0.06940847404951828,0.0826686004350979,0.1378363679206686,0.0898166373148244
0.17564942638819514,0.2124728063814358,0.11395421112607479,0.2643288183010793,0.19019993784315756,0.07593494250492074,0.16264373769812493,0.11022480058013052,0.0669222003522221,0.25038848026520255,0.2121620221692738,0.2559825960841189,0.31109499637418414,1.0,0.32342277012327775,0.18636693255982595,0.48720604993266337,0.10742774267067232,0.4541593287061017,0.07862840567699161,0.21284090033296782,0.19620843261162332,0.45809592872682064,0.14876204288822129,-0.02175489485134155,-0.04133430021754895,0.10307676370040401,0.14042630343214305,0.10566663213508752,0.3366828965088573,0.019372215891432714,0.1531130218584896,0.10400911633689007,0.1348803480783176,0.09074898995131046,-0.002382678959908836,0.004247384232880969,0.006422873718015125,0.07500258986843468,0.15332021133326426,0.02486273697296177,-0.03801926862115404,0.046203252874753964,0.06371076349321454,-0.12151662695535066,0.07676370040401947,0.21154045374494973,0.27856624883455916,0.1717600745882109,0.011809800062156843,0.20988293794675228,0.19305379302530323,0.22531855381746607,0.22552574329224073,0.12742152698642908,0.07246639561105427,0.02258365275044028,0.07365585828239925,0.19755516419765876,0.2186423558786705,0.0826686004350979,0.1839842535999171,0.2887185330985185,0.5342000985967138,0.40702372319486163,0.3542940018647053,0.02755620014503263,0.34559204392416865,0.006422873718015125,0.08028592147518905,0.21951724852377497,0.0880555267792396,0.37041257685107154,0.17258883248730963,0.059877758209882934,-0.04081632653061224,0.1747643219724438,0.20289554796890602,-0.06298560033150316,0.14482544286750232,-0.09727545840671294,-0.004868952657205014,0.00031078421216202215,0.013674505335128975,0.018544418569298154,0.09333885838599398,0.01305293691080493,0.16228535914898715,-0.0038849032672116294,0.03159639490313892,0.11100463602179363,0.13415518491660622,0.1705169377395628,0.02641665803377188,0.10670257950896093,0.07935356883870298,0.09054180047653579,0.20449601160261058,0.16477169724000257,0.09789702683103697
0.20144518408248036,0.3116129700611209,0.18988915363099554,0.32700525767876026,0.3564694913498394,0.20656790635035738,0.19631202734901065,0.18636693255982595,0.04029835284367554,0.24883455920439243,0.31606754376877655,0.41002797057909457,0.26706723298456436,0.32342277012327775,1.0,0.22604371697917744,0.1939293483891018,0.13778100072516317,0.0910597741634725,0.17590386408370454,0.4534977080591709,0.10224800580130529,0.23215580648503056,0.08857350046617632,0.03159639490313892,0.021133326427017506,0.15332021133326426,0.18901349362740313,0.24976691184087849,0.32124728063814356,-0.05283331606754376,0.05625194240132601,0.11861597430850512,0.03760488967160468,0.12503884802652027,0.12286335854138608,0.13653786387651506,0.05935978452294623,0.07966435305086501,0.07572775303014606,0.1455506060292137,-0.044338547601781825,0.019579405366207395,0.2606443592665492,0.0039366000207189476,0.030042473842328807,0.06826893193825753,0.07666010566663213,0.3009427121102248,0.18180876411478297,0.2282192064643116,0.33715780488374,0.3449704754998446,0.33046721226561687,0.3390655754687662,0.12063919612447846,0.11364342691391276,0.1340515901792189,0.28965088573500464,0.22848411082227332,0.24976691184087849,0.2280120169895369,0.12555682171345695,0.2205071094469321,0.4000828757899098,0.7590386408370454,0.0618460582202424,0.2079146379363928,0.09644670050761421,0.15684243240443385,0.49166062364031904,0.11115715321661658,0.21905674556050642,0.21537345902828134,0.20563555371387132,-0.0775924583031182,0.1773541904071273,0.3030742535527366,-0.1020408163265306,0.1714492903760489,-0.05863462136123484,0.03273593701439967,-0.035429400186470526,0.017921889568009945,0.015229215249647089,0.0068372526675644875,0.17393556407334507,0.23003807212915794,0.12074279354493746,0.12431368486480886,0.19377897496851607,0.0814254635864498,0.13705583756345177,0.03874443178286543,0.1478296902517352,0.11530094271211022,0.0463068476121413,0.07904278462654096,0.2419517754819403,0.25235678027556196
0.560306648552376,0.5908007873200041,0.37397700196829997,0.30141669482539296,0.30063192789806276,0.2425152802237646,0.3959390862944162,0.22231430643323316,0.01160261058738216,0.2532891329120481,0.23909665388998236,0.25929762768051384,0.12711074277426707,0.18636693255982595,0.22604371697917744,1.0,0.09955454262923442,0.16896301667875271,0.18315549570081838,0.12607479540039365,0.14840330480748423,0.1060810110846369,0.10090127421526986,0.2196208432611623,0.12244897959183673,0.07904278462654096,-0.07966435305086501,-0.13700758855699682,0.11789081114679373,0.07541696881798404,0.18636693255982595,0.41002797057909457,0.3236299595980524,0.25069926447736457,0.10504506371076348,0.007355226354501191,0.0173003211436859,0.16595876929451983,0.2131979695431472,0.34165544390344965,0.11996270589454054,0.11240029006526468,0.29441624365482233,0.11385061638868745,0.04361338444007044,-0.23257018543457994,0.024655547498187092,-0.02185848958872889,0.22335025380710657,0.10960323215580647,0.5563037397700197,0.4282199374671805,0.5336164922821921,0.15881073241479332,0.304361338444007,0.229934474708699,0.04786076867295141,0.018129079042784626,0.2609551434787113,0.13514283498873522,0.10069408474049518,-0.01284574743603025,0.04112711074277426,0.22558338304942196,0.25225318553817466,0.26271625401429605,0.05013985289547291,0.1885424220449601,0.17424634828550709,0.17766497461928935,0.21330156428053454,0.0926136952242826,0.1634249307740359,0.2828136330674402,0.046824821299078,-0.10007251631617113,-0.038848026520252765,0.09214990549825985,0.10753133740805966,0.31182015953589554,-0.02165130011395421,0.14513622707966436,0.12462446907697088,0.13964570599813528,-0.10442890456900861,0.07179115300942711,0.024448358023412407,0.051436119257881975,0.12426510584054266,0.09354604786076866,0.3178886846783702,0.18740287993369933,0.2652025277115922,0.10141924790220656,0.24489795918367346,0.10131565316481922,-0.1439966849684036,0.04164508442971097,0.2616352853691459,0.2215891432715218
0.055890808337617975,0.15549570081839842,0.12286335854138608,0.17658180317232594,0.11561172692427224,0.12835387962291514,0.05904900031078421,0.03646534756034393,0.055526779239614625,0.1546669429192997,0.2131979695431472,0.24914534341655445,0.47871128146690145,0.48720604993266337,0.1939293483891018,0.09955454262923442,1.0,0.13954211126074795,0.43820573914845123,0.15031596394903138,0.10737872630572944,0.14606857971615042,0.25069926447736457,0.27079664353050864,0.036879726509893296,-0.04754998446078939,-0.019786594840982077,0.10375281658966524,0.14979799026209467,0.19890189578369416,0.026209468558997202,0.11063917952967989,0.0870195794053662,0.22355744328188126,0.03397907386304775,0.035740184398632545,0.05376566870402983,0.04205946337926033,0.07293069512068787,0.11291826375220138,0.12990780068372526,-0.04692841603646534,0.013881694809903656,-0.0318035843779136,-0.10556303739770019,-0.04050554231845022,0.07085880037294105,0.14700093235263648,0.1595358955765047,0.012431368486480885,0.14627576919092508,0.14747092802335346,0.14596498497876306,0.1702061535274008,0.13964570599813528,0.14664214865968164,0.06070651610898165,0.03387547912566041,0.1598466797886667,0.1624925539899051,0.10027970579094582,0.308297938464726,0.26219828032735937,0.42107171545551114,0.3809178493732518,0.2606443592665492,0.008909147415311302,0.3373044649331814,0.11353983217652543,0.10949963741841913,0.17041334300217548,0.04661763182430332,0.23718629414082737,0.14130322179633276,0.1305293691080493,-0.005594115818916398,0.13042577437066197,0.11753127351070917,-0.05324769501709313,0.052004558168445035,0.03967678441935149,0.09686107945716357,-0.0117062053247695,-0.04164508442971097,-0.0012432012448691501,0.03822645809592873,0.07500258986843468,0.03641449329133034,0.13244930205680183,0.1600538692634414,0.1035456217487473,0.18367346938775508,0.10463068476121412,0.09768983735626229,0.10856728478193307,0.014088884284678338,-0.004558168445042992,0.12534963223868228,0.21522364100352429,0.13560551124002898
-0.003056123903539815,0.17331399564902103,0.28965088573500464,0.2554194401416073,0.3056044752926551,0.22303946959494456,0.29980316999896406,0.5830311820159536,0.29876722262509064,0.009427121102248005,0.02030456852791878,0.033253910701336375,0.10618460582202424,0.10742774267067232,0.13778100072516317,0.16896301667875271,0.13954211126074795,1.0,0.22127835905935977,0.5162125764011188,0.15068244805758174,0.29400186470527295,0.18564176939811455,0.2573293276701543,-0.03563658966124521,0.013570910597741634,0.13705583756345177,-0.1147341431583168,0.40754169688179837,0.08494768465761939,-0.018336268517559307,0.07976794778825234,0.04661763182430332,0.4174867916709831,0.09199212679995855,0.24997410131565315,0.13166891121931004,-0.029420905418004763,0.09137055837563451,0.11954832694499118,0.2121620221692738,0.06143167927069304,0.09592872682067749,-0.07842121620221693,-0.012534963223868227,-0.00010359473738734072,0.14233916917020614,0.22179633274629648,0.10359473738734071,0.11934113747021649,0.16119341137470217,0.2872238482225132,0.3707655651092924,0.3117165647985082,0.29918160157464,0.3753852530331024,0.4125142442763907,0.4279498601471045,0.1175800269346317,0.029577063541037875,0.093649642598156,0.07562415829275872,0.0954107531337408,0.10396001143058321,0.1927898062778411,0.19102869574225628,0.14130322179633276,0.1974515694602714,0.4460789391898891,0.6108981663731482,0.30923029110121203,0.1340515901792189,0.20517469121900353,0.23143064332331914,0.17569667460892985,0.002486273697296177,0.3208329016885942,0.12809821039752478,0.004558168445042992,0.07085880037294105,0.11157153216616594,0.19341137470216513,-0.15093753237335542,-0.017611105355847922,-0.1668997671236834,-0.12711074277426707,0.25049207500258985,-0.09701898425983177,0.4870632722878793,0.15404537449497566,0.051436119257881975,0.10411271107427743,0.09012742152698641,-0.05045063710763493,0.0725163161711385,-0.0758313477675334,-0.17217445353776026,0.06505749507924997,0.3077361374733905,0.27773749093546046
0.1472637331824355,0.14420387444317825,0.10722055319589764,0.12240035227228108,0.10846369004454573,0.01719672640629856,0.26551331192375427,0.11778721640940638,0.07075520563555371,0.11540453744949755,0.11903035325805447,0.010359473738734071,0.22459339065575468,0.4541593287061017,0.0910597741634725,0.18315549570081838,0.43820573914845123,0.22127835905935977,1.0,0.12804309541075312,-0.0033669161649167454,0.24686625919403293,0.2713146172174453,0.2114368590075624,-0.015435615870713765,-0.11001761110535584,-0.0068372526675644875,0.023982802836253123,0.0496218792085362,0.12421009012742153,0.1004868952657205,0.2267688801408888,0.03843364757070341,0.39604268103180357,0.17642183777064124,0.0004143789495493629,0.024033979073863045,-0.03822645809592873,0.021236921164404846,0.2180669222003522,0.07448461618149799,0.05946337926033357,0.12275976380399875,-0.0379156738837667,-0.1038019268621154,0.004143789495493628,0.16399046928416033,0.2935874857557236,0.1521806692220035,-0.009427121102248005,0.22863358541386097,0.1579342674897101,0.23267378017196724,0.12203460064228736,0.028074173831969335,0.11131542828317055,-0.002175489485134155,0.03397907386304775,0.13529472702786696,0.13110253559083512,-0.050036258158085566,0.02330881591215166,0.17590386408370454,0.45805599455936585,0.26230187506474667,0.12690355329949238,0.035532994923857864,0.34590282813633066,0.21060810110846367,0.13467315860354293,0.13695224282606444,0.07137677405987776,0.3141591775418471,0.2327773749093546,-0.011913394799544182,-0.07697088987879415,0.042681031803584374,0.04739581985998188,-0.01647156324458717,0.10141924790220656,0.0037294105459442653,0.11001761110535584,-0.022169273800890912,0.1043199005490521,-0.06247086255467479,0.1361234849269657,0.027659794882419972,0.05226489862155379,0.09173551581642395,0.11188231637832796,0.04304472820070485,0.16823785351704132,0.17414275354811976,-0.01906143167927069,0.051486584481508335,-0.0005179736869367035,-0.02455195276079975,0.27773749093546046,0.21263370549204985,0.08329016885942193
-0.03423894746169183,0.17352118512379572,0.13819537967471252,0.25945973953950735,0.2672744224593391,0.21102248005801302,0.2562933802962809,0.33191753858903966,0.2888221278359059,-0.012120584274318863,-0.06194965295762975,0.04734279498601471,0.12421009012742153,0.07862840567699161,0.17590386408370454,0.12607479540039365,0.15031596394903138,0.5162125764011188,0.12804309541075312,1.0,0.2541762710960995,0.002486273697296177,0.07852481093960427,0.12534963223868228,-0.01802548430539728,0.029110121205842745,0.1857453641355019,-0.04739581985998188,0.4404848233709727,0.033564694913498394,-0.0819434372733865,0.041437894954936286,0.04081632653061224,0.35450119133947994,0.17693981145757795,0.4836838288614938,0.3734590282813633,0.020926136952242824,0.09406402154770536,-0.00435097897026831,0.36361752822956594,0.03988397389412617,0.12679995856210505,0.07324147933284988,0.11695845851030766,-0.0173003211436859,0.0725163161711385,0.15901792188956798,0.14648295866569977,0.34662799129804206,0.10338754791256603,0.2426769574251531,0.2810525225318553,0.2984564384129286,0.308297938464726,0.3043174225982443,0.2641665803377188,0.36745053351289747,0.22511136434269138,0.0853124757479674,0.24137573811250387,0.15684243240443385,0.11467937428778617,0.09256429518009576,0.2259401222417901,0.2598156013674505,0.2513208329016886,0.10483787423598881,0.3325391070133637,0.3904485652128871,0.40495182844711486,-0.08183984253599916,0.1289269897611966,0.12866466383507716,0.140474463897234,-0.04786076867295141,0.33119237542732827,0.0937038668051445,-0.0006215684243240443,0.07479540039366,0.09333885838599398,0.3898269967885631,-0.006940847404951828,-0.05656272661348803,0.006630406639302133,-0.06350357401843985,0.46078939189889145,-0.016627385983665775,0.5639325582684401,0.29804205946337925,0.1593846313761358,0.1010048689526572,0.05780586346213612,0.045270900238267894,0.12804309541075312,0.007873200041437895,-0.09012742152698641,0.05283331606754376,0.33239232354262704,0.46835180772816737
