0,1,2,3,4,5,6,7,8,9,10,11,12,13,14,15,16,17,18,19,20,21,22,23,24,25,26,27,28,29,30,31,32,33,34,35,36,37,38,39,40,41,42,43,44,45,46,47,48,49,50,51,52,53,54,55,56,57,58,59,60,61,62,63,64,65,66,67,68,69,70,71,72,73,74,75,76,77,78,79,80,81,82,83,84,85,86,87,88,89,90,91,92,93,94,95,96,97,98,99
1.0,0.04542651593011306,0.236382322713258,-0.07461459403905447,0.1603288797533402,0.12435765673175746,0.18622816032887976,-0.09023638232271326,-0.12456320657759508,0.07913669064748202,0.12846865364850976,0.003494347379239466,-0.09609949136488419,-0.02589928057553957,-0.056937307297019533,0.16279547790339158,-0.0008221993833504625,0.22795477903391573,0.03597122302158273,0.1091469681397739,0.13463514902363824,-0.04882059721745453,0.10904979715309318,-0.054265159301130524,0.08365878725590956,-0.13299075025693732,-0.16813977389516957,-0.1484069886947585,0.07297019527235354,-0.16813977389516957,-0.008427543679342241,0.018397656635630234,0.13422404933196302,0.015416238437821172,-0.07852004110996917,0.10113052415210688,-0.03864337101747174,0.10626927029804728,-0.07677681288723902,-0.10811921891058582,-0.01788283658787256,-0.08304213771839672,-0.11880781089414184,-0.05467625899280575,-0.07574901084055577,-0.09455292908530319,-0.027236754237106215,-0.010277492291880781,0.16073997944501542,-0.00328879753340185,0.29085303186022615,0.16382322713257966,0.00041109969167523125,-0.06351490236382322,-0.08612538540596094,0.3011305241521069,-0.10215827338129498,-0.07214799588900309,-0.08695652219847202,-0.15477903391572456,-0.11387461459403907,-0.034636928973225636,0.06330935251798561,0.17430626927029805,-0.010277492291880781,-0.07132579650565263,0.11069428042778638,0.05467625899280575,0.0355601233299075,0.13586844809866394,0.1339226066828279,-0.13977389516957864,0.19218910585817062,-0.12250770811921892,-0.024665981500513877,-0.13216855087358687,0.19177800616649537,-0.07810894141829394,-0.08509763617677288,-0.03638232271325797,0.030421377183967115,-0.01644398766700925,-0.045220966084275435,-0.04717611394276133,-0.05056526207605344,0.11901336073997945,0.039876670092497436,-0.15642343268242548,0.25241521068859196,0.11983556012332991,0.041726618705035974,0.07081556101647615,0.22507708119218914,-0.07954779033915725,-0.21541623843782118,0.043782117163412126,0.014697569267570522,0.09352517985611512,0.22816032887975335,0.04368158698403827
0.04542651593011306,1.0,0.3601233299075026,0.3122302158273381,0.29763617677286747,0.3052415210688592,0.21459403905447072,0.3270298047276464,0.3650565262076053,0.19177800616649537,0.20328879753340184,0.2406988694758479,0.21532452878014155,0.34532374100719426,0.3019527235354574,0.51551901336074,0.2117163412127441,0.31757451181911617,0.20534429599177803,0.14655704008221992,0.22795477903391573,0.18572382983566388,0.0876715145820815,0.00945529290853032,-0.1539568345323741,0.17656731757451183,0.19403905447070918,0.12744090441932168,0.08242548818088387,0.13401849948612538,0.09558067831449128,-0.1659900305393454,0.21027749229188078,0.2785200411099692,0.17266187050359713,0.3218910585817061,0.24008221993833503,0.13874614594039056,0.22293026392559764,0.1064748201438849,0.10421377183967112,0.08509763617677288,0.13607399794450153,0.020966084275436794,0.26054781883420475,0.22980472764645427,0.06793771528576305,0.20883864337101748,0.17183967112024667,0.22857142857142856,0.0355601233299075,0.3932168550873587,0.3243576567317575,0.19301130524152108,0.4322713257965057,0.23042137718396713,0.3270298047276464,0.36896197327852004,0.2507965888466569,0.18355601233299076,0.20226104830421376,0.19435736702780318,0.1410071942446043,0.2795477903391573,0.1969167523124358,0.3373072970195273,0.1180944551639058,0.14224049331963,0.15313463514902365,0.20863309352517986,0.1435839459216505,-0.0020554984583761563,0.07543679342240493,0.14265159301130526,0.09331963001027749,-0.02487153134635149,0.11613566289825283,0.07810894141829394,0.04398766700924975,-0.24604316546762592,-0.046865364850976365,0.06618705035971223,0.15580678314491267,0.085615910488715,0.09085303186022611,0.08530318602261049,0.202672147995889,0.11654676258992805,0.15292908530318602,-0.04912641315519013,0.025693730729701953,-0.24286962363125275,0.13340184994861254,-0.09393627954779034,-0.020143884892086333,0.013771839671120247,0.18490158819831728,0.1987667009249743,0.13484069886947586,0.13207256299879805
0.236382322713258,0.3601233299075026,1.0,0.17307297019527237,0.3405960945529291,0.39013360739979447,0.189311408016444,0.1183967112024666,0.19136690647482016,0.2803699897225077,0.33874614594039054,0.44727646454265163,0.2584922147408382,0.2933196300102775,0.23720452209660842,0.22713257965056527,0.31017471736896196,0.22857142857142856,0.18129496402877696,0.01891058581706064,0.16320657759506682,0.07328228592851596,0.058070815637603815,0.2012332990750257,0.01932168550873587,0.26762589928057556,0.018705035971223024,0.1539568345323741,0.14141829393627955,0.008427543679342241,-0.12620760534429598,-0.10226630364498371,-0.045632065775950664,0.08756423432682425,-0.03432682425488181,0.2394655704008222,0.12230215827338131,-0.038232271325796506,-0.0864381521260616,-0.07009249743062693,-0.0842754367934224,-0.07379239465570402,-0.04953751284686536,-0.07420349434737925,-0.07513232961254582,-0.10996916752312436,-0.15632869130052282,-0.05899280575539568,0.17985611510791366,0.07379239465570402,-0.008221993833504625,0.25775950668037,0.16875642343268246,0.07605344295991778,0.36587872559095586,0.3564234326824255,0.1249743062692703,0.191983556012333,0.27772638650150283,0.18910585817060638,0.2723535457348407,0.2414307007658962,0.19506680369989723,0.2616649537512847,0.12970195272353546,0.27132579650565264,0.07307672551917932,0.2735868448098664,0.021788283658787256,0.034121274409044194,0.14728403328971018,-0.047893114080164445,0.03535457348406989,0.08078108941418294,0.2896197327852004,0.14635149023638233,0.1434737923946557,0.14162384378211718,-0.1354573484069887,-0.20842754367934224,0.0433710174717369,-0.22261048304213774,-0.08036998972250771,-0.1481062749270568,-0.07584789311408018,-0.1525179856115108,0.14984583761562179,-0.008221993833504625,0.08406988694758478,-0.048509763617677296,-0.22487153134635152,-0.21553008918947822,0.04809866392600205,-0.3301130524152107,-0.2316546762589928,-0.10030832476875642,-0.17010123872607844,-0.09290853031860227,0.1683453237410072,-0.016136492132927078
-0.07461459403905447,0.3122302158273381,0.17307297019527237,1.0,0.27543679342240496,0.3397738951695787,0.25775950668037,0.3183967112024666,0.3001027749229188,0.07749229188078109,0.08489208633093526,0.12106885919835561,0.0697877589697929,0.17923946557040082,0.10380267214799589,0.23103802672147997,0.06248715313463515,0.31880781089414184,0.20986639260020556,0.22137718396711203,0.14655704008221992,0.07246004429116935,0.24698083181798577,-0.12867420349434738,-0.1420349434737924,0.06762589928057554,0.12744090441932168,-0.09578622816032889,0.10174717368961973,-0.046865364850976365,-0.2526207605344296,-0.2897373969600091,0.019938335046248718,0.22713257965056527,0.21664953751284688,0.3029804727646454,0.1747173689619733,0.06187050359712231,0.19764633357718964,0.05878725590955807,0.17286742034943473,-0.04398766700924975,0.06413155190133607,-0.09167523124357657,0.15509532884450292,0.23227132579650567,0.2500642379580355,0.32394655704008224,0.28859198355601234,0.2585817060637205,-0.22836587872559097,0.052826310380267215,0.357245632065776,0.4750256937307297,0.36197327852004113,0.19136690647482016,0.35745118191161357,0.3023638232271326,0.18378045117123873,0.18108941418293936,0.17923946557040082,0.06588211119239654,-0.11757451181911614,0.07646454265159301,0.0328879753340185,0.10668036998972251,0.18860167556637697,0.21459403905447072,0.12106885919835561,0.14573484069886947,0.15715093293786941,-0.17019527235354576,0.14244604316546763,0.08180883864337102,0.004933196300102775,0.0984583761562179,0.12641315519013363,-0.026721479958890033,-0.15292908530318602,-0.27523124357656736,-0.14429599177800617,0.06742034943473793,0.11757451181911614,0.15283416434179978,-0.04604316546762591,0.06228160328879754,0.20719424460431657,-0.046659815005138744,0.16937307297019527,-0.023638232271325797,0.052415210688591986,-0.2899429573693458,-0.017060637204522097,-0.2024665981500514,-0.0065775950668037,-0.06022610483042138,0.14050053978160074,0.14655704008221992,0.24254881808838644,0.22827483456835054
0.1603288797533402,0.29763617677286747,0.3405960945529291,0.27543679342240496,1.0,0.31860226104830425,0.13956834532374102,0.12045220966084276,0.10092497430626927,0.040698869475847894,0.011099691675231244,0.12374100719424462,0.008530756987471003,0.08982528263103802,-0.046454265159301136,0.1523124357656732,-0.017060637204522097,0.22733812949640286,-0.07934224049331963,0.12620760534429598,0.016032887975334018,-0.03648697265725549,0.09445500809019099,-0.15025693730729703,-0.175950668036999,-0.06659815005138746,-0.1354573484069887,-0.1724563206577595,-0.08345323741007195,-0.19794450154162385,-0.04152106885919836,-0.13207256299879805,-0.044809866392600206,0.08098663926002056,0.033093525179856115,0.19218910585817062,0.04049331963001028,-0.006166495375128469,-0.00010278020466832533,-0.10092497430626927,-0.0073997944501541625,-0.2850976361767729,-0.04008221993833505,-0.0959917780061665,0.10411634732901356,0.03062692702980473,0.06238758423367347,0.15724563206577596,0.20493319630010276,0.1313463514902364,-0.041109969167523124,0.10236382322713258,0.25220966084275437,0.3827338129496403,0.3029804727646454,0.1537512846865365,0.14306269270298047,0.04439876670092498,0.10854147451724168,-0.041109969167523124,0.0947584789311408,0.044914949440058166,-0.1523124357656732,-0.003494347379239466,-0.18890030832476876,0.00986639260020555,0.06773215487642639,0.0487153134635149,-0.065775950668037,-0.004522096608427544,-0.012230844355530715,-0.36443987667009253,-0.048509763617677296,-0.09681397738951696,-0.11778006166495375,-0.21623843782117164,-0.020966084275436794,-0.21891058581706063,-0.17286742034943473,-0.25775950668037,-0.24892086330935254,-0.15560123329907502,0.017060637204522097,-0.11172208247446964,-0.2193216855087359,-0.14306269270298047,0.07132579650565263,-0.24378211716341214,0.04912641315519013,-0.23062692702980475,0.028365878725590956,-0.044092707802711566,0.034532374100719423,-0.2540596094552929,-0.23864337101747174,-0.15662898252826313,-0.05909861768428707,-0.11921891058581706,0.1473792394655704,0.009352998624817605
0.12435765673175746,0.3052415210688592,0.39013360739979447,0.3397738951695787,0.31860226104830425,1.0,0.3510791366906475,0.17163412127440908,0.4189105858170607,0.17656731757451183,0.16258992805755396,0.1995889003083248,0.050465080492147735,0.3054470709146968,0.23329907502569375,0.21418293936279548,0.07194244604316546,0.36156217882836594,0.2670092497430627,0.1720452209660843,0.10339157245632066,0.0019528238886981812,0.20915771650004206,-0.053442959917780065,0.028982528263103807,0.004316546762589928,-0.0961973278520041,-0.06207605344295992,0.22918807810894143,-0.0789311408016444,-0.005960945529290853,-0.030936841605165927,0.022816032887975332,0.24522096608427543,0.0328879753340185,0.3938335046248716,0.3140801644398767,0.0869475847893114,0.059920859321633664,-0.0879753340184995,0.0487153134635149,0.027954779033915727,-0.013566289825282631,0.06865364850976362,0.11213320329314294,0.06536485097636177,0.03134796242383923,0.26392600205549843,0.47399794450154165,0.3243576567317575,-0.08324768756423433,0.1975334018499486,0.18129496402877696,0.244398766700925,0.5683453237410072,0.6464542651593012,0.20616649537512846,0.1539568345323741,0.2409291820723622,0.18890030832476876,0.16073997944501542,0.05210956376684094,-0.007810894141829393,0.20966084275436794,0.13196300102774922,0.19136690647482016,0.23197492193641026,0.21500513874614596,0.029804727646454265,0.13340184994861254,0.09959401832360724,-0.22898252826310384,0.17903391572456323,0.04316546762589928,0.07564234326824255,0.13504624871531348,0.3410071942446043,0.011510791366906477,-0.11469681397738953,-0.24604316546762592,-0.22980472764645427,-0.14511819116135663,-0.045220966084275435,-0.08212138352999193,-0.22446043165467625,0.00020554984583761563,0.3403905447070915,-0.03761562178828366,0.28735868448098667,-0.05570400822199383,-0.007194244604316546,-0.1043219077383502,-0.03144912641315519,-0.15601233299075026,-0.16402877697841728,-0.012949640287769786,-0.01038080067150086,0.0552929085303186,0.4624871531346352,0.22128578065090446
0.18622816032887976,0.21459403905447072,0.189311408016444,0.25775950668037,0.13956834532374102,0.3510791366906475,1.0,0.25981500513874617,0.4055498458376156,0.038232271325796506,0.11346351490236382,0.010688591983556012,-0.03648697265725549,0.16094552929085304,0.13237410071942446,0.41253854059609457,-0.033093525179856115,0.5977389516957862,0.28324768756423435,0.5299075025693731,0.2129496402877698,0.0747212087938725,0.4313685189929614,-0.052415210688591986,-0.17677286742034942,-0.1290853031860226,0.02487153134635149,-0.09311408016443988,0.2742034943473793,-0.01788283658787256,0.002877697841726619,-0.1168610927078859,0.19815005138746145,0.3375128468653649,0.19424460431654678,0.4145940390544708,0.2131551901336074,0.3013360739979445,0.2969320112867919,0.21027749229188078,0.39712230215827343,0.05899280575539568,0.048304213771839674,0.0421377183967112,0.2426640632219161,0.178622816032888,0.325093787365913,0.46885919835560125,0.5206577595066804,0.42240493319630007,0.012332990750256938,0.023843782117163412,0.1605344295991778,0.15169578622816035,0.24707091469681397,0.4115107913669065,0.22487153134635152,0.22898252826310384,0.013978826263584156,0.202672147995889,0.0051387461459403904,-0.0697877589697929,-0.05200411099691676,0.14943473792394654,0.10174717368961973,0.13484069886947586,0.6009558566956982,0.27029804727646456,0.05673175745118191,0.31449126413155193,0.37545608765339245,-0.11490236382322713,0.4423432682425488,0.12106885919835561,-0.0039054470709146967,-0.010277492291880781,0.43453237410071943,0.009249743062692703,-0.1091469681397739,-0.23144912641315518,-0.15806783144912642,0.0565262076053443,0.10503597122302159,0.04265378493735501,-0.06310380267214799,0.1944501541623844,0.2855087358684481,-0.09085303186022611,0.4931140801644399,0.2922918807810894,0.12168550873586846,-0.16249550358062237,0.071120246659815,-0.10113052415210688,-0.04090441932168551,0.12332990750256938,0.14276170428430388,0.32846865364850975,0.5383350462487153,0.36970039619196626
-0.09023638232271326,0.3270298047276464,0.1183967112024666,0.3183967112024666,0.12045220966084276,0.17163412127440908,0.25981500513874617,1.0,0.3206577595066804,0.06598150051387461,0.07708119218910586,-0.0302158273381295,0.006475152894104496,0.06865364850976362,-0.0014388489208633096,0.1956834532374101,-0.06659815005138746,0.3319630010277492,0.13463514902363824,0.12106885919835561,-0.09969167523124357,0.30597666929760453,0.17832365509954445,-0.08304213771839672,-0.15642343268242548,-0.03473792394655704,-0.0263103802672148,0.038232271325796506,-0.12641315519013363,-0.021788283658787256,0.0067831449126413155,-0.2498586775486989,0.11202466598150052,0.3882836587872559,0.2890030832476876,0.3046248715313464,0.36711202466598153,0.12394655704008223,0.2899429573693458,0.028776978417266185,0.24892086330935254,-0.005755395683453238,0.26187050359712233,-0.06988694758478932,0.27473148707843364,0.18581706063720455,0.22827483456835054,0.25241521068859196,0.14429599177800617,0.21747173689619734,-0.005549845837615622,0.020349434737923947,0.1771839671120247,0.16628982528263106,0.25755395683453236,0.10832476875642344,0.48078108941418296,0.48571428571428577,0.04460890145879061,0.14162384378211718,0.03905447070914697,0.0381314559319487,-0.15704008221993834,-0.10565262076053443,0.002877697841726619,0.07420349434737925,0.316871370992447,0.10154162384378213,0.3381294964028777,0.43103802672147995,-0.02662007300909626,0.041109969167523124,0.12805755395683455,-0.05960945529290853,-0.11551901336073998,-0.05118191161356629,-0.02816032887975334,-0.09290853031860227,0.048920863309352525,-0.20863309352517986,0.03576567317574512,0.3926002055498458,0.3317574511819116,0.3834729436175218,-0.08386433710174718,0.23617677286742036,0.4041109969167523,0.10256937307297019,0.2602261048304214,0.013360739979445016,0.19218910585817062,-0.30371550479490134,-0.005960945529290853,0.07995889003083248,0.20472764645426517,-0.15847893114080164,0.18531270901699057,0.05817060637204522,0.12990750256937308,0.2118300018214185
-0.12456320657759508,0.3650565262076053,0.19136690647482016,0.3001027749229188,0.10092497430626927,0.4189105858170607,0.4055498458376156,0.3206577595066804,1.0,0.17307297019527237,0.13648509763617678,0.21500513874614596,0.06300426546168343,0.21891058581706063,0.21377183967112026,0.3558067831449127,0.04953751284686536,0.3391572456320658,0.2117163412127441,0.26392600205549843,0.15334018499486127,0.01963101909165014,0.16742895340470196,0.09681397738951696,-0.12004110996916752,0.06413155190133607,0.14039054470709147,0.12353545734840699,0.2540596094552929,0.049948612538540604,0.13072970195272354,-0.14892851656440342,0.15498458376156218,0.2367934224049332,0.08406988694758478,0.3558067831449127,0.37553956834532376,0.15334018499486127,0.17071791995408836,0.1473792394655704,0.24707091469681397,0.16258992805755396,-0.0067831449126413155,0.12929085303186025,0.25787553351282827,0.10544707091469682,0.052520684585514246,0.2801644398766701,0.37882836587872565,0.31510791366906477,-0.11387461459403907,0.12990750256937308,0.22096608427543682,0.218705035971223,0.4961973278520041,0.3346351490236382,0.37944501541623843,0.4024665981500514,0.27176482824203313,0.43206577595066803,0.23699897225077082,0.03833701634128535,-0.041726618705035974,0.09393627954779034,0.10668036998972251,0.21377183967112026,0.3094711962563276,0.22672147995889005,0.11469681397738953,0.27214799588900307,0.19168508170642673,0.024460431654676262,0.20349434737923947,0.20781089414182938,0.1539568345323741,0.1948612538540596,0.29640287769784174,0.08406988694758478,-0.052415210688591986,-0.2770811921891059,-0.1079136690647482,0.03062692702980473,0.02117163412127441,0.05005395967347444,-0.002261048304213772,0.040287769784172665,0.32661870503597124,0.14265159301130526,0.23782117163412128,0.14388489208633093,0.0263103802672148,-0.26589238947695765,-0.048920863309352525,-0.10277492291880781,0.043782117163412126,0.1303186022610483,0.06875995692310964,0.16197327852004112,0.3570400822199383,0.22971375743370714
0.07913669064748202,0.19177800616649537,0.2803699897225077,0.07749229188078109,0.040698869475847894,0.17656731757451183,0.038232271325796506,0.06598150051387461,0.17307297019527237,1.0,0.45118191161356636,0.5798561151079137,0.36250578186518345,0.318191161356629,0.2760534429599178,0.20719424460431657,0.33833504624871535,0.1276464542651593,0.21849948612538542,-0.14779033915724563,0.27317574511819115,0.18531270901699057,0.015108690086243824,0.38602261048304215,0.3044193216855087,0.4010277492291881,0.18540596094552927,0.34080164439876676,0.2879753340184995,0.1722507708119219,-0.015827338129496403,-0.07821573575259558,0.05323741007194245,0.11778006166495375,0.08304213771839672,0.055498458376156225,0.11181911613566291,0.09393627954779034,-0.09239940399682448,-0.03658787255909558,-0.1473792394655704,0.20637204522096608,-0.023432682425488183,-0.05632065775950668,-0.09630505177422084,-0.16813977389516957,-0.2681535539796608,-0.21007194244604319,-0.03782117163412128,-0.20184994861253855,0.02816032887975334,0.1868448098663926,0.05960945529290853,-0.07379239465570402,0.2776978417266187,0.14285714285714285,0.04912641315519013,0.19260020554984586,0.5733374477814148,0.39486125385405957,0.4123329907502569,0.3744282856067092,0.4020554984583762,0.3403905447070915,0.26187050359712233,0.3216855087358685,-0.1018551828263104,0.21541623843782118,0.1420349434737924,0.10832476875642344,0.18634051106367383,0.2207605344295992,0.026927029804727647,0.2906474820143885,0.4859198355601233,0.3373072970195273,0.16258992805755396,0.31860226104830425,-0.015210688591983558,-0.14532374100719425,0.2655704008221994,-0.13484069886947586,-0.09003083247687566,-0.009147438215480955,0.12332990750256938,-0.10256937307297019,0.120863309352518,0.2156217882836588,-0.05673175745118191,-0.014182939362795478,-0.2846865364850976,0.019014337863640186,0.20986639260020556,-0.24152106885919836,-0.08098663926002056,-0.10626927029804728,-0.22498586801896414,-0.07708119218910586,-0.027954779033915727,-0.15920653703123594
0.12846865364850976,0.20328879753340184,0.33874614594039054,0.08489208633093526,0.011099691675231244,0.16258992805755396,0.11346351490236382,0.07708119218910586,0.13648509763617678,0.45118191161356636,1.0,0.4643371017471737,0.30782671298163433,0.3165467625899281,0.2674203494347379,0.23473792394655707,0.357245632065776,0.16258992805755396,0.36443987667009253,-0.05118191161356629,0.2735868448098664,0.22190246187891438,-0.03217020406118583,0.2647482014388489,0.20986639260020556,0.3167523124357657,0.24460431654676262,0.3473792394655704,0.3146968139773895,0.1895169578622816,-0.035149023638232274,-0.03360912692654238,-0.09229188078108942,0.16258992805755396,0.07564234326824255,0.07317574511819117,0.13730729701952724,0.032682425488180886,0.0023639447073714828,0.01932168550873587,-0.002672147995889003,0.13895169578622815,0.015621788283658787,0.04234326824254882,-0.05642633236291061,-0.03329907502569373,-0.13125032136145143,-0.12702980472764644,0.030421377183967115,-0.022610483042137718,0.05734840698869476,0.2674203494347379,0.09825282631038026,-0.12846865364850976,0.2641315519013361,0.19013360739979446,0.1379239465570401,0.23576567317574512,0.23928461427664643,0.29537512846865366,0.26104830421377184,0.34976103648631107,0.3967112024665982,0.39547790339157246,0.3601233299075026,0.3003083247687564,-0.07040444019780286,0.344912641315519,0.20287769784172663,0.18437821171634122,0.19579628989315975,0.24295991778006165,0.10339157245632066,0.17142857142857143,0.42466598150051393,0.30729701952723537,0.255087358684481,0.3646454265159301,0.025077081192189106,-0.12970195272353546,0.3009249743062693,-0.0591983556012333,-0.022610483042137718,0.037103653885265445,0.08221993833504625,-0.0039054470709146967,0.09660842754367935,0.18108941418293936,0.04316546762589928,0.12476875642343269,-0.27399794450154163,-0.09733285382090409,0.11531346351490238,-0.1276464542651593,-0.04316546762589928,0.027338129496402876,-0.06917107774178295,0.09352517985611512,0.05015416238437821,-0.0013361426606882292
0.003494347379239466,0.2406988694758479,0.44727646454265163,0.12106885919835561,0.12374100719424462,0.1995889003083248,0.010688591983556012,-0.0302158273381295,0.21500513874614596,0.5798561151079137,0.4643371017471737,1.0,0.5187316929610379,0.38437821171634123,0.33936279547790343,0.1956834532374101,0.526207605344296,0.06885919835560124,0.21767728674203493,-0.15354573484069886,0.28345323741007195,0.10637751183171672,-0.0038028675727280374,0.46700924974306274,0.20164439876670093,0.5301130524152107,0.28735868448098667,0.42055498458376156,0.31017471736896196,0.2219938335046249,-0.14039054470709147,-0.10082738077962715,-0.021993833504624874,0.020349434737923947,0.0394655704008222,0.05508735868448099,0.015210688591983558,-0.01788283658787256,-0.09527724972753758,0.03535457348406989,-0.13833504624871532,0.14265159301130526,-0.07810894141829394,-0.10030832476875642,-0.14276170428430388,-0.1537512846865365,-0.27370368503175035,-0.2199383350462487,-0.03576567317574512,-0.16156217882836588,-0.07749229188078109,0.20986639260020556,0.12702980472764644,0.005960945529290853,0.35046248715313466,0.13381294964028778,0.039671120246659815,0.128879753340185,0.5848494223514253,0.4273381294964029,0.6051387461459404,0.5043424643074724,0.378622816032888,0.3416238437821172,0.22857142857142856,0.37677286742034943,-0.1314558817707881,0.29722507708119217,0.04707091469681397,-0.013360739979445016,0.18387378615163402,0.17800616649537512,-0.019116135662898253,0.32723535457348407,0.6322713257965057,0.4034943473792395,0.13052415210688592,0.383967112024666,-0.131551901336074,-0.16464542651593014,0.20020554984583763,-0.2750256937307297,-0.1771839671120247,-0.09959401832360724,0.15580678314491267,-0.22507708119218914,-0.01891058581706064,0.22261048304213774,-0.16772867420349435,0.017060637204522097,-0.3858170606372045,-0.10802199510640992,0.0972250770811922,-0.36772867420349437,-0.12744090441932168,-0.08530318602261049,-0.24554190895262923,-0.13340184994861254,-0.06125385405960946,-0.23259160316442024
-0.09609949136488419,0.21532452878014155,0.2584922147408382,0.0697877589697929,0.008530756987471003,0.050465080492147735,-0.03648697265725549,0.006475152894104496,0.06300426546168343,0.36250578186518345,0.30782671298163433,0.5187316929610379,1.0,0.4184182132047525,0.31892697508581347,0.22950819702437047,0.6208952164013534,0.060331980140306975,0.26671463111430427,-0.1298113984960949,0.2769926515811368,0.24997430362832765,0.05077603042450406,0.37257824192267935,0.08869931662876476,0.5205817366450678,0.3744282856067092,0.4735084029069748,0.18490158819831726,0.4126625217433262,-0.1719512824101083,-0.010072977695549388,0.09712729341156745,0.14132278141894733,0.06382650709903004,-0.010997481899510811,-0.046559432714751374,0.07677681288723903,0.02549080069894131,0.11747777393589584,-0.12960583808675824,0.16455110767398887,0.029703479149146023,-0.06464874873637663,-0.04851474971733991,-0.044298268212048214,-0.18830301161475999,-0.14296726469364052,-0.14790071451772016,-0.10576083060370677,-0.13659489200420435,0.20833547486269546,0.05642633236291061,-0.04368158698403827,0.23218048234574692,-0.002158384298034832,0.01675317336093703,0.1618788223526124,0.36747700105069186,0.2510920400047188,0.48522534623916386,0.7100421420495425,0.48111413805243086,0.3289994351433094,0.3873785913949182,0.4126625217433262,-0.1897420084284099,0.3022765819295448,0.07801017534325892,-0.054781849088217406,0.1967314215232809,0.17154016159143498,0.008119636168797701,0.273909245441087,0.47330284249763815,0.27288144339440373,0.047998355580107926,0.49180327933793666,-0.05765969481893051,-0.07924353779927883,0.22416362638161752,-0.20052417930790273,-0.02291998564103655,-0.09600164456778702,0.24451410690594597,-0.16331774521796893,-0.07965465861795212,0.24615859018063915,-0.17914589673689105,-0.04368158698403827,-0.39477876613103763,-0.13012642614862782,0.12158898212262886,-0.22334138474427095,-0.12117786130395555,-0.1047330285570235,-0.13444341658957754,-0.03957037879730525,-0.1931240045717833,-0.16980162401068968
-0.02589928057553957,0.34532374100719426,0.2933196300102775,0.17923946557040082,0.08982528263103802,0.3054470709146968,0.16094552929085304,0.06865364850976362,0.21891058581706063,0.318191161356629,0.3165467625899281,0.38437821171634123,0.4184182132047525,1.0,0.624049331963001,0.32415210688591983,0.358273381294964,0.22692702980472765,0.4961973278520041,0.017266187050359712,0.4139773895169579,0.18387378615163402,0.21717457246417143,0.20534429599177803,-0.00986639260020555,0.45508735868448097,0.32045220966084276,0.28180883864337103,0.31284686536485096,0.43597122302158275,-0.0879753340184995,0.08787707499141816,0.1303186022610483,0.20596094552929087,0.0828365878725591,0.2012332990750257,0.11120246659815006,0.25570400822199385,0.1139832469771728,0.13627954779033916,-0.07235354573484071,0.2957862281603289,0.052826310380267215,0.05077081192189106,0.09548281013687422,0.047482014388489216,-0.11151652206513298,0.07790339157245633,0.13627954779033916,0.11695786228160329,-0.054265159301130524,0.3350462487153135,0.16341212744090444,-0.01891058581706064,0.45796505652620767,0.2261048304213772,0.14265159301130526,0.24501541623843784,0.3052728970797422,0.21130524152106886,0.2966084275436794,0.3183102938578036,0.4199383350462487,0.5231243576567317,0.5646454265159301,0.6108941418293936,-0.006475152894104496,0.2193216855087359,0.03576567317574512,0.07440904419321687,0.26095893965287803,0.1708119218910586,0.1956834532374101,0.3533401849948613,0.3122302158273381,0.22240493319630011,0.20226104830421376,0.4277492291880781,0.09188078108941418,0.031243576567317573,0.02117163412127441,-0.16423432682425487,-0.014182939362795478,-0.12015005925727232,0.09681397738951696,-0.08345323741007195,0.0947584789311408,0.218705035971223,0.03720452209660843,-0.031654676258992806,-0.2261048304213772,-0.06793771528576305,0.11510791366906474,-0.1722507708119219,-0.09311408016443988,0.016032887975334018,-0.03669253306659215,0.09085303186022611,0.0894141829393628,0.04142042248133511
-0.056937307297019533,0.3019527235354574,0.23720452209660842,0.10380267214799589,-0.046454265159301136,0.23329907502569375,0.13237410071942446,-0.0014388489208633096,0.21377183967112026,0.2760534429599178,0.2674203494347379,0.33936279547790343,0.31892697508581347,0.624049331963001,1.0,0.26187050359712233,0.2906474820143885,0.14696813977389517,0.4351490236382323,0.06639260020554985,0.4816032887975334,0.06403206750836668,0.162701063989959,0.23720452209660842,-0.005549845837615622,0.48119218910585815,0.38437821171634123,0.2655704008221994,0.43391572456320654,0.42425488180883864,-0.049948612538540604,0.09918289750493395,0.13463514902363824,0.05364850976361768,0.034121274409044194,0.1775950668036999,0.08920863309352517,0.22055498458376155,0.044709389030721525,0.15868448098663926,-0.0959917780061665,0.3510791366906475,-0.04439876670092498,0.16896197327852006,0.08088802107397204,0.0065775950668037,-0.17421244691281143,0.07194244604316546,0.13072970195272354,0.10071942446043167,-0.021993833504624874,0.37923946557040084,0.12826310380267214,-0.1473792394655704,0.36197327852004113,0.1671120246659815,0.10668036998972251,0.2156217882836588,0.2968444871266988,0.2830421377183967,0.3062692702980473,0.21080219977473524,0.4078108941418294,0.5146968139773895,0.5607399794450154,0.7118191161356628,0.0031861863447180854,0.14224049331963,-0.0947584789311408,-0.019527235354573486,0.3433886637968749,0.20226104830421376,0.15806783144912642,0.4435765673175745,0.32805755395683456,0.30483042137718397,0.2509763617677287,0.43042137718396717,0.12209660842754368,0.06515930113052415,-0.020554984583761562,-0.18499486125385406,-0.12661870503597122,-0.15283416434179978,0.12867420349434738,-0.08735868448098665,0.07029804727646455,0.18766700924974308,0.06125385405960946,0.00020554984583761563,-0.1987667009249743,-0.058276376046940456,0.08612538540596094,-0.17656731757451183,-0.0855087358684481,0.1761562178828366,-0.027647875055779515,0.15560123329907502,0.09167523124357657,0.09486612890886427
0.16279547790339158,0.51551901336074,0.22713257965056527,0.23103802672147997,0.1523124357656732,0.21418293936279548,0.41253854059609457,0.1956834532374101,0.3558067831449127,0.20719424460431657,0.23473792394655707,0.1956834532374101,0.22950819702437047,0.32415210688591983,0.26187050359712233,1.0,0.2180883864337102,0.4587872559095581,0.3301130524152107,0.2828365878725591,0.3765673175745118,0.18962947761306023,0.24040289871921294,0.046659815005138744,-0.18869475847893116,0.13401849948612538,0.2509763617677287,0.10626927029804728,0.2092497430626927,0.24234326824254881,0.06166495375128469,-0.0876715145820815,0.41192189105858174,0.3247687564234327,0.1761562178828366,0.27276464542651596,0.09434737923946558,0.41808838643371016,0.31995477713249676,0.28879753340184994,0.1771839671120247,0.19671120246659815,0.16012332990750258,-0.0030832476875642346,0.28500950754526616,0.2538540596094553,0.11994449884793566,0.2813977389516958,0.25467625899280577,0.23782117163412128,0.11346351490236382,0.3223021582733813,0.24398766700924973,0.05220966084275437,0.31860226104830425,0.23967112024665982,0.18622816032887976,0.3001027749229188,0.1441052530995955,0.21089414182939364,0.15066803699897224,0.17195128241010826,0.260431654676259,0.42117163412127445,0.299486125385406,0.3321685508735869,0.18531270901699057,0.20452209660842754,0.12785200411099693,0.2787255909558068,0.2885040345039892,0.048304213771839674,0.35354573484069884,0.22754367934224048,0.1539568345323741,-0.0065775950668037,0.3038026721479959,0.23042137718396713,0.0367934224049332,-0.1722507708119219,0.01747173689619733,0.02816032887975334,0.21726618705035972,0.030731281195829276,0.16094552929085304,0.17677286742034942,0.10010277492291882,0.07523124357656732,0.22137718396711203,0.1418293936279548,-0.021788283658787256,-0.15756205375654272,0.22158273381294963,-0.05714285714285714,-0.01747173689619733,0.11428571428571428,0.24841975468334232,0.3338129496402878,0.24892086330935254,0.15673981211919613
-0.0008221993833504625,0.2117163412127441,0.31017471736896196,0.06248715313463515,-0.017060637204522097,0.07194244604316546,-0.033093525179856115,-0.06659815005138746,0.04953751284686536,0.33833504624871535,0.357245632065776,0.526207605344296,0.6208952164013534,0.358273381294964,0.2906474820143885,0.2180883864337102,1.0,0.046865364850976365,0.2762589928057554,-0.1471736896197328,0.33586844809866395,0.273909245441087,0.046559432714751374,0.39157245632065774,0.12456320657759508,0.4460431654676259,0.3270298047276464,0.42651593011305244,0.1710174717368962,0.35909558067831454,-0.12579650565262077,0.018603217044966886,0.0879753340184995,0.16361767728674204,0.0828365878725591,-0.033504624871531344,-0.09928057553956836,0.03535457348406989,0.024770029325066403,0.13093525179856116,-0.09907502569373072,0.1605344295991778,0.03473792394655704,-0.044604316546762585,-0.09445500809019099,0.01829393627954779,-0.17174572200077162,-0.14984583761562179,-0.1276464542651593,-0.09146968139773896,-0.006988694758478932,0.20719424460431657,0.10709146968139774,-0.041109969167523124,0.18992805755395686,0.07399794450154162,0.025077081192189106,0.11223021582733812,0.29067735789276467,0.19527235354573483,0.3586844809866393,0.5033146622607891,0.41377183967112025,0.37636176772867425,0.354573484069887,0.31284686536485096,-0.1830515445142874,0.35498458376156217,0.17553956834532375,0.016032887975334018,0.20216866258259594,0.24563206577595068,0.11099691675231245,0.2616649537512847,0.5214799588900308,0.2647482014388489,0.05508735868448099,0.4754367934224049,-0.024460431654676262,-0.002877697841726619,0.2698869475847893,-0.14532374100719425,-0.008427543679342241,-0.017780975407620282,0.2768756423432683,-0.03247687564234327,-0.13381294964028778,0.27543679342240496,-0.1272353545734841,0.06906474820143885,-0.2758478931140802,-0.11644997188921259,0.20596094552929087,-0.15334018499486127,-0.03103802672147996,0.027132579650565262,-0.005652911256757893,0.05796505652620761,-0.14984583761562179,-0.14502286878700704
0.22795477903391573,0.31757451181911617,0.22857142857142856,0.31880781089414184,0.22733812949640286,0.36156217882836594,0.5977389516957862,0.3319630010277492,0.3391572456320658,0.1276464542651593,0.16258992805755396,0.06885919835560124,0.060331980140306975,0.22692702980472765,0.14696813977389517,0.4587872559095581,0.046865364850976365,1.0,0.3011305241521069,0.4927029804727646,0.2855087358684481,0.2105966393653986,0.48378642337380734,-0.12949640287769784,-0.14861253854059608,-0.08612538540596094,0.04809866392600205,-0.065775950668037,0.20657759506680373,-0.03535457348406989,-0.039671120246659815,-0.10678863265039001,0.33155190133607404,0.3858170606372045,0.29640287769784174,0.6236382322713259,0.31120246659815004,0.260431654676259,0.2515031608233921,0.09866392600205551,0.3389516957862282,0.0197327852004111,0.023021582733812954,0.025077081192189106,0.2260136700656474,0.14511819116135663,0.28706511163863263,0.43206577595066803,0.5097636176772867,0.39712230215827343,-0.0051387461459403904,0.03761562178828366,0.12004110996916752,0.13340184994861254,0.31963001027749227,0.3607399794450154,0.19136690647482016,0.25673175745118193,0.06146572136487739,0.14121274409044193,0.053854059609455295,0.06690991323907979,0.014388489208633093,0.24213771839671122,0.15621788283658788,0.19794450154162385,0.4354797271796944,0.24665981500513876,0.14080164439876672,0.41870503597122305,0.359833496543807,-0.09290853031860227,0.4622816032887976,0.07687564234326826,-0.002877697841726619,-0.0947584789311408,0.320863309352518,-0.008221993833504625,-0.12004110996916752,-0.24974306269270297,-0.06865364850976362,0.1578622816032888,0.10277492291880781,0.15632869130052282,-0.03329907502569373,0.2933196300102775,0.40164439876670094,-0.047482014388489216,0.5800616649537513,0.23658787255909558,0.04707091469681397,-0.27164808093838383,0.10585817060637205,-0.18314491264131552,-0.10154162384378213,0.045837615621788286,0.1610565807152658,0.28838643371017475,0.5040082219938335,0.3900508767162947
0.03597122302158273,0.20534429599177803,0.18129496402877696,0.20986639260020556,-0.07934224049331963,0.2670092497430627,0.28324768756423435,0.13463514902363824,0.2117163412127441,0.21849948612538542,0.36443987667009253,0.21767728674203493,0.26671463111430427,0.4961973278520041,0.4351490236382323,0.3301130524152107,0.2762589928057554,0.3011305241521069,1.0,0.17327852004111,0.3397738951695787,0.14543398960568035,0.24698083181798577,0.12415210688591984,0.029393627954779036,0.28674203494347383,0.31490236382322717,0.20760534429599178,0.33771839671120246,0.32805755395683456,-0.08448098663926003,0.03258132487985913,0.07297019527235354,0.31593011305241525,0.14265159301130526,0.21911613566289825,0.14922918807810895,0.3537512846865365,0.25191428164206536,0.27543679342240496,0.0984583761562179,0.3646454265159301,0.0974306269270298,0.1747173689619733,0.1752402489594947,0.18252826310380266,0.04717611394276133,0.21212744090441932,0.23062692702980475,0.2207605344295992,-0.05858170606372045,0.30688591983556013,0.065775950668037,-0.07872559095580679,0.32990750256937307,0.27810894141829395,0.22384378211716344,0.30565262076053445,0.10648576477259694,0.20781089414182938,0.11181911613566291,0.1918906421157634,0.3169578622816033,0.45303186022610487,0.5146968139773895,0.38705035971223023,0.09198828317815116,0.318191161356629,0.09969167523124357,0.19013360739979446,0.28254278263322635,0.13854059609455294,0.3484069886947585,0.2594039054470709,0.2581706063720452,0.29249743062692707,0.31099691675231245,0.40328879753340185,0.05878725590955807,-0.02117163412127441,0.08838643371017471,-0.04234326824254882,0.030832476875642344,-0.021275502366343346,0.10195272353545735,0.043782117163412126,0.15498458376156218,0.17780061664953753,0.20883864337101748,0.16670092497430627,-0.19136690647482016,-0.12220566335063883,0.12024665981500515,-0.054881808838643374,-0.03864337101747174,0.1736896197327852,0.04203710370934506,0.28674203494347383,0.21459403905447072,0.18695719229168378
