0,1,2,3,4,5,6,7,8,9,10,11,12,13,14,15,16,17,18,19,20,21,22,23,24,25,26,27,28,29,30,31,32,33,34,35,36,37,38,39,40,41,42,43,44,45,46,47,48,49,50,51,52,53,54,55,56,57,58,59,60,61,62,63,64,65,66,67,68,69,70,71,72,73,74,75,76,77,78,79,80,81,82,83,84,85,86,87,88,89,90,91,92,93,94,95,96,97,98,99
1.0,0.10392146798944041,0.011306403595546008,-0.0039058485148249847,0.0696885603434563,-0.07009970229238525,0.09024565778990358,0.052420598488440585,0.17905231875855587,0.2059821164134018,0.13814369484012579,0.1765854670649822,0.1432829692017376,0.15099964043173883,0.17411861537140852,0.062493576237199755,0.1484222435633494,0.09908520969187591,0.1303319978104758,0.21996094267698596,0.08366738660704046,0.11502287109810466,0.1432829692017376,0.2118517759903429,0.1926200030732111,0.2760818187057871,-0.01932367159966045,0.060643437467019494,0.19303114502214003,0.0939459353302641,-0.004316990463753931,0.36427176675104594,0.23599547868521484,0.09230136753454832,0.06691679096055955,0.20433754861768602,0.11388631985331797,0.22098879754930834,0.2168773780600189,0.23208963017038986,0.15983964661086036,0.20125398400071892,0.15027238233352966,0.1334155624274429,0.037002775403605116,0.012334258467868372,0.08695652219847201,0.23990132720003984,0.16466235054604278,0.2045431195921505,0.4584232730557745,0.08243396076025362,-0.021173810369840708,0.09661835799830225,0.11470860375117586,0.06043786649255502,0.08037825101560889,0.1221091588318969,0.1985815613326808,0.1681570571119388,0.0877788060963299,0.1500668113590652,0.22254201602090848,0.24997430494879902,0.20968239395376234,0.15109466623138756,0.11728426802764738,0.15397265987389017,0.15972864715889543,0.06557714085416684,0.2197553717025215,0.23435091088949905,0.10484119697688117,0.020145955497518343,0.2031041227708992,0.28779936425026204,0.21276595857072944,0.02384623303787885,0.1350601302231587,0.2842164777357099,0.18830301260945714,-0.0017474430819193736,-0.1712406217289059,-0.048309178999151124,0.039469627097178786,0.20136711749882666,0.13238770755512053,0.2680645507016726,0.1266317202701153,0.10854147451724168,0.2053654034900084,0.2069178190531588,-0.05118717264165375,0.23044506237467408,0.07441669275613917,0.0696885603434563,0.04419775950986167,0.1318805573001504,0.23764004648093062,0.0877788060963299
0.10392146798944041,1.0,0.3668225504612531,0.5033146622607891,0.45562464729468616,0.46240814080279563,0.2924096822813856,0.46836939267355854,0.3822395811615019,0.28542062836393944,-0.03874813715995865,0.012436404764867364,0.16146770153393908,0.16157878507554732,0.2085410352720321,0.3259160290032596,0.14954519779241335,0.40793463232858324,0.14790071451772016,0.33105503923667595,0.14317282510297719,0.08572309589885908,0.16763451381403863,0.07770582793709528,0.21141888100274522,0.06279870505234678,0.2654812686582843,0.14646179165236362,0.24410298608727266,0.1610565807152658,-0.03792589552261205,0.046559432714751374,0.35099439894233103,0.21429672673345831,0.1447219652585055,0.333932884967389,0.22868595538702385,0.2642479062022644,0.19990749807989278,0.18839611515704033,0.26518655565834104,0.05210956376684094,0.033198006107869084,0.07431008797519921,0.10329410569166696,0.3107045587123475,0.1281669152214017,0.1281669152214017,0.37031707741997616,0.29302636350939554,0.09157716235947788,0.6330232805522157,0.43301300226765466,0.40032889718312714,0.5273652301531773,0.42191274016347546,0.3306439184180026,0.4346574855423478,0.05724857400025721,0.04779279517077128,0.12179454253196552,0.059715298912297016,0.1938534278959811,0.14975075820175002,0.15509532884450292,0.16578447013000874,0.19611470860314523,0.10103294118896379,0.15879541621256263,0.37607276888140234,0.19250732334377335,0.15776761416587937,0.1647566680833255,0.27637597035312683,-0.007502954940787749,0.06690991323907979,0.1468729124710369,0.09137160195014123,-0.03340356651720573,0.043581046356254496,0.07472120879387252,0.2068043992188303,0.0689655173324463,0.12796135481206505,0.24759751304599573,0.37989515880357694,0.23567500930446997,0.08828819581009145,0.28007605772118654,0.13556708995752112,0.05724857400025721,0.08572309589885908,0.25088647959538213,0.021481062775679995,0.015108690086243824,0.03196464365184918,0.2864484304106227,0.13834926508377016,0.26116450006221464,0.22827483456835054
0.011306403595546008,0.3668225504612531,1.0,0.2554984583761562,0.4002055498458376,0.5693730729701952,0.28859198355601234,0.5218910585817061,0.46947584789311414,0.13422404933196302,0.06639260020554985,0.09763617677286741,0.24090441932168552,0.2626034229275712,0.21459403905447072,0.33237410071942447,0.263103802672148,0.4552929085303186,0.14285714285714285,0.302158273381295,0.25035971223021586,0.1193278176199257,0.30565262076053445,0.06053754054964362,0.15745118191161359,0.16402877697841728,0.19013360739979446,0.3305241521068859,0.1773895169578623,0.2622816032887975,-0.07646454265159301,0.06536485097636177,0.18499486125385406,0.23453237410071942,0.16455110767398887,0.2970195272353546,0.2431654676258993,0.17574511819116134,0.16505652620760536,0.20698869475847895,0.27349812462241374,-0.00986639260020555,0.12189105858170607,-0.010071942446043166,0.0197327852004111,0.2569373072970195,0.11140801644398766,0.24378211716341214,0.2793422404933196,0.13648509763617678,0.031243576567317573,0.433710174717369,0.3192189105858171,0.2779033915724563,0.46906474820143884,0.6119218910585817,0.22466598150051387,0.3745118191161357,0.041109969167523124,0.1013360739979445,0.10380267214799589,0.16341212744090444,0.26630351029563093,0.13586844809866394,0.27913669064748203,0.24460431654676262,0.2771982119904734,0.17553956834532375,0.12209660842754368,0.35560123329907506,0.18540596094552927,0.18746145940390546,0.26372045220966084,0.33874614594039054,0.007605344295991779,0.041109969167523124,0.1183967112024666,0.28591983556012335,-0.06063720452209661,0.05231512417617759,0.09763617677286741,0.17935145714622772,0.04953751284686536,0.06742034943473793,0.14224049331963,0.24759751304599573,0.24275436793422406,0.1327852004110997,0.2750256937307297,0.20041109969167523,0.024460431654676262,0.02682563341843291,0.2343268242548818,0.00020554984583761563,0.16485097636176774,0.03103802672147996,0.2119218910585817,0.1801736987835743,0.26762589928057556,0.15580678314491267
-0.0039058485148249847,0.5033146622607891,0.2554984583761562,1.0,0.4750256937307297,0.3625899280575539,0.2742034943473793,0.44665981500513874,0.2795477903391573,0.22425488180883865,-0.15190133607399794,-0.1354573484069887,0.05097636176772868,-0.0038028675727280374,-0.01274409044193217,0.43597122302158275,-0.016855087358684483,0.3019527235354574,-0.044604316546762585,0.28489208633093527,0.12702980472764644,-0.04882059721745453,0.1079136690647482,-0.12508350908135193,0.022610483042137718,-0.08139773895169579,0.3537512846865365,0.03699897225077081,0.2431654676258993,-0.02589928057553957,-0.11921891058581706,-0.028365878725590956,0.26351490236382324,0.09928057553956836,0.21799681410151803,0.2554984583761562,0.16628982528263106,0.17533401849948613,-0.03884892086330936,-0.008016443987667009,0.16701783258602867,-0.017677286742034944,0.024460431654676262,-0.04953751284686536,0.12415210688591984,0.39301130524152106,0.06865364850976362,0.0065775950668037,0.20328879753340184,0.3292908530318603,-0.0394655704008222,0.4513874614594039,0.4733812949640288,0.4900308324768757,0.39218910585817063,0.35416238437821174,0.4117163412127441,0.44439876670092504,-0.038232271325796506,-0.06392600205549846,0.07831449126413156,-0.008016443987667009,-0.02065882113833339,-0.00020554984583761563,0.03247687564234327,0.025077081192189106,0.2597255771968581,-0.0041109969167523125,0.06248715313463515,0.30051387461459406,0.027132579650565262,0.020966084275436794,0.10298047276464543,0.1669064748201439,-0.15765673175745118,-0.06289825282631038,0.1673175745118191,-0.024460431654676262,-0.14532374100719425,-0.05950973850296037,0.04295991778006167,0.23238604275508357,0.16300102774922917,0.1907502569373073,0.39465570400822203,0.3563389695850839,0.13627954779033916,-0.05056526207605344,0.27009249743062697,0.1301130524152107,-0.05323741007194245,-0.09671617259289414,0.28941418293936283,-0.14285714285714285,-0.12209660842754368,-0.022404933196300103,0.402672147995889,0.09157716235947787,0.2092497430626927,0.3371017471736896
0.0696885603434563,0.45562464729468616,0.4002055498458376,0.4750256937307297,1.0,0.40698869475847893,0.25077081192189105,0.3874614594039055,0.30421377183967113,0.18725590955806784,0.09064748201438848,0.06392600205549846,0.12045220966084276,0.13207256299879805,0.15868448098663926,0.3730729701952724,0.1249743062692703,0.29003083247687567,0.09886947584789312,0.296813977389517,0.13237410071942446,0.02065882113833339,0.1773895169578623,0.1172722135265592,0.07440904419321687,0.08098663926002056,0.3821171634121275,0.2207605344295992,0.22261048304213774,0.22281603288797533,-0.09208633093525181,0.0879753340184995,0.23597122302158272,0.2135662898252826,0.22457474720029086,0.23494347379239466,0.09146968139773896,0.18972250770811921,0.13751284686536486,0.13340184994861254,0.2549976877821152,-0.048509763617677296,0.10668036998972251,-0.049948612538540604,0.08098663926002056,0.42466598150051393,0.19815005138746145,0.09414182939362795,0.17656731757451183,0.2219938335046249,0.007810894141829393,0.4468653648509764,0.46474820143884893,0.5956834532374101,0.5410071942446043,0.408016443987667,0.4154162384378212,0.33833504624871535,0.1484069886947585,-0.03761562178828366,0.0565262076053443,0.10174717368961973,0.25808109392216494,0.18520041109969168,0.18293936279547793,0.11181911613566291,0.3255049081845863,0.18705035971223025,0.1673175745118191,0.2672147995889003,0.12949640287769784,0.12826310380267214,0.16628982528263106,0.29763617677286747,0.0565262076053443,0.007810894141829393,0.13401849948612538,0.13463514902363824,-0.012538540596094553,0.08191582312065529,0.11983556012332991,0.17297908445679153,0.039671120246659815,0.11551901336073998,0.2458376156217883,0.33290508292070575,0.1260020554984584,0.014799588900308325,0.1948612538540596,0.1983556012332991,0.10709146968139774,-0.014080888039560572,0.20472764645426517,-0.019116135662898253,0.03782117163412128,-0.007194244604316546,0.2949640287769784,0.06279870505234678,0.22733812949640286,0.16485097636176774
-0.07009970229238525,0.46240814080279563,0.5693730729701952,0.3625899280575539,0.40698869475847893,1.0,0.1773895169578623,0.4468653648509764,0.35416238437821174,0.22487153134635152,-0.0867420349434738,0.020143884892086333,0.2143884892086331,0.13248368381747136,0.16916752312435768,0.3543679342240494,0.17780061664953753,0.3724563206577595,0.03658787255909558,0.2785200411099692,0.19671120246659815,0.041831543300008406,0.1578622816032888,-0.0231255460503732,0.16341212744090444,-0.026515930113052415,0.15827338129496404,0.1958890030832477,0.1405960945529291,0.1712230215827338,-0.016238437821171636,0.06433710174717369,0.23782117163412128,0.16197327852004112,0.12652243194670848,0.3013360739979445,0.18376156217882836,0.1603288797533402,0.07769784172661871,0.10441932168550874,0.23546944889513335,-0.041726618705035974,0.024665981500513877,-0.07070914696813978,0.044193216855087356,0.22137718396711203,0.07214799588900309,0.09681397738951696,0.3551901336073998,0.23905447070914698,0.04131551901336074,0.4174717368961974,0.34285714285714286,0.31264131551901336,0.5099691675231244,0.5747173689619733,0.24871531346351491,0.3233299075025694,0.03761562178828366,0.05508735868448099,0.09126413155190133,0.15621788283658788,0.1818181820582675,0.09414182939362795,0.13340184994861254,0.15642343268242548,0.2280692741590139,0.12805755395683455,0.06557040082219938,0.28345323741007195,0.1708119218910586,0.07009249743062693,0.16608427543679344,0.30565262076053445,-0.08221993833504625,-0.021993833504624874,0.07009249743062693,0.18211716341212744,-0.03329907502569373,0.05745413440959386,0.024254881808838648,0.1951796086651498,0.09290853031860227,0.09023638232271326,0.12641315519013363,0.24759751304599573,0.16361767728674204,0.04090441932168551,0.20452209660842754,0.15950668036998975,0.014799588900308325,0.07986021902728878,0.2916752312435766,-0.04152106885919836,0.07420349434737925,0.018088386433710177,0.21212744090441932,0.12343902580665872,0.24028776978417268,0.1975334018499486
0.09024565778990358,0.2924096822813856,0.28859198355601234,0.2742034943473793,0.25077081192189105,0.1773895169578623,1.0,0.36957862281603293,0.34635149023638234,0.1697841726618705,-0.018499486125385406,-0.04398766700924975,0.016238437821171636,0.3193380959044868,0.27728674203494347,0.4065775950668037,0.29290853031860226,0.40945529290853033,0.32641315519013364,0.3097636176772868,0.3397738951695787,0.12261678416931211,0.3424460431654676,0.1676345138140386,0.0869475847893114,0.15683453237410072,0.22363823227132582,0.19301130524152108,0.43576567317574516,0.15683453237410072,0.018705035971223024,0.06639260020554985,0.15847893114080164,0.3251798561151079,0.19456292743713985,0.2750256937307297,0.09907502569373072,0.28160328879753344,0.08345323741007195,0.24665981500513876,0.26342566456491784,-0.03843782117163413,0.20020554984583763,0.1459403905447071,0.004316546762589928,0.08406988694758478,-0.009660842754367936,0.13463514902363824,0.06742034943473793,0.02076053442959918,0.01788283658787256,0.3570400822199383,0.3568345323741007,0.22672147995889005,0.3044193216855087,0.32312435765673175,0.32805755395683456,0.3747173689619733,0.027338129496402876,0.03905447070914697,-0.008221993833504625,-0.049331963001027754,0.1805848196022476,0.22034943473792395,0.3512846865364851,0.2986639260020555,0.34564982829957813,0.27482014388489207,0.33689619732785203,0.40883864337101744,0.31264131551901336,0.2193216855087359,0.3625899280575539,0.22959917780061667,0.19815005138746145,0.10955806783144913,0.3442959917780061,0.1747173689619733,0.014799588900308325,-0.028058995874452815,0.29270298047276466,0.08582147089805166,0.027132579650565262,0.09969167523124357,0.22425488180883865,0.28788735327597925,0.15539568345323743,0.09558067831449128,0.3052415210688592,0.2959917780061665,0.002877697841726619,0.030936841605165927,0.13422404933196302,0.06372045220966084,0.045837615621788286,0.006988694758478932,0.18869475847893116,0.09507168931820094,0.1995889003083248,0.06557040082219938
0.052420598488440585,0.46836939267355854,0.5218910585817061,0.44665981500513874,0.3874614594039055,0.4468653648509764,0.36957862281603293,1.0,0.5266187050359712,0.11243576567317576,-0.06598150051387461,-0.05981500513874615,0.1800616649537513,0.1522174831137898,0.06906474820143885,0.33689619732785203,0.11264131551901337,0.46392600205549844,0.07420349434737925,0.3297019527235355,0.17060637204522097,0.0035973071633913865,0.18643371017471738,-0.061976463415000176,0.05303186022610483,0.10236382322713258,0.25056526207605345,0.18622816032887976,0.26084275436793425,0.07687564234326826,-0.10688591983556013,0.12538540596094552,0.23514902363823229,0.15025693730729703,0.13844493568823424,0.31880781089414184,0.22877697841726619,0.12394655704008223,0.015827338129496403,0.054881808838643374,0.1594120974405726,-0.020966084275436794,0.13340184994861254,0.049948612538540604,0.09331963001027749,0.22528263103802673,0.01274409044193217,0.13401849948612538,0.24974306269270297,0.19033915724563208,0.0974306269270298,0.48879753340185,0.44378211716341215,0.3420349434737924,0.3934224049331963,0.5153134635149024,0.40883864337101744,0.5467625899280576,0.04234326824254882,-0.002261048304213772,0.09023638232271326,0.14285714285714285,0.11295544493048953,0.019938335046248718,0.12415210688591984,0.18622816032887976,0.33886633479146866,0.06618705035971223,0.08180883864337102,0.40698869475847893,0.1418293936279548,0.19403905447070918,0.22219938335046252,0.20308324768756425,-0.0984583761562179,0.040698869475847894,0.19979445015416242,0.12312435765673177,-0.02528263103802672,0.09301608522483443,0.09928057553956836,0.21696901205483476,0.11654676258992805,0.1052415210688592,0.22651593011305243,0.28747623245730597,0.2324768756423433,0.14018499486125385,0.3416238437821172,0.22548818088386435,0.049948612538540604,0.05067064090148439,0.25775950668037,0.026104830421377186,0.11921891058581706,0.0010277492291880781,0.2571428571428572,0.18243486328627748,0.2392600205549846,0.1882836587872559
0.17905231875855587,0.3822395811615019,0.46947584789311414,0.2795477903391573,0.30421377183967113,0.35416238437821174,0.34635149023638234,0.5266187050359712,1.0,0.26515930113052416,-0.021788283658787256,0.11921891058581706,0.2645426515930113,0.3148157668990805,0.2316546762589928,0.22034943473792395,0.2850976361767729,0.4300102774922919,0.13237410071942446,0.4219938335046249,0.2776978417266187,0.029703479149146023,0.23514902363823229,0.1043219077383502,0.22466598150051387,0.2768756423432683,0.21212744090441932,0.29373072970195274,0.34285714285714286,0.19547790339157248,-0.07173689619732786,0.08735868448098665,0.1671120246659815,0.2388489208633094,0.09383832686218103,0.5771839671120247,0.38807810894141836,0.09701952723535459,0.09866392600205551,0.20554984583761562,0.21923017655753793,0.10421377183967112,0.05714285714285714,0.10811921891058582,0.06598150051387461,0.1420349434737924,-0.0302158273381295,0.1658787255909558,0.39835560123329905,0.24645426515930113,0.12312435765673177,0.4030832476875642,0.2840698869475848,0.27399794450154163,0.4141829393627955,0.5673175745118192,0.2984583761562179,0.5543679342240493,0.09969167523124357,0.09701952723535459,0.12209660842754368,0.23967112024665982,0.2073076728160122,0.10770811921891059,0.20205549845837614,0.2509763617677287,0.3390718952008053,0.19013360739979446,0.2324768756423433,0.415005138746146,0.33155190133607404,0.2916752312435766,0.28776978417266186,0.27810894141829395,0.0879753340184995,0.22466598150051387,0.32004110996916757,0.24871531346351491,-0.0012332990750256938,0.1322781234081347,0.22404933196300103,0.2858317491826128,0.08098663926002056,0.16752312435765676,0.2587872559095581,0.30988231707500086,0.41356628982528265,0.26865364850976364,0.4651593011305242,0.3403905447070915,0.09701952723535459,0.12364458621599538,0.2316546762589928,0.10688591983556013,0.1194244604316547,0.06783144912641316,0.26187050359712233,0.27205920175705717,0.4228160328879753,0.31099691675231245
0.2059821164134018,0.28542062836393944,0.13422404933196302,0.22425488180883865,0.18725590955806784,0.22487153134635152,0.1697841726618705,0.11243576567317576,0.26515930113052416,1.0,-0.022816032887975332,0.16423432682425487,0.11675231243576568,0.1740068865034748,0.22281603288797533,0.1934224049331963,0.2182939362795478,0.2156217882836588,0.00020554984583761563,0.3223021582733813,0.21500513874614596,0.08212138352999193,0.1671120246659815,0.14954519779241338,0.49660842754367934,0.1710174717368962,0.18437821171634122,0.10318602261048304,0.17780061664953753,0.18787255909558068,-0.09249743062692703,0.06495375128468654,0.24912641315519016,0.2012332990750257,0.1378282544602243,0.2830421377183967,0.1971223021582734,0.2674203494347379,0.15889003083247688,0.26618705035971224,0.22005241819488455,0.19609455292908531,0.11325796505652622,0.05323741007194245,0.1771839671120247,0.11593011305241523,0.08715313463514902,0.13237410071942446,0.18848920863309354,0.1763617677286742,0.10729701952723536,0.22158273381294963,0.18520041109969168,0.24460431654676262,0.2602261048304214,0.21027749229188078,0.15477903391572456,0.1800616649537513,0.2614594039054471,0.08078108941418294,0.07749229188078109,0.012949640287769786,0.18962947761306023,0.20205549845837614,0.14799588900308325,0.15704008221993834,0.26219230210889793,0.1052415210688592,0.20061664953751285,0.2195272353545735,0.2922918807810894,0.18499486125385406,0.18766700924974308,0.25570400822199385,0.1013360739979445,0.241726618705036,0.15827338129496404,0.18643371017471738,0.1091469681397739,0.1043219077383502,0.11654676258992805,0.2381417342165098,0.18437821171634122,0.2779033915724563,0.22322713257965057,0.3563389695850839,0.22466598150051387,0.1196300102774923,0.24789311408016446,0.20041109969167523,0.1013360739979445,0.1939462462091299,0.1512846865364851,0.0972250770811922,0.1171634121274409,0.18972250770811921,0.27810894141829395,0.21080219977473524,0.23391572456320658,0.22651593011305243
0.13814369484012579,-0.03874813715995865,0.06639260020554985,-0.15190133607399794,0.09064748201438848,-0.0867420349434738,-0.018499486125385406,-0.06598150051387461,-0.021788283658787256,-0.022816032887975332,1.0,0.32990750256937307,0.06906474820143885,0.14461174796833376,0.24254881808838644,-0.10256937307297019,0.10441932168550874,-0.052826310380267215,0.20739979445015416,0.008633093525179856,-0.038232271325796506,0.12446682785334198,0.12106885919835561,0.38799527262292816,0.06865364850976362,0.3617677286742035,0.054881808838643374,0.22487153134635152,-0.054881808838643374,0.1969167523124358,-0.017677286742034944,0.046454265159301136,0.020554984583761562,0.04707091469681397,-0.016547612951600378,-0.019527235354573486,-0.04090441932168551,0.03391572456320658,0.1379239465570401,0.09681397738951696,0.08952155826611137,-0.033710174717368965,0.08489208633093526,0.11901336073997945,-0.07070914696813978,0.02959917780061665,0.18869475847893116,0.21253854059609456,0.05899280575539568,-0.053854059609455295,-0.005755395683453238,-0.015210688591983558,-0.07913669064748202,0.038232271325796506,0.11551901336073998,0.012127440904419324,-0.06680369989722508,-0.06865364850976362,0.16320657759506682,0.15683453237410072,0.0869475847893114,0.0984583761562179,0.27349812462241374,0.22425488180883865,0.20554984583761562,0.18417266187050363,-0.0023639447073714828,0.1697841726618705,0.16197327852004112,-0.0801644398766701,0.09455292908530319,0.12538540596094552,0.09886947584789312,0.0961973278520041,0.3447070914696814,0.13072970195272354,-0.05960945529290853,0.19506680369989723,0.02076053442959918,0.1444061875589971,0.14655704008221992,-0.10699419305972667,-0.11983556012332991,-0.10400822199383351,-0.09290853031860227,-0.014080888039560572,-0.03103802672147996,0.1500513874614594,-0.03535457348406989,0.0984583761562179,0.09516957862281604,0.038542576750622,-0.0591983556012333,0.15765673175745118,0.16485097636176774,0.035149023638232274,-0.06269270298047276,-0.05539853031622735,0.1393627954779034,-0.12209660842754368
0.1765854670649822,0.012436404764867364,0.09763617677286741,-0.1354573484069887,0.06392600205549846,0.020143884892086333,-0.04398766700924975,-0.05981500513874615,0.11921891058581706,0.16423432682425487,0.32990750256937307,1.0,0.357245632065776,0.2535587649167586,0.32147995889003084,-0.09064748201438848,0.3675231243576567,0.07173689619732786,0.15477903391572456,0.11387461459403907,0.09496402877697843,0.10966647838110313,0.19013360739979446,0.43712421045438765,0.3576567317574512,0.4661870503597122,0.01500513874614594,0.20472764645426517,0.010483042137718397,0.2992805755395684,-0.11387461459403907,-0.031654676258992806,-0.053442959917780065,0.09352517985611512,0.03648697265725549,0.13257965056526208,0.06639260020554985,-0.0014388489208633096,0.21027749229188078,0.2587872559095581,0.10637751183171672,0.2404933196300103,0.027338129496402876,0.05035971223021583,-0.10483042137718397,-0.007810894141829393,0.1923946557040082,0.1500513874614594,0.09558067831449128,0.0036998972250770813,0.0974306269270298,0.0867420349434738,-0.018705035971223024,0.0645426515930113,0.15704008221993834,0.0947584789311408,-0.046659815005138744,0.01932168550873587,0.2536485097636177,0.1461459403905447,0.16135662898252826,0.35046248715313466,0.32365486450055647,0.1712230215827338,0.15704008221993834,0.24295991778006165,0.05149288253883099,0.21500513874614596,0.0867420349434738,0.017677286742034944,0.14306269270298047,0.17800616649537512,0.08078108941418294,0.20226104830421376,0.2949640287769784,0.29146968139773893,0.05467625899280575,0.2538540596094553,0.0014388489208633096,0.1185055759825791,0.07913669064748202,0.04512050984939482,-0.05323741007194245,0.01274409044193217,-0.005344295991778006,0.07903797738994219,0.0709146968139774,0.12661870503597122,0.07235354573484071,0.08365878725590956,0.1514902363823227,0.13412816709216457,-0.07153134635149024,0.1761562178828366,0.18335046248715314,-0.008016443987667009,-0.039671120246659815,0.09589393095554753,0.13196300102774922,-0.060431654676259
0.1432829692017376,0.16146770153393908,0.24090441932168552,0.05097636176772868,0.12045220966084276,0.2143884892086331,0.016238437821171636,0.1800616649537513,0.2645426515930113,0.11675231243576568,0.06906474820143885,0.357245632065776,1.0,0.2730870038037404,0.22261048304213774,0.05755395683453237,0.4306269270298047,0.2536485097636177,0.12250770811921892,0.31017471736896196,0.15930113052415212,0.13536152954818445,0.18663926002055498,0.12158898212262888,0.19136690647482016,0.19260020554984586,0.071120246659815,0.3027749229188078,0.1907502569373073,0.255087358684481,-0.04912641315519013,0.047482014388489216,0.07831449126413156,0.18787255909558068,0.10000513914228056,0.2984583761562179,0.3305241521068859,0.03576567317574512,0.16649537512846865,0.2392600205549846,0.18634051106367383,0.1514902363823227,-0.05673175745118191,0.023843782117163412,-0.06557040082219938,0.11654676258992805,0.18972250770811921,0.2156217882836588,0.30873586844809864,0.1699897225077081,0.16012332990750258,0.18437821171634122,0.09249743062692703,0.0984583761562179,0.2193216855087359,0.2709146968139774,0.03741007194244605,0.12517985611510793,0.052826310380267215,0.15169578622816035,0.25734840698869477,0.6162384378211716,0.290970759416029,0.1800616649537513,0.19218910585817062,0.25426515930113053,0.07924353779927883,0.2682425488180884,0.10544707091469682,0.22836587872559097,0.26536485097636175,0.2419321685508736,0.1471736896197328,0.22589928057553957,0.09578622816032889,0.19013360739979446,0.25919835560123333,0.23473792394655707,-0.2010277492291881,0.02065882113833339,0.0801644398766701,0.1390616169162442,0.00986639260020555,0.03227132579650565,0.052826310380267215,0.14975075820175002,0.2984583761562179,0.20698869475847895,0.21726618705035972,0.10071942446043167,0.03905447070914697,0.07081556101647615,0.0869475847893114,0.07399794450154162,0.14080164439876672,-0.05508735868448099,0.03782117163412128,0.1923017629344367,0.2645426515930113,0.1712230215827338
0.15099964043173883,0.16157878507554732,0.2626034229275712,-0.0038028675727280374,0.13207256299879805,0.13248368381747136,0.3193380959044868,0.1522174831137898,0.3148157668990805,0.1740068865034748,0.14461174796833376,0.2535587649167586,0.2730870038037404,1.0,0.5606660164657147,0.07924353779927883,0.4735084029069748,0.290970759416029,0.44267434150647716,0.30083765906418825,0.3988899743177706,0.18110802754651043,0.36620586923324316,0.3305581251927228,0.14584511042435364,0.299809857017505,0.15756205375654272,0.34071637847549846,0.22128578065090443,0.4784418527310544,0.03237576447052248,-0.024358908506393103,0.03874813715995865,0.37668945010941235,0.15150580737999794,0.32571046859392294,0.17935145714622772,0.1559175704818495,0.261575620880888,0.38696747057624487,0.3038338986535101,-0.017780975407620282,0.051904003357504294,0.1522174831137898,-0.04491494944005817,0.09342720604350774,0.2562310502381351,0.24184182158456952,0.19086284006908016,0.07348784633785262,0.10452746814768687,0.2597255771968581,0.1444061875589971,0.11459992820518275,0.2811038597678698,0.27904825567450325,0.12302790498798541,0.18819055474770366,0.14790071451772016,0.12446682785334198,0.0414204224813351,0.18079038001158423,0.4232706341864529,0.37915617502145216,0.47124723840427163,0.49015879606324353,0.18501387604070305,0.423968344256842,0.40032889718312714,0.28542062836393944,0.45377460361065636,0.2767870911718001,0.42869623367158494,0.3222159416351999,0.3273549518686162,0.16064545989659249,0.25458656696344184,0.4338352439050012,-0.030731281195829272,0.01192311645595642,0.2519142816420654,0.14061054579093432,-0.04470938903072152,0.04306490575602832,0.10678863265039001,0.2713536848596978,0.2085410352720321,0.23916953626319304,0.2605478188342047,0.29549308842143535,0.06793771528576305,0.07935039572412375,0.031553522833175876,0.14481730837767037,0.22190246187891438,0.07369340674718926,0.11480548861451939,0.23188405797101447,0.28028161813052316,0.11316100533982619
0.17411861537140852,0.2085410352720321,0.21459403905447072,-0.01274409044193217,0.15868448098663926,0.16916752312435768,0.27728674203494347,0.06906474820143885,0.2316546762589928,0.22281603288797533,0.24254881808838644,0.32147995889003084,0.22261048304213774,0.5606660164657147,1.0,0.11675231243576568,0.4129496402877698,0.2770811921891059,0.3963001027749229,0.36443987667009253,0.35169578622816033,0.24389742567793601,0.39013360739979447,0.4973534103900263,0.2300102774922919,0.2974306269270298,0.14922918807810895,0.3697841726618705,0.25981500513874617,0.41007194244604317,0.044604316546762585,0.015827338129496403,0.12970195272353546,0.40328879753340185,0.1740068865034748,0.3062692702980473,0.1171634121274409,0.19856115107913672,0.25981500513874617,0.3650565262076053,0.29035407818801906,-0.04049331963001028,0.08961973278520041,0.2092497430626927,-0.03227132579650565,0.07173689619732786,0.18067831449126415,0.30729701952723537,0.27050359712230215,0.0552929085303186,0.10298047276464543,0.21027749229188078,0.10770811921891059,0.12312435765673177,0.34182939362795484,0.2552929085303186,0.07523124357656732,0.12435765673175746,0.22137718396711203,0.16772867420349435,0.06495375128468654,0.1578622816032888,0.41574592788337594,0.3445015416238438,0.4700924974306269,0.585611510791367,0.14008941896292743,0.46392600205549844,0.4750256937307297,0.2612538540596095,0.5194244604316547,0.29907502569373073,0.44480986639260023,0.36649537512846864,0.47440904419321683,0.2431654676258993,0.22754367934224048,0.4,0.0263103802672148,0.039364818387968604,0.318191161356629,0.07410452756586257,-0.015621788283658787,0.0762589928057554,0.1091469681397739,0.26322010415558117,0.19403905447070918,0.2998972250770812,0.2431654676258993,0.2988694758478931,0.08509763617677288,0.15098412065776992,0.05734840698869476,0.19897225077081193,0.22096608427543682,0.10606372045220966,0.12209660842754368,0.23978621749120302,0.34799588900308326,0.056937307297019533
0.062493576237199755,0.3259160290032596,0.33237410071942447,0.43597122302158275,0.3730729701952724,0.3543679342240494,0.4065775950668037,0.33689619732785203,0.22034943473792395,0.1934224049331963,-0.10256937307297019,-0.09064748201438848,0.05755395683453237,0.07924353779927883,0.11675231243576568,1.0,0.12538540596094552,0.47831449126413156,0.12353545734840699,0.3424460431654676,0.18499486125385406,0.19579628989315975,0.29126413155190134,0.03052572078649262,0.05796505652620761,-0.030421377183967115,0.3035971223021583,0.1788283658787256,0.3114080164439877,0.0394655704008222,-0.05755395683453237,0.07523124357656732,0.3913669064748202,0.31017471736896196,0.3614779798185002,0.20534429599177803,0.118191161356629,0.34552929085303186,0.06844809866392601,0.11654676258992805,0.273909245441087,-0.0526207605344296,0.27112024665981505,0.06762589928057554,0.12702980472764644,0.27995889003083246,0.05015416238437821,0.18088386433710174,0.13216855087358687,0.19527235354573483,-0.002877697841726619,0.3778006166495375,0.441726618705036,0.3473792394655704,0.36546762589928056,0.358273381294964,0.3442959917780061,0.3095580678314491,0.09989722507708121,0.047482014388489216,0.09681397738951696,-0.006372045220966085,0.11788889475456915,0.14409044193216855,0.2565262076053443,0.20020554984583763,0.3711393190573228,0.17183967112024667,0.2092497430626927,0.4760534429599178,0.1685508735868448,0.21418293936279548,0.2850976361767729,0.31613566289825284,0.08036998972250771,0.030421377183967115,0.2828365878725591,0.07338129496402879,-0.06557040082219938,0.0042139883914013385,0.2826310380267215,0.2184079349201913,0.12682425488180885,0.22980472764645427,0.3749229188078109,0.4513078786986165,0.16300102774922917,0.0748201438848921,0.3062692702980473,0.2341212744090442,0.04912641315519013,-0.08849375621942811,0.2762589928057554,-0.08406988694758478,0.008633093525179856,0.019116135662898253,0.3081192189105858,0.18202374246760414,0.16772867420349435,0.18417266187050363
0.1484222435633494,0.14954519779241335,0.263103802672148,-0.016855087358684483,0.1249743062692703,0.17780061664953753,0.29290853031860226,0.11264131551901337,0.2850976361767729,0.2182939362795478,0.10441932168550874,0.3675231243576567,0.4306269270298047,0.4735084029069748,0.4129496402877698,0.12538540596094552,1.0,0.31490236382322717,0.3473792394655704,0.31798561151079136,0.39157245632065774,0.22991931784304379,0.318191161356629,0.33043835800866594,0.2846865364850976,0.3245632065775951,0.06330935251798561,0.3381294964028777,0.3062692702980473,0.4010277492291881,0.0006166495375128469,0.018705035971223024,0.1013360739979445,0.30051387461459406,0.17359576568480148,0.31161356628982534,0.296813977389517,0.14881808838643373,0.2803699897225077,0.4415210688591984,0.282131661814553,0.12641315519013363,0.065775950668037,0.11551901336073998,-0.08448098663926003,0.052826310380267215,0.1971223021582734,0.21233299075025697,0.22281603288797533,0.07584789311408018,0.08119218910585818,0.2328879753340185,0.13895169578622815,0.09105858170606372,0.3035971223021583,0.2853031860226105,0.032065775950668035,0.128879753340185,0.12353545734840699,0.1512846865364851,0.12538540596094552,0.28489208633093527,0.4293129148995949,0.33586844809866395,0.3997944501541624,0.3969167523124358,0.1501618790204233,0.4606372045220966,0.26783144912641316,0.27070914696813975,0.402672147995889,0.31963001027749227,0.31325796505652626,0.3364850976361768,0.32559095580678316,0.2579650565262076,0.3434737923946557,0.3790339157245632,-0.047687564234326824,0.02703119382776956,0.26515930113052416,0.08808263540075481,-0.06659815005138746,0.046248715313463515,0.052415210688591986,0.19620741071183306,0.2717368961973279,0.23206577595066805,0.20739979445015416,0.2392600205549846,0.07810894141829394,0.10863867633441987,0.06844809866392601,0.11634121274409044,0.1514902363823227,-0.0131551901336074,0.040287769784172665,0.11788889475456915,0.27029804727646456,0.09804727646454266
0.09908520969187591,0.40793463232858324,0.4552929085303186,0.3019527235354574,0.29003083247687567,0.3724563206577595,0.40945529290853033,0.46392600205549844,0.4300102774922919,0.2156217882836588,-0.052826310380267215,0.07173689619732786,0.2536485097636177,0.290970759416029,0.2770811921891059,0.47831449126413156,0.31490236382322717,1.0,0.2641315519013361,0.465775950668037,0.2770811921891059,0.3376329723354487,0.4047276464542652,0.09178272276881452,0.17142857142857143,0.18170606372045223,0.26906474820143883,0.41973278520041113,0.3356628982528263,0.23597122302158272,-0.09167523124357657,0.03329907502569373,0.3247687564234327,0.47132579650565265,0.27884269526516664,0.3521068859198356,0.36115107913669064,0.22795477903391573,0.2135662898252826,0.2694758478931141,0.3429775429782016,0.06947584789311408,0.21891058581706063,0.15971223021582734,0.09866392600205551,0.2836587872559096,0.10400822199383351,0.3120246659815005,0.2645426515930113,0.191983556012333,0.032065775950668035,0.4957862281603289,0.3932168550873587,0.3050359712230216,0.4234326824254882,0.47050359712230216,0.2735868448098664,0.34532374100719426,0.0855087358684481,0.11161356628982529,0.12353545734840699,0.14080164439876672,0.2597255771968581,0.1773895169578623,0.38232271325796513,0.3917780061664954,0.3431831033875383,0.3025693730729702,0.29804727646454265,0.709146968139774,0.3297019527235355,0.439054470709147,0.4195272353545735,0.3942446043165468,0.10503597122302159,0.18170606372045223,0.3399794450154162,0.30935251798561153,-0.07461459403905447,-0.005652911256757893,0.31510791366906477,0.2584922147408382,0.06515930113052415,0.16772867420349435,0.2840698869475848,0.40649570946322666,0.36279547790339156,0.30668036998972253,0.42302158273381296,0.32744090441932167,0.01788283658787256,-0.0038028675727280374,0.1771839671120247,-0.0010277492291880781,0.17841726618705034,0.046659815005138744,0.28838643371017475,0.3148157668990805,0.289825282631038,0.20554984583761562
0.1303319978104758,0.14790071451772016,0.14285714285714285,-0.044604316546762585,0.09886947584789312,0.03658787255909558,0.32641315519013364,0.07420349434737925,0.13237410071942446,0.00020554984583761563,0.20739979445015416,0.15477903391572456,0.12250770811921892,0.44267434150647716,0.3963001027749229,0.12353545734840699,0.3473792394655704,0.2641315519013361,1.0,0.18335046248715314,0.23391572456320658,0.24944755673002558,0.3183967112024666,0.3655891880052332,0.06084275436793423,0.23843782117163412,0.09146968139773896,0.23843782117163412,0.16382322713257966,0.25570400822199385,0.11798561151079136,0.004933196300102775,0.09825282631038026,0.3146968139773895,0.13556708995752112,0.14943473792394654,0.02816032887975334,0.1354573484069887,0.2316546762589928,0.30853031860226104,0.2515031608233921,-0.0024665981500513875,0.1420349434737924,0.20452209660842754,-0.12826310380267214,0.049331963001027754,0.2540596094552929,0.22816032887975335,0.09763617677286741,0.049331963001027754,0.0645426515930113,0.1969167523124358,0.19013360739979446,0.07564234326824255,0.22281603288797533,0.11572456320657759,0.016238437821171636,0.05179856115107914,0.10729701952723536,0.03432682425488181,-0.06474820143884892,0.08530318602261049,0.34071637847549846,0.32908530318602264,0.4908530318602261,0.4312435765673176,0.13371704627349126,0.4036998972250771,0.318191161356629,0.25488180883864336,0.3477903391572456,0.2836587872559096,0.35292908530318606,0.2544707091469682,0.320863309352518,0.0748201438848921,0.24378211716341214,0.23699897225077082,0.041726618705035974,0.09671617259289414,0.3385405960945529,0.05539853031622735,-0.2,-0.12867420349434738,-0.009044193216855088,0.1752402489594947,0.11572456320657759,0.18376156217882836,0.14141829393627955,0.24028776978417268,0.14861253854059608,0.07122668183514945,-0.028776978417266185,0.20863309352517986,0.16115107913669066,0.008016443987667009,-0.008427543679342241,0.14420062714966045,0.16813977389516957,0.023843782117163412
0.21996094267698596,0.33105503923667595,0.302158273381295,0.28489208633093527,0.296813977389517,0.2785200411099692,0.3097636176772868,0.3297019527235355,0.4219938335046249,0.3223021582733813,0.008633093525179856,0.11387461459403907,0.31017471736896196,0.30083765906418825,0.36443987667009253,0.3424460431654676,0.31798561151079136,0.465775950668037,0.18335046248715314,1.0,0.31798561151079136,0.24965311713936225,0.4616649537512847,0.20627987076932894,0.2419321685508736,0.1514902363823227,0.37081192189105855,0.3845837615621789,0.4295991778006166,0.24275436793422406,0.0014388489208633096,0.1103802672147996,0.30483042137718397,0.4172661870503597,0.31646025017377366,0.524563206577595,0.35601233299075025,0.25488180883864336,0.17266187050359713,0.2692702980472765,0.3709337586479861,0.05200411099691676,0.191983556012333,0.1923946557040082,0.2180883864337102,0.27070914696813975,0.16628982528263106,0.44871531346351495,0.4139773895169579,0.3558067831449127,0.1461459403905447,0.33936279547790343,0.2857142857142857,0.27523124357656736,0.37142857142857144,0.4312435765673176,0.2219938335046249,0.32538540596094556,0.1724563206577595,0.09578622816032889,0.04398766700924975,0.17965056526207604,0.27020915807302726,0.2355601233299075,0.3282631038026722,0.35416238437821174,0.40032889718312714,0.3459403905447071,0.39773895169578627,0.4721479958890031,0.4750256937307297,0.4071942446043166,0.4341212744090442,0.3751284686536485,0.2039054470709147,0.18108941418293936,0.38499486125385407,0.26515930113052416,-0.007810894141829393,0.09527724972753758,0.32024665981500516,0.34585538870891475,0.11387461459403907,0.2411099691675231,0.30318602261048305,0.44082429782244736,0.43782117163412126,0.3648509763617678,0.5346351490236382,0.34532374100719426,0.06988694758478932,0.05149288253883099,0.21109969167523127,0.07523124357656732,0.1617677286742035,0.1936279547790339,0.41438848920863314,0.43465748554234784,0.530524152106886,0.38910585817060633
