0,1,2,3,4,5,6,7,8,9,10,11,12,13,14,15,16,17,18,19,20,21,22,23,24,25,26,27,28,29,30,31,32,33,34,35,36,37,38,39,40,41,42,43,44,45,46,47,48,49,50,51,52,53,54,55,56,57,58,59,60,61,62,63,64,65,66,67,68,69,70,71,72,73,74,75,76,77,78,79,80,81,82,83,84,85,86,87,88,89,90,91,92,93,94,95,96,97,98,99
1.0,0.22459339065575468,0.2691391277323112,0.20542836423909663,0.21661659587692944,0.23619600124313683,0.17362477986118305,0.20604993266342067,0.18035843779136018,0.06961566352429296,-0.05024344763286025,-0.08401533202113332,0.1478296902517352,-0.05185050893971788,-0.06930487931213095,0.172692427224697,0.01015228426395939,0.13197969543147206,0.04226665285403501,0.14689733761524915,-0.05604475292655133,-0.05335128975448047,-0.025380710659898473,-0.1524914534341655,0.07438102144411064,-0.18180876411478297,-0.14135868021627382,-0.14275354811975552,0.014037450472191354,-0.08246141096032321,0.0980006215684243,0.16098622189992748,0.07614213197969542,0.014866229835863169,-0.1344176530455224,0.10038330052833316,-0.023672010574876196,0.08458729380475455,-0.002486273697296177,-0.03045685279187817,-0.06930487931213095,-0.17932249041748677,-0.17212711409258993,-0.007666010566663214,0.0200973790531441,-0.1183051900963431,-0.10349114264995338,0.06573256328122076,0.22604371697917744,0.02771230997277629,0.4132394074381021,0.2401326012638558,0.20517469121900353,0.19724437998549674,0.14441106391795294,0.24516329551616858,0.187299285196312,0.1696881798404641,0.10038330052833316,-0.042163058116647674,-0.11001761110535584,0.1531130218584896,0.012742152698642907,-0.024448358023412407,-0.03869363654142783,-0.07956075831347767,0.17714700093235264,0.06060292137159432,0.002589868434683518,0.15824505975108705,-0.004143789495493628,0.08163265306122448,0.06132808453330571,0.0030042473842328806,-0.02475914223557443,-0.12068786905625194,-0.07572775303014606,-0.11063917952967989,0.2073966642494561,0.2804900158926797,-0.041801559155197135,-0.01574640008287579,-0.065368279291412,-0.007666010566663214,-0.11892675852066714,-0.00020718947477468144,-0.007200020721898886,-0.04661763182430332,0.21516626955350665,-0.12472806381435823,0.12555682171345695,0.2802237646327566,-0.02486273697296177,-0.041748679167098304,-0.177561379881902,0.07728167409095617,-0.10732414793328499,0.08660520045581684,0.34517766497461927,0.042681031803584374
0.22459339065575468,1.0,0.3517041334300217,0.5221174764321972,0.5069926447736455,0.2996995752615767,0.26572050139852893,0.40940640215477053,0.2794986014710452,0.05480161607790324,-0.06588625297834869,-0.04661763182430332,0.12286335854138608,-0.07402035691793891,-0.03335750543872371,0.36734693877551017,-0.13622707966435302,0.06847612141303222,-0.06847612141303222,0.12731793224904173,-0.1272143375116544,-0.015539210608101107,-0.0770744846161815,-0.19196104837874234,-0.005904900031078421,-0.09199212679995855,0.0472922224395229,0.07552056355537139,0.0052316697331783275,0.0463068476121413,0.04133430021754895,-0.027866984357194653,0.1270071480368797,0.03133821968884048,-0.025433166722678802,0.18149797990262093,0.15783067006925114,0.14032270601168406,0.14845125867605924,0.11530094271211022,0.013674505335128975,0.04516730550088056,0.014969827256322147,0.07489899513104734,0.0943748057598674,0.08629441624365482,0.01740391588107324,-0.00015539613068846518,0.2014917642183777,0.2110797441851652,0.3122345384854449,0.6542007666010566,0.4592991636048736,0.5808556925308195,0.4940433026002279,0.2906425630976594,0.4109603232155806,0.41137470216513,0.07168755827203978,-0.07334507407023723,-0.10597741634724954,0.032839531751787006,0.01885424220449601,-0.09748264788148761,-0.04086918237106635,-0.009427121102248005,0.20895058531026622,-0.011809800062156843,0.08453330570807002,0.25904534985767147,0.00859836320314928,0.29659173313995646,0.05604475292655133,0.1773541904071273,-0.01574640008287579,0.02051175800269346,-0.014088884284678338,-0.005697710556303739,0.15259504817155287,0.1714019321493771,0.030095050643332757,0.1364342691391277,0.1854345799233399,0.2665492592976277,0.13581270071480367,0.1443074691805656,0.14539897961417392,0.16067543768776546,0.28592147518906036,0.12172381643012532,0.17642183777064124,0.22500776960530405,0.16026105873821608,0.20014503263234226,0.13270485859318346,0.10597741634724954,0.13249766911840877,0.09043820573914844,0.29369108049311093,0.1892675852066715
0.2691391277323112,0.3517041334300217,1.0,0.12452087433958355,0.519631202734901,0.6602092613695224,0.26903553299492383,0.5169377395628302,0.6613488034807832,0.20522117476432197,0.02610587382160986,0.059877758209882934,0.16927380089091473,0.02004610085881201,0.08598363203149278,0.26934631720708585,-0.02455195276079975,0.16378327980938567,0.08857350046617632,0.22448979591836735,0.12845747436030247,-0.028177768569356675,0.03729410545944266,-0.08007873200041436,0.061224489795918366,0.010566663213508753,-0.09049234677091622,-0.023930384336475704,0.11794566319254507,-0.09996892157878379,-0.060395731896819634,-0.00859836320314928,-0.008287578990987256,0.02615834866589164,-0.10261324496461652,0.026934631720708584,-0.036310895870871364,-0.011965502063011819,-0.05272972133015642,0.016678752719361856,-0.23495286439448873,-0.11664767429814564,-0.1579342674897101,-0.12048067958147725,-0.055215995027452607,-0.1867813115093753,-0.1906143167927069,-0.13162052269313,0.144721848130115,-0.020564087961106894,0.19455091681342587,0.46441520770744843,0.31239802139404454,0.17165647985082355,0.5230498290686832,0.6386262984193624,0.43126489174349936,0.6280948927794467,0.2790842225214959,0.07458821091888532,0.09686107945716357,0.20770744846161812,0.18460582202424117,0.10825650056977106,0.194193364650352,0.13311923754273283,0.0618460582202424,0.1607790324251528,0.19351496943955246,0.24992877685728151,0.20770744846161812,0.33823681756966745,0.22262509064539518,0.1305293691080493,0.19579405366207395,0.14213197969543145,0.17693981145757795,0.07075520563555371,0.06702579508960944,0.026365543506809593,0.12509388520421447,-0.06640422666528539,-0.03273593701439967,0.09644670050761421,0.06412514244276389,0.045270900238267894,-0.026365543506809593,0.042163058116647674,0.24386201180980005,-0.03739770019683,0.005697710556303739,0.12307054801616077,0.04278462654097171,-0.07458821091888532,-0.004040194758106288,-0.07469180565627266,-0.10597741634724954,0.00031078421216202215,0.2259401222417901,-0.031389205428364236
0.20542836423909663,0.5221174764321972,0.12452087433958355,1.0,0.3330570807003004,0.08349735833419661,0.17362477986118305,0.24230809074898993,0.09582513208329016,0.14233916917020614,0.10369833212472805,0.03056044752926551,0.15901792188956798,-0.055787210917159,0.07365585828239925,0.2180669222003522,-0.08183984253599916,-0.025277115922511133,0.010981042163058116,0.1386097586242619,-0.1414068165337201,-0.17393556407334507,-0.1577747850409199,-0.1303221796332746,0.007666010566663214,-0.1880244483580234,0.10333842690782935,0.1452398218170517,0.07930382536134672,0.08784833730446492,0.1951724852377499,0.1326012638557961,0.04340619496529576,-0.07671388984987232,-0.16352852819449484,0.19672640629856003,0.1552407345577767,0.22817331856089637,0.11291826375220138,-0.025277115922511133,0.05272972133015642,-0.01129182637522014,-0.10458159595333706,0.2587796539935771,0.11789081114679373,0.15995027452605406,-0.00010359473738734072,0.08168656603190319,0.22604371697917744,0.26236046731235874,0.3541904071273179,0.3905521599502745,0.3426484681680657,0.617217445353776,0.26168030664042263,0.08645204737301612,0.26375220138816946,0.19537967471252457,0.10452709002382679,0.035532994923857864,-0.06070651610898165,0.08411892675852066,0.014814047446389724,-0.08971304257743705,5.1798710229488395e-05,0.06132808453330571,0.2320522117476432,0.042370247591422355,0.007769605304050554,0.1947113517526469,0.021133326427017506,0.11250388480265203,-0.06236403190717912,0.12255257432922406,-0.007976794778825234,-0.08401533202113332,0.03366828965088573,0.026934631720708584,0.20698228529990675,0.287741835324808,-0.05423324961027435,0.04247384232880969,0.04423495286439449,0.07500258986843468,-0.011188231637832797,0.023619600124313685,0.19460775433218788,0.18460582202424117,0.2157878379778307,0.06298560033150316,0.10463068476121412,0.21868849062467624,0.11664767429814564,0.1399564902102973,0.019890189578369417,0.2573293276701543,0.15000517973686936,0.1038019268621154,0.2904796436341034,0.27307572775303013
0.21661659587692944,0.5069926447736455,0.519631202734901,0.3330570807003004,1.0,0.49166062364031904,0.2121620221692738,0.46773023930384333,0.4946648710245519,0.13467315860354293,-0.02185848958872889,-0.005697710556303739,0.06143167927069304,-0.18911709104786215,-0.13477675334093028,0.2986636278877033,-0.1249352532891329,0.08101108463690045,-0.07479540039366,0.12762871646120375,-0.10038330052833316,-0.057702268724748776,-0.107634932145447,-0.13446596912876824,0.021133326427017506,-0.06288200559411582,-0.05827354900817444,0.04081632653061224,-0.014141047892650332,-0.05863462136123484,0.03149280016575158,0.09240650574950793,0.06992644773645498,-0.0012949677557372097,-0.12664784651109914,0.12027349010670259,0.055787210917159,0.10168086818048572,0.02051175800269346,0.08971304257743705,-0.07034082668600435,-0.003625815808556925,-0.09121752871412907,-0.019890189578369417,-0.02154770537656687,-0.011188231637832797,-0.0875375530923029,-0.05879153611046932,0.1516626955350668,0.10137007591910878,0.2648917434994302,0.561897855588936,0.33954054555429647,0.38288614938361126,0.6760592561897856,0.457434410036612,0.4257743706619704,0.5695638661555993,0.14244276390759347,-0.06453952139231327,-0.07417383196933594,0.030042473842328807,-0.014399668496840358,-0.11768362167201905,-0.03600010360949443,-0.098207811043199,0.17921889568009944,-0.006112089505853102,0.06909768983735626,0.2195747326628013,-0.014710452709002382,0.22355744328188126,0.029420905418004763,0.1476225007769605,0.04382057391484512,0.014814047446389724,-0.029938879104941467,0.009530715839635344,0.10483787423598881,0.19098184461612372,0.020771282802024848,0.05904900031078421,0.08484408992023205,0.13094374805759867,0.08080389516212576,0.08411892675852066,0.03465333714352774,0.12224179011706204,0.24686625919403293,0.08059670568735108,0.1238993059152595,0.1631617113850616,0.08204703201077385,0.09251010048689526,0.025069926447736455,0.004972547394592354,0.036879726509893296,0.028592147518906038,0.2579508960944784,0.0880555267792396
0.23619600124313683,0.2996995752615767,0.6602092613695224,0.08349735833419661,0.49166062364031904,1.0,0.19962705894540556,0.3503574018439863,0.6932559825960841,0.23111985911115712,0.03936600020718947,0.0770744846161815,0.07479540039366,-0.028437491915989127,0.12659276908733036,0.23930384336475702,-0.08152905832383714,0.1389205428364239,0.013985289547290995,0.31793224904174866,0.17901170620532475,0.03149280016575158,0.11126074795400392,0.005697710556303739,0.15383818502020097,0.13322283228012016,-0.029369868700119917,0.1455506060292137,0.2549014530393124,0.011499015849994819,0.025380710659898473,0.044856521288718525,0.1471045270900238,0.023672010574876196,-0.022739633790745405,0.04309541075313374,0.08821320352081873,0.04376991014391769,-0.007769605304050554,0.1020408163265306,-0.15456334818191234,-0.028177768569356675,-0.05516562639440514,-0.11136434269139127,0.006319278980627783,-0.09292447943644462,-0.13653786387651506,-0.020149698279270985,0.11882316378327981,0.014866229835863169,0.2277012327773749,0.4258779653993577,0.24423091873203776,0.1714492903760489,0.5912151662695534,0.6935329312626201,0.27400808038951624,0.5702890293173106,0.2842639593908629,-0.0039366000207189476,0.05542318450222728,0.05355847922925515,0.09530715839635345,0.016678752719361856,0.12032840386310154,0.13726302703822646,0.13021858489588728,0.025484305397285814,0.13902413757381124,0.16187096946715124,0.2101937221589143,0.29555578576608305,0.2128871853309852,0.20781104319900545,0.14337511654407956,0.1974515694602714,0.2502848855278152,0.21413032217963326,0.1378845954625505,0.059102328371846265,0.12105358580631438,0.029110121205842745,0.07168755827203978,0.16295452191028695,0.15383818502020097,0.14700093235263648,0.12198596259044517,0.18098000621568425,0.27162540142960734,0.09396042681031802,0.08111467937428778,0.1330156428053455,0.0618460582202424,0.019683000103594736,0.11219310059049,-0.05045063710763493,-0.000725163161711385,0.12690355329949238,0.22448979591836735,0.005076142131979695
0.17362477986118305,0.26572050139852893,0.26903553299492383,0.17362477986118305,0.2121620221692738,0.19962705894540556,1.0,0.49373251838806587,0.3188646016782347,0.08401533202113332,-0.12120584274318864,0.013881694809903656,0.12244897959183673,0.145088187352797,0.10338754791256603,0.46969853931420275,0.27856624883455916,0.3616492282192065,0.3332642701750751,0.23567802755620013,0.2587796539935771,0.03563658966124521,0.23992541178908108,0.09768983735626229,0.038848026520252765,-0.09116336890085983,0.06397140713341816,-0.06495390034186263,0.16228535914898715,-0.029524500155392104,0.029938879104941467,-0.006940847404951828,0.06505749507924997,0.18683794779776464,0.0803397995659365,0.10628820055941159,0.029369868700119917,0.062106653565156586,0.10970682689319382,0.33678649124624466,-0.005386926344141717,-0.028384958044131357,-0.07837144857721594,-0.011084636900445456,-0.0017611105355847922,-0.03760488967160468,-0.05863462136123484,0.006578436199145026,0.14451465865534027,0.1480925125461073,0.24054698021340518,0.2984564384129286,0.44666027830887844,0.09934735315445975,0.16709831140578058,0.16042060558072557,0.4101315653164819,0.33450740702372317,0.14358230601885422,0.08743395835491556,0.10577022687247487,0.2234538485444939,0.14088884284678338,0.2586760592561898,0.2450596980957096,0.12814669014814045,0.21516626955350665,0.3764632756655961,0.2919299699575261,0.3121908265531265,0.22759763803998753,0.27483683828861494,0.2599191961048379,0.19206464311612967,0.19765875893504609,0.05614834766393867,0.09675748471977623,0.0173003211436859,0.003625815808556925,0.12302193679503493,0.17917173868380035,-0.05335128975448047,0.019475810628820055,0.09251010048689526,0.11219310059049,0.011084636900445456,0.042630338518868945,-0.007355226354501191,0.23764632756655962,-0.03014606857971615,0.016264373769812494,0.28550709623951104,0.18885320625712212,0.0580130529369108,0.0618460582202424,0.03346110017611105,0.02890293173106806,0.09333885838599398,0.16626955350668185,0.12980420594633793
0.20604993266342067,0.40940640215477053,0.5169377395628302,0.24230809074898993,0.46773023930384333,0.3503574018439863,0.49373251838806587,1.0,0.49756552367139745,0.0870195794053662,-0.06785455298870817,0.001139542111260748,0.1633689008598363,0.1201212090221836,0.017714700093235263,0.5052315342380607,0.14689733761524915,0.3041541489692323,0.28488552781518695,0.15912151662695534,0.11882316378327981,-0.006526468455402465,0.06764736351393348,-0.09199212679995855,-0.009116336890085983,-0.10929244794364446,-0.05682318512174877,-0.09054180047653579,-0.006267643937768096,-0.10525225318553817,-0.11084636900445456,-0.10773852688283433,0.03449704754998446,0.16404651529678974,-0.0370360778140842,0.07821402672744224,-0.05547641865578207,0.011758307222093865,0.06630063192789805,0.14296073759453018,-0.18988915363099554,-0.08463690044545737,-0.1378363679206686,-0.10463068476121412,-0.03149280016575158,-0.1620221692738009,-0.15922511136434267,-0.17886094642242342,0.11975551641976587,0.0093755665515374,0.2528747539624987,0.5198383922096758,0.550879283290609,0.24054698021340518,0.37004040194758103,0.363782341941697,0.7483683828861493,0.6536827929141199,0.18947477468144616,0.09188853206257121,0.09551434787112814,0.20718947477468141,0.15155910079767945,0.25069926447736457,0.25552303756206624,0.08163265306122448,0.06215684243240443,0.39604268103180357,0.3595773334714596,0.46820854176434556,0.1906143167927069,0.3870299388791049,0.25380710659898476,0.10224800580130529,0.23837149072827096,0.1414068165337201,0.0407127317932249,0.03480783176214648,-0.022790842225214956,0.022843231211204382,0.2294164876064041,-0.02030456852791878,0.02475914223557443,0.17673262198280326,0.07458821091888532,0.05428364239096654,-0.04138716947336123,0.05511240029006526,0.2822956593805035,-0.04060913705583756,-0.01160261058738216,0.18408784833730443,0.13467315860354293,0.014814047446389724,0.033771884388273075,-0.09986532684139644,-0.10794571635760902,-0.02714182119548327,0.21195483269449908,-0.012224179011706204
0.18035843779136018,0.2794986014710452,0.6613488034807832,0.09582513208329016,0.4946648710245519,0.6932559825960841,0.3188646016782347,0.49756552367139745,1.0,0.20781104319900545,0.014399668496840358,0.09023101626437377,0.09478918470941676,0.04812100180319472,0.13747021651300115,0.3171034911426499,0.051382989744121,0.24344763286025065,0.13529472702786696,0.3254946648710245,0.2236610380192686,0.04319900549052108,0.15818916399046928,0.028592147518906038,0.1127110742774267,0.06101730032114368,-0.03983320816647658,0.06298560033150316,0.1949185465935648,-0.04848233709727545,-0.01802548430539728,0.033150315963949024,0.11053558479229254,0.1159773122038245,-0.0028489290626218617,0.11820159535895577,0.040661987530148394,-0.010411540756127166,-0.023412410649539,0.13653786387651506,-0.15238785869677818,-0.07324147933284988,-0.11949962449942972,-0.10794571635760902,-0.05159017921889568,-0.14793328498912253,-0.1513519113229048,-0.03413535004123285,0.12286335854138608,0.03568931134811751,0.2137159432300839,0.411685486377292,0.31250161881450345,0.15145550606029212,0.47695017093131664,0.6006060451109179,0.3822645809592872,0.6940847404951829,0.2673780171967264,0.04713560551124003,0.10214441106391794,0.1205842743188646,0.13850616388687453,0.14296073759453018,0.20776462673047796,0.16595876929451983,0.13280845333057079,0.154459753444525,0.21951724852377497,0.2622568698918997,0.2463482855070962,0.27245415932870604,0.2747332435512276,0.2033564694913498,0.1811871956904589,0.1467937428778618,0.2350564591318761,0.1471045270900238,0.03915881073241479,0.02646914092726857,0.12654424909064013,-0.019890189578369417,0.03014606857971615,0.1214130322179633,0.11706205324769502,0.08121827411167512,0.07308798013380813,0.11871956904589245,0.2928623225940122,0.01015228426395939,0.03024966331710349,0.12027349010670259,0.07541696881798404,-0.010877447425670775,0.04786076867295141,-0.06464311612970061,-0.06339997928105252,0.09882937946752304,0.20967574847197762,0.011809800062156843
0.06961566352429296,0.05480161607790324,0.20522117476432197,0.14233916917020614,0.13467315860354293,0.23111985911115712,0.08401533202113332,0.0870195794053662,0.20781104319900545,1.0,0.4614109603232155,0.4485652128871853,0.2780482751476225,0.07806065631583901,0.19620843261162332,0.0031078421216202213,0.06101730032114368,-0.14824406920128455,0.09043820573914844,0.07738526882834351,0.12638557961255567,-0.12265616906661142,-0.093649642598156,0.06350357401843985,0.41386097586242615,0.16430125349632235,-0.04739581985998188,0.08712317414275354,0.20061640471880857,-0.04050554231845022,0.14948720604993265,0.05832383714907282,-0.05946337926033357,-0.1905674549342878,-0.1445702002505021,-0.10773852688283433,0.08251534539557501,0.09981611461222414,-0.0005179736869367035,-0.06702579508960944,-0.1707241272143375,-0.10235160053869263,-0.1334852762613916,0.07697088987879415,-0.05915259504817155,-0.060395731896819634,-0.177561379881902,-0.012897878847142611,0.15756759556614525,0.005853254255932188,0.028384958044131357,0.02165130011395421,0.04314832562116383,-0.018336268517559307,0.12027349010670259,0.24992877685728151,0.00010359473738734072,0.08235781622293588,0.5330985185952554,0.3457992333989433,0.3461100176111053,0.2557754066093442,0.2252149590800787,0.0519009634310577,0.1415658750571918,0.15694602714182118,0.024344763286025067,0.09675748471977623,-0.04806795814772609,-0.07557431822482356,0.11612970061120896,0.02206567906350357,-0.005283331606754376,0.09779343209364963,0.1605718429503781,0.130736558582824,0.26043716979177456,0.09831140578058635,0.19444732207603851,-0.00999715107429126,-0.05091813215558709,-0.10639179529679892,-0.021133326427017506,-0.07489899513104734,-0.03719051072205532,-0.09458199523464207,0.1312061330112941,0.13684864808867708,0.07065161089816638,-0.05708070030042474,-0.0697192582616803,0.03874443178286543,0.09396042681031802,-0.09530715839635345,-0.06930487931213095,0.13042577437066197,-0.04050554231845022,0.08463690044545737,0.19237542732829171,0.07303428985807521
-0.05024344763286025,-0.06588625297834869,0.02610587382160986,0.10369833212472805,-0.02185848958872889,0.03936600020718947,-0.12120584274318864,-0.06785455298870817,0.014399668496840358,0.4614109603232155,1.0,0.45737076556510925,0.2930695120687869,0.17378467281993357,0.18553817466072722,-0.17559307987154252,-0.002071894747746814,-0.3147208121827411,0.017818294830622604,-0.15124831658551743,-0.024344763286025067,-0.14886563762560862,-0.18056562726613487,-0.05013985289547291,0.23806070651610894,0.14368590075624157,0.0013985651761961866,0.09054180047653579,0.05972391289460012,0.07686729514140682,0.19268621154045373,0.09572153734590282,-0.06143167927069304,-0.25241511494829694,-0.18549118133179793,-0.06909768983735626,0.06790810911085929,0.18590557101363384,0.04413135812700714,-0.23143064332331914,-0.012534963223868227,-0.05397285817880451,-0.0370360778140842,0.21236921164404848,0.00580130529369108,0.08722676888014089,-0.014192479022065678,0.03713967523454318,0.15704962187920854,0.08759161899806488,-0.05977416347249559,-0.08722676888014089,-0.10717153146481148,-0.023619600124313685,-0.054076452916191856,0.06666494006535156,-0.11809800062156842,-0.07438102144411064,0.33575054387237124,0.3811250388480265,0.3022894436962602,0.18274111675126903,0.2439656065471874,0.015539210608101107,0.051954106360176854,0.11250388480265203,-0.05428364239096654,0.04112711074277426,-0.20625712213819536,-0.21076895192378828,-0.059256189785558896,-0.11022480058013052,-0.1384025691494872,0.018129079042784626,-0.01709313166891122,-0.020822542214855484,0.1053558479229255,0.05117580026934632,0.12327773749093546,-0.0080288000855707,-0.2146020564807704,-0.11934113747021649,-0.07344866880762457,-0.12679995856210505,-0.15456334818191234,-0.1060810110846369,0.13276009431817876,0.08660520045581684,-0.1109499637418419,0.00290065264684554,-0.06609344245312337,-0.018543457992333985,0.03045685279187817,-0.059566973997720915,-0.05884181083600953,0.18667771677198797,0.04205946337926033,0.005179736869367036,0.09137055837563451,0.11519734797472286
-0.08401533202113332,-0.04661763182430332,0.059877758209882934,0.03056044752926551,-0.005697710556303739,0.0770744846161815,0.013881694809903656,0.001139542111260748,0.09023101626437377,0.4485652128871853,0.45737076556510925,1.0,0.16026105873821608,0.14208386215948668,0.14596498497876306,-0.04817155288511343,0.18356987465036773,-0.17984046410442348,0.12659276908733036,-0.06547187402879934,0.14596498497876306,-0.09147415311302184,-0.08546565834455609,0.13197969543147206,0.34082668600435095,0.25225318553817466,-0.08562326800934432,0.0145032632342277,0.10323482948737037,-0.08660520045581684,0.10856728478193307,-0.06049932663420698,-0.1378845954625505,-0.2089041983555267,-0.12126078064723232,-0.21164404848233706,0.012897878847142611,-0.0633498226106643,-0.14275354811975552,-0.1740391588107324,-0.2162022169273801,-0.1811871956904589,-0.16881199663790267,0.07873200041437894,-0.14814047446389722,-0.10400911633689007,-0.26178390137781,-0.14042630343214305,0.0814254635864498,-0.04480588434850746,-0.03781207914637936,-0.05283331606754376,-0.023050426052122333,-0.09572153734590282,0.010359473738734071,0.07474553886115175,-0.07893918988915363,0.04661763182430332,0.35709105977416344,0.4840982078110431,0.5428364239096654,0.1060810110846369,0.18408784833730443,0.09551434787112814,0.13586801693194805,0.12866466383507716,-0.04475292655133119,0.16979177457785144,-0.08442971097068269,-0.16052420300118453,0.0758313477675334,-0.029835284367554123,-0.07479540039366,0.08774474256707758,0.17082772195172483,0.17828654304361338,0.23111985911115712,0.03770848440899202,0.10173003211436858,-0.15430835777364593,-0.07868224083859288,-0.21506267481611932,-0.08608722676888013,-0.09903656894229772,-0.0435097897026831,-0.19185745364135498,0.1369039911365378,0.023412410649539,-0.03822645809592873,-0.1305293691080493,-0.14938361131254532,-0.012327773749093546,0.029628094892779448,-0.10701336372112295,-0.03584377913601989,0.11436859007562415,-0.08329016885942193,-0.01284574743603025,0.08826271625401429,0.055733968714389306
0.1478296902517352,0.12286335854138608,0.16927380089091473,0.15901792188956798,0.06143167927069304,0.07479540039366,0.12244897959183673,0.1633689008598363,0.09478918470941676,0.2780482751476225,0.2930695120687869,0.16026105873821608,1.0,0.26712594865347167,0.16026105873821608,0.051486584481508335,0.16948099036568942,-0.07438102144411064,0.16989536931523877,-0.09965813736662177,0.01564280534548845,0.054387237128353874,-0.10991401636796849,-0.18999274836838287,0.05096861079457163,-0.06806174246348284,-0.05081453473512811,-0.09116336890085983,-0.010929527858422052,0.022169273800890912,0.18916399046928414,0.0068372526675644875,-0.021029731689630165,-0.051436119257881975,-0.04428789724621258,0.017921889568009945,0.09815855588488051,0.1637357230354128,0.11022480058013052,-0.12286335854138608,0.007562415829275872,0.009841500051797368,0.035896506189035456,0.1854345799233399,0.07624572671708275,0.05449083186574122,0.04299181601574639,0.0005697858125243723,0.2867502330881591,0.1593846313761358,0.08401533202113332,0.10525225318553817,0.10458159595333706,0.1303221796332746,0.03335750543872371,0.08997435966862134,0.1796332746296488,0.04475292655133119,0.2603335750543872,0.2280120169895369,0.18232673780171965,0.5434579923339894,0.5474981870920957,0.1394385165233606,0.0977441662030446,0.10255879001346731,0.015332021133326428,0.19838392209675748,-0.00859836320314928,0.08676283963439306,-0.013260126385579612,0.13715943230083913,0.033150315963949024,-0.09727545840671294,-0.050036258158085566,-0.10328395317517869,0.008391173728374599,-0.11519734797472286,0.14109603232155807,0.05164331409879993,-0.11618450704474247,-0.05759867398736143,0.014399668496840358,0.004558168445042992,-0.12162022169273799,-0.05904900031078421,0.03019864806379173,-0.06174246348285506,0.015228426395939085,-0.18356987465036773,-0.09634310577022687,0.21931005904900028,0.09178493732518386,0.03905521599502745,-0.10753133740805966,0.18957836941883352,0.002071894747746814,-0.016367968507199834,0.17921889568009944,0.102765979488242
-0.05185050893971788,-0.07402035691793891,0.02004610085881201,-0.055787210917159,-0.18911709104786215,-0.028437491915989127,0.145088187352797,0.1201212090221836,0.04812100180319472,0.07806065631583901,0.17378467281993357,0.14208386215948668,0.26712594865347167,1.0,0.435264562058391,-0.024707984779465963,0.21242651065113188,0.02056408796110689,0.4920359484699102,0.022428841529368474,0.3119836317122086,-0.018492139551927356,0.1905674549342878,-0.06376421229250022,0.06873688847453109,0.10437440111241912,0.18979538979538976,-0.015591411779076006,0.12027972027972027,0.20341353507120094,-0.0033669161649167454,-0.1321385097954249,-0.08562326800934432,0.018026418026418023,0.08008288008288007,0.005646059415014235,-0.07562807562807561,0.026003626003625997,0.10872549277169614,-0.03465333714352773,-0.07619590274757743,0.11152262312408852,0.08288008288008288,0.12364352131778879,0.0892491777254085,0.04263033851886895,0.025329569302219822,-0.03543123543123543,0.12592266456788628,0.033462833462833456,-0.09971251719176516,-0.043666312723458715,0.045791245791245785,-0.0544404444511923,-0.18103649225206195,0.019580419580419575,0.10406360885104218,0.032166999052512295,0.1173240786697912,0.22661935725401172,0.2186423558786705,0.24423091873203778,0.40283856945473123,0.5106834841525261,0.4425796425796425,0.40967599920502373,-0.05278288572384868,0.37030897943061253,0.13130973043175306,0.11976171976171976,0.26899070222173327,0.14363782346637133,0.20330993765074193,0.06770091426994133,-0.008546787187865584,0.18890989620694418,0.20942218545782157,0.17160912699029507,-0.11525213026061167,-0.12804972804972803,-0.023517223517223514,-0.10955427213536796,0.06376421229250022,0.07650669500895436,0.14115148537535588,0.03610370102995341,0.007044807044807044,0.06200305614469761,0.07246639561105425,-0.07060164204279268,-0.1683976069560668,0.1111082334422526,0.16124938494439736,0.1409442905344379,0.14384501830728927,0.09650099715753688,0.07619590274757743,0.05412965218981537,0.06366061487204124,0.06262464066745146
-0.06930487931213095,-0.03335750543872371,0.08598363203149278,0.07365585828239925,-0.13477675334093028,0.12659276908733036,0.10338754791256603,0.017714700093235263,0.13747021651300115,0.19620843261162332,0.18553817466072722,0.14596498497876306,0.16026105873821608,0.435264562058391,1.0,0.04154148969232363,0.10794571635760902,0.12659276908733036,0.3335750543872371,0.33751165440795605,0.5027452605407645,-0.0005179736869367035,0.3195897648399461,0.18004765357919816,0.09427121102248005,0.2137159432300839,0.2731345990400923,0.2658240961359163,0.45546605904789145,0.30146068579716145,0.07893918988915363,-0.07666010566663213,0.045063710763493206,0.0370360778140842,0.12436870326100163,0.0005179736869367035,0.08272254023649296,-0.0011913703352782329,0.03563658966124521,0.016575157981974512,-0.019993784315756758,0.1065989847715736,0.06013830257643603,0.18108360095307158,0.06961566352429296,0.11291826375220138,0.0117062053247695,0.11898163739713485,0.08950585310266237,0.0660433555425977,-0.051279395006733654,-0.013674505335128975,0.06034549741735398,0.017611105355847922,-0.04226665285403501,0.12996296396578638,0.00020718947477468144,0.05366207396664249,0.26779239614627576,0.2360924065057495,0.22438620118098,0.18356987465036773,0.33471459649849783,0.3716979177457785,0.5166921345391468,0.7920853620636071,0.028384958044131357,0.2137159432300839,0.1376774059877758,0.1159773122038245,0.563969750336683,0.12244897959183673,0.2455195276079975,0.11654407956075831,0.1432715218066922,0.2595048171552885,0.5779550398839738,0.37024759142235575,-0.029213715943230082,-0.13907953696617634,0.04304472820070485,-0.11167512690355329,0.011913394799544182,0.06837252667564488,0.1394385165233606,0.01740391588107324,0.2071430422077241,0.16948099036568942,0.09458199523464207,-0.016575157981974512,-0.19931627473324354,-0.007769605304050554,0.10794571635760902,0.05563037397700196,0.1574640008287579,0.14358230601885422,0.10504506371076348,0.15580648503056044,0.08660520045581684,0.07003004247384231
0.172692427224697,0.36734693877551017,0.26934631720708585,0.2180669222003522,0.2986636278877033,0.23930384336475702,0.46969853931420275,0.5052315342380607,0.3171034911426499,0.0031078421216202213,-0.17559307987154252,-0.04817155288511343,0.051486584481508335,-0.024707984779465963,0.04154148969232363,1.0,0.24572671708277216,0.5013985289547291,0.21630581166476742,0.19724437998549674,0.18388065886252977,0.25204599606339995,0.2354708380814254,0.12990780068372526,-0.016367968507199834,-0.03014606857971615,-0.0807541892477724,-0.029835284367554123,0.06998005752003882,-0.013260126385579612,-0.08287578990987257,-0.07458821091888532,0.2485237749922304,0.39879827005683116,0.23967263223184282,0.018336268517559307,0.024915179620383917,-0.03651809071178932,0.08639801098104216,0.31845022272868534,-0.05335128975448047,-0.09085258468869781,0.0032633187444577687,-0.16803066404226663,-0.00290065264684554,-0.11333264270175074,-0.07842121620221693,-0.06821890137223621,0.022998031699989638,-0.02087488022248382,0.2650989329742049,0.39469594944576813,0.5576131156204426,0.20118098000621568,0.2577437066197037,0.19740488468458028,0.5127939500673365,0.4241168548637729,0.15425256396975032,0.022272868538278253,0.07438102144411064,0.10587382160986221,0.03967678441935149,0.17631824303325389,0.15316878614859716,0.08681238993059152,0.09862218999274837,0.26862115404537446,0.4320936496425981,0.48851363617430504,0.20615352740080803,0.4191443074691805,0.27038226458095926,0.06288200559411582,0.2640629856003315,0.08774474256707758,0.03843364757070341,0.025898684346835177,0.00870195794053662,0.04584185855309723,0.33943694813383746,0.11478296902517351,0.06785455298870817,0.3236299595980524,0.06733657930177146,0.1015228426395939,0.04739581985998188,0.04703201077385268,0.19962705894540556,-0.03584377913601989,0.0401947581062882,0.13539832176525432,0.07458821091888532,-0.0005179736869367035,0.012224179011706204,-0.16450844297109704,-0.11726924272246968,-0.007044442142339169,0.11540453744949755,-0.06236403190717912
0.01015228426395939,-0.13622707966435302,-0.02455195276079975,-0.08183984253599916,-0.1249352532891329,-0.08152905832383714,0.27856624883455916,0.14689733761524915,0.051382989744121,0.06101730032114368,-0.002071894747746814,0.18356987465036773,0.16948099036568942,0.21242651065113188,0.10794571635760902,0.24572671708277216,1.0,0.37739562830208223,0.4233916917020615,0.11530094271211022,0.2865430436133844,0.2221071169584585,0.26230187506474667,0.3266342069822853,0.11405780586346213,-0.052418937117994405,-0.19978762535513675,-0.19734797472288407,0.06314262776974636,-0.08380814254635864,-0.10141924790220656,-0.016678752719361856,0.03335750543872371,0.3173706975760754,0.14747092802335346,-0.08225422148554852,-0.10458159595333706,-0.12581906714742733,-0.07054801616077903,0.13871335336164922,-0.09675748471977623,-0.2274940433026002,-0.15379037067135104,-0.17538589039676783,-0.17704340619496528,-0.21309437480575985,-0.13902413757381124,-0.08054699440685445,-0.05107220553195897,-0.1147341431583168,0.06070651610898165,-0.12607479540039365,0.17575302380865412,-0.19382575365171448,-0.1948617010255879,-0.05754836706496161,0.12338133222832279,0.030353258054490826,0.08909147415311301,0.14130322179633276,0.21185123795711175,0.17331399564902103,0.11934113747021649,0.26779239614627576,0.19398616980943403,0.10867087951932042,-0.042370247591422355,0.3344038122863358,0.32508028592147514,0.2288985005041092,0.20087019579405366,0.08049311094996374,0.21350875375530923,-0.07976794778825234,0.2689319382575365,-0.016160779032425153,0.10338754791256603,-0.041955868641872986,-0.11903035325805447,-0.11483774057877577,0.25811297307354064,-0.10577022687247487,-0.12410649539003417,-0.02413757381125039,-0.08919506889050036,-0.11012120584274318,-0.014866229835863169,-0.11654407956075831,0.026313063296384543,-0.22428260644359266,-0.15321661659587693,-0.0031078421216202213,-0.09375323733554335,-0.1473117165647985,-0.17580026934631718,-0.15487413239407435,-0.21682378535170413,-0.08857350046617632,-0.04340619496529576,-0.11654407956075831
0.13197969543147206,0.06847612141303222,0.16378327980938567,-0.025277115922511133,0.08101108463690045,0.1389205428364239,0.3616492282192065,0.3041541489692323,0.24344763286025065,-0.14824406920128455,-0.3147208121827411,-0.17984046410442348,-0.07438102144411064,0.02056408796110689,0.12659276908733036,0.5013985289547291,0.37739562830208223,1.0,0.2791878172588832,0.39148451258676054,0.3522221071169584,0.3008391173728374,0.49580441313581264,0.32104009116336885,-0.1043199005490521,-0.0679581477260955,-0.0789930330999698,-0.07220553195897647,0.1651860869218385,-0.022687247487827616,-0.14534341655443903,-0.04734279498601471,0.2444835802341241,0.586931185610333,0.29706560316611597,0.07438102144411064,-0.049571365689620395,-0.2137732771170986,-0.04257743706619704,0.31420283849580444,-0.008287578990987256,-0.12928623225940122,-0.030405842904709688,-0.26572050139852893,-0.025173521185123796,-0.1691702061535274,-0.03874443178286543,0.024915179620383917,-0.08152905832383714,-0.09805495846442153,0.17279602196208432,0.0997617321040091,0.30400663033686737,-0.027866984357194653,0.048378742359888115,0.1375255756592917,0.30695120687869054,0.26178390137781,0.03853724230809075,-0.102765979488242,-0.006112089505853102,0.0440277633896198,-0.00580130529369108,0.23650678545529885,0.22558338304942196,0.18180876411478297,0.08401533202113332,0.1960012431368486,0.522946234331296,0.4965942349701052,0.3649642598156013,0.26696363824717706,0.44949756552367137,-0.03936600020718947,0.25960841189267586,0.0037294105459442653,0.15456334818191234,0.046721226561690664,-0.14845125867605924,-0.10913988245353205,0.3909248661019489,0.0661970371905107,0.005386926344141717,0.172692427224697,0.0618460582202424,0.07344866880762457,0.007510812983275817,-0.04278462654097171,0.196415622086398,-0.08442971097068269,-0.0173003211436859,-0.07520977934320935,-0.08235781622293588,-0.10545944266031285,-0.06578265824096136,-0.2665492592976277,-0.1857453641355019,0.007355226354501191,0.005076142131979695,-0.1546669429192997
0.04226665285403501,-0.06847612141303222,0.08857350046617632,0.010981042163058116,-0.07479540039366,0.013985289547290995,0.3332642701750751,0.28488552781518695,0.13529472702786696,0.09043820573914844,0.017818294830622604,0.12659276908733036,0.16989536931523877,0.4920359484699102,0.3335750543872371,0.21630581166476742,0.4233916917020615,0.2791878172588832,1.0,0.19071791153009426,0.46078939189889145,-0.04371697917745778,0.2521495908007873,0.08339376359680928,0.09499637418419143,0.0,0.08282613765695195,-0.04029835284367554,0.17482064702452332,0.07261991090852585,-0.022272868538278253,-0.11032839531751787,-0.04060913705583756,0.1459169667164688,0.0011913703352782329,-0.020718947477468143,-0.1263370542497222,-0.006889228460521956,0.05024344763286025,0.11695845851030766,-0.1529058323837149,-0.029420905418004763,-0.10033410171451902,0.02330881591215166,-0.035740184398632545,-0.06308919506889049,-0.11892675852066714,-0.07774986405446209,0.08277219517248524,-0.026261946086350615,0.06381435823060187,-0.015228426395939085,0.26215327247144077,-0.08795193204185227,-0.13850616388687453,0.08272254023649296,0.23837149072827096,0.16295452191028695,0.18978555889360818,0.26831036983321244,0.2595048171552885,0.2416865223246659,0.29172278048275146,0.5976380399875686,0.5694232215527659,0.34590282813633066,0.03698332124728063,0.6244690769708898,0.3719051072205532,0.29820517479116465,0.4358230601885424,0.16357609033461099,0.29431264891743497,0.029420905418004763,0.19144307469180563,0.18004765357919816,0.2343312959701647,0.15756759556614525,-0.07862840567699161,-0.06573256328122076,0.18994587041153396,-0.1119859111157153,-0.016160779032425153,0.0318035843779136,0.11157153216616594,-0.002589868434683518,0.017559762767796566,0.03242515280223764,0.18315549570081838,-0.14161400600849477,-0.13166891121931004,0.14441106391795294,0.07821402672744224,0.03397907386304775,-0.009219931627473324,0.0173003211436859,-0.03801926862115404,0.06018854242204496,0.11488656376256086,0.03387547912566041
