0,1,2,3,4,5,6,7,8,9,10,11,12,13,14,15,16,17,18,19,20,21,22,23,24,25,26,27,28,29,30,31,32,33,34,35,36,37,38,39,40,41,42,43,44,45,46,47,48,49,50,51,52,53,54,55,56,57,58,59,60,61,62,63,64,65,66,67,68,69,70,71,72,73,74,75,76,77,78,79,80,81,82,83,84,85,86,87,88,89,90,91,92,93,94,95,96,97,98,99
1.0,0.05683745318158391,0.19559072948382308,0.06937663815111961,0.10123850159830045,0.20463538749463575,0.08047690025529874,0.048615036808117885,0.1460506708336903,0.1997019376705561,0.1727735240474549,0.13773255216363448,0.10432190773835022,0.06917107774178295,0.019014337863640186,0.24328074444992606,-0.06670435282974314,0.03258132487985913,-0.01983657950098679,0.16013978826189743,-0.05570973378558947,-0.11706665311722256,-0.14975075820175002,-0.06279870505234678,0.17750141346219783,-0.09764621235481549,-0.22991931784304379,-0.068554396513773,0.03525361020123559,-0.06156534259632687,0.2515031608233921,0.2638367853835911,0.23393976770480007,-0.07492676920320918,-0.1423505834656306,0.274525926669097,0.1727735240474549,0.30165990070153487,0.2860373095919494,0.1822293028769408,0.34174418052218175,0.13166144218012477,0.15952307534176174,0.2202579786042212,0.07780461493392228,0.10719975346906332,0.0631102888272176,0.08664371253539825,0.23958065708186635,0.2741148058504237,0.39477876613103763,0.1392671773255808,0.16537334931133546,0.030320160377155972,0.11912225721058907,0.22642479088432071,0.13958269092404152,0.054781849088217406,0.2825427826332263,0.14502286878700704,0.12241122375997547,0.07739349411524897,-0.10237434474252236,0.1322781234081347,0.049437278445464486,0.10206074323564705,0.16064545989659249,0.0697877589697929,-0.0706100006071395,0.08088802107397204,0.12713911317471843,-0.09466056849952763,-0.0847936688513684,0.21779125369218136,-0.042242664118681716,-0.07307672551917932,-0.0006167129201356768,-0.1192311645595642,0.24266406322191608,0.42294054221015875,-0.11069428042778638,0.1982630148051996,0.06742727926816733,-0.24040289871921294,-0.005447350847421243,0.06485430914571329,0.1701012387260784,-0.09938845791427059,0.20463538749463575,0.15715093293786944,0.3997122159551172,0.2965208904681186,0.27329256421307707,0.16281221091581868,0.017780975407620282,0.14995631861108666,0.01387532763022392,0.073183266522767,0.2831594638612363,0.248625315092679
0.05683745318158391,1.0,0.6881808838643372,0.6676258992805756,0.6719424460431656,0.5578622816032888,0.4587872559095581,0.6439876670092497,0.5909558067831449,0.12702980472764644,0.05364850976361768,-0.048615036808117885,-0.1410071942446043,0.1013360739979445,0.0645426515930113,0.5751284686536485,-0.351901336073998,0.39486125385405957,-0.0024665981500513875,0.3296161163713193,0.06403206750836668,-0.027749229188078112,0.24008221993833503,-0.2622816032887975,0.1710174717368962,0.06094866136831692,0.0394655704008222,0.13915724563206577,0.26885919835560124,-0.041726618705035974,-0.22014388489208633,-0.13874614594039056,0.03566473101990889,-0.1484069886947585,0.06700924974306269,0.16300102774922917,0.18972250770811921,0.13114080164439876,-0.018088386433710177,-0.00020554984583761563,-0.21788283658787258,-0.07934224049331963,-0.1059663910130434,0.009044193216855088,0.13627954779033916,0.03247687564234327,-0.04121486207199846,0.20226104830421376,0.307502569373073,0.09660842754367935,0.17410071942446043,0.69311408016444,0.539568345323741,0.6232271325796507,0.6215827338129497,0.5241521068859198,0.5573770499163283,0.6435765673175745,0.11531346351490238,0.10113052415210688,0.03494347379239466,0.027338129496402876,0.09383832686218103,0.1771839671120247,0.14285714285714285,0.13072970195272354,0.39958890030832483,0.12867420349434738,0.16012332990750258,0.3675231243576567,0.0881808838643371,0.26598150051387465,0.1578622816032888,0.24748201438848924,0.022404933196300103,0.2838643371017472,0.1448173083776704,0.22889151579636052,0.009660842754367936,0.03597122302158273,-0.018088386433710177,-0.04152106885919836,0.19908525644254618,0.21521068859198358,0.3371017471736896,0.16320657759506682,0.25159301130524153,0.26536485097636175,0.31613566289825284,0.14984583761562179,-0.013360739979445016,0.1761562178828366,0.09948612538540597,0.058276376046940456,0.189311408016444,-0.05035971223021583,0.10236382322713258,0.11973893843859901,0.26392600205549843,0.20513874614594038
0.19559072948382308,0.6881808838643372,1.0,0.5403905447070915,0.5833504624871532,0.758273381294964,0.46598150051387466,0.5960945529290853,0.716546762589928,0.18561151079136692,0.11346351490236382,-0.02662007300909626,-0.13956834532374102,0.05714285714285714,0.056937307297019533,0.5979445015416238,-0.36896197327852004,0.3913669064748202,-0.06762589928057554,0.3906675579443046,0.03258132487985913,-0.018499486125385406,0.15765673175745118,-0.23658787255909558,0.22178828365878725,0.054987409497554054,0.008427543679342241,0.13196300102774922,0.3319630010277492,-0.09866392600205551,-0.1496402877697842,-0.13114080164439876,0.03648697265725549,-0.14080164439876672,0.029804727646454265,0.2869475847893114,0.29270298047276466,0.17533401849948613,0.046248715313463515,0.0855087358684481,-0.10709146968139774,-0.07338129496402879,-0.09096048113146792,0.06187050359712231,0.12579650565262077,0.012127440904419324,-0.10062182037029051,0.22466598150051387,0.4602261048304214,0.17697841726618704,0.29640287769784174,0.694141829393628,0.5216855087358685,0.5042137718396712,0.7081192189105858,0.694141829393628,0.5584048519630115,0.615005138746146,0.17965056526207604,0.13586844809866394,0.046659815005138744,0.013566289825282631,0.029086797921136068,0.17656731757451183,0.15498458376156218,0.15683453237410072,0.4721479958890031,0.09516957862281604,0.1418293936279548,0.3932168550873587,0.13730729701952724,0.23658787255909558,0.11325796505652622,0.31757451181911617,0.0020554984583761563,0.2803699897225077,0.18962947761306023,0.18716275270102042,0.047687564234326824,0.07070914696813978,0.010071942446043166,-0.0014388489208633096,0.218613495329528,0.1303186022610483,0.30688591983556013,0.14121274409044193,0.3146968139773895,0.2606372045220966,0.3878725590955807,0.2199383350462487,0.08879753340184995,0.24213771839671122,0.2024665981500514,0.12056118007594561,0.1685508735868448,-0.030421377183967115,0.0433710174717369,0.11583329066120264,0.4030832476875642,0.27070914696813975
0.06937663815111961,0.6676258992805756,0.5403905447070915,1.0,0.5142857142857143,0.4614594039054471,0.5613566289825282,0.5599177800616649,0.5159301130524152,0.2526207605344296,0.18663926002055498,0.054370728269544095,-0.02857142857142857,0.120863309352518,0.10832476875642344,0.5741007194244604,-0.2596094552929085,0.3301130524152107,0.1013360739979445,0.2706202788917006,0.08911043744743806,0.011921891058581706,0.1720452209660843,-0.18067831449126415,0.21891058581706063,0.10617195142238008,0.0067831449126413155,0.1512846865364851,0.28879753340184994,-0.02918807810894142,-0.26803699897225075,-0.15416238437821173,0.10329410569166697,-0.05200411099691676,0.10709146968139774,0.15498458376156218,0.22898252826310384,0.1695786228160329,0.06104830421377184,0.1669064748201439,-0.11983556012332991,-0.021993833504624874,0.012230844355530715,0.06228160328879754,0.1656731757451182,0.12517985611510793,-0.002775065526044784,0.17903391572456323,0.33771839671120246,0.1934224049331963,0.1669064748201439,0.5753340184994862,0.5763617677286742,0.6156217882836588,0.5190133607399795,0.4367934224049332,0.5253096260598108,0.5603288797533402,0.241726618705036,0.21726618705035972,0.11325796505652622,0.10277492291880781,0.15201192270445316,0.260431654676259,0.2195272353545735,0.1995889003083248,0.5334018499486126,0.2801644398766701,0.28612538540596094,0.33155190133607404,0.13689619732785202,0.2620760534429599,0.0750256937307297,0.3874614594039055,0.15169578622816035,0.2668036998972251,0.20340202503861585,0.21799681410151803,0.0263103802672148,-0.033710174717368965,-0.026515930113052415,-0.0010277492291880781,0.132689244226808,0.22569373072970195,0.33689619732785203,0.13751284686536486,0.2156217882836588,0.2367934224049332,0.2760534429599178,0.24295991778006165,0.04974306269270298,0.191983556012333,0.19054470709146967,0.06341538628035673,0.24789311408016446,-0.032065775950668035,0.1963001027749229,0.14872295615506675,0.260431654676259,0.24480986639260022
0.10123850159830045,0.6719424460431656,0.5833504624871532,0.5142857142857143,1.0,0.49784172661870507,0.27379239465570404,0.47050359712230216,0.5699897225077082,0.0328879753340185,-0.019116135662898253,-0.13125032136145143,-0.18417266187050363,0.08653648509763619,0.041109969167523124,0.44193216855087364,-0.339568345323741,0.38417266187050364,-0.040698869475847894,0.44061873741311075,0.132689244226808,-0.09640287769784174,0.25734840698869477,-0.21418293936279548,0.0789311408016444,-0.01963101909165014,0.1434737923946557,0.18232271325796506,0.29969167523124357,0.07214799588900309,-0.15190133607399794,-0.14121274409044193,-0.0035973071633913865,-0.09003083247687566,0.04193216855087359,0.19506680369989723,0.22507708119218914,0.03535457348406989,-0.1105858170606372,-0.09763617677286741,-0.17965056526207604,-0.14881808838643373,-0.12117786130395557,0.06947584789311408,0.25755395683453236,0.1183967112024666,-0.04368158698403827,0.2947584789311408,0.2717368961973279,0.10729701952723536,0.25590955806783144,0.5114080164439877,0.4277492291880781,0.6992805755395683,0.6425488180883864,0.43576567317574516,0.37031707741997616,0.583967112024666,0.02857142857142857,0.03576567317574512,-0.03658787255909558,-0.0030832476875642346,0.12261678416931211,0.09660842754367935,0.13175745118191162,0.08756423432682425,0.26598150051387465,0.05755395683453237,0.1708119218910586,0.3013360739979445,0.18232271325796506,0.24912641315519016,0.18252826310380266,0.13196300102774922,0.0014388489208633096,0.1934224049331963,0.1960018503024964,0.21326892468677508,0.09311408016443988,0.07872559095580679,0.05796505652620761,0.049331963001027754,0.2463641505899758,0.23823227132579652,0.3321685508735869,0.3054470709146968,0.3140801644398767,0.2879753340184995,0.3527235354573484,0.17410071942446043,-0.012538540596094553,0.09763617677286741,0.01932168550873587,0.029497918739809368,0.1671120246659815,-0.002261048304213772,0.05673175745118191,0.15550644966317623,0.21623843782117164,0.22528263103802673
0.20463538749463575,0.5578622816032888,0.758273381294964,0.4614594039054471,0.49784172661870507,1.0,0.44624871531346355,0.5253854059609456,0.755601233299075,0.22754367934224048,0.16772867420349435,0.013258646402213966,-0.10421377183967112,0.09866392600205551,0.12312435765673177,0.578622816032888,-0.3331963001027749,0.3593011305241521,-0.0750256937307297,0.3923120412189978,0.06773215487642639,0.03329907502569373,0.18108941418293936,-0.20616649537512846,0.2813977389516958,0.09075492072213127,0.04912641315519013,0.2330935251798561,0.35662898252826314,-0.03576567317574512,-0.10688591983556013,-0.04275436793422405,0.09733285382090409,-0.17903391572456323,0.047482014388489216,0.2820143884892086,0.30914696813977394,0.15642343268242548,0.04707091469681397,0.11469681397738953,-0.11284686536485097,-0.12435765673175746,-0.07369340674718926,0.12846865364850976,0.10606372045220966,0.03597122302158273,-0.13104476095211479,0.23987667009249744,0.5116135662898252,0.1699897225077081,0.39958890030832483,0.6316546762589929,0.483453237410072,0.43884892086330934,0.7023638232271325,0.7726618705035971,0.53579320693598,0.6248715313463515,0.2182939362795478,0.16628982528263106,0.0762589928057554,0.028365878725590956,0.07102112142581281,0.2419321685508736,0.1923946557040082,0.2135662898252826,0.447070914696814,0.11778006166495375,0.14676258992805757,0.3821171634121275,0.17183967112024667,0.21397738951695788,0.1699897225077081,0.31551901336074,0.04439876670092498,0.25488180883864336,0.21984685778554786,0.25705329187548165,0.08263103802672148,0.1496402877697842,-0.013771839671120247,-0.028982528263103807,0.27000359766369064,0.17841726618705034,0.35251798561151076,0.1720452209660843,0.27728674203494347,0.26885919835560124,0.3997944501541624,0.21007194244604319,0.15704008221993834,0.3079136690647482,0.22219938335046252,0.1468729124710369,0.1673175745118191,0.03864337101747174,0.07420349434737925,0.19271288375311,0.43186022610483044,0.28180883864337103
0.08047690025529874,0.4587872559095581,0.46598150051387466,0.5613566289825282,0.27379239465570404,0.44624871531346355,1.0,0.5574511819116136,0.46536485097636177,0.2587872559095581,0.18211716341212744,0.06588211119239654,0.044604316546762585,0.11510791366906474,0.0010277492291880781,0.6254881808838644,-0.13175745118191162,0.37821171634121276,0.10668036998972251,0.20710211240667553,0.000308340614004976,-0.0041109969167523125,0.06721479958890031,-0.052415210688591986,0.17903391572456323,0.11665553229854926,-0.07913669064748202,0.024665981500513877,0.1880781089414183,-0.06824254881808839,-0.2655704008221994,-0.16896197327852006,0.16578447013000877,0.028982528263103807,0.10626927029804728,0.18746145940390546,0.18910585817060638,0.14861253854059608,0.14820143884892087,0.30051387461459406,0.03144912641315519,-0.08160328879753341,0.0052417904380845926,-0.11120246659815006,0.016032887975334018,0.05159301130524152,-0.020864381547670043,0.03432682425488181,0.2826310380267215,0.2,0.17430626927029805,0.5091469681397739,0.5599177800616649,0.3623843782117164,0.370606372045221,0.4606372045220966,0.5919111986848856,0.519218910585817,0.2211716341212744,0.14779033915724563,0.07214799588900309,0.10277492291880781,0.10678863265039001,0.23699897225077082,0.16238437821171636,0.09886947584789312,0.6139773895169579,0.19260020554984586,0.22528263103802673,0.3693730729701953,0.04439876670092498,0.18561151079136692,0.035149023638232274,0.4298047276464543,0.07399794450154162,0.20226104830421376,0.14255614387496723,0.20257978340126923,-0.12785200411099693,-0.07235354573484071,-0.029393627954779036,-0.006372045220966085,0.01634205254226373,0.1738951695786228,0.23617677286742036,0.032682425488180886,0.1420349434737924,0.0867420349434738,0.2328879753340185,0.241726618705036,0.09948612538540597,0.15827338129496404,0.25673175745118193,-0.07389896715652591,0.16361767728674204,-0.19897225077081193,0.18437821171634122,0.047998355580107926,0.2316546762589928,0.20616649537512846
0.048615036808117885,0.6439876670092497,0.5960945529290853,0.5599177800616649,0.47050359712230216,0.5253854059609456,0.5574511819116136,1.0,0.589311408016444,0.1130524152106886,0.07749229188078109,-0.06588211119239654,-0.1800616649537513,0.044193216855087356,0.0036998972250770813,0.5397738951695786,-0.24624871531346354,0.523535457348407,0.031243576567317573,0.21347448509611172,-0.0042139883914013385,-0.024460431654676262,0.2211716341212744,-0.20596094552929087,0.2039054470709147,0.16208438276194903,0.00986639260020555,0.03761562178828366,0.2581706063720452,-0.08612538540596094,-0.24974306269270297,-0.1880781089414183,0.11624441147987595,-0.045220966084275435,0.015210688591983558,0.10873586844809867,0.14902363823227133,0.027543679342240494,-0.028365878725590956,-0.010483042137718397,-0.16608427543679344,-0.14388489208633093,-0.13680045241354102,-0.08633093525179857,0.13627954779033916,0.040287769784172665,-0.09548281013687422,0.08715313463514902,0.25775950668037,0.05220966084275437,0.15806783144912642,0.6182939362795479,0.5079136690647482,0.4522096608427544,0.48715313463514903,0.4937307297019527,0.7263477063910552,0.6110996916752313,0.10996916752312436,0.06125385405960946,-0.02589928057553957,-0.06598150051387461,0.06629323201106983,0.11099691675231245,0.07954779033915725,0.0735868448098664,0.43946557040082224,0.07317574511819117,0.15724563206577596,0.4961973278520041,-0.005549845837615622,0.1956834532374101,0.10071942446043167,0.2010277492291881,0.020349434737923947,0.2986639260020555,0.1444061875589971,0.17585693018750465,-0.15930113052415212,-0.08324768756423433,0.051387461459403906,-0.06947584789311408,0.10617195142238008,0.24398766700924973,0.3424460431654676,0.09208633093525181,0.15210688591983557,0.12106885919835561,0.21418293936279548,0.11366906474820143,-0.010894141829393628,0.04295991778006167,0.060431654676259,-0.07944909820861548,0.15765673175745118,-0.1712230215827338,0.12702980472764644,0.12158898212262888,0.22158273381294963,0.1434737923946557
0.1460506708336903,0.5909558067831449,0.716546762589928,0.5159301130524152,0.5699897225077082,0.755601233299075,0.46536485097636177,0.589311408016444,1.0,0.21459403905447072,0.17574511819116134,-0.009147438215480955,-0.08386433710174718,0.07749229188078109,0.0735868448098664,0.5447070914696814,-0.3227132579650565,0.4277492291880781,-0.04152106885919836,0.3814173395241553,0.07328228592851596,-0.021993833504624874,0.16115107913669066,-0.2039054470709147,0.24789311408016446,0.09013823949412132,0.014388489208633093,0.21644398766700929,0.3494347379239466,0.003494347379239466,-0.20164439876670093,-0.12805755395683455,0.07780461493392228,-0.09784172661870505,0.007810894141829393,0.32661870503597124,0.33442959917780063,0.09249743062692703,0.038232271325796506,0.11366906474820143,-0.08139773895169579,-0.12332990750256938,-0.058276376046940456,0.10236382322713258,0.14779033915724563,0.12826310380267214,-0.06526542996438658,0.22980472764645427,0.4855087358684481,0.23144912641315518,0.2957862281603289,0.5997944501541624,0.4643371017471737,0.5188078108941419,0.7149023638232271,0.6762589928057554,0.5273652301531773,0.7081192189105858,0.20945529290853035,0.16649537512846865,0.0645426515930113,0.061459403905447074,0.12631687153737184,0.18458376156217884,0.16423432682425487,0.17923946557040082,0.47440904419321683,0.1418293936279548,0.22672147995889005,0.4563206577595067,0.14943473792394654,0.2840698869475848,0.12949640287769784,0.29722507708119217,0.033093525179856115,0.2776978417266187,0.22786371374967726,0.23752505298849985,0.03144912641315519,0.04707091469681397,0.023843782117163412,0.07440904419321687,0.21923017655753793,0.23576567317574512,0.36587872559095586,0.2367934224049332,0.3399794450154162,0.2809866392600206,0.43288797533401857,0.26536485097636175,0.08900308324768756,0.20493319630010276,0.19280575539568348,0.12241122375997547,0.2193216855087359,-0.008016443987667009,0.11921891058581706,0.2048409479039724,0.40328879753340185,0.3325796505652621
0.1997019376705561,0.12702980472764644,0.18561151079136692,0.2526207605344296,0.0328879753340185,0.22754367934224048,0.2587872559095581,0.1130524152106886,0.21459403905447072,1.0,0.6330935251798562,0.5703273557045372,0.47625899280575545,0.2709146968139774,0.24809866392600205,0.24686536485097635,-0.015416238437821172,-0.034121274409044194,0.18478931140801647,0.1322781234081347,0.05745413440959386,0.12127440904419322,-0.11243576567317576,-0.03843782117163413,0.3960945529290853,0.26198674169956127,-0.3114080164439877,0.16361767728674204,0.210688591983556,-0.18663926002055498,-0.16115107913669066,0.04234326824254882,0.11233876370247958,-0.13874614594039056,0.07831449126413156,0.3198355601233299,0.31325796505652626,0.39157245632065774,0.38417266187050364,0.520863309352518,0.21027749229188078,0.27070914696813975,0.30371550479490134,0.2785200411099692,-0.08509763617677288,0.019938335046248718,-0.04162598289067176,-0.02487153134635149,0.5231243576567317,0.4285714285714286,0.1936279547790339,0.2234326824254882,0.21788283658787258,0.11736896197327853,0.20534429599177803,0.31551901336074,0.20381314585728913,0.22281603288797533,0.6631038026721481,0.6567317574511818,0.6036998972250771,0.5282631038026722,-0.021892183594353295,0.32785200411099696,0.18540596094552927,0.36361767728674205,0.4330935251798561,0.47749229188078113,0.2594039054470709,0.12476875642343269,0.07975334018499487,0.20698869475847895,0.033093525179856115,0.523535457348407,0.3490236382322714,0.23186022610483045,0.1923017629344367,0.03443136856388899,0.1496402877697842,0.1644398766700925,-0.2341212744090442,0.14162384378211718,-0.013258646402213966,-0.01932168550873587,0.10298047276464543,0.023638232271325797,0.2193216855087359,0.10811921891058582,0.32538540596094556,0.3338129496402878,0.12702980472764644,0.3889003083247688,0.49352517985611516,0.38799527262292816,0.23597122302158272,0.22528263103802673,0.046248715313463515,0.14317282510297719,0.5062692702980472,0.44378211716341215
0.1727735240474549,0.05364850976361768,0.11346351490236382,0.18663926002055498,-0.019116135662898253,0.16772867420349435,0.18211716341212744,0.07749229188078109,0.17574511819116134,0.6330935251798562,1.0,0.599311373421005,0.36628982528263104,0.0881808838643371,0.24953751284686537,0.13730729701952724,0.0591983556012333,-0.06598150051387461,0.054265159301130524,0.053548486632197495,0.027236754237106215,0.22713257965056527,-0.09907502569373072,0.12744090441932168,0.45549845837615627,0.4467855496932102,-0.22980472764645427,0.24727646454265162,0.19033915724563208,-0.18067831449126415,-0.16505652620760536,-0.004316546762589928,0.14050053978160074,-0.09331963001027749,0.031243576567317573,0.23823227132579652,0.2682425488180884,0.24008221993833503,0.26433710174717373,0.3697841726618705,0.23062692702980475,0.22980472764645427,0.2800760577211865,0.2733812949640288,-0.09804727646454266,0.006988694758478932,-0.044709389030721525,-0.06125385405960946,0.40575539568345326,0.34285714285714286,0.18191161356628985,0.16197327852004112,0.10092497430626927,0.026721479958890033,0.15580678314491267,0.20966084275436794,0.14378950633098714,0.15313463514902365,0.5720452209660843,0.5710174717368962,0.5886947584789312,0.43432682425488184,0.012230844355530715,0.2520041109969168,0.1260020554984584,0.3354573484069887,0.3346351490236382,0.3403905447070915,0.28221993833504627,0.1290853031860226,0.06228160328879754,0.25570400822199385,0.0041109969167523125,0.39547790339157246,0.36279547790339156,0.32908530318602264,0.1711290407727617,0.07862685657126889,0.13710174717368964,0.14861253854059608,0.0012332990750256938,0.1948612538540596,0.030114599967819324,0.03720452209660843,0.0789311408016444,-0.005344295991778006,0.19609455292908531,0.1720452209660843,0.20719424460431657,0.3225077081192189,0.025693730729701953,0.24275436793422406,0.3227132579650565,0.42273498180082214,0.22959917780061667,0.25138746145940394,-0.008221993833504625,0.14543398960568035,0.3991778006166496,0.34121274409044194
0.13773255216363448,-0.048615036808117885,-0.02662007300909626,0.054370728269544095,-0.13125032136145143,0.013258646402213966,0.06588211119239654,-0.06588211119239654,-0.009147438215480955,0.5703273557045372,0.599311373421005,1.0,0.4765918090470246,0.15468420802582963,0.21203556223075518,0.04409270780271157,0.21779125369218136,-0.17071791995408836,0.21039107895606193,-0.03926405591530476,-0.02322951999177716,0.28747623245730597,-0.12960583808675824,0.10555527019437011,0.34462202625289484,0.35933806146572106,-0.25664217105680837,0.14995631861108666,0.059920859321633664,-0.2815149805865431,-0.07677681288723903,0.0847936688513684,0.009867406722170829,-0.033814687335879036,0.08869931662876476,0.1910684004784168,0.1906572796597435,0.2965208904681186,0.30104321947352486,0.3493499156676378,0.27843157444649336,0.3335217641487157,0.301572617946346,0.2734981246224137,-0.16085102030592915,-0.04758723476143463,-0.033919210607462225,-0.13207256299879805,0.3129657232150506,0.2751426078971069,0.08911043744743806,0.054370728269544095,0.01963101909165014,-0.07842129616193223,0.03504804979189894,0.10164962241697376,0.048925891664097027,0.017986535816956934,0.5047535851261458,0.6007502962863616,0.6546071235325641,0.44760779133055684,-0.04419775927639017,0.2231358243349343,0.06793771528576305,0.24615859018063915,0.22663035129365736,0.39868441390843395,0.1460506708336903,-0.01675317336093703,-0.034842489382562285,0.2029909042199425,-0.007502954940787749,0.30474330684158457,0.4284906732622483,0.22395806597228088,0.06084900812005344,-0.06249357590708191,0.1435839459216505,0.19949637726121947,-0.1168610927078859,0.1513952414764432,-0.058587727412889305,-0.04984839926413778,-0.002775065526044784,-0.08191582312065529,0.10904979715309318,0.020453260728996742,0.13536152954818448,0.23382496562044014,0.08849375621942811,0.2502697983673722,0.32016033754183343,0.35132079350395723,0.14132278141894733,0.256847731466145,-0.005652911256757893,0.06496042758762463,0.32324374368188313,0.2726758829850671
0.10432190773835022,-0.1410071942446043,-0.13956834532374102,-0.02857142857142857,-0.18417266187050363,-0.10421377183967112,0.044604316546762585,-0.1800616649537513,-0.08386433710174718,0.47625899280575545,0.36628982528263104,0.4765918090470246,1.0,0.28859198355601234,0.18232271325796506,0.010894141829393628,0.19506680369989723,-0.24624871531346354,0.26618705035971224,-0.07410452756586257,0.002569505116708133,0.06988694758478932,-0.24480986639260022,0.07338129496402879,0.0881808838643371,0.07451564838453587,-0.27153134635149023,0.06618705035971223,-0.044604316546762585,-0.016032887975334018,-0.08879753340184995,0.12168550873586846,0.041831543300008406,-0.007194244604316546,0.1079136690647482,0.15950668036998975,0.0842754367934224,0.28756423432682426,0.4483042137718397,0.4682425488180884,0.34224049331963,0.2645426515930113,0.402178940867157,0.17985611510791366,-0.16279547790339158,0.11161356628982529,0.11788889475456915,-0.12846865364850976,0.15190133607399794,0.33072970195272355,-0.030421377183967115,-0.08571428571428572,-0.06372045220966084,-0.08900308324768756,-0.10051387461459405,-0.013771839671120247,-0.12179454253196552,-0.05179856115107914,0.33874614594039054,0.4261048304213772,0.5136690647482015,0.7116135662898254,0.08191582312065529,0.23699897225077082,0.06289825282631038,0.22055498458376155,0.08776978417266187,0.3882836587872559,0.12209660842754368,-0.12394655704008223,-0.00945529290853032,0.08078108941418294,-0.07543679342240493,0.21891058581706063,0.18211716341212744,-0.034121274409044194,0.0040084279820646876,-0.07533789002188247,0.08756423432682425,0.10195272353545735,-0.29085303186022615,0.2024665981500514,-0.15386196638848304,-0.11428571428571428,-0.13504624871531348,-0.044604316546762585,0.06022610483042138,-0.04152106885919836,0.08201438848920864,0.17019527235354576,0.046454265159301136,0.20554984583761562,0.3331963001027749,0.20545762913198234,0.13442959917780062,0.08633093525179857,0.03802672147995889,0.00462510921007464,0.15601233299075026,0.24686536485097635
0.06917107774178295,0.1013360739979445,0.05714285714285714,0.120863309352518,0.08653648509763619,0.09866392600205551,0.11510791366906474,0.044193216855087356,0.07749229188078109,0.2709146968139774,0.0881808838643371,0.15468420802582963,0.28859198355601234,1.0,0.5282631038026722,0.16485097636176774,0.060431654676259,0.1379239465570401,0.34121274409044194,0.26835911438899746,0.33228840169269575,0.1260020554984584,0.22816032887975335,-0.19609455292908531,-0.020966084275436794,-0.12323346539732208,0.032065775950668035,0.19424460431654678,0.2770811921891059,0.2263103802672148,0.002672147995889003,0.11120246659815006,0.09096048113146792,0.05508735868448099,0.16526207605344295,0.10626927029804728,0.11778006166495375,0.17800616649537512,0.1722507708119219,0.17410071942446043,0.024665981500513877,-0.01274409044193217,0.115627730251866,0.16772867420349435,-0.009660842754367936,0.1685508735868448,0.1460506708336903,0.26433710174717373,0.19938335046248715,0.16896197327852006,0.02816032887975334,0.11140801644398766,0.1695786228160329,0.13484069886947586,0.0855087358684481,0.17307297019527237,0.11233876370247958,0.1551901336073998,0.15724563206577596,0.20513874614594038,0.19116135662898256,0.3023638232271326,0.2973431321054652,0.49743062692702983,0.4454265159301131,0.5015416238437821,0.10729701952723536,0.3346351490236382,0.17410071942446043,0.12744090441932168,0.28879753340184994,0.1249743062692703,0.3498458376156218,0.14676258992805757,0.0367934224049332,-0.178622816032888,0.24410298608727268,0.2722647621663938,0.21891058581706063,0.16423432682425487,-0.2869475847893114,-0.012332990750256938,0.002158384298034832,0.024049331963001026,0.0801644398766701,0.19033915724563208,0.0842754367934224,0.026927029804727647,0.1800616649537513,0.009249743062692703,0.05364850976361768,0.17327852004111,0.18910585817060638,-0.006680713303441147,0.018705035971223024,0.02076053442959918,0.12332990750256938,0.31502132730841714,0.21007194244604319,0.16485097636176774
0.019014337863640186,0.0645426515930113,0.056937307297019533,0.10832476875642344,0.041109969167523124,0.12312435765673177,0.0010277492291880781,0.0036998972250770813,0.0735868448098664,0.24809866392600205,0.24953751284686537,0.21203556223075518,0.18232271325796506,0.5282631038026722,1.0,0.0433710174717369,0.0433710174717369,0.06700924974306269,0.1963001027749229,0.24841975468334232,0.4671360302175387,0.27995889003083246,0.28879753340184994,-0.08201438848920864,0.08160328879753341,0.038542576750622,0.09681397738951696,0.4193216855087359,0.4400822199383351,0.22240493319630011,0.03905447070914697,0.0855087358684481,0.05786525522826716,0.0030832476875642346,0.07749229188078109,0.024665981500513877,0.1685508735868448,0.046248715313463515,-0.022404933196300103,-0.00041109969167523125,-0.13627954779033916,-0.026104830421377186,0.05704301359092056,0.22795477903391573,-0.040698869475847894,0.05323741007194245,0.028264556283789464,0.2263103802672148,0.24933196300102775,0.06310380267214799,0.05056526207605344,0.08571428571428572,0.09455292908530319,0.10585817060637205,0.08119218910585818,0.13833504624871532,0.04923171803612784,0.10359712230215828,0.16649537512846865,0.19506680369989723,0.20616649537512846,0.24460431654676262,0.28706511163863263,0.40760534429599177,0.4226104830421377,0.7151079136690648,0.06351490236382322,0.2501541623843782,0.2696813977389517,0.1605344295991778,0.43535457348406986,0.17697841726618704,0.4483042137718397,0.07913669064748202,0.14429599177800617,-0.04193216855087359,0.3966288098150675,0.33824965356345865,0.2343268242548818,0.1747173689619733,-0.0881808838643371,-0.0433710174717369,0.08294362516733854,0.0842754367934224,0.09928057553956836,0.11079136690647481,0.08365878725590956,0.18417266187050363,0.1301130524152107,-0.02548818088386434,-0.026721479958890033,0.12291880781089415,0.029804727646454265,0.1752402489594947,0.008221993833504625,0.14265159301130526,-0.022816032887975332,0.36415026513987664,0.24028776978417268,0.09352517985611512
0.24328074444992606,0.5751284686536485,0.5979445015416238,0.5741007194244604,0.44193216855087364,0.578622816032888,0.6254881808838644,0.5397738951695786,0.5447070914696814,0.24686536485097635,0.13730729701952724,0.04409270780271157,0.010894141829393628,0.16485097636176774,0.0433710174717369,1.0,-0.2353545734840699,0.39013360739979447,0.07420349434737925,0.3437997846155482,0.05210956376684094,-0.0197327852004111,0.12271325796505653,-0.1658787255909558,0.2024665981500514,0.03587029142924554,-0.01747173689619733,0.08098663926002056,0.24563206577595068,-0.04234326824254882,-0.09537512846865365,-0.013566289825282631,0.13001695890543155,-0.08571428571428572,0.14121274409044193,0.21747173689619734,0.23597122302158272,0.2300102774922919,0.14409044193216855,0.2219938335046249,-0.04254881808838644,-0.06474820143884892,-0.02929235833047272,0.04254881808838644,0.045632065775950664,0.10832476875642344,-0.023742227278383154,0.16423432682425487,0.3558067831449127,0.22219938335046252,0.2906474820143885,0.5967112024665983,0.6281603288797534,0.4746145940390545,0.5149023638232272,0.5917780061664955,0.595200165234272,0.5788283658787257,0.22939362795477905,0.15025693730729703,0.07420349434737925,0.09907502569373072,0.10884423674375651,0.27153134635149023,0.21253854059609456,0.16012332990750258,0.5502569373072971,0.2119218910585817,0.1578622816032888,0.39116135662898255,0.12785200411099693,0.20698869475847895,0.09928057553956836,0.4071942446043166,0.06495375128468654,0.18746145940390546,0.16619559094868205,0.1955907294838231,0.05303186022610483,0.12374100719424462,-0.0894141829393628,-0.015827338129496403,0.11295544493048953,0.15539568345323743,0.3192189105858171,0.12106885919835561,0.22137718396711203,0.1578622816032888,0.36279547790339156,0.19856115107913672,0.20349434737923947,0.29146968139773893,0.27810894141829395,0.016547612951600378,0.1673175745118191,-0.06947584789311408,0.18191161356628985,0.11172208247446964,0.32908530318602264,0.28920863309352524
-0.06670435282974314,-0.351901336073998,-0.36896197327852004,-0.2596094552929085,-0.339568345323741,-0.3331963001027749,-0.13175745118191162,-0.24624871531346354,-0.3227132579650565,-0.015416238437821172,0.0591983556012333,0.21779125369218136,0.19506680369989723,0.060431654676259,0.0433710174717369,-0.2353545734840699,1.0,-0.040698869475847894,0.3710174717368962,-0.25581992941946174,0.02600339178108631,0.23843782117163412,0.004316546762589928,0.25426515930113053,-0.03843782117163413,0.08047690025529873,0.00472764645426516,-0.1064748201438849,-0.10298047276464543,-0.0645426515930113,0.07523124357656732,0.00945529290853032,-0.051287322129494335,0.3829393627954779,0.08078108941418294,-0.08345323741007195,-0.09167523124357657,-0.049948612538540604,-0.010894141829393628,0.020143884892086333,0.15765673175745118,-0.00472764645426516,0.00462510921007464,-0.1683453237410072,-0.1771839671120247,-0.08489208633093526,0.10637751183171672,-0.08160328879753341,-0.19301130524152108,-0.10298047276464543,-0.15868448098663926,-0.25837615621788285,-0.27831449126413155,-0.33155190133607404,-0.33401849948612544,-0.3027749229188078,-0.22457474720029086,-0.30996916752312437,-0.11510791366906474,-0.05405960945529291,0.03597122302158273,-0.00328879753340185,-0.10391078691967691,-0.1461459403905447,-0.19979445015416242,-0.08612538540596094,-0.20328879753340184,-0.002672147995889003,-0.07810894141829394,-0.1802672147995889,-0.14018499486125385,-0.13956834532374102,-0.13710174717368964,-0.189311408016444,0.06330935251798561,-0.15827338129496404,-0.04244822452801836,-0.09507168931820094,-0.09825282631038026,-0.07070914696813978,0.009249743062692703,-0.0355601233299075,-0.29713757169612853,-0.0879753340184995,-0.2616649537512847,-0.2933196300102775,-0.11860226104830421,-0.22898252826310384,-0.22754367934224048,-0.15868448098663926,-0.08139773895169579,-0.2129496402877698,-0.12435765673175746,-0.19476848784647652,-0.11675231243576568,-0.12990750256937308,-0.04542651593011306,-0.05560409072556401,-0.1736896197327852,-0.17697841726618704
0.03258132487985913,0.39486125385405957,0.3913669064748202,0.3301130524152107,0.38417266187050364,0.3593011305241521,0.37821171634121276,0.523535457348407,0.4277492291880781,-0.034121274409044194,-0.06598150051387461,-0.17071791995408836,-0.24624871531346354,0.1379239465570401,0.06700924974306269,0.39013360739979447,-0.040698869475847894,1.0,0.15580678314491267,0.3437997846155482,0.2280692741590139,-0.016238437821171636,0.36793422404933196,-0.13237410071942446,0.02959917780061665,-0.04840947639878123,0.0735868448098664,0.016649537512846865,0.3950668036998972,0.007194244604316546,-0.13956834532374102,-0.22055498458376155,0.02004213991032344,0.2647482014388489,0.045220966084275435,0.12189105858170607,0.20945529290853035,-0.05220966084275437,-0.16402877697841728,-0.07132579650565263,-0.120863309352518,-0.30996916752312437,-0.2806927389491965,-0.15868448098663926,0.14984583761562179,0.030832476875642344,0.015930931723590426,0.24090441932168552,0.1734840698869476,0.031243576567317573,0.08612538540596094,0.383967112024666,0.3648509763617678,0.34614594039054475,0.3543679342240494,0.3716341212744091,0.4844031046018173,0.4696813977389517,-0.06392600205549846,-0.11099691675231245,-0.20143884892086333,-0.17163412127440908,0.09630505177422084,0.04152106885919836,0.1276464542651593,0.10976361767728675,0.31449126413155193,-0.01644398766700925,0.22754367934224048,0.5907502569373073,0.1815005138746146,0.12867420349434738,0.20513874614594038,0.09208633093525181,-0.08489208633093526,0.07708119218910586,0.3526388822170242,0.2463641505899758,-0.08119218910585818,-0.05405960945529291,0.11346351490236382,-0.040287769784172665,0.003391746754054736,0.19013360739979446,0.1923946557040082,0.0855087358684481,0.19938335046248715,0.09188078108941418,0.23473792394655707,0.07543679342240493,0.012949640287769786,-0.07214799588900309,-0.0526207605344296,-0.24101957994722292,0.024460431654676262,-0.23576567317574512,0.03864337101747174,0.11644997188921259,0.18705035971223025,0.08633093525179857
-0.01983657950098679,-0.0024665981500513875,-0.06762589928057554,0.1013360739979445,-0.040698869475847894,-0.0750256937307297,0.10668036998972251,0.031243576567317573,-0.04152106885919836,0.18478931140801647,0.054265159301130524,0.21039107895606193,0.26618705035971224,0.34121274409044194,0.1963001027749229,0.07420349434737925,0.3710174717368962,0.15580678314491267,1.0,-0.015519810904917124,0.19785189398652628,0.10976361767728675,0.10832476875642344,-0.11120246659815006,-0.08201438848920864,-0.07698237329657567,-0.13340184994861254,-0.0842754367934224,0.10750256937307298,-0.07440904419321687,-0.08756423432682425,-0.040698869475847894,-0.0747212087938725,0.3303186022610483,0.13381294964028778,0.09825282631038026,0.0842754367934224,0.1366906474820144,0.12846865364850976,0.16238437821171636,0.07831449126413156,-0.02117163412127441,0.012230844355530715,-0.027749229188078112,-0.02959917780061665,0.015416238437821172,0.12343902580665872,0.09023638232271326,0.10750256937307298,0.13874614594039056,-0.06824254881808839,0.03843782117163413,0.06289825282631038,0.015827338129496403,-0.045837615621788286,0.008016443987667009,0.08253250434866524,0.04316546762589928,0.032065775950668035,0.14367934224049334,0.12517985611510793,0.16115107913669066,0.04923171803612784,0.13874614594039056,0.020966084275436794,0.12147995889003083,0.09516957862281604,0.3882836587872559,0.17430626927029805,0.06927029804727647,0.006988694758478932,0.019116135662898253,-0.002261048304213772,0.033504624871531344,0.13854059609455294,-0.11634121274409044,0.12775579440272838,-0.014080888039560572,-0.023843782117163412,-0.027954779033915727,-0.22014388489208633,0.015827338129496403,-0.29323192391873215,-0.027543679342240494,-0.05323741007194245,-0.11490236382322713,0.0881808838643371,-0.11140801644398766,0.07831449126413156,-0.03905447070914697,0.013566289825282631,0.016855087358684483,0.044193216855087356,-0.14625623124302695,-0.027543679342240494,-0.06824254881808839,0.06022610483042138,0.06608767160173319,0.11860226104830421,0.12970195272353546
