0,1,2,3,4,5,6,7,8,9,10,11,12,13,14,15,16,17,18,19,20,21,22,23,24,25,26,27,28,29,30,31,32,33,34,35,36,37,38,39,40,41,42,43,44,45,46,47,48,49,50,51,52,53,54,55,56,57,58,59,60,61,62,63,64,65,66,67,68,69,70,71,72,73,74,75,76,77,78,79,80,81,82,83,84,85,86,87,88,89,90,91,92,93,94,95,96,97,98,99
1.0,0.19507537688442209,0.3458291457286432,0.16884422110552763,0.04824120603015075,0.1457286432160804,0.04462311557788944,0.19477386934673366,0.22572864321608038,-0.026130653266331655,0.19015075376884422,0.007839195979899497,0.039296482412060296,0.08894472361809044,0.0760320611310636,0.2851256281407035,0.08944723618090451,0.11105527638190954,0.1051256281407035,0.1930653266331658,0.1243749843353486,-0.04592964824120603,-0.038994974874371854,0.007839195979899497,0.08693467336683416,-0.09417085427135677,-0.22753768844221106,0.07316582914572864,0.19688442211055276,-0.06683417085427136,0.21758793969849244,0.29437185929648235,0.16904522613065326,0.06186085079467237,0.10135933066844369,0.21909547738693466,0.05407035175879397,0.20261306532663315,0.05045226130653266,-0.08552763819095477,-0.03939698492462312,0.12196286342702668,0.010653266331658291,0.16944723618090451,0.09688442211055276,-0.001809045226130653,0.011105806682065471,0.10170854271356783,0.33115577889447234,0.23251840505844767,0.2644221105527638,0.24005628289695363,0.02010050251256281,0.09979899497487436,0.08286640370464236,0.2759798994974874,0.1287437185929648,0.1727638190954774,0.0708057991630328,0.1542713567839196,0.07678391959798994,0.009246231155778894,0.06241206030150754,0.1243749843353486,0.03869346733668342,0.0024120603015075374,-0.05794115431864927,0.07487437185929648,-0.11286432160804019,0.07397356660428794,0.1471356783919598,-0.0037185929648241205,-0.07095477386934673,-0.08201005025125628,0.12532663316582915,0.02743718592964824,0.07226130653266331,-0.10929922865833665,0.05829145728643216,0.08844221105527637,-0.15090831432688961,-0.22110552763819094,-0.22824120603015075,-0.07256281407035176,-0.21798994974874372,-0.09909547738693467,-0.02944723618090452,-0.09985175510074248,0.09869346733668341,-0.25417085427135677,-0.11165829145728642,0.11547738693467334,-0.044473479247185255,-0.008040201005025125,-0.14231155778894472,0.12623115577889446,-0.18352681062422524,-0.19844719722840065,0.3292462311557789,0.09357254145189141
0.19507537688442209,1.0,0.4749748743718593,0.3850251256281407,0.5574874371859296,0.3402010050251256,0.28834170854271357,0.5321608040201005,0.39487437185929647,0.1100502512562814,0.02864321608040201,-0.13678391959798994,-0.16100502512562814,-0.06874371859296481,-0.032915399894809426,0.21206030150753769,-0.13135678391959799,0.03396984924623115,0.01336683417085427,0.22693467336683415,0.009397221038670783,-0.12462311557788944,-0.07949748743718593,0.02884422110552764,0.11497487437185928,0.05226130653266331,0.0037185929648241205,0.029045226130653266,0.26552763819095476,-0.11336683417085426,0.09989949748743718,0.01185929648241206,0.1699497487437186,-0.050202266404449795,-0.1296012463033794,0.03085427135678392,0.042110552763819094,-0.04994974874371859,-0.09979899497487436,-0.07296482412060301,-0.21256281407035174,-0.08266539362894887,-0.25075376884422107,0.0027135678391959797,-0.19688442211055276,-0.20633165829145728,-0.2352320410803098,-0.19065326633165827,0.022914572864321605,-0.12728963043290425,0.048844221105527635,0.4500113069588067,0.05256281407035175,0.25929648241206027,0.5000628158064865,0.2591959798994975,0.24783919597989948,0.4468341708542713,0.01633206865009628,-0.08522613065326633,-0.15527638190954773,-0.21718592964824118,-0.1421105527638191,0.009296716000824037,-0.00984924623115578,-0.07487437185929648,-0.22085982066822507,-0.07236180904522613,-0.0850251256281407,0.09327101876192828,0.05417085427135678,-0.09547738693467336,-0.12613065326633166,-0.030653266331658293,-0.15276381909547737,0.04201005025125628,0.1334673366834171,-0.078645192115079,-0.007738693467336683,-0.18663316582914571,-0.038242166900686984,-0.21658291457286433,-0.2530653266331658,-0.15185929648241206,-0.046231155778894466,-0.21678391959798993,0.08582914572864321,-0.20126133828810955,0.061206030150753765,-0.21467336683417082,-0.21487437185929648,-0.06391959798994976,-0.07673559639599083,-0.022613065326633167,-0.11989949748743717,-0.10984924623115577,-0.2278506460488054,-0.3265911204830022,0.02944723618090452,-0.1422182020992764
0.3458291457286432,0.4749748743718593,1.0,0.2744723618090452,0.28050251256281405,0.46884422110552765,0.30502512562814066,0.4807035175879396,0.6362814070351759,0.11105527638190954,0.17175879396984922,-0.009346733668341708,-0.10733668341708541,0.05306532663316583,0.06919771855748486,0.23839195979899494,0.0185929648241206,0.14452261306532663,0.07487437185929648,0.40904522613065325,0.1666876052688288,-0.056281407035175875,0.00010050251256281406,0.14422110552763817,0.16804020100502512,0.15135678391959798,-0.0013065326633165827,0.08412060301507537,0.38472361809045225,-0.016281407035175877,0.034371859296482406,-0.00964824120603015,0.11748743718592965,-0.039950752544081675,-0.15271740500813108,0.18160804020100502,0.08653266331658291,0.056582914572864317,-0.009547738693467336,-0.0321608040201005,-0.11105527638190954,-0.054523983031859895,-0.10462311557788945,0.007738693467336683,-0.1164824120603015,-0.14743718592964825,-0.1985477022662474,-0.16613065326633164,0.21407035175879396,0.01794014925564422,0.2550753768844221,0.5868991685060753,0.188643216080402,0.19758793969849245,0.5013693812984942,0.5787939698492462,0.32442211055276376,0.4739698492462311,0.14035528535298128,0.06492462311557788,-0.0535678391959799,-0.16211055276381908,0.017286432160804017,0.09432397801917144,0.08040201005025124,0.0013065326633165827,-0.10688710775001474,0.06512562814070351,-0.042412060301507536,0.19488416527950317,0.2515577889447236,0.008643216080402008,-0.02603015075376884,0.04552763819095477,0.0808040201005025,0.16884422110552763,0.3007035175879397,0.020251765126119387,-0.04170854271356784,-0.10301507537688441,0.08216286843971513,-0.25055276381909547,-0.30110552763819093,-0.14623115577889445,-0.061306532663316586,-0.2278391959798995,0.1157788944723618,-0.22357345669008724,0.16050251256281406,-0.17206030150753768,-0.02371859296482412,0.03477386934673367,0.01412095781746786,-0.0025125628140703514,-0.13457286432160803,-0.08773869346733668,-0.2333785620314628,-0.34608909782527103,0.18763819095477385,-0.058696416979489345
0.16884422110552763,0.3850251256281407,0.2744723618090452,1.0,0.2615075376884422,0.11376884422110553,0.28221105527638185,0.4697487437185929,0.37306532663316583,0.16944723618090451,0.20261306532663315,0.10834170854271356,0.018190954773869346,0.16954773869346731,0.24457900960005718,0.3828140703517588,0.13266331658291455,0.13396984924623115,0.144321608040201,0.2748743718592965,0.27774567208948353,0.09316582914572863,0.19899497487437184,0.09587939698492462,0.18281407035175878,0.05155778894472361,0.029547738693467336,-0.010452261306532661,0.25356783919597986,0.07467336683417085,-0.16211055276381908,0.0009045226130653265,0.27919597989949746,0.07593155609321686,0.0006532827460038512,0.08663316582914572,-0.051859296482412054,0.19417085427135675,0.2142713567839196,0.1665326633165829,-0.023316582914572864,-0.09080630169453532,-0.09125628140703516,-0.16683417085427135,-0.17567839195979898,-0.08060301507537689,-0.045478529625652714,0.005427135678391959,0.13236180904522613,-0.005980049751881407,0.044924623115577884,0.408301716252407,0.21326633165829142,0.553467336683417,0.24488052471359747,0.28542713567839195,0.358894472361809,0.4222110552763819,0.14246589114776292,0.1136683417085427,0.1143718592964824,-0.026331658291457286,0.032060301507537685,0.1870901279517183,0.18542713567839195,0.201608040201005,0.061257820567591895,0.16834170854271355,0.048341708542713566,0.22865470655537376,0.3069346733668341,0.056582914572864317,0.12201005025125629,0.11798994974874372,0.06160804020100502,0.07889447236180903,0.21698492462311555,0.04849368076105511,-0.2273366834170854,-0.11999999999999998,-0.06256438605959959,-0.15839195979899498,-0.2758793969849246,-0.05507537688442211,0.04773869346733668,-0.0385929648241206,-0.04351758793969849,-0.19472851082807102,0.1708542713567839,-0.03085427135678392,-0.12291457286432159,0.07809045226130654,0.1504057891376559,-0.07236180904522613,-0.062110552763819084,-0.19236180904522612,-0.06975224894480413,-0.1594512425438631,0.15979899497487438,0.015779687441403813
0.04824120603015075,0.5574874371859296,0.28050251256281405,0.2615075376884422,1.0,0.3652261306532663,0.21346733668341708,0.3971859296482412,0.2373869346733668,0.15417085427135677,-0.1602010050251256,-0.2142713567839196,-0.35809045226130654,-0.3002010050251256,-0.20126133828810955,0.07809045226130654,-0.31999999999999995,-0.08231155778894472,-0.18773869346733665,0.16693467336683415,-0.161461343300798,-0.16894472361809043,-0.19638190954773868,0.041608040201005024,0.08271356783919598,0.13919597989949747,0.2028140703517588,0.1593969849246231,0.2294472361809045,-0.1759798994974874,-0.03185929648241206,-0.11427135678391959,0.06371859296482411,-0.14206387099637596,-0.14075730550436824,-0.041809045226130645,0.11396984924623116,-0.21527638190954773,-0.23517587939698492,-0.19688442211055276,-0.20984924623115578,-0.1599537677330968,-0.305929648241206,-0.015477386934673366,-0.24281407035175875,-0.18693467336683414,-0.20729164055891433,-0.17467336683417084,-0.10522613065326632,-0.22488002218209494,-0.0051256281407035175,0.20950275139154276,-0.02673366834170854,0.22844221105527637,0.576346139532167,0.06532663316582915,0.12613065326633166,0.32914572864321606,-0.09050478658099509,-0.33557788944723616,-0.33788944723618086,-0.3644221105527638,-0.3874371859296482,-0.28086132826273263,-0.21356783919597988,-0.2178894472361809,-0.32106334340143117,-0.30783919597989945,-0.22904522613065323,-0.06904869600155682,-0.10532663316582914,-0.23105527638190954,-0.23658291457286432,-0.07999999999999999,-0.27527638190954773,0.008743718592964824,0.09075376884422111,-0.09030377650530158,-0.09185929648241206,-0.2759798994974874,-0.03673459133298578,-0.2122613065326633,-0.2640201005025125,-0.23316582914572864,0.006532663316582914,-0.27778894472361804,0.19748743718592965,-0.1076911480527887,-0.028542713567839193,-0.26562814070351753,-0.23165829145728645,-0.18402010050251255,-0.19362295541175684,-0.07597989949748743,-0.17869346733668343,-0.14894472361809044,-0.24674606795316154,-0.2571421393309005,-0.1015075376884422,-0.23006181244186838
0.1457286432160804,0.3402010050251256,0.46884422110552765,0.11376884422110553,0.3652261306532663,1.0,0.20844221105527638,0.2808040201005025,0.4309547738693467,0.19195979899497487,-0.0335678391959799,-0.1294472361809045,-0.20492462311557788,-0.2537688442211055,-0.20970376146723624,0.13919597989949747,-0.24763819095477385,0.0011055276381909548,-0.18271356783919596,0.23145728643216082,-0.09774114930596083,-0.056783919597989944,-0.12160804020100502,0.11658291457286432,0.15608040201005025,0.19547738693467337,0.10653266331658291,0.16984924623115577,0.22964824120603014,-0.13095477386934673,0.09658291457286432,-0.03688442211055276,0.026532663316582914,-0.09271589741362349,-0.15482801080291272,0.1750753768844221,0.17587939698492464,-0.17386934673366833,-0.18251256281407033,-0.16412060301507536,-0.19678391959798994,-0.06286590117313982,-0.152964824120603,0.05467336683417085,-0.1921608040201005,-0.22572864321608038,-0.24910173630316082,-0.2450251256281407,0.1709547738693467,-0.07261488984427424,0.10844221105527638,0.27573557133254856,-0.008844221105527638,0.07527638190954773,0.5820749266894314,0.4138693467336683,0.13236180904522613,0.2664321608040201,-0.0018593432001648073,-0.14201005025125626,-0.17065326633165828,-0.19417085427135675,-0.1966834170854271,-0.19503002594161128,-0.204321608040201,-0.22472361809045227,-0.285082539852296,-0.20592964824120602,-0.15487437185929645,0.030353284122955106,-0.03135678391959799,-0.06663316582914572,-0.17447236180904524,-0.10633165829145728,-0.020603015075376884,0.165929648241206,0.19708542713567836,-0.004874494335567197,-0.028542713567839193,-0.2287437185929648,0.12950074126553265,-0.16221105527638188,-0.2079396984924623,-0.13125628140703516,0.002914572864321608,-0.22914572864321608,0.23728643216080403,-0.07271539488212098,0.13246231155778893,-0.22381909547738693,-0.0778894472361809,-0.22663316582914572,-0.1801552803402928,-0.06030150753768843,-0.29708542713567837,-0.051859296482412054,-0.28905975211132084,-0.31181687991953055,0.14412060301507537,-0.1356852104834086
0.04462311557788944,0.28834170854271357,0.30502512562814066,0.28221105527638185,0.21346733668341708,0.20844221105527638,1.0,0.502713567839196,0.38472361809045225,0.2050251256281407,0.09246231155778893,0.135678391959799,-0.058592964824120596,0.03246231155778894,-0.011105806682065471,0.31306532663316583,0.03577889447236181,0.08854271356783919,0.03236180904522613,0.3295477386934673,0.059448729886350464,0.00492462311557789,0.14753768844221105,0.2802010050251256,0.2409045226130653,0.24894472361809045,0.21628140703517587,-0.03919597989949749,0.285929648241206,0.03587939698492462,-0.17758793969849243,-0.11809045226130653,0.1208040201005025,-0.03542802584097808,-0.11894771229162429,-0.025527638190954775,-0.16703517587939698,-0.0192964824120603,-0.006834170854271356,0.14442211055276383,0.03658291457286432,-0.10226387600906439,-0.047035175879396984,-0.2635175879396985,-0.18914572864321605,-0.2709547738693467,-0.1983466921905539,-0.17065326633165828,-0.08271356783919598,-0.24699113050837915,0.15386934673366834,0.38538656762334883,0.39839195979899494,0.3335678391959799,0.3184502124174158,0.2806030150753768,0.3765829145728643,0.4384924623115578,0.2549310284982721,-0.007537688442211054,0.035175879396984924,-0.11859296482412059,-0.08110552763819094,-0.009397221038670783,0.010753768844221105,-0.013266331658291457,0.13894821482312683,0.033869346733668336,-0.042110552763819094,0.08281823217653976,0.17306532663316582,0.018190954773869346,0.05045226130653266,0.2629145728643216,0.08331658291457286,0.2579899497487437,0.20834170854271356,0.054121962880472906,-0.251859296482412,-0.07597989949748743,0.24287042395666253,-0.12140703517587938,-0.22160804020100502,-0.14371859296482412,0.13819095477386933,-0.17105527638190954,-0.0985929648241206,-0.24417698944867025,0.06190954773869346,0.1058291457286432,0.1014070351758794,0.053768844221105526,0.2200557803654511,-0.1264321608040201,-0.04221105527638191,-0.33869346733668343,-0.18423036356747255,-0.2078946707859948,-0.04663316582914573,-0.19458264258954003
0.19477386934673366,0.5321608040201005,0.4807035175879396,0.4697487437185929,0.3971859296482412,0.2808040201005025,0.502713567839196,1.0,0.5835175879396984,0.11316582914572863,0.06391959798994976,-0.03236180904522613,-0.15065326633165826,0.021608040201005024,0.007186110206042363,0.23306532663316584,-0.018090452261306532,0.18924623115577888,0.08743718592964823,0.3685427135678392,0.06638357749777596,-0.07587939698492462,0.064321608040201,0.05125628140703518,0.12130653266331656,0.1058291457286432,0.1021105527638191,-0.02271356783919598,0.2650251256281407,-0.07025125628140703,-0.08894472361809044,-0.0250251256281407,0.16482412060301507,0.010402271417138247,-0.1282946808113717,0.11859296482412059,-0.037788944723618094,0.06391959798994976,0.039999999999999994,0.00592964824120603,-0.06472361809045225,-0.1706073017448519,-0.1985929648241206,-0.1778894472361809,-0.2186934673366834,-0.2787939698492462,-0.209804266505083,-0.1644221105527638,0.07748743718592964,-0.12035478282147874,0.13638190954773868,0.4951380689519958,0.27035175879396983,0.3641206030150754,0.46579059790074595,0.3831155778894472,0.5273366834170854,0.7004020100502512,0.06547903215715524,-0.04914572864321608,-0.11115577889447235,-0.20603015075376882,-0.10763819095477387,0.060051760113430934,0.007537688442211054,-0.034371859296482406,0.026282067396924166,0.0571859296482412,0.0005025125628140703,0.22674506285227392,0.15316582914572863,-0.030050251256281406,-0.00040201005025125624,0.06371859296482411,-0.09236180904522612,0.05155778894472361,0.20472361809045225,-0.041759843225323105,-0.18633165829145726,-0.16241206030150754,0.019146209709805177,-0.1507537688442211,-0.2692462311557789,-0.17246231155778893,0.035678391959798994,-0.16703517587939698,0.036482412060301506,-0.27653961163532254,0.19175879396984924,-0.04532663316582914,-0.09195979899497488,0.04090452261306532,0.09412296794347795,-0.12040201005025125,-0.10974874371859296,-0.25206030150753767,-0.2567968242852659,-0.24548355494067792,0.11457286432160804,-0.08774310277927089
0.22572864321608038,0.39487437185929647,0.6362814070351759,0.37306532663316583,0.2373869346733668,0.4309547738693467,0.38472361809045225,0.5835175879396984,1.0,0.17407035175879396,0.2601005025125628,0.1121608040201005,-0.07547738693467336,0.08130653266331658,0.10125882563059693,0.20954773869346732,0.05969849246231155,0.20532663316582914,0.1334673366834171,0.5020100502512562,0.1974421468499332,-0.06964824120603015,0.08040201005025124,0.13608040201005023,0.2023115577889447,0.22020100502512563,0.07698492462311558,0.09507537688442211,0.390251256281407,-0.009547738693467336,0.008944723618090452,-0.02381909547738693,0.08281407035175879,-0.009698736152211021,-0.1927184100711361,0.2598994974874372,0.09527638190954772,0.10110552763819095,0.0793969849246231,0.04814070351758794,-0.04964824120603015,-0.06085580041620491,-0.1628140703517588,-0.019899497487437183,-0.1401005025125628,-0.2494472361809045,-0.29844970988591324,-0.22070351758793968,0.2093467336683417,0.022261865883054316,0.2692462311557789,0.5673006861259597,0.3049246231155779,0.3359798994974874,0.4804643334263709,0.6211055276381909,0.4728643216080401,0.6103517587939697,0.20739214559676108,0.0650251256281407,0.010050251256281405,-0.1264321608040201,0.006130653266331658,0.09583155358687263,0.06422110552763818,0.03678391959798995,0.02296540114798154,0.10683417085427135,0.04412060301507537,0.28725061597154206,0.29346733668341707,-0.001909547738693467,0.05547738693467336,0.07597989949748743,0.07266331658291457,0.18482412060301506,0.4073366834170854,0.07100680923872629,-0.0822110552763819,-0.10110552763819095,0.0736199402227417,-0.1258291457286432,-0.25698492462311556,-0.16321608040201005,0.0821105527638191,-0.1778894472361809,0.15748743718592964,-0.2013618433259563,0.3057286432160804,0.00793969849246231,0.04331658291457286,0.057788944723618084,0.08980125131606785,-0.04100502512562814,-0.15095477386934672,-0.10050251256281406,-0.23719784943766242,-0.2517148672871762,0.20261306532663315,-0.004321825222804866
-0.026130653266331655,0.1100502512562814,0.11105527638190954,0.16944723618090451,0.15417085427135677,0.19195979899497487,0.2050251256281407,0.11316582914572863,0.17407035175879396,1.0,0.27939698492462306,0.2178894472361809,-0.10180904522613066,0.01336683417085427,0.1211588231242527,0.20894472361809044,-0.05346733668341708,-0.09839195979899497,0.0012060301507537687,0.16271356783919597,0.16156184833864476,-0.024020100502512562,-0.011055276381909547,0.2209045226130653,0.3544723618090452,0.23346733668341704,0.14633165829145728,0.14994974874371858,0.21999999999999997,0.084321608040201,-0.03407035175879397,-0.058592964824120596,0.023919597989949744,-0.05382044776693267,-0.1107062991881911,-0.0793969849246231,0.0657286432160804,-0.005628140703517588,0.19999999999999998,0.2614070351758794,-0.09628140703517588,0.03985024750623492,-0.12120603015075378,-0.013065326633165827,-0.09407035175879397,-0.2287437185929648,-0.22538254737132865,-0.30954773869346736,-0.07386934673366834,-0.17894921988613186,0.07185929648241206,0.16447649443620038,0.1071356783919598,0.26040201005025126,0.2328199201719879,0.1678391959798995,0.08371859296482412,0.14763819095477385,0.3513153597933018,0.047537688442211054,0.05809045226130653,-0.10793969849246231,-0.07728643216080401,-0.09693710900318685,0.0708542713567839,0.09366834170854271,-0.05894620469711673,-0.07407035175879396,-0.010150753768844221,0.04754007745085353,0.15055276381909546,0.010150753768844221,-0.015678391959798994,0.2663316582914573,0.024422110552763818,0.25055276381909547,0.2993969849246231,0.15241588989459082,-0.0679396984924623,-0.02371859296482412,0.13744063925542563,0.028140703517587937,-0.06984924623115576,0.012663316582914572,0.17055276381909548,-0.013668341708542713,0.07467336683417085,-0.024673986791376227,0.07919597989949749,0.14381909547738694,0.05055276381909547,0.04793969849246231,0.16005427277094356,0.04824120603015075,-0.05608040201005025,-0.07738693467336684,-0.10241720702414323,-0.113118420096513,-0.03376884422110553,-0.11477963731263155
0.19015075376884422,0.02864321608040201,0.17175879396984922,0.20261306532663315,-0.1602010050251256,-0.0335678391959799,0.09246231155778893,0.06391959798994976,0.2601005025125628,0.27939698492462306,1.0,0.5123618090452261,0.204321608040201,0.33135678391959794,0.39403000087816903,0.2264321608040201,0.3101507537688442,0.16834170854271355,0.28180904522613065,0.2931658291457286,0.4122214127284301,0.08050251256281407,0.21447236180904522,0.23999999999999996,0.3223115577889447,0.23266331658291456,-0.022110552763819093,0.20623115577889445,0.2985929648241206,0.22924623115577888,0.13095477386934673,0.09457286432160802,0.07055276381909546,0.1395512450502073,0.03160883440280172,0.09105527638190954,0.08924623115577889,0.19236180904522612,0.24482412060301506,0.20050251256281407,0.0321608040201005,0.29000728670678655,0.07698492462311558,0.20763819095477384,0.22974874371859294,-0.009246231155778894,-0.12276690372980066,-0.057085427135678386,0.14663316582914573,0.14970225387272867,0.3295477386934673,0.34206889631140114,0.30954773869346736,0.3060301507537688,-0.04296590367948406,0.3093467336683417,0.22381909547738693,0.13035175879396985,0.5093092792883871,0.470251256281407,0.3606030150753769,0.1308542713567839,0.22180904522613065,0.24739315065976608,0.3164824120603015,0.3537688442211055,0.1395512450502073,0.17919597989949748,0.12110552763819095,0.26946077726371737,0.4319597989949749,0.13396984924623115,0.21527638190954773,0.25045226130653264,0.2837185929648241,0.2997989949748744,0.3717587939698492,0.2416643635025016,0.06170854271356784,0.24703517587939694,0.051408326858610756,-0.051658291457286426,-0.09959798994974874,0.02231155778894472,0.09035175879396984,-0.008040201005025125,0.048341708542713566,-0.007990150508816334,0.20944723618090452,0.18683417085427137,0.22984924623115577,0.2907537688442211,0.235935576345237,0.12341708542713568,0.017286432160804017,0.19095477386934673,-0.04311774466472762,-0.06266489109744634,0.1328643216080402,0.09246695825535993
0.007839195979899497,-0.13678391959798994,-0.009346733668341708,0.10834170854271356,-0.2142713567839196,-0.1294472361809045,0.135678391959799,-0.03236180904522613,0.1121608040201005,0.2178894472361809,0.5123618090452261,1.0,0.35708542713567837,0.3548743718592965,0.32568657514238153,0.14924623115577887,0.44502512562814067,0.13457286432160803,0.34351758793969844,0.19889447236180904,0.3551345512314782,0.0678391959798995,0.168643216080402,0.2922613065326633,0.27145728643216077,0.2997989949748744,0.07798994974874371,0.1700502512562814,0.1814070351758794,0.21899497487437183,-0.06663316582914572,-0.05758793969849246,-0.10090452261306532,0.1087967034691029,-0.010402271417138247,0.064321608040201,0.07175879396984924,0.11356783919597989,0.2363819095477387,0.32211055276381906,0.11035175879396984,0.2886002161769321,0.11738693467336683,0.09909547738693467,0.1300502512562814,0.0257286432160804,-0.08256488859110211,-0.008442211055276382,0.08231155778894472,0.15211437478105058,0.28331658291457285,0.1575416468247749,0.39477386934673364,0.294572864321608,-0.11532953092914142,0.14994974874371858,0.18743718592964823,0.04532663316582914,0.5503153347298596,0.39487437185929647,0.5294472361809045,0.3121608040201005,0.26040201005025126,0.21131184207278417,0.2927638190954774,0.32783919597989947,0.3073946582542737,0.287537688442211,0.14160804020100504,0.18955726442348786,0.3634170854271357,0.09195979899497488,0.20341708542713566,0.35959798994974873,0.4290452261306532,0.35346733668341707,0.32834170854271355,0.24849870607608032,-0.07236180904522613,0.25929648241206027,0.0751275157904429,0.10753768844221105,-0.030050251256281406,-0.003618090452261306,0.15386934673366834,0.020703517587939698,0.05417085427135678,0.06296640621098658,0.18854271356783917,0.31226130653266326,0.4101507537688442,0.2608040201005025,0.33221940260242,0.09628140703517588,0.02874371859296482,0.16221105527638188,0.07407407416760899,0.07241387976858074,0.0679396984924623,0.17749635682496265
0.039296482412060296,-0.16100502512562814,-0.10733668341708541,0.018190954773869346,-0.35809045226130654,-0.20492462311557788,-0.058592964824120596,-0.15065326633165826,-0.07547738693467336,-0.10180904522613066,0.204321608040201,0.35708542713567837,1.0,0.48140703517587935,0.31734465700110154,0.1015075376884422,0.4933668341708542,0.18211055276381907,0.3144723618090452,0.022512562814070353,0.3017663761348559,0.2570854271356784,0.24271356783919595,-0.02100502512562814,-0.07999999999999999,-0.09065326633165828,-0.18180904522613062,-0.01236180904522613,-0.029547738693467336,0.23859296482412057,0.08723618090452262,0.04381909547738693,-0.012562814070351758,0.20678911536968062,0.1428679112991499,0.09296482412060302,-0.046532663316582915,0.13638190954773868,0.21738693467336684,0.2717587939698492,0.10361809045226131,0.22528204233348192,0.25417085427135677,0.07306532663316583,0.1657286432160804,0.22140703517587937,0.17422548310733477,0.21195979899497486,0.16582914572864318,0.25633809902812654,0.08201005025125628,0.01773913917995073,0.11587939698492462,0.00020100502512562812,-0.28176587360335337,0.047537688442211054,0.06592964824120602,-0.15195979899497486,0.19332144029821657,0.40341708542713567,0.6067336683417085,0.7840201005025126,0.5107537688442211,0.3895072741750654,0.3191959798994975,0.3132663316582915,0.304882032308105,0.4500502512562814,0.29628140703517586,0.23810241750755182,0.2308542713567839,0.27115577889447234,0.2638190954773869,0.0728643216080402,0.3571859296482412,0.07135678391959799,0.07256281407035176,0.18658760276248457,0.017386934673366834,0.21738693467336684,-0.054222467918319646,0.1707537688442211,0.12301507537688441,0.2236180904522613,0.02472361809045226,0.23829145728643214,-0.09005025125628141,0.174929018372262,0.15165829145728643,0.17889447236180903,0.17708542713567837,0.09809045226130653,0.18156235087014724,0.08251256281407034,0.05899497487437186,0.21276381909547737,0.28493894201515807,0.22196537608453928,0.16472361809045225,0.3176039000944971
0.08894472361809044,-0.06874371859296481,0.05306532663316583,0.16954773869346731,-0.3002010050251256,-0.2537688442211055,0.03246231155778894,0.021608040201005024,0.08130653266331658,0.01336683417085427,0.33135678391959794,0.3548743718592965,0.48140703517587935,1.0,0.5949395715338149,0.24442211055276378,0.5830150753768845,0.31236180904522615,0.5440201005025125,0.1429145728643216,0.5572501823412851,0.23919597989949748,0.3922613065326633,-0.0027135678391959797,0.016482412060301505,-0.08040201005025124,-0.1671356783919598,-0.09135678391959798,0.050854271356783914,0.36221105527638187,-0.08180904522613064,-0.028140703517587937,0.11809045226130653,0.28990678166893985,0.1486972034942612,0.07246231155778894,-0.07407035175879396,0.3683417085427136,0.4453266331658291,0.48884422110552755,0.15909547738693466,0.14698861785086653,0.22180904522613065,-0.07969849246231155,0.1393969849246231,0.18984924623115576,0.19814568211486042,0.20311557788944723,0.1330653266331658,0.22085982066822507,0.0808040201005025,0.17090881685839215,0.2511557788944723,0.11638190954773868,-0.2135229529054126,0.1677386934673367,0.1893467336683417,-0.004824120603015075,0.2500062816437815,0.460502512562814,0.45778894472361803,0.4095477386934673,0.6012060301507537,0.6285082541746282,0.6078391959798994,0.5566834170854271,0.3752355588008275,0.5515577889447236,0.4096482412060301,0.3733855977376762,0.4236180904522613,0.2992964824120603,0.4316582914572864,0.28391959798994976,0.3260301507537688,0.04120603015075377,0.16804020100502512,0.24136284838896135,-0.061407035175879386,0.19909547738693467,-0.018241664369184462,0.13055276381909547,0.08683417085427135,0.20190954773869346,0.0808040201005025,0.25035175879396987,-0.15678391959798996,0.029196713494479814,0.17698492462311557,0.2596984924623115,0.192964824120603,0.25869346733668336,0.3833764668664139,0.1058291457286432,0.21597989949748744,0.05035175879396985,0.2899643201812102,0.17975326018890583,0.1763819095477387,0.28453691176187385
0.0760320611310636,-0.032915399894809426,0.06919771855748486,0.24457900960005718,-0.20126133828810955,-0.20970376146723624,-0.011105806682065471,0.007186110206042363,0.10125882563059693,0.1211588231242527,0.39403000087816903,0.32568657514238153,0.31734465700110154,0.5949395715338149,1.0,0.2629714315260118,0.38156737618517245,0.20256790378011724,0.32468152476391404,0.15633558637061393,0.6410372380521634,0.20518103476413266,0.38779868853167077,0.0957310485490259,0.14156134580714222,0.014221462855314606,-0.05482549814540013,0.04819216564751487,0.1695017463285377,0.4471971658990978,-0.08939923116468088,0.01412095781746786,0.16337093901988617,0.19317553645911856,0.15206794311271923,-0.03834267193853373,-0.08427347423449681,0.32940526154271116,0.3491042489606734,0.3824719215257932,0.039247217279154444,0.1308608472787577,0.12648559013013028,-0.048393175723208365,0.10578155233370053,0.15703912163554115,0.18925574149454746,0.15703912163554115,0.05482549814540013,0.10734207749133122,0.11653559138330238,0.1937785818382833,0.1994522476068681,0.17271790753963356,-0.13387607417458164,0.16377295917127316,0.13924972993666707,0.01472398804454834,0.24865571134227848,0.44016181324982556,0.36970778171925645,0.25935325016352895,0.4930274631572142,0.4886677722498618,0.6989622857051974,0.7729339935604027,0.2126740037187798,0.3764416192549884,0.3109123345789098,0.29273563343161196,0.5635819997256302,0.23493052596676958,0.4183522200370816,0.24457900960005724,0.2865901154199972,0.12075680297286573,0.237543656950785,0.36996834011759383,-0.06497650696792151,0.17030578663131168,-0.010050756319413035,0.01653307872578977,-0.030402773948640768,0.188798713595113,0.15110932440258312,0.2193522451005239,-0.15874770727893583,0.045027388310970404,0.10176135081983066,0.17402447303164129,0.10186185585767742,0.20588457002905988,0.24332881049298957,0.046182064890579945,0.13663659895265165,0.030402773948640768,0.206095936944728,0.16402834313282072,0.08568054476435126,0.12558735587048897
0.2851256281407035,0.21206030150753769,0.23839195979899494,0.3828140703517588,0.07809045226130654,0.13919597989949747,0.31306532663316583,0.23306532663316584,0.20954773869346732,0.20894472361809044,0.2264321608040201,0.14924623115577887,0.1015075376884422,0.24442211055276378,0.2629714315260118,1.0,0.21758793969849244,0.2480402010050251,0.18924623115577888,0.2363819095477387,0.3242795046125271,0.2779899497487437,0.2965829145728643,0.22864321608040203,0.35035175879396985,0.041608040201005024,-0.03125628140703517,0.06703517587939697,0.19899497487437184,0.2052261306532663,-0.04221105527638191,0.08180904522613064,0.3548743718592965,0.27282092523499296,0.2399557778591069,-0.05899497487437186,-0.09195979899497488,0.20030150753768844,0.14783919597989947,0.22190954773869345,-0.041909547738693466,0.11432448055067397,0.1930653266331658,-0.12070351758793968,-0.007135678391959798,-0.0005025125628140703,0.1528179100459778,0.06402010050251256,0.1121608040201005,-0.027689137926778618,0.07195979899497486,0.3323199076402668,0.21557788944723616,0.2731658291457286,0.14186286092068245,0.24613065326633166,0.17065326633165828,0.1722613065326633,0.2144274982460333,0.2779899497487437,0.22341708542713565,0.0692462311557789,0.13949748743718593,0.25834819978506146,0.2922613065326633,0.24110552763819093,0.0458805497770397,0.17728643216080403,0.08522613065326633,0.15960601055381693,0.33035175879396983,0.18753768844221105,0.12291457286432159,0.18402010050251255,0.25587939698492457,0.20180904522613063,0.1606030150753769,0.08789165559697967,-0.17618090452261306,0.013165829145728643,0.08728862536989919,-0.19829145728643216,-0.1993969849246231,0.08613065326633165,-0.02231155778894472,-0.011959798994974872,-0.18452261306532663,-0.12387245914611485,-0.046733668341708536,-0.10311557788944722,-0.07959798994974873,0.014673366834170854,0.1462850825859393,-0.03989949748743719,-0.0750753768844221,-0.1564824120603015,-0.07919995989698221,-0.22206588112238604,0.12190954773869347,-0.1164882658890893
0.08944723618090451,-0.13135678391959799,0.0185929648241206,0.13266331658291455,-0.31999999999999995,-0.24763819095477385,0.03577889447236181,-0.018090452261306532,0.05969849246231155,-0.05346733668341708,0.3101507537688442,0.44502512562814067,0.4933668341708542,0.5830150753768845,0.38156737618517245,0.21758793969849244,1.0,0.37638190954773865,0.5485427135678391,0.20512562814070348,0.4576496898351595,0.28854271356783917,0.34412060301507535,0.15236180904522612,0.0658291457286432,-0.011758793969849246,-0.09608040201005025,0.005226130653266331,0.09316582914572863,0.29437185929648235,-0.04633165829145729,0.03587939698492462,0.021909547738693465,0.37463252857374696,0.2052815398019794,0.08180904522613064,-0.0321608040201005,0.2552763819095477,0.33125628140703517,0.38120603015075377,0.21688442211055275,0.17683861409135018,0.3039195979899497,0.027135678391959798,0.18874371859296482,0.18512562814070352,0.20126133828810955,0.15919597989949746,0.13698492462311557,0.24799618088684658,0.14281407035175878,0.1878941682544923,0.32442211055276376,0.17758793969849243,-0.22528204233348192,0.13728643216080402,0.20592964824120602,-0.01678391959798995,0.2982486998102198,0.4905527638190954,0.500502512562814,0.40623115577889446,0.4423115577889447,0.4647855475222784,0.4115577889447236,0.38814070351758795,0.4032764643600697,0.5026130653266331,0.3781909547738693,0.3537866228900728,0.4114572864321608,0.3018090452261306,0.3565829145728643,0.24844221105527634,0.4336683417085427,0.13256281407035175,0.1880402010050251,0.1829694214000017,-0.030351758793969844,0.23135678391959796,0.06608206238423572,0.1320603015075377,0.08994974874371858,0.19557788944723617,0.04130653266331658,0.208643216080402,-0.059396984924623114,0.036533581257292294,0.1593969849246231,0.25216080402010044,0.30964824120603013,0.25557788944723614,0.35825020740472735,0.1294472361809045,0.15055276381909546,0.1407035175879397,0.2329765317781786,0.15211437478105058,0.144321608040201,0.27237549660002763
0.11105527638190954,0.03396984924623115,0.14452261306532663,0.13396984924623115,-0.08231155778894472,0.0011055276381909548,0.08854271356783919,0.18924623115577888,0.20532663316582914,-0.09839195979899497,0.16834170854271355,0.13457286432160803,0.18211055276381907,0.31236180904522615,0.20256790378011724,0.2480402010050251,0.37638190954773865,1.0,0.2720603015075377,0.3409045226130653,0.22658860782548962,0.377286432160804,0.414572864321608,0.05798994974874372,0.06010050251256281,0.039597989949748745,0.019999999999999997,0.035477386934673366,0.07678391959798994,0.18492462311557786,0.023115577889447233,-0.03839195979899497,0.13698492462311557,0.5413703863614991,0.26960476402389705,0.15768844221105527,-0.04371859296482412,0.08050251256281407,0.10201005025125627,0.1051256281407035,0.13557788944723617,0.08769064552128618,0.20311557788944723,-0.020402010050251256,0.1737688442211055,-0.005527638190954773,0.17804467454551115,0.09276381909547737,0.2002010050251256,0.12447548937319534,0.11597989949748744,0.2545290083468851,0.30120603015075376,0.11618090452261307,0.008492675698050066,0.29959798994974873,0.37849246231155775,0.08261306532663316,0.07824317196369203,0.257286432160804,0.20994974874371858,0.14884422110552764,0.21487437185929648,0.3449835424089568,0.2615075376884422,0.22120603015075374,0.2415638584646548,0.2363819095477387,0.384321608040201,0.530478919208467,0.28673366834170855,0.3212060301507538,0.38,0.1335678391959799,0.1957788944723618,0.07497487437185929,0.18311557788944724,0.13271690247662854,-0.037487437185929645,0.006331658291457286,0.12326942891903438,0.08110552763819094,0.09085427135678392,0.19989949748743718,0.07175879396984924,0.19065326633165827,-0.009246231155778894,-0.0322118646298822,0.22663316582914572,0.112964824120603,0.13728643216080402,0.009045226130653266,0.1588482123167826,0.1044221105527638,0.025427135678391957,0.021407035175879396,-0.017588823581182595,0.10819367324202243,0.23547738693467335,0.10151263895425383
0.1051256281407035,0.01336683417085427,0.07487437185929648,0.144321608040201,-0.18773869346733665,-0.18271356783919596,0.03236180904522613,0.08743718592964823,0.1334673366834171,0.0012060301507537687,0.28180904522613065,0.34351758793969844,0.3144723618090452,0.5440201005025125,0.32468152476391404,0.18924623115577888,0.5485427135678391,0.2720603015075377,1.0,0.14582914572864322,0.4190557553020089,0.043919597989949745,0.17346733668341707,-0.07597989949748743,0.02824120603015075,-0.1321608040201005,-0.2008040201005025,-0.07839195979899498,0.011557788944723616,0.13195979899497487,-0.05336683417085427,0.04130653266331658,0.08522613065326633,0.27854971239225745,0.05914721477281023,0.12422110552763817,0.05587939698492462,0.37567839195979896,0.43557788944723613,0.3804020100502512,0.20241206030150752,0.17583356371288272,0.1579899497487437,0.03477386934673367,0.16804020100502512,0.15035175879396984,0.021759340693820583,0.104321608040201,0.16030150753768843,0.28086132826273263,0.016984924623115575,0.16779316068514302,0.24140703517587936,0.14462311557788943,-0.13301841759016877,0.1280402010050251,0.1777889447236181,0.1014070351758794,0.20588457002905988,0.3402010050251256,0.33768844221105526,0.26592964824120596,0.3205025125628141,0.5371491747719359,0.3671356783919598,0.27979899497487437,0.31724415196325484,0.577788944723618,0.3536683417085427,0.2903663504344944,0.2743718592964824,0.08693467336683416,0.19899497487437184,0.21346733668341708,0.20110552763819095,-0.0778894472361809,0.14763819095477385,0.04768964045828114,-0.013266331658291457,0.1642211055276382,-0.16628558511744182,0.11396984924623116,0.05758793969849246,0.05206030150753768,-0.008542713567839194,0.09567839195979898,-0.018994974874371857,-0.04105630796039588,0.17708542713567837,0.20693467336683416,0.15065326633165826,0.27145728643216077,0.31955576783372996,0.12100502512562814,0.14271356783919598,0.10673366834170854,0.1912658929999456,0.042764893603790564,0.18010050251256282,0.294085130277373
