0,1,2,3,4,5,6,7,8,9,10,11,12,13,14,15,16,17,18,19,20,21,22,23,24,25,26,27,28,29,30,31,32,33,34,35,36,37,38,39,40,41,42,43,44,45,46,47,48,49,50,51,52,53,54,55,56,57,58,59,60,61,62,63,64,65,66,67,68,69,70,71,72,73,74,75,76,77,78,79,80,81,82,83,84,85,86,87,88,89,90,91,92,93,94,95,96,97,98,99
1.0,0.19051072205531958,0.09266789260055473,-0.07779964777789287,0.189635078150157,0.12110224800580129,0.1434787112814669,0.15611726924272246,0.0009323526364860663,-0.008909147415311302,0.11820159535895577,0.038848026520252765,-0.030353258054490826,-0.12472806381435823,0.050400145053292204,0.05609800317853593,-0.10504506371076348,0.03206340163205331,-0.1712421009012742,0.1504195586864187,-0.036361752822956596,-0.05324769501709313,-0.03822645809592873,0.06495390034186263,0.1693773956283021,0.04920750025898684,0.025227278689951005,-0.03428985807520978,0.23008391173728374,-0.08349735833419661,0.03729410545944266,0.16430125349632235,0.008805552677923961,-0.04490948176896643,0.07552056355537139,0.07065161089816638,0.05086501605718429,-0.021392867324778707,-0.055319589764839944,0.014088884284678338,0.04475292655133119,-0.06459299165617204,-0.008339592346947632,-0.013674505335128975,-0.051693773956283016,-0.07469180565627266,-0.06267481611934114,0.025173521185123796,0.20874339583549156,-0.04703201077385268,0.19009634310577023,0.07800683725266755,-0.022687247487827616,0.052004558168445035,0.051486584481508335,0.09121752871412907,0.19154666942919296,-0.10400911633689007,0.027866984357194653,0.13099893817037614,-0.020149698279270985,0.009737905314410027,-0.08909147415311301,-0.10722055319589764,-0.07127317932249042,-0.008909147415311302,0.16419765875893502,-0.13311923754273283,-0.035532994923857864,-0.06645774522443361,-0.006630063192789806,-0.0005179736869367035,-0.07433114917931584,0.048585931834662796,0.06049932663420698,0.1231741427535481,0.2124728063814358,-0.1137470216513001,0.0618460582202424,0.15052315342380607,0.02931731068061742,0.057184295037812076,0.03304672122656169,0.009737905314410027,-0.06433233191753858,0.048585931834662796,0.09758624261887495,-0.04009116336890085,0.12027349010670259,-0.009427121102248005,0.04112711074277426,0.1457577955039884,-0.08494768465761939,0.07375945301978659,-0.06402154770537656,0.019372215891432714,-0.04951828447114886,0.09339307454376757,0.2234538485444939,0.01875064746710867
0.19051072205531958,1.0,0.27593172939248467,0.2967989226147311,0.25552303756206624,0.238993059152595,0.14596498497876306,0.369729617735419,0.12731793224904173,-0.0781104319900549,0.002175489485134155,-0.0030042473842328806,0.06267481611934114,-0.03087123174142753,0.019424516336058146,0.2419517754819403,0.029420905418004763,0.15057885063712276,0.028488552781518697,0.06091370558375634,0.004868952657205014,0.05822024241168549,-0.04589246866259193,0.01895783694188335,-0.03491142649953382,0.052108152905832386,-0.043564972029258305,-0.0030042473842328806,0.15839635346524394,-0.05511240029006526,0.046824821299078,0.11975551641976587,0.07552056355537139,0.024086400256712104,0.16046824821299077,0.07997513726302703,0.00010359473738734072,-0.01932091891559917,-0.09157774785040919,0.008494768465761937,-0.04413135812700714,0.014141047892650332,-0.0031597213239987917,0.03605096861079456,-0.07945716357609033,-0.04692841603646534,-0.08256500569771055,-0.005283331606754376,0.18823163783279806,-0.00725163161711385,0.15300942712110224,0.2820884699057288,0.116751269035533,0.24137573811250387,0.21558064850305603,0.10116288107819084,0.2787734383093339,0.08204703201077385,-0.13394799544183156,0.034031752620773875,-0.018906529233763264,0.1093960426810318,-0.04786076867295141,0.002589868434683518,0.0018647052729721327,-0.06485030560447529,0.15093753237335542,0.010463068476121412,0.02558790013467316,0.06562896586076179,0.04537449497565523,0.13229047964363408,-0.04314832562116383,0.007355226354501191,0.022998031699989638,0.011913394799544182,0.06143167927069304,-0.06775095825132083,0.07987154252563969,0.05272972133015642,0.06163886874546773,0.020926136952242824,-0.0463068476121413,0.1093960426810318,-0.1266963638247177,0.026623847508546565,0.03335750543872371,-0.035532994923857864,0.07158396353465243,-0.041955868641872986,-0.10390552159950273,-0.04257743706619704,-0.11975551641976587,0.026934631720708584,0.01719672640629856,-0.013363721122966953,-0.0016575157981974515,-0.016938178245042703,0.1521806692220035,0.02931731068061742
0.09266789260055473,0.27593172939248467,1.0,0.007821605244652748,0.16596736596736594,0.4498717983431067,0.2640180260397023,0.3843982286130334,0.3359146358382322,0.07816425373629798,0.1066535443625166,0.16176737204669225,0.17533863412681822,0.036621688132248295,-0.012224812224812222,0.014607614607614604,0.06283183550836942,0.13716653716653715,0.02450078993854801,0.35321540505488136,0.05516562639440514,0.03341016809802001,0.04470228692804848,0.2061070680031343,0.04677423533722802,0.2722022222559615,-0.06837961053518055,-0.0843800989638366,0.17388827024039252,-0.11670249414703736,-0.029887855802414806,0.08748802157760589,-0.13234570463634282,-0.04216524216524216,0.09132112613458804,0.31260521623496246,-0.03910802622326374,0.031598031598031595,-0.013519463369896472,0.08189376087282114,0.08168656603190319,0.2523698523698523,0.047552447552447544,0.1664292559673462,-0.005024474892260374,-0.07650669500895436,-0.056615990280830815,-0.07153401882692347,0.24889280265269176,0.1758566212291131,-0.02356841315441722,0.43889047177445517,0.1102794540785808,-0.0019165522784910705,0.41692781863715206,0.3658119658119658,0.23273160506109136,0.31467716464414197,0.06977286267912086,0.11416731416731414,0.18896658896658894,0.17482064702452332,0.13276009431817876,0.055787210917159,0.03776125975729704,-0.048535391485030624,0.2772784958584513,-0.016938178245042703,-0.04791380696227676,-0.022066822066822065,0.2330423973224683,0.06417860197433611,0.0023828023828023825,0.18590557101363386,0.17968972578609524,0.2239258243220783,0.18580197359317485,-0.1307917433294582,-0.03786485717775601,0.09453264616881632,0.154101162932728,0.07381316207702096,-0.03195980421159434,0.15337598098951516,-0.05205770378063583,0.04138716947336123,0.027194322870481406,0.023775607995335173,0.3335318951676758,0.18424801228629023,-0.029784258381955826,0.023050426052122333,0.0668721349062695,0.12478309294283754,0.25738779113032784,0.14332703120499438,0.0383828442800509,0.05407925407925407,0.2767605087561565,0.2258941753107989
-0.07779964777789287,0.2967989226147311,0.007821605244652748,1.0,0.2731345990400923,0.0697192582616803,0.012742152698642907,0.13249766911840877,0.08774474256707758,-0.03439345281259712,-0.04029835284367554,-0.011084636900445456,0.1521806692220035,0.14648295866569977,0.09505063327111121,0.08147937119098525,0.002071894747746814,-0.059102328371846265,0.07137677405987776,-0.046824821299078,-0.07697088987879415,0.13674505335128975,-0.0519009634310577,-0.14700093235263648,-0.048585931834662796,0.002382678959908836,0.031339843136386776,0.008183984253599917,0.009841500051797368,0.10297316896301667,0.1323940743810214,0.11229669532787734,0.24210090127421527,-0.03247779131388922,0.09230291101212058,0.002071894747746814,0.07116958458510307,0.18797751942281338,0.07541696881798404,-0.011809800062156843,0.07065161089816638,0.1772033876950798,0.12882339234073764,0.2218999274836838,0.11219310059049,0.19734797472288407,0.08815912151662694,0.032632342277012324,0.10038330052833316,0.173003211436859,0.04050554231845022,0.02724541593287061,-0.03221796332746296,0.3008391173728374,0.048378742359888115,0.025329569302219825,0.03366828965088573,0.036879726509893296,-0.08152905832383714,0.010722333017504098,0.021703659586155638,0.10960323215580647,0.09054180047653579,0.16875582720397803,0.06194965295762975,0.08992023205221174,0.06557546876618667,0.026002279084222518,0.0030042473842328806,0.034860531984445685,-0.04060913705583756,0.17911530094271208,-0.03776125975729704,-0.03304672122656169,-0.09427121102248005,-0.02020097379053144,-0.05998135294727027,0.02320522117476432,0.18388065886252977,-0.045270900238267894,-0.12462446907697088,0.06485030560447529,0.09499637418419143,0.06174246348285506,-0.01709313166891122,0.060810110846368996,0.04496011602610587,0.12151662695535066,-0.002797057909458199,0.04423495286439449,0.08546565834455609,-0.0005179736869367035,0.02755620014503263,0.17984046410442348,0.0969646741945509,0.19983424842018022,0.1640940640215477,0.05589080833761798,0.10121205842743188,0.1376774059877758
0.189635078150157,0.25552303756206624,0.16596736596736594,0.2731345990400923,1.0,0.30918650135981623,-0.008235994926488655,0.1919142214002545,0.1191888322380528,-0.0151770220972401,0.03341016809802001,0.13327808142047362,0.13162052269313,0.154101162932728,0.13768453768453764,-0.11903651903651903,0.02936986870011992,0.04858844858844858,-0.029162673859201963,0.17937893352471831,0.03050944032516866,0.18031131030884912,0.10447799853287809,0.13711118597745578,0.14260184926178154,0.12467949552237857,0.14670534623911463,-0.005335267153637305,0.2615316879486869,0.1393903292275533,-0.0004661883920653956,0.05671958770128979,0.1352464324091942,0.07780367780367779,0.24474890583433268,0.19968402793467777,0.13058454848854023,0.030354830354830352,0.03309937583664309,0.011343917540257958,0.21698479715132687,0.14141414141414138,0.19497539497539496,0.1572090855464973,0.1021988552827806,0.10199166044186264,0.18269405097940555,0.16953717858111553,0.2859806791770054,0.10396001143058321,-0.07329517497472607,0.04894978116686653,-0.16715443791055903,0.2557302324029842,0.2660899744488818,0.11074851074851073,0.09971251719176516,0.02957706354103787,-0.03309937583664309,0.13830613830613828,0.1389277389277389,0.11059024633995772,0.010515138176586144,0.14467379767096109,0.044080702405294624,0.0629354329288284,0.07774986405446209,-0.0625210432469925,0.04221594883703304,-0.03864283864283864,0.0668721349062695,0.26671155897163573,0.0016576016576016572,-0.05008935279191528,0.034756934563986715,0.20983657513965748,0.19108544203658268,0.08800600867990077,0.09764056878258562,-0.11949962449942973,0.11059024633995772,0.10468519337379605,0.14229105700040462,0.2115977312874601,0.011136722699340006,0.15420476035318695,0.17388827024039252,0.14177306989810973,0.20621066542359331,0.1480925125461073,0.009789956233373306,-0.028955479018284012,-0.1378363679206686,0.22237186301519368,0.11680609156749633,0.1821760638771107,0.17730698511553877,0.14037814037814036,0.2480640232890199,0.14301623894361745
0.12110224800580129,0.238993059152595,0.4498717983431067,0.0697192582616803,0.30918650135981623,1.0,0.20895058531026622,0.42753548119755513,0.5019165026416658,0.09157774785040919,0.08795193204185227,0.09499637418419143,0.22034600642287372,0.18129079042784627,0.23117764375420669,-0.0025381368012449314,0.022169273800890912,0.0985729455667164,0.11012120584274318,0.3600953071583963,0.2282192064643116,-0.11954832694499118,0.07966435305086501,0.010670257950896093,0.1432715218066922,-0.002175489485134155,-0.10634826108925959,-0.09768983735626229,0.37760281777685695,-0.002486273697296177,0.03915881073241479,0.12203460064228736,-0.08670879519320418,-0.11722048124933224,-0.016885942194136538,0.31451362270796646,-0.07241272143375116,0.05278288572384868,0.06816533720087019,0.05780586346213612,0.1205842743188646,0.11318018185143214,0.015280619517699075,0.14834766393867188,-0.023723194861701023,-0.0910597741634725,-0.15093753237335542,-0.05355847922925515,0.4064021547705376,0.15725681135398323,0.10556303739770019,0.40080803895162126,0.02455195276079975,0.10318035843779136,0.723609240650575,0.6605889515566655,0.2537035118615974,0.3592665492592976,0.06661141614006008,0.19667970274136742,0.1467457460801406,0.2397182223143064,0.11084636900445456,0.22573293276701542,0.18253392727649434,0.17714700093235264,0.27442245933906556,0.04754998446078939,-0.07179115300942711,-0.024086400256712104,0.3288096964674194,-0.002797057909458199,0.05609800317853593,0.1378845954625505,0.08909147415311301,0.1478296902517352,0.33471459649849783,-0.0035222210711695844,-0.005697710556303739,0.1277323111985911,-0.04817155288511343,-0.01284574743603025,-0.09727545840671294,-0.0035222210711695844,-0.18180876411478297,-0.052936910804931105,-0.022376463275665594,0.017714700093235263,0.2918263752201388,0.06764736351393348,0.0013467315860354293,0.04900031078421215,0.011188231637832797,0.12617839013778098,0.14151041127110742,0.13063296384543666,0.0039366000207189476,0.05102172957604607,0.4395524707344866,0.1501087744742567
0.1434787112814669,0.14596498497876306,0.2640180260397023,0.012742152698642907,-0.008235994926488655,0.20895058531026622,1.0,0.4325080285921475,0.15632445871749712,0.3617528229565938,0.05231534238060706,0.10224800580130529,0.07241272143375116,-0.14565420076660104,-0.06987646009957983,0.30949729362119316,-0.014088884284678338,-0.06511097875846691,-0.019579405366207395,0.18688490624676266,0.00901274215269864,-0.08888428467833834,-0.12731793224904173,0.15528851134362373,0.07220553195897647,-0.055215995027452607,-0.24331114580431182,-0.14202838495804412,0.07593494250492074,-0.14938361131254532,-0.1516626955350668,0.2252149590800787,-0.10804931109499637,-0.23677190445899146,-0.14264995338236816,0.0625712213819538,-0.14492903760488968,0.22112869396968596,0.29586656997824506,0.4295037812079146,0.017818294830622604,0.004092098108129583,-0.05392245734889742,-0.04205946337926033,-0.15528851134362373,-0.07365585828239925,-0.1679270693048793,-0.16419765875893502,0.019993784315756758,0.17818294830622602,0.1256604164508443,0.3042577437066197,0.4571635760903346,0.018232673780171967,0.2483165855174557,0.25790577823262273,0.3266342069822853,0.16927380089091473,0.328084533305708,0.13224210721588386,0.1395975240684712,0.07085880037294105,-0.03335750543872371,-0.13353361649228218,-0.10960323215580647,-0.10566663213508752,0.6005386926344142,-0.006733657930177146,-0.10556303739770019,-0.09246069775963678,0.045788873925204594,0.013570910597741634,-0.10748232372618842,0.6349321454470113,0.2475914223557443,-0.00010359473738734072,-0.035947373873407226,-0.07956075831347767,-0.12110224800580129,0.37366621775613795,0.00901274215269864,-0.1183051900963431,-0.2112296695327877,-0.04516730550088056,-0.18988915363099554,-0.016885942194136538,-0.1707241272143375,-0.11550813218688488,0.16026105873821608,0.1366414586139024,0.10141924790220656,0.369108049311095,0.41209986532684134,-0.05076142131979695,0.21112607479540038,-0.029938879104941467,0.03397907386304775,-0.08748802157760589,0.04278462654097171,0.1834662799129804
0.15611726924272246,0.369729617735419,0.3843982286130334,0.13249766911840877,0.1919142214002545,0.42753548119755513,0.4325080285921475,1.0,0.4501191339479954,0.18356987465036773,0.05998135294727027,0.13912773231119857,0.2862322594012224,0.13674505335128975,0.18331563550215943,0.23760068382266325,0.09779343209364963,0.19574732595723665,0.1546669429192997,0.25857246451880245,0.24313684864808863,-0.11208950585310266,0.05625194240132601,0.005076142131979695,0.10079767947788251,-0.03967678441935149,-0.17369007278728074,-0.1320832901688594,0.21785973272557752,-0.012638557961255566,0.09592872682067749,0.27825546462239714,-0.04568527918781726,-0.15057885063712276,-0.052108152905832386,0.15725681135398323,-0.22283228012016987,0.17958612836563626,0.10090127421526986,0.16906661141614004,-0.025277115922511133,0.09038874935045725,-0.02087488022248382,0.08121827411167512,-0.08712317414275354,-0.08670879519320418,-0.23588521703097481,-0.11695845851030766,0.16709831140578058,0.12099865326841396,0.16171138506163887,0.47539624987050655,0.27338651196519215,0.06464311612970061,0.42359888117683614,0.457434410036612,0.48989951310473423,0.4342691391277323,0.1600538692634414,0.21657040746949097,0.1882883116841903,0.33108878068994096,0.11540453744949755,0.12607479540039365,0.12597120066300632,0.12783590593597843,0.4567491971407852,0.14099243758417074,0.03491142649953382,0.11431975347648089,0.29027245415932873,0.07821402672744224,0.05713397738312569,0.28954729099761733,0.19558686418729926,0.09458199523464207,0.18636693255982595,-0.003315031596394903,0.03698332124728063,0.25722573293276696,-0.0009323526364860663,-0.04806795814772609,-0.18056562726613487,0.028592147518906038,-0.23837149072827096,-0.055837563451776644,-0.12016989536931523,-0.06371076349321454,0.1946545115508132,0.0686833108878069,0.10411271107427743,0.22241790117062052,0.140474463897234,0.06339997928105252,0.18564176939811455,0.07469180565627266,0.010359473738734071,-0.0223252441089095,0.2124728063814358,0.09085258468869781
0.0009323526364860663,0.12731793224904173,0.3359146358382322,0.08774474256707758,0.1191888322380528,0.5019165026416658,0.15632445871749712,0.4501191339479954,1.0,0.16761628509271728,0.0997617321040091,0.1859525536102766,0.4729099761732104,0.44918678131150935,0.47649633540106373,0.032892180995725134,0.19268621154045373,0.10209525786232163,0.3282917227804827,0.2589868434683518,0.3858903967678442,-0.14793328498912253,0.2014917642183777,-0.07966435305086501,0.11737283745985704,-0.07842121620221693,-0.06128104864519926,-0.08588003729410545,0.28146690148140474,0.1628509271728996,0.2511136434269139,0.15021236921164405,0.002382678959908836,-0.06314262776974636,-0.06764736351393348,0.3060188542422045,-0.1612970061120895,0.18290124582032352,0.10297316896301667,0.07645291619185746,0.12742152698642908,0.16819041211514882,0.08707363189577,0.24966331710349113,0.0920957215373459,0.000725163161711385,-0.15321661659587693,0.02579508960944784,0.22303946959494456,0.2678959908836631,0.11115715321661658,0.33720087019579403,0.02351600538692634,-0.1471045270900238,0.4233916917020615,0.6348967912828393,0.18160157464000828,0.7098311405780586,0.1867813115093753,0.3228613608604012,0.29126414762041325,0.47135605511240025,0.36672537035118613,0.45074070237231945,0.43592665492592975,0.4471148865637625,0.23257018543457994,0.2694499119444732,-0.03822645809592873,0.04573826113263825,0.44587174971511445,-0.05376566870402983,0.16528968434229746,0.10804931109499637,0.16222935874857555,0.14264995338236816,0.3055008805552678,0.1004868952657205,0.07883559515176629,0.1343623743913809,-0.1345695638661556,0.033564694913498394,-0.11716564798508235,-0.055526779239614625,-0.20169895369315238,-0.12068786905625194,-0.11871956904589245,-0.00010359473738734072,0.1577747850409199,0.15073034289858073,0.1378845954625505,0.14969439552470734,0.13570910597741634,0.14420387444317825,0.2502848855278152,0.25764011188231634,0.06112089505853102,0.03320297325710206,0.28353879622915157,0.16813425877965396
-0.008909147415311302,-0.0781104319900549,0.07816425373629798,-0.03439345281259712,-0.0151770220972401,0.09157774785040919,0.3617528229565938,0.18356987465036773,0.16761628509271728,1.0,0.12037708484408992,0.38102144411063915,0.17631824303325389,0.14368590075624157,0.10675714178297559,0.11235140248776032,0.09188853206257121,-0.2887778095293978,0.1750751061846058,-0.09644670050761421,0.10400911633689007,-0.09914016367968506,0.04993266342069822,0.19165026416658032,0.3358541386097586,-0.025277115922511133,-0.019011111456287512,0.05759867398736143,-0.10960323215580647,0.22966953278773436,0.065368279291412,0.37263027038226454,0.09945094789184708,-0.20962938029873954,-0.13550191650264165,-0.07883559515176629,-0.30063192789806276,0.4715236592190329,0.5402465554749818,0.5541282502848854,0.15591007976794777,0.19357178012759813,0.2137732771170986,0.10556303739770019,0.09344245312338133,0.24924893815394175,0.019268621154045373,-0.002279084222521496,-0.14648295866569977,0.19651921682378534,-0.11954832694499118,0.07873200041437894,0.2038744431782865,-0.21765254325080285,0.1238993059152595,0.1914998317184186,-0.03895162125764011,0.19838392209675748,0.7311716564798507,0.4386832769335372,0.479707855435292,0.09789702683103697,0.17538589039676783,0.1406816533720087,0.08815912151662694,0.08795193204185227,0.25173521185123793,0.1238993059152595,-0.22604371697917744,-0.2583201679144586,0.055837563451776644,-0.029213715943230082,0.03579290876857648,0.49041748679167096,0.425049207500259,0.20138816948099036,-0.10732414793328499,0.20439241686522325,-0.0346006422873718,0.3495286439448876,-0.054076452916191856,-0.17497151144721845,-0.16906661141614004,-0.09271728996166995,-0.09074898995131046,-0.0725163161711385,-0.32725577540660933,-0.004558168445042992,-0.07893918988915363,0.22335025380710657,0.1386097586242619,0.4667978866673573,0.5752615767119029,0.0651610898166373,0.34465969128768253,0.09675748471977623,0.23215580648503056,-0.07567791564528255,-0.08743395835491556,0.07127317932249042
0.11820159535895577,0.002175489485134155,0.1066535443625166,-0.04029835284367554,0.03341016809802001,0.08795193204185227,0.05231534238060706,0.05998135294727027,0.0997617321040091,0.12037708484408992,1.0,0.41614006008494764,0.29244794364446286,0.12970061120895057,0.1535831758304331,-0.09940172493038822,0.18833523257018542,-0.15503353971685876,0.1712421009012742,0.028799336993680716,0.1198591111571532,0.01284574743603025,0.028074173831969335,0.20169895369315238,0.31917538589039673,0.25784730135709105,0.1572172296180725,0.19071791153009426,0.14306433233191754,0.19372215891432715,0.10773852688283433,0.06443592665492592,0.10017611105355848,-0.05993110773551807,0.03801926862115404,-0.022376463275665594,-0.08111467937428778,0.05713397738312569,0.08826271625401429,0.1060810110846369,0.036672537035118614,0.21491284874214736,0.11390536379464498,0.1761110535584792,0.08484408992023205,0.0719983424842018,-0.07220553195897647,0.06474671086708796,0.044856521288718525,-0.015332021133326428,-0.12980420594633793,-0.017921889568009945,-0.1691702061535274,-0.16492282192064642,0.030974826478814874,0.09722617910074971,-0.08546565834455609,0.07375945301978659,0.14824406920128455,0.2984123696320827,0.26360363635786643,0.2185848958872889,0.16492282192064642,0.08111467937428778,0.09737905314410027,0.15083393763596809,0.004454573707655651,0.04050554231845022,-0.1722780482751476,-0.17875734900196447,0.13674505335128975,0.006319278980627783,-0.024397192518089035,0.0440277633896198,0.13177250595669737,0.2704858593183466,0.26157671190303533,0.08846990572878898,0.02641665803377188,0.07220553195897647,-0.03843364757070341,0.00725163161711385,0.022480058013052934,0.03211436859007562,0.04444214233916917,-0.016678752719361856,0.0379156738837667,0.033253910701336375,-0.030974826478814874,0.027452605407645287,-0.004040194758106288,0.005490521081529058,-0.0068372526675644875,0.11996270589454054,0.15767119030353258,0.21558064850305603,0.05904900031078421,0.11255859732867828,0.09188853206257121,0.027452605407645287
0.038848026520252765,-0.0030042473842328806,0.16176737204669225,-0.011084636900445456,0.13327808142047362,0.09499637418419143,0.10224800580130529,0.13912773231119857,0.1859525536102766,0.38102144411063915,0.41614006008494764,1.0,0.3452812597120066,0.25484305397285817,0.2020667686052342,-0.03941881848464067,0.3240443385476018,-0.1388723421252584,0.26572050139852893,-0.07396664249456127,0.13933492178597326,0.06733657930177146,0.12731793224904173,0.3127525121723816,0.5392106081011084,0.23215580648503056,0.2280815360818363,0.1376774059877758,-0.035532994923857864,0.3884802652025277,0.10193722158914326,0.1705169377395628,0.11157153216616594,-0.030095050643332757,0.11343623743913808,0.00145032632342277,-0.25536102765979485,0.2025847557075291,0.24655547498187091,0.25505024344763283,0.11312545322697606,0.2560410246643611,0.1902566626729109,0.1951724852377499,0.1646120377084844,0.1867813115093753,0.12089505853102663,0.17062053247695017,-0.030353258054490826,0.03501502123692116,-0.25681135398321764,-0.03242515280223764,-0.09333885838599398,-0.23806070651610894,0.06661141614006008,0.13856154986388144,-0.1277323111985911,0.17217445353776026,0.4202838495804413,0.5544015955862143,0.6527155476017832,0.2964881384025691,0.28944369626023,0.2557754066093442,0.187299285196312,0.1939293483891018,0.0351186159743085,0.18263752201388167,-0.08256500569771055,-0.17647820575186696,0.10338754791256603,0.12628198487516834,0.11338737669235009,0.1378845954625505,0.38371490728270996,0.5464622397182223,0.10556303739770019,0.29731689630166785,-0.021236921164404846,0.06101730032114368,0.06847612141303222,-0.015332021133326428,-0.007355226354501191,0.051797368693670354,0.07241272143375116,0.0034186263337822437,-0.1672019061431679,0.0618460582202424,-0.06909768983735626,0.15963949031389205,0.0519009634310577,0.17331399564902103,0.1406816533720087,0.16575157981974514,0.25691494872060494,0.17828654304361338,0.1960012431368486,0.09805495846442153,0.01564280534548845,-0.01875064746710867
-0.030353258054490826,0.06267481611934114,0.17533863412681822,0.1521806692220035,0.13162052269313,0.22034600642287372,0.07241272143375116,0.2862322594012224,0.4729099761732104,0.17631824303325389,0.29244794364446286,0.3452812597120066,1.0,0.5979488241997306,0.4672761649802148,-0.016938178245042703,0.3476639386719155,-0.01994250343835303,0.47166683932456227,0.06567906350357401,0.34383093338858384,-0.04164508442971097,0.26924272246969855,0.011913394799544182,0.2079146379363928,0.05873821609862218,0.09319070711133852,0.09893297420491039,0.17849373251838804,0.34849269657101417,0.22687247487827616,0.15995027452605406,0.09934735315445975,-0.05122892441696402,0.02040816326530612,0.039987568631513516,-0.15611726924272246,0.2362539173566966,0.20325287475396248,0.07313788459546254,0.04661763182430332,0.2061070680031343,0.14135868021627382,0.2790842225214959,0.15694602714182118,0.12068786905625194,-0.09043820573914844,0.06288200559411582,0.03677613177250595,0.14130322179633276,-0.017921889568009945,0.12980420594633793,-0.09520356365896612,-0.2351600538692634,0.16171138506163887,0.30421382517778534,-0.02475914223557443,0.429918160157464,0.1913394799544183,0.33187433644033215,0.41620263669393925,0.7421526986429089,0.612659276908733,0.4954936289236506,0.4067129389826996,0.46451880244483584,0.09934735315445975,0.35377602817776854,-0.04029835284367554,-0.016316593722288844,0.35823060188542416,0.07676370040401947,0.1932609878662212,0.05314410027970579,0.1249352532891329,0.18180876411478297,0.2880969646741945,0.22500776960530405,0.03677613177250595,0.12731793224904173,-0.13498394281570494,-0.013881694809903656,-0.052108152905832386,0.011395421112607478,-0.057702268724748776,-0.07344866880762457,-0.12348492696571012,0.06826893193825753,-0.058945405573396864,0.13726302703822646,0.15508132186884904,0.11053558479229254,0.1471045270900238,0.10898166373148244,0.22625090645395213,0.3005283331606754,0.1562208639801098,0.10344202432828832,0.042163058116647674,0.08339376359680928
-0.12472806381435823,-0.03087123174142753,0.036621688132248295,0.14648295866569977,0.154101162932728,0.18129079042784627,-0.14565420076660104,0.13674505335128975,0.44918678131150935,0.14368590075624157,0.12970061120895057,0.25484305397285817,0.5979488241997306,1.0,0.5520188549156578,-0.15855585201246397,0.29224075416968814,-0.03423894746169183,0.5482233502538071,-0.011913394799544182,0.38951621257640107,-0.02496633171034911,0.33108878068994096,-0.10670257950896093,0.17279602196208432,-0.0039366000207189476,0.1402263725127256,0.07189474774681445,0.15104112711074277,0.46627991298042054,0.2675852066715011,0.14264995338236816,0.06505749507924997,0.012794281426683634,-0.006008494768465761,0.032839531751787006,-0.09054180047653579,0.25003237427774044,0.19341137470216513,-0.007769605304050554,0.11488656376256086,0.20683224994634716,0.2071430422077241,0.2928623225940122,0.23453848544493935,0.19434372733865118,0.010359473738734071,0.140474463897234,0.02486273697296177,0.2025277115922511,-0.07976794778825234,0.007666010566663214,-0.16305811664767428,-0.20853620636071687,0.11706205324769502,0.2272409417767656,-0.1330156428053455,0.4111675126903553,0.14855485341344657,0.31395198270092917,0.3767320194990691,0.5112400290065264,0.5723609240650575,0.6862115404537449,0.519320418522739,0.588936082047032,-0.09385683207293068,0.38475085465658343,-0.011395421112607478,-0.007200020721898886,0.32104009116336885,0.06650782140267275,0.2580093756530817,-0.07479540039366,0.07034082668600435,0.1887496115197348,0.23806070651610894,0.32352636486066505,0.07127317932249042,0.028177768569356675,-0.1875064746710867,-0.002797057909458199,-0.021340515901792187,0.01129182637522014,-0.0031078421216202213,-0.10338754791256603,-0.08463690044545737,0.1093960426810318,-0.09178493732518386,0.1205842743188646,0.17797575883145136,0.09903656894229772,0.11695845851030766,0.16088262716254015,0.1780793535688387,0.341448254428675,0.16979177457785144,0.11266219474913726,0.013467315860354292,0.07997513726302703
0.050400145053292204,0.019424516336058146,-0.012224812224812222,0.09505063327111121,0.13768453768453764,0.23117764375420669,-0.06987646009957983,0.18331563550215943,0.47649633540106373,0.10675714178297559,0.1535831758304331,0.2020667686052342,0.4672761649802148,0.5520188549156578,1.0,-0.09230769230769229,0.2026883531279881,-0.012535612535612533,0.3540441844185532,0.011965502063011817,0.4553624616274325,-0.16259615141036407,0.22910569534502717,-0.17388827024039252,0.20693584736680615,-0.18455880454766715,0.02424368009883674,0.04749941728044085,0.27385978098330516,0.4131983115006289,0.22361503206070138,0.10976146697628592,0.12923778202257355,-0.004662004662004662,-0.07754266921354412,0.07215560334967734,-0.14280904410269948,0.10991970991970991,0.05495843155348719,-0.03931522106418169,0.07391675949747994,0.05014245014245013,0.04403004403004403,0.20776462673047794,0.11152262312408852,0.0803397995659365,-0.14425940798912518,0.04459868950758951,0.08914558030494953,0.10872549277169614,0.07225920077013631,0.03506772682536364,-0.16010981331934862,-0.13276009431817876,0.1286161974998197,0.30448070448070447,-0.010515138176586144,0.37579964271493826,0.14653855123922266,0.3444703444703444,0.23931623931623927,0.44748905767255026,0.32897360866748077,0.5340965011762548,0.5276734611077982,0.7794151928231119,-0.031441817109299455,0.2958224341206082,-0.025433166722678802,0.004662004662004662,0.3508326643843249,-0.07774986405446209,0.20036260036260034,-0.06138147162194374,0.09411825648698041,0.09722617910074971,0.28287275656323607,0.21366967969663964,0.0038849032672116294,0.048535391485030624,-0.2249617985266681,-0.02387920541579415,-0.07433114917931584,-0.12592266456788628,-0.18538758391133897,-0.1967833001618264,-0.07857864341813389,0.019113724074681218,-0.10043769913497799,0.01548781435861703,0.10033410171451902,0.055476418655782074,0.01414104789265033,0.06770091426994133,0.07339877239518505,0.23708269672036836,0.025536764143137776,-0.011603211603211603,0.1106938437604167,-0.01610939888137089
0.05609800317853593,0.2419517754819403,0.014607614607614604,0.08147937119098525,-0.11903651903651903,-0.0025381368012449314,0.30949729362119316,0.23760068382266325,0.032892180995725134,0.11235140248776032,-0.09940172493038822,-0.03941881848464067,-0.016938178245042703,-0.15855585201246397,-0.09230769230769229,1.0,0.1690191914788206,0.257031857031857,0.0665613426448926,-0.07205200592921836,0.11297298701051418,0.10727512888527047,0.025951153824973688,0.028023102234153222,-0.01901012665422224,-0.15731268296695625,-0.222751761591876,-0.18745953232051848,-0.10416720627150117,-0.08562326800934432,-0.019838906017894054,0.0526792883033897,0.0995053223508472,0.0636104636104636,0.045220274030343365,-0.13462484788644033,-0.3084613194166034,0.0667184667184667,0.06169226388332068,0.2349071508907299,-0.20558908090083944,-0.21134421134421133,-0.10422170422170421,-0.28111160041543354,-0.2754137422901898,-0.1410478879548969,-0.12758022329522992,-0.0668721349062695,-0.15917743653521782,-0.18072569999068502,0.22288985011748855,0.24692445166397115,0.42449043033065736,0.09701898425983177,0.07930382536134674,0.06236726236726236,0.3291808035083988,0.09867654298717539,0.07857864341813389,0.011396011396011393,0.004454804454804454,0.08116857892960831,-0.049156976007784486,-0.14560617445509186,-0.06614695296305667,-0.15876304685338194,0.22641216241309375,0.1740954650813105,0.24164098322056335,0.28106708106708106,0.09380746422560347,0.13369247110230953,0.12400932400932399,0.2421589703228582,0.2413301909591864,-0.11525213026061167,-0.08386211186154172,0.0196317111769761,0.03061303774562764,0.19989122277559573,0.09681178941891382,-0.07381316207702096,-0.15482634487594082,0.0028489290626218613,-0.20828261383277286,0.041490766893820204,-0.2822511720404823,-0.2814223926768104,-0.095983010055242,-0.06707932974718747,-0.016316593722288844,0.1856983761727159,0.14747092802335346,-0.10696433662389354,0.008443189767406607,-0.3241045299059089,-0.0678045116904003,-0.11178451178451176,-0.16207816430806918,-0.18745953232051848
-0.10504506371076348,0.029420905418004763,0.06283183550836942,0.002071894747746814,0.02936986870011992,0.022169273800890912,-0.014088884284678338,0.09779343209364963,0.19268621154045373,0.09188853206257121,0.18833523257018542,0.3240443385476018,0.3476639386719155,0.29224075416968814,0.2026883531279881,0.1690191914788206,1.0,0.20548548348038045,0.42598156013674504,0.03967678441935149,0.4021547705376567,0.22448979591836735,0.38951621257640107,0.2720397803791567,0.1473117165647985,0.0837045478089713,0.06200626815579333,-0.03750129493421734,0.0814254635864498,0.1956904589246866,0.026623847508546565,-0.011913394799544182,0.05366207396664249,0.2818367823586464,0.2167201906143168,-0.04444214233916917,-0.17383196933595774,0.07288078529289017,0.09292447943644462,0.10804931109499637,-0.03491142649953382,-0.008857579449242516,0.10271684238507547,-0.06101730032114368,-0.017818294830622604,-0.03625815808556925,0.02258365275044028,0.12431368486480886,-0.08660520045581684,-0.1366414586139024,-0.056977105563037395,-0.004143789495493628,0.010566663213508753,-0.19424013260126385,0.009323526364860665,0.05703037996266672,0.009116336890085983,0.21765254325080285,0.12265616906661142,0.24972158201636352,0.32068581503076266,0.3763596809282088,0.23857868020304568,0.22915155910079768,0.33036361752822957,0.16026105873821608,-0.02154770537656687,0.5364135501916503,0.31057702268724746,0.22247546043565264,0.36786491246244685,0.29773127525121723,0.3385045713497067,0.03273593701439967,0.3974930073552263,0.17341759038640836,0.2142339169170206,0.154459753444525,-0.0580130529369108,0.0200973790531441,0.18999274836838287,0.107634932145447,0.04641044234952864,0.22842639593908629,-0.015953589557650468,0.12016989536931523,-0.12483165855174556,-0.08204703201077385,-0.05904900031078421,0.09551434787112814,0.08204703201077385,0.07272350564591319,0.07407023723194861,0.09188853206257121,0.1936185641769398,-0.009945094789184709,0.11840878483373043,0.10893268761261408,-0.12120584274318864,-0.09137055837563451
0.03206340163205331,0.15057885063712276,0.13716653716653715,-0.059102328371846265,0.04858844858844858,0.0985729455667164,-0.06511097875846691,0.19574732595723665,0.10209525786232163,-0.2887778095293978,-0.15503353971685876,-0.1388723421252584,-0.01994250343835303,-0.03423894746169183,-0.012535612535612533,0.257031857031857,0.20548548348038045,1.0,0.022843231211204382,0.1597990210579717,0.20476030153716762,0.154101162932728,0.16601486628551032,-0.014969827256322147,-0.13907953696617634,-0.04004040300739453,-0.1208039786121523,-0.2294164876064041,0.05350806766706151,-0.15731268296695625,-0.08458729380475455,-0.1820724664566517,-0.0852088783275084,0.3813519813519813,0.23097044891328875,0.1633213333535769,-0.005646059415014235,-0.2954674954674954,-0.3221361789171883,-0.1968868975822854,-0.15099324031895867,-0.2086506086506086,-0.19228179228179226,-0.23407837152705804,-0.2648468054033742,-0.31809587951928825,-0.10675714178297559,-0.02160006216569666,0.09919453008947027,-0.1878739220023544,0.1552407345577767,0.2574913885507868,0.12809821039752478,0.09308228228239064,0.1400119137503071,0.10629370629370628,0.3489679108160633,0.16269974883082303,-0.25635181692573805,-0.11965811965811964,-0.14700854700854699,0.11836005287438099,-0.05019295021237425,-0.056926782542207746,0.047706612121358814,-0.0530936779852256,0.03227059647297127,0.18196886903619272,0.5613426227569657,0.6159026159026159,0.265571987346587,0.2111833416056242,0.17000777000776998,-0.10686073920343456,0.03817564943913295,-0.04397710498483565,0.18093289483160294,-0.104892388214714,-0.04045479268923044,-0.09919453008947027,0.2762425216538616,0.1780321670587516,-0.011033125278881029,0.21657040746949097,-0.0441842998257536,0.11722048124933224,0.12063919612447846,-0.12871979492027866,0.1700551656834104,-0.12105358580631437,-0.07526352596344663,-0.1714019321493771,-0.26308564925557154,-0.021703659586155638,-0.13503923756827624,-0.2186423558786705,-0.20817901641231384,0.027143227143227137,0.0629354329288284,-0.13265649689771977
-0.1712421009012742,0.028488552781518697,0.02450078993854801,0.07137677405987776,-0.029162673859201963,0.11012120584274318,-0.019579405366207395,0.1546669429192997,0.3282917227804827,0.1750751061846058,0.1712421009012742,0.26572050139852893,0.47166683932456227,0.5482233502538071,0.3540441844185532,0.0665613426448926,0.42598156013674504,0.022843231211204382,1.0,-0.07603853724230808,0.523257018543458,-0.07106598984771573,0.24210090127421527,-0.051486584481508335,0.11778721640940638,-0.0875375530923029,0.06345670717698149,0.065368279291412,0.035947373873407226,0.3120273490106702,0.16367968507199832,0.1183051900963431,0.00010359473738734072,0.02253243894982745,-0.07821402672744224,-0.11913394799544183,-0.22573293276701542,0.22029991460601414,0.2175489485134155,0.06609344245312337,-0.016367968507199834,0.08241174797511604,0.07402035691793891,0.1651300113954211,0.14057805863462133,0.14700093235263648,-0.08132186884906246,0.05790945819952346,-0.084222521495908,0.07956075831347767,-0.07054801616077903,0.027038226458095928,0.03428985807520978,-0.22417901170620533,0.09002382678959908,0.17160912699029507,-0.05935978452294623,0.3567802755620014,0.1631617113850616,0.2940612779728056,0.3301131802925295,0.4440070444421423,0.42204496011602605,0.47871128146690145,0.49621879208536207,0.3615456334818191,-0.059566973997720915,0.5688387029938878,0.04382057391484512,0.06044909483781296,0.38330052833316064,0.04568527918781726,0.27126984547183075,0.022687247487827616,0.18439863254946648,0.06764736351393348,0.1467937428778618,0.304361338444007,0.01584999482026313,0.11157153216616594,-0.1612970061120895,-0.09592872682067749,-0.10867087951932042,-0.04060913705583756,-0.03822645809592873,-0.1465865534030871,-0.2745260540764529,0.012327773749093546,-0.23070548016160775,-0.01564280534548845,0.11385061638868745,0.07738526882834351,0.1595358955765047,0.03480783176214648,0.10359473738734071,0.15363099554542628,0.11312545322697606,0.03050944032516866,-0.12835387962291514,-0.09934735315445975
