0,1,2,3,4,5,6,7,8,9,10,11,12,13,14,15,16,17,18,19,20,21,22,23,24,25,26,27,28,29,30,31,32,33,34,35,36,37,38,39,40,41,42,43,44,45,46,47,48,49,50,51,52,53,54,55,56,57,58,59,60,61,62,63,64,65,66,67,68,69,70,71,72,73,74,75,76,77,78,79,80,81,82,83,84,85,86,87,88,89,90,91,92,93,94,95,96,97,98,99
1.0,0.14879770853210794,-0.0023115577889447235,0.21035175879396983,0.04763819095477386,-0.007839195979899497,0.1608040201005025,0.15206030150753766,-0.029547738693467336,0.2907537688442211,-0.008945173135572863,0.008593180735896811,-0.0650251256281407,-0.015376884422110552,0.08522613065326633,0.21608040201005022,-0.04422110552763819,0.12296791380549416,-0.1352295284227972,0.014271356783919597,0.055931053561714336,-0.001909547738693467,-0.049346733668341705,-0.1344723618090452,0.30170854271356784,-0.10950023873403013,-0.13457286432160803,-0.30130653266331653,-0.05145987242037422,-0.11718592964824119,0.17989949748743717,0.23999999999999996,0.2802010050251256,-0.09362044275424422,-0.1593969849246231,-0.11105527638190954,-0.241608040201005,0.2922613065326633,0.1550753768844221,-0.039497487437185924,-0.16743718592964824,-0.05557788944723618,-0.1734214428045608,0.07879396984924623,-0.021960350769514074,-0.09095477386934672,-0.28076082322488594,-0.15135678391959798,0.21487437185929648,-0.015477386934673366,-0.1701507537688442,0.17688442211055275,-0.21266331658291457,-0.08472361809045226,0.05336683417085427,0.09955023998720225,0.002814070351758794,0.12211055276381907,-0.06176034575682562,0.21236180904522614,0.17969849246231154,-0.04407145909579827,-0.0036182722795575625,0.037438126597913006,0.024120603015075376,0.07497487437185929,-0.06070351758793969,-0.1157788944723618,-0.21396984924623114,0.0728643216080402,0.10060301507537688,-0.23728643216080403,-0.34844221105527634,0.1799085383446677,0.0264321608040201,0.10286690623614489,0.02944723618090452,0.013668341708542713,0.05899497487437186,-0.1683961909122235,-0.10578155233370053,-0.13437861216023503,-0.14377245663977065,-0.04150753768844221,-0.07266331658291457,-0.1601005025125628,-0.0743718592964824,-0.15407809457115954,0.005025125628140703,-0.07798994974874371,-0.281608040201005,-0.1691457286432161,-0.18291457286432158,0.10884422110552763,-0.257286432160804,-0.030552763819095472,-0.04768964045828114,-0.15593356621922694,0.28100502512562814,-0.05879396984924623
0.14879770853210794,1.0,0.12829468081137171,0.47574059664757384,0.5241840248897055,0.2896052665553996,0.2456845650163714,0.49604261429261653,0.22749315316611032,0.12538003471381606,0.06236651005813398,-0.08030554299211015,-0.03130731928926148,-0.058443679507883,0.0077891404331228405,0.2806603181870391,-0.2133219428297191,0.08412483039348712,-0.21769938187848636,0.2394532526698732,-0.15980702547866726,0.0066835850168086314,-0.11894771229162429,-0.1378426594068126,0.1421643760342227,-0.13518267249610533,-0.30628910283795946,-0.044473479247185255,0.03633439707657604,-0.08045428279632044,0.08145933317478792,-0.03995075254408167,0.0020603532758583,-0.1956882255389718,-0.24266941388096905,0.04296590367948406,-0.16246639367926546,0.2959370839397446,0.12668660020582379,0.15703912163554115,-0.030000753797253782,-0.22246790127377303,-0.10965375144479621,-0.03974974246838818,-0.13890145233428816,0.013115907439000398,-0.07487813457962711,-0.022965401147981537,0.415839594090913,0.11914872236731779,-0.00919621096297729,0.5979547226692173,0.134123973006483,0.5134299858401037,0.45513706388899083,0.3701693552439821,0.21653810404081497,0.34488303737111003,-0.006432484044424343,0.03703610644652603,-0.05985075003773745,-0.005226393286094778,-0.01864462145976447,-0.045630433690135176,-0.006080554789728154,0.042161863376710094,0.1556320511056867,-0.15412447553798553,-0.25764466452013424,0.0751275157904429,0.01683459383933001,-0.20498002468843918,-0.1964370964714657,0.1665954720730976,-0.1697027564042312,-0.11779486406352077,0.0015578280866245682,-0.06769014298978367,0.17402447303164129,-0.06502839338660234,-0.14412784562038294,-0.13342714279157591,-0.14221820191969445,-0.19503002594161126,-0.14638558762378606,-0.06477549689222802,-0.10296741127399163,-0.11443073602124987,0.1723158873882466,-0.1354305384984907,0.043970954057951525,0.0001507575567701195,-0.106384582560781,-0.1970401266985462,-0.27885122750579777,-0.09271589741362349,-0.01115633951454847,-0.04542941856374692,0.3226714240069791,0.019749239936885654
-0.0023115577889447235,0.12829468081137171,1.0,0.0822110552763819,0.20190954773869346,0.34522613065326635,0.09879396984924622,0.19597989949748743,0.5484422110552764,0.0321608040201005,0.22714709310555808,-0.028895198380939572,0.13728643216080402,0.20603015075376882,0.14241206030150755,-0.07608040201005024,0.011758793969849246,0.04990075129090956,0.11301791505866626,0.16552763819095476,0.11874670221593081,0.10653266331658291,0.16120603015075377,-0.1014070351758794,-0.10321608040201005,0.1831704314756952,-0.038994974874371854,0.054773869346733665,0.16151565425691675,-0.014773869346733668,-0.08773869346733668,-0.1050251256281407,0.1265326633165829,-0.14186286092068245,-0.0521608040201005,-0.0257286432160804,0.09356783919597988,0.15085427135678392,0.14090452261306532,-0.005025125628140703,0.007336683417085427,0.28120603015075374,0.024372471677835985,0.16412060301507536,-0.004170959070639973,0.0992964824120603,0.02839267319170584,0.1385929648241206,0.21457286432160802,0.14261306532663315,-0.061306532663316586,0.19025125628140702,-0.10321608040201005,0.030351758793969844,0.2858291457286432,0.34709414820373846,-0.004120603015075376,0.4124623115577889,-0.12186235838917993,0.17889447236180903,-0.08934673366834171,0.16156184833864476,0.11186491797632131,0.13894821482312683,0.11829145728643216,0.15547738693467336,-0.12050251256281408,-0.12271356783919599,-0.11698492462311556,-0.08442211055276382,0.258894472361809,-0.1264321608040201,-0.04783919597989949,-0.2653399671675546,-0.0514572864321608,0.11673660145899586,0.23979899497487434,-0.03768844221105527,0.003618090452261306,-0.09844468457088805,-0.1313098319467741,0.016181717694687986,-0.06407196162730079,-0.07959798994974873,0.01587939698492462,-0.23095477386934668,0.09417085427135677,0.03758982868207023,0.1379899497487437,-0.2107537688442211,-0.023216080402010047,-0.168643216080402,-0.09175879396984923,0.22251256281407034,0.004723618090452262,0.1777889447236181,0.15251639493243757,0.054523983031859895,0.13256281407035175,0.1300502512562814
0.21035175879396983,0.47574059664757384,0.0822110552763819,1.0,0.4537688442211055,0.17055276381909548,0.26984924623115575,0.42613065326633165,0.16934673366834171,0.2508542713567839,0.035981707668933535,-0.007186110206042363,0.09889447236180904,0.04361809045226131,0.09195979899497488,0.1930653266331658,-0.09457286432160802,0.04376994398225803,-0.1309078117953871,0.15587939698492462,-0.012110857060532934,0.09206030150753768,0.07195979899497486,-0.11748743718592965,0.22723618090452263,-0.05221236716138472,-0.17266331658291456,-0.11688442211055276,0.009045680698893905,0.02944723618090452,0.21195979899497486,0.08874371859296482,0.07366834170854271,-0.14166185084498897,-0.12572864321608038,-0.16743718592964824,-0.20834170854271356,0.3337688442211055,0.21909547738693466,0.16904522613065326,-0.12773869346733668,-0.0685427135678392,-0.07733862662307131,0.10663316582914571,-0.03482499561389761,-0.003015075376884422,-0.0664840825356227,-0.019798994974874373,0.2736683417085427,0.062211055276381905,-0.1378894472361809,0.29778894472361805,0.017989949748743714,0.4215075376884422,0.2695477386934673,0.2517148672871762,0.10763819095477387,0.29185929648241205,0.0055780296004944215,0.1407035175879397,0.11206030150753768,0.09311791756501048,0.12050856842193104,0.08980125131606785,0.10361809045226131,0.12150753768844219,0.08070351758793969,-0.10301507537688441,-0.16904522613065326,0.01969849246231156,0.03839195979899497,-0.22854271356783917,-0.17306532663316582,0.29448716053065715,-0.05467336683417085,0.08668559514281872,0.06512562814070351,0.10844221105527638,0.1606030150753769,-0.026282067396924166,-0.17764265439412416,-0.08010452796687159,-0.04578004473919296,0.016482412060301505,0.051859296482412054,0.020904522613065323,-0.09336683417085427,-0.11317151629949486,0.10924623115577889,0.022613065326633167,-0.03969849246231155,-0.007437185929648241,-0.0636180904522613,-0.03577889447236181,-0.22201005025125625,0.028040201005025123,0.009899746227904516,-0.06578054727069547,0.21055276381909546,-0.013467336683417085
0.04763819095477386,0.5241840248897055,0.20190954773869346,0.4537688442211055,1.0,0.4524623115577889,0.08120603015075377,0.34080402010050254,0.37768844221105524,0.07025125628140703,0.15860093492060648,-0.04407145909579827,0.07165829145728643,0.011758793969849246,0.06331658291457286,-0.047035175879396984,-0.2769849246231156,-0.11291741002081951,-0.2189502249491369,0.2436180904522613,-0.18548204734617038,0.00914572864321608,-0.012763819095477387,-0.18773869346733665,0.0978894472361809,-0.08628357499143173,-0.1592964824120603,0.17949748743718594,0.19387908964629272,0.135678391959799,-0.016281407035175877,-0.0665326633165829,-0.07678391959798994,-0.32106334340143117,-0.1358793969849246,0.08673366834170854,0.09969849246231155,0.25688442211055273,0.13738693467336682,0.12211055276381907,0.03336683417085427,-0.15608040201005025,0.0061810598275749,0.031557788944723615,-0.05301640746415869,0.2115577889447236,0.11472650070206095,0.06894472361809045,0.40743718592964817,0.27557788944723616,0.05296482412060301,0.4661306532663317,0.06914572864321607,0.5410050251256281,0.5964824120603015,0.5197618032244488,0.07798994974874371,0.4567839195979899,0.11221387475589228,0.05055276381909547,-0.05045226130653266,0.11563104604268166,0.08301924730318185,0.02457348175352948,-0.010854271356783919,0.11597989949748744,0.10653266331658291,-0.19135678391959796,-0.25075376884422107,-0.13758793969849245,0.04793969849246231,-0.19185929648241207,-0.12070351758793968,0.1539775870078385,-0.22562814070351755,-0.08507751453727078,0.13296482412060298,0.12964824120603013,0.21517587939698493,0.07874569715292576,-0.2298047690365855,-0.03909744213188588,-0.004572979222026958,-0.15346733668341705,-0.03447236180904523,0.025829145728643213,0.07155778894472362,0.10864867595004792,0.3007035175879397,-0.06472361809045225,0.19778894472361808,0.09195979899497488,0.1608040201005025,-0.17979899497487437,-0.0822110552763819,0.05989949748743719,0.14638558762378606,0.024975501904916465,0.30351758793969846,0.21356783919597988
-0.007839195979899497,0.2896052665553996,0.34522613065326635,0.17055276381909548,0.4524623115577889,1.0,0.08663316582914572,0.1822110552763819,0.48221105527638186,-0.030653266331658293,0.1368913012432611,-0.04296590367948406,0.09276381909547737,0.1880402010050251,0.2373869346733668,-0.07899497487437185,-0.12361809045226128,-0.08236387851540862,-0.057237619053722044,0.23698492462311554,0.027387622813238376,0.07045226130653266,0.10180904522613066,-0.18050251256281405,-0.05748743718592964,-0.06598155734638897,-0.14321608040201003,0.24603015075376883,0.2603145890015024,0.10110552763819095,-0.2002010050251256,-0.16804020100502512,-0.05226130653266331,-0.2951330436369706,-0.13688442211055274,0.09376884422110553,0.14773869346733667,0.10532663316582914,0.11045226130653266,0.02281407035175879,-0.024321608040201004,-0.12231155778894472,-0.11462599566421419,-0.06251256281407035,-0.16528053473897436,0.20311557788944723,0.16578305992820808,0.08844221105527637,0.40703517587939697,0.17527638190954772,0.12834170854271357,0.33407035175879396,0.06391959798994976,0.3058291457286432,0.5649246231155779,0.6380562327700692,0.029346733668341708,0.43929648241206026,-0.04336792383087105,-0.004321608040201004,-0.17547738693467335,0.16507952466328085,0.17769737195160473,0.1445764969425446,0.18592964824120603,0.27839195979899495,-0.040603015075376885,-0.13527638190954772,-0.16532663316582913,-0.1335678391959799,0.24472361809045226,-0.08291457286432159,-0.056783919597989944,-0.06372179514554152,-0.3335678391959799,-0.08939923116468088,0.2539698492462311,0.05547738693467336,0.040100502512562815,-0.002663383502938778,-0.1766376040156567,-0.11990552304200476,-0.09341943267855073,-0.22281407035175876,-0.10522613065326632,-0.09939698492462311,0.08241206030150754,0.17850143245817307,0.2192964824120603,-0.2522613065326633,0.17346733668341707,0.025427135678391957,0.13688442211055274,-0.1707537688442211,-0.10030150753768843,0.02874371859296482,0.11341993521005325,-0.0008542928216973439,0.23819095477386937,0.17678391959798992
0.1608040201005025,0.2456845650163714,0.09879396984924622,0.26984924623115575,0.08120603015075377,0.08663316582914572,1.0,0.3603015075376884,0.13266331658291455,0.13336683417085426,-0.03135835975616554,0.03753863163575976,-0.17035175879396983,-0.10361809045226131,-0.11195979899497487,0.5226130653266332,0.09989949748743718,0.34116435097078046,0.051106811745070514,0.2743718592964824,0.10829417827986919,0.11728643216080402,0.0507537688442211,0.22070351758793968,0.06954773869346734,-0.00839217066020332,-0.08834170854271356,-0.11095477386934673,-0.06422433296214673,-0.16884422110552763,0.1264321608040201,0.029346733668341708,0.025326633165829143,0.07593155609321686,-0.08060301507537689,-0.049346733668341705,-0.217286432160804,0.20341708542713566,0.03708542713567839,-0.019999999999999997,-0.03919597989949749,-0.03326633165829145,-0.092916907489317,-0.013065326633165827,-0.08869569589975365,-0.08894472361809044,-0.1150280158156012,0.053266331658291456,0.1272361809045226,-0.11276381909547738,-0.006532663316582914,0.15256281407035177,0.3131658291457286,0.11286432160804019,0.09075376884422111,0.12819417577352496,0.2707537688442211,0.16412060301507536,-0.03412146034897039,0.04793969849246231,0.007839195979899497,-0.2322168899449074,-0.055982712769821176,-0.06055428530266467,0.06753768844221106,-0.11658291457286432,0.23095477386934668,0.050854271356783914,0.01879396984924623,0.25879396984924624,0.05276381909547738,-0.03326633165829145,-0.021809045226130655,0.08744158008930776,0.1263316582914573,-0.050202266404449795,-0.05638190954773869,-0.04201005025125628,0.041909547738693466,-0.11382195536144023,0.062061860870365866,-0.09678878347816479,-0.049699741215216066,-0.05879396984924623,-0.04854271356783919,0.032060301507537685,-0.14130653266331658,-0.0761847329973509,0.04402010050251256,-0.002814070351758794,0.008442211055276382,-0.003919597989949748,-0.14894472361809044,-0.024422110552763818,-0.09427135678391958,-0.046834170854271356,-0.028091158078165604,-0.00396994899494648,0.09507537688442211,-0.14904522613065324
0.15206030150753766,0.49604261429261653,0.19597989949748743,0.42613065326633165,0.34080402010050254,0.1822110552763819,0.3603015075376884,1.0,0.21135678391959797,0.1879396984924623,-0.034172571529154754,-0.053619437691239176,-0.029547738693467336,0.06190954773869346,-0.001507537688442211,0.24874371859296482,0.018391959798994974,0.3444810172197231,0.005477524562647675,0.18402010050251255,0.06799165810332389,0.14130653266331658,0.0578894472361809,-0.04351758793969849,0.16673366834170852,-0.10226387600906439,-0.2387939698492462,-0.1044221105527638,0.0189959294676772,-0.1136683417085427,0.21758793969849244,0.0678391959798995,0.01135678391959799,-0.035126510727437846,-0.1980904522613065,-0.002814070351758794,-0.2585929648241206,0.22482412060301504,-0.008241206030150753,0.05467336683417085,-0.14623115577889445,-0.03758793969849246,-0.10326892638753186,0.02422110552763819,-0.09934922991150875,-0.08723618090452262,-0.140857810542215,-0.004522613065326633,0.3136683417085427,0.02381909547738693,-0.09065326633165828,0.42381909547738694,0.1343718592964824,0.2950753768844221,0.39477386934673364,0.29352496303142267,0.4264321608040201,0.41929648241206025,-0.08166034325048141,0.08060301507537689,-0.0027135678391959797,-0.059448729886350464,0.03970048751181214,0.013316917514693891,0.14201005025125626,-0.004522613065326633,0.10261306532663315,0.035477386934673366,-0.1256281407035176,0.2584924623115578,0.04321608040201005,-0.13507537688442212,-0.05668341708542713,0.07879792964369803,-0.027537688442211054,-0.03572954095451832,0.016884422110552764,-0.03346733668341708,0.23698492462311554,-0.07593155609321686,-0.09502751328409867,-0.21267400398732783,-0.140455790390828,-0.1380904522613065,-0.10854271356783919,-0.036180904522613064,-0.18160804020100502,-0.1317654155138879,0.12251256281407034,-0.16170854271356783,-0.07728643216080401,-0.024321608040201004,-0.21115577889447235,-0.041407035175879396,-0.25276381909547735,-0.05557788944723618,-0.08527852461296427,-0.1144249855885207,0.2650251256281407,-0.12301507537688441
-0.029547738693467336,0.22749315316611032,0.5484422110552764,0.16934673366834171,0.37768844221105524,0.48221105527638186,0.13266331658291455,0.21135678391959797,1.0,-0.04914572864321608,0.19297452157640332,-0.11874670221593081,0.019597989949748745,0.1064321608040201,0.11718592964824119,-0.08341708542713568,-0.1515577889447236,-0.06929822359533161,-0.028091158078165604,0.27999999999999997,-0.030000753797253782,0.027035175879396984,0.06241206030150754,-0.1750753768844221,-0.1401005025125628,0.013216412476847144,-0.03326633165829145,0.2092462311557789,0.2659430125474808,-0.0012060301507537687,-0.09628140703517588,-0.1465326633165829,0.039999999999999994,-0.27744415697594327,-0.07638190954773869,0.11125628140703517,0.17949748743718594,0.19135678391959796,0.0821105527638191,-0.0750753768844221,0.039999999999999994,0.07748743718592964,-0.029196713494479814,0.17105527638190954,0.011608331871299202,0.20412060301507537,0.052815397388465204,0.13688442211055274,0.35859296482412056,0.20120603015075375,0.01115577889447236,0.29326633165829147,0.018090452261306532,0.17517587939698492,0.4053266331658291,0.540264830945185,-0.029949748743718595,0.5552763819095476,-0.09241438230008325,0.10180904522613066,-0.13869346733668342,0.11100781430173133,0.08874817841248132,0.08960024124037436,0.06170854271356784,0.15035175879396984,-0.024120603015075376,-0.18472361809045224,-0.20532663316582914,-0.1679396984924623,0.20190954773869346,-0.19125628140703516,-0.1044221105527638,-0.14975626934835465,-0.2023115577889447,-0.021357320542433597,0.28391959798994976,-0.003417085427135678,0.03346733668341708,-0.0406542878090089,-0.19181386473051537,0.030956329502881366,0.02346792633721527,-0.12251256281407034,0.03909547738693467,-0.15547738693467336,0.16743718592964824,0.19186893837987187,0.3111557788944723,-0.16884422110552763,0.14954773869346732,-0.12211055276381907,0.06472361809045225,0.04693467336683416,-0.022512562814070353,0.2078391959798995,0.19241689495759587,0.11382195536144023,0.23276381909547736,0.22180904522613065
0.2907537688442211,0.12538003471381606,0.0321608040201005,0.2508542713567839,0.07025125628140703,-0.030653266331658293,0.13336683417085426,0.1879396984924623,-0.04914572864321608,1.0,0.20443238379500228,0.33895324013815203,0.09447236180904522,0.10331658291457285,0.14542713567839194,0.1201005025125628,0.12974874371859296,0.006382069903268393,0.07733862662307131,-0.1759798994974874,0.1878941682544923,0.040603015075376885,0.08361809045226129,0.09979899497487436,0.4680402010050251,0.10578155233370053,-0.18572864321608037,-0.30683417085427134,-0.05206291780030048,-0.030050251256281406,0.07809045226130654,0.07809045226130654,0.24773869346733665,-0.04025226765762191,-0.1273366834170854,-0.20100502512562812,-0.15909547738693466,0.2973869346733668,0.31979899497487435,0.24120603015075373,-0.1136683417085427,0.024321608040201004,-0.09985175510074248,-0.007738693467336683,-0.10447498684169282,-0.09567839195979898,-0.2063870952182936,-0.04150753768844221,0.10904522613065326,0.009346733668341708,-0.31336683417085426,-0.058391959798994975,-0.27909547738693463,-0.054271356783919596,0.0335678391959799,-0.02145782558028034,-0.12030150753768844,0.05829145728643216,0.16266740375495894,0.30190954773869344,0.230251256281407,0.08216286843971513,0.011859892471883121,0.03140782432710824,0.06381909547738693,0.11587939698492462,-0.12070351758793968,-0.06462311557788945,-0.19497487437185929,-0.11698492462311556,0.03758793969849246,-0.2964824120603015,-0.28623115577889446,0.2978039101202516,0.1322613065326633,0.16980326144207794,0.0679396984924623,0.09678391959798995,-0.01829145728643216,-0.1942259856388373,-0.09864569464658153,-0.10151263895425383,-0.13141033698462085,0.007839195979899497,-0.001407035175879397,-0.15678391959798996,-0.004522613065326633,-0.1734760542921209,-0.05879396984924623,-0.019999999999999997,-0.2547738693467337,-0.06492462311557788,-0.13678391959798994,0.18552763819095475,-0.2294472361809045,-0.06904522613065325,0.02075429031535312,-0.11462599566421419,0.1136683417085427,-0.010653266331658291
-0.008945173135572863,0.06236651005813398,0.22714709310555808,0.035981707668933535,0.15860093492060648,0.1368913012432611,-0.03135835975616554,-0.034172571529154754,0.19297452157640332,0.20443238379500228,1.0,0.3575646406636771,0.0738730590409669,-0.0027137042096681717,-0.015277149624798597,-0.07005377163476725,-0.13558470292008756,-0.2619795462796555,-0.011307384982336943,0.04754007745085353,-0.03794255849628618,-0.19217046106983499,-0.16081210131366946,0.07507914980081942,0.0067340067425099084,0.2396663065811772,-0.0715613850845829,0.010151263895425384,0.16383556136295108,-0.040605055581701535,-0.16684255511293203,-0.257098346975229,0.007236544559115124,-0.181873005560344,-0.14965576178503362,0.08502939856960272,0.296396804233757,0.08161214141668724,0.1452334289989077,0.15749535172407503,0.23056435025847358,0.07507914980081942,-0.04447571426385864,0.10643750955698496,-0.02537879740480069,0.13880094494636092,-0.01824258110483693,0.06613397666524656,0.16644052485964786,0.32162420262733893,0.004221317659483823,0.0449268808045064,-0.061008090935873345,0.07497864223749838,0.09487913977506497,0.11654144788461941,-0.19438162746289794,0.10372380534731679,0.300474910263967,0.3715764615978974,0.13739383905986635,0.023368595630163014,-0.08352598251080512,-0.062467020146865865,-0.08774310277927089,0.013669028611661903,0.07105884726797768,-0.30976431015545575,-0.19046183249337725,-0.2770993520761167,0.012261922725167296,-0.2550881957088082,-0.2104628375942649,0.10493516936375517,0.13910246763632408,0.12488378524936578,0.06060606068258917,-0.028745163109818415,-0.04130860852494884,-0.037238987875163,-0.1493077368112136,0.20092471605186454,0.08859964321715569,-0.10694004737359018,0.06522940859535716,-0.16402834333994284,0.31277953705508704,0.06372499748718465,0.20865370145448608,0.09618573809823854,0.06914920356487786,0.005226393292694257,0.1495552542217126,0.26986280751700154,0.1356852104834086,0.1956882257860715,0.25413975935856853,0.1828781064476628,0.1301572945007512,0.405347002873768
0.008593180735896811,-0.08030554299211015,-0.028895198380939572,-0.007186110206042363,-0.04407145909579827,-0.04296590367948406,0.03753863163575976,-0.053619437691239176,-0.11874670221593081,0.33895324013815203,0.3575646406636771,1.0,0.0027638885407855244,0.02849317822955259,0.04758913542043439,-0.017337119028563743,0.09211286718654302,-0.12342328760239207,0.15066083722800142,-0.09673609892749335,0.19156741544801245,-0.08708761529420571,-0.026684087548311152,0.3415663711221674,0.1885977035194195,0.30745263581084475,0.0007537877838505975,-0.11955074251870478,0.03231399352730069,0.08939923116468088,-0.2007588130988758,-0.17985376522675256,-0.13965175008805403,-0.07990351273933363,-0.1517123546296636,-0.07241387976858074,0.06819266817901738,-0.11543003596698817,0.08447448431019029,0.2135229529054126,0.04789065053397463,-0.03683509637083253,-0.14995728428564248,-0.140857810542215,-0.1741796070154279,-0.03613156110590531,-0.07477762701643298,-0.01773913917995073,-0.020352270163966135,0.039548732392694685,-0.06718761780054992,-0.20186436851519002,-0.05542852837248061,-0.053820447766932664,-0.0912083218459223,-0.11910146238504447,-0.09914821983581526,-0.06527802208146175,0.3216242022212171,0.1983466921905539,0.22598557759840915,-0.060304537916478204,-0.09050933490306148,-0.06342027237549624,-0.0007537877838505975,0.0055780296004944215,0.04376994398225803,-0.1352295284227972,-0.07583105105537012,-0.17854719973474487,0.024975501904916465,-0.1204552878593255,-0.052915902426311945,0.22247908140802508,0.1874921481031053,0.1496557615960601,0.06708711276270317,0.15593356621922694,-0.14206387099637593,-0.0045228403437358655,0.026533996683250412,0.0015579063753442008,0.01698577817980803,-0.04728762030689415,0.1594512425438631,-0.08155983821263466,0.13342043774155576,-0.01613186924146737,-0.027990653040318853,0.12347043899472789,-0.0055780296004944215,0.14980275891057543,0.0885951908619069,0.1526168999702843,0.02316641122367503,-0.044473479247185255,0.0933715262073471,0.11648826574199708,-0.051106811745070514,0.13352094277940252
-0.0650251256281407,-0.03130731928926148,0.13728643216080402,0.09889447236180904,0.07165829145728643,0.09276381909547737,-0.17035175879396983,-0.029547738693467336,0.019597989949748745,0.09447236180904522,0.0738730590409669,0.0027638885407855244,1.0,0.5031155778894472,0.33195979899497485,-0.20291457286432157,0.22924623115577888,-0.15120982944042988,0.2482976960003868,-0.08110552763819094,0.17724063424273717,0.16221105527638188,0.2751758793969849,-0.2346733668341708,-0.04854271356783919,0.05914721477281023,-0.06874371859296481,0.051959798994974875,0.026232474026792327,0.1872361809045226,0.046733668341708536,0.07427135678391959,0.13758793969849245,-0.035629035916671575,0.11788944723618089,-0.28502512562814064,-0.059396984924623114,0.09256281407035176,0.31899497487437184,0.14231155778894472,-0.08552763819095477,0.23055276381909548,0.046684590079813675,0.21276381909547737,0.03010125883510053,0.07678391959798994,0.13854619467173981,0.05537688442211055,-0.0021105527638190956,0.053768844221105526,-0.09286432160804019,-0.03849246231155779,-0.2955778894472362,0.008442211055276382,0.02914572864321608,0.04356893390656454,-0.19788944723618088,-0.001407035175879397,-0.24427749448651698,0.039597989949748745,0.11246231155778894,0.6197643158819613,0.38715513391265916,0.39905525277050635,0.212964824120603,0.3090452261306532,-0.2899497487437186,0.11527638190954774,0.08402010050251256,-0.17829145728643214,0.14231155778894472,0.034974874371859296,0.06693467336683416,-0.10774410788015852,0.012060301507537688,0.019548229861192163,0.09608040201005025,0.1285427135678392,-0.11376884422110553,-0.065177517043615,-0.05653408378879482,-0.017287300891219465,-0.08276589866679561,0.0964824120603015,-0.023919597989949744,-0.051859296482412054,-0.16130653266331657,0.002914719336310259,-0.19969849246231156,-0.09216080402010049,-0.2336683417085427,-0.2450251256281407,-0.08532663316582914,-0.007638190954773868,-0.10964824120603014,0.19889447236180904,0.05753913416726228,-0.12377195410826813,0.009748743718592964,-0.04381909547738693
-0.015376884422110552,-0.058443679507883,0.20603015075376882,0.04361809045226131,0.011758793969849246,0.1880402010050251,-0.10361809045226131,0.06190954773869346,0.1064321608040201,0.10331658291457285,-0.0027137042096681717,0.02849317822955259,0.5031155778894472,1.0,0.5940703517587939,-0.18743718592964823,0.28251256281407033,0.0061810598275749,0.40237191901944896,-0.03809045226130653,0.485590090356555,0.14633165829145728,0.3525628140703517,-0.1623115577889447,-0.06542713567839195,0.034623985538204116,-0.0514572864321608,0.07366834170854271,0.13719282393322424,0.14381909547738694,0.0011055276381909548,0.07849246231155779,0.11728643216080402,-0.045378024587805973,0.006532663316582914,-0.2002010050251256,-0.05557788944723618,0.08673366834170854,0.17185929648241205,0.0192964824120603,-0.20633165829145728,0.16120603015075377,-0.09764064426811407,0.16090452261306532,-0.04567953970134621,0.03236180904522613,-0.014824493082395085,-0.06884422110552764,0.027236180904522612,0.008341708542713568,-0.1087437185929648,-0.07608040201005024,-0.2636180904522613,-0.07497487437185929,0.061105527638190944,0.0831679188181826,-0.1263316582914573,0.08261306532663316,-0.24849870607608032,0.06733668341708542,0.1422110552763819,0.5236814997004718,0.4630383442200469,0.6077037113403517,0.4517587939698492,0.5018090452261307,-0.32894472361809046,0.19507537688442209,0.0685427135678392,-0.08120603015075377,0.29547738693467335,-0.052462311557788945,0.08281407035175879,-0.14583647437883399,0.021306532663316582,0.04407145909579827,0.31678391959798996,0.155678391959799,-0.18331658291457284,-0.08065529287201394,-0.010703786530678485,-0.14633901219543918,-0.1354305384984907,0.03577889447236181,0.001608040201005025,-0.1907537688442211,-0.11045226130653266,0.03588120010561249,-0.13236180904522613,-0.18964824120603013,-0.24633165829145726,-0.2436180904522613,-0.06522613065326632,-0.01608040201005025,-0.1850251256281407,0.15989949748743718,0.013919947741774368,-0.20015578287179533,-0.005527638190954773,-0.026532663316582914
0.08522613065326633,0.0077891404331228405,0.14241206030150755,0.09195979899497488,0.06331658291457286,0.2373869346733668,-0.11195979899497487,-0.001507537688442211,0.11718592964824119,0.14542713567839194,-0.015277149624798597,0.04758913542043439,0.33195979899497485,0.5940703517587939,1.0,-0.15778894472361807,0.12402010050251255,-0.07372044526058845,0.20910073124015574,-0.004623115577889447,0.45161938756435466,0.017587939698492462,0.20954773869346732,-0.1957788944723618,0.05105527638190955,0.024472976715682732,-0.09195979899497488,0.09909547738693467,0.2160912611402433,0.17547738693467335,-0.016281407035175877,0.08964824120603014,0.11497487437185928,-0.19523103601730477,-0.1256281407035176,-0.16030150753768843,-0.0321608040201005,0.14854271356783919,0.22904522613065323,-0.0027135678391959797,-0.24864321608040196,0.036683417085427134,-0.1983466921905539,0.1401005025125628,-0.09884670472227503,0.056783919597989944,-0.10618357248508752,-0.1342713567839196,0.0992964824120603,0.036180904522613064,-0.09879396984924622,-0.03477386934673367,-0.2868341708542713,-0.020603015075376884,0.10804020100502511,0.1311088218710806,-0.19678391959798994,0.13457286432160803,-0.15854669720324235,0.07487437185929648,0.18592964824120603,0.4797607981614437,0.4100708583498571,0.5431794770427405,0.42190954773869344,0.7214070351758793,-0.2974874371859296,0.07376884422110552,-0.08653266331658291,-0.13256281407035175,0.444321608040201,-0.14904522613065324,-0.05879396984924623,0.02331775469048207,-0.049346733668341705,0.07231337473073399,0.45195979899497485,0.18653266331658291,-0.1542713567839196,-0.05100630670722377,-0.024673986791376227,-0.1861400072705724,-0.1449785170939316,-0.03366834170854271,0.00793969849246231,-0.22904522613065323,-0.05346733668341708,0.07889843720701907,-0.07899497487437185,-0.16964824120603014,-0.19839195979899496,-0.16753768844221104,0.016884422110552764,-0.026834170854271353,-0.25547738693467337,0.1415075376884422,0.03392045027327689,-0.19060780427635443,0.04120603015075377,0.013165829145728643
0.21608040201005022,0.2806603181870391,-0.07608040201005024,0.1930653266331658,-0.047035175879396984,-0.07899497487437185,0.5226130653266332,0.24874371859296482,-0.08341708542713568,0.1201005025125628,-0.07005377163476725,-0.017337119028563743,-0.20291457286432157,-0.18743718592964823,-0.15778894472361807,1.0,0.05748743718592964,0.31704314188756133,-0.03794065178714674,0.10673366834170854,0.0007537877838505975,0.014773869346733668,-0.09758793969849246,0.18592964824120603,0.09045226130653267,-0.10447498684169282,-0.15447236180904522,-0.26110552763819095,-0.19508518040614523,-0.3005025125628141,0.18010050251256282,0.10894472361809045,0.1750753768844221,0.17915022996182536,-0.06733668341708542,-0.08633165829145728,-0.33788944723618086,0.17266331658291456,0.06402010050251256,0.108643216080402,-0.018693467336683416,-0.15547738693467336,-0.10025377525212947,-0.09768844221105527,-0.10578155233370053,-0.23728643216080403,-0.1927184100711361,-0.04120603015075377,0.06934673366834171,-0.2042211055276382,-0.029045226130653266,0.1608040201005025,0.28462311557788944,0.0750753768844221,-0.06201005025125628,-0.05170984197215099,0.22070351758793968,-0.030251256281407034,-0.06990125382241208,0.021809045226130655,0.042412060301507536,-0.28458001466306226,-0.1646313887198691,-0.13904871986097356,-0.07819095477386934,-0.17829145728643214,0.20180904522613063,0.013467336683417085,0.04512562814070351,0.27346733668341705,-0.05557788944723618,-0.018190954773869346,-0.11125628140703517,0.1155836978191999,0.13537688442211054,-0.10457549187953957,-0.18201005025125627,-0.18874371859296482,0.003517587939698492,-0.17392396799379456,0.0805547878341672,-0.09920096499786984,-0.08628357499143173,-0.03346733668341708,-0.14502512562814068,-0.02562814070351759,-0.18954773869346733,-0.1996080207555922,-0.10793969849246231,0.015477386934673366,-0.07276381909547738,-0.0692462311557789,-0.21969849246231155,-0.09035175879396984,-0.19376884422110552,-0.16603015075376884,-0.15543104102999322,-0.08919822108898738,0.07457286432160803,-0.24874371859296482
-0.04422110552763819,-0.2133219428297191,0.011758793969849246,-0.09457286432160802,-0.2769849246231156,-0.12361809045226128,0.09989949748743718,0.018391959798994974,-0.1515577889447236,0.12974874371859296,-0.13558470292008756,0.09211286718654302,0.22924623115577888,0.28251256281407033,0.12402010050251255,0.05748743718592964,1.0,0.26880072372112307,0.5562451319628177,-0.19095477386934673,0.31523405120631987,0.4877386934673366,0.43628140703517587,0.2653266331658291,-0.029346733668341708,0.13422447804432974,0.01437185929648241,-0.06914572864321607,-0.1403085583961766,-0.007035175879396984,0.1407035175879397,0.14592964824120602,0.17668341708542712,0.4640820122573512,0.3003015075376884,-0.2801005025125628,-0.24984924623115579,-0.06914572864321607,-0.007738693467336683,-0.006130653266331658,-0.15999999999999998,0.1944723618090452,0.0777406467744583,-0.021306532663316582,-0.018442674444877953,-0.27668341708542715,0.029699238683713543,-0.06814070351758794,-0.3069346733668341,-0.36944723618090447,-0.16251256281407034,-0.25407035175879394,-0.10492462311557789,-0.27949748743718594,-0.2057286432160804,-0.2489007262274673,0.01608040201005025,-0.1623115577889447,-0.2176436594571292,0.02562814070351759,0.15537688442211056,0.09462549313271168,0.19689431654592404,0.18809517833018577,0.20623115577889445,0.0500502512562814,-0.28984924623115577,0.45226130653266333,0.39648241206030144,0.15748743718592964,-0.022412060301507535,0.2593969849246231,0.22321608040201005,-0.18784863584703013,0.29577889447236183,0.11754064176176984,-0.03587939698492462,0.04462311557788944,-0.18663316582914571,-0.20518103476413266,0.31885223256880274,-0.08040605065683472,-0.09754013923026732,0.33758793969849243,-0.021407035175879396,0.0521608040201005,-0.29005025125628137,-0.06995326407144621,-0.33407035175879396,-0.10472361809045226,-0.3374874371859296,-0.22040201005025123,-0.3093467336683417,0.02864321608040201,-0.04944723618090452,-0.11618090452261307,-0.2599562803906094,-0.24859921111392708,-0.30130653266331653,-0.41376884422110555
0.12296791380549416,0.08412483039348712,0.04990075129090956,0.04376994398225803,-0.11291741002081951,-0.08236387851540862,0.34116435097078046,0.3444810172197231,-0.06929822359533161,0.006382069903268393,-0.2619795462796555,-0.12342328760239207,-0.15120982944042988,0.0061810598275749,-0.07372044526058845,0.31704314188756133,0.26880072372112307,1.0,0.19810040705563092,0.09291690748931698,0.17458163726820441,0.2723184000457592,0.14909922364564818,0.16849669595007025,0.029699238683713547,-0.07578270264837429,-0.07130832435226653,-0.16095881811156426,-0.08387566904675714,-0.21000527658077647,0.20156285340164978,0.12146033823779297,0.0829669087424891,0.4053470023619277,0.034724490576050863,0.0020603532758583,-0.28950476151755283,-0.02899570341878632,-0.18196437102153423,-0.08005226264493345,-0.1252795296759693,0.025277017018456704,-0.06311874968591387,-0.06859468833040439,-0.055078144630383435,-0.3367421293055236,-0.1847329011508116,-0.13301841759016877,-0.026181562359077423,-0.2515138572114827,-0.014522977968854848,0.08628357499143173,0.17995427026459931,-0.030804794100027757,-0.0185431794827247,-0.04422332780541736,0.45574009411607125,0.038744692089920714,-0.11849841700587968,-0.041357823073936116,-0.018945199634111686,-0.16503341876476205,0.030303791752663005,-0.01668425549022564,0.09030377650530158,-0.10166084578198392,0.034623985538204116,0.2615643609961573,0.19905022745548112,0.595341591685202,0.010804291568525231,0.14427498182900436,0.16136083826295125,-0.11543583690856869,0.1560340712570737,0.018995929443690638,-0.058142164394342756,-0.1256815498273563,0.037337621560066266,-0.10322126740037187,0.17819990954319312,-0.14186999024505417,-0.10442735815870144,0.05854418454572975,-0.10668609767432125,-0.005879544714034661,-0.2760370864460888,-0.17131944624349618,-0.09331892764070399,-0.10296741127399163,-0.14849619341856773,-0.03361893515973665,-0.31875172753095604,-0.015628533385169053,-0.08005226264493345,-0.1552300309542997,-0.32906176189758274,-0.17729534147444595,-0.027789642964625362,-0.35071232956622134
-0.1352295284227972,-0.21769938187848636,0.11301791505866626,-0.1309078117953871,-0.2189502249491369,-0.057237619053722044,0.051106811745070514,0.005477524562647675,-0.028091158078165604,0.07733862662307131,-0.011307384982336943,0.15066083722800142,0.2482976960003868,0.40237191901944896,0.20910073124015574,-0.03794065178714674,0.5562451319628177,0.19810040705563092,1.0,-0.08266539362894886,0.4350972410673903,0.29131385219879424,0.35684313687487285,0.19985426775825507,-0.11995276267009175,0.07467711945323885,-0.024673986791376227,0.001155807935237583,-0.010603814361213755,0.04980024625306281,-0.03060378402433426,-0.0103017663792915,0.047689640458281134,0.26463641389014525,0.12055579289717225,-0.14909922364564818,-0.10326892638753186,-0.12497801456242909,-0.031608834402801725,0.005980049751881407,-0.0964345838139531,0.1966381065471592,-0.01115633951454847,-0.05050378151799004,-0.11518166742047338,-0.12829468081137171,0.05226393286094778,-0.01663358376363652,-0.209804266505083,-0.1432699314505369,-0.0690972135196381,-0.22085982066822507,-0.03422196538681713,-0.16698912038236904,-0.13311892262801553,-0.17789838685361073,0.010201261341444754,-0.09593205862471939,-0.12312176491280968,0.07010226389810557,0.059951255075584194,0.15588723051409617,0.22348418229534395,0.22473491130207549,0.2509108269844022,0.11161084452881181,-0.19301992518467634,0.3589537426696546,0.2852835499279895,0.08568054476435126,0.06085580041620491,0.18256740124861473,0.23724214183724474,-0.19514033727295266,0.2254830524091754,0.062113674053972556,0.07432347548766892,0.03542802584097808,-0.21302042771617885,-0.1252324237398864,0.14010754309261772,-0.08467974975661222,-0.10774410774410774,0.1250785196002758,-0.05934822484850372,-0.08095680798555417,-0.1981456821148604,-0.033821644858278946,-0.22286992142516002,-0.0942234729813247,-0.195532551130845,-0.12387245914611486,-0.18306992643784847,0.11231437979373904,0.0046734842598737045,-0.06467499185438128,-0.07799386903864516,-0.1281471430725162,-0.2653835524343337,-0.18296942140000172
