0,1,2,3,4,5,6,7,8,9,10,11,12,13,14,15,16,17,18,19,20,21,22,23,24,25,26,27,28,29,30,31,32,33,34,35,36,37,38,39,40,41,42,43,44,45,46,47,48,49,50,51,52,53,54,55,56,57,58,59,60,61,62,63,64,65,66,67,68,69,70,71,72,73,74,75,76,77,78,79,80,81,82,83,84,85,86,87,88,89,90,91,92,93,94,95,96,97,98,99
1.0,0.3097482647881487,0.36083916132327076,0.1819123588521703,0.30912669636382467,0.3063296384543665,0.17202351667213095,0.1669472430696411,0.12110224800580129,0.26924272246969855,0.16709831140578058,0.14316792706930487,-0.0030044030084337794,-0.13265649689771977,-0.08878528890440512,0.3810831111583461,-0.026831036983321246,0.12224179011706204,0.060088060168675586,0.10556303739770019,0.1159773122038245,-0.0645428646294567,-0.09934735315445975,0.11468531483917908,0.14716013576197653,-0.14565420076660104,0.012069099483470796,-0.13726302703822646,0.07407023723194861,-0.12099865326841396,-0.07448461618149799,0.3117165647985082,0.24023619600124316,0.12452087433958355,-0.020305620332862782,0.1610898166373148,0.15860354294001863,0.3134339955986343,0.1960012431368486,0.1378845954625505,0.2013415866620214,-0.2236610380192686,-0.06940847404951828,-0.154148969232363,0.13255289947726082,0.057495079249974095,0.028799336993680716,-0.033564694913498394,0.3519113229047964,0.1892675852066715,0.4283235348876395,0.42113442169942455,0.2513208329016886,0.2841603646534756,-0.01885424220449601,0.3119237542732829,0.12804309541075312,0.14939908907369265,0.3715943230083912,0.3005283331606754,0.1769489771863757,0.09748264788148761,-0.11592251113643426,-0.10846369004454573,0.06174246348285506,-0.11877444255621689,0.32311198591111573,0.07531727541832267,-0.004092098108129583,0.060863484519648854,0.059256189785558896,0.007355226354501191,-0.10489782206807143,0.31658551745571323,0.08241174797511604,0.1913394799544183,-0.052418937117994405,-0.0884203983617367,-0.021859621888949222,0.24827121812993788,-0.11954832694499118,0.07272350564591319,0.058895133530928304,-0.039211623643722715,-0.07945716357609033,0.05666632135087537,0.039469594944576816,0.044545737076556506,0.13695224282606444,0.05853102662384751,0.3395835491557029,0.2109188853206257,0.2534058537458284,-0.15332021133326426,-0.08484408992023205,0.0034186263337822437,0.05739148451258676,-0.023930384336475704,0.22707966435305085,0.18839190910464929
0.3097482647881487,1.0,0.34737114783718837,0.6318243033253911,0.4948720604993265,0.28778618046203247,0.4139234934438417,0.5228043823462264,0.5140370869159846,0.27639075934942503,0.06982285299906764,0.12358852170309748,0.18834498859767623,0.20103079440064445,0.29474229513772765,0.6071326825998336,0.22231430643323316,0.46959494457681544,0.3332815337286713,0.36548223350253806,0.3922716325679156,0.19684019710428208,0.26188749611519735,0.0823620824725812,-0.003056123903539815,0.09934735315445975,0.24236616516377618,0.17155288511343622,0.2776338961980731,0.04879312130943748,0.10442349528643945,0.11664767429814564,0.41437894954936283,0.37138713353361646,0.28945868984703377,0.4038122863358541,0.18771366414586135,0.33259951838354496,0.2381643012534963,0.22935874857557234,0.31933904856479595,-0.07085880037294105,0.09623951103283954,0.1511447218481301,0.29561523927969025,0.2643737698124935,0.2234538485444939,0.1565316481922718,0.3002175489485134,0.30063192789806276,0.35839527607783017,0.5367521374722556,0.6218792085362063,0.5438723712835387,0.25929762768051384,0.24821299078006834,0.36993680721019373,0.43700787636118965,0.28737180151248315,0.0669222003522221,0.19808339834915123,0.2577437066197037,0.23578162229358746,0.21195483269449908,0.38133222832280117,0.26318924667603055,0.3600953071583963,0.2768194771908641,0.2977907851093288,0.39641552938627467,0.40536620739666424,0.3826789599088366,0.23253645593262845,0.16026105873821608,0.21284090033296782,0.06381435823060187,0.19755516419765876,0.2516899330050841,0.05863765871632824,0.17067675020616424,0.0943748057598674,0.3144100279705791,0.24039781417505565,0.2594597395395074,0.2038744431782865,0.3476639386719155,0.16471563244587176,0.2000414378949549,0.38609758624261886,0.15539210608101106,0.46234331295970155,0.3166891121931006,0.404247604789952,-0.09168134258779653,0.1294934217341759,0.28302082254221483,0.2771159225111364,0.2040816326530612,0.34238060706516105,0.34617078046367095
0.36083916132327076,0.34737114783718837,1.0,0.2364154367326167,0.5154105161020018,0.5478373485723388,0.14758217000987436,0.39322437786765757,0.3768971774028307,0.2241906244914034,0.07044807054258516,0.03439523444137982,-0.07407791131371735,-0.11795177294225481,-0.10277662660588477,0.45787251692428205,0.007562807572953995,0.30510230551163725,0.024243680066307498,0.14535094554595146,0.08345204488799846,0.03812681309573145,0.023310023341296563,0.19446746788230415,0.04688026109474774,-0.05625485633032904,0.10178973817809868,-0.054079254151808025,0.044030044089115726,-0.05698005705650271,-0.09614089626988094,0.14141414160386584,0.20077700104636773,0.21497021525862386,0.06723995026937421,0.25558145592434944,0.05729085736772,0.172032427730008,0.14649054668708153,0.1820253822695914,0.12468595409398651,-0.30603470644528913,-0.08951048963057881,-0.21113701142027733,0.08904659538328327,0.02828282832077316,0.034188034233901626,-0.056462056537807226,0.13861693880291023,0.12732452749534878,0.3406977648841501,0.5027973476999585,0.3708883713859631,0.3561771566550115,0.2717430721076484,0.5592333599836393,0.37896917947761255,0.46023934165266767,0.3089355093499838,0.13592333610569374,0.18856195607128054,0.02880082883946864,-0.03356643361146705,-0.17239057262185548,0.08588448599971045,-0.09806003784790882,0.15591815612733925,0.06817239950269373,0.1967934938109908,0.26838301959324645,0.10380730394657403,0.1568505570609911,0.01258839071057146,0.11603211618778733,0.12157787048549495,0.1349909351720419,0.01958041960668911,0.11380766146426606,-0.10743887277248237,0.04283975240370871,0.051385651454591535,0.21673141702218848,0.16581626051302487,0.08179440029680296,0.13913493932160573,0.1690753693022044,0.04889924896485323,0.17228697251811637,0.29298109337416306,0.11976171992239479,0.2841750845563399,0.136234136416911,0.19674678823041852,-0.2382802385999204,-0.019994820021645498,-0.08919968931936151,0.07138047147623702,0.14224294243377858,0.1862729865228943,0.18104587019463353
0.1819123588521703,0.6318243033253911,0.2364154367326167,1.0,0.4192479022065679,0.24924893815394175,0.44893942155897587,0.47597834829876884,0.4970475499844608,0.24510514865844812,0.04972547394592354,0.1422355744328188,0.21051541079784275,0.22703374693584763,0.33338513383241036,0.5257051101190777,0.28902931731068054,0.5048171552885113,0.38155918207108996,0.4106495390034186,0.4314314575014088,0.24149184181583241,0.336890085983632,0.08205128216136391,0.000258993551147442,0.17165647985082355,0.23045246181099388,0.20698228529990675,0.2710038330052833,0.1175800269346317,0.13819537967471252,0.13094374805759867,0.3480783176214648,0.4200766601056666,0.33628593673710505,0.3839220967574847,0.2274940433026002,0.2159488229467371,0.205842743188646,0.210711695845851,0.27562093713110775,-0.0379156738837667,0.12586760592561896,0.15570289029317308,0.21543083584444223,0.21464829586656997,0.22780482751476222,0.16979177457785144,0.18895680099450948,0.23702475914223559,0.2908497579385773,0.428075628649944,0.597430850512794,0.5428364239096654,0.31565316481922717,0.15808556925308193,0.3711799440588418,0.37961044546880013,0.29959598052418934,0.06132808453330571,0.18098938123220043,0.25277115922511134,0.27038226458095926,0.24966331710349113,0.39314202838495804,0.3185102692011242,0.24365482233502536,0.33804713850066975,0.3611924064302226,0.4490430189794349,0.43333678649124624,0.44587174971511445,0.30060348714124374,0.09147415311302184,0.24143378837964538,0.06339997928105252,0.2779446804102351,0.2864986662793003,0.10898730913352882,0.22351143464024242,0.16523360613280844,0.3081943437273386,0.2040351195939548,0.25718059628940987,0.22438620118098,0.32425152802237645,0.19102869574225628,0.25121723816430125,0.37366621775613795,0.1605718429503781,0.33264270175075106,0.3100590490003108,0.3640507645391828,-0.061224489795918366,0.16367968507199832,0.2535999171242101,0.22221071169584583,0.2088469905728789,0.2864394488759971,0.27955763910854886
0.30912669636382467,0.4948720604993265,0.5154105161020018,0.4192479022065679,1.0,0.49766911840878486,0.25210432268692,0.3779751885445768,0.4655547498187092,0.21630581166476742,-0.054076452916191856,-0.004868952657205014,0.02859362863199045,0.013623060790355449,0.08319088330249395,0.4896532077993538,0.0826686004350979,0.3587485755723609,0.14307174326369138,0.28820055941158185,0.17057315278570528,0.14255374274499588,0.12120584274318864,0.21994302023810045,-0.12343632647687085,0.005076142131979695,0.25459066077793546,0.1406816533720087,0.11892675852066714,0.11716564798508235,0.03915881073241479,0.12783590593597843,0.2455195276079975,0.3488034807831762,0.19642579668932572,0.44587174971511445,0.19434372733865118,0.2557302324029842,0.22552574329224073,0.3196933595773334,0.29613322638198514,-0.24883455920439243,0.07469180565627266,-0.016264373769812494,0.19740488468458028,0.2440692012845747,0.20273490106702577,0.10328395317517869,0.2610587382160986,0.30643323319175386,0.31923545114433693,0.532918933633909,0.4675230498290686,0.6110017611105356,0.41572568113539826,0.4185227390448565,0.31026623847508544,0.45203066964529887,0.30539728581788045,0.06837252667564488,0.15229215249647088,0.10525225318553817,0.04475292655133119,0.032321558064850306,0.1745571324976691,0.0383828442800509,0.28157049621879204,0.14669774689455972,0.24081220385689153,0.29489005733647744,0.23298456438412926,0.2753548119755516,0.10945634470609132,0.22904796436341032,0.17098754246754116,0.007666010566663214,0.007562415829275872,0.2761389242334026,-0.04838124844615776,0.1749242444449823,0.08857350046617632,0.3148244069201285,0.12644065167018118,0.12975576912486841,0.15891432715218065,0.28965088573500464,0.16326530612244897,0.25536102765979485,0.42173417590386403,0.18066922200352223,0.3322283228012017,0.30218584895887285,0.3112147116322439,-0.18615974308505126,0.1127110742774267,0.10400911633689007,0.23111985911115712,0.13964570599813528,0.3409302807417383,0.3507290669638659
0.3063296384543665,0.28778618046203247,0.5478373485723388,0.24924893815394175,0.49766911840878486,1.0,0.2629820518351126,0.399627049420503,0.4376877654615145,0.21537345902828134,0.0351186159743085,0.05076142131979695,-0.0620564621397184,-0.11804926061300407,-0.07562807572953996,0.3087721116779803,0.012534963223868227,0.30643323319175386,0.038953639005900036,0.16979177457785144,0.08427650154337762,0.1293965295701307,0.014399668496840358,0.26283346318608614,0.03517132424582262,0.0801823267378017,0.20859340609414978,0.030974826478814874,0.13519113229047963,0.04309541075313374,-0.20314928001657515,0.16606236403190716,0.13954211126074795,0.261473117165648,0.10349650363535674,0.3945923547083808,0.17952967989226146,0.2066250551054292,0.1696881798404641,0.3034289858075209,0.1387687447047994,-0.21392313270485858,0.016782347456749197,-0.19040712731793225,0.08127217635006728,0.07407023723194861,0.03936600020718947,-0.0679581477260955,0.14948720604993265,0.14720812182741116,0.21615601778765506,0.47003367066427776,0.28902931731068054,0.3436237439138091,0.4605822024241168,0.6556510929244793,0.30726199109085256,0.47938251396947007,0.3059152595048172,0.13415518491660622,0.14514374533847327,0.04340619496529576,-0.04050554231845022,-0.15487413239407435,0.10297316896301667,-0.11193701280592443,0.18553817466072722,0.08982128994179608,0.23760068382266325,0.2089041983555267,0.13923132704858593,0.24748782761835697,0.03206506264698084,0.16906661141614004,0.17875734900196447,0.1679270693048793,0.055733968714389306,0.18217606387711066,-0.15736855757968657,0.1209499883858554,0.12617839013778098,0.23246659069719258,0.15182201968263048,0.04718862501906393,0.1691702061535274,0.19237542732829171,0.13084015332021132,0.21775613798819018,0.37418419144307463,0.22013881694809903,0.2165130011395421,0.1829483062260437,0.15239575260020996,-0.1966228115611727,0.16730550088055524,-0.12938982699678855,0.08577644255671811,0.10577022687247487,0.24510514865844812,0.1740954650813105
0.17202351667213095,0.4139234934438417,0.14758217000987436,0.44893942155897587,0.25210432268692,0.2629820518351126,1.0,0.43470603470603464,0.38129030599926406,0.2975835902684108,0.07402035691793891,0.13358887368185057,0.17358646953425377,0.19197099197099196,0.24600481761210716,0.37037037037037035,0.15700189070557932,0.43174224976278575,0.26734699172374926,0.2673331434943896,0.35783475783475777,0.14468129197528223,0.24029421675459664,0.1035509855562439,0.09748769748769748,0.21170132870791905,0.16047656047656045,0.15855585201246397,0.2465100619821353,0.06386780971295919,0.050710937314669136,0.14881769448932017,0.18849550652510827,0.2615316879486869,0.20694656693206323,0.28732744564297213,0.20237756086661116,0.1853405853405853,0.1160809096242835,0.23863665802725303,0.1783993783993784,-0.03651809071178932,0.16104219010347942,0.11193701280592441,0.11509971509971507,0.1835228303430774,0.11007225923766284,0.08137577377052627,0.16964077600157448,0.17212711409258993,0.16669256669256666,0.3300266778283291,0.41723861089852904,0.3242081273263679,0.27924684684717194,0.14736733060289448,0.35601253540727373,0.3757349714765549,0.2754137422901898,0.10468519337379605,0.14136600279289124,0.18227966129756965,0.1723343089335079,0.13980471890938917,0.2839087307678259,0.21238021238021235,0.2806972107335976,0.1582532570656954,0.33297073297073293,0.3961667961667961,0.4181709876826598,0.36958379748739967,0.28087443054677946,0.13555722467057113,0.28106708106708106,0.11318018185143214,0.18082929741114398,0.2563066563066563,0.1030329716214953,0.2143486143486143,0.17378467281993357,0.26515759766475105,0.1906241906241906,0.21507381507381507,0.19336458528668019,0.2885706146884799,0.06998005752003882,0.2222682655947347,0.3020382793481468,0.21574162810581915,0.18859910394556723,0.24257336000469415,0.23367608596509065,-0.07225920077013631,0.21025096482149339,0.15865944943292296,0.2172955894127038,0.2004092098778906,0.22817331856089637,0.21838901838901836
0.1669472430696411,0.5228043823462264,0.39322437786765757,0.47597834829876884,0.3779751885445768,0.399627049420503,0.43470603470603464,1.0,0.6507471966130627,0.2707518583695358,0.06645774522443361,0.07339877239518505,0.1073842886733835,0.18917378917378916,0.21606361218363848,0.4276612276612276,0.2383258657658761,0.5527440368588706,0.3149006709336702,0.301313097404934,0.3871535871535871,0.20549612791476718,0.2928181089272979,0.12147426769854525,0.05242165242165242,0.13814716018204554,0.18875938875938875,0.09277149002101372,0.23262800764063238,-0.04449509208713053,-0.024189997677171077,0.05464763929211026,0.18745953232051848,0.2901245759953645,0.2747027895971793,0.36129600385068156,0.1159773122038245,0.09852369852369851,0.07733547437262617,0.13907953696617634,0.10442890442890441,-0.14011551117076612,0.028126699654612196,0.025329569302219822,0.12877492877492874,0.08168656603190319,0.0932894771233086,0.03351376551847899,0.06790810911085927,0.09898733524855231,0.19549339549339548,0.4690616179148516,0.4732848153668355,0.3416124939634759,0.41920696188724954,0.35135065148661976,0.6129341381455361,0.6674955339136096,0.25376188141426365,0.0401440004278535,0.18301432314667818,0.2009271969801855,0.23987982707276073,0.08199735829328013,0.3536297947367173,0.22201502201502196,0.12519748262467345,0.17327566117340462,0.3272727272727272,0.44796684796684794,0.4118515450346622,0.4204501309327573,0.3040820559405378,0.019838906017894054,0.24718984718984716,0.16031700816026656,0.2090077957759857,0.27391867391867386,-0.049988344703239304,0.023931623931623926,0.18725233747960054,0.24754603618672505,0.20740740740740737,0.2719502719502719,0.3178886846783703,0.30524979938237506,0.1263370542497222,0.2268265520949297,0.3696873949078587,0.16228535914898715,0.24744243876626607,0.18072569999068502,0.23864901973867717,-0.16218176172852816,0.19709409242320336,0.06552536844030282,0.1375255756592917,0.24039781417505565,0.1593846313761358,0.13747733747733745
0.12110224800580129,0.5140370869159846,0.3768971774028307,0.4970475499844608,0.4655547498187092,0.4376877654615145,0.38129030599926406,0.6507471966130627,1.0,0.24997410131565315,0.03201077385268828,0.055733968714389306,0.11748251764013468,0.1687083992174437,0.19466459492576108,0.37745720144228195,0.15238785869677818,0.46493318139438516,0.21766381795584036,0.266342069822853,0.2765533139152385,0.23227143258305288,0.24645188024448356,0.10494690508770407,0.015073424676781124,0.14834766393867188,0.20589987316221636,0.14492903760488968,0.21392313270485858,0.09219931627473324,0.0034186263337822437,0.03801926862115404,0.20957215373459026,0.3093338858385994,0.24636104669156988,0.4395524707344866,0.08774474256707758,0.12975576912486841,0.1549777271314617,0.25618978555889355,0.12840900265890173,-0.11157153216616594,0.09551434787112814,0.03024966331710349,0.09639739973707791,0.12151662695535066,0.16492282192064642,0.04516730550088056,0.09168134258779653,0.10701336372112295,0.15109683773941765,0.4281792287536831,0.4371697917745778,0.39832176525432506,0.4906246762664457,0.4159328706101729,0.47384232880969646,0.6903232527725479,0.24292965917331397,0.033253910701336375,0.1690753693022044,0.22055319589764838,0.27297213301564277,0.12545322697606962,0.3041541489692323,0.19885524857100595,0.13705583756345177,0.1890701893238499,0.32275776343994217,0.35725570445278143,0.3480783176214648,0.3943851652336061,0.24413996810213365,0.03915881073241479,0.2093185880373626,0.05376566870402983,0.20449601160261058,0.25904534985767147,-0.03284123288529338,0.03765766233683806,0.20346006422873716,0.25940122241790114,0.1775141799564567,0.23677190445899146,0.30570807003004247,0.31316689112193097,0.09023101626437377,0.2185848958872889,0.36361752822956594,0.16502641665803378,0.21609862218999273,0.21154045374494973,0.2537166540570457,-0.18439863254946648,0.22739044856521287,0.06806174246348284,0.13322283228012016,0.18305190096343105,0.20677509582513207,0.12789101555660684
0.26924272246969855,0.27639075934942503,0.2241906244914034,0.24510514865844812,0.21630581166476742,0.21537345902828134,0.2975835902684108,0.2707518583695358,0.24997410131565315,1.0,0.5027452605407645,0.3978037915673883,0.04672364678633222,-0.09505063327111121,-0.04579124585268036,0.3296987906106936,0.004040194758106288,0.20491039055215995,0.03377363381894524,0.06681860561483477,0.11649529930611939,0.04548044554146307,-0.06826893193825753,0.20378140405480152,0.36067441932792765,0.18584895887288924,0.0018129548580320938,0.12731793224904173,0.06101730032114368,-0.029420905418004763,-0.11612970061120896,0.3693152387858697,0.21993162747332434,0.1984875168341448,0.041129241184421045,0.17393556407334507,0.28954729099761733,0.2538654788347226,0.18937117994405883,0.1714492903760489,0.11763487093116815,-0.1747643219724438,0.11188231637832796,-0.08204703201077385,0.061381471621943746,0.006526468455402465,0.06775095825132083,-0.052418937117994405,0.1513519113229048,0.08608722676888013,0.14301623894361745,0.2587930591402614,0.26043716979177456,0.21951724852377497,0.05822024241168549,0.17289961669947165,0.18564176939811455,0.25248653264395904,0.6019890189578369,0.5168341448254429,0.40942760997690675,0.16834144825442865,0.013363721122966953,-0.041955868641872986,0.04827514762250078,-0.05703037996266672,0.19237542732829171,0.045376845437723974,0.194193364650352,0.17316308829717972,0.12907904278462654,0.0809074898995131,-0.14064078366163651,0.11623329534859629,0.381393903419723,0.355433543975966,0.16264373769812493,0.012069099483470796,0.026314426349730344,0.23345678700430417,0.09468558997202942,0.215269864290894,0.12302193679503493,0.13276009431817876,0.02413757381125039,0.07407023723194861,0.10079767947788251,0.19019993784315756,0.19372215891432715,0.2025277115922511,0.16637314824406918,0.3437273386511965,0.2360010363176603,-0.12265616906661142,0.03615456334818191,0.08049311094996374,0.051382989744121,0.022894436962602297,0.016782347456749197,0.06894408331544905
0.16709831140578058,0.06982285299906764,0.07044807054258516,0.04972547394592354,-0.054076452916191856,0.0351186159743085,0.07402035691793891,0.06645774522443361,0.03201077385268828,0.5027452605407645,1.0,0.4508442971097068,0.02766122769833859,-0.16352852819449484,-0.14048174067021396,0.127269431033853,-0.022272868538278253,0.01802548430539728,-0.057498057575198186,-0.10556303739770019,0.03320297325710206,0.0020720020747819166,-0.1376774059877758,0.17259777282933367,0.47318121794637646,0.11436859007562415,-0.14778172028473038,0.005490521081529058,0.015021236921164404,-0.07106598984771573,-0.22179633274629648,0.3073655858282399,0.13084015332021132,0.007458821091888531,-0.08754208765953599,-0.03656894229773127,0.19879830104630683,0.127269431033853,0.09986532684139644,0.02724541593287061,-0.028644686756907085,-0.07448461618149799,0.03812286335854138,-0.19247902206567907,-0.046877832757687,-0.15528851134362373,-0.045788873925204594,-0.19973065368279289,0.0407127317932249,-0.05915259504817155,0.003574111005834699,0.06930846940145512,0.0435097897026831,-0.006733657930177146,-0.1574640008287579,0.054594426603128555,0.025484305397285814,0.0453791962651022,0.4704237024759142,0.6247798611830518,0.42911162968733496,0.11260747954003936,-0.030974826478814874,-0.09686107945716357,-0.0346006422873718,-0.12737302845431195,0.04029835284367554,0.0223776224076447,0.08085778666823139,-0.003988500687670606,-0.023619600124313685,-0.04050554231845022,-0.25346421895262894,0.04081632653061224,0.36181399095297645,0.40536620739666424,0.19289340101522842,-0.1580378649101691,-0.059052059131284626,0.11898163739713485,0.07396664249456127,0.07479540039366,0.046567040496310066,0.05288648314430765,-0.11882316378327981,-0.1287682585724645,0.0463068476121413,0.06588625297834869,0.005386926344141717,0.12110224800580129,0.02030456852791878,0.23785351704133428,0.040300440354508284,-0.016367968507199834,-0.011499015849994819,-0.05687351082565005,-0.10960323215580647,-0.07738526882834351,-0.10545944266031285,-0.09764056878258562
0.14316792706930487,0.12358852170309748,0.03439523444137982,0.1422355744328188,-0.004868952657205014,0.05076142131979695,0.13358887368185057,0.07339877239518505,0.055733968714389306,0.3978037915673883,0.4508442971097068,1.0,0.008598808610344955,-0.05008935279191527,0.05148925155833063,0.15368677325089206,0.10297316896301667,0.10266238475085465,0.033980834026423434,0.11747643219724437,0.12488669036329653,0.008391608402866763,0.02051175800269346,0.20357420384732333,0.34917510565698123,0.3255982596084119,0.03382455777985592,0.16119341137470217,0.200973790531441,-0.03781207914637936,-0.10918885320625711,0.28633585413860974,0.1439966849684036,0.13726302703822646,-0.03605283610120535,0.047446389723402045,0.29918160157464,0.08158296861144422,-0.05272972133015642,-0.07003004247384231,0.04169796173473816,0.032321558064850306,0.04444214233916917,-0.06018854242204496,0.04615265081447416,-0.07520977934320935,-0.08007873200041436,-0.02579508960944784,0.15435615870713768,0.04537449497565523,0.09380746422560347,0.074592074692149,0.13374080596705687,0.033150315963949024,-0.03698332124728063,0.01305293691080493,-0.006526468455402465,0.003729796953296071,0.3588521703097482,0.3936600020718947,0.42921522979107407,0.13819537967471252,0.06070651610898165,0.0018647052729721327,0.07593494250492074,0.03672528555270727,0.16782347456749194,0.10691530705874691,0.20735023704864203,0.09432545132789837,0.12524603750129493,0.09613591629545218,0.0009842264786633862,0.13229047964363408,0.38305146214706665,0.4549880866052004,0.2974204910390552,0.04345911788254077,0.02890442894320774,0.14933568159161503,0.21599502745260538,0.15155910079767945,0.10375281658966524,0.1714019321493771,0.09468558997202942,-0.01719672640629856,0.1603646534756034,0.2267688801408888,0.15259504817155287,0.18274111675126903,0.09147415311302184,0.16502641665803378,0.17767417791254939,0.10141924790220656,0.1294934217341759,0.09468558997202942,0.04609965813736662,0.1348803480783176,0.09230291101212058,0.10530677789654991
-0.0030044030084337794,0.18834498859767623,-0.07407791131371735,0.21051541079784275,0.02859362863199045,-0.0620564621397184,0.17358646953425377,0.1073842886733835,0.11748251764013468,0.04672364678633222,0.02766122769833859,0.008598808610344955,1.0,0.433940273138897,0.35956278491504345,0.09919966850435571,0.41098161153299323,0.11499611515039637,0.2778698715292167,0.17591297614898474,0.31003133994703336,0.23901782014090342,0.25609945644304494,-0.12588064649813507,-0.010412080088446735,0.049520849587287814,0.1614649434611367,0.052214452284504304,0.18585858610793793,0.2510230513598292,0.20968660996792998,0.11499611515039637,0.29785029824990056,0.1418285420188222,0.28947368421052627,0.15550375571238284,0.12038332054482938,0.1830143231466782,0.2165242168147103,0.09396529409135992,0.2488020928597496,0.2163170166072321,0.16721056743490068,0.30044030084337797,0.19254577954605231,0.2436674439943534,0.27474747511608216,0.15053095073290623,0.19145299170984909,0.25900025934773957,0.15452355673550552,0.08423124740986322,0.11893291909248202,0.09065009077170885,0.027764827802077684,-0.11230251245317989,0.10836570851109424,0.05263430561899036,0.04755244761624499,-0.07511007521084449,0.1434935764608371,0.5434861442152968,0.35213675260918675,0.3964775970095198,0.31442631484815586,0.3713641898212669,0.19414659440706558,0.2632615002072109,0.0218083866529158,0.06936206586283672,0.257239057584175,0.14845894865812434,0.08977646543794379,-0.03066563070677237,-0.09339791243517145,-0.07024087033510698,0.14307174326369135,0.09142945948312681,0.09542063820969746,0.1404335777103438,-0.06630406639302135,0.09603729616614184,0.045015410929652805,0.007303996479955172,-0.030354830395555078,0.19393939419958742,0.08785288797075326,0.01419321421225613,0.08899248911188332,0.013778813797299746,0.18482258507054697,0.15933695955072938,0.20576046415250723,0.10163170176805301,0.05366485373685164,0.2811706815479061,0.18513338538176427,0.09292929305396896,0.15529655550490465,0.19782952168048798
-0.13265649689771977,0.20103079440064445,-0.11795177294225481,0.22703374693584763,0.013623060790355449,-0.11804926061300407,0.19197099197099196,0.18917378917378916,0.1687083992174437,-0.09505063327111121,-0.16352852819449484,-0.05008935279191527,0.433940273138897,1.0,0.5432412133708503,0.08484848484848483,0.45235813643412215,0.1659112688650513,0.41591338820964596,0.2093185880373626,0.4255892255892255,0.18943769593756077,0.4196213515690855,-0.18104587019463353,-0.10463610463610462,0.09183911323688292,0.17062937062937059,0.136075211772866,0.1968868975822854,0.11545932510152962,0.2859806791770054,-0.06852969363361315,0.2044495092757907,0.13462484788644033,0.31199979289907803,0.07029084978141575,0.011861904642552842,-0.024138824138824136,-0.05671958770128979,-0.13379606852276854,0.11105931105931105,0.2740669758242231,0.05651239286037184,0.4342285878538012,0.19186739186739182,0.1643573075581667,0.14208386215948665,0.28214757462002327,0.10458159595333706,0.12001761160172461,0.1184149184149184,-0.01424538320558633,0.15161482484171254,0.047395819859981876,0.14539897961417392,-0.14021910859122508,0.09049234677091623,0.06159504771620347,-0.1468493435005996,-0.2857734843360875,-0.0011914320499217658,0.3601564322256328,0.47970785543529204,0.6180104117480261,0.4122659347164981,0.5324009324009323,0.10499598563517297,0.2960449637088214,0.11499611499611498,0.17777777777777776,0.34119810428164005,0.28245836688140025,0.37619146341400084,-0.09132112613458804,-0.10370370370370369,-0.10717153146481148,0.11804926061300404,0.20170940170940166,0.1294516822936736,0.019787619787619785,0.0772318769521672,0.12032840386310154,0.14390054390054388,0.2026418026418026,0.17078034762662322,0.26028851890317917,0.06552536844030282,0.054854834133028205,0.07122322656554654,-0.013415865949437495,0.20735023704864206,0.005956851676391165,0.18726203741161668,0.2039315221734958,0.0995053223508472,0.336950610042822,0.1812436870929799,0.24039781417505565,0.1633213333535769,0.17757057757057754
-0.08878528890440512,0.29474229513772765,-0.10277662660588477,0.33338513383241036,0.08319088330249395,-0.07562807572953996,0.24600481761210716,0.21606361218363848,0.19466459492576108,-0.04579124585268036,-0.14048174067021396,0.05148925155833063,0.35956278491504345,0.5432412133708503,1.0,0.19005931265925904,0.41978762035081635,0.2858326862161654,0.38758806464981344,0.37016317065978943,0.4635706702065166,0.2966224616659759,0.4988344995037465,-0.014504765851636963,-0.18923049036366132,0.19445739471828288,0.3084772981427876,0.3130795134995476,0.317845118271546,0.2243978246988816,0.3268583272968474,-0.06765086774162958,0.16752136774611798,0.25506345540565395,0.41297140489017814,0.17062937085829086,0.1565397567497738,0.0444973969949042,0.005594405601911176,0.00922040923277953,0.22549146579606288,0.2013986016688023,0.17487697511159378,0.4254856260564666,0.24786966777720212,0.2941206945152931,0.20533540561088795,0.42641802699011844,0.15022015042168899,0.2191142194081877,0.15359113165295807,0.05397845006216327,0.24107744140087603,0.11406371421674451,0.20108780135758503,-0.1219373221009158,0.09831649844840196,0.08247422691479592,-0.07656047666319182,-0.2501942505299164,0.0058019063406547855,0.36933436982987666,0.3881895887103921,0.48132608197183924,0.4763532769923627,0.731591080045439,0.19466459492576108,0.3121632822213012,0.2620632495893136,0.27387396730158153,0.46920486983436505,0.3981351986693453,0.45012562503767667,-0.012846412863647884,0.04294335519065843,-0.10453250467274769,0.29267029306294573,0.36079670555239557,0.1285743887277248,0.07495661635812152,0.1738409740742028,0.21310541339132014,0.24921650400754844,0.28319821812705626,0.2783734787469505,0.3605283610120535,0.13063973081499983,0.24687904721026538,0.19787619814167304,0.10038850052318386,0.21010101038288637,0.10422170436153042,0.22161210111893903,0.1389277391141275,0.19497539523697838,0.3909867915113477,0.3634291639167482,0.3784511789589171,0.24708624741774354,0.2621668523762633
0.3810831111583461,0.6071326825998336,0.45787251692428205,0.5257051101190777,0.4896532077993538,0.3087721116779803,0.37037037037037035,0.4276612276612276,0.37745720144228195,0.3296987906106936,0.127269431033853,0.15368677325089206,0.09919966850435571,0.08484848484848483,0.19005931265925904,1.0,0.1913962342979596,0.462096293957266,0.2745991868102296,0.34751754692963766,0.359077959077959,0.15504157067025412,0.21625961520811404,0.14095159164509236,0.06889406889406889,0.02698712802956345,0.17487697487697487,0.09898733524855231,0.19471135175264687,0.011240320119798981,0.11411255863556294,0.1656004766036744,0.4100903888868596,0.3937219964543413,0.257504726963526,0.29406127797280557,0.1824868561384876,0.2999222999222999,0.2560410246643611,0.25873455759629455,0.3229215229215229,-0.19833726146871106,0.08220455313419808,0.014762632415404193,0.2768194768194768,0.17026236052432836,0.19471135175264687,0.1888062987864852,0.29198932956362605,0.2641216234601613,0.41408961408961403,0.5096739103991414,0.5901427056445613,0.5098547047888542,0.1597990210579717,0.2406050090159736,0.35269741795258647,0.34092263164031544,0.37818238338549476,0.13949392664801225,0.23750938908223024,0.20362072991211888,0.09173551581642395,0.0981585558848805,0.32161819181489343,0.17135457135457133,0.34617078046367095,0.22528426022216344,0.32136752136752134,0.45811965811965805,0.34482401399770424,0.332495920963086,0.168462495045763,0.13358887368185057,0.22750582750582748,0.11172981796500646,0.1370075885569968,0.18616938616938614,0.08997902046583074,0.1708365708365708,0.10592836241930377,0.39061407384057195,0.29588189588189584,0.27619787619787617,0.18600916843409282,0.35425137925947114,0.16363212561495383,0.27251301451733845,0.3342570771108886,0.1441558105686662,0.484058947094569,0.2549014530393124,0.42492683067427145,-0.18082929741114398,0.05236849604201277,0.1735774779790156,0.22983087728824,0.2897101863135286,0.3030742535527366,0.3355607355607355
-0.026831036983321246,0.22231430643323316,0.007562807572953995,0.28902931731068054,0.0826686004350979,0.012534963223868227,0.15700189070557932,0.2383258657658761,0.15238785869677818,0.004040194758106288,-0.022272868538278253,0.10297316896301667,0.41098161153299323,0.45235813643412215,0.41978762035081635,0.1913962342979596,1.0,0.29918160157464,0.5180005186954793,0.30446493318139434,0.5303669940397318,0.2900802904694683,0.3887910494146897,-0.015540015560864375,0.008235994926488655,0.1761110535584792,0.21346248485572167,0.1043199005490521,0.38692634414171756,0.07500258986843468,0.1476225007769605,0.03739770019683,0.2336061328084533,0.3288096964674194,0.3444703449324937,0.1668911219310059,0.1691702061535274,0.025225971881760848,0.01719672640629856,-0.0875375530923029,0.12747662587477093,0.18305190096343105,0.046824821299078,0.20470320107738527,0.21615601778765506,0.08898787941572568,0.10359473738734071,0.17984046410442348,0.1679270693048793,0.1422355744328188,0.2025847557075291,0.11965811981865568,0.2869574225629338,0.15591007976794777,0.1419247902206568,-0.004868952657205014,0.18647052729721328,0.10629921316893803,-0.004040194758106288,-0.16502641665803378,0.14317534336743046,0.3525328913291204,0.4140681653372008,0.37553092302911006,0.48606650782140265,0.3983838803749952,0.09188853206257121,0.4131572137115142,0.21025096482149339,0.30110590256401604,0.3915881073241479,0.38133222832280117,0.3128286160341152,-0.060084947684657615,0.058687938690010356,0.08173624779861183,0.27266134880348075,0.19346818270713914,0.0473452474087668,0.06935847299728497,0.09986532684139644,0.1605718429503781,0.14353422604591234,0.23438916378843497,0.16709831140578058,0.25038848026520255,0.29555578576608305,0.11871956904589245,0.163886874546773,-0.013156531648192272,0.22003522221071167,0.09468558997202942,0.1647241649451624,0.2131979695431472,0.12752512172381641,0.15197347974722883,0.12099865326841396,0.22303946959494456,0.2256293380296281,0.22330423979932446
0.12224179011706204,0.46959494457681544,0.30510230551163725,0.5048171552885113,0.3587485755723609,0.30643323319175386,0.43174224976278575,0.5527440368588706,0.46493318139438516,0.20491039055215995,0.01802548430539728,0.10266238475085465,0.11499611515039637,0.1659112688650513,0.2858326862161654,0.462096293957266,0.29918160157464,1.0,0.37099197148970214,0.49497565523671394,0.47452798441234323,0.28749028787599096,0.4152077074484616,0.17135457158446452,-0.031856206791135364,0.18408784833730443,0.2647432079829152,0.16471563244587176,0.2981456542007666,0.06826893193825753,0.1303221796332746,0.07976794778825234,0.2254221485548534,0.4963223868227494,0.373996374498136,0.43261162332953484,0.20242411685486375,0.07484913628161073,0.0686833108878069,0.15995027452605406,0.18217606387711066,-0.13570910597741634,0.12338133222832279,0.06453952139231327,0.18994587041153396,0.12410649539003417,0.15052315342380607,0.18553817466072722,0.16222935874857555,0.18336268517559307,0.24899640007315074,0.37223517273457135,0.5634517766497462,0.44069201284574744,0.36682896508857343,0.2498705065782658,0.48078317621464833,0.4598010799646657,0.24614109603232154,-0.015332021133326428,0.15032375052542807,0.20076660105666633,0.2165130011395421,0.15435615870713768,0.4544701129182637,0.2775892881198283,0.19144307469180563,0.3266511270893692,0.5400015541424165,0.7218150270479208,0.5729824924893815,0.5270900238267895,0.41860706179362234,0.065368279291412,0.3141591775418471,0.11105355847922925,0.2698642908940226,0.3646111213053688,0.032634032677815186,0.10137007591910878,0.22614731171656477,0.3630995545426292,0.18932428588878006,0.36357514710077904,0.345384854449394,0.31990054905210813,0.17258883248730963,0.29949238578680204,0.4940433026002279,0.13135812700714802,0.2493525328913291,0.18657412203460064,0.2380730383924422,-0.07697088987879415,0.16906661141614004,0.10504506371076348,0.17849373251838804,0.3263234227701232,0.3038433647570703,0.2690942996421922
0.060088060168675586,0.3332815337286713,0.024243680066307498,0.38155918207108996,0.14307174326369138,0.038953639005900036,0.26734699172374926,0.3149006709336702,0.21766381795584036,0.03377363381894524,-0.057498057575198186,0.033980834026423434,0.2778698715292167,0.41591338820964596,0.38758806464981344,0.2745991868102296,0.5180005186954793,0.37099197148970214,1.0,0.2954674958639013,0.5921417288111175,0.2653336096145876,0.41471121526760063,-0.16297140489017817,-0.03879924371266968,0.10691530705874691,0.16270817690453332,0.1217301218934376,0.3084175088312883,0.06609686618554315,0.21476301505114567,0.013468013486082458,0.2119658122501901,0.303755504163029,0.3040820555325321,0.174048174281681,0.11644651660274372,0.03921365486046855,0.055633255707894465,-0.022792022822601087,0.14903260902717044,0.11478891494291818,0.09241129253527348,0.20616420644080072,0.2055997307017169,0.14524734544221238,0.17280497303681186,0.2262626265661853,0.13146853164491262,0.12804972822152247,0.2768784481231234,0.19912971404890173,0.3705775710747458,0.2411810415046151,0.17000777023585625,-0.03273763278155428,0.2611758615262606,0.17365176420753514,0.0596736597537192,-0.1269101270803924,0.09987567343555738,0.3734783739794405,0.35980316028587983,0.4317016322808124,0.5789173796940675,0.411458468370808,0.1466977468945597,0.40167840861997506,0.19337460184165006,0.333756378158519,0.39119399171882585,0.37751877802526523,0.3362602637955529,-0.06941206950519421,0.07340257455387575,-0.03087283091425056,0.16078736100307672,0.16685228838252208,0.044135930377123905,0.09153306227007652,0.07521367531458358,0.12628852645795782,0.11608692277715987,0.26890103352799505,0.17321937345176824,0.28344988383016617,0.18596218621167704,0.074592074692149,0.15736855757968657,-0.06630406639302135,0.25164465198226377,0.13685573703934562,0.19788644840447572,0.1272209273916097,0.08764568776327508,0.1618233620404677,0.11168091183074531,0.1866873869378507,0.20813260841184353,0.17845580052089055
0.10556303739770019,0.36548223350253806,0.14535094554595146,0.4106495390034186,0.28820055941158185,0.16979177457785144,0.2673331434943896,0.301313097404934,0.266342069822853,0.06681860561483477,-0.10556303739770019,0.11747643219724437,0.17591297614898474,0.2093185880373626,0.37016317065978943,0.34751754692963766,0.30446493318139434,0.49497565523671394,0.2954674958639013,1.0,0.4134055063415469,0.24853664887009094,0.42111260747954,0.18316498341072143,-0.16705084049010008,0.1966228115611727,0.48571650582191267,0.27090023826789594,0.38464725991919607,0.18377706412514241,0.2644773645498808,0.048585931834662796,0.25681135398321764,0.5188024448358023,0.45760165821558635,0.4733243551227597,0.36952242826064435,0.17419906250176947,0.11934113747021649,0.13063296384543666,0.4093652069436468,0.07407023723194861,0.17901170620532475,0.2513208329016886,0.45546605904789145,0.3077799647777893,0.22500776960530405,0.3969750336682896,0.3042577437066197,0.4395524707344866,0.2695086893240281,0.2689458693066928,0.37418419144307463,0.31834662799129804,0.2218999274836838,0.07966435305086501,0.17030974826478815,0.2178823053550455,0.07945716357609033,-0.1478296902517352,0.04651644657885403,0.20522117476432197,0.22221071169584583,0.21226561690666113,0.3971822231430643,0.3409909094407221,0.32269760696156635,0.3257187261557173,0.39071767126103096,0.45888477392303767,0.5786802030456852,0.39107013363721116,0.44554378647283077,0.19496529576297522,0.09670819199845483,0.005076142131979695,0.3062260437169792,0.4077076482163032,0.07013727023136788,0.08096138408869036,0.23578162229358746,0.41334300217548947,0.2942684728137236,0.22009271976509617,0.3384440070444421,0.3786387651507303,0.3693152387858697,0.33896198073137884,0.5246037501294933,0.24583031182015952,0.30166787527193617,0.14316792706930487,0.3122507126696349,0.06464311612970061,0.22324665906971924,0.2793950067336579,0.39531751787009217,0.4339583549155703,0.46804102351600535,0.49680142981102315
