0,1,2,3,4,5,6,7,8,9,10,11,12,13,14,15,16,17,18,19,20,21,22,23,24,25,26,27,28,29,30,31,32,33,34,35,36,37,38,39,40,41,42,43,44,45,46,47,48,49,50,51,52,53,54,55,56,57,58,59,60,61,62,63,64,65,66,67,68,69,70,71,72,73,74,75,76,77,78,79,80,81,82,83,84,85,86,87,88,89,90,91,92,93,94,95,96,97,98,99
0.0,0.1061809646210242,0.0972282229377456,0.1061962427258628,0.0814702266628566,0.1111139880902656,0.1139616480873604,0.0908234066885931,0.0804925882867282,0.107692881757847,0.0849061760557364,0.0995652418315977,0.0876109906885536,0.1018237978870762,0.1053877447508701,0.1418860974189805,0.067529703992994,0.0813349301384248,0.0878954298338287,0.0960548953483353,0.0840471151641274,0.1269527558613067,0.0819065226906693,0.0975847228968503,0.0912684236277477,0.111536113197716,0.1225189376163328,0.0755863805385415,0.0736557585244738,0.0778040393279809,0.0726350240283203,0.0954087970045121,0.0725777393922735,0.0718367421612545,0.0782703531212896,0.087452465442664,0.1053837913081088,0.0822527919002933,0.0709831713583409,0.0752779066263875,0.1355044510963446,0.1029908266299243,0.0948140453285921,0.1487283005069644,0.1295612285155349,0.0986670824080475,0.0897890647771992,0.0900279995454781,0.1007218757917723,0.0901543886212788,0.0946759639197083,0.0776755209195138,0.1603708051501058,0.1437865865688145,0.0892951738809759,0.0599465595015707,0.0847677229530706,0.1149485345071015,0.0937807322677116,0.0675064287967882,0.056230559043297,0.0809665572271316,0.090966019823569,0.0827495206466339,0.0872990640376611,0.0954136802378198,0.1811750545734488,0.0892360300868391,0.1100458488015623,0.131246642881752,0.0550112873228527,0.1063159762605236,0.2063432359162014,0.0929953236866854,0.1216523814783395,0.1002044994645572,0.0800896658587749,0.0699887596048614,0.1276446061276079,0.052391255762149,0.1321244225757993,0.1295488661200445,0.1567749990148039,0.1313000117881798,0.1017209798677674,0.1685760182982963,0.1077694758465844,0.1546329513529932,0.1357247785324047,0.0930637679498539,0.1133830420113784,0.1270387217993682,0.0901196923860909,0.1102878821173412,0.0925779846461861,0.1119604537158944,0.0766542546078356,0.1708382490924271,0.1529659857588827,0.0919918927765114
0.1061809646210242,0.0,0.0920827158277541,0.0708419822181329,0.094748453450767,0.0784480181640201,0.0796739197286369,0.0981409871543888,0.0850551724004874,0.0789855786464245,0.0702321725321585,0.0777647581934164,0.1313294157060675,0.115928498403914,0.0909284920183736,0.0930483058987939,0.1372781659214839,0.0795575084501963,0.0657202959876622,0.1376604399666116,0.0863313257869495,0.0896927168683249,0.0579367457521715,0.0861890832579274,0.109919746592363,0.0782817689372193,0.0771285186222995,0.0770735453353014,0.1032079874759654,0.1264283055135161,0.0821892532760766,0.0702322723017121,0.0870299113010694,0.0761779845928339,0.1160743699216649,0.0971316044056753,0.0890721170204638,0.133269405359919,0.121781391260327,0.0775679277909227,0.1258551926202333,0.0924702948108447,0.0530311962585298,0.0948059921864028,0.0829622155979232,0.0992649429399157,0.1130733060025029,0.0741084134817358,0.1080501868127903,0.0817506057983417,0.0880169699930517,0.1052854151013026,0.1083203177246455,0.0861373093395687,0.0970224056350528,0.0867190368846051,0.0885928461382742,0.099894612418524,0.0714585538717797,0.0935458365144877,0.0936577164926247,0.1178986860282976,0.1201777179066132,0.0721027697446167,0.0676796232621189,0.1022543540603126,0.1482024272617673,0.1014725817698983,0.0763802221793184,0.1080386509127486,0.1010433324415201,0.0790900107799061,0.1338941496373448,0.1151011053150053,0.1340125262825557,0.0948412418800885,0.0979054560078136,0.069967432242926,0.0694106202057746,0.0884022987273184,0.08521880768128,0.0773802260168086,0.1071621291868326,0.1142453335139953,0.1113196113449795,0.1196703235637761,0.0842413593182025,0.1073714128246677,0.0966460751410092,0.0783331801530355,0.0692633638924983,0.0977660251093393,0.0868256517701465,0.0788544740866877,0.0873063351720781,0.0595114431374964,0.1043052082974841,0.0904517583620499,0.1423982677896824,0.0748418328918255
0.0972282229377456,0.0920827158277541,0.0,0.1047881191477675,0.1278852838206312,0.1016621905163852,0.140938008119402,0.1118794733391222,0.1263675828006122,0.117804664329597,0.0755045147379188,0.0823421954077446,0.1138001096214022,0.1158426358745843,0.0951454299834656,0.1228717273512033,0.1231329144894782,0.0580284488929882,0.0893463584393285,0.1682192082303902,0.0659289596047627,0.1132479815352497,0.099721139971438,0.0964660480334715,0.0751048958552067,0.1322926933116552,0.1112481628871254,0.0958828893317091,0.0980514581661592,0.1377062598893882,0.0898680809725816,0.1167081170938214,0.1085156733009095,0.0708956151978014,0.1408909697331274,0.1268732686741436,0.0704911642374316,0.0968782712889433,0.1204769865538238,0.0678447247690416,0.1495591320643366,0.0691363204892931,0.0877380738990186,0.1509190856027635,0.0917404434216211,0.1303908550794076,0.1259870400364235,0.1171629000974351,0.1497936156093136,0.1344544591538671,0.0866912205080243,0.108058643204325,0.1406077233233036,0.1093246384292155,0.1120516754283783,0.0662180880337451,0.1024479284436192,0.1171877089772521,0.103735074562444,0.0770773816130781,0.067278823242828,0.1036959375801144,0.1397689748804106,0.0911132262370038,0.0816813419373648,0.1120862340788022,0.1824107116129268,0.0701649110999765,0.1446747722120598,0.1548921259669861,0.0981595716166037,0.0802197606225026,0.2028659707816539,0.0741031735715891,0.0865844300514995,0.0769477512888688,0.0591461706715154,0.1011769038341386,0.1313755169461261,0.0882729234607783,0.1478949007863613,0.106551314791262,0.1538511156483372,0.1602727909590749,0.1303289898134819,0.1829392878298164,0.0718320473464736,0.1190182482733095,0.08430599439528,0.1129151047477302,0.0723039798241045,0.1179333325156525,0.0926028589862088,0.0614416290834925,0.0774343881490163,0.1180029686247508,0.1088527039582008,0.1618330645585347,0.2053776218067699,0.0813992446471943
0.1061962427258628,0.0708419822181329,0.1047881191477675,0.0,0.0739817983693666,0.0811483987827203,0.065925405103797,0.0611513600719711,0.0745553062650158,0.0661969603916024,0.0898008688179644,0.0617024201442342,0.1505984894566376,0.1139995130709631,0.0862917785309397,0.0902718173277563,0.1270722409864234,0.1008408257984268,0.0673336174495005,0.1258963298775195,0.0958454319992679,0.0887412785606924,0.0734987844617043,0.0849425646650003,0.1199958658333122,0.0682601731905873,0.0725592380251483,0.0853288622299248,0.1022559517484045,0.1304415003414939,0.0893312386640481,0.0849178003416433,0.0853397704053714,0.0863589756523068,0.1052756786252561,0.0940633091868085,0.1040869286619639,0.1410306772856493,0.133501174558256,0.0853835499294598,0.1083842388164115,0.0934803961562637,0.0713187418245429,0.0787049546579603,0.1068015251811506,0.0831855602151413,0.1021034276795733,0.0802098070322687,0.0832449346172947,0.0961087502566472,0.082465298170391,0.0947370097178359,0.0987145238638446,0.09090666961947,0.0704674613717565,0.0922330232991152,0.0689524907819102,0.0618415331165971,0.1053970565256621,0.1063501274260404,0.0931190198183601,0.1238257550205825,0.0922372781451645,0.0672030019117737,0.0689026278576797,0.0760556067498155,0.1272654847091352,0.1110085075597554,0.0663348804521072,0.0811893998215354,0.1038405674593614,0.0795280846690603,0.1344042438012853,0.1287748700812169,0.1486836223162754,0.1041062748236669,0.1024467824124621,0.0812043132671425,0.0716098932266026,0.088014861839289,0.0723506441360141,0.0937772898396648,0.087419014052847,0.0911965033256225,0.1332056020094431,0.0995050531754111,0.090767984467265,0.0986696134117747,0.1192006495411396,0.0809754348677821,0.0811976367954926,0.1176140576778319,0.072923056369966,0.1145833269358802,0.0947367962143676,0.0684476097147664,0.091851699135502,0.0986020898223477,0.1233342897844088,0.0894185598520032
0.0814702266628566,0.094748453450767,0.1278852838206312,0.0739817983693666,0.0,0.0971366474258675,0.0837741781249852,0.0919775805745757,0.0668590099412283,0.0895105409022234,0.1027452167912293,0.0922858396757109,0.141495530791028,0.1172371262098196,0.0980513748371209,0.105882922942426,0.1040968148868714,0.1055174667488122,0.0977725823824879,0.0934451403759058,0.1133202768087763,0.0913379796596818,0.0858470247404884,0.1025548016105088,0.1289024788744802,0.0813260978099975,0.0922639595753317,0.0901123651442499,0.1077997633330682,0.1036798933057859,0.075143909800383,0.0918500824341838,0.0753629429012624,0.09862603914563,0.093286333016102,0.0802954048985422,0.1211753603767018,0.1165688001660309,0.1099739256185882,0.0934094629976185,0.1096354908263725,0.1190159940127695,0.0977209621693029,0.1019463239239324,0.1234094822519799,0.1014278943227418,0.088028600151635,0.0692975727088733,0.0884083281723028,0.1038009581503117,0.0938065475099196,0.0950973169468859,0.117814990078504,0.1166206352196917,0.075877753295299,0.1040971940988385,0.085399515525421,0.084676591290282,0.1161243977504499,0.1025399296347815,0.0811535457101361,0.130243008025185,0.0797680875126193,0.0781319842370996,0.0816899154763973,0.0877637171089068,0.1310261560161895,0.1315957738084304,0.0756559803033694,0.0939068920334834,0.100986013021854,0.1009120575719297,0.1407884907192491,0.1376908258872697,0.1710873482085069,0.1148020201425446,0.1090075775499344,0.0702383482158739,0.0951096462055496,0.0880169537445738,0.0900973121375577,0.1102244818943533,0.1207489306420682,0.0937080998308085,0.1342068834455526,0.1091567228391391,0.1141221589345032,0.1249837850289053,0.1449955776049674,0.091274028568559,0.1042631873098701,0.1193221637283549,0.0892200245671262,0.1410342743934657,0.0962852509943155,0.0994459077383327,0.0957741352948765,0.1149286558474849,0.1199829380901775,0.0965241329045584
0.1111139880902656,0.0784480181640201,0.1016621905163852,0.0811483987827203,0.0971366474258675,0.0,0.0861493298861797,0.0887982157998845,0.1037110755551993,0.0599420226254075,0.0763261027640326,0.0624697624848521,0.1502705318295841,0.0864915947328771,0.0671133218251757,0.074884627870363,0.1348795287059565,0.103597339835395,0.0666987424626824,0.1452613310555887,0.0892059482947681,0.0674007625639178,0.0945278829638061,0.0532945578736264,0.1216343593039499,0.0879242800523439,0.0767230937184628,0.0808901240863797,0.1238246916045436,0.1470721593884745,0.0740962187448902,0.0854800264145757,0.0884764746818196,0.0945337629038703,0.1177898464585372,0.0856866453014356,0.0723835008978329,0.1352658478773276,0.1354705854788855,0.0928278241490397,0.0985563809132933,0.079615966400314,0.0777961365810315,0.0775620341201821,0.0866687933141789,0.0806790591749107,0.0871628509397875,0.0887523022747074,0.1041643553972078,0.1184822058345875,0.0626814603443806,0.1091741116788968,0.083064066699513,0.0887203212243321,0.0825531970055757,0.0962362621687191,0.0658187509796875,0.0714910779953149,0.094675361131714,0.1114378297428079,0.1037868044326541,0.1291623162050619,0.0922360631384835,0.0857497395201832,0.0848596249316678,0.0781787005097578,0.114340794988228,0.0975609451899815,0.1122312143078257,0.1123279382001644,0.1073114168046799,0.0723041944590385,0.1405315592121622,0.1371953483248801,0.1506463765817703,0.0879279112648658,0.1056344208601154,0.0805791516636118,0.0843276936627126,0.0952252124288086,0.0815093652333503,0.0822912858119888,0.0912679474719506,0.0983147147220876,0.152991367795615,0.1096182484337051,0.0692158932025675,0.0635003258105389,0.0833716581121179,0.0824203023245135,0.0525823142674252,0.0934071734062369,0.0590925608798329,0.0992098085658881,0.0898539049428238,0.0935903275564169,0.0990243729449442,0.0978549267430178,0.1454009835881644,0.0726788709877809
0.1139616480873604,0.0796739197286369,0.140938008119402,0.065925405103797,0.0837741781249852,0.0861493298861797,0.0,0.0670307088763517,0.0633640231438703,0.0617210575981565,0.1060524586551465,0.0912536864725646,0.1475787238361235,0.092281477193707,0.1019133641411584,0.1089900785892693,0.1459238859618592,0.1229411579142813,0.0714863980170727,0.1027540584042704,0.1261030566539068,0.0978887241729841,0.0714303869774924,0.0894471600623251,0.1464473640245872,0.0814760076925074,0.0782734315322817,0.0893999448412599,0.1246012335166456,0.1233509451483531,0.088519661356615,0.0833934876667791,0.0795517297011569,0.0982333345342274,0.090620531432065,0.074463619961191,0.1232039272709594,0.1589048610787486,0.1340225508799463,0.0940478237431788,0.114191516842677,0.1330300821799141,0.083073637338932,0.0719375750153537,0.127834906159795,0.0680106983983586,0.0999628855951491,0.0910283775239128,0.0607151615529352,0.0866960849580941,0.1030844642336791,0.100268721942563,0.1156659204019571,0.1099715160771812,0.0768458104392551,0.1134478978141699,0.0881800834319332,0.0865319194138568,0.1088873887129313,0.1192978748571206,0.1141471431966517,0.125249033545833,0.0748440973730088,0.0947821118119993,0.0871738061162218,0.0806130338834089,0.127176349564503,0.1285158352130026,0.071639838688924,0.078043048724285,0.1048700125994979,0.108628989977284,0.1370115165850742,0.1513153574715628,0.1781793149888637,0.124484804045851,0.1352968021481234,0.0714542080358232,0.0599366856631525,0.1085114160583186,0.0541761630525109,0.1091725002135194,0.0871372296577315,0.0672531221996723,0.1376642925533521,0.0965484113805211,0.1240839562428434,0.1269276428253268,0.1413583591443671,0.0773177020898683,0.1119534003546447,0.131895761802687,0.087872068139018,0.1419142267675734,0.1125504145002949,0.0693577490315873,0.0889595937088202,0.0992712995631107,0.0880310506047976,0.1067811831196744
0.0908234066885931,0.0981409871543888,0.1118794733391222,0.0611513600719711,0.0919775805745757,0.0887982157998845,0.0670307088763517,0.0,0.0708824707318166,0.0778837129944484,0.0929147388428204,0.0693079676756846,0.122352500034012,0.089999657801863,0.0771341842934047,0.1235604838898156,0.1192633828063061,0.1093344904981144,0.0616747953100102,0.0993716719637084,0.0993299795834677,0.113703854141471,0.079575964578722,0.092131192249352,0.115007031607466,0.0868961590806823,0.08721684981557,0.0828548473543642,0.0914005386474427,0.1149404921538017,0.091624173847139,0.0939284405958119,0.0721985016619678,0.0755079309013233,0.0772397309146077,0.0865417626094395,0.1229061079088541,0.139838941040196,0.1064654645097584,0.0777841436957688,0.1051152491539416,0.1141263797863037,0.0757092524931079,0.1002681605753875,0.142208846253937,0.0700241980590582,0.0916018608713857,0.0941514309891272,0.0678650869891345,0.0924680368574096,0.0931762763930862,0.0734380023003447,0.1305864758433029,0.1233018516672086,0.0553125743780001,0.0869942166331826,0.0724570427874748,0.0894326543808976,0.1127511515969704,0.0881908344834403,0.0965830805273343,0.0990002121026755,0.0761950267798041,0.0717639703725281,0.0728414153178391,0.0536707039694539,0.1467442464733595,0.1056043032656393,0.0892855271577071,0.0960760310232905,0.0810314677226703,0.1068954362374352,0.1771298521768255,0.1179805296812244,0.1464752256703161,0.1069300183141934,0.0974648750965885,0.0835836368580926,0.0919143136791062,0.0716789290525798,0.0764646979425062,0.1172901627570726,0.1027433808021456,0.1013917953078891,0.1173390478680113,0.12658532481179,0.1042065114221853,0.1233092917240896,0.1403404790226153,0.0729430509103645,0.1029936136725114,0.1489889758007446,0.083982029283807,0.127238566855831,0.108378001552367,0.0863891669283001,0.0690846232728387,0.1385770845484199,0.1190385528583691,0.1117862462153176
0.0804925882867282,0.0850551724004874,0.1263675828006122,0.0745553062650158,0.0668590099412283,0.1037110755551993,0.0633640231438703,0.0708824707318166,0.0,0.0886470759222226,0.0891886208540298,0.0937778981426648,0.1229172490159877,0.0953152438427729,0.1002704295366119,0.1326418532496181,0.1126981548412158,0.0992575424423554,0.0719871991598082,0.0858835025015883,0.1052702562763377,0.1040678703220428,0.0657081162397602,0.0952368374114415,0.12497074582978,0.0860922162263117,0.1072517997138312,0.0795343224151981,0.0946428222778482,0.0889965248373662,0.076088194694811,0.0756635336223469,0.0577666338838633,0.0828492697445194,0.0738184886675205,0.0669796045463261,0.1248298978196329,0.1298507050107139,0.1019716561988186,0.0809509271152949,0.1095789209235151,0.1207811796615484,0.0800051709882503,0.1012424148159011,0.1386267354919961,0.0846875693997293,0.0897232259264506,0.0731226984419202,0.0687661957628835,0.0792873299328305,0.1008522829661472,0.0898948941616964,0.141978138713635,0.1286052595027813,0.0775772330787849,0.0951703521351477,0.0823138094862208,0.1069626863171092,0.0970075441893612,0.0954763300199887,0.0885600744376961,0.1041472470674598,0.0681778425380584,0.0715642348571167,0.0712342186391044,0.0873628122943659,0.1578222023222818,0.1207034679815326,0.075989323377885,0.1055727987612596,0.0820841334156515,0.1128829667454364,0.1588648759446802,0.1240337272102685,0.1562557521062092,0.1143021504192446,0.1103421707197498,0.058772830224003,0.0898308582163666,0.0716726164628659,0.0812004224764892,0.1201405916003111,0.131044234107017,0.0933389782747136,0.1127285226661987,0.125131881113679,0.1220566550373039,0.1462715879666263,0.1458001068799739,0.0814395483646403,0.1146168383348142,0.1268063778535232,0.0910899155079939,0.1318491699159284,0.1033064372091382,0.0788128337376004,0.0703660978753038,0.1192382403157607,0.1122492747647531,0.1028717133982818
0.107692881757847,0.0789855786464245,0.117804664329597,0.0661969603916024,0.0895105409022234,0.0599420226254075,0.0617210575981565,0.0778837129944484,0.0886470759222226,0.0,0.0942316644027501,0.0680165618300564,0.150047742314012,0.0830636764854386,0.0789790035117359,0.0848448965868291,0.1338904120498799,0.1151163518514601,0.0615494297878266,0.1276989318065164,0.1151560766959355,0.0844224813745978,0.0784698669259463,0.0667970266444401,0.129093740770264,0.0711134010150098,0.0651145812816704,0.075511599363372,0.1111296348730273,0.1304816084674258,0.0751381942599167,0.0819191598825978,0.0820211987371072,0.0888095694817121,0.1053550657401904,0.0777867385664481,0.0955523655952917,0.1477296514024862,0.1317253891156605,0.087736641172216,0.0926829544252254,0.1111606575991387,0.0706690601693156,0.0851896319072106,0.1020666173936814,0.0593267112220225,0.0898222967625105,0.0951454715582664,0.0805867612246162,0.0996559237605159,0.0736432550057964,0.0957692035853464,0.0980147168216308,0.0873556899381627,0.0729502641425442,0.1021595877542783,0.0761300330860066,0.0734915138112936,0.1018839734039905,0.1124775204821467,0.1044106749128493,0.1239141131743234,0.0776399816255396,0.0917901714050291,0.0849985793119514,0.0708994591799688,0.114691177046042,0.1112042364749694,0.0828642713929786,0.0845996869611524,0.0988525063803541,0.0902174228703099,0.1325466554490288,0.1407793505427108,0.1611756896988002,0.0985022949156639,0.1192401342173631,0.0711309981840245,0.0628173162923643,0.0950324269306633,0.0740937005473981,0.0859521914638475,0.0671501561120799,0.0791678697741327,0.1388604802766443,0.0971480122469335,0.0988655192552908,0.0794383842615806,0.1147204159700131,0.0693518825202589,0.0821879792068624,0.1108902219144562,0.0558341847773968,0.1239649209266382,0.0953417748574711,0.076939824210268,0.0970495005215855,0.0969929224603849,0.1112441666058603,0.091891751633598
0.0849061760557364,0.0702321725321585,0.0755045147379188,0.0898008688179644,0.1027452167912293,0.0763261027640326,0.1060524586551465,0.0929147388428204,0.0891886208540298,0.0942316644027501,0.0,0.0780703202029587,0.0997114056389029,0.0967994573648155,0.0792063408447544,0.1197094298315435,0.1125325295081255,0.0713048525029356,0.0714346226610678,0.1318871844922216,0.0656516372786344,0.0835921542865911,0.0817695266623017,0.0638680093213916,0.0776061121137404,0.0936069591931254,0.1112948114869604,0.0575514811696133,0.0797624994072818,0.1002240720510625,0.0723498785809565,0.0763756588222592,0.0677576161458599,0.0707814676498915,0.1009432233889711,0.0859562287329038,0.0770610886156064,0.0863830162501737,0.0931213073890587,0.0681428968959258,0.1162581972062857,0.0715657693041741,0.0782909471350967,0.11751200584659,0.103358691872717,0.0979612677382059,0.0833112449996717,0.0705598293434867,0.1206403575549703,0.0947334254176115,0.0748367736534074,0.107973351267113,0.1264482207708857,0.1116877019697478,0.0865823342181245,0.0672034023913278,0.0703146713465208,0.103097865916899,0.0698140853796888,0.0713877712577967,0.0849426808091171,0.0986765955260367,0.0987635177862221,0.0751016918708402,0.056462779045954,0.097016514441433,0.153516668940404,0.0756478805414612,0.1131463427665768,0.1416585090242345,0.0787543684963821,0.081938686318095,0.1689124568238124,0.0791734710529376,0.1043577046456435,0.06999559657459,0.0742537566889543,0.0588690511080269,0.1043469685003687,0.065092569429437,0.1103239006221471,0.0885817501215819,0.1339030132272573,0.1296453964591974,0.1132539590294378,0.1403104727557647,0.0886624782952822,0.1094512418612499,0.0846684983655022,0.0820851057850575,0.0777506114005363,0.0925165653512527,0.0895389244190746,0.0603392608925276,0.0709247193229797,0.0838136331642644,0.0830050111006792,0.1295372239545482,0.1677008834843782,0.0674786992147433
0.0995652418315977,0.0777647581934164,0.0823421954077446,0.0617024201442342,0.0922858396757109,0.0624697624848521,0.0912536864725646,0.0693079676756846,0.0937778981426648,0.0680165618300564,0.0780703202029587,0.0,0.1380990638346317,0.0896363770002091,0.0759514936729286,0.08073920144436,0.1246275113573346,0.0897729134929567,0.0520574284945193,0.1410010031377852,0.0817489354925666,0.0858450206176074,0.0794167220167377,0.0677858728580575,0.1048518587513914,0.0895292972584925,0.0799953716263797,0.0820029267668933,0.1044039950219886,0.1378791305209789,0.0781236736164455,0.0985136555325586,0.0761161418698878,0.0713439456707757,0.1090032691122685,0.0931505993880531,0.0812239981266214,0.1270141403478717,0.1265585522609842,0.0772144502506725,0.1136560741714458,0.0774078517108352,0.0655024964754269,0.0987613645233469,0.0926529770252639,0.0831307275930525,0.0997184770189968,0.0913697174476545,0.1030331421725256,0.1133308975243909,0.0746774583055673,0.0881636793532484,0.0922172651505493,0.0835015869647552,0.0779304515146822,0.0771743784661569,0.0680247000701574,0.0664842535446432,0.0993886599551969,0.0899543785023183,0.0852230803736513,0.1107294148050317,0.0983180107632043,0.0706743815108458,0.062231372691342,0.0775251479460011,0.1328920481882892,0.0878413357165481,0.105154623842547,0.1117745487053132,0.092822514155883,0.0709323621420248,0.1586732492954025,0.1114348066405389,0.1218352775585435,0.083597086008554,0.0892128669311779,0.0814738597251875,0.0863325790736824,0.0780715418444954,0.097473478610959,0.0891574875974268,0.0962766315065777,0.1078740913036593,0.1360837145360107,0.1266016601307695,0.0569909771816091,0.0774300814219795,0.0972925441221825,0.0813863732816338,0.0594761107742095,0.1115695490216408,0.0644169511515966,0.0952471820041422,0.0876388821310493,0.0849774890490674,0.0953309762893885,0.1174185501861549,0.1557528964315176,0.0826943225132436
0.0876109906885536,0.1313294157060675,0.1138001096214022,0.1505984894566376,0.141495530791028,0.1502705318295841,0.1475787238361235,0.122352500034012,0.1229172490159877,0.150047742314012,0.0997114056389029,0.1380990638346317,0.0,0.103578506052547,0.1341767525323981,0.2029417449405746,0.1226567468344297,0.1053822699306696,0.1194726255811807,0.1168465054861403,0.1017246860469286,0.1619043955698171,0.1117747897887148,0.1307449059186773,0.0912089858835641,0.1419950413443527,0.1668234306201955,0.1059568988120518,0.1015889277356582,0.0880618276736781,0.1050613358991102,0.1364199923189492,0.1002246795726075,0.0910561253162471,0.083236210065756,0.117830326289134,0.1405463890944937,0.0901481466648583,0.0619527173800942,0.0927213411703746,0.1821407784593313,0.1354128309674836,0.1137560722475728,0.1948686138683102,0.1789008889997875,0.1264246055047228,0.1329675841417515,0.1366774584198652,0.1234851684865581,0.0964967858447807,0.1295785502764584,0.0870863523987568,0.2120485045624129,0.1961709392651538,0.1258755317783839,0.0968872528250853,0.1247622148770262,0.1743114378230209,0.1116698572998016,0.0698299030540327,0.1030483094059114,0.067932666594773,0.1326580985532827,0.1188271406646034,0.1148576036201253,0.1318903076811196,0.2349512359083803,0.0963422025317622,0.1482023757770335,0.1761904189040812,0.070052650609839,0.1571269386866421,0.2471061902096187,0.0671537258242165,0.0944158275121339,0.1179854319515642,0.1039636793011579,0.1077925714214193,0.1657879859317033,0.0927275720114524,0.1717822382701002,0.1614837584458806,0.2009146460439428,0.173064386576817,0.0843135268495871,0.2210145365942553,0.1586314945276092,0.1876667687024796,0.1604826979864187,0.100813942954473,0.1486750378080693,0.1797001528643249,0.1314820835229098,0.112345490506351,0.1212739513354158,0.1358209780335286,0.0942670691609832,0.2089419807397367,0.1776677168718571,0.1288650847470652
0.1018237978870762,0.115928498403914,0.1158426358745843,0.1139995130709631,0.1172371262098196,0.0864915947328771,0.092281477193707,0.089999657801863,0.0953152438427729,0.0830636764854386,0.0967994573648155,0.0896363770002091,0.103578506052547,0.0,0.0719247322903699,0.136032186233358,0.1265909436508605,0.1150068980823769,0.0763620476514523,0.115513543510538,0.1120292031013293,0.0987767934592926,0.1014825954216869,0.0697547672321056,0.1243009657481489,0.1227014407406147,0.1192326813633145,0.0907772623528189,0.1164300582499832,0.1225989568772085,0.075888505311475,0.1097658919268769,0.0700394052926195,0.083464799218575,0.0849044666022394,0.0692872470578588,0.1100333937344868,0.121850366889803,0.104290515716855,0.0911253638438678,0.1125024472946318,0.1080421966193134,0.0936643400651516,0.1153805470950297,0.1417067535963862,0.0823516055299166,0.0823031059348098,0.1090337033725973,0.0911329391430261,0.1181907359318419,0.088659176509171,0.0956202646880614,0.1469755558389086,0.1505592228061438,0.0896522229827109,0.0932574805613804,0.0777864587821726,0.1122048368954988,0.1180046005952719,0.0919211570136972,0.1107131465921823,0.0888932059586776,0.0851577491571468,0.1061751069082558,0.0922718127170376,0.0818527877303421,0.1456898094517464,0.0788797816016503,0.1330779696831535,0.1437266086341427,0.0725426189566174,0.1167663258021906,0.1882802339204673,0.1124133742181671,0.1468912454049572,0.1108085560134302,0.1026457188197665,0.0882536159648328,0.118430212257226,0.0885450337515974,0.1002134608802765,0.1294137614688074,0.1317447437858021,0.1088291757959213,0.1437879604164182,0.1479694744082142,0.1244844761181982,0.1230046065552298,0.1298768241199713,0.0901049676920742,0.1006537410712628,0.145954060023853,0.0828733456398852,0.1360654307852413,0.1063953799245903,0.1221559476177603,0.0716082454551555,0.1469546512933191,0.1387052265775619,0.1110334289254319
0.1053877447508701,0.0909284920183736,0.0951454299834656,0.0862917785309397,0.0980513748371209,0.0671133218251757,0.1019133641411584,0.0771341842934047,0.1002704295366119,0.0789790035117359,0.0792063408447544,0.0759514936729286,0.1341767525323981,0.0719247322903699,0.0,0.106864918213356,0.1281982919704745,0.1039016801457664,0.0758349659269711,0.1378777675831322,0.0985974688315773,0.0771846616237606,0.0970012348293135,0.0668495464155407,0.119186936463471,0.0994628886118295,0.0909561277727907,0.0822842840776034,0.1040463772866664,0.1354826252939971,0.0760742013831418,0.0848461059649874,0.0855217083033245,0.0810979567060627,0.1120680797333143,0.0844381897259609,0.0951608194275113,0.1221686339620144,0.1212493890905518,0.0828389937395726,0.0879047073263891,0.0775181220129739,0.0813053630061087,0.0976712724072235,0.1093032843837784,0.0895522832713448,0.0703675382432913,0.0883501758796185,0.1119177040479698,0.1252171447967438,0.0630200630345782,0.0985878495808718,0.1157754526708313,0.1111123717770006,0.0672040667031426,0.0985789947275354,0.0599101743392854,0.0902338972012417,0.1198130287879098,0.0973881118940387,0.1061877874604714,0.1085859799686682,0.0889934251774218,0.0911211274530208,0.0724513972702069,0.0597521402288154,0.1268388049568362,0.0782325983132454,0.1093853408059,0.1269019584249294,0.0932739682830727,0.0887138246611945,0.1611582157821014,0.1094449252374611,0.1487469272068618,0.0905684860845845,0.0850013608584303,0.0815212949753601,0.1051400381431369,0.0822758783602645,0.0986274494601952,0.0863679940530783,0.1089276244944998,0.1238558202018512,0.1421522936710692,0.1336541459366218,0.0914585043834844,0.09170398352965,0.0922253651206008,0.0959919241737219,0.0717350126893615,0.1125004931796094,0.0814184715912743,0.1114287933859339,0.0885911287905958,0.1010663699548738,0.0834752743154811,0.1272880296404784,0.1563763130840286,0.1021034245282911
0.1418860974189805,0.0930483058987939,0.1228717273512033,0.0902718173277563,0.105882922942426,0.074884627870363,0.1089900785892693,0.1235604838898156,0.1326418532496181,0.0848448965868291,0.1197094298315435,0.08073920144436,0.2029417449405746,0.136032186233358,0.106864918213356,0.0,0.1499210990270273,0.1227755448482741,0.1019343109931289,0.1786106428143745,0.112593253633057,0.0766810403655589,0.1135313010424078,0.0934453702269895,0.1558293618197823,0.1133760633375554,0.0949231460195312,0.1172053589396413,0.1471982616461943,0.1727939907870839,0.1111820803075502,0.0996057138478897,0.1236575419863567,0.1282707413503766,0.1599114143988513,0.1191360211390664,0.0747195041944148,0.1609332451390148,0.1806555239232556,0.1242725085888893,0.1034525417990689,0.0888832248958302,0.1102397330788521,0.0787832645164318,0.072831113318341,0.1268011171141696,0.1059967643277053,0.1054726675091106,0.1399789356720706,0.1384415136870472,0.0875421596557855,0.1495011899291737,0.0488238254278571,0.0752543138552953,0.121079044981204,0.1199954493722799,0.0983209282607322,0.0644704808876385,0.1276977639444963,0.152025142765471,0.119843174079585,0.1780484196574305,0.1379956631388021,0.1133715128513331,0.1110450116508711,0.124473179135755,0.0989649270737614,0.1357223004627958,0.1149963831477367,0.1241988559462519,0.1494356444025796,0.0662142774424406,0.1100891403618758,0.1746681176043869,0.1744253519389636,0.1242686860661511,0.1329207491507135,0.1153277620366747,0.0945820624752533,0.133756922723097,0.0956863681802411,0.094683810843128,0.1026020276660561,0.1077871081835347,0.1927454452408267,0.0954253795675746,0.0771039960035338,0.0797382158561109,0.095325011979507,0.1300786549645909,0.070601004534195,0.0688483734167567,0.0974996134130866,0.1208195741763611,0.1039804150667681,0.1112064670290808,0.1461159753487085,0.0855740174453201,0.1734964432661496,0.0869591067203731
0.067529703992994,0.1372781659214839,0.1231329144894782,0.1270722409864234,0.1040968148868714,0.1348795287059565,0.1459238859618592,0.1192633828063061,0.1126981548412158,0.1338904120498799,0.1125325295081255,0.1246275113573346,0.1226567468344297,0.1265909436508605,0.1281982919704745,0.1499210990270273,0.0,0.1133977508181051,0.112696836549092,0.1336730314535633,0.1054358591471378,0.1495045798030139,0.1157921762659617,0.124365843535984,0.1145970322374486,0.1338356489758526,0.1464432367351072,0.0999954974812091,0.07461385670534,0.1021111088248203,0.1017003585894009,0.1173276338783369,0.107233159602217,0.1006814989656238,0.113391183483533,0.1226036071320097,0.1278846036720481,0.1063053551521644,0.0857752860144173,0.1002419492413566,0.134764118157122,0.1191972928132486,0.1263206876906084,0.1678474360784676,0.1459040873390625,0.1267885310536274,0.1068256251541174,0.1085056239214334,0.1331669605769928,0.1249623361183552,0.1083047268296249,0.10126124200273,0.1719348641246363,0.1545057201793886,0.1064369333212881,0.0963455473443645,0.1038069724655308,0.125570802872737,0.1227825312479816,0.0911218092902784,0.0818804019065034,0.109687084888174,0.1255516052483944,0.112378048441758,0.1188374666192144,0.1193951275589208,0.1900072882347619,0.1084032578843358,0.1302952800234187,0.149837775800718,0.0913780728498371,0.1165126429118085,0.2201047165855961,0.125567281648698,0.1530833205003613,0.1195003817969578,0.1024722178304616,0.1026937489032972,0.1592442760627877,0.0848820663786213,0.1622671625665815,0.149041054931631,0.1784340394666976,0.1585413935078616,0.1282712010623033,0.175666666325822,0.128197875801888,0.1673930438635368,0.1545610854114325,0.1219630134675697,0.1373548004543955,0.1275224713651598,0.1099853379970511,0.1424280419981757,0.1143560848291706,0.1400711015436141,0.1006430553575509,0.1984514912679556,0.1834833212969317,0.1176567628301263
0.0813349301384248,0.0795575084501963,0.0580284488929882,0.1008408257984268,0.1055174667488122,0.103597339835395,0.1229411579142813,0.1093344904981144,0.0992575424423554,0.1151163518514601,0.0713048525029356,0.0897729134929567,0.1053822699306696,0.1150068980823769,0.1039016801457664,0.1227755448482741,0.1133977508181051,0.0,0.0879567130607247,0.1417965287594251,0.0722359288306208,0.1115203679701153,0.0875967690856295,0.0919910661016692,0.0807871362035238,0.1187934040271489,0.1191697977306733,0.0891392743435489,0.0933917221412276,0.12545806659044,0.0764266338206458,0.0997254605811995,0.0940165984022055,0.0767472563604871,0.1233211223653678,0.1095528246347476,0.0741297774184533,0.0843736402716375,0.1066574803904792,0.0707359968390576,0.1445429221739037,0.0775271044107364,0.0853392132726357,0.1442838956753122,0.0950145659259909,0.1312175596139763,0.1197672374342853,0.09534432144404,0.1334915593348419,0.1092617259800491,0.0883298858185867,0.1098330001765442,0.1449005391343668,0.1124890775212838,0.1163684507297952,0.0518471486657394,0.0997029728642085,0.1118452820985262,0.0826344649971196,0.0755272350947157,0.0591248225334007,0.1084567940435147,0.1323954229620232,0.0731371519652042,0.0730794009518887,0.117994972724955,0.1805526561378788,0.0751085946930048,0.1267549995170871,0.1454949450544974,0.0900971872676072,0.0851427373013122,0.1877293729466399,0.080627246494605,0.0970910828553134,0.0942817231675648,0.060184041548815,0.0806890346998765,0.1186817410297604,0.0816466910219067,0.1247482381127633,0.109004966780997,0.1585064476239221,0.1505768962963996,0.1201646487597472,0.1691653216498052,0.0828717591391514,0.1287766127092097,0.104873139819603,0.103829781843862,0.0844321287294755,0.1117865751036817,0.0936343488844241,0.0746722969495759,0.080049775061715,0.1047271782050221,0.1001860761611141,0.1519554124648221,0.1819974286685189,0.0740140105502084
0.0878954298338287,0.0657202959876622,0.0893463584393285,0.0673336174495005,0.0977725823824879,0.0666987424626824,0.0714863980170727,0.0616747953100102,0.0719871991598082,0.0615494297878266,0.0714346226610678,0.0520574284945193,0.1194726255811807,0.0763620476514523,0.0758349659269711,0.1019343109931289,0.112696836549092,0.0879567130607247,0.0,0.1220921498392269,0.0779826151698798,0.0992450105600477,0.054184542579437,0.0685273799176661,0.0956068288989706,0.0850247766183132,0.078675261023897,0.0614923737438406,0.0859531877242952,0.1201108046799279,0.0700742077613686,0.0806938748716887,0.0611262018273907,0.0555704340154118,0.087310984735458,0.0793140371973997,0.0881047467953104,0.1276275466454152,0.1096412344416338,0.061189643615097,0.1108734175506085,0.0888338111546284,0.0479598463556908,0.1030590666915856,0.1033785825121091,0.067337405893935,0.0889147775733763,0.0890616315551867,0.0821680832141033,0.0852218808234905,0.0692871768708989,0.0762075225038954,0.1151382782855592,0.0955714609792599,0.0725880901208943,0.0623595505794042,0.0680029299357086,0.0838073630601281,0.0795613776320526,0.0784109644925434,0.0841032491018086,0.0895619345398433,0.0876280048350821,0.0700652302297938,0.0652717514058076,0.0710732066790596,0.147414451641314,0.0815735969305367,0.0947419474230934,0.102243847287291,0.0710183223370081,0.0769401480459374,0.1696307333738178,0.1051689438923936,0.1233761507233457,0.0733484606589729,0.0876886776257204,0.0693024120309009,0.0735735045643488,0.0682313130959131,0.0874961422986476,0.0834964539555431,0.1005073708180075,0.1052712085651067,0.1079589856361801,0.1339784419824913,0.0754059759933954,0.1033519692307771,0.1033620185866541,0.0668594806350321,0.0738489610628626,0.1132733379516846,0.0622858702896448,0.0917268525852221,0.0836374570897704,0.066929140760924,0.0825576764486617,0.1243140646579577,0.1358174435118184,0.0785461127371205
0.0960548953483353,0.1376604399666116,0.1682192082303902,0.1258963298775195,0.0934451403759058,0.1452613310555887,0.1027540584042704,0.0993716719637084,0.0858835025015883,0.1276989318065164,0.1318871844922216,0.1410010031377852,0.1168465054861403,0.115513543510538,0.1378777675831322,0.1786106428143745,0.1336730314535633,0.1417965287594251,0.1220921498392269,0.0,0.1395365266890544,0.13973511195927,0.1206298104143763,0.1341266761293524,0.1496064888967143,0.1172996422089345,0.1480082053179128,0.1067029583508923,0.1202345785427793,0.0783231528326057,0.1051525962174975,0.1208186859598686,0.0892653358141022,0.1233102447904194,0.0641564607066531,0.0796862208807787,0.1666892847206207,0.1406914511092794,0.0928099222146129,0.1168447223195578,0.1451892863797118,0.1635957734186887,0.1248462748238257,0.1403946487548943,0.1842826609724511,0.1034813878334204,0.1110949727531553,0.1060902165129084,0.079098423765304,0.0857765322158095,0.1408796768270566,0.0885176167295247,0.1867719366729531,0.1898697292625636,0.0994988250978327,0.1315636943567514,0.1106354056485126,0.1509493997461714,0.1303671092410675,0.119542461458979,0.1192920351793081,0.1107356834218623,0.0732745757687431,0.131278512583654,0.1215371107858712,0.1126515716996709,0.1882443234631693,0.1627411280350056,0.1216332234854599,0.1402622663887028,0.0938180094209744,0.1494384520598141,0.1969352519441167,0.1515775526883571,0.1819123484014481,0.1516392750840234,0.1466817749925039,0.092711449864981,0.146553188443314,0.1133483563809092,0.1138657371767325,0.1575320365933478,0.1695485357464764,0.1086266072075864,0.1354510294801328,0.1629679878608694,0.1681216317884186,0.1866560994560311,0.1903749890096701,0.1008564343781251,0.1642058653535456,0.1798145940163772,0.1321750848014773,0.1667099603882479,0.1381777984785828,0.1280864586585729,0.0788431398405618,0.1674403676122328,0.1171198369584451,0.1296161905146502
0.0840471151641274,0.0863313257869495,0.0659289596047627,0.0958454319992679,0.1133202768087763,0.0892059482947681,0.1261030566539068,0.0993299795834677,0.1052702562763377,0.1151560766959355,0.0656516372786344,0.0817489354925666,0.1017246860469286,0.1120292031013293,0.0985974688315773,0.112593253633057,0.1054358591471378,0.0722359288306208,0.0779826151698798,0.1395365266890544,0.0,0.089694867988443,0.0904273780948038,0.0812050283200003,0.0752883030269619,0.1144501102095902,0.1208986064749621,0.0750608655096576,0.0866584489624878,0.1224978526339827,0.0872779895874369,0.1036501131297379,0.080075871798466,0.0703640369166109,0.0998168145434725,0.1067120030673785,0.068029275556064,0.0979040731631173,0.091828963419365,0.0709907215601489,0.1448494122122829,0.0576137246117003,0.0898348622208175,0.1376211697675057,0.0963212454329355,0.1120108054931953,0.108084450884922,0.0974969299153768,0.1304402542470078,0.0937883378826027,0.0857604652161247,0.0978726423625484,0.1274962383793819,0.1172284455479643,0.1036264632696858,0.0618115490988523,0.0845954640737739,0.1102247818670102,0.0829956588662967,0.0641253100938003,0.0700399765613444,0.0923174066330725,0.1251592303270607,0.0868544804399546,0.0767021726232909,0.1008216656074221,0.174329411382213,0.0850939350417436,0.1341552651453943,0.1467594615838021,0.0761287465691784,0.0659092792221193,0.1899519812448696,0.0856687955758735,0.0801862222014246,0.0786689679080871,0.0664939832861268,0.0874130707228571,0.1283792632077827,0.0737787656060555,0.1357860081491309,0.1078512438151327,0.1524814067959316,0.1501643078619872,0.1101388128625743,0.1694098926366192,0.070092498239607,0.1150461436456565,0.0793594894785246,0.0899432862352148,0.0719905343139153,0.0972258529031056,0.0896201698589543,0.0619245203094055,0.0768467080536249,0.1057499590216842,0.0889951403436341,0.1565531022542093,0.1880242543000104,0.0634573745117755
