0,1,2,3,4,5,6,7,8,9,10,11,12,13,14,15,16,17,18,19,20,21,22,23,24,25,26,27,28,29,30,31,32,33,34,35,36,37,38,39,40,41,42,43,44,45,46,47,48,49,50,51,52,53,54,55,56,57,58,59,60,61,62,63,64,65,66,67,68,69,70,71,72,73,74,75,76,77,78,79,80,81,82,83,84,85,86,87,88,89,90,91,92,93,94,95,96,97,98,99
0.0,0.0957765732159914,0.1068175856655754,0.0837547160270543,0.079780485615313,0.0863578599753941,0.078842116431397,0.0934533121055315,0.0765403606397302,0.1031004699564588,0.1102270958455955,0.1135569153581805,0.079013086986146,0.097487552505018,0.1263880621801863,0.0902061941991118,0.0734142225551175,0.0924214262170374,0.1027149262925688,0.0904983922995956,0.0648648620442184,0.0741525185045288,0.0954393798325671,0.0920247165109457,0.0754908756050226,0.0806033454584648,0.1095168332237775,0.0585806986785979,0.0753767027107207,0.1063674550603057,0.1588525983003476,0.1388762923967734,0.1214841226561442,0.0832756917959224,0.0754445476414673,0.0662919158060062,0.1182135345725346,0.1055903835264479,0.1270293650908241,0.0908588021097278,0.0633188491734477,0.1075145787774989,0.0882888291722712,0.1014408196885794,0.0904231510412032,0.0998115279108026,0.0769104211647176,0.0951968737257854,0.0564322103396344,0.0891255625323515,0.0787464014548208,0.0930066928456289,0.0886130835229713,0.0755311508174853,0.0749030813957393,0.0887602129562108,0.1059738180008589,0.0755860735201042,0.0769961490521783,0.0795954697503897,0.1031433188799241,0.0837530549703265,0.1017523081733902,0.1594127522317837,0.0823548856542773,0.1287856516405817,0.0983884815780318,0.0773070453710843,0.1041789069973288,0.104338095916183,0.0738646851309698,0.0724571956549551,0.1008212088336482,0.1422228557550422,0.1007481021586767,0.1023071138974296,0.1111854926440905,0.108560794796385,0.113656570832501,0.0977019965523705,0.0879410459056318,0.0921431716529437,0.0820493820016436,0.1006467106741563,0.0814532718872534,0.086905648502797,0.0666842967330794,0.0812009228377151,0.0762505744324765,0.0765774107068276,0.1115606567580088,0.1010826503665133,0.1138245815697541,0.0803199995690908,0.0689191112662757,0.0942356757622624,0.0899872630879836,0.1148046640783957,0.0863461019530581,0.0717954499513192
0.0957765732159914,0.0,0.1178796124120082,0.0815484058601265,0.0966640475439972,0.1272120866086016,0.0645068221662351,0.0957173316465423,0.1104021130056778,0.1387394435069074,0.1478864949051035,0.1656556290263202,0.1092764999567546,0.1025623517765042,0.1481462928597346,0.1105106273909721,0.0974271997542222,0.1169017772182694,0.1565470315655494,0.1242138087185239,0.0799630643009355,0.1233484164138677,0.0901816993897592,0.1297806552070526,0.0937369621282571,0.0668568293690477,0.1622803032392614,0.0804375962808125,0.1142044277051502,0.145867425041125,0.1868917052601361,0.1396268938453388,0.110114516572386,0.1313660545476914,0.0724399171603667,0.0784397152948246,0.0710429868299151,0.1321161736674742,0.1255418458058634,0.0586189904210993,0.1076672100585648,0.1415450413773679,0.0883480301252131,0.1143987578478596,0.1324008900890942,0.0793199573440391,0.0650036977933117,0.143222003448507,0.0694043952857878,0.1032124837932556,0.1350006759409142,0.1052493586743157,0.1059394913183498,0.0793439334626196,0.0704118081941329,0.1126035924449627,0.1140622152492252,0.0704856705100027,0.071541590647721,0.1245095444990023,0.1233666950218346,0.1370245409842095,0.1462734616493982,0.1941702221954734,0.1397509028068949,0.1559319665903347,0.1263254501217844,0.117307931758514,0.1567918780320653,0.1296591985573743,0.109721243204638,0.1127218077997339,0.0848514455994242,0.1485610273163361,0.138601366704784,0.1386518546888367,0.1502903650930994,0.1623442729466466,0.1290567763676375,0.048817432879183,0.0881550884167079,0.0919797746043295,0.1173000690118215,0.1228976553847625,0.0807617550009752,0.0800076379891713,0.0724645263724731,0.1264884738064758,0.1109978067520281,0.0954267494363373,0.1151938841550279,0.1365986320892712,0.119239419479249,0.1401505275691068,0.0913672354547658,0.1236023745882958,0.0974644068534876,0.1472828276479404,0.0582737613019928,0.1023241428755658
0.1068175856655754,0.1178796124120082,0.0,0.0963014849018326,0.1373777234821942,0.1611777774555434,0.1148133298379509,0.0958384918537135,0.1103380909675509,0.1097519928110549,0.0970601029943366,0.1476308050435364,0.0906808488469149,0.0788359973066703,0.1345411132348275,0.1227083808645685,0.0869685654624421,0.0997737598133527,0.1114863516583221,0.127963573786261,0.1151025029557223,0.112322937851371,0.1268482326077063,0.0970084228261389,0.0920326174301529,0.117372246683531,0.1125415450764716,0.1069175090397962,0.111956560002258,0.0916863202283673,0.1209324159793533,0.0902205023249394,0.0933366784057147,0.0992386408216558,0.074089039381031,0.104053640569677,0.099120509743866,0.1192565348793526,0.0880602984754563,0.1229785328287301,0.1090777578191323,0.1316787402042368,0.1086307475284688,0.0986470564788587,0.1750427405828614,0.1024674833744195,0.1127884162131493,0.1102832386496259,0.1000837153477202,0.109284888322984,0.1059562528229829,0.0820393416409338,0.0664043903427064,0.0684200307737713,0.100735835914641,0.1214176035088232,0.1226396804530107,0.1081335204732958,0.092829501597943,0.1175110985827026,0.1187155514897439,0.1173834839820326,0.1267525047739743,0.1214081022757732,0.1060978335037537,0.1136575443245147,0.1043120267689661,0.1475462942294747,0.1256918797322064,0.1084796201112484,0.1354462518837406,0.1044093949046905,0.1206799642199523,0.0774410067788192,0.1398941743794628,0.1020521952333689,0.1341807724144995,0.1439230659927098,0.1098204537224383,0.1117988971109467,0.0962360693317205,0.1398395461905439,0.134888557169418,0.1344492001945288,0.0859150718555487,0.1258445679573272,0.0808513431744807,0.1312792687135464,0.155121981396508,0.0862566910528505,0.0729523837327707,0.1049705700452411,0.0740025335013723,0.145931058854959,0.1041926244093686,0.0815721876168279,0.0932729324481696,0.1216196296606765,0.1179862119423877,0.1073182597792737
0.0837547160270543,0.0815484058601265,0.0963014849018326,0.0,0.0721459689304421,0.1137911699536201,0.0628953170360557,0.0599268945325749,0.0622914409275192,0.085840968660794,0.114096977447767,0.1040865837384345,0.0697861450987514,0.0770026839717196,0.103231841047447,0.0773285325466584,0.0780337650267645,0.0913984473958217,0.1100595864124557,0.0792096463074785,0.0596122507383563,0.0770847030580486,0.0685542076926871,0.108521097375914,0.0775404785251153,0.0898071369020137,0.1155133442870037,0.0634376811425367,0.073594545840359,0.1015133654145965,0.1520967658037637,0.1237613088153616,0.1043654994049894,0.0873160127856763,0.0637878595841978,0.0742317371253782,0.0939632988225317,0.0861587108761365,0.0992458195336135,0.0714925362020574,0.087263166273068,0.119231524193828,0.0747481484569865,0.1122951431280805,0.114203485327178,0.1013909090112564,0.0720959865180536,0.0963133977159803,0.0552886620402768,0.0950720937050402,0.088225699906326,0.0853380651417145,0.0780906660961558,0.0744470651433666,0.0640825425056525,0.0990548589178431,0.0958591927332258,0.0814028163412163,0.0639874782028342,0.0711289964071095,0.078952441899088,0.0869804828288648,0.0848078494122131,0.1565280770348769,0.0998428916689217,0.1140945607609602,0.0974242792276285,0.0813116379432246,0.0975586243513923,0.0923471419512772,0.0895263773904513,0.0676282902514578,0.0602061343015262,0.1310874497187182,0.0840038236604512,0.1037676060106811,0.0942359411524421,0.1103578502848881,0.0839543717328673,0.090667655942872,0.0749254229253633,0.078513611543047,0.0842838842429875,0.0856277125988499,0.0701442729575169,0.0674182713938488,0.0635154507184784,0.0829561593089994,0.0855516050547124,0.0900533008310197,0.0782190130045293,0.1181307453515698,0.0906891154784353,0.1051518060708054,0.074240420941712,0.0879645782515037,0.0611284795752145,0.100570953400686,0.0813453028239061,0.09190052719958
0.079780485615313,0.0966640475439972,0.1373777234821942,0.0721459689304421,0.0,0.0784471869661724,0.0719477192247717,0.0947501844743914,0.0768658435156629,0.1297562262503316,0.1358812815240083,0.1291633876231354,0.1136965563072214,0.105560612606225,0.1327761912854341,0.091630567763811,0.1100634874612132,0.1058162481995619,0.1399211836372296,0.1049345817656859,0.078257155551411,0.0852577822054268,0.0844707891215146,0.1229950373018954,0.0935687051540987,0.0790580488455661,0.1443164208300745,0.0775445802473884,0.0951299991323408,0.1351954949946352,0.1809479246766008,0.1314042291684845,0.1173442375805566,0.1171258019897527,0.1046598186289107,0.0793796704553432,0.1241538890236009,0.1136051251074905,0.1285144327040491,0.0868504849645029,0.1059385554364632,0.1291804366812976,0.0830083958253364,0.1187624250891934,0.1139818623856877,0.1114640818664597,0.0695122855079395,0.1158589197642938,0.0820682476147043,0.1028107619180025,0.1145103632776175,0.1219239627249346,0.1186155573035694,0.0973645091174546,0.0661673879079075,0.0974543746417222,0.1095048144277508,0.0836921450782906,0.096879558712084,0.1025365771067854,0.1180558341005774,0.1123074049292152,0.1143525536059688,0.1876218733127796,0.1260310067629104,0.1476442767884289,0.1242286488568471,0.0803785763379926,0.1284044796615625,0.1118782373770959,0.0892299324265573,0.0937943748627587,0.0864136960362077,0.1645597897898623,0.1068204124398518,0.1293838349666316,0.1179305477964373,0.1328071075456241,0.1171894402506523,0.0969959792765795,0.1172583909713995,0.0848583411162051,0.0783329709623049,0.1071654829489182,0.0940707638418766,0.0721111502184614,0.099168949600991,0.1083302026761374,0.0856499330164783,0.1185025792220458,0.1208392653410523,0.1259454671916221,0.134199076362553,0.0923783398794769,0.0858161445375568,0.125460475520635,0.0782246049418583,0.1282796956075848,0.1101612665852134,0.1116733823399543
0.0863578599753941,0.1272120866086016,0.1611777774555434,0.1137911699536201,0.0784471869661724,0.0,0.1120805860158519,0.1135161996803205,0.0948322975027616,0.1365308234281609,0.1225731009946181,0.1236261615766012,0.1238099956289162,0.1171659326811493,0.1261208419438681,0.1013039238174764,0.1095994140164935,0.1051182168808687,0.1271102935831404,0.1047105181302763,0.0931671132186447,0.0956941118756543,0.0889920782763305,0.0998261089828249,0.0895788544674507,0.0911855774003092,0.1348307877882947,0.0921670158737208,0.106745928237452,0.1345480032213919,0.1711617048056354,0.1274308539076776,0.1046506267284092,0.1126498352809357,0.1257436349252653,0.1008613645798392,0.151642204115307,0.1082573628005159,0.1558185751458721,0.1294293373839553,0.1045857686167646,0.1102625341946764,0.1023838254404214,0.1128141874732594,0.1154705541614141,0.1116202713474324,0.082913739939054,0.111508028133908,0.1053744269386717,0.0943674441206199,0.1111414048852982,0.1210042406364844,0.1357672002378749,0.1219697349166437,0.1031897629790826,0.0792680116756182,0.1119856701517984,0.0990859697270462,0.1144735809920373,0.1091065712291238,0.125898057874426,0.1132082753366433,0.1141684961289609,0.1798078458106723,0.1279155591636428,0.1411763613793273,0.1293431342369276,0.0850151530458536,0.1245164662882827,0.1041549563287336,0.0885812826658831,0.103045167981582,0.1246763244073221,0.1690205375713947,0.0984398074733472,0.1066124863488979,0.1302997827547411,0.1280019666214421,0.1184078195176254,0.1297859181476269,0.135203817474862,0.1206942484703388,0.0849169171919887,0.1056829343041682,0.1140059048012783,0.0992239449390724,0.1155423653741494,0.1163386966693859,0.0907385780312766,0.1207624126884923,0.1433578484509793,0.0957073400739819,0.1543658479398879,0.0613883117015014,0.0919344223976699,0.1322469210685366,0.1003541782452966,0.1170205356221555,0.1185084623054272,0.0966644260298073
0.078842116431397,0.0645068221662351,0.1148133298379509,0.0628953170360557,0.0719477192247717,0.1120805860158519,0.0,0.0849273106161226,0.0879082190399244,0.1029090553266534,0.1353290543104146,0.1313555946025818,0.0826981264884156,0.0993231409411424,0.116251190912277,0.0955841369258536,0.0885057406952217,0.1107899439919352,0.129195353608857,0.0849266801447902,0.0587342509151324,0.0965079203281617,0.0863421212382306,0.1294657125853161,0.0926924281151892,0.0787366830284092,0.1377710626640814,0.0744972568495744,0.0841811339375933,0.1252789570514131,0.1771548496879996,0.1431418385434791,0.1239853214613054,0.1044761011688583,0.0715530513445492,0.0744027519456112,0.0985188958804443,0.1080805846880556,0.1142740066596859,0.0498832752916566,0.0947980277675145,0.1312614636498174,0.0749675141267835,0.1174356292809438,0.1074240665341627,0.0992226203521152,0.0624506251978131,0.1198986020575713,0.0555930824556068,0.1023729603990803,0.0981679270444309,0.1058599564802076,0.0960656361142476,0.0849252624607264,0.0618297094180636,0.11286736683032,0.102835917863237,0.0697984494570408,0.0653996436634755,0.089287088327311,0.0939344150342433,0.1045702127606702,0.1000708321633928,0.1807395559443079,0.1098256419375865,0.1358801397534662,0.1139794590091213,0.0806932160061577,0.1144184226626096,0.1057583525684633,0.0814976592798619,0.0804261774833222,0.0608124782363866,0.1526105254276931,0.1047199470360516,0.1277897970519443,0.1130064293953565,0.1300841177432175,0.1052035708729028,0.0746844649498987,0.071328596318672,0.0618318787510211,0.0818053112336926,0.0936450867652979,0.0747736823403796,0.0668975822953703,0.0651685600841531,0.095713442195071,0.0850758881192883,0.0962885621693366,0.1049534434731455,0.1371102987136327,0.1129206939184921,0.114623699595174,0.0808482519973687,0.1053313817408561,0.0805698153963506,0.1255492376721475,0.0620581614498714,0.1060935898238004
0.0934533121055315,0.0957173316465423,0.0958384918537135,0.0599268945325749,0.0947501844743914,0.1135161996803205,0.0849273106161226,0.0,0.0671641544688529,0.0792979150590623,0.090541158662001,0.1074136670757929,0.0756514573897165,0.0668514302214734,0.0712176095203493,0.0969670574248762,0.0819389305699289,0.0927483378891672,0.1049028803339716,0.0694737551594351,0.0786218612343414,0.08047198535738,0.0596606321846937,0.0999110849595022,0.0767626387704143,0.0938212682876281,0.115057086604925,0.0849384344910479,0.0917112782842296,0.0768979747500098,0.110100644453925,0.0957579710905377,0.1092907168525587,0.0866428800025129,0.0570191081324521,0.0907009690024787,0.1119935637769574,0.0661994244754489,0.0914084987646322,0.0919308563478385,0.0856871725842598,0.0862239684214746,0.0845284488699268,0.0873122931325957,0.124283410877418,0.1016328900178022,0.0792795461473322,0.0864477951213756,0.079578266621008,0.1052726852892751,0.0922319632060462,0.0808899899467177,0.077684928485036,0.0701961339360525,0.0865012195906287,0.0977889249262446,0.101101416188614,0.095158797669509,0.0798822480981622,0.0858302557006255,0.074834857106135,0.0894544972766624,0.0920994470803594,0.1271149446034863,0.102898379953685,0.0801758338311535,0.0673939443600646,0.0836645512032553,0.0980634597642286,0.0926880133717805,0.1014033660424168,0.0720685187033553,0.0682128424504575,0.1183038888257973,0.0742244364890784,0.0862008739066542,0.0903682734053434,0.1067879502492135,0.056124600311342,0.1102000019759578,0.0890522733125463,0.1017769541618602,0.0909618048111448,0.0716511619793848,0.0883207107643292,0.0602262751117171,0.0813317572207304,0.0946230670253088,0.1014985969875596,0.1047411878679631,0.0591771994788547,0.124193393396919,0.0709291694080581,0.0982850427354116,0.0739500088476686,0.0744227398139608,0.0638482097072028,0.0695584799891685,0.0978382621186519,0.0869066282765305
0.0765403606397302,0.1104021130056778,0.1103380909675509,0.0622914409275192,0.0768658435156629,0.0948322975027616,0.0879082190399244,0.0671641544688529,0.0,0.0863927392438496,0.1060737537175918,0.0861569835874147,0.0861307966299573,0.0938805337093825,0.0927254938270293,0.0802732395714301,0.0839443454165166,0.0835841879133174,0.0957455112486194,0.0755189558322432,0.0808115037937783,0.06916256155018,0.0688219940776545,0.0903417067875682,0.063778451973019,0.090921681348346,0.109069038954757,0.0736554619479636,0.0743503805029126,0.100690042982772,0.1356294422913011,0.1177303878199037,0.1071635593770827,0.0926052082539296,0.0770402691266709,0.0798810748266487,0.1238622136586906,0.0744210064795095,0.1307636877526743,0.1030291067782813,0.0799514000916075,0.0953727133105461,0.08733537792446,0.0925569863040865,0.1150838858097674,0.1072772503735632,0.0787106349640087,0.0798405168640954,0.0696650534715726,0.0887616327046652,0.0928040553507799,0.0858998735844953,0.0978570412647547,0.0856208821231481,0.0872462196621182,0.0809920277033606,0.1068449458140156,0.08383468692747,0.07969486457079,0.0788851613077628,0.0952484242886911,0.0767818324379378,0.0864244504646986,0.1473764219716019,0.087683094693589,0.1007919297385421,0.0811911801326764,0.0762288874700233,0.0871899580201484,0.084712780963349,0.0933937767799621,0.0757267990255581,0.0883322857460395,0.1278082798762274,0.0752387846799746,0.0836933497688116,0.0924516309573688,0.0916197596521451,0.0793644060002617,0.1174828563792812,0.0868769985504979,0.0981749112622792,0.0797614535769911,0.0882328771612077,0.0852633385460643,0.0741515445903172,0.0815158210367652,0.0925067133295441,0.0861544956298163,0.1052906424534612,0.100070905570957,0.1055404292349912,0.1064261489069831,0.0829978638390596,0.0706434872761551,0.0860534541879332,0.0749844553242457,0.0936255201133159,0.0991957959397887,0.0782843076649172
0.1031004699564588,0.1387394435069074,0.1097519928110549,0.085840968660794,0.1297562262503316,0.1365308234281609,0.1029090553266534,0.0792979150590623,0.0863927392438496,0.0,0.0885386446309472,0.0770616549767916,0.0581727321176665,0.1014552210968319,0.0686969331808174,0.1146604932082209,0.0935373934940531,0.111190230497601,0.0714862565869618,0.0576030516208315,0.0851584629254151,0.0894648511258091,0.1012003766087937,0.0887607127732751,0.0899501074842859,0.1320912171422335,0.0943865687184257,0.1101999803691248,0.0836918563192079,0.0695201107889342,0.122786806175844,0.1292246758617419,0.1298287571557615,0.0810244745731668,0.0877963189779958,0.1321412474106541,0.153411918831695,0.0687962861007647,0.1062626340626339,0.1199930195038169,0.088898076021915,0.1093678390242392,0.0981308853695145,0.1181365100032385,0.1271630779841531,0.1386513756724947,0.1113550830379873,0.0823366928030151,0.1006835548434944,0.1194984348127298,0.0660832449087868,0.0832374111420582,0.0821789698516666,0.1095774103091033,0.1180485983870991,0.1290119328361508,0.1052483805664167,0.1170974751427308,0.1038779568455093,0.05655548747064,0.0636972069268629,0.0667221401611912,0.061760108277424,0.1258259666883907,0.0844341937800404,0.0789970347043692,0.0836718487056884,0.0922531017928595,0.0635020910388,0.0806114958493086,0.098593228012302,0.0686110336033987,0.0900199955667734,0.1290930467338084,0.0733056572284562,0.0808063159795568,0.0753831650737821,0.0818600672347439,0.0716094741331429,0.1597665093305651,0.0853305657587528,0.1176358482103687,0.0919023074177448,0.0707900591922481,0.1237684148491746,0.1090486688285681,0.0961534351325664,0.0854222285824204,0.0973257785577648,0.1020670446293819,0.0843426983071059,0.1198709008930941,0.0949419951583372,0.0975548316240709,0.0799233091774103,0.0676414573371912,0.095653872919485,0.0696741418326833,0.1086209541751117,0.1045167562806256
0.1102270958455955,0.1478864949051035,0.0970601029943366,0.114096977447767,0.1358812815240083,0.1225731009946181,0.1353290543104146,0.090541158662001,0.1060737537175918,0.0885386446309472,0.0,0.0993290477975958,0.0816825864954088,0.0686188334133491,0.0820389080685239,0.0896922624017326,0.0863333993582174,0.0871397827582116,0.0723393329211593,0.0986696236652219,0.1032303620255172,0.0897173884375283,0.092991754177109,0.0678586577601302,0.0839608003020796,0.1244949914501236,0.0844435597282333,0.1104281314571676,0.0987801411873073,0.0599378841481003,0.0955991128355056,0.094864381660542,0.1141087331507525,0.0654118820873729,0.1003519260857446,0.1235139613615412,0.1569915428198324,0.0716935563735381,0.087713033378649,0.1462386190358066,0.0894569537366249,0.095551675649739,0.0867512109929794,0.0857573430672236,0.1465763154485732,0.1223481285654439,0.1205002879658745,0.0667549296351338,0.124751154732425,0.109106029025828,0.0699323803129808,0.0761764749780079,0.0738789650672685,0.0990267666606274,0.1279010668645613,0.1149342185956528,0.0836999361175767,0.1286694471611275,0.1234621103446184,0.091350112858657,0.0891112362935168,0.0914603136409873,0.0896819304803356,0.0835059179502334,0.1030050165560862,0.0700302483629415,0.0819258009263074,0.1065721170795008,0.087357943294527,0.0698026989270142,0.0964495714736847,0.0750524827074288,0.1167047188284241,0.1065122713454803,0.0841227006794149,0.0742034413347222,0.0908598123113842,0.0989405890593324,0.0770844631900387,0.1652824696334107,0.1229968449853797,0.1496392392964464,0.087573746236165,0.0847711755612475,0.1271515504654293,0.1130658169783997,0.10651096488084,0.0892593383901194,0.1271635066975444,0.0858156886084735,0.0871558819510931,0.1048729207916448,0.0922828963625157,0.1012813677541401,0.0751823216123498,0.077334985249409,0.0830752910349821,0.0575447143191476,0.1355356182522273,0.1133024907164298
0.1135569153581805,0.1656556290263202,0.1476308050435364,0.1040865837384345,0.1291633876231354,0.1236261615766012,0.1313555946025818,0.1074136670757929,0.0861569835874147,0.0770616549767916,0.0993290477975958,0.0,0.099241993532233,0.1135979256722284,0.0800730346667143,0.0954177549632586,0.1007311063969629,0.1060399260063369,0.0591847998520021,0.0755126977968855,0.0981473238904201,0.0778515537780956,0.101184720466358,0.107553918375125,0.1092827230171543,0.1430890317378897,0.0835364940882961,0.1245644216250009,0.0752045036268271,0.0744442824005282,0.1447798763822436,0.1703496603880678,0.165583362025835,0.0799421131472407,0.125983370240256,0.1340701235824874,0.1823752097258504,0.0721925456437017,0.1366092954685904,0.1450574958596948,0.0862128558364631,0.0998166822673952,0.1117042625657752,0.1259830511092803,0.1021150582351891,0.1588169892766008,0.1319016591871013,0.0586829566369895,0.1188665120311789,0.1434345213399371,0.0753454056064832,0.1245564896490907,0.1277038818069942,0.1415472306825743,0.141194351532669,0.1233874357381668,0.1196486755167211,0.1435592459301732,0.1290387892247859,0.0677665960437048,0.0813679200045321,0.0603241807732271,0.0572135183119962,0.1427761825396891,0.0661901623232026,0.1041232844232161,0.0905660029009616,0.0756752093261033,0.0507369755230659,0.0859849617691298,0.0842419777192771,0.0712969929363835,0.1107704222231824,0.1749982255755811,0.0640209122854139,0.0950030501769689,0.0596617189607173,0.0470673664162103,0.0922093429829681,0.1794466651675308,0.1169664917402733,0.125478082066117,0.0865477288988333,0.078729343764499,0.1407534950714403,0.1092983008384537,0.1198675421188149,0.068637174629002,0.0877001635596002,0.1250687214422824,0.1314992190126375,0.146390737362076,0.1376251622223699,0.095899403248338,0.1004559015366068,0.0987486110448794,0.1092546398533184,0.0730253988702574,0.1370530931657564,0.1100253891288658
0.079013086986146,0.1092764999567546,0.0906808488469149,0.0697861450987514,0.1136965563072214,0.1238099956289162,0.0826981264884156,0.0756514573897165,0.0861307966299573,0.0581727321176665,0.0816825864954088,0.099241993532233,0.0,0.0869820482831238,0.0904789539321668,0.1050198679244509,0.0753832119002585,0.1037983515657891,0.0771906860525857,0.0702976202072918,0.0616477520066117,0.0829951010856226,0.1002046634175814,0.0781402564642607,0.07670682878917,0.1111376815044474,0.084222747883903,0.0840356413601309,0.0694433645398285,0.0811756832202115,0.1309654698422182,0.1172152807567855,0.1203525676507714,0.0634902429367428,0.067486106180842,0.101126111410097,0.1203336582402744,0.0793234765812476,0.0890433839144426,0.0942201310746586,0.083059948232057,0.1196097821056906,0.0813222292403345,0.1161558359685238,0.1141078601171063,0.1193298623474308,0.0846602052030087,0.0941761216033298,0.0710972505324515,0.1006174730546638,0.0568799989996104,0.0738701971836085,0.0636647628671529,0.0837293264391636,0.0888666380324575,0.1217860011120028,0.1064882450427744,0.0825537946568074,0.0775776988827678,0.0666645969656996,0.0704811483438357,0.0741581776310079,0.0799110090953782,0.129603136359471,0.0791005625339407,0.0852563979320103,0.0944708626785637,0.0830454166580421,0.0732220565106871,0.0772890146766689,0.088344899400578,0.0646898446757714,0.0847061342700733,0.1151298340799192,0.085077342692632,0.0809906574798836,0.089096575694847,0.1001413703798987,0.0838181717157726,0.1248874486869904,0.0691765912862269,0.0991351839683848,0.0856505970414726,0.0745955710908359,0.0986609207728058,0.0965496201077352,0.069486613261113,0.0821549438931345,0.0920540723773637,0.067368647049907,0.0699418313298434,0.0961434648504043,0.0781479240453428,0.102865391931353,0.0630871764319859,0.0621865137673054,0.0881812291872965,0.0883949475620718,0.0842686343510321,0.0892446902870993
0.097487552505018,0.1025623517765042,0.0788359973066703,0.0770026839717196,0.105560612606225,0.1171659326811493,0.0993231409411424,0.0668514302214734,0.0938805337093825,0.1014552210968319,0.0686188334133491,0.1135979256722284,0.0869820482831238,0.0,0.0944233851760425,0.0757997431594548,0.0762767679845577,0.0816181654636122,0.1007559733691521,0.0953362101688731,0.0822002737540957,0.0978926859396489,0.0783298807644789,0.0837799689099116,0.0746610437360992,0.0986044454462561,0.1005067431972099,0.0869602380719661,0.0824705227642539,0.0722263412430943,0.1123137445582954,0.0838640098573662,0.0940350639808108,0.0752207383906985,0.0694636637910245,0.0882148290800541,0.1088354039879056,0.0715064435924062,0.0728916456617128,0.109821573702668,0.079726639572196,0.0903727071099236,0.0696819618836046,0.069672145409544,0.1442529735421532,0.0928718642407763,0.0927789119208921,0.0764113267110536,0.0962570591276761,0.1015206304962119,0.0819691272991287,0.0754943375237704,0.0593597688946447,0.0703309438623039,0.089083756983904,0.0895087288519125,0.0780962239526418,0.1089538973944339,0.0839293795333607,0.0951478438139312,0.0867995468128187,0.0836040225359505,0.0993343131332338,0.110572256594283,0.1002185859866383,0.0911289030200176,0.064649484204556,0.1048575371858155,0.1036915042445414,0.0719341127569432,0.0970438228917772,0.0701104172251519,0.0923901928138099,0.1018729874665868,0.0959435582629292,0.086308951318105,0.1068907429813381,0.1064501137335858,0.0653243355955864,0.1145641091125531,0.0913559162991534,0.1199420259846062,0.0954398980211928,0.0849586107702432,0.0836013896635134,0.081660809658167,0.0699815236329462,0.0981147562020043,0.1177422486901431,0.0785310943629071,0.0736632556091365,0.1166189222450974,0.0688115464206896,0.1113159201392725,0.0825220175483216,0.0775384648022658,0.0620298296190329,0.0791724538004848,0.1091623199647081,0.0913686966645458
0.1263880621801863,0.1481462928597346,0.1345411132348275,0.103231841047447,0.1327761912854341,0.1261208419438681,0.116251190912277,0.0712176095203493,0.0927254938270293,0.0686969331808174,0.0820389080685239,0.0800730346667143,0.0904789539321668,0.0944233851760425,0.0,0.1130460436382276,0.0958167395742612,0.1038299873330425,0.0808979671176153,0.0653986282223978,0.0966645014969705,0.0984740850216012,0.0790435565475974,0.1035906903055825,0.0980292848646077,0.1328658931181359,0.1074453809184075,0.1248044646976939,0.1024861235163942,0.0631197567813476,0.0991165621913693,0.1231792912687129,0.1451561447876876,0.0795154075633188,0.0958735772480769,0.1386831439007342,0.1658356355367985,0.0580080437922485,0.09475478198195,0.1331116607395085,0.0919272474342606,0.088563116138791,0.0979196544660138,0.110992892992068,0.1257939649705715,0.1431351368546011,0.1203005073511795,0.080502333233261,0.1210926840993664,0.1338592752470606,0.0865202771194229,0.1028549336019008,0.0970179916270699,0.1123326176124685,0.1381976083759401,0.1259802249697252,0.097750859087051,0.134094704142439,0.1248877923348353,0.0831501126271374,0.0646614252253854,0.0820817448338405,0.0691602174156947,0.1267316866637091,0.1024534869010583,0.0591464812085285,0.0747482377969605,0.0915162635905759,0.0751733905938694,0.0853608420280468,0.1020269365385348,0.0730840507254056,0.0868609396240375,0.1412960086698961,0.0555729891837827,0.0768789251340162,0.0677150104766646,0.0834149942247654,0.0508632404895417,0.1693264087860676,0.1034792005587526,0.1252299644936702,0.0887935081509939,0.0660179231165419,0.1361795381283629,0.0959275670467679,0.1124808149573967,0.0817777115121469,0.1127577633823952,0.1214785013371378,0.083690775715412,0.136228871269545,0.0940331057255077,0.0986726310586379,0.0847211877138421,0.0807077830243988,0.0870743982124309,0.0514220354650627,0.1246049110271293,0.1218943524310993
0.0902061941991118,0.1105106273909721,0.1227083808645685,0.0773285325466584,0.091630567763811,0.1013039238174764,0.0955841369258536,0.0969670574248762,0.0802732395714301,0.1146604932082209,0.0896922624017326,0.0954177549632586,0.1050198679244509,0.0757997431594548,0.1130460436382276,0.0,0.0730638692992216,0.0727554500833364,0.0959512115615305,0.0971963385376995,0.076899789817639,0.084274077619313,0.0740457320587188,0.0956862160467449,0.0777806916954048,0.0875972925563505,0.1149898797939635,0.0684741395397172,0.0718116544392842,0.097432219759624,0.1613475733320754,0.1343494147152257,0.1135939368344929,0.0812705505496394,0.0967984378315064,0.0686174653386881,0.1167892763368749,0.0938998614965165,0.11718030968134,0.1154404739073128,0.0738788557151372,0.0986534759029863,0.065953758486512,0.0833895487871627,0.1096719343187967,0.0927517112960496,0.0993904237952632,0.0727473795073917,0.0880832258291988,0.0850151058280631,0.0790256825008785,0.0802648638529301,0.1027182102166302,0.0926674439319596,0.0848811393895408,0.0762262293484661,0.06834450606483,0.1048067558360406,0.0785210296271944,0.0969054127362635,0.1072389642016803,0.0879096527828533,0.0938677575178938,0.1472272518995956,0.0963525972249804,0.1311336577081499,0.0901716570620997,0.0787789044724487,0.1009754435583476,0.0856637199126419,0.08007214266143,0.0747604417966099,0.1015207837937415,0.1427500754467345,0.0878722739096136,0.1092757317648128,0.0999066434648366,0.0914356242809765,0.1015670081865522,0.1252546014706102,0.1084095560872801,0.1108263636280942,0.0787539830558072,0.1008787708172092,0.0816342225214866,0.0874346586200891,0.0825519819962656,0.0879401893888657,0.0828523457530805,0.0852788231494222,0.1207995442160156,0.120779973384913,0.1228670489727128,0.0950038527939513,0.0883960792585725,0.1072428995293304,0.0651075823076988,0.0959273579873201,0.1074252424965191,0.0848051457468361
0.0734142225551175,0.0974271997542222,0.0869685654624421,0.0780337650267645,0.1100634874612132,0.1095994140164935,0.0885057406952217,0.0819389305699289,0.0839443454165166,0.0935373934940531,0.0863333993582174,0.1007311063969629,0.0753832119002585,0.0762767679845577,0.0958167395742612,0.0730638692992216,0.0,0.0658398551615118,0.0794484940454449,0.0823372230964799,0.0673556305678593,0.0730345861813358,0.0799694622950931,0.0800959416760182,0.0574926929698627,0.0844771728837211,0.1025072373268788,0.0649432783302008,0.0797769270661687,0.0805551661345375,0.1295613705606217,0.1192938302989288,0.1141139837800349,0.0655603874430775,0.0642920781959254,0.0715679145674334,0.0966920721204611,0.0804765336677359,0.1006020725755686,0.0997964280237697,0.0533229897576131,0.0932208030810189,0.0641450380070109,0.0837448825950688,0.1198091401624586,0.086715208278576,0.0938855184811942,0.0856234528046099,0.0727124774364944,0.083257222637618,0.0740501643298622,0.0694991460812975,0.0681521527287278,0.0675199817146247,0.0859079276598056,0.0964402783121769,0.0872822829486656,0.0749295937467392,0.0695889409704771,0.0837440324757909,0.0935663205983373,0.0859275586103405,0.0910204214690655,0.1309661788525966,0.0785165583571412,0.1027106203774899,0.0829054371067964,0.0810430770462556,0.0848938621963257,0.0962379643546487,0.078089647304539,0.0648351061036267,0.0971125493838337,0.1122683714586448,0.0846753929039289,0.0865152097532672,0.0940153887728603,0.0982940879351331,0.0865718694037306,0.1082349898804872,0.0852416085514847,0.1078240244021501,0.0870262673152505,0.0878649465918441,0.0702478394433919,0.091800783909929,0.0559863773796131,0.0807555552632661,0.0876173885145666,0.058604424647767,0.0904020019019424,0.0987079860449201,0.0899352936912776,0.0993284710759406,0.0616641082905808,0.0762348035893982,0.0672194436165328,0.0915902196487453,0.0775878111043334,0.0716425754896131
0.0924214262170374,0.1169017772182694,0.0997737598133527,0.0913984473958217,0.1058162481995619,0.1051182168808687,0.1107899439919352,0.0927483378891672,0.0835841879133174,0.111190230497601,0.0871397827582116,0.1060399260063369,0.1037983515657891,0.0816181654636122,0.1038299873330425,0.0727554500833364,0.0658398551615118,0.0,0.0819870017906816,0.0940268424431933,0.0897054082891452,0.0708403481914354,0.0858821824077047,0.0894679355418083,0.0546173346961061,0.0970188087642546,0.110029239341937,0.072454438955281,0.1017797325909583,0.090122314747248,0.1329350201780774,0.1119654803733247,0.1057824009993637,0.0746093404389814,0.0887022007644331,0.0833592150126718,0.1147464415461819,0.0904665038882157,0.1145892761352177,0.1252441788731669,0.0662399858513217,0.0859440545460912,0.0720868238530081,0.08615878638256,0.1406154806566343,0.090448461381642,0.10205490592977,0.0701749252326022,0.0970590491717232,0.0798878034308622,0.0913847595841705,0.0708668319937284,0.0833557042314246,0.0830155716877406,0.0905730417817613,0.0867063940829271,0.0821426367111252,0.0917287428463403,0.0922662803203973,0.1024913302722932,0.107470964355918,0.0974508695164512,0.1023156709960582,0.126555080385707,0.1009964821388059,0.115700556591281,0.0991359890265574,0.0972991023615576,0.0930455688053221,0.0916639605183086,0.0949792595458503,0.0790734506586675,0.1106153361044042,0.1158842837780547,0.0897454872530568,0.092843084388042,0.0868581835677148,0.108633307041095,0.0952187132828069,0.1303908350347868,0.1234880227153693,0.1343302548864125,0.0904531559768164,0.1038960594345908,0.0811376214028849,0.1055509522623197,0.081791815043352,0.0960951877075075,0.1108377878279097,0.0904739698889642,0.1130649158379573,0.1004519750430432,0.1096174996938418,0.0926196800248725,0.0752955413621522,0.1033011746258587,0.0662589499312746,0.0906520007186249,0.1202042470423069,0.0801200777109385
0.1027149262925688,0.1565470315655494,0.1114863516583221,0.1100595864124557,0.1399211836372296,0.1271102935831404,0.129195353608857,0.1049028803339716,0.0957455112486194,0.0714862565869618,0.0723393329211593,0.0591847998520021,0.0771906860525857,0.1007559733691521,0.0808979671176153,0.0959512115615305,0.0794484940454449,0.0819870017906816,0.0,0.0747085056766699,0.0947139516309815,0.0763248947785665,0.1046961806115494,0.0806507533601493,0.0870632236864645,0.1311102192741536,0.0593437871679917,0.1110541700395196,0.0803220832037282,0.060553815983946,0.1192976019427186,0.1370593060143238,0.1379240074572696,0.0612497475299592,0.105576128839583,0.1277014405427007,0.1653559336720317,0.065284621334725,0.1135958095951712,0.1451145037291151,0.0674427799885224,0.0907245462213365,0.0931998012204008,0.1052468161973101,0.124722957970977,0.1365585708550022,0.1242109154990821,0.0521349638417953,0.1190777212605272,0.1207018697446874,0.0590352456955756,0.0875081549943344,0.0911494000008575,0.1138391836158987,0.1338624145156626,0.1215827474084089,0.0940316640808993,0.1304964815531312,0.1166860992244338,0.0804797394969721,0.0920634657406993,0.0580374544316395,0.0772891959204664,0.1062387709440899,0.0682837002047372,0.0824766075781614,0.0821558121873498,0.0913487225090063,0.0467059348869955,0.0819043052290448,0.0915750961739278,0.0668880836885198,0.1204725479670135,0.1372968704506979,0.0688359544456742,0.0667400461846751,0.0710062811920735,0.0604070338655638,0.0865557533246173,0.173292756698515,0.1113741932805044,0.1425130412098398,0.0947040503484752,0.0930445749123811,0.1263070682701598,0.1197983273808133,0.1037443665723849,0.0762710237769312,0.108935651477383,0.0924601652528179,0.1097341823104207,0.1207076123770947,0.1051298115433447,0.0922182654720709,0.0788782116328723,0.0755655629972239,0.0914866045184781,0.0722598454852224,0.1231725336028767,0.0920666576708233
0.0904983922995956,0.1242138087185239,0.127963573786261,0.0792096463074785,0.1049345817656859,0.1047105181302763,0.0849266801447902,0.0694737551594351,0.0755189558322432,0.0576030516208315,0.0986696236652219,0.0755126977968855,0.0702976202072918,0.0953362101688731,0.0653986282223978,0.0971963385376995,0.0823372230964799,0.0940268424431933,0.0747085056766699,0.0,0.0618379022647867,0.0839813801092097,0.08619284419074,0.0953746828007208,0.086679509532387,0.1179273655979069,0.0880588531474364,0.0900261296757908,0.0720071213079448,0.0745928269377574,0.1309794891261453,0.1406497335562664,0.1445963746268605,0.0649617571354123,0.0861680775989545,0.1111141727991676,0.1461009058877763,0.0578698928231634,0.1061024644247469,0.1048869666189216,0.0734177567580432,0.09118139870336,0.0829772068371444,0.1102561773079492,0.0933121256046703,0.1250657641147589,0.0931176252565381,0.0801915504093947,0.0863764196243151,0.1166205296779123,0.0634242952206197,0.0963942964881328,0.0928617522624504,0.1065602838975523,0.1083038282456874,0.1121471293391914,0.095219340957277,0.1022298693858776,0.097735870540195,0.0589256488827254,0.0565575700926824,0.0577393948227932,0.0549266640356224,0.1384664049476217,0.0842389208768424,0.0819656880735618,0.0871702076677217,0.0564742081060797,0.0615082194303673,0.0854695830665757,0.0746087027379229,0.0601617025160046,0.0735871830213426,0.1466147124325915,0.0546552140701842,0.0819459812415615,0.0729841606998702,0.0735071746034389,0.0647282108939581,0.1438355565075498,0.086623189233185,0.0919273639911816,0.0754581912252333,0.0556557063152617,0.1089892724715606,0.0806971226838795,0.0894661097819808,0.0704759406214655,0.075489588671202,0.1031862568028323,0.0949640740910078,0.1327445186565632,0.1009955951279993,0.0805242238457561,0.0677273453123388,0.0720528708946888,0.0734920147024614,0.0739112406278227,0.0981828930852565,0.0850066056243813
0.0648648620442184,0.0799630643009355,0.1151025029557223,0.0596122507383563,0.078257155551411,0.0931671132186447,0.0587342509151324,0.0786218612343414,0.0808115037937783,0.0851584629254151,0.1032303620255172,0.0981473238904201,0.0616477520066117,0.0822002737540957,0.0966645014969705,0.076899789817639,0.0673556305678593,0.0897054082891452,0.0947139516309815,0.0618379022647867,0.0,0.076446966967459,0.0798794862194143,0.0897637738232829,0.0705271148760177,0.0806594231250079,0.1014404826189093,0.0576130338890419,0.0611411887804906,0.0944079830467035,0.1581510797511569,0.1380872543067121,0.123516707322555,0.072020536759478,0.072961904841296,0.0762830333317971,0.1084971906306221,0.078048159785655,0.0996600399566098,0.0672612193281451,0.071875633408336,0.1108882145962538,0.0596388922204064,0.1051457810055768,0.0962465333473582,0.0976561599743166,0.0635369965877536,0.0939439626570943,0.0562243317251418,0.089752100583474,0.070677337229352,0.0903805236610392,0.0826380421440494,0.0808084587254704,0.0667127639913919,0.0976112651970934,0.0908728280060698,0.06667778959862,0.0704086299944641,0.0627840293938853,0.0674017540914266,0.0762928199316155,0.0765926532372844,0.1562074147542723,0.0911259571083088,0.1082273224844644,0.0983008683677311,0.0563342566860609,0.0882046629314811,0.0795269737584217,0.0552895342682601,0.0578616210667071,0.0640662152007081,0.1401745341640885,0.0761024655282542,0.0941920699371078,0.092556829331102,0.0991251223657514,0.0845483182500313,0.1007005399042456,0.0730104313422275,0.0735215074155582,0.0584147071771661,0.0687148841073391,0.0822414940406643,0.0713254032125059,0.0581420360922179,0.0679119960984647,0.0668102106203675,0.0701083463924839,0.0958304052046715,0.1061724933419248,0.1018500321993587,0.0791362255844007,0.0502844038002113,0.0847860113590262,0.0697920481340396,0.096468342006561,0.0655545538774005,0.081557882572582
