0,1,2,3,4,5,6,7,8,9,10,11,12,13,14,15,16,17,18,19,20,21,22,23,24,25,26,27,28,29,30,31,32,33,34,35,36,37,38,39,40,41,42,43,44,45,46,47,48,49,50,51,52,53,54,55,56,57,58,59,60,61,62,63,64,65,66,67,68,69,70,71,72,73,74,75,76,77,78,79,80,81,82,83,84,85,86,87,88,89,90,91,92,93,94,95,96,97,98,99
0.0,0.1241164867995577,0.1046189445622777,0.0694704507104992,0.1794761644416809,0.1192503092769707,0.0860434921352837,0.1015065646985858,0.0829493066719947,0.0980623429587286,0.0706326862010205,0.0896558269035609,0.0658071950704,0.1496436817623676,0.1278649737504802,0.0818393081050226,0.1060397387818375,0.1278593589606221,0.1356820593995069,0.1274162277125766,0.1482860159064637,0.0822914127467575,0.1320680918509857,0.0977219550462175,0.0893168997855586,0.0747659934059875,0.1293061276885124,0.0927058322256354,0.1089621883504871,0.1275410104122538,0.081995387480321,0.090570584694253,0.1194617471353069,0.117326830968814,0.119263118192804,0.1289848789107863,0.2011912424000205,0.1121933047323836,0.0823115398506501,0.0707964284642331,0.0731626008475102,0.0792888619260152,0.090733831457497,0.0952970658275955,0.0850674744366572,0.172893362995668,0.1511190870612808,0.1153054076194754,0.0787716359056067,0.0824681970241537,0.0910047305699992,0.1170391734936082,0.0779930676109011,0.1204075168435078,0.1721502298450728,0.0928343213640925,0.1399358200090206,0.0965711077631765,0.1380139713844426,0.1143663517948033,0.0943279484284365,0.0527034289459902,0.0939057021410669,0.1021628265911194,0.0755687922562336,0.1271730470116275,0.0611396411226957,0.1048307813246482,0.1052728778031781,0.1106857616225506,0.0866023061891351,0.1075101475394142,0.130568327029255,0.091871788546713,0.0674512683436694,0.0836698788916035,0.1504449395805296,0.1274735635681272,0.1030953046790126,0.0845671409514747,0.0996886510956562,0.1276312686914364,0.0860438402830237,0.1385689349458183,0.0798968805843245,0.1388106698912777,0.1381247697267087,0.1100076381818949,0.0996378886496411,0.0803508919617439,0.0758895325259816,0.0822621641048625,0.080518585134199,0.0705093028795668,0.1112429967489998,0.0813541104503519,0.0928274871348983,0.1348543386060571,0.0843362860052304,0.0636874651569683
0.1241164867995577,0.0,0.0715208465289004,0.0891363173067259,0.0929447137605417,0.0872124764253017,0.1404314976405855,0.0994304864617264,0.0902113847277069,0.1098281636043259,0.124894884748764,0.0979088958812065,0.0985667410369194,0.0756242929381939,0.0667848402344831,0.1215680520323311,0.0757400478794555,0.0676155500442693,0.0784259302873691,0.0707930313946013,0.069960485218771,0.1290657415495177,0.0780392036847771,0.1206160773301255,0.0863507190695725,0.1368935369415692,0.1372715978801272,0.1267398964747678,0.1213971299560986,0.0664198138068923,0.0667155350554775,0.0737031960092067,0.1429130661768464,0.0725820187001927,0.1235376717829847,0.071552597696935,0.1499890257225641,0.1104307610335921,0.0938830148425362,0.1229699064529018,0.0931535346945689,0.0811961355307553,0.0831519028654438,0.0808276330745797,0.1120294366317825,0.1289028835909972,0.0981274259903738,0.0682903344336484,0.0989299249387542,0.094219048803697,0.0942369588280218,0.0771093888686471,0.1066269086772645,0.0536974015014125,0.0859312817680005,0.0784080065413667,0.0835216455327029,0.0746495488373153,0.0842481593749685,0.088692186713655,0.1609667324440958,0.1129624852388355,0.0762951954105046,0.0871503682540316,0.0889717345899337,0.0774418081398748,0.1392969691182686,0.1004185782972427,0.0866379881838266,0.0682609878417072,0.0904234192570319,0.0888346257894005,0.0939701864399288,0.0969749966807609,0.0927494048197312,0.0985726111369048,0.1158886816770125,0.0637647695663521,0.077952437656459,0.1546954950350855,0.0692189505616742,0.0991939936779882,0.0930558069207025,0.0670928335755244,0.101124113998663,0.1148345635502158,0.1200999717463927,0.1356662214049374,0.0717039344336789,0.1642210934343792,0.1024398992389349,0.1284793705340572,0.0693801889262647,0.1202322340779629,0.0711002857051956,0.0959243145364685,0.1262038589528943,0.0759556462626225,0.0834010416803136,0.0967444429877403
0.1046189445622777,0.0715208465289004,0.0,0.0623186553955477,0.1094924349008776,0.0795671607290171,0.1218522653362819,0.1048759652538993,0.0745640593029399,0.119609194454204,0.1146342770054633,0.072876147752656,0.0789100278932505,0.0874229141684668,0.0950590823550814,0.1081890686501589,0.0985537555353642,0.1017342764002467,0.1065114856477424,0.076730056388498,0.0959382526367594,0.1160979787579502,0.0941407589968015,0.114384933426674,0.0869392386904722,0.1239606191843745,0.1327567213332147,0.1153400120417354,0.1314552145798884,0.0703791777783201,0.0738075619826815,0.0847756249662298,0.1425007506405205,0.0864998769420857,0.1272052201168516,0.0816096976061737,0.1488833346498312,0.1135529299824442,0.0665107795537912,0.1056557509920115,0.0938047417660386,0.0665783491089214,0.0677789650207053,0.0712716587991897,0.1044110359556876,0.1322171116300942,0.1152759386906801,0.0678801089987254,0.101075517201089,0.1075673152435062,0.0872611338698474,0.0962615415442387,0.1227296725074386,0.0707826722694131,0.102057762661352,0.0888241911767075,0.0976487212164258,0.0848360405589402,0.1096082236547495,0.1057290825322616,0.1382229081500452,0.0991891979125672,0.0895745015245822,0.1003788662861615,0.0828026141266691,0.1016621869964662,0.1223519516464875,0.11723586820661,0.1110526626390587,0.088639786363462,0.0865747440521361,0.101498761277365,0.0842522949954339,0.0877071081314554,0.1038671846301041,0.0984991994498626,0.1338222965751645,0.0949664400617071,0.0794087597177606,0.1304257346124104,0.0778957384949042,0.1202016270766385,0.097124314918154,0.1023097053296084,0.1118902285808718,0.1380234761723979,0.1187533699427952,0.1318193811158959,0.072791468183129,0.1424018471385434,0.1006949511114655,0.1177115322152289,0.0899843310350382,0.1145810390892138,0.0860188772212245,0.0929499759853343,0.1263882708050819,0.115677228671052,0.0864126241599667,0.0788640664528474
0.0694704507104992,0.0891363173067259,0.0623186553955477,0.0,0.1467086871659015,0.0940914298758123,0.0991603015656712,0.0932374862550862,0.0805689046371414,0.1025353272314497,0.0770537687151041,0.0642923243201937,0.061832097804977,0.1135582570029549,0.1083589752733347,0.077264435205301,0.0911422672888347,0.0995763903893476,0.1107117748670698,0.091114178713862,0.1150166061405319,0.0908704174818561,0.1080061663452447,0.0912027909467483,0.0896454053802096,0.0889359512114137,0.1195890481437079,0.0950033763291031,0.1086101192629414,0.0918973424648574,0.0576025427835686,0.0695953690931784,0.1201955469984407,0.0987523705740696,0.1110753509188661,0.0950559123849637,0.1768023432941401,0.1070043737578453,0.0668734566318783,0.0711016715523929,0.0615951227631916,0.0572557593813648,0.0757360064612134,0.0735602105370186,0.081453928674273,0.1609902428243077,0.1203240947113488,0.0812188373458433,0.0660508229278089,0.0798620948275091,0.0708908728124587,0.0960920195623719,0.0877760195432369,0.0866588766197638,0.1436840379012305,0.0717793345439153,0.1137011154129821,0.0791665043703696,0.1213214494299272,0.0881167723824038,0.1028309661414551,0.0639764259316952,0.0881200470715917,0.0862322967142871,0.0633379311917038,0.1061289108262386,0.0826533179466408,0.082579216192826,0.0901359496294838,0.0802401119796771,0.0807166021840448,0.1042610892178595,0.1107322573732406,0.0712555980405202,0.0836203226004206,0.0776508375993331,0.149257104753976,0.1032505271309889,0.075346459452246,0.093047453270578,0.0781474471025247,0.1180524062962564,0.0802398856472273,0.1127153611479206,0.0841370998117913,0.1356314999069383,0.1159368847421381,0.1031504402094882,0.0738949746740645,0.1029950523907578,0.0804275284960009,0.0828178705770156,0.0748996147770181,0.0878367557895914,0.0813371710800349,0.0668818653192993,0.1048921275644598,0.1099091550155854,0.0716237897567184,0.0504193356254354
0.1794761644416809,0.0929447137605417,0.1094924349008776,0.1467086871659015,0.0,0.1115903446666898,0.2048231769209963,0.1645537660165958,0.1397206388436999,0.1506596640430536,0.1935232897982429,0.1346781145023299,0.1528867290034766,0.0777049665707304,0.099983931417659,0.1623558839450462,0.1386404032552819,0.1343371451580898,0.0928887791609045,0.091901036840706,0.1104612084241076,0.1971322523769541,0.0943033952683671,0.1842148199001023,0.1330072237354331,0.2054072996161808,0.1804253868670818,0.1728348942585199,0.1534025052354392,0.0919127946162155,0.1362359104739872,0.1315069769407675,0.1715644788643935,0.0940159230164251,0.1589652218043587,0.0817425266155887,0.1476070175909716,0.1337508721683222,0.1409452999723871,0.1949109637180128,0.1392019038247313,0.1467517845987027,0.1129400011846493,0.130583769175255,0.1706234806036511,0.1185496128664492,0.1214452227858322,0.1233861705174077,0.1548279491168105,0.1403270986404993,0.154352130579771,0.107629719965412,0.1659354107288162,0.1148718706307927,0.081785870499147,0.1507031089163415,0.134910620799316,0.117633791549692,0.0853859534067279,0.1333172071805103,0.2277821221588963,0.1598572352422089,0.1179923017784422,0.1266195636325824,0.1492221421477852,0.0970115068116723,0.2095500445844326,0.1485182404130153,0.1276860862527674,0.1247454009135087,0.1279931820145638,0.1407343368667122,0.0925277712748886,0.1559064460588738,0.1518488489451377,0.1366612262592669,0.1328786303442462,0.1018692827779781,0.1197482745146648,0.2020429430288494,0.1112943376054131,0.1082106720689423,0.1608882939540284,0.1014075426178961,0.1732952050673469,0.1257141846302109,0.1354235028755616,0.1924626300838909,0.1234992343403895,0.2281449937886573,0.1611813083860647,0.1941452789981048,0.1155453452378184,0.152269683341,0.1159249094839676,0.1308623165227582,0.1686235050753753,0.144622995700445,0.1283870435720406,0.1500968263566687
0.1192503092769707,0.0872124764253017,0.0795671607290171,0.0940914298758123,0.1115903446666898,0.0,0.1342143425256162,0.1081364206670736,0.1063775382624793,0.1516330724975105,0.1171013000191013,0.070966216701346,0.0878423819771188,0.1089883713292125,0.0903034643932584,0.1402926787602189,0.1061112899376957,0.0857172299314253,0.1007971736593124,0.0732805391827754,0.1050025876256874,0.129648660170474,0.1276304480852375,0.1036422149947878,0.1065578094764987,0.1207119466573191,0.1606691154674531,0.1406989120003688,0.166092293203072,0.0739976221487392,0.0927734063388541,0.0887972517491332,0.1745388900944422,0.1028151845157162,0.1637853787105656,0.0980843686963797,0.1903315130550342,0.1187235966755552,0.0728473372936208,0.1155103193673262,0.106338159939112,0.0912962807217181,0.0888184162966387,0.0967412502657911,0.1310100183841745,0.1703803393941484,0.1519206699135779,0.0968800839856852,0.1095936327615098,0.1270034946277223,0.0959995970376433,0.1365279430111544,0.1267899469727311,0.0825285747624556,0.0933483113325518,0.0889057139078033,0.0975302152166176,0.0953947278008415,0.1258404580859972,0.1325683501796679,0.1486575889912259,0.1244280218493167,0.114417621975138,0.1102838966888077,0.1045112708869114,0.1280015805553989,0.1359561874128162,0.1396252990338123,0.1157827049585481,0.0786792123380247,0.1015464033833648,0.131915068830321,0.1221337963959153,0.0896075528090433,0.1200968937862542,0.0866728340481223,0.1667473492526544,0.0972344105288148,0.070858420054987,0.1543501944862699,0.0858475423427926,0.1461651293752632,0.0940460383231308,0.1208836986445763,0.1165271780015106,0.1606504647131986,0.1484408795218335,0.1485542480192672,0.0851755801021613,0.144249053793205,0.0959998322780812,0.1430513294703611,0.1083718181759423,0.1223047958528211,0.08144939327733,0.1107735807725721,0.1513667619802877,0.1047822945000586,0.1139796460913732,0.1029337178739445
0.0860434921352837,0.1404314976405855,0.1218522653362819,0.0991603015656712,0.2048231769209963,0.1342143425256162,0.0,0.1178606684192098,0.1011575832332326,0.1467079891904886,0.0697550027282501,0.1029385603195836,0.0877264513850218,0.1739530745771434,0.1246237303809418,0.1082680745458065,0.0939354252604071,0.1412353796533205,0.1731560267630386,0.1328631323021467,0.1505713892765209,0.0659882332733062,0.1526453030468071,0.0850249664131349,0.1320720270652812,0.0738048451937969,0.1356672390252859,0.1064090482884077,0.1345399581455824,0.1455891960619298,0.0947413783868769,0.1162256565638969,0.1529698920538757,0.127338813525221,0.1311976231360173,0.1444043936790935,0.2113622536255959,0.170017688525094,0.0936466845718549,0.0720797574818876,0.0942486572654466,0.0828362672347681,0.1091656343098019,0.1018821937728249,0.101011453688434,0.1834184045691694,0.15839168945864,0.115477178662166,0.078238878009909,0.1003203894439746,0.0977256225516934,0.1444894692236896,0.1137265247339988,0.1238233874107938,0.2040966706874033,0.1027451390369731,0.1326884236108975,0.1059397786253883,0.1507656828383644,0.1197755867030886,0.0717206798985083,0.0965392334117056,0.1191993492626255,0.1360113927994501,0.1032204359727349,0.1380980552488066,0.0913994242098816,0.1283851732848361,0.140196308254453,0.1359473650888569,0.1060064421913165,0.1134938932361307,0.1483891560087912,0.07096034280347,0.1191582852995435,0.1267669681035172,0.1700581271645901,0.142780418020197,0.0959197082382821,0.0932823472283707,0.1328372572000416,0.1564287123265073,0.0968876736783872,0.1441348328594374,0.0798124976185436,0.1734788495478256,0.148648197901633,0.1148695273476954,0.1409191825126925,0.0702198456735867,0.1165883262026235,0.0848819574215036,0.1258207669459702,0.1265441450181122,0.1081534886722815,0.0977770243692851,0.1147073265041236,0.124803523448518,0.1012840496003837,0.0781619601103598
0.1015065646985858,0.0994304864617264,0.1048759652538993,0.0932374862550862,0.1645537660165958,0.1081364206670736,0.1178606684192098,0.0,0.1214442163919312,0.1350098403255118,0.0945839114413552,0.0940651846610085,0.1043257474784418,0.1258607945825833,0.1295498023698072,0.1472959791437337,0.1022174807868013,0.0789067390648069,0.1156200662093919,0.1168183117658583,0.1223824099282069,0.1189732767536893,0.1438761053452228,0.0877309634033189,0.1206003810812659,0.0895496688039206,0.1750337798473633,0.1373445830368289,0.1396398859859817,0.1031015058845685,0.0926951185055382,0.0922779903422103,0.1830583214554555,0.1334668647241018,0.164331646359493,0.1371450621858807,0.21105821542093,0.1268552239138475,0.1056937415194229,0.1034606051101998,0.1122838583730155,0.1011382007274423,0.1159000364698115,0.1113364806839173,0.1288864455341482,0.1890623070259759,0.1579967239694644,0.106047033727865,0.0987949155860083,0.1246737062290439,0.0946379604489876,0.1282061396973603,0.0914651630424738,0.0863616527288958,0.1231646047248558,0.0763253695804876,0.0874735324398673,0.1133741065241597,0.1655013313840813,0.1280163352382868,0.1348519638951529,0.1027186045876301,0.1352447451080242,0.1140181059630769,0.0959046939903119,0.1420171189054634,0.1247876324292129,0.1171046640471724,0.106087765431625,0.0798078270880126,0.1075254846921112,0.1429530091254001,0.1497949413896607,0.0924024020623504,0.0941077060696532,0.0848422039142509,0.1791252856665268,0.1054539227123479,0.0968276712519365,0.1325712640305384,0.0915530859288547,0.1662737447479499,0.0942352571812831,0.1447528839919578,0.0949736191520222,0.1743146857555192,0.1620865108152272,0.149190900279713,0.0853264193538321,0.1280195808547824,0.101378074274409,0.1048000372497596,0.1181329185382821,0.1319241916367022,0.1049573436623533,0.1021680627004645,0.1433210662067229,0.0881112107012983,0.1052627257517417,0.0996435811095988
0.0829493066719947,0.0902113847277069,0.0745640593029399,0.0805689046371414,0.1397206388436999,0.1063775382624793,0.1011575832332326,0.1214442163919312,0.0,0.1137014924678158,0.0897459136301676,0.0958210353721502,0.0620226522406081,0.1076519868269468,0.0939695256173823,0.0796001242381378,0.0838405742286594,0.1314013976442832,0.1402872782712121,0.0832106657666924,0.1030773862672734,0.08153831447023,0.0970648405574142,0.1053944044041212,0.0872661318285357,0.1143632062274919,0.0986513312775153,0.073272108850515,0.1105642641035999,0.0921440320400733,0.0623792529705532,0.0958794270947255,0.1147003122504468,0.0837417771262759,0.0898489889524534,0.0773794945062944,0.1616028207659073,0.1368685090074178,0.0721434318551472,0.087493448442165,0.0820581751978879,0.05433479950446,0.0755368532554309,0.068532102778803,0.0810139028947376,0.1340124232272616,0.1280338302018217,0.0801033065145567,0.0749533698548755,0.0746631399982661,0.0858835375630049,0.0964099948874427,0.1107473393369932,0.1022056639835395,0.1438337623222908,0.0979808684594245,0.1049328992025535,0.0759968146837474,0.1075036207077932,0.0843874232332786,0.1189181563895174,0.0857608764923782,0.0879546868178808,0.1007908592434651,0.0903235013844971,0.105771940478652,0.0942331986670307,0.1096507191056663,0.1119802772973409,0.1077619881527882,0.0926973519631865,0.0794751348166823,0.0929175132849188,0.0738852777695698,0.0949823869669256,0.1136159335684423,0.1176466769482206,0.093025025325798,0.0754827556420956,0.0948402434056482,0.0881639781208043,0.1148924162755501,0.0943339132839313,0.1038930564682347,0.0958694032470584,0.1270035145341391,0.1104467652578419,0.1026100880653898,0.109627206249707,0.1217920943148647,0.0941767512934155,0.0947036730030422,0.0883370362851897,0.1026961704049502,0.089620151869188,0.0786313655760167,0.0847426090186261,0.1177240292354266,0.0717748575359344,0.0571273545088589
0.0980623429587286,0.1098281636043259,0.119609194454204,0.1025353272314497,0.1506596640430536,0.1516330724975105,0.1467079891904886,0.1350098403255118,0.1137014924678158,0.0,0.1172560287852725,0.1228827126591897,0.105717021193343,0.1165754956362959,0.1185713888075272,0.1032064733854639,0.1223844441013702,0.1346720539485431,0.102726270080935,0.1401943143567421,0.1521764544945495,0.1216606081196242,0.1114704880367564,0.1611072994525874,0.0793280975999194,0.1417881033823163,0.1391390373984729,0.1173115422958193,0.1020726005033121,0.1385179254989914,0.1063009829227758,0.091762830908531,0.1038283268796984,0.1063597799674285,0.1264237191679876,0.1316633073569546,0.1452540182531811,0.0805014495185124,0.1248742827955854,0.1261217703417479,0.1158040204079765,0.1136031953289524,0.1161348523213843,0.1145777048083652,0.106256764659548,0.1349731474126201,0.1058457464392011,0.1143072146849401,0.127076391778112,0.1015813679584669,0.1119227488550949,0.0751211964565499,0.1114063228043689,0.1207503181463044,0.1668001518912435,0.1225764562975892,0.1476010280769591,0.1055013587456588,0.1175701249940084,0.121225301070328,0.1408413327811702,0.1002286761183472,0.0827978695574368,0.0805171166737054,0.0845607246943067,0.1032861984105568,0.1247903129922429,0.0870905903589032,0.0847058639351123,0.1264672255317829,0.1029451884706722,0.1054208893499191,0.1190144782685842,0.1436041802210102,0.0691938644695604,0.1089327389099653,0.1224527610827277,0.1246976479420828,0.1308236884048107,0.1221842454367548,0.0880691419100286,0.0961879462231441,0.1014130797864561,0.1238783547615894,0.1132793179788941,0.0998783148744044,0.1137726114597311,0.1342707903634115,0.1099287339827311,0.1425998345979749,0.1265693705409401,0.1196534214175576,0.0778327897372922,0.1012986192158047,0.1145163684578043,0.0962653558516774,0.1056653774073799,0.1385744718436443,0.0940394272495573,0.102314997270591
0.0706326862010205,0.124894884748764,0.1146342770054633,0.0770537687151041,0.1935232897982429,0.1171013000191013,0.0697550027282501,0.0945839114413552,0.0897459136301676,0.1172560287852725,0.0,0.0875638033237799,0.0687752527509816,0.1599769769772295,0.1206889511690733,0.1030593857440255,0.0978779902473577,0.1219095461653275,0.1530329715814877,0.1281614737009424,0.1394843380419948,0.0673118769888537,0.1340015360814003,0.0776076521415664,0.1039330136700801,0.0580009586791756,0.1264786579516091,0.0918473682442003,0.1219355662913313,0.1320474222875485,0.0725080937371125,0.0884921135473146,0.1454518907390308,0.1289415843839561,0.1277529115262141,0.1332532018254314,0.2105726860233208,0.1339441486351398,0.0755484383851572,0.0521745227262141,0.0779995488854012,0.0745651684991186,0.1126867843061609,0.0909963393764157,0.0931049351571107,0.1901751791359886,0.1548518183432677,0.1092566280102494,0.0688984894578131,0.0839392091910114,0.0763460171495926,0.1226474713298871,0.0915948215533525,0.1196195712116865,0.1870846647340769,0.0911805371843118,0.1178853886558925,0.0990802609633118,0.1517861810151175,0.1170619484188145,0.0606088142589056,0.0724344051723184,0.1090820457462808,0.1136640014398605,0.0846865893164549,0.1399373012818311,0.0638234445185023,0.1121953428344406,0.1134985741918206,0.1134545114687398,0.0967763301534673,0.1173164614008995,0.1427512997244547,0.0745381175036924,0.0937047177857067,0.0989542733925636,0.1664375829472803,0.1277426190373323,0.0945865531839974,0.0746508829081146,0.1016541329436334,0.1432803080509921,0.0790466193949102,0.1428884621833234,0.0676286604124972,0.1517753839868739,0.1468678387600706,0.1081428863791209,0.1232045681299073,0.0551064376323599,0.0942402286685215,0.0675761138949573,0.1013647267187665,0.0934638027330946,0.1017340284347735,0.0833430650367531,0.1012180545057293,0.1166770037048654,0.0920332617073569,0.06950501603414
0.0896558269035609,0.0979088958812065,0.072876147752656,0.0642923243201937,0.1346781145023299,0.070966216701346,0.1029385603195836,0.0940651846610085,0.0958210353721502,0.1228827126591897,0.0875638033237799,0.0,0.0669400861543818,0.0999463522867361,0.1027091739069052,0.1075386544143825,0.1051960539288968,0.0997661026804258,0.1025024905912528,0.0949109490542163,0.1059961166052158,0.1019959938119774,0.1173201476895892,0.080279228753085,0.092051972147458,0.0961652851860055,0.1458017937819926,0.1095900605424214,0.1319801875243665,0.0811617844462383,0.0801685126720967,0.0721079306601843,0.1404376926667232,0.107531266385054,0.1373917984518857,0.0969018929061462,0.1737531430223884,0.1113172672127827,0.0531809837063472,0.0879221287688004,0.0927900916441872,0.0708489666535562,0.0802469664304133,0.0822593021856908,0.1053382341832683,0.1605122311732681,0.1318512880762263,0.0920443747790972,0.0890098632781607,0.1092837943094275,0.0711776256117549,0.1142506602005088,0.1176474628421616,0.0910831245107551,0.125685626101925,0.0971337441738783,0.0948892041398554,0.0837525467459361,0.1299379258456227,0.1148695812186688,0.1088511716269949,0.0969621903830854,0.103387886761244,0.0894345473330199,0.0774295319372468,0.1217282680099033,0.1142015257988423,0.1067743915428032,0.0914623397426366,0.0839345232349616,0.087012185091452,0.1234946471596397,0.1098284168547859,0.077596209105473,0.1013886920169274,0.0708188091327185,0.1554302736055361,0.1138032706608142,0.0768278112774498,0.1086717720552847,0.0785605768640586,0.1302172094493401,0.0908431634168534,0.1256588216482708,0.1040023858671168,0.1447503984263822,0.1180302953280822,0.1304754773077553,0.0835227965435514,0.107871794047949,0.0961297257004596,0.1056821959035016,0.0934381651180147,0.1023460185348728,0.0822277727387043,0.0838495184484458,0.1197809951552087,0.100010327232601,0.0921361776152282,0.0733615939165919
0.0658071950704,0.0985667410369194,0.0789100278932505,0.061832097804977,0.1528867290034766,0.0878423819771188,0.0877264513850218,0.1043257474784418,0.0620226522406081,0.105717021193343,0.0687752527509816,0.0669400861543818,0.0,0.1243310792605381,0.0956694885937854,0.0743547449450427,0.0839853762707229,0.1154471971149594,0.1233223536386554,0.100660945723287,0.1149922395512805,0.0710519825266591,0.1020832568063048,0.0877089296390841,0.077719099869786,0.0930393724029304,0.1041357929678634,0.0703033017393542,0.1145196849034767,0.0992690250907476,0.0562050671063426,0.0733516470836487,0.1162078067846303,0.094192215177528,0.0991012853629222,0.0934510705049374,0.1815362233798934,0.116706335966445,0.061532550951776,0.0644839368749544,0.0633207481003151,0.04930128993829,0.0843370814370811,0.0570923821132211,0.0685976313686209,0.1570596890288669,0.1291372862010097,0.0785161233217445,0.0626183047872983,0.0722783034585929,0.07070290352874,0.0976819583777954,0.0947852947547323,0.1018579174857409,0.1438217682840482,0.0821266446141123,0.1045912761406442,0.0674843272567702,0.1139990970423016,0.0975130091372746,0.0987659197211568,0.0773611945603386,0.0720602297437616,0.0876177801203031,0.059770749413701,0.1152732807622263,0.0737301448729817,0.1012165274503635,0.0975487921354568,0.0925150504441548,0.0936759684442131,0.0890516028057889,0.1076496143911321,0.0690026764707475,0.0789806661405426,0.0893778379990715,0.1386999768947078,0.106409627460009,0.0814843104351846,0.082118179376537,0.0767635533792829,0.1158284039055,0.0677797016652168,0.1127041520097931,0.0746472159193729,0.1285769329783868,0.1222756843462313,0.0954538450246308,0.0932586292761908,0.0883066284849359,0.0861396929908111,0.0744246934062724,0.0734791331226147,0.0904617926839652,0.0773359784011872,0.0735138514027406,0.0827684640357631,0.1096729051837119,0.0713263465751965,0.051870173094054
0.1496436817623676,0.0756242929381939,0.0874229141684668,0.1135582570029549,0.0777049665707304,0.1089883713292125,0.1739530745771434,0.1258607945825833,0.1076519868269468,0.1165754956362959,0.1599769769772295,0.0999463522867361,0.1243310792605381,0.0,0.088308886779377,0.1282997184282485,0.1187469649863406,0.1047733728147747,0.083149694385787,0.086264760174216,0.0768339597729447,0.1639965890398333,0.0835419977911346,0.1545266649463034,0.0933394229446843,0.1742724664987136,0.1519123612061683,0.134506809843533,0.1303265336405336,0.0564634229033232,0.1069506671803587,0.0942195174967766,0.1307170230237372,0.0835953869044562,0.134848318510304,0.0752602959773299,0.1210356974153348,0.1124469309420048,0.112629870671279,0.1603483459396065,0.1184057942176928,0.1129174765381682,0.1055363010388965,0.1053852666883863,0.1331982200970053,0.109499585096788,0.10649394656384,0.0912416069804736,0.120822879311685,0.1206868422871474,0.1144000675677974,0.0931642948859759,0.1400996270501056,0.0904570255464659,0.0789596304613256,0.1283450489785005,0.0985030514260802,0.0870070952752551,0.0991768838596257,0.1093888986220995,0.1925691145584024,0.1376605321183107,0.097992387548241,0.0842436929034649,0.1050866211615061,0.104091962502947,0.1765458779457028,0.1050132406520409,0.0867303934471259,0.0845533436083655,0.1101943434382321,0.1128840185283535,0.0778586978420983,0.1292877825039416,0.1192846398697324,0.104960990785009,0.1257777982978264,0.0902288611771858,0.1022804339624887,0.1623577483241002,0.0789233190390637,0.10155850072716,0.1324272118454037,0.0957334987210888,0.1428974126598686,0.119686751266156,0.0948917055948285,0.1558829579058433,0.1017057349747858,0.1965371036292532,0.1416553952155622,0.1570034821847528,0.0985444894036386,0.1348128112083283,0.0993038533552076,0.0958363664657066,0.1348534982495731,0.1099208033781949,0.1064000302884123,0.1239593273026083
0.1278649737504802,0.0667848402344831,0.0950590823550814,0.1083589752733347,0.099983931417659,0.0903034643932584,0.1246237303809418,0.1295498023698072,0.0939695256173823,0.1185713888075272,0.1206889511690733,0.1027091739069052,0.0956694885937854,0.088308886779377,0.0,0.1148203294661156,0.076420131763132,0.0944696736797449,0.0959786008342516,0.0821033448553602,0.0735200834827616,0.1207833794351379,0.079014343822359,0.1375224910292079,0.0835792878393688,0.1445963454428446,0.1305933374866484,0.1049708446922699,0.1208357242142789,0.0898464379354209,0.0833022223517185,0.0753710771606446,0.1239835263127376,0.0491770029049982,0.1233897350945764,0.0816262452418291,0.1262713106644939,0.1253995220697299,0.0950781012844323,0.1201623258998187,0.0919090254495248,0.0867423853537139,0.0891811132296936,0.0795722633314812,0.1015961748057073,0.1098220477801495,0.0996905028916789,0.0694868958361296,0.0889366513939658,0.0965143418201263,0.0954777475211665,0.089233753066679,0.1156208206096772,0.0842588543661287,0.1135653520990308,0.1038221673863587,0.0992797285875303,0.0612213674004203,0.0656592356060886,0.0899364283053061,0.1456229784784373,0.1226443728150383,0.0673141350122665,0.0831092193331409,0.0869481930942104,0.0764240071223529,0.1436771772348561,0.0865708869370996,0.0870025683957219,0.0962543771693569,0.0936472189420635,0.0807502763701203,0.0800013670496118,0.0965187840749654,0.1058669226464732,0.1046897029614117,0.1115221474233292,0.0696987598811772,0.0774105131770722,0.1324514654207121,0.0868203688967611,0.0859385398677236,0.0906646397721407,0.0622467236621371,0.0935966704179094,0.0987243224356385,0.0993419145948436,0.1204528625235513,0.1151950855633704,0.1540276115531525,0.1282112957345995,0.1215985975463304,0.0856675399696877,0.1203132469122935,0.0562535357612522,0.0937435082188328,0.10657460039304,0.0878473831515834,0.0930944742780136,0.0933009596920797
0.0818393081050226,0.1215680520323311,0.1081890686501589,0.077264435205301,0.1623558839450462,0.1402926787602189,0.1082680745458065,0.1472959791437337,0.0796001242381378,0.1032064733854639,0.1030593857440255,0.1075386544143825,0.0743547449450427,0.1282997184282485,0.1148203294661156,0.0,0.1060530810190109,0.1473917030267281,0.1378340388386799,0.1225646536784211,0.1361782042256041,0.0878911414388521,0.1026981219268332,0.1419936068504033,0.0982547117808035,0.1323351083777536,0.0877893762861769,0.0777850718921906,0.0796794102741594,0.117624368244729,0.0866312586840931,0.0947107669927527,0.075139365678566,0.0943055534746894,0.0668154936831772,0.1097185968085362,0.1451511391836133,0.122371656016973,0.1090594183843812,0.0930345154749429,0.0777727738848622,0.0741363765947263,0.107210473510381,0.0939646026803939,0.071739816685118,0.1213484946947072,0.1100563019384121,0.0968353125128951,0.0792494202388737,0.0627620971580145,0.1014438601137778,0.0962299002281696,0.1093500665033785,0.1343326967098472,0.1805744378630627,0.1162300612779787,0.1565005482176956,0.0804629609769305,0.0948699793351479,0.0860398929695199,0.1130735408314679,0.083715764597921,0.0751865418781755,0.0901333000275825,0.088493093230712,0.1031792624324213,0.0878594335338657,0.086522257815005,0.1001072614105419,0.1196432367373169,0.0920399709151969,0.0725803159333919,0.0992181113054104,0.1092066152413926,0.0922270223744669,0.119105363320291,0.10903433490403,0.1223061555832393,0.1128315571785834,0.0723164180350687,0.0982446113107908,0.1010194943341101,0.1036685288661293,0.1017821808813036,0.1000206665501386,0.0984558376129039,0.0844801494740128,0.0714334468553831,0.1234992362462365,0.1231471446484784,0.1169852832666831,0.0828360928531625,0.0830086755369715,0.0945105369568123,0.1063834061430119,0.0768411476753768,0.0624648056395624,0.1447321015915316,0.0768920304736927,0.0785439379751897
0.1060397387818375,0.0757400478794555,0.0985537555353642,0.0911422672888347,0.1386404032552819,0.1061112899376957,0.0939354252604071,0.1022174807868013,0.0838405742286594,0.1223844441013702,0.0978779902473577,0.1051960539288968,0.0839853762707229,0.1187469649863406,0.076420131763132,0.1060530810190109,0.0,0.0981133359178951,0.1234928417434865,0.0782162553777606,0.0943865898214574,0.0964723342903518,0.1018760018215757,0.1043413166861158,0.0963060510570513,0.1120138522469875,0.1301680283217401,0.1013903466403086,0.1124740220737327,0.0958169948515604,0.0618220672089518,0.0785102303629343,0.1269325876855342,0.075606881371277,0.1147244050646969,0.0907259767402971,0.1622062867394117,0.1396967961451962,0.0958624051771896,0.0820398217133147,0.0824573080484353,0.0707559364848312,0.0838628593412123,0.0772401206153132,0.091744520008615,0.1446231966747813,0.1128182183633573,0.0766632816801863,0.0699160164315026,0.0812168211265548,0.0868025182555334,0.0994886415139283,0.0865537999151159,0.08243280659705,0.1385359762152706,0.0622852769632173,0.0875147939237773,0.0633172202936444,0.101202941239603,0.0704609682612154,0.1183459457272068,0.1009218047130679,0.0840196478033899,0.088610958236541,0.0817184879519058,0.0832072385112149,0.1104528895618514,0.0967169962061778,0.0967764131749329,0.0949809733444772,0.100052552197311,0.0771242795060816,0.110935543131204,0.0603003284045917,0.090576913174989,0.1056316071399069,0.1300847527477814,0.0683807855344918,0.0647645144637188,0.122624259190398,0.0827111544330295,0.1087541293826858,0.0706992887656168,0.0824619769955448,0.0683390800510022,0.1239445088975842,0.1105134758533478,0.0953738184686241,0.1007480611169523,0.1247886012838485,0.0894826869252684,0.0960542557085576,0.0831471631971288,0.1242745202350926,0.0643513282984227,0.0814975229340539,0.1003134407567358,0.0709783479774416,0.0598937043787997,0.0799095066292001
0.1278593589606221,0.0676155500442693,0.1017342764002467,0.0995763903893476,0.1343371451580898,0.0857172299314253,0.1412353796533205,0.0789067390648069,0.1314013976442832,0.1346720539485431,0.1219095461653275,0.0997661026804258,0.1154471971149594,0.1047733728147747,0.0944696736797449,0.1473917030267281,0.0981133359178951,0.0,0.0854910601236727,0.0979346092671703,0.0938665702210747,0.1444828320541406,0.1211745233772701,0.1067595390832425,0.105471713199722,0.1095271131924745,0.1699558508253874,0.1491808252593129,0.1407720726549134,0.0926178304521264,0.0868824960623737,0.0826173711163555,0.1759904505034605,0.1122377378286905,0.1590807009436439,0.1208156942916593,0.186870067208023,0.1125030912992792,0.1114633137546528,0.1170037995129347,0.1085394379032587,0.1070466626579931,0.1135189439368251,0.1100223809185068,0.1295271379899654,0.1695375809084787,0.1425116582057635,0.0949262658042344,0.1116816131739644,0.1156627392900521,0.1026559896922122,0.1161443751474311,0.1085503019033175,0.0674454026720338,0.0965221702191086,0.0737926745374747,0.0847985496337361,0.1080014509392113,0.1315022521294296,0.1230067584297519,0.1553583375962181,0.1235118868335855,0.1076355251402162,0.1033971296537435,0.0955828043649189,0.1185982908652696,0.1386296159952851,0.1145443775796981,0.0944077459700885,0.0597184930752323,0.0974393221631992,0.1229879504578818,0.1325628224153563,0.1076691840010718,0.092624329111744,0.0845009441149549,0.1563465972596591,0.0894408332473378,0.0946991209390521,0.1638467787883311,0.0883957855670851,0.1386967776123008,0.0876456779956527,0.1110304947282434,0.0991671687152573,0.1519435353042439,0.1481196820597916,0.154379500642987,0.0834544011511174,0.1562520898945813,0.10037962334762,0.1353670185786589,0.1039197319864798,0.1324181419273686,0.0911667780770661,0.1147270508716905,0.1470684564653176,0.0766696697171735,0.1101696232385247,0.1128208075053717
0.1356820593995069,0.0784259302873691,0.1065114856477424,0.1107117748670698,0.0928887791609045,0.1007971736593124,0.1731560267630386,0.1156200662093919,0.1402872782712121,0.102726270080935,0.1530329715814877,0.1025024905912528,0.1233223536386554,0.083149694385787,0.0959786008342516,0.1378340388386799,0.1234928417434865,0.0854910601236727,0.0,0.110478938765309,0.1207151390184849,0.1659442680895144,0.0941549190513184,0.148925216507477,0.0872209920543936,0.1576192277451376,0.1655778767214496,0.1544253531005206,0.1355826325934677,0.1003645830980846,0.1119971447384686,0.0864174333217968,0.1390957302809315,0.0995691040473803,0.1570034271714317,0.1036570468063344,0.1455793770459797,0.0789976003566818,0.1197072797529542,0.1596870673926459,0.1171917117427595,0.1266589832061624,0.1107082142805338,0.1162213169927844,0.1408157614131014,0.1237111398965047,0.1024282303992231,0.1116617632183933,0.137234314762817,0.1196256501959577,0.1177116140648171,0.0834833712147254,0.1274127009790172,0.0925421549164347,0.098695347160055,0.1176307997985837,0.1255487841441832,0.0996961935472735,0.1032686524291445,0.1297061204987122,0.1867594080874834,0.1327551889693694,0.09250198379122,0.0822104559539233,0.0979221045998534,0.0928954064948821,0.1755559637860048,0.1038754900566185,0.0743367395065205,0.0889779651428166,0.103573492479491,0.1273173141188842,0.1043248842892297,0.1403211174230758,0.0940380345691982,0.0892303525793439,0.132242527987194,0.099862997731585,0.1141278718490946,0.1686532681393574,0.0854411946586258,0.0951125005758807,0.1141215179224883,0.104266799816275,0.1283228268914678,0.1125562327583279,0.1220799135109802,0.1722744967184816,0.0822166882963354,0.1853651598596702,0.1273203312316365,0.1650517442859415,0.0780356195676899,0.1199749567034211,0.0996598275914281,0.1057258005795434,0.1449479608612683,0.1123661809433504,0.1123312836752382,0.1252321107368946
0.1274162277125766,0.0707930313946013,0.076730056388498,0.091114178713862,0.091901036840706,0.0732805391827754,0.1328631323021467,0.1168183117658583,0.0832106657666924,0.1401943143567421,0.1281614737009424,0.0949109490542163,0.100660945723287,0.086264760174216,0.0821033448553602,0.1225646536784211,0.0782162553777606,0.0979346092671703,0.110478938765309,0.0,0.086325691450429,0.1276297981395894,0.1034737550545152,0.1151719790744798,0.1076552777984229,0.1384694652220561,0.1366113915778016,0.1250448962121629,0.1389679453298031,0.0635345303182694,0.0763558353057279,0.0976709077256767,0.1575947379350989,0.0741932522254803,0.1330545339361939,0.06091363049921,0.1596913128601732,0.1317126422836495,0.093647503895493,0.1221718492724128,0.0860591785179077,0.0854556919600075,0.0631943038537056,0.0863036382141271,0.1245620468735765,0.1454940096717836,0.1262876604862935,0.0867911158567146,0.0948849721415248,0.1067989890618255,0.1069643494486545,0.1138213125914286,0.116694242200902,0.072216221169678,0.1053574697556443,0.0844476921191496,0.0902724640211977,0.0803363152672965,0.0964017749227469,0.0932688170589679,0.1564976052143247,0.1079929238798125,0.1012057532103252,0.1068073020284766,0.1045999152741506,0.0911476021826949,0.1402753575526594,0.1221166232500135,0.1094635284259084,0.0833177979103928,0.0969767553606816,0.1032739463377392,0.0977591072361371,0.0786123385903238,0.1190464778634431,0.1043215241625208,0.142633035637241,0.0717881098413865,0.0497401970154081,0.1506805068323315,0.0857657376003376,0.1262262576587867,0.1014644084109888,0.0906895630632663,0.1133395244442725,0.1429402169864512,0.1250257026657559,0.1345560078355313,0.0922816721886258,0.1585944636789755,0.0932195543266459,0.1330460572069521,0.1056455034913734,0.1230972428944437,0.0643000946639413,0.0915147078366009,0.1329578526514493,0.1030099238265571,0.0867652796004717,0.0946258691918377
0.1482860159064637,0.069960485218771,0.0959382526367594,0.1150166061405319,0.1104612084241076,0.1050025876256874,0.1505713892765209,0.1223824099282069,0.1030773862672734,0.1521764544945495,0.1394843380419948,0.1059961166052158,0.1149922395512805,0.0768339597729447,0.0735200834827616,0.1361782042256041,0.0943865898214574,0.0938665702210747,0.1207151390184849,0.086325691450429,0.0,0.1425424558789273,0.1034497842221353,0.1339758965279127,0.1131272877823618,0.1559867272514315,0.1555174833860962,0.1320420105630796,0.1426577557537158,0.068872683882421,0.0949126333783715,0.0914210181549251,0.1478200955462577,0.0980145373566908,0.1344204867989307,0.0918546730379428,0.140295323024524,0.1591904683351804,0.1132569475945336,0.1334972172508221,0.1206773750380883,0.0980874448965803,0.1176010253924884,0.0983697353221769,0.1235523395201306,0.1339448656736277,0.1277346195895295,0.087455586996612,0.0997717265428029,0.1182772599197414,0.1003414919981191,0.111329468914604,0.1346684578309464,0.096500564607813,0.0925977137307675,0.1120223442188959,0.077643946180209,0.092575018826369,0.1135757965294358,0.0984319609971021,0.1704197758790073,0.1385848937200013,0.1010254157093772,0.1115502206571268,0.1123649188005324,0.1191468058612471,0.159526534117468,0.1123512900419693,0.1040975634968736,0.0836577302536148,0.1227202219498214,0.1163372969833243,0.0921628636056743,0.109751875978924,0.1273673629529653,0.130478050641961,0.1427222342300384,0.08415300646789,0.0978414774183642,0.1596732460744151,0.1058783555375995,0.1285210219219036,0.1168949423659919,0.0902641440257032,0.1158462925318416,0.1365875295185822,0.1117285508303645,0.1357312968459623,0.1254001564759677,0.176090255147892,0.1380760284196033,0.1373803843576609,0.1112974552162255,0.1565793068376887,0.0912171126848571,0.1138394756722811,0.1382105849906272,0.0849535990818857,0.108724705068004,0.1115312975503529
