0,1,2,3,4,5,6,7,8,9,10,11,12,13,14,15,16,17,18,19,20,21,22,23,24,25,26,27,28,29,30,31,32,33,34,35,36,37,38,39,40,41,42,43,44,45,46,47,48,49,50,51,52,53,54,55,56,57,58,59,60,61,62,63,64,65,66,67,68,69,70,71,72,73,74,75,76,77,78,79,80,81,82,83,84,85,86,87,88,89,90,91,92,93,94,95,96,97,98,99
0.0,0.0674635401783916,0.0564997201231033,0.0802000813218225,0.0569935322774954,0.069460995437528,0.0637382627715007,0.0627657434819187,0.0853082800558111,0.0815727551785988,0.0947022649364801,0.0821813895952194,0.071675354255924,0.1041213565609506,0.057593012042744,0.0758850285005447,0.113217390017114,0.0699450734666848,0.1101496485510689,0.1054161700811071,0.049453434638867,0.0828723296744061,0.0630634157341436,0.0845655812134893,0.0836651656227837,0.0508572955768267,0.0910413516626956,0.0756246556467416,0.0774389720088523,0.1047560384827764,0.0703052628383586,0.0941377557183729,0.0775211763302923,0.0951072095607781,0.0557008435950397,0.0739613811160178,0.073019404648279,0.0630232453437609,0.0461136207327055,0.0524354692346965,0.0985113302270489,0.0619126499346733,0.0773542306844188,0.0707190926288217,0.080677520854985,0.074952118833249,0.0571534907087642,0.065474214291987,0.1044219302864097,0.077167141781224,0.0805706045186955,0.078750545648449,0.0558933821479889,0.0664161415771696,0.0532601269413507,0.0861955097809734,0.0666386442682495,0.0954564887321173,0.0855262438789215,0.0898620134200611,0.0818580285873218,0.1326941683612962,0.111792586608638,0.0793789982157461,0.0589497422025307,0.0659536721393949,0.0921019587947655,0.0834148179821976,0.1184062709453764,0.074141911553064,0.0524749028839409,0.094605597389163,0.079539699816278,0.0782378389442869,0.0847375723633683,0.0536493157052943,0.0652973456753356,0.069632280305981,0.0850527119146987,0.0827024094187076,0.0713099558885485,0.0982408210997451,0.1047849081639077,0.0894589026220183,0.055944564841659,0.0719427498105726,0.0751890951725544,0.0632207435242432,0.0903827618503718,0.1028369203235413,0.0811092681710896,0.0587350173328859,0.0860319739202049,0.0911484846036215,0.1078961490965663,0.0676662264082359,0.0852558913711939,0.0582055561972533,0.0650311482230525,0.093121899028042
0.0674635401783916,0.0,0.0815070036980177,0.0641386382073513,0.0732849218162321,0.1085437247828528,0.0480447859532195,0.0722447690508799,0.0690469136671702,0.0643709289111395,0.0979331865734397,0.0830738513069904,0.0762967631363899,0.1376141043178084,0.0764447922158303,0.1062162783755635,0.1299087139007489,0.0572661751633729,0.1206782826313552,0.1118145267669048,0.0824658449153167,0.1029948538022123,0.058198699037621,0.0920204676655222,0.0562801728592014,0.0764969520955576,0.0985972817379913,0.0841018079564515,0.0883825742314242,0.1178992753853911,0.0833577308482182,0.0870700274202221,0.0829618963316011,0.0790270232524417,0.0794184735539473,0.0731591907491138,0.0555372220665687,0.0633703417004408,0.0594540578201218,0.0732429329855168,0.0808143311557364,0.0643727098724901,0.0841928050257247,0.0773111641246673,0.0959007595663061,0.1040069158289553,0.1090151323522304,0.0938941545584846,0.0679771971725825,0.0645513630898591,0.1269468294480249,0.1141948361229512,0.0742000206988734,0.0543942479040814,0.088503895840882,0.1199809889784306,0.066977641583015,0.0812720732641354,0.0674550068953365,0.1059424277115969,0.0818935208102679,0.1853031076086405,0.1557430695324452,0.0819717926297822,0.0872869493163342,0.0723482731036276,0.0684477814125803,0.1131762170723658,0.1265724547227322,0.0662932758742089,0.0591651079743659,0.1073113009870587,0.0581659038938546,0.0643117468971239,0.0714958377742902,0.0589996465946127,0.0768777842967115,0.0871178337116382,0.0966413405111325,0.0636148976547024,0.0657276084579274,0.0884283773676508,0.1127679972583837,0.1064111131102132,0.093373811228942,0.081855301106176,0.0715408970177305,0.0823772495502763,0.09031700615838,0.0933604215334139,0.0831070293765791,0.0643047462553793,0.0859432917072806,0.1192680435009267,0.0776892197782889,0.0662199820464836,0.1217930174903098,0.0924467126779632,0.0509060018830128,0.071298306678612
0.0564997201231033,0.0815070036980177,0.0,0.070838980100198,0.0738623961775668,0.0722799606281135,0.0714474521630513,0.077498508436368,0.0813705030576693,0.0830271737806537,0.0711902815004021,0.0738412092604669,0.0603479974727989,0.0857390792518944,0.0596186737928029,0.0636914184300132,0.0923596629897147,0.0752613879157297,0.0823372830722301,0.0800673920790581,0.0741501164221485,0.0659913128196212,0.0704850941765861,0.0720119614990254,0.0765486465325131,0.0797530759686443,0.0671369458763996,0.0756536395167956,0.0522618676898517,0.0914811387375419,0.073162816167636,0.071869338739939,0.0636052320801214,0.0917294323449732,0.0624170354118036,0.0712813361970506,0.0700137032281132,0.0695676745135868,0.0571887815822462,0.071480363298118,0.0862513880177961,0.0600364769424534,0.0763650310833698,0.0591293209609205,0.0706814832484247,0.0654407913997948,0.0713675312741447,0.0636527481683284,0.1117000915314954,0.0684388176094502,0.0805125359204892,0.0589764683996191,0.0745608216458861,0.0769179137272196,0.059080456617049,0.0803396564315195,0.0727128773710469,0.0895266638974995,0.0903543554984644,0.0686618168168207,0.0821991852410042,0.1186339522972753,0.1017065034110771,0.0682455113789497,0.0659932690356422,0.0664993091499979,0.0822603202493099,0.0758940498303286,0.1001704460382218,0.0634825498124191,0.0630372148827349,0.0725014675971357,0.1010798054753286,0.0864325046709113,0.0636023849959185,0.056437636764982,0.0485374551428937,0.060712835176876,0.0792844307990429,0.0722314563618349,0.0807838084720732,0.0787847390992782,0.0823563181174228,0.0852576986916487,0.0593901179094673,0.0938846340188526,0.058991177008047,0.0684796522865197,0.0829568522820111,0.0800790336072046,0.0782618847797924,0.0767477713549054,0.076269408804878,0.0751836305455534,0.0921727269537583,0.0706636490382927,0.0770433265776697,0.0845416901957315,0.061380256311158,0.0898900468176436
0.0802000813218225,0.0641386382073513,0.070838980100198,0.0,0.0784026171463241,0.1093413219302644,0.0446136321025497,0.0671953296009057,0.0584333931379336,0.0494584625284969,0.0720539324974585,0.0650295152355512,0.0671566979688989,0.1317028988758798,0.0723631232535636,0.1043419175786669,0.1075610444458756,0.0528430076765733,0.0972744859809883,0.0819106647553722,0.0743539173502985,0.0888977725242312,0.0621554549451439,0.0744648981286722,0.0710033342717275,0.0847559592012088,0.0830535077294982,0.0837743351772099,0.083689067707936,0.0916188842242866,0.0824225192287585,0.0692228733486458,0.0644416048406723,0.0601004187082882,0.0978843318519614,0.086440580794541,0.0620695554447799,0.075031200414745,0.0749241424497818,0.0873158574452986,0.0770521741849598,0.0498944593876517,0.0994418196822089,0.0604996708482109,0.0894000461799149,0.0942288974255874,0.1096226204260641,0.0893329523733594,0.0927840326018532,0.0619561456868851,0.12362964504639,0.1067671409310743,0.0624652113437024,0.0570713976643026,0.0941504174092929,0.1020879110150004,0.0533358931964653,0.0765638619682745,0.0593047449961167,0.091772110292805,0.0682732917870899,0.1648667080509716,0.1403678269678855,0.0808023618186099,0.0802956673573096,0.0722525704866796,0.0672536953586826,0.0997471194026977,0.1051916809214561,0.0408796547694152,0.0692354629802239,0.0833788156110756,0.0937983103679181,0.0762368283031073,0.0589411579243139,0.0488283192211577,0.0651556964669722,0.056565845736327,0.0751847388588242,0.0617306133121965,0.0823139196284921,0.072015447615548,0.0932258779922906,0.0886678973318203,0.0895270994315623,0.0900372822601087,0.0556054128569745,0.0744433919137385,0.074347097262695,0.0796285766122276,0.08570440907487,0.0915522057289475,0.1069941253098367,0.1085972656761131,0.0805878078020597,0.051889810655685,0.1094484671158801,0.0951270116077384,0.0620237739715139,0.0769497220928822
0.0569935322774954,0.0732849218162321,0.0738623961775668,0.0784026171463241,0.0,0.073569514714893,0.0653712958070832,0.0774208715141114,0.0845183787494633,0.0848222021186316,0.0876191496710123,0.0931663728524255,0.0727810747403951,0.1047676614366244,0.0619585824200998,0.0779901562525154,0.1198317957606721,0.0723070575954702,0.1155927051809986,0.1009911651029716,0.0522427532419406,0.0821761090016585,0.0765468900913755,0.0986103723372832,0.0875979200140828,0.0473203941547663,0.0869164860031045,0.0627104348053569,0.0857460317277259,0.1029402101943591,0.0598476736660684,0.0927996516609201,0.0909614370289367,0.094009820538624,0.084578707486056,0.0860168095522683,0.0777617715788296,0.0708867721395656,0.0708534718450615,0.0634603080601733,0.0878638349535026,0.05586961640357,0.0829360354466516,0.0684521055048854,0.0835330722374731,0.0783028085335101,0.0669041996223116,0.0726902984944395,0.1161728073950945,0.0911409781166709,0.1045312468343328,0.0785474880441708,0.0535370400282202,0.0569432947102089,0.0617054135770234,0.0885894889167283,0.0563337634599114,0.0952639996143149,0.0833102141983239,0.0992886574417802,0.0782410278392762,0.1394436415535385,0.1218340781872543,0.0694382960259115,0.0666176288873429,0.0830198154726793,0.0995285666175665,0.0981542904141814,0.1351857601079323,0.0664515440698242,0.0734381666856437,0.1066905353777923,0.0895078135290331,0.0728132258792066,0.0909212764748562,0.0601219227377225,0.0724767546315364,0.0553873267011762,0.0699351698142364,0.080837328132898,0.0988304719716249,0.0891867580976076,0.100192114449067,0.0952704439514019,0.0530986800711965,0.069006125040625,0.0728213109754884,0.0561223607738815,0.0852346166804159,0.0996475159589255,0.0886890177462383,0.0832967450934095,0.103157356628043,0.1097615333549547,0.1123504689825018,0.0588906916440288,0.0834652792074918,0.0535371798816144,0.0671569610021777,0.0994993879928266
0.069460995437528,0.1085437247828528,0.0722799606281135,0.1093413219302644,0.073569514714893,0.0,0.1022362351061838,0.0967489654278764,0.1151004840366206,0.1241291141515156,0.1151677758127074,0.1234530519994448,0.1143418286265259,0.0890371368148343,0.0643465461950788,0.080834774886389,0.1383612974925053,0.1015931123269033,0.1277178282479734,0.1346877933779427,0.0790323927494956,0.101547757437003,0.10287664575496,0.1239013771274999,0.12924920539671,0.0780819247337264,0.1182590288705584,0.111113396015969,0.0973878138913501,0.1299773553268461,0.1077530049756653,0.123466254039023,0.1089078947846724,0.1391885138143409,0.0729563918644894,0.1154200720567652,0.1135011045308077,0.0933769686502759,0.0779020475540488,0.0727497146100045,0.1361783108703164,0.0927634098649783,0.1132910661753201,0.1017570754358125,0.1080461606074538,0.1032954344929738,0.053180892924989,0.0613965951293252,0.1564363734617239,0.1066440373019844,0.0586273685278538,0.0868971564216287,0.0823968469104968,0.0952269770466242,0.0736812889804227,0.0735597572035939,0.0957646890191485,0.1331916520460117,0.1312799264436432,0.1111870441433962,0.1247905901587798,0.1409931823210125,0.1167505764056738,0.1035412068944886,0.0593878361400519,0.0750708033683215,0.1377813850705053,0.1048336941657463,0.1446390585778383,0.1018176618715309,0.0914285983578521,0.1159565495431755,0.1037253015049389,0.1211603399604252,0.1180704464701327,0.0932758046518501,0.0915712999903827,0.0888461190518709,0.1254363147715575,0.1214805246931759,0.0971828967013572,0.131847532718688,0.1309372117527817,0.0892169521439028,0.0688581532635274,0.0647252777136658,0.0993290422668462,0.1020911538156222,0.1290063755787742,0.1310307895448175,0.1224628541407768,0.0946958244684294,0.1101569033303436,0.1151435782819573,0.1422132961464144,0.0952809981362721,0.0904179879107751,0.0714983411837816,0.0936676694927293,0.1423403009211187
0.0637382627715007,0.0480447859532195,0.0714474521630513,0.0446136321025497,0.0653712958070832,0.1022362351061838,0.0,0.0672136431497752,0.0619090889600712,0.0530260371956281,0.0925101232122839,0.0785732214877476,0.0710710445487457,0.1321586936082043,0.0638942793329473,0.1025389148619733,0.1180066741106411,0.0559744511243999,0.1080301214551325,0.1006447390443924,0.0703783720165129,0.0943514892028108,0.0524942948775933,0.0860535390044567,0.0651818163003647,0.0786092981638471,0.0935585820993995,0.0783521654538617,0.090770847038838,0.100942057756191,0.0770927230845734,0.0784690749089402,0.0646097896291962,0.0703716699686551,0.0849962639198037,0.0815278641438245,0.0603320426843297,0.0596006925279557,0.0650295560639898,0.0643901919681305,0.0742295027666584,0.0521369435448236,0.0926862423847287,0.06698530349191,0.090669436352649,0.0969068405343352,0.1008134234337076,0.0887703481120242,0.0897670845827408,0.0696213707535386,0.1127975276101558,0.1070075531835962,0.0568747748397595,0.0445573567793149,0.0859002543527225,0.1011952279352572,0.0611025048571155,0.0741169247801288,0.0645211097117516,0.0986408929061037,0.0788405994925166,0.1709188875605812,0.1409960777772833,0.074713751195725,0.0702034740155797,0.0640795619815529,0.0692189637094775,0.1051761557147906,0.1172760063132449,0.0445685944395038,0.0569806514062169,0.0925057018836217,0.0675920237567341,0.0709889018738002,0.0671398702604042,0.0523237218101097,0.0659640063448485,0.0626845323948046,0.0804618954277227,0.0669638030002755,0.0675645035173799,0.0795419672899433,0.1053350577861295,0.0958585760004668,0.0837791411568759,0.0742788975955922,0.0638418401015648,0.0714455367369169,0.08736582862573,0.0854198745753368,0.0831629601518827,0.0715540815410811,0.0900409827740897,0.1181243419910368,0.0929244386004855,0.0567196425367039,0.1090353490193597,0.0728795973116534,0.0598593467068421,0.0788573117169767
0.0627657434819187,0.0722447690508799,0.077498508436368,0.0671953296009057,0.0774208715141114,0.0967489654278764,0.0672136431497752,0.0,0.0643741249299622,0.0867322456685023,0.0950145237521355,0.0895616904230577,0.0839801214394019,0.1236432969314278,0.0698816063180743,0.0966777864222404,0.1385797673969613,0.0730007624260529,0.1352321554267949,0.1036649734033154,0.0826932250226275,0.1049670901345447,0.0748295673500309,0.1021748228717411,0.0916619612036347,0.0719977696862583,0.1008510893242537,0.09019768917658,0.0914866529872966,0.1235956947792063,0.0785891964623511,0.1002001833244261,0.0987506149476,0.088142761991094,0.0819876577134991,0.0693246361099753,0.0754345243012098,0.077410101570926,0.0739872053790622,0.0671228275814338,0.1048856296264692,0.0704189222359931,0.0909984182569443,0.0592316552896554,0.0932860953511466,0.0969006475084292,0.1037203892960847,0.0947306011484544,0.1106956782705001,0.0898016614256292,0.120480530934382,0.0944264031463518,0.0605360804560608,0.0776286281945137,0.0829892874168347,0.1210297121156997,0.0601606729932071,0.1034287779255302,0.0932005012763858,0.1177403452770756,0.0903894639390934,0.1633233908925412,0.1462469732449096,0.0993330198626475,0.0889015059285409,0.0896925132591352,0.0961058076222937,0.1107498986417748,0.1440676193130989,0.0746639299628374,0.0786644357242265,0.1245718326765929,0.0896292670401798,0.0821118342366541,0.0994112316752663,0.0686802370617584,0.0804586328037534,0.0736963309536978,0.0839048073031878,0.0900111457380338,0.1037559235520436,0.1069044272258414,0.1117584463282258,0.1089776851087645,0.0973964050175167,0.0868488739641448,0.0817451205176471,0.0790968573746273,0.0899698725453968,0.1142027971160237,0.1064979486484583,0.0902819644141656,0.1100453395196482,0.1056125010317394,0.1202098915264471,0.05971492885997,0.116613914238662,0.09786886796915,0.0734463731771233,0.087003160753409
0.0853082800558111,0.0690469136671702,0.0813705030576693,0.0584333931379336,0.0845183787494633,0.1151004840366206,0.0619090889600712,0.0643741249299622,0.0,0.0836199745218583,0.0925470295279596,0.085334938370034,0.0795871711106198,0.1333342570521133,0.0809075319138469,0.1069962141765169,0.131392308451185,0.0731492130823132,0.1310747399624395,0.1042927273835525,0.0935861714272373,0.1004346300460964,0.0832425757579437,0.1008377268320149,0.0900453869365329,0.0884421820187476,0.1073481711829231,0.0899890857668329,0.097590846729161,0.1217033298929233,0.0966316635724504,0.0942207551725264,0.0825286414970637,0.0837763007779655,0.1027967053057409,0.0950013265425765,0.0765377925567994,0.0852428763137056,0.0800081448162104,0.0847604703253507,0.0935739427777074,0.0755818419867618,0.1088898427703547,0.0715954587840757,0.0924604910256903,0.0992058321424947,0.1175920124748666,0.1012359626330819,0.1024031905489264,0.0794247255178852,0.1296014223888172,0.1140350153982494,0.0759314063180813,0.0714613294248499,0.1059784509124899,0.1270634314789741,0.0717740742172401,0.0941206380124246,0.0885858531676521,0.107492691023588,0.09672428208062,0.1801068260155843,0.1488961464397704,0.1003700846664928,0.0931918063295375,0.0955409896168283,0.0782805844741558,0.1103745670530034,0.1346800577400477,0.0673343854803567,0.0755017821032339,0.1125298328596853,0.0903692536799204,0.0863452060169036,0.0823459944785898,0.0688050085466313,0.0855040380200174,0.0787167860199955,0.090762433199783,0.0862101860632257,0.0999174709192136,0.1011610519306747,0.1167292975445172,0.1103676704917511,0.1015470728223121,0.0907655265168063,0.0725972517338328,0.0864453747237644,0.0970399580952457,0.0989923832792217,0.1047699501681719,0.0877499570568684,0.114367160432085,0.1233205400399003,0.1113724454210033,0.0566362926180667,0.124716979558872,0.1052405877037712,0.0698573700762837,0.0907188200122415
0.0815727551785988,0.0643709289111395,0.0830271737806537,0.0494584625284969,0.0848222021186316,0.1241291141515156,0.0530260371956281,0.0867322456685023,0.0836199745218583,0.0,0.0886841978523658,0.0684504301299697,0.0649258236661273,0.1482423232332875,0.0921020641995728,0.1191455899407984,0.1133415777330754,0.0662394329073127,0.100760682097742,0.0905669054009759,0.0831889688609219,0.0985571261000588,0.063559161483897,0.0807544523679587,0.0708616657336155,0.0895033179650033,0.082755335293267,0.0769378898188848,0.0917227198348708,0.0962966887765031,0.0750993055814942,0.0717639729141123,0.0689167762595271,0.0594632395684882,0.1107871757370178,0.085805552171027,0.0601538741506276,0.0762222870787842,0.0861205652587681,0.086499599399361,0.0635905731581628,0.052819951598532,0.0900857203132073,0.0726473676085983,0.0930885427998678,0.105003559692844,0.1166392562227264,0.1021679148271996,0.0821365123228109,0.0774099996696091,0.1327807473636788,0.1148088788798548,0.0787310464845753,0.050366412634528,0.1016116171121921,0.1154622369729904,0.0651362732182401,0.0707403709606508,0.0557594189721583,0.0965797643046453,0.0640428058449911,0.1668187050500794,0.146249467621035,0.0760664578925551,0.0910669742777182,0.0793818922758856,0.0640726569573613,0.1090355424218433,0.1074825255509817,0.0543448010546287,0.0733767627599513,0.0835291259624263,0.0908789366559932,0.0641746430921736,0.0700458888917979,0.0542277498118097,0.0709994699365712,0.0723648476362722,0.0764580059278884,0.0518107355308153,0.0826487249538323,0.0727658529528053,0.093503069648155,0.1071037149508839,0.0937553707096264,0.1040546833224649,0.0610435313528605,0.0720224354713042,0.0772337472626732,0.0836101887463447,0.0748503448753731,0.0884016705997031,0.0996677652610662,0.1148376231235883,0.0768484702846624,0.0686010562600381,0.1207799516646706,0.0960566909209008,0.0679379329828405,0.0668446451436179
0.0947022649364801,0.0979331865734397,0.0711902815004021,0.0720539324974585,0.0876191496710123,0.1151677758127074,0.0925101232122839,0.0950145237521355,0.0925470295279596,0.0886841978523658,0.0,0.0573779626471952,0.064372544655684,0.0909258401887884,0.0901522189731942,0.075895517734879,0.0702230540417818,0.0773070968729902,0.0726164490018274,0.0500419015582065,0.0841598466853117,0.0559895498530661,0.0849784055597052,0.0781041371681135,0.0876955327547907,0.0980480993003653,0.0556993189567457,0.0882867627316154,0.058645458382342,0.0694052918632181,0.0776933510286218,0.0582181716627252,0.0658818868910524,0.0729668443507087,0.101433994013815,0.0832046241328607,0.0710812072260954,0.1030723944040513,0.0927188452920855,0.1098551574785365,0.0893680107464235,0.070910331427526,0.0945428507390484,0.0598580293188167,0.0757315503176133,0.0658739549107165,0.1112630181130688,0.0814822634680526,0.1032774363766853,0.0678122472662105,0.1266296858385136,0.0745046347719589,0.0855892108904911,0.0982221388373543,0.0852132812484688,0.0926260121078675,0.067749074552675,0.0849654836752726,0.0959830429960862,0.0588861317448292,0.0868785097880949,0.1279231098789752,0.1105248090127652,0.0795228459710056,0.0934505643441091,0.0816778100509864,0.0780001748150707,0.0706599154799355,0.0857712980036122,0.0714929174820336,0.0814054673481462,0.0712761981256288,0.1363720911131992,0.0865848935702123,0.0652850411981674,0.0763242962640029,0.0563309122997211,0.0707873757035272,0.0628106826898867,0.0733307469387355,0.107776835197716,0.059807016132515,0.0601545394298183,0.0705070349321342,0.0872498820097118,0.1299249150186797,0.0546877292981473,0.0753754782337024,0.0700117165786589,0.0641549771103731,0.0974754037504105,0.1215899527677686,0.1010394254319848,0.0723329393487343,0.0777607023464591,0.0705297951018643,0.079567542338979,0.111234071583167,0.0724999579845273,0.0754632223239216
0.0821813895952194,0.0830738513069904,0.0738412092604669,0.0650295152355512,0.0931663728524255,0.1234530519994448,0.0785732214877476,0.0895616904230577,0.085334938370034,0.0684504301299697,0.0573779626471952,0.0,0.0476089420318873,0.1156505276699727,0.0975554598649144,0.0958741369293355,0.0838845997023951,0.0648555368823523,0.0892336041340821,0.056908619775322,0.0817555956469652,0.0733199175087292,0.0714459461667588,0.0575249015200746,0.0602650930803013,0.0856095135574801,0.0590267575278562,0.0752949114558664,0.0576827110414181,0.08327636196177,0.074180425709633,0.0495906286147978,0.0703703012070078,0.0521454535404619,0.0972891193587775,0.0671941923798056,0.0608703282994133,0.0887172511843549,0.0805628859050963,0.1013350977440303,0.0668276643210457,0.066113522772546,0.0711632425324667,0.0613678477384116,0.0695309130081473,0.0715615623115042,0.1162284925638629,0.0939242653339549,0.0824639773886184,0.0691898364085438,0.1344330156839986,0.0958006044733663,0.0889017214339845,0.0865417245074259,0.0920005596900149,0.1174137044459753,0.0692385865031089,0.0762661522439535,0.0724436931834931,0.069656191868094,0.0763243362860751,0.1385809876655667,0.1176072469339822,0.0803575564663555,0.1014760713359556,0.0899002908592017,0.0533352699864837,0.0825226306690536,0.0895584190770859,0.0665962369024597,0.0757198893813773,0.0760660117773936,0.1198079949948236,0.0693168397739459,0.0636149282793502,0.0610893873503624,0.0570368982454326,0.0750141523686699,0.0631453529654912,0.0518880581022658,0.0961816981099326,0.0491072172056048,0.0615845072592464,0.0916351961318028,0.0883958758134288,0.1216540189217569,0.0537719325039678,0.0705969469992594,0.0591929367787136,0.061969945741229,0.0738366980114652,0.1002024310632627,0.0948528521016808,0.0945200493125624,0.067640022470012,0.0643070849600427,0.0922136193488667,0.1134041818587737,0.059391303008563,0.060735529473891
0.071675354255924,0.0762967631363899,0.0603479974727989,0.0671566979688989,0.0727810747403951,0.1143418286265259,0.0710710445487457,0.0839801214394019,0.0795871711106198,0.0649258236661273,0.064372544655684,0.0476089420318873,0.0,0.1084156455599203,0.088452295110176,0.0847932749536479,0.0818052942011095,0.0711286400152695,0.0812642996383428,0.0673363900527776,0.0718994227313362,0.0664448700751709,0.069788578859057,0.0503731075503779,0.0585536369883315,0.0750204739114115,0.0534732056793191,0.0563843219051517,0.0542146394624541,0.0782511582129224,0.0617147140497211,0.0530490952207845,0.0691195615680198,0.0577527807898998,0.0828419674444414,0.0659101543693411,0.062364333475436,0.0748992319737057,0.0688378126244299,0.0854058827798878,0.0579611301766713,0.0616249353666005,0.0602133219428946,0.0605589702058639,0.0613325847384154,0.0655855175669879,0.1010749892472366,0.0881938093894851,0.0832087789133444,0.0747762393673402,0.1227077395854478,0.0762420961379523,0.0831879572768333,0.0784495775556933,0.0748587698548223,0.1069768374690565,0.0687988920738354,0.0701574566998655,0.0614702411328941,0.0672615353982029,0.0596192142330789,0.125110466905998,0.1140918218946807,0.0631161886680249,0.0903498348304656,0.0880140378347552,0.0533070131046544,0.0773995606730293,0.0926354073947992,0.0719253768458204,0.0657726110410875,0.0743403833097061,0.1085124423130644,0.0655028929452138,0.063634892713964,0.0556232889165518,0.0537434775742775,0.0715907873535882,0.0610005650031158,0.0536201912287728,0.0946874330511715,0.0571793022564147,0.0625924919366849,0.0951892812236292,0.0752074669484917,0.1138786703386312,0.0532785585934104,0.0605548997156703,0.0507518665042772,0.0663250632965558,0.0570588035850731,0.0836235091284706,0.0728165054235497,0.0829501651210359,0.0745527832396695,0.0653818692316847,0.0916035259796163,0.099214846692135,0.051312763602189,0.0623204868711172
0.1041213565609506,0.1376141043178084,0.0857390792518944,0.1317028988758798,0.1047676614366244,0.0890371368148343,0.1321586936082043,0.1236432969314278,0.1333342570521133,0.1482423232332875,0.0909258401887884,0.1156505276699727,0.1084156455599203,0.0,0.0870268699704207,0.0490579563230359,0.0992817355053228,0.1316629423451245,0.10599685056616,0.0975006835199378,0.0964966633265337,0.0673718792700349,0.1320957054368905,0.127057918949979,0.1369829171134768,0.1049462658257547,0.0908865114058904,0.1005895086028862,0.0766621281401847,0.1025611343213394,0.1129130409535726,0.1119094292443195,0.110413066577878,0.1393451626405222,0.0911696929844516,0.1192099831936484,0.1255129829140085,0.1238177745961395,0.0998932157707894,0.1158439500325028,0.137535940458027,0.1040796646443478,0.1180845863847478,0.1003260733326583,0.0773051668385878,0.0633297465956925,0.0846441473123225,0.088757654223616,0.1685711197695097,0.1151329558996882,0.0947993662020805,0.0745741211335815,0.1146664071184135,0.1258771692084904,0.0821599544544727,0.0711775582671241,0.1110607279597708,0.1416182292034442,0.1481789659164277,0.0897100056829636,0.1366191619208903,0.0980845867661397,0.0705439395605414,0.1067291108151668,0.091157697480586,0.1024300989373527,0.1428079175141091,0.0851619880399528,0.1279913462481041,0.1180923943956498,0.1156703121322288,0.1087714756148778,0.1574585864730894,0.1307149314688081,0.119477929258234,0.1150915678894679,0.0864314029570232,0.0983625619516777,0.0989986035162036,0.119013782482313,0.1350599199868447,0.109627756391045,0.0946207948683882,0.0761206550691571,0.0909590838247434,0.1336024072602677,0.1028734983582843,0.0919382224108334,0.1257510534610857,0.1092848182666107,0.131228843822086,0.1361430848337619,0.1133613689756438,0.0897411679929724,0.1395540311439512,0.1040300134567447,0.0609409550699236,0.1023612290813406,0.1149713103656854,0.1383604818451566
0.057593012042744,0.0764447922158303,0.0596186737928029,0.0723631232535636,0.0619585824200998,0.0643465461950788,0.0638942793329473,0.0698816063180743,0.0809075319138469,0.0921020641995728,0.0901522189731942,0.0975554598649144,0.088452295110176,0.0870268699704207,0.0,0.0633102601155785,0.1096098492496679,0.0720592447484926,0.1074166167737843,0.1008406942154016,0.0656208268524518,0.0807564357878513,0.0751477125645763,0.0969823003800303,0.0956319489078477,0.0763875968795587,0.0946921943643023,0.0871380005572952,0.080730833460245,0.1030133088443168,0.0856615557026823,0.0967500684535908,0.0754204622221704,0.1003800389213303,0.0637783761211924,0.0874429605696628,0.0794872816246446,0.0684500673480465,0.0569529362254484,0.0662605590127237,0.101863002416967,0.0646927339094764,0.0952183374011407,0.0681369793245116,0.0847845000796477,0.0784595721148777,0.0641389984090569,0.0555643329266197,0.1273623782161117,0.0753827668374463,0.0766784835662753,0.0857666635407498,0.0570080464640907,0.0688172587020279,0.0603739536343939,0.0661437090496348,0.0726012922822555,0.0996614317831507,0.0986636757890724,0.0872777801782017,0.1010502937839621,0.1431137383222695,0.1017650329804874,0.0818539285651685,0.0481397470543539,0.0534088783817383,0.1031687552610273,0.0815665599077116,0.1128483175738988,0.0658517476011152,0.0668992713321063,0.0920211617238355,0.0943568198317955,0.0892146528103083,0.0846808159836818,0.0689493196117791,0.0648252346522227,0.0592738752627882,0.0924399958029397,0.0892962298824037,0.0833717138218501,0.0997495342808682,0.1064418489525284,0.0766540597955728,0.0661515753328646,0.070136953606191,0.075043416958266,0.0761126252132542,0.1008666796283251,0.097327947130901,0.0947357163926008,0.0838999954419512,0.0926710492574182,0.1038906667854419,0.118271886877448,0.0655987103675526,0.0768268262490502,0.0631925323141011,0.0756668709049555,0.1115807762598622
0.0758850285005447,0.1062162783755635,0.0636914184300132,0.1043419175786669,0.0779901562525154,0.080834774886389,0.1025389148619733,0.0966777864222404,0.1069962141765169,0.1191455899407984,0.075895517734879,0.0958741369293355,0.0847932749536479,0.0490579563230359,0.0633102601155785,0.0,0.0931634250575731,0.1004029108501071,0.0972533577780321,0.0827113384346581,0.0754553054767647,0.0598959699900706,0.0998320819555013,0.1019711376012777,0.107910677232704,0.078211346534981,0.0760541833303264,0.0777833095687343,0.0620518204766771,0.089790396654879,0.0820453788650355,0.089028615706026,0.088160001820449,0.1119048582617658,0.0651365370162309,0.0856721070951149,0.0959123066327261,0.0876770736308742,0.0728455076112832,0.0904790866292622,0.109927392962014,0.0741589226411013,0.0944221875996974,0.0776451623842488,0.0630360535615451,0.0524389425837108,0.0613477776239859,0.0647367034954039,0.1340122611903046,0.0859902501823831,0.0894516578076344,0.0629818431878224,0.0846659462860125,0.0966945077350373,0.0583946793075049,0.0632262466036922,0.0869430735408524,0.1114898829398313,0.1177719516659199,0.0785868882409745,0.1095657993381794,0.1164097731077446,0.0804421862581923,0.0752293600010998,0.0720625995199549,0.0748063657950263,0.1149867989503679,0.0712918311189509,0.1144025991528522,0.0932516781836486,0.0859392019884276,0.0932325464192065,0.1271529043445623,0.1015930768649718,0.0978155652631899,0.0849949127986659,0.066612134878339,0.070552081456699,0.0836000940041994,0.0946313929261485,0.1013234749967204,0.0899162616642905,0.0862346412122785,0.0746187934695691,0.0719247127588134,0.1133206321170787,0.0812225826868757,0.0711484714400146,0.1002912240871265,0.0889060509883697,0.1021755468774752,0.1034667587187956,0.0900995235081237,0.0757287548124607,0.1130461742244611,0.0844653894525345,0.0595901363812688,0.0835763169984388,0.0851873512324594,0.1100432694566976
0.113217390017114,0.1299087139007489,0.0923596629897147,0.1075610444458756,0.1198317957606721,0.1383612974925053,0.1180066741106411,0.1385797673969613,0.131392308451185,0.1133415777330754,0.0702230540417818,0.0838845997023951,0.0818052942011095,0.0992817355053228,0.1096098492496679,0.0931634250575731,0.0,0.1123251866391162,0.0463959205915612,0.0612352376984413,0.1037535853052658,0.0569640483973903,0.1132527905790263,0.0773534339330893,0.1070939132337169,0.1214033021719875,0.0602487907988215,0.0987811832757904,0.0701726844853028,0.0586598578980852,0.1133872816841582,0.0648018951791234,0.0680027947392329,0.0955696815589906,0.1109109129126569,0.1190232054858208,0.1041500452244672,0.1188476093650428,0.1049195060777053,0.1357436500156805,0.088967262845953,0.0986471311555823,0.118546093658749,0.0983253508647148,0.0823417449667153,0.0734495667476995,0.1174707611016503,0.0961826382648484,0.1251472900340274,0.0988800417646156,0.1362152629000531,0.0925108593405053,0.1218075882958132,0.1283358926096653,0.1028233972969076,0.0995244544645394,0.1173011710290633,0.1004177908664822,0.1173672747659735,0.0452639270208964,0.1034388028621591,0.1057245807909227,0.0866234050330923,0.0840991164966176,0.1059301854354534,0.1011767439608963,0.0912514162409876,0.074628313033718,0.0570647368100255,0.1039538698742948,0.1014252635745292,0.0551828023056342,0.1625709695543573,0.1132279821678962,0.0776558902296839,0.0998088810959088,0.0749890229983688,0.0907067394323987,0.0841542596436369,0.0934307521715702,0.1124768606494603,0.0717200175757687,0.0695260786440691,0.0848651964049399,0.0918655379013091,0.1601747865643381,0.0813171224198256,0.0917701188063795,0.0999302121876072,0.0628424432416617,0.0907210492571832,0.1236532414290784,0.0847281360645765,0.0951586110385892,0.0948224247606917,0.1112211090642411,0.0727379005009333,0.1168044107466318,0.1027880647362389,0.1045615411749533
0.0699450734666848,0.0572661751633729,0.0752613879157297,0.0528430076765733,0.0723070575954702,0.1015931123269033,0.0559744511243999,0.0730007624260529,0.0731492130823132,0.0662394329073127,0.0773070968729902,0.0648555368823523,0.0711286400152695,0.1316629423451245,0.0720592447484926,0.1004029108501071,0.1123251866391162,0.0,0.1040467087784555,0.0854964929678422,0.0779344227718455,0.0960477107763256,0.041884980790304,0.0815020442700999,0.0561151414391704,0.0829775204862761,0.0782371042208741,0.0810429405378762,0.0849890599946465,0.107895221419925,0.0696213474366603,0.0651842088134873,0.0741911961396165,0.0574189561954114,0.0892418161674065,0.0614268805844094,0.0444568309615206,0.0697703482796387,0.0755851345458161,0.0829191002421222,0.0635074772424028,0.0535846608778376,0.0783544516196095,0.0633661581485543,0.0932676811063115,0.0976597423184747,0.108061483188104,0.0797562696908662,0.0852026323630322,0.0566040110671741,0.1251234811548694,0.1084831109656082,0.0557302729205835,0.0688973642565343,0.0876808517740975,0.1114390485797608,0.0532404917419546,0.0591092566539155,0.0680911479849894,0.0972254344591219,0.0801967149048048,0.1770393086414742,0.1492417323255863,0.072746381409591,0.0830631704658561,0.0661473674618519,0.0719412136066247,0.1061320704913095,0.1165872067689114,0.0573148679628362,0.0614769760086066,0.0941908022921359,0.0956940508897241,0.0529713865783587,0.0684431256540316,0.0598681381413436,0.0743415067283693,0.0578642470298412,0.0781140471204378,0.0620120804541984,0.0774930162443509,0.0698924675408371,0.1028574540704915,0.1012493653812322,0.0901209516072517,0.0896708243467098,0.0593650559494411,0.0709973203429502,0.07300055816202,0.0870816793184579,0.0808481025998802,0.0886697356043369,0.0956016801168657,0.1116820979248011,0.0821196320827926,0.0634385627738349,0.1166596829866217,0.0901039134576182,0.0538525898670385,0.0712104214795063
0.1101496485510689,0.1206782826313552,0.0823372830722301,0.0972744859809883,0.1155927051809986,0.1277178282479734,0.1080301214551325,0.1352321554267949,0.1310747399624395,0.100760682097742,0.0726164490018274,0.0892336041340821,0.0812642996383428,0.10599685056616,0.1074166167737843,0.0972533577780321,0.0463959205915612,0.1040467087784555,0.0,0.0763952104446649,0.0986075171916658,0.0680499731334905,0.1024435217305313,0.0852220773735164,0.1059589272382777,0.1176473582402856,0.0676139815801023,0.1011869782104528,0.0741569805182302,0.0611314260328926,0.109419697996765,0.0693048340581868,0.0655282622021559,0.0964610309303011,0.107972084367879,0.1179902643337865,0.1019942597253906,0.1118455045207266,0.0988143266981943,0.1231095206509265,0.0870229678756763,0.0887677464837715,0.1174265977354165,0.0979156552851557,0.0891219937229293,0.0834800378554857,0.1136908304772867,0.0927531438507892,0.1278136359410564,0.0999670947413221,0.1301984682358017,0.0945949115400849,0.1174318872793571,0.1155107859714541,0.1037962858395912,0.0958111068218562,0.111458919921236,0.0905482740901793,0.1098966108364414,0.0497447696274293,0.0965731651650645,0.1156166556881038,0.1031452438887019,0.0760588792230458,0.1013691746792765,0.0946717021028733,0.094794596881324,0.0717113855570065,0.0628110904605822,0.0940292348865186,0.0977484663665031,0.0496277159927845,0.152048535456774,0.112897350271431,0.0772135879633522,0.0906547804286689,0.0671787923747699,0.0862775384285569,0.0869597380624554,0.08268631139448,0.1049989082591509,0.0732200923517829,0.076803089472967,0.0836241002690242,0.0864548262433084,0.1475860123911553,0.0763926736593458,0.0918243180071623,0.0997490978533923,0.0669883767897466,0.093877549594397,0.1211457874322463,0.0844222113006204,0.0955815221466454,0.0904210707383549,0.1070559764221096,0.0796933535584566,0.1105388270613227,0.0975594717527254,0.1042525023927089
0.1054161700811071,0.1118145267669048,0.0800673920790581,0.0819106647553722,0.1009911651029716,0.1346877933779427,0.1006447390443924,0.1036649734033154,0.1042927273835525,0.0905669054009759,0.0500419015582065,0.056908619775322,0.0673363900527776,0.0975006835199378,0.1008406942154016,0.0827113384346581,0.0612352376984413,0.0854964929678422,0.0763952104446649,0.0,0.098818630573386,0.0575236902762046,0.0881342129553951,0.07646022801258,0.0875340469478737,0.1091009093125486,0.0517115730665651,0.0773304576777618,0.0645710623929753,0.0736951219134232,0.078836667166061,0.0528279387831145,0.0721740344338779,0.0680361097754546,0.1127697236317337,0.0820219938380244,0.0774343165810103,0.1064191552699511,0.1022886891347948,0.123465651574232,0.0790280632065241,0.0805072280375373,0.0903574013917778,0.0641832563330893,0.0699217695849831,0.0669133034582207,0.1167132383291447,0.0949969944543343,0.1075736153038093,0.0816476279466468,0.140324015185354,0.0825836249292822,0.096000114387347,0.1120994330085113,0.0950288576442245,0.1032044484678675,0.0841020432436696,0.0808112370599792,0.1054263999147952,0.0670314552560617,0.0932061872374079,0.1246755865330382,0.1031336830452653,0.0836545841228913,0.1054536399741446,0.0945559552391696,0.0720431661196956,0.0851880702580596,0.090188089150192,0.0865626857169017,0.0936491942371472,0.0799125740936994,0.1516292237954028,0.0855168883843293,0.0717484189560868,0.0888620762233177,0.0668719216447754,0.0712367158767147,0.0582634054613343,0.0790583943960007,0.1184934092284649,0.0499724860206983,0.0561922113538127,0.0882260515705207,0.0995314518564105,0.1456355651650522,0.0618995787709521,0.0655290723840435,0.0664813047788383,0.0607497491887291,0.0988648298067189,0.1344315634084538,0.1023648554461965,0.0852588601795541,0.0916981296122871,0.0842146155437522,0.0848608995653244,0.1117943290702277,0.0846181967134028,0.0755242663684911
0.049453434638867,0.0824658449153167,0.0741501164221485,0.0743539173502985,0.0522427532419406,0.0790323927494956,0.0703783720165129,0.0826932250226275,0.0935861714272373,0.0831889688609219,0.0841598466853117,0.0817555956469652,0.0718994227313362,0.0964966633265337,0.0656208268524518,0.0754553054767647,0.1037535853052658,0.0779344227718455,0.0986075171916658,0.098818630573386,0.0,0.0742699681186739,0.0832219718613335,0.0886135945375908,0.0910048716478936,0.0491454770001157,0.0807983938169058,0.0796551045486722,0.0794203971922129,0.0861136284449902,0.0772112284284771,0.0905660609842259,0.0825441482971242,0.0934338175555271,0.0764053120196269,0.0957729305084445,0.0901551946010781,0.0784345871724133,0.0651810616128793,0.0727089237647466,0.1006129402748547,0.0607795610376392,0.0963131491968475,0.0708660926828137,0.07892320363528,0.0654960245867869,0.0677672986009905,0.0787255514328127,0.1172429354866811,0.0858046250878978,0.0938129992108779,0.0795537445928299,0.0565452215115478,0.0682459622045447,0.0608760124695803,0.0722623645766456,0.0614380718050207,0.1042402529741491,0.0817981111143783,0.0858820733432021,0.0773726373150478,0.1288293471416227,0.1049998544126734,0.0768747251730991,0.0595782165493785,0.0807135378277327,0.1011057886571613,0.0873207957198251,0.1178449597920516,0.0688282650384517,0.0767180299073402,0.0898844242733224,0.0945099598430014,0.0873895366228235,0.0847285057599988,0.0578108812951638,0.0668122250043872,0.0620833451510103,0.0680309863414122,0.0804817303508986,0.089395712620972,0.091226279807382,0.091928074627221,0.07640625213607,0.0544400402568959,0.0763802968751994,0.0763455196760063,0.0592263242173841,0.0834301553154462,0.094268432461951,0.0835770173339703,0.0831659890089505,0.1102211312396283,0.1005791482308537,0.1020734891513124,0.0603793465918899,0.0719058709934847,0.0645773916451763,0.0790199077463173,0.1074705310274656
