0,1,2,3,4,5,6,7,8,9,10,11,12,13,14,15,16,17,18,19,20,21,22,23,24,25,26,27,28,29,30,31,32,33,34,35,36,37,38,39,40,41,42,43,44,45,46,47,48,49,50,51,52,53,54,55,56,57,58,59,60,61,62,63,64,65,66,67,68,69,70,71,72,73,74,75,76,77,78,79,80,81,82,83,84,85,86,87,88,89,90,91,92,93,94,95,96,97,98,99
0.0,0.0864179255371693,0.1086301626447386,0.0911640253686631,0.1391532379989033,0.0776636280224822,0.114037286462395,0.1334387607860637,0.0972719081729624,0.1041066980213197,0.1318402748925625,0.1094433399720731,0.0687478833545356,0.0901975061031635,0.0755515703981293,0.0935579829906904,0.08029535901908,0.1020637790273557,0.0950189496016554,0.0942673194926858,0.0897480511149263,0.0870258183497604,0.0942504060041566,0.1535909820907387,0.1018816382976717,0.134756897484409,0.1240626266368042,0.1615263970542087,0.1080971557667958,0.1266302727936164,0.0938977248990621,0.1416092576460263,0.107257246191548,0.1284177203509739,0.123423167423268,0.0778663511802338,0.1147061335190252,0.108167243774356,0.1309270216578753,0.1260324278504949,0.1141353665829467,0.0739351875798958,0.1577414364896047,0.1296855627326491,0.13226141269153,0.0942335030753867,0.0887233522254971,0.0633801478829062,0.1249772948035809,0.0919091791646106,0.1333472997156777,0.1173200875685237,0.0779237405681231,0.1197898199678943,0.1339653649036044,0.0844049119500275,0.0964447616451023,0.1448668278514891,0.0911894254074223,0.1198578972249723,0.1416635717495441,0.096565190918249,0.0735081076957413,0.1023782860805786,0.0846859006878132,0.0864700699417842,0.0968462496399668,0.1212837804146209,0.0814800626698295,0.1070041073480403,0.0962619058139579,0.1032807431488088,0.0866638594647406,0.0777658645399256,0.0901348836705441,0.1074717087710075,0.1105615255564212,0.0767225173153305,0.1339434151116162,0.1143536586116533,0.0959475000162971,0.1136149010622449,0.1394769574843934,0.1087742078319542,0.1040830398286034,0.0969845098708865,0.1433067066173524,0.1357223471958427,0.1302910297914183,0.0807126138090319,0.1287324144405581,0.1295411081738524,0.1015493373071886,0.0950129261145232,0.1213576516831634,0.107468323253917,0.09856332234637,0.0975373108056573,0.1227091990173351,0.1264810326642231
0.0864179255371693,0.0,0.1060284734986243,0.0741008917101085,0.1478855157611525,0.0744234406664274,0.0867147389772665,0.1316306171437195,0.105693118566381,0.0862521910110586,0.1116228716175403,0.0629262975630285,0.0960739220523066,0.0753685143575429,0.0806407620502404,0.058788719939213,0.0789058638462308,0.0845219055179963,0.0659268110035905,0.0898222429148302,0.0892639899728785,0.066943533657958,0.0595552551043171,0.1142298293146782,0.0707887807867718,0.0898134743038059,0.1123738790676173,0.1220062585640508,0.0829416871409251,0.0804578532071912,0.0541651760532667,0.0879395922600453,0.0719566111138988,0.0949171454549343,0.0849083525931025,0.0847160857732076,0.075367512756325,0.0966206975856997,0.0858297975259359,0.0828146141345574,0.0820512410320913,0.0919141978716816,0.1347152762922545,0.0921588072661693,0.0908881423316212,0.0781601750450647,0.0888360765697178,0.0788215492107461,0.0894457330584262,0.0915527630016482,0.0905133570826956,0.0687565851353894,0.0604205704641881,0.0896397208422254,0.1287393744632995,0.0786096222755411,0.0938133075730465,0.173014352125158,0.0704697156157647,0.0782424958259802,0.0958962032853848,0.0887324667120052,0.0737530516454422,0.0927600099791321,0.0686680103246749,0.0727632699459769,0.0730474479676767,0.0789702919390557,0.0731261246040921,0.0659713189653793,0.109090002243656,0.0792421615262442,0.093069597959955,0.0672378366553698,0.0774882628058119,0.0979829063438076,0.0692084941206004,0.0699265772741589,0.0917969848408685,0.0652047641091261,0.0734518853691355,0.0703910703921568,0.1070295596896605,0.068302093299682,0.0799372887403865,0.0814150282310865,0.1090019415278174,0.0883357745721128,0.0902223335823294,0.0834238137411703,0.0762939529910021,0.114945834703987,0.1185154138159137,0.0704097242437232,0.0865486494850949,0.078513597696199,0.0617528765116029,0.082839463409916,0.0736881648743238,0.099631909822014
0.1086301626447386,0.1060284734986243,0.0,0.1022381739796246,0.1070968592753104,0.1127796430361297,0.0856212968505739,0.1056956311280897,0.0936287338589798,0.1003449972167964,0.1106344256626515,0.1155885505478793,0.1066609882174037,0.0983160175416274,0.0759322326323509,0.1094620472294032,0.0794999245762267,0.1099290166932818,0.1220048129729508,0.0834401333483148,0.0928623451851818,0.1239544547418422,0.0997914842425132,0.1462502439367964,0.1205422826513547,0.1547916955428652,0.1694528529207014,0.163096425850159,0.1141623945029317,0.1367785356204983,0.0986631081496307,0.1640255934034892,0.0785633714013078,0.137706561864219,0.1386114725537895,0.0895471766558802,0.1274133736929547,0.1273884060811464,0.1303264857023155,0.1284401498426304,0.1442156341540411,0.0897646751604082,0.0810096510679452,0.1232089949626566,0.1398660190335793,0.1112935716691258,0.1187354875059856,0.1033639144215827,0.1427137585239053,0.1383553987432964,0.1513566241183155,0.1313796643566964,0.1101518349566502,0.1084101886788993,0.1281327778634753,0.1033593351390282,0.0685590119250559,0.1275871725706321,0.0942510014321163,0.1146992259009566,0.1203726499778003,0.0960745403987432,0.0850951646852905,0.0811474864391293,0.0697465513946371,0.0667126187855893,0.0917077508292925,0.0970723803862154,0.0877756591331118,0.1209928672777984,0.1077569628875761,0.0740837712693059,0.122362958448228,0.1177190072554524,0.0824143263809761,0.0917552860085995,0.1336630080238262,0.0692827975125311,0.1297597438936718,0.1192942628747432,0.1172700764414149,0.1296576299038223,0.1667792102804071,0.121655643787522,0.1427725472190555,0.1126012726407356,0.1702337070398157,0.1563071752887347,0.1241965012990799,0.0923417068918893,0.1476286395105979,0.1143796429981931,0.0961317315976753,0.1251874370634117,0.0921636022910391,0.1114603744075861,0.1017461602556204,0.1268455148889715,0.1496067712149162,0.1371533770578721
0.0911640253686631,0.0741008917101085,0.1022381739796246,0.0,0.1224616196757377,0.0964241862332319,0.1002523437113778,0.1266247308205883,0.1088894193894161,0.0943907396132766,0.1077839679514755,0.0935545827925316,0.1045852148765072,0.0842399516013117,0.081731966009529,0.0975737812619113,0.0783304725353976,0.0951446392704664,0.1002080235837131,0.0699431718403659,0.0828465591991568,0.1030872381385431,0.0852859515765969,0.1391032921079577,0.0858030427730668,0.1284257947904291,0.1392123307052992,0.1504865224397387,0.1099344635822016,0.1264738265804159,0.0753450235827853,0.1362764910267463,0.0756443694848506,0.121788113713138,0.1066888231259744,0.0984081622112456,0.1066885609677837,0.1226433182450302,0.1197161553671659,0.1259288994872146,0.1171710879944838,0.0838660381020601,0.1428526483503362,0.0871425901788378,0.1192878864798715,0.0964529445221206,0.093716027592071,0.0965857295702366,0.1175723578224407,0.1095929432143274,0.1416008926503007,0.091762060524267,0.0964279377079127,0.115224922576554,0.1100502438475885,0.0727878490144621,0.0915817483086774,0.1482744459909426,0.0944991968700665,0.1074902633184277,0.12374534882888,0.1158375457098631,0.0973230289249298,0.0943986408807154,0.0790596716668495,0.0925889801842862,0.0878465006062047,0.1087176644342802,0.1047567237809114,0.0960905739825049,0.1022016170161464,0.1013828542875417,0.0914868882660741,0.0821052213228249,0.0887336451162525,0.1071774921736054,0.1091443264218949,0.0895096772951059,0.1193546389949028,0.1137941566789024,0.0835484443372616,0.1167994180110433,0.1482749513440607,0.0838668969287576,0.1248232205172775,0.1301072203201113,0.1418466078931973,0.1390557651442169,0.1044887105631728,0.1080175590710477,0.1359266564540929,0.1191289083091355,0.0860101964854315,0.0981813941330577,0.1195604644224136,0.0658482847370157,0.0889982961707716,0.1063157645429949,0.1115379652016087,0.1048184034262424
0.1391532379989033,0.1478855157611525,0.1070968592753104,0.1224616196757377,0.0,0.1527083545955632,0.1099105726140833,0.094643229537996,0.0897566223598,0.0998514321615982,0.110992907566395,0.1436635415906513,0.1257243280173026,0.1224001069060487,0.1159003159341349,0.1483921956712862,0.1060288666953057,0.1263180781479779,0.1664843988236082,0.1077454991669097,0.0994453488205263,0.1655812863201911,0.1385987698255079,0.1727977162363172,0.1514569164487619,0.1998953742722048,0.2105345158992059,0.2030223456746039,0.1607694822040691,0.1652844589749585,0.1499311033994523,0.2135395889011826,0.1310554305179032,0.1862694675591483,0.173853671211126,0.1163498168372729,0.1467640796072556,0.1691234024958463,0.1700844294111042,0.162010471156629,0.1862375737853711,0.1018070329901887,0.1063648406097825,0.1536667881323019,0.1830346153894785,0.1483754001823889,0.1313575789623449,0.1309598699812137,0.1863168863143378,0.1736696557246718,0.1977435070600136,0.1710312120252234,0.1512503897029936,0.1474010208306993,0.0866839106639329,0.1288983451612786,0.0825307163460437,0.068931733229886,0.1212181594986827,0.1502998898687872,0.1492225863536414,0.131500970865386,0.125467555179688,0.0946834770746331,0.118674496839395,0.1145771839387926,0.1160855379368744,0.141079810516225,0.1388995280652206,0.1487394372334447,0.1008870845790429,0.1184325540760781,0.137273346600306,0.149501064103725,0.1238641080997178,0.1061105969838622,0.1784363165428941,0.1140146727655889,0.1596998361447948,0.1569155497310171,0.1493054336444363,0.1762620709527075,0.2171638890101961,0.1480298794163397,0.1969006507972988,0.1698331901714278,0.2112681789555313,0.2071822214405442,0.1292324066955151,0.1392713660476134,0.1898578442447183,0.0912645296689682,0.072967291331614,0.1545900461953169,0.128880870784142,0.1330417408734179,0.1217549216828849,0.1733552468357002,0.1916436582515649,0.1594386254727614
0.0776636280224822,0.0744234406664274,0.1127796430361297,0.0964241862332319,0.1527083545955632,0.0,0.1090557352355623,0.142236703978307,0.1125979883343057,0.1037186403963856,0.1159119002401946,0.077624367342474,0.0832447531790658,0.0970435874404496,0.0756900609206146,0.085254089103671,0.0874631215203202,0.0942965367054129,0.0559832778753732,0.0824950394999881,0.0682442158676751,0.0704002375879623,0.0649805698458978,0.1395788257447404,0.0833056698295615,0.0935735944053718,0.0995432815430212,0.122282739088897,0.0816537807959564,0.1130941671407716,0.0833117713757014,0.0975453148175524,0.076908128608557,0.0900461139786794,0.0888289008386465,0.0956191934987093,0.1048569365499863,0.0851612482354284,0.0967778795475685,0.108022647398009,0.0932439497254355,0.076825880417308,0.152806706735775,0.0983773502010687,0.1098540376481262,0.0888460890290301,0.0863478823164342,0.0763597427567165,0.0821990482618317,0.064896094417441,0.1097893466598418,0.0880995899143634,0.0756330732495162,0.1110952575048871,0.1279136578821688,0.0799789784651272,0.1065313094044416,0.1710087112907738,0.0651013851820407,0.0987609301695386,0.1301074426398839,0.105834554395645,0.0822331636949856,0.1104162908836796,0.0900194109629085,0.0820725358675834,0.0811498387060442,0.1144827190298419,0.0748916485236326,0.0987978350304307,0.130157804668397,0.0999904250546699,0.0894855316697195,0.0665593126477715,0.0939428138170053,0.1116945004050165,0.088098285506359,0.0841433273269233,0.1234936319657817,0.0889257312795847,0.0646040570806409,0.0929464766800439,0.0919186538876167,0.0893519717972004,0.0752594569224106,0.0929562453175694,0.103022675493519,0.1002869149528945,0.0943685239032334,0.0941110771874054,0.1093353247545415,0.1263372034762315,0.1101162013992448,0.0928211849463644,0.1094062972753812,0.0934342468059357,0.0747631114772812,0.0571604870773649,0.0920598921760743,0.1085042131016674
0.114037286462395,0.0867147389772665,0.0856212968505739,0.1002523437113778,0.1099105726140833,0.1090557352355623,0.0,0.1108831785879936,0.0946734392735175,0.0786175100194892,0.0974529923906696,0.080232840984991,0.1079245960099219,0.0630511237744929,0.076923908594804,0.0713687581853112,0.0786149720827658,0.0677685709734964,0.121830957190758,0.0808833577994469,0.0842301594593805,0.0957839019474568,0.0736998897467724,0.1044426569558675,0.0929131693778165,0.1240229268953652,0.1538394698891978,0.1266967534641976,0.0858518349757726,0.0813118608604945,0.0857686956930562,0.1285136457426849,0.0720635836563336,0.1020803020386074,0.1040328366181762,0.0819885436646061,0.0737033714722782,0.1170291401274896,0.0826421307398149,0.0751955268280885,0.1032504298685081,0.0872293268045624,0.0848307369276003,0.1088376870882407,0.1158442803305258,0.0902352078652947,0.0922425893833251,0.1009789452478845,0.109154057218204,0.1369467691560998,0.1030087804373526,0.109003350850731,0.090697381832411,0.0776955730475686,0.1096695138137794,0.1024230649877934,0.0765254646609066,0.1301896093374151,0.0766280355159882,0.0814889521846073,0.0861851194952982,0.0850307562475304,0.0952133472821556,0.0661507483462678,0.075396110574862,0.0641518741631777,0.071279524252255,0.0700961265201085,0.088265284056873,0.0839345236180503,0.0940397679563504,0.0496495776051909,0.1006069472230511,0.1060937408388581,0.065601881326438,0.0515270300762292,0.1006450885875346,0.0686864396840534,0.0951528710817642,0.0721178727715349,0.1009553978480511,0.1095032723120488,0.1338426875414699,0.0920331517852898,0.1253437301568795,0.1101017394096759,0.1255146133678474,0.1166926344123596,0.0845971199704686,0.0847945473751423,0.1031043089688931,0.0769458320578376,0.0882206799501077,0.0779486285107906,0.0577858639670508,0.0888871235534423,0.0728303327575043,0.1133481560157236,0.1222804097954909,0.1129088160878064
0.1334387607860637,0.1316306171437195,0.1056956311280897,0.1266247308205883,0.094643229537996,0.142236703978307,0.1108831785879936,0.0,0.0767593427686083,0.1102211984840048,0.1537015920043405,0.1322516829182971,0.1153932021688847,0.1125577137202633,0.1189891046375231,0.1262742426725208,0.09633851251765,0.1068118962619424,0.165023581748026,0.1257154834238747,0.1065768758574523,0.1493753052549922,0.1265951936796837,0.1979542684019024,0.1442048655879831,0.1813546052105789,0.1477752728592906,0.2215470356239051,0.1331871460167336,0.1583291144818226,0.1440914804195054,0.2054988717527622,0.1223503671638083,0.1836566887531137,0.1795637846637646,0.0838405612446979,0.1428026990105065,0.1228836934715727,0.1416958335673149,0.1369457247690459,0.1654894309116808,0.0930396663642885,0.1269913133643839,0.1807650158162893,0.1926141261267558,0.169385882883793,0.0911308022282813,0.1145564544402434,0.1738492784361384,0.1531058632722126,0.1932404841029342,0.1610694407484405,0.1139879991372311,0.164239982862751,0.1197740179507881,0.0971627199885964,0.0753327727043298,0.1210216424932772,0.1123242241888403,0.1483334649866688,0.1779844404163217,0.1259126091112186,0.1060267391576799,0.1156983346814362,0.1051720120760173,0.1167047445962949,0.1135846552266595,0.1293434446663044,0.1146435889865472,0.1092317304300798,0.1064661459673889,0.1002933754950758,0.0976845008989326,0.1325505644038771,0.094119457549287,0.1315940290602098,0.1503830311030579,0.1015893382334393,0.1872661592587542,0.1515271501653494,0.1310423342575797,0.1588439742807607,0.1851258168985488,0.1203501524713032,0.1750777707995217,0.1345933621821928,0.1897934372435254,0.1829927696033373,0.1524063290985411,0.0871551919478077,0.1808945887821187,0.1295396074283711,0.1123460533818453,0.1157270090026265,0.1098049098720191,0.1641998017511907,0.1302579652713738,0.1364452105296708,0.176414507875196,0.1769592803948888
0.0972719081729624,0.105693118566381,0.0936287338589798,0.1088894193894161,0.0897566223598,0.1125979883343057,0.0946734392735175,0.0767593427686083,0.0,0.0931020374068011,0.1179581835010273,0.1099915208636243,0.0794742428941043,0.0812487678759807,0.0913410463928685,0.1038809304689001,0.0750164955536034,0.090754026928125,0.1359168375576208,0.0969846786239228,0.0789093876897579,0.118146118586997,0.1085449830353388,0.1764570863557669,0.1206881733065337,0.1639004739090933,0.154422357348608,0.2011980468159359,0.1256031510012037,0.1379328160962627,0.1176437551116966,0.1804006542806574,0.1089924670603188,0.1655879853737705,0.1578620473451335,0.0616221217429337,0.1209044528304168,0.1143631189288444,0.1315428848873047,0.1164476819467973,0.146632974719843,0.0631643945047309,0.1213691103054248,0.1624792058843185,0.1709655890273176,0.1348039807220723,0.0780537850258067,0.0837449828651962,0.1534061273179406,0.136548053966558,0.1660938305306111,0.1400404787303619,0.0988159458702487,0.1415906169671233,0.1146113164774057,0.0870259188201363,0.0529195687135112,0.097039796371829,0.0855960203482,0.1297501625590887,0.1527197958137314,0.0909624628752897,0.0834092190429879,0.0913849269636852,0.0872256713314297,0.0966181045941706,0.091826580422154,0.1043332515549478,0.0957668962934649,0.0967800044302111,0.081407792282401,0.0844506031792771,0.0870345737410515,0.1149031590955963,0.0802654672062589,0.1059333493014637,0.1370551799869094,0.0829316954989784,0.1652075501923914,0.1267161429348908,0.1151988771653427,0.1342923866138691,0.1731010945605779,0.0986463862967678,0.1513133513297031,0.1167921865802268,0.1733195025111966,0.1607048166628048,0.1363268493100219,0.0868843865954501,0.1520269220676895,0.1076832009362877,0.0882021884118497,0.0986395925891682,0.0950325799795227,0.1323925990179698,0.0973354727903479,0.1278476962453424,0.1605371403621379,0.1618977325103691
0.1041066980213197,0.0862521910110586,0.1003449972167964,0.0943907396132766,0.0998514321615982,0.1037186403963856,0.0786175100194892,0.1102211984840048,0.0931020374068011,0.0,0.0808842622379806,0.0843634412789617,0.1048323876760213,0.078759366286431,0.087668634631189,0.0734544148368268,0.0827838230751799,0.0878170356325374,0.1005370353106968,0.0794750632961877,0.0915688219881305,0.0877352404574563,0.0799935547067752,0.104252193172223,0.0710722784318447,0.1150489712524391,0.1406853194696743,0.1289309778803614,0.0908954289227246,0.0887440139881272,0.0895387150206313,0.1361856292944026,0.0882822966655544,0.1068365035382793,0.1019451548628679,0.1035297391232644,0.0736634632455621,0.1285591549365479,0.096897693886248,0.1115994182007341,0.1072572550965676,0.0952752672853332,0.1036580518161837,0.1065966577083857,0.1026159104296539,0.0876248147451978,0.0954262244375234,0.1003193423829124,0.1076783503071965,0.1099636975252503,0.1193146249364094,0.1027344573756404,0.085999021636706,0.0828176219464314,0.1146581739923017,0.1036708230970319,0.0699641726382705,0.1329640182978355,0.0823982902751785,0.0849060874773917,0.0904077909366845,0.0792382766201015,0.0995051208190591,0.0715658754826013,0.0869984415460498,0.0629078966456038,0.0772059432012603,0.0901163890194191,0.0929667329226811,0.08973089779393,0.1304298522579103,0.0880591729200938,0.1167590573315917,0.0851652677050536,0.0809353333145849,0.0599922683554639,0.096956102253149,0.0695413856819621,0.097919540278989,0.0963016093087638,0.0746224271318957,0.1023549090848292,0.1313360322273853,0.0922713566220459,0.120741305529654,0.0969689517250365,0.1262168127987769,0.129031407649199,0.0935066479106738,0.0956438130523288,0.1052100694919523,0.0736108657943661,0.0856141883670516,0.0836058029745742,0.0987641181804638,0.0934743485537049,0.0644906613921252,0.1150207431287713,0.1142242826030654,0.0917713537462757
0.1318402748925625,0.1116228716175403,0.1106344256626515,0.1077839679514755,0.110992907566395,0.1159119002401946,0.0974529923906696,0.1537015920043405,0.1179581835010273,0.0808842622379806,0.0,0.103131559748804,0.1298387911546502,0.1066247305343662,0.1009442500525787,0.1147660845465145,0.1081037879868595,0.1212325816003238,0.1124464618995929,0.0722206286071869,0.1058916159232862,0.1068264650063214,0.0953823150098519,0.1066013727599333,0.1119931381833788,0.1471166886975629,0.1866349011380991,0.1372368722185182,0.1157702711424406,0.1171164275464394,0.1106390821293388,0.163894441435176,0.1065560995178207,0.1330173301232807,0.1241537813443516,0.1364195163873321,0.1001069685238308,0.1611517170102737,0.1271467805284906,0.1300430358420313,0.1335589058229416,0.1066813894256723,0.1019320378050912,0.0903508689796919,0.107949911926032,0.0753840035466184,0.1285125799945081,0.1414518120202612,0.140546272340953,0.1387191031168084,0.1477483642380707,0.1275720035886907,0.1253218996247523,0.0842230347963247,0.1188818044277965,0.1258601171197515,0.0996416182065013,0.1420288439324741,0.1082140582469913,0.0954471624148395,0.1002167339502648,0.1031242793143846,0.1343404634783811,0.0755170826465804,0.1100410137491989,0.0952127560139878,0.0887413777389213,0.0995284329445789,0.1275612206390478,0.1237200129504077,0.1405014160897005,0.1128790253093172,0.139527206259577,0.1216937062442751,0.1185889549218184,0.0749220112506487,0.1299078665763277,0.0980687650265427,0.1058163263908969,0.1061143360238808,0.1086558106875982,0.1363716387759076,0.1606948695884871,0.1191537837855289,0.1472743707150611,0.1443999211438561,0.1588405650072756,0.163394920700108,0.0801515308432876,0.1359235752806719,0.1393536821474569,0.0623868949347237,0.0833097676560808,0.123943733679612,0.1226223916902423,0.0828367814739493,0.0764494530408756,0.1452387609859007,0.1514656796705195,0.0995701489638088
0.1094433399720731,0.0629262975630285,0.1155885505478793,0.0935545827925316,0.1436635415906513,0.077624367342474,0.080232840984991,0.1322516829182971,0.1099915208636243,0.0843634412789617,0.103131559748804,0.0,0.1008877304060386,0.0719315080362458,0.0805965288764393,0.0614161710282987,0.0863894072881675,0.0633608127467615,0.0777540249527179,0.0860025254805025,0.0761938468906967,0.0751418599628128,0.0531276803035564,0.1192472582417973,0.0747676847769637,0.0808195508826078,0.1097630232476465,0.1194969154043829,0.0801361386982168,0.0649319839863886,0.0822859338398287,0.0948258440494881,0.0751632227703715,0.0915416767955457,0.0843739677759655,0.085339034245685,0.0668983783101246,0.0840585303659084,0.0636556461390851,0.0732002118957912,0.086323567250667,0.0955731295020427,0.1282785841511874,0.0953161676708706,0.101415392310967,0.0887235752673881,0.068718622357971,0.0830866641725162,0.0732091189120755,0.1007828617576872,0.0937031046771482,0.0752299376647802,0.0648459415743971,0.0812008570738426,0.107531395615857,0.084161625551984,0.1000744285259986,0.1667205538026372,0.05343875267906,0.0732956216805916,0.1079698295662914,0.1022683545627235,0.0772923415795898,0.0904338563664707,0.0861964055801077,0.0801372805699589,0.0508802797586254,0.082961855456027,0.0751593037469782,0.052765689682919,0.1176509077334719,0.0769452517656528,0.0963880196952682,0.0711838321074903,0.0859680504519127,0.0853830976502017,0.0728948238729503,0.0785724190716302,0.0997601609451735,0.0584802710956181,0.0615633351215128,0.0693445432436797,0.0897516537737969,0.0581593786452003,0.081535980125841,0.0958326075978125,0.0981505474002732,0.0944922783142944,0.0776587023666585,0.0834913475777849,0.0894454288191878,0.09912067263852,0.114054461798978,0.0667936319378695,0.0679891082795606,0.0881911750538891,0.0669414089418971,0.0678305473037074,0.0853708095021576,0.102455613832087
0.0687478833545356,0.0960739220523066,0.1066609882174037,0.1045852148765072,0.1257243280173026,0.0832447531790658,0.1079245960099219,0.1153932021688847,0.0794742428941043,0.1048323876760213,0.1298387911546502,0.1008877304060386,0.0,0.102027486582433,0.0692011720972699,0.1013742678054844,0.0679531413258561,0.0979944707198902,0.1040632333543737,0.0952198769027546,0.0816104282136003,0.1041776755246834,0.0855727371683175,0.1644443909714241,0.1116369419122063,0.1360929947485721,0.1147832071236851,0.1684716302768229,0.0965455041961134,0.1223990691251535,0.1020011088391518,0.1550244921336455,0.0952785354506056,0.1333101355755443,0.1365547891948211,0.0712020639442186,0.1167807882106049,0.0917962031977835,0.1178808655808035,0.1235451811228916,0.1205363332551402,0.0751233281229575,0.1468163114671156,0.1347246276657429,0.1424308044968389,0.113947792797044,0.0804613881787408,0.0740984054031848,0.1273093718562363,0.088575265840279,0.1429093289638297,0.1178003425182342,0.078507899784547,0.1241017338661596,0.1257773999114882,0.0884016131700707,0.089652556805551,0.1324198270686751,0.0808416510538532,0.1151735923938633,0.1419585295213998,0.1065612146542755,0.0664620440383114,0.110121235300554,0.0936135250273856,0.0828149768459947,0.0853412844166734,0.1191650138248306,0.0775434603065597,0.1100777109814752,0.1111919513283178,0.0921103876781419,0.0869843743467926,0.0862523859593527,0.0869097574017057,0.116886683420307,0.1073270706505495,0.075069424255124,0.1504590274470784,0.1137576986396153,0.0913581686527536,0.1211888614487373,0.1415846367468577,0.1085211844214996,0.1155003400501214,0.092796405518178,0.1503976121401651,0.1358960175788571,0.1310073481160941,0.0776765622965145,0.1390017689940668,0.1326172422411423,0.114076586050331,0.1009667704361806,0.1047565560020149,0.1141842440755766,0.0973575061763897,0.0959358788298176,0.1345033218613276,0.1392026854954483
0.0901975061031635,0.0753685143575429,0.0983160175416274,0.0842399516013117,0.1224001069060487,0.0970435874404496,0.0630511237744929,0.1125577137202633,0.0812487678759807,0.078759366286431,0.1066247305343662,0.0719315080362458,0.102027486582433,0.0,0.0807618442543792,0.0724475574628443,0.0738162257547211,0.0557843963680829,0.1088573098664375,0.0738399787487326,0.0796447856088809,0.0847989000544626,0.0755720459470969,0.1160381671739993,0.0823616418581562,0.111475075039306,0.1338041985506883,0.1326524252554163,0.0894841003984436,0.0875282940090263,0.0892446079290388,0.1281128602998821,0.0794101418721905,0.0980656950438513,0.1007313323886238,0.071646238563859,0.0752791775158913,0.1004413991086929,0.0878071300376157,0.0807013315188777,0.0948489299933325,0.0810289360737776,0.1238183384250744,0.1149807409094461,0.1201511735746418,0.0973515657342183,0.0704587994339957,0.0797216974621336,0.1057284053289618,0.1191396495773803,0.1077009950381329,0.1001200012752725,0.0715545018659822,0.094722025538879,0.1016789066929824,0.0851622296227055,0.0781923607307281,0.1317386428490162,0.0742726422194854,0.089050759327764,0.1064408356303195,0.0904859052822758,0.0900717795116312,0.0759490356358375,0.0767008985035559,0.0747272316567091,0.0765750218817306,0.0793853563918846,0.0899741478520161,0.0597899435201665,0.0931117955536448,0.0679151510089833,0.0832495214989019,0.0845044616685219,0.0668972173557636,0.0667200652461438,0.0959215188206742,0.0748980338758837,0.1060269145571763,0.08698264499327,0.085191297969511,0.0951204658051822,0.1200819702059544,0.0705989006727573,0.1090204526056893,0.1035019303530993,0.1186339220938743,0.1115948719811558,0.0906130420781262,0.0870289464108757,0.1023262840069562,0.0947473024934664,0.0919555090451738,0.0554970926244886,0.0777332640115238,0.0999226850191787,0.0790429986895285,0.098026729343416,0.108655016001915,0.1066152194135839
0.0755515703981293,0.0806407620502404,0.0759322326323509,0.081731966009529,0.1159003159341349,0.0756900609206146,0.076923908594804,0.1189891046375231,0.0913410463928685,0.087668634631189,0.1009442500525787,0.0805965288764393,0.0692011720972699,0.0807618442543792,0.0,0.0825876804308855,0.0616418044714484,0.0848245067522698,0.0812628385612341,0.0682564844293384,0.0739725959609428,0.0867218704155676,0.065036785732962,0.1335827100046732,0.0970848392703942,0.113464745016481,0.1384297628545406,0.1394810534818936,0.0769083951309082,0.0978533686813944,0.0814272095664173,0.1267759100928409,0.0667211468348602,0.109191879284801,0.1111072357774234,0.075889863113938,0.0930663725358924,0.0986054650198535,0.0964861583811343,0.1032120533702244,0.1009419598093788,0.0762507041565421,0.1066591512712702,0.096115364840849,0.1131763364769856,0.09002282406855,0.0842187934246436,0.078409964968932,0.1019396373549604,0.1060694630030116,0.1185012605912074,0.0921766715955112,0.0763354260915808,0.089604790843241,0.1042523134890403,0.0838510665125761,0.0762620089458911,0.1333956673630137,0.0636919576134093,0.0898531958639019,0.1076565206508225,0.0923800183087767,0.0722163196024379,0.0729681238564506,0.0692905859403994,0.0645970848195811,0.0601306000883258,0.0856177718202552,0.0717843362152328,0.0923820973291785,0.0930522729668985,0.0647092642284684,0.0947293250537622,0.0860093031760287,0.0736396722498845,0.0898297343978218,0.0927876540970469,0.0568138168104518,0.1126646359544667,0.0877286603025793,0.0845763359409328,0.1024953629791491,0.1200666211801188,0.0939068516964919,0.103262071918496,0.0891339088458126,0.128698609192216,0.1210188683750916,0.1015489843677861,0.0794465801826983,0.1147359546180075,0.0957311149027171,0.086704237348042,0.0889571614459419,0.080577496355913,0.0849044288801314,0.0787330722054794,0.0902572137918454,0.1124748484463262,0.1094668969833665
0.0935579829906904,0.058788719939213,0.1094620472294032,0.0975737812619113,0.1483921956712862,0.085254089103671,0.0713687581853112,0.1262742426725208,0.1038809304689001,0.0734544148368268,0.1147660845465145,0.0614161710282987,0.1013742678054844,0.0724475574628443,0.0825876804308855,0.0,0.0832661272734393,0.0720013186223026,0.0776152969579007,0.0850638398397304,0.088711764084076,0.0636557084008299,0.0607362522214067,0.0989453184605875,0.0532843157926229,0.0784888375576909,0.1051175944920387,0.1189750952885751,0.0691445886042909,0.0704462739305763,0.06676335219173,0.0963773886554812,0.0770013451980114,0.082909759390407,0.0765333920117591,0.0785063267537677,0.054142128424672,0.0909137545058884,0.0657364890973542,0.0761407590610788,0.0742307861397427,0.0917605205888568,0.1258044609509391,0.112530287394018,0.0919069723521011,0.0882987497994402,0.0867959804829503,0.0743374523732526,0.0764217613744414,0.093924313563612,0.0834194949944777,0.0830762867810962,0.0552880807311723,0.0767923067567592,0.1303072406184117,0.094274069858716,0.0942235503495198,0.1615912461237174,0.0632426161019524,0.0686034244138047,0.0958133300626602,0.078622363335682,0.0688626998066504,0.0909099969167762,0.0742127329151067,0.068933315161448,0.069087163397986,0.0728116227911304,0.0576200219956097,0.0628465125153441,0.123671782349288,0.0692095535601669,0.0941534207775428,0.0623704903299001,0.066160837828835,0.079122112893478,0.0637839201399248,0.065462087006435,0.0929781883755759,0.0644483670745053,0.0672313616719793,0.0654541461415712,0.0859317644586542,0.0596030908906554,0.0775547341622862,0.0642337261894143,0.0868694014121529,0.078341353689007,0.1026300932915367,0.0767373853388049,0.0678734371446971,0.1070928294612656,0.1136593726657165,0.0550408622139187,0.0814651469685655,0.093346942860936,0.0680908096478234,0.0812724276265027,0.0898516255797532,0.0935235776727267
0.08029535901908,0.0789058638462308,0.0794999245762267,0.0783304725353976,0.1060288666953057,0.0874631215203202,0.0786149720827658,0.09633851251765,0.0750164955536034,0.0827838230751799,0.1081037879868595,0.0863894072881675,0.0679531413258561,0.0738162257547211,0.0616418044714484,0.0832661272734393,0.0,0.07046719525023,0.0997916331662308,0.0671388250522839,0.0596846915288869,0.0970374366408926,0.0700258549415344,0.1470099753337,0.0872688753501153,0.133260874777901,0.1219596376178364,0.1561769980584754,0.0926654296237234,0.1116532978631955,0.0910690004162416,0.1426251835300145,0.0731497852521921,0.1244112872582827,0.1174853161573689,0.0670862209358172,0.1003673994359778,0.0880753963854884,0.1068713627853659,0.1030573683363546,0.1123098266896815,0.0637307695967777,0.1143991027550429,0.1098622793382146,0.1304593339410458,0.0956642742846957,0.0786535317994238,0.0817535196671323,0.1152009264423317,0.1048149822616601,0.1354035533348881,0.1052355975391871,0.0769867386261882,0.1062958275449893,0.0889392924516587,0.0666307417355216,0.0715666833144152,0.1140741034622078,0.0587851336409833,0.1025563190269635,0.1260889173108199,0.1015836885602694,0.080469183107242,0.079185239673298,0.0782582799765298,0.06329729371832,0.0642626074318924,0.0889926335284012,0.0877129483530128,0.0843967091826382,0.0852748902680688,0.0734267853601375,0.0868384151997431,0.0854344076908802,0.0620298875328059,0.0926520618245858,0.1056817899396359,0.0654782818057863,0.1300753409007486,0.1006685857049302,0.0826581689749226,0.1149074480292407,0.1355672635493852,0.0908785589242702,0.1214607687633151,0.0986301010128782,0.1367152339666789,0.1334464797926575,0.0953285957990087,0.0791360154448495,0.1256464349600837,0.0980574514892768,0.0798594153795283,0.0836461788918339,0.0855158432850653,0.0876803344923004,0.0820242694966784,0.0993822403908323,0.1288505816641725,0.1293005364137726
0.1020637790273557,0.0845219055179963,0.1099290166932818,0.0951446392704664,0.1263180781479779,0.0942965367054129,0.0677685709734964,0.1068118962619424,0.090754026928125,0.0878170356325374,0.1212325816003238,0.0633608127467615,0.0979944707198902,0.0557843963680829,0.0848245067522698,0.0720013186223026,0.07046719525023,0.0,0.1092305707097376,0.0751637152297217,0.0743580549370639,0.0926471718082528,0.067953455200863,0.1290205481608186,0.0815306068170352,0.1058668802060916,0.1180143516651173,0.1353305532344185,0.0856982425474605,0.0820074308761063,0.0987769479920634,0.1230107163049048,0.079377076339213,0.1021488220661867,0.0971713848620453,0.068157993472879,0.0715913977142404,0.0823542688085174,0.0738730093281205,0.0758816045703697,0.097233209470445,0.0782101333409451,0.1295552048190227,0.1139650431822539,0.124898801683041,0.1040766875169917,0.0585076936271495,0.0828340927473374,0.0867034038637805,0.114224588309767,0.1091688724507708,0.1014717574742886,0.0705281201122635,0.1035046676530694,0.0878272002399601,0.0817954255714099,0.0946939312967159,0.1381474921347052,0.0604374948216334,0.0896343437281134,0.1198098900868552,0.111708142888427,0.0911560521793184,0.0863615862615997,0.0960725842487726,0.085133841130491,0.0633973110464,0.0885173888002897,0.0961823109002131,0.0601624945730907,0.0963742281348317,0.066661298828933,0.0791757290686069,0.0835494208568259,0.0689644001615608,0.0825165766773794,0.0919998774667318,0.0902544606747241,0.1163254072967823,0.0844887244501602,0.0799268766856895,0.101886264762609,0.1101271712193878,0.0759800186331975,0.1163728900086855,0.104549290685178,0.106735189009254,0.1148202888499901,0.0914427075739915,0.0845492211374824,0.1070599040012016,0.106640525035252,0.090966965711704,0.0583742987894407,0.0789919153651174,0.105069271856744,0.0850416263836478,0.0833421452953724,0.1091739698454631,0.1151604549444474
0.0950189496016554,0.0659268110035905,0.1220048129729508,0.1002080235837131,0.1664843988236082,0.0559832778753732,0.121830957190758,0.165023581748026,0.1359168375576208,0.1005370353106968,0.1124464618995929,0.0777540249527179,0.1040632333543737,0.1088573098664375,0.0812628385612341,0.0776152969579007,0.0997916331662308,0.1092305707097376,0.0,0.0891735955705733,0.0969821592461793,0.0709458339920257,0.0641108236098122,0.1164264193308371,0.0772529744562249,0.0750267936955376,0.1045692450359123,0.1037815760539014,0.0761108163276205,0.101744026049404,0.0693761242418381,0.0847949676227886,0.0766756341635044,0.0802324128790039,0.0715251810865008,0.1157838593496438,0.0957826646014429,0.1051086252423315,0.093234149693901,0.1180111698391025,0.0840370783519924,0.1019099345334132,0.1559069930893957,0.0793044903408003,0.0801892323951905,0.0847712726380896,0.1070526704400175,0.0932084832673988,0.0759710194280261,0.0606891109112672,0.0978758251547386,0.063469589349508,0.0768752277798718,0.0897711536886363,0.1410064439179083,0.0939747253522976,0.1238748927705592,0.1926122964034166,0.0812408507301613,0.0808998213972812,0.1080049170017165,0.1005501836005359,0.0874206083166791,0.118221930624869,0.1051184882612588,0.0905027568454804,0.0840626796716464,0.105445321401825,0.0795121373459742,0.0987808429751569,0.1476397360165502,0.1100039761441078,0.1106542585039109,0.0694218009219388,0.1042204201451099,0.1152967174104417,0.0698065260240342,0.0895716972640724,0.1007179565509121,0.0842970119168123,0.0683279480241211,0.0815398725473906,0.082767185468322,0.0834734960454206,0.070394867754712,0.0884106062183183,0.090188181815141,0.0870157675215058,0.0987364210577071,0.1061249641284087,0.0953667245207669,0.1284878151849415,0.1223345050031362,0.0935071009179151,0.1185106961103489,0.0861815064164564,0.0750946471137077,0.0729620338203808,0.0693541146455239,0.0834355263328301
0.0942673194926858,0.0898222429148302,0.0834401333483148,0.0699431718403659,0.1077454991669097,0.0824950394999881,0.0808833577994469,0.1257154834238747,0.0969846786239228,0.0794750632961877,0.0722206286071869,0.0860025254805025,0.0952198769027546,0.0738399787487326,0.0682564844293384,0.0850638398397304,0.0671388250522839,0.0751637152297217,0.0891735955705733,0.0,0.0753565983570853,0.0859686908542721,0.072340575872566,0.1161826942998891,0.0838023694322404,0.1206289042248645,0.1435088694871612,0.1357201018899312,0.0882785941379785,0.1110926580018655,0.0921338514118651,0.1443914027693056,0.0762501895735242,0.1106694646159205,0.1075153404452039,0.0937521451029492,0.0881357054970856,0.1161934119579431,0.1060212071616026,0.1139471145082724,0.1129273590430039,0.0669186437801828,0.1150551363558657,0.0823547271789807,0.1081090999855956,0.0752997599352275,0.0852194318655503,0.0953975520403731,0.1131404874361468,0.1053515075793102,0.1370471661114922,0.1009759277369892,0.0909711846301991,0.0822256379089411,0.0917845131491727,0.0829435106994084,0.088678345023651,0.1290157909894257,0.0695908514735604,0.0869131890021062,0.1046353649559593,0.0951239828252024,0.098646018877113,0.0737740748636297,0.0845186638120658,0.0725131336525028,0.0643494737234972,0.0910430422663568,0.10193414080107,0.0968258139039014,0.1110552443732318,0.086668774983478,0.093344136725672,0.0873593359853745,0.0780628606688205,0.0799093215704596,0.1023351333323781,0.0782203489600431,0.1057864269533406,0.0987577323826361,0.0786751869858009,0.1184774677818189,0.1376232136375536,0.0923088339427925,0.1207105534969626,0.1167820100691323,0.1342317397725008,0.1392917109927084,0.0867290153462119,0.0992320439813391,0.1259309896101315,0.0830471947183149,0.063986399683783,0.0882329535960332,0.1132933780497173,0.0715117663056212,0.0685374883402789,0.1022670520590167,0.1263791898624576,0.1036858874691801
0.0897480511149263,0.0892639899728785,0.0928623451851818,0.0828465591991568,0.0994453488205263,0.0682442158676751,0.0842301594593805,0.1065768758574523,0.0789093876897579,0.0915688219881305,0.1058916159232862,0.0761938468906967,0.0816104282136003,0.0796447856088809,0.0739725959609428,0.088711764084076,0.0596846915288869,0.0743580549370639,0.0969821592461793,0.0753565983570853,0.0,0.102268628198251,0.0714958330823112,0.1462136756217233,0.0950177728632682,0.12661779082393,0.13016639432739,0.1553678523647723,0.1034385843716452,0.1128832031131006,0.0854474716502658,0.1359504195871785,0.068216996689486,0.1219974718133127,0.1095553407691419,0.0755133980093136,0.1057841873567559,0.0926965207427507,0.0983110107319893,0.1071379852665212,0.1264332162401695,0.0511381325782631,0.1260788340620545,0.1092213690790502,0.1297634289328931,0.1072497249129194,0.0783734816454197,0.0812148149432205,0.1085930464324159,0.0987489254443888,0.1389401174490683,0.0996746596822337,0.0805834123026386,0.1115755221981275,0.0873722777005411,0.0716077712191613,0.0721391216337645,0.1153686232896742,0.0631140604596775,0.1058897506813998,0.1352803622705323,0.1050754534056083,0.0811361604360612,0.0879691795799817,0.0801322057155926,0.0764876443286836,0.0633728928605361,0.1032959231518456,0.082054263488716,0.0914615364335738,0.0792005002095079,0.0833054955152993,0.0821542110820192,0.0780947867944946,0.0807952168539127,0.0931421939396955,0.1128099966354236,0.0764032447220353,0.1287334058854045,0.1019479715214377,0.0739854995396457,0.1082838520686145,0.1320824949200167,0.0857624568552155,0.1219030329024196,0.1100177885125413,0.132505313727405,0.1307221089415143,0.0831673063875493,0.0909012335668676,0.1333412479893593,0.0984229714127342,0.0705352742285344,0.0970203856223038,0.0897594806813165,0.0916316640894381,0.0772537014864497,0.089973622706427,0.124188481266362,0.127768020062148
