0,1,2,3,4,5,6,7,8,9,10,11,12,13,14,15,16,17,18,19,20,21,22,23,24,25,26,27,28,29,30,31,32,33,34,35,36,37,38,39,40,41,42,43,44,45,46,47,48,49,50,51,52,53,54,55,56,57,58,59,60,61,62,63,64,65,66,67,68,69,70,71,72,73,74,75,76,77,78,79,80,81,82,83,84,85,86,87,88,89,90,91,92,93,94,95,96,97,98,99
0.0,0.0555095135690233,0.0625023712086487,0.0749061002076288,0.1727247363443172,0.0709235162162863,0.0650147083162354,0.0766077388255849,0.07628002442823,0.0577314047307904,0.0412780371552737,0.0805043964224893,0.0458130312799044,0.0913585867682942,0.0634391233517145,0.0566679544432048,0.0736670019228711,0.0735041727883889,0.1147814664482975,0.075257772023837,0.0583520227766071,0.0660177875167211,0.0730837956449754,0.0555851721352128,0.0896148970063072,0.0944584853600418,0.0906132170481578,0.0929130104961499,0.0760227814221375,0.0609190218682947,0.1315752343503244,0.071958971125279,0.0764016398786405,0.0642855944447383,0.0595105899043099,0.0672758468345323,0.0548261757245893,0.0714103480376138,0.058919132782764,0.0785266657921256,0.0658316342539094,0.0707328398682098,0.0403974718424437,0.1156413445083417,0.0644336493184632,0.0817534772150641,0.0561441873682443,0.0605716177723082,0.0528681960425373,0.1183208214494506,0.0540835202971116,0.0808012106559689,0.084929231725804,0.0719103410552369,0.0810447418150023,0.0951241378182199,0.0953607026091907,0.1115442025557878,0.0802043915123974,0.0817340271208108,0.0643281710679322,0.0844765433059947,0.1596764540800149,0.0689359749139476,0.109148327834494,0.0469562865166896,0.085460208769823,0.0704609606429044,0.060600577487763,0.0679099505767837,0.0563490944624432,0.0931539943820817,0.0866216246491812,0.0902617108045488,0.0557252548258752,0.0683186342371237,0.0805439465782309,0.0995003946758165,0.0756142965160496,0.0752116925434616,0.0606277486765164,0.0736896215982484,0.0780341975095999,0.0840532730345915,0.0679238905669961,0.085323914335901,0.0820733571371798,0.0542270211907419,0.061256491335763,0.0670539412075255,0.0625180155664174,0.1253212415762026,0.0868583160228669,0.0794100339789292,0.0992589656921663,0.0627803503040469,0.0781004998955572,0.0467942712576175,0.0696616072930282,0.0708397940635556
0.0555095135690233,0.0,0.0591140913277319,0.0572697261347355,0.1640727369013765,0.0688630311556246,0.0718375683441819,0.0661076067664498,0.0754562885035908,0.0661860820386376,0.0551910999226528,0.0946523463637193,0.0515999752369777,0.070917323820953,0.0607358164957108,0.065473884347792,0.0783116091459361,0.0688691775566157,0.0995054657665144,0.0856126411643702,0.0760354117690361,0.0748834430338638,0.0730737970296623,0.0495013423438446,0.0831801240253805,0.0729204210256581,0.1067612295995102,0.1035710685505951,0.0799394733853616,0.059994441319599,0.1266687198913073,0.0777329566604723,0.088267473417203,0.0721756919744218,0.0607590008306302,0.0662868585387193,0.0553216864286712,0.07142286628425,0.074774044241151,0.0727833231768799,0.071423513924265,0.0811288484532696,0.0671724725812311,0.1092214018082504,0.0819119447126275,0.0915838219876521,0.067738711511005,0.0719352549965909,0.0574640185840781,0.1112108234344853,0.0705371231230564,0.0642201508167589,0.0825167878359605,0.0699336876546866,0.0556947824578734,0.0759473185685326,0.0829312733598563,0.1041662216748785,0.0851676410980815,0.0831228021872861,0.0681320273787948,0.092729735829582,0.1415690259650563,0.0768506266881367,0.0932211819702152,0.068549074692303,0.0940471377247654,0.0852521157593156,0.0668678944231716,0.0862067055818995,0.0796625095465984,0.09823313032532,0.08904320344786,0.0911156483484131,0.0630418711471244,0.0626239960190025,0.0799010836759011,0.0872530036734582,0.0831554269242161,0.0948597454187827,0.0772587080430549,0.071042418691253,0.0725019246178678,0.0765122971737443,0.0564977483209236,0.085169918870888,0.0851251876310106,0.0721976726701875,0.0680527976786432,0.0754823053258077,0.0657167529891704,0.1069258705677864,0.0819057475710161,0.0695246750629277,0.1027926985096896,0.0789242264878628,0.0681872527645059,0.056680741760371,0.0636371141363976,0.0651249512398775
0.0625023712086487,0.0591140913277319,0.0,0.0738745397354374,0.1529237921873094,0.0670526198242352,0.0772037282927849,0.0658644826379745,0.0568271655022312,0.0762140395819128,0.0460924002623889,0.067724333886202,0.0668964058821591,0.0705377743954244,0.0489075322684612,0.0737684502066479,0.0603030104573381,0.0597123897384992,0.0949095460132405,0.0791751319512837,0.0727803685099383,0.0683099522747415,0.0606246899823122,0.0540798012145378,0.0769355520262608,0.0720666429899861,0.1092877317364108,0.1072547445279743,0.0707633904578727,0.0470235920725899,0.110241116083573,0.0653057761055955,0.0728616352881713,0.0610539945875284,0.0570669560182262,0.0550659736977012,0.0656279604531067,0.0732283707552359,0.0774885559891452,0.0642108821104436,0.0454437383793248,0.0769811727987838,0.0726479204704098,0.101529248122185,0.0749852242744357,0.0672827800332462,0.0745504463233696,0.0509798866904511,0.0505717507345657,0.0985967620419321,0.0712993593339672,0.0697450183995372,0.0725108629462715,0.0620377435147994,0.0627974683101461,0.0724524763791576,0.0789090289888121,0.0830314388637913,0.0657338173099887,0.0729744207904303,0.0650474542791004,0.0739091213032339,0.1333223558100355,0.0608359576053274,0.0886675666694345,0.0638716379957672,0.0706173975228632,0.0653562557517787,0.0612989920789007,0.082333831891463,0.0801381400961889,0.0846873051640663,0.0740141660999118,0.0753781527644472,0.0527953708469399,0.0618154658457054,0.0677530993344839,0.0755171733664794,0.0640928481073739,0.0918368471697083,0.0675523585028926,0.0486089500334024,0.0550408452444453,0.0639003586074646,0.0596970698981456,0.0801990060669632,0.074086000814281,0.0611433815615512,0.0560201476821965,0.0430459333620341,0.0667423950096602,0.1060883891537789,0.0768918280946946,0.0646039146406672,0.0994937763433811,0.0789794559711055,0.0638875609310274,0.0525266872223056,0.0418690634341127,0.0660169474779843
0.0749061002076288,0.0572697261347355,0.0738745397354374,0.0,0.131737152010365,0.0531313052152696,0.0915951863141366,0.0631883055968289,0.0805425012819111,0.0714312024317489,0.0715155318242106,0.083950636957334,0.0669015826243498,0.0638986196175098,0.0630716414948388,0.0782824521850021,0.0699677850692841,0.0836296607849357,0.0789906855673391,0.0818195668059539,0.0988658179919256,0.0878397679206737,0.0812682676282526,0.0573957730126565,0.0750290893064863,0.0654001823319482,0.1343233558282387,0.1205191740100257,0.0837378729434244,0.0662584920963239,0.1276677019745234,0.1054229825025508,0.0930203452857425,0.0788780343729354,0.066242589574127,0.0651363696428563,0.0798928264245453,0.0863386030071344,0.0766951905031469,0.0820420386776392,0.0873299464617061,0.0882653721842097,0.0696263204068536,0.0884721566372058,0.1122910810652947,0.0825180452041394,0.0952411832855911,0.089764031187874,0.060333083352711,0.1147396894787127,0.0849115979177961,0.0817342731481103,0.094673278466973,0.0626876212335541,0.0495053075354972,0.0905361882925295,0.0829797780492869,0.0820592403240006,0.0922924015699548,0.1043098720242791,0.0623905849381385,0.0926720580841926,0.1329742687048631,0.0742815679594746,0.0843526595240869,0.0615040274713167,0.0993818388517449,0.0771951931081541,0.0958287965915749,0.1001530157463727,0.1008644693166518,0.0834351596766406,0.0881202494198425,0.0845984898322552,0.0712409825439891,0.0501905327886024,0.0942789888657584,0.0963374346442456,0.0758877791975425,0.0861453539586541,0.0789338598852936,0.0923951413318408,0.0711727185467709,0.0771917729054313,0.0863590645261545,0.0816815560401803,0.0849920530669614,0.0839173814405895,0.0737757520838308,0.0894539043806463,0.0692082578257057,0.1017623126506662,0.1009728882698364,0.0628466300823524,0.0997508162042963,0.0930947302755345,0.0811966815577708,0.0847841977082245,0.0745818912751246,0.0687472857506192
0.1727247363443172,0.1640727369013765,0.1529237921873094,0.131737152010365,0.0,0.1200275487459353,0.191967858006743,0.1523812050008855,0.1169391927156368,0.1680943371458705,0.1684532678183863,0.1430353551033187,0.1685622508497916,0.1182712542390175,0.1296067301657422,0.1713552602602935,0.1481434153596785,0.1466541657688178,0.0982961047185245,0.1830174055997923,0.2029252220000118,0.1852570130439027,0.122536804534353,0.1507813188849998,0.123530503818605,0.1127742244979208,0.237880932904563,0.229166864842271,0.1533908135355201,0.1414343394014071,0.1147715265178069,0.1691992610393393,0.143871918404183,0.1644556119606208,0.1404288732743905,0.1361026189672274,0.1587496867080942,0.1502409137630445,0.1794846490585558,0.1407379875515472,0.1469720472917824,0.1961157715698354,0.1649372084906483,0.0871338485066641,0.216346841326191,0.1240094944233912,0.1968311192177104,0.1786376364177431,0.132345183126241,0.1085076976223461,0.1817464158646971,0.1569920028935772,0.1740582005307318,0.1369159808257517,0.1175115152065918,0.1226781309936405,0.1585020926850353,0.1007820520411742,0.1701198085692317,0.1825542251094333,0.1304795232104107,0.1555256684696853,0.0906534802669929,0.1184531675025432,0.1500331683308718,0.1646001353552686,0.1412357560513903,0.1590796289149386,0.1727339541447368,0.2128563641865091,0.204061286469844,0.1061573920042943,0.1456647160374512,0.1306918726533239,0.1652196522173266,0.1311719769775855,0.1596815983336627,0.1219578678408521,0.1456262474267757,0.1981124120188668,0.1689111393595811,0.1556730181932747,0.1186800948686435,0.143573990053813,0.1510076624369222,0.176002720004994,0.1672847405407209,0.1805699878722808,0.1714218171641507,0.1439305665863744,0.1613582480463788,0.0830620968398015,0.1459392273076274,0.1276062512111461,0.1737923548727092,0.1912711330262269,0.134203673094075,0.1872439255413097,0.1454421864645688,0.1341678334998319
0.0709235162162863,0.0688630311556246,0.0670526198242352,0.0531313052152696,0.1200275487459353,0.0,0.0915775818599728,0.0680122932715105,0.0560381726716075,0.079764813177619,0.0673914391095822,0.0813759023191653,0.0692134892569097,0.0582687659361033,0.0503546883961314,0.0845701637035259,0.0761727693918323,0.0742016400846582,0.0799368082980059,0.0925067413586667,0.0979082875086545,0.0895002639189815,0.0540824870292835,0.0631409103249132,0.0720716799286686,0.0612262761061114,0.1400035769540835,0.1281695897148313,0.0865609441596601,0.0593382726699786,0.1038936617252837,0.0932060351596301,0.0690347470807113,0.0855238613227184,0.0612393423090814,0.0661405916713702,0.0710973708552991,0.0741545059415242,0.0826265305843706,0.0812586101180324,0.0791995479048264,0.09499255898049,0.0753593517805993,0.0773409901863111,0.1087684350230752,0.0712583155188554,0.0906478669534223,0.0913298351913149,0.0562750760090452,0.0917244354487485,0.0880224181657385,0.0859922339823076,0.1022908683709242,0.0749083539599174,0.0518083348455018,0.0784951385255714,0.0835728212408888,0.0770843276228325,0.0915502150852778,0.0915723821250619,0.0529844619504386,0.0956748025821625,0.1171621322797236,0.0555600307196111,0.0857130357026328,0.0616768251132518,0.0988935473532485,0.0813582554147806,0.0868514857458559,0.1068810851242139,0.1079719329069543,0.0718663026189426,0.0836209334453487,0.0592502630183406,0.0693847360891811,0.0601752318425238,0.0931586200115438,0.08379561874981,0.0830201866864462,0.0976697272800072,0.0884304549877619,0.0808312547799124,0.0662428777021213,0.0905473808484792,0.067483404013014,0.0955459278800096,0.0895231703757661,0.0835257835055468,0.0789626879683582,0.0710621718811376,0.0654600060134046,0.0802694369137276,0.0656216940110628,0.0581617939280759,0.0965579038638384,0.0935933789291706,0.0684171485508572,0.0836306234657671,0.0552204523180825,0.0551804593105053
0.0650147083162354,0.0718375683441819,0.0772037282927849,0.0915951863141366,0.191967858006743,0.0915775818599728,0.0,0.1022250192195337,0.0943841468208789,0.06041720598484,0.0639536997533169,0.106215265864229,0.0616661572464982,0.0951709681917396,0.0844302155691034,0.0636277110323174,0.1011436980466485,0.0743990769609344,0.1277802066299841,0.069355515137585,0.0806921357188677,0.0684910035079121,0.0956390996464357,0.0727363125902737,0.0853296906932454,0.097853873816863,0.0711377568694311,0.0606418956687915,0.0752983649916211,0.0689884423671758,0.1459234261683435,0.0725319126418348,0.1124960841108399,0.0557579039902346,0.0912730469365718,0.0846923493086072,0.0738740775087069,0.0719247379547934,0.0526996975528359,0.0877462164698414,0.0808555651549427,0.0782101578531935,0.0696917447115668,0.1359352813704074,0.0691666603823076,0.089278388842677,0.0739821086762072,0.0845952118831944,0.0759771124287324,0.1375832403579975,0.0692291881656158,0.1127047864238221,0.0616754570033752,0.0765762366792629,0.0935107481740603,0.0941148292016497,0.1048349602807968,0.1270470213518182,0.0674038036000095,0.115897975126729,0.0681510661515193,0.0869874234359413,0.1685045957679054,0.0989991075429565,0.1343436180194828,0.062917432260429,0.1188693176227328,0.0706600741154622,0.0720101425919172,0.0575316531391309,0.0622492812997537,0.1195971616793397,0.0820891305226994,0.1130155399542501,0.0487568234717345,0.0905260114521266,0.0725554598893126,0.0999326470451146,0.0913942689003175,0.0825249910051274,0.0619582752868498,0.0862689377219738,0.1080635159760077,0.0947258586459593,0.0808595918341316,0.0599234860117252,0.0757071311947649,0.0605953039215655,0.0648870558378939,0.084329381662447,0.0508981040151144,0.1423651593138925,0.1168036737184555,0.0741977624993029,0.1356769507982895,0.0639832932343477,0.078564750389561,0.0596840530724407,0.0876787784314879,0.0832165067004046
0.0766077388255849,0.0661076067664498,0.0658644826379745,0.0631883055968289,0.1523812050008855,0.0680122932715105,0.1022250192195337,0.0,0.0800774602810301,0.1034192224953303,0.074697711660334,0.0958647637928062,0.0869393036483962,0.089019077881712,0.0637779301692346,0.0906279547120108,0.0685017353719418,0.0927432976100271,0.1085289947097194,0.1016764366627158,0.078408875342195,0.0821889436765461,0.0790578801741897,0.0626264300806645,0.108744135679684,0.0801914233019499,0.1326902111332159,0.1303009657131397,0.112023934489918,0.0689899222010066,0.1326629674180982,0.1115807880078132,0.0701614411028731,0.1005891931431217,0.0681250975947646,0.0810006013637575,0.0869310901680392,0.1019575095776775,0.0867599749809589,0.107059468808169,0.0751976360916124,0.0912380165549395,0.0853299826267848,0.1093802862914889,0.0980121461292313,0.1069682348419955,0.0839448585584457,0.0790468140358551,0.075003877192535,0.1090270842821955,0.0849182248374641,0.0580589394251673,0.1208206925345079,0.0987338765834629,0.0754224203116784,0.1046809400407369,0.0542819221212165,0.0969539605299414,0.1072564393146068,0.0671122398548298,0.0928292801047398,0.1163829374725951,0.1319202803245148,0.0800061594826563,0.0685622486731706,0.0726962386665086,0.0955656043900483,0.0955698236168672,0.0752402526965204,0.1076133763461391,0.099516062956893,0.097923070308012,0.1184340741399479,0.0689100850402058,0.0859285085578826,0.0866849190634868,0.1127311522653039,0.107817607083808,0.0904731001112006,0.0960356230191068,0.1005787880309432,0.0794524641850251,0.0708003303465501,0.09829423059426,0.0764228184063078,0.1175406136728104,0.1200574318724648,0.0932239900466375,0.0859238976046806,0.0860183528405707,0.0925139889109626,0.1107244844540855,0.073895863974906,0.092336007752607,0.0796437846968392,0.09747146820151,0.1003629079726856,0.0785137221280598,0.0674750821997357,0.091199009634821
0.07628002442823,0.0754562885035908,0.0568271655022312,0.0805425012819111,0.1169391927156368,0.0560381726716075,0.0943841468208789,0.0800774602810301,0.0,0.0835767133079118,0.0690905261019037,0.0686249816511813,0.0770496159253269,0.0570113362251625,0.0468751222440283,0.0797198350145682,0.0704435771637707,0.0519096028649107,0.0755544660963826,0.0988370515570803,0.0961621137373957,0.0865548736894796,0.0480565244500121,0.0611067610330852,0.0648329176307969,0.0554921854564962,0.1325079168203108,0.1352222044265229,0.0729813472517861,0.0515224563849183,0.0865575002432433,0.0742868831167566,0.0646219966191068,0.0726864862805944,0.0575981283808987,0.0530146222444079,0.0630051807380566,0.0693119265890993,0.0908020827943754,0.0640563635195476,0.0634305499284727,0.1045848455556796,0.0797293636459711,0.0752892807794745,0.1075215717174268,0.0619104548254323,0.0946049267724163,0.0775235156264095,0.0532885059464552,0.0648015863490316,0.0846777545849424,0.0832796348025633,0.0857635937441293,0.0675646126340549,0.0525987019421691,0.0551686980335691,0.0924791480372762,0.0690641153826785,0.0747279334728278,0.0882087371436488,0.0546504281812719,0.0772462862733342,0.1136205028422926,0.0461092105029944,0.0944440389938382,0.0802527586576734,0.0762901202759483,0.0749777310409795,0.0766204229029931,0.1113255183900713,0.1033184699926293,0.0561181657058383,0.0725749384238256,0.0666474773504603,0.0675727223699794,0.0695393218007278,0.0720884398579896,0.063367944214382,0.0705954209854453,0.1187321785925171,0.0798525141908109,0.0596585400378993,0.0549300618155257,0.0842623912238288,0.0553567719620268,0.0965118253873497,0.0878609981975877,0.0853590842406053,0.0843736431001155,0.0458079925894804,0.0768089359643088,0.0659373686757091,0.0701569954946366,0.0571507276305444,0.1048373948951996,0.092664434097198,0.0530873190327153,0.0826230660074123,0.0558546176786999,0.0551041259298551
0.0577314047307904,0.0661860820386376,0.0762140395819128,0.0714312024317489,0.1680943371458705,0.079764813177619,0.06041720598484,0.1034192224953303,0.0835767133079118,0.0,0.056414230203508,0.0789239960883005,0.0419782752618489,0.0747659753179491,0.0750955569484682,0.0548997020519226,0.0821654461231327,0.0609520395830318,0.1005134305369584,0.0596514284522921,0.0900259764739744,0.0679342360018851,0.0754989531152589,0.0605556487861923,0.0652914235880629,0.0908027777806834,0.0887266669367418,0.0934993296803734,0.0544056023104693,0.0650086581584773,0.1163267268303142,0.0623518997932992,0.1019175800874732,0.0495443718511727,0.0694558609157945,0.0603615082473503,0.0613392743734179,0.0669302220404126,0.0512195020041993,0.0581531425903842,0.0683691374190834,0.0792735026373282,0.0520818032299651,0.1064719914869577,0.0819530442467804,0.0657143481878925,0.0821460442412259,0.0722677917095032,0.0531426029796386,0.1108945908337008,0.0608357253773204,0.1054455146644928,0.0508074851725179,0.0480697768323542,0.0742119918652499,0.0781434939036888,0.1161498999483992,0.1165346432236159,0.0682894986962378,0.1209269044418342,0.060700710729744,0.0652374369551039,0.1491034627465355,0.07621079066183,0.1301501602500493,0.0556325215036233,0.0937461384738202,0.0560058671487187,0.0768650119664683,0.0714735405236425,0.063701565796241,0.0859897386708527,0.0542678479921718,0.1040487696914186,0.0538825404010004,0.0552988482630581,0.0632300427001301,0.085814333434234,0.0687610499428984,0.0811076152327686,0.0517362098813204,0.0766822121840628,0.0928829337032857,0.0755048599816933,0.0702609237331255,0.0509932517084808,0.0533027247130027,0.0553095006791393,0.0532560636285114,0.0749696340502324,0.0495545979516182,0.1169574161859532,0.108233716835938,0.0634861433627832,0.1297962644518916,0.0761593586203445,0.0686873079954807,0.0578147257359558,0.0809248555118469,0.061468896072326
0.0412780371552737,0.0551910999226528,0.0460924002623889,0.0715155318242106,0.1684532678183863,0.0673914391095822,0.0639536997533169,0.074697711660334,0.0690905261019037,0.056414230203508,0.0,0.0739636630569524,0.0516595072055025,0.0851367335874608,0.0559814536520387,0.0633711047537765,0.05780325038453,0.0604996490794888,0.108960705737044,0.0680226321881985,0.0650472856220749,0.0616000444892322,0.0678141976004851,0.0493206611671594,0.0826436549272947,0.0856801567431405,0.0878839916594648,0.0881236060532852,0.0701710258122296,0.0502580798103935,0.1232067267876376,0.0630621431119569,0.073467952249461,0.0538777865929605,0.0566669404559236,0.0552952744854717,0.0543287108920907,0.0740750338571376,0.0615389227593881,0.0737772603658716,0.0547536663697992,0.059161483559912,0.0535115438196915,0.1129208466869721,0.0607418562884066,0.0702834988652034,0.0638779320016259,0.0548321707529923,0.0448140273991033,0.1102364416390994,0.0587237299285371,0.0768462390211994,0.0725596005696641,0.0646069499375465,0.0718157439103372,0.0869027665015793,0.0853409534549173,0.1000893415134508,0.0641262624289321,0.0855573609658324,0.0673927570258413,0.0779202084191341,0.1525667331040399,0.0626924193464261,0.1017068794614078,0.0510756504265895,0.0773730569699384,0.0613320420020396,0.0643057232420052,0.0716576419930354,0.0637290360365313,0.092967069448845,0.0766617535451697,0.084163869452604,0.0543587526261416,0.0652236922352226,0.0732477864370825,0.0922566356237275,0.063471387864585,0.0742101734617285,0.0552556274775436,0.0660264340575964,0.0718473276948893,0.0675660144655188,0.0627594414800257,0.0738016764780083,0.0682281391470094,0.0568040441222637,0.0418986666560306,0.057840339645225,0.0650112018820677,0.1198502639610003,0.0845045296747384,0.0700225873635742,0.1028075216264427,0.074458151585605,0.0741388509047197,0.0387405034168114,0.0599974196683082,0.0621293775193306
0.0805043964224893,0.0946523463637193,0.067724333886202,0.083950636957334,0.1430353551033187,0.0813759023191653,0.106215265864229,0.0958647637928062,0.0686249816511813,0.0789239960883005,0.0739636630569524,0.0,0.0710897958900596,0.0868420220332733,0.0801233907745333,0.0892876515990948,0.0683433866577855,0.0729663921211389,0.0781846072127462,0.0720403329315081,0.1016091372574153,0.0834643457040156,0.0750058667747089,0.0773207150341514,0.0775555204725895,0.0822650869196589,0.1224872145607185,0.1270149160776675,0.0723337139506115,0.0670595689437924,0.0917291169868787,0.0716444552047531,0.0959058989686494,0.0729397697670124,0.0693881997041101,0.0606417307454967,0.0825951004473464,0.0891285388258744,0.0892582154497864,0.0550299669910824,0.0596566405882044,0.090591931929388,0.080522847586763,0.0770685776562753,0.103007311288371,0.0591999992139117,0.1191878653084216,0.0672900564692619,0.0649946416198997,0.0865900460672955,0.0839072686303825,0.1006681412842327,0.0777071377261869,0.0595302736741429,0.0748132322723955,0.0856241044733232,0.1245629916671375,0.0739210669389108,0.0647853155167641,0.1133687767881955,0.082138898257662,0.0573611261866094,0.1202807078746916,0.0616088074271401,0.1201753287042474,0.0755981678821019,0.062789665057664,0.0581482137271589,0.0945639235756225,0.0998858627422847,0.0995733699383424,0.0686072419281463,0.064100847126428,0.087488630150573,0.0717760622229963,0.058844075905422,0.0748321730078572,0.0743840630162786,0.0539474800200799,0.0964818040284829,0.0677171642253868,0.0807242288711177,0.0648887560811271,0.0567603263475508,0.0868735823793997,0.0848861270128282,0.0734982264732276,0.0720356650910576,0.0676858431556275,0.0580312879059055,0.0880938488822118,0.1002802884048553,0.1167506201244431,0.0808996603123966,0.1265194925496746,0.1017266496785792,0.0890016778839842,0.0858013590347655,0.0775437857838447,0.0789787957414996
0.0458130312799044,0.0515999752369777,0.0668964058821591,0.0669015826243498,0.1685622508497916,0.0692134892569097,0.0616661572464982,0.0869393036483962,0.0770496159253269,0.0419782752618489,0.0516595072055025,0.0710897958900596,0.0,0.0785442086178057,0.065599687005797,0.0538348646315335,0.0764531820094765,0.0627652271784924,0.1060699792173323,0.0553022510540824,0.0730357348960602,0.0598765979576359,0.0702809738981319,0.0553296622173956,0.0763141856272941,0.0853532985469461,0.0832771635851953,0.0893456193425773,0.0660987245749253,0.0552990238360202,0.1172235814065146,0.0620781939735514,0.0953516385346555,0.0558477265966774,0.0590245670723104,0.0571657245385672,0.0510426763353995,0.0619969590354152,0.0561388420349154,0.0615304764280233,0.0644409632751661,0.0722343203799708,0.0509178728521618,0.1029030634650579,0.0709275903447475,0.0731522213637758,0.0718995167485539,0.0599119307963571,0.0508144315870102,0.1077650117278431,0.0512859651561703,0.0874968268488402,0.0648261673853984,0.0594535985561681,0.0733981182912838,0.0786903475176658,0.1030491854096402,0.1112748037003765,0.0659429008193423,0.1011518291340487,0.0615663572939328,0.0682307040402185,0.1450016244183549,0.0697359537366778,0.1211545275008153,0.0521227072270401,0.0839482783312715,0.0585350348138642,0.0592337513590776,0.0693152846630166,0.0616175031880998,0.0841062847288201,0.0672341310144222,0.092590087553979,0.0418932701079007,0.0589678887392853,0.0682006083286222,0.0824697255351204,0.0737604865535283,0.0788981209129404,0.0577514925397834,0.0649855978585605,0.0812377129528365,0.0763191739314961,0.0621313390000892,0.064802348198745,0.0658033108447419,0.0577799177092646,0.0484588700118615,0.0672080392516909,0.0557628439462653,0.1183601135223778,0.0971431972867737,0.0707786112936577,0.1184542206234737,0.074878710711021,0.0691078888232396,0.0523553357921065,0.0765928199543766,0.0605586881163499
0.0913585867682942,0.070917323820953,0.0705377743954244,0.0638986196175098,0.1182712542390175,0.0582687659361033,0.0951709681917396,0.089019077881712,0.0570113362251625,0.0747659753179491,0.0851367335874608,0.0868420220332733,0.0785442086178057,0.0,0.0603993235922308,0.0919180277613084,0.0883631323853574,0.0581722149283944,0.0662773361471843,0.0960332282021057,0.1197802733859812,0.1006980758916956,0.0669069166216569,0.0636802176935807,0.0398270964426652,0.0567883282260676,0.1468476362916083,0.1332500095577727,0.0754250879450406,0.0599822879637016,0.0840420439112497,0.0861383504910707,0.0974789271822016,0.0804761051733598,0.0763410059350816,0.0538361777185363,0.0756573906131921,0.0786945978272285,0.09211308538461,0.0574262290298197,0.0765680894359575,0.1095164007408956,0.0887307066191896,0.0821841573023071,0.1248680785118442,0.0668211199525944,0.1069677180562243,0.0982148792978413,0.0586866206048205,0.0872038631608433,0.0995189608014281,0.0992656566053649,0.079318191067054,0.0610940643874572,0.0457253229093785,0.0580232555287274,0.0957299947791021,0.0787362753086228,0.0849667059254147,0.1090820789025134,0.0543773857677912,0.0784399328986077,0.0979192081053552,0.0735989720565189,0.1010239889074502,0.0781304605577431,0.10431662526654,0.0787656421953033,0.1017093465266154,0.1185948269941014,0.1171262869227869,0.0778405562426804,0.0675590054797954,0.0887530805080877,0.0745636129007013,0.0570359050332615,0.0769534884288031,0.0668463836206577,0.0785653938513001,0.1201543477288661,0.0867577277439318,0.0876550640370115,0.0746965072159997,0.081036179175758,0.0686280689507922,0.0840197773370168,0.0822200005496317,0.0954512690525202,0.0841042784596382,0.0766019173173449,0.0635154049484443,0.0696061686261457,0.0921180127436293,0.043363710205276,0.1178776963925815,0.1041987560810266,0.0540232951189834,0.097514575458005,0.0688230364971251,0.054885832357941
0.0634391233517145,0.0607358164957108,0.0489075322684612,0.0630716414948388,0.1296067301657422,0.0503546883961314,0.0844302155691034,0.0637779301692346,0.0468751222440283,0.0750955569484682,0.0559814536520387,0.0801233907745333,0.065599687005797,0.0603993235922308,0.0,0.0716237173802329,0.0704060917387995,0.0630177575326,0.0760511871603155,0.0920548628102427,0.0950895053064989,0.0833910155236157,0.0560832560460773,0.051951122383445,0.0708933266423309,0.065938178190746,0.1215532018164436,0.1153409291795731,0.0756195274906952,0.0483598935516098,0.1057018076505455,0.0821783113272894,0.0700904312103912,0.0688357506999391,0.0532230420670691,0.0520112958288132,0.0601391267064146,0.0732571380633789,0.0786914514896978,0.068186552064579,0.0621245012795207,0.0915486608248078,0.0699528570100293,0.0848182787901794,0.0973876853034057,0.0637730003577857,0.0830759010332662,0.0838747000826684,0.0443929189873429,0.0848654042805995,0.076329382503481,0.081033929793926,0.0822395863079744,0.0664260402498012,0.0498852487074983,0.0593011962423045,0.0744796993169701,0.0851208312185044,0.0816683536682085,0.0846646766100932,0.0583953272932389,0.0837701449950227,0.1213848525649937,0.0555525919764795,0.0959551824937877,0.0612690370943875,0.0903782368168078,0.0784199442281872,0.0637685788815405,0.0982964196922887,0.092490187016812,0.0736050499457988,0.0735631457116179,0.0815023979362881,0.0659889993320145,0.0595858443619062,0.0690322157555602,0.0686756621621507,0.072992248152368,0.1043150278861687,0.0785943729467313,0.0559093554765748,0.062224096402885,0.0748317544369926,0.0544899995660757,0.0895798038643634,0.0816969135819891,0.0753499444395122,0.0714090012387843,0.0574247874805065,0.0638740151329235,0.077523239819,0.0749720601110639,0.0617075798439048,0.103674642148174,0.0784219836631014,0.0564301316519146,0.0735321828227209,0.0531479647979616,0.0593758747034649
0.0566679544432048,0.065473884347792,0.0737684502066479,0.0782824521850021,0.1713552602602935,0.0845701637035259,0.0636277110323174,0.0906279547120108,0.0797198350145682,0.0548997020519226,0.0633711047537765,0.0892876515990948,0.0538348646315335,0.0919180277613084,0.0716237173802329,0.0,0.0838933387364541,0.0806277378567866,0.1089063211003288,0.0825815079586504,0.0802450349623574,0.0593498729250215,0.078151081923052,0.0729201937392069,0.0820094769558212,0.0921347707309912,0.0810658373428795,0.0880489774004724,0.0496624089237041,0.067582995284721,0.1332437622457226,0.0831047702831891,0.0977015121467804,0.045059851213137,0.0690265024394964,0.0702195740727643,0.0526135318721024,0.0611406037108324,0.0507169811335299,0.0737992256554509,0.0765642455368793,0.0880317589537843,0.0447697335133619,0.1161144311141483,0.082013563718456,0.080588588724078,0.0784223819120054,0.0809833936034163,0.0595334163996417,0.1097503346736158,0.0383949719189655,0.1030310655553759,0.062654504696731,0.0661763421495919,0.0791602441077982,0.0813889010026363,0.1021953462659946,0.1249278770564144,0.0720356018834001,0.1069075645893727,0.0621558068354587,0.0846230633155689,0.168983160859004,0.0732128008472494,0.1266657786323217,0.0540400875519379,0.1003386922370239,0.0694186916972705,0.0541334271546382,0.0647440661939779,0.0482081398546294,0.0869435675258238,0.0720965918590095,0.1059171520847276,0.0580007756014909,0.0715315113208219,0.0568037286635287,0.0868509911643528,0.0944123711981997,0.0891712787940033,0.054708317915629,0.0585194905226019,0.0918037753526481,0.0925270282186253,0.0759168219433373,0.0651241274496346,0.0671808241354785,0.0534429958982433,0.0657722371694138,0.0796694362047955,0.0555800014654346,0.1245149289565362,0.1109328920233551,0.0793512057621319,0.126330261738825,0.0500694336368431,0.0646995080437997,0.064381776320876,0.0856135355277403,0.071630054116508
0.0736670019228711,0.0783116091459361,0.0603030104573381,0.0699677850692841,0.1481434153596785,0.0761727693918323,0.1011436980466485,0.0685017353719418,0.0704435771637707,0.0821654461231327,0.05780325038453,0.0683433866577855,0.0764531820094765,0.0883631323853574,0.0704060917387995,0.0838933387364541,0.0,0.0707445163379369,0.1022677515536131,0.0797045334281491,0.0760903760656329,0.075748699830816,0.075448158464546,0.0554096792862165,0.0936974119014133,0.089464349835699,0.1196420418375154,0.1237490098061893,0.0895910785529849,0.068666609588223,0.1211512142014037,0.0950042992312255,0.0727003578243986,0.0767016150458616,0.0525040748420752,0.0598116687365427,0.0776421410159536,0.0927715003316466,0.0852567842277882,0.0893482107238805,0.0667844388103792,0.0737453429846322,0.0722509724287395,0.1002948147935451,0.0924048763585894,0.0874468832375479,0.096168343630423,0.0567089751246474,0.0543984575466508,0.1066012210139838,0.0777645330781466,0.0733277701094917,0.0966509083975447,0.0696803618453533,0.0717921361758412,0.0982478035811324,0.0948496439298994,0.0820370856255374,0.0902221394685521,0.090891733676119,0.0825870857121542,0.0942746910043448,0.1444271727752372,0.0624578277540271,0.0903403171892788,0.0694732424603138,0.0606472687907145,0.0756738669759357,0.0858728591643021,0.1012817909189616,0.0860848823429571,0.0899601705261139,0.0962066574630338,0.0747522507542207,0.0749400800833892,0.069422190455498,0.0928530389523406,0.0994391804764999,0.0622166180605763,0.0782531415957904,0.0769587037781351,0.0785072331076407,0.0561377155750725,0.0785891643613345,0.0808030584544649,0.1014072616128089,0.0958078934904221,0.0736602576292144,0.0697697663974115,0.0724201787792876,0.0885715995718196,0.1127430575367915,0.0930750068446955,0.0848462222885172,0.0815489724309939,0.0890692081608685,0.0916572169000496,0.070725175357977,0.06567369740252,0.0731995837467927
0.0735041727883889,0.0688691775566157,0.0597123897384992,0.0836296607849357,0.1466541657688178,0.0742016400846582,0.0743990769609344,0.0927432976100271,0.0519096028649107,0.0609520395830318,0.0604996490794888,0.0729663921211389,0.0627652271784924,0.0581722149283944,0.0630177575326,0.0806277378567866,0.0707445163379369,0.0,0.0854226425547498,0.084677119084159,0.0885217008979044,0.0806630579775304,0.0667928572903716,0.0521308172872516,0.0537425466122968,0.0721308627184586,0.1088928469002896,0.1141775685917682,0.0679416861632882,0.0561501019335245,0.0944575479335609,0.0534817793953368,0.0950876687625274,0.0639659916555804,0.0677120796237334,0.0458929257860377,0.0522003419669792,0.0632917159463934,0.0839829129088836,0.0550606332749861,0.0585346942119221,0.0979118141740226,0.0782397798820662,0.0975631898435376,0.0848459094568483,0.0687470132694346,0.0883593728445481,0.0672699792035408,0.0554589621059563,0.0774002000924588,0.0794131237164522,0.0912134370344914,0.0602752179496269,0.056106424457882,0.0611594050728005,0.0642224498139614,0.098403772509635,0.0838340282353478,0.0649464802052662,0.1058217567762938,0.0607467987436725,0.0678077997788748,0.1201823121301444,0.0667129121425165,0.1099764160155047,0.0666313551153905,0.0835696945236356,0.0673834637325316,0.0762903009889932,0.0972093472997585,0.0941158328511117,0.0806215612520505,0.065211308028022,0.0941784635876349,0.0531217890945669,0.0651795959080003,0.0588644941188161,0.0603766079046627,0.0589733735533048,0.113030699502649,0.0753500283725541,0.0673031234372184,0.073551973658985,0.0767243210421621,0.0500312630820256,0.0743904803696983,0.0752934592704906,0.0776109008284569,0.0694881375264094,0.0585147037200117,0.0591035622689457,0.0861726019241779,0.0923100002265919,0.0582994377397695,0.1199081756675864,0.0917920258014568,0.0577164246663692,0.0648789547217075,0.063694130041926,0.0463216178007208
0.1147814664482975,0.0995054657665144,0.0949095460132405,0.0789906855673391,0.0982961047185245,0.0799368082980059,0.1277802066299841,0.1085289947097194,0.0755544660963826,0.1005134305369584,0.108960705737044,0.0781846072127462,0.1060699792173323,0.0662773361471843,0.0760511871603155,0.1089063211003288,0.1022677515536131,0.0854226425547498,0.0,0.1202184287076622,0.1486297473219612,0.1272411246259149,0.0758379708325104,0.0925238080425316,0.0655091006101429,0.071366043771698,0.1702977332745691,0.1669286141026193,0.0894972283233371,0.0821176102908894,0.0731272447434015,0.1082188102186676,0.1049391945472591,0.1047942969345604,0.083805174801572,0.0662511586503592,0.0974911699504526,0.1069695669602132,0.1218187307111577,0.0663860759169814,0.0882940779856242,0.1372963119361046,0.1076986237257817,0.0473003837157731,0.1537576431179125,0.0626410748805727,0.14472147613254,0.1211323075884623,0.0753066200450017,0.0626069933561506,0.1246130669078058,0.1251352438062753,0.1006303500427275,0.0705444834432078,0.0629825118799395,0.0633528798491445,0.1190060358291793,0.0646137845195946,0.1059492928893056,0.1353527442238789,0.0835996651952669,0.0891998573779765,0.0879124647708185,0.075773047666299,0.1253868735238597,0.1017740322641269,0.0973848248034945,0.1006106352594067,0.1201865595677778,0.148523070810865,0.1404544276038103,0.0568644529030993,0.0745112058070267,0.1037073767174429,0.1035261343357055,0.0655594677715706,0.0836924161094411,0.0619508217161797,0.082979508940519,0.1397356869330741,0.10558292849685,0.1056321923477517,0.0665275108556007,0.0751279341012206,0.0906028388877797,0.110437076993347,0.0995852970763638,0.1191723290970142,0.110580706393851,0.0879633604064819,0.0936840282270423,0.0633547526778701,0.1191045348284534,0.0719626836385842,0.1436117288014792,0.1306208879238149,0.0793495333374289,0.1256097191707042,0.0957871484071853,0.0786881628453536
0.075257772023837,0.0856126411643702,0.0791751319512837,0.0818195668059539,0.1830174055997923,0.0925067413586667,0.069355515137585,0.1016764366627158,0.0988370515570803,0.0596514284522921,0.0680226321881985,0.0720403329315081,0.0553022510540824,0.0960332282021057,0.0920548628102427,0.0825815079586504,0.0797045334281491,0.084677119084159,0.1202184287076622,0.0,0.0908774811963744,0.0666129948431853,0.0958009696391859,0.0748860126420696,0.088764213247422,0.1035009922451254,0.0814833885312352,0.0861027897756648,0.0776239217948295,0.073370413882985,0.1379228857632969,0.0785090870501438,0.1218288429062914,0.0615839895201821,0.085550512143403,0.0723513612780451,0.0856727443502892,0.0916064095756186,0.0615348769588181,0.0752431973387351,0.0790670117669317,0.0475718950305465,0.0706945881015061,0.1208698035481754,0.083771233177336,0.0768604165954802,0.1036279439593883,0.0642959690823387,0.0751280728199158,0.1346487389409542,0.0747008817260827,0.1103545667260403,0.0672810544088108,0.0649863739394714,0.0927506227635106,0.1022110138381111,0.1134555372425045,0.1190604325827158,0.0690257458176856,0.1250687756793035,0.0795844298603449,0.0726986582529002,0.1639106052045733,0.0914412519764852,0.137008713129437,0.0709313918822933,0.1024453123802374,0.0523912358995136,0.0915298216979363,0.0664638413144755,0.0770976950837394,0.1043688092410653,0.0788519960839119,0.1064272295273646,0.0568773012061066,0.0730408410516162,0.0854446536788727,0.1071751629843718,0.068902026064183,0.0579450499597541,0.055722621825637,0.0989434968734956,0.0959738261579491,0.0687576231826653,0.0975391728850909,0.0633017009242492,0.0650220115342746,0.05834000446787,0.0489030552665995,0.0814022303418028,0.0758226953281864,0.137406649598439,0.1274343289735711,0.0837983207290389,0.1375492873040199,0.085401228164167,0.0942674256297963,0.0709155320802739,0.0896857012598885,0.0801240406594537
0.0583520227766071,0.0760354117690361,0.0727803685099383,0.0988658179919256,0.2029252220000118,0.0979082875086545,0.0806921357188677,0.078408875342195,0.0961621137373957,0.0900259764739744,0.0650472856220749,0.1016091372574153,0.0730357348960602,0.1197802733859812,0.0950895053064989,0.0802450349623574,0.0760903760656329,0.0885217008979044,0.1486297473219612,0.0908774811963744,0.0,0.0645603816995293,0.0998167818568414,0.0736756412970638,0.1217406036660218,0.119368697889413,0.1010126674182906,0.1033451832482177,0.1079880057665312,0.0910870472352225,0.1590774595910776,0.0966927715287038,0.079719531315723,0.0882597409694309,0.0841625182633418,0.0940354445385077,0.0784898823800742,0.0981940806234519,0.0803401741485204,0.1119665130272227,0.0849646461821952,0.0794097558323357,0.0711913005684435,0.1523551469249426,0.064039533983452,0.1202444531635157,0.0567288254472072,0.0540419226067587,0.0839769748118177,0.1406873729456459,0.0716499576090555,0.077720394831137,0.1095587111736416,0.1067970179073451,0.1106905707620004,0.1274017363682741,0.0899348701681648,0.1312176269452137,0.1054842567333762,0.0615212973853308,0.0938478880816283,0.11267937598032,0.1829550681905805,0.0944745161210509,0.0988512705091783,0.0751383850970486,0.0982462976708417,0.0933195195468423,0.0712905308639312,0.0787741778355861,0.0706130624753012,0.1282377871561908,0.124210740921065,0.0920205027246491,0.0748223267529347,0.1066075654725739,0.1074849437276671,0.1291991037667377,0.0936918206837079,0.0827693524150689,0.0848576958383817,0.0802021494725378,0.0946550027572807,0.110175864252057,0.086053769931601,0.1091072256000548,0.1158140104250779,0.0738908680597005,0.0845563194591603,0.084657860862306,0.0925623798119196,0.1558457485833774,0.0864183088521903,0.1096995930170088,0.0843274601323739,0.0754027986379509,0.1125076209475141,0.0549306882546817,0.0819416145551674,0.0942939399813481
