0,1,2,3,4,5,6,7,8,9,10,11,12,13,14,15,16,17,18,19,20,21,22,23,24,25,26,27,28,29,30,31,32,33,34,35,36,37,38,39,40,41,42,43,44,45,46,47,48,49,50,51,52,53,54,55,56,57,58,59,60,61,62,63,64,65,66,67,68,69,70,71,72,73,74,75,76,77,78,79,80,81,82,83,84,85,86,87,88,89,90,91,92,93,94,95,96,97,98,99
0.0,0.1209537450894549,0.1489952205697241,0.1466273259439661,0.0915164593118057,0.1388859333361277,0.09771073534324,0.135404910272063,0.0649344722636835,0.0626524384824312,0.0872920052842003,0.0929748198566884,0.0936242190608527,0.1091317668002428,0.0846785233927914,0.1254398220086379,0.0967093417342284,0.1449156790273122,0.0829994787054642,0.0933579843653089,0.0830027084570016,0.0560320714763045,0.0916334350355806,0.1049727909965464,0.0543358460677992,0.0770706470322402,0.1002290372091347,0.0711414421694185,0.0921322564278308,0.1009128020422454,0.1113394888836017,0.1218826672494673,0.0905733117349216,0.2139578759067684,0.1714396506138321,0.1365378407527206,0.088585847260839,0.0821458387880016,0.0660111483173556,0.0966445333708269,0.1341189182544176,0.1321423019156211,0.1301644181739132,0.091251775594868,0.0689682581177774,0.0997894911558976,0.1253790477493676,0.1442944258032292,0.0820430812119293,0.0890827802399184,0.0744065095166272,0.1476501925129262,0.0937633494583533,0.1095084926823741,0.1188861676018994,0.0984785989001285,0.1402259281572954,0.0955628228259661,0.1028703353620109,0.0656421509853699,0.1299920463362245,0.0874736079881439,0.073707486647856,0.0899403075358513,0.1208976812229174,0.121094247841747,0.1073673023597815,0.1155615577710546,0.1367174063499366,0.1165044175902566,0.0935087984892977,0.077514156806421,0.1108568926757641,0.1179307080797553,0.0572038441115166,0.0911436358167244,0.0892197515785302,0.1342514640011737,0.1015015530241344,0.1193490702607696,0.1502480620940062,0.1775239613877519,0.0960184242144045,0.0985355183812545,0.1509449996602009,0.0607845624937334,0.0968488392111963,0.1165951589712536,0.1405025009862522,0.0916742588120916,0.0997610930044956,0.1276184198163341,0.1110573170635901,0.0788341996683383,0.0907423535924212,0.1061066806119684,0.0817368421660148,0.0643726022536405,0.0881500515049989,0.1418335849580858
0.1209537450894549,0.0,0.1187002452798954,0.0610272337781888,0.0747112745244471,0.0782327326102185,0.0773161059270835,0.140447286389127,0.081359580874398,0.1018284856917735,0.0634100094345648,0.1057668524264375,0.0948078509665228,0.1483447088734017,0.0701510490188999,0.1138009858989833,0.0826682778803769,0.1123332091243931,0.0659996611221669,0.1047128981509971,0.1510559241680799,0.1046945624519792,0.0650931718811508,0.1223415130643448,0.0953197098965759,0.1097330699560035,0.103699913877403,0.1037345343605655,0.0768023367410036,0.0906771649675563,0.0804762133475274,0.0622807213338717,0.0744373696197596,0.1259081547171364,0.1405895535623336,0.0899297627392349,0.0935959440883522,0.1134788335097234,0.0829252869866989,0.0619938459563221,0.0715935115638866,0.0931456432781934,0.1081956008084229,0.0853854137626174,0.1179131091032766,0.067188297100111,0.0885481033404289,0.0768355861083665,0.091189418733245,0.0842354049394236,0.1270220823341713,0.0830307508027942,0.130825494337564,0.1227430284825353,0.1155448744731469,0.0689760533936209,0.1154353974991427,0.1422688807707898,0.0981855796978493,0.0990194204530726,0.1497530981105224,0.086068273393723,0.0909644902500663,0.1092227270167175,0.0625337962684693,0.0803781210067909,0.0768389199443139,0.0935000768283067,0.0830274141242993,0.080063419681619,0.1364935882119605,0.1126833621552658,0.0851860811241752,0.0902233666700905,0.129907945437237,0.1014024009739958,0.0763482082268087,0.1512588482348153,0.0868241452707095,0.0712705989349509,0.0885975667755186,0.1023787821485414,0.131311526812068,0.0911099315319761,0.0880548594462333,0.0832369715231819,0.1163875116398978,0.110534783996874,0.0846859701358256,0.0787216450995925,0.1290508842988522,0.0889359006575644,0.1120740136660396,0.1061217864487488,0.1324727435370084,0.1102932314441684,0.0721683420458359,0.0838508121977988,0.083464295496489,0.0809343435021517
0.1489952205697241,0.1187002452798954,0.0,0.1347392980696301,0.1414322191211905,0.1074963612101701,0.1215028364210861,0.2226967644352322,0.1463255739003556,0.1223550879671015,0.1191116695160016,0.1193636872675563,0.1661329711134096,0.1252149805082606,0.1199734443684033,0.1917477154500956,0.1509199321345058,0.2025050712050641,0.1450139016973275,0.1700242823947287,0.1401569130354421,0.153372658197962,0.1166735122238504,0.1724592810504388,0.1435734815050822,0.1652027643270535,0.1715975662273781,0.1617466372303953,0.1017920569801824,0.1501752964830884,0.1604040101438963,0.1033374951038385,0.1651200340143805,0.231684792495691,0.231159657985731,0.1012819347027213,0.1645069688966054,0.1507815438951846,0.1502172142001684,0.1474611898151581,0.1139221870757596,0.1102255677725866,0.1896684103635983,0.1464855177441681,0.1716790292775614,0.1175542508582826,0.184338531472346,0.1609861516540549,0.1261092193888732,0.151165464403855,0.1862349576048252,0.111790388282317,0.1776111025808799,0.1970894080632269,0.0858967998863892,0.1098033872837194,0.205125023432047,0.1748406722995708,0.10422424303899,0.1451197125588572,0.2279293968301351,0.1572991057565537,0.1576808979611351,0.1879160252396974,0.1333870248885183,0.095381091766529,0.099263555776822,0.1756110049020644,0.1255385221678253,0.157195483825356,0.1200306404933705,0.1653992859256067,0.1255499982401648,0.1694207289089856,0.1635098934676852,0.1075211813524377,0.1340567523613229,0.1239485641851533,0.1706579659792091,0.1250224553331088,0.1767034159252649,0.1098082375893398,0.1462080019888932,0.1049515814743777,0.1136463813326222,0.1233543718331265,0.1840765125539278,0.0763046288221952,0.1501082285770577,0.0858770805994471,0.1422617479694495,0.0809848704399158,0.1930128029974124,0.1159963408003565,0.1580402203962154,0.1477952123687938,0.1410017948073208,0.1327177853656434,0.1265312256783931,0.163672663176275
0.1466273259439661,0.0610272337781888,0.1347392980696301,0.0,0.0912807255635238,0.0955617726043131,0.0977911300816862,0.1642773713685466,0.1033706104568427,0.1240302958243548,0.0901100152286554,0.1159525318194302,0.1062993281916601,0.1601398684381822,0.0829556435238619,0.1452638103805587,0.1068343729674102,0.1287337718106593,0.0920055072120059,0.1231892522767063,0.1661026528866112,0.1368668650307165,0.086701389942748,0.1312588607293845,0.1187351662553525,0.1231787777219899,0.1188910346223863,0.1166948768353669,0.1085795983284899,0.1126744489428186,0.0901140913394253,0.0743891768020767,0.0902442202206206,0.1238909782890142,0.1524954870708857,0.0959653333905024,0.1165024664404629,0.1281633202504783,0.1074633756741687,0.0840310310521302,0.0793494312926935,0.1151192459656029,0.1205509979859663,0.1033224147432609,0.1479440553856591,0.0948946298770353,0.0996953268317129,0.0823985351526037,0.0943048707563943,0.1069040669214848,0.1468997661706185,0.0683908145020997,0.1500455884786869,0.1411051579752205,0.1493148417553877,0.0882143142348997,0.123807621207132,0.1564782885460505,0.1102625295984765,0.1197265721240374,0.1658816088301687,0.1179280680181574,0.102299019333623,0.1398573272935485,0.0786309575989674,0.076400220334266,0.0864248315186259,0.1085263365855825,0.0701387347901895,0.0918006516498622,0.1554793603375998,0.1320920204821547,0.0924253326546187,0.1071328928433197,0.143403549772459,0.1141706511465752,0.089912147090852,0.1568442233080486,0.1143070979715751,0.0707817043028246,0.095501671944203,0.1042207161417985,0.123843890780777,0.1183061950865652,0.0919445935909218,0.1096659088026718,0.137694940503774,0.1219834841198185,0.0911070921967697,0.1092883337424517,0.1367343175437693,0.1019031537981595,0.1297649005305914,0.1254137701380076,0.1478717627516188,0.1040530873056491,0.1056880157750451,0.1131847005594402,0.1030321454345079,0.0855118665753238
0.0915164593118057,0.0747112745244471,0.1414322191211905,0.0912807255635238,0.0,0.1089615302983156,0.0864919798541149,0.1123780732143985,0.0545932608853107,0.0959674266759841,0.0640452915188093,0.1061304998410059,0.0681947028501934,0.1388414605914657,0.0611971874662316,0.0970843509750395,0.0775582690002795,0.1096646583284368,0.0691279771903382,0.0828268614279786,0.126540463846528,0.0720306175557094,0.0627862234870612,0.0985786259094536,0.0784358421008921,0.0791708325335736,0.0685916002895595,0.0801189582439639,0.0846112102610841,0.0862762237901567,0.0630402359361548,0.0931814979403669,0.0659642972004469,0.1508037707698051,0.1272030222241487,0.110809344398448,0.0756439268061763,0.0777899097642841,0.0653084889255938,0.0737007271693148,0.0890200793893544,0.1128860087052552,0.0899523063760927,0.0766705524341934,0.0800305407936192,0.0592027198546137,0.089617820127978,0.0874932585858582,0.070215411343981,0.0520115788301147,0.0892890220967442,0.0978035616607656,0.1018477782515282,0.0852495198216872,0.1326605910732299,0.0770215261749741,0.101025692200473,0.1003461604094209,0.1128333561408857,0.0757885393035174,0.1078068583456781,0.0684303061967603,0.0661419742274514,0.0802069028717368,0.0885354486364997,0.0929849162009615,0.0991460687407621,0.0713993847212657,0.1005188862707318,0.0576310958033598,0.108400719071655,0.0743318655807942,0.092658070485456,0.076901493510487,0.0887609556756774,0.1046413216175113,0.074169118189719,0.1390490885555784,0.0872746384269351,0.0698700755085315,0.1053763227963294,0.1294723019695999,0.098928686681278,0.0996680841793093,0.1321510934321136,0.072785532520541,0.0945889609833279,0.1191509707190301,0.0928460913880431,0.0962583580343414,0.1020388859353795,0.1086933551082437,0.0797531694761694,0.0879667160505735,0.1000618760029869,0.102708806512166,0.0702758786522713,0.0789432777751029,0.0849044564258017,0.0824060857868079
0.1388859333361277,0.0782327326102185,0.1074963612101701,0.0955617726043131,0.1089615302983156,0.0,0.1230664640328091,0.1970596941705967,0.1069841882578183,0.1154478088736108,0.0900027089541091,0.13249933308279,0.1273562309769941,0.1281841190075787,0.0927851343356795,0.1599689777940271,0.1003094246344927,0.1677954457497181,0.111175344502563,0.1294354779317376,0.1351788857770023,0.1381079565465586,0.0786444719855303,0.1371890165254472,0.1246171707062772,0.1404206689763315,0.139341547966482,0.1185949164588354,0.0725290671103232,0.1128444662936883,0.1199801746776979,0.0738629797667274,0.1290409684627722,0.183353153020676,0.1922875829612317,0.1118376781825906,0.1438641567318295,0.1376363920209565,0.1192065351683427,0.1079923348267217,0.0936155304318718,0.0766275206882171,0.1602138799526783,0.1185379602444351,0.1353325272806453,0.0996216154931678,0.1436600211552584,0.1005825228336375,0.1117255209242388,0.1119294416746446,0.1611791854045136,0.1057574776604973,0.1635413700591508,0.1723948237840689,0.1227406684043391,0.1040083498938127,0.1697297371074486,0.1521860696835224,0.1067000271091869,0.1186305587442701,0.195974032324147,0.1153332502541913,0.1137325558710468,0.1603113299769644,0.097649092716645,0.0738087477138158,0.0785754278546174,0.1433786810085356,0.0954508588272752,0.1270100258964264,0.1196063938120108,0.1224441657882067,0.1059912635193503,0.1462082767623266,0.1413342584457751,0.0958388972911333,0.1161568895527235,0.1460247546149504,0.1233661246052068,0.0843038277438269,0.1232254082379265,0.0950210827641276,0.1400505208179357,0.0803801169627637,0.0774543290203835,0.1036326970489401,0.1661304129942416,0.0923402859281405,0.1266762718300526,0.0823406604485248,0.1245842010780955,0.0735700645311697,0.1646000393724523,0.0948078554831871,0.1419399828199757,0.1069728004091434,0.1083485891684381,0.1178036309192234,0.1176745762120876,0.1201562353061197
0.09771073534324,0.0773161059270835,0.1215028364210861,0.0977911300816862,0.0864919798541149,0.1230664640328091,0.0,0.1429641405770095,0.0919966178451311,0.0877353712382752,0.0868520648767748,0.0862965830911433,0.0986839973672747,0.159187700292271,0.0895979994497362,0.1380923155306734,0.1083498180425537,0.1355636070884386,0.085968275443034,0.1285149351205232,0.1434575883136832,0.0932985721439979,0.096116761560308,0.1386839696042078,0.0795961961759109,0.1042446131938666,0.1046524783851446,0.1087937670487211,0.1065456385246191,0.1346751811746908,0.0978505278325037,0.1053144022286097,0.0927785871598938,0.1600257384037352,0.1594080659476691,0.0830429731527836,0.0781590963321024,0.1162432760252051,0.0888365202637988,0.0798768110260472,0.0980782757442201,0.1457517242789759,0.1348031338939116,0.1009040796307162,0.1063192763292868,0.0741193980422909,0.1049409706670841,0.1077829014346574,0.093527689627504,0.0942652671193483,0.1194408233183961,0.1134394358448699,0.1283910311264152,0.0980684902978922,0.1131171904592887,0.0674945303094191,0.1431304068177323,0.1374991803114657,0.0890086021917024,0.0918389952136462,0.1472300359832996,0.1187999445562064,0.1097359692854904,0.1045791332100332,0.0999037783352258,0.0923512616241383,0.0870735398620733,0.1200024618398019,0.0846987110767729,0.1098239098481232,0.131246073183947,0.1107227244554537,0.1160991988213032,0.1124905587577703,0.1139111513474634,0.1138194171302127,0.0809795362177467,0.1677123380586527,0.1229840639497794,0.1087697889801464,0.111563398076091,0.1210113288585428,0.1305169106462424,0.1068857480266086,0.1183433070807808,0.0896295932557095,0.1098973374272025,0.1247706478224392,0.1125373509457494,0.0962368201885566,0.1288889573453815,0.1021315803738336,0.1241332807944247,0.1122447037070741,0.1337187691448723,0.1030453886568023,0.0979088769045109,0.0641401035478272,0.0895074579843279,0.1166606186789553
0.135404910272063,0.140447286389127,0.2226967644352322,0.1642773713685466,0.1123780732143985,0.1970596941705967,0.1429641405770095,0.0,0.1199764856432565,0.143546662736807,0.1442005237793945,0.1397041716589816,0.0883858024265284,0.2074670287615198,0.1317439046687051,0.0847871571095864,0.1265415474628647,0.1052941568196164,0.1082659419067939,0.0988276440629111,0.2000642790489716,0.1000418865852705,0.1385760101938548,0.1491191962001045,0.1357264641164758,0.1012642556440832,0.1110528858123359,0.1147927722244724,0.1606176210964554,0.1228404253112538,0.1069440185095825,0.1691314426801002,0.0950877851808983,0.1641918096498013,0.0998535023556784,0.1702559670518345,0.0936319371953987,0.1151774431245099,0.111453253537371,0.1139906653892831,0.162255671689326,0.1854961054685872,0.0848888982125987,0.1286503978665371,0.116690455897578,0.1380928717053385,0.0839760636449927,0.1587191168156964,0.1350612281212136,0.1120314738227621,0.0866065639715342,0.1691249993608535,0.0979695090896894,0.1043229165397526,0.1756230266298129,0.1499598922953836,0.0854810115072529,0.1079272698519857,0.195357894430267,0.1079971971385622,0.0603569906831344,0.1084508903938037,0.1156801235007377,0.0858137016260494,0.1519283629194445,0.182624831711514,0.1834834517861462,0.0953349600227001,0.1714180857233993,0.1083618146637433,0.1848626317425189,0.1188203630420798,0.1446003787891652,0.0858007490612617,0.1362657800792988,0.1881233365172909,0.1092864083348518,0.1989812447008978,0.0922466099167096,0.1505085748662249,0.1474442145070187,0.1979446143406442,0.1488463481519214,0.1862787477889534,0.2134800257620583,0.1257462627558364,0.0781728358487648,0.2054534739387544,0.1302373755416592,0.1704795024385407,0.1684782801879542,0.2025394890977303,0.0827550706788377,0.1761382266269027,0.1576197707736596,0.181532528512091,0.1057871608405004,0.1350326123921628,0.1270064738031381,0.1356258468629602
0.0649344722636835,0.081359580874398,0.1463255739003556,0.1033706104568427,0.0545932608853107,0.1069841882578183,0.0919966178451311,0.1199764856432565,0.0,0.0804804797855745,0.0528478181253045,0.1058834526870247,0.0705852419299649,0.1156696693317378,0.0644586700235017,0.0987624167074404,0.0657597100275672,0.1137230319806213,0.0674286267830481,0.0684683633563202,0.1046695424532524,0.0645500062313892,0.0603099400200695,0.0844277312590669,0.0751772798158056,0.0790136928950824,0.0797537741038578,0.0515465212050305,0.0729867462942511,0.0730007254286295,0.0722067509400203,0.1019195373282586,0.0675205482909941,0.1719749648670598,0.1412030986121799,0.1246534377978638,0.0802339722837272,0.0762583847230686,0.0451873126497206,0.0682348363478974,0.1041981270119384,0.0945315688342681,0.0954791404847676,0.0649377137169004,0.0640903770867799,0.0852051315575442,0.0960786276497607,0.1163464957694652,0.0795778056508673,0.053505925519766,0.0871531167397332,0.1123568171476434,0.0978986075091321,0.1010872966786917,0.1182599499669087,0.0832465206419927,0.1086216745127958,0.0894809580302609,0.1090426284036779,0.0645857814932853,0.1138491988496856,0.0692433875002407,0.0467169706319863,0.078746031221069,0.0957530481181204,0.0995780621193524,0.0998070930113805,0.0770488258443299,0.120624904121096,0.0719668537250794,0.0914238965851949,0.0655250744817344,0.084601546417748,0.0895222620696289,0.0826791612951085,0.0996550394455501,0.0775704263467026,0.1446777971002049,0.0673457341980097,0.077127379868266,0.1150088694829305,0.1478141413582814,0.1045279875707985,0.0886199968623177,0.1388017732856753,0.0572149737363175,0.0921619725934227,0.1079628519746375,0.1038606207698079,0.0910320980128208,0.0954281734069666,0.1063980044859713,0.0865584526280967,0.0701729452814766,0.0886147598939332,0.1003375600837094,0.0701448444457682,0.0731672729115062,0.0735149762544957,0.1028423633241992
0.0626524384824312,0.1018284856917735,0.1223550879671015,0.1240302958243548,0.0959674266759841,0.1154478088736108,0.0877353712382752,0.143546662736807,0.0804804797855745,0.0,0.0849994968336146,0.0681547170305976,0.093488146707779,0.0921215167006477,0.0818539508669526,0.1383789441116973,0.0922840523127637,0.1424611500480623,0.072729435254706,0.104294541641161,0.0845170015921709,0.0772528478606728,0.0753134646283884,0.115406937671988,0.0583006159665467,0.0846125110331929,0.111187129925029,0.0777387221849014,0.0890708712114808,0.1047634222931486,0.1026914027555624,0.0919128737823011,0.0856940465038513,0.1924481844356232,0.1692065043109592,0.1216889321662259,0.0781490459920125,0.0828872317622899,0.0695063077359529,0.0881106887217102,0.1189103177834415,0.1196986240626845,0.1326804636497096,0.0955983535528969,0.0895841603822715,0.0940751341494336,0.1253015282617632,0.1286723996710754,0.0736611655151753,0.1007095822013394,0.0963660627544315,0.1361196640513164,0.0964857267061922,0.1101708309958901,0.0980922319209276,0.0854935566223891,0.1424539266733092,0.098633864181577,0.0793755737852196,0.0581885620163295,0.1443033461365633,0.0973671700868816,0.0932103792559337,0.097787894184614,0.0982701757952636,0.1023101727576568,0.0754601350932639,0.12247158767615,0.1201911264362658,0.1181376959271992,0.089932836838533,0.0811728297776196,0.0910398975356883,0.1174239025263651,0.0819350013855955,0.0803662246562277,0.0720126152489054,0.1221545909965175,0.099065761528515,0.112194921638745,0.1403331503384413,0.1588430007379138,0.0944860205283893,0.0819157155929332,0.1189569723909025,0.056401712167672,0.1012025745677835,0.0916492500413579,0.1335800708127495,0.0580463466785434,0.0900923214423149,0.1009299614410864,0.1246786268120485,0.0733060300818084,0.1010961790874164,0.0950156544473649,0.0764307870124127,0.0562809348165357,0.0762655962716763,0.1239239528428842
0.0872920052842003,0.0634100094345648,0.1191116695160016,0.0901100152286554,0.0640452915188093,0.0900027089541091,0.0868520648767748,0.1442005237793945,0.0528478181253045,0.0849994968336146,0.0,0.0950145733655653,0.0978631037428096,0.1163062902195578,0.0692135378868176,0.1110960348442335,0.0871514771401544,0.1333515414742375,0.0770542447783446,0.0869203139974426,0.1108209364834498,0.0872772407621839,0.0601059500259348,0.0841122230712586,0.0838102615765203,0.0874105902411162,0.079262009838099,0.0787131123192208,0.0592392394646519,0.0794255064278763,0.0848016844239256,0.0859163791267726,0.087267789715056,0.1707091787216351,0.1591751048671407,0.10455259495282,0.0867535044616925,0.0954471969567034,0.0626270438349325,0.0809827067115383,0.0884089397537642,0.0853754009055515,0.115159165325424,0.0645514302100421,0.0855764293745806,0.0694447162823191,0.1186058446687696,0.1180361595934008,0.0801864178932635,0.0739109468848693,0.1128041646507193,0.0972829778675201,0.1103198366224599,0.1194194486535087,0.1110667788927007,0.072486633268652,0.134507296072089,0.1086671722591547,0.0918593299863289,0.0789376540389601,0.1314556291625076,0.0831585767536386,0.067245493455133,0.0993549907611583,0.0823425371099091,0.081174878490199,0.0878035903646131,0.1007571538809794,0.1131650992188005,0.08192442937053,0.0932679751860898,0.0911857667760006,0.0760973783927211,0.1039417867063046,0.0987742712717279,0.0822259066378262,0.0748786497094785,0.1310467509931989,0.0898092878620344,0.0630536606511937,0.1222655680269869,0.1188127338302162,0.1116355645671297,0.0775306829668837,0.1195481222778769,0.0692498741407291,0.1045747584139591,0.0893830616294729,0.1068312325844149,0.0766688624630138,0.0983325196763491,0.0907043745222071,0.1154386929848002,0.0684462259459421,0.0915702231403234,0.1075858479599131,0.0840964524577186,0.0869623198511187,0.0630111519048779,0.1017467213542775
0.0929748198566884,0.1057668524264375,0.1193636872675563,0.1159525318194302,0.1061304998410059,0.13249933308279,0.0862965830911433,0.1397041716589816,0.1058834526870247,0.0681547170305976,0.0950145733655653,0.0,0.097687359524585,0.1311375435250543,0.0864207148762452,0.1357004254589582,0.116975625197895,0.1394495987644632,0.0826632989212586,0.108268170862727,0.1140500080079622,0.1058021906009744,0.0856537689089072,0.1212486481971153,0.0841172032415092,0.0890886253782018,0.115054421506171,0.1042836117892169,0.0998572875923752,0.1179287474118321,0.1045275171469182,0.1042552431973257,0.0910039608181515,0.1779223843498937,0.162056757988063,0.0949768014409162,0.0844697704269358,0.097766970958978,0.0965629768215949,0.1009115619185933,0.1079280303875764,0.1424326233671497,0.1335799476886931,0.1103342450621914,0.1104311238917667,0.0924152992435155,0.1199376143037337,0.1317050126595932,0.0712455782879454,0.1236120022835247,0.0993583238911013,0.1165378297121362,0.1144382561254447,0.106213269192778,0.1083518503928098,0.0778184995698589,0.1433989848291882,0.1073407882565683,0.0869374006095791,0.081177471075744,0.1461618898875905,0.1246485273225962,0.1171487058718637,0.1166222222902141,0.1006258530681189,0.0944675913236379,0.0853030276641864,0.1317111196851392,0.1034371407489934,0.1148712591577971,0.1202760812568705,0.1028403802999917,0.1059996966298544,0.1033160442134744,0.0967001882089598,0.1027800690582357,0.069927199534473,0.1215859213877381,0.1198572853158186,0.1118994050816377,0.1462074566570081,0.1461935024244433,0.0977674315224695,0.1087684026851772,0.1252351986739871,0.0887515522781997,0.1085864303803743,0.1149320931020272,0.1212353384595582,0.0887054190851661,0.1121327554450145,0.1055433200866254,0.1276631038640692,0.104985517929855,0.1108817956794257,0.1107333704400214,0.095428859644038,0.084904958798138,0.0757675844761498,0.125892735303039
0.0936242190608527,0.0948078509665228,0.1661329711134096,0.1062993281916601,0.0681947028501934,0.1273562309769941,0.0986839973672747,0.0883858024265284,0.0705852419299649,0.093488146707779,0.0978631037428096,0.097687359524585,0.0,0.1455837252350501,0.0836252304525498,0.0865939577616782,0.0743494323303753,0.1041173696553749,0.0686036889446586,0.0595721222892267,0.1393856724285215,0.0778317139840055,0.0785157557266066,0.1019052408633523,0.0943187351120996,0.0751276908512158,0.0843589498477483,0.0633987764794821,0.1089457574950615,0.0826016800336609,0.060499412390761,0.1012999679767982,0.0655864570790573,0.1560974884898827,0.1154497733160759,0.128077367103559,0.071242526914881,0.0661517569253856,0.066414044120331,0.075549573598551,0.10600837509626,0.1253241537233934,0.0841332134867693,0.0868062997409384,0.0800795673164093,0.0943126150253373,0.0773868261253482,0.1096087152092898,0.0884343245750321,0.0656050853879074,0.0647090713596612,0.1105932950746618,0.0850652530809038,0.0839661507244538,0.1469794824439466,0.0993512863201683,0.0868523227118776,0.0779368566723476,0.1417123657164092,0.0651435521531235,0.0922911801231304,0.0901434270445777,0.0726968832497653,0.0841976352071109,0.1016475959715223,0.107354754214107,0.1158919318460995,0.0766631650699369,0.117596174714505,0.0831345144654291,0.1289464521661635,0.0611353183262199,0.0956759525047232,0.0575571505697896,0.0811181518297604,0.131903799965125,0.0762831728213894,0.1492001666309774,0.0733327899741436,0.0905733901475492,0.123003584254155,0.1504252735443202,0.0974180839450362,0.1246195609429852,0.1472288547339901,0.085071587438894,0.0748530993646802,0.1416179700864569,0.096871720205975,0.1183990688603676,0.1054894866539316,0.1274245110308136,0.0712054141545451,0.1180958685920918,0.1048485852508553,0.1113361541376016,0.0672458073575208,0.0818225190996732,0.0937212950972162,0.0943580087778932
0.1091317668002428,0.1483447088734017,0.1252149805082606,0.1601398684381822,0.1388414605914657,0.1281841190075787,0.159187700292271,0.2074670287615198,0.1156696693317378,0.0921215167006477,0.1163062902195578,0.1311375435250543,0.1455837252350501,0.0,0.1153441306202689,0.179153690761767,0.1233590845334273,0.2012918071972074,0.1278186828507562,0.1355581926698554,0.0723711307809703,0.140577425506002,0.1108022628573171,0.1218503998810263,0.1094338509959697,0.1315228772848581,0.1446781969271465,0.1055274422058895,0.0953199064716916,0.1142577611447824,0.1628159218524024,0.1183663370398146,0.1402881560892221,0.25046592966222,0.2364942878495642,0.1719233780052519,0.1402995928235839,0.117031649071698,0.1091781163877932,0.1492545967084684,0.1640401397402529,0.0953790468945783,0.1856777988284121,0.1232926600476606,0.128629066232521,0.1422220485134624,0.1904193178236212,0.1708821306210471,0.1069342240422207,0.1390817879891678,0.1517883081898463,0.1766406996192932,0.1354706177128456,0.1846864785434924,0.1214083710256559,0.1364607119937721,0.199320235041739,0.1279578490091099,0.1093996339905651,0.1099235060175848,0.1972443512602188,0.1253843884247796,0.1149661040589475,0.1630912201402934,0.1462226159842646,0.122005521194254,0.0968968580081165,0.1782943554540702,0.1662823066417054,0.1624438992542966,0.0704067150381183,0.1160677334503051,0.1148017413452785,0.1750966983203564,0.1151022157088081,0.0892994975207016,0.1339208035010669,0.1052566133121644,0.1396894894654001,0.1306365391917519,0.2052725516476333,0.2058393514275699,0.107958962192781,0.0905663423488615,0.1416506200155285,0.1049983248874194,0.1569799341648338,0.066019989521732,0.1849673714755622,0.0982963528914724,0.0904240892618548,0.1052792694344038,0.1783278731460856,0.0748820937275879,0.1091825815775495,0.114623777573467,0.1159616657086191,0.1280213625683325,0.1277020416995389,0.1711345260414414
0.0846785233927914,0.0701510490188999,0.1199734443684033,0.0829556435238619,0.0611971874662316,0.0927851343356795,0.0895979994497362,0.1317439046687051,0.0644586700235017,0.0818539508669526,0.0692135378868176,0.0864207148762452,0.0836252304525498,0.1153441306202689,0.0,0.1211870739655507,0.078422312866578,0.1240708517715405,0.0636457576734664,0.0919370134733877,0.1087524987807512,0.0866132439611577,0.0629193533121763,0.1020651103046817,0.0696693072912587,0.0830773329730256,0.0920983490885045,0.0760917425034904,0.0646752221042379,0.0811322903953761,0.08495879430295,0.0697300410942763,0.0631156225979917,0.1690899089470946,0.1557972823142114,0.0890913242726229,0.0843732360210293,0.0856130419766786,0.072329461490219,0.0675277194104395,0.0793638172816104,0.0936081850871412,0.1098817756628393,0.0850511037542308,0.0968322966102902,0.070617459270562,0.0993482113720599,0.0918204720932068,0.0586896091655454,0.0693838879366135,0.0943274552601336,0.0877138539008173,0.1117984665630847,0.114487719549514,0.1005962361141105,0.0564404734045861,0.1147118183296994,0.1091052935180436,0.0871050370091274,0.0707472187845396,0.1321803846809077,0.070494909691666,0.0624558113547106,0.0965066238303637,0.0838601553641809,0.0764470036458862,0.0687678316338223,0.0951472739185718,0.0836591218708815,0.0783608487965824,0.1055802697108004,0.0823985003633486,0.0845257479018114,0.0964034226974483,0.0990539854065925,0.0771894681572029,0.0728930848927027,0.1318518847484453,0.083241887448682,0.0666728660802483,0.1087639346543615,0.121251192892029,0.0877528033350098,0.0815549040113219,0.1057447795157694,0.0623501610552841,0.1024633088951067,0.0940493977772298,0.0908174696909608,0.066920872675333,0.1022732226983602,0.0874753202411868,0.1027196766561484,0.0780049246419819,0.1041542462155463,0.0991820364810464,0.0682518705906577,0.0755617295165859,0.0837874169117726,0.0906966046722597
0.1254398220086379,0.1138009858989833,0.1917477154500956,0.1452638103805587,0.0970843509750395,0.1599689777940271,0.1380923155306734,0.0847871571095864,0.0987624167074404,0.1383789441116973,0.1110960348442335,0.1357004254589582,0.0865939577616782,0.179153690761767,0.1211870739655507,0.0,0.0869194033101182,0.1011902396104931,0.0926593329287838,0.0628944632258086,0.176032604083654,0.0962206496224602,0.1030699569612426,0.1002263409762864,0.1349710358593426,0.0965100609446185,0.0708031075468576,0.1016086804074135,0.1261298835674671,0.0819363122839254,0.0788634754880877,0.1359825756629693,0.097739946262061,0.1347235411462994,0.0872060981032829,0.1588293322392043,0.0894922470803367,0.1004241810996103,0.0915570521370895,0.1002067724387625,0.1241448627816231,0.1415199603885201,0.0650101881376962,0.0859800474472769,0.1035897912654965,0.1195235224363966,0.0873970372662472,0.1379823876739033,0.1271576158794299,0.0866277307276295,0.1081586148526127,0.1376874310590077,0.0900862137129435,0.1130274478282964,0.1597892257277048,0.1322123983259294,0.0765212134109516,0.1049902127561323,0.186204047671546,0.0951484778078436,0.071631637494436,0.0954096749911286,0.1103484743825107,0.0978583469205564,0.115490073729804,0.148702103220596,0.1660647637033188,0.0636177101193005,0.1734031030348025,0.0843649572285281,0.1554675815854015,0.1034883923372228,0.1094879947535221,0.0584433676730598,0.1163154200422827,0.1756743349111352,0.0953312359438733,0.1590110318683792,0.0720849299678533,0.1105615334618328,0.127452941957018,0.1718273925068329,0.1408864877881169,0.1588148568422804,0.1859247628611871,0.117117670722397,0.0778620945547729,0.1708428362113622,0.1053531797024252,0.1456057439205162,0.1356856208819356,0.1743000247338685,0.0794645299353289,0.1504389724943337,0.1245243117993136,0.1548148949434962,0.0971858396400588,0.1301019587613145,0.0965175925737944,0.1011608707425132
0.0967093417342284,0.0826682778803769,0.1509199321345058,0.1068343729674102,0.0775582690002795,0.1003094246344927,0.1083498180425537,0.1265415474628647,0.0657597100275672,0.0922840523127637,0.0871514771401544,0.116975625197895,0.0743494323303753,0.1233590845334273,0.078422312866578,0.0869194033101182,0.0,0.1141940659638201,0.064381665071054,0.0670392809666019,0.1199018431724843,0.093464479238478,0.0583631849660742,0.0772997974986586,0.0891013233990897,0.076881206964047,0.081264425774082,0.0636905888057909,0.0819807488551226,0.0636438543622245,0.0793892431536205,0.0830511486196045,0.0879069061543374,0.1600986773774291,0.1371403480597178,0.1313129204942349,0.0780479328000941,0.0736640566571889,0.0575422152265576,0.0711011054009845,0.0987325128185021,0.0953048375606672,0.0923212261267437,0.0621608255787836,0.091877416908673,0.0940593828932281,0.0963530309898946,0.1132616449275728,0.082846534432919,0.0678440881194176,0.101831875796174,0.113908036083939,0.0862541392023164,0.1200804912980926,0.1200715529577832,0.0844920563017456,0.1029292291026863,0.0956603500457055,0.1281125379527176,0.0651506143268766,0.1215669141123088,0.0807396167244693,0.0773350071932265,0.1037157291085401,0.081361472982393,0.0983245460189934,0.1010773274788452,0.0816516839864185,0.1323315041235592,0.0903722509652927,0.107457841902992,0.0692131066342013,0.0729377935871324,0.0824599346958884,0.0842257349608532,0.1184542567966153,0.0834286276672848,0.1344641864008613,0.06922290324192,0.0779904898327858,0.1125891935145786,0.14735354739121,0.1045888185114223,0.0966916166171226,0.1286974100530531,0.0881251641864085,0.0843738773738853,0.1132052001683145,0.106260086121718,0.0861482813991834,0.0795611499260144,0.109450313733921,0.1015614457916154,0.0945947640483747,0.094708128756286,0.0863858619401343,0.070383642748264,0.0934111800143708,0.0826501256468256,0.0935285584057337
0.1449156790273122,0.1123332091243931,0.2025050712050641,0.1287337718106593,0.1096646583284368,0.1677954457497181,0.1355636070884386,0.1052941568196164,0.1137230319806213,0.1424611500480623,0.1333515414742375,0.1394495987644632,0.1041173696553749,0.2012918071972074,0.1240708517715405,0.1011902396104931,0.1141940659638201,0.0,0.0991234893447251,0.1076807863794037,0.2015292097607599,0.1230466790066654,0.1140519575827604,0.1570766494025544,0.1350728204752765,0.1078720105467162,0.1358151490482472,0.1304253950759603,0.1438567343250783,0.1221088511650403,0.088122324047305,0.1416776273937491,0.0900438375242476,0.105793862001669,0.0879107014602074,0.1473602911586831,0.0945358531215199,0.1275888779416695,0.1084674997887604,0.0823253711181558,0.1170816264221798,0.1589240920439517,0.0737479697005226,0.1204326859579826,0.124229052006048,0.1338716241095271,0.0860395492987741,0.147870559871262,0.1296036347643835,0.120762393292395,0.1357487879809947,0.1349649809075909,0.1368834374305513,0.117098910001258,0.1484961263830781,0.1290293922706217,0.0622506044217031,0.1524918739836412,0.1834823515340694,0.1135254889422265,0.1167108987844518,0.1160545993273484,0.1240068304820458,0.1114620994201975,0.1032763477335408,0.1686835955963912,0.1628440666095418,0.0809497255184642,0.1570839496669132,0.0873785755047119,0.1835935243042901,0.137831914100008,0.119928167153143,0.0883688273416446,0.1487468900784092,0.1809846591027748,0.0928933507994204,0.1817035948599009,0.0942870719107051,0.1252581951119745,0.0909453738147832,0.1552590743006627,0.1679308255448585,0.173304295838046,0.1799236251532976,0.1217236584081699,0.110992203509794,0.1942085683867391,0.0907132368059297,0.1509509983252061,0.1699093189990813,0.1833500374257121,0.0705485907112141,0.1745793774422312,0.1654201115990714,0.1795310970483433,0.1050958653388126,0.1295407720616662,0.102215755038673,0.0846121088351588
0.0829994787054642,0.0659996611221669,0.1450139016973275,0.0920055072120059,0.0691279771903382,0.111175344502563,0.085968275443034,0.1082659419067939,0.0674286267830481,0.072729435254706,0.0770542447783446,0.0826632989212586,0.0686036889446586,0.1278186828507562,0.0636457576734664,0.0926593329287838,0.064381665071054,0.0991234893447251,0.0,0.0752371162537015,0.1216565408940233,0.0757138729452127,0.0617578906684302,0.1035545053138822,0.0737704430363852,0.0679762733507626,0.0838314196116741,0.072880950199686,0.0857530346377908,0.079346158426193,0.0615173384169434,0.0860344659709913,0.0547997530961362,0.1460161971477031,0.1239525189837363,0.1107624166886831,0.0633679874043662,0.0779224726991932,0.0554198003580814,0.0578199948246501,0.0992490968351564,0.1173598413710639,0.082981264620223,0.0749493992173302,0.0890384878158417,0.0779331910556243,0.0757439973885629,0.1026143612093976,0.0712509590999325,0.0786521934553024,0.0856102341913249,0.1118703034977146,0.0875136288638865,0.100563386499006,0.1155451855010984,0.0779620016811351,0.0967932959156082,0.1043075077043809,0.1082216012236068,0.0605555874719441,0.1097817328559746,0.0702516606430091,0.0770998872939828,0.0797812668501799,0.0720950884283312,0.0956868545088653,0.0894110398904244,0.0766181195319119,0.1136969493247825,0.0734841663624011,0.1161297254133592,0.0759863970526369,0.0781414663684846,0.0729368715888661,0.0916919935346,0.1122256100446367,0.0583163113498844,0.1371249685705083,0.0648769497101396,0.0889529146645664,0.107309937629439,0.1337127269079328,0.1027788525202189,0.0972303206663133,0.1261158903849293,0.074015562092516,0.0762428340820488,0.1211285182019381,0.084949812317777,0.0821694916244889,0.1050950752613498,0.1108230297645432,0.0887008056569936,0.1033892903122256,0.105470619799702,0.0982755409809286,0.0586113175418008,0.0682749773048958,0.0691836662701292,0.0900112209795175
0.0933579843653089,0.1047128981509971,0.1700242823947287,0.1231892522767063,0.0828268614279786,0.1294354779317376,0.1285149351205232,0.0988276440629111,0.0684683633563202,0.104294541641161,0.0869203139974426,0.108268170862727,0.0595721222892267,0.1355581926698554,0.0919370134733877,0.0628944632258086,0.0670392809666019,0.1076807863794037,0.0752371162537015,0.0,0.1324770783965125,0.0860045715949707,0.0693782614886086,0.0708566784146865,0.1105401006514701,0.0630756213861937,0.0699903442470388,0.0643501626973342,0.0933896740462179,0.0491663430288262,0.0704073700105687,0.1100082926989576,0.0851162114785165,0.1678880346378272,0.1196025982587262,0.1440342970225577,0.0810771405636836,0.0623367997946188,0.0635783410755194,0.087103122759146,0.1126295864692275,0.1113555905912537,0.0786503714629698,0.0647982044661921,0.0876600743818998,0.1098090936649134,0.1003448484611931,0.1358998769084136,0.0960121742415256,0.0720430905330439,0.0843687745379534,0.1200577561421134,0.0742658629311639,0.1133317650689782,0.1372570821265263,0.1066707763100263,0.091206126858716,0.0616908772970476,0.153257849989728,0.0665487859599689,0.0790178490386427,0.0875614649718377,0.0756461940737185,0.1040679688713104,0.1069390955315501,0.1188272345588196,0.1283564823535149,0.071693763933963,0.147467646230185,0.0867754133387991,0.1159934163180749,0.073809430993193,0.0858517476839971,0.072472884622057,0.0766060949328031,0.1369337497857465,0.0763276305390692,0.1324747282736752,0.065649688513403,0.0856573625978201,0.1334907420665868,0.1626226947705673,0.1042553577195895,0.1228021611239925,0.1608939159913716,0.0864358567939855,0.0651000451663099,0.136172746916508,0.1101638422168181,0.1152806567308437,0.0968805279696774,0.1387431737297638,0.0754576727826554,0.1121598767488294,0.0901797350289984,0.1229452668101026,0.0751036081512871,0.1092840561683309,0.0777790680653468,0.1003102060183951
0.0830027084570016,0.1510559241680799,0.1401569130354421,0.1661026528866112,0.126540463846528,0.1351788857770023,0.1434575883136832,0.2000642790489716,0.1046695424532524,0.0845170015921709,0.1108209364834498,0.1140500080079622,0.1393856724285215,0.0723711307809703,0.1087524987807512,0.176032604083654,0.1199018431724843,0.2015292097607599,0.1216565408940233,0.1324770783965125,0.0,0.121903278827667,0.1115693843527172,0.1116962348425842,0.094601778526048,0.1261959409115663,0.1320400625082411,0.0959735074493242,0.1036948062584192,0.1140328406984019,0.1542313751222699,0.1294308019684454,0.1342057288149893,0.2589601972028884,0.229937509823674,0.1573008643282961,0.1366758209555175,0.1093761055003731,0.1052582690188184,0.146293558136235,0.1560489591854644,0.1250000633398915,0.1822445840471544,0.1193502374341581,0.1162635683437986,0.1312407704478417,0.1830879500674697,0.1742670898066305,0.1006261539054515,0.1301077291632055,0.137214455292029,0.1636703559532845,0.1300524440270252,0.1693817556634224,0.1267101041635911,0.1231748468729789,0.1959232457371108,0.1189395155811481,0.0999307777008598,0.1054247238492816,0.1938556401677499,0.1311535700559096,0.115717116581307,0.1521261690288008,0.14866658685664,0.1174462248924526,0.1077921033419458,0.1720732089115612,0.155734671945588,0.1567948786036294,0.0644248473316311,0.1044717491911341,0.1167068232405801,0.1702673841275,0.0939161795104002,0.097420769175552,0.1308332324575625,0.1088281072209784,0.1378420167956665,0.126335971477165,0.2022502747832249,0.2025322206855746,0.098422668603143,0.1011431566596617,0.1555030244948982,0.0967516873185493,0.1532768336372238,0.0914103276097777,0.1766839664671572,0.0981295568594712,0.0759761835530339,0.1117062263931411,0.1728209680205956,0.0651650795913675,0.0900005283475969,0.1065868828141166,0.1200626621179524,0.1165502425368297,0.1231604692643854,0.1742533712908134
