0,1,2,3,4,5,6,7,8,9,10,11,12,13,14,15,16,17,18,19,20,21,22,23,24,25,26,27,28,29,30,31,32,33,34,35,36,37,38,39,40,41,42,43,44,45,46,47,48,49,50,51,52,53,54,55,56,57,58,59,60,61,62,63,64,65,66,67,68,69,70,71,72,73,74,75,76,77,78,79,80,81,82,83,84,85,86,87,88,89,90,91,92,93,94,95,96,97,98,99
0.0,0.079573222294337,0.0692435841191246,0.0906182346399392,0.0505639631412323,0.0645175599628966,0.0857753062978983,0.0538783132703161,0.0535579468952495,0.051050119334123,0.0598913294205135,0.0755384595388142,0.0582398069850858,0.081539888198327,0.0727270967625649,0.0674645501701196,0.0768630314346643,0.082912386812613,0.0664739658007567,0.0913041728616855,0.085948013946289,0.0593659088115557,0.0645613493510446,0.0693423432826853,0.0675401468620605,0.0854898211213311,0.0806818663139842,0.0641854107896226,0.0639924098872311,0.0598189902015462,0.0750109129641048,0.0744178482933872,0.062588979006201,0.075335781061798,0.0881200799997542,0.0611984156610265,0.0610971939913082,0.0695428887861358,0.1142482875622987,0.0589361193042014,0.0649641904655969,0.0760824724440886,0.0550421535081579,0.0726956775090137,0.0678956373907329,0.0900486883183087,0.0852552009678937,0.0912671984303967,0.0661268095596268,0.1252059062343556,0.0890107289741931,0.0885163714291801,0.0906615055830665,0.1049957499858192,0.0420990063393417,0.0548192613744972,0.0553205554708683,0.061682455671886,0.0634106866982439,0.0794916947340392,0.0946915206549814,0.1039345506254166,0.093886354589743,0.1242926397608179,0.0653543301365966,0.1057326346916381,0.0765753496661276,0.0760153612667805,0.0799881299168349,0.0892667078567933,0.0687893149363164,0.070372099817596,0.0714554626274723,0.0843161342937307,0.077289919409571,0.0653645054969838,0.0751585970906693,0.0652194075495642,0.0596079710879169,0.0902398021828896,0.0778852978188222,0.062951783512944,0.0645980832253821,0.0574599396345198,0.0666646944400755,0.0546712963530336,0.0822897262227053,0.0715231843518438,0.0574683216647649,0.1082624612072091,0.0740387020563862,0.1135404485129918,0.1013282940758215,0.059680905314343,0.0887250850217737,0.0623851245369683,0.0881188537395015,0.09050325192989,0.06483270192667,0.0739522778199657
0.079573222294337,0.0,0.0625869259972296,0.0761114751237031,0.0616540155059439,0.0718600549484973,0.0799594487039021,0.0793683181924823,0.0545784192638136,0.0690197208818037,0.071540242002787,0.1046428320333275,0.0833210130606313,0.0976146226587876,0.0768177928102712,0.0679301991754884,0.0858805022388633,0.0590038857498669,0.0845829543381692,0.0707390758943049,0.1224195284379934,0.0735504363416924,0.1000847900645956,0.0762894455757687,0.0964285220239303,0.122748597233576,0.062968868214136,0.0693703082605333,0.0601683521714965,0.0760003516586995,0.1081500398663996,0.0856481266510344,0.061277993785628,0.0711861051587251,0.0831571979998459,0.0640619826835859,0.0896351525140773,0.0686989221795041,0.0926286081913723,0.0590170356600728,0.0880735468034112,0.0973365945281261,0.0626780304939598,0.0547661332929537,0.065023516105326,0.0874496428419704,0.0833252455985747,0.1214927247060831,0.104260153743591,0.0991816945605951,0.089566722736404,0.0746890931822848,0.0741090118493681,0.0863019516765896,0.0580272983248305,0.0558340573168829,0.0586186515480564,0.0623396298352248,0.0531590369400494,0.0954798657995806,0.0850259615960812,0.0705905881537914,0.1015195996436877,0.1174272653710655,0.0780318813242103,0.0977569259122618,0.0786416186919292,0.0744078370835638,0.0797345710562209,0.0841377648262854,0.0972881888464672,0.0880963253747878,0.1124558793372183,0.0970523045581535,0.0658101765265578,0.0909536786923783,0.0861118366822922,0.0583008242546451,0.0619179173602116,0.0850951294768615,0.0701893000984893,0.0597331083734828,0.0724756790951698,0.0714079516265398,0.0771176572092681,0.0831207557952059,0.1096388426733052,0.0810947872190162,0.0771029592384563,0.1407989533430969,0.0812088581024222,0.0933336948329045,0.0781635596691416,0.0945697969259583,0.1003096964829349,0.0671483355332217,0.0904693474244387,0.1221088921887399,0.0879145327109133,0.0747641975093075
0.0692435841191246,0.0625869259972296,0.0,0.0788137063383633,0.0516913802892546,0.0843049723633274,0.0745832259946768,0.0651714668277978,0.0483909527460053,0.0674103958306263,0.0600982092107804,0.096774892575127,0.0883263237859217,0.0963712920264862,0.0730537566588472,0.0740777501466836,0.0954516905379906,0.0532723518019328,0.0898879691688773,0.0680310618922336,0.1178942324834979,0.0704886015678529,0.0991658277483245,0.0910394677169206,0.086475705639734,0.1177101780505867,0.0719915204026529,0.0697926957997486,0.0620799749702021,0.0810976360182226,0.1023855872364932,0.0669399283565115,0.0527890887667039,0.0637318607564382,0.0848367565726109,0.062016102518365,0.0888514829272282,0.0684192074429601,0.1013760337578838,0.0752413362859859,0.0706381445129535,0.1004887774401983,0.0736225624465088,0.0683129641841825,0.0822819934511543,0.0888204145092597,0.0741623791723984,0.1188175535183992,0.1042979153559561,0.0925931773111166,0.0992969729691387,0.0676307104670803,0.08890727325087,0.0814404881817526,0.0566764243460746,0.0771803113064947,0.0655571636932177,0.0536583951029513,0.0698694684951458,0.0902039733276876,0.0994043945189676,0.0763440628841133,0.080967791704232,0.114562235000501,0.0763642052476752,0.1149054588362761,0.0566740450084028,0.0832505510981958,0.0670565344346129,0.0902975196796982,0.0999904629315508,0.0663240344481748,0.1065697249035363,0.0948286408472854,0.0576653162206546,0.0823530347914049,0.0884288284301347,0.0614076335277218,0.0627875411592702,0.0838176096448653,0.0763619877980819,0.0793420748174633,0.0669926794124792,0.079799827069791,0.0555481714345303,0.067383301627211,0.0992929239522726,0.0535887767775388,0.0722544703737943,0.1332923504755358,0.0741247315575439,0.0964598971868256,0.0903578094864588,0.0934387714301813,0.1022427772553576,0.0797344189824376,0.094519282160156,0.1227709419873363,0.0861342261906441,0.0585795253937699
0.0906182346399392,0.0761114751237031,0.0788137063383633,0.0,0.0716789301377911,0.0782419667131233,0.1209205466149702,0.088954581388561,0.0754839118356943,0.0986370943373699,0.0955459410600098,0.1161810915401247,0.1113264109416663,0.1201251560282423,0.1106999857642315,0.0824419526958272,0.1105893773202524,0.0704920195699124,0.1036452343723891,0.0998551053606835,0.1312531118061803,0.0815919538685762,0.114488923002479,0.1005994547368975,0.1072468621147991,0.1039302763287137,0.0996484134063427,0.0951562854081762,0.0971399901166407,0.1009582080892008,0.1263403107625416,0.0937475790128784,0.0788111920455882,0.0678811655745561,0.0773930596461221,0.1026681277688556,0.1144922893469609,0.0947515694879134,0.0817258958401151,0.0825701144321321,0.0814507288628722,0.1121241034925088,0.0941710884267272,0.0785306930508017,0.0863869203408829,0.1306353757680158,0.1045609528635529,0.1156409332617257,0.1298764275237487,0.1267825605122393,0.1320307201821433,0.0892286798911964,0.0972737664077077,0.1054844045216792,0.0812045002195443,0.0797389143749121,0.0816480876164969,0.0866314716314539,0.0856124116905923,0.1237150601338502,0.1031394911514224,0.1101858331925171,0.1271260124533987,0.1525126449836831,0.1001593797806577,0.1434485832114076,0.1016760525924568,0.1063083437914371,0.108960751440565,0.0873093871291659,0.1063653614765456,0.1020722569234999,0.1235827884438265,0.1360618157146443,0.0979770285587336,0.1033550440553282,0.0891257699163272,0.0979882396458986,0.0875978114488782,0.1166073222792965,0.0974626530930631,0.0978039220908302,0.077476352312547,0.1029065315979812,0.0951602488609695,0.088107743987863,0.1088947354734481,0.1024887824992624,0.1003122794130271,0.1540383417972481,0.1115218480979397,0.1304038174586848,0.1219078542712449,0.0845365429059157,0.1268582128867126,0.1013869873775099,0.1233418323585385,0.1304500840929488,0.1113493702908547,0.1047471693758767
0.0505639631412323,0.0616540155059439,0.0516913802892546,0.0716789301377911,0.0,0.062962920239983,0.0726481828622591,0.0531444119507095,0.0380806276621591,0.0596069973161854,0.053142831621701,0.0883267177995967,0.0712178733955129,0.0883932225992451,0.0742427565745402,0.0650363505141882,0.0866911947784346,0.0547078066415802,0.0776604666415805,0.0738934484798451,0.1034361239124919,0.0559023882035047,0.08060629483487,0.0753246459887299,0.0737821840100105,0.1004506937794351,0.0766278016112503,0.0588995125707308,0.0542859424939825,0.0680761691822319,0.0876154476033458,0.0659295456268164,0.0529926987734761,0.0603869191320246,0.0725872860816266,0.0662468026039366,0.0711599153925271,0.0656365426515339,0.1040608659801428,0.0546955323860945,0.0634026856089984,0.085249837989686,0.0568381350840542,0.0611944198586879,0.074854657699717,0.0810594318652026,0.0727048012535176,0.1063457168024284,0.0935327023584282,0.1002283997947462,0.0969656319198081,0.0716300534268241,0.0773624268450416,0.0803864269210422,0.0470832330693719,0.0526024874066825,0.0573722407959113,0.0552876398771351,0.0600587384444255,0.0873443540901377,0.1027943420814323,0.0855004188253702,0.0834094910165649,0.1120151386122121,0.0647309923943335,0.10491110450084,0.0558455509019118,0.0811799877684706,0.0680496935408641,0.0775966320970544,0.0793931987308033,0.0670926565409899,0.091796131888378,0.0889923681993066,0.0582237362975171,0.0784732142410174,0.0780734472091911,0.0579338631804212,0.0532032300621807,0.0788761460302348,0.0735477777654681,0.0703663145073004,0.0576018886895003,0.064072895055253,0.0573635017531274,0.0601102360110591,0.0909237016219333,0.0584432763254585,0.0616624120588176,0.1233350215592177,0.0768657086204545,0.0940819590808306,0.0875594201930139,0.0703097463204718,0.1005785070713814,0.0657309423782804,0.090111143148789,0.1065671788712973,0.072333253375571,0.0630713856355425
0.0645175599628966,0.0718600549484973,0.0843049723633274,0.0782419667131233,0.062962920239983,0.0,0.1026268098037117,0.0631631215108478,0.0663424858098946,0.0705394783861471,0.0732954801364925,0.0759249919976498,0.0687676598285525,0.0734566328091954,0.0780536739390862,0.0705261970739088,0.0673843120581284,0.0812891871660025,0.0618530974042992,0.0983603716439814,0.0793597256664287,0.0542988138842895,0.0770549973826062,0.0570205379230012,0.0781136936464621,0.0870896932122975,0.0822259063770993,0.0680170754620733,0.0682215842663521,0.0529521059517478,0.0933295973645702,0.046881677047654,0.0762316967030111,0.0807317976399286,0.09317891901413,0.0793597151708281,0.0601090572268602,0.0829424526517518,0.122172161217159,0.0738043226534956,0.0676671160038384,0.071226430167383,0.0685460091457829,0.0762145079735275,0.061330510812674,0.0892161877870898,0.0840731426605092,0.0881161263557054,0.079538401692568,0.1246199880545916,0.0899856771755035,0.095062831136964,0.1038254803034011,0.1199104768132312,0.0675218061337408,0.0526361980201069,0.0707327856575498,0.0757706186005617,0.0631157493171404,0.0827765534978306,0.0682047550140652,0.1056153871721657,0.1100370951046881,0.1222653599151697,0.069506250065082,0.1034336300709877,0.0917381226506193,0.0763930084746327,0.094380491819564,0.0856991205225564,0.0831208210710528,0.0716130320838025,0.0859719837527902,0.1000969522699754,0.0866150926246767,0.0631814748592155,0.073978622159632,0.0690130317257528,0.0767743571939783,0.0959942275803513,0.0722011110477386,0.0808139385644734,0.0666728493019503,0.0810975284354704,0.0901214538304046,0.0742163460664731,0.0887696804271832,0.0872302582770672,0.0854364865465371,0.1039571441619044,0.0832722533773886,0.1147147238701772,0.1022876134600859,0.0573253311600825,0.0881491204461858,0.0610462297025338,0.0825254357755601,0.0967668104962631,0.084833946487921,0.0966804023415576
0.0857753062978983,0.0799594487039021,0.0745832259946768,0.1209205466149702,0.0726481828622591,0.1026268098037117,0.0,0.0905826462271219,0.0597473129753769,0.0770708555013539,0.0696455731755315,0.1240766949160875,0.1016816623558456,0.1093407416202745,0.0919020438810794,0.0914136546294293,0.1125674579787698,0.0899557158191242,0.1036277237924069,0.0560670025958115,0.1435759518498506,0.0818126498827386,0.1243370782801662,0.1055026384503526,0.1133853212498047,0.1557152571471836,0.0838857459627075,0.0856594451828163,0.0631687012639318,0.0975188050287337,0.1326491689967206,0.0938414089622345,0.0589608031410177,0.1019214257275512,0.1091158451326632,0.0545187999310004,0.106161468492092,0.0807112032086095,0.1250571998109411,0.0817123063411732,0.0975806111253887,0.1261602514785662,0.0759056778319812,0.0915169258302163,0.1098664314392314,0.0696875059519331,0.0662899924148676,0.1528132842753148,0.1135006392040874,0.0845370868511516,0.087822970161816,0.0828993846899767,0.0675136188294081,0.085786915220455,0.0714694394003277,0.0853659272882105,0.0908932593780004,0.0759774744184008,0.0809184116057798,0.0974480021722781,0.133813755644535,0.0685815519031254,0.0707246841877368,0.0825508363876455,0.0824385671799963,0.1003069209335766,0.0632874217344039,0.1131761858092287,0.0531608504837656,0.1180186628260239,0.1303406946316405,0.0990574220643184,0.1343436231386553,0.1018479644269775,0.0576669066400425,0.1174392660902709,0.1317164362206045,0.0623974191951125,0.0745863703852406,0.0640247443877052,0.0831938293893474,0.09068913661382,0.1024422894619315,0.0870939895133628,0.0766755289566941,0.0922054309627828,0.1322896850762394,0.0676959922040419,0.0931969958989543,0.1627707053315502,0.0747349249218085,0.0661390822461598,0.0741312102218584,0.1255235576696558,0.1202169505132054,0.0905156668736897,0.0856347010753501,0.1393237701879814,0.0985279094260484,0.0536453170791608
0.0538783132703161,0.0793683181924823,0.0651714668277978,0.088954581388561,0.0531444119507095,0.0631631215108478,0.0905826462271219,0.0,0.059224408548402,0.0602668948606009,0.058263305064633,0.0557731090628947,0.0610160109012844,0.0669436086845801,0.0714678983733333,0.0712926399898681,0.066887913565239,0.070100115793617,0.0738188473662752,0.0900300421302004,0.0772240289193124,0.0634218019124207,0.0671359105599292,0.0767914917682064,0.0716882887039563,0.0792575231743509,0.0819611881950937,0.0635781298503953,0.059980932322226,0.0595707926047867,0.0721683814396277,0.0640631172571685,0.0598491225190114,0.0817646505662838,0.0965259811760921,0.0740771688417317,0.0632209086794922,0.0792558326141836,0.1229182257927986,0.0759380572503719,0.0751098230774069,0.0623458987202259,0.0702300470580712,0.076225598373977,0.0864430548270751,0.0807995490981775,0.0709904085945712,0.0805433714018044,0.0705395430306865,0.1174484325412831,0.0841945619721113,0.094124912156126,0.1011916487493258,0.1123325025065952,0.0606541087444805,0.0638175596696645,0.0563925560781247,0.0589905102010772,0.0654001620651954,0.0701289798654656,0.0951092876558966,0.1018554841284438,0.0872184944674376,0.1132538340128064,0.0610256902549676,0.0942773837202139,0.0743557051918542,0.0821611480211595,0.0802258338950786,0.0933144443271537,0.0683658473312776,0.0627514919494089,0.0679342938487922,0.0759722598159997,0.0741772892139274,0.0640965460361617,0.0731945786439764,0.0681566111410188,0.0724796466275581,0.0842230432781659,0.0592519430030581,0.077577694415757,0.0693797187295867,0.0721298315851534,0.0754027492489018,0.0507474568467725,0.0853685270793649,0.062034234468311,0.0741700420262466,0.0899174806115661,0.0783635111215616,0.1059252890871283,0.0991612011999819,0.0665794003404873,0.0753514015011239,0.0578397605354203,0.0749464266275016,0.0813825002453039,0.067974284734885,0.0763194445481211
0.0535579468952495,0.0545784192638136,0.0483909527460053,0.0754839118356943,0.0380806276621591,0.0663424858098946,0.0597473129753769,0.059224408548402,0.0,0.0511813875118498,0.0445266591003637,0.0941895457082118,0.0769773464652116,0.0880756499091852,0.0745609812292983,0.0649055768785553,0.0837425282207113,0.0541124949041794,0.0747962882838345,0.059599391574511,0.1147854661398599,0.0487596452327182,0.0886601485494333,0.0772090459135498,0.0768316227580173,0.1157175551844954,0.0614284972285161,0.0521477125175025,0.0470176389033942,0.0649326882047826,0.1017501682830299,0.0677559623685187,0.0396855108735144,0.0639991183702188,0.0705757091331344,0.0466100436593333,0.0784352527670297,0.0591450586029529,0.0955209163477229,0.0477631263064351,0.0569331585069317,0.0884420346820609,0.0502037955955707,0.0557347332856798,0.0717599057945038,0.0757192383581491,0.066285142257062,0.1204554987622065,0.0915220499491324,0.0838333245276939,0.0905070718375921,0.0646261601216437,0.0668485128009459,0.0712508664873438,0.0378021353443727,0.0570149391005572,0.0557901535310546,0.0390674282394866,0.0599671657370021,0.0857854897418971,0.0963038184968429,0.0687518125105982,0.0805289743020912,0.1073369294161542,0.0548156473619667,0.1035370789151834,0.0543261526018496,0.0766072420378913,0.0508593054202513,0.0779564102088323,0.0903193679924947,0.0659522989334013,0.1005905397496665,0.0913727259439064,0.0441469034303929,0.0873763438347784,0.0849640775557666,0.0432443049943196,0.0476035014689699,0.0673082936303753,0.0710593026666178,0.0640054543367551,0.058001366752319,0.0639803332382563,0.0483412437542366,0.0577156239962463,0.0914101468940941,0.0521449353539873,0.0552488162866285,0.1336049028929825,0.0589447402456995,0.0848713761908149,0.0689168256862201,0.0837337269381178,0.10278094308587,0.065782829862479,0.0814511044908296,0.1169024726448057,0.077540393729552,0.0457460173164002
0.051050119334123,0.0690197208818037,0.0674103958306263,0.0986370943373699,0.0596069973161854,0.0705394783861471,0.0770708555013539,0.0602668948606009,0.0511813875118498,0.0,0.0448975766013482,0.0806132733681583,0.0734161987432605,0.0851072699561221,0.0714571862297412,0.0655349822540491,0.0876795418261217,0.0696946085377121,0.0672316840706141,0.070373245228047,0.0982202469297591,0.0618704518314222,0.0808561229713795,0.06885063527053,0.0749688017545704,0.0970678828619187,0.0752903152558619,0.0571826462652846,0.0523739146263005,0.0527247568219078,0.0742429614611972,0.0681485648376595,0.066990201391182,0.0743279075569678,0.0868869748157527,0.0570353163932759,0.0587386886984544,0.0506059155001575,0.1110467027486151,0.0504331018865791,0.0654423701941028,0.0780014018650143,0.0425479428529841,0.0582716305247522,0.0694388194246612,0.0742106866875313,0.0784985144415015,0.1131008485793424,0.0737064664011273,0.0978166536415396,0.0867752237498019,0.0706060144721438,0.0914871803420094,0.0928534312640846,0.0501555223546364,0.0618695360312204,0.0539722811109444,0.0516699091030281,0.0636787485453294,0.0805581835617004,0.0911560719934307,0.0778281784694776,0.0920433960915125,0.1181395303250565,0.0521967469870265,0.1086101662319397,0.0629923070691147,0.0656277043921527,0.062131189092811,0.0761659845037043,0.0762093930775359,0.0749155195489036,0.0857178311587902,0.0759840241286095,0.0575162941434737,0.0639431464247358,0.0784024522614045,0.0563545352265445,0.061387650375641,0.0821400578701261,0.0821115685001698,0.0556644038568143,0.0582542770935649,0.0505715788796417,0.0637338937583717,0.0600084633512468,0.0837817575844044,0.0684060856314724,0.0433957658901261,0.1177612842949699,0.0659848445481281,0.0942363253327957,0.0787200377112457,0.0717175348615717,0.0961789422916406,0.0565834459937195,0.0833717678896586,0.1035255459667641,0.0725325144150163,0.0663902858635849
0.0598913294205135,0.071540242002787,0.0600982092107804,0.0955459410600098,0.053142831621701,0.0732954801364925,0.0696455731755315,0.058263305064633,0.0445266591003637,0.0448975766013482,0.0,0.0829289056336569,0.0709521436740994,0.078622870550403,0.0714037761816369,0.0808340356954042,0.087440311816687,0.0594425076876961,0.0792476125495451,0.0584894973198132,0.1003146314321963,0.0603752012473027,0.0901457275951361,0.0884792520487266,0.0867727791031379,0.1062144641873725,0.0610668625257743,0.049369139150814,0.0383525307097425,0.0660280102438105,0.0911838829669633,0.0581746228869182,0.0506858764689993,0.0819549096404089,0.087498676412897,0.0646229808227659,0.0652124124405007,0.0691059068743875,0.1146340037834867,0.065636942750904,0.0720263513805548,0.083639745125458,0.0533275399480007,0.0657125184981749,0.089859082773914,0.0637240368192586,0.0554026119854124,0.1214966875696928,0.0869318456849971,0.0800239411895661,0.089546272729147,0.0751941884768469,0.0854188725662324,0.0897378779917494,0.056309343242402,0.0636917691549918,0.062187291613551,0.0520343965693233,0.0590813748035729,0.0787182171665553,0.1007787188686092,0.0642943946808367,0.0644550299431499,0.0935727318196578,0.0461157919679806,0.0966169309328319,0.0498250332211301,0.0764278961703126,0.0562236447891949,0.0775122776299488,0.0853417449467656,0.0664043494574635,0.0947069567183937,0.0769224339214146,0.0486541344361797,0.0773531574907968,0.0902014907270449,0.0590621159125773,0.062321677111268,0.0593447819075917,0.0699681320165462,0.062141850030922,0.0576470394521535,0.0685286559948843,0.063166184977454,0.0532511338725264,0.0989082454676064,0.0502274919895758,0.0549078606156798,0.1178478844879639,0.059036655973467,0.0753381426350785,0.0722365428783055,0.0810315657031311,0.0972718099575701,0.0649137302791726,0.077309135686313,0.1074282110468193,0.0803528940254549,0.0608077546630495
0.0755384595388142,0.1046428320333275,0.096774892575127,0.1161810915401247,0.0883267177995967,0.0759249919976498,0.1240766949160875,0.0557731090628947,0.0941895457082118,0.0806132733681583,0.0829289056336569,0.0,0.0727621134077471,0.0570546522753701,0.078379186921278,0.0930648835320073,0.05464292761286,0.1019785887528485,0.0725999586855209,0.1260309646042933,0.0489207934409792,0.0891001887925006,0.0601445729848679,0.0806938446805508,0.0660867949202995,0.067404462187387,0.0936477528450469,0.0866179062932558,0.0864439902224434,0.0619552119789398,0.0690209303239799,0.0750973371900317,0.0964304287985002,0.1052649950212334,0.1283403561431924,0.0976896233822028,0.067907242562976,0.1075586809406407,0.1507824752340386,0.1061604777580509,0.0936257191893069,0.0670730617032931,0.0896482933812572,0.1038967026905615,0.102610972835084,0.0925244767777397,0.0948918359089038,0.0716023554990936,0.0552060583158726,0.1443324681342477,0.0921002504763794,0.1316741919302825,0.1445154945059019,0.157070846996998,0.0933964079099761,0.0844549576273325,0.0759990607992264,0.0896914667247042,0.0843759812649865,0.0589829406974505,0.0954805407311607,0.1325909607984441,0.109006386704225,0.1342460121704448,0.0846111127888873,0.1000611988717167,0.1051939333208023,0.0905343894436915,0.1133489362115084,0.1192693335917188,0.068108558023991,0.0684162122161582,0.0510918742661725,0.0645200372233894,0.1098489453109056,0.0629022339441367,0.0771963903223328,0.0948373784347849,0.0909241088294583,0.1111432519128422,0.0714811952812729,0.0852390654898484,0.0789588849822373,0.0944095875323155,0.1053383782818103,0.0615668453140863,0.0841088949942421,0.0824049556653087,0.0794736750983088,0.0514426187788025,0.0915568741602213,0.1318720569526804,0.1251234652646588,0.0644824647542963,0.0616203925631942,0.0639813940580148,0.0842282873474176,0.0660036904624546,0.0687730419124563,0.1076119071160153
0.0582398069850858,0.0833210130606313,0.0883263237859217,0.1113264109416663,0.0712178733955129,0.0687676598285525,0.1016816623558456,0.0610160109012844,0.0769773464652116,0.0734161987432605,0.0709521436740994,0.0727621134077471,0.0,0.0602521204663992,0.0505986716247395,0.0943409844286983,0.071145498146125,0.090105268748752,0.0873392459772354,0.0973828470241603,0.0711458303517332,0.0770462892066167,0.0678910392090859,0.0700548230891603,0.0795605053064957,0.087477795562317,0.0717064778636873,0.060340764051984,0.0598247072643805,0.0589660428250714,0.0821764939649019,0.0730307438463244,0.080554174441148,0.1088445949866074,0.1159700501249252,0.085051653526247,0.0472007735205074,0.0922856580793179,0.1416678359708968,0.0849544825108326,0.0989783121703056,0.0627488196613159,0.0780862940935945,0.0747760216035048,0.0854511464609212,0.0717102809240119,0.0796436278841444,0.0833738145181254,0.0628029100774715,0.1314915348248235,0.054079344568519,0.1185484871989812,0.1224793320962589,0.1325239436558814,0.0699181603379187,0.0555077436512692,0.0713094515533909,0.0848957269175242,0.0517340900735235,0.0551290458720194,0.0779297728855369,0.0931782890832116,0.096201768123657,0.1028522042233094,0.0673475961827426,0.0720931511766756,0.086225940091494,0.0771936205139487,0.0879149108462674,0.1025436076605932,0.0635439038797104,0.0671256878832792,0.0807616581844588,0.0792842081948736,0.0885918594438006,0.0751076567209616,0.0831472724838877,0.0856494434181763,0.0821650812777277,0.076556032086384,0.0618436993342316,0.0715913533412138,0.0818901285270747,0.0874209869705036,0.102619376800579,0.0703393487473969,0.0986766666799495,0.0745053087381288,0.0853143817463468,0.0931631279467582,0.0643267569920041,0.0995838879719965,0.0839685423253225,0.067401173620942,0.0672428849889043,0.0682584993510293,0.0606069463959115,0.0625466783033784,0.0917368952284508,0.0903651937853198
0.081539888198327,0.0976146226587876,0.0963712920264862,0.1201251560282423,0.0883932225992451,0.0734566328091954,0.1093407416202745,0.0669436086845801,0.0880756499091852,0.0851072699561221,0.078622870550403,0.0570546522753701,0.0602521204663992,0.0,0.0632464362286023,0.1012032588127627,0.0750614925438861,0.1000477558391891,0.0844139621940153,0.109461832945108,0.0537708649631431,0.0837735736394967,0.0837209133244218,0.0861154279570699,0.092506963208846,0.0991656488513951,0.0767629527549713,0.080924960033021,0.0691803758567535,0.0664337535255059,0.1070610913468785,0.0639026858172172,0.0886563805843548,0.1179805874578685,0.1324434369021071,0.0916548734345059,0.0616512771579903,0.111045020248747,0.1526054683118234,0.1026669002535922,0.1060761399164622,0.0709569145561934,0.0850733108505944,0.0958881684902109,0.1081763313166113,0.0674732991565105,0.0774265382267901,0.0976601280843623,0.0569210156093421,0.1312693413086091,0.0707982124769401,0.1283126662810118,0.1383709050453516,0.1473703236185722,0.0930083730244864,0.0736506218777692,0.0810766634562959,0.0904113931799923,0.0662990915889864,0.0491394196828949,0.0816135430786563,0.1039694494399829,0.0892286224167963,0.0964721738102174,0.0754822530540909,0.0612624235476365,0.0966862827362953,0.0823825378249146,0.0971535508690183,0.1221012356474116,0.0932858043664568,0.062690881703128,0.0930044161821517,0.0685241133879034,0.0986501420398252,0.0855952203772846,0.0978006247599725,0.0896247477935485,0.0940066302759823,0.0818236996050604,0.0590827659846605,0.0969735334081933,0.0887887117457695,0.1005181899903403,0.1084772269138652,0.0748250928846393,0.1161952612210362,0.0720543141207702,0.095335586478147,0.0793601316707032,0.0676754610220141,0.1061636746018346,0.098626361131215,0.0866090914771853,0.0683576108154552,0.0685806083245696,0.0589824646800868,0.0795823464583021,0.0876886815692151,0.0981271214625271
0.0727270967625649,0.0768177928102712,0.0730537566588472,0.1106999857642315,0.0742427565745402,0.0780536739390862,0.0919020438810794,0.0714678983733333,0.0745609812292983,0.0714571862297412,0.0714037761816369,0.078379186921278,0.0505986716247395,0.0632464362286023,0.0,0.0944770119085278,0.0748670596716323,0.0806853432417681,0.0906067829437554,0.084202936450974,0.091616236417211,0.0819369756936401,0.0898118569047321,0.0824313677070508,0.0816885868746355,0.1082737083222865,0.0585278904984048,0.0590932186252511,0.0587616576148512,0.0682342177137576,0.1004571874863746,0.0641289775297882,0.0740114539127888,0.108069539282904,0.113505946036414,0.0733140192379221,0.0667384852544785,0.0865854394857535,0.1473243829551965,0.0896374812902524,0.0966185606143109,0.0872255106900155,0.0791074575558744,0.067831681121297,0.0943856879235926,0.0481894126839088,0.0615821049364153,0.1046402060768187,0.0741820113525779,0.1069465074854458,0.0509845647286381,0.1110128237880155,0.1241545913259647,0.1279006888652081,0.0746028704383513,0.0661094522029457,0.0794238332450008,0.0749717472991116,0.0520105931703725,0.0529031476936095,0.0891788421705304,0.0733514926621871,0.0709953578563724,0.0851466446834206,0.0764461034290757,0.0732898472102509,0.0821479226605895,0.0735683900240508,0.0825998971050193,0.1039736043153593,0.0912038100582266,0.0572921185723041,0.1025612576957549,0.0719891535722585,0.0776834696932332,0.0744872372180376,0.0986050757601351,0.0753848742028463,0.0751464795451853,0.0645320783598969,0.0599365347095969,0.0771416281289372,0.0817120915470802,0.086584512944604,0.0918914991727651,0.0771370795166597,0.1160442775285492,0.0643038519903724,0.0821582057782563,0.1094423854911085,0.0487630025139168,0.0705539032920695,0.0610597845310523,0.0909428139600919,0.0723271356704148,0.0716835802368265,0.0607977755355212,0.0929840869342048,0.09678355488225,0.0720781199120669
0.0674645501701196,0.0679301991754884,0.0740777501466836,0.0824419526958272,0.0650363505141882,0.0705261970739088,0.0914136546294293,0.0712926399898681,0.0649055768785553,0.0655349822540491,0.0808340356954042,0.0930648835320073,0.0943409844286983,0.1012032588127627,0.0944770119085278,0.0,0.0930162523853959,0.0855341666660515,0.0698894724643154,0.1009263105221921,0.1108624053950875,0.0778320027489516,0.0875325942158687,0.0673043264515929,0.0866811008628175,0.0911119765386968,0.0978995856312723,0.0926064565132052,0.0836599276531048,0.0781780022237876,0.0891897679300295,0.0906839089687767,0.0801042562063752,0.0629188032071744,0.0889020008887095,0.0687110433752541,0.0931533072149355,0.0724185331771841,0.1099616777162055,0.0758992306987855,0.0820205801273782,0.0961398431352591,0.0663617849262866,0.083921876343143,0.0728581014814555,0.109150414563852,0.1071629826996202,0.1019300061640697,0.0890491688892229,0.1316565882055821,0.1085198082518757,0.0913545008913355,0.0824062207914046,0.1076907652637258,0.0579908468730756,0.0703357228010062,0.0513276313094245,0.0719845679583798,0.0793095968998594,0.100677394172393,0.1106355514379761,0.1146843304327969,0.1246205534004546,0.1439826943539536,0.0880296123384328,0.1230948657831813,0.0884637614257025,0.0976096847956248,0.0972405404315388,0.0985110267094057,0.0848868276340358,0.0965296202742481,0.0882524180027848,0.0952743987215949,0.0858449841678939,0.075982540839717,0.0743320748445083,0.0681331602574074,0.0628960580694528,0.1172354097250116,0.0904570668486128,0.0750989439744315,0.0719964545747257,0.0621740347918033,0.0782682521062802,0.0714335397271178,0.0950690818633132,0.0924335521366413,0.0730487383646492,0.1233547417441744,0.1049422856218782,0.1297704656030137,0.1181030228982286,0.0770184649484202,0.1019961516046972,0.0590097461644795,0.1059569071601952,0.1150818309802337,0.0629220895799829,0.0911380247758572
0.0768630314346643,0.0858805022388633,0.0954516905379906,0.1105893773202524,0.0866911947784346,0.0673843120581284,0.1125674579787698,0.066887913565239,0.0837425282207113,0.0876795418261217,0.087440311816687,0.05464292761286,0.071145498146125,0.0750614925438861,0.0748670596716323,0.0930162523853959,0.0,0.1033561711241817,0.0739394065902407,0.1136056670983126,0.0743340657929423,0.0844722989412583,0.0498946533507929,0.0692423446551822,0.0715558073706919,0.0795627011893157,0.0862197738243511,0.0922139311394783,0.0797724946087952,0.0632244365842028,0.0758062769275085,0.0876111113304184,0.0901940505508692,0.1147830325557378,0.1228584235034952,0.08006519963836,0.0724577240749649,0.1117812300077431,0.1534643283767574,0.106620956984388,0.1062427883178729,0.0571270653985551,0.0801961271387133,0.0966902962500616,0.100767267874352,0.0918899733685627,0.0891934403038116,0.0804383107513024,0.0572998355621117,0.1426727182570446,0.0794797091625082,0.1351492434409481,0.1255431753156659,0.1460480346629167,0.086160086074871,0.0666090894912517,0.077926788413504,0.0937932539651116,0.0719086686249708,0.0648441437118668,0.0974828214375916,0.123719980113401,0.1082899909925518,0.1298187165430876,0.0940393540649876,0.0974742653053717,0.1163929789192899,0.0948205096701097,0.1087162498194896,0.1275844371923454,0.069717719932441,0.0843023600635793,0.0605030918659652,0.0836975295303123,0.107532336385136,0.0764142460206515,0.0753658627968217,0.0816221978741765,0.0809603194353335,0.1054119453512961,0.0711055528384871,0.077384867555747,0.0922675971636092,0.0821163491269748,0.1050114667656441,0.0781672333384314,0.0990132898039787,0.0965556195942556,0.0825418976400902,0.0782379861992848,0.0849163453785082,0.1250763444259343,0.1151700060594929,0.081564924055846,0.0516740220878338,0.0592964842120021,0.0746852993065334,0.0650466926800998,0.0752505953527681,0.0996060430597937
0.082912386812613,0.0590038857498669,0.0532723518019328,0.0704920195699124,0.0547078066415802,0.0812891871660025,0.0899557158191242,0.070100115793617,0.0541124949041794,0.0696946085377121,0.0594425076876961,0.1019785887528485,0.090105268748752,0.1000477558391891,0.0806853432417681,0.0855341666660515,0.1033561711241817,0.0,0.0952331412651253,0.0689178611491034,0.1262993653732784,0.0688291537125804,0.1068932748197876,0.0988441360233408,0.0923777224443247,0.1194059893016829,0.0670104737709374,0.0660965630586383,0.0641751085009902,0.0841315752630209,0.1099908469779044,0.0705227376562381,0.056258510004181,0.0676631596072894,0.0732894438260127,0.0839180207409339,0.0888548576690318,0.071014464925727,0.0923474496893945,0.0621912903789746,0.0695674715135177,0.0979247920346975,0.0723765704972139,0.0591197264672121,0.0800816210217029,0.0864272442573144,0.0693643130286596,0.1288118284552226,0.1192591733097955,0.0803790268706874,0.1114087580134231,0.0684117172497704,0.0876177094135416,0.0830683166525573,0.0708435624314543,0.0771428923831175,0.0730087026282793,0.0568190080368,0.0690211024095808,0.100758734795178,0.0890264749678895,0.0655448933769557,0.0821356908921021,0.112387986258943,0.0735686411010832,0.1126823856616589,0.0633867516495232,0.0758377848535559,0.0696106116013674,0.0729309947365144,0.098249085436989,0.076224733709486,0.1137402819365257,0.1041303121419284,0.0561984898806512,0.0908611458618384,0.0865444321687256,0.0727065973691842,0.0703751759741509,0.074727542329225,0.0791808658499207,0.0792194860811325,0.0602230983188189,0.0874846231147641,0.0638307383067656,0.068967700483506,0.1022258886985195,0.0598357423879147,0.0772585881290034,0.1378071324893565,0.0747003968486496,0.090408421710415,0.0799891689961828,0.0903560483057787,0.1100401907466137,0.0875976698591211,0.0951158885240448,0.1283525472598176,0.1034437454353428,0.0714741397464873
0.0664739658007567,0.0845829543381692,0.0898879691688773,0.1036452343723891,0.0776604666415805,0.0618530974042992,0.1036277237924069,0.0738188473662752,0.0747962882838345,0.0672316840706141,0.0792476125495451,0.0725999586855209,0.0873392459772354,0.0844139621940153,0.0906067829437554,0.0698894724643154,0.0739394065902407,0.0952331412651253,0.0,0.1084544785451158,0.0888922171428093,0.0654583724485414,0.0706249704505582,0.0599251731003575,0.0841307384781511,0.0927490314513891,0.0842230763875257,0.085748812247249,0.0767431699895078,0.0605896586012992,0.0798541802451406,0.069342949936007,0.0861913664901407,0.094950874021314,0.1015154878015253,0.0680202542786673,0.0723938617788362,0.0925947800304152,0.1336062874525829,0.0862325267367276,0.0729297659880304,0.0816773192914367,0.0647997110583632,0.0899051851402867,0.0761367509741755,0.0970941321531657,0.0939030513853846,0.09997204526635,0.0691807354670861,0.130304017600315,0.0974806765284346,0.0987877698443159,0.1094308959172939,0.1277796577416314,0.0729926902511699,0.0666405990754727,0.0573375135008396,0.0831124507095517,0.0813747363567402,0.0823939107785553,0.09747343613641,0.1162070474492022,0.1168880862908393,0.1406974214205553,0.0736714197174054,0.1145312341558807,0.0976388488691592,0.0864187353887562,0.0959796347809436,0.102153759659298,0.0909717301156627,0.0887290989639265,0.0772127711318113,0.0892290189493472,0.089072821481128,0.0654949846462143,0.0762369406745989,0.0661421545875834,0.0825245126572809,0.1070836255382955,0.0913313759539377,0.0842326409713817,0.073270693456676,0.0761636409345185,0.0899420912778557,0.0785492173807797,0.0893828547767741,0.092384682713717,0.0693323203012034,0.1024427217653,0.0838719703185259,0.1217964611764655,0.1125467413378359,0.0691450260249616,0.0951882311398214,0.0644878854241268,0.0938911163207988,0.1064576401762639,0.0692328673057473,0.099521086120216
0.0913041728616855,0.0707390758943049,0.0680310618922336,0.0998551053606835,0.0738934484798451,0.0983603716439814,0.0560670025958115,0.0900300421302004,0.059599391574511,0.070373245228047,0.0584894973198132,0.1260309646042933,0.0973828470241603,0.109461832945108,0.084202936450974,0.1009263105221921,0.1136056670983126,0.0689178611491034,0.1084544785451158,0.0,0.1452226321776434,0.081693360652224,0.1266992913823315,0.1057662600167272,0.1155214863710147,0.149973983120059,0.0613048401458609,0.070554393244421,0.0561878056816149,0.0932809127701938,0.1306595460533776,0.0842697066736158,0.0489003709047038,0.0998073802922171,0.0977780190413806,0.0680756342322405,0.1021943309332261,0.0793141918312202,0.115562296948415,0.0746814957163801,0.094875579230487,0.1199505046523028,0.0772730145386988,0.0749223022806052,0.1008691812459266,0.0725457423597336,0.0540787623303819,0.1522496010531397,0.1217538005318765,0.0667494238111083,0.0949224250517221,0.0736905399257987,0.0808134045269742,0.0843514542742139,0.072242171465612,0.077321714003804,0.0868685195506469,0.0645912984908957,0.0658238714712115,0.1005418049818682,0.1133379847521913,0.0462997413325143,0.068151843516945,0.0720696139462293,0.072615326667432,0.0972005663399846,0.0628435656261643,0.0886461555319269,0.0507921789137232,0.0975863046415845,0.1203258940176193,0.0960871045689498,0.1397750557765358,0.110614946657346,0.0574372371677672,0.1123102080745815,0.1221529158140454,0.0748927077471735,0.0788271800581796,0.0502371611689666,0.0744450079470451,0.0833851579186569,0.0865624237853983,0.0964950581820981,0.0777201524436372,0.0919860087345431,0.1296453400030734,0.0669905282523705,0.0893185221864712,0.1632528942367451,0.0678141061813315,0.0558130452793535,0.0579445361567147,0.1204666480790127,0.1156449899623828,0.0985776651837927,0.0760625750846566,0.1413134795555016,0.116468009735235,0.0534835368908787
0.085948013946289,0.1224195284379934,0.1178942324834979,0.1312531118061803,0.1034361239124919,0.0793597256664287,0.1435759518498506,0.0772240289193124,0.1147854661398599,0.0982202469297591,0.1003146314321963,0.0489207934409792,0.0711458303517332,0.0537708649631431,0.091616236417211,0.1108624053950875,0.0743340657929423,0.1262993653732784,0.0888922171428093,0.1452226321776434,0.0,0.1035118656339077,0.0732015307673509,0.0843109210621043,0.0913162723668849,0.0725463018386695,0.113049611157429,0.0988306939904305,0.1005345810517601,0.0746273650141989,0.0866306520195833,0.0832483939727153,0.1191782795581192,0.1209897859333972,0.1480298452274446,0.1176663667591909,0.0642899082661408,0.1221751521274647,0.1660186117761488,0.1175712192901663,0.1168460104939373,0.0691471598485838,0.1046522983314187,0.1164114088573159,0.1113780342258767,0.107412835271653,0.1169444063938828,0.0700917854081698,0.0554436929180564,0.1683825111948594,0.0951715479298644,0.1507077232854483,0.1590700782429793,0.1713558686403785,0.1073423710866019,0.0900868983738622,0.0940209202960598,0.1115111749282518,0.0949702173811107,0.071662338715234,0.091489742497278,0.1471053478491239,0.1254711460038965,0.1365017722292756,0.0954968955171761,0.0955338667965367,0.1187055504993659,0.1005665630703804,0.1296104772637869,0.1316252333122381,0.0759527041261859,0.0770353689522217,0.0698145791333666,0.0706244359462572,0.1273771847805422,0.0757663330369421,0.0888541381678663,0.1153671869713822,0.1114923395990118,0.1207021213379694,0.0846292039111265,0.0995265082982402,0.0964100113520695,0.109247743768787,0.1251294513257883,0.0850155087448983,0.1049882075218247,0.0959866030805232,0.0988673325532001,0.0629987664589426,0.1031128198549008,0.1478958370245885,0.1393075676198829,0.0696451518746701,0.0719059942808883,0.0779660334571877,0.0917676336906472,0.0611700077722099,0.0855222347898124,0.1287833974394216
