0,1,2,3,4,5,6,7,8,9,10,11,12,13,14,15,16,17,18,19,20,21,22,23,24,25,26,27,28,29,30,31,32,33,34,35,36,37,38,39,40,41,42,43,44,45,46,47,48,49,50,51,52,53,54,55,56,57,58,59,60,61,62,63,64,65,66,67,68,69,70,71,72,73,74,75,76,77,78,79,80,81,82,83,84,85,86,87,88,89,90,91,92,93,94,95,96,97,98,99
0.0,0.0825731012006313,0.0760522212214213,0.0928158325813913,0.1208335598200292,0.1054090551622924,0.0841372908698375,0.1148991181508702,0.0835979205665041,0.0823759329658741,0.1034564584080869,0.1374992633999386,0.0824812511343546,0.0666127931815402,0.0888074646557953,0.1018506364290048,0.1206983984783359,0.0676891806765603,0.1030030192841464,0.0803249362617007,0.0730302524130539,0.1152837831894653,0.0845133435176808,0.1247024259384746,0.1011328623101212,0.1152526279184722,0.1195492437721024,0.0816786134177743,0.0988611571418963,0.121978895633127,0.1227637005125484,0.1505387647623938,0.1155006802584529,0.1106947970308724,0.1120157695991112,0.0867610026929695,0.0679417424638523,0.1074898476939291,0.1086815369257919,0.1020896904221796,0.1083784570252023,0.1127784404704666,0.133430566844682,0.0844346039726144,0.0829969189502939,0.0834016772014882,0.1234405289119254,0.1272812781079694,0.1108673032296906,0.1171494206292406,0.108613403857025,0.099326234520932,0.0998210982423047,0.0924509835454013,0.0823866638452372,0.090422325272006,0.1203842671682088,0.0993854179033286,0.0940416353365726,0.08627238658121,0.1406015350947464,0.0897061593648768,0.1024772829163547,0.1419509397677668,0.1007363486677351,0.1229315520712214,0.1002273588290522,0.1374600811211027,0.0973133041779189,0.0941967342886138,0.0955905346953236,0.165701773100251,0.108007838828623,0.1484912572365117,0.0947952143363422,0.0914254917166765,0.0678015393161915,0.0947091126999653,0.1147816646021493,0.1038983616983713,0.0830734695405078,0.0943435989571212,0.0868361662733132,0.0747951978056954,0.1471982109455781,0.109023050613891,0.10816602347814,0.0792533714679351,0.0958365435155507,0.1162738363341361,0.0948930674938658,0.111613243502865,0.0946928130805059,0.0952424110424597,0.0939099141710817,0.1304441739706804,0.1068869244516008,0.0864252776343709,0.0896188136176876,0.1065851084342098
0.0825731012006313,0.0,0.0654810245579158,0.0784948828357749,0.121237257182594,0.0535482900757331,0.1024697972219202,0.124650542026934,0.0807264904100352,0.0705219714352676,0.0744798826055554,0.1070781503435832,0.1324879931970098,0.0647692319733597,0.0807948463485995,0.0520249885777554,0.0790802216638091,0.065812289002486,0.0595265746856701,0.051297801594198,0.0957015014906727,0.0912704010219075,0.0628799285449439,0.1487402138496795,0.0539402105025982,0.0867162652079003,0.1089018117451759,0.0635656163195271,0.0714663697145286,0.0707498935457656,0.0928286490861305,0.1458012630814508,0.1036799874320029,0.0809696481195535,0.0939378029815654,0.0613180237850414,0.0648404004274274,0.075474396621523,0.0934393835879281,0.0611802793712277,0.0719771864307184,0.1111446325259161,0.1085625829834343,0.1034949745539283,0.0820340429770278,0.0603394620489668,0.1197850095623502,0.0885950779386647,0.0694417293039199,0.0752365230860152,0.0896559162791015,0.0718373517702006,0.0836975907099007,0.0716689434740536,0.0731852593055088,0.0491169705820837,0.0924962839685759,0.0683268221691867,0.0602455877076674,0.0535514603933007,0.1251455812336142,0.0949303819430706,0.0955359128311256,0.1142676510614617,0.0676775860125507,0.0954749314473807,0.1106384441092227,0.1173160237737816,0.0703799852048599,0.0877894257452182,0.0751673353726111,0.148367851313256,0.1211550015621328,0.0974051154772177,0.0757305319458467,0.0610384401355262,0.0817100981457991,0.0645634062475825,0.0982277171068408,0.0627421439228432,0.0697797008547711,0.1018998237220462,0.0704547077173734,0.0585938936929944,0.1068641812729598,0.0959862726886092,0.06798091840357,0.0867121177868812,0.0687531587291166,0.0851322502238214,0.059787077466356,0.1025291491389431,0.0895823935641764,0.0710557322796874,0.065532520266257,0.1412778138102337,0.0661688321104985,0.0631975769426448,0.0585149382381977,0.0853766810810153
0.0760522212214213,0.0654810245579158,0.0,0.0821768817724118,0.1116244464454819,0.0825517750532937,0.0901819183811746,0.0937323862875145,0.0901705711888124,0.0854295849376464,0.086768876463375,0.1334140180803956,0.0999912163502566,0.0683486246407258,0.0821272871796438,0.069388861568561,0.1075259422315645,0.0620278326800853,0.0923270829554193,0.0592590910474272,0.0871441673694848,0.0734306456957701,0.0589116813831501,0.1449760329320802,0.0781066900569114,0.0808691111170013,0.0999342155161801,0.049211972769978,0.0672252740918699,0.1136575185046111,0.1204490620236274,0.1586704093666065,0.1300561677279437,0.1060279745486992,0.0806967431971274,0.0792105333343312,0.0609343603729859,0.0919490463202538,0.1029214494307873,0.0743447653898564,0.0902127046300714,0.0919037214347527,0.1153840795592105,0.0769568177444658,0.055931146700109,0.0719597794672277,0.1221891629570098,0.1073756355442669,0.0791878721297853,0.1013897415629155,0.0997292747440394,0.0911994489020623,0.0654137309036004,0.075097266472805,0.0837466581171279,0.0751801258877463,0.1063409733129002,0.08089873794277,0.0720077242546083,0.0561335585124592,0.1377227835457749,0.0724248531070607,0.091512768641143,0.1342523989176222,0.0838572547408844,0.1152651431773938,0.1088740732340127,0.1320914171674307,0.0920541667610421,0.083430660879732,0.0898098194454163,0.1658427271810903,0.1162539883055402,0.1258085584390942,0.0904568253289145,0.0652764599856823,0.0673787528363216,0.0757928718222259,0.0939366218573396,0.0875513259596993,0.0744982872745608,0.0834555172155149,0.0746897531539305,0.0802682122301595,0.1372722950608217,0.0984408577851257,0.086940562371056,0.0808832758773845,0.0962933953521622,0.0920452742448207,0.0930913790605847,0.075575378110821,0.1011630911364275,0.0808553212341266,0.0788899948488757,0.0994941816492266,0.0629902918072378,0.074267179596707,0.0903714034713948,0.0828608992789311
0.0928158325813913,0.0784948828357749,0.0821768817724118,0.0,0.0675348601487778,0.0813951632344695,0.1333096502165741,0.1392001786432464,0.0661887206917773,0.0878486428656308,0.0712811162872459,0.108249501757956,0.1442394057084487,0.0588105086034796,0.0725564058429757,0.0780892275787988,0.1023151586115249,0.0996308771706459,0.0981881465182309,0.0618966416282126,0.0955302984453984,0.0662547045627828,0.0869218174820032,0.1259436218625165,0.0856234330335619,0.1049657366447727,0.0859281967545667,0.0780841591039024,0.1018244280674283,0.0955555249751259,0.0810035529808546,0.1015123223807443,0.0944316527060017,0.0664744530722591,0.1144352992731563,0.0826171800731473,0.0628951024822314,0.056336906138449,0.064506548777797,0.0689427947576867,0.0859470761991632,0.0994503024794909,0.081207862558293,0.1139929473372882,0.0985535909476457,0.051840487365846,0.0712337864167172,0.0945069088519861,0.0961803419331849,0.1183260654602218,0.0791711126759507,0.0975138117996168,0.0982323586590673,0.0583582270062097,0.0859496400588688,0.0917436954419683,0.1263943288310346,0.0645416408851803,0.1019666222685741,0.1019716126516682,0.0879566690308938,0.1282602633923225,0.0708847139454943,0.0938882711583015,0.0678690415466218,0.084849756669081,0.0873167991121102,0.081267175222387,0.0611190926602362,0.1294486045632664,0.050201390848758,0.1227908273654291,0.0773725638485846,0.1243441029922902,0.060810666945463,0.0941833505698127,0.0743981586065634,0.0616059957895955,0.1508761445693293,0.07085834242622,0.0576691997094696,0.0784997203166641,0.0466790496005879,0.0762884272562236,0.1087144328612822,0.060105220308971,0.0773835667749665,0.0671697293493562,0.0970338013293859,0.065418259368314,0.0818915003007216,0.0693590489523014,0.0787022819847018,0.0549971742489491,0.0811290021889394,0.1460237624878767,0.071135346210769,0.0800008135028922,0.0961932727304934,0.1293008104820693
0.1208335598200292,0.121237257182594,0.1116244464454819,0.0675348601487778,0.0,0.1145587847697406,0.1549468523383339,0.1441102498784183,0.0845247749363629,0.1340468564459289,0.1138250393998802,0.1428660622774984,0.1602953854858751,0.0905497502559363,0.1079699488925315,0.1203603169709294,0.1474895157764998,0.124296198049441,0.140573653614915,0.1029064824750258,0.0957913810247001,0.0728661018675973,0.1266486257448759,0.1117934334872923,0.1273695957249797,0.1332766069578032,0.1041645698190602,0.0986761780762398,0.1444664891849239,0.1245377746256542,0.1075429245081705,0.1132525713805602,0.1156883091041605,0.0998446218898859,0.1306769259159069,0.129524905365936,0.0830926346950318,0.0909510150110549,0.0766023695369594,0.1061387224425445,0.129964645933407,0.1019555708149321,0.0954600944907063,0.1335117300745237,0.1219555832754721,0.0878487275575491,0.0832399751914848,0.125911664503986,0.1463759504827022,0.1667951690322955,0.0974629112998991,0.1333736861293229,0.1199269302441546,0.0928716096502711,0.1086128985248598,0.1341360783344466,0.1641408575606468,0.1106161478608581,0.1379323931037749,0.1451453763158807,0.0970572555050788,0.1536328558609536,0.0890897553903009,0.1032372872952673,0.1087373827053075,0.1174004894532008,0.09095926528782,0.0963041855478973,0.0943232591330751,0.1502704668867295,0.0743791170585617,0.1392516089616582,0.0967902565125018,0.1686560718090177,0.0908627709087294,0.1252363269735315,0.1102164856387955,0.1063205923418881,0.1820590331644017,0.1086374203594177,0.0914559613090444,0.0814399065512263,0.0818143352913156,0.1120899254191633,0.1341557517688322,0.081459710126184,0.1173248430908464,0.0951963263676697,0.1469771751875622,0.0843727511139499,0.1276576296813176,0.0718260200227879,0.0950271378831044,0.0763374554430435,0.0990901538916132,0.157595511921766,0.1105008848399045,0.1147462725964127,0.143106603186798,0.1621915919279334
0.1054090551622924,0.0535482900757331,0.0825517750532937,0.0813951632344695,0.1145587847697406,0.0,0.1284245597051087,0.1370190913424242,0.0958745736338472,0.068667567260308,0.0716485959017284,0.1001453015626696,0.1550625432782539,0.0817040099344266,0.081328881824863,0.0524260362690065,0.0684501683412919,0.0897383329919529,0.0682341893348605,0.0656065776819893,0.107843777955496,0.0825254361425307,0.0636040021760631,0.1680148850251382,0.0523764606879978,0.0924843837942726,0.0972662820647042,0.0785719565553359,0.0742397395673787,0.0613255865725731,0.0859633146976519,0.1422394432401901,0.1107051167302272,0.0759320048300215,0.0892966154269054,0.0738803310682647,0.0756627587088682,0.062500097978464,0.0919690874360983,0.0588579323023237,0.0856659006389601,0.1289359363750742,0.1077096829869519,0.1297182176084869,0.0926332275903753,0.066837242859528,0.1210564990674429,0.068510009055875,0.0744702345000086,0.0825230082940952,0.099172444712367,0.0682953923319856,0.0821844112233293,0.0788815968651502,0.0841855147536034,0.0612314473895677,0.0935816280538562,0.0732887435737644,0.0753527013626537,0.0758805341865233,0.1182782520495071,0.1052589975269536,0.1116478721427975,0.1011466622934866,0.0746524893785774,0.0955513635322181,0.119296267171199,0.1112874387313031,0.0747349049391666,0.0988386279380197,0.0871742555590746,0.1455106398292096,0.1268363404949645,0.0800460481947898,0.0876297501333056,0.0780951162017752,0.1095705440546826,0.0658308660123108,0.1180761968276252,0.0607112087886014,0.0971320649756131,0.1221018516449195,0.0732765203887191,0.0725868267468754,0.086981070913548,0.1010675561041525,0.0608661926123828,0.0941889921760437,0.0700117878275706,0.070408379793827,0.0662565033465114,0.1128631967651977,0.1110792365828998,0.065838605389452,0.0562998334826009,0.155793342103963,0.0637568578426114,0.0646192597013339,0.0679147000324618,0.0935430327206703
0.0841372908698375,0.1024697972219202,0.0901819183811746,0.1333096502165741,0.1549468523383339,0.1284245597051087,0.0,0.0675786599122781,0.1267730259309568,0.1242250575271398,0.1434101101546852,0.1787219883446355,0.0885115552358334,0.1132192918648028,0.1352561431201384,0.1182764411498671,0.1522838944569642,0.0778830070605988,0.122786695432275,0.1039121995759417,0.0931577906560411,0.1425919906048885,0.1106847055505219,0.1348533371931187,0.1148904409513824,0.1044978453614465,0.1619756797404364,0.1025248779857746,0.1020249556733973,0.1542462473862728,0.1747428092685685,0.2087103578853913,0.1691176370831632,0.1487119446477384,0.0912123776965485,0.119120188665252,0.1002639942179105,0.1366358186833774,0.1569722856259978,0.1193128820471738,0.1270389232543814,0.0983397038162045,0.167986294997514,0.0782064462543649,0.0857130265091892,0.1209148563099663,0.1749078559671947,0.1566746388118574,0.1218836098084585,0.1290437997791603,0.1178791028978,0.1093489348420088,0.1037830184934812,0.1133502882447417,0.1165223178648304,0.1118862308838301,0.1143179865475125,0.1360043540464225,0.1070666973197778,0.090754907939752,0.1924186768681215,0.0848858472805544,0.133771293894612,0.1925835127200905,0.1265866803487562,0.1691761493351939,0.1215476303014501,0.1908207078014492,0.1460012387716835,0.0718086154500318,0.1402713266436004,0.216213146485843,0.1571974260879931,0.1642433286847393,0.1375767297283149,0.0873857857921863,0.0866777449488155,0.1293476586425299,0.0877716354599808,0.1279527185062956,0.1137737062242261,0.1197441174010176,0.1251098443055741,0.1052585560117607,0.1841017584586318,0.1537954469210489,0.1311893650266231,0.1119892344679198,0.1194105803269839,0.1380418106037483,0.1206596532930648,0.135184830672993,0.1265077761404126,0.1191392868056788,0.1105221385515641,0.1140625705294485,0.1299985219247723,0.115429836536172,0.1250528020343696,0.0811641778894547
0.1148991181508702,0.124650542026934,0.0937323862875145,0.1392001786432464,0.1441102498784183,0.1370190913424242,0.0675786599122781,0.0,0.1401701738901272,0.1495970552343944,0.1514650973791559,0.1997408328597109,0.0937648656765603,0.1364378074407674,0.153627587442462,0.1251551663960123,0.1616786989557899,0.0836860239226301,0.129088248430237,0.1125114442325333,0.0969695095386375,0.1289748107437088,0.1278538596897476,0.1456770196585351,0.123175379730409,0.0914803585441008,0.1661431910577352,0.0871253125925832,0.0992450021687954,0.1660398493641063,0.1888071287329294,0.2228055342417249,0.1857192689168116,0.159621038884752,0.0827343319020181,0.1324313059429579,0.1048593299295067,0.1349187366717325,0.1693004757490616,0.1244299805724424,0.1356670224577779,0.0771495521998343,0.1692731556452768,0.0719390787482171,0.0813091447618574,0.1319107652805143,0.1733833686781373,0.1692614639329052,0.1274662177223404,0.1498144476786558,0.0974459337068438,0.1256007090286135,0.0795825727421851,0.1102395999786743,0.1247735014681948,0.129810535892264,0.1022047705195325,0.1473182861248767,0.124698761787774,0.1056515378453166,0.2082159425866033,0.0872249590382823,0.1260363443814734,0.2035032609100616,0.1302456713557103,0.1861591714536565,0.1102925076367522,0.1969083764326923,0.1609842527255174,0.0673878020452422,0.1365277984519729,0.2276984241753478,0.1676674019672063,0.1820037911261489,0.1493813874709388,0.0847682186482417,0.1036900815906048,0.1350596087657603,0.108596022357806,0.1391661622764867,0.1198392001146075,0.102048247251987,0.1284647715485546,0.1360233951016588,0.1971459728434704,0.1585330015476817,0.1390597125634866,0.110521252106951,0.1459139486601705,0.1219791448150687,0.1447790705210171,0.1204496273888556,0.1284242257951868,0.118526347105141,0.1183336574941682,0.0956930937355999,0.1325273762751758,0.1322086653468774,0.1485620285924416,0.0952941953744635
0.0835979205665041,0.0807264904100352,0.0901705711888124,0.0661887206917773,0.0845247749363629,0.0958745736338472,0.1267730259309568,0.1401701738901272,0.0,0.0927283485091086,0.0965011585800788,0.1034735417700169,0.144785636025684,0.0626420442847024,0.0702625254554849,0.0991758462401967,0.1255521525705576,0.1041501572561284,0.0931340151613836,0.0785510961918806,0.0723572821079955,0.0946550290944703,0.0932161294576679,0.0967230710854631,0.109622178796715,0.1298492043915901,0.0982327674360495,0.0935851630781685,0.1133869591356434,0.1036959672045693,0.084544713330643,0.1074794064146803,0.0763355809131275,0.0949498355154509,0.1249704587503507,0.0878655872079399,0.0673749184283498,0.0800319688024632,0.0721889370287457,0.090487862457298,0.0938011493489698,0.1097739219752145,0.0892030286239761,0.1188181916544259,0.1122615080610697,0.0631864067194243,0.0787060115931774,0.0975781134103421,0.1102355318962339,0.1190837527195869,0.0814686419653233,0.1104646508773345,0.1053092179704723,0.0787807402450253,0.0862846093873574,0.0837402222381623,0.1334111823460266,0.0780280182683995,0.1061188576974307,0.1060597661827898,0.0869166728207334,0.1352417390420469,0.0904564452392316,0.0948081270645316,0.074220544116184,0.0741976127385484,0.0642361908775615,0.1065552007668551,0.0763764751448138,0.1248042732639322,0.0669387809933053,0.1129663202164302,0.0884338388181136,0.1371159759432832,0.0640581376504243,0.0961189044834265,0.0681390738807455,0.0900858708048018,0.1499504536582234,0.0829104949181323,0.069819155842295,0.082124002804311,0.0665847261558804,0.063212729088275,0.119711188012623,0.0674005575224499,0.0989904844810401,0.070062487949416,0.0983461066370637,0.0940498278683941,0.0994211304731028,0.0965641289205314,0.0803429998687213,0.0696534006658643,0.0793944202550628,0.1651228242150235,0.0805429628087939,0.0903868571889806,0.097834290223322,0.1296220400258507
0.0823759329658741,0.0705219714352676,0.0854295849376464,0.0878486428656308,0.1340468564459289,0.068667567260308,0.1242250575271398,0.1495970552343944,0.0927283485091086,0.0,0.0632551316386858,0.0759646288277711,0.1345356398236469,0.0676809477771552,0.066453023953927,0.0673351296608166,0.0775406866477183,0.1062719519676358,0.0748275644902377,0.0795255562430001,0.1009500982445501,0.1124686581944143,0.0648253688392525,0.1630789269418086,0.0860664610021457,0.127978165212108,0.1106055767521735,0.1011666345165527,0.0848424104580323,0.0845483730715517,0.0845619267213357,0.1154424353435648,0.1051610715313219,0.0775840706327434,0.1212203829556431,0.0637840713082075,0.0798875844425935,0.0950516626659638,0.0895389888957955,0.0866523496478632,0.0707326185645646,0.1515768054739024,0.1052645529499447,0.1242497219018899,0.1073927808434867,0.0680949907052152,0.1123377139246017,0.0979005182326515,0.0662922472791074,0.0896090482175604,0.1167916957108595,0.0986701534366445,0.1027282856752342,0.0885447769650465,0.087097126734442,0.0733831821961507,0.1221072361501015,0.0670246151630077,0.0881582717368093,0.0871233109050902,0.1202432006907346,0.1118067200063121,0.1038120098658313,0.1046640624141039,0.0718396068691977,0.0798910523198485,0.1230495380365059,0.1021143977396284,0.074643653685512,0.1241825272021036,0.097340522568572,0.1322837994398232,0.0969678206102805,0.094773180569368,0.0758071263938038,0.0899110527518254,0.0946348429754679,0.0575229684264072,0.1247693298758313,0.0890824407292808,0.0885756366276005,0.1171821938757043,0.0816315780294512,0.0771325724674286,0.0957626728431383,0.0886890533086643,0.0799395254339422,0.09142139312413,0.0534742847020215,0.103501853259445,0.0729453984080127,0.123805206360971,0.1057604859810297,0.0852145810991594,0.0862240030033553,0.1712664583921526,0.0708787525559195,0.0892693194083146,0.0630640091603697,0.1129189987027712
0.1034564584080869,0.0744798826055554,0.086768876463375,0.0712811162872459,0.1138250393998802,0.0716485959017284,0.1434101101546852,0.1514650973791559,0.0965011585800788,0.0632551316386858,0.0,0.0820868514272351,0.1619379047026311,0.0738815266889083,0.0630076490182677,0.0652649488446414,0.0743867189072863,0.1074207853419575,0.0864343841233463,0.0670669730351596,0.1137182576378628,0.0912357188957373,0.0713496153718731,0.1637099074481555,0.0855299093984806,0.1221928596101504,0.0908055924194133,0.0935637449274213,0.0851394158455268,0.0815501539572051,0.0731652004166035,0.0933527191685587,0.0964363843829093,0.0666218699280054,0.1205941507504553,0.0686602740020654,0.0729159569272902,0.0715221755940663,0.0789597713279294,0.0731508755306037,0.0665825754855067,0.1435493816439565,0.085902935757386,0.1287771965826841,0.1080689917278018,0.0638328829196436,0.0964971727166043,0.0805467077948215,0.0653663944662383,0.0961768251414579,0.1069158242635316,0.1021421310507653,0.0991816427177501,0.075142568470893,0.0961924686284269,0.0770819699995229,0.1277473545405084,0.0574240087202303,0.0976670755907199,0.0918113108597157,0.0873238249442829,0.1225720196228964,0.0966286920571337,0.0694719925308708,0.0608069997297171,0.0788982291032293,0.118150700734881,0.080005656361257,0.0642863672868422,0.1332129044271813,0.082712586968961,0.1032003180556968,0.087049569170064,0.0937206650031088,0.0626648738800183,0.098775330670839,0.1014737302311536,0.0460250685815349,0.1443058692437109,0.0751250534393558,0.0795322520211486,0.1063241869117969,0.0606040065764235,0.0827346019933456,0.0798016605096667,0.0658715927426469,0.0558152692190599,0.0887761942321378,0.0746882336416663,0.0768102534710366,0.0758603637517479,0.0987786892506992,0.1013541196063198,0.072832011510966,0.0859265375984081,0.1705553606148738,0.0641509941194589,0.0950349184051159,0.0783133385457688,0.1262731458626136
0.1374992633999386,0.1070781503435832,0.1334140180803956,0.108249501757956,0.1428660622774984,0.1001453015626696,0.1787219883446355,0.1997408328597109,0.1034735417700169,0.0759646288277711,0.0820868514272351,0.0,0.1994811896266773,0.0968638088176186,0.0730216970447245,0.0931241983792155,0.0700282809788968,0.1550829709095797,0.0957268551174778,0.0987541766160347,0.1371785609067706,0.1347282165308577,0.1011044972587491,0.1806073973372643,0.1076562232435765,0.1574008826606203,0.1115309186519433,0.1353762508427129,0.1254663448031467,0.0779619933320626,0.0731646483535371,0.1104912050241914,0.1015807934982751,0.0877242422107237,0.1517999229731933,0.0990456244771724,0.1183261572296228,0.0980665524478048,0.0894951516398055,0.1029162976784722,0.0911029463033503,0.1917977095827489,0.1062188936642359,0.1761482321255443,0.1573090899328287,0.0883158765197128,0.1262073170154446,0.0825172601883318,0.1004171194806363,0.1136104677066436,0.141087159469971,0.1090484956637457,0.1437978265775549,0.109247903767307,0.1049727343853403,0.109319320786426,0.159466638996276,0.0861165838780232,0.1205519903897165,0.1300840510047536,0.1106369341786207,0.165490330268054,0.1462083674748066,0.0866304502345556,0.0951431980410854,0.0593409059253147,0.1346448163396383,0.1032565256668689,0.0862737246222697,0.1685120697312388,0.1036289611034681,0.1188483559736786,0.1381204365765237,0.0895970785503739,0.0949470662497579,0.1312168981012944,0.1331167012205465,0.0885133276404651,0.1728915191638453,0.0897661137103901,0.1123678323161743,0.1609370622453714,0.1031167267168654,0.0904631684249425,0.062395732753628,0.0997144119011465,0.0876549817647376,0.1238724302701102,0.0864153391277491,0.1227700982006264,0.0802105271310063,0.142180029885524,0.1326696256610184,0.1016251446782356,0.0979333033580359,0.2222986985759013,0.0940156603278203,0.1063377676051017,0.0997076703528044,0.1562810412588068
0.0824812511343546,0.1324879931970098,0.0999912163502566,0.1442394057084487,0.1602953854858751,0.1550625432782539,0.0885115552358334,0.0937648656765603,0.144785636025684,0.1345356398236469,0.1619379047026311,0.1994811896266773,0.0,0.1273924155768982,0.1511733552695945,0.1410845826842958,0.1833529595967508,0.0983804025437838,0.1473458048314108,0.1311209979199695,0.1208331247468094,0.1408390046473898,0.1280007459897353,0.1599673141210918,0.150852971516096,0.1246317171596835,0.1797833030865044,0.1119886149056956,0.1244185983679729,0.1834655863691081,0.1886142048851027,0.2059131589677822,0.1694363054408132,0.160421761499674,0.1343669304561763,0.1331868778248263,0.1161455683612293,0.1610805705127915,0.1621956179510653,0.1540220776119449,0.1494073710067927,0.1078578948170256,0.1675976809178295,0.0816973935316321,0.0863287371417312,0.1453607566382605,0.1601105376403777,0.18780696214476,0.1379952973907136,0.1642607485602904,0.1272147922230136,0.1566342217086652,0.123901261194114,0.1340817236913314,0.136977468619977,0.1309807788731603,0.1538036255220344,0.1499739298975831,0.1455515047996393,0.1172616500259315,0.2018016340292016,0.0911010394517185,0.1138258622694543,0.2082456126416753,0.1404174015659866,0.1884358420630471,0.1431205657837655,0.189086053956493,0.159564543693688,0.1178761077263922,0.1458958728965275,0.2216475567904973,0.1444953321609281,0.1994969320243397,0.1443808348321776,0.1155043438551089,0.0995713023976692,0.1456723780191979,0.1182472513297827,0.1572473045708013,0.1273614903121855,0.1156502027039972,0.1368721108314835,0.1339594665807039,0.2113127397514239,0.1586239336515884,0.1569753127984018,0.1091438987213209,0.1421151771143516,0.140912111114228,0.1532552405763186,0.1349839592481088,0.1179444413004099,0.1422267496468826,0.1490273801368512,0.1072418240249371,0.1524134758838589,0.1479531798750781,0.1413115632823069,0.130251217728129
0.0666127931815402,0.0647692319733597,0.0683486246407258,0.0588105086034796,0.0905497502559363,0.0817040099344266,0.1132192918648028,0.1364378074407674,0.0626420442847024,0.0676809477771552,0.0738815266889083,0.0968638088176186,0.1273924155768982,0.0,0.0549346313224124,0.0654653432327291,0.0927756142464535,0.0843741427333263,0.0895428699489453,0.0575509378207564,0.073014632761258,0.0883147848550588,0.064819294549398,0.1116558496806893,0.078753890880076,0.1041954950000576,0.0824085168281124,0.0736014005531622,0.0949559918112531,0.0916941076444063,0.0769853916690604,0.1120124924617545,0.0804603113894276,0.074019494830432,0.1081678142406873,0.0741980324079085,0.0545163468867556,0.0688221954830021,0.0599868839609391,0.0699582762231119,0.0794507921573842,0.1152642895110138,0.1007758159828443,0.1082499369271519,0.0874269003736706,0.0535798652455442,0.0942817082487809,0.089510000127408,0.085934599093709,0.1061756033020599,0.0951033781028309,0.0853383457791322,0.0981610315670031,0.0739814691434068,0.0616565350648841,0.073133596296298,0.1247016268748133,0.0656095875903752,0.0809585035068881,0.0817781714362794,0.1062314181951441,0.1130378541665333,0.088219147123131,0.0999825550618384,0.0731841733332623,0.0768243428445059,0.0833669741457282,0.091227242754432,0.0601882518127221,0.1171337194012804,0.0601444017066702,0.1338010337325968,0.0931209593504474,0.1182754838195866,0.0638488394590406,0.0800174405666427,0.0631976044487636,0.0657782569444412,0.1189532584965444,0.0709758627030298,0.0601116126557533,0.0863332578434628,0.0572186837343517,0.0544662652435814,0.0985157240301409,0.0770260817528662,0.0782818784459182,0.0723183502199884,0.0824523631590141,0.0955947170722352,0.0704918956422857,0.0903634513837879,0.0803360142012344,0.0609594247649906,0.0712760226266008,0.1516061183364817,0.0747531639519765,0.0646033384272008,0.0730324459219394,0.1057176722025151
0.0888074646557953,0.0807948463485995,0.0821272871796438,0.0725564058429757,0.1079699488925315,0.081328881824863,0.1352561431201384,0.153627587442462,0.0702625254554849,0.066453023953927,0.0630076490182677,0.0730216970447245,0.1511733552695945,0.0549346313224124,0.0,0.0731267063996216,0.0774884633035455,0.1105652743549276,0.0831303226752356,0.0621849768484476,0.0928638303628408,0.1000726508199145,0.0664800188100244,0.1338412091295495,0.0902426272863305,0.1201242721239277,0.0859258519758322,0.0945382978703407,0.0955534427085492,0.0735913613540061,0.0681196899035954,0.1009044795564478,0.0748233239866354,0.0868690458440009,0.1199058224316658,0.081231330200763,0.071145463534728,0.0737068950987815,0.0701423639607029,0.0803216389258138,0.0759037919232129,0.1410285307344391,0.0959033208954322,0.1239661070008519,0.1036171836735918,0.0588216521961402,0.0953571331609433,0.0752798766309243,0.0816151158527168,0.094021647153068,0.1040109372270653,0.0879222778356454,0.1059499942607162,0.0736119639198586,0.0719934402083425,0.0848757145706082,0.1290630254785333,0.0636250602031771,0.0933688007643781,0.0902510029142362,0.0950403516995463,0.1212007116786207,0.105585284936362,0.0820740408824587,0.0729711559877446,0.0545053319461375,0.0866365124372346,0.097681225525217,0.0590140915370416,0.1320338120870339,0.0652410227560434,0.1236851677814281,0.1018742545785807,0.09794531708431,0.066694807856287,0.0995623943931548,0.083015388760445,0.0669741744566367,0.1405407730372138,0.0614141613633121,0.0747203264510809,0.1093931768086381,0.0623408637361846,0.0620039762294058,0.0824149639335047,0.067218237716699,0.0647381022150441,0.0831164344026686,0.0801807747569124,0.1006963623032975,0.0713612919936016,0.1049093215927222,0.0938562731714866,0.0694585018431732,0.0711447706529353,0.1702438781693098,0.0628947734838819,0.080107397219683,0.0825434830617786,0.1206328790175823
0.1018506364290048,0.0520249885777554,0.069388861568561,0.0780892275787988,0.1203603169709294,0.0524260362690065,0.1182764411498671,0.1251551663960123,0.0991758462401967,0.0673351296608166,0.0652649488446414,0.0931241983792155,0.1410845826842958,0.0654653432327291,0.0731267063996216,0.0,0.0611440362744794,0.0784108584298932,0.0641524343083636,0.0523915406700931,0.1051143296857933,0.0796408353582994,0.0594598942381725,0.1627666381596372,0.0496826135569106,0.0792477236573974,0.1018220714262982,0.0654063951514675,0.059875226765657,0.0754336656296073,0.0905738798257575,0.1398205018984876,0.1091277192454034,0.0788995607887643,0.0880620593981662,0.0641576034151346,0.067231651115566,0.0665615464602388,0.0850028991910699,0.0633304141740518,0.0585402632790562,0.1238466244237744,0.1070577915225059,0.1096509310534848,0.0788302457105034,0.0637278920231654,0.118769186674218,0.075808934016426,0.0507973098251358,0.0721158353972137,0.0910048723164185,0.0741072847046635,0.0804940156607088,0.0709254847624016,0.0818383788180307,0.0562380763561129,0.0924444134424449,0.0603181550995295,0.0616061594821217,0.0622194658726222,0.1240680313016395,0.0876761647529568,0.1000065420074982,0.1105167574405149,0.0664080013388632,0.093116203887894,0.1136119009535071,0.1073716418562146,0.0694111413654648,0.0944097879425858,0.0837322591094921,0.1521929734550533,0.1194958853193844,0.0779111314081536,0.0776001102853475,0.0614227773639876,0.0984617806910478,0.0511550996320937,0.104698971311841,0.0548879834756574,0.0824272782193206,0.1103301800456477,0.0694390278670574,0.0685103149286412,0.0873099994271986,0.0931705814973519,0.0593622424183661,0.0935891059864855,0.0681380761206516,0.0807913054317151,0.0527324532983976,0.1008540328166534,0.0982136771364559,0.0667717577027247,0.0629383989389616,0.1427342408820549,0.0554154033330498,0.0736524121966302,0.0720266194398587,0.0853256613696617
0.1206983984783359,0.0790802216638091,0.1075259422315645,0.1023151586115249,0.1474895157764998,0.0684501683412919,0.1522838944569642,0.1616786989557899,0.1255521525705576,0.0775406866477183,0.0743867189072863,0.0700282809788968,0.1833529595967508,0.0927756142464535,0.0774884633035455,0.0611440362744794,0.0,0.1093244415123198,0.0708687044939548,0.0771470631037279,0.126346586021933,0.1156555742463363,0.0793519162693348,0.1928477775775987,0.0631611305597933,0.1173358244557171,0.1062334662874484,0.0980685073167881,0.0902760857751329,0.0586567898769186,0.0826071413363675,0.132815485734286,0.1209718047539429,0.0810404256145165,0.1101625990285532,0.0770202667606782,0.1012283184203901,0.0790894048841805,0.1088808533802043,0.0764099291629779,0.0833985586688283,0.1689083417311722,0.1344399885534543,0.1507404222986889,0.1213303260224257,0.0840059498028302,0.148531097505553,0.0758962431289388,0.075345819425895,0.0763712361805688,0.1292588516973355,0.0742524619392976,0.1066640911990094,0.0939820829703723,0.0865595239981908,0.0891053895311927,0.109855045994402,0.0840389651497448,0.085417361009664,0.0885677076653062,0.1398144466384223,0.1212924564772298,0.1423470203288218,0.1079543981776555,0.0983248166660512,0.081149511435462,0.1376553173996684,0.1143908574011857,0.0781768343696725,0.1220636925865648,0.0962381005173772,0.1517633632679988,0.1504598772788707,0.0679762699928591,0.1089958123157066,0.1009486557226969,0.1291049801227466,0.0701699124490243,0.1343742683355208,0.0675497682280415,0.1085219659850535,0.1535717209599478,0.0931164135743699,0.0905835629696381,0.0666339924668994,0.1194487976682291,0.0658088617637333,0.1213014404881787,0.0650180123259854,0.1137831170320153,0.0486432884569456,0.1301720128523091,0.1375104612354922,0.0913496246472623,0.0771590557944981,0.1775262576239252,0.0760182642244572,0.0748475540207332,0.0784220134526921,0.114941694057458
0.0676891806765603,0.065812289002486,0.0620278326800853,0.0996308771706459,0.124296198049441,0.0897383329919529,0.0778830070605988,0.0836860239226301,0.1041501572561284,0.1062719519676358,0.1074207853419575,0.1550829709095797,0.0983804025437838,0.0843741427333263,0.1105652743549276,0.0784108584298932,0.1093244415123198,0.0,0.096376060039141,0.0751211275471927,0.0808414001533429,0.1018626886307845,0.0806691686104104,0.1461622801795919,0.0693064088950809,0.0759912027312006,0.1270529525432366,0.0532006247714451,0.0648566320956766,0.1148962921973435,0.1413865839221147,0.180472403449706,0.1428085346139918,0.1193696215659988,0.0739925074119381,0.0917955453764446,0.065673428312807,0.0980544304132559,0.1252641737616233,0.081366953911328,0.1006042140435684,0.0884904158093376,0.1416950030117427,0.0718555576579705,0.0521308090936119,0.0915893852593844,0.1437110553249646,0.1220738113606205,0.094690281773948,0.1023500704822844,0.0903507081791144,0.0814415235942279,0.062223876299052,0.0956038983514731,0.0932958751689057,0.078405725549806,0.0910335466940408,0.1053910877847505,0.0794961195029303,0.0640072268576599,0.1622623123851933,0.0608790828159781,0.1130491139753325,0.1579207105745909,0.1041570323257542,0.1373451903858189,0.114014507600627,0.1555019730456923,0.1117807180572821,0.0583512164295272,0.1025069079887399,0.1879440900591,0.1345675650354266,0.1355213213748473,0.1126262049640104,0.0751909461983275,0.0861174704626129,0.091251909938718,0.0774448066296347,0.0934131575582883,0.0949483220419184,0.0955267666354672,0.0922246071782793,0.0803994481675882,0.1466499734407663,0.1208968076687038,0.0966345194519177,0.0945425405847285,0.0986159228881251,0.1028540826613565,0.0920439196023309,0.1056331696826911,0.1026503174563353,0.0859959955631734,0.0834389975210668,0.1014731474022309,0.0961630880071321,0.0800208234000112,0.0905579309809619,0.0749986632094632
0.1030030192841464,0.0595265746856701,0.0923270829554193,0.0981881465182309,0.140573653614915,0.0682341893348605,0.122786695432275,0.129088248430237,0.0931340151613836,0.0748275644902377,0.0864343841233463,0.0957268551174778,0.1473458048314108,0.0895428699489453,0.0831303226752356,0.0641524343083636,0.0708687044939548,0.096376060039141,0.0,0.0661974566485336,0.1072936292277254,0.1152570911604106,0.0773468521383897,0.1631866310419456,0.0721631489290036,0.1024926302170128,0.1357024693193205,0.0882536549727183,0.0746815077571281,0.0713069264003259,0.0846634120789399,0.1353007736067397,0.1019457457317817,0.0944277068096407,0.1081718977025666,0.0602008121809326,0.0914756680713164,0.0902561924602399,0.1102655020738627,0.0845205243040753,0.064744803370748,0.1423682846288162,0.1162073723582068,0.1188495867025945,0.1073926413627265,0.0756048278924461,0.1257038617057248,0.0882602259658134,0.0721363287968704,0.0609691455780012,0.093112222691005,0.0832821954683956,0.1014061950322386,0.081304629187312,0.0921463621917753,0.0513909255154879,0.0887126131499911,0.074956684957286,0.0773827810201207,0.0715526364145944,0.1373066920951539,0.108314315990631,0.1163657651699402,0.1128136113651863,0.0614664242088105,0.1030087193082446,0.1056900192585143,0.1363608852010189,0.0731222686706192,0.0994864506242313,0.085260081526022,0.1415457445920977,0.1368904766608066,0.0737300846815799,0.086850173447293,0.0703273030738091,0.0914702393115592,0.0782260960423658,0.1163403780515618,0.064422938495743,0.0899026310032627,0.1289391365514967,0.0829603934868473,0.0732545880504374,0.0923156612907098,0.1121199442707226,0.0624490211842157,0.0927722861405501,0.0528329479499444,0.1012367003740977,0.0561574261121294,0.1278779594606219,0.1034686323518795,0.0898257984184434,0.0743487917773927,0.1566305459575596,0.0725845429296942,0.0854466969131899,0.0592325907057314,0.0947918387393291
0.0803249362617007,0.051297801594198,0.0592590910474272,0.0618966416282126,0.1029064824750258,0.0656065776819893,0.1039121995759417,0.1125114442325333,0.0785510961918806,0.0795255562430001,0.0670669730351596,0.0987541766160347,0.1311209979199695,0.0575509378207564,0.0621849768484476,0.0523915406700931,0.0771470631037279,0.0751211275471927,0.0661974566485336,0.0,0.0883077515167784,0.0688446074253096,0.0603888102532773,0.1385682844784755,0.0551490886366107,0.0734801176126839,0.0870999933297231,0.0523477336820626,0.0742290483515758,0.0837965052162417,0.0888827955408652,0.1352663293154389,0.1009526842024952,0.0751083038157563,0.0803052883444386,0.0677241043656596,0.0643146589695457,0.0631696078514318,0.075628472812596,0.0532882089723975,0.0719873214864201,0.1036846041478146,0.1018232543097471,0.0911614811772328,0.0797432638602617,0.0441767656298773,0.1116056907484835,0.085621740341356,0.0702866385908875,0.0937373078092012,0.0885160169441808,0.0648625948247789,0.0772840967860077,0.0519518503284912,0.0744115296662032,0.0709913846416082,0.0948569580407724,0.0586935411369394,0.0653438596529648,0.0640618005690646,0.1121366165568597,0.0978251641859232,0.0908952488585494,0.1011882464626668,0.0645965210563112,0.0892049898133931,0.0919348655074067,0.1041167967682053,0.06000258984599,0.0925177061679473,0.0606024171229913,0.1442135593944902,0.112893399814077,0.0982900532922395,0.0673811239454675,0.0643380434195722,0.066218680297927,0.0601340417107869,0.1098115463819418,0.0553750477142538,0.0522768358074533,0.0913302056421946,0.0568710772194115,0.0617434829060975,0.1018368235812295,0.0874862375187018,0.0628667191864864,0.0728537549963519,0.082165763687919,0.0824565329263725,0.0596185068105168,0.0777787976868975,0.0893982770258334,0.0551465948048733,0.0591779765952845,0.1325800973369365,0.0597435911180515,0.0604871138199204,0.0791945208413802,0.0855896204859445
0.0730302524130539,0.0957015014906727,0.0871441673694848,0.0955302984453984,0.0957913810247001,0.107843777955496,0.0931577906560411,0.0969695095386375,0.0723572821079955,0.1009500982445501,0.1137182576378628,0.1371785609067706,0.1208331247468094,0.073014632761258,0.0928638303628408,0.1051143296857933,0.126346586021933,0.0808414001533429,0.1072936292277254,0.0883077515167784,0.0,0.1210798256657393,0.1006987229350449,0.0879661563366717,0.1018595611841302,0.1202268798076313,0.115430573614658,0.0888062136223267,0.1092242194106015,0.1136029218151999,0.1221631632618739,0.1473963916071337,0.1137251267183366,0.1221309998684627,0.0990046201784544,0.0985961070037369,0.0653079058642796,0.0995743741421244,0.1038733169116798,0.0912975017658256,0.1141403006787179,0.1051749466767212,0.1313691909217614,0.0892874707163806,0.090438676975108,0.0859766122853153,0.1237186773744751,0.12248051330924,0.1235129823104868,0.1306561236709776,0.0842245571476874,0.0976394469716145,0.0919965021931689,0.0852644651839505,0.0721097132281448,0.1012380798811326,0.1170633735544197,0.1099243755557932,0.1024422827139497,0.1031331439597813,0.1397507218454801,0.1096780068926985,0.1124248331190814,0.1366423204770337,0.0986697369422487,0.1101632637848333,0.0712500967023572,0.1402606280452226,0.1049027158375861,0.0952414271766855,0.0904535885094106,0.1553152856806116,0.1169394932179226,0.159683780699381,0.1023594932306171,0.0864122902969867,0.0709996692829128,0.110050778522457,0.1283361662784786,0.1015513181452312,0.0766100753245213,0.0857243737651671,0.0914071610454316,0.0791103938953842,0.1410854496471551,0.1005065203080711,0.1063998960977569,0.0792697745730957,0.1115209851469431,0.108631723860206,0.099687082090042,0.1095356978567854,0.0960146961672604,0.0807071970695365,0.0898097449679437,0.1420714671011332,0.1058609831771206,0.0881717122168926,0.1041970420272895,0.1142939120764279
