0,1,2,3,4,5,6,7,8,9,10,11,12,13,14,15,16,17,18,19,20,21,22,23,24,25,26,27,28,29,30,31,32,33,34,35,36,37,38,39,40,41,42,43,44,45,46,47,48,49,50,51,52,53,54,55,56,57,58,59,60,61,62,63,64,65,66,67,68,69,70,71,72,73,74,75,76,77,78,79,80,81,82,83,84,85,86,87,88,89,90,91,92,93,94,95,96,97,98,99
0.0,0.1312703730564772,0.0987656635626326,0.1009257530115833,0.137614535928419,0.0795011504013923,0.1289749227113247,0.1090050624352093,0.1013162566963181,0.1403345468939842,0.1063766216201752,0.1280020547549195,0.1082416417920325,0.1010553096899016,0.0912746700363645,0.1680645961406001,0.1080560918064961,0.1505919361665136,0.0866485148480982,0.0793251904351643,0.1156987746421306,0.1363846406719922,0.0778828124871763,0.1193244737594884,0.1248880894159604,0.0993956344457862,0.0796545251395817,0.1173039422715921,0.1294321426251853,0.1225224163771491,0.1009912499168101,0.0951908047660277,0.1454266504962205,0.1150374791386866,0.1472022034256435,0.0937128468615238,0.0987509236998239,0.1264586122101485,0.1026493814409965,0.118359598453926,0.1181724653008806,0.1097243362469461,0.1252735751418243,0.1247349065938321,0.1348844971168106,0.0919914663930022,0.0821733122875021,0.1245204999649954,0.1121112250434201,0.1060026352257782,0.1329677289668245,0.1026598151027865,0.1073909099441167,0.1226526116449115,0.0995708723379312,0.1176948277124404,0.1066087661008969,0.0734401310802077,0.1180503337115116,0.0976472184885835,0.0842623866509599,0.1229281421867893,0.1342422270818795,0.1431858925618662,0.1464753241575168,0.1482626357504011,0.1093324256524547,0.0920713341831757,0.1062517010603698,0.1338155032206548,0.1027434509757558,0.0906025076435727,0.1163763461647622,0.1220047250438671,0.1187198375881013,0.122080391034062,0.0942532296429904,0.1261657982332408,0.1334967924967001,0.1066469905932245,0.1077492845447243,0.1401393671946528,0.127023042583696,0.1445134162483303,0.1360029580204845,0.164523920209988,0.1186411267475193,0.1331463597472537,0.1206991692697514,0.0973056406416808,0.102410032461028,0.1182309664586539,0.1143549767732265,0.0889896715819159,0.1410007510171521,0.1295765907807538,0.1070443245015547,0.1022936168970546,0.1132152469249733,0.1131649045726791
0.1312703730564772,0.0,0.0830644015610209,0.1094325545841272,0.1174589918304189,0.0926076046723186,0.1384559031418717,0.102050850895868,0.0749414864399811,0.0733703826983819,0.1239520716750935,0.1494199964719835,0.1271867242441729,0.1273571037899505,0.1214939503670398,0.2044328590819961,0.129085281263435,0.1746259484052212,0.0853941606260864,0.1061100169974588,0.1184094887932464,0.1503534897965226,0.1293456011615182,0.1407059223832207,0.128255800586407,0.1102722178610652,0.101389362255072,0.1192649346231433,0.0824505731790976,0.0946409251071469,0.1271878099692769,0.1385282086239195,0.1522438582667682,0.1160346325863283,0.1529712382228824,0.0735663789566749,0.1134324381553501,0.1382358473259619,0.1076119352281241,0.1265304643018252,0.1215446787246724,0.1128282206002662,0.0967229369144332,0.0967523280133963,0.1108729448016163,0.1255475805065583,0.1176274768973239,0.1371846129879434,0.0766513585904856,0.1052031319214962,0.1481883075523624,0.0807899356337884,0.1213042542177449,0.1352724660801471,0.0667017988357778,0.0970034328666425,0.0876754393213857,0.096283610013939,0.0612893562881205,0.1086092079935318,0.0970466020945997,0.1300489698944691,0.1478218755934738,0.1747737255493346,0.1610588042306129,0.1438356838576331,0.0774319728492159,0.1113726123028731,0.0865778240868871,0.1651219743024051,0.1361034636285242,0.1301372157131385,0.113868817153672,0.131380907248236,0.1001262128089601,0.1101969307984895,0.1102494560409194,0.1403699728869073,0.1812553424357507,0.1067322376904393,0.1521360412807127,0.1271023900016764,0.1600166009053074,0.1529928938756234,0.1548034572640346,0.1572367965349749,0.1238798408664111,0.1627530174117643,0.0903276978854571,0.1140605103609984,0.1052312241659133,0.1012222730439474,0.1093511603302599,0.1086969439935758,0.094417269839123,0.1160566961887481,0.1381007861264991,0.0906779080655555,0.115682783458388,0.1218818527391003
0.0987656635626326,0.0830644015610209,0.0,0.0906343513775792,0.1381511989370705,0.1012689948114918,0.1421687126002857,0.1058606725523515,0.0843125390405498,0.0740007456080799,0.0879192250512155,0.1199410499286803,0.1131141028407526,0.1129396772877962,0.0987253548909998,0.1973105871394526,0.1446935699439135,0.154821100561619,0.1050758269038655,0.0980899562150698,0.1536522173749271,0.1131699854362234,0.1183217410246653,0.1163273893120932,0.0846781081149424,0.0875217233992716,0.1071508838120093,0.1412691500624886,0.1159347517398203,0.1040487231033997,0.1000840992877671,0.1058163883340614,0.1273224037212146,0.113546693306767,0.1176637354172646,0.0751996329377335,0.085922280001992,0.1148338675564703,0.1179209562284576,0.1383003318921709,0.0935617799522619,0.0892746257619503,0.1002725386987475,0.0854217877831967,0.1336405582456644,0.1122691711905747,0.1273600035185523,0.1145503342969173,0.1006185528042672,0.1090431626769528,0.1362208164197205,0.0973527683819576,0.1157974504972721,0.1099782197626175,0.0722991365037686,0.0953769304249902,0.0766368613617131,0.099106617448919,0.0707158195054265,0.0835357119814346,0.1169250887666047,0.1029079414698458,0.1056486067814886,0.1323945410590975,0.1328705502725514,0.1128834910177979,0.1005157880827476,0.092160590077589,0.1131755871739416,0.169677161881704,0.1402171434543455,0.129330346919553,0.1188273349483395,0.1661022828626342,0.0948691719867431,0.0991177849457326,0.0831957599063539,0.16479517092536,0.1926540198322172,0.0878912854220639,0.1050616012686621,0.1389654507093464,0.143990387850837,0.108283716285733,0.1144610729154163,0.1260050298309626,0.1307240172220045,0.1260395289926519,0.1075541805708132,0.1217510481602087,0.0868854499515892,0.0987253083457226,0.0851579238897313,0.1014553245874777,0.1112961271607365,0.1027128169059531,0.109823165690383,0.1173727822467259,0.1222868404224703,0.1341825989131761
0.1009257530115833,0.1094325545841272,0.0906343513775792,0.0,0.1134855658880204,0.0632434078713868,0.1142505510195152,0.081185776444554,0.0933319760206945,0.0999645708103672,0.0778839659506963,0.0997664431658045,0.0823928424998544,0.0860304421017224,0.0656696680160712,0.1640499066744441,0.0977540998886905,0.1415238109312818,0.0709140104522476,0.0788893505395634,0.1007688037370371,0.0832095928311532,0.0849388688750941,0.0739461182129648,0.0951016521878995,0.0565685221865263,0.0889353227164342,0.1263381980436141,0.1207811543662458,0.0568398398904916,0.0697883016172712,0.0912233799003338,0.1124430671196341,0.0685549355957113,0.0967133914858288,0.075065923284633,0.083061073344412,0.0999052439959952,0.0770221119082785,0.1165472833376987,0.0716678479830394,0.0658096186593863,0.0883227882462308,0.0734612386039303,0.1027226927419192,0.084779939365869,0.0978261820294453,0.0888174206957982,0.0977571138197684,0.0964752860465069,0.1027623543863567,0.0833809782968586,0.0821189221629633,0.0643576541765358,0.0868884373256956,0.0874972697885077,0.0647261553703079,0.0832168470302582,0.0926843087354257,0.0738078545496741,0.0881465885254287,0.0823392678831987,0.0988885481580384,0.1034334654436375,0.1078044065006895,0.0871586493969935,0.0866950749034323,0.1001100582567383,0.1131766656924335,0.1322407722229813,0.0894972302190816,0.0972511238112956,0.0984136277243414,0.1549936744287298,0.0923120698604749,0.0650269724233722,0.0499670706513375,0.164076465883227,0.1385131879088771,0.0601443832570513,0.0946338103664795,0.0787999722661275,0.1222710966693733,0.0988296557889512,0.0886149099741392,0.0966120270858786,0.1038560508822334,0.0981753901941525,0.0810418617832687,0.0884050083542311,0.0807866924123552,0.0896517861591759,0.0646227725556399,0.0757169237786915,0.0908388779792991,0.065756355405437,0.095000614757136,0.1044630265655704,0.0915792727173731,0.1299102754007996
0.137614535928419,0.1174589918304189,0.1381511989370705,0.1134855658880204,0.0,0.0952995945581844,0.1384319747457739,0.1223036354116357,0.1388457238751091,0.1194724099572587,0.1567979500784011,0.1608808906715091,0.1385037244728827,0.1463104209871653,0.1134440571699806,0.2199230959283845,0.124198922780007,0.1910399856642836,0.1010747164326661,0.1358972789771894,0.0971302072688324,0.1658263356215704,0.1295842848295207,0.1623642410975595,0.1644995273299733,0.1241581281240358,0.0928202504212485,0.1364547270412467,0.1201488912735097,0.0972603240311645,0.1469928748585072,0.1580800267315383,0.1645779817420775,0.1024874612982463,0.1652812588992435,0.1055845815930796,0.1359503164044541,0.1647565887341781,0.1091294804345135,0.152465936816862,0.1165265360917097,0.136340776030803,0.1142073716784005,0.1165461436548929,0.1004281558207486,0.1516617023293169,0.1365528764921435,0.1455104045024504,0.0958211985269893,0.1166538511303301,0.1396669811988095,0.0918167665029225,0.1261961293863763,0.1495677884249088,0.1116541061583347,0.1188185862371652,0.104273588021533,0.1288243269220145,0.0969960965630907,0.1197433090441253,0.0860987015193379,0.1456037886214159,0.1607825223591982,0.1917184991118946,0.1841418845802171,0.1545964963126681,0.112411069656907,0.143713818362798,0.1231913142608905,0.1847340805831936,0.1402623188456225,0.148709403938973,0.1285952692991812,0.1142187005954708,0.1404142209548829,0.1227886284745789,0.1180461508818451,0.160985375878543,0.1832430922076579,0.1011634046167978,0.1734894107799569,0.12454570083144,0.1771675823347289,0.1769000958245086,0.1669675202794348,0.1494506586461603,0.1380104350020305,0.1891839557416317,0.071923215409081,0.1273348521944301,0.1312834376397216,0.1421092121335291,0.1281042605339482,0.095345551767148,0.0914640307176996,0.1162210587999857,0.1684398634146396,0.1020355414104038,0.1129843626282195,0.1638399158092172
0.0795011504013923,0.0926076046723186,0.1012689948114918,0.0632434078713868,0.0952995945581844,0.0,0.1179161455556922,0.0846291076177488,0.0861745547678453,0.1063454474501439,0.1052560673568141,0.1225129148551612,0.0956406914037566,0.0986003076768101,0.0667092157258178,0.1761344000588824,0.0686332826613296,0.1529048947324873,0.0584002408072806,0.0779588863092764,0.0725578373892427,0.1104417342373586,0.0807279535407205,0.0954872026176066,0.1194350346101945,0.0742900327743129,0.0755699438131059,0.1073484739082971,0.099036991122543,0.069718432932919,0.0923976786932662,0.1050919174919685,0.129966381657595,0.076156651745477,0.1275997924385294,0.0775692824486714,0.0890280515101809,0.1196561512566284,0.070591705172425,0.101055990685432,0.0927975917595619,0.0853204932439019,0.0864958766650943,0.0831275104574932,0.0950718263525898,0.0873870346854049,0.0740335938419359,0.0997652220954978,0.0732449824882106,0.0759038152807608,0.1126617267115329,0.0691805383872309,0.0939438666520205,0.0936406820171925,0.0777458371362399,0.0871124485326859,0.0702350365984013,0.061855152239542,0.0862368828057564,0.0828280462532618,0.0510005103309463,0.1035828960798511,0.1259066416620987,0.1334524034438635,0.1300689471377795,0.1240666605765286,0.0683459417762419,0.0958637999153571,0.0693804980397854,0.1318782021645057,0.0813668426888634,0.0757436366722141,0.0903164079773851,0.1087650646846164,0.0961976079777345,0.0823253123387101,0.0739634994535184,0.1303135868550628,0.1246535094912825,0.077165848256687,0.1217580068414208,0.0930922985837569,0.1323684661652869,0.1320729373801454,0.1192695709470798,0.1315654384487859,0.1051513517290139,0.1249024252496158,0.080119373430166,0.0685995550712019,0.086681185691938,0.0961216741471485,0.0949894016894209,0.0600426884384511,0.0899247149571478,0.0928137897989439,0.111471478333192,0.0862510900173816,0.0928049683112436,0.1081061909133849
0.1289749227113247,0.1384559031418717,0.1421687126002857,0.1142505510195152,0.1384319747457739,0.1179161455556922,0.0,0.0664371074403856,0.0950890319287469,0.1755983295924265,0.1281597172794878,0.0905289088571642,0.0576582586157631,0.0936910728974135,0.1239975980787088,0.098542587827045,0.102923386577347,0.0826244451949615,0.0868594579480689,0.0911537896491948,0.110772695156185,0.1656082721358149,0.0960242214750946,0.1480714879547976,0.1363883622991328,0.1294357428574705,0.09300489779824,0.0760062882308952,0.0942580184616833,0.1039709006829239,0.0957768348472714,0.1160917241283264,0.0928418090286484,0.1535557840443833,0.1190686330062108,0.1049007116835361,0.0946524693328897,0.0886076137094198,0.06738006252389,0.0672500125413647,0.1400709283524461,0.0967486160868502,0.0822048064118465,0.1005580878739902,0.0818461522200461,0.0875017702959942,0.098098176241953,0.1053676669031804,0.1046151275851732,0.0808325442302893,0.0664353688961325,0.079037938696486,0.0648183742544986,0.137453656401909,0.1278315479175152,0.1279105698718777,0.1062563764137377,0.1078490300113852,0.1539554998100258,0.080911587115191,0.1027055395014168,0.0943869913851398,0.1189440012325587,0.1549657712893691,0.1479156139372397,0.1677798296249012,0.0978511701398292,0.1197363008435367,0.1500170186327188,0.0949785503117657,0.0932694605051506,0.1176902103161657,0.0559754407064685,0.1693314723847964,0.0858938239062597,0.1298257091506219,0.0914985915143943,0.1135965430625755,0.1052228988046548,0.1344124689518389,0.1433678110592833,0.109856540981986,0.0875303106550528,0.1458842849770887,0.1435417672357735,0.1659523673534935,0.0672536124160889,0.1456712887353327,0.1288149395377065,0.0880955411265806,0.0814603821671256,0.0867735327397405,0.1141346688598879,0.137660086503035,0.1307784386271722,0.1097534576289208,0.0870605482549381,0.0941739249869882,0.0665958456833114,0.0880606730001106
0.1090050624352093,0.102050850895868,0.1058606725523515,0.081185776444554,0.1223036354116357,0.0846291076177488,0.0664371074403856,0.0,0.0752203292315527,0.1417687558913519,0.0956066888083256,0.0956382606075426,0.0639319838800909,0.0736883035748118,0.1047738791521498,0.1355774311783406,0.1064337344661824,0.1053731627533949,0.0620905654422396,0.0693671190219535,0.097394264276444,0.1416479257372969,0.0877712614786905,0.1217883821486121,0.1113589712375881,0.1019122296880173,0.0859123994176653,0.0717028192035395,0.0894198656403555,0.0794196868881936,0.0858395547406596,0.1154990390743176,0.0945162922105221,0.1277165585125539,0.1127952137576499,0.0687983670963567,0.0817263198226041,0.0864977799950266,0.071585256952373,0.0831157400166856,0.124235984846526,0.0770802093279966,0.0613053215271349,0.0792616780732553,0.0627559974424618,0.0936563382954597,0.0834514282630468,0.1037911314981846,0.0835944365696034,0.0682999072813718,0.0831175568648124,0.05739728683819,0.0686085853680526,0.1069168544453172,0.0907815422882034,0.1130050968204125,0.073661791422471,0.0867817458047943,0.1098046916731737,0.0713865852301953,0.0856786020054219,0.0891019577616112,0.1079302384520892,0.1335297818285872,0.1383745492997257,0.1396943531144984,0.0631411759613266,0.1038141289891413,0.1175384203643341,0.0980382306896322,0.1024041628639398,0.1132593026520829,0.0578660640301986,0.1456261183566829,0.0565721094660132,0.0995810993711288,0.0709401123097197,0.1152769148075604,0.132212536334303,0.1030997859819797,0.1243685628677806,0.0817380967212497,0.1084472989573709,0.1228429037064643,0.1227069572998946,0.1469604159744285,0.0796420496493858,0.1242836023176151,0.1013766627396495,0.0827728921331813,0.0615919824531401,0.05856688222837,0.0834921827453141,0.1003117714598567,0.1050751119241874,0.0819019009986175,0.0826143279540282,0.0941246139769527,0.0608508334937261,0.0975131396375218
0.1013162566963181,0.0749414864399811,0.0843125390405498,0.0933319760206945,0.1388457238751091,0.0861745547678453,0.0950890319287469,0.0752203292315527,0.0,0.1096990306558842,0.0967627280735739,0.11169025988218,0.0903367449081652,0.0862698270634637,0.0991081451646712,0.1481080739216889,0.1005474545967369,0.1248154199525895,0.070806641655637,0.0669704544879852,0.1046444361559551,0.1449044921518931,0.0971982626628409,0.1266407246137488,0.1093969119129324,0.0937843564943734,0.0895968050156008,0.0899528471654632,0.0787718409498603,0.0994062309451743,0.0837571979347819,0.0997899459649277,0.1179811969002149,0.1276230066849865,0.1281594415173962,0.0632693226729306,0.085820078938603,0.1008795133051958,0.0833741331457365,0.0870198832569679,0.1215383938283575,0.0879302162564222,0.0882813709913348,0.0787071721175695,0.0994800287036541,0.0814884230042141,0.0761962726094764,0.1102732139171184,0.0747797339737592,0.0812555927416071,0.1078525601416204,0.0722782425325915,0.0803614088364619,0.1235518365053373,0.0700193866910945,0.0964949284060957,0.0744899443681513,0.0607817526760407,0.093576257411672,0.0833329689906819,0.0879575743575408,0.1009968943789649,0.1207078074711387,0.1497953535953274,0.1473925427162259,0.1454041003932736,0.0657190595509445,0.0740397780412242,0.0833667022006306,0.1184435408578132,0.1012769782515255,0.0972069204054519,0.075033019829836,0.1386293215695401,0.0673947294234273,0.1050977223554489,0.0874857312300331,0.1157799292495046,0.1378332488368934,0.0970746239976743,0.1212031516566551,0.1087631105649113,0.1099450861828175,0.1337137572377798,0.1327514767302854,0.1544894009574691,0.0946940111317497,0.1419275109762982,0.1032259579327916,0.0787783930914371,0.0740063524991066,0.0614648107093417,0.0868763251595312,0.10759094434917,0.1013149575197119,0.1056626564230361,0.1009297189849183,0.0820073648456893,0.086219791424648,0.0826403195441247
0.1403345468939842,0.0733703826983819,0.0740007456080799,0.0999645708103672,0.1194724099572587,0.1063454474501439,0.1755983295924265,0.1417687558913519,0.1096990306558842,0.0,0.1280245995913147,0.1592460206495391,0.1496905671190866,0.1516565757616634,0.1216070612343144,0.2334916073992924,0.1493662505784843,0.202007401986298,0.1188050139226714,0.1310409801998148,0.1521314066322698,0.1324579660791665,0.1523425712989067,0.1409961776929671,0.127710729930142,0.1078645846831025,0.1241905161468303,0.1671368484275254,0.1298034810800261,0.0949104920282007,0.1370815448045949,0.1421814205312337,0.1698005809604044,0.0870743077538429,0.1523045901929975,0.0990120122037632,0.1247364781529183,0.1523661922848029,0.1326664360664685,0.1697850667775554,0.1041788471882229,0.1170838180552861,0.1190386883402526,0.1057695241957564,0.1482991227895581,0.1448888483390575,0.150431406614648,0.1399147340872351,0.1112366024515545,0.1367287160823143,0.1667424407312581,0.1136592311292622,0.1483767698451279,0.1246756320450267,0.0846163540518138,0.1077331257087474,0.099370619010788,0.1217292868087978,0.066799274315832,0.1206379499069933,0.1252001081390223,0.1385670930578152,0.1497440066422709,0.1678658975168955,0.1515222018393688,0.1200293663536184,0.1186275166204105,0.1265169886567487,0.1148912903991911,0.2066153915608886,0.1521965762579211,0.1582353274431503,0.1476255969851264,0.1589504152891268,0.1299275743092314,0.1027456528678017,0.115431578399862,0.1906511232891606,0.2120279008341914,0.0974447260147086,0.1451921384198976,0.1450344995897211,0.1813204453586403,0.1395278447741132,0.1407199048550368,0.141349582503272,0.1555701326411365,0.1555139007317718,0.0995780338489351,0.1374671054106472,0.1292664362855289,0.1348730846612952,0.1046794198148767,0.1128925340523767,0.0974714742352625,0.1161048968675662,0.1565277858185498,0.1225937742007346,0.1472535151772053,0.1659844626852057
0.1063766216201752,0.1239520716750935,0.0879192250512155,0.0778839659506963,0.1567979500784011,0.1052560673568141,0.1281597172794878,0.0956066888083256,0.0967627280735739,0.1280245995913147,0.0,0.0763188584628856,0.0896558435429875,0.0740103982777494,0.0926090069470488,0.1406257245351345,0.1340580926855303,0.1271710895680195,0.1035698404006295,0.0862223766451554,0.1493028676229824,0.0915353166458304,0.0861671049067995,0.0907017316035928,0.0678281484237147,0.06634652866576,0.1051946950851001,0.1326707015782884,0.1471258995712705,0.0973755562741477,0.0581900436949255,0.0499820188351582,0.0797555290559122,0.1189436152413475,0.0723619748348339,0.0995181516786075,0.0669903026207084,0.076336742704126,0.105921577892469,0.1303942118487676,0.076614616771085,0.0695944379902519,0.0898442731844664,0.0754333272849705,0.1359511820253355,0.0810325676046921,0.1144570657047442,0.0862439395722025,0.10746959191606,0.1244313833914491,0.1187146701546744,0.1016867450376032,0.0834264729446377,0.0831128383624921,0.1089291161483999,0.0868895613965894,0.0772673790460815,0.0968816157113799,0.1276965220610035,0.0754927403269212,0.122065339408672,0.0568389995319966,0.0553105507224272,0.0781267251881985,0.0957169354381113,0.1013085964850846,0.1152060607491543,0.0784213712850661,0.1417049147158088,0.1367976273163668,0.1158488632854591,0.1102617057626657,0.0964568883940396,0.1983756314828792,0.0867201494864114,0.0881952935215288,0.0728564546282151,0.1789306650134687,0.1653082059625731,0.0962361040401471,0.059815448219891,0.1195564486700304,0.0925446771801636,0.0751019378404208,0.0739151107142987,0.1072740610162432,0.0961728588160933,0.085725222407146,0.1154934643330215,0.1176060549971769,0.0720274807530797,0.0903710740692461,0.0539283700208992,0.1283582291770558,0.1122213221928355,0.0824692821630495,0.0822393094950955,0.1260787055956342,0.113573992295054,0.1399142588307353
0.1280020547549195,0.1494199964719835,0.1199410499286803,0.0997664431658045,0.1608808906715091,0.1225129148551612,0.0905289088571642,0.0956382606075426,0.11169025988218,0.1592460206495391,0.0763188584628856,0.0,0.0709545870606659,0.0742841119584171,0.1110932613181849,0.1072349757137181,0.1396285093474383,0.0994045642687624,0.119399518345797,0.0984675154821809,0.1494271627895418,0.124173592496226,0.0943457062753118,0.1143795725056882,0.0928390782967645,0.0993392969318514,0.1023967931620962,0.1213530682892002,0.1428100442952388,0.1070121691326936,0.069113092832478,0.0793416938678123,0.0574279711942378,0.1384461892913897,0.0779948837943134,0.1162029865637533,0.0649745153300025,0.0478607074324243,0.0986597440121099,0.1151266950768201,0.1047814737081077,0.0714987101256476,0.0764883236138331,0.0835734226810878,0.1260214867018854,0.0860204427385326,0.1235940090974917,0.0743444276404685,0.1163768507809206,0.1199401257945569,0.0813817617665159,0.1027411062250318,0.0679478452162405,0.0988250380918105,0.132653063253935,0.1065713522693738,0.0907841501472086,0.1157471686367154,0.1560444189049337,0.075005439716723,0.1298092299774265,0.057013504479566,0.0649788708209335,0.1097457275391837,0.1054611783820544,0.127183039327586,0.1276956441830385,0.1029174059426491,0.1642853974878462,0.1158360398996314,0.1090842795213152,0.1145003008580128,0.0823111908820884,0.2151487410474763,0.1006366406677696,0.1201402504469325,0.0799164683754258,0.1689638127331655,0.1472381913544614,0.1240148776687105,0.0993419783283679,0.117051857917115,0.0698083594819049,0.0936508186088522,0.0886071848542482,0.1147413269368654,0.0768546959070964,0.1027417829382062,0.1311529079386367,0.1158797419887048,0.0739908955087111,0.1047402711455368,0.0809365322596759,0.1512497600949251,0.1259632582676585,0.0883039326987697,0.080860779205974,0.1236033263356653,0.1042788207025319,0.1310851372394055
0.1082416417920325,0.1271867242441729,0.1131141028407526,0.0823928424998544,0.1385037244728827,0.0956406914037566,0.0576582586157631,0.0639319838800909,0.0903367449081652,0.1496905671190866,0.0896558435429875,0.0709545870606659,0.0,0.0658549997164207,0.1007887017751532,0.0991137736934864,0.0996088775750798,0.0803214767839894,0.0832394467722425,0.0753745059038735,0.1135408755403482,0.1331481774149054,0.0717787020593137,0.114611878193149,0.1109066335249523,0.0965060394907934,0.0777304076283057,0.0879275002153626,0.1023425870586874,0.0960253353332701,0.0617977494604851,0.0901775499200119,0.0733355891702238,0.1254480705609932,0.0875913955767077,0.0865143159385824,0.0628094673153688,0.0600722769037568,0.0558768930262143,0.0832253475225727,0.1040546567243601,0.0667882997873158,0.0706394643355383,0.071911051117602,0.08752886360898,0.0699502594844587,0.0857682011641571,0.0880705708194024,0.0976347284614138,0.0742697859191789,0.0634611280539484,0.0756769786764167,0.0481518115294258,0.1029041018914118,0.1071114913059125,0.1016535467264335,0.081147715588925,0.0906087237032645,0.1314481470879997,0.0585126056887661,0.0908431419138923,0.0647976140418568,0.0902736804222058,0.1186115234822862,0.1194728475423286,0.1425948681527756,0.0930374345380197,0.0993572684026453,0.1421554987535994,0.0927591145353771,0.0846798664119324,0.0998802395530859,0.0530836516612274,0.1762693876646945,0.0689953911005621,0.1060190797747509,0.0617842096988502,0.1299091790131905,0.1143165155106252,0.1090697601435506,0.1065465340585792,0.1004833732285064,0.0728468184487478,0.1166089221371033,0.1089813193356783,0.1370944532920853,0.0562312172318743,0.1109987770829128,0.1083161297012313,0.0805039790728621,0.058193294304854,0.0751649610557646,0.0796741278840966,0.1216329584230433,0.1210386903141164,0.0749957404815775,0.0565605495391384,0.0861521565586796,0.0644029097123186,0.0931387206339391
0.1010553096899016,0.1273571037899505,0.1129396772877962,0.0860304421017224,0.1463104209871653,0.0986003076768101,0.0936910728974135,0.0736883035748118,0.0862698270634637,0.1516565757616634,0.0740103982777494,0.0742841119584171,0.0658549997164207,0.0,0.0825360971313628,0.1155443177753804,0.1164785336141829,0.0938605458493974,0.0939949669720575,0.0603271221117573,0.1291859711436556,0.1188048581031749,0.0854095429725538,0.0916186868897289,0.0816810544449217,0.0777629787634508,0.0899605755065022,0.1164932432973975,0.12960772993466,0.100743582736121,0.0549344720825521,0.0743960103481484,0.0756526037955132,0.1300301426131994,0.0880993085525899,0.0963687575601012,0.0747769789126102,0.065200023299133,0.0858983921785417,0.1008995284991713,0.1006334766884828,0.0607966891396205,0.0873365178868639,0.0897974421031567,0.1176690308404438,0.0800168119826028,0.1011055425432166,0.0721002163397381,0.1056057237169473,0.1042682477529218,0.0872414566109428,0.0894986988441417,0.065170818243585,0.0880064220735178,0.1107966381331647,0.1097094524293042,0.0722792106002315,0.0895674264764411,0.1357329491338404,0.0744842526881981,0.1023222435873711,0.072113169906627,0.084880844660975,0.1087393975753132,0.1018709849074107,0.1212246423222183,0.1045560901607541,0.0767666853713025,0.1377256312663552,0.0826776894224083,0.0858036004714901,0.0931198242779109,0.0834552416900995,0.18522282253889,0.0782822279573741,0.104434636134009,0.0746246848662718,0.1575873565770927,0.1284767758840407,0.1045787642696234,0.0915015857042122,0.084384924691165,0.0683127451246391,0.0859637663106514,0.0922396094256906,0.1258478036892016,0.0824671118311676,0.0856725918907014,0.1176782728510899,0.1048790910655549,0.061356316158674,0.0641967199136061,0.0802384593051246,0.1245641911595833,0.1150358254934916,0.0768143431302647,0.0582471827022283,0.1094543913910224,0.0891495385065984,0.1209665355659058
0.0912746700363645,0.1214939503670398,0.0987253548909998,0.0656696680160712,0.1134440571699806,0.0667092157258178,0.1239975980787088,0.1047738791521498,0.0991081451646712,0.1216070612343144,0.0926090069470488,0.1110932613181849,0.1007887017751532,0.0825360971313628,0.0,0.1754452867297253,0.0887672162826543,0.12750328064723,0.0839970136591278,0.0830499286907922,0.1097861624962685,0.0816258925505606,0.0886523050925356,0.065498493189495,0.0916338994103628,0.0485791777235726,0.0957640759990208,0.1456353280334058,0.1312375822112552,0.0895018770487437,0.0742166857026904,0.0941050301696863,0.1099675939416014,0.0837048302594287,0.1010414486592287,0.0830242175346576,0.096032444605845,0.111373260822331,0.0837198302746539,0.1111001891783411,0.084903012094891,0.0776330784195351,0.1150220120525172,0.0961909740642468,0.121559748058646,0.0927342868675223,0.1032468887447783,0.0743087902726149,0.1142045549395558,0.102724766942782,0.1100639076703157,0.0940540965350232,0.0933837574009559,0.0735821086864018,0.0992888847787088,0.1050948459065062,0.0728698879983772,0.0826942400263415,0.1002174918268218,0.0808784326168537,0.0776018255423266,0.105694122876775,0.1019268977165141,0.1056703576388685,0.1016341308113811,0.0804423051280562,0.1030865371585527,0.0822444131472837,0.1054638343652255,0.1268942868580884,0.0808900991716854,0.0806641149936057,0.1140731453811298,0.1470743828365229,0.1107267782545393,0.0820358139348391,0.0719008590675023,0.1740648454600329,0.1271837465042645,0.062106599774675,0.093519427103556,0.0812724111634272,0.1046923208588623,0.1004540694492547,0.0964165285162207,0.0926795541029908,0.1282658293197091,0.1009121239463698,0.1101720209473533,0.0907496418168828,0.0765377179188267,0.0975530344511218,0.0994098137061421,0.0761101862551822,0.1001245229261787,0.0905780324087126,0.0886744300135958,0.1129578465185356,0.1057185106134177,0.1428473411964111
0.1680645961406001,0.2044328590819961,0.1973105871394526,0.1640499066744441,0.2199230959283845,0.1761344000588824,0.098542587827045,0.1355774311783406,0.1481080739216889,0.2334916073992924,0.1406257245351345,0.1072349757137181,0.0991137736934864,0.1155443177753804,0.1754452867297253,0.0,0.1618936252175966,0.0886828451897872,0.1609698750967179,0.1286315261564238,0.1818275610116691,0.2066208487495487,0.1348266411340002,0.182166676516274,0.1727271277344149,0.1673259017922231,0.1500561369308301,0.1322667174428326,0.1672214445673592,0.1746736919534681,0.1215281582346525,0.1302331060019198,0.1057518712737455,0.2059508678977142,0.123724298464405,0.1703173851011007,0.1284151078946018,0.1004867201147254,0.1280679448630543,0.1356195469647914,0.1740071491914461,0.1367743443344543,0.1431502253216347,0.1426510603246626,0.1647672430822653,0.1179598193476267,0.145843505295689,0.1419635946882249,0.1592579011580076,0.1533827525619025,0.1092157379493998,0.1508097095462747,0.1013446828093277,0.1701440607439227,0.1918300816355473,0.1718205715133621,0.1582771497615865,0.1593832961633451,0.2188457900187129,0.1376323276958054,0.1732946961532815,0.114750276160996,0.1290529464641231,0.162927756217422,0.1719795580661549,0.2061418564455484,0.1716461319050144,0.1440416587608316,0.2048064684391509,0.1161256190033638,0.1240371970062187,0.1565563282751166,0.1081757717363864,0.2362222668526827,0.1315022954725608,0.1829859615508258,0.1471333518371829,0.1644342602365769,0.1373306158935776,0.1941004400654183,0.1620343150593762,0.1543916931734777,0.0925177304725209,0.1730743165444263,0.1733949612440023,0.2011933176530262,0.0976440959055185,0.1563033655627979,0.197671386218733,0.1448885627048038,0.1306649184123707,0.1396364432842456,0.1441129724708091,0.2075999142422179,0.1936938340172017,0.1482334535359689,0.1063050516370928,0.1560590820565745,0.138133033523629,0.1218106506648273
0.1080560918064961,0.129085281263435,0.1446935699439135,0.0977540998886905,0.124198922780007,0.0686332826613296,0.102923386577347,0.1064337344661824,0.1005474545967369,0.1493662505784843,0.1340580926855303,0.1396285093474383,0.0996088775750798,0.1164785336141829,0.0887672162826543,0.1618936252175966,0.0,0.1270177229330583,0.0817569603200832,0.0886713924686709,0.0862191318913216,0.1363894392801163,0.0998315760701881,0.1118626251895252,0.1479277345735708,0.1047019685391364,0.1082835675195801,0.1197230570111313,0.1094535775027727,0.0915288725877228,0.1051025035325223,0.1361056846801291,0.1355808506702643,0.1209157167319458,0.1332528200014888,0.1082052316743752,0.116171285744708,0.1325663025787493,0.0654386510951784,0.0760707951161738,0.1314789259728113,0.1032531275806216,0.1184800917182401,0.1170351888245782,0.0992923796444393,0.0946605080550299,0.0881711281689924,0.1088000971666854,0.1090187725460923,0.0929272747092617,0.1112520366660186,0.0966151870568164,0.0950144549891084,0.1191246849282885,0.1192441834777035,0.1202501085410364,0.0997574948143885,0.0826936167783699,0.1239310085625098,0.1156989592932152,0.0695752547266239,0.1312039858072577,0.1555843430062574,0.1528382134227189,0.1412371127556954,0.1446315246427514,0.0915269788591121,0.1268248838472694,0.0980754963240287,0.1045171331858057,0.0675598982050432,0.0879436303433638,0.0953781412771841,0.1247205506489304,0.1060403452240192,0.1134443634173289,0.1033632933363667,0.1442181061238951,0.0934643528783668,0.1055731950712673,0.1546998336464344,0.0953452701780702,0.1243255816256456,0.154659908695607,0.1434959013935108,0.1423671947765614,0.1211387028015567,0.1428928254028219,0.1238671776734587,0.0611098618516204,0.1054914596145642,0.1008876816495975,0.1259100133300543,0.0860772059020832,0.1218696628171076,0.1208076584523842,0.1085227516387882,0.1117878634309328,0.1016868746939738,0.1072346879370497
0.1505919361665136,0.1746259484052212,0.154821100561619,0.1415238109312818,0.1910399856642836,0.1529048947324873,0.0826244451949615,0.1053731627533949,0.1248154199525895,0.202007401986298,0.1271710895680195,0.0994045642687624,0.0803214767839894,0.0938605458493974,0.12750328064723,0.0886828451897872,0.1270177229330583,0.0,0.1375466385230316,0.1042318227182489,0.1620281358851949,0.1588262542376,0.1167916106030979,0.13407591982649,0.1296598973787194,0.1400690712568389,0.1361159666221315,0.1249957625189174,0.1441434138202822,0.1473723201616388,0.0999677887219877,0.1216361814357981,0.0788801663636242,0.1822883011450099,0.0968693272673885,0.1359757344949778,0.1170169565077243,0.0877487519322118,0.1036498562595492,0.0974305319715116,0.1602177186773859,0.107275964128661,0.1211336885544897,0.1257427012774886,0.1318423995342118,0.1004653921949219,0.1367185616348651,0.0994938730155283,0.1486441203597295,0.1175421649400917,0.0787604870296513,0.1312497280239171,0.082725402143456,0.1275917189067741,0.1617051233926621,0.146192342739431,0.126234113472589,0.1342225062824655,0.1853193280133872,0.1067149281206783,0.1426754164669467,0.1130135585864339,0.1184206799369895,0.1286258872180585,0.1321617707583173,0.1553863999151156,0.1409009548897377,0.1259602719591042,0.1773651621184918,0.068155669333471,0.1030969165071079,0.1278502064175274,0.0928507752407501,0.2288312128713398,0.1010602471594306,0.13861252839936,0.1231628693769935,0.1600736940038862,0.1112516349097861,0.1541533224265324,0.1314142766092604,0.111667225308855,0.0713863743312299,0.1325437430065209,0.1376214458264967,0.1578350793227274,0.1035116440122026,0.1158078696591468,0.1776264447513399,0.1120240957986494,0.097430261421782,0.0992579522024314,0.1355899618866226,0.174864673238273,0.1693939901170665,0.1207405364439201,0.0729421101362593,0.1414827918188941,0.1091602471727168,0.1126193051906604
0.0866485148480982,0.0853941606260864,0.1050758269038655,0.0709140104522476,0.1010747164326661,0.0584002408072806,0.0868594579480689,0.0620905654422396,0.070806641655637,0.1188050139226714,0.1035698404006295,0.119399518345797,0.0832394467722425,0.0939949669720575,0.0839970136591278,0.1609698750967179,0.0817569603200832,0.1375466385230316,0.0,0.0733649399036645,0.0691730186461121,0.1321736724426435,0.0787192169057297,0.110511440398412,0.1294800686628022,0.086086038662742,0.0677960269293812,0.0762446145148115,0.076423745391799,0.0734968819191056,0.0918845610050353,0.1073571265734618,0.1260786456643561,0.0965424237607105,0.1295936520378597,0.0594394608875672,0.0823817735321051,0.113983651968179,0.0616205792018011,0.0770578990655573,0.1042058323449601,0.0935809010607745,0.0832209195862014,0.0874588484154841,0.0690753664188454,0.0887819764716549,0.0767589093534575,0.1035775264867662,0.0760343458162602,0.0656654292816639,0.1076275092303505,0.048033548406181,0.0784785767198383,0.110721257417559,0.0860686987407901,0.1028708624676691,0.0658226131109716,0.0688748642365123,0.0917851936227451,0.0733615081719426,0.0545539303308587,0.1053374276642999,0.1276396659321018,0.1487819038744526,0.1434782291967803,0.13562064344709,0.0579988291268847,0.093850504612965,0.0943423011809627,0.1186062335559783,0.0868099717364217,0.0949826004895583,0.0746400412725569,0.1126416973955896,0.075732566455054,0.0968864969685431,0.0661114023124357,0.1070300713090087,0.1161029113555587,0.0838170423507986,0.1297443341359155,0.0884614215391433,0.1199360806049092,0.1422326707817092,0.1284450157208331,0.1432254936525377,0.0851642419561923,0.141025708271784,0.0834063154573763,0.0717339583131101,0.0734208876880909,0.0742563374416864,0.0925847330144253,0.0718668146088395,0.0876904902350101,0.0952309872065672,0.1065231794621331,0.0764914075732314,0.0676290070199212,0.0951548401729872
0.0793251904351643,0.1061100169974588,0.0980899562150698,0.0788893505395634,0.1358972789771894,0.0779588863092764,0.0911537896491948,0.0693671190219535,0.0669704544879852,0.1310409801998148,0.0862223766451554,0.0984675154821809,0.0753745059038735,0.0603271221117573,0.0830499286907922,0.1286315261564238,0.0886713924686709,0.1042318227182489,0.0733649399036645,0.0,0.1082606894835122,0.1251406603536575,0.0836201342255338,0.1010893422440953,0.0943545726874773,0.0872892670826737,0.0814590021555272,0.1012275582447903,0.1035658660061811,0.1011608758778432,0.0744343661873336,0.0930450017773783,0.1084414393223296,0.1130854228343634,0.117058928115265,0.0711673594099292,0.0770697688590849,0.0898231115021749,0.0717908085225908,0.081144891745482,0.1134912434175835,0.0715400895862016,0.090059080146683,0.0905578374253404,0.104970899841988,0.0669636419892457,0.0850672469024212,0.096838804598883,0.1005099946570634,0.0782573358303195,0.092681634246654,0.0756182740768451,0.0685459818282712,0.1002834662829687,0.0894072652400777,0.099445649302092,0.0705155820712753,0.0531423404288591,0.1079668379163214,0.0702057462532713,0.0774737288110916,0.0950180650240417,0.1096250015856602,0.1291779302754282,0.1270027793223081,0.1238305599225345,0.078788618779362,0.0747311658321477,0.1099958442429891,0.0949483746402492,0.0659272508018951,0.0886225129675611,0.0827906823449793,0.1498124353209983,0.0738544394687179,0.0979888794865587,0.0787193448610624,0.1290393306375065,0.1210586146944732,0.0927938298822132,0.1040622779794029,0.0928876993010867,0.0915864541013194,0.1131641840299374,0.1118332451537133,0.1410226904103417,0.0967730279456935,0.1118207647586444,0.1106431005534777,0.0713232446610259,0.0639296562185742,0.0587820392266022,0.0874169917010747,0.1028873390194992,0.114125781872194,0.0920018280624175,0.0666337431894706,0.0834274500225811,0.0800026851456856,0.0916347404886815
0.1156987746421306,0.1184094887932464,0.1536522173749271,0.1007688037370371,0.0971302072688324,0.0725578373892427,0.110772695156185,0.097394264276444,0.1046444361559551,0.1521314066322698,0.1493028676229824,0.1494271627895418,0.1135408755403482,0.1291859711436556,0.1097861624962685,0.1818275610116691,0.0862191318913216,0.1620281358851949,0.0691730186461121,0.1082606894835122,0.0,0.1552257094108359,0.0994643926170002,0.1265160720561425,0.1601632684980427,0.1180014365573792,0.0923333425394101,0.0893788227827446,0.0965719224632058,0.1003236693031393,0.1190010575484477,0.1432507312066623,0.1576005704307184,0.1132557895690305,0.1577408538185607,0.0956314965576779,0.1279497595513552,0.1447519743505775,0.0827609884180156,0.1004568703178444,0.1340223957738268,0.1240713138994449,0.1099987525735318,0.1100776145560474,0.074763047644962,0.1113092395789851,0.0887150029728584,0.1333041685005243,0.0911183332160533,0.0874044911604219,0.123407204271274,0.0829441433475918,0.1038341640710871,0.1282721321854734,0.1127560159572423,0.1089007876461795,0.0987522325334734,0.0853718350766936,0.1263191199744371,0.1106765982501439,0.065353968874386,0.1356877181756393,0.1673253184680203,0.169038726437359,0.1636396827672875,0.1653472156324741,0.0730406653502837,0.1259628418270282,0.0871547417161036,0.1265001365076227,0.1008000809168493,0.1007607946688272,0.0942491351778697,0.0903930269134598,0.1104309377849157,0.1162519477733705,0.1034298426009232,0.113478744853637,0.1078670653620215,0.1209386750651355,0.1725123543381938,0.1019415204022475,0.142545803488495,0.1737434355265019,0.1625160111555852,0.1670522304116796,0.1133650339957423,0.166121129235411,0.0913783898635548,0.0752438217863628,0.1122900977149331,0.1090674637472776,0.1235255847800485,0.0985827627386934,0.1052736399057958,0.1255542890598551,0.1408295626319189,0.0817535420487269,0.0936978720399733,0.111505947094268
