0,1,2,3,4,5,6,7,8,9,10,11,12,13,14,15,16,17,18,19,20,21,22,23,24,25,26,27,28,29,30,31,32,33,34,35,36,37,38,39,40,41,42,43,44,45,46,47,48,49,50,51,52,53,54,55,56,57,58,59,60,61,62,63,64,65,66,67,68,69,70,71,72,73,74,75,76,77,78,79,80,81,82,83,84,85,86,87,88,89,90,91,92,93,94,95,96,97,98,99
0.0,0.0895389966258837,0.0984727655872385,0.08787194986839,0.0586728161762239,0.093596887875941,0.0691910527134922,0.0806102501695758,0.0751397222289147,0.0961261661659885,0.0757098639957394,0.0487561970187311,0.0866741674141005,0.1207553359838092,0.0904891576506934,0.1268867166934955,0.0837916268549032,0.1116328642661683,0.1188583075187072,0.1155234589709361,0.1007814175299503,0.0690736024441941,0.0775920522291005,0.0956207894613933,0.0973003067656162,0.0959609741327229,0.1498884614816908,0.0772926176993259,0.10078829823041,0.1060180044432953,0.0709492599493417,0.1068670735337404,0.1367551635006902,0.1371520610742715,0.098242143002388,0.1051557800679661,0.072952243994164,0.1078427866176777,0.0917739303564322,0.0649124214773566,0.1391434697969488,0.0957854162478956,0.0889719316421779,0.0696292393365011,0.0717534573162887,0.0914497725393267,0.0846866202743733,0.0816165522616746,0.075143265199072,0.0588150992488225,0.1106993266606215,0.1155061617868741,0.0910677830264104,0.0728784440436439,0.0799120328905999,0.0952625554325903,0.0703185250940109,0.0726404199191228,0.0984857882183328,0.0806872119126477,0.0938687662904002,0.0695505447348236,0.0797392860629718,0.0734446739003486,0.0762465206032609,0.0838509743743343,0.0849539821848341,0.0938102588702974,0.1303479123070544,0.1506511601738502,0.1082821648315101,0.0962436700280561,0.0849049230618587,0.0752495550643815,0.0762159411864308,0.0711211413798406,0.0765701429501292,0.0749990336993746,0.0721306134186521,0.0905160925412691,0.0979481821347819,0.1078428486533282,0.0543054345787231,0.1015057693375872,0.0851037930496246,0.0701437016138368,0.0664369033294124,0.0970451781989768,0.1184564436242006,0.0870197367266833,0.0862043578667453,0.1197340042862681,0.097512096960279,0.0748575757338015,0.0906476565381374,0.0713311156844755,0.1202134479185975,0.0805544109863617,0.0789630703976339,0.0950709778313414
0.0895389966258837,0.0,0.0661833574154564,0.0567524790541053,0.0715598390858918,0.0693143994555723,0.0710173551765529,0.0678015887440738,0.0811408494717137,0.0926758933744189,0.0569787760346953,0.0897847869864348,0.0678424450675939,0.0837503017647687,0.0728750679464486,0.0934868672436367,0.0701314700350288,0.0752286747228371,0.0830623704197286,0.0873772566400138,0.0781903242967531,0.0726749345632484,0.0618213243167384,0.0616287227792368,0.0715192775442444,0.0911594082234552,0.0995176384817884,0.0998671723235239,0.0915175906676631,0.0842415796921866,0.0822696978285746,0.1054105479879388,0.10061439923491,0.0885293001315419,0.0571305353014162,0.0712827484296489,0.0769728892282945,0.0919197201582636,0.0911384426111977,0.0707445021626488,0.0906718224211425,0.0607414606468277,0.0795194008209726,0.0647364695592511,0.0599235949735607,0.0857344502126063,0.0722931567429989,0.0686149637092062,0.0883030897677063,0.0778706922064926,0.0921552264596798,0.0636499592243931,0.0758800720058507,0.0871502273381036,0.0574158147664453,0.0608868395895509,0.0804256004112875,0.0887070120534905,0.0920160641787361,0.1091848889998457,0.1168470955585335,0.0736467041918099,0.0895605056629156,0.084198298854692,0.094133343053184,0.059058648432837,0.067694105472777,0.0863061873834543,0.0990723079790479,0.1195139183807606,0.075624704030374,0.0578892606010998,0.0676904625588244,0.0714990429578206,0.0680822012410247,0.08175446205031,0.0735287317714045,0.0778404762224986,0.0656962976498009,0.0870151470583912,0.0839183889837286,0.0748814549042371,0.0859448846433308,0.0866725078480716,0.0976181217374548,0.0751304922922561,0.0614906412054268,0.0912315085623274,0.0682459096153905,0.0639524464802232,0.0789609500142757,0.0771344185389304,0.0931561051135385,0.0566882490650204,0.0853841019592927,0.1001222013762471,0.1104324525457924,0.0998448418789323,0.0590446942010846,0.1155939210826468
0.0984727655872385,0.0661833574154564,0.0,0.0595030445980245,0.0878036639822626,0.0922677713222351,0.08407268355409,0.0763245217050711,0.0970452026935267,0.0692196684417372,0.0779510948715502,0.1019946346719335,0.076910117587413,0.0888465242434609,0.0985554853718455,0.087497455422374,0.0648196203754622,0.0496650445035537,0.0615088624080688,0.0650490213324783,0.0616645508579587,0.0743850630348244,0.0578643589632178,0.0805274035129168,0.0761802630887285,0.0694037828566384,0.0875118813885409,0.0941250695129805,0.0932446137504194,0.0725225171293713,0.0886497986073276,0.1157956094320027,0.0878949298786309,0.0956315333309057,0.0562130557995295,0.0703985907848994,0.0898987310921201,0.0977788681928827,0.1005482114839209,0.0839092400054176,0.0863171854806627,0.0473569571617886,0.0752134195474432,0.0860136689094195,0.0872538639241537,0.0960367473811085,0.0879072446842285,0.0863497135066475,0.0962925528222768,0.0932368744208349,0.0632046321433536,0.0685697961076431,0.0786858607594106,0.0685764879631684,0.0879992761609433,0.0743124060362469,0.1004811315930892,0.1118406277480215,0.0982531324647496,0.1087522233712909,0.1485328902787421,0.0951393041294226,0.1196088860460987,0.1002784419310437,0.0996330489306316,0.0704780737129399,0.0669470097847384,0.1041580196148656,0.0888940375599863,0.0830518182846563,0.0702623231203584,0.075179390788161,0.0554864856592986,0.0896136366973283,0.0919967445107942,0.1156425013801477,0.0831805047394719,0.0878316713094733,0.0813673597356382,0.0949533970308184,0.0779184700677769,0.1076557472008664,0.0769955118976527,0.0709458068426996,0.0833013247796655,0.0748350701998332,0.0783987762579038,0.0866682200745327,0.0785243719676695,0.0985262270428538,0.1002808209716231,0.110090094311484,0.0647458725243013,0.0692372348054663,0.0912106035141604,0.1117933976328936,0.1250947655280403,0.1276628331116385,0.0712713895282766,0.1379914509184512
0.08787194986839,0.0567524790541053,0.0595030445980245,0.0,0.0641441263574018,0.0732267557311892,0.068917021480736,0.0661489201586731,0.0845972307582536,0.0618476673682701,0.0735251046051221,0.075519505110411,0.0655292220010955,0.0979637187928585,0.0731242144800637,0.0768267040071656,0.0426841546351557,0.070938156316636,0.0726488699815306,0.0892334854704461,0.0534078063574048,0.0685005045514463,0.0566347414243745,0.0857539434192961,0.0551477688476167,0.0658056004755393,0.0900774764930955,0.0691608190144796,0.0971379017671347,0.066078268680427,0.0641578876182465,0.0868392425242964,0.1119090129801251,0.0900184804543104,0.050405640380417,0.0847352839950742,0.0668838353519453,0.0698105185599374,0.068687201716017,0.0730058576250906,0.0953516656998011,0.059431308204233,0.0564639041781145,0.060409953927297,0.0489224275015405,0.0660512739727891,0.0793490028068122,0.0936530653580225,0.0801480490694357,0.0830812557739812,0.0627944859283823,0.0853375923142394,0.0583327361024551,0.0549736208109023,0.0624164125233797,0.0709047808066945,0.0724040172872113,0.105278798137271,0.0681142965235123,0.0878688260214728,0.120421556801225,0.0671544754567159,0.0894014816190833,0.0984759852318276,0.107768793691573,0.0731190041942558,0.0532183202612325,0.0893540362223141,0.078092439509645,0.105529196672619,0.0543553755023063,0.0537193491228512,0.0623442266071542,0.0919790342303153,0.0808261567742698,0.093086721521616,0.0573856351869571,0.0720287651784868,0.0694027743155591,0.0643204174136194,0.079495973996723,0.1015444387113195,0.0608519182090003,0.0837841150615137,0.0609026462720455,0.0564382305378367,0.0654844175107549,0.0630238768737885,0.0856914896649976,0.0859205539854726,0.0685442752965207,0.0948970622636918,0.061521066981989,0.0580364821988502,0.0690743586683429,0.0804803863117398,0.0838498014532925,0.1036839663051861,0.0808509568824096,0.1313453917735578
0.0586728161762239,0.0715598390858918,0.0878036639822626,0.0641441263574018,0.0,0.0742634581676671,0.0632143911391413,0.0577120814207953,0.0659684630893124,0.0757935805313152,0.0648731437316379,0.0576304255068572,0.0890931804835547,0.1097953274619541,0.0844757912669971,0.1114723702970179,0.0648234753059214,0.0976629509058503,0.1150498157412164,0.1114942666338578,0.0871871077943469,0.0477749711753461,0.0770788769181364,0.0948177426139308,0.0897999803641438,0.0858523271845995,0.1424445926346713,0.0654262889968057,0.0947282003902524,0.0851909626271265,0.0607982156126933,0.1107025770687147,0.1361886156762319,0.1187583362337754,0.0859643405420193,0.1003338502448618,0.061626642060743,0.087308071611001,0.0725259141398837,0.0531586499958431,0.1335695106632166,0.084464451690495,0.0692268265441733,0.057942865958291,0.050058677203719,0.0722514106610403,0.070203484308455,0.0853528908408599,0.0610383964119637,0.0617810217269754,0.0892549273295012,0.1029602914144097,0.0809005700029671,0.0677452486031172,0.0543740136238638,0.0831919077576128,0.0651642245341212,0.0817404021454165,0.0837017672726451,0.068839066596221,0.0890778350488161,0.0685078422104879,0.0673721534077685,0.0816230263845267,0.0820300153773044,0.0822465969992556,0.0732290385089188,0.0832057537847489,0.1101236702624393,0.1398254896777538,0.0931246929620211,0.0824522335106624,0.075268175174144,0.0709577703615326,0.0616725115829083,0.0821669818039687,0.0627143921311837,0.0727862796544992,0.0573655669430523,0.0724142657103844,0.0980988618598314,0.1037830548136148,0.0555728360370002,0.0947528048555826,0.0724646582031034,0.0682383827789994,0.0557603213132115,0.0756888567809775,0.1057597658562675,0.0607617816618544,0.0693602472238622,0.0998140707532791,0.0818655065890614,0.060718569641395,0.0602554921475314,0.0678292932496537,0.1030432998105435,0.0672658370590171,0.0714178022950822,0.0948373137387753
0.093596887875941,0.0693143994555723,0.0922677713222351,0.0732267557311892,0.0742634581676671,0.0,0.0605158334258854,0.075425962606776,0.0662830125263079,0.084817142216664,0.0591065675017921,0.0687354014346105,0.0849019343328339,0.1143700987014413,0.0724217479172261,0.0901045096071579,0.06663528999939,0.0944555909047556,0.1018393322476186,0.1275633049364693,0.0916132708048379,0.065813038888586,0.058918359154306,0.0749066725417869,0.0744424064300408,0.0841122408589012,0.1170745242847096,0.0802828009575254,0.1239939582424749,0.1094052085640238,0.0548219685735217,0.0992862540748214,0.1338787817170007,0.0995397692577128,0.0717411802110612,0.1077526459744842,0.0610816313129561,0.0798127093297851,0.0551293298555803,0.0644351390715411,0.1230578613079024,0.0738498673111029,0.0680569853984786,0.0565341489912136,0.0566814058388796,0.0650838805262502,0.0754133535290138,0.0986207664013118,0.0881662975084266,0.079199419430352,0.0990840399700053,0.113219567901786,0.0636839690307451,0.080545099183449,0.0554545954965825,0.0643987744716165,0.091247248704113,0.1027310603906139,0.060227770085495,0.1123823354897364,0.1069961207788799,0.0619956486122988,0.0857483835312243,0.0895762921958088,0.0820375226516163,0.0822833783583057,0.0813145792671572,0.0635319684694526,0.1110664919604073,0.1502306266512409,0.0847444774919511,0.0840338175992932,0.0873552015860978,0.0744278220363164,0.0634433712672023,0.0784501603178876,0.0747808266744654,0.0708871570849993,0.0933726182373129,0.0627299597630406,0.0877142466162152,0.0925450464847913,0.0714712499824606,0.0977973919140147,0.0901752724317196,0.0715421415506531,0.0811123190346735,0.07307694075798,0.1014103359879989,0.0799287855399023,0.0905393672169816,0.0888493202469047,0.0971301937164746,0.0766956056069187,0.0989175428455707,0.0641108854046672,0.0911319013107268,0.0918773138575135,0.0806887613320889,0.10740135263841
0.0691910527134922,0.0710173551765529,0.08407268355409,0.068917021480736,0.0632143911391413,0.0605158334258854,0.0,0.0784353737345313,0.0811417928343305,0.0982946363457823,0.0659186072634336,0.0560310719837729,0.075325674763858,0.1123816835025711,0.0803999503104262,0.102364028427642,0.0587674677643758,0.0997204589750409,0.1026662420892315,0.1187161166467912,0.0947567215517448,0.0634768138026426,0.075137464311925,0.0804986990072361,0.0800729939549624,0.0797942773313193,0.1209650644231518,0.070578497287075,0.1082754980878678,0.1045206389474687,0.0536496714005144,0.1183142464557476,0.1352275031755147,0.1123599907075629,0.0710360244695676,0.0987427790978726,0.0751263232750116,0.0965087979731107,0.0670566455352152,0.0687163527874612,0.127015993566979,0.0691505906288398,0.0568969695621701,0.0588062460587996,0.0582518790339524,0.0695165021098468,0.0927666260806919,0.0893132750773895,0.0884535740140372,0.065929227649892,0.0930619759097728,0.1071983674767132,0.083174384248303,0.0760167002617897,0.0758024123035252,0.0692438304062661,0.0811336379515236,0.0901488984079319,0.0850731236788042,0.1061824148532916,0.110574739604846,0.0639250020631756,0.0880757296443449,0.0755516698918487,0.0761860907874081,0.0783050389418075,0.0693456380397041,0.0805008948685522,0.1207185871840448,0.1370894071840765,0.0961405889105113,0.0861777172358739,0.0805901113057167,0.0690942074000326,0.0675154087323047,0.0828570123230573,0.0801983199811722,0.0472543332397056,0.0774772070027243,0.0768471121635352,0.0890574099493449,0.1049728692500555,0.0618572708498893,0.1038757382173361,0.0972885536423073,0.0596617715475156,0.0712547385691475,0.0803190060656864,0.1089752978634513,0.0875222302108632,0.1008126022759291,0.1112233195302651,0.0919126228350146,0.0655436061444447,0.0986590385341252,0.0728727140459372,0.1142295935898762,0.095031901172074,0.07617813423041,0.1082813741539051
0.0806102501695758,0.0678015887440738,0.0763245217050711,0.0661489201586731,0.0577120814207953,0.075425962606776,0.0784353737345313,0.0,0.0670760515876288,0.0759221336895126,0.0500933554989912,0.0754472812889617,0.0730414104069079,0.084372360999684,0.0787074223003888,0.1094050745518852,0.0664561286750901,0.0846335560569576,0.1029618656194163,0.0992832478837357,0.0808026578111644,0.0434708117415117,0.0642330041869821,0.0824082984078991,0.0866185167790262,0.088602516328196,0.1301982326425207,0.0839765698194922,0.0779042568345869,0.0827493174693732,0.0759797131809242,0.1086015743665199,0.1240242365484536,0.0958823628289841,0.0773276211008381,0.0805407317217042,0.0594133422622146,0.0862257490384034,0.0910016989309298,0.0590989544981797,0.1193962269366553,0.0808751965516756,0.0705515523672959,0.0533267248102023,0.0606038796877419,0.0818555163252759,0.0621300979058312,0.0719153408626648,0.053761640192721,0.0651521418253403,0.088494823546481,0.0734478524530676,0.0738764329816229,0.0669818943206326,0.0523122757757745,0.0795641839446406,0.0722406657310633,0.0793060755888528,0.0905907964792996,0.0759571025650222,0.0943736692103095,0.082061438778568,0.0723630683319676,0.0864088547430282,0.0893247702647769,0.0704718981489574,0.0808627374962693,0.0770669745507109,0.0951685593227513,0.1322083788913574,0.0839327120746899,0.0799882814134506,0.0696183085087309,0.0763156108749281,0.0697359391684125,0.0731564377913575,0.0663366079943003,0.0766063589580705,0.0583140925093581,0.0864384737164806,0.0807579612590157,0.087280125281876,0.0670368134372852,0.0818390104840555,0.0760516808628051,0.0850864303215781,0.052575898161758,0.0895013281962841,0.0856468629008175,0.0616597254576956,0.0793184255387625,0.0849470241641243,0.0918370187319186,0.0636433483583056,0.0692431464903878,0.0886097292167536,0.1114769687426543,0.0732748276707674,0.0688477283542989,0.0913912346352484
0.0751397222289147,0.0811408494717137,0.0970452026935267,0.0845972307582536,0.0659684630893124,0.0662830125263079,0.0811417928343305,0.0670760515876288,0.0,0.0924828370284724,0.0569641290260575,0.0716127364616243,0.087096386905064,0.0954000785931493,0.0698831054486697,0.1060198954693263,0.0835660810100558,0.1059385694689775,0.1093381535684885,0.1082785402287313,0.1027085575853226,0.0637895407292994,0.0661937532502743,0.0677207852723487,0.0954250290096411,0.0880216597562014,0.139307667248543,0.0881886978913497,0.1045690331420943,0.1057758381057342,0.069577130910784,0.1014476219623431,0.1279610836279374,0.1090573609628908,0.088025695257206,0.0945909458898778,0.0509610413765694,0.0912627842253437,0.0830885004314624,0.0589159462261004,0.1366180356918769,0.085282985485018,0.0830312998491838,0.0655410514893612,0.0629943867389656,0.083292312940818,0.0510280854360295,0.0847236045142623,0.0778946003558581,0.0815473580161398,0.1080880434594588,0.1005242246317556,0.0641507056653364,0.0776379519654424,0.0640105246892756,0.0760314101751255,0.0595493456990084,0.0844087063007462,0.0839015306543584,0.0968105788998552,0.0864888290401336,0.0634851609297691,0.059982500879835,0.0656611972207928,0.0623135293108512,0.0604030054496507,0.0953076405883167,0.0478550175463292,0.1246083650185079,0.1502171905031257,0.10490148054107,0.0861285371130149,0.0817984651628337,0.0657487053937311,0.0559200090572787,0.0653529204462531,0.0732294806357147,0.0795983224855766,0.0926268338557221,0.0767033954007256,0.0764279898388198,0.0797396119532435,0.0632712462958893,0.0913525732560537,0.0902505358208445,0.0768765205509969,0.0703146049912036,0.0906506780814619,0.0973595175259743,0.0756020894108986,0.1015867864454071,0.0716725456402765,0.1064130000386011,0.0686489674771929,0.0909683993602073,0.0788145864129935,0.1069720266027865,0.0709637187333188,0.0588114485440792,0.0873141553729414
0.0961261661659885,0.0926758933744189,0.0692196684417372,0.0618476673682701,0.0757935805313152,0.084817142216664,0.0982946363457823,0.0759221336895126,0.0924828370284724,0.0,0.0851176086531703,0.0825462671885094,0.0991297375943949,0.1139869200860142,0.0942810930506511,0.0708419837209608,0.0645158608926536,0.0754583542206658,0.0841567605623659,0.107970815753491,0.0633835455002882,0.0801149375588728,0.0598530431349994,0.1097159020125724,0.0576703848262079,0.0584045098050294,0.1000054134255585,0.0714005741012716,0.1116036532246441,0.0652797681051455,0.0739340295269775,0.0773126483308607,0.108823173001457,0.0925383391852738,0.0748544980097819,0.1035790234227854,0.0714209701037363,0.0724784180734423,0.0867520747187266,0.0775480152408957,0.0902001897700605,0.0853223742075669,0.0641371832126291,0.0809589935483605,0.07567303779603,0.0730334400898046,0.0791922292159033,0.1171498460669641,0.0827179473238423,0.1043457881801661,0.0699532827530045,0.1139239106231262,0.0679104566112896,0.0592916281972929,0.0743813411125773,0.0961888725566665,0.0947430843077299,0.1272876033734765,0.0648461033458524,0.0818101289658531,0.1262097799481965,0.0840882265204746,0.1044583595454094,0.1162624289967496,0.1190726888133195,0.0977816340017318,0.0738368389895539,0.1026608235600849,0.0621500335324491,0.1114556027698776,0.0682190105363315,0.0729776885298337,0.0886207714682413,0.1155681037249838,0.0862331460981292,0.1157436018889053,0.0610303150797943,0.0864720570816739,0.0868249696289576,0.0596505662305123,0.0903184477757023,0.1273071564405718,0.0618418174751218,0.0741407062314388,0.0549439536832883,0.0811060349402433,0.0835343478970961,0.0542096708706744,0.1009473716416984,0.0977357890907637,0.0760302242694072,0.1039355701040572,0.0449455850188747,0.0921826618747877,0.0692179836994449,0.0847672176739298,0.0823209681327788,0.108814038190328,0.1023251110536268,0.1402117420251497
0.0757098639957394,0.0569787760346953,0.0779510948715502,0.0735251046051221,0.0648731437316379,0.0591065675017921,0.0659186072634336,0.0500933554989912,0.0569641290260575,0.0851176086531703,0.0,0.071932079758002,0.0766160651750626,0.0868159110246968,0.0761626678198535,0.1049336795528878,0.0664199692919607,0.087299200697138,0.0997052613135856,0.104560179048756,0.0923881277519801,0.0488513517406396,0.064152075665817,0.058662756477481,0.0791159825193714,0.0932377530773408,0.1257128916516081,0.0926517573681469,0.097540659511712,0.1034383970156909,0.0707327930580032,0.1135212971072025,0.1238364033138492,0.0935503528704937,0.0745260645419199,0.0836487174384299,0.0502564976466655,0.0986879747257246,0.0833610216917792,0.0578752591528398,0.1187974317238126,0.0729393434769449,0.0766125489182073,0.0534729516950214,0.0575208907551544,0.0842822490839662,0.0602582433830781,0.0695027474665465,0.0796946879002969,0.0637167686270501,0.0949471383061818,0.0838520591665721,0.0734163920089219,0.0777105529993034,0.0586509358499717,0.0635164035941094,0.0720666723978311,0.0684994281464904,0.0914317601180631,0.1012785760546742,0.095496397832852,0.0689635928883713,0.0759463045398139,0.0642106989814662,0.0633443689991339,0.057529766932261,0.0760853652737336,0.0620413234626921,0.1129223006131536,0.1342854332746448,0.0894841275125811,0.0779278377422502,0.0747098622695193,0.0543352777274267,0.0513056985462926,0.0570566706297869,0.0775958124876285,0.0707941861736275,0.0730633045691107,0.0861881344267034,0.0810237092801231,0.0697918110767013,0.0726374322521098,0.0901749366973121,0.09155257887935,0.0776942706092966,0.0646905970704374,0.0937078167569025,0.0845822491993376,0.0615268616002232,0.0905255442672927,0.0836886173625123,0.0963435225929557,0.0662770915703662,0.0921535579503179,0.0830627892401396,0.1160711628068302,0.0796488365743529,0.0589467882518524,0.0831502290115527
0.0487561970187311,0.0897847869864348,0.1019946346719335,0.075519505110411,0.0576304255068572,0.0687354014346105,0.0560310719837729,0.0754472812889617,0.0716127364616243,0.0825462671885094,0.071932079758002,0.0,0.0934982007630815,0.12801278615966,0.0821577536173825,0.1095309065635944,0.0667034348590185,0.1141553380243331,0.1183171055166171,0.1335098530586928,0.1020511063186269,0.0679547067545876,0.0763897652855375,0.1011461705516771,0.0825769139840642,0.0821921032579473,0.1430820263133759,0.0562276021014284,0.1188545095313771,0.0980674104522766,0.0499672481729198,0.0974192363176413,0.1517407497982732,0.1278060791266888,0.0902029740534797,0.118131598495576,0.0675955401932708,0.0829264185922775,0.0674870944011132,0.055051722395482,0.1400190460203101,0.0925568201067041,0.0629183808514895,0.0525664524012795,0.0540107656526281,0.0617097639808197,0.0826320149206611,0.0938552518478896,0.0728814221996567,0.0638701730176558,0.1029087124104015,0.128190807750311,0.079236157160629,0.0705396253074263,0.064903556389144,0.086253216913285,0.0756952590693326,0.0848369893655716,0.0706516144387737,0.0719747588945403,0.0859954274296502,0.0611958130844492,0.0694171177295402,0.0839579907419993,0.0919564624562918,0.0906619504503598,0.0714537201007058,0.0815803083315271,0.1084925521580145,0.1518161469897062,0.1010129414670996,0.0906148458668721,0.0921615363502824,0.0771452164424125,0.0718966305165591,0.0759083479689762,0.0602370113862246,0.0578764818886481,0.0688445345543529,0.0654348617316556,0.0998888405388822,0.1127945590661967,0.0504563596690653,0.1082884038049779,0.0696060063224177,0.0680762709728638,0.0665429699171371,0.0742530914140071,0.1280955520624305,0.0794926704828026,0.0718488179566196,0.10913445550768,0.0901261554918114,0.080329291018309,0.0834359924515756,0.0492432058306507,0.0911071622011836,0.074576428905894,0.0895940790937212,0.1056771628714182
0.0866741674141005,0.0678424450675939,0.076910117587413,0.0655292220010955,0.0890931804835547,0.0849019343328339,0.075325674763858,0.0730414104069079,0.087096386905064,0.0991297375943949,0.0766160651750626,0.0934982007630815,0.0,0.099076627070315,0.0723417186479367,0.0920850078343143,0.0673360835122119,0.0848569925669225,0.0763238501316202,0.0834213937193242,0.0626802548906612,0.0784023927086727,0.0627504900980875,0.0752594945850733,0.0770303712199116,0.082474565471737,0.0897992795276007,0.0916745281062583,0.0844675665796983,0.0935799548426176,0.0908273493032262,0.1053684248469742,0.1015052832827032,0.0869860065739037,0.0612082710528942,0.0788838905099255,0.0805145872285088,0.1049121295853042,0.0813640928799652,0.0890345332051902,0.1064032775150686,0.0618588434262904,0.0787473867854024,0.0742536014470308,0.0768296145261419,0.0825855710825375,0.0933464811353291,0.0787939401403483,0.0958031373571125,0.084712979191116,0.0785194274085325,0.0737023403300681,0.058714749824979,0.0732872366822156,0.0853483617928318,0.0675309378759424,0.0891044810716061,0.1044773285389053,0.0926891190319025,0.1183484576857073,0.13414877697768,0.0743755075765104,0.1040373671134923,0.0845874030640527,0.0845495737208695,0.056899019031528,0.0664745419278831,0.0892456206356985,0.1083027057320447,0.1130784627921996,0.0661123654906814,0.0786778337081052,0.0685923915283706,0.0839186700948995,0.0884720819524435,0.0888737462879209,0.0849544701662733,0.0723403951936737,0.0785293942986586,0.0915588190061279,0.071824572701598,0.0978185967104245,0.0703182661834799,0.0785019972821124,0.1012917386044131,0.0552177939555875,0.073299686370125,0.0978577020213522,0.0861246316654495,0.1028192088814142,0.1057239921886318,0.1146208816599516,0.0979111825989491,0.0611987145586548,0.1100777613937185,0.1058004401701014,0.1218227058108586,0.1201277607393242,0.0789887128286519,0.1352201365933781
0.1207553359838092,0.0837503017647687,0.0888465242434609,0.0979637187928585,0.1097953274619541,0.1143700987014413,0.1123816835025711,0.084372360999684,0.0954000785931493,0.1139869200860142,0.0868159110246968,0.12801278615966,0.099076627070315,0.0,0.0955373088730629,0.1020219901313134,0.1059632534894808,0.070560785135257,0.0795769246478832,0.0886361707161471,0.0898415634958132,0.0969323189046699,0.0823210647864368,0.0789142765459567,0.1046155542640626,0.085689257275827,0.1022917760023652,0.1310181789301787,0.0686036724480744,0.078325457579724,0.126632215072612,0.1222084841555443,0.090277446435993,0.0777681537673965,0.0869939368377449,0.0582967168156512,0.1020077385669704,0.1174769917560052,0.1444804166987466,0.1022582457414619,0.0910056221867452,0.0909241758917794,0.0981612922908501,0.1021116638641418,0.104568273702478,0.133201932557713,0.0895702895622429,0.0951311999503799,0.1071527905530608,0.112903817830318,0.0913533642408863,0.0620569517965471,0.0998790442695541,0.1042478724164433,0.1058732882920412,0.1002285047837485,0.0953592780530842,0.1180057217136052,0.1367291924615605,0.133290853047447,0.1541174053341936,0.1117623378574136,0.1166650182989424,0.1159435207511935,0.1124316161879271,0.0757605009304745,0.1166559364909845,0.1082361190391928,0.1013651167110158,0.1226670581941384,0.1038131690752267,0.0804559021274159,0.0860038074136383,0.107303829660366,0.0968938640800767,0.1127937823447956,0.0986024947388466,0.1134559050814953,0.0938434047521157,0.1274307166870637,0.0624308505386223,0.0928379349893678,0.1059593730402033,0.0714544584374052,0.123994996232306,0.1133293673234627,0.0852690120847316,0.1273969722289998,0.0743048990622397,0.0856478997092159,0.1341415573947426,0.0910363871797768,0.1105846416510567,0.0832800645250197,0.0978971994123527,0.1478601925033426,0.1487367226266586,0.131481393123203,0.0711954537528758,0.1399927252739017
0.0904891576506934,0.0728750679464486,0.0985554853718455,0.0731242144800637,0.0844757912669971,0.0724217479172261,0.0803999503104262,0.0787074223003888,0.0698831054486697,0.0942810930506511,0.0761626678198535,0.0821577536173825,0.0723417186479367,0.0955373088730629,0.0,0.0827336229672721,0.0790599416332664,0.1008339645522898,0.0986578821351063,0.1164113672404896,0.0856727511494037,0.0866605703370128,0.0630386231423902,0.0663852565669162,0.0740460884536432,0.0804715367843037,0.1109383275234565,0.0829590009781211,0.1012974203380531,0.0911110720596359,0.083109905128592,0.0742805038686477,0.1174010868951693,0.0828920233658169,0.0743458007470853,0.0936415327316708,0.0671161804585807,0.0649430487985997,0.087978190929582,0.0769548607501943,0.11390039850478,0.0888026859067677,0.0771490869139414,0.0633402854614811,0.0629394570853206,0.068042632740347,0.0770538141252062,0.0876778061221956,0.0927838637221404,0.0924605063982171,0.1033080871164408,0.099477149122757,0.0688336845786336,0.0779400481102727,0.0779934292359276,0.0882489672910917,0.0664490955886575,0.103427908347544,0.0757004701095943,0.0965611594699107,0.1099280511346795,0.0597752485022343,0.0767096599342953,0.0880289497753409,0.1021402241081198,0.0637760623888185,0.0901917241554379,0.0707820746055348,0.0987303318543889,0.1513328161568627,0.0796950473835324,0.0681027134017927,0.0958363994930732,0.0975715452718618,0.0736586436422085,0.0784393950794817,0.0553124303898045,0.0591707906511152,0.0945819905458076,0.0673896821000971,0.0697423862870044,0.081198321981913,0.0710166404879919,0.0855424092735366,0.0999240204477384,0.0771375226675706,0.066741325589547,0.0745096395987497,0.0975419135947005,0.094974113896176,0.0943684675009406,0.0790314080879467,0.0970726193665906,0.0831201754495069,0.0940168587210519,0.0964131680219423,0.0922763264413441,0.0989914215181649,0.065348998003189,0.1208371538383058
0.1268867166934955,0.0934868672436367,0.087497455422374,0.0768267040071656,0.1114723702970179,0.0901045096071579,0.102364028427642,0.1094050745518852,0.1060198954693263,0.0708419837209608,0.1049336795528878,0.1095309065635944,0.0920850078343143,0.1020219901313134,0.0827336229672721,0.0,0.0708974145242412,0.0758120603735141,0.0596518070051558,0.1171142473606335,0.0755644956037456,0.1085931863909969,0.068300099278001,0.0978267286684479,0.0637906270114805,0.05856769004616,0.0522948310930317,0.0913171471497109,0.1252571725649909,0.0850650712645621,0.0987948129704126,0.0817180505037249,0.1015902928661635,0.0555875618873421,0.0654433056526711,0.1077093625715687,0.0961801345650052,0.0855968703072938,0.0950087372854303,0.1095336252108595,0.0909543030430693,0.0835561765026648,0.0711121981782938,0.1054724233592398,0.0928690167916196,0.0793978136717902,0.106535875067229,0.1385920015974159,0.1215858127820015,0.1334618026002865,0.0705846617889888,0.1136946143505203,0.0688314861507483,0.0830591719292816,0.1069942348300798,0.0888760058937537,0.1133802963454169,0.1582537624576687,0.0741497318627535,0.1279721136735866,0.1636595536700917,0.0850788242782422,0.1283804539372778,0.1364418776825249,0.1335626658565137,0.0945823751888458,0.0929598569694687,0.1078598311057226,0.0687709795441827,0.1135920942942484,0.059348457743949,0.0668580408252811,0.0996095600608817,0.1269113540285999,0.0994934066635121,0.1360730406352115,0.0811141169519886,0.0874321600646007,0.1166498164392181,0.0755038500441621,0.0841885914163021,0.1324960004398994,0.0820707778099038,0.0805612771679884,0.0958402401164285,0.084015964949257,0.0953958688927771,0.0702210717972795,0.0918908340026209,0.1245937371122126,0.1182426821960266,0.1060043703239357,0.0661222580225956,0.0987415177006491,0.1004735055862954,0.1137952550526705,0.0939027138793278,0.1529679994198578,0.1081570191273799,0.1729437455043241
0.0837916268549032,0.0701314700350288,0.0648196203754622,0.0426841546351557,0.0648234753059214,0.06663528999939,0.0587674677643758,0.0664561286750901,0.0835660810100558,0.0645158608926536,0.0664199692919607,0.0667034348590185,0.0673360835122119,0.1059632534894808,0.0790599416332664,0.0708974145242412,0.0,0.0742791363983362,0.070687800837357,0.1024412503929318,0.0684791261852655,0.057985172813115,0.0511502082761302,0.0804460516699032,0.053727188169747,0.0598682176392166,0.0903232629365337,0.0544720692072631,0.106725784500118,0.0824447321378869,0.0558899994076464,0.0893895939010052,0.1194179829588849,0.0889307727060884,0.0496596177169663,0.093151451827818,0.0651952154640082,0.0733371866022929,0.057178389448976,0.0707594231571482,0.1046113793604261,0.0554989763406636,0.0430676418207441,0.0579563326229816,0.0542220379404227,0.0519250694004578,0.0859481307389242,0.1040973586345103,0.078661705791555,0.0828613026489926,0.0596135329744257,0.097898147406402,0.0552060460277865,0.058954113192834,0.065085632393615,0.0626247284501245,0.0821712650257832,0.1145956043258613,0.0609593546636103,0.0886856523461657,0.1225822940140028,0.0564969212539731,0.0951163633717001,0.100792149601129,0.1005538491720246,0.0731487312397886,0.0563008606077349,0.077801008055693,0.0875273734953863,0.1115441247319307,0.0556927014102497,0.0725509755180456,0.0634815322302589,0.0873250677211213,0.0746827258999243,0.0969473977774818,0.0599065501781006,0.0580526942597007,0.0755177206902203,0.0570927417694878,0.0773845963176692,0.108841341857983,0.0510141471236865,0.0825961015963812,0.0632096377526639,0.0513697717962959,0.0665661884364926,0.0585840432873428,0.0962852436544587,0.0867400228973766,0.0786925559855581,0.103895267942342,0.0647207359025671,0.0652002515271817,0.0760033463346195,0.0671502965693156,0.0796679120265836,0.1110875483049198,0.0866039468934556,0.134650177118817
0.1116328642661683,0.0752286747228371,0.0496650445035537,0.070938156316636,0.0976629509058503,0.0944555909047556,0.0997204589750409,0.0846335560569576,0.1059385694689775,0.0754583542206658,0.087299200697138,0.1141553380243331,0.0848569925669225,0.070560785135257,0.1008339645522898,0.0758120603735141,0.0742791363983362,0.0,0.0489703741784397,0.0715283157963165,0.0570319223749919,0.0788045925541762,0.0605168854104066,0.0814060589936624,0.0751104937405121,0.0638443779015129,0.0686352446664393,0.1084457774170973,0.0822064005397923,0.0605492181886208,0.1061047932016642,0.112251058022124,0.0747715174596155,0.0690301945578449,0.0533585094362007,0.0604600328510812,0.1012488906466794,0.0997498940678145,0.1127544095991327,0.0930009834060895,0.0722932819309266,0.0534560040852833,0.0808950545847309,0.0974035505729425,0.1004116322713353,0.1077832244991376,0.0898037511563963,0.0963441483430582,0.1012442395138188,0.1039103722417752,0.0484770465854272,0.0696548339745989,0.084020398862944,0.0773368919654659,0.0970225081254169,0.0762223279902637,0.1058353865296727,0.1260318883690337,0.1029501438677477,0.1169584523755612,0.1594088529375678,0.1057977796217004,0.1315984358687065,0.1150258508974049,0.1172663214632795,0.076084249656296,0.0788996969416376,0.115799420286277,0.0711828082161,0.0819962010266167,0.0622913262522593,0.0664774964025452,0.0554096211253646,0.1035953777689391,0.0884451952416655,0.128268790196012,0.0889335114151249,0.1052577696331625,0.0846744462078405,0.1008481258846818,0.0689393180011151,0.1100268874517794,0.0897270547063937,0.0544552438800808,0.0965601649565496,0.0889996185492535,0.0799204778467309,0.0926823098628382,0.0562019281756011,0.0941597249846447,0.110304173507113,0.1030046926025586,0.065985865176622,0.0743794173675164,0.0848651843852718,0.128585093534801,0.1205930936563024,0.140822054732125,0.0805383619932916,0.1535015880251939
0.1188583075187072,0.0830623704197286,0.0615088624080688,0.0726488699815306,0.1150498157412164,0.1018393322476186,0.1026662420892315,0.1029618656194163,0.1093381535684885,0.0841567605623659,0.0997052613135856,0.1183171055166171,0.0763238501316202,0.0795769246478832,0.0986578821351063,0.0596518070051558,0.070687800837357,0.0489703741784397,0.0,0.0847730882999799,0.0632860748912177,0.0993389612295452,0.0670431558914555,0.0838643699148673,0.0702748683977669,0.0577070814927567,0.0552833236056768,0.1024506822478759,0.098937709799029,0.0718233480997965,0.1088703480812339,0.1052894537453615,0.0849630408887116,0.0728378135350051,0.0524408754531769,0.0750947947607353,0.1031228497605933,0.1032809714053939,0.1061677112297428,0.1095956239601167,0.0816184029481651,0.0545378498979034,0.0819374202462895,0.1066961300434244,0.1050139530260232,0.1024317340840797,0.1066551038540461,0.1158410290307448,0.1214309040437147,0.1174552943294134,0.0512470133637027,0.0827808204913801,0.0765993757108162,0.0839328695849111,0.1081797508746595,0.0781840755830281,0.1158896775180572,0.1421261857124496,0.1040155997118166,0.1346228513442753,0.1709149617367222,0.1003355441997771,0.1395670847800847,0.1221290806606537,0.126097007107222,0.0805091803513553,0.0833716187783819,0.1181993067590361,0.0766356684071789,0.0799426383197337,0.0625033000424873,0.0723725163844267,0.0664437615028679,0.1155170700031183,0.1044584743820408,0.1284924900005476,0.0896374856369431,0.1026095934148998,0.1004032393041753,0.0970738827314955,0.0724951327021412,0.1194892784123705,0.0904182386995895,0.0735494809593262,0.10093496319288,0.0793754416377213,0.0920951718318271,0.0936609607090859,0.0757312226033752,0.1146988984266955,0.1214286440296801,0.1150964007397655,0.0686796200682194,0.0826919061738417,0.1063914000919169,0.1261310128372551,0.1211671065361568,0.158602475779655,0.0919895352615243,0.1730317116971532
0.1155234589709361,0.0873772566400138,0.0650490213324783,0.0892334854704461,0.1114942666338578,0.1275633049364693,0.1187161166467912,0.0992832478837357,0.1082785402287313,0.107970815753491,0.104560179048756,0.1335098530586928,0.0834213937193242,0.0886361707161471,0.1164113672404896,0.1171142473606335,0.1024412503929318,0.0715283157963165,0.0847730882999799,0.0,0.0723193601955967,0.0991377161137763,0.0821570171820077,0.0965003991252985,0.1055197623344164,0.0933758806702457,0.1088237932148933,0.1286599486733506,0.0748775492877342,0.0890117852276517,0.1282919450868647,0.1287247415235812,0.0795460106670042,0.1096566352975272,0.0831285982939433,0.0616913759247163,0.1128979114695498,0.1324076513836218,0.1394681233025553,0.1088976275523451,0.0910340158709751,0.0791776532240695,0.102993243550245,0.1166754087582941,0.1172252314501784,0.1341024766723576,0.1053917989184961,0.0749618622254173,0.1083416258878208,0.1192516745228138,0.0850253691702379,0.058636030045187,0.094703801407479,0.0930832355182184,0.119624586574633,0.1034082716197398,0.1109412444673519,0.1287335452454572,0.138709443622245,0.1328399583534507,0.1702848357726704,0.1118289652590122,0.1393403662199112,0.1148573029970465,0.1146079707656616,0.0772723315779228,0.0905807034914346,0.1247429884388726,0.1120114639075373,0.0910287687835739,0.0934258144234719,0.088071988894065,0.0622443953315568,0.1047686091682156,0.1156225611990925,0.1265089496466063,0.1166791750488896,0.1234727791201771,0.0962422610623193,0.1299414636235057,0.0893755595533627,0.1178037062233246,0.1019768711175973,0.0742009077166733,0.1173572980972872,0.0996781020431202,0.0931644992612292,0.1284589611733388,0.0819422331921995,0.1124262406030439,0.1291555203669672,0.1296207186497498,0.1032849602496328,0.0805977097608819,0.1065083762269226,0.1486755889849285,0.157455982169368,0.1466504006059552,0.0858879643944401,0.1563535569832661
0.1007814175299503,0.0781903242967531,0.0616645508579587,0.0534078063574048,0.0871871077943469,0.0916132708048379,0.0947567215517448,0.0808026578111644,0.1027085575853226,0.0633835455002882,0.0923881277519801,0.1020511063186269,0.0626802548906612,0.0898415634958132,0.0856727511494037,0.0755644956037456,0.0684791261852655,0.0570319223749919,0.0632860748912177,0.0723193601955967,0.0,0.0879978379660633,0.0547857515949927,0.0927914791911697,0.0704962631958266,0.0560936385779647,0.0800716077547035,0.0899843086085109,0.0798533814921816,0.0539587585284549,0.0910507837624098,0.0923041158181546,0.0778132432181445,0.0758346418615161,0.0570300304023535,0.0704359999543938,0.084105499573926,0.08421135402574,0.0945356228485897,0.0910432078907301,0.0764435325669154,0.0637374161751953,0.0732004178129025,0.090089322785118,0.0857324781682555,0.0857520263508835,0.0898313327806645,0.0974865232414463,0.1013146668736428,0.10369149697615,0.0502994233432912,0.0736133503902703,0.0685358116592659,0.0587459409566363,0.0876317667745694,0.0844963388963008,0.0925384769858507,0.1285491836816144,0.088918003298935,0.1035911324125564,0.148937197430209,0.0869297438005346,0.119578544435565,0.1131157841036509,0.1194529152940337,0.0774135592346616,0.0629120348986208,0.1115079690310415,0.0735566435388115,0.0871354319354269,0.0528202613834999,0.0626258832544695,0.0718421580380586,0.1155643579393815,0.0896480740383436,0.1183256988431579,0.0720855026379302,0.0888842367173554,0.0829002728803728,0.0776307114261681,0.068103730143341,0.1157623803742022,0.0745714575687075,0.0590229243346695,0.0820842890190165,0.0690154923294764,0.0760485309106262,0.0766779437719426,0.0831357931968236,0.1075419572583888,0.090488893477959,0.1109163929678849,0.063033474229954,0.0776957161840898,0.0845349251086636,0.1108976237932257,0.1118340686269796,0.1305558477021461,0.0878445280898375,0.1516881887145992
