0,1,2,3,4,5,6,7,8,9,10,11,12,13,14,15,16,17,18,19,20,21,22,23,24,25,26,27,28,29,30,31,32,33,34,35,36,37,38,39,40,41,42,43,44,45,46,47,48,49,50,51,52,53,54,55,56,57,58,59,60,61,62,63,64,65,66,67,68,69,70,71,72,73,74,75,76,77,78,79,80,81,82,83,84,85,86,87,88,89,90,91,92,93,94,95,96,97,98,99
0.0,0.1087753055562195,0.0718813853868658,0.0889994805179375,0.1327715328848057,0.0781154280641521,0.1265659841820041,0.1013168074890312,0.0831745822722645,0.0696806986249727,0.0770881246115227,0.1174733231662617,0.0621236628652768,0.0784392120729411,0.1129643821671323,0.1052381761530925,0.0711517914505463,0.1237205486100722,0.1100761306061755,0.1094541487657009,0.0761372220976469,0.0867617800932183,0.0933138877477834,0.073573222460549,0.0874511288373871,0.1144600146528625,0.0920975237222803,0.0838873071818284,0.0832517523276409,0.0990575274389336,0.0997180523539803,0.0966812014279586,0.0805727309704328,0.079851424866716,0.0792890426443174,0.0623128798340941,0.0725160226444791,0.1345180943936411,0.0544529916000517,0.1076158350671167,0.1458054467441505,0.0567615498644195,0.210648592225776,0.1309899961585831,0.1175311766739714,0.1061115112179676,0.0536676470008156,0.0805543043784719,0.0695771981809839,0.0828432645960064,0.0715209406165387,0.1213286881705538,0.1231020430731847,0.1018213967453727,0.1097219003485467,0.1249009075137946,0.1072488088049159,0.1193049158998558,0.0824915985815625,0.1049334416460966,0.0508316116425379,0.0934006549484638,0.0737843350931607,0.1079517907773303,0.0898822349212087,0.0940873797016134,0.1202999971991419,0.1233552916524692,0.1148089023968465,0.1119591053341606,0.0849445549347255,0.0773468151060265,0.0837838117283822,0.109064651102141,0.0961392274682154,0.0733401444301811,0.0848047995384389,0.0762003154917526,0.1789448251123607,0.1184426418147689,0.0745757190026089,0.0987875187039438,0.1183593377682076,0.1364245084827696,0.1012177219018161,0.0655276342338346,0.0843260894731185,0.0832809184213134,0.0828088546153135,0.1280060170186461,0.1128453485382338,0.1417618286332014,0.1042766917107947,0.140587333055804,0.1195315714725514,0.1192055823191923,0.0612823033712717,0.0757177483750128,0.065484476706796,0.0654143351617083
0.1087753055562195,0.0,0.0982964808339275,0.1369170875916918,0.1287682043740776,0.112652205199013,0.0846087228563067,0.0714794000072628,0.1110784282034444,0.0764994921731429,0.0868843777430265,0.083585157618479,0.1040851819573047,0.089866885762316,0.1146131384339702,0.0969646359801181,0.1392362588755153,0.0707243638763974,0.0993608119822105,0.0609241156794504,0.0841942648522436,0.0940920261918078,0.0992441989325985,0.0776080444921601,0.0620814487123704,0.1038132164041827,0.0762582606150289,0.0757520086258409,0.1130503123965373,0.0702037319585231,0.0748438139662882,0.0733674009749314,0.1094690963126924,0.0824309309797824,0.1339260778044866,0.1062913344031118,0.0911717096808478,0.086901322509072,0.1072481438780571,0.0867669705107876,0.0657619084475219,0.072704030818628,0.1566607396531219,0.0651893504017287,0.0468794749865413,0.0747783010428602,0.1001936118470271,0.0713355117661786,0.105444728998772,0.0766784273441255,0.1008157047075256,0.1149364565784843,0.1013938932379409,0.1387476134294734,0.1434970551409555,0.1308063018007939,0.1041689420025557,0.0972149263398367,0.0759066188996845,0.110713993586762,0.0936555884988522,0.0666589459638093,0.0802720426567803,0.075055414486396,0.0684452849606218,0.1437115777912095,0.0899017958438865,0.0858285200638481,0.0857403271419681,0.0552582174736745,0.0877102879235417,0.0965748562443653,0.1239975986543371,0.1695057068749632,0.0987621644270158,0.1002680267093809,0.084971003932036,0.1032730619595634,0.1177088399360504,0.1148916474102278,0.0767756393416541,0.0806424338894651,0.0970103268075096,0.1099979405188012,0.0748960183778764,0.0998513897869685,0.0888171739712012,0.1188718315257415,0.0722417026478995,0.132351927883505,0.0731183924822685,0.0865870593880255,0.0849847983971807,0.0879385568611012,0.0970168663955332,0.0621075568822006,0.1037823134123043,0.0957098215720868,0.1008009600461343,0.105180907118538
0.0718813853868658,0.0982964808339275,0.0,0.0700037225716831,0.0886007036560113,0.0807946170759197,0.1006323589005487,0.0774341430327414,0.0940168479129055,0.0726611753340973,0.0779667261788828,0.0796384589933974,0.0558693709138669,0.0560806915948363,0.0912611104359776,0.0871265947303392,0.0878523158700062,0.1229486667998581,0.1087989748414984,0.1105283966594063,0.0846314662899593,0.0681792890775307,0.108036971193744,0.0650209205480163,0.0857250617119371,0.0805037037248764,0.0969050421174609,0.0948250847593736,0.0833017913698451,0.0933773276791367,0.0813195062299924,0.0719253616356565,0.064933974228149,0.0936553055972132,0.0681571464921835,0.054372800711483,0.0800686789098775,0.1040440609543875,0.0660241196998477,0.0949711850759277,0.134446090046895,0.0698085858037842,0.1667470050149712,0.1103676510298068,0.1038648600641287,0.080685894012863,0.05759035450941,0.0710858455059863,0.0870950111948919,0.0660699543006417,0.05910394008132,0.0843257626899078,0.108520825594701,0.0776170627627876,0.0791638931404593,0.0953691704966213,0.0777728463731729,0.0811906389438749,0.0885510877723636,0.0898999252010347,0.0664187331453775,0.0924823328891527,0.0839918510781669,0.0753101156712925,0.0887065509714702,0.077608298666441,0.099271077051331,0.0890232863531501,0.1142353677742825,0.1034837542358336,0.0786984013257609,0.0628054228588754,0.0683421285413095,0.0973400164913943,0.0798382875209124,0.0603502416350362,0.070590404338421,0.0558141683111172,0.1469147664441326,0.1253610700226479,0.0741668952689093,0.0860569064616627,0.1033654709674146,0.1213921304264599,0.0942356494654208,0.0828060421530214,0.0741921437642744,0.1064088255822509,0.092240041324852,0.0842204004897416,0.1098009801411893,0.1174420633270462,0.0834858671521993,0.1275306658926306,0.088702299642885,0.1170039689516278,0.0876156799525839,0.0715161842721487,0.0613018435619311,0.0876921435727444
0.0889994805179375,0.1369170875916918,0.0700037225716831,0.0,0.0811366987506775,0.0863484524790581,0.1336128958826921,0.1207626523002526,0.0973446094775737,0.1027162647468306,0.1225748065563028,0.109964025075196,0.0705704726012962,0.0773439152843758,0.0833506166594326,0.1109683270188326,0.0879451801338486,0.1600411736496687,0.1200400214103237,0.1435606745519014,0.11779172740103,0.0690229897509518,0.1161127230615942,0.084705604407354,0.1293932322758677,0.1111414544339474,0.1299585867626905,0.1156105318239715,0.088686238613474,0.1280576399378924,0.110602987980483,0.116031080729277,0.0937414447365897,0.1265101424053095,0.0754624341878679,0.0673316930091585,0.0992629219238994,0.1341577718868361,0.0813302726815219,0.1028303352003829,0.1753218538783962,0.1053532303037447,0.1749041537073389,0.1405288463306158,0.1359472181047,0.1197911947258759,0.0796734947132475,0.1090089065192778,0.1002783394672018,0.0911663495066299,0.059050863925856,0.090336866094344,0.1242563132825446,0.0654947811476697,0.0801290972963897,0.1011893622427955,0.0814443006033075,0.1131484702241732,0.1253247846704221,0.1068889498303917,0.0771567100371939,0.1248227957415108,0.115358164574729,0.102164374123777,0.1137832483797795,0.0832604892448853,0.110256895334032,0.1027097837535799,0.1508179215526107,0.1345346446380819,0.1127028656813459,0.089046030785197,0.0618037309119779,0.0747299346809492,0.1107499820896847,0.0795380786528756,0.0981600584894882,0.0861994660726059,0.1595395803323491,0.1447349279311898,0.0971341535839309,0.1213401896947157,0.1319551901632957,0.1196026655358759,0.13014965505953,0.1062189049593645,0.0798294130911158,0.0908487256906392,0.1264390965380284,0.0886619574108054,0.1462780570911072,0.1368069630932622,0.1115861244544358,0.1570924735799932,0.1157559479474033,0.1426895864889411,0.1037303633845142,0.1082231431627253,0.073413057679546,0.1067953235738669
0.1327715328848057,0.1287682043740776,0.0886007036560113,0.0811366987506775,0.0,0.1136900460087597,0.1222587809737092,0.103043542715892,0.1134501515602916,0.1151791068966502,0.135449984632047,0.0949189842532345,0.0972757174435965,0.0903916299608652,0.0868598142454463,0.0963964633304634,0.1421369363252942,0.148482325843185,0.1227257442222722,0.1377339925630906,0.1245803520402525,0.0870853452298434,0.1336764982546595,0.1061638240689479,0.1287601455202695,0.1016303925049668,0.136567372297688,0.137071120367232,0.1010130436275377,0.1330311528146465,0.1069902621550952,0.1171067701102571,0.1087738041159354,0.1442523331340492,0.1068727814317375,0.1115515435858773,0.1251448968368811,0.1203380315804167,0.1265409499680936,0.098662092572083,0.1621403900369713,0.1180719365093687,0.1308414765011221,0.1188859444922644,0.1289834035742283,0.1178497180031101,0.1023936997391972,0.1098998599248859,0.1338140202070177,0.0975251510273613,0.09728728221744,0.0513543160355794,0.1147604746867593,0.0718267172297036,0.0820219173533614,0.0908223544179053,0.069715197505225,0.1032736699393215,0.1259695983543906,0.1033896950827644,0.1126918456393143,0.1376830603419446,0.1385167926831867,0.0922649725030466,0.1142310075869972,0.0987689242869489,0.0935057942535995,0.0897602182045029,0.1508251524776883,0.1295615729345253,0.1294607507885027,0.1032646720822521,0.0987867813091522,0.1063284993676132,0.0895779478212095,0.1032012656351688,0.101009392537809,0.1169882541479368,0.115567072331807,0.1474934912802824,0.1181772602738379,0.1156605755385109,0.1421746483110398,0.1027775424098976,0.1265839518381965,0.1373151044610093,0.0873346027554364,0.1217935093684554,0.1334805707112928,0.0756750625895755,0.1385973023500188,0.1279570254284499,0.1114917537582024,0.1430194975541058,0.1075046674588478,0.1281095797036778,0.1343423500491517,0.1277072132763981,0.1075808547533982,0.143299764184676
0.0781154280641521,0.112652205199013,0.0807946170759197,0.0863484524790581,0.1136900460087597,0.0,0.1242386397033627,0.0974165019106926,0.1138696627057579,0.0942561326822793,0.1110996138040169,0.0978570139138756,0.078508323341527,0.0730114141305096,0.1107658731757898,0.1285336496382745,0.1013614231097451,0.137310048595392,0.130209473177451,0.1363898980447054,0.1023717443763167,0.1032889572938322,0.123577698959599,0.0813324094974934,0.1014496112750674,0.0989146292745577,0.1147808441833791,0.0952698167657474,0.0892525108187387,0.1157939296072688,0.0921476659136016,0.0949019825210389,0.0918081395646675,0.1101443539828154,0.0661632426484059,0.0825011396851752,0.104721439248801,0.1074114566496775,0.0787816053470074,0.0952116803985931,0.1462991121820631,0.0874553433425259,0.1695335454843441,0.1136460852150532,0.1175050729229055,0.0953073077631088,0.072210357295924,0.0921208088082219,0.0855465905830699,0.0886871640303328,0.0546842567947793,0.1227178303943709,0.1377973240711612,0.09609455466226,0.085833007241689,0.1058940737188955,0.1043574837067753,0.0901811565868069,0.1131821173335706,0.0654808131357104,0.0666668731167643,0.1009394103197375,0.1024202818080029,0.1024114276134719,0.0953919449785484,0.0973473495820498,0.1088449031278316,0.0856987217201185,0.146240834144371,0.1140364609820611,0.1055938077792433,0.0745238630532314,0.0822349680129236,0.1025463705239015,0.0870273067031392,0.0816065330190722,0.1083485277599556,0.098164562574721,0.1576903077111008,0.1582037335050697,0.0907094869576449,0.1043667816468671,0.0900083707556178,0.114783441123577,0.1194697651040522,0.0860659702450343,0.0770031126784764,0.0831921756032907,0.1041798712959724,0.0889580968897557,0.1297281948758752,0.1254795806496682,0.1096264551389155,0.1478246675444607,0.0940505543244852,0.1315989638279998,0.0887009346155837,0.0992119804372442,0.057484713822142,0.1069205344921985
0.1265659841820041,0.0846087228563067,0.1006323589005487,0.1336128958826921,0.1222587809737092,0.1242386397033627,0.0,0.0962493328732867,0.1132092030086285,0.0814308750158077,0.0942546182194883,0.0751058499105101,0.1116153831922226,0.0830172718972334,0.1108907753214519,0.0863328661674912,0.1256541350574835,0.0964681946244879,0.0962728875252325,0.0684648940404959,0.0853666844404222,0.0895197635953183,0.1176158806522488,0.0855080989544479,0.0929333941183475,0.1048439028259464,0.1037006652167357,0.1075523463032204,0.1109249860507318,0.0948947272781845,0.0848443347169195,0.0732620888297348,0.0943779913761141,0.1035912348323445,0.1350519883233948,0.1128674567691628,0.0977660127353004,0.1118496923650475,0.1167702516606444,0.099674020412195,0.089860308082314,0.0956469838588762,0.1620850771233495,0.076616895183112,0.0755061136046984,0.0821147580494646,0.1044253470002526,0.0660326370955883,0.1009870825151694,0.1047167283861307,0.100494513801011,0.1002189293667397,0.0646776214908803,0.1356650363412653,0.141056766988228,0.1292325442227179,0.1088658160347053,0.1067816582288871,0.0890345335583624,0.1335077580178437,0.1118999359768933,0.097996819945712,0.101666364908887,0.0684699522300966,0.095749276500479,0.1261112457716332,0.1013319341780133,0.0909823823565594,0.0973216511877208,0.0994335343169123,0.1015552515416326,0.0917243102578445,0.108026417149282,0.1554566478814054,0.1043576104924738,0.1116152060162427,0.07371132582065,0.1031648520099786,0.1103364306554816,0.1054559135569605,0.095805086690459,0.1077357380474473,0.138293821670784,0.1289716868127594,0.0874108642848656,0.1248582334444196,0.1058942950474945,0.1416966727020181,0.0930833425087515,0.1240705274663799,0.1048087636859475,0.123903296735383,0.0628685877717833,0.1204773438343672,0.1057356708477345,0.0946778391373378,0.1400868546658069,0.1164491890421176,0.120903042657193,0.1094076970416018
0.1013168074890312,0.0714794000072628,0.0774341430327414,0.1207626523002526,0.103043542715892,0.0974165019106926,0.0962493328732867,0.0,0.1157811988283326,0.0781179617974885,0.0883672317463023,0.075810411563473,0.0931857146892145,0.0806160224897101,0.1121145664278387,0.0956899949400164,0.1327555872382961,0.0873493618035278,0.1155731500709165,0.0826013758282613,0.0720375098324915,0.0923305960376015,0.1051299452145662,0.0864917766825827,0.0652246895282034,0.070615057207225,0.0935395121016158,0.0800218210979325,0.098421916716353,0.0816013703354318,0.0790439383879461,0.0822324629262975,0.0890093723123717,0.0806135133614976,0.1070340410979115,0.0987176920461001,0.0946539612500793,0.0777081901517974,0.1034891125791118,0.095846987894191,0.0954110527932071,0.0750094448632054,0.1416009503433607,0.0790490539319815,0.0747854474991456,0.0662061129785455,0.0895268920417101,0.0667960108142587,0.1014087610662835,0.068639265895073,0.0964208270074395,0.1040416495435593,0.1053090326491943,0.1276477014566326,0.1166837940732788,0.1046577336402135,0.1024149649272208,0.0759636438621341,0.0801649315636269,0.0851561629218416,0.0871454613596124,0.081314404750005,0.081715281440398,0.0654982687041851,0.0601570851760248,0.1125292182196519,0.0779080320462476,0.0822667970765965,0.1067380609881257,0.0788826855124903,0.0889203100887425,0.0861996409125981,0.1099209377329255,0.1532810930449134,0.0710215964056692,0.0786883268727841,0.0841880520706821,0.1017385144366942,0.108210156836443,0.1221987031932617,0.0802761337233896,0.0822250742293988,0.0886401253351011,0.0943047704356888,0.0801418036961398,0.0934228093180773,0.091539752443315,0.114347927988555,0.0765778679566076,0.1017438518199768,0.0824472816378924,0.0951774317650614,0.0828812615824614,0.0907267793519277,0.0873633470820051,0.0937851623981001,0.0994158223404125,0.0880552048037655,0.089908694977608,0.1019099843946777
0.0831745822722645,0.1110784282034444,0.0940168479129055,0.0973446094775737,0.1134501515602916,0.1138696627057579,0.1132092030086285,0.1157811988283326,0.0,0.073761553915323,0.0839849027195439,0.1108264794186976,0.0913377517499539,0.0728708473794939,0.0726712560455971,0.0818262982220938,0.072717309999433,0.1227947671214871,0.0713334467709946,0.1113872663351743,0.0970883301941237,0.0906010056011987,0.079075509761733,0.0765847578204057,0.0982856015887212,0.1235645587984336,0.0937745370990271,0.1043711274925211,0.0728830574540228,0.111197421075338,0.1041391231679107,0.1084836607727985,0.086808175961457,0.1003054037032855,0.1159823755751091,0.092818997169695,0.077171403343787,0.1307316185862457,0.0823588202863587,0.0912510055768579,0.1438945670859283,0.0787636765241661,0.1834005540664936,0.1171308144617006,0.1162088284085741,0.1221868537623111,0.0764753694127337,0.0895311587834727,0.0840107750834358,0.0900858870536168,0.092157514931423,0.1051960168358601,0.080478050650515,0.1015113016793368,0.1276256959858805,0.1513206216828693,0.0871833313005336,0.1256627569287225,0.0939800127492707,0.1219923766577737,0.079746716392415,0.1031197144258149,0.0901359497889338,0.1024906376380792,0.0984259348684173,0.1177104163542491,0.0932178684437093,0.103550691969567,0.1061317115892968,0.1142360041698508,0.1064315068169651,0.0939860100150086,0.0823239624796865,0.1198845176627105,0.0911463221465621,0.0985782956612887,0.0800966453143741,0.0867507877229345,0.1384705019234538,0.1048461770856921,0.0762634695650208,0.1225126501445958,0.1566815525003607,0.1058549334387125,0.10185723492042,0.1065610827189945,0.0747155057663357,0.1055500532879225,0.0999710860919827,0.1305194832964812,0.1174396956833405,0.1371735535727138,0.0923080816383307,0.1357985126651913,0.1170781150528687,0.1109425659625124,0.1114039863971798,0.1009028189219448,0.0913530804858048,0.084854314773194
0.0696806986249727,0.0764994921731429,0.0726611753340973,0.1027162647468306,0.1151791068966502,0.0942561326822793,0.0814308750158077,0.0781179617974885,0.073761553915323,0.0,0.0580885669655213,0.0863079298929548,0.0790249696642873,0.0597092005360443,0.1022404804956483,0.0696527265061141,0.0946128219298652,0.0743796976928698,0.076829567327678,0.0624986257794646,0.0563027212897821,0.066342687989596,0.0690431892784491,0.0595665366322926,0.0542094685167834,0.0892914412087732,0.0563545954439164,0.0560319594999879,0.088047902012198,0.069881644389723,0.0810794047638561,0.0756106118133183,0.0791534130754145,0.0586786542710605,0.1078211833886292,0.0786155513720813,0.0551719102886974,0.1086508463774976,0.0750034017793459,0.083069463359875,0.0988092762684599,0.0502253184573045,0.1823333218306393,0.0878639675028341,0.0775529863049039,0.0838947188810698,0.0598251057166101,0.0542013533230047,0.0745887945934863,0.0623478386285421,0.0753457282722419,0.1035709324447954,0.076411654558798,0.1108707743215258,0.1227882481898541,0.1298807154785781,0.086572312243682,0.101832018477143,0.0497571259188913,0.1070583390804885,0.0667767985369426,0.075136330615349,0.0614125486715672,0.079750835244223,0.0586953269663754,0.114332137520949,0.0852583238860215,0.0874207421987022,0.0691023426041675,0.0709563356485566,0.0727413553973329,0.0770751964665533,0.0891021446929322,0.1380389217043738,0.0807915597181109,0.0734150531842477,0.0599877194951609,0.0645658175032877,0.1392171115370978,0.0778060767891035,0.0559776213160671,0.0948586140092248,0.1161919946582718,0.1069130945516892,0.0659606466729904,0.0781077385020448,0.0654873248252696,0.0918892517936266,0.0503646684155127,0.1145226481745837,0.0749276704627642,0.1138053553284602,0.0723073542331187,0.0977413815039385,0.0942424030523644,0.0775172171460101,0.0902481168763933,0.0744386483992562,0.0742671597656946,0.0596570394468327
0.0770881246115227,0.0868843777430265,0.0779667261788828,0.1225748065563028,0.135449984632047,0.1110996138040169,0.0942546182194883,0.0883672317463023,0.0839849027195439,0.0580885669655213,0.0,0.1011102240187533,0.087852713582905,0.0774688169004809,0.1033350207319294,0.0818444157281654,0.1023419512383156,0.084163311953302,0.0703550562647468,0.089918294186776,0.0533344590650392,0.0917066909718819,0.0810435051205979,0.0726991282235969,0.0624221345290608,0.1093255738991747,0.0753317479030343,0.0820279499036459,0.1090330086489854,0.0808417939885302,0.0872411642218763,0.0773696251917805,0.0698842358127883,0.0703229794044474,0.1105458650817433,0.0831069237195628,0.0737146022374643,0.1140246633944759,0.0769506795833194,0.1000365291762066,0.1021053352216048,0.0571083406367944,0.192749942381407,0.0936641943675209,0.0932312691861607,0.0957439318670153,0.0774563910397137,0.0635415631254628,0.0785740513454951,0.0828334198840652,0.100729213567458,0.1244126908247233,0.0922580538259768,0.1259718882891782,0.1427216534724882,0.1355374528075225,0.1144177255090062,0.1114997817937237,0.0678274203031237,0.1132591406761295,0.0802444572047703,0.0673200906394806,0.0593107299171814,0.09967403049125,0.0838234340546658,0.0993029715376158,0.1029023083204208,0.1039749112446594,0.0677244741808766,0.0831473302354102,0.0875339661461024,0.0894993687960871,0.1016759176379963,0.1541108681855302,0.0797036209811405,0.0806037567858646,0.072086646155738,0.0708153644438448,0.1551534773891873,0.0978610175419843,0.071740979683022,0.0938697880669958,0.1261352640996447,0.127638993679919,0.0743567636366306,0.0907294088104144,0.0870004804937638,0.1280923287390145,0.0732670440948953,0.1415879032196454,0.0943138178714916,0.1201040737507206,0.0931768087136312,0.124911809547384,0.1145435257868691,0.0987391995676379,0.0901722710032521,0.0718446553313286,0.0876261142017681,0.0640455979160849
0.1174733231662617,0.083585157618479,0.0796384589933974,0.109964025075196,0.0949189842532345,0.0978570139138756,0.0751058499105101,0.075810411563473,0.1108264794186976,0.0863079298929548,0.1011102240187533,0.0,0.0940403217841343,0.077528405341688,0.0958846388809193,0.0874354801103903,0.1301475600265408,0.1015620221440004,0.1068920401761882,0.0861511206237338,0.0863156317581969,0.0850611018801013,0.1207033680471119,0.0818045933996594,0.0822750045766496,0.0643799208731856,0.1096616337479449,0.0983405214526432,0.0911355187061957,0.1018531620230846,0.0798996448765639,0.0578973595960709,0.0786804199397031,0.1008323487245938,0.1001784719203863,0.0969113880785928,0.0876243573139392,0.0847382028094189,0.1076170514264973,0.0936046886448097,0.1106162403716384,0.0780457106066609,0.1505757834457948,0.0789262741544818,0.0777827863019384,0.0639958544991793,0.0932219567412874,0.0695805728223097,0.0923273662767555,0.0892446156634843,0.0916008587919406,0.0939849244164432,0.0986970034359481,0.112499058166904,0.0975276111783317,0.087844454883586,0.0887110344087123,0.0784835443524513,0.0974249762698109,0.0839372703098761,0.0963842490141871,0.0823218362575677,0.1001231176567115,0.0625742626652198,0.0758788703392928,0.1074023069675694,0.0984771989808963,0.0691140399443514,0.1184512054786546,0.0951030399408411,0.0880109658922754,0.0785591249169777,0.1058026727571691,0.1382533471849334,0.0748658072505439,0.0819476399273496,0.0778657004044938,0.0885628894865469,0.1102450410239839,0.1280733423321875,0.0838480472642311,0.0743613421345526,0.1000062562122754,0.121442278965282,0.0791657692103781,0.0981810460536148,0.0898267647461006,0.1362922159502993,0.0918004801895119,0.0888281312877309,0.0985103080483762,0.0970345949817429,0.0560964652533941,0.1153711734809866,0.0786105042962216,0.0916216948917191,0.119376545508192,0.092687600416827,0.0920431195674023,0.1139748664463218
0.0621236628652768,0.1040851819573047,0.0558693709138669,0.0705704726012962,0.0972757174435965,0.078508323341527,0.1116153831922226,0.0931857146892145,0.0913377517499539,0.0790249696642873,0.087852713582905,0.0940403217841343,0.0,0.0636186294585895,0.0876761408674735,0.0870915344496485,0.0909165591192441,0.1283956955377009,0.1121483273969193,0.1116320231924189,0.0843164069399332,0.0732895688370588,0.1113430518403709,0.0638332188127166,0.0908904543730243,0.0966736579525943,0.1039372092019772,0.0889430990312929,0.0838117519602713,0.0996553865013667,0.0828133964607762,0.0870857441019397,0.0814832248295291,0.0935193239383222,0.0659210175492163,0.0556754640438306,0.0804268301975019,0.1191880314979771,0.0638312774584599,0.0913624856736422,0.1396883340042523,0.0690627026736353,0.1704836656368902,0.1216859257717715,0.1084753009186972,0.0920547665294055,0.0594593584438785,0.0700732103306222,0.0814271273930644,0.0637199172827454,0.0603383969707344,0.0815019016857405,0.1132635346654732,0.0639090986887698,0.0846487524512231,0.0867453419583873,0.0803488248014586,0.1027517167632464,0.0926316078978837,0.093435093212091,0.0572986833464781,0.0877659488172302,0.0859713059380503,0.079942269489532,0.0908900879248797,0.0774257880057282,0.1059808452264498,0.1006039464143368,0.1199542426203569,0.1057519936154136,0.0751988157643983,0.0639287450325964,0.0715473643154316,0.0902291452085885,0.0904414877153062,0.0632737716736616,0.070936546261401,0.0704486928396079,0.1547375319783377,0.1245043492106609,0.0766982603886327,0.0877484109618945,0.1034755758156017,0.1186695732872365,0.0962949018780738,0.0751541906001218,0.0666211873729743,0.0912787982851998,0.0856035163329335,0.0885208330374574,0.1119653118162822,0.1179803314418001,0.0915595722175708,0.1324209581949607,0.1058713820305972,0.1184627928973114,0.0755523091584719,0.0799099122465052,0.0634731164725559,0.0875314293118642
0.0784392120729411,0.089866885762316,0.0560806915948363,0.0773439152843758,0.0903916299608652,0.0730114141305096,0.0830172718972334,0.0806160224897101,0.0728708473794939,0.0597092005360443,0.0774688169004809,0.077528405341688,0.0636186294585895,0.0,0.0677869793340942,0.0740716837362338,0.0828862672724475,0.1091185612680645,0.0790317480150122,0.0962646294956797,0.0755068051572491,0.0601210477709392,0.0954897393497642,0.0526084807720484,0.0856607601522071,0.081762143817594,0.0826446848251042,0.0880068001417916,0.0642816447960049,0.0958949843186831,0.0682274008203392,0.0708143976616418,0.0698023155738334,0.0863681299262391,0.0810538498842798,0.0691657718001176,0.0839417277115766,0.0979182615300333,0.0692148692996438,0.0632594800039569,0.1211837080345989,0.0728895905900103,0.1595638808665829,0.0874123674422903,0.0912391431636276,0.0879617540775191,0.0497690789733092,0.057746022336444,0.0791166073991224,0.0643694796001319,0.0487215512399676,0.0787354482226213,0.0779039101037613,0.081864872093458,0.0973564462469365,0.1061893477290952,0.0663749173434236,0.0874424835137195,0.0825796050879371,0.0883263809163003,0.0632347216895501,0.0888059538584509,0.0812330361609933,0.0656030394008903,0.075409131867154,0.0874977888004515,0.0777653614919997,0.0676381398825266,0.1053783785888301,0.0920864292914396,0.0730191500995425,0.0510202202698526,0.0675848114418887,0.1034609628566266,0.07048791679031,0.0680540113555963,0.0633807168460258,0.0639721737513725,0.1219430190704828,0.1118972503681244,0.0605458349196893,0.084308837967113,0.1081004696060707,0.0949421318900175,0.0906114823862011,0.0897968803415212,0.0486075932044622,0.0932009260196072,0.0791498429283263,0.0815077186914471,0.1041394621740664,0.101121041354654,0.0795835418375745,0.1131186498242719,0.0774013975223646,0.0957618715149832,0.0957988780458515,0.0868768116314886,0.0674019243241056,0.0849540077764499
0.1129643821671323,0.1146131384339702,0.0912611104359776,0.0833506166594326,0.0868598142454463,0.1107658731757898,0.1108907753214519,0.1121145664278387,0.0726712560455971,0.1022404804956483,0.1033350207319294,0.0958846388809193,0.0876761408674735,0.0677869793340942,0.0,0.0705055393958015,0.1139740568524912,0.1322830239394888,0.0770814795551412,0.1229972908857831,0.1110469479609699,0.0937929292114785,0.1051401079920322,0.0856820751079406,0.111853186185375,0.1242347504071613,0.1154427058116144,0.124935026483632,0.0886521114743778,0.1311015559764227,0.0919250666298428,0.0953400480847417,0.0952653660175925,0.1186260619823359,0.1026408770922879,0.0953825960984823,0.1118586421390294,0.109962142553547,0.10753537615114,0.0952182592520255,0.145360894569719,0.1018328977421234,0.1331612042669144,0.0954286775290214,0.1146995181353908,0.1176926491806381,0.0969990675433376,0.10147500560836,0.0997615915550627,0.0932262085242421,0.0831070505403921,0.0882057548292975,0.0891995255359273,0.0940328399012073,0.1175039912938357,0.1147745559973377,0.0837886595443689,0.1135277906716429,0.1203329011150231,0.1122049111414919,0.0902371600928026,0.1039227170671139,0.1021301820948803,0.0892593575009569,0.1112185575279251,0.0948516908730777,0.078891322984572,0.0817418714679385,0.1297628165577295,0.1158693234263256,0.1210444596802198,0.0920129490073548,0.0749846581312926,0.1124996792586024,0.0847352590449289,0.1024348003568933,0.0729528739486272,0.1078606257955168,0.1100388694007922,0.1304627218637597,0.0820265966990583,0.1170190967889607,0.154177341047097,0.092115218283853,0.1201225502472161,0.1261020647535806,0.0793841557440467,0.1222670256634876,0.1233670213205553,0.0987216394359467,0.1443832923524664,0.1245342828654854,0.106881956731423,0.1453768210367792,0.1057072010926158,0.1211089563707636,0.1297251595418666,0.1195434139099612,0.0982090044024735,0.1172788645101689
0.1052381761530925,0.0969646359801181,0.0871265947303392,0.1109683270188326,0.0963964633304634,0.1285336496382745,0.0863328661674912,0.0956899949400164,0.0818262982220938,0.0696527265061141,0.0818444157281654,0.0874354801103903,0.0870915344496485,0.0740716837362338,0.0705055393958015,0.0,0.1246398408770259,0.0890678890897652,0.0687205364796632,0.0821552438787839,0.0852269224442046,0.0766223210346724,0.0911073379937829,0.0880344855315924,0.0772541532769028,0.1157581367619504,0.0799352182631939,0.0912983598035654,0.0936828337642886,0.1094088107188185,0.101802336933033,0.0899134757828061,0.1113725853219765,0.0869289551625085,0.1353386641705486,0.104173595177883,0.0938333461720742,0.1104642949847136,0.1126576058266761,0.097762390982881,0.1134135381945513,0.0754630659351798,0.1403248504907281,0.084965669905926,0.0897640470317644,0.1053952338890471,0.0892511834018489,0.0764806137572934,0.0928782679893004,0.0752805466413711,0.094709594744304,0.0920326333057035,0.0559679434990222,0.1139232155963531,0.1336131068836195,0.1298873984685828,0.0820793491806136,0.1196278811627588,0.0845603068361629,0.1311309765340302,0.0983431568287435,0.0828837640054633,0.0825057764466432,0.0847542913100079,0.0857040739779224,0.1332522731368861,0.0681175000265317,0.0828813529777408,0.0953418973554311,0.0854480900278597,0.0962810953334687,0.0950230077673698,0.0954069443648366,0.1493510239653726,0.0979347074491421,0.1103940331030375,0.0579340747273486,0.1012537238262585,0.1035712267609587,0.0932955773412657,0.0883513846312448,0.1161901614279096,0.1436179435350863,0.0918348346374836,0.0868333385583352,0.1178568048789725,0.0902612766166896,0.1166698254448863,0.0830846449275004,0.1109618441895422,0.1069392319950282,0.1203268860911597,0.0832267566612539,0.0972271477095029,0.1060972505142359,0.0825889467346272,0.1287562871887617,0.1080027107472597,0.109993256130196,0.1054519734882333
0.0711517914505463,0.1392362588755153,0.0878523158700062,0.0879451801338486,0.1421369363252942,0.1013614231097451,0.1256541350574835,0.1327555872382961,0.072717309999433,0.0946128219298652,0.1023419512383156,0.1301475600265408,0.0909165591192441,0.0828862672724475,0.1139740568524912,0.1246398408770259,0.0,0.1574515018937551,0.1150404688224733,0.1395872082771704,0.1059696012542889,0.0995753745016751,0.1087127123846079,0.0934732049209836,0.1183426376991231,0.1291234361212609,0.125398118452156,0.1175201196024314,0.0744090945656539,0.1300546388925427,0.1189858003263627,0.1179669837324856,0.0852007452253953,0.1176072036676856,0.0895061840239399,0.084010428048542,0.0900699183364866,0.1572380734509265,0.0705671312777528,0.122538324703106,0.1716544937633284,0.1007490849328456,0.2333004300227199,0.1506519426656763,0.1440074576982487,0.1313626261057103,0.0703529356064848,0.1035309330322372,0.0734663511560004,0.1130815145942375,0.0866530790666449,0.1283682214930078,0.1218926709385064,0.1024455588757483,0.1141985769705553,0.1513849771450743,0.1135136835070802,0.1352122017376867,0.1203802110195144,0.1308728225120144,0.0823555840457809,0.1268945477242241,0.1034525129985704,0.1219372462848326,0.1256116976788368,0.1016710969430207,0.1373282116784523,0.1345456510907119,0.140931660856469,0.1418118279598488,0.0996027359912204,0.0848866844614006,0.0768018369038321,0.0807884921624137,0.1139097667533391,0.0933589924922235,0.0986517120431638,0.0737534299989906,0.1879347798807872,0.1373148770446391,0.0861329552073396,0.126567928030833,0.1544041546029372,0.1533563514582726,0.1243346471323252,0.0919895568767849,0.1020519433555452,0.1120644185288412,0.115998496481304,0.1373667177700027,0.1480556169136771,0.1637869815522337,0.1104265762105214,0.1698683439988911,0.1302661498645347,0.1514985307293675,0.1045141195163483,0.1049334456076064,0.0859534910475579,0.0831466989272972
0.1237205486100722,0.0707243638763974,0.1229486667998581,0.1600411736496687,0.148482325843185,0.137310048595392,0.0964681946244879,0.0873493618035278,0.1227947671214871,0.0743796976928698,0.084163311953302,0.1015620221440004,0.1283956955377009,0.1091185612680645,0.1322830239394888,0.0890678890897652,0.1574515018937551,0.0,0.0878070110161745,0.0704044338739017,0.0789164617738983,0.1101032611944743,0.0809528639644739,0.0927901416075671,0.0712171639346836,0.1176799092069308,0.0727506987752604,0.0755253134347782,0.1405400354031089,0.0749822867094908,0.110059034276775,0.0948230503566023,0.1217108615571753,0.0684305898079491,0.1626972773771208,0.1296128953505954,0.0989532533914973,0.1155435684009324,0.1233249769139424,0.1159008030248745,0.0570364537948682,0.0804019479838663,0.17639361501477,0.0798455546207485,0.0759049630340828,0.106417703309425,0.1183981824274809,0.084009931464154,0.1173981448076804,0.0895315630648915,0.126778461419035,0.1365656427074632,0.0971601618536769,0.1698024107020467,0.1679748782960254,0.1591651967206842,0.1279899383335517,0.1246056400590028,0.0561505147368906,0.143716111490827,0.1186142485715749,0.07556054675319,0.0773616907209272,0.1068762424296363,0.0761022161155962,0.1665997571489577,0.0902566542413282,0.1011581825033325,0.0684821705900595,0.0614602418034032,0.1147668881122118,0.1242513865956126,0.1429909436552963,0.1956624956282778,0.116853010338028,0.1293197188347464,0.0943702137783293,0.1235675157415728,0.1357710571971871,0.0886351341292232,0.0939531030352673,0.1092165568612483,0.1257249471262484,0.1258921588870868,0.0818294265094848,0.1187066833214361,0.112192676010837,0.1280339048326358,0.0664096967848024,0.1583360957423118,0.0722717435371367,0.1152700046048367,0.1015293611923704,0.0793370628913904,0.1302129146202839,0.0690850900045154,0.1212411328961403,0.1095582182734821,0.1256494913320853,0.0966657201604292
0.1100761306061755,0.0993608119822105,0.1087989748414984,0.1200400214103237,0.1227257442222722,0.130209473177451,0.0962728875252325,0.1155731500709165,0.0713334467709946,0.076829567327678,0.0703550562647468,0.1068920401761882,0.1121483273969193,0.0790317480150122,0.0770814795551412,0.0687205364796632,0.1150404688224733,0.0878070110161745,0.0,0.1038053377773081,0.0857394314472674,0.0985716124429802,0.0686798600073194,0.0768604843014812,0.0978603515230142,0.1307629205147848,0.0886855973284352,0.1058034162826071,0.1044282021968289,0.1140849626140697,0.1021325892589579,0.1001595499324614,0.0956519846289919,0.0938369293221618,0.138933323813659,0.1071626112097335,0.0987863709664234,0.1271640567438406,0.1006546024170696,0.1001320836691239,0.1138546739652006,0.0917416083041698,0.1700426727630832,0.0864588023488611,0.1082110800254192,0.1268137433954556,0.0973028595652387,0.0934021510900325,0.0993413884620652,0.1035484521992078,0.1053044794332728,0.1135534841957529,0.0706787912851802,0.1290779156126657,0.1552674274008949,0.1577887196502036,0.0951195706988314,0.1327493265308828,0.0833175180970547,0.1365477683237862,0.0976974215865266,0.0942688692159413,0.0800736005753039,0.1021389108051725,0.1036682095322894,0.1247444107226606,0.0781899047503091,0.0904587448924649,0.0869878326950788,0.0939809699858382,0.1160293613897086,0.1094268980810583,0.0979690765802455,0.1555211315714825,0.103528940305959,0.1150229376167175,0.0737969506808039,0.1018605325309316,0.1206972435574297,0.0929409971015901,0.0809142173589404,0.1287676344972419,0.1693055257300796,0.1056866247194918,0.1119568569964924,0.1302371373130933,0.0899868609558206,0.1231634711177717,0.101418069212012,0.1410557335388277,0.1231107216565719,0.1327798866750095,0.1043895549754844,0.113833611743826,0.1238145758303939,0.0954880755585312,0.1345259383204013,0.117601222016544,0.1115132562989121,0.0920488401786626
0.1094541487657009,0.0609241156794504,0.1105283966594063,0.1435606745519014,0.1377339925630906,0.1363898980447054,0.0684648940404959,0.0826013758282613,0.1113872663351743,0.0624986257794646,0.089918294186776,0.0861511206237338,0.1116320231924189,0.0962646294956797,0.1229972908857831,0.0821552438787839,0.1395872082771704,0.0704044338739017,0.1038053377773081,0.0,0.0820224087387476,0.0957192445722616,0.1076849978612627,0.0936182687182535,0.0724492600229209,0.1158736854687439,0.074331950376749,0.082605439612349,0.1145952138381476,0.0854407237656979,0.0831292556968211,0.0770275511298919,0.1149336696268985,0.0748753889517211,0.1477877982402906,0.1198997042231439,0.0924972199045176,0.1008934068398444,0.1229355520134965,0.1047528000078435,0.0795010467184747,0.0822024616494195,0.1737416987072826,0.0833673140440167,0.0629500225064525,0.0864340631675861,0.1039934051013418,0.0691858470418584,0.1036482237308228,0.0902422269396838,0.1139520895770213,0.119190821063245,0.0844920500516438,0.1523212958205034,0.1641555618027778,0.1441225865822585,0.1162432894525455,0.1109116730884398,0.0673556886721406,0.1377073963156424,0.10682663256843,0.0839516376603689,0.0849359601290839,0.0795066605463145,0.0689886084837481,0.1539225643761818,0.1005367830842421,0.1016508577910839,0.0795517352203573,0.068469634874436,0.085409918302697,0.0997261175672539,0.1327301690645647,0.1836889521327511,0.1115382815449822,0.1153750817393427,0.0744568476370778,0.1048699291297019,0.1260915663041607,0.0907518337180876,0.0804526589933199,0.1117311132309093,0.1290509473311756,0.1253769972668266,0.0777366369434631,0.1178357887169434,0.1000989425709781,0.1234651396508141,0.0679457456107259,0.137636985880568,0.0843093002838371,0.1124654203267585,0.0775179109693726,0.0817966309829346,0.0999794502108392,0.070390314938792,0.1288533491105689,0.1099570489051492,0.1223142328018803,0.0956845877876487
0.0761372220976469,0.0841942648522436,0.0846314662899593,0.11779172740103,0.1245803520402525,0.1023717443763167,0.0853666844404222,0.0720375098324915,0.0970883301941237,0.0563027212897821,0.0533344590650392,0.0863156317581969,0.0843164069399332,0.0755068051572491,0.1110469479609699,0.0852269224442046,0.1059696012542889,0.0789164617738983,0.0857394314472674,0.0820224087387476,0.0,0.0816297794185976,0.0946164007201513,0.0738601141841313,0.0653012035978878,0.0970274910966891,0.0873099109494003,0.0698779956872201,0.0947418874396785,0.0767612160264177,0.0864742048415496,0.0762943822366944,0.0720574957447808,0.0638199041303669,0.1084090511819986,0.0837836329258498,0.0681365022925121,0.1171099955088138,0.0818303637755445,0.0994509153398388,0.1024550806502888,0.0538683633592273,0.1925492074509113,0.0994971217568172,0.0904235446962716,0.0862033817202184,0.0814145730591399,0.0564034057667933,0.074762248782846,0.0828235602461922,0.0958424719558225,0.1106833470238644,0.0924981464754889,0.124695438704949,0.1226406686224494,0.1159281095905681,0.1070102934164287,0.1145227392662925,0.0559493882276166,0.113603316106429,0.0829335716942517,0.0765006979645011,0.0645507558920679,0.0862569949769311,0.0746910495306473,0.1038030204987418,0.1047781021683944,0.1080649189613474,0.0850835399118112,0.0920619498780972,0.0869651134282155,0.0843430572655964,0.0973102037111583,0.1516643182808695,0.088763135105163,0.0791826795018824,0.066175998743506,0.0801488150559711,0.1528723062659021,0.0984993518333093,0.0733138466946249,0.083620477062609,0.1084584448186804,0.126169707241151,0.0713739806370845,0.0727908255382583,0.0952497205984588,0.1231991661820749,0.0624230782890335,0.131433873306081,0.0849373449449574,0.1288904667681841,0.0796303675940949,0.1220778112369631,0.1077149888375119,0.1017481301680158,0.0775454905098796,0.069747437827594,0.0881896175944136,0.0589157945487393
