0,1,2,3,4,5,6,7,8,9,10,11,12,13,14,15,16,17,18,19,20,21,22,23,24,25,26,27,28,29,30,31,32,33,34,35,36,37,38,39,40,41,42,43,44,45,46,47,48,49,50,51,52,53,54,55,56,57,58,59,60,61,62,63,64,65,66,67,68,69,70,71,72,73,74,75,76,77,78,79,80,81,82,83,84,85,86,87,88,89,90,91,92,93,94,95,96,97,98,99
0.0,0.0835183849212725,0.1181670821199577,0.0848522836616311,0.0768885482102045,0.1304651146896092,0.0909043815895263,0.1081635856755713,0.1097431430086135,0.1024565726245101,0.1185686511006921,0.1058033794119928,0.1774002127937258,0.1290917389906904,0.0710912535722615,0.139714679690323,0.115259127536093,0.1447731262002482,0.1169917840490894,0.1561483622332559,0.0923143226828663,0.1144488415349031,0.0803181037202215,0.1047499852043533,0.1127032314960411,0.1049100955000013,0.1114462104266954,0.1563078632574631,0.1227374164737254,0.1110115052163513,0.1320162544457552,0.1151503765479698,0.093109696932895,0.1430031240385772,0.111259130719915,0.1181259511974498,0.1275838330312979,0.0744090109356218,0.1385861309226025,0.1032374237129944,0.1227334941174119,0.1126866041271745,0.1006946301189182,0.0982036575610769,0.0724527255317469,0.1282075901214098,0.1439328841031328,0.1397206735237026,0.1445292677599877,0.1077977901545998,0.0991208245394358,0.0920414202477759,0.0818344467798866,0.1103765820150079,0.0968895773650455,0.1208825786211112,0.1177134694018704,0.0983460921306108,0.1292073317852425,0.1147735942802002,0.1111004416866249,0.1695823644884277,0.0831098036988603,0.1202158413034799,0.0955901504004394,0.0771282962198585,0.1146004638966789,0.0931971706112896,0.1499316987186705,0.1183713828040488,0.0974057586831643,0.1289891602912843,0.1056324874336529,0.0891698217683441,0.0768040533596519,0.1020984813313153,0.1397295238430062,0.1018556301518445,0.0908032871804467,0.1267387148369583,0.0995039765537441,0.1408850623453227,0.0701266809123656,0.0896828204154447,0.0791668655873774,0.1082903069284645,0.1426718035110971,0.111857598372908,0.1875060098802712,0.0684743651070995,0.0927152099386593,0.1010514594054692,0.1389412752141967,0.0968391191096929,0.1329488264132259,0.0777881605083534,0.1249739958857937,0.134194214703144,0.1674698328597436,0.1042899481233763
0.0835183849212725,0.0,0.0779101508522615,0.0685814378296412,0.0782365639861665,0.1067060931394109,0.0917789666744941,0.080628512361194,0.0802574346553705,0.0748483940585953,0.0782244302973711,0.0804838827211446,0.111739962959858,0.102544205142519,0.0722386335599972,0.1035235632721522,0.0965534104256324,0.0990178605400146,0.0988589484201881,0.1284656924964067,0.081206939381638,0.0849551509482518,0.0708679471219793,0.0925742898802949,0.0841879859430815,0.0902615965408124,0.104001396873208,0.1180942311328504,0.0967351237358154,0.0638666879082682,0.1200018807418007,0.0735428611130714,0.0780284685864835,0.1037269315350964,0.0877457608037471,0.1049389409334762,0.1031618669913805,0.0839327461090119,0.1090650263371861,0.0938984410726622,0.10617951803249,0.1001629092430234,0.076544900387692,0.088277853572009,0.0624429649727892,0.1039134890617836,0.1424438926758711,0.1184444384924829,0.1114264518588107,0.0976481096279567,0.0903099210970301,0.0665849076817786,0.0772700706167331,0.0880115899478881,0.0810193587407784,0.0971441399663644,0.085243552934877,0.0727306972060341,0.1163525820994583,0.0824849046600935,0.0964136632481923,0.1309787281651356,0.0712948066151238,0.0922618867479394,0.0951165157178302,0.0768865891186255,0.0892296137614529,0.0673981563024704,0.0952258760107256,0.0855805347113329,0.105570761380089,0.0850654977773185,0.0849468991866903,0.0638104973536446,0.0868312474868524,0.0962379865268303,0.1044753583399459,0.086144887607438,0.0879166588348357,0.0891709790410891,0.1062173963284611,0.1044444635028027,0.0658340123005201,0.0797659759890321,0.061343004348388,0.0844778156462161,0.1144044875774053,0.0765296057696238,0.1279641655741092,0.0838671516353666,0.0615930328682304,0.0708041245304098,0.1253574047401714,0.0878353943138414,0.1062464413889684,0.0666477782004057,0.0989049779703632,0.1170721467674561,0.1290153342726849,0.0839582771368997
0.1181670821199577,0.0779101508522615,0.0,0.085445229363997,0.1066112959630506,0.1099698900776927,0.1081339569260278,0.0759185601896891,0.11371376604171,0.0771091291614774,0.0676899641689918,0.0917870105498887,0.0858868446140077,0.0809711614066919,0.1003067034333076,0.1001662579175884,0.1018404195513136,0.0828665594537344,0.0998157196906089,0.1263817993538562,0.0954118966168749,0.0911966161808464,0.0872047735367329,0.0794271463676586,0.0748775305853769,0.1080464808152431,0.1321777064784481,0.0994023017402854,0.0872734066040013,0.0798302243897919,0.1307901955718537,0.0595229098400816,0.0725335122181055,0.0793268094743554,0.0990250400445244,0.0835103154568245,0.0876147321006954,0.1281461550421396,0.1163875743592419,0.0986127344626843,0.1151024537028777,0.0844468947341419,0.0787939462378867,0.0986960926914094,0.0818739389418745,0.1018304561148703,0.1585364530883263,0.125041063195842,0.1218139611290331,0.0929356627359624,0.1278436076773416,0.0813615843002938,0.0822065035942718,0.0724812333527676,0.1052914442416283,0.1158479588239442,0.0864822488945202,0.0820051582800524,0.1346414695275406,0.08585555291075,0.0749767214492543,0.0901968702018468,0.0836724779127228,0.0541038006355682,0.1123499061542562,0.1110399639035031,0.0842229480148009,0.0771166540446809,0.078995020675645,0.0877208996222812,0.1105961159260969,0.0728276668949105,0.086633962875469,0.0677485040980851,0.0889346604059829,0.0953026050647634,0.0907856383203306,0.0800666110687347,0.1274796291459596,0.0860175019283942,0.1428562950403219,0.072389493850167,0.1031028674342105,0.0842355875258147,0.0806459349403059,0.0767745479211137,0.0958833119507526,0.0909681038774676,0.0883261782109378,0.1192965769423811,0.0981824779820099,0.0827418959966483,0.1293366848967917,0.0675150263489642,0.0795007659951276,0.0841561159022189,0.0977226849189169,0.1172857260108789,0.1031517138364934,0.0737337085698252
0.0848522836616311,0.0685814378296412,0.085445229363997,0.0,0.0960552815685355,0.0966063809520474,0.1028977256917086,0.0891942473489601,0.0852474049084114,0.0676738569542541,0.0792115548859965,0.0841106417316364,0.1043004986758156,0.0959343865290935,0.0701644526318407,0.1146264650110348,0.0746089026563287,0.1062176389962097,0.080326282647706,0.097636258599576,0.0829672014039421,0.0706525019026634,0.0770941315268698,0.0721124252649023,0.0711165888814598,0.0949759896796531,0.0965748758056067,0.1043788084512907,0.0789158555483726,0.0955776896279981,0.0922354519497849,0.0772915119267022,0.0559113672124298,0.1006198420545839,0.1012074241014659,0.0903191814448974,0.0852643373639549,0.0817998117840773,0.0873651024442518,0.0863570797180445,0.091410964520567,0.1038296636078689,0.0769284413684578,0.084922489865711,0.0586073871536736,0.0950951160440932,0.1099250716605949,0.1069904503198397,0.1022355522007623,0.0903986529330203,0.0726442812468695,0.0518584216650335,0.0680578831066746,0.0815454730435003,0.0673131882796115,0.0834987903437679,0.0671980908139426,0.0769941379321706,0.1090060395551681,0.0684422008522947,0.0864095259348818,0.1115935584088372,0.0802092406842725,0.0956249358002424,0.0821987486233963,0.0923480968367491,0.0941925249789732,0.087314797128512,0.106680774702837,0.1139130145920929,0.1130170341291566,0.0806397828823752,0.075073342709723,0.0757199788668837,0.0959600058654155,0.0856896053520843,0.0979253408379828,0.080571898966428,0.0774690642315967,0.0714249563436092,0.1089961545166812,0.1008892908991573,0.0738108630467376,0.0848087613386409,0.0797351942684637,0.074301637580886,0.0927266839755823,0.0765520136710737,0.1226677758358473,0.0909232585295979,0.0813292989126075,0.0640554827782653,0.1106116176332057,0.0716047323382633,0.0981586184489812,0.0708271999871285,0.0822874008428061,0.1075457962998685,0.1153631775916136,0.0756855425426301
0.0768885482102045,0.0782365639861665,0.1066112959630506,0.0960552815685355,0.0,0.1067231218703984,0.0542349442228567,0.0782635493146464,0.0901312789434397,0.0735492938957046,0.1070608635647454,0.057963240240085,0.1565846055021286,0.1181154731093114,0.0827718427061853,0.1310460534324157,0.1115161235309569,0.1404334777911118,0.0960970171583081,0.1541631361924789,0.0738764767146607,0.0938004394394457,0.0950196721039434,0.0934015027032485,0.1135193527086671,0.0819817650905196,0.0923791934310253,0.1353223830096449,0.1070540373806209,0.0848350906614305,0.1281759976732665,0.0875291402785729,0.0933900485815058,0.1304475672739117,0.0630355428063517,0.1194021315661765,0.1210161092380167,0.0711368325187181,0.1292631479478512,0.074246661255513,0.1169873289346406,0.1137050379240583,0.090042801437835,0.0744355784937316,0.0677924058828072,0.1178635065801556,0.1529430368810518,0.1349994362866252,0.1370296296272441,0.0963239370957867,0.089201855332297,0.1001090443842878,0.0864387027922302,0.0934222706342071,0.0988673361844183,0.1216684508066032,0.1157479167819718,0.070661614364366,0.1313995439723475,0.1134773792131995,0.1035073823834706,0.1387362720039679,0.0668965954647354,0.0932618277388724,0.106730210487442,0.0717328330065494,0.1013088249142389,0.0730804260147692,0.1362177664738263,0.1067334794715674,0.0980440464000574,0.1112240144099519,0.0824881620220095,0.0767378727168399,0.0764794785835641,0.1020491495757405,0.128559816556695,0.1010241956708752,0.0877504376742574,0.1086879562032396,0.0844223312076288,0.1084920284831847,0.0572669929741287,0.0845608013192882,0.0793279219024603,0.0740741112629878,0.1311795895661637,0.1033971215919845,0.1731942751909161,0.0653687187992566,0.0523293899544876,0.0705340490154466,0.1363416381898435,0.0927553541458811,0.1154909578750287,0.0641836225038207,0.109709981002309,0.1205476183078772,0.1495671587269307,0.1013172160069078
0.1304651146896092,0.1067060931394109,0.1099698900776927,0.0966063809520474,0.1067231218703984,0.0,0.1245151830667268,0.1077792365687684,0.0802492049712373,0.071753502368337,0.099107908972633,0.0943680341695181,0.1161409953812922,0.0837352839989691,0.1113333000827811,0.1648431481840982,0.0863128148554509,0.1558149975702604,0.0950433958228697,0.0915601899355753,0.0814541049660837,0.0799497720534407,0.1355550879036102,0.086811738818268,0.1070959015037324,0.1359068550696306,0.0759212138323897,0.0967834727714648,0.0817040763651289,0.132779277642214,0.0697037805038971,0.0991558381709263,0.1195766474522616,0.1202475848017913,0.1161477458180361,0.1335714527089395,0.1286410402192913,0.1166165907498628,0.0819041391334585,0.0595823208577337,0.0527691452910979,0.1569299532526957,0.1078875441189053,0.0733338208132727,0.0892483528041455,0.0771322637233603,0.0995630001659141,0.0850005571752995,0.0721608210385229,0.0893437031549261,0.0728065506488344,0.1145780253415176,0.1199493051016645,0.0811540217243942,0.0789267504199223,0.1041836167235018,0.081386073044821,0.1016057415362284,0.0961177368887635,0.1162675752269031,0.130502756849613,0.1409480190506525,0.1170936256156334,0.0967233811443689,0.0810863769125329,0.0957576209113434,0.1139402081872441,0.1158761177188317,0.1172129464847808,0.1605205978601115,0.1672930033600647,0.1174309688137324,0.07211866685156,0.1071296422042784,0.1292092425818453,0.1452287429098645,0.1106591191850195,0.0909351228409341,0.1011495343742825,0.0709953915494519,0.099220497400426,0.1183128556126766,0.0888406709536483,0.1372476983641023,0.1133471212048197,0.0699803010674633,0.1448941724550632,0.0836510255647111,0.1511530161773407,0.1495820765482124,0.0818440328046989,0.0702923246494929,0.0679484455028245,0.1128168261627918,0.1037830187169971,0.091436838912195,0.081682386834159,0.0923643988363522,0.1030566533928823,0.1077197041304182
0.0909043815895263,0.0917789666744941,0.1081339569260278,0.1028977256917086,0.0542349442228567,0.1245151830667268,0.0,0.0938609608153424,0.1118697781369676,0.088540942800119,0.1112979178791167,0.0778575530867962,0.1565688957689026,0.129660924871974,0.1095741227751069,0.1202428646692805,0.1317019146366816,0.1337365940758577,0.1218255691064503,0.1617865375600615,0.0871262985349408,0.1066748503381093,0.0926257973102974,0.1095368723522714,0.1218427089202572,0.0981873341997979,0.1025349430899952,0.1462925173990922,0.12166358654557,0.0870968665331624,0.1433741703533299,0.0890623777180534,0.1091838777022624,0.1294689905597829,0.0645489112089526,0.1159315920013897,0.1234721228555107,0.0734693894440317,0.1370428733242733,0.0939171630484431,0.1333786794557389,0.1102382532879174,0.1031424831874774,0.104844742835777,0.0861925800745594,0.127264726176749,0.1725729994037945,0.1547059338049414,0.1512420383031762,0.1130312708575517,0.1034010064856987,0.0988509616672563,0.0982604255368732,0.1022355688855423,0.1185186105599436,0.1369268791834179,0.1281358198892678,0.0729441837051235,0.1464691418339879,0.1087231355554087,0.0976635266118752,0.1353975290622925,0.0576647183099631,0.0997049124752546,0.1221385858110464,0.1019760948039848,0.1088257390296608,0.0737940614852492,0.1417053254212385,0.1009773409916039,0.0958599076308299,0.1182757254424641,0.0999775571726674,0.0856165817104912,0.0850567381309112,0.1145614385335681,0.1413081864074901,0.1091138250995762,0.1128909415982723,0.1152450774834199,0.0946987358554505,0.1031691254691054,0.0750805962548289,0.0851980305257593,0.0831794886191423,0.0841038425701364,0.1438282569641689,0.1127094226365132,0.1761641520752124,0.0648708668144272,0.0776096439193311,0.0892975979980672,0.1521165598397017,0.091049498839692,0.1172545579644594,0.0866471387064647,0.1236499262177679,0.1412587456478546,0.1596030166028725,0.1094892558466988
0.1081635856755713,0.080628512361194,0.0759185601896891,0.0891942473489601,0.0782635493146464,0.1077792365687684,0.0938609608153424,0.0,0.1064877018274123,0.0776164217568788,0.0809163345621725,0.0590720893839454,0.1239361600239848,0.096064759599058,0.0791134171454303,0.0858056395631707,0.1065047290620805,0.0902460667582651,0.0904544680992312,0.1426772301327355,0.0822165634615542,0.1003896255348032,0.0906040572986555,0.0670731422572941,0.0761986926987857,0.0938594645489032,0.1295192593015405,0.108871136867312,0.0978613091254283,0.0672829204238285,0.1348138414310896,0.0662719960239826,0.0702703176804964,0.1106926180074776,0.083399446179858,0.0999895020384935,0.0956584738850262,0.1123591017153837,0.131563538315974,0.0969268811022108,0.1236275317040591,0.0758481527985843,0.0662500212202427,0.0893921363722326,0.074888409984375,0.1089039453210952,0.1668839600826825,0.1343492171659676,0.1320562818516243,0.0938164977401741,0.1106811027206524,0.0904063160963884,0.0886130780492504,0.0719231947906795,0.1091070480595789,0.1190331842278858,0.091878868675271,0.0690224176667799,0.1465914829427318,0.1055540244496001,0.0758901910577429,0.0972833287273699,0.0724077258386046,0.0679228699646542,0.1115603669372892,0.0972202880987627,0.0923654904280155,0.0576211479826244,0.1106609048058293,0.0834647995598525,0.0899384082323377,0.0831452446479835,0.0781393793992437,0.050859916171644,0.0776852358146276,0.0789121749897529,0.1009748754240428,0.0814909431092116,0.1240199180527509,0.0974292495944969,0.129776336147021,0.0866593349404016,0.0976040092199898,0.0743317222418269,0.0697899135943572,0.0675247466431468,0.0883524730368002,0.1028265008173006,0.1150492002535934,0.0889942174452552,0.0848144259091881,0.0822520574138556,0.1376240560685882,0.0633620465792828,0.0827443071257807,0.0773994370904611,0.0962502207304596,0.1194236752567261,0.1174397795098412,0.0767281003502602
0.1097431430086135,0.0802574346553705,0.11371376604171,0.0852474049084114,0.0901312789434397,0.0802492049712373,0.1118697781369676,0.1064877018274123,0.0,0.0600392371018266,0.0999309292996919,0.103203175071638,0.1257875392051836,0.1043898584550836,0.0946205324547784,0.1512577669626046,0.0891985765902483,0.1411129013773526,0.0928460734543065,0.1075966586674247,0.0763350324622259,0.0719104589727498,0.116402004256901,0.0989724257533755,0.1161922488257291,0.1170131664381798,0.0822088964067985,0.1036607286898259,0.0925377000193971,0.1184127732283649,0.0889598827362762,0.0994732137865432,0.1024676535494283,0.1264460877371177,0.1142628094836574,0.1295283862033346,0.1320707730883565,0.1081021864986029,0.0924639541236465,0.0858870540923035,0.0752878424650133,0.140770568438408,0.100501753971624,0.0757814798847986,0.0756892809440807,0.0848260972636371,0.0901585360961677,0.0796507365840989,0.0808612924263985,0.0919736769389052,0.0787965190448968,0.0998295433403253,0.1106489914259029,0.0846622304870313,0.0688227173883146,0.0838535094781679,0.0913711287543368,0.0956413887086923,0.0998690886739822,0.1038278889642817,0.1279814549893191,0.1421834246082116,0.1022746361049307,0.1004177846977251,0.0801149421095391,0.0746093437423842,0.1113805880069744,0.102888032448609,0.1151354121495807,0.1456394684672354,0.1463542080618287,0.1064476126205643,0.079638223831823,0.0919351644523928,0.1196234017198475,0.1295326163285808,0.1200490635526008,0.0952619379114584,0.0818104457798056,0.0936653325477651,0.0881622371729523,0.1259140556923418,0.0754453521403349,0.1133407783428011,0.0958835424125821,0.0929669139899997,0.139596156421062,0.0683047914219492,0.159720794278427,0.1215932578198586,0.0730754807473152,0.0785078259835951,0.0959565902039558,0.1184283297089584,0.1176008213674451,0.0769805503645261,0.0874148546423634,0.0851111603919593,0.1273561910523601,0.1038361795471596
0.1024565726245101,0.0748483940585953,0.0771091291614774,0.0676738569542541,0.0735492938957046,0.071753502368337,0.088540942800119,0.0776164217568788,0.0600392371018266,0.0,0.0771781217664033,0.0698213874324716,0.1022901468912845,0.0747627520972398,0.0874354079331183,0.1255821021460119,0.0720303204227137,0.1152345088312226,0.0626069223088346,0.0959150533183475,0.0637257632024852,0.0623383056832609,0.0944129252545656,0.0734431984454952,0.0819944150301644,0.0997352691578878,0.0834718519294817,0.0775574320410153,0.0617498904147656,0.0929170920809646,0.0864317171050618,0.0666672753278494,0.0788122191265779,0.1049136673724458,0.0928294077403332,0.0865510844897198,0.0953998326094387,0.1030312167778219,0.0775918795866011,0.0723322756963414,0.0710939832366185,0.1115214734983217,0.0771539052383675,0.0579524381114443,0.0587413117516999,0.0691247616370644,0.1070202996885862,0.0824061514763493,0.0763644469160336,0.0616225740818749,0.0785500085958789,0.0783741537492732,0.0814066336304014,0.0517579390484608,0.0762504538165374,0.0930999450083916,0.0786954793489383,0.0683505066567361,0.0965887695510577,0.0829542366857412,0.087841015144466,0.1074199556573922,0.0796087870915264,0.0659951618028585,0.0747655461918348,0.0726142998961004,0.0801844025157704,0.0779280745829322,0.0998751711687697,0.11698664714399,0.1186432259796924,0.0809033475267938,0.0449825818796223,0.0738310860992205,0.0944660183746392,0.0977910702028403,0.0846193194844567,0.072429860421154,0.0834871432465105,0.0688889189154965,0.0956265886801989,0.0990979290738927,0.065289602889778,0.0870315198298757,0.0818860239950912,0.0626869261979781,0.1019830657514399,0.0601268071913304,0.1285250689763621,0.1113879942279752,0.0650696442188672,0.0519864775412675,0.0851151717296451,0.0731153268417972,0.0819500844552595,0.0595336028589005,0.0644370081189355,0.0715353784182479,0.0978204010862312,0.0715679419808393
0.1185686511006921,0.0782244302973711,0.0676899641689918,0.0792115548859965,0.1070608635647454,0.099107908972633,0.1112979178791167,0.0809163345621725,0.0999309292996919,0.0771781217664033,0.0,0.090372663110489,0.0908460788780997,0.0532073367387754,0.0963165075350232,0.1222427378997746,0.0734421643530489,0.0895403057744242,0.0969906678253015,0.1297800282558442,0.0704282865960303,0.1040678979107766,0.1078869464753308,0.0696056209760305,0.058292557726751,0.1154301873503636,0.1229838392914802,0.0760405370219416,0.0731868275683953,0.0985046962242799,0.1093228373938896,0.0776010416861969,0.0732474963670284,0.1000603340173283,0.1100189394419577,0.0799737782433191,0.0857693884665474,0.13353112107092,0.1122303735913133,0.1021622860737623,0.0958013004240131,0.0987197296648333,0.0557830186306435,0.0903523677563351,0.0711162283475743,0.0714981316421804,0.1282862209387184,0.0872187973317467,0.0909681821384947,0.0814189703617608,0.1120864257529416,0.0874198946423057,0.0832390185315452,0.0670844697157583,0.0891629882771997,0.0902718703747399,0.0592277993899391,0.0914375213430193,0.1049088531454323,0.089852811456235,0.0710068263380681,0.0943121591742142,0.0944845730345711,0.076551932289295,0.0910726877114588,0.0971943961977334,0.069992689129912,0.0810379344570008,0.0728634334273097,0.1091155926742635,0.1213837489948839,0.0619112213610609,0.0811593622337259,0.0693222227881581,0.0950765380452871,0.1085687999078013,0.0743673014669918,0.0640672654299506,0.1223998316820517,0.0891295812165104,0.1345546737353498,0.1006801601735743,0.0970916093672164,0.084149673064744,0.091359689331197,0.0775362671516602,0.0964007352209495,0.0580504996010704,0.0990355548068332,0.1287731392011858,0.1016840692849364,0.0870619019437067,0.1012056505340913,0.075623476506979,0.0748226372936546,0.0873271038871377,0.0706402725361758,0.0954740872254513,0.0881723685641249,0.062510980513196
0.1058033794119928,0.0804838827211446,0.0917870105498887,0.0841106417316364,0.057963240240085,0.0943680341695181,0.0778575530867962,0.0590720893839454,0.103203175071638,0.0698213874324716,0.090372663110489,0.0,0.1263515270487956,0.0996288882214765,0.081839903693375,0.1076340009798602,0.104427953660283,0.1186602886977512,0.0878686007963821,0.1333337398063326,0.0756298674767065,0.0913860015843179,0.0934883592487282,0.0782438099640675,0.0960628937168405,0.0932102268832787,0.1052352811442521,0.1155843083033478,0.0918364751900507,0.0767880628491095,0.1237253329849931,0.0626382700780828,0.0886986383274092,0.1175880101288558,0.0649894505619793,0.1083064056732137,0.0969753893432088,0.090481593830695,0.1161588628387365,0.0770189246650584,0.1149459444637576,0.1046603194090176,0.0799875477700354,0.0731392050162487,0.076941069525969,0.106296786694641,0.1569090917499483,0.1316195141153774,0.1285607845438487,0.0900983014102469,0.0878894936927263,0.0889586220097386,0.0931587613717667,0.0809135938853155,0.1047081276653064,0.1214674848135776,0.10228363438677,0.0579759188924046,0.137664303530072,0.0991647886813114,0.091668242694466,0.1069200102770056,0.0695765703730685,0.0830596726738835,0.1081361395132546,0.088912668702012,0.0993183018284263,0.0803002677489626,0.1205851986298745,0.103414182405,0.0929699636823653,0.0979115132006565,0.0730173602886449,0.0735964797984365,0.0860434505142219,0.0989370386572312,0.103787103580084,0.0931907668191652,0.1015523065648849,0.0873659795890194,0.1072058177694919,0.0845549506857,0.0819920291758826,0.0771430837028509,0.0721339104292643,0.0537718651615987,0.1121454658876483,0.0983291094750805,0.145630839701302,0.0879239239878802,0.0634882424543684,0.0637563814759521,0.1279785007447914,0.0753542378999226,0.0978765567062678,0.0753446359788031,0.0937130454203393,0.1185985796418983,0.1244561889084068,0.0929149983811343
0.1774002127937258,0.111739962959858,0.0858868446140077,0.1043004986758156,0.1565846055021286,0.1161409953812922,0.1565688957689026,0.1239361600239848,0.1257875392051836,0.1022901468912845,0.0908460788780997,0.1263515270487956,0.0,0.0979981169546285,0.1504437356908985,0.128852498021961,0.1039920023408354,0.1075654486368132,0.0971540044719042,0.1033883188986245,0.1248144649298351,0.0995713380103134,0.138055124022694,0.1153542673485576,0.1031752946585028,0.1462507380083179,0.1568859166523399,0.0827379289083418,0.0992300654047116,0.1147313174421286,0.1203839830452333,0.0980331736352206,0.1113355624085759,0.0872468506249134,0.1385583303969426,0.1108861429590947,0.1012367698880665,0.1757214482213114,0.0984772058622718,0.1320277738217925,0.1127926404708462,0.1395744870445505,0.1223175942176155,0.1263395236356311,0.1246933813471661,0.1047380532417644,0.1436626097637909,0.1102887437488134,0.0987907175386528,0.111214150841818,0.1417799787339937,0.11117266782407,0.1247947810235108,0.0918543383733336,0.1146376441698238,0.103176134013504,0.093511568512866,0.1148116766417526,0.1382965293664651,0.0897626469499428,0.1163575265647236,0.1008269719426428,0.1326009342020282,0.0904708052285336,0.1348441336311709,0.1506724508623625,0.1109915861859,0.1272255723158183,0.0667278210056906,0.1272434715131025,0.1606299686612282,0.090764588982052,0.1021105203210178,0.1247305652075757,0.1513256736127889,0.1471346701466402,0.1022345063324856,0.1240558722736905,0.1448483996298827,0.0733518054482256,0.1802163142927752,0.0937485988546375,0.1491222609972367,0.138112696668442,0.1332773718012891,0.1061317013310642,0.1198021676710783,0.099254822680926,0.0761973202894819,0.1747866372308932,0.1314553827333827,0.1098947441980739,0.1135769997327262,0.1189595394606712,0.0987868980662063,0.1293744191967198,0.1014775109180516,0.1219312498112077,0.0931799617527036,0.1157908617016897
0.1290917389906904,0.102544205142519,0.0809711614066919,0.0959343865290935,0.1181154731093114,0.0837352839989691,0.129660924871974,0.096064759599058,0.1043898584550836,0.0747627520972398,0.0532073367387754,0.0996288882214765,0.0979981169546285,0.0,0.1009719031732476,0.1498097547161759,0.0618240345658572,0.1142561708622601,0.0907139670028991,0.1023466461064195,0.0724055524162699,0.1069931066830089,0.1282289765642031,0.0610671978788623,0.0695992401300905,0.1304424717980878,0.1192990769288657,0.0681651323102984,0.055412276995774,0.1283415479325549,0.0938770410944819,0.0904957425870263,0.0932986165091452,0.1149450038942794,0.1281593471923593,0.0762525972915289,0.087693766766801,0.1395367070813191,0.0967233120003491,0.096594291411907,0.0760782127665398,0.1203005878241898,0.072601296676857,0.0846561679862417,0.0747901452984523,0.0627842488864408,0.1153862954496543,0.0661331213411364,0.0740994565543632,0.0758931602050883,0.1128035276951338,0.1060316723937908,0.1003411394616959,0.0641370426271484,0.0868433538194173,0.1001376325567169,0.0595329949906257,0.1032348381329445,0.0942757323635267,0.1074104711087734,0.0933241390515891,0.095155079520388,0.1176955292028746,0.0816464507460182,0.0820145257539998,0.1007969022218656,0.0814181550217356,0.1011312049115637,0.0942761606121664,0.1392450546272338,0.1469311638688179,0.0679948315050671,0.0727934513100893,0.0896275209707677,0.116536578234789,0.1167908005769953,0.0644552866621202,0.0604798377019199,0.121437338189529,0.0839071714791833,0.1320563782042014,0.1142578995257045,0.1028181836854733,0.1052544232102165,0.098607177338011,0.0767467926938754,0.1073319715714572,0.0704869329056686,0.1137207091848447,0.1466494686538976,0.1047836516905963,0.0780322636565812,0.0815093286948109,0.0801489887307553,0.0824538860297016,0.0917380095360488,0.0593682959767166,0.080581143448181,0.0685949032404098,0.0768062793796704
0.0710912535722615,0.0722386335599972,0.1003067034333076,0.0701644526318407,0.0827718427061853,0.1113333000827811,0.1095741227751069,0.0791134171454303,0.0946205324547784,0.0874354079331183,0.0963165075350232,0.081839903693375,0.1504437356908985,0.1009719031732476,0.0,0.127162359114212,0.098367798951582,0.1202099249049758,0.0945242493029411,0.1414492811407156,0.0817569055491849,0.1032872492450084,0.0774576039598135,0.076141575896612,0.0871265670277171,0.0956399074150488,0.1142931150894278,0.1352881860486605,0.0952740270730971,0.1013099513212188,0.1221669706315113,0.0947160781082503,0.070347138139156,0.1413856583363641,0.1116978553766145,0.1131802142825164,0.1126510750855271,0.0891613687697308,0.1274561781950494,0.0986529803950873,0.1165338601717803,0.1106735888890073,0.0747302148543212,0.0812344118443573,0.0615193471713585,0.1094861755717601,0.1365636633846455,0.1241856570327028,0.1245831537434746,0.0996788202220181,0.094773998255587,0.0857861064430101,0.0776827941971857,0.0863092611153899,0.0903768989553275,0.1049221807779799,0.0954983973974294,0.0961250428211785,0.12621573074458,0.1107750560483891,0.0927799954756339,0.1423560592928731,0.0969004620319488,0.1173591791145189,0.096114624219549,0.0656072859169247,0.1048956083451845,0.0898068463653584,0.1454112062255483,0.1171154948388347,0.1021542381876815,0.099620214935752,0.084035158974536,0.0639016462488185,0.0746756123589704,0.0824875695651307,0.105226264661359,0.0837521686014976,0.0841928366368897,0.1053606077151685,0.0999309892703738,0.1319410626096379,0.0741412270006173,0.0815492903297359,0.0689248188442254,0.0868935025944117,0.1146781768072348,0.096047854031068,0.1585539869162635,0.0833896791363167,0.0857727003441091,0.0777019580078914,0.1323245787555677,0.0788472927653256,0.1137808671441552,0.0673843610295909,0.1039020789862977,0.1128455393653698,0.1314549313561981,0.0806666618036225
0.139714679690323,0.1035235632721522,0.1001662579175884,0.1146264650110348,0.1310460534324157,0.1648431481840982,0.1202428646692805,0.0858056395631707,0.1512577669626046,0.1255821021460119,0.1222427378997746,0.1076340009798602,0.128852498021961,0.1498097547161759,0.127162359114212,0.0,0.1613747465742311,0.0771982822618653,0.1363545062167529,0.1701479241243865,0.1423764024460848,0.1237123669841487,0.078657831983757,0.1151154690174598,0.1127198969097551,0.1072621753111379,0.1757124896440139,0.1568678209202644,0.1409499761278466,0.0633886167028602,0.1898713025993387,0.0833549933578863,0.0997046078584183,0.121339914301955,0.0963788815137507,0.1247361825506277,0.1057528348375335,0.1261749111894184,0.1547319363833217,0.1405303874271799,0.176515205709146,0.0716497554750261,0.1183191634323955,0.1475729687603347,0.1237611068669097,0.162500881561356,0.2149752611471781,0.185405621829605,0.1828944548544612,0.1466849841549825,0.1527259823426587,0.1025130354232199,0.1181295045215861,0.1313574566337192,0.1580060644391132,0.1691731739828391,0.1430480924719433,0.0919611647688388,0.1932797264372199,0.0926484244135924,0.1055217160280958,0.1185830143261855,0.0902225954148266,0.1044128369906026,0.1706074200924045,0.1521263308804481,0.1371462616953507,0.1044505456327858,0.1320160950674923,0.0609126349938518,0.0815873962889118,0.1121371012758214,0.1319452471652742,0.1042308861458087,0.1133418016496973,0.0893075991419389,0.1474867799431307,0.1197061681540542,0.1577631312198174,0.1308872612596059,0.1753301658075546,0.0909423379690868,0.1358450268031601,0.0993383105370293,0.0929432427518449,0.1137734919921838,0.1076265716187596,0.1369020944045083,0.1156374973953718,0.1097101076977775,0.1285443218202838,0.1214833588095491,0.1905023211727348,0.0885507134962099,0.1308917506711105,0.1248115571009559,0.1447192402597479,0.1800866163157108,0.1675092163656465,0.1265030886312006
0.115259127536093,0.0965534104256324,0.1018404195513136,0.0746089026563287,0.1115161235309569,0.0863128148554509,0.1317019146366816,0.1065047290620805,0.0891985765902483,0.0720303204227137,0.0734421643530489,0.104427953660283,0.1039920023408354,0.0618240345658572,0.098367798951582,0.1613747465742311,0.0,0.135744355583128,0.0679825468167623,0.094406225839026,0.071215541701657,0.1006992263550621,0.1292321031584065,0.0741672302312653,0.0739015540627434,0.1298547402412443,0.0951438911348131,0.0706218420864979,0.0594033711842232,0.1389954552865793,0.0781438550737886,0.1061093591525369,0.0810374479731667,0.1199190369596247,0.1395603570877023,0.0893828463068612,0.0932921861664457,0.1351955440101167,0.092409451514784,0.1035521853680812,0.0660607173120417,0.1341566329242626,0.0800213318699975,0.0730012552686684,0.0644104077887989,0.062297935773518,0.0794026188161339,0.0566342733359056,0.0597487465473748,0.0604397905486741,0.101695878755687,0.0982057602223336,0.0883365569248011,0.0650446077250813,0.0672657107333869,0.0716440177231747,0.0526055206526564,0.1074273582041087,0.0780751706999687,0.0992833586383815,0.1053925551598634,0.1163485563897974,0.1206140675482094,0.0927876746901042,0.0710204697760335,0.0856622218066022,0.0811632544975909,0.1118998436649213,0.1027585586293085,0.156620022232742,0.1554470276937165,0.0718569338951797,0.0686437763370227,0.0943935361658512,0.1180553836544369,0.1123283895551742,0.067710837319574,0.0911957327616971,0.0957114675502368,0.081821904565998,0.1165010223293958,0.1325481563918228,0.0868937715598223,0.1055568635473173,0.1147038156283599,0.0821214307198204,0.1078323232370868,0.0607713189259553,0.1288091629334248,0.1390761694460154,0.0947111437170262,0.0779732541244941,0.0718161444770915,0.0965023757061098,0.0901875751008076,0.087865001721532,0.0530794592006995,0.0651597611854469,0.0755239182518376,0.0750998233194427
0.1447731262002482,0.0990178605400146,0.0828665594537344,0.1062176389962097,0.1404334777911118,0.1558149975702604,0.1337365940758577,0.0902460667582651,0.1411129013773526,0.1152345088312226,0.0895403057744242,0.1186602886977512,0.1075654486368132,0.1142561708622601,0.1202099249049758,0.0771982822618653,0.135744355583128,0.0,0.120040387514156,0.1641394062093404,0.1315944341236156,0.1250622256895454,0.0887424047531766,0.1085943389167962,0.0895546178328895,0.1079714075952563,0.1779108672495468,0.1208116463730283,0.1203298582131107,0.0819407371144752,0.173093774591691,0.0929997840649263,0.0914861097436007,0.1199179421402082,0.1226691717057514,0.0972007419298912,0.1097872068108864,0.1447117775698871,0.1495446148618912,0.1445076044314871,0.1645222984446363,0.0838038691067165,0.0956304638644798,0.1333952488085589,0.1192922486141968,0.1408088638263749,0.1997222106848443,0.1623727370516024,0.1616133515278499,0.1359046559899525,0.1455794321261241,0.1056148821319706,0.1156722631196588,0.1087747429340515,0.1536199513741031,0.1551551342291643,0.1214830711162656,0.1157759179255091,0.1812178849152122,0.0932963394609922,0.0874585299684171,0.0911859920542944,0.1152541299459026,0.1000138187310343,0.1588377451682289,0.1447450001507653,0.1251015015508853,0.1026340468518159,0.1009563365267964,0.0691331773870226,0.1025086396007381,0.0933264043627014,0.1216970310250548,0.0923232704941652,0.1127954236050415,0.0889225243659397,0.1106904465407365,0.0942012137800118,0.1591590327523983,0.125180832911618,0.1761047701788814,0.1113999750144603,0.1377951875127377,0.0981675864994322,0.0962068372159669,0.1183053854712152,0.0835402162237274,0.1207270279236349,0.0824167814300513,0.1280606159230059,0.1369964151694138,0.1187381843988243,0.1742381097771188,0.0864296389394518,0.1089559978174178,0.1239574908327117,0.1232991031550019,0.1566757467887302,0.1296247401142762,0.0973889979012193
0.1169917840490894,0.0988589484201881,0.0998157196906089,0.080326282647706,0.0960970171583081,0.0950433958228697,0.1218255691064503,0.0904544680992312,0.0928460734543065,0.0626069223088346,0.0969906678253015,0.0878686007963821,0.0971540044719042,0.0907139670028991,0.0945242493029411,0.1363545062167529,0.0679825468167623,0.120040387514156,0.0,0.0998333209364013,0.0909543430175191,0.0937557587538469,0.1090744540930167,0.0824845054686598,0.0920363953505366,0.1029447647465387,0.1050433319941188,0.0802899604697391,0.0646875901640747,0.1121803152874662,0.0910962410791016,0.0913497708478235,0.0737496464309729,0.1267253747450495,0.1216055552417375,0.1004707215932605,0.0975771609734694,0.1272287303311958,0.1015776751249589,0.1075353109222512,0.0934540650272352,0.1245547567663741,0.0852097496117541,0.0676910516558094,0.0755094552981528,0.0886951740567543,0.1237380799186719,0.0901376390189524,0.0903472986763118,0.0591347717971685,0.1005573609892909,0.093091386319464,0.0876593774601866,0.0643858390951651,0.0856111032295045,0.0872976831405442,0.086365395365268,0.0882499965217394,0.1171932754061298,0.0903886716997634,0.1045934993019891,0.1028307598113949,0.1077882032686208,0.0878621353550151,0.0994275167572558,0.0850411503758006,0.0996364425140031,0.1109589685591725,0.1095922150376483,0.1308365331582437,0.1193824934888103,0.0802613316569937,0.0551661436453449,0.086169015563346,0.1076687372347498,0.0917756547214981,0.0814437176804126,0.098821502434823,0.0960022082864993,0.0663769697926322,0.1180139348977235,0.1178714368975111,0.090417177628366,0.1009153100434402,0.1115116166473025,0.0755523423666237,0.0932418105416458,0.0864107847591563,0.1236240333061556,0.1278831584926643,0.0958139938247292,0.0664975593390605,0.0983138602394472,0.0929984958793161,0.0876126355450554,0.0788199648025639,0.0782167048209903,0.0788012098322785,0.0869179194197792,0.0815627966822178
0.1561483622332559,0.1284656924964067,0.1263817993538562,0.097636258599576,0.1541631361924789,0.0915601899355753,0.1617865375600615,0.1426772301327355,0.1075966586674247,0.0959150533183475,0.1297800282558442,0.1333337398063326,0.1033883188986245,0.1023466461064195,0.1414492811407156,0.1701479241243865,0.094406225839026,0.1641394062093404,0.0998333209364013,0.0,0.1218421936878965,0.0931502842866414,0.1437059001474792,0.1136713253697026,0.1219407906238284,0.1395679050404087,0.1090087965099649,0.0924674528524168,0.0798338211129198,0.1516938675706468,0.1035111617752263,0.1131235885458795,0.1235801394989341,0.1200142924131576,0.1536536611236441,0.1133214984707041,0.1020330571003733,0.1416032708282551,0.054324502249178,0.0980005614696544,0.0807672833913056,0.1656650058221611,0.1382325458190442,0.1095945444632994,0.1122832837876112,0.1069162884787809,0.0952844995323399,0.100041921368283,0.0912622852405209,0.0967307405797545,0.0927976366570847,0.1007260124269678,0.1196937635291186,0.1023443354195488,0.0941514945987734,0.113180646137844,0.1008131010087716,0.1202082815594235,0.1035846186424176,0.0991273556479801,0.1424297963528822,0.1184015012548674,0.146034178330691,0.1208280625140944,0.0952845109099625,0.127296839949357,0.1305565599899175,0.1467679930173022,0.1311801929968589,0.1746333875632326,0.1799376201601189,0.1075015089192584,0.1000227436020872,0.139179662855094,0.1622261807446292,0.1440502286841153,0.1060126410634547,0.1204423923798703,0.107497561417933,0.0747421077812323,0.1297289348257527,0.1335885682722755,0.1182080644842851,0.1493340475901297,0.1347238745702028,0.1053016856047967,0.1310619606750027,0.0946887346452914,0.1355935764296374,0.1684927065130098,0.1212691758875192,0.094270212923748,0.1017726121728187,0.1244056715394336,0.1313771861529939,0.1147353526064165,0.1018801235066803,0.0998354730917794,0.1038826795928137,0.1193781430632239
0.0923143226828663,0.081206939381638,0.0954118966168749,0.0829672014039421,0.0738764767146607,0.0814541049660837,0.0871262985349408,0.0822165634615542,0.0763350324622259,0.0637257632024852,0.0704282865960303,0.0756298674767065,0.1248144649298351,0.0724055524162699,0.0817569055491849,0.1423764024460848,0.071215541701657,0.1315944341236156,0.0909543430175191,0.1218421936878965,0.0,0.0941756644866828,0.1127254785325071,0.0658043240813199,0.0896264852180962,0.117857469935753,0.0798723493111434,0.1011348064807661,0.0710794387558681,0.1095239749134507,0.0852589351286403,0.0870926812912733,0.0889342743082055,0.1204058497698372,0.0995099914749722,0.1075235703876206,0.1013567315253916,0.1082379278336884,0.1061565807012909,0.0802162598112393,0.070985262228347,0.1255710624031966,0.0786366243394324,0.0697078983815991,0.0571400713171867,0.0628881815290302,0.0989135892590923,0.084112943457376,0.0859530273369427,0.0602736779083787,0.0937379832804939,0.0927974333321393,0.0891229382656378,0.0675810273961408,0.0706761584070883,0.0799139203465442,0.074372648333904,0.0909488971885865,0.0823609411771584,0.1131913592199784,0.0927891706212687,0.1194370073429672,0.0864718900237477,0.0855658835810054,0.0636845552498218,0.0794589173923345,0.0711165946474167,0.0701671112409628,0.1044864641483893,0.1307210500798965,0.1327802578322731,0.0862249269943125,0.0559547749105073,0.0718254944293827,0.0849517088841637,0.1093387154772925,0.0885743552213297,0.0855401744406955,0.1062318617435773,0.085523028604054,0.0909418842079402,0.1092887078588532,0.0717226935524453,0.0865660259080606,0.0808695547382853,0.061621183334102,0.1208851126641427,0.063700349336506,0.1487716446498194,0.1003859690851365,0.0694691114820536,0.068495713853084,0.0841262025416812,0.0839372970872832,0.0846766378814611,0.0831209090998374,0.0710618189432172,0.0816779023428112,0.1045962733945821,0.0804504355696938
