0,1,2,3,4,5,6,7,8,9,10,11,12,13,14,15,16,17,18,19,20,21,22,23,24,25,26,27,28,29,30,31,32,33,34,35,36,37,38,39,40,41,42,43,44,45,46,47,48,49,50,51,52,53,54,55,56,57,58,59,60,61,62,63,64,65,66,67,68,69,70,71,72,73,74,75,76,77,78,79,80,81,82,83,84,85,86,87,88,89,90,91,92,93,94,95,96,97,98,99
0.0,0.0707213326299998,0.0606098692150172,0.079085678530051,0.0827842471003414,0.0573425395400989,0.0877546291815686,0.0897332040209419,0.0526529690934821,0.079498656950699,0.0763163300332301,0.068004871854108,0.0616533089062759,0.0687023886076346,0.079919639466223,0.0740787563256943,0.0619684359067791,0.111888627815835,0.0783080888063064,0.0903117866869404,0.0816498544737574,0.0482184562330579,0.1063724810491962,0.1107825558980281,0.0831390068904846,0.0871506101773977,0.0791986995372028,0.0881934682667945,0.0546387658620558,0.1312122604157841,0.0791027659834966,0.1745933291727349,0.0652914488491728,0.0680591772839362,0.0919534151061127,0.0833023642893796,0.0784773107955048,0.0768661141769979,0.0549523949068992,0.0802466943178714,0.0850745722762157,0.0779298964986858,0.066393162183414,0.0663910553876529,0.0793021439295982,0.1118707164643814,0.1140353307975104,0.0806720526267117,0.0848900431219681,0.1079671977098676,0.1133406285092765,0.100894529501932,0.0951203415933938,0.0545062496655634,0.071975222634504,0.0471032591547783,0.0622635810352211,0.0708129446531941,0.058954164198776,0.0940199855692633,0.0793489972005414,0.0781484272593788,0.1378140444638261,0.1335031677985964,0.0810283767446535,0.0896057544304654,0.069879852327587,0.1636484227034513,0.0663651903938169,0.056843525932881,0.0632013096142059,0.0813319875276626,0.0974429217325896,0.0469326203009672,0.0690917853508815,0.0674147772396797,0.0941582006087003,0.054559416943363,0.0780970428757601,0.0863861097541558,0.060725726594107,0.0933571218693729,0.0880359809188975,0.0550184825380268,0.0839553337106931,0.0636299749056339,0.096612168666509,0.1002886664120795,0.107977097647115,0.0722120418273208,0.0841788001534931,0.0749907994144625,0.0586794236238275,0.0542611925310208,0.0632361075253986,0.058579521276628,0.0467581066934419,0.0662716828728565,0.0946290473883674,0.0687434186622414
0.0707213326299998,0.0,0.0632064944617705,0.1033974567679286,0.0847431905451411,0.0964933485417335,0.0770669563011238,0.0821688636224101,0.0494894694832583,0.0655060599532016,0.0831307984493695,0.0817957759408276,0.0824296390003325,0.0878696371191479,0.0958228472947341,0.08577337302528,0.0949091467352213,0.1341396702005634,0.0961520364393654,0.0977335875860114,0.0898616318500892,0.0662442969996058,0.0991454264706479,0.1313081467453486,0.0930745486453714,0.0750974225531566,0.0618440241648983,0.0540104402512747,0.0986509575191508,0.1291001856274378,0.0574717052756811,0.1713389476974526,0.0932540263484868,0.0829567459982452,0.1193350601147655,0.1096943452033734,0.0514645332048682,0.1167274136036861,0.0831767184482762,0.1034079834145071,0.0853996113303102,0.0965783762621179,0.074511920690771,0.0773430893095164,0.0869213748876166,0.1044723775628571,0.1406877380379516,0.1068222972675252,0.0879170032846168,0.1252999472070544,0.1186344007626955,0.0902814475429943,0.0890960173265157,0.0790343585965537,0.0861682411279223,0.0815023942747592,0.0840925872691333,0.0740064070151417,0.0894459632030141,0.1200949014102971,0.094192574387362,0.091169517349739,0.1401003588467618,0.1484040641152867,0.0930383074549278,0.1037233016617306,0.0747742977130999,0.1781061368186576,0.0965271864420038,0.0885449679709667,0.0677737048129692,0.076880830962262,0.099909046202929,0.0694365269932878,0.1027394701459566,0.0794238531806734,0.069530695094994,0.0864268078095557,0.0566461931057149,0.0920483103671411,0.0809624283065008,0.0740112989996179,0.1150484984743717,0.0921421608975867,0.0923301728784097,0.0755576750978261,0.0973835613527504,0.0757529802557047,0.0920805580910671,0.0876659794046724,0.1101402641439172,0.0805226989624169,0.0725410295218039,0.0744077241912927,0.0421001096008302,0.0807680945172758,0.0812971103266517,0.0836721116114991,0.1180529905404069,0.0931757202940333
0.0606098692150172,0.0632064944617705,0.0,0.0824186611481644,0.0905727423011393,0.0835007463868909,0.0583178007518353,0.084018722184723,0.0590318196983466,0.0825333718919356,0.0669194696865763,0.0757828388961695,0.0831480502096176,0.0583153949989837,0.0686855815958577,0.0774512461300543,0.0754003958487625,0.1199410496127325,0.0852212691159606,0.0756355840969443,0.0655279653703139,0.0613038891595063,0.1144972220236339,0.1160977425826962,0.0727757215885517,0.0815016011862078,0.0686406925987542,0.0799826092007472,0.0809938775566414,0.1403564784520744,0.0706454604487802,0.156879479908842,0.0747733582931477,0.07758610719449,0.0867734979485467,0.0893282972615085,0.0699024501454906,0.0883998064384348,0.0803555647434364,0.0760164952078108,0.0794723168552355,0.0853154372333592,0.0628089196959797,0.0513058695261594,0.0808138130306726,0.1002976681260983,0.1172333806540134,0.0897326254057344,0.0889385472341312,0.1236316176961526,0.0948236172321365,0.093900423091143,0.0994014429888404,0.0546014248916144,0.0915497902387621,0.0725291766998786,0.064579419159259,0.0597571515161741,0.0789995040815373,0.0860561272297605,0.0922418875126896,0.0877238189719517,0.107791347084089,0.1168636892951036,0.0874308812518615,0.0771914785375921,0.0690042761501249,0.152444675197127,0.0658451348621935,0.0881573765167218,0.0702581536796194,0.0537841084652627,0.0758416524327644,0.0662124100148127,0.0799644077948854,0.0818284046647177,0.0745122708743106,0.0563810402961112,0.0509565807808298,0.0711181473372243,0.0681391848084523,0.0885982467995383,0.1071216151486674,0.0789027637030382,0.0802941966392465,0.0437604121482806,0.1016372800142048,0.0926296032156099,0.0845767781276639,0.0821039554212469,0.0874412749845329,0.0672012506896892,0.0472450215850548,0.0834029520465307,0.0503749738621991,0.0567086359573011,0.059803055405331,0.0474073092925394,0.1075290348546827,0.0786534613738165
0.079085678530051,0.1033974567679286,0.0824186611481644,0.0,0.092315831241326,0.0979263825701195,0.1173971037314299,0.0961912939367368,0.0863484143191082,0.1043307029248814,0.1029522822314154,0.082874893143269,0.0740241580164061,0.0634930409469132,0.1017831480856976,0.0927888412157782,0.0549080410100753,0.0713002240363465,0.0535634185449193,0.1124457948649864,0.1239354539002031,0.0720007330392398,0.1237841292384012,0.0556899610438173,0.1044675092314416,0.1002020893345581,0.1086781798039931,0.1160154737940505,0.0857195331445595,0.1945221101635245,0.0995863676541405,0.213194886105134,0.064355685646165,0.0719210791846239,0.09945781669572,0.0482442813845836,0.0894759423677761,0.0767962624438503,0.0945563610084049,0.0508591113752762,0.0625550045306085,0.0610143118201063,0.0888938976669338,0.0689218898122345,0.1336824587801288,0.0885316444765782,0.0705246630842587,0.054646507098235,0.0857724688628396,0.0665479196962143,0.1037211266912061,0.1332018593834257,0.1289723424022231,0.0698467592285571,0.0882644735116403,0.0955469513116242,0.0642764188498735,0.1081727621444075,0.0898189603322419,0.1013247183144544,0.1175094078022546,0.0949020873998652,0.1243319106965313,0.1025129322949041,0.1126810237580908,0.0933892506042304,0.098207975070823,0.1118199995471511,0.0733920725418366,0.0817230139002904,0.0963434302254234,0.1116759735387963,0.1080840345821786,0.0700369339265202,0.0594581381100963,0.0831931542267094,0.1025213893491298,0.0822721237900898,0.1050670575836852,0.0920903757687413,0.090747619006054,0.1410909144549509,0.0538831162331757,0.0776970261642609,0.0573641147210962,0.078165922856034,0.0987568688769074,0.1158800988797356,0.111479939131385,0.0650262603999433,0.0525313356914701,0.1139347366302343,0.0924133062457961,0.1103925327743634,0.084012011760557,0.0581447971598221,0.0665105705870094,0.0962260752550622,0.0744170615250386,0.0590423895961285
0.0827842471003414,0.0847431905451411,0.0905727423011393,0.092315831241326,0.0,0.0921483189590309,0.1289344017830785,0.1051474882237056,0.0877964861526352,0.0579348315598556,0.1083689346402327,0.1156508278885508,0.0803888754893613,0.0995217996379476,0.1228887771312582,0.0901484502448046,0.0709530837289133,0.1044702398654157,0.0763965752898256,0.1301360681544302,0.1119591470470267,0.0731383466073531,0.0924658656649007,0.1133911882831956,0.1173029150532832,0.0548089415487696,0.0902872885026931,0.0766746125376736,0.1010128393905876,0.144215957316729,0.0711774951566313,0.2339606996950867,0.0982232202386352,0.0980426194008032,0.1474209300814159,0.0935504684630538,0.0605477006984189,0.1118390046227295,0.0889328099014972,0.09102872128375,0.0675360457177706,0.0699859502208862,0.1017124382399139,0.1014512025112708,0.087755858275976,0.1063224770264377,0.1304942482953756,0.0994461454195465,0.0799214648744835,0.0867272320169452,0.146182645561124,0.1155906489442264,0.0962106800733251,0.0694226507784619,0.0539641481211881,0.0813185477443554,0.0909740100690052,0.0826127049082485,0.0858136749959057,0.1476938668565532,0.1008053015961203,0.1172312679700185,0.1793122530454517,0.1647791304252848,0.1181810738281542,0.1391235588799148,0.0831272284668213,0.1843640746182595,0.1010345754475065,0.0813652326854838,0.0684661322333104,0.1191209140732817,0.146607283022211,0.0686588167555575,0.0716885214152889,0.0602032409998322,0.1099907554996248,0.0978989164665194,0.088515189448393,0.1262778120163716,0.062348049967093,0.1018304020419178,0.0939942643905806,0.0904812373285651,0.0802275093268423,0.0880923164067179,0.0710139867320677,0.0607350399547294,0.1372437264073397,0.0758078886204154,0.104021918863071,0.1123570940015251,0.095280267055111,0.0743526427112553,0.0715113165613894,0.0962188421472069,0.0729497289777039,0.1121962881783809,0.0919732851670561,0.0881148922229059
0.0573425395400989,0.0964933485417335,0.0835007463868909,0.0979263825701195,0.0921483189590309,0.0,0.1110983055386323,0.1097140184064793,0.0738849886499045,0.0798948559530193,0.0922150849564402,0.0942529419984227,0.0948081427939718,0.0867316826569279,0.0999921987995257,0.0845720593843423,0.0800623316560045,0.1109396846957197,0.099462429178585,0.1126157883622291,0.0934380202864339,0.0716804019048742,0.1232518747422898,0.1324174940204301,0.1073948729337466,0.0788973593782782,0.1098079307993898,0.1101973569439656,0.0707710591712822,0.1162187397658311,0.1032375931462729,0.2030222655727229,0.0784770173994609,0.096591071534919,0.1181232731127629,0.0969990757444416,0.0989558819223812,0.0919075440862886,0.046977407741683,0.1041051905778539,0.1004686955102546,0.0844809173570851,0.0910088711282881,0.0949208826841762,0.0820914855247722,0.1336974523169826,0.1370929183903902,0.1011011886533532,0.1089951392445543,0.1092122362561413,0.1406520965362527,0.117113767932939,0.1070905713794763,0.0561112553870951,0.0880289510174767,0.0364342339370194,0.0847827200610788,0.0743517671407652,0.0620668784491653,0.1195975491224806,0.1040240351048257,0.1073510872670582,0.1605632395685924,0.1585200135399684,0.0927149026816947,0.1150604596580806,0.0898233167483228,0.1935428293684236,0.0746984147820715,0.0663510583363383,0.071969530547849,0.1071316184735302,0.1284049517729226,0.0653352890518993,0.0877380757056627,0.0787804126984696,0.1253972405799079,0.0817905901174519,0.1012298349712027,0.1164443993003302,0.0554033410579886,0.1062317025784579,0.0993591676336239,0.0651829561007243,0.0931696932491494,0.079214893645444,0.0966996812992557,0.11142858491357,0.1354962541322992,0.0825199364233444,0.1101080763221049,0.1003061191407456,0.0875392803559748,0.0700273817349434,0.0893770369450348,0.0784414828654926,0.0651095439105497,0.0811758971197007,0.0978954222132018,0.0756607242254517
0.0877546291815686,0.0770669563011238,0.0583178007518353,0.1173971037314299,0.1289344017830785,0.1110983055386323,0.0,0.1070115479370277,0.0789248350877158,0.1204710675104686,0.0718206034340556,0.0819574523480415,0.1060105597842173,0.083389585337992,0.0610115640550743,0.096647769768723,0.1054459255526669,0.1560826658466753,0.1207659157395296,0.0742577513779923,0.0763055499274257,0.0794629708086177,0.138414927933677,0.1433863792744597,0.0746528365976188,0.1195386408012313,0.0906032888721602,0.1005795170921908,0.0826723932754448,0.1523903407006502,0.0983884984378415,0.1256296441153194,0.1036714799069234,0.096264711214989,0.0909256915007453,0.1185459008255197,0.1063935570388543,0.1030047783497208,0.101692913716612,0.1034038300751289,0.1150976915453023,0.1279420131795607,0.0856300129082423,0.0712420249456828,0.1084912684278524,0.1122822530696681,0.1293670354034068,0.1087807995053524,0.1119422504327305,0.1566785449984108,0.0876179124849312,0.105057653490519,0.1184707509888614,0.0904949906756784,0.1225995760484766,0.1019114957174391,0.0796517027021344,0.0918146402870511,0.0989691777603854,0.0873498136449445,0.0965286758254135,0.0980127135458327,0.0799221691490547,0.1050422532065423,0.0948176783710247,0.0803072726214354,0.0906250752885158,0.1422926471768257,0.0834136027019473,0.1128714870646787,0.0985804751607893,0.0575947639105028,0.0643303789167732,0.0929298852203819,0.1134790016278032,0.1203823165501384,0.0789271351276931,0.0799341122732663,0.0603448420845351,0.0843337320130316,0.1106812708553618,0.1088034976340174,0.1417728593995093,0.1078327089428714,0.1144630994071978,0.0715924775765216,0.1419229773404041,0.1255484635311366,0.0627045721467547,0.1194967836663495,0.1105159088090928,0.0623257314647695,0.0647937773285175,0.1103223671428126,0.0745493389620569,0.0759478573876871,0.0907679054402915,0.0658203590116776,0.1379647400400543,0.1100284815273171
0.0897332040209419,0.0821688636224101,0.084018722184723,0.0961912939367368,0.1051474882237056,0.1097140184064793,0.1070115479370277,0.0,0.07661124889942,0.1028982673358678,0.1102857239318813,0.0810079954093944,0.0627160811896384,0.0948917665467049,0.1017069220545801,0.0727648335901497,0.0817789935319344,0.0928824994573868,0.0748174628474807,0.0915697579847015,0.0811924038407324,0.0772054424802422,0.0742483486659914,0.1091804771516909,0.083429387781793,0.096569792673001,0.0793465463439009,0.0831876618535755,0.0974248605345071,0.1388413776475819,0.0757017773162119,0.1585471521638409,0.0798356229561185,0.062369698442388,0.098885096793372,0.0987771863905161,0.0715251134138057,0.0889108098632395,0.0852211563497036,0.0923152589750649,0.0843585457673543,0.0739988267824541,0.0595219993874519,0.0695572839952314,0.131781617493001,0.1081995560319473,0.120160156397341,0.0878428282305288,0.0565105442577093,0.1110553057644361,0.1155706121864667,0.0708350342893792,0.082861096747945,0.0847799562524556,0.0762918968161402,0.0941525901454431,0.0800363518789185,0.1009786240091556,0.0995989361548085,0.1020697496990513,0.1169885465922644,0.0609633410442585,0.1357071777196514,0.1328419289965431,0.0682042374881217,0.09711521828243,0.0898387454807213,0.1704612773947826,0.089906925511648,0.08518621733154,0.0892995561036816,0.0742711217848318,0.0922266887700842,0.0719616341247274,0.0832035750885522,0.0726725094931254,0.0867485880674734,0.0732198068309312,0.0891770176799984,0.0664690560584028,0.0861356852009641,0.1079622693845775,0.096999893003498,0.0734564570307837,0.0716744906702562,0.0735100684799254,0.0858382044878342,0.0949951533736871,0.0895183303534149,0.0674676712701907,0.086366055965999,0.1065106934901189,0.0743904149550324,0.1060704513757707,0.0825446744344658,0.075898030468765,0.0749161655909796,0.0852229404631576,0.0765710986581264,0.0799491457630493
0.0526529690934821,0.0494894694832583,0.0590318196983466,0.0863484143191082,0.0877964861526352,0.0738849886499045,0.0789248350877158,0.07661124889942,0.0,0.0692134035129495,0.0693254217050454,0.0674028632547102,0.0744250675159815,0.079315662548275,0.0896167331784952,0.0711190491256493,0.0817846776523448,0.1138564852335334,0.090571226713991,0.0858861979676939,0.0711086624164984,0.0534418725141599,0.100921269418826,0.1207618202518037,0.0784192696998341,0.0727448800177741,0.0827223801599132,0.0791743153994392,0.0743653148899943,0.1250983389207903,0.0674418935259468,0.1677870970090089,0.0704894073112727,0.0713891623529848,0.0966347577123781,0.0904225186030611,0.0636381292070963,0.0960059484038085,0.0531975217565349,0.0919801472224355,0.0771345279976772,0.0808024047053001,0.0582055096851763,0.0620807290834257,0.0831687982800831,0.1043358578843876,0.1315905145770333,0.0937406707089004,0.0847634611474573,0.1169841382781444,0.1186422831987748,0.0996638005778469,0.097159012720298,0.0610056403768917,0.0860686627071638,0.0591268065488475,0.0786475213144228,0.0600041842329527,0.0641293891638893,0.1007538152604766,0.0745674398258335,0.0794221455184582,0.1412979154351941,0.1436169706348661,0.072587619577293,0.0993704143898586,0.0710611967253805,0.1799013053743375,0.0688713903068912,0.0732192214726795,0.0587220368320643,0.0718399099489422,0.0960404628251757,0.0633434474096789,0.0900554608997929,0.070300881174037,0.0904565083513629,0.068687903524876,0.0747193514566211,0.082839703670385,0.0652092068628345,0.0788570300066025,0.0967966205608604,0.0694478503974756,0.0824606733258861,0.0697050909715935,0.0982983775407089,0.0876653763867719,0.1087500535934809,0.0763977252331151,0.0993231609342007,0.0713618001409265,0.0616576145122114,0.0594248209982344,0.0525045909538528,0.0659065890575863,0.0641708383141175,0.0675710745367745,0.0944859970424208,0.076500364143626
0.079498656950699,0.0655060599532016,0.0825333718919356,0.1043307029248814,0.0579348315598556,0.0798948559530193,0.1204710675104686,0.1028982673358678,0.0692134035129495,0.0,0.1021948703151167,0.117281142672402,0.0875446984929852,0.1034155762290822,0.1255727469850153,0.0785832800075407,0.0884975856723118,0.1247271956211858,0.091124082951638,0.1217172817143184,0.0986957651459806,0.0708430171865429,0.0932449842068067,0.1340807129877788,0.1148452918903211,0.0507072320422316,0.0842777913335657,0.0630567769740705,0.1006686383908227,0.1205716905877859,0.0612172615694829,0.2220206437464227,0.0933607684285823,0.1025681661287501,0.1503440235978279,0.107217602127381,0.0493956151035535,0.1156122633302996,0.0790153582289205,0.1133957686121023,0.0813772760850751,0.0810795772078697,0.0961828414738321,0.1014140892824032,0.068339114815515,0.1176044262810329,0.150520568572354,0.1178689126509867,0.0849408258657454,0.1128671183321694,0.154476216748428,0.1126576267057145,0.0840557209367386,0.0659301054000937,0.0659249088850622,0.0725279990364984,0.099765280728799,0.0699018684719882,0.0860002046093376,0.1542156593645905,0.1026177789640096,0.1176939499119865,0.1815747479450357,0.1766423638430765,0.1078111016401193,0.1392952183993973,0.0716932063697958,0.2042810954380702,0.1031621755888071,0.0767207285780355,0.0569407485206222,0.1112234431873913,0.1446313892129949,0.0698017394916605,0.0936147151459144,0.0610494881262185,0.1089185009295195,0.0916693158984301,0.0801972816531491,0.1256274375654347,0.0579199691390875,0.0707485340813877,0.1073728176998122,0.0835761496988973,0.0921571219638692,0.0897455527726517,0.0730994718443946,0.0597371194758033,0.1348816715630245,0.0726931393621544,0.1246048897973617,0.1042694316933257,0.0916823100235665,0.069679535514628,0.0637346475449474,0.0983083451614395,0.078472962974539,0.1027746358078613,0.1084604180630891,0.0895436060633347
0.0763163300332301,0.0831307984493695,0.0669194696865763,0.1029522822314154,0.1083689346402327,0.0922150849564402,0.0718206034340556,0.1102857239318813,0.0693254217050454,0.1021948703151167,0.0,0.0636591493074167,0.0900321210196434,0.072401452480726,0.0577717172011368,0.0891625428624156,0.0904247025130064,0.1389527904962983,0.1135873870947221,0.0694201848838654,0.080067680018616,0.0706706981141897,0.1370539987960295,0.1233073141056884,0.08398476025569,0.1056272860588798,0.1102156026930546,0.1089280376777887,0.070254300593688,0.1424766211895325,0.0951759196649548,0.1587740215011034,0.0991226093437177,0.0947459859396341,0.0759516420219497,0.0955579015292023,0.1036987790611368,0.0948333996368978,0.084099732207281,0.094973278773067,0.1066183625672431,0.1154837548354796,0.0737028710978008,0.0642997954340194,0.0885243744568,0.1025139886154013,0.1157774707540687,0.0973280789689964,0.1059865669655956,0.1365450803090963,0.0950033233532224,0.1247463876060231,0.1300739941304224,0.0760291041033922,0.1136451680864005,0.0844651316161733,0.0687861610920242,0.0731467360293952,0.0679598189088202,0.0818390287395276,0.0657785246005029,0.0938044129430705,0.1186114884904982,0.1148061928858983,0.0966493764787257,0.1045327802155561,0.0823728424140387,0.1431868025922412,0.0704496455665288,0.0986032150374406,0.081360914187951,0.0761552402877497,0.0903905842566956,0.0793505474620675,0.0997283771003303,0.1066545597081146,0.1044793128132134,0.072127136553071,0.0790480266277552,0.0922868213755282,0.0968080387612612,0.1066120369616842,0.1282340967883061,0.0923914344706173,0.0955250745440482,0.0718759799592592,0.1335417788840711,0.1202561576881695,0.1008426536091657,0.1106224753618805,0.0969893252271839,0.063125180262671,0.0663195752253357,0.0883636533328831,0.0785284263998446,0.0692286284163314,0.0797111688629099,0.0692767681248525,0.1126902040814891,0.1008027580335203
0.068004871854108,0.0817957759408276,0.0757828388961695,0.082874893143269,0.1156508278885508,0.0942529419984227,0.0819574523480415,0.0810079954093944,0.0674028632547102,0.117281142672402,0.0636591493074167,0.0,0.0639790411307533,0.0753708861673402,0.0679562558718946,0.0854919337974144,0.070166817170229,0.1040640532497805,0.0783012161350697,0.0657661492589092,0.0956257850752053,0.0601883865620346,0.1189551449274688,0.0862671802677306,0.0783104086022826,0.1127031975598294,0.0942716506450655,0.1127464654785617,0.0691614935667186,0.16541451004012,0.0853955298597159,0.1470555072710629,0.0768553810837227,0.0611632160633214,0.0590521496678446,0.079922269291094,0.1001778519613737,0.0737910861828307,0.0825816816810366,0.0730526438887824,0.0896431710717532,0.0903389099830095,0.0552843182255333,0.0501008243248201,0.1192368954453261,0.0822740453714066,0.0870571143611529,0.067038904261976,0.0898180562167331,0.1102678196843289,0.0772174800458483,0.1148526211150664,0.1317501449937451,0.0787460939410843,0.1038179113297221,0.0837848433865496,0.0545594150529439,0.0931133677603861,0.0762974480419131,0.0586805462534422,0.0782816773915291,0.0540634701789794,0.1013324948792164,0.0941962990396605,0.0816453858202487,0.077005356692182,0.0927327442514567,0.1203491210513501,0.067299053528354,0.0938307856648448,0.0891857677918523,0.0700552430711369,0.0717343444430124,0.0736708340428627,0.0703123548885953,0.0886800510599307,0.0894185031814321,0.0663878016038012,0.0820613592935193,0.0707929700234613,0.102815011520104,0.1230364044401465,0.0978879409491815,0.0725278993293536,0.0803997855321873,0.0672657775663284,0.1244181017785023,0.1273996703619203,0.0849301420541902,0.085712229269926,0.0620619685047445,0.0709446939590925,0.0637965940020183,0.1002085763313294,0.07535221086676,0.0503125808395857,0.0673308797189,0.070888922279465,0.0810944606813823,0.0769812102497106
0.0616533089062759,0.0824296390003325,0.0831480502096176,0.0740241580164061,0.0803888754893613,0.0948081427939718,0.1060105597842173,0.0627160811896384,0.0744250675159815,0.0875446984929852,0.0900321210196434,0.0639790411307533,0.0,0.0831841408414972,0.0863790574863953,0.0766249989023565,0.0576362828323832,0.0811282125925856,0.0571336672334793,0.0840094793902809,0.1046245281940374,0.050665170842753,0.0842442157706705,0.0862163708400912,0.0914569108155785,0.0926820500504766,0.0907431830041571,0.0922912430367038,0.074563559889729,0.1585184365722626,0.0701294905773132,0.1801247525677967,0.0674233675423565,0.049743040092536,0.0974896787088866,0.0743279095439489,0.0756880258053176,0.0730094733346268,0.0770385560289091,0.0731735022392427,0.0742469758236709,0.0664520019022731,0.0745015789344425,0.0588173608901104,0.1200377293740465,0.0961156711803643,0.0918692794407501,0.0621293044603051,0.0559161663375963,0.0868582498809376,0.1106698952927669,0.0955413543696957,0.1013943926041555,0.0674692676271174,0.0579262936674549,0.0761403735768578,0.0601645548843211,0.0969063597101285,0.0734614553209617,0.0924859205791256,0.0992011880466798,0.0573655027033842,0.1401367027854121,0.1194019139704655,0.0880094712468328,0.091530067664892,0.0802305158794682,0.1429118213625287,0.0803234868519851,0.0590490128133276,0.0775011418081818,0.0854191181799946,0.0951892936740442,0.0495073902966432,0.0511727894684308,0.0603279186466845,0.0895939622124505,0.0716557434606683,0.0855290266209797,0.07750691004902,0.0752752115765303,0.1179192354276899,0.0716184882263446,0.0596950204403169,0.0665605717861349,0.0704858529622377,0.0846853503493824,0.0986733436446059,0.1010663498419498,0.0579323340286746,0.0629918754998842,0.0933350594948811,0.0638073142816368,0.0844760068142634,0.0719753208937755,0.0613418181317146,0.0575604924312572,0.0876918839471811,0.062170670975967,0.0673584654283501
0.0687023886076346,0.0878696371191479,0.0583153949989837,0.0634930409469132,0.0995217996379476,0.0867316826569279,0.083389585337992,0.0948917665467049,0.079315662548275,0.1034155762290822,0.072401452480726,0.0753708861673402,0.0831841408414972,0.0,0.0684768568832469,0.0810547815818146,0.0577820978851739,0.1082815679527705,0.0790022994367183,0.0910640784675782,0.0964484426166936,0.0693313918723682,0.1266204224952542,0.1001237414063129,0.0823126615750936,0.090479102600971,0.0961093520118134,0.1022554128180352,0.0697249985506803,0.1653139617166563,0.0914913644804611,0.1821832377102321,0.0844581369463762,0.0809833647265661,0.0782462310389567,0.0592633459577287,0.0896832902684216,0.0757706328227217,0.0834425037366643,0.0626596635314059,0.0794173275735553,0.0793284229934194,0.0701438013463705,0.0604213331198772,0.1086483342863769,0.0870183414822284,0.0886938858462618,0.0727006814625833,0.0923406936032879,0.0992922778067408,0.0863085995530578,0.1116157092212672,0.1207343411667408,0.0607059641028391,0.0964999594997062,0.0843645066572047,0.0514723937628845,0.0867996598579214,0.0843706448539922,0.075726585671956,0.1050090619840113,0.0962275593946247,0.1073193296424166,0.1027212531401794,0.092769820575024,0.089954681761664,0.0783715696178322,0.1175802895128452,0.0576130812233428,0.0866510340439571,0.0896082886261113,0.085464818673356,0.0911216350064913,0.071197716575067,0.0729043665306473,0.082418293329961,0.0850528306368673,0.0592295451735654,0.0775636912402797,0.0791816520593921,0.0867425777185576,0.1176159622871578,0.0905000492669978,0.0826506374197312,0.0628276115280122,0.052880904907158,0.1071166278236303,0.1126937503713271,0.0844143455061476,0.0813941185315541,0.0739931790930837,0.0892613825838968,0.0692915229846343,0.1077380425238233,0.074519201783224,0.0505772366164677,0.0646216005236918,0.0635250428697616,0.0938793242675751,0.0705374643510821
0.079919639466223,0.0958228472947341,0.0686855815958577,0.1017831480856976,0.1228887771312582,0.0999921987995257,0.0610115640550743,0.1017069220545801,0.0896167331784952,0.1255727469850153,0.0577717172011368,0.0679562558718946,0.0863790574863953,0.0684768568832469,0.0,0.0885880220253348,0.0885823563736921,0.1396137505759016,0.1081079955270543,0.0613047741818289,0.0894663501006538,0.0738671399924849,0.1423581892516065,0.1191214721049093,0.0800270451666804,0.1185621115765372,0.1068548819338839,0.1122694434223864,0.0646625367517419,0.1596758473493797,0.1030739533775589,0.1447579871294836,0.1006673738667637,0.085588874121178,0.0624414070568444,0.0965853906120689,0.1115183717388842,0.0821681534409392,0.1044315303323501,0.0879467979231312,0.1071526657901431,0.1187289500408705,0.0822664761542637,0.0603607551384469,0.1115257155552275,0.0989411950630641,0.1060790343815067,0.0891955229739217,0.0948241580378148,0.1373539021934044,0.075781654551519,0.1138533726302427,0.1186287379316503,0.0872459787483269,0.1109347768233914,0.0933563086700468,0.0613100894033484,0.0965352679708967,0.0903491602721904,0.0572801503406022,0.0931717410471111,0.0881917166543541,0.0869858451918947,0.0937133704529345,0.091590461499336,0.0739506577755255,0.0833448281844784,0.1243283186181482,0.0710018140953897,0.1027181819818794,0.1044520807376967,0.0713115662622183,0.0708084716467389,0.0843691623666889,0.0908158690560526,0.1149972726608305,0.0927595286432875,0.0736121268310309,0.0696169823915742,0.0774750584379807,0.1041241815514442,0.1245230250667902,0.1289770061151124,0.0928523717759849,0.0944419280579821,0.0712398580969416,0.137898208370018,0.128993134900362,0.0775623393379063,0.1107167680540869,0.0912344642804395,0.0765965371204665,0.0632847795327264,0.1057870415871266,0.0894992909099356,0.0614527768269234,0.0819003935022525,0.0651074228763962,0.1150155630925399,0.1070443931261378
0.0740787563256943,0.08577337302528,0.0774512461300543,0.0927888412157782,0.0901484502448046,0.0845720593843423,0.096647769768723,0.0727648335901497,0.0711190491256493,0.0785832800075407,0.0891625428624156,0.0854919337974144,0.0766249989023565,0.0810547815818146,0.0885880220253348,0.0,0.0691112633320895,0.1047193941865581,0.0828410535779707,0.1003287996394552,0.0748503629199556,0.0542051803991891,0.0857854769458911,0.1219264302029174,0.0919923718850875,0.0796890446175621,0.0749596774884152,0.076929395105055,0.0787797693740916,0.1148229838147296,0.0777145974935532,0.1941406679892024,0.0777219374902785,0.0653358402106783,0.1088278066118246,0.0885541076605914,0.0863819350690293,0.070630223933225,0.0758550979278053,0.0936154067763107,0.0925496104535811,0.0790712947495407,0.066694998703113,0.0740638425697904,0.0844076525623747,0.116783335250897,0.1246112858409729,0.0849570604287052,0.0698565719630168,0.103338972185123,0.1232276620496247,0.0863227651966087,0.0686571608207456,0.0747270204769721,0.0671337050247603,0.077495800035695,0.0669497080332141,0.0777619413629541,0.092789257663374,0.1063430406499327,0.1110731623690935,0.0874069142723924,0.1380052058360022,0.1397464385671247,0.0643808659123851,0.0851140117559798,0.048191247666759,0.1727908075434015,0.0789421833841928,0.0773934736655777,0.0753972082418557,0.080692912865324,0.0935655026681702,0.0642900817776122,0.080604368012551,0.0731613774402226,0.0939465062996201,0.0656800659127565,0.0736829540721362,0.0832342875883495,0.0700388598727708,0.0734255485332113,0.1030798407829822,0.0637326511934612,0.070226603996725,0.070816291182173,0.081256475655157,0.0750587167949837,0.0988148650366877,0.0687331956084028,0.0948212903535155,0.100204654771876,0.0719430855178928,0.0919925686534842,0.0786552207482908,0.0722346582549017,0.0604210225996146,0.0740357033857788,0.0874608702229205,0.0709189732121543
0.0619684359067791,0.0949091467352213,0.0754003958487625,0.0549080410100753,0.0709530837289133,0.0800623316560045,0.1054459255526669,0.0817789935319344,0.0817846776523448,0.0884975856723118,0.0904247025130064,0.070166817170229,0.0576362828323832,0.0577820978851739,0.0885823563736921,0.0691112633320895,0.0,0.0785807117002002,0.0508964374010429,0.0959761897127904,0.0987912217857658,0.047874751284768,0.0964566169162639,0.0791149717473662,0.087508077449096,0.0841896430222896,0.0869900172152478,0.0973346935369671,0.0647378996061356,0.1591126581324259,0.0759832330666906,0.1990982757305057,0.0671589358820855,0.0591680267858484,0.0935016699105787,0.058442199143691,0.0806430541589291,0.0593667561747698,0.0729449692785333,0.0516431329397536,0.0639012933225029,0.0553288009054763,0.0635994841946967,0.0629443854949247,0.1061623395537837,0.090928531833537,0.0815217615670412,0.050820582583386,0.0673162238074321,0.0693434476975237,0.1059920731651786,0.1051340273389405,0.1024854791546119,0.0569314591212632,0.0613246908508924,0.0734495322879991,0.0443597456403129,0.0855716270594847,0.0779086371972618,0.092178598092923,0.0976865375306093,0.0784579693699984,0.1316731230092997,0.1185833191698812,0.0839967732966453,0.0922115284309093,0.0740921578317839,0.1368305757243243,0.064134324136391,0.0666977793483098,0.0735266105354329,0.0857817298249078,0.1030906376547022,0.0538855101448395,0.0429250210781866,0.0630060132572246,0.0917481665007812,0.0593186749741512,0.0808482252507792,0.0802897525777369,0.0700240000006569,0.1152801861401947,0.0654769305334178,0.0609900525978146,0.0483162674551981,0.0596162868310575,0.0835448346392844,0.0937391876125794,0.1009753108717696,0.0593925067119153,0.0577691074188265,0.0939459414597665,0.0719786903313202,0.0922990462266881,0.0726930511953564,0.0514618774299354,0.0473364988059562,0.0764695048323078,0.0607738207840236,0.0589858834537077
0.111888627815835,0.1341396702005634,0.1199410496127325,0.0713002240363465,0.1044702398654157,0.1109396846957197,0.1560826658466753,0.0928824994573868,0.1138564852335334,0.1247271956211858,0.1389527904962983,0.1040640532497805,0.0811282125925856,0.1082815679527705,0.1396137505759016,0.1047193941865581,0.0785807117002002,0.0,0.0635848178682583,0.1341160539671789,0.1349508688046846,0.0955324093552469,0.1069030105226741,0.0734994593449419,0.1261334767109097,0.1012694427745928,0.1355220096890373,0.1282736660756273,0.1096886589034465,0.1997373889364869,0.1173373478426638,0.2368575897988089,0.0728452493647112,0.08891391336982,0.1282235808679371,0.0800796839797023,0.1099780065444299,0.0943768863532379,0.1033899285066384,0.0872953343820028,0.08903939607179,0.0576542637027454,0.104910756252972,0.0992604238271918,0.1514404401813265,0.1259674063530056,0.0974736488928368,0.0760912574932773,0.0860123632526493,0.0686932435516355,0.1406540385400188,0.1331796576200645,0.1404218138958783,0.0949706100659903,0.0882266635482759,0.1103675662837735,0.0971706494434791,0.1244408412247038,0.1021564767733891,0.1292894943784034,0.1425949368741399,0.1085613701306127,0.1692749764586251,0.1420439619286706,0.1252775488069899,0.1143582055728371,0.1276071128861312,0.1522701880450955,0.1098468255524132,0.0931362996490143,0.1153690209104336,0.1348827116018318,0.136463736717789,0.0920052188908882,0.074226109961293,0.0761339574245793,0.1373637945077981,0.103221222583124,0.1378347982720417,0.1157504197390457,0.1027028399060321,0.1587374041767416,0.0511841505041064,0.080009347520203,0.0695318134657637,0.1047423289265109,0.0891698067224782,0.1259434744455247,0.145880274284558,0.0644382205976052,0.0747430568285236,0.1439307408895495,0.1183067824248658,0.128298554690428,0.1167889836723198,0.0969011059054878,0.0844938310795996,0.1227062545829276,0.0654359799062144,0.069171872738447
0.0783080888063064,0.0961520364393654,0.0852212691159606,0.0535634185449193,0.0763965752898256,0.099462429178585,0.1207659157395296,0.0748174628474807,0.090571226713991,0.091124082951638,0.1135873870947221,0.0783012161350697,0.0571336672334793,0.0790022994367183,0.1081079955270543,0.0828410535779707,0.0508964374010429,0.0635848178682583,0.0,0.1145905002947417,0.1175744454248832,0.069114860486962,0.0958418750563247,0.0632162007849505,0.1084949009784719,0.0893749786645241,0.0912909211885844,0.0960686766735775,0.0962835570715343,0.1823968751906758,0.0844897616681392,0.2094589246502138,0.0652948421936643,0.0659924174399622,0.1102306293991541,0.0646007452004231,0.070829914047219,0.0747007227977279,0.0906619913225043,0.0653148930523649,0.0596246358639393,0.0521809720695395,0.0769308361104602,0.0741464286023541,0.1263114005659162,0.0898395046625282,0.0797985336787097,0.0517911788646244,0.0635140949486241,0.0651657724142076,0.1103664302314928,0.1077430295497568,0.1154046200319995,0.0688474714042207,0.0687504788127329,0.092321489847393,0.0656819193670281,0.1083069055858359,0.0983410179823385,0.1102162464951215,0.1214801180114273,0.0817252372974224,0.1366633338809191,0.1192055226628508,0.1031985993775282,0.0931181421335988,0.0940356516444248,0.1285953035072617,0.0845333588967479,0.0782176558670451,0.0897423701803265,0.1041598892397034,0.1098760496017703,0.0575247169227991,0.0483307711605053,0.0619759493129325,0.0977725243214178,0.0736121172814439,0.0914594277125719,0.0853689993793629,0.0819140868780259,0.1297642707009509,0.0531681398988271,0.0692860732347083,0.0526052520237798,0.0719130594958865,0.0769703020926392,0.0981658458258474,0.1065071427692734,0.0484490387155538,0.0587050416861816,0.1117089308422755,0.0829909359058155,0.111712982852492,0.0796866075020303,0.0649662472234679,0.0660754636571173,0.0919288327741036,0.0654882004455574,0.0544279008572512
0.0903117866869404,0.0977335875860114,0.0756355840969443,0.1124457948649864,0.1301360681544302,0.1126157883622291,0.0742577513779923,0.0915697579847015,0.0858861979676939,0.1217172817143184,0.0694201848838654,0.0657661492589092,0.0840094793902809,0.0910640784675782,0.0613047741818289,0.1003287996394552,0.0959761897127904,0.1341160539671789,0.1145905002947417,0.0,0.0873704483942238,0.0789552855828094,0.1356513933017386,0.1148873313204575,0.0655610003744311,0.1226374181347279,0.1107072005759112,0.1211885429473175,0.0791277692509516,0.1602059594494374,0.0976515913414821,0.1294690867847605,0.1005569357726639,0.0844824202934138,0.0696810424002404,0.1072660717506507,0.113228106519019,0.0885276933109144,0.1020830895647489,0.0898634804998304,0.108024389211721,0.1207605608320038,0.0849145564275501,0.0577802661157802,0.1249395149390895,0.0991464168941922,0.1036610107193978,0.0926074775583638,0.0918054301515176,0.1479605440967293,0.083964834522789,0.1202852215393563,0.1267368468970529,0.0873380607100932,0.1187722056301706,0.0999265880995573,0.0784431633266053,0.1001604174166813,0.0880212015869854,0.0697818102063046,0.0962362173338578,0.0737322402942506,0.1008942378478734,0.0966442707503753,0.0919451910188264,0.0840996222632067,0.0980320012697336,0.1329893577649343,0.0800928990018876,0.1055634946109658,0.1004664914196541,0.0683018385744431,0.0737514536601802,0.0964027532426309,0.0940586796057875,0.1148014861045564,0.0946815208094509,0.0764658403443466,0.0792835432279524,0.0770279821246618,0.1079729936433922,0.1254905241412561,0.1340371222311219,0.1003108625931688,0.1060238038750366,0.0728829421068658,0.1436364046382604,0.1300605432251084,0.0856014015694044,0.1114610294690214,0.0857895303191928,0.0731978148150803,0.060418114791311,0.1093173265873485,0.0834823671451465,0.0702894287914693,0.0918571156687791,0.071783013260352,0.1098154763195968,0.108631661728852
0.0816498544737574,0.0898616318500892,0.0655279653703139,0.1239354539002031,0.1119591470470267,0.0934380202864339,0.0763055499274257,0.0811924038407324,0.0711086624164984,0.0986957651459806,0.080067680018616,0.0956257850752053,0.1046245281940374,0.0964484426166936,0.0894663501006538,0.0748503629199556,0.0987912217857658,0.1349508688046846,0.1175744454248832,0.0873704483942238,0.0,0.0775915383208182,0.1005290316997326,0.1554998987478495,0.0827304575064466,0.0949330445716598,0.0946258150091959,0.0862159641111,0.08481548092053,0.1006116916352598,0.0919929173818602,0.1481955853491552,0.1043444713173478,0.100815218146073,0.1006308902134025,0.11947540228689,0.1012507222324909,0.0968246298800346,0.0812363915606704,0.1157709616890558,0.1150191890792425,0.1056581876054184,0.0600942107831014,0.0883399596390717,0.0810215020382067,0.1440706124870302,0.1542294756030909,0.1199070366413473,0.092712095533391,0.1471583788782442,0.1335982678109859,0.0845524113977231,0.0931934828329244,0.0843657835627451,0.0982229044348438,0.0816844775290652,0.0896057189903918,0.0579889681324703,0.0879289489664786,0.1086734373582191,0.0911299244977185,0.1002176036892461,0.1376829395524271,0.1569712330233428,0.0602128178603432,0.1000339453562622,0.0857771850337254,0.1949254316125434,0.0848916719191596,0.1015367388009612,0.0802443483179019,0.0569929585159073,0.0913005400179208,0.0931909469033029,0.1114444612308746,0.0931850579493934,0.1073381028739255,0.0621934226987968,0.0779758911367373,0.0878335390440415,0.0802603717460093,0.0787992310000826,0.138401636462017,0.081474457201664,0.0998994803356149,0.0730962820675673,0.1181891719068498,0.0928255333957298,0.1137377288086312,0.1045551341322184,0.1251245987652393,0.0895244971299195,0.0737749747617565,0.0798373538261471,0.083899954120749,0.0934104691141155,0.0735930775080331,0.0585101254963389,0.111536811765568,0.0982300343845291
