0,1,2,3,4,5,6,7,8,9,10,11,12,13,14,15,16,17,18,19,20,21,22,23,24,25,26,27,28,29,30,31,32,33,34,35,36,37,38,39,40,41,42,43,44,45,46,47,48,49,50,51,52,53,54,55,56,57,58,59,60,61,62,63,64,65,66,67,68,69,70,71,72,73,74,75,76,77,78,79,80,81,82,83,84,85,86,87,88,89,90,91,92,93,94,95,96,97,98,99
0.0,0.1158187356417989,0.1087109817202275,0.0898252888861278,0.1250113042000368,0.1132058488847373,0.1070078980231206,0.1176242560447463,0.1204514566561331,0.0928811558561208,0.1225068121766092,0.0946418553944875,0.1741657835978989,0.1455144897893764,0.1354770004597102,0.1169675285436995,0.0906517316516313,0.1260199430304062,0.0841393794451621,0.117302934625666,0.1017348469999685,0.158683232328354,0.0977237258353844,0.0865533879967409,0.1436540261855733,0.1297054352843778,0.0897055331623258,0.0915548277560722,0.113636920379793,0.1054207793715889,0.1458562297857771,0.0903105682817956,0.1271002129429737,0.1160426911609708,0.1051310252779728,0.0714233458814319,0.0722109259593508,0.088201818764075,0.1093453002551861,0.0862872994123389,0.1229006943411725,0.0942002849803371,0.1244264454719308,0.1493469641312209,0.0966776648897558,0.0846179411890523,0.0976928830972047,0.1139781551962887,0.1371197797181489,0.1017936122247715,0.0865215461715399,0.1202138205457662,0.1300349687689788,0.0833020038556891,0.1077343088964787,0.0904260688269795,0.1282738982303651,0.1231053394226782,0.0916873515438841,0.0812218029494917,0.1554075077278748,0.1622787838224417,0.1093832419366558,0.1489471936679898,0.1327213817283813,0.1386939820522091,0.0952298699364796,0.124686349760389,0.1265149933224706,0.1829445905446974,0.100473157795463,0.1352712067694752,0.1117872248634544,0.1126348236054328,0.1190698894138558,0.1292920432266641,0.0734690507557601,0.1047414070751742,0.1307149054512814,0.0803121227399245,0.0972856249891445,0.1015708339962912,0.121025744965298,0.1465206979776362,0.07207248228155,0.0991270362156755,0.0704847646691391,0.0909470702581144,0.0822586830211556,0.1066493514529753,0.0963501008046779,0.1303858729066779,0.1026922409216738,0.1106348859484891,0.0870189033662904,0.1151718385652379,0.0901674407751798,0.0973307626772857,0.1235449939760653,0.1071042006121118
0.1158187356417989,0.0,0.0906057042796687,0.0980306426677319,0.0885526096053497,0.1246895510924735,0.1134537546085999,0.0692090975319632,0.1315868156409867,0.0937431553202384,0.1012681165656103,0.075489670763695,0.1155325278515503,0.0831059005544622,0.0919989384966671,0.1066052148540379,0.1024371102452579,0.0738353863237618,0.1092253105370212,0.1015088441881637,0.1392900533168773,0.1025040695598693,0.094309643059953,0.0788052956133958,0.1458316567649875,0.0916486577060743,0.1416916889819825,0.0971398548826063,0.1212406220475832,0.0786214248768835,0.1169157160601725,0.1568068620448012,0.0977100987641985,0.0820634158605961,0.1012334723799603,0.1311275134898374,0.1247548345780043,0.0906880486171986,0.0759405120010802,0.1262190070014484,0.109787633298211,0.1004908574248172,0.1167775338263258,0.102509920740671,0.1125822089935581,0.1290724096738298,0.1093072370609056,0.0745033731319606,0.1049667584247388,0.0862504783683517,0.1263571568051357,0.1191800471389504,0.0910941826593923,0.1250365389874221,0.1222353645352197,0.1018431490446389,0.1098408777277278,0.105591725676816,0.0662907168931472,0.0825157893384328,0.1181538297433782,0.106277493947773,0.0669161987266889,0.0921922257116168,0.1256598517954435,0.1141541752922434,0.1134458136250774,0.0861821567227762,0.0834163832050405,0.1138955425313881,0.1379463604998649,0.1234059372798472,0.1015190470298451,0.107571966670727,0.0852527575582824,0.1266239392201684,0.1170388372557282,0.1025282797998623,0.0786466886166881,0.1314809377427703,0.0867232019018912,0.1036231991479978,0.1299960583116443,0.1091156115360784,0.0951040962607845,0.1048772564834134,0.1262925084599359,0.0961860439200255,0.1152273442837291,0.1187775445780842,0.0782120406148628,0.076132701603439,0.1063169962690623,0.0865771212882742,0.1487607335360482,0.117099515405639,0.1079125504655844,0.1184744647568167,0.104154070751297,0.0961204947365121
0.1087109817202275,0.0906057042796687,0.0,0.0861763790846352,0.1170092103921236,0.1049512975117849,0.1304072551245703,0.0570853140917042,0.1240792982966551,0.0785786874624312,0.0810947389298431,0.0633305772038211,0.1481142001453578,0.1237762666881237,0.0814649223032774,0.1276113847797622,0.0992769452476525,0.0730989705290702,0.0978328043788174,0.0774093683171818,0.1476471842190386,0.1105371647157001,0.0797856564132402,0.0647472343750218,0.1210386366515797,0.0713475257158284,0.1377784446710468,0.0599424622298507,0.1340681549161718,0.0771636689790591,0.0804276048887076,0.1569714019032428,0.1174607536957918,0.0906648234810114,0.1210967282787119,0.1140352789465524,0.1094383443159398,0.0824236039057824,0.0774559244360726,0.1208456038135945,0.053485388196413,0.086938244719017,0.140359333143314,0.0831709929261231,0.0893341726477017,0.1077246322948003,0.1007836758641929,0.0896936717694781,0.115610034377713,0.0767272888547726,0.1258994257843087,0.0771256948719874,0.0905548149765353,0.1066415565345931,0.0640741767098067,0.0639093622172392,0.1026909113595081,0.0820158814696265,0.0968386315300822,0.058149179317107,0.1012772989288119,0.1217898256866727,0.0853049656889714,0.1305544094774413,0.1318678095664011,0.0855958575495886,0.139640777462652,0.1088117472161371,0.0832093005940417,0.1497002794095659,0.1642161236353058,0.0823291422400907,0.1117063530954534,0.0685196906690873,0.0669052379764035,0.0735515555365924,0.1113554321283649,0.0563311557374877,0.0883276350904519,0.1319465517200985,0.0604743765072207,0.0828980255394857,0.1059959637258049,0.1089032742240824,0.0971244097058828,0.0840171704772314,0.1032942251697884,0.0790750928464298,0.080572247737316,0.0731569620992707,0.0958282005103799,0.0942186952787326,0.0705908262341959,0.1004521466434578,0.1398824475879941,0.0855886237146912,0.094886905596332,0.1084623534256856,0.1043306971476934,0.083633354610543
0.0898252888861278,0.0980306426677319,0.0861763790846352,0.0,0.0983988571039966,0.0812650145282512,0.1123089707843532,0.0817237019532202,0.1053845256980906,0.0752303062253471,0.0672199747622471,0.0674801037218211,0.1538559490458089,0.1073425354659633,0.0925197461486345,0.0971549585251714,0.0976932812612946,0.0974023801829304,0.0710282446621119,0.075127548979522,0.1080075981811878,0.1177588779551052,0.0628618959628806,0.0728947667765137,0.1249874565227515,0.0880431041309502,0.1001172783756435,0.0692430922640384,0.1008435490402903,0.0725153800301024,0.0987929222949985,0.1145509262610177,0.0956178873258825,0.0727829409602862,0.1075334999766928,0.0831912547592614,0.078450685811983,0.0810851074998339,0.0637086679349418,0.0869846064774308,0.0743482203669196,0.0839682407833375,0.1192464838912069,0.1233509005010933,0.07109157170439,0.0837292967207787,0.0932714588528085,0.087872182859445,0.0956866075070718,0.0753563168044025,0.08757290998425,0.0682490181308863,0.0945353166644665,0.071294912082323,0.068749730248653,0.0677920615257134,0.0976429168008548,0.0588477486734735,0.084791763389096,0.0595129271947716,0.1214368731763792,0.1322089493824229,0.0799087041000695,0.1163355036468557,0.1163292089132531,0.1024539199647235,0.0999469264497981,0.0932084452100016,0.0839075918592174,0.1481229247261317,0.135148417428317,0.0763778345883911,0.0729001169439745,0.0712756314393048,0.0715270584523301,0.0873301555874749,0.0787455547459212,0.0669977809173391,0.0812676042561982,0.1047729056872335,0.0850912238534874,0.0822319376564188,0.103364502711296,0.0952514377598132,0.0667829789426648,0.0680395196305222,0.0629397087456313,0.0621383304832663,0.0572080891402123,0.0855850478686082,0.0833435580139598,0.1084887401133471,0.0893132321308239,0.0834410238631095,0.0928108359121553,0.0827933181197549,0.0883538686331454,0.0968956884370691,0.0981398375907523,0.0840857010944209
0.1250113042000368,0.0885526096053497,0.1170092103921236,0.0983988571039966,0.0,0.14003470270646,0.0712330916200031,0.0880160008088655,0.1212951289973593,0.0771719769929421,0.1044130330083779,0.1116628181377995,0.098103813510202,0.0696381590111326,0.1088168816867329,0.081566048482637,0.0895934246696196,0.1162502870830975,0.1291010488547463,0.1163053019219286,0.1128181038385974,0.0952381510349425,0.0936090067480362,0.0862177911003346,0.1322466195185281,0.1240303290124759,0.1319878880905514,0.0964927893458914,0.0937471474720908,0.0967536681167129,0.1437512794113313,0.1356762996994223,0.069144130631576,0.0589478734995293,0.0662603760725378,0.1314869650674185,0.1169473081991208,0.1006083610900749,0.0802136161016557,0.1292764031471952,0.1268673533738541,0.1008255008587025,0.0897370417551452,0.1219864853685595,0.1223384504341418,0.1308710222316144,0.1037403786595739,0.0712187832459656,0.0790654844532395,0.1199841311020122,0.113819687610139,0.1100985662582016,0.0953833053692643,0.0997786040233398,0.1252161894024782,0.127205476554626,0.0888249336650917,0.0905867994044809,0.0790425420343186,0.0903952167207135,0.1397170547927204,0.1114894464768429,0.0668804043843959,0.0601185345001265,0.0716062127642296,0.1204050744254112,0.0902883894517873,0.0883740747580206,0.0895062023582716,0.1081725070381437,0.1119310624516365,0.1382515827640691,0.0851082643275189,0.1292249872603103,0.1176731910666246,0.1431880752165731,0.0976769986906991,0.1177614493199728,0.0744122669078316,0.1172346591770137,0.1056403059085502,0.1322543624210656,0.1251454570132362,0.1272362124121233,0.0763319418745943,0.1195010857600269,0.1210127628682395,0.1010366607231023,0.1079228804787915,0.1326866356659959,0.0617200460010451,0.1041576236859075,0.1089276511353729,0.0996141764559572,0.1207979046615882,0.1161114974831862,0.0959461558029158,0.1068794808835857,0.0832555426535664,0.0932379159830839
0.1132058488847373,0.1246895510924735,0.1049512975117849,0.0812650145282512,0.14003470270646,0.0,0.1351594808262781,0.1182409493683704,0.1623935578479548,0.1167328240613155,0.0616920685329316,0.0965454269788988,0.1494730941229163,0.1473576852049816,0.0870923602802554,0.1107805516707776,0.1205448985985508,0.0996391537026687,0.0983808712172581,0.0683839610193066,0.1635634040782347,0.1267717564307914,0.075926144851952,0.1012186690624162,0.1776128539507737,0.0816116073433302,0.1544100521611874,0.0953410593351468,0.1277987124159636,0.0662446374284348,0.0867655209358024,0.169742170123041,0.1240406539221792,0.1165959916531507,0.1417751943843107,0.1205663017316761,0.1053314479881159,0.1098601648579385,0.105276822234124,0.1454224162950059,0.0919391314716504,0.1153204837165247,0.1460248897004675,0.128350775444924,0.0614069551927078,0.1409408908516549,0.1325290031047817,0.1209316574101762,0.1313124196283455,0.1039692889484599,0.1450443395441263,0.0856796195423833,0.102235621251557,0.1015990018180327,0.0910531560677477,0.0836112962944111,0.1021866095548679,0.0855653134840829,0.1203161177578286,0.0901251546961334,0.0944813104267487,0.1138481632489153,0.1176289759238554,0.1573691916430544,0.1571654704865623,0.1159493889237552,0.1524749594455782,0.1234519211646022,0.1094593906815902,0.1414409208266734,0.1880372278473666,0.0691634157267993,0.1116060364304595,0.0770042265966121,0.0964829075883532,0.0688785167048322,0.1078315571543026,0.0746693083791529,0.1025982831789371,0.1445896084956729,0.1168540092818188,0.0732482124209593,0.1649222714944132,0.0873151388640658,0.1167265022087655,0.065486266485982,0.0950422394243492,0.0926683091118953,0.0869292588893701,0.1160128978842501,0.1185616815598203,0.1431891016292047,0.0854308832784715,0.1003422337799023,0.1374370049459774,0.0800035257994124,0.0913517480021392,0.1481336648369771,0.1185312800788311,0.0999449611404271
0.1070078980231206,0.1134537546085999,0.1304072551245703,0.1123089707843532,0.0712330916200031,0.1351594808262781,0.0,0.1171065134083128,0.1285111874769904,0.0733244791260487,0.1207649478321085,0.1275170275043832,0.1082146158097513,0.1126008098111093,0.1227573771883834,0.0883275603221587,0.1167190937973003,0.1311590516809669,0.1189171284829531,0.1450574326609653,0.1079655352264335,0.1134620524779965,0.0943866382417902,0.1093220184035593,0.1371126627132103,0.1440974669639883,0.1352493429372477,0.1084058196759223,0.1124258804871403,0.1059983381255408,0.1471051948996755,0.1274748010934696,0.0872706251308789,0.0726211746279432,0.0770784715323974,0.1166654009828501,0.1243842953431844,0.078606082410249,0.1174818104429077,0.1358252609553504,0.1266810913819195,0.112467842524446,0.1132169271991353,0.1347021743311107,0.1205678053039469,0.1345122082477102,0.1031277748019753,0.1025245626436374,0.1093072434512255,0.1231237378713463,0.1214084217879185,0.1164956695421425,0.1043750039898894,0.102512884892637,0.122966843501301,0.1395934243572112,0.1005314523763242,0.1089803324406544,0.1001593391226068,0.1135123345276974,0.1501804182216374,0.140301629559187,0.0885374152804284,0.1108866574647782,0.0794711455198605,0.1292687689057582,0.1056469169319491,0.1207873362739611,0.1190888114457631,0.1296484619641378,0.1152303784353709,0.1537029438867397,0.1250611116149771,0.1264697060138503,0.1478674930763999,0.1498298805495481,0.1107381142028478,0.1334733273217468,0.1141162862646049,0.1103429656905293,0.1106020515198049,0.1189919113830498,0.1285783424931531,0.1361693435024095,0.0792302184122262,0.1164360921362359,0.1216393139315515,0.115620192812959,0.0996452283359039,0.1315156927857422,0.083399121003402,0.1427841564484124,0.1000786972272689,0.1182621155793774,0.1127778540785444,0.1139584069915042,0.1009071680520101,0.1203006922101626,0.0944106923645199,0.0945012753261543
0.1176242560447463,0.0692090975319632,0.0570853140917042,0.0817237019532202,0.0880160008088655,0.1182409493683704,0.1171065134083128,0.0,0.1140393441367516,0.0723078504316466,0.0796860038498568,0.053917931039975,0.1347380807333272,0.0906623670144292,0.075858703724868,0.1168904230378928,0.0909467182933475,0.074091867918384,0.1008864537639549,0.0738457180249523,0.13193503819081,0.1045324761161859,0.0722802441842504,0.0650319272133489,0.1134355919818717,0.0784654457554678,0.1375657751415294,0.0666540776200378,0.1152578140013106,0.0745671279227663,0.0967386595671237,0.1489548556452026,0.1031925662772447,0.0776170113570547,0.104678311654448,0.123647582396018,0.1164474452636692,0.0803302522419393,0.06165304989277,0.1133696995977002,0.0728336747963305,0.084565559251148,0.1198469397734962,0.090896159306855,0.1023414606024512,0.1150112051669623,0.0944484894678812,0.0719381983131248,0.0959180998420924,0.0766254270973195,0.1196039193017171,0.0825336715310698,0.0857266092797013,0.1028185253222352,0.0833335730987478,0.0841086817616427,0.0944857016489714,0.0735878688420082,0.0788648087129986,0.0595402491277887,0.1093219479914434,0.1232845760916336,0.0659232586835281,0.1018486060979703,0.1217409077298826,0.0971694205770342,0.1133372265293399,0.0954147582740157,0.0776432093277842,0.1272136665914843,0.1476184813494919,0.098303665740756,0.0967530293252897,0.0874048903776719,0.0660686924205092,0.0995839958069588,0.1091140657766625,0.0824884608138828,0.0745113631664552,0.1250396215788372,0.0593315936252589,0.1013373521810118,0.0993446853470405,0.1033104685431454,0.0839382165568855,0.0977843971564512,0.1130721024989962,0.0711048517755409,0.0893355667787672,0.0945612369084574,0.068853706083511,0.0725647197727818,0.0813849623540045,0.093173393139191,0.1326532075408375,0.1010378382562854,0.0926213861951329,0.1008239262133253,0.0942122163353783,0.0809609710745435
0.1204514566561331,0.1315868156409867,0.1240792982966551,0.1053845256980906,0.1212951289973593,0.1623935578479548,0.1285111874769904,0.1140393441367516,0.0,0.090959456096649,0.1383936396572375,0.1169908038543332,0.1990140818412495,0.1291253647630889,0.1676692124723677,0.1565109399533296,0.1203572766737573,0.1656517404321984,0.0876919541735504,0.1467889695128911,0.0937180281438627,0.167154278585142,0.1319694531787423,0.1159709459771461,0.0757233840962205,0.1632112312151263,0.096841626218083,0.0909945806165675,0.1369308264076706,0.1514298296202191,0.1678994581516101,0.0840266036761932,0.1342680654642113,0.1118943172933567,0.1144118408658798,0.1065834942843604,0.1266471939773099,0.107643247245454,0.0980336875832004,0.0763167285753516,0.1254081125357053,0.0942081868839161,0.1463079310030405,0.1809527880545607,0.1340201401337387,0.0795701226165033,0.0811285901440046,0.1124354008037017,0.120880954034484,0.0911416173404404,0.0860722244609488,0.1113674201872441,0.159777995426022,0.1229264897997921,0.1073019406832406,0.1231848220785277,0.1522711337712494,0.1080282210445243,0.1226682599368074,0.1104873163064841,0.2013397891377123,0.2046007868729737,0.1186328438563558,0.1185634120420006,0.1259377704508147,0.1581841983396046,0.1050581483638962,0.1427307733100437,0.1389921901882878,0.2073124683456027,0.1044276316424193,0.1400370709215914,0.1046861478658926,0.1305716891262457,0.126072152073552,0.1553729994947867,0.1214822598878863,0.1203655859228475,0.1383108864149516,0.0812073094918454,0.1046379388783271,0.1363034081510889,0.059519589889327,0.1831742986346351,0.0871206760738624,0.1157430145662507,0.1200730557712655,0.0994763435645844,0.1190511275012594,0.1273516213871498,0.1237844339965994,0.1031896710494112,0.1515530393838216,0.1487403951383956,0.0988755608487451,0.1358596017104192,0.1337935163114703,0.0740412736607878,0.1371353078517313,0.1297949332505624
0.0928811558561208,0.0937431553202384,0.0785786874624312,0.0752303062253471,0.0771719769929421,0.1167328240613155,0.0733244791260487,0.0723078504316466,0.090959456096649,0.0,0.0878998972307457,0.0821154015250907,0.1262638100537096,0.0912687893152314,0.0945390825254536,0.0970244834246059,0.0993413705703498,0.1097753982929083,0.0806622220659054,0.1031223971187029,0.1037868116912524,0.0942245573250828,0.0756086420778072,0.0786496246028251,0.0980387906671408,0.1026499775162897,0.1113238118320419,0.0580329665043496,0.1013373626977667,0.0858752232167505,0.1156439106958468,0.1191915481242837,0.0804773541771131,0.0567746714302007,0.0769516248745718,0.0822505205520422,0.109620151983676,0.052558188239905,0.0794620404495459,0.1013267769691524,0.0850497436249355,0.0646130358442051,0.1096146828856434,0.1090601011558584,0.0910247061366102,0.0943219820119051,0.0728107835604311,0.0849293279910876,0.0851186136579859,0.0821419632938725,0.0960945115616824,0.0766529772053632,0.0885658000285465,0.0822198564005415,0.0802662834376018,0.0917078738949349,0.0858002731201296,0.0680196124360055,0.0822332773704836,0.0688392130939503,0.1277762346880741,0.132428462644487,0.0701502919831676,0.1024711809842955,0.0941811576734974,0.0975241040858755,0.0914907711812335,0.0899084963198728,0.0823420509980213,0.1348465775946751,0.1173422773608641,0.1103049970492331,0.0940077123611284,0.0906800024411817,0.094104638826646,0.1121693746656148,0.0933780234248237,0.0817185774361512,0.0805895170391748,0.0863032716891061,0.0697751567322561,0.0994727778917589,0.0875579939268359,0.1289688274381636,0.0623725113794987,0.0911316576411855,0.0906862698650634,0.0752164955349061,0.0617611501933423,0.0841627526422698,0.0743664923958117,0.1042848316764877,0.0786025106377269,0.1068296718493543,0.093931725946252,0.0783493197612115,0.0845961874601842,0.087975999837064,0.082963206164229,0.0677706057882201
0.1225068121766092,0.1012681165656103,0.0810947389298431,0.0672199747622471,0.1044130330083779,0.0616920685329316,0.1207649478321085,0.0796860038498568,0.1383936396572375,0.0878998972307457,0.0,0.0764962413325054,0.1301197715953486,0.1098286014532136,0.0606959541201789,0.0983188335290174,0.1100985371862855,0.0858533239222453,0.1043808525252823,0.0589308323455462,0.1511162699505501,0.0967862860920822,0.0629780097655383,0.0834773076233138,0.1484100539481937,0.069170005561775,0.1503304394334556,0.0709235891924525,0.1141592529181111,0.0553319626829426,0.0752361912469481,0.1637272787131505,0.096377568631385,0.0869213294702447,0.1200958614745362,0.1169039163218939,0.1055654048585319,0.1023755268830174,0.0722426510629159,0.1263755491471918,0.0679854175921065,0.092299202376529,0.1281991477842119,0.1051060147385151,0.0725733767643656,0.120955103443146,0.1056865837016296,0.0896299291043717,0.1046938487187281,0.0852901098161378,0.1373875715205344,0.0625988044677145,0.0744918749783588,0.0923616068990314,0.0774536077270543,0.0830023675273075,0.0815250629908666,0.0536945362835893,0.096957707201206,0.0684421815042999,0.0824426957443413,0.0966750595892937,0.0796052096586719,0.1283407856054309,0.1319323366005791,0.091024363155392,0.135033025638769,0.1028277341880592,0.0798576684700356,0.1194746639761491,0.1707834910594081,0.0628832637352887,0.0877053243331087,0.0710124668043992,0.0713980135743997,0.0627618023741381,0.0990729327701177,0.0639417758706971,0.0665023759792086,0.1433689162468374,0.0944994570408247,0.0788761366342082,0.139098191828163,0.0731472490185646,0.1057651272217726,0.066766548985932,0.0936294443302407,0.0765037129904349,0.0796644258942702,0.1011830338591364,0.0900747851928112,0.1196938405901892,0.0779913148908504,0.0893010773275038,0.1371982280782153,0.0668024838204753,0.0791541504070623,0.1278032334458371,0.0965730777639344,0.0738438756834295
0.0946418553944875,0.075489670763695,0.0633305772038211,0.0674801037218211,0.1116628181377995,0.0965454269788988,0.1275170275043832,0.053917931039975,0.1169908038543332,0.0821154015250907,0.0764962413325054,0.0,0.1503182100875532,0.1155161614396533,0.0832831337542222,0.1174141496169099,0.0959285057905066,0.0790903326161417,0.0732160160533989,0.0679611181237718,0.1326202211864472,0.1145185270976862,0.0697675276924768,0.0673910696336033,0.1239886018205574,0.0735868412716639,0.1250904276939097,0.0616459072700277,0.133446864074986,0.0753466981244881,0.0939085974762101,0.1384195465825477,0.1156261879443743,0.0918113064036703,0.121273974694205,0.0959374636309937,0.0956173664520882,0.0835083145224759,0.0654724448274843,0.0991310534467565,0.0630138867102569,0.0816532922803194,0.1358875329629851,0.1039140086059878,0.0787823237961181,0.0962675988924416,0.095016626682122,0.0827438956460305,0.1078770978658034,0.0693068176268701,0.113637394748037,0.0874822783066009,0.0861241471650167,0.0954623051671318,0.0721009390465717,0.0633888625089207,0.1000877656756799,0.0781158079778331,0.0810726455200276,0.0465492782903491,0.106195601446582,0.1315805311364631,0.0781590797491169,0.1220746388103011,0.1390407574230583,0.0969093750009822,0.1244571062933194,0.1017805408039336,0.0911468064925871,0.149360359786594,0.154412385472118,0.0858971364726942,0.100936164051198,0.0679309187552613,0.0567516874882631,0.0874391794329397,0.1022508568519385,0.0726018207622306,0.08492288748845,0.1200912293981028,0.0650885317061268,0.0855371416662835,0.1052659581354607,0.0985039584755587,0.0941908069043426,0.0778590769564752,0.0921096963051504,0.0646170661292732,0.0759736990416626,0.0848452548592788,0.0923735642440201,0.0830521743598312,0.0741043945915757,0.0916956741701002,0.125412995896761,0.0912236246746214,0.0936685724387347,0.1032587137645252,0.1002644290703175,0.0818098399869913
0.1741657835978989,0.1155325278515503,0.1481142001453578,0.1538559490458089,0.098103813510202,0.1494730941229163,0.1082146158097513,0.1347380807333272,0.1990140818412495,0.1262638100537096,0.1301197715953486,0.1503182100875532,0.0,0.1008489846373807,0.1076365977335458,0.0853891968796783,0.1527275344353916,0.1279253017657156,0.1718588741002523,0.1451821530175352,0.1799043855686335,0.0721105987067374,0.1275155166464413,0.1470826539691815,0.1912468318668096,0.1240013491885155,0.2071004561698442,0.1520222507127024,0.1368863981292079,0.1143362440328108,0.1496635219440603,0.2116271868860664,0.1132127155306446,0.0993642935095743,0.113883536027856,0.1817102407381762,0.1792424007164809,0.1245699144640716,0.1403175436655153,0.212538757736771,0.1486516974008514,0.1561623578429653,0.126194425660324,0.1233206558112352,0.1370576738455793,0.201621378328807,0.1619361489539508,0.1297136656210548,0.094422124715277,0.1577891127280399,0.1950617258739852,0.1454391669688044,0.0971588797390542,0.1452075235636011,0.1691160846120389,0.1685598504903094,0.0775423680701425,0.1311767499684865,0.1345749761393558,0.1512909663279472,0.1219322552418915,0.0901189983439255,0.1207704204853102,0.1065724109978207,0.1244618205495601,0.1345172229301776,0.161054665634983,0.0941731277732317,0.1104137905578214,0.0771520068519203,0.1719371901741901,0.1531147802953187,0.1375614675688043,0.1525578317835101,0.1471277461702629,0.1630455038519168,0.1605235269167552,0.1519946853708198,0.0978969976651502,0.1854903890664097,0.150960537263234,0.1597187469065596,0.1941712630512636,0.1339729489351005,0.1440393965098416,0.1531336521467078,0.182768398398006,0.1564614909079507,0.1488377150864384,0.1704793622507533,0.1200528599854845,0.1704477351386401,0.1206066308081353,0.1307679513584615,0.178507670492402,0.1290794933303344,0.130223295207427,0.1907725145104322,0.0930949630461887,0.1235912039930966
0.1455144897893764,0.0831059005544622,0.1237762666881237,0.1073425354659633,0.0696381590111326,0.1473576852049816,0.1126008098111093,0.0906623670144292,0.1291253647630889,0.0912687893152314,0.1098286014532136,0.1155161614396533,0.1008489846373807,0.0,0.1035862890207149,0.0951792782433847,0.0984329114370716,0.1094303772266882,0.1371326113831361,0.1142432247760835,0.1339145554453631,0.0979575754261432,0.1051471668946855,0.0940971885153544,0.140236191799196,0.1206783142512712,0.1403296465588006,0.1065022282179995,0.1007505705437869,0.0987229319490475,0.1494236978697801,0.1510631258746954,0.0868301555069053,0.0764497101906239,0.0809421369012815,0.151670429386891,0.1325161449044052,0.1085312542802473,0.0887051292307962,0.1401742789619962,0.1356545975145443,0.1117248632164317,0.0853762091439755,0.1261502559580443,0.1281507251546189,0.1369052871563848,0.1220551157938475,0.0729248370455467,0.0837763839470286,0.1297534129864757,0.1220733545127252,0.1253555459750928,0.1021452565903581,0.1123611860012636,0.1359033869847541,0.1357037392598162,0.0935969822406916,0.099206988690368,0.0905383866578987,0.100781648659273,0.1374917135852452,0.1076870308382648,0.0698405697136649,0.0632914200360351,0.1002916090964358,0.1291099952480891,0.0976945201172725,0.0825213483968028,0.0814660453316649,0.0947154956663937,0.1151632884208739,0.1394328969724668,0.0847670347624822,0.1423090628492014,0.1135880022294304,0.1535803025308323,0.1111325703094918,0.1288497019535778,0.0695487080392079,0.1260801350016268,0.1106968923003891,0.1505189172107644,0.1267648639374063,0.1260897768743702,0.0918602470776752,0.1355854088968525,0.1375548355690921,0.1079563871502143,0.127459717651034,0.1458645304470816,0.0725810616712816,0.0899997089148111,0.1200829091903939,0.0989419611857807,0.140617904850585,0.1288945764797919,0.1006747626688026,0.1143090182748642,0.1031065676233883,0.1094034374351969
0.1354770004597102,0.0919989384966671,0.0814649223032774,0.0925197461486345,0.1088168816867329,0.0870923602802554,0.1227573771883834,0.075858703724868,0.1676692124723677,0.0945390825254536,0.0606959541201789,0.0832831337542222,0.1076365977335458,0.1035862890207149,0.0,0.0947680643786911,0.1170203712357655,0.0651108726755541,0.1254257451110482,0.0728827786004387,0.169361023929672,0.0777780769740895,0.0718892293368567,0.0922414976055513,0.1696570268263958,0.0666658005609647,0.1677128531973468,0.0924363442042565,0.1281104628421309,0.0534805964148236,0.0766021040538186,0.1899875236294922,0.0928349073333748,0.0869971932955349,0.1219301321297044,0.1381976183671153,0.1294030225083077,0.0996935882754014,0.0862683900567342,0.1576837937203671,0.0740129363489404,0.1119099381613006,0.1293124737250288,0.086919949993952,0.0929837305554703,0.1481167942199683,0.1248071226983625,0.0947939783050459,0.1031685852485736,0.1027315897804605,0.1536726131046454,0.0876520351855762,0.0602103437183052,0.1160583151335298,0.0988763289166145,0.1060046044003045,0.0761413446343018,0.0809248053847274,0.0986316743701389,0.0832286689963893,0.0659909250441334,0.0829736210135782,0.0821124474726619,0.1262673940636641,0.1370769949943686,0.0840992268921961,0.1439220142028959,0.0957681957140229,0.0782303503203601,0.0935359749194777,0.1787228033260766,0.0762362991627798,0.1052759941025526,0.0926125108019117,0.0824019418018459,0.08617823017595,0.1221373185060843,0.0896641027144349,0.0590841974193572,0.1614447528594319,0.1032281341569286,0.0928467516532051,0.1584473326070517,0.0646760301910458,0.114814663875752,0.0894344132875702,0.129020421785188,0.105706682739206,0.0992363523405064,0.1150990676411665,0.0927378203467386,0.1254344238882352,0.0807671333874385,0.0834105918382435,0.1673408324561386,0.0771398676158951,0.084661583650155,0.1492334070059771,0.0901569606217296,0.0835187807798078
0.1169675285436995,0.1066052148540379,0.1276113847797622,0.0971549585251714,0.081566048482637,0.1107805516707776,0.0883275603221587,0.1168904230378928,0.1565109399533296,0.0970244834246059,0.0983188335290174,0.1174141496169099,0.0853891968796783,0.0951792782433847,0.0947680643786911,0.0,0.105976884999284,0.109300821758263,0.1248180158810387,0.1141895443077431,0.1356242373348948,0.0886782893436841,0.0839596809735997,0.1013218510991052,0.1777502993517941,0.1133155914641816,0.1461242707552252,0.1122771979259572,0.1026305152088121,0.0764356201080571,0.1352680628343585,0.1641530682259515,0.0747674955330031,0.0792540396734949,0.0843460801461487,0.1300134980664883,0.1131443085857583,0.102485644383625,0.095528492296083,0.1490813119393494,0.1243738972527917,0.11754336645682,0.1055714448430625,0.1134496059297184,0.0968741040679211,0.1431322796038439,0.1372442076527092,0.0942945844846838,0.0956994213342459,0.1354611569410004,0.1335603257113781,0.1156476162329114,0.0814352331505425,0.1010464409903063,0.1243632513681611,0.1328043850099686,0.0780010056906725,0.0942172472700089,0.0905419614522005,0.1072533259084048,0.1094005677115797,0.0881911518998868,0.089132960618674,0.1001394357412893,0.1087777848524454,0.1119097575547436,0.1102993267670245,0.0857352530890325,0.0939520451944315,0.1024221398632852,0.1309311393460576,0.1239893851664183,0.0939921105067829,0.1268041265468573,0.1185196455168059,0.1327931525765794,0.1036108303448121,0.1228325714015155,0.0762748787617894,0.1381719732471414,0.1294754259897176,0.1226261854426545,0.1552119984165271,0.1127756471489852,0.0972159115876161,0.1103469468562687,0.1178626861937569,0.1140929513001705,0.1069493035964515,0.1384558610006029,0.082679963669773,0.1375168160721537,0.091874309795171,0.0919591136788106,0.1350757133386897,0.1041907857466094,0.0913134476798784,0.1414360465991845,0.0964225978843549,0.0932795100388935
0.0906517316516313,0.1024371102452579,0.0992769452476525,0.0976932812612946,0.0895934246696196,0.1205448985985508,0.1167190937973003,0.0909467182933475,0.1203572766737573,0.0993413705703498,0.1100985371862855,0.0959285057905066,0.1527275344353916,0.0984329114370716,0.1170203712357655,0.105976884999284,0.0,0.1118910533736575,0.1083264580602927,0.1105643146208519,0.0974958399307636,0.1402224528435504,0.0895755140322143,0.0675458255281798,0.1536294545669423,0.1208307016390311,0.0954361004629134,0.0745250457326587,0.0728251862033983,0.0942550191065961,0.146222906900639,0.1036240441930151,0.0862028578307717,0.0984828707815646,0.0701480130619716,0.1315262934914824,0.0616706142988271,0.1093649408134511,0.0743206125555821,0.1033098449675399,0.1200522348344313,0.112270149112623,0.0703264522936172,0.1354957439561491,0.1026896988970787,0.1173280405694047,0.1090353095933756,0.0561532801899199,0.1171802774986084,0.1127488979075366,0.0882431139518066,0.1137473136219291,0.1224104578827078,0.0847844675182179,0.1111565752258025,0.1079228637963844,0.1142398401523673,0.1142890708809855,0.0598047577191172,0.075538621567079,0.1387591825246135,0.1362805506645193,0.0690020801065338,0.1063312940482483,0.1028464182106243,0.1321870530593065,0.0806552506661223,0.1041317691227225,0.1091238005289112,0.1403486728839934,0.1028424093432395,0.1289569864185888,0.0730763306258073,0.1187749350393053,0.1113939007651989,0.1346006140618319,0.072670668882971,0.108944054586142,0.0971952726687005,0.0927362272328533,0.1016497589121846,0.1146895931569233,0.1242755431049233,0.1220210606974118,0.0756544186580484,0.1105370948788775,0.1024178374414086,0.0919766630354551,0.1086596116091623,0.1331527944590231,0.0552157898717115,0.0874698363036515,0.0983636980397516,0.076293066592272,0.1191194628936383,0.1229428715422133,0.0677076149686284,0.0787958115711242,0.1226770553920977,0.1123387707165407
0.1260199430304062,0.0738353863237618,0.0730989705290702,0.0974023801829304,0.1162502870830975,0.0996391537026687,0.1311590516809669,0.074091867918384,0.1656517404321984,0.1097753982929083,0.0858533239222453,0.0790903326161417,0.1279253017657156,0.1094303772266882,0.0651108726755541,0.109300821758263,0.1118910533736575,0.0,0.1246621761700186,0.0829568256590699,0.1707996942057247,0.1021178552093313,0.0794685824528066,0.079598949246628,0.1736965516682649,0.0683466763847244,0.1655045111002013,0.0918273498911656,0.141539029401719,0.0631001372739009,0.0876470921396574,0.1798301516280419,0.1093032414525926,0.0993784926951489,0.1308824140882489,0.1407492012919593,0.1186799849593405,0.1060935101125695,0.0869115442133083,0.1488076492347175,0.0825855876245351,0.1224026827816392,0.1364658983700659,0.0896567460096843,0.1049808024835916,0.1448250716032993,0.12407915238705,0.0910325417708249,0.1240364946456628,0.0995860484325427,0.1479642597061325,0.1027735078856207,0.0788538424371169,0.1166717861306119,0.1027056234198411,0.0971687068430358,0.1019208922171348,0.1029136544230275,0.0926824618208168,0.0815699985118707,0.087077151362691,0.1041593807102849,0.0805407676610917,0.1276538210759704,0.1508156279098214,0.1058059535837727,0.1424897983433122,0.1002815054580919,0.0926522555121202,0.1192064547486225,0.1817598875083945,0.0984379729243341,0.1157234774662244,0.0844641648225103,0.0911933625917888,0.0959552891576951,0.1206463041965951,0.0961601755336952,0.0869198506789562,0.1550700233241441,0.0942784363701465,0.0928360083556822,0.1571675890998883,0.0729199724816383,0.1176769157450404,0.0943204547621448,0.1219267895959698,0.1050919996201613,0.1084785555819261,0.1243760579286103,0.0929172395138073,0.0997113603417114,0.0902817012221217,0.0807737159458153,0.1666277683454554,0.1071635164108659,0.0944068642513844,0.136581500220764,0.1049803192217748,0.0983526274085006
0.0841393794451621,0.1092253105370212,0.0978328043788174,0.0710282446621119,0.1291010488547463,0.0983808712172581,0.1189171284829531,0.1008864537639549,0.0876919541735504,0.0806622220659054,0.1043808525252823,0.0732160160533989,0.1718588741002523,0.1371326113831361,0.1254257451110482,0.1248180158810387,0.1083264580602927,0.1246621761700186,0.0,0.1061379948202127,0.1105289366798415,0.1447948696165867,0.0944866265386477,0.0880732098913767,0.1097000071846149,0.1118148538646787,0.0977943358158661,0.0703947168563307,0.1327201545334461,0.1039437194587004,0.1235313963463867,0.1037197168606159,0.1243089645602643,0.0996168618399041,0.1179425536271451,0.0647961123743241,0.099042694539234,0.0759205786136576,0.0912104696403025,0.0849695224436856,0.0799856126562972,0.0761058278515749,0.1476707231591514,0.1416920511749685,0.0797674317190612,0.0772850578639784,0.08115609513104,0.1095612114790852,0.1205539424955425,0.0657577795018551,0.0915674924532187,0.0822061920386347,0.1202935296606883,0.0945821588748482,0.0738431578157898,0.0635993531791016,0.1157473485376769,0.0883382758482193,0.0988899619735175,0.0731302589355085,0.1469512892637538,0.1652490044699502,0.1053460938501217,0.1336653226295292,0.1248027880148241,0.1217476043806159,0.1159514425426026,0.114661053473383,0.1151874504935413,0.186046002650726,0.1290985033906213,0.0929841054853517,0.1040110502365557,0.0766055363621726,0.0926486066264561,0.1124299085482066,0.1008687571309133,0.0760347665919886,0.1215423219126284,0.0961170239752474,0.0783555342028561,0.0801329594505177,0.0967363019480663,0.1410900802561719,0.0801006890684366,0.0690935522202992,0.074233191888227,0.0643906652526676,0.0725285285206348,0.0929006009579423,0.1109338088036931,0.1235247558876827,0.095897067019422,0.1147030630699666,0.0869191422233378,0.0884887461714396,0.1164304215173501,0.098650770596275,0.1047330599913465,0.0918776399114727
0.117302934625666,0.1015088441881637,0.0774093683171818,0.075127548979522,0.1163053019219286,0.0683839610193066,0.1450574326609653,0.0738457180249523,0.1467889695128911,0.1031223971187029,0.0589308323455462,0.0679611181237718,0.1451821530175352,0.1142432247760835,0.0728827786004387,0.1141895443077431,0.1105643146208519,0.0829568256590699,0.1061379948202127,0.0,0.1615091903950247,0.1099179382585066,0.071740088472058,0.0776601501130474,0.1539980717855822,0.0620285740124447,0.1548155289396927,0.0851796379404941,0.1298513107610783,0.062566404408999,0.0775906073154108,0.1650868850741714,0.1094384767855848,0.1045569358064874,0.1342769658845278,0.125435971393142,0.1043739774159527,0.1149980582213179,0.0761297155925775,0.1210119964227372,0.0767888855032175,0.1013795006574949,0.1358271593169991,0.1130226489403662,0.0820500822006779,0.1198246863408231,0.1145237940206331,0.0967249064955822,0.1174474137557386,0.0970696189669466,0.13891294150724,0.0896069522902823,0.0951593304606778,0.0957175552517944,0.0807668574990914,0.0753814948436403,0.1027918537527023,0.0646043533867369,0.1006451146135682,0.0637472819305867,0.0957720249827209,0.1111086626406024,0.086512540763168,0.1362735324219126,0.1455995134038104,0.1077797410371101,0.1456443253714691,0.1195937602045496,0.0819670074241995,0.1392175466794126,0.1850077998152682,0.0699513635271345,0.095201714298828,0.0875336623562209,0.0694307509296072,0.0709176497715391,0.1000767062536169,0.0734540865468673,0.0718350580463711,0.1506571234827758,0.0985296854396161,0.1006413477784786,0.1329945455916369,0.079229019360054,0.1136225249372979,0.0811082274440118,0.0941793070648251,0.071565574036172,0.079593619452325,0.095703867883154,0.0960356721633721,0.1016584715963149,0.0894476008882962,0.0802988162281142,0.1473699654691451,0.1041406208753286,0.0857108223212527,0.1277411636086048,0.1194901043634028,0.0939180791610096
0.1017348469999685,0.1392900533168773,0.1476471842190386,0.1080075981811878,0.1128181038385974,0.1635634040782347,0.1079655352264335,0.13193503819081,0.0937180281438627,0.1037868116912524,0.1511162699505501,0.1326202211864472,0.1799043855686335,0.1339145554453631,0.169361023929672,0.1356242373348948,0.0974958399307636,0.1707996942057247,0.1105289366798415,0.1615091903950247,0.0,0.1774092023937057,0.1344106565416025,0.1130156627296573,0.1322065618560822,0.1767879517477787,0.0820866371732183,0.1126682216150306,0.0795934558942223,0.1475402747849467,0.1925582347334032,0.0634051373473516,0.1054822084070936,0.1095390012346081,0.0919774874001894,0.1206402435541262,0.0915915798431343,0.1151529453125005,0.1119126006847208,0.0815103987324534,0.1504538595173769,0.1146902129489973,0.100753533087902,0.1931057005735881,0.1370904255935781,0.0946313710809431,0.1052907828596714,0.1084663175792335,0.1261175805070527,0.1249248702804582,0.0654602313036162,0.1431822722503664,0.1621092645386814,0.0926798101499892,0.143507831407368,0.1410949283796157,0.1481179928395505,0.1330666666443224,0.1058473109032483,0.1173323037131908,0.2012852524303085,0.1959396290541044,0.1113801685475596,0.1190234030042672,0.1037440792817936,0.1780032626092042,0.0618130293512175,0.1354349710890615,0.1532226072006465,0.1857235522787797,0.0838637047449671,0.1672701777199501,0.0986977858465442,0.1514370227789633,0.1474673330384077,0.1789195882713499,0.0852725554057937,0.1415908822661067,0.1450659008515987,0.0818875983305294,0.1240753890230543,0.1450239749428911,0.1056143392169429,0.175310909486149,0.0765055795384141,0.1286737524321757,0.1145785292461829,0.1079730431329745,0.1234129492551593,0.1559735217141077,0.0989200127952825,0.1263852869819038,0.1487687471407088,0.120335592632471,0.086679318128542,0.1487652812577549,0.1103178103679037,0.0866236226518193,0.1359012168654311,0.14098522084934
