0,1,2,3,4,5,6,7,8,9,10,11,12,13,14,15,16,17,18,19,20,21,22,23,24,25,26,27,28,29,30,31,32,33,34,35,36,37,38,39,40,41,42,43,44,45,46,47,48,49,50,51,52,53,54,55,56,57,58,59,60,61,62,63,64,65,66,67,68,69,70,71,72,73,74,75,76,77,78,79,80,81,82,83,84,85,86,87,88,89,90,91,92,93,94,95,96,97,98,99
0.0,0.0960369111978352,0.1546515158472239,0.1152134265945184,0.1376206704034595,0.144669431157155,0.0643058470572582,0.1119789221892308,0.1208008584042547,0.0814961935015768,0.1028758781491102,0.1084880922418943,0.1052439131310284,0.1113847151285954,0.080533909443848,0.0672117550291944,0.0637251113293714,0.0829507142745294,0.1057216063194601,0.0914711357534335,0.0873127294941961,0.0678882242763797,0.0784351214091052,0.0797333563028094,0.0573234326759661,0.054465319245455,0.0889552255750124,0.0694085216775886,0.1057403176343242,0.0849221428875338,0.0793770869508435,0.0741895208168036,0.141378956781078,0.097906574334352,0.086222320331095,0.0733395606399588,0.06709897130779,0.1156302526251613,0.12929333294362,0.1569814605185894,0.0941013335104361,0.1044918157108904,0.1361378808843137,0.0645972587287436,0.0726716158977633,0.0756134922072076,0.0754659688445259,0.1057472891760838,0.0913468584178427,0.087621595621383,0.0779004893777984,0.1289346879770428,0.1060677615880356,0.1078129565974871,0.16192784711986,0.10698236770027,0.1117506266384581,0.0935968108924709,0.1021953745174202,0.1102675064555307,0.1542118285588537,0.0928442676873267,0.1468747373255557,0.0923110585590521,0.0969516626067026,0.0929289548393386,0.0711152448389694,0.0943801614807946,0.1129930417414809,0.0904083273897858,0.1194692450337817,0.1241019102428394,0.0792023758609951,0.1323135139232774,0.1046829554176941,0.0967671675034748,0.0955701157771485,0.09049743387753,0.1127923997529608,0.1488930478158145,0.118738493352679,0.0891920252418502,0.0785885693686555,0.0842634370965486,0.0702822343320581,0.1068976288530067,0.0940689866789026,0.0501076548156085,0.0694822450576179,0.0905510438062977,0.075527007471958,0.0994399554581579,0.1002274911953777,0.1141029116148316,0.101098059056232,0.0986293771466722,0.1050699345863743,0.0660435883495636,0.1245972598207376,0.078972136286993
0.0960369111978352,0.0,0.0999273006472347,0.0878422406787826,0.0810504652122619,0.0967965714104911,0.0849643038358047,0.1128681973467984,0.0835280555750124,0.0742991559005884,0.103264476515146,0.0832306065279887,0.1207029648942286,0.0764067217500552,0.0953669370765828,0.0936207155327722,0.0873489304587794,0.0832149845045397,0.089480123816462,0.0812721315516858,0.0978226363165278,0.0900605830367834,0.0960828622913866,0.0913299887690499,0.0711551331780264,0.0851155842273301,0.1169462536750703,0.0847042516517838,0.0871960063070355,0.0923398357287077,0.0976972188005383,0.0781636184671953,0.094200180323645,0.115280956577217,0.1091111112931116,0.0821776271954737,0.0984588527117905,0.0962135577936348,0.0898886399146858,0.1240665862139624,0.087419372933976,0.104398682585462,0.0781286743900657,0.0904859849518106,0.1080703254547768,0.0801927182232162,0.0815670121418828,0.0742136366693538,0.0904609959015073,0.0940782861621677,0.1008558236718249,0.0919302428504557,0.0748091708061558,0.0818557489069642,0.1051646184048815,0.0945971867626402,0.0811156932927773,0.0849426198139952,0.0896829380445134,0.123382454822732,0.117346080925248,0.0914532487083643,0.1287661755859806,0.0891498405507547,0.0745535905854353,0.0967620653650135,0.0963098185294891,0.0868984867891053,0.1008910859057998,0.0848795771421173,0.1018004888829436,0.0760305046615274,0.0707020908391241,0.0969190914709309,0.0855662109305723,0.0919421256631717,0.0758095476692178,0.0678866528626796,0.0838046097793732,0.1032501051076711,0.0873589868937682,0.0938786019791179,0.0668264037348119,0.0832764590815573,0.0911230419127522,0.0869489428984043,0.0774854442781183,0.069767614438699,0.0662704745024344,0.0580877489886988,0.0824629126640036,0.107514891464248,0.0842037070413684,0.0946153253653448,0.0785129484352228,0.1022903870182531,0.0960038588282808,0.0689512733625552,0.094870142760892,0.0819907869863815
0.1546515158472239,0.0999273006472347,0.0,0.0929217514564778,0.0736780890803734,0.0590216527466063,0.1149242694029875,0.0751604052734939,0.0812574249009656,0.0929400861600396,0.0781878746589117,0.0937231774762191,0.1498170670539724,0.1130326417128915,0.1312886013673818,0.1070058091186283,0.1053705666283572,0.0874445690094727,0.0732792653946062,0.0972744929821164,0.0958655886135383,0.1390270868171791,0.1095265110482404,0.1051259640561077,0.1308655598883716,0.1336328499982572,0.1290034892584407,0.1049146997912231,0.1119826853900472,0.0891893597668512,0.1124543841580066,0.1280129347331945,0.0635887021103849,0.0966946083107206,0.1094152511924271,0.1110629945988276,0.1266750742223107,0.1009927807458402,0.0963766824925476,0.0760192419869071,0.1186928212201092,0.1103035602731693,0.1022856838698592,0.1089709539045477,0.1325442636220278,0.1038686903934264,0.1004375404616376,0.0765644421351297,0.1016274477801909,0.0969972485596073,0.1299722740084483,0.1138071102515863,0.0679634256922951,0.0622050403411141,0.0993341337491644,0.0753569116311309,0.0823569234089483,0.1058252886469792,0.0803192546319698,0.1025154128139046,0.0771595806206881,0.1231327694020787,0.1729547589959953,0.1396390679331023,0.0772070133009927,0.1434768622119106,0.1079083123383338,0.1549832612104729,0.0835611036307802,0.0837010512596363,0.0801241592268496,0.1122680603298375,0.1323908943060809,0.0850778932856444,0.0892219360774991,0.0973321955813326,0.1220269448893847,0.0978099131895172,0.0908023393220663,0.0497651336017834,0.1026355084558595,0.0906626945482922,0.1104675233192128,0.1019823650354574,0.1273822088501321,0.1444032486920802,0.1329579825354946,0.1453855744871239,0.1126810895802988,0.124276173520047,0.1350614134362232,0.1674090679557596,0.129341098724081,0.0791734764928245,0.089714457281556,0.0922469643891603,0.0768060538597867,0.1107472752231027,0.0860237920315487,0.1167152694368453
0.1152134265945184,0.0878422406787826,0.0929217514564778,0.0,0.0937352061792272,0.0864437579743204,0.0704371068080818,0.0979899964540964,0.0910228057013865,0.0766755217791567,0.0935195795336257,0.0738605956252614,0.1117307641777822,0.084085868832151,0.097692163153098,0.0802285101451412,0.0841164171742302,0.063929483354272,0.0630632962449548,0.0731045473756751,0.0873913316247895,0.0978379467460246,0.0802973122023349,0.0930928344980208,0.0961167920555416,0.0968060460243855,0.12410144686573,0.0820721539937171,0.0755919686195365,0.0791314064002259,0.1009542637573598,0.09565195289008,0.0725547944425243,0.1089113186782018,0.1070770804243434,0.091642013744587,0.0847845552726033,0.0629332419064455,0.0831077316632994,0.1000879229478269,0.1023291051111792,0.1129930864018352,0.0572021322736612,0.0740341482056651,0.1061666764257098,0.0894120159534302,0.0825742898034016,0.0721802094986764,0.0982809176740784,0.1024632723830321,0.0939041382390434,0.1091256732554931,0.0771457135340744,0.0714616630771467,0.1130638957018896,0.0678485279629965,0.0621564561836024,0.0855136555690169,0.0733654314366721,0.12175788888607,0.0893830983954392,0.0869704148915355,0.1302627931241536,0.108501127934954,0.0760183588319604,0.1116849332188141,0.0816643319561845,0.1205880424849862,0.1079208001024353,0.0779566793155231,0.0681741254775036,0.0934679200166007,0.1011985346267144,0.0857724156519352,0.0919929330324574,0.0800590960287739,0.0926613400471406,0.0728460962426501,0.0755307913666148,0.0736660422324918,0.0794619148566852,0.0838264066786688,0.0815401141814081,0.0862155783109352,0.1071772333599095,0.0947163305382619,0.0845577190453689,0.1034323514584918,0.0775197450115226,0.0777769295923623,0.1148966689067796,0.1302544821516882,0.1115396247107144,0.0677931005010423,0.0680273447357604,0.0661571780974956,0.0820597848124027,0.0817488810769328,0.0955512086582911,0.1035010376325973
0.1376206704034595,0.0810504652122619,0.0736780890803734,0.0937352061792272,0.0,0.0688873786107667,0.1244117244048974,0.0948343887876609,0.0714341316545218,0.0783791859081092,0.0836745992165778,0.0800649177225145,0.1268187231853591,0.0822558110144052,0.1141314039832574,0.1122136170300057,0.1041300279146387,0.0925288459736772,0.0811801141801889,0.0956008314393961,0.0991336786739454,0.1278485389169016,0.1075371648955563,0.0952598019072995,0.1045786316632118,0.1102804984665363,0.1127047860914247,0.0898325538341163,0.1056854251281793,0.0755788071979247,0.0890434860804606,0.0997237300612246,0.0774394261361936,0.0858056578290806,0.0933984905043403,0.0978298616685846,0.120304964498985,0.1022457696670929,0.0699033850688651,0.0834613392592409,0.0911340356684773,0.092391246867915,0.104069254230645,0.1195613483387978,0.1257592595917525,0.0893079197716038,0.078303949564757,0.0758129670222178,0.0763465322778751,0.0868912510052231,0.1130972393389691,0.0752169877795394,0.0774059187968078,0.0750832461957053,0.0751207483554582,0.0943565014595173,0.0651842524215241,0.0876355939442877,0.0851669238962103,0.110555510052095,0.0835895897173204,0.1297702860886499,0.1528286586296869,0.1241054240080669,0.0745857022892394,0.1218339123560529,0.1140678583540737,0.1131853449849551,0.0852212662582219,0.0849525996294724,0.0778831446758127,0.0976529597163457,0.101653590569453,0.071953591162225,0.066407026528216,0.084378835499752,0.1069364665719423,0.0815066340479931,0.0820127037988816,0.0723932030965864,0.0720392808811742,0.0812513331000688,0.0929265752888314,0.1029569105372636,0.1051355917047927,0.1193016515912419,0.1107586792694507,0.1214906206337505,0.090279896976907,0.1053249741349216,0.107165300809904,0.138221641230722,0.1021497419094375,0.0804555981060614,0.0774765671031683,0.0961294727367486,0.0850546542590583,0.0908576514585972,0.0661177789302684,0.090103540845639
0.144669431157155,0.0967965714104911,0.0590216527466063,0.0864437579743204,0.0688873786107667,0.0,0.1148337779140563,0.0787468090663473,0.0791348183745501,0.0870364926027087,0.0733989741519135,0.067805503263121,0.1380916411320306,0.0858404567932852,0.1155954050233281,0.1052799961021609,0.0999445686590775,0.0813258952452195,0.0631986249465401,0.0840077029813718,0.0903671742036537,0.1265527929172386,0.0970404970697935,0.0958902375465557,0.1158712544037157,0.1232087865219583,0.1182790269012871,0.0956267370264439,0.0970205913405183,0.0870980958061115,0.1113977190940609,0.1083037444746068,0.0466290235446761,0.1007768891932339,0.0983336894054336,0.1008489859105202,0.1176568592783287,0.0813173803827815,0.0788042820485824,0.0734418365174712,0.1002921589995445,0.1073855503275768,0.1021069402890135,0.1059463324252187,0.1242400748441589,0.0910452629490239,0.0899314963169016,0.0647114660756055,0.0923090810773476,0.0972258101691947,0.1118515623625655,0.0877628630227151,0.0645044790986981,0.073048982017681,0.0649948817030377,0.0671975394758901,0.074875404635758,0.0870165686837751,0.0679237770130374,0.0994765158840894,0.0593648867304857,0.1083815554814382,0.15024137886207,0.1246472576236455,0.0613606910386369,0.1213697209913167,0.1022063393711186,0.1367093102190141,0.0761199781466085,0.0814962127959167,0.0570911315004335,0.0782880317085992,0.1080779010430452,0.063239862060627,0.0660226789016099,0.0881785685349757,0.1060443632827054,0.0798471639361418,0.0756165557782395,0.0465591648020326,0.0793788333234328,0.0796473280552624,0.0928567057610634,0.088316973372337,0.1103270203481207,0.1225749816725538,0.1213466468497754,0.1384129133971428,0.0922074074559783,0.1111092881914662,0.1143462697257368,0.1475320026573649,0.1068247743066082,0.0796981120323965,0.0711254503528875,0.0926611192968017,0.0661872076524858,0.0992132526098664,0.0683462197764425,0.0997490278792736
0.0643058470572582,0.0849643038358047,0.1149242694029875,0.0704371068080818,0.1244117244048974,0.1148337779140563,0.0,0.0830684335453741,0.1054610245673716,0.0700698187768615,0.0874348726288714,0.0893911674779157,0.1114032271783685,0.0985957337201075,0.0721878115860548,0.0535028987464139,0.0599346381595692,0.0526120282899465,0.0766854978597277,0.0678312786875972,0.0585576282351543,0.0715208311814548,0.073020575683329,0.0812130524774484,0.0644223101668289,0.0745059024475238,0.0967882306994884,0.0627361529636532,0.0824816752387537,0.0747727179536058,0.0868795332857008,0.0774391166638305,0.1025377479092253,0.0904676463721656,0.0863247902409929,0.0712290746072939,0.0633481168940504,0.0740947574225472,0.1131706690167455,0.1321027343057995,0.0891084446602767,0.1018696850670378,0.0881296112075106,0.0410688984974211,0.0682665307384296,0.0764010091126374,0.07262772516588,0.0828872469892393,0.0899628011887302,0.0831635996595124,0.0692268477902865,0.1240673037707979,0.0863244612450521,0.0812523180089746,0.1444731524005805,0.0717183181530312,0.0869227502887687,0.0850564716833826,0.0790141516391638,0.1080378455556863,0.1160473167217559,0.0771544772041302,0.1435665854260124,0.0867432982781656,0.0818118396323615,0.0868605747236632,0.0547888393847111,0.1004446097153504,0.1050188479808581,0.0702364608594989,0.0939917032870434,0.0964847581495525,0.0876986523487072,0.1088686260518494,0.0966613952550006,0.0801603009432112,0.0865564577020657,0.079456104721179,0.0947834741473014,0.1036985648853839,0.1068111084304847,0.0833414493255652,0.0726217438424372,0.0747796516509292,0.0775341508933329,0.1034556300746238,0.0891895462360184,0.0760442418512053,0.0682823666071696,0.0751558919201383,0.0893310822645184,0.1074243478727885,0.1024975467725453,0.0844814666506442,0.0863809362889383,0.0691385743967096,0.0878986294772271,0.0701815355429036,0.1146229158267627,0.0809653262702611
0.1119789221892308,0.1128681973467984,0.0751604052734939,0.0979899964540964,0.0948343887876609,0.0787468090663473,0.0830684335453741,0.0,0.0850396312613895,0.0790735543528562,0.0568575766037652,0.0980160368241167,0.1258798382916159,0.105855752522179,0.0960994884215476,0.073520830950547,0.081297389380033,0.0664764144277435,0.0691719027939775,0.0867742948515144,0.053657932856304,0.111164185365628,0.080998233702064,0.0741469100108423,0.0965546457411706,0.1028243812964897,0.0877884042183099,0.0734144859285219,0.0926292695770113,0.0641505747999127,0.0831886854618755,0.0880217849077839,0.0828451296264066,0.0732618388170649,0.0623593160091333,0.0784341036880455,0.0988003813407674,0.088163084339044,0.0806571938289225,0.0900653939691375,0.0878835379942014,0.0806194495480001,0.1192690080124505,0.0847689608036542,0.0902831934117342,0.0844743929587063,0.0683325048512029,0.0731312212347942,0.0665012847882628,0.0824548813678489,0.10274417449692,0.1071027618722309,0.0849209033672644,0.0732746048522254,0.1195615646279342,0.0699343825763904,0.0746209540797369,0.0731337953531839,0.0723646456340737,0.068045005398307,0.0836274034981963,0.1104830022228019,0.1627840317866501,0.1143638636527091,0.0748229010272687,0.1159011856510198,0.0784213090708855,0.1263768772886508,0.0641399858483905,0.0603129141042563,0.0674681938326039,0.1204354130113492,0.094289803476787,0.1046734332309034,0.0720129962348069,0.0756088757874764,0.0986583648943452,0.089626966693399,0.0917392423378976,0.0794996006659641,0.0889673877219394,0.0644620572386329,0.0904504073912201,0.067162984813776,0.0839188544734676,0.1299133189150998,0.1210198853659725,0.1219946902737647,0.0866030777041332,0.1182567780897987,0.095338702421367,0.1296101926894382,0.0999046484589546,0.0788184139949818,0.0849949420434598,0.067889280810655,0.0722872639430123,0.0828498262086971,0.0838330974238267,0.08638755985766
0.1208008584042547,0.0835280555750124,0.0812574249009656,0.0910228057013865,0.0714341316545218,0.0791348183745501,0.1054610245673716,0.0850396312613895,0.0,0.0683645016473744,0.0771861489551828,0.077786147918012,0.1305346937694858,0.1022465247002127,0.1197996562663643,0.1001069403557343,0.0893605831377999,0.0896366719896269,0.0926985072603238,0.1009473072415819,0.0921201545408162,0.1211630050861801,0.097641972295258,0.0853346032985624,0.105607702472797,0.0955680276376313,0.1151971605968937,0.0942389112956473,0.0945156065914097,0.0706542745756205,0.0922373921793704,0.0968675361112661,0.0887799342417144,0.0860632402743555,0.0852250976185018,0.0961400704895168,0.1171590089221766,0.1139627666831311,0.0829901686516302,0.0787977318421566,0.0967443773858789,0.0884428647372342,0.1164002471839128,0.1047940915987633,0.1149573995124403,0.0820683691926657,0.0763143670441644,0.0820990319729162,0.0728451992065991,0.0854538408103098,0.1166829796330243,0.0972317946791942,0.0734861928830177,0.0822451361414094,0.0855934006850107,0.0919733092820902,0.0876714759669827,0.0751581173118159,0.079300006393373,0.0805806019234742,0.0878271036060478,0.1114392583073778,0.1492181059193376,0.1212369554977397,0.0685118068522668,0.1159837995907451,0.0983413649769862,0.1288042084466522,0.0762323495241627,0.0735430545926938,0.0833090105782239,0.1090365648426129,0.095532969674577,0.0824328630306136,0.0690693025555835,0.0863807009560535,0.1037995326679664,0.0746987535965094,0.0934616513694931,0.0854991455038487,0.0836051399535598,0.0723873390437541,0.0883334151897354,0.0923983791046726,0.1028790911052973,0.1240419970619677,0.1161775625010119,0.1144389690210795,0.0867630993720157,0.1104910947908436,0.1047169596499904,0.1406000294735067,0.1006544780968201,0.0708849706435506,0.0871990452033595,0.0810584273036096,0.0770891741774726,0.0841796596768133,0.0696524507765984,0.1054557644389984
0.0814961935015768,0.0742991559005884,0.0929400861600396,0.0766755217791567,0.0783791859081092,0.0870364926027087,0.0700698187768615,0.0790735543528562,0.0683645016473744,0.0,0.0599318495046857,0.0602669821587237,0.1008141924178347,0.0695892356842168,0.0816477069720668,0.06293222001217,0.052977771632028,0.0582664088783299,0.0610309549629327,0.0608402081310615,0.0676308980541471,0.0809454432660314,0.0646916840723071,0.0648963334221756,0.0598221999821627,0.0601952116706401,0.0896880950403648,0.0578366209376655,0.0771624569054333,0.045286286306619,0.0652023257068858,0.0597278417152856,0.0890887316079526,0.0635846205976671,0.0693500161668425,0.0555345407857201,0.0691535084853995,0.0827818452764867,0.0717860553865524,0.0884240409506874,0.0695394977701189,0.0721843657311287,0.0976900059300371,0.0620244189603504,0.0790104795861026,0.0506520968656154,0.0498724807520716,0.0542109849472422,0.0482624854865219,0.0524951040592524,0.0753057515734804,0.0731791903233246,0.0776056587355907,0.0732555613065333,0.1005696381933078,0.0722211868286324,0.0605408750839775,0.0516079206151537,0.0627084091186261,0.0805356484913041,0.0945471223194182,0.0853359236942887,0.1295865474952311,0.0903668834300147,0.0490229615544197,0.0913773987132074,0.0625313132707636,0.0847264976601637,0.0704115534859765,0.0659661086910612,0.0630803531919217,0.0813948740739737,0.0672581983078082,0.0766493366303516,0.056751279766089,0.0601287719740724,0.0775747621557402,0.0510957661152291,0.0640276741699987,0.0878521085182193,0.0577204984559746,0.0522301001469879,0.0532215491464336,0.0603950671555141,0.0757782920253159,0.086872700146439,0.085446542526131,0.0898471095985962,0.0479837975406631,0.0741305445375632,0.0696915899256282,0.1109622388974428,0.0772288475632607,0.0599251139812922,0.0610429074395469,0.0603318681435426,0.0610365586763338,0.0441585768311118,0.0657651423527427,0.0677777044386167
0.1028758781491102,0.103264476515146,0.0781878746589117,0.0935195795336257,0.0836745992165778,0.0733989741519135,0.0874348726288714,0.0568575766037652,0.0771861489551828,0.0599318495046857,0.0,0.072958469069205,0.1292034826661986,0.0982821090641711,0.0979933566054554,0.0772056958627542,0.062291939611271,0.0645967199846956,0.0607610606393405,0.0769333591908913,0.0680408494524705,0.1084498296657246,0.0636250206271839,0.0629851118741857,0.0817141867698789,0.0861009357720721,0.079518476531994,0.0667711784255293,0.0955321419331321,0.0448243401220915,0.0709367480298783,0.0826878834368492,0.080049845279178,0.0527696226346545,0.0503093672211716,0.0732181793931803,0.0964075672792583,0.0899170591504336,0.0792705709035118,0.072251032810116,0.0949979300574749,0.0679965128747897,0.1141052503497679,0.0789135373561392,0.0893193033679514,0.0709600678344873,0.0619493216403982,0.0658329273539063,0.0639623335783311,0.0656016941699933,0.1049072786316226,0.096212236904277,0.0677783718727594,0.0691936978184198,0.1084189396594297,0.0584716561357631,0.0711927272685468,0.076928071894035,0.0568387950477822,0.065662838118823,0.0829435561401913,0.1079754735862132,0.161087901327639,0.1170232388777219,0.0489093121172785,0.1137046302571619,0.0695408205927925,0.1193159570898777,0.051543752293371,0.0573275703822227,0.060315155462572,0.1065045517256391,0.0918697149899411,0.0740720478372519,0.0640698045884987,0.073426746598549,0.0966366614758722,0.0779414058940303,0.0710051142916206,0.0705797584132378,0.0789447464821763,0.0459887460618923,0.0802271552508123,0.0691653380855946,0.083801755875872,0.125052265892693,0.1267250941560022,0.1159000642741007,0.084212274159074,0.1095992249677252,0.0878138465080516,0.1375348776381133,0.0980958300394573,0.0635574303880839,0.0661808294475924,0.0600408795418985,0.0476840738552482,0.0712077298204577,0.0725500976202847,0.084105773306162
0.1084880922418943,0.0832306065279887,0.0937231774762191,0.0738605956252614,0.0800649177225145,0.067805503263121,0.0893911674779157,0.0980160368241167,0.077786147918012,0.0602669821587237,0.072958469069205,0.0,0.1182146830526482,0.0821945548570304,0.0922645808048996,0.0803693504199644,0.0648554591773206,0.0727130996359354,0.0669823856571134,0.0686236472965942,0.0931591629700036,0.094547921939504,0.0835439835063684,0.0698223632995457,0.0784015325587801,0.0834027439223207,0.0991771543532262,0.078490719839904,0.0832781986504098,0.0633644230574236,0.0904588299063778,0.0847165770798915,0.0827968460248291,0.0832038654479966,0.0890856596861572,0.0767860962149097,0.0922451091634118,0.0819477409930614,0.0777318021039297,0.0788246298360259,0.0926551075492678,0.0840862393070676,0.1008402177289722,0.0763130095736808,0.0992005314096528,0.0657764413004438,0.0672641185024701,0.0631646541348148,0.0792036782035348,0.0762790864642691,0.0861370397666236,0.089016124892942,0.075949876847189,0.0785629852480312,0.0884832604008546,0.0652457771164483,0.0753827203017914,0.0720669867799698,0.0493262669334298,0.0954095580680185,0.0758204208192086,0.0936646973949309,0.1318506306154229,0.1038750253645441,0.0609934751833621,0.0987104934335533,0.0788414066558411,0.1064925990564804,0.0789327549732731,0.0790491528208687,0.06862003643296,0.0766914194270432,0.0859931041047302,0.051512338491585,0.0604302880754469,0.0632769335731825,0.0910171980022847,0.0542757135512109,0.0622121875235522,0.0746856413692548,0.0658065399422145,0.0726659651225771,0.0661031505444642,0.0817436394976925,0.0949787390099409,0.098881255428556,0.1014670475655344,0.1080970380614278,0.0643607868736284,0.0842491539458103,0.0962620205100621,0.1296981042469482,0.0951326738331661,0.0608959100477609,0.0561616879606686,0.0760551492731163,0.0459917002395195,0.06731959619136,0.0711579680173976,0.0855443880949922
0.1052439131310284,0.1207029648942286,0.1498170670539724,0.1117307641777822,0.1268187231853591,0.1380916411320306,0.1114032271783685,0.1258798382916159,0.1305346937694858,0.1008141924178347,0.1292034826661986,0.1182146830526482,0.0,0.0940574021517328,0.0862317764066926,0.1009092253981114,0.111091904329956,0.1156788276646403,0.1258336076221471,0.1001542009813625,0.1080801051875423,0.0649219152405756,0.1063697172415631,0.1153360694873341,0.1030226032210651,0.1051624664765066,0.1265924373420542,0.1240505146828903,0.075800153336527,0.1088678560300485,0.1278747938341748,0.0802852967920127,0.1421069319097187,0.1331573333980121,0.1330004516534016,0.085281382577173,0.0759483249053329,0.1014076630348871,0.0942148242005102,0.1573628187841874,0.0689366720512926,0.1462561101057455,0.1268718296152781,0.0888981346886693,0.096501919223815,0.1072669167235614,0.1107018084089382,0.0958748891307017,0.1078096355142025,0.1317735807128218,0.0718813262539389,0.0912872731004939,0.1511809999374569,0.145876749678062,0.1366984353530128,0.1198974526111625,0.1090188695169758,0.0786093132260026,0.116476617316575,0.1376552739499716,0.12200416401511,0.0768535560066882,0.0784042682388569,0.0757359506153565,0.1127880028684412,0.092801080294579,0.0913082892922978,0.0793366008434924,0.1381558098270347,0.1444082175524783,0.1180731409384989,0.1070713377481575,0.0778659051083628,0.1482065321258887,0.1140185794713089,0.0725874458553165,0.0908873272006243,0.091623876521265,0.1241523596214356,0.14008023833635,0.0918802706049043,0.1139696893575683,0.0868477365671642,0.0900950740414682,0.1041899138680397,0.0721697739695467,0.0705250113519876,0.1104550308840918,0.0957921587766347,0.1190574549336655,0.0952192525249602,0.0662624744415998,0.0760081571015878,0.1153444119778172,0.1219978713468566,0.0983451683353778,0.1266932608036374,0.1073567033503606,0.1023366576001897,0.1186604167739661
0.1113847151285954,0.0764067217500552,0.1130326417128915,0.084085868832151,0.0822558110144052,0.0858404567932852,0.0985957337201075,0.105855752522179,0.1022465247002127,0.0695892356842168,0.0982821090641711,0.0821945548570304,0.0940574021517328,0.0,0.0837273475891545,0.0910084439573824,0.0917445508493676,0.084453859773824,0.0803003320497304,0.0645532941668344,0.0924113207971962,0.0854987847826962,0.0891911111069495,0.0854785726179509,0.0821607550702631,0.0991254591563978,0.1155796692349133,0.0845065089509595,0.0793789835442252,0.0855503442661422,0.1047122092863726,0.0674630697837931,0.0905826134916661,0.112604795067599,0.1036176840145426,0.0756155539236789,0.0951496485005362,0.0762053413845107,0.0709511140848519,0.1130576058544169,0.0672186208082252,0.110117996282499,0.0857815849162527,0.0933950134551115,0.1039613721637979,0.0723579470042602,0.0879982437645125,0.0612729377643391,0.0834103889084636,0.0958531985536456,0.0758059054432158,0.056645784258876,0.0902875969878945,0.0951867312251348,0.0866575020881854,0.0909249124097247,0.070524872137118,0.0696243314263264,0.0712640251794605,0.1143332349476652,0.0874950638116333,0.0800650424469745,0.1041237886977418,0.0757868123439261,0.0682950029967929,0.0822844215173809,0.0901063793131213,0.0743057342857687,0.0910477071556866,0.1024817897920055,0.0689901378521885,0.0613305081413574,0.0816626843662005,0.0878079635751446,0.076101862622949,0.0750350975102366,0.0665988590176519,0.0682154329546211,0.0798429096478521,0.0878935780058027,0.0639621475731787,0.0813308914389171,0.0608689389160382,0.0696962322433307,0.0873145025658718,0.0702016159790329,0.0786310650505975,0.1062408684025955,0.0632130899967108,0.0703999518610194,0.0773073347421666,0.0987224121003716,0.067025394598152,0.0945338910940476,0.0758419558509874,0.0912123894849817,0.0866386803421314,0.0707425345094746,0.0731652301666805,0.0752711502077773
0.080533909443848,0.0953669370765828,0.1312886013673818,0.097692163153098,0.1141314039832574,0.1155954050233281,0.0721878115860548,0.0960994884215476,0.1197996562663643,0.0816477069720668,0.0979933566054554,0.0922645808048996,0.0862317764066926,0.0837273475891545,0.0,0.0541195912320234,0.0720729512988431,0.0754341146430752,0.0941830073330648,0.0676115633696736,0.074088342680467,0.05566581883295,0.0869699308520238,0.0625369399020053,0.0556372283523996,0.073746088073712,0.0740512880985997,0.0776916515601434,0.0788221856816332,0.0895959680578833,0.0917265427738893,0.0503111956051912,0.1156350088853357,0.0973666107930432,0.0863567025483211,0.0660297650841071,0.0800766780677916,0.079912101699701,0.0980758244245789,0.1467101046536182,0.0639511047173163,0.1032972355442306,0.11181248767164,0.0661705909167267,0.0615037248913298,0.0732741195268128,0.0759418720534744,0.0816507957428962,0.086357566359484,0.0860547253287709,0.0566440017181349,0.0977357143776533,0.0980536252595195,0.0895676276303359,0.1206641433922074,0.0896008760332363,0.0943688797975836,0.0681034321752532,0.0765009838456234,0.0911367614218159,0.1113345823563364,0.0737396053535848,0.1147429338218777,0.0484558132559109,0.0825923791414464,0.0523845976808534,0.0668716030245969,0.065519264989103,0.0930669469567936,0.0903317206144421,0.097492648407301,0.0952453387762862,0.0675333591110599,0.113168409814723,0.0840021145947361,0.0648093553194208,0.0526888464861423,0.0893713354398102,0.1085269657791402,0.1195663851592041,0.097479212720838,0.0875077139235309,0.0598690986762445,0.0661290321716307,0.0575992478022793,0.090643644977458,0.0901128925959889,0.0832454125486639,0.07291228855858,0.0878151534676904,0.0621891985026259,0.0669045675403161,0.0597771298036833,0.1024917177205786,0.0857840780318317,0.093106441123711,0.0884932165000963,0.0701055094589762,0.1027124516582199,0.0648281936025964
0.0672117550291944,0.0936207155327722,0.1070058091186283,0.0802285101451412,0.1122136170300057,0.1052799961021609,0.0535028987464139,0.073520830950547,0.1001069403557343,0.06293222001217,0.0772056958627542,0.0803693504199644,0.1009092253981114,0.0910084439573824,0.0541195912320234,0.0,0.0556580550262746,0.0502679849931237,0.0757053110109186,0.0559230839084659,0.0546208417005413,0.0650940092603684,0.0743745277924773,0.05035006072828,0.0613379986460897,0.0661611403879486,0.076033674582987,0.0618831637633734,0.0880713290940085,0.0668559922056664,0.0759385469160303,0.0611804631042851,0.1008334368435226,0.0740337403944999,0.0732997813417727,0.0599709873655518,0.0683043526811303,0.0817002275628905,0.100426984394479,0.1236651219782828,0.0731852741752525,0.0796550944404343,0.1091590222567554,0.0443084578279443,0.0577319851516948,0.0577292810590558,0.0598727190238601,0.0698895851131142,0.0717014703687231,0.0594914259867852,0.060634852644985,0.1069585458139036,0.0824800182015971,0.0709785808985193,0.1286474604555407,0.0740609920690281,0.0815917456446847,0.0724709678760265,0.0604923082656029,0.0843077823052757,0.103999791024784,0.0895859762581529,0.1401395026571519,0.0784850864524322,0.077998191301368,0.078168650932803,0.0475887003308975,0.0880082360784739,0.0803513387490547,0.0661868172011153,0.0824900348043953,0.1004241618847226,0.0698321421140878,0.0957929549892301,0.0737639298871081,0.065561878409859,0.0777277243194326,0.080501575621964,0.0934101368673926,0.0979564240238917,0.0955718485705934,0.0723903170761423,0.065088262729929,0.0675640707069794,0.0557951558704833,0.1017710600588076,0.0893606556531574,0.078948220536808,0.0666063895277641,0.0841562227214929,0.0682436086309117,0.0966927212676521,0.0860058172331927,0.0809752047025569,0.072039143480893,0.0727013238741425,0.0715425911083316,0.0581951824068031,0.0925050611388114,0.062640863215391
0.0637251113293714,0.0873489304587794,0.1053705666283572,0.0841164171742302,0.1041300279146387,0.0999445686590775,0.0599346381595692,0.081297389380033,0.0893605831377999,0.052977771632028,0.062291939611271,0.0648554591773206,0.111091904329956,0.0917445508493676,0.0720729512988431,0.0556580550262746,0.0,0.0616005841805882,0.0645709919851385,0.0622116368586348,0.0676812636858836,0.0757122481499721,0.0584242175599071,0.0515530483341617,0.0545231201420228,0.0505114299866028,0.0865744084423741,0.0570238915187854,0.0814037928913789,0.053849442144255,0.0699653503238995,0.0682171058535759,0.0961448998143463,0.058139877916139,0.0647571186539523,0.0556302877387379,0.0738460454136889,0.0900763505253055,0.0908155141657396,0.1049804233904445,0.0826356854248424,0.0694800720515121,0.1096213001863621,0.0539824665116519,0.0658493302377514,0.0566009422611284,0.0490201706183864,0.0668749369010138,0.0698445834136307,0.0597558322746087,0.0754999219250189,0.0964990496910957,0.0701916635216886,0.0715315872350941,0.1230745609044011,0.0639564832670324,0.0764613281778468,0.0689777010522472,0.0563914725150637,0.0769080579548828,0.1048169703474416,0.0864304630108638,0.1344262638189827,0.0918398469395498,0.0591804159240917,0.0892292670274667,0.0482626784999948,0.0912456624680183,0.0764136208456386,0.0597526054206188,0.082077819074792,0.0942772497268461,0.0714751821030249,0.0855124088900375,0.0684254069180681,0.0631927594371958,0.0858079605817864,0.068197661314365,0.0753263133447286,0.0969074993349509,0.0829844796601612,0.0652646267379445,0.0622220611636651,0.0565643539762494,0.0718905466243252,0.0995315280033521,0.0971912737617368,0.0763314800235956,0.0651627186717193,0.0841493459968439,0.0677307182887378,0.1119757186478863,0.0811521702421568,0.0668946134239916,0.0646227939956051,0.0613220059070228,0.0549752847501811,0.0533235965981841,0.083257077308545,0.077736889643045
0.0829507142745294,0.0832149845045397,0.0874445690094727,0.063929483354272,0.0925288459736772,0.0813258952452195,0.0526120282899465,0.0664764144277435,0.0896366719896269,0.0582664088783299,0.0645967199846956,0.0727130996359354,0.1156788276646403,0.084453859773824,0.0754341146430752,0.0502679849931237,0.0616005841805882,0.0,0.0545401723554061,0.054360848896052,0.0498788331159724,0.0779755094836405,0.0603460190639347,0.0658923853281272,0.0671393773728843,0.0763919624828319,0.0786406295792456,0.0556904610978188,0.0849975114783241,0.0594514766144935,0.074709475186982,0.0694218365293392,0.0756586328846494,0.0718174991892024,0.0709031470216802,0.069295719289924,0.0776724828989819,0.0615522748380201,0.0853275164396832,0.0989656335258138,0.0813596053089585,0.0845956608999381,0.0895599329713565,0.0553457308731373,0.0768637842009485,0.0633404294654835,0.0554983843857134,0.0629453376986734,0.065604737144726,0.0655385898826134,0.0770322680771322,0.101795019485914,0.063741369629689,0.0549742924399568,0.1165552387358871,0.0615318461931181,0.0599522146179526,0.07313420568105,0.0554065166517438,0.0878132982998613,0.089000817575213,0.0863833118245324,0.1388148023543445,0.0909775054369166,0.059890197077842,0.090223496388348,0.0603980937482931,0.1021331235548106,0.0790399369587005,0.053198873856688,0.0604555566310359,0.0923937992009398,0.0855469319782056,0.077351516948572,0.0692909199810936,0.0647061736773294,0.076590510156906,0.0742301402519743,0.0736554676062678,0.0759688190022022,0.0812260383523201,0.0626434273323065,0.0692934898731834,0.0676367191215272,0.0668961551628178,0.102584438736294,0.098505645258172,0.0860588396258081,0.0647216990363821,0.0766499046165038,0.0862832254506511,0.113236963152537,0.092430864941628,0.0640684322720159,0.0599001243902254,0.0598830953200169,0.0663884184209343,0.0604058587659635,0.0814122555146797,0.0681677053285416
0.1057216063194601,0.089480123816462,0.0732792653946062,0.0630632962449548,0.0811801141801889,0.0631986249465401,0.0766854978597277,0.0691719027939775,0.0926985072603238,0.0610309549629327,0.0607610606393405,0.0669823856571134,0.1258336076221471,0.0803003320497304,0.0941830073330648,0.0757053110109186,0.0645709919851385,0.0545401723554061,0.0,0.0644198537728681,0.0685592478921175,0.1021424895122395,0.0683322538158393,0.0788291294289155,0.0863286344426268,0.091730743392129,0.1047327966075326,0.0625774056277733,0.0825015680048003,0.0632082565822082,0.0750080773548907,0.0901643219595332,0.0590941037964399,0.0715172837561669,0.0767664912995018,0.0753480366035878,0.0892634059009871,0.0672956060919047,0.0728385177296267,0.077047289588734,0.0913928202302238,0.0919253332870978,0.0847957209994058,0.0742618088616121,0.0954568277915569,0.082261492767701,0.0678934730421197,0.0475941270669246,0.0719843705990553,0.0747750594573974,0.0955277123739314,0.0935537761395116,0.0624833713128572,0.0619858651840926,0.1052786941657667,0.0488194659024897,0.0567169463244772,0.076648757069336,0.0631192400525708,0.0973372418111041,0.0750183159158771,0.0910063609789866,0.1478304788889058,0.110131040242591,0.0525031098071066,0.1123268523150416,0.0739377163130472,0.1174720756101559,0.0779514466738503,0.0654496908646003,0.0504458680309093,0.0860353969152838,0.0964179491248873,0.0705740651484541,0.0654153518913092,0.0739465407348295,0.0969364994090977,0.0712388109571241,0.0454479975249358,0.0604061880658714,0.0736108022667694,0.0630599802755721,0.0781894681182911,0.0678738466013366,0.0958799937332304,0.1102988303746195,0.1088096292379642,0.1120748094826019,0.0736221559688391,0.085799335135383,0.0945131704586899,0.132821952255279,0.1017749697130978,0.0537483929648328,0.0508961755217198,0.0627506762722165,0.0628672485078585,0.0708238261704136,0.0782592071286999,0.0820122863549363
0.0914711357534335,0.0812721315516858,0.0972744929821164,0.0731045473756751,0.0956008314393961,0.0840077029813718,0.0678312786875972,0.0867742948515144,0.1009473072415819,0.0608402081310615,0.0769333591908913,0.0686236472965942,0.1001542009813625,0.0645532941668344,0.0676115633696736,0.0559230839084659,0.0622116368586348,0.054360848896052,0.0644198537728681,0.0,0.0739750245464242,0.0686490027080812,0.073569731361102,0.06607979856772,0.0688475064281513,0.081994734124628,0.0997683832923371,0.070591410247805,0.0703056910595078,0.0757245632695083,0.0861471599661421,0.0694974565954513,0.0824072226461444,0.0850825086990491,0.0885793049271488,0.0601488509672646,0.0727233272984677,0.0575118605173799,0.0764880437482003,0.1085402095329584,0.061771758346704,0.0916710730379682,0.0846779524409034,0.0598909323880971,0.0854317987051092,0.0541994488702961,0.0652133596146852,0.0429364383918183,0.0689748952011978,0.072217402876783,0.0698332883357981,0.0844840824500641,0.0730778460629258,0.066879479154847,0.1054457316973576,0.0577421443385496,0.0616494188102773,0.0705021377405859,0.0526535137963359,0.0952491479726033,0.082339415151965,0.0674900687976775,0.1229124761460577,0.07523802188548,0.0655054821393026,0.080348544010496,0.0615308527288999,0.084924204180663,0.0850938371044122,0.078787651458172,0.0679757859289307,0.0625824849734871,0.0769376313963303,0.0788950145252997,0.0661185330573881,0.064053162357292,0.0718946369179492,0.0709443472256187,0.0694425467829476,0.0774873447498088,0.0693373124518727,0.0741780723311596,0.0534768570078197,0.0632022355200347,0.0717769998061491,0.0828045170340353,0.0790741510833097,0.085744495956519,0.0594298012769468,0.0662942647423733,0.079340157161488,0.1076270006976001,0.0784285514551735,0.0674648926525218,0.0550660748106423,0.0769623633453331,0.0673189083837627,0.0595059912925953,0.0746380085029692,0.0637127430270748
0.0873127294941961,0.0978226363165278,0.0958655886135383,0.0873913316247895,0.0991336786739454,0.0903671742036537,0.0585576282351543,0.053657932856304,0.0921201545408162,0.0676308980541471,0.0680408494524705,0.0931591629700036,0.1080801051875423,0.0924113207971962,0.074088342680467,0.0546208417005413,0.0676812636858836,0.0498788331159724,0.0685592478921175,0.0739750245464242,0.0,0.0886879245619493,0.071616251309606,0.0717551302036184,0.0748865456305748,0.088128122326418,0.0696653408374504,0.055779188225774,0.084078687414189,0.0655741710410662,0.0718138571399078,0.0649718738280573,0.0887131657450277,0.0676828316145415,0.0642789438614715,0.0604662776837583,0.0766437356174526,0.0725481872430153,0.0867509171213701,0.1115606986629074,0.0735307046648002,0.081491478780244,0.1088390386365246,0.0582489543536905,0.0521670711093706,0.0693113889623045,0.0628577227601098,0.0696436544973267,0.0660162789922885,0.0685622992277212,0.0827933124708531,0.1064559165874309,0.0804981407889026,0.0736591736335725,0.1222476087957038,0.0690084784114848,0.0746683516267391,0.0758296945902234,0.0726124566802821,0.0874184679413824,0.0998287674691882,0.0960908668586178,0.1502314435302255,0.0933537121284677,0.0692822903065157,0.0967474778130249,0.0554513645255719,0.1037563997660308,0.0742920325466459,0.0603727895930623,0.0774224030342803,0.1098730150897779,0.0810819043186285,0.1030560862809115,0.0720342732835729,0.0714385005748973,0.0863642727379011,0.0813894024173724,0.0864726332713101,0.0908150923090558,0.0925073765729343,0.0619629532772652,0.0757851841380176,0.0602126304490091,0.0618546733988165,0.1198439439080659,0.1064159724485165,0.1003021349858435,0.0806078667859566,0.1045209912929573,0.0742670510975538,0.1044286514546963,0.0885967239622649,0.0765224112701639,0.0823658312384664,0.061406970025704,0.0775359985761312,0.0734108825234138,0.0954023663403684,0.0663793863764347
