0,1,2,3,4,5,6,7,8,9,10,11,12,13,14,15,16,17,18,19,20,21,22,23,24,25,26,27,28,29,30,31,32,33,34,35,36,37,38,39,40,41,42,43,44,45,46,47,48,49,50,51,52,53,54,55,56,57,58,59,60,61,62,63,64,65,66,67,68,69,70,71,72,73,74,75,76,77,78,79,80,81,82,83,84,85,86,87,88,89,90,91,92,93,94,95,96,97,98,99
0.0,0.10931948155428,0.0685695457635677,0.0574471753919495,0.1233287525537062,0.1231072457248787,0.1378332214084687,0.116816396976363,0.1805814527702921,0.0706809153655782,0.0979159456993838,0.1364579405082394,0.1073782702333014,0.1118737752628999,0.1299037858359364,0.115303088928872,0.1300216493691729,0.0969566637592328,0.0940056499337727,0.0797321072067352,0.1006048914905964,0.1343011570778546,0.0968075642444726,0.0876674025979229,0.0957427758772634,0.1762660741922196,0.0853995782238799,0.1402597463658165,0.1131778876895574,0.0576062180813564,0.0816629956998099,0.1146585642131784,0.1161295966022789,0.1059204746559889,0.0561475130992492,0.1564305178042069,0.0979154545356683,0.0906426795727157,0.1689682834979458,0.1110885971837708,0.088300202769718,0.1303129672974047,0.0933333535942994,0.1166552694456671,0.1002845118938172,0.0918517150677941,0.0852858325737696,0.1195429004008436,0.1035955593270666,0.120595071936612,0.0616063979634124,0.0963693397925671,0.1210017109203666,0.0888297515169109,0.1150779958605567,0.0999499897742153,0.1000007191918476,0.1115393694947005,0.1170987772191962,0.1020803965975984,0.1108841034884188,0.1296877794444546,0.1602613200667739,0.1498013167404636,0.1079889718955481,0.1076082399149172,0.1005616693136472,0.0771036501936873,0.0940093150312563,0.0801526580049004,0.1084439715435934,0.1722898079215455,0.1734988787246175,0.1328525927754033,0.2113227270787536,0.1430018808048692,0.110948835757219,0.1184427533535622,0.0756254847452263,0.113964389454775,0.1331248947377354,0.0972497514466156,0.0859384765828111,0.1262727566101292,0.1220689047146306,0.0939097950729942,0.1193133946462187,0.1593322409483396,0.1141561924642513,0.0987140446904523,0.0948621739993688,0.1587643914092395,0.0747112180513631,0.1045997891820576,0.0948392070869212,0.0750968035876562,0.1392132786869072,0.1094372929975781,0.1152704550291256,0.1126282638973544
0.10931948155428,0.0,0.0816378084160753,0.1059453281536065,0.0785854852140139,0.0786453677350219,0.0942458660135953,0.0951204852579479,0.1169927810326246,0.0754608754477956,0.0776649204140248,0.1365320492981521,0.0790399729476905,0.0785540846872961,0.1033832296093495,0.0989048763973107,0.0848015405928642,0.0579664816315335,0.1037641144894159,0.0742157929537294,0.0997348439848227,0.067017909359411,0.0652062481080152,0.0795982487151961,0.1112857500536691,0.0963006344902879,0.0963678056312627,0.0903249429986294,0.0970885212689306,0.1158257685415187,0.1232883298514982,0.0895542098952248,0.09810883990631,0.0983106830997924,0.1256012591056026,0.1683461884234904,0.1143123158602516,0.1426050185882515,0.1807334951015906,0.1711383037217452,0.1311916801549072,0.0972476052360892,0.0560683327241966,0.0840702390316907,0.1088481820739359,0.0935944001635076,0.0845406007016248,0.075715595116375,0.0999467247561846,0.1152806115396356,0.1110892498062563,0.0698237444553392,0.0658615622962606,0.1039515264083322,0.1070496347401556,0.0775367767332992,0.0875155481993385,0.0554748873291795,0.0696735700746975,0.1267050905211957,0.1305983418322021,0.08122693695594,0.1324148906369793,0.0855665044353835,0.1254811132764498,0.0564364118357799,0.0887193687462146,0.0864573302813252,0.1056434750590915,0.1039704451420645,0.1268349983923371,0.1058242516752965,0.1101922863281483,0.123336409815289,0.1167086979824027,0.067217245251792,0.104595314541114,0.0898773586884891,0.1331405667244123,0.0941743157725212,0.0675093052149287,0.1551493446682046,0.1274588044507573,0.0895510819987124,0.0921086516728155,0.084796502084543,0.1270697140211545,0.0941908372832397,0.1019150337934492,0.1108607308872574,0.0754503677551652,0.1143850406138052,0.1228874812272515,0.0961251271669979,0.1165864027946952,0.1261566956188082,0.1182103148751829,0.0995641786503624,0.0811497402922225,0.1274315581609636
0.0685695457635677,0.0816378084160753,0.0,0.0637050480078249,0.1086997109012194,0.0893090113129864,0.1038307569749763,0.0876681327916207,0.1297495710273029,0.0608754942802466,0.074762843401931,0.1026051622511352,0.0813762046426342,0.0849451369717934,0.1057571841037835,0.0925947100004849,0.10339789324927,0.0852129584822455,0.0837396036284604,0.0528217751734602,0.0712841695636483,0.0860880456642878,0.0891559198191979,0.0608509397297722,0.0869191039004105,0.1322157665707578,0.0626605411200869,0.1112286642171991,0.0913846070007645,0.0600086691439613,0.0734264742340258,0.0813323134561616,0.080956923473838,0.0907999368673454,0.0754372261892699,0.1425497895087861,0.0772640930412196,0.0998288019673925,0.1469841697474254,0.12248768397135,0.0912469577237058,0.0902974596599116,0.0706274352771441,0.1048553273824088,0.0800852360482347,0.0834410551458084,0.0586478578451961,0.0804729616066708,0.0688181095718652,0.0895034021157628,0.0942506664921452,0.0715203278845621,0.095136595455519,0.0992658015112706,0.0819740721310807,0.0720705183267107,0.0780674845934715,0.0774968002487226,0.09198267116971,0.0913351383636776,0.096890454685546,0.101301201977777,0.1212399320904351,0.1001842807606358,0.0913155546662964,0.0818120464913528,0.0677208516384847,0.0557836755080316,0.0825397829016926,0.0657933817360569,0.0949562267231983,0.1286343536023567,0.1345877607138746,0.1078127386391089,0.1717223297258508,0.1058277041430485,0.0783872147140566,0.0937203842604162,0.0854136463917012,0.0824319857738365,0.0924816109249324,0.1078843709170037,0.0863806194590702,0.0798864714836002,0.0880909353300852,0.060394528370193,0.0934254111889294,0.134166699272056,0.071618066185628,0.0810991258220997,0.0950149267687555,0.1190152358578332,0.0714908089069576,0.0807039047377313,0.0885048746648777,0.0733293849987663,0.0981215830762617,0.0863610355822963,0.081609064500279,0.0915746793292514
0.0574471753919495,0.1059453281536065,0.0637050480078249,0.0,0.1198439101071517,0.0989349192025796,0.1217822187419149,0.0872949030212394,0.1536189504450461,0.0746851369510806,0.0755395572281522,0.1015964729341292,0.1018926918578234,0.1060242321723582,0.1069433361214008,0.092090582609832,0.1218403399923502,0.0872410151568678,0.0704851144853967,0.0609207146170502,0.0681944479579756,0.1114463047432391,0.0893506414394756,0.0623577907194005,0.0776810495444452,0.166292256822657,0.0659235008034793,0.1325275725436538,0.0904199175350652,0.0527786714045079,0.0500999744835955,0.0954164650933059,0.095707677552055,0.083886602965147,0.0725714902323891,0.1288399380187415,0.0767805274844262,0.0770563195875885,0.1378086159504443,0.09263231319215,0.0566787326412376,0.0962458939296581,0.0865405447454807,0.1015994451929415,0.079114698392102,0.0876274953705292,0.0600485852984598,0.1020022990892843,0.0810515837784825,0.0849694469816892,0.0770819047697388,0.0808945181315187,0.1121024860965007,0.0878869368104005,0.0895625595975171,0.0891554089852869,0.0879740378717887,0.1077519319958671,0.10901042183836,0.0801865368454346,0.0936735844611595,0.1224025402505734,0.1218907366340681,0.1193131268092835,0.0834994121332883,0.0973424835354208,0.0725464050047207,0.0707163007981926,0.0618842432207996,0.0559646312162786,0.0857763775887002,0.1545693917704708,0.1484211369214382,0.0975867300848135,0.1971925223653236,0.12991221471102,0.0947253181139977,0.1064307170227983,0.0798796405919697,0.0814085542297384,0.11997813290936,0.0847443219699659,0.0576801303964036,0.0984694694399583,0.1122684742357951,0.0709553276491032,0.0909673187607318,0.1511759546587814,0.0869779348203126,0.0733812650903922,0.0907030652480656,0.1227558061755789,0.0632252882131941,0.0811139768657396,0.0623673854384271,0.073035115810503,0.1090686005364995,0.0738346976396314,0.0841482288700928,0.0910847476332332
0.1233287525537062,0.0785854852140139,0.1086997109012194,0.1198439101071517,0.0,0.0896272694544674,0.1014980795506711,0.1222620086546589,0.1327770777333832,0.0981805627216132,0.0911532601546989,0.1488707048302038,0.0993817848337365,0.0850522248197711,0.113855950753612,0.1038444828131466,0.085396571199433,0.0690339843366459,0.1350963574323151,0.1034138669813839,0.1190180728960323,0.0945617612946525,0.0831397704495028,0.1059858097356238,0.1291363713339474,0.1336986949966431,0.1225828007818181,0.1192859587371186,0.1336807322806091,0.1272284835973136,0.1339966010090246,0.1386027053644286,0.1154120506655065,0.1020910725304314,0.1421882634830604,0.1842611001198313,0.1280138069601773,0.1575797950333357,0.1906958960241215,0.1933928026642893,0.1414749475210748,0.1284266365391048,0.0883001266920642,0.0873611135146739,0.1418530496118135,0.1003844948612905,0.1082114228230155,0.1193944386287994,0.1171123548001388,0.1483632671465077,0.1056115419702114,0.0910882592579422,0.1107929544269554,0.0839756379636551,0.1343713635855792,0.0809923504909139,0.0752533196529142,0.0828085631468322,0.0693251306801934,0.1537931203409198,0.165499014467485,0.1036980242363911,0.1550020885095601,0.1151300049250786,0.1616086496814208,0.0854828023251259,0.1125218652656139,0.1156761669508859,0.1280871584871636,0.1314461558157725,0.1666652541696116,0.1094850772790091,0.1246677925315506,0.1520474176832363,0.1345186941140463,0.0759292164276531,0.1417050163384597,0.1069545100856638,0.1518474518748107,0.1085147760525682,0.0948802758385755,0.1788318539647154,0.1499695638229096,0.1242909782519926,0.0963783675714707,0.1055679323060273,0.1563341853533869,0.0737110918380182,0.1248704007656965,0.1249068899361668,0.0901150930105443,0.1481791340535854,0.1527576656133257,0.1051153877398252,0.1328609631734675,0.1553353063166628,0.1594362565651219,0.116291974347397,0.093244896608964,0.1227181490273616
0.1231072457248787,0.0786453677350219,0.0893090113129864,0.0989349192025796,0.0896272694544674,0.0,0.0824630605835091,0.0882153641538101,0.0751023760459228,0.0950070156412593,0.0896420525384343,0.0963381138720524,0.094240711443243,0.0691878578794418,0.0605430502321859,0.0824665712218245,0.0556569668996552,0.0885568438758906,0.1021842469314476,0.0739963869282113,0.0852939923445207,0.0578627213755834,0.073943231463027,0.0733076614674324,0.0974793014621732,0.1142869220245437,0.1040905550413213,0.0811217192033757,0.0997652438383543,0.1142949601339709,0.1122261397462818,0.0928479451914724,0.1070689131974956,0.1034745737817494,0.139651906897937,0.1555089772322741,0.0888650352495147,0.14841125170237,0.1737343068989144,0.1707393840104379,0.1073790757115533,0.0961030714343671,0.0738079721372875,0.0767255639364697,0.1067185539991982,0.1059025079221287,0.0850013693630332,0.0766489133474958,0.067250956092912,0.1098285914646447,0.1268836853853682,0.0738938165202812,0.0874205651551819,0.1210631055515814,0.0680641037197948,0.0686379366525567,0.0806490015993424,0.0669967826217323,0.0794768620490753,0.1333716895300971,0.1464631350108061,0.0838241018388098,0.1179700450400515,0.0878595660248853,0.1293488699510451,0.0597812239636454,0.0744060795870726,0.0983830164696081,0.090886814514522,0.1017325244732478,0.1186719804378265,0.0842927918438855,0.0667341426768886,0.1121524237704389,0.1187206661717746,0.0640637649772414,0.1093518666185981,0.080519112430384,0.1515464489373506,0.0951231715390249,0.0505355228702654,0.1591733677307602,0.1281804728604564,0.0781291504095164,0.093555649515273,0.0670407646615668,0.1237059077853993,0.0825838153684946,0.1018075289969802,0.0981556629809937,0.0902189568010242,0.0998252387614693,0.1282396040898236,0.0786452656759408,0.108860292732571,0.1301714034948075,0.1125807079363785,0.06813024259827,0.0657475372849547,0.1283620563098458
0.1378332214084687,0.0942458660135953,0.1038307569749763,0.1217822187419149,0.1014980795506711,0.0824630605835091,0.0,0.0832998330624539,0.1005050414316844,0.0957885635615448,0.1018128789560472,0.1056924294182108,0.079522593901977,0.0826225285773461,0.109709720748801,0.0980010252823669,0.0724949678386206,0.079303459399867,0.1319979302309119,0.0931351176935698,0.0979949718651529,0.0799153415959302,0.0866232768047254,0.0775451021684084,0.1056095145662329,0.1179223040435417,0.1177293701139377,0.088991321345788,0.1213955458278317,0.1341232041089603,0.1290835980479131,0.1134967648964072,0.1120900721346913,0.0943772946282799,0.1498644877591157,0.1524827124806381,0.0988357791776056,0.1536555074612443,0.1633149145510689,0.1821235993591421,0.1389254462550576,0.0911141337028784,0.0903866656292426,0.0797572513451314,0.1435917321344406,0.1041670539008111,0.1035031439756737,0.1030952995618588,0.0734885750206393,0.1125686530377071,0.1277909990386641,0.091445059344031,0.0976403180165199,0.1177723427579182,0.1061571456998842,0.0804099535407972,0.0871839808808884,0.0768411505417285,0.0913209882880444,0.1256215845613668,0.1590484983659444,0.0966411641656193,0.1261389331836044,0.0913487459275135,0.1483932605833633,0.086202381068842,0.0849082558103121,0.1263839631478816,0.1110950970674366,0.1259376837696066,0.1335530593064196,0.0668423800992751,0.1011735721850056,0.1138727743013705,0.1123122738457919,0.0649177901440674,0.1256230249674992,0.0796809889917479,0.1648413348348103,0.1166324146735213,0.0597276180646645,0.187249201513441,0.1514880056805217,0.0829992434541347,0.08290226344006,0.0855341737511959,0.1241845310237385,0.0889705163763211,0.1091940143073614,0.0859903118975668,0.1023129649095128,0.1121736664314822,0.1399533712491566,0.074061009447562,0.1201286722069007,0.1583190096412702,0.1252241182627614,0.0889410887477423,0.0959928643090812,0.1115241624104689
0.116816396976363,0.0951204852579479,0.0876681327916207,0.0872949030212394,0.1222620086546589,0.0882153641538101,0.0832998330624539,0.0,0.116683133791711,0.0877694952078085,0.0805282179020439,0.0829028552677564,0.1013501550682316,0.0997160700366106,0.0960982521409181,0.105073774502553,0.1104574130881213,0.075901734802374,0.0841475790636538,0.068038682998191,0.0778577025442291,0.0849855109226893,0.0869384089450007,0.0760226996686618,0.0970435729926087,0.1262938363630114,0.0760542249073974,0.1133952015025859,0.0867575398906198,0.1066845454932207,0.0961665932383439,0.0683008251761519,0.0853323511656357,0.0785428427308171,0.1359620363172564,0.1070272260650091,0.0884811935014329,0.1019935793236458,0.1158332400946577,0.1320031579254554,0.0935698363079285,0.0503047798607913,0.0835985581859367,0.1025258861010138,0.096437732478945,0.1031755111989958,0.0710629316385702,0.0877571584322397,0.0783664338277911,0.0632191472670624,0.1239587957476048,0.0749495403467983,0.0989025356837431,0.1270205833755028,0.0883339058703034,0.0997711624261113,0.1047058127087555,0.0820110459430144,0.1073959715709894,0.071166952792997,0.1124331595202327,0.1069370960650868,0.0936497689638402,0.0685661676898808,0.091621300246756,0.0895835208517893,0.0584226168529577,0.0936164020510395,0.079258790705509,0.079770277976224,0.0745335196054428,0.1020433087006305,0.1245286166804782,0.068725596185478,0.1439912698159961,0.1062179614270854,0.0993870561471967,0.0981052689672491,0.1329134530626137,0.0820741325387066,0.0940511530035643,0.1303377821963462,0.1074977358599822,0.0704621134119548,0.0885841199019274,0.0709774340174636,0.0676542409466693,0.1372689405977831,0.066221335174207,0.082629224365918,0.101695684992309,0.0744212329451825,0.0975047062474907,0.0776525817526409,0.0854409724615148,0.1127359282782925,0.0796879079247853,0.0687431364111449,0.0716347961618315,0.0931088381821914
0.1805814527702921,0.1169927810326246,0.1297495710273029,0.1536189504450461,0.1327770777333832,0.0751023760459228,0.1005050414316844,0.116683133791711,0.0,0.1391345241971606,0.1423775923451621,0.1155698454630093,0.1209436855205482,0.1028365783884741,0.0954275846378641,0.1114414119205196,0.0775072100506547,0.1327690670509066,0.14249033136213,0.1143314906587574,0.1243874908329168,0.083387359148472,0.1196943766836408,0.112810618180185,0.1350219332025492,0.1114228007064645,0.144090378463859,0.089945305949263,0.1292289193054955,0.1560698643791815,0.1546788261933681,0.1107655069774842,0.148235987268932,0.1500071623225654,0.1825715957826685,0.1827377906955695,0.1302235224814117,0.1997316065067369,0.1988856416701065,0.2141010473312819,0.1528646085001827,0.1070584507992259,0.1113835897262865,0.1123816946686395,0.1501802441924498,0.1405970286604265,0.1354231004280838,0.1032365610277916,0.1045508000605936,0.13545206790519,0.1740398215062633,0.1223460104935803,0.1109925301033657,0.1646099155029416,0.0985115148939435,0.1092353251148169,0.1207762088735198,0.1067273440806413,0.1116587193982742,0.161952701996846,0.1747695742950801,0.1069980572575982,0.1279479070593358,0.1021745092554933,0.1495360369901804,0.1013253007300414,0.1052292214809273,0.1392670507424357,0.124024895961014,0.1520083224851197,0.1442504092236393,0.0754870245229741,0.0521257192201084,0.155573443138099,0.1000914919788676,0.0921801990564449,0.1284018152260507,0.0965738389963098,0.2006686484549343,0.129363872729687,0.0793055976522998,0.2006601839787732,0.1733428431161669,0.0820446976925439,0.1185762327832743,0.0999672271163241,0.1550246514217393,0.099959622323326,0.1345506244374559,0.1250164240623116,0.134777786013721,0.1033980158043205,0.1636525730160112,0.1117507253976922,0.1604781078650334,0.164698441008492,0.1420135434727506,0.1045444974228044,0.1005590895906557,0.1607628809837815
0.0706809153655782,0.0754608754477956,0.0608754942802466,0.0746851369510806,0.0981805627216132,0.0950070156412593,0.0957885635615448,0.0877694952078085,0.1391345241971606,0.0,0.0697592521512079,0.1161668809764691,0.0723911138654481,0.0851399546383044,0.1057162878084871,0.1029143401928064,0.0978446866112543,0.0643574163645956,0.099764901201038,0.069290191460574,0.0926325439131414,0.0907692509752763,0.0833044173986871,0.0657766027640903,0.0911755446927721,0.1373211527454151,0.0694163907050267,0.1068041984554445,0.1041399439449921,0.0676716167359133,0.0923399607954799,0.1005338207694626,0.0878246506587764,0.0942404868187294,0.0825678503554519,0.1536530765181297,0.0964943538216266,0.1175080647642127,0.1607011980631717,0.1303266970527424,0.0916639283076719,0.1023157783340945,0.0712801722958626,0.0919566051749298,0.0857057276998219,0.0720294564576649,0.085162351697081,0.0954715216290493,0.0795978966755937,0.1039930664689248,0.0835705363621391,0.0676347108897924,0.0872590280694354,0.0895563891827789,0.0936147134180296,0.067235255485228,0.076969285275322,0.0676565303100001,0.0743608706813807,0.1077584222665331,0.103313752746852,0.1024165644909666,0.1409745809063898,0.1103504747809505,0.1067778826252808,0.0799808074433153,0.070015934253854,0.0677530332618403,0.0950772883377117,0.073043554814774,0.1041498052733928,0.1320269714884556,0.1328686156808362,0.121741167287709,0.1658235714702309,0.0996926773467856,0.0973092721363784,0.0893207462803418,0.1050454950037548,0.1037938085469639,0.0951667953222425,0.1184318384242895,0.1040159909819626,0.1038561653449119,0.0927253135516953,0.0731009722178636,0.1059213839623499,0.1247003309397253,0.087463442304928,0.0932853331743154,0.0878806514557676,0.1297785991845463,0.0807210668614679,0.0911176900618473,0.0943146290617729,0.0879558784694614,0.1176919507294106,0.0980260891555987,0.0918315174621972,0.0973898374614614
0.0979159456993838,0.0776649204140248,0.074762843401931,0.0755395572281522,0.0911532601546989,0.0896420525384343,0.1018128789560472,0.0805282179020439,0.1423775923451621,0.0697592521512079,0.0,0.1096929025315701,0.1101368651101391,0.0992624514836752,0.1053306121636792,0.1122676007171133,0.1112472635273727,0.0655219315103413,0.082543230494774,0.0741338492648312,0.088370190180605,0.0776688624289635,0.0847776178699937,0.0790875374390325,0.1135307355557003,0.1338838631270315,0.0591572789449026,0.1270378283115771,0.0959109585629963,0.0863503279994619,0.0803377637575265,0.0952662480609031,0.0664982502233086,0.0723320349126196,0.1191124356826283,0.126542316651158,0.0954289388868229,0.098262936058631,0.1429464390081626,0.1159698755713071,0.0925832668192884,0.1046896273102987,0.0718739533335976,0.0997839700280759,0.0831883420989246,0.0970833509357488,0.0696351662579878,0.099179783364949,0.0917295633456536,0.0977745742264023,0.1028607693492571,0.0615427312140098,0.101373617481199,0.0965236553142041,0.1039270752207152,0.0871781886393241,0.0854188331743266,0.072089454122223,0.0966307163286336,0.0889108809614535,0.0955634465134489,0.1200967021114835,0.1021391725824086,0.076294226421036,0.1042632584632668,0.0751825227658779,0.0776701850770831,0.0676109371610017,0.0895765525647545,0.0765099865592128,0.107575735603272,0.1226354216732914,0.1391172921899129,0.0916020257713949,0.1554844676497286,0.0942509824524034,0.1034027227961943,0.1068379843545773,0.0934794425137011,0.0623760809909622,0.0912607807153753,0.1068473204900771,0.0936475527064179,0.0997487924159512,0.087742840889351,0.080039703381872,0.0913784723352224,0.1299612065975727,0.0592351056423132,0.0945418859270838,0.0954189073159901,0.1090167184422187,0.0990789740810431,0.0923775703782236,0.089981843709034,0.110388486269943,0.1010432239351883,0.0881217956421668,0.0684107117267814,0.0878966032468457
0.1364579405082394,0.1365320492981521,0.1026051622511352,0.1015964729341292,0.1488707048302038,0.0963381138720524,0.1056924294182108,0.0829028552677564,0.1155698454630093,0.1161668809764691,0.1096929025315701,0.0,0.1239374381552999,0.1099928476798939,0.09258168839447,0.1169926829421466,0.1170467448181436,0.1259708570170754,0.0825681752258698,0.0924487455931656,0.0613611694199837,0.0933412036530136,0.1212472477448934,0.0814933805594024,0.1160261671158833,0.1551736228777765,0.1020498478030865,0.1292741282506812,0.122761194501517,0.1096223609426689,0.0796347581358963,0.0870093476835174,0.1096039701685872,0.1226253727892409,0.1453967265103121,0.0828149808000883,0.074622550457753,0.1207455670691709,0.1207742412733465,0.1181711643727614,0.0868544622354665,0.0799421118371591,0.112512369779758,0.1182385041273697,0.1231935111991225,0.1340220558430993,0.087981852443478,0.1025039811706526,0.0690089122392221,0.070244004026961,0.1528949659385158,0.1024957823871827,0.1354668701420553,0.1403405055093532,0.0669475760518128,0.1091807744977182,0.1174416174440666,0.1131443704895057,0.13754136043269,0.0988087966642688,0.1320172912457788,0.1283317745801525,0.089644377287583,0.0926941143679426,0.1054226298090859,0.110918160141126,0.0698863388441886,0.1204538581842078,0.0815676889775632,0.0997567309805651,0.0868924563467265,0.122773433579194,0.1298756204114164,0.0762177449959452,0.1710132588978744,0.1250554760150736,0.1142694821614164,0.1210654192691279,0.1320495700085518,0.1058580033787631,0.1095152551103467,0.1160525556845108,0.0936550122208654,0.0857246871333183,0.0979773370187159,0.0787334573918469,0.0865960747591562,0.1435801331787405,0.0844356743281348,0.0842047906646639,0.1355953704271074,0.0810985829155657,0.1074763881767116,0.0947986511090265,0.0912127905464457,0.1242571247211052,0.0827051672116897,0.0662072865870246,0.0861075554751977,0.1244138889215674
0.1073782702333014,0.0790399729476905,0.0813762046426342,0.1018926918578234,0.0993817848337365,0.094240711443243,0.079522593901977,0.1013501550682316,0.1209436855205482,0.0723911138654481,0.1101368651101391,0.1239374381552999,0.0,0.0560022550018467,0.1205737628975122,0.0800836277673363,0.0750284407196844,0.0839525503426977,0.1310576985520021,0.0725024326182383,0.0946540455638164,0.102926769897129,0.0793733991415282,0.0769477445586382,0.0806018990976762,0.1177835217312376,0.1006435958001795,0.0726101652662494,0.1125580608533566,0.0974968086012262,0.1155060382342144,0.108486439320372,0.1196468669700752,0.1145059695743198,0.1046516431304638,0.1779082322781104,0.1085363599075163,0.1614956813177701,0.186972367514014,0.1784518340889364,0.1188254568865841,0.1092476882441013,0.083541857950384,0.0741771203332653,0.1214166437733098,0.0486439433683344,0.1017125766766173,0.0852050427675881,0.0851583233688284,0.1196291973890608,0.0928114238616531,0.0935337271100398,0.0782150369571421,0.0994944037125649,0.1086377255315465,0.0621222219398661,0.0653002354774514,0.0865944699864403,0.058650536752047,0.1407053156293171,0.1449072048925628,0.079902086215205,0.1569087631917057,0.1233963347172815,0.133015067345062,0.0836111360451097,0.0855137444270607,0.0953329696833115,0.1161622353017676,0.1120290797116712,0.1353761811335316,0.1177497570975519,0.1132436965242967,0.143894857129184,0.1580210431615464,0.0976006303901153,0.1049525404198289,0.0654876387739434,0.1457896264924379,0.1163129796032037,0.086000137855809,0.172155428078045,0.1333458582418884,0.0911709810476173,0.0916229071829056,0.0695977983937059,0.1348926737941008,0.0915054286384208,0.1179331039578012,0.0842119607431097,0.0926303288801751,0.1396244651327101,0.1230603715377077,0.0918869482326631,0.1232170384599305,0.1281688402491152,0.137705465821757,0.1060012297782371,0.1122116260966009,0.1210323815718801
0.1118737752628999,0.0785540846872961,0.0849451369717934,0.1060242321723582,0.0850522248197711,0.0691878578794418,0.0826225285773461,0.0997160700366106,0.1028365783884741,0.0851399546383044,0.0992624514836752,0.1099928476798939,0.0560022550018467,0.0,0.0891116828307204,0.0675295227333004,0.055125517303491,0.0817124130865581,0.1146296124092329,0.0710456122984633,0.0898985223643014,0.0729698171204027,0.071115570270754,0.0765329891691081,0.0788641181169768,0.1062484964930045,0.1052393223128532,0.0625745029259204,0.1023903865455811,0.0981720077070915,0.1151158133969849,0.099958953823568,0.1115838922149017,0.1086444893085609,0.1093919086518531,0.167410184398878,0.0955839596432348,0.1633850092437175,0.1889246932491379,0.1835675780864499,0.1171714304192602,0.1035801155774884,0.0677037098342591,0.058546418719105,0.1164335901309064,0.0584515909748187,0.0878660996380248,0.0640819063972363,0.0793927381276425,0.1196344099242255,0.0994554439187528,0.0742837622437196,0.0711781311149884,0.1004538194496719,0.0863156646689088,0.0527749873767168,0.0589420268213451,0.0712977115896539,0.0539840293522298,0.1414471688344662,0.1463698808849192,0.0652995242304776,0.1345344465478218,0.1067326959654896,0.1308052060640428,0.0608213865506161,0.0792594353485258,0.0862758713355236,0.1001754999875508,0.1102225000734099,0.1273088987104766,0.101439549380533,0.0895989947041696,0.1331833591696881,0.1437454611590943,0.0887575153307715,0.099613189308017,0.0599900975560475,0.1500108281862864,0.1094123575555964,0.0760571447224918,0.1729277107366423,0.1385343286075993,0.0782115340370485,0.073045599918498,0.054592251526348,0.1346613448694802,0.0727876723735758,0.1127341172190284,0.082702560380127,0.0869131781224542,0.1254401752105209,0.127235598888488,0.0751604933854115,0.1164483219294522,0.1318529008360822,0.1335130954548269,0.08693542464033,0.0904454702932608,0.1242140838137112
0.1299037858359364,0.1033832296093495,0.1057571841037835,0.1069433361214008,0.113855950753612,0.0605430502321859,0.109709720748801,0.0960982521409181,0.0954275846378641,0.1057162878084871,0.1053306121636792,0.09258168839447,0.1205737628975122,0.0891116828307204,0.0,0.1020943712633287,0.0942554182060363,0.1062986342750823,0.0941506801827381,0.0937210704073343,0.0957083305494315,0.0749270935744596,0.0978437002333994,0.083659821474639,0.1208605227221094,0.1296809387251642,0.1174071485810979,0.1101290486385597,0.0956059362317368,0.1063765637425374,0.1128054225352977,0.101698107998039,0.1257418645919877,0.1149207624866735,0.1390051180722138,0.1410015629087206,0.0917455261027709,0.1369024259818648,0.1751333840229494,0.1590262730949027,0.1040351126737997,0.1048780697059069,0.0867926712322482,0.0951445241936722,0.1233268745829258,0.1165800387503879,0.0958503586871824,0.0895411413612756,0.0878511756725829,0.1165693160887228,0.1412957346277751,0.0665405751549549,0.102204867530379,0.1408043968714678,0.0766580752446022,0.0911766645662418,0.0962830300728405,0.0811706956078748,0.1110735854133135,0.13073736922913,0.1347996251846052,0.0997782330214278,0.1139079566125419,0.1005061152884678,0.1127579396615911,0.0687995433710867,0.0778801761536831,0.1002633897491055,0.0910304850724861,0.1119390604767433,0.1122100435602875,0.1199679139751276,0.0910513366958716,0.1123030216311986,0.140866909149153,0.0957413896348324,0.1317392225807583,0.1036323712054352,0.1509926028498526,0.104054511529419,0.081961623231027,0.1503698193336314,0.1283014670322094,0.0869044743310235,0.1198755167666408,0.0855852111795389,0.126208402856638,0.1163526554054987,0.1041648493688295,0.1146796106695378,0.1073392578153193,0.1200349629785305,0.1317641172638212,0.0951192121443806,0.1065113436849379,0.1264887331203578,0.1194520857025226,0.0785672841900909,0.0697505082706702,0.1446241996779635
0.115303088928872,0.0989048763973107,0.0925947100004849,0.092090582609832,0.1038444828131466,0.0824665712218245,0.0980010252823669,0.105073774502553,0.1114414119205196,0.1029143401928064,0.1122676007171133,0.1169926829421466,0.0800836277673363,0.0675295227333004,0.1020943712633287,0.0,0.0788810518485444,0.095760340051846,0.1121950427668179,0.073151705130821,0.0901582831754501,0.0977711988255524,0.0797847217928429,0.0731428856073741,0.0637305714734167,0.1356175845707893,0.1100178347924785,0.0789538098341747,0.0915529123601238,0.0984499908850243,0.1120713199228787,0.1125726977658294,0.131133742433444,0.107127540931522,0.1014058359710567,0.1714988058757084,0.0876968745987168,0.1593860471189143,0.1856598462771025,0.176886569935967,0.0947519393727453,0.1068059142779296,0.088587758734055,0.0697776904002229,0.1097314351757625,0.0806616909810602,0.0934668963780798,0.0913240898410749,0.0919366270980272,0.1216125417352796,0.0923642035301248,0.0930578909329362,0.0941247403922251,0.1009585990145656,0.099684749862494,0.068817149051664,0.0683858201856573,0.103128227390969,0.0800592391665545,0.1443063583939776,0.1482336610270462,0.0916587375995595,0.1485073680853615,0.1217122424013354,0.1252579850082207,0.0853455213345313,0.0851776341416908,0.1007698269987637,0.0875287235317711,0.0974390220408004,0.1260715812625507,0.1174978737473014,0.1042123681491951,0.1336593686824887,0.1721432925432703,0.113034422084305,0.1167201896074628,0.0615666166415352,0.1442791171093521,0.1034900807209343,0.0920625439228116,0.1587615559739574,0.1268651144402807,0.0915945155092284,0.1119431720886128,0.0640984500199699,0.1361172754728952,0.0917579582504363,0.1204694186302833,0.0828542053776441,0.0819563808821381,0.13596160405286,0.1124545972768841,0.0757434399852171,0.1061954930380285,0.1226670879192698,0.1425020131646768,0.0826920880504892,0.0910316216982995,0.1204344544460254
0.1300216493691729,0.0848015405928642,0.10339789324927,0.1218403399923502,0.085396571199433,0.0556569668996552,0.0724949678386206,0.1104574130881213,0.0775072100506547,0.0978446866112543,0.1112472635273727,0.1170467448181436,0.0750284407196844,0.055125517303491,0.0942554182060363,0.0788810518485444,0.0,0.0866277871618372,0.1315890025177607,0.0873964347792546,0.1089155190707758,0.0730854400802459,0.070061458100308,0.0877260193733063,0.0951452436583307,0.1088885736887963,0.1199875158769012,0.060754936069893,0.1175142942871048,0.1233517965697764,0.1356674986011227,0.1131877539511887,0.1295876186037968,0.1178767149237719,0.1425732429048145,0.1868568558304738,0.1059945515138991,0.1817390185978733,0.201026338888902,0.2008659533130309,0.1325414378317719,0.1143267823236162,0.0802198673811381,0.0675341217864463,0.1366946137597379,0.0886208995706782,0.1078544760730779,0.0851566726736521,0.0827021995619172,0.1316570766222157,0.1186210947307979,0.0963972878495049,0.0846382495635998,0.111000429764382,0.0937276544336226,0.0636839465012044,0.0685857299662653,0.081228945477857,0.0645874185119762,0.158689477058415,0.1643287305331133,0.0702558976187315,0.1386968604279595,0.1148386871795446,0.1574098534257051,0.0738382264382195,0.0950866340466138,0.1158313512748077,0.1112864821121903,0.127463147418022,0.1411573802912846,0.0751451022334937,0.0729175397146775,0.1404846354770975,0.1223267793722968,0.0738913932327651,0.1206735141666021,0.0596440035761379,0.1689488402083317,0.1191163511811149,0.0559133744467964,0.1901317768054174,0.1573798615103119,0.0889883940658388,0.0914958371495562,0.0690239208207081,0.1499260314830011,0.0620313387958022,0.1316322530244463,0.0933594873336146,0.0958526027456512,0.122672908725007,0.1450903814413149,0.0832375482987435,0.131480876574309,0.1578441178728592,0.1462838294302471,0.0876696900799913,0.0906065724517684,0.1306014843329048
0.0969566637592328,0.0579664816315335,0.0852129584822455,0.0872410151568678,0.0690339843366459,0.0885568438758906,0.079303459399867,0.075901734802374,0.1327690670509066,0.0643574163645956,0.0655219315103413,0.1259708570170754,0.0839525503426977,0.0817124130865581,0.1062986342750823,0.095760340051846,0.0866277871618372,0.0,0.1047941495571068,0.0810958178315245,0.0952897934235437,0.0885135020757628,0.0657490933732231,0.0772464336484109,0.1094490033619588,0.1265925034287753,0.0840341685086728,0.1053313043776116,0.1014082024779768,0.1026875639050078,0.1054742207783821,0.1113544412304808,0.0910355820950233,0.0633264485418574,0.1186877959032445,0.1525919307317188,0.1067830441539718,0.1196859142619538,0.1614288290544963,0.144088800908286,0.1172905359357363,0.0899302317614269,0.0677573707514938,0.076630706411415,0.1073942514007681,0.0862084782048344,0.0838810232447308,0.1019084116987809,0.1002453081366775,0.1118436926679206,0.085882610688815,0.0693507304002557,0.0883312114573348,0.0816011067679853,0.1160547417329259,0.0735430701967456,0.0752126550111241,0.0641617437193673,0.0724010859486643,0.1117915331183275,0.128198322477598,0.0939252366631135,0.1323295381290606,0.0942267272984926,0.1211580474706588,0.0704197273489553,0.080084258925125,0.0869236175367341,0.0974114342506982,0.0862381484382446,0.1237081203245402,0.1062371498973841,0.1266107873490545,0.1108891698878342,0.1361424852014906,0.0830270921957478,0.121761279152858,0.0903701675712905,0.1241437116491872,0.0828783749484168,0.0778226257091124,0.1407593569281299,0.1178010588574469,0.0968419584523816,0.0939245318863915,0.0855854358349268,0.1131211145848996,0.1033130368997118,0.0879046360837255,0.0942329830903347,0.0715618884013508,0.1196176380602217,0.1100622315911326,0.0814838211918694,0.0981666435326625,0.1272413296206011,0.1249701266634762,0.0843261825883646,0.0719200394977029,0.0947881649301302
0.0940056499337727,0.1037641144894159,0.0837396036284604,0.0704851144853967,0.1350963574323151,0.1021842469314476,0.1319979302309119,0.0841475790636538,0.14249033136213,0.099764901201038,0.082543230494774,0.0825681752258698,0.1310576985520021,0.1146296124092329,0.0941506801827381,0.1121950427668179,0.1315890025177607,0.1047941495571068,0.0,0.0754175512706079,0.0735646736908674,0.095302596875628,0.0920696456265402,0.0743043741169796,0.1037563357072185,0.150719222183405,0.0761547658857015,0.1351857639842665,0.0801188953448125,0.0821424053500319,0.0711729473146053,0.0812853462175636,0.0927477496965785,0.105851977578939,0.1148657106837554,0.104883408082927,0.0791881189771321,0.0896453268714695,0.1341866828043418,0.0975965221622276,0.0665313101196735,0.0842393303651816,0.0829545462082037,0.1106670833286063,0.0802967239621761,0.1188573309778155,0.0638900261735766,0.0882050590161812,0.0855979511071865,0.0750482147860091,0.1225205677075825,0.0767581067546911,0.108041204917229,0.1343042308950148,0.0705707557641385,0.1104426721305089,0.1106146719885969,0.0951716545122352,0.1323505922477985,0.0758637416769638,0.0777637681385222,0.1170715523794225,0.0820612256244799,0.0871494332213413,0.0714979021474821,0.0909265065514238,0.0661175946611823,0.0819243253897426,0.0573235091322851,0.0687709444063915,0.0729740711608114,0.1523650829462608,0.1474290474306394,0.0669915046672758,0.1845852557016642,0.1271197314489993,0.0883804374903714,0.1201195695294452,0.0863616037034837,0.0779184908333519,0.1162002973778294,0.0771711905296142,0.0700704435856825,0.0944532586505457,0.1103650078371562,0.0824448983273218,0.0845194875009521,0.1574213834662998,0.0742937017444894,0.0963275440888758,0.1045721983155273,0.1012711731959344,0.0755833289287959,0.0858328454945075,0.0702404089063137,0.0859684094683103,0.0824667973914945,0.074781165193667,0.0795596662332431,0.1221705488957834
0.0797321072067352,0.0742157929537294,0.0528217751734602,0.0609207146170502,0.1034138669813839,0.0739963869282113,0.0931351176935698,0.068038682998191,0.1143314906587574,0.069290191460574,0.0741338492648312,0.0924487455931656,0.0725024326182383,0.0710456122984633,0.0937210704073343,0.073151705130821,0.0873964347792546,0.0810958178315245,0.0754175512706079,0.0,0.0623180235850982,0.0735807572780385,0.068232659254211,0.0538773225981053,0.0695708700526258,0.1160868458817184,0.0649190870089654,0.0881872751485994,0.0738868592556193,0.0669973147810679,0.0752682162739353,0.0673866990565,0.0851328234211155,0.0943130482498955,0.0922946419435376,0.1322066999534151,0.076079173690934,0.1146074521628501,0.1519083208428301,0.1311189270890181,0.078819917532352,0.0805621044044301,0.0582517103296881,0.082537760954474,0.0823658210805952,0.072843372133095,0.0510675136896865,0.0574398915157471,0.064151487061281,0.0843869698415533,0.0981673940444913,0.0624256827280763,0.0750518924013695,0.1113458254915202,0.0632944601045152,0.062462859284942,0.0752371901778122,0.0690379416991657,0.0760916120964667,0.0868497209700652,0.0984984382223931,0.0793084486481298,0.1088910778147281,0.085523721731735,0.088585879827931,0.0649830719610984,0.0576389332272183,0.0623130301302004,0.0649391480498523,0.0712196410831625,0.0843409151946404,0.1136022844208026,0.1113411522599787,0.0925385500085325,0.1557231583071353,0.0973761826018317,0.0709127431555757,0.0744626571114727,0.1038379662268735,0.0827571099421992,0.0829728742412059,0.1233822586109056,0.0947681685374159,0.0692791003335253,0.0816678439901794,0.0463704589064128,0.099689269642448,0.1118840245598521,0.0789226780930209,0.0733508318672871,0.0836435084932191,0.093235514664342,0.0809253935201094,0.0734178740415338,0.0801728914093916,0.0866697611580812,0.0906791813148525,0.0661940050222622,0.0693486153881491,0.0993711286084839
0.1006048914905964,0.0997348439848227,0.0712841695636483,0.0681944479579756,0.1190180728960323,0.0852939923445207,0.0979949718651529,0.0778577025442291,0.1243874908329168,0.0926325439131414,0.088370190180605,0.0613611694199837,0.0946540455638164,0.0898985223643014,0.0957083305494315,0.0901582831754501,0.1089155190707758,0.0952897934235437,0.0735646736908674,0.0623180235850982,0.0,0.0861076779362411,0.0923769133871549,0.0637100392204647,0.0882954536210517,0.1405690743554618,0.0771590381953948,0.1202832289880987,0.1055529033640102,0.0884110913841391,0.0541737143602896,0.0823883060959687,0.0885752276891436,0.0945849690759871,0.1106805375978559,0.0978709781879135,0.0709867041711643,0.1062078870033631,0.1168796097133989,0.1128620728927281,0.0810190349148539,0.0660877841270661,0.0914060273768432,0.0981937994244237,0.0904112063879604,0.1041419617692068,0.0529630941497754,0.0793411038018806,0.0674446262674621,0.0608855073582458,0.1171253452202979,0.0869043062964826,0.1037003065021225,0.1043290809341584,0.0741492448116249,0.0797557056750593,0.0922887494631549,0.0966618794895037,0.1046447003831194,0.0862415144236694,0.1191721219517418,0.1081800674297544,0.1031051983289587,0.0917039772657485,0.0852437919105574,0.0853871057726397,0.06561493310857,0.0881726042323968,0.0766692392441507,0.069460622126148,0.0891049156199917,0.1246415474640154,0.1309400494477005,0.0763750766833311,0.1669288492598445,0.1033503939811509,0.0869409101857632,0.1076026341840334,0.1034123263725112,0.0771820102809652,0.097499112105102,0.1072016361740957,0.0668328052608342,0.0802148337681471,0.0832583824194468,0.0644417869074704,0.0896238022925663,0.1302972955394208,0.0776282054275042,0.0680998797105135,0.1058799415052701,0.0906411247852144,0.08183869908863,0.076635607671068,0.0770268729303318,0.0948876862198466,0.0843604496482554,0.0621333536424163,0.0741280635229953,0.0973520010040088
