0,1,2,3,4,5,6,7,8,9,10,11,12,13,14,15,16,17,18,19,20,21,22,23,24,25,26,27,28,29,30,31,32,33,34,35,36,37,38,39,40,41,42,43,44,45,46,47,48,49,50,51,52,53,54,55,56,57,58,59,60,61,62,63,64,65,66,67,68,69,70,71,72,73,74,75,76,77,78,79,80,81,82,83,84,85,86,87,88,89,90,91,92,93,94,95,96,97,98,99
0.0,0.0695734324021359,0.080515672394009,0.0992889700130398,0.0816818184433172,0.0831147144759257,0.085895445165094,0.0718238320689187,0.0767351320547261,0.0825998474488396,0.0727485518393967,0.0995510651924469,0.0663361488004946,0.1367559284075305,0.0675560379295434,0.067472351864653,0.1281868544410854,0.0792712910250401,0.1259599835711009,0.0581465323118908,0.0791214599817246,0.0625754406079582,0.0850253261227211,0.074023336234384,0.057121784760934,0.1020343301354561,0.0767489908777978,0.0506375996748895,0.1006978697889671,0.0709158306953442,0.0873574901915429,0.0706342099895749,0.0515260530193192,0.0847660690985817,0.0695335321724961,0.059114066580358,0.0684879100092189,0.0718957395491155,0.0797310749750467,0.0709614706039627,0.0955553231509525,0.0683785760796694,0.1117547706796439,0.0738419372115603,0.0946141499459779,0.0856530878436702,0.168113930287496,0.0668794029436306,0.0875855812339847,0.0909185111316389,0.0683038331992779,0.0621692136345885,0.0823279450264613,0.0650873785899348,0.0684910561151319,0.0804677605592531,0.0780947427742239,0.0849520277301414,0.0766067380817841,0.07469528916919,0.0767141888109364,0.0869890765644883,0.0868106878139795,0.138244770658655,0.0637090682397036,0.0805420824863616,0.0661333541294049,0.0786864872763531,0.11051825804066,0.0791252723722742,0.0667074627211903,0.0846161499015457,0.0654236576899181,0.0928035981827703,0.0853408591911035,0.0730461397535608,0.0814992563778002,0.0936949294093198,0.080155602300005,0.0786987865424063,0.0710413948792812,0.0744444967695481,0.0702022365579942,0.0786128284405228,0.0617938166596182,0.0909001879388146,0.0598786229880129,0.1122978114678047,0.0680794354091039,0.0838617435980169,0.1076390510639324,0.0432856498465213,0.0811218681249746,0.0582968844318868,0.0989587453313139,0.0995019969907301,0.0658094537441667,0.0596215531011665,0.095136552366134,0.165627929940629
0.0695734324021359,0.0,0.0639196465074326,0.062669617584857,0.059301700101597,0.0877231426799784,0.060083585894192,0.0772554349634393,0.0672214327530457,0.0634299416388508,0.080776795597613,0.0721545108838409,0.0548444606204085,0.1096718045043185,0.0675506942121859,0.061725199506426,0.0851709959822005,0.082330980189918,0.1359651628943332,0.0687474123974343,0.1048526454331052,0.062628145550406,0.0564719712083683,0.0572970500683072,0.065595107519295,0.0588330488572426,0.084118167088426,0.0667581092373984,0.0733429287374171,0.0655584105102151,0.0548123167956222,0.0964640526112677,0.0720111744462029,0.0576063093656511,0.0507503539734992,0.0715995000482417,0.0904726869454496,0.0645137570441161,0.0795058341077794,0.065751696318429,0.0796137437188317,0.0788679897189724,0.102261397729679,0.0618661416006579,0.0991827284442778,0.0582616403039551,0.1175782504042088,0.0731432319203205,0.0976798413741841,0.0643039449056673,0.0996355463594385,0.06029088693165,0.063101626525019,0.0559166105834431,0.0907801744703398,0.0632397153028091,0.0582329654257885,0.0822110614490391,0.0798578381194471,0.1040160460607343,0.067036369832435,0.1127142607771036,0.0608092294623147,0.1444829110357422,0.0594242465182548,0.0731915595486874,0.0559068927277134,0.0811206942411328,0.0716767675986781,0.0846505766546321,0.0767819114498049,0.0582934388649531,0.0561545230299207,0.0632197090912433,0.0515922714868064,0.0666987843934783,0.0560122007443521,0.0693485364604965,0.0773759538187816,0.1013160196786886,0.0663011687650381,0.0599749044454598,0.0923989049845588,0.0659506220057738,0.0570758803564395,0.0645121159912431,0.0667619927557403,0.1028923990116378,0.0690633725146987,0.0478413616789467,0.0854399516577807,0.0630386048276214,0.0690904680117659,0.0597669313293241,0.0707064210919444,0.0772067904851782,0.0722357653991031,0.0559876520571312,0.0616784584137889,0.1165879839478618
0.080515672394009,0.0639196465074326,0.0,0.0626958658340588,0.0936691863101528,0.0916572777045176,0.0662164153587212,0.0685340550738754,0.0809979350798221,0.0729156718367415,0.0890829271772802,0.0969574618133369,0.0713693088134633,0.1126753123208909,0.0783040275808694,0.0623308131007115,0.0851180614773467,0.0885995638474365,0.1466438026445344,0.0571820119672375,0.1114375912815859,0.0745565794387793,0.0835614872989962,0.0738897103529587,0.0789254063152013,0.0644259681305398,0.0754984048314966,0.0744657546690784,0.067010895657294,0.076663250271536,0.0686166534701574,0.0972774054236962,0.0756845258874225,0.059660236351467,0.0598421734172956,0.0817070774218947,0.1007121177024525,0.0765576355422707,0.0997707564496481,0.0569771342551639,0.0830824711252266,0.1030296460859817,0.1148549706962366,0.0656363645018994,0.0960197946882115,0.0787309953496571,0.1073498738551351,0.0828162095724854,0.1154598311269856,0.0647658154167192,0.0895004660754525,0.0727264506607094,0.0655058012443212,0.0735266758043172,0.1021783349943544,0.0574430362040637,0.0876994509810371,0.1058540496300164,0.0796863727678121,0.1187853081967178,0.0646747637649062,0.125385258814013,0.0794897199902226,0.1374302928178066,0.0831150930009727,0.0858874134042265,0.0712985193621357,0.0765130336162342,0.077609756596559,0.0748089388609579,0.0981634243611981,0.0558624696821986,0.0640424907264706,0.075447390207266,0.0768435528508078,0.0554230945367548,0.0686234566995298,0.0673558418114429,0.0878257740431687,0.1118650587421725,0.0632553935899351,0.0584561391599943,0.0981171447759748,0.0926494283943606,0.0797682557141012,0.0795931734143104,0.0728566785838565,0.1054131653616885,0.0785944145380737,0.0611639062950998,0.0703557680319764,0.072164849139924,0.0515116119139035,0.0677798811088256,0.0521160344029003,0.0927813113834647,0.1018818234961821,0.0622251468481257,0.0496385934552178,0.1085056342999633
0.0992889700130398,0.062669617584857,0.0626958658340588,0.0,0.070343007282951,0.1022952733679691,0.0697329398030076,0.0781879509587232,0.0882842787227947,0.0813701590510737,0.10311964427104,0.0700339453344976,0.0639267318858628,0.1053663424873513,0.0754867494575013,0.0766662212716188,0.0744622690329944,0.0982209654962269,0.1615687801309822,0.0847839406624959,0.1232990944255894,0.0702341026068889,0.0694911693178412,0.0604330652342781,0.0806736082374215,0.0624707532545677,0.1083191301671071,0.0748545019390057,0.0822306264183958,0.064300548321652,0.0734167906010302,0.1156491766317556,0.0828928310762264,0.0562458326356278,0.0531953755591069,0.0858806790133821,0.1205190444391434,0.0996960265785751,0.0990478562148448,0.0644209125458904,0.0936538127132335,0.0949403487471553,0.1174243933027656,0.0837324211225711,0.1044483978752525,0.0586466234128221,0.0910601422007492,0.096266503813539,0.1089606758010565,0.0410481599625233,0.1192269756452149,0.0695557448279488,0.0768079300118,0.0851903073294097,0.1093804063039277,0.0632421676055688,0.0818911945758332,0.1001800877831845,0.097482206389112,0.1330572093983716,0.086186466413071,0.1381844868438504,0.0604530122164929,0.1568593164504533,0.0837254385936259,0.066362312504088,0.0794659325409941,0.0958713830099711,0.0748914689944247,0.0995804713519267,0.0994291215141253,0.0526622427023057,0.0698951566311032,0.0754098561281169,0.0674738414562625,0.0847875346457905,0.0755275451554176,0.0652303021392892,0.0702633554894604,0.1330788611671744,0.0666015136504593,0.0713456194413117,0.1131385789595274,0.076527108951683,0.0786611796208634,0.0475867734384329,0.0838017785016084,0.1133089001562852,0.0924660973521835,0.0546178716249813,0.0928264518148243,0.0911716196758141,0.0668427106422922,0.0874904940516984,0.049780696679026,0.0760464949990734,0.1025151244641288,0.0793091370063544,0.0453567654707231,0.0915183721432323
0.0816818184433172,0.059301700101597,0.0936691863101528,0.070343007282951,0.0,0.0876627054426035,0.0861434643948876,0.0950600543362749,0.0898010853190522,0.0847914978560192,0.0911259241216924,0.0599660517690108,0.0635168211055404,0.1236235347945279,0.0882172904779928,0.0935724239818263,0.1071790351999835,0.1043552097034227,0.1610092496804274,0.0935092264077618,0.1215843036276296,0.0699312946073464,0.0687259136441509,0.0610419970592914,0.0748066981912428,0.0809509782766134,0.11901829925161,0.0681333450140388,0.0979680122495779,0.0733926678932618,0.0859629006325613,0.0929964110502087,0.0775348629012507,0.0844641712650621,0.0709064846982466,0.0727594850809563,0.0856876819798431,0.0913703054000593,0.0733573428281078,0.092309669442878,0.1033457662102816,0.0725150882034319,0.1275609484839924,0.0812230522235836,0.124956841953682,0.0466654371301068,0.1356786423983264,0.0830772156319098,0.084539765165246,0.0774690044577448,0.1248637739665754,0.0590907244429689,0.0806657268898569,0.0687220209728448,0.1071423028001189,0.08524237269514,0.0587757068189574,0.0970322381175927,0.1078118463839655,0.0981118192895358,0.091735403479854,0.1195860533441787,0.0566791841737783,0.1689978456420858,0.0582959394311542,0.0686556444008542,0.0673258707140349,0.1093228478132222,0.1047524173362568,0.114107432628009,0.0946144707040096,0.0844786765462374,0.0724072131124184,0.0844929701796766,0.0563809812033639,0.0958813586395303,0.0920373570157577,0.091690827089763,0.0642563083886547,0.1221424289317584,0.0783375820563153,0.0915449196436386,0.1113267901457341,0.0628683142305453,0.0461848834600109,0.0717162466342184,0.0760747784181834,0.1257106612791878,0.090301040095019,0.0728884447783518,0.1262063814083523,0.0816159194960942,0.0950147691054207,0.079234756550679,0.0887926788155525,0.093717164341072,0.0854445963128197,0.0812060202308649,0.0783446957855554,0.138425760381345
0.0831147144759257,0.0877231426799784,0.0916572777045176,0.1022952733679691,0.0876627054426035,0.0,0.1219347491331806,0.1094708408111759,0.1220974947387378,0.107149326943573,0.0878877501184417,0.1058405297099555,0.095550453971283,0.168159932480721,0.1154954719562614,0.0981984752505245,0.1537531065160873,0.1012121981188698,0.1770170626128729,0.1061559148476563,0.1257464898408215,0.0714133737768862,0.0957466651087358,0.0815598939615082,0.0848797945057188,0.1137417321339507,0.1373642895818733,0.0964530698198342,0.1346541755312589,0.1172965726301271,0.1016789427077182,0.0657171898229777,0.093619005279447,0.1026397276918369,0.0865121693320096,0.0849308357565318,0.0649237385567449,0.0967679359884661,0.0759380883773322,0.1099547007925011,0.1363054425842895,0.0905706118512292,0.1514097204582593,0.0830529570171376,0.1166356002157777,0.0654970981295544,0.1667815349619514,0.0620689140701201,0.0785471024914897,0.0939987685095924,0.1074569258720147,0.0576237354464545,0.0990628760471433,0.0716805419196683,0.114030265465509,0.0790669281065998,0.1069927675408562,0.141916526966476,0.1245217193777491,0.0713416559454781,0.1044209072448901,0.1404411596500456,0.0891762494976656,0.1932135439041837,0.0539905003802212,0.0792219872701852,0.0704222606848598,0.1289158722977667,0.1341355161141255,0.1039481831006758,0.1053019678359,0.1054264827726591,0.0838555408243134,0.1173780615862196,0.0871599190326639,0.1157944600643582,0.1296042037773513,0.1102797025462304,0.0726699433933873,0.1171362376237023,0.0748244195087367,0.1075063639478646,0.1153173879782152,0.0744745930062739,0.0757191186408736,0.1059165902762764,0.0965909382842404,0.157868546911028,0.1254357333535802,0.0918160128881087,0.1474588027076904,0.0891246725991229,0.0764362449092978,0.0746306901172834,0.0941292556770924,0.1333699324438811,0.0948835352112093,0.0883328790266015,0.1067395732482248,0.1798799187037001
0.085895445165094,0.060083585894192,0.0662164153587212,0.0697329398030076,0.0861434643948876,0.1219347491331806,0.0,0.0910688062522073,0.0682312817226228,0.0739869615022037,0.0841073034005963,0.0824220269753499,0.0561702787949082,0.0956693031690334,0.0525493836000248,0.0601155021140678,0.0625871546721182,0.074763290721399,0.1089871457990716,0.0823584459914213,0.0866415222473945,0.070696787197477,0.0680829794344929,0.085120794866204,0.0816640969618999,0.0494290028217989,0.0719931477252157,0.084987326758929,0.0528598667304364,0.0693008059910397,0.0675242155522466,0.1245618395880945,0.0808980641468067,0.0531730649541282,0.0724451375704578,0.0760920720515441,0.1247600451455884,0.0729075360257424,0.0971293033774608,0.0579501354417997,0.0587090130558219,0.1053851383313992,0.0856348867219274,0.0728956567354886,0.0885344929615417,0.0876470006407848,0.1221379255691381,0.096661707516706,0.132707180817081,0.0708381829754485,0.093789167624113,0.0827262026183479,0.0650710557436863,0.0877751322732115,0.095199459697162,0.0788834337469071,0.0876884575651798,0.0935067881196365,0.073333096342195,0.1326816266839074,0.0513367260800404,0.1068966074373677,0.0811587121732716,0.1117811466104354,0.0947153340191606,0.0961889687800141,0.0819607715560748,0.068823197235216,0.0710425892661473,0.0778551169467814,0.0869892515557962,0.0484094246410637,0.08191155225622,0.0547206200484356,0.081845327089351,0.0718217544893098,0.0441246580333613,0.064127452489402,0.1078372077113072,0.0943858926861854,0.0740605514243077,0.0510383790838213,0.0855912876636204,0.0843656357763534,0.0856765397362894,0.0744624339243821,0.0834101481606299,0.0801053659208043,0.0591713340151502,0.0602151529665863,0.0659137612577184,0.070322112180638,0.0707959132252934,0.0688842867497222,0.0832959095321211,0.0666695759203665,0.0755837490209386,0.0645791156755036,0.0709693986660147,0.1064941124433089
0.0718238320689187,0.0772554349634393,0.0685340550738754,0.0781879509587232,0.0950600543362749,0.1094708408111759,0.0910688062522073,0.0,0.0587659471725307,0.0636584931407453,0.0942615467260588,0.1129969584461142,0.0751603148514774,0.1185934377406457,0.0897228880319759,0.0704867838283183,0.1068408239839262,0.099437652531239,0.1418067031557083,0.0584695364833078,0.0988324807594073,0.0889569723493344,0.0952795177821304,0.0683055169832499,0.0675632984681018,0.0944149406320154,0.0749091835777909,0.0649576187492357,0.089111758647736,0.054167112352535,0.0858356821730712,0.093961562820267,0.0552822162510881,0.0768325455640031,0.0654418093999406,0.0743783146009356,0.105998382676689,0.0867184940371495,0.0995822112530659,0.0524529776367741,0.0890043002637198,0.0855417361224276,0.1122554096521425,0.0852961359072516,0.1109424287166652,0.0898691002697761,0.1382415655174987,0.0851857202702618,0.1068598791944613,0.0811363157521881,0.0878509047676344,0.0825666587689772,0.0748370996831531,0.0773774282248195,0.0691326211166973,0.0702001943555896,0.0661849590815474,0.071137076819497,0.0599041950674269,0.1232580516007902,0.0910197978541849,0.1106888189912505,0.0850046096203527,0.1430892135936344,0.0934127969218086,0.102803803081081,0.0811203519319199,0.0646014547636438,0.0891479997518526,0.059394685609846,0.0737349159658053,0.0714091278287209,0.0684525984342731,0.0987947725849174,0.0795056537850318,0.062882850621756,0.0715331161987948,0.0858780321898621,0.0957362749202597,0.1141013081465783,0.0738236666191063,0.0744840201549149,0.0980219861707695,0.1021438404063596,0.0856716409346351,0.0825450090965866,0.0559206480216339,0.1051439990451381,0.0656313983425798,0.0941082776024802,0.0803245310667349,0.0604969669371711,0.0830070605297586,0.0792544541389768,0.0742967169391712,0.0883467273043131,0.0948413366832328,0.0648887358699983,0.0594357838804932,0.1250255413237712
0.0767351320547261,0.0672214327530457,0.0809979350798221,0.0882842787227947,0.0898010853190522,0.1220974947387378,0.0682312817226228,0.0587659471725307,0.0,0.0559628433703229,0.0702213211144002,0.091623739878913,0.0630647101233775,0.0986161492920282,0.073630988847083,0.0673595556047809,0.096762951978173,0.0760963842239273,0.1037183584686669,0.069504009517828,0.0720468567334211,0.0743781816184591,0.0760947057788512,0.0832673704124174,0.0722533863263754,0.0794923004625364,0.0648744188907697,0.0671516345392498,0.0741810220140116,0.0611762645070049,0.079382885085064,0.1070361268194718,0.0680256627597245,0.0694763105508923,0.0758403042898087,0.0667027600177669,0.1077467741717266,0.0703719892943891,0.0844828743430575,0.0726311093670723,0.0605041597298586,0.0930929540312058,0.0807418812840641,0.0738459367686343,0.0991183560487611,0.0952824604356353,0.1524235968741512,0.0785296342693833,0.1247053327068855,0.0916746481185742,0.0870221442497184,0.0836867444505398,0.0631181413888154,0.06950068664633,0.062808075504298,0.0885236068644213,0.053904072651113,0.0481423572438441,0.0565131874829918,0.1176608712181096,0.0666242482528033,0.0875012636256816,0.0883805176102978,0.1089065959618375,0.0959216413691162,0.0994824339659394,0.0897451897558789,0.0655771288264547,0.0860490640705019,0.0648815815547803,0.0478140572188656,0.0745738722869227,0.0806969520917317,0.0682482372585587,0.0768001183169384,0.0651721033617575,0.0586651807922938,0.0796138968929252,0.1103440048824847,0.085304808148188,0.0855827210835436,0.0647394772853382,0.0770799820365332,0.1039951712522568,0.0879414603666243,0.0868889602530683,0.0611131521650323,0.0716913481694024,0.0450738687656476,0.080984529166046,0.0869128752781073,0.0579710748749669,0.0838211006551229,0.0665664302115036,0.1006719434842736,0.0767474372547368,0.0659909413606636,0.0661849753383136,0.0768631252663877,0.1286252880309089
0.0825998474488396,0.0634299416388508,0.0729156718367415,0.0813701590510737,0.0847914978560192,0.107149326943573,0.0739869615022037,0.0636584931407453,0.0559628433703229,0.0,0.0867341027433968,0.0936983513937161,0.0626608359937377,0.0997141954491295,0.0893072931152063,0.07662844546478,0.091346683262634,0.1000394075204123,0.1257270839485196,0.0712715013297408,0.1069790404523805,0.0687059699030626,0.0689509033606981,0.0660511646668328,0.0591115674932873,0.0719908636060452,0.0879415052322112,0.0649335830863542,0.0731679131934193,0.0600271007028829,0.0724885200952054,0.0928531087413068,0.0628099996583351,0.0658525679542421,0.0599926247525512,0.0745125416076489,0.1070007143880481,0.0793841982464163,0.0861896813138598,0.0722670463334135,0.0723579454844283,0.0819457153823663,0.1032382610105968,0.0730689119967108,0.1179051795134272,0.0813239798664921,0.139202372789994,0.0716048760554722,0.0970291370517215,0.0688939083222163,0.0998720943447113,0.0756972160875496,0.0628751525331348,0.0732408802173608,0.0811496115572254,0.0735541509532201,0.0626593474266396,0.0796298586480066,0.059249392220273,0.1280741074364239,0.0746839916012078,0.1018483564363234,0.0674505885594845,0.1346290516318038,0.0837631386999691,0.091951404745059,0.0714088379974664,0.0620238356051536,0.0839990218762736,0.0613355067213131,0.0653653212865753,0.0622960114877555,0.0704582031914327,0.0723567084520556,0.0692909154007415,0.0641474554492516,0.0715575118588874,0.0787079476917175,0.0959942912808771,0.1000428709093963,0.0631008933792825,0.0745140882508061,0.0983801487165081,0.0875172959043693,0.0801026221516958,0.0700941260776759,0.0506367064903478,0.0942534966330788,0.0633774642920409,0.0764320283322245,0.0932701807406804,0.06472858584164,0.0691746081246992,0.0671777669348776,0.0853928588556356,0.0644519185115706,0.0766029308530458,0.0525482145081104,0.0677649373163366,0.1160503019644767
0.0727485518393967,0.080776795597613,0.0890829271772802,0.10311964427104,0.0911259241216924,0.0878877501184417,0.0841073034005963,0.0942615467260588,0.0702213211144002,0.0867341027433968,0.0,0.1077784163361142,0.0739643124440915,0.1443934962495983,0.0846453667200222,0.0688782993375868,0.1272331305057318,0.0621259975685014,0.1293805921362132,0.0957902555697698,0.0637548326319471,0.0637243765889326,0.0857781049102947,0.0959022024040748,0.0666080650281188,0.0924340133552181,0.0891084192284709,0.0828766044590954,0.1001313556055579,0.0910132923562155,0.0858225646450912,0.0676581927283044,0.0755587838906313,0.080154900356071,0.0837765358430588,0.0564855002894592,0.0733837494057759,0.0692036799290311,0.0749151264155129,0.0873212556228683,0.0907296381818628,0.0878128201764143,0.0916477928459734,0.0698375899868289,0.0847711931386682,0.0925261151668278,0.1708088674595947,0.0544659347112403,0.1147400099638987,0.1028464907596067,0.0873467254837744,0.0732972853683064,0.0863732364226274,0.0659800189929434,0.0803093988538524,0.0965799619073032,0.0838192288074285,0.0937034417137141,0.0881466996253193,0.0793245184349317,0.0745316076990002,0.0984962149866151,0.1055088194830924,0.1320646316718104,0.0733301735353196,0.08284089779096,0.0893050376439596,0.0990851612362039,0.1152777601621904,0.0882721473744481,0.0567686996186758,0.0872801037624263,0.0945731905560934,0.0760981369358261,0.0945740752761098,0.0928144719511983,0.087378303186662,0.0866707747858289,0.0939338720630893,0.0777995269849406,0.0842123648577378,0.0755312036338401,0.0682902139494083,0.0945883049808527,0.0840238380260509,0.0951305878935469,0.0751663624710078,0.09774818346232,0.0839030151710915,0.0845057234664888,0.1088970759581377,0.0578184386465989,0.0792355653545794,0.0528296854492715,0.1158273859216321,0.1117725111222771,0.0570944185925196,0.0723181303225211,0.10134140108861,0.1596701914073792
0.0995510651924469,0.0721545108838409,0.0969574618133369,0.0700339453344976,0.0599660517690108,0.1058405297099555,0.0824220269753499,0.1129969584461142,0.091623739878913,0.0936983513937161,0.1077784163361142,0.0,0.0665756355827987,0.0990804505263778,0.0912886308966854,0.1020451509481461,0.0910992291241542,0.1071390343972582,0.14936009262491,0.0996253543791271,0.1286648364590988,0.072103964871189,0.0590765839932883,0.0764504314408205,0.0882727083606152,0.0711759872314052,0.1229443896377114,0.0903589659942591,0.0925516095627978,0.090338705318765,0.0850810233827144,0.115009554177495,0.0978231030482651,0.0875718843810664,0.0769589485322469,0.0854908725670206,0.1122142378464348,0.097002228911646,0.0790776193443898,0.10170944118821,0.10143377238191,0.0870518324698569,0.1253887207987848,0.0842722069826537,0.1304965427074816,0.065109487341591,0.1099753014669344,0.0939561980624359,0.1186982696237345,0.080951843762936,0.1397878365350272,0.0718313093684411,0.0742108090987961,0.0829630048516904,0.1229594427200726,0.0903387276312385,0.0762501901507493,0.0975033637836051,0.1229322844738121,0.1222812538972497,0.0864852486389529,0.1244673697252951,0.0756346406202126,0.1497402076728971,0.0785656642064137,0.0839026780602827,0.0826479922155169,0.114699325825025,0.1037662627482927,0.1248356291224581,0.1052070732359044,0.0901800716933965,0.0726804364014621,0.073272895987499,0.0603358097489761,0.0992232002049618,0.0894512971994157,0.0860463323117473,0.0774801805005216,0.1161761796961021,0.0867456745269371,0.100322444324452,0.1207623244658076,0.0766262620631611,0.0707668840815474,0.0667879982349594,0.0894595835642997,0.1208373619076979,0.0899575611985011,0.0730402437332541,0.130507626680956,0.0979922654788685,0.0966503184757112,0.0877157007518298,0.0971170177273234,0.0925244325311873,0.0889272981907326,0.0901259857565786,0.0853593888069027,0.115186605081417
0.0663361488004946,0.0548444606204085,0.0713693088134633,0.0639267318858628,0.0635168211055404,0.095550453971283,0.0561702787949082,0.0751603148514774,0.0630647101233775,0.0626608359937377,0.0739643124440915,0.0665756355827987,0.0,0.1020677171676137,0.0682318802319911,0.0643717821196577,0.0856927965823772,0.0779129784313721,0.1300228582963571,0.0748731046864478,0.094632311741352,0.0526222493749657,0.0549612702036595,0.0571750646509797,0.0499684242682018,0.0592746638550104,0.092856889106323,0.0621127212972988,0.0675533990688848,0.052765236401077,0.0664803778022672,0.089642199506838,0.0517482572108203,0.0592566769596036,0.0632234288657661,0.0541693060079083,0.0925725008399377,0.0699833983298086,0.0677947152043686,0.0626413725399893,0.0798342734553244,0.0733098494479681,0.1033174528312565,0.0711252281064451,0.0959978101479481,0.0665550916663538,0.1268033791889442,0.0721705261444579,0.0994792260660584,0.0578109103427464,0.0992458302356731,0.0569525204393922,0.0527669312567323,0.0698694275711471,0.0834093196608037,0.0684844893052018,0.0570041484070704,0.0816318181855752,0.0781348554848138,0.1010094458504815,0.0644739502331108,0.0996661050996958,0.0621510055830902,0.1397368141262033,0.0717303724156143,0.0750411826474024,0.057446518741055,0.069779324841554,0.0805612183738212,0.0819512073838649,0.0716206733926399,0.0544879466996401,0.0625900211167555,0.0711682236150948,0.0627985394891672,0.0774721731172899,0.0613639133943455,0.0718649425294875,0.0758536662857497,0.0896692360157912,0.0538759860574456,0.0635980373600619,0.0879062795085895,0.0575953579293992,0.0593916505018576,0.0628024610617244,0.0634890404426045,0.1031294768292746,0.0611751764154515,0.0624709950417326,0.0949701241508818,0.0611200466103944,0.0726714999493076,0.0616332930010199,0.078502109416548,0.064483861190528,0.0660844008798788,0.0558422726739308,0.0639156597679995,0.1202299963065253
0.1367559284075305,0.1096718045043185,0.1126753123208909,0.1053663424873513,0.1236235347945279,0.168159932480721,0.0956693031690334,0.1185934377406457,0.0986161492920282,0.0997141954491295,0.1443934962495983,0.0990804505263778,0.1020677171676137,0.0,0.1050476751861819,0.1268363849816896,0.0753326729751091,0.1376931941290738,0.10159685985142,0.1111359672458193,0.1444446981589245,0.12225162539338,0.0952643392976642,0.1211034755250826,0.1220700291548045,0.1010442438720443,0.1165948746412889,0.122466404820665,0.0816133985168657,0.0916056204243148,0.1126037028898677,0.1671854702008843,0.1244837794108722,0.1127216378330296,0.1133603053754467,0.1123077111121536,0.1732159395405176,0.1311605246452602,0.1328608798610811,0.1170195826462424,0.1019501676103355,0.118897114234621,0.135580248430464,0.1256818897629167,0.1620822274994347,0.1278784903921946,0.1380481341367277,0.1416703794549551,0.1561930538428578,0.1129464254875379,0.1537938553538319,0.1223538672988064,0.1033487737648804,0.1338265692687006,0.1463872194209947,0.1295751878517211,0.1058200391733586,0.1084947365333629,0.1213749008409867,0.1753626588479097,0.1018416205428014,0.1138744564735848,0.112761961757509,0.1157058116803589,0.1365754633993006,0.1463876532037363,0.1227431530978756,0.1065991653093446,0.100622297731177,0.1217969210423922,0.1334014771637734,0.1039018043351408,0.1113630957721265,0.1127627369443094,0.1039058834051968,0.102456418191535,0.0905918671481355,0.1160900478055859,0.1394423127837225,0.1316278325688429,0.1197041876096493,0.1242933914151691,0.1410625135926514,0.1221600998502912,0.1185793787286435,0.1110860062532934,0.1197612006880673,0.1108436377058701,0.0980196589400618,0.1234165459845408,0.118398918915209,0.1306940928881487,0.1296356988904596,0.1311891176134078,0.1158273160641466,0.0824968814804564,0.1176749148670583,0.1180720336937082,0.0977512435938081,0.1179471816559799
0.0675560379295434,0.0675506942121859,0.0783040275808694,0.0754867494575013,0.0882172904779928,0.1154954719562614,0.0525493836000248,0.0897228880319759,0.073630988847083,0.0893072931152063,0.0846453667200222,0.0912886308966854,0.0682318802319911,0.1050476751861819,0.0,0.0597149361414702,0.0909333693461696,0.0700798409030297,0.1129463935877859,0.0738717928795599,0.0737313121276554,0.0772515817974705,0.0818402442430725,0.0953797780566496,0.0784764480398702,0.0790525869118024,0.0792858939326114,0.0627866899301554,0.0782695914338109,0.0660759245342794,0.0875637200810076,0.1122744494130902,0.0738302158547521,0.0709468566142004,0.0773313539803359,0.0778533271881276,0.1113499293181701,0.0885394633607232,0.1050077744568101,0.0640959459561739,0.0684659653884731,0.0963766665764965,0.0768536338835059,0.0831430784233256,0.0810069512189684,0.0908587566995033,0.1329745790626555,0.0954717260466794,0.1215051124070273,0.0858211854769741,0.0870933493930269,0.0801274508806593,0.0851477755877824,0.0830015674404065,0.0771465920804445,0.0910691707654799,0.0883931461522529,0.0784447570718421,0.0875520895218696,0.1161502777375221,0.0668933235386579,0.1000209116368571,0.0963817610272491,0.1031143711171551,0.0869542211815337,0.0807210755085968,0.0912316478585572,0.0851280616222742,0.0884469488442753,0.0903408106273589,0.0757966356640456,0.069221441659447,0.0777297930949216,0.0689085902360269,0.0910663717710973,0.0796644144413928,0.0549650506142299,0.0775604624291667,0.1002146829209776,0.0988853443991773,0.0898525835311394,0.0568629422958006,0.0709076567225216,0.0959021186678424,0.0788435090210617,0.0913877862406415,0.0823368793313068,0.0724614583187925,0.0716468809411776,0.0663823379820781,0.0831790935787405,0.0651905903582719,0.0834351828117103,0.0760737410154037,0.0971107494933712,0.0880929722864488,0.0756732695227971,0.0756250678634237,0.0823428272052481,0.1352591095521109
0.067472351864653,0.061725199506426,0.0623308131007115,0.0766662212716188,0.0935724239818263,0.0981984752505245,0.0601155021140678,0.0704867838283183,0.0673595556047809,0.07662844546478,0.0688782993375868,0.1020451509481461,0.0643717821196577,0.1268363849816896,0.0597149361414702,0.0,0.1038250173584482,0.0626142530889482,0.1277896256978404,0.0760430974802386,0.0781877183293322,0.0692339119383922,0.0817985988057647,0.0751783373926034,0.0730262684903387,0.0750717096805978,0.074713782320326,0.0719031086908394,0.0805730319974244,0.0686326336130292,0.0649569500609768,0.0991932611394184,0.0690449745082708,0.0649674757069894,0.059776096219305,0.074647281367193,0.1017051385178234,0.0641126438615832,0.1037210930292869,0.0472136380553441,0.0751294487041616,0.0962094661326111,0.0818588743026693,0.0681297239110865,0.0667670982332795,0.0838126049751312,0.1340365500972692,0.0796207360798975,0.1117572634851971,0.0797645569993253,0.0785832455512549,0.0762170093289468,0.0746564731816775,0.068206096089662,0.071498706341615,0.0707858757501738,0.0852784401234784,0.0945251423738338,0.0747408549599226,0.1121112042178517,0.0622231329402785,0.1136456641766185,0.090387470485677,0.1168987530410553,0.0813424230062636,0.0785033941513538,0.0771124780589965,0.085564845059698,0.0909830182311495,0.0741154536617919,0.0674921195798442,0.0609102288011359,0.0738845730623732,0.0684327725943128,0.0866259490370101,0.0789317831514049,0.0593455495122402,0.0666240405297674,0.0881674781595754,0.0856162116013889,0.0737664612051713,0.0359714586215901,0.074483690598899,0.0926735347573243,0.083835519926729,0.0797163353058479,0.0762719376660569,0.0843573713760132,0.0754475200917103,0.059289434271433,0.0735073452904267,0.0531290476736076,0.0653769599317371,0.0546231239387053,0.0801282397773466,0.0977220800198165,0.0810121135537504,0.0598386898720715,0.0701307488551501,0.134731703351118
0.1281868544410854,0.0851709959822005,0.0851180614773467,0.0744622690329944,0.1071790351999835,0.1537531065160873,0.0625871546721182,0.1068408239839262,0.096762951978173,0.091346683262634,0.1272331305057318,0.0910992291241542,0.0856927965823772,0.0753326729751091,0.0909333693461696,0.1038250173584482,0.0,0.1205446663720514,0.1358437742862365,0.1036299587672955,0.1347220483124342,0.0995623087310837,0.0765588182979401,0.101506122585204,0.1083468016532009,0.0579409925664987,0.1044831615341023,0.1134155306492616,0.04968156409592,0.0825352771617718,0.0825083769115091,0.158121773298645,0.1114051655069814,0.0756570992663968,0.0848508981972866,0.1047923852366916,0.1634765937100554,0.1042603975028108,0.1227704914573877,0.0870112797041698,0.0906443046317806,0.1185696447311526,0.1220623517626571,0.1025997451356999,0.1388590392198836,0.1049590327699095,0.1038950788185149,0.1287709135307767,0.1450310009259306,0.0809103458064891,0.1336593396708992,0.111102796035046,0.0802245337827197,0.119164597938787,0.1425994383125859,0.0987899658602157,0.1046491655720602,0.113137482924815,0.1077897016641543,0.1702294579567561,0.0837144486716596,0.1376267524367507,0.0862819684058074,0.1332769499608082,0.1243561316007945,0.1251990903511281,0.1049217396530358,0.0881208088313362,0.067208297938542,0.110778697124323,0.1269913971941281,0.0657215230968856,0.1025593031526681,0.0790792919305172,0.0803637054033638,0.0819179454790901,0.0724692955581595,0.0803707112745985,0.1244221779881107,0.1334724325138082,0.096236183618444,0.0936657743452064,0.1319665423389375,0.1070105119571145,0.1106540587030334,0.0728041790273538,0.1097762524519635,0.1036058187699224,0.0916316483721116,0.0932958455607187,0.0794031902505598,0.1167183423211163,0.1022334347665127,0.1094430114905603,0.0871211136936139,0.0648998090430089,0.1140605374237108,0.1039903415248073,0.0669183778323014,0.0761999992028997
0.0792712910250401,0.082330980189918,0.0885995638474365,0.0982209654962269,0.1043552097034227,0.1012121981188698,0.074763290721399,0.099437652531239,0.0760963842239273,0.1000394075204123,0.0621259975685014,0.1071390343972582,0.0779129784313721,0.1376931941290738,0.0700798409030297,0.0626142530889482,0.1205446663720514,0.0,0.1125030209645052,0.0886218870665977,0.0508316976120795,0.0602606903230291,0.0894963639578434,0.0979870526358602,0.0857802500613883,0.096587481711077,0.0779995091430728,0.0884922339988044,0.0861596287639454,0.0842444375289215,0.090996856482356,0.0906200913717248,0.0802832820315663,0.0775162523400739,0.0908445428689199,0.079767755324607,0.0917740082232454,0.0748650345280726,0.0975798443200103,0.0829798041537782,0.0739054092187919,0.1091116166259224,0.0762472647539252,0.0797315595699832,0.0631234913491877,0.1009738973242372,0.1629324350678276,0.0751195490423799,0.1273253625489828,0.0991671050571389,0.0800407626869883,0.0859417281113688,0.089357192175803,0.0780769779277787,0.0792906667704817,0.095666959792444,0.1016189118110656,0.0981332342597973,0.0947892128264785,0.1057353651596431,0.0557127874241139,0.1062342931884813,0.1063579826459565,0.1144737500581256,0.0821856610941699,0.0931904633615522,0.0960927046394208,0.0966908385975837,0.116337851445908,0.0895027570512793,0.0680785073378852,0.0868530090139648,0.0932688768944413,0.0759949786149308,0.0974866263256322,0.0914948908223587,0.0786506668049938,0.0809533318534458,0.108108713160105,0.068562362002284,0.0853426759158938,0.0623474743047837,0.0648388314318072,0.0956854536214474,0.0923656951499721,0.0985701060977593,0.0897694833534906,0.0912591574447507,0.079476682851711,0.084206149941634,0.0936005059454059,0.0657610076115999,0.078226222081258,0.0622375823340806,0.1108437048234181,0.1044477657365192,0.0676688011137019,0.0753536681890851,0.0919049843438291,0.1534735893230043
0.1259599835711009,0.1359651628943332,0.1466438026445344,0.1615687801309822,0.1610092496804274,0.1770170626128729,0.1089871457990716,0.1418067031557083,0.1037183584686669,0.1257270839485196,0.1293805921362132,0.14936009262491,0.1300228582963571,0.10159685985142,0.1129463935877859,0.1277896256978404,0.1358437742862365,0.1125030209645052,0.0,0.1152387497042486,0.0951591873996504,0.1437564196734238,0.1365492355366322,0.1588436727127669,0.1418357391054232,0.1378226384936129,0.0902590095386873,0.1360727330471165,0.1166187636448537,0.1270074195791762,0.1464887024495358,0.1585519444966849,0.1314684130964249,0.1401435096086351,0.158360815719323,0.11529894770002,0.1610244155015069,0.1183532094660521,0.1388812312325903,0.1385767606560968,0.1147459106606434,0.151733416373381,0.1128732174427387,0.1443448895506278,0.1211157707606636,0.1647538404617398,0.215734817575537,0.1368061765085176,0.1864786102392612,0.1600683315773421,0.1142178734894411,0.1510151860315856,0.1370416348575228,0.1522587912510267,0.1247738818962556,0.1602948977520881,0.1400206432635052,0.1112814095424617,0.1106158309936466,0.1658776065312582,0.0992337561844676,0.082792303129631,0.1593273668327803,0.0869982024703322,0.1535709128203937,0.1752589258432427,0.1476301949814968,0.1117677671897196,0.1427315792135675,0.1162085281283699,0.1232721055829801,0.1370417665090539,0.1436351484569165,0.1221316968232723,0.1511497058144952,0.1183083190517117,0.1099272385616422,0.1498305629722679,0.1893109374506408,0.0889139963818421,0.1409187380390243,0.1231108686657409,0.1114658253999878,0.145899612786206,0.1411407265352856,0.1565916921174218,0.1326443960193779,0.1003320892031616,0.0978824098018438,0.1450355383582371,0.1326011930321451,0.1232319688962454,0.1443540713154536,0.1324463217463966,0.1718685534831174,0.1235439224949627,0.1145265416654306,0.1270744026336749,0.1548306769868668,0.1813760958506416
0.0581465323118908,0.0687474123974343,0.0571820119672375,0.0847839406624959,0.0935092264077618,0.1061559148476563,0.0823584459914213,0.0584695364833078,0.069504009517828,0.0712715013297408,0.0957902555697698,0.0996253543791271,0.0748731046864478,0.1111359672458193,0.0738717928795599,0.0760430974802386,0.1036299587672955,0.0886218870665977,0.1152387497042486,0.0,0.0878431612646491,0.0828886493114248,0.0833705026883852,0.0776750302292071,0.0717912245521702,0.0871318095619026,0.0550473365340324,0.0546113176098314,0.0796337256836735,0.0614794939965311,0.0827376703304732,0.0962026205397532,0.0670767256714953,0.0790489551352952,0.0738025211367247,0.0692197287685423,0.0969421435974386,0.0764527304301857,0.101541104186255,0.0665962411126619,0.0893656814372278,0.080943793871073,0.1099561197542623,0.0740285035940072,0.1060035811868754,0.0906540666680991,0.1460196434045965,0.0846971572196763,0.1113606925923007,0.0840197202728595,0.0796419821975413,0.0785569703583282,0.0733290019979607,0.0783649304502696,0.0760613808047951,0.0726910129399944,0.0773577502734775,0.0749747297430142,0.0642676536206701,0.1071991291009415,0.0722622462283418,0.088142053997798,0.090593006549647,0.1247719080427536,0.0858671247417267,0.1020050447076521,0.0751910609640302,0.0602328663432416,0.0824586890886234,0.0737912795878189,0.0858917306289714,0.0747437575563378,0.0601885075994966,0.0878159369853893,0.0773756912066377,0.041246072416447,0.0672668040537785,0.0903875336887923,0.0974945864592537,0.0885685929972795,0.0702653056154581,0.0726119579227969,0.0792361528659219,0.0910504051619027,0.0702580550172969,0.0878026145035333,0.0611265821887764,0.1005667332852374,0.0556459261040229,0.0838179643807506,0.0843554395231268,0.0641536164868505,0.0798728901988142,0.0731756597993007,0.0791321375326695,0.084420848823989,0.0871786481071878,0.0648248802255762,0.065116032252274,0.1400998813267293
0.0791214599817246,0.1048526454331052,0.1114375912815859,0.1232990944255894,0.1215843036276296,0.1257464898408215,0.0866415222473945,0.0988324807594073,0.0720468567334211,0.1069790404523805,0.0637548326319471,0.1286648364590988,0.094632311741352,0.1444446981589245,0.0737313121276554,0.0781877183293322,0.1347220483124342,0.0508316976120795,0.0951591873996504,0.0878431612646491,0.0,0.086687393073248,0.1081650210547982,0.1229506571378819,0.0927928896133349,0.1187098933761421,0.0714556155377547,0.0916735259403196,0.1041074614375249,0.0920361473453898,0.1123433353980228,0.101783181531171,0.0863927080009098,0.0991478265131742,0.1133001617406433,0.0768999638823354,0.1013108185926904,0.0853333256642185,0.1040740800181848,0.0967249838468894,0.0784041429994872,0.1104408908036523,0.0699196688976352,0.0998887760665594,0.0700130957915682,0.1255576036499179,0.1913851928276308,0.0872511941030002,0.1431252359413189,0.1278395630586421,0.0727484604033167,0.1050397314581959,0.1082770624940622,0.0959040528246981,0.0671122913341369,0.1246099010672884,0.0990304277725754,0.0794515420297953,0.0843570753330688,0.1122656066505783,0.0777847292030984,0.0949136079254492,0.1302011507192576,0.0962851217968065,0.1073106136535465,0.1145738774018014,0.1183975796472825,0.0934485518121804,0.1300801588856925,0.0932177568987617,0.0643050029711607,0.1055678886829865,0.1120825780205513,0.0967359250674392,0.1192198022943746,0.0921868956160817,0.0824047147027071,0.1031408600077998,0.1345372815905758,0.0697818737836862,0.1102043169413757,0.0826442931806536,0.0603222360663158,0.122061342777308,0.1067536275668455,0.1234724802334824,0.0874358257568185,0.0869410045895628,0.0756705172926849,0.110953380651195,0.1023809576230494,0.0658950311322144,0.1048117029546535,0.0808780159584943,0.1434253120220917,0.1149164155715064,0.0710198149504911,0.089589546289968,0.1216291960941244,0.1771115405872056
