0,1,2,3,4,5,6,7,8,9,10,11,12,13,14,15,16,17,18,19,20,21,22,23,24,25,26,27,28,29,30,31,32,33,34,35,36,37,38,39,40,41,42,43,44,45,46,47,48,49,50,51,52,53,54,55,56,57,58,59,60,61,62,63,64,65,66,67,68,69,70,71,72,73,74,75,76,77,78,79,80,81,82,83,84,85,86,87,88,89,90,91,92,93,94,95,96,97,98,99
0.0,0.0723338930214555,0.0945443465122061,0.10981638134967,0.1056728132240729,0.1554361982270525,0.0995541819162756,0.0864028291044271,0.1623322076505756,0.0936633954988763,0.1391318183868037,0.1276859994562935,0.1273121616959806,0.1110060129986029,0.1118984302165839,0.0583093005682124,0.1305953766579889,0.0844129327494064,0.1183280667811342,0.1046814112248754,0.0873953903666982,0.0696749537308107,0.1232600099619579,0.0653004369154434,0.0921467129104414,0.0910080199291735,0.1284546242995687,0.1255429997468548,0.0805701731790515,0.1352170412681861,0.0989424576104184,0.1096373057596676,0.099042357855529,0.1194096092626112,0.1592256051671253,0.1084826417045416,0.1242641032434657,0.0749800290818655,0.1119521479863099,0.0833677915248441,0.1222976396717169,0.1089543367661283,0.0768709721912459,0.0701355185528879,0.0758282783478985,0.1245761210625249,0.1624422525530345,0.1415746262278817,0.1256958645864837,0.0965147790397637,0.0719623313442458,0.1422380610002374,0.1231648581435402,0.0686845711866577,0.1065745970136618,0.100517882208245,0.0902405089305815,0.0986645497379424,0.0891991778839651,0.0680111157422725,0.0605292419170541,0.1433736722343211,0.1376681243177409,0.0893585093753224,0.0853439327232006,0.0696137119034481,0.060868328178067,0.0909830960638219,0.10433852849475,0.0951342053900017,0.0621103803334318,0.1167476054331653,0.1592186439992294,0.1107019085628935,0.1008492659341326,0.0938042700042474,0.1054371875813086,0.1003970942195589,0.1436228573672531,0.0793728795223029,0.1386434304122544,0.0903127669982402,0.118526252910576,0.1049771589081276,0.060369523827806,0.1465728167459037,0.1305837170808642,0.0704735740198907,0.1129292597648396,0.0664728181926616,0.0798516566865215,0.0781894197407224,0.1113938125504922,0.0703869299813689,0.1072483340141503,0.0667309461378649,0.0767254180592472,0.0616260395080913,0.1079828058752185,0.0594982626748108
0.0723338930214555,0.0,0.1056522337542257,0.0607937206429043,0.1049539882371741,0.1784116468693568,0.0666209495974371,0.0658213995944057,0.1846657820730516,0.1268425228573388,0.1636070093440296,0.156953379682683,0.1524044980647903,0.1287717130991612,0.1312860543356995,0.0902356016753738,0.1419224815463148,0.1123194348459328,0.1464238851510285,0.1352408343475865,0.1160133412138024,0.0933047524319422,0.1663339218122446,0.1057877973740214,0.1143146963675213,0.106807876254775,0.1505021829126556,0.1420295060900975,0.0928758164491622,0.1520747220327055,0.1424043347050569,0.1410888047919087,0.1201405289928825,0.1498572140734159,0.1855506638439595,0.1389860378891575,0.1588138098318998,0.0984474330494239,0.1349211717848223,0.1149041243843499,0.148588286724201,0.1294200044670695,0.1049008403199743,0.0914641449951886,0.0772774994461676,0.1524405656291042,0.1841487399034531,0.1654614025564661,0.1635692641500538,0.116654786038719,0.0891571619921299,0.1674146416397321,0.1476880675733419,0.0737363481166322,0.1316229328000724,0.1077000624905738,0.1000441121734069,0.1153553484656177,0.0927490294654235,0.0621855440205732,0.0703213749929081,0.1693214314409191,0.1594258643101319,0.1078934193984384,0.1094940558062647,0.0882602893852049,0.0920086361797495,0.1114935338257879,0.0851720116858539,0.1193305863018674,0.0822405598396876,0.1363529481525606,0.1852113669820453,0.0967460631428882,0.0982810323213054,0.1192191207876075,0.1335552276372776,0.1135066300673948,0.1665791015271049,0.0907083777778919,0.1629837700316549,0.1036269436473357,0.1478641407616916,0.1051950405148715,0.0508251736030329,0.1691709007331098,0.1518188957855016,0.1009975015102698,0.1377950495713455,0.064203514500228,0.1048874956640388,0.1058646728519165,0.1462118568044514,0.1075503942137205,0.1207230510952442,0.0828889380514418,0.1106747828542112,0.0998046083325544,0.1382709519182942,0.0852987890665385
0.0945443465122061,0.1056522337542257,0.0,0.1471821793569865,0.1439662014873642,0.0790222687043083,0.1211733318186705,0.1024775796018016,0.0882100172721094,0.0958153577991313,0.1016497026822674,0.1016807176391833,0.1149398026724462,0.0872989821976049,0.059892213039262,0.0870496620502054,0.0762679328673349,0.0648353875496131,0.0783988481137501,0.0968655243018671,0.0789287046998637,0.0915829720921041,0.136946069578984,0.1003671402234576,0.0644380627564241,0.0567656026603775,0.1084631456725594,0.1089875324829398,0.0757675205312051,0.1157497260893261,0.103368434308125,0.1373389039261026,0.0748812859338427,0.1154875294499953,0.1142933179040841,0.1049191628935774,0.1117855360477046,0.0730411332983167,0.1305967429489382,0.1203914277726245,0.1509190065885461,0.076204659718112,0.1155248136651874,0.0761284297226595,0.1134563604717251,0.0890340166313481,0.140904459118034,0.114601483477003,0.1147238771121342,0.0645200406210267,0.0675278161727192,0.0751377211015228,0.1266379758957165,0.0694744143911248,0.0759905604625782,0.0578209170610751,0.0676050204212387,0.0822581951164764,0.0909121189644895,0.0802767213225239,0.08503950256524,0.1004190139766549,0.0780913117731936,0.0915976265317519,0.0970558213065484,0.1001053540514161,0.1009659445215586,0.0654312787238339,0.1445588806795451,0.1273462994113608,0.1230078929294223,0.0586658924379127,0.1057981898322627,0.0749925469928187,0.1242000956794237,0.0810021241932714,0.0740732070606567,0.1141552050321282,0.1544657042420595,0.1120042248794868,0.0975642695066543,0.0985809410928203,0.1217558732486675,0.0791707981526427,0.1120726431708742,0.099587876824524,0.0888258949411274,0.1223740507927388,0.14556147057754,0.0804770135089019,0.0945420134272688,0.0595907082178732,0.1066255676656096,0.0830909712729773,0.0575718684650099,0.1102659426565727,0.0905819109199987,0.0806892631716196,0.1041610715889301,0.0937189772410816
0.10981638134967,0.0607937206429043,0.1471821793569865,0.0,0.0895310946499258,0.2206086946802479,0.07593954842876,0.0857358750934094,0.2297842541861748,0.1578563520736861,0.2078900929172502,0.1949040225103496,0.1992685928525566,0.1696086583181746,0.172173323331089,0.1302095751695355,0.1869058243405677,0.1549265727018887,0.1923577190210892,0.1776534063012905,0.1553215941445049,0.1384652626241442,0.2068264337228008,0.1489987868936738,0.1534415992059106,0.1481268043324704,0.1903635575866505,0.179127459892434,0.1365417672352739,0.1939587222537769,0.1827068729726894,0.1691397681122802,0.1634219180324958,0.1901470396559585,0.2278910430375269,0.1788944725183027,0.1917006918509539,0.1394734801508819,0.1664018897887026,0.1448276441903821,0.1799294710240754,0.1745629578154906,0.1472518532438049,0.1318131330479943,0.0938031017098145,0.1984720906935304,0.2228142416558691,0.2067540519220309,0.2072062344801197,0.1465959907809194,0.1280095412836384,0.2071468577365899,0.1850297685867113,0.1217863469339591,0.1756788288193646,0.1536169478825143,0.1404505429264663,0.1618773933963531,0.1382800237331302,0.0988512103094373,0.1015945107006788,0.2155263182594753,0.2020823359278652,0.1529560705338635,0.1446221037532963,0.1293302722995262,0.1242935965067721,0.1550058865900906,0.0829459444702446,0.1487805096922889,0.1148786738283978,0.1794367588466827,0.2280779203963901,0.1369600880969496,0.1294340114500856,0.1580652205201068,0.1744264120552231,0.1517338102216711,0.2063256407826293,0.1135909324079383,0.2093537183813975,0.1394193033299912,0.1881540358376535,0.1451116794923642,0.0740257456726958,0.2153536129325859,0.1929065444299783,0.1362923711705919,0.1681507440359756,0.1109063248002937,0.1513696351794953,0.1458350519011971,0.1871269750246338,0.1476468042397678,0.1625245182410022,0.1020119013578274,0.1501056685169222,0.1428973938373046,0.1825963865431762,0.1319124702639412
0.1056728132240729,0.1049539882371741,0.1439662014873642,0.0895310946499258,0.0,0.2083163318062137,0.1118159070284662,0.1119466844935707,0.2198652740454357,0.1387914099810798,0.2059878235666129,0.1727190742468053,0.2082009503479088,0.1711861354314043,0.1599602440671848,0.1194315285561519,0.1871221730516103,0.1363711536701801,0.1931998482032525,0.1774550285144652,0.1393885795577929,0.1435045758591895,0.1977941059255302,0.1356901851526333,0.1467095683483901,0.1428657667776071,0.1772644587083537,0.1827046687859549,0.1472770921179941,0.1940746221293395,0.159218187114058,0.1477317787824129,0.1630040872662861,0.1819577256431201,0.2200388729689273,0.1786949074315168,0.1811998510547778,0.1221897871175552,0.147360142129466,0.1192728355339375,0.1830526167764487,0.1617929459912709,0.1491144283389033,0.1484028875090083,0.1079439935618417,0.1881328536716864,0.2183253631635478,0.1953426532124371,0.1913925581767343,0.1344243916893538,0.1351089991814252,0.2004920092936237,0.1723131721663912,0.1351391345134447,0.1786337976585955,0.1687754881497239,0.1361728745979132,0.1801415355706075,0.1492730204215469,0.1287166100693039,0.1015835191877652,0.207520006089434,0.1852499147398819,0.1601566404100324,0.1512343500773543,0.1495408898590446,0.1065646840495257,0.1617878479380345,0.1064127990161321,0.1371715631120432,0.1184710907866114,0.1774760186711667,0.2106822397465055,0.1520801971984065,0.1436932355585963,0.146156934157797,0.1588993515356265,0.1675291182113775,0.1980320509516933,0.0973692124220146,0.202880950607487,0.1525652060035436,0.1775236094048697,0.1475611381242204,0.0974678154568012,0.2156106439578271,0.1748043864965253,0.1410023681835091,0.1642336931794189,0.1365559725274071,0.1601990488598499,0.1373771395616826,0.181911521437769,0.1299808449807717,0.1542617397540257,0.0929483948647048,0.1302285374387337,0.1323924666402448,0.175863747027157,0.1496552110095662
0.1554361982270525,0.1784116468693568,0.0790222687043083,0.2206086946802479,0.2083163318062137,0.0,0.1904985856400261,0.1654751059337638,0.0525050276978103,0.1392162529527526,0.0954475395803142,0.1013287910884571,0.1264331748123334,0.0942241095072689,0.0708977099159482,0.135272805058138,0.0734820075201071,0.1041881675423421,0.0731962317478001,0.1214296602532291,0.102095893404432,0.1338614072836177,0.157925122595515,0.1447744479201826,0.0940034504965726,0.0926352038448448,0.1231882185685598,0.1283984499887963,0.1144220128505515,0.1217951289230147,0.1358075319552642,0.1738200773314011,0.104506575344344,0.1459923308842877,0.0908202200916619,0.1369324455092675,0.1140073986646693,0.1253145234711607,0.1676601111283114,0.1511534882384299,0.1924152142281625,0.0957577307325612,0.1646763232947428,0.1219162927623184,0.1821727664880484,0.0932787074317534,0.146264190024216,0.1234674980446617,0.1229276160103464,0.1023219195372207,0.1068036687586883,0.0500413273608459,0.1420023382108693,0.1228826518775194,0.0905355489774345,0.0853245218541829,0.1122331196707995,0.1111438843101723,0.1399210736840982,0.1497923218403209,0.1529173702068813,0.0997936573015456,0.0590396474318817,0.1317224600895672,0.1396519703018018,0.1492255379497251,0.1548368954302242,0.0891904724978226,0.2059085680817565,0.1790880604402014,0.1853197809043144,0.0622584405531597,0.0910933941268967,0.1069531235465434,0.1772447892416083,0.1140887129124124,0.0895570839881362,0.1554937106640879,0.1723109483424399,0.1718159462447589,0.0963701549292697,0.1330554907143039,0.1407592167571567,0.1133059759804389,0.1870302882778418,0.0935205468172176,0.0985912866368197,0.1723680690809306,0.1788186677321133,0.1319579669238045,0.1284979937014678,0.0921984774523808,0.1161177016313544,0.126368549359442,0.0795586369766914,0.1736205170384427,0.1218198812272276,0.126645088795483,0.1209921655347512,0.1444128510566043
0.0995541819162756,0.0666209495974371,0.1211733318186705,0.07593954842876,0.1118159070284662,0.1904985856400261,0.0,0.0754710363558359,0.1948172222892004,0.1166978083680364,0.1792855718452855,0.1749354326448951,0.1783519323435257,0.1583453137315497,0.1527869286487422,0.1263926793159416,0.154278209005387,0.1243152442341972,0.1617487862995823,0.1374113493336842,0.1357562770439101,0.1119410596261256,0.1857260492422542,0.1334717213521806,0.1195982352854506,0.1141200040389245,0.1696234901236571,0.1693495166208021,0.1102394484039753,0.1730229883325041,0.1544787327546244,0.1389226841801709,0.1478792299874808,0.168077810472856,0.2142483425905899,0.1542196283551182,0.173342192632508,0.1139776672622646,0.1285606938397382,0.1177851680718776,0.1592038421543557,0.1571640951846813,0.1346887288831245,0.0969948022333829,0.0722691253119207,0.1785240075637056,0.195374869067432,0.183398883779119,0.1838722717999715,0.1325599337716478,0.1072706689590837,0.1859526303385711,0.1556532495352268,0.1004359730704239,0.1457502213290227,0.1285655533418714,0.1206159640994092,0.128165110386328,0.1266804534545306,0.0669070047393692,0.0864493715430983,0.177948438443338,0.1775108911273253,0.12387212018536,0.1376377394349336,0.1101339725805089,0.1181750358235885,0.1366811562206157,0.1056588264030911,0.1106502868433492,0.1054731685506864,0.1600058357391418,0.2105543625399428,0.1123123380480293,0.1131698972338754,0.1222490566237121,0.1580518754740453,0.1277694313303335,0.18367659271632,0.1004539940687489,0.1698488260894291,0.1048755260342935,0.1416972118450856,0.1298020394345461,0.0624149581511735,0.1855242364765705,0.1572084371422913,0.1269658458110363,0.1431401857525602,0.0905167413906695,0.1198267017092974,0.1236858270056507,0.169885189069719,0.1105699470759687,0.1324598388711182,0.080286849370708,0.1257331491506992,0.1209108264512466,0.1543268104165896,0.1048539465196796
0.0864028291044271,0.0658213995944057,0.1024775796018016,0.0857358750934094,0.1119466844935707,0.1654751059337638,0.0754710363558359,0.0,0.1813295661214983,0.1352272044981031,0.1787365144952848,0.1663922758317699,0.1683422540099272,0.1320290485726433,0.1368492246079793,0.0988095474931995,0.1473363508651151,0.1262889619705326,0.1595846212270503,0.1412404936331775,0.13379297681971,0.0986818744387944,0.1825257448240029,0.1221786213458935,0.1201378299921044,0.1100654216188655,0.1708118911051707,0.1621748472106082,0.1095691344591288,0.1729289956875727,0.1638074683799829,0.1569131409656088,0.1268806395579644,0.1712484599055538,0.1949998172868258,0.1574658369669682,0.173436560651392,0.1120506268462406,0.149517166736893,0.124294511796649,0.1701296314981922,0.1464071325398101,0.1207523755948892,0.1021380583964417,0.0870435498695149,0.1662103660378885,0.2076997699359783,0.1872621000776783,0.1632045824984706,0.1007392003665437,0.1002743451415245,0.1561824134321789,0.1715455458750975,0.0779071740140466,0.1283364118382193,0.1089277895969503,0.1201014516557178,0.1345385818373587,0.1216959732652476,0.0643990504650774,0.0907326551877692,0.1793641955850273,0.1670289529916293,0.1210588892854872,0.129920322206524,0.1058900872595113,0.1029634911556389,0.1196705690745936,0.1266080211783925,0.1372934848964041,0.1151285545621263,0.1244583790142592,0.1866346523201063,0.0964010362844139,0.1359288656600303,0.1319338116408584,0.1258927701916423,0.1352647210966341,0.193797571130484,0.1166358164426983,0.1802211665187218,0.1138379754567501,0.1567224648672344,0.1094271880552927,0.0603392460850488,0.1798294770029281,0.1656472584265586,0.1115137416901256,0.1568855570512651,0.0926148300713055,0.1210605782300497,0.1047881481992065,0.1556222961576835,0.1161617431859367,0.1182339267579362,0.0971185946685144,0.125835437153852,0.1081286704125249,0.1525811170960229,0.1093535499380907
0.1623322076505756,0.1846657820730516,0.0882100172721094,0.2297842541861748,0.2198652740454357,0.0525050276978103,0.1948172222892004,0.1813295661214983,0.0,0.1443058655617384,0.1073453120071261,0.117140711848943,0.1180734724108107,0.1094969038138882,0.081420855951082,0.1458329856668183,0.0728007327491356,0.1142536052563078,0.0806101472078459,0.1305008688183488,0.1145175367732659,0.139595319101603,0.157907967116804,0.14739209630313,0.1059842491596576,0.1019507240148384,0.1309995877548157,0.1394686192461141,0.1271616391027929,0.1271473474528288,0.143274545149271,0.1813891615432577,0.106272172016228,0.1500967267111341,0.0811600479820532,0.1396615758928182,0.1298083803646214,0.1345860069111742,0.1770641555699858,0.1612197319542133,0.1973959848088507,0.1047187360946407,0.1677233635731997,0.1237808994941334,0.1868752851884553,0.0826751030548127,0.1467167088792935,0.1281925226281942,0.1193373668061591,0.1193401724376636,0.1197432896756778,0.0678818695282659,0.1527679277370668,0.130571407239835,0.0981986236289294,0.0946626116526002,0.1182151027739245,0.1123630442018049,0.1401635184037889,0.1573269662035436,0.1621365712546254,0.1023961765593379,0.0757729125427855,0.1348449056424698,0.1520816769150805,0.1529706665519577,0.1611708560657704,0.0975498319923653,0.2159934654521147,0.184955359786576,0.1895226285247408,0.0769584926833468,0.0823544212933497,0.11704977210395,0.1790418017629212,0.1300761852550983,0.1012536633929068,0.1612594826038539,0.1825717106008752,0.1789735655790232,0.0932829797009357,0.1424370412711337,0.1503362907916086,0.117176748449373,0.1934426110934149,0.0824292845538957,0.1048945301514773,0.1798766685355968,0.1819972011649971,0.1366829971243181,0.1358886476199306,0.1050260634610763,0.1292136661116567,0.1324832199165794,0.0967665303354571,0.1857047055001345,0.1256909102768994,0.1319245830259045,0.1244065989478336,0.1457172689328585
0.0936633954988763,0.1268425228573388,0.0958153577991313,0.1578563520736861,0.1387914099810798,0.1392162529527526,0.1166978083680364,0.1352272044981031,0.1443058655617384,0.0,0.1216018505603369,0.1239926285906171,0.1421019087777674,0.1310543155734389,0.1262924992728885,0.1198861784948011,0.1267172331639511,0.0763979116336097,0.1139617197156517,0.09516884902023,0.0913045910927299,0.1005788309418566,0.1282721541186838,0.0997393510940737,0.072524655118832,0.0714670242142377,0.120241885676345,0.1302137676299381,0.113155186908144,0.1280896710242714,0.0931905075705872,0.0757838780229029,0.1339504288210619,0.111435335130366,0.1653045457862013,0.1113646541972196,0.1127952661346369,0.0938615328349322,0.061689534172848,0.068821943419028,0.1193391210608134,0.1282310189597063,0.1228281509814382,0.0797968348937218,0.0851088770642146,0.1309310853069992,0.1389018189065519,0.129340107490248,0.1353106858531711,0.0999411500635291,0.0906793293457955,0.1402648013983973,0.0830883780599118,0.1031449122829562,0.1084306803228953,0.1141524879363673,0.108901990969996,0.1158018081991147,0.1349054887776619,0.0907226678447064,0.0992868991577005,0.1239240927117761,0.1221068804596938,0.1249378845457109,0.1055022088998704,0.1022716893277972,0.0979533802220262,0.1023728165132421,0.1407068892098254,0.0791462252684631,0.0972065423918144,0.1228917537284485,0.1585706820312538,0.1399900813408353,0.1057547082334363,0.0769373165595339,0.111548554600474,0.1150211199781068,0.1211833912601189,0.092468299019922,0.1112904424577195,0.0959022394901781,0.0877356670461837,0.1519937741513146,0.1088227730279338,0.1441487234523456,0.0945528909057866,0.1204409934988377,0.0838693172144147,0.1123936456455552,0.0975762715896874,0.0871812766531739,0.1223121748767999,0.0559070812419468,0.0974421432594389,0.0823193846161916,0.0818736504894471,0.0850967509647031,0.1108428582258501,0.0881995027581692
0.1391318183868037,0.1636070093440296,0.1016497026822674,0.2078900929172502,0.2059878235666129,0.0954475395803142,0.1792855718452855,0.1787365144952848,0.1073453120071261,0.1216018505603369,0.0,0.0768965810206584,0.0742299789604515,0.0829935700642729,0.0908688506146486,0.1209573601311721,0.1065606781960672,0.0982173216405653,0.0598048112649972,0.0719225090080164,0.0911800735839964,0.1113823072861871,0.0934939281170314,0.1081476704388542,0.0951136412256907,0.0894155918125331,0.0927640339075261,0.0795519118761832,0.103570640750452,0.0928527848628647,0.0989889895376545,0.1216372160526889,0.0912451163215562,0.0975758585521841,0.1088317550825691,0.0863155639261643,0.0750326231853045,0.1031084431129932,0.12710727471721,0.1423382344500891,0.1327030436034857,0.0961121079661442,0.1348142252609437,0.1033213616574577,0.1608043660130112,0.07398480466003,0.1018589526664177,0.0939791885023355,0.0795937633910101,0.1340840211390898,0.0974277113768616,0.0976910058246938,0.111393008669953,0.1298501622568633,0.0728804278135637,0.0926346066442321,0.1161024659437575,0.0840306282059329,0.1059340687428915,0.1378228721190506,0.1361238191831291,0.0501088271353078,0.0871827635823847,0.0989590084862527,0.1088106084287703,0.1164112130577182,0.145048219510724,0.0792643644923875,0.1737434021883313,0.1480692241580358,0.1522345087440647,0.0900998440642086,0.1098213272592571,0.13489343535915,0.1301035831014385,0.0888637911464419,0.0913274310451879,0.0965729254961134,0.1113789305125612,0.1416478878400879,0.0687217379864794,0.0948518652309383,0.0878024723487164,0.1553291879746696,0.174685829065293,0.0635003148523916,0.0662258603080802,0.1295370302082323,0.1198044098630555,0.1128396274786974,0.0827386301888603,0.0990997457937263,0.0714554667606298,0.1168422681508813,0.1108044778388279,0.1553492079472532,0.1029892657307724,0.1127336301260775,0.0676831344947538,0.1191574342267798
0.1276859994562935,0.156953379682683,0.1016807176391833,0.1949040225103496,0.1727190742468053,0.1013287910884571,0.1749354326448951,0.1663922758317699,0.117140711848943,0.1239926285906171,0.0768965810206584,0.0,0.077187419246938,0.0781442944652377,0.0958209837352746,0.1079920119106492,0.1089198463500857,0.0830580264043032,0.0742381860905469,0.0777911888372908,0.0702633954040666,0.1063231771625876,0.0927201015529486,0.0994635143243344,0.0743803940265024,0.0844064527027548,0.0697563502505225,0.0715915081015747,0.1058451720267818,0.0924732070560712,0.0800832278703451,0.1135107234283442,0.0874825563245336,0.0721442020887455,0.1029956252369344,0.0763981891917374,0.0475874606854729,0.0846133681301166,0.1243250425485063,0.1298263100101632,0.1288366837672462,0.0760112810559867,0.1219889347802463,0.1052304602988645,0.156067506519836,0.0719072015786609,0.0880839132604923,0.0677822812420133,0.0722819530554854,0.1018505994149954,0.1007647664581117,0.0899420677254542,0.1040913059342379,0.128731175836849,0.0860944152442067,0.0999479708758216,0.1046346384516824,0.0907564963543161,0.1067532085685481,0.1366466852528856,0.1248306730802011,0.072217436769458,0.0634436469892523,0.0986395939897107,0.0893484898612013,0.1232835818873769,0.1156728580659798,0.084321317436302,0.1662563066333076,0.1483443227070062,0.1422810347580241,0.0854612888115864,0.0985939876296892,0.1349564346526224,0.1272621392491071,0.0802695947815697,0.0830087382717299,0.0968592541124197,0.1043986275466046,0.127950841901285,0.0784008812588809,0.0966207712233875,0.099736994692213,0.1409973149544971,0.1647881475130306,0.0834282415387575,0.0564150926033714,0.1172457980370178,0.1073984692664207,0.1173364782202522,0.0810055206788917,0.0854077621339997,0.0737966459203157,0.1018853545885152,0.1021320255587916,0.146825994402745,0.0855605407536737,0.0964063073695596,0.0698015362246524,0.1226915132284105
0.1273121616959806,0.1524044980647903,0.1149398026724462,0.1992685928525566,0.2082009503479088,0.1264331748123334,0.1783519323435257,0.1683422540099272,0.1180734724108107,0.1421019087777674,0.0742299789604515,0.077187419246938,0.0,0.0861896411356772,0.1072341701111392,0.1074866989570105,0.1305772080855432,0.1031756218049168,0.0743775740854417,0.0810238464392423,0.0969913073433601,0.0959724270017894,0.0782999328041588,0.0835259730176107,0.1124360861385741,0.1062678138981901,0.0813130042715117,0.0801149062163167,0.1035746492993689,0.1093172130772915,0.0969544047537075,0.1316442319224025,0.0728554912446302,0.0834744069169446,0.096113443971216,0.062519467550875,0.080680384458435,0.1003964164370236,0.1503076502931193,0.1582235406956834,0.1263766206426789,0.0877471236251368,0.1082125379818331,0.1063678473192917,0.165592758568809,0.0583200436498533,0.0976382190073112,0.1031309096541599,0.0585658914540539,0.1330782063468162,0.1137575422023967,0.107927822107403,0.1171237729036272,0.1215139993917452,0.0793693058042192,0.1004326230162851,0.111794286346988,0.0812395220655866,0.0870641741838147,0.1368589493421945,0.1267061753184819,0.0709713006747354,0.1080919494835425,0.0763888478827543,0.1097245129690474,0.1085155053141794,0.1256154420081298,0.0815193320182246,0.1742651279802791,0.1536674375634588,0.1421710433101212,0.0948845755696966,0.0949505054526766,0.1330530595354633,0.1253995205136715,0.0996511945150806,0.0851196290913572,0.0922296191895755,0.1113301017438706,0.1457247568492711,0.0864497828053223,0.1039595760296487,0.1179584726123075,0.1454971835350182,0.163274462801655,0.0561001031438076,0.0796166418425528,0.1122797759798335,0.1254011136210548,0.1042688041832903,0.0762108062901848,0.1017398047621343,0.058450646659047,0.1172959526601687,0.1325174160750849,0.1669964874818298,0.1012556454168758,0.0944285002624894,0.0711966351410309,0.1120085078903143
0.1110060129986029,0.1287717130991612,0.0872989821976049,0.1696086583181746,0.1711861354314043,0.0942241095072689,0.1583453137315497,0.1320290485726433,0.1094969038138882,0.1310543155734389,0.0829935700642729,0.0781442944652377,0.0861896411356772,0.0,0.0793146214670506,0.0859466907572088,0.0932788466350036,0.0923292002238558,0.0703157126680956,0.0969215458493954,0.0898323220155345,0.1042944502468046,0.1132447601313726,0.1054603678956357,0.0897626755762685,0.089723777656815,0.0992313475708225,0.0858565406581692,0.0937495187563518,0.1057717694319178,0.1061170334903517,0.1387373969216368,0.0619373419569774,0.1105740064528206,0.0871620739275289,0.0929532925692518,0.0808130736520329,0.0968993506580634,0.1358353660787183,0.1283167464855455,0.147713817564379,0.0705210685384808,0.1081473769628603,0.0994309881300193,0.1458734741313048,0.0776245035691085,0.1363412088712283,0.1033416005017187,0.088770144997061,0.0945394478440952,0.091448177701198,0.074662217056904,0.1174100692910253,0.110533833931804,0.0889483626293846,0.0741602852688914,0.0946864840281985,0.0824599510354389,0.0866685073968303,0.1161621137646177,0.1239863692308367,0.0943312819325914,0.0807624889926535,0.0991934478617911,0.0967943531416707,0.1182693403971187,0.1211390695281159,0.0663022285807706,0.1593604787274103,0.1673152195031107,0.1371594032782207,0.0794822254996744,0.0874522585999233,0.1041581691520245,0.1366124541291665,0.1118609130277798,0.0646595626523732,0.1129443518600355,0.1380501489318477,0.1283534504673588,0.107845078087228,0.1085613594070826,0.125123334863143,0.0967314868516711,0.1406881654215624,0.0924352735048271,0.0859218275879029,0.1156958359158933,0.1306519078425211,0.0951406964895622,0.0889314124078847,0.0721945511510702,0.0870276673712732,0.107178680106451,0.0982973066224549,0.1451006037816633,0.0941613851961041,0.1005133144497751,0.081042401224239,0.112473580546304
0.1118984302165839,0.1312860543356995,0.059892213039262,0.172173323331089,0.1599602440671848,0.0708977099159482,0.1527869286487422,0.1368492246079793,0.081420855951082,0.1262924992728885,0.0908688506146486,0.0958209837352746,0.1072341701111392,0.0793146214670506,0.0,0.0911464446345492,0.0682311148669401,0.0825423909344577,0.0670992966447455,0.105671643266185,0.0831891848741868,0.1126387569874085,0.1394112160335149,0.1147956444156696,0.0826197460966647,0.0844496357111825,0.1129465563385444,0.1180617909983571,0.0792566931454644,0.1152569398107355,0.1124912611256783,0.1554212044224752,0.0686048342545232,0.126255650625073,0.0860570518724527,0.117846622106436,0.1046096337276286,0.0888937746674106,0.149342074380371,0.1419122837976784,0.1730804938689241,0.0666023619851121,0.1250305577188056,0.0918546070230767,0.1513212398636066,0.0747976005820417,0.1450993117663499,0.1131574596532935,0.1077132654955173,0.0873888592340535,0.0765717746396817,0.0676590960677192,0.1344515541427991,0.0959839900002474,0.0855555362556054,0.0636016138133087,0.073139249209252,0.0791475391282785,0.0889328692573339,0.120514654141628,0.1017351824299839,0.1002489291308136,0.0656008979200229,0.1054182468700865,0.1116813396581142,0.1241443138242017,0.1262317007415969,0.0745898370293316,0.1564037445093353,0.1545830900856183,0.1478338247310712,0.0697868680002365,0.0762164617955422,0.0813661396051032,0.1454851733932709,0.0970797262802403,0.0817384044136067,0.1324160400626991,0.1635592824066455,0.1286141506867333,0.0983694460859659,0.1163343457438433,0.1375872301675775,0.0772442593693013,0.1441281469416617,0.0860031075303117,0.0976598481207225,0.1356587212854399,0.1625915367138115,0.0965210376466065,0.1046151986437864,0.0789218493316359,0.1013275541023965,0.1126052990212606,0.0708202065979076,0.1331435510947271,0.1125108394214701,0.0930650909161045,0.1084144766551487,0.114207619171389
0.0583093005682124,0.0902356016753738,0.0870496620502054,0.1302095751695355,0.1194315285561519,0.135272805058138,0.1263926793159416,0.0988095474931995,0.1458329856668183,0.1198861784948011,0.1209573601311721,0.1079920119106492,0.1074866989570105,0.0859466907572088,0.0911464446345492,0.0,0.1193680066076176,0.0917700535350672,0.1078821489014615,0.1018862360889774,0.0811310203417222,0.0641200946229546,0.1153377373359749,0.0648554403415265,0.1020575306977766,0.0956440025920274,0.1140862635483298,0.1143996046022739,0.0745894558600056,0.1302737444493782,0.1062221494462733,0.1244581907889362,0.0714913675703939,0.1134890240063039,0.1335768010065111,0.0990773454777257,0.1114170751858611,0.0697998689468261,0.129224907724779,0.1177312234122379,0.1190538824324771,0.0909704349733004,0.0649353310067179,0.0816701773311978,0.1012405385888422,0.1011449638362537,0.1532442852042288,0.1352801092351496,0.1077910756095545,0.1125066936915664,0.0723692902359488,0.1211447387787292,0.1304503796156146,0.0806696059776495,0.0925260047993158,0.0936137614962495,0.0827706734617545,0.0927972473161497,0.0771898966362399,0.0930573381809006,0.0693285149573498,0.1243516693123336,0.1219091413015815,0.0773350653400609,0.0993556174354938,0.0712893268948827,0.0660850950174413,0.0772570266313549,0.1270667733364346,0.1165559307984371,0.0915782558599255,0.0944808534577004,0.1223412792720826,0.1073966740729608,0.1055881143646424,0.0921517202651981,0.0672518786292959,0.0946359501985405,0.149895621027687,0.1087416202116618,0.1262167298293234,0.0836671525328912,0.1208834991973594,0.0931037160232857,0.093925629929378,0.1183033966258632,0.1137918551125777,0.0691160552927477,0.1223972041023689,0.0695806627560376,0.0744856363830298,0.0743305527489835,0.0889839037017744,0.0868730561307209,0.1206771488563399,0.101298385015143,0.0794743018968833,0.0661626807703726,0.0917398890230483,0.0769609968647307
0.1305953766579889,0.1419224815463148,0.0762679328673349,0.1869058243405677,0.1871221730516103,0.0734820075201071,0.154278209005387,0.1473363508651151,0.0728007327491356,0.1267172331639511,0.1065606781960672,0.1089198463500857,0.1305772080855432,0.0932788466350036,0.0682311148669401,0.1193680066076176,0.0,0.0858157806520266,0.0807109541771965,0.1179665946451489,0.0953265553911805,0.1280109949838221,0.149195070454002,0.1266105952515747,0.0807982138728264,0.07880962984841,0.1106257257465813,0.1214187264244623,0.0905994521653238,0.1157260352846949,0.118877301975515,0.1604559290126672,0.0948888239883048,0.1370253322868239,0.0919517295387746,0.133003370463711,0.1171690061068207,0.1131320415035511,0.1504967892629718,0.1326764571968072,0.1788249992449024,0.0755257354750134,0.1548566136878304,0.1031892187387667,0.1536611218200979,0.0979582468205598,0.1278236797218599,0.1185092412917377,0.1211678049968792,0.1019234517018945,0.0985546456782139,0.0872608394241704,0.1244413490350673,0.1087154708382981,0.1125608047470686,0.0785634806389791,0.0925692654538584,0.0904869788626437,0.1150673188154007,0.1192759176673118,0.1334066751951409,0.1052450074977291,0.0721131947449631,0.1217927822417514,0.1145927732230714,0.1390608423745695,0.1456277661580237,0.0838232610109888,0.1736438769821055,0.1642813273394799,0.1603856909194118,0.0818538574264109,0.0965388230904975,0.083904100253464,0.1523596978079895,0.1057068895781817,0.109733480777785,0.1418513079564546,0.155055860225731,0.1360096997332488,0.0988537813202148,0.1166474262269478,0.1406319370188027,0.0924352940991511,0.1514755106335184,0.1056889282581844,0.0959434215456042,0.1588607450595984,0.1649775664317473,0.102153996106354,0.1166608082017788,0.0840023892796556,0.1219257281159551,0.1144568319314005,0.0628649567126231,0.145344968239013,0.114621050700421,0.1197007875844634,0.1250292423386904,0.1199545314063526
0.0844129327494064,0.1123194348459328,0.0648353875496131,0.1549265727018887,0.1363711536701801,0.1041881675423421,0.1243152442341972,0.1262889619705326,0.1142536052563078,0.0763979116336097,0.0982173216405653,0.0830580264043032,0.1031756218049168,0.0923292002238558,0.0825423909344577,0.0917700535350672,0.0858157806520266,0.0,0.0729611581436171,0.0820964144160395,0.0549426161798759,0.0854524834618332,0.1160623226282944,0.0743134138809017,0.0618814599893653,0.0483989366944343,0.081991144343248,0.0918161607758433,0.0755276881292855,0.1061052798722476,0.0623302388072424,0.1080784733952826,0.0918104181334672,0.0860212111915919,0.124732600894065,0.0773223429088416,0.0813651419962173,0.0628751110653288,0.1024915437160494,0.0920788352424701,0.1244259811163433,0.0752422933430588,0.1113313204972319,0.0790667078090932,0.1024970457711524,0.0883873308105168,0.1103764106890273,0.0903801921867518,0.1029409085809717,0.0749892592794614,0.0655996747195235,0.1008604343797888,0.0759025411722545,0.0904777400760902,0.0905162742421064,0.0813748335081339,0.0678987459625544,0.0898490031122598,0.0947658112801457,0.0855936239873623,0.0885526260598711,0.0955704654884082,0.0778910416744292,0.0846160328205065,0.0831736654647962,0.091052710953638,0.0837047039332822,0.0731652420689026,0.1225570402540847,0.0968403292010208,0.1047469304835219,0.0864518345911993,0.1124148803409077,0.1013544397509191,0.1006020375742359,0.0547452812342276,0.0820808333672261,0.0950526043721711,0.1090610008853698,0.0812815328992019,0.086370245374229,0.0793842577616943,0.1038584009420456,0.1043657092551921,0.1146258342661444,0.1083360654409737,0.0653839604879983,0.1116768120821199,0.1065364626646722,0.0762892590488336,0.0807945819383698,0.0569215198762061,0.0988605242147433,0.0654066022368048,0.067871674139775,0.095324278896274,0.0641171762815844,0.071085494256233,0.0958614927986712,0.0894585477906625
0.1183280667811342,0.1464238851510285,0.0783988481137501,0.1923577190210892,0.1931998482032525,0.0731962317478001,0.1617487862995823,0.1595846212270503,0.0806101472078459,0.1139617197156517,0.0598048112649972,0.0742381860905469,0.0743775740854417,0.0703157126680956,0.0670992966447455,0.1078821489014615,0.0807109541771965,0.0729611581436171,0.0,0.0787851072253718,0.0834906243009162,0.1047493345245857,0.102414228332337,0.1019416005702441,0.0686781923713908,0.0741597216209292,0.0936986998406715,0.0920773961448456,0.090721614450194,0.0985064083612565,0.0907446991350162,0.1346040978830342,0.0814332321432736,0.0954682789386378,0.0836352056137997,0.0821617929941452,0.0780774705405742,0.0903415259445056,0.1309705489844379,0.1313752654613844,0.1419355306245779,0.0722002093897407,0.1200879923123446,0.0869267644652543,0.1496957087013784,0.0550926244983495,0.1070999786741442,0.0887823822406795,0.0839946394172288,0.1024141853748782,0.0902953665349736,0.0665025942764221,0.106926219740612,0.1089780335745397,0.0723911358670549,0.0690846077407196,0.0892989378109005,0.0722855757826534,0.0927970789098453,0.1221018471895482,0.1192024982004392,0.0620081556144231,0.0590752089969877,0.0947675965622587,0.0967629733340552,0.1129559995298512,0.1302923345593721,0.0653432704458508,0.1623965924184597,0.1471424877526525,0.1387319666523923,0.0701987721908765,0.0856403301870744,0.1080328759621513,0.1269990667429748,0.0861414216090378,0.0818920891059332,0.1078275287936394,0.1332489630530496,0.1241657994877739,0.0616842469624593,0.1020936564937704,0.0998561973361908,0.1167800331500789,0.1568341279523742,0.0610792185467254,0.0664386400800609,0.128781826918011,0.1298019043138268,0.0969636531261161,0.0802623218583689,0.0817201356539512,0.082890001141928,0.0984439115234843,0.0836174507905688,0.1468042922836462,0.0917187261650684,0.0891856000189775,0.0753782695124363,0.1025660642868905
0.1046814112248754,0.1352408343475865,0.0968655243018671,0.1776534063012905,0.1774550285144652,0.1214296602532291,0.1374113493336842,0.1412404936331775,0.1305008688183488,0.09516884902023,0.0719225090080164,0.0777911888372908,0.0810238464392423,0.0969215458493954,0.105671643266185,0.1018862360889774,0.1179665946451489,0.0820964144160395,0.0787851072253718,0.0,0.0819652185835777,0.0735584663003775,0.0873194042570717,0.083766482323678,0.0813528377820576,0.0789214182900066,0.0828347745981456,0.0799859602005543,0.0760972163405732,0.0891303054027352,0.0818437822937634,0.0824346149524616,0.0924958270684483,0.0827427526886308,0.1362611191785384,0.0689783033161039,0.0719039097483663,0.0733061149005072,0.0977559010719081,0.1122787952493032,0.0954590423011917,0.096470310815038,0.1022205517312385,0.0785574687914269,0.119218979248014,0.0898307070393845,0.1036495460141194,0.0932019043312605,0.0797707566290683,0.1272787772902937,0.0832865088391847,0.1212121987231297,0.0977333426547386,0.1066028442916924,0.0797154580218353,0.0906492061136423,0.1020735451156292,0.0797668327569703,0.0882320071462945,0.1098718043390238,0.1015386770340706,0.0750543781122591,0.1070812553359183,0.0740453213477954,0.0913021792039052,0.0922180091940445,0.1012778637053219,0.0828368949889023,0.1386242114317099,0.0979268484635438,0.1164345301189415,0.1070487219025566,0.1314907641627445,0.1208099953312558,0.0865334050216477,0.0622439932027361,0.0886852219986605,0.0620213808442115,0.0949848801473001,0.1141993191493383,0.0840753397102336,0.065560680877887,0.0767512724858276,0.14446410507825,0.1371663863631572,0.090516954943623,0.0791598541261346,0.0899298047177258,0.0824192229938236,0.0953386645218609,0.0510270306636509,0.0808509486902554,0.0695171977161299,0.081674362672965,0.1124118780927616,0.11878468262097,0.0920809448537359,0.0811394233894786,0.0733574465881581,0.0957119133120913
0.0873953903666982,0.1160133412138024,0.0789287046998637,0.1553215941445049,0.1393885795577929,0.102095893404432,0.1357562770439101,0.13379297681971,0.1145175367732659,0.0913045910927299,0.0911800735839964,0.0702633954040666,0.0969913073433601,0.0898323220155345,0.0831891848741868,0.0811310203417222,0.0953265553911805,0.0549426161798759,0.0834906243009162,0.0819652185835777,0.0,0.0847328175705536,0.0986666731751898,0.0673669814541071,0.0752896304676673,0.0675579511495145,0.0797137341601687,0.0871560952824012,0.0680201749227399,0.1033579253687884,0.0611732414494069,0.1089743660128233,0.0847369948684741,0.0795873339926618,0.1144133479417721,0.0766871812235783,0.073667693315981,0.060734042119235,0.1081258289246918,0.1031814824636613,0.1182024533071762,0.0808662432894281,0.0992583391515371,0.0731083652859891,0.110734959657477,0.0724757387853739,0.1050920062161054,0.0970418469171241,0.0884761263766476,0.0931807201327407,0.0597209939915195,0.1050762642841717,0.0885580172858335,0.1045762208153641,0.0813364125475443,0.0939194339001715,0.0775557772012895,0.0933123169840382,0.0933333715651889,0.0977902246890027,0.0843717653678705,0.0924974578708247,0.083677725746155,0.0836163915619359,0.0913443156955566,0.0876419093759251,0.0772748767331931,0.0796812190613707,0.1267965870783302,0.1003039732245324,0.1025421793874304,0.0853826714641651,0.1100468594042879,0.118670405184481,0.0964235509069455,0.0653602815647161,0.0796659707146076,0.0852585571233574,0.1112892890767261,0.0978850194031608,0.0867889710220952,0.0776453845121464,0.1102313498646015,0.1152915213553057,0.121786470883034,0.0984032420733029,0.0722361596612623,0.1028101764413873,0.1082369812860088,0.0761864872857298,0.0803083568445499,0.067099022499484,0.0837533576881294,0.0699527257003191,0.0879732934967427,0.1008886186650846,0.0590220187661818,0.0680234892721844,0.0868292109781566,0.0856484433943461
