0,1,2,3,4,5,6,7,8,9,10,11,12,13,14,15,16,17,18,19,20,21,22,23,24,25,26,27,28,29,30,31,32,33,34,35,36,37,38,39,40,41,42,43,44,45,46,47,48,49,50,51,52,53,54,55,56,57,58,59,60,61,62,63,64,65,66,67,68,69,70,71,72,73,74,75,76,77,78,79,80,81,82,83,84,85,86,87,88,89,90,91,92,93,94,95,96,97,98,99
0.0,0.085880906591683,0.1330078653179734,0.0974181268205165,0.061694535589257,0.0994773394495152,0.0913389178791879,0.092600960433261,0.0852697096523521,0.1114435041000226,0.0593024323621424,0.0691340518920161,0.0986443757181722,0.1969104704390409,0.099102596620076,0.1305013393851332,0.108615778512119,0.0828856160563208,0.1452906685032259,0.0772377319495034,0.1653042419969022,0.1290582945699162,0.1384049509213338,0.110965989952486,0.0774559650489995,0.0754386778265982,0.0975795613337188,0.1190798209089259,0.0737322787048893,0.0771606894385786,0.076104593679599,0.1122097693002479,0.1226327434881274,0.0703596216766914,0.0919586707092774,0.1032921024940582,0.0727811999447534,0.0587557507029781,0.1070240467106503,0.1116991310279162,0.0989601486277336,0.0680254546920752,0.1528044621550948,0.0497941866552074,0.0958998682103736,0.0975936221645295,0.0944074639077086,0.0760648966321788,0.0853019716757768,0.1223710150595414,0.0856192151391024,0.0892092622379617,0.1302206473750732,0.0827542612705022,0.0835158486428263,0.0995032021659972,0.0974265902648953,0.111984466689295,0.0835633572205332,0.0720865487249402,0.0569497055753921,0.0778962776407892,0.0838609379947262,0.2012233865362167,0.181056700339878,0.1125112121780305,0.0633291158004862,0.1348911652781706,0.1499937296592903,0.0919294398777472,0.1311481435875826,0.0730675606104591,0.081155790005978,0.141306546899777,0.0788470939034525,0.0766385278436756,0.1877450574917211,0.0934986030426103,0.1032917479587108,0.0965615768678712,0.1195315132549457,0.058046536780569,0.0682388649437941,0.1614448679096258,0.2113855610940693,0.0874080072008175,0.0995660979333263,0.0736239823285354,0.0892694936240184,0.0725265710755309,0.0897165729469558,0.1169850760242208,0.1229604894615483,0.1055654246173895,0.1115273220833235,0.0776501967427604,0.0770086975052193,0.1108530111226958,0.1258929707960795,0.1135641451798089
0.085880906591683,0.0,0.0902233470769452,0.0983199592505411,0.08899100852234,0.0756986283494353,0.0796990416995575,0.0744673682467736,0.0784816242533681,0.073137178899277,0.1192816331938337,0.0684384903746696,0.0656543508219346,0.1397930458639115,0.0741540773444827,0.0914094406904862,0.0798305831421769,0.0648179557042771,0.0786167967206185,0.0970379155009496,0.126376481672344,0.0896763941682813,0.0740334554860086,0.0943670966001738,0.1202775368643799,0.0769463130260337,0.0853556968788805,0.0850284959825895,0.0596953318101913,0.1014416534856486,0.0888624874179582,0.1079705784561327,0.0930352309030036,0.0807455160099804,0.0610210036797138,0.0833714337090614,0.0917144365986265,0.0709775508312737,0.0853050434717297,0.0786012031770426,0.1502460950197128,0.1303719129485505,0.1107383971709068,0.0815496888164918,0.0851067217563664,0.1110087237137922,0.1557846551302234,0.1069465216211916,0.075664531261154,0.1054304178645992,0.0730902879301471,0.0731697349056105,0.1215241520918398,0.0986547978640616,0.1086870165094022,0.096976813662248,0.0627168791854696,0.0885329592591454,0.0592786710073012,0.090278864517538,0.0728378051296131,0.1169643780756176,0.0632284137094255,0.1459826549387935,0.122786191722366,0.0638865545296535,0.0922780085221913,0.0838202036147335,0.0906436199872513,0.0686175610879409,0.0846877265263268,0.0626046894762955,0.0978205729116515,0.0812420170217982,0.0844548372073755,0.043494569740538,0.1163049822169432,0.0679203300168,0.0968792634700838,0.07049922590667,0.0752749439703304,0.106044096892705,0.1017613068315084,0.117259232714472,0.1693371321297042,0.085781049081643,0.1111592871013217,0.1079070272688227,0.0833967282955829,0.0911276730746316,0.1233311350080562,0.0634272040988823,0.0839067345517496,0.1548732116670008,0.0793774495102928,0.1199671017629084,0.108836911076641,0.0694957548700751,0.0969609685597865,0.0950494104054772
0.1330078653179734,0.0902233470769452,0.0,0.1424893740925748,0.1286529909993399,0.1323079266982961,0.137669783042706,0.0866616571187722,0.1129365397469874,0.0989847966159679,0.1586139357429658,0.1072616971673224,0.0915576335472332,0.1740865828069373,0.1043782553439068,0.0859404271870637,0.1033866713973993,0.1116779290646065,0.0929906297610968,0.1476606373728858,0.1705343235571836,0.0677509303516426,0.1195875963195473,0.0915521853329955,0.1537599190558518,0.1144790322581685,0.1177523842882598,0.1050828832316536,0.1077700469693407,0.1366172531983172,0.1349939184268239,0.0947312700872741,0.0868340996805373,0.1303828020463174,0.098384696346418,0.1162203722586667,0.1424936590576481,0.1035783818076885,0.0926787269305436,0.0719558510877279,0.185362645395031,0.1519553017565565,0.1081307326408177,0.1339819094095924,0.1120302718566255,0.1633933324176487,0.1964906569351299,0.1456755988901486,0.1097920512623882,0.1457188946077976,0.1159364316607391,0.0931372011140097,0.1021052224125909,0.1306944583574736,0.1276806797568109,0.128687793322321,0.0920297519733438,0.1384830422672477,0.0998347164950713,0.1197714297889331,0.1004644829364916,0.136106945716545,0.0824962784851571,0.1740147146067614,0.1564504618603278,0.0998334725363266,0.1308552941969736,0.0748960176455763,0.124076498685656,0.0969553538072154,0.0888484732893665,0.0790309667365849,0.1096043026702909,0.1107296733226063,0.1021232694192181,0.0983317570508142,0.1371358362403427,0.0897913258765488,0.1259969915560871,0.1003540670569274,0.0881805823085214,0.1361080727316072,0.1405424112750605,0.0727346721751946,0.1109425120672646,0.0903878041234938,0.1419235448048805,0.1474872903413462,0.1114626380043935,0.1152537810866906,0.1870922143476172,0.0912777857287935,0.1401539610790809,0.1973779731913912,0.1090109797490133,0.1360826918295222,0.1406694282207541,0.1210973624847242,0.146982762887945,0.1231913717563924
0.0974181268205165,0.0983199592505411,0.1424893740925748,0.0,0.0896481951490712,0.0938331211816811,0.0659653293661673,0.1200199703397499,0.0735591862778768,0.1086578572337233,0.0962028383090774,0.10376116173069,0.1133163657195491,0.1465890415309709,0.1106571729540689,0.1442515150462347,0.1080171739962939,0.0933494098413533,0.1473115837405433,0.1023262374411286,0.1141047027237919,0.1525144506974972,0.1214435886105669,0.1530847687976051,0.1029017265213766,0.1159508265629297,0.0992579901505194,0.1337554949493227,0.0733518880679237,0.104426602658883,0.1187077478325034,0.1421186675210021,0.1386415754828207,0.0841114991429946,0.106846770647372,0.0859989028988994,0.0870636885346658,0.1029520610712652,0.1006970311734172,0.1419011189385411,0.125784010248189,0.1321229608642256,0.1669943416067484,0.0990419193557463,0.088903525138811,0.1027047637454816,0.1072110937309111,0.1026670177953225,0.0996010975079312,0.0964927021816909,0.0847779340652714,0.1040207871832508,0.1744293970251793,0.1005732707057373,0.1303047814019188,0.0794888802165125,0.109933341342299,0.0758125726114471,0.1022259840779295,0.1006170220155921,0.1064672642958185,0.1087160053974481,0.1176478325097295,0.1583938076890253,0.1458306226794875,0.1050618549156437,0.1022412279315705,0.1399540476710401,0.1391005631719896,0.1174733819538972,0.1421182828177974,0.115678280523524,0.1168407999757936,0.1317938376832046,0.1126171767087138,0.0959999071971156,0.1789429484699098,0.1068512585575133,0.1107649603294939,0.1009257663803994,0.1421912194438767,0.1056473896863485,0.0756443663713919,0.1861472124663331,0.2292521902513889,0.1144683410124242,0.0981334348618787,0.0895163458934412,0.1182171469800273,0.1080575252319418,0.1139511600848446,0.1032364675664797,0.1074325628438753,0.1175095177612438,0.1129224075522271,0.134148693810314,0.109223284446622,0.0750266082313006,0.1071432226545989,0.1162889500098235
0.061694535589257,0.08899100852234,0.1286529909993399,0.0896481951490712,0.0,0.0946473687927767,0.0843549912500346,0.077705864379682,0.0826624302908737,0.0999294617859751,0.0792210889691871,0.0653501796845159,0.0974310441285964,0.1901426867368713,0.0984969647983571,0.1092704019694057,0.1131346062916415,0.091027406551427,0.1505333418562281,0.0718624269931669,0.160846825262079,0.116340456281161,0.1282046646901203,0.0997166714086121,0.0955590707456131,0.0696512918662695,0.0816068365495938,0.1096723534710448,0.0820874625839302,0.082127658140105,0.0687977148484901,0.1051079962243411,0.1070681588701562,0.0763625642100808,0.0804075403953733,0.09827615407902,0.0778374390597652,0.0606700186645021,0.0952742631869395,0.1111540588739355,0.1127884442185005,0.0878149253868187,0.1421256245845674,0.0560105304219881,0.1097100137655591,0.1038848254489883,0.1073806795313352,0.062979163200597,0.0802832656001535,0.0980412171603147,0.089906969914537,0.0775180554500377,0.112622247698416,0.0665060297966717,0.0737574372503427,0.1002418866162009,0.1089006782073279,0.1180955051838072,0.0761271036812384,0.0517862124186962,0.0613433286803863,0.0663714511655745,0.0927415011331694,0.188485470543839,0.1718479835930885,0.1123923806452004,0.0539680771883969,0.1354708198271874,0.141691201578305,0.0974635850397459,0.1127206582728513,0.0814537586404618,0.0734387443673357,0.1313530659906056,0.0792771556291291,0.0751165351756044,0.1816324073257878,0.0719165408817041,0.0899531641934206,0.0924518570024038,0.1237619284932815,0.0798878334348851,0.0816836702587006,0.1575087259960261,0.1965348769421016,0.0701208250062656,0.0835209662708783,0.0799754888339524,0.0848594524012416,0.0582028794532259,0.0890353195232413,0.1231232157654821,0.1261580180442303,0.1053965529947519,0.1125660412108313,0.0757343563218897,0.0619341626881478,0.0980556290319779,0.1331931637265943,0.0952908752338886
0.0994773394495152,0.0756986283494353,0.1323079266982961,0.0938331211816811,0.0946473687927767,0.0,0.0798969537347368,0.0868145087271102,0.0843843560014006,0.1078547240399016,0.1203281060258548,0.0608100030763588,0.0659618565267683,0.1318043593439891,0.0777950042699942,0.1092942477668022,0.1008661034168023,0.0636595921411346,0.1009092779163614,0.107721049111011,0.1056223393212176,0.1272534650704063,0.0766371075580432,0.1114661573996485,0.1365446983379307,0.0991099626858782,0.0855016128897298,0.0771468409742718,0.0670667989547163,0.1181345400135825,0.1113839367735887,0.1429958533083962,0.1168168968970173,0.0726904000867237,0.0903471575486994,0.0878170482080507,0.083542561864482,0.0895571793276578,0.1069169949920892,0.1100259980837157,0.1563134152877429,0.1456741902050055,0.121525797481947,0.0927116810477771,0.0999804456592793,0.0827401220956435,0.1528993285117031,0.1181952805252973,0.0644822525250246,0.1109449996561475,0.0553190805259731,0.0967932565347793,0.149030528755133,0.0930277863110141,0.1311908397968173,0.0681721062053699,0.0760527488778028,0.0843409325566413,0.0822357542530353,0.1064289851586895,0.0928762124958578,0.1342480186311616,0.1075007514706001,0.1607176782205007,0.1388606553003539,0.100425828286318,0.1022121137484105,0.1119473802615473,0.097901655145894,0.0991581330280486,0.1012564064975331,0.1048972112532277,0.1107457006253452,0.0965682865762353,0.0809285499899999,0.0707981483863753,0.1242536120025282,0.0946981929684136,0.1006936676196715,0.0785544924184614,0.0934440313149565,0.1041165485820578,0.0962172455497877,0.1406356447705865,0.1805706014565608,0.0965377965891793,0.1207299140489103,0.1161016951173351,0.1086913437352872,0.1066584425097706,0.110978630502928,0.0937866155238599,0.0898441485503059,0.1652945478816163,0.0683995063850887,0.1441127271302266,0.1024896600432363,0.064821021945884,0.0731097065653935,0.1133971330173546
0.0913389178791879,0.0796990416995575,0.137669783042706,0.0659653293661673,0.0843549912500346,0.0798969537347368,0.0,0.0927986898859654,0.076314611214444,0.1013453380081871,0.1128246686481809,0.0865698042034697,0.1019887122325268,0.1638607073591867,0.1141143764612101,0.1193611814853813,0.1196857283813643,0.0905313913553778,0.1420468330780641,0.1132982450805431,0.1360668055810528,0.1343696346533341,0.1116302388478768,0.1150339503175863,0.1180216129316161,0.0827205519423247,0.0885394544963558,0.1085671051190046,0.0762244705228482,0.1059355996182771,0.0938077943907645,0.1326079470452901,0.1102400704274337,0.0898173608676123,0.0785938615335102,0.0733702312115848,0.091995212018501,0.0967318370397918,0.1166736590329778,0.1202675600010173,0.127302911742332,0.1291859923809432,0.1431196720586107,0.1015652519141924,0.0968019738290421,0.1169840917931355,0.1139694859178015,0.0902440688025813,0.089500623624068,0.0790369565651887,0.086211449322186,0.0897302934541685,0.1391602022174056,0.0800708761955952,0.1109458320329953,0.0917348588026701,0.1090295316439858,0.0882532098328388,0.0891851439567098,0.0974675208318402,0.0920895723649243,0.122605923370113,0.0955932822810318,0.1886739376678136,0.1655336888891576,0.1176117482170224,0.089294253893219,0.1346529942940513,0.1293859053354784,0.113542653211173,0.1175587464277363,0.111053775754161,0.1186627151106904,0.118740750859663,0.0946061357337437,0.0735406762038658,0.1659561357546651,0.0912412082904802,0.084910818196431,0.0878093885406439,0.1329257169714697,0.1088029959085771,0.0964623530138273,0.1677533028570072,0.2019141730315474,0.1016785714460691,0.1016066406655582,0.1071083831244526,0.0911820070719424,0.0979271990339449,0.1189183680715552,0.1115672400406189,0.1224097963616328,0.1323222790329859,0.1175433459949255,0.1313240048016138,0.091746924726642,0.0717988904057351,0.1126658875241508,0.0885897923816895
0.092600960433261,0.0744673682467736,0.0866616571187722,0.1200199703397499,0.077705864379682,0.0868145087271102,0.0927986898859654,0.0,0.0898478614914768,0.0699808306255774,0.1248838125400476,0.051126066774928,0.0706314413523525,0.1747244386222295,0.0834170485882662,0.05145514171909,0.0968542246108624,0.0797859367486839,0.0995747387146647,0.113465291101248,0.1608562300624265,0.0734154948718181,0.0870152690770839,0.0501677217577022,0.1223276118015058,0.0619088953365413,0.0560119020531117,0.0678549103611984,0.0781245115987881,0.1031326882996549,0.0807365766741529,0.0964524585506793,0.0670047995878036,0.095744343879243,0.0597380762112924,0.0802349149455396,0.097057593976723,0.075481218627848,0.0852611740147589,0.0645977913086078,0.146475392423353,0.1216394109083442,0.0783706123250649,0.0956489773451512,0.1044670661072391,0.1349651772238644,0.1594169092206118,0.0875061819084126,0.0670085361046676,0.0935454683070458,0.0837973418176313,0.0538459412067618,0.0846671815011708,0.0807655521239459,0.0839594616694271,0.1034129113424877,0.0879721474424784,0.1138282260074852,0.0702551554399255,0.0655585476430323,0.0672070147396741,0.1012301340167196,0.0643050828801895,0.1806266382390857,0.1626517469274986,0.1095877810644219,0.0869941949836231,0.0811752127992503,0.0999918804472117,0.0801175848502508,0.0523596942432033,0.0667938483668674,0.0804638481247265,0.0856886840726743,0.0526053378165511,0.0626070989893193,0.1304300884662882,0.0542622678393869,0.0642653476515603,0.0796337932798399,0.0845289889153988,0.1073564626776327,0.1024684740927004,0.0994540808561531,0.1281518887866714,0.0620292569268699,0.1070023499575497,0.1164463634001023,0.0730041932821106,0.0724760172106841,0.1464316958865066,0.1022546099725681,0.1288163886902524,0.1621340599336509,0.1000335182497843,0.1108798747728904,0.0837654752872292,0.0812531340476656,0.1189606098433895,0.0745363655332513
0.0852697096523521,0.0784816242533681,0.1129365397469874,0.0735591862778768,0.0826624302908737,0.0843843560014006,0.076314611214444,0.0898478614914768,0.0,0.0814476219571655,0.1039353676609933,0.0812033637120756,0.0813820914112743,0.142827725022185,0.076819523563748,0.1112586538136395,0.0841901078279426,0.0836001289636615,0.1185750535710197,0.0983355677745018,0.1015714187880324,0.1079978711937855,0.1102877251548176,0.1176242521367939,0.1131069733249131,0.0932914257218917,0.081525419923678,0.1017152257582724,0.0611408380825327,0.0932210305991987,0.089480856482812,0.1119640032675359,0.1092058318878131,0.0650636365214739,0.0877951406591415,0.0567802550628143,0.0938791451225803,0.0827590863786486,0.083054918549325,0.0947557927725718,0.132826952753983,0.1295525904767434,0.1289813478554405,0.0861245463422803,0.079495602144951,0.094179504862914,0.1304572893899421,0.0983947903572807,0.0750459421976374,0.0735228729868431,0.0783129259559823,0.0881245421726938,0.1374474138714583,0.0755371389548325,0.1201544698321828,0.0707207859038694,0.0855562488715501,0.0904238241958101,0.0815620427522173,0.0871716622520352,0.0895971335467512,0.1110478288263905,0.0904291897722829,0.1468846131051595,0.1336649898852938,0.0799610501840223,0.0791030003149167,0.1148332877913392,0.1150355656974189,0.0918575962990109,0.1054944648629519,0.0935208880142351,0.1015337982072223,0.1139337333387074,0.0771879361691236,0.0649910243457001,0.1559610685168488,0.0714280319205958,0.0752960339669655,0.0623140117501948,0.1130270805698573,0.1094182860595692,0.0788193994995733,0.1440388981314058,0.1867810101376751,0.0811402986972621,0.0767922280800625,0.0970242610781836,0.0915591523079543,0.0839580989968517,0.1008145068857858,0.0874025111055033,0.0884303652095911,0.121355848067913,0.0936501360502981,0.1230802690094271,0.1032835270259102,0.0681947305138424,0.0902906454484912,0.0900476475985438
0.1114435041000226,0.073137178899277,0.0989847966159679,0.1086578572337233,0.0999294617859751,0.1078547240399016,0.1013453380081871,0.0699808306255774,0.0814476219571655,0.0,0.1237091272758273,0.0944975713835461,0.0802269397012054,0.1424819545061872,0.1001805295351857,0.08486639321746,0.0919913513793116,0.0996257092383249,0.1061145062445964,0.1246013228010098,0.1344978354790701,0.0769516569648689,0.0910303698221369,0.0986922128160695,0.1245195962694922,0.0777971688622276,0.0688508907145935,0.0995549379258185,0.0880808033307987,0.1007348765181653,0.0919019706920257,0.0868795213400523,0.0892747236236071,0.1114826321065906,0.0776203907550318,0.0683583826850841,0.1150643013977472,0.0992555170787285,0.0719747823036295,0.0725450029183359,0.1424513187934686,0.1407854785276991,0.1052884395427999,0.1117059517681694,0.085020840164698,0.1448480950842091,0.1544461557206024,0.101913824096644,0.0921966312251252,0.08111034017831,0.0929444711630002,0.0709248435363664,0.1182059144822275,0.0836424144184714,0.1112764846327201,0.1052016269479357,0.1060326904601409,0.1040091492162489,0.0727169961774045,0.0921606842788834,0.0988923051396364,0.1102059407376003,0.0739069627096735,0.1553728658650046,0.1329214456870844,0.0981291894071851,0.093284900568283,0.0881608996016515,0.0976384870823017,0.0950350293358587,0.0834123724021383,0.0920951745255,0.1115815820810971,0.0902912662902817,0.0850767576343701,0.0674454868764269,0.127771304994797,0.054176991630912,0.0702177106699032,0.0863952541301941,0.1099599237673087,0.1290378057330419,0.1114602289443022,0.1187164373179359,0.1445859529431827,0.088776951360207,0.0985544451744158,0.1270268594523823,0.0818962449045638,0.0863536462215834,0.1576093698421244,0.0868906230215482,0.1156284191610895,0.1499321476149128,0.1036993111348511,0.1229328357702488,0.1247642122311484,0.0758590115423522,0.108095701254288,0.085474753657752
0.0593024323621424,0.1192816331938337,0.1586139357429658,0.0962028383090774,0.0792210889691871,0.1203281060258548,0.1128246686481809,0.1248838125400476,0.1039353676609933,0.1237091272758273,0.0,0.1008839300163503,0.1312218482260303,0.1948411152564334,0.1302853770498528,0.160146127091106,0.1411923586205981,0.1060617817611647,0.1842568247878783,0.0824666372048186,0.1601766536911059,0.1524393619413457,0.1738670177929168,0.1487554304553521,0.0685981155655785,0.1002711946115281,0.1134790299038995,0.154152100448466,0.0947651344581859,0.0770686613712596,0.1005045480132363,0.1281425862198601,0.1546279904072779,0.0985545383355066,0.1214670251131762,0.1291096512078184,0.0699490619669367,0.0865362239848826,0.1114571699007306,0.1433078843311312,0.0962336313887803,0.0653534310550267,0.1934469635773916,0.060814193442071,0.1086316281005867,0.1010481160036569,0.074931330579629,0.0978908072373648,0.1073985399735655,0.1358122755839192,0.0952989654065758,0.105432984564208,0.149090195894429,0.0837531202627443,0.1069381573188727,0.1056934404348657,0.1308290148466916,0.1120172946962969,0.1064461621780104,0.0962486017398916,0.080461840095562,0.075975281113564,0.1267249043924431,0.2047040235422109,0.1888545907745641,0.1261622192685694,0.0786542917648368,0.1659421961300057,0.1845229947110327,0.1187053645924122,0.166275603696972,0.0950512294177506,0.0962213453711471,0.1824010049234295,0.1160219983301887,0.1028005938438188,0.2278353173125953,0.1140517767407983,0.1396450134258642,0.1326091644653755,0.1550922655320341,0.0576146020594121,0.0645605571188368,0.1993300572831808,0.246996467459979,0.114988107559487,0.106405644575112,0.0783422770622314,0.1095667248351291,0.0949506568220035,0.0915527285625082,0.1393596000620728,0.1537294432696015,0.0840409292573636,0.1315985017378834,0.0790218587228061,0.1040700749110907,0.1315806902685328,0.1442074644838369,0.149735150171083
0.0691340518920161,0.0684384903746696,0.1072616971673224,0.10376116173069,0.0653501796845159,0.0608100030763588,0.0865698042034697,0.051126066774928,0.0812033637120756,0.0944975713835461,0.1008839300163503,0.0,0.0623930807842008,0.1647744434662767,0.0712083262413698,0.0791519836278835,0.095497753973563,0.06244648346239,0.1063351153094078,0.086348626678949,0.1445019519554253,0.098679757683966,0.0919093332442208,0.0742579608316837,0.1068600208925842,0.0747619997057929,0.0694045023639277,0.0687303339619158,0.0642731278497341,0.0945302950311095,0.0796367000574474,0.1139852429549779,0.0936980525657811,0.0673007832383901,0.0790864696642967,0.0865839389665613,0.0663710563286584,0.057199182680927,0.0902785161066694,0.0851587844218379,0.1385997269342029,0.1083598700760119,0.1014961374639928,0.0677310009522277,0.0969869252109672,0.0976839912536195,0.1403298592226494,0.0907036939273297,0.0518744729541964,0.1110024357475488,0.0639101587079727,0.0696082096714672,0.1088457173444354,0.0827001097517171,0.0910394044665787,0.0877145413865431,0.0743781981183819,0.1021408127617264,0.0653342419760684,0.0683676156486903,0.0561161755514397,0.1016555553476069,0.0836482836456123,0.1743871813868802,0.1555175517595525,0.0990894851294625,0.0798143195774392,0.1010607299749402,0.1052437599080316,0.0716586103059227,0.0782407097817396,0.066811435971709,0.0734802674355051,0.0946137785916843,0.0536184388291374,0.0614143858008854,0.1347061478110195,0.0742000059071897,0.0851295480148023,0.0766131681883194,0.0801895073841536,0.0788103017707165,0.080135408388083,0.1248627381216519,0.16511313067074,0.0684806565634907,0.1064636160101838,0.0928735057271311,0.0919657395831796,0.0787721346944338,0.1110562485402191,0.0951965407370249,0.1088483655484028,0.1494842802714879,0.07741312536428,0.1075873775550112,0.0719836867449542,0.0764013465000124,0.1032876152670191,0.0953755164816186
0.0986443757181722,0.0656543508219346,0.0915576335472332,0.1133163657195491,0.0974310441285964,0.0659618565267683,0.1019887122325268,0.0706314413523525,0.0813820914112743,0.0802269397012054,0.1312218482260303,0.0623930807842008,0.0,0.1206346390023181,0.0529732504170952,0.0731886931809727,0.0765035468757794,0.0658541309960737,0.0756839820794529,0.1143276622658587,0.109085290332739,0.0789385839503714,0.0655071682083549,0.087167615853783,0.136173059813651,0.0922933944974124,0.074182795251856,0.0584346291815626,0.0668313494701925,0.1210656118480238,0.1130194090018836,0.1250783378510909,0.0984803411044478,0.0853836499420533,0.0870765444626533,0.0782494709653056,0.0993139246113381,0.0789350829330077,0.0727820260299657,0.077920407615851,0.1622798605894374,0.1461018579061687,0.0920546404376389,0.094148495871084,0.1000014103093284,0.1037280695512007,0.1719266517998184,0.1207431374411941,0.0604333278906613,0.1171536653357696,0.0653442136408047,0.0863314061389122,0.1351692865469327,0.0953168667115009,0.1352370369863293,0.0785457546245031,0.0642313195785223,0.0915393653866388,0.0690729547621792,0.0969503570867211,0.0872880558987283,0.1296786279019093,0.0796426464065774,0.1423184404741342,0.1138944300668007,0.0812909889905534,0.1032719102847993,0.0726956344624008,0.0746907528095646,0.0668749607207995,0.0709740782001411,0.0824342221410283,0.0968551376688457,0.0742871629218568,0.0691684432743976,0.0711913154396389,0.1072124594648088,0.070284635666752,0.084711476429518,0.0608627751575524,0.0700798115087015,0.1109900781434911,0.0994199835733118,0.0972120919266253,0.146155773022946,0.0786336443994796,0.1208016160921594,0.1170749406114452,0.1028555598531901,0.1002983527916006,0.1313884265926915,0.0698703676408343,0.0877388476475007,0.177602436348499,0.0635035947848748,0.1373010862400844,0.1094907573420481,0.0658643712922639,0.0779787313083821,0.1080439351777829
0.1969104704390409,0.1397930458639115,0.1740865828069373,0.1465890415309709,0.1901426867368713,0.1318043593439891,0.1638607073591867,0.1747244386222295,0.142827725022185,0.1424819545061872,0.1948411152564334,0.1647744434662767,0.1206346390023181,0.0,0.1238795908036015,0.1623488653715212,0.1224770957393984,0.1402941833354479,0.1085272936793821,0.1892087216357498,0.0821843293046939,0.1580730337006229,0.1086133779614634,0.1841182894400391,0.2019251375468453,0.1873995329769169,0.1451935002404436,0.1374382479212297,0.1407864722152587,0.1905556621193402,0.206119197479164,0.2070872228078752,0.1894331196732012,0.158403733918715,0.1648435893654886,0.1368350494477655,0.1775363523072355,0.1808493938941421,0.1253421768689592,0.1665625907727133,0.2321561299963219,0.2356851528135335,0.149531939588787,0.1804768640437754,0.150546836661788,0.153477560776341,0.2195751121073419,0.2115904221576854,0.1539448613337349,0.1670597427556674,0.136619072133707,0.1748497132374148,0.2321478994543787,0.1679532950184702,0.2252653874682329,0.1376774186902727,0.1280347996440604,0.1062832276688897,0.1481593561445366,0.1944125066064329,0.19083808578925,0.2098893319321231,0.1771693971626391,0.0792240382772353,0.0728129467849729,0.1146228230837865,0.1902332812626944,0.1328619011073975,0.1062116441124811,0.1321727884811427,0.1501822103365538,0.1790739515291135,0.1934908077617718,0.1221246264517762,0.169320551920175,0.1514624837583562,0.1237084461962797,0.1602702145990025,0.1632011635739458,0.1412353034161979,0.1448450705327306,0.1950487243127876,0.1684306645876595,0.1820225307643194,0.1954734370076817,0.1726198022788173,0.1842168918659713,0.19340481109489,0.1881900194452361,0.192236500003267,0.1858434824077147,0.1066369876636506,0.1178161067169196,0.2301284096858008,0.1246774488299426,0.225843140532591,0.2056222971241728,0.1259576776495029,0.1055654991374473,0.1832813620596423
0.099102596620076,0.0741540773444827,0.1043782553439068,0.1106571729540689,0.0984969647983571,0.0777950042699942,0.1141143764612101,0.0834170485882662,0.076819523563748,0.1001805295351857,0.1302853770498528,0.0712083262413698,0.0529732504170952,0.1238795908036015,0.0,0.0915874644640672,0.0690999643684033,0.0772506697664064,0.0724105114554934,0.1011841416364753,0.1071198411257688,0.1023397140101618,0.0743334864981956,0.0993927600698591,0.1365433686686061,0.1039710096516019,0.0836018525074906,0.0742351424102094,0.0693178978927156,0.1186127547571289,0.1168012458128397,0.1310543248116536,0.1049039825771833,0.0760005074608257,0.0972725659720763,0.0810171118547716,0.1056311920186079,0.0803817114636787,0.0777280241304362,0.0905135015616679,0.1681864970459127,0.1494295502748329,0.0978438628784033,0.0917594395071505,0.1040930692588759,0.1008969791667213,0.1751446806910896,0.1245456689685895,0.06811318857204,0.1194844306225866,0.0727652988461467,0.1055247011898913,0.1442274604713752,0.09616935629506,0.1405594041683348,0.0803500259674922,0.0745326700154362,0.0981143535992641,0.0753702000847484,0.0977282408185439,0.0978938269591166,0.1262835203634529,0.0908323672999023,0.1295198906327418,0.1202705794367701,0.0770766878844317,0.0998175220656574,0.089528807279429,0.0787797862967408,0.0811355479552642,0.080218272321554,0.0971447639927394,0.1041327510742518,0.0855717589513593,0.0772745856928339,0.0731919936497599,0.1162416688942619,0.0835069638425487,0.087168536474913,0.0610751760350484,0.0774228496893312,0.1133890381718901,0.0933173103890456,0.1179713500129717,0.15568396522635,0.0737539716077622,0.1099097645394489,0.1129042335761749,0.1137842902760094,0.0976581638512295,0.121165316400808,0.0732580006670998,0.0780968825816947,0.1710000350048622,0.0605349874945635,0.1450365959106584,0.1083161138242396,0.0751433377295005,0.0692373798897766,0.1041777509346446
0.1305013393851332,0.0914094406904862,0.0859404271870637,0.1442515150462347,0.1092704019694057,0.1092942477668022,0.1193611814853813,0.05145514171909,0.1112586538136395,0.08486639321746,0.160146127091106,0.0791519836278835,0.0731886931809727,0.1623488653715212,0.0915874644640672,0.0,0.1054820784364364,0.1019399225478355,0.0978732718792259,0.1339795529894497,0.1615751589122512,0.062304938679044,0.0931191940660027,0.0526058304456142,0.1591624321950434,0.077334840025578,0.0773171572907207,0.0712046654024142,0.1065125727634811,0.1332775747976544,0.105725523136081,0.110639741359869,0.0763723284710654,0.1236691528756747,0.0737335483003704,0.1075798935304656,0.1183033946724096,0.1037030222289066,0.0994123229754378,0.0770961378878797,0.1770025742675149,0.151003535734672,0.066703166269332,0.1245100121658978,0.1361821731062201,0.1549614055951433,0.1900877150370467,0.1117979026773295,0.0832513669882842,0.1068365038212584,0.1099614187834131,0.080881116418971,0.0872644021873135,0.1060929972883257,0.0990321984926717,0.1205118400471806,0.0996432674464745,0.1339139571724816,0.0829853469269153,0.0976319062456271,0.1006237945364298,0.1236396916211303,0.0787696864619339,0.176803284090464,0.1569508546222878,0.1173102680662191,0.1089557431321725,0.0815678647549128,0.0933496886841707,0.086694060683097,0.0465426816085399,0.0877662987575,0.1014513322243924,0.0825280488094565,0.0775657367562176,0.0930285478915158,0.1181501500576984,0.0763317864479243,0.0806392431281665,0.0970433863722625,0.0933456387093746,0.1414066659877471,0.1381361250763205,0.0885966259102344,0.107307261042629,0.0718956885651664,0.1265959726842339,0.1459557764521997,0.0930061926462781,0.0972099494220206,0.1697286588446596,0.1098445986567664,0.1422466673878231,0.1911731565534781,0.1012988054085571,0.1351595339303118,0.1020781871917825,0.0991927239435842,0.1321151796202443,0.0860078246676066
0.108615778512119,0.0798305831421769,0.1033866713973993,0.1080171739962939,0.1131346062916415,0.1008661034168023,0.1196857283813643,0.0968542246108624,0.0841901078279426,0.0919913513793116,0.1411923586205981,0.095497753973563,0.0765035468757794,0.1224770957393984,0.0690999643684033,0.1054820784364364,0.0,0.0854555791407325,0.0821572550718835,0.1207533637663778,0.1166145843747945,0.1079439675409677,0.0830456946279926,0.1180168783693792,0.1409659754105606,0.1183862528293019,0.105747668119158,0.0985595448513457,0.0691386927863458,0.120957893792934,0.1271213503663887,0.1291221653545612,0.1032763772225595,0.0884848989777168,0.0988425692688772,0.0782003276457236,0.1266755474073551,0.1009017584038634,0.0813066678634053,0.0946918413111148,0.1790250654166395,0.1588324477331915,0.0990409989480402,0.1059249234328259,0.0882438294538833,0.1193484325941974,0.1837776893144703,0.1359249073879234,0.0895864874943316,0.1258373898848106,0.0911840752910716,0.1022267843925343,0.1583646766409852,0.1168311195676161,0.1415546328862545,0.0915747789329615,0.0820877797450234,0.1028270634631936,0.0945047535831081,0.108536447103125,0.1077697270674948,0.1449404217430062,0.1011965102947975,0.1252015718689968,0.1245485796470173,0.0909115957886354,0.117031672691156,0.0865147459483244,0.0720783890941039,0.0991256392591961,0.0924300783821287,0.1011432338610767,0.1243694365047359,0.0903484864700646,0.0909373089848449,0.0875418688264291,0.1087292704849054,0.0883055587975617,0.0936874212581246,0.0699066075479278,0.0906995057758285,0.1279973960108382,0.1039582765455919,0.1208485649033661,0.1473034781808715,0.0919776399917585,0.1253380965236956,0.1200213237428857,0.1198445221163359,0.1086431972299632,0.1542218961324027,0.0758015249427196,0.075529225550236,0.1779019668470021,0.0839109313529355,0.1487522270026741,0.1274543675954323,0.0710056773191869,0.0721472576788165,0.1073405539414683
0.0828856160563208,0.0648179557042771,0.1116779290646065,0.0933494098413533,0.091027406551427,0.0636595921411346,0.0905313913553778,0.0797859367486839,0.0836001289636615,0.0996257092383249,0.1060617817611647,0.06244648346239,0.0658541309960737,0.1402941833354479,0.0772506697664064,0.1019399225478355,0.0854555791407325,0.0,0.0940901267249132,0.1025214566849152,0.1181856079733124,0.1065666634171131,0.0929659267963244,0.1069969977148048,0.1122297959043536,0.1003395322291068,0.0766936932644692,0.0767893424771816,0.0488871308942204,0.0919564413049305,0.1101743790390768,0.1449577251589924,0.1106295087780404,0.0865672021468014,0.0895787826849913,0.096807336111527,0.0799525744375498,0.0897533318319168,0.0865508534935656,0.096111247230236,0.1418465583990568,0.1156105319667939,0.1215058573769915,0.0847832472514047,0.093741038584131,0.0938980925251887,0.1364610933920766,0.1136938630201533,0.0741083397250284,0.1281958797655498,0.0611271632745602,0.0788798135207413,0.1433719407780343,0.0935614114621472,0.1240756322628406,0.0760524731516746,0.0638412665899097,0.0747616394196825,0.0856019662362828,0.0940491589252371,0.0766425207085217,0.1129383334065123,0.0978198740097263,0.1500320549056636,0.1361617712004647,0.0957975692836339,0.0974711976737822,0.0909318168823612,0.1035219929236945,0.0760679063658846,0.0952357473851192,0.0788486357847913,0.0871924003905078,0.0946271785920287,0.0806717316603109,0.0745907565339498,0.1360810317133002,0.0891608175031976,0.1071005375816151,0.0838690453573309,0.0742107368258782,0.092777140631128,0.0825959757692793,0.1253923425285091,0.1805821175508331,0.0874185548787405,0.1209012447592874,0.099910077715162,0.1014034782537379,0.1089776834241758,0.1239798933694485,0.0843392499136634,0.0966814170723983,0.1470097730989561,0.078501416364962,0.1233408912016255,0.0908579626400367,0.0731543055802521,0.088350025395907,0.121107152584368
0.1452906685032259,0.0786167967206185,0.0929906297610968,0.1473115837405433,0.1505333418562281,0.1009092779163614,0.1420468330780641,0.0995747387146647,0.1185750535710197,0.1061145062445964,0.1842568247878783,0.1063351153094078,0.0756839820794529,0.1085272936793821,0.0724105114554934,0.0978732718792259,0.0821572550718835,0.0940901267249132,0.0,0.149573492311411,0.1217506590962278,0.0997231271191963,0.0680279925232904,0.1096568992596154,0.1785296038315746,0.1292216638105748,0.1167854417994541,0.0783441642868883,0.1017507412033175,0.1591866762131521,0.1503809553614962,0.1516055682860292,0.1099980618875431,0.1201813405799551,0.1098165028216061,0.1077400144586237,0.1435354706494144,0.1228714622838522,0.1114182293928646,0.0909663745153814,0.2140396439850309,0.1862077946786244,0.0883229617145652,0.1417782833545036,0.1177486252591721,0.1426660070229253,0.2219388951512096,0.1666246562559397,0.109549668762607,0.1449327013200753,0.1041046436750699,0.1156222121616041,0.1580512096672767,0.1461185005997112,0.1668212505796786,0.1205285469024948,0.0740955269917039,0.1083404075417713,0.1021976927393261,0.138426631123205,0.1221355179797006,0.1751458327719828,0.1027499300770804,0.1166112344013088,0.1105779654953633,0.0874565619549925,0.1537141515242005,0.0672644803692203,0.0715564750318452,0.0867268080098821,0.0815822738445029,0.1101977467818872,0.1379289161472957,0.0735854612431078,0.1057061427863984,0.0952692352765917,0.0825935073869139,0.1079789640933448,0.1206262750934952,0.0891745835706579,0.0655816046565788,0.1509439749821675,0.1431147330095209,0.1005059990441677,0.1336743988656298,0.112954645232173,0.1591862826475801,0.1599564500244488,0.1339667361784289,0.1435934433577342,0.1761187592291393,0.0761937736159403,0.0941521959679027,0.2215139886121381,0.0831185946238463,0.176563401553672,0.1572501807531857,0.0964861055243293,0.0924539137033661,0.1281047673829179
0.0772377319495034,0.0970379155009496,0.1476606373728858,0.1023262374411286,0.0718624269931669,0.107721049111011,0.1132982450805431,0.113465291101248,0.0983355677745018,0.1246013228010098,0.0824666372048186,0.086348626678949,0.1143276622658587,0.1892087216357498,0.1011841416364753,0.1339795529894497,0.1207533637663778,0.1025214566849152,0.149573492311411,0.0,0.1523437430397251,0.139515123955272,0.1398699670740072,0.1323981191070044,0.0947825704582128,0.0935005430011425,0.1120919504140213,0.1338187803989751,0.094886351977892,0.0992890865347412,0.1037092813640901,0.1207240150655095,0.1382439021975259,0.0750785831720646,0.1050884874809401,0.1190507896725805,0.0723852485545576,0.0747345013502273,0.1075573410410432,0.1345081463365818,0.130388361858568,0.0863267100436269,0.1622973352954081,0.0655301687646776,0.1181507452297176,0.1005811144951349,0.129203833149555,0.1018530075650647,0.0971692172979021,0.1262387981403877,0.0976632944834609,0.1020029283328393,0.1505416044581514,0.1025861544091041,0.1024032093517848,0.1054954032038347,0.119577608223598,0.1297875836273124,0.1009359693370152,0.0897422935982977,0.0892881478502638,0.0879943355325744,0.1133703895797076,0.1924970756218022,0.1695650965080202,0.1139822815424582,0.0798348760432899,0.149132657991533,0.1397630581701807,0.1111970146374077,0.1332946017362259,0.0973205603590288,0.1019447082510792,0.1547311874126034,0.1026253451234386,0.0940064541561934,0.1915860320819973,0.1049642671704587,0.1205974356910259,0.1037539831036082,0.1304518521972015,0.0728162771901266,0.0809275133816957,0.1719394209293547,0.220519074887807,0.1036828497901241,0.097524692191951,0.0534807287358701,0.1171884008646942,0.087219318817774,0.0771824896196108,0.1211116921130852,0.1193375729819352,0.1088760257020181,0.1003948822942083,0.0913681140967169,0.0947992483905485,0.1093918801924877,0.1315938493802755,0.1276923692813951
0.1653042419969022,0.126376481672344,0.1705343235571836,0.1141047027237919,0.160846825262079,0.1056223393212176,0.1360668055810528,0.1608562300624265,0.1015714187880324,0.1344978354790701,0.1601766536911059,0.1445019519554253,0.109085290332739,0.0821843293046939,0.1071198411257688,0.1615751589122512,0.1166145843747945,0.1181856079733124,0.1217506590962278,0.1523437430397251,0.0,0.1578135076757775,0.1180466608681567,0.1852247207709813,0.1677260571224611,0.1701921693820764,0.136633074823617,0.1417715259409338,0.1106785277812767,0.1626020001664155,0.1783354949760773,0.1869045089467338,0.1778424116474904,0.1227664374985918,0.1542500728575213,0.1197973805245584,0.1484905433361335,0.1576611701400547,0.1110275396933336,0.1635570735335866,0.1983032395872734,0.207573883249074,0.1716864444351946,0.1518781099724309,0.1340662122403624,0.1050688879728569,0.1804527991720892,0.1802401489882027,0.1252864407339803,0.1391853921198466,0.1056163305351072,0.1578522109334937,0.221128263323256,0.136695968453752,0.2016366845047957,0.0978586700107873,0.1141705369838183,0.0794935398073877,0.130446008144496,0.167119555847559,0.1715043202934587,0.1792307578777224,0.1742859525223878,0.1087198945071581,0.0997453156925351,0.1055376872906553,0.1556130064943349,0.1463647047498117,0.1215944006077066,0.1222215332788311,0.1566754825667684,0.163392817418366,0.174602429489115,0.1361121197746243,0.1505427318921982,0.134935323670899,0.1626790276683249,0.1400376246620506,0.1444377123862095,0.1174160433172918,0.1374843583885127,0.1626972602514783,0.1346565218665228,0.1880930057777172,0.2265103598972864,0.158467427521907,0.1392558734975483,0.1557685972887074,0.1723401571155779,0.1651851756582564,0.1415899416004634,0.1013846515328481,0.0973321418312735,0.1841051099896127,0.1046607867449306,0.1993812847855016,0.1746496653393927,0.1034871651383335,0.0862237392481082,0.1618640834662395
