0,1,2,3,4,5,6,7,8,9,10,11,12,13,14,15,16,17,18,19,20,21,22,23,24,25,26,27,28,29,30,31,32,33,34,35,36,37,38,39,40,41,42,43,44,45,46,47,48,49,50,51,52,53,54,55,56,57,58,59,60,61,62,63,64,65,66,67,68,69,70,71,72,73,74,75,76,77,78,79,80,81,82,83,84,85,86,87,88,89,90,91,92,93,94,95,96,97,98,99
0.0,0.1157196502095889,0.1161568612495231,0.0692250014597083,0.1544370077231076,0.0830002746016376,0.0766063411874327,0.065224820645754,0.1311601493417239,0.0717916638888543,0.1023822580256132,0.0779990323195382,0.0818036313115263,0.0756507369105683,0.0533008876710521,0.0807015564638004,0.123424492831732,0.0793013664544919,0.0879885926896979,0.0649022760163707,0.0684031789158203,0.0674089679427182,0.0876117250898707,0.0875624263108099,0.1045216998734469,0.0810176336809001,0.0709585869090972,0.0714198852150615,0.0693373645430026,0.1107171657135118,0.1007334691482908,0.0746739104067651,0.0932098752327801,0.0879987155715096,0.0843260884919901,0.0820459372336462,0.1152256954341439,0.1198655878405697,0.1222360288376677,0.0961426663154755,0.1038382886601607,0.1152480707676676,0.101957696128487,0.0956322724716794,0.0906588314619548,0.0950226160364178,0.0951687027301277,0.1845764569467493,0.1173907786527761,0.1729330378360284,0.0583406034620504,0.092714842086743,0.133114697402881,0.1082341047957872,0.1126512727644874,0.0903496171748316,0.0840002293480353,0.1303830500449451,0.0871812277379925,0.0516220605062389,0.0839056313223083,0.10369423006558,0.0711349421856183,0.0687102245549358,0.1168114803315758,0.0699559319143362,0.1187226266337296,0.0895935075395685,0.0622939252390787,0.072261702924837,0.0769527157547582,0.0824356017580419,0.1054017182860019,0.0730305795730811,0.0852319695017301,0.1114079752932039,0.0860135907656136,0.086688262344754,0.0810035079612208,0.078945964243657,0.0671947152548019,0.092974498224336,0.098287099233585,0.1142863323784049,0.1098687042521212,0.0614079708868457,0.1349271821518666,0.0797161641155664,0.0778442932615798,0.0983953720324601,0.1408825115306756,0.0926277770837608,0.0674870900020871,0.1021159202035449,0.0621167760317533,0.0678466136188155,0.0733771322931853,0.1558680780487009,0.1063785443050937,0.1398932803097838
0.1157196502095889,0.0,0.130234409675428,0.0992974455738624,0.1050691317693239,0.092334463794091,0.0731338036913004,0.0919674186821263,0.1022118717216824,0.0903095519181816,0.0687932674980414,0.0834175721100236,0.0706019019770511,0.0739074063737687,0.0933793232762539,0.080050536032503,0.0986029187774352,0.0788589699344469,0.1208111413160298,0.1001744044157298,0.1307619020161983,0.0914456759777567,0.0718026013533621,0.1086915249984417,0.0713364028145375,0.0997651956910864,0.0918523299909732,0.0594142765270029,0.0986010565705429,0.0819213078300209,0.0726047301004335,0.0903848621228835,0.0911835116808917,0.0700911493760192,0.1043858646429678,0.0733375005844642,0.0992611641665829,0.1099944019834663,0.0983971509278315,0.1150937470203075,0.1020215766180742,0.0889625854966169,0.0705422925791281,0.0879935366254791,0.0783432284375302,0.0818326239523618,0.089179910342184,0.1448868627826592,0.1170558847543997,0.1189097492339281,0.0943385629700908,0.1245860214987067,0.1282234199313921,0.0774682068909669,0.0747553509330002,0.1014327819669931,0.1037807735044253,0.1331777700901892,0.1048485966144003,0.1027291592022306,0.1593958157310134,0.0775067458910447,0.0649501647191776,0.1057133030194593,0.1198594706065075,0.0859734346204662,0.0981881148977986,0.0820094071723078,0.0915992514794425,0.1070136045323975,0.0788800604212191,0.0865315992920608,0.0747268144528059,0.0820503578435553,0.0810996309278667,0.0634688155321259,0.1023299554131928,0.0700199535170577,0.1050739712558162,0.1235267789946945,0.0945763681090331,0.0893782216272017,0.1047557612742565,0.1323095781717633,0.1075329215564545,0.0914930316526489,0.1046381035821404,0.0966554634141735,0.0866196072979518,0.0835540847642241,0.103012214874659,0.1186040983830487,0.1084702391295183,0.0832241712896076,0.0972800838022547,0.0927284329319199,0.0830442310927349,0.0909973905100721,0.149098061693523,0.138240157144213
0.1161568612495231,0.130234409675428,0.0,0.0999352118548954,0.1599122954491746,0.1436177825384597,0.1174554156106188,0.101471654882854,0.1345639867491941,0.1541185905735828,0.1353914294260328,0.1005490604477558,0.1429271301868938,0.1317753651375705,0.095958647155399,0.1493278230538321,0.1377310568126797,0.1488795987072502,0.1761422457829272,0.1431886229903049,0.0947779405238997,0.1434792416466974,0.1437945106028328,0.0991373433034412,0.1273566824695069,0.1388205975166363,0.143707440480008,0.1089147814326273,0.1359953045865833,0.1620598332003316,0.133054077544834,0.1651331891601859,0.1001289086740185,0.1394917248287248,0.1426157901178857,0.1480552528946836,0.1599697812302592,0.1218301184793875,0.1787906868712594,0.1730045844953285,0.1715411034601066,0.1896609529825158,0.1657069013871949,0.1274294272952352,0.1312592369357561,0.1166665996237354,0.1766726883548,0.2437720137019501,0.1788568496448832,0.2114806164549552,0.1524925202522455,0.0731198349366982,0.1193739677319357,0.1759653076587154,0.1650434764778194,0.1174113947845356,0.1489800588910903,0.1613467910216806,0.1112147290241476,0.1083659489958489,0.1890068687872621,0.1211112233982484,0.1356613937190545,0.105837652070893,0.0980072441424467,0.1555005226194144,0.1601276147576563,0.1448380662939087,0.1519625759344743,0.1463368862389678,0.1052246850034968,0.1624610970181419,0.1655215553510044,0.1509602402762214,0.1469474706557046,0.1117797982216256,0.1669891843060235,0.1149542878343312,0.1673183287677943,0.1715217448662001,0.1174600576952524,0.0740813027801076,0.1069489964872531,0.1312476699968649,0.1005110231985773,0.1002638879927988,0.1321318814047119,0.1387643449952887,0.1471531907461863,0.1391315223188184,0.1612790334636609,0.0741759037135721,0.1105353047279421,0.0816780351533526,0.1055418918534804,0.1447066596977081,0.1319845780917689,0.169130892026983,0.1851295067090649,0.1979315387233248
0.0692250014597083,0.0992974455738624,0.0999352118548954,0.0,0.133698710616531,0.0660335505311678,0.0832514343107432,0.0387752051670945,0.1070654660833933,0.0814732046948115,0.0905205955779363,0.0533893571510161,0.0854503627756434,0.0746338326416475,0.0547504326721971,0.087543735393832,0.0934523742427567,0.0873901648351795,0.1152913533691731,0.0647448374188633,0.0614534263169892,0.0798440799222173,0.0684196867591403,0.0739178780074702,0.0768072936663371,0.058708797911989,0.0730247812738558,0.0615801358877801,0.0721068233460801,0.1081346572901455,0.0846990147937624,0.1031352069132478,0.0631948834444325,0.0731708921771365,0.0738490017315642,0.0849203382518715,0.1096378342436407,0.0954235860749022,0.1387417744755037,0.111166350703621,0.1150071649057247,0.1258230869961442,0.0999638778901676,0.0637478258185598,0.0565313932303383,0.0908951336535874,0.1140078605373686,0.1959243389123299,0.130974315149901,0.1829861223745076,0.0904077279916623,0.065647383924405,0.0891893439287157,0.1083387328793575,0.1072336491233057,0.0668342211305252,0.0798647886201036,0.1241885462628296,0.0554188586100299,0.0607000179170281,0.1210670470536538,0.0941479931001982,0.0753930282581745,0.0511273831628391,0.0893607466896948,0.0928835598687471,0.1074439176081564,0.0886516509168383,0.0870787050520219,0.080921023232426,0.0663340249581381,0.0854723860237301,0.1037628819419366,0.087452057483451,0.0862875140330034,0.0910925394748523,0.0923812609452716,0.0775954611326159,0.0987223554890074,0.1168261098702765,0.0481263273432681,0.06638214258198,0.0618958631438043,0.0865429302716614,0.09282634518041,0.0736679116061269,0.1033902988047875,0.078097269725084,0.0701532112187285,0.0633666568850191,0.1144675196693269,0.071685779502992,0.0643588144241271,0.0761112137073011,0.0552933165939434,0.0896005900402763,0.0627500013918295,0.147336130595576,0.1281411279547805,0.1520093856405957
0.1544370077231076,0.1050691317693239,0.1599122954491746,0.133698710616531,0.0,0.1311605679245533,0.123692619946717,0.1286453940693011,0.0647360368123768,0.1215610876517768,0.089251947395961,0.1159844632044588,0.0966117800027738,0.1068706699644759,0.1408970130130662,0.1243588208761307,0.0699007532674674,0.1132009879228462,0.1416258187154999,0.1390863722528328,0.1718077084819024,0.1252845806797684,0.1077139318524132,0.1091889707376819,0.0905419802176479,0.1323324848202274,0.1168023077999573,0.1057169646345364,0.1314962166708165,0.087598400750558,0.0798841559562476,0.1275818123191668,0.1274402870341148,0.1095089213401592,0.1267494613750829,0.1101955063382016,0.0927727038511092,0.0831647469299789,0.1209869910856423,0.1249013145533847,0.1007297345801773,0.1147389599747431,0.1149151475066235,0.1029311029462507,0.1058837450927151,0.091099364270869,0.1070087226860656,0.1241045200578251,0.0977834220249252,0.0990682305229306,0.1350168916844377,0.1466149182471388,0.093607140520153,0.1102614371813876,0.1019939384887261,0.0986797844569372,0.1303317949905737,0.0597811297997169,0.1390271930662746,0.136941560625789,0.1899861860395237,0.1006699705974173,0.1188794074671873,0.14286445246666,0.1241294001391867,0.1269265488849352,0.0778673236289444,0.0947660151053265,0.122361154005893,0.1255930223375133,0.109980275080459,0.12654285318218,0.0954068903684386,0.112844476214223,0.109319840782408,0.0910526455086169,0.1279439115597924,0.0990395844042513,0.1216511906799535,0.1610268221317376,0.1324872331376647,0.1079166636777359,0.1330908744046698,0.14229133678774,0.1329448668169442,0.1167646670771499,0.0782637860734944,0.138139319631333,0.1234182585626039,0.1118957954542149,0.0844534183118167,0.1482833381605711,0.1394869786813179,0.1145783862768924,0.1355145333257723,0.1372149029375056,0.1047660503025792,0.0929604329508709,0.1372314836197904,0.0778230605802864
0.0830002746016376,0.092334463794091,0.1436177825384597,0.0660335505311678,0.1311605679245533,0.0,0.0801280888203198,0.0627535441621304,0.1100016792514697,0.052378579443823,0.0961236183305735,0.0783014337064389,0.0713715854657918,0.0686713639117995,0.0683687957550782,0.0881125378377723,0.0956703835182066,0.069197800538122,0.0944404786408922,0.038572294874012,0.0867958572744667,0.051011184416785,0.0590912711636589,0.0840308045708781,0.0693827152660056,0.0535261337809245,0.0464066461675695,0.0673817168920352,0.06820935564985,0.0931936963385641,0.0864131887695113,0.08406518494124,0.0834438985846834,0.0482291572124474,0.0642973299954218,0.0571622474281496,0.0963556897893846,0.1034555352388224,0.1184622296859055,0.0833457180218036,0.0949540859835338,0.0847047162567863,0.070350960605997,0.0597875537224676,0.0628148919725658,0.0976170667888317,0.0808009662459387,0.168010282494263,0.1158837286889938,0.1613478641654255,0.06906053391471,0.1010092922051294,0.1116138587415587,0.073361395846103,0.0802260957396973,0.0718756908226453,0.0573691847251738,0.115361600231145,0.0583200443052288,0.067020357439451,0.1066436856851345,0.0887326585512126,0.0692092025678826,0.0621875971220925,0.1057392386580053,0.0711084513898575,0.0866922136990998,0.0772290168914563,0.0659837418407145,0.0660777467163326,0.0791856491180075,0.06281217501244,0.0740917080209043,0.066904742963935,0.0658997407180754,0.092452079036247,0.0582894647246716,0.078800800211111,0.0646830399023132,0.0950594446154415,0.0626797762394087,0.0949414009018839,0.0804211139643814,0.0893965780981922,0.1009617583366702,0.0853994015801397,0.0999960604770498,0.057680308108331,0.0724523337995462,0.0492274397127669,0.1051730483887169,0.1095391851680422,0.0747462703374206,0.0972152720825053,0.0760456379617389,0.0723237675203522,0.0514938810294118,0.1400676056002299,0.1112202237080709,0.1239473828109857
0.0766063411874327,0.0731338036913004,0.1174554156106188,0.0832514343107432,0.123692619946717,0.0801280888203198,0.0,0.0782342353383774,0.1083827360848594,0.0675996662038047,0.0758003520544599,0.0807445840387544,0.0716742052882572,0.0733722204146101,0.0689488601222939,0.0814761426774998,0.1131556179174985,0.0650062558649531,0.0978517035691709,0.0828291411001456,0.10671085526048,0.0782606544906062,0.07311586664538,0.0853554937765772,0.0813372972008401,0.0983557472551601,0.0785479467296222,0.0500345629277442,0.0809693607168421,0.088989653841936,0.0802143335098189,0.0872412051346758,0.0792780188717588,0.0756780145300235,0.0803125158156655,0.0584892520894598,0.0873665123455928,0.10513018578,0.0981908583374212,0.0979288829518064,0.0893158627187952,0.0914945681838458,0.0930589708854828,0.0864173478034054,0.0861607103481804,0.054422352556224,0.0853322015857814,0.1469151023420426,0.1132805893147139,0.1353844886613673,0.0851336791882086,0.1007821877578305,0.1254042904063912,0.0913958195314804,0.0888403781169476,0.0884520258095557,0.0827000376971988,0.1123146955460771,0.0848768927722876,0.0634450379343851,0.1391664152070824,0.0657184787979338,0.0835489167907141,0.0879133659013423,0.1117622229820013,0.0682926542111175,0.0993233786087588,0.0575918268451581,0.0862844260254154,0.0732357611655627,0.0608384176306097,0.0830402013661002,0.082680352629664,0.0733144686109709,0.079126318648171,0.0828409636596687,0.1027997440522667,0.0493978009615535,0.0880773349143477,0.1081600058535364,0.0835079269349659,0.0771909999042398,0.0933685823730145,0.1176894879899537,0.0966742433839531,0.0641518511941522,0.1113340765115568,0.0800404857111098,0.0866182909403269,0.0800611215255862,0.1010921614477543,0.1002082466830503,0.0764790490423073,0.0677887501722972,0.0817925865775331,0.0805815858604981,0.0752969592305321,0.1101733847589431,0.1201791015866126,0.1192055677405093
0.065224820645754,0.0919674186821263,0.101471654882854,0.0387752051670945,0.1286453940693011,0.0627535441621304,0.0782342353383774,0.0,0.1020088100996359,0.0714774514256447,0.0890282369680464,0.0538927442511355,0.0817948736953847,0.0696788473933738,0.0513795393328548,0.0906847359130087,0.0880175593487816,0.0784504711197151,0.097470644580233,0.0550817304222036,0.0565287203869411,0.0601105899637394,0.0644124866724213,0.0562870440833128,0.0777685585531903,0.0571543023572956,0.0625812246102798,0.059346832332214,0.0671798523396495,0.1010893222559839,0.0776450028229398,0.0960375836270311,0.0641507143932676,0.0637160395850905,0.0667714635671,0.0761979684632182,0.0991746871369252,0.0871123347223789,0.1280035730129665,0.0965920617940598,0.1025967170504447,0.1143947582584201,0.0890722924252949,0.0558661879351658,0.0521666640545308,0.0812902553533968,0.1041452383351507,0.1836909176327454,0.1154934760976038,0.1707186628394912,0.0815968828607093,0.061545115256537,0.0902403716560627,0.0931247273476078,0.0962486390462656,0.0572241817911077,0.070899399140037,0.1152385370446233,0.0576104045939964,0.0509190722725006,0.1127523029680933,0.0870080940573707,0.0691181854401333,0.0523816509931748,0.0911782321606166,0.088582960633934,0.0950508149014102,0.0784304228754977,0.0799902269528984,0.0699549367805438,0.0656990632766493,0.0748006393099132,0.0929750077144032,0.0782388132723485,0.076839232220373,0.0846790637414549,0.0795959397435134,0.0670297935611731,0.0862862369436602,0.1103495446250219,0.0475727474278458,0.0675243098274721,0.0656096392133368,0.0727525580654407,0.0978008218856722,0.0660968020508808,0.0984753588446213,0.0701980761169562,0.067401275316238,0.0608350977534843,0.107599046144714,0.0666738231854394,0.0565281717735882,0.0761558915791581,0.0557893774631486,0.076808927017682,0.0600981071162772,0.1385278847989963,0.1093062599094608,0.1361281118238354
0.1311601493417239,0.1022118717216824,0.1345639867491941,0.1070654660833933,0.0647360368123768,0.1100016792514697,0.1083827360848594,0.1020088100996359,0.0,0.1041085516462808,0.0808091813667338,0.0895213496173509,0.0942498493701884,0.0955271733920071,0.1174726745606428,0.1154679179988698,0.0652191498147118,0.1009816949683361,0.1411573703174033,0.1206037115504744,0.1400393621594757,0.1111583097582017,0.0966174875523246,0.0908350210096028,0.0838124498510661,0.1211160194730498,0.1002839336300768,0.0882956927440877,0.1185079263143804,0.0840400400824615,0.0729746842884846,0.1255291671292221,0.0901919404148078,0.0842069604253753,0.1138639551043027,0.0912091391284548,0.0723787353122497,0.0656891689447284,0.1240462507985355,0.1188205431952227,0.0936713630953979,0.107653115539163,0.1071332944249254,0.0765267597072402,0.0946799677781249,0.0874807486572266,0.1077339544992159,0.138992632520797,0.1032417741964293,0.1144947996319312,0.1272821213467007,0.120757964940858,0.0799677424155642,0.1021102987356117,0.0878274793081407,0.0878419485308488,0.1109613921378758,0.0740244254555542,0.1091317443239321,0.1166804302219996,0.1854036922809,0.0840010496502346,0.1093202500755362,0.1146549548034128,0.0923957945903853,0.1165975159486119,0.0716761925054021,0.0788285652342084,0.1118165273323511,0.1119439310448741,0.086697868349263,0.1179803875155908,0.0913052418107574,0.111588780041658,0.0929687550789534,0.0696720424022139,0.1208135588376325,0.0800054839841719,0.115065840998011,0.1572856049144157,0.1204372484342885,0.0882993455741744,0.092368420562213,0.1113454946454475,0.1091501630964241,0.0965663382533572,0.0559623188530792,0.1144717252044259,0.1148116687921508,0.0937406808084875,0.0836880606255728,0.1148747672928754,0.1092513144769029,0.0871065569570433,0.1089858696547703,0.12541761765678,0.0776310528237536,0.1026959379279748,0.1437019601890206,0.0887058924149665
0.0717916638888543,0.0903095519181816,0.1541185905735828,0.0814732046948115,0.1215610876517768,0.052378579443823,0.0675996662038047,0.0714774514256447,0.1041085516462808,0.0,0.0840694414132337,0.0842140645771005,0.0651111558961836,0.0682642419961725,0.0740527203222432,0.0899460448356266,0.0930675060166728,0.0514102024956889,0.0626216321790485,0.0500865444580238,0.1081915275932391,0.0449953963583042,0.0556384185521292,0.0842471384618215,0.0724784488694936,0.0673855234485819,0.0390380636506925,0.0657524794765896,0.0688234908397447,0.0789734875149508,0.0788025638338431,0.0649280707020618,0.092908754986258,0.0552572281456787,0.0564961823835539,0.0468055888596951,0.0842268864872514,0.0990758261153083,0.0922527917669034,0.0610860320012618,0.0681761876904391,0.0703002872547907,0.0639090762797997,0.0662566737316736,0.0661959298246737,0.0858814157100625,0.0581379015582633,0.1400558607408591,0.0984844596419379,0.1346045735560689,0.0644067619487879,0.1134430155047327,0.1217921648680161,0.0611222280349479,0.07298814542101,0.0743913506428195,0.054022171733581,0.1049462548052931,0.08049214505672,0.0665716752429393,0.1041609172241502,0.0848859994961242,0.0729624293980341,0.0767866004942272,0.1161449278209895,0.050945766496443,0.0781748943912567,0.0605767920266793,0.0540977531911635,0.0483341718681308,0.0818665184313504,0.0513791131074388,0.0635090196270722,0.0526868534917415,0.067219409570326,0.1003509990679129,0.0658775956622109,0.0713892527649018,0.0527886216328167,0.0817952037778986,0.0750244961266183,0.0971808332788215,0.0942730849846491,0.1053613187552441,0.1101732339086444,0.0818087196924449,0.1046820207219965,0.0630182374660712,0.0598228289348755,0.0585619659090213,0.1004144940941075,0.1217537707646048,0.0718135857955073,0.1023894786691505,0.0865981517939298,0.0649246224785604,0.059217787790234,0.1221176046892342,0.0901759338788359,0.0961615895442337
0.1023822580256132,0.0687932674980414,0.1353914294260328,0.0905205955779363,0.089251947395961,0.0961236183305735,0.0758003520544599,0.0890282369680464,0.0808091813667338,0.0840694414132337,0.0,0.0760024728773968,0.0494779075542166,0.0578483973819865,0.0900275753395602,0.0640056275202917,0.0713851900514224,0.0597160902729573,0.0996578972987308,0.1035144741803045,0.1248852898271563,0.0935327106046951,0.062963844331847,0.0936487129815838,0.059741867565951,0.0973155550820418,0.0835280202345764,0.0589046760938883,0.0909712225924854,0.0597187663814787,0.0553759767493521,0.082034835490031,0.0899017907763511,0.0725324850029131,0.1015252543731932,0.06555002692105,0.0661674678951819,0.0874033168122114,0.0889759864397921,0.0919941106847691,0.0650357273663504,0.069667512268119,0.0710091572702259,0.0717466562284169,0.0727981595376912,0.067559724655054,0.0698847836173738,0.1249878907275024,0.0866108794954029,0.1067352484054873,0.0851992624301379,0.1192732464437504,0.1210669904839597,0.0682345148112931,0.0582323900440561,0.0910011949050778,0.0853785837487112,0.106377351638386,0.0975971084968423,0.0884881541097896,0.1496650661603561,0.0709096031449194,0.0716382402923785,0.1016111722674112,0.1020837113740846,0.0710374906354464,0.0771063970315667,0.0711384392717924,0.0820817073492552,0.091874240498447,0.057957605149687,0.0846445455739371,0.056920458406192,0.0653956296963129,0.0585921078282312,0.0640045434203892,0.0914828649125067,0.063368801385613,0.0874538863498177,0.1203774926790528,0.0864711108846253,0.0877390144985699,0.1050402600913838,0.1256088415990114,0.096093916094612,0.0740024450917088,0.0877454330692537,0.0893031466639003,0.0756498951708146,0.0792019022187914,0.081523810815923,0.1153774884405886,0.0903459664938156,0.0798370320246109,0.090657851658721,0.0831579472827725,0.0621943979070932,0.075397776373833,0.1234549993002585,0.107245806821476
0.0779990323195382,0.0834175721100236,0.1005490604477558,0.0533893571510161,0.1159844632044588,0.0783014337064389,0.0807445840387544,0.0538927442511355,0.0895213496173509,0.0842140645771005,0.0760024728773968,0.0,0.0734768868814232,0.0618139366453072,0.0702475917769378,0.0831309889652626,0.0876858871486969,0.0795820284560855,0.118540713399705,0.0791242591052417,0.0719105233922095,0.0886673190696482,0.0673212284742053,0.0811726906527469,0.0763271917552318,0.0695128631891113,0.0765567864342475,0.0583737040419992,0.07629384805619,0.0964248709261137,0.0649870259485445,0.0901312056299624,0.0552540704092847,0.0669147394388988,0.0928981006624037,0.080853201557966,0.0983692726352644,0.0943564520268636,0.1223713071188262,0.1105737827844126,0.1040621489119725,0.1184766177177736,0.0890504577930986,0.0698224055310858,0.056571842335577,0.0821978471132651,0.1029120560089374,0.1806981129381409,0.1158935264244765,0.1638934931193292,0.0832548865582881,0.080277936449248,0.0985868724431488,0.1019177957253484,0.0926193485063524,0.0679982549811047,0.0988258139344377,0.1213844429349374,0.0715571416106776,0.0725915150235458,0.1292536265604632,0.088595407013557,0.0595784348285926,0.0648698503480785,0.0846955888292172,0.0886830812249441,0.09773606887224,0.0841921748360831,0.0818483319556449,0.0857107127240857,0.0556843004984535,0.0851384996508909,0.0925722588205688,0.080476398907232,0.0766865369333812,0.0757124433524434,0.0936729467517794,0.0693693961216477,0.1012177698029179,0.1075079865198592,0.0696911356074503,0.0658337543574423,0.0758861099221374,0.0959292977413645,0.0908755534281335,0.0656198189975076,0.0814467914235275,0.0859585057581508,0.0716158235588226,0.0768044205562411,0.1128977985919788,0.0739112796368463,0.0606383241455599,0.0620870781053157,0.0442961983961822,0.0884510611347348,0.0606979506900821,0.1322545163204453,0.1317871129832081,0.1399314115385435
0.0818036313115263,0.0706019019770511,0.1429271301868938,0.0854503627756434,0.0966117800027738,0.0713715854657918,0.0716742052882572,0.0817948736953847,0.0942498493701884,0.0651111558961836,0.0494779075542166,0.0734768868814232,0.0,0.0461132681159983,0.0767584155334428,0.0632839718143911,0.0804405242394998,0.052019837861791,0.0876073962323972,0.0708617251320828,0.1154039250816701,0.0687037974960076,0.0539102751926278,0.0920437671395797,0.0554271289144022,0.0798060707663727,0.0614882353235098,0.0562726749153064,0.0750461627747397,0.0523575733445842,0.0600247515659248,0.0619465415127122,0.093963850859001,0.0571802289066637,0.0771515382987021,0.0554370574534927,0.0812897992259582,0.09447191370672,0.0874111063583411,0.0795146954044521,0.0698095622322197,0.0649289055069962,0.0556709563458713,0.06965501726849,0.0640120965762423,0.0747487307030113,0.0571269194600224,0.1298740890729277,0.0857752471516054,0.1151940637245231,0.0644058807865061,0.1223400286647354,0.1188281313800659,0.0716455268712384,0.065028098500965,0.0779948830116303,0.0725678217972974,0.1003017896377112,0.0925531443018435,0.074430079798823,0.1215205450120475,0.0774107767873831,0.0547700234106644,0.0823822471795687,0.1052723499962218,0.051869740905313,0.07259730299598,0.0716731130937619,0.0551724046203932,0.0694038777398338,0.0595561804054209,0.0645962705369284,0.0581486237461345,0.0512527824590489,0.0540025947878731,0.0743017307265435,0.0729482226334587,0.0625651806000265,0.0624255618518516,0.0882058765566628,0.0639930591463073,0.0916543667761529,0.1024956096514103,0.1212937135027297,0.0979439056596484,0.069683936467488,0.091104965403046,0.0797116723012189,0.067495633084383,0.0655031021634921,0.0867111352559876,0.1215409484526834,0.0860006536447363,0.0929763853448762,0.0789754661594068,0.068479946244031,0.052224955046195,0.0944024357028151,0.1137624859906073,0.1103074472457139
0.0756507369105683,0.0739074063737687,0.1317753651375705,0.0746338326416475,0.1068706699644759,0.0686713639117995,0.0733722204146101,0.0696788473933738,0.0955271733920071,0.0682642419961725,0.0578483973819865,0.0618139366453072,0.0461132681159983,0.0,0.0720981271261993,0.0606277112026675,0.0777727159366291,0.0549550268986322,0.0937221942762369,0.0653847054834873,0.1048280628436545,0.0706811359242512,0.0461572077968812,0.0809646210718292,0.054571935149092,0.0649964428568793,0.0598343401141151,0.0556902658650398,0.0590883482677663,0.0671291368548684,0.0588454355434169,0.0605774937010332,0.0878008317151864,0.0588157270148072,0.0799394394943665,0.0678458594456677,0.0906012023355367,0.0910608975259401,0.0887516167444211,0.0848427973655194,0.0791767634945414,0.0783238524988215,0.0577974037559383,0.0713530366949781,0.0549420302737875,0.0757326828138341,0.0691926375293801,0.1435016121120403,0.0889162127053682,0.128416494954149,0.0621726553228957,0.1056432717864504,0.1132333687055676,0.0763667430067535,0.0720265770953646,0.0707201785574209,0.0780341209530084,0.1081381882787071,0.0726649088292953,0.0662263838458748,0.1112775022279373,0.0798396029486565,0.0505464840443404,0.0705616652847148,0.1091642268234625,0.0647373070557324,0.0724637736137942,0.065206629442643,0.0535695254743143,0.0702910553380576,0.0596562993286085,0.0602719371513991,0.0669344666532564,0.0565611500859091,0.0634743449704449,0.0775939041348579,0.0668226920891246,0.069464532739962,0.0731257472167823,0.0872870975378107,0.0617677606955386,0.0825084085444199,0.0942061587224276,0.1162239342239069,0.0947119890502301,0.0676527557776868,0.0898152030360746,0.0733473036403899,0.0548804971374142,0.0656131471942625,0.0989640152124935,0.1109766322235808,0.0815356017396891,0.0860992123900082,0.0739243368365757,0.0662797157621845,0.0542270042005469,0.1001826094009994,0.1096003972277388,0.1145510414844723
0.0533008876710521,0.0933793232762539,0.095958647155399,0.0547504326721971,0.1408970130130662,0.0683687957550782,0.0689488601222939,0.0513795393328548,0.1174726745606428,0.0740527203222432,0.0900275753395602,0.0702475917769378,0.0767584155334428,0.0720981271261993,0.0,0.083221308512544,0.1089942687990939,0.0809407706731255,0.1105190108516031,0.063402140857226,0.0632380898579422,0.0706108018357849,0.0749243503063571,0.0677927770144864,0.087279622728395,0.0775169601877875,0.0688776251247143,0.0570315302044698,0.0711676706888895,0.1044401192204248,0.088544778623351,0.0968922126246886,0.0701603970605431,0.0771414573131553,0.0723051735076384,0.074926150817529,0.111826048630394,0.097241864388742,0.131598124624178,0.1055095657184444,0.1092583670469932,0.1137805006797185,0.0949240298331461,0.0720108720753376,0.0734220420269156,0.0809270516116574,0.1042827304226863,0.1910983775222001,0.1234065587638106,0.1748019855446486,0.0807438999481952,0.0719550721662703,0.1062003768807194,0.1025341806789477,0.1052148981031203,0.0709925118725879,0.0739422481034881,0.1160773188819496,0.0693837861295414,0.0491049721580755,0.1193949031678781,0.0867318370353965,0.0717030342740221,0.0481626897928735,0.0873188412998498,0.0768950156553918,0.1110996042495971,0.0852174885232641,0.075107813513204,0.0810804065557814,0.0630389924878742,0.0837343666852448,0.103875650515921,0.0792261620855776,0.081245148628097,0.0890065155610751,0.0848716731619721,0.0696805881642473,0.0847012732235022,0.1074954537283476,0.0532372215734759,0.0696128909630617,0.0764146255172815,0.0878115519539831,0.0856704557597265,0.0644803028603141,0.1197806252465011,0.0674921712303246,0.07562567520835,0.0781297078537858,0.1196213664988537,0.0736367511726936,0.0631534195889568,0.0781271405500304,0.0655090761990229,0.0788638074415379,0.0629667624728177,0.1416896459085636,0.1241901106585612,0.1471153962149858
0.0807015564638004,0.080050536032503,0.1493278230538321,0.087543735393832,0.1243588208761307,0.0881125378377723,0.0814761426774998,0.0906847359130087,0.1154679179988698,0.0899460448356266,0.0640056275202917,0.0831309889652626,0.0632839718143911,0.0606277112026675,0.083221308512544,0.0,0.1030310632208858,0.0790119808069123,0.1152972078877259,0.0900182877639038,0.1151055176117283,0.0991421759008041,0.063517238715161,0.1132563791508955,0.0831590250229242,0.0887721883021193,0.0914124912573238,0.0724730382955877,0.0812868741870977,0.0805930791694054,0.0668895316095128,0.0672292464357599,0.1153758795585909,0.0775694332984857,0.1126576881542567,0.0805766026296198,0.0989405751484829,0.1269595914320801,0.1122208151427295,0.1189190558540807,0.1042068948430403,0.0867578926599146,0.0789720467912605,0.0984171866653235,0.0842567068944224,0.0916930642791479,0.0890144605342639,0.1452292004642706,0.0991318911279776,0.1344246072819246,0.0690436787794928,0.1216747148737118,0.1481478902688927,0.0772001957806291,0.0723237840861634,0.1109292558029484,0.1008765872291126,0.1349677782790778,0.1034958657314755,0.0816413126367489,0.1225657979817668,0.0950044115536982,0.056196581871731,0.0981962920863456,0.1320482940011906,0.0813894874988432,0.1067253766303247,0.0839406416407085,0.0784580532397619,0.0904979312962858,0.0704308092411334,0.0722020629265454,0.084519203019951,0.0719962629048687,0.0608976350256352,0.0977407049778864,0.0848197805018505,0.0894350488975335,0.0918255275946952,0.0986853635847958,0.076754412909826,0.1058290362819686,0.1154902706222771,0.1438646357851123,0.1015820535596533,0.0890089143561699,0.1218475556774043,0.0766190801537109,0.0718172410172335,0.0887510654708289,0.1191047930881501,0.129541921284862,0.0933681366717645,0.1034695793926367,0.0827420256132004,0.0876047237730328,0.0678317970527933,0.1125111569122054,0.1326342122920934,0.1408096324356379
0.123424492831732,0.0986029187774352,0.1377310568126797,0.0934523742427567,0.0699007532674674,0.0956703835182066,0.1131556179174985,0.0880175593487816,0.0652191498147118,0.0930675060166728,0.0713851900514224,0.0876858871486969,0.0804405242394998,0.0777727159366291,0.1089942687990939,0.1030310632208858,0.0,0.0840737118166514,0.1123044054406541,0.0986701139707475,0.1344117619007149,0.0913620403866628,0.0753280636227258,0.0783241884414593,0.0672078724581642,0.0933675487773941,0.0864900466811805,0.0880820603258701,0.0958162067435475,0.0818503969794878,0.065491751114044,0.1006385156623546,0.1064508983778305,0.076821346170636,0.0929200448195685,0.0898980481151414,0.0862061531532429,0.0725887197970844,0.1037691020708783,0.0944676989909146,0.0837272657727567,0.0983993453538077,0.0802230506684187,0.0761118632484383,0.0627966554862698,0.0794159698357815,0.0820505614163485,0.1393522221295156,0.0761062495538067,0.1089121275172001,0.1068259441433088,0.1117510980862429,0.0895322671995334,0.0873264232320378,0.0842416748772909,0.0640728326631373,0.0980364871222985,0.0839419371065554,0.1016649692522035,0.1069539340953834,0.1519615582936344,0.0876199813145305,0.0874354096036832,0.1043992720194563,0.1020919910302676,0.1064473311168534,0.0574360278627429,0.0858125213394264,0.0873038576486212,0.089925818555946,0.0939949071214364,0.0899700021731331,0.0796494046814575,0.0934657529835895,0.0904061469128073,0.0801706567158054,0.0868412275554169,0.0913438417753455,0.0900463239061633,0.1344382136109685,0.0910664806887751,0.0903000338088504,0.10667414758627,0.120061369985567,0.107986885965623,0.0994066275341951,0.0668393692623047,0.1044206831921657,0.0848616940399003,0.0786740642758898,0.1001822866454466,0.1176262567064422,0.1107428026093811,0.0958251294557165,0.1031244083534163,0.1059637006334415,0.0777225669240841,0.0999218310156837,0.1095753480178592,0.0881018459706441
0.0793013664544919,0.0788589699344469,0.1488795987072502,0.0873901648351795,0.1132009879228462,0.069197800538122,0.0650062558649531,0.0784504711197151,0.1009816949683361,0.0514102024956889,0.0597160902729573,0.0795820284560855,0.052019837861791,0.0549550268986322,0.0809407706731255,0.0790119808069123,0.0840737118166514,0.0,0.0737038092142513,0.0681909471757914,0.1166574822862707,0.0584290538202981,0.043328330966909,0.0967517007696436,0.0668637236789534,0.0791331461059476,0.055676297253121,0.0588028506357116,0.0758722749816168,0.0715051984769238,0.0710725701477552,0.0634105377044998,0.0977181908538287,0.0555506053279423,0.0650142130768678,0.0493261408964353,0.0833859679013244,0.0988741243443856,0.0724923298446417,0.0652841348931978,0.0603025989621618,0.0664067093565157,0.0562913141374506,0.0709106880619024,0.0602023595164017,0.080214172228916,0.0540895489045391,0.1170497783876251,0.0853645904843701,0.1143593202696624,0.0656028147309209,0.120861120122642,0.1281642555501518,0.0640838632490416,0.0698020084427103,0.0756135274077517,0.0634534698743069,0.1083587711307438,0.0913681996730244,0.0772727723735617,0.1188281114302182,0.0871240716299748,0.0621147805523565,0.084606493885537,0.1188756501804801,0.047584453885379,0.0709674517649154,0.0648912896329158,0.055014071633218,0.0642924598674792,0.0731389493704536,0.0594038533877732,0.0527684222882571,0.050491274366276,0.0676173546481904,0.089839930685793,0.0748100844716251,0.0716948087261833,0.0674703338807341,0.0957675494899423,0.0777806670264614,0.099250543647887,0.1088308803778404,0.1181968891464294,0.114161267188156,0.0749523382558784,0.1005132986833103,0.0792375901990381,0.0627549088615303,0.0693420305965469,0.0920064631349995,0.1220961333959463,0.0808602307585902,0.0980819075473385,0.0842193595016495,0.0669813012358461,0.0630522427791249,0.09955076020641,0.099305921074469,0.09575366687142
0.0879885926896979,0.1208111413160298,0.1761422457829272,0.1152913533691731,0.1416258187154999,0.0944404786408922,0.0978517035691709,0.097470644580233,0.1411573703174033,0.0626216321790485,0.0996578972987308,0.118540713399705,0.0876073962323972,0.0937221942762369,0.1105190108516031,0.1152972078877259,0.1123044054406541,0.0737038092142513,0.0,0.0785242383962868,0.1305360518838808,0.0620892764306462,0.0888903265047502,0.1029952997534613,0.1105038377960705,0.0803805801915971,0.0705725522163521,0.0940986117362304,0.0773209174152662,0.0999695744949403,0.1037908059846128,0.0700825513416563,0.1326239542600196,0.0940847682702158,0.0833062565157835,0.0878199541590604,0.1009585808235587,0.1267186167165359,0.0832161940312992,0.0523957960698448,0.0766107993353086,0.0796960092888737,0.0850935707740309,0.1009726711088419,0.0888492507545017,0.0950523254387377,0.0606314347333209,0.1306913042385443,0.0912757693456508,0.1254134232988431,0.0674507603065203,0.1408226578990457,0.154064265506003,0.0775108585803124,0.0936692178195941,0.1032278712140717,0.0801317031987656,0.1270076791364258,0.1104870161355909,0.0849976139081667,0.0859435849095746,0.10772331852884,0.0945884456467102,0.1132919382516728,0.1550386070871383,0.0659757812345357,0.1000165434796532,0.0837098641384783,0.0686515608416662,0.0623506600024468,0.1155311978409161,0.067951401581761,0.0847800337037611,0.0667001684810691,0.0856996963582613,0.1306484312141052,0.0724985104245615,0.0997319857791986,0.057000176841305,0.0704246031699513,0.0995058820318015,0.1338118150335513,0.1370081295430144,0.1363015225277998,0.1431319098522693,0.0954299250031468,0.1388004078233565,0.0932788121258132,0.0812809479969848,0.1047795850214471,0.1295553507005571,0.1499449475837284,0.0937666939036089,0.1387885619006731,0.1120804684057856,0.0653777482153997,0.0998373492839432,0.120303786260211,0.0594180711160981,0.0982467829717848
0.0649022760163707,0.1001744044157298,0.1431886229903049,0.0647448374188633,0.1390863722528328,0.038572294874012,0.0828291411001456,0.0550817304222036,0.1206037115504744,0.0500865444580238,0.1035144741803045,0.0791242591052417,0.0708617251320828,0.0653847054834873,0.063402140857226,0.0900182877639038,0.0986701139707475,0.0681909471757914,0.0785242383962868,0.0,0.0870123824453468,0.0404099899965506,0.0585691063826625,0.079708442504464,0.0780755396979282,0.042193335787948,0.0482737234966705,0.065247202871169,0.055750695909753,0.0939039060638647,0.0927812023266983,0.0733631339852941,0.092987794908899,0.0592505103884295,0.0568225110827171,0.0655329277084406,0.1021897038415431,0.1058480304663819,0.1127682533432795,0.0776081231922754,0.0946848070760877,0.0924235784684573,0.0726340244916031,0.0703781771353354,0.0583503729679991,0.0925879410629637,0.0799904647735449,0.1679676625396583,0.1087066851435994,0.1619941829892542,0.0585240813487391,0.1041915031824275,0.1150831379518613,0.0760263928049889,0.0874960163881583,0.0684165498040041,0.0635550684507606,0.1179702976671994,0.0662699061729939,0.0538298264980626,0.0823276480608631,0.0973907379405449,0.0645546931251937,0.0621930560049967,0.1210731495606896,0.0651659995277389,0.0921794514932181,0.0797897664933182,0.0548092373980859,0.0573114276643659,0.0853955412816525,0.050933924485455,0.0824484142481321,0.0593816310817703,0.0678337697846378,0.1054444561672897,0.0479291223535318,0.0820648446391557,0.0587716481632452,0.0801754509437091,0.0509744223814296,0.0960612227467275,0.0875976411548966,0.0965481195643474,0.1085839398002877,0.0838753567321605,0.1124490548374371,0.0576448182599042,0.0583912545668859,0.0630878901762379,0.1184206582998706,0.1149208664575168,0.0672884246362074,0.1059047629436102,0.0730555468742965,0.0594558372660412,0.0572067369713454,0.1471029291839265,0.0939294129767976,0.1222846521968501
0.0684031789158203,0.1307619020161983,0.0947779405238997,0.0614534263169892,0.1718077084819024,0.0867958572744667,0.10671085526048,0.0565287203869411,0.1400393621594757,0.1081915275932391,0.1248852898271563,0.0719105233922095,0.1154039250816701,0.1048280628436545,0.0632380898579422,0.1151055176117283,0.1344117619007149,0.1166574822862707,0.1305360518838808,0.0870123824453468,0.0,0.0962763295816066,0.1041620049321235,0.086964482692478,0.1205092312792774,0.0840082523230544,0.0948733220776283,0.08885485082576,0.0922901706602539,0.142216918143084,0.1158532363804955,0.1240010562237955,0.0745226057499812,0.09886783191406,0.1013297337666348,0.1110383966623472,0.130830344958729,0.1265685720761533,0.1700953684883921,0.1332415756732721,0.1444826180846731,0.151737257956406,0.1294328344897449,0.0917261622184808,0.0948930892839813,0.1208698051828778,0.1432437493770963,0.2285718562407051,0.1564621462781275,0.2167527585974084,0.1027874895623744,0.0674398839064052,0.1203614166002628,0.1329901733637619,0.1320947965470597,0.0977617182226887,0.0978824020346995,0.1550590415396076,0.0778119014472673,0.0690269654707441,0.1273361192549302,0.121919586699641,0.0950937178346711,0.0688898166621176,0.0956108968352251,0.12026213367767,0.1415899980905851,0.1172129347678402,0.1101439677999032,0.1053922749100653,0.0847464243976414,0.1125990836211289,0.1321716343735378,0.1070787259520033,0.1049557691306086,0.1168402912320788,0.114075395563405,0.0994071940279488,0.1212214458275161,0.1287830940790475,0.0829790164108018,0.0885125916551609,0.0869018449075994,0.0849981252648897,0.1193777868030687,0.0851245255557164,0.1341446801018301,0.0938622044485847,0.1053282954904397,0.0999185296400315,0.1494603363614456,0.0612831070752138,0.0688871120306643,0.0976109426944819,0.0584152733850505,0.1041087072034374,0.0870493219206271,0.1846747334084909,0.1435240223227742,0.177567051865624
