0,1,2,3,4,5,6,7,8,9,10,11,12,13,14,15,16,17,18,19,20,21,22,23,24,25,26,27,28,29,30,31,32,33,34,35,36,37,38,39,40,41,42,43,44,45,46,47,48,49,50,51,52,53,54,55,56,57,58,59,60,61,62,63,64,65,66,67,68,69,70,71,72,73,74,75,76,77,78,79,80,81,82,83,84,85,86,87,88,89,90,91,92,93,94,95,96,97,98,99
0.0,0.1285535167776517,0.1279023790255325,0.0750232239887991,0.1432651465907984,0.1188701709383905,0.1394456000791266,0.1222631463306845,0.1824419381872261,0.1156913582452487,0.0864153829827379,0.0987449975595422,0.1449749135847118,0.1819111705939522,0.1035825614866463,0.1754306823882861,0.1047171135031701,0.1546484784948406,0.1121730293570481,0.1506021966354964,0.1068339059523987,0.1189937308436909,0.0888969235709663,0.122515629491778,0.1410123402169195,0.0922238254629767,0.0951236762750094,0.159213517061542,0.0893423964854071,0.1225334206474149,0.1636474716238164,0.1532323738962563,0.1060479581752712,0.0880291405290586,0.1065670125222245,0.1746041241362025,0.1541686446701402,0.1449009096577066,0.1276269988002077,0.0756277137806703,0.1450222215113425,0.1456905477610863,0.1218722260000713,0.0899131026024233,0.10720364036686,0.1316303604484107,0.1161657090072074,0.1001333701483251,0.0853050165592949,0.1263923193907526,0.0927856647127992,0.1056031312524007,0.0786123364736219,0.0603533075591682,0.1503127228749585,0.1137923993788586,0.111065846258878,0.2008223421795517,0.0704862389200552,0.1052139991522457,0.1758470991574005,0.1619961378378774,0.1277266261935874,0.1060946469639445,0.1177161854940507,0.1321615260648203,0.1545475473780889,0.0936470396417086,0.1010726367951543,0.1843354135340773,0.0829938360646322,0.1050655745364643,0.0818672369295455,0.1027401624102681,0.1235358227336989,0.1175189367495932,0.1331721783084346,0.0988609922471144,0.1073172610067421,0.1431570243056566,0.1146969743501153,0.0866851811874256,0.0703663277235989,0.1558773815875263,0.1350215786481211,0.1360903362731373,0.1854544205453705,0.0756674404341363,0.1413283722660125,0.0948421014188108,0.1509572831592978,0.1389230628145024,0.2158160870705181,0.1670303048497738,0.0846525225051582,0.1253355600181595,0.1513569678828578,0.1583188828554722,0.1072498299666218,0.1328979990896911
0.1285535167776517,0.0,0.0719903079285252,0.0697009896374196,0.0830256816582528,0.0700766270296627,0.0849124585205173,0.0485985641743375,0.0944861882628142,0.0712012826715804,0.0697923199977458,0.072166196705712,0.0705602372926988,0.1187635941037598,0.0598097138163042,0.0972489570693571,0.0647873706330969,0.1047763036811369,0.0626959252267635,0.1065793981451168,0.059911336385603,0.0870460455523526,0.0866294364000311,0.0648135045136243,0.1082984156653932,0.0583073751546079,0.0552446084778934,0.0584741941777265,0.0853340168286134,0.0836667211582983,0.0821789586762938,0.0835495185599333,0.0584387714097078,0.0708348998923106,0.0672385095498552,0.1106021821544223,0.0701128039695015,0.0532247570703418,0.0674632132713337,0.0827937397426474,0.0602466171684006,0.0828311023769944,0.0606654385327023,0.0618298743584131,0.086601348847767,0.0808580340948373,0.0890398507843551,0.0862624333345068,0.0870445917978248,0.0569152806438751,0.1158544983200365,0.0608045063356924,0.0912725188911291,0.0984964425648717,0.0531379927366974,0.0876784600480695,0.0783784129254334,0.1102911117452277,0.0810259627942181,0.0887958162401206,0.0944266325795062,0.070703104849253,0.0848174592615084,0.0862038790376925,0.0654546796055837,0.0638593262242213,0.1069757737711292,0.0857498451388588,0.0606787348100997,0.1285710484213529,0.0832305567030879,0.1223649996185888,0.1056745242664776,0.0731892984482647,0.0507940575834422,0.0803136101475576,0.0587460311339837,0.076804400002561,0.0785260390983852,0.0716969241235224,0.0701430517907913,0.0733246822751329,0.073447654937612,0.0665740857290722,0.0616593138630635,0.0570265300532059,0.0835357915652549,0.0820790550795339,0.0583273302906207,0.0733733054254546,0.0852683450877513,0.0696721944447529,0.122323038324418,0.0790675551534339,0.0830964584326354,0.0616930696171974,0.088201286915808,0.0996460593777512,0.0816793557035593,0.0723054812766012
0.1279023790255325,0.0719903079285252,0.0,0.0840701029159777,0.0867406361317216,0.0787027539098503,0.0828205912485384,0.0794742758177064,0.1151454114242224,0.0631574641085618,0.0930363810237282,0.0626944002592272,0.0598483689086371,0.1338496002631176,0.0813623553180151,0.0937848624793201,0.1091027284576926,0.1348118974096555,0.0596868708782518,0.1114674447472585,0.0744977674331138,0.0995771429237671,0.0946567254735074,0.0651960900113847,0.0651317063655498,0.0492186023535061,0.0778998057940265,0.0899758840356552,0.0797525093513101,0.0838935586633142,0.0778499017051399,0.0743062065493623,0.0581786236162449,0.0943853624115757,0.0902432728687353,0.1294513459173021,0.0612626417982348,0.0870260569989404,0.0773893884176825,0.0795760672624965,0.0952365256634476,0.0594647704833168,0.0557425294085974,0.0717322656172866,0.0725830986099179,0.1268393833489357,0.0992086213250934,0.0584383336214989,0.0703858391872681,0.0743436599705287,0.0955193409739682,0.0637786704076127,0.0882285085285749,0.1131182040003994,0.0914710677950732,0.0670980715169004,0.1085233897110501,0.1158836526022623,0.0856393343060133,0.0826653018549948,0.1195620148062714,0.0898728802978883,0.1058695272782356,0.1129954932649018,0.0911151934307081,0.1074516338129732,0.1278473794650143,0.1139734534589264,0.0545151746494097,0.1483516939437386,0.0851388543997642,0.1357911500536093,0.140329940146852,0.0627400181937277,0.0681987288896885,0.0655884008979701,0.0638472960860887,0.1139045397635567,0.0794946117948777,0.0791719207627538,0.0964484078423984,0.0768326203611813,0.0918999091054793,0.0896406027136199,0.0730203668398482,0.0676887503804462,0.0702922162167139,0.0871419520567861,0.0694056636805808,0.0768890419772767,0.0930016348840941,0.074367970745224,0.1285330556199561,0.1183382182641364,0.0929181391822157,0.0965199929358975,0.0910473013232228,0.0890464992034774,0.1147889323130383,0.0654797399519173
0.0750232239887991,0.0697009896374196,0.0840701029159777,0.0,0.1054056977419065,0.0858392357444605,0.1017171192320672,0.0639949358764126,0.1299484251960223,0.0802256232227385,0.0608119348888576,0.0727396833802541,0.1002431927297097,0.148464194643903,0.0575576701020485,0.1293584842090078,0.0635252125629801,0.1066559773862133,0.0694297449446915,0.1100519621699749,0.0564105963546199,0.097203306334589,0.0736656620084642,0.0771746802915923,0.113956198800422,0.054349245407907,0.0683515153104997,0.0985966640424121,0.080591372429988,0.0797107182931572,0.1122768327447965,0.1102825824214066,0.0549433136633541,0.0568613393938518,0.0607086275790902,0.1354528490749166,0.10560957428591,0.0898211988204316,0.0763213767607613,0.0567253681558473,0.0949624258588517,0.095061909566508,0.0794709765185903,0.0579759266385578,0.082438995803936,0.0868179154546657,0.0869137743384131,0.0761600318542014,0.0593124042067852,0.0716163948248905,0.0915025075603746,0.0650966988259115,0.0684672369899497,0.0717861900192488,0.094471591051573,0.0949096689069019,0.0777419002033474,0.1489144848705139,0.0502458995403517,0.0800788195994725,0.1222034914243393,0.1019767528178304,0.0852946052215917,0.067204152153994,0.0612311068669372,0.0851737948708656,0.1163548232001836,0.0652510131021757,0.0714058475323025,0.1437111625833578,0.0521097136151662,0.0884316862802477,0.0746273456482688,0.0820423785767887,0.0703071751208583,0.0800844920906687,0.0778294402916487,0.0749007975996963,0.0580544613841835,0.0928718184903681,0.0668808265733961,0.0654934297646557,0.0462690034094526,0.1001066213631451,0.0812594766068087,0.0810918286668468,0.1249720835884614,0.0510363072856308,0.0841735539418307,0.0685223652782267,0.1048929549270187,0.0907821300936636,0.1626710849591702,0.1106339994554099,0.062352120199938,0.0816655016664715,0.1164680926401478,0.1154016508137399,0.0706579554955222,0.0793824871377796
0.1432651465907984,0.0830256816582528,0.0867406361317216,0.1054056977419065,0.0,0.0576609682825762,0.0831976335402494,0.0969058578613477,0.0772296719353464,0.0705300749252804,0.0803166458942999,0.0867252332123468,0.0609287245491818,0.1295359168279609,0.0855163429832981,0.1199586870331399,0.1011222994789267,0.1532899064625512,0.0830037016834166,0.1341725224077397,0.0845945441484293,0.0990376572848131,0.0940568799579719,0.0739735531688807,0.0806017082274525,0.0815386104303928,0.0821698289724421,0.073573124637883,0.0921780473187513,0.111376939022001,0.068850081139509,0.0842254063646956,0.0844010638758092,0.109259116671599,0.1065909401442022,0.1188843010378864,0.0741879658376382,0.0722091002056632,0.1074010370209604,0.0973750094240959,0.070978060616895,0.0657731126309324,0.0869767547650378,0.0829438421355035,0.0771565589174529,0.1250401766865579,0.130420847942,0.094132918484776,0.1064771613139396,0.1021731678373858,0.1173582312248305,0.080343379900586,0.0969859619709263,0.1192517285978835,0.065890492548323,0.1063781788228193,0.12375292343023,0.0908944627728632,0.1048158693853904,0.1101064422067892,0.1311871646298272,0.0730298109358772,0.1129787032156666,0.1229232101489694,0.0881407060261594,0.1074638354207634,0.1422731263772759,0.1301856565789834,0.0890752481703749,0.1464797194866621,0.1086283669665702,0.1676042743083306,0.1417704237749933,0.0896480243879527,0.077104667086112,0.0804761025605674,0.0772613417740321,0.1208231186359077,0.0938398677676402,0.0567388098913712,0.1031810267967527,0.0894150160116223,0.0969300726074327,0.0837266354171689,0.0828981156770164,0.0800406720776075,0.0983277462338743,0.1083922999102562,0.0713183266283444,0.0923406504877515,0.0923078538696458,0.0467349353509443,0.0941281133583892,0.0912244675123323,0.0986788857697859,0.1126846190932218,0.0993462135387372,0.0896814288628448,0.1252327917211847,0.1014999531411231
0.1188701709383905,0.0700766270296627,0.0787027539098503,0.0858392357444605,0.0576609682825762,0.0,0.068485187046449,0.0811764004196857,0.0753388251258644,0.0491167173876996,0.0669792000000869,0.0834029183994949,0.051947526108747,0.1429268064657469,0.0670804935475176,0.10967643788238,0.0856791984803433,0.1382544615627949,0.0818313085191847,0.126747572675156,0.0825400042968362,0.0873557861185207,0.0712761376336064,0.0491232222573071,0.0855468381193911,0.0692700151720394,0.0540624475446644,0.0701416631806341,0.0680263485246208,0.1094247321768456,0.0760374004061026,0.0735309734124144,0.0784906652305988,0.0911205096494729,0.0863342783918413,0.1205988481326751,0.0695827717584502,0.0609657013036799,0.0873217131422188,0.0793996137831625,0.0565940100774822,0.0742585358660096,0.0793940328503996,0.0602790486144307,0.0548179380507135,0.1049872891904493,0.1064435987624683,0.0817412669996973,0.0960923905804641,0.0898652816054873,0.1037775805720337,0.0595244840173126,0.0802070983992883,0.1031176096094858,0.0661135375335717,0.0719233786908999,0.1078950380282457,0.0925806263705822,0.0785563502480772,0.0819617190908765,0.1197103738270617,0.0790750644977664,0.1093588833275885,0.1067707117893804,0.0766595776825108,0.0941376856753167,0.1308195959968155,0.1087183707890987,0.0696230504859688,0.1518488283548381,0.0773397685035453,0.1512696534575081,0.119879318286632,0.0604595696199106,0.0663102340768454,0.057554396123426,0.0666502946972407,0.0924551970665439,0.0916708050128678,0.0496229054208835,0.0776003247111656,0.0709746509481504,0.0720521801964275,0.0862972597300789,0.0756915615333979,0.0819849021831137,0.0973990567500738,0.0872663006069579,0.0747842715511251,0.070687694512661,0.0981797780199904,0.0605048092844822,0.1068280465066699,0.0923954366045786,0.0652000837384975,0.0864429212295751,0.0802629952229891,0.0991193699239929,0.1115903685364412,0.0877875356779135
0.1394456000791266,0.0849124585205173,0.0828205912485384,0.1017171192320672,0.0831976335402494,0.068485187046449,0.0,0.0708724787573391,0.1047004869440096,0.0728838918108524,0.0929549919746092,0.0918821475241909,0.0644200015611919,0.1187795545229191,0.0935971537421714,0.0764926079404673,0.0916031248850978,0.1013613432378747,0.0904990709727098,0.0934760637960627,0.0935847853240701,0.0729423788451187,0.0995869390586559,0.0882751364477489,0.0976736050852896,0.0774778900644608,0.0670630061053194,0.081424907096556,0.1053927681298638,0.1144480547993329,0.0794007139295828,0.0656786012612752,0.0852306665244925,0.0923511384151339,0.0929447844743224,0.0954162000738162,0.0649628197010899,0.0904231053105184,0.0729032011499311,0.0958051560875079,0.0808530866544592,0.0776110599747573,0.0857252750603208,0.0913652511856311,0.0878627118891653,0.0851037932677742,0.0831533979199997,0.0765348198663253,0.0953135706153198,0.0702589746350974,0.1359511984600395,0.0805141901153585,0.0778351376889891,0.1097111799388334,0.0891423299968709,0.0887652289206044,0.080430244283288,0.1130234389863289,0.1056018465784317,0.083592715135156,0.088900073565098,0.0800209046913069,0.0970763696506719,0.0914201357555798,0.0875529126926979,0.0669702959275663,0.1058129218014413,0.0902167022359475,0.0745536279125375,0.1138966507241034,0.1057229909153642,0.122201765720047,0.1185019643536774,0.0762924525174862,0.0742775986051754,0.0926623661409157,0.0715408947557684,0.0932150650662245,0.096657683667337,0.0826697162201347,0.0999736073989111,0.0707953824735886,0.1019575347595162,0.0878571601050903,0.0747397775066689,0.0838353118115538,0.0932162071137353,0.1112711179566756,0.0828314762447195,0.1084402840655327,0.0844065953600602,0.0779584924184675,0.1252925343054455,0.0870852200609721,0.1040863102795422,0.0728237184664473,0.0687480938710838,0.07545251943422,0.1006328111310747,0.0887066851675364
0.1222631463306845,0.0485985641743375,0.0794742758177064,0.0639949358764126,0.0969058578613477,0.0811764004196857,0.0708724787573391,0.0,0.1169186891672259,0.087410414034755,0.0741852239125911,0.0850788794789057,0.0769032480580809,0.1055633884954913,0.0586442886396713,0.086029428599962,0.0581474062503191,0.0762831667639869,0.0696473372509329,0.0872156324708147,0.0632331027767015,0.0769945149801645,0.0859594050535058,0.0818473329842739,0.1239917714385143,0.0611011605690592,0.0601161747796937,0.0646985484915039,0.1001864289325126,0.0750740501441561,0.0820809292636338,0.0769829268307724,0.0568627016941602,0.0579723661918059,0.0587428470627463,0.0954185205399295,0.079325988860576,0.0758056038668295,0.0542402543069946,0.0903301127925267,0.072755444101982,0.0804371131550554,0.0686229468115109,0.0767721957779884,0.0964346791540917,0.0625652132805818,0.0680540307615986,0.0857526770635288,0.0744544065407879,0.0448726139368348,0.1237754159909475,0.0701828267654123,0.0771954794832302,0.0895650729760963,0.0732617505422563,0.0991069181685962,0.0654946421110107,0.127482002023112,0.0794491298298416,0.0800613082309426,0.0797575044874807,0.0675336372388538,0.0577705186191749,0.0655318954356738,0.0515199482110875,0.0492477991666623,0.088725362623888,0.065325502153261,0.0694562197832834,0.1056413664186819,0.0848878480863018,0.0909112473829838,0.0897101995289056,0.0823453713914153,0.0548183777495326,0.0895472659692198,0.0604887664305873,0.0701190914634515,0.0752054112034664,0.0908298007528283,0.0652687948567827,0.0680809667318609,0.0757841217668963,0.0679917436348909,0.0552972300832967,0.0664624729835657,0.0863978637813641,0.082485046029629,0.0667342894035719,0.0882152244671858,0.0727094290004581,0.0822941667168227,0.1336753300929166,0.0751129586901177,0.0829477968310851,0.0524414719998455,0.0769884351317444,0.083416848168835,0.0574868400363457,0.0704680333148794
0.1824419381872261,0.0944861882628142,0.1151454114242224,0.1299484251960223,0.0772296719353464,0.0753388251258644,0.1047004869440096,0.1169186891672259,0.0,0.0806540653768258,0.1141655841679922,0.1138175583400367,0.0800636300825624,0.1592766157880648,0.092997512965892,0.1348639254972538,0.1312390785358558,0.1799424500281366,0.1151872368060943,0.1707849532600946,0.1167907091365541,0.1366913961627258,0.1061402632857425,0.0721776436061235,0.1008401326572565,0.1181502955448264,0.1138550632995168,0.0692044233510555,0.1050984482028293,0.1478970321713418,0.0736055215366229,0.0972452106987767,0.11175918618824,0.1507983983701243,0.1362046251964148,0.1536355741146308,0.0752219036637813,0.0692684075016096,0.1268727583364832,0.1236074770052284,0.057482395654875,0.0948172108400421,0.1279604203894374,0.1045499430243934,0.0944886782538687,0.1363030694674412,0.1598359538589417,0.1324465272756381,0.1539772465856696,0.1322564940794513,0.1382277156263382,0.094232210460535,0.1369412121691404,0.166683300932289,0.0594972791735543,0.1203301866426408,0.1525082076448552,0.0432116127564535,0.1249530674520508,0.1321076711098149,0.1557758669370811,0.0781765136810697,0.1405483441252495,0.1543914364797385,0.1003185788996562,0.1228778327180828,0.1782034866278585,0.1526266406119126,0.1178368687959095,0.1683457190471328,0.1123891293160331,0.1977029968232855,0.1723794480554841,0.1086484822245972,0.1094610650425257,0.0871907252341052,0.1016807243067038,0.1314028977521533,0.1276775487512537,0.0654239729698068,0.0981387807731927,0.1284117305165001,0.12670348094089,0.0996462950602673,0.106988060072122,0.0889527864476786,0.1017767729250467,0.1305036226818874,0.0940005596716974,0.102312699569581,0.1383670014704038,0.0681508313281933,0.0659290294409041,0.0949900200834781,0.1035324585051932,0.1207791691289268,0.1069016220481334,0.1309038703885708,0.1561344750338315,0.1251858543771945
0.1156913582452487,0.0712012826715804,0.0631574641085618,0.0802256232227385,0.0705300749252804,0.0491167173876996,0.0728838918108524,0.087410414034755,0.0806540653768258,0.0,0.0667283596452637,0.067611195375031,0.0598759379462987,0.1491302220189168,0.0605820451810133,0.1130956281533129,0.1027540696976221,0.1507350582969392,0.07162915838959,0.1328634752160658,0.0744789837244,0.1002716436752567,0.0646119665132237,0.0507434022234609,0.0619447679614668,0.0605639109663749,0.0636555958958945,0.0811777991678031,0.0551228176401702,0.1070182857932185,0.074365754775834,0.084578697934264,0.0642920842052254,0.0985514129900946,0.0981516482108291,0.1398174521834789,0.062558604588714,0.0625432114494509,0.0932993894069905,0.0553172323313506,0.0676926399384743,0.0606714782117668,0.078444900938544,0.0567005968946725,0.0637072740549301,0.1224903276221992,0.1148243100984463,0.0667303513813605,0.0883883792243737,0.0911546528260075,0.0841298116586278,0.050458607828194,0.0831578860852996,0.1146151191654221,0.0710705736069602,0.0718194653972578,0.1150721128765155,0.0985967127794954,0.0681185516639472,0.0798535418268786,0.1348419265154935,0.0865350601833071,0.1179129920314999,0.1166327819015261,0.0800891849128982,0.1114468232313677,0.1455844579778767,0.1173494449135745,0.0630573331318777,0.1631123766759318,0.0671243479357792,0.154023254985266,0.1319888643970883,0.0553938798207055,0.0686250389850339,0.0503538317044761,0.0676157533245819,0.1044830301113719,0.0872029144703901,0.0620209191003185,0.0717016184787651,0.0763989332096357,0.0773716223388353,0.0979514237825795,0.085882733619194,0.0682899785361557,0.0901281205106749,0.075412780421405,0.0812488072530928,0.0595163607283524,0.1050093575751069,0.0605779127448047,0.1180588119303398,0.1142326057155737,0.0620393218980598,0.0964449224862484,0.0928181268628063,0.0989687944175346,0.1236075120129495,0.079937560322241
0.0864153829827379,0.0697923199977458,0.0930363810237282,0.0608119348888576,0.0803166458942999,0.0669792000000869,0.0929549919746092,0.0741852239125911,0.1141655841679922,0.0667283596452637,0.0,0.0631286331826331,0.0847798008411691,0.1354553774635556,0.05010406347033,0.1302643289557491,0.0713525656086504,0.1265055285568698,0.0631084577285913,0.1212017499771617,0.053846246135033,0.0871879283064719,0.0492878054633297,0.0691975251361414,0.1066278052096132,0.0594129816093443,0.0574374207419394,0.0920555883582506,0.0600799767708548,0.0889579192296151,0.0924116902386165,0.1118720846235521,0.0614107708713271,0.0641432017924621,0.0667675193045527,0.1268107465620733,0.102444575421731,0.0766148283811962,0.0959885077618707,0.0484568923946705,0.080714871423499,0.085747311133744,0.0825793891317689,0.0566999561410798,0.0749943752027867,0.1038346357879148,0.1004313150669963,0.078676213043743,0.0799902062853039,0.0831159038092572,0.0788328575555544,0.061751620407957,0.0792176243028071,0.070715151584339,0.0760898442295317,0.0999172748467141,0.0923531925680222,0.1308092679912629,0.0516680071255141,0.0883996269852633,0.1263492502490132,0.0938695195036792,0.0920418343314832,0.0844397543345704,0.0662524118659388,0.0933300248036135,0.1282315917808292,0.088825002121832,0.0758400850711488,0.1457392847653723,0.0670381707873147,0.1258694243481753,0.0832249291321557,0.070761123453806,0.0692346005529789,0.0708023303345407,0.0879354399921862,0.0851600170417749,0.0711891708736574,0.0795116796339147,0.066580399174733,0.0605116623638132,0.044746325131901,0.0943862554057016,0.0812982363313467,0.0796361100475098,0.1159939434502251,0.0563710582046803,0.084606523050535,0.054026765834387,0.0955585007252773,0.0750417592317507,0.1451489677708259,0.1087260851224869,0.0501886147692934,0.0896789826651301,0.1150408239764258,0.1089843947694162,0.0894332829613949,0.0916189345254198
0.0987449975595422,0.072166196705712,0.0626944002592272,0.0727396833802541,0.0867252332123468,0.0834029183994949,0.0918821475241909,0.0850788794789057,0.1138175583400367,0.067611195375031,0.0631286331826331,0.0,0.0731004546339061,0.1453971995432816,0.0679113976594476,0.1142944805849883,0.100700012460571,0.1402423460892108,0.0585116209707438,0.1330979612114926,0.0711527704617607,0.100910304061639,0.0771394134960272,0.063094132425035,0.0830912977585228,0.0516856433841429,0.0726645764507633,0.1009408922437997,0.0653091788071618,0.0801319312972734,0.0938840136935893,0.1009761757694191,0.0495161961806992,0.0782466957019477,0.0836288917492996,0.1407321083167728,0.0875138868584906,0.0870016655143432,0.102824854623832,0.0616170338173075,0.0878695143829501,0.078980177188407,0.0731039492481195,0.0596208430821455,0.0697816872075332,0.1237659264423816,0.1089652333696816,0.0674273554471067,0.0803449663066748,0.0866489345647126,0.0748664237314002,0.0492283643749558,0.0882635438630763,0.0873443516576174,0.0811143875910437,0.0748840579964738,0.1010726999728927,0.1220791379326208,0.0672410483625471,0.092832026882684,0.1382921252842157,0.0990957444883887,0.1165986748654621,0.1123567523622953,0.0881787807044272,0.1098077505692133,0.1421304919374585,0.0927304905228336,0.0647270961226267,0.1622770399447935,0.0728613736746159,0.1281454696290816,0.1085186605370282,0.0564788231897911,0.0773695795782083,0.066436132117207,0.0755852546839691,0.0963236698205047,0.08034012265938,0.0764322820061892,0.087337283524019,0.0648600260993192,0.060681787082456,0.1003117229521587,0.0801463985788906,0.0600665961663713,0.1033688280357884,0.0684440293256699,0.077129048505917,0.056404241093955,0.1007502271648279,0.0715242098846046,0.1397654477438525,0.132358514121771,0.069793850717923,0.099159226807806,0.112828290790115,0.1027729633022655,0.1046925861904381,0.0929917335554205
0.1449749135847118,0.0705602372926988,0.0598483689086371,0.1002431927297097,0.0609287245491818,0.051947526108747,0.0644200015611919,0.0769032480580809,0.0800636300825624,0.0598759379462987,0.0847798008411691,0.0731004546339061,0.0,0.1218182904814747,0.0796775490660671,0.0985559437911073,0.0996733202442668,0.1369854053751217,0.0711164759698978,0.1226277114165393,0.0810992476676865,0.0909557062396331,0.0925114381347002,0.0622508957075216,0.0703323806436053,0.0696645117294561,0.0725942235602106,0.0659823262506577,0.08648970924647,0.097654676537257,0.0612329186036318,0.0672219185165213,0.0709653350659973,0.1082490226417916,0.0939688773263376,0.1104021649439558,0.0584366763090838,0.0636404962957497,0.0903743448928848,0.0940307977838546,0.0618333949764752,0.0568400588338806,0.0746407807161244,0.0731645514928757,0.0631393372633642,0.112144041037414,0.1103802633846912,0.0815863620815461,0.0987507748378936,0.0858022625240765,0.1084778627241823,0.0671701669256507,0.0914883291079859,0.1172265743808078,0.0705635848072394,0.0795836167375078,0.1162997798513262,0.0832819391497128,0.1027750473022499,0.0955089438593013,0.1158144698770992,0.0660988167325694,0.1037802118293687,0.1139323439323295,0.0818303305095748,0.0962525346405503,0.1308159426062762,0.1178206713695642,0.0742194215575818,0.1397533890270244,0.0998708583334386,0.1567469883869531,0.1395701661208765,0.0641630221410561,0.0727755421827607,0.0680383794133548,0.0580712220826035,0.1117800603104756,0.0917125809196931,0.0501667241718074,0.0956480662788608,0.0868258137956198,0.0958193485014834,0.0679173587104141,0.0685122423487943,0.0756297869712706,0.0718260447366989,0.100556618232082,0.0621418877222239,0.081905787159782,0.0895111474989381,0.0491117863699258,0.0916708851406663,0.0901644532498758,0.0943192411901563,0.0956918669242514,0.0811186667425556,0.0871448185604594,0.1197416446799791,0.0872720987120316
0.1819111705939522,0.1187635941037598,0.1338496002631176,0.148464194643903,0.1295359168279609,0.1429268064657469,0.1187795545229191,0.1055633884954913,0.1592766157880648,0.1491302220189168,0.1354553774635556,0.1453971995432816,0.1218182904814747,0.0,0.135421006142461,0.0812504619301959,0.1251577147496128,0.1087358135071076,0.1228556290660013,0.094205050824642,0.1101807301390395,0.115568923915149,0.1551215224983141,0.1551253445466882,0.1654804460599077,0.1273341769310513,0.1311273636297303,0.1177528899635168,0.1764326512633179,0.1185054031008993,0.1038884926139099,0.1080578132171579,0.1308805658841892,0.1245678272248888,0.1168445362728063,0.0704065919333907,0.123555293830094,0.1244548970404041,0.1104696552540003,0.1621111756704604,0.1269338324802405,0.1152110470498438,0.1100246147634232,0.1474959419880248,0.1492560179905191,0.1308456414484016,0.1334254541418977,0.1298936681720754,0.1305051993280933,0.0933127178167455,0.1878835557393416,0.1466788885704614,0.137902528049113,0.1389266362175042,0.1256087678373749,0.1613504121209196,0.1174696125021716,0.1654074767793982,0.163332304391002,0.140126587909446,0.1032659405734182,0.099747027320736,0.0824890388753848,0.1172505715682065,0.1224551242619874,0.1078289757432037,0.0928828717807886,0.140178273188427,0.1350815041204559,0.0825848679303599,0.1635307299890937,0.1469812826103257,0.1433129555858704,0.1411036403396464,0.113388942161111,0.1455006245744969,0.1127318142498398,0.1507105333575408,0.1266103625745784,0.1410649174535309,0.1434944493854844,0.132680379678538,0.1494857879506763,0.0968510332819475,0.1032409010371241,0.1279889356645484,0.1070874513680717,0.159146990381789,0.1135931679887935,0.1619461758942339,0.0782190404858624,0.1191693027033582,0.156544574451661,0.1068718268995589,0.1711460217362998,0.1211297470106063,0.1201176340668456,0.0924804276581169,0.1131917727408947,0.1128390367595225
0.1035825614866463,0.0598097138163042,0.0813623553180151,0.0575576701020485,0.0855163429832981,0.0670804935475176,0.0935971537421714,0.0586442886396713,0.092997512965892,0.0605820451810133,0.05010406347033,0.0679113976594476,0.0796775490660671,0.135421006142461,0.0,0.118708145970271,0.0719899223773361,0.12005600285328,0.0633700080308221,0.1197580079136041,0.0546097003928526,0.0936886361435192,0.0531654158766251,0.0542422016474915,0.1014716297694053,0.0587497940132994,0.0674064500031677,0.0736074729601494,0.0650022214208738,0.082640015470093,0.0790031810680753,0.0990169205032992,0.0500236557004813,0.0709178263432949,0.0646517298156189,0.1336870535099348,0.0867233239959151,0.0634090211155573,0.0819125367604995,0.0580563766541752,0.0579470049528985,0.0785669103977289,0.080083680359496,0.0578115166437603,0.0717082766683039,0.0932158472100615,0.0945569313586476,0.0819144957295662,0.0770034914980819,0.0755634263891525,0.0849094926419184,0.0483576002219003,0.0802094916611502,0.0878576543617204,0.0591270327483624,0.0913291821040305,0.0861144762504492,0.1110394732586869,0.0500395168816564,0.0796752143769723,0.1190707877592449,0.0794101929979578,0.0844907887951235,0.0831633848014617,0.0470780327290542,0.085553883115971,0.1249204514642967,0.083705747825542,0.0684726606390145,0.1408185239952626,0.0540359178956695,0.1194990447158698,0.089629704723999,0.0659978280713653,0.0639432233805083,0.0559486881856791,0.0699764420720358,0.0757029956790715,0.0689548675543469,0.0781027128583216,0.0453930187421967,0.0644996881836064,0.055584241440051,0.0837771910442128,0.06841431116829,0.0640189355437698,0.0980546429251261,0.0527057989118406,0.0768309146772178,0.0527864664217195,0.1055986095952187,0.0694822970936396,0.1279650803825088,0.1004379687614146,0.051168255912144,0.076408555954502,0.1066610357714493,0.1094898210680348,0.0821119194496645,0.0817263693186192
0.1754306823882861,0.0972489570693571,0.0937848624793201,0.1293584842090078,0.1199586870331399,0.10967643788238,0.0764926079404673,0.086029428599962,0.1348639254972538,0.1130956281533129,0.1302643289557491,0.1142944805849883,0.0985559437911073,0.0812504619301959,0.118708145970271,0.0,0.122979843946372,0.082339413960764,0.112276723160799,0.0713485251516508,0.1097679681572885,0.0929353036889732,0.1373075415181568,0.1201274997146961,0.1281297579528692,0.0978011085309156,0.107863566683042,0.102705282855734,0.1470618821336422,0.1221428816927307,0.0863559141063723,0.0769815744906316,0.1051581782769422,0.1156409376395296,0.1128969373126132,0.0734799848501339,0.0880895312400651,0.1138750891184715,0.0721674126349899,0.1326092194779428,0.1115935202585853,0.0874214870522322,0.0841654996840057,0.1303966675691629,0.1271051314993312,0.1136325756995461,0.09948041711801,0.090862738215894,0.1107323097929478,0.0692422246465413,0.1654815798913864,0.1117653300313074,0.1082387873359309,0.1467629622653364,0.1132224914872186,0.1180158431032185,0.0909793321333337,0.1431663240479684,0.130040958137101,0.0965726560167647,0.0787023865563798,0.0901014179919135,0.096942833189155,0.1169332283345991,0.10350431476104,0.092171260495745,0.0823560671062526,0.1145413053296501,0.1023638926893011,0.0759398757882323,0.1293460217572617,0.1325652610121821,0.1468723372217702,0.1068702162138742,0.0864194198527103,0.1167882597106758,0.086003381316699,0.1189326557855384,0.1087540434914584,0.1113939216950228,0.1162980823842377,0.1062871236792643,0.1368516034899491,0.1064165758964737,0.0820097517564743,0.0955461877442646,0.0822219235252373,0.1421897011512152,0.0956792557571527,0.1360103219311403,0.0709528152942643,0.1036537442456051,0.1451593507888682,0.1062529707242108,0.1353259122918095,0.0948782416532586,0.0930100244842585,0.0639458984621662,0.1100915833805349,0.0727123825186267
0.1047171135031701,0.0647873706330969,0.1091027284576926,0.0635252125629801,0.1011222994789267,0.0856791984803433,0.0916031248850978,0.0581474062503191,0.1312390785358558,0.1027540696976221,0.0713525656086504,0.100700012460571,0.0996733202442668,0.1251577147496128,0.0719899223773361,0.122979843946372,0.0,0.0875338667281586,0.083326778016033,0.107325412688521,0.0728530722388227,0.0825637454078142,0.0868082945548476,0.0954293931271645,0.1413494007328936,0.080010539002312,0.0661389472425274,0.0857800480948661,0.106205077718646,0.0863913344752228,0.1087197058346114,0.1067777445478053,0.0769706332441647,0.0513338995937561,0.0569586679479421,0.1095383857357883,0.1148792174844942,0.0791283942047153,0.075936519109968,0.0960223559853244,0.0878215346666309,0.1114810539498056,0.0889507209724992,0.0769014734065482,0.0973880048373782,0.0587118252788445,0.0824147706263017,0.1022730883321615,0.0886496061107895,0.0722662513272874,0.1344854633989624,0.0790839228189019,0.0706028863477848,0.0664971185585504,0.0866081347801496,0.1119537246054463,0.0604639014814659,0.1461309381838091,0.0805767071349667,0.0863324606598011,0.0938271561035063,0.0930478815346348,0.062899079111513,0.0554111553670415,0.0593868661348831,0.0556737774253356,0.0891694777118628,0.0636221534405969,0.0832946667471864,0.1217510275751962,0.0852993003131232,0.0903141967924856,0.062981766257634,0.0897012211231639,0.071478729173018,0.0970561584657305,0.0856653519791964,0.0568803064064995,0.0826334121150426,0.1042142707405646,0.0828462672361179,0.0706055804523232,0.0710637942220172,0.0809560637146629,0.0706628836656507,0.0876199342518971,0.1213933097965168,0.0796915979114442,0.0831330172437301,0.1017268753049766,0.1000464493546731,0.0926672459459911,0.1524158958601608,0.0786193130037513,0.089004816056641,0.0590204536250481,0.108059598358292,0.1162136662672961,0.0580355241846224,0.0930026260741363
0.1546484784948406,0.1047763036811369,0.1348118974096555,0.1066559773862133,0.1532899064625512,0.1382544615627949,0.1013613432378747,0.0762831667639869,0.1799424500281366,0.1507350582969392,0.1265055285568698,0.1402423460892108,0.1369854053751217,0.1087358135071076,0.12005600285328,0.082339413960764,0.0875338667281586,0.0,0.1293682638035923,0.0733540726085518,0.1154677976228987,0.08664849760249,0.1397947180382094,0.1488730805281113,0.1819543570824981,0.1145383076654479,0.1099070217717753,0.1174518080703808,0.1597821658478384,0.1139299310019106,0.1293910504121639,0.1069558515070642,0.1197742865553758,0.0871762708108401,0.0948166617143535,0.0897741447985472,0.1312262713003187,0.1378455946353168,0.0746686024391377,0.1446793791079434,0.133212388422577,0.1321508563156336,0.0963492114183644,0.1347557049296766,0.1478337908298131,0.0705258547000703,0.0810718200354502,0.1264627512872416,0.1004461147701493,0.077285417246386,0.1799291612979516,0.1316492154169422,0.1055539420867653,0.1250350331541037,0.1376895401399238,0.1487653011586795,0.06095262212571,0.186237618092966,0.1340280643182821,0.1014807333252516,0.0645949213524253,0.1184275844356655,0.073064712305237,0.0799871309256004,0.0958981021610002,0.0662828993368343,0.0571927883011212,0.0779611184595766,0.1212053265615364,0.0742277430343912,0.1364550355191948,0.0956728332174598,0.1080968477054597,0.13948415876254,0.0967011350087196,0.1440947598931305,0.1088891893777627,0.0906445250556049,0.1119654303681266,0.1516199536509152,0.1121639463455068,0.1078164211095635,0.1221457407126641,0.1108387531546223,0.0943098082028972,0.1231990977155527,0.13127133300191,0.1299220306965147,0.1195652538093045,0.1507178942038287,0.0965143926975339,0.137915523337077,0.1892078985383601,0.1067903083545739,0.1405910497273182,0.0800451708903157,0.1138502565041867,0.1044767437800802,0.0750412365355878,0.0961668103879721
0.1121730293570481,0.0626959252267635,0.0596868708782518,0.0694297449446915,0.0830037016834166,0.0818313085191847,0.0904990709727098,0.0696473372509329,0.1151872368060943,0.07162915838959,0.0631084577285913,0.0585116209707438,0.0711164759698978,0.1228556290660013,0.0633700080308221,0.112276723160799,0.083326778016033,0.1293682638035923,0.0,0.1167345930091495,0.0525964825032927,0.0916296689610871,0.0777647920961687,0.0685231002991808,0.0842092586693419,0.046837093661101,0.0744357716377827,0.0803775484500723,0.0718598021513789,0.0769830608229403,0.0755765050533237,0.0940272860104024,0.0551946794506521,0.0807385987865373,0.0656406063386899,0.1191230722567985,0.0838596322801049,0.0761486421315427,0.0940240968729216,0.0725204619773754,0.0857723473904101,0.0645092737060258,0.0647718627135446,0.0559409884698753,0.0690876979899995,0.1105208623970864,0.0989210630655568,0.073963763226156,0.08407438781746,0.0675569462965099,0.0909816809750736,0.0603841585100719,0.0876694600787111,0.0851967452064226,0.0759306495627481,0.0777601971112169,0.1004784430467258,0.124534761396909,0.0756564327431086,0.1032956297911722,0.1131687527728863,0.0838264463410695,0.086567305537251,0.0898815447357653,0.0778297105609754,0.0932596923674304,0.1217694921778388,0.0984480416570514,0.0649495316562484,0.1456383121750448,0.0782177457447395,0.1270320349441986,0.1096585712397235,0.0609632814955531,0.0683907216077877,0.0694015792101515,0.0643077128906182,0.1094767368021437,0.0677825245871005,0.0809424184885451,0.0887177674061909,0.0722121747890726,0.069808935673142,0.074675562725261,0.0683524418987632,0.0661326676039714,0.0951334389115461,0.0707928812088774,0.0601521512981643,0.0691388495268911,0.091904790720026,0.072017841064573,0.1337325676707987,0.1067379317264463,0.0804624614274094,0.0953791433197114,0.1072635662164187,0.1058381345227434,0.0989529702065708,0.0814850363484852
0.1506021966354964,0.1065793981451168,0.1114674447472585,0.1100519621699749,0.1341725224077397,0.126747572675156,0.0934760637960627,0.0872156324708147,0.1707849532600946,0.1328634752160658,0.1212017499771617,0.1330979612114926,0.1226277114165393,0.094205050824642,0.1197580079136041,0.0713485251516508,0.107325412688521,0.0733540726085518,0.1167345930091495,0.0,0.1076666450056302,0.0784247773635774,0.1395314658943305,0.1448984892060856,0.1560695218318467,0.1019419089336347,0.0998839527967669,0.1187023547753407,0.1527695852882618,0.116841159450628,0.1109180929186485,0.0905051326022204,0.1143263896824537,0.0951333770587745,0.1120566660656518,0.0726666913396948,0.1114556012197987,0.1357028592852135,0.0672663664653822,0.130763921624224,0.130567956159137,0.101745458834778,0.0897299323480813,0.126445364952358,0.1419211813591893,0.0991533412029455,0.0804632376855948,0.0983453378697233,0.0994392031730719,0.0729436323287775,0.1687642889312205,0.12642089891722,0.0898651212020199,0.1245326201443238,0.1343701356216317,0.1360637784997186,0.0784434747298591,0.1812482224595242,0.1249724758756565,0.0962844930959522,0.0725957433553507,0.1103202324203174,0.0849771026111924,0.0931759327400907,0.107783225502601,0.0774828441241291,0.0628182366303976,0.0939906486701069,0.1082503252836839,0.0590169854008469,0.1310385031819964,0.1049703941467526,0.131186988629418,0.1252149131528123,0.0922495307792612,0.1381204783638476,0.0975766272380422,0.1162542825520601,0.1049503589288378,0.1382907439744833,0.1288406745959993,0.1058042572317396,0.1265340086025884,0.1101779959368474,0.0973390918054979,0.1203027254806123,0.1182076809904436,0.1275338089457547,0.1166143334383438,0.1432501504900954,0.062343694668484,0.122636994748242,0.1837318272307568,0.107511762201577,0.1393398582412022,0.09151960090032,0.1013634011091333,0.0695229550648424,0.1025912043521191,0.0903057161418503
0.1068339059523987,0.059911336385603,0.0744977674331138,0.0564105963546199,0.0845945441484293,0.0825400042968362,0.0935847853240701,0.0632331027767015,0.1167907091365541,0.0744789837244,0.053846246135033,0.0711527704617607,0.0810992476676865,0.1101807301390395,0.0546097003928526,0.1097679681572885,0.0728530722388227,0.1154677976228987,0.0525964825032927,0.1076666450056302,0.0,0.0908094202516481,0.0716055085408107,0.0707528268315429,0.103050192062252,0.0556815824346579,0.076252274361542,0.0827469714233645,0.0884551979692873,0.072550520561903,0.0876728527305713,0.1012394505571802,0.0521860424589667,0.0692469608861674,0.0500265600363492,0.1118826302258812,0.0940532861843844,0.0728171692607393,0.0814774113428742,0.065596166574774,0.0839085095394333,0.0790095514842501,0.0679294192953039,0.0703491113399019,0.0810764557754592,0.1026360461014568,0.1008327919384757,0.0703336885462132,0.0664646502920545,0.0663733120429249,0.0918965727700152,0.0656272521649677,0.0872403393981705,0.0810851266612744,0.078943113790784,0.102358438268928,0.0871149595446105,0.1353768644885901,0.067609692740421,0.0847608974017611,0.1092030829109519,0.0809438782119387,0.0706796964215201,0.0745870518093483,0.0607213447492725,0.0921622257371719,0.1117107432046409,0.0911149969969351,0.0755472417613679,0.1294472211081598,0.0676413151320084,0.1105768451603004,0.0863264775199486,0.0801946200694184,0.052966243350701,0.0679589525954299,0.0693642725306209,0.0943548649606317,0.0567407328288115,0.0804337223388843,0.0636321422137792,0.0607700378152277,0.0603867127950353,0.080305123176004,0.0659275970457952,0.0650391520494697,0.0983872368350503,0.0673824476584509,0.0653709676726607,0.069880227136461,0.0889073535505673,0.0733146328928183,0.1368361654623184,0.0999076218114125,0.0760387959276957,0.0923149690525511,0.1194342976130466,0.1013983155621887,0.0808531361241696,0.0741097948524719
