0,1,2,3,4,5,6,7,8,9,10,11,12,13,14,15,16,17,18,19,20,21,22,23,24,25,26,27,28,29,30,31,32,33,34,35,36,37,38,39,40,41,42,43,44,45,46,47,48,49,50,51,52,53,54,55,56,57,58,59,60,61,62,63,64,65,66,67,68,69,70,71,72,73,74,75,76,77,78,79,80,81,82,83,84,85,86,87,88,89,90,91,92,93,94,95,96,97,98,99
0.0,0.0981250113730034,0.0887577781346693,0.0636765502115261,0.0700630102471119,0.1305226083807889,0.091114166855953,0.0801940709964757,0.0726006642814554,0.0841935813791138,0.0651576998222523,0.0733911633892559,0.1107162523948484,0.0706833230340868,0.0849878348278204,0.06236795202205,0.0893755423952375,0.0944392414701779,0.0743849661805228,0.0701865546148288,0.0773348926193401,0.0611309963095371,0.0853266978351328,0.0838315729516859,0.1263766352014198,0.0947744854051085,0.0787886655769211,0.0923854379194283,0.0738529974564458,0.0662821435910199,0.1223126330602052,0.0624544773463649,0.074025706331576,0.0628724815766151,0.1180258065057877,0.0901724802850855,0.0779337423715416,0.1206822192145904,0.0951328978844219,0.0967229996445963,0.0694687013915228,0.0880480212934317,0.0927011260265634,0.0991582440014724,0.0913791693468643,0.0867331438361122,0.071599430805377,0.1300615672246334,0.1003164536205498,0.0686146170271825,0.0745934087680169,0.0801377606797717,0.0662480726409723,0.1137476395848656,0.0973482289914715,0.0789351561723262,0.0778143249857959,0.1010525884953153,0.1018241374870444,0.0837953333175831,0.0879483096090961,0.0575892887115912,0.1019196312918579,0.0742751498575163,0.0977767346855792,0.0909100595296623,0.0947316314524405,0.0669128266295021,0.0884266386184175,0.12172303821028,0.0753446776296552,0.0930873955058622,0.0970979623621184,0.1110993419145572,0.1599799298531253,0.1070373457255026,0.0753412192586583,0.0756165616867235,0.0821788779991958,0.0736685241842696,0.1345436365345728,0.11909877681504,0.1408316735067906,0.073608636577207,0.1100313045833847,0.0908401327328705,0.0892361588355611,0.1073502556979131,0.0711865345314561,0.0935776788013085,0.0738858325139952,0.0739588930095102,0.0870025327869441,0.1113036866346027,0.0891182073450151,0.0977592936720026,0.0751197669428396,0.101508851907685,0.0833111544611275,0.0798946348351178
0.0981250113730034,0.0,0.1004554506661409,0.1156141210462276,0.1310656511243277,0.094623685633608,0.0912973408266271,0.1269014520564358,0.0700085896843195,0.0793592729768148,0.1220124166080069,0.1080535266864323,0.0829227355052154,0.1347504814560095,0.1228485700126655,0.1245742055081836,0.1087313192082242,0.1399005516522761,0.0881714024046051,0.1390424570636092,0.1295530308117135,0.1164681431232028,0.0858273702493735,0.0894330391210071,0.187297837777481,0.1539716351788663,0.1213837286211032,0.1161118523436219,0.1265248513916206,0.09434736793298,0.1367826067715813,0.1151544776607428,0.1219978570767639,0.096131541233864,0.1359459499317972,0.1309078359641267,0.1479401781468944,0.0905796237017109,0.076746317575546,0.086154357538756,0.1071619805436907,0.1203832898542022,0.0905863793970488,0.1458996700201306,0.0984064286908934,0.1215603523955487,0.1218889124304299,0.1977395752209189,0.0958327974986563,0.1028991728428134,0.1167852260046706,0.0601006047357197,0.1074823098672964,0.1801179130334699,0.130038937467146,0.1037326115186685,0.1268352032388264,0.0888786962136779,0.1208327544381098,0.1556349169945835,0.1414290382697227,0.093749342785399,0.1476319191669886,0.1317633224386895,0.1094256944159176,0.1423895179793366,0.1066044410038288,0.1158664273436691,0.1539800439342699,0.1907444386891174,0.1299131711945985,0.1637183719843979,0.1364950926370955,0.127328850865797,0.1223697137248369,0.1395526621256814,0.1320503018710602,0.1118944644282062,0.0917206075192404,0.151693170303337,0.2121005129897158,0.1682383079987958,0.2086130029189408,0.1079359588791794,0.1246799301684754,0.1532677796390621,0.1509358351877706,0.1348473735546743,0.136796168341261,0.1666998301197811,0.1440591171690945,0.0813548935079784,0.1532301131418501,0.1577320859496765,0.1132066446430394,0.15618011451578,0.1166765922083847,0.1756783352955351,0.1532654689812919,0.1250646356680712
0.0887577781346693,0.1004554506661409,0.0,0.0798075073219873,0.1025958322794111,0.0856633000294933,0.081789697241745,0.0965790087529381,0.0767981608908833,0.0761947144834267,0.1173245885571994,0.0805758675631284,0.1493032870674754,0.1075431008974981,0.067988045047024,0.0968295563189241,0.0789364630479448,0.1603013394251939,0.0843173980275123,0.0917155263212744,0.0988389463936601,0.1044580864678508,0.0567798215976382,0.1497850246318821,0.1300459946079644,0.1077077358391417,0.0900188062603399,0.0585633891040241,0.0869114248367607,0.069711478367681,0.061179433940835,0.0919691963001949,0.0965117068037095,0.1100386014922397,0.0725732118699196,0.062163802389767,0.0920408159472559,0.1234414587617527,0.0892914009440975,0.0597793280024934,0.1361322832824213,0.0834584408026516,0.0558727019258261,0.1126694264738448,0.1286444344532981,0.0763193407107674,0.1087954792454235,0.178336794752334,0.0833182947703009,0.0581094844599864,0.1128784671162692,0.0846173333877237,0.0911523833915692,0.1319398270815498,0.0840991515365647,0.1126679150000556,0.0828088515640635,0.1196953587595553,0.0601450463926012,0.1276435786771023,0.1288597725979954,0.100172633288518,0.1201189253995027,0.1177731926238384,0.0940645004062288,0.0799276398829935,0.060164506022774,0.079743540475332,0.1467827583175747,0.1730511161129247,0.0881928672393886,0.106594982995304,0.1353003723634778,0.0616334770681812,0.0988979985734278,0.0629756896984476,0.120942236190929,0.0570202230902805,0.0600117197381136,0.1116780414724574,0.1755630781957253,0.1730531376707826,0.1603301196903893,0.118441499275221,0.1498569487745768,0.1128639665590105,0.0899452507951488,0.0714118501716387,0.1103191510579547,0.1270725313755499,0.1165043403751326,0.0705570352374836,0.108422087981869,0.1378844339045909,0.0724194241339937,0.1402463041612913,0.076519280589039,0.1522352333472751,0.1073340066611708,0.1044115227080305
0.0636765502115261,0.1156141210462276,0.0798075073219873,0.0,0.0787211889994068,0.1227714017275873,0.0970582413153722,0.0514136565578914,0.0788159741486136,0.0834086938779889,0.0869175590375971,0.0785852606074454,0.1300892223749146,0.0602524973122661,0.0658807781997134,0.0577995331122022,0.0789007776230661,0.1258202207110703,0.0822375177035364,0.0738594768993203,0.078262499285709,0.0841979015661008,0.070007340567637,0.1057001241936909,0.1234830719985092,0.0953017649080064,0.0856441728329278,0.0833417143613296,0.0674915273752422,0.0689631346105508,0.1135140828347766,0.0642889338402506,0.0584629684910266,0.0861133174204522,0.1074491282212819,0.0721347737170923,0.069020228255742,0.1171050510869321,0.1008449395063201,0.0769946158546463,0.1033489028204093,0.104358617612721,0.0903488120208937,0.085052576801148,0.1052702987758973,0.0849637077635797,0.0772272008415802,0.1471363789013002,0.0872277463345543,0.0616792532624685,0.0949499077186083,0.094360809036155,0.0846711119598831,0.1182870162492453,0.1082920619868661,0.0961494766015161,0.0628402552608234,0.118875592772415,0.0770200553533188,0.0840736916291651,0.1062093496231409,0.0857867089655499,0.1193643664528981,0.0916186038366226,0.1181317245457001,0.0632793425434606,0.0935175102619658,0.0638035805663753,0.1106290556320233,0.1413805276761499,0.0609028235575952,0.0785932148575163,0.1158953677186945,0.0962482418177841,0.1300495013420752,0.0881896473308551,0.0927640511784514,0.0779420654780432,0.0595542830719268,0.0707796598692562,0.1529419011799558,0.1505329919264206,0.1448553615230513,0.0605333657040621,0.1125319279901963,0.1053884725251818,0.0770379756081533,0.1016905013126371,0.0894612431558588,0.095500605148475,0.0655852802956952,0.0798306752628321,0.0913606109073474,0.1363902445313491,0.0904983368171872,0.0843164111976687,0.0559802653195917,0.1097908134646512,0.0898683976792514,0.058779807645173
0.0700630102471119,0.1310656511243277,0.1025958322794111,0.0787211889994068,0.0,0.1534132604735176,0.1139534322788803,0.0856585641378063,0.0957422648876148,0.1050741854010674,0.0745079646660114,0.0832351002054682,0.1379227128704586,0.070363215779767,0.0903748376079078,0.0781915927125289,0.0797211632762392,0.083760866247336,0.0811722617327106,0.0635386746594637,0.0752073704629162,0.065413643668499,0.0828014774059482,0.0998712875870856,0.109046075518034,0.0888772421985819,0.0759141520701335,0.101848169310518,0.0664117196355828,0.0909067122048235,0.1169918299107112,0.076299881940312,0.0932752737025033,0.0780148393176246,0.1208767916011585,0.1043424096611206,0.0665121926422959,0.1499974378067302,0.1092568814378215,0.1181147158159531,0.0731120906814436,0.1054343143965272,0.1093840069168205,0.0955404770834743,0.1043532886288176,0.0867318329916353,0.0705292274289149,0.1081887730940084,0.1121145107954672,0.0860706220369315,0.0913536087518314,0.1008749069042503,0.0758125248383658,0.093693333490351,0.0914260507229115,0.1023500091398924,0.10336222109045,0.1074822943774351,0.1148202955551727,0.0822905597685657,0.0828220088439193,0.0660508603944658,0.0796981837597615,0.0789795062088179,0.1019197738226465,0.1173474857121764,0.1160009041824465,0.0727825889157953,0.0863786574136692,0.0958408773260391,0.0819606458273044,0.0814117590833302,0.0802959460016095,0.1141542259618598,0.1790686497812929,0.1148543623255273,0.0718100638613859,0.073388771504065,0.1073779167750656,0.0914251838725205,0.1113482104319127,0.1106716840343734,0.1124638790402368,0.0847600642330509,0.1413241712324051,0.0814114514074347,0.0966694138245944,0.1088165741248759,0.0783887620110554,0.0683114912963582,0.0607796065081875,0.087530238232821,0.07103842729557,0.0892742444155233,0.0855379411356458,0.0962159238363404,0.0917123950039601,0.0986776519843177,0.0752961847871426,0.0886733062193911
0.1305226083807889,0.094623685633608,0.0856633000294933,0.1227714017275873,0.1534132604735176,0.0,0.0835934114795013,0.1392218221752541,0.0877313559208769,0.072244886947828,0.1571741706723971,0.1322340117090183,0.1464364567565328,0.1602556087291685,0.130785010232643,0.1378765852680266,0.1171843795991218,0.1919991678044212,0.1172787224768632,0.1499788618947337,0.1584735478117022,0.1480958021252928,0.0974755321372652,0.1438907918473452,0.1780636288745941,0.1661187705285003,0.1358769960536749,0.10895100096487,0.133631516928816,0.1128828994742152,0.1170624998062128,0.124597330531803,0.1406562320001317,0.1457768254263114,0.1179903111951291,0.1041055179265978,0.1546340680098855,0.112600123445121,0.077808696056215,0.0883887640818815,0.1700774115968777,0.1278199976088181,0.0792115195724576,0.1652588716572335,0.1117604421682212,0.1304470124069355,0.1544301999689959,0.2376178317592547,0.0989095088304209,0.1165983309135767,0.1556584961397183,0.1026201583074232,0.1201236907121666,0.1915935421817224,0.1420165052492885,0.1515485399593231,0.1268129543533848,0.1099781948426769,0.0979031618041362,0.1912520751323606,0.1632688236882354,0.1332596292844903,0.1769144906683491,0.1672550101906916,0.1060687924124989,0.1321193814700737,0.0969198452842494,0.1299569105578064,0.1893313113111859,0.2285986582125075,0.1506130808876654,0.1732493267702619,0.1668049623192063,0.0994522350087047,0.082922052128648,0.0992626849559096,0.1612999354583764,0.1053006954326801,0.0969551911777469,0.1769227694722134,0.228717383067442,0.2076932910760981,0.2211730674346931,0.1338625661175562,0.1363290945392528,0.1657289423642533,0.1486038647589178,0.0924169795939063,0.1674168983099137,0.1840594499159215,0.1647075823646198,0.1149110869328035,0.1513931312395747,0.1895913070845741,0.1034171147937757,0.1817802925759761,0.1200782908315044,0.2139985367395802,0.1627231490817966,0.147277732713364
0.091114166855953,0.0912973408266271,0.081789697241745,0.0970582413153722,0.1139534322788803,0.0835934114795013,0.0,0.1120405785932684,0.0646361004737402,0.0533543234505092,0.1146712746302043,0.0929022251448748,0.1079596364575224,0.1292062288139628,0.1064431033574401,0.0984999382127597,0.0765036886550917,0.1349578655230389,0.0802098471425895,0.0959910032307829,0.1259536489857436,0.0952306860466088,0.0694363278894245,0.1109547713217515,0.1464155035040769,0.1272053137576272,0.0958276304174299,0.0979937213543184,0.1013506384388887,0.0837075951037163,0.1194857358870297,0.1018207148316033,0.1064528420179099,0.1083160808929503,0.1262604751015699,0.0944826640850209,0.1094450232775761,0.0965617901230356,0.068751533097454,0.0906635003302086,0.1215302523970272,0.0880717907195884,0.0585646362967832,0.1018816915876248,0.0935964651857384,0.1188928586867108,0.1333921245690702,0.1848134946263033,0.0590630160861925,0.0854166691084374,0.1221373030671577,0.0609288063629209,0.0837326339317915,0.147676960973304,0.1109750805493042,0.1177352424589969,0.1097584110088747,0.0667183995266112,0.0974100023288969,0.1412672545119858,0.1092107056088043,0.095023111994079,0.1448210256501679,0.1209834778907632,0.0757423782989251,0.1259680110420376,0.0800693627218172,0.0780611343757748,0.1293731568738309,0.182844559598274,0.1018070922747196,0.1213988701541405,0.1055033748203268,0.0911494588411659,0.1200162118110488,0.103115114365395,0.1144131004613308,0.0939530928947425,0.0985228656497348,0.1428611597325798,0.1893067356232306,0.1454649314920558,0.165920232667777,0.1067753058972005,0.1164313936910378,0.1270260845308441,0.1160211171587962,0.0984981639377858,0.1114694854692583,0.154193163904724,0.1231480879316878,0.0890581908419132,0.1117241485632221,0.1345977077360293,0.0658978329818772,0.1375528994358786,0.0854248220413337,0.1659416971374134,0.1293645978798346,0.1034129549859497
0.0801940709964757,0.1269014520564358,0.0965790087529381,0.0514136565578914,0.0856585641378063,0.1392218221752541,0.1120405785932684,0.0,0.1009871759525598,0.1056776619351964,0.0991437933732758,0.0938965169691427,0.1372827961205996,0.0621652618535377,0.0880498035920072,0.0770146225421084,0.0906570719842199,0.133154679305949,0.0953825645118496,0.098197544872779,0.1004668112646257,0.0959938346321228,0.0851509890332164,0.116276472222241,0.1504172077543,0.1237901837844173,0.1090373518478144,0.111026040391573,0.0928205847646366,0.0903152108554884,0.1246282483360127,0.0779402433496976,0.0717911573119592,0.1010156473172786,0.1326559226392343,0.1004474826968407,0.0921935038330465,0.1125501422225699,0.1256996524277346,0.0894344422163442,0.0993708877154817,0.1234700479632067,0.0996471196964103,0.0997828164596425,0.1280296876263351,0.1099748162742295,0.0811442781705112,0.1681014043101484,0.0923820655565909,0.0801431314314487,0.1200994485584083,0.1051650664465797,0.1160672923062009,0.147065604213424,0.1301526779523477,0.1019347223436905,0.0621761880971612,0.146891114886916,0.0928724117164561,0.0976658183367938,0.1324336079802978,0.106824237107585,0.1354796692590165,0.1023982886592581,0.1346461630298728,0.0713861185787677,0.1199722235872628,0.0864039831501055,0.124233365185642,0.155201111286731,0.0884663458599175,0.1070917910676897,0.1359248310585502,0.11716755897839,0.1286041243677443,0.1212158905100669,0.125427658272379,0.0989226245670022,0.0902699598625313,0.0729593795602627,0.1703014981220212,0.1632248648232314,0.1693653854548506,0.0691995788248241,0.1033700236532446,0.1307586102994783,0.1025027938427092,0.1297153866274698,0.1247273633489911,0.116443127353867,0.0874381136147436,0.0855581484845283,0.1094500436533239,0.152181025684431,0.1174018296482697,0.0869199964816241,0.0679672878083317,0.1191286777840976,0.1116583461113215,0.079497134976607
0.0726006642814554,0.0700085896843195,0.0767981608908833,0.0788159741486136,0.0957422648876148,0.0877313559208769,0.0646361004737402,0.1009871759525598,0.0,0.0477592457396523,0.0928715684952458,0.0914038167695736,0.0972717879635951,0.1125805525700168,0.0934317019061362,0.0907197640143,0.0666735326291514,0.1241733841876946,0.0619348345289167,0.0933735105127363,0.099498980051924,0.0897904910554963,0.0545452837976072,0.0926570797759246,0.14115620011333,0.1120169273477733,0.0817815725936469,0.0888813246413778,0.0879722694084775,0.0650898543076699,0.1152728341158741,0.0772150671121265,0.0917825227646438,0.0872745232176848,0.1150828880619229,0.0923325406271532,0.101070198629178,0.0930653553081128,0.057943924993309,0.0711162942105026,0.1077251860405496,0.0939615546158667,0.0640017244057641,0.1136318645952256,0.078562663441648,0.0929648318019329,0.097649213404312,0.1696609555921194,0.0697140206137683,0.082397024875628,0.0984769796971866,0.0557516723100849,0.0704280814279425,0.1365866870102675,0.0949762038680299,0.0929325491547257,0.0992378135989501,0.070688127461819,0.0894433795908317,0.1175014228633922,0.0998877671664812,0.0678106191550045,0.1209138737057634,0.1066444700449791,0.0759494992344761,0.1147939636873447,0.0793172031097004,0.0823176218228109,0.1286107518203519,0.1634824701172152,0.0950243434366979,0.110555304425178,0.1007888341941639,0.1023712386395643,0.1219495334377457,0.0943313760734912,0.0941887048963938,0.0689864824741921,0.0744748831349684,0.123985679984141,0.1697525099804609,0.1414431978810303,0.1678597119171972,0.0989388410448731,0.1156242330469294,0.1131451579790584,0.1136579621552685,0.0901688439228758,0.0992231404885497,0.1245875678423049,0.1119100712613863,0.0680007222821032,0.1057387322558567,0.1301918420302323,0.0744127933884779,0.1320971934119321,0.0821085223312381,0.145815522355138,0.1100330667076959,0.1032708890177971
0.0841935813791138,0.0793592729768148,0.0761947144834267,0.0834086938779889,0.1050741854010674,0.072244886947828,0.0533543234505092,0.1056776619351964,0.0477592457396523,0.0,0.1045267258654191,0.0866058768727991,0.1044969375178295,0.1175403705284237,0.0964027642233822,0.0905425070244875,0.0753937192112075,0.1333618309181588,0.0645781298326318,0.097541938130218,0.1073277596992049,0.0913867636819611,0.0727550534650393,0.10110344930704,0.136096907126439,0.1145385070484648,0.0841191246069695,0.0798631871530304,0.0829474549660196,0.0771119345174835,0.118400704467928,0.077944766508779,0.0929524198653212,0.1060785892546054,0.111431058935155,0.0851228848748141,0.1023754210825297,0.0913207428524448,0.058101773459018,0.0794613837109351,0.1136075164138738,0.0907664976567464,0.0619108006290666,0.1135304530044602,0.0730040903802386,0.0960466797678017,0.1085835850330638,0.178376023306493,0.0656465033553074,0.0795373121694829,0.1015723067711688,0.0589042799069326,0.0751881480244833,0.1365364090160972,0.1022025010054127,0.1043575814523017,0.1073029249104707,0.0639096751523603,0.0942034571322381,0.1352648873468377,0.1061178006327661,0.080434593787012,0.1265790124648878,0.1096542946594303,0.0760777610077009,0.1177735614090036,0.0693425098278019,0.0804758770298586,0.1314806251643783,0.1713376427887697,0.100484782768733,0.1192600003271755,0.1073100796007463,0.0856635571206753,0.1185606734892905,0.0878679895222533,0.1032540377974438,0.0716738915072861,0.0766171114715588,0.1330973277237417,0.1734362880007492,0.1490684740187022,0.1657023107343744,0.0935967597538754,0.1140632830570144,0.1130974443090887,0.1061660452897974,0.0873074199982943,0.1082909992954858,0.1283899850965215,0.1159396771376539,0.0742374177456467,0.1036939747562419,0.1339117860224031,0.0630284891676057,0.1320838737484091,0.0876629445211781,0.1570087358967437,0.1089747492304628,0.1026361529184593
0.0651576998222523,0.1220124166080069,0.1173245885571994,0.0869175590375971,0.0745079646660114,0.1571741706723971,0.1146712746302043,0.0991437933732758,0.0928715684952458,0.1045267258654191,0.0,0.0774293046992765,0.1304671862122938,0.0842910616999897,0.1035305303579191,0.0685375810693033,0.0992523663347229,0.0820758499361259,0.0824157945000193,0.0746658189523293,0.0719905218211659,0.0674984321569341,0.1059228757612328,0.0972024735897639,0.1168688946490476,0.0938697560668532,0.0837069074801891,0.0904147861147823,0.0715580054684638,0.0903673844389804,0.1434617194452098,0.056960902993988,0.0980730435277243,0.0870820519921159,0.1226978776369678,0.1181949410357943,0.0711280965133267,0.1516372452886981,0.1053310131946968,0.1212508667030616,0.0817991388125168,0.095423293470491,0.1179349201409612,0.1085484796269934,0.1131785444306827,0.0875629244168191,0.0609590495010057,0.1051316078138984,0.1184308984322201,0.082038299622107,0.0667060022158729,0.1052746756694714,0.0650919569073881,0.1006575499274136,0.0909991454782411,0.0710494478369705,0.1111272790425357,0.1090666906163171,0.1254954552412163,0.0730058851890786,0.0830558801508264,0.0565599296380155,0.0942807185470917,0.0661107352501352,0.1060902180949208,0.1247380982727806,0.1049242473665373,0.0773207040403653,0.0849147282011713,0.1045706960509228,0.0934878387244001,0.0954819024055235,0.0727871202792888,0.1259958272056747,0.1847396904380083,0.1205217467329256,0.0583271197191109,0.0874132473869352,0.1102921741153621,0.0908279868223883,0.1067390038254381,0.0984467064120783,0.1189659529538405,0.0851624220746612,0.1351368855284384,0.0784214620971009,0.0981169942891376,0.1189235471469212,0.0620001317043958,0.0788847948180705,0.0891396032351204,0.0723058143165973,0.0879937404612943,0.0889131705457317,0.0986296860165841,0.0956820003577192,0.1055599963342165,0.0936696429423032,0.0770736617467662,0.0852726661436695
0.0733911633892559,0.1080535266864323,0.0805758675631284,0.0785852606074454,0.0832351002054682,0.1322340117090183,0.0929022251448748,0.0938965169691427,0.0914038167695736,0.0866058768727991,0.0774293046992765,0.0,0.1340492086287561,0.0875527369939302,0.0798273390419625,0.0696126826957546,0.0831840055637761,0.1167693564397731,0.0753950201657665,0.0808381053030251,0.0863706187575969,0.0623645490665524,0.0790371907009602,0.1241296272479682,0.1216330341416438,0.0879898644916657,0.0727372701236685,0.076628223193484,0.0656674877267891,0.0737813975162232,0.1039783914630826,0.0876953920302409,0.0794891575380471,0.0953039135896337,0.1025639489533104,0.0978403656424427,0.0725059959283709,0.121537135311303,0.1021560604121876,0.0942998758493816,0.0985264891905734,0.0791509422140492,0.0782813231280431,0.0844989101773152,0.1238704557879162,0.0890936451787768,0.08201805424012,0.1258180480669559,0.088145520813138,0.0604311736039817,0.080312180572439,0.0771180295125301,0.0691167260078556,0.1023891367515815,0.0856749834854853,0.0765977564115114,0.0979524814266838,0.1100731938263605,0.1012186556991524,0.0875488430834294,0.0820744363006936,0.0751732660336256,0.1169972472881792,0.0637486750248152,0.1080371124883601,0.1126340037809743,0.0801768561145007,0.0563520698344063,0.097989272181627,0.1288835008009435,0.0656228999170597,0.0938775561231639,0.0871379043243884,0.0913862581546994,0.1518712264524047,0.1018827188054821,0.0717885398756364,0.0756710420554581,0.0805016464393793,0.089828882143892,0.1447119074110914,0.1289821999424057,0.1222094953606127,0.0916709695072096,0.1392845088402829,0.0969033534290049,0.0813755375671495,0.1069351323179076,0.0688673572413546,0.1090739636747459,0.0944071335185608,0.0632168490511586,0.0931633857855118,0.1091005315244917,0.0771000071421164,0.0975800596223877,0.0873532228125941,0.106281467184227,0.0867971321885225,0.0646047699825993
0.1107162523948484,0.0829227355052154,0.1493032870674754,0.1300892223749146,0.1379227128704586,0.1464364567565328,0.1079596364575224,0.1372827961205996,0.0972717879635951,0.1044969375178295,0.1304671862122938,0.1340492086287561,0.0,0.1490275904201575,0.1538375928237361,0.1384730870338858,0.1208751481228911,0.1446424554722266,0.1070083339197523,0.1546650119214508,0.1472721584346268,0.1297220496049273,0.1155332064908068,0.0716761572761629,0.2085145321776926,0.1823157499361083,0.1494835020573649,0.1611852684467807,0.1510690733523081,0.1225768678940518,0.1812621908495461,0.1329893617989262,0.1338049570024745,0.1125691751897712,0.1893172041836691,0.1632765830553281,0.1581872416169164,0.094745616640093,0.100748999618436,0.1306271792570988,0.1037090219122775,0.1563773484419747,0.1259948631772321,0.1574080556447977,0.1046600754662911,0.1568349076545456,0.1333451119196055,0.2067294055563329,0.1172304993010506,0.1365214292939788,0.1375036848775486,0.0898663212695688,0.1285780156419558,0.1987082953133058,0.1664440862817622,0.1281204548596019,0.1464362769654236,0.1143975292530311,0.1600884842398546,0.1528431373358298,0.1532522716973962,0.11585929239856,0.1659949566520389,0.1469182022779503,0.1331595222990523,0.168466377137694,0.1547787730798077,0.1287168338140052,0.1635373365967674,0.1940048971105952,0.1401550118565862,0.1710318616423853,0.1484054668031033,0.1780775949951243,0.1765387626507321,0.1794292425114509,0.1417359462456564,0.1488412314465195,0.134613025585232,0.1581434307546448,0.2229861427468258,0.1658739627831891,0.2216546769853592,0.1199890654639007,0.1227735820811334,0.165891871748345,0.1777832534836676,0.1700530996655421,0.1477499481215909,0.1823459863255443,0.1527804552667767,0.1109845496363205,0.1713783720336101,0.1698658984654734,0.1431347369483069,0.1552183884417418,0.1334605789247692,0.1747748557715373,0.1737236771933585,0.1382036697928839
0.0706833230340868,0.1347504814560095,0.1075431008974981,0.0602524973122661,0.070363215779767,0.1602556087291685,0.1292062288139628,0.0621652618535377,0.1125805525700168,0.1175403705284237,0.0842910616999897,0.0875527369939302,0.1490275904201575,0.0,0.0869717531229976,0.0691618394576147,0.1157950156783187,0.1177443259138371,0.0968193202992561,0.0705574584973625,0.0756631220043644,0.0780288301837896,0.0985393575330922,0.1148615219780759,0.1259242568449375,0.0918882779715141,0.0936907263700694,0.0988970265436672,0.0830850718646954,0.0931768655659245,0.1241364492263993,0.07283419198988,0.0695714689502133,0.0884789507585182,0.1190375924177299,0.0982518282363902,0.0730817406216621,0.1487393125059699,0.1320252545932849,0.1160808790305424,0.08453583981273,0.1164334607930659,0.1219091863228352,0.1025132801603934,0.1298345250195,0.089832543038961,0.0703520037788466,0.1265741165909162,0.1230701298477722,0.0756108390308102,0.1021207508038248,0.1189075036578698,0.1068210444477896,0.1077609287053293,0.1151128935240421,0.0839051319048053,0.0884228277405017,0.1437364039515464,0.1089193045686173,0.0723542698803275,0.1127088289878328,0.0945093193590705,0.1154307384400886,0.0768693597701658,0.1404954515018485,0.0864233426087284,0.1169778451711348,0.0865643760438667,0.1010066524233677,0.122855359684839,0.0868714797839659,0.0945002886319711,0.1099844244224707,0.1133536015089566,0.1752475717686083,0.1159395938970517,0.100132283773407,0.0915193892809175,0.0965501961235467,0.0570903080513393,0.1351213996231252,0.1481692305427036,0.1278818277886145,0.0638140359444367,0.1299204090478258,0.1088317734517934,0.0903944238126921,0.119822624302439,0.09485223273636,0.0807371656315287,0.0575438576781419,0.0938829636930224,0.0908694889759863,0.1298356709739278,0.1144704739866418,0.0772984548839843,0.091240707184134,0.0842915873051751,0.0841213793032016,0.0759631717180189
0.0849878348278204,0.1228485700126655,0.067988045047024,0.0658807781997134,0.0903748376079078,0.130785010232643,0.1064431033574401,0.0880498035920072,0.0934317019061362,0.0964027642233822,0.1035305303579191,0.0798273390419625,0.1538375928237361,0.0869717531229976,0.0,0.0799150781572015,0.0946284726136877,0.1439363284608558,0.0944800973155634,0.0759258713133402,0.0734671230238247,0.0910960834164617,0.0713328819746295,0.1468257435458608,0.1037363540958469,0.0856302335709146,0.0788748454048883,0.0747900055593983,0.0777406462178663,0.0830637714255004,0.0816197842242947,0.0890966437466358,0.0842565335085902,0.103503366200755,0.0783121184699666,0.0712788340222678,0.0707810185532855,0.1366834292445101,0.1153176244072236,0.0802810858089815,0.1316351418158287,0.0855373468484802,0.0850215680087801,0.1014927505833837,0.1282928811422464,0.0689152792377931,0.1002538272965932,0.1434359769730471,0.0943001750916011,0.0501264183319849,0.0984569050269152,0.10328804420154,0.098309983868754,0.1004474022799885,0.087521741281971,0.1066960254755433,0.0826255213218961,0.1279271748236917,0.055252500881034,0.1063093011193969,0.1164833635086797,0.0923454709747624,0.103965543986405,0.1037678061157045,0.125553880908881,0.0667299721929984,0.0746625333771415,0.0805818165749444,0.1309903128804946,0.1524227532666824,0.0643709289516275,0.082435439947131,0.118149162182617,0.0828561487160084,0.1425380366719801,0.0830529119694492,0.1000740740342343,0.0704804632705299,0.0691109835453868,0.088647393441181,0.1548470040409811,0.1587461208004008,0.1252555320400186,0.1029023541452571,0.1520811418833185,0.0976287279638113,0.0717480979952674,0.0848449665291563,0.0882250779075607,0.1011629405373643,0.0919858809135591,0.0809088999567322,0.0975308007100347,0.1296606580925443,0.099066777789825,0.1222220303669576,0.0837984437845987,0.1265628103689022,0.0939845115829719,0.0902891286695707
0.06236795202205,0.1245742055081836,0.0968295563189241,0.0577995331122022,0.0781915927125289,0.1378765852680266,0.0984999382127597,0.0770146225421084,0.0907197640143,0.0905425070244875,0.0685375810693033,0.0696126826957546,0.1384730870338858,0.0691618394576147,0.0799150781572015,0.0,0.0918130131552832,0.1042643922061932,0.0854933530069337,0.0691860552646853,0.0875212867135059,0.0663699606196963,0.0890063190104334,0.1121720386480123,0.123244303814247,0.0956384732211812,0.0804771055405408,0.0910831379339249,0.0685397354482025,0.0901986499554546,0.1229056616698211,0.0636387172608781,0.0656459701253001,0.0947823907468241,0.1138775887764161,0.0863589708138736,0.0616908012389361,0.1343256566616385,0.1069264590660745,0.1010950828010827,0.1002205947917222,0.1038630731927384,0.1000459752396753,0.0762847669936039,0.1072416984047212,0.0927911692622677,0.0857290679604532,0.130688639161316,0.090383198411367,0.058135713311551,0.0927624957707962,0.1009655744640991,0.0718356700640071,0.1119117894200206,0.1103354078605818,0.0922654056334506,0.0855607730757141,0.114328961812196,0.0962378561167068,0.0745518291710955,0.0817128633615674,0.0727550216295881,0.1158317384559767,0.0745980384631613,0.116079734819603,0.0900792755822358,0.092455550045051,0.0649992600891299,0.0887212925999555,0.1228223966341708,0.0656631440484208,0.0735677976756203,0.0882505988298431,0.1062667585668851,0.1551812135985781,0.1004540739605876,0.0770486639602382,0.080729065907893,0.0834515521007493,0.0719734627039801,0.1296481735071339,0.1183747030311259,0.1291852209039933,0.0684350742784287,0.1144532225443071,0.0898239717020251,0.0771967183924059,0.1144372116000788,0.0764033863440822,0.0863708777884724,0.061322591103364,0.076404110599357,0.0673572266420765,0.1214909810046603,0.0983604382847443,0.0846232090110282,0.0739442138677893,0.093521349744137,0.0746917678643683,0.0633648064488194
0.0893755423952375,0.1087313192082242,0.0789364630479448,0.0789007776230661,0.0797211632762392,0.1171843795991218,0.0765036886550917,0.0906570719842199,0.0666735326291514,0.0753937192112075,0.0992523663347229,0.0831840055637761,0.1208751481228911,0.1157950156783187,0.0946284726136877,0.0918130131552832,0.0,0.1247956871805895,0.0595750295611325,0.0918617202407197,0.110649810019195,0.080347067082591,0.0617951080023194,0.1139153661756338,0.1315284776371759,0.1103432184362119,0.0913033211605476,0.0899863432915789,0.0820152511837583,0.0776599799222666,0.1039443811070029,0.093773247346581,0.095255435488499,0.090457029928001,0.1243383544675128,0.1040120263083878,0.086347917934719,0.1081730393979118,0.07056781014048,0.091265193325995,0.1032502753691987,0.0977764945924232,0.0676863958599189,0.0903320457314748,0.1068543540240862,0.1111056336485736,0.0990041184430731,0.1618305982592268,0.0706701502295519,0.0885310879194356,0.1128000285503092,0.0690106414077596,0.0795634184164438,0.1288853800670054,0.0917464220334155,0.1134757629849834,0.0988922774933374,0.090108240793127,0.1013013403227792,0.1094527790678798,0.0986962593447752,0.082900962298012,0.117233890828207,0.1005601976783048,0.0797226286087142,0.1182475941873748,0.1004765799375874,0.0622933026474731,0.1254004812402389,0.156683578955782,0.0798040504188802,0.0873335678633746,0.1043027150068541,0.0942553465367759,0.1244496892488508,0.0963529414398549,0.0958337629205116,0.075214461790665,0.0995329532609013,0.1205986243504384,0.1687604390657553,0.137640217415897,0.152928026220071,0.1037475500267194,0.1324089634510116,0.1056745294489096,0.1049101299262167,0.0968370174366786,0.0962775435920635,0.1231444392649385,0.1035243514310025,0.0732987713729745,0.0971614298454753,0.1202206037306952,0.0678509686217482,0.119436376815796,0.076183415845647,0.1392401996751558,0.1081720722114547,0.0915137454863597
0.0944392414701779,0.1399005516522761,0.1603013394251939,0.1258202207110703,0.083760866247336,0.1919991678044212,0.1349578655230389,0.133154679305949,0.1241733841876946,0.1333618309181588,0.0820758499361259,0.1167693564397731,0.1446424554722266,0.1177443259138371,0.1439363284608558,0.1042643922061932,0.1247956871805895,0.0,0.114156629737734,0.1059368321600393,0.1100158137895722,0.0784446079781475,0.1337293671860214,0.0972262155541013,0.139997283935345,0.1215150108964032,0.105421458481581,0.1419676799577894,0.0978340710847186,0.1275466706985507,0.1810085306729866,0.1044980919282282,0.1247676597819227,0.09693026545761,0.1663915030164859,0.1573545176410693,0.1168064610660361,0.1822033169760898,0.1353395896870912,0.1700508928171409,0.0725400214725662,0.1319935930617712,0.1437196910659043,0.11396984291528,0.1123147719269836,0.121720609114567,0.1116871482271365,0.1051739923344834,0.1467037870775584,0.1252252714061468,0.0938668065797441,0.1117273598277543,0.0930223645407787,0.1301937654513188,0.1306086340950414,0.113815869812269,0.1569907054135673,0.1146658863748065,0.171054099526136,0.0998490866409614,0.0840868701684981,0.0811388680458249,0.0947006047262208,0.0958897057591095,0.1139750316193422,0.1678598379135099,0.1479478971513833,0.112567329667277,0.0806714062178063,0.0861920227857149,0.1239740599570256,0.1179172441542456,0.0810238666088967,0.1580835872202655,0.2261932837959356,0.1646117382205301,0.0728669095372,0.1274303755037877,0.1528237137076256,0.1334859595393779,0.1094877780039033,0.0815080063534733,0.1390553881288554,0.1109516202827765,0.1518064527046946,0.0919766282450934,0.1458651646988736,0.1539045537700034,0.0942682127345686,0.0933215878352886,0.1034559355720162,0.1225563953034537,0.0973578990119345,0.0919780960419234,0.1192930688294541,0.1168772883739892,0.1421202458633723,0.1175693488238789,0.1011779649219492,0.1193748228602507
0.0743849661805228,0.0881714024046051,0.0843173980275123,0.0822375177035364,0.0811722617327106,0.1172787224768632,0.0802098471425895,0.0953825645118496,0.0619348345289167,0.0645781298326318,0.0824157945000193,0.0753950201657665,0.1070083339197523,0.0968193202992561,0.0944800973155634,0.0854933530069337,0.0595750295611325,0.114156629737734,0.0,0.0817322255741471,0.0960587686303889,0.0750597168568016,0.0733809918252168,0.0954382319202828,0.1377458390785179,0.1004650348074165,0.0866222904972476,0.0811588440955708,0.0778261340791855,0.0616057826003792,0.1170383073476534,0.0785080775213283,0.0848106113687323,0.0841871088777603,0.1243374379320489,0.1005623177671402,0.0879168574429273,0.1053694989382486,0.0783156383410562,0.0898796529371613,0.0795950554474924,0.0988147323687065,0.0752059455906924,0.09974421103973,0.0972916046284811,0.0938733692979528,0.084494287912011,0.1503063738635075,0.0811128235247563,0.0802882140382992,0.0914347168321509,0.0689168000091138,0.0711170128904962,0.122521849497405,0.0920367589592347,0.0839137752973491,0.1050112688817185,0.0931747175307876,0.1092829227819578,0.1012261827713637,0.0924038836669142,0.0702632529168101,0.1055804243758569,0.0833804785417648,0.0857210487949669,0.1187445632107146,0.098594162165334,0.0619672782608709,0.1102092261762447,0.1425349963985857,0.084663741977583,0.1062460146469779,0.0876134841408816,0.1055730097828679,0.139518886398093,0.1000870003688981,0.0876772227992428,0.0705520757807863,0.093850932249649,0.1164583811209084,0.1621365035262463,0.1293215331424704,0.1444000681853041,0.094834223676969,0.1259000032853048,0.1114140275844561,0.1068082120125297,0.1004416821808778,0.0885443160799872,0.1156566250084676,0.101857628346249,0.0575854780376244,0.103095171438311,0.1130553063692252,0.0772644141898588,0.1097979971181705,0.0871907982883301,0.1247370592445446,0.1006446571351309,0.0861345878399341
0.0701865546148288,0.1390424570636092,0.0917155263212744,0.0738594768993203,0.0635386746594637,0.1499788618947337,0.0959910032307829,0.098197544872779,0.0933735105127363,0.097541938130218,0.0746658189523293,0.0808381053030251,0.1546650119214508,0.0705574584973625,0.0759258713133402,0.0691860552646853,0.0918617202407197,0.1059368321600393,0.0817322255741471,0.0,0.0700922607419815,0.0635366334500661,0.0866297108075462,0.1269991666934814,0.0832509653643228,0.0552873360053455,0.0603755404693416,0.0742171894202635,0.0584383669183948,0.0880043926905638,0.0972364537216429,0.0739419344737114,0.087001383042163,0.0952418721924658,0.0933402840582997,0.0795030697776615,0.0454417248625724,0.1609855762554149,0.1113342764577322,0.1176552076333705,0.0968571847309459,0.0709337342490587,0.1057761261949842,0.0833600361070069,0.1243717772943667,0.0782412893981286,0.0826864135049424,0.1043813935150865,0.1088668704942505,0.0647183262641022,0.0846753114683171,0.10499369438819,0.0720570960432454,0.0771123470746213,0.0732057539380025,0.09171294618781,0.1065351674117153,0.1028660026663707,0.0944563735907313,0.0803574827061181,0.0830861225490356,0.0759917224585306,0.0878203622985604,0.0739948135527584,0.1007966304275714,0.100399177331421,0.0854316480880781,0.0671257725789156,0.0873069336917252,0.1104068702385973,0.0763381730150108,0.0672414640475897,0.0815275851563244,0.0893407098317659,0.1813571781283833,0.0845354454832649,0.0746263490469485,0.0652721572525304,0.098564499505301,0.0800375190644323,0.1130898217278411,0.1169185293246712,0.0944891327070286,0.094830658068093,0.1539472137813966,0.0667656604045253,0.0617418718120355,0.0903594572378226,0.0601875880430718,0.0744694417131378,0.0699766374220696,0.0893966247055103,0.0627311543523074,0.0832577564312291,0.0754735364602986,0.0984170101991704,0.0911602201614477,0.0906299084779368,0.0703413602271224,0.0790414985953354
0.0773348926193401,0.1295530308117135,0.0988389463936601,0.078262499285709,0.0752073704629162,0.1584735478117022,0.1259536489857436,0.1004668112646257,0.099498980051924,0.1073277596992049,0.0719905218211659,0.0863706187575969,0.1472721584346268,0.0756631220043644,0.0734671230238247,0.0875212867135059,0.110649810019195,0.1100158137895722,0.0960587686303889,0.0700922607419815,0.0,0.0873137674075942,0.0895298761543168,0.126361852112944,0.0985995790167758,0.0734710644326917,0.0776643618792314,0.0849577053493088,0.0767492899299153,0.0895444405404097,0.1064595077628229,0.0827540648118154,0.1052700779525393,0.0986711297472168,0.0957850505414222,0.0962055634714529,0.0668002420191262,0.1637509762113044,0.1193333160118658,0.1169395927317171,0.1108503350563965,0.0868199353068014,0.1166911922589979,0.1136143522668313,0.1370335609479872,0.0681628924520315,0.0682680360312137,0.1079994536404958,0.1262424432394281,0.0720359673829969,0.0768571738281013,0.1102003149521333,0.0861708089317239,0.0819173523766823,0.077279347134797,0.0831555071188013,0.1102578399093961,0.1300256274068564,0.1040773354159949,0.0874069957937426,0.1136418860689149,0.0774385059653509,0.0860133728980483,0.0928127134007683,0.1257928756346786,0.1042695889103239,0.0976612964025498,0.0901002507334084,0.1156568676115777,0.1048596320838177,0.0800841562715828,0.0868881060241841,0.0994525585623929,0.1120728747173264,0.187102876456878,0.1013418609212191,0.084959100312164,0.0783941614432873,0.0952086470483628,0.086420036184706,0.1180040648300139,0.1264238940628448,0.1031204120411199,0.100131109065809,0.1634995115234228,0.0831254040859662,0.0740176296645961,0.1006376037588906,0.0780418741133877,0.0752932664000426,0.0907092930867053,0.0808994776024549,0.1004278894757664,0.091031912155765,0.0987576160591283,0.1171845277080607,0.1046561729861821,0.0960749363749112,0.0869126267989779,0.0975046832780541
