0,1,2,3,4,5,6,7,8,9,10,11,12,13,14,15,16,17,18,19,20,21,22,23,24,25,26,27,28,29,30,31,32,33,34,35,36,37,38,39,40,41,42,43,44,45,46,47,48,49,50,51,52,53,54,55,56,57,58,59,60,61,62,63,64,65,66,67,68,69,70,71,72,73,74,75,76,77,78,79,80,81,82,83,84,85,86,87,88,89,90,91,92,93,94,95,96,97,98,99
0.0,0.0752233250574332,0.0868167372094376,0.061990525939726,0.0635263875652498,0.0768091263186237,0.072223944073601,0.0880680246751495,0.0980582086639854,0.1097547336426249,0.0870854594827596,0.0968346421883135,0.0845666725012837,0.1277072339577103,0.1052162491032112,0.0783082758635547,0.0866731122794193,0.1419069058177031,0.0976184378378866,0.1314978271385203,0.0597954039306634,0.0996701294564841,0.1451151472825695,0.0729625534157482,0.055812379035316,0.1114595591656697,0.0773015622317468,0.0678914440676731,0.0977577678517238,0.0829773731001296,0.0900205893586104,0.0535445880549226,0.069283977066329,0.0741919963453127,0.0577236794379482,0.1457373609971012,0.0886983740273552,0.1347061437819729,0.1096354580455328,0.1166626759843377,0.099903093978533,0.0502342731856301,0.1430221649471538,0.0747691755448439,0.0794440355517456,0.083595090970622,0.1237296650802142,0.0923225255350193,0.0843970914457974,0.0579286762840646,0.0636044942335278,0.0684414459477663,0.0952335929638263,0.0962544297064358,0.1266540793038738,0.089472948011759,0.1048497161051804,0.0823478343449279,0.0962091483924542,0.1113644473521464,0.1028605528793534,0.1017510810655934,0.0779265241739207,0.085193752799915,0.1109951645941282,0.080421809413681,0.0775362236318846,0.0699501921223312,0.0989668158423179,0.0762842627542843,0.1080921533496485,0.0799262099055708,0.1068641841606814,0.0720217569626035,0.0846157324317351,0.0596721403914117,0.0778953328486629,0.0807730897278644,0.0714769448743674,0.066224265630224,0.077725263074689,0.0874900277230262,0.082385107536968,0.0866272301106045,0.0837601504292155,0.0682922149742584,0.0890466640975163,0.0656215599141113,0.0831637889966453,0.0803089191486701,0.0892909076987896,0.0663830263404014,0.0800956541286369,0.1284586725651327,0.0756456626404283,0.0819970073477751,0.064772206686943,0.0754836674129046,0.1174217663016197,0.0739999160704525
0.0752233250574332,0.0,0.0898161748609178,0.0702942348276688,0.0604440977897323,0.093499931827456,0.0988091698803149,0.0784171585824081,0.0693427840513823,0.1075311201432769,0.088761306530807,0.0993228221527315,0.089766425762922,0.1012243905223106,0.1061746567916265,0.0735508637777224,0.0796993620553104,0.1264160547943456,0.0994500661988317,0.1050888282370895,0.0841729176809305,0.082973588822753,0.1323084129167512,0.0755972687480778,0.0848635701987761,0.0841623553820383,0.1185314597578496,0.0770591176848549,0.0859424383175837,0.1033656117948659,0.1163937905237873,0.0797310922949296,0.1031472732595486,0.0759735736413094,0.0792115923675778,0.1284937740076547,0.0930921424686778,0.1236301395102752,0.1019177153146237,0.122601456408236,0.076866776364576,0.0864550991402079,0.1195188469386758,0.0691738784643211,0.1097461604939663,0.0953684239623298,0.1006188048565087,0.0674684178380085,0.0789817476420814,0.0772332120654757,0.0766636414461411,0.0977848574041059,0.0722823078350071,0.0780714485814334,0.0918929435636206,0.0726889947966859,0.0690129412859605,0.0678161262994736,0.1016274173357215,0.1159104219860149,0.0674153175045641,0.0673179133113496,0.0966032113531516,0.0959707954894657,0.070659490831045,0.0884993883966325,0.0590932539405049,0.091650591604,0.1009307983695995,0.0911261296841597,0.0916018414646559,0.1088132433321709,0.1144762091987027,0.0878647796941804,0.1036336058494369,0.068102673857002,0.0628460190792794,0.0898088121189158,0.0881475621455163,0.0802350583436299,0.0899199333370184,0.082236641358439,0.0764688928824302,0.1032411023521355,0.0585458714396009,0.0724164130277294,0.0786538877044392,0.0613305808874501,0.084919569340276,0.0719637782823164,0.0844751156829651,0.0913094747255521,0.1089671122453545,0.1002450919742115,0.0639634064911413,0.0603834081881224,0.0932646735515733,0.0687831677189199,0.1440072085505653,0.0939772495407153
0.0868167372094376,0.0898161748609178,0.0,0.1065353497055884,0.0871419294630779,0.0612742557904412,0.0970125592619423,0.0700413041545749,0.099580224116521,0.1232883131116298,0.1138839974038141,0.1217943023690991,0.0761844014262947,0.1381551307618814,0.1392065775714206,0.1013484030999694,0.1047652019199218,0.1658868982652049,0.1235558279261218,0.1320218493783618,0.0879668811649419,0.0970345376120898,0.1569384118941014,0.10538020069983,0.0839168764528198,0.0942256553494769,0.1153211719745061,0.0765742599170244,0.1325463511611698,0.1054921733065751,0.1221305927984193,0.0924989580718442,0.091662497460499,0.0804461372933826,0.0782511685856768,0.1586521889382863,0.0849902083515803,0.1522963468306545,0.1296202244606178,0.1118844495584008,0.1015208829493499,0.0957791790286652,0.1455276226545553,0.0948217154403249,0.08213935171171,0.1019918286409531,0.1351617614544841,0.1038775811917157,0.0783141515075677,0.0812699783791639,0.0933626889258547,0.1008162817809511,0.0850046060479915,0.0725353411850065,0.0972266041579033,0.0732418260544622,0.1007603647708154,0.0671144808953553,0.1228885678212776,0.1533211974242354,0.0958295102712552,0.1061964578829377,0.1129593834544769,0.0863931772568429,0.1097741113705948,0.1167395000588823,0.0866512196506699,0.0772319226204815,0.0618626778354906,0.0910969384558873,0.1105654274254667,0.127082430757823,0.1332963840610663,0.1021883104068777,0.120370418474252,0.0790202495463336,0.0966179531904405,0.0966514628947921,0.0732231771511256,0.0868265037513114,0.1058631884400873,0.0794709086243018,0.0970188721492952,0.1184068271244612,0.0879241644139404,0.0749585552018998,0.1048203176297142,0.0641175328697623,0.1073995580214649,0.1015217192695584,0.0992941764664709,0.070158040106227,0.0857404718046715,0.1415254845322259,0.0920209030861971,0.0928593408644402,0.1035244288672359,0.098887836945468,0.1172948727662569,0.1046603944557495
0.061990525939726,0.0702942348276688,0.1065353497055884,0.0,0.0607520963400631,0.0965442177518096,0.0955662255455283,0.1001061292127256,0.0933645202753084,0.1235386098401816,0.0752677237277758,0.0981034224271798,0.1039580014518175,0.0997110488379267,0.0962396973216319,0.0734343399846584,0.0935896839609491,0.1130956181983348,0.0980550075690108,0.1427181697767958,0.0638846430299483,0.1057645871118647,0.1383814151181256,0.0655851148531922,0.0727271502747714,0.0910466445647847,0.0842273438521595,0.0766112535886282,0.0688300841801249,0.0917263381173537,0.0782954841881119,0.0601071630960212,0.0919056385330187,0.0842477914844875,0.0766711275848468,0.122574024523657,0.1028346602105435,0.1128814490105041,0.0930786852786387,0.1264668117324051,0.1011204041743558,0.0612631748499198,0.1321550924141401,0.0622615425067223,0.1049374475898281,0.0847930606993383,0.1217146925000018,0.0904312450282933,0.0945302238787711,0.0749440247349126,0.080265269264899,0.0719944596808187,0.0867773229884923,0.1053393610695013,0.1294748811600206,0.0861016564400053,0.074801655501487,0.0778905022154411,0.088855781637511,0.0967980048417005,0.1013943981202758,0.0876376004357075,0.0612592624851959,0.1018795877418916,0.1116550724823588,0.0783445362564969,0.0893457366361483,0.0937772448384555,0.1249664228298386,0.0921274600657724,0.0994345763050882,0.0807269529149503,0.0992150851923572,0.0796850770647514,0.0791107347861643,0.0590948848548014,0.0516916673308167,0.0909418560578269,0.1006934736377864,0.0613175376989086,0.0826505352736995,0.0995726448501319,0.0827697524692098,0.0836445657409896,0.0894054648911906,0.0602110022828414,0.075608305670872,0.0822219025879069,0.0842240029602766,0.0874911680563599,0.0957251207853465,0.0769211064902035,0.1043340018896454,0.1103054771471108,0.0685733175600928,0.0843479779001522,0.074677460443833,0.0719583211763961,0.1519816880015854,0.091321688587651
0.0635263875652498,0.0604440977897323,0.0871419294630779,0.0607520963400631,0.0,0.0900500847137571,0.0742369213088998,0.079108762963928,0.079567171418627,0.098274722380573,0.0581390094318243,0.0824091434673436,0.0887096957602508,0.0928350597017982,0.0875485028019968,0.0553576240507984,0.0835138282299585,0.1136962083388635,0.0823407167588411,0.1179925257297045,0.0695125554828257,0.0779916721141626,0.1159043752759287,0.0531919709953707,0.0805440896264369,0.0806854885103574,0.085657420990651,0.0630626577769549,0.0707737262658184,0.0766282380162287,0.1008505132669435,0.0643920445037777,0.0808363057099998,0.0681702758045088,0.0635448725350489,0.111920011917788,0.0778462580411423,0.1051561483023624,0.0856715573019945,0.1049780674638732,0.082440177303307,0.0588302210780904,0.1102389709833001,0.0561634627557494,0.0978049553787275,0.0903012183272019,0.1006705003446672,0.0673733838858671,0.0803141068901857,0.0627607638074199,0.0596806576034073,0.0834338547290927,0.0633194106827077,0.0911000836510782,0.1081797006674878,0.0672063099474224,0.0710665832338575,0.0685312364732049,0.0709008660093144,0.0875154345482756,0.0822410993656174,0.0735799407876003,0.0681583156215401,0.0960661869863941,0.103143561283706,0.0757861886961552,0.0712985196918511,0.0870000329908304,0.1056771261233122,0.0885482187479649,0.0842757926111567,0.0873712121672775,0.0889695391474851,0.0736708638310181,0.07618754143504,0.0626885107533312,0.0527249365329547,0.0621154702722018,0.0897456009207048,0.0587383171637086,0.0672349146911251,0.075537562313065,0.060160255343821,0.0706464618091013,0.0653672430659716,0.0565318877683704,0.0704849144117115,0.0685467840411376,0.0644493733056451,0.0683944410039849,0.0780591435722232,0.0746442758358192,0.086097726025725,0.0963116837504403,0.0546351198253023,0.0666350890730332,0.071184420810937,0.053433976757411,0.1410976211751993,0.0715711199631129
0.0768091263186237,0.093499931827456,0.0612742557904412,0.0965442177518096,0.0900500847137571,0.0,0.1154426619859922,0.0918461815613677,0.1185039674470746,0.1467497098459909,0.1228202948256503,0.1394926600264965,0.0902483049315247,0.1360531980577229,0.1426672288178166,0.112979428109034,0.1142500571066931,0.1645815841747427,0.1286911291745319,0.154057721359945,0.07888327423508,0.1238655377072613,0.1787545597780132,0.1053573137001511,0.0771914234997679,0.088363110380805,0.116421613253869,0.0920167571297028,0.1346070047523878,0.1202152986205707,0.1062604844721978,0.0788307159786783,0.1063221000142269,0.0987593028390982,0.082915928218277,0.1781940160323032,0.1115134179731913,0.1657901053927324,0.1385032356846833,0.1376316048934994,0.1256811116561014,0.0927342304404939,0.1690152098093006,0.0967886984582543,0.07990618423034,0.1129638541006307,0.1595687835767473,0.123241726441984,0.0980912820257703,0.0789642114527955,0.0999326122791209,0.0909168043795224,0.1020353825923694,0.1009787714821879,0.1297647949943179,0.0874901760836708,0.110246263930284,0.0623846902436718,0.1285836394416827,0.1423066804845504,0.1229458104018882,0.1190954292837074,0.1103330640941014,0.1019271168245855,0.1251453816293488,0.1260407638002193,0.1057669980152448,0.0714356500536843,0.06246585006415,0.105902661352934,0.1272227146902137,0.1140551329354649,0.1451558685276051,0.1045495566484323,0.1189195573842037,0.0722417479312927,0.0957256741345443,0.1168434786789208,0.0909739036719416,0.0820466863430614,0.1107417837031573,0.1059448557199017,0.1115541455036591,0.1210086210263362,0.1064763383911683,0.0754449648975116,0.1105545682914288,0.0728982117246572,0.1107292389853659,0.1217448120583163,0.1107293211930912,0.0634326082772015,0.0813435529099196,0.1537201835530386,0.09383797189482,0.1088396770518831,0.0983919269219579,0.1044682209007138,0.1213890429530292,0.0985530726626285
0.072223944073601,0.0988091698803149,0.0970125592619423,0.0955662255455283,0.0742369213088998,0.1154426619859922,0.0,0.0722422565443086,0.0938801084761417,0.0794535415159637,0.0680200929326216,0.0689005317208454,0.0884318253511819,0.1125426151833659,0.0955742366856929,0.0785347804313828,0.1007660464596826,0.127649968580854,0.0679924865870651,0.1204452122659683,0.0995416122634408,0.069523800690192,0.1095804840452886,0.082394579155278,0.0887710796469948,0.1295930975918482,0.0776525373809988,0.0592481919847075,0.1054845443016153,0.0693253625312236,0.1368029775754799,0.0857905635224487,0.0639438933822037,0.0613841457185855,0.0701734827274543,0.1200942796617453,0.0688728911112332,0.1108241948073613,0.0954507215036988,0.064443679537926,0.0855453432665887,0.0699108818389621,0.1104705422741972,0.0895996871418228,0.1132421233510982,0.0744591379900104,0.094877033748377,0.0852734951616234,0.0729519253686175,0.0651844525885923,0.0653924105920376,0.0956184026473471,0.0996933684308485,0.0871370687543782,0.1009648007308027,0.0922744068337254,0.1010581725933285,0.0990912395030614,0.0824353708785284,0.1099525247711998,0.087002624124744,0.0893901669000407,0.0734916614541459,0.0808318557102304,0.120090350001899,0.0868005350303873,0.0832186400911983,0.0957671004187529,0.1310875300199389,0.0658762097710672,0.0920357561921268,0.0922952763031534,0.0801911996070479,0.0725068340710066,0.0855345734587122,0.0910068887778603,0.0868547614729518,0.0642171953039893,0.0842624777459702,0.082327272629651,0.0646196407840999,0.0696312496950701,0.0681227710170743,0.0855542658639863,0.086024825910311,0.0874922191356396,0.0844728707424547,0.0810589995464408,0.0622080741387435,0.0672155858118428,0.0810485741097106,0.0889218649428325,0.0943283432638982,0.1036140630647829,0.0720004096671876,0.0796207025169037,0.0823055020871347,0.071258379509785,0.1197957249429716,0.0777243890821796
0.0880680246751495,0.0784171585824081,0.0700413041545749,0.1001061292127256,0.079108762963928,0.0918461815613677,0.0722422565443086,0.0,0.0690687278274349,0.074509204011205,0.0744200449191137,0.0921300412582287,0.0763478868756695,0.1016288886249365,0.0988583111673712,0.0740914880075999,0.0923481967772141,0.1431897681778935,0.0830406708919195,0.0884575111967293,0.0991176747217135,0.0620490593501191,0.1093036505131424,0.0869830088177827,0.0977228805817499,0.0986778851036451,0.1137293593373719,0.0650575131161364,0.1148685895594382,0.0785474568966689,0.1324934145073973,0.0919004325873888,0.0794696513872813,0.056251966411526,0.0677175312196394,0.121818544416131,0.0563709137004241,0.1231026623386851,0.1057686606837503,0.0801839555869408,0.0685206108493456,0.0941105490301309,0.1085031014296434,0.0855656187859973,0.0973136677265436,0.0692191043642122,0.0949477790163218,0.0777472235766827,0.0605928934679115,0.0697010237267019,0.0775755798968091,0.1039622566060225,0.0730381823649588,0.063022939820203,0.0539830921177162,0.0523075131303697,0.0700999598191848,0.0747290285545262,0.10726376480466,0.135390907622117,0.0580227078393846,0.0754987033460525,0.0962158564784816,0.0720326820810418,0.0929517475575391,0.0850679301783571,0.0662919835316397,0.0791955157104487,0.0945241291423546,0.0760586870836517,0.0832888187514936,0.1202918525807731,0.0957654774925404,0.0856082816436326,0.1152432206244347,0.0855361336663163,0.08785123492972,0.0749357611062644,0.0680508341871081,0.088440253246877,0.0844377600021216,0.0456713043218366,0.0605386495611372,0.1088835036794604,0.0680052975039721,0.0812590243436606,0.0747233046388229,0.0660285133699823,0.0795904988892688,0.071809582487956,0.0735738635455456,0.0782662731370405,0.0896954743414562,0.1015634046833029,0.0706925056046138,0.0630929816011076,0.1009693877657495,0.0740708503571651,0.1255826123562734,0.100628401595938
0.0980582086639854,0.0693427840513823,0.099580224116521,0.0933645202753084,0.079567171418627,0.1185039674470746,0.0938801084761417,0.0690687278274349,0.0,0.0677819501287381,0.0769822502166677,0.0735827228363448,0.088348789269165,0.0915722241549639,0.0945040131843718,0.0485637137528811,0.0790771153735279,0.1236249845716862,0.0866273728812081,0.0800928566237593,0.1034159948539339,0.0583348752020266,0.0953331109631072,0.0662703125103715,0.0989166939902727,0.1058686017359718,0.1192437773706963,0.0805088534872758,0.093965820531733,0.0805597524910319,0.1449516435561152,0.0936785381205758,0.0894948847012948,0.057493192283827,0.0783003309575059,0.0919967641895144,0.0696050465148944,0.1163148200393934,0.0820333447873826,0.1045141254268541,0.0437363726952728,0.0996751049181954,0.0967597720145263,0.0747359088483729,0.1216057271211228,0.0736612669839952,0.0622306671719906,0.0441097507789539,0.0663267761075702,0.0810059793469336,0.0850194661570994,0.1161458058520336,0.074552413221126,0.0797248228308399,0.067000681676164,0.0702748913031684,0.064841390944812,0.081494791341789,0.1024027025306449,0.1297144526589847,0.0414703446406636,0.0647037374037771,0.1023893721955824,0.0760521595122057,0.0676166900528161,0.0669250493827434,0.0572107031623183,0.0871507300650231,0.1200615549004716,0.0817457810693539,0.0725129388610511,0.1160216909648252,0.096816397401989,0.0867476917367723,0.1060614311749029,0.0950095937745092,0.0831731418991066,0.0628760419124254,0.0898408808443931,0.0961220098704187,0.0742037918913834,0.0742628667583127,0.0694233885854126,0.1064124236115448,0.0504163555776195,0.0875453408960778,0.0635849993076096,0.0841510632555304,0.0805602526446229,0.0690609581069587,0.0601854383074253,0.100854447448572,0.1248238131365565,0.0847722014906293,0.073434933300461,0.0508706230432671,0.0956233530557391,0.0631242343971997,0.1347644055080537,0.1091010595913417
0.1097547336426249,0.1075311201432769,0.1232883131116298,0.1235386098401816,0.098274722380573,0.1467497098459909,0.0794535415159637,0.074509204011205,0.0677819501287381,0.0,0.0800482768113053,0.0688968118948749,0.1144560452496913,0.1057701434613285,0.0899164881131843,0.0797485692512451,0.1043817717688368,0.1419176533034971,0.0849083199793166,0.0729882506032064,0.1292827638471157,0.0599680808272568,0.0737893971600621,0.0968174350159812,0.1273009608209129,0.1513608778051937,0.1214385523054578,0.0894925815436413,0.1163848162469139,0.0678106583477425,0.1621108013813846,0.1224977905746022,0.0839979307627593,0.0656872127401287,0.0950065314022347,0.0940536230662887,0.0744211725654566,0.1285584158337424,0.1040264542942209,0.0962589734479093,0.0680654224339856,0.1065919298548341,0.092525697726452,0.0988066023839026,0.131253443946371,0.073581419262778,0.0713842770291631,0.0681515346076957,0.0921201860620271,0.1001878833144372,0.088990692853731,0.1399711740538829,0.1014645003416139,0.1008649476711017,0.072161904368681,0.0934355404561754,0.0995952279182352,0.1278214225862274,0.1182007674950091,0.1439081291805826,0.0655558485579991,0.0869530632996358,0.1160712184607589,0.075994234403209,0.1046511592452657,0.0735390325953821,0.0821125843548011,0.1031864645946104,0.1514771260559418,0.0810462401636022,0.0831373957983285,0.1410827652475505,0.0776616855529281,0.1099331779927646,0.1316848209629976,0.1205465133526418,0.1199471493367085,0.0709227377389277,0.1013126502274799,0.1174881193956562,0.0870374394503564,0.0691360442972208,0.0751264855680976,0.1306426741667786,0.0795153810310499,0.1230669618298196,0.0711070490655731,0.1078279419365515,0.0746179504314162,0.0746198611292752,0.0689399543883772,0.1229364690677349,0.1211778270751392,0.0994521062393523,0.0979836220818284,0.0669146556289511,0.1231319777157395,0.0823105197873636,0.1362714353267868,0.1202525370926552
0.0870854594827596,0.088761306530807,0.1138839974038141,0.0752677237277758,0.0581390094318243,0.1228202948256503,0.0680200929326216,0.0744200449191137,0.0769822502166677,0.0800482768113053,0.0,0.0620352953616066,0.0939955587290516,0.0693230097080789,0.0609914528128369,0.053409872824876,0.0896091590116699,0.0866611733715001,0.0544690629318583,0.1189886638139251,0.1053668163530706,0.0664380100807736,0.0756550106937637,0.0600211400907153,0.1096533468572037,0.1079231402833734,0.0770028664688113,0.0711965361083228,0.0702852508809818,0.0583361568896954,0.13317010294268,0.0914954185036114,0.0778582506783191,0.0606847481728871,0.0793925655817903,0.0728482955172645,0.0651688621594654,0.0691666563751969,0.0721481225992664,0.0788619391284543,0.0694135248351677,0.0751354635038082,0.0807136736514019,0.0785594721493655,0.1310855912167962,0.0691397545722116,0.0736732657212691,0.0687867694371644,0.0779267404784988,0.0690856298487795,0.0749234210986218,0.1029435851684824,0.0742283292620213,0.0949524668215801,0.0962952532336914,0.0830571619169628,0.0694506014592314,0.0929055161639435,0.0533357161101871,0.0790087857126834,0.0725030915134155,0.0660532820996908,0.0656580749098683,0.0869542188848699,0.1118764321598252,0.0620773023848857,0.0783199599819435,0.1046641269484144,0.1428804973751071,0.0879589290088897,0.0703178247866823,0.085294393550491,0.0570954823695519,0.0680060605147064,0.0719008197944671,0.0926824471954986,0.0726366591808614,0.0541689997546434,0.0984521169744989,0.0762080315051399,0.0588948034127555,0.0819044605118332,0.049995045710151,0.074242590462018,0.0781995141576459,0.0842204657814591,0.0706811100980643,0.0925537480154606,0.0509008333423125,0.0616048469158774,0.0729223591024054,0.0872533647083062,0.108886183015152,0.0666376833049261,0.0648609977281823,0.0753891483721931,0.0850032487493631,0.0581921595215886,0.1563157562846708,0.0739894267723151
0.0968346421883135,0.0993228221527315,0.1217943023690991,0.0981034224271798,0.0824091434673436,0.1394926600264965,0.0689005317208454,0.0921300412582287,0.0735827228363448,0.0688968118948749,0.0620352953616066,0.0,0.1029238249573349,0.0880824741330275,0.0767985441767009,0.0611857125082822,0.0898648841181986,0.0969618658484909,0.0687564965211084,0.1204126730446621,0.1137058401182308,0.0672177772148564,0.0643699593782611,0.0712660313420537,0.1099179597747275,0.1341715575254529,0.0788380550188511,0.0665533257187754,0.0810184804714942,0.0633442357673834,0.1476665110494994,0.0983844480179076,0.0781817046766192,0.0723690413826095,0.0806015894843274,0.07675190997874,0.0666547234781175,0.0891147447916203,0.0681297044168545,0.0839013138190466,0.0675878690177054,0.0808574677722514,0.0796030318356142,0.0862954878505889,0.1410474128500501,0.0859005321223276,0.059405910484387,0.0633843695345602,0.0814567904107664,0.0903709410831299,0.0766980577000971,0.1056376175626294,0.1001126833299348,0.1072077734347835,0.1039648078962092,0.0940211213213687,0.083346920593649,0.1097782085504692,0.0745520245629365,0.1014771973207422,0.0847292512832401,0.0816508241690621,0.075361379309557,0.0937777658849615,0.1056713332256762,0.0548763225244937,0.0878731535057478,0.1095556916289953,0.1561144352638542,0.0807074676390127,0.0671343168897376,0.0920530022234456,0.0546421293933924,0.0736949659347546,0.0832624855032532,0.1058505867783874,0.0933749586187442,0.0627185449353875,0.1092380111314236,0.0920442977344717,0.0547359685906238,0.0921787237510551,0.0726659926509448,0.0859131666196381,0.0815879196863268,0.09517007544949,0.0700368318779177,0.1062943917518244,0.0475127366353186,0.0522344444804804,0.0555659344501743,0.10894610611048,0.1223558879682283,0.0815785123666465,0.0706221574553795,0.0708676321407659,0.0875863056855438,0.059158501003704,0.1616841151336717,0.0891649236000737
0.0845666725012837,0.089766425762922,0.0761844014262947,0.1039580014518175,0.0887096957602508,0.0902483049315247,0.0884318253511819,0.0763478868756695,0.088348789269165,0.1144560452496913,0.0939955587290516,0.1029238249573349,0.0,0.1298680662740135,0.1309520146284253,0.0803018996085781,0.0705576865871037,0.1399891402084622,0.0992170273400481,0.1326703924671222,0.0876270859874969,0.0840595053553915,0.1331323825685975,0.0712842662684613,0.0785062080435102,0.1117523962093067,0.107824713154874,0.0734805925017026,0.1079830541484549,0.1007569071957709,0.1365725279889161,0.0806556328801178,0.082645869046198,0.0683768535761409,0.0534442414054872,0.1389085303616952,0.0670009444732849,0.1252993684602804,0.0914921109980614,0.0898010070810577,0.0753556847308582,0.0874833445979071,0.1320403341050233,0.1084714296445035,0.0936413284671049,0.0809009279266305,0.1085338875872072,0.087670012695306,0.0644874337630524,0.0594154582457603,0.0734256928576329,0.0868908699843958,0.0989286377799514,0.0678669072450321,0.0940471884918336,0.0836914312298257,0.0749467780843576,0.0786880815341944,0.0933774772790801,0.124233944046519,0.0839485842339172,0.0856933585650063,0.1062798477291651,0.0751919424632227,0.0915078951222903,0.1053216847747578,0.0889088985776248,0.0753645934949611,0.1096398878046393,0.0695626319429536,0.0867810976521283,0.0816780238138989,0.122266016061651,0.0634444097171731,0.0865505416721684,0.0893646350806087,0.088010025361833,0.0847601976209034,0.0811607198623656,0.08435818789143,0.0734964148477649,0.083697305211284,0.0912583875922435,0.0801936063420432,0.0869396134282548,0.0711395838750444,0.101623522813775,0.0596223630509654,0.0958257844923905,0.0815892670710072,0.091482418877174,0.0804759754818066,0.1051538625238945,0.123604091928887,0.0726663814869153,0.0971581825366695,0.0866377701400228,0.0764610663286594,0.124497252565772,0.0838891405435514
0.1277072339577103,0.1012243905223106,0.1381551307618814,0.0997110488379267,0.0928350597017982,0.1360531980577229,0.1125426151833659,0.1016288886249365,0.0915722241549639,0.1057701434613285,0.0693230097080789,0.0880824741330275,0.1298680662740135,0.0,0.0682588654822135,0.0902975125736514,0.1319519208989762,0.064547153986516,0.0796288282312126,0.1326201978012793,0.1367019833834819,0.0906934752306597,0.0874795639593326,0.0981566382123791,0.1478263431275536,0.1104970662471144,0.1078531672472427,0.1070971529726097,0.09377776400232,0.0917501029567143,0.1444199303846151,0.1204783852738397,0.1248748599594603,0.1069514325043007,0.1199934180617886,0.0670622787666481,0.1087801261692733,0.073911049616481,0.0985493592795339,0.1052491657163524,0.101450744935343,0.12022511865873,0.0758825353590749,0.0905604142868322,0.1531149362082801,0.1060151097366053,0.0888259498657153,0.0867845733211834,0.1094760589949672,0.1016351746034768,0.1223280449896154,0.1157341044163769,0.0886489592095108,0.1263843062956967,0.1065668514747206,0.1014771566162268,0.0792490315363521,0.1108343313235047,0.0789760450645679,0.0797176266697258,0.1013691410686337,0.0770969265499919,0.0816482875353478,0.1312954822819947,0.1286111931161985,0.0937970782246674,0.109304855559177,0.1361466714752175,0.1565958441725641,0.132590940286671,0.1012856875790536,0.1217832860275234,0.0788929204699005,0.1086801258697029,0.1048817781000942,0.11794169344194,0.0975865744138853,0.1016967221071984,0.12535678036915,0.0854662960961147,0.0960685772089261,0.1138302732722018,0.083353247206892,0.1034999916331089,0.1047983848501738,0.1025121627688883,0.0837850573072789,0.1259387947007679,0.076516815323797,0.0995202462242163,0.0868690738693666,0.1112703393806076,0.1214651725546943,0.0620497503466988,0.091855140597802,0.0892975788015334,0.1113410266208818,0.0875130704400972,0.2041546765219749,0.0928543797543428
0.1052162491032112,0.1061746567916265,0.1392065775714206,0.0962396973216319,0.0875485028019968,0.1426672288178166,0.0955742366856929,0.0988583111673712,0.0945040131843718,0.0899164881131843,0.0609914528128369,0.0767985441767009,0.1309520146284253,0.0682588654822135,0.0,0.0856056639159396,0.1087193548584073,0.0904259923056821,0.0713524174948576,0.1338751301942032,0.1213590230865104,0.0899354674664917,0.0846699140939939,0.0889585485946225,0.1354188648666138,0.1384182217634787,0.0926154018283205,0.1019992270501711,0.0942320907702282,0.0831514113504427,0.1204657439013675,0.1123984291766115,0.0996854175296449,0.088509427304748,0.1096130988666847,0.0760433262104467,0.1005762794571372,0.082382942989861,0.0915006048613662,0.1027359309954834,0.0990520156538185,0.104684522456447,0.0906332576837049,0.0856847765491722,0.1247907192583417,0.0873132162998875,0.0950815098263,0.0944827191543002,0.1067903681201728,0.0931534593157536,0.1055888199510441,0.1110012909046768,0.0961587000063378,0.1237637424879091,0.1129620860389877,0.1077950413092175,0.0947182820542463,0.1187921742255348,0.0740206593186753,0.0941529148931998,0.0980754863614875,0.0876929972608677,0.0883951517326172,0.114990427885818,0.1281085867047109,0.0686909895739179,0.0960955809570929,0.1192879150228647,0.1541880554297742,0.1125136124793752,0.0859681369627829,0.1051767052265604,0.0625318647649277,0.0999912824784367,0.1027965059127213,0.1104889608756982,0.1024982176805083,0.0862582064387384,0.1188695774703499,0.0922446857286695,0.0810182502582671,0.1059754143876007,0.0834903928463031,0.107310073426412,0.1045770652103206,0.1064491473480721,0.0865947622534353,0.122459251339003,0.0668303237242326,0.0900126212916755,0.0783798541416821,0.101013394317464,0.1104449345878641,0.0769231977393481,0.0881753858103546,0.0877886555807023,0.0957352603254698,0.0864919794355597,0.1816673124767076,0.0909400288048842
0.0783082758635547,0.0735508637777224,0.1013484030999694,0.0734343399846584,0.0553576240507984,0.112979428109034,0.0785347804313828,0.0740914880075999,0.0485637137528811,0.0797485692512451,0.053409872824876,0.0611857125082822,0.0803018996085781,0.0902975125736514,0.0856056639159396,0.0,0.0753267140552819,0.0971625462057982,0.0769437746208405,0.1028970152017985,0.083962732279013,0.0665853244265306,0.0923074763398967,0.0434530211919895,0.083927551047763,0.0919020122973406,0.0903219698637309,0.0747314998606878,0.0650542959909108,0.069133933428371,0.1309914677070487,0.0768693783897956,0.0854166000479651,0.0580376772798898,0.0717288099513576,0.0895940659653673,0.0621084852531506,0.0886331178404122,0.0623682184335657,0.0963194068044652,0.0548202372674289,0.0705454373877894,0.0910496649615171,0.0607531112871384,0.1303376355349714,0.0779461502412099,0.0711848074771979,0.0414185500627271,0.0657085502243206,0.0707394731459666,0.0756087395974876,0.1020831050148066,0.06082039787834,0.0849103982256026,0.0909489539067481,0.0660669410587987,0.0571465089291541,0.0764970568271659,0.070962749733828,0.1029441919922624,0.0566661589861957,0.064138328948703,0.0700078874376034,0.0750493178156169,0.0833841633249741,0.0647009708571736,0.0649640804986009,0.0959667564275015,0.1330321774977503,0.0789842137161882,0.0701428371500458,0.0874485757086132,0.0844948121762003,0.0622123736147229,0.0755302728651482,0.0879679926128773,0.064968055090836,0.0435841038683856,0.0989396341920707,0.0732475250311617,0.0451965237946708,0.0772682084454251,0.0569278840053178,0.0717650359013246,0.0577208471890759,0.0655310036556917,0.0610807616482541,0.0821454154372335,0.0628321274211294,0.0579317058102561,0.0673460189008347,0.0952795906351414,0.1207156732040388,0.0788860276932889,0.0501563899888343,0.0591281641504574,0.0754393048629211,0.0414755395113359,0.1484933615384836,0.0879560609120462
0.0866731122794193,0.0796993620553104,0.1047652019199218,0.0935896839609491,0.0835138282299585,0.1142500571066931,0.1007660464596826,0.0923481967772141,0.0790771153735279,0.1043817717688368,0.0896091590116699,0.0898648841181986,0.0705576865871037,0.1319519208989762,0.1087193548584073,0.0753267140552819,0.0,0.1290830973291371,0.0928838979202659,0.1315050482153856,0.0850546610148876,0.0850190402464651,0.1214260222807526,0.0589301108560921,0.0842453276287941,0.1201890154979786,0.1049467537325468,0.0879863506990291,0.0962451837845035,0.090173731666977,0.1314584876143784,0.0822425332897738,0.0795485665377273,0.0604951595351036,0.0675930255818308,0.122655698703692,0.0764356976432815,0.1101934659860401,0.0662184543915731,0.0998178090020843,0.0621983332834191,0.080628750381568,0.1324110701297298,0.0986652426036646,0.120631579727683,0.0728127877040905,0.0932069735752066,0.0813088904520935,0.0675195136090298,0.0822820739542946,0.0699975225643921,0.0992521251087683,0.1063040064922626,0.0764976334018932,0.1066343560327123,0.0946869131755563,0.0818488066911888,0.0949375189755472,0.0911447707244419,0.1110149423073858,0.0844338803174271,0.0797350791535976,0.1115063176882466,0.082982494076511,0.0851896784504847,0.0758439144185779,0.0718770829201004,0.0882558585364993,0.1279282199670335,0.066680129396449,0.0699524444926239,0.0880310954785725,0.1071123831962317,0.0675834383302954,0.093032668250452,0.0993659578038272,0.0923982405390952,0.0791382155280746,0.0947981620220333,0.0979698937933981,0.0659116735094724,0.0919238687168458,0.0955841606002637,0.0971854163830108,0.0873204026033323,0.0879127135096668,0.0919082642604504,0.0722246235057488,0.0894654136944646,0.0737362181215396,0.0725526002465108,0.1071477790096429,0.1369464571053859,0.1170427292115583,0.0712737556065952,0.0912614092664604,0.0889761219627844,0.0753587488350123,0.1361129476077803,0.0947797861370374
0.1419069058177031,0.1264160547943456,0.1658868982652049,0.1130956181983348,0.1136962083388635,0.1645815841747427,0.127649968580854,0.1431897681778935,0.1236249845716862,0.1419176533034971,0.0866611733715001,0.0969618658484909,0.1399891402084622,0.064547153986516,0.0904259923056821,0.0971625462057982,0.1290830973291371,0.0,0.0941029376683151,0.1781656664863384,0.1435668787572367,0.1141332841379557,0.1064025102862358,0.1041372403481554,0.1561567835341429,0.1279932562252594,0.1069611212386438,0.1301585135908838,0.0924439950902605,0.1075955235971233,0.1626117175445214,0.1285214139330616,0.1405403377256846,0.1234196201155222,0.1401197923372801,0.0757707293019188,0.1247571671491871,0.0464239090011441,0.0866777783220065,0.1110355592839183,0.1185509645604764,0.1287656405037379,0.0903574110890341,0.109602640034029,0.1941465002122386,0.1343418093016994,0.105078897153887,0.1072913960569556,0.1275201577330151,0.1208864859890018,0.1393503064557205,0.1343522183005765,0.1108145954705505,0.1534914141463178,0.1551777849320169,0.1377830536677733,0.0962035005419996,0.1353627133495814,0.0654588015779907,0.0718404796615073,0.1327625681645951,0.1000831516482183,0.0842313249963961,0.1425983661738495,0.1528003461567446,0.117627215498823,0.1333865836657546,0.1712388066521425,0.196627257916674,0.1530873062784326,0.1222911254718752,0.1152398616612441,0.0874068831121536,0.0986072606099011,0.1030718936325852,0.1452028505164099,0.1132247802907342,0.1105995314919957,0.1602194873621993,0.1019671674734594,0.0917172912517794,0.1534539875363218,0.1045752243236361,0.0968195168000063,0.1350404787611108,0.1205978263219018,0.1050385831384269,0.154930019664384,0.0912718405418525,0.1102606747457864,0.1130368665480319,0.1381954654239108,0.1626065010517957,0.0725411815237151,0.0996197549879277,0.1206644733001479,0.1265384665344122,0.0967900054626224,0.2350827509608205,0.0903527267788573
0.0976184378378866,0.0994500661988317,0.1235558279261218,0.0980550075690108,0.0823407167588411,0.1286911291745319,0.0679924865870651,0.0830406708919195,0.0866273728812081,0.0849083199793166,0.0544690629318583,0.0687564965211084,0.0992170273400481,0.0796288282312126,0.0713524174948576,0.0769437746208405,0.0928838979202659,0.0941029376683151,0.0,0.1239235047542204,0.1205158498329205,0.0686332730051271,0.0737023999352737,0.0693402613872249,0.1165268505318269,0.1273775964155026,0.0803284371456134,0.0747042400040138,0.0945431331760667,0.0597514337805403,0.1374511799252321,0.0935910743341688,0.0796933058764121,0.0633450940119212,0.0855371926334466,0.0819316275111588,0.0770708606354467,0.0799655441067194,0.0697276049709234,0.0644293282910246,0.0798729010725628,0.0897133081687167,0.087186500893312,0.090445239550098,0.1231031730857719,0.0621777417168019,0.0752515058811732,0.0807361019526199,0.0829074113807828,0.0759603964495912,0.0803655937682268,0.1064288876085097,0.1037964238278088,0.1003754450365714,0.0962073793611666,0.1049434822632153,0.0894781252685797,0.1057615032894089,0.0754682616575764,0.0759939887464241,0.0808602366553852,0.0773826712943793,0.0835497167623206,0.0943287385709701,0.1189987665443824,0.0786711493964968,0.089953874122731,0.1075985388238247,0.1489708199215312,0.0887630967577459,0.0745457308939433,0.0892160787428108,0.0539205992638395,0.0690691062045769,0.0893724309551408,0.109053568365024,0.0909362171809833,0.0701102141468144,0.1086181318205843,0.0850175403459067,0.0639082486179165,0.0831061875191463,0.0716523476935299,0.0896861638292048,0.0871849369875776,0.1042825503931798,0.0871229866368046,0.1004981660102416,0.0544008782177784,0.0633106546239466,0.0777486281169988,0.0946025285454028,0.1024335679083451,0.0802921229946062,0.0787603919062077,0.0813427168842004,0.0887755049618604,0.074822091369167,0.1587891017306447,0.077637931529252
0.1314978271385203,0.1050888282370895,0.1320218493783618,0.1427181697767958,0.1179925257297045,0.154057721359945,0.1204452122659683,0.0884575111967293,0.0800928566237593,0.0729882506032064,0.1189886638139251,0.1204126730446621,0.1326703924671222,0.1326201978012793,0.1338751301942032,0.1028970152017985,0.1315050482153856,0.1781656664863384,0.1239235047542204,0.0,0.1460677532084662,0.0974857189647863,0.1170830695148895,0.1264103720875269,0.1452103490485826,0.1505330076699154,0.1677877234726936,0.1203739892322236,0.147527772424385,0.1073642180555244,0.1830803444654365,0.1487109616612573,0.133577247870528,0.1014703051265948,0.118766247563926,0.1300906711693527,0.1031153417715404,0.1669876364994529,0.1462789548026787,0.138241468418838,0.0964222225316263,0.1384364983101074,0.1211843106287674,0.1221845363157776,0.1491565949436841,0.1119686935798486,0.1008851448152525,0.0843560169734157,0.1209604410499482,0.1299948357581933,0.1138243604400345,0.1620215935934404,0.1093262902092388,0.1164239834500326,0.0716073428148759,0.0949556188289849,0.1139711919076877,0.126433609254495,0.1574236671706243,0.1844714848132696,0.0780726571444563,0.1133162898060044,0.1493951814392913,0.1015692674157752,0.1035748092727325,0.1129810040198703,0.1011734894266,0.1197176716622704,0.1519432100159032,0.1146890513437307,0.1145606744595269,0.1742077010840894,0.1301508637477292,0.1482721858518019,0.1615855428918352,0.1270115550170851,0.136143860273838,0.1021989454695612,0.1277769158074967,0.1460853884675512,0.1320479594003018,0.084612609434891,0.1015019660732316,0.1591662057774635,0.085902401737091,0.1349386526219109,0.1077627539626487,0.1214318843058635,0.1187900471757813,0.1044472588715842,0.1158881607521518,0.1402464778394981,0.1489221808167782,0.1314913632970532,0.1229626199859125,0.0890918223376824,0.1534475066979586,0.1104008472619542,0.1333615848671047,0.1570035841334547
0.0597954039306634,0.0841729176809305,0.0879668811649419,0.0638846430299483,0.0695125554828257,0.07888327423508,0.0995416122634408,0.0991176747217135,0.1034159948539339,0.1292827638471157,0.1053668163530706,0.1137058401182308,0.0876270859874969,0.1367019833834819,0.1213590230865104,0.083962732279013,0.0850546610148876,0.1435668787572367,0.1205158498329205,0.1460677532084662,0.0,0.1101640770435708,0.1636589287971163,0.07431732703698,0.0537351396328834,0.1012790542498441,0.0972853942339808,0.0783387316456199,0.0902794155568784,0.1035584786429649,0.0792784214044409,0.055057436172112,0.0841259898549714,0.0849491192215278,0.0609995977602407,0.1552050511564276,0.0922688885582585,0.1400520710245458,0.1109956838764294,0.1320862409403024,0.1080946630851713,0.0693137417776933,0.1525185682150993,0.0736516286164215,0.09210540704465,0.1032682828987557,0.1436837852255068,0.1069822951566094,0.0851400911075836,0.0712586541893253,0.0721263846997724,0.0720869645076886,0.0992620007743721,0.099465887339541,0.1311956026266076,0.0849897741631657,0.090721131334393,0.073019460278329,0.1038633444803106,0.1196246853439787,0.1110289610816769,0.1042965971378708,0.082343573469258,0.0974344716795737,0.1081614336352553,0.0998071375813682,0.0894068189687803,0.0756147503399838,0.1044345243850895,0.0870354406543022,0.109982054069325,0.0851383943053564,0.127178792855549,0.0794181553536196,0.0837524173716917,0.067027215758642,0.0699106457389173,0.100617941736717,0.0880466929304656,0.0718641373988784,0.0838914519485153,0.0957569680606541,0.0974564439249088,0.087527112586962,0.0966787016461506,0.0543723409756714,0.0832252105659912,0.068269971668202,0.0986832954596871,0.1009584214059463,0.0921771102785049,0.0779668165908691,0.1057776357307119,0.1414228785943316,0.0700802984461356,0.0944970290850295,0.0693500602275538,0.0807176042906041,0.1295348740651136,0.0903740516174244
