0,1,2,3,4,5,6,7,8,9,10,11,12,13,14,15,16,17,18,19,20,21,22,23,24,25,26,27,28,29,30,31,32,33,34,35,36,37,38,39,40,41,42,43,44,45,46,47,48,49,50,51,52,53,54,55,56,57,58,59,60,61,62,63,64,65,66,67,68,69,70,71,72,73,74,75,76,77,78,79,80,81,82,83,84,85,86,87,88,89,90,91,92,93,94,95,96,97,98,99
0.0,0.1260939931814748,0.1143837512158131,0.0636547582157916,0.0943906556185049,0.1552106328831855,0.2005141045829625,0.0919233559485108,0.0934255261229559,0.1651949308115785,0.0820828448950931,0.1517024804098038,0.0953096028275886,0.1034082015372142,0.1516980837914593,0.1396558869802245,0.1862920027973882,0.0774945850810432,0.1294791869582004,0.1298597018180597,0.1063843950979114,0.1052973560591462,0.1264393242590325,0.1398916607204519,0.147556690328481,0.1267185593436269,0.1045245525506885,0.0747300845885471,0.1331615676009621,0.1329060166617701,0.1229549864936396,0.1039830144892871,0.1470284128406301,0.1252053975935953,0.1291308221663391,0.0742743609193791,0.1498555846590742,0.1169976258341413,0.095897795509086,0.1532053770785901,0.1190676165207299,0.1347966699463005,0.1106549776952856,0.1035047003048403,0.1542995683447824,0.1315958143727708,0.1013595644823366,0.164965553726692,0.1049094869945223,0.149009477844519,0.0882753427589572,0.1266089051951204,0.175782533719263,0.0761774931948814,0.0976355429859886,0.0896182370644615,0.1136613783776771,0.1025804924817092,0.1215068269926125,0.207925229345032,0.125934217832214,0.153985772478345,0.1327076591593783,0.1318726251647139,0.1114724559495515,0.0927075719669198,0.1099422506816414,0.1404638998597017,0.1175656031220362,0.0775842700314337,0.0971048389025018,0.1572119398745291,0.1117496253156306,0.1123664179801105,0.1231887639453795,0.1323027060225877,0.0757580175776022,0.0971208871734808,0.1106642316553727,0.1169754671324548,0.1223927824101099,0.0917943457234326,0.1679676538862318,0.1397993435416498,0.192441736489702,0.1124631762427936,0.1578646502421481,0.1102667927681309,0.1069137533031323,0.1193268058106322,0.0924744128100511,0.1074327805511074,0.133081726465508,0.1028965873210199,0.144516601541104,0.157379846245061,0.0980163050524116,0.1601122902786878,0.1727555520626483,0.0863402965508797
0.1260939931814748,0.0,0.0912629421310813,0.1263276305541672,0.1077777229808562,0.1044566446699809,0.1369755369735905,0.0992299911485208,0.1388148961818239,0.0862147356641805,0.1087958507556749,0.0974899047656292,0.0981718100014254,0.0848033844486933,0.1641777264585289,0.0818818001698377,0.1453335939488216,0.0816251377670518,0.0530811509796449,0.1034482888909668,0.0802318058181978,0.1261506205852716,0.096873318602951,0.0986335277615846,0.1436136599869366,0.1162929071354353,0.1343103607801153,0.0851493140175208,0.0767179219430382,0.0781556443646459,0.0825575737584697,0.0725063247692175,0.0816037352571094,0.0844332085742073,0.093850690684921,0.0993665339033173,0.1253288428575189,0.0994262474229879,0.0848593768606949,0.1381427548129289,0.0809136384623754,0.0696242966946687,0.0909612551667904,0.1101868115741056,0.09072346318315,0.1080293676032545,0.0832692141285621,0.126092634630656,0.0976935644298526,0.1088136320548782,0.1239312118172721,0.1171061070516829,0.1676124653815638,0.1062544006327005,0.0953442469320472,0.1143549504634555,0.0695869138593299,0.0753205791005181,0.0720387093337465,0.1212061962741113,0.0947799607379785,0.0858846840107478,0.1115882779141619,0.1358981170339659,0.0853143361824221,0.0883148813750652,0.0954776027735845,0.0879097784976112,0.1458339060298859,0.1205718632851071,0.0971264678204575,0.1656709990078751,0.1038689294612273,0.0620818772425944,0.0906139308888643,0.1292093471376491,0.085523945033324,0.1151519893900773,0.0737447352006553,0.126909398296675,0.074293296235296,0.1399895908601587,0.0821363711466953,0.0731574191023621,0.1231099722977429,0.1041023966969953,0.1106132830886918,0.101404459830809,0.074578317332258,0.0839924651340409,0.1062309313860995,0.1520976662603264,0.1234270760491258,0.1049717983962583,0.0785726266511129,0.1485766953926098,0.0805585294325808,0.1459927237573896,0.1346595743954451,0.0936518454872979
0.1143837512158131,0.0912629421310813,0.0,0.1048925100921552,0.1001472738324534,0.1042104148310646,0.1035682555589955,0.0990853095903439,0.1013097689178884,0.0903076621076026,0.1093964963567745,0.0775200800312841,0.0749732678249545,0.1183585432454732,0.1162995367489617,0.0902061937926127,0.1147550889604957,0.0910923641386997,0.0752742294884251,0.0861223253227394,0.1117109547097909,0.1206590965270287,0.1449314420061952,0.0868717771180139,0.0996005616211493,0.080415835977094,0.0977757267248649,0.0917569045786419,0.0901011316131979,0.0826660941616071,0.0845230480150095,0.0761328051868569,0.1129485506195104,0.0658888130003462,0.0740707995861251,0.0933265175378957,0.104849152527775,0.0804679583626316,0.0703454243280027,0.0749876750475624,0.0872959877875931,0.1009665840714059,0.073183463346964,0.0681087591307369,0.1148530409276784,0.1025181132957544,0.0776263378931995,0.0913539857297416,0.0716958492820006,0.0593387343937121,0.1554425021480498,0.0839438177333259,0.12275975130519,0.1024485519899331,0.1021825686743011,0.1170490344892098,0.0623647499258507,0.0650093867921585,0.0999286849801893,0.1168766415865841,0.0921564741362494,0.0884259338470107,0.0975251417220294,0.0953876346855885,0.1005681028886646,0.0721819238257027,0.0939289847585717,0.1027959282246814,0.0848005819787904,0.099105332772042,0.0951122163648127,0.1065865562923996,0.0786013267476019,0.0801540662537743,0.1150388591243317,0.0850472520230576,0.0987149384174865,0.1113006858278809,0.0961260521755262,0.0782287609108541,0.0818301900677858,0.0759725847521751,0.1131461616590086,0.0818710472633259,0.0939796950627842,0.0667891414719632,0.0980078278924668,0.0633301640535899,0.066436970199097,0.0947941579436862,0.1227433825901076,0.1034035606894275,0.0802818863795306,0.1025725367214585,0.1102650553800353,0.1055335171418899,0.0983792970595719,0.0972091859599484,0.1123442225345236,0.0869387176221367
0.0636547582157916,0.1263276305541672,0.1048925100921552,0.0,0.0652436118054059,0.1363404670461216,0.1821713676511958,0.0612157407416275,0.0809072854362577,0.1645921943858828,0.076668045913272,0.1400204295093138,0.0778259824971585,0.1072772518560561,0.1435171795311149,0.1324748271277565,0.1572778043657798,0.0623921511300799,0.1244155137584947,0.0957595646836255,0.0931083152853202,0.094981088512643,0.1278391912894877,0.1204319673749691,0.1424292959115581,0.114020257876446,0.0821999207950329,0.0599162892743593,0.1162546910860213,0.1275837016273654,0.09649607605027,0.0929442377820674,0.1261248953554662,0.1039342377137296,0.0994921093664172,0.0513834746309931,0.1319637199371434,0.0995566981217742,0.0955349091060622,0.1350815560852088,0.1024790291681517,0.115016710908765,0.1097911119350465,0.0874363225393221,0.1404419779157455,0.102019220564405,0.0946822173783034,0.1494718380295849,0.0825127778694065,0.1378555484087058,0.0773308121964259,0.120362882737934,0.1663938191747331,0.0436930967487265,0.0801778641102454,0.0817564916671494,0.0978265415849077,0.1117022041184869,0.1087002584465038,0.1925193604164522,0.1249619059921634,0.1383766824827011,0.1001919281831276,0.1104096360227764,0.0852279160018946,0.0745358575463616,0.0868094732669365,0.1113085789397533,0.1024746977720899,0.0575274674710897,0.0982075946727653,0.1314447359339811,0.1026292542121481,0.1097369933404013,0.1039756369129546,0.1167387115469474,0.071068445722845,0.0777970616323044,0.1018612547582998,0.0945188143646697,0.1074189015655197,0.0658804514641558,0.1661077416439956,0.1081663243389622,0.1727582515455993,0.0793482991321775,0.1314681488292234,0.0896641876889881,0.1012654216812608,0.119018903685735,0.0754791912190466,0.0963078713730552,0.1282720937064128,0.0835351147130266,0.129398882973244,0.1438878183856485,0.0941032837527301,0.147654199257412,0.1533241277097973,0.0684922157476228
0.0943906556185049,0.1077777229808562,0.1001472738324534,0.0652436118054059,0.0,0.1394437750202031,0.1756967451844421,0.0537537379448036,0.1001969351983743,0.1632480546274261,0.071204831099196,0.1264606358019299,0.0954932991876778,0.1193906144684814,0.127318917990116,0.1422110860066287,0.1561125550613866,0.0736801148724152,0.1069919018038008,0.0751214066507459,0.0951087356903772,0.1297756970730337,0.1237557306291328,0.110238578459334,0.1307928059655327,0.1192083557667271,0.102084512493359,0.0699863841037486,0.116818617024479,0.0954922794571514,0.0960719017091524,0.0748987608964715,0.1098686748836767,0.0962426257122974,0.1051875445564579,0.0546747080834561,0.1449833253252499,0.1021803375621228,0.0996972894550413,0.1302870625612192,0.0807899695284546,0.1121875591002831,0.1146430086199899,0.084978945931277,0.1463401153196629,0.1132105047670663,0.0857398470651659,0.1583990960883607,0.0886577841602145,0.1443108811616375,0.0889344820129447,0.0996887509267623,0.1530567662315708,0.0659296734747558,0.0898056238270819,0.0565105198551492,0.0971399747226284,0.0939949378066347,0.0967141724342749,0.1845247839870941,0.1338873024321493,0.1227401556854163,0.096691424849195,0.122987010217235,0.0962941265564916,0.0735808294147008,0.0748121887923688,0.1142856044176748,0.103497074253214,0.0672518961254089,0.0708476861586503,0.1340725469966176,0.1051464090584435,0.1178022090550323,0.1137736282402911,0.1026188283360783,0.0733530576897555,0.070990773512692,0.1063900060718734,0.0968812299252608,0.0985422266830815,0.0841133326119229,0.1585156909129506,0.0896538972812796,0.1672044733697993,0.0845633466997543,0.1358592915057772,0.0835890843623243,0.1040538427739471,0.0977744773966359,0.079577876810591,0.1145877251379087,0.10201760020054,0.0883129311216519,0.1333209245857028,0.1405067173075027,0.0732648163610928,0.134368461290343,0.1629223875992238,0.0720760872888218
0.1552106328831855,0.1044566446699809,0.1042104148310646,0.1363404670461216,0.1394437750202031,0.0,0.1156768510874424,0.1263865791112285,0.1359441365873968,0.0918871969301458,0.1305077920689496,0.1080152399119308,0.0877466785556504,0.1099443854672273,0.1769616807119655,0.070133011889358,0.1185618923771863,0.1000620354352817,0.090413490705691,0.1237720174801672,0.0862215879358826,0.0953295409715488,0.1347747030930782,0.0859983260750737,0.1599107756838854,0.1402310141982437,0.1165092372494811,0.1015598970237402,0.0647796475786542,0.1150751679875469,0.095541814872807,0.1126713146459884,0.0999136427169521,0.0769321898553049,0.0807679312807307,0.1167421590319774,0.0677848679567325,0.0713485609008951,0.0815251241946254,0.1446576669350469,0.1020312525227669,0.0732703168239257,0.0843374448065669,0.1096585276927435,0.0739733297122471,0.1062611582482454,0.1204203793899711,0.0954365777077009,0.089759371568975,0.1022027654365474,0.1599578238141626,0.1367949170091635,0.1857218477063986,0.1233293668381096,0.0893443663237309,0.1510485866076032,0.0834398081206354,0.1169378664621764,0.0802907672698302,0.081004880924153,0.1094147897067917,0.1162933715002632,0.111654476262624,0.0920697093339958,0.0940815940978201,0.0991488469580212,0.1144740136889577,0.1047655217405236,0.1313277747820903,0.1333554025100408,0.1354772513247637,0.1544705911951016,0.1026083910572359,0.0851646210451642,0.0704519489805107,0.1488863324356572,0.118840383145195,0.1472082351286358,0.1093434995711901,0.1042444332766335,0.0862073012597672,0.1273404158767784,0.1016084115617187,0.0961961611226682,0.0929780612922207,0.0879698707477026,0.0663519392960481,0.1115037570327269,0.071499298311372,0.1138579924061747,0.1076710701366547,0.1547933159405917,0.1490922859263869,0.1024884961001273,0.0790928147740397,0.1288825376153054,0.1292319206685037,0.1628139668088962,0.0753770957840797,0.1030984855929918
0.2005141045829625,0.1369755369735905,0.1035682555589955,0.1821713676511958,0.1756967451844421,0.1156768510874424,0.0,0.169927037904519,0.1541784295810571,0.0898552923642571,0.1793488945924689,0.089681630456902,0.1491347468317118,0.1612273930525118,0.1841672475905216,0.1110627080124982,0.0986642034885593,0.1479639906351368,0.1097547675349334,0.1435844282007781,0.1459507089825393,0.1666048488295193,0.1901379423615963,0.0986111063091567,0.1665103492146764,0.1404279289375558,0.1388647611819849,0.1549258815675969,0.1244641016020546,0.1181846335358498,0.1161850752741925,0.1480364769944963,0.1118657430324488,0.104916032716137,0.102522297369776,0.1679739621465158,0.12612219112493,0.1053139976826612,0.1207769307561641,0.1026364706318088,0.1355581588531969,0.1364647483589975,0.1165700425515305,0.1239174141418241,0.1184360168535862,0.1338653842055413,0.1551180655795671,0.0883201022686837,0.1301736473900233,0.081502801704123,0.222504561160231,0.1466002391955737,0.1807353711561561,0.1772472652470878,0.1387059808871894,0.1962696073364906,0.1238075230434116,0.1323572676314889,0.1273059732274708,0.0802401412061532,0.1203703589770317,0.099870831127943,0.1266862501740978,0.1058630680635013,0.1428156162564844,0.1370312487101418,0.1473408279605134,0.1412222922598147,0.1427856869920006,0.1788031659652573,0.1664044100383652,0.1383809784236519,0.1391113472301476,0.1280358238329082,0.1454577737903424,0.1487470276858203,0.1763338656976819,0.1919677098253152,0.1378525449929711,0.1068561831695862,0.1184219031723028,0.1559869301019457,0.1373674195629139,0.1155018712818019,0.0683457330056888,0.1234061613737036,0.1269072100039085,0.1387190385612635,0.111730930271981,0.1422896135614791,0.1750785423320576,0.193918089747636,0.1427834835798271,0.1399166887349987,0.1296590437320406,0.0993286182709851,0.1703580355991103,0.149718095659738,0.0861253143141864,0.1496794191322119
0.0919233559485108,0.0992299911485208,0.0990853095903439,0.0612157407416275,0.0537537379448036,0.1263865791112285,0.169927037904519,0.0,0.0895601251500874,0.1512884184612427,0.0657075715515943,0.1190116537995018,0.0792061637807363,0.1111264987142625,0.1412267309325628,0.120559661097075,0.1505992972479919,0.0599929028188096,0.1014284609888826,0.0810952180506889,0.0784443589375,0.1097658786755856,0.1179474924182088,0.0945267429930544,0.1361799355345958,0.11251952009752,0.089050545649361,0.059834555307546,0.1093086326265517,0.091451128237406,0.0791576973446279,0.0658154324805411,0.10405746475112,0.089763840834866,0.0940400429055052,0.048973158097566,0.1327884787902495,0.1034194149706153,0.1012710504367991,0.1416278166324664,0.083213147973452,0.0973737830122557,0.1105317145952321,0.0839942762454847,0.1248538092264644,0.0878677899402377,0.087192780004378,0.1395517192348072,0.0631050049878311,0.1320168580826193,0.0821045058743285,0.107457661384699,0.1641598845570779,0.0464663347614444,0.0766025405752221,0.0727454692092567,0.0819112893405761,0.0910264798670062,0.0835470789877554,0.1757068987445547,0.1172070752749648,0.1120737100469236,0.0962924078860369,0.1220316702566823,0.0778784064601228,0.0654627267508147,0.0681198153906849,0.1016736573128633,0.1040635695574276,0.0686408834632399,0.0819904231666634,0.1403253791957152,0.0987504245252408,0.0946624386108522,0.100412966092126,0.1145055210307496,0.0769450018565395,0.0741346335689749,0.0899678792104789,0.0944040011287376,0.0951984414689585,0.0895465338956053,0.1415124582495144,0.0832016572706404,0.1575827343524279,0.067110162587556,0.1188426980749766,0.0888623977457786,0.0950221416505154,0.1065381410580507,0.0734928401742068,0.1164388883017984,0.1165091965178786,0.0776788541779255,0.1136228192566871,0.1347634556292058,0.0755840563960287,0.1439377166833341,0.147253197594579,0.0535681532587058
0.0934255261229559,0.1388148961818239,0.1013097689178884,0.0809072854362577,0.1001969351983743,0.1359441365873968,0.1541784295810571,0.0895601251500874,0.0,0.1645162573204888,0.0925276187495846,0.1493728286126121,0.0891979355378723,0.1325397295709068,0.1391068173221552,0.1307098312170395,0.1620239476838917,0.0752925402716356,0.1367791113755562,0.1117132254172849,0.1103804529126955,0.117761762182549,0.1524689180937162,0.1116774023518619,0.131269967615407,0.1188217819887535,0.0815365449178832,0.0835113844919433,0.1259245160249535,0.1212362102338713,0.10241373924994,0.0938973882239125,0.1464612337017099,0.1106662001497691,0.107445660703802,0.07875931919891,0.1329293369574801,0.0978536240063691,0.1019427878344724,0.1448744070678327,0.1253891808758469,0.1224216864537016,0.1005475930781962,0.0925124797364362,0.132612462682025,0.1020605566254963,0.1190070063107401,0.1333007905430806,0.0770013260724598,0.1305194726382392,0.1281506999433022,0.1283004333178212,0.161176912747357,0.0823122902085684,0.0906385856048662,0.0921775951814508,0.1032683542285865,0.1106113355114036,0.1270677435521069,0.1833906523516582,0.1197451868337757,0.1394567851673029,0.1221397313238202,0.0890153892233375,0.0919901404374486,0.0930315202582436,0.1024237127531736,0.1425588913988432,0.1018869588387242,0.0848934287218736,0.0948536372009147,0.134472171344595,0.1136311484275211,0.1177463788025,0.1216120929771198,0.1245483642632361,0.0893168124672203,0.0889457315500821,0.1007104050890277,0.0807727709364349,0.1214340864678427,0.0732840677169398,0.1662365879990111,0.1238487916430994,0.1585031933314192,0.0924253611127823,0.1345447847572443,0.1043312915348471,0.1029420235525147,0.1294474019803339,0.1087878723923695,0.1057889876075952,0.1132283190035514,0.0857686538915855,0.1298696354736941,0.1199751020804403,0.1088940471347222,0.1407865019063613,0.1345811819853357,0.0804257875114276
0.1651949308115785,0.0862147356641805,0.0903076621076026,0.1645921943858828,0.1632480546274261,0.0918871969301458,0.0898552923642571,0.1512884184612427,0.1645162573204888,0.0,0.1580451640752894,0.0753573003004512,0.1177890614473909,0.1205580073160129,0.1781881634992129,0.0795182433018297,0.1040903088639511,0.1228357592791618,0.0761563053739592,0.1319762342094084,0.1130929495606547,0.1352631108091638,0.1443330651503668,0.0999758493179538,0.1637377542872282,0.1244178845893308,0.1533384270723991,0.1290432698222793,0.0827919254578474,0.115277228590869,0.1145071036643345,0.1187773099227354,0.1074786420794488,0.090550869792021,0.0875776985127512,0.1445884095526892,0.10253866570569,0.106335186369378,0.0959672514025558,0.1115406227722138,0.1110184004472969,0.1080889866351001,0.1048929536066664,0.1191563030081887,0.0981178231813175,0.1333386231343238,0.1175860258219979,0.0926905844706786,0.11813194032245,0.0904676399578645,0.1854465927736047,0.1373833662101854,0.1689606573389753,0.1510995000371967,0.1227103799462436,0.1776206575864078,0.0862535762197296,0.0937905716968206,0.1004296148542147,0.086253366507151,0.0977373908709031,0.0840582677333839,0.1169671796962774,0.1230461521349611,0.1233997243054369,0.118344716822425,0.1338914192142051,0.0966384567875135,0.1485842568784091,0.1641872275238578,0.1430133418024686,0.1447354661075537,0.1181068358603969,0.0796867465108949,0.1126410627105747,0.1437182433407125,0.1374306067315997,0.1659683835241589,0.1249734356525613,0.1360209620583297,0.0925473274529359,0.1563231923275611,0.0893756080098862,0.0961982803404792,0.0878425596344474,0.113032766820584,0.1001586900178246,0.1156291191491204,0.0844851997569766,0.1090501940960025,0.1387214993333097,0.1706856926077211,0.1371991767536646,0.1412410096987134,0.1084134798342813,0.1389393995948911,0.1359546783636956,0.1423158875597442,0.110547632023436,0.13155065645786
0.0820828448950931,0.1087958507556749,0.1093964963567745,0.076668045913272,0.071204831099196,0.1305077920689496,0.1793488945924689,0.0657075715515943,0.0925276187495846,0.1580451640752894,0.0,0.129381497578611,0.0816872614793784,0.109191175337717,0.1336856515042006,0.1366613135570195,0.1616200546559102,0.0681560878214804,0.1047807837052899,0.0866987638714016,0.1021134980955218,0.1032322369924366,0.1240376116263954,0.1102600739812734,0.1286676248794305,0.1212285558909785,0.1135732627473156,0.069509259028449,0.1136770386636113,0.0923335639136051,0.1077934586765011,0.0645647468573317,0.1117550937322283,0.0953560249642601,0.1190372859631826,0.0692206162086741,0.1376987219012966,0.1021684550858158,0.1021310092934278,0.1510368141331751,0.1018799611962304,0.1037814177006806,0.1132523589792693,0.0958224289849611,0.1403914433861296,0.1157363022985604,0.0894951052394484,0.1581168105150211,0.0852565551241999,0.1425787272376312,0.0805820289169293,0.1086368231817626,0.164102565558397,0.0621897930146683,0.0912759440267911,0.0649159687263697,0.095480308483878,0.0955470806960764,0.0995062812259027,0.1873723640009736,0.1374229815497533,0.1235665479519416,0.1063777934871104,0.1272318032612927,0.0967512257007262,0.0810830710561988,0.0648370281016069,0.1318035469304698,0.113967194871826,0.0638531082368717,0.0600458175913599,0.1492619067942213,0.089310268279237,0.1065150432320864,0.1094372324102344,0.1191191888908365,0.0618327018580239,0.0778248045804704,0.1063622802987319,0.1017023267038871,0.0910460208688425,0.0804589086014729,0.1635183215326517,0.0975416942796,0.1701329103707713,0.0985187693634467,0.1399732814288886,0.0924186225576817,0.103800500986903,0.0906166992686107,0.083728945096661,0.107360532553188,0.1098960901651149,0.107962174145832,0.1420779552928674,0.1487220061471631,0.0685701119976916,0.1405175961470448,0.1542857741768212,0.0591062380764584
0.1517024804098038,0.0974899047656292,0.0775200800312841,0.1400204295093138,0.1264606358019299,0.1080152399119308,0.089681630456902,0.1190116537995018,0.1493728286126121,0.0753573003004512,0.129381497578611,0.0,0.1116000602387992,0.1397283881840734,0.1402849298292071,0.10181404064095,0.0834172295745798,0.1174276848949645,0.0713438067646266,0.1019101394825026,0.1255348655508494,0.1403987279990775,0.16657059161689,0.0732041071101601,0.1238718787361844,0.0921701530742311,0.1368621647777568,0.1131244982602148,0.1081478124770971,0.1032661422831652,0.1017867530181786,0.0938533810397784,0.0827654070026631,0.0832771237080545,0.0884880798402734,0.1196003049388611,0.1100346627067272,0.0898962570701274,0.0838941562284337,0.087853447291064,0.0990151918431309,0.1153017327044271,0.1045632839198452,0.1036933150839774,0.1300510912040238,0.1351881408117347,0.0970160093425132,0.0944494571768665,0.102669330057953,0.0990596786457753,0.1711725131490803,0.0900106233377111,0.1365230675873829,0.1271881042105718,0.126843048285148,0.1437833596857284,0.0884376670806694,0.0876376642555726,0.0994225754185375,0.1012467870217122,0.1183370838238658,0.075703598052179,0.0852363438241605,0.1106402367195859,0.1219514708456875,0.0949157754935963,0.1042253027183906,0.1224003553028816,0.1164216254477418,0.1258141290971202,0.1208210274754876,0.1099869497222697,0.0851848844363799,0.0792101742650437,0.1255511512728852,0.1038611438518404,0.1324102465581136,0.1356155621548431,0.1310335802420661,0.1093168103580085,0.0689710995902641,0.1311718857677862,0.1284937994642929,0.0810198334479389,0.0811457974668028,0.0918137774911939,0.1243029307731775,0.0909651713462695,0.0895988720525741,0.104859409836053,0.143141036403124,0.1380388681557499,0.1152304438422357,0.1318043736878189,0.1298125946179961,0.1000869436209479,0.1156990936628085,0.114508068631565,0.1075335012397527,0.1053995386929603
0.0953096028275886,0.0981718100014254,0.0749732678249545,0.0778259824971585,0.0954932991876778,0.0877466785556504,0.1491347468317118,0.0792061637807363,0.0891979355378723,0.1177890614473909,0.0816872614793784,0.1116000602387992,0.0,0.0906604848371097,0.1368842392413031,0.0978687373763056,0.1364949572035362,0.0727197049250596,0.0872501765085113,0.0932336108636178,0.0847402460237513,0.0743465112026206,0.1059920855805356,0.1029365930933097,0.1250786386568392,0.1134501318164071,0.0796057856773022,0.0614715915139054,0.0802303831106845,0.097308543658853,0.0931181253284176,0.0827500048551545,0.1232874655134142,0.0724161896217576,0.0787659776755601,0.0704572144723327,0.0898824448299443,0.0931953969244784,0.0862796512521399,0.1208351863841785,0.0970998412347638,0.0763734489146183,0.0860701399146703,0.0771694902666122,0.1049043768830425,0.0871430766440051,0.0893382614246086,0.1151750765757994,0.0744013920707663,0.101793669889051,0.1085745961256567,0.1105188276781688,0.1516975919446205,0.0707425096247328,0.0802455073716361,0.0983873063785852,0.0594369692673405,0.0868737860116012,0.095391638537143,0.1448338577172961,0.1069615230246409,0.1166197140274235,0.1098368107588566,0.0969415436958384,0.0754262719433034,0.0774274617678818,0.0931001223422901,0.1016350057827473,0.1039170921471893,0.0816394958387406,0.0859549672505478,0.1307342566984339,0.0738411348734385,0.0788021876645872,0.0874029959158945,0.1151248895134139,0.0645335136779177,0.0879814609404014,0.0968201281557412,0.0983115569065337,0.0891782264775573,0.076564747430914,0.1299767329530052,0.0990836139217555,0.1304940336548289,0.07177808360312,0.0860553952647577,0.0704172964388601,0.0700978456779087,0.09775881630755,0.0805099685090974,0.0941913880995437,0.1109544830139782,0.0870247380287874,0.1055454211114625,0.1407789411686475,0.0920736161906704,0.130962713878889,0.1185691993634106,0.0681802229301387
0.1034082015372142,0.0848033844486933,0.1183585432454732,0.1072772518560561,0.1193906144684814,0.1099443854672273,0.1612273930525118,0.1111264987142625,0.1325397295709068,0.1205580073160129,0.109191175337717,0.1397283881840734,0.0906604848371097,0.0,0.1942746052652893,0.1064620001860931,0.1710743885945643,0.0836164385279886,0.1021688996184308,0.1417999524157497,0.0710331941721196,0.0988607841642904,0.0597658364506238,0.121243886622762,0.1904217795420195,0.1620749439154076,0.1091411149045777,0.0791956023218471,0.0838999449622779,0.1092819740321016,0.0826207797807189,0.1014341317851015,0.1139505182184098,0.0818096004801939,0.1079855940370042,0.0949541115019389,0.1334662998678905,0.1142922936089597,0.1017902972615989,0.1755245728621691,0.0863933266730056,0.0752381160899401,0.1050051888648876,0.1225802677962635,0.0862994059826879,0.1100212612698727,0.1016367168543648,0.1450973506813507,0.1155696804007354,0.1329608657691552,0.1084063745356689,0.162255801500452,0.2052234584881455,0.103121784794383,0.0764107237031823,0.1091920793676201,0.0943242935339835,0.0995307783206609,0.0811132920620019,0.1380004997013461,0.0864035213147417,0.1113442098367716,0.1431139375372976,0.1383202581718636,0.0846100767299244,0.0915330170267334,0.1138774764402656,0.0833890338323598,0.1650013628538972,0.121795646846426,0.104235316591327,0.1875880573750963,0.1093990030663617,0.0939777549265406,0.0749402664510261,0.1721268555669803,0.0871015581379845,0.1070492529337699,0.0651206738799647,0.1360331128307413,0.1019317791552835,0.135587174375335,0.0868928258715546,0.1031848603882268,0.1388795776280742,0.1111598199689079,0.1221336404217057,0.1252599399897876,0.0717008355418376,0.0930766937444655,0.0877337477853235,0.1593566081006649,0.1542049165118478,0.080416555856954,0.0826632418225962,0.1709823903904272,0.0882416315739666,0.1937676702932334,0.136610603115575,0.0923525452267919
0.1516980837914593,0.1641777264585289,0.1162995367489617,0.1435171795311149,0.127318917990116,0.1769616807119655,0.1841672475905216,0.1412267309325628,0.1391068173221552,0.1781881634992129,0.1336856515042006,0.1402849298292071,0.1368842392413031,0.1942746052652893,0.0,0.1875050747182958,0.1618743910899714,0.1522590966272984,0.1416264501474189,0.0983462406336548,0.1826754560413017,0.177819424946329,0.2220031670994754,0.1482058253306973,0.0832405490652302,0.0999535516957888,0.1726679323543968,0.1449034264218844,0.1714706933109436,0.1274978803627257,0.171795346602582,0.1314210071378447,0.1683876006623888,0.1490879099894698,0.1522793951600201,0.1431276621139998,0.1595032355741579,0.1355853399365695,0.1363319660397831,0.0962888014252654,0.1630909095107405,0.1712614026467326,0.1276580371339144,0.0960137483376404,0.2088402930712891,0.1874677810047404,0.1148303130600153,0.1872999045379163,0.1391137469238701,0.1558244013272711,0.1928167058664082,0.0784154893420245,0.0766465287366738,0.1516839705254007,0.168016551575855,0.1397003163810303,0.1353794758342533,0.1183640489233531,0.1664944579875257,0.2081714419446354,0.1914242113445661,0.151076045526755,0.1265428994505199,0.139274436975238,0.177369744453901,0.1436815736500216,0.1394229626572867,0.1891752961381629,0.081624420930576,0.1104922178459773,0.1154595673221658,0.085927429766344,0.1207194742698175,0.1543116585356725,0.1913577849341984,0.0602829111090149,0.1408966128890936,0.1210554935068595,0.1693333943285819,0.1161319008405225,0.1287588427625697,0.1056241156862335,0.2025299482643981,0.1558520855428009,0.1777097600347457,0.1328700545792202,0.1956346697499464,0.0850527030821125,0.1457804232222437,0.1348692687286772,0.1825856646750859,0.072029591691908,0.071142910090901,0.1773129130408455,0.2085489481593455,0.1418667199534017,0.1218744077531129,0.0752267397055565,0.1859294549751267,0.1352482656330948
0.1396558869802245,0.0818818001698377,0.0902061937926127,0.1324748271277565,0.1422110860066287,0.070133011889358,0.1110627080124982,0.120559661097075,0.1307098312170395,0.0795182433018297,0.1366613135570195,0.10181404064095,0.0978687373763056,0.1064620001860931,0.1875050747182958,0.0,0.1246334921782628,0.0970926628435602,0.0817884534587077,0.1271358323872669,0.0827866451968985,0.1028497839857283,0.1331949843286505,0.0973026055921582,0.1572717514480551,0.130063113875484,0.1046089120416101,0.10191730588177,0.0784116289603656,0.1162888032572853,0.0797891511557996,0.0944437982919589,0.1054646725567932,0.0809964311907561,0.0770546729867932,0.1185726232297976,0.0944908840168699,0.086511096163057,0.0791962107889785,0.1354499377854453,0.0957010877547488,0.0862381840666413,0.0794278407898108,0.1217313536524864,0.053968258025648,0.0927347338613951,0.1094467276943382,0.0713367967215117,0.0935262319993764,0.0746328686859718,0.1577245339928984,0.1409967456980566,0.1884640853584242,0.1208706823021846,0.0883887185435777,0.1512971692782818,0.0780658204582121,0.1027828562100951,0.0825487203007839,0.0935067375249993,0.0741681469385212,0.1140565264796649,0.1247159174804511,0.1019809421914629,0.0865793625914114,0.0905834261646047,0.1140590960115423,0.0947850598703493,0.1484808154856014,0.1410384824086711,0.13954657175941,0.1643669892893448,0.1108070781176847,0.0662610511302517,0.0747981034824452,0.1491208940866148,0.1215386618757575,0.1449347231111757,0.1044409307976973,0.1107124435508302,0.0975067661118264,0.139694035526389,0.0955956951375928,0.0846678759142866,0.0968886813927277,0.0890979564576161,0.0711690204676952,0.1177316089985219,0.0659009767512849,0.1173141575528565,0.1128374557086607,0.1598798926908927,0.1507042935691717,0.0952364779650608,0.0672633885522174,0.1396679875118108,0.1283769330870334,0.159469961254429,0.0860961778401051,0.1092343169594453
0.1862920027973882,0.1453335939488216,0.1147550889604957,0.1572778043657798,0.1561125550613866,0.1185618923771863,0.0986642034885593,0.1505992972479919,0.1620239476838917,0.1040903088639511,0.1616200546559102,0.0834172295745798,0.1364949572035362,0.1710743885945643,0.1618743910899714,0.1246334921782628,0.0,0.1370390957353872,0.1111320372963766,0.1252820747238471,0.1449856055304015,0.134822980958066,0.202877427991339,0.0926660594300078,0.1474535616131786,0.132988382694909,0.16062238321304,0.1446215258214135,0.115462841031025,0.1394279871527672,0.1335288176537875,0.1346691543114951,0.0982008164404609,0.1122292316647469,0.1011806675089165,0.1449194892719697,0.0948806042946529,0.0999935525543222,0.1139902507126304,0.1097145258456223,0.1307763214874399,0.1445327507148865,0.1177316396142659,0.1378997702927572,0.1418336803381663,0.1546763330900896,0.1550055906713821,0.1134041413849428,0.1227482066250313,0.1170019488620153,0.2078806410299818,0.1024145625600699,0.1693525635015442,0.153721049959268,0.1349233738989839,0.1859188528507571,0.1133969668802886,0.147640006990406,0.1211047880394586,0.1227535874063572,0.1428560267420597,0.1302572912288608,0.0907155464424245,0.0973767781465323,0.1428686343971884,0.1247838862242899,0.1204283871548673,0.1527085083025284,0.1144849242393017,0.1547497605644942,0.167904824945594,0.0901280989339484,0.1175794036031892,0.1207020355937212,0.1381442836833749,0.1252644560575869,0.1638938993755771,0.1772638282604283,0.1565356652964095,0.117209216238718,0.1049578720852623,0.1382212099626381,0.1641949746459668,0.1001612994074404,0.0922061465279917,0.1109217288517711,0.1275125826969532,0.128592126259798,0.1155964150436264,0.1386991937734782,0.1507855898848618,0.1676645001092911,0.1456277027194832,0.1584244324541365,0.1517613764334668,0.0925576646361032,0.1597212047142896,0.1401673248499106,0.1032087645259903,0.1277836978187015
0.0774945850810432,0.0816251377670518,0.0910923641386997,0.0623921511300799,0.0736801148724152,0.1000620354352817,0.1479639906351368,0.0599929028188096,0.0752925402716356,0.1228357592791618,0.0681560878214804,0.1174276848949645,0.0727197049250596,0.0836164385279886,0.1522590966272984,0.0970926628435602,0.1370390957353872,0.0,0.0872994385310347,0.0949273299553926,0.0607338262703315,0.0816535878572284,0.1057482687419685,0.0874650772102886,0.1439173260434096,0.1199057338148474,0.0934981517372682,0.0497419886963222,0.0775150870235516,0.0973362666386518,0.0767400793790815,0.0686931867279395,0.0924926758217121,0.0698034167274716,0.0799330057430176,0.0494923195285429,0.1059971041288746,0.0736275763483375,0.068723842872186,0.1415982709002397,0.0715128318031737,0.0802852708537564,0.0856540646801289,0.0881564053128553,0.1008823739920831,0.0832999904594301,0.0898481710778832,0.1292656806030518,0.0552249830569971,0.1179153426468088,0.0909191863274834,0.121193379352217,0.1723899664463852,0.0569904107732568,0.051361393025315,0.0895729406135132,0.0722343420855318,0.0858196471913906,0.0707880922694945,0.151239871584061,0.0955298600819392,0.108211965120955,0.0855743024937863,0.0903374299776511,0.055392065773488,0.0653392801196576,0.0624987230947841,0.1035700221660788,0.1067406658397413,0.0721597984379376,0.0851370154285486,0.1397970707187736,0.0880053078610839,0.0802657466229456,0.0684126763067689,0.1248422778844702,0.063899393388982,0.0882454577635215,0.0686471900969817,0.0801276631164581,0.0757414274631422,0.0770513356260961,0.120886936221441,0.0750363881727798,0.140109916491214,0.0727363235023005,0.1072481373376584,0.0910980914226929,0.0662666218057816,0.0860970157408138,0.0674912142358603,0.1190095393507232,0.1272557010666916,0.0723986482021921,0.0950426188446603,0.1222189542086969,0.0741166247651616,0.1571090455076776,0.1229389871153327,0.0513975917861599
0.1294791869582004,0.0530811509796449,0.0752742294884251,0.1244155137584947,0.1069919018038008,0.090413490705691,0.1097547675349334,0.1014284609888826,0.1367791113755562,0.0761563053739592,0.1047807837052899,0.0713438067646266,0.0872501765085113,0.1021688996184308,0.1416264501474189,0.0817884534587077,0.1111320372963766,0.0872994385310347,0.0,0.0988481411126058,0.0923555577316578,0.1174980306528981,0.1230771914467395,0.0800792924772472,0.1306876449143824,0.1042604751966622,0.137347704031031,0.0866856996949994,0.0702229026020495,0.0751929898621531,0.0830853986537832,0.0774810271251173,0.0724261407699188,0.0654602009551629,0.0808906359002204,0.1024221871123318,0.1048980634358411,0.078388555263913,0.0773052520378589,0.1104726832968841,0.0752095781897036,0.0840392242896276,0.0810625044042392,0.0939049988061538,0.0989175884694936,0.1201804251119098,0.0823640619791974,0.1023818120777453,0.0867352171663128,0.0979399590179072,0.1369296851567701,0.0950504298980182,0.1502988218722431,0.1095394212997628,0.0933977683836384,0.1192173493372551,0.0598529750170017,0.0691249999875267,0.0702274461544524,0.10284908158253,0.1003208838947828,0.0805288046890591,0.0898821394317026,0.1111917880016526,0.0997526789690058,0.0818948496975129,0.086798323290392,0.0921042587349301,0.1237027727687618,0.1133729298160112,0.0885208058305964,0.1366886993059106,0.0861973017872236,0.0628471728575019,0.0926978093753351,0.1049197024617719,0.0960374295813461,0.1195443545309497,0.0930234625869068,0.1084711955638144,0.0621343151417677,0.1251023060951706,0.1001172071809777,0.0697842976679828,0.0989261195011248,0.0957410333019365,0.1029848143102302,0.0845882066743111,0.0629340751079388,0.070293964384462,0.1025246538418734,0.1402017705760541,0.1024834243271772,0.1078770678014562,0.0895761151394707,0.1230080368967213,0.0854711691099495,0.1269049690546956,0.1172032796493519,0.0814249095262863
0.1298597018180597,0.1034482888909668,0.0861223253227394,0.0957595646836255,0.0751214066507459,0.1237720174801672,0.1435844282007781,0.0810952180506889,0.1117132254172849,0.1319762342094084,0.0866987638714016,0.1019101394825026,0.0932336108636178,0.1417999524157497,0.0983462406336548,0.1271358323872669,0.1252820747238471,0.0949273299553926,0.0988481411126058,0.0,0.1191384442562984,0.1392257824444125,0.1627211683681136,0.0956660845391973,0.1069880053369952,0.1001217809323051,0.1188590556187167,0.0903382867114018,0.1143722004286293,0.0830078361096378,0.110000231026748,0.0768483063641571,0.1082259239687787,0.092393429656199,0.0936660855033137,0.0825582275272903,0.1242201065676857,0.0937596174867574,0.1029569490675115,0.0999114123797583,0.0962791764379909,0.1052859141415574,0.1205377342188557,0.0716826435872333,0.1341382190944569,0.1109851853114403,0.0869050890530752,0.1429153427668411,0.084831521330854,0.12104310346582,0.1328209939329027,0.0783006749068987,0.1306939444144347,0.0917868329355179,0.1165178528176064,0.0942649642333298,0.0906117235652418,0.0978468189635065,0.1005427954435235,0.1538739262649802,0.1326809277135189,0.1071531212449409,0.0861689502023876,0.1207997512658846,0.1010113169566436,0.0967676318835846,0.0860667984790609,0.1296587450773851,0.0796790325255681,0.075069314932853,0.082863933848365,0.0982290394926751,0.1003817259478891,0.0986946730961233,0.123749025721379,0.0666704531794323,0.0923965752954608,0.0773792849785569,0.1167588231931929,0.0972974001064372,0.0889944374885403,0.0833110987534752,0.1497834442271972,0.0779387956706161,0.1381831301596956,0.0697007216493834,0.1314508402643353,0.0570730746831757,0.1018812388515959,0.1099926805911163,0.126768789078234,0.0978898626228162,0.0868306369483421,0.1212011062918787,0.1400629625511221,0.1309358958314321,0.0824466498955973,0.0938760271800729,0.1426668829349743,0.0892770050604966
0.1063843950979114,0.0802318058181978,0.1117109547097909,0.0931083152853202,0.0951087356903772,0.0862215879358826,0.1459507089825393,0.0784443589375,0.1103804529126955,0.1130929495606547,0.1021134980955218,0.1255348655508494,0.0847402460237513,0.0710331941721196,0.1826754560413017,0.0827866451968985,0.1449856055304015,0.0607338262703315,0.0923555577316578,0.1191384442562984,0.0,0.0885362734666803,0.0804241185019307,0.0903880448294909,0.1706977895800982,0.14736694054438,0.0907458890683925,0.0641460825452899,0.0753924082512087,0.1072381299285074,0.0695502974988489,0.0844741777197065,0.1027418370259165,0.0770232381341947,0.0789902047994252,0.0803427582672109,0.1034660139921218,0.0918890772423869,0.0895506696886901,0.1650067657643562,0.0799324630380272,0.0611711343114091,0.1003521216430689,0.1113051412915215,0.071994469581323,0.0751825724904541,0.1112224589789278,0.1184448804718391,0.0779734354752316,0.1232690036993845,0.0951473153789447,0.1502190578069651,0.2008570880878136,0.0791760005910912,0.0580693279759026,0.1091396256479913,0.0752726480444508,0.1070883723281002,0.0637811924824713,0.1353244611220335,0.0857519277759548,0.1182682860681812,0.1173582938894421,0.1151445561294583,0.0588008877970013,0.0761868263919001,0.0949646268440408,0.0797906047084822,0.1417473325786087,0.1147877338872451,0.1148089763532228,0.1706087850262405,0.1151764966832573,0.0760557659147032,0.0629362441857275,0.1567077453334091,0.0827951193160405,0.1083936865041462,0.0733236083981548,0.1065564538181771,0.0941014749352762,0.1198102989531939,0.095978587134712,0.0862997138924714,0.1319505694108952,0.0865878313670557,0.0860331815226369,0.123541729542898,0.0722649324640287,0.1018409612209282,0.0681937475077651,0.1565294266192944,0.1550956333057335,0.0592462761956218,0.0644580134715941,0.1413676267034606,0.0990654950557732,0.1829326011508132,0.1128237271030161,0.0818049825602786
