0,1,2,3,4,5,6,7,8,9,10,11,12,13,14,15,16,17,18,19,20,21,22,23,24,25,26,27,28,29,30,31,32,33,34,35,36,37,38,39,40,41,42,43,44,45,46,47,48,49,50,51,52,53,54,55,56,57,58,59,60,61,62,63,64,65,66,67,68,69,70,71,72,73,74,75,76,77,78,79,80,81,82,83,84,85,86,87,88,89,90,91,92,93,94,95,96,97,98,99
0.0,0.1725604801216195,0.1457506201563285,0.1285948512944194,0.1398849601385822,0.1071574542537948,0.1085707122035075,0.10203205212243,0.1319473484193922,0.0956300674775063,0.1810393980788014,0.0878004385650829,0.1125383055212487,0.0775721023550205,0.0848428635042205,0.1277314402117267,0.1341458854113869,0.1230966488376985,0.1187076837909308,0.1190379814095188,0.1751219234126511,0.0904735275889055,0.1855713141539727,0.0834552033098084,0.1318116006095838,0.1349313094072832,0.1863989412612821,0.1105929394086921,0.1648893065563895,0.0820460206630545,0.0642555251451281,0.1381050655039294,0.1995194574222918,0.0964099199929764,0.1724182354934493,0.1124293505943157,0.0911866477358543,0.1070054143737419,0.148584929217615,0.0911914360206363,0.190041656920429,0.1260366526134179,0.1250056290463457,0.1504838766378684,0.1677962981432542,0.1506475056671827,0.1741649224976216,0.18802492684437,0.1459231005234125,0.1035772880430606,0.0799336230482661,0.1516043459793492,0.1206532860393511,0.1779639818734095,0.1056976269626739,0.1128023170796049,0.1274458838007361,0.1376030431554869,0.0900469098950723,0.1027848100524911,0.1061609231520367,0.0887442364379944,0.1133321076840043,0.0742211935865411,0.0980424612577138,0.0687862491249071,0.1234206284287378,0.106299510730151,0.1590765179980168,0.1549658893726708,0.1131009739911213,0.1285137503883512,0.1854826090092536,0.1695576068933079,0.1236187553655718,0.1431327925687228,0.1088227286400615,0.082158972038341,0.0797123238016299,0.1074338852245048,0.1234010636634015,0.1503507504000708,0.2291808197644742,0.1417624248731525,0.1332292221332118,0.1713543430174985,0.0924739902529935,0.1006620351475468,0.1458727294318592,0.1283836263816132,0.1787347733090394,0.1357326218220559,0.0982396402935237,0.1118683505398389,0.1069053188869438,0.1052108297180903,0.1383847333491853,0.1078389607428347,0.1662890770164541,0.130940975308833
0.1725604801216195,0.0,0.0763659795071141,0.1726033686357566,0.0603400874439026,0.1150424408853763,0.0810205023318539,0.1201723482250854,0.1075331670453262,0.1132202530640296,0.0754834641940946,0.1360900730798257,0.1229574934446188,0.1265833430509842,0.1705896182348119,0.0551314158861237,0.1215881693274692,0.0872834846974395,0.1451654096899086,0.0729236194745087,0.0942860634971871,0.135551113349887,0.0827662622334861,0.1595098709256271,0.0753244260017496,0.1058195089267453,0.0501013566965153,0.1086022379966231,0.0897856935220509,0.1051715115706084,0.1340169026387968,0.0697105978539035,0.0616948095943551,0.1039757317518787,0.0619850389002908,0.1078461748732591,0.1418239155136861,0.1253803075742271,0.1115250269997085,0.1058692611383042,0.0618700552732588,0.1381846159607443,0.1218650513100067,0.0812979561742832,0.0627402498474033,0.1147915553400786,0.0833536553139889,0.0763214029199313,0.0690982387305322,0.1004388449382927,0.1165899010415087,0.0577511550333948,0.0707204293100793,0.0598489875079356,0.0862578778636694,0.0936783267217385,0.0980693878811507,0.1242880176271881,0.1267781309071559,0.1013557442598501,0.1907048460947285,0.1705773261310411,0.0981248637626748,0.1487305793024063,0.0977019328824027,0.1507727674381047,0.0769903364591306,0.1138686758843537,0.0825975467556489,0.0888095984806141,0.0852641638961826,0.0761453988136011,0.081545916713675,0.1061152030093423,0.1193209697123984,0.1032536959056128,0.1234426815000592,0.1554443231254413,0.1551528455325362,0.1066197165149988,0.0786746896678692,0.0657971271659814,0.0818369412931682,0.0935800969659468,0.0846568874682311,0.0655275089070007,0.1194408763281735,0.10188449493537,0.1090920559780811,0.0925705588694228,0.077977217815879,0.0906159284620797,0.08903009845745,0.1103942771154923,0.0862098995998574,0.0959197648392996,0.0854138301963387,0.0985411724996604,0.1110258706473666,0.1299802804454753
0.1457506201563285,0.0763659795071141,0.0,0.1356481604655292,0.0672044955761331,0.09548716891414,0.0981654201347368,0.0886401916688052,0.1166104124803302,0.0824807779459687,0.0809660135121097,0.1006690478111034,0.0895450559717409,0.0973489358505598,0.1341618695670801,0.0769140009899753,0.0783258455643829,0.107328298380799,0.1148488914717098,0.0842268939856647,0.093659640373286,0.1255696086025068,0.081468641245027,0.1477621414541883,0.0890887058538579,0.1044420986020901,0.0833095634297353,0.1084647661778314,0.0964029210711957,0.0907571185486056,0.1169691265430187,0.0709222469157904,0.1077784274875226,0.0923530807462568,0.0980603165931721,0.1143500722714368,0.1318308024459832,0.1379757922516301,0.0888661604013868,0.0981126291376813,0.075399605258964,0.1178785188790599,0.0921511420921084,0.0702141493233308,0.0936803953101375,0.1195782252300408,0.0817574352363436,0.1126076109452535,0.0884388127218984,0.0923993522107981,0.0970977444115232,0.068091841117107,0.0802603551822724,0.0823231333452693,0.0675747275058805,0.1043408835460283,0.0841208201318695,0.1302412514046176,0.1169871971348108,0.0924012295262938,0.1493989635282323,0.1314049578208256,0.0943008490013003,0.1317915660137361,0.0858148226150661,0.126638149608565,0.0858466721858429,0.0909492137436846,0.1072505251994681,0.0868188060925013,0.0937752601777828,0.0874275038284489,0.1123339318963191,0.0743170461739165,0.0798716464785775,0.0699801408921465,0.1130516120232754,0.1183941795200223,0.1431844477343857,0.0946491169479241,0.1015791293649222,0.0795934042331865,0.1137814225127942,0.0815868313362633,0.0672923959853192,0.0985433454082912,0.1080992248715013,0.083151339658782,0.1159074479121662,0.1130014594784873,0.10861799311007,0.0944126585452093,0.0693303173732615,0.1062542897083127,0.0818540815200137,0.0797712394596341,0.1040029775453126,0.111897948578212,0.1217689505125773,0.1347965337841012
0.1285948512944194,0.1726033686357566,0.1356481604655292,0.0,0.1402011945452183,0.0960093661223072,0.1357911232168617,0.0822270922883846,0.0940009701967161,0.1022921622184653,0.13443114100775,0.0670984291918047,0.0836009430496826,0.1089901610454883,0.0836068634427622,0.1491963350813457,0.1088576456026832,0.1205348614613263,0.0564615291836206,0.1524785272403238,0.187795250772079,0.1453522100562001,0.1616188422443107,0.1750373204773468,0.1194706244640579,0.1823238876254181,0.1844424198462853,0.1782957175499739,0.1122939559115159,0.1267625609133501,0.1188494167030629,0.1433136101614536,0.2031617193005072,0.0939166614823254,0.183698295217818,0.0997483543285415,0.0966265880529419,0.1066476937033012,0.1012241767306354,0.1195416549177366,0.1630011068301676,0.0567041638887402,0.1288302187680287,0.1434958599339755,0.1922071345793368,0.0953545776991174,0.1809832134362949,0.208619183161977,0.1767602160396421,0.1455379858877299,0.1124175160875745,0.1495005866029856,0.138279552300692,0.1808876575583585,0.130963902900307,0.1559464338118364,0.1530346673970449,0.2051590665486995,0.0818033512965503,0.1349586946728235,0.0721007533332648,0.1300057772046761,0.1262709579425167,0.1493568096919959,0.1230031523346234,0.1249029496202731,0.1274783886306663,0.0790020019974366,0.1404584478600643,0.1296784664168014,0.1429687744128986,0.1808885777420814,0.1921347044776705,0.1201683652823356,0.1005173515318025,0.0901536470056411,0.0908423837639263,0.0721079405649442,0.0897247586266633,0.108259325709973,0.138569715143857,0.1400114437421957,0.2109242854091946,0.1033653198109574,0.1256713816982437,0.1870544485767126,0.108547198720318,0.1003609500512176,0.1907077718215952,0.1319578380394019,0.1915036458130397,0.1159649599715174,0.1090771106181828,0.1356946852918911,0.1098634453290707,0.1006092852727367,0.1880624164008045,0.1492939489163838,0.2185157196635411,0.1891470550369627
0.1398849601385822,0.0603400874439026,0.0672044955761331,0.1402011945452183,0.0,0.086504978480001,0.0682547041096411,0.0969015503724102,0.1036593971333208,0.0836460228720702,0.0807395618572874,0.1027853577299364,0.1002620861535367,0.0857901579767517,0.1358330386078738,0.0574508428869887,0.0928809845260868,0.0719102160789919,0.1188620511806655,0.0684471228386002,0.0905851832678133,0.1171976216498824,0.0779538684163105,0.1275644538978039,0.0624558606053992,0.0964396025510308,0.0787081622041869,0.1013065893835073,0.0867476464834801,0.0760355993398888,0.0967032407612872,0.0524868023986182,0.0818578501052441,0.075967596936099,0.0632689638528463,0.091356634535102,0.1146823935104966,0.1133546673629033,0.0883991614964602,0.0774053192291659,0.0740212994301972,0.1120284724193864,0.1040424177433612,0.0684383539633953,0.0671799111788555,0.0946464864439805,0.0970499527299657,0.09102153319616,0.0553793725783995,0.0816416813623291,0.0921022941241322,0.0641083103495837,0.0575208403053458,0.0641943347104432,0.0531287936103074,0.0803483877772795,0.0784661795837061,0.1029665786213217,0.0974007966828077,0.0609707344039769,0.1571787735695672,0.1348645048478813,0.0656217623495451,0.1295322476980523,0.0819027865882328,0.1195436978620002,0.0733266612879433,0.0869516240245311,0.086851330153693,0.0744792098783475,0.0662786306449353,0.0678219995635487,0.0912040642494974,0.089659434327237,0.0923050887156342,0.0822867200245537,0.0909288260089689,0.120587051470794,0.1281616578281748,0.0766707933298913,0.0606697556369186,0.064995707698988,0.1036445572739712,0.0738218925662129,0.0611008370495493,0.0738999046416694,0.0806163458030867,0.0776534573233333,0.08931320216656,0.0847001522011644,0.0806884410919655,0.0849872844588247,0.0603419479351194,0.0796132190755536,0.069059399829386,0.0615457714223429,0.0851568580671552,0.0857651910511261,0.1024877397850888,0.1168309366640009
0.1071574542537948,0.1150424408853763,0.09548716891414,0.0960093661223072,0.086504978480001,0.0,0.0819121000051992,0.0523249253900206,0.0823755890871204,0.0688962782047501,0.0979197429121486,0.0649011417977403,0.0777633216820559,0.0736558953534321,0.0823452569686762,0.0848931801420051,0.1024857387275236,0.0674405366421165,0.079997484936385,0.0885544975265418,0.1334867801369718,0.1175056392541079,0.132534482624313,0.1332417198041793,0.0771362681403338,0.1155430422228987,0.1364681064032493,0.1218196521631243,0.0853396116161927,0.0772915166094652,0.0856553085881626,0.0833635639452592,0.141873577380184,0.0676791277396562,0.1215308687485038,0.0784299092574839,0.0565200110124592,0.0760672320162579,0.0880042377852214,0.0811878264727548,0.1141559718012049,0.0832885727913744,0.117670099958726,0.1006378969509445,0.1287303653803145,0.0859330193347331,0.120189693791672,0.1578824921928002,0.1084844284678182,0.1041243882558236,0.0730185228225619,0.0992699665278362,0.0669252465590684,0.1191514451805491,0.0871716921091574,0.0895573302302959,0.1153884269924194,0.1387740040217104,0.0650033210196138,0.0828065203288779,0.1147154142819706,0.1144951309287842,0.071104848986588,0.1266933338817384,0.0766867704715965,0.0903338218954488,0.0984012698485315,0.0746174027034085,0.0908479318363056,0.1006415881679355,0.0854899386381712,0.1205644933503014,0.1399837068359137,0.1179736543749273,0.0972224034301155,0.0819725254169361,0.0547602112244826,0.0722632704735412,0.0770319053995489,0.0868246184183438,0.0757948574414784,0.0809926767385265,0.1610205821987137,0.0626350655051099,0.0738079325430513,0.1269790566306877,0.0686900588808117,0.0613957104142665,0.1355096363484145,0.0975137740665216,0.1292986511870745,0.0925240133142631,0.064107137521785,0.0782739565485071,0.0616292880386553,0.0568609575454774,0.1335945150079446,0.1017255679355829,0.1539252495337023,0.1377885991601903
0.1085707122035075,0.0810205023318539,0.0981654201347368,0.1357911232168617,0.0682547041096411,0.0819121000051992,0.0,0.0953603345170687,0.0866685786816105,0.0795703317921847,0.1023897360662501,0.0951392880889272,0.099689167964051,0.0758447592499801,0.1157432037435781,0.0609620144190669,0.113518041206452,0.0521401355403065,0.1150451708306134,0.0703465399319761,0.1213632252971607,0.0984071738680794,0.1124246858214679,0.1072806522067379,0.0673854270289938,0.1036658373209848,0.1018793241307677,0.1018664747843547,0.101613229643146,0.0716606988710418,0.0825703494665083,0.0688113493368045,0.1071903438820486,0.0737974900931954,0.0987191881788986,0.0799258132371599,0.0918234326370382,0.0791421740116825,0.0992240283621982,0.0756703123678497,0.1099342186558358,0.1083459956053541,0.1146065345554234,0.0883115422593967,0.0961577742960443,0.0900412484518708,0.1242375175604403,0.1107695292654848,0.0741034020645844,0.0738456715572708,0.0745383359549261,0.0843141109880367,0.0526805945261302,0.099023755031331,0.075682743773271,0.0740984605355062,0.0957010253676634,0.1185415692920942,0.0877024735813096,0.0647885347410936,0.1448793297714419,0.1281666459116629,0.0736305849153964,0.122751642049377,0.0688437418421013,0.0930786091642328,0.0823875700237394,0.0804747283934326,0.0888122158861909,0.0995489528640838,0.0514750123511317,0.0845732215975842,0.0992573955494473,0.1162774882169823,0.1019783052750615,0.1060659639389312,0.0820415519116478,0.1096045812589042,0.1028811439866655,0.0767499211111781,0.0531926095829456,0.0813880043992682,0.1395694557781063,0.0876113232501998,0.0708937796502412,0.0936774675943407,0.0739462757082342,0.0743093750334172,0.0960335162424454,0.0733626274880126,0.1060787379693764,0.0839708297552501,0.0663118029504938,0.075466241191852,0.0672532181288496,0.0657540845136513,0.0847326036914636,0.0678405397234013,0.1138650204498792,0.0998539886025338
0.10203205212243,0.1201723482250854,0.0886401916688052,0.0822270922883846,0.0969015503724102,0.0523249253900206,0.0953603345170687,0.0,0.0705475133827302,0.0555424820723734,0.0923332918944815,0.0526659283378288,0.0743474569120721,0.0790379752035951,0.0755861192159191,0.0990847242224662,0.0806628491136217,0.0835657801807863,0.0635373044024595,0.1081220783762409,0.136825984461366,0.1102813694474397,0.126164002552789,0.1348947569744291,0.0842212354987125,0.1261628450835191,0.1323243886632152,0.1282372390542925,0.0826288332901163,0.0757353559508928,0.0880544512347176,0.0913957755353578,0.1558937703510643,0.0593727321803806,0.135771556108749,0.0785009357119849,0.0735985456899964,0.0806261603686621,0.0719008767878199,0.076744511820133,0.1153355864836627,0.0725271833526118,0.1017287241120707,0.1041224025416402,0.1411415444902276,0.1020000199624945,0.1270321413988289,0.1593769547502789,0.12734311706922,0.1062418126443522,0.0752006837210196,0.1020910559384116,0.0808320337485352,0.1305559034820414,0.0862611171735159,0.1000849221128623,0.1027336868902605,0.1524711466105355,0.0570531851293495,0.0946828087670995,0.1019003257427821,0.1015123070910184,0.0772476918060283,0.1092645591421194,0.0659252431404481,0.0900896344025099,0.0958623469830592,0.066881811401521,0.1054002636094502,0.0999962472423179,0.0988644257553603,0.1268286989334916,0.1482781863986151,0.1007054343371532,0.0753075546478551,0.0710314026239386,0.0565195200642376,0.059187790881866,0.0763378276875606,0.0736261027413236,0.0962924927844535,0.0909043794010414,0.1683845507455664,0.0613443882471191,0.0831763913210014,0.1379582129254153,0.0848470761949618,0.0549623257867834,0.1550622640699198,0.1067134107404658,0.1480616132932111,0.0695423140496402,0.0639473516231984,0.0862421543230444,0.064189860978579,0.0579686604517371,0.1412720937581958,0.1056867270930247,0.1742546793513505,0.1516305422352358
0.1319473484193922,0.1075331670453262,0.1166104124803302,0.0940009701967161,0.1036593971333208,0.0823755890871204,0.0866685786816105,0.0705475133827302,0.0,0.0854067181908661,0.0895922518727868,0.0804946439012593,0.0791774067833536,0.1072351096037329,0.1084558212814184,0.0935338027798396,0.0914324632559144,0.0758172007484325,0.0748506930881698,0.1055198794919878,0.1375729916885735,0.1252886620999307,0.1143920531766526,0.1724949695091297,0.0696505446279109,0.1710868280321939,0.1200581208024653,0.160589018968259,0.0784139160623624,0.1162673466955597,0.1192730803520372,0.1034493384716511,0.1330794197340617,0.0863000867166716,0.1193126183434147,0.0551736334575074,0.1000128359057999,0.0864026593570983,0.0702979296263971,0.1070946680527158,0.1068064458031653,0.055669291053709,0.1071593005435124,0.1131345346272789,0.1268605108677262,0.0815151449143044,0.1482277296466429,0.1349670983972002,0.1277504547071404,0.1020897106602628,0.103097027876744,0.1108404989748423,0.0865866899129505,0.1322866945367407,0.1094933954972436,0.121670896462914,0.1044950204683218,0.182975254294348,0.0743747087530734,0.1271381727548317,0.1149582200884525,0.134386174209691,0.1149060715628611,0.1422639865924334,0.0789450554758091,0.1199641480151106,0.0907990822976176,0.0638499025164317,0.0870278901910019,0.083435643325284,0.1058767385034492,0.1362933034382807,0.1243762065924173,0.1071849257757325,0.0924355378664955,0.0823261889591834,0.0861923882356195,0.0891152481559343,0.1019123171999112,0.0832997349405184,0.0869946322676875,0.0973513805110542,0.1576395045562281,0.0735658290016863,0.0924682296542422,0.1158345473877861,0.1045681375820342,0.0788984677862292,0.1538602148008404,0.0811131461538176,0.1398326556815648,0.0651301037424205,0.0978304287591531,0.1241772056667616,0.0780636283964033,0.0814634680360075,0.1300446471992427,0.1131597424022724,0.1852954963978204,0.1640997475793162
0.0956300674775063,0.1132202530640296,0.0824807779459687,0.1022921622184653,0.0836460228720702,0.0688962782047501,0.0795703317921847,0.0555424820723734,0.0854067181908661,0.0,0.0988443964232415,0.0581784704423361,0.0768982993409659,0.0645266605130196,0.0816220093539706,0.0888607634242107,0.0807614782813068,0.0905534967697713,0.0800238006807873,0.0987269920339805,0.1215699326645882,0.0989563063696912,0.1175873147535049,0.1225247387926219,0.0856978252588555,0.1054745407000253,0.1250086291352317,0.1113143220246531,0.08670969310292,0.0627856361251751,0.0788689935417162,0.072785082720896,0.1472590621635444,0.0640232044776608,0.1235230312308613,0.0912489465466812,0.094158298559362,0.0986880719471089,0.0872606885712489,0.0772376975055627,0.1126099802595038,0.0830723996562724,0.0923066737750555,0.0754573757759089,0.1327048562523102,0.1066427937743789,0.1143568348192347,0.1476108623278965,0.1056125501149408,0.1023587937284773,0.0672618589677416,0.0899052618203345,0.0777765611924788,0.1188720789886964,0.0705199457063887,0.0897373296730283,0.0860920119929702,0.1312944242148118,0.0801025993347175,0.0854866784301174,0.1040492534308503,0.0936416505307346,0.0807462740349346,0.1054277321592913,0.0590732289087652,0.0783591762823686,0.0949473739160694,0.0676718981255111,0.1005785315483479,0.0997690540721378,0.0902131302020272,0.1124815549050464,0.1374021408013262,0.102537865311623,0.0649159950467535,0.0720132053916335,0.0763381187077061,0.0738007856002584,0.0854164548636957,0.071566535904249,0.0885483189430756,0.0843789367019162,0.1617923476474986,0.0742093600126543,0.07303901318285,0.1280391087671304,0.0888537376048527,0.054614891637095,0.147735450614478,0.106268327724649,0.1375427713637448,0.0757722230591649,0.0584892378586934,0.0892748764930119,0.0723960286686036,0.0650314862076692,0.1241811420719287,0.1034428920694758,0.1614441980241126,0.1397171079132771
0.1810393980788014,0.0754834641940946,0.0809660135121097,0.13443114100775,0.0807395618572874,0.0979197429121486,0.1023897360662501,0.0923332918944815,0.0895922518727868,0.0988443964232415,0.0,0.1140179702409011,0.0952612852601359,0.1261495345831169,0.1507162501069802,0.0868608028046667,0.0779609124962309,0.0893301095856115,0.1109912941323357,0.1102258635893475,0.0942279800237865,0.1478632070856654,0.0729150803702475,0.1909269156943176,0.0707618247272781,0.1354759912056732,0.074358287715145,0.1601981555643526,0.0633623358354786,0.1158362931267875,0.1472377978660359,0.0793225856084551,0.1072957835954491,0.0956524011414575,0.0954935009247557,0.0964985039100365,0.1381994254803398,0.1219070140074752,0.0663937580674455,0.1302666460338541,0.0630323312836237,0.108834222109666,0.0890396055573889,0.0749813285761951,0.0996920275342401,0.0982226979135945,0.0992122456913807,0.1085213747089967,0.095442803891639,0.1291342591362904,0.1211472689382218,0.0657512226487892,0.0820439615959018,0.0821947933808816,0.1002294175913546,0.1325359777027063,0.0940804163046353,0.1694205601813043,0.1116674119743053,0.1237794945768166,0.1648712862362223,0.1564549680553851,0.1103190197098626,0.1793165334433616,0.1041849872972479,0.1538451872726646,0.0928132904230782,0.0952870610505459,0.0715691168370455,0.067294409828352,0.1050453206481937,0.1077674544687131,0.098314299952017,0.071964572616632,0.0855499342105636,0.0669978266775058,0.0952487821575452,0.1291773398952856,0.1408919561182945,0.094028203916141,0.0963166718019332,0.0749671553146066,0.0967767408979461,0.060267665451863,0.0707195238911224,0.0954126513943288,0.1232423146256181,0.0978767813628196,0.1532601792106023,0.1109324903124161,0.0966596822681876,0.0654932485702578,0.0928638537590061,0.12634482631437,0.0913879760350621,0.0885053359991193,0.1238956875488687,0.1316040858091118,0.1636385898676024,0.1752933630590762
0.0878004385650829,0.1360900730798257,0.1006690478111034,0.0670984291918047,0.1027853577299364,0.0649011417977403,0.0951392880889272,0.0526659283378288,0.0804946439012593,0.0581784704423361,0.1140179702409011,0.0,0.0698358184984734,0.072941172704304,0.0652713386153712,0.1087780765157204,0.073925188124638,0.0947007367289615,0.0515652166773462,0.1133183961582626,0.1431053035240907,0.1081279247915159,0.1365227897371737,0.1300737550504775,0.0923777949942822,0.1275694479731738,0.1542205275017335,0.1250551741928433,0.0952565883050212,0.0712719283570856,0.0746834948213921,0.1017133329042746,0.1692757864720293,0.063897276260126,0.1464527386451818,0.0856923537376894,0.0786392310785433,0.0958012175826382,0.0898320248802849,0.084744654088783,0.13372276502462,0.0695424462426027,0.0936796823410316,0.0984613873507781,0.1529752375101843,0.0975564279185939,0.1360559756511143,0.1722530365727101,0.1325401953700925,0.1121815836575341,0.0731534884512031,0.104059390683423,0.098290473261587,0.1396205530886961,0.0881203038573173,0.1104729401611609,0.1103495809987549,0.1521107349186176,0.0671034410475989,0.0922626359546179,0.0763636404974304,0.0840771634323855,0.0876074155017112,0.1141105886969901,0.0864115385242256,0.0880458960832109,0.1039430584194718,0.0565045466886738,0.112996649625771,0.1043755396886161,0.10198972466492,0.1291574480506234,0.163459790710001,0.1114175145595705,0.0646316729877471,0.0739374596789494,0.066530132948962,0.0525780193217209,0.0713986008743257,0.0767905495396171,0.1055636762902514,0.1035301123560312,0.1845054631296875,0.0855182652109667,0.0865953109634214,0.1483076781859772,0.0808691550247472,0.0628014293137652,0.1601748283018343,0.1137355388530841,0.1584108919385989,0.0921601462342306,0.0613094324820641,0.1021755070862326,0.0787866822670834,0.0642231366590193,0.1445714052565129,0.1154326228077008,0.1747542100629677,0.1540337933483127
0.1125383055212487,0.1229574934446188,0.0895450559717409,0.0836009430496826,0.1002620861535367,0.0777633216820559,0.099689167964051,0.0743474569120721,0.0791774067833536,0.0768982993409659,0.0952612852601359,0.0698358184984734,0.0,0.0800605955753294,0.0991213130649614,0.1037896666529895,0.0701478292282508,0.0956787164642785,0.0644895774624479,0.107367249614809,0.1345520280138611,0.1095716113905179,0.1196019763889744,0.1516676962242665,0.0873770778088327,0.144770526916617,0.1381094449596661,0.1438319594318262,0.0946599986505448,0.0970038201678578,0.1020205596870217,0.1056880760299529,0.1609701346578675,0.0780652120679731,0.1396417203302808,0.0700715982790308,0.0960751232775747,0.1070935902950706,0.0718973229858886,0.0981518213998985,0.1196913010530533,0.0662175647455419,0.0805484802627,0.0935339660583347,0.1441655464273382,0.0951862301040972,0.1306787701773519,0.1601103126544162,0.1275406232285278,0.1108812067810176,0.0796729802892688,0.1010144342910116,0.0950751851627699,0.131578976508694,0.090436392998531,0.1296676280875359,0.0937461181424578,0.1684765496074417,0.0775589711064983,0.111343692360891,0.0909118648149315,0.1180235265891834,0.1026224616128295,0.1305874433315596,0.0774355496323141,0.1088631871231211,0.0758679412636323,0.0566657717243688,0.1034770240042289,0.0868154949176479,0.1021263404561996,0.1280877058490527,0.1538328447421956,0.0918019721920555,0.0663447793215699,0.0602176058005311,0.0823453836162961,0.0768140068544206,0.0884339567429679,0.0755803785284014,0.1028257595848947,0.1033867578260866,0.1684346153973578,0.0776482615167423,0.0801974686421472,0.1411018950646512,0.0895817385707922,0.06250654617678,0.1538937248005006,0.1042997743677791,0.1496997491940687,0.0841457387712598,0.0814142951278623,0.1171660812847774,0.0633941149216299,0.0715832266253622,0.13658091173348,0.1177884729022726,0.1775062985129851,0.1621112352520898
0.0775721023550205,0.1265833430509842,0.0973489358505598,0.1089901610454883,0.0857901579767517,0.0736558953534321,0.0758447592499801,0.0790379752035951,0.1072351096037329,0.0645266605130196,0.1261495345831169,0.072941172704304,0.0800605955753294,0.0,0.0914280707746482,0.0880313119945057,0.0996022272127201,0.0978501224688216,0.098733698552777,0.0842701830901975,0.1300740584180299,0.074388282221852,0.1339912494537643,0.0883954880796969,0.0858241515681456,0.1049637351097552,0.1430045852169989,0.0873242960855407,0.1237649384794886,0.0675843886281981,0.0649617657698389,0.0959973756664448,0.1504854643998017,0.0766346513085771,0.1308091447687935,0.0826334547382862,0.0859955831929992,0.0963219287175048,0.1052350320129175,0.0631012465625912,0.1333362884513336,0.1062857978778876,0.0999545848459199,0.1011438344489131,0.1309009278950876,0.106241416392938,0.1325961474446362,0.1525148724215643,0.1013699605865857,0.0809216158032544,0.0568447835845994,0.1072989493199524,0.0804362523042178,0.1301721219087379,0.0758665853650831,0.0897594800615851,0.0867005499891033,0.1177539838435103,0.0795437998650698,0.0679319653800904,0.1035724617015728,0.0976333454461313,0.0799537921700069,0.0931118002200113,0.0774970404886903,0.0796790827203847,0.0788794495485953,0.0728611576344576,0.1199468445991283,0.1141734711216149,0.0842776194012104,0.1049068539221548,0.1483640080915349,0.1170127531451887,0.0901933326821404,0.0947877327559961,0.0747393492577401,0.0800840540998838,0.0839158596093167,0.0741314504949534,0.0905387292403548,0.1072621986056589,0.1810111890641877,0.0898438475791726,0.0781217711679588,0.133314969524711,0.065420553551813,0.0742393358554496,0.1178152988739436,0.092586481931728,0.140441457992108,0.1080084155629881,0.0648805878969573,0.0794259426506108,0.0684076481075823,0.0637836997722199,0.1046838937078144,0.0890292310686479,0.1368836594401564,0.1079663774983666
0.0848428635042205,0.1705896182348119,0.1341618695670801,0.0836068634427622,0.1358330386078738,0.0823452569686762,0.1157432037435781,0.0755861192159191,0.1084558212814184,0.0816220093539706,0.1507162501069802,0.0652713386153712,0.0991213130649614,0.0914280707746482,0.0,0.1329256326452157,0.1218390182909072,0.1158009888496537,0.0777509794986786,0.1392904992392334,0.1792096462708337,0.128770424426554,0.1799827412213476,0.1447054555356126,0.1215240118921273,0.1358636820616065,0.1890371272306961,0.1351025085464276,0.1285677483599994,0.0901830285520118,0.0868023497433008,0.1281045515569226,0.2013246406721409,0.0915164553276107,0.175957373763707,0.1214986143943214,0.0787777727192043,0.1018460040620667,0.1221445426995769,0.10297985207813,0.1721971896826191,0.0899575033073987,0.1377548675844677,0.1406792801196237,0.1843248651792261,0.1287849208787437,0.163643524187004,0.2049486237373932,0.1487999907881478,0.1340170165697085,0.0936514469494151,0.147729410694986,0.1156829055562111,0.1715878309961859,0.1183718776409061,0.1166077372118316,0.1391242116211012,0.1601764801090709,0.0779303054364919,0.1162442677539979,0.0791517602194738,0.1088346534742515,0.1111827109498581,0.1009449968060582,0.0958351762145023,0.0720909883575208,0.1437253741931243,0.0985610133630273,0.1410839536387771,0.145627302538822,0.1288522135515439,0.1563478932748495,0.1918914040082855,0.1539032069316893,0.111302294596589,0.1114007016887444,0.0917223796362403,0.0614301478372139,0.0766177616859488,0.1192246312572486,0.1209928965162275,0.1328542267088981,0.2164890735044079,0.1194230197567114,0.1164905154092655,0.178998893496641,0.0964381839237489,0.0897131955312934,0.1808079145240104,0.1467452769290406,0.1836842344574888,0.1231344828029719,0.0947006019356659,0.114233679618458,0.1071198616415331,0.1032486566652621,0.1732311753894878,0.1402153036300731,0.1904778825567044,0.1647612929298501
0.1277314402117267,0.0551314158861237,0.0769140009899753,0.1491963350813457,0.0574508428869887,0.0848931801420051,0.0609620144190669,0.0990847242224662,0.0935338027798396,0.0888607634242107,0.0868608028046667,0.1087780765157204,0.1037896666529895,0.0880313119945057,0.1329256326452157,0.0,0.1189859359809392,0.073728609567271,0.126974620795411,0.0572995212627697,0.0993365106417684,0.1036684842020161,0.0973042236398298,0.1251675709818472,0.0570827514154172,0.0983472878577406,0.0757442998337634,0.0961138853978526,0.09588875483804,0.083108226602807,0.1038338706515458,0.0606091507773713,0.0828499528339176,0.0868257443822405,0.076098505072115,0.0825854132726312,0.1034257665747185,0.1008781619586424,0.1100541661560147,0.0798020773589273,0.0811943473134783,0.1204942677494503,0.1136827551870134,0.0800795471816222,0.0694636321549235,0.1067783130426928,0.0882008955117157,0.0961183921119649,0.061185449415679,0.0865239281476289,0.0875158190980208,0.0606046853722533,0.0483345893145169,0.0771957972319603,0.0744303871883978,0.0688151587154377,0.079532355717431,0.104012186588366,0.0994852701459943,0.0790927894812736,0.1568075077931375,0.1482295320651757,0.0831721979000622,0.1208569858452964,0.0754633835374241,0.1104533380692588,0.0587620798140917,0.098501581960953,0.0903653134602707,0.0936346130357538,0.0632296101099709,0.0693707250997362,0.0914151479275651,0.112875337571312,0.1111087797866531,0.0883942949652297,0.0949980517402231,0.1259102307196702,0.1188107304109135,0.0825416501056725,0.0633870110331326,0.0666375063016484,0.1162938011131652,0.0820995753608542,0.0658362450689152,0.0743981901421834,0.094456685138193,0.0767992954201371,0.0950483661119984,0.0822205525091259,0.0885322874672822,0.0823539339641853,0.0707543663151553,0.083252032351345,0.0645233476901988,0.0738942530717133,0.074796151843838,0.0742779879952382,0.1005449190487155,0.1047891630526772
0.1341458854113869,0.1215881693274692,0.0783258455643829,0.1088576456026832,0.0928809845260868,0.1024857387275236,0.113518041206452,0.0806628491136217,0.0914324632559144,0.0807614782813068,0.0779609124962309,0.073925188124638,0.0701478292282508,0.0996022272127201,0.1218390182909072,0.1189859359809392,0.0,0.1112291053276695,0.0855149176986962,0.1146590857520725,0.1079269472134957,0.1245724418085547,0.1005930493210173,0.1585000334383575,0.0942980619131579,0.1446061590742512,0.1131953826542275,0.1480208451847361,0.0984170245944836,0.1050582386403992,0.1084898290285944,0.102488313885748,0.1480870608676319,0.0815656761773372,0.1254906270656504,0.1003046886445078,0.1301594132087369,0.1311069596527898,0.0659274919466589,0.1141043283968326,0.1050653527544238,0.0911053010375788,0.0702588508876855,0.076857370172347,0.1275085450593491,0.1190369503972576,0.1181521209429,0.1357759741376126,0.1201140815266153,0.1123700646894383,0.097888479099859,0.0941890373088641,0.1034852710988057,0.1145333461088884,0.089022845356479,0.1391853743775684,0.0796374710969378,0.1669741249787492,0.1024892015475994,0.1105805922608046,0.1207933179549091,0.1052777496253723,0.1070593203293858,0.1546824281371954,0.088796213214142,0.1274998518504157,0.1032778644479922,0.0672467319305175,0.1012490294461552,0.0719631414306484,0.1096501430337514,0.1154564638317499,0.134926099616357,0.0701953062895127,0.0438688626774625,0.0732356673621855,0.1039074930871372,0.1004972052580039,0.1189986666582668,0.079714499157543,0.1080804043022374,0.105835649093874,0.1400037710595323,0.0912148831614439,0.0786989791305875,0.1225830959486335,0.10786778394109,0.0878356118579823,0.1501514508419516,0.1158426017868018,0.1266591628765215,0.0714181788681976,0.080078511846616,0.130875936680041,0.0866063021304605,0.0766975915918332,0.129308762814834,0.1369943368597826,0.1694363486265677,0.1656254278771946
0.1230966488376985,0.0872834846974395,0.107328298380799,0.1205348614613263,0.0719102160789919,0.0674405366421165,0.0521401355403065,0.0835657801807863,0.0758172007484325,0.0905534967697713,0.0893301095856115,0.0947007367289615,0.0956787164642785,0.0978501224688216,0.1158009888496537,0.073728609567271,0.1112291053276695,0.0,0.1011157820360105,0.0825046647846185,0.1353492008484423,0.1240625462188893,0.1137894680624005,0.13634823736191,0.0710396985072516,0.1227559306602335,0.1004836767187082,0.1229744930587821,0.0804121963542262,0.0858327957503014,0.0935181991478427,0.070379065126812,0.1058793512924169,0.0740975694289183,0.1040069159541295,0.077670496201365,0.0841761682239993,0.0751299851593884,0.0863101338300146,0.0820584095244558,0.1027098506453576,0.0939248495251409,0.1330513216524193,0.1016571269350042,0.1036031194426737,0.0793301106789911,0.134655237489906,0.1223662002116678,0.093777949399245,0.0927760135300087,0.0854310478475663,0.0915096975201734,0.0553262901045951,0.0997854855733553,0.0899066121867516,0.0902753295264103,0.1177138527054146,0.1397623324400601,0.0812506229096875,0.080436567204414,0.1470488409303945,0.1398161405614735,0.0676725253740689,0.1440607698878484,0.073418989819092,0.1092289198327572,0.0957703865594671,0.0786221883318633,0.085988771282492,0.1028130576324889,0.0590422313155797,0.1005576701140955,0.101221627391136,0.1220760239269039,0.1088475593256357,0.1039596431979637,0.0644992169867108,0.09716814726469,0.1034985230936963,0.0837014853534831,0.0570936395289372,0.0834832211778119,0.1337524146309271,0.068071438133231,0.0863832219296809,0.0987414056568917,0.0799424554191973,0.0758632243034596,0.1147260303263526,0.0836543152651115,0.1048881314973942,0.078308755206074,0.0759747293816017,0.0793947203259409,0.0700600225321283,0.0591843480185286,0.1080397877177137,0.0893585913336993,0.1320257438006136,0.1290477352864976
0.1187076837909308,0.1451654096899086,0.1148488914717098,0.0564615291836206,0.1188620511806655,0.079997484936385,0.1150451708306134,0.0635373044024595,0.0748506930881698,0.0800238006807873,0.1109912941323357,0.0515652166773462,0.0644895774624479,0.098733698552777,0.0777509794986786,0.126974620795411,0.0855149176986962,0.1011157820360105,0.0,0.1344611454295559,0.1590375112834449,0.13794651061097,0.1357923336587498,0.1682371665745791,0.101364968330622,0.1611543787150346,0.1558462548756525,0.158015387688463,0.0892287329767055,0.0969588494463205,0.1076597661776623,0.1169668332811701,0.1783899236054688,0.0717545546876193,0.1602497006901646,0.0822683393311524,0.0893054725001694,0.099340184520646,0.0750387835809322,0.1051524861205909,0.1369994745863706,0.042157539729062,0.1053769509841051,0.113699693967983,0.1668156206714082,0.0897524214676497,0.1547046073299435,0.184572009889905,0.1556608197717597,0.1261172007959966,0.0953381608124961,0.1216793781800009,0.1188932801810004,0.1520083288345655,0.1029066901464043,0.1411877789034589,0.1244690018791325,0.1859999175846483,0.0648171348443027,0.1213857960660586,0.0775910729948006,0.110742857855987,0.1045789046535852,0.1367983115893704,0.0985273514181673,0.1149284252711907,0.1109387605368954,0.0590702668522684,0.117357117287255,0.1060551339658416,0.1255339454629508,0.1556618649440641,0.1684586167572159,0.1105281075788884,0.073998782804056,0.0743792632445733,0.0763263253068937,0.059342875840409,0.0790674630611183,0.0850691246011908,0.1178635840509577,0.1113964631624126,0.1851557867703713,0.0826502063993815,0.1052724149495169,0.1631200684770403,0.0905473843429593,0.076393656596783,0.1789160655305283,0.1191552373706059,0.1701839368883508,0.0947538564006756,0.0868109818824356,0.123188081125491,0.0892417612896893,0.0797723718631817,0.1639161476389156,0.1349801497691866,0.2040551654744695,0.1755274020305413
0.1190379814095188,0.0729236194745087,0.0842268939856647,0.1524785272403238,0.0684471228386002,0.0885544975265418,0.0703465399319761,0.1081220783762409,0.1055198794919878,0.0987269920339805,0.1102258635893475,0.1133183961582626,0.107367249614809,0.0842701830901975,0.1392904992392334,0.0572995212627697,0.1146590857520725,0.0825046647846185,0.1344611454295559,0.0,0.1045692053051207,0.0848419694410179,0.1123035070736887,0.1176127775772783,0.0755566375683478,0.1058003338575753,0.0984792496297705,0.0883557685061171,0.1195936773742015,0.0808779016181763,0.093488738378914,0.0799030558186868,0.0953240071381992,0.0958092918039982,0.0829412129009704,0.0974017206484007,0.1029819451618527,0.0992235838385958,0.1202492542752984,0.0829681459906348,0.0976649578365878,0.1299140377793698,0.1159263190343933,0.0919947467357621,0.0783239580774647,0.1166148016104542,0.1036086375832767,0.0957043994889556,0.0730737375347815,0.0799751292693161,0.092488869903595,0.0808235034951515,0.0645456817684453,0.0874936432119339,0.0741197439684347,0.069621344347214,0.0857079262643112,0.1055543678163767,0.1045061368247646,0.0692289470527857,0.164470678087824,0.1458226967089779,0.0822690289228271,0.1155841023780625,0.0779458141365017,0.1093151276743364,0.0667171064087674,0.1023778188082968,0.1025065420028794,0.098053061761176,0.0594579917417383,0.0757972781390249,0.1083487493906212,0.1210714022162341,0.1161858171567797,0.0968096185728833,0.0957613459607856,0.1289350743713225,0.1238714687432551,0.0919740296130403,0.0722731686397923,0.0894244256738313,0.1338857835448287,0.0896781545827572,0.0774387247173765,0.087208201950344,0.0779998799206769,0.0818859797975087,0.0702225876123713,0.0771915491459665,0.0957043014585715,0.1029445703361054,0.0770608212438417,0.0845381328368496,0.0744243663044923,0.0784843471857808,0.0683493994097153,0.0662216818125542,0.0994169924962317,0.0873713480943138
0.1751219234126511,0.0942860634971871,0.093659640373286,0.187795250772079,0.0905851832678133,0.1334867801369718,0.1213632252971607,0.136825984461366,0.1375729916885735,0.1215699326645882,0.0942279800237865,0.1431053035240907,0.1345520280138611,0.1300740584180299,0.1792096462708337,0.0993365106417684,0.1079269472134957,0.1353492008484423,0.1590375112834449,0.1045692053051207,0.0,0.1473891089308593,0.0899666875477824,0.1718328212267043,0.0952791735455764,0.1329946811677647,0.0872503955901161,0.1320747145962519,0.126950768867585,0.1195671670655982,0.1378046794930641,0.0983729908200962,0.1095691461913294,0.1237126842196576,0.0898908581014577,0.1278770340300791,0.1634931295683138,0.1652301824011438,0.1188682586760545,0.1409522413508945,0.0908820356953236,0.153508128220674,0.1072560752952638,0.0879990232958263,0.0819455948294948,0.1455047273503995,0.094819245438522,0.0794304559683888,0.0793261789846788,0.1170665868677423,0.1387270235749367,0.0810484809871369,0.1041940796234473,0.0787379893485198,0.0965695622858499,0.1340563997500922,0.0750966168079897,0.1461343366692029,0.1421817942847771,0.1175232381036833,0.1995062343431405,0.162187986128101,0.1297753938122281,0.1772428495294634,0.1271768847239966,0.1537261977106002,0.1038902682963767,0.1300111331260375,0.0987895571465389,0.0811532442936218,0.1179953724454743,0.0816527254457146,0.1140597056579173,0.1161802546643483,0.1194515254584715,0.1131943414366666,0.1383448328697559,0.16376658336122,0.1678443924230072,0.1193863622137198,0.1159789899407674,0.1054958892070163,0.1068703764862014,0.1149260287500298,0.0880799813817479,0.0660154206327217,0.1278668130010207,0.1246164224412072,0.1280604989976952,0.1274097979630029,0.0896630375754134,0.1131765134685525,0.1050082179436289,0.1414811554698445,0.1168964877160237,0.1136700286811242,0.1006743900403183,0.1403884548197271,0.1290569054371539,0.1464965838472814
