0,1,2,3,4,5,6,7,8,9,10,11,12,13,14,15,16,17,18,19,20,21,22,23,24,25,26,27,28,29,30,31,32,33,34,35,36,37,38,39,40,41,42,43,44,45,46,47,48,49,50,51,52,53,54,55,56,57,58,59,60,61,62,63,64,65,66,67,68,69,70,71,72,73,74,75,76,77,78,79,80,81,82,83,84,85,86,87,88,89,90,91,92,93,94,95,96,97,98,99
0.0,0.1167243835168199,0.0793260791898431,0.1075314068945259,0.1570142858571667,0.1272417492849293,0.0671847844968789,0.1111995181776728,0.1913854343411385,0.0868068465616654,0.1233573593311638,0.108394746632085,0.1061711971106478,0.1819224123407262,0.1402104982404555,0.1091350932249736,0.0928918694169915,0.1622998098006608,0.1110405438752872,0.1241000406150009,0.087597731693753,0.07142989994076,0.1124010105763539,0.1027973920260505,0.0731003091714839,0.0790912356376268,0.1524950521824358,0.0880520443442011,0.0569418673616248,0.0945672492287562,0.0867109730245515,0.116547292659498,0.1150464085360086,0.1379876401962106,0.1161500859306808,0.1274627197782744,0.09160704459819,0.0774951007131988,0.0820076627104604,0.1461726955449089,0.0947001344367807,0.1636532753680333,0.0808160591051485,0.0835295107033995,0.1561906183607318,0.083010851648458,0.1309710954035921,0.0849775107893811,0.0536413494369169,0.0710197319107524,0.0780762869338633,0.1187650855056724,0.0826618859891556,0.1001441520136004,0.1493217932235967,0.1334153377923197,0.0922820443648331,0.1700764244934438,0.1182815008207885,0.1045817193841413,0.0582715764129916,0.0803469994963917,0.1234633072143206,0.1425179809518927,0.104016415674583,0.1127185820455297,0.0660289910617825,0.1264836399822896,0.141805518054715,0.1757086410151558,0.0850906229421967,0.1063252413743394,0.1275537807671654,0.1103548933802298,0.1146508626307119,0.1645536196835276,0.0979047889949568,0.1568408093450375,0.1219306791917915,0.1317408371069645,0.1214222434030531,0.0954953430555456,0.1916756433803423,0.0965302441650945,0.0759818964618185,0.1521294587497245,0.0836425626058286,0.0895241310545548,0.1355246649093135,0.1215372912754017,0.1094233777448765,0.0606832164858068,0.1164373084836985,0.1523886875196034,0.0924429852560399,0.0761091104956543,0.1010184883421045,0.0741940703786449,0.066123443654632,0.0848470678633353
0.1167243835168199,0.0,0.0713880227094343,0.0657701178675566,0.1012811213472711,0.0655283213171139,0.1147644573372149,0.0727305989447852,0.1145314111837262,0.1265594200348316,0.073802633471928,0.0781266360124519,0.1099672397752267,0.1113460827348278,0.0798066251542781,0.0515624350182623,0.0858952252700313,0.0886090152310976,0.0792446143070614,0.0574658878619749,0.1151669404391217,0.0665419483546635,0.0776835979767088,0.0657637062324304,0.0898783317820764,0.1101691480281511,0.0898391422437977,0.0892647866885607,0.126602751441543,0.0669753990726143,0.0971638960245077,0.0950663966244459,0.0644000570086049,0.075149449158436,0.0770948104218357,0.0777108784961611,0.0865233921308219,0.0876151068686227,0.0917102052304289,0.133461151130481,0.0733183805621964,0.0865449527159151,0.0487427580057155,0.0942022471548267,0.1082499929663879,0.074633399023246,0.0671965426570868,0.0708486124526258,0.1409475278250625,0.0868936285252246,0.0948504554656734,0.0640236588144551,0.0917471124861908,0.0932451907174141,0.0823007084097218,0.0756127053206465,0.0737534037601161,0.0982781013260153,0.0717883830138058,0.0643237291090647,0.1130128671065082,0.0996095947767789,0.0664628372133752,0.0971953558646133,0.0639970487256223,0.1068840097338193,0.1060762291163109,0.0759931912541866,0.0777033061256832,0.0817718374333941,0.0979871865073528,0.0629653610142614,0.1278747082264339,0.1125421334732255,0.0656988032577066,0.1075542912509781,0.0934960250456371,0.075527718358207,0.0735173887004921,0.0518778640906907,0.0529933339231396,0.059661365343137,0.1526510100261899,0.0568923442437368,0.1108621649301824,0.0842037735648827,0.113920902249294,0.0897967224747837,0.0736609764030469,0.0592927672057849,0.0877834268230431,0.1103162793728353,0.1382106544707769,0.092308428237926,0.0741757385570313,0.0899680391262637,0.0704501429386305,0.1122136891776189,0.1119200420859984,0.0774769150880238
0.0793260791898431,0.0713880227094343,0.0,0.1003936297695177,0.0986191886340629,0.0960186614404286,0.0931027533034425,0.1077896946676852,0.1478730536427684,0.1287712397461078,0.0936371737109973,0.0748462972541628,0.1018733575134062,0.1235670514320768,0.107736396975739,0.0737845346838554,0.0668522608159567,0.1139147060104508,0.0985097680231162,0.087584564257372,0.1225672424000199,0.0575521392197999,0.0782292810450898,0.0883354309845258,0.0790265485468405,0.0814030384205801,0.1043861897546159,0.1107639694705153,0.0854110605817544,0.051456691737519,0.0772530094717885,0.1054371096609185,0.0707167542940529,0.1044394806451255,0.1018076105189536,0.1075873065770703,0.0480058298045583,0.0727525079717149,0.106792193098256,0.1561779484768707,0.0872343066119579,0.102931021206807,0.0638958473137415,0.0487955051918517,0.137722197692424,0.049009647840625,0.0744252148535135,0.0704570719178311,0.0990237261921436,0.0659782196645293,0.0910633685096964,0.0589703445005796,0.0924791019385656,0.1046443819586061,0.0983940209310211,0.0954040812745178,0.0526617788657191,0.1337593547240544,0.083245312716386,0.0721546811921576,0.0793758155277366,0.094539014704927,0.0910063177979263,0.100053649266533,0.0709895277753836,0.1003977195463833,0.0844243714476972,0.0869701785549213,0.0852761106727899,0.117102773766311,0.1093185799075471,0.0834966285937046,0.1444948158408241,0.1384134432350092,0.0742167709314785,0.1140745794237438,0.0695270443690726,0.1036562813888019,0.0725538704312525,0.0814521242423296,0.0700507021115551,0.0696211925463259,0.1829563445502205,0.0873853003452141,0.0683767422797022,0.1158934184969923,0.078898240977346,0.0896877125322119,0.1019264012157441,0.0657612093730565,0.0638426089708285,0.102983721127527,0.1505968025805871,0.1006293659684791,0.0512531134084527,0.0554271656160988,0.0530780725465044,0.094230215039746,0.0692827866540985,0.0582017726949244
0.1075314068945259,0.0657701178675566,0.1003936297695177,0.0,0.121837182536104,0.0674801730028424,0.1020040456686444,0.0764384129252843,0.1203878699342402,0.1029481547792847,0.0715598645454315,0.0781717645159631,0.1218543778855026,0.1356266449205909,0.0803428351249034,0.071894343937959,0.0913713164818332,0.1033305065713113,0.0881623235799558,0.0695671508933662,0.0877067477192337,0.0769764295906402,0.0921647323474347,0.0706033477542778,0.0892677518901655,0.1014313472998933,0.1084450848874525,0.0746055178404781,0.1127838898389035,0.0839560635334802,0.0981213129001782,0.0857857384992428,0.0969261882523286,0.0939253839200418,0.0972784165058978,0.0755337163834431,0.1175793687678525,0.072569883654065,0.0715521118575864,0.1183374130911877,0.0770000213592167,0.1276006393694371,0.0707551774008435,0.116660875983551,0.1051801744881386,0.0960565460609429,0.102297586590417,0.0758361067344135,0.135732299804803,0.095372269078995,0.0834046341027616,0.1015451485429416,0.0955732361394556,0.0930102512402482,0.1061048798764529,0.0853204865016424,0.1016043736042215,0.1129612267655147,0.077626774958605,0.0841779113698593,0.1011664295549696,0.0976857089701084,0.0789192902703452,0.1057281007887327,0.0706554299794624,0.1130736968447385,0.1105774209452518,0.1004068348299655,0.1068407060568799,0.1161055758191357,0.0819641244999349,0.0732462464817519,0.1165012689897811,0.0923143662762279,0.0840620470758902,0.1227843365634341,0.0978173137465353,0.0888249890218912,0.1058843221344397,0.0678927298779078,0.0752665081437999,0.0699151554236683,0.1515900029387633,0.0487794392682277,0.1145511551489513,0.1052275605487013,0.1254028189405465,0.0748726070386217,0.0995814515165227,0.0953236029361737,0.1221119561327173,0.0921816544946097,0.1193555541743116,0.122493175612698,0.0957251011790716,0.103711842998489,0.0962055011735384,0.1130898530007371,0.1087407707191568,0.088409871142537
0.1570142858571667,0.1012811213472711,0.0986191886340629,0.121837182536104,0.0,0.1048029667395282,0.1528901132389409,0.1644930021917006,0.102847185821247,0.1876025064207206,0.0872616248883995,0.0865269775992633,0.1450068783286604,0.0639262050660536,0.1076210970170319,0.096802052057417,0.0765893944316721,0.0764705435221718,0.1417841148355853,0.1084608749623952,0.1894172582017452,0.1135809996268337,0.0914892936223379,0.120374281795149,0.1594728352730725,0.1237993522980976,0.0778389293613942,0.155621187145034,0.1537589054939421,0.0877791364857792,0.1378823905574716,0.125929847420682,0.0993581081717338,0.0991463443025439,0.1047397435837029,0.1021393028256509,0.0998079186187275,0.1274442232747492,0.1434262153402536,0.1816815924141343,0.1340719171620265,0.0616053758829974,0.1122345448991009,0.1045463246671313,0.136294974825541,0.1094740902456246,0.0688493843207321,0.1114395978490994,0.1939039730196811,0.1148274189588624,0.1611376714986482,0.0725931944469786,0.1221946561606554,0.1178974679452232,0.0692225303879995,0.0889186400378236,0.091975429869869,0.1208678972443826,0.114498328356153,0.1150756036676324,0.1590773165597181,0.1665128547324038,0.0892447840505131,0.0756359681973195,0.0844065590143441,0.0923663872978243,0.1541711002824445,0.081679945278635,0.072868453098753,0.0781635344999719,0.1616314247510207,0.1068356266686703,0.1724325343435666,0.1765240916437161,0.1027820611272055,0.0805229593319784,0.0887315717032337,0.0801488217962536,0.0661852559383606,0.0837580032674314,0.0965485449591836,0.0848090083540859,0.1735882016335664,0.1204238132073242,0.1231227782681233,0.1291116082345125,0.1267427299112867,0.1042154267563755,0.0838314082746284,0.0647026356175437,0.0778214105802446,0.1705132180639499,0.1721943964083623,0.0766052225310094,0.0851437609420315,0.107353261686561,0.0817155117632674,0.1639507686009102,0.1165436552171041,0.0973947977719904
0.1272417492849293,0.0655283213171139,0.0960186614404286,0.0674801730028424,0.1048029667395282,0.0,0.1136846335944436,0.0805381829088454,0.0837431142537093,0.1225335898724408,0.0580688047197922,0.0639852183438622,0.0971552942318761,0.1049323811126019,0.0611520384917127,0.0672365419835709,0.0785551044286932,0.081625039580662,0.0672720733901008,0.0507385669025728,0.106819659456493,0.0812593110761071,0.0744906795444075,0.0549833203453375,0.0980026984869559,0.1175034182893404,0.0814888851704157,0.088769743186964,0.118192013520803,0.0798603477378722,0.0985158006058984,0.0780754169991457,0.0765200895124452,0.0580468816890136,0.0709365656194032,0.0598773157761959,0.1115801169033318,0.0849356052597627,0.0943193716820159,0.1061333469663591,0.0702466052212271,0.1041541397342356,0.0772798754039006,0.1035170643701394,0.093668987931097,0.1041422989798314,0.0851699515237782,0.0681954021674481,0.1544065256850358,0.1083229960511923,0.1109055062468887,0.0905943573788238,0.0904134042075349,0.0759155820464455,0.0797831387169526,0.0703045930820992,0.1066563629857289,0.0738324535987722,0.0588819541399373,0.0759326614076768,0.1135573581563491,0.1109222342894804,0.0541661560447205,0.077630071277255,0.058922771126072,0.0922640274711569,0.1329316506664664,0.066755228655061,0.0879570656924301,0.1047803023678106,0.0872197460638031,0.0530146135743764,0.1110394276806043,0.1019022879243005,0.0607904667702599,0.1038092793030265,0.0861477661537162,0.075834855786058,0.0818198752915398,0.0539252415404671,0.0660105622307427,0.0671546989738175,0.131160447475879,0.0606598594815269,0.1031946026717818,0.0728671552075215,0.1370127629476894,0.0967602976579636,0.0706071472085458,0.0749945442477691,0.1095235284588465,0.110754880208996,0.1220877511161131,0.0881135204513101,0.0919363058765934,0.1115458807718763,0.0753345544338253,0.1078459020463977,0.1061059327697923,0.0945357265850335
0.0671847844968789,0.1147644573372149,0.0931027533034425,0.1020040456686444,0.1528901132389409,0.1136846335944436,0.0,0.1073523706219568,0.1722666677023481,0.062382093994759,0.1056635075245847,0.0933685140350979,0.0970986812215545,0.1634006562996852,0.1101199252765524,0.106337324813281,0.0916771381199391,0.1437462138543038,0.0938262348156078,0.1129189410308258,0.0785485792738475,0.0854209576838611,0.0888798067252619,0.0762383739804366,0.0804733061748599,0.0785925013365282,0.1473342901630439,0.0782251420864454,0.0494848408160108,0.0957000423978401,0.0677055885378817,0.0807414074187998,0.1163966776815376,0.1193390745109096,0.1024450498497461,0.1051239889461342,0.1116416482989758,0.0607662358089876,0.0714861635031099,0.1137118733169774,0.0866508382174859,0.1543475618374395,0.0858954508693283,0.0999249851791728,0.1338489111013877,0.1067252263364842,0.1253165681072579,0.0772263573866266,0.0817382761570108,0.0866022351304287,0.0895548448433619,0.1171575249067022,0.0676424110983362,0.0719310689153422,0.1424490344835477,0.113454658284786,0.1103507433259021,0.1448415651589517,0.0879738002411686,0.0900085497335248,0.0632600336227107,0.0798236677868696,0.1128652874126951,0.1269452204717627,0.1008750086397003,0.0801466498023081,0.0997214418579962,0.1084794471060888,0.1362494838441317,0.1625019714810835,0.0715156598067863,0.0950145993106035,0.0994846409753116,0.0762825163642263,0.0987222201537283,0.1398564788846801,0.0821436333158661,0.1352378547783816,0.1221594194953734,0.1263047453485237,0.111840378527336,0.0971675215037221,0.1689139741321592,0.0999656832862436,0.0674638876504865,0.1419454534853516,0.1112796267911808,0.0946360622980029,0.1343209968676578,0.1211277479668371,0.1262774976481137,0.0627567312108908,0.0849755067547535,0.1366913397962517,0.1051234835085137,0.0999791217705972,0.1002337984090687,0.0524671908153382,0.0748865702198209,0.0855473003830326
0.1111995181776728,0.0727305989447852,0.1077896946676852,0.0764384129252843,0.1644930021917006,0.0805381829088454,0.1073523706219568,0.0,0.1376196258017518,0.0976490186032992,0.1014114004348943,0.1074905553686438,0.1070620010513434,0.1661086934350519,0.1056817041257465,0.090790017569844,0.1278147566699932,0.1386679952274138,0.0690821674816367,0.0780961814716695,0.0726514473287977,0.0956160852100295,0.1104111071170749,0.0761936664945358,0.0696590770522531,0.1407381755966727,0.1256267576783415,0.0630616521099547,0.1245561346323497,0.1121105917603232,0.1105000904436128,0.1136629079834816,0.1086638691370455,0.0991062340765113,0.1013531774656446,0.1002785891538528,0.133074393127618,0.1063140001362848,0.0870984567825199,0.111753714635456,0.0788997791747405,0.1450527709677287,0.0715026258375132,0.1222420032981126,0.1096045860988994,0.1101391588593014,0.1153894336055751,0.0833601896257712,0.1217946567569049,0.1057448115976428,0.0789460914898097,0.1222748581798161,0.0915547664137653,0.1106273555176468,0.1350697222739003,0.1156170554611987,0.1187959868349705,0.1065059039605633,0.0909221489644556,0.086805990720315,0.0978265277275598,0.0720984572719865,0.1020210944503665,0.125472607026783,0.0933449996942407,0.1269741303280726,0.102534382197046,0.1091820602222939,0.1286351448404506,0.138630529028213,0.084647685166839,0.0803585330894469,0.1225506639295875,0.088400489151725,0.087504847269018,0.1525108836208203,0.1329572800419886,0.1225580941684542,0.1172754943134619,0.0933728107344069,0.0922759477717077,0.0939090713003278,0.1480982953039157,0.0651983423150878,0.130601911696802,0.0860265508818108,0.1502311783325988,0.1123037848696896,0.1093943804906688,0.1167778012562677,0.1437307533267261,0.1005441646472623,0.1180453515280012,0.1350259068608805,0.1235539438062027,0.1270040208931317,0.107016653110195,0.1032757578776683,0.1406454357324963,0.1094101477574968
0.1913854343411385,0.1145314111837262,0.1478730536427684,0.1203878699342402,0.102847185821247,0.0837431142537093,0.1722666677023481,0.1376196258017518,0.0,0.1905477637326395,0.0880922816602757,0.0992977562110117,0.1478055217157344,0.0839458175171372,0.0843735578152629,0.114033798093581,0.1135508627229699,0.0655052065162124,0.1165239139879652,0.0934242438188452,0.1798893678596705,0.1430145118481497,0.0983977786359731,0.114269537306853,0.1687890517464407,0.1632300670952729,0.0702913431868819,0.146605271935303,0.1693161719609709,0.1253758874262248,0.1573916963658503,0.1114591708183972,0.1193259648767285,0.0673596802953224,0.0914407598388694,0.0733134139779177,0.1608140392554761,0.1403904759122174,0.1480968584517655,0.1514032710879663,0.1287281066800465,0.0945965974963644,0.1369475452447009,0.1449974127415314,0.0999046778732428,0.1617227989618784,0.1118794944083118,0.128334757599402,0.2237314128324101,0.1665008185316108,0.1816218490204117,0.1285109147047998,0.1373259567094401,0.1111185092763347,0.0744141071206594,0.0838749345310327,0.1548711414584695,0.0759570245994359,0.1077259707946171,0.1239399758957609,0.1804465163806362,0.1822904262466285,0.0836476522451142,0.0710845042373361,0.0999454008818733,0.1194011873841199,0.1969545939852665,0.079016716920529,0.0984545498211197,0.0976064916696727,0.1505900580532995,0.0968664730571957,0.1521808899889375,0.1563331502662157,0.0971516242757953,0.0974286330186238,0.1193846018493841,0.0808245109190462,0.1059066601936402,0.0902906709804026,0.1111063263210598,0.1147238953128789,0.1477632367217742,0.1176199024376583,0.159118740003416,0.0908015444879005,0.191669392592186,0.1357983968838235,0.0760071877655456,0.101567816000397,0.1340252279921691,0.1774132675712747,0.1465379167911561,0.0835834028313448,0.1295640044108021,0.1630866358989311,0.1119739402984033,0.1686013245920207,0.15566487512374,0.1464496350857125
0.0868068465616654,0.1265594200348316,0.1287712397461078,0.1029481547792847,0.1876025064207206,0.1225335898724408,0.062382093994759,0.0976490186032992,0.1905477637326395,0.0,0.1232496337569995,0.1231998550646981,0.1068451979845135,0.1943368096031257,0.1223732121709421,0.1247588823054752,0.1319114138951208,0.1682256875840826,0.0946720965266828,0.1219995602296321,0.0544323052044201,0.1037734847606059,0.1169241674332259,0.0866695294370631,0.0866125856930679,0.1116345075063789,0.1705937860791299,0.0681135227332568,0.0859944599897517,0.1259566194956179,0.0980236547107434,0.1024451618886599,0.1333080552712731,0.1381741235355368,0.1262226953327171,0.127582662503861,0.1516480040010946,0.0869488264890746,0.073115179459503,0.0990976167971247,0.0903630628137548,0.1864061554444764,0.105409392595358,0.1404643707999625,0.1460206678496601,0.1295911472903308,0.1531731905142942,0.0954778588989085,0.0913262659507729,0.1210473268624606,0.0849168571198116,0.1476567316687867,0.0813282293043911,0.0947379539822691,0.1644478188777572,0.1347821130142046,0.1356676144824635,0.1503300621880715,0.0981497975581814,0.1073955933775768,0.077198414295594,0.0732214021124895,0.1338219309573545,0.1533968226584374,0.1212605400682685,0.1191479177327949,0.1086488443707571,0.1339687917765767,0.1634305006579045,0.1824873440662146,0.0677250249750383,0.1102484988255861,0.103928889242633,0.0644024273108624,0.1156776828034878,0.1638545074914167,0.1222291974106192,0.1519370705889853,0.1478568209242877,0.142066219712145,0.1271429943076518,0.1221607242502969,0.1651024755596092,0.1060520504096355,0.1144929128520865,0.1496757594801584,0.1509998442870757,0.1229212150862174,0.1521564435929809,0.1455232443881635,0.1646788642106605,0.0768834507914839,0.0888661470378689,0.1623827112890996,0.1365029354432314,0.1360322187826386,0.1343472236535111,0.0688247055619012,0.1150156675673855,0.1242602827368285
0.1233573593311638,0.073802633471928,0.0936371737109973,0.0715598645454315,0.0872616248883995,0.0580688047197922,0.1056635075245847,0.1014114004348943,0.0880922816602757,0.1232496337569995,0.0,0.0511426950357904,0.1052740269435289,0.0934699867442843,0.0511418459727365,0.0647967097973299,0.0733545390563779,0.0712089041339862,0.0854592391261124,0.0659568012054491,0.1152145433308376,0.0865688206476153,0.0549872955626998,0.0652644812122884,0.1185713874760078,0.0879830078053048,0.0708656501393037,0.0938985066408354,0.1124803408655785,0.063142195406977,0.0862559220099586,0.0635135403195358,0.086246181341747,0.0645753891940102,0.0822911117361173,0.0590616977335852,0.1059898388309253,0.0786296179196846,0.0826240524991483,0.1167054063447788,0.0837711472022969,0.0905502037268624,0.0909065901230397,0.1005377851140266,0.1057668587298206,0.1055358132129658,0.0814747254374624,0.0643940285966232,0.1521145348762018,0.1056008017416591,0.1206599977653143,0.0882702929163123,0.086229203634544,0.0775875102606253,0.0741048153957638,0.0512184855333694,0.1009981040629036,0.0928990586401758,0.0611912905297919,0.0716552755983747,0.1094466871508295,0.1189652652590126,0.0521606531547508,0.0691606923251675,0.0514741576080713,0.0726595392079626,0.1423929303757657,0.063096855567207,0.0844100047437368,0.0959245046647727,0.0995404032686186,0.066737129184279,0.1073803032800487,0.1040976666350101,0.0538956498609925,0.0769725038451934,0.0689246572982726,0.0602932779742383,0.0782528693034469,0.0534203975807057,0.0636058561522348,0.0664936968380672,0.1432132879076035,0.0659501860717148,0.0947608954358075,0.0920827540467977,0.1340611239275395,0.084362695582468,0.0777931279353307,0.0693232411613843,0.0994410189745314,0.1104668827072604,0.1102421179120261,0.0813170431916947,0.0788595774912725,0.1038539378334801,0.0771410443236317,0.1050481098465436,0.0968187617293679,0.0816870366696227
0.108394746632085,0.0781266360124519,0.0748462972541628,0.0781717645159631,0.0865269775992633,0.0639852183438622,0.0933685140350979,0.1074905553686438,0.0992977562110117,0.1231998550646981,0.0511426950357904,0.0,0.0896680762995477,0.0986210319408651,0.0685656596062839,0.0689535746447509,0.0648506565991906,0.0817470653470653,0.0842254866972066,0.0716418873879319,0.1209796978050901,0.080816026425194,0.044924680520438,0.063615075220298,0.108385300280247,0.0944915011546286,0.0636300643897368,0.0965247467326281,0.0905871480858901,0.0612136033500251,0.0831808812507822,0.0697889268785155,0.0918873148867452,0.0648756614329283,0.0816519089898308,0.0613793335689581,0.0919114770774482,0.0789514203320322,0.0927969227032046,0.1162539715453815,0.0863211848258799,0.100610115500698,0.0820825037320971,0.079072168864907,0.1140788382500244,0.0964251955244709,0.07886072715466,0.053447700398459,0.1394026243294438,0.0805396716043593,0.1115111787986457,0.0861729292750525,0.065621845707672,0.0791808768537974,0.0879888462184035,0.0652828133242305,0.0906345228655294,0.1011724353768661,0.0673882857358403,0.0795205219584018,0.0972730640024648,0.1108094325023603,0.0583615989814944,0.0647804236749047,0.0531279224657292,0.0586586501061284,0.1262140152204431,0.0554526061818381,0.100110685110858,0.1120761612937503,0.1017870085018209,0.0699930469297504,0.101904650729364,0.1112868967421855,0.0509799315144707,0.0965169224152512,0.0696550169456391,0.0839472500431604,0.0780365029469082,0.0643935373889457,0.0746369561636815,0.0590808746321128,0.1603109982214435,0.0732572194293861,0.0811023936028689,0.1009405096291174,0.1217393345759086,0.0628918233965464,0.0761649598862926,0.0600213179725641,0.0826205147546274,0.101707604150655,0.1009096465004245,0.0886510938498434,0.0834551996555562,0.0903693208367122,0.0630699440420571,0.1002807028356758,0.076218425649918,0.0583194456903987
0.1061711971106478,0.1099672397752267,0.1018733575134062,0.1218543778855026,0.1450068783286604,0.0971552942318761,0.0970986812215545,0.1070620010513434,0.1478055217157344,0.1068451979845135,0.1052740269435289,0.0896680762995477,0.0,0.1535666321014065,0.1067163371018647,0.1068599668799288,0.0926981102690474,0.1327139324711462,0.0696104917279719,0.1082675137402152,0.0952959519297352,0.1016424106295344,0.0975379578901628,0.0791358425887298,0.0841058120499228,0.1241836017486988,0.1223817277401499,0.1105908853043831,0.094759942521413,0.1008983224560526,0.0985291482776404,0.0876284288222479,0.1140129213367421,0.1022985790123023,0.0898351669252979,0.0989599369908203,0.1208372474278426,0.0930731203493837,0.1190708886660517,0.1023419978040506,0.0916874810610088,0.153431333736839,0.1008587377119179,0.1014545373631013,0.1332537105403504,0.1108998734939245,0.1257670014432394,0.0828911263718445,0.1186969015562509,0.0964886322203396,0.1022331562322583,0.1268620359038516,0.0898087974906375,0.0862035016668927,0.1245976116884311,0.1097908233154423,0.121254372154247,0.1195806850053778,0.0956668758872104,0.1025318441769824,0.079929433877695,0.0663376459684519,0.1062215715786753,0.1144933014734687,0.1071603585096826,0.0898317301647152,0.1141641744844913,0.0966735612168226,0.1374910114887366,0.1594827534154448,0.0969451070385268,0.090511050928893,0.085935280578474,0.1058446803635771,0.0893758288540103,0.1437114905301208,0.1037804223773966,0.1383417928938471,0.1217786419768107,0.1132053505802642,0.1196100228363209,0.0953493495908861,0.155637865500525,0.1063621557106529,0.0971824416997029,0.1230492502287358,0.1379579309488559,0.1049490766574729,0.1082187397841858,0.1036879884290469,0.1201330059172902,0.0933409782587931,0.0985626879529832,0.1283281174086013,0.1143780239811941,0.1169069405753209,0.0896657524066994,0.0757587558318456,0.1024291969668136,0.0946276303979803
0.1819224123407262,0.1113460827348278,0.1235670514320768,0.1356266449205909,0.0639262050660536,0.1049323811126019,0.1634006562996852,0.1661086934350519,0.0839458175171372,0.1943368096031257,0.0934699867442843,0.0986210319408651,0.1535666321014065,0.0,0.1007715252328999,0.1046082098048645,0.0970232063427804,0.0791914438957731,0.1386552115175759,0.1065310401560329,0.1951384348270174,0.1288460350351389,0.0932763091583284,0.1203375163034887,0.1745079067746949,0.142116663397457,0.0847327504657319,0.1569654121777703,0.163227750740155,0.1080337848223697,0.1507924429079835,0.1238482997734221,0.1006653761670483,0.0878377090290971,0.1046461554943078,0.1032703092806786,0.1340526353707101,0.1408699239162718,0.1493664371847539,0.1883314553313206,0.1382236320166728,0.0637305752470804,0.1295973873487674,0.1252676220738242,0.1317273059852525,0.143638136148088,0.0819225883636123,0.1217343844190276,0.2162386960986159,0.1474343838468643,0.1845078074197389,0.091560049634245,0.1363546733297796,0.1202215986641054,0.0663198362215209,0.0740067204315523,0.1259362735905943,0.0994514920610539,0.1088749573650557,0.1204149452207566,0.1731364498407658,0.1822520743537724,0.0914022066500103,0.0856287177763536,0.0934354793647763,0.1120207615296879,0.1829931542527213,0.0815506675343789,0.0741920064700341,0.0639356199477135,0.1568997340364816,0.1108403672077552,0.1747312320506793,0.1716560467872311,0.0969229290965089,0.0739432401911421,0.0955313073980803,0.0828548578108918,0.0780030247456128,0.0901102497442633,0.1011649296719783,0.1074916239771193,0.1731743549986137,0.1335256509977544,0.1449194327279101,0.1254876532438576,0.1623341317585602,0.1240173238924426,0.094639085032579,0.0781213020544183,0.1057023545980715,0.1828542717933337,0.1768256459471335,0.0573096855136723,0.1083913104026021,0.1400207367734206,0.1007033801457043,0.1700500098398837,0.1371581419786856,0.1213958663290708
0.1402104982404555,0.0798066251542781,0.107736396975739,0.0803428351249034,0.1076210970170319,0.0611520384917127,0.1101199252765524,0.1056817041257465,0.0843735578152629,0.1223732121709421,0.0511418459727365,0.0685656596062839,0.1067163371018647,0.1007715252328999,0.0,0.0813270025926081,0.0869350542516851,0.0716059617818307,0.075634315757913,0.0765117537530309,0.1211540962494287,0.0932861347896762,0.0625156706596518,0.0603046645396702,0.12046169539392,0.1063612449270905,0.0963287251346608,0.0966921540114212,0.1157512567909069,0.0860048523807889,0.0949115309079678,0.0587328677111416,0.0938724740874665,0.0626644221061463,0.0769568209014885,0.0527055395776239,0.1246712886355104,0.0806534420615509,0.0873669789246281,0.1145265386703409,0.0849411070654168,0.1058741130086841,0.0968151903246113,0.1178104010432819,0.0861591030499682,0.1227432645417622,0.0983461573297858,0.07751860444709,0.1675713102209977,0.1248526229620096,0.1272149448453293,0.1065202830224237,0.0896154372642168,0.063814936383276,0.0910919859967926,0.0523460477921549,0.122765351137389,0.0807306192594192,0.0532784773238513,0.0758689170663333,0.1211716431838496,0.1309605076063824,0.0714620026330708,0.0845840926903812,0.0720363803320757,0.07743342515609,0.1542791800191163,0.062851700286723,0.0983263930772813,0.0988941691817021,0.0961544878275681,0.0591221304925001,0.1038815534458004,0.0967037869319472,0.0619870905925972,0.0735254050786053,0.0791984356335617,0.0627938795943323,0.0957506866109916,0.0676008165981849,0.0754369645634699,0.0894521006173532,0.1342027947078357,0.0763926669550915,0.1023656381327705,0.0926191756284948,0.1541029147255349,0.1036701575498881,0.0887455269761135,0.0900352671984786,0.1216872338695054,0.1246680925385963,0.1059734800999824,0.0870851414117415,0.0977264537797795,0.1283615114964024,0.0913405819835512,0.1071155469134481,0.1135605001146663,0.1044270203552051
0.1091350932249736,0.0515624350182623,0.0737845346838554,0.071894343937959,0.096802052057417,0.0672365419835709,0.106337324813281,0.090790017569844,0.114033798093581,0.1247588823054752,0.0647967097973299,0.0689535746447509,0.1068599668799288,0.1046082098048645,0.0813270025926081,0.0,0.0735946792750048,0.0954347415753807,0.0914078860933316,0.0650938351479846,0.1160947064665364,0.0583362736649065,0.0634420565823044,0.0675765593663708,0.1015609726340222,0.0913268744073303,0.0890861447192083,0.0856292613995843,0.1073990084236413,0.0650139506386126,0.0893537073349028,0.0747616087348055,0.0442775575812416,0.0694620748666856,0.0779374563028167,0.0897546349082958,0.0796660171678638,0.0866755920590927,0.0866115015013556,0.1502637054957259,0.0709987957084435,0.0870687218352987,0.055661139956246,0.0837401043910507,0.0977157168565322,0.0750097655795306,0.054867044940097,0.0684863068053047,0.1424667793175338,0.087489297261239,0.1063328931042016,0.0654364749660918,0.0932107709061228,0.0909793084487387,0.0844434512659518,0.0660304549934747,0.0711708700735322,0.0969699154980488,0.0706509298863956,0.071558577024171,0.1064270244267375,0.1118398627569979,0.057095209077062,0.0904742769522631,0.064250935273095,0.0972577686117398,0.1073001799415061,0.0758767039755522,0.070833243999473,0.0875444293354784,0.0847228176081361,0.0680833440919501,0.1321775114407269,0.1044280216059927,0.0575935256920494,0.0953809425062408,0.0709314377706701,0.0786893185019175,0.0722697710257079,0.0440091402319437,0.0534594028760573,0.0650919993794122,0.1369275798369638,0.0600195124060519,0.0991204156309587,0.0867455268990132,0.1052706661197228,0.0758038030628552,0.091753773768098,0.0546181429711776,0.0836113853490047,0.1073595431632364,0.1332328631266873,0.086647823881453,0.0629737135971784,0.0797133272051261,0.0727044866745376,0.1031997669545151,0.0914820068576672,0.0756395198347846
0.0928918694169915,0.0858952252700313,0.0668522608159567,0.0913713164818332,0.0765893944316721,0.0785551044286932,0.0916771381199391,0.1278147566699932,0.1135508627229699,0.1319114138951208,0.0733545390563779,0.0648506565991906,0.0926981102690474,0.0970232063427804,0.0869350542516851,0.0735946792750048,0.0,0.0871193479537944,0.0962853974708438,0.0860713620463603,0.1350459769252381,0.0671766119757988,0.0702426383604014,0.0745847794748598,0.1047771916316477,0.0804429115454697,0.0835611290077729,0.1096171107518862,0.0865394505525028,0.0661469360513701,0.0893382930245497,0.0762539546190637,0.0781706817124034,0.0759134381915824,0.0687716487060223,0.0773906893989405,0.0768343151057679,0.0678289481537056,0.0995626316940129,0.1453775487059563,0.0791715754699289,0.0842621630900029,0.078073788797064,0.0611420819102514,0.1129927679148062,0.0810980437356082,0.0668145745259315,0.0678009159728507,0.1282288714096056,0.0799482307370813,0.1141248728982944,0.0751260366031078,0.0871223415791398,0.0753148209628786,0.0764112205846695,0.0737759084049004,0.0790814070166242,0.1082816677705933,0.072049260031089,0.081457291538226,0.0983967523469816,0.1145603121988214,0.0717012934958137,0.074259407417218,0.0672483616724408,0.0706961563201654,0.1066904487522221,0.0605806387683188,0.0755261191988396,0.1042892273657649,0.1053505743888101,0.0688548033755378,0.1276438761831965,0.1233052677776584,0.0773309774329203,0.0925944736766146,0.0491846735175661,0.0877904896709203,0.0647617666372597,0.0736607779597061,0.0836998642679139,0.0604364244315436,0.1593437519814786,0.0911648693231564,0.0646899143022836,0.1111112126561676,0.0935116505873582,0.0739336470386206,0.0862499399034515,0.0601779757722476,0.0703583403959009,0.1086896092800652,0.1298492843943509,0.0788399325769034,0.0630160444194432,0.0736953356112717,0.0521121197404865,0.097907270444019,0.0644063466239044,0.0663056919696715
0.1622998098006608,0.0886090152310976,0.1139147060104508,0.1033305065713113,0.0764705435221718,0.081625039580662,0.1437462138543038,0.1386679952274138,0.0655052065162124,0.1682256875840826,0.0712089041339862,0.0817470653470653,0.1327139324711462,0.0791914438957731,0.0716059617818307,0.0954347415753807,0.0871193479537944,0.0,0.1088219730717871,0.0873338655620625,0.1684359144088016,0.1128964687668926,0.0806076202895086,0.0950073068548073,0.1413883205982808,0.1285082320270641,0.0828676690646122,0.1305697106023214,0.1469164676653615,0.0856508429227367,0.1301685797941043,0.1027587796678864,0.0988637304991128,0.068040757671062,0.0808106225350632,0.0631200812779936,0.1256211980712707,0.1102413702781409,0.1278609118652067,0.1504378578564891,0.1090562672231339,0.0763315912806743,0.1174619106125659,0.1247035158546911,0.104109726036272,0.1290605056889024,0.0939029347111578,0.1055152268649109,0.1937600568256083,0.1353827108316204,0.1483175460115481,0.098722250700189,0.1205223453247403,0.0921115087107721,0.0562885112455882,0.0661095568168792,0.1247421267566441,0.0851251337374764,0.090128321469056,0.1032828151586161,0.1539940577367826,0.1553930138217242,0.0744338990079337,0.0681059042739981,0.0782893681459067,0.1000149884557461,0.1689169804731204,0.0637955283113219,0.0773407691853207,0.0726770512466548,0.1358219850463503,0.0755110839327661,0.1386239894073064,0.1480419159331514,0.0870291334727255,0.0741740377434999,0.0903898684762747,0.0521316244736084,0.082892647637468,0.0720129295886662,0.0849695391644397,0.0885279754094188,0.1484718109505848,0.1062993174405976,0.1313231049823861,0.1030223801066307,0.1576723370511977,0.1153323507506554,0.0602664962691954,0.0852082142067253,0.1155148833362224,0.1547424404161468,0.1518633010566534,0.0730938191307314,0.0953106078764661,0.1321403880116545,0.0938822690443613,0.1499865796971261,0.128281774761646,0.1160661278418241
0.1110405438752872,0.0792446143070614,0.0985097680231162,0.0881623235799558,0.1417841148355853,0.0672720733901008,0.0938262348156078,0.0690821674816367,0.1165239139879652,0.0946720965266828,0.0854592391261124,0.0842254866972066,0.0696104917279719,0.1386552115175759,0.075634315757913,0.0914078860933316,0.0962853974708438,0.1088219730717871,0.0,0.0753099354797643,0.0801178900870345,0.0862929020179126,0.0857326045904108,0.0467951626071287,0.0863560965960059,0.1324984488696877,0.109548299735176,0.0708494136755193,0.0995667897007096,0.099400931883367,0.0973880313628819,0.0772563141388106,0.0972028568195603,0.0747550625176999,0.070630958923146,0.0734623029465266,0.1276538256438937,0.0883685936276161,0.0856518985913259,0.0993656864472049,0.0634445472197904,0.126077725230129,0.0813653447585506,0.1139512231391811,0.0966969643978522,0.1127894171495719,0.1007819166257659,0.0701556174594287,0.1266489236975193,0.110537660271401,0.1020381750933854,0.114174749083975,0.0806462040891976,0.0701910846707872,0.1134235401540497,0.0901037309508749,0.1178313864776835,0.0875080072760606,0.0725267035446408,0.0801002881774727,0.0905229112503447,0.0785713005156394,0.083577448588875,0.0984082203168518,0.0788586093466092,0.0939135154638806,0.1217554623632816,0.0762826759687489,0.1124115177809585,0.1227526169064769,0.0681551873040671,0.0543549163460505,0.0922596268276504,0.0802529773607618,0.0691370966545398,0.1205935467776805,0.1116799264267108,0.1011981399651748,0.0976746286971756,0.0877156084974681,0.0870116543545197,0.0826053594597516,0.1322848925228646,0.0733302925937778,0.1094141988539922,0.0754171433900047,0.1458670876578774,0.1081675232890085,0.0905331151463211,0.100099367611209,0.1353360504484428,0.0979188521026333,0.1003790163946518,0.1063012703641972,0.1120718026619314,0.1241368346681653,0.090759492718501,0.0766170739735642,0.1189620689775569,0.1032573949738669
0.1241000406150009,0.0574658878619749,0.087584564257372,0.0695671508933662,0.1084608749623952,0.0507385669025728,0.1129189410308258,0.0780961814716695,0.0934242438188452,0.1219995602296321,0.0659568012054491,0.0716418873879319,0.1082675137402152,0.1065310401560329,0.0765117537530309,0.0650938351479846,0.0860713620463603,0.0873338655620625,0.0753099354797643,0.0,0.1111440674736383,0.0750790824797756,0.0831529451520087,0.0640915038754347,0.0939940324340433,0.1240103234694306,0.0776836396904383,0.0932768310866406,0.1226287150702664,0.0718188373144122,0.094735569397962,0.0786537785372995,0.0806978578621221,0.0646539410748474,0.0820807117910525,0.0812906642285852,0.1008132673404949,0.0860544961797566,0.101565867115793,0.1319643292735836,0.0674363554003992,0.09565900863396,0.0698507782790811,0.091895906544199,0.1008248625915255,0.0981131688887507,0.0764104474953101,0.0654181641621834,0.1479608720714692,0.1057485853180547,0.1062552130759516,0.0730941030671618,0.1034996636570487,0.0977014615102029,0.0738351163215208,0.0691042844988636,0.0937011512096704,0.0729457104970426,0.0545571718999194,0.0600755331265046,0.1162846169549259,0.1009805410062402,0.0681309772244615,0.0804153370856079,0.0454085334611645,0.1091544406746035,0.1263736113304038,0.073130246955346,0.0792724756031262,0.0882992430295025,0.0865035933660248,0.0666322091737244,0.1232407863209607,0.1092628888784158,0.0579105069767396,0.1019453801182551,0.0867035984961135,0.0756656525533669,0.071123592080231,0.0577112763500503,0.0555593214734139,0.0720878437429102,0.1353624606489047,0.0650900700420678,0.1031272796152511,0.0706959722834977,0.1338835672236852,0.1046085219533367,0.0642412030237299,0.0716433634067187,0.092109287534065,0.1142772822524541,0.1448806856323491,0.0882585662302331,0.0787794789043846,0.1030064014011669,0.0693852453690793,0.1113136558168227,0.1153290799262478,0.0972333400735038
0.087597731693753,0.1151669404391217,0.1225672424000199,0.0877067477192337,0.1894172582017452,0.106819659456493,0.0785485792738475,0.0726514473287977,0.1798893678596705,0.0544323052044201,0.1152145433308376,0.1209796978050901,0.0952959519297352,0.1951384348270174,0.1211540962494287,0.1160947064665364,0.1350459769252381,0.1684359144088016,0.0801178900870345,0.1111440674736383,0.0,0.0992998563504576,0.1175492248710339,0.0831418175911433,0.0735378644352625,0.1214527448400286,0.1597895301947219,0.0616270049209743,0.0978886710781687,0.1229424009242829,0.099007820775484,0.1048937907849727,0.1312865925468643,0.1305124900965023,0.1216402831875465,0.1213710899109577,0.1488074786329396,0.0921907843475822,0.0753747526168815,0.1052349954364009,0.0900398924651142,0.1827456570054617,0.0973463779470943,0.1329500663072793,0.1324791871648337,0.1204276373271058,0.1474536653776613,0.0877197889625326,0.0932648129326303,0.1087656362567532,0.0627398187147871,0.1448699107154359,0.0909356552638426,0.1008518727176423,0.1654258754140807,0.1295826425644236,0.1316880945128743,0.1382539990870918,0.1026927514412674,0.1065682436131892,0.073044202274029,0.0638825923981351,0.1240938384295955,0.1528333989534003,0.1199474068367586,0.1281490891853264,0.0980766541390271,0.1350558823472855,0.1618054793394279,0.1780039897454951,0.0675451175653837,0.1047830986852981,0.1053428577972125,0.0729908955390858,0.1071572019211844,0.1713699196513194,0.1314059082256728,0.1517071092118111,0.1481697690002867,0.1265435822688662,0.1171957216271178,0.1197248638151055,0.1556555018793511,0.0870547645328861,0.1245352987485381,0.1297327527980904,0.1449212196587243,0.1083912630997765,0.1478235590642573,0.1420325401667979,0.1657687655727677,0.0629482257684874,0.0975381765500977,0.1639868895409904,0.1350864524295514,0.1268749424828049,0.134384699257823,0.075489988281053,0.124419260867687,0.1186422467920197
