0,1,2,3,4,5,6,7,8,9,10,11,12,13,14,15,16,17,18,19,20,21,22,23,24,25,26,27,28,29,30,31,32,33,34,35,36,37,38,39,40,41,42,43,44,45,46,47,48,49,50,51,52,53,54,55,56,57,58,59,60,61,62,63,64,65,66,67,68,69,70,71,72,73,74,75,76,77,78,79,80,81,82,83,84,85,86,87,88,89,90,91,92,93,94,95,96,97,98,99
0.0,0.0766358202321832,0.1033134458017437,0.1074001859161967,0.0869794335815306,0.1359416329714728,0.1147728569081465,0.1576433317425105,0.0959173517751499,0.0755917986915088,0.1182711529726846,0.0946798231694394,0.1461204910117579,0.1079537715001599,0.0964722655511561,0.0996517352515668,0.0608290085511953,0.1069510953618933,0.1170150398640514,0.179095253493684,0.1321050459854606,0.1064561638139547,0.1377227218438253,0.0922012848447291,0.1056960446244222,0.0844945125492645,0.104201008912943,0.0974841314457854,0.1517503142238665,0.0941992837665476,0.0896399469406592,0.1063957613668636,0.1191723503379147,0.1146213918052156,0.0921493095610414,0.1419697154712695,0.1319727072781261,0.0961662644632358,0.1203229991331902,0.1185660629735101,0.0795030297865885,0.1344319388228277,0.0867766246423508,0.1319414097283964,0.0984325149986307,0.1222783391279221,0.152460197838496,0.1460354076350535,0.1195347228726035,0.1041169477053954,0.1207840984148058,0.1227645033709979,0.0766126891287504,0.1444152517899456,0.0627909941710145,0.1809789887875088,0.0993602416863257,0.1279522798789834,0.0741726515154906,0.1220256836421882,0.0752225766925705,0.1212612807069332,0.1184813493912767,0.120252158129317,0.0829186349440758,0.1088463275553558,0.1546509512861903,0.1357028071290849,0.1054233829310679,0.1183264046770407,0.1230928427526256,0.0666033366285215,0.1038894112462678,0.1032979068458623,0.1120845259711487,0.1076104898547992,0.1449466777772579,0.08239756479732,0.0987355645533792,0.106197608535737,0.0899200663625728,0.0900799267045623,0.0635183745830719,0.0767699534360913,0.1002651743520521,0.0959141476459744,0.1618954584155724,0.1356835983734626,0.1495198921046877,0.1120183830216949,0.117908438272085,0.0822904428216044,0.1167733504548234,0.1392470976565789,0.0651017813956342,0.1147373210298501,0.0896352388796778,0.1528564540821697,0.1344392679317357,0.1082638623110184
0.0766358202321832,0.0,0.0988223262240764,0.1180185983387912,0.0904822393042693,0.1391202726839483,0.1238790783631694,0.1526299365549027,0.1006457210664101,0.0967673065311301,0.1117127710476763,0.1140990630903708,0.1107519103037197,0.123149543035262,0.0843059704563685,0.0957499018404852,0.0685860569463379,0.0967755413251286,0.1177234447954646,0.1376039993982536,0.1052001162937299,0.0960707546869009,0.1114724038867657,0.0838313630258034,0.1091629412767654,0.0803114581346813,0.1104784844839963,0.0827239620121809,0.1187845935692658,0.0906386627061485,0.0636997482127282,0.0964952875117312,0.1239324524179362,0.1130035803172865,0.1116089630807681,0.1270903367759858,0.1088107501991577,0.0972472981154068,0.1004989358468124,0.1268814464653479,0.0791130432131413,0.1017988557184747,0.0625510515824272,0.1241611206255993,0.084223282183873,0.1473045610640342,0.1490414254693869,0.1593396411214576,0.1167157137960251,0.0997261322805095,0.094380796262088,0.1402450649779659,0.0741889850399962,0.1456389058183057,0.0762596386853853,0.1494666147031516,0.0864490130842264,0.0876009937482939,0.0797361539304108,0.1204368653133516,0.0861821738335093,0.1152314143566996,0.0998498251437886,0.1353742187910907,0.0952376350516113,0.1036253432454772,0.1276916698205023,0.1157926648650954,0.1274644585538474,0.1355459570212725,0.0945338647525222,0.0561222383334637,0.0999573639571564,0.0974175768598881,0.1068829407950968,0.0917499790515443,0.1237029933452757,0.0907287317047757,0.0709813746409662,0.0767130014525418,0.1015287839958944,0.0915259118280242,0.0802152074436471,0.0793828333969076,0.0947207555772388,0.1050529743999715,0.1436130970484805,0.1177805870573351,0.1276847391431523,0.1328937148128772,0.1070578663098529,0.0932264119368017,0.0824129359399633,0.0957516636286221,0.068161068928092,0.1088038416787594,0.0986469680843962,0.1334677397774926,0.1140550305029356,0.0985946975348486
0.1033134458017437,0.0988223262240764,0.0,0.1023749120696813,0.0848125923447968,0.1038854839703475,0.0986591372204657,0.0890381889283901,0.1002763224682343,0.0801275186894268,0.0703252342183021,0.1126677264919749,0.1205566651292388,0.0905215583429276,0.0658521465089934,0.126430698469656,0.097450907340135,0.0753059197261295,0.0453705315373674,0.1261951548911119,0.1029392705008931,0.0724512926815726,0.1117806279922783,0.0898757975371525,0.0671213778055595,0.0704883106803189,0.1172291580194527,0.0615286333020387,0.09285551945248,0.0807626182849641,0.0979618891693068,0.0799563196479634,0.1377749561575058,0.1021716420052896,0.1131954757346428,0.0966087882339301,0.0910284952153996,0.107549334119897,0.08747330058108,0.1316616143309878,0.0986378889208869,0.0718648352749983,0.1131406748661825,0.0900389511764204,0.1262759104066649,0.1137595289861768,0.1022957291123578,0.1370946282876317,0.0788432818038317,0.0817572282556975,0.0911723473254873,0.1003213898014773,0.1003226442985833,0.0970713416747166,0.0889781386675205,0.1082338560918087,0.0800147455380731,0.1038410906514148,0.0927702702758813,0.0882276844319305,0.0735713317434455,0.1070350154561861,0.1096709897056145,0.0944297803231714,0.1141304784579687,0.0774866297158178,0.0934874536994452,0.0757138184719741,0.1137992351277434,0.0985832716255301,0.0835733280116912,0.0856293371912435,0.0762375352246258,0.0775249523146194,0.1020426946682068,0.0886685957392315,0.0854550547347075,0.0946816818713645,0.0834124899533801,0.0763010489084928,0.1160713952810178,0.0923050792360859,0.0923221729677008,0.0839909513714388,0.1101440803599033,0.07814417130718,0.1038177706439992,0.0797277342063914,0.085048703886921,0.1501253972940473,0.0961748861950155,0.0900829020027587,0.0948486158091596,0.0943966233204236,0.0917902209127623,0.1078382875479282,0.0843692133815338,0.0831685222865984,0.0792565043699952,0.0843815760501752
0.1074001859161967,0.1180185983387912,0.1023749120696813,0.0,0.0856584265871234,0.1031068860157217,0.0796505716758155,0.1050815859095378,0.1019580440257812,0.0814081321024435,0.1101326771216631,0.0980291129521045,0.1578956942621074,0.0857189617109673,0.0984709044159222,0.1364056029493188,0.0953341491315756,0.0747327613800402,0.1103656685301778,0.1483596595398072,0.1181945534744883,0.0908059798757414,0.1275335553152551,0.1166618932126486,0.0748495750404261,0.0779935300966189,0.1214946465380142,0.0869175144529197,0.1444886862787462,0.0931594987660784,0.0888181414626317,0.088939438887171,0.1371241099784915,0.0984228379303861,0.109205528002918,0.1154299275331516,0.1048570783154767,0.1024781366586519,0.1057322460035023,0.1354081313343101,0.1215798456625318,0.1082787612451626,0.1543839389292356,0.0945084351152307,0.1211764675468769,0.1193738345835694,0.1093184676917855,0.1516841635510258,0.0972777576859434,0.1077835304932786,0.1084970424199883,0.1102394117427196,0.1018385074246482,0.1076832285213976,0.0767040245848511,0.1398454894193471,0.0897547481636392,0.1428338124154887,0.0820653819592575,0.1037887478737416,0.0769332571199226,0.159682529625372,0.1404606029125008,0.0844476871665477,0.0834116777197844,0.0983024880383848,0.123171696975677,0.0857576270520334,0.0848668284087945,0.1112623624686729,0.093236587458851,0.1178718349599405,0.0779739087161056,0.0862451702165772,0.1464740758937005,0.1178464010125729,0.1293359932382465,0.0748164139059227,0.1084151455501287,0.0965194018586727,0.0835215237754676,0.0953768160324767,0.093048184223425,0.0768342677489714,0.1013083759423799,0.1127782207119518,0.1049739457367472,0.1161398894857806,0.107238728316934,0.1621209243374691,0.1234654760298513,0.1049972986186002,0.118340208116726,0.1328755890703589,0.1121231947316026,0.0768565602847434,0.0813655673360007,0.1096812150315628,0.0998835925611972,0.084847726523315
0.0869794335815306,0.0904822393042693,0.0848125923447968,0.0856584265871234,0.0,0.1147927341522261,0.0724959754144566,0.12019835758901,0.0888483223063516,0.0551426129660034,0.0671713335168598,0.0716877305745015,0.1041019257390422,0.0926900938505812,0.0733396781522585,0.1043447541516628,0.0713693133486442,0.0759195471190355,0.0920241759279441,0.1405837877694346,0.1029431868357732,0.0770450728510284,0.1148156554973596,0.0693132232755877,0.0667011846893324,0.0567656801638992,0.0955654627940732,0.0564994594577375,0.1037499250767152,0.0740818032086997,0.0700909697495708,0.0714377539423364,0.1186747270658641,0.1030602898930444,0.1044621390195651,0.1056824759032286,0.094414133022222,0.096049472309413,0.0898595541985352,0.1150801636540271,0.0795142270933113,0.1016188902081091,0.098159648627094,0.0965218573340328,0.1035968894966745,0.093790221375149,0.1146432020148193,0.1285556903534564,0.0757003836724641,0.0640731605830907,0.0916729895217073,0.0910212039605874,0.0914318651306646,0.0887981078738382,0.0498115409888603,0.1258626688655515,0.0624582595191219,0.1196440108139472,0.0714354161514514,0.1112271540855913,0.0624125540616206,0.0987724218083946,0.1153581469406915,0.1004200670865838,0.0853441250114249,0.0912517954384491,0.0879639158644118,0.0896383559117253,0.1007197918823766,0.0812135661898568,0.078548693582498,0.0903996303953089,0.0814855612593185,0.0738617280073375,0.1162409741915248,0.0924653809075322,0.0950311296712663,0.0594519109119322,0.090400990510067,0.0796534853270032,0.0848795465687471,0.0729887321846354,0.0671359944941246,0.0624235482989738,0.0844256195999723,0.0759465296961417,0.1144391575251455,0.0827342787439563,0.09866068896474,0.1275354327945763,0.0915430597615548,0.0829697491730749,0.1069660330146995,0.1086625282445517,0.085729199200357,0.0962682124419482,0.0798608915877326,0.0988233838877309,0.090188652612161,0.0656910522158663
0.1359416329714728,0.1391202726839483,0.1038854839703475,0.1031068860157217,0.1147927341522261,0.0,0.0816211089122211,0.093767501994811,0.1350027687553561,0.1122871132887638,0.1148793483973452,0.144180583848317,0.1332227948984559,0.0866069023588259,0.1047185809246822,0.1785739046824106,0.1405077534526828,0.0882218257976917,0.1114123427935048,0.1232150060778922,0.1160083666355817,0.0900557553935269,0.121002619763499,0.109231964004925,0.0944355296979454,0.1037292742066392,0.1739800794908799,0.1035576447674306,0.1366583622918451,0.0969124856255004,0.1214892201325856,0.1017030970577616,0.1796226820666418,0.0976466301638096,0.0904639862832083,0.0931437904441523,0.0874730416948762,0.1387822286833818,0.0847693235219127,0.1821299850534214,0.1316541512772316,0.1050290683221137,0.1535886563554897,0.0746347576398288,0.1643848527406804,0.1371361549567935,0.1015350955924684,0.1436159338989044,0.1049541813082719,0.1298384730613926,0.0997836292147836,0.1191080043449652,0.1090933401846202,0.1173694940321414,0.1068526961160325,0.1202156316930903,0.1066204360491527,0.1487018647568466,0.1031477309878515,0.0656868390683869,0.1130532990505025,0.1240954932884565,0.1442152095871877,0.0887505847840079,0.1356815607426076,0.0825378867927134,0.1268737642977149,0.0750873261534997,0.1212499368288397,0.1107107564424828,0.1052761561017962,0.1200331088511739,0.0860645648627692,0.0999399467654227,0.16270861748848,0.1263114565921369,0.1132099115279031,0.1211068476516649,0.1064319014433945,0.0982690497373356,0.1010475114217294,0.1119957929914384,0.1332749205006179,0.1027094460088789,0.1479879779196565,0.1052628228622999,0.0972478394391498,0.1263013584485202,0.0894700719031786,0.1792524907414591,0.1441094552530002,0.1368924814364928,0.093717122196406,0.1297617166132372,0.1283955803087498,0.0676744296564567,0.1045146069889178,0.0846014775954578,0.0920622509271141,0.1095589010423828
0.1147728569081465,0.1238790783631694,0.0986591372204657,0.0796505716758155,0.0724959754144566,0.0816211089122211,0.0,0.0884570724320743,0.1045067708786992,0.0816764667552854,0.0873725065553519,0.1155625939391158,0.1224018217977237,0.085132047426361,0.0832740848282762,0.1472552789152549,0.106418538369602,0.0630967088291866,0.1017768516256004,0.1106352698432878,0.0959698787469273,0.0833223593796574,0.1172658483594385,0.103755703997425,0.0687425691041493,0.0684076301952553,0.1418764470809304,0.0681594168149914,0.1096494461979398,0.07472279436321,0.0934050176502083,0.0836281599083453,0.1486348083824812,0.0863366139523603,0.0858221091094208,0.0841065403466366,0.0794040295338379,0.1126854970923972,0.0767130652604342,0.146071825924452,0.1197092436573867,0.0915191825199795,0.1352300889276834,0.0694215333695129,0.1323827982745788,0.1096208819471734,0.1031795349672929,0.1347580396457342,0.0779867265605124,0.0902512666305784,0.0722037081092764,0.0803221021481274,0.1012765189468305,0.0807510840945133,0.0809169158599455,0.1024486541515084,0.0820737200954556,0.1267676876501177,0.087653366882867,0.0772104959621764,0.0789299161357253,0.1203228036978128,0.1305346839594536,0.0769839561800192,0.1131831362078484,0.0866219235946285,0.1013537821969659,0.0821750031226824,0.1283973873560296,0.0836441406981177,0.0738499014572784,0.1157583086536235,0.0657090891476652,0.0777785192137773,0.1461954998499747,0.1168353596023207,0.0901398190339524,0.0917364016854303,0.1031892975130338,0.0885745488376425,0.0986569338435358,0.0899998280578199,0.1032874720139639,0.0734478710706559,0.1178792298322822,0.0900172306729519,0.0838982491621125,0.1018662044975373,0.0784895211491138,0.1634989930841536,0.1117991404679164,0.1152433503044336,0.0982213028516493,0.1108452258664151,0.1185121944427096,0.0728183411002873,0.0900929115734915,0.0802852214350758,0.0704631400117789,0.0713497669102958
0.1576433317425105,0.1526299365549027,0.0890381889283901,0.1050815859095378,0.12019835758901,0.093767501994811,0.0884570724320743,0.0,0.1338019544257671,0.1197613082956744,0.0856643754361059,0.154345375061852,0.1224402800592592,0.0910332879425968,0.093436061077993,0.1885153844501779,0.1422165599508852,0.0936328551028144,0.0832633731581878,0.093592424774766,0.1023812820551746,0.0936717275480522,0.1217987926817257,0.1244747110311858,0.0919649858428129,0.107692641984421,0.1741265790064057,0.0883234953406507,0.1029549488804438,0.0873199316047643,0.1313198726229528,0.083876839784125,0.1888698161197514,0.0930439563400525,0.1241350263560777,0.0690920117701824,0.0787703576096777,0.1419126219493631,0.0959848034592741,0.1720889218834488,0.1485794136437386,0.1061211243423825,0.1695846625551422,0.075914392491488,0.1789344276156684,0.1306085482577164,0.0594860951269163,0.1294104228465239,0.0723908952330712,0.1182634638364631,0.0924303943237965,0.0920744169429339,0.1392402926271538,0.0869417949080606,0.1248129187807868,0.0893003203248805,0.0885791767034878,0.1474739383426817,0.1164974643854456,0.0876923307485882,0.1083472780077926,0.1262095999566755,0.1478689032260966,0.0751039658798976,0.1453659617181343,0.1007306340250164,0.1107631045264266,0.0786813565993126,0.1298608776850483,0.1137143772328739,0.0883952174013073,0.1418705112536677,0.0750091460722963,0.0745448658901896,0.1583328955230574,0.1375579780430066,0.0795309857756689,0.1182135228839239,0.1265221364071036,0.108941667485451,0.1450662032191667,0.1267436441328917,0.1484925364575152,0.1090248271810654,0.1556843288786853,0.1068549826313883,0.0652795344206246,0.1176275481916913,0.0731622522312477,0.1962134477272995,0.1274723417127645,0.1299618244655123,0.1114387235608541,0.1186890553561731,0.1515661040815715,0.0958824976446155,0.1030448759269219,0.0661273423641944,0.0741589721480717,0.0949294293886546
0.0959173517751499,0.1006457210664101,0.1002763224682343,0.1019580440257812,0.0888483223063516,0.1350027687553561,0.1045067708786992,0.1338019544257671,0.0,0.0932001723629863,0.0890895657906949,0.1296820533070732,0.1519102578557205,0.1271362057634028,0.0902382212438338,0.0962928630515399,0.0820451553021779,0.1025353586733543,0.0933860143183617,0.1251998271269003,0.0741306949102803,0.1199830059644913,0.0742809846465969,0.0969214212974811,0.1007518045077065,0.0886744824936834,0.1067719197509347,0.0808174830763852,0.1033969633541873,0.0839097247460173,0.0704076732786006,0.0787744844050256,0.1033511149071403,0.0714033985797574,0.1251521877699708,0.1266711993035021,0.0892424998696959,0.0676012329931885,0.081538773586664,0.0831336559641311,0.102881955522986,0.1099767448100074,0.1277896817000369,0.134722601658348,0.0895330390698254,0.1508497713415072,0.1249730143418666,0.1783312647485748,0.1067053744441886,0.0805590442722533,0.0976495796570294,0.1381244960738973,0.0845703274613627,0.1258264204017779,0.0922438840322783,0.1257520941240447,0.0886620871767294,0.0835291364836374,0.0693896121653133,0.119966008828989,0.0824799648834605,0.1446570591086168,0.0882991838944085,0.1301476964951071,0.0985817572713618,0.1376918673433813,0.1066291260707288,0.1125122352215684,0.1382199792538439,0.1333661621999187,0.0843557960806509,0.0944482541655164,0.1010109803305213,0.0936050527226521,0.1034561976642714,0.0676466397188758,0.10587300293393,0.0915448837367162,0.0811127541115276,0.080789881369749,0.1181624014560238,0.0966405661297676,0.0901480465901319,0.0643839995477244,0.074376401130293,0.1328807743838443,0.1106305487598479,0.0844161022332078,0.1018236384267128,0.1608929248250942,0.0844403837431873,0.064617058855774,0.1093331941052096,0.0874890408996191,0.098892337288837,0.1212718941292367,0.0787585677174662,0.1155382974998101,0.0915101949894204,0.0724934063190037
0.0755917986915088,0.0967673065311301,0.0801275186894268,0.0814081321024435,0.0551426129660034,0.1122871132887638,0.0816764667552854,0.1197613082956744,0.0932001723629863,0.0,0.0793464679497392,0.068215686598977,0.133948618495219,0.0765826961229305,0.0887172610524643,0.1073478670975077,0.0636992536885415,0.0891628019852555,0.0817965846929514,0.1606379510714132,0.1170253889944368,0.0875339847736816,0.1300141054333879,0.0665423290341813,0.0653920747152123,0.0615447904467778,0.0922681095211709,0.0692624541475117,0.128571963831632,0.0675110773369468,0.0690221706653871,0.0775308063556813,0.1175561558876046,0.1121412199909372,0.0947097366262669,0.1107805138356858,0.1060463783557212,0.0892522405407561,0.0987877172714744,0.1209187744975326,0.0819867554327462,0.1110881451740756,0.1039272157486187,0.1041401279063173,0.1085870711089885,0.0736131728161849,0.121520715644606,0.1235282128463984,0.0733819002826315,0.0623472354650545,0.1040293051181193,0.0762444994909299,0.0840071460854075,0.0956348401953401,0.0547414823731413,0.1417381713820373,0.0779522271157092,0.1376687291723914,0.0750791634420396,0.1041386900522994,0.05993424505856,0.1066763122755109,0.1205543047084606,0.0871997283504452,0.0617182830793722,0.0855781539636561,0.1091476952042063,0.092734318788132,0.0777903939522753,0.0847236787547448,0.0883671276421333,0.0996145108106049,0.089240767735709,0.07265810425369,0.10176662069522,0.1000565264684252,0.1090199017370613,0.0494232506721738,0.0989880451981159,0.0837566971428599,0.0749966068239426,0.0742948856380932,0.0651391268326206,0.0670692356545879,0.0961810811282713,0.0783565240306034,0.1286330663148431,0.0970256626701746,0.1061063427547387,0.1118774626480198,0.0822520120802426,0.0731205718153761,0.1111067180197069,0.1178153098184754,0.0806790455277933,0.0993828629469732,0.0671959862165921,0.1139940743551393,0.1004868355369355,0.0791282015825396
0.1182711529726846,0.1117127710476763,0.0703252342183021,0.1101326771216631,0.0671713335168598,0.1148793483973452,0.0873725065553519,0.0856643754361059,0.0890895657906949,0.0793464679497392,0.0,0.1006742131553907,0.0962612351724706,0.0828352842293375,0.0675316902962873,0.1314330942777418,0.092815447158096,0.0915377733596511,0.068285220701108,0.1145308437393888,0.0794922308744751,0.0825031440912485,0.0954196356427383,0.074600723655649,0.0695500596348242,0.0753540278490655,0.1144698575508996,0.0659468741228387,0.0908420435064423,0.0665290583529462,0.0965056232814532,0.0633528224492121,0.1380088379036347,0.0847128035615394,0.1074231444468721,0.0909349406377056,0.0791943007617052,0.0973718313536799,0.076416616602838,0.1296578388242163,0.090827440135927,0.0894458234281101,0.114556852836718,0.0938845040586697,0.1290316724372869,0.0992420152795249,0.0828737526385902,0.1134794501910942,0.0582111751585847,0.0633087132365782,0.0908715850094632,0.0801859003793509,0.1092511459507099,0.0837522946594588,0.0842056314740878,0.1003924029947608,0.0659523670432858,0.1087737522757494,0.0868162270328011,0.1035566456477799,0.087902356655915,0.0857527205535555,0.1049706107336212,0.0851628482536531,0.1049861834861486,0.0956997487112453,0.0839795092199978,0.0832836759610631,0.1173919574469057,0.0931186263632145,0.0714140241816833,0.1043291199213479,0.0815190071603284,0.064543927000321,0.1080723806446755,0.0905916407492828,0.0690904446219148,0.0798425125533676,0.0944150500577202,0.0803052133818622,0.1142369519737252,0.0792517152204698,0.1037579904586483,0.0721734718561768,0.1093121678788213,0.0818786291927616,0.0967550377604574,0.0709538691628507,0.075192181604696,0.137377228766737,0.0835145681805999,0.0817525396225994,0.1112912440382788,0.0936340291627517,0.1032953546656114,0.1183231024082862,0.0752089838061069,0.0806381228065125,0.0693601894141155,0.0513549117709925
0.0946798231694394,0.1140990630903708,0.1126677264919749,0.0980291129521045,0.0716877305745015,0.144180583848317,0.1155625939391158,0.154345375061852,0.1296820533070732,0.068215686598977,0.1006742131553907,0.0,0.1416319696772719,0.1048315985307947,0.1119507806648003,0.1207908551180039,0.0751681575071144,0.1186414459049689,0.1163158686869808,0.1934644867426475,0.154284528789482,0.1072711204036024,0.1674617080472891,0.0888365269013683,0.0903692917341378,0.0878238097494895,0.0950247445416015,0.0990480655928437,0.1511437455727967,0.1091887003631288,0.1063173802987168,0.1123719853299953,0.1384644033965753,0.1434712510695251,0.1233317475166047,0.146284258002071,0.1452395173733446,0.1237249751798682,0.1404996927111331,0.1378166954763605,0.0851251210178188,0.1398344829477914,0.105983126955059,0.1355385183677842,0.1385565447741082,0.0858276543443925,0.1474470904591068,0.111768259770026,0.0964799329505428,0.101633277743108,0.1398792775292802,0.0973631946107766,0.1215698176233315,0.1246080047112063,0.0699136773544409,0.1727469417907901,0.1013824354431719,0.1705430816620221,0.1072156891276225,0.1480528915318529,0.0934542703463443,0.1111520660558358,0.1565798022647627,0.1143997152482403,0.0825421159380759,0.1121552166626757,0.1361261625833537,0.1237152043691953,0.0759152625486997,0.1162017761847762,0.122088205039887,0.1277451935458156,0.1139676544814542,0.109200852133211,0.1258551983083149,0.1306997651523695,0.1460172578647258,0.0694116493386884,0.1328723076755144,0.1261579874623581,0.0887643021777921,0.1026036938275447,0.0841571000912638,0.1101781160315297,0.1205431858413052,0.0996645363048749,0.1610821027260299,0.1254373795711217,0.1405949906614438,0.0998924673667186,0.1254465617833856,0.094616511107039,0.1521803830777647,0.1599393673099371,0.1080564426187394,0.1246027376005305,0.1044072479443273,0.1464220799776047,0.1385794067148892,0.1044863980140725
0.1461204910117579,0.1107519103037197,0.1205566651292388,0.1578956942621074,0.1041019257390422,0.1332227948984559,0.1224018217977237,0.1224402800592592,0.1519102578557205,0.133948618495219,0.0962612351724706,0.1416319696772719,0.0,0.1204768870181093,0.0837916565107256,0.1832335848717331,0.1394390816451226,0.1256490646147934,0.1299257226557406,0.0993508301386378,0.116279541683302,0.0889280245738126,0.133269125177156,0.0966450343043708,0.1207819501018054,0.1187209868730646,0.1765193904931454,0.099196086087787,0.1002947986835524,0.1059247145004879,0.1306949825058584,0.1021969110478128,0.1905665079359638,0.116646542342582,0.1180010743907299,0.0988245251315703,0.1036165018595431,0.158863976293996,0.1182304911843436,0.1929302240807934,0.1120069473750722,0.1098177048246739,0.1205817729668096,0.0955978820227247,0.1723181894520174,0.1444962702487371,0.1120945949190957,0.107840563493188,0.099683273723481,0.1263895595935533,0.0973301273958743,0.1200363158582597,0.1408100219082202,0.1196535442825777,0.1114836737019599,0.1061379436911223,0.0857068920287595,0.1333129406184796,0.1323004629997717,0.1155204365021494,0.1400210142691538,0.0659031936377982,0.138838571567568,0.1192053500463516,0.1571053388495412,0.1101522994892641,0.1182435633320111,0.1170855647526604,0.1534654010066053,0.1286069011234535,0.1042165815103533,0.1053969379682045,0.1037334143749804,0.0944771250597734,0.1708798189195528,0.1367479421381543,0.0920974721516356,0.1303132710483766,0.120523232310727,0.109015212159906,0.152906937280939,0.138176955764375,0.152627210585785,0.1142401315176789,0.1634904557639775,0.1166810750811359,0.1202283321307027,0.1336495130117317,0.1058629069222939,0.1796411002930766,0.1353411948221707,0.1472658743740047,0.1070934459511411,0.1058643569684334,0.1410785686207957,0.1393125721876326,0.1330693944736539,0.0999471007778158,0.1051683521116089,0.1168845094439812
0.1079537715001599,0.123149543035262,0.0905215583429276,0.0857189617109673,0.0926900938505812,0.0866069023588259,0.085132047426361,0.0910332879425968,0.1271362057634028,0.0765826961229305,0.0828352842293375,0.1048315985307947,0.1204768870181093,0.0,0.0800033266397889,0.1689003742243746,0.1086533567731776,0.0964222904765748,0.0995360040057099,0.1453685797820865,0.1180710695144221,0.0702308297833532,0.1348318225866878,0.0820677695163871,0.0695850835775957,0.0787050981720467,0.1466643333870632,0.0831671994033071,0.1358465866975506,0.0812596787537794,0.1085140746610828,0.0763573443273179,0.1711628569835501,0.1002381010670367,0.0800260065973314,0.093160170966901,0.1018538821296442,0.126663290519596,0.1080487873246461,0.1660458475902058,0.1006934094345598,0.1077080685885148,0.1406124771608319,0.0747828012202857,0.1552146412724541,0.077026438716103,0.0976757244125741,0.1010913309597771,0.070849467359727,0.1018803522463817,0.1091114490817045,0.0679792376266151,0.1074430488283221,0.0918756510511601,0.0747741834987422,0.1255861177304766,0.069003262583647,0.1608755217146366,0.0966783310434026,0.0898634590666333,0.0980489745113212,0.1021540697644183,0.1436679674008113,0.0457322398859381,0.1018080485074721,0.0707087899751346,0.1185394283995723,0.0734174298197449,0.0778901616202222,0.0787725985238982,0.0884375035072618,0.1106599305418927,0.0790304901185719,0.0643338131843512,0.1414211852174387,0.1277560159749575,0.1117688042910226,0.0828526372654408,0.1201743013801392,0.1004632074140207,0.08936805236017,0.1003175201244419,0.1138918759735909,0.085886456194203,0.1419760587411737,0.0827881036387239,0.1073364783585724,0.1104972215889105,0.0920226249701089,0.1430168130253581,0.1137089278306085,0.109356627331521,0.1194421527874737,0.1303252299840151,0.1169788534395411,0.0888117920321012,0.0890620890304546,0.0965542687067701,0.0990399095122997,0.0889123459267226
0.0964722655511561,0.0843059704563685,0.0658521465089934,0.0984709044159222,0.0733396781522585,0.1047185809246822,0.0832740848282762,0.093436061077993,0.0902382212438338,0.0887172610524643,0.0675316902962873,0.1119507806648003,0.0837916565107256,0.0800033266397889,0.0,0.1371324928549137,0.0941168610555397,0.0746724868226252,0.076821367966165,0.1016186505380139,0.0888569111378913,0.0509010142258567,0.1005487237154404,0.0768440388308834,0.0746690481630227,0.0644533016789018,0.1338173495558028,0.0472946927922424,0.0947664615960082,0.070197597152101,0.0848323664454864,0.061940479225239,0.1456843328782406,0.0784770928353546,0.0781693288730952,0.0841590941790899,0.0680161656633804,0.1074083093150523,0.0757963456535949,0.1416984392599563,0.0811800109866618,0.075510550639757,0.1054092700225692,0.0680106068894274,0.1280138511271259,0.12168468691021,0.0838488537016013,0.1186343353083368,0.0686047472263565,0.088026590283372,0.0756117681343387,0.0947642246047574,0.0938769698742333,0.1038147830355488,0.0691523126856488,0.1076724083024248,0.0488197680942986,0.102523268088238,0.0812540498036363,0.0765383799261432,0.0786796107134761,0.0877613618767837,0.1038275221021288,0.0875108751711386,0.1143216887082679,0.0786785728118338,0.1030866210553392,0.0856252346608992,0.117195004765344,0.1020195423193965,0.062596354182527,0.069212080780642,0.0612965085042398,0.060706988306841,0.1247761800499195,0.0887410909774421,0.0813720122879649,0.0896305128868692,0.0805941087067225,0.0679104368268309,0.1087011679555942,0.0923983921715713,0.0962584234480131,0.0631430872033543,0.112023696871133,0.0885373785337311,0.0877562929960857,0.0953475620123191,0.0780696025232985,0.1535865129801326,0.1077469189837805,0.0911914765724596,0.0788962761264134,0.0850660176120628,0.0989769705454454,0.0927453222990802,0.082086472759193,0.0766835747864607,0.0678671183578267,0.0675392797470595
0.0996517352515668,0.0957499018404852,0.126430698469656,0.1364056029493188,0.1043447541516628,0.1785739046824106,0.1472552789152549,0.1885153844501779,0.0962928630515399,0.1073478670975077,0.1314330942777418,0.1207908551180039,0.1832335848717331,0.1689003742243746,0.1371324928549137,0.0,0.0811387934709166,0.13844037830789,0.1332008029558457,0.180233779387431,0.124376221401441,0.1628931569004365,0.1164136258982153,0.1244037777598592,0.1247699611350205,0.1136987597585987,0.0673164857687653,0.1177777494243363,0.1513541827686859,0.1201190366815917,0.0911575297870158,0.1254728854286366,0.0779135917292523,0.1319810792378909,0.1705112413233483,0.170760582282781,0.1503224888666254,0.0799168873411257,0.1339841243117839,0.0817410789628085,0.1000584420681141,0.1584743791881533,0.095055907808478,0.1831860957806189,0.0774174742958872,0.1621908889977307,0.183287994639153,0.2073460355860312,0.1467479749473124,0.0869290111694833,0.1430684692922955,0.1651203783249308,0.0895719630758547,0.1487448332411246,0.113390332806747,0.173974403986231,0.1310342234220505,0.1072732007333411,0.0996630694001997,0.170913839542508,0.0970208203241882,0.1704035093762713,0.0940871910507746,0.1793457576906212,0.1017215333346205,0.1629646871463527,0.1258458256457696,0.1466679173398688,0.1540827531480652,0.1564838586561212,0.1308167529325415,0.1022359110085674,0.1458979785149965,0.1372689495501188,0.0747413323586974,0.0905535248117391,0.1465332530718204,0.0919686591953107,0.1069357262345564,0.1130050685684481,0.1272028194041782,0.0946685956459875,0.0728665716973225,0.10301269971756,0.0686384834591914,0.1389414818962501,0.1710217127320333,0.1074681466456261,0.154677874398218,0.1315199515190544,0.0941071799689687,0.0822856254753273,0.1482742977635137,0.1221259722185999,0.0737645890762312,0.1589738634306179,0.1100769740406463,0.1725749607910104,0.1359948609543068,0.11849278894132
0.0608290085511953,0.0685860569463379,0.097450907340135,0.0953341491315756,0.0713693133486442,0.1405077534526828,0.106418538369602,0.1422165599508852,0.0820451553021779,0.0636992536885415,0.092815447158096,0.0751681575071144,0.1394390816451226,0.1086533567731776,0.0941168610555397,0.0811387934709166,0.0,0.1036434164032099,0.1015084218393012,0.166050698172388,0.1160487832136868,0.1114119339196253,0.1192108048598363,0.0826439486201121,0.0848213998245078,0.0720122631656075,0.0785793400824174,0.0787593392057598,0.1404671773553098,0.0784282035439094,0.0684086987137038,0.0951482683833917,0.1025100014088706,0.1087580853336458,0.1065812169102805,0.1317421997532474,0.1226119932980836,0.0703198606441277,0.1061335360289747,0.0936233544702386,0.0772850317305355,0.1329639433371506,0.0873539842597062,0.1324816442834404,0.0887701542238672,0.1103910582870246,0.1376650687784301,0.1481775256331798,0.0955361187825142,0.0713633525669206,0.1082174665171658,0.1072591539865723,0.0770178614876011,0.1196574371628914,0.0609244234265752,0.1594796345709115,0.0904795798204832,0.1106270558612283,0.061923543216515,0.1230941591791834,0.0652487337603156,0.1219755641595146,0.1030404577146179,0.1172301084665867,0.059876084598492,0.1117565618530623,0.1264630392840812,0.1165278182590984,0.100260875792042,0.1111324264301572,0.1068275219103516,0.077266162089862,0.0991071558729058,0.0945906137695256,0.0911207350256401,0.0969897726708963,0.1288462398919518,0.0589731068350955,0.0972483410891592,0.0946306893588346,0.0933475739514275,0.0644174325882817,0.0590837233415076,0.0693630754901636,0.0758863392730775,0.0906120244191526,0.1510016627437779,0.1055113279913225,0.1328581152648535,0.1095497723008165,0.0849888656179266,0.0642727824140757,0.1144139871581543,0.1182655470770866,0.0634788750910411,0.1116889121932143,0.0767914373466488,0.1406178165481661,0.1140146971984512,0.0819937805616024
0.1069510953618933,0.0967755413251286,0.0753059197261295,0.0747327613800402,0.0759195471190355,0.0882218257976917,0.0630967088291866,0.0936328551028144,0.1025353586733543,0.0891628019852555,0.0915377733596511,0.1186414459049689,0.1256490646147934,0.0964222904765748,0.0746724868226252,0.13844037830789,0.1036434164032099,0.0,0.0921918975039304,0.1059288389103482,0.1015095964593759,0.072296279665814,0.1132259363289979,0.1050636650103682,0.0671030808057059,0.0587844338881052,0.1356765324274522,0.0653317504034153,0.1096307931840414,0.0864969223497162,0.0825495187475826,0.0832048836149564,0.1447822832559927,0.0901345024980252,0.101678044737369,0.1009072508509923,0.0729499727797753,0.1064401839766298,0.0687279517045395,0.1431169553039829,0.108427940571488,0.0631247177176816,0.1106912181818019,0.069781935031808,0.1118614278123737,0.1277581946120613,0.0949214745403107,0.1491551317455398,0.0864215881722003,0.0990629272493372,0.0714010997054658,0.106179968471089,0.0929469412882312,0.0964619623837502,0.0764560597116109,0.1089097294870123,0.085410827504704,0.1063489272297588,0.0744515614452434,0.0836771632689249,0.0702338142691855,0.1301999854721519,0.1286285961595082,0.0924222563265115,0.116366581655543,0.0761435464897798,0.1004844915222109,0.0815818307532739,0.1198750863258663,0.0923303347327198,0.0626769661487342,0.0986081528326782,0.0478890943935352,0.0882277175024078,0.1390825254345571,0.1060130319077581,0.0982572492022332,0.0930692402673916,0.0787492463256391,0.0736685831631375,0.1026113116542455,0.0897877938345116,0.0979222716023206,0.0824965405369059,0.1122105742011832,0.0846532500571834,0.0816658138918524,0.0994314738511759,0.0871841798658973,0.1660755955060148,0.1221303882495583,0.1091708953734771,0.0764805072784872,0.1115972251847447,0.1087098627593054,0.06035500592052,0.088848231493733,0.0768099481302801,0.0732252118022306,0.0720425710940499
0.1170150398640514,0.1177234447954646,0.0453705315373674,0.1103656685301778,0.0920241759279441,0.1114123427935048,0.1017768516256004,0.0832633731581878,0.0933860143183617,0.0817965846929514,0.068285220701108,0.1163158686869808,0.1299257226557406,0.0995360040057099,0.076821367966165,0.1332008029558457,0.1015084218393012,0.0921918975039304,0.0,0.1248872178430192,0.0991096452886477,0.0927113638491564,0.1066718279148245,0.0917403626028347,0.0738926916503824,0.0827609498163992,0.1221720081387644,0.0715226811170395,0.0863207637284351,0.0816566912760274,0.1065162030634655,0.0867898718598173,0.1432933969500316,0.1058834773029734,0.125023715706782,0.0972485696980283,0.0891579033288846,0.1100749891979548,0.0889220352674945,0.1253225689961177,0.1122085280556818,0.0851934032177273,0.128374803532585,0.1084802436887618,0.1396574833087793,0.114568215524542,0.1011126561662047,0.132596064132529,0.0801676509466312,0.0826948596168466,0.0979449482547246,0.1033942760982059,0.1153284198959623,0.0965882118142085,0.1022352296052832,0.1139579414826878,0.0910507675487666,0.1127713957184115,0.102895899528217,0.0924259940754475,0.080613133528882,0.113342173321799,0.1159010903724884,0.0998579143174892,0.1201695499691458,0.0974714559460036,0.0982710888840317,0.0910510157573577,0.1171322995044834,0.1002171084514683,0.0909449778209166,0.106365099830967,0.092804370348628,0.0853391773389712,0.10490877126085,0.0857475392672042,0.0845454862633428,0.1022917189525827,0.0937678107761161,0.0854863765738206,0.1301288168957556,0.0966924049800565,0.103647815910341,0.0854795694944474,0.1160846795176498,0.0845497529713451,0.1058209820889506,0.0721787106099018,0.0822389859598055,0.1550825642477069,0.0863962564720263,0.0906737890437649,0.1147354198290454,0.0925691879651779,0.1048412693230222,0.1211550648416572,0.0872755292039407,0.0807539235887993,0.0847934229265843,0.0817956173495725
0.179095253493684,0.1376039993982536,0.1261951548911119,0.1483596595398072,0.1405837877694346,0.1232150060778922,0.1106352698432878,0.093592424774766,0.1251998271269003,0.1606379510714132,0.1145308437393888,0.1934644867426475,0.0993508301386378,0.1453685797820865,0.1016186505380139,0.180233779387431,0.166050698172388,0.1059288389103482,0.1248872178430192,0.0,0.0834832534806852,0.1255172701775514,0.0991498458119339,0.141620618495477,0.1228892444039684,0.1308441256413344,0.191645854747877,0.1115309415244457,0.0834518612147673,0.1096172476017876,0.1244081784188783,0.0995947661920647,0.1894414668869136,0.0813582329997179,0.1432470421696308,0.0844849416463126,0.068868541353005,0.1463049194167372,0.0819159501466344,0.1797432096860195,0.1634761017211931,0.0988221000655006,0.1592314758619341,0.1035647824390645,0.1546775550053727,0.1866157337377951,0.0868602470732311,0.1781970285931237,0.1097472173489123,0.1367523795848317,0.0816427233575088,0.139993616266848,0.1374634891707081,0.1234608075110629,0.1449175803380806,0.0736602310358144,0.1049061588174253,0.1152145364966449,0.1233001216614029,0.1020017575254175,0.1433085242788702,0.1424571855078794,0.1360944522856035,0.1296282325242299,0.1762585397074671,0.1422514801096994,0.1105151986142038,0.0984745209698401,0.2025668760249513,0.1597444780179544,0.084409805317285,0.1344616231073751,0.0976404281941306,0.1041983209578637,0.1706930637375497,0.1260701255696552,0.0755859925521149,0.1453945036718833,0.1044738535733787,0.0997800533997927,0.1766146429633681,0.151764979724927,0.1702165246758236,0.1196343763338847,0.15592193515146,0.1485865378949355,0.0628465036619425,0.1141541387533286,0.0730889086316959,0.239431269774916,0.1415406151767708,0.1481562720263207,0.087330269142712,0.08948645735333,0.1631942568852525,0.1208963037639099,0.1258806513649251,0.0723582975167849,0.0720732146313685,0.112649803216505
0.1321050459854606,0.1052001162937299,0.1029392705008931,0.1181945534744883,0.1029431868357732,0.1160083666355817,0.0959698787469273,0.1023812820551746,0.0741306949102803,0.1170253889944368,0.0794922308744751,0.154284528789482,0.116279541683302,0.1180710695144221,0.0888569111378913,0.124376221401441,0.1160487832136868,0.1015095964593759,0.0991096452886477,0.0834832534806852,0.0,0.1153643336635583,0.0476855685979788,0.100387864638708,0.0938557989763469,0.1036921457025034,0.1364376651917083,0.0856629954533364,0.076355862566364,0.0741931777704455,0.0803720815442912,0.0648822440524849,0.1170736652269818,0.0543038710657717,0.1348092829217377,0.0917610441182658,0.0647885590435058,0.0808638055975099,0.0630211611459526,0.1078674699344634,0.1193737456542876,0.1088329685739933,0.1283323775569551,0.1082419353129815,0.111717603712777,0.1582423037486399,0.103496904118876,0.1691286605502435,0.0967017743679064,0.0864269939599901,0.0807084512807451,0.1322410015100134,0.0922742470544176,0.1106114956628309,0.1101601341904281,0.0797155248422394,0.0807493825824164,0.0711042015681829,0.0844957556808461,0.1066537748653914,0.1071266470479163,0.1294208410893764,0.0726886987657419,0.1147789464098838,0.1229854726497968,0.1259733694410038,0.0764044640766937,0.085518073000221,0.1624818019126957,0.1320010764362258,0.0749588996116914,0.0966822043253848,0.0885412728460852,0.0726817487801424,0.1108075681901116,0.0668617476791049,0.0644667918680032,0.1013237440327171,0.0773491780529185,0.0738090647629654,0.1400064045848586,0.1048412998887642,0.1178971911467041,0.0729068673673821,0.0915414731745763,0.119902443425116,0.0844684464970377,0.0782120496607429,0.0710948710990732,0.1918410748736071,0.0841323383848088,0.0890360957121085,0.0997329820147037,0.0636219348491386,0.1103091506452973,0.1192894518924776,0.0861993186027095,0.0853809651246266,0.0654535589887201,0.075910609327366
