0,1,2,3,4,5,6,7,8,9,10,11,12,13,14,15,16,17,18,19,20,21,22,23,24,25,26,27,28,29,30,31,32,33,34,35,36,37,38,39,40,41,42,43,44,45,46,47,48,49,50,51,52,53,54,55,56,57,58,59,60,61,62,63,64,65,66,67,68,69,70,71,72,73,74,75,76,77,78,79,80,81,82,83,84,85,86,87,88,89,90,91,92,93,94,95,96,97,98,99
0.0,0.1211294504106792,0.1048941468975933,0.0671660939875941,0.074467954586134,0.1097687328160006,0.1057420384085194,0.1250735566026908,0.1024491760289227,0.083085546026929,0.1058172093044227,0.0801115262199566,0.0707315175759884,0.0627111981648788,0.069843169340811,0.073913955863158,0.0992730197623545,0.0764045831607284,0.1135689243952209,0.0954411238667486,0.0820220624934782,0.0786921650872328,0.0706978643419809,0.0741977885988349,0.0766859044924229,0.0731901899980933,0.0675644213493461,0.0795985416932761,0.0863059277426171,0.083212381618372,0.0948072603810265,0.0832686627104926,0.1110200019184268,0.0848628880721754,0.1155144325501089,0.0759408539509907,0.0863103263703834,0.1149459973181753,0.0837139650199322,0.0834853671968947,0.0842638395234985,0.0810895974190538,0.0747680616991173,0.0766936736878821,0.0873510327488829,0.0724433826333557,0.0766736784499204,0.0634581476984171,0.0609109138720475,0.0656020219154782,0.0835117295845338,0.1233563376030013,0.0895218048069266,0.0941146693456342,0.0947037243251259,0.1055671319501843,0.0998704861698303,0.1007181113793224,0.076238053955963,0.0758642246062923,0.0573320411141859,0.0752463914541532,0.0522037303464253,0.0675624879136886,0.0662892519278717,0.0801369715607488,0.0810660349366246,0.0946330273384625,0.065442675268439,0.0738785255136245,0.0734292693166587,0.0711852210536538,0.0705324811785685,0.0567292221729969,0.1088043315745967,0.1043554445218445,0.1197678711489222,0.1278532514910371,0.05834704410219,0.0601376297228208,0.0613091239869782,0.0852681213325507,0.0539350313169864,0.0843061310777168,0.0825876588434469,0.0933257873367062,0.07854674597878,0.0678733103244662,0.1098741672695781,0.0770151084672684,0.0638299783358432,0.066717574441675,0.1032187830446477,0.082988321944031,0.0916635003097233,0.0806236101920241,0.0814987860913948,0.0681355157205847,0.0964357479442593,0.0563996914028877
0.1211294504106792,0.0,0.1388490628193467,0.110140221819969,0.1098645576892552,0.0705635683786434,0.1843976768651135,0.1697600828386869,0.0669231098870823,0.0986340827501594,0.1539213633128209,0.1268506597511254,0.1375785338577407,0.1166640420680448,0.107397872672438,0.1026306026021857,0.0623155924605786,0.1323899770327458,0.0847850862883577,0.1329759131502789,0.0896832288672554,0.1014659814013519,0.1506595318149033,0.0753729105404566,0.0805187330548072,0.0903324680662873,0.0805261160283194,0.095407066932897,0.1175296441702549,0.1117530979237342,0.0571514075487467,0.0948124722131763,0.1026486843928638,0.0832723957706953,0.0588387214414199,0.0718868975517318,0.1445514499909239,0.1506722971692823,0.1391061198763595,0.1092805553017256,0.092880019546934,0.136853395467655,0.1196254962682244,0.1725201683636382,0.145832765920833,0.136474117736927,0.1228287922364575,0.1039478074217443,0.0894532014316609,0.1426560567175873,0.1431499504005734,0.1528158103362482,0.1495085283353675,0.129536874543439,0.1118427789445071,0.0695725132184979,0.1589997181747257,0.0692346404413716,0.1068858378538497,0.1401573502656285,0.1167434059643039,0.1316197058327952,0.1042914542465539,0.114914151004286,0.1070329856286959,0.0869712894101016,0.1197976522712228,0.0900178155551806,0.1175974159061026,0.1346619894323523,0.0983400410539917,0.1389607788692289,0.0856908208792939,0.1127605898822099,0.0804193722325931,0.0898755405153078,0.0939237837251351,0.1104577604745244,0.0887293400528015,0.1031003642964395,0.1138319745008847,0.0917509882833033,0.108865419390425,0.1746743200559221,0.1191669909674106,0.0999663504306399,0.1211473349022997,0.1239053512115346,0.1005256482423996,0.1239859889399268,0.087743379899205,0.1158724488003116,0.1282724047504685,0.0673628402144304,0.1054875858821539,0.1663608314507778,0.1519083323194454,0.122274782775237,0.0662031085302645,0.1158508160792147
0.1048941468975933,0.1388490628193467,0.0,0.1177448255513684,0.0728522326471414,0.0942920969077766,0.1121347726956328,0.0610553413296687,0.1178051568328851,0.1054156351897548,0.1197777240215802,0.1330466530164011,0.1497143544862485,0.0920727340959711,0.1369932246600531,0.0723714261168557,0.134076734215734,0.0759063390014456,0.0774921800584415,0.0766869096855317,0.0877143145081114,0.0933976307262731,0.0943847063532678,0.0986094495935495,0.0893250369823173,0.0915920448839158,0.1004314077144423,0.0602707724954138,0.0833282047181159,0.1052268865805015,0.1046668425617057,0.0596512272537123,0.0615669231928996,0.0991516946477955,0.1110540087392789,0.1077439689777065,0.1003161532884016,0.0630366413282242,0.071789663718425,0.0678849638503886,0.1010395813072985,0.0705415963885638,0.0741413665879808,0.1472926162275714,0.0821017483936296,0.1100408714647194,0.0700803730302977,0.11115880204268,0.0807618959891312,0.1017690537878849,0.1324068081635004,0.0545711275453262,0.0909355185862459,0.0494390938888069,0.0495952273514403,0.1039816276595601,0.0717327525965056,0.0854368934195447,0.118525365959549,0.111696464490861,0.1397248643836326,0.1501679995566458,0.1012821544768222,0.0754579410378011,0.1170593261763757,0.1316696523215459,0.0929440472355541,0.0887492382572706,0.1317099847377075,0.0862279349475498,0.0881994278396091,0.1439558699215292,0.081258232389614,0.1092595772552143,0.0986834475884904,0.0665602595313984,0.0860029161375057,0.1707864243063832,0.0887016313999446,0.1051717047544842,0.093980558685892,0.0831019134150112,0.0860116149909159,0.111014506129027,0.0576306784444484,0.072547115269222,0.0786803109416021,0.0817776567233752,0.0875631143628828,0.0598261451254871,0.0990729157033289,0.0650400154476939,0.1166572469752027,0.1047067475372867,0.0506928093919226,0.1042757977272546,0.0646363929363735,0.0726146039506747,0.1008985713749466,0.0917376613881439
0.0671660939875941,0.110140221819969,0.1177448255513684,0.0,0.0779370117502175,0.0753429765994089,0.1221958218234613,0.1423723409165056,0.0794240110149419,0.0619224006880874,0.1224707199227683,0.0666655653110509,0.07432535801408,0.0940805065662788,0.075728914182275,0.0922255530292129,0.0778399529026452,0.0852824963854809,0.1114778425452335,0.0946197217541602,0.0722123502719244,0.0752657319964434,0.084665496114382,0.0771186806444154,0.0826391387597272,0.0775600774025542,0.0831312091694178,0.0948419742939353,0.1148931730019657,0.0992613991025424,0.0936812075310784,0.0816761500254316,0.1257260975111252,0.096049497346599,0.0901949988590846,0.0764869011556166,0.0865670439602955,0.1267460578797968,0.0951677804942448,0.0804089361235612,0.0674344615955746,0.0911488001509876,0.0793560432118989,0.1135750599687713,0.0956656929525638,0.0693705381564564,0.0800985545822711,0.0561201606967059,0.0726865831018601,0.0791592556488745,0.1100765497963851,0.1484638676907688,0.0971054286238116,0.1072311835786879,0.0947351600380868,0.082062855747511,0.1231036633005897,0.0833102245379672,0.0801891103787025,0.0920407677519247,0.0843318135232766,0.0969666580330663,0.0640001060624762,0.0769663681892037,0.0589154885791109,0.0764516950145653,0.0990919564985564,0.107109654065424,0.0972363531590604,0.1004283786694002,0.0832569588269264,0.0960580975914283,0.082484863782114,0.0691392338368074,0.1120920463093174,0.1152453625288637,0.1121172072967903,0.1188858815371772,0.0620154782825409,0.049131918295775,0.0636758063400192,0.0689374424654537,0.0600992661777329,0.1125445115679465,0.099653372394296,0.0974912519327299,0.0882457899368169,0.0935867398141767,0.0770787778912457,0.0852802694168134,0.0603213273331025,0.088484051992446,0.1017415071657427,0.0859864773510395,0.0953529013816288,0.1149258201034522,0.1001388157007941,0.096837339892239,0.0957619354020376,0.0706432501478093
0.074467954586134,0.1098645576892552,0.0728522326471414,0.0779370117502175,0.0,0.0686824589525793,0.1013569915282473,0.0908810443178324,0.0883696936084666,0.0699232920372264,0.0797659561701358,0.0884646171258971,0.1114067960205606,0.0624834679560037,0.1071031944825072,0.0553758593642432,0.0955562633351047,0.0627681024481338,0.0733409391087616,0.0774661781594473,0.0535858258532863,0.0670292817923281,0.0740105738637524,0.0646935876084199,0.077447310165093,0.058309070077426,0.0786368776796448,0.0611604220512669,0.0906734437239984,0.0672445925377824,0.0830060323005341,0.0683074800005136,0.0714146358292563,0.0869823491354982,0.0886746346689158,0.0831343462441254,0.0782882014711804,0.0808415615563504,0.0618296258565487,0.0616474747928368,0.0631510031382736,0.0742547126940366,0.0514626335638944,0.1134314199894142,0.0829387946574017,0.085891253435064,0.0645243810712239,0.0714259673425467,0.0592314464121817,0.079823819299841,0.1204821041186136,0.0857714708466783,0.0892695314198739,0.0645933464264784,0.0653982533467289,0.0778137889748243,0.0854197677944521,0.065558437720655,0.0870974058793887,0.0797898930749217,0.0958409897399076,0.1139135949058618,0.0692562142153127,0.0537410847942169,0.0911868537701543,0.0989969263052033,0.0815108143094329,0.0676148490719694,0.096742179611529,0.0809889447768757,0.0448904084591347,0.1128324658565682,0.0709423380833216,0.0791801814347113,0.0896915373060208,0.0735184402655368,0.0997526984458494,0.1444751553299259,0.0651512623784263,0.0670819736385707,0.0601962298256718,0.0639367946906365,0.0591870024013233,0.098384169500279,0.0689319195589966,0.0464270773568613,0.046470004151618,0.0591727860063814,0.0860848343671367,0.0569820893913709,0.0547054852756105,0.0675540116556523,0.1011004505944051,0.0640249188397453,0.0553365291176442,0.0943991097037063,0.0605304631590665,0.0652276114396503,0.0767562504526239,0.0547961137931219
0.1097687328160006,0.0705635683786434,0.0942920969077766,0.0753429765994089,0.0686824589525793,0.0,0.1534990998496214,0.1287452088678231,0.0504856577151701,0.0700613211824666,0.1331571789128728,0.1118057577947795,0.127283971487312,0.0975481965820938,0.0990978496501205,0.0829294831727822,0.0698336111725705,0.0952150526615328,0.0616939909181801,0.0983779437455593,0.0582174295974522,0.0727073275192839,0.1199944208759924,0.0669625248416173,0.0724670536155204,0.0692316061360746,0.079216783909927,0.0695938736299771,0.1026158094549899,0.0923291771580541,0.0563934204346553,0.0672774126093399,0.0814067126100927,0.0748753944834913,0.0469073921779012,0.0725359449197932,0.114135348006935,0.11006558846085,0.102559280032449,0.0708330288122249,0.0676626750352763,0.103005741036186,0.0835480286806559,0.1627445411022272,0.1192904120547033,0.1089602399554503,0.0877833476902834,0.0825055615277653,0.074905977461042,0.1219068187480808,0.1380595486417165,0.1121904495977599,0.1227746653304436,0.0887111060052639,0.0708131463423406,0.054024491625681,0.1241593327782326,0.0461758185163962,0.1000158913686869,0.1187619409406122,0.1184183171605541,0.1362319595391894,0.0903270580409606,0.084026623182029,0.0912315858941798,0.0768277121954267,0.0987956519051199,0.0661361686949575,0.1142003157128174,0.1143317844616805,0.0723559371947146,0.1333920600577186,0.0787416578679678,0.1005507399601379,0.0708830430703299,0.0682817742027834,0.0773985158609413,0.1145340946899464,0.0671568881267916,0.0807361045001347,0.0892168341785568,0.0605911230827794,0.0823413859357443,0.1508991448559622,0.0881282699346441,0.0693362184335576,0.0830297995620765,0.0967070901329892,0.0539637893781045,0.0873991565624557,0.0720960289902769,0.0885791515516189,0.1109706937145335,0.0615434779630925,0.0709032010028974,0.1441978494931014,0.1117800655950201,0.1008493786697588,0.0674826669022435,0.0929840417610213
0.1057420384085194,0.1843976768651135,0.1121347726956328,0.1221958218234613,0.1013569915282473,0.1534990998496214,0.0,0.0876006249421917,0.1562922221763822,0.1291914404347758,0.0766968793628573,0.1198619521117959,0.1327759026459611,0.0900811346705227,0.1491661829633732,0.0915029366735374,0.1713475900183368,0.0791918865178768,0.1455804621285722,0.0794474643281775,0.1208701263354986,0.1247736332750726,0.0887271202569319,0.1233859164232688,0.1324878921950265,0.1124329665320447,0.1286347515971962,0.1113143903613634,0.1259236393091993,0.0959657649891584,0.1512352344487745,0.1200131649577967,0.1249484324667814,0.1358888389584303,0.166596608817992,0.136140229391063,0.0796527004086617,0.0843660126179566,0.0736802664602363,0.1121521579655166,0.11995005688075,0.0672991422460304,0.0965629646359951,0.089760908573558,0.0814126215638669,0.1073959407455982,0.0908432074607815,0.1202679950130449,0.1049450197467263,0.0742299517490345,0.1208354445693742,0.1013601930148407,0.0712870023496852,0.1053780086977312,0.1168178407834113,0.148411963381033,0.0747763131390596,0.1406294341802453,0.1244003664055299,0.0859656264419165,0.1336103007919293,0.1314999890684896,0.1034578698727557,0.0952019146591105,0.1406330493056102,0.169883251476448,0.1140269226104167,0.1416111807791371,0.1368623912190809,0.0802612929086303,0.1041992302204106,0.1487039394352957,0.1152890118962897,0.1115398507507805,0.1592483156055015,0.1278971189277888,0.151340492424089,0.2130016132490202,0.118241702420176,0.110180023782704,0.0874961867049149,0.1188302293125819,0.1010336941678404,0.0617542910941373,0.1012521803249711,0.1055070019063549,0.0978527329661516,0.0798989371768209,0.1426315074389862,0.0820395049078426,0.1158301573022543,0.0808402524950056,0.1141493613640865,0.1345733600107856,0.1158672185699853,0.0483632187860825,0.0686697699161804,0.0821776923787462,0.1477929284774791,0.0842305846860249
0.1250735566026908,0.1697600828386869,0.0610553413296687,0.1423723409165056,0.0908810443178324,0.1287452088678231,0.0876006249421917,0.0,0.1476797513619292,0.1372310451425782,0.0990620690516075,0.1509516157460887,0.1681649474497715,0.0989933467111619,0.1612535095884889,0.0840021909073747,0.1649509185672311,0.0815629346482207,0.1059938890204866,0.0873272560223242,0.1148604696730839,0.1134314168996905,0.1026955289271751,0.1241369678769701,0.1141980117165547,0.1203500637670501,0.1195079373334347,0.0872354065235479,0.0976493981017621,0.0924916849765333,0.1326275824742155,0.0984773292729294,0.077849653438524,0.133289138929614,0.1504100492279869,0.1373676081191162,0.1010414226856758,0.0575574584023257,0.0732024783187105,0.1006603125297052,0.1208718228660415,0.073806928224077,0.0951528789403931,0.139662483608665,0.0836027813906249,0.127423034337317,0.0891606365080306,0.1389695174714824,0.1078349489363722,0.1048681533247447,0.1361926380695322,0.042647391251251,0.0851338035103647,0.067233224259844,0.0816781958507005,0.1349953905546627,0.052769900797242,0.1164708300895542,0.1384970943637873,0.1115111074249304,0.1595584381206659,0.1684205002354707,0.119267043029604,0.0975169484544882,0.1490428912130824,0.1684003667154926,0.1012859860642211,0.1125726500319854,0.1552046662583929,0.0827186799367622,0.1047686082406726,0.1619887368979802,0.1097959627800773,0.1259444603479964,0.1303464985206002,0.0920060091642877,0.1160060298072624,0.204216993919555,0.1211294476171002,0.128395555414322,0.1035231458658949,0.1151954525684715,0.112660246069578,0.1000701095789357,0.0752520250971035,0.083404494191033,0.0800981205062719,0.0838819670769669,0.1280914918068121,0.0860233526806787,0.1273784424585835,0.0854819324576729,0.1198817904199323,0.126922012749016,0.082788757939299,0.0863970879563522,0.0578496792365801,0.0800304875588619,0.1294586509262969,0.1008105391493304
0.1024491760289227,0.0669231098870823,0.1178051568328851,0.0794240110149419,0.0883696936084666,0.0504856577151701,0.1562922221763822,0.1476797513619292,0.0,0.0738706097738537,0.1404165599282971,0.1101249186040397,0.1202591065334851,0.0994066865962279,0.0896177722425155,0.0790202208003443,0.0642821900486328,0.0986101292466042,0.0771873603017184,0.113754102341599,0.0687867343459601,0.0899542857475224,0.129421119760331,0.0613829212786566,0.0676749190716828,0.0812557717241534,0.0649200510607226,0.0772205512164551,0.0893577301088379,0.092998030843094,0.0504920236417747,0.0759975866328876,0.0959219250139544,0.0672113067331837,0.0534009284768211,0.0623388670564013,0.1164941885823987,0.1306553530008367,0.1177668118764981,0.0910928852530634,0.0599590123092382,0.1073774060706074,0.1042703001032722,0.1532852575103513,0.1175792010131196,0.1042754112395267,0.102188367974263,0.0761435733721218,0.0725369031919962,0.1148483863031317,0.1240864584165124,0.1365092799819365,0.1194451632206035,0.1059725745948253,0.0897942824406253,0.0590342942677694,0.1302004409586514,0.0578721706755777,0.0939425947816122,0.1204561534404625,0.1045192828517474,0.1237848863384338,0.0875243261914741,0.0953357763493871,0.0846883747117239,0.0731136183582748,0.0908396625503589,0.0861474549640437,0.1130513755766104,0.1077790464810873,0.0795817315157993,0.1254658129201935,0.0684862465819882,0.0893137935472407,0.0799092403383656,0.0784352712676897,0.0785542135133367,0.0988169239749644,0.0622123425470781,0.0751581990867739,0.0909705310912346,0.077547663426258,0.0811710037848928,0.1477297622245458,0.0948908549974031,0.0899017749529454,0.097622592926236,0.1025716120487952,0.0654289918661214,0.0999524626535939,0.0722310529308451,0.0981676651793215,0.0908511618209376,0.0616122083391834,0.0889290261838235,0.1402744871163238,0.1235274837976991,0.1031776091963216,0.0679764171834956,0.0909856163712626
0.083085546026929,0.0986340827501594,0.1054156351897548,0.0619224006880874,0.0699232920372264,0.0700613211824666,0.1291914404347758,0.1372310451425782,0.0738706097738537,0.0,0.1050459044024217,0.06871938076834,0.0884102465491787,0.0930504569362673,0.0758942737887377,0.0810763019180772,0.0780380997546652,0.0912388692383315,0.0950864366533947,0.0987452663082814,0.0562238640089493,0.0814794361671943,0.0852263401108581,0.0668254734892782,0.0796160430015453,0.0588980514644986,0.0861362747707497,0.0823519159180649,0.1108538851047115,0.1110375501129984,0.0821742699318687,0.0714434132054355,0.1022932547733119,0.083138346500865,0.0744857441479592,0.0702421796700112,0.0881439794344608,0.1255054995597868,0.0916265984409985,0.0690952916623147,0.0726927911345431,0.1000540058586358,0.0716467655748448,0.1188785750494383,0.0968649713603223,0.0795295052686035,0.0818556995689779,0.0511530299504017,0.0751456721813415,0.0979853491816459,0.1182441902598197,0.1306046389577878,0.1060147697882021,0.093970392947106,0.0780796727040517,0.0760606589850586,0.1210266939552417,0.0730906264629455,0.0679512050012492,0.0866068503284415,0.0833113945727435,0.0938183991746462,0.0711529795489065,0.064847983215247,0.0700947353962725,0.0876414715406506,0.1063048247600624,0.0844081529056804,0.0902287765966109,0.1084584850885013,0.0667739059578196,0.1123019612308327,0.073321169449957,0.077834104899189,0.0851290133669357,0.0897896249900591,0.0963843155084482,0.1281544583864174,0.0633597013006354,0.0605582515300485,0.0752575576507388,0.0569023972018358,0.0565645644229428,0.1255422025281368,0.0942477756634958,0.0792561012826612,0.0908937865743157,0.0957863335326561,0.0705743773979394,0.0759245222542091,0.0589727465376255,0.0896870930268884,0.103861550922294,0.0760636292288167,0.0823742966761099,0.1193549813132145,0.1032262503583634,0.0957761909070828,0.0806762846900745,0.0699669174598006
0.1058172093044227,0.1539213633128209,0.1197777240215802,0.1224707199227683,0.0797659561701358,0.1331571789128728,0.0766968793628573,0.0990620690516075,0.1404165599282971,0.1050459044024217,0.0,0.109815595327555,0.1220169633433976,0.080678821504086,0.1377163796789675,0.091929317086777,0.1399037627212871,0.0894402697101686,0.1323480428004557,0.1085366078186431,0.0944985936793814,0.1104129263848132,0.0916683476980475,0.1050375698623529,0.1247589545278207,0.0895457918958931,0.1146042085328928,0.1088050848403777,0.1326113910408489,0.0967079967244185,0.1305542044104514,0.1232951388460487,0.1172442810124027,0.1362019008071201,0.1455835524970481,0.1155131404304044,0.0986928134281889,0.0989002116831507,0.0721595302274722,0.1082387877270789,0.0966447714153998,0.0919656380502144,0.0876650919511107,0.0974376263957507,0.0970081351984951,0.118177373267779,0.0988356205456234,0.1068374771454326,0.0999613581771329,0.0987589626959758,0.1334705271494939,0.1068215285624737,0.1055597124503706,0.1029810542239885,0.119219049617509,0.1299833001457773,0.090261283604318,0.1311074653507555,0.0837386523465096,0.058289738069255,0.1085232647357295,0.0984846831008257,0.0949678345037531,0.0891761506791941,0.1451426174135857,0.1531553167941637,0.1162620749242116,0.1098711836782818,0.124103425610754,0.1005962866460344,0.0810388038562957,0.1495915644484051,0.1144789359042832,0.1193871537292987,0.126332032900957,0.1175818669410533,0.1500750405194813,0.1880472960960842,0.1211212293125541,0.1037161900584923,0.0852893321997182,0.1006419540306502,0.1005718583554784,0.0987325605821624,0.1117455843751231,0.0903298885177084,0.088360778038599,0.0739735741483237,0.1460615858654788,0.0816001861288074,0.0998938588878112,0.0891398052508035,0.1181599377700902,0.1064963662681601,0.111193301252728,0.079577738789114,0.0789292379165211,0.0947828335657175,0.1279998637337084,0.0843437922226409
0.0801115262199566,0.1268506597511254,0.1330466530164011,0.0666655653110509,0.0884646171258971,0.1118057577947795,0.1198619521117959,0.1509516157460887,0.1101249186040397,0.06871938076834,0.109815595327555,0.0,0.057243383302508,0.1081793906139625,0.0847566035279849,0.1015156619896615,0.1030560218944906,0.09985416977406,0.1294338030631049,0.1028473350086311,0.0894729223681983,0.106351681744566,0.0717874356352102,0.0847445104717488,0.0910635770594433,0.0914312539329688,0.0869631470502415,0.102750163788173,0.1201262531646657,0.1102309962912544,0.103453287136847,0.0993728109619784,0.1384293996376086,0.1068984251454011,0.1154039277676596,0.0770794930259231,0.0749003361722022,0.142776448357497,0.1096085724364449,0.0945505869985882,0.0738524616559528,0.1071700882032933,0.0908790654609956,0.0872305767377439,0.0879808583946755,0.0715329219881486,0.0900710264724373,0.0612615345061353,0.0871331086108578,0.0790718286175754,0.0902686956107454,0.1581683466509435,0.1005833165837612,0.1215899569706244,0.1089703786995648,0.0965222713630198,0.1348292759921678,0.1061724608179873,0.0710330201296314,0.0754474050418182,0.0694478164470711,0.0867418170429455,0.0789076317425851,0.0795889525857014,0.086204785994858,0.1032396878158078,0.1112544194535985,0.1273113201648508,0.0925333479213833,0.1082559405771533,0.0921679612864617,0.0917825573831397,0.0890463593801424,0.0697105765338067,0.1254481417273318,0.1232166990334616,0.122661856327405,0.1390224128584977,0.084760072861805,0.0702870856494431,0.0801302824484528,0.0879960469635576,0.0739971126203988,0.104294068292654,0.1102908355857876,0.1062102213224269,0.110675929589272,0.1006852663891885,0.1027952343931099,0.090519787258046,0.0740077624572514,0.0941350444230179,0.1012993925628331,0.095192787634396,0.1086682538486627,0.1155365467368449,0.1143797709104789,0.0982400773450145,0.1085311510909925,0.0774706403178421
0.0707315175759884,0.1375785338577407,0.1497143544862485,0.07432535801408,0.1114067960205606,0.127283971487312,0.1327759026459611,0.1681649474497715,0.1202591065334851,0.0884102465491787,0.1220169633433976,0.057243383302508,0.0,0.1122816696650911,0.0833448530889835,0.1198552848380002,0.109125434795149,0.1145962026359265,0.1477599758163791,0.1147360313488669,0.1030550005786694,0.107138362056406,0.0931572268845747,0.1048746337431632,0.1020675550799467,0.093994670022376,0.0916322191840267,0.1203035862157114,0.1382052431851554,0.1296438594679661,0.1181164887192363,0.1137023436576,0.1528519180043667,0.1210099952145617,0.1319031267531293,0.0909567776600331,0.1017391848824884,0.1511270014403095,0.1165794057638064,0.1091727515810561,0.1012238624899742,0.1155939518427889,0.1027887749616941,0.0884774747253652,0.1032938926372512,0.082391160496582,0.0995906308245113,0.0723726658081331,0.0970183576465349,0.0877762352565122,0.096849224915912,0.1702764670259416,0.1099386233675907,0.1339736963982515,0.1281997283549812,0.121841721106918,0.1403459354869074,0.1278044750081097,0.0774238111263685,0.0847405210594497,0.0775602612584197,0.0820459898768217,0.0785256640550025,0.0942722646678556,0.0943831744008033,0.1035506063393829,0.1296572311870221,0.1329913362137031,0.088615257642907,0.1141257423716465,0.1047588730952117,0.0970289077654824,0.1039186106934408,0.0892964941498328,0.1279124588513173,0.1372066108199433,0.14167179971958,0.1485551800869778,0.095345465217998,0.0754850228286502,0.0832151054058167,0.0959883977630892,0.0895029339549086,0.1026287378013088,0.1242480101060754,0.1275369525234273,0.1282718211903585,0.1077609934206416,0.1262016016416755,0.1043418343896282,0.0988043799511221,0.0982964535208874,0.1182827348542875,0.1075003536036494,0.1276454818332907,0.1175513624858757,0.1267299928349462,0.120348573068639,0.1264787680968407,0.0930783932939485
0.0627111981648788,0.1166640420680448,0.0920727340959711,0.0940805065662788,0.0624834679560037,0.0975481965820938,0.0900811346705227,0.0989933467111619,0.0994066865962279,0.0930504569362673,0.080678821504086,0.1081793906139625,0.1122816696650911,0.0,0.0830823084248767,0.0607134415733773,0.1053915973908607,0.0715250475903963,0.095409884381672,0.0995328560002925,0.0780740550405164,0.0698500329702342,0.0861076667795676,0.0727201333297864,0.0789110395780862,0.0679120234991964,0.0784731924550888,0.0743723439565479,0.0737579506473837,0.0679154982678188,0.0936655793320716,0.0823528675602045,0.0816732416334418,0.0876818740831405,0.1074237119306744,0.0871203753724311,0.0957806982838521,0.0960934998054353,0.0842078082880777,0.0911219122671593,0.0861596918787442,0.0803477409156145,0.0804175084750267,0.0943727528966005,0.0850173831406258,0.1038448540180659,0.0891834029366359,0.0930079412597382,0.0648392795080081,0.0781839138064595,0.0961665226560959,0.0943892635369112,0.0881029197654968,0.0747727068550663,0.0913773325457691,0.1017184703828563,0.0836765151248573,0.09330420354956,0.099120737581339,0.074249189403038,0.0834412945495235,0.0927741373499606,0.0664359108498864,0.0645107130935771,0.0894288036423516,0.0956857222288655,0.0742900052794184,0.0786220677767008,0.0794809066903322,0.0755004973151876,0.0636924621005,0.1052757546669727,0.0734022639425619,0.0817347328282476,0.0989447642229482,0.0889014945282415,0.1153317334979144,0.1306629742176959,0.0719556352446296,0.0845367259148175,0.0708815206455803,0.0885936348528882,0.0721743371566878,0.0810423050807992,0.0756003260070511,0.0743419702263897,0.0576187072765615,0.053752129933642,0.1078499184303127,0.0686155317653678,0.0652143298491534,0.0649442596932215,0.113837705723089,0.0724630491571685,0.0758133454105622,0.0649397838716663,0.066801023315944,0.0595207997367829,0.0789083781322965,0.0631592785807529
0.069843169340811,0.107397872672438,0.1369932246600531,0.075728914182275,0.1071031944825072,0.0990978496501205,0.1491661829633732,0.1612535095884889,0.0896177722425155,0.0758942737887377,0.1377163796789675,0.0847566035279849,0.0833448530889835,0.0830823084248767,0.0,0.1044261069713435,0.0715151354265072,0.1191168270052593,0.1288942626814949,0.1276837877841594,0.0912321051072568,0.0831986328301294,0.1032838461125553,0.0813627977235237,0.0813293282533302,0.0833582632108421,0.0898835919696632,0.1046426530951793,0.1141763014605579,0.1115305230425764,0.0919279008721584,0.096672621444099,0.1303787655168583,0.1012327490793918,0.1038093106128618,0.0801482136439748,0.1196383599238042,0.1557569374831593,0.1264289326001992,0.1018948451081818,0.0988267992764224,0.121224441348825,0.1013593474426249,0.110180363727008,0.11869476329028,0.1040622896606527,0.1125650638603016,0.0806307155355945,0.0856920958020177,0.1069003666510153,0.0944433290655659,0.1554183040216632,0.1267925304173982,0.1205310909774428,0.1144076869257096,0.1047532033916246,0.139214672218282,0.1065193734054062,0.0817143791172758,0.0972431104660378,0.067899633859932,0.086602852808613,0.079542733413554,0.083468262625842,0.0735823518766423,0.0744600132858243,0.1144318926607049,0.0976610872370919,0.0669020379309662,0.1138289922097367,0.0953940491238828,0.0895943254163828,0.0864998990218513,0.0870670528600312,0.0925992099724363,0.1199236916991724,0.1355233433063778,0.101400208096282,0.0776868368977558,0.0860306924700438,0.0934355600224942,0.0881643698557804,0.0848248850032834,0.13089863591734,0.1152837587394204,0.1115079514177516,0.1106623104236652,0.102421826075558,0.1085786134983531,0.1046810155863583,0.0757267862655436,0.1038101371862444,0.1338513831091406,0.0880973305627669,0.107582924152265,0.1239029604186452,0.1264244930093719,0.1014160529057148,0.0952959235006665,0.0913822813431835
0.073913955863158,0.1026306026021857,0.0723714261168557,0.0922255530292129,0.0553758593642432,0.0829294831727822,0.0915029366735374,0.0840021909073747,0.0790202208003443,0.0810763019180772,0.091929317086777,0.1015156619896615,0.1198552848380002,0.0607134415733773,0.1044261069713435,0.0,0.0984667861374971,0.0601114747257707,0.070223057798185,0.0718828516617823,0.0693257000477185,0.0808827795589831,0.0806082140220808,0.0557624036185361,0.0632690080464343,0.0669796397619925,0.0666867993766998,0.0529471926357125,0.0647323204988235,0.0621529664546245,0.0753141551329623,0.0642215538332732,0.059614421393482,0.0687021711903644,0.0923705038980458,0.0720116462715399,0.0720563709896417,0.075012371350591,0.0676516426734072,0.0735318721683098,0.0637272146095573,0.0594990344269857,0.0719389179741644,0.1104406524967082,0.0682087313876119,0.0813933325524013,0.0680415274413384,0.0803618832413422,0.0538809382429581,0.0699086435322666,0.0940645896884024,0.0814983323005348,0.0704869732134427,0.0654980944072363,0.0715693839543821,0.0750145880560286,0.0729985658339651,0.0735278654490502,0.0889236727279333,0.0831996627315922,0.0928513875804671,0.111631837293862,0.0671407667271182,0.058722544697153,0.0917538435521534,0.1055940180430603,0.0597011086641193,0.0790447379138902,0.1028605583067099,0.0637384312452253,0.049188287015776,0.1066351053556619,0.0501945059686925,0.0702010218459919,0.0951218790635353,0.0624686617561231,0.079373521758786,0.1368593013966587,0.0654024391262269,0.0764452013848061,0.0626986406301746,0.0810233256535369,0.0593203349985512,0.084379084257095,0.0513801531454544,0.0469357565899173,0.053932450630588,0.0556831483128938,0.0940707052035217,0.0597204629120547,0.0664122861485171,0.0554795493444871,0.0842545808312425,0.0593071524170467,0.0569979814175058,0.0754954840111141,0.0611466411662449,0.0464147844805381,0.0716181321634103,0.0512521291388028
0.0992730197623545,0.0623155924605786,0.134076734215734,0.0778399529026452,0.0955562633351047,0.0698336111725705,0.1713475900183368,0.1649509185672311,0.0642821900486328,0.0780380997546652,0.1399037627212871,0.1030560218944906,0.109125434795149,0.1053915973908607,0.0715151354265072,0.0984667861374971,0.0,0.1251209574389498,0.0990633412669289,0.1262999658904475,0.0782830500707424,0.082799979643564,0.1277723301967414,0.0665068599713647,0.0703641422666549,0.0823226938316615,0.0785462665967285,0.0923481022785616,0.1121167505848233,0.10811466044336,0.0597900902575105,0.0834123351478568,0.1065946509499371,0.0827373796991252,0.0545007332557362,0.0609068586377224,0.1302488499924778,0.1488614759942882,0.1300016574612595,0.0983789747448018,0.0871820041280591,0.1268221735855089,0.1107489624349318,0.1537762678502776,0.1303166853546108,0.119046787112781,0.1099011207248259,0.083877083006028,0.0857936410226627,0.1266996890290334,0.1224236015980849,0.149091001418717,0.1386997304487088,0.1219699781079162,0.1069602298638449,0.0605196802268536,0.1515206546096785,0.0775585123940616,0.0918390462080726,0.1201580010538078,0.096024685698879,0.1184002529955756,0.0932838067962746,0.0974272118937651,0.0768078220490448,0.0602375599375,0.1092516380009003,0.0887151323881896,0.1008956095222711,0.1198951217165898,0.0873167507682903,0.1105958252156694,0.0770246743402451,0.09216295101429,0.0728160965595167,0.0990916865600955,0.1074229080548035,0.0808962611008023,0.0736013051503224,0.0876205725843546,0.1083953721101309,0.0818134960584931,0.0935426893047596,0.15893486473031,0.1096839183984695,0.0967999306338054,0.1046808639001278,0.1118774857662135,0.0850293927444832,0.1132114170103021,0.0690799625762917,0.1142319472124243,0.1240483040131452,0.0640388840850267,0.0980262917714947,0.1495532087986838,0.1349074002934931,0.1096406340748529,0.0601290789843013,0.0999403481273371
0.0764045831607284,0.1323899770327458,0.0759063390014456,0.0852824963854809,0.0627681024481338,0.0952150526615328,0.0791918865178768,0.0815629346482207,0.0986101292466042,0.0912388692383315,0.0894402697101686,0.09985416977406,0.1145962026359265,0.0715250475903963,0.1191168270052593,0.0601114747257707,0.1251209574389498,0.0,0.084744570697269,0.0716918409536475,0.0748647766903866,0.0929626426931829,0.0774310368644655,0.0728681805868377,0.0841094779416275,0.0871323834505513,0.0768674633088645,0.0652328508218139,0.0772379593277506,0.0635877484972445,0.0967785049245374,0.0778369735246829,0.0838109441471255,0.0894516928658871,0.1137203219992008,0.0872922752822857,0.0707892621179968,0.060031450651586,0.0616413957029219,0.0768181598599996,0.0706273166161128,0.0431163560569381,0.0722106046556784,0.1035761510627974,0.060887563396203,0.0731520251122414,0.0640829433897098,0.0840608193057664,0.0629056832892153,0.0521816098377923,0.1013571366009168,0.0915870123656312,0.0596121679028312,0.0757417638993296,0.0733053708713053,0.0979351421788254,0.0625137083137987,0.0892271451138281,0.1039759589889137,0.0862043543889028,0.1084479442276751,0.1246501610967872,0.0722081375185519,0.074808583953449,0.0996501155214034,0.1127765512823439,0.0609931636656484,0.1050587176887602,0.1165882298680147,0.0545756545857888,0.0653759262245805,0.1155911393017243,0.0740788711760032,0.0731348695498563,0.1155708065152394,0.0844163366180519,0.0981001512627007,0.1521098422842219,0.071418582593501,0.0678563262915164,0.0543271424047318,0.0868850440788898,0.0569867247619348,0.0712402299117298,0.0649386763518872,0.0685363511584033,0.0632365494846625,0.0543647629289552,0.0933955250209643,0.0661190520201855,0.0753131242542797,0.0537393665846564,0.0713920311161691,0.0872105000107922,0.0752286473140848,0.0663062061390141,0.0559291749458174,0.0649905731480478,0.0905511705252717,0.0583734790770839
0.1135689243952209,0.0847850862883577,0.0774921800584415,0.1114778425452335,0.0733409391087616,0.0616939909181801,0.1455804621285722,0.1059938890204866,0.0771873603017184,0.0950864366533947,0.1323480428004557,0.1294338030631049,0.1477599758163791,0.095409884381672,0.1288942626814949,0.070223057798185,0.0990633412669289,0.084744570697269,0.0,0.10257189969419,0.0758934283607379,0.0870217928677993,0.1226489812103411,0.067264822574896,0.0739149331330068,0.0784871854358493,0.0747694583248166,0.0564591155623804,0.0747623084197633,0.0865256677151303,0.0574269282512903,0.0622175099473826,0.054842125402781,0.0780342173531885,0.0727318166075136,0.0835777623200661,0.115894119716862,0.0894589283943403,0.1018060381826336,0.0827728705937926,0.0836366433741509,0.0924584830833848,0.0915664204332659,0.1608667701986791,0.1076575531961791,0.1165467517391463,0.0918407209507874,0.0992605870614151,0.0754947216442051,0.1160495024538558,0.1363816401664171,0.0854057068176178,0.1078137386193468,0.0764462635583626,0.0728542100659135,0.0700791940240515,0.1024869624422643,0.0645669159028703,0.1172430705597935,0.1252353633279672,0.1274869764974368,0.1474658041990913,0.0944762015921271,0.0822256325214672,0.1088066650057293,0.1005521160532047,0.0849219070965588,0.0795021920775712,0.1256982125962351,0.1038789538646486,0.071704225956757,0.1391281225217909,0.0718730408997079,0.1042806946365884,0.0888683365147407,0.055015273184771,0.0534254353802366,0.1334479670826752,0.0769728964142727,0.0921289019958147,0.0924130000580862,0.0882524922087072,0.084999064553707,0.139277085385489,0.0732598078045552,0.0635035641763227,0.0802329089116604,0.0910843798894705,0.0816497096596519,0.0869994067983495,0.0821782784967506,0.0781661273555069,0.1053525456862697,0.06802147043283,0.055464485375828,0.1293385984897159,0.1001256149236961,0.088460094496601,0.0608615028374857,0.0908252335699013
0.0954411238667486,0.1329759131502789,0.0766869096855317,0.0946197217541602,0.0774661781594473,0.0983779437455593,0.0794474643281775,0.0873272560223242,0.113754102341599,0.0987452663082814,0.1085366078186431,0.1028473350086311,0.1147360313488669,0.0995328560002925,0.1276837877841594,0.0718828516617823,0.1262999658904475,0.0716918409536475,0.10257189969419,0.0,0.0933821769678577,0.1006385395059764,0.0793324987456645,0.0970398976110853,0.0915122651441936,0.0857706199698324,0.0937025711715253,0.0703278373289451,0.1108539907712342,0.0981400105114683,0.1031164760002379,0.0682981003673425,0.0928928220671814,0.0970269174507554,0.1078927824532674,0.0973176988764569,0.0561031715698204,0.0563357277408836,0.0615650322038995,0.0628819767507584,0.0876149313700678,0.0553916763226618,0.0595005096375611,0.1055302405294601,0.0746177812672245,0.0840741132626791,0.0436936221696292,0.0928263121975531,0.0698073179799086,0.0700087164270071,0.1015761395330551,0.0982223447339195,0.0614319470959591,0.0826102656323732,0.0666106081056042,0.0968338962875667,0.0821068909301914,0.0815297801263028,0.1044317259903361,0.0935196417462642,0.1180986884147675,0.1353544793395152,0.0841538347944727,0.0792431213384305,0.1068333305435597,0.1267784491068909,0.0908342780287153,0.1193917613563726,0.1194519822051575,0.0678801669172197,0.082131899539658,0.1172761819218687,0.0788182800715943,0.0817446966312066,0.1214679869275491,0.0877870705233935,0.0936081389849617,0.1717250761482938,0.0822571091368707,0.0807651524047261,0.0709467767183411,0.0792912831986558,0.083909843296108,0.0836204232963829,0.0661138556400962,0.0793799245335788,0.0866514979670497,0.0761563076104871,0.0863659071321327,0.0672213385524323,0.0946234137883457,0.0627800852106932,0.0869717977757938,0.0942056808328379,0.0754492670913581,0.0905448752647681,0.0728125884994359,0.0674447184146472,0.1114824639539265,0.0699934579950675
0.0820220624934782,0.0896832288672554,0.0877143145081114,0.0722123502719244,0.0535858258532863,0.0582174295974522,0.1208701263354986,0.1148604696730839,0.0687867343459601,0.0562238640089493,0.0944985936793814,0.0894729223681983,0.1030550005786694,0.0780740550405164,0.0912321051072568,0.0693257000477185,0.0782830500707424,0.0748647766903866,0.0758934283607379,0.0933821769678577,0.0,0.0711692848000403,0.0816754120607007,0.0594529636428333,0.0760835174761351,0.0561879296205452,0.0712670637803891,0.0631363133018032,0.1032030062324922,0.0893578185235273,0.071032016258644,0.0672629663055215,0.0855499221376647,0.0724741978716265,0.0750892602858367,0.0670254286192152,0.0935727263213742,0.0975679229734242,0.0718008458701633,0.0569469723613931,0.0643081446930264,0.0781730332317383,0.0604202133374763,0.1220282811264566,0.0941494218248489,0.0843927404480361,0.0724100694894633,0.0625340048243856,0.0508823092833093,0.0956833946953703,0.1297270011687244,0.1079867742096443,0.0968340694442946,0.0761710147426159,0.0680032600625708,0.070395317979086,0.1027361296623919,0.0509743139590128,0.07327788145149,0.0846418992814734,0.0984578233318028,0.1097058032301602,0.0626229387756984,0.0561550647313281,0.0905103684232312,0.0840829416275589,0.0975801681599666,0.0745554244543254,0.0946382641231039,0.0906708241709181,0.0524561901905274,0.1219180585238323,0.0709642904100755,0.0842113127974447,0.0777440631377476,0.056717993316739,0.0915600969130304,0.134263951277268,0.0587700441535619,0.0616641520338095,0.0643363803874698,0.050395364040426,0.0499912998135654,0.1211840667507598,0.0793773558882302,0.0584792072027387,0.0715123279861066,0.0759983117299894,0.0776852258712813,0.0654630917541016,0.0557090050882576,0.0710206005055229,0.0956688267613323,0.0640822661731571,0.0632830770497704,0.1131793998268257,0.0881822641712064,0.0837767978941982,0.0729875882744339,0.0692908951361159
