0,1,2,3,4,5,6,7,8,9,10,11,12,13,14,15,16,17,18,19,20,21,22,23,24,25,26,27,28,29,30,31,32,33,34,35,36,37,38,39,40,41,42,43,44,45,46,47,48,49,50,51,52,53,54,55,56,57,58,59,60,61,62,63,64,65,66,67,68,69,70,71,72,73,74,75,76,77,78,79,80,81,82,83,84,85,86,87,88,89,90,91,92,93,94,95,96,97,98,99
0.0,0.1248416505472529,0.1023332834241518,0.0796900556884146,0.1637637886269069,0.1261336763014857,0.122714371767368,0.1096057881173687,0.1584228666778682,0.0946353920512981,0.0587040830016953,0.0892664651942911,0.1569403828993029,0.1597933671632304,0.1555207623748886,0.1184298002171369,0.1395680423889471,0.1440678180348497,0.1068837445265129,0.1490190829312309,0.1838292448585833,0.1364967862572081,0.1125750136697814,0.1043130989900404,0.0892906565745433,0.0918693334940999,0.0966011816470798,0.1286902015131648,0.1050122959163614,0.1279054446441772,0.0840076368854494,0.1209512798306245,0.1292265419006162,0.1482293342852876,0.0943139249626408,0.1442200585969946,0.1081452205554981,0.1648906963698472,0.0714989314881443,0.0737221137889741,0.1443127670997287,0.1076815503975447,0.0750550041948553,0.1267680095185593,0.1112573952923298,0.1261084590273287,0.1382930574699656,0.1389465135856986,0.0980588805320332,0.1414937074453452,0.0727563596720592,0.0962730819204951,0.0986573234907914,0.085592750176801,0.1611151748494895,0.1191653552654197,0.0964013842722897,0.1538926917065373,0.0848933459375789,0.0866522160492646,0.0866816209777956,0.1579012278437562,0.1291305764707999,0.1000461939560345,0.0968149999285126,0.1743957823867127,0.1227273117067343,0.1065564737617221,0.1414401180315214,0.0815339443650469,0.1494356568479991,0.1038215111888781,0.1047313000382009,0.0876537662660698,0.1316998008115854,0.1199445806232924,0.1057279201656828,0.1041293413685046,0.0810393244703627,0.1108824834137906,0.150820456816719,0.1305344331034061,0.1319683078049368,0.1336828046541611,0.1204356220893693,0.1379747881452251,0.1232093119365486,0.1791067656803035,0.125407903714764,0.1073152685768966,0.118189423746265,0.1467160513539867,0.1042628607066223,0.1004372781168338,0.1086877673221326,0.0864510291912718,0.1438878567921573,0.1690640189187074,0.1369199357699636,0.133829387583778
0.1248416505472529,0.0,0.0765596481293568,0.0974064437851456,0.0877604685501061,0.0857124912187591,0.0735028591458261,0.065545904865656,0.0855015049084139,0.0836627949772448,0.1215434984303815,0.1074744044347911,0.0687658325331034,0.1085751136300408,0.0811222672317854,0.1213745352092178,0.0984583940608128,0.1099594596169689,0.0910826184308406,0.1249348627970174,0.1051012546823535,0.0807578820879833,0.0862606364634908,0.0707337145479926,0.1055380752821113,0.0626631514999994,0.1177640176845328,0.1068259127117693,0.0831586360768307,0.0585234581997764,0.0765161542288697,0.1065475653623089,0.0836427620077537,0.0810681044872926,0.0734777846175462,0.1060680765815822,0.0564335037412595,0.0830784958550731,0.0934284101978838,0.1037115827236853,0.0614664839101492,0.0537294181614125,0.1029604234670652,0.0725116107769735,0.0628736278427661,0.0894333337208115,0.093537297966855,0.0747908803808765,0.1124125343175578,0.0705715648342037,0.0730224204464985,0.0924741221027024,0.070377923637462,0.0871125239559724,0.1082810262091995,0.0698839161623968,0.0586187551825246,0.0776182068301326,0.0708655893782165,0.0626815862262595,0.0738659466158375,0.0875878023341444,0.065828669037311,0.0617194928579007,0.0709892399669465,0.0947738292502359,0.0801165254661901,0.0827533116347206,0.0848566343111402,0.0902706214110889,0.0810800337251396,0.0591346550815979,0.09182132655364,0.1108903533044443,0.0493076500159689,0.0812249904590025,0.071779276654715,0.054035489010227,0.0752016365828228,0.045366005828165,0.0667459195381733,0.0924163852510921,0.0374782111585138,0.0940738188273481,0.0790759514386335,0.0647626199337329,0.0688189576471085,0.111524180438948,0.0724012265132229,0.0718603303840557,0.0690728124592776,0.0788128973635705,0.0739207775921273,0.0589381689956878,0.0557891457360426,0.0902461048782458,0.0841547214915264,0.1124567817748783,0.0775890743630671,0.0878179489159085
0.1023332834241518,0.0765596481293568,0.0,0.0823041624249502,0.1008847625379264,0.0651026051308998,0.0695118376556495,0.0622966256300976,0.0961772551708148,0.0827786091812768,0.0912900042443969,0.083089058313905,0.094988292804555,0.112763519810182,0.1030703894431909,0.1005749022266221,0.0979582192205593,0.1029263671682935,0.0705353920391191,0.1166621008511656,0.1187873006985786,0.077932959288781,0.1001293232303536,0.0758482500382105,0.0835297499518763,0.0663788201836532,0.1043930179542541,0.0933284179304929,0.0764724937432168,0.0758641070446069,0.0697839600213099,0.0857757076678306,0.0680582189708858,0.0954563722020151,0.0564944258659552,0.1006609549378908,0.0538060927862315,0.092155228671326,0.0641182102137032,0.0714961690585293,0.0747066894878293,0.0627482882888966,0.0771874512224069,0.0828053614224967,0.0864782605021055,0.0745204288603089,0.0823139085487511,0.0701774712623189,0.0706301109420879,0.0673135401158285,0.062322913137493,0.0773794457094263,0.078873365931425,0.0696268915505851,0.1166484129247147,0.0566765790784185,0.0610409157157655,0.0885150705878181,0.0503782358662731,0.0656239992677592,0.0518440889638575,0.0958567181598958,0.0672467625713783,0.0549513046647373,0.0747641859409746,0.1112530910861482,0.0730461054813859,0.0672153664743237,0.0825089550763897,0.074509757284351,0.0958780261121142,0.0670469630155539,0.0749338563026772,0.0757937481009087,0.0826806336536353,0.0697583000211066,0.048104665212859,0.0554097752776149,0.070073764489363,0.0790434545509727,0.0833178079319152,0.089022865205992,0.0761368575184407,0.0920779763922957,0.0953069618220603,0.0700119995092437,0.0880468349557637,0.1210149428803888,0.0657938433372637,0.0607090675589206,0.051125651633455,0.0793447080787888,0.0648120380981007,0.0606755266379198,0.0688464157099504,0.0740573496039746,0.079665455357877,0.1156184937437833,0.084179509810764,0.0803115633444154
0.0796900556884146,0.0974064437851456,0.0823041624249502,0.0,0.1667538798510133,0.1128493899041647,0.0698304506457096,0.0772095917750697,0.1238331918565769,0.0946422340978936,0.0707364560980634,0.0472881384285252,0.107590497592109,0.1019960619490026,0.102143338242216,0.0710352969706085,0.0942820393233472,0.1102110599411108,0.0593848833148798,0.1092661649101539,0.1606352348576339,0.0818592279120405,0.1060419415243793,0.0877838199097127,0.0769055319939394,0.0848538581059325,0.0741950949053475,0.1023092691121631,0.0740029951322708,0.0937979457672257,0.0716074641143217,0.0689494517810386,0.1009676578457051,0.1023711384659501,0.0782222385894659,0.0908581633055232,0.082594404043531,0.1532230287107165,0.0528218725654797,0.0621995178507944,0.1081441051755954,0.0954516333859251,0.0942950995919136,0.1314474099826759,0.0782821218711581,0.095203921663256,0.104504459931942,0.108160512505035,0.0729443683272761,0.0994268996770042,0.0481796275208185,0.0676065072972188,0.0932654563478565,0.0592556083497833,0.1732386020008026,0.1093180485157835,0.0805211490249691,0.1379526136668081,0.0754247688637946,0.0682937377012256,0.0679144658317541,0.1086823107717699,0.1036315055601783,0.0795288708460849,0.0823212770144644,0.1241814962886084,0.0952531060507101,0.0599845711122162,0.1106235594749717,0.0680257872723397,0.1259319077253373,0.0834763673747909,0.063707497690794,0.0490610922618062,0.1159745467452953,0.0837634528059629,0.0806004570882693,0.0685507166557474,0.0522365107272195,0.0850609190799387,0.1203630706946173,0.0843380971740399,0.1126857165261061,0.0995236161203096,0.0923852470772903,0.1026897045671756,0.1035147329844539,0.1325787809082437,0.0961453754953869,0.0699833442935323,0.0990490580845364,0.1361869777323588,0.1057408102598071,0.0986027451346499,0.0878616625327116,0.0958147266487501,0.1074673543319314,0.1152649222010124,0.0883739245829481,0.0851820430746157
0.1637637886269069,0.0877604685501061,0.1008847625379264,0.1667538798510133,0.0,0.0893836120683512,0.1206351828653472,0.1065497970878603,0.0975043313044745,0.1276197792699883,0.1611299788458065,0.1754909364100242,0.1051117456509129,0.1383697386037358,0.1156067115031791,0.1700833692789744,0.1363142140948065,0.1210364561827494,0.1352705626992223,0.137510564536493,0.0781994203013722,0.1250209718816297,0.1085637981674642,0.0976192656152309,0.133427231816238,0.1033510256483006,0.1545167232896531,0.1253909797444665,0.1088672673918007,0.0985211427987691,0.1149772969619978,0.1357823104506807,0.1049175501260803,0.1110998889243817,0.0962487948338331,0.1333222374735596,0.0986552827415899,0.0662721812066667,0.1345088597579917,0.145128581534588,0.0945696926647197,0.0789625448400419,0.1270589437600077,0.0795430273747856,0.1156745952065797,0.1073479858516573,0.1145279076061841,0.0836204595428935,0.1395504961271496,0.1082903789447563,0.134278848701182,0.1255486477632632,0.1088485083098528,0.1259449676832555,0.0721803458059161,0.0780118034436204,0.1029639027558625,0.0741573271810755,0.1064200907258554,0.1139702433818411,0.1143739463724911,0.1044083555926842,0.0950933258154577,0.1049927155175458,0.1105527981497312,0.1257698100446485,0.0934726821311891,0.128575057362682,0.0978096532887335,0.1255176129928267,0.0783562014597453,0.1008983657145692,0.1361475992633238,0.1618015055717752,0.0759659626921188,0.1233699474450207,0.1066927402127242,0.1101219284552076,0.1394716754710745,0.1100573349111913,0.0783597576398671,0.1331258412530511,0.0806712119453625,0.0930264661272398,0.1043575489259172,0.0928797697375752,0.0945285725673308,0.1221109619728659,0.1023811425540195,0.1195491857733888,0.0868087092537266,0.0754843723964724,0.0816839841822895,0.0814183873223867,0.1079018300529335,0.1067365604620797,0.0972050270465094,0.1434927769686693,0.1183547617181385,0.112441368655386
0.1261336763014857,0.0857124912187591,0.0651026051308998,0.1128493899041647,0.0893836120683512,0.0,0.0937673471083569,0.0790528272612082,0.0904891510940268,0.1155788458344285,0.1192463855147435,0.1127313760101134,0.1085845609561122,0.1245864305144211,0.1281665318888201,0.1168582428188582,0.1052706449811875,0.092098613432605,0.090411859339021,0.1193659154528054,0.12047918003088,0.0915545859698382,0.1168589973839186,0.0874774383271903,0.1090361998836807,0.0840386075692089,0.1264505172793208,0.083568010823325,0.0849519630452307,0.089628496683177,0.0906213013101883,0.1040254338829212,0.0673154082498012,0.1031368964554096,0.0711180856552006,0.1066803331126042,0.069390827263386,0.0792959433891718,0.0912423351565929,0.1001073685169763,0.0996017540842391,0.0726616178785306,0.1115725520986334,0.0797872333822508,0.1106210851558337,0.0801567089693894,0.090597557563048,0.0789374915892807,0.0835298395592858,0.0740549368856344,0.0865030514096986,0.1065395534438477,0.1019279403965131,0.0906472406433915,0.0964624892393775,0.0772297164858732,0.0881955037132323,0.0859950772649618,0.0766134179245358,0.0863377218987444,0.0826681556657962,0.1046146541976812,0.0877430390793377,0.0569913275488123,0.0980733974135807,0.1147009274155828,0.086450665369917,0.0839704892368492,0.0806090844910034,0.0888436484927465,0.1007650352791967,0.0912345499749415,0.1007790953272449,0.1051986810468333,0.0892297523381472,0.0748443418444231,0.0592997204413978,0.0798122180756174,0.0963851127740911,0.0984619524397951,0.0902733725066347,0.0960695674906735,0.0739315669920375,0.1159458784385455,0.1080567400324258,0.0846241296151392,0.1007725938496301,0.1155708173892068,0.0809632760772365,0.0855854455339231,0.0600552033859159,0.070541318271142,0.090264239215269,0.0738023265553129,0.0775302640704291,0.0814302498038077,0.0788577545156793,0.1235520179118391,0.0945356131341767,0.0962543684560938
0.122714371767368,0.0735028591458261,0.0695118376556495,0.0698304506457096,0.1206351828653472,0.0937673471083569,0.0,0.0591797152957202,0.0764920798365311,0.1047037968332608,0.1081358261522889,0.07855618815591,0.0627057015353824,0.0719981834716786,0.0647993992944092,0.0765036221731067,0.08751177674847,0.0922744274403982,0.0615318511089023,0.0837951863447714,0.1089288221723593,0.0533299400975027,0.1007574581836285,0.0605019156734319,0.0874401992217278,0.0733083215715565,0.0910257742292549,0.0788648812090331,0.0749795349142777,0.0563003428419711,0.0769980082142139,0.0719492947688907,0.0805259242471829,0.0614078214972598,0.076792700051655,0.0817000399509834,0.0577539436084527,0.1098084583152474,0.0795208118170515,0.08548348338169,0.0745223485644756,0.0652680249070199,0.1164565510317079,0.1100335190695818,0.0775390673981522,0.0699469891178015,0.0703100035487285,0.0634191284160825,0.0830445690642158,0.0670203386693904,0.066246748168757,0.0711266636694516,0.0910936864311687,0.0723554931720568,0.1522503394536082,0.0777553760583598,0.0721709806107779,0.0976300075519735,0.0739284048471374,0.0701354643695147,0.0733943076177693,0.0590235367573828,0.0676290620777445,0.0701937354952901,0.0685041962410717,0.0739726729051592,0.0584994147743631,0.0457892798103419,0.0690188250000354,0.0835761088461062,0.0863747972608496,0.0773170522476824,0.0675185133360232,0.0778787053274492,0.0741077082098519,0.0715727679428616,0.0629292843510445,0.0476179782097323,0.06774848572977,0.063551102659192,0.0729211004150898,0.0686990060533145,0.0777335334699748,0.0849404809368536,0.078704561036004,0.0584995613723271,0.0783839646150448,0.0955957223351894,0.0723209008615059,0.0474453240112441,0.0779780064653038,0.1063782008024694,0.0962103208148452,0.0739934923063492,0.0787517519693536,0.0978926579289726,0.0682024747299256,0.0860696676779001,0.0665564800800271,0.0468094499731487
0.1096057881173687,0.065545904865656,0.0622966256300976,0.0772095917750697,0.1065497970878603,0.0790528272612082,0.0591797152957202,0.0,0.0914825101899442,0.074261398367063,0.0909772972186634,0.0843110426139141,0.0811240252224375,0.1045536303586748,0.0872245009519537,0.0941606185390359,0.0978027213493068,0.1043619153570255,0.0663442334957941,0.1066988144532868,0.1054382282551927,0.0616795758482146,0.0812641781278638,0.0583574459549654,0.0792918578998999,0.053872964327895,0.0880804148147194,0.0848179329354234,0.0731525071705314,0.068379588828476,0.0574395128630632,0.0761432926220501,0.0798694446872241,0.0803873215635198,0.0585998480734206,0.1012592444297705,0.0560373862890435,0.0982875189746876,0.0733120217196272,0.0723471108373231,0.0711678137522774,0.0447880286512926,0.0785030193916703,0.0753075695992381,0.0790792256239161,0.0770592684451381,0.0850042735120923,0.0808649698337316,0.0878103914368731,0.0719269503939495,0.0592238924895633,0.0609063824073256,0.0600296136644199,0.0695063369097734,0.1284316133968097,0.0530450223056998,0.0585336821528083,0.0794140738505807,0.0522135676318279,0.0570801315034496,0.0551034715248295,0.0896547136285202,0.0770241615159845,0.0638907446418828,0.0719120477559385,0.1082349882872746,0.0627076977652789,0.055904903791253,0.0775133762848742,0.0633373168131066,0.0853892127351352,0.0468939017979297,0.0735066720649959,0.0864349525132554,0.0574976469490876,0.0825689485073161,0.0667960519936124,0.0480007459034108,0.0586826713875564,0.060995591641772,0.0843933775187228,0.0859262040179895,0.0699113792105337,0.0704099245255959,0.0845630976647065,0.0620080730599926,0.0840809017613547,0.125571056185737,0.0611699986885773,0.0508715853588163,0.0741857045306095,0.0998393442022462,0.07356384838419,0.0570966014550193,0.0538527771607096,0.069405650425969,0.0914569394833979,0.1185465347526587,0.0739638254619175,0.0616446198468382
0.1584228666778682,0.0855015049084139,0.0961772551708148,0.1238331918565769,0.0975043313044745,0.0904891510940268,0.0764920798365311,0.0914825101899442,0.0,0.1460306997412097,0.1502801904532778,0.1226965662469954,0.0704318030231357,0.0769632623784828,0.0735883003910003,0.1106535924368459,0.075313957330034,0.0707521169707922,0.0791191885007642,0.0781440623162048,0.0746897503879392,0.0780979221306388,0.1176104254231432,0.0727358622657305,0.1252754375732941,0.0991911684848286,0.1358018166149425,0.0741572717026121,0.0911913035530926,0.0621276135555588,0.1014597619174099,0.0880237413062354,0.0902839284898248,0.0540114833420873,0.1075232298223316,0.0848183237461089,0.0660012292878783,0.0750444643054528,0.106328137404383,0.1156859830316996,0.072481779728101,0.0820764900759788,0.1545063690955994,0.1201791421078489,0.0850367566916669,0.0772026502921856,0.0776040083032666,0.0601171844666433,0.0964965937931686,0.0663544158291209,0.1034750343554377,0.1040228683426437,0.1241851323356344,0.1087573516067827,0.13146027676244,0.097740321274289,0.0924435756841999,0.0717587891637877,0.1040495824925556,0.0992657390287466,0.1000262159459836,0.056454350357831,0.0668093261827483,0.0851032626792596,0.0893773850552742,0.0736420297516948,0.0682665163724924,0.0781081349095746,0.0566993061768984,0.0969433373422521,0.0666253439475738,0.1043349423603757,0.0990620072971416,0.1156149050642648,0.0808489045140585,0.0812947857379634,0.077539718397642,0.0816436321191715,0.1088094258661992,0.0880629060400801,0.054935165574142,0.0789677744680038,0.0780616352040628,0.1063954149365237,0.0895757459180288,0.0593369013588663,0.0663993503029149,0.0701400971948012,0.0768756378055147,0.0882844644034937,0.0780170077943566,0.0768113248488133,0.1076388431316575,0.0936896654518739,0.1004026749074415,0.1173697738964748,0.0524010510955124,0.0846337072407412,0.0748693655334075,0.0750193472461166
0.0946353920512981,0.0836627949772448,0.0827786091812768,0.0946422340978936,0.1276197792699883,0.1155788458344285,0.1047037968332608,0.074261398367063,0.1460306997412097,0.0,0.0891693698340716,0.107524827980584,0.1291213277943717,0.1674734301724023,0.1379643078445052,0.1394972064705938,0.1555855045066747,0.1640410362236643,0.1139814720856748,0.1659316832207769,0.1475421457342265,0.1060162721563274,0.0862893295089717,0.0995927338152002,0.0850894453872803,0.065729715514658,0.0942453748172173,0.1414581439502642,0.1202263633647939,0.1076410507928682,0.0918057245379753,0.1025750318467285,0.1236829728407537,0.1382853686314159,0.0823433438930582,0.1604075905344661,0.0974452090591908,0.1347580534528774,0.0954179012381717,0.0864300658268049,0.111742746136892,0.0785141697821462,0.0588776533352934,0.0849090982811279,0.1016677343131039,0.1201990202027712,0.1371028153525728,0.1266621198245921,0.1207037911374948,0.1220101764605136,0.0734357678035402,0.0760048093366325,0.0464102895636607,0.0851966667772705,0.1272188337785323,0.0784802063833896,0.0785406557630872,0.1149483657238398,0.0750419942973541,0.0779299757207161,0.0789420969272907,0.1408225703392866,0.1131161810538252,0.1001776718750459,0.0885868141075311,0.1589166234736189,0.1043606994195159,0.1118003980232559,0.1260612150479766,0.0970752831534133,0.1213211885587154,0.0620104892358712,0.098591875975253,0.1090705524448137,0.0851647445571936,0.1260688338679002,0.0918055256553725,0.0824428970987785,0.0725233955310297,0.0760588944570965,0.1307806826201433,0.1414475376669827,0.095824083347311,0.0975267287436549,0.120142592118951,0.1079451707936701,0.1153429922361045,0.1820851311731713,0.1072421292504043,0.0875772227355726,0.1112082978863667,0.1326037840263333,0.0801719646430703,0.076359596403153,0.0715557345753425,0.0777256101674436,0.1439193212227746,0.1728653787089079,0.1298054634797605,0.1078846735946454
0.0587040830016953,0.1215434984303815,0.0912900042443969,0.0707364560980634,0.1611299788458065,0.1192463855147435,0.1081358261522889,0.0909772972186634,0.1502801904532778,0.0891693698340716,0.0,0.0812806025712902,0.1481116961450149,0.1534341620003493,0.1409195616046628,0.1146553691996901,0.1393961051148125,0.1427358881907608,0.0969149142133141,0.1490333169751307,0.169795650796222,0.1173639537410287,0.1052889268653354,0.0965630951675761,0.0826358197556439,0.0860467660550138,0.0684372875747831,0.1258749737535209,0.0983881987854441,0.1172976740594483,0.0851899748116784,0.0962003928602707,0.1264232083700527,0.1365329048303746,0.0888653079584422,0.1383830886240251,0.1015420417357523,0.1577673908615462,0.0643881887616919,0.0581980244828925,0.1325271065409871,0.1027109052103605,0.0706561403661975,0.1253054570563621,0.1058195746630072,0.123210887627642,0.1282610670443847,0.1255235278524186,0.0885359968000812,0.1328055360483642,0.0670857461305694,0.0706318061777884,0.098181265879434,0.0668863228655191,0.1614664189008014,0.1094551339638157,0.0910082677987902,0.1435029228969057,0.0798284459199453,0.081857044743875,0.0739683543252822,0.1404451402543961,0.1219662725237391,0.0966642776682604,0.0924139029368533,0.163099685387533,0.1146758828859077,0.0943260050045241,0.1309353068470038,0.0764063697141463,0.1387716110389856,0.0908515149980427,0.087660262619658,0.0754538878414517,0.1245623785943392,0.1213921333831167,0.0941310402201422,0.0952501919991611,0.0661061119720559,0.1048809479038363,0.1401925051333606,0.1232042320371647,0.1267739990021394,0.1081660311716421,0.1062708427852528,0.1282849543797592,0.116941349640973,0.1728288643182303,0.1146284537515162,0.0960083514453022,0.1118383907744512,0.1446817628804361,0.0975370710069118,0.0995137355229992,0.1110336345104016,0.0796903638868413,0.137667568573026,0.1651458951074386,0.1293845876930135,0.1158201460634795
0.0892664651942911,0.1074744044347911,0.083089058313905,0.0472881384285252,0.1754909364100242,0.1127313760101134,0.07855618815591,0.0843110426139141,0.1226965662469954,0.107524827980584,0.0812806025712902,0.0,0.1099239502427755,0.1018746509718869,0.1038485637891488,0.0636118861145509,0.0851070703864312,0.1111788611840343,0.0651452918032506,0.116806188462973,0.1648313527469416,0.0763404592490785,0.125165771374607,0.0999211378414246,0.0890063732183905,0.1016921944775452,0.0917637461148679,0.0943495991322636,0.0829714202556082,0.0959494228117054,0.0778333465992441,0.0821361425834256,0.0982772018622,0.0990666671437212,0.0886326210175316,0.0904750428753066,0.0898621415721567,0.1545646401106011,0.0660781140615889,0.0617493518193584,0.1104327672969238,0.1065256680205938,0.1129352444488411,0.1350563054868746,0.092303654484178,0.093259392886569,0.1024355915896479,0.1065201146172624,0.0709185187363693,0.0946857558849633,0.061398674971777,0.0818228500714274,0.1099512993216824,0.0768228588342729,0.1872236217504214,0.1143510162406885,0.0946863798724163,0.1439986834168508,0.0795836530024188,0.0764272391783602,0.0732450432977488,0.1073683425030819,0.1024165530144821,0.0828055691419959,0.1043344304952083,0.1184925418086573,0.1046220851389785,0.0647237229407764,0.115057390579853,0.0787770668757225,0.1325646993604231,0.0947086773047084,0.0738979337028758,0.0504334565216431,0.1220906495873771,0.0793622997767747,0.0851967960729775,0.0737123732417317,0.0657732393264776,0.0958537502952202,0.1202154666609255,0.0861683808617964,0.1165148962343608,0.1172342919897788,0.1157629939675784,0.101632617508469,0.1130018427519888,0.1342705239724845,0.0982099591126384,0.0720793869190382,0.0995703664776823,0.1387244573735604,0.1202112239265263,0.1060964384033282,0.0991152506579815,0.1057723992503901,0.1079672471832787,0.1095703859426859,0.0850371636003004,0.0843825496347337
0.1569403828993029,0.0687658325331034,0.094988292804555,0.107590497592109,0.1051117456509129,0.1085845609561122,0.0627057015353824,0.0811240252224375,0.0704318030231357,0.1291213277943717,0.1481116961450149,0.1099239502427755,0.0,0.087047668691297,0.0709122898229321,0.1089662135539855,0.0924351588300027,0.0992623286006561,0.0840849995612667,0.1071021231373715,0.0910760836213194,0.0643622600144409,0.0983347042870104,0.0818951628540319,0.1134841680458404,0.0890547608996609,0.1260312663557257,0.0954025586842825,0.0971890640938705,0.0515019044300485,0.0989868807472609,0.0950659198403187,0.088503358638881,0.0651671799322109,0.0990164186362137,0.0951565403094146,0.0721805879058933,0.0933739828108715,0.1098872903350627,0.1186568875830306,0.0598248216920742,0.0726899395567725,0.1392379891630424,0.1177816028801954,0.077047948406161,0.0858489156942044,0.0753011710437442,0.0663651408851871,0.1121075939607119,0.0713699242004867,0.0941945834983509,0.1030549103511496,0.1113592129333302,0.1061384582820242,0.1442657651664448,0.0962082833281167,0.0893310555861121,0.0854338056061818,0.100100453524108,0.092257561306896,0.1008199710943668,0.0481338466449179,0.0631387047360003,0.0858332021121154,0.094459940829659,0.0621916963382007,0.068096293572328,0.0774612472774,0.0789829067874827,0.1032734797294356,0.076121543636509,0.0933168677097833,0.0910908256854279,0.1167488248283313,0.0774084403345727,0.0804712235382036,0.087693627340232,0.0699189293898039,0.0975863427684055,0.073634941977007,0.0580153265114203,0.0788155653149193,0.07480037610307,0.0990154449548294,0.0983772001276407,0.0557788666409795,0.0759469608361739,0.0938493660616408,0.0842195913586669,0.0750209198459187,0.0848455076175618,0.0889552363420313,0.1029444830134993,0.0844106190288046,0.0898095113912292,0.1169138929903347,0.0821392540677365,0.0844748143430114,0.0754529327982954,0.0624441665010427
0.1597933671632304,0.1085751136300408,0.112763519810182,0.1019960619490026,0.1383697386037358,0.1245864305144211,0.0719981834716786,0.1045536303586748,0.0769632623784828,0.1674734301724023,0.1534341620003493,0.1018746509718869,0.087047668691297,0.0,0.0576042782012759,0.0803203196112275,0.0516009690669104,0.0647968423372149,0.0701282422080882,0.0643779257876838,0.1114209274696451,0.0817196375212288,0.1446143293141739,0.0866159741378289,0.1297741687860302,0.1230757142331277,0.1287376157413715,0.075131630803187,0.0720381299438728,0.086126627518124,0.1059404750935797,0.0989488988364885,0.0806067125480806,0.0539121106303326,0.1135620527509135,0.0453441403135096,0.0904710327564858,0.1154175281999063,0.1051351752002343,0.1139393978085902,0.0858275891017289,0.1112279079956044,0.1691032002638714,0.1471867390837074,0.0881969311148001,0.0908429457526782,0.0689752222679389,0.0761793112389411,0.0938937110147028,0.0773620154473182,0.1111201399823971,0.1177497079453838,0.1515242590696487,0.1071315799656643,0.1802327508014386,0.1133423429758705,0.1026638890670056,0.1265792489724796,0.115338916627703,0.1075931673901171,0.1051935440903278,0.0700445893503885,0.0792151482509152,0.0996451108753873,0.1001357854552141,0.0686061080246059,0.0988210539475632,0.0730568393587942,0.081591454709935,0.1048274576325233,0.1056762696742419,0.1190370629711315,0.0941188371092979,0.0931100554425589,0.1035883607037106,0.0755366772559974,0.101903329431701,0.0951822501318768,0.1110151135073367,0.1071250879142632,0.0826560765818828,0.0631946052114704,0.1122951541104462,0.1245943074846107,0.0821631947982184,0.0941071231392905,0.0808362881090684,0.0568436357372836,0.0789753056059373,0.0899712819000174,0.1047809258024758,0.1274584601733383,0.1397684085845082,0.1195177451648157,0.1209246594635235,0.1374863941937638,0.0659571220787144,0.0537225435919278,0.060818015798668,0.0799505444476775
0.1555207623748886,0.0811222672317854,0.1030703894431909,0.102143338242216,0.1156067115031791,0.1281665318888201,0.0647993992944092,0.0872245009519537,0.0735883003910003,0.1379643078445052,0.1409195616046628,0.1038485637891488,0.0709122898229321,0.0576042782012759,0.0,0.0955997852768932,0.0741742443498216,0.0887241557728722,0.0818486357606902,0.087522198190738,0.0906376267836759,0.0678970310228545,0.1119004510751412,0.0747319812366717,0.1002636396754478,0.1057804403882741,0.1237653110286285,0.0848058663273247,0.0820042939267574,0.0690709846160601,0.0876178878221795,0.0873611681034934,0.0766546589298241,0.0539024878118509,0.0937671175850315,0.0661248027485074,0.0808138511405784,0.0949938632296338,0.10635379834079,0.1178857338822796,0.0590571769125959,0.0895891631982077,0.1451689640762266,0.1256268050669627,0.0745219894701667,0.0793137581512491,0.0704477216960481,0.0741726072194788,0.1163515401547817,0.0708101892985878,0.103858315294089,0.0920596090653099,0.1216954276714349,0.0967601980057729,0.1581249928257548,0.0942564797075939,0.0848426522670621,0.1014699232286084,0.0979366983942242,0.0901450499063871,0.095253662150277,0.0690726515383218,0.0771696718323512,0.0953867299086992,0.0866810005773401,0.0745361968880306,0.0780286548638123,0.0736388913905642,0.070467279353173,0.1056093514937415,0.0848707212223323,0.0914669316135901,0.0843389617965331,0.1045749422921651,0.076966746719792,0.0797170130453995,0.1052813536354627,0.0797894808876824,0.0950040055657457,0.0807811500894756,0.0731944116761303,0.0794764263548008,0.0843021631810645,0.0887410718893278,0.0750480211047228,0.0715095115135002,0.0743196842924726,0.0804971279005022,0.0636915482806176,0.0752772111560865,0.094630338833421,0.1117528437708554,0.1087247053613161,0.0957164432281593,0.1076109882011676,0.1247892289157583,0.0775134178787313,0.0716291077933701,0.0745328867612862,0.073265521367554
0.1184298002171369,0.1213745352092178,0.1005749022266221,0.0710352969706085,0.1700833692789744,0.1168582428188582,0.0765036221731067,0.0941606185390359,0.1106535924368459,0.1394972064705938,0.1146553691996901,0.0636118861145509,0.1089662135539855,0.0803203196112275,0.0955997852768932,0.0,0.0769758421628342,0.08264443184474,0.0573981719729048,0.0765891562524009,0.1578187030884666,0.07562536030327,0.135125944686181,0.0951106975734813,0.1037440394339409,0.1070255981562648,0.0934199545605,0.074794865788471,0.0774811601972753,0.0991495417034486,0.0812233655292079,0.0768606218652214,0.1045470929118985,0.0859642681286213,0.0962991064707472,0.0717964947439871,0.0945746195004533,0.155034004001353,0.0737785264955586,0.0863931633368584,0.1139814519752861,0.1124631710220954,0.1401179652527234,0.1443187095402497,0.0968680985961561,0.0889489302951085,0.0892261621245618,0.1004633455093704,0.0708911415470273,0.0909160551661938,0.0864001985825319,0.0938137227187029,0.1310242375619019,0.0814681622990969,0.1890601323019962,0.1167868362135624,0.0981149114442307,0.1467787250950103,0.0950289583105777,0.0910796787776921,0.0917558065196537,0.0944774373978873,0.1017400000232102,0.094715164395042,0.0960499066219899,0.1002843322234754,0.1037981377185001,0.0624829469108747,0.1091226749421512,0.091353147743477,0.1269079932733699,0.1054807557853058,0.0713795920822374,0.0636771591102279,0.1277467854229451,0.0895944935483328,0.094388895862809,0.0825635950412086,0.0771891534328554,0.1011519840864349,0.1176049758404975,0.072614009563083,0.1264504292080041,0.1146147019741114,0.1006883266805483,0.1016896329346214,0.1036057261723967,0.1122633536551792,0.0986412151521883,0.0828610390305225,0.1054972782126754,0.1451847767767182,0.1288725966063962,0.1152237728081304,0.1113397358951738,0.1247106197202059,0.092522365998888,0.0896706831209624,0.0730314866991516,0.075074137768994
0.1395680423889471,0.0984583940608128,0.0979582192205593,0.0942820393233472,0.1363142140948065,0.1052706449811875,0.08751177674847,0.0978027213493068,0.075313957330034,0.1555855045066747,0.1393961051148125,0.0851070703864312,0.0924351588300027,0.0516009690669104,0.0741742443498216,0.0769758421628342,0.0,0.0669521446158896,0.0614670159934897,0.0714974645454766,0.1099337733276661,0.0866917018973609,0.1369600241430102,0.0839778818623666,0.1289576775235638,0.1141662271810977,0.135655326691854,0.0666692983204746,0.0618437309853958,0.0876380635451055,0.0906963023180724,0.0978678791788894,0.0769289936112538,0.0682915231710309,0.1015907763127956,0.0406091858785794,0.0838999831504262,0.1061929775229684,0.0899291304557494,0.1024878882946726,0.0856386433073062,0.1059019244904149,0.1549030139072245,0.134737784040192,0.0829367290558579,0.0920906036398158,0.0744729972743905,0.0745201846972711,0.0861469393781964,0.0647732184523126,0.0986777859984341,0.1144196508280699,0.1383178500697168,0.1023653396010079,0.167279542788236,0.1079452319725401,0.0917598927469071,0.1146610128954293,0.0997991411752709,0.0934011930713824,0.0908538114171743,0.0763188531045188,0.0747617827371815,0.0829678180028544,0.1002723045869665,0.0819965715557843,0.0980242490669408,0.069123383933607,0.0823784902042052,0.0936928663090774,0.1013782331923121,0.1072714462475049,0.0927179464392547,0.0892142273823665,0.1042277316070044,0.0649233218958917,0.0914611059301905,0.0871530819717647,0.0997205222181873,0.0953680874787399,0.0840442356245117,0.065980709296867,0.1052693078279256,0.1278332199103981,0.0908796706115654,0.0907094451816703,0.0796048017273738,0.0681924958828823,0.0713453927789244,0.0903942619033457,0.0883993274617564,0.1093362365948024,0.1254331312306249,0.1129435421067326,0.1125129869133599,0.1181404583100349,0.0719454282282668,0.056151332073439,0.0687801565035241,0.0921353473587666
0.1440678180348497,0.1099594596169689,0.1029263671682935,0.1102110599411108,0.1210364561827494,0.092098613432605,0.0922744274403982,0.1043619153570255,0.0707521169707922,0.1640410362236643,0.1427358881907608,0.1111788611840343,0.0992623286006561,0.0647968423372149,0.0887241557728722,0.08264443184474,0.0669521446158896,0.0,0.0644577913006679,0.0620955457674339,0.1087292513626379,0.0825963268542721,0.1321425268803272,0.0857618808992782,0.1243157378162879,0.1173908704897102,0.1217516148810502,0.0612475826618418,0.0623853909198208,0.0815580397559584,0.0962649383630429,0.088537559457042,0.0864935325072197,0.0658210206764006,0.103758182489543,0.0626621748744239,0.080219582402522,0.0947681470914043,0.0954853869915409,0.1099933405255533,0.0932731862213014,0.0976174843924995,0.1560932443211964,0.1324463888444568,0.0913544668302952,0.0764522079590001,0.0633665422534853,0.0692532885598341,0.067988199722843,0.0797400363629058,0.1037456427058748,0.114158720948967,0.1405587101860659,0.0940687655982234,0.1542250615514653,0.1086417312140894,0.0984212475590708,0.109746593885481,0.1003770934620753,0.0986313643283424,0.0977713831949728,0.079695793590103,0.0827598793932947,0.0874897080330505,0.0939968862635641,0.0803979902427385,0.0920633732107127,0.0727199030075047,0.0798942178103354,0.0889849403388961,0.0969310278463348,0.1147443164084981,0.0837534957506258,0.0925472828384158,0.114127057238568,0.0815418176764384,0.0852686567006122,0.0914209183070664,0.1076005435894031,0.1053169407510007,0.0873739480116273,0.0560502252670054,0.1050754727215977,0.1162200426384286,0.0796584558485314,0.0904389106377593,0.0663618643754655,0.0639102391871645,0.0841805285668205,0.1035355015032865,0.0870670306082263,0.0972807722911714,0.1199558747966031,0.1022864368255684,0.1098575012731016,0.1149106916732226,0.0602108564577506,0.0714792236868701,0.0566393145389159,0.0864580335062345
0.1068837445265129,0.0910826184308406,0.0705353920391191,0.0593848833148798,0.1352705626992223,0.090411859339021,0.0615318511089023,0.0663442334957941,0.0791191885007642,0.1139814720856748,0.0969149142133141,0.0651452918032506,0.0840849995612667,0.0701282422080882,0.0818486357606902,0.0573981719729048,0.0614670159934897,0.0644577913006679,0.0,0.0757132496099254,0.1253655111284757,0.0562334042153074,0.1045808547932379,0.0702537722935229,0.081915815239196,0.0815939287557738,0.0900784799648649,0.0648365331581848,0.0523857229176643,0.0643646805310798,0.0629855904325459,0.0595436077366986,0.0825271672368091,0.0658792446488603,0.0695602416666443,0.0669185116014361,0.0608503828740908,0.117698911380726,0.054156599467852,0.0638029413304582,0.0789309615255303,0.0770879325116887,0.1127719693188314,0.1185323500997903,0.0658030847761258,0.0693581693411091,0.0710148043410616,0.0721144846276742,0.0562325944392302,0.0682011201269465,0.0606323334409173,0.072439827438422,0.100710209261317,0.0667271832298629,0.159178349281481,0.0895160685685524,0.0683430305009311,0.1090778749015951,0.0666734010641654,0.0635173604155852,0.0595890762276003,0.0703345175415055,0.0712254327687567,0.0714832998183026,0.0724188409476244,0.0849472454403222,0.0706455012695841,0.0426917245987818,0.0787677104943646,0.0562671802860595,0.0945528938584236,0.0725824270761702,0.0521698484758934,0.0553488344455918,0.0978351904827759,0.0704396128435481,0.0614402552921019,0.0551401819108596,0.06290190206184,0.0768512370795991,0.0875653093394525,0.0596215507862236,0.0927781262744921,0.0899710314884532,0.0830667571162377,0.0726756868166789,0.0722600697123563,0.09576214694306,0.0685731208970404,0.067151770739999,0.0735091221863332,0.110249974054586,0.0913404492064845,0.0822724979750162,0.0834202620899506,0.0913982386058097,0.0728335464609097,0.085131158817423,0.0548506512596497,0.0566552640760721
0.1490190829312309,0.1249348627970174,0.1166621008511656,0.1092661649101539,0.137510564536493,0.1193659154528054,0.0837951863447714,0.1066988144532868,0.0781440623162048,0.1659316832207769,0.1490333169751307,0.116806188462973,0.1071021231373715,0.0643779257876838,0.087522198190738,0.0765891562524009,0.0714974645454766,0.0620955457674339,0.0757132496099254,0.0,0.1099206414245506,0.0866397083077191,0.1354000404627247,0.0793678076724375,0.1242415641461621,0.1215121597108498,0.1265977949423025,0.0590564677781135,0.0814531902956602,0.0940623884085851,0.1025036023620455,0.0829138897422728,0.1049958163828257,0.0690407824134499,0.1173205602320793,0.0682001695783795,0.0971383632615236,0.1223076484358815,0.1018085434849842,0.1154073425341851,0.1109037374426561,0.1073412521821667,0.164431010424966,0.1472790587954383,0.1118560356883004,0.0782313591157705,0.0766089935385812,0.0856645378235944,0.0941127062532319,0.0807532201106509,0.109542783025637,0.1086729137440194,0.14082953642542,0.109643203992074,0.174387170226612,0.1152631992367406,0.1079328302028375,0.1076748196128777,0.1169694397120337,0.1131551364447356,0.1116164896348128,0.0830381270364804,0.0961407479676718,0.1090049295220257,0.1022380713343365,0.089081840856997,0.0855034480385995,0.0735047305809131,0.0813509056859415,0.0933215145258667,0.0890536471499075,0.1211877441759993,0.0979438986510431,0.1023366555623314,0.1165613650710962,0.095775604816127,0.1079978721478719,0.0994396055633528,0.1161835970469197,0.1110371053789563,0.1042816026084047,0.0774739791888987,0.1190207344171311,0.1102605040212429,0.0939389709216416,0.0861413243959219,0.0879080750365244,0.0792469770006223,0.090684288250052,0.0999157027962443,0.1085848611271134,0.118451607797403,0.1289352994005885,0.1243048823389536,0.1240797081218332,0.1255024612917042,0.0742026698443275,0.0771837053504107,0.0756988137165984,0.0865468691761557
0.1838292448585833,0.1051012546823535,0.1187873006985786,0.1606352348576339,0.0781994203013722,0.12047918003088,0.1089288221723593,0.1054382282551927,0.0746897503879392,0.1475421457342265,0.169795650796222,0.1648313527469416,0.0910760836213194,0.1114209274696451,0.0906376267836759,0.1578187030884666,0.1099337733276661,0.1087292513626379,0.1253655111284757,0.1099206414245506,0.0,0.1059545008982297,0.1090401732474932,0.0939143966081539,0.1420969077942399,0.1133680860621846,0.1515555288537569,0.1102641946218721,0.1175186146502092,0.0908094007750847,0.1246114581189695,0.1179784207555626,0.1056308834545338,0.0884291887454596,0.1192921022023306,0.1130994772656738,0.1028222166793293,0.0634341670797692,0.1393802723029488,0.148190929081177,0.0811123640078839,0.0947914381837092,0.1614008329075332,0.1243612823322481,0.1177369175227229,0.1066868575875058,0.0996469741720473,0.0877750175235897,0.135405011521241,0.0980162670369797,0.134964332157211,0.1164854760988718,0.124814397370444,0.1306677422236782,0.129794573171066,0.0998620798032524,0.118774333050305,0.0634292137213379,0.1218506620540314,0.1248140761476988,0.1263347389110488,0.0870790112225081,0.0948713072933017,0.1150255304801442,0.1166997033829807,0.110483448197989,0.0771009963870051,0.1168152941039449,0.0756770231698439,0.1210025506282479,0.0516746033991449,0.1154661491409261,0.1285545135615002,0.152399998187685,0.0854748035787583,0.1206086686101823,0.1182562555476041,0.1131412603257989,0.1368877776864758,0.1131138694467387,0.0804166507056733,0.1154635741668836,0.0989205371948545,0.0907241640401278,0.1087094215384888,0.0756644065000983,0.088480578398113,0.1040042440245385,0.0910647403105031,0.1094369017302722,0.1109496126676241,0.0866251240593502,0.1142852921606441,0.1054077760902141,0.120066267893929,0.1186645517557114,0.0989875173518859,0.119433132419629,0.1141054584059528,0.1034339783242308
