0,1,2,3,4,5,6,7,8,9,10,11,12,13,14,15,16,17,18,19,20,21,22,23,24,25,26,27,28,29,30,31,32,33,34,35,36,37,38,39,40,41,42,43,44,45,46,47,48,49,50,51,52,53,54,55,56,57,58,59,60,61,62,63,64,65,66,67,68,69,70,71,72,73,74,75,76,77,78,79,80,81,82,83,84,85,86,87,88,89,90,91,92,93,94,95,96,97,98,99
0.0,0.0661341944687227,0.0759685902748768,0.093609963467496,0.0830224755408354,0.0729513603209863,0.0730149998851052,0.0624570797537242,0.0670183105730672,0.0766269693022107,0.0567421756419628,0.0468487688219636,0.1082918808822078,0.0641206464055451,0.0457120181921314,0.0779207440611459,0.0644650350801901,0.0625329807105406,0.0816741053958384,0.0849424330619851,0.0860289945265026,0.0920472174353661,0.0662999670228192,0.0478550543780203,0.0571634093422667,0.0646785844108785,0.0696922212966422,0.057659471572614,0.0902622083239072,0.0545628434506358,0.0548972341061482,0.0865417115590829,0.0808362832796147,0.0690682203690728,0.0687555131834279,0.0832537726333226,0.0692472919675473,0.0777801892731125,0.0752989301771936,0.0597627467439735,0.0611559061754978,0.0897449658315512,0.0804001697657726,0.066670749716812,0.0777852399807974,0.0808498158783838,0.067244832610546,0.0578173220467381,0.06544323314747,0.0609673710588681,0.0528814679238473,0.0637817663371955,0.0909778402991941,0.0809398919674037,0.0725359804485833,0.0881681665389189,0.0682334631795106,0.0633735796620769,0.0699696846479928,0.071412560082443,0.1186671030730156,0.0665158661051324,0.0581199456420377,0.0603797244452576,0.0529473080441141,0.0696820766369782,0.0653580835098296,0.107048791028196,0.0881167453946772,0.0643087256026906,0.051486881237017,0.0942939975203952,0.0621699127223189,0.0730439178967797,0.0594007703451265,0.0774359179765702,0.1208727736867895,0.0674857412422205,0.0616144726356808,0.0640411822077574,0.0885795859130314,0.0800599920684816,0.07803560909035,0.0640967492842388,0.0659996023534289,0.0564763146362871,0.067857610191585,0.0721898502962952,0.0756242691103354,0.0667482027530595,0.0807709933947041,0.1039980820595388,0.0685471296036319,0.1064935094141131,0.0888517528260836,0.0680540866766832,0.0674274753232795,0.0735942168165271,0.0777060708696881,0.0665487170675334
0.0661341944687227,0.0,0.0657014806152806,0.0707926422906295,0.0690389321688123,0.0727320193697798,0.0638737893278293,0.0706359386431534,0.0561548880772524,0.0973470654115551,0.0519345347820743,0.0499515106022107,0.1516049122634986,0.0876259782159304,0.0808020293908282,0.0499783930578373,0.0628016211186564,0.0506637674029159,0.0845929709189403,0.0585798836242592,0.0577608450056097,0.1128531142776769,0.083863932926213,0.0543394742068187,0.0856219073430845,0.0661766941073798,0.0562917012615252,0.0675408626291849,0.0614360867694113,0.0864947657438135,0.1004033773478119,0.063565347808307,0.0891772627417475,0.0655245426941175,0.0673922936465018,0.070622914674243,0.0645615193339924,0.0536974276532377,0.0985452254658823,0.0883967512747578,0.0836646038404327,0.070699960930026,0.075956112422016,0.0735070662116617,0.0734488196503539,0.0524416357115221,0.0841101147712607,0.0848124836917777,0.0819930770126665,0.0702402042981929,0.0675475233778233,0.077733339054052,0.0686359738829442,0.0717867335009281,0.0692849180308839,0.079771511089793,0.0677037256828508,0.0590088563175714,0.0899522753432,0.0642450621981411,0.0886097529909867,0.0657662066849075,0.0954203037582555,0.0902427588891811,0.0936834149831859,0.1044706468050177,0.0499858984273393,0.1139987178149059,0.0766891981058382,0.0651713415921195,0.0581972562092537,0.0803946659465767,0.092366162030186,0.0775663631787254,0.0735048270655463,0.0734675649071823,0.0755027705481251,0.088927606642909,0.0708486078930631,0.0533313960562107,0.065691300478692,0.0866611682384221,0.0830620801253634,0.0760527159964919,0.0709326215488543,0.0721098270380933,0.0580025685993571,0.060020810078929,0.0640986750047244,0.0601832047316149,0.1112629265255269,0.0867252286997229,0.0923806732835997,0.0832363432258494,0.0680736254410153,0.0616293408195563,0.0706213950513766,0.0933481897044014,0.0753990519167562,0.0518181290838607
0.0759685902748768,0.0657014806152806,0.0,0.0851933268514376,0.0717137291421944,0.0660494052316373,0.0554810600744358,0.078607533904066,0.0496876903984226,0.0815462863243186,0.0571222718809342,0.0588564261770678,0.1261159490514811,0.0925536174878688,0.0669377623849601,0.0738559864480818,0.0837473673087035,0.0826128245822356,0.1039776894937907,0.0659902092035721,0.0693654312229574,0.0974167214069546,0.0823726766194713,0.0665192329218984,0.0686795837904175,0.0752219874852786,0.0874316858009061,0.0882230541889164,0.0686953743982783,0.0754784590505404,0.0976595754894484,0.0586054334132945,0.068528178205374,0.0665462514265324,0.0432258495631647,0.0566615643584051,0.0735904281818419,0.0637575069511583,0.0782191795057273,0.0660125049842033,0.0677035245575931,0.0792224624149637,0.0583954233365041,0.0646742946156536,0.0949326430916607,0.06762619125606,0.0670891905243401,0.1029099379224433,0.0619192221920473,0.0546415144885614,0.0736508767444383,0.0988204400862855,0.0783305773161032,0.0850782089845393,0.0482760142073609,0.0562823725711185,0.0913037913276372,0.0627149880643522,0.0682332648507724,0.0855509661651888,0.1155866502992116,0.0566262343174527,0.0775966893671531,0.0747708977189998,0.0924726986063758,0.0974184713708313,0.0695346649442987,0.1497089646219612,0.0934158257889297,0.0666032689398908,0.0708759488052942,0.0834163466230232,0.1087265460316081,0.0684402125032262,0.0794779689593539,0.0824405219940936,0.1061717343870181,0.1092824322260764,0.085013376022853,0.0708758334599032,0.0957103496752862,0.0991127292316949,0.0963665192696306,0.0873483411751775,0.0950767025535179,0.0797568004750932,0.0824643902103223,0.0845929321441839,0.0697532389836779,0.0917213134412338,0.1169196980333526,0.0775816750577195,0.0715344106051172,0.1212658633037173,0.070665073143046,0.0677841958287379,0.0725647314537169,0.1022213448391892,0.0827255270688203,0.051204052077538
0.093609963467496,0.0707926422906295,0.0851933268514376,0.0,0.0601546781266778,0.0715089444632772,0.0933144558653008,0.0823274087591861,0.0690237017872264,0.1161219532824446,0.0756950283449843,0.0739538705541449,0.1737040469625234,0.0927261079947643,0.0844551958695513,0.0635658734097751,0.0633152694574542,0.0850865161534066,0.0862305245542851,0.0488643294312099,0.0496426884447724,0.1483739490246884,0.0892390822021848,0.0810915292260734,0.0884019035549273,0.0776653358876887,0.073977486772606,0.0812295609727846,0.0834720691025328,0.1012885430741573,0.1153838715989573,0.0615134266944976,0.0948780009941025,0.0728168205945562,0.0883453181165603,0.072389874652911,0.0842821729230199,0.048693599436318,0.1111104614675266,0.1148350096611434,0.1058187829959371,0.0820089763685757,0.0911581744091835,0.0776381975687495,0.0900745212903771,0.0592513129897834,0.0986444938629387,0.0936694657549076,0.1004087473134721,0.0866170295608015,0.0826879351658701,0.0940227543900424,0.0561431547339925,0.0824569602446013,0.0815881757363082,0.0931989589268684,0.0796106135089071,0.093821182570938,0.1046183863389534,0.0847224335277547,0.0734877791299604,0.0775660584125463,0.1127832353806072,0.101133793612273,0.0990531443367502,0.106517224255247,0.0713723134756078,0.1230093389928761,0.0672763524325485,0.0733049511343185,0.0820968842738119,0.0832847277193973,0.1112303870247288,0.0867984230520071,0.0846979697865535,0.0933062850047896,0.0596385784231232,0.1039064795420713,0.081621712541956,0.0685596060197895,0.0653814906814928,0.0999095628816408,0.0962204998419701,0.0798855232901303,0.0820948414942718,0.0837995528113172,0.0782888013672893,0.066699198489632,0.0787850332231958,0.0686786902925158,0.1281311979861533,0.0727077582685193,0.103756201184734,0.0863378169574729,0.0688135686496554,0.0635313528304423,0.0869761317332473,0.1049704040535053,0.0875175564471011,0.0740442157011803
0.0830224755408354,0.0690389321688123,0.0717137291421944,0.0601546781266778,0.0,0.073118376545377,0.0852315967843247,0.0845974790859412,0.0672380396291012,0.1146536802207275,0.0689361422569083,0.0796027458581116,0.1738529013553348,0.0960648289960926,0.0816803813581122,0.0846343895152959,0.0757517183790616,0.0769099473510228,0.0954568359624035,0.0602183231669125,0.052436489407328,0.1348525812741906,0.0862267763830163,0.0661709562129853,0.0897563715633874,0.0663322935958452,0.0663680412949141,0.0881761352700109,0.0848536085241581,0.0985900123968532,0.1003784637366162,0.0663989560528834,0.0833877926226718,0.0840134974304345,0.0814127066729817,0.0765693332500486,0.0958993552873426,0.0563552092219824,0.1077411798743109,0.0997315808517044,0.1052292108534423,0.0904147042237746,0.0924931487808875,0.0806405056901781,0.0780072936996269,0.056823436391797,0.0936192502738251,0.0926423710888178,0.0988267025745147,0.0874118082555921,0.0846609280308425,0.0843772140424441,0.0619494576558606,0.0764967644842846,0.0764349124209094,0.08624867954745,0.0811470021389071,0.0757053820149339,0.1009978725715899,0.0880306472561478,0.0715515587391992,0.0746573239472166,0.1059352260538233,0.0873424447967972,0.0865098436364996,0.0995044509346765,0.0768353701761339,0.1179165017049893,0.0748068968690059,0.0744551686582447,0.0706703974651217,0.0597704161727273,0.1095848958707567,0.081280127612116,0.0712610057021652,0.0972528635039433,0.0756064780564194,0.1032927020298159,0.0659257944739837,0.0537060037218419,0.0748328995900405,0.1070300867249966,0.0876223022109013,0.0868836967642393,0.0805198683096238,0.0765463229574699,0.0952596416471796,0.0773841492141332,0.0847783712485705,0.0809217318506689,0.1057647942683211,0.0655866885557533,0.1012392738563976,0.0929920787990206,0.0462841147838194,0.0637279261246696,0.0786593894706718,0.0953170290377952,0.0812543648824887,0.0687824241968486
0.0729513603209863,0.0727320193697798,0.0660494052316373,0.0715089444632772,0.073118376545377,0.0,0.0876005765860307,0.0700754326769291,0.0567338694009201,0.1002633807678043,0.0690130047989008,0.0697923425299204,0.1442279816826029,0.0674130668332724,0.0634162005003365,0.067573295013186,0.0523019700768264,0.0849688754548558,0.0892532063700826,0.0666150949246242,0.0604734100429437,0.1102023198849989,0.0687096620985282,0.060690364692365,0.0696528417847662,0.0710014211295701,0.0667505598383607,0.0790352886546815,0.0885882812169845,0.0739119742523653,0.0750586521401461,0.0709484163938202,0.0687406456940017,0.0692700722252557,0.0716463261689492,0.0699398727744125,0.0934454220916483,0.0517237911616022,0.0765673616342441,0.0822905451679188,0.0788726281700056,0.0821376789042093,0.0763582140527671,0.0560194266899878,0.0786441595666032,0.0688542425458686,0.0490669744502462,0.0722086561275913,0.0680297448541078,0.0707399218277281,0.0653765357901438,0.088490056005228,0.0737942661943836,0.0665131237982057,0.0565922569907175,0.0727937881259231,0.0843245415637101,0.0933772394019054,0.0648340037478714,0.0901730251439609,0.1108330415933246,0.0494262001717732,0.073458247122018,0.0618294540449571,0.080379817029477,0.0755042739472051,0.0567318184618713,0.1106845856849185,0.0901243208370164,0.0626391841302443,0.0699067019720893,0.0841680174625812,0.0747891692270141,0.0631926228106479,0.0595448238561756,0.1002008289242866,0.0944043131406925,0.0945915434330599,0.0674502811842981,0.0695085285720092,0.0816049985012722,0.1069091695173994,0.0820142317219877,0.0675858958930867,0.069240071663545,0.0756951996853045,0.0827604523275539,0.0799356450886158,0.0840800117098779,0.0707362855595775,0.0820269322471821,0.0668932446812967,0.0855325552375188,0.0966443967448427,0.0619548688549595,0.0546653207700853,0.0790451359857928,0.0915509772158209,0.074811522154719,0.0632621477689864
0.0730149998851052,0.0638737893278293,0.0554810600744358,0.0933144558653008,0.0852315967843247,0.0876005765860307,0.0,0.0689758147707048,0.0581951251876895,0.0705669988937902,0.0630646045522015,0.0504465168202455,0.1139919908695334,0.0976799850811201,0.0658800903043664,0.0702349181783827,0.0816085499931856,0.0760059061258934,0.0926616939731872,0.0792901054843989,0.0804024809013847,0.1079400852446587,0.0714433016802106,0.0698200887816694,0.067577170586531,0.0748144392098542,0.087072445523229,0.0813825554664726,0.0802850952739862,0.073818800767391,0.1041036620302828,0.0787016244249249,0.0958998795337255,0.0690314918511099,0.053468674645825,0.06483851276632,0.0637309158011155,0.0773362502935166,0.1027572710463525,0.0675506136887459,0.067124746019551,0.0939687788067834,0.071710475256547,0.0815362853304243,0.0987105843990537,0.0819123655320221,0.0809286685390439,0.1006236656944862,0.0633824792379672,0.0663706399998359,0.0752076650201468,0.0863736625489093,0.0797998201250624,0.0886742189449332,0.0718503251945695,0.0692577276604678,0.0778568009520016,0.0548034691932495,0.0943505667238363,0.0821556686095829,0.1196607176462217,0.0687336851873364,0.075957443659506,0.0814396077056229,0.0898528881494328,0.0911977786045164,0.0701812124527545,0.1366591642022103,0.0871426668590505,0.0690976410182161,0.0721341260661637,0.096435941377195,0.1040484300773291,0.0629736822100118,0.0781243993848093,0.0624752182051813,0.1260665338720253,0.0960397897169861,0.0783502828069523,0.0716893142387073,0.0946612305773643,0.0812068995714864,0.1066896352105396,0.0844279430159821,0.0877404473564535,0.0785581052939256,0.0695031643982431,0.0799482029663498,0.0712916713286074,0.0895315087367485,0.1203513999702465,0.1017222940254642,0.062829876175337,0.111927887475704,0.0943298285826786,0.0734779386411006,0.0687277700412121,0.0954701844726813,0.0790963524783967,0.0695613920010121
0.0624570797537242,0.0706359386431534,0.078607533904066,0.0823274087591861,0.0845974790859412,0.0700754326769291,0.0689758147707048,0.0,0.0624062477923852,0.0649448605381741,0.0627494012733164,0.0458955782073031,0.1342709703199646,0.0617966873222352,0.0460691111430322,0.0778325852761747,0.0520754253035701,0.0749392958557631,0.04338019279835,0.0773821087342851,0.0734021829600831,0.1252030657774338,0.0441324590019392,0.0576193444062013,0.0518968257079532,0.0506430263608469,0.0683964269434631,0.0548177893387244,0.090851810942403,0.0557313315643447,0.0719549897023171,0.0800713195358683,0.0864984265079188,0.070150140366853,0.0783174022967613,0.0821356656130386,0.0588592240759432,0.0707459374853213,0.0976735989829649,0.07526633035705,0.0669000342470286,0.0893060594249191,0.0742703134505403,0.0659796190222825,0.0762432481045422,0.0720992251305097,0.0733676457717598,0.0670301295842547,0.0656242523428405,0.0625987238812632,0.054388903739751,0.0612938844222013,0.081316362953983,0.0735215608938751,0.0782613594128925,0.0851363057718689,0.0475574502878801,0.0750628685244945,0.0844478164565365,0.0726036980012636,0.11207105245495,0.0539548188837516,0.0701656161555284,0.0565877386101904,0.0651092537982369,0.056701489714135,0.0649806914655334,0.0877626434263026,0.0610517086047206,0.0430854702924637,0.0687470592761902,0.0933321892283331,0.061727729999243,0.051680913248035,0.0500253649861357,0.0489937764499029,0.1099222787126934,0.0639939896400407,0.0615217376959282,0.0641006864488743,0.0679990548132598,0.0673826633932495,0.094095327626064,0.0539567302522895,0.0608637750700742,0.0383112614396729,0.0596556659610108,0.0509525044132318,0.0702395795690506,0.0660246366513472,0.0918086376414992,0.0977875172643003,0.0627681871749414,0.0949008218835335,0.089474293919332,0.0688930448120235,0.0464674441900111,0.0540842295570307,0.0526155292352871,0.0711678015941777
0.0670183105730672,0.0561548880772524,0.0496876903984226,0.0690237017872264,0.0672380396291012,0.0567338694009201,0.0581951251876895,0.0624062477923852,0.0,0.0853742405221625,0.048237045490849,0.0516770014628314,0.1339970091318901,0.0776915190714508,0.0590001899275632,0.056515317103737,0.0566388411591384,0.064229716941426,0.0815206851347404,0.048747057862162,0.0532692540998904,0.09923516191705,0.0649839682195896,0.0595780253077308,0.0657609488137723,0.0550086062145914,0.0743834482363691,0.0618315918816492,0.0658353833039313,0.0660511540008416,0.0897219980146931,0.0509887264239145,0.0667743861456405,0.0435424918627475,0.0509754521187841,0.0418424845204972,0.0621620479125984,0.0561868329409926,0.0705235005554723,0.0706366686660065,0.058338577990881,0.0573737726984279,0.0482486342127482,0.0539041792147054,0.0765185480014014,0.0605570832950813,0.0628992866408811,0.0861730852219246,0.0533975959064015,0.0427637437971268,0.0513731062334835,0.0866006134270956,0.066952506660978,0.0640859876913658,0.0513713528188135,0.0604127355486418,0.0762496117563887,0.0693245812656699,0.0642930618160384,0.0689506649322743,0.0976628210350754,0.0499009309194085,0.0793328153801088,0.0694947963323411,0.0870114605749761,0.0916906071662015,0.0568842407035567,0.1197031752332081,0.0793761714537935,0.0503193335967014,0.0562112701049299,0.0760988701246523,0.0910003845549679,0.0585027364513441,0.0623982893000779,0.0685764677668737,0.0907299212079828,0.085081634808106,0.0776981957211155,0.0696313230785439,0.0762518783079629,0.0776722885186595,0.0941400682266512,0.0614072023711952,0.0703412179961064,0.0709140244735903,0.0633755285992034,0.0615833678828655,0.0641643667988202,0.0646346145530427,0.1066049804118016,0.0684799181636973,0.0741749217304242,0.1014079647787458,0.0649878777978812,0.0493263920156024,0.0606364745943427,0.0944178293329448,0.0540745600535466,0.045016719340136
0.0766269693022107,0.0973470654115551,0.0815462863243186,0.1161219532824446,0.1146536802207275,0.1002633807678043,0.0705669988937902,0.0649448605381741,0.0853742405221625,0.0,0.0929546087910511,0.0718468160543626,0.0887448749354548,0.078454289775048,0.0595950449756028,0.1025773578813895,0.0889007226732189,0.1064876804899897,0.0872835801669093,0.1123396222545279,0.1120567062860165,0.1186807534399551,0.0801650102639209,0.0734706683230248,0.060615187179198,0.0896102017295952,0.1105966180622116,0.0821865174134846,0.122983381669476,0.0660370659227364,0.0873331064810699,0.1133535357318379,0.1120655822762273,0.0966982106571592,0.0748218255339438,0.0926535791299257,0.0781068264809529,0.1054631690424862,0.1044569276582936,0.0635038298165954,0.073260577854078,0.1204752773037148,0.089053930569638,0.0936175387149065,0.11719069714248,0.102226468744485,0.0829541304346047,0.0956119521410472,0.0686039923237978,0.0811461862061439,0.0817164742811758,0.0878386835008992,0.1004281690465131,0.1123627020029081,0.0966100379485567,0.0852884498331265,0.0810683800996446,0.0991327873660084,0.0907778412954803,0.1152489610544313,0.1593540823565067,0.0826495473259201,0.0595285531915768,0.0710060999274162,0.0860923607080302,0.0820701816274346,0.0851719243401288,0.1328333862309052,0.1051240415179385,0.0854932518416639,0.0980962934195445,0.126538153656148,0.075835724805142,0.0638895668916663,0.0830576270039021,0.0756260610342705,0.1506900873203279,0.0977247433473909,0.0905208570558217,0.0888378798928479,0.1122218547210062,0.102215051383881,0.1280161860947207,0.0925644570567519,0.109645972080726,0.0686279130173597,0.0931501281829925,0.0994249971085895,0.1058086490891829,0.1143063776660895,0.1153451047211765,0.1229697545198322,0.0455306965839046,0.1455234424818272,0.1196354463321323,0.1079563464990514,0.0847389486093088,0.0800193136893943,0.099487949028006,0.095376626998308
0.0567421756419628,0.0519345347820743,0.0571222718809342,0.0756950283449843,0.0689361422569083,0.0690130047989008,0.0630646045522015,0.0627494012733164,0.048237045490849,0.0929546087910511,0.0,0.0441499375063026,0.1386000299924525,0.0732004323995363,0.056864942171848,0.0653822034353729,0.0643008897632154,0.0500174931314186,0.0815328715148678,0.0609686195541108,0.0627067850896722,0.1001698043327563,0.065700725975401,0.0533735960840057,0.0669444480596622,0.0586407385965578,0.0640749573341654,0.0572121118203334,0.0646947470289251,0.0712526095596728,0.0805041798051391,0.0500776922094307,0.0653000312584254,0.051239929724991,0.0542837413888351,0.0613624827112896,0.0575677453850089,0.0585166605596521,0.0752424601959393,0.069693772727701,0.0640371654665415,0.0576075760483234,0.0607692891155314,0.0558152518480229,0.0720543601620088,0.0572713656740986,0.0676381352332262,0.0788571254404812,0.066200090510636,0.0484139871352023,0.0497557713237702,0.0718721448318257,0.0727986445026159,0.0791766098794802,0.0566985021430536,0.077429724259547,0.0716736544814176,0.0477709937921079,0.0766832853563003,0.0559187224207842,0.0984598243284307,0.0600323072031632,0.0833605407344564,0.0707261111176803,0.0740956807718349,0.0843420794267541,0.0555231763916756,0.113800047747811,0.065243659980444,0.0457485322140977,0.0474814341292781,0.0719192617220443,0.0855009089231697,0.0698604103006173,0.0602290929043342,0.0626864273274539,0.0911415579821067,0.082396241098372,0.067888594356268,0.0595700966807164,0.0722839447132464,0.0637968418894146,0.0772460579580592,0.057682198424571,0.0675805386969215,0.06486522106259,0.0545043498093592,0.0626733014133223,0.0497066122883174,0.0539303953556021,0.0953612728381569,0.0877238560063771,0.0784271895458961,0.094670703622061,0.0730202352786851,0.0469290708073171,0.0550724937813513,0.0815828850679064,0.065345029878124,0.0503503470633884
0.0468487688219636,0.0499515106022107,0.0588564261770678,0.0739538705541449,0.0796027458581116,0.0697923425299204,0.0504465168202455,0.0458955782073031,0.0516770014628314,0.0718468160543626,0.0441499375063026,0.0,0.1183883570189949,0.0669772816188385,0.0456996846027735,0.057692516709818,0.0525538948541752,0.0609843967581137,0.065128060038088,0.0682021271096529,0.0715605187783254,0.1050348803178491,0.0582817002588557,0.0534013511874255,0.049036354962733,0.0545815628214684,0.070350064594682,0.0498687268371687,0.0712806582137787,0.0630166006386448,0.0734882314998182,0.0658744784771429,0.0817834804297852,0.0536533633514608,0.0575737100971261,0.0613971335044951,0.0460633701028873,0.0602167397743029,0.0866612661572279,0.0687008033701581,0.0562084255113516,0.0740278028012948,0.0637476218590631,0.0621790076183127,0.0784701609489854,0.0656578695454435,0.0693142717975294,0.072525156593668,0.0617763207779623,0.0524467554393352,0.043911636152147,0.0648424461468666,0.0716392939658324,0.0827499180493764,0.06385880375091,0.0726092610493157,0.0577384151243366,0.0552569818596399,0.0775592994579751,0.0589686741208544,0.1089248578409385,0.0523059888847433,0.0684723619001527,0.0667058792710478,0.0701695588232928,0.0772327242215129,0.0543476801621261,0.1134639598941697,0.0728380750892884,0.0510005109294415,0.0573674236154164,0.0906196821853514,0.0723349434992582,0.0655454036557611,0.0615367821498378,0.0570078214814346,0.1052853293002569,0.0708194020170535,0.0686293151864623,0.0590878314700481,0.0743967895352232,0.06499981449517,0.0882475177185241,0.0641507967557458,0.0716236699577702,0.0556598094045772,0.0461981480100086,0.0551907512761092,0.0566829120645397,0.0627692324502559,0.0996743543057891,0.0960814129925259,0.0584690624816583,0.1018063197668137,0.086138053732122,0.0581513345943309,0.0554845344025704,0.0705195768764687,0.067160986801072,0.0573194230137774
0.1082918808822078,0.1516049122634986,0.1261159490514811,0.1737040469625234,0.1738529013553348,0.1442279816826029,0.1139919908695334,0.1342709703199646,0.1339970091318901,0.0887448749354548,0.1386000299924525,0.1183883570189949,0.0,0.1166486361578903,0.1076124983441588,0.1477193497628763,0.1399843844599521,0.1502718011704825,0.1616998507428775,0.1694151641307526,0.1692894363467467,0.1061269242129632,0.1333539289082648,0.1324982868555895,0.1109517668114725,0.1507271060208639,0.1669288895817682,0.1280777574421305,0.1733160983258463,0.0959669951157583,0.1141325992677303,0.1636303475839464,0.1517137157365155,0.1316122638702008,0.1115303359721962,0.1365397805835385,0.1235480211174271,0.1549598090633673,0.1145838761788853,0.0892523854232657,0.0919874192693231,0.1645972879175777,0.1275610568177653,0.1294780168719922,0.1701201845899712,0.1629954933826911,0.1055991583949507,0.1309399220485818,0.0970493100173156,0.1166265385406091,0.1211706489730732,0.149417900841388,0.160562873390158,0.1610038826451656,0.1299473171735937,0.1336797748471684,0.1576251605799532,0.1385968562344185,0.1103038605797334,0.1583653552469996,0.219807936553219,0.1285932639953893,0.0831046483786379,0.1153231382495346,0.1364890880901563,0.1337916433341696,0.1320015070768338,0.1872067333160884,0.1753527242639603,0.1376512717901408,0.1448891562371725,0.1883002269664237,0.1144177425264526,0.1136838213465911,0.1326029986459842,0.1383540757359929,0.2109055249847451,0.1504489652453881,0.1451997082513719,0.151696603860731,0.1822952763688381,0.1442096736301656,0.164321205149019,0.1282129299009714,0.1584006128567958,0.140552884890261,0.135818578574707,0.1612732228783639,0.1538604872181161,0.1554853410086823,0.1530000014161336,0.1673564250979031,0.0907472000807236,0.203473876292913,0.178325571287305,0.148465871616556,0.1407608290827383,0.148216222268898,0.1513763552171154,0.1417583233361332
0.0641206464055451,0.0876259782159304,0.0925536174878688,0.0927261079947643,0.0960648289960926,0.0674130668332724,0.0976799850811201,0.0617966873222352,0.0776915190714508,0.078454289775048,0.0732004323995363,0.0669772816188385,0.1166486361578903,0.0,0.0516187479503953,0.0887957655959311,0.0554894010396515,0.0919528454629815,0.082433229954136,0.0920643527279958,0.0905341125166618,0.1167053599503893,0.0669938702421288,0.0768160826696798,0.0582935205940838,0.0820610364100129,0.0781054449560442,0.069144294253364,0.1148966206588874,0.0511016739473683,0.0677321323979043,0.0945498344876961,0.0923506194347703,0.0784088061403925,0.0848532254031079,0.0942544695320372,0.0789167768572297,0.0787581749776987,0.081254829421822,0.0901479364142805,0.0716658244011935,0.0964002077323325,0.0866715372095637,0.0650681780202194,0.0940926921247107,0.0878680675022249,0.063794654435779,0.0571298329307601,0.0719657012801212,0.0791550514690375,0.0673356703067773,0.076887831940312,0.0979167952495991,0.1008744901511912,0.0848473778314073,0.1029812108386562,0.0821140847865328,0.1021529902218959,0.0769873554072335,0.098168105047506,0.1350459072127314,0.0750862727275091,0.0677441959437401,0.0580740371836718,0.0710401108764929,0.0604672260761371,0.0678786791460292,0.0960848252095596,0.0852430213083034,0.0682908445259513,0.0849304178996684,0.1088986118276198,0.0493860858989008,0.0670621302348683,0.0579548751073072,0.0914696577561993,0.1195977797453627,0.0956695336339422,0.0680120416385765,0.0801268738309588,0.0966569921060212,0.0844174287641753,0.0841564169433949,0.0442250960532837,0.0733537834702061,0.0654478782941482,0.078297735176884,0.0816220703238055,0.0985814224711373,0.0789378471417688,0.0926855595634988,0.1025145759152501,0.0786141125331024,0.1111589259395225,0.0953176642549882,0.0738002304027297,0.0788417388140721,0.0709188198279207,0.0824039918242788,0.0878726451074662
0.0457120181921314,0.0808020293908282,0.0669377623849601,0.0844551958695513,0.0816803813581122,0.0634162005003365,0.0658800903043664,0.0460691111430322,0.0590001899275632,0.0595950449756028,0.056864942171848,0.0456996846027735,0.1076124983441588,0.0516187479503953,0.0,0.0809182178606351,0.0583372684021756,0.0795732453919055,0.0673337190893911,0.0791177245938668,0.0813230114265562,0.108477795029314,0.0478498115835059,0.0574542617938563,0.0316157395764373,0.0595333893292637,0.0726420041828522,0.0560852829272788,0.0956093358711489,0.0424910961914953,0.0585100973744854,0.0811284690335919,0.0700970528222476,0.0675252724622567,0.0641107274235883,0.0741981534148002,0.0665881606017783,0.0712495076471666,0.0743658837763287,0.0636098046961225,0.0516945978381307,0.0917845288550769,0.0719285636324002,0.0570212661513723,0.0824260062289962,0.0774845102062575,0.0582349851931261,0.0543092503332672,0.0544916960766797,0.0606512580548884,0.0442575937503027,0.0577177238845758,0.0868374945024678,0.0840145158601187,0.0658421923520134,0.0823498876323315,0.0602035876669428,0.0723685153190549,0.0705503698976804,0.0797015032013876,0.118267845225396,0.0551318456188658,0.0509060824571143,0.0414440963874177,0.0494370479197313,0.0479635289292073,0.0694814188886455,0.1001040807343426,0.0755165953242639,0.0516655896962932,0.0577507397756377,0.0918531982424161,0.0516896947475664,0.0497290489773564,0.042189640020032,0.0661004040193855,0.1198882222942167,0.0749401211602504,0.0535157048497068,0.0612660565544452,0.0838097636257017,0.0703788751649442,0.0762290999406035,0.0548684804903195,0.063465711492039,0.0534791010595257,0.0691595767700313,0.0657320131834527,0.0717499528799396,0.0680231576925003,0.0812322907591748,0.0977421292878346,0.0465102454668583,0.1032781487590256,0.0883272812546201,0.0629088136124193,0.0564393202740031,0.0566289160878098,0.0678197908464189,0.0701291535667295
0.0779207440611459,0.0499783930578373,0.0738559864480818,0.0635658734097751,0.0846343895152959,0.067573295013186,0.0702349181783827,0.0778325852761747,0.056515317103737,0.1025773578813895,0.0653822034353729,0.057692516709818,0.1477193497628763,0.0887957655959311,0.0809182178606351,0.0,0.05418706363387,0.0784395211340633,0.0960539693036276,0.0609301237866954,0.0606545293824016,0.1078792554739356,0.0896756975529866,0.072039669833609,0.0882668807791613,0.0809290980190687,0.0759728402260037,0.0674466481478862,0.0613516793515279,0.0867898206205837,0.1105451040865282,0.0698790500152195,0.0959468999548296,0.0557886606769589,0.0718274536535209,0.0503818155929274,0.0725210892960289,0.0528797631827858,0.1000394037365247,0.0964237343951132,0.0856650576897138,0.0799038465311217,0.0822651037351468,0.0699838682463017,0.0952971667773453,0.0656401913484542,0.083256838347965,0.092876020369822,0.0800067772184177,0.080248769500571,0.0726776670839592,0.0980757663094238,0.0608703582611298,0.0758405550595907,0.0727490416799053,0.0767300769597787,0.0853085434304125,0.0796562901905143,0.0892983211515381,0.0802573726544709,0.101771377918351,0.0618018313007775,0.0933813678582052,0.0915112713411199,0.1107383007505158,0.110396306431985,0.060354445607072,0.1264700827499716,0.0864577703080359,0.0718180185506156,0.0768402615032914,0.1050425298497765,0.1029553968509589,0.0781719835953507,0.0821449431806096,0.083341678210238,0.085318787914817,0.1044194768312234,0.0860167255665801,0.0754561683217759,0.0696734363804991,0.0856349585088344,0.1024089162184598,0.0745011361672705,0.0854537241484686,0.0891532521749482,0.0600831824039148,0.0679286158746941,0.0762087035322948,0.0676279624719644,0.1313668854110573,0.0747192447331079,0.0963105481402542,0.1003847181571065,0.0751350815499763,0.0570913503043679,0.0843770335234441,0.1095229110070271,0.0846555652698467,0.0715303901161762
0.0644650350801901,0.0628016211186564,0.0837473673087035,0.0633152694574542,0.0757517183790616,0.0523019700768264,0.0816085499931856,0.0520754253035701,0.0566388411591384,0.0889007226732189,0.0643008897632154,0.0525538948541752,0.1399843844599521,0.0554894010396515,0.0583372684021756,0.05418706363387,0.0,0.0787334870070921,0.0651345949018608,0.0674850979813092,0.0562815200370538,0.1237875790674004,0.0612400903992104,0.0618132268884592,0.0660461413880234,0.0643140361566798,0.063544394344016,0.0499944469951127,0.0808460722559875,0.0715080353779596,0.0749400713630586,0.0718699354518699,0.0865383265801778,0.055446968719327,0.0813072588272939,0.0626874295518281,0.0670342669206808,0.0499121931485325,0.0897009117567132,0.0921845325791092,0.0797016899454431,0.0808053074939174,0.0768528468849492,0.0592247895725697,0.0757328519673581,0.0645799713413071,0.06786363162152,0.0641079083682026,0.0743695874464235,0.0712491902395694,0.0550980214431663,0.066405404853621,0.0626626586584142,0.069720240427998,0.0741759273326287,0.0884451334075936,0.0637952338183907,0.0902362824429738,0.0793265990835556,0.0778847443878738,0.0995368048025592,0.052531181025848,0.0737626025486499,0.0620926193474348,0.0778775944170018,0.07749419059979,0.0545087553125241,0.0939987744539246,0.0705026833024037,0.0574856478954633,0.0725365377708573,0.0904193529540663,0.0649393043248463,0.0601480781229812,0.0559629779006509,0.078359288339193,0.0893217957068467,0.0732001918983576,0.0622524953784031,0.0619939925679279,0.0596200004401094,0.0808590100704853,0.0906746887061099,0.0557036303220301,0.0626458697325315,0.0642340211337047,0.0582043712934607,0.0599393982441229,0.0822069540249281,0.0582563990607444,0.0988094404162247,0.0805355733334032,0.0847482062005118,0.0873389474653317,0.0727712835340074,0.046181194296179,0.0700808937756263,0.0732291327737558,0.0638175395125579,0.0755736835957985
0.0625329807105406,0.0506637674029159,0.0826128245822356,0.0850865161534066,0.0769099473510228,0.0849688754548558,0.0760059061258934,0.0749392958557631,0.064229716941426,0.1064876804899897,0.0500174931314186,0.0609843967581137,0.1502718011704825,0.0919528454629815,0.0795732453919055,0.0784395211340633,0.0787334870070921,0.0,0.0838601204026806,0.0677372519931164,0.0714526769007096,0.1118931728371344,0.0731606008517838,0.0566975246953872,0.0801708072522798,0.0603506291181237,0.053974256123516,0.0664177898627184,0.0783803689030521,0.0821910658730708,0.0891545269840015,0.0689666406583446,0.0775668461713482,0.0736970450048019,0.08383221381253,0.0830425802050909,0.068888990530579,0.0672986449899505,0.0841359081161725,0.0837500125862263,0.0797222307439733,0.0723077256369837,0.0677827052657198,0.0723171511145819,0.0586188502795492,0.065322426146602,0.08778298838159,0.0862518831431917,0.0828351376985445,0.0580734132994171,0.067492461990825,0.0716333786816808,0.0902953600557061,0.0612106713371764,0.0730902951965715,0.097492584888533,0.0722087926199097,0.0524538096431166,0.0889533767702734,0.0572707447470889,0.0844937938321075,0.0763248500849612,0.0964171862734729,0.0903413088764109,0.0748212544877012,0.095195588719047,0.060545240749336,0.1020373175905924,0.0691794331184922,0.0577885653873394,0.0466141756778328,0.0712915318241534,0.0937918449616958,0.0829647866129684,0.0670646445514257,0.0732783313377926,0.0872789950998251,0.0702217251320092,0.0721035505865309,0.0636619237090165,0.0714750037727384,0.0726464897520445,0.067667617553963,0.0697384092130511,0.0572634756847847,0.0644413079908142,0.067338546800289,0.0667085828697794,0.0731992390225867,0.0558566939268608,0.0899879555626714,0.095760982530144,0.0944300041706046,0.0772400133008687,0.0733657625070507,0.0558457694186536,0.058362608598127,0.090492596213228,0.0577024217555567,0.0576858368199404
0.0816741053958384,0.0845929709189403,0.1039776894937907,0.0862305245542851,0.0954568359624035,0.0892532063700826,0.0926616939731872,0.04338019279835,0.0815206851347404,0.0872835801669093,0.0815328715148678,0.065128060038088,0.1616998507428775,0.082433229954136,0.0673337190893911,0.0960539693036276,0.0651345949018608,0.0838601204026806,0.0,0.0838075069577125,0.0824223321254474,0.1539065722970559,0.0552309612341746,0.0778432521453799,0.06354862808584,0.0583599589124637,0.0812273972243823,0.0637809995375352,0.1028724877213469,0.0873948721308135,0.0867380031988104,0.0878142817015801,0.097656472411453,0.093658394209392,0.1045176042120325,0.0952173852340907,0.0730748658903922,0.0820676274520567,0.1190010115503684,0.1053121045515604,0.0943333413942327,0.0943196123534296,0.094407826568941,0.087693227988442,0.0811617813845153,0.0767337697746332,0.1018007355732296,0.0795468303984565,0.0947733642366763,0.0858551419631376,0.0680384917320002,0.0563419948997798,0.0937191325838217,0.088312715803562,0.0935458200790652,0.1083415160258196,0.045047336952451,0.0893003022658995,0.1090130685221466,0.0747220663668107,0.0986796850473451,0.0768612742281348,0.0981357293686983,0.0817026680938846,0.0679440537029475,0.0653231286520063,0.0827439142963101,0.0792433402882872,0.0628737191171103,0.0643770235297837,0.0775390560247628,0.0881687136775604,0.0732761062199013,0.0791272591601841,0.0679545907815532,0.0605778630912631,0.1076923022601575,0.0588590804932946,0.0694818316245637,0.071687300474623,0.0703889745203943,0.0751459711557837,0.0962746538191865,0.0772355483200018,0.0651618826157647,0.0473050437353825,0.0763607413475384,0.0531789139372934,0.0785553181904972,0.0686242404442841,0.1005267518051139,0.1115616255234731,0.083886926330155,0.0913677791893524,0.0967234427076234,0.0835328655674337,0.0650093149404942,0.0500183352576563,0.062939052599467,0.0841154020858135
0.0849424330619851,0.0585798836242592,0.0659902092035721,0.0488643294312099,0.0602183231669125,0.0666150949246242,0.0792901054843989,0.0773821087342851,0.048747057862162,0.1123396222545279,0.0609686195541108,0.0682021271096529,0.1694151641307526,0.0920643527279958,0.0791177245938668,0.0609301237866954,0.0674850979813092,0.0677372519931164,0.0838075069577125,0.0,0.0512015952655322,0.1280877311129434,0.0857440286625532,0.074940244515471,0.083734927517766,0.0571469776187329,0.0726178118873377,0.0802240285091378,0.0634588595353633,0.0938655081065187,0.1055641513205822,0.047474371420274,0.0748912032918175,0.0661722520837718,0.0771750896897804,0.0622259175819525,0.0782818331838577,0.0487536350435379,0.0963631013040214,0.0971664152641407,0.0914296310380492,0.0614905507725423,0.0667274839358012,0.0703740328953173,0.0795079154852318,0.0473633701770898,0.0945477774986793,0.094630683725143,0.0848750049676596,0.0719237903540603,0.0762957354680411,0.0864042972295019,0.0628576176765994,0.0639730988729108,0.0578848140588099,0.0834703777120311,0.0781702010848969,0.0725810422998037,0.0961943194157097,0.0697982531541129,0.0637693175193823,0.0696876649595808,0.1113909266249705,0.0928951156743755,0.0974524203425742,0.105579742319373,0.0695488413912878,0.1201329900608564,0.0649445006445312,0.0614333685063393,0.0566317320788734,0.0626060860776376,0.1112695131665419,0.0807909254621589,0.0730828805118357,0.0802076452300467,0.0628880384239155,0.1010936976203891,0.0740837734196716,0.0625984331136781,0.0571141669671334,0.0886273630938737,0.0785775375506322,0.0716489878215899,0.0719912776345796,0.0788078422376194,0.0743211283817525,0.0539337756613745,0.0638140224268528,0.0638266760176683,0.1134216163782055,0.0628036634118153,0.0990996796150474,0.0766106426516343,0.05404601236304,0.0550191205064019,0.0700533375441931,0.099791475062916,0.0693450775951896,0.0501569482633596
0.0860289945265026,0.0577608450056097,0.0693654312229574,0.0496426884447724,0.052436489407328,0.0604734100429437,0.0804024809013847,0.0734021829600831,0.0532692540998904,0.1120567062860165,0.0627067850896722,0.0715605187783254,0.1692894363467467,0.0905341125166618,0.0813230114265562,0.0606545293824016,0.0562815200370538,0.0714526769007096,0.0824223321254474,0.0512015952655322,0.0,0.1272494405876274,0.0749719418286827,0.067044452762646,0.0855727489356885,0.0668133812314977,0.060432855271666,0.076075103939577,0.0692510027591554,0.0943181392458754,0.1003347749938486,0.0490638244948121,0.0754961743830785,0.0620489222436365,0.0791315353933304,0.0598880890718222,0.077621075873584,0.0432847815978625,0.0971061356551996,0.0988986908092416,0.0986557158705707,0.0729183054198287,0.0772517206250996,0.0658228156314238,0.0648285036867205,0.0512753279258811,0.083465975850101,0.0877849177601002,0.090845857397874,0.0710284505066446,0.0729926498902179,0.0910978440215904,0.0616491265046321,0.0637537209686754,0.0740385821617415,0.0744665458028802,0.0735137175306227,0.0770466840968144,0.0897063505553564,0.0800169681791459,0.0798487243852104,0.0548614846092689,0.0982891478563821,0.0848749618847392,0.0914863145892617,0.0970402818747541,0.0600190224675633,0.1090203654440095,0.0705890728908227,0.0616114699753027,0.0683401220397081,0.0628669288258632,0.102118358922174,0.0769112728389733,0.0730484872908363,0.0848635394784248,0.0682451447938144,0.0925316952940045,0.0753820352846673,0.0684803511837352,0.0604155474589054,0.0942676398869517,0.0934953815698793,0.0707123903452102,0.0700844931850967,0.0769245779048528,0.0787014009768863,0.0624622648039737,0.0758612342060559,0.0630424383159697,0.1136577037761985,0.0611263033880001,0.1003292263688283,0.0838369118306929,0.0469197494953725,0.0520344773286141,0.0708462960009933,0.0995162705989501,0.0659849157189195,0.0645562715230228
