0,1,2,3,4,5,6,7,8,9,10,11,12,13,14,15,16,17,18,19,20,21,22,23,24,25,26,27,28,29,30,31,32,33,34,35,36,37,38,39,40,41,42,43,44,45,46,47,48,49,50,51,52,53,54,55,56,57,58,59,60,61,62,63,64,65,66,67,68,69,70,71,72,73,74,75,76,77,78,79,80,81,82,83,84,85,86,87,88,89,90,91,92,93,94,95,96,97,98,99
0.0,0.0639421653771453,0.098155222222817,0.1053292172356984,0.0661201531575156,0.0692365183913764,0.0680493205526814,0.0746967339167881,0.081588993725826,0.1043188725471688,0.1389129613527853,0.0618335533817339,0.0908126319793857,0.0936071719882558,0.084330988908739,0.1158662470015254,0.1332532081141015,0.0945054514251288,0.1116878003067483,0.1185452281387664,0.1433144669347005,0.1565398149147411,0.0709711998799382,0.1006941342469757,0.0665986266838047,0.1125667237202479,0.1173062162886586,0.1125345273364726,0.1212861386864007,0.1206582604696902,0.1118736897919982,0.1275983723530622,0.0796420985515727,0.1243356959181968,0.1013913333072654,0.0639288817600642,0.0881423588644438,0.0601384412173898,0.0728176025654871,0.0701997652373672,0.1074800815252491,0.0697604132109243,0.1270681439381048,0.1381402993486889,0.1567020797509112,0.1512034644515551,0.0676919333742511,0.1024027259153674,0.0773158632562112,0.0878292745240135,0.1284398857257608,0.0937176889024594,0.1440424057185356,0.1222607171922024,0.1158172481527,0.0598288331430405,0.0707612340318739,0.0623081485672368,0.1209781261856433,0.0834629112558019,0.1373585403705914,0.0903073449836927,0.0811975968975121,0.169933135441666,0.1115667447848913,0.1018076407240309,0.0625755389391551,0.0730551782391253,0.0881789929474666,0.1112423346377289,0.1435117269184665,0.0885942811538322,0.0969992332218264,0.1180449636695239,0.1539235562558656,0.1146022186091414,0.0931080094807382,0.1110620969364722,0.0932317142236488,0.1153279951626867,0.0861322237162418,0.0936041131352881,0.1213688356639839,0.1235721071557009,0.1364645846698546,0.1595403819614003,0.0871221637765648,0.1050560387182577,0.0729836042974741,0.0820195881710194,0.1102590199752549,0.1236293076046223,0.0946576703537971,0.094699541366565,0.0701146941767858,0.0838651943965657,0.0943359300901745,0.0742567205589292,0.0625083144171968,0.0849712813459928
0.0639421653771453,0.0,0.0925242809635216,0.1003944514354723,0.0575324953638383,0.0822818967541333,0.0856309048301971,0.0779805719017968,0.0951337992359603,0.0855836576836142,0.1025903184748936,0.0853874632857879,0.073101024615186,0.0824571782910613,0.0839755706270027,0.1029020899658464,0.0964893480166773,0.0730419451311603,0.0961543054592969,0.0859319429526625,0.1109968326377872,0.1423626172933507,0.0789744394907983,0.1021318956456847,0.0606627955860274,0.0816060364798551,0.0858835826915153,0.0821342811027339,0.097013790494107,0.0973092466587134,0.1049583597168107,0.0972264112552906,0.0554426064987535,0.0992810106531916,0.089118743653668,0.0806595541703068,0.0744666810499993,0.0679470739949769,0.0738468127187527,0.0659145075148943,0.0843955134367263,0.0627398833621234,0.1074232102478599,0.1354401237370456,0.1260048363420454,0.1236945297366177,0.0881618098114785,0.0948604841434726,0.0952019678709826,0.0779920518132487,0.1020360552791375,0.0787952039780067,0.1055726085067996,0.0901056643495942,0.0964409427645697,0.0753273115589107,0.0722450473559708,0.0911227337646513,0.0965413562733313,0.0784252679120696,0.113065509915203,0.073940767997714,0.0721075512684141,0.1384531739399483,0.0996585601757906,0.0748538483738166,0.0779642225714096,0.077656240512212,0.0698330714283985,0.1201268734935486,0.1159856401827327,0.0876235281983146,0.0911422723309784,0.1015401549826576,0.1211787998782254,0.0926537588171238,0.0704474134987525,0.0865733971276192,0.0778707165738224,0.1137005042437661,0.1143608801401311,0.0929618399166038,0.104521510931454,0.0981558372589054,0.104671371878089,0.1304270328526254,0.1054350215316643,0.0877570234605015,0.0884689848671933,0.0672293549588591,0.0846324868784743,0.0932520838401541,0.0798297081840803,0.0787016687930989,0.0798075761021047,0.1063079501707446,0.08756593374036,0.062997870671663,0.0780186731722537,0.0780820166744346
0.098155222222817,0.0925242809635216,0.0,0.0690551815125783,0.0891556138459405,0.1045884199267266,0.0905426519909649,0.075750041821285,0.1113489744930596,0.099364673439155,0.1039508096218397,0.0748776655847491,0.1183040707252105,0.0616286646530366,0.0883293433976282,0.0856932152089609,0.0791354376186315,0.0717786954143363,0.0913521743184034,0.0938764086764201,0.1200048044248096,0.1887884386072925,0.1254292454587381,0.0634985737816036,0.0687638869680549,0.0842659564335288,0.1069306400355194,0.0796310871960218,0.1157563003785001,0.1001749570285582,0.1411770517432293,0.0760479414981548,0.093060025785198,0.0953596934945333,0.1138270077246823,0.0946428967104015,0.0804855913608479,0.0811177612966609,0.0897845433249964,0.0747727655254553,0.0689058666510119,0.0961636876500368,0.1175461826230254,0.1831643665658159,0.122298105064303,0.1004741467836312,0.1095781942712737,0.1119246725893449,0.1307666452300842,0.0929729267315019,0.0765572589607817,0.1111358972922073,0.0803192993259218,0.1260314131240514,0.0661236447139393,0.0942184862634358,0.0790050242759311,0.0868335657077836,0.0980534369635416,0.0579786943573943,0.0976094354162313,0.1133636981180782,0.0743373034186401,0.1779601107736307,0.0596443855244114,0.0958446676770442,0.0866755537650305,0.124561700611035,0.0756948849393281,0.1138640883169704,0.1164375781621663,0.0692688627824165,0.0928529240151704,0.103305253368824,0.104839678548365,0.1006513830865697,0.0806005104783019,0.1263223115784065,0.0898549912188662,0.0919744476657024,0.0819262742724898,0.0605556979443228,0.0963453857171515,0.0664523490940235,0.09171731685535,0.1092136702400488,0.1367983319553582,0.0954728819883349,0.089123756482379,0.0782329406257562,0.0633496936803565,0.0726912676440232,0.0783106478941902,0.1027257582975825,0.1066427355864577,0.1293228141817076,0.0698581957619145,0.0820691196853452,0.0863676332550216,0.0705575118940723
0.1053292172356984,0.1003944514354723,0.0690551815125783,0.0,0.1088080791384617,0.1080658980891056,0.0701720512948991,0.0737712946886581,0.1068596749238777,0.1115867536304515,0.1090907350127399,0.0817320727149501,0.1398634308133564,0.0581961993863572,0.0940771892573996,0.1046683838956252,0.0858463206105577,0.0665851156332494,0.1268829204267159,0.1088626273469739,0.130569835087742,0.1814433096618513,0.1351868385196124,0.06880117334474,0.0808676532844976,0.1000730696904072,0.1248668002501528,0.1020108785045769,0.1302731749276529,0.1131999822411924,0.1608693038307879,0.0834523384215157,0.0957293200306612,0.1173804041231631,0.1347160107885177,0.1082074992280983,0.0811188214073937,0.0943282403573274,0.1028768073063201,0.0799538877316283,0.0762264900337073,0.110731656650604,0.1277224615983117,0.1953152697532699,0.1408711026339406,0.1074641501377222,0.1090194885534251,0.1188419339550511,0.1430162083306603,0.1115692810860063,0.0956370026464968,0.1296213234006082,0.0889295221178718,0.1222478950120263,0.0699963347872252,0.1062749826548678,0.0964779681369574,0.0852948912116043,0.1105947174401589,0.0874675871075782,0.1204112897074377,0.1121311212530361,0.0812489991342499,0.1795953136954137,0.0706855866545252,0.0958219877618433,0.0941779089286602,0.1178607539169197,0.0822229690112624,0.0876639193426286,0.1202881312237542,0.0735400967852581,0.1129776124239995,0.107258744200664,0.1174317736774469,0.1138102460019575,0.0679804144823247,0.1370378562322681,0.0830250574701738,0.0891177315939039,0.0783851462378634,0.0720180683484806,0.1001462272101761,0.0784131966395903,0.1027239188840019,0.1321523746139684,0.132715090556407,0.1002061512929965,0.0923326490560603,0.0852823463539596,0.0851797742505639,0.098091519193474,0.0662662360495422,0.0990962726972985,0.1189251199035101,0.1466042729882603,0.0687361245753594,0.0935963038531812,0.1045819302379093,0.0931470794388042
0.0661201531575156,0.0575324953638383,0.0891556138459405,0.1088080791384617,0.0,0.0651170673339295,0.0927341927040053,0.0777073566284096,0.0806663758860223,0.071773860325451,0.1224943217349172,0.085586994062782,0.0839369102976874,0.0909991202913388,0.0931075410465469,0.108277678285422,0.1125700292671936,0.0882882197063971,0.0930340475434124,0.0989590174551402,0.1220010811842867,0.136755082890388,0.0685806264378812,0.1162987401592898,0.0772070907719735,0.1008241034173965,0.0888664627454481,0.0837496757763165,0.1055097382053215,0.1159972346362216,0.1000536327524075,0.121358175132095,0.0730583794043963,0.1052408833607325,0.0903507423248788,0.0734768804374957,0.0804762366412649,0.0703521584105539,0.073662937041682,0.0721737114241854,0.0961997883975412,0.0753335629465185,0.097844230534825,0.1284990954887577,0.1339526924483809,0.1358847034166266,0.1071352903436928,0.0955317090499365,0.0805685581896748,0.0594489582768854,0.1173190737728973,0.079433453055987,0.1216342133800425,0.1130373361648211,0.1195960885853541,0.0919798472283322,0.0715927030615881,0.0971603000816802,0.1007271922888456,0.0843608955841652,0.1228781238584099,0.0783905343304322,0.0773991895548587,0.1549353679779528,0.1132184538791132,0.0866347067502734,0.0759061714227149,0.0733103104462654,0.0909601054816664,0.1370730391432704,0.1176834182913673,0.1008128076173466,0.0972571965274923,0.1306819202489633,0.1321800903018983,0.1047248596742637,0.085368278815996,0.0788221907818252,0.0887336747984517,0.1325119706992842,0.1147650127196823,0.1076710227062448,0.1188617900093575,0.100307576981805,0.1067930954097655,0.1320032409145513,0.1024192746575612,0.0983003951446231,0.1077423547067581,0.0835614902490008,0.0898080002503646,0.0923281722484264,0.0924329911502727,0.0798031898944951,0.0650365247474476,0.1038254452848974,0.0939466034136858,0.0653474166120567,0.0801678695975539,0.0744418888950393
0.0692365183913764,0.0822818967541333,0.1045884199267266,0.1080658980891056,0.0651170673339295,0.0,0.0819762110965,0.069457500342374,0.0537298016225509,0.1083110056328521,0.1292586179269425,0.0811103516408693,0.0930615254907122,0.0948812848727702,0.0789109198397218,0.1089894999655605,0.128783837789379,0.1038559741932298,0.1056916383745076,0.1156938278782202,0.1451942694980594,0.1446095263018031,0.0650623181901357,0.1136908258436101,0.0835609357411185,0.1088785297105763,0.1135783750693973,0.1020591399574663,0.1087234724033121,0.1222664563594057,0.0955548665590166,0.1322660349008621,0.0770862583730263,0.1222356099568014,0.1032475535405762,0.0590322383309019,0.0742009967359881,0.0517616647374068,0.0577276890908846,0.0734707966292546,0.1046342109215391,0.0731754467123065,0.1100018770867534,0.114726292919394,0.1525310515689208,0.1463423215370182,0.0961040826507937,0.0958859878981337,0.0716909005101137,0.0824984260114602,0.1274837778079686,0.0861050371021662,0.1390070823470666,0.126821291852704,0.1257296724863838,0.0823323614134629,0.0667162080557689,0.072702445851086,0.1168645858472671,0.0888990340401324,0.1375471747454697,0.0866719330903759,0.0966920585830837,0.1683187583356565,0.1186758293115669,0.0953023968276528,0.0580701882921261,0.0678751517109832,0.0882501141976748,0.1362081318850711,0.1277575195630935,0.0870990911383855,0.0872844256208021,0.1435840887567238,0.1496539165077428,0.1137669981781948,0.0981180156807622,0.107999766244857,0.0999662617817529,0.1404714520348301,0.0951395169323944,0.1012538809759463,0.1147191501997463,0.1159932151474109,0.1313954635381081,0.1469680646125326,0.081499254727584,0.0970419953122946,0.0962272717913645,0.0849947191525062,0.1170582686852352,0.1169735795349593,0.1021707344966384,0.0833437823563678,0.063149448751532,0.0747305350207488,0.1071250466008334,0.0687307494113235,0.0851006113927709,0.0781570597708305
0.0680493205526814,0.0856309048301971,0.0905426519909649,0.0701720512948991,0.0927341927040053,0.0819762110965,0.0,0.0689164448221395,0.0783058023962261,0.1207513710569393,0.1222614023763268,0.0633049927530184,0.1184330126276883,0.0659876717777311,0.0923357055341397,0.1161459842430565,0.120331373596654,0.0733596243355414,0.1265471173963208,0.1154639274340842,0.1490390793744122,0.1677694493028234,0.096435508207647,0.0832344122970824,0.0592916386050332,0.1076702258392724,0.131578847759533,0.1230858230633693,0.1264879836012962,0.1211362022210781,0.1271324096464927,0.1107618304310583,0.0764552404640035,0.13541319522933,0.1088969415088527,0.0855543965815366,0.0767724093682332,0.0747303507608605,0.0788277877752685,0.0621942657134404,0.1028777975086584,0.0753326236608897,0.1393944704335336,0.1575536115440783,0.1637321333168631,0.1440997438535922,0.0664823210229892,0.110080691954182,0.1057553763308281,0.1076640447487915,0.1180093749024143,0.1044471286818946,0.1280836163910986,0.1318526730026628,0.0855266675557719,0.0686291648308451,0.0803756356414895,0.0694003814786158,0.1245458189764572,0.0881146997615836,0.1391321135472188,0.103467380849296,0.0711885521721399,0.1729334294852587,0.0962025616460735,0.1100994157242193,0.0671341574694485,0.0769182403206593,0.0868429441783133,0.0806877580783661,0.1416642436000468,0.0841353237333663,0.1016616995112434,0.0884852970580105,0.1560922834460506,0.120977202565946,0.0827459844835797,0.1307967438483625,0.0892895870697643,0.1002571239364609,0.0715544420742894,0.0762045440062202,0.1068424779318334,0.0964186929706849,0.137041812324115,0.1601056567576431,0.0900329445911063,0.1008853551164343,0.0474570812202075,0.0733510114314394,0.1175690593963985,0.1177740947550444,0.0954251086927043,0.0885871285390468,0.0984930339106737,0.1061297454049949,0.0715730549033834,0.074971410931417,0.0796701552875337,0.0917015592742675
0.0746967339167881,0.0779805719017968,0.075750041821285,0.0737712946886581,0.0777073566284096,0.069457500342374,0.0689164448221395,0.0,0.0866951894363994,0.0897478801285884,0.0870193233612922,0.0790281011206885,0.1007280259732289,0.0658046004492749,0.0640994839002374,0.0969263430683913,0.0843154901286831,0.0736654523295716,0.0823007166060435,0.0877589744419457,0.1076477156084735,0.1356581517917413,0.1047041143021927,0.0980656527877566,0.0704311043904453,0.0753292309121824,0.095693708333928,0.0829316728447488,0.0887174610234501,0.1025103389868805,0.1105101350148557,0.090931234132474,0.0677848130874481,0.1011630394323856,0.0912287057262731,0.0805671397154274,0.0757974739164645,0.0648261567589494,0.0710688766736509,0.0624221586695911,0.0753299079239872,0.0772021050800916,0.1023468770840205,0.1425814265172267,0.1246475859395684,0.0999122711300242,0.0987766228386847,0.0830349160863439,0.1082588691084433,0.0707161772399916,0.0853614491363354,0.0804707916404962,0.0952464391145309,0.0944167541678057,0.0913184258704901,0.0893873829492148,0.0672151068529077,0.0778250706693536,0.0904259661232498,0.0718404345612132,0.11181284070655,0.0678532028432654,0.0799449377532897,0.1474511099606703,0.0955698098018834,0.0675329732261226,0.0731022810622669,0.0960564099823756,0.0710741903361016,0.1172008090215941,0.1003683971936897,0.0720784509206607,0.0739590977283344,0.1152385295623356,0.1085162876493319,0.0728091196974306,0.065600925048191,0.091766050230919,0.074513340221582,0.1142290074323956,0.1045381387226214,0.0899273063216742,0.1018838311874216,0.0767251838992331,0.0940732659869414,0.1253485746427999,0.1039093353763858,0.0736168841370923,0.0894344115853935,0.0729011385404614,0.0799400985461981,0.0885183226486907,0.0753912738416378,0.0818878780841537,0.1025469000661684,0.1047045210782425,0.0726704705799551,0.0569964260185482,0.0958564354674075,0.0745889799860548
0.081588993725826,0.0951337992359603,0.1113489744930596,0.1068596749238777,0.0806663758860223,0.0537298016225509,0.0783058023962261,0.0866951894363994,0.0,0.1173924316050531,0.1459831658459931,0.0822307673570963,0.1058827565243835,0.0969226997518581,0.0944848596175184,0.1115431870444322,0.1373940671527429,0.1091542289392264,0.118937532059475,0.1266660247951787,0.146891900788701,0.152331036984984,0.0845700326693278,0.1138639487388059,0.0942761166804884,0.120691637288034,0.1199391835937602,0.1149620830952883,0.1222523875798795,0.120324495421708,0.1098728490741969,0.1568918551144458,0.085070869301042,0.1236448845501785,0.1319488208981293,0.0774796283633408,0.0788707992713391,0.0768236047177929,0.0798827402585292,0.0845150510788297,0.1119175673210582,0.0983467601968215,0.1157703951513122,0.1301831067347949,0.1540879574620095,0.1480147367943645,0.1077351063004447,0.0975704761831707,0.0940290275986721,0.0958486005579807,0.1440433992580261,0.0976898940899282,0.1527876110032278,0.1336473338868301,0.1291680573567147,0.0958024381662024,0.0887654470189054,0.0842202128158567,0.1171502531945404,0.1052130799824286,0.1384670000511699,0.1040754448420999,0.1063058335649213,0.17602337730127,0.1330434559508021,0.106157859908183,0.0855108420692128,0.0840822505769897,0.0929506923660546,0.1342726950915538,0.135079694911102,0.0945792520601049,0.1031922128092769,0.1493139938246095,0.1545364858071681,0.1251058752341811,0.1114903796067677,0.1109322292122922,0.1154486429078805,0.1431090388457377,0.0881244526609054,0.116105643055563,0.1105951580657725,0.1199384346847284,0.1367087895693408,0.1486942317012425,0.0810670174664841,0.1069659139252924,0.1006345013904113,0.0993279677187257,0.1339554029642701,0.1232707423794111,0.1269314628020409,0.0921567347945502,0.0709996434615436,0.0860070206753551,0.1269396176842702,0.0805812233204782,0.1067999613774516,0.0885069027691345
0.1043188725471688,0.0855836576836142,0.099364673439155,0.1115867536304515,0.071773860325451,0.1083110056328521,0.1207513710569393,0.0897478801285884,0.1173924316050531,0.0,0.1015397680278223,0.1139287820704532,0.103843827261536,0.1049079645216597,0.1056824067367837,0.1232435273840738,0.0885718842310181,0.0970144896771862,0.0895554342321678,0.0910860053630463,0.081682437452766,0.1485753602116823,0.1156303257400362,0.126559998521503,0.1040740629918071,0.0994056823347623,0.0743373958814801,0.0783508540670381,0.0893219484889583,0.1285959516544072,0.1300142092421671,0.1132116029906169,0.0932432254230856,0.1095633460562022,0.1042396448330924,0.1068055810144243,0.0959124170863473,0.0914552131059557,0.1038306563941677,0.0948268593314668,0.0953241244025993,0.1055804559305647,0.0938658598757615,0.1546099918113281,0.1103917613701253,0.1001814293220408,0.1449794071306089,0.1050479039332261,0.1192134223619002,0.0500433224154503,0.1054020308330365,0.099778131361021,0.1036013717215901,0.1013358550956963,0.1270679546617686,0.1258729434602675,0.1003382184240031,0.1261515992663423,0.1013519008592335,0.1021347781566187,0.1146104739782402,0.0818829713880954,0.0946381091124067,0.1634573213365901,0.1206004648089157,0.0821737173929539,0.1154777462181721,0.1266420099650202,0.1069183637657077,0.1547244078195269,0.0961409988579888,0.1105653828484898,0.1178344416173169,0.1445049119539502,0.0960074327575577,0.0807773447477171,0.0784740920299604,0.0764736572429775,0.0790879312092031,0.1370319966934712,0.1401008219454072,0.1288900054260755,0.123613490646232,0.0884668560484326,0.0689478386637275,0.1208131237034316,0.1459855813221933,0.098920911818001,0.135796431649059,0.1081112754925996,0.0803731649708481,0.0725078495526928,0.0866904832771451,0.1066184631457869,0.1034008036194644,0.1447299470774187,0.1163234210246379,0.0856915958001967,0.1083195470644189,0.0952314689489972
0.1389129613527853,0.1025903184748936,0.1039508096218397,0.1090907350127399,0.1224943217349172,0.1292586179269425,0.1222614023763268,0.0870193233612922,0.1459831658459931,0.1015397680278223,0.0,0.1372714324616485,0.1066629913383804,0.1093100001227454,0.0980342306690624,0.1223055131248907,0.0633265731011684,0.097227861488251,0.082592606409667,0.0744527942347074,0.1054558748047854,0.1625869184719867,0.1487088261122117,0.134480919391103,0.1103297294842584,0.0656073818644222,0.0874529722769017,0.0802044346103635,0.0828067252686801,0.1193466312366683,0.1248246359736619,0.0780830745072355,0.0875234575844467,0.0995473240348073,0.1083749093192903,0.1344523742493077,0.114240158526395,0.1096726087008776,0.1125453786977121,0.1008646460054471,0.0891438029980137,0.107253562293398,0.12541163122214,0.157732063148889,0.1075525505717037,0.0878803890007322,0.1475323490193782,0.1197475909273258,0.1448554063928535,0.0975115238061249,0.0786313297230303,0.1038387778063698,0.083227398054254,0.0855567932765867,0.0990398263514863,0.123162018842938,0.1020635696169218,0.1374647716296529,0.1132021201267331,0.0881266367644368,0.118588069061276,0.0958913697114937,0.1123279104762746,0.1340620843972711,0.1030387780389649,0.085031628474098,0.1244821362157516,0.145205192334302,0.096360605261438,0.1450345997411328,0.0983105917142248,0.1122932415261078,0.100810903718733,0.1193232490565711,0.081525020119365,0.0827285409823442,0.0851054462517638,0.1236828672682711,0.0917827647957271,0.1232141646055075,0.15450423161062,0.1172040418450238,0.1293926261767365,0.0804603276527644,0.0709266026834298,0.1196331239095266,0.1513171580796061,0.0967310229420913,0.1255287626336446,0.0889669642054769,0.067613164252344,0.098644066496515,0.0876703894640666,0.1222641854850823,0.1524701135594651,0.1383241108882598,0.1029846695928816,0.0882958654014141,0.1230862959441426,0.1110089881270071
0.0618335533817339,0.0853874632857879,0.0748776655847491,0.0817320727149501,0.085586994062782,0.0811103516408693,0.0633049927530184,0.0790281011206885,0.0822307673570963,0.1139287820704532,0.1372714324616485,0.0,0.111887210636288,0.0677516950974927,0.0866562554647426,0.0835495948377236,0.1124926406279389,0.0819961920347178,0.1124914969457794,0.0997384362961013,0.1391639248298687,0.1679585203245535,0.1054078910284161,0.0702951167161305,0.0595532180019659,0.0993373277339405,0.1114097656043304,0.0940400004340183,0.121947279689877,0.0958992336793379,0.1309020653043552,0.111344428868253,0.0873647260027628,0.1030181697141158,0.1288317393923098,0.1021827080791064,0.0674018224584429,0.0864094484139011,0.0972899030048984,0.0615372458582013,0.0871960053441173,0.0904935786430703,0.1203628345490673,0.1667768994497561,0.1345584880296821,0.1307514705793136,0.0791570733169681,0.0985205427183015,0.1097504260621244,0.0945652961166888,0.1059836864667531,0.1073714190558376,0.1202855591354921,0.1248736372899219,0.0891973424705904,0.0892830569360504,0.0748061579818313,0.0681183221423999,0.0973625016114537,0.0880065478669849,0.111070101166702,0.1025197766162857,0.0614559285920425,0.1744592385465565,0.0932551656934619,0.0961586908753881,0.0783402386066698,0.0903683821067315,0.0704995961481362,0.0993020799005829,0.1283022184801852,0.07097512666585,0.0905792765943632,0.0905124944190338,0.1364645446558319,0.1174588718921672,0.0880183686088884,0.1157671950217386,0.1099128611077018,0.086612776099577,0.0709718391861055,0.0743620625523391,0.0915490283950892,0.1027921368293692,0.1288729428442155,0.1261482568008944,0.0978282934040937,0.0997910510539122,0.0622432618297243,0.0776930799159087,0.1088770997819636,0.0973534665736465,0.1030185570974474,0.0813970077003798,0.0810965443564793,0.1123624736382945,0.0816613019772505,0.0822799832183513,0.0889384724376245,0.0633586887045879
0.0908126319793857,0.073101024615186,0.1183040707252105,0.1398634308133564,0.0839369102976874,0.0930615254907122,0.1184330126276883,0.1007280259732289,0.1058827565243835,0.103843827261536,0.1066629913383804,0.111887210636288,0.0,0.1282798026935558,0.0948774551581374,0.1217419457850219,0.1241284553750943,0.1158903894246199,0.085449705334137,0.1143026934663314,0.1167582754345053,0.124427828263701,0.0944018363952956,0.1425622741949279,0.0860888090250544,0.0958509218493233,0.0896499856085184,0.092254224180928,0.0885939768739794,0.1193074824556721,0.0736239763465332,0.1429673447651032,0.0841336395410309,0.107700924963592,0.0751117785488031,0.1010255453820864,0.1107012943243827,0.0873305380478578,0.0907471986344012,0.1026314905050482,0.1162649153475167,0.0665752257230175,0.1157781145554423,0.0929618230459459,0.1314673746724768,0.1496236281515869,0.1350000521261529,0.0995327173353324,0.082432426577814,0.0824261312093185,0.126198892652705,0.0704994459831419,0.1463728896189374,0.0979579850973132,0.1338590727869942,0.1105685154604963,0.0729270199619363,0.1241993842729383,0.1087642172453372,0.0837206718414634,0.1318997556127973,0.078597525107151,0.1149811680121388,0.1256138817543488,0.1399904008270839,0.0814457491337064,0.1157129254246189,0.1118152975764745,0.0978781990044455,0.1730468137051714,0.1084533247111468,0.0977570258044111,0.0892355158572581,0.1515335908574275,0.1338439864437323,0.096344599610104,0.1152041587462233,0.0963711429318771,0.1141141984941953,0.1622705646924424,0.1537158738342661,0.132703673788059,0.1191123652831236,0.1232177167817945,0.1250581395153144,0.1449843076176499,0.1134100805408774,0.1022140712362391,0.1187582968827152,0.1052519679994178,0.1016857235274135,0.1257203884393608,0.1204734335433617,0.0985060846543132,0.1087767467262453,0.0897198820956305,0.1296761456020413,0.0766496618470324,0.095438075660101,0.1003337407218224
0.0936071719882558,0.0824571782910613,0.0616286646530366,0.0581961993863572,0.0909991202913388,0.0948812848727702,0.0659876717777311,0.0658046004492749,0.0969226997518581,0.1049079645216597,0.1093100001227454,0.0677516950974927,0.1282798026935558,0.0,0.0829658930834086,0.0871233767149303,0.07868266000455,0.0625097127665659,0.1076069680065333,0.0942339604782467,0.1138849301828966,0.1719357881295398,0.1225047361203478,0.0666454646557589,0.073353744983919,0.0813717636643049,0.1111425692197158,0.0925892197404787,0.1199065591597638,0.0980082446016482,0.1531099703205638,0.0802976645767637,0.0770291507903784,0.0957078569354745,0.1195238733898562,0.0968718211068952,0.0626713405737994,0.0844878416890344,0.0940219345792244,0.0669457653059818,0.0681979806915373,0.104054118284428,0.1125189289463541,0.1870808897679979,0.1207177072685946,0.0992356691325145,0.0941200344645529,0.1035147313280584,0.1400307333941473,0.0992798838665169,0.0828006410647068,0.12152822494414,0.088142871805605,0.1133616033207259,0.0664832246192708,0.0854517346258431,0.0917349840116573,0.0846576946060343,0.0942826766596345,0.0826923336276835,0.1034457962411275,0.1005472482179396,0.0772975010582534,0.1642766880439209,0.072830187616283,0.0817541621567835,0.0832807432728329,0.100215062079551,0.0700936352770869,0.0875217070870832,0.1133466501765174,0.0658757887873238,0.0961064986544134,0.0978629342898576,0.1103675701494171,0.1009540559301185,0.0677049877298797,0.1156192041526702,0.0722930941159444,0.0853910456966521,0.0773347303536571,0.0670026474965148,0.0915280859902817,0.0717289414986448,0.1018017171332489,0.1144959477108896,0.1256723133676361,0.0882244745562109,0.0791712076689004,0.0758906990165867,0.0827565049469834,0.0758552379745481,0.0733265741511313,0.08641856484652,0.1078155966240769,0.1418522965190905,0.0655958152123394,0.0797491595534716,0.0984602000903678,0.0708832232512741
0.084330988908739,0.0839755706270027,0.0883293433976282,0.0940771892573996,0.0931075410465469,0.0789109198397218,0.0923357055341397,0.0640994839002374,0.0944848596175184,0.1056824067367837,0.0980342306690624,0.0866562554647426,0.0948774551581374,0.0829658930834086,0.0,0.0783514291252844,0.0964537466703412,0.0889131676257111,0.0730603838159748,0.0909983034991243,0.0995756432538696,0.1185063154606558,0.1174765353427887,0.1027185271875686,0.079443111699257,0.069218912900394,0.0766759770914702,0.0755707964548824,0.0763408115702078,0.0978148676168303,0.0913325331334378,0.1082546114982769,0.0786216550571453,0.080090482355751,0.1160868622109545,0.0928715595165807,0.0675521272083131,0.0713832127091179,0.0812931735074342,0.0692517719354081,0.0811751934769695,0.0832241194057215,0.0817381920171222,0.1197602627849799,0.1057488970414267,0.107219028078329,0.1074173097939169,0.0633303905731222,0.1148156407261686,0.0782144292117591,0.0964786722380634,0.0890910221712705,0.1102891249300377,0.0846877521345836,0.1052494132329088,0.0963429991508912,0.0657349074554556,0.0808257339041108,0.079938280977764,0.0909175948177181,0.1018050249311774,0.0617153924311322,0.0971319248705285,0.1245206342127375,0.1093778783280329,0.0620223146694028,0.0809374573268352,0.0955721836093624,0.0606734513175213,0.1388977444314091,0.0835793319400751,0.0564854320551765,0.0486860788114565,0.1270480843781633,0.1016213863113535,0.0678969385345985,0.0812132966320296,0.0882810574118987,0.0843754695455217,0.1319370135366007,0.1037073245281948,0.0933432042136205,0.0922757087467522,0.0892449520931345,0.098982649218091,0.107172911147286,0.0899080279538456,0.061670666082922,0.095639002147893,0.0700455644075287,0.0941944182170406,0.0947220221932385,0.1004984391314337,0.0874372483213316,0.097375456057241,0.0862105090416777,0.0939628207523649,0.0583628444559309,0.0989970821549424,0.0618249454045679
0.1158662470015254,0.1029020899658464,0.0856932152089609,0.1046683838956252,0.108277678285422,0.1089894999655605,0.1161459842430565,0.0969263430683913,0.1115431870444322,0.1232435273840738,0.1223055131248907,0.0835495948377236,0.1217419457850219,0.0871233767149303,0.0783514291252844,0.0,0.0981120416310644,0.0975291083733777,0.0949891725762775,0.0828530890974913,0.1111021429461948,0.1461395528599881,0.1482924583658802,0.0802312961826653,0.0960091902074059,0.0762318765680567,0.0891204741962484,0.0754255260682852,0.1021270412763997,0.0655871116132222,0.1232982875448606,0.115783139386481,0.0967027686841219,0.0511685363287822,0.1550217323193227,0.1347869961251172,0.0727052282494906,0.1123115909855361,0.1283620684233707,0.0866469239376087,0.0702034102623333,0.1182420999336855,0.0836406476045776,0.1522760595731948,0.0833551784113844,0.0964951116872983,0.1370459134390455,0.0847167083119791,0.1434125887503564,0.1062068603258351,0.0854403337315744,0.1155438465504074,0.1024899870932961,0.0924094345083448,0.0939318191546688,0.1301360947342961,0.0828216381434598,0.1142394832761463,0.0614962961713653,0.1077836885140281,0.0575722218441168,0.1058431914888253,0.0969425132186754,0.1236419449210565,0.0953359277119865,0.0905437995789358,0.1210431223101773,0.1254484352857049,0.052574976071273,0.1543318877552802,0.1001788980029438,0.0683505181957522,0.0862584157701111,0.1182487082663117,0.0873034871002271,0.093868570084601,0.0976295118006947,0.0878564689866778,0.1213723332884377,0.1182938724793055,0.1223350369042519,0.0977659831672556,0.069364499647903,0.1032057420573788,0.1055602597246431,0.0648934155068348,0.1140059610497976,0.0860899789216415,0.1140065986869765,0.0902165783599223,0.1102412118672199,0.0850982289169502,0.1308249039882196,0.0820478470099733,0.1032467871048149,0.1285301690421134,0.1210243759705219,0.0845949857878237,0.124682023969077,0.0587354531533662
0.1332532081141015,0.0964893480166773,0.0791354376186315,0.0858463206105577,0.1125700292671936,0.128783837789379,0.120331373596654,0.0843154901286831,0.1373940671527429,0.0885718842310181,0.0633265731011684,0.1124926406279389,0.1241284553750943,0.07868266000455,0.0964537466703412,0.0981120416310644,0.0,0.0813227160041054,0.0916810567362904,0.0797187857862561,0.0847424562217557,0.1760604161628845,0.1556256758768925,0.1011836516335483,0.1000314266813841,0.0702526523395277,0.078203176127546,0.0756034187097683,0.0972092979613377,0.1075793415645868,0.1515774651567755,0.0650583350159505,0.0939765796284529,0.0849656838145478,0.1248321715221272,0.1300391339065486,0.0922930717485047,0.1065981756996648,0.1211009797551791,0.0996278453778594,0.0678453709254589,0.1196767622395229,0.1039619119299833,0.1905427749232334,0.0879171559064566,0.0697944024039061,0.1401475463043654,0.1081554841135398,0.1606748265216607,0.0989115735908993,0.0515433448523452,0.1233119263736717,0.0539853625829993,0.0929726300519509,0.0802833240717135,0.1313749306805717,0.1046916461009382,0.1252353332594603,0.0939082622217526,0.0893610793533873,0.0966413465074428,0.0987673392040336,0.1051164472038845,0.1499499266248371,0.0778911162867084,0.0790353142957535,0.1228973815150031,0.1488480195585609,0.0866272922952593,0.1342853937299289,0.0781815118201398,0.0902883424706515,0.1031510599557211,0.1202234008414153,0.0627778041582171,0.0792304934525205,0.066578620598979,0.1135799818361566,0.0793645024136671,0.0968009865530246,0.1371568650929396,0.1032834803771434,0.1086205002494168,0.064753605041045,0.0588743053650759,0.0993995966181161,0.1607784540829842,0.0882717392562609,0.1240386262133222,0.0899178706118614,0.0572235909110234,0.060185338434217,0.0846243538854942,0.1128524681508356,0.13258366500114,0.1512824393160899,0.0961540590084315,0.0901197125389543,0.1193163482033081,0.0874242904866959
0.0945054514251288,0.0730419451311603,0.0717786954143363,0.0665851156332494,0.0882882197063971,0.1038559741932298,0.0733596243355414,0.0736654523295716,0.1091542289392264,0.0970144896771862,0.097227861488251,0.0819961920347178,0.1158903894246199,0.0625097127665659,0.0889131676257111,0.0975291083733777,0.0813227160041054,0.0,0.1185850985826402,0.0889480162418994,0.1082885605685432,0.1569336265114732,0.1190017151427604,0.0823733500731987,0.0543518572196584,0.0777678666870667,0.1054669167855075,0.0856465164758297,0.1161546871818747,0.0937516499569245,0.1327891516365001,0.0740718004084656,0.0712581793262659,0.0976734465217655,0.1101996531931627,0.1072408513420214,0.0682131697121669,0.0898555211315226,0.0859915996336108,0.0662571145289899,0.0654829326088122,0.0847910563062731,0.1231430192565119,0.1698069119121904,0.1170383922256902,0.0985574836068158,0.0850436004553581,0.102969914712087,0.1259833379120527,0.0980075692855344,0.0769516196601912,0.1095475165696099,0.0777211901447623,0.0989024103157433,0.0596095898247597,0.0909286238771241,0.0927487025796611,0.0939650276162869,0.0851859168150705,0.0841304956212203,0.0963299340937288,0.092595562873211,0.0587600368383995,0.1562028976670346,0.0730623076790676,0.0733336081050525,0.0842142629597214,0.1035880955508584,0.0771731630403828,0.1065974329807258,0.10338515265651,0.0678886217317734,0.0986189231578484,0.0806642172011437,0.1070802440918938,0.1030234499475314,0.0542198503409193,0.1158254159192854,0.0765248051540097,0.0803267187966501,0.0965785971535955,0.0732744452018715,0.0899449742362168,0.0780015872638746,0.0948754457133744,0.1140150140546407,0.1155264979363929,0.0790956493152581,0.0805086799397266,0.0612404676015856,0.08108186113817,0.0791293677439948,0.077760405519955,0.0788878431568816,0.1076359911412871,0.1377777420654555,0.0666041761219725,0.0803025423738155,0.1056313442706284,0.0741599357513441
0.1116878003067483,0.0961543054592969,0.0913521743184034,0.1268829204267159,0.0930340475434124,0.1056916383745076,0.1265471173963208,0.0823007166060435,0.118937532059475,0.0895554342321678,0.082592606409667,0.1124914969457794,0.085449705334137,0.1076069680065333,0.0730603838159748,0.0949891725762775,0.0916810567362904,0.1185850985826402,0.0,0.0834050760473488,0.0905455887409208,0.1345357936236996,0.125826427130994,0.1301616443155816,0.1042489448141151,0.074743922221234,0.059509433219215,0.058343486434943,0.0614267681284444,0.106982887378916,0.097136258037271,0.1232351278169372,0.0938312426067387,0.083705761485001,0.1000035057346341,0.1155017349893148,0.0949102437308867,0.0914669767342831,0.1061577286953366,0.0892930147955834,0.0918432997308822,0.0926077281156862,0.0789315726879302,0.1292227002637048,0.0951740803386555,0.1032371514564522,0.1463581033271601,0.0733950523410965,0.114828875574426,0.0671678575077132,0.0964660501926506,0.0798468358056051,0.1106827524487135,0.0955839820833752,0.1288577830424127,0.1240580261432464,0.0692953053932814,0.1252856045115052,0.0861381891825587,0.0891287844867468,0.1049979280882782,0.0816458922348151,0.1058507048567503,0.1224658460663293,0.1324355665298088,0.0776102857138158,0.1139591665939817,0.1303980655781644,0.0797807772772638,0.1758681458167685,0.0819035031636021,0.0916039043805477,0.0768700774668311,0.1486684907435535,0.0862717233390674,0.0607704897265373,0.1014211760863788,0.0895053353302375,0.1033967313501577,0.1544187870684434,0.1473292385956081,0.1276538265714354,0.1094239758643247,0.0796854549167594,0.0930943846193835,0.1046975402504299,0.1293753017340768,0.0720596910875043,0.1319012225087812,0.0937192447056605,0.0739921412551802,0.0815637107620421,0.1190629109162422,0.105164966265007,0.1180071679636055,0.1021536829697772,0.1171826048075929,0.076252865820156,0.1033239996271557,0.0806601227956098
0.1185452281387664,0.0859319429526625,0.0938764086764201,0.1088626273469739,0.0989590174551402,0.1156938278782202,0.1154639274340842,0.0877589744419457,0.1266660247951787,0.0910860053630463,0.0744527942347074,0.0997384362961013,0.1143026934663314,0.0942339604782467,0.0909983034991243,0.0828530890974913,0.0797187857862561,0.0889480162418994,0.0834050760473488,0.0,0.0913327278840791,0.1456937686069894,0.140011098023994,0.1124905526938487,0.0890746242985232,0.0518701183293792,0.0720277866364286,0.0666483733456123,0.0675184742560854,0.0726331187723997,0.1210481495014963,0.0875178276824683,0.0795107787690021,0.081070511615303,0.1221779491656449,0.1365090896108409,0.0939543169140668,0.1110804456678607,0.1193787344812955,0.0801342503352966,0.0788996898873972,0.1043224865557324,0.1105702868954545,0.156182706477662,0.077974854773242,0.0784692106787941,0.1321574652553253,0.0965111748804195,0.1407064873629167,0.0870849364407596,0.0735260948959816,0.09050715148867,0.0741140697246643,0.0660803366133361,0.096599705398286,0.1207383827804235,0.08151445308315,0.1284601440036722,0.0773051112643264,0.1040133390286397,0.0788861440159388,0.0822359884706742,0.0837187899936502,0.1269953021397812,0.109512312222577,0.0831513931403648,0.1157571653919436,0.1243507673975544,0.0622395179249513,0.1516612816582556,0.0981723628266309,0.0999282910029187,0.0906554371059672,0.1066104192429049,0.0815022851031118,0.0800659984755214,0.077766361684414,0.0974701697131925,0.1013884892065608,0.1170380170285611,0.135956998903842,0.1193034645708049,0.0916994752258344,0.087772410852549,0.0842408981655153,0.078176250551835,0.1165092258271715,0.0950300886824578,0.1148602097899725,0.0831189901543087,0.0870176064311998,0.0751951102921601,0.1070648527913497,0.0774185158242537,0.1212826663057459,0.1369493667093665,0.1066624528554438,0.0818425920236299,0.1252392023972185,0.080364677722587
0.1433144669347005,0.1109968326377872,0.1200048044248096,0.130569835087742,0.1220010811842867,0.1451942694980594,0.1490390793744122,0.1076477156084735,0.146891900788701,0.081682437452766,0.1054558748047854,0.1391639248298687,0.1167582754345053,0.1138849301828966,0.0995756432538696,0.1111021429461948,0.0847424562217557,0.1082885605685432,0.0905455887409208,0.0913327278840791,0.0,0.1392594059275478,0.170105686408259,0.1363963157932802,0.1198766319695642,0.0924317215438898,0.0688381225585646,0.0937572152791273,0.0825194195586573,0.1077311371890029,0.1364123357654326,0.1253504413723971,0.1069954004431364,0.084204494903957,0.1365250255775964,0.1513497996552102,0.1105734950766913,0.1285763076985026,0.1406314802263291,0.1220935682452433,0.0956054220125447,0.1330915495822813,0.0911149555694284,0.1737970248995265,0.0759351831644745,0.0829017820757644,0.1710050428608275,0.0795667041783402,0.1710518894337653,0.0870598105735672,0.0954694666502739,0.1283251714208316,0.1024844522790197,0.0835240244220227,0.1255260263844329,0.1585637081449391,0.1205437867692532,0.1569311756778703,0.0890028280858026,0.1242690837876737,0.0992844943660946,0.0871926460960939,0.1302746302007023,0.1299116113997532,0.1354232558948472,0.0716720033060128,0.1525041543190878,0.1695269027723454,0.1035039281331575,0.1801731233961192,0.0656526550785247,0.1084259600904982,0.1126968899803766,0.1610021133846426,0.0784251488139009,0.0570039011908617,0.0971087247474563,0.0943359094836375,0.1003457642794003,0.1471445348547233,0.1740077840556499,0.1524172122518716,0.1082963881978551,0.087534795739048,0.072297055561037,0.0963080041726039,0.167291229528131,0.07814529752015,0.1548634702257215,0.1252979475944161,0.102137784946715,0.0749562694725008,0.1235604199847196,0.1196444445601841,0.1433347347805173,0.1581609582311023,0.1437385251597853,0.0997581919977824,0.1534319063659782,0.1082480933323715
