0,1,2,3,4,5,6,7,8,9,10,11,12,13,14,15,16,17,18,19,20,21,22,23,24,25,26,27,28,29,30,31,32,33,34,35,36,37,38,39,40,41,42,43,44,45,46,47,48,49,50,51,52,53,54,55,56,57,58,59,60,61,62,63,64,65,66,67,68,69,70,71,72,73,74,75,76,77,78,79,80,81,82,83,84,85,86,87,88,89,90,91,92,93,94,95,96,97,98,99
0.0,0.1270002629184721,0.1399391731891462,0.0709119128439355,0.1167865023283725,0.1305253527317804,0.1336930719701812,0.1375553385747034,0.2004993750804945,0.0937682182860261,0.1182918646851487,0.1223702683177417,0.097127809499641,0.0934711117135964,0.130892478871409,0.1206010983205606,0.1017916076527239,0.1031628235357107,0.1095313201669984,0.113149026633027,0.1566373151038475,0.1632652388822026,0.1033633978446478,0.1027690732581022,0.0903678493773029,0.1134739714173677,0.1026524901843621,0.1325009717252572,0.0850098366938511,0.1294230059495256,0.0866077330691462,0.1088935104969629,0.0816072799834533,0.1049428167111651,0.1025866242460014,0.1212750187258563,0.1807270227645349,0.1198512549896846,0.0866911634305297,0.112793652625119,0.0698693085521501,0.1419918526461191,0.1098235876688378,0.1571879977724532,0.121831960671701,0.0778034417923684,0.0934758397252718,0.0752527166762394,0.1601907100569785,0.14180295548986,0.1435620583693863,0.1162685612992034,0.1006595063775436,0.108187071397151,0.1026258116513746,0.1584830276151221,0.0912428442947617,0.1211388729262379,0.1056273957114841,0.1416854962901732,0.0821688871032709,0.1001174549669453,0.1004030259753355,0.1189554360346594,0.1315767371616196,0.0686732513888874,0.0991837194691259,0.1481444251348395,0.1120676937542998,0.0799377026979504,0.0978791500087163,0.1263506447327053,0.1395808626869523,0.0894897227705073,0.1216679197055673,0.1145212527221975,0.0993840042972893,0.1202265735915932,0.0884485020662973,0.1161507778055413,0.1303319293399144,0.060181180698371,0.0856604157591709,0.0924294350501621,0.1050099770978972,0.1259033872031953,0.1479711119620332,0.1126065936932683,0.1291700411294415,0.0980768634584297,0.0894449940716885,0.1170942335481083,0.1229582326275582,0.1048676541652949,0.0835759850983465,0.0871646482235538,0.1080943964022888,0.0905642537447353,0.0980174021427275,0.1521836329256935
0.1270002629184721,0.0,0.0847387878219942,0.1222196724831901,0.0800082816924979,0.1262278077632635,0.114681179581925,0.0772969601927115,0.1398101119650825,0.1370631270503254,0.0818168461233379,0.1436860240818005,0.1285250917618165,0.0827488227125231,0.1016046882113831,0.1187566649069994,0.1058177598662708,0.0928775422867407,0.1132277805950905,0.1397136646071823,0.0814531069105916,0.2313002703844693,0.0936802717816336,0.1345536519193035,0.1191431812121536,0.0719714146996132,0.1699483924457515,0.2123774022281124,0.1640650360645422,0.0802167553501375,0.1062456381039868,0.0881444967683814,0.1088338337632091,0.0823774633220325,0.1626704401501984,0.0720820524632523,0.0719842687674656,0.1055535642715324,0.090908143877724,0.1047080590966409,0.1257094598453997,0.0834610859093191,0.1332112297212461,0.106723024873726,0.087854181275737,0.1342736915853678,0.1778678596617693,0.0844741602619994,0.1303872831342918,0.0742149838428467,0.0796346580448158,0.0620996388902612,0.1012621192373569,0.1000093036270077,0.0831855185265716,0.1257341452521405,0.1230648905779173,0.050633593271404,0.1190507270307644,0.1362316281923186,0.0982717718677498,0.0931723100904151,0.1352994439824715,0.0965422631006027,0.0739781751784803,0.0834257153161749,0.1454937476826195,0.1355719761354766,0.0958575990191897,0.133857190157372,0.1261483347208765,0.1289245845407726,0.083079297807015,0.1221037806897076,0.1499690273438795,0.1770346472873497,0.1815143479834888,0.137856345473666,0.0955497263195954,0.0815107041148377,0.1458994964152853,0.093511714821577,0.0861134299245749,0.1083595938676785,0.0652310659095519,0.0565300535715237,0.0770073574530651,0.1255821294834468,0.0786577931912199,0.0755905848183943,0.1494665710052564,0.1379447363930113,0.1093472349735431,0.0518826129646521,0.1728087454654852,0.0793550319982047,0.0839182683373767,0.1190608681070655,0.0851935056508194,0.0665425006818162
0.1399391731891462,0.0847387878219942,0.0,0.1453774149358838,0.0865954529579784,0.093833563504931,0.0940819786269347,0.0875100836952893,0.1124247451878854,0.1777318600725723,0.0929346463953616,0.1264025040939589,0.1195501725370871,0.0876921611578704,0.1109327262879708,0.1216238499033208,0.1088216976477175,0.0997337540694615,0.1494940922237095,0.1165148725092285,0.0770325480279671,0.2198494073103298,0.0909130343658093,0.1286976061109288,0.1483903595241008,0.0828123833004443,0.2063642305151601,0.2429693214400728,0.1769565090818254,0.1200548447087381,0.1279478253369271,0.1063601019581387,0.1157015017583242,0.1028547347841385,0.1465227748753574,0.0734776038567601,0.1006742868228819,0.1488198880736267,0.1220625077882526,0.1118398704766342,0.1281545908715748,0.0892127557573242,0.1214569333083022,0.0862170590965691,0.1386144483420309,0.1450066054920465,0.1581510527318553,0.1071172488894354,0.0920937394095325,0.083124191746763,0.06793566951798,0.095720482388104,0.128027507193867,0.1018053429532585,0.0798907588579335,0.0937829420583024,0.1588259513741546,0.0745646273409333,0.1533221074329363,0.1056076724961159,0.1020072008573956,0.0964302721934962,0.1458192262749387,0.0875443381429966,0.0815718340836285,0.105633509604989,0.150959292761032,0.1206990802317149,0.1108843150546177,0.1660408467976362,0.1149892311981718,0.1704694999865602,0.0771494089626023,0.1417018838367876,0.1772218268987928,0.1765182856676301,0.1754078877266873,0.1647142479723257,0.125800885212083,0.1127188249819266,0.1747392214938633,0.1093832863664367,0.0909153156647274,0.0984926395284229,0.0946645264305783,0.087183609937037,0.111570142168669,0.1665736504750314,0.0839792430030827,0.0953374552932933,0.173741608556244,0.1663193352938904,0.1549052557856247,0.0873712869223321,0.186390015563396,0.1041782318606804,0.1146803678583334,0.1318924731629402,0.0901380912131899,0.081995574603301
0.0709119128439355,0.1222196724831901,0.1453774149358838,0.0,0.1051360334229003,0.1424259157534432,0.1423046305466397,0.1366477850343407,0.2063785083410987,0.0846122090441256,0.1131462473208271,0.1369466568483407,0.0934309987620379,0.1026033814556512,0.1167011242281107,0.104371582253607,0.1051887289853272,0.104269163189267,0.0899322297873347,0.1324357967289277,0.1555641813045748,0.1757010494761862,0.0834962670398535,0.1115058732637192,0.073102968349463,0.1064239464885081,0.0826799908804777,0.1139710188483609,0.0838758967069799,0.1287160852065019,0.0731259321300566,0.1177430384884555,0.0783628978387187,0.0777242172509118,0.1104968368116761,0.1065025609125897,0.1804424815642189,0.1088192678294009,0.0768997762809726,0.1107776698454268,0.0855289873859527,0.1530479309925241,0.1114777476970722,0.1596582844510809,0.1071006584675796,0.096801080152329,0.1201162187351248,0.0761684324977735,0.1696257376342581,0.1356539304809368,0.1439556923818528,0.0994772336669281,0.0906284473278173,0.1015524233425454,0.1104862853298649,0.1634317233442093,0.0705196464194353,0.1177969816956851,0.0825768696240157,0.1560260968896603,0.0830677480729016,0.1087124940371106,0.0914177393634719,0.1078876998253678,0.131604664944543,0.0670321970888025,0.0797480885473297,0.1601374624318611,0.0956021383488899,0.0701856628923521,0.0984324728302836,0.0970364610788121,0.1379586877273869,0.0942056351697499,0.100406705298938,0.0946389976495775,0.1031194906285067,0.1183908501398522,0.0733460669258802,0.1129055768195054,0.0911738665825336,0.067641053765291,0.0875560416740333,0.1050470379311004,0.1092914171124997,0.128797805325287,0.1464781316889346,0.0932161335524658,0.1307040094515812,0.0945282984366996,0.0716332703815746,0.0999962278860693,0.104420122016856,0.1026400270372266,0.0860894624900538,0.076113420000814,0.0930417313679391,0.0806498499127365,0.0945531720098084,0.1521523111479532
0.1167865023283725,0.0800082816924979,0.0865954529579784,0.1051360334229003,0.0,0.1320055760724575,0.1243527402019269,0.1181042036207414,0.1667278168974987,0.1302755473758699,0.0899411203833292,0.1376744781176455,0.1037290904429123,0.0947697091360465,0.0822937019268185,0.087188449613151,0.1077501641853795,0.0954776099718539,0.1075015345492633,0.1398980660228216,0.1008387203247512,0.1949511643738931,0.0703802931062295,0.1196982020387875,0.0957692967678864,0.0941961146966202,0.1503824742696792,0.201630459172747,0.1561568842820027,0.0967529983065385,0.0865697196922614,0.1123461480395743,0.1188100330420079,0.0951730505910467,0.1318759180942615,0.0840590373616815,0.1070868958353828,0.0990486179522297,0.0891664134338893,0.1386792686236401,0.1046053891583249,0.091700198268171,0.1336067060362246,0.1315871135499179,0.1119732820197931,0.1089478187337054,0.1396219711649162,0.0938239441905746,0.1406720266572091,0.102809604449821,0.1034521131588365,0.073676969614197,0.0738937468374419,0.086391931317894,0.0951178701180617,0.1380097420087323,0.1157578601664063,0.0974013280446171,0.1053638466154623,0.1509782873542582,0.0786813623135059,0.0951969800897782,0.0899658349047097,0.0870508777999737,0.0900776060392851,0.0818266132177351,0.1095469306823297,0.1432030820909017,0.0869808578582871,0.1196143217807643,0.0901781010351674,0.118151593049147,0.1101459519372935,0.0943563721282271,0.1202969150659676,0.1332093936378007,0.1457366529590688,0.1102353437702423,0.0794585564880821,0.0888149551223173,0.1127677996286691,0.0863886051223202,0.0774498739702427,0.0975249196793447,0.0612112662255603,0.0869310808740794,0.1016274574974912,0.1225423301897691,0.1160084560605552,0.0672983355215741,0.13340403133512,0.1293399885096942,0.1016450864299921,0.0846521777040796,0.15740807678494,0.0858995390151379,0.0738695957475372,0.0984887582443235,0.1039733221366399,0.0947216251420082
0.1305253527317804,0.1262278077632635,0.093833563504931,0.1424259157534432,0.1320055760724575,0.0,0.0615578766739573,0.1005284726177623,0.092591424556474,0.180205857266016,0.083944522620479,0.0649631661054122,0.0830860108466565,0.0830118991637397,0.1231244321395293,0.1424659628181142,0.0970171378957872,0.0762709053046694,0.144640224658446,0.06319972476817,0.0855969163697472,0.1789986431783918,0.1005752859229967,0.1161278010931203,0.1664331966725627,0.0954145038685037,0.2085808325418715,0.2204465687679769,0.1677222458734499,0.1492178802498192,0.1477342276143052,0.0860049210185772,0.0918645239947398,0.1035721067448331,0.1176742534495148,0.0849452245722817,0.1713688099656135,0.1862819951232309,0.1292731486319464,0.1022299989128987,0.1153398285366699,0.1342307023193739,0.0798077116470138,0.0643493777941991,0.1687339551082073,0.1407347258504783,0.0996820760671243,0.1056691093765803,0.0797399481706294,0.0937622296627334,0.0852330009926332,0.133368546921513,0.1636631329376313,0.0895956359076751,0.0859532433984109,0.056976342164543,0.1702752852952357,0.1068261297480092,0.1773359815406017,0.0637428048223719,0.1076656468728815,0.0801537853873271,0.1627713267889503,0.0844862787881015,0.112542992623849,0.1272994244461841,0.1366889125981563,0.068034260708198,0.1020595963305707,0.1502997140736554,0.0838324352169003,0.2084881896965326,0.082060158924872,0.1595063251566809,0.1996899818440416,0.1826724395380883,0.1442248453114351,0.1975582441598762,0.160182354835714,0.13285995744673,0.2128259491115769,0.1105558530973961,0.1104075651916141,0.0862509697224562,0.1376180580614682,0.1316343482802521,0.1592196075743923,0.1892511336977952,0.0910083165169074,0.1380576668079995,0.1633913430624125,0.1815473353702674,0.1853351003168341,0.1027079436661222,0.1634799851022259,0.0927422237543301,0.155731944740392,0.1262904931666024,0.0755591732992251,0.1114011288037926
0.1336930719701812,0.114681179581925,0.0940819786269347,0.1423046305466397,0.1243527402019269,0.0615578766739573,0.0,0.0802592752317775,0.0996248124082891,0.1770916053076632,0.08179493155596,0.0920416411708265,0.0925843329275699,0.0795104269299131,0.14240524722416,0.1385527085935709,0.1070345159614655,0.0701202423337129,0.1472232265737936,0.0655483433746419,0.0802601629165313,0.1989194196552304,0.0900595864939202,0.1351038918767146,0.1592859497008857,0.0979657702686661,0.2090157750478774,0.2263647415826571,0.1612335172574596,0.1518515617169946,0.136557588646124,0.0871754310720524,0.0846640043645051,0.0914468772183014,0.1226878640410105,0.0783836184173835,0.1642324685833466,0.1716362733254436,0.1332940151912919,0.0837182615498188,0.1206864060439186,0.1365592769797545,0.0823977787141535,0.0475493465725015,0.1545846805190531,0.1583353790843717,0.115686337380764,0.09810548386892,0.0544313056122427,0.0813125761961768,0.0882835318513822,0.1175550490276408,0.1537941451284389,0.1065391258682269,0.0890622839921735,0.074710342504662,0.1633100528625197,0.0882317594801459,0.1663432223206889,0.0746259492274533,0.1101659588442071,0.0939308904305191,0.1695602254518768,0.0776982410206344,0.1104039480472953,0.1205287777218265,0.1452902614306698,0.0625111402391265,0.0950550502869428,0.1427880179107914,0.1082798123107726,0.1921038978992347,0.0700426874044104,0.1644132679206159,0.1937976421578154,0.1928493563677845,0.1628331724676051,0.1855796537876164,0.1458241125196846,0.1296565306914998,0.1987725471940047,0.1052729102556475,0.1045621198089515,0.1066083579523328,0.1294632374881659,0.1345045146832319,0.1517650537067025,0.1768256578903895,0.0859248702335839,0.1329821428263183,0.1631167782759258,0.1761233045789652,0.1740984486145598,0.1001978561024141,0.1617156154061561,0.0870873400878101,0.1449261247761251,0.1229896080658081,0.0768981216274276,0.0996916515427699
0.1375553385747034,0.0772969601927115,0.0875100836952893,0.1366477850343407,0.1181042036207414,0.1005284726177623,0.0802592752317775,0.0,0.1188391962513646,0.1647990011522448,0.0811120173181832,0.1198109290463913,0.11080895160927,0.090054450115357,0.1259966452336087,0.1269158198554685,0.1196129412415513,0.0823963948212775,0.1443856352045797,0.114460278957481,0.0635689976215749,0.23556377449343,0.092321328449276,0.1405748103496602,0.1472432552742558,0.0900493491616703,0.2006187162538461,0.2277634734900999,0.1644416393540949,0.1215416614916541,0.1222058983416556,0.0658807709229398,0.0971585130879644,0.0902171639004622,0.1621746393325688,0.0803817640519877,0.1092307223241185,0.1537425295334346,0.1178743441590376,0.0965150346518645,0.1275348703474632,0.1020176825182639,0.1208796319524439,0.0794414175040272,0.1291242603996528,0.1521765230772975,0.1547041493328973,0.102633496634595,0.0929891162182171,0.057720275802161,0.0673276253291508,0.0953257489462985,0.1442872899055216,0.1126723909166303,0.0711138944232571,0.1026898095660523,0.1536106610857446,0.0493680402831442,0.1506022164293154,0.1124834832863284,0.1155372469695751,0.0922093321642635,0.1679231494698088,0.0963207792453649,0.0885180996084558,0.1090805734343702,0.1507523777914115,0.0992288133704096,0.099970198241762,0.1413360693704162,0.1189618044788906,0.1754063240511081,0.0687028701114444,0.1552683599646616,0.1851131908839149,0.1988920222744245,0.1897553520783249,0.175030894792843,0.1315076273597649,0.1020833917713657,0.1830093496782645,0.1129277399231735,0.1023290226144835,0.1158597903744599,0.1048063905544488,0.101485659700133,0.1101788944667536,0.1618441687358576,0.0655210466188758,0.1165524653599532,0.1616627282435588,0.1588287409935329,0.156840804657485,0.0761027211884292,0.1733274059959303,0.0820091083832474,0.1255375191974268,0.118955180989957,0.0870528656300713,0.0714015813333422
0.2004993750804945,0.1398101119650825,0.1124247451878854,0.2063785083410987,0.1667278168974987,0.092591424556474,0.0996248124082891,0.1188391962513646,0.0,0.2415965405656503,0.1288481307049471,0.1286385312429254,0.1571329015925082,0.1294387216624586,0.1631741511984882,0.2049472326660233,0.1439763412629579,0.1297361876569346,0.2134890298431932,0.1184673705353129,0.082910970110288,0.2475282259624635,0.1480908895484425,0.1613818597050634,0.2295070909929192,0.1232395918179083,0.2745407005676505,0.2981088466888242,0.2338615239466709,0.1655590969628948,0.2045647037635758,0.1549984607887889,0.1580910726322315,0.1507421263136517,0.1858295092901064,0.1298394760923636,0.1561901679287901,0.2218931076936313,0.178780848934155,0.1346283287212787,0.1826087099483764,0.1400545800651607,0.1489122579029884,0.0778305838747414,0.2051162220603672,0.2061433463652739,0.1704733840574583,0.1563347456248853,0.0943155070290466,0.1180499061512792,0.083879008209215,0.1714491650807126,0.2030448773123541,0.1519770106671885,0.1285188924919842,0.0687032975716535,0.2245001985910292,0.1297364145015566,0.2312664427788022,0.0920999799801829,0.1578240620571685,0.1273274226567062,0.2170683822304412,0.1449664480740515,0.1286277138772552,0.1780394394120249,0.2028237415632132,0.125117126877673,0.1725591357473567,0.2191286473383823,0.1620395653149071,0.2512977262395964,0.1051949877435052,0.2150204876552564,0.2560323315216148,0.242527115409485,0.2224855284649169,0.2486545529012754,0.205523326128358,0.1735381679882786,0.2661174518688357,0.169426489719551,0.158157840164435,0.1428888090979866,0.1694202463144856,0.1411342239814234,0.1655212320690686,0.2444906626951644,0.1157698548317474,0.1746845182709166,0.2379265248605755,0.2458585791697703,0.2361767673362451,0.1441800568388267,0.2334804257076906,0.1521435870230896,0.1953984709247621,0.1988509546037906,0.1379425644997578,0.1156166817504679
0.0937682182860261,0.1370631270503254,0.1777318600725723,0.0846122090441256,0.1302755473758699,0.180205857266016,0.1770916053076632,0.1647990011522448,0.2415965405656503,0.0,0.1406724313454039,0.1703116457267481,0.1208855272439184,0.1299141938726252,0.1389261558763147,0.1152195421607617,0.1283707989013229,0.1313270099794182,0.0887122895478454,0.167249653898337,0.1839968020676601,0.1996756391804482,0.1216003424322891,0.1471170639974185,0.0656365433429625,0.1259357001802169,0.073437384373517,0.0982617686746841,0.1183062409164893,0.1311686117828449,0.0953924575816649,0.1346886165340483,0.1189945955991074,0.1088179370729311,0.1388339794060381,0.1304977895763411,0.1739436146602208,0.0899237517979883,0.0860673081289578,0.1375990557217359,0.1177851781673191,0.1697833630027255,0.1473077912201293,0.1904855996350218,0.0881291169332239,0.0887868054460719,0.1550123733856424,0.1027023174438792,0.2045743622008137,0.1607521703108984,0.1773278249451263,0.1116378950417767,0.0902818818094532,0.12287815761924,0.1417464006014719,0.1975556810273935,0.0729906344858601,0.1401546568354852,0.0825134919946677,0.1894675514876023,0.1132615689688483,0.1319475163178593,0.1056569233285597,0.1342074331298545,0.1524550266778019,0.0916576328786047,0.1075937948299043,0.1836516189641708,0.1087520912298197,0.0675114473920389,0.134461694369211,0.0829127134394863,0.1678155773837097,0.0849106502634156,0.1009398085063353,0.126552067576867,0.1258276458621687,0.0963832372282421,0.095139943568606,0.1067931102488923,0.1000966187092393,0.1063913619426535,0.1128998479378512,0.1300177225160376,0.1045818554501645,0.1505100183517445,0.1464393116183865,0.0668190309456401,0.145930608175301,0.1146231844110265,0.0853403438436751,0.0733347336614255,0.0824958686751989,0.1142814752389175,0.1038940799278821,0.0981969449531441,0.0999058434833715,0.0863425502931693,0.1206474835227962,0.1681660343117247
0.1182918646851487,0.0818168461233379,0.0929346463953616,0.1131462473208271,0.0899411203833292,0.083944522620479,0.08179493155596,0.0811120173181832,0.1288481307049471,0.1406724313454039,0.0,0.0973519791541275,0.0771448714202309,0.0685012363332043,0.0857582142363111,0.0999237314515158,0.0799550892330278,0.0663465067845693,0.0967830082345319,0.098027219321251,0.0769471297651166,0.1766272571834987,0.0695455492679784,0.1272715752763329,0.1274846165159375,0.0752935865242729,0.174339711849921,0.1905816938249959,0.1471276723328702,0.1082149990083272,0.1145757762961911,0.0820396833787996,0.086308234881828,0.0726875834285099,0.1113596878765552,0.0699917820887809,0.1165920158766738,0.14105605774426,0.0812228878685473,0.0920989130874586,0.0968997676077318,0.1025431552195307,0.087089917826854,0.096538442610545,0.110037013330736,0.1373006329732936,0.130203192979721,0.0805726323288927,0.1050774890722428,0.064544369555086,0.0760765253826586,0.0763266386134247,0.1195243752410801,0.070763988113835,0.0625658739167629,0.1010885053319801,0.1260214787582415,0.0664476704771211,0.1309701543295168,0.1041912450327183,0.0859003225872941,0.0753895994575589,0.1405120279376746,0.0613810944114032,0.0823266396177218,0.0933017423044813,0.1239053857241215,0.0831847164647118,0.0780278873836719,0.1178105353437898,0.081087410689395,0.1559442728837766,0.0722749648576089,0.1290048692264969,0.1591856483276799,0.1730952778598148,0.1529036848079107,0.1546923363191882,0.1129528570622696,0.0892957923199431,0.1655390820571395,0.079793610302417,0.0879921870990538,0.089952697265664,0.0952849422255651,0.0964614589492573,0.1126589535148246,0.1432797423693708,0.075244583500126,0.0970161552968936,0.129564494009895,0.143625196610977,0.1373830153546708,0.0604495659910198,0.1520416045165573,0.0685099801494172,0.1099746367813799,0.102770064924723,0.061104911950175,0.0685440143420853
0.1223702683177417,0.1436860240818005,0.1264025040939589,0.1369466568483407,0.1376744781176455,0.0649631661054122,0.0920416411708265,0.1198109290463913,0.1286385312429254,0.1703116457267481,0.0973519791541275,0.0,0.0669530632534439,0.0925696359798356,0.1184624802590989,0.1398355525667237,0.0859478578517663,0.0785658026134096,0.138371154353117,0.0718940355430927,0.1146016113977222,0.1530947998872963,0.1053911044671208,0.102137453740612,0.1596259469417067,0.1039812915593095,0.1932783128551339,0.1980276724321756,0.1522810624278141,0.1601209739165774,0.1450176325441457,0.1066255694515395,0.1096260609126475,0.1082718717188147,0.0963062724533003,0.1084179561899822,0.1910491003821508,0.1868821737671337,0.1179005991544006,0.1159559804924721,0.1005867397853693,0.1541596179654422,0.0918032427518639,0.1016781757511534,0.1724629102244542,0.1173278993610782,0.0821595111457141,0.1136460138809821,0.1044503810260472,0.119861819243131,0.1124180931347146,0.1401380851504021,0.1621937487935415,0.0844253870127181,0.1008594183234001,0.091336771099627,0.163557703925442,0.1320027137929752,0.1754280880792096,0.0828468800319723,0.1035874845272833,0.087887178141255,0.1536615221234935,0.0983564037543461,0.1271286590330643,0.1247454278493081,0.1181778916347188,0.0806659366010416,0.1032345544067794,0.1324121377614262,0.0705647690587442,0.202320166226545,0.0935840867839457,0.1497577091644543,0.1925114820758491,0.1596734816822871,0.1337207981733098,0.1895779569256625,0.1553807480070042,0.1379551667338185,0.2058093016676383,0.1069709662229128,0.1209128676613696,0.0866710392803855,0.1394013781320463,0.1418121777750753,0.1744382258480646,0.1849459902460305,0.1164050924927623,0.1400913207160436,0.1472081436927674,0.1806565404362536,0.181227784661579,0.1159155314729841,0.1444556347891502,0.096332313058527,0.1590243513850472,0.1225998267552967,0.09455616696766,0.1406479963901492
0.097127809499641,0.1285250917618165,0.1195501725370871,0.0934309987620379,0.1037290904429123,0.0830860108466565,0.0925843329275699,0.11080895160927,0.1571329015925082,0.1208855272439184,0.0771448714202309,0.0669530632534439,0.0,0.0825536346821812,0.0990104407765016,0.0913848678704851,0.0757427436474196,0.0648082267975423,0.0932786636945952,0.0866070867357211,0.1159997303516986,0.1458731212155485,0.0695954901456618,0.1131408509351431,0.1105991868324147,0.096105702547264,0.1456767733696311,0.1545626865492646,0.1302515433810954,0.133324937036883,0.0985483853773523,0.0920418318942957,0.0833031289554419,0.0798100499997208,0.0886022384027404,0.0945143467868152,0.1745725100394958,0.1364345067071329,0.080976962143636,0.1138474563372677,0.0783776928402997,0.1357440317123289,0.0795899004048393,0.1141982257528905,0.1340857477235344,0.0991597432863349,0.0850560230969187,0.0751328854253874,0.12268601079535,0.1074545362606141,0.114492570914466,0.1037373368318607,0.1105976009155849,0.0767711267295889,0.0816582828403495,0.1134778951856301,0.1189440195884239,0.1112197102042461,0.1243248921441449,0.1045508072522154,0.0736592705155685,0.0827444155018896,0.106579959305874,0.0688005966774849,0.1110680451056396,0.0874051863000411,0.0849404675572421,0.0892979142434622,0.0685255438002455,0.0926898420397323,0.0521536338211444,0.1569213839941515,0.1007270905493421,0.1146850482637669,0.1442564156927488,0.1271029500355279,0.1096161279513935,0.1382335498832224,0.1126225113567263,0.1047903102894306,0.1515237611457992,0.0764044166005178,0.0818624423925147,0.0842483166115211,0.1044900280799741,0.1253161172780729,0.1476151426796561,0.1399361499796267,0.1204468328734239,0.1077281870480454,0.0957445603692236,0.1321936871750785,0.1267585437110467,0.1003138930201743,0.1226436496825715,0.0709599994976338,0.1107030113094144,0.0725047572924625,0.0798413416678007,0.1284293557417192
0.0934711117135964,0.0827488227125231,0.0876921611578704,0.1026033814556512,0.0947697091360465,0.0830118991637397,0.0795104269299131,0.090054450115357,0.1294387216624586,0.1299141938726252,0.0685012363332043,0.0925696359798356,0.0825536346821812,0.0,0.100998417769865,0.1252678463461668,0.0557480440679756,0.0517410306210585,0.1049376090548143,0.081336712038945,0.0815699602842607,0.1830330046617727,0.0675660943708218,0.0957559766678564,0.1218580080266078,0.063039460284211,0.1571405451072226,0.1828904501747788,0.1294114633819507,0.1097187964621428,0.1062625072330591,0.0860702339727479,0.0810818784545971,0.0571698123166045,0.0961583423185137,0.0642815800079737,0.139057505270024,0.1194846204187995,0.0743808320481868,0.0820607254318462,0.0857055548903393,0.1072171920017966,0.0841070947072257,0.086383253918241,0.1137555231661714,0.1110664680910768,0.1153571305746749,0.0535742764613255,0.0994289532669212,0.0711826426104256,0.0708261697597439,0.0792490096792573,0.1069970907927508,0.0749747261544795,0.0673389671789523,0.0915117848591689,0.1217634831838563,0.0731395725394771,0.1264397101891103,0.0966688933196912,0.0543471185084624,0.0750296730864643,0.1233945074903061,0.0726211586343388,0.0771585249564547,0.0691670304315196,0.1034848318293722,0.0993849265223126,0.0864195588941282,0.1116970576787219,0.0816072831903066,0.1486901475509137,0.0717157490823037,0.1136437793682306,0.1550781778258474,0.1509776423437705,0.1271280639621306,0.1442302598066859,0.1038278431600761,0.0883828970858249,0.1637530759947134,0.0581547257611942,0.0725818090206207,0.067958757086397,0.0786000468116082,0.083239246644493,0.1138764417417503,0.1381214924935518,0.0812725806000818,0.0796155506545084,0.1202668186087818,0.1410714775760855,0.135865015154337,0.0688781995224028,0.1314840618709405,0.0673495397059194,0.0954086058303333,0.1000794009011628,0.0566139284215465,0.0900048330014993
0.130892478871409,0.1016046882113831,0.1109327262879708,0.1167011242281107,0.0822937019268185,0.1231244321395293,0.14240524722416,0.1259966452336087,0.1631741511984882,0.1389261558763147,0.0857582142363111,0.1184624802590989,0.0990104407765016,0.100998417769865,0.0,0.1067837670904487,0.0872208934409267,0.101097425096321,0.093736765213589,0.138455114125106,0.1229428381080734,0.1752494686458239,0.0843966174529616,0.124522625133093,0.1182364303326048,0.0815899921377934,0.1603748261687337,0.184762842130932,0.1838685656627171,0.0950311040829124,0.1262563151698423,0.1217250498418294,0.132951295403376,0.0943700237838471,0.126931234962484,0.0918072681236442,0.1164406953531955,0.1211637868303299,0.0758555120097712,0.1427598869767167,0.1085150321590583,0.0998727420940371,0.1207707448187033,0.1254700622933008,0.1222598180049698,0.1100566456244978,0.1510920343700067,0.1060014289412226,0.1497017455370995,0.1078382221625844,0.1034602363458096,0.0870602572693071,0.1109414496166846,0.0620728902761502,0.0918846488844487,0.1257362690138607,0.1293496728402235,0.1146000672486609,0.126836929362279,0.1242410936329176,0.0868189308994562,0.1037280252022265,0.0861822522941578,0.0984811385493458,0.091982592694512,0.094300071156643,0.1015649349171739,0.1407605947589434,0.0924399243903573,0.124677668361843,0.0911754125037922,0.1360565422531985,0.1115361792457707,0.1083557767895795,0.1230392017928171,0.1359609713228858,0.1357005988267342,0.1109796658799706,0.1033886049724746,0.0837623712478811,0.1245131113124986,0.1011264453869059,0.094440536554036,0.1013199305633537,0.0927656492746304,0.0903049764652082,0.1050923080392477,0.1305680863285408,0.1159354169053805,0.080323191761395,0.1316664952098328,0.1402553934104164,0.1208269190299191,0.082049821697475,0.1706650710550799,0.0988765998899323,0.0965245798713867,0.1196412465570588,0.0978136612078182,0.0970721561082278
0.1206010983205606,0.1187566649069994,0.1216238499033208,0.104371582253607,0.087188449613151,0.1424659628181142,0.1385527085935709,0.1269158198554685,0.2049472326660233,0.1152195421607617,0.0999237314515158,0.1398355525667237,0.0913848678704851,0.1252678463461668,0.1067837670904487,0.0,0.1305497944648595,0.1194968016329546,0.0898435859995948,0.1516049397595008,0.1387305118840061,0.170038735601456,0.0912752987116595,0.1559413713738927,0.0870822152602107,0.1338591565064101,0.134748887494857,0.1622522605308364,0.1527066439314589,0.126527412416307,0.0891083209246013,0.0995131471312654,0.1026178245341292,0.1096657020463935,0.1333844534881596,0.115312810349152,0.1372189347224591,0.126394451836059,0.0890768862020499,0.1469716163739687,0.104197829828934,0.1317389040797817,0.122151366691582,0.1513834904659888,0.1053796044645979,0.1286287972481282,0.1529241200666763,0.1034475298418026,0.1626198689999858,0.1188292021790667,0.1375845789581173,0.0841324156658513,0.0930626648940645,0.1062036368841831,0.1085562874389036,0.1645301480556902,0.1217886489780463,0.1097578417447426,0.0944584338793832,0.1674390079085738,0.1028766753440912,0.1213420179367589,0.1067195243551149,0.0897473592230491,0.1200574089547076,0.0973150512310445,0.1171729832377562,0.1365358839157605,0.0805746405716534,0.1159813081204758,0.095904402935899,0.1176803733419121,0.1285620812204871,0.0996485784863571,0.110292491466403,0.1219919583209502,0.1395205439560915,0.1119229653311883,0.0913036192605163,0.1055684511992916,0.105324288865751,0.1031823491287521,0.1021526946245667,0.1269058368947583,0.1000762445410544,0.1350940583372457,0.1307540354417275,0.1036988865963248,0.1413745088711569,0.1165390148842451,0.1006429757937964,0.10627776070764,0.0914895195889882,0.1033554867134224,0.1407142214979802,0.0975935777814842,0.0994034445081978,0.0752708690833424,0.1114202272839741,0.121538945264656
0.1017916076527239,0.1058177598662708,0.1088216976477175,0.1051887289853272,0.1077501641853795,0.0970171378957872,0.1070345159614655,0.1196129412415513,0.1439763412629579,0.1283707989013229,0.0799550892330278,0.0859478578517663,0.0757427436474196,0.0557480440679756,0.0872208934409267,0.1305497944648595,0.0,0.0727630927089955,0.0939989881968244,0.0961549935712493,0.1122007249656979,0.1589320356392648,0.0764205305830092,0.0940302252725658,0.1265627498724654,0.0662743725381249,0.156020301078531,0.1649430713454215,0.1394033776937643,0.1127459460666001,0.1205359102637986,0.1157033402258763,0.1121132466394821,0.0731317183429037,0.0841419424690741,0.0867140657200615,0.1556397643237476,0.1267184920443025,0.0681939307835465,0.1112273875090321,0.0939201572523857,0.1300089904455269,0.0833862403055905,0.1116007836955138,0.1298829062602253,0.1047075746201064,0.1134733017065734,0.0777267926325101,0.1238231153592504,0.1011269068464587,0.0982956764957999,0.0919742012717441,0.1161586260091878,0.061816244656426,0.0923941202826413,0.1058018982247772,0.120106056913951,0.1041909872547541,0.1339495264038847,0.0976384065758256,0.0633899554606035,0.0869243841027818,0.1201734043986874,0.080891401493159,0.0952569383794032,0.0833036201638042,0.0920886125897754,0.1134208802774432,0.0947195805916805,0.1039411267296176,0.0820894223630964,0.1484043054579975,0.0856011899102702,0.1175853370136714,0.1536534949944305,0.1362127151011695,0.1127074734907477,0.1428064269096977,0.1088479954382165,0.1032709353258062,0.1652269735349271,0.0736683348819259,0.0872152347871312,0.0733245609256654,0.0907048889582206,0.1018343224800492,0.131892986860513,0.1404663340549379,0.1018628413176526,0.0922170114120875,0.1100687983936468,0.1512858008237637,0.1487071425317628,0.0846516325416927,0.1417763322104021,0.0848719847553678,0.1057036134481257,0.1131933162695163,0.0764792457246088,0.1144300851357801
0.1031628235357107,0.0928775422867407,0.0997337540694615,0.104269163189267,0.0954776099718539,0.0762709053046694,0.0701202423337129,0.0823963948212775,0.1297361876569346,0.1313270099794182,0.0663465067845693,0.0785658026134096,0.0648082267975423,0.0517410306210585,0.101097425096321,0.1194968016329546,0.0727630927089955,0.0,0.1036807713416933,0.0725186820491826,0.0815452206861613,0.1815287196717231,0.0674544978231009,0.1085849321839072,0.1185972824999361,0.0661575219303753,0.1616598583480935,0.1803864682392933,0.1345602546763082,0.1111874223669378,0.098531407899736,0.0798237432314131,0.0724284010254785,0.061119194402481,0.1031423576148237,0.0625710473699356,0.1458405003759091,0.1199323310128493,0.0821841347553649,0.0868447844023975,0.0889564811121382,0.1159065866486086,0.0838792726011514,0.0868810473782022,0.1168367067955413,0.1138669241058058,0.1039262869931695,0.0667675819604368,0.0936305510520148,0.0703469252566024,0.0770230341578094,0.0841761393964786,0.1040997140837279,0.0797281647186274,0.0752709539845551,0.0928840295244713,0.1177802568846907,0.0787136729321819,0.127022058538385,0.0959170863850262,0.0661567212210628,0.0707630141883803,0.1219276303568231,0.0680934245408065,0.0874627162252208,0.0852908325571205,0.1016864838176969,0.0862638014635843,0.0676025353217821,0.0999763391036018,0.0749627355231707,0.1505988596969359,0.0733644867228074,0.1172563585669038,0.1576338662660776,0.1585667506819669,0.1350563585119631,0.1444488086294712,0.1113896979894826,0.0855053650403922,0.1611521257574802,0.0770722887814576,0.0814059019433899,0.077406910368278,0.0863948714331356,0.0971302680162448,0.1217709031088638,0.1403361622967382,0.0892670269293448,0.0908625695780979,0.1223909205050905,0.1382062865942251,0.1356539277373653,0.0657813840204045,0.1260014524209191,0.059541224578212,0.0999862162640465,0.0841903011868822,0.0641576462527961,0.0961916551063438
0.1095313201669984,0.1132277805950905,0.1494940922237095,0.0899322297873347,0.1075015345492633,0.144640224658446,0.1472232265737936,0.1443856352045797,0.2134890298431932,0.0887122895478454,0.0967830082345319,0.138371154353117,0.0932786636945952,0.1049376090548143,0.093736765213589,0.0898435859995948,0.0939989881968244,0.1036807713416933,0.0,0.1373561835837966,0.1574831606238736,0.14321116349499,0.0944217303926775,0.1472801094524252,0.0883679044293243,0.1091291232336616,0.1205622747476801,0.1307953220957742,0.1447448527237659,0.1196297542048767,0.0910873119708942,0.1134862547839387,0.1075522433680923,0.0830556688160161,0.1036356230677488,0.1058824698509203,0.1598317039516862,0.1048798048538811,0.0730197291272916,0.128123993963463,0.1147996802055418,0.1463502605457992,0.1012069226914913,0.1594440977855198,0.1049926190347798,0.1137935197293064,0.1456087512551577,0.0915047060992498,0.171594073589615,0.126923804774515,0.1483683372712425,0.0794040491685055,0.0906924814367375,0.0888277762184319,0.1207420243146067,0.1659096670575975,0.0898135760283057,0.1177063569827527,0.1005802333662205,0.1632299978637181,0.091096597176752,0.1193767572378683,0.1003125707022179,0.0930132867397506,0.1257489558948697,0.0877523712146851,0.0913200834669205,0.1434156188627793,0.0772335432702606,0.0831183866112015,0.0989107153612771,0.1059260773804766,0.1327675716976663,0.1082533721391769,0.1031103141928994,0.1297624472433438,0.1156137240109599,0.1082905490941294,0.0796146199098142,0.096426712804954,0.1012964173297514,0.0911237322419729,0.0962852574693867,0.1198233416959383,0.0975465075256607,0.1228929110449461,0.1338871834910678,0.092456545884239,0.1330546030132159,0.0957928349397648,0.0724080787996816,0.1108650664759005,0.0979530511869892,0.0900450273634909,0.1307428134272907,0.0808003691821788,0.0891781364060396,0.0835379343803933,0.089462047148899,0.1333723511014886
0.113149026633027,0.1397136646071823,0.1165148725092285,0.1324357967289277,0.1398980660228216,0.06319972476817,0.0655483433746419,0.114460278957481,0.1184673705353129,0.167249653898337,0.098027219321251,0.0718940355430927,0.0866070867357211,0.081336712038945,0.138455114125106,0.1516049397595008,0.0961549935712493,0.0725186820491826,0.1373561835837966,0.0,0.1052647257214728,0.164563436391295,0.0990656166946802,0.1139062581012263,0.1560856095540203,0.0992239222158271,0.1947564354494346,0.1970647507224525,0.1368985495366058,0.1616461537412286,0.1407888999698346,0.1021509781209925,0.0883627148779259,0.0902744866967512,0.098407779143698,0.0961632232086368,0.1921159859142628,0.1766813532122803,0.1234934743276792,0.0879497907162779,0.0944225214723201,0.1536742812382517,0.0738357214169995,0.0766110518311957,0.1625025066911414,0.1382831082248214,0.0811986213059852,0.1049823210392294,0.0733685431585961,0.1132376541054313,0.1080326375087226,0.1341592050447944,0.1594119773298741,0.0960663836527534,0.0920792341852587,0.0913268136557808,0.1538187619089936,0.1181373488187738,0.1714771295068696,0.0640074234487215,0.0998640163432887,0.0936248422862654,0.1572793871705464,0.0904737879306605,0.1263279841779306,0.119152010212119,0.1280460094079328,0.0774175174991999,0.1062901738271389,0.1260485889918925,0.100381436437985,0.1896691865938154,0.0853188900808685,0.1547893286116301,0.1914207719495716,0.1795452623967475,0.1331876783312187,0.1857044940007136,0.1412791088652245,0.1431330365026831,0.202070831905371,0.0964693263884797,0.1175640031354099,0.0990342796749153,0.1377122781993815,0.1414208625079681,0.1664461460972659,0.1699817067598634,0.1083959799904095,0.128505458860249,0.1451299187329155,0.1833557927724509,0.1859199846976081,0.1105467456802505,0.1326220495744103,0.0910611269628991,0.1519559051111172,0.1191785694027027,0.0727082848531244,0.136608191477889
0.1566373151038475,0.0814531069105916,0.0770325480279671,0.1555641813045748,0.1008387203247512,0.0855969163697472,0.0802601629165313,0.0635689976215749,0.082910970110288,0.1839968020676601,0.0769471297651166,0.1146016113977222,0.1159997303516986,0.0815699602842607,0.1229428381080734,0.1387305118840061,0.1122007249656979,0.0815452206861613,0.1574831606238736,0.1052647257214728,0.0,0.2294469962163046,0.0947311621460945,0.1390232306008385,0.1673785129608223,0.0876353273120008,0.2199518932080838,0.250447299722352,0.1810545091418153,0.1091420872163687,0.1397319749877642,0.0894022076639482,0.1120638190772719,0.0992304397104543,0.1582045093145841,0.0789444529788534,0.1044346494746897,0.1577755573261118,0.1257652766929453,0.0995191085882495,0.1357235535524109,0.0907028357895109,0.1198831137794526,0.0719086459732301,0.1421138402779109,0.1667767632930145,0.1520532413253415,0.1097681150771759,0.0912651125092228,0.0615263599642987,0.0507642109006256,0.1014150668928066,0.1397876889712685,0.1066105479486771,0.0785916566899726,0.0843976503940869,0.1681252296956457,0.0671269214785251,0.1688661930769798,0.1023509839957602,0.114956426681067,0.0877048968471952,0.1726896233822854,0.0909118007007197,0.0776940735174513,0.1258521711348074,0.1635782572702611,0.0921935676381622,0.11297293984504,0.1642495695287352,0.1251472992488981,0.1886866123030727,0.0638615633175443,0.1614231933238645,0.2012297096952475,0.2048488091789682,0.1931081233632486,0.1870912654297158,0.1446808348850579,0.1094103227789422,0.201374260231006,0.1225310198067463,0.1065621583060162,0.1117325233920304,0.1065747634315962,0.0956318991313908,0.1001150668089345,0.1839362240675263,0.0705874027215701,0.1163345130397691,0.1820428106621222,0.1820856007995956,0.1727763945689813,0.0830309240742891,0.1892613630078019,0.0978209174113585,0.130856358583672,0.136699589802732,0.0921771072078677,0.0677583581507541
