,Var0,Var1,Var2,Var3,Var4,Var5,Var6,Var7,Var8,Var9,Var10,Var11,Var12,Var13,Var14,Var15,Var16,Var17,Var18,Var19,Var20,Var21,Var22,Var23,Var24,Var25,Var26,Var27,Var28,Var29,Var30,Var31,Var32,Var33,Var34,Var35,Var36,Var37,Var38,Var39,Var40,Var41,Var42,Var43,Var44,Var45,Var46,Var47,Var48,Var49,Var50,Var51,Var52,Var53,Var54,Var55,Var56,Var57,Var58,Var59,Var60,Var61,Var62,Var63,Var64,Var65,Var66,Var67,Var68,Var69,Var70,Var71,Var72,Var73,Var74,Var75,Var76,Var77,Var78,Var79,Var80,Var81,Var82,Var83,Var84,Var85,Var86,Var87,Var88,Var89,Var90,Var91,Var92,Var93,Var94,Var95,Var96,Var97,Var98,Var99
Var0,0.0,0.0,14.744628445195552,0.0,0.0,0.0,0.0,0.0,0.0,14.066052833272886,0.0,0.0,13.62276235394964,0.0,0.0,13.24835508553205,0.0,0.0,0.0,14.079412591696174,0.0,14.532073192121306,0.0,0.0,12.312592326776986,0.0,0.0,0.0,14.002618329832547,0.0,13.90359982030292,0.0,14.152644986876881,0.0,0.0,0.0,0.0,0.0,0.0,0.0,0.0,0.0,0.0,0.0,0.0,0.0,0.0,14.676961542058336,0.0,0.0,11.682834123746918,13.915433630451195,0.0,0.0,0.0,0.0,14.452818379317286,0.0,14.678383868100763,13.870816000741412,14.398444406094443,14.650060366033763,0.0,0.0,0.0,0.0,0.0,0.0,0.0,0.0,0.0,0.0,0.0,0.0,0.0,14.713375608110965,0.0,0.0,0.0,0.0,0.0,0.0,0.0,0.0,0.0,0.0,0.0,0.0,0.0,0.0,0.0,0.0,0.0,0.0,0.0,0.0,0.0,0.0,13.683462696938403,0.0
Var1,0.0,0.0,9.483811334345296,14.305943618544672,9.74254649515872,10.981576559754691,14.296398251207082,11.904458589118532,10.548097699337074,0.0,0.0,0.0,0.0,0.0,0.0,0.0,0.0,13.994495098818675,0.0,13.827108172540642,0.0,0.0,0.0,0.0,0.0,0.0,0.0,0.0,0.0,0.0,0.0,0.0,0.0,0.0,0.0,13.63928102074183,0.0,0.0,0.0,0.0,0.0,0.0,0.0,0.0,0.0,0.0,0.0,0.0,13.54574674701707,0.0,0.0,8.123705526842624,0.0,10.227484009051027,9.262485976012034,12.465426290491996,9.785877691258817,7.72935916499547,0.0,0.0,0.0,0.0,14.095316930111672,13.753796632827054,0.0,0.0,0.0,0.0,0.0,0.0,0.0,0.0,0.0,0.0,0.0,0.0,0.0,0.0,0.0,0.0,0.0,0.0,0.0,0.0,0.0,0.0,0.0,0.0,0.0,0.0,0.0,0.0,0.0,0.0,0.0,0.0,0.0,0.0,12.41933665561452,0.0
Var2,0.0,9.483811334345296,0.0,0.0,12.781645650789107,6.225419071517568,0.0,13.988576970087307,8.586999878805925,0.0,0.0,0.0,14.137181726468057,0.0,0.0,0.0,0.0,0.0,0.0,13.09916000313065,0.0,0.0,0.0,0.0,0.0,0.0,0.0,0.0,0.0,0.0,0.0,0.0,0.0,0.0,0.0,12.872538871214818,0.0,0.0,0.0,0.0,0.0,0.0,0.0,0.0,0.0,13.771796657869656,0.0,13.10002006561127,12.12730506836306,13.597999173313731,0.0,8.407729586398823,0.0,0.0,7.748807601857891,7.15445092468994,11.934208449627105,10.205934114151693,0.0,0.0,0.0,0.0,12.150719639695424,12.508133883856164,0.0,0.0,0.0,0.0,0.0,0.0,0.0,0.0,0.0,0.0,0.0,0.0,0.0,0.0,0.0,0.0,0.0,0.0,0.0,0.0,0.0,0.0,0.0,0.0,0.0,0.0,0.0,0.0,0.0,0.0,0.0,0.0,0.0,0.0,9.883631672428468,0.0
Var3,0.0,14.305943618544672,0.0,0.0,10.43787226469156,0.0,0.0,8.839069208778502,14.48482416456328,0.0,0.0,0.0,0.0,0.0,0.0,0.0,0.0,0.0,0.0,0.0,0.0,0.0,0.0,0.0,0.0,0.0,14.716673447438971,0.0,0.0,0.0,0.0,0.0,0.0,0.0,15.264603906128668,15.333787755198413,15.396340131258047,0.0,0.0,0.0,0.0,0.0,0.0,14.134690721789244,13.969970168808274,0.0,0.0,0.0,0.0,0.0,0.0,0.0,0.0,11.763712071722946,0.0,0.0,0.0,14.491711750228676,0.0,15.448776771252447,14.52878583920496,15.222240750091462,0.0,0.0,0.0,0.0,0.0,0.0,0.0,0.0,0.0,0.0,0.0,0.0,0.0,0.0,0.0,0.0,0.0,0.0,0.0,0.0,0.0,13.699936686031803,12.207000881224339,15.413385749631434,14.991789625233597,0.0,14.503954951732473,0.0,0.0,0.0,0.0,0.0,0.0,0.0,0.0,0.0,0.0,0.0
Var4,0.0,9.74254649515872,12.781645650789107,10.43787226469156,0.0,13.379057116486141,0.0,10.2541942715459,12.129774642865042,0.0,0.0,0.0,0.0,0.0,0.0,0.0,0.0,13.50349089470443,14.522119123957522,0.0,0.0,0.0,0.0,0.0,0.0,0.0,14.609187898807829,0.0,0.0,0.0,0.0,0.0,0.0,0.0,0.0,14.47137214624264,0.0,0.0,0.0,0.0,0.0,0.0,0.0,14.447947021635596,13.930141651631223,0.0,0.0,0.0,0.0,0.0,0.0,13.53272261952958,0.0,10.13493416812732,9.414819727452164,14.74293883192604,14.05722415205998,11.35568031473309,0.0,0.0,0.0,0.0,0.0,14.520813738779463,0.0,0.0,0.0,0.0,0.0,0.0,0.0,0.0,0.0,0.0,0.0,0.0,0.0,0.0,0.0,0.0,0.0,0.0,0.0,0.0,0.0,0.0,0.0,0.0,0.0,0.0,0.0,0.0,0.0,0.0,0.0,0.0,0.0,0.0,14.286069679686694,0.0
Var5,0.0,10.981576559754691,6.225419071517568,0.0,13.379057116486141,0.0,0.0,0.0,7.920698589562754,0.0,0.0,0.0,0.0,0.0,0.0,0.0,0.0,0.0,0.0,0.0,0.0,0.0,0.0,0.0,0.0,0.0,0.0,0.0,0.0,0.0,13.793922749866494,13.702782029839941,0.0,0.0,0.0,11.521991927016362,0.0,0.0,0.0,0.0,0.0,0.0,0.0,0.0,0.0,13.017271859178923,0.0,12.40690580706536,11.84985165981875,12.960994031863224,13.032461033868076,9.545166840675593,0.0,0.0,6.169523951162863,4.958270032128036,12.061248505417533,10.145929324292469,0.0,0.0,0.0,0.0,11.67518440537343,12.369673177548332,0.0,0.0,0.0,0.0,0.0,0.0,0.0,0.0,0.0,0.0,0.0,0.0,0.0,0.0,0.0,0.0,0.0,0.0,0.0,0.0,0.0,0.0,0.0,0.0,0.0,0.0,0.0,0.0,0.0,0.0,0.0,0.0,0.0,0.0,9.5950353359827,0.0
Var6,0.0,0.0,0.0,0.0,0.0,0.0,0.0,13.39943923905629,13.635417693514711,0.0,0.0,0.0,12.219713756028336,0.0,0.0,13.846517146581542,0.0,0.0,0.0,0.0,0.0,0.0,0.0,0.0,0.0,0.0,0.0,0.0,13.958127717683363,0.0,0.0,13.075775447524117,0.0,0.0,0.0,0.0,0.0,10.879528067851265,13.971314126448778,12.052517303717163,0.0,0.0,0.0,0.0,0.0,0.0,0.0,0.0,0.0,0.0,0.0,13.391672282360771,12.42572640780827,0.0,0.0,0.0,12.790676800871934,13.504297114193028,0.0,12.157859612954281,11.986253170938419,11.535168218113704,13.004698674779238,0.0,0.0,0.0,8.893620157560344,0.0,0.0,0.0,13.81082688085174,0.0,0.0,13.83921370724926,0.0,0.0,0.0,0.0,0.0,0.0,0.0,0.0,0.0,0.0,0.0,0.0,0.0,0.0,0.0,0.0,0.0,0.0,0.0,0.0,0.0,0.0,0.0,0.0,0.0,0.0
Var7,0.0,11.904458589118532,13.988576970087307,8.839069208778502,10.2541942715459,0.0,13.39943923905629,0.0,10.11020486490561,0.0,0.0,0.0,0.0,0.0,0.0,0.0,0.0,0.0,0.0,0.0,0.0,0.0,0.0,0.0,0.0,0.0,12.285634291147549,0.0,0.0,0.0,0.0,0.0,0.0,0.0,0.0,13.258843448140507,0.0,0.0,0.0,0.0,0.0,0.0,0.0,13.547101251191458,0.0,0.0,0.0,0.0,0.0,0.0,0.0,0.0,0.0,13.824363016516214,12.406206091999922,0.0,13.270196424915481,9.418215694724353,0.0,12.280792673459752,11.44039193288971,13.58958720410823,13.604720283405884,13.869946889135532,0.0,0.0,0.0,0.0,0.0,0.0,0.0,0.0,0.0,0.0,0.0,0.0,0.0,14.078105039424793,0.0,0.0,0.0,0.0,0.0,0.0,12.933034937670778,0.0,0.0,0.0,0.0,0.0,0.0,0.0,0.0,0.0,0.0,0.0,0.0,0.0,0.0,0.0
Var8,0.0,10.548097699337074,8.586999878805925,0.0,12.129774642865042,7.920698589562754,0.0,10.11020486490561,0.0,0.0,0.0,0.0,13.244200226774527,0.0,0.0,0.0,0.0,0.0,0.0,0.0,0.0,0.0,0.0,0.0,0.0,0.0,12.338021088777435,0.0,0.0,0.0,0.0,0.0,0.0,0.0,0.0,8.927467474474978,0.0,0.0,0.0,0.0,0.0,0.0,0.0,12.355107165673507,0.0,12.807357399003171,0.0,0.0,12.258881475128355,12.777742457306841,0.0,11.17687264251823,0.0,0.0,8.395530493921331,9.092441904514128,12.067860975742356,7.128519484911195,0.0,0.0,0.0,13.044241589586738,11.303749165100033,0.0,0.0,0.0,0.0,0.0,0.0,0.0,0.0,0.0,0.0,0.0,0.0,0.0,0.0,0.0,0.0,0.0,0.0,0.0,0.0,0.0,0.0,0.0,0.0,0.0,0.0,0.0,0.0,0.0,0.0,0.0,0.0,0.0,0.0,0.0,10.952051515480393,0.0
Var9,14.066052833272886,0.0,0.0,0.0,0.0,0.0,0.0,0.0,0.0,0.0,11.974441260608414,8.96963639771746,0.0,0.0,0.0,0.0,0.0,0.0,0.0,0.0,0.0,0.0,0.0,11.20226412933204,11.695124378222733,12.9661268045124,0.0,0.0,13.118199243533185,0.0,13.518634848400986,0.0,0.0,0.0,0.0,0.0,0.0,0.0,12.640048368861084,12.592990542659654,0.0,0.0,0.0,0.0,0.0,0.0,0.0,0.0,0.0,0.0,0.0,0.0,0.0,0.0,0.0,0.0,0.0,0.0,8.448613301529557,0.0,0.0,0.0,0.0,0.0,0.0,0.0,0.0,0.0,0.0,0.0,0.0,0.0,0.0,13.08196652463997,12.292387931104592,10.358296660370737,11.323711593343251,14.019111100922217,0.0,0.0,14.063462007982327,0.0,0.0,0.0,0.0,0.0,0.0,0.0,0.0,0.0,0.0,12.115823289601574,12.551858896184857,14.047629494641965,0.0,0.0,0.0,0.0,0.0,0.0
Var10,0.0,0.0,0.0,0.0,0.0,0.0,0.0,0.0,0.0,11.974441260608414,0.0,9.263196340704466,0.0,0.0,13.752946586915485,0.0,0.0,0.0,0.0,0.0,0.0,0.0,0.0,12.928939625250155,13.500645858644369,12.638958103338405,0.0,13.07880644236387,12.316964800805101,0.0,0.0,0.0,0.0,0.0,0.0,0.0,0.0,0.0,14.045798458519139,0.0,0.0,0.0,0.0,0.0,0.0,0.0,0.0,0.0,0.0,0.0,0.0,0.0,0.0,0.0,0.0,0.0,0.0,0.0,10.88780951838696,11.387874117928448,12.601783471254944,0.0,13.903288590987652,0.0,0.0,0.0,0.0,0.0,0.0,0.0,13.642156572812123,0.0,0.0,13.767951243009533,12.837103233814656,12.357769277393523,12.573486342229558,11.541273953111817,0.0,0.0,0.0,0.0,0.0,0.0,0.0,0.0,0.0,0.0,0.0,0.0,0.0,0.0,14.098654377474915,0.0,0.0,0.0,0.0,0.0,0.0,0.0
Var11,0.0,0.0,0.0,0.0,0.0,0.0,0.0,0.0,0.0,8.96963639771746,9.263196340704466,0.0,13.343344401003023,0.0,0.0,0.0,0.0,0.0,0.0,0.0,0.0,0.0,0.0,10.901938039426613,12.14955196887872,10.256872417645218,0.0,0.0,12.595423615789157,0.0,0.0,12.768878860608478,0.0,0.0,0.0,0.0,0.0,0.0,0.0,13.288199852914087,0.0,0.0,0.0,0.0,0.0,0.0,0.0,0.0,0.0,0.0,12.625691707951248,0.0,0.0,0.0,0.0,0.0,0.0,0.0,11.064106264206826,11.474244489357545,10.421406582248563,12.627705728013058,11.535728672075123,0.0,0.0,0.0,0.0,0.0,0.0,0.0,0.0,0.0,0.0,0.0,10.39672430545941,9.97297768292742,11.590148606455529,11.825160410883766,0.0,0.0,0.0,0.0,0.0,0.0,0.0,0.0,0.0,0.0,0.0,0.0,0.0,12.474263149744232,0.0,0.0,0.0,0.0,0.0,0.0,0.0,0.0
Var12,13.62276235394964,0.0,14.137181726468057,0.0,0.0,0.0,12.219713756028336,14.174847197322222,13.244200226774527,0.0,0.0,13.343344401003023,0.0,0.0,0.0,0.0,0.0,0.0,0.0,0.0,0.0,0.0,0.0,0.0,0.0,0.0,0.0,0.0,0.0,0.0,0.0,14.182035240944261,0.0,0.0,0.0,0.0,0.0,12.42491431290229,13.469983620456317,13.114159724854586,0.0,0.0,0.0,0.0,0.0,0.0,0.0,0.0,0.0,0.0,13.05198551827277,0.0,0.0,0.0,0.0,0.0,0.0,0.0,0.0,13.181807771415354,10.524854732416284,4.9210609195171235,10.239262601056902,11.939210400155199,0.0,14.16774432867833,0.0,0.0,0.0,0.0,13.910525389698872,0.0,0.0,0.0,0.0,0.0,0.0,0.0,0.0,0.0,0.0,0.0,0.0,0.0,0.0,0.0,0.0,0.0,0.0,0.0,0.0,12.858722976038383,0.0,0.0,0.0,0.0,0.0,0.0,13.917840327648479,0.0
Var13,0.0,0.0,0.0,0.0,0.0,0.0,0.0,0.0,0.0,0.0,0.0,0.0,0.0,0.0,11.285066820335633,0.0,11.221224603101668,11.63356445131624,10.88739904105502,0.0,6.779498234643011,14.032740423939616,9.61895876249396,0.0,0.0,13.832748306854537,0.0,0.0,0.0,0.0,0.0,0.0,0.0,0.0,0.0,0.0,0.0,0.0,0.0,0.0,0.0,0.0,0.0,0.0,0.0,0.0,0.0,0.0,0.0,0.0,0.0,0.0,0.0,0.0,13.29283095967403,12.970450846599146,13.978822182163453,0.0,0.0,0.0,0.0,0.0,0.0,12.774062421801151,11.393492458985692,13.113305966452856,0.0,12.723276730547488,13.569200750552827,13.2193549881663,11.447618830367773,0.0,10.447330223242243,0.0,13.672791044992826,0.0,0.0,0.0,0.0,0.0,0.0,0.0,0.0,0.0,0.0,0.0,0.0,0.0,0.0,0.0,0.0,0.0,0.0,0.0,0.0,0.0,0.0,0.0,0.0,0.0
Var14,0.0,0.0,0.0,0.0,0.0,0.0,0.0,0.0,0.0,0.0,13.752946586915485,0.0,0.0,11.285066820335633,0.0,0.0,0.0,0.0,0.0,0.0,12.785730670077607,0.0,12.866711518852116,0.0,0.0,13.31866722952391,0.0,12.732791551824182,14.51778039510009,10.613903526958055,0.0,13.472809408875104,0.0,0.0,0.0,0.0,0.0,0.0,13.789631915112881,14.438808779260313,0.0,13.253731917742671,0.0,0.0,0.0,14.14161622048499,13.769080893938934,0.0,0.0,0.0,0.0,0.0,0.0,0.0,0.0,0.0,0.0,0.0,0.0,0.0,0.0,0.0,0.0,0.0,12.177192669356025,6.077557373040843,0.0,0.0,0.0,0.0,12.530848328346178,0.0,0.0,0.0,0.0,0.0,0.0,11.07244743406249,0.0,13.835137125590126,0.0,0.0,0.0,0.0,0.0,0.0,0.0,0.0,0.0,0.0,0.0,0.0,14.55404165327556,0.0,0.0,0.0,0.0,0.0,0.0,0.0
Var15,13.24835508553205,0.0,0.0,0.0,0.0,0.0,13.846517146581542,0.0,0.0,14.587638492550928,0.0,0.0,0.0,0.0,0.0,0.0,12.72241357382402,10.666504008858135,11.104974459614382,13.933347912284155,14.18622877856895,14.610099108451717,14.158960275985352,0.0,13.704894731714163,0.0,0.0,0.0,0.0,0.0,0.0,0.0,11.696304624015822,12.187797344000685,0.0,0.0,0.0,0.0,0.0,0.0,0.0,0.0,0.0,0.0,0.0,0.0,0.0,0.0,0.0,0.0,0.0,13.906106207920615,13.850761394000548,14.029863115523986,0.0,0.0,12.214176268375079,0.0,0.0,0.0,0.0,0.0,0.0,0.0,0.0,0.0,0.0,13.434450438097228,13.847892648165603,12.4894104500749,0.0,0.0,0.0,0.0,0.0,0.0,0.0,0.0,0.0,0.0,0.0,0.0,0.0,0.0,0.0,0.0,0.0,0.0,0.0,0.0,0.0,0.0,0.0,0.0,0.0,0.0,0.0,0.0,0.0,0.0
Var16,0.0,0.0,0.0,0.0,0.0,0.0,0.0,0.0,0.0,0.0,0.0,14.134321720377915,0.0,11.221224603101668,0.0,12.72241357382402,0.0,10.26220347795875,9.153422773308971,0.0,11.281641799793773,12.544025789525998,11.520423070980463,0.0,0.0,14.216765545963401,0.0,0.0,0.0,0.0,0.0,0.0,0.0,13.793761871952624,0.0,0.0,0.0,0.0,0.0,0.0,0.0,0.0,0.0,0.0,0.0,0.0,0.0,14.04023031935045,0.0,0.0,0.0,0.0,0.0,0.0,13.720249863361092,13.568079266099064,13.441051345393163,0.0,0.0,0.0,0.0,0.0,0.0,12.71893762897235,0.0,0.0,0.0,10.694686072841955,13.40731197127481,12.062545846990327,0.0,0.0,11.826080206374156,0.0,13.862398154103966,0.0,0.0,0.0,0.0,0.0,0.0,0.0,0.0,0.0,0.0,0.0,0.0,0.0,0.0,0.0,0.0,0.0,0.0,0.0,0.0,0.0,0.0,0.0,0.0,0.0
Var17,0.0,13.994495098818675,0.0,0.0,13.50349089470443,0.0,0.0,0.0,0.0,0.0,0.0,0.0,0.0,11.63356445131624,0.0,10.666504008858135,10.26220347795875,0.0,5.309049009163402,13.64829414759024,11.012853894213018,0.0,12.092192305971766,0.0,0.0,0.0,0.0,0.0,0.0,0.0,0.0,0.0,0.0,10.343097946934149,0.0,0.0,0.0,0.0,0.0,0.0,0.0,0.0,0.0,0.0,0.0,0.0,0.0,0.0,0.0,0.0,0.0,14.22998968977466,0.0,14.48648165561394,13.718081073429696,0.0,11.614603404554767,13.19581401945881,0.0,0.0,0.0,0.0,0.0,13.94087539646886,0.0,0.0,0.0,11.828966775550425,11.857277495197335,7.8179031018975,0.0,0.0,11.61893074617693,0.0,0.0,0.0,0.0,0.0,0.0,0.0,0.0,0.0,0.0,0.0,0.0,0.0,0.0,0.0,0.0,0.0,0.0,0.0,0.0,0.0,0.0,0.0,0.0,0.0,0.0,0.0
Var18,0.0,14.974866833654984,0.0,0.0,14.522119123957522,0.0,0.0,0.0,0.0,0.0,0.0,0.0,0.0,10.88739904105502,0.0,11.104974459614382,9.153422773308971,5.309049009163402,0.0,0.0,10.669928296072772,0.0,13.095415502437413,0.0,0.0,0.0,0.0,0.0,0.0,0.0,0.0,0.0,0.0,10.34870937432151,0.0,0.0,0.0,0.0,0.0,0.0,0.0,0.0,0.0,0.0,0.0,0.0,0.0,0.0,0.0,0.0,0.0,14.639521719373386,0.0,0.0,14.81205547628843,0.0,11.943872085076089,13.941624673934939,0.0,0.0,0.0,0.0,0.0,13.072806290925392,14.75366536571076,0.0,0.0,10.056545260836513,10.497378521666745,7.83225556596292,0.0,0.0,11.331900390172917,0.0,14.917843230777809,0.0,0.0,0.0,0.0,0.0,0.0,0.0,0.0,0.0,0.0,0.0,0.0,0.0,0.0,0.0,0.0,0.0,0.0,0.0,0.0,0.0,0.0,0.0,0.0,0.0
Var19,14.079412591696174,13.827108172540642,13.09916000313065,0.0,0.0,14.23932349888346,0.0,0.0,14.157170113620174,0.0,0.0,0.0,0.0,0.0,0.0,13.933347912284155,0.0,13.64829414759024,0.0,0.0,0.0,0.0,0.0,0.0,0.0,0.0,0.0,0.0,12.47071814089371,0.0,0.0,0.0,0.0,0.0,0.0,0.0,0.0,0.0,0.0,0.0,13.964295018305334,0.0,0.0,0.0,0.0,0.0,0.0,10.844373010905308,0.0,0.0,0.0,13.734992525451654,0.0,0.0,13.578701252660368,13.721824073730582,13.448530634230826,12.738358019652777,0.0,0.0,0.0,0.0,0.0,0.0,0.0,0.0,14.144270535941917,0.0,0.0,13.897254260015856,0.0,0.0,0.0,0.0,0.0,0.0,0.0,0.0,0.0,0.0,0.0,0.0,0.0,0.0,0.0,0.0,0.0,0.0,11.291371170085714,0.0,0.0,0.0,0.0,0.0,0.0,0.0,0.0,14.172649582648795,13.410721009126386,0.0
Var20,0.0,0.0,0.0,0.0,0.0,0.0,0.0,0.0,0.0,0.0,0.0,0.0,0.0,6.779498234643011,12.785730670077607,14.18622877856895,11.281641799793773,11.012853894213018,10.669928296072772,0.0,0.0,0.0,9.2395586601031,0.0,0.0,14.37593404400556,0.0,0.0,0.0,0.0,0.0,0.0,0.0,14.364710436545554,0.0,0.0,0.0,0.0,0.0,0.0,0.0,0.0,0.0,0.0,0.0,0.0,0.0,0.0,0.0,0.0,0.0,0.0,0.0,0.0,14.328492997733509,13.829601787673552,13.809404652259397,0.0,0.0,0.0,0.0,0.0,0.0,13.880696406784933,12.722106062235664,0.0,0.0,13.287586598157205,13.653923305300852,13.182111753216693,10.514648250782045,0.0,10.286346293181223,0.0,13.79202056135406,0.0,0.0,0.0,0.0,0.0,0.0,0.0,0.0,0.0,0.0,0.0,0.0,0.0,0.0,0.0,0.0,0.0,0.0,0.0,0.0,0.0,0.0,0.0,0.0,0.0
Var21,14.532073192121306,0.0,0.0,0.0,0.0,0.0,0.0,0.0,0.0,0.0,0.0,0.0,0.0,14.032740423939616,0.0,0.0,12.544025789525998,14.562068869631347,0.0,0.0,14.503389383218282,0.0,10.079425774935705,14.58019227791961,0.0,10.056206275684923,0.0,13.739762923987495,0.0,9.921673565998864,0.0,14.509184967198326,0.0,0.0,13.194156875987623,0.0,0.0,0.0,0.0,0.0,0.0,13.903031046237356,12.779202245936485,0.0,0.0,0.0,13.143628144752071,0.0,0.0,0.0,14.558698085931386,0.0,0.0,0.0,14.516049268337534,0.0,0.0,0.0,0.0,14.429356606872648,0.0,0.0,0.0,0.0,0.0,0.0,0.0,0.0,0.0,0.0,0.0,0.0,13.783235592117899,0.0,0.0,0.0,0.0,13.79419582323999,0.0,0.0,0.0,0.0,0.0,0.0,0.0,0.0,0.0,0.0,0.0,0.0,0.0,0.0,0.0,0.0,0.0,0.0,0.0,0.0,0.0,0.0
Var22,0.0,0.0,0.0,0.0,0.0,0.0,0.0,0.0,0.0,0.0,0.0,0.0,0.0,9.61895876249396,12.866711518852116,14.158960275985352,11.520423070980463,12.092192305971766,13.095415502437413,0.0,9.2395586601031,10.079425774935705,0.0,0.0,0.0,12.7247384255793,0.0,0.0,0.0,12.257691090596957,0.0,0.0,0.0,0.0,0.0,0.0,0.0,0.0,0.0,0.0,0.0,13.824961712519407,0.0,0.0,0.0,0.0,0.0,0.0,0.0,0.0,0.0,0.0,0.0,0.0,14.012609148043028,13.851303856416893,0.0,0.0,0.0,0.0,0.0,0.0,0.0,14.123736860059028,13.25601090412844,13.448584980597367,0.0,0.0,0.0,14.016776229146137,13.254909199185299,0.0,9.50369129321572,0.0,0.0,0.0,0.0,14.014892429462133,0.0,0.0,0.0,0.0,0.0,0.0,0.0,0.0,0.0,0.0,0.0,0.0,0.0,0.0,0.0,0.0,0.0,0.0,0.0,0.0,0.0,0.0
Var23,0.0,0.0,0.0,0.0,0.0,0.0,0.0,0.0,0.0,11.20226412933204,12.928939625250155,10.901938039426613,0.0,0.0,0.0,0.0,0.0,0.0,0.0,0.0,0.0,0.0,0.0,0.0,12.970753496689012,9.825757032110294,12.747189568189185,0.0,11.534181937354216,0.0,0.0,0.0,0.0,0.0,0.0,0.0,0.0,0.0,0.0,13.570119156505466,0.0,0.0,0.0,0.0,0.0,0.0,0.0,0.0,0.0,0.0,0.0,0.0,13.670170890794719,0.0,0.0,0.0,0.0,0.0,12.348377620319235,0.0,0.0,0.0,0.0,0.0,0.0,0.0,0.0,0.0,0.0,0.0,0.0,0.0,0.0,13.672789326482162,8.648813061427337,11.93432824121944,10.369192928689456,13.09564017304841,0.0,12.814431676618304,12.16389783501094,0.0,0.0,0.0,13.375460516570921,0.0,0.0,0.0,0.0,0.0,0.0,12.904431394064332,13.93935126268683,0.0,0.0,0.0,0.0,0.0,0.0,0.0
Var24,12.312592326776986,0.0,0.0,0.0,0.0,0.0,0.0,0.0,0.0,11.695124378222733,13.500645858644369,12.14955196887872,0.0,0.0,0.0,13.704894731714163,0.0,0.0,0.0,0.0,0.0,0.0,0.0,12.970753496689012,0.0,11.819217394348591,0.0,0.0,12.589585920221909,0.0,13.49885708657463,13.655782306730899,0.0,0.0,0.0,0.0,0.0,0.0,0.0,0.0,0.0,0.0,0.0,0.0,0.0,0.0,0.0,13.910066460289935,0.0,0.0,13.155409836918666,0.0,0.0,0.0,0.0,0.0,13.980364522296313,0.0,11.679016878506289,13.416266025624708,13.781967096588403,0.0,13.786432104620392,0.0,0.0,0.0,0.0,0.0,0.0,0.0,0.0,0.0,0.0,0.0,12.607614107286125,10.871431701542228,12.480429840514155,0.0,0.0,0.0,0.0,0.0,0.0,0.0,0.0,0.0,0.0,0.0,0.0,0.0,0.0,0.0,0.0,0.0,0.0,0.0,0.0,0.0,0.0,0.0
Var25,0.0,0.0,0.0,0.0,0.0,0.0,0.0,0.0,0.0,12.9661268045124,12.638958103338405,10.256872417645218,0.0,13.832748306854537,13.31866722952391,0.0,0.0,0.0,0.0,0.0,0.0,10.056206275684923,12.7247384255793,9.825757032110294,11.819217394348591,0.0,0.0,12.422012028100092,0.0,12.88832130189463,0.0,13.379695167070084,0.0,0.0,0.0,0.0,0.0,0.0,0.0,0.0,0.0,12.745066457990236,0.0,0.0,0.0,0.0,0.0,0.0,0.0,0.0,13.63058522895047,0.0,0.0,0.0,0.0,0.0,0.0,0.0,0.0,13.692912542040347,0.0,0.0,13.558589592415814,0.0,0.0,0.0,0.0,0.0,0.0,0.0,0.0,0.0,0.0,0.0,11.02251410390734,10.704293058545385,13.632426437453264,10.18998128359571,0.0,0.0,0.0,0.0,0.0,0.0,0.0,0.0,0.0,0.0,0.0,0.0,0.0,0.0,0.0,0.0,0.0,0.0,0.0,0.0,0.0,0.0
Var26,0.0,0.0,0.0,0.0,0.0,0.0,0.0,12.285634291147549,12.338021088777435,0.0,0.0,0.0,0.0,0.0,0.0,0.0,0.0,0.0,0.0,14.386709033814084,0.0,0.0,0.0,12.747189568189185,0.0,0.0,0.0,12.390130151453395,13.286528472762035,0.0,0.0,0.0,0.0,0.0,0.0,13.12187962105822,13.52153514491419,0.0,0.0,0.0,0.0,0.0,0.0,12.183177935181423,12.392961977455313,0.0,0.0,0.0,0.0,0.0,0.0,0.0,13.901517040999504,0.0,14.436351509642986,0.0,0.0,12.666477434091615,0.0,0.0,0.0,0.0,0.0,0.0,0.0,0.0,0.0,0.0,0.0,0.0,0.0,0.0,0.0,0.0,13.947782279502835,0.0,13.507182460105112,0.0,13.62244965689722,14.072057720480085,0.0,0.0,0.0,0.0,9.749284674683398,0.0,0.0,0.0,13.281199420586988,0.0,0.0,0.0,0.0,0.0,0.0,14.212204245862564,0.0,0.0,0.0,0.0
Var27,0.0,0.0,0.0,0.0,0.0,0.0,0.0,0.0,0.0,0.0,13.07880644236387,14.49295925453565,0.0,0.0,12.732791551824182,0.0,0.0,0.0,0.0,0.0,0.0,13.739762923987495,0.0,0.0,0.0,12.422012028100092,12.390130151453395,0.0,13.719813659844714,11.367394780825162,0.0,0.0,0.0,0.0,0.0,13.148869848012888,13.541387420369977,0.0,0.0,0.0,0.0,0.0,0.0,14.095846165289935,0.0,0.0,13.045497056568188,0.0,0.0,0.0,13.418379776946919,0.0,0.0,0.0,0.0,0.0,0.0,0.0,0.0,0.0,0.0,0.0,14.368115093869172,0.0,0.0,13.81599892716766,0.0,0.0,0.0,0.0,0.0,0.0,0.0,0.0,0.0,14.43165826917599,0.0,11.920571120832527,0.0,14.179780307405993,0.0,0.0,0.0,0.0,0.0,0.0,0.0,11.91364619255795,14.182959136569671,0.0,0.0,0.0,0.0,0.0,0.0,0.0,0.0,0.0,0.0,0.0
Var28,0.0,0.0,0.0,0.0,0.0,0.0,0.0,0.0,0.0,13.118199243533185,12.316964800805101,12.595423615789157,0.0,0.0,0.0,0.0,0.0,0.0,0.0,12.47071814089371,0.0,0.0,0.0,11.534181937354216,12.589585920221909,0.0,13.286528472762035,13.719813659844714,0.0,0.0,0.0,13.93767684980026,0.0,0.0,0.0,0.0,0.0,0.0,0.0,0.0,0.0,0.0,0.0,0.0,0.0,0.0,0.0,0.0,0.0,0.0,13.858219193052587,0.0,0.0,0.0,0.0,0.0,0.0,0.0,13.753968188133232,0.0,0.0,0.0,13.703031641111545,0.0,0.0,0.0,12.80824886161241,0.0,0.0,0.0,11.42769616911801,0.0,0.0,13.720722747538577,13.256901982935695,13.904897813951472,6.203571429579751,12.865018238339792,13.853745589281191,0.0,0.0,0.0,0.0,0.0,0.0,0.0,0.0,0.0,0.0,0.0,0.0,0.0,0.0,0.0,0.0,0.0,0.0,0.0,0.0,0.0
Var29,0.0,0.0,0.0,0.0,0.0,0.0,0.0,0.0,0.0,0.0,14.917585120699867,0.0,0.0,14.525858969885027,10.613903526958055,0.0,0.0,0.0,0.0,0.0,15.457879289730633,9.921673565998864,12.257691090596957,0.0,0.0,12.88832130189463,0.0,11.367394780825162,0.0,0.0,0.0,15.270466803422334,0.0,0.0,13.594377175625649,0.0,0.0,0.0,0.0,0.0,0.0,14.124956003056463,13.141219423300837,0.0,0.0,14.49286052063236,10.884616330362809,0.0,0.0,0.0,15.45786120449629,0.0,0.0,0.0,0.0,0.0,0.0,0.0,0.0,0.0,0.0,0.0,0.0,0.0,13.638031176237103,9.61102946306737,0.0,0.0,0.0,0.0,0.0,0.0,14.859186447797793,0.0,0.0,0.0,0.0,11.665563273282144,0.0,0.0,0.0,0.0,0.0,0.0,0.0,0.0,0.0,0.0,0.0,0.0,0.0,0.0,0.0,0.0,15.523935293746774,0.0,0.0,0.0,0.0,0.0
Var30,13.90359982030292,0.0,14.768286587131621,0.0,0.0,13.793922749866494,0.0,0.0,0.0,13.518634848400986,0.0,14.436805890421297,0.0,0.0,0.0,0.0,0.0,0.0,0.0,0.0,0.0,0.0,0.0,0.0,13.49885708657463,0.0,0.0,0.0,0.0,0.0,0.0,13.505995906468451,0.0,0.0,0.0,0.0,0.0,14.672601370294093,0.0,0.0,14.73480840417341,14.775325870973468,0.0,14.053513482013336,0.0,0.0,0.0,0.0,0.0,0.0,13.931073577982838,0.0,0.0,0.0,0.0,14.727967260305403,0.0,0.0,13.81424813531787,0.0,0.0,0.0,14.756502902395884,0.0,0.0,0.0,0.0,0.0,0.0,0.0,0.0,0.0,0.0,0.0,0.0,0.0,0.0,0.0,9.143493155378506,14.740479340353769,0.0,0.0,0.0,0.0,0.0,0.0,0.0,0.0,0.0,0.0,0.0,0.0,0.0,11.132706535511979,0.0,12.178228867362186,0.0,0.0,14.32720336479966,0.0
Var31,0.0,0.0,0.0,0.0,0.0,13.702782029839941,13.075775447524117,0.0,0.0,0.0,0.0,12.768878860608478,0.0,0.0,13.472809408875104,0.0,0.0,0.0,0.0,0.0,0.0,0.0,0.0,0.0,13.655782306730899,13.379695167070084,0.0,0.0,0.0,0.0,13.505995906468451,0.0,0.0,0.0,0.0,0.0,0.0,11.276677515678054,11.884359928216764,11.330363288908343,0.0,13.469369676497516,0.0,0.0,0.0,0.0,0.0,0.0,0.0,0.0,12.63519187824431,0.0,0.0,0.0,0.0,13.147652459871855,13.606065614056961,0.0,0.0,0.0,0.0,0.0,11.795062541847182,0.0,0.0,13.551442706828093,13.368086958395274,0.0,0.0,0.0,0.0,0.0,0.0,0.0,0.0,0.0,0.0,13.735868129106734,0.0,12.02958635325417,0.0,0.0,0.0,0.0,0.0,0.0,0.0,0.0,0.0,0.0,0.0,11.96913046396392,0.0,0.0,0.0,0.0,0.0,0.0,0.0,0.0
Var32,14.152644986876881,0.0,0.0,0.0,0.0,0.0,0.0,0.0,0.0,0.0,0.0,0.0,0.0,0.0,0.0,11.696304624015822,15.467213835683516,14.754480950923153,15.232630753814318,0.0,0.0,0.0,0.0,0.0,0.0,0.0,0.0,0.0,0.0,0.0,0.0,0.0,0.0,13.971029985650631,14.008549747263123,0.0,0.0,15.928691408332384,0.0,0.0,15.509492914300173,0.0,13.872910739975021,0.0,0.0,0.0,0.0,15.047806696099777,0.0,0.0,0.0,0.0,0.0,14.120657084879532,0.0,0.0,0.0,0.0,0.0,0.0,0.0,0.0,0.0,0.0,0.0,0.0,0.0,0.0,0.0,14.54000725670716,0.0,15.027687646468824,0.0,0.0,0.0,0.0,0.0,0.0,0.0,0.0,0.0,14.801296839250774,15.236449724878527,15.848625590546522,0.0,14.396436395180022,0.0,0.0,0.0,0.0,0.0,0.0,0.0,0.0,0.0,0.0,15.655101972501416,15.89580299264012,0.0,0.0
Var33,0.0,0.0,0.0,0.0,0.0,0.0,0.0,0.0,0.0,0.0,0.0,0.0,0.0,15.304713475467741,0.0,12.187797344000685,13.793761871952624,10.343097946934149,10.34870937432151,0.0,14.364710436545554,14.605297990793126,14.687909384521003,0.0,0.0,0.0,0.0,0.0,0.0,0.0,0.0,0.0,13.971029985650631,0.0,10.228998097508706,0.0,0.0,0.0,0.0,0.0,0.0,0.0,15.18057676365854,0.0,0.0,0.0,0.0,0.0,0.0,0.0,0.0,0.0,0.0,0.0,0.0,0.0,0.0,0.0,0.0,0.0,0.0,0.0,0.0,0.0,0.0,0.0,0.0,0.0,10.473220829008243,8.613285638181349,0.0,13.235153024620711,14.923655829107174,0.0,0.0,0.0,0.0,0.0,0.0,0.0,13.60673960663822,10.45264811251861,0.0,12.908286558568214,0.0,11.013328779617975,0.0,0.0,0.0,0.0,0.0,0.0,0.0,0.0,0.0,0.0,0.0,14.981473298144719,0.0,0.0
Var34,0.0,0.0,0.0,15.264603906128668,0.0,0.0,0.0,0.0,0.0,0.0,0.0,0.0,0.0,0.0,0.0,0.0,0.0,15.176317698845594,0.0,0.0,0.0,13.194156875987623,0.0,0.0,0.0,0.0,0.0,0.0,0.0,13.594377175625649,0.0,0.0,14.008549747263123,10.228998097508706,0.0,0.0,0.0,0.0,0.0,0.0,0.0,0.0,10.356131242600474,0.0,14.937759005082254,0.0,12.369744540712373,0.0,0.0,0.0,0.0,0.0,0.0,0.0,0.0,0.0,0.0,0.0,0.0,0.0,0.0,0.0,0.0,0.0,0.0,0.0,0.0,0.0,13.773969067003625,14.034639515903114,0.0,10.8873953144404,0.0,0.0,0.0,0.0,0.0,0.0,0.0,0.0,14.354613374116887,12.142620008269228,14.267136182458025,9.740761310776819,0.0,9.66427612524416,0.0,0.0,0.0,0.0,14.167446225885875,0.0,0.0,0.0,14.363281223092818,0.0,0.0,15.25266180099348,0.0,0.0
Var35,0.0,0.0,12.872538871214818,0.0,0.0,11.521991927016362,0.0,13.258843448140507,8.927467474474978,0.0,0.0,0.0,0.0,0.0,0.0,0.0,0.0,0.0,0.0,0.0,0.0,0.0,0.0,0.0,0.0,0.0,13.12187962105822,13.148869848012888,0.0,0.0,0.0,0.0,0.0,0.0,0.0,0.0,10.629243367183673,0.0,0.0,0.0,0.0,0.0,0.0,12.041526910021286,12.885053747325461,0.0,0.0,13.027640152579824,10.501799357032802,9.143283180942584,12.868806789116528,0.0,0.0,0.0,12.479239650095824,13.342543398368846,0.0,11.959103693580358,0.0,0.0,0.0,0.0,0.0,0.0,0.0,0.0,0.0,0.0,0.0,0.0,0.0,0.0,0.0,0.0,0.0,0.0,0.0,0.0,0.0,0.0,0.0,0.0,0.0,0.0,0.0,0.0,0.0,0.0,10.335649817002139,0.0,0.0,0.0,0.0,0.0,0.0,12.92519405554793,0.0,0.0,10.824793999052464,11.27015766381338
Var36,0.0,0.0,0.0,15.396340131258047,0.0,0.0,0.0,0.0,14.545123428952724,0.0,0.0,0.0,0.0,0.0,0.0,0.0,0.0,0.0,0.0,0.0,0.0,0.0,0.0,0.0,0.0,0.0,13.52153514491419,13.541387420369977,0.0,0.0,0.0,0.0,0.0,0.0,0.0,10.629243367183673,0.0,0.0,0.0,0.0,0.0,0.0,0.0,12.908301522987738,12.819073952889767,0.0,0.0,14.858618941732747,13.21397901618024,11.246028135990787,15.272326706349983,0.0,0.0,0.0,0.0,0.0,0.0,0.0,0.0,0.0,0.0,0.0,0.0,0.0,0.0,0.0,0.0,0.0,0.0,0.0,0.0,0.0,0.0,0.0,0.0,0.0,0.0,0.0,0.0,0.0,0.0,15.007157744923695,0.0,0.0,13.635477211571093,0.0,5.757601609008313,12.92246164811813,10.727152659655513,0.0,0.0,0.0,0.0,0.0,0.0,14.332867074516335,0.0,14.12331718250859,14.562606129914249,11.042138538184906
Var37,0.0,0.0,0.0,0.0,0.0,0.0,10.879528067851265,0.0,0.0,14.094547614267137,0.0,14.27613212006988,12.42491431290229,0.0,0.0,0.0,0.0,0.0,0.0,0.0,0.0,0.0,0.0,0.0,0.0,0.0,0.0,0.0,0.0,0.0,0.0,11.276677515678054,0.0,0.0,0.0,0.0,0.0,0.0,7.7311354859044075,8.542775859663518,12.54455467981422,0.0,0.0,0.0,0.0,0.0,0.0,0.0,0.0,0.0,0.0,14.025515600956197,0.0,0.0,0.0,0.0,0.0,0.0,0.0,0.0,14.007896811970141,12.436017174823094,13.736151611381683,14.626227522732112,0.0,0.0,11.285167768393984,0.0,0.0,0.0,0.0,0.0,0.0,12.170249621987091,0.0,0.0,14.606895081572628,0.0,0.0,14.396910612967837,0.0,0.0,0.0,0.0,0.0,0.0,0.0,0.0,0.0,0.0,0.0,9.554259595794656,13.122454966813352,0.0,0.0,0.0,13.261496241263398,0.0,0.0,0.0
Var38,0.0,0.0,0.0,0.0,0.0,0.0,13.971314126448778,0.0,0.0,12.640048368861084,14.045798458519139,13.36998594143217,13.469983620456317,0.0,13.789631915112881,0.0,0.0,0.0,0.0,0.0,0.0,0.0,0.0,0.0,0.0,0.0,0.0,0.0,0.0,0.0,0.0,11.884359928216764,0.0,0.0,0.0,0.0,0.0,7.7311354859044075,0.0,5.942555742298713,0.0,13.550952609561506,14.037218698491095,0.0,0.0,0.0,0.0,0.0,0.0,0.0,0.0,0.0,0.0,0.0,0.0,0.0,0.0,0.0,0.0,0.0,0.0,14.031545068112838,0.0,0.0,0.0,13.875080826670155,12.725886789322029,0.0,0.0,0.0,0.0,14.10328158561042,0.0,10.295296729217107,0.0,0.0,0.0,0.0,0.0,13.80568184411929,0.0,0.0,0.0,0.0,0.0,0.0,0.0,0.0,0.0,0.0,0.0,8.620255407661963,9.52555057631239,0.0,13.036343263234363,0.0,0.0,0.0,0.0,0.0
Var39,0.0,0.0,0.0,0.0,0.0,0.0,12.052517303717163,0.0,0.0,12.592990542659654,0.0,13.288199852914087,13.114159724854586,0.0,14.438808779260313,0.0,0.0,0.0,0.0,0.0,0.0,0.0,0.0,13.570119156505466,0.0,0.0,0.0,0.0,0.0,0.0,0.0,11.330363288908343,0.0,0.0,0.0,0.0,0.0,8.542775859663518,5.942555742298713,0.0,0.0,13.246430441667707,13.61923640750583,0.0,0.0,0.0,0.0,0.0,0.0,0.0,0.0,0.0,13.695125322642976,0.0,0.0,0.0,0.0,0.0,0.0,0.0,0.0,13.532551755273063,0.0,0.0,0.0,14.129673623643482,10.853046608712386,0.0,0.0,0.0,0.0,0.0,0.0,9.343113343272742,0.0,0.0,0.0,0.0,0.0,12.65502202404749,0.0,0.0,0.0,0.0,0.0,0.0,0.0,0.0,0.0,0.0,0.0,8.790192073653865,10.219211511723707,0.0,12.471185349543976,0.0,0.0,0.0,0.0,0.0
Var40,0.0,0.0,0.0,0.0,0.0,0.0,0.0,0.0,0.0,0.0,0.0,0.0,0.0,0.0,0.0,0.0,0.0,0.0,0.0,13.964295018305334,0.0,0.0,0.0,0.0,0.0,0.0,0.0,0.0,0.0,0.0,0.0,14.505103728682881,0.0,0.0,0.0,0.0,0.0,12.54455467981422,0.0,0.0,0.0,0.0,13.635280700878964,0.0,0.0,10.80543463775615,12.799772978039563,11.384896629450003,13.989500869534686,10.98019836816899,0.0,0.0,0.0,0.0,0.0,0.0,0.0,0.0,0.0,0.0,0.0,14.168027963808989,0.0,0.0,0.0,0.0,12.038131470439644,0.0,0.0,0.0,0.0,0.0,0.0,0.0,0.0,0.0,0.0,0.0,0.0,14.339572981052303,0.0,0.0,0.0,0.0,0.0,0.0,0.0,0.0,0.0,13.149536666999484,14.281419618792691,14.079164418700383,0.0,0.0,0.0,14.064995167432395,9.96627266362294,12.23027661741051,13.498367931699164,11.523557968666957
Var41,0.0,0.0,0.0,0.0,0.0,0.0,0.0,0.0,0.0,0.0,0.0,0.0,0.0,0.0,13.253731917742671,0.0,0.0,0.0,0.0,0.0,0.0,13.903031046237356,13.824961712519407,14.822661569287227,0.0,12.745066457990236,0.0,0.0,0.0,14.124956003056463,14.775325870973468,13.469369676497516,0.0,0.0,0.0,0.0,0.0,0.0,13.550952609561506,13.246430441667707,0.0,0.0,12.959765925776306,0.0,0.0,14.202583551527065,14.50293417212534,0.0,0.0,0.0,0.0,0.0,0.0,0.0,0.0,0.0,0.0,0.0,0.0,0.0,0.0,0.0,0.0,0.0,0.0,13.68415291395084,0.0,0.0,0.0,0.0,0.0,0.0,0.0,14.417916474779046,0.0,0.0,0.0,0.0,0.0,0.0,0.0,0.0,0.0,0.0,0.0,0.0,0.0,0.0,0.0,0.0,0.0,13.665875901640453,14.791658666569674,11.149490430583528,12.102495904118248,0.0,14.338787908510715,0.0,0.0,0.0
Var42,0.0,0.0,0.0,0.0,0.0,0.0,0.0,0.0,0.0,0.0,0.0,0.0,0.0,0.0,0.0,0.0,0.0,0.0,0.0,0.0,0.0,12.779202245936485,0.0,0.0,0.0,0.0,0.0,0.0,0.0,13.141219423300837,0.0,0.0,13.872910739975021,0.0,10.356131242600474,0.0,0.0,0.0,14.037218698491095,13.61923640750583,13.635280700878964,12.959765925776306,0.0,0.0,0.0,12.553695877587668,10.843028304237814,0.0,0.0,0.0,0.0,0.0,0.0,0.0,0.0,0.0,0.0,0.0,0.0,0.0,0.0,0.0,0.0,0.0,0.0,14.575355657359243,0.0,0.0,0.0,0.0,0.0,13.169771454924954,0.0,0.0,0.0,0.0,0.0,0.0,0.0,0.0,0.0,15.137012142320783,13.93391549590627,13.449399134277607,0.0,13.492528241377748,0.0,0.0,0.0,0.0,14.753576539214054,0.0,0.0,13.986546092808045,11.014359636509841,0.0,14.538726712372254,0.0,0.0,0.0
Var43,0.0,14.380422875606108,0.0,14.134690721789244,0.0,0.0,0.0,13.547101251191458,12.355107165673507,0.0,0.0,0.0,0.0,0.0,0.0,0.0,0.0,0.0,0.0,0.0,0.0,0.0,0.0,0.0,0.0,0.0,12.183177935181423,14.095846165289935,0.0,0.0,14.053513482013336,0.0,0.0,0.0,0.0,12.041526910021286,12.908301522987738,0.0,0.0,0.0,0.0,0.0,0.0,0.0,8.348456797062843,13.516162771112114,0.0,0.0,0.0,13.217230915745281,0.0,0.0,0.0,0.0,0.0,0.0,0.0,14.263769141881777,0.0,0.0,0.0,0.0,0.0,0.0,0.0,0.0,0.0,0.0,0.0,0.0,0.0,0.0,0.0,0.0,0.0,0.0,0.0,0.0,12.29091316311211,0.0,0.0,0.0,12.001056769656156,0.0,13.739349702181649,0.0,13.565369289562632,13.5657593684661,0.0,0.0,0.0,0.0,0.0,0.0,0.0,7.1699529865817135,0.0,0.0,0.0,13.782928866020038
Var44,0.0,14.926212805229605,0.0,13.969970168808274,13.930141651631223,0.0,0.0,14.407328404482863,13.713452649896059,0.0,0.0,0.0,0.0,0.0,0.0,0.0,0.0,0.0,0.0,0.0,0.0,0.0,0.0,0.0,0.0,0.0,12.392961977455313,0.0,0.0,0.0,0.0,0.0,0.0,0.0,14.937759005082254,12.885053747325461,12.819073952889767,0.0,0.0,0.0,0.0,0.0,0.0,8.348456797062843,0.0,0.0,0.0,0.0,0.0,0.0,0.0,0.0,14.753188552833716,14.759844375427699,0.0,0.0,0.0,14.842614095707104,0.0,0.0,0.0,0.0,0.0,0.0,0.0,0.0,0.0,0.0,0.0,0.0,0.0,0.0,0.0,0.0,0.0,0.0,0.0,0.0,13.016137046284026,0.0,0.0,0.0,10.141034583515948,0.0,13.790656348170579,0.0,14.24163904226622,0.0,15.249729384354916,0.0,14.542230000281592,0.0,0.0,0.0,0.0,9.591175369384779,0.0,0.0,0.0,0.0
Var45,0.0,0.0,13.771796657869656,0.0,0.0,13.017271859178923,0.0,0.0,12.807357399003171,0.0,0.0,0.0,0.0,0.0,14.14161622048499,0.0,0.0,0.0,0.0,0.0,0.0,0.0,0.0,0.0,0.0,0.0,0.0,0.0,0.0,0.0,0.0,0.0,0.0,0.0,0.0,13.920885992217023,0.0,0.0,0.0,0.0,10.80543463775615,14.202583551527065,12.553695877587668,13.516162771112114,0.0,0.0,10.623181564582048,11.783133452174651,0.0,12.183643829990775,0.0,0.0,0.0,0.0,13.30503238167494,13.77108777886912,0.0,0.0,0.0,0.0,0.0,0.0,0.0,0.0,0.0,12.92858122178014,0.0,0.0,0.0,0.0,0.0,0.0,0.0,0.0,0.0,0.0,0.0,0.0,0.0,0.0,0.0,0.0,0.0,0.0,0.0,0.0,0.0,14.24330021205965,0.0,0.0,0.0,0.0,0.0,0.0,0.0,12.515384306338138,10.562108030343486,0.0,13.936345513889238,13.754712299781508
Var46,0.0,0.0,0.0,0.0,0.0,0.0,0.0,0.0,0.0,0.0,0.0,0.0,0.0,0.0,13.769080893938934,0.0,0.0,0.0,0.0,0.0,0.0,13.143628144752071,14.651254602451921,0.0,0.0,0.0,0.0,13.045497056568188,0.0,10.884616330362809,0.0,14.934807027048555,0.0,0.0,12.369744540712373,0.0,0.0,0.0,0.0,0.0,12.799772978039563,14.50293417212534,10.843028304237814,0.0,0.0,10.623181564582048,0.0,13.359313437380782,0.0,13.816883181989411,0.0,0.0,0.0,0.0,0.0,0.0,0.0,0.0,0.0,0.0,0.0,0.0,0.0,0.0,0.0,12.876018133074135,0.0,0.0,0.0,0.0,0.0,0.0,0.0,0.0,0.0,0.0,0.0,0.0,0.0,0.0,0.0,14.722096894960925,0.0,0.0,0.0,13.333908363997743,0.0,13.859341277513712,0.0,0.0,0.0,0.0,0.0,0.0,14.53433190772314,0.0,0.0,13.765202238124724,0.0,14.768444364581597
Var47,0.0,0.0,13.10002006561127,0.0,0.0,12.40690580706536,0.0,0.0,0.0,0.0,0.0,0.0,0.0,0.0,0.0,0.0,14.04023031935045,0.0,0.0,10.844373010905308,0.0,0.0,0.0,0.0,13.910066460289935,0.0,0.0,0.0,0.0,0.0,0.0,0.0,0.0,0.0,0.0,13.027640152579824,0.0,0.0,0.0,0.0,11.384896629450003,0.0,0.0,0.0,0.0,11.783133452174651,13.359313437380782,0.0,12.478980134904655,11.646159993680115,13.400646080294887,0.0,0.0,0.0,13.541621768888152,12.747520233540063,0.0,14.017565485436975,0.0,0.0,0.0,0.0,14.076421365711854,0.0,0.0,0.0,0.0,0.0,0.0,0.0,0.0,0.0,0.0,0.0,0.0,0.0,0.0,0.0,0.0,0.0,0.0,0.0,0.0,0.0,0.0,0.0,0.0,0.0,13.888833805710439,0.0,0.0,0.0,0.0,0.0,0.0,0.0,0.0,12.56795569927277,11.437477136514516,13.448917524521088
Var48,0.0,13.54574674701707,12.12730506836306,0.0,0.0,11.84985165981875,0.0,0.0,12.258881475128355,0.0,0.0,0.0,0.0,0.0,0.0,0.0,0.0,0.0,0.0,0.0,0.0,0.0,0.0,0.0,0.0,0.0,0.0,0.0,0.0,0.0,0.0,0.0,0.0,0.0,0.0,10.501799357032802,13.21397901618024,0.0,0.0,0.0,13.989500869534686,0.0,0.0,0.0,0.0,0.0,0.0,12.478980134904655,0.0,11.48432875461222,13.448627348115929,13.640958486842155,0.0,0.0,13.771401955107608,12.684780147770248,0.0,14.239415038151577,0.0,0.0,0.0,13.792341469834549,13.821991642908365,0.0,0.0,0.0,0.0,0.0,0.0,0.0,0.0,0.0,0.0,0.0,0.0,0.0,0.0,0.0,0.0,0.0,0.0,0.0,0.0,0.0,0.0,0.0,0.0,0.0,14.202778977276378,0.0,0.0,0.0,0.0,0.0,0.0,13.56476906139107,0.0,0.0,6.13148511951663,12.302543356640639
Var49,0.0,0.0,13.597999173313731,0.0,0.0,12.960994031863224,0.0,0.0,12.777742457306841,0.0,0.0,0.0,0.0,0.0,0.0,0.0,0.0,0.0,0.0,0.0,0.0,0.0,0.0,0.0,0.0,0.0,0.0,0.0,0.0,0.0,0.0,0.0,0.0,0.0,0.0,9.143283180942584,11.246028135990787,0.0,0.0,0.0,10.98019836816899,0.0,0.0,13.217230915745281,0.0,12.183643829990775,13.816883181989411,11.646159993680115,11.48432875461222,0.0,0.0,0.0,0.0,0.0,13.847009967441437,0.0,0.0,0.0,0.0,0.0,0.0,0.0,0.0,0.0,0.0,0.0,0.0,0.0,0.0,0.0,0.0,0.0,0.0,0.0,0.0,0.0,0.0,0.0,0.0,0.0,0.0,0.0,0.0,0.0,0.0,0.0,12.53047624438711,12.314761967271906,11.153664610152669,0.0,0.0,0.0,0.0,0.0,0.0,13.392239054718313,12.415855238546882,13.078082111421391,11.22360096568911,5.866139451742079
Var50,11.682834123746918,0.0,0.0,0.0,0.0,13.032461033868076,0.0,0.0,13.372564749724994,0.0,0.0,12.625691707951248,13.05198551827277,0.0,0.0,0.0,0.0,0.0,0.0,0.0,0.0,0.0,0.0,0.0,13.155409836918666,13.63058522895047,0.0,13.418379776946919,13.858219193052587,0.0,13.931073577982838,12.63519187824431,0.0,0.0,0.0,12.868806789116528,0.0,0.0,0.0,0.0,0.0,0.0,0.0,0.0,0.0,0.0,0.0,13.400646080294887,13.448627348115929,0.0,0.0,13.769918573185358,0.0,0.0,0.0,13.298053836314555,0.0,0.0,0.0,0.0,0.0,12.92073984811329,11.704973100016009,0.0,0.0,0.0,0.0,0.0,0.0,0.0,0.0,0.0,0.0,0.0,0.0,0.0,0.0,0.0,0.0,13.56991876879845,0.0,0.0,0.0,0.0,0.0,0.0,0.0,0.0,0.0,0.0,0.0,0.0,0.0,0.0,0.0,0.0,0.0,0.0,12.441089557727292,0.0
Var51,13.915433630451195,8.123705526842624,8.407729586398823,0.0,13.53272261952958,9.545166840675593,13.391672282360771,0.0,11.17687264251823,0.0,0.0,0.0,0.0,0.0,0.0,13.906106207920615,0.0,0.0,0.0,13.734992525451654,0.0,0.0,0.0,0.0,0.0,0.0,0.0,0.0,0.0,0.0,0.0,0.0,0.0,0.0,0.0,0.0,0.0,14.025515600956197,0.0,0.0,0.0,0.0,0.0,0.0,0.0,0.0,0.0,0.0,13.640958486842155,0.0,13.769918573185358,0.0,0.0,12.342336249532062,9.70196699517779,10.213013657016122,7.513942876777268,10.04516383442131,0.0,0.0,0.0,0.0,13.722269920508316,13.17271496803729,0.0,0.0,0.0,0.0,0.0,0.0,0.0,0.0,0.0,0.0,0.0,0.0,0.0,0.0,0.0,0.0,0.0,0.0,0.0,0.0,0.0,0.0,0.0,0.0,0.0,0.0,0.0,0.0,0.0,0.0,0.0,0.0,0.0,0.0,11.709800645208519,0.0
Var52,0.0,0.0,0.0,0.0,0.0,0.0,12.42572640780827,0.0,0.0,15.13278786187548,0.0,0.0,0.0,0.0,0.0,13.850761394000548,0.0,0.0,0.0,0.0,0.0,0.0,0.0,13.670170890794719,0.0,0.0,13.901517040999504,0.0,0.0,0.0,0.0,0.0,0.0,0.0,0.0,0.0,0.0,0.0,14.853437473979303,13.695125322642976,0.0,0.0,0.0,0.0,14.753188552833716,0.0,0.0,0.0,0.0,0.0,0.0,0.0,0.0,0.0,0.0,0.0,14.690854399905339,0.0,13.612543698699774,0.0,0.0,0.0,0.0,0.0,0.0,0.0,13.84200556977723,0.0,0.0,0.0,0.0,0.0,0.0,14.462146355885938,14.415059369452164,0.0,0.0,0.0,14.99964393029761,12.262333899000128,0.0,0.0,14.511997054391268,15.131793721312611,0.0,0.0,0.0,0.0,0.0,0.0,12.560228578445658,13.892243628898967,13.54743524871707,0.0,0.0,0.0,0.0,0.0,0.0,0.0
Var53,14.815744262107668,10.227484009051027,14.438831778060537,11.763712071722946,10.13493416812732,14.858793670142699,14.983788593110221,13.824363016516214,14.739870710811621,0.0,0.0,0.0,0.0,0.0,0.0,14.029863115523986,0.0,14.48648165561394,0.0,0.0,0.0,0.0,0.0,0.0,0.0,0.0,0.0,0.0,0.0,0.0,0.0,0.0,14.120657084879532,0.0,0.0,0.0,0.0,15.088650781320494,0.0,0.0,0.0,0.0,0.0,0.0,14.759844375427699,0.0,0.0,0.0,0.0,14.924943988467145,0.0,12.342336249532062,0.0,0.0,13.167038328745242,0.0,12.002559968535897,13.504028151216898,0.0,0.0,0.0,0.0,0.0,0.0,0.0,0.0,0.0,0.0,0.0,0.0,0.0,0.0,0.0,0.0,0.0,0.0,0.0,0.0,0.0,0.0,0.0,0.0,0.0,0.0,0.0,0.0,0.0,0.0,0.0,0.0,0.0,0.0,0.0,0.0,0.0,0.0,0.0,0.0,15.086181188325325,0.0
Var54,0.0,9.262485976012034,7.748807601857891,0.0,9.414819727452164,6.169523951162863,0.0,12.406206091999922,8.395530493921331,0.0,0.0,0.0,0.0,13.29283095967403,0.0,0.0,0.0,13.718081073429696,0.0,13.578701252660368,0.0,0.0,0.0,0.0,0.0,0.0,0.0,0.0,0.0,0.0,0.0,0.0,0.0,0.0,0.0,12.479239650095824,0.0,0.0,0.0,0.0,0.0,0.0,0.0,0.0,0.0,13.30503238167494,0.0,13.541621768888152,0.0,0.0,0.0,9.70196699517779,0.0,13.167038328745242,0.0,7.624102709118135,11.594696350777399,8.518248241909609,0.0,0.0,0.0,0.0,12.850212018461834,11.926160181868802,0.0,0.0,0.0,0.0,0.0,0.0,0.0,0.0,0.0,0.0,0.0,0.0,0.0,0.0,0.0,0.0,0.0,0.0,0.0,0.0,0.0,0.0,0.0,0.0,0.0,0.0,0.0,0.0,0.0,0.0,0.0,0.0,0.0,0.0,11.104815255636021,0.0
Var55,0.0,12.465426290491996,7.15445092468994,0.0,0.0,4.958270032128036,0.0,0.0,9.092441904514128,0.0,0.0,0.0,0.0,12.970450846599146,0.0,0.0,13.568079266099064,0.0,0.0,13.721824073730582,0.0,0.0,0.0,0.0,0.0,0.0,0.0,0.0,0.0,0.0,0.0,13.147652459871855,0.0,0.0,0.0,13.342543398368846,0.0,0.0,0.0,0.0,0.0,0.0,0.0,0.0,0.0,13.77108777886912,0.0,12.747520233540063,12.684780147770248,0.0,13.298053836314555,10.213013657016122,0.0,0.0,7.624102709118135,0.0,12.257310404348207,10.751619619161811,0.0,0.0,0.0,0.0,11.176169897804725,11.873585842992883,0.0,0.0,0.0,0.0,0.0,0.0,0.0,0.0,0.0,0.0,0.0,0.0,0.0,0.0,0.0,0.0,0.0,0.0,0.0,0.0,0.0,0.0,0.0,0.0,0.0,0.0,0.0,0.0,0.0,0.0,0.0,0.0,0.0,0.0,9.996432240905085,0.0
