Var0,Var1,Var2,Var3,Var4,Var5,Var6,Var7,Var8,Var9,Var10,Var11,Var12,Var13,Var14,Var15,Var16,Var17,Var18,Var19,Var20,Var21,Var22,Var23,Var24,Var25,Var26,Var27,Var28,Var29,Var30,Var31,Var32,Var33,Var34,Var35,Var36,Var37,Var38,Var39,Var40,Var41,Var42,Var43,Var44,Var45,Var46,Var47,Var48,Var49,Var50,Var51,Var52,Var53,Var54,Var55,Var56,Var57,Var58,Var59,Var60,Var61,Var62,Var63,Var64,Var65,Var66,Var67,Var68,Var69,Var70,Var71,Var72,Var73,Var74,Var75,Var76,Var77,Var78,Var79,Var80,Var81,Var82,Var83,Var84,Var85,Var86,Var87,Var88,Var89,Var90,Var91,Var92,Var93,Var94,Var95,Var96,Var97,Var98,Var99
0.0,0.0,0.0,0.0,0.0,0.0,0.0,0.0,0.0,0.0,0.0,0.0,0.0,0.0,0.0,0.0,0.0,0.0,0.0,17.081969887592237,0.0,0.0,0.0,0.0,0.0,0.0,0.0,0.0,0.0,0.0,0.0,17.17872839937453,0.0,0.0,16.859489507845566,17.70554024001405,0.0,17.538338033610327,0.0,0.0,16.692228308188092,0.0,0.0,16.940155366091936,16.963881215393215,0.0,17.131661177301154,15.411838711272049,14.846776060749354,17.57684821323886,15.789145912079906,0.0,0.0,18.040053798927826,0.0,0.0,0.0,0.0,0.0,0.0,0.0,0.0,0.0,0.0,0.0,0.0,0.0,0.0,0.0,0.0,0.0,0.0,0.0,0.0,0.0,0.0,0.0,0.0,0.0,17.121916511814995,0.0,17.666505687085298,0.0,0.0,0.0,0.0,0.0,0.0,0.0,0.0,0.0,15.8099345057857,0.0,0.0,0.0,16.53713605320416,0.0,17.537186816091285,15.472209304615442,0.0
0.0,0.0,10.071009617764467,10.701452541811795,13.79290137114536,13.030557827418416,13.34495291223854,8.537996087895332,11.073514061027456,0.0,0.0,0.0,0.0,0.0,0.0,0.0,0.0,0.0,0.0,0.0,0.0,0.0,0.0,0.0,0.0,0.0,0.0,0.0,15.420031933019432,0.0,0.0,0.0,0.0,0.0,0.0,15.64613992606448,0.0,0.0,0.0,0.0,0.0,0.0,0.0,0.0,0.0,0.0,0.0,0.0,0.0,0.0,0.0,9.206000132525189,13.7075787088508,10.360773660778332,11.930472725295466,11.23510758655238,9.808059333372452,11.082742837419303,0.0,0.0,0.0,0.0,15.292602983216016,0.0,0.0,0.0,0.0,0.0,0.0,0.0,0.0,0.0,0.0,14.606620383156466,0.0,0.0,15.199208013164672,0.0,0.0,0.0,0.0,0.0,0.0,0.0,0.0,0.0,0.0,0.0,13.732743710843987,0.0,0.0,0.0,0.0,0.0,0.0,0.0,0.0,0.0,0.0,0.0
0.0,10.071009617764467,0.0,12.593426572871074,12.970595851928945,8.144578276613993,14.687335832872291,9.404799924690744,8.539853072316639,0.0,0.0,0.0,0.0,0.0,0.0,0.0,0.0,16.679873895543093,0.0,0.0,0.0,0.0,0.0,0.0,0.0,0.0,0.0,0.0,14.66022384353708,0.0,0.0,0.0,0.0,0.0,0.0,12.49277009421299,0.0,0.0,0.0,0.0,0.0,0.0,0.0,0.0,0.0,0.0,0.0,0.0,0.0,0.0,0.0,12.13140260117152,0.0,13.49441016160226,8.473204565815895,6.762199192666833,11.490553318130509,10.946410363909347,0.0,0.0,0.0,0.0,15.908687881413869,0.0,0.0,0.0,0.0,0.0,0.0,0.0,0.0,0.0,0.0,0.0,0.0,0.0,13.754362508747665,0.0,0.0,0.0,0.0,0.0,0.0,0.0,0.0,0.0,0.0,0.0,12.586373965221412,0.0,0.0,0.0,0.0,0.0,0.0,0.0,0.0,0.0,15.541720670503404,0.0
0.0,10.701452541811795,12.593426572871074,0.0,12.707596563814157,14.188215698257997,14.730120627077136,11.267326413480337,13.474548601279862,0.0,0.0,0.0,0.0,0.0,0.0,16.530514558938048,0.0,0.0,0.0,0.0,0.0,0.0,0.0,0.0,0.0,0.0,0.0,0.0,15.981258296235628,0.0,0.0,0.0,0.0,0.0,0.0,16.203856367835296,0.0,0.0,0.0,0.0,0.0,0.0,0.0,0.0,0.0,0.0,0.0,0.0,0.0,0.0,0.0,12.577078507836127,15.36094741604143,8.738831638294773,12.303007934631358,14.179515683178368,12.897726129267811,13.10055615183354,0.0,0.0,0.0,0.0,17.243795966792916,0.0,0.0,0.0,0.0,0.0,0.0,0.0,0.0,0.0,0.0,0.0,0.0,0.0,16.67335631674909,0.0,0.0,0.0,0.0,0.0,0.0,0.0,0.0,0.0,0.0,0.0,16.292834437103625,0.0,0.0,0.0,0.0,0.0,0.0,0.0,0.0,0.0,0.0,0.0
0.0,13.79290137114536,12.970595851928945,12.707596563814157,0.0,11.513726049551408,0.0,14.370770819782786,13.550918444950934,0.0,0.0,0.0,0.0,0.0,0.0,16.34088400141319,0.0,15.802503565660531,0.0,0.0,0.0,0.0,0.0,0.0,0.0,14.653258890922883,0.0,0.0,0.0,0.0,0.0,0.0,0.0,0.0,16.415373277999123,14.457521858307896,0.0,0.0,0.0,0.0,0.0,0.0,0.0,0.0,0.0,0.0,0.0,0.0,0.0,0.0,0.0,0.0,0.0,12.507707236194983,11.067605137511288,13.62947882599996,16.197389031381615,15.928724364211243,0.0,0.0,0.0,0.0,0.0,0.0,0.0,0.0,0.0,0.0,0.0,0.0,0.0,0.0,0.0,0.0,0.0,15.812574976459157,15.729489947846186,0.0,0.0,0.0,0.0,0.0,0.0,0.0,0.0,0.0,0.0,0.0,16.238277416814196,0.0,0.0,0.0,0.0,0.0,0.0,0.0,0.0,0.0,15.136849190224943,0.0
0.0,13.030557827418416,8.144578276613993,14.188215698257997,11.513726049551408,0.0,15.391630144992432,11.414481348234608,8.858662275954746,0.0,0.0,0.0,0.0,0.0,0.0,0.0,0.0,0.0,0.0,0.0,0.0,0.0,0.0,0.0,0.0,15.168292888526905,0.0,0.0,15.821083921367851,0.0,0.0,0.0,0.0,0.0,0.0,12.204759410969585,0.0,0.0,0.0,0.0,0.0,0.0,0.0,0.0,0.0,0.0,0.0,0.0,0.0,0.0,0.0,16.110131455764737,0.0,15.454800030569311,8.164272111489465,6.112186888705275,13.599983793408864,12.471539620893465,0.0,0.0,0.0,0.0,0.0,0.0,0.0,0.0,0.0,0.0,0.0,0.0,0.0,0.0,0.0,0.0,0.0,16.19950814761605,13.416956931257578,0.0,0.0,0.0,0.0,0.0,0.0,0.0,0.0,0.0,0.0,0.0,12.54954719283821,0.0,0.0,0.0,0.0,0.0,0.0,0.0,0.0,0.0,14.9212624426631,0.0
0.0,13.34495291223854,14.687335832872291,14.730120627077136,0.0,15.391630144992432,0.0,10.174123755752332,14.68438626169132,0.0,0.0,0.0,0.0,0.0,0.0,0.0,0.0,0.0,0.0,0.0,15.059934450217195,0.0,0.0,0.0,0.0,0.0,0.0,0.0,12.93954554941642,0.0,0.0,0.0,0.0,0.0,0.0,14.969961511178024,0.0,0.0,0.0,0.0,0.0,0.0,0.0,0.0,0.0,0.0,0.0,0.0,0.0,0.0,0.0,13.041908465496803,13.595854912750626,15.191659286543857,14.32253689713852,0.0,9.462082635525189,12.890108885133708,0.0,0.0,0.0,0.0,0.0,0.0,0.0,0.0,12.75748835731948,0.0,0.0,0.0,0.0,0.0,0.0,15.065712858466394,14.403675550194633,0.0,13.033794751973032,0.0,0.0,0.0,0.0,0.0,0.0,0.0,0.0,0.0,0.0,0.0,13.264882131307797,0.0,0.0,0.0,0.0,0.0,0.0,0.0,0.0,0.0,0.0,0.0
0.0,8.537996087895332,9.404799924690744,11.267326413480337,14.370770819782786,11.414481348234608,10.174123755752332,0.0,8.008323839489103,0.0,0.0,0.0,0.0,0.0,0.0,0.0,0.0,16.654715924661026,0.0,0.0,0.0,0.0,0.0,0.0,0.0,0.0,0.0,0.0,13.848406425974298,0.0,0.0,0.0,0.0,0.0,0.0,13.67886148687476,0.0,0.0,0.0,0.0,0.0,0.0,0.0,0.0,0.0,0.0,0.0,0.0,0.0,0.0,0.0,9.531172953469678,15.335740677189351,11.338695809898011,9.861239517386124,10.474017024303672,5.259030204185908,6.289481956781625,0.0,0.0,0.0,0.0,16.78391376306751,0.0,0.0,0.0,0.0,0.0,0.0,0.0,0.0,0.0,0.0,0.0,0.0,0.0,13.783104504547929,0.0,0.0,0.0,0.0,0.0,0.0,0.0,0.0,0.0,0.0,0.0,11.61608367530083,0.0,0.0,0.0,0.0,0.0,0.0,0.0,0.0,0.0,0.0,0.0
0.0,11.073514061027456,8.539853072316639,13.474548601279862,13.550918444950934,8.858662275954746,14.68438626169132,8.008323839489103,0.0,0.0,0.0,0.0,0.0,0.0,0.0,0.0,0.0,0.0,0.0,0.0,0.0,0.0,0.0,0.0,0.0,0.0,0.0,0.0,14.77322542516011,0.0,0.0,0.0,0.0,0.0,0.0,11.425803090459894,16.96709949800472,0.0,0.0,0.0,0.0,0.0,0.0,0.0,0.0,0.0,0.0,0.0,0.0,0.0,0.0,13.30545871374246,0.0,13.093662322654437,8.43828110702848,8.083549159036918,10.640364042092298,6.743064157519058,0.0,0.0,0.0,0.0,16.89109401026265,0.0,0.0,0.0,0.0,0.0,0.0,0.0,0.0,0.0,0.0,0.0,0.0,0.0,14.597621777091597,0.0,0.0,0.0,0.0,0.0,0.0,0.0,0.0,0.0,0.0,0.0,11.44668295940716,0.0,0.0,0.0,0.0,0.0,0.0,0.0,0.0,0.0,15.981720550791444,0.0
0.0,0.0,0.0,0.0,0.0,0.0,0.0,0.0,0.0,0.0,13.840263601269331,13.058864664637468,14.052641749982527,14.743863376584711,12.19937682422092,0.0,0.0,0.0,0.0,0.0,0.0,0.0,0.0,0.0,0.0,0.0,0.0,0.0,0.0,15.94273119604492,0.0,16.18951576820381,0.0,0.0,0.0,0.0,0.0,14.407753384474274,0.0,12.77253688057014,0.0,0.0,0.0,0.0,0.0,0.0,0.0,0.0,0.0,0.0,16.635852952303807,0.0,0.0,0.0,0.0,0.0,0.0,0.0,10.82383912462965,14.36232957722896,15.540577647534604,0.0,0.0,16.274321552736218,16.48488066518529,11.908673882986774,0.0,0.0,0.0,0.0,0.0,0.0,16.424637335798646,0.0,0.0,0.0,0.0,15.28459445040561,0.0,0.0,0.0,0.0,0.0,0.0,0.0,0.0,0.0,0.0,0.0,0.0,0.0,16.080321965919918,15.636127852181437,0.0,0.0,0.0,0.0,0.0,0.0,0.0
0.0,0.0,0.0,0.0,0.0,17.17281971665269,0.0,0.0,0.0,13.840263601269331,0.0,13.128566002451825,15.09243890752577,15.627742214380916,15.569321420277427,0.0,0.0,0.0,0.0,0.0,0.0,0.0,0.0,0.0,0.0,0.0,0.0,0.0,0.0,0.0,0.0,0.0,0.0,0.0,0.0,0.0,0.0,0.0,0.0,0.0,0.0,0.0,0.0,0.0,0.0,0.0,0.0,0.0,0.0,0.0,0.0,0.0,0.0,0.0,0.0,16.968818314707544,0.0,0.0,15.257359265195376,14.390585733427406,14.874065189278234,16.563359861336778,16.383306903901087,16.832933964853815,16.350872826522405,16.03717456291755,0.0,0.0,0.0,0.0,16.85448477786072,0.0,0.0,0.0,17.084248960477726,16.663159308188632,16.8377658552614,16.44918971352842,0.0,0.0,0.0,0.0,0.0,0.0,0.0,0.0,0.0,0.0,0.0,0.0,0.0,0.0,0.0,0.0,0.0,0.0,0.0,0.0,0.0,0.0
0.0,0.0,0.0,0.0,0.0,0.0,0.0,0.0,0.0,13.058864664637468,13.128566002451825,0.0,12.457756667576488,13.52619950792841,14.545200102488216,0.0,14.162560655912824,0.0,14.608288435537656,0.0,0.0,0.0,0.0,0.0,0.0,0.0,0.0,0.0,0.0,13.726792525340432,0.0,0.0,0.0,0.0,0.0,0.0,0.0,0.0,0.0,0.0,0.0,0.0,0.0,0.0,0.0,0.0,0.0,0.0,0.0,0.0,0.0,0.0,0.0,0.0,0.0,0.0,0.0,0.0,14.186786768930522,12.27338859730603,12.35498359952235,0.0,0.0,14.626594095398328,13.808403774058895,14.632881175250526,0.0,13.72857893414256,0.0,0.0,0.0,14.753013117723048,14.201968552407742,0.0,13.09683853047735,13.59943460472668,0.0,13.332201004907654,0.0,0.0,0.0,0.0,0.0,0.0,0.0,0.0,0.0,0.0,0.0,0.0,0.0,0.0,0.0,0.0,0.0,0.0,0.0,0.0,0.0,0.0
0.0,0.0,0.0,0.0,0.0,0.0,0.0,0.0,0.0,14.052641749982527,15.09243890752577,12.457756667576488,0.0,13.861680309593185,15.519171925532076,0.0,14.307869253751624,0.0,0.0,0.0,0.0,0.0,0.0,0.0,0.0,0.0,0.0,0.0,0.0,14.493999018764915,0.0,15.70782310678862,0.0,15.188542490169691,0.0,0.0,0.0,0.0,0.0,14.610026987592867,0.0,0.0,0.0,0.0,0.0,0.0,0.0,0.0,0.0,0.0,0.0,0.0,0.0,0.0,0.0,0.0,0.0,0.0,14.72663010315757,14.980487758079573,10.830903686561946,10.37193590732602,0.0,0.0,0.0,14.227794753230672,0.0,14.599197413141804,15.55453525599825,0.0,0.0,15.230303426271124,14.318830500054691,0.0,0.0,0.0,0.0,14.569680943898902,0.0,0.0,0.0,0.0,0.0,0.0,0.0,0.0,0.0,0.0,0.0,0.0,0.0,0.0,0.0,0.0,0.0,0.0,0.0,0.0,0.0,0.0
0.0,0.0,0.0,0.0,0.0,0.0,0.0,0.0,0.0,14.743863376584711,15.627742214380916,13.52619950792841,13.861680309593185,0.0,9.583857061974545,0.0,13.554592563303386,0.0,8.945226104721856,0.0,0.0,0.0,15.417427019090226,0.0,0.0,0.0,0.0,0.0,0.0,13.12575494741496,0.0,0.0,0.0,0.0,0.0,0.0,0.0,0.0,0.0,15.583289503518616,0.0,0.0,0.0,0.0,0.0,0.0,0.0,0.0,0.0,0.0,0.0,0.0,0.0,0.0,0.0,0.0,0.0,0.0,15.141294815993604,15.514407543706648,0.0,0.0,14.829284751760625,14.045894892024997,11.534631425548406,11.08380966284983,0.0,13.64965375604033,0.0,0.0,15.77662957554277,0.0,14.715437121038647,0.0,0.0,0.0,0.0,15.081476288600149,0.0,0.0,0.0,0.0,0.0,0.0,0.0,0.0,0.0,0.0,0.0,0.0,0.0,0.0,0.0,0.0,0.0,0.0,0.0,0.0,0.0,0.0
0.0,0.0,0.0,0.0,0.0,0.0,0.0,0.0,0.0,12.19937682422092,15.569321420277427,14.545200102488216,15.519171925532076,9.583857061974545,0.0,0.0,0.0,0.0,12.1790553373882,0.0,0.0,0.0,0.0,0.0,0.0,0.0,0.0,0.0,0.0,14.109554611777522,0.0,0.0,0.0,0.0,0.0,0.0,0.0,15.304619495655263,15.493190513162569,14.561212498547418,0.0,0.0,0.0,0.0,0.0,0.0,0.0,0.0,0.0,0.0,0.0,0.0,15.242065090822043,0.0,0.0,0.0,0.0,0.0,13.645843544433616,15.681762724080174,0.0,0.0,0.0,14.956742498605276,14.585749872163394,9.494051596222567,0.0,15.680391960546848,0.0,0.0,0.0,0.0,0.0,15.718308856118966,0.0,0.0,0.0,15.754135448968446,0.0,0.0,0.0,0.0,0.0,0.0,0.0,0.0,0.0,0.0,0.0,0.0,0.0,0.0,14.871599425415692,0.0,0.0,0.0,0.0,0.0,0.0,0.0
0.0,17.48143765389598,0.0,16.530514558938048,16.34088400141319,0.0,16.785812542633217,0.0,0.0,0.0,0.0,0.0,0.0,0.0,0.0,0.0,16.157076217033733,15.172645555420717,0.0,0.0,17.277622020172984,16.254449242005848,17.124932229761516,15.672510330744,14.359253413501127,0.0,0.0,0.0,0.0,0.0,0.0,15.63833669183927,17.11097454116954,0.0,17.259613005425884,0.0,0.0,0.0,0.0,17.222828599783757,0.0,0.0,0.0,0.0,0.0,0.0,0.0,0.0,0.0,0.0,0.0,17.294620792338698,14.7605896737068,16.704356379073083,0.0,0.0,0.0,0.0,0.0,0.0,0.0,0.0,0.0,0.0,0.0,0.0,0.0,0.0,0.0,0.0,0.0,15.916995214138398,0.0,0.0,16.978817708389435,0.0,0.0,0.0,0.0,0.0,0.0,0.0,0.0,0.0,0.0,0.0,0.0,0.0,0.0,0.0,0.0,0.0,0.0,0.0,0.0,0.0,0.0,0.0,0.0,0.0
0.0,0.0,0.0,0.0,0.0,0.0,0.0,0.0,0.0,0.0,0.0,14.162560655912824,14.307869253751624,13.554592563303386,0.0,0.0,0.0,0.0,11.390744823550548,0.0,13.973325164164605,13.387668090166253,11.685792643118338,14.104962223616706,0.0,0.0,0.0,0.0,0.0,12.19840702258015,0.0,0.0,0.0,14.72005294295318,0.0,0.0,0.0,0.0,0.0,0.0,0.0,0.0,0.0,0.0,0.0,0.0,0.0,0.0,0.0,0.0,0.0,0.0,0.0,0.0,0.0,0.0,0.0,0.0,0.0,0.0,0.0,0.0,0.0,13.4179461539278,12.101209801729532,0.0,0.0,10.716477127889496,14.81635812975466,0.0,13.784851756483684,12.316862588263438,12.437787204320728,0.0,13.460696203150944,15.106815560304316,0.0,13.394905710185975,0.0,0.0,0.0,0.0,0.0,0.0,0.0,0.0,0.0,0.0,0.0,0.0,0.0,0.0,0.0,0.0,0.0,0.0,0.0,0.0,0.0,0.0
0.0,0.0,16.679873895543093,0.0,15.802503565660531,0.0,0.0,16.654715924661026,0.0,0.0,0.0,0.0,0.0,0.0,0.0,15.172645555420717,15.474027731230091,0.0,0.0,0.0,15.51741041192192,0.0,14.079484874035073,0.0,0.0,16.75189054895086,0.0,0.0,0.0,0.0,0.0,0.0,0.0,12.617141646370309,15.891265884230444,0.0,0.0,0.0,0.0,0.0,0.0,0.0,0.0,0.0,0.0,0.0,0.0,0.0,0.0,0.0,0.0,0.0,0.0,0.0,0.0,16.688703321433508,0.0,0.0,0.0,0.0,0.0,0.0,16.74256711362642,0.0,0.0,0.0,0.0,0.0,14.986875208194489,10.057545907150082,13.48540932064938,15.158150628497344,14.9395196469796,0.0,0.0,0.0,0.0,0.0,0.0,0.0,15.59636557956384,0.0,0.0,15.38160191443252,0.0,0.0,0.0,0.0,16.693344201192723,0.0,0.0,0.0,0.0,0.0,0.0,0.0,0.0,0.0,0.0,0.0
0.0,0.0,0.0,0.0,0.0,0.0,0.0,0.0,0.0,0.0,0.0,14.608288435537656,0.0,8.945226104721856,12.1790553373882,0.0,11.390744823550548,0.0,0.0,0.0,13.67637187367358,15.91619390366971,13.514493796897836,15.479071609195955,0.0,0.0,0.0,0.0,0.0,11.954460581108275,0.0,0.0,0.0,0.0,0.0,0.0,0.0,0.0,0.0,0.0,0.0,0.0,0.0,0.0,0.0,0.0,0.0,0.0,0.0,0.0,0.0,0.0,15.893346674610491,0.0,0.0,0.0,0.0,0.0,0.0,0.0,0.0,0.0,0.0,12.386825929459723,10.163573211349622,12.73775041303659,0.0,12.146437220665693,0.0,0.0,14.419921312413976,14.696975154825894,13.992215336670377,15.10447069471926,15.643348709916218,0.0,0.0,14.133853251512331,0.0,0.0,0.0,0.0,0.0,0.0,0.0,0.0,0.0,0.0,0.0,0.0,0.0,0.0,0.0,0.0,0.0,0.0,0.0,0.0,0.0,0.0
0.0,0.0,0.0,0.0,0.0,0.0,0.0,0.0,0.0,0.0,0.0,0.0,0.0,0.0,0.0,0.0,0.0,0.0,0.0,0.0,0.0,0.0,0.0,0.0,0.0,0.0,0.0,0.0,15.77269458281668,0.0,16.009290397778283,0.0,0.0,0.0,0.0,14.631295390415511,13.254357023927389,0.0,0.0,0.0,12.265892229277474,16.64507142748162,0.0,15.57897559733306,14.366925319708464,16.26707110465817,13.89500774425657,12.452150249527982,14.942311867558416,12.913160948917406,0.0,0.0,0.0,0.0,0.0,0.0,0.0,0.0,0.0,0.0,0.0,0.0,0.0,0.0,0.0,0.0,0.0,0.0,0.0,0.0,0.0,0.0,0.0,0.0,0.0,0.0,16.516531148583496,0.0,0.0,0.0,0.0,16.58057634892335,0.0,0.0,0.0,0.0,14.345335835804436,0.0,0.0,0.0,0.0,0.0,0.0,0.0,0.0,15.31716745950517,16.409058298776124,0.0,15.191156464659654,13.604475903276024
0.0,0.0,0.0,0.0,0.0,0.0,15.059934450217195,0.0,0.0,0.0,0.0,0.0,0.0,16.53122131149782,0.0,0.0,13.973325164164605,15.51741041192192,13.67637187367358,0.0,0.0,0.0,13.25838432332638,14.309840189588668,0.0,0.0,0.0,0.0,0.0,16.182404000123338,0.0,0.0,0.0,0.0,0.0,0.0,0.0,0.0,0.0,0.0,0.0,0.0,0.0,0.0,0.0,0.0,0.0,0.0,0.0,0.0,0.0,0.0,14.370822049413484,0.0,0.0,0.0,0.0,0.0,0.0,0.0,0.0,0.0,15.73789540768997,15.80566163732206,15.091429221658688,0.0,16.52004486879009,14.655938362774622,0.0,15.777496177444974,11.880595862906947,15.56729867309749,16.077268322879156,0.0,13.021432363666037,0.0,16.020944387870543,0.0,0.0,0.0,0.0,0.0,0.0,0.0,0.0,0.0,0.0,0.0,0.0,0.0,0.0,0.0,0.0,0.0,0.0,0.0,0.0,0.0,0.0,0.0
0.0,0.0,0.0,0.0,0.0,0.0,0.0,0.0,0.0,0.0,0.0,0.0,16.02214394421418,0.0,0.0,16.254449242005848,13.387668090166253,0.0,15.91619390366971,0.0,0.0,0.0,15.208954713681695,14.52903527708219,0.0,0.0,0.0,0.0,0.0,13.651501221337016,0.0,16.373575518514933,0.0,15.347964404958676,16.19709050300566,0.0,0.0,0.0,0.0,0.0,0.0,0.0,16.80458423420974,0.0,0.0,0.0,0.0,0.0,0.0,0.0,0.0,0.0,0.0,0.0,0.0,0.0,0.0,0.0,0.0,0.0,16.480092837736194,16.53214492510226,0.0,0.0,0.0,0.0,0.0,0.0,0.0,0.0,0.0,14.915942867961563,0.0,16.824370921500652,0.0,0.0,0.0,14.61723567668151,0.0,0.0,15.967155979165389,0.0,0.0,16.58640687942433,0.0,16.637967866033904,0.0,0.0,0.0,0.0,0.0,0.0,0.0,0.0,14.943454392449173,0.0,0.0,0.0,0.0,0.0
0.0,0.0,0.0,0.0,0.0,0.0,0.0,0.0,0.0,0.0,0.0,0.0,0.0,15.417427019090226,0.0,0.0,11.685792643118338,14.079484874035073,13.514493796897836,0.0,13.25838432332638,15.208954713681695,0.0,14.839659803932966,0.0,0.0,0.0,0.0,0.0,12.552097240167832,0.0,0.0,0.0,15.124927282570832,0.0,0.0,0.0,0.0,0.0,0.0,0.0,0.0,0.0,0.0,0.0,0.0,0.0,0.0,0.0,0.0,0.0,0.0,0.0,0.0,0.0,0.0,0.0,0.0,0.0,0.0,0.0,0.0,0.0,14.652157590643958,12.79233510086557,0.0,0.0,13.50215779793712,14.547478215289656,14.505788992659324,13.754028373319375,13.699346669243486,10.509520205921024,0.0,14.769005513399048,0.0,0.0,11.915016462989984,0.0,0.0,14.661309004978182,0.0,0.0,0.0,0.0,0.0,0.0,0.0,0.0,0.0,0.0,0.0,0.0,0.0,0.0,0.0,0.0,0.0,0.0,0.0
0.0,16.45502853031158,0.0,0.0,0.0,0.0,15.658286697396491,0.0,0.0,0.0,0.0,0.0,0.0,0.0,0.0,15.672510330744,14.104962223616706,0.0,15.479071609195955,0.0,14.309840189588668,14.52903527708219,14.839659803932966,0.0,14.543585017573587,13.420649241076484,0.0,0.0,0.0,14.263787858826143,0.0,0.0,0.0,0.0,0.0,0.0,0.0,0.0,0.0,0.0,0.0,0.0,0.0,0.0,0.0,0.0,0.0,0.0,0.0,0.0,0.0,0.0,14.6087599859413,0.0,0.0,0.0,16.57543510712732,0.0,0.0,0.0,0.0,0.0,0.0,0.0,0.0,0.0,0.0,0.0,0.0,0.0,0.0,12.808948419297469,0.0,14.278742970644506,12.050109058039116,13.2611865822464,0.0,13.258429007495565,0.0,0.0,14.314911702200993,0.0,0.0,0.0,0.0,0.0,0.0,0.0,0.0,0.0,0.0,0.0,0.0,0.0,14.492505875915253,0.0,0.0,0.0,0.0,0.0
0.0,16.57091686280793,0.0,0.0,17.434226049785032,0.0,16.458331806259068,0.0,0.0,16.708396363873792,0.0,16.83608224067505,0.0,0.0,0.0,14.359253413501127,0.0,17.45384037738542,0.0,0.0,17.3036207228982,0.0,17.45219401891598,14.543585017573587,0.0,15.94891663582264,0.0,0.0,0.0,0.0,0.0,0.0,0.0,0.0,0.0,0.0,0.0,0.0,0.0,17.274960641633086,0.0,0.0,0.0,0.0,0.0,0.0,0.0,0.0,0.0,0.0,0.0,17.101909933899663,14.95690796756555,0.0,0.0,0.0,0.0,0.0,0.0,0.0,0.0,0.0,0.0,0.0,0.0,17.424466674289082,0.0,0.0,0.0,0.0,0.0,16.042718375439463,0.0,15.700710843618026,14.308126440279016,15.229641348857529,0.0,16.783289533593308,0.0,0.0,0.0,0.0,0.0,0.0,0.0,0.0,0.0,0.0,0.0,0.0,0.0,0.0,0.0,0.0,0.0,0.0,0.0,0.0,0.0,0.0
0.0,16.278776793351987,0.0,0.0,14.653258890922883,15.168292888526905,0.0,0.0,17.09534380612059,0.0,0.0,16.16868447117836,0.0,0.0,0.0,0.0,0.0,16.75189054895086,0.0,0.0,0.0,0.0,15.85812722464432,13.420649241076484,15.94891663582264,0.0,0.0,0.0,0.0,14.994602382721496,0.0,0.0,0.0,0.0,0.0,0.0,0.0,0.0,0.0,0.0,0.0,0.0,0.0,0.0,0.0,0.0,0.0,0.0,0.0,0.0,0.0,0.0,0.0,0.0,16.142219505779984,16.327319310595815,0.0,0.0,0.0,16.045272064747156,0.0,0.0,0.0,0.0,0.0,0.0,0.0,0.0,0.0,0.0,0.0,13.939944545489936,0.0,16.9496535527865,13.330232941489967,11.68673956961461,0.0,12.82734840770051,0.0,0.0,16.19368111820909,0.0,0.0,0.0,0.0,0.0,0.0,0.0,0.0,0.0,0.0,0.0,0.0,0.0,15.837120742333308,0.0,0.0,0.0,0.0,0.0
0.0,0.0,0.0,0.0,0.0,0.0,0.0,0.0,0.0,0.0,0.0,0.0,0.0,0.0,0.0,0.0,0.0,0.0,18.758065841429392,18.56610099689455,18.60267008560127,17.06684142214342,16.898565878419006,16.724839730834226,0.0,0.0,0.0,15.763063315453572,0.0,0.0,0.0,0.0,0.0,18.378322798461934,17.30903189042589,0.0,0.0,0.0,0.0,0.0,0.0,17.559659549351082,18.03881831243892,0.0,0.0,0.0,18.31843566908112,18.764201313653484,0.0,0.0,0.0,0.0,0.0,0.0,0.0,0.0,0.0,0.0,0.0,0.0,0.0,0.0,0.0,0.0,0.0,0.0,0.0,0.0,0.0,0.0,0.0,0.0,0.0,0.0,0.0,0.0,0.0,18.058805235846787,0.0,0.0,16.474646117304744,0.0,16.43194068047641,0.0,14.440435199725218,0.0,0.0,15.354051028361932,0.0,18.073713583649457,0.0,0.0,0.0,0.0,16.681723935116732,0.0,0.0,0.0,0.0,0.0
0.0,0.0,0.0,0.0,0.0,0.0,0.0,0.0,0.0,0.0,0.0,0.0,0.0,0.0,0.0,0.0,0.0,0.0,0.0,17.861130830904997,0.0,0.0,0.0,0.0,0.0,17.57443170429765,15.763063315453572,0.0,0.0,0.0,17.649188683477487,0.0,0.0,0.0,17.99107097415244,0.0,16.675644080778717,0.0,0.0,0.0,0.0,17.223198440204982,16.589137806710934,16.79885497492135,17.125671448361935,17.47362542672257,16.81412611784293,16.0880689965855,0.0,0.0,0.0,0.0,0.0,0.0,17.885623646917765,0.0,0.0,0.0,0.0,0.0,0.0,0.0,0.0,0.0,0.0,0.0,0.0,0.0,0.0,0.0,0.0,0.0,0.0,0.0,0.0,0.0,0.0,17.494913562030067,0.0,0.0,0.0,0.0,17.89505608588353,0.0,18.133874539288424,0.0,17.916514333157874,12.91646665290954,0.0,0.0,0.0,0.0,0.0,17.58794333748438,0.0,0.0,0.0,0.0,0.0,0.0
0.0,15.420031933019432,14.66022384353708,0.0,0.0,0.0,12.93954554941642,13.848406425974298,14.77322542516011,0.0,0.0,0.0,0.0,0.0,0.0,0.0,0.0,0.0,0.0,15.77269458281668,0.0,0.0,0.0,0.0,0.0,0.0,0.0,0.0,0.0,0.0,0.0,0.0,0.0,0.0,0.0,11.262048471432468,14.01661169310452,15.250777205546983,0.0,0.0,15.056626191843902,0.0,0.0,15.019273326399684,0.0,13.174363382048966,0.0,0.0,0.0,13.674658358058108,0.0,14.630007307885167,0.0,15.518939424266769,0.0,0.0,13.200142511153864,14.441269980875733,0.0,0.0,0.0,0.0,0.0,0.0,0.0,0.0,0.0,0.0,0.0,0.0,0.0,0.0,0.0,0.0,0.0,0.0,11.046516240760498,0.0,0.0,0.0,0.0,0.0,0.0,0.0,0.0,0.0,0.0,0.0,14.22688318196352,0.0,0.0,0.0,0.0,0.0,0.0,15.39522233320268,0.0,0.0,0.0,0.0
0.0,0.0,0.0,0.0,0.0,0.0,0.0,0.0,0.0,0.0,0.0,13.726792525340432,14.493999018764915,13.12575494741496,14.109554611777522,0.0,12.19840702258015,0.0,11.954460581108275,0.0,0.0,13.651501221337016,12.552097240167832,14.263787858826143,0.0,14.994602382721496,0.0,0.0,0.0,0.0,0.0,0.0,0.0,0.0,0.0,0.0,0.0,0.0,0.0,0.0,0.0,0.0,0.0,0.0,0.0,0.0,0.0,0.0,0.0,0.0,0.0,0.0,0.0,0.0,0.0,0.0,0.0,0.0,0.0,14.080272809142416,0.0,0.0,0.0,13.780760823260666,13.537350565487534,12.517613754394125,0.0,12.989823027985764,0.0,0.0,0.0,12.580317417622275,12.183286646960378,0.0,14.683267649043106,14.236451942531808,0.0,8.835887932126099,0.0,0.0,0.0,0.0,0.0,0.0,0.0,0.0,0.0,0.0,0.0,0.0,0.0,0.0,0.0,0.0,0.0,0.0,0.0,0.0,0.0,0.0
0.0,0.0,0.0,0.0,0.0,0.0,0.0,0.0,0.0,0.0,0.0,0.0,0.0,0.0,0.0,0.0,0.0,0.0,0.0,16.009290397778283,0.0,0.0,0.0,0.0,0.0,0.0,0.0,0.0,0.0,0.0,0.0,0.0,15.823672652268096,0.0,16.669169109760247,0.0,15.06131004682818,16.081780575111207,0.0,0.0,14.198063872466468,15.939634315287416,14.28741885093219,13.508050445385216,10.457149442660285,15.343697326500026,0.0,17.309086935550713,17.196616732961193,14.859297673872662,0.0,0.0,0.0,0.0,0.0,0.0,0.0,0.0,0.0,0.0,0.0,0.0,0.0,0.0,0.0,0.0,0.0,0.0,0.0,0.0,0.0,0.0,0.0,0.0,0.0,0.0,0.0,0.0,9.850235330872575,0.0,0.0,0.0,0.0,0.0,0.0,0.0,0.0,0.0,0.0,0.0,0.0,0.0,0.0,16.01219902084148,0.0,14.285544115306951,16.588889214122958,0.0,17.585099861294612,16.692341969885042
17.17872839937453,0.0,0.0,0.0,0.0,0.0,0.0,0.0,0.0,16.18951576820381,0.0,0.0,15.70782310678862,0.0,0.0,15.63833669183927,0.0,0.0,0.0,0.0,0.0,16.373575518514933,0.0,0.0,0.0,0.0,0.0,0.0,0.0,0.0,0.0,0.0,0.0,0.0,0.0,0.0,0.0,15.89438667787094,16.52048364661179,14.233276713461995,0.0,0.0,0.0,0.0,0.0,0.0,0.0,0.0,0.0,0.0,16.546986995525703,0.0,17.03464336306026,0.0,0.0,0.0,0.0,0.0,0.0,0.0,15.658519675756638,15.900282790411508,0.0,0.0,0.0,15.870224696394958,0.0,0.0,0.0,16.62234011813449,0.0,17.33797040566999,0.0,0.0,0.0,0.0,0.0,0.0,0.0,12.061470234347151,0.0,0.0,0.0,0.0,0.0,0.0,0.0,0.0,0.0,0.0,17.153075335627438,16.57226802808161,16.01145984163314,0.0,0.0,0.0,0.0,16.572885386042785,0.0,0.0
0.0,0.0,0.0,0.0,0.0,0.0,0.0,0.0,0.0,0.0,0.0,0.0,0.0,0.0,0.0,17.11097454116954,0.0,0.0,0.0,17.451673153152264,0.0,0.0,0.0,0.0,0.0,0.0,0.0,0.0,0.0,0.0,15.823672652268096,17.658636501347786,0.0,0.0,0.0,0.0,17.73071366213067,14.72798887619894,15.84254015743692,0.0,13.467995274028029,16.15383743870127,15.479482665490726,16.857226810329774,16.081980677484395,16.064608026295538,16.7985997415744,0.0,0.0,16.667097824302807,0.0,0.0,0.0,0.0,0.0,0.0,0.0,0.0,0.0,0.0,0.0,0.0,0.0,0.0,0.0,0.0,0.0,0.0,0.0,0.0,0.0,0.0,0.0,0.0,0.0,0.0,0.0,0.0,15.457899393150552,0.0,0.0,0.0,0.0,0.0,0.0,0.0,0.0,0.0,0.0,0.0,16.806023767291702,0.0,0.0,0.0,0.0,16.930997659874972,16.676904183888578,0.0,0.0,17.630995409090172
0.0,0.0,0.0,0.0,0.0,0.0,0.0,0.0,0.0,0.0,0.0,0.0,15.188542490169691,0.0,0.0,0.0,14.72005294295318,12.617141646370309,0.0,0.0,0.0,15.347964404958676,15.124927282570832,0.0,0.0,0.0,0.0,0.0,0.0,0.0,0.0,0.0,0.0,0.0,15.20351961207872,0.0,0.0,0.0,0.0,0.0,0.0,0.0,0.0,0.0,0.0,0.0,0.0,0.0,0.0,0.0,0.0,0.0,0.0,0.0,0.0,0.0,0.0,0.0,0.0,0.0,15.7395149779693,15.426170102820524,0.0,0.0,0.0,0.0,0.0,16.1518010878844,10.664341707086558,13.28854059533008,16.356668036085175,0.0,13.497728460701692,0.0,0.0,0.0,0.0,0.0,0.0,0.0,15.445055883104304,12.529877329033726,15.358250815218415,15.693836195537315,15.008261473757909,14.397638745591296,0.0,0.0,0.0,0.0,0.0,0.0,0.0,0.0,0.0,0.0,0.0,11.775445478068026,0.0,0.0
16.859489507845566,0.0,0.0,0.0,16.415373277999123,16.83124390377791,0.0,0.0,0.0,0.0,0.0,0.0,0.0,0.0,0.0,17.259613005425884,17.09846335209093,15.891265884230444,0.0,16.97738144017504,0.0,16.19709050300566,0.0,0.0,0.0,0.0,17.30903189042589,0.0,0.0,0.0,16.669169109760247,0.0,0.0,15.20351961207872,0.0,0.0,0.0,0.0,0.0,0.0,0.0,0.0,14.799274960990669,0.0,14.749206226685224,0.0,0.0,16.4647654597537,0.0,0.0,0.0,0.0,0.0,0.0,17.436787863781607,0.0,0.0,0.0,0.0,0.0,0.0,0.0,0.0,0.0,0.0,0.0,0.0,0.0,0.0,0.0,0.0,0.0,0.0,0.0,0.0,0.0,17.378120663644268,0.0,16.93811361371817,0.0,0.0,0.0,16.63108899248313,15.138395143382148,0.0,0.0,0.0,0.0,0.0,0.0,0.0,0.0,0.0,0.0,0.0,0.0,0.0,0.0,17.36907341556972,0.0
0.0,0.0,12.49277009421299,0.0,14.457521858307896,12.204759410969585,14.969961511178024,13.67886148687476,11.425803090459894,0.0,0.0,0.0,0.0,0.0,0.0,0.0,0.0,0.0,0.0,14.631295390415511,0.0,0.0,0.0,0.0,0.0,0.0,0.0,0.0,11.262048471432468,0.0,0.0,0.0,0.0,0.0,0.0,0.0,12.55713390845369,0.0,0.0,0.0,15.462744911640074,0.0,0.0,0.0,0.0,0.0,0.0,0.0,13.78469774511776,12.802129689976915,0.0,0.0,0.0,0.0,13.70242901546482,13.05886288092036,14.51434646752644,13.979541810365896,0.0,0.0,0.0,0.0,0.0,0.0,0.0,0.0,0.0,0.0,0.0,0.0,0.0,0.0,0.0,0.0,0.0,0.0,11.610665117253918,0.0,0.0,0.0,0.0,0.0,0.0,0.0,0.0,0.0,0.0,0.0,10.09530720944487,0.0,0.0,0.0,0.0,0.0,0.0,0.0,0.0,0.0,10.87193966550655,13.779815821167066
0.0,0.0,0.0,0.0,0.0,0.0,0.0,0.0,0.0,0.0,0.0,0.0,0.0,0.0,0.0,0.0,0.0,0.0,0.0,13.254357023927389,0.0,0.0,0.0,0.0,0.0,0.0,0.0,0.0,14.01661169310452,0.0,15.06131004682818,0.0,0.0,0.0,0.0,12.55713390845369,0.0,0.0,0.0,0.0,10.603702718856862,15.98556624012691,15.609132928620255,11.800416108977672,13.521677678953417,12.74301468067837,14.244832220210755,13.723318255039691,13.98256856609564,9.27780630440113,0.0,0.0,0.0,0.0,0.0,0.0,0.0,0.0,0.0,0.0,0.0,0.0,0.0,0.0,0.0,0.0,0.0,0.0,0.0,0.0,0.0,0.0,0.0,0.0,0.0,0.0,16.359886823257312,0.0,0.0,0.0,0.0,0.0,0.0,0.0,0.0,0.0,12.649655027652104,0.0,0.0,0.0,0.0,0.0,0.0,0.0,0.0,12.345289023424312,15.011290304168956,0.0,14.948719672471883,11.241106374545565
0.0,0.0,0.0,0.0,0.0,0.0,0.0,0.0,0.0,14.407753384474274,0.0,0.0,0.0,0.0,15.304619495655263,0.0,0.0,0.0,0.0,0.0,0.0,0.0,0.0,0.0,0.0,0.0,0.0,0.0,15.250777205546983,0.0,16.081780575111207,15.89438667787094,14.72798887619894,0.0,0.0,0.0,0.0,0.0,12.98196077571419,14.148607116007232,12.58828987836773,0.0,0.0,13.9958776958627,15.4129163904103,12.965866939956918,15.34395577543036,0.0,0.0,13.95879141469746,15.924405751650015,0.0,0.0,0.0,0.0,0.0,0.0,0.0,15.221696385607068,0.0,0.0,0.0,0.0,0.0,0.0,0.0,0.0,0.0,0.0,0.0,0.0,0.0,0.0,0.0,0.0,0.0,0.0,0.0,0.0,0.0,0.0,0.0,0.0,0.0,0.0,0.0,0.0,0.0,0.0,0.0,0.0,13.909815590391052,12.854631330060728,0.0,0.0,14.723684369590003,14.789868975854128,0.0,0.0,0.0
0.0,0.0,0.0,0.0,0.0,0.0,0.0,0.0,0.0,17.09962642174587,0.0,0.0,0.0,0.0,15.493190513162569,0.0,0.0,0.0,0.0,0.0,0.0,0.0,0.0,17.592392858853287,0.0,0.0,0.0,0.0,0.0,0.0,0.0,16.52048364661179,15.84254015743692,0.0,0.0,0.0,0.0,12.98196077571419,0.0,13.67776983585847,0.0,0.0,17.158003456620534,0.0,0.0,17.230756634115433,0.0,0.0,0.0,0.0,0.0,0.0,16.066752226786416,0.0,0.0,0.0,0.0,0.0,16.794473064849022,0.0,0.0,0.0,0.0,0.0,0.0,16.050759489197073,17.144983747296777,0.0,0.0,0.0,0.0,0.0,0.0,15.18921027454266,0.0,0.0,0.0,0.0,0.0,16.484899351892377,0.0,0.0,0.0,0.0,0.0,0.0,0.0,0.0,0.0,0.0,16.122686538436962,16.318434609403173,10.191589456463705,0.0,17.298208328717102,0.0,15.953861626186148,0.0,0.0,0.0
0.0,0.0,0.0,0.0,0.0,0.0,0.0,0.0,0.0,12.77253688057014,0.0,16.969165506132235,14.610026987592867,15.583289503518616,14.561212498547418,17.222828599783757,0.0,0.0,0.0,0.0,0.0,0.0,0.0,0.0,0.0,0.0,0.0,0.0,0.0,17.19801346880777,0.0,14.233276713461995,0.0,0.0,0.0,0.0,0.0,14.148607116007232,13.67776983585847,0.0,0.0,0.0,0.0,0.0,0.0,0.0,0.0,0.0,0.0,0.0,16.062685114027552,0.0,16.5240435689531,0.0,0.0,0.0,0.0,0.0,14.965627145318562,0.0,15.974724649167806,15.726465357879906,0.0,0.0,0.0,14.484136677108078,0.0,0.0,0.0,0.0,0.0,0.0,0.0,15.077539801601285,0.0,0.0,0.0,0.0,0.0,16.239400168969176,0.0,0.0,0.0,0.0,0.0,0.0,0.0,0.0,0.0,0.0,0.0,14.60935384312346,11.616780542971414,0.0,0.0,0.0,0.0,0.0,0.0,0.0
0.0,0.0,0.0,0.0,0.0,0.0,0.0,0.0,0.0,0.0,0.0,0.0,0.0,0.0,0.0,0.0,0.0,0.0,0.0,12.265892229277474,0.0,0.0,0.0,0.0,0.0,0.0,0.0,0.0,15.056626191843902,0.0,14.198063872466468,0.0,13.467995274028029,0.0,0.0,15.462744911640074,10.603702718856862,12.58828987836773,0.0,0.0,0.0,15.478173195359892,14.370309105287058,11.2438423783877,11.961013814049055,10.188270343963772,10.131130316503317,13.082924213954596,13.535920816225318,7.627224446854093,0.0,0.0,0.0,0.0,0.0,0.0,0.0,0.0,0.0,0.0,0.0,0.0,0.0,0.0,0.0,0.0,0.0,0.0,0.0,0.0,0.0,0.0,0.0,0.0,0.0,0.0,0.0,0.0,0.0,0.0,0.0,0.0,0.0,0.0,0.0,0.0,14.97627838384633,0.0,0.0,0.0,0.0,0.0,0.0,0.0,0.0,10.89834905083893,12.8303791316283,0.0,0.0,11.486492207692038
0.0,0.0,0.0,0.0,0.0,0.0,0.0,0.0,0.0,0.0,0.0,0.0,0.0,0.0,0.0,0.0,0.0,0.0,0.0,16.64507142748162,0.0,0.0,0.0,0.0,0.0,0.0,17.559659549351082,17.223198440204982,0.0,0.0,15.939634315287416,0.0,16.15383743870127,0.0,0.0,0.0,15.98556624012691,0.0,0.0,0.0,15.478173195359892,0.0,15.927473024310498,16.35264551526969,16.482649864167506,16.39922331846026,0.0,17.700886365365673,0.0,16.786810141693397,0.0,0.0,0.0,0.0,0.0,0.0,0.0,0.0,0.0,0.0,0.0,0.0,0.0,0.0,0.0,0.0,0.0,0.0,0.0,0.0,0.0,0.0,0.0,0.0,0.0,0.0,0.0,0.0,16.356686607818997,0.0,0.0,0.0,0.0,0.0,0.0,0.0,16.41340655693815,16.150793220587634,0.0,0.0,0.0,0.0,0.0,16.721370296278884,0.0,16.641139495438004,15.784625323541864,0.0,0.0,17.180890478449655
0.0,0.0,0.0,0.0,0.0,0.0,0.0,0.0,0.0,0.0,0.0,0.0,0.0,0.0,0.0,0.0,0.0,0.0,0.0,0.0,0.0,16.80458423420974,0.0,0.0,0.0,0.0,0.0,16.589137806710934,15.915918775148915,0.0,14.28741885093219,0.0,15.479482665490726,0.0,14.799274960990669,0.0,15.609132928620255,16.757312189556934,17.158003456620534,0.0,14.370309105287058,15.927473024310498,0.0,15.519350483847752,13.447130845215428,12.75413146516036,17.48097219543606,0.0,0.0,15.85368440538264,0.0,0.0,0.0,0.0,0.0,0.0,0.0,0.0,0.0,0.0,0.0,0.0,0.0,0.0,0.0,0.0,0.0,0.0,0.0,0.0,0.0,0.0,0.0,17.857709409289168,0.0,0.0,0.0,0.0,15.8976196819823,0.0,0.0,0.0,0.0,0.0,0.0,0.0,0.0,0.0,0.0,0.0,0.0,0.0,0.0,0.0,0.0,17.502051024417923,17.180506465185676,0.0,0.0,0.0
0.0,0.0,0.0,0.0,0.0,0.0,0.0,0.0,0.0,0.0,0.0,0.0,0.0,0.0,0.0,0.0,0.0,0.0,0.0,15.57897559733306,0.0,0.0,0.0,0.0,0.0,0.0,0.0,0.0,15.019273326399684,0.0,13.508050445385216,0.0,0.0,0.0,0.0,15.569883422166638,11.800416108977672,13.9958776958627,0.0,0.0,11.2438423783877,16.35264551526969,15.519350483847752,0.0,13.57650016581532,10.149419601959474,14.46468646236628,12.504823931544736,12.225369566759904,9.943345773402116,0.0,0.0,0.0,0.0,0.0,0.0,0.0,0.0,0.0,0.0,0.0,0.0,0.0,0.0,0.0,0.0,0.0,0.0,0.0,0.0,0.0,0.0,0.0,0.0,0.0,0.0,0.0,0.0,15.753971751347564,0.0,0.0,0.0,0.0,0.0,0.0,0.0,0.0,0.0,0.0,0.0,0.0,0.0,0.0,0.0,0.0,8.470543692734683,14.477109306337884,0.0,14.825971305870464,14.100055636193638
0.0,0.0,0.0,0.0,0.0,0.0,0.0,0.0,0.0,0.0,0.0,0.0,0.0,0.0,0.0,0.0,0.0,0.0,0.0,14.366925319708464,0.0,0.0,0.0,0.0,0.0,0.0,0.0,0.0,16.056708638783896,0.0,10.457149442660285,0.0,16.081980677484395,0.0,14.749206226685224,15.939019569399338,13.521677678953417,15.4129163904103,0.0,0.0,11.961013814049055,0.0,13.447130845215428,13.57650016581532,0.0,13.172603797784676,14.976896815188049,15.021458894576591,15.129973712105295,12.59315257290062,0.0,0.0,0.0,0.0,0.0,0.0,0.0,0.0,0.0,0.0,0.0,0.0,0.0,0.0,0.0,0.0,0.0,0.0,0.0,0.0,0.0,0.0,0.0,0.0,0.0,0.0,0.0,0.0,13.473621052499167,0.0,0.0,0.0,0.0,0.0,0.0,0.0,0.0,0.0,0.0,0.0,0.0,0.0,0.0,0.0,0.0,14.739262217919157,0.0,0.0,16.06927268022252,15.941860301769218
0.0,0.0,0.0,0.0,0.0,0.0,0.0,0.0,0.0,0.0,0.0,0.0,0.0,0.0,0.0,0.0,0.0,0.0,0.0,16.26707110465817,0.0,0.0,0.0,0.0,0.0,0.0,0.0,0.0,13.174363382048966,0.0,15.343697326500026,0.0,16.064608026295538,0.0,0.0,16.186065115659876,12.74301468067837,12.965866939956918,0.0,0.0,10.188270343963772,16.39922331846026,12.75413146516036,10.149419601959474,13.172603797784676,0.0,13.431687495917297,15.141082320961091,16.634167110222787,10.460522644180426,0.0,0.0,0.0,0.0,0.0,0.0,0.0,17.204065365975065,0.0,0.0,0.0,0.0,0.0,0.0,0.0,0.0,0.0,0.0,0.0,0.0,0.0,0.0,0.0,0.0,0.0,0.0,0.0,0.0,0.0,0.0,0.0,0.0,0.0,0.0,0.0,0.0,0.0,0.0,0.0,0.0,0.0,0.0,0.0,0.0,0.0,11.77810699937757,12.169869669129143,0.0,0.0,16.370900795024518
17.131661177301154,0.0,0.0,0.0,0.0,0.0,0.0,0.0,0.0,0.0,0.0,0.0,0.0,0.0,0.0,0.0,0.0,0.0,0.0,13.89500774425657,0.0,0.0,0.0,0.0,0.0,0.0,0.0,16.81412611784293,0.0,0.0,0.0,0.0,16.7985997415744,0.0,0.0,0.0,14.244832220210755,15.34395577543036,0.0,0.0,10.131130316503317,0.0,0.0,14.46468646236628,14.976896815188049,13.431687495917297,0.0,11.27945418613556,14.498907653763688,11.994259705855674,0.0,0.0,0.0,0.0,0.0,0.0,0.0,0.0,0.0,0.0,0.0,0.0,0.0,0.0,0.0,0.0,0.0,0.0,0.0,0.0,0.0,0.0,0.0,0.0,0.0,0.0,0.0,0.0,0.0,0.0,0.0,15.283913819941986,0.0,0.0,0.0,0.0,15.291047165779958,0.0,0.0,0.0,0.0,0.0,0.0,0.0,0.0,15.293509586213018,15.309777803332524,16.581485227172866,17.183920439059854,13.727874898804188
15.411838711272049,0.0,0.0,0.0,0.0,0.0,0.0,0.0,0.0,0.0,0.0,0.0,0.0,0.0,0.0,0.0,0.0,0.0,0.0,12.452150249527982,0.0,0.0,0.0,0.0,0.0,0.0,0.0,16.0880689965855,0.0,0.0,0.0,0.0,0.0,0.0,16.4647654597537,16.47573292271822,13.723318255039691,0.0,0.0,0.0,13.082924213954596,0.0,0.0,12.504823931544736,15.021458894576591,15.141082320961091,11.27945418613556,0.0,11.515448104632815,13.279583634664103,0.0,0.0,0.0,0.0,0.0,0.0,0.0,0.0,0.0,0.0,0.0,0.0,0.0,0.0,0.0,0.0,0.0,0.0,0.0,0.0,0.0,0.0,0.0,0.0,0.0,0.0,0.0,0.0,0.0,0.0,0.0,15.598731802142677,0.0,0.0,0.0,0.0,14.838759312375014,0.0,0.0,0.0,0.0,0.0,0.0,0.0,0.0,14.111631733113745,16.42987422278733,16.173024956100647,14.80442729673034,14.855526268020594
14.846776060749354,0.0,0.0,0.0,16.960444610527954,0.0,0.0,0.0,0.0,0.0,0.0,0.0,0.0,0.0,0.0,0.0,0.0,0.0,0.0,14.942311867558416,0.0,0.0,0.0,0.0,0.0,0.0,0.0,0.0,0.0,0.0,17.196616732961193,0.0,0.0,0.0,0.0,13.78469774511776,13.98256856609564,16.80699920697465,0.0,0.0,13.535920816225318,0.0,0.0,12.225369566759904,15.129973712105295,16.634167110222787,14.498907653763688,11.515448104632815,0.0,10.95477383744971,15.127992003812942,0.0,0.0,0.0,0.0,0.0,0.0,0.0,0.0,0.0,0.0,0.0,0.0,0.0,0.0,0.0,0.0,0.0,0.0,0.0,0.0,0.0,0.0,0.0,0.0,0.0,0.0,0.0,0.0,0.0,0.0,13.777988539632492,0.0,0.0,0.0,0.0,14.703297543247428,0.0,0.0,0.0,0.0,0.0,0.0,0.0,0.0,12.793908005171426,0.0,0.0,7.241020474513413,11.735881796568156
0.0,0.0,0.0,0.0,0.0,0.0,0.0,0.0,0.0,0.0,0.0,0.0,0.0,0.0,0.0,0.0,0.0,0.0,0.0,12.913160948917406,0.0,0.0,0.0,0.0,0.0,0.0,0.0,0.0,13.674658358058108,0.0,14.859297673872662,0.0,16.667097824302807,0.0,0.0,12.802129689976915,9.27780630440113,13.95879141469746,0.0,0.0,7.627224446854093,0.0,15.85368440538264,9.943345773402116,12.59315257290062,10.460522644180426,11.994259705855674,13.279583634664103,10.95477383744971,0.0,0.0,0.0,0.0,0.0,0.0,0.0,0.0,0.0,0.0,0.0,0.0,0.0,0.0,0.0,0.0,0.0,0.0,0.0,0.0,0.0,0.0,0.0,0.0,0.0,0.0,0.0,0.0,0.0,0.0,0.0,0.0,0.0,0.0,0.0,0.0,0.0,13.8471860651898,0.0,0.0,0.0,0.0,0.0,0.0,0.0,0.0,8.936392187785929,13.4645159102174,0.0,12.941141008522871,8.517543328698158
15.789145912079906,0.0,0.0,17.32303218863709,0.0,0.0,0.0,0.0,0.0,16.635852952303807,0.0,0.0,0.0,17.150495341707455,0.0,0.0,0.0,0.0,0.0,0.0,0.0,0.0,0.0,0.0,0.0,0.0,0.0,0.0,0.0,0.0,0.0,16.546986995525703,0.0,0.0,0.0,0.0,0.0,15.924405751650015,0.0,16.062685114027552,0.0,0.0,0.0,0.0,0.0,0.0,0.0,0.0,15.127992003812942,16.88826328720977,0.0,0.0,0.0,0.0,0.0,0.0,0.0,0.0,17.394886217486413,17.32545744991582,0.0,16.112238358664655,0.0,0.0,0.0,0.0,17.045904036100044,0.0,0.0,0.0,0.0,0.0,0.0,0.0,0.0,0.0,0.0,0.0,0.0,0.0,0.0,17.30513408910283,0.0,0.0,0.0,0.0,0.0,0.0,0.0,0.0,17.090554708722976,14.448889530143154,16.159362713546777,0.0,0.0,15.584183837617768,0.0,0.0,15.516731170167958,17.09224706309522
0.0,9.206000132525189,12.13140260117152,12.577078507836127,16.599333776682872,16.110131455764737,13.041908465496803,9.531172953469678,13.30545871374246,0.0,0.0,0.0,0.0,0.0,0.0,0.0,0.0,0.0,0.0,0.0,0.0,0.0,0.0,0.0,0.0,0.0,0.0,0.0,14.630007307885167,0.0,0.0,0.0,0.0,0.0,0.0,16.97044589278438,0.0,0.0,0.0,0.0,0.0,0.0,0.0,0.0,0.0,0.0,0.0,0.0,0.0,0.0,0.0,0.0,12.850891641289918,10.6076563736257,13.271983854728193,14.224254186140673,8.899260208354947,10.495799129846134,0.0,0.0,0.0,0.0,16.707032626090285,0.0,0.0,0.0,0.0,0.0,0.0,0.0,0.0,0.0,0.0,14.693701201265307,0.0,0.0,15.693479065956565,0.0,0.0,0.0,0.0,0.0,0.0,0.0,0.0,0.0,0.0,0.0,15.68548995405892,0.0,0.0,0.0,0.0,0.0,0.0,0.0,0.0,0.0,0.0,0.0
0.0,13.7075787088508,0.0,15.36094741604143,0.0,0.0,13.595854912750626,15.335740677189351,0.0,0.0,0.0,0.0,0.0,0.0,15.242065090822043,14.7605896737068,16.0205365322857,0.0,15.893346674610491,0.0,14.370822049413484,0.0,0.0,14.6087599859413,14.95690796756555,0.0,0.0,0.0,0.0,0.0,0.0,0.0,0.0,0.0,0.0,0.0,0.0,0.0,0.0,0.0,0.0,0.0,0.0,0.0,0.0,0.0,0.0,0.0,0.0,0.0,0.0,12.850891641289918,0.0,15.28821544007694,0.0,0.0,14.18005078533685,0.0,0.0,0.0,0.0,0.0,0.0,0.0,0.0,0.0,15.5381163620586,0.0,0.0,0.0,15.508629337991763,13.588312268909858,0.0,12.898175716933192,13.327318031498423,15.147736560718124,0.0,0.0,0.0,0.0,0.0,0.0,0.0,0.0,0.0,0.0,0.0,0.0,0.0,0.0,0.0,0.0,0.0,0.0,0.0,0.0,0.0,0.0,0.0,0.0
0.0,10.360773660778332,13.49441016160226,8.738831638294773,12.507707236194983,15.454800030569311,15.191659286543857,11.338695809898011,13.093662322654437,0.0,0.0,0.0,0.0,0.0,0.0,16.704356379073083,0.0,0.0,0.0,0.0,0.0,0.0,0.0,0.0,0.0,0.0,0.0,0.0,15.518939424266769,0.0,0.0,0.0,0.0,0.0,0.0,16.064056583955576,0.0,0.0,0.0,0.0,0.0,0.0,0.0,0.0,0.0,0.0,0.0,0.0,0.0,0.0,17.601865882683708,10.6076563736257,15.28821544007694,0.0,12.374870038380632,15.099204569287629,12.666677613502651,12.299175274486847,0.0,0.0,0.0,0.0,0.0,0.0,0.0,0.0,0.0,0.0,0.0,0.0,0.0,0.0,0.0,0.0,0.0,0.0,17.461154725947697,0.0,0.0,0.0,0.0,0.0,0.0,0.0,0.0,0.0,0.0,0.0,16.82936657953548,0.0,0.0,0.0,0.0,0.0,0.0,0.0,0.0,0.0,0.0,0.0
0.0,11.930472725295466,8.473204565815895,12.303007934631358,11.067605137511288,8.164272111489465,14.32253689713852,9.861239517386124,8.43828110702848,0.0,0.0,0.0,0.0,0.0,0.0,0.0,0.0,0.0,0.0,0.0,0.0,0.0,0.0,0.0,0.0,16.142219505779984,0.0,0.0,16.1562152807747,0.0,0.0,0.0,0.0,0.0,0.0,13.70242901546482,0.0,0.0,0.0,0.0,0.0,0.0,0.0,0.0,0.0,0.0,0.0,0.0,0.0,0.0,0.0,13.271983854728193,0.0,12.374870038380632,0.0,9.53359358580147,12.086729262905925,9.672091611479848,0.0,0.0,0.0,0.0,0.0,0.0,0.0,0.0,0.0,0.0,0.0,0.0,0.0,0.0,0.0,0.0,0.0,16.427811219521864,15.215377791275074,0.0,0.0,0.0,0.0,0.0,0.0,0.0,0.0,0.0,0.0,0.0,14.28169070392164,0.0,0.0,0.0,0.0,0.0,0.0,0.0,0.0,0.0,16.60217147374897,0.0
0.0,11.23510758655238,6.762199192666833,14.179515683178368,13.62947882599996,6.112186888705275,16.20848424809291,10.474017024303672,8.083549159036918,0.0,0.0,0.0,0.0,0.0,0.0,0.0,0.0,0.0,0.0,0.0,0.0,0.0,0.0,0.0,0.0,16.327319310595815,0.0,0.0,0.0,0.0,0.0,0.0,0.0,0.0,0.0,13.05886288092036,0.0,0.0,0.0,0.0,0.0,0.0,0.0,0.0,0.0,0.0,0.0,0.0,0.0,0.0,0.0,14.224254186140673,0.0,15.099204569287629,9.53359358580147,0.0,12.496184793282785,11.289295014262349,0.0,0.0,0.0,0.0,15.769049659625084,0.0,0.0,0.0,0.0,0.0,0.0,0.0,0.0,0.0,0.0,0.0,0.0,16.265361490538705,13.657100527789517,0.0,0.0,0.0,0.0,0.0,0.0,0.0,0.0,0.0,0.0,0.0,12.213005553109651,0.0,0.0,0.0,0.0,0.0,0.0,0.0,0.0,0.0,15.44922902832468,0.0
