,Var0,Var1,Var2,Var3,Var4,Var5,Var6,Var7,Var8,Var9,Var10,Var11,Var12,Var13,Var14,Var15,Var16,Var17,Var18,Var19,Var20,Var21,Var22,Var23,Var24,Var25,Var26,Var27,Var28,Var29,Var30,Var31,Var32,Var33,Var34,Var35,Var36,Var37,Var38,Var39,Var40,Var41,Var42,Var43,Var44,Var45,Var46,Var47,Var48,Var49,Var50,Var51,Var52,Var53,Var54,Var55,Var56,Var57,Var58,Var59,Var60,Var61,Var62,Var63,Var64,Var65,Var66,Var67,Var68,Var69,Var70,Var71,Var72,Var73,Var74,Var75,Var76,Var77,Var78,Var79,Var80,Var81,Var82,Var83,Var84,Var85,Var86,Var87,Var88,Var89,Var90,Var91,Var92,Var93,Var94,Var95,Var96,Var97,Var98,Var99
Var0,0.0,0.0,16.975488771544775,0.0,0.0,16.90853308751919,16.237439853789702,0.0,0.0,0.0,0.0,0.0,0.0,0.0,0.0,16.386855741860973,0.0,0.0,0.0,17.07337639285986,0.0,0.0,0.0,0.0,0.0,0.0,0.0,0.0,0.0,0.0,16.627894899272732,0.0,16.288643070835295,0.0,0.0,0.0,0.0,0.0,0.0,0.0,0.0,0.0,0.0,0.0,0.0,0.0,0.0,0.0,15.54373001741375,0.0,12.533477138135355,0.0,16.71251546228966,0.0,17.44963862335839,16.80591473523043,0.0,0.0,0.0,0.0,0.0,0.0,0.0,0.0,0.0,0.0,15.56168472001126,0.0,0.0,0.0,0.0,0.0,0.0,0.0,16.27011293624687,0.0,0.0,0.0,14.691607019214436,0.0,17.640472663161184,0.0,0.0,0.0,17.65391566487205,0.0,0.0,0.0,0.0,17.14458243816527,0.0,0.0,0.0,0.0,0.0,0.0,0.0,0.0,17.04590796521046,17.72461456125633
Var1,0.0,0.0,10.369516629786537,8.600661614480472,6.359950407999487,12.878155783142978,13.109267834238507,9.575415410019987,14.435344242439163,0.0,0.0,0.0,0.0,0.0,0.0,12.123471883890826,0.0,13.109101363388193,14.405466593561986,0.0,0.0,0.0,0.0,0.0,0.0,0.0,0.0,0.0,0.0,0.0,0.0,0.0,0.0,0.0,0.0,0.0,0.0,0.0,0.0,0.0,0.0,0.0,0.0,0.0,0.0,0.0,0.0,0.0,0.0,0.0,0.0,6.814006756938859,10.393607597867009,10.267800796867721,12.309315455756469,0.0,11.71934151122194,12.039147615934452,0.0,0.0,0.0,0.0,0.0,0.0,0.0,0.0,0.0,0.0,0.0,14.1214863096449,13.99359250279144,0.0,0.0,0.0,0.0,0.0,0.0,0.0,0.0,0.0,14.554951938017014,0.0,0.0,0.0,0.0,0.0,0.0,0.0,14.730319511840692,0.0,0.0,0.0,0.0,0.0,0.0,0.0,0.0,0.0,0.0,0.0
Var2,0.0,10.369516629786537,0.0,14.970751329998267,10.355346586697365,5.682128368153247,13.77360893024486,9.534642153609289,8.176104815373332,0.0,0.0,0.0,0.0,0.0,0.0,0.0,0.0,15.152209727931377,0.0,14.482562916707968,0.0,0.0,0.0,0.0,0.0,0.0,0.0,0.0,0.0,0.0,0.0,0.0,0.0,0.0,0.0,12.12675455511173,0.0,0.0,0.0,0.0,0.0,0.0,0.0,0.0,0.0,0.0,0.0,0.0,10.867504297986859,0.0,0.0,9.193163904994014,14.021944120039342,15.309772214264322,6.278038763027228,9.199753587791546,13.87010368686588,7.4557529986159246,0.0,0.0,0.0,0.0,0.0,0.0,0.0,0.0,0.0,0.0,0.0,0.0,0.0,0.0,0.0,0.0,0.0,0.0,0.0,0.0,0.0,0.0,0.0,0.0,0.0,0.0,0.0,0.0,0.0,0.0,13.615412220894692,0.0,0.0,0.0,0.0,0.0,0.0,0.0,0.0,0.0,12.848683243769786,0.0
Var3,0.0,8.600661614480472,14.970751329998267,0.0,8.94322569610952,0.0,15.20292205860056,10.65597749610372,0.0,0.0,0.0,0.0,0.0,0.0,0.0,13.343747634140005,0.0,13.608995225691089,14.402804137107694,0.0,15.963959946420912,0.0,0.0,0.0,0.0,0.0,0.0,0.0,0.0,0.0,0.0,0.0,0.0,0.0,0.0,0.0,0.0,0.0,0.0,0.0,0.0,0.0,0.0,0.0,0.0,0.0,0.0,0.0,0.0,0.0,0.0,10.621921137266874,11.052344634565381,8.514910964380253,15.44627706132893,0.0,13.096340695973657,14.389363705609435,0.0,0.0,0.0,0.0,0.0,0.0,0.0,0.0,0.0,0.0,0.0,14.785111524860945,15.864733296521491,16.046124793159983,0.0,0.0,0.0,0.0,0.0,0.0,0.0,0.0,15.67414880375316,0.0,0.0,15.35844167443112,0.0,0.0,0.0,0.0,0.0,0.0,0.0,0.0,0.0,0.0,0.0,0.0,0.0,0.0,0.0,0.0
Var4,0.0,6.359950407999487,10.355346586697365,8.94322569610952,0.0,11.759829767631167,13.896404023171634,9.952757842377586,13.31229155835929,0.0,0.0,0.0,0.0,0.0,0.0,14.359385022326437,0.0,14.250689760055685,14.454548742779345,0.0,14.82979072635504,0.0,0.0,0.0,0.0,0.0,0.0,0.0,0.0,0.0,0.0,0.0,0.0,0.0,0.0,0.0,0.0,0.0,0.0,0.0,0.0,0.0,0.0,0.0,0.0,0.0,0.0,0.0,0.0,0.0,0.0,7.888497865524575,11.544209246414658,9.07780832035724,10.994658256704527,14.878714809720902,13.812145797691707,10.925089724408277,0.0,0.0,0.0,0.0,0.0,0.0,0.0,0.0,0.0,0.0,0.0,0.0,14.851523545296203,0.0,0.0,0.0,0.0,0.0,0.0,0.0,0.0,0.0,0.0,0.0,0.0,0.0,0.0,0.0,0.0,0.0,14.640744185783571,0.0,0.0,0.0,0.0,0.0,0.0,0.0,0.0,0.0,0.0,0.0
Var5,0.0,12.878155783142978,5.682128368153247,0.0,11.759829767631167,0.0,14.550233652918129,11.11146464418153,5.986783862682169,0.0,0.0,0.0,0.0,0.0,0.0,0.0,0.0,0.0,15.386069885504545,14.495145565463293,15.211695392547679,0.0,0.0,0.0,0.0,0.0,0.0,0.0,0.0,0.0,0.0,0.0,0.0,0.0,0.0,11.583540910007049,0.0,0.0,0.0,0.0,0.0,0.0,0.0,0.0,0.0,0.0,0.0,0.0,9.468506284067454,0.0,0.0,11.532027987317043,15.209473758658612,0.0,5.342354889439801,7.633884525448366,15.215883211236264,6.944202872593108,0.0,0.0,0.0,0.0,0.0,0.0,0.0,0.0,0.0,0.0,0.0,0.0,15.497857323655081,0.0,0.0,0.0,0.0,0.0,0.0,0.0,0.0,0.0,0.0,0.0,0.0,0.0,0.0,0.0,0.0,0.0,13.78904967872485,0.0,0.0,0.0,0.0,0.0,0.0,0.0,0.0,0.0,12.837304444884351,0.0
Var6,0.0,13.109267834238507,13.77360893024486,15.20292205860056,13.896404023171634,14.550233652918129,0.0,12.982822594941641,14.944850141576,0.0,0.0,0.0,0.0,0.0,0.0,14.951893343505947,0.0,0.0,0.0,14.600541267822463,0.0,0.0,0.0,0.0,0.0,0.0,0.0,0.0,0.0,0.0,0.0,0.0,0.0,0.0,0.0,15.391374865837077,0.0,0.0,0.0,13.081541005188063,0.0,0.0,0.0,0.0,0.0,0.0,0.0,0.0,14.709732729167069,0.0,0.0,14.022263959429768,11.682204930753496,0.0,14.321044252039373,0.0,0.0,13.695883896068626,0.0,0.0,0.0,0.0,0.0,0.0,0.0,0.0,12.566250786655653,0.0,0.0,0.0,0.0,0.0,0.0,13.179695754278148,13.288388996320375,0.0,0.0,0.0,0.0,0.0,0.0,0.0,0.0,0.0,0.0,0.0,0.0,0.0,0.0,0.0,0.0,0.0,15.37681067768094,0.0,0.0,0.0,0.0,0.0,0.0,0.0
Var7,0.0,9.575415410019987,9.534642153609289,10.65597749610372,9.952757842377586,11.11146464418153,12.982822594941641,0.0,11.133947279734429,0.0,0.0,0.0,0.0,0.0,0.0,12.302669780546331,0.0,9.992338736310074,13.87008036265802,13.511520292513685,0.0,0.0,0.0,0.0,0.0,0.0,0.0,0.0,0.0,0.0,0.0,0.0,0.0,0.0,0.0,12.588316779882225,0.0,0.0,0.0,0.0,0.0,0.0,0.0,0.0,0.0,0.0,0.0,0.0,0.0,0.0,0.0,9.529177314591067,11.853689122665072,13.764165078888201,10.264690314728734,0.0,9.412237132754779,8.158619973138586,0.0,0.0,0.0,0.0,0.0,0.0,0.0,0.0,0.0,0.0,0.0,12.346648758383257,0.0,0.0,0.0,0.0,0.0,0.0,0.0,0.0,0.0,0.0,0.0,0.0,0.0,0.0,0.0,0.0,0.0,0.0,12.49673514905767,0.0,0.0,0.0,0.0,0.0,0.0,0.0,0.0,0.0,0.0,0.0
Var8,0.0,14.435344242439163,8.176104815373332,0.0,13.31229155835929,5.986783862682169,14.944850141576,11.133947279734429,0.0,0.0,0.0,0.0,0.0,0.0,0.0,0.0,0.0,16.080803714856938,15.600099939487425,14.58379648393563,15.847077586613926,0.0,0.0,0.0,0.0,0.0,0.0,0.0,15.95971269358011,0.0,0.0,0.0,0.0,0.0,0.0,10.32881976365028,0.0,0.0,0.0,0.0,0.0,0.0,0.0,0.0,0.0,0.0,0.0,0.0,9.763500785154358,0.0,0.0,12.571005941193032,0.0,0.0,6.780410808415062,6.973461742734114,0.0,5.470853361127967,0.0,0.0,0.0,0.0,0.0,0.0,0.0,0.0,0.0,0.0,0.0,0.0,15.679568006277355,0.0,0.0,0.0,0.0,0.0,0.0,0.0,0.0,0.0,0.0,0.0,0.0,0.0,0.0,0.0,0.0,0.0,13.646197637398156,0.0,0.0,0.0,0.0,0.0,0.0,0.0,0.0,0.0,12.916673288435199,0.0
Var9,0.0,0.0,0.0,0.0,0.0,0.0,16.573692067868194,0.0,0.0,0.0,13.874209407615048,13.77181297218861,0.0,0.0,15.543488173768612,0.0,0.0,0.0,0.0,0.0,17.142929870895955,0.0,0.0,15.330052936361046,0.0,0.0,0.0,0.0,0.0,0.0,0.0,0.0,0.0,0.0,0.0,0.0,0.0,13.784523361966107,14.933291749572462,13.58677024782128,0.0,0.0,0.0,0.0,0.0,0.0,0.0,0.0,0.0,0.0,0.0,0.0,0.0,0.0,0.0,0.0,0.0,0.0,11.847118792429143,16.71932569616113,0.0,0.0,0.0,16.69646014548155,17.367732338090793,15.433733210195527,17.32371152868673,0.0,0.0,0.0,0.0,0.0,0.0,14.660134728738903,0.0,0.0,0.0,0.0,0.0,0.0,0.0,0.0,0.0,0.0,0.0,0.0,0.0,0.0,0.0,0.0,16.982299474087206,14.4188607466118,12.466450229755607,0.0,0.0,0.0,0.0,0.0,0.0,17.442530110122107
Var10,0.0,0.0,0.0,0.0,0.0,0.0,0.0,0.0,0.0,13.874209407615048,0.0,10.899193368824045,17.64640845752442,0.0,16.52658220462538,0.0,0.0,0.0,0.0,0.0,0.0,19.094673951563273,0.0,16.285552980521636,18.20822185961202,17.852353188725765,0.0,0.0,0.0,0.0,0.0,0.0,0.0,0.0,0.0,0.0,0.0,18.46418754025809,0.0,18.94019539986301,0.0,19.077754475372657,18.499700416891216,0.0,0.0,0.0,0.0,0.0,0.0,0.0,0.0,0.0,0.0,0.0,0.0,0.0,0.0,0.0,13.916076377317692,15.340007864406267,16.551996152188373,18.45472024966323,18.609936289533724,18.70079567955678,0.0,17.17431893043988,0.0,0.0,0.0,0.0,0.0,0.0,0.0,0.0,0.0,18.48159215534997,0.0,0.0,0.0,0.0,0.0,0.0,0.0,0.0,0.0,0.0,0.0,0.0,0.0,0.0,0.0,0.0,0.0,0.0,0.0,0.0,0.0,0.0,0.0,0.0
Var11,0.0,0.0,0.0,0.0,0.0,0.0,0.0,0.0,0.0,13.77181297218861,10.899193368824045,0.0,0.0,0.0,16.311379000319263,0.0,0.0,0.0,0.0,0.0,0.0,17.238911886714348,0.0,15.8564038896823,0.0,15.098281006753995,0.0,0.0,0.0,16.94593655906971,0.0,0.0,0.0,0.0,0.0,0.0,0.0,16.68306120306636,16.927989045469825,0.0,0.0,0.0,16.871711387790018,0.0,0.0,0.0,17.64400094830489,0.0,0.0,0.0,0.0,0.0,0.0,0.0,0.0,0.0,0.0,0.0,14.857682243253997,13.59158228872344,14.849192416911043,0.0,0.0,0.0,0.0,15.723886014282657,0.0,0.0,0.0,0.0,0.0,17.425956847795373,0.0,0.0,0.0,17.56671474967391,0.0,17.437441060986764,0.0,17.399725210555115,0.0,0.0,0.0,0.0,0.0,0.0,0.0,0.0,0.0,0.0,0.0,0.0,17.314501530909556,0.0,0.0,0.0,0.0,0.0,0.0,0.0
Var12,0.0,0.0,0.0,0.0,0.0,0.0,0.0,0.0,0.0,0.0,0.0,0.0,0.0,0.0,0.0,0.0,0.0,0.0,0.0,0.0,0.0,0.0,0.0,0.0,0.0,0.0,0.0,0.0,0.0,0.0,0.0,17.169420440532885,0.0,0.0,17.29791822363835,0.0,17.004469399068597,0.0,16.53506437090906,0.0,16.105628911512923,15.77334401395961,14.491526035823561,0.0,0.0,17.286834318800445,15.722760200208684,0.0,16.5804650895723,16.867243907662527,0.0,0.0,0.0,0.0,0.0,16.917516640550375,0.0,0.0,0.0,17.162892934150324,0.0,6.796049974124009,6.514307484465004,0.0,0.0,0.0,0.0,0.0,0.0,0.0,0.0,0.0,0.0,0.0,0.0,0.0,0.0,0.0,0.0,16.793951075337894,0.0,0.0,0.0,0.0,0.0,0.0,0.0,0.0,0.0,16.959844908532272,0.0,0.0,0.0,17.3226188016646,17.23031126627423,0.0,0.0,0.0,0.0,17.381417889474054
Var13,0.0,0.0,0.0,16.807329769806582,0.0,0.0,0.0,17.070107584336775,0.0,0.0,0.0,0.0,0.0,0.0,16.579003824731323,0.0,14.971828727375266,15.735289256267531,10.950455976040338,0.0,16.293564577499474,14.696814848126627,13.651001826766263,0.0,0.0,0.0,0.0,0.0,0.0,0.0,0.0,0.0,0.0,0.0,0.0,0.0,0.0,0.0,0.0,0.0,0.0,0.0,17.116943182972598,0.0,0.0,0.0,0.0,0.0,0.0,0.0,0.0,0.0,0.0,0.0,0.0,0.0,0.0,0.0,0.0,0.0,0.0,0.0,0.0,15.40855575963048,12.937228303535344,0.0,0.0,15.732457103475358,16.739523939442982,16.74758075688065,16.42016846314694,16.30197773229206,16.897026188527164,0.0,0.0,0.0,0.0,16.40443177180365,0.0,15.929771492959965,0.0,0.0,0.0,0.0,0.0,0.0,0.0,0.0,0.0,0.0,0.0,0.0,0.0,0.0,0.0,0.0,0.0,0.0,0.0,0.0
Var14,0.0,0.0,0.0,0.0,0.0,0.0,0.0,0.0,0.0,15.543488173768612,16.52658220462538,16.311379000319263,0.0,16.579003824731323,0.0,0.0,0.0,0.0,0.0,0.0,16.062956311412304,0.0,0.0,0.0,0.0,0.0,0.0,0.0,15.108335500487465,16.82505707036669,0.0,15.8668636369837,0.0,0.0,0.0,0.0,0.0,15.192804714435852,16.083833637324236,0.0,0.0,14.38913389134168,16.60567829553777,0.0,0.0,0.0,0.0,0.0,0.0,0.0,0.0,0.0,0.0,0.0,0.0,0.0,0.0,0.0,16.513097698684938,0.0,0.0,0.0,0.0,15.350733665656296,15.54347118221137,6.893354086431463,0.0,0.0,0.0,0.0,0.0,0.0,0.0,0.0,0.0,0.0,16.58809354055934,15.248643842100902,0.0,15.303617858941958,0.0,0.0,0.0,0.0,0.0,0.0,0.0,0.0,0.0,0.0,0.0,16.687494361524838,0.0,0.0,0.0,0.0,0.0,0.0,0.0,0.0
Var15,0.0,12.123471883890826,0.0,13.343747634140005,14.359385022326437,0.0,14.951893343505947,12.302669780546331,0.0,0.0,0.0,0.0,0.0,0.0,0.0,0.0,0.0,10.145775073468828,14.264705346143337,15.44385807822658,0.0,0.0,0.0,0.0,0.0,0.0,0.0,0.0,0.0,0.0,0.0,0.0,14.990568796808386,13.855128693265932,0.0,0.0,0.0,0.0,0.0,0.0,0.0,0.0,0.0,0.0,0.0,0.0,0.0,0.0,0.0,0.0,14.668916250638304,13.961900430027637,11.725012125800063,0.0,0.0,0.0,12.045001597633195,15.662319345381984,0.0,0.0,0.0,0.0,0.0,0.0,0.0,0.0,0.0,0.0,13.565480390336083,10.634548757860301,14.540860796938071,0.0,0.0,0.0,14.937138893166411,0.0,0.0,0.0,0.0,0.0,0.0,0.0,0.0,0.0,0.0,0.0,0.0,0.0,15.239829698126425,0.0,0.0,0.0,0.0,0.0,0.0,0.0,0.0,0.0,0.0,0.0
Var16,0.0,17.420376846514884,0.0,16.480216593937588,16.571450182957577,0.0,0.0,0.0,0.0,0.0,0.0,0.0,0.0,14.971828727375266,0.0,17.4085353471718,0.0,16.523870175602372,14.084716518844514,0.0,14.634036945706605,0.0,14.82828209260323,0.0,0.0,0.0,0.0,0.0,0.0,0.0,15.999433513542478,0.0,16.56743904596453,0.0,0.0,0.0,0.0,17.316248227858562,0.0,0.0,0.0,0.0,0.0,17.200027558581855,0.0,0.0,0.0,0.0,0.0,0.0,0.0,0.0,16.469048288672838,0.0,0.0,0.0,0.0,0.0,0.0,0.0,0.0,0.0,0.0,0.0,0.0,0.0,0.0,16.68507822331114,0.0,0.0,0.0,16.13573826243681,0.0,0.0,17.144936106884973,0.0,0.0,0.0,16.39953671728799,0.0,0.0,0.0,0.0,0.0,0.0,0.0,0.0,0.0,0.0,0.0,16.38730066981518,0.0,0.0,0.0,0.0,17.163044443305342,0.0,0.0,0.0,0.0
Var17,0.0,13.109101363388193,0.0,13.608995225691089,14.250689760055685,0.0,0.0,9.992338736310074,0.0,0.0,0.0,0.0,0.0,0.0,0.0,10.145775073468828,0.0,0.0,12.89135773939992,13.154694258174352,0.0,14.465037553125669,14.895135685788462,0.0,0.0,0.0,0.0,0.0,0.0,0.0,0.0,0.0,0.0,9.491976164805406,0.0,13.874047797086783,0.0,0.0,0.0,0.0,0.0,0.0,0.0,0.0,0.0,0.0,0.0,0.0,0.0,0.0,0.0,13.564120339786971,13.669558138607686,0.0,14.99778995462996,0.0,8.807208218263915,13.545727340139996,0.0,0.0,0.0,0.0,0.0,0.0,0.0,0.0,0.0,0.0,10.405836074633616,5.958679575938092,13.957038604948975,0.0,0.0,0.0,0.0,0.0,0.0,0.0,0.0,0.0,0.0,0.0,0.0,0.0,0.0,0.0,0.0,0.0,12.421767652773653,0.0,0.0,0.0,0.0,0.0,0.0,0.0,0.0,0.0,0.0,0.0
Var18,0.0,14.405466593561986,0.0,14.402804137107694,14.454548742779345,15.386069885504545,0.0,13.87008036265802,0.0,0.0,0.0,0.0,0.0,10.950455976040338,0.0,14.264705346143337,14.084716518844514,12.89135773939992,0.0,0.0,14.551257959134556,0.0,14.245001963370784,0.0,0.0,0.0,0.0,0.0,0.0,0.0,0.0,0.0,0.0,0.0,0.0,0.0,0.0,0.0,0.0,0.0,0.0,0.0,0.0,0.0,0.0,0.0,0.0,0.0,0.0,0.0,0.0,15.332467380811227,14.518919940428688,0.0,15.087921093107465,0.0,0.0,14.481789655669495,0.0,0.0,0.0,0.0,0.0,0.0,14.08702782691882,0.0,0.0,13.785907219603134,14.557729709990403,13.512383522168456,14.98135901405563,0.0,0.0,0.0,0.0,0.0,0.0,0.0,0.0,0.0,0.0,0.0,0.0,0.0,0.0,0.0,0.0,0.0,0.0,0.0,0.0,0.0,0.0,0.0,0.0,0.0,0.0,0.0,0.0,0.0
Var19,0.0,0.0,14.482562916707968,0.0,0.0,0.0,0.0,13.511520292513685,0.0,0.0,0.0,0.0,0.0,0.0,0.0,0.0,0.0,13.154694258174352,0.0,0.0,0.0,0.0,0.0,0.0,0.0,0.0,0.0,0.0,0.0,0.0,0.0,0.0,0.0,0.0,0.0,8.748935457778389,0.0,0.0,0.0,0.0,0.0,0.0,0.0,0.0,0.0,0.0,0.0,0.0,12.33541718922255,14.193838951398536,0.0,0.0,0.0,0.0,13.2054440073439,13.970468815849808,13.653345790084538,13.226146828555096,0.0,0.0,0.0,0.0,0.0,0.0,0.0,0.0,11.853020321694183,0.0,0.0,13.99795081001866,12.558999832033148,0.0,0.0,0.0,0.0,0.0,0.0,0.0,0.0,0.0,0.0,12.503535323490427,0.0,0.0,14.270488304967698,0.0,0.0,0.0,7.421762123240222,13.540120339333182,0.0,0.0,0.0,0.0,0.0,0.0,0.0,13.153705690789781,9.86471735424822,12.565156644036183
Var20,0.0,0.0,0.0,0.0,14.82979072635504,15.211695392547679,15.783058122785555,15.300412449221579,15.847077586613926,0.0,0.0,0.0,0.0,0.0,0.0,0.0,14.634036945706605,0.0,14.551257959134556,0.0,0.0,0.0,13.933918726119728,0.0,0.0,0.0,0.0,0.0,0.0,0.0,15.761285730499191,0.0,0.0,0.0,0.0,0.0,0.0,15.74157944606941,0.0,0.0,0.0,0.0,0.0,0.0,0.0,0.0,0.0,0.0,0.0,0.0,15.702237327868831,15.837233651435172,13.42949486078636,0.0,15.458650815097299,0.0,0.0,14.906731146676627,0.0,0.0,0.0,0.0,0.0,0.0,13.075177749265341,0.0,0.0,15.415194391611891,0.0,0.0,12.72762729541256,0.0,14.410341568888132,0.0,0.0,0.0,15.011950266542588,0.0,0.0,0.0,0.0,0.0,0.0,0.0,0.0,0.0,0.0,0.0,0.0,0.0,0.0,0.0,0.0,0.0,0.0,0.0,0.0,0.0,0.0,0.0
Var21,0.0,0.0,0.0,0.0,0.0,0.0,0.0,0.0,0.0,0.0,0.0,0.0,0.0,14.696814848126627,0.0,0.0,0.0,14.465037553125669,0.0,0.0,0.0,0.0,16.801703809103422,0.0,0.0,16.746428333612005,0.0,15.609596247227358,0.0,13.896785716046955,0.0,0.0,0.0,12.476774523190452,14.061052464925279,0.0,0.0,0.0,0.0,0.0,0.0,0.0,15.726054710425622,0.0,0.0,0.0,0.0,0.0,0.0,0.0,0.0,0.0,0.0,0.0,0.0,0.0,16.58019943780626,0.0,0.0,0.0,0.0,0.0,0.0,0.0,15.209060499541598,16.732764330930443,0.0,0.0,14.79981149578054,14.95697204041218,16.967639396578804,14.117928838846028,0.0,0.0,0.0,0.0,16.083579318039277,15.796213070366617,0.0,0.0,0.0,0.0,0.0,16.746555924713398,0.0,0.0,0.0,16.03121101670655,0.0,0.0,0.0,0.0,0.0,0.0,0.0,0.0,0.0,0.0,0.0,0.0
Var22,0.0,0.0,0.0,0.0,0.0,0.0,0.0,15.769272879765305,0.0,0.0,0.0,0.0,0.0,13.651001826766263,0.0,0.0,14.82828209260323,14.895135685788462,14.245001963370784,0.0,13.933918726119728,0.0,0.0,0.0,0.0,0.0,16.321480610644414,0.0,0.0,0.0,0.0,0.0,0.0,0.0,0.0,0.0,0.0,0.0,0.0,0.0,0.0,0.0,0.0,0.0,0.0,0.0,0.0,14.627749306287855,0.0,0.0,0.0,0.0,0.0,0.0,0.0,0.0,16.53362708303049,0.0,0.0,0.0,0.0,0.0,0.0,15.96505956754287,14.354796545648968,0.0,0.0,16.007434451165217,0.0,15.608161987826248,14.91616925039137,15.600272316181677,9.610488348005752,0.0,0.0,0.0,15.557545777194075,14.70983763808258,0.0,0.0,0.0,0.0,0.0,0.0,16.201892103043082,0.0,0.0,0.0,0.0,0.0,0.0,0.0,0.0,0.0,0.0,0.0,0.0,14.778578146005387,0.0,0.0
Var23,0.0,0.0,0.0,0.0,17.624554675975272,0.0,15.554614228408836,0.0,0.0,15.330052936361046,16.285552980521636,15.8564038896823,0.0,0.0,0.0,0.0,0.0,0.0,0.0,0.0,0.0,0.0,0.0,0.0,0.0,0.0,0.0,0.0,0.0,0.0,0.0,0.0,0.0,0.0,0.0,0.0,0.0,0.0,0.0,13.832507415760544,0.0,0.0,17.079079491486173,0.0,17.735517055015194,0.0,0.0,0.0,0.0,0.0,0.0,0.0,17.75583860013744,0.0,0.0,0.0,0.0,0.0,17.46228092591799,17.081132032676205,0.0,0.0,0.0,0.0,0.0,0.0,15.521603043005529,0.0,0.0,0.0,0.0,0.0,0.0,14.008329298983908,12.913456967056293,0.0,0.0,0.0,0.0,0.0,12.386098031022426,15.671786190405964,0.0,17.067617497941608,0.0,17.58714087008825,0.0,0.0,0.0,14.867972637811222,0.0,0.0,14.670011274516659,0.0,0.0,0.0,0.0,0.0,0.0,0.0
Var24,19.192281092218032,0.0,0.0,0.0,0.0,0.0,0.0,0.0,0.0,19.529932130022633,18.20822185961202,0.0,19.89911864937917,0.0,0.0,19.57673866138178,0.0,0.0,0.0,0.0,0.0,0.0,0.0,0.0,0.0,19.942885975130203,0.0,0.0,0.0,0.0,0.0,19.692852091728952,0.0,0.0,0.0,0.0,0.0,20.16561043634912,0.0,19.782040886706376,0.0,0.0,0.0,0.0,0.0,0.0,0.0,0.0,0.0,0.0,19.519458163806213,0.0,0.0,0.0,0.0,0.0,19.093054945592993,0.0,19.798124675858055,20.009844283280113,0.0,20.114128126796675,0.0,0.0,0.0,0.0,0.0,0.0,0.0,20.070094476683252,20.26997668254935,0.0,0.0,0.0,0.0,16.920857599808215,0.0,0.0,20.177430415785704,20.059007375319638,0.0,0.0,0.0,0.0,0.0,0.0,0.0,0.0,0.0,0.0,0.0,0.0,0.0,0.0,0.0,0.0,0.0,0.0,19.46688870090033,0.0
Var25,0.0,0.0,0.0,0.0,0.0,0.0,0.0,0.0,0.0,0.0,17.852353188725765,15.098281006753995,0.0,0.0,0.0,0.0,0.0,0.0,0.0,0.0,0.0,16.746428333612005,17.389467494758573,0.0,0.0,0.0,0.0,17.886484992750496,0.0,17.453129299005454,0.0,0.0,0.0,0.0,17.7781292849138,0.0,0.0,0.0,0.0,0.0,0.0,0.0,17.810720569745094,0.0,0.0,0.0,0.0,16.988987913414764,0.0,0.0,0.0,0.0,0.0,0.0,0.0,0.0,0.0,0.0,0.0,15.192213277451364,17.183496238231847,0.0,0.0,0.0,0.0,0.0,0.0,0.0,0.0,0.0,0.0,16.989761349441885,17.678247846467592,0.0,17.65090231242554,14.667184167971886,0.0,16.347788066368143,0.0,0.0,0.0,0.0,0.0,17.688419795554097,0.0,0.0,0.0,17.294146009960063,0.0,0.0,0.0,0.0,0.0,0.0,17.733004180537073,0.0,0.0,17.266074949443592,0.0,0.0
Var26,0.0,0.0,0.0,0.0,0.0,0.0,0.0,0.0,0.0,0.0,0.0,0.0,0.0,0.0,0.0,0.0,0.0,0.0,0.0,0.0,0.0,0.0,0.0,0.0,0.0,0.0,0.0,0.0,0.0,0.0,0.0,0.0,0.0,0.0,0.0,0.0,13.81724563793146,0.0,0.0,0.0,13.309600501555101,0.0,0.0,12.008044934797846,12.640554793120918,11.408935111584508,12.733887439221808,12.365705880812255,0.0,13.255798147030935,0.0,0.0,0.0,0.0,0.0,0.0,0.0,0.0,0.0,0.0,0.0,0.0,0.0,0.0,0.0,0.0,0.0,0.0,0.0,0.0,0.0,14.837589696683033,0.0,0.0,0.0,0.0,0.0,0.0,0.0,0.0,0.0,0.0,14.742969184352846,0.0,9.171921529262555,13.3917403924506,13.305697656280676,13.921851739150176,0.0,13.630783226421542,0.0,0.0,0.0,0.0,14.768876216210415,12.311446927182196,10.027397744870894,10.686982983334952,0.0,13.505396789217023
Var27,0.0,0.0,0.0,0.0,0.0,0.0,0.0,0.0,0.0,0.0,0.0,0.0,0.0,0.0,0.0,0.0,0.0,0.0,0.0,0.0,0.0,15.609596247227358,17.054122052806857,0.0,0.0,0.0,15.154803022786595,0.0,0.0,13.228308422244163,0.0,0.0,0.0,0.0,14.245883328297447,0.0,0.0,0.0,0.0,0.0,0.0,0.0,16.20774742206027,16.99619880299269,16.159874112561088,13.0900372380143,15.56784382681057,15.903745686257272,0.0,0.0,0.0,0.0,0.0,0.0,0.0,0.0,0.0,0.0,0.0,0.0,0.0,0.0,0.0,0.0,0.0,0.0,0.0,0.0,0.0,0.0,0.0,16.335704489306803,0.0,0.0,0.0,0.0,0.0,12.550456059182501,0.0,0.0,0.0,0.0,16.898713478970755,15.95517576175051,15.80576326738901,14.863462829055916,0.0,14.168878475486888,0.0,0.0,0.0,0.0,0.0,0.0,0.0,0.0,15.78755993592863,15.762855926816423,0.0,0.0
Var28,0.0,0.0,0.0,0.0,0.0,16.091368465964926,0.0,0.0,15.95971269358011,0.0,0.0,0.0,0.0,0.0,15.108335500487465,0.0,0.0,0.0,0.0,14.572405096409256,16.22935669057329,0.0,0.0,0.0,0.0,0.0,15.9836838654104,0.0,0.0,0.0,0.0,0.0,0.0,0.0,16.340489925676387,14.937570918313991,14.301478539800062,0.0,0.0,0.0,0.0,0.0,0.0,0.0,0.0,0.0,0.0,14.59354051420141,14.143488582596875,15.69557962953873,0.0,0.0,0.0,0.0,0.0,14.046074380253414,0.0,0.0,0.0,0.0,0.0,0.0,0.0,0.0,0.0,15.6756975377063,0.0,0.0,0.0,0.0,15.89532466900721,0.0,0.0,0.0,0.0,0.0,12.495101983999408,0.0,0.0,0.0,0.0,0.0,0.0,15.410601016817882,0.0,0.0,14.679847046077592,0.0,0.0,0.0,0.0,0.0,0.0,0.0,0.0,0.0,0.0,0.0,14.323380094610847,15.870557248649675
Var29,0.0,0.0,0.0,0.0,0.0,0.0,0.0,0.0,0.0,0.0,0.0,16.94593655906971,0.0,17.36592137689892,16.82505707036669,0.0,0.0,0.0,0.0,0.0,0.0,13.896785716046955,0.0,0.0,0.0,0.0,0.0,13.228308422244163,0.0,0.0,0.0,15.347131971457106,0.0,0.0,12.931278393215521,0.0,0.0,0.0,15.184294342234262,0.0,0.0,15.462935996145266,15.216939892093539,0.0,0.0,15.617481624085416,14.551984062007008,0.0,0.0,0.0,0.0,0.0,0.0,0.0,0.0,0.0,0.0,0.0,0.0,0.0,0.0,0.0,0.0,17.181940962670733,16.995312059003087,15.288232317256684,0.0,0.0,0.0,0.0,0.0,16.37064971294898,0.0,0.0,0.0,0.0,0.0,12.205789685736603,0.0,15.657252793288109,0.0,0.0,0.0,17.16723024888321,0.0,0.0,0.0,0.0,0.0,0.0,0.0,0.0,0.0,0.0,17.007377705024233,0.0,0.0,0.0,0.0,0.0
Var30,16.627894899272732,16.593983702018033,0.0,0.0,16.442672058337873,0.0,0.0,0.0,0.0,0.0,0.0,0.0,0.0,0.0,0.0,0.0,15.999433513542478,0.0,0.0,0.0,15.761285730499191,0.0,0.0,0.0,0.0,0.0,16.655632666175126,0.0,0.0,0.0,0.0,0.0,16.12674737237139,0.0,0.0,0.0,0.0,15.419555519095372,0.0,0.0,0.0,0.0,0.0,15.507877151289664,15.773690482625819,0.0,0.0,0.0,0.0,0.0,14.330307408778463,16.633508085294917,14.894984051521535,0.0,0.0,0.0,0.0,0.0,0.0,0.0,0.0,0.0,0.0,0.0,0.0,0.0,0.0,16.05073025467495,0.0,0.0,0.0,16.88809426039579,0.0,0.0,0.0,0.0,0.0,0.0,8.484985448235076,0.0,0.0,0.0,15.362208899832414,0.0,0.0,0.0,0.0,0.0,0.0,0.0,13.096248592841542,0.0,0.0,13.998655605723638,0.0,15.13673028069685,0.0,0.0,0.0,0.0
Var31,0.0,0.0,0.0,0.0,0.0,0.0,0.0,0.0,0.0,0.0,0.0,0.0,0.0,17.164205542347045,15.8668636369837,0.0,0.0,0.0,0.0,0.0,0.0,0.0,0.0,0.0,0.0,0.0,0.0,0.0,0.0,15.347131971457106,0.0,0.0,0.0,0.0,16.55508665773363,0.0,0.0,12.889437183649804,13.926754747002478,0.0,0.0,14.406188009470348,16.524935167823454,0.0,0.0,16.334951582541883,16.158049039535296,0.0,0.0,0.0,0.0,0.0,0.0,0.0,0.0,0.0,0.0,0.0,0.0,0.0,0.0,0.0,0.0,15.704805573874719,16.175703186138048,14.840359421314224,0.0,16.857071317333897,0.0,0.0,0.0,0.0,0.0,0.0,0.0,0.0,0.0,17.101284209333638,0.0,8.885832542518935,0.0,0.0,0.0,0.0,0.0,0.0,0.0,0.0,0.0,0.0,15.661860071104858,15.45929886757116,0.0,17.11473826721906,16.0213156249636,0.0,0.0,0.0,0.0,0.0
Var32,16.288643070835295,0.0,0.0,0.0,0.0,0.0,0.0,0.0,0.0,0.0,0.0,0.0,0.0,0.0,0.0,14.990568796808386,16.56743904596453,0.0,0.0,0.0,16.22698777674224,0.0,0.0,0.0,0.0,0.0,16.73896636124379,0.0,0.0,0.0,16.12674737237139,0.0,0.0,0.0,0.0,0.0,0.0,16.49544405976079,16.893888298387676,0.0,16.48480453645537,0.0,0.0,0.0,0.0,0.0,0.0,0.0,0.0,0.0,12.654954028476043,0.0,16.82221188498631,0.0,0.0,0.0,0.0,0.0,0.0,0.0,0.0,0.0,0.0,0.0,0.0,0.0,0.0,0.0,16.481409540461684,0.0,0.0,0.0,0.0,0.0,0.0,0.0,0.0,0.0,15.16563558370555,16.692292404414232,16.83034695742984,16.51021443565106,0.0,0.0,15.904652326224289,0.0,0.0,0.0,0.0,16.570057997485865,15.724795250906963,0.0,0.0,16.624039550240692,0.0,0.0,0.0,0.0,0.0,0.0
Var33,0.0,16.749572606841316,0.0,17.068076753569127,0.0,0.0,0.0,16.305871186191386,0.0,0.0,0.0,0.0,0.0,17.176256608797207,0.0,13.855128693265932,0.0,9.491976164805406,15.621763705074144,15.468524169457481,0.0,12.476774523190452,0.0,0.0,0.0,0.0,0.0,0.0,0.0,0.0,0.0,0.0,0.0,0.0,0.0,15.881555444066597,0.0,0.0,0.0,0.0,0.0,0.0,0.0,0.0,0.0,0.0,0.0,0.0,0.0,0.0,0.0,0.0,17.23060947298963,0.0,0.0,0.0,13.587132179795448,0.0,0.0,0.0,0.0,0.0,0.0,0.0,0.0,0.0,0.0,0.0,9.51853742480009,9.101695758914163,17.08962448350783,16.341640647350907,0.0,0.0,0.0,0.0,0.0,0.0,0.0,0.0,14.761635324880048,13.359597172761996,0.0,0.0,0.0,0.0,0.0,16.04452364706805,14.686723251630681,0.0,0.0,0.0,0.0,0.0,0.0,0.0,0.0,0.0,0.0,0.0
Var34,0.0,0.0,0.0,0.0,0.0,0.0,0.0,0.0,0.0,0.0,0.0,0.0,0.0,0.0,0.0,0.0,0.0,0.0,0.0,0.0,0.0,14.061052464925279,0.0,0.0,0.0,0.0,15.206358940035848,14.245883328297447,0.0,12.931278393215521,0.0,0.0,0.0,0.0,0.0,0.0,0.0,0.0,15.379822762652141,0.0,15.51967551599017,15.319527467684033,11.011425218962907,0.0,14.356401384805478,14.135360466624515,10.006354385759854,16.019262544431083,0.0,0.0,0.0,0.0,0.0,0.0,0.0,0.0,0.0,0.0,0.0,0.0,0.0,0.0,0.0,0.0,0.0,0.0,0.0,0.0,0.0,0.0,0.0,14.311867410765188,0.0,0.0,0.0,0.0,16.268754094468132,15.527268558948757,0.0,0.0,0.0,0.0,0.0,12.986609389249143,0.0,12.670609473069089,0.0,16.0326017611355,0.0,0.0,0.0,0.0,0.0,0.0,16.071788752240828,0.0,14.943689381471973,0.0,0.0,0.0
Var35,0.0,0.0,12.12675455511173,0.0,0.0,11.583540910007049,0.0,12.588316779882225,10.32881976365028,0.0,0.0,0.0,0.0,0.0,0.0,0.0,0.0,13.874047797086783,0.0,8.748935457778389,0.0,0.0,0.0,0.0,0.0,0.0,0.0,0.0,0.0,0.0,0.0,0.0,0.0,0.0,0.0,0.0,0.0,0.0,0.0,0.0,0.0,0.0,0.0,0.0,0.0,0.0,0.0,0.0,10.478641788771629,13.208386452748714,0.0,14.01569773843317,0.0,0.0,10.685581130836043,10.534812525607855,14.682487632928167,9.519997515200783,0.0,0.0,0.0,0.0,0.0,0.0,0.0,0.0,14.480921129692998,0.0,0.0,0.0,0.0,0.0,0.0,0.0,0.0,0.0,0.0,0.0,0.0,0.0,0.0,11.835736936773477,0.0,0.0,0.0,0.0,14.804119586276611,0.0,7.133576236909775,13.671459972596905,0.0,0.0,0.0,0.0,0.0,0.0,0.0,0.0,9.794419904331562,12.895087168615738
Var36,0.0,0.0,0.0,0.0,0.0,0.0,0.0,0.0,0.0,0.0,0.0,0.0,0.0,0.0,0.0,0.0,0.0,0.0,0.0,0.0,0.0,0.0,0.0,0.0,0.0,0.0,13.81724563793146,0.0,14.301478539800062,0.0,0.0,0.0,0.0,0.0,0.0,15.100670475961897,0.0,0.0,0.0,0.0,11.517224513981596,0.0,0.0,14.882131955087665,15.829781988786644,15.519463479649415,15.49368901627767,14.854112169516844,15.685288901119009,10.350610801804219,0.0,0.0,0.0,0.0,0.0,0.0,0.0,0.0,0.0,0.0,0.0,0.0,0.0,0.0,0.0,0.0,0.0,0.0,0.0,0.0,0.0,0.0,0.0,0.0,0.0,0.0,0.0,0.0,0.0,0.0,0.0,16.089929687562023,0.0,0.0,0.0,16.093046022575656,8.0415884091245,0.0,15.45134707877725,15.323594099534251,0.0,0.0,0.0,0.0,0.0,15.510260611989692,15.016204663745388,15.006581491162395,0.0,12.333058848809417
Var37,0.0,0.0,0.0,0.0,0.0,0.0,0.0,0.0,0.0,13.784523361966107,0.0,0.0,0.0,0.0,15.192804714435852,0.0,0.0,0.0,0.0,0.0,15.74157944606941,0.0,0.0,0.0,0.0,0.0,15.737424458706796,0.0,0.0,0.0,15.419555519095372,12.889437183649804,0.0,0.0,0.0,0.0,0.0,0.0,10.83520068792939,0.0,15.70482353577219,14.408285271194766,0.0,15.399132567021214,0.0,15.48292113682547,0.0,0.0,0.0,0.0,15.83228592551661,0.0,0.0,0.0,0.0,0.0,0.0,0.0,0.0,0.0,0.0,0.0,0.0,15.6280492615615,0.0,15.223738413089174,0.0,0.0,0.0,0.0,0.0,0.0,0.0,0.0,0.0,0.0,0.0,0.0,0.0,13.384783173418365,0.0,0.0,0.0,0.0,0.0,0.0,0.0,0.0,0.0,0.0,14.33415729123227,13.093366827851247,14.24015057726294,14.952508118777438,0.0,0.0,15.539790001696609,0.0,0.0,0.0
Var38,0.0,0.0,0.0,0.0,0.0,0.0,0.0,0.0,0.0,14.933291749572462,0.0,0.0,0.0,0.0,0.0,0.0,0.0,0.0,0.0,0.0,0.0,0.0,0.0,0.0,0.0,0.0,0.0,0.0,0.0,15.184294342234262,0.0,13.926754747002478,0.0,0.0,15.379822762652141,0.0,0.0,10.83520068792939,0.0,0.0,14.01091536144806,13.685562736787434,13.287695477185153,15.559654945943532,15.462561961077762,14.15329493596942,13.237175828222288,0.0,0.0,0.0,0.0,0.0,0.0,0.0,0.0,0.0,0.0,0.0,0.0,0.0,0.0,0.0,0.0,15.100755838896163,0.0,14.933011006088972,0.0,0.0,0.0,0.0,0.0,0.0,0.0,0.0,0.0,0.0,0.0,0.0,0.0,12.715902404593246,0.0,0.0,0.0,0.0,0.0,0.0,0.0,0.0,0.0,0.0,13.767133254068758,12.586339292451052,12.76756735274491,0.0,14.48523608228867,0.0,15.193780735352814,0.0,0.0,0.0
Var39,0.0,0.0,0.0,0.0,0.0,0.0,13.081541005188063,0.0,0.0,13.58677024782128,0.0,0.0,0.0,0.0,0.0,0.0,0.0,0.0,0.0,0.0,0.0,0.0,0.0,13.832507415760544,0.0,0.0,0.0,0.0,16.870225649695456,0.0,0.0,0.0,0.0,0.0,0.0,0.0,0.0,16.29552568248218,15.811821752185041,0.0,16.890623582576485,0.0,0.0,0.0,0.0,0.0,0.0,0.0,0.0,0.0,0.0,0.0,17.084192633595425,0.0,0.0,0.0,0.0,0.0,16.03207764248651,0.0,0.0,0.0,0.0,0.0,0.0,0.0,11.942027556001147,0.0,0.0,0.0,0.0,0.0,0.0,10.876637584440559,15.952635676697469,0.0,0.0,0.0,0.0,0.0,16.615635552637954,0.0,0.0,17.005559284689973,0.0,16.98617274407652,0.0,0.0,0.0,16.14757648346599,16.59988364238703,14.915276724919206,13.692218701453173,0.0,0.0,0.0,0.0,0.0,0.0,15.689369674596493
Var40,0.0,0.0,0.0,0.0,0.0,0.0,0.0,0.0,0.0,0.0,0.0,0.0,0.0,0.0,0.0,0.0,0.0,0.0,0.0,0.0,0.0,0.0,0.0,0.0,0.0,0.0,13.309600501555101,0.0,0.0,0.0,0.0,0.0,0.0,0.0,0.0,0.0,11.517224513981596,0.0,14.01091536144806,0.0,0.0,0.0,14.722492028269658,14.75286113847553,13.335987907001462,13.940122619942173,12.590830452922361,0.0,0.0,10.452203309373306,0.0,0.0,0.0,0.0,0.0,0.0,0.0,0.0,0.0,0.0,0.0,0.0,0.0,0.0,0.0,0.0,15.192721714115478,0.0,0.0,0.0,0.0,0.0,0.0,0.0,0.0,0.0,0.0,0.0,0.0,0.0,0.0,13.996561365592457,0.0,0.0,0.0,14.299506017225545,12.412947675299533,0.0,0.0,11.019005832451196,14.363035127609479,0.0,0.0,14.601339502803707,14.697949364885869,15.142311624201731,13.08503752727741,0.0,0.0,11.939405731964591
Var41,0.0,0.0,0.0,0.0,0.0,0.0,0.0,0.0,0.0,0.0,0.0,0.0,15.77334401395961,0.0,14.38913389134168,0.0,0.0,0.0,0.0,0.0,0.0,0.0,0.0,0.0,0.0,0.0,0.0,0.0,0.0,15.462935996145266,0.0,14.406188009470348,0.0,0.0,15.319527467684033,0.0,0.0,14.408285271194766,13.685562736787434,0.0,0.0,0.0,12.08020705087335,15.00893557287685,15.393637802321582,15.351434318442283,14.989911296351108,0.0,0.0,0.0,0.0,0.0,0.0,0.0,0.0,0.0,0.0,0.0,0.0,0.0,0.0,16.41781622059934,0.0,0.0,0.0,14.18064238375859,0.0,0.0,0.0,0.0,0.0,16.164079049132877,0.0,0.0,0.0,0.0,0.0,0.0,0.0,14.312359935214493,0.0,0.0,0.0,15.88375325782178,0.0,0.0,0.0,0.0,0.0,0.0,16.479220293013785,0.0,0.0,15.980641359399321,12.256603117788533,0.0,0.0,0.0,0.0,0.0
Var42,0.0,0.0,0.0,0.0,0.0,0.0,0.0,0.0,0.0,0.0,0.0,0.0,14.491526035823561,0.0,0.0,0.0,0.0,0.0,0.0,0.0,0.0,15.726054710425622,0.0,0.0,0.0,0.0,0.0,16.20774742206027,0.0,15.216939892093539,0.0,0.0,0.0,0.0,11.011425218962907,0.0,0.0,0.0,13.287695477185153,0.0,14.722492028269658,12.08020705087335,0.0,0.0,13.85682808970417,14.411795970183178,11.466435715522326,0.0,0.0,0.0,0.0,0.0,0.0,0.0,0.0,0.0,0.0,0.0,0.0,0.0,0.0,15.23798488914722,15.889912397596751,0.0,0.0,0.0,0.0,0.0,0.0,0.0,0.0,14.445561404892713,0.0,0.0,0.0,0.0,0.0,0.0,0.0,15.909319481682525,15.460671471794143,0.0,14.907258128339546,13.051200089700457,0.0,15.040005130305001,0.0,0.0,0.0,0.0,0.0,0.0,0.0,0.0,12.903274569876826,0.0,0.0,0.0,0.0,0.0
Var43,0.0,0.0,0.0,0.0,0.0,0.0,0.0,0.0,0.0,0.0,0.0,0.0,0.0,0.0,0.0,0.0,0.0,0.0,0.0,0.0,0.0,0.0,0.0,0.0,0.0,0.0,12.008044934797846,0.0,0.0,0.0,15.507877151289664,0.0,0.0,0.0,0.0,0.0,14.882131955087665,15.399132567021214,15.559654945943532,0.0,14.75286113847553,15.00893557287685,0.0,0.0,12.832133746727454,14.634139258967773,0.0,0.0,0.0,15.399889072616293,0.0,0.0,0.0,0.0,0.0,0.0,0.0,0.0,0.0,0.0,0.0,0.0,0.0,0.0,0.0,0.0,0.0,0.0,0.0,0.0,0.0,15.922999508279505,0.0,0.0,0.0,0.0,0.0,0.0,0.0,0.0,0.0,0.0,14.815454847290862,0.0,14.598703004678898,0.0,14.297220925582087,0.0,0.0,0.0,14.369955478227798,0.0,0.0,15.74893211038991,14.220392085723192,10.74522214094997,14.462474219545872,0.0,0.0,15.062435838573823
Var44,0.0,0.0,0.0,0.0,0.0,0.0,0.0,0.0,0.0,0.0,0.0,0.0,0.0,0.0,0.0,0.0,0.0,0.0,0.0,0.0,0.0,0.0,0.0,0.0,0.0,0.0,12.640554793120918,0.0,0.0,0.0,0.0,0.0,0.0,0.0,14.356401384805478,0.0,0.0,0.0,15.462561961077762,0.0,13.335987907001462,15.393637802321582,13.85682808970417,12.832133746727454,0.0,14.144769260739467,13.6229845534937,0.0,0.0,0.0,0.0,0.0,0.0,0.0,0.0,0.0,0.0,0.0,0.0,0.0,0.0,0.0,0.0,0.0,0.0,0.0,0.0,0.0,0.0,0.0,0.0,0.0,0.0,0.0,0.0,0.0,0.0,0.0,0.0,0.0,15.510857407605313,0.0,13.533858753090037,15.220732659430732,13.905022569704183,14.820229485764361,15.327216166346574,0.0,0.0,13.848933660137217,14.962508085260312,0.0,0.0,0.0,13.447660254658937,13.716590007073583,14.377010620031614,0.0,0.0,0.0
Var45,0.0,0.0,0.0,0.0,0.0,0.0,0.0,0.0,0.0,0.0,0.0,0.0,0.0,0.0,0.0,0.0,0.0,0.0,0.0,0.0,0.0,0.0,0.0,0.0,0.0,0.0,11.408935111584508,13.0900372380143,0.0,15.617481624085416,0.0,0.0,0.0,0.0,14.135360466624515,0.0,15.519463479649415,15.48292113682547,14.15329493596942,0.0,13.940122619942173,15.351434318442283,14.411795970183178,14.634139258967773,14.144769260739467,0.0,10.50696135531999,15.913790117153418,0.0,0.0,0.0,0.0,0.0,0.0,0.0,0.0,0.0,0.0,0.0,0.0,0.0,0.0,0.0,0.0,0.0,0.0,0.0,0.0,0.0,0.0,0.0,0.0,0.0,0.0,0.0,0.0,0.0,0.0,0.0,0.0,0.0,0.0,0.0,0.0,15.660205484219144,12.854168872572833,0.0,0.0,0.0,0.0,0.0,0.0,0.0,0.0,14.400367067841247,14.036206821512517,7.852864972070738,14.884874277594875,0.0,0.0
Var46,0.0,0.0,0.0,0.0,0.0,0.0,0.0,0.0,0.0,0.0,0.0,0.0,15.722760200208684,0.0,0.0,0.0,0.0,0.0,0.0,0.0,0.0,0.0,0.0,0.0,0.0,0.0,12.733887439221808,15.56784382681057,0.0,14.551984062007008,0.0,0.0,0.0,0.0,10.006354385759854,0.0,15.49368901627767,0.0,13.237175828222288,0.0,12.590830452922361,14.989911296351108,11.466435715522326,0.0,13.6229845534937,10.50696135531999,0.0,15.295762892716747,0.0,0.0,0.0,0.0,0.0,0.0,0.0,0.0,0.0,0.0,0.0,0.0,0.0,15.659567345968997,0.0,0.0,0.0,0.0,0.0,0.0,0.0,0.0,0.0,0.0,0.0,0.0,0.0,0.0,0.0,0.0,0.0,0.0,0.0,0.0,15.744119569659421,15.105985238097253,0.0,11.326139054503056,0.0,0.0,0.0,15.225258802505914,0.0,0.0,0.0,0.0,13.775168161751704,0.0,11.501421246759955,0.0,0.0,0.0
Var47,0.0,0.0,0.0,0.0,0.0,0.0,0.0,0.0,0.0,0.0,0.0,0.0,0.0,0.0,0.0,0.0,0.0,0.0,0.0,14.832018814538905,0.0,0.0,14.627749306287855,0.0,0.0,0.0,12.365705880812255,15.903745686257272,14.59354051420141,0.0,0.0,0.0,0.0,0.0,0.0,0.0,14.854112169516844,0.0,0.0,0.0,0.0,0.0,0.0,0.0,0.0,15.913790117153418,15.295762892716747,0.0,0.0,0.0,0.0,0.0,0.0,0.0,0.0,0.0,0.0,0.0,0.0,0.0,0.0,0.0,0.0,0.0,0.0,0.0,0.0,0.0,0.0,0.0,0.0,0.0,14.888187565840934,0.0,0.0,0.0,13.570260449162317,15.950585637699907,0.0,0.0,0.0,0.0,0.0,0.0,12.589579765746697,13.951318101748218,13.78245540540777,13.328164239916386,15.110408485334613,0.0,0.0,0.0,0.0,0.0,0.0,0.0,14.358906575738702,8.5896468048956,15.70441190550816,15.84335651615179
Var48,15.54373001741375,0.0,10.867504297986859,0.0,15.02624978154545,9.468506284067454,14.709732729167069,14.638541993441976,9.763500785154358,0.0,0.0,0.0,0.0,0.0,0.0,0.0,0.0,0.0,0.0,12.33541718922255,0.0,0.0,0.0,0.0,0.0,0.0,0.0,0.0,14.143488582596875,0.0,0.0,0.0,0.0,0.0,0.0,10.478641788771629,0.0,0.0,0.0,0.0,0.0,0.0,0.0,0.0,0.0,0.0,0.0,0.0,0.0,13.198281296866067,0.0,14.957937570118933,0.0,0.0,9.455774349912488,8.22822844270523,0.0,10.726300091195485,0.0,0.0,0.0,0.0,0.0,0.0,0.0,0.0,14.658973375522738,0.0,0.0,0.0,0.0,0.0,0.0,0.0,0.0,0.0,0.0,0.0,0.0,0.0,0.0,0.0,0.0,0.0,0.0,0.0,0.0,0.0,12.917001720440865,15.356057856016147,0.0,0.0,0.0,0.0,0.0,0.0,0.0,0.0,9.375450456953862,12.940025716418496
Var49,0.0,0.0,0.0,0.0,0.0,0.0,0.0,0.0,0.0,0.0,0.0,0.0,0.0,0.0,0.0,0.0,0.0,0.0,0.0,14.193838951398536,0.0,0.0,0.0,0.0,0.0,0.0,13.255798147030935,0.0,15.69557962953873,0.0,0.0,0.0,0.0,0.0,0.0,13.208386452748714,10.350610801804219,0.0,0.0,0.0,10.452203309373306,0.0,0.0,15.399889072616293,0.0,0.0,0.0,0.0,13.198281296866067,0.0,0.0,0.0,0.0,0.0,0.0,0.0,0.0,0.0,0.0,0.0,0.0,15.691425128536341,15.381493533601267,0.0,0.0,0.0,14.448922064471851,0.0,0.0,0.0,0.0,0.0,0.0,0.0,0.0,0.0,0.0,0.0,0.0,0.0,0.0,14.769417479143021,0.0,0.0,0.0,0.0,11.286055951466155,0.0,13.886739212505226,13.15261832517294,0.0,0.0,0.0,0.0,0.0,14.900381751094848,14.04027469343397,14.986737477191143,14.894905027716932,5.8862878784456285
Var50,12.533477138135355,17.103677656719928,0.0,0.0,0.0,0.0,17.367838603235747,0.0,0.0,0.0,0.0,0.0,0.0,0.0,0.0,14.668916250638304,0.0,0.0,0.0,16.706199537449574,15.702237327868831,0.0,0.0,0.0,0.0,0.0,0.0,0.0,0.0,0.0,14.330307408778463,0.0,12.654954028476043,0.0,0.0,0.0,0.0,15.83228592551661,0.0,0.0,0.0,0.0,0.0,0.0,0.0,0.0,0.0,0.0,0.0,0.0,0.0,17.194462265778537,14.41022454727575,0.0,0.0,0.0,0.0,0.0,0.0,0.0,0.0,0.0,0.0,0.0,0.0,0.0,16.11296330468778,0.0,0.0,0.0,16.31713614138148,0.0,0.0,0.0,17.209605339791516,0.0,0.0,0.0,13.006850130852767,0.0,0.0,0.0,0.0,0.0,16.85079796659144,0.0,0.0,0.0,0.0,0.0,14.45775577999843,16.971065037090185,0.0,16.32160249648641,0.0,0.0,0.0,0.0,17.37161244537721,0.0
Var51,0.0,6.814006756938859,9.193163904994014,10.621921137266874,7.888497865524575,11.532027987317043,14.022263959429768,9.529177314591067,12.571005941193032,0.0,0.0,0.0,0.0,0.0,0.0,13.961900430027637,0.0,13.564120339786971,0.0,0.0,0.0,0.0,0.0,0.0,0.0,0.0,0.0,0.0,0.0,0.0,0.0,0.0,0.0,0.0,0.0,14.01569773843317,0.0,0.0,0.0,0.0,0.0,0.0,0.0,0.0,0.0,0.0,0.0,0.0,0.0,0.0,0.0,0.0,11.236568826065593,11.042070851473943,10.456260976269702,13.356766995581964,11.732119052582323,10.206944642512823,0.0,0.0,0.0,0.0,0.0,0.0,0.0,0.0,0.0,0.0,0.0,0.0,14.10441836711957,0.0,0.0,0.0,0.0,0.0,0.0,0.0,0.0,0.0,0.0,0.0,0.0,0.0,0.0,0.0,0.0,0.0,14.098304384921144,0.0,0.0,0.0,0.0,0.0,0.0,0.0,0.0,0.0,14.576911182313685,0.0
Var52,0.0,10.393607597867009,14.021944120039342,11.052344634565381,11.544209246414658,0.0,11.682204930753496,11.853689122665072,0.0,0.0,0.0,0.0,0.0,0.0,0.0,11.725012125800063,0.0,13.669558138607686,14.518919940428688,0.0,13.42949486078636,0.0,0.0,0.0,0.0,0.0,0.0,0.0,0.0,0.0,0.0,0.0,0.0,0.0,0.0,0.0,0.0,0.0,0.0,0.0,0.0,0.0,0.0,0.0,0.0,0.0,0.0,0.0,0.0,0.0,14.41022454727575,11.236568826065593,0.0,12.298836050070184,14.841072989480827,0.0,13.450032902444173,13.898977602426791,0.0,0.0,0.0,0.0,0.0,0.0,0.0,0.0,0.0,0.0,0.0,13.654993640798276,13.576347830205739,0.0,0.0,0.0,14.797893127711395,0.0,0.0,0.0,0.0,0.0,0.0,0.0,0.0,0.0,0.0,0.0,0.0,0.0,0.0,0.0,14.697765153002964,0.0,0.0,0.0,0.0,0.0,0.0,0.0,0.0,0.0
Var53,0.0,10.267800796867721,15.309772214264322,8.514910964380253,9.07780832035724,0.0,15.765561481837128,13.764165078888201,0.0,0.0,0.0,0.0,0.0,0.0,0.0,15.904278467960461,0.0,16.06662561064665,0.0,0.0,0.0,0.0,0.0,0.0,0.0,0.0,0.0,0.0,0.0,0.0,0.0,0.0,0.0,0.0,0.0,0.0,0.0,0.0,0.0,0.0,0.0,0.0,0.0,0.0,0.0,0.0,0.0,0.0,0.0,0.0,0.0,11.042070851473943,12.298836050070184,0.0,15.44615960753073,0.0,14.132008587655351,15.7927313294283,0.0,0.0,0.0,0.0,0.0,0.0,0.0,0.0,16.23082742961619,0.0,0.0,16.13610872755094,16.0607136782867,0.0,0.0,15.799999543227075,0.0,0.0,0.0,0.0,0.0,0.0,15.055061977989237,0.0,0.0,15.224394231313875,0.0,0.0,0.0,0.0,0.0,0.0,15.944071708145364,0.0,0.0,0.0,0.0,0.0,0.0,0.0,0.0,0.0
Var54,0.0,12.309315455756469,6.278038763027228,0.0,10.994658256704527,5.342354889439801,14.321044252039373,10.264690314728734,6.780410808415062,0.0,0.0,0.0,0.0,0.0,0.0,0.0,0.0,14.99778995462996,15.087921093107465,13.2054440073439,0.0,0.0,0.0,0.0,0.0,0.0,0.0,0.0,0.0,0.0,0.0,0.0,0.0,0.0,0.0,10.685581130836043,0.0,0.0,0.0,0.0,0.0,0.0,0.0,0.0,0.0,0.0,0.0,0.0,9.455774349912488,0.0,0.0,10.456260976269702,14.841072989480827,0.0,0.0,7.7038548595995,14.275738226125572,5.629433079040202,0.0,0.0,0.0,0.0,0.0,0.0,0.0,0.0,0.0,0.0,0.0,0.0,14.875957031311346,0.0,0.0,0.0,0.0,0.0,0.0,0.0,0.0,0.0,0.0,0.0,0.0,0.0,0.0,0.0,0.0,0.0,12.862311210467821,0.0,0.0,0.0,0.0,0.0,0.0,0.0,0.0,0.0,11.676731464798788,0.0
Var55,0.0,15.266828767764522,9.199753587791546,0.0,14.878714809720902,7.633884525448366,15.878844947433505,14.017753627980264,6.973461742734114,0.0,0.0,0.0,0.0,0.0,0.0,0.0,0.0,0.0,0.0,13.970468815849808,0.0,0.0,0.0,0.0,0.0,0.0,0.0,0.0,14.046074380253414,0.0,0.0,0.0,0.0,0.0,0.0,10.534812525607855,0.0,0.0,0.0,0.0,0.0,0.0,0.0,0.0,0.0,0.0,0.0,0.0,8.22822844270523,16.028292705103652,0.0,13.356766995581964,0.0,0.0,7.7038548595995,0.0,0.0,8.647685208062308,0.0,0.0,0.0,0.0,0.0,0.0,0.0,0.0,0.0,0.0,0.0,0.0,0.0,0.0,0.0,0.0,0.0,0.0,0.0,0.0,0.0,0.0,0.0,0.0,15.532850905398933,0.0,0.0,0.0,0.0,0.0,13.81213581414858,15.413316733181182,0.0,0.0,0.0,0.0,0.0,0.0,0.0,0.0,10.441243634887957,15.717498449921457
Var56,0.0,11.71934151122194,13.87010368686588,13.096340695973657,13.812145797691707,0.0,0.0,9.412237132754779,0.0,0.0,0.0,0.0,0.0,0.0,0.0,12.045001597633195,0.0,8.807208218263915,0.0,13.653345790084538,0.0,0.0,0.0,0.0,0.0,0.0,0.0,0.0,0.0,0.0,0.0,0.0,0.0,13.587132179795448,0.0,14.682487632928167,0.0,0.0,0.0,0.0,0.0,0.0,0.0,0.0,0.0,0.0,0.0,0.0,0.0,0.0,0.0,11.732119052582323,13.450032902444173,14.132008587655351,14.275738226125572,0.0,0.0,13.699805821219053,0.0,0.0,0.0,0.0,0.0,0.0,0.0,0.0,0.0,0.0,13.440226209057029,8.925983011082351,13.94061025052161,0.0,0.0,0.0,0.0,0.0,0.0,0.0,0.0,0.0,0.0,0.0,0.0,0.0,0.0,0.0,0.0,0.0,13.46294305965553,0.0,0.0,0.0,0.0,0.0,0.0,0.0,0.0,0.0,14.401057213621868,0.0
Var57,0.0,12.039147615934452,7.4557529986159246,14.389363705609435,10.925089724408277,6.944202872593108,13.695883896068626,8.158619973138586,5.470853361127967,0.0,0.0,0.0,0.0,0.0,0.0,0.0,0.0,13.545727340139996,14.481789655669495,13.226146828555096,0.0,0.0,0.0,0.0,0.0,0.0,0.0,0.0,0.0,0.0,0.0,0.0,0.0,0.0,0.0,9.519997515200783,0.0,0.0,0.0,0.0,0.0,0.0,0.0,0.0,0.0,0.0,0.0,0.0,10.726300091195485,0.0,0.0,10.206944642512823,13.898977602426791,0.0,5.629433079040202,8.647685208062308,13.699805821219053,0.0,0.0,0.0,0.0,0.0,0.0,0.0,0.0,0.0,0.0,0.0,0.0,0.0,0.0,0.0,0.0,0.0,0.0,0.0,0.0,0.0,0.0,0.0,0.0,0.0,0.0,0.0,0.0,0.0,0.0,0.0,11.803431384951212,0.0,0.0,0.0,0.0,0.0,0.0,0.0,0.0,0.0,12.2077004638293,0.0
Var58,0.0,0.0,0.0,0.0,0.0,0.0,0.0,0.0,0.0,11.847118792429143,13.916076377317692,14.857682243253997,0.0,0.0,16.513097698684938,0.0,0.0,0.0,0.0,0.0,0.0,0.0,0.0,17.46228092591799,0.0,0.0,0.0,0.0,0.0,0.0,17.755249810686053,0.0,0.0,0.0,0.0,0.0,0.0,16.745300445085597,17.017840829438942,16.03207764248651,0.0,0.0,0.0,0.0,0.0,0.0,0.0,0.0,0.0,0.0,17.73673627008695,0.0,0.0,0.0,0.0,0.0,0.0,0.0,0.0,15.984592662294197,14.248236593547759,0.0,0.0,0.0,0.0,17.855738192365887,17.36395151496826,0.0,0.0,0.0,0.0,0.0,0.0,16.474192746038373,17.473225400154757,0.0,0.0,0.0,0.0,0.0,0.0,0.0,0.0,0.0,0.0,0.0,0.0,0.0,0.0,0.0,15.189726627022013,13.820867605800458,14.492498607922704,17.37109378718603,0.0,0.0,0.0,0.0,0.0,0.0
Var59,0.0,0.0,0.0,0.0,0.0,0.0,0.0,0.0,0.0,16.71932569616113,15.340007864406267,13.59158228872344,17.162892934150324,0.0,0.0,0.0,0.0,0.0,0.0,0.0,0.0,0.0,0.0,17.081132032676205,0.0,15.192213277451364,0.0,0.0,0.0,0.0,0.0,0.0,17.17661067091976,0.0,0.0,0.0,0.0,16.667329545961973,0.0,0.0,17.472952230205184,0.0,0.0,0.0,0.0,0.0,0.0,0.0,0.0,0.0,0.0,0.0,0.0,0.0,0.0,0.0,0.0,0.0,15.984592662294197,0.0,11.646673832348956,16.921219219044904,17.471141745451828,16.398837994106064,0.0,17.116514944687673,0.0,0.0,0.0,0.0,0.0,0.0,0.0,0.0,15.914923922670328,13.838013361911656,0.0,0.0,0.0,0.0,0.0,0.0,0.0,0.0,0.0,0.0,0.0,0.0,0.0,17.372646270494755,0.0,16.620202461118613,0.0,0.0,17.215392168404104,0.0,0.0,0.0,0.0,0.0
Var60,0.0,0.0,0.0,0.0,0.0,0.0,0.0,0.0,0.0,0.0,16.551996152188373,14.849192416911043,0.0,0.0,0.0,0.0,0.0,0.0,0.0,0.0,0.0,0.0,0.0,0.0,0.0,17.183496238231847,0.0,0.0,0.0,0.0,0.0,0.0,0.0,0.0,0.0,0.0,0.0,17.17182024459865,0.0,0.0,16.085645877629503,0.0,0.0,0.0,0.0,0.0,0.0,0.0,0.0,16.528050687489078,0.0,0.0,0.0,0.0,0.0,0.0,0.0,0.0,14.248236593547759,11.646673832348956,0.0,17.666168293424498,0.0,0.0,0.0,0.0,16.04139698055278,0.0,0.0,0.0,0.0,0.0,0.0,0.0,15.692290065354253,16.3850788171842,0.0,0.0,0.0,0.0,0.0,0.0,0.0,0.0,0.0,0.0,17.039636519213648,0.0,0.0,17.19139943828996,16.551708251863182,16.29392279244677,0.0,15.826452591286367,16.388335010906818,16.76019552148717,0.0,0.0,0.0,15.88014905850525
Var61,0.0,0.0,0.0,0.0,0.0,17.125657203885424,0.0,0.0,16.666926208426972,0.0,0.0,0.0,6.796049974124009,0.0,0.0,0.0,0.0,0.0,0.0,0.0,0.0,0.0,0.0,0.0,0.0,0.0,0.0,0.0,0.0,0.0,0.0,0.0,0.0,0.0,0.0,16.85299867454095,16.521122410412094,0.0,0.0,0.0,15.733527580558325,16.41781622059934,15.23798488914722,0.0,15.984521559621172,0.0,15.659567345968997,0.0,15.652601768477327,15.691425128536341,0.0,0.0,0.0,0.0,0.0,16.247112604553536,0.0,0.0,0.0,16.921219219044904,0.0,0.0,5.126035868946595,0.0,0.0,0.0,0.0,0.0,0.0,0.0,0.0,0.0,0.0,0.0,0.0,0.0,0.0,0.0,0.0,0.0,0.0,0.0,0.0,0.0,0.0,0.0,0.0,0.0,0.0,15.517581308073911,0.0,0.0,0.0,0.0,16.790140255422326,0.0,17.19020271977779,0.0,16.849392940425872,15.813994871142292
Var62,0.0,0.0,0.0,0.0,0.0,0.0,0.0,0.0,17.17085361018155,0.0,0.0,0.0,6.514307484465004,0.0,0.0,0.0,0.0,0.0,0.0,0.0,0.0,0.0,0.0,0.0,0.0,0.0,0.0,0.0,0.0,0.0,0.0,0.0,0.0,0.0,0.0,16.778314248545158,16.270976874546815,0.0,0.0,0.0,15.78927760416102,16.799206895044303,15.889912397596751,0.0,16.861127335465014,17.0831955446535,15.768064718088619,0.0,16.24775633346246,15.381493533601267,0.0,0.0,0.0,0.0,0.0,16.716180464019825,0.0,0.0,0.0,0.0,0.0,5.126035868946595,0.0,0.0,0.0,0.0,0.0,0.0,0.0,0.0,0.0,0.0,0.0,0.0,0.0,0.0,0.0,0.0,0.0,0.0,0.0,0.0,0.0,0.0,0.0,0.0,16.794656028398055,0.0,0.0,15.726128483052658,0.0,0.0,0.0,0.0,17.096369643123413,0.0,17.006857866703356,0.0,17.073167632434455,15.491181732477685
Var63,0.0,0.0,0.0,0.0,0.0,0.0,0.0,0.0,0.0,16.69646014548155,0.0,0.0,0.0,15.40855575963048,15.350733665656296,0.0,0.0,0.0,16.70079191450309,0.0,16.12299729699065,0.0,15.96505956754287,0.0,0.0,0.0,0.0,0.0,0.0,0.0,0.0,15.704805573874719,0.0,0.0,0.0,0.0,0.0,15.6280492615615,15.100755838896163,0.0,0.0,16.8179727324085,0.0,0.0,0.0,0.0,0.0,0.0,0.0,0.0,0.0,0.0,0.0,0.0,0.0,0.0,0.0,0.0,0.0,16.398837994106064,0.0,0.0,0.0,0.0,10.852799498403622,12.820576509720539,0.0,10.183795151542629,0.0,0.0,15.19537817566199,16.31742559897532,12.90926282859408,0.0,0.0,0.0,15.778002764916074,15.633752004814841,0.0,15.696552022545571,0.0,0.0,0.0,0.0,0.0,0.0,0.0,0.0,0.0,0.0,0.0,0.0,0.0,0.0,0.0,0.0,0.0,0.0,0.0,0.0
Var64,0.0,0.0,0.0,16.193607142669894,0.0,0.0,0.0,15.785418005632033,0.0,0.0,0.0,0.0,0.0,12.937228303535344,15.54347118221137,0.0,0.0,0.0,14.08702782691882,0.0,13.075177749265341,15.209060499541598,14.354796545648968,0.0,0.0,0.0,0.0,0.0,0.0,0.0,0.0,16.175703186138048,0.0,0.0,0.0,0.0,0.0,0.0,0.0,0.0,0.0,0.0,0.0,0.0,0.0,0.0,0.0,0.0,0.0,0.0,0.0,0.0,16.114195748117158,0.0,0.0,0.0,0.0,16.195394761492878,0.0,0.0,0.0,0.0,0.0,10.852799498403622,0.0,13.82951414996025,0.0,13.380547728577012,0.0,0.0,12.114971271826803,16.251973196714403,12.488138106934306,0.0,0.0,0.0,13.677065918798002,15.71705507381178,0.0,15.64265125528846,0.0,0.0,0.0,0.0,0.0,0.0,0.0,0.0,0.0,0.0,0.0,0.0,0.0,0.0,0.0,0.0,0.0,0.0,0.0,0.0
Var65,0.0,0.0,0.0,0.0,0.0,0.0,0.0,0.0,0.0,15.433733210195527,0.0,15.723886014282657,0.0,0.0,6.893354086431463,0.0,0.0,0.0,0.0,0.0,16.557716694559304,0.0,0.0,0.0,0.0,0.0,0.0,0.0,15.6756975377063,15.288232317256684,0.0,14.840359421314224,0.0,0.0,16.496897196065195,0.0,0.0,15.223738413089174,14.933011006088972,0.0,0.0,14.18064238375859,16.320677258927258,0.0,0.0,0.0,16.208286598482292,0.0,0.0,0.0,0.0,0.0,0.0,0.0,0.0,0.0,0.0,0.0,0.0,0.0,0.0,0.0,0.0,12.820576509720539,13.82951414996025,0.0,0.0,0.0,0.0,0.0,16.52714615299138,0.0,16.05320460057956,0.0,0.0,0.0,15.610462082442186,14.115969669344665,0.0,14.388209997419686,0.0,0.0,0.0,0.0,0.0,0.0,0.0,0.0,0.0,0.0,0.0,0.0,0.0,0.0,0.0,0.0,0.0,0.0,0.0,0.0
Var66,0.0,0.0,0.0,0.0,0.0,0.0,12.566250786655653,0.0,0.0,0.0,0.0,0.0,0.0,0.0,0.0,0.0,0.0,0.0,0.0,11.853020321694183,0.0,0.0,0.0,0.0,0.0,0.0,0.0,0.0,0.0,0.0,0.0,0.0,0.0,0.0,0.0,14.480921129692998,0.0,0.0,0.0,11.942027556001147,15.192721714115478,0.0,0.0,0.0,0.0,0.0,0.0,0.0,14.658973375522738,14.448922064471851,0.0,0.0,15.027621591683491,0.0,0.0,0.0,0.0,0.0,0.0,0.0,0.0,0.0,0.0,0.0,0.0,0.0,0.0,0.0,0.0,0.0,0.0,0.0,0.0,9.372656773372364,12.476998508986373,0.0,0.0,0.0,0.0,0.0,13.835069080864518,14.321689691909716,0.0,0.0,0.0,0.0,14.788815322875589,0.0,12.464768834732014,12.510044091667206,15.37573052991371,14.91256513702888,14.634194413819868,0.0,0.0,0.0,0.0,0.0,13.35065667825278,11.073837341767385
Var67,0.0,0.0,16.070125061989895,0.0,15.759142016041572,16.224599020749714,0.0,0.0,0.0,0.0,0.0,0.0,0.0,15.732457103475358,0.0,0.0,0.0,0.0,13.785907219603134,0.0,15.415194391611891,0.0,16.007434451165217,0.0,0.0,0.0,0.0,0.0,0.0,0.0,16.05073025467495,0.0,0.0,0.0,0.0,0.0,0.0,16.41280123914967,16.10169553896002,0.0,0.0,0.0,0.0,16.491187863385615,0.0,0.0,0.0,0.0,0.0,0.0,0.0,0.0,0.0,0.0,16.37315500405023,0.0,0.0,16.390481746643648,0.0,0.0,0.0,0.0,0.0,10.183795151542629,13.380547728577012,0.0,0.0,0.0,0.0,0.0,15.668721178164981,15.330740538194572,14.583393753582026,0.0,0.0,0.0,0.0,0.0,0.0,0.0,0.0,0.0,0.0,0.0,0.0,0.0,0.0,0.0,0.0,0.0,15.961735569414994,0.0,0.0,0.0,0.0,16.298876521756096,0.0,0.0,0.0,0.0
Var68,0.0,15.457404138821024,0.0,0.0,0.0,0.0,0.0,16.01925403017957,0.0,0.0,0.0,0.0,0.0,0.0,0.0,13.565480390336083,0.0,10.405836074633616,14.557729709990403,14.539544407814725,0.0,14.79981149578054,0.0,0.0,0.0,0.0,0.0,0.0,0.0,0.0,0.0,0.0,0.0,9.51853742480009,0.0,16.15881827127765,0.0,0.0,0.0,0.0,0.0,0.0,0.0,0.0,0.0,0.0,0.0,0.0,0.0,0.0,0.0,16.352557101427912,15.410426660266408,0.0,0.0,0.0,13.440226209057029,0.0,0.0,0.0,0.0,0.0,0.0,0.0,0.0,0.0,0.0,0.0,0.0,7.644486533412077,14.281018863338378,13.925548507281242,0.0,0.0,0.0,0.0,0.0,0.0,0.0,0.0,14.605149656519593,13.863368739346237,0.0,0.0,15.8272090848713,0.0,0.0,0.0,14.33129953888232,0.0,0.0,0.0,0.0,0.0,0.0,0.0,0.0,15.87965006385752,0.0,0.0
Var69,0.0,14.1214863096449,0.0,14.785111524860945,15.576962802113833,0.0,0.0,12.346648758383257,0.0,0.0,0.0,0.0,0.0,0.0,0.0,10.634548757860301,0.0,5.958679575938092,13.512383522168456,13.99795081001866,0.0,14.95697204041218,0.0,0.0,0.0,0.0,0.0,0.0,0.0,0.0,0.0,0.0,0.0,9.101695758914163,0.0,15.411122344181386,0.0,0.0,0.0,0.0,0.0,0.0,0.0,0.0,0.0,0.0,0.0,0.0,0.0,0.0,0.0,14.807398734839264,13.654993640798276,0.0,0.0,0.0,8.925983011082351,15.599024454899657,0.0,0.0,0.0,0.0,0.0,0.0,0.0,0.0,0.0,0.0,7.644486533412077,0.0,13.473333209129096,15.522006947759921,0.0,0.0,0.0,0.0,0.0,0.0,0.0,0.0,0.0,15.229968299950727,0.0,0.0,0.0,0.0,0.0,0.0,13.381569442645768,0.0,0.0,0.0,0.0,0.0,0.0,0.0,0.0,0.0,0.0,0.0
Var70,0.0,13.99359250279144,0.0,0.0,14.851523545296203,0.0,0.0,14.165881806525048,0.0,0.0,0.0,0.0,0.0,0.0,0.0,14.540860796938071,0.0,13.957038604948975,0.0,12.558999832033148,12.72762729541256,0.0,0.0,0.0,0.0,0.0,0.0,0.0,0.0,0.0,0.0,0.0,0.0,0.0,0.0,0.0,0.0,0.0,0.0,0.0,0.0,0.0,0.0,0.0,0.0,0.0,0.0,0.0,0.0,0.0,0.0,14.10441836711957,13.576347830205739,0.0,14.875957031311346,0.0,13.94061025052161,14.487951713254198,0.0,0.0,0.0,0.0,0.0,0.0,12.114971271826803,0.0,0.0,0.0,14.281018863338378,13.473333209129096,0.0,14.014676634721402,13.673772118724754,0.0,14.872282955326225,0.0,12.90909059111156,0.0,0.0,0.0,0.0,0.0,0.0,0.0,0.0,0.0,0.0,0.0,13.997515165409046,0.0,0.0,0.0,0.0,0.0,0.0,0.0,0.0,0.0,0.0,0.0
Var71,0.0,15.541978477167142,0.0,0.0,0.0,0.0,0.0,0.0,0.0,0.0,0.0,0.0,0.0,0.0,0.0,0.0,0.0,0.0,0.0,0.0,0.0,14.117928838846028,0.0,0.0,0.0,0.0,14.837589696683033,0.0,0.0,0.0,0.0,0.0,0.0,0.0,14.311867410765188,0.0,0.0,0.0,0.0,0.0,0.0,0.0,14.445561404892713,0.0,0.0,0.0,0.0,0.0,0.0,0.0,0.0,0.0,15.154197299224716,0.0,0.0,0.0,0.0,0.0,0.0,0.0,0.0,0.0,0.0,0.0,0.0,0.0,0.0,15.330740538194572,13.925548507281242,15.522006947759921,14.014676634721402,0.0,0.0,0.0,0.0,0.0,14.420708556677837,14.310677879605672,0.0,0.0,14.119789304678314,0.0,0.0,11.200367852761572,15.18217546933998,0.0,0.0,15.252032246161509,0.0,0.0,15.43702021075147,0.0,0.0,15.562563993099912,14.909412436083212,0.0,0.0,15.138452468304358,0.0,0.0
Var72,0.0,0.0,16.889192845636902,0.0,0.0,0.0,0.0,15.58899711840025,0.0,0.0,0.0,0.0,0.0,0.0,0.0,0.0,0.0,0.0,16.85509035767443,0.0,14.410341568888132,0.0,9.610488348005752,0.0,0.0,0.0,15.156734785534853,0.0,0.0,0.0,0.0,0.0,0.0,0.0,0.0,0.0,0.0,0.0,0.0,0.0,0.0,0.0,0.0,0.0,0.0,0.0,0.0,14.888187565840934,0.0,0.0,0.0,0.0,15.979632277593835,0.0,0.0,0.0,0.0,15.978527323751113,0.0,0.0,0.0,0.0,0.0,12.90926282859408,12.488138106934306,16.05320460057956,0.0,14.583393753582026,0.0,0.0,13.673772118724754,16.41175856889236,0.0,0.0,0.0,0.0,13.486646464780819,13.203257365580201,0.0,0.0,0.0,0.0,0.0,0.0,16.156017515274034,0.0,0.0,0.0,0.0,0.0,0.0,0.0,0.0,0.0,0.0,0.0,16.639022719609496,14.290113541877664,0.0,0.0
Var73,0.0,0.0,0.0,0.0,16.717447883290436,0.0,13.179695754278148,0.0,0.0,14.660134728738903,0.0,0.0,0.0,0.0,0.0,0.0,0.0,0.0,0.0,0.0,0.0,0.0,0.0,14.008329298983908,0.0,0.0,0.0,0.0,0.0,0.0,0.0,0.0,0.0,0.0,0.0,0.0,0.0,0.0,0.0,10.876637584440559,0.0,0.0,0.0,0.0,0.0,0.0,0.0,0.0,0.0,0.0,0.0,0.0,16.25514603142631,15.799999543227075,0.0,0.0,0.0,0.0,16.474192746038373,0.0,0.0,0.0,0.0,0.0,0.0,0.0,9.372656773372364,0.0,0.0,0.0,0.0,0.0,0.0,0.0,14.201005277336472,0.0,0.0,0.0,0.0,0.0,14.58250158990385,0.0,0.0,16.2282224101798,0.0,15.837483116588274,0.0,0.0,16.539765504188534,15.666300554083712,15.718933742804088,13.356342181767506,9.827227070072151,0.0,0.0,0.0,16.488246292832677,0.0,0.0,14.791813173884313
Var74,16.27011293624687,16.185896639953903,0.0,0.0,0.0,0.0,13.288388996320375,0.0,0.0,0.0,0.0,0.0,0.0,0.0,0.0,14.937138893166411,0.0,0.0,0.0,15.228461270687779,0.0,0.0,0.0,12.913456967056293,0.0,0.0,0.0,0.0,0.0,0.0,0.0,0.0,0.0,0.0,0.0,0.0,0.0,0.0,0.0,15.952635676697469,0.0,0.0,0.0,0.0,0.0,0.0,0.0,0.0,0.0,0.0,0.0,0.0,14.797893127711395,0.0,0.0,0.0,0.0,0.0,0.0,15.914923922670328,15.692290065354253,0.0,0.0,0.0,0.0,0.0,12.476998508986373,0.0,0.0,0.0,14.872282955326225,16.121320078053483,0.0,14.201005277336472,0.0,0.0,0.0,0.0,0.0,0.0,14.126744966114579,16.252736295037842,0.0,15.773344714044255,0.0,0.0,0.0,0.0,16.107561562674128,15.571784261916285,0.0,0.0,15.967866982089646,0.0,0.0,0.0,0.0,0.0,0.0,0.0
Var75,0.0,0.0,0.0,0.0,0.0,0.0,0.0,18.483759931400904,0.0,0.0,18.48159215534997,17.56671474967391,0.0,0.0,0.0,17.601781181246718,0.0,0.0,0.0,18.414893272999517,0.0,0.0,0.0,18.48499868859785,16.920857599808215,14.667184167971886,0.0,0.0,0.0,0.0,0.0,0.0,0.0,0.0,0.0,0.0,0.0,0.0,0.0,18.418848270576667,0.0,0.0,0.0,0.0,0.0,0.0,0.0,0.0,0.0,0.0,0.0,0.0,0.0,0.0,0.0,0.0,17.09305740736447,0.0,18.492562313136197,13.838013361911656,16.3850788171842,0.0,0.0,0.0,0.0,0.0,17.66692271346806,0.0,0.0,18.264952412429917,0.0,18.22458948892227,0.0,18.430775526696817,17.060504013149778,0.0,0.0,0.0,0.0,0.0,0.0,0.0,0.0,0.0,0.0,0.0,0.0,0.0,0.0,0.0,0.0,18.00331941881529,0.0,17.47517801465323,0.0,0.0,0.0,0.0,0.0,0.0
Var76,0.0,0.0,0.0,0.0,0.0,0.0,0.0,15.757992171691281,0.0,0.0,0.0,0.0,0.0,0.0,0.0,0.0,0.0,0.0,0.0,14.606402910358693,15.011950266542588,0.0,15.557545777194075,0.0,0.0,0.0,15.73753582305616,0.0,12.495101983999408,0.0,0.0,0.0,0.0,0.0,0.0,14.931998389649387,0.0,0.0,0.0,0.0,0.0,0.0,0.0,0.0,0.0,0.0,0.0,13.570260449162317,0.0,0.0,0.0,0.0,0.0,0.0,0.0,0.0,15.515026901793082,0.0,0.0,0.0,0.0,0.0,0.0,0.0,13.677065918798002,15.610462082442186,0.0,0.0,0.0,0.0,12.90909059111156,14.420708556677837,13.486646464780819,0.0,0.0,0.0,0.0,15.456763463250445,0.0,0.0,0.0,0.0,0.0,15.01190068689229,15.275326366845716,0.0,0.0,0.0,15.365698924495717,0.0,0.0,0.0,0.0,0.0,0.0,0.0,0.0,14.298094647345424,15.392114875555187,0.0
Var77,0.0,0.0,0.0,0.0,0.0,0.0,0.0,0.0,0.0,0.0,0.0,0.0,0.0,0.0,15.248643842100902,0.0,0.0,0.0,0.0,0.0,0.0,15.796213070366617,14.70983763808258,0.0,0.0,16.347788066368143,16.36099388482609,12.550456059182501,0.0,12.205789685736603,0.0,0.0,0.0,0.0,15.527268558948757,0.0,0.0,0.0,0.0,0.0,0.0,0.0,0.0,0.0,0.0,0.0,16.3649147617266,15.950585637699907,0.0,0.0,0.0,0.0,0.0,0.0,0.0,0.0,0.0,0.0,0.0,0.0,0.0,0.0,0.0,15.633752004814841,15.71705507381178,14.115969669344665,0.0,0.0,0.0,0.0,16.315953220096613,14.310677879605672,13.203257365580201,0.0,0.0,0.0,15.456763463250445,0.0,0.0,0.0,0.0,0.0,0.0,15.121610089585644,0.0,0.0,0.0,15.428508260864481,0.0,0.0,0.0,0.0,0.0,0.0,0.0,0.0,0.0,16.12717236444998,0.0,0.0
Var78,14.691607019214436,15.506825144450056,16.03875898983732,0.0,15.922483825553487,0.0,0.0,0.0,0.0,0.0,0.0,0.0,0.0,0.0,0.0,0.0,16.39953671728799,0.0,0.0,0.0,0.0,0.0,0.0,0.0,0.0,0.0,0.0,0.0,0.0,0.0,8.484985448235076,0.0,15.16563558370555,0.0,0.0,0.0,0.0,0.0,0.0,0.0,0.0,0.0,0.0,0.0,16.45983364027681,0.0,0.0,0.0,15.802134977490887,0.0,13.006850130852767,15.829043366990042,15.066538748135745,0.0,16.493473663421828,16.215608489692546,0.0,0.0,0.0,0.0,0.0,0.0,0.0,0.0,0.0,0.0,0.0,0.0,0.0,0.0,15.964412299370025,0.0,0.0,0.0,0.0,0.0,0.0,0.0,0.0,0.0,0.0,0.0,15.682161544834585,0.0,16.376052579890146,0.0,0.0,0.0,0.0,0.0,13.840585345227215,0.0,0.0,13.63556344881685,0.0,16.00354940512545,0.0,0.0,0.0,0.0
Var79,0.0,0.0,0.0,0.0,0.0,0.0,0.0,0.0,0.0,0.0,0.0,0.0,0.0,15.929771492959965,15.303617858941958,0.0,0.0,0.0,0.0,0.0,0.0,0.0,0.0,0.0,0.0,0.0,0.0,0.0,0.0,15.657252793288109,0.0,8.885832542518935,16.692292404414232,0.0,16.607700167291682,0.0,0.0,13.384783173418365,12.715902404593246,0.0,0.0,14.312359935214493,15.909319481682525,0.0,0.0,16.679074415108417,16.690242152011876,0.0,0.0,0.0,0.0,0.0,0.0,0.0,0.0,0.0,0.0,0.0,0.0,0.0,0.0,0.0,0.0,15.696552022545571,15.64265125528846,14.388209997419686,0.0,16.76520477986528,0.0,0.0,0.0,0.0,0.0,0.0,0.0,0.0,0.0,0.0,0.0,0.0,0.0,0.0,0.0,0.0,0.0,0.0,0.0,0.0,0.0,0.0,13.80219254887939,13.839303735083426,0.0,15.925264711069829,16.264602741667233,0.0,0.0,0.0,0.0,0.0
Var80,0.0,14.554951938017014,0.0,0.0,15.130804565976112,0.0,0.0,0.0,0.0,0.0,0.0,0.0,0.0,0.0,0.0,0.0,0.0,0.0,0.0,14.581892826203221,0.0,0.0,0.0,12.386098031022426,0.0,0.0,0.0,0.0,0.0,0.0,0.0,0.0,0.0,14.761635324880048,0.0,0.0,0.0,0.0,0.0,0.0,0.0,0.0,0.0,0.0,0.0,0.0,0.0,0.0,0.0,0.0,0.0,15.200500188848187,14.959723818913519,15.055061977989237,0.0,0.0,0.0,0.0,0.0,0.0,0.0,0.0,0.0,0.0,0.0,0.0,13.835069080864518,0.0,14.605149656519593,0.0,0.0,14.119789304678314,0.0,14.58250158990385,14.126744966114579,0.0,0.0,0.0,0.0,0.0,0.0,10.982755224038424,13.221305639591284,13.170759405925478,14.040637836873323,12.496030974788216,0.0,0.0,14.52978988329521,11.284479171993269,0.0,0.0,0.0,0.0,0.0,0.0,0.0,0.0,0.0,0.0
Var81,0.0,0.0,0.0,0.0,0.0,0.0,0.0,0.0,0.0,0.0,0.0,0.0,0.0,0.0,0.0,0.0,0.0,15.05120074155953,0.0,12.503535323490427,0.0,0.0,0.0,15.671786190405964,0.0,0.0,0.0,0.0,0.0,0.0,0.0,0.0,0.0,13.359597172761996,0.0,11.835736936773477,0.0,0.0,0.0,0.0,13.996561365592457,0.0,0.0,0.0,0.0,0.0,0.0,0.0,0.0,14.769417479143021,0.0,0.0,0.0,0.0,0.0,0.0,0.0,0.0,0.0,0.0,0.0,0.0,0.0,0.0,0.0,0.0,14.321689691909716,0.0,13.863368739346237,15.229968299950727,0.0,0.0,0.0,0.0,0.0,0.0,0.0,0.0,0.0,0.0,10.982755224038424,0.0,14.97134710416395,0.0,14.915213823139394,14.606174522787692,14.971462259420658,0.0,11.178453603808837,9.297703009352029,0.0,0.0,0.0,0.0,0.0,0.0,0.0,15.71338015707985,15.411842121310151,14.637327752716507
Var82,0.0,0.0,0.0,0.0,0.0,0.0,0.0,0.0,0.0,0.0,0.0,0.0,0.0,0.0,0.0,0.0,0.0,0.0,0.0,0.0,0.0,0.0,0.0,0.0,0.0,0.0,14.742969184352846,0.0,0.0,0.0,15.362208899832414,0.0,0.0,0.0,0.0,0.0,0.0,0.0,0.0,0.0,15.368596367510325,0.0,14.907258128339546,14.815454847290862,13.533858753090037,0.0,15.744119569659421,0.0,0.0,0.0,0.0,0.0,0.0,0.0,0.0,15.532850905398933,0.0,0.0,0.0,0.0,0.0,0.0,0.0,0.0,0.0,0.0,0.0,0.0,0.0,0.0,0.0,0.0,0.0,0.0,0.0,0.0,0.0,0.0,15.682161544834585,0.0,13.221305639591284,14.97134710416395,0.0,13.562426863459983,13.195082480750605,12.966566716635207,0.0,14.714863299194281,0.0,13.314958767820306,0.0,0.0,0.0,15.12763611398496,13.996180945481797,15.6057203438695,14.5547026689833,0.0,0.0,0.0
Var83,0.0,0.0,0.0,15.35844167443112,0.0,0.0,0.0,0.0,0.0,0.0,0.0,0.0,0.0,0.0,0.0,0.0,0.0,0.0,0.0,0.0,0.0,0.0,0.0,0.0,0.0,0.0,0.0,0.0,15.410601016817882,0.0,0.0,0.0,0.0,0.0,12.986609389249143,0.0,0.0,0.0,0.0,0.0,0.0,0.0,13.051200089700457,0.0,15.220732659430732,0.0,15.105985238097253,0.0,0.0,0.0,0.0,15.848130034606442,15.819631284821384,15.224394231313875,0.0,0.0,0.0,0.0,0.0,0.0,0.0,0.0,0.0,0.0,0.0,0.0,15.726106009243011,0.0,0.0,0.0,15.718931200530685,11.200367852761572,0.0,0.0,15.773344714044255,0.0,15.01190068689229,15.121610089585644,0.0,0.0,13.170759405925478,0.0,13.562426863459983,0.0,0.0,12.038027852805147,0.0,0.0,0.0,0.0,0.0,0.0,0.0,0.0,13.973662565061458,0.0,15.013907891035247,0.0,0.0,0.0
Var84,0.0,0.0,0.0,0.0,0.0,0.0,0.0,0.0,0.0,0.0,0.0,0.0,0.0,0.0,0.0,0.0,0.0,0.0,0.0,14.270488304967698,0.0,0.0,0.0,0.0,0.0,0.0,9.171921529262555,0.0,0.0,0.0,0.0,0.0,0.0,0.0,0.0,15.632243674539748,0.0,0.0,0.0,0.0,0.0,0.0,0.0,14.598703004678898,13.905022569704183,0.0,0.0,12.589579765746697,0.0,0.0,0.0,0.0,0.0,0.0,0.0,0.0,0.0,0.0,0.0,0.0,0.0,0.0,0.0,0.0,0.0,0.0,0.0,0.0,0.0,0.0,0.0,15.18217546933998,0.0,0.0,0.0,0.0,15.275326366845716,0.0,0.0,0.0,14.040637836873323,14.915213823139394,13.195082480750605,0.0,0.0,13.318227883567964,14.962364968771334,12.052802991136533,14.763653879040612,13.376802818445306,0.0,0.0,0.0,0.0,0.0,14.933861095504954,13.385346689273897,9.701730149995434,0.0,15.621821095110263
Var85,0.0,0.0,0.0,0.0,0.0,0.0,0.0,0.0,0.0,0.0,0.0,0.0,0.0,0.0,0.0,0.0,0.0,0.0,0.0,0.0,0.0,0.0,0.0,0.0,0.0,0.0,13.3917403924506,14.863462829055916,0.0,0.0,0.0,0.0,0.0,0.0,12.670609473069089,0.0,0.0,0.0,0.0,0.0,14.299506017225545,0.0,15.040005130305001,0.0,14.820229485764361,12.854168872572833,11.326139054503056,13.951318101748218,0.0,0.0,0.0,0.0,0.0,0.0,0.0,0.0,0.0,0.0,0.0,0.0,0.0,0.0,0.0,0.0,0.0,0.0,0.0,0.0,0.0,0.0,0.0,15.630466281350085,0.0,0.0,0.0,0.0,0.0,0.0,0.0,0.0,12.496030974788216,14.606174522787692,12.966566716635207,12.038027852805147,13.318227883567964,0.0,14.492578342428502,13.61078683119639,0.0,13.05817189916013,0.0,0.0,0.0,0.0,0.0,0.0,10.537661579424595,13.422508529716655,0.0,0.0
Var86,0.0,0.0,0.0,0.0,0.0,0.0,0.0,0.0,0.0,0.0,0.0,0.0,0.0,0.0,0.0,0.0,0.0,0.0,0.0,14.641412718217284,0.0,0.0,0.0,0.0,0.0,0.0,13.305697656280676,0.0,14.679847046077592,0.0,0.0,0.0,0.0,0.0,0.0,14.804119586276611,8.0415884091245,0.0,0.0,0.0,12.412947675299533,0.0,0.0,14.297220925582087,0.0,0.0,0.0,13.78245540540777,0.0,11.286055951466155,0.0,0.0,0.0,0.0,0.0,0.0,0.0,0.0,0.0,0.0,0.0,0.0,0.0,0.0,0.0,0.0,14.788815322875589,0.0,0.0,0.0,0.0,0.0,0.0,0.0,0.0,0.0,0.0,0.0,0.0,0.0,0.0,14.971462259420658,0.0,0.0,14.962364968771334,14.492578342428502,0.0,0.0,13.76087951787901,13.77413728378484,0.0,0.0,0.0,0.0,0.0,14.365251806508605,13.56833399995498,13.617234901759373,15.204225256351886,10.963292198586757
Var87,0.0,0.0,0.0,0.0,0.0,0.0,0.0,0.0,0.0,0.0,0.0,0.0,0.0,0.0,0.0,0.0,0.0,0.0,0.0,0.0,0.0,16.03121101670655,0.0,0.0,0.0,0.0,13.921851739150176,14.168878475486888,0.0,0.0,0.0,0.0,0.0,16.04452364706805,16.0326017611355,0.0,0.0,0.0,0.0,0.0,0.0,0.0,0.0,0.0,16.44060527084842,16.49416051080777,16.10544008900112,13.328164239916386,0.0,0.0,0.0,0.0,0.0,0.0,0.0,0.0,0.0,0.0,0.0,0.0,0.0,0.0,0.0,0.0,0.0,0.0,0.0,0.0,0.0,0.0,0.0,15.252032246161509,0.0,0.0,0.0,0.0,16.157620281620908,15.428508260864481,0.0,0.0,16.10765212284777,16.138799335584597,14.714863299194281,15.985108647699025,12.052802991136533,13.61078683119639,0.0,0.0,0.0,0.0,0.0,0.0,0.0,0.0,0.0,0.0,16.219884098111887,12.749193315675845,0.0,0.0
Var88,0.0,0.0,13.615412220894692,0.0,0.0,13.78904967872485,0.0,12.49673514905767,13.646197637398156,0.0,0.0,0.0,0.0,0.0,0.0,0.0,0.0,12.421767652773653,0.0,7.421762123240222,0.0,0.0,0.0,0.0,0.0,0.0,0.0,0.0,0.0,0.0,0.0,0.0,0.0,0.0,0.0,7.133576236909775,0.0,0.0,0.0,0.0,0.0,0.0,0.0,0.0,0.0,0.0,0.0,0.0,12.917001720440865,0.0,0.0,0.0,0.0,0.0,12.862311210467821,13.81213581414858,13.46294305965553,11.803431384951212,0.0,0.0,0.0,0.0,0.0,0.0,0.0,0.0,12.464768834732014,0.0,0.0,13.381569442645768,0.0,0.0,0.0,0.0,0.0,0.0,0.0,0.0,0.0,0.0,0.0,11.178453603808837,0.0,0.0,0.0,0.0,13.76087951787901,0.0,0.0,13.07744678305495,0.0,0.0,0.0,0.0,0.0,0.0,0.0,12.954332856209795,9.803324377642298,11.80519487971596
Var89,0.0,0.0,0.0,0.0,0.0,0.0,0.0,0.0,0.0,0.0,0.0,0.0,0.0,0.0,0.0,0.0,0.0,0.0,0.0,13.540120339333182,0.0,0.0,0.0,14.867972637811222,0.0,0.0,13.630783226421542,0.0,0.0,0.0,0.0,0.0,0.0,0.0,0.0,13.671459972596905,0.0,0.0,0.0,0.0,11.019005832451196,0.0,0.0,0.0,13.848933660137217,0.0,15.225258802505914,0.0,0.0,13.15261832517294,0.0,0.0,0.0,0.0,0.0,0.0,0.0,0.0,0.0,0.0,0.0,0.0,0.0,0.0,0.0,0.0,12.510044091667206,0.0,0.0,0.0,0.0,0.0,0.0,0.0,0.0,0.0,0.0,0.0,0.0,0.0,11.284479171993269,9.297703009352029,13.314958767820306,0.0,13.376802818445306,13.05817189916013,13.77413728378484,0.0,13.07744678305495,0.0,0.0,0.0,0.0,0.0,15.07646994911078,0.0,14.600208257869633,15.162510324189837,0.0,12.763229358211694
Var90,0.0,0.0,0.0,0.0,0.0,0.0,0.0,0.0,0.0,0.0,0.0,0.0,0.0,0.0,0.0,0.0,0.0,0.0,0.0,0.0,0.0,0.0,0.0,0.0,0.0,0.0,0.0,0.0,0.0,0.0,13.096248592841542,15.661860071104858,0.0,0.0,0.0,0.0,0.0,14.33415729123227,13.767133254068758,0.0,14.363035127609479,0.0,0.0,14.369955478227798,14.962508085260312,0.0,0.0,0.0,0.0,0.0,14.45775577999843,0.0,14.697765153002964,0.0,0.0,0.0,0.0,0.0,15.189726627022013,0.0,0.0,0.0,0.0,0.0,0.0,0.0,15.37573052991371,0.0,0.0,0.0,0.0,15.43702021075147,0.0,0.0,0.0,0.0,0.0,0.0,13.840585345227215,13.80219254887939,0.0,0.0,0.0,0.0,0.0,0.0,0.0,0.0,0.0,0.0,0.0,10.298589922493411,14.30077986821042,12.590449366223824,14.89172535187368,13.817819383296412,0.0,0.0,0.0,15.409720533350857
Var91,0.0,0.0,0.0,0.0,0.0,0.0,0.0,0.0,0.0,14.4188607466118,0.0,0.0,0.0,0.0,0.0,0.0,0.0,0.0,0.0,0.0,16.05912608576059,0.0,0.0,0.0,0.0,0.0,0.0,0.0,0.0,0.0,0.0,15.45929886757116,0.0,0.0,0.0,0.0,0.0,13.093366827851247,12.586339292451052,14.915276724919206,15.650053295897546,0.0,0.0,16.42198541501907,0.0,0.0,0.0,0.0,0.0,0.0,0.0,0.0,16.451614047256783,0.0,0.0,0.0,0.0,0.0,13.820867605800458,0.0,16.29392279244677,0.0,0.0,0.0,0.0,0.0,14.91256513702888,0.0,0.0,0.0,0.0,0.0,0.0,13.356342181767506,0.0,0.0,0.0,0.0,0.0,13.839303735083426,0.0,0.0,0.0,0.0,0.0,0.0,0.0,0.0,0.0,0.0,10.298589922493411,0.0,11.092845601606081,16.189297705974145,16.02926782344979,16.55092496787721,0.0,0.0,0.0,15.406166893644404
Var92,0.0,0.0,0.0,0.0,0.0,0.0,15.37681067768094,0.0,0.0,12.466450229755607,0.0,0.0,0.0,0.0,0.0,0.0,0.0,0.0,0.0,0.0,0.0,0.0,0.0,14.670011274516659,0.0,0.0,0.0,0.0,0.0,0.0,0.0,0.0,0.0,0.0,0.0,0.0,0.0,14.24015057726294,12.76756735274491,13.692218701453173,15.507986156592256,0.0,0.0,0.0,16.562937794114106,0.0,0.0,0.0,0.0,0.0,0.0,0.0,0.0,0.0,0.0,0.0,0.0,0.0,14.492498607922704,0.0,0.0,0.0,0.0,0.0,0.0,0.0,14.634194413819868,0.0,0.0,0.0,0.0,0.0,0.0,9.827227070072151,15.967866982089646,0.0,0.0,0.0,0.0,0.0,15.638057641321687,0.0,0.0,0.0,0.0,16.660187960669358,0.0,0.0,0.0,16.576245480323603,14.30077986821042,11.092845601606081,0.0,0.0,15.17923394177574,0.0,16.467955644613056,0.0,0.0,16.35478136718185
Var93,0.0,0.0,0.0,0.0,0.0,0.0,0.0,0.0,0.0,0.0,0.0,0.0,0.0,0.0,0.0,0.0,0.0,0.0,0.0,0.0,0.0,0.0,0.0,0.0,0.0,0.0,0.0,0.0,0.0,0.0,13.998655605723638,0.0,0.0,0.0,0.0,0.0,0.0,14.952508118777438,15.853702605014233,0.0,14.601339502803707,15.980641359399321,0.0,15.74893211038991,15.644886882322032,0.0,0.0,0.0,0.0,0.0,0.0,0.0,0.0,0.0,0.0,0.0,0.0,0.0,0.0,0.0,15.826452591286367,0.0,0.0,0.0,0.0,0.0,15.90552634004198,0.0,0.0,0.0,0.0,15.562563993099912,0.0,0.0,0.0,0.0,0.0,0.0,13.63556344881685,15.925264711069829,0.0,0.0,15.12763611398496,16.076612397441078,0.0,0.0,0.0,0.0,0.0,15.689246139601952,12.590449366223824,0.0,0.0,0.0,14.654617190866635,15.794713117148882,16.125610430804752,0.0,0.0,15.875039763955076
Var94,0.0,0.0,0.0,0.0,0.0,0.0,0.0,0.0,0.0,0.0,0.0,0.0,0.0,0.0,0.0,0.0,0.0,0.0,0.0,0.0,0.0,0.0,0.0,0.0,0.0,0.0,14.768876216210415,0.0,0.0,0.0,0.0,16.0213156249636,0.0,0.0,0.0,0.0,0.0,0.0,14.48523608228867,0.0,14.697949364885869,12.256603117788533,12.903274569876826,14.220392085723192,13.447660254658937,14.400367067841247,13.775168161751704,0.0,0.0,0.0,0.0,0.0,0.0,0.0,0.0,0.0,0.0,0.0,0.0,0.0,0.0,0.0,0.0,0.0,0.0,0.0,0.0,0.0,0.0,0.0,0.0,14.909412436083212,0.0,0.0,0.0,0.0,0.0,0.0,0.0,0.0,0.0,0.0,13.996180945481797,13.973662565061458,0.0,16.000532050660308,0.0,0.0,0.0,15.07646994911078,14.89172535187368,0.0,15.17923394177574,14.654617190866635,0.0,13.336858340202594,14.244410796594678,0.0,0.0,0.0
Var95,0.0,0.0,0.0,0.0,0.0,0.0,0.0,0.0,0.0,0.0,0.0,0.0,0.0,0.0,0.0,0.0,0.0,0.0,0.0,0.0,0.0,0.0,0.0,0.0,0.0,0.0,12.311446927182196,0.0,0.0,0.0,15.13673028069685,0.0,0.0,0.0,0.0,0.0,15.510260611989692,16.093975610975768,0.0,0.0,15.142311624201731,0.0,0.0,10.74522214094997,13.716590007073583,14.036206821512517,0.0,0.0,0.0,14.900381751094848,0.0,0.0,0.0,0.0,16.154218970009634,0.0,0.0,0.0,0.0,0.0,0.0,0.0,0.0,0.0,0.0,0.0,0.0,0.0,0.0,0.0,0.0,0.0,0.0,0.0,0.0,0.0,0.0,0.0,16.00354940512545,0.0,0.0,0.0,15.6057203438695,0.0,14.933861095504954,0.0,14.365251806508605,0.0,0.0,0.0,13.817819383296412,0.0,0.0,15.794713117148882,13.336858340202594,0.0,12.068834376824741,15.613663387759367,0.0,14.10287376545422
Var96,0.0,0.0,0.0,0.0,0.0,0.0,0.0,0.0,0.0,0.0,0.0,0.0,0.0,0.0,0.0,0.0,0.0,0.0,0.0,0.0,0.0,0.0,0.0,0.0,0.0,0.0,10.027397744870894,0.0,0.0,0.0,0.0,0.0,0.0,0.0,14.94368938147197,0.0,15.016204663745388,0.0,0.0,0.0,13.085037527277409,0.0,0.0,14.462474219545873,14.377010620031614,7.852864972070731,11.501421246759959,14.358906575738704,0.0,14.04027469343397,0.0,0.0,0.0,0.0,0.0,0.0,0.0,0.0,0.0,0.0,0.0,0.0,0.0,0.0,0.0,0.0,0.0,0.0,0.0,0.0,0.0,0.0,0.0,0.0,0.0,0.0,0.0,0.0,0.0,0.0,0.0,0.0,14.554702668983301,15.01390789103525,13.385346689273886,10.537661579424599,13.568333999954977,0.0,0.0,14.60020825786963,0.0,0.0,0.0,0.0,14.244410796594677,12.06883437682474,0.0,12.549468546437543,0.0,13.597261447321586
Var97,0.0,0.0,0.0,0.0,0.0,0.0,0.0,0.0,0.0,0.0,0.0,0.0,0.0,0.0,0.0,0.0,0.0,0.0,0.0,13.153705690789781,0.0,0.0,14.778578146005385,0.0,0.0,0.0,10.686982983334959,0.0,0.0,0.0,0.0,0.0,0.0,0.0,0.0,14.978608340136637,15.006581491162398,0.0,0.0,0.0,0.0,0.0,0.0,0.0,0.0,14.884874277594873,0.0,8.589646804895592,0.0,14.986737477191149,0.0,0.0,0.0,0.0,0.0,0.0,0.0,0.0,0.0,0.0,0.0,0.0,0.0,0.0,0.0,0.0,0.0,0.0,0.0,0.0,0.0,15.138452468304356,14.290113541877659,0.0,0.0,0.0,14.298094647345426,0.0,0.0,0.0,0.0,0.0,0.0,0.0,9.701730149995425,13.422508529716655,13.61723490175937,12.749193315675845,12.954332856209792,15.162510324189839,0.0,0.0,0.0,0.0,0.0,0.0,12.549468546437543,0.0,15.345357519409996,14.023441393090156
Var98,0.0,0.0,12.848683243769788,0.0,0.0,12.837304444884348,0.0,14.21884859151484,12.916673288435202,0.0,0.0,0.0,0.0,0.0,0.0,0.0,0.0,0.0,0.0,9.864717354248207,0.0,0.0,0.0,0.0,0.0,0.0,0.0,0.0,14.32338009461085,0.0,0.0,0.0,0.0,0.0,0.0,9.794419904331566,0.0,0.0,0.0,0.0,0.0,0.0,0.0,0.0,0.0,0.0,0.0,0.0,9.375450456953859,14.89490502771693,0.0,14.576911182313683,0.0,0.0,11.676731464798785,10.441243634887961,14.401057213621872,12.207700463829301,0.0,0.0,0.0,0.0,0.0,0.0,0.0,0.0,13.35065667825277,0.0,0.0,0.0,15.101235989535835,0.0,0.0,0.0,0.0,0.0,0.0,0.0,0.0,0.0,0.0,0.0,0.0,0.0,0.0,0.0,15.20422525635189,0.0,9.803324377642296,0.0,0.0,0.0,0.0,0.0,0.0,0.0,0.0,15.345357519409996,0.0,13.224488943970806
Var99,0.0,0.0,0.0,0.0,0.0,0.0,0.0,0.0,0.0,0.0,0.0,0.0,0.0,0.0,0.0,0.0,0.0,0.0,0.0,12.565156644036179,0.0,0.0,0.0,0.0,0.0,0.0,13.505396789217029,0.0,0.0,0.0,0.0,0.0,0.0,0.0,0.0,12.895087168615733,12.333058848809419,0.0,0.0,0.0,11.939405731964593,0.0,0.0,15.06243583857382,0.0,0.0,0.0,0.0,12.940025716418496,5.886287878445638,0.0,0.0,0.0,0.0,0.0,0.0,0.0,0.0,0.0,0.0,0.0,0.0,0.0,0.0,0.0,0.0,11.07383734176738,0.0,0.0,0.0,0.0,0.0,0.0,14.79181317388431,0.0,0.0,0.0,0.0,0.0,0.0,0.0,14.63732775271651,0.0,0.0,0.0,0.0,10.963292198586752,0.0,11.805194879715957,12.763229358211689,15.409720533350857,15.406166893644404,0.0,0.0,0.0,14.102873765454223,13.597261447321586,14.023441393090156,13.224488943970806,0.0
