,Var0,Var1,Var2,Var3,Var4,Var5,Var6,Var7,Var8,Var9,Var10,Var11,Var12,Var13,Var14,Var15,Var16,Var17,Var18,Var19,Var20,Var21,Var22,Var23,Var24,Var25,Var26,Var27,Var28,Var29,Var30,Var31,Var32,Var33,Var34,Var35,Var36,Var37,Var38,Var39,Var40,Var41,Var42,Var43,Var44,Var45,Var46,Var47,Var48,Var49,Var50,Var51,Var52,Var53,Var54,Var55,Var56,Var57,Var58,Var59,Var60,Var61,Var62,Var63,Var64,Var65,Var66,Var67,Var68,Var69,Var70,Var71,Var72,Var73,Var74,Var75,Var76,Var77,Var78,Var79,Var80,Var81,Var82,Var83,Var84,Var85,Var86,Var87,Var88,Var89,Var90,Var91,Var92,Var93,Var94,Var95,Var96,Var97,Var98,Var99
Var0,0.0,15.415269604626284,15.52099752760773,17.145683584363443,0.0,0.0,15.715000782197821,0.0,0.0,0.0,0.0,0.0,0.0,0.0,0.0,13.39169589263641,0.0,15.86828970905311,0.0,0.0,0.0,0.0,16.916677855724433,0.0,0.0,0.0,0.0,0.0,0.0,0.0,0.0,13.913259654859928,0.0,0.0,0.0,0.0,0.0,0.0,0.0,0.0,0.0,0.0,0.0,0.0,0.0,0.0,0.0,0.0,12.374587881751962,0.0,11.500694230251892,16.905722583276173,15.852911915046665,16.936121720285,0.0,0.0,15.335721381278164,0.0,0.0,0.0,0.0,0.0,0.0,0.0,0.0,0.0,15.267825542363086,0.0,17.218041980354112,15.354708969642616,0.0,15.425445814660849,0.0,0.0,0.0,0.0,0.0,0.0,0.0,15.304760051374197,0.0,0.0,0.0,0.0,0.0,0.0,0.0,0.0,0.0,0.0,0.0,0.0,0.0,0.0,0.0,0.0,0.0,0.0,12.75526261736217,0.0
Var1,15.415269604626284,0.0,10.185766851589563,13.440722305330441,13.29030913094653,13.763085716828805,0.0,10.390959284181452,14.364881040953973,0.0,0.0,0.0,0.0,0.0,0.0,0.0,0.0,13.72120000534591,0.0,0.0,0.0,0.0,0.0,0.0,0.0,0.0,0.0,0.0,0.0,0.0,0.0,0.0,0.0,0.0,0.0,17.23161982239157,0.0,0.0,0.0,0.0,0.0,0.0,0.0,0.0,0.0,0.0,0.0,0.0,15.146449441892564,0.0,15.686415187826674,9.332498557480791,16.94205016735259,16.99777137452916,14.121972864135916,15.315217813776517,9.271643786781794,14.817384468077636,0.0,0.0,0.0,0.0,0.0,0.0,0.0,0.0,0.0,0.0,0.0,12.470202439738525,0.0,0.0,0.0,0.0,0.0,0.0,0.0,0.0,0.0,0.0,0.0,0.0,0.0,0.0,0.0,0.0,0.0,0.0,0.0,0.0,0.0,0.0,0.0,0.0,0.0,0.0,0.0,0.0,16.405274528499703,0.0
Var2,15.52099752760773,10.185766851589563,0.0,0.0,0.0,7.663833142491619,0.0,7.113917654233611,9.269978203603605,0.0,0.0,0.0,0.0,0.0,0.0,0.0,0.0,11.269671696803785,0.0,0.0,0.0,0.0,14.94550524808172,0.0,0.0,0.0,0.0,0.0,0.0,0.0,0.0,0.0,0.0,0.0,0.0,0.0,0.0,0.0,0.0,0.0,0.0,0.0,0.0,0.0,0.0,0.0,0.0,0.0,15.616011730948872,0.0,0.0,8.593677680990574,0.0,0.0,9.64007938546008,9.508098838889135,8.7101854021251,10.561150624440995,0.0,0.0,0.0,0.0,15.675546731551925,15.184003430832476,0.0,0.0,0.0,15.239268201668038,15.383252935419065,12.148902918548508,0.0,15.40687731822175,15.028672143685574,0.0,0.0,0.0,0.0,0.0,0.0,0.0,0.0,0.0,0.0,0.0,0.0,0.0,0.0,0.0,0.0,0.0,0.0,0.0,0.0,0.0,0.0,0.0,0.0,0.0,0.0,0.0
Var3,17.145683584363443,13.440722305330441,0.0,0.0,11.390897935291749,0.0,0.0,17.635712055596436,0.0,0.0,0.0,0.0,0.0,0.0,0.0,16.385460032037585,0.0,17.35400827124403,0.0,0.0,0.0,0.0,0.0,0.0,0.0,0.0,0.0,0.0,0.0,0.0,17.82435175579758,0.0,16.992043068094542,0.0,0.0,0.0,0.0,0.0,0.0,0.0,0.0,0.0,0.0,0.0,0.0,0.0,0.0,0.0,17.486160692293485,0.0,17.111444478915555,16.53178143908742,14.67372300567331,10.785017428445052,0.0,0.0,15.420343668390878,0.0,0.0,0.0,0.0,0.0,0.0,0.0,0.0,0.0,0.0,0.0,0.0,14.77048340339728,0.0,0.0,0.0,0.0,0.0,0.0,0.0,0.0,17.69954761192737,0.0,0.0,16.550641754191282,17.189077679709165,0.0,0.0,17.750528860910055,0.0,0.0,0.0,0.0,0.0,0.0,0.0,0.0,0.0,0.0,0.0,0.0,17.668806769278433,0.0
Var4,0.0,13.29030913094653,16.20532966807795,11.390897935291749,0.0,16.062571790120206,0.0,15.230014429970518,17.675364843014,0.0,0.0,0.0,0.0,0.0,0.0,0.0,0.0,17.631563798950033,0.0,0.0,0.0,0.0,18.684571021935326,0.0,0.0,0.0,0.0,0.0,0.0,0.0,0.0,0.0,0.0,0.0,0.0,0.0,0.0,0.0,0.0,0.0,0.0,0.0,0.0,0.0,0.0,0.0,0.0,0.0,17.02843357910731,0.0,0.0,15.662129190893484,18.696743064953818,12.062561324614725,15.47601900709335,18.103333041292366,14.853646331213739,18.019464780957573,0.0,0.0,0.0,0.0,0.0,0.0,0.0,0.0,0.0,0.0,0.0,15.861263354111808,0.0,18.587019938936752,0.0,0.0,0.0,0.0,0.0,0.0,0.0,0.0,0.0,0.0,0.0,0.0,0.0,18.747200431395616,0.0,0.0,0.0,0.0,0.0,0.0,0.0,0.0,0.0,0.0,0.0,0.0,18.403321947792186,0.0
Var5,0.0,13.763085716828805,7.663833142491619,0.0,0.0,0.0,0.0,8.926712009948082,6.388731071898145,0.0,0.0,0.0,0.0,0.0,0.0,0.0,0.0,12.717143903040702,0.0,0.0,0.0,0.0,14.793733248620155,0.0,0.0,14.874829919844059,0.0,0.0,0.0,0.0,0.0,0.0,0.0,0.0,0.0,0.0,0.0,0.0,0.0,0.0,0.0,0.0,0.0,0.0,0.0,0.0,0.0,0.0,0.0,0.0,0.0,11.282413522844742,0.0,0.0,5.574286432766047,6.754844082575468,11.622729771704503,9.670468594809964,0.0,0.0,0.0,0.0,14.25024046881812,13.981072483497755,0.0,0.0,0.0,0.0,15.229373698532449,13.947186792204961,0.0,14.83676276472801,0.0,0.0,0.0,15.227200300832223,13.71776964899783,13.759858262470924,0.0,0.0,0.0,0.0,0.0,0.0,0.0,0.0,0.0,0.0,0.0,0.0,0.0,0.0,0.0,0.0,0.0,0.0,0.0,0.0,0.0,0.0
Var6,15.715000782197821,0.0,0.0,0.0,0.0,0.0,0.0,0.0,0.0,0.0,0.0,0.0,0.0,0.0,0.0,14.620489057000603,14.639352193151947,14.962563917069359,0.0,12.46059312450661,14.324605789866855,0.0,15.258158720456125,0.0,14.960584209357899,0.0,0.0,0.0,15.783920101070995,0.0,0.0,0.0,0.0,0.0,0.0,0.0,0.0,0.0,0.0,0.0,0.0,0.0,0.0,0.0,0.0,0.0,0.0,0.0,0.0,0.0,0.0,0.0,15.156611429818604,0.0,0.0,0.0,0.0,0.0,0.0,0.0,0.0,0.0,0.0,0.0,0.0,15.216371615955229,10.727261719973846,15.24748857125599,0.0,0.0,13.19300852448135,0.0,15.726001903460057,0.0,14.426563338497564,14.76264064692334,13.87380495003272,15.44342614976979,0.0,15.718452457332196,0.0,0.0,0.0,0.0,0.0,0.0,0.0,0.0,0.0,0.0,0.0,0.0,0.0,0.0,0.0,0.0,0.0,0.0,0.0,0.0
Var7,0.0,10.390959284181452,7.113917654233611,0.0,15.230014429970518,8.926712009948082,0.0,0.0,8.01796942927091,0.0,0.0,0.0,0.0,0.0,0.0,0.0,0.0,11.501527259831281,16.69568043595899,0.0,0.0,0.0,15.923482877482536,0.0,0.0,0.0,0.0,0.0,0.0,0.0,0.0,0.0,0.0,0.0,0.0,0.0,0.0,0.0,0.0,0.0,0.0,0.0,0.0,0.0,0.0,0.0,0.0,0.0,0.0,0.0,0.0,8.325923570327442,0.0,0.0,9.077536398696116,10.095265175942414,8.580871052928098,7.981381897803085,0.0,0.0,0.0,0.0,15.715051009985215,15.66991887876328,0.0,0.0,0.0,16.06187310383437,16.52440171518428,12.481870080253024,0.0,0.0,15.735274633440891,0.0,0.0,0.0,16.38859362367697,0.0,0.0,0.0,0.0,0.0,0.0,0.0,0.0,0.0,0.0,0.0,0.0,0.0,0.0,0.0,0.0,0.0,0.0,0.0,0.0,0.0,0.0,0.0
Var8,0.0,14.364881040953973,9.269978203603605,0.0,0.0,6.388731071898145,0.0,8.01796942927091,0.0,0.0,0.0,0.0,0.0,0.0,0.0,0.0,0.0,13.295588161411548,15.096531793441782,0.0,0.0,0.0,0.0,0.0,0.0,15.017863821824692,0.0,0.0,14.974684632262267,0.0,0.0,0.0,0.0,0.0,0.0,14.969371989400875,0.0,0.0,0.0,0.0,0.0,0.0,0.0,0.0,0.0,0.0,0.0,0.0,0.0,0.0,0.0,10.756164394548447,0.0,0.0,6.119269376810333,6.280521740785663,12.006033632287565,6.734186419451209,0.0,0.0,0.0,0.0,14.46930988107868,14.398181737440881,0.0,0.0,0.0,15.449560264885479,0.0,14.596603380899005,0.0,0.0,0.0,0.0,0.0,0.0,13.851989313837393,14.890829673929382,0.0,0.0,0.0,0.0,0.0,0.0,0.0,0.0,0.0,0.0,0.0,0.0,0.0,0.0,0.0,0.0,0.0,0.0,0.0,0.0,0.0,0.0
Var9,0.0,0.0,0.0,0.0,0.0,0.0,0.0,0.0,0.0,0.0,12.813117726055149,11.160152168949459,0.0,14.959471251120728,14.522005293722875,0.0,15.72274150236853,0.0,0.0,0.0,15.74646945272935,0.0,0.0,14.016294464883641,12.921717568789052,14.727126609836505,0.0,0.0,15.45231964780454,0.0,0.0,0.0,0.0,0.0,0.0,0.0,0.0,0.0,0.0,0.0,0.0,0.0,0.0,0.0,0.0,0.0,0.0,0.0,0.0,0.0,0.0,0.0,0.0,0.0,0.0,0.0,0.0,0.0,11.719183520306556,13.431785775862034,12.745014850450403,0.0,0.0,14.810636784114106,14.609140287111389,15.160865613328433,0.0,0.0,15.39594012350233,0.0,0.0,0.0,0.0,0.0,13.039065623772757,12.79628799906403,15.461571780953099,0.0,0.0,0.0,0.0,0.0,0.0,0.0,0.0,0.0,0.0,0.0,0.0,0.0,0.0,0.0,0.0,0.0,0.0,0.0,0.0,0.0,0.0,0.0
Var10,0.0,0.0,0.0,0.0,0.0,0.0,0.0,0.0,0.0,12.813117726055149,0.0,12.300578670473095,13.82073403866843,10.805521676903693,10.645873716848822,0.0,14.732468427909428,0.0,0.0,0.0,12.599549504505307,0.0,0.0,0.0,14.048952778368866,0.0,0.0,0.0,14.341333311542831,0.0,0.0,0.0,0.0,0.0,0.0,0.0,0.0,0.0,0.0,0.0,0.0,0.0,0.0,0.0,0.0,0.0,0.0,0.0,0.0,0.0,0.0,0.0,0.0,0.0,0.0,0.0,0.0,0.0,12.34265010222847,9.700974339051918,11.25390936035179,13.905201467033452,12.807636594506345,12.612489188519099,11.221872120552078,12.088170645295218,0.0,0.0,0.0,0.0,12.842486507842787,0.0,0.0,0.0,12.826103187167556,13.386692913682507,0.0,0.0,0.0,0.0,0.0,0.0,0.0,0.0,0.0,0.0,0.0,0.0,0.0,0.0,0.0,0.0,0.0,0.0,0.0,0.0,0.0,0.0,0.0,0.0
Var11,0.0,0.0,0.0,0.0,0.0,0.0,0.0,0.0,0.0,11.160152168949459,12.300578670473095,0.0,0.0,11.557724396611949,13.395609990238194,0.0,10.737310827664123,0.0,0.0,0.0,12.81616755132708,0.0,0.0,9.80110362917439,13.115965515961244,11.51170661362387,0.0,0.0,0.0,14.077866156566529,0.0,0.0,0.0,0.0,0.0,0.0,0.0,0.0,0.0,0.0,0.0,0.0,0.0,0.0,0.0,0.0,0.0,0.0,0.0,0.0,0.0,0.0,0.0,0.0,0.0,0.0,0.0,0.0,12.015097136537111,11.462508463453016,9.131344514676217,0.0,0.0,12.628770928804983,13.829571423717836,13.937334373277665,0.0,0.0,0.0,0.0,13.97620921335955,0.0,0.0,0.0,10.168620460997639,10.32008102127748,0.0,13.530409590460922,0.0,0.0,0.0,0.0,0.0,0.0,0.0,0.0,0.0,0.0,0.0,0.0,0.0,0.0,0.0,0.0,0.0,0.0,0.0,0.0,0.0,0.0
Var12,0.0,0.0,0.0,0.0,0.0,0.0,0.0,0.0,0.0,0.0,13.82073403866843,0.0,0.0,14.019902722243579,12.699477387950186,0.0,15.059093464643336,0.0,0.0,0.0,14.703161662813576,0.0,0.0,0.0,0.0,0.0,0.0,0.0,0.0,14.412038382403773,0.0,0.0,0.0,0.0,0.0,0.0,0.0,0.0,0.0,0.0,0.0,0.0,0.0,0.0,0.0,0.0,0.0,0.0,0.0,0.0,0.0,0.0,0.0,0.0,0.0,0.0,0.0,0.0,0.0,12.2783882853616,13.205626369441466,5.632471739559388,10.426921095654375,12.112338494106849,13.717403520356108,12.860966880138257,0.0,13.325038712961465,14.566901247164248,0.0,13.87471353707067,0.0,14.757573226978685,0.0,14.53186042513592,14.60046816794409,0.0,13.762640603402104,0.0,0.0,0.0,0.0,0.0,0.0,0.0,0.0,0.0,0.0,0.0,0.0,0.0,0.0,0.0,0.0,0.0,0.0,0.0,0.0,0.0,0.0
Var13,0.0,0.0,0.0,0.0,0.0,0.0,0.0,0.0,0.0,14.959471251120728,10.805521676903693,11.557724396611949,14.019902722243579,0.0,9.40029054489697,0.0,0.0,0.0,14.026574873810706,0.0,12.273628022092046,0.0,0.0,0.0,0.0,0.0,0.0,0.0,0.0,0.0,0.0,0.0,0.0,0.0,0.0,0.0,0.0,0.0,0.0,0.0,0.0,0.0,0.0,0.0,0.0,0.0,0.0,0.0,0.0,0.0,0.0,0.0,0.0,0.0,0.0,0.0,0.0,0.0,14.647930759358196,10.623698384982083,11.705260224586935,14.581094268543511,12.590340269131469,9.22922003467257,10.649501092694145,10.185874201106005,0.0,14.26904611539968,0.0,0.0,12.990764622781594,0.0,0.0,0.0,13.445894126776867,14.93878415441201,0.0,14.059277296968212,0.0,0.0,0.0,0.0,0.0,0.0,0.0,0.0,0.0,0.0,0.0,0.0,0.0,0.0,0.0,0.0,0.0,0.0,0.0,0.0,0.0,0.0
Var14,0.0,0.0,0.0,0.0,0.0,0.0,0.0,0.0,0.0,0.0,10.645873716848822,13.395609990238194,12.699477387950186,9.40029054489697,0.0,0.0,0.0,0.0,13.892430232279036,0.0,9.55935710470941,0.0,0.0,0.0,0.0,0.0,0.0,0.0,0.0,0.0,0.0,0.0,0.0,0.0,0.0,0.0,0.0,0.0,0.0,0.0,0.0,0.0,0.0,0.0,0.0,0.0,0.0,0.0,0.0,0.0,0.0,0.0,0.0,0.0,0.0,0.0,0.0,0.0,12.855684418034494,10.53708538850657,10.410194871284837,12.540169921703729,9.491778913767238,8.50085533272621,7.869492898991001,6.071993743069168,0.0,12.485161570030202,14.017429479154584,0.0,10.05533109954345,0.0,0.0,0.0,11.98585967350906,13.86964958993042,0.0,12.862053785367756,0.0,0.0,0.0,0.0,0.0,0.0,0.0,0.0,0.0,0.0,0.0,0.0,0.0,0.0,0.0,0.0,0.0,0.0,0.0,0.0,0.0,0.0
Var15,13.39169589263641,0.0,0.0,16.385460032037585,0.0,0.0,14.620489057000603,0.0,0.0,0.0,15.580952569742989,0.0,0.0,0.0,14.976389454365178,0.0,0.0,15.55660823946208,16.05417291984355,16.315450316993296,16.053411451666335,0.0,15.544079569309009,0.0,0.0,0.0,0.0,0.0,0.0,0.0,0.0,0.0,0.0,0.0,0.0,0.0,0.0,0.0,0.0,0.0,0.0,0.0,0.0,0.0,0.0,0.0,0.0,0.0,0.0,0.0,12.81522499862871,0.0,14.02164312147753,0.0,0.0,0.0,0.0,0.0,0.0,0.0,0.0,0.0,0.0,0.0,16.534937259597474,15.571901101617808,16.219161757854206,0.0,16.71426968206967,15.708450012190944,14.86556729298127,16.213360627264937,0.0,0.0,0.0,0.0,0.0,0.0,0.0,0.0,0.0,0.0,0.0,0.0,0.0,0.0,0.0,0.0,0.0,0.0,0.0,0.0,0.0,0.0,0.0,0.0,0.0,0.0,16.612876722351242,0.0
Var16,0.0,0.0,0.0,0.0,0.0,0.0,0.0,0.0,0.0,0.0,0.0,10.737310827664123,0.0,0.0,0.0,0.0,0.0,0.0,11.858308471233602,13.148358729642972,12.47176969424602,0.0,14.127811742426463,10.409008732800494,13.247287899375795,12.399977948940428,0.0,0.0,0.0,13.839589419796559,0.0,0.0,0.0,0.0,0.0,0.0,0.0,0.0,0.0,0.0,0.0,0.0,0.0,0.0,0.0,0.0,0.0,0.0,0.0,0.0,0.0,0.0,0.0,0.0,0.0,0.0,0.0,0.0,14.520171514439735,13.66488942499014,11.69038287987509,0.0,0.0,14.566705986685433,0.0,0.0,0.0,12.46371452465046,14.239801721181255,0.0,13.011091355450217,0.0,0.0,0.0,10.38278748784446,11.01976279574732,12.809158503289927,13.317540226116781,0.0,0.0,0.0,0.0,0.0,0.0,0.0,0.0,0.0,0.0,0.0,0.0,0.0,0.0,0.0,0.0,0.0,0.0,0.0,0.0,0.0,0.0
Var17,0.0,13.72120000534591,11.269671696803785,0.0,0.0,12.717143903040702,0.0,11.501527259831281,13.295588161411548,0.0,0.0,0.0,0.0,0.0,0.0,0.0,0.0,0.0,14.361952965646463,0.0,0.0,0.0,11.416547438662942,0.0,0.0,0.0,0.0,0.0,0.0,0.0,0.0,0.0,0.0,0.0,0.0,0.0,0.0,0.0,0.0,0.0,0.0,0.0,0.0,0.0,0.0,0.0,0.0,0.0,0.0,0.0,13.903892716758824,11.688436514594851,14.420963579759034,0.0,14.462111136846712,12.087342546572605,9.455355013839657,14.316522698014053,0.0,0.0,0.0,0.0,14.918189893125904,0.0,0.0,0.0,0.0,14.733098931710995,14.894460814896958,6.639367868179563,14.68496692000704,0.0,13.837583480036944,0.0,0.0,0.0,0.0,0.0,0.0,0.0,0.0,0.0,0.0,0.0,0.0,0.0,0.0,0.0,0.0,0.0,0.0,0.0,0.0,0.0,0.0,0.0,0.0,0.0,0.0,0.0
Var18,0.0,0.0,0.0,0.0,0.0,0.0,0.0,0.0,0.0,0.0,14.776346639689725,0.0,0.0,14.026574873810706,13.892430232279036,0.0,11.858308471233602,14.361952965646463,0.0,0.0,13.14313366205618,0.0,11.69593669263395,0.0,0.0,0.0,0.0,0.0,0.0,14.54942747844855,0.0,0.0,0.0,14.256086841185672,0.0,0.0,0.0,0.0,0.0,0.0,0.0,0.0,0.0,0.0,0.0,0.0,0.0,0.0,0.0,0.0,0.0,0.0,0.0,0.0,0.0,13.811930703699257,0.0,0.0,0.0,14.960653082855952,0.0,0.0,13.230494530131123,12.539526206213488,14.709134969768014,13.775045925114444,0.0,11.900047931601645,12.780269080766567,0.0,12.441052462903642,0.0,14.375917871206044,0.0,14.76313763382571,0.0,0.0,0.0,0.0,0.0,0.0,0.0,0.0,0.0,0.0,0.0,0.0,0.0,0.0,0.0,0.0,0.0,0.0,0.0,0.0,0.0,0.0,0.0,0.0,0.0
Var19,0.0,0.0,0.0,0.0,0.0,0.0,12.46059312450661,0.0,0.0,0.0,16.63676816656804,0.0,0.0,0.0,0.0,16.315450316993296,13.148358729642972,0.0,16.480663354116032,0.0,16.759944017871923,0.0,14.506273706315904,16.848749447867977,0.0,15.887922555207728,14.731608772526059,0.0,15.367659883038632,0.0,0.0,0.0,0.0,0.0,0.0,0.0,0.0,0.0,0.0,16.61625579543926,0.0,0.0,0.0,0.0,0.0,0.0,0.0,0.0,0.0,0.0,0.0,0.0,0.0,0.0,0.0,0.0,0.0,0.0,0.0,0.0,0.0,0.0,0.0,0.0,0.0,0.0,14.447729048929201,0.0,0.0,0.0,14.50545543813292,0.0,0.0,0.0,16.42014868968822,15.94445360244994,15.102607689448439,16.471334362392874,0.0,0.0,0.0,0.0,0.0,0.0,16.347222455707108,0.0,0.0,0.0,16.14378635221248,0.0,0.0,0.0,0.0,0.0,0.0,0.0,0.0,0.0,0.0,0.0
Var20,0.0,0.0,0.0,0.0,0.0,0.0,0.0,0.0,0.0,0.0,12.599549504505307,12.81616755132708,0.0,12.273628022092046,9.55935710470941,0.0,12.47176969424602,0.0,13.14313366205618,0.0,0.0,0.0,0.0,0.0,0.0,0.0,0.0,0.0,0.0,13.878027384419278,0.0,0.0,0.0,0.0,0.0,0.0,0.0,0.0,0.0,0.0,0.0,0.0,0.0,0.0,0.0,0.0,0.0,0.0,0.0,0.0,0.0,0.0,0.0,0.0,0.0,0.0,0.0,0.0,13.132137156136764,12.439017884582713,10.681289464994117,0.0,12.123486473953669,11.477209007310996,11.109834809798722,10.700213571531524,0.0,12.54527428134762,13.879502370313796,0.0,9.289502736101165,0.0,0.0,0.0,10.457728037112524,13.085022209586594,0.0,11.771855869609505,0.0,0.0,0.0,0.0,0.0,0.0,0.0,0.0,0.0,0.0,0.0,0.0,0.0,0.0,0.0,0.0,0.0,0.0,0.0,0.0,0.0,0.0
Var21,0.0,0.0,0.0,0.0,0.0,0.0,0.0,0.0,0.0,17.723084517819775,0.0,16.618481244816287,0.0,0.0,0.0,0.0,16.913533671415042,0.0,15.31570383380922,0.0,17.687089757736818,0.0,15.786161527701207,15.185316800071803,0.0,17.139305650554117,0.0,0.0,0.0,13.995003247508535,0.0,0.0,0.0,14.001032757257551,16.770538593925725,0.0,0.0,0.0,17.281179469111034,0.0,0.0,0.0,0.0,0.0,0.0,0.0,0.0,0.0,0.0,0.0,0.0,0.0,0.0,0.0,0.0,17.828429872549364,0.0,0.0,0.0,0.0,0.0,0.0,0.0,17.503106963964733,0.0,0.0,0.0,0.0,17.380443023846098,0.0,0.0,16.45743541954947,0.0,0.0,17.869405290273683,0.0,0.0,17.304714105887903,0.0,0.0,0.0,0.0,0.0,0.0,0.0,0.0,0.0,0.0,0.0,0.0,0.0,16.880378764470837,17.74985646660828,0.0,0.0,0.0,0.0,0.0,0.0,0.0
Var22,0.0,0.0,14.94550524808172,0.0,0.0,14.793733248620155,0.0,0.0,0.0,0.0,0.0,0.0,0.0,0.0,0.0,0.0,14.127811742426463,11.416547438662942,11.69593669263395,14.506273706315904,13.971855866289276,0.0,0.0,0.0,0.0,0.0,0.0,0.0,0.0,12.972374234853792,0.0,0.0,0.0,15.033957996958717,0.0,0.0,0.0,0.0,0.0,0.0,0.0,0.0,0.0,0.0,0.0,0.0,0.0,0.0,0.0,0.0,14.652822301220052,0.0,0.0,0.0,0.0,0.0,0.0,0.0,0.0,0.0,0.0,0.0,14.799104005519878,0.0,0.0,0.0,0.0,13.831672290079545,13.955266659122065,13.336916218830877,13.081466499268565,13.107219684603493,12.721319453053288,0.0,14.918404327943946,0.0,14.967496067878589,12.806705964356267,0.0,0.0,0.0,0.0,0.0,0.0,0.0,0.0,0.0,0.0,0.0,0.0,0.0,0.0,0.0,0.0,0.0,0.0,0.0,0.0,0.0,0.0
Var23,0.0,0.0,0.0,0.0,0.0,0.0,0.0,0.0,0.0,14.016294464883641,15.23277922311937,9.80110362917439,0.0,15.67187230819817,0.0,0.0,10.409008732800494,0.0,0.0,0.0,14.161726368626946,15.185316800071803,0.0,0.0,12.861119018040975,10.60755193702211,0.0,14.760600417333162,15.600671877097561,12.94511295890889,0.0,0.0,0.0,0.0,0.0,0.0,0.0,0.0,0.0,0.0,0.0,0.0,0.0,0.0,0.0,0.0,0.0,0.0,0.0,0.0,0.0,0.0,0.0,0.0,0.0,0.0,0.0,0.0,12.772125371562524,13.2963280861492,12.043577558632977,0.0,0.0,0.0,0.0,0.0,0.0,0.0,0.0,0.0,15.727750987938482,0.0,0.0,0.0,10.405121964124262,10.7870670831536,13.88391450898978,13.305943020623756,0.0,0.0,0.0,0.0,0.0,0.0,0.0,0.0,0.0,0.0,0.0,0.0,0.0,0.0,0.0,0.0,0.0,0.0,0.0,0.0,0.0,0.0
Var24,0.0,0.0,0.0,0.0,0.0,0.0,14.960584209357899,0.0,0.0,12.921717568789052,14.048952778368866,13.115965515961244,0.0,0.0,15.464813974494673,0.0,13.247287899375795,0.0,0.0,0.0,14.22372220045032,0.0,0.0,12.861119018040975,0.0,11.820488520347565,0.0,14.255788353980344,0.0,15.370439584431201,0.0,0.0,0.0,0.0,0.0,0.0,0.0,0.0,0.0,0.0,0.0,0.0,0.0,0.0,0.0,0.0,0.0,0.0,0.0,0.0,0.0,0.0,0.0,0.0,0.0,0.0,0.0,0.0,11.039420212399685,13.35827885551522,10.896750669358553,15.307519302200298,0.0,0.0,0.0,0.0,0.0,0.0,0.0,0.0,15.39974907261871,0.0,0.0,0.0,11.633913293206204,9.847873557351242,13.927771706489176,14.221885750777258,0.0,0.0,0.0,0.0,0.0,0.0,0.0,0.0,0.0,0.0,0.0,0.0,0.0,0.0,0.0,0.0,0.0,0.0,0.0,0.0,0.0,0.0
Var25,0.0,0.0,0.0,0.0,0.0,14.874829919844059,0.0,0.0,15.017863821824692,14.727126609836505,0.0,11.51170661362387,0.0,0.0,0.0,0.0,12.399977948940428,0.0,0.0,0.0,0.0,0.0,0.0,10.60755193702211,11.820488520347565,0.0,14.523306881302265,12.317439214048266,0.0,13.219447867336456,0.0,0.0,0.0,0.0,0.0,0.0,0.0,0.0,0.0,0.0,0.0,14.286180199493986,0.0,0.0,0.0,0.0,0.0,0.0,0.0,0.0,0.0,0.0,0.0,0.0,14.829079426278557,0.0,0.0,0.0,12.202256712291945,14.093096793193473,12.405640450518433,0.0,0.0,0.0,0.0,0.0,0.0,0.0,0.0,0.0,14.272849626126115,0.0,0.0,0.0,11.44981308531309,9.343118638041869,11.715847181332947,12.143681659177364,0.0,0.0,0.0,0.0,0.0,0.0,0.0,0.0,0.0,0.0,0.0,0.0,0.0,0.0,0.0,0.0,0.0,0.0,0.0,0.0,0.0,0.0
Var26,0.0,0.0,0.0,0.0,0.0,0.0,0.0,0.0,0.0,0.0,0.0,0.0,0.0,0.0,0.0,0.0,15.75259211079897,0.0,0.0,14.731608772526059,0.0,0.0,17.852044528977235,16.816424868740192,16.71319346272099,14.523306881302265,0.0,11.44180591845731,0.0,16.90701176875155,0.0,0.0,0.0,0.0,18.101325155843703,0.0,17.292979214471142,0.0,0.0,0.0,0.0,17.770350202771407,0.0,0.0,14.098545992790271,17.652725393730567,0.0,0.0,0.0,0.0,0.0,0.0,0.0,0.0,0.0,0.0,0.0,0.0,0.0,0.0,0.0,0.0,0.0,0.0,0.0,0.0,0.0,0.0,0.0,0.0,17.433682651712868,0.0,18.024238431487067,0.0,0.0,16.940213186465872,17.21159116441295,17.675285192030948,0.0,0.0,0.0,0.0,0.0,0.0,11.03661830182265,0.0,0.0,13.785498991570126,0.0,0.0,0.0,0.0,0.0,0.0,0.0,0.0,0.0,0.0,0.0,0.0
Var27,0.0,0.0,0.0,0.0,0.0,0.0,0.0,0.0,0.0,0.0,0.0,15.490431281425089,0.0,0.0,0.0,0.0,15.257677541126974,0.0,0.0,0.0,0.0,0.0,0.0,14.760600417333162,14.255788353980344,12.317439214048266,11.44180591845731,0.0,15.975281313269265,13.51774096851876,0.0,0.0,0.0,0.0,0.0,0.0,15.585824815365527,0.0,0.0,0.0,0.0,0.0,0.0,0.0,0.0,0.0,0.0,0.0,0.0,0.0,0.0,0.0,0.0,0.0,16.386863586801915,0.0,0.0,0.0,14.324653103074118,15.613485983812279,14.06235796519064,0.0,0.0,0.0,0.0,0.0,0.0,0.0,0.0,0.0,16.499209752858192,0.0,0.0,0.0,15.377786015463418,13.202992455703168,13.546702869756583,13.654373008536181,0.0,0.0,0.0,0.0,0.0,0.0,14.75769674077378,0.0,0.0,11.483779534355724,0.0,0.0,0.0,0.0,0.0,0.0,0.0,0.0,0.0,0.0,0.0,0.0
Var28,0.0,0.0,0.0,0.0,0.0,15.33786684119893,0.0,0.0,14.974684632262267,15.45231964780454,14.341333311542831,0.0,0.0,0.0,0.0,0.0,15.434097297505,0.0,0.0,15.367659883038632,15.285073616869346,0.0,0.0,15.600671877097561,15.516825622501115,15.080643905006543,0.0,0.0,0.0,0.0,0.0,0.0,0.0,0.0,0.0,0.0,0.0,0.0,0.0,0.0,0.0,0.0,0.0,0.0,0.0,0.0,0.0,0.0,0.0,0.0,0.0,0.0,0.0,0.0,0.0,15.211103291278002,0.0,0.0,15.11092183939887,12.981522855758733,15.486959568624695,0.0,15.608715112835544,0.0,0.0,0.0,0.0,0.0,0.0,0.0,14.882104555648647,0.0,0.0,0.0,14.117752862278545,14.687745981948256,12.78269512441674,14.760727549517984,0.0,0.0,0.0,0.0,0.0,0.0,0.0,0.0,0.0,0.0,0.0,0.0,0.0,0.0,0.0,0.0,0.0,0.0,0.0,0.0,0.0,0.0
Var29,0.0,0.0,0.0,0.0,0.0,0.0,0.0,0.0,0.0,0.0,0.0,14.077866156566529,14.412038382403773,0.0,0.0,0.0,13.839589419796559,0.0,14.54942747844855,0.0,13.878027384419278,13.995003247508535,12.972374234853792,12.94511295890889,0.0,13.219447867336456,0.0,13.51774096851876,0.0,0.0,0.0,0.0,0.0,0.0,0.0,0.0,0.0,0.0,0.0,0.0,0.0,0.0,0.0,0.0,0.0,0.0,0.0,0.0,0.0,0.0,0.0,0.0,0.0,0.0,0.0,0.0,0.0,0.0,14.06640699168846,13.313313689276855,13.193396998482113,0.0,14.528363070464943,14.564892289326952,0.0,0.0,0.0,0.0,0.0,0.0,0.0,13.680636692104374,0.0,0.0,12.670670169852585,12.958669914640955,14.581286172670278,9.5075310138062,0.0,0.0,0.0,0.0,0.0,0.0,0.0,0.0,0.0,0.0,0.0,0.0,0.0,0.0,0.0,0.0,0.0,0.0,0.0,0.0,0.0,0.0
Var30,17.780794420250366,0.0,0.0,17.82435175579758,0.0,0.0,0.0,0.0,0.0,0.0,0.0,0.0,0.0,0.0,0.0,0.0,0.0,0.0,0.0,0.0,0.0,0.0,0.0,0.0,0.0,0.0,0.0,0.0,0.0,0.0,0.0,16.795635177321323,16.808474191168347,0.0,0.0,0.0,0.0,16.178930325757488,0.0,0.0,0.0,0.0,17.528322109105066,13.878329919898773,0.0,18.0482410250109,0.0,0.0,0.0,15.780724719266974,0.0,0.0,0.0,0.0,0.0,0.0,0.0,0.0,0.0,0.0,0.0,0.0,0.0,0.0,0.0,0.0,0.0,0.0,0.0,0.0,0.0,0.0,0.0,0.0,0.0,0.0,0.0,0.0,12.952113945173561,16.267857813566735,0.0,17.891431603068362,15.289234632553484,0.0,0.0,17.74943733725675,0.0,0.0,0.0,0.0,17.48826049833385,0.0,0.0,17.06840571213432,0.0,14.49932655747151,17.566807016952428,17.870205049358272,0.0,16.772464384019024
Var31,13.913259654859928,0.0,16.641734096620567,0.0,0.0,0.0,16.53063859889215,0.0,0.0,0.0,16.536532558113425,0.0,0.0,16.88411024961881,15.847666835560092,16.835449311534536,0.0,0.0,0.0,0.0,0.0,0.0,0.0,0.0,16.03954485811,0.0,0.0,0.0,0.0,0.0,16.795635177321323,0.0,0.0,0.0,0.0,0.0,0.0,0.0,0.0,0.0,0.0,0.0,0.0,0.0,0.0,0.0,0.0,0.0,0.0,0.0,15.219038180271278,0.0,0.0,0.0,0.0,0.0,0.0,0.0,0.0,16.333640657779288,0.0,0.0,16.910399437357995,15.702664273709955,16.273228059616265,16.912995353960937,0.0,0.0,16.6394942277484,0.0,0.0,15.16686158166956,0.0,0.0,16.499870926567162,0.0,0.0,0.0,0.0,11.592319184956269,0.0,0.0,0.0,0.0,0.0,0.0,0.0,0.0,0.0,0.0,0.0,16.05380586134188,0.0,0.0,0.0,0.0,0.0,0.0,0.0,0.0
Var32,0.0,0.0,0.0,0.0,0.0,0.0,0.0,0.0,0.0,0.0,0.0,0.0,0.0,0.0,0.0,0.0,0.0,0.0,0.0,0.0,0.0,0.0,0.0,0.0,0.0,0.0,0.0,0.0,0.0,0.0,16.808474191168347,0.0,0.0,0.0,0.0,0.0,16.431796703050928,0.0,0.0,0.0,15.153709949370901,0.0,0.0,0.0,15.58657728371925,16.298314658545152,0.0,15.958875069135777,0.0,15.78666651037739,0.0,0.0,0.0,0.0,0.0,0.0,0.0,0.0,0.0,0.0,0.0,0.0,0.0,0.0,0.0,0.0,0.0,0.0,0.0,0.0,0.0,0.0,0.0,0.0,0.0,0.0,0.0,0.0,15.184041703920286,0.0,0.0,12.653029846638363,12.986426783391579,16.84910884756698,0.0,15.298352836081085,15.446058140840343,0.0,16.4813358052011,14.583622059911397,14.990448581098098,0.0,0.0,0.0,0.0,15.296986578435394,15.520402763828088,13.230150112918567,0.0,14.52461868679559
Var33,0.0,0.0,0.0,0.0,0.0,0.0,0.0,0.0,0.0,0.0,0.0,0.0,18.047197798582484,0.0,0.0,17.009636383697107,15.596832450468328,15.731650490881377,14.256086841185672,17.868799146577775,0.0,14.001032757257551,15.033957996958717,0.0,0.0,0.0,0.0,0.0,0.0,17.942955676035,0.0,0.0,0.0,0.0,15.636627438536383,15.815309350649144,0.0,0.0,0.0,0.0,0.0,0.0,0.0,0.0,0.0,0.0,0.0,0.0,18.01445222615646,0.0,0.0,0.0,0.0,0.0,0.0,17.83705038118344,0.0,0.0,0.0,0.0,0.0,0.0,17.992997317632497,0.0,0.0,0.0,0.0,18.092114830415202,16.38581190486641,16.8711003694358,17.46662539880559,0.0,0.0,0.0,0.0,0.0,0.0,0.0,0.0,0.0,0.0,0.0,0.0,0.0,0.0,0.0,0.0,0.0,17.500813256651597,0.0,0.0,0.0,0.0,0.0,0.0,0.0,0.0,0.0,17.828644327007964,0.0
Var34,0.0,0.0,0.0,0.0,0.0,0.0,0.0,0.0,0.0,0.0,0.0,0.0,0.0,0.0,0.0,0.0,0.0,0.0,0.0,0.0,0.0,16.770538593925725,0.0,0.0,0.0,0.0,0.0,0.0,0.0,0.0,0.0,0.0,0.0,15.636627438536383,0.0,0.0,16.584442825910735,0.0,16.94266465703774,0.0,15.214822538094463,17.069861860976577,14.04017765424762,0.0,13.809270042616708,16.032790097537116,14.2246211626527,16.220882160829095,0.0,17.02264346166425,0.0,0.0,0.0,0.0,0.0,0.0,0.0,0.0,0.0,0.0,0.0,0.0,0.0,0.0,0.0,0.0,0.0,0.0,0.0,0.0,0.0,0.0,0.0,0.0,0.0,0.0,0.0,0.0,0.0,0.0,0.0,16.27409907795203,16.57576705236381,17.3058672336683,0.0,15.734453200144221,16.316620953220195,0.0,0.0,0.0,0.0,0.0,0.0,0.0,0.0,0.0,17.654808930402503,17.650765664633727,0.0,17.753626394597976
Var35,17.3149275059142,17.23161982239157,0.0,0.0,0.0,16.777900895214387,0.0,16.95329815610175,14.969371989400875,0.0,0.0,0.0,0.0,0.0,0.0,0.0,0.0,16.217365242693262,0.0,0.0,0.0,0.0,0.0,0.0,0.0,0.0,0.0,0.0,0.0,0.0,0.0,0.0,0.0,15.815309350649144,0.0,0.0,17.26059816579153,0.0,0.0,0.0,16.84594701080602,0.0,0.0,0.0,0.0,0.0,0.0,0.0,13.05136197598476,0.0,0.0,16.32908594623776,0.0,0.0,15.970008798540096,16.051068339173636,15.745425643919345,15.163284255745081,0.0,0.0,0.0,0.0,0.0,0.0,0.0,0.0,0.0,0.0,0.0,16.523187676652043,0.0,0.0,0.0,0.0,0.0,0.0,0.0,0.0,0.0,0.0,0.0,0.0,0.0,0.0,0.0,0.0,16.36299693097023,0.0,12.31965381500739,0.0,0.0,0.0,0.0,0.0,0.0,0.0,0.0,0.0,14.797984035139157,16.981103934657458
Var36,0.0,0.0,0.0,0.0,0.0,0.0,0.0,0.0,0.0,0.0,0.0,0.0,0.0,0.0,0.0,0.0,0.0,0.0,0.0,0.0,0.0,0.0,0.0,0.0,0.0,0.0,0.0,15.585824815365527,0.0,0.0,0.0,0.0,16.431796703050928,0.0,0.0,0.0,0.0,0.0,0.0,16.507118877701256,13.385810376713817,0.0,16.330271601262776,15.932168926730967,12.608559032911343,12.816847646325174,0.0,0.0,0.0,15.068771366254191,0.0,0.0,0.0,0.0,0.0,0.0,0.0,0.0,0.0,0.0,0.0,0.0,0.0,0.0,0.0,0.0,0.0,0.0,0.0,0.0,0.0,0.0,0.0,0.0,0.0,0.0,0.0,0.0,0.0,0.0,14.73744450636977,15.824260746983025,0.0,0.0,0.0,0.0,7.217674478209569,11.239222349627084,13.526025516709609,11.705860210763852,0.0,0.0,0.0,14.383421186661492,0.0,14.473650432848011,14.150155105190963,13.502971915866949,0.0,14.30587647118836
Var37,0.0,0.0,0.0,0.0,0.0,0.0,0.0,0.0,0.0,0.0,0.0,0.0,0.0,0.0,0.0,0.0,0.0,0.0,0.0,0.0,0.0,0.0,0.0,0.0,0.0,0.0,0.0,0.0,0.0,0.0,0.0,0.0,0.0,0.0,0.0,0.0,0.0,0.0,14.981519169919357,15.165559741918539,15.994754925815847,15.999650651608842,14.153162608932412,15.938057274143219,0.0,15.766622430993396,15.896831535885594,0.0,0.0,14.766796759928877,0.0,0.0,0.0,0.0,0.0,0.0,0.0,0.0,0.0,0.0,0.0,0.0,0.0,0.0,0.0,0.0,0.0,0.0,0.0,0.0,0.0,0.0,0.0,0.0,0.0,0.0,0.0,0.0,15.349265426624466,15.538704643259223,0.0,0.0,0.0,0.0,0.0,15.477724014100502,0.0,0.0,0.0,15.535572014891414,15.177394372753609,0.0,16.08492799359563,14.108961420305418,0.0,15.653618454621322,15.790750870618815,16.135428676323347,0.0,14.54993004585551
Var38,0.0,0.0,0.0,0.0,0.0,0.0,0.0,0.0,0.0,17.508702490130844,0.0,0.0,0.0,0.0,0.0,0.0,0.0,0.0,0.0,0.0,0.0,17.281179469111034,0.0,17.38223126548882,0.0,0.0,0.0,0.0,0.0,0.0,0.0,17.82738525518873,0.0,0.0,16.94266465703774,0.0,0.0,14.981519169919357,0.0,12.676423855781938,0.0,0.0,17.229971926289036,0.0,0.0,0.0,16.035056977345253,0.0,0.0,0.0,0.0,0.0,0.0,0.0,0.0,0.0,0.0,0.0,0.0,0.0,0.0,0.0,0.0,0.0,0.0,0.0,0.0,0.0,0.0,0.0,0.0,17.23605251129105,0.0,14.404323027916751,0.0,0.0,0.0,0.0,0.0,16.518877407412322,17.515288988341236,0.0,0.0,16.793327948945755,0.0,14.914664785131015,0.0,0.0,0.0,0.0,0.0,14.38150806418558,12.093093049334449,17.10720286923315,14.419891744976182,0.0,17.611432903627374,0.0,0.0,0.0
Var39,0.0,0.0,0.0,0.0,0.0,0.0,0.0,0.0,0.0,0.0,0.0,0.0,0.0,0.0,0.0,0.0,0.0,0.0,0.0,16.61625579543926,0.0,0.0,0.0,0.0,0.0,0.0,0.0,0.0,0.0,0.0,0.0,0.0,0.0,0.0,0.0,0.0,16.507118877701256,15.165559741918539,12.676423855781938,0.0,14.776391325458043,0.0,0.0,0.0,0.0,16.45281365207467,15.816717949047337,0.0,0.0,16.461519128150524,0.0,0.0,0.0,0.0,0.0,0.0,0.0,0.0,0.0,0.0,0.0,0.0,0.0,0.0,0.0,0.0,15.877601062645308,0.0,0.0,0.0,0.0,0.0,0.0,13.108704709407384,0.0,0.0,0.0,0.0,0.0,16.49193817521402,15.573534911935448,0.0,0.0,0.0,0.0,14.781805132053126,16.460642599522153,0.0,0.0,14.623704673506033,0.0,16.66500855397343,16.126093939203436,15.218237694184719,15.998764816900707,0.0,16.53972369667501,0.0,0.0,0.0
Var40,0.0,0.0,0.0,0.0,0.0,0.0,0.0,0.0,0.0,0.0,0.0,0.0,0.0,0.0,0.0,0.0,0.0,0.0,0.0,0.0,0.0,0.0,0.0,0.0,0.0,0.0,0.0,0.0,0.0,0.0,0.0,0.0,0.0,0.0,0.0,0.0,13.385810376713817,0.0,0.0,14.776391325458043,0.0,0.0,13.259868220444433,14.371582873679731,14.225634884152537,9.628576695249563,11.045647843028828,7.619112922292443,0.0,9.983655996546267,0.0,0.0,0.0,0.0,0.0,0.0,0.0,0.0,0.0,0.0,0.0,0.0,0.0,0.0,0.0,0.0,0.0,0.0,0.0,0.0,0.0,0.0,0.0,0.0,0.0,0.0,0.0,0.0,0.0,0.0,0.0,11.985849815241036,14.161112070296342,0.0,0.0,12.890732479004054,13.294088704144768,0.0,0.0,11.118333134679375,14.941717754201607,0.0,0.0,14.899884061124544,0.0,12.804354696052377,11.434644785156618,9.684186828347848,0.0,11.243927735235086
Var41,0.0,0.0,0.0,0.0,0.0,0.0,0.0,0.0,0.0,0.0,0.0,17.117287910051104,0.0,0.0,0.0,0.0,0.0,0.0,0.0,0.0,0.0,0.0,0.0,16.078264383134627,17.163190334685332,14.286180199493986,17.770350202771407,16.977977154816948,0.0,0.0,0.0,0.0,0.0,0.0,17.069861860976577,0.0,17.062189754202013,15.999650651608842,0.0,16.891177447329852,0.0,0.0,13.192888203471487,0.0,16.09543562581279,16.56479328006185,0.0,0.0,0.0,0.0,0.0,0.0,0.0,0.0,17.340604819420037,0.0,0.0,0.0,17.697735590876103,0.0,0.0,0.0,0.0,0.0,0.0,0.0,0.0,0.0,0.0,0.0,0.0,0.0,0.0,0.0,0.0,17.057175982211813,17.785902838143528,0.0,0.0,0.0,0.0,0.0,0.0,0.0,0.0,0.0,0.0,16.77998336793155,0.0,0.0,0.0,0.0,0.0,15.374234844958204,15.99527828688023,0.0,0.0,0.0,0.0,0.0
Var42,0.0,0.0,0.0,0.0,0.0,0.0,0.0,0.0,0.0,0.0,0.0,0.0,0.0,0.0,0.0,0.0,0.0,0.0,0.0,0.0,0.0,0.0,0.0,0.0,0.0,0.0,0.0,0.0,0.0,0.0,0.0,0.0,0.0,0.0,14.04017765424762,0.0,0.0,14.153162608932412,0.0,0.0,13.259868220444433,13.192888203471487,0.0,16.2846237507743,12.803593627588963,11.234042239081237,12.577991089286277,15.601022777345074,0.0,14.372693688673394,0.0,0.0,0.0,0.0,0.0,0.0,0.0,0.0,0.0,0.0,0.0,0.0,0.0,0.0,0.0,0.0,0.0,0.0,0.0,0.0,0.0,0.0,0.0,0.0,0.0,0.0,0.0,0.0,0.0,0.0,0.0,0.0,16.213899178711134,0.0,0.0,15.54611922589868,0.0,0.0,0.0,14.97798179044788,15.805534795916259,0.0,0.0,14.416856142675984,13.886868343900273,15.769661899513668,13.126635714556365,15.287592773604716,0.0,15.881200540917854
Var43,0.0,0.0,0.0,0.0,0.0,0.0,0.0,0.0,0.0,0.0,0.0,0.0,0.0,0.0,0.0,0.0,0.0,0.0,0.0,0.0,0.0,0.0,0.0,0.0,0.0,0.0,0.0,0.0,0.0,0.0,13.878329919898773,0.0,16.853633805982547,0.0,0.0,0.0,15.932168926730967,15.938057274143219,0.0,0.0,14.371582873679731,0.0,16.2846237507743,0.0,16.871381971485995,12.900871343035247,0.0,15.61472556677639,0.0,11.766453861265292,0.0,0.0,0.0,0.0,0.0,0.0,0.0,0.0,0.0,0.0,0.0,0.0,0.0,0.0,0.0,0.0,0.0,0.0,0.0,0.0,0.0,0.0,0.0,0.0,0.0,0.0,0.0,0.0,16.885754645934885,0.0,0.0,16.788487014632395,16.407284382217227,0.0,0.0,0.0,15.845378499815931,0.0,0.0,16.318681704151274,0.0,0.0,0.0,15.231410510450395,0.0,8.094660005594314,13.962102555741152,13.409595725282909,0.0,13.244139210610179
Var44,0.0,0.0,0.0,0.0,0.0,0.0,0.0,0.0,0.0,0.0,0.0,0.0,0.0,0.0,0.0,0.0,0.0,0.0,0.0,0.0,0.0,0.0,0.0,0.0,0.0,0.0,14.098545992790271,0.0,0.0,0.0,0.0,0.0,15.58657728371925,0.0,13.809270042616708,0.0,12.608559032911343,0.0,0.0,0.0,14.225634884152537,16.09543562581279,12.803593627588963,0.0,0.0,11.743843832782389,15.502512135419149,16.147964410165542,0.0,0.0,0.0,0.0,0.0,0.0,0.0,0.0,0.0,0.0,0.0,0.0,0.0,0.0,0.0,0.0,0.0,0.0,0.0,0.0,0.0,0.0,0.0,0.0,0.0,0.0,0.0,0.0,0.0,0.0,0.0,0.0,15.468788897022996,0.0,15.032504409566611,0.0,15.462964645311837,0.0,13.460338430096202,13.104701527470189,15.949502932139612,13.487094444874854,0.0,0.0,0.0,0.0,0.0,15.474935983241537,13.348925959350357,14.233380921768072,0.0,0.0
Var45,0.0,0.0,0.0,0.0,0.0,0.0,0.0,0.0,0.0,0.0,0.0,0.0,0.0,0.0,0.0,0.0,0.0,0.0,0.0,0.0,0.0,0.0,0.0,0.0,0.0,0.0,0.0,0.0,0.0,0.0,0.0,0.0,0.0,0.0,0.0,0.0,12.816847646325174,15.766622430993396,0.0,0.0,9.628576695249563,0.0,11.234042239081237,12.900871343035247,11.743843832782389,0.0,12.608994413421877,12.933872568869976,0.0,10.620291299758142,0.0,0.0,0.0,0.0,0.0,0.0,0.0,0.0,0.0,0.0,0.0,0.0,0.0,0.0,0.0,0.0,0.0,0.0,0.0,0.0,0.0,0.0,0.0,0.0,0.0,0.0,0.0,0.0,0.0,0.0,0.0,0.0,15.40735920589809,0.0,0.0,14.982645186979234,13.888216604098403,15.34227230448212,0.0,12.280162487509374,0.0,0.0,0.0,13.623393780614677,15.956825159078347,10.58259459138235,8.84842709390521,12.162638842108057,0.0,14.105416444425444
Var46,0.0,0.0,0.0,0.0,0.0,0.0,0.0,0.0,0.0,0.0,0.0,0.0,0.0,0.0,0.0,0.0,0.0,0.0,0.0,0.0,0.0,0.0,0.0,0.0,0.0,0.0,0.0,0.0,0.0,0.0,0.0,0.0,0.0,0.0,14.2246211626527,0.0,16.767451657110463,15.896831535885594,16.035056977345253,15.816717949047337,11.045647843028828,0.0,12.577991089286277,0.0,15.502512135419149,12.608994413421877,0.0,13.8802026345303,0.0,11.338644457455171,0.0,0.0,0.0,0.0,0.0,0.0,0.0,0.0,0.0,0.0,0.0,0.0,0.0,0.0,0.0,0.0,0.0,0.0,0.0,0.0,0.0,0.0,0.0,0.0,0.0,0.0,0.0,0.0,0.0,0.0,0.0,13.933304738096107,15.918830063939211,0.0,0.0,11.177278032368385,16.128820170945854,0.0,0.0,13.863672192615475,0.0,0.0,0.0,0.0,0.0,15.507535425593247,12.510615614555087,13.13859053769324,0.0,12.580668951883986
Var47,0.0,0.0,0.0,0.0,0.0,0.0,0.0,0.0,0.0,0.0,0.0,0.0,0.0,0.0,0.0,0.0,0.0,0.0,0.0,0.0,0.0,0.0,0.0,0.0,0.0,0.0,0.0,0.0,0.0,0.0,0.0,0.0,15.958875069135777,0.0,16.220882160829095,0.0,0.0,0.0,0.0,0.0,7.619112922292443,0.0,15.601022777345074,15.61472556677639,16.147964410165542,12.933872568869976,13.8802026345303,0.0,0.0,13.46972744801218,0.0,0.0,0.0,0.0,0.0,0.0,0.0,0.0,0.0,0.0,0.0,0.0,0.0,0.0,0.0,0.0,0.0,0.0,0.0,0.0,0.0,0.0,0.0,0.0,0.0,0.0,0.0,0.0,0.0,0.0,0.0,13.596769349075776,15.119535010319584,0.0,0.0,15.329287211627488,16.053336965608626,0.0,16.333247904042217,14.29922010157124,15.220445142761339,0.0,0.0,0.0,0.0,14.750253288696793,14.138668053715,11.772265731195679,0.0,13.973506420773976
Var48,12.374587881751962,15.146449441892564,15.616011730948872,0.0,17.02843357910731,15.84164527534463,0.0,17.443654003137688,17.169360874838308,0.0,0.0,0.0,0.0,0.0,0.0,0.0,0.0,15.54029493886914,0.0,0.0,0.0,0.0,0.0,0.0,0.0,0.0,0.0,0.0,0.0,0.0,0.0,0.0,0.0,0.0,0.0,13.05136197598476,0.0,0.0,0.0,0.0,0.0,0.0,0.0,17.015631856404507,0.0,0.0,0.0,0.0,0.0,16.656758081596195,14.827297239343336,16.334912101300162,16.987504019258466,0.0,17.112819518697382,16.595280279950426,14.230143937462186,0.0,0.0,0.0,0.0,0.0,0.0,0.0,0.0,0.0,0.0,0.0,0.0,14.492608848433978,0.0,0.0,0.0,0.0,0.0,0.0,0.0,0.0,0.0,0.0,0.0,0.0,0.0,0.0,0.0,0.0,0.0,0.0,0.0,0.0,0.0,0.0,0.0,0.0,0.0,0.0,0.0,0.0,9.935506638362916,15.990422469551383
Var49,0.0,0.0,0.0,0.0,0.0,0.0,0.0,0.0,0.0,0.0,0.0,0.0,0.0,0.0,0.0,0.0,0.0,0.0,0.0,0.0,0.0,0.0,0.0,0.0,0.0,0.0,0.0,0.0,0.0,0.0,15.780724719266974,0.0,0.0,0.0,0.0,0.0,15.068771366254191,14.766796759928877,0.0,0.0,9.983655996546267,0.0,14.372693688673394,11.766453861265292,0.0,10.620291299758142,11.338644457455171,13.46972744801218,0.0,0.0,0.0,0.0,0.0,0.0,0.0,0.0,0.0,0.0,0.0,0.0,0.0,0.0,0.0,0.0,0.0,0.0,0.0,0.0,0.0,0.0,0.0,0.0,0.0,0.0,0.0,0.0,0.0,0.0,0.0,0.0,0.0,13.083390507055919,15.003676462524245,0.0,0.0,11.987342819682413,14.412537089255647,0.0,0.0,13.666369501942242,15.033648175909406,0.0,0.0,15.600410501753084,0.0,9.907879262096415,10.545744311297767,11.554141802233774,0.0,8.257424717927613
Var50,11.500694230251892,15.686415187826674,15.7288537111236,0.0,0.0,0.0,15.84426153609599,0.0,0.0,0.0,0.0,0.0,0.0,0.0,16.293098914871244,12.81522499862871,0.0,13.903892716758824,15.957212535153285,0.0,0.0,0.0,14.652822301220052,0.0,0.0,0.0,0.0,0.0,0.0,0.0,0.0,15.219038180271278,0.0,0.0,0.0,0.0,0.0,0.0,0.0,0.0,0.0,0.0,0.0,0.0,0.0,0.0,0.0,0.0,14.827297239343336,0.0,0.0,15.302039227927583,14.734753305369615,0.0,0.0,0.0,14.230045068311002,0.0,0.0,0.0,0.0,0.0,0.0,0.0,0.0,0.0,0.0,0.0,16.224780976703663,13.808644689109236,16.21039068649836,15.478497917013737,0.0,0.0,0.0,0.0,0.0,0.0,0.0,15.95670633436554,0.0,0.0,0.0,0.0,0.0,0.0,0.0,0.0,0.0,0.0,0.0,0.0,0.0,0.0,0.0,0.0,0.0,0.0,14.18363740071226,0.0
Var51,0.0,9.332498557480791,8.593677680990574,16.53178143908742,15.662129190893484,11.282413522844742,0.0,8.325923570327442,10.756164394548447,0.0,0.0,0.0,0.0,0.0,0.0,0.0,0.0,11.688436514594851,0.0,0.0,0.0,0.0,15.881406271532482,0.0,0.0,0.0,0.0,0.0,0.0,0.0,0.0,0.0,0.0,0.0,0.0,16.32908594623776,0.0,0.0,0.0,0.0,0.0,0.0,0.0,0.0,0.0,0.0,0.0,0.0,16.334912101300162,0.0,15.302039227927583,0.0,0.0,0.0,11.387701348871854,11.582642137967628,8.44698452223839,12.143170548233805,0.0,0.0,0.0,0.0,0.0,16.526773381749173,0.0,0.0,0.0,16.44539360849387,0.0,11.836473267946838,0.0,0.0,15.482160034008487,0.0,0.0,0.0,0.0,0.0,0.0,0.0,0.0,0.0,0.0,0.0,0.0,0.0,0.0,0.0,0.0,0.0,0.0,0.0,0.0,0.0,0.0,0.0,0.0,0.0,0.0,0.0
Var52,15.852911915046665,0.0,0.0,14.67372300567331,0.0,0.0,15.156611429818604,0.0,0.0,0.0,0.0,0.0,0.0,0.0,0.0,14.02164312147753,0.0,14.420963579759034,16.258873059088625,0.0,0.0,0.0,16.258911707529688,0.0,0.0,0.0,0.0,0.0,0.0,0.0,0.0,0.0,0.0,0.0,0.0,0.0,0.0,0.0,0.0,0.0,0.0,0.0,0.0,0.0,0.0,0.0,0.0,0.0,0.0,0.0,14.734753305369615,16.829863514455372,0.0,0.0,0.0,0.0,14.516172162542686,0.0,0.0,0.0,0.0,0.0,16.583324593944916,0.0,0.0,15.972251189224897,14.584517472804535,14.575215518802183,14.14227464807561,12.1002617545046,16.046537584973528,16.747059531537122,13.177427048583034,0.0,0.0,0.0,0.0,0.0,0.0,0.0,0.0,0.0,0.0,0.0,0.0,0.0,0.0,0.0,0.0,0.0,0.0,0.0,0.0,0.0,0.0,0.0,0.0,0.0,16.08839388316871,0.0
Var53,16.936121720285,16.99777137452916,0.0,10.785017428445052,12.062561324614725,0.0,0.0,0.0,0.0,0.0,0.0,0.0,0.0,0.0,0.0,16.841715877871277,0.0,0.0,0.0,0.0,0.0,0.0,18.677905108229215,0.0,0.0,0.0,0.0,0.0,0.0,0.0,0.0,0.0,17.620988868414624,0.0,0.0,0.0,0.0,0.0,0.0,0.0,0.0,0.0,0.0,0.0,0.0,0.0,0.0,0.0,18.176141225092334,0.0,17.614798231312054,0.0,16.889880167744877,0.0,0.0,0.0,0.0,0.0,0.0,0.0,0.0,0.0,0.0,0.0,0.0,0.0,18.719471663529394,0.0,0.0,18.071807913663566,0.0,18.416375245795777,0.0,0.0,0.0,0.0,0.0,0.0,18.66370987347738,0.0,0.0,16.824379916434374,17.46497223500923,17.45071427598311,0.0,16.688563072571018,0.0,0.0,0.0,0.0,0.0,0.0,0.0,0.0,0.0,0.0,0.0,17.899771247438665,18.324631110987685,0.0
Var54,0.0,14.121972864135916,9.64007938546008,0.0,15.47601900709335,5.574286432766047,0.0,9.077536398696116,6.119269376810333,0.0,0.0,0.0,0.0,0.0,0.0,0.0,0.0,14.462111136846712,0.0,0.0,0.0,0.0,0.0,0.0,0.0,14.829079426278557,0.0,0.0,16.046626261689443,0.0,0.0,0.0,0.0,0.0,0.0,15.970008798540096,0.0,0.0,0.0,0.0,0.0,0.0,0.0,0.0,0.0,0.0,0.0,0.0,0.0,0.0,0.0,11.387701348871854,0.0,0.0,0.0,7.82848800656247,12.600771390609108,7.988391451570403,0.0,0.0,0.0,0.0,15.510566019159215,14.702293064801621,0.0,0.0,0.0,0.0,0.0,15.448446763971088,0.0,0.0,0.0,0.0,0.0,15.75984084334957,14.924823380776386,15.377764160110894,0.0,0.0,0.0,0.0,0.0,0.0,0.0,0.0,0.0,0.0,0.0,0.0,0.0,0.0,0.0,0.0,0.0,0.0,0.0,0.0,0.0,0.0
Var55,0.0,0.0,9.508098838889135,0.0,0.0,6.754844082575468,0.0,10.095265175942414,6.280521740785663,0.0,0.0,0.0,0.0,0.0,0.0,0.0,0.0,12.087342546572605,13.811930703699257,0.0,0.0,0.0,0.0,0.0,0.0,0.0,0.0,0.0,0.0,0.0,0.0,0.0,0.0,0.0,0.0,0.0,0.0,0.0,0.0,0.0,0.0,0.0,0.0,0.0,0.0,0.0,0.0,0.0,0.0,0.0,0.0,11.582642137967628,0.0,0.0,7.82848800656247,0.0,12.288279857649568,8.750637032722176,0.0,0.0,0.0,0.0,13.235108111791776,12.168084609735963,14.07767119444633,14.258980157972019,0.0,13.87507700085026,13.906462562121384,13.236280690613064,13.69992899491841,0.0,14.130607924555312,0.0,0.0,0.0,0.0,14.208576712743813,0.0,0.0,0.0,0.0,0.0,0.0,0.0,0.0,0.0,0.0,0.0,0.0,0.0,0.0,0.0,0.0,0.0,0.0,0.0,0.0,0.0,0.0
Var56,15.335721381278164,9.271643786781794,8.7101854021251,15.420343668390878,14.853646331213739,11.622729771704503,0.0,8.580871052928098,12.006033632287565,0.0,0.0,0.0,0.0,0.0,0.0,0.0,0.0,9.455355013839657,0.0,0.0,0.0,0.0,15.187517444664675,0.0,0.0,0.0,0.0,0.0,0.0,0.0,0.0,0.0,0.0,0.0,0.0,0.0,0.0,0.0,0.0,0.0,0.0,0.0,0.0,0.0,0.0,0.0,0.0,0.0,14.230143937462186,0.0,14.230045068311002,8.44698452223839,14.516172162542686,0.0,12.600771390609108,12.288279857649568,0.0,12.747033796557915,0.0,0.0,0.0,0.0,0.0,0.0,0.0,0.0,0.0,0.0,15.680524622481727,8.52052317913541,0.0,0.0,14.888043397978612,0.0,0.0,0.0,0.0,0.0,0.0,0.0,0.0,0.0,0.0,0.0,0.0,0.0,0.0,0.0,0.0,0.0,0.0,0.0,0.0,0.0,0.0,0.0,0.0,0.0,0.0,0.0
Var57,0.0,14.817384468077636,10.561150624440995,0.0,0.0,9.670468594809964,0.0,7.981381897803085,6.734186419451209,0.0,0.0,0.0,0.0,0.0,0.0,0.0,0.0,14.316522698014053,15.307381928661353,0.0,0.0,0.0,0.0,0.0,0.0,15.460331549919387,0.0,0.0,0.0,0.0,0.0,0.0,0.0,0.0,0.0,15.163284255745081,0.0,0.0,0.0,0.0,0.0,0.0,0.0,0.0,0.0,0.0,0.0,0.0,0.0,0.0,0.0,12.143170548233805,0.0,0.0,7.988391451570403,8.750637032722176,12.747033796557915,0.0,0.0,0.0,0.0,0.0,15.234209890595402,14.553137522084242,16.09895080405805,0.0,0.0,15.979422929826306,0.0,15.606404681691956,15.80231703869467,0.0,0.0,0.0,0.0,0.0,15.56325707529682,0.0,0.0,0.0,0.0,0.0,0.0,0.0,0.0,0.0,0.0,0.0,0.0,0.0,0.0,0.0,0.0,0.0,0.0,0.0,0.0,0.0,0.0,0.0
Var58,0.0,0.0,0.0,0.0,0.0,0.0,0.0,0.0,0.0,11.719183520306556,12.34265010222847,12.015097136537111,0.0,0.0,12.855684418034494,0.0,0.0,0.0,0.0,0.0,13.132137156136764,0.0,0.0,12.772125371562524,11.039420212399685,12.202256712291945,0.0,14.324653103074118,0.0,14.06640699168846,0.0,0.0,0.0,0.0,0.0,0.0,0.0,0.0,0.0,0.0,0.0,0.0,0.0,0.0,0.0,0.0,0.0,0.0,0.0,0.0,0.0,0.0,0.0,0.0,0.0,0.0,0.0,0.0,0.0,11.616024256111,8.373475564496061,0.0,13.747378521468036,0.0,13.861896073254337,13.84763033464632,0.0,0.0,0.0,0.0,13.82903683098754,0.0,0.0,0.0,10.004195021291382,10.232475145126491,12.923165337491868,13.639433311455159,0.0,0.0,0.0,0.0,0.0,0.0,0.0,0.0,0.0,0.0,0.0,0.0,0.0,0.0,0.0,0.0,0.0,0.0,0.0,0.0,0.0,0.0
Var59,0.0,0.0,0.0,0.0,0.0,0.0,0.0,0.0,0.0,0.0,9.700974339051918,11.462508463453016,12.2783882853616,10.623698384982083,10.53708538850657,0.0,0.0,0.0,0.0,0.0,12.439017884582713,0.0,0.0,13.2963280861492,0.0,0.0,0.0,0.0,12.981522855758733,0.0,0.0,0.0,0.0,0.0,0.0,0.0,0.0,0.0,0.0,0.0,0.0,0.0,0.0,0.0,0.0,0.0,0.0,0.0,0.0,0.0,0.0,0.0,0.0,0.0,0.0,0.0,0.0,0.0,11.616024256111,0.0,9.029398453355254,12.657621105096172,11.582645315041223,11.077148427155107,11.189086687481788,11.156652020611816,0.0,0.0,0.0,0.0,13.215936724688763,0.0,0.0,0.0,10.333105328147553,11.232688606990974,12.7024662897646,11.881227345158608,0.0,0.0,0.0,0.0,0.0,0.0,0.0,0.0,0.0,0.0,0.0,0.0,0.0,0.0,0.0,0.0,0.0,0.0,0.0,0.0,0.0,0.0
Var60,0.0,0.0,0.0,0.0,0.0,0.0,0.0,0.0,0.0,0.0,11.25390936035179,9.131344514676217,0.0,11.705260224586935,10.410194871284837,0.0,11.69038287987509,0.0,0.0,0.0,10.681289464994117,0.0,0.0,12.043577558632977,10.896750669358553,12.405640450518433,0.0,0.0,0.0,0.0,0.0,0.0,0.0,0.0,0.0,0.0,0.0,0.0,0.0,0.0,0.0,0.0,0.0,0.0,0.0,0.0,0.0,0.0,0.0,0.0,0.0,0.0,0.0,0.0,0.0,0.0,0.0,0.0,8.373475564496061,9.029398453355254,0.0,0.0,11.693335394582638,11.931868729529217,11.955437483191847,11.416466960280783,0.0,0.0,0.0,0.0,12.020195530123466,0.0,0.0,0.0,7.269718892788808,9.238440568961437,12.314222354353122,11.525282089567417,0.0,0.0,0.0,0.0,0.0,0.0,0.0,0.0,0.0,0.0,0.0,0.0,0.0,0.0,0.0,0.0,0.0,0.0,0.0,0.0,0.0,0.0
Var61,0.0,0.0,0.0,0.0,0.0,0.0,0.0,0.0,0.0,0.0,13.905201467033452,0.0,5.632471739559388,14.581094268543511,12.540169921703729,0.0,0.0,0.0,0.0,0.0,14.85493330664537,0.0,0.0,0.0,15.307519302200298,0.0,0.0,0.0,0.0,14.65077638082518,0.0,0.0,0.0,0.0,0.0,0.0,0.0,0.0,0.0,0.0,0.0,0.0,0.0,0.0,0.0,0.0,0.0,0.0,0.0,0.0,0.0,0.0,0.0,0.0,0.0,0.0,0.0,0.0,14.359100780987342,12.657621105096172,12.963632852341755,0.0,10.247734383856745,13.101732315707375,13.500901895012442,12.50559888595309,0.0,14.099160688648851,0.0,0.0,14.11842233086111,15.148888487919402,0.0,0.0,14.78357035135182,15.35899538729448,0.0,13.97687427687499,0.0,0.0,0.0,0.0,0.0,0.0,0.0,0.0,0.0,0.0,0.0,0.0,0.0,0.0,0.0,0.0,0.0,0.0,0.0,0.0,0.0,0.0
Var62,0.0,0.0,0.0,0.0,0.0,0.0,0.0,0.0,0.0,0.0,12.807636594506345,0.0,10.426921095654375,12.590340269131469,9.491778913767238,0.0,0.0,0.0,13.230494530131123,0.0,12.123486473953669,0.0,0.0,0.0,0.0,0.0,0.0,0.0,0.0,0.0,0.0,0.0,0.0,0.0,0.0,0.0,0.0,0.0,0.0,0.0,0.0,0.0,0.0,0.0,0.0,0.0,0.0,0.0,0.0,0.0,0.0,0.0,0.0,0.0,0.0,13.235108111791776,0.0,0.0,0.0,11.582645315041223,11.693335394582638,10.247734383856745,0.0,9.499068577622579,12.05575025627243,10.467760384831156,0.0,11.282699223593657,13.290517132833294,0.0,12.022004257691412,0.0,13.592000880208268,0.0,12.45384987955871,0.0,13.380335293863398,12.251594692630313,0.0,0.0,0.0,0.0,0.0,0.0,0.0,0.0,0.0,0.0,0.0,0.0,0.0,0.0,0.0,0.0,0.0,0.0,0.0,0.0,0.0,0.0
Var63,0.0,0.0,0.0,0.0,0.0,0.0,0.0,0.0,0.0,0.0,12.612489188519099,12.628770928804983,12.112338494106849,9.22922003467257,8.50085533272621,0.0,0.0,0.0,12.539526206213488,0.0,11.477209007310996,0.0,0.0,0.0,0.0,0.0,0.0,0.0,0.0,0.0,0.0,0.0,0.0,0.0,0.0,0.0,0.0,0.0,0.0,0.0,0.0,0.0,0.0,0.0,0.0,0.0,0.0,0.0,0.0,0.0,0.0,0.0,0.0,0.0,0.0,12.168084609735963,0.0,0.0,0.0,11.077148427155107,11.931868729529217,13.101732315707375,9.499068577622579,0.0,10.072220857838289,8.56701544656607,0.0,10.128005694507817,11.695742081350677,0.0,11.579213472384323,0.0,13.615691685382613,0.0,11.926758576129231,0.0,0.0,12.522343443396915,0.0,0.0,0.0,0.0,0.0,0.0,0.0,0.0,0.0,0.0,0.0,0.0,0.0,0.0,0.0,0.0,0.0,0.0,0.0,0.0,0.0,0.0
Var64,0.0,0.0,0.0,0.0,0.0,0.0,0.0,0.0,0.0,14.609140287111389,11.221872120552078,13.829571423717836,13.717403520356108,10.649501092694145,7.869492898991001,0.0,0.0,0.0,0.0,0.0,11.109834809798722,0.0,0.0,0.0,0.0,0.0,0.0,0.0,0.0,0.0,0.0,0.0,0.0,0.0,0.0,0.0,0.0,0.0,0.0,0.0,0.0,0.0,0.0,0.0,0.0,0.0,0.0,0.0,0.0,0.0,0.0,0.0,0.0,0.0,0.0,14.07767119444633,0.0,0.0,13.861896073254337,11.189086687481788,11.955437483191847,13.500901895012442,12.05575025627243,10.072220857838289,0.0,8.166384424786886,0.0,14.086832907006817,0.0,0.0,11.464912365395772,0.0,0.0,0.0,13.28969858845398,14.285747409324657,0.0,14.586175197378184,0.0,0.0,0.0,0.0,0.0,0.0,0.0,0.0,0.0,0.0,0.0,0.0,0.0,0.0,0.0,0.0,0.0,0.0,0.0,0.0,0.0,0.0
Var65,0.0,0.0,0.0,0.0,0.0,0.0,0.0,0.0,0.0,0.0,12.088170645295218,13.937334373277665,12.860966880138257,10.185874201106005,6.071993743069168,0.0,0.0,0.0,13.775045925114444,0.0,10.700213571531524,0.0,0.0,0.0,0.0,0.0,0.0,0.0,0.0,0.0,0.0,0.0,0.0,0.0,0.0,0.0,0.0,0.0,0.0,0.0,0.0,0.0,0.0,0.0,0.0,0.0,0.0,0.0,0.0,0.0,0.0,0.0,0.0,0.0,0.0,0.0,0.0,0.0,13.84763033464632,11.156652020611816,11.416466960280783,12.50559888595309,10.467760384831156,8.56701544656607,8.166384424786886,0.0,0.0,12.449541198810259,13.981126431583112,0.0,9.530099774374001,0.0,13.728440038814721,0.0,12.443584604949795,0.0,0.0,12.117433915794422,0.0,0.0,0.0,0.0,0.0,0.0,0.0,0.0,0.0,0.0,0.0,0.0,0.0,0.0,0.0,0.0,0.0,0.0,0.0,0.0,0.0,0.0
Var66,15.267825542363086,0.0,0.0,0.0,0.0,0.0,10.727261719973846,0.0,0.0,0.0,0.0,0.0,0.0,0.0,0.0,16.219161757854206,0.0,15.832216237513409,0.0,14.447729048929201,0.0,0.0,16.598824480883238,0.0,0.0,0.0,0.0,0.0,0.0,0.0,0.0,0.0,0.0,0.0,0.0,0.0,0.0,0.0,0.0,15.877601062645308,0.0,0.0,0.0,0.0,0.0,0.0,0.0,0.0,0.0,0.0,16.574937093859322,0.0,14.584517472804535,0.0,0.0,0.0,17.13917249195495,0.0,0.0,0.0,0.0,0.0,0.0,0.0,0.0,0.0,0.0,0.0,16.942742190098464,15.440519162789775,0.0,16.123640215496675,16.76973895020024,13.955271508677885,0.0,0.0,0.0,17.33687202173722,0.0,16.755929783795224,0.0,0.0,0.0,0.0,0.0,0.0,0.0,0.0,16.1189991388668,0.0,17.33272184518349,0.0,0.0,0.0,0.0,0.0,0.0,0.0,16.319019570355096,0.0
Var67,0.0,0.0,0.0,0.0,0.0,0.0,0.0,0.0,0.0,0.0,0.0,0.0,13.325038712961465,0.0,12.485161570030202,0.0,12.46371452465046,0.0,11.900047931601645,0.0,12.54527428134762,0.0,13.831672290079545,0.0,0.0,0.0,0.0,0.0,0.0,0.0,0.0,0.0,0.0,0.0,0.0,0.0,0.0,0.0,0.0,0.0,0.0,0.0,0.0,0.0,0.0,0.0,0.0,0.0,0.0,0.0,0.0,0.0,0.0,0.0,0.0,13.87507700085026,0.0,0.0,0.0,14.006121175777892,12.847075670809463,0.0,11.282699223593657,10.128005694507817,0.0,12.449541198810259,0.0,0.0,8.95251206367514,0.0,12.503585149931936,13.54021994728319,9.970904947846535,0.0,11.158546323203934,14.072415890779103,13.167868390886708,12.600800593395835,0.0,0.0,0.0,0.0,0.0,0.0,0.0,0.0,0.0,0.0,0.0,0.0,0.0,0.0,0.0,0.0,0.0,0.0,0.0,0.0,0.0,0.0
Var68,0.0,0.0,0.0,0.0,0.0,0.0,0.0,0.0,0.0,0.0,0.0,0.0,14.566901247164248,0.0,14.017429479154584,0.0,14.239801721181255,0.0,12.780269080766567,0.0,13.879502370313796,0.0,13.955266659122065,0.0,0.0,0.0,0.0,0.0,0.0,0.0,0.0,0.0,0.0,0.0,0.0,0.0,0.0,0.0,0.0,0.0,0.0,0.0,0.0,0.0,0.0,0.0,0.0,0.0,0.0,0.0,0.0,0.0,14.14227464807561,0.0,0.0,13.906462562121384,0.0,0.0,0.0,0.0,0.0,0.0,13.290517132833294,11.695742081350677,0.0,13.981126431583112,0.0,8.95251206367514,0.0,13.558914411986022,13.755270406571507,12.260530748248668,11.531250320461222,0.0,13.02211380673526,14.845458046023394,14.141767321377293,14.099806135666812,0.0,0.0,0.0,0.0,0.0,0.0,0.0,0.0,0.0,0.0,0.0,0.0,0.0,0.0,0.0,0.0,0.0,0.0,0.0,0.0,0.0,0.0
Var69,0.0,12.470202439738525,12.148902918548508,14.77048340339728,0.0,13.947186792204961,0.0,12.481870080253024,14.596603380899005,0.0,0.0,0.0,0.0,0.0,0.0,0.0,0.0,6.639367868179563,0.0,0.0,0.0,0.0,13.336916218830877,0.0,0.0,0.0,0.0,0.0,0.0,0.0,0.0,0.0,0.0,0.0,0.0,0.0,0.0,0.0,0.0,0.0,0.0,0.0,0.0,0.0,0.0,0.0,0.0,0.0,14.492608848433978,0.0,13.808644689109236,11.836473267946838,12.1002617545046,0.0,0.0,13.236280690613064,8.52052317913541,0.0,0.0,0.0,0.0,0.0,15.189959097058546,0.0,0.0,0.0,0.0,14.974667878851637,13.558914411986022,0.0,15.350538795838233,0.0,12.702123638661456,0.0,0.0,0.0,0.0,0.0,0.0,0.0,0.0,0.0,0.0,0.0,0.0,0.0,0.0,0.0,0.0,0.0,0.0,0.0,0.0,0.0,0.0,0.0,0.0,0.0,14.310504629816654,0.0
Var70,0.0,0.0,0.0,0.0,0.0,0.0,13.19300852448135,0.0,0.0,0.0,12.842486507842787,0.0,0.0,12.990764622781594,10.05533109954345,0.0,13.011091355450217,0.0,12.441052462903642,0.0,9.289502736101165,0.0,13.081466499268565,0.0,0.0,0.0,0.0,0.0,0.0,0.0,0.0,0.0,0.0,0.0,0.0,0.0,0.0,0.0,0.0,0.0,0.0,0.0,0.0,0.0,0.0,0.0,0.0,0.0,0.0,0.0,0.0,0.0,0.0,0.0,0.0,0.0,0.0,0.0,0.0,13.215936724688763,12.020195530123466,0.0,12.022004257691412,11.579213472384323,11.464912365395772,9.530099774374001,0.0,12.503585149931936,0.0,0.0,0.0,0.0,12.5374824917246,0.0,12.377490358448313,13.249106027546327,13.037614561572203,11.61284484937295,0.0,0.0,0.0,0.0,0.0,0.0,0.0,0.0,0.0,0.0,0.0,0.0,0.0,0.0,0.0,0.0,0.0,0.0,0.0,0.0,0.0,0.0
Var71,15.425445814660849,0.0,15.40687731822175,0.0,0.0,14.83676276472801,0.0,0.0,0.0,0.0,0.0,0.0,0.0,0.0,14.955221798887768,0.0,0.0,15.122750010148271,0.0,0.0,14.651947060611217,0.0,13.107219684603493,0.0,0.0,0.0,0.0,0.0,0.0,13.680636692104374,0.0,15.16686158166956,0.0,0.0,0.0,0.0,0.0,0.0,0.0,0.0,0.0,0.0,0.0,0.0,0.0,0.0,0.0,0.0,0.0,0.0,0.0,0.0,0.0,0.0,0.0,0.0,0.0,0.0,0.0,0.0,0.0,15.148888487919402,14.297557175131201,15.147968387938597,0.0,14.595835420585093,0.0,13.54021994728319,12.260530748248668,0.0,0.0,0.0,14.60462187300377,0.0,13.177881317591494,14.609158360813987,14.671537672571494,12.140960851148991,0.0,0.0,0.0,0.0,0.0,0.0,0.0,0.0,0.0,0.0,0.0,0.0,0.0,0.0,0.0,0.0,0.0,0.0,0.0,0.0,0.0,0.0
Var72,0.0,0.0,0.0,0.0,0.0,0.0,0.0,0.0,0.0,0.0,0.0,0.0,14.757573226978685,0.0,14.863728717939123,0.0,14.83149503079913,13.837583480036944,14.375917871206044,0.0,0.0,0.0,12.721319453053288,0.0,0.0,0.0,0.0,0.0,0.0,0.0,0.0,0.0,0.0,0.0,0.0,0.0,0.0,0.0,0.0,0.0,0.0,0.0,0.0,0.0,0.0,0.0,0.0,0.0,0.0,0.0,0.0,0.0,13.177427048583034,0.0,0.0,14.130607924555312,14.888043397978612,0.0,0.0,0.0,0.0,0.0,13.592000880208268,13.615691685382613,0.0,13.728440038814721,0.0,9.970904947846535,11.531250320461222,12.702123638661456,12.5374824917246,14.60462187300377,0.0,0.0,14.896746332249899,0.0,14.86251428647596,12.976124163149516,0.0,0.0,0.0,0.0,0.0,0.0,0.0,0.0,0.0,0.0,0.0,0.0,0.0,0.0,0.0,0.0,0.0,0.0,0.0,0.0,0.0,0.0
Var73,0.0,0.0,0.0,0.0,0.0,0.0,16.32841351349742,0.0,0.0,17.696759932921072,16.92785305984439,0.0,0.0,0.0,0.0,0.0,0.0,0.0,0.0,17.119062074309934,0.0,0.0,0.0,0.0,0.0,0.0,0.0,0.0,17.54764551376167,0.0,0.0,0.0,0.0,0.0,0.0,0.0,0.0,0.0,14.404323027916751,13.108704709407384,0.0,0.0,0.0,0.0,0.0,0.0,0.0,0.0,0.0,0.0,0.0,0.0,0.0,0.0,0.0,0.0,0.0,0.0,0.0,0.0,0.0,0.0,0.0,0.0,0.0,0.0,13.955271508677885,0.0,0.0,0.0,0.0,16.70007894257375,0.0,0.0,0.0,0.0,0.0,0.0,0.0,17.696602910958806,15.325087861013701,17.137738159768332,0.0,15.35924200345257,0.0,14.953467197358254,17.58786641036417,0.0,16.871169487710574,16.39072591385143,0.0,15.149724279620955,13.046446416503084,0.0,16.80787515542362,0.0,0.0,0.0,0.0,0.0
Var74,0.0,0.0,0.0,0.0,0.0,0.0,0.0,0.0,0.0,0.0,12.826103187167556,10.168620460997639,0.0,0.0,11.98585967350906,0.0,10.38278748784446,0.0,0.0,0.0,10.457728037112524,0.0,0.0,10.405121964124262,11.633913293206204,11.44981308531309,0.0,0.0,0.0,12.670670169852585,0.0,0.0,0.0,0.0,0.0,0.0,0.0,0.0,0.0,0.0,0.0,0.0,0.0,0.0,0.0,0.0,0.0,0.0,0.0,0.0,0.0,0.0,0.0,0.0,0.0,0.0,0.0,0.0,10.004195021291382,10.333105328147553,7.269718892788808,0.0,12.45384987955871,11.926758576129231,0.0,12.443584604949795,0.0,11.158546323203934,0.0,0.0,12.377490358448313,0.0,0.0,0.0,0.0,8.584677367203248,10.402856107335195,10.685031945836897,0.0,0.0,0.0,0.0,0.0,0.0,0.0,0.0,0.0,0.0,0.0,0.0,0.0,0.0,0.0,0.0,0.0,0.0,0.0,0.0,0.0,0.0
Var75,0.0,0.0,0.0,0.0,0.0,0.0,0.0,0.0,0.0,12.79628799906403,13.386692913682507,10.32008102127748,0.0,0.0,13.86964958993042,0.0,11.01976279574732,0.0,0.0,0.0,13.085022209586594,0.0,0.0,10.7870670831536,9.847873557351242,9.343118638041869,0.0,13.202992455703168,0.0,12.958669914640955,0.0,0.0,0.0,0.0,0.0,0.0,0.0,0.0,0.0,0.0,0.0,0.0,0.0,0.0,0.0,0.0,0.0,0.0,0.0,0.0,0.0,0.0,0.0,0.0,0.0,0.0,0.0,0.0,10.232475145126491,11.232688606990974,9.238440568961437,0.0,0.0,13.622928247154606,0.0,0.0,0.0,14.072415890779103,0.0,0.0,13.249106027546327,0.0,0.0,0.0,8.584677367203248,0.0,10.832152450011563,11.664325927893868,0.0,0.0,0.0,0.0,0.0,0.0,0.0,0.0,0.0,0.0,0.0,0.0,0.0,0.0,0.0,0.0,0.0,0.0,0.0,0.0,0.0,0.0
Var76,0.0,0.0,0.0,0.0,0.0,13.71776964899783,13.87380495003272,0.0,13.851989313837393,0.0,0.0,0.0,0.0,0.0,0.0,0.0,12.809158503289927,0.0,0.0,0.0,0.0,0.0,0.0,13.88391450898978,13.927771706489176,11.715847181332947,0.0,13.546702869756583,12.78269512441674,0.0,0.0,0.0,0.0,0.0,0.0,0.0,0.0,0.0,0.0,0.0,0.0,0.0,0.0,0.0,0.0,0.0,0.0,0.0,0.0,0.0,0.0,0.0,0.0,0.0,0.0,0.0,0.0,0.0,12.923165337491868,12.7024662897646,12.314222354353122,0.0,13.380335293863398,14.215264724358583,0.0,0.0,0.0,13.167868390886708,14.141767321377293,0.0,13.037614561572203,0.0,0.0,0.0,10.402856107335195,10.832152450011563,0.0,11.326315881918703,0.0,0.0,0.0,0.0,0.0,0.0,0.0,0.0,0.0,0.0,0.0,0.0,0.0,0.0,0.0,0.0,0.0,0.0,0.0,0.0,0.0,0.0
Var77,0.0,0.0,0.0,0.0,0.0,0.0,0.0,0.0,0.0,0.0,0.0,13.530409590460922,0.0,0.0,12.862053785367756,0.0,13.317540226116781,0.0,0.0,0.0,11.771855869609505,0.0,12.806705964356267,13.305943020623756,0.0,12.143681659177364,0.0,0.0,0.0,9.5075310138062,0.0,0.0,0.0,0.0,0.0,0.0,0.0,0.0,0.0,0.0,0.0,0.0,0.0,0.0,0.0,0.0,0.0,0.0,0.0,0.0,0.0,0.0,0.0,0.0,0.0,0.0,0.0,0.0,0.0,11.881227345158608,11.525282089567417,0.0,12.251594692630313,12.522343443396915,0.0,12.117433915794422,0.0,12.600800593395835,0.0,0.0,11.61284484937295,12.140960851148991,12.976124163149516,0.0,10.685031945836897,11.664325927893868,11.326315881918703,0.0,0.0,0.0,0.0,0.0,0.0,0.0,0.0,0.0,0.0,0.0,0.0,0.0,0.0,0.0,0.0,0.0,0.0,0.0,0.0,0.0,0.0,0.0
Var78,0.0,0.0,0.0,0.0,0.0,0.0,0.0,0.0,0.0,0.0,0.0,0.0,0.0,0.0,0.0,0.0,0.0,0.0,0.0,0.0,0.0,0.0,0.0,0.0,0.0,0.0,0.0,0.0,0.0,0.0,12.952113945173561,0.0,15.184041703920286,0.0,0.0,0.0,0.0,15.349265426624466,0.0,0.0,0.0,0.0,17.1274138678117,16.885754645934885,0.0,0.0,0.0,0.0,0.0,16.90845230002216,0.0,0.0,0.0,0.0,0.0,0.0,0.0,0.0,0.0,0.0,0.0,0.0,0.0,0.0,0.0,0.0,0.0,0.0,0.0,0.0,0.0,0.0,0.0,0.0,0.0,0.0,0.0,0.0,0.0,15.956718273486507,16.267171033959297,14.882861022283922,10.964275068686204,13.875771767902709,0.0,14.613498429083338,16.82577955041359,0.0,0.0,15.1386045714565,14.56464902722272,0.0,0.0,16.028454155671284,0.0,13.915103831778685,14.716739278988237,14.526790928812842,0.0,15.815118221590952
Var79,15.304760051374197,0.0,17.45656488724343,0.0,0.0,0.0,15.718452457332196,0.0,0.0,0.0,0.0,0.0,0.0,0.0,0.0,0.0,0.0,0.0,0.0,0.0,0.0,0.0,0.0,0.0,17.10728299899954,0.0,0.0,0.0,0.0,0.0,16.267857813566735,11.592319184956269,0.0,0.0,0.0,0.0,0.0,15.538704643259223,16.518877407412322,16.49193817521402,0.0,0.0,0.0,0.0,0.0,0.0,0.0,0.0,0.0,0.0,15.95670633436554,0.0,0.0,0.0,0.0,0.0,0.0,0.0,0.0,16.679817682693173,0.0,0.0,0.0,0.0,16.776217660470344,0.0,16.755929783795224,0.0,0.0,0.0,0.0,16.12194612316507,0.0,0.0,16.593162358684097,17.203911062322053,0.0,0.0,15.956718273486507,0.0,0.0,0.0,0.0,0.0,0.0,0.0,0.0,0.0,0.0,0.0,0.0,14.238600852314805,0.0,16.08846192153261,17.36620770129058,0.0,0.0,0.0,0.0,0.0
Var80,0.0,0.0,0.0,0.0,0.0,0.0,0.0,0.0,0.0,0.0,0.0,0.0,0.0,0.0,0.0,0.0,0.0,0.0,0.0,0.0,0.0,0.0,0.0,0.0,0.0,0.0,0.0,0.0,0.0,0.0,0.0,0.0,0.0,0.0,0.0,0.0,14.73744450636977,0.0,0.0,15.573534911935448,0.0,0.0,0.0,0.0,15.468788897022996,0.0,0.0,0.0,0.0,0.0,0.0,0.0,0.0,0.0,0.0,0.0,0.0,0.0,0.0,0.0,0.0,0.0,0.0,0.0,0.0,0.0,0.0,0.0,0.0,0.0,0.0,0.0,0.0,15.325087861013701,0.0,0.0,0.0,0.0,16.267171033959297,0.0,0.0,14.18600531776238,14.619582965360921,12.555873874265526,15.078289227411993,14.96326547123161,14.141971474891944,14.238723341427697,15.678116765076448,10.60193880223213,15.873581534671265,0.0,15.393352593304384,16.16517062028929,14.58528400706837,0.0,14.756749533599388,14.266569998208258,0.0,0.0
Var81,0.0,0.0,0.0,0.0,0.0,0.0,0.0,0.0,0.0,0.0,0.0,0.0,0.0,0.0,0.0,0.0,0.0,0.0,0.0,0.0,0.0,0.0,0.0,0.0,0.0,0.0,0.0,0.0,0.0,0.0,0.0,0.0,12.653029846638363,0.0,16.27409907795203,0.0,15.824260746983025,0.0,0.0,0.0,11.985849815241036,0.0,0.0,0.0,0.0,0.0,13.933304738096107,13.596769349075776,0.0,13.083390507055919,0.0,0.0,0.0,0.0,0.0,0.0,0.0,0.0,0.0,0.0,0.0,0.0,0.0,0.0,0.0,0.0,0.0,0.0,0.0,0.0,0.0,0.0,0.0,0.0,0.0,0.0,0.0,0.0,14.882861022283922,0.0,14.18600531776238,0.0,10.096854917827274,14.291450272255924,0.0,9.481252753496518,13.286678340881007,0.0,14.197895869101757,10.946780597405217,11.476711533646352,0.0,0.0,0.0,0.0,14.710409174097345,13.218462183405734,9.177071826752142,0.0,9.585704716717963
Var82,0.0,0.0,0.0,0.0,0.0,0.0,0.0,0.0,0.0,0.0,0.0,0.0,0.0,0.0,0.0,0.0,0.0,0.0,0.0,0.0,0.0,0.0,0.0,0.0,0.0,0.0,0.0,0.0,0.0,0.0,15.289234632553484,0.0,12.986426783391579,0.0,0.0,0.0,0.0,0.0,0.0,0.0,14.161112070296342,0.0,0.0,0.0,15.032504409566611,15.40735920589809,15.918830063939211,15.119535010319584,0.0,15.003676462524245,0.0,0.0,0.0,0.0,0.0,0.0,0.0,0.0,0.0,0.0,0.0,0.0,0.0,0.0,0.0,0.0,0.0,0.0,0.0,0.0,0.0,0.0,0.0,0.0,0.0,0.0,0.0,0.0,10.964275068686204,0.0,14.619582965360921,10.096854917827274,0.0,13.68805472988844,0.0,10.936820085348042,15.339064293651017,0.0,0.0,12.701209295596575,12.514852313601546,0.0,0.0,0.0,0.0,13.061103802435339,12.004610664494507,11.320625602577955,0.0,13.798313216730001
Var83,0.0,0.0,0.0,0.0,0.0,0.0,0.0,0.0,0.0,0.0,0.0,0.0,0.0,0.0,0.0,0.0,0.0,0.0,0.0,0.0,0.0,0.0,0.0,0.0,0.0,0.0,0.0,0.0,0.0,0.0,0.0,0.0,16.84910884756698,0.0,0.0,0.0,0.0,0.0,16.793327948945755,17.058741438335687,0.0,0.0,0.0,0.0,0.0,0.0,0.0,0.0,0.0,0.0,0.0,0.0,0.0,0.0,0.0,0.0,0.0,0.0,0.0,0.0,0.0,0.0,0.0,0.0,0.0,0.0,0.0,0.0,0.0,0.0,0.0,0.0,0.0,15.35924200345257,0.0,0.0,0.0,0.0,13.875771767902709,0.0,12.555873874265526,14.291450272255924,13.68805472988844,0.0,17.106043109633827,13.53523590111916,16.764803703255996,0.0,0.0,15.054569877388165,16.19220869034063,0.0,16.839001826909257,17.028500790867625,15.698853128083055,17.10065523835364,15.79273447365943,15.218630026613317,0.0,17.032100597817294
Var84,0.0,0.0,0.0,0.0,0.0,0.0,0.0,0.0,0.0,0.0,0.0,0.0,0.0,0.0,0.0,0.0,16.234563342542923,0.0,0.0,16.347222455707108,0.0,0.0,18.343615807871927,17.399969069104138,16.779733274039735,16.345157615111532,11.03661830182265,14.75769674077378,0.0,17.767876498639875,0.0,0.0,0.0,0.0,0.0,0.0,17.02845966412846,0.0,0.0,0.0,0.0,0.0,0.0,0.0,15.462964645311837,0.0,0.0,0.0,0.0,0.0,0.0,0.0,0.0,0.0,0.0,0.0,0.0,0.0,0.0,0.0,0.0,0.0,0.0,0.0,0.0,0.0,0.0,0.0,0.0,0.0,0.0,0.0,0.0,18.26841480611403,0.0,17.95952228129458,17.74670658498601,0.0,0.0,0.0,15.078289227411993,0.0,0.0,17.106043109633827,0.0,0.0,17.348710643284313,14.277745386901236,16.121263265693983,17.4560085773543,0.0,0.0,0.0,0.0,0.0,0.0,0.0,0.0,0.0,0.0
Var85,0.0,0.0,0.0,0.0,0.0,0.0,0.0,0.0,0.0,0.0,0.0,0.0,0.0,0.0,0.0,0.0,0.0,0.0,0.0,0.0,0.0,0.0,0.0,0.0,0.0,0.0,0.0,0.0,0.0,0.0,0.0,0.0,15.298352836081085,0.0,0.0,0.0,0.0,0.0,14.914664785131015,14.781805132053126,12.890732479004054,0.0,0.0,0.0,0.0,14.982645186979234,11.177278032368385,0.0,0.0,11.987342819682413,0.0,0.0,0.0,0.0,0.0,0.0,0.0,0.0,0.0,0.0,0.0,0.0,0.0,0.0,0.0,0.0,0.0,0.0,0.0,0.0,0.0,0.0,0.0,14.953467197358254,0.0,0.0,0.0,0.0,14.613498429083338,0.0,14.96326547123161,9.481252753496518,10.936820085348042,13.53523590111916,0.0,0.0,14.736527758709366,0.0,0.0,11.159601286179068,13.934431969051436,0.0,0.0,0.0,0.0,14.178678800400727,10.68043085168793,10.829535140606456,0.0,10.809890753764641
Var86,0.0,0.0,0.0,0.0,0.0,0.0,0.0,0.0,0.0,0.0,0.0,0.0,0.0,0.0,0.0,0.0,0.0,0.0,0.0,0.0,0.0,0.0,0.0,0.0,0.0,0.0,0.0,0.0,0.0,0.0,0.0,0.0,15.446058140840343,0.0,0.0,0.0,7.217674478209569,0.0,0.0,0.0,13.294088704144768,0.0,0.0,15.845378499815931,13.460338430096202,13.888216604098403,0.0,16.053336965608626,0.0,14.412537089255647,0.0,0.0,0.0,0.0,0.0,0.0,0.0,0.0,0.0,0.0,0.0,0.0,0.0,0.0,0.0,0.0,0.0,0.0,0.0,0.0,0.0,0.0,0.0,0.0,0.0,0.0,0.0,0.0,0.0,0.0,14.141971474891944,13.286678340881007,15.339064293651017,0.0,0.0,14.736527758709366,0.0,13.33493448110827,12.34024811591795,10.864173531787609,0.0,0.0,0.0,16.125244135836557,0.0,14.135067546810067,13.855056965767513,12.11503372304677,0.0,12.559074457034283
Var87,0.0,0.0,0.0,0.0,0.0,0.0,0.0,0.0,0.0,0.0,0.0,0.0,0.0,0.0,0.0,0.0,0.0,0.0,0.0,0.0,0.0,0.0,0.0,17.282866246419545,0.0,16.623605846935032,13.785498991570126,11.483779534355724,0.0,0.0,0.0,0.0,0.0,0.0,0.0,0.0,11.239222349627084,0.0,0.0,0.0,0.0,16.77998336793155,0.0,0.0,13.104701527470189,15.34227230448212,0.0,0.0,0.0,0.0,0.0,0.0,0.0,0.0,0.0,0.0,0.0,0.0,0.0,0.0,0.0,0.0,0.0,0.0,0.0,0.0,0.0,0.0,0.0,0.0,0.0,0.0,0.0,0.0,0.0,17.375841722967014,17.255593857205152,0.0,0.0,0.0,14.238723341427697,0.0,0.0,0.0,14.277745386901236,0.0,13.33493448110827,0.0,16.16231036168011,14.330633440573074,0.0,0.0,0.0,17.36478108645854,17.087210817562152,16.83184630589944,16.23328597708555,16.65420386153901,0.0,0.0
Var88,0.0,0.0,0.0,0.0,0.0,0.0,0.0,0.0,0.0,0.0,0.0,0.0,0.0,0.0,0.0,0.0,0.0,0.0,0.0,16.14378635221248,0.0,0.0,0.0,0.0,0.0,0.0,0.0,0.0,0.0,0.0,0.0,0.0,16.4813358052011,0.0,0.0,12.31965381500739,13.526025516709609,0.0,0.0,17.0742745774593,15.231552828189262,0.0,0.0,0.0,15.949502932139612,0.0,0.0,16.333247904042217,0.0,0.0,0.0,0.0,0.0,0.0,0.0,0.0,0.0,0.0,0.0,0.0,0.0,0.0,0.0,0.0,0.0,0.0,16.1189991388668,0.0,0.0,0.0,0.0,0.0,0.0,16.871169487710574,0.0,0.0,0.0,0.0,0.0,0.0,15.678116765076448,14.197895869101757,16.844802587830024,0.0,16.121263265693983,16.7832621762077,12.34024811591795,16.16231036168011,0.0,13.64480413514654,0.0,0.0,0.0,0.0,0.0,0.0,0.0,14.487469969981902,0.0,15.485124901650485
Var89,0.0,0.0,0.0,0.0,0.0,0.0,0.0,0.0,0.0,0.0,0.0,0.0,0.0,0.0,0.0,0.0,0.0,0.0,0.0,0.0,0.0,0.0,0.0,0.0,0.0,0.0,0.0,0.0,0.0,0.0,0.0,0.0,14.583622059911397,0.0,0.0,0.0,11.705860210763852,0.0,0.0,0.0,11.118333134679375,0.0,0.0,0.0,13.487094444874854,12.280162487509374,13.863672192615475,14.29922010157124,0.0,13.666369501942242,0.0,0.0,0.0,0.0,0.0,0.0,0.0,0.0,0.0,0.0,0.0,0.0,0.0,0.0,0.0,0.0,0.0,0.0,0.0,0.0,0.0,0.0,0.0,0.0,0.0,0.0,0.0,0.0,0.0,0.0,10.60193880223213,10.946780597405217,12.701209295596575,0.0,0.0,11.159601286179068,10.864173531787609,14.330633440573074,13.64480413514654,0.0,0.0,0.0,0.0,14.115925337201327,0.0,12.707816448360687,9.722470862910416,7.799848401056188,0.0,12.006840772790069
Var90,0.0,0.0,0.0,0.0,0.0,0.0,0.0,0.0,0.0,0.0,0.0,0.0,0.0,0.0,0.0,0.0,0.0,0.0,0.0,0.0,0.0,0.0,0.0,0.0,0.0,0.0,0.0,0.0,0.0,0.0,0.0,0.0,14.990448581098098,0.0,0.0,0.0,0.0,15.177394372753609,0.0,0.0,14.941717754201607,0.0,15.805534795916259,0.0,0.0,16.594482622608663,0.0,15.220445142761339,0.0,15.033648175909406,0.0,0.0,0.0,0.0,0.0,0.0,0.0,0.0,0.0,0.0,0.0,0.0,0.0,0.0,0.0,0.0,0.0,0.0,0.0,0.0,0.0,0.0,0.0,0.0,0.0,0.0,0.0,0.0,14.56464902722272,0.0,15.873581534671265,11.476711533646352,12.514852313601546,16.19220869034063,0.0,13.934431969051436,0.0,0.0,0.0,14.595249845903448,0.0,0.0,0.0,16.35434974309057,16.312866575312672,15.318351212538671,13.631676815710836,13.863686675108466,0.0,13.061318182187469
Var91,0.0,0.0,0.0,0.0,0.0,0.0,0.0,0.0,0.0,0.0,0.0,0.0,0.0,0.0,0.0,0.0,0.0,0.0,0.0,0.0,16.780260495115353,0.0,0.0,16.382176942316047,0.0,16.537333616481074,0.0,0.0,0.0,16.083468538994808,0.0,16.05380586134188,0.0,0.0,0.0,0.0,0.0,16.442626488625713,14.38150806418558,16.66500855397343,0.0,0.0,0.0,0.0,0.0,0.0,0.0,0.0,0.0,0.0,0.0,0.0,0.0,0.0,0.0,0.0,0.0,0.0,15.863903004907426,16.63509165372058,0.0,0.0,0.0,16.81717615889146,15.999061063495589,0.0,0.0,0.0,0.0,0.0,0.0,16.392930613684737,0.0,15.149724279620955,16.09974641102342,15.261747267878116,0.0,16.460550091544594,0.0,14.238600852314805,0.0,0.0,0.0,0.0,0.0,0.0,0.0,0.0,0.0,0.0,0.0,0.0,13.993075934680544,0.0,16.008487938394218,0.0,0.0,0.0,0.0,0.0
Var92,0.0,0.0,0.0,0.0,0.0,0.0,0.0,0.0,0.0,17.159426133169596,0.0,17.933050256333523,0.0,0.0,0.0,0.0,0.0,0.0,0.0,0.0,0.0,17.74985646660828,0.0,16.65710249991279,0.0,0.0,0.0,0.0,0.0,0.0,0.0,0.0,0.0,0.0,0.0,0.0,0.0,16.08492799359563,12.093093049334449,16.126093939203436,0.0,0.0,0.0,0.0,0.0,0.0,0.0,0.0,0.0,0.0,0.0,0.0,0.0,0.0,0.0,0.0,0.0,0.0,17.296019608477714,0.0,0.0,0.0,0.0,0.0,0.0,0.0,0.0,0.0,0.0,0.0,0.0,0.0,0.0,13.046446416503084,0.0,0.0,0.0,0.0,0.0,17.699375844533122,15.393352593304384,17.887677942819124,0.0,16.839001826909257,0.0,16.533686855827217,0.0,0.0,0.0,17.439194207617838,16.775310872778338,13.993075934680544,0.0,17.500234661164487,14.583047607066469,0.0,17.508700993263748,0.0,0.0,0.0
Var93,0.0,0.0,0.0,0.0,0.0,0.0,0.0,0.0,0.0,0.0,0.0,0.0,0.0,0.0,0.0,0.0,0.0,0.0,0.0,0.0,0.0,0.0,0.0,0.0,0.0,0.0,0.0,0.0,0.0,0.0,0.0,0.0,0.0,0.0,0.0,0.0,14.383421186661492,14.108961420305418,0.0,15.218237694184719,14.899884061124544,15.374234844958204,14.416856142675984,15.231410510450395,0.0,13.623393780614677,0.0,0.0,0.0,15.600410501753084,0.0,0.0,0.0,0.0,0.0,0.0,0.0,0.0,0.0,0.0,0.0,0.0,0.0,0.0,0.0,0.0,0.0,0.0,0.0,0.0,0.0,0.0,0.0,0.0,0.0,0.0,0.0,0.0,16.028454155671284,16.08846192153261,16.16517062028929,0.0,0.0,0.0,0.0,0.0,16.125244135836557,0.0,0.0,14.115925337201327,16.35434974309057,0.0,0.0,0.0,14.033705579037996,14.418286732020288,14.141964132389486,15.512815660521259,0.0,15.842010257914993
Var94,0.0,0.0,0.0,0.0,0.0,0.0,0.0,0.0,0.0,0.0,0.0,0.0,0.0,0.0,0.0,0.0,0.0,0.0,0.0,0.0,0.0,0.0,0.0,15.919124038945144,0.0,0.0,0.0,0.0,0.0,0.0,0.0,0.0,0.0,0.0,0.0,0.0,0.0,17.030514663519455,14.419891744976182,15.998764816900707,0.0,15.99527828688023,13.886868343900273,0.0,0.0,15.956825159078347,17.151124555366966,0.0,0.0,0.0,0.0,0.0,0.0,0.0,0.0,0.0,0.0,0.0,0.0,0.0,0.0,0.0,0.0,0.0,0.0,0.0,0.0,0.0,0.0,0.0,0.0,0.0,0.0,16.80787515542362,0.0,0.0,0.0,0.0,0.0,17.36620770129058,14.58528400706837,0.0,0.0,15.698853128083055,0.0,16.5573480915735,0.0,17.087210817562152,0.0,16.477291949801728,16.312866575312672,16.008487938394218,14.583047607066469,14.033705579037996,0.0,0.0,14.211490140197741,0.0,0.0,0.0
Var95,0.0,0.0,0.0,0.0,0.0,0.0,0.0,0.0,0.0,0.0,0.0,0.0,0.0,0.0,0.0,0.0,0.0,0.0,0.0,0.0,0.0,0.0,0.0,0.0,0.0,0.0,0.0,0.0,0.0,0.0,14.49932655747151,0.0,15.296986578435394,0.0,0.0,0.0,14.473650432848011,0.0,0.0,0.0,12.804354696052377,0.0,0.0,8.094660005594314,15.474935983241537,10.58259459138235,0.0,14.750253288696793,0.0,9.907879262096415,0.0,0.0,0.0,0.0,0.0,0.0,0.0,0.0,0.0,0.0,0.0,0.0,0.0,0.0,0.0,0.0,0.0,0.0,0.0,0.0,0.0,0.0,0.0,0.0,0.0,0.0,0.0,0.0,13.915103831778685,0.0,0.0,14.710409174097345,13.061103802435339,0.0,0.0,14.178678800400727,14.135067546810067,0.0,0.0,12.707816448360687,15.318351212538671,0.0,0.0,14.418286732020288,0.0,0.0,8.87371009820657,10.016739580021406,0.0,11.140720112717469
Var96,0.0,0.0,0.0,0.0,0.0,0.0,0.0,0.0,0.0,0.0,0.0,0.0,0.0,0.0,0.0,0.0,0.0,0.0,0.0,0.0,0.0,0.0,0.0,0.0,0.0,0.0,0.0,0.0,0.0,0.0,0.0,0.0,0.0,0.0,0.0,0.0,14.150155105190967,0.0,0.0,0.0,11.43464478515662,0.0,13.126635714556363,13.96210255574115,13.34892595935036,8.848427093905208,12.510615614555093,14.138668053714996,0.0,10.545744311297767,0.0,0.0,0.0,0.0,0.0,0.0,0.0,0.0,0.0,0.0,0.0,0.0,0.0,0.0,0.0,0.0,0.0,0.0,0.0,0.0,0.0,0.0,0.0,0.0,0.0,0.0,0.0,0.0,0.0,0.0,0.0,13.218462183405736,12.004610664494507,0.0,0.0,10.680430851687925,13.855056965767519,0.0,0.0,9.722470862910408,13.631676815710835,0.0,0.0,14.141964132389482,14.21149014019774,8.873710098206574,0.0,9.518227063864867,0.0,11.697464795983205
Var97,0.0,0.0,0.0,0.0,0.0,0.0,0.0,0.0,0.0,0.0,0.0,0.0,0.0,0.0,0.0,0.0,0.0,0.0,0.0,0.0,0.0,0.0,0.0,0.0,0.0,0.0,0.0,0.0,0.0,0.0,0.0,0.0,13.230150112918576,0.0,0.0,0.0,13.502971915866956,0.0,0.0,0.0,9.684186828347844,0.0,0.0,13.409595725282918,14.23338092176807,12.162638842108061,13.138590537693243,11.772265731195679,0.0,11.554141802233776,0.0,0.0,0.0,0.0,0.0,0.0,0.0,0.0,0.0,0.0,0.0,0.0,0.0,0.0,0.0,0.0,0.0,0.0,0.0,0.0,0.0,0.0,0.0,0.0,0.0,0.0,0.0,0.0,0.0,0.0,14.266569998208254,9.177071826752144,11.320625602577962,0.0,0.0,10.829535140606458,12.115033723046773,0.0,14.4874699699819,7.799848401056181,13.863686675108465,0.0,0.0,0.0,0.0,10.0167395800214,9.518227063864867,0.0,0.0,9.897118674138792
Var98,12.755262617362165,16.405274528499703,16.6009877676291,0.0,0.0,17.37468695642377,0.0,0.0,0.0,0.0,17.29317911453571,0.0,0.0,0.0,0.0,16.61287672235124,0.0,15.537456634058133,0.0,0.0,0.0,0.0,0.0,0.0,0.0,0.0,0.0,0.0,0.0,0.0,0.0,0.0,0.0,0.0,0.0,14.797984035139159,0.0,0.0,0.0,0.0,0.0,0.0,0.0,0.0,0.0,0.0,0.0,0.0,9.935506638362922,0.0,14.183637400712259,16.568251670957128,16.08839388316871,0.0,0.0,16.381626833938356,15.69760620237852,0.0,0.0,0.0,0.0,0.0,0.0,0.0,0.0,0.0,16.3190195703551,0.0,16.587650395850044,14.310504629816654,0.0,17.465482739106978,0.0,0.0,0.0,0.0,0.0,0.0,0.0,0.0,0.0,0.0,0.0,0.0,0.0,0.0,0.0,0.0,17.15938103146708,0.0,0.0,0.0,0.0,0.0,0.0,0.0,0.0,0.0,0.0,16.337746992176307
Var99,0.0,0.0,0.0,0.0,0.0,0.0,0.0,0.0,0.0,0.0,0.0,0.0,0.0,0.0,0.0,0.0,0.0,0.0,0.0,0.0,0.0,0.0,0.0,0.0,0.0,0.0,0.0,0.0,0.0,0.0,0.0,0.0,14.524618686795588,0.0,0.0,0.0,14.305876471188355,14.549930045855511,0.0,0.0,11.243927735235077,0.0,0.0,13.244139210610177,0.0,14.10541644442544,12.580668951883982,13.973506420773976,0.0,8.257424717927616,0.0,0.0,0.0,0.0,0.0,0.0,0.0,0.0,0.0,0.0,0.0,0.0,0.0,0.0,0.0,0.0,0.0,0.0,0.0,0.0,0.0,0.0,0.0,0.0,0.0,0.0,0.0,0.0,15.81511822159095,0.0,0.0,9.585704716717967,13.798313216730003,0.0,0.0,10.809890753764645,12.55907445703428,0.0,15.485124901650483,12.006840772790062,13.061318182187469,0.0,0.0,0.0,0.0,11.14072011271747,11.697464795983205,9.897118674138792,0.0,0.0
