0,1,2,3,4,5,6,7,8,9,10,11,12,13,14,15,16,17,18,19,20,21,22,23,24,25,26,27,28,29,30,31,32,33,34,35,36,37,38,39,40,41,42,43,44,45,46,47,48,49,50,51,52,53,54,55,56,57,58,59,60,61,62,63,64,65,66,67,68,69,70,71,72,73,74,75,76,77,78,79,80,81,82,83,84,85,86,87,88,89,90,91,92,93,94,95,96,97,98,99
1.0,-0.11660361680260654,0.014217926570597625,-0.0900220856749251,-0.31055082985283505,0.24266689991471868,-0.13398584547234776,-0.14782532636504778,-0.32876167151385277,-0.014349128599855678,0.03356585248518511,-0.20381360565043405,0.02667337254816208,-0.07574730489164899,0.11292789675270438,0.13224289869016642,-0.17901642212066213,0.05767866182534097,0.11384400078721217,0.09132973256653036,0.1017384268876692,0.16348228059999778,0.1662373444709278,-0.3426166058035031,0.15437668102599986,-0.09589993658568585,-0.019299818503859527,0.1930069318405458,-0.08548686886357176,-0.021324703155408804,0.01785659618202095,0.14177691281625157,0.3052109072620323,0.08993461765541974,-0.09243620301327327,-0.26671185847674445,-0.10468402690088138,0.27065229275546127,0.06142879009862019,-0.045255953292077586,-0.2538453128075048,-0.16793422404933198,-0.15287223109050754,0.0566093022238744,0.182491288722517,-0.22798101943976734,-0.13693993133760468,0.22394437033959458,0.0834182502022698,-0.17605125625943013,0.2911591699284949,-0.035958102818656926,-0.20105398963503968,-0.24797183529771927,0.021088539502744308,-0.08325652539477697,0.014685880474951346,-0.15362882945922898,-0.16482473595591612,0.24815551813868056,0.2873674312829372,0.33035358946885046,0.2752312435765673,0.3290328223743194,0.21726181364938443,0.25986748595044934,-0.25807876495156457,-0.0030876210885395026,0.2592245960070849,0.207299206227723,0.11066016487721676,0.14503509654282654,0.18693665128687323,-0.1607837134547681,0.11459185235398307,0.04089790393598029,-0.021762043252935646,0.2548162078240143,-0.018635061555618726,-0.4132820187618902,0.0990662788917802,-0.03186897290678096,-0.08657147230543832,0.036544138549342894,0.15819903347838446,0.363056092209104,-0.2040322756991975,0.16343399444578077,0.04694845946950646,-0.3199711355535632,-0.09312720036736569,-0.018031532221031685,-0.15738995429795982,-0.16719949268548687,-0.1532483435743806,0.047858126872362294,-0.22019636570378956,0.08170825042093985,0.18385777700028427,-0.20448273599965014
-0.11660361680260654,1.0,0.7087227482451729,0.5056569941615097,0.6161378495987404,0.26269270298047276,0.5794522090622618,0.4620235726312567,0.4632699919092082,0.24513787146574534,0.12684612188668518,0.1996545013229538,0.44808554372307624,0.578915833898231,0.5000005466760185,0.5599134066606897,0.5850254750606809,0.673773451022085,0.5352955325709038,0.5221884498480243,0.7564015656775491,0.4276097478843472,0.47729111543591873,0.44274124773129825,0.03225383219260458,0.31416325905840675,0.4524501978963941,0.25397214143578756,0.391917954997704,0.3260545363101616,0.29021451531783693,-0.07539305941265224,0.10968926986070718,0.419697797992609,0.281043493472699,0.3842426362861079,0.12055948979855646,0.019452887537993922,0.09929369574249415,0.16561632153243971,0.1864730707834948,0.04516411187159695,0.2942861516258118,0.185335986529925,0.28623940679141424,0.06442019636570379,0.07904047582602611,0.22882071242701887,0.09422055061118279,0.18255013010867902,-0.06741160263278739,0.8326080776716013,0.6895016509588682,0.6531718090573134,0.6635979969823533,0.5146973767221995,0.510126609958234,0.6360980516498655,0.21804465242395749,0.10669349019264832,0.16873892982878136,0.41102971725962695,0.49473661192626445,0.6158098445255953,0.6947803459360171,0.5414532811440816,0.695934923793488,0.567330694714745,0.6352189980538365,0.7348232052655748,0.8004548337014279,0.5645667052983753,0.632699919092082,0.3702127659574468,0.5260414161072358,0.23873110005382625,0.6423170278366972,0.45700728171262384,0.35833898230959305,-0.0801075856639916,0.6050818919332619,0.4016356519647504,0.5512190855218561,0.6782139030417004,0.5109750497474361,0.3899787780487976,0.2058428637029586,0.40020117644486236,0.6353458266821194,0.3754652205287442,-0.013684371651614879,-0.13390041765979313,0.21786096958299622,0.07823577004657672,0.47963963175963786,0.23321598040716363,0.1226476569504275,0.3266624390457239,0.2885176357394328,0.2920994511381776
0.014217926570597625,0.7087227482451729,1.0,0.405995932737093,0.4698738273818635,0.46405720408475654,0.4222435790205876,0.3032472502241368,0.4088386433710175,0.3091207277339223,0.2802694015000765,0.15494959655376003,0.32769893507686254,0.3835122783232381,0.3729356158140208,0.42425488180883864,0.35107038988869693,0.4063528092027633,0.42587304016968797,0.3067459710043515,0.5404605191226958,0.3564413160017394,0.44384771817804114,0.11177100872493495,0.023695086484004285,0.25347357372460694,0.3031597822046314,0.3118715969473661,0.3713498502110166,0.26823817541711314,0.14137455992652687,-0.0009665216155343203,0.2543132667118585,0.3033609586494938,0.17800616649537512,0.2698607071789377,0.22216245234367693,0.20251033215980407,0.13730292361855198,0.06530362336270801,0.08320832695545691,-0.09944239137565328,0.15915243489099298,0.18978373532177298,0.20026699642158044,-0.043475979095143336,0.01252104699219348,0.29182830027771095,0.16069624543526273,0.19835560123329907,-0.1820690560013995,0.6073341934355251,0.330607246725416,0.43615053246156876,0.6298047276464542,0.5194425219684743,0.37069384006472633,0.5154271719402593,0.14061358815683017,0.2255756489033697,0.2682994030307669,0.5529247119022107,0.5852091579016422,0.6794165883098991,0.6066300758785069,0.45753208982965604,0.4077146793203735,0.6023441429227439,0.5701427915418426,0.6326299446764777,0.5773982637598128,0.45712536353895605,0.5719358859417025,0.06046226848308587,0.47157070696026765,0.09835133536483909,0.47916293105333363,0.5355185760206425,0.3069996282609171,-0.21772976755373816,0.5550895453849686,0.3771839671120247,0.3554131770571385,0.5739345301874003,0.4140429905315869,0.3944527721381424,0.26799763836347335,0.3982943736196453,0.49558067831449126,0.08511950318164921,-0.18028470840348998,-0.21607224858411142,0.04072948328267477,-0.07331569394939975,0.25087140014432224,0.2528656709890446,0.02578119874920732,0.2752618573833942,0.3399488312085894,0.3183179899849118
-0.0900220856749251,0.5056569941615097,0.405995932737093,1.0,0.2721742362948547,0.020541864380835755,0.3259674246874143,0.6201176444862347,0.3877719708731495,0.38317115304716715,0.04586822942861516,0.2122105355229494,0.16084494106842187,0.06345804815114474,0.07618691498869108,0.4080732982003455,0.27695873696179835,0.30694310964474586,0.24228204062889505,-0.09429052502678709,0.20577726268832958,0.033587756213262966,0.29141282718506045,0.16206074653954647,0.2900133388729746,0.1364413636264241,-0.03253810325599703,-0.07584789311408016,-0.019028667643392883,0.15274977586320002,-0.16281297150729265,-0.024635367693686995,0.08926548730620366,0.08894185563403381,-0.015153834379305066,0.11299118759703483,-0.09166877136824199,0.044906081214056114,0.15329645098510858,0.18970938750519342,-0.09754433535238678,-0.08631344164789749,0.03269117229013142,-0.26736349522205943,-0.055376063694314547,-0.0956725197349719,-0.25474186000743476,0.14112964947191184,-0.2995342327961339,-0.15923115610854782,-0.2520828322144716,0.4576632918589141,0.40594782532636503,0.39401281406485755,0.3072882727252848,0.1289629889605076,0.5815486212853426,0.3039251273753034,0.05825370099057532,0.20578600949028011,0.24787562047626335,0.29405873477509786,0.24796308849576873,0.32835931862412804,0.256163215324397,0.16493407098029783,0.4075484900833133,0.5291640244035775,0.41804027902298224,0.38582580743915507,0.33019177363276553,0.4777634427412477,0.4555072051781068,0.08072860860247971,0.2885832367540618,0.2747154826218898,0.2169513021801404,0.5260982703199143,-0.023638232271325797,-0.04998359974634274,0.36368765170234635,-0.2571909645535851,0.11808182633224727,0.5959021232861735,0.36882639784828675,0.09257187965704912,-0.11809057313419781,0.1562135094356126,0.22792416522708883,-0.03848592858236207,-0.06921344383459797,-0.296114233233474,0.003253810325599703,-0.03598434322450854,0.3259189608799283,-0.2686580219107389,0.24348909929806914,0.004517723207452275,-0.22656403752378038,-0.1694955281975028
-0.31055082985283505,0.6161378495987404,0.4698738273818635,0.2721742362948547,1.0,0.2973781461153266,0.30748322525572735,0.45980188493582036,0.5842120224792811,-0.008038310992543351,0.024224268002011766,0.2217970304607378,0.5820034549867704,0.6899477378583455,0.5940593842904256,0.12459819378539722,0.5661236360455708,0.4575019762329999,0.5475760425094575,0.4744046707922416,0.5495222059434519,0.4496036054359748,0.5098598324987427,0.5369924121493079,-0.3027661761168573,0.4586735474842011,0.6486846996566881,0.5235966849620608,0.5852004110996917,0.5377402637160789,0.3346526426275393,-0.24704904769193764,-0.23728761671513854,0.34109466226410967,0.5135291159169928,0.4550917320854563,0.3693953438537817,-0.288570116551136,-0.07999825063960989,-0.22525639063217512,0.19710043515339704,0.10926067656513087,0.5833985698978811,0.3074850757691719,0.34831334140247516,0.4196059565721283,0.39126631825238894,0.2894491701471649,0.06974699875358072,0.17800616649537512,0.21496140473639325,0.592880103212263,0.48544313485381907,0.8081520194179004,0.6950033893857558,0.6902655641314879,0.27304891648990837,0.7076512650062321,0.37465614134831954,-0.19607705932518424,-0.027014497824233014,0.15983468544313487,0.4060265465439199,0.245474623340841,0.35633159126194486,0.46779208851763576,0.47615403118234895,0.3973409722070368,0.28201001508823337,0.36122980035424546,0.5884104874155387,0.3810588003761125,0.46956331591261946,0.06302945485556843,0.14699875358072204,0.14312407680146405,0.5397913887734797,0.36542826529050315,0.35601233299075025,0.3292165052152807,0.34554678445693293,0.35515514639959767,0.5597647110275306,0.39802759616015393,0.3152172486934465,0.021221951435528456,0.38321926045789506,0.4567055170453303,0.5223808794909361,0.28335702258861606,0.3923246812884039,0.13924471365157115,0.47998513043668406,-0.04357219391659924,0.4452515798911023,0.32410399947519186,0.2597100435153397,0.34288775666396976,0.20414598412455445,0.25000984015219435
0.24266689991471868,0.26269270298047276,0.46405720408475654,0.020541864380835755,0.2973781461153266,1.0,0.22739741903472846,0.03664910017274934,0.26958955631847104,0.08803218823117798,0.15972097701777788,-0.07499070652292755,0.2748595044936695,0.4567886116638604,0.4350773382143142,0.20763595810281865,0.19395158645120378,0.30061260481158203,0.42484966434147514,0.414957031335418,0.4212284883339529,0.18822482366985915,0.3017078130808423,-0.08724497605562966,-0.07886553978701537,-0.03593623581378059,0.36234939100391417,0.43045636439176926,0.36334215302530015,0.20539677680348123,0.1371061205746649,0.1534713870241193,0.22777109619295446,0.24501104283746256,0.12818000918414205,0.2857711399269642,0.2593210943574776,0.07270341781286217,0.1698366534735737,0.008322582055935798,0.14231921453718485,-0.2377337036146159,0.1381294964028777,0.13539174739235968,0.27060885461612755,0.09771489799042225,0.2382191511228707,0.4138855480964772,0.5558898777634428,0.28665019352299315,0.10102556252870044,0.30833351555837396,0.17225514421289717,0.14289650346592028,0.617384268876692,0.5586785317168191,0.10327786403096367,0.31409765804377776,0.05592705167173252,0.06829065622881633,0.14767663073188866,0.2672891474054799,0.5219041787846319,0.4565174608033938,0.41439723601058365,0.45170234632962325,0.18240580787649516,0.16728258730401696,0.35555749928932234,0.4185300999322123,0.40352496118606634,0.10641359253023114,0.28890686842623164,-0.1157508036124292,0.14269532702105792,0.014755871023899643,0.18947322385252893,0.29667840195928363,0.21722245304060703,-0.24421071045898843,0.09090551267192933,0.34385427827950404,0.2371782816907568,0.17365463252498306,0.33740351184098316,0.3449611258897843,0.20104961623406442,0.31291246637948,0.4117775688263978,-0.03740569854147077,-0.024993986573659005,0.0594607596597494,0.012114320701493516,0.014108591546215915,-0.07029367387548928,0.10351402768362818,-0.034523627298768886,0.2710940062539634,0.5470118737836479,0.2726072029914063
-0.13398584547234776,0.5794522090622618,0.4222435790205876,0.3259674246874143,0.30748322525572735,0.22739741903472846,1.0,0.3859749250783233,0.4020253242062758,0.32979196802185423,0.15361369050947332,0.1079465875955551,0.06293549554517718,0.42682253484809884,0.22599161617199748,0.5737558480638535,0.6780003476861629,0.5722432753346206,0.3585471108737037,0.4924826621798467,0.5776984733537307,0.28004478372391534,0.2799045285524935,0.37770262808908023,0.17078805491695817,0.1214757183046344,0.3637930110791476,0.15307357489849183,0.3900596860553009,0.17551789324308367,0.2516085933051222,0.21366492495795167,0.2646019818089769,0.15303640094955787,0.18242568763616296,0.4794630332414504,-0.0015897347307837807,0.27965743112722663,0.3492689305603655,0.2870725405881104,0.544126024060617,0.15130015886405457,0.17853772991824748,0.2248477234784352,-0.0891869611138202,0.2963638411187194,0.24090905612078,0.06948248396330929,0.2772586180695476,0.5200591721802021,-0.2782819950166705,0.6590700608672686,0.5873811936995854,0.3173605621577657,0.46461313399377663,0.4006503261470909,0.4638587215007053,0.5729948754621468,0.15632738878165167,0.0608931150566884,-0.01953163011047297,0.06057822984218906,0.2161293391019847,0.4918091576932787,0.49172387628101843,0.27795180288202187,0.7577865756128117,0.5560282478281163,0.4007089290734383,0.5432885168581639,0.5479155801490014,0.45853191328875814,0.4410098631235969,0.17294633065800574,0.5181720475960846,0.2999459883798482,0.5912079237369038,0.26952643669128606,0.36255096384417795,0.1452692323252408,0.24276119345884212,0.41438456887537495,0.18220920405119467,0.5618623711078681,0.3268486659474368,0.34682676264844997,0.1763204131994813,0.1990468162153955,0.5070832772993752,0.38635103797341974,0.10919956834491706,-0.018952153847679044,0.11705420508437282,0.17514615375374418,0.278177033278504,0.17902973806590272,0.30612528276819895,0.20469725645335587,0.20527454601327133,0.47935151139464854
-0.14782532636504778,0.4620235726312567,0.3032472502241368,0.6201176444862347,0.45980188493582036,0.03664910017274934,0.3859749250783233,1.0,0.5872427893551421,0.049834904113183615,-0.041144956375325274,0.2281690756817039,0.20438652117819422,0.332920775841333,0.10212995793883117,0.2650630863090683,0.44243510966302946,0.4403494788542997,0.3656994161509698,-0.018149614047363934,0.2805755395683453,0.09759254946601083,0.14709496840217795,0.31391834860379175,-0.16546762589928057,0.37058013163936937,0.1797555268854825,0.07711180599593273,0.15127593973453457,0.10849970479543417,-0.04962060746539546,-0.14259911219960203,-0.3099779143250749,0.004548337014279154,0.10855218560713739,0.1082329273359428,-0.07016692196426967,-0.24451247512628196,-0.043821477772189546,-0.2085325053027487,-0.014580918851544904,-0.02324462618355164,0.16121668015131968,-0.0009752684174848571,-0.06042734734357479,-0.050674597100435155,-0.09921060112396406,-0.004132863921628654,-0.27187684502853643,-0.1473792394655704,0.1110581443659662,0.49272922087861626,0.6189718134307144,0.5573855808969845,0.3195556624609127,0.2188058634252291,0.7875401806214603,0.6004110996916753,0.052288382060309196,-0.13633640200301764,-0.04656797358465811,0.044140736043384136,0.033456517460803394,0.1854846821630841,0.16076184644989175,0.06799326496249809,0.6049769303098554,0.5182655091732086,0.26626577157726705,0.42671273315693947,0.3116966609083554,0.5122826966390414,0.32218407644704905,-0.08089917124051518,0.2397148542564125,0.0943912164519342,0.3336555072051781,0.31765760643764623,-0.03460234851632372,0.16065688482648532,0.2536878703723951,-0.15931862412805317,0.1226214165445759,0.5698541470774748,0.13021801403861713,-0.08095392726375054,-0.08381185629004395,0.0487852878791192,0.21866130196147035,0.0027946032231965187,0.29103671470118736,-0.18792941330825916,0.16239749841464216,-0.18402833963831974,0.43441866567536247,-0.08626096083619426,0.029109356891386585,-0.08298965690669349,-0.19026043602807724,-0.1430320788961536
-0.32876167151385277,0.4632699919092082,0.4088386433710175,0.3877719708731495,0.5842120224792811,0.26958955631847104,0.4020253242062758,0.5872427893551421,1.0,0.10994730051824801,-0.0366403533707988,0.242085237585008,0.28996085806127136,0.45028536441363626,0.31907931062024125,0.013282018761890184,0.38949509085740525,0.1441080930967745,0.3088408300715051,0.19430145852922526,0.306199295882443,-0.012556047928161194,0.21751547090595003,0.3619689051190658,-0.03838096695895563,0.21504449935492337,0.3736196453171809,0.19644879840808205,0.45684109247556365,0.3502175766985196,-0.15386936651286873,-0.08637466926155124,-0.27604469615796723,-0.0464586385602764,0.16004460868994774,0.4052480811703221,0.08279075768166336,-0.2672147995889003,-0.08800594782532636,-0.08154206118387965,0.1535107476328967,-0.09269860707178938,0.10203581815398745,-0.05794318952133126,-0.09269652172112178,0.2113271085259452,0.0861166386040104,0.18109378758391464,-0.01486518991493735,0.1425597515908246,0.07802147339878857,0.42315715816404625,0.45133498064770067,0.6136143972360106,0.5076949990159848,0.567740228445189,0.3971529159651003,0.712650062320964,0.345971004351534,-0.10805361789595679,-0.06173492816688898,-0.009114167632459383,0.22336708141085915,0.2123111237453806,0.24879403468106973,0.1839933524305176,0.6335133716734819,0.2768450285364414,0.16411187159694737,0.21411733834816646,0.42904812927773284,0.33101834641709127,0.3167916730445431,0.13094399860051167,0.22844897334412106,0.21263498790219343,0.453425466313879,0.2864796308849577,-0.08031750891080448,0.3524173973890796,0.19237716210010714,0.14922918807810895,0.16241936541951849,0.41012879665872165,0.3467232293192801,-0.0533249363943119,0.16947366119262644,0.1250311604819488,0.38729527016684523,0.3252279635258359,0.34426100457020403,0.11714591852353982,0.39203166342306095,-0.08300715051059457,0.22150401259539482,-0.08232489995845269,0.22869825719971135,0.1226607771533533,0.036487284336664406,0.17714460650324726
-0.014349128599855678,0.24513787146574534,0.3091207277339223,0.38317115304716715,-0.008038310992543351,0.08803218823117798,0.32979196802185423,0.049834904113183615,0.10994730051824801,1.0,0.6354945223152785,0.5044193216855087,0.03493472699044412,0.17000721611160918,0.23146687309155675,0.38793378670923445,0.14843760250158536,0.22350508791105606,0.32426144191030154,0.06243029892195666,0.23071876845028536,0.21671537547341405,0.34265159301130527,0.11822614856443113,0.5880781089414183,0.09540136887450526,0.102110165970567,0.045706413592530235,0.20659946207168003,0.19956703330344844,0.09336773742100545,0.05646060659071527,0.4502591240077847,0.2795084297303798,0.16199951892589273,0.3222759178675297,-0.117008284323925,0.23367081410859156,0.2783101178631563,0.34335133716734817,0.09150029520456583,0.2155080798583018,0.023843782117163412,-0.03791301305460191,-0.10140397258317992,-0.03663597996982353,-0.09733878550654917,0.3349194200870307,0.21184316984102688,0.1319673744287245,-0.48455970785681485,0.31274190374144456,0.06364173099210602,-0.01926920469703265,0.2775010386827316,0.29571657706669296,0.18081388992149744,0.10469484594695065,0.3922590802737749,0.7144256631169229,0.5693424591633683,0.18272069274671449,0.34639959764711026,0.4053180555859264,0.4505871290809298,0.3287310577070259,0.14609345957884148,0.29572062714569985,0.2652336489471037,0.23932562156961362,0.2879753340184995,0.03247687564234327,0.33719358859417026,0.08073735540443025,0.49668714876123415,0.5681010344201363,0.11002602173580285,0.3900155255734622,0.18411143425684984,-0.2706173055476591,0.01152391156983228,-0.0303120421595854,-0.058293061599352734,0.1889746561413483,0.15169141282718507,0.0609543427372855,-0.011375215936673153,0.07963963175963788,0.26835625724344536,-0.09984911766635324,-0.3134766351052896,-0.05415145087577355,-0.10297609936367016,0.4973212919026481,0.023318974000131203,-0.04099626074216615,-0.027736108985152302,0.04912203975421486,0.23840283396383197,0.09673088277098686
0.03356585248518511,0.12684612188668518,0.2802694015000765,0.04586822942861516,0.024224268002011766,0.15972097701777788,0.15361369050947332,-0.041144956375325274,-0.0366403533707988,0.6354945223152785,1.0,0.6594126522490215,0.20518685355666835,0.27457523343027707,0.3526430131018411,0.18551966937088626,0.06375106601648772,0.18016901026558435,0.2138593076906256,0.15110975049747435,0.21269160963022896,0.201616192097595,0.2567055170453303,0.18715532133563667,0.20007872121755482,0.3652183420436903,0.1490542520390982,0.24974743609367825,0.1532483435743806,0.2042946797577136,0.21278782445168484,-0.1700596969233124,0.29285604950689903,0.16550698650805798,0.12835057182217752,0.30987732610264374,-0.08611017265117724,0.05278257637051453,0.3543766810259999,0.20576414248540378,0.20412411711967812,0.41795281100347687,0.2948153331438193,0.42163521462465287,0.13231083106744157,0.1511491111062518,0.15898624565393277,0.25467625899280577,0.4550742384815552,0.3398876035949356,-0.21131836172399465,0.33035358946885046,0.08420108897684284,-0.020869869453980887,0.20622772298878222,0.19944042273351967,0.1498851982243992,0.12427018871225208,0.3379501869628917,0.647788152456758,0.5417637926133257,0.28317771314863005,0.3289191139489624,0.3004395267980145,0.3290896765869979,0.3553169622356826,-0.040746976886575845,0.13142507270779122,-0.05723469856333778,0.1711136865583521,0.16924187094093723,-0.19467757101309835,0.07668321270035643,-0.0911854103343465,0.32214471583827164,0.36753445970420573,0.041962782357700464,0.12833307821827644,0.19126631825238896,-0.25611510791366904,-0.2584636242373882,0.08305088452034724,-0.018534473333187553,-0.12469440860685312,-0.07932474688941855,-0.09556766260054979,0.014965778137368525,0.03646979073276333,0.22033631453499813,-0.20889549758369597,-0.28187881305897533,-0.05604513349806477,-0.07164505477684721,0.5291290371957753,0.18330672847740045,0.2561719621263476,-0.11817804115370317,0.08303339091644617,0.4736524458244954,0.22090048326080777
-0.20381360565043405,0.1996545013229538,0.15494959655376003,0.2122105355229494,0.2217970304607378,-0.07499070652292755,0.1079465875955551,0.2281690756817039,0.242085237585008,0.5044193216855087,0.6594126522490215,1.0,0.3416894447967462,0.25529728193129386,0.2685424203959756,0.04174411230893704,0.07127768909492467,0.07173478792813097,0.13498064770068444,0.058376156217882835,0.12413023988104349,0.019343573662924753,0.28544313485381906,0.4753318317989985,0.2944785812687236,0.5882136843716517,0.22174892305000984,0.09558505171546654,0.2225273884236076,0.3350812359231156,0.07083597559642256,-0.36621985086702674,-0.11013535676018456,0.08989088364566705,0.13324878091447814,0.26017799741969344,-0.23296039115755016,-0.39986879797074193,0.18209966980822637,0.11497671163980669,0.20959086833876364,0.3953467013623144,0.27935536069624545,0.13949837090813672,0.10902681881751812,0.16688460781526754,0.0450591502481905,0.21252104699219349,0.13899980319695612,0.1408016443987667,-0.040799457698279064,0.2756642102731189,0.2715182261485644,0.2482735999650128,0.11219960202051125,0.24267153864082494,0.13401849948612538,0.21232861734928166,0.5805820996698082,0.5084734643895825,0.5449170147164942,0.1820253219916468,0.1584439439329995,-0.009490280116332466,0.15162581181255602,0.19682053749097986,0.18674859504493668,-0.014825829306159935,-0.1312894972775579,-0.022732938269445235,0.17469987535807222,-0.17319542542257987,0.1477947125582209,0.09749185454068356,0.38001355754302335,0.5849364598814586,0.20342874636461045,0.1383219260457895,0.15760425094574795,0.18114626839561784,-0.21128774791716778,-0.07331569394939975,0.11911394896241062,-0.013028361505324616,0.0009840152194353939,-0.335383367282096,-0.1383481664516411,-0.07017996545013229,0.15447289584745577,0.0033150379392534604,-0.007452275261857383,0.09468850451553651,0.30831164855349763,0.4050075441166823,0.37279307253285515,0.036307974896678405,-0.049651221272222344,0.04957687345564278,0.15386936651286873,0.0047845006669436484
0.02667337254816208,0.44808554372307624,0.32769893507686254,0.16084494106842187,0.5820034549867704,0.2748595044936695,0.06293549554517718,0.20438652117819422,0.28996085806127136,0.03493472699044412,0.20518685355666835,0.3416894447967462,1.0,0.5958977498851982,0.6388190055097798,0.1354179877982113,0.396203887953467,0.3718007170200961,0.5251448689073057,0.36339900723797863,0.4891386586779209,0.5383356348384347,0.6216308412236776,0.5260326693052852,-0.2060659071526973,0.4599155933611773,0.5503094181190002,0.4709321904178785,0.37969429927182874,0.6721479958890031,0.26063283112112134,-0.32239399969386195,0.04986114451903523,0.457873215105727,0.4839518051212525,0.15259233342809037,0.10500547222401613,-0.28089917124051517,0.09701952723535458,-0.07222234370558264,0.18024972119568783,0.015814217926570596,0.5792569591743019,0.3274977586320002,0.6282790976355657,0.23384575014760228,0.3405654807461022,0.5086177866217664,0.0940237475672957,0.11408891124182721,0.21664953751284688,0.49129037195775294,0.38571647241477336,0.40532680238787694,0.5514814895803721,0.46841581029943186,0.18523102490651855,0.3689882136843716,0.37623056569941615,0.09806914346941899,0.3225645623318974,0.6527607093656382,0.6272725284817738,0.1982812534167195,0.39912969320592157,0.5974634274343443,0.18405020664319607,0.21784347597909515,0.18898340294329885,0.26421901992084146,0.43197830793116265,0.26135444228204063,0.41411733834816644,0.11509479346613895,0.17004220331941133,0.13513167778066482,0.3041175570182152,0.4489645973191052,0.27907983643480355,0.13183617239946643,0.13581159388598543,0.18749644661170758,0.46452078458813495,0.12950514967964838,0.22848833395289847,0.05135690380369102,0.0037786184426319125,0.3272309811725088,0.27872121755483154,0.06237344470927817,0.26118387964400513,0.19481751984430692,0.5031903960114583,-0.03755876757560517,0.35501519756838906,0.22832651811681354,-0.02100981828518948,0.26129758806936215,0.3130130546019112,0.0374013251404955
-0.07574730489164899,0.578915833898231,0.3835122783232381,0.06345804815114474,0.6899477378583455,0.4567886116638604,0.42682253484809884,0.332920775841333,0.45028536441363626,0.17000721611160918,0.27457523343027707,0.25529728193129386,0.5958977498851982,1.0,0.7434920988962688,0.2719774332509676,0.6083488224617875,0.6593915061904033,0.7749579060156131,0.613767466270145,0.7796855524698783,0.5280537579038799,0.4778509107607531,0.4895453849686208,-0.2699263081935667,0.38472371039338743,0.7229844088255232,0.5416325905840677,0.6349216067875183,0.539454636898384,0.4439745468063239,-0.10034331197655857,-0.009052940018805624,0.45053464826922657,0.5103277864030964,0.5638538409394065,0.23471194016320274,-0.13362489339835124,0.08908617786621767,-0.13907415101353568,0.31774944785812687,0.17672038660864622,0.5156589621919486,0.4255625287004439,0.41626075994510014,0.3699591087008812,0.46367671819990813,0.36841967155758676,0.33510310292799195,0.3218998053836566,0.268627408103912,0.6906081214056111,0.5754477269248431,0.5099647941221491,0.7229188078108941,0.6894827245009966,0.33881612035599484,0.6663226257899455,0.4637248256106361,-0.028221556493407098,0.03070127484638429,0.16894447967461898,0.5313463514902363,0.44582886881983774,0.5735671645054777,0.6620498130371083,0.46709671776256806,0.3963744505915025,0.34152762896066124,0.5071352036911504,0.6468522446480506,0.2742078677483545,0.45858170606372045,0.08390807111149985,0.2414598412455446,0.1472700654590387,0.5394065294876561,0.34773348494456713,0.34194310205331174,0.11592573965143994,0.16171962126347555,0.42721567426909535,0.5052065338610571,0.2523408628720124,0.22303907633771403,0.08292633326012835,0.31009599615140715,0.38667424722835714,0.614664013470075,0.20460956462793292,0.4093065972753712,0.2894185563403381,0.5217642299534233,0.03709518707222672,0.3538474995079924,0.353580722048501,0.08343574380617087,0.31551026655878944,0.45160175810719205,0.3308434103780805
0.11292789675270438,0.5000005466760185,0.3729356158140208,0.07618691498869108,0.5940593842904256,0.4350773382143142,0.22599161617199748,0.10212995793883117,0.31907931062024125,0.23146687309155675,0.3526430131018411,0.2685424203959756,0.6388190055097798,0.7434920988962688,1.0,0.09175623948338069,0.3012314417261884,0.40683432864868174,0.5977964595097268,0.6121193633636899,0.6685275508166411,0.5084898832080715,0.6524268575224839,0.3869917419168108,-0.10011600458776249,0.21176030675080637,0.5793210068895537,0.6290313234257586,0.5923122086905299,0.6677687649178128,0.222868757373422,-0.10877534798649434,0.0863966307282565,0.43601980715493377,0.4093573389577778,0.48125612960179387,0.2816213982230833,-0.0985874992757136,0.1484793121508313,0.10181069931857491,0.19206248722156985,0.08758401039126443,0.431779790273585,0.37989807777906176,0.4014834608546956,0.349809046171347,0.3598263320576073,0.4924039408762219,0.29724289567586337,0.2625574146176097,0.189823303474019,0.5653042414385762,0.3267174637747287,0.4354162771604767,0.6523262691900743,0.6208318664185485,0.09946655383285759,0.49415548988187447,0.4420069996361782,0.16551810097985115,0.2811771896277616,0.4295777804749681,0.7529845760916968,0.5063616653494808,0.690737891953237,0.8855162641498636,0.2756994989172002,0.24553393270873908,0.3416526444346627,0.3851592849046549,0.679109006045546,0.16196252209946277,0.5700712537136355,0.27225544188361367,0.2770421344845793,0.21706329855743053,0.49578021012057594,0.49325019489018884,0.20366513269471917,-0.012099027026561458,0.1845927101887244,0.4733249582615917,0.5162455623601546,0.1690977335919027,0.3949119797426206,0.23515609795564923,0.29861614508354106,0.49508702530810167,0.570587315592954,0.22494393840508778,0.1970875304362885,0.24367960866779853,0.4206166720790077,0.12018775030921695,0.28007946478277085,0.33545552847708543,0.14621826137449576,0.4633929537875917,0.44491312776166164,0.2714332416013098
0.13224289869016642,0.5599134066606897,0.42425488180883864,0.4080732982003455,0.12459819378539722,0.20763595810281865,0.5737558480638535,0.2650630863090683,0.013282018761890184,0.38793378670923445,0.18551966937088626,0.04174411230893704,0.1354179877982113,0.2719774332509676,0.09175623948338069,1.0,0.592342174892305,0.6358494630008207,0.39651439942271105,0.33077780936345147,0.5433250967614965,0.41979447179670387,0.21240296516586124,0.17061074544619623,0.18795565371411077,0.17397826419715293,0.22095733747348625,0.050941374559926526,0.1373947650390326,-0.03189521331263257,0.3858695414489077,0.2089436049944239,0.5991471868098227,0.34256849839277514,0.25362226935776605,0.08183070564824736,7.216119498943216e-05,0.38505171546653255,0.3468238175417113,0.1981456779864862,0.25785134810085064,0.024880278148302026,0.2325555968598981,0.20094465461065797,0.11835747999993955,-0.028737617808488772,0.019671557586757343,0.04576326780520872,0.12520609652095951,0.21465964006909974,-0.33301261726181364,0.6335658524851852,0.47974021998206906,0.1328245610198771,0.4113795893376484,0.14485375877833195,0.4897553082154337,0.2675909120727734,-0.13903916380573353,0.2393125013666878,0.16921125713411034,0.2992499617327415,0.2808860510375894,0.5587850692090705,0.4604578950821106,0.24059828125341673,0.3866130196147034,0.6335964662920119,0.44258380529618857,0.630517592005423,0.42894754105530164,0.4252695108351009,0.3042487590474733,-0.015783604119743718,0.46131070827228793,0.14776644701245084,0.2835581990334784,0.2820318820931097,0.3967986704861035,-0.29906627889178017,0.3404342787168442,0.19866611270254314,0.15755614353502,0.5318536660033675,0.22886881983774682,0.29591338032575504,0.04854475082547943,0.18863353086527737,0.28084669042881194,0.01776475476154031,-0.1804202838337233,-0.33283768122280294,-0.18412018105880038,0.08054929916249372,0.17458616693271523,0.20432529356454046,0.05843738383153659,-0.021740176248059302,0.1480702368196628,0.21136646913472262
-0.17901642212066213,0.5850254750606809,0.35107038988869693,0.27695873696179835,0.5661236360455708,0.19395158645120378,0.6780003476861629,0.44243510966302946,0.38949509085740525,0.14843760250158536,0.06375106601648772,0.07127768909492467,0.396203887953467,0.6083488224617875,0.3012314417261884,0.592342174892305,1.0,0.6425823211636226,0.5250092934770725,0.4969495528197503,0.6360674378430387,0.5236191244663475,0.3280181933480571,0.5317224639741095,-0.09230062758303995,0.37793181867879555,0.5649909251929763,0.3501213618770637,0.4772123942183639,0.2759134941287092,0.44584198902276356,-0.07919791826113577,0.1929500776278673,0.33323128731057705,0.5242701887122521,0.3040125953948088,0.17094549752420785,0.04787562047626336,0.0945791694911548,-0.07667446589840589,0.369075681703877,0.07426034856005773,0.5108569679211038,0.34158010977236447,0.20734754034205866,0.3317049703702084,0.3937679036102425,0.11140801644398766,0.11903085434388051,0.3068334390238569,-0.0657890708709628,0.6790667162318778,0.6138899214974525,0.471478865539787,0.6022610483042138,0.4543902980369404,0.5135553563228444,0.6286545231899586,0.20575539568345325,-0.045308434103780805,-0.0585335986529925,0.16480286895103977,0.2837943626861429,0.400472327305329,0.42899127506505436,0.3052415210688592,0.5855677767816142,0.6659071526972951,0.3840895672519735,0.5061205746648881,0.513791519975509,0.5384487546740723,0.3261682447355186,-0.03508342262360325,0.3577485731779318,0.19712251768234398,0.5506286763901949,0.27876932496555945,0.4113708425356979,0.16291793313069908,0.33364676040322755,0.34218363910695154,0.3848286720167939,0.5675668583674094,0.2661214493450832,0.19042027335984066,0.27536244560582535,0.37811112811878156,0.43933436837156414,0.1975334018499486,0.24000787212175548,-0.004631431632809254,0.20017493603901074,-0.020305700728171262,0.3826725853359865,0.32777765629441735,0.24630994292711728,0.24204587697623056,0.14190374144453435,0.3567426909536201
0.05767866182534097,0.673773451022085,0.4063528092027633,0.30694310964474586,0.4575019762329999,0.30061260481158203,0.5722432753346206,0.4403494788542997,0.1441080930967745,0.22350508791105606,0.18016901026558435,0.07173478792813097,0.3718007170200961,0.6593915061904033,0.40683432864868174,0.6358494630008207,0.6425823211636226,1.0,0.6410625626630876,0.5961411254307268,0.7920347160953719,0.6322912953823345,0.48145949296949136,0.4468046257515362,-0.07423200261534102,0.3235992254700339,0.5061561152789049,0.34471621516739587,0.38304692992405515,0.3084781750654301,0.5015290519880674,0.011567658227093821,0.2303210407832397,0.6229654096408893,0.4793121507428361,0.4523697845772363,0.17480303252286747,0.17846556872325806,0.26636227762614334,0.02781704731698686,0.2892198828147656,0.2212177967001789,0.38769148683792043,0.3060662417904803,0.3564635727702713,0.13005415369686296,0.3055939139687313,0.27985204768341027,0.2575454916201618,0.26029417713839564,-0.0020686209230303884,0.7873639187469651,0.6178244711736119,0.39602282480488216,0.6275749793086991,0.4215770955743272,0.6114261785512156,0.5546221978772616,0.17656095051611276,0.017990004581153282,0.031134275583622275,0.24307607867334144,0.3998233144076589,0.5052661272073685,0.5713242344629975,0.47031824180369874,0.5175750777102629,0.5639506723568046,0.6161888174205181,0.8244460261600193,0.6622582736640744,0.4863752010402866,0.5122264024695311,0.08476753708379811,0.28421014652019627,0.132719889615118,0.4383333388003525,0.3604757828125122,0.41563973632761536,-0.15121925085755125,0.35871986040110265,0.3358578818067235,0.46704037418887573,0.5116906602643065,0.26666841602912883,0.31752053862924196,0.15096121991789208,0.36739669742286224,0.6149074095337361,0.14414964045146536,0.15205894476288281,0.07274941806373995,0.19769324713362402,0.16088666428325668,0.35987006611517663,0.2542020229189848,0.023030354716021197,0.2477009552613005,0.37213528256050166,0.25313928532004953
0.11384400078721217,0.5352955325709038,0.42587304016968797,0.24228204062889505,0.5475760425094575,0.42484966434147514,0.3585471108737037,0.3656994161509698,0.3088408300715051,0.32426144191030154,0.2138593076906256,0.13498064770068444,0.5251448689073057,0.7749579060156131,0.5977964595097268,0.39651439942271105,0.5250092934770725,0.6410625626630876,1.0,0.42328836019330435,0.6784281996894885,0.5522977327174505,0.492366228597669,0.26565349544072947,-0.13769652970632612,0.18774135706632264,0.5472174236294854,0.46265334237169536,0.5423716953488881,0.4410225011480178,0.33513371673481884,-0.06652817563578317,0.15620913603463735,0.5525092388095603,0.4522009140408038,0.39957578010539896,0.28801719623160843,-0.05383219260457895,0.04999234654829328,-0.16541514508757735,0.12311998425575649,-0.03533707988016881,0.3445715160394481,0.2282915309090114,0.2649890282184657,0.1323697273184492,0.24111871596947365,0.3931031466620017,0.16897509348144585,0.09079617764754762,0.17817235573243534,0.6554765913712799,0.4175679517176532,0.41099910345280005,0.7226738973562791,0.6010130994439526,0.3442347641643524,0.5358597012967133,0.37930943998600514,0.11044586822942862,0.19610329973103585,0.29886947584789314,0.5794668824211148,0.5064923137477859,0.5679123570444556,0.6322144715838272,0.3204871968686449,0.46806761277907766,0.49386630513218605,0.5055826463449301,0.5693249655594673,0.32828934420852374,0.5298681419605956,0.026012989000896547,0.2555421923859089,0.1409176935970902,0.4085499989066498,0.4858105005357416,0.22202007391047648,-0.0907568170387702,0.20900483260807767,0.2396055192320308,0.29984911766635325,0.3068246922219064,0.22947234917233386,0.10797720143585365,0.25462377818110254,0.3833242220813015,0.511591699284949,0.015123220572478188,0.3378014913297326,0.1652708228553935,0.3450001093350244,-0.072961448470403,0.15249174520565917,0.19603332531543155,-0.04608689947737858,0.20351184098314054,0.3349719008987339,0.12913778399772582
0.09132973256653036,0.5221884498480243,0.3067459710043515,-0.09429052502678709,0.4744046707922416,0.414957031335418,0.4924826621798467,-0.018149614047363934,0.19430145852922526,0.06243029892195666,0.15110975049747435,0.058376156217882835,0.36339900723797863,0.613767466270145,0.6121193633636899,0.33077780936345147,0.4969495528197503,0.5961411254307268,0.42328836019330435,1.0,0.753222103168529,0.5124866201120687,0.5539087271216462,0.47653889046817255,-0.007622837899892852,0.17652358356475914,0.7312763770746321,0.6250989481970655,0.6577901204871969,0.47956965734403356,0.43558199033478384,0.07516126916096302,0.21133585532789573,0.5021626467822702,0.5259845618945573,0.531534407732173,0.3139886663191686,0.09641599790076753,0.3153265837178282,0.2111740394918108,0.5499245588331766,0.14489077431064268,0.4392731407579104,0.42898690166407905,0.35999033477349235,0.5047473267586539,0.6064114058297435,0.45399838184163915,0.4952482998403709,0.5616715138527476,0.17990422251864163,0.574874811397083,0.3716428680763596,0.4047057794493888,0.584505040344624,0.5589453094679923,0.062220375675143776,0.5258139992565218,0.34348253919660626,0.0869213443834598,0.08678139555225121,0.2225448820275087,0.5093000371739083,0.4925018040279023,0.6153287704183158,0.5833111018783758,0.4474470271806871,0.14652642627539306,0.41523692899783515,0.5016815726749907,0.7504887275589862,0.204334040366491,0.45987185935142466,0.2610920382235245,0.2991012660995823,0.21060572763097546,0.6565961820209486,0.20881240296516587,0.4127265968380311,0.017222453040607027,0.25930331722463973,0.7269335899061905,0.5422711071264569,0.3420699306815945,0.5217817235573243,0.4337806234073829,0.39480002624040583,0.5525967068290656,0.6868688635717566,0.5146443331656863,0.154639085084516,0.30246441144956376,0.3440860685311933,0.2128096914565612,0.21877063698585206,0.4110165970567011,0.24762633662067307,0.6032887975334018,0.5573593404911329,0.5579716166276705
