0,1,2,3,4,5,6,7,8,9,10,11,12,13,14,15,16,17,18,19,20,21,22,23,24,25,26,27,28,29,30,31,32,33,34,35,36,37,38,39,40,41,42,43,44,45,46,47,48,49,50,51,52,53,54,55,56,57,58,59,60,61,62,63,64,65,66,67,68,69,70,71,72,73,74,75,76,77,78,79,80,81,82,83,84,85,86,87,88,89,90,91,92,93,94,95,96,97,98,99
1.0,0.2608360572754581,0.2710118937840019,0.3166108798104876,0.23405453406055585,0.038634588897315685,0.3249762889417839,0.3601277669431612,0.09390713352354768,0.2854649406096492,0.14747036364140328,0.2864577242887567,0.3999208911983525,0.45055819556675136,0.3805510069302899,0.20137498577539467,0.2778266103905685,0.3302987376344512,0.2833820569066047,0.4752428003564497,0.40294727490476334,0.1901836807489113,0.4133105267681194,0.05678921075236596,-0.16328819372236122,0.3735205364957063,0.28635334466083473,0.21445862464484114,0.17039255434621509,0.12183143082498973,0.009318043673866834,0.2150055525253861,0.10678354050344,0.15759832678676483,0.18568978845472855,0.3283657524948134,-0.09518683968061378,0.257967579530685,0.0694077437127184,0.058296414599039295,0.11434125637805782,-0.24464779723676203,0.058758667236979464,0.2737963969408979,0.23101732113898046,-0.017866966987005135,-0.0005901765428370316,0.06198815722870073,0.24201162302480778,0.2387248419591143,0.2802647946351304,0.2934920846071999,0.3099274443865512,0.23172914339217657,0.26106365195288195,0.028576484987184295,0.3668143416040276,0.19886218268175804,0.13138491361216417,0.1112460112039454,0.2746518390043186,0.13145559802684198,0.23468071998406215,0.38777581139476464,0.2623829162727078,0.33124639232583786,0.26138934778436784,0.34385553231658805,0.22105564689869817,0.36618492459956575,0.4676334735395937,0.3393114868604359,0.4355208076635112,0.04808604648426565,0.22657521023084293,0.0727855912107666,0.22019942002604498,0.3346528592563393,0.14393479804900858,0.22940523232322368,0.12081588767813985,0.11714224162795514,0.09595791535668823,0.036574479013999496,0.3122920746040618,-0.018479902997584553,0.10005218981399178,0.037701480308336095,0.38218953927785776,-0.011427625171386504,0.3907894788475495,-0.024869044718057124,0.31216258108069994,-0.08053241458334995,0.025113895439873687,0.2396407143334372,-0.0667480776082763,0.20432586848957981,0.27047116022281215,0.40182468146567646
0.2608360572754581,1.0,0.5912779509588791,0.7050563649548421,0.5483577677052334,0.39320324345705054,0.5594730165033975,0.7095030905763321,0.557537458915269,0.423153109882624,0.22920021723502507,0.4940166191072645,0.4338902468263642,0.5180490285638945,0.6252274474364894,0.5846369004454574,0.49892834299318056,0.38091471013878553,0.419770584745204,0.43719647526754124,0.5012655048875538,0.15273951289265655,0.4453359001817568,0.22758360078969225,-0.031227534853350662,0.334083610370775,0.37092095721537344,0.426149676403693,0.39533775861495224,0.315540152378441,0.10146245219042914,-0.11586443529880804,0.22384947992676316,0.17981535022869324,0.16913724419163143,0.4422741870167541,0.3361518448904068,0.24581618526506127,0.3236927442873781,0.28259545627203353,0.23304508609551897,0.04502603994989782,0.19626493883201643,0.35275420735899343,0.16877001998517224,0.2623725078402381,0.1303363061883729,0.10224172733237273,0.3136283585884746,0.2637616190915683,0.3489478855686252,0.7824207509758719,0.6864312868663848,0.6175316111225165,0.5347089458764586,0.3762978287084179,0.5665611883885996,0.6511279670696051,0.45694539929492795,0.17801749339784714,0.463578601722184,0.3000960213719397,0.5154874132394074,0.4212444553271239,0.5764858781537534,0.5991667677113102,0.3425736699848375,0.4453914468417732,0.23068507513757694,0.32727147157894076,0.5812428312610247,0.3422001010833498,0.506883954182993,0.30759631956151173,0.4378714106777921,0.07259168628362533,0.5118914201582802,0.5016465284775654,0.2077011699926856,-0.03800357244882263,0.23857083211688,0.21707108524556967,0.17462005423037172,0.23444597002581077,0.3680124564823622,0.2853391471955649,0.29858671664327935,0.45525527882324024,0.5206043654194488,0.17853796203739794,0.4140838615095323,0.33227161765995294,0.4881509595070146,-0.10284132111543279,0.21648317841211243,0.35460321645963416,0.28846448149624915,0.3497515295919937,0.41839246081450576,0.33930729652267
0.2710118937840019,0.5912779509588791,1.0,0.44604754684522635,0.41674138701638863,0.6202248319724752,0.4136861258731808,0.5705072061127173,0.5565972581926172,0.31734835143102,0.3246392234789624,0.38102929219680487,0.349952577920762,0.37462839312005375,0.49760417455566963,0.21072111354924988,0.3149478690468284,0.17356042555462425,0.22097385331613034,0.21695249396482175,0.16964593331481176,0.20883922443614067,0.34691379776496933,0.19595109227745602,0.20564026256557075,0.2633645059315835,0.24637026014836022,0.28175111276097553,0.25363877086252024,0.3167016691309657,-0.06011243957462249,-0.028111844645564734,0.06464157187810374,0.1284386389535048,0.21435163820950623,0.4391584968089682,0.2607018548967013,0.18045418444258182,0.1051816204100468,0.1901402923882982,0.3369616357929635,0.05910864576564359,0.16865066284935756,0.1710945568813589,0.0033683999040966086,0.2784077174940119,0.2763923289666582,0.1754941939858546,0.33505363382085646,0.2637176698090404,0.4408379872484296,0.6385456548858183,0.31849417201121333,0.3969398730414908,0.6584607077718028,0.6933425836145771,0.46306219765248047,0.6420438002034633,0.3361037077498281,0.14353533014966807,0.3513462607008655,0.2437600823421711,0.44956035021299706,0.3351274058308141,0.34082825562158414,0.36950795188672236,0.416432008890312,0.1913457584233509,0.02761741521712515,0.17755981026466885,0.29764349348277336,0.298704437935765,0.3524138769969575,0.09236883493591252,0.2887750393189117,0.1337785292759338,0.380398306069082,0.34658247239828094,-0.08723304734907346,-0.060030011081497664,0.1629639396136858,0.20440505401252793,-0.0555323164821882,0.14189031431990923,0.34292369462782807,0.3760693017400777,0.26888798897500854,0.3765075204345863,0.46109703687658726,0.2573469973963179,0.2873121560576238,0.17726165254862175,0.2302000634125362,-0.08368414278494046,0.1798216286976258,0.2236374937607715,0.27647259642370947,0.3768007433707216,0.5157950582171031,0.32770468593528784
0.3166108798104876,0.7050563649548421,0.44604754684522635,1.0,0.4625302789093552,0.18510809953884647,0.5714923651826239,0.635550574636869,0.46817914983252185,0.514329035721349,0.2040204175809687,0.3873956596944269,0.36485374497087436,0.5163820950622982,0.6033061645564273,0.5539132127239451,0.2700709075142392,0.3645200581386223,0.41478077156104715,0.3922771692894971,0.4943348545553812,0.15752920175908283,0.45501808788372317,0.010540768665405766,-0.07062021855350355,0.21564500280961485,0.36213580956148034,0.32783901685418926,0.3090000423801124,0.22135840953825,0.17639443868701254,0.11098292570373788,0.2878608502384667,0.15442365224816276,0.2337709426179332,0.30457951523941373,0.21014993780393304,0.4452297762667596,0.365570132067594,0.38149232928058163,0.30803043959897064,-0.02393352357094199,0.21187321259837577,0.362332011715623,0.2544052305945398,0.2710901619531061,0.27809536366461673,0.19834154243146265,0.2013096886193333,0.23387296773808738,0.4110717660391337,0.6799733635851537,0.7239011894559393,0.7212911990350545,0.43965763508910716,0.27695279099637937,0.6050026840454686,0.555815240210657,0.43188959940228977,0.1269067921315417,0.3687156450028096,0.2512236152144821,0.40755896267136293,0.4405899877255932,0.39734860256977733,0.5906476601496251,0.31026623847508544,0.4206260261372662,0.20975265971640156,0.30844077363294187,0.49125507035619587,0.3367833520117784,0.4352960104224006,0.20416639198365086,0.28118280076220614,0.06264580278301575,0.39407908987314355,0.450469158590986,0.21905892029169766,0.038942203554241266,0.13508910717032543,0.1821753412251243,0.2721514367895862,0.22834486544648946,0.2553343441668315,0.22267060954515633,0.12687686980652899,0.3116571639349725,0.3778775007926567,0.10010563540572089,0.520717377860235,0.25474583766778724,0.5009715930673146,0.026807492724824123,0.09575136007333251,0.2921512859873991,0.2116293032071881,0.31601731601731603,0.2740535992892773,0.3276999770835884
0.23405453406055585,0.5483577677052334,0.41674138701638863,0.4625302789093552,1.0,0.4718514545060364,0.41467122379227667,0.44281509391615603,0.4521511808824033,0.32402563028988235,-0.14848820294846007,0.17352360764107,0.34462072131816557,0.29521921871489026,0.34230239484537295,0.37100115327674316,0.46616901893709767,0.2749585915191405,0.3232172770976131,0.38349138731068944,0.3250147446092664,0.21432708494382727,0.36674410117760625,0.07668135567946821,0.03486278204561499,0.008476721193883381,0.27112009106924845,0.22127853272065892,0.3759452547829917,0.3587345897862888,0.15435000137341615,0.166650251080008,0.2065555115190375,0.2695355618506159,0.24312360230437466,0.44300972652944026,0.4034454708445528,0.43707029258857283,0.32022087662374527,0.3024590810437093,0.39294770423679265,-0.10028131475900663,0.22834878949111215,0.31981826964545973,0.3417867751796232,0.4101560553306304,0.30118298173241825,0.2274925629544464,0.4253201333704614,0.41040954861325457,0.3514601958647903,0.5046990452795687,0.4571198061836232,0.7005372019196434,0.4953266590566742,0.35109225824932605,0.36247420431168964,0.4612592504519877,0.3463691403713433,-0.05660595772466884,0.21085853779896466,0.3076773963168903,0.3220031776913602,0.2706531297591512,0.3784128887600349,0.33601005812312085,0.35953352527146365,0.49760417455566963,0.22310548106630565,0.27541927435784147,0.44506767017607196,0.25907562850443705,0.3412901248593001,0.13411207306886042,0.18750262420485583,-0.07082589399581697,0.45459899991802244,0.37045335664741896,0.08986376109475258,0.22682782979536675,0.1852886782287476,0.28591071225361897,0.12629979175079817,0.2253666040127296,0.09034014011194424,0.2781621815490851,0.4099520050102517,0.285888064969695,0.34713354426383863,0.12529572627713972,0.37686681517870446,0.23150224259238186,0.3738861108833273,0.041937049691357496,0.1364971073905169,0.3472693162077829,0.36020874364159894,0.32545319772360826,0.40424487451104607,0.338780038071107
0.038634588897315685,0.39320324345705054,0.6202248319724752,0.18510809953884647,0.4718514545060364,1.0,0.3045129259992127,0.49511849040492983,0.6673384628424512,0.0824378667018261,-0.01124159862375961,0.16703709633368807,0.29429863784641275,0.20946855899720293,0.20948041332748432,0.16519593531921306,0.3533438759374653,0.2549937372272398,0.1793067942451554,0.2676040420782988,0.16520548267734908,0.31578042772873627,0.2670249581010341,0.19339183037455315,0.10366537016283209,0.18179620717691783,0.19425739839082842,0.3134832920066275,0.3186437857975317,0.4197407620177743,-0.10915593407762836,-0.053230429227528575,-0.0011630868261582419,0.27354347368850634,0.2496962790653871,0.5055266222778914,0.2930391345124686,0.11683916760058892,0.24953931734207296,0.23554147085691685,0.17143366147503802,0.019824265654577476,0.17896147845386423,-0.09223855670556177,-0.09013373536479201,0.1644111267026423,0.20306922953768494,0.13620353540585592,0.3197012076634992,0.14719556488954605,0.2603131700303564,0.44395385166565376,0.1620378654461323,0.28602910620860617,0.7632169619116682,0.7600686079962412,0.37719942614793955,0.6622204607617043,0.2126156415496517,0.055076342318107985,0.18408313948560504,0.3055041396708982,0.4605570885483866,0.1599848061051832,0.2615908384581336,0.11596345769825751,0.11655035802969088,0.09744183783342594,0.1411541081591843,0.2117570609231233,0.23806943283038068,0.2781047813680156,0.31777318228381424,0.057655180207754536,0.24675638598771304,0.056033002784898776,0.34864651905986205,0.35899500547796415,-0.05799735676457939,0.0030937155665219478,0.2429029756803506,0.16343096487157271,-0.1274443864558015,0.23965396204901326,0.2736188153156971,0.23204279404424438,0.3385209182888661,0.3670262400968015,0.40530656194180487,0.1428165569765861,-0.01441850390363806,0.13593204496485298,0.1308087609755485,-0.11325887069179309,0.1407193241856041,0.03678241024143852,0.11626477893889524,0.19045735506939276,0.3364443146894198,0.06504807737585112
0.3249762889417839,0.5594730165033975,0.4136861258731808,0.5714923651826239,0.41467122379227667,0.3045129259992127,1.0,0.5918440302136195,0.4872250765287177,0.3828290085783834,0.04157682239499674,0.3398552262977175,0.4544618366890468,0.47569780304517373,0.5919376547545705,0.5354201925843032,0.4039328375691777,0.5132681758804283,0.4917651961571424,0.527089445850383,0.5497857666157355,0.3508128661625575,0.5073273713991971,0.23065150938435638,0.023775001559809567,0.2223269506131687,0.25531874818269645,0.3174945750061804,0.5273319947091754,0.28594591646260564,0.019409117128853903,0.15632059601530168,0.10956800175797268,0.35117452541626026,0.33521229670017894,0.5367017855580659,0.29262330044591206,0.38572102946528836,0.409062031689831,0.495912126514376,0.29642009268597036,-0.11035826135001325,0.2044089780571506,0.19397494340548135,0.18890201264327675,0.1956740547270958,0.21506275920768916,0.17181586342128569,0.2774111194083068,0.22503532621173286,0.3293042551162928,0.632119887458356,0.5781459752448166,0.5707948940311334,0.46343045474579486,0.30738230804547184,0.6369297333102043,0.5064619255537908,0.3783265597783363,0.1263174499654585,0.34925645240470105,0.3078382822095519,0.47370988203933106,0.41246182395090897,0.40046444992156954,0.49848845623209304,0.4330049823594907,0.3824381737339659,0.3948821040413647,0.49780194640465203,0.5386373357296175,0.5324057415051711,0.5425482530336249,0.23764014234866102,0.48617186295199416,0.0965719532724583,0.5198056342217902,0.44613326604908254,0.15738950577051591,0.30164444938004376,0.42852293859148144,0.26264896660244313,0.18378041970830827,0.37090005846828783,0.3655467312512372,0.2482829361742561,0.3004146537953002,0.4709508634671129,0.6124523277629375,0.15191884121221316,0.3610960798402093,0.14190528137373007,0.5501502712888673,0.042192897400755325,0.1547902186124619,0.1365724490472721,0.09580483984196242,0.2826410860813962,0.39222631064074426,0.3306502024218673
0.3601277669431612,0.7095030905763321,0.5705072061127173,0.635550574636869,0.44281509391615603,0.49511849040492983,0.5918440302136195,1.0,0.778796982567831,0.4144699873488851,0.1298261805876019,0.38058195128535954,0.4882633787358752,0.44912556623941685,0.5463690618904662,0.3813918737776606,0.49475472749476657,0.4578651949935489,0.41493302443266183,0.42177027710022635,0.504004489108965,0.18956981091207636,0.4738174008619921,0.1024466025817938,0.07013520682846282,0.31296441049885576,0.26881264734781773,0.2504631353666094,0.47661894499640406,0.34801553293213916,0.09762630616731072,-0.014963161083538169,0.032576633648449704,0.07183510229195508,0.24516950296500695,0.48533663580799186,0.2388260823501063,0.3282320773256234,0.307809787505219,0.3556156195750104,0.07537461873002015,-0.01078954886061485,0.1917805423969311,0.21939481837958996,0.12630086984298122,0.07089647118653646,0.1450169361699456,-0.059149455813705266,0.22710634784601427,0.1348615126715199,0.2594514501693617,0.6565915512965352,0.5846965459003167,0.4344042966719335,0.6610333104169217,0.4893966428229012,0.7973812506082267,0.8497098167865463,0.4591240280145284,0.13167843226511772,0.43437901233405224,0.3555875059989106,0.5816467796163227,0.4002461159821566,0.34055357260578434,0.46419914699083215,0.2937648525030686,0.38116427927885504,0.21243356595060728,0.3464584726368628,0.6012860663846787,0.41364436868425264,0.5857627757134738,0.2472837773780486,0.3802334962596021,0.19888549284628576,0.4914989530653055,0.5340559851074717,0.18151995454388492,0.04382528276654455,0.22364377222970405,0.09376818549430538,0.15882498361715616,0.2281965365597527,0.33145293188802977,0.16946215495889172,0.15553651086646011,0.26623397517656594,0.5424079184050178,0.14793822604739323,0.24603122282600165,0.27150464744226976,0.4541860121990651,-0.02876951426625103,0.31329716935228175,0.15343322377405047,0.10844886379246704,0.24726965082295033,0.3527212453970975,0.2511528838577424
0.09390713352354768,0.557537458915269,0.5565972581926172,0.46817914983252185,0.4521511808824033,0.6673384628424512,0.4872250765287177,0.778796982567831,1.0,0.261085421709062,0.07851382361897227,0.2915579706732716,0.334776727747063,0.2770201758599148,0.42850802722191533,0.273739675842649,0.46762544194584305,0.3609633054883236,0.3035467071000066,0.33136817255744017,0.39932898810633904,0.17402745497062033,0.3624004322727835,0.10163589496275098,0.13525862583150472,0.25227045132773923,0.31917224665593047,0.24649828067986754,0.44218384327715715,0.37762636203535405,-0.015985772983817294,-0.10174415866946686,0.024246671723454037,0.12304543414043051,0.21040091163368901,0.6216563228891002,0.3300656492923999,0.2404606512655824,0.34351073147302297,0.4757290087239326,0.15794985934263264,0.1391245930767323,0.17968821123280876,0.11197178456061704,0.018712983996570256,0.12140989298349704,0.2412517383510857,0.005390065578608,0.2874753962498705,0.15280851611526014,0.34231468314136915,0.5456101516604426,0.4032472241319232,0.3317559981965346,0.7023691802517038,0.667724065891039,0.5707238132908908,0.8525100161280922,0.4494646035617754,0.13639984460781396,0.30853808990139664,0.31408210121604635,0.4896656401369962,0.26180744563630715,0.2210523341777874,0.390021303655246,0.2687231791655287,0.2644977695739117,0.1990274651623455,0.2563812788613369,0.4770594465292389,0.30809859707611703,0.48080317376868426,0.3981710819999435,0.3137821810773225,0.24838967018799263,0.4709950431487777,0.535057400902216,0.060654718740287994,-0.019403608236095545,0.3022580513515974,0.17493783332307888,0.07160677918217234,0.23790776219192683,0.34252501185061013,0.23972293116600585,0.2931197398202474,0.35634106239636776,0.5405039727012171,0.19576610782997508,0.10259018235813015,0.15451318106210166,0.37763734935598603,-0.04068133944856207,0.2758743552797215,0.10628506132494529,0.18969074592199342,0.27287952559888745,0.3510244891680715,0.15083079840150182
0.2854649406096492,0.423153109882624,0.31734835143102,0.514329035721349,0.32402563028988235,0.0824378667018261,0.3828290085783834,0.4144699873488851,0.261085421709062,1.0,0.16928635782877988,0.4668135828396887,0.3158651870925858,0.39664384443209677,0.41829295426019086,0.32110601508716086,0.3583784271639275,0.24367836659352252,0.26768723179165527,0.30658077721166915,0.3540635460036642,0.06918796997792473,0.3169906030903665,0.056593356357015505,0.2351631931037297,0.17402817149010041,0.2765430122210398,0.18421427481106162,0.3320467683888962,0.2296585454671024,0.1589167439376576,0.20080427187026173,0.28065238026662903,0.13556470119196734,0.21449133414325583,0.21475032098672417,0.18042293369544754,0.2496962790653871,0.2571755051813065,0.34095696423470173,0.2221731280639602,0.08999871291386882,0.26926940596266197,0.32994296010974766,0.44916969177810157,0.22281187509613906,0.1779475057212548,0.15624283862137378,0.032586823377251224,0.11283664365607803,0.17505784039504127,0.40840122257537403,0.4578400811178186,0.429917544050377,0.23366106941161327,0.10011179603130745,0.276767467485379,0.34635750414978544,0.5702717635277461,0.4151821346027593,0.4879547573528719,0.12468887231198998,0.2680874841861064,0.19573283858998144,0.19494646035617755,0.34471581850361493,0.25508791426122823,0.35581653058085255,0.07256026545366646,0.1660623640319072,0.3700625218030014,0.18683938734700156,0.2650520524724269,0.20150589077347597,0.2157030786472411,0.3839246018370318,0.32601891702689384,0.4077300509497754,0.21282597025889266,0.15260289625771858,0.03663486622152322,0.1467906612446947,0.4067454353534267,0.09351390740275661,0.12299834562343627,0.2077733723854101,0.14067223566860984,0.16069518401819427,0.263614075071653,0.1675741684549315,0.3508486920379596,0.1909667707977455,0.48108611234064463,0.20059708239548704,0.32360170648785586,0.22886902799883221,0.2035120213154814,0.23715346775535318,0.17341288153470893,0.24643618407215218
0.14747036364140328,0.22920021723502507,0.3246392234789624,0.2040204175809687,-0.14848820294846007,-0.01124159862375961,0.04157682239499674,0.1298261805876019,0.07851382361897227,0.16928635782877988,1.0,0.42369148859359157,0.09796769804948267,0.26940439304471214,0.3082117304605378,-0.06727850346414524,-0.10063294864603886,-0.19245076895548252,0.14118863973831342,-0.19882184530480396,0.062426865589666015,-0.05649682485929792,-0.014760686252620926,-0.09376975511215445,0.11229041685894478,0.2682507243783531,0.087438667206615,0.0926890732230722,-0.04724947692429423,-0.021202389585275736,-0.14691309143692188,0.002219438767662118,0.028041222873572188,-0.1553434479467837,-0.1256384418095803,-0.016008526160810426,0.0002715439944436342,-0.029340854939114546,-0.23455104238280453,-0.06480478670471419,0.17511284571324978,0.17848588443222235,0.1292626880009041,0.3394140304945236,-0.1100686668568605,0.22515845285968564,0.15860982140895122,0.026275392482789147,0.1613754869737466,0.2082128652106897,0.2144144228988319,0.28216235263743095,0.08120257793934371,-0.0004277208638706085,0.16468267048397578,0.05934332682857993,0.062159981666870714,0.19263691978078362,0.28812678740162423,0.43895086701813474,0.313543599257885,0.018486959026304685,0.14445815243494722,0.26569224828833243,0.08113351478108548,0.3090980223194127,0.10442192566920631,-0.07670876380085952,-0.1498026991137941,-0.21286991954142062,-0.06479460961838772,-0.009571525887697026,-0.06022076683711961,0.020541580730123153,0.044818850475123136,0.28042870972313705,-0.08732879400029508,0.06809784365984511,-0.21174450398525815,-0.18646895767998015,-0.1377370514426352,0.03597642590952764,-0.04769992034187759,0.046839751042916565,0.01652022137881456,0.15016998954634922,-0.09156205167807778,0.17278987910019095,0.004788902178314796,0.06555045777966532,0.14304863615958613,-0.000772251981740695,0.07545777886604572,-0.12664613607325717,0.0006466823000543088,0.23801204838188159,0.1579860225476179,0.10904287880357497,0.19085446822937757,0.20470163146015213
0.2864577242887567,0.4940166191072645,0.38102929219680487,0.3873956596944269,0.17352360764107,0.16703709633368807,0.3398552262977175,0.38058195128535954,0.2915579706732716,0.4668135828396887,0.42369148859359157,1.0,0.4527978634362187,0.5664246316893162,0.452911660730276,0.23346015840577117,0.4241069851947044,0.20590709749520483,0.4617829596074701,0.25097080825869805,0.4509207774321645,0.08475622461389033,0.2808948862243098,0.2783795736211808,0.008235781622293587,0.5692656388813024,0.20620375515226858,0.39700030332867986,0.32455654319554905,0.3108344399134827,-0.07603307341770353,0.027611136748192586,0.03817389089822067,0.0953840696407774,0.016331867310837578,0.36093348276089393,0.2574966939911874,0.08093417339247651,0.1201573384314501,0.21165817503743536,0.15765006233346096,0.017857535261451143,0.16930048438387815,0.3024401269506418,0.08595619745950164,0.11752352071423862,0.05296516391512766,0.00867056559587379,0.29295493001076756,0.21096283460315368,0.19806999865012917,0.46753343580325457,0.3462905235929166,0.29109033896292097,0.32634853664585356,0.11843629961023376,0.24770914364822993,0.33776619748165115,0.42331791969210386,0.5039903625427802,0.6353214105208304,0.20264080355017725,0.5293769561354768,0.3043519207406082,0.45027138681961015,0.4291032491510353,0.1461093897642121,0.270523530131942,0.11409390705982439,0.1174921283695758,0.4897317562336769,0.39162577813774335,0.33528070664233617,0.13968337681173068,0.47429123933837497,0.33227161765995294,0.2997121321994418,0.44142973294532395,0.0062549246740689814,-0.05742130724001645,0.16875268796951176,0.11574989866155652,0.07932066912837604,0.11238777722885618,0.335458595067007,0.07351459273141651,0.23768085914568873,0.3033169962212369,0.4040744124137888,0.06147415542695734,0.20623200826246513,0.04773678764365804,0.2910070350244389,-0.21898671789897314,0.2245023528562325,0.2713271741553105,0.15116446069876222,0.20123748622660878,0.31550091194761243,0.263480657606836
0.3999208911983525,0.4338902468263642,0.349952577920762,0.36485374497087436,0.34462072131816557,0.29429863784641275,0.4544618366890468,0.4882633787358752,0.334776727747063,0.3158651870925858,0.09796769804948267,0.4527978634362187,1.0,0.606946893157337,0.4476222242278458,0.2746383894779309,0.5279672765814416,0.47014998875764835,0.5380453784368668,0.36227878688948084,0.4436591116976596,0.4501304745349024,0.4819450712018176,0.03919808192623578,-0.146018409262954,0.31829966437648793,0.1883023444989552,0.259114185819282,0.3609804947210284,0.36472817554294906,0.08844643088381292,0.0120107157810565,0.00554389241835041,0.34341825881509835,0.38561743468724996,0.35585748026895,0.190332009752058,0.004550322144443648,0.1521336404029169,0.3429724873459635,0.08902091124199984,-0.1427889205384998,0.14922278410182316,0.06972634890015451,0.18615047147414643,0.010094997196270893,0.13169093753667543,0.06388266164808011,0.23028020425438842,0.026841250027960884,0.10603082494013705,0.5252225915185667,0.42084436807384834,0.3645360404019793,0.4014650813003494,0.20192121300114974,0.4809748582537351,0.3986808921244277,0.20685758190169426,0.1156565971678667,0.3755922854852625,0.5381593869070276,0.6532168729210424,0.43876861910126275,0.34817812494239236,0.46754889757774987,0.007154318156044894,0.4357180668116021,0.3514656895272621,0.34005770700024707,0.43940448675438215,0.5290663795312822,0.4289925910055663,-0.00034374630894555325,0.25629662010266485,0.06180922072367259,0.34311139852560585,0.3998711343746224,0.1307570149164809,0.02489021504157128,0.13494475533779018,0.07764902546313555,0.14233462787668127,0.20769348490615644,0.2080347952884941,1.5696178490664532e-06,0.12733760243228961,0.14835961071878315,0.30475700157474256,-0.16351990494390717,0.07177470019318624,-0.035255592746793074,0.2702866239913942,-0.20673593651839162,0.16252451056373682,0.06777060506021772,-0.1285266888218499,0.05916831443840902,0.24787718996027241,0.07005125979491127
0.45055819556675136,0.5180490285638945,0.37462839312005375,0.5163820950622982,0.29521921871489026,0.20946855899720293,0.47569780304517373,0.44912556623941685,0.2770201758599148,0.39664384443209677,0.26940439304471214,0.5664246316893162,0.606946893157337,1.0,0.6413599796891943,0.3942376212136908,0.4543095836980825,0.4187032450266678,0.6553199036882865,0.4723041039212178,0.6994306209020397,0.37504762809163644,0.6023110268401192,0.061003197703967706,-0.20849853554712147,0.4109854370913109,0.37837036060386314,0.31504506176644864,0.36997505874347286,0.35186266477056904,-0.0016324025630291114,0.10748424889106542,0.15373151137326657,0.29318566374403937,0.31131474278682403,0.4165560086517302,0.18817763372174104,0.23447570075561375,0.2211386631256102,0.3770989706450185,0.23439103340109346,-0.2096741788547445,0.23555716702924825,0.33748183168052637,0.27999078634324753,0.1987967314290737,0.22688189258167504,0.23200041437894955,0.20367824102414386,0.2648399461307366,0.395592200885892,0.6092071428599926,0.4851231678642846,0.45285986334125683,0.506554721565599,0.15390259971881481,0.43995115351170466,0.4244052127030529,0.42074688666421806,0.2614317274829226,0.5241234472561521,0.4519510546066473,0.5670870101617019,0.6973432658711847,0.555542475411946,0.6839112866996395,0.14213041007819832,0.5209308458039422,0.2647551868001469,0.3114434513999416,0.508808106762306,0.534336946592204,0.5057475504143388,0.12356811667906664,0.3664522569526195,0.08843619366102663,0.31854596937990703,0.5722290762174737,0.15435301947267138,0.06434959770710315,0.15928318720196893,0.18016387595154562,0.1798539470018879,0.3178075891808056,0.35227233486841897,0.17145399922774832,0.18865229525128002,0.25189472568963056,0.3982997906130611,-0.047608135025023444,0.2874738266326374,-0.06433078754398859,0.44236208558181,-0.18651761581420756,0.16944174993486089,0.28496243905961094,0.0728883726588384,0.2386241991028068,0.2120788324559173,0.29501426782064927
0.3805510069302899,0.6252274474364894,0.49760417455566963,0.6033061645564273,0.34230239484537295,0.20948041332748432,0.5919376547545705,0.5463690618904662,0.42850802722191533,0.41829295426019086,0.3082117304605378,0.452911660730276,0.4476222242278458,0.6413599796891943,1.0,0.44561450734996605,0.42576623898474036,0.34319301865375734,0.4450918246062269,0.4187387257293257,0.6400671169119493,0.23748719779939492,0.658743755861544,0.2679527073956498,-0.12761463998264985,0.4187873838826468,0.3902407440616752,0.28210674190371177,0.48636411973568333,0.3194470550241555,-0.13345916441361017,0.08837105452029038,0.12400535239896562,0.1375793588974482,0.22294694966354994,0.4684720672769963,0.33755129220855457,0.3280870164743418,0.2342026792592055,0.42177436664942025,0.34485302485098435,-0.04946022804193301,0.34732425283250024,0.28310647777364445,0.2751046739313841,0.21833933646761536,0.23537125974783546,0.1110912728855273,0.17860759985419625,0.33563766313727594,0.38693120482691856,0.6171135501238036,0.5037610005686328,0.47601976149647424,0.46032967468496405,0.2387632976114331,0.5630729350402314,0.5753525070152605,0.35631659348980194,0.25964167950813277,0.39157177999768356,0.27429318118498347,0.441574311006469,0.5004765752194613,0.5492767789558618,0.8090204474360398,0.4683849534863731,0.42749562370926747,0.2946251183590186,0.31546336492322485,0.6208374699319963,0.495569165014355,0.5960424409303747,0.309692664901132,0.465807640978206,0.0635499276013483,0.6244426385119561,0.6023965710128932,-0.031868735998520734,0.05229495787734702,0.3253150713528904,0.23395163220700127,0.190911984002457,0.26929787042014763,0.42905739346908855,0.34471083911380457,0.38617229459689495,0.38095989270086894,0.5308063009169723,0.2895525679578931,0.387165862695354,0.11190123960618273,0.5654328554763028,-0.12846694247469292,0.2590238311154178,0.3063446700290733,0.2615161970955185,0.41345853128506616,0.3355913594107285,0.4342999170849705
0.20137498577539467,0.5846369004454574,0.21072111354924988,0.5539132127239451,0.37100115327674316,0.16519593531921306,0.5354201925843032,0.3813918737776606,0.273739675842649,0.32110601508716086,-0.06727850346414524,0.23346015840577117,0.2746383894779309,0.3942376212136908,0.44561450734996605,1.0,0.3933699316039965,0.7093571161736499,0.33583216396849463,0.6100584211534176,0.503403325236873,0.4663821211109643,0.5113681534741333,0.3774130421901796,-0.19110246775221396,0.19718787376510363,0.31114993297734417,0.3829475147259879,0.3638668836931983,0.28806714194676486,0.09656681411919087,-0.12063450207032513,0.33173166911987406,0.5300613092491265,0.4009037856028429,0.3540004834421078,0.17505719297287203,0.21735745521097224,0.38749768481458113,0.39770333606446734,0.27936529363039453,-0.07483778005895482,0.3638231480871075,0.20735585420139444,0.38628216784632957,0.16085280443511046,0.11713268602318638,0.31198496934537545,0.18651133734527497,0.11432778002756248,0.3040050353320839,0.4724871497349083,0.7880781292673968,0.6476588561174981,0.31918323397656245,0.12325659602471684,0.3069308018546597,0.22499460443659586,0.2608248652483605,-0.06048603235770328,0.15528851134362373,0.05391166426188547,0.10314582685866225,0.21284480566569036,0.4017341131191748,0.43628661087485876,0.2377781754141435,0.3314560711224961,0.5603957318968197,0.6440626088921956,0.41196033104813223,0.4934185949414376,0.46285929547689453,0.3416962539515114,0.43605850277351366,-0.06813475640120113,0.2694640384995715,0.43123663863330286,0.36613833350599123,-0.03613101908968479,0.3845515132679745,0.4105829913855764,0.3178595112993888,0.4085911463351111,0.30608006931429704,0.21771532794012852,0.29889750085544137,0.31949819297684057,0.41063541244832036,0.048981552259763333,0.379688839079702,0.13241610098294412,0.42276698404327123,-0.008196541191465049,0.19854873190623734,0.11758787502079743,0.08757372301730454,0.31293144853695976,0.2102722030205714,0.11300145346555789
0.2778266103905685,0.49892834299318056,0.3149478690468284,0.2700709075142392,0.46616901893709767,0.3533438759374653,0.4039328375691777,0.49475472749476657,0.46762544194584305,0.3583784271639275,-0.10063294864603886,0.4241069851947044,0.5279672765814416,0.4543095836980825,0.42576623898474036,0.3933699316039965,1.0,0.5114907843777449,0.536931160458337,0.5465529216487386,0.6114296567084762,0.2149522698457897,0.47845168065004745,0.3865948252013628,-0.05585016422134909,0.22996244687829587,0.38027381994133486,0.36042770550338693,0.6358346027644551,0.4874340269740434,0.06838163247448227,-0.14330459623531425,0.02530225958439036,0.28991010010250684,0.11348106059123174,0.5772593676793791,0.4261823552771399,0.06669936705137453,0.2277328038487746,0.34918360219600375,-0.014309432351184535,-0.09689333265319516,0.0789926188691927,0.08823139315413624,0.24859156117847345,-0.03901836061200625,-0.0962113334301561,-0.1313040782612171,0.18599664886463452,0.029702675022278108,0.1129913396301542,0.40463445729834785,0.42417055474253657,0.302595090466981,0.43559031388458663,0.22188920137390464,0.37331570128602487,0.41956876268448917,0.41901671251273503,-0.018510525084877185,0.3306032436166597,0.2869860135167968,0.46036831097295206,0.22153908938591574,0.35705680841640414,0.45013885253695307,0.1633117379993361,0.48133762885601405,0.37740220295963184,0.36443087596493706,0.5792122003352367,0.44052911838468434,0.5281228761083477,0.33765004571524176,0.4291941186397438,0.11546745806861615,0.5699072747893561,0.678287860178596,0.20531315850405985,-0.030333661645204932,0.38346563908989634,0.1366463283274362,0.1559589826980821,0.09459387872103456,0.43040194004855525,0.009569963781056868,0.4393197273574079,0.2825456720091289,0.5779091897238858,0.027265100341950316,0.02439344056444231,0.03062797712594349,0.4029987560774906,-0.22410463076694534,0.22457944035260546,0.11469202123697314,0.07474215072430102,0.2310933569823227,0.16155847417393993,0.046192301806252674
0.3302987376344512,0.38091471013878553,0.17356042555462425,0.3645200581386223,0.2749585915191405,0.2549937372272398,0.5132681758804283,0.4578651949935489,0.3609633054883236,0.24367836659352252,-0.19245076895548252,0.20590709749520483,0.47014998875764835,0.4187032450266678,0.34319301865375734,0.7093571161736499,0.5114907843777449,1.0,0.4287692003428044,0.7974095037184232,0.5611935378809524,0.6315687035467178,0.6330590556944065,0.31128111816438725,-0.2554567743110165,0.28988161946827645,0.3255040825744234,0.39394818142117016,0.44423141217169226,0.4141576335194899,0.044432742071373155,-0.20172877642058207,0.05301227323437039,0.6921886428775479,0.518377078565621,0.5622588675525586,0.17535620529045304,-0.031500648251917285,0.34929947982884896,0.3427384797943174,-0.015300634792699786,-0.17360594445438535,0.22826629498130585,-0.04084301002357565,0.33842295001044437,-0.16944018031762775,-0.002162932547269023,0.135616498560661,0.06905844940652772,-0.17226078248558307,0.09421156556762068,0.3608315992326416,0.6797980844391287,0.4565233514009779,0.43051304508882465,0.15947160384730258,0.4535660133919742,0.32454922519718515,0.12355399012396837,-0.1311628125993678,0.1507962668223727,0.04342897145689516,0.2707825169754104,0.2465083864648767,0.3253078804202807,0.3228769234212556,-0.005002370122022043,0.342845213766171,0.7709944153018845,0.8434039975011693,0.49575673434731843,0.6712326831978753,0.643579671871458,0.21315402026061925,0.4232221730408823,-0.051902553415080405,0.28828531874217156,0.5300613092491265,0.33925235991951,-0.044490800473396555,0.47978019080267087,0.37267122666814984,0.28503957400563634,0.4042778364858765,0.5107597261331852,0.09001911793789967,0.24681603144257241,0.23039252233770371,0.5547906287572713,-0.06794883667644538,0.030934016430753195,-0.09622699185486798,0.2513286809878543,-0.07771174921283695,0.2609990927612392,-0.17095643056484247,-0.18067721188677627,0.19633400199027465,0.09099541985691369,-0.11346449054933463
0.2833820569066047,0.419770584745204,0.22097385331613034,0.41478077156104715,0.3232172770976131,0.1793067942451554,0.4917651961571424,0.41493302443266183,0.3035467071000066,0.26768723179165527,0.14118863973831342,0.4617829596074701,0.5380453784368668,0.6553199036882865,0.4450918246062269,0.33583216396849463,0.536931160458337,0.4287692003428044,1.0,0.4546553277517745,0.7302186870928598,0.226881196802235,0.42661428328701667,0.021750194534513843,-0.12362148366499345,0.2566010252739767,0.24888321733861982,0.3518110054540567,0.590787588076013,0.4177285127248869,0.035670350428959684,-0.08597735356256024,-0.05411414496441504,0.2348100292262729,0.09415035049552815,0.4604330887869684,0.34917967814984124,0.14105836150796267,0.14607799741954927,0.29817861616266256,-0.01506362249749075,-0.04017121384779108,0.16816722074154997,0.2735152205783098,0.24357251300920768,0.03383623869483188,0.07745119275213547,-0.021778439109838673,0.22433597342951947,0.15438441181733423,0.15937579461872428,0.536124950998534,0.452288344964197,0.3421704126250905,0.3236378076842181,0.12047366357832201,0.44389717123582245,0.374687547824428,0.38733130538786814,0.1448632273710514,0.4585055988246706,0.3369498636590955,0.5573914845125868,0.5515477995536009,0.505501508402161,0.5625302887435919,0.07003946017724118,0.5543589840181573,0.3518124370191085,0.2389271352288031,0.5891121103473194,0.5161058424292652,0.39051715004387333,0.06897525969317123,0.27445856053542783,0.10166885693758138,0.40110469660868503,0.48924812195298056,0.2183039344025566,0.028618831011869447,0.22785662488345593,0.061532158919103096,0.09073258017810115,0.25306477695143703,0.33859155106435745,-0.008475933058964241,0.21649102649827812,0.24469174655378179,0.394683392507903,-0.19898382820850852,0.03459122458397295,-0.12884208114061982,0.34971228916116515,-0.020885326904181146,0.0524566079315898,0.2563640130717723,0.030368978060667257,0.06314256205481732,0.15850465705433073,0.11776053291644299
0.4752428003564497,0.43719647526754124,0.21695249396482175,0.3922771692894971,0.38349138731068944,0.2676040420782988,0.527089445850383,0.42177027710022635,0.33136817255744017,0.30658077721166915,-0.19882184530480396,0.25097080825869805,0.36227878688948084,0.4723041039212178,0.4187387257293257,0.6100584211534176,0.5465529216487386,0.7974095037184232,0.4546553277517745,1.0,0.6673782270376684,0.41269412739257083,0.5904690449778373,0.2663869084453886,-0.19523840916154186,0.33502067185896045,0.5050777117492128,0.5021756865410757,0.5170397914295716,0.4043051461470606,-0.04645519466989528,-0.06827834964165638,0.13846540817324623,0.5801007066416783,0.3282336469428565,0.6689300547168567,0.3649810272369168,0.1432448383137288,0.3710057165459631,0.3242107179743148,0.1705405489189192,-0.1556385359866143,0.049640714615333904,0.10186972804811818,0.34861683313120645,0.005507786871093615,0.0363240820093612,0.22016707005829558,0.22708437320475028,0.14786893068256374,0.24122976370982172,0.3570645163948821,0.5214033005911178,0.4840748535056414,0.44960900834722445,0.17568418661030996,0.382084074977476,0.3315748374464898,0.1730298949298224,-0.048135489465912895,0.18396698781035256,0.08979548271831819,0.26189848343582933,0.3214434827922863,0.4790565972581926,0.37673447813527106,0.2751068124527153,0.48215188244194773,0.6492219407375317,0.707872258271098,0.6468410852181344,0.49370740451233563,0.6906894156704986,0.32074029427183887,0.3953646063870864,-0.07930180258838442,0.3942438996826234,0.6087933096635054,0.2940442443705678,0.11353355370759287,0.47541037642560485,0.4169415132921446,0.27731234230248025,0.2266120073411201,0.6089612587074515,0.16333436928070721,0.40497066385391256,0.3905226437085008,0.6993602240157715,0.12707798027631542,0.27257345023842483,-0.008591303296865232,0.38516680322336594,-0.03764569971966636,0.1811824868387595,0.0023811093426756953,0.023860555095577492,0.3620887210444861,0.2902991376522921,0.23726491057890622
