0,1,2,3,4,5,6,7,8,9,10,11,12,13,14,15,16,17,18,19,20,21,22,23,24,25,26,27,28,29,30,31,32,33,34,35,36,37,38,39,40,41,42,43,44,45,46,47,48,49,50,51,52,53,54,55,56,57,58,59,60,61,62,63,64,65,66,67,68,69,70,71,72,73,74,75,76,77,78,79,80,81,82,83,84,85,86,87,88,89,90,91,92,93,94,95,96,97,98,99
1.0,0.18318688804548122,0.027735136509610767,0.20120138503024654,-0.08641998562230614,-0.026119225817390315,0.18766586446115874,-0.11300773193449046,0.059171430454969254,0.27524022991753233,0.25014293332539983,0.11926579584302573,-0.2191766415841833,-0.04990441031050168,0.00821851583272903,0.09911430388822572,-0.13662890167603728,-0.13437807056371234,-0.153794235737673,0.22974801364939146,-0.3403212692552794,-0.049518303902348466,-0.06987465036776132,-0.1691482315122634,0.2194497549827499,-0.12180543652624871,0.45784949882121745,0.19762822894918353,-0.12484347967012302,0.06728792116754408,0.11013376278060832,0.26942165883427666,0.49947574784413074,-0.1147405893598787,0.1667278817387592,0.3371217368135683,0.19638266012450203,0.4223243519835253,0.1421147139058669,0.1739104501976148,0.23832126297681047,0.19506889050036258,-0.01811966133938578,0.359317702817217,0.35142474156252257,0.2559417860360573,0.05078496557829408,0.36006548443096664,0.5549852612941808,0.3506666164389152,0.5782375709859394,0.09355703518140067,-0.08710829696071642,0.243225627464564,-0.2229154698335264,0.08367001622984219,-0.028452462750027597,-0.0006247076587903274,0.2000021974641264,0.191224897896399,-0.15326527473010432,-0.04811190743025406,-0.11709815444405727,0.0447152557377358,-0.09411267968193276,-0.013273473340630462,0.36177322798062467,-0.09783588854142293,-0.38100417832107464,-0.1949637261457421,-0.1929938565181495,-0.19439395509011173,-0.0604318330931819,0.013517543611814823,-0.19028312755651408,-0.08551431647878348,-0.11406251471516156,-0.033861352570562143,0.22255219077450974,0.01905672282757127,-0.36179991147358803,0.06423658526631695,0.03835361214193878,0.02428511783116569,0.07123004279956018,-0.10741361611557405,0.03212381150452843,0.19417193044553918,0.1910553792352197,-0.15390103010096573,0.3308046799707423,0.14968811705577478,0.24687567689743178,0.2600447654834892,-0.15037095955841528,0.3778917756341449,0.15871897208867522,0.26674075260007096,0.5049805936373575,0.3739926981406314
0.18318688804548122,1.0,0.5258924058779026,0.5779942803148024,0.39302430709247244,0.473023959039289,0.4673741195915743,0.7006912594294755,0.5631990682752104,0.34335063051524256,0.3105724357055338,0.2952763938985839,0.27475835742695787,0.0997460359316777,0.27753344069515207,0.35425019159150595,0.0674699967665885,0.23392319548954793,-0.016331867310837578,0.05096547156010535,0.042469133477110274,-0.12718221026523205,-0.10678576922231744,0.0628851448285821,0.15483175272877955,0.03612944947245165,0.10198901895783694,-0.1448019554299275,0.2660894658629905,0.01928431732637679,-0.021586945807395407,0.24009963930195982,0.3613510009449096,0.04070802294152548,-0.06378139626870591,0.04012649550245934,-0.06918401878517905,0.26901198873642673,0.26980621505639635,0.2407792835639101,0.1346935636275738,0.2643957444537575,0.02998125877023629,-0.24905204892029867,0.1339684004658624,-0.03029047336516517,0.018691002012249294,-0.06336544770192341,0.15242395989314045,-0.047840363648920574,0.32990371967891907,0.6424678777833237,0.5994857147117996,0.4905801346810973,0.5778483059121202,0.43675070397332905,0.6045673524981522,0.6409751717946062,0.3082037614307375,0.1131113266718778,0.26609877915171604,0.13961431365347246,0.1636482927273355,0.1733767803383467,0.3529425614269704,0.28270073155966075,0.2734022081375236,0.1489167670568935,0.20083252498045825,0.3550882281846749,0.2568348982417148,-0.043498802382051116,0.12340173725235364,0.3720966005229965,0.250204835048925,0.1439244825756791,0.3354099369327796,0.0102433220634816,0.11794971807702316,0.020398745561907274,0.1423784096010347,0.11326985801242509,0.08367554272480808,-0.04359768826773903,0.20501955940043745,0.0681386537079068,0.055832113609001685,0.0154403307812667,0.1592706302641038,0.27605653920456247,0.2524022991753231,0.1992126799958562,0.28116867420710784,0.0072359354447824355,0.23368784460471168,-0.06097102053806184,0.04580223364468364,0.07988096022903855,0.09373208428377686,-0.05336855554404503
0.027735136509610767,0.5258924058779026,1.0,0.1783744416086693,0.123982495628616,0.6513466732538796,0.3568070990676352,0.6690116748129801,0.5474212758476718,0.15474071492925734,0.16921108260075993,0.20678451352853094,0.2376981249352533,0.07665068796323328,0.22131289063848888,0.2183424757033135,0.08252576526688202,0.26048739754323513,0.12379257194340589,-0.17529642221447878,0.1771564186357515,0.03229881128916494,-0.002789209823292492,0.23562936942197277,0.1943248919318535,0.1414821581609109,-0.03401674467664315,0.0973492686169505,0.3208856097828249,0.1632244960743873,-0.26641584183281064,-0.01261972255445787,0.051431647878348384,0.07038320635129917,-0.05911335461734302,-0.015900228811043172,-0.026017975256553937,0.05174243209051041,0.11772757095454703,0.1801434002304198,0.008016035209653773,0.15443150033432848,0.05087600337781629,-0.2177444513028192,-0.11676225635616498,-0.005930013906808686,-0.12768522268159688,-0.16133938577738433,0.15762881063823775,-0.1840470382892428,0.2382992883355465,0.6503316601213628,0.5193323944402966,0.4090895000021897,0.6045553431340234,0.6503803182555902,0.6107657733841156,0.6614759424766676,0.2831432526863999,0.21948114732741272,0.19881713645310456,0.071601229324217,0.23216208495396312,0.14434984884586044,0.30334579609416445,0.23924743102610507,0.09604801773039627,0.17951098536728713,0.19679860869128454,0.3443379197548886,0.3195269801506205,0.16031128648967663,0.17428087986463622,0.28591676633736096,0.3450505259787348,0.2598140317502174,0.34649614345045815,0.13631026937770954,-0.047903167135659085,-0.16089518410040526,0.27468929426869965,0.12930663728343206,0.25735689695970926,0.01490351562867879,0.23710333304428027,0.017918750333543662,0.05560294931311284,0.21811174187950075,0.05374369406276586,0.2712480149239474,0.07420365469676565,0.03902696288483091,0.17498563800231676,-0.16809187911435916,0.23876948239106432,-0.1384669777910953,0.07258462300330452,-0.04734122536878157,0.04396891999697402,-0.15251813692712896
0.20120138503024654,0.5779942803148024,0.1783744416086693,1.0,0.3934732176211509,0.1352688814236224,0.20701297406875185,0.38988350300895624,0.13728029282779103,-0.025049521423705614,-0.10377842332672668,-0.04248482964944169,0.22680027248555168,0.3013727872321056,0.3309475151389582,0.3055088485244454,0.07348163076952055,0.11094054603844307,0.11621289032456546,0.12080245111427128,0.13333113586920695,-0.21814705828110473,0.09952942875350416,-0.24717547378896182,-0.16556322575176818,-0.21718008846362727,0.13293873156092156,-0.18572974084433527,0.24918154239284665,0.11933485900128395,0.1162034726211666,0.05415964262954836,0.4222929596388625,-0.043489384678652265,-0.17355571670292483,-0.06956703268847428,-0.09526163949659236,-0.0044216117457596795,-0.08604484710358531,-0.13256045380773446,-0.1281168674207108,0.009898006272190464,-0.25540183770785657,-0.03167096414953836,0.20886739559690973,-0.1186410881842354,-0.16103017118245544,-0.02354268887988975,0.06943672715971483,-0.024671243670518508,0.20751438554194174,0.16903835830594352,0.2679102225679076,0.5924726621621706,0.09987631416202845,0.16611102216613458,0.17500925093521139,0.2786070588826209,-0.002819032550722181,-0.03896103896103896,0.02189773001955743,0.3518595255361028,0.31174795714317105,0.4567429186718527,0.2965163915127657,0.39377159941315015,-0.05166866008055276,0.32037717931723614,0.04653444211094682,0.12504669611268596,0.221546763606227,-0.10229195508383325,0.1366493067000681,-0.09859864573425124,0.02829392024460915,-0.06081168046360214,0.21669664635581967,-0.022629171650201382,0.36771123426509983,0.08770864137071534,-0.09216635431283728,-0.1824177756012419,0.08672374058769514,-0.06407334507407024,0.11432860969922685,-0.1419059548138591,0.02429376979191531,-0.15667689926703976,0.03710418177423253,-0.1626540040362848,0.11536215778420275,-0.055305463209741675,-0.02671802454253506,0.07382851617804483,-0.09268828841414765,0.1628619784012861,0.007773532397501609,0.17177577076054235,0.01760012494158214,-0.05457402157909772
-0.08641998562230614,0.39302430709247244,0.123982495628616,0.3934732176211509,1.0,0.19474954981399564,0.17559785762861133,0.19554762375647075,0.1712609363080719,-0.010591777089239017,0.02830020981866815,0.03361335304772578,0.15737610226370197,0.2619094707564613,0.33153455198415316,0.30992967719634107,0.1538648685131644,0.2820052801923723,0.11810270947326786,0.30975925210878075,0.13612034569249942,0.17572892071900836,0.20615352740080803,-0.048157426330015164,-0.1525275546305278,0.03428514922351036,0.07927508797704592,-0.14399831109120548,0.07829567754713282,-0.01970497474485872,0.12899585307127004,-0.01641505702419408,-0.04777600934236177,0.2566732276667012,0.186844096198701,0.08687834794582819,0.08763800859522397,-0.07824384945487194,0.014674351512640127,0.04232001983996183,0.2299991524066941,0.1317505313154334,0.02748399775230812,-0.025911251452389008,0.22354331672678301,-0.05742915532618216,0.11582048601628007,0.12082285613830211,0.1489708019802291,0.1823958009599779,0.14102069069436726,0.18500136556699284,0.2509402991927256,0.5930918764036274,0.41377621653183655,0.18632926174623057,0.19695800212763215,0.12954364948563643,0.11528367692254567,0.026528100857324932,0.05865816561973197,0.10405306561941804,0.1760796612138164,0.12887970139601757,0.30695120687869054,0.4350831563916547,0.1520739352501499,0.1511848657388071,0.30136023029424047,0.33195363978540193,0.2744130416356667,0.02247220992688723,0.1981877199426148,0.027651946796254264,0.08048055401209861,0.01071734646789034,0.2982257046796568,-0.014178352466967406,0.09719466125881744,0.04046787150485483,0.2147550298384236,0.1834270394821519,0.11998237319156421,-0.04687818828500482,0.08995558373892297,0.07058568697437442,0.16227422019397633,0.07962200462959397,0.32044206699754196,0.16199162530397876,0.11094054603844307,0.012051521116060638,0.06381592784783503,0.12170341140609452,-0.04369188244661379,0.10621839427310048,-0.03561776823101596,0.168289650885735,0.13349207401847918,0.15585671278202098
-0.026119225817390315,0.473023959039289,0.6513466732538796,0.1352688814236224,0.19474954981399564,1.0,0.16419857243200608,0.44941062811793325,0.7656250551819364,0.15967957821230389,0.12215320261027551,0.14400458956260176,0.11239562531810152,-0.1335611372038381,0.12221986343540844,-0.061243373267043114,-0.11510557053451474,0.24027710033509264,-0.12888603044039368,-0.05615778740389956,0.06344473826819057,-0.008799281114743034,0.07039029725030962,0.31398556971832875,0.034876123797332056,0.058374872615705925,0.11742311128866137,0.15776627596247042,0.18429125840236385,0.2000509340992176,-0.24164031343700687,-0.09748033170734755,0.0067972300953822755,0.02598031463774793,0.044135299488975065,0.14219723040821852,-0.050875238532866414,-0.025896340082822877,0.09770949591331124,0.18890429294407218,0.0441007678962956,-0.0021032879177490475,0.049690177056821244,-0.1604872095715334,-0.014590382715997215,0.07852091770847386,0.05279252673550109,0.0749319864965834,0.39188648837642137,-0.17735896885526387,0.18408713576528724,0.4625436206610723,0.3174019675167459,0.21758835970946364,0.7623461234952366,0.8333006983622856,0.45117584043258685,0.6418842320507826,0.14338145127652235,0.1305615974942721,0.11275271337876414,-0.0794548403286684,0.20819568111802342,-0.13895042008860778,0.11780060438136185,0.16510659671400374,0.11045400803880631,-0.05652983119924434,0.10909864302613743,0.26795024782305876,0.21985715692766264,0.029369904382806938,0.18346007343458517,0.2847216145403338,0.16375038210385773,0.1750210230690794,0.29720400048503476,0.16125233529706848,-0.19086795977067875,-0.30270472623708816,0.16384926802834893,0.12589983248254474,0.18350252512370555,-0.016912632323691033,0.2723570568084163,0.0671372642581194,0.06186104240758068,0.2953566761759385,0.1667514914312728,0.1881956843340305,-0.03756880321740556,0.014832103864753449,0.0340457959551759,-0.24969402262056684,0.055548012666821016,-0.1343161760954956,0.09147579452124675,0.13651515799578118,0.28161623613340186,-0.1416556564514738
0.18766586446115874,0.4673741195915743,0.3568070990676352,0.20701297406875185,0.17559785762861133,0.16419857243200608,1.0,0.47773516701326196,0.254445255849691,0.3446770923300497,0.34029720725634616,0.4358130286914706,0.20366654881454216,0.16415220427321875,0.3444440040794633,0.5287793469602377,0.20778758047726614,0.27218978563338725,0.2098932228217888,0.3987535664660871,0.23540422172266584,-0.09326751399903468,0.1212671054010251,0.2378175091656055,0.2883521406252245,0.27888577537750475,0.34426585245359426,-0.03122834417024082,0.28977354329596333,0.06110051401060982,0.23054154562625798,0.17673190652456183,0.2740741118611915,0.1358637665884186,0.11844179327270549,0.2249553639749018,0.13329744140519495,0.3686741948155021,0.4756475752740036,0.517714118437909,0.4945708880623487,0.31135332058544435,0.21902918351228007,0.04489697416800411,0.29484172562218974,0.12939380181456667,0.21075729744769986,0.171574927081454,0.1536239925506055,0.3678258163680817,0.47020963423591283,0.5072910711111833,0.47933322607607154,0.30646015719728925,0.22454874467852226,0.20956203345563576,0.4840444358987439,0.4356152568424882,0.37456104655842587,0.283344274877778,0.332533743840747,0.18049977417124585,-0.08250696223617811,0.14930675865674822,0.43237242636631695,0.2806925156667543,0.49843371758890126,0.2049294672045909,0.15949279368826497,0.23174073366294476,0.4932021812979628,-0.011363248418316587,0.27228710194002936,0.3246676039901505,0.32240264543394764,0.16998254977357607,0.4196946229994072,0.14676397774126057,-0.015523526618767143,-0.0662253162878118,0.19067482187781915,0.2629533694005557,0.29143890848731946,-0.032165393771994295,0.2516687006305942,0.1291206883088291,0.3412171375720374,0.12246634149404134,0.36515825083359327,0.4311914581363135,0.3231152519374238,0.15936565464249058,0.3598199805289183,0.21237949749471005,0.17402987768748113,0.24124015554918987,0.13844270303995856,0.2618577761419073,0.20934550834056012,0.2502339711606457
-0.11300773193449046,0.7006912594294755,0.6690116748129801,0.38988350300895624,0.19554762375647075,0.44941062811793325,0.47773516701326196,1.0,0.5942680717880138,0.2102831903412034,0.1650154940902053,0.3068570298447021,0.5099011455066568,0.30034154870993157,0.40277790857921386,0.37506410907905163,0.24242424242424243,0.41644142659371086,0.2650204521125478,-0.08058414874948595,0.40321112293556094,-0.014379269115297778,0.036185955692844746,0.17943079400657355,0.12580482123629333,0.16133938577738433,-0.08283027101011148,-0.19848131625015114,0.508644866506003,0.10633214984193955,-0.12165946212356654,0.0821851583272903,0.052955746211728806,0.19195006105811038,-0.17351333703763,-0.04468466573614832,-0.15866004916041174,0.13134713968651604,0.14558513760834282,0.0953008799274209,-0.03995146743515127,0.1254218346314068,0.03452216142571472,-0.4482522501453222,-0.12319611739481211,-0.2784406794559079,-0.2089003575588057,-0.2503413917482083,-0.08915425884243869,-0.19396701920269724,0.06946654988714453,0.65267352903321,0.708844914300882,0.42328590863807125,0.5126982034161149,0.4632489821032243,0.8056189179761496,0.7647206552210178,0.24753648575258438,0.17049496309829884,0.2955118364835551,0.3036518714546271,0.34065402810870543,0.30309151810239554,0.5929935425947028,0.3662954389652419,0.02489883816932403,0.3159618425752133,0.4249173596526751,0.4820184649771307,0.47641964030651485,0.20963650804114908,0.1891812562588487,0.3140568640931223,0.3822159228250599,0.2287403193857146,0.4664588493449987,0.1458378459828786,-0.05265518517370777,0.05057777610351939,0.31304289136051283,0.08624889734389372,0.2101153237474317,0.016626955350668188,0.19134740312614412,-0.008504186169160788,0.05858679401506283,-0.0453454748506053,0.08142703320368296,0.2753714010134449,0.03764256048520008,0.09869282276823974,0.21344439944875043,-0.1823235985672534,0.29742139255713046,-0.2767824874597557,-0.13959239378887595,-0.04759236412608421,-0.096558181221021,-0.2328338811297477
0.059171430454969254,0.5631990682752104,0.5474212758476718,0.13728029282779103,0.1712609363080719,0.7656250551819364,0.254445255849691,0.5942680717880138,1.0,0.3439612116189346,0.27228945636680296,0.35325805449083186,0.29327199269186216,0.02007383479464698,0.2712675287004511,-0.07280672392894744,-0.0883616021397022,0.1774138358619867,-0.05130293926523078,0.06744802212532452,0.026842024303953237,-0.05486128306057067,-0.07727382600479048,0.26777356073947806,0.18137398014120276,0.1679804362908061,0.18652703351760638,0.07704390731250232,0.2644515696374896,0.18075712056857815,-0.10478607686729514,-0.0071087964488979714,0.022734336004821862,0.001324756944771448,-0.008464945738332251,0.29979779398061707,0.026991137941101685,0.13071144470709373,0.20635286878941703,0.1745979425457308,0.07569636068548324,0.06030940294899686,0.10206749981949402,-0.149939314649922,0.08374535785703298,0.01855444531296598,0.01749652329782859,0.05288511343623744,0.35411977435182657,0.016545335254544827,0.15640764843085364,0.5054748249091976,0.3537518379244274,0.19449370210459782,0.6902517352118512,0.7213207387246546,0.5126403287408018,0.7942027757111151,0.230619151213785,0.23230962897387844,0.27924903233097575,0.045126495452818875,0.2467658036911119,-0.03661289158025924,0.30448690782265836,0.2172586545785331,0.18279762297166213,-0.059395147524533766,0.14811849982263325,0.19759283501125416,0.24138515581590272,-0.026548505881355773,0.0016104272812032057,0.40833435358453485,0.2706647956829248,0.23815017469839805,0.3718595883207921,0.11837582287183447,-0.12427449319983642,-0.1878612081657767,0.22662290573820668,0.1675409434655265,0.194073044521048,-0.06795814772609551,0.23150999983913198,0.03294312648917435,0.18556971264215666,0.1861817907848664,0.24179796514821897,0.3219411777863221,0.06091370558375635,0.121974955187428,0.1842181265676552,-0.2267939940166191,0.0840208586516027,-0.15870719995480723,0.021002271629433678,0.06099061682818028,0.2705377628472448,0.025193926209154636
0.27524022991753233,0.34335063051524256,0.15474071492925734,-0.025049521423705614,-0.010591777089239017,0.15967957821230389,0.3446770923300497,0.2102831903412034,0.3439612116189346,1.0,0.732430776909879,0.805392576966181,0.29475842021164717,-0.045456115071778595,0.0007659732097730648,0.0793182835757996,0.09879798712286023,0.12327616787370232,-0.0984306966903051,-0.01745414363253377,-0.1148692979729963,0.16432486223661605,-0.08559907580937312,0.403788742077357,0.676952368395443,0.32581486678658544,0.17901955429149047,0.10584953407856987,-0.005434016993468061,0.14800862661631334,0.043316726783006694,0.2842011747015373,0.19449284097579964,0.11170494963098299,0.12799129804205947,0.28711685137800924,0.10304851059020748,0.5955865502638527,0.5528301768330774,0.47198233238842374,0.2953925455738364,0.3026881264734782,0.31521681122841383,-0.042246264407623586,0.016554752957943675,0.09437794499433368,0.08680140260995954,0.08917309424923638,0.25140245299781194,0.13030020499201064,0.2479116242713052,0.3104373267534979,0.1516376411626119,0.011014008446899303,0.17108513917796006,0.1284041073743757,0.19140312455978598,0.22890512919519446,0.6897714323385099,0.4340949116148536,0.4120276629341169,0.14447698784174492,-0.04875545049584208,-0.15516137234773927,0.09521612059683125,-0.06778551642978385,0.4196293191942213,-0.11805414398898624,-0.0382217492442293,0.048829222505799734,-0.0069942143908786406,-0.003544195712433566,0.02458177548822944,0.6093960426810318,0.27802002203742593,0.24631375392796712,-0.06141284386389535,0.21788641621854093,-0.07970911842021716,-0.029841562836486694,0.004223839974383847,0.22533581960703064,-0.11702756759069662,-0.055484399574319804,0.010559604079594564,0.017545181432055978,0.03992167603860921,0.02376558385271517,0.1144988683059749,0.2732375055476391,0.2667580183896355,0.4618677189380598,0.5953997658131088,0.09372027537364738,0.2497379719203407,0.04662785263329259,0.017436099876354694,-0.010084790722934306,0.314758606508994,0.1419750179721173
0.25014293332539983,0.3105724357055338,0.16921108260075993,-0.10377842332672668,0.02830020981866815,0.12215320261027551,0.34029720725634616,0.1650154940902053,0.27228945636680296,0.732430776909879,1.0,0.761067669757172,0.2260751980367394,0.04209793552088681,0.0005038473295503314,-0.08584321865962431,0.1572325439856093,0.14575942231785805,-0.004108474719931441,0.0382500173639004,-0.07391408932146382,0.1948634235733149,-0.19794058290114774,0.36321349431859995,0.6250210426893371,0.43565135805301675,0.07527730242337803,0.04767873049258552,0.07202194326614059,-0.02289523075540782,0.09500347474152068,0.4219760625430253,0.16409412841280327,0.2101090452760354,0.2087458321741212,0.38829613991579,0.11861052719148013,0.6409173474557577,0.6334192829907672,0.4772540791425231,0.519165230139371,0.36386253129918894,0.47299727553585486,-0.019854888772911524,-0.05670009037075202,0.250512578328855,0.2568530496301589,0.09471701948406605,0.3674836396769852,0.2843794378492373,0.2688967273860458,0.2738661374961902,0.14015044792986944,-0.016647373439701144,0.22748942371874825,0.10982930013487786,0.26465886304686487,0.24955432663199992,0.7394383357970362,0.44487521734305574,0.4540307982566604,-0.054102372830547044,-0.25574725385549163,-0.22407785932380234,0.0786684617862861,-0.09620348533780151,0.5721767185648169,-0.11734864653709579,-0.047458180475448745,0.1629137757903053,-0.16229142231315047,0.035598148007902626,-0.06932060268617084,0.6582270930952625,0.18244610030408825,0.3222888481398903,-0.019121084637327534,0.025332847275008022,-0.13730237522514216,0.09810346999342692,0.03413526417257269,0.4273849656509083,-0.12552395826384502,0.05609657230778597,-0.21915405412829275,0.029156436355333902,0.09940515360881698,0.05446026707058182,0.2791353446155063,0.39768559757336985,0.39448420591662636,0.5603159012883462,0.6064320585028431,0.17030353662371017,0.33837128539980144,0.0905669854300166,0.08503486515015363,-0.06033846454488806,0.4220711900454797,0.33445495608800435
0.11926579584302573,0.2952763938985839,0.20678451352853094,-0.04248482964944169,0.03361335304772578,0.14400458956260176,0.4358130286914706,0.3068570298447021,0.35325805449083186,0.805392576966181,0.761067669757172,1.0,0.3948293669105852,0.09999403545451406,0.18915300314865216,0.06860564175592107,0.24056110676850342,0.2056151486898405,0.12777155162941964,0.03434008582667031,0.0799924030525916,0.15903211084956398,-0.06355066253543411,0.44346866573117477,0.5922558224951263,0.5042112830365187,0.08356642149245486,0.0563712554313726,0.1418895295109847,0.2581627944209525,0.056426169914204724,0.1869429820843889,0.03806949637261457,0.16561973197216126,0.06488640680083754,0.35825664115124806,0.0892154739145312,0.5040354859064069,0.583845813359954,0.44319084348090876,0.31269600595198854,0.24254510295119433,0.3563596181435195,-0.08030871243856054,-0.04219758969577679,0.0343134023337069,0.04556912751256478,-0.05591604431343373,0.18950459740887587,0.16214930826968535,0.21957218512693494,0.30108554727844067,0.19054375878742208,-0.013763194109539195,0.15645002809614847,0.11218525250432429,0.28197321368661843,0.32122687561411273,0.7326015777792427,0.5280129587598769,0.5924802777594655,0.18987659669313042,-0.017600118035215932,-0.057325560588794816,0.3102630992406192,0.09700395269015587,0.4257571048724058,0.053251660852554665,0.08412206599298695,0.09681713017463561,0.15197818859892825,0.06750452834571762,-0.017570295307786244,0.6481389048466641,0.38419991900775075,0.35759333728876874,0.11288687140753856,0.2632797466009939,-0.21985244807411544,0.01170463570753636,0.14511425243840037,0.27893981773604687,-0.0890067497491623,0.008529300044891053,-0.09587304302990349,0.006813708409067365,0.1640714333363923,0.0006851381911175069,0.1872537662965509,0.3911283629553223,0.27927885505840544,0.46694072183557317,0.6441065581747235,0.12853124637026014,0.34009694744647373,0.050803036111809356,-0.04011158413289321,-0.1606157922329061,0.2290559023321166,0.1572709379090815
-0.2191766415841833,0.27475835742695787,0.2376981249352533,0.22680027248555168,0.15737610226370197,0.11239562531810152,0.20366654881454216,0.5099011455066568,0.29327199269186216,0.29475842021164717,0.2260751980367394,0.3948293669105852,1.0,0.43354240634878777,0.31783964162499334,0.1461902824174268,0.4624500469315553,0.34048137021305985,0.3853692838464412,-0.07079287644914911,0.29980787885066346,0.3063454548379978,0.13709978684597973,0.2803116631978126,0.05937705031251079,0.21359665232036515,-0.10379093954148341,-0.0821592918826099,0.35934438632065113,0.22403617653798943,-0.14807925939180472,0.05715447231038239,0.08473578633114529,0.3550552662227789,0.04098741480902467,0.027106515444453114,0.0339429726666855,0.18148699258198894,0.19121861942746643,0.055022932107776194,0.020996769727734194,-0.026233012817494326,0.23411625840922431,-0.26406465883769475,-0.18566217442214542,-0.2100037984737042,0.04051809925631535,-0.14610625052974582,-0.17338305880727925,-0.044632066024379295,-0.12421950783082038,0.20912167358867867,0.34518250927744903,0.18853778717631517,0.2421213062982461,0.15732273527777516,0.36444721394796614,0.3814656457876182,0.2754960775265344,0.363562591626406,0.5183488254554245,0.7476133969970084,0.4976330172124226,0.35168372840599094,0.5649209383799667,0.2536682950144031,0.08091376836844567,0.38915315159779523,0.4251543718548795,0.3339454840542585,0.25584760900206877,0.33209019648468524,0.058137052698328986,0.30348392241068095,0.43150347356293695,0.27551805216779834,0.24922382427821152,0.07187905157448304,-0.06137205789849832,0.14644999670380382,0.39088648842093365,0.16095169032079837,0.013118865982497415,0.10217580340858079,-0.06374375046843773,0.04048984614611881,0.1407641687497245,-0.25109255212408504,0.08693168084031028,0.25552593773877325,0.05192136845508854,0.0037247016942448413,0.3726381184684303,-0.009541703160267338,0.342134311414562,-0.11741840243511416,-0.21209932070865167,-0.11002545919152155,-0.10714368399512517,-0.06586427833708472
-0.04990441031050168,0.0997460359316777,0.07665068796323328,0.3013727872321056,0.2619094707564613,-0.1335611372038381,0.16415220427321875,0.30034154870993157,0.02007383479464698,-0.045456115071778595,0.04209793552088681,0.09999403545451406,0.43354240634878777,1.0,0.662555839133069,0.1550131043470293,0.43923069920169266,0.35835617126407554,0.7806177385582752,0.08546408872732296,0.4710468405174714,0.28483541183439115,0.36121915309732566,-0.15823311327299724,-0.04420042128526538,0.14986705342035292,0.046269176798545905,-0.17546836415606334,0.3508315639162392,0.14203937227867613,-0.06649055561310818,0.24944670992531762,0.05691589049094488,0.42143437901233405,0.20570775610659583,0.1683368054588299,0.2341303849643226,0.1396080351845399,-0.03007386618699164,-0.1747344992450141,0.05939745533654163,-0.013735720407221494,0.1241865458689244,-0.07946661246253639,-0.09806654549221627,-0.17870720046209532,0.004236396912248979,0.07436375565454609,-0.0037780686801716533,0.19501552351443577,-0.150622039309494,0.05969568261083852,0.2827431112415855,0.3533327499587266,-0.06844158983390311,-0.01626280415257935,0.16412552076978462,0.13855168278663565,0.007140188793560803,0.28088457348790924,0.046402594263362934,0.44843022580513514,0.31600475907945086,0.6667843879591523,0.6088702209079294,0.6047219598562852,0.0192544945989471,0.5848814349453808,0.355278151869885,0.3506477810321175,0.29458419269876845,0.3123648167157957,0.10283347302926708,-0.040844579640808794,0.01015228426395939,0.06024347902520491,0.25289672860376267,-0.007717807935356884,-0.1034056390875734,0.4612869605617974,0.1302452683888507,0.27962731008416286,0.16999903076099127,0.320597459103623,-0.07059434757068826,-0.05818100198085695,0.3148222995696291,-0.12411517698815619,0.18123428420745316,0.044510438154901945,0.05677462493996214,-0.06600083503636803,0.17462933489039362,0.03553456454109101,0.09061717766230448,0.0057707000220928156,-0.10663512781202764,0.07420836354846506,0.08117671110909429,0.2316205670085293
0.00821851583272903,0.27753344069515207,0.22131289063848888,0.3309475151389582,0.33153455198415316,0.12221986343540844,0.3444440040794633,0.40277790857921386,0.2712675287004511,0.0007659732097730648,0.0005038473295503314,0.18915300314865216,0.31783964162499334,0.662555839133069,1.0,0.3366398641339049,0.33554492401482977,0.36514947464911207,0.502417210539038,0.3273719270818618,0.3980455126212922,0.17445282140771734,0.3969373628546943,-0.022172413035357198,-0.04549221626814085,0.2287591547925123,0.2657079444606638,-0.02613727642265458,0.4192865223586499,0.26442399756395407,-0.052241570370649415,0.11192312642638966,0.08169386813331701,0.3074754590345598,0.2107901767075081,0.22660886810542197,0.2624415709984963,0.09639490313892055,0.0681731852870359,0.0847138116898813,0.14757698187719942,0.060105352708688456,0.12344411691764846,-0.09918807592713184,0.2183839848814468,-0.06394934531265206,0.07534476642525953,0.19890503501816048,0.03756564924077614,0.20615823625250745,0.05142379979218268,0.16052161519891758,0.4076611477595392,0.36872206815989866,0.15686126781123155,0.14249299165905402,0.2617840041030012,0.2868914986391419,0.07712942121934145,0.38643191471327804,0.13683452153357883,0.3924137259887804,0.297651224772327,0.5879283877833551,0.6394620607818577,0.8078430664682767,0.09957337803603214,0.5128163271714308,0.3459232331603615,0.3127509425551485,0.5174918144461291,0.24227512878709398,0.24115442208263094,0.07728324370818931,0.23405818257159808,0.21953765354780583,0.5131706582032906,0.2428496086944238,-0.10276837424085242,0.13978383231465175,0.2978427180747703,0.22861004115536385,0.4208459376916974,0.2769040241846623,0.2958156734975355,0.0906516736828557,0.36989550265080706,0.21928660083952697,0.32249826557295735,0.22740074031027602,-0.006471531852242512,-0.09616103017118245,0.17053577314636054,0.044172168175068825,0.1114389432390955,0.1063227738600634,0.06108795706781729,0.3022580513515974,0.07919820781034603,0.2711294023839347
0.09911430388822572,0.35425019159150595,0.2183424757033135,0.3055088485244454,0.30992967719634107,-0.061243373267043114,0.5287793469602377,0.37506410907905163,-0.07280672392894744,0.0793182835757996,-0.08584321865962431,0.06860564175592107,0.1461902824174268,0.1550131043470293,0.3366398641339049,1.0,0.3818903771046417,0.41238883672092735,0.18657498005605755,0.30109508313287053,0.26079357524024027,0.16744611303607376,0.3083977301756522,0.0862552096597488,0.028201323894176965,-0.03459202296665103,0.12728345061649682,-0.10955701442871774,0.12882329627725742,-0.020169589360503924,0.04896344399270348,0.038753864693450726,0.24285441284325976,0.31215225607061914,0.12072087838954998,-0.11711865138381487,0.01904731259842141,-0.04614676476255372,0.06954191880288921,0.11679055529548758,0.1693523482071759,0.23789363563128524,0.04210028994766041,-0.1442047724249428,0.1401676587305588,-0.10631257134404447,-0.06391640843183503,0.12367725360826665,-0.18003595209684672,-0.009449099451380049,0.32688861324657953,0.29600324283049895,0.5071900297835104,0.375685432763431,0.06262147370635522,-0.057445658849058584,0.34048634628137764,0.08198506430136351,0.06989900686355183,0.018623515779173466,0.059210694120333814,0.28637913098894796,0.16569513861885107,0.31547121301247016,0.4174037657486947,0.25666401139543005,0.007896747398653326,0.3568513284275163,0.38779292502605606,0.34168540070972897,0.4976128074538395,0.2397112531005042,0.3707476599941189,-0.016426835599404967,0.20407935830884663,-0.03492085790603045,0.19508309360692228,0.12422426542866631,0.12823076530672306,-0.05869428984799095,0.23019622969946335,0.08465969311617275,0.18309756355973772,0.1256157316518637,0.2274314371034261,0.09965974609077631,0.03350901294896759,0.02743379153112357,0.0958259544944315,0.09371720968925479,0.03126286350878108,0.004737891477407089,0.07734291951274948,0.16411924229838834,0.11455075557508859,0.024001035948186894,-0.08997523926871476,0.1815757472067809,-0.1574876686849344,-0.12928078932943388
-0.13662890167603728,0.0674699967665885,0.08252576526688202,0.07348163076952055,0.1538648685131644,-0.11510557053451474,0.20778758047726614,0.24242424242424243,-0.0883616021397022,0.09879798712286023,0.1572325439856093,0.24056110676850342,0.4624500469315553,0.43923069920169266,0.33554492401482977,0.3818903771046417,1.0,0.701983054412351,0.5823782212469667,0.20780947358177235,0.5347073762592254,0.6034552782520886,0.5019086545555,0.40446681672207413,0.15479408191518415,0.33760112259024516,-0.1442493933429394,0.06984328542990997,0.4494271091053485,0.14252438400371686,-0.0838254083359232,0.19265952804749034,0.14134874069609385,0.7463106146935008,0.20856445947091343,0.06572382338503506,0.09292290981921149,0.047168567473136004,-0.013985289547290997,-0.04515631818024857,0.15195150510596486,0.24336601276412734,0.1772929753350348,-0.13976034289872605,-0.19790989769234874,-0.3010933953646064,-0.08626459351622513,0.07765367337521072,-0.1082313866940408,0.04091521241630016,-0.044294598319253864,0.02676197382506302,0.34494314255546643,0.1339511872393311,0.08784676768723179,-0.1578956455678718,0.20947648928286164,-0.06217410822196899,0.24870271135680852,0.38190827784736414,0.29196450153665526,0.41036543828422,0.16136136041864832,0.26172582554018375,0.3692461756276115,0.16991505620606623,0.0010437954600391148,0.6437115198225174,0.6283931200537437,0.5078151242038117,0.31759792057108954,0.47003914625379456,0.226593083010777,0.0648393182838433,0.4332143563470612,0.4400076597320977,0.2502283793074221,0.021376617098154443,-0.10317412045483611,0.21074308819051385,0.43012378001500556,0.15336416061579222,-0.151333135299893,0.25277900731127706,-0.2294176992463264,-0.16246166209908053,0.17072033715409884,-0.11965824710573199,0.14512994861073178,0.06986682969764596,0.026501417364361526,0.08121042602550942,0.18335483708942737,0.08053078176355914,0.238808722837291,-0.1466776487595619,-0.3975881252131553,-0.10595387208875244,-0.019335337473725105,0.013814201268878572
-0.13437807056371234,0.23392319548954793,0.26048739754323513,0.11094054603844307,0.2820052801923723,0.24027710033509264,0.27218978563338725,0.41644142659371086,0.1774138358619867,0.12327616787370232,0.14575942231785805,0.2056151486898405,0.34048137021305985,0.35835617126407554,0.36514947464911207,0.41238883672092735,0.701983054412351,1.0,0.4273408486606456,0.3089383422958477,0.6386505686723236,0.49623154374666106,0.5802121494652314,0.3952610116496991,0.10902090416231097,0.1913504672750503,-0.10867087951932042,-0.1532716133434901,0.4604803579984744,0.11028287641775676,-0.053527086884592325,0.13790970933828076,0.01335901227126753,0.8087044693281097,0.25526528100857326,0.143101274490464,0.04221956433704077,-0.019125785985829497,0.06387871253716068,-0.014372985003876954,0.2617038508989198,0.15435144985543825,0.20281338192868287,-0.35382011630086174,-0.21521806692220036,-0.2582114525551799,-0.031073712364502792,0.1726327817698376,0.008199680425931333,-0.06601025273976688,0.07638542265083237,0.27934791821666366,0.5185601424585559,0.24709395065358827,0.35192544945989473,0.1607554881666557,0.5165023734584298,0.15911366854078965,0.16390570995357073,0.2962291515591008,0.20045738646173744,0.2692003428044037,0.24546302138760442,0.19452737255492875,0.516980119228125,0.29580782540829015,0.04833636269459329,0.5501497023612679,0.6163588647272477,0.77555886221586,0.49041120832273843,0.4045358798803324,0.3191204492872368,0.2026517113536693,0.24853633193009553,0.2892161017614245,0.381917695550763,-0.02165914820011992,-0.2234233286807416,0.14071618495113783,0.3694031373509256,0.3060392592662353,0.005211131258900625,0.19526352303727212,-0.21039314610671644,-0.02073464364979956,0.17082314716355582,-0.019508780246046947,0.3238858072070545,0.16093370287370798,-0.05622525890836261,0.1434975466882646,0.22517414903201705,-0.014688478067738401,0.18464042605708317,-0.21740148980279816,-0.323202365728047,0.037636282016267515,0.14589205502610417,-0.10728176826799017
-0.153794235737673,-0.016331867310837578,0.12379257194340589,0.11621289032456546,0.11810270947326786,-0.12888603044039368,0.2098932228217888,0.2650204521125478,-0.05130293926523078,-0.0984306966903051,-0.004108474719931441,0.12777155162941964,0.3853692838464412,0.7806177385582752,0.502417210539038,0.18657498005605755,0.5823782212469667,0.4273408486606456,1.0,0.10191995579957872,0.5870745160085261,0.2953526362320609,0.4042502095439006,0.04036741600193377,0.0009480488088174818,0.27280418397169665,-0.002393666280540827,-0.07952468832295186,0.3254186661309288,0.17016534347933912,0.029728550395700503,0.15355094506653608,-0.10960794100750591,0.41606785769222315,0.08264348655936764,0.10049242835970607,0.11596959965342851,0.059730214189967636,-0.00988544933432533,-0.15900379533446973,0.005109104093875667,0.014933338356108479,0.133265211945415,-0.03615379272647215,-0.1302452683888507,-0.16628838891347955,-0.08580469566691466,-0.038088331779412274,-0.10236729671102406,0.1503614828487925,-0.17041491261940864,0.05040197897340754,0.3150733148877318,0.2179579193302922,-0.04043961839465828,0.012458051979444293,0.20652089887306951,0.12400447026987999,0.038119724124075105,0.3480312291044706,0.1322716442368364,0.3712050579345721,0.2608845107032199,0.5141155677776418,0.4827247927320444,0.386975938935617,-0.01870669818458071,0.7074301814088719,0.41502720146665034,0.32900589862156215,0.38072949530527483,0.32681314334686346,0.15658815441266494,-0.012006002216299534,0.19958781851457705,0.1663135027892098,0.23901503379385902,0.055470273019221535,-0.11696007402318676,0.3112189961356024,0.20251986350608542,0.12719236287039043,0.10054814979334792,0.23421514429491225,-0.07678256594063276,-0.12072867910431362,0.27770003806333327,-0.1338938961878402,0.13324480692138416,0.058243024716384345,0.011605749821848444,-0.04579201315967088,0.2014305491462852,0.06735227547410289,0.13889548346389044,0.029756815182601818,-0.17276862145566904,-0.0679424515537641,-0.032443216131279054,0.15087003883233036
0.22974801364939146,0.05096547156010535,-0.17529642221447878,0.12080245111427128,0.30975925210878075,-0.05615778740389956,0.3987535664660871,-0.08058414874948595,0.06744802212532452,-0.01745414363253377,0.0382500173639004,0.03434008582667031,-0.07079287644914911,0.08546408872732296,0.3273719270818618,0.30109508313287053,0.20780947358177235,0.3089383422958477,0.10191995579957872,1.0,0.1337156920913266,0.021160018223264857,0.3554099997174689,0.08990139664541405,0.023845625005886065,0.15165327783166796,0.56631161924853,0.04014690053449721,0.17054133372784375,-0.016156070180725728,0.35839855092937034,0.1253998599901428,0.12881848632392504,0.2703602899396953,0.22925044498648559,0.37341051667506014,0.1769649253333082,-0.007629909370300958,0.13967866796003126,0.16912782648823257,0.5261874939177332,0.24690393000762834,0.06215056396347187,0.232880276221367,0.47785740969207247,0.11177244317200807,0.29449158528201314,0.6282220317753313,0.30007471378029754,0.5571748773344132,0.4695996534285149,0.007326973244304644,0.08434812397313306,0.1374247515393152,0.04080063035828083,0.010709498381724632,0.020295943597353774,-0.027099441530188447,0.034201959510153854,0.13305645285340717,0.02311104414077583,0.0006152899553914783,-0.09409227465790193,-0.04127465476268957,0.1068407058254774,0.24197464203885802,0.33470988764679843,0.09044769442670508,0.08652828921139291,0.08572150595355817,0.3158587846767687,-0.1570182295345457,0.15188244194770664,-0.028882526707037223,0.046752618906353495,0.01974892402738668,0.3308376419326383,0.016163918266891435,0.055480497302027386,-0.03464773080436605,0.10391493930290159,0.1891200411867562,0.15312171483890424,-0.10134547589224892,0.18592751269331764,0.018012927367532152,0.29103159249574373,0.24514213085827413,0.5246288640052237,0.13000987682032525,0.04452690166975881,0.048224919871040245,0.10240182829015317,0.16898028246831728,-0.21124152455413686,0.3396087962954141,0.056214293646465956,0.5100565376127377,0.3829938184525354,0.4158418328106508
