0,1,2,3,4,5,6,7,8,9,10,11,12,13,14,15,16,17,18,19,20,21,22,23,24,25,26,27,28,29,30,31,32,33,34,35,36,37,38,39,40,41,42,43,44,45,46,47,48,49,50,51,52,53,54,55,56,57,58,59,60,61,62,63,64,65,66,67,68,69,70,71,72,73,74,75,76,77,78,79,80,81,82,83,84,85,86,87,88,89,90,91,92,93,94,95,96,97,98,99
1.0,0.29464039710480855,0.4567230106492314,-0.05835866261398176,0.10253001246419279,0.3674837637488793,0.4005077524086193,0.24496730882770987,0.2092237314117839,-0.03841158076578251,0.324773484915771,0.01092038223524524,0.09739563971922766,-0.0023856928404081966,0.011436443550326912,0.42256674903238506,-0.02890818044652424,0.462990094246791,-0.043204828234676695,0.08333515558373969,0.00440401959723383,0.2757341846887232,0.13231724650674598,-0.16693708862697076,0.1183835909995408,0.2164789748748114,0.1477378583455424,0.014900177122739498,-0.09073495003389385,0.22802475344952003,0.17530777809363451,0.2864665106820319,0.21152828497080756,0.13039295007762786,0.16726946710109117,-0.003026393474885745,-0.1891714591852354,0.2852332116070062,0.031519100828759486,0.2606809385318493,0.18852419584089566,-0.3317443309789858,0.33561916424307364,0.22663838534035993,0.3951149111106252,0.25899717915637094,0.17133235660711552,0.44322280643660616,0.35640156567754916,0.27477203647416415,0.6622385933381681,0.388253044980429,0.3320504690472546,0.18586516804793246,0.02486721232258099,0.5168310336533205,0.28898996304476177,0.20629573625751574,-0.034702936738754894,0.16830596313222979,0.11013535676018456,0.1013229537950187,0.09736502591240077,0.11678729964356782,0.19832083085974425,0.16986307959936636,0.23969736065251143,-0.04695725761221412,-0.19648181373895296,0.21983774682381754,0.052109072620323195,0.05847237103933874,0.035726312566967705,0.08438914521877938,-0.11736896197327852,-0.10532024228641403,-0.07792525857733267,-0.08467341628217183,0.15246550479980758,0.20640703242876823,-0.23274365310183465,-0.2269182830027771,-0.25205030728657263,-0.1461328201876189,-0.22536378535775356,-0.12787824451684854,-0.1709212569154403,-0.11979414379109278,-0.3383744068574927,-0.1161029893322394,0.30717456429992784,0.2723010649231375,0.15801972403839845,-0.03835472655310402,0.1357897268811091,0.10646607334193435,0.025378845859482628,0.1675143775557062,0.4379698672672804,0.09740001312020292
0.29464039710480855,1.0,0.4911591699284949,0.2843978920207299,0.5276289606612582,0.3567601845575212,0.2478299707311301,0.6551442128971595,0.6288957478472936,-0.16298353414532812,0.18913667877018014,-0.10781308084231703,0.3695611292121318,0.13261478276754857,0.06925717784435066,0.28068050119175175,-0.1773589031510354,0.2795171765323304,0.03870022523015022,-0.2999628260917102,0.04373187086647436,-0.003997288491395333,-0.12489995845269074,-0.2692921650521528,0.058293061599352734,0.11684415385624632,0.19369355579366293,0.055677767816142226,0.13882049375697011,0.1100478887406792,0.16829721633027925,0.12557783560385735,0.2623909383131792,-0.02563687651702346,-0.0684612188668518,0.08342262360324507,0.14124773129824408,0.18874723929063436,0.21628654523189958,0.20248409175395246,-0.04819925214843323,-0.30846034418665674,0.10845159738470622,0.2416828846952833,0.2503597122302158,0.09545384968620849,-0.10564824735955916,-0.00023179050511756995,0.09715072926461263,0.07757101309833592,0.40764515060393763,0.8413548796221382,0.5062561500951215,0.36682338020161376,0.3831435637619616,0.4464017843475979,0.6307625024600381,0.7110108143395104,-0.017309921060112397,-0.13556231003039515,0.11362970413942403,0.4418447005313682,0.3195337954560364,0.32129190264809426,0.3091866667980536,0.2038575625480243,0.10591502481905053,-0.04099411886263287,-0.0843957975944586,0.304782313966456,0.16189455730248628,0.018879972010233757,0.10717019089895256,0.26043602807723426,-0.180236600992762,-0.007565983687214362,0.2882596050818919,-0.010955369443047386,0.22176204325293564,0.21507073976077495,-0.0929172771205528,-0.28668080732982004,0.15569761835265297,-0.08117469550195709,0.2008289790613466,-0.0747064354595351,0.20283396383197394,-0.13678482515678636,-0.03745380595219873,-0.05438767399324717,0.16651286873236973,0.3752946578907087,0.4623472043034266,0.06476132164177473,0.1287398045089764,0.1818460125516608,0.08549561566552229,-0.01738864227766723,0.10712645688919989,0.13678686230347029
0.4567230106492314,0.4911591699284949,1.0,0.17959808445037284,0.5960551923203079,0.6676565130874024,0.2577226145533177,0.44506789705014105,0.5581012421569037,-0.0412936520084844,0.16935795123444033,0.13505936891823928,0.3996676215258796,0.40244954456469856,0.19186547418600075,0.3260195491023595,0.24976055629660404,0.5800835319586276,0.2924493232161991,-0.2662832651811681,0.3418210205563047,0.3456648662832652,0.22676084056766746,0.10462049813037108,0.2777284555334456,0.38395399182174017,0.033981325577835605,0.23401631278563775,0.16404189718134307,0.09485469375259671,-0.2684174848570991,-0.27108963285298815,-0.004801994270844722,0.0688766919595023,0.05066147689750935,-0.278891780192867,-0.17689532264765695,-0.2534823205265575,-0.23990291049834905,-0.0931796811790689,-0.3341978089261114,-0.3895694386739848,0.10899827250661477,-0.005051278126435022,0.033893857558330236,-0.2414598412455446,-0.30220200739104763,-0.0858499550086396,-0.11884717150291925,-0.2269620170125298,0.26128038013658456,0.6910367147011873,0.07031554088036561,0.21714810522402747,0.6015822999343065,0.7215324397017341,0.5489230500098402,0.5552716486321666,0.03615490586254401,-0.06701362314403796,0.2436596619361046,0.430517592005423,0.5841857820734294,0.4730314228860073,0.48775063715084277,0.3325297200256957,0.015403118234895366,0.35480347554576713,0.24446682170404688,0.5126413155190134,0.4396754936476351,0.5141851260632831,0.39579716166276707,0.4291530909011393,0.2520128577988673,0.3276595744680851,0.29613610023835035,0.3381382432048282,-0.2052743215761737,-0.32704292493057224,0.3052196540639829,-0.5041612910279679,-0.2363410338076611,-0.03969736065251143,0.1666048923104496,-0.07750978548468217,-0.06935776606678183,-0.18742011701058306,-0.27185060462268484,0.03729640429514409,-0.19221534626402223,-0.06886357175657651,0.05503925127375303,-0.1248912116507402,0.3333231287310577,-0.11052458944698344,-0.3133279394721305,-0.2996741816273425,-0.0005466751219085522,-0.2693796330716582
-0.05835866261398176,0.2843978920207299,0.17959808445037284,1.0,0.6053749097986049,0.1275633596466292,0.35597336158574727,0.43876145284380397,0.5605044286203397,0.06440707616277798,-0.13763545257651028,-0.25945201285779884,0.11780630207080536,0.08050127976790775,-0.18494675384312612,0.33558855043624675,0.1095624412324244,0.3274365310183464,0.28350571822177517,-0.0012114320701493517,0.3186091695013707,0.04296429118103693,0.20445649559379853,-0.010561763355273228,0.26808073298200347,-0.32518422951608317,-0.031436006210229385,0.12139249087052546,0.3455948918676609,0.07099341803153222,-0.11134241542935865,0.2515536506964641,0.44967746167807393,0.1684852725722158,0.12164614812709103,0.01732741466401347,0.26021735802847085,0.08465154927729548,0.11591261944851414,-0.13972578775885067,0.012254269532702106,0.1617808488771293,0.0520390982047189,-0.21089414182939362,-0.07245850735824715,-0.06690866152063152,-0.03213137696529706,-0.1260306204004825,-0.15192320307887427,-0.05690232008921738,-0.2628504328033243,0.20757035708818963,0.21201373247906236,0.8562987907546303,0.22526781672839655,0.0807723426122324,0.5071920579038289,0.44698830879332746,0.03167654326386915,-0.18600511687914106,0.07990640921912925,0.11703221009818285,0.06093459578841486,0.15434169381819773,0.14892977294379564,0.031040247359848165,0.20668255669021013,0.08661092761034633,0.1458858825369687,0.19121821084166102,0.11648990837724957,-0.03581815398744834,-0.13634514880496817,0.2746801950536835,-0.004662045439636133,0.21564365528853513,0.3790382891255385,0.1256915440292143,-0.19710918195534757,-0.04676915002952046,0.17950624302989218,0.11797686470884083,-0.08535357345522744,0.21289715947606655,0.34988776747497186,0.29862019199230283,0.2779077649734316,0.2821262186770166,-0.03249874264721961,0.18761692026964513,-0.1769565502613107,-0.03266055848330454,-0.088277098685793,0.25601014629026264,0.10919944895147711,-0.20950777372023355,0.09223065316743566,-0.1297806739410903,-0.22067743981106908,-0.030325162362511208
0.10253001246419279,0.5276289606612582,0.5960551923203079,0.6053749097986049,1.0,0.5150729264612626,0.40943606026140267,0.5294220550611183,0.623361202861892,0.07932474688941855,0.11903317118938604,0.01912488246484879,0.39743718702849273,0.45187340302382417,0.1949443484725897,0.42393999693861933,0.2685049528766045,0.439885416894448,0.3858914084537841,-0.22509457479609019,0.3587767146759428,0.2750125735278039,0.28989088364566706,0.06125385405960945,0.34168069799479567,0.12585335986529925,0.020017056263803547,0.3636395442916184,0.44247447027180686,0.21220616212197416,-0.02973475323084997,-0.1013229537950187,0.18576895322647657,0.043873958583892765,-0.021569613610023835,-0.1466751219085522,0.08223305853797205,-0.111250574008878,-0.09260239225033347,-0.06985633377796244,-0.21044805492991625,0.01141457654545057,0.02962979160744353,0.030683781242483218,-0.025549408497518095,-0.18044215083859963,-0.21641337386018236,-0.14685240520925139,-0.05785134810085062,-0.14147077474798278,0.016559900898635446,0.5148717500164003,0.06507620651199406,0.5037458179353174,0.7260320702212155,0.44836544138549345,0.6145240646388664,0.6153032027547387,0.10958430823730074,-0.08782663838534036,0.2394918108066738,0.3945507423848156,0.4949509085740526,0.4735037501913363,0.39255690074251093,0.27926819801485936,0.10260436028077234,0.32432302412280667,0.22278128925828328,0.45732216658284314,0.3762830465111194,0.380708928298091,0.3221884498480243,0.5777874964466118,0.1695217686033544,0.37589381382432047,0.4549649034571735,0.3746823817541711,-0.050543395071177104,-0.14593164374275655,0.23923815355010825,-0.31102315715816403,-0.09872963496281399,-0.03807482889068684,0.277367953213471,0.09566814633399663,0.12474688941855634,0.1279767859623187,-0.12951389648159892,0.11766866859322224,-0.24424569766679058,-0.11643742756554634,0.029056876079683366,0.14772911154359186,0.2861516258118126,-0.07308390369771052,-0.20277273621832018,-0.25844175723251184,0.03817104371214275,-0.13007806520740853
0.3674837637488793,0.3567601845575212,0.6676565130874024,0.1275633596466292,0.5150729264612626,1.0,0.07131494097546517,0.25192976318033716,0.6076038219196541,0.007784653735977783,0.19874505121816696,0.20063414314141392,0.40832695545691106,0.3154909311966759,0.1877850910760753,0.16349084865845925,0.21434912859985567,0.29336773742100547,0.24196278235770047,-0.15158207780280336,0.25520571954020144,0.30652292755461286,0.23462421552120005,0.10063632984190156,0.4201351380901358,0.4162821718309243,0.10455927051671733,0.42566311692287506,0.25372285758019725,0.29994533248780914,-0.22400997135422362,-0.24845728280597407,-0.09975290284489734,-0.14526688679451574,-0.11452187793837879,-0.11504668605541099,-0.043427871684415385,-0.14824517285867356,-0.17248256106361112,-0.023078436946491438,-0.3452450197896394,-0.35449913625330737,0.03202641534189062,0.1268155080798583,0.04872406026546544,-0.17197961995145525,-0.22523452362729876,-0.07969657310863165,0.18724278935514202,-0.09128599855677767,0.18592659894458965,0.4584242636286108,-0.10611182786293762,0.04822549255428484,0.592667102551334,0.7350331285123877,0.24729395814655267,0.4116424434657765,0.11950755505018477,-0.010487415538693666,0.3033609586494938,0.41928669830093374,0.4775972535041875,0.3874833264087818,0.40746365426502484,0.3903352106179878,0.08735431108001138,0.3574406392171991,0.21004374499120926,0.2926242592552098,0.3801753733791083,0.40115895125844614,0.44042334521440596,0.36648225492554287,0.28035249611860663,0.4155780542739061,0.3460497255690888,0.4212591021407798,-0.11018783757188778,-0.35737246069405876,0.30463799173427214,-0.48524195840895673,-0.10439975552668058,-0.10315540880365616,0.1908226266894787,0.002505958758828803,0.027128206249589993,0.008790545571439917,-0.10120487196868645,0.021250378572948536,-0.21636089304847914,0.05271697535588551,0.009805164986551792,-0.04391331919267018,0.17882399247775033,0.033399663248124906,-0.3067066103955741,-0.1896569066934902,0.2612188668518073,-0.02984408825523168
0.4005077524086193,0.2478299707311301,0.2577226145533177,0.35597336158574727,0.40943606026140267,0.07131494097546517,1.0,0.22767294359741538,0.24778432088587804,0.23953143330734541,0.3232540798453562,0.060923728896986946,0.2247864957978381,0.29553321714639336,0.246080608428356,0.5004094601142919,0.24240476088965188,0.4494352293143327,0.32296070822952133,0.20132536061475878,0.32595028744240767,0.20663248850079974,0.3762922047324686,0.05233654669324452,0.022861978594379186,-0.10666736641165153,0.05935804963600412,0.19200125954097275,0.3247450577783509,0.18506722471335188,0.2127443230461168,0.30034145365465204,0.2376530555347417,0.11922122763693425,0.10854355748137677,0.014631228959826987,0.03850346428405822,0.29500808533406947,0.06538897617481787,0.18616713626122108,0.297269136110405,-0.04982183838300674,0.0764361991168364,0.19732150764428452,0.2196914780910085,0.25757829216333883,0.17087770973497535,0.47655523945516054,0.21775624604356464,0.35976729107988864,0.25998832299386193,0.19821368241869933,0.20294789415058176,0.3906850830785426,0.054704865533911906,0.34568492454255706,0.40656491938197464,0.2172294881578976,0.17823596492101895,0.2728349181464076,0.11538356408522354,0.14932775286767674,0.1411210569647877,0.28246078421742216,0.36156734286882614,0.31177825059205044,0.3865915752900512,0.13220164046629304,-0.08185712505111424,0.1803286395757125,0.2778009203834076,0.06766533387130269,0.04396584807447039,0.1696990768834813,0.09042235072751542,-0.09773468515311122,0.30834915959560055,0.10692539735131071,0.14405779893056972,0.3113602494592505,-0.061208000271187744,-0.016979747851301234,-0.27152975340524677,-0.274155686685002,-0.0609631562029175,-0.09289551168306233,0.12443214059632265,0.07693922490045024,-0.14855147334582072,0.19809144364095174,0.23696205742514592,0.0191511438096196,0.15634050899892246,0.027679285035643403,0.09793586181793024,0.180092475664838,0.13539626882895942,0.20751372976082222,0.34514480893157556,0.28042277713469027
0.24496730882770987,0.6551442128971595,0.44506789705014105,0.43876145284380397,0.5294220550611183,0.25192976318033716,0.22767294359741538,1.0,0.6305051611658458,-0.30520653386105706,-0.16369439077920914,-0.3686339682053749,0.18855918304869781,-0.05147061235337134,-0.21676324593820384,0.33348057116616736,-0.16091928888500143,0.45578710284052393,-0.0706216789486344,-0.31024469178456626,-0.09724705041121294,3.498720780214734e-05,-0.17137171721589295,-0.3689488530755942,0.21171196781176882,-0.06580656447486388,-0.25226651505543285,-0.1227307515689576,-0.045037283243314165,-0.11605256827972273,0.15403555574992894,0.023485163237191402,0.3183879644005161,0.15466532549036757,-0.06556602742122411,-0.15865824058078765,-0.09967855502831777,0.014629026262272856,0.03032078896153594,-0.07449213881174696,-0.08979466882421115,-0.12972819312938708,-0.006100894360499443,0.0035074675821652706,0.04819050534648269,-0.14410356213509434,-0.16578688417047516,-0.14079086483013908,-0.049729942489777176,-0.13337123614178567,0.3041331964459149,0.733165686295948,0.41885373160438216,0.49234436159279266,0.2948837656821152,0.36657846974699876,0.8663051321860444,0.7330243522170442,-0.13928844766132384,-0.33240034112527606,0.012787824451684852,0.2223786927904485,0.13811200279897662,0.11863287485513109,0.13297996214825267,-0.10483709610237411,-0.011462683956178523,-0.10169699076889459,0.014250742658973617,0.43365332050469046,-0.04985677111805996,0.05726093896918939,-0.069279044849227,0.20349872078021472,-0.26309505587019744,0.10859591961689008,0.019715291596510025,-0.13830005904091316,0.046030045264700094,-0.01003258183726575,-0.08460781526754281,-0.16096739629572937,0.00213203530650595,0.10039579278826179,0.04180101222478743,0.06388226804574577,-0.07489011830049638,-0.1914042896551511,-0.23627736108985153,-0.179854125051085,-0.042933677374210055,0.10738011414576545,0.12573090463799175,0.1356497780499005,0.009822658590452865,-0.10648356694583543,-0.1520893923159345,-0.210981609848899,-0.06823380201613785,-0.19447639456823598
0.2092237314117839,0.6288957478472936,0.5581012421569037,0.5605044286203397,0.623361202861892,0.6076038219196541,0.24778432088587804,0.6305051611658458,1.0,-0.24987453792249734,-0.06203245507960701,-0.2163392625783176,0.37207842828566146,0.09080949642364353,-0.14456948740413117,0.19841704578639682,-0.07271005741192753,0.3209489415813311,0.10569428363073344,-0.2070151615045316,0.08808486165809114,0.05079929456968177,-0.007362628591800547,-0.25245047391333225,0.19526163353276801,-0.09108273499681266,0.10782850564011785,0.10164450989981136,0.24877243967174967,0.018945593739043642,-0.11313782022903729,-0.02696860660014142,0.2851635489752081,0.04168730367510711,0.07670735027376638,0.01599135815023386,0.25336888912228867,0.09690811146505045,0.2159675230889781,0.02142312810034748,-0.06375113571884561,-0.27585694152444984,0.12300641031956175,-0.04193221439749548,0.18215453647923296,-0.022048525123589225,-0.05001645493919035,-0.0731146773844381,0.10073484150236882,0.02431613600856017,0.14204181417815961,0.6658313461674905,0.21077410375261746,0.4989268755626909,0.41356327293307044,0.5745124472598033,0.6218501911728709,0.7904873947374751,-0.08719040387314025,-0.3393369260863655,0.12050044882083782,0.40471715544966946,0.2150206807426016,0.2463911202370984,0.3131711818485969,0.12004574587423383,0.17920904770193705,-0.016203486045540325,0.04249861690891717,0.2255649620225726,0.12986609724931475,0.03128734478511501,-0.014209195304282732,0.296221705431619,-0.14834810997812323,0.0986552870649461,0.31939638253761904,0.06189899838078352,-0.07418170844913625,-0.19439788589577328,0.10936794446655906,-0.10945322587881931,0.03945253646877713,0.15899953969913913,0.25657924947901745,0.15601687697290925,0.3231443912713126,0.09835800301327986,0.006437653274208735,0.025593198471930357,-0.07814620076779809,0.23927340236768624,0.24607842172547753,0.13232395128471236,0.09728203765726842,-0.02068183582454695,-0.03962305615783366,-0.10274223474480211,0.011066903267924732,0.07666798962195397
-0.03841158076578251,-0.16298353414532812,-0.0412936520084844,0.06440707616277798,0.07932474688941855,0.007784653735977783,0.23953143330734541,-0.30520653386105706,-0.24987453792249734,1.0,0.5244653784803145,0.6360761846449892,0.3105552032538103,0.37442038706850034,0.48659771271128993,-0.040169687957840414,0.17235135903435306,-0.08681638276005335,0.10001530690341344,-0.04568017318667862,0.37872381833332464,0.05541536375762612,0.38448317333974763,0.3088845640812578,0.15827338129496402,0.292318121186941,0.037431938947322385,0.357669851960377,0.4180140386171306,0.2940674815770484,-0.01130086812009359,-0.02028383372329492,-0.2463755439417463,-0.2521921672388533,-0.1693162187575168,-0.029306159935273666,0.06204106623515777,0.04897334412105574,-0.06799326496249809,0.3382388314272594,-0.0861035184010846,0.24733331875533007,-0.03903260370427063,0.27929413308259166,-0.02313091775819466,0.0402134219675931,-0.08140211235267106,0.07460592880755898,0.10412193041919049,0.10647919354486016,-0.24802677399019218,-0.22367759288010322,-0.17271435131530033,-0.039316874767663074,0.07869514923188925,-0.03570007216111609,-0.26729352080645513,-0.24669069853144845,0.6255187946906913,0.7783691587763224,0.5478865539787016,0.3108788349259802,0.3577616933808576,0.2735081235923116,0.2540511404203705,0.4457899956159272,0.21468588047495135,0.3543901887017367,0.04367720329451266,-0.16892261266974262,0.3150204456495594,0.3231374778596576,0.191331919267018,0.3106033106645383,0.4782226498436509,0.3269510835100916,0.341475148148958,0.30506658502984846,0.15228619535982157,0.061328201876189016,0.12570029083116485,-0.1370623865649122,-0.10723153575429618,-0.22048501016815727,-0.05672963277608601,-0.05446633574599287,0.07440904419321685,0.17046004948518803,-0.03185147930287988,0.28911710777947763,-0.002943298856355645,-0.18171918392337802,0.07440029739126632,0.10642671273315694,0.23909820471889964,0.18958255887691064,-0.03716953488880628,0.04066825566902101,0.30250377205834117,0.16179834248103037
0.324773484915771,0.18913667877018014,0.16935795123444033,-0.13763545257651028,0.11903317118938604,0.19874505121816696,0.3232540798453562,-0.16369439077920914,-0.06203245507960701,0.5244653784803145,1.0,0.6272535339855644,0.49008384912216774,0.37996409429947803,0.5632290604069103,-0.02997750976091289,0.07358692526619307,-0.01804904555887191,0.18894862232263193,-0.06967054041085752,0.30475455326704703,0.03665570035175307,0.35617235154768784,0.09497069271472812,-0.0689686087868694,0.4306186510451187,0.3472702841294461,0.3560302158605875,0.4457200211238162,0.3523325012930987,0.19011850836261213,0.16199969604839673,-0.2985352370770378,-0.29473037406850405,-0.17229687990310086,0.1475740171591457,0.24384798478944053,0.22901339246191604,0.04103347951444528,0.4957080489255865,-0.02348737561762093,-0.19915177795356195,0.006183995740306489,0.5069608219381809,0.23897163737045768,0.25744271658487383,-0.05672307266745061,0.28818588744153295,0.34646120406441305,0.3475239416633483,0.18931619539523603,0.15757162271949976,0.1997159472962066,-0.08574717997335161,0.12446740001560003,0.24472922604946298,-0.10325173651548508,0.010362796271230174,0.3625400303297856,0.6029745719259382,0.39077692459943825,0.4038381008925255,0.3435528892360511,0.39198835799410936,0.44046366898530315,0.5430879339789945,0.14934087308494756,0.2102254711803179,-0.19380987472365513,-0.09106742807666338,0.3893993017860037,0.1206513313194521,0.26860583477945116,0.27755819636389767,0.24377145018869417,0.013817775489037024,0.4231204468748532,0.2718487151482187,0.31769512769817126,0.327307873551915,-0.1036825169825432,-0.2626776832759254,-0.05628579363187691,-0.4613549467048599,-0.05219665477827902,-0.3604604758923629,0.24812298891684476,0.11156570283987413,-0.015781434673900967,0.05351305135039984,0.23729006285691606,0.2451753134366704,0.4140521900378478,-0.0020336336769749062,0.12682439354536626,0.4416330734439602,0.10394492132795932,0.14506368225466484,0.4889248965965799,0.3707336060154039
0.01092038223524524,-0.10781308084231703,0.13505936891823928,-0.25945201285779884,0.01912488246484879,0.20063414314141392,0.060923728896986946,-0.3686339682053749,-0.2163392625783176,0.6360761846449892,0.6272535339855644,1.0,0.5314425663116923,0.32320343224903125,0.5535544816426494,-0.10624302989219567,0.38755767422536136,-0.11686164746014738,0.1209157901642212,-0.11406704423695087,0.40044215132226524,0.12001049616234065,0.39129693205921584,0.5280269401500076,0.14647394546368983,0.6544575889440424,0.14519691237891147,0.38430823730073693,0.3190002405370536,0.23912881852572654,-0.13529990597187902,-0.24917014716494282,-0.5473704926636198,-0.3529203385012355,-0.2718418578207343,-0.08524633180993199,-0.0305613260151757,-0.23084997047954342,-0.33334499573593407,0.20296516586123198,-0.396431304804181,-0.05844175723251186,-0.17188777853097462,0.15095668146333996,-0.14495200192429644,-0.1592617699153747,-0.3651439942271107,-0.09968522412070435,0.03076250246003805,-0.07307078349478471,-0.09869683441963698,-0.05214843322910061,-0.08427981019439768,-0.24319608143272617,0.1637164368078892,0.19426209792044782,-0.3230762502460038,-0.17801292122741527,0.622794165883099,0.64073385668365,0.6140298703286611,0.46618705035971225,0.44891648990837724,0.2706173055476591,0.24940877020938373,0.440397586317626,0.10638297872340426,0.5150210087482127,0.21912949545124233,-0.055695261420043295,0.48654960530056196,0.40256718637248257,0.4759134941287092,0.38406770024709713,0.6801163324659422,0.37882399247775034,0.37375522074741424,0.4259823751940697,-0.06931403205702914,-0.06620891736458857,0.3369005707288273,-0.4744002973912663,-0.23306316619283812,-0.37744637117054075,0.043362318080013326,-0.3466313878987995,-0.009656469353392665,-0.029750092661552256,-0.020795521637401324,0.20541668170037175,-0.026865802191073887,-0.13012179921716122,0.11225208283221447,-0.1483064004723273,0.2775316524895585,0.11887778530974612,-0.24603441866567535,-0.22046314316328092,0.22738623690713083,0.024661608099538605
0.09739563971922766,0.3695611292121318,0.3996676215258796,0.11780630207080536,0.39743718702849273,0.40832695545691106,0.2247864957978381,0.18855918304869781,0.37207842828566146,0.3105552032538103,0.49008384912216774,0.5314425663116923,1.0,0.334504312724952,0.39439767335068115,-0.024416697644923574,0.2608077671601321,0.21072795259233343,0.11114998578644683,-0.18887844131989243,0.2156220240341802,0.3312501366687805,0.33599527672694673,0.1043406004679539,0.22551879469069122,0.3971572893660755,0.15138964815989153,0.476219632196978,0.5337779624324857,0.34423039076337714,-0.004762633662067307,-0.27803896700268965,-0.16200826572784327,-0.064114058297435,-0.03440117207146137,0.009166648444162604,0.16611926264459556,0.03706019986442457,0.05532789573812075,0.31309614922044127,-0.1804202838337233,-0.20921475585489055,0.009748310773873302,0.1689269860707179,0.08758172793072533,-0.09294351752640441,-0.20160066475694824,-0.023664498550776812,0.05737902079552164,0.025610636111171852,-0.004990055968663157,0.43004089129911877,0.23250748944917016,0.09817410509282544,0.4225283123674845,0.4938531849292602,0.19151997550895453,0.3142510706645847,0.4457370273993571,0.29895694386739846,0.6293848811528285,0.9098991931075201,0.618477619120509,0.35766547855940173,0.3507427683004527,0.33935660641227167,0.07073538737399139,0.35737941153660197,0.15927506426182605,0.2399772583149286,0.36590059259583213,0.3781636089304848,0.2425531914893617,0.46853994008440664,0.291845793881612,0.29081804465242395,0.45189040257155977,0.25240646388664145,0.05056088867507817,-0.16307537556580876,0.14531062080426843,-0.30702586866676873,0.014830218921767542,-0.11394458900964335,0.10205779674384174,-0.0862697076381448,0.17326977323915943,0.11099703811101747,0.01903741444534342,0.06696996235594997,0.038096695895563186,0.058826616518335484,0.44774004504603004,-0.048081170322100984,0.2011502044564956,0.06934464586385602,-0.23345214405982812,-0.19368918239268768,0.11477990859591962,0.07047298331547527
-0.0023856928404081966,0.13261478276754857,0.40244954456469856,0.08050127976790775,0.45187340302382417,0.3154909311966759,0.29553321714639336,-0.05147061235337134,0.09080949642364353,0.37442038706850034,0.37996409429947803,0.32320343224903125,0.334504312724952,1.0,0.6713986916960691,0.06592253167716397,0.3769569624075228,0.19876473154407318,0.5870969223253846,-0.23406904951693325,0.5503805960521223,0.2541867159988355,0.5075424849038533,0.22778883884997417,0.28532099158245783,0.30703057775988457,0.1857210488740137,0.4206516593250632,0.34427887459170237,0.35999033477349235,-0.14328589281447066,-0.19979904200558837,-0.1714134519401999,-0.22701911943675357,-0.06561420657130004,-0.21051825951583675,-0.05542417115764083,-0.14865424838110872,-0.1101835846402275,0.09779809953658677,-0.2490742046689782,-0.007073983811842819,0.030277088055262958,0.21323633119377203,-0.04321799569003446,-0.13674983791073086,-0.23293852412876548,0.04984813331904686,-0.03241349676752584,-0.05430895268962233,-0.14565862469358792,0.13773166750316285,-0.24027272558314594,-0.058081015154979015,0.5421788573799704,0.17748592583370457,0.043655336265727984,0.09970282675390163,0.3010980528506018,0.26283512588317504,0.3920386521603141,0.3317534405038397,0.5653217350616039,0.7578871639452213,0.6541244541436971,0.5592695529718418,-0.031064301091511308,0.5234688143028018,0.11803179032120514,0.1340252061241602,0.5374281531438706,0.34931047791505637,0.46456502653045034,0.4045269122992428,0.44166150058138026,0.33149103615842357,0.3753453623860921,0.49911711871311754,-0.057619620847622344,-0.15371427884188282,0.17623513178722106,-0.4042645079538267,-0.085218091050034,-0.3199474316629929,0.16049541994581346,-0.2755026956581381,0.056368826801138854,0.007894006022186312,-0.19696944848085124,0.12696666805158,-0.23636727424220272,-0.1981065339776544,0.12775811567447193,-0.12181903065655382,0.2636616995712358,0.12818452273577313,-0.2098381949206333,-0.16367689715618142,0.12041516740857759,-0.045879213093129576
0.011436443550326912,0.06925717784435066,0.19186547418600075,-0.18494675384312612,0.1949443484725897,0.1877850910760753,0.246080608428356,-0.21676324593820384,-0.14456948740413117,0.48659771271128993,0.5632290604069103,0.5535544816426494,0.39439767335068115,0.6713986916960691,1.0,-0.006074653954647832,0.33659005925958324,-0.0206468260042422,0.2757735452975006,-0.13511622313091776,0.514358437776037,0.21113905228400867,0.4402527825763705,0.2564387395858389,0.04273250092934771,0.5089108044871093,0.26606896853337997,0.4974481205309309,0.3976733506811572,0.3615228182195885,0.01188253044980429,-0.23711268067612778,-0.3392490870525464,-0.3445671426384728,-0.18023222759178675,-0.1960420721173821,-0.06058035030941812,-0.13731604382147777,-0.15912182108416612,0.21346570160285147,-0.24251820428155957,-0.13096586560538803,-0.024031838359099954,0.3800266777459491,0.06899477378583456,-0.07289584745577399,-0.22172705604513349,0.12409320165016016,0.14108154206118387,0.040921912925586584,0.06816608883047177,0.05541099035665085,-0.128879753340185,-0.252839430583193,0.36994898416695166,0.14227110712645688,-0.17406573221665828,-0.08114198371129876,0.3999737595941484,0.445409022326212,0.5462246616080996,0.3726531237016466,0.5936804355907371,0.6102118912772517,0.5819166232062948,0.7109605201733057,-0.029227438717718834,0.43411518894778844,0.10007227053019313,0.032643064879403466,0.6187225295751241,0.3695130218014039,0.5842513830880585,0.38191161356628983,0.4968052305875664,0.28291093568913867,0.38388401740613587,0.5162712383284861,0.11387898799501432,0.015407491635870635,0.17792744527782028,-0.44613500688810653,0.01759639806302911,-0.37333537425378843,0.08125131885522215,-0.3310970676346461,0.0538803000153069,0.044212945499737234,-0.09151341540749164,0.10199000895460925,-0.07259845618945573,-0.18932015481839454,0.19224158666987382,-0.18728214996391945,0.22309155714941725,0.25078393212481687,-0.21610286239093832,-0.12607640331503794,0.309474973212919,0.09902691828300278
0.42256674903238506,0.28068050119175175,0.3260195491023595,0.33558855043624675,0.42393999693861933,0.16349084865845925,0.5004094601142919,0.33348057116616736,0.19841704578639682,-0.040169687957840414,-0.02997750976091289,-0.10624302989219567,-0.024416697644923574,0.06592253167716397,-0.006074653954647832,1.0,0.45181168135400496,0.6093634514880497,0.2512125254203932,0.06773523430495725,0.24754351265405083,0.4097876713826507,0.2714526251339354,0.34676258992805753,0.29254116463667973,-0.08446786643633422,0.032953576348647526,-0.11416763245938204,-0.025348232052655746,-0.01412171174914172,0.01263038201657519,0.21986398722966916,0.446891605256828,0.4359143688089042,0.2600949028011633,-0.23537644048894624,-0.41522818219588464,-0.10075003826725853,-0.18918895278913647,-0.13934530187400232,-0.0027377490105180294,-0.07695873696179835,0.20114145765454505,-0.3317705713848374,-0.21014629026262271,-0.1123308040497693,-0.10042640659508867,0.082578647502452,-0.21655332269139096,-0.2293017865342984,0.3482849142650551,0.195552251208152,0.34104218145240645,0.4591108875817279,0.14127865403951043,0.2850364085631191,0.45244582449541887,0.2872824640644433,0.009332837681222802,0.0007391047648203625,-0.021018565087140013,-0.056307537556580876,0.0765913712798758,0.25861231987054734,0.10872068041453264,0.0387483750064466,0.2489908377249568,0.24775780953614068,0.3614401187819164,0.5986879797074195,0.21050490914259473,0.20369115042312655,0.17130174280028865,0.22799413964269313,0.20964334915046687,0.07389298287813519,0.06663751066016488,-0.03665784697469988,-0.23636920251033217,0.01238109816098489,0.27542367321947914,-0.2678926767400669,-0.388330004078433,0.003664910017274934,0.15015869996149445,0.0849970479543417,-0.40752662307843696,-0.26417338804479723,-0.40693184054580045,0.22425075359261354,0.07393671688788786,-0.10440620148258294,-0.17683846843497847,-0.11950755505018477,0.2631169228750738,-0.41203997288491395,-0.07429970916883515,-0.2014388489208633,-0.06223349587806958,-0.34646082526076405
-0.02890818044652424,-0.1773589031510354,0.24976055629660404,0.1095624412324244,0.2685049528766045,0.21434912859985567,0.24240476088965188,-0.16091928888500143,-0.07271005741192753,0.17235135903435306,0.07358692526619307,0.38755767422536136,0.2608077671601321,0.3769569624075228,0.33659005925958324,0.45181168135400496,1.0,0.37984299490498785,0.6133344995735934,0.1908333515558374,0.637216152299863,0.4997047954341694,0.579208851763574,0.8023091557149418,0.4400734731363845,0.3184229516083182,0.04868469965668802,0.3261376309286917,0.2801731866786206,0.11963875707944283,-0.3554656578688417,-0.2495200192429643,-0.08819400406726291,0.07652139686427151,0.021849511272441013,-0.32189543198268133,-0.3135247425160176,-0.45798692353108394,-0.4917320854562551,-0.3000415473092651,-0.370134044739892,-0.008370689466663752,-0.13452144059828125,-0.39216723885329424,-0.5935579803634297,-0.4627014497824233,-0.42285976689772803,-0.19466247694406788,-0.4560101462902626,-0.4362292536791236,-0.15884647049764639,-0.15936235813780586,-0.06197983862150401,0.0770199645754521,0.19260062671019068,0.16611926264459556,0.0016400253657256566,-0.14744062828355917,0.22199820690560013,0.06643633421530253,0.14563862587741358,0.08563556449673088,0.3724956812665369,0.335527322822593,0.16728933031140994,0.2264549500941089,0.21263475541755045,0.7827915230280892,0.7090405950460111,0.37685596203887956,0.620856749251055,0.47080973519057095,0.5494697251317487,0.2711421136646913,0.7776475476154031,0.3877326102643721,0.3935623537644049,0.4657190964553585,-0.5366425400712864,-0.26929653845312806,0.731127681441473,-0.4405764142485404,-0.3510007992401119,-0.11799435831274191,0.3497587520051423,-0.07561172946141567,-0.28304651111937196,-0.15024179467087623,-0.16723010649231373,0.4604255979815111,-0.13006057160350748,-0.4426275393059413,-0.32084144234764167,-0.2807592224093066,0.29031510354026807,-0.38789442610045705,-0.3386936651286873,-0.4068093853184929,-0.2651549277295489,-0.3800354245478997
0.462990094246791,0.2795171765323304,0.5800835319586276,0.3274365310183464,0.439885416894448,0.29336773742100547,0.4494352293143327,0.45578710284052393,0.3209489415813311,-0.08681638276005335,-0.01804904555887191,-0.11686164746014738,0.21072795259233343,0.19876473154407318,-0.0206468260042422,0.6093634514880497,0.37984299490498785,1.0,0.3684808991712405,0.1436268614287901,0.2671735443940549,0.5170890643108613,0.31982681332137936,0.1313288578863353,0.3137171721589294,0.04164789748748114,-0.12496993286829503,0.038424700968708314,0.031055520325381034,0.061594979335680394,-0.1349587806958081,0.06668124466991757,0.36308849576873453,0.5737202335396121,0.3636789049003958,-0.0725197349719009,-0.27899674181627343,-0.035739432769893505,-0.17424504165664428,-0.15138964815989153,0.09495090857405261,-0.19856552448011197,0.2747895300780652,-0.24276748813714985,-0.002370383328595482,-0.0950340031925827,-0.01859570094684131,0.16541095253880625,-0.12128752924711902,-0.05684109247556362,0.1670969004581048,0.4044040147820953,0.26874986333121953,0.4041722245304061,0.28841549149549944,0.5495834335571057,0.5729680085718659,0.3451644892574817,0.026651505543285735,-0.07611467057357153,0.16073560604404014,0.16674028558308368,0.3188340512999934,0.3420087030679408,0.3047913940123337,0.0889375794730359,0.08820275086921345,0.29098673874056746,0.2521137216700482,0.6802081738864227,0.2569023200892174,0.28723622925367914,0.09798167544991362,0.12353983074938225,0.1529596991100129,0.08623909383131792,0.05044280684874593,-0.004390894579169491,-0.3058537972053968,-0.22609171021845137,0.1205571712842492,-0.18613631890839913,-0.4232232219101411,-0.004714526251339354,-0.03467017413810445,-0.07013185803940435,-0.23962301283593188,-0.22951196071820668,-0.32965821871378276,-0.10879721501527902,-0.07624587260282958,-0.2015919179549977,-0.23302792416522708,-0.23213137696529706,0.055782729439548664,-0.37337910826354115,-0.23690713083029016,-0.23708644027027617,-0.07153134635149024,-0.22382628851326233
-0.043204828234676695,0.03870022523015022,0.2924493232161991,0.28350571822177517,0.3858914084537841,0.24196278235770047,0.32296070822952133,-0.0706216789486344,0.10569428363073344,0.10001530690341344,0.18894862232263193,0.1209157901642212,0.11114998578644683,0.5870969223253846,0.2757735452975006,0.2512125254203932,0.6133344995735934,0.3684808991712405,1.0,0.15994839386849183,0.7211374353696941,0.21302836150532461,0.557945376221819,0.4086112265203035,0.2823074063545516,0.1236316721698629,0.16992849489405437,0.3377140233102272,0.3987885679298506,0.2623122170956244,-0.34285714285714286,0.02313529115916993,0.01016815726749907,-0.036443550326911725,-0.06740285583083686,-0.1439461196999847,0.00422907874308456,-0.1716384946753843,-0.19410028208436292,-0.15707944282871575,-0.19178237956747066,-0.06358050337845225,-0.07238853294264284,-0.1300430779996064,-0.3013754346067219,-0.17835166517242132,-0.23296232315059806,0.01984651532497231,-0.22184513787146576,-0.14445343421311582,-0.17728474916888554,0.016592683300168377,-0.04546587653889047,0.208847390172968,0.20423171203764479,0.1469375259670683,0.11888653211169666,0.0029695425089590567,0.05839802322275918,-0.07061730554765913,-0.05356978854606285,-0.02766176116857274,0.273320067350375,0.46515492772954886,0.4350423509682587,0.3227136108042545,0.18343355710568324,0.5651664791572326,0.32827002281844075,0.1624062452165927,0.6527650827666135,0.21431414139205354,0.4104699219347926,0.13707113336686275,0.49035009074807023,0.17088189630666287,0.48719249524392644,0.46800638516542387,-0.40947715991340666,-0.08937482233058539,0.4171743456298791,-0.30312916839780457,-0.3721046687202031,-0.33420218232708665,0.3459626358081224,-0.17847849380070413,0.06410093809450919,-0.031995836517738525,-0.06265771577267061,0.27013215338862157,-0.12405151866348867,-0.23137477859657563,-0.1565852485185104,-0.23391572456320658,0.11942008703067941,-0.07059981194375807,-0.08082045002296036,-0.1522687017559205,-0.09570313354179878,-0.08581487393671688
