0,1,2,3,4,5,6,7,8,9,10,11,12,13,14,15,16,17,18,19,20,21,22,23,24,25,26,27,28,29,30,31,32,33,34,35,36,37,38,39,40,41,42,43,44,45,46,47,48,49,50,51,52,53,54,55,56,57,58,59,60,61,62,63,64,65,66,67,68,69,70,71,72,73,74,75,76,77,78,79,80,81,82,83,84,85,86,87,88,89,90,91,92,93,94,95,96,97,98,99
1.0,-0.059224596007084906,-0.11554088036561633,0.2043777743762437,0.32759834685443134,0.11900024053705364,0.3779405654807461,-0.14878310117863155,-0.28555246987820077,-0.23345214405982812,-0.015031395586586565,-0.2997179156370952,-0.26215477466051473,0.027622400559795326,0.17999169053814698,0.32187426882119513,-0.08915615228182196,0.3000721611160919,-0.14382382172257369,0.6610001968030439,0.27646454265159304,0.01677857118648221,0.15731560648138024,-0.24432031261118953,-0.28519385099822875,-0.1686077277995233,0.5204828234676696,0.13795893376484222,0.5430845597078569,-0.01550370645732654,0.5220922350265684,0.14957906015613043,0.07197743325096762,-0.06857055389123352,0.43119546915658963,0.49069558942511643,0.3477247381426166,0.09563753252716975,-0.17560516935995277,-0.21291027967899237,0.5780236600992762,0.028851326233845752,-0.2023266493188428,0.43586188799720105,0.08502328836019331,-0.01097286304694846,0.3626380354682819,0.42614856443112986,0.7522424613500689,0.45084953313944587,0.5851697972928648,-0.14950908574052613,-0.04376025015853578,0.22360761846449892,-0.23524356616698383,-0.07986267520937657,-0.12917277120552798,-0.3205440510813234,-0.24668168201001509,0.033281581421792654,-0.3405742275480527,-0.27745293127200366,-0.24931446939712668,0.12382205049323018,-0.05356978854606285,0.13387417725394152,-0.027211300868120094,-0.30928254357000723,-0.35879818941199626,-0.03605431764011283,-0.1124707528809779,-0.12534604535216812,0.018643808357569264,-0.33435561692921617,-0.5375084734643896,-0.3287266843060506,0.16259430145852924,-0.0380398416828847,0.33499850757548566,0.2568848264853163,-0.5907458835363321,-0.0066606896853338,0.07172814939537732,0.03133541798779821,0.18751831361658394,0.17384706216789486,0.24802896069307065,-0.017790995167391924,0.4402965165861232,-0.3411296494719118,-0.1520194179003302,-0.3006144628370252,-0.2871400144322232,0.16250683343902386,-0.19726662439045725,0.28610789180205987,0.06644945441822833,0.39495309527454026,0.6431829612298003,0.4817546978580845
-0.059224596007084906,1.0,0.6711552338676171,0.6110690778684044,0.6040585161050491,0.5774419977695655,0.38816995036189894,0.7598171918392338,0.7035840020992324,0.24959436705954385,0.013155204516861328,0.3190177341409547,0.30766001180818264,0.22988782226498436,0.11988804093503312,0.42104353948962375,0.22503772058341168,0.38676608864883777,0.24499600380063605,-0.12973256653036233,0.07241477334849446,0.26728943964661367,0.29260239225033347,0.42945313841089544,0.2890818044652424,-0.04917889396689335,0.045391528722310906,0.3088277098685793,0.25021538999803195,0.20206424526032668,-0.021906365485119504,0.0530362336270801,0.16168900745664866,0.34492576151844484,0.35265793444271937,-0.036356082307406355,0.33226476569504276,0.2992893223415189,0.4046882858454877,0.1419649690581881,0.06512868732369727,0.20579475629223065,0.2713695305154053,0.1483763748879316,0.043922065994620715,0.08788349259801885,0.19551726400034988,0.05838490301983337,-0.19770833788895936,-0.08850888893748224,0.07061730554765913,0.6319127069165337,0.6723885329426429,0.6188668518073079,0.6855277285178064,0.5518313616583936,0.4930134919420087,0.6306531674356564,0.182305219654064,0.007133016990662789,0.3281319017734141,0.3356366578469747,0.3829874702062059,-0.09100182699030936,0.07803896700268964,0.059045286567098905,0.3154665325490368,0.2927073538737399,0.2844372526295073,0.2983009337211082,0.22710633924471366,0.21270910323413003,0.3385318492926024,0.18782028363734263,0.18578644683037765,0.25074457151603946,0.30530274868251295,0.5663335592923837,0.05156026717138851,0.2003323784741204,0.3265924646301196,-0.06639697360652512,-0.04764383022457414,0.08277536025890533,0.2802431610942249,-0.03758938138243205,0.2028582393325646,0.13676062189761867,0.004185344733331876,0.35170453303011084,0.15004264065950887,0.5085259452012858,0.12439701734053486,0.2933458704161291,0.25297063261245106,0.21073669939428397,-0.03347401106470447,0.02960355120159192,-0.14060046795390435,-0.11091175669875722
-0.11554088036561633,0.6711552338676171,1.0,0.3597209770177779,0.6276267739607706,0.7876407688438914,0.12861297588069362,0.7060243598434323,0.6924274562113227,0.3143250748944917,0.04035122821636338,0.3621001071483239,0.2973300387045986,0.3142594738798627,-0.0433010430561326,0.3092460458909361,0.414598412455446,0.584911766635324,0.4695966298538044,-0.10699525485994184,0.14482954669698891,0.35972137031944085,0.32205724781876627,0.19595919175099918,0.25205659180862,0.13483632546850058,-0.1886860116769806,0.10120049856771118,0.32058778509107605,-0.06195797161662767,-0.2178478493800704,-0.2007609717696967,-0.033010430561326014,0.5172071461371935,0.20651636745314994,-0.24174411230893705,0.23918567273840502,0.001185191664297741,0.19076775054120837,-0.2038223524523846,-0.21057925695917432,0.0936782488902495,0.02504209398438696,-0.21058363036014957,-0.3562441232424395,-0.08889374822330585,0.037794931228269664,-0.14347816579563097,-0.20267652139686426,-0.41840764470490477,-0.006267083597559642,0.841612910279679,0.724773129824408,0.5332531543154534,0.8218994159329877,0.8172530668474339,0.6573877675974722,0.6647744418447006,0.27900548861822394,0.10429686645820122,0.4356694583542892,0.4774660514749295,0.46696551573331,0.06392388524624455,0.20140823511403644,-0.09010955369443048,0.44452559532920777,0.5843869585182917,0.5900636329841902,0.6064595132404714,0.39114823642605673,0.47873871115873257,0.45069209070433625,0.35570002372593884,0.39873608711814745,0.3717215892939144,0.5079442828715751,0.5458922831339791,-0.31367378110466926,-0.05765017165598828,0.3415057619557849,-0.07451400581662329,-0.32228466466948025,0.37396077059325183,0.16131726837375085,-0.09644661170759442,0.43635655939821777,0.2950340031925827,0.2357000721611161,0.12185169797292865,0.1904747326758654,0.41381120027989765,0.30797927007937725,0.2559576654785594,0.4272681550807986,-0.10770374581793532,-0.19493997507161445,-0.07540617961557805,0.01777350156349085,-0.16334670502153278
0.2043777743762437,0.6110690778684044,0.3597209770177779,1.0,0.6833526491876407,0.35593361177319544,0.4736043384137675,0.29148280160066475,0.3098423388948416,0.093442085237585,-0.0827273432981878,0.15796286982571997,0.1970523277426691,0.2629332400341125,0.30294985895781856,0.6117679730787474,0.14281340884739016,0.22109728630469486,0.14447327247747857,0.08860510375893814,0.1263431807745293,0.29195544811572866,0.27437843038639,0.25072079193646435,0.10696026765213969,0.09288666331372591,0.26560101462902624,0.41759419212350485,0.4351840108460344,0.4719118322363386,0.012870919070214953,0.19519363232818002,0.4410706085587457,0.21465964006909974,0.416684524720649,0.054300146508932674,0.47488137149854587,0.5058931578141742,0.4144103562135094,0.20737355404430255,0.24531280750475606,0.19320373488443288,0.11850167282587304,0.2051081323391135,0.23329907502569372,0.23506592901970216,0.33274583980232225,0.28573615271916203,0.027534932540289957,0.08724060265465439,0.06302945485556843,0.38438695851829174,0.3631234829765367,0.7259933086965078,0.3377322554342234,0.27929413308259166,0.12053093087839759,0.14015438105442699,0.17391703658349916,0.1675406179615578,0.0647788152456758,0.26690866152063153,0.4072817126238219,0.2984587024762914,0.12761584045833244,0.1838402833963832,0.2648750300671317,0.17560954276092802,-0.00975705757582384,0.0891780192866983,0.011554525376659158,0.07543679342240493,0.45079705232774264,-0.02730973224918237,-0.023948743740569853,0.010929129037195775,0.22627539305941266,0.45782073429402376,0.12943094337649969,0.045942577245194724,-0.060877741575736374,-0.1512278323238066,0.19739345301874003,0.2170606372045221,0.39413964269314034,0.3260895235179637,0.28668330747574317,0.19805383656600556,0.19214537184841793,0.12841617283680654,-0.17386455577179594,0.14171131180162252,-0.028846952832870483,0.3771927139139752,0.08243860838380968,0.26462137281056614,0.29277295488836896,0.338020161378496,0.03658787255909558,0.1061425577208193
0.32759834685443134,0.6040585161050491,0.6276267739607706,0.6833526491876407,1.0,0.665286129758807,0.2834444906081214,0.41819772145809186,0.387356497780499,0.26716669217817235,0.22062082681435724,0.215494959655376,0.16136974918545408,0.4636854650018587,0.25189040257155976,0.36609382277716,0.2691959502306969,0.5642736874330323,0.3877330341926113,0.19876232752399903,0.3622925367912357,0.3176645138578727,0.4268526819881481,0.052316866367338316,0.2297041394240231,0.15890315103540267,0.17670289300474515,0.281922547068728,0.634361811462684,0.17264437689969606,0.031610942249240125,-0.1910432748026503,0.03225820559357985,0.3552950952308062,0.5012092453696617,0.05029848461656207,0.38727777656294415,0.1882442981784785,0.18198596138286938,-0.10961492204412762,0.14853381732304127,0.23242002142966478,0.1948481336511338,0.03518838424700969,0.016505215280663007,0.03485163237191402,0.41019877107432595,0.16096739629572937,0.18431261070171218,-0.10364522971288623,0.30391638057335285,0.5804421508385996,0.6556471540093154,0.8570991231331044,0.5351829944317412,0.6138899214974525,0.44638429074369684,0.2858279941396427,0.2690253875926614,0.24815551813868056,0.32565655682141215,0.3143775557061949,0.33220353808138897,0.14741001444326063,0.15972097701777788,0.18697601189565066,0.35845269073495,0.257938816120356,0.15820340687935974,0.3879862675209377,0.2858673547484201,0.15135903435306466,0.5245063523649166,0.17287635616589478,0.02727252848177385,0.10829415494959656,0.49783735321772976,0.613408847390173,0.011521737466646,-0.003625549408497518,-0.0984146421464652,-0.19465133060724674,0.007981456779864862,0.24101375434606723,0.18574271282062496,0.007054295773107957,0.4629621733205336,0.18655179200104963,0.40578163608930484,-0.05415145087577355,0.19096455358509545,0.21874439658000044,0.23151910082875948,0.27134766351052897,0.21452406463886642,0.07736983665347358,-0.05316306225536288,0.14418665675362446,0.3200192429642912,0.06573010182385883
0.11900024053705364,0.5774419977695655,0.7876407688438914,0.35593361177319544,0.665286129758807,1.0,0.2623690713083029,0.624342349828344,0.6307362620541864,0.11441691631497233,0.03685250361081516,0.19819815879818942,0.14841136209573375,0.2068006385165424,-0.05131311364282434,0.19219827294063782,0.2515492772954888,0.542874636461044,0.2310645197619187,0.05915899499245588,0.12120443462858892,0.3563560345894791,0.3003258183726575,0.049091479621598544,0.005064398329360827,0.053963394633837,0.018084013032734908,0.19722726378167982,0.40220856749251055,-0.05776388008134526,-0.10800113708425357,-0.12612013732479063,-0.025028973781461152,0.37281493953773154,0.30387701996457545,0.06277579759900287,0.2993286829502963,-0.012665369224377337,0.09230062758303995,-0.25922022260610966,0.06676871268942293,-0.042400122455227306,0.10968489645973191,-0.07976646038792067,-0.2415997900767532,-0.024390457239071964,0.2423870022523015,0.06224661608099539,0.16723010649231373,-0.12916402440357744,0.16620673066410094,0.728831645929457,0.6090616868207561,0.5021713935842208,0.8203512286023169,0.8857055389123352,0.6639260020554985,0.6575845706413592,0.135413614397236,0.15088670704773569,0.3581640462705823,0.39175176576064374,0.3676543263869148,0.0034374969249511317,0.1294745358728215,-0.0500317071570707,0.3107257658918458,0.358028470840349,0.3411777568826398,0.44397892020729923,0.2960836194266471,0.3809975727624587,0.33972578775885065,0.25233457866077347,0.21381557368087292,0.3357459928713564,0.39063654851195034,0.38747457960683124,-0.2248958309417615,0.042986158185913274,0.14219675930987732,-0.03943495659399532,-0.31507729986223787,0.32667118584767446,0.19006363298419016,-0.02965165861231987,0.44278546586091266,0.3362314403796112,0.27996763683278303,-0.028020380048544753,0.18139555225120815,0.2736961798342481,0.3227307515689576,0.2834488640090967,0.3040781964094378,-0.0007041175570182152,-0.1304716712951827,-0.0016531455686514618,0.3007675318711596,0.06779216263825381
0.3779405654807461,0.38816995036189894,0.12861297588069362,0.4736043384137675,0.2834444906081214,0.2623690713083029,1.0,0.3183835909995408,0.28776978417266186,0.03736633793269336,-0.0924516109987334,-0.020524370776934683,0.045754521003258185,-0.01642212066213291,0.08541689444796746,0.7074232083793965,0.11636307974896679,0.2863003214449717,-0.025590983786706805,0.3150598062583368,0.0993155627473705,0.15098746035243368,0.11453499814130459,0.4301266428974635,0.03876145284380399,-0.0743740569854147,0.17419693424591634,0.3229712886225974,0.35399182174017624,0.0975006013426341,0.21088102162646782,0.46956331591261946,0.41088102162646783,0.18509544947628523,0.201841201810588,0.42754367934224047,0.4014607159257397,0.430045264700094,0.34301021189127723,0.3266755592486497,0.5610023835035315,0.142712820624959,-0.022400559795324834,0.2433578972688111,0.09223502656841093,0.09628479587150948,0.2032669305285255,0.1802278541908115,0.34485578710284054,0.38362598674859505,0.11391834860379174,0.07642518204281559,0.13882924055892065,0.3184229516083182,0.12759206575890591,0.17076381448033062,0.12797445933830442,0.1604119743718703,-0.06889855896437865,0.1996807417288054,-0.11583827163193458,0.13921847324571954,0.09145218779383787,0.11533108321614033,0.041774726115763924,0.03091994489514771,0.3191970435809407,0.008724934945660493,-0.038901401675012576,0.08096914565611948,0.023800048107410727,-0.01868316896634668,0.08343574380617087,-0.2142247208948394,-0.09271610067569044,0.03647853753471387,0.1341846887231856,0.15033128512387658,0.2730557751371328,0.24915265356104174,-0.008908617786621767,0.07036802169206884,0.07138702411930638,0.012591021407797774,0.26047538868601167,0.26767838009227873,0.21879711661371523,0.08497080754849008,0.24784063326846123,0.31945070083750626,-0.4377249568126654,0.07430845597078568,-0.17930506658502984,0.23678904900395792,-0.09110231571581641,0.34127834510507093,0.18151800747851568,0.24714526251339355,0.2251645492116945,0.3223112574746164
-0.14878310117863155,0.7598171918392338,0.7060243598434323,0.29148280160066475,0.41819772145809186,0.624342349828344,0.3183835909995408,1.0,0.7857689532264766,0.351380901357941,0.041558288205277516,0.33488443287922853,0.2243292296254182,0.15535194944348474,-0.11038464061577485,0.27796960042401075,0.3930244254444469,0.40970457676412064,0.35667966661549233,-0.34000568542126786,-0.059408278848046184,0.25188630457068756,0.07083597559642256,0.44478411229183207,0.24041022501148018,-0.024687848505390218,-0.14525376659158995,0.1297937941440161,0.13719796199514553,-0.07519625636876517,-0.26003804858848484,0.03556449673088277,0.04020904856661783,0.4169338085762393,0.055813343246375546,-0.14342568498392774,0.22729002208567492,0.05968380310948809,0.2726290699962826,0.05292689860269839,0.034444906081214054,0.12008047057794494,0.17054077103059195,-0.07273840502066432,-0.2177647547615403,-0.005370536397629616,-0.02280291268504953,-0.23096805230587567,-0.22763114736174586,-0.11637182655091732,-0.054881808838643374,0.6580875117535151,0.671526972950515,0.3636045570838162,0.7493510952131257,0.6486322188449848,0.6441407360433842,0.855756489033697,0.1664210273118891,0.12067087970960617,0.442378255450351,0.408895497583696,0.2615774857317793,-0.20489624641529644,0.031300430779996065,-0.1659749404124117,0.42506833439023856,0.46087774157573635,0.47421224114932975,0.42651155671207713,0.14937788371126806,0.4567317574511819,0.18599637007719053,0.38476349168365226,0.4032538103255997,0.5134285276945617,0.3951061643086746,0.45044280684874594,-0.23266518626895702,0.27865998994117774,0.5097636176772867,0.09013142069930681,-0.3040781964094378,0.14575670770374582,0.1756838905775076,-0.10445868229428615,0.30923258755850147,0.11764011283374516,0.025698104130677222,0.42722879447202117,0.13970392075397434,0.5364544838293499,0.23357459928713564,0.2225273884236076,0.4812971507292646,0.10968052305875664,-0.07342065557280619,-0.17844350659290198,-0.18362598674859504,-0.08241027138080999
-0.28555246987820077,0.7035840020992324,0.6924274562113227,0.3098423388948416,0.387356497780499,0.6307362620541864,0.28776978417266186,0.7857689532264766,1.0,0.39711355535632287,0.08072432346151144,0.41779974196934244,0.371502919245151,0.1574861691194157,-0.08217183092431829,0.23282288343385887,0.3691631497233824,0.31329295226432835,0.3028233614217128,-0.3088452034724804,0.03701209245369662,0.2687457837636731,0.07924602567186373,0.5070701570821043,0.3598434322450854,0.08988213684371651,-0.23046948459469507,0.1812118694102469,0.15402243554700312,-0.08985152303688963,-0.29637226389101484,-0.0138199470818482,0.13096586560538803,0.42669086615206314,0.08264853163062255,-0.02551004788874068,0.3360302639347489,0.08965471999300256,0.41439723601058365,0.15004264065950887,-0.08265290503159782,0.09209507773720234,0.0682950296297916,-0.1324921825457567,-0.3100741291465308,-0.007338566836500405,-0.028037873652445824,-0.2126697426253526,-0.31420699306815947,-0.1661848636592246,-0.24389145218779384,0.6377861844263192,0.5409722070368022,0.35399182174017624,0.811779343946626,0.6895016509588682,0.5865649122039754,0.8822286851369968,0.29346395224246136,0.18160110209704577,0.5122564562331897,0.5560560670005029,0.4559532920775841,-0.07995460404829083,0.23856902320089218,-0.057125363538956066,0.38525726531237015,0.5146312129627605,0.43537644048894625,0.36829721633027923,0.24113183617239947,0.3523517963744506,0.24511163105989373,0.46960100325956133,0.5473486256587435,0.5746867551551464,0.33384356344711463,0.5002339769521769,-0.2598480897511883,0.05498677046204981,0.5167479390347904,0.05507423848155518,-0.358500798145678,0.1333231287310577,0.06787518313616583,-0.14186000743478167,0.3415542428051317,0.19410028208436292,0.01763355273228226,0.4277973365988061,0.10768625221403424,0.5239509304410574,0.28788786599899413,0.13556231003039515,0.3666440707616278,0.06780520872056155,-0.10384203275677331,-0.32381535501082415,-0.269930681594542,-0.07588296328858408
-0.23345214405982812,0.24959436705954385,0.3143250748944917,0.093442085237585,0.26716669217817235,0.11441691631497233,0.03736633793269336,0.351380901357941,0.39711355535632287,1.0,0.5421120707095483,0.6597931381338697,0.48907743106426715,0.42417178719030857,0.18140867245413395,0.085793194536066,0.4937525967068291,0.1741488268351884,0.5123313642076975,-0.15482276792547725,0.16573440335877196,0.013844015923578637,0.12038660864621373,0.35790859363319116,0.7619033041044369,0.4792591458747895,-0.334158448317334,0.18560713739039164,0.20782838774573048,0.05180730795302967,-0.4638035468281909,-0.16590933939778268,-0.1059062780171,0.23281362751743895,-0.07701121777350156,-0.1255122345892283,0.11802497211956878,0.1220397542148652,0.42018761890183903,0.3076075309964794,-0.25098948197065446,-0.1624456058253701,0.06567536244560583,-0.2298572084581575,-0.12224093065972753,-0.08539065404211585,-0.1562572434453653,-0.345791694911548,-0.27999825063960987,-0.18163608930484793,-0.10104742953357679,0.22003017646672934,0.3795587238415954,0.2302158273381295,0.24091369293030185,0.2493669502088299,0.25663116922875073,0.27626773960770595,0.6214340381797905,0.32218407644704905,0.4948284533467451,0.5006144628370253,0.36339900723797863,0.049489459545479654,0.3404692659246463,0.11830486978198596,0.4297303798298747,0.46067219172989876,0.2883077124926199,0.2596138286938838,0.2866720605278695,0.17452931272003674,0.2919026480942905,0.5246315678990779,0.44072073648072424,0.49127287835385186,0.23255997026087336,0.3901729680085719,-0.24208550226939562,0.021066672497867967,0.3095187072226717,-0.22469222190636548,-0.15728936607552862,-0.03570881896306663,-0.2925367912357044,-0.3922634536747502,0.25634280503700463,-0.03822352452384597,0.11355972972381972,0.2062058559839059,0.21158076578251078,0.4741422667337255,0.421490892392469,-0.1231331044586823,0.17516782926242594,-0.1887428658896591,-0.3127156633355929,-0.4804574577420131,-0.2633006057160351,-0.08629166899009005
-0.015031395586586565,0.013155204516861328,0.04035122821636338,-0.0827273432981878,0.22062082681435724,0.03685250361081516,-0.0924516109987334,0.041558288205277516,0.08072432346151144,0.5421120707095483,1.0,0.4990646378440343,0.15697246613079963,0.3560870701354276,0.2413770105367721,-0.15366432069389047,0.08613203967996191,-0.03228666800057472,0.1774161453196854,0.01935450717731709,0.0496009813922815,-0.18836279189781963,0.06524902719059594,-0.09207559877457036,0.5024649608200515,0.43944199715973564,0.07768261975756295,-0.12390951860836888,0.07729776005095265,0.05030728642202655,0.031088354823174454,-0.18942969695589482,-0.39679910432673815,-0.13085011354462517,0.0877414529985141,0.05294882349921546,-0.03468110765249679,0.015420628698953805,0.1098665127228497,0.16397866215340995,-0.07019097569593281,0.0011808195543725262,-0.09042891083615083,-0.00838163213316647,0.02353766978382569,-0.2207454688784299,-0.06645171377375314,-0.01789816306025764,0.0440598762982445,0.04942604516200409,0.0782402289915722,-0.07118155209987866,0.05448826232565668,0.1449368534877137,-0.008606881350340859,0.03765502356721278,-0.06058041654506753,0.0385318914214783,0.449618912356124,0.36014559067786356,0.14864550156959483,0.09534243220406761,0.055373876991436075,0.0709214119993265,0.18810236830866495,0.2167503627194695,0.02921216375344922,-0.052349666910515326,-0.1563798696507349,-0.05646285502491296,0.023043474933292,-0.09572729191067793,-0.057304735633123,0.1700163346883617,-0.06368116122673464,0.11737127700175064,-0.0513984511583819,0.16732869096322237,0.06623092919667009,-0.033889521210491505,-0.19250201450014184,-0.17446608915854075,0.046788881490572115,-0.10489176367433581,-0.2505677227349716,-0.40187662841054,-0.035962554858968446,-0.3380467713880696,0.05552694619292881,-0.15331848562088018,0.2799089019582504,0.21632176895528987,0.36563202819993884,-0.08121195820340972,-0.05705763820785616,-0.14090894678557633,-0.4269078162603591,-0.2649168670234763,-0.0006210236174848101,0.054521122479548836
-0.2997179156370952,0.3190177341409547,0.3621001071483239,0.15796286982571997,0.215494959655376,0.19819815879818942,-0.020524370776934683,0.33488443287922853,0.41779974196934244,0.6597931381338697,0.4990646378440343,1.0,0.7756489033697055,0.3980844503728324,0.1571537906452953,0.18354766689525176,0.5003608055804597,0.20627583039951017,0.5264355977738138,-0.16725634689816535,0.13650259124007785,0.3640816558591053,0.33140320570291487,0.3030988859843997,0.5645404648925236,0.5393234348691259,-0.25679298506483567,0.14529750060134264,0.11581203122608297,0.1936323281800092,-0.2946622641096849,-0.1461590605934705,-0.009883886204106624,0.4241499201854322,-0.03882705385843301,-0.14684131114561239,0.15551813868054493,0.1740088780039798,0.32280947278651245,0.259487000065601,-0.21626467822702325,0.019859613828693883,0.03151035402680895,-0.2575670770374582,-0.11860226104830421,-0.2392731407579104,-0.06012989000896547,-0.2002361636526645,-0.3760731232643065,-0.2594301458529225,-0.20798145677986485,0.34028120968270975,0.2797358465810938,0.1424504165664429,0.38896019977832336,0.27901860882114976,0.17324353283330782,0.3642080864184033,0.37513284205462377,0.2031707157070696,0.43335592923837224,0.5911657300299578,0.46722354639085084,0.07873661054498435,0.3410115676455796,0.07124707528809779,0.12339113511622313,0.42385252891911396,0.24761758981872253,0.26141566989569437,0.3007544116682338,0.27363057881961905,0.28235551376527956,0.251556112436039,0.3379589337648422,0.39680304388707877,0.15868448098663926,0.3597428440226542,-0.16354350828059488,-0.25711661673700553,0.2445343421311583,-0.11313113642824342,-0.039089457916949115,0.08535129343333843,-0.24435940609214757,-0.21294526688679452,0.1930880508715712,0.08029564190592814,0.06167807395421049,-0.005248081170322101,0.05746211541405174,0.2230959305503925,0.23095930550392513,0.13749972666243904,0.17917823795674706,-0.3296713389167086,-0.4470927817016903,-0.33722420240099715,-0.3155671207714679,-0.16980185191876926
-0.26215477466051473,0.30766001180818264,0.2973300387045986,0.1970523277426691,0.16136974918545408,0.14841136209573375,0.045754521003258185,0.2243292296254182,0.371502919245151,0.48907743106426715,0.15697246613079963,0.7756489033697055,1.0,0.26092147558548906,0.00012245522730751568,0.25686352116464106,0.42853206796265114,0.14430036517898143,0.42479108787400244,-0.14377555706194922,0.13004745140058166,0.46980217992438034,0.3514771161793969,0.29731068346509587,0.40152631694036867,0.4984452559532921,-0.27067415976033765,0.34461525004920074,0.10541208370689467,0.24071636307974897,-0.35644092628632656,-0.09728193129387068,0.10437121427478079,0.3813168310336533,0.009249743062692703,-0.17675974721742363,0.1426690866152063,0.2781701690319477,0.34027246288075924,0.2614900177122739,-0.2949946425838053,0.029358640746976885,0.06862303470293674,-0.09678773698366534,-0.0656666156436553,0.053456080120705865,-0.023642605672301066,-0.14437033959458573,-0.4105486431523474,-0.2843191708031751,-0.22797664603879206,0.3375609542760928,0.25520544051081323,0.1826900789398876,0.3589454832517892,0.2629944676477663,0.126859242089611,0.2769762305656994,0.26873236972731845,0.04085631191095756,0.41068421858258075,0.6052480811703221,0.505888784413199,0.05882449413365801,0.30439308127965714,-0.022479281012879666,0.0941505761955785,0.39865299249961733,0.18933327502132033,0.1936323281800092,0.29197699591087006,0.19609455292908531,0.3170497037020839,0.1964861871447099,0.3462290350090748,0.25469375259670685,0.07233605213093963,0.3600271150860467,-0.18932910862348531,-0.21919923028142835,0.2684349784610002,-0.12522796352583587,-0.10825916774179441,0.04241761605912838,-0.20749600927161008,0.02609171021845138,0.1352278927073174,0.24322232183857778,-0.06476132164177473,0.05065273009555881,0.010067569045067898,0.1286960704992237,0.23924690035205878,0.03703395945857296,0.025160175810719207,-0.2219063654851195,-0.22748245172858675,-0.26742472283571317,-0.3300124641927795,-0.2933155773061355
0.027622400559795326,0.22988782226498436,0.3142594738798627,0.2629332400341125,0.4636854650018587,0.2068006385165424,-0.01642212066213291,0.15535194944348474,0.1574861691194157,0.42417178719030857,0.3560870701354276,0.3980844503728324,0.26092147558548906,1.0,0.5518488552622948,0.19857689221121194,0.5306378605322429,0.37430626927029803,0.718340642388134,0.016675777918698474,0.5576785987623275,0.33356184378433246,0.38688417047517004,0.16332046458699118,0.3885416894447967,0.4918326736786862,-0.08504952876604492,0.30597625243270427,0.4507795587238416,0.08016006647569482,-0.06147689750934814,-0.20618836238000482,-0.026078590015525573,0.35563622050687715,0.17300736918064333,-0.1453587282149964,0.10696901445409022,0.1791170103430933,0.08031750891080448,-0.07385362226935777,-0.057881961907677505,0.13942402309155716,0.1098948197065448,-0.19528110034768537,-0.10510594563862588,-0.2157748573177932,0.2581443659661936,0.06473508123592311,-0.15023069690144542,-0.30156349084865847,0.03317224639741095,0.18120312260829635,0.24049331963001028,0.3679079836434804,0.25040618050437186,0.2778640309636789,0.17318230521965405,0.12478187662635849,0.3943495659399532,0.3119153309571188,0.28125341671951193,0.26049288228991274,0.39272266077715334,0.41837092822282146,0.6470490476919376,0.5728105661367563,0.059989941177756884,0.3571450438433448,0.22456101987710744,0.3608711814742735,0.5050840786337495,0.10441932168550874,0.5973322254050862,0.14758932407929498,0.09867267280400603,0.21095974284402266,0.4983315475279351,0.6304257505849424,0.0730096357062776,-0.19534232796133913,0.03320723360521309,-0.23797424066825568,0.21452843803984167,0.05615884192342175,-0.22469222190636548,-0.2652598893529553,0.37825586391733257,0.039128818525726534,0.2580743915505893,-0.2266296385384094,0.19043537206708797,0.11481926920469704,0.10256499967199492,0.023113424154293585,0.25576960923662284,-0.30070630425750583,-0.45348669392753277,-0.05616321532439702,0.04550961054864315,-0.14729411919070184
0.17999169053814698,0.11988804093503312,-0.0433010430561326,0.30294985895781856,0.25189040257155976,-0.05131311364282434,0.08541689444796746,-0.11038464061577485,-0.08217183092431829,0.18140867245413395,0.2413770105367721,0.1571537906452953,0.00012245522730751568,0.5518488552622948,1.0,0.29816601029134787,0.01877063698585205,0.08422295598171918,0.16861228555288288,0.3718396711202467,0.4802781483020271,0.028352789522211434,0.39468631781504887,-0.03961868275207672,0.29467975771358595,0.22188449848024316,0.29395814655266667,0.33435962476219633,0.3964006909973541,0.4184470053136822,0.3393453018740023,0.21254291399706982,0.21303710830727515,-0.08305963132229778,0.30943998600511685,0.21793094399860052,0.15051934136581313,0.41659705670114366,0.24308674640834446,0.20895235179637445,0.1421442784981741,-0.10431436006210229,0.04859285823620739,0.018250202269795106,0.3273053289890884,-0.11351162231309178,0.3554918982746933,0.3975377752509239,0.1346701362314404,0.07207802147339878,0.18273381294964028,-0.1676237125800879,-0.10269620170125297,0.23276552010671098,-0.09019065883264622,-0.13868929172771205,-0.18840174061358816,-0.15491898274693316,0.23242876823161532,0.16518335483588814,-0.02278104568017319,-0.07595722813846187,0.1558811309614922,0.443437103318696,0.3926089523517964,0.8072510988169951,-0.09188078108941418,-0.18445693293389603,-0.2480243161094225,-0.14030745008856138,0.16551573331000852,-0.3566858367409416,0.39423148411362097,-0.11190889321133847,-0.23038638997616495,-0.07479390347904048,0.1170803175089108,0.42611795062430297,0.5287119554702986,-0.02435109663029455,-0.26540858498611447,-0.24949377883711268,0.5649428177822484,-0.173816448361068,-0.057523343027705495,-0.17184841792219718,0.07347321671651275,-0.1518663488661958,0.1636526644945442,-0.21539437143294482,0.06198421202247928,-0.014891430320788962,-0.15401368874505258,-0.10302858017537338,-0.25927707681878814,0.0063370580131639365,-0.16441800966521616,0.2184470053136822,0.0950777372023354,0.06677753250264483
0.32187426882119513,0.42104353948962375,0.3092460458909361,0.6117679730787474,0.36609382277716,0.19219827294063782,0.7074232083793965,0.27796960042401075,0.23282288343385887,0.085793194536066,-0.15366432069389047,0.18354766689525176,0.25686352116464106,0.19857689221121194,0.29816601029134787,1.0,0.31998932887905085,0.33246885585099684,0.23244265085836702,0.2181194772030257,0.2189307448579393,0.29222723828680175,0.2395010813263283,0.4031654780090687,0.09127307794095414,0.017920049681986565,0.1661174391935904,0.3474937077564184,0.414369715007693,0.23340454703549504,0.23887787032457525,0.39369441668637717,0.6086234909014812,0.3242818313227043,0.1635917946075386,0.17160606941955578,0.3740556166627138,0.5316055446111518,0.4190361440523982,0.2555186974240161,0.37299725131236827,0.2585254171693159,-0.16426092641994713,0.11392953123626381,0.020922396016747703,0.0193763953913463,0.12935892361650753,0.14338882462439353,0.05767872488856127,0.13243343122515586,0.00979862631177325,0.18434581431854952,0.17442473251169496,0.3500915136163574,0.18731795638825474,0.08482885751230076,0.004694856213206242,0.10603333850878932,-0.01615100511911565,0.18692175312579543,-0.11340253526636036,0.2991259739045745,0.38608249564391284,0.38741243602536557,0.17089976361756898,0.17449470708031284,0.25947882066673456,0.1845622981402111,0.06823832463405402,0.12476465584568949,0.008716207203465337,0.1514993144682603,0.39982156485098075,-0.21419238872677535,-0.0916076438471584,0.0003783000115904424,0.24252966812432114,0.35935877054768856,0.25770568445605196,0.12580990096441916,-0.03476861378201176,-0.04735966272269249,0.18605363113387977,0.18568626464863588,0.2735240286115057,0.38741419915292197,0.2596278004893217,0.068896522920116,0.17904086733520608,0.11720084231914996,-0.4851883518595315,0.006660704250314957,-0.3229020202977703,0.2126680209666386,-0.024209014036519004,0.20356039351996696,0.13662971863695966,0.2730276465153726,-0.030379896306508763,0.056064997698523696
-0.08915615228182196,0.22503772058341168,0.414598412455446,0.14281340884739016,0.2691959502306969,0.2515492772954888,0.11636307974896679,0.3930244254444469,0.3691631497233824,0.4937525967068291,0.08613203967996191,0.5003608055804597,0.42853206796265114,0.5306378605322429,0.01877063698585205,0.31998932887905085,1.0,0.458590452865671,0.8045863906177763,-0.21053989635039688,0.30085937329164025,0.370252531382141,0.20420283833723296,0.5352655039970661,0.31941134022872886,0.3683628173449083,-0.3492335614790842,0.2301458529225252,0.32256893573287265,-0.14656578688417046,-0.40911854103343465,-0.3225077081192189,0.10367584351971311,0.6902669961295401,-0.06641884061140145,-0.21721807963963177,0.32608515011698846,-0.13067284774004503,0.08218932452821937,-0.10673722420240099,-0.07497758632000175,0.17860094902801163,0.10802737749010519,-0.4438652117819422,-0.38588266165183355,-0.24796308849576873,0.015818591327545865,-0.2085456255056745,-0.3791869847586976,-0.3570269620170125,-0.18922831339791388,0.41845575211563274,0.4699438017974678,0.23023769434300584,0.4453465818527231,0.3308696507839321,0.3144212897159476,0.3435525136122105,0.24718462312217096,0.2538759266143316,0.41801841201810586,0.5612079333493691,0.4403315037939253,0.10609007685173608,0.3718178041153703,0.05607137390391638,0.30283615053246155,0.7382738186350616,0.6230565699416151,0.5441035621350944,0.38517854409481533,0.5700728171262383,0.4911198093197175,0.32313345775692026,0.4674247228357132,0.5456561194813146,0.5861144519035227,0.3959546040978767,-0.2853341117997286,-0.16548511950318165,0.39784391331919267,-0.13172246397410947,-0.16940368677702214,0.2571034965340797,-0.1939778268570554,-0.13282893442085236,0.5784550725496805,0.17432376287419912,0.18524414510944437,0.03777743762436859,0.034921606787518315,0.05494303645229713,0.04964247447027181,0.008978592202226061,0.5541929981850386,-0.29717259626948894,-0.33435087796024576,-0.3676893135947169,-0.26588965909339396,-0.16434165483123556
0.3000721611160919,0.38676608864883777,0.584911766635324,0.22109728630469486,0.5642736874330323,0.542874636461044,0.2863003214449717,0.40970457676412064,0.31329295226432835,0.1741488268351884,-0.03228666800057472,0.20627583039951017,0.14430036517898143,0.37430626927029803,0.08422295598171918,0.33246885585099684,0.458590452865671,1.0,0.5362713873211612,0.34899302442544444,0.6677046204981304,0.43898060285237894,0.6487153134635149,0.22294091856841142,0.23882268045745775,0.08595919616890074,-0.10116551135990903,0.22415429358640748,0.6006253963394634,-0.18539721414357876,0.06685618070892829,-0.23475541755045812,-0.03371454811834423,0.7603813605650434,0.3152128752924712,0.10870962804224706,0.26501060549736505,-0.20013557543023333,-0.07772408213247031,-0.43340841005007547,0.08955413177057138,0.22407557236885264,0.077116179396908,-0.1844787999387724,-0.3384662482779734,-0.21369749185454068,0.38523102490651856,0.0685311932824561,0.17113555356322843,-0.2506002492838556,0.2668736743128294,0.48716188143709954,0.5373029236185519,0.4202182327086659,0.4324778213428401,0.5824757822920994,0.6608427543679343,0.2524195840895673,-0.02310467735234305,0.04883776869082242,0.19972010233758283,0.24205025037720584,0.1541798779821128,-0.11283168182605181,0.12119568782663838,0.038009227876057816,0.4286676433928845,0.400472327305329,0.4460038048588485,0.76586560538803,0.6539109138221337,0.2909404998797315,0.5056263803546828,0.15304296105819326,0.12566093022238745,0.15108351009162274,0.6550436246747283,0.45136559445452756,-0.06853345491405434,-0.18366972075834773,0.06811134678883034,-0.1403030766875861,-0.14382366447267717,0.24172661870503598,-0.0487852878791192,-0.11436443550326912,0.5828831458785775,0.23278738711158733,0.6306269270298047,-0.1425903653976515,0.10646169994095908,-0.052734468959786576,0.05901467276027202,0.1727755789289541,0.2549167960464455,-0.19234654829328027,-0.34632087642955545,0.049476285233211605,0.3863200017493604,0.09792711500641638
-0.14382382172257369,0.24499600380063605,0.4695966298538044,0.14447327247747857,0.3877330341926113,0.2310645197619187,-0.025590983786706805,0.35667966661549233,0.3028233614217128,0.5123313642076975,0.1774161453196854,0.5264355977738138,0.42479108787400244,0.718340642388134,0.16861228555288288,0.23244265085836702,0.8045863906177763,0.5362713873211612,1.0,-0.171947007442546,0.4490962903681703,0.42490963440474605,0.3948092047073326,0.36212932612303717,0.3504322564917103,0.3795984994847117,-0.33647234531557285,0.1475127894785486,0.31668705767119765,-0.050274485878849536,-0.32437113158613295,-0.3791589722061397,-0.05242182810550476,0.6774514852636676,-0.052122249811154694,-0.3156024530434777,0.09683813697293948,-0.1068860366994983,-0.009962618314298573,-0.12896517566338606,-0.22591920788888434,0.28564462360847104,0.11054657731805313,-0.43432511242412136,-0.34454346563999694,-0.28893561144056484,0.09578851959127502,-0.21228730214451708,-0.3959594104214066,-0.4881814176179009,-0.1711925949494747,0.40811310501992976,0.42996045347869993,0.28934452487883827,0.39126322821488546,0.3720631213655122,0.3589822647465188,0.2882424266280906,0.23140127200520272,0.24636269309967831,0.41732787094979235,0.4759533751215098,0.40600293674220844,0.18588962823823715,0.42249942325736833,0.1784568219117442,0.23230438029400985,0.6594308668422157,0.4923842605503157,0.552944996769477,0.5115375910628137,0.36260125801038273,0.5833226731571495,0.26818190763794286,0.34823899350460724,0.35720010190056767,0.6052312492965167,0.5202013078673026,-0.1945730348626421,-0.32850618672931525,0.26337086808839966,-0.21341126742404942,-0.024838757996513937,0.1397412474484746,-0.2679695042418171,-0.2322125387731142,0.41021497499502524,0.055437291374911636,0.24522342089999669,-0.09928943089970171,0.032892384697910254,-0.010738897836154586,0.061726248853384576,-0.02943302074417445,0.4354425175950183,-0.40363255082194954,-0.4330109039941623,-0.2752315445012081,-0.18299423038456455,-0.2959137038632522
0.6610001968030439,-0.12973256653036233,-0.10699525485994184,0.08860510375893814,0.19876232752399903,0.05915899499245588,0.3150598062583368,-0.34000568542126786,-0.3088452034724804,-0.15482276792547725,0.01935450717731709,-0.16725634689816535,-0.14377555706194922,0.016675777918698474,0.3718396711202467,0.2181194772030257,-0.21053989635039688,0.34899302442544444,-0.171947007442546,1.0,0.45686733288141523,0.007581298879647312,0.5153178369158776,-0.306289285484084,-0.06892479937023026,-0.08677264875030068,0.47284774004504604,0.22718943386324375,0.5680785462815158,0.0739585838927642,0.5185716472414773,0.11323609805164987,-0.015739870109991033,-0.05848549124226455,0.5131748704379961,0.5808794909361265,0.3044543088933109,0.10516279985130436,-0.058021910738886094,-0.14870437996107674,0.3457217204959437,-0.264993111893464,-0.23007150510594565,0.35368568367190745,0.19682053749097986,0.039001989897443745,0.49476722573309134,0.5728936607552864,0.7132798320614026,0.3257746386477444,0.5610286239093831,-0.18670048763420874,-0.13753908727121647,0.14473770527650828,-0.3024825664929637,-0.052655747742231744,-0.11667359121821085,-0.4458551092256894,-0.15949793356803918,-0.17019089895257047,-0.3531783691587763,-0.3154359187422099,-0.24336227066978636,0.0979118080862671,0.035861887997201025,0.23850342218626314,0.006560101462902626,-0.36004023528897244,-0.3136165839364982,-0.008016443987667009,0.14616780739542104,-0.28494894054361375,0.07167129518269882,-0.36739669742286224,-0.4674553366425401,-0.41650521528066303,0.0399641381120028,-0.021289715947606657,0.4415849659806339,-0.010902888631344166,-0.5535588550436247,-0.029161837703089808,0.2307974896678402,0.0003017646672935208,0.14084975180949466,0.07345564278060834,0.1742998997397772,0.1363014147952155,0.5114430036517899,-0.3134241542935864,-0.07062605234960967,-0.32949202947672257,-0.1787452712601955,0.09119415713629704,-0.4352233714548118,0.23720452209660842,0.021508385996370078,0.5080973519057095,0.6619361046117513,0.43070830586313585
