0,1,2,3,4,5,6,7,8,9,10,11,12,13,14,15,16,17,18,19,20,21,22,23,24,25,26,27,28,29,30,31,32,33,34,35,36,37,38,39,40,41,42,43,44,45,46,47,48,49,50,51,52,53,54,55,56,57,58,59,60,61,62,63,64,65,66,67,68,69,70,71,72,73,74,75,76,77,78,79,80,81,82,83,84,85,86,87,88,89,90,91,92,93,94,95,96,97,98,99
1.0,0.1664955571665262,0.2736136835268932,0.2582845971930839,0.0770506626256858,0.3097989436040246,0.33325351867846853,0.236550957283994,0.2507032983134366,0.5305034451541518,0.21457896676115115,0.3361443398838027,0.24222982465937448,-0.2781857800900179,0.07175884165979411,0.36309763956379487,0.2503577992586387,0.13195221179537286,-0.022369994904976723,0.36146854591933647,0.23101203889283548,0.2935539279198885,0.21559797030251707,0.19582142946965572,0.17032884731247996,0.24555142633176683,0.08873858951109534,0.13753049083834382,0.03216421263938053,0.2013647212665712,0.19650368076773764,0.5983037745775313,0.4985573227762298,0.20198355818117755,0.20873609666988563,0.08391034955543879,0.16756048146833993,0.5674515836652313,0.09938564582635429,0.291288503737796,0.3828964660656143,0.36616598405017176,0.39311888338227713,0.29721009513268637,0.44754154462157975,0.1041154841524798,-0.27526215834150664,0.33485892470955086,0.3218826637104368,0.1445388735638326,0.15233665602844823,0.10833156574657397,-0.15970147132312723,0.2524264201816691,0.2971357472348185,0.30467112535401797,0.044077369921272244,0.29954549380688983,0.14133098044112058,0.5300655245520701,0.4276840957822151,0.06806120150707727,0.2806983016973772,0.30753133271905364,0.08039421922595007,0.2340449957852701,0.30354934677736406,0.06558140602812303,-0.08192044993603324,0.19854627833696692,0.19136753417015495,0.043263916450482276,0.26962046491506014,0.1941945225280758,0.2634386558776321,0.3469728925379745,0.04722184866050871,0.36739888412574073,0.2805452324958845,0.11117853444993028,-0.12987703076370707,0.23955548703900856,0.13283782646115228,0.29832531360070486,0.26952424998840757,0.3340516652291092,0.1851721864515183,0.2855331017616692,0.4240869695471359,0.2559601320332728,-0.27151881987890025,0.19021253658638623,0.21513025109936607,0.2418843256045766,0.19664362975195956,0.4472638333560144,0.41026964262675786,0.3967597436749257,0.4702723210432509,0.27767220850672086
0.1664955571665262,1.0,0.6615869558803849,0.7412827185060462,0.6254050862653342,0.5796549386630513,0.758614506571035,0.6894360499442391,0.7299075025693731,0.16744239951290268,0.11251448689073058,0.15235616977542585,0.37826857055389124,0.3683453237410072,0.4452122192823249,0.5608318208654961,0.4714001443222322,0.5244101375434607,0.5065781489344492,0.5950493100959962,0.6027683628173449,0.41745424329229625,0.47889615359384224,0.08229865955260109,-0.27096280422470537,-0.10783494784719337,-0.012311123745380596,0.14091097942314842,0.16276486409656468,0.4165883098991931,0.02045439636133039,0.17541273971704097,0.24868469965668802,0.4955456911066891,0.12767269467101092,0.028763858214340382,0.11631059893726356,0.21072357919135817,0.3059500120268527,0.271006538234458,0.23050035041927405,0.027325039169331645,0.20507314513131136,-0.09587369617983425,0.030390763377140233,0.23221884498480244,-0.03191708031750891,0.22389650772630176,0.4504996610614244,0.10846034418665676,0.01848199252148433,0.7412179279026624,0.4806936213946776,0.7370536397629617,0.7928932234151889,0.5763836347335506,0.7519713104896022,0.8344230390763377,-0.050635236491657735,0.17325665303623364,0.04174411230893704,0.40598762982205916,0.5475804159104327,0.5108875817279307,0.5809063664764428,0.4002755242614419,0.4312698169731692,0.6361067984518161,0.1838402833963832,0.4459758653605969,0.49392861282095923,0.1383525398526164,0.5470162471846232,0.18523102490651855,0.03018521353130262,0.15806783144912642,0.09468413111456124,0.17401762480593033,0.02924055892064464,-0.040965646935339266,-0.0755373816448361,0.09114604972556908,0.049340709802978285,0.250232883601933,0.3417987798211279,0.4019242964291181,-0.05750147602282915,0.06957206271456999,0.2773304760446962,0.012888412674116027,-0.24273276632142204,0.18226585904528655,0.2810722278895952,-0.061559992127878244,0.0014388489208633094,0.010137543460672192,0.4180713499284714,0.41532439701734053,0.500382672585336,-0.012645702746178369
0.2736136835268932,0.6615869558803849,1.0,0.3958413284659693,0.2945707447583759,0.8553441378327671,0.5722732635122525,0.38367451365017535,0.5889884203152591,0.3017850075113326,0.4791087873751386,0.4004662050539284,0.29802136190059786,0.39815704681426656,0.513549357711004,0.31543845032759266,0.459859241935988,0.5169999748532259,0.5424734697983201,0.511894023632004,0.6074245122836198,0.5400937439527227,0.4785161908950739,0.2756338978308462,-0.03475545555036469,0.33954684956269837,0.12654449557692238,0.3978727754400658,0.16182913322387624,0.46400523059356263,0.06510907820637402,0.2112508049801234,0.13021159630411264,0.5201619472154901,0.3033897174672359,0.3143122983451818,0.25358537270725695,0.2537603089375344,0.5282286941341573,0.47165650396532094,0.27832384667697335,0.35448679120682075,0.2989179100807696,0.0874309411897717,0.019599417899705467,0.17088426984361074,0.0733748150869817,0.21792704713880548,0.6373167406322725,0.19083356020387104,0.3677815571294726,0.717761950890973,0.35378884541015815,0.42337191770587695,0.7898676935428105,0.8022728589723574,0.45653108015496024,0.6442267217282303,0.22757235526500588,0.4235577874505467,0.13631687074079427,0.1747046307857488,0.4947721400936023,0.4803092872554174,0.47380655093164575,0.4322433712838202,0.3569595645839362,0.46163921807906066,-0.02260832106047694,0.348915066180635,0.366111716707868,0.4068316971331477,0.49844142752367104,0.3115789197470972,0.08875826983700155,0.34602167678584106,0.09871870144842165,0.37643652712244746,-0.09228542157996986,0.11632821972872157,-0.22723778972460032,-0.0823556038088483,-0.1399380507075367,0.13078451245827113,0.1349370612244812,0.23135316454187643,0.153331605838151,0.3206034425265332,0.39059761496340395,0.046710160186947285,-0.11287335259091774,0.40164702460830093,0.3285502800076097,0.06160160678931192,0.13375624167010866,0.21906170766200983,0.2745911407822719,0.3366866421976627,0.662288887504373,0.14823893691136628
0.2582845971930839,0.7412827185060462,0.3958413284659693,1.0,0.6457414008003324,0.30365834991581203,0.6181233736415124,0.8561850823292734,0.7297675537381645,0.3648251348377843,-0.10618617567951717,0.01263038201657519,0.23418250202269794,0.026135444228204064,0.1964400516061315,0.6816470228072861,0.28436290481292775,0.3635651964750388,0.13832863738898452,0.6212328617349282,0.3791651177538213,0.29970042203319414,0.30551267192932585,0.020030176466729353,-0.22468347510441494,-0.22293411471430757,0.02879009862019199,0.039443703395945856,0.234965340797271,0.317832542476657,-0.051304366840873805,0.2940674815770484,0.5091338479368481,0.43372329492029477,0.14040366491001727,-0.11809931993614835,0.18380966958955633,0.31685727405917213,0.023585751459622575,0.17837353217729768,0.3375000956684527,-0.15809861811321047,0.2847433906977761,-0.14145765454505696,0.2369158776322407,0.30022523015022634,-0.1704795434169382,0.34867196067454387,0.2876866895541318,0.01625155802409744,-0.2428855699634821,0.378225250077034,0.19127069165336424,0.8828628282784107,0.5316218757516783,0.32350047014060485,0.6741116529268986,0.7582471408891124,-0.14580918851544905,0.1426559664122805,0.05831055520325381,0.3409725798394593,0.6099319936148345,0.48418359537294176,0.38206510033162316,0.28456408125779015,0.4155212000612276,0.48846078152675426,0.28831208589359514,0.4172775767835876,0.4481411911868999,-0.0831689663466795,0.45204784500666945,0.16325031160481948,-0.008453784085193851,0.17041831580328443,0.11706282390500973,0.21079355360696245,0.23271741269598303,-0.1458704161291028,0.09123789114604973,0.3290197021713936,0.2746364610439308,0.48549124226454704,0.5276158404583324,0.5531083947431721,0.02619667184185782,-0.011816929435175264,0.3760556296604054,0.08503203516214385,-0.4328862619300896,0.0448798408082045,-0.008906440823998702,0.07094531062080427,0.046965953073407535,0.003354398548030876,0.5114413761361611,0.4530537272309812,0.4037392578338545,0.011211225657903596
0.0770506626256858,0.6254050862653342,0.2945707447583759,0.6457414008003324,1.0,0.25622881633902606,0.286256587435219,0.4063108176073123,0.6943736196453172,0.1781856707548142,-0.06985196037698717,0.06979947956528394,0.2358094071854978,0.22148214559051846,0.3325490367584352,0.6827753602589053,0.16967046423651352,0.3984999234654829,0.20885636532820134,0.6611139052284009,0.522363385887035,0.13037108307275153,0.14604535216811354,0.16836281734490827,-0.133279394721305,-0.27262032319433205,0.035144650237257005,0.12695983031204217,0.09208195753427653,0.3578185475935361,0.1567383175526448,0.15641031247949969,0.12388970282740373,0.3919441954035556,0.0904944129802541,-0.08612101200498568,0.07345126937963307,0.07468456845465876,0.15491460934595788,0.1237847412039973,0.43368878188648724,-0.13369282728663312,0.18288250858279942,-0.1741619470381142,0.2741641337386018,0.34539371542279856,-0.009687083160219545,0.2244475568516756,0.10764251820428156,-0.03434869125975815,-0.09269423367081411,0.41002647003858894,0.4384553147755352,0.7740701056176336,0.3910563950055761,0.2052480811703221,0.3358028470840349,0.515405304935383,0.05280881677636614,-0.01862631475366819,-0.04125866480068225,0.3072098873959189,0.5202422864140299,0.47900548861822395,0.5964953712970386,0.5396951739520238,0.2634361811462684,0.4743084559707857,0.4746933152566093,0.5351102480926949,0.7772447076284302,-0.012967133891670857,0.4500185869541449,0.20021867004876343,0.1050053574161947,0.026327873871115872,0.287266843060506,0.12811440816951303,0.3920141698191599,0.16447486387789464,0.20097089501650958,0.39083335155583737,0.4769324965559467,0.3139314688067175,0.36404189718134305,0.43828475213749973,0.07912357044455622,0.02725066147689751,0.38862478406332684,0.2124335789726881,0.08761681093444144,0.19456386258774136,0.23838778770190683,0.12459819378539722,0.057077256128228115,-0.07407666571909645,0.35068372732273406,0.33923159344864534,0.22277229887822264,-0.16238018234925009
0.3097989436040246,0.5796549386630513,0.8553441378327671,0.30365834991581203,0.25622881633902606,1.0,0.562917933130699,0.30099932212284886,0.5634252476438302,0.38863395577854,0.6485928582362074,0.5696660908355382,0.47827075725437884,0.43745380595219874,0.49972666243904573,0.2062714569985349,0.5539918217401762,0.5350943561260414,0.6066460460588853,0.5050971988366754,0.6339332181671077,0.6287813518182415,0.5841114342568499,0.33500688810653606,0.16827972272637817,0.4329273359427959,0.1573068596794297,0.5531390085499989,0.22271544466554416,0.505237147667884,0.13783210513655944,0.21543373204172225,0.062924493232162,0.5497058887844132,0.2735387373991384,0.3455730248627845,0.2152194353939341,0.21616846340556733,0.6487721676761934,0.5942183639106952,0.29067622693182504,0.462763183358593,0.33108832083269557,0.24537403511840983,0.027757975990028647,0.14083663160656884,0.019054908049244496,0.26809195960301124,0.7313419780892612,0.2633224727209114,0.4279985130436684,0.6826864519547191,0.29485032035162145,0.36674465898405895,0.8519166429774114,0.8832214471583827,0.38247578229209944,0.6673372548162079,0.35016946928779163,0.5823445802628414,0.360407600970895,0.30317979399090306,0.5257658918457939,0.5511797249130787,0.5315984032698758,0.4624259255209814,0.36381448033062913,0.5177888084669043,0.029279919529422056,0.4522363957016498,0.3948708641212654,0.5370448929610111,0.5603463733572412,0.2589753121514946,0.23819728411799435,0.5152653561041745,0.11083072751525223,0.46046226848308586,-0.06006428899433645,0.21943102053311758,-0.318663488661958,-0.07604469615796725,-0.1295707506942774,0.025466313878987994,0.01304148170825042,0.1947256784238263,0.1663641730992106,0.4644201963657038,0.4574271282062496,0.023786927904484924,-0.03240693665889044,0.5130218014038617,0.5279225557311717,0.17610811047210864,0.1539699547352999,0.36712077146793204,0.24279618070489759,0.3413701865255516,0.7693074719555663,0.23069059356970073
0.33325351867846853,0.758614506571035,0.5722732635122525,0.6181233736415124,0.286256587435219,0.562917933130699,1.0,0.7057794493888172,0.6557871028405239,0.3532181159588781,0.22227810456801733,0.1797424066825567,0.3177232074522753,0.0073166998316240624,0.10667162318777197,0.46646257462115415,0.4341912488246485,0.3293170934377118,0.2863662355583653,0.3985305372723098,0.3547921541186504,0.42238306619142374,0.4021867004876342,0.060755286348428854,-0.20468828584548773,-0.042041503575255296,-0.058279941396426935,0.1884935820340688,0.22048938356913253,0.1765585707725613,0.034921606787518315,0.3133148192692047,0.4805842863702959,0.4267258533598653,0.12762896066125823,-0.02341081542061184,0.2410006341431414,0.40026677745949135,0.18154424788436727,0.3935186197546522,0.13694664116979297,0.20427522279781163,0.26480068225055214,0.06827753602589054,0.044984802431610946,0.07864249633727668,-0.22448667206052786,0.21680503029143122,0.4311910957556144,0.08511075637969867,-0.09419868360630644,0.5189920611755099,0.23552950952308063,0.5247075288097789,0.7147361745861669,0.6173624018718156,0.6971769696704643,0.7537687782904375,-0.0253132448448536,0.39632634318077453,0.2333428090354464,0.32389224365574854,0.4306881546434585,0.295576304913516,0.28979935907755955,0.11932824561019877,0.5082635411427697,0.3534320264153419,0.06533423716953489,0.35448203022263236,0.24149754323720732,0.11598259386411844,0.319201416981916,0.1812118694102469,0.042128971594760665,0.3922459600708491,0.04542651593011305,0.1491111062517767,0.0017974678008353196,-0.15382563250311604,-0.039229406748157704,0.12894535435481402,0.05938203844219457,0.31735146836937744,0.23953117141545122,0.41735802847084036,0.046742909623668845,0.1789114604972557,0.29736502591240077,0.1012660995823402,-0.47759996238899594,0.08685574336883077,0.14179237474847725,0.10918195534757605,0.007242352015044499,0.16642540071286435,0.4822751331431598,0.47784653735977783,0.5679910782620105,0.14665560195018928
0.236550957283994,0.6894360499442391,0.38367451365017535,0.8561850823292734,0.4063108176073123,0.30099932212284886,0.7057794493888172,1.0,0.6393518619754652,0.2855046746242491,-0.09363451488049682,-0.0397279744593383,0.14831514727427783,-0.053276770680719863,0.06481380245347795,0.5340141260851501,0.3475541755045811,0.4160547549802104,0.17981039099351567,0.4748332640878179,0.2723491723338654,0.3348450722704511,0.3561741488268352,-0.03365769390566574,-0.297955435044062,-0.236089304847915,-0.12575277164286808,-0.014943911132492183,0.21274846384290744,0.16813540049419431,-0.029992783888390807,0.26397848286720166,0.507436968358444,0.4726728040060353,0.14360936782488903,-0.10510594563862588,0.10415691762699263,0.2640222168769544,-0.08048807154883995,0.17342284227329383,0.20322341871326868,-0.090822517354275,0.231348538190724,-0.15365944326605585,0.14262535260545364,0.06923531083947432,-0.1987010999103453,0.2727540101399043,0.2724672541601977,-0.050858279941396425,-0.33101834641709127,0.3357397998512862,0.09325840239662374,0.7097723644792373,0.5441779099516739,0.30961054864315235,0.7737202335396121,0.7656906693490193,-0.18119874920732107,0.20060352933458706,0.15445102884257944,0.22609414411916176,0.45244582449541887,0.427600533554919,0.25804624657933095,0.10068006385165423,0.3665740963460235,0.4174586166932715,0.19051846668561806,0.38845464614250563,0.24734697983260867,-0.14707310139730162,0.3554744046707922,0.05401587544554023,-0.03726574971026218,0.12630819356672718,0.004941943102053312,0.1230368896372264,0.1924952439264394,-0.2373182305219654,0.10069318405458004,0.2026415341890621,0.1780499005051278,0.4010146290262623,0.38135619164243073,0.402313529115917,-0.0729483282674772,-0.056399378977061515,0.2959043099866611,0.01287966587216549,-0.5727718317685431,-0.01854759353611336,-0.10415484480429221,0.041053114954844636,0.002007391047648204,-0.022627976646038793,0.3563232340463021,0.29803415626161683,0.37383394196496905,-0.008340084778475584
0.2507032983134366,0.7299075025693731,0.5889884203152591,0.7297675537381645,0.6943736196453172,0.5634252476438302,0.6557871028405239,0.6393518619754652,1.0,0.34575271233178956,0.1218998053836566,0.19504056329404562,0.2751656425619383,0.09352955325709038,0.21655332269139096,0.6303339091644617,0.36443112986814197,0.47796461918611005,0.26136784825172327,0.6637423192145372,0.5034046926592465,0.3385712099013798,0.27818766263584876,0.17178281690756816,-0.16535829087489887,-0.08312960573790208,0.1132186044477488,0.2559270516717325,0.2749863331219523,0.25845487743543766,0.17819422273731167,0.3602589053377359,0.35013010867901423,0.5759375478340731,0.3179812381098161,0.06421901992084145,0.23940434278716843,0.24462618355163893,0.14725241083728763,0.3412695983031204,0.4910525584973289,0.1580002164836794,0.37905578272943957,0.004631431632809254,0.2926942336708141,0.2119218910585817,0.0009227876057816361,0.41566597676215694,0.4261529378321051,0.1596641228050994,0.003341278345105071,0.46102475457021125,0.3713760906168682,0.7916555509391878,0.6370908136712514,0.5787846318689729,0.5834554241105596,0.8116901008068925,0.11788939668933546,0.307388860947716,0.0953532614637773,0.28652149146273653,0.5266536922437733,0.44025715597734577,0.5291820965891691,0.4147864686973825,0.534158448317334,0.432472502241368,0.36097176969670464,0.5189592606323329,0.5955644870331683,0.05630316415560561,0.41475585489055566,0.24772255144212899,0.06579344427193808,0.22052437077693468,0.2783407316699832,0.21406485753646323,0.24034462399685116,0.12926023922503335,0.060834007565983686,0.3894601036496031,0.35165642561938293,0.30802737749010517,0.2993592967571232,0.40263716078808687,0.12249896131726837,0.134224049331963,0.5109094487328071,0.1939778268570554,-0.150694442166719,0.18172793072532856,0.11213412360782063,0.291535282412368,0.04863659224596007,0.11961251667359121,0.36467425233917006,0.46965953073407535,0.5335243051759201,0.08773707959275716
0.5305034451541518,0.16744239951290268,0.3017850075113326,0.3648251348377843,0.1781856707548142,0.38863395577854,0.3532181159588781,0.2855046746242491,0.34575271233178956,1.0,0.46943700054367626,0.5883367828574758,0.3713786833645518,-0.2444449546752622,0.0557171893433555,0.47494530509453625,0.3589997583695465,0.12084157446987878,0.09783756715918558,0.44581186264471184,0.24879430670053435,0.4202230655608835,0.3325384668372096,0.5329978931120952,0.29083148283619625,0.3059131725889876,0.004605196262052852,0.2800772780798924,0.26958766437188314,0.27187932898851724,0.08058000107153257,0.64197223106053,0.5556608817445338,0.3319065097053324,0.35786923298137874,-0.11474723354758946,0.12917509913971897,0.43815184246143973,0.2520131333376387,0.6722886797676054,0.31717503919669193,0.33281435528275194,0.6505550398585156,0.13062488314814302,0.43433167253275673,0.033712398277335624,-0.36401168136699436,0.2688969602610051,0.20278170473181822,-0.17159494827911273,-0.08580403424819177,0.0712844050740309,-0.27308201557167444,0.39705057515776193,0.34703849362432854,0.3414099204151528,0.08143281519413495,0.32735379431236283,0.4710682808910131,0.7111923106784233,0.652820464040608,0.2536107970759377,0.5312878914611335,0.4429407217652839,0.15425346975458606,0.2571540718049161,0.19317114558095294,0.1889027015621841,0.1572786045337851,0.19797336155640935,0.27072096844925037,0.25521446635171535,0.37927268075582,0.42272465365385054,0.4851790745657648,0.688297531540867,0.19861166234258043,0.4987891132813474,0.26879389122699937,-0.01917957094703968,0.2056419120968539,0.16314771505959225,0.3286701894452003,0.5697191945502023,0.288179012244615,0.5585691965728958,0.21223482127543383,0.4377538625375586,0.34593420867070235,0.24139450415979985,-0.4654008558764424,0.21688375159505605,0.0667120043559169,0.3240737399946613,0.47556632871202104,0.2573661819841275,0.35042389281645453,0.38438737878855583,0.4731106613795019,-0.01129651942122285
0.21457896676115115,0.11251448689073058,0.4791087873751386,-0.10618617567951717,-0.06985196037698717,0.6485928582362074,0.22227810456801733,-0.09363451488049682,0.1218998053836566,0.46943700054367626,1.0,0.7731254510069756,0.4988913428527695,0.3399138440007872,0.40860247971835295,-0.07795587238415955,0.45196037698716407,0.22688329579497496,0.5048856409065152,0.17274496512212723,0.46492751087883494,0.39773457829481096,0.4090573134197809,0.466200170562638,0.4055498458376156,0.5998250639609892,-0.028785725219216723,0.5289759681616409,0.17247381426166059,0.3636701580984453,0.13320942030570074,0.18217401762480592,-0.03607618464498918,0.26305569526142003,0.18719468194441408,0.11254072729658218,0.08253919660624084,0.24152106885919836,0.5885985436574752,0.5510572696857712,0.07891154677526177,0.541189282094835,0.26566224224268004,0.38108941418293935,-0.11390522840086593,-0.08202750869213443,-0.1517832542476657,0.03210735836454037,0.5224945879162931,0.0785156677089939,0.4226410968489646,0.369270701789709,0.046519866173930155,0.013150816732632131,0.4582843147974022,0.6214121711749142,0.058826616518335484,0.25428702630600686,0.5768428418359537,0.7563315912619448,0.5795018696289169,0.2505196152716453,0.3490498786381229,0.33524305175920055,0.35268456045653196,0.32330366709671776,0.09275983468544313,0.3365069646410531,-0.12729658218713782,0.03584006017808464,0.16906511789661882,0.6133170059696923,0.31453937154227984,0.3197349719008987,0.5128075047560735,0.6923268679888915,0.11854103343465046,0.4262272856486847,-0.08776103737071134,0.1435306466073342,-0.2042509457479609,-0.33274583980232225,-0.16941680697994796,-0.0031707157070696027,-0.2204237825545035,0.005068771730336096,0.07392359668496207,0.4428855699634821,0.12538540596094552,-0.09203385012354857,-0.028016037278927416,0.42587304016968797,0.38520520566510275,0.13899105639500559,0.27582165270822856,0.42257549583433557,-0.0012835945896605054,0.05915462159148061,0.5745642999278389,0.07597480480947973
0.3361443398838027,0.15235616977542585,0.4004662050539284,0.01263038201657519,0.06979947956528394,0.5696660908355382,0.1797424066825567,-0.0397279744593383,0.19504056329404562,0.5883367828574758,0.7731254510069756,1.0,0.5864993111893464,0.2669349019264831,0.5129562003892327,0.12369727318449192,0.5215674269095362,0.25772451947256786,0.3966351016108531,0.34021123526710545,0.529352080645514,0.3696048632218845,0.478843672782139,0.6721742362948547,0.47353873739913843,0.5862675209376572,0.16269926308193566,0.5250399072838994,0.3377315169141283,0.4045964444250071,0.20635017821608975,0.42118912772517547,0.019033041044368152,0.30486103518401086,0.3219304191904835,0.14993330563512716,0.1270910323413002,0.22921431851479304,0.5083859963700772,0.6807154883995539,0.1917410418984351,0.5547337197240635,0.4379348800594782,0.3302879884542214,0.17467800835319586,-0.05715597734578295,-0.10618617567951717,0.13896934133237554,0.4033019177363277,0.08922175329645099,0.4933677374210054,0.3627171532629415,0.16469790732763334,0.18739585838927642,0.42249240121580545,0.4895628785725219,0.09865080579912969,0.3260982703199143,0.6759834685443135,0.7607181124401391,0.5709824845290941,0.3121234087638357,0.44950252563906323,0.35410115676455794,0.42891302279991395,0.5524042771861538,0.23767684940193742,0.401075856639916,0.14103343465045592,0.223948988595385,0.35653573404501077,0.6492532417834729,0.4139292821062299,0.43853403599309004,0.6223699459884979,0.6909361264787562,0.30474732675865385,0.49505587019745906,0.20632393781023814,0.3637751197218517,-0.14967527497758631,-0.14363560823074065,0.05040781964094378,0.06857492729220879,0.0007478515667708994,0.07775906934027246,0.2620366928341825,0.5645317180905731,0.25897968555246986,0.029192451509916686,-0.017657625743626202,0.5130305482058123,0.4283772805946894,0.3023856902320089,0.4849227001377621,0.418639434956594,0.056228877816916926,0.181246856618049,0.5349281668889813,0.13843141242427248
0.24222982465937448,0.37826857055389124,0.29802136190059786,0.23418250202269794,0.2358094071854978,0.47827075725437884,0.3177232074522753,0.14831514727427783,0.2751656425619383,0.3713786833645518,0.4988913428527695,0.5864993111893464,1.0,0.410036955238241,0.510598937263563,0.20244035774419977,0.5724082132470315,0.2464411449563753,0.39135858756511066,0.3997900767531871,0.5913013054601911,0.3898799501432289,0.5877413570663226,0.4045570838162297,0.11915330957118804,0.24668168201001509,0.17147667883929937,0.5734140954713433,0.47942096171087445,0.49329338960442587,0.21996457545210032,0.19802322275917866,0.06740285583083686,0.28788786599899413,0.11479302879884543,-0.017178719030854345,0.20255406616955676,0.2215739870109991,0.3533751722026634,0.3861275721064486,0.1167721204130505,0.36487761570686755,0.32751087883492597,0.3735103102927992,0.17904266252651374,0.18685793006931842,-0.17735015634908485,0.12530244834195278,0.4281647022807286,0.08407426034856005,0.2756860772779952,0.435529985710157,0.15292908530318602,0.3327589600052481,0.4036955238241018,0.410264372088955,0.22906124948065865,0.4203100741291465,0.23038638997616495,0.44739454636898385,0.5754608471277689,0.8112230338539255,0.6142179265705976,0.3743281362751744,0.48352155378388634,0.49296538453128075,0.16392818875598608,0.5875533008243861,0.10919944895147711,0.2534191832884934,0.4012232429286078,0.37549583433557104,0.37481795718440447,0.17169972228903807,0.514867376615425,0.4308455970785681,0.3185891408453784,0.4197327852004111,0.11610504909142595,0.2106492313747786,-0.1332444075135029,-0.05688482648531631,0.047363932562156964,0.0028951914456276924,0.1822877260501629,0.1010036955238241,0.17016465854671886,0.39883230193960334,0.14036867770221512,-0.149605300561982,-0.028713595497158597,0.2295948043996414,0.3719844000618874,0.07100216483348276,0.3135247425160176,0.4023441429227439,0.13561712581968463,0.1686908224180534,0.42192823248999584,0.06397199270957084
-0.2781857800900179,0.3683453237410072,0.39815704681426656,0.026135444228204064,0.22148214559051846,0.43745380595219874,0.0073166998316240624,-0.053276770680719863,0.09352955325709038,-0.2444449546752622,0.3399138440007872,0.2669349019264831,0.410036955238241,1.0,0.8082394874374057,-0.12914653079967636,0.3855590299796637,0.4253307384487547,0.674385727828056,0.1617239946644508,0.6085193850998228,0.19998250639609894,0.42797664603879204,0.16271238328486148,0.0035905622006953707,0.1803940434278717,0.08785287879119197,0.38884345411209026,0.17712711289934618,0.5189696267302267,0.13803328158142178,-0.3341846887231856,-0.5222146902538759,0.21720933283768123,-0.03239815442478844,0.229800354245479,0.0403796112046533,-0.23847280837943627,0.418280816076622,0.040751350287551114,-0.061503205159780874,0.04366626978012032,-0.16182020948590672,0.06877610373707113,-0.3668671142113665,0.21557368087293083,0.26990006778771514,-0.0751176172811204,0.39421836391069515,0.16916752312435765,0.529776300540115,0.6771016128031128,0.6209660842754368,0.16456670529837528,0.4066913034921607,0.41658393649821784,0.27381426166058037,0.2939231593448645,0.16314534998141306,-0.05657431501607225,-0.07979707419474755,0.39722332468516086,0.36991537469112856,0.43019396033325313,0.6334419031316278,0.5283724388270539,0.10597187903172903,0.6571822177516345,0.058105005357416195,0.2152240441102991,0.4089357524134603,0.5082066869300912,0.4313704051956004,0.04656360018368284,0.18795565371411077,0.04728083794362686,0.11797249130786557,0.13225601889309221,-0.17119240777590694,0.25482932802694014,-0.36816164090004594,-0.4120355994839387,-0.37858345542411054,-0.33657256565568217,-0.1338348166451641,-0.2669261551245326,-0.06815508079858301,0.10625615009512147,-0.020966084275436794,-0.29889134285276947,0.4031536628915651,0.426052349609674,0.46705786781190345,-0.1794100282084363,0.09935492335614791,0.12037786184426319,-0.17064154582410085,-0.16609302223874395,0.23408191380026677,-0.07474369108890244
0.07175884165979411,0.4452122192823249,0.513549357711004,0.1964400516061315,0.3325490367584352,0.49972666243904573,0.10667162318777197,0.06481380245347795,0.21655332269139096,0.0557171893433555,0.40860247971835295,0.5129562003892327,0.510598937263563,0.8082394874374057,1.0,0.146215914806149,0.5213137696529706,0.5413526929216506,0.5902567079847704,0.4435284599068466,0.774061358815683,0.33443834597975114,0.5895213312632569,0.4136012770330848,0.0394655704008222,0.3202379130130546,0.19712667555924865,0.5135116223130918,0.32315497146355865,0.7164111871596948,0.14398110690778684,-0.08130152413023987,-0.2581224989613173,0.38358225273884233,0.176847215236929,0.23557761693380858,0.2636198639872297,-0.006756904506789705,0.44513787146574535,0.2609433425903654,0.2343292671594709,0.22765763667726613,0.1317049703702084,0.1571144300365179,-0.09431676543263869,0.3052808816776366,0.20723797861406923,0.12477763965112054,0.4889549758369596,0.23550326911722902,0.5330738448754674,0.7131209826172317,0.5800704117557018,0.35367693686995694,0.4868251295620039,0.45945638625877416,0.2783101178631563,0.4034418665675362,0.27948218932452823,0.18736524458244955,0.1038157923509217,0.4462492032204054,0.5161750235070303,0.5249699328682951,0.6732333354111035,0.7945507423848156,0.3316524895585052,0.6756335964662921,0.19876232752399903,0.41828346010768275,0.5742703511206381,0.6439570532024229,0.6259780017930944,0.31539218473245717,0.3952898471496359,0.22282477968992587,0.3536506964641053,0.37411383962738626,0.02456976667905797,0.21020314447530122,-0.24513787146574534,-0.19410028208436292,-0.1668365004045396,-0.06341431414139205,0.14525376659158995,0.0025015853578535347,0.18369596116419934,0.29265049966106144,0.20877741575736372,-0.06167807395421049,0.24942626383241148,0.4146902538759266,0.5272556113532392,-0.06291137302923619,0.35213312632568716,0.291845793881612,0.1243752863214825,0.15754739673306947,0.42317465176794733,0.05866486482352987
0.36309763956379487,0.5608318208654961,0.31543845032759266,0.6816470228072861,0.6827753602589053,0.2062714569985349,0.46646257462115415,0.5340141260851501,0.6303339091644617,0.47494530509453625,-0.07795587238415955,0.12369727318449192,0.20244035774419977,-0.12914653079967636,0.146215914806149,1.0,0.3474448404801994,0.45234523627298767,0.12723112028076122,0.7499989066497562,0.47943408191380027,0.2838074828890687,0.12823686339682053,0.33557105683234567,-0.17620432529356453,-0.21081104721086352,0.04233014803962301,0.04225580022304345,0.11217336161465964,0.23756314097658043,0.15962476219632196,0.42208130152413026,0.649288228991275,0.5722157836041197,0.38876473289453545,-0.05321116966609084,0.19037851785440948,0.3637619995189259,0.03426997004220332,0.37235135903435307,0.5830449618915841,0.06291800192214944,0.5350025147055608,-0.16087118147427346,0.496000524808117,0.25520544051081323,-0.16778990181714812,0.44764869306262467,0.07890490039579279,-0.0508757735452975,-0.3088801906802825,0.18065664500748263,0.07699809757057575,0.6737749010518029,0.3493035358946885,0.18458376156217882,0.32773829568563995,0.49476722573309134,-0.010964116244997922,0.22537884585948262,0.17200586035730686,0.2463014654190812,0.44524720649012706,0.43717390828978153,0.348322088213989,0.4153550108241674,0.4086505871290809,0.28137587194681946,0.4268526819881481,0.5156857664232669,0.6319840632935083,-0.0755373816448361,0.44131551901336075,0.4006079027355623,0.18276442675646717,0.1541929981850386,0.30397760818700664,0.21902429424241762,0.4266471321423105,-0.09934180315322211,0.395014322888194,0.4294592289694081,0.5212875292471191,0.6850888893748224,0.5862500273337561,0.6900570728827272,0.22389188952789135,0.07797336598806062,0.48418359537294176,0.39575342765301436,-0.3170216232116032,0.058323675406179616,-0.017885042842986837,0.2481598915396558,0.24852288382060309,-0.04079071089632853,0.5233917073669868,0.5787015372504428,0.3193763530209267,-0.03374301211763417
0.2503577992586387,0.4714001443222322,0.459859241935988,0.28436290481292775,0.16967046423651352,0.5539918217401762,0.4341912488246485,0.3475541755045811,0.36443112986814197,0.3589997583695465,0.45196037698716407,0.5215674269095362,0.5724082132470315,0.3855590299796637,0.5213137696529706,0.3474448404801994,1.0,0.6668999147186809,0.6713352773125936,0.5270866589403249,0.7113599090332597,0.6465286129758807,0.6603398132557784,0.5926264459556975,0.0005204347160569417,0.30099932212284886,0.1064179659312064,0.4428637029586058,0.47205615446852245,0.473792394655704,0.2867420349434738,0.18433447770658853,0.14387177188340514,0.7165861231987055,0.5409503400319259,0.24013470075003826,0.2307843694649144,0.1612123067503444,0.32591021407797777,0.5283287048173012,0.3002539855395133,0.41623451951055856,0.48937919573156063,0.21164199339616452,0.10612494806586342,0.1018477619120509,0.10295423235879382,0.3557984253554699,0.5137783997725831,0.1609061686820756,0.18051649865517921,0.46382154755177135,0.24825610636111173,0.37516345586145067,0.6052349609673963,0.48618223961863943,0.36267302267608403,0.5206621329076556,0.29254991143863024,0.5264000349872078,0.3803371892151932,0.4216815963808214,0.43099866611270254,0.574695501957097,0.5503187666124374,0.5584395705320242,0.42027946032231966,0.6630644420633706,0.23302355076425182,0.417690863627618,0.4726782110138152,0.47671819990815856,0.6394874374056986,0.34069668277536025,0.5716647350812359,0.4116594870000656,0.37113555356322847,0.40596094552929085,0.13742537884585948,0.09905753208982966,-0.006319564409262863,-0.18704598631125494,0.007854628151582077,0.24635367693686996,0.20043296669655158,0.1885635564496731,0.1357897268811091,0.32466816820100153,0.28754236732194793,0.030578819619076776,-0.13137929564121434,0.258590452865671,0.4325998038530104,0.11833111018783757,0.4895672519734972,0.2973868929172771,0.20138658829535588,0.22579431895213312,0.528700443900199,0.070145054935485
0.13195221179537286,0.5244101375434607,0.5169999748532259,0.3635651964750388,0.3984999234654829,0.5350943561260414,0.3293170934377118,0.4160547549802104,0.47796461918611005,0.12084157446987878,0.22688329579497496,0.25772451947256786,0.2464411449563753,0.4253307384487547,0.5413526929216506,0.45234523627298767,0.6668999147186809,1.0,0.6560830247352818,0.6966652817563578,0.7291771446065033,0.6072117382082176,0.4834444906081214,0.3812818438258512,-0.1347488574489952,0.15881130961492204,0.1766241717871903,0.3391003914193873,0.19087708556559008,0.5557586757341847,0.23423498283440117,-0.049974852944392203,0.06889855896437865,0.8924405764142486,0.5044761758981873,0.39031729024075573,0.2229035009074807,0.0013295138964815989,0.3261070171218648,0.3923990291049835,0.5127796382977834,0.2261247579594603,0.3213968642715007,-0.07438717718834051,0.1177450744571516,0.15581990334783843,0.3031597822046314,0.5563037723908033,0.4007697185716472,0.22781045680173187,0.10712645688919989,0.42188933315427585,0.3652183420436903,0.4409743937372898,0.5990334783844656,0.42155212000612274,0.37206271456998535,0.5089982725066148,0.10126172618136493,0.22805099385537164,0.09140408038310993,0.1945793822346861,0.3073451269379633,0.5185803940434278,0.4892332217024438,0.5439373728980341,0.40614900177122737,0.5303885766766526,0.3693730729701953,0.6789275097066332,0.538012591050227,0.3498895716253745,0.7043887078786819,0.299486125385406,0.19260020554984583,0.10558264634493013,0.2959130567886117,0.39401281406485755,0.16496905818809998,0.01776912816251558,0.0908530318602261,0.022295598171918393,0.11636745314994205,0.2455008637466926,0.27358247140889114,0.28655397870153726,0.20930222387439593,0.20527869497714898,0.47428221556493405,0.1202247928101288,0.010732337727519182,0.2528044433753909,0.25577426228860306,0.10532024228641403,0.24557521156327217,0.043454112090267,0.17140689183156452,0.4074610220638079,0.443161094224924,0.07815494757931196
-0.022369994904976723,0.5065781489344492,0.5424734697983201,0.13832863738898452,0.20885636532820134,0.6066460460588853,0.2863662355583653,0.17981039099351567,0.26136784825172327,0.09783756715918558,0.5048856409065152,0.3966351016108531,0.39135858756511066,0.674385727828056,0.5902567079847704,0.12723112028076122,0.6713352773125936,0.6560830247352818,1.0,0.39823795482076985,0.699075790028834,0.48547427945435795,0.5964888111884031,0.3242596097393311,-0.10419420545610462,0.26492342713211164,-0.16599917561311403,0.2750566082709307,0.13773822761179824,0.5254537681813818,0.03435528892360511,-0.11767960210761458,-0.15246785820115627,0.5698985041862367,0.24299517066683815,0.1531020020359119,-0.08143500189701343,-0.05931650228131323,0.5138751764398957,0.3318562155391277,0.1273296611262844,0.1283858397713581,0.103966788356744,0.008504087494360657,-0.2040674860243572,-0.04202842932414806,0.18442870747283932,0.15587491171177476,0.4378391439498188,0.08167553921364486,0.2989769510584882,0.5684952625030341,0.3848881337477249,0.2821808862489783,0.6517708466589436,0.49900122346055875,0.3711709465910974,0.44041945334641064,0.24319853403453565,0.287673883879689,0.16643651618880756,0.287177816312384,0.32225002979401934,0.4874335652334649,0.541946473828418,0.41474100144456516,0.21427720176392262,0.6440408519835604,0.07156422510361049,0.2850588989064287,0.3217805923136962,0.5243800970680542,0.6140589688168906,0.274291262263467,0.2379307668003071,0.20782205486668615,2.405373166314405e-05,0.33610060582623336,-0.2152393510304484,0.0698673436699196,-0.1814919655070573,-0.3515605951769996,-0.2667777511730522,0.06723674010712302,-0.013588171686797922,0.08950393551855902,-0.17764992854958964,0.0774967500128932,0.06191649200381126,-0.17004457593827918,0.0780413243561793,0.31408050784006425,0.4578610961078833,-0.20835561036903225,0.15885303060628178,0.04745801257138321,0.03214675416403351,0.08415744698070564,0.41492468448635644,-0.09882158453037224
0.36146854591933647,0.5950493100959962,0.511894023632004,0.6212328617349282,0.6611139052284009,0.5050971988366754,0.3985305372723098,0.4748332640878179,0.6637423192145372,0.44581186264471184,0.17274496512212723,0.34021123526710545,0.3997900767531871,0.1617239946644508,0.4435284599068466,0.7499989066497562,0.5270866589403249,0.6966652817563578,0.39823795482076985,1.0,0.7630403883580066,0.5227176313660318,0.46409219129255863,0.44382147777218955,-0.11131180162253176,0.11095755614353502,0.29188952789136474,0.43781242483217075,0.3254160197677724,0.6382585117316482,0.1866217664166539,0.31554088036561634,0.35721939165992433,0.7278651243139227,0.4731188909055127,0.17004220331941133,0.3675974721742363,0.2672016793859745,0.2989919310752006,0.4367846756029827,0.721076207689097,0.2674140817106863,0.5406223349587806,0.03915943233255341,0.43328595482276794,0.4320439089457917,0.05123876582624478,0.642855659023431,0.40017930943998603,0.1942795915243489,0.009236622859766898,0.39332443345285306,0.19048347947781594,0.7129955609980101,0.590566574096346,0.45532352233714546,0.3183092431829612,0.5607924602567186,0.11694911547965275,0.34056985414707747,0.2440051606131508,0.37923550680688606,0.5925914587478953,0.5577441997769566,0.4378916248189021,0.6040016618923706,0.5355010824167413,0.48553934967527496,0.359690363210951,0.5954894879729434,0.6809028468732181,0.28498830115239115,0.703772058341169,0.5050228510200958,0.25559029979663683,0.29587806958080953,0.45910651418075266,0.5995714067044237,0.31772758085325054,0.039316874767663074,0.20068225055214187,0.3938684918326737,0.3698279066716232,0.4927423410815421,0.6036430430123986,0.5695873696179834,0.341929981850386,0.3595416675777919,0.6304738579956704,0.3714460650324725,-0.13933670741595808,0.23120421595854015,0.22453939837257125,0.2721917298987558,0.3761562178828366,0.1596597494041241,0.575548944424197,0.6547724738142616,0.5714504384334478,0.12619462311636756
