0,1,2,3,4,5,6,7,8,9,10,11,12,13,14,15,16,17,18,19,20,21,22,23,24,25,26,27,28,29,30,31,32,33,34,35,36,37,38,39,40,41,42,43,44,45,46,47,48,49,50,51,52,53,54,55,56,57,58,59,60,61,62,63,64,65,66,67,68,69,70,71,72,73,74,75,76,77,78,79,80,81,82,83,84,85,86,87,88,89,90,91,92,93,94,95,96,97,98,99
1.0,0.3038970325350404,0.1883429056252964,0.48409884334380177,0.3396365043807156,0.18463425754341528,0.49723874094051385,0.3465399253680379,0.38425836331872626,0.3407079887911647,0.2831321020011117,-0.29308816020677486,-0.34852982498744345,-0.29076588174984225,-0.27083656783487753,0.5455648745546487,-0.014412558671980222,-0.020511273000026472,-0.08119674005978453,0.08861623103853193,-0.05444234156520886,-0.42509722627698787,-0.16656115825288023,-0.0022807311022417496,0.2998253917753337,-0.09651023706071825,-0.12782604322241636,-0.43666051109832477,0.09064976782687606,-0.6476357915157612,-0.015306920149273488,0.43413486927369466,0.6538657080165156,0.016245015684136107,-0.33688563215960327,0.02772520579609122,0.11553019949312172,0.4920781221473302,0.3878930876059732,0.2926005254648766,0.15083220444806247,0.26718229120556874,0.23070371378697155,0.22214495872064918,0.15829979477802947,-0.34922738320567465,-0.42637035352464087,-0.2500844613988302,0.39166253926521766,0.2399928276147021,0.045925133853577396,0.15449055836373884,-0.1502439813737547,0.16809403697068603,0.10055115846057754,0.15996168896566487,-0.1944306864389503,0.2559185846785819,-0.314163602549446,0.43979842972892585,0.29847619609931914,-0.2543660256348699,-0.10144989334362774,-0.1231158800723362,-0.1814307378264602,-0.30241696533416135,0.12875525218705317,-0.24053294322568358,-0.20671776991305998,-0.09600937658200025,-0.09345749432282852,-0.349304299718571,-0.3045202428554037,0.13683074591723418,0.11755277334066346,0.19761233912712073,-0.015497163299700172,-0.4571827176127436,0.10891529697071627,0.18234696633253814,0.07931827351065675,0.009490290492549562,0.36504380512563106,0.4083361487135334,0.3533230776970445,-0.04799162054540803,0.12490665512095013,-0.29684054234622537,0.14232811695370182,0.009704587374639391,-0.3321929677824117,-0.047910712450443795,0.02996876294939902,0.3279288971693998,0.19289562101826602,0.009617129774397618,0.030084658201957805,-0.326461619537948,0.4260899893838122,0.31125966112684095
0.3038970325350404,1.0,0.7378452253394853,0.4930965865605388,0.8080208173886423,0.5837440685749273,0.7158907524436378,0.6414073604338414,0.678616255931425,0.16612363604557084,-0.15190133607399794,-0.2691915768297216,-0.37505412083706896,-0.3672913341059675,-0.27858813341965594,0.7312720036736569,-0.11478865539787016,0.2866458201220179,-0.17326121587250506,0.273851734984895,-0.13979138877347969,-0.2340512999934399,0.010211891277251755,0.13054601911176225,-0.029328026940150007,-0.2884348564813957,0.0799371104252631,-0.22815595547877807,0.004491482801600665,-0.2484791498108504,0.11322297784872407,0.3315125407272966,0.5949837090813671,0.23353086527738295,0.07450525901467275,0.42156524020904856,0.25470715128391086,0.3370492663619864,0.1292800608778854,0.20918414204806368,0.4397673350681157,0.15231680916664844,0.482526076403315,-0.01216242811222147,0.2647263344339726,-0.0423870022523015,-0.03362055675643998,-0.07748791847980582,0.608178259823752,0.46910410881021625,0.07584351971310489,0.7199448951477116,0.4637117054077103,0.671072139249087,0.7672082394874374,0.4448054929916249,0.48812402965165863,0.5131136428243424,-0.23947869060374802,0.04935820340687936,0.045391528722310906,-0.24314360062102294,-0.0402265421705189,-0.24335597664178532,-0.14290525026787082,-0.19099537621687765,0.37297675537381647,-0.2879141064048457,0.17368087293083467,0.3468981653582909,0.11387024119306378,0.08082928519967789,0.16947803459360172,0.1369530515405305,0.17257440248409175,0.2134044739891977,0.09374384990487852,0.03409066060221731,0.1252935645404649,0.28885876101550373,0.2636198639872297,0.5083160219544729,0.5457873215105727,0.45562091360346374,0.20761409109794232,0.5703358447619301,0.2563337779624325,-0.03437055826463449,0.45201723119984255,0.21562616168463405,-0.0039360608777415755,-0.2383571738616083,-0.02481905053464827,0.3156633355929238,0.26006866239531173,-0.04676701446178744,0.1765279569657344,0.03422623603245063,0.47680566792766393,0.3613741225864293
0.1883429056252964,0.7378452253394853,1.0,0.14324200214296648,0.5384225142682206,0.86737224202401,0.452122192823249,0.4381929107170191,0.7352955325709037,0.03112112134001006,0.023004089129911875,0.1044936695020883,-0.07615403118234895,-0.0720080470577945,-0.08119446458038199,0.450574008878004,0.1714854256412499,0.334110340906606,0.0868295978981931,0.2836590973948224,0.04152106885919835,-0.015792350921694256,-0.01975465220528744,0.25800004373400975,0.0413898668299403,0.028956319516668504,0.1612168564179053,0.027394983709081368,0.06108329142157399,-0.05272134875686077,0.2109378758391463,0.22233058537972053,0.29438236644726773,0.16377949312282697,0.13945463689838403,0.34643021145393715,0.06764128013963955,0.0869475847893114,-0.09352746881493948,-0.03204828234676697,0.26066344492794824,0.33547921541186504,0.33882486715794535,0.14331634995954604,0.15631847105901905,0.007063042575058494,-0.02708012844694327,-0.13891233517745075,0.5621482145590518,0.2296341650084188,0.27778093634514883,0.739030417003783,0.47479827688001575,0.3528809778924581,0.7310314666200171,0.7827338129496403,0.4426668999147187,0.40673503750191337,-0.06545231899586713,0.006297697404386521,0.1356760184557521,-0.02257986923531084,0.037248256106361115,-0.13501578252810603,0.12737530340469266,0.033189776289381856,0.31523036889637224,-0.13288578863353087,0.2521440598281253,0.2983184273250093,0.3230500098401522,0.18915854579896482,0.21321204434628588,0.03286173492816689,0.27706807198618005,0.269392753274584,0.23393759156808291,0.10682469222190637,0.0006691303492160678,0.25160175810719204,0.3874133519931775,0.29445234086287203,0.18210404320920165,0.17274933852310248,-0.009857645798255012,0.36126736925451747,0.02445168485272572,0.08829021888871881,0.2924711902210754,0.14538059521987273,0.15819903347838446,-0.2302270125594656,0.004386521178194222,0.23153659443266056,0.1732741466401347,0.06702462992791167,0.03974546806323938,-0.009822658590452865,0.5133760468828584,0.17268811090944874
0.48409884334380177,0.4930965865605388,0.14324200214296648,1.0,0.6392862609608362,0.04452122192823249,0.7669720758347729,0.8539590212328617,0.3007544116682338,0.6244997922634536,0.04583324222081302,-0.47569919748092104,-0.42663401193938466,-0.47914543744943255,-0.44651160756582153,0.6687061293214669,-0.223511403643043,-0.12105573899542979,-0.24742105729285666,-0.23875952719124632,-0.24897334412105573,-0.31682666025234524,-0.23433119765585708,-0.051921016378386656,0.3054252039098205,-0.2530999246682371,-0.3806371833519838,-0.5002645907590038,-0.05418643808357569,-0.624342349828344,-0.1896962673022676,0.2783625986748595,0.6753318317989985,0.0647088408300715,-0.3038157923509217,-0.13477509785484681,-0.03345874074343338,0.6388008134525814,0.376467140962746,0.46530362336270803,0.13795893376484222,-0.05601451969123789,0.3395421049178894,-0.12353545734840699,0.27018433885110754,-0.43987229669152217,-0.3199561784745068,-0.29955172640003497,0.05391091382213378,0.12333428090354465,-0.45920272900220854,0.0893310883208327,-0.1388379873608712,0.7510572696857711,0.23569132535916557,-0.09089239246900352,0.22015263169403687,0.5071964313048042,-0.2950208829896569,0.4047363932562157,0.24728083794362687,-0.15565371411077825,0.08232489995845269,-0.12643297373012055,-0.46504996610614246,-0.41001116311843966,0.17275808532505302,-0.2672716538015788,-0.09920622772298879,-0.08392119131442566,-0.3120946403971048,-0.18054949656643773,-0.30560013994883123,0.18347291771446064,0.1993746036605366,0.35911307428221556,-0.21363626424088691,-0.30676783800922786,0.13693993133760468,0.033001683759375476,0.12115632721786097,0.14570860029301785,0.5918960879928277,0.5724869344645864,0.5481795718440445,0.17986943197123428,0.14021560866808072,-0.3265137434125648,0.11319236404189718,0.12329054689379196,-0.49787671382650717,-0.11446514887626714,-0.07087970960617525,0.4586035730685968,0.3383262994467648,-0.27535837326815926,0.1323391135116223,-0.37890271369530515,0.03233692681113468,0.2248277973365988
0.3396365043807156,0.8080208173886423,0.5384225142682206,0.6392862609608362,1.0,0.4204675165642562,0.6286501497889834,0.6560145196912379,0.49461853009993223,0.3232074522752619,0.005239334368371564,-0.2767838009227876,-0.5051321860444775,-0.5173864555771795,-0.4408895944652812,0.5374997266624391,-0.32081520194179003,-0.021442784981741052,-0.3706024038426958,-0.06284584072716,-0.338020161378496,-0.28601605038157923,-0.2216745752334303,0.09497277557892896,0.1596335089982725,-0.15751258174178112,-0.09018181341088399,-0.162003892326868,-0.05026349740875992,-0.3436312348297654,-0.039946644508101724,0.31055082985283505,0.5473836128665457,0.028317771314863002,-0.02315715816404627,0.2006210229384881,0.23085022287982887,0.29327152259954953,0.22770355743771395,0.25015853578535346,0.38430823730073693,0.1353173995757801,0.4441844700531368,0.041595416675777916,0.25395027443091117,-0.05773763967549365,-0.13900651528130947,-0.2286239093831318,0.4372613763092869,0.31913581596728696,-0.07516564256193829,0.44868032625571275,0.26722791979182614,0.793304323106864,0.7644092628632656,0.22232621197874528,0.4734643895825589,0.4810216264678227,-0.2087380551485863,0.11394458900964335,0.003940434278716844,-0.4152631694036868,-0.14928166888981217,-0.4267197598128109,-0.30488727558986245,-0.37081014061615025,0.4071548839955391,-0.4156349084865846,-0.10132732719599397,0.04424569766679058,-0.16677964619186111,-0.034786069390663234,-0.13817760381360564,0.05088014694627277,0.1157376834095034,0.27109837965493866,-0.033141632590584065,-0.11784128927860751,0.2290218888718812,0.3291421573987011,0.1583477291115436,0.3258052524545713,0.44901707813080843,0.33358115938859856,0.19908158579519364,0.36504380512563106,0.308399116573003,-0.1566552229341147,0.32323369268111346,0.19938772386346243,-0.15019570969364326,-0.24299298396395969,-0.12466379480002623,0.415853578535348,0.2501279219785266,-0.10915583428734771,0.1196562506833439,-0.10912072773392228,0.3418119000240537,0.3075769171896525
0.18463425754341528,0.5837440685749273,0.86737224202401,0.04452122192823249,0.4204675165642562,1.0,0.3107520062976974,0.25422142529137787,0.6883689401062737,0.09389254553803765,0.17940128140648576,0.26379042662526514,0.057969429927182875,0.04702718068706129,0.11660811769716543,0.2988301152391157,0.2481730117425816,0.24180096652161553,0.10897433794843489,0.3189809089907102,0.13641512322057248,0.021241608536878703,0.08455096105486432,0.358207780280335,0.11894338632437515,0.09791399478914557,0.14812506628451955,0.19437143294482956,0.19750278804312174,0.013719358859417026,0.25465439198792944,0.2655266668124467,0.21536375762611795,0.060750912947453585,0.10806236469790732,0.3128293717609499,0.09086187800608743,0.03575255297281931,-0.09376363272581398,-0.04276748813714985,0.2868382497649297,0.4223393321816711,0.32086768275349326,0.2806586341868754,0.07691500295204566,0.11573331000852813,0.01741708842699476,-0.0418753143381951,0.607723426122324,0.21509698016662657,0.3298812621635215,0.6045308434103781,0.342760928035687,0.22423738820493758,0.6613369486781395,0.8184994861253854,0.2733069471474492,0.3304060702805537,0.044722398373094836,0.03243314163259058,0.1258183726574971,0.055476591371279874,0.12140998447442654,-0.10221961275684835,0.2159629135597297,0.2472504944683362,0.2507095843082373,-0.16681025999868798,0.14549430364522972,0.17147667883929937,0.42559314250727076,0.13535253477139006,0.21037808051431195,0.023030329535763488,0.23290984233889483,0.2837550020773655,0.3831186722354639,0.24815114473770528,0.09391878594388926,0.32835931862412804,0.3190308543438805,0.1776475476154031,0.042706260523496097,0.04502853644136363,-0.12943517526404408,0.27334879332284745,0.04738142616605803,0.23707332006735038,0.26761277907764974,0.12354857755133279,0.18492926023922504,-0.1410182819294997,-0.045216592683300166,0.3247949968292843,0.20856311910957556,0.16876098134861867,0.08025190789617546,0.07750978548468217,0.5795281100347686,0.17808051431195468
0.49723874094051385,0.7158907524436378,0.452122192823249,0.7669720758347729,0.6286501497889834,0.3107520062976974,1.0,0.7695829962170082,0.5288841267411603,0.497889834029433,-0.025295751240952527,-0.3730948372001487,-0.3618770636985852,-0.4319870547331132,-0.31903120315691497,0.8565393278082701,-0.12608952351796374,0.09888259605081892,-0.20797949747393582,0.12671068499568594,-0.11454374494325512,-0.28457282805974066,-0.06887231855852703,0.12906780958212152,0.09089239246900352,-0.2523892462327351,-0.07594200426630271,-0.48300715051059456,0.07503444053268024,-0.4585073582471409,-0.07428221556493407,0.40210797927007935,0.7063261245107257,0.09084865845925083,-0.2126697426253526,0.14671885591830486,0.07673796411406493,0.7141545122564562,0.48091063054699595,0.6267520937657169,0.39098204718899654,0.1351249699328683,0.4301895869322779,-0.06212416085368787,0.13479696485972317,-0.2601823708206687,-0.3013364034643548,-0.19591087008812402,0.3808095165205222,0.4303688963722639,-0.144195403555575,0.43471168354070544,0.1555093918785944,0.648356694583543,0.3589162712383285,0.17497102621853886,0.31332356607115525,0.5158251514290088,-0.2548337014279154,0.2959043099866611,0.10814545931643743,-0.1699110012901533,0.04027902298222213,-0.11412839663298313,-0.2850407819640944,-0.2608299193436202,0.4739891976995911,-0.2825042093984387,0.05391966062408432,0.15469156589621919,-0.02915746430211454,-0.017852242299809824,-0.026524676915002952,0.42162209442172704,0.2403927314075791,0.288456408125779,-0.04935383000590409,-0.13524742516017582,0.04097876713826507,0.24201963657037895,0.232472502241368,0.34946097832979817,0.5297369399313376,0.6004941943102053,0.4198377468238175,0.35870236677807493,0.1347488574489952,-0.2472327305328989,0.3522380879490936,0.38215652402090483,-0.18652117819422273,-0.008143281519413495,0.16147033740788524,0.4830202707135204,0.5090944873280707,-0.10507763341900556,0.20954713432901095,-0.14029432988563556,0.3581509260676565,0.4761627779842995
0.3465399253680379,0.6414073604338414,0.4381929107170191,0.8539590212328617,0.6560145196912379,0.25422142529137787,0.7695829962170082,1.0,0.5441560429467975,0.4663095055870197,-0.001088976842841836,-0.3853622269357766,-0.2919463821040432,-0.3128862259736284,-0.318488900843055,0.6652161553432027,-0.07785528416172836,0.15502831777131487,-0.06761941311085487,-0.0988717706499144,-0.10610308106098708,-0.17739826375981282,-0.11196781176882202,0.016955675581115656,0.17284117994358314,-0.2530693108279386,-0.24037987402419086,-0.3778487240602655,0.01680697994795653,-0.4485884848352321,-0.13309571188034375,0.09168835144650238,0.57588506702237,0.246664188406114,-0.15164767881743238,0.035949356016706395,-0.019446348698212733,0.4469003520587785,0.1310184896662672,0.28062364697907327,0.10954494762852332,-0.0761190439745468,0.2892786075091295,-0.22793291202903937,0.25372285758019725,-0.3905840677002471,-0.2455120656799544,-0.23782554503509654,0.0836106798451816,0.09494216177210207,-0.3626380354682819,0.3538781133148193,0.09753558855043624,0.7306203669283419,0.4026327873871116,0.17687345564278062,0.5073276333340623,0.6562156961361002,-0.25984124554459775,0.28717500164002535,0.2981522380879491,-0.03898886969451794,0.159331744330979,-0.02614203291208065,-0.2512125254203932,-0.24618775686940092,0.1874264721961033,-0.11382213378233583,0.18814370995604732,0.19628260917102183,-0.06665063086309068,0.041903787260075404,-0.07057794493888173,0.05668802344142923,0.346753843126107,0.38925892720474076,-0.06189237060199865,-0.13916161903304106,-0.008195753427653014,-0.0677702215127594,0.3138702411930638,0.2735606044040148,0.5194856880453085,0.5537425378845859,0.39629572937394764,0.3534520931668741,0.09855021757669852,-0.2078502547506068,0.16812665369224378,0.06974699875358072,-0.4071461371935886,-0.2731760437954485,-0.12782139030417003,0.2996741816273425,0.21512759397345346,-0.3534367862467248,0.038730839036977105,-0.3204084756510901,0.08675078174542433,0.09620607465395464
0.38425836331872626,0.678616255931425,0.7352955325709037,0.3007544116682338,0.49461853009993223,0.6883689401062737,0.5288841267411603,0.5441560429467975,1.0,0.20879928276224005,0.0852594520128578,-0.027071352036911505,-0.06357612997747698,-0.05668802344142923,-0.0236316980075998,0.5244188843454112,0.14238481555181387,0.3168047932474689,0.08351892974019308,0.31719874614475907,0.11351599571406705,-0.08111784128927861,0.07444840480199427,0.16810478668736742,0.13177057138483741,-0.03433998200345584,0.21217578029771522,-0.04355470031269817,0.2643239815442479,-0.21282718506046228,0.14323325534101594,0.20069974415604294,0.3814917670726641,0.2176554197371586,0.11443440991887341,0.41266099582340204,0.1627388016213188,0.21212744090441932,0.07709220998037669,0.11979182611357722,0.17886335308652773,0.23740569854147078,0.3044062014825829,0.11410203144475302,0.21534189062124162,-0.08805842863702959,-0.07512855079551274,-0.03771621001071483,0.5449694955281975,0.22147339878856792,0.02271107126456889,0.6119874920732107,0.29221753296450986,0.3260895235179637,0.5567164505477685,0.6807198618005292,0.2900133388729746,0.648570991231331,-0.11053333624893398,0.16404189718134307,0.2548774354376681,0.049288228991275065,0.19653189302661214,0.001327328647229858,0.0533817323041263,0.04613068392415336,0.2287638582143404,-0.05914150138855481,0.16340338063895388,0.3067809582121537,0.32691609630228946,0.01259759528285208,0.191152609827032,0.0482867201679386,0.22098795128031312,0.16118169294351753,0.3166386040104087,0.04997922634536747,0.11052458944698344,0.13277645360914916,0.3220091404080383,0.27617152478625,0.30252126566224224,0.19624324856224443,0.16640790710896328,0.34257543304937604,0.14596225754958345,0.02147339878856793,0.3624324856224443,0.08754674072292318,-0.08990837724956813,-0.16840454877942845,-0.06938400647263344,0.20050731451313114,0.13622706697863593,0.0064332798684518,0.09823970610745446,-0.07055607793400538,0.5105333362489339,0.22040628895060244
0.3407079887911647,0.16612363604557084,0.03112112134001006,0.6244997922634536,0.3232074522752619,0.09389254553803765,0.497889834029433,0.4663095055870197,0.20879928276224005,1.0,0.4213247031554088,-0.14945223152784762,-0.03252060965209595,-0.33820384421945726,-0.23676306746320538,0.3155758675734185,-0.1896569066934902,-0.3708906431086134,-0.30420535764090434,-0.2843347885842689,-0.2903194769412434,-0.3043668408738055,-0.33753908727121645,-0.00461393802890818,0.5269117229013142,-0.002090487951815065,-0.47223598022811486,-0.2086855743368831,-0.0006778771511666047,-0.4062539633946338,-0.03598434322450854,0.2616387133454331,0.3330913384793685,-0.2567273840502066,-0.5025256390632176,-0.3635914368808904,-0.17010143021311933,0.40515623974984144,0.43595201936570127,0.4751918829677899,-0.07653889046817257,0.2191642430736262,0.10568760796833658,0.19054033369049442,-0.10979423148411362,-0.3987098467122958,-0.4742871075281175,-0.367772408213247,-0.037838665238022345,-0.08424044958562026,-0.3704533030110866,-0.19103015459972447,-0.3298593951586451,0.40401915549627165,0.05189914937351031,-0.04001661892370602,-0.03786927904484923,0.304782313966456,0.15433732041722245,0.5490280116332465,0.20355120159191795,-0.02257986923531084,0.1809844525595329,-0.040666113430862724,-0.30856093240908794,-0.18382080407262533,0.1053246156873893,-0.24040147820952965,-0.29391003914193875,-0.3576436115545254,-0.23821040432092017,-0.1271042915138101,-0.3680697994795653,0.22566749032385033,0.09872952701668453,0.3931643742756555,-0.19183923378014914,-0.1784391331919267,0.3329601364501104,0.10983359209289104,-0.16388882814720868,-0.22348078983621614,0.16581312457632677,0.2420808641840327,0.18127309702390063,-0.054162443596765,-0.019190483479477816,-0.1787015372504428,-0.11351162231309178,-0.03508779602457851,-0.34603223196518773,0.08015359401023138,-0.06309942927117272,0.49832280072598456,0.35418425138308807,0.0706720503291957,-0.0722835713192364,-0.3533576785987623,0.04874592727034178,0.10678095821215368
0.2831321020011117,-0.15190133607399794,0.023004089129911875,0.04583324222081302,0.005239334368371564,0.17940128140648576,-0.025295751240952527,-0.001088976842841836,0.0852594520128578,0.4213247031554088,1.0,0.25736590059259584,0.16533642387002254,0.030307668758610132,0.04897121096328282,-0.1611685727405917,0.016653910913822133,-0.2824473551857602,-0.047681056264986914,-0.15854689220329632,-0.026209792044783627,-0.058949071745643,-0.2123636045570838,0.10062320963897575,0.5494828453346745,0.36593816660292433,-0.293925667409228,0.13773151691412827,0.17617808488771294,-0.2130414817082504,0.013610023835035316,0.07708556559008113,0.00025803065754083663,-0.27018433885110754,-0.268627408103912,-0.2161203559948394,-0.0430124456194585,-0.14284402265421706,-0.01710438991537389,0.0035643217948437603,-0.16152281821958847,0.39453762218188976,-0.14231046773523431,0.3242876823161532,-0.10166845247206491,-0.20886488377686907,-0.3379221293239969,-0.24086943211388337,0.04800244910454615,-0.19499245588331765,0.008370689466663752,-0.20666506308630908,-0.3271478865539787,-0.14220987951280314,-0.03812293630141479,0.08879316000087469,-0.15536069624543528,-0.030526338807373554,0.21552557346220289,0.5609061686820757,0.36689772801819337,0.034882246178740896,-0.03203516214384116,-0.07705284932856427,0.08863134416478975,0.039098247467001426,-0.1217204959436706,-0.123242439483064,-0.2630163346526426,-0.31942883383262993,-0.02412367977958059,-0.17167585628561605,-0.31510354026808945,-0.09933742975224684,0.04317421442784982,0.3782073429402375,0.09335461721807964,-0.16035949356016707,0.15156458419890229,0.007605344295991778,-0.1482670398635499,-0.3275371192407776,-0.24612188668518073,-0.09864205899717915,-0.11215586801075857,-0.31255200252801535,0.05662679582777547,-0.04670354901489143,-0.16054317640112833,-0.2056897946688242,-0.24678664363342154,-0.03259061970068172,-0.24305613260151757,0.26577157726706174,0.06619579716166277,0.17654127019020655,-0.23135728499267455,-0.30953182742559754,0.1736633793269336,-0.10054448842142091
-0.29308816020677486,-0.2691915768297216,0.1044936695020883,-0.47569919748092104,-0.2767838009227876,0.26379042662526514,-0.3730948372001487,-0.3853622269357766,-0.027071352036911505,-0.14945223152784762,0.25736590059259584,1.0,0.49451794187750103,0.49303535894688505,0.4344759949227356,-0.40366491001727495,0.3972841179943583,0.05079705232774267,0.21054887335613529,0.13280939932373217,0.31405829743500036,0.3269029760993637,0.11214712120880803,0.6306881546434585,-0.06337495353261464,0.512132374245757,0.09029114855480737,0.4077496665281756,0.24097876713826508,0.37327852004110995,-0.11976995910870088,-0.15744243510966302,-0.5681966281078481,-0.20904856661783036,0.23854278279504057,-0.03884017406135882,-0.1429447671654297,-0.4253438586516805,-0.16165419699359884,-0.17294614156698956,-0.051444315672082394,0.13631890839911656,-0.3312370164658547,0.09754433535238678,-0.3879687739170366,0.13826507183311101,-0.0323960031444981,0.005567339441516696,-0.045002296035512014,-0.22067743981106908,0.3789508211060331,0.0836806542607859,0.21834641709125102,-0.26868863571756574,-0.0022260610964116244,0.2661520631519101,0.018031532221031685,-0.19730161159825937,0.6089523517963744,-0.11962126347554175,-0.024333603026393476,0.3523517963744506,0.14377118366097397,0.06265122417097639,0.39247775032253834,0.4936022540536222,0.0650412193041919,0.2513874614594039,0.1797555268854825,-0.06338807373554044,0.45772451947256787,0.29297445165709457,0.25481183442303906,0.0038485928582362074,0.22661214493450832,0.21303710830727515,0.37956747064354596,0.3542585991996676,-0.1442391375653277,0.1899455511578579,0.1250136668780477,-0.23084559707856814,-0.5584701843388511,-0.44704904769193765,-0.5658612319870547,-0.268413404926146,-0.1456604928822899,0.12668430605060024,-0.15338391900461393,-0.0561107345126938,0.3817323041263038,0.21680503029143122,0.044280684874592725,0.03875707944282872,-0.02188449848024316,0.045651795993768944,-0.362900439526798,0.009827031991428134,0.004539590212328617,-0.17288054055236055
-0.34852982498744345,-0.37505412083706896,-0.07615403118234895,-0.42663401193938466,-0.5051321860444775,0.057969429927182875,-0.3618770636985852,-0.2919463821040432,-0.06357612997747698,-0.03252060965209595,0.16533642387002254,0.49451794187750103,1.0,0.7021845137871465,0.631736274886423,-0.41036496031138614,0.46344055454724364,0.0040672629069996285,0.40805625074508955,0.08314500354797512,0.30188712252082833,0.41737552207474143,0.17123614178565963,0.2919332619011174,-0.05425203909820472,0.1635959891496781,0.02729005192327616,0.3238503422186263,0.2729045942577245,0.504047582602611,0.14720430342655966,-0.2927379676805668,-0.4984452559532921,-0.04618748769980976,-0.09020576851588638,-0.11638057335286786,-0.18312980596302955,-0.3234086287201242,-0.2062366952797971,-0.13659443266055848,-0.3426559664122805,-0.028444599943145788,-0.3026393474885745,-0.01776912816251558,-0.2720211672607203,0.08568367190745883,0.0942556408734692,0.17708775229056875,-0.26280203800485447,-0.3319717478296998,0.10088561369749185,-0.08243860838380968,-0.07121208808029564,-0.36611051584264503,-0.255918304869782,0.11251448689073058,-0.07545866042728128,-0.17058013163936936,0.4864752574839824,-0.02700137762130721,0.31048085543723075,0.8437996107673132,0.5785834554241106,0.5149882082050357,0.6492313747785966,0.6296567204490003,-0.21415669895694386,0.5136384509413746,0.28019942708447226,0.011370842535697886,0.5051627998513044,0.43516917973520985,0.322477094312392,-0.01588419234217489,0.23835472655310402,0.00663444927948219,0.2798058209966981,0.3791563709518707,-0.20475388686011678,-0.1663116922875074,0.08060177997419693,-0.3099516739192233,-0.5278301371061206,-0.2879447202116726,-0.3411209026699613,-0.038004896027767604,-0.2665894032494369,0.2210622990968927,-0.26153375172202664,-0.22217314294461088,0.25823620738667424,0.1269752760439805,0.059937460366053665,-0.32258642933677373,-0.08588484835232119,0.16004915708080358,-0.12175548315147275,0.20844066388226803,-0.060650324725022416,-0.3160875554875249
-0.29076588174984225,-0.3672913341059675,-0.0720080470577945,-0.47914543744943255,-0.5173864555771795,0.04702718068706129,-0.4319870547331132,-0.3128862259736284,-0.05668802344142923,-0.33820384421945726,0.030307668758610132,0.49303535894688505,0.7021845137871465,1.0,0.7403826074030878,-0.31761824582886883,0.7729461415669896,0.28157267499070654,0.7560350266071592,0.2681575606893653,0.6318602261048304,0.4155212000612276,0.4848702193260589,0.2247840633268461,-0.20065601014629025,0.029765399581701532,0.2652033251005555,0.3077868404364654,0.3520456583061818,0.4864184032713039,0.23553825632503117,-0.2242636286107892,-0.40122892567405044,0.16173274146640135,0.1856814852069712,0.0006166495375128469,-0.11156120745366212,-0.3192145371848418,-0.3694128374768094,-0.30880584286370294,-0.2689554131770571,-0.12683737508473464,-0.290297609936367,-0.05261201373247906,-0.08734119087708557,0.17981675449913626,0.1830510846594047,0.37979488749425994,-0.18499486125385406,-0.18947322385252893,0.20675253110581443,-0.05250267870809735,0.04780564606065907,-0.423738820493757,-0.24628370252126566,0.20879053596028951,-0.08979466882421115,-0.15002952045658305,0.35212000612276134,-0.13732916402440357,0.29106732850801426,0.7471911832236339,0.5350768625221404,0.6844970419380902,0.741881874439658,0.6932832141037732,-0.2562069493341497,0.764610439308128,0.49182830027771096,0.209319717478297,0.6426843935186197,0.32955361740810124,0.49152216220944217,-0.1136471977433251,0.3357897268811091,-0.007255472217970305,0.46091710218451376,0.4511425510047889,-0.26545231899586713,-0.2069930681594542,0.1450700837506287,-0.14778596575627037,-0.3783997725831493,-0.28032625571275505,-0.23617677286742034,0.0008571875283593153,-0.2521440598281253,0.26138505608886753,-0.11852353983074938,-0.1925083641293652,0.27494697251317485,0.024886865459840223,0.0696114233233474,-0.44518597887647327,-0.22945048216745753,0.07409861373975449,-0.07510441494828453,0.28163827600533553,-0.049458791629310536,-0.2570641359253023
-0.27083656783487753,-0.27858813341965594,-0.08119446458038199,-0.44651160756582153,-0.4408895944652812,0.11660811769716543,-0.31903120315691497,-0.318488900843055,-0.0236316980075998,-0.23676306746320538,0.04897121096328282,0.4344759949227356,0.631736274886423,0.7403826074030878,1.0,-0.31799689269539977,0.574267536537415,0.26964233194384485,0.48346741481142946,0.42976630680786954,0.6723324138251748,0.4378216503267911,0.5964035297761429,0.35658563839171825,-0.24643266759178928,0.0738953311655795,0.3459258400774968,0.4134574068549046,0.5726559365159843,0.564396759744012,0.21236383674526343,-0.2101224662948341,-0.3546547797500313,0.07522913912792226,0.1953447282421498,0.11396658061997651,0.04871541998954755,-0.28192722871507603,-0.13056598492485388,-0.15029864894571637,-0.01628656303882699,0.0817477004086343,-0.21574229269249595,0.04972125005059722,-0.17907128542059358,0.2858064396214776,0.19483981290549715,0.48013216432226147,0.023279638844166506,-0.010294997151825655,0.2268682369381393,-0.04116905509291028,0.0472765162324704,-0.42931537612955195,-0.28766295036529665,0.17508711277602557,-0.11118509455856568,-0.2743131292922517,0.2756710717797801,-0.11066247257061192,0.11219316458553927,0.5446136588025153,0.4266169847775229,0.5686045977664992,0.7467983936485119,0.9277446977863982,-0.10086823037795535,0.5298184271268033,0.4156506698420077,0.25782320288572724,0.7432428147681235,0.39930112899593057,0.5561091558346197,-0.08881293740896325,0.31806468048463227,-0.059668561444746526,0.5815951778831601,0.6434985496697004,-0.1793293163602528,-0.15591847534337822,0.22061864011147878,-0.015324413772301228,-0.4035407093010539,-0.1349239410072104,-0.2091012760505897,0.1251276489200956,-0.07858354134349162,0.3487266282465055,0.008033946375490113,-0.010061019943829616,0.3232231125749374,0.07048625765073506,0.04887936944238718,-0.18473265917294632,-0.059904725355621025,0.19323039782728965,0.02862612738201989,0.4533778546042099,0.15909794132867017,-0.09668506777144675
0.5455648745546487,0.7312720036736569,0.450574008878004,0.6687061293214669,0.5374997266624391,0.2988301152391157,0.8565393278082701,0.6652161553432027,0.5244188843454112,0.3155758675734185,-0.1611685727405917,-0.40366491001727495,-0.41036496031138614,-0.31761824582886883,-0.31799689269539977,1.0,0.031221709562441233,0.29098860729045944,-0.0264831585611216,0.22672391454816043,0.024158666987382737,-0.30046139380289083,0.04369464914390676,0.04801119590649669,0.10900264590759004,-0.37791036486253465,0.01000197896611099,-0.593627954779034,-0.033312195228619536,-0.46903850779558726,0.026717106557914764,0.47964837856158843,0.8146290262622728,0.2876866895541318,-0.12046970326474382,0.155421923859089,0.0030263967837992154,0.6644333165686296,0.31203156724294007,0.4157311233080405,0.30790929566377295,0.04833482757866655,0.37099560473201987,-0.14918982746933152,0.20632393781023814,-0.3302092672366666,-0.21431437571285658,-0.09935929675712318,0.39858301808401303,0.4008353195862763,-0.06362861078918021,0.4659115260982703,0.2503772058341169,0.5705932518422951,0.3372591896087993,0.2258424263628611,0.1974109466226411,0.4945048216745752,-0.3500645076643852,0.2861734928166889,0.15443790863965362,-0.16039448076796922,0.014502197633990072,-0.08893976617591437,-0.24290743696835845,-0.2857386518322451,0.3162100107148324,-0.22464411449563754,0.1340578600949028,0.21780411537031774,0.0127397170409569,-0.11317280747509277,0.03329470162471846,0.32425269510835103,0.2703898886969452,0.24237825545035097,-0.07699372416960049,-0.18681856946054098,0.07942970851282499,0.19590649668714877,0.17155977345782947,0.2933589906190549,0.639609892633006,0.6083007150510594,0.43550326911722903,0.3639329600633695,0.012140561107345127,-0.2810784806805012,0.2677571013098336,0.18973562791104503,-0.1844481861319455,-0.038676213811457166,0.131665609761431,0.2966958955631847,0.322704511163106,-0.16979747851301233,0.16206511994052175,-0.16691522162209443,0.309588681638276,0.3613916161903304
-0.014412558671980222,-0.11478865539787016,0.1714854256412499,-0.223511403643043,-0.32081520194179003,0.2481730117425816,-0.12608952351796374,-0.07785528416172836,0.14238481555181387,-0.1896569066934902,0.016653910913822133,0.3972841179943583,0.46344055454724364,0.7729461415669896,0.574267536537415,0.031221709562441233,1.0,0.5070258686667687,0.8744799747222374,0.3858699633401569,0.7486912597581509,0.19295882442981785,0.48301589731254513,0.3374953532614638,-0.17246069405873476,-0.026498465481270876,0.2745777203405463,0.10622116288731932,0.43519275764798493,0.17560516935995277,0.2688373313507249,-0.11364282434234983,-0.03932999497058888,0.38447005313682187,0.19996063939122258,0.1167348188318646,-0.030255221026478284,-0.12909404998797314,-0.207494049434916,-0.17236885263825413,-0.03123045636439177,0.05038595263606744,-0.10062758303995102,-0.014489077431064267,-0.09033259714416916,-0.03111674793903479,-0.03363586367658926,0.29605300561982023,0.0023835035315212874,-0.005882224311736022,0.19235092169425555,0.062495899936585685,0.0820318820931097,-0.2514618092759835,-0.11630185213531302,0.3148542564124992,-0.11357284992674553,-0.07297456867332881,0.14688941855634033,0.04018718156174149,0.34006253963394634,0.5830924318296123,0.3966368546500186,0.5332646708632682,0.5510091622750432,0.5645017214821785,-0.16098488989963045,0.6889637226389101,0.5778487240602654,0.28806280203800483,0.668220681813212,0.2438370512750482,0.40259780017930946,-0.11444315672082395,0.5074632087642955,0.12731844919201418,0.5185322866326999,0.3758107192057904,-0.3416894447967462,-0.16658284314797403,0.41623843782117165,-0.040248409175395246,-0.14903238503422186,0.010911635433294702,-0.08511950318164921,0.03634081513725373,-0.1621788283658787,0.2381229363014148,0.003988541689444796,-0.06928341825020227,0.1760687498633312,-0.12661665677191183,0.04852725722157836,-0.1759900286457764,-0.056801731866786206,-0.007423856272397641,-0.09063873521243795,0.07614091097942315,0.13063348713126763,-0.06229035009074807
-0.020511273000026472,0.2866458201220179,0.334110340906606,-0.12105573899542979,-0.021442784981741052,0.24180096652161553,0.09888259605081892,0.15502831777131487,0.3168047932474689,-0.3708906431086134,-0.2824473551857602,0.05079705232774267,0.0040672629069996285,0.28157267499070654,0.26964233194384485,0.29098860729045944,0.5070258686667687,1.0,0.5136783731808335,0.680025234551624,0.6458201220178872,0.06696114233233474,0.6106798451816055,0.21082416741378934,-0.379812381098161,-0.2739392031000337,0.4289217696114278,-0.02694452340862872,0.3369093175307778,0.07684065513546609,0.14557302486278453,-0.10763814480330629,0.17700903107301394,0.838109816098489,0.48242986158185913,0.5450482167457523,0.2887759821304367,-0.12338238831427259,-0.24959245325117502,-0.23981981587981893,0.3246156873892983,-0.12075834772911154,0.044984802431610946,-0.32521484332291006,0.022282477968992586,-0.06775710130983359,0.13229333744441382,0.37613435087796027,0.28201001508823337,0.30959742844022653,0.20168813277645362,0.34148826835188384,0.42065557280619276,-0.015101353567601845,0.15555749928932233,0.284301677199274,0.2603004526470009,0.04020904856661783,-0.16610614244166977,-0.1265531040213422,0.10002842710633925,0.11898274693315257,-0.11530909011392709,0.10357536854149829,0.19378977061511884,0.22873130779059372,0.03535894688504516,0.3157245632065776,0.7208283221447158,0.8229778487240602,0.5512190855218561,0.17821628459511274,0.48555684327917603,-0.20716800419846493,0.22869825719971135,-0.04604753886860117,0.45696792110384643,0.32610264372088954,-0.4074916358706348,-0.14760665631628436,0.43406004679539045,0.45775075987841946,0.1638276005335549,0.26963329032822375,-0.019658437383831537,0.38698736851105386,0.1420655572806193,0.2111477990859592,0.345922896940806,0.021783910257811987,0.1347226170431436,-0.26506118941345513,-0.054300146508932674,-0.19687739170365834,-0.23995976471102753,-0.25360286633028467,-0.09735190570947497,0.11875095668146333,0.27067415976033765,-0.004788874067918917
-0.08119674005978453,-0.17326121587250506,0.0868295978981931,-0.24742105729285666,-0.3706024038426958,0.10897433794843489,-0.20797949747393582,-0.06761941311085487,0.08351892974019308,-0.30420535764090434,-0.047681056264986914,0.21054887335613529,0.40805625074508955,0.7560350266071592,0.48346741481142946,-0.0264831585611216,0.8744799747222374,0.5136783731808335,1.0,0.29345147373001623,0.7051963713856649,0.24266497853218955,0.4465728352464186,0.1121166299847929,-0.13027501068758818,-0.09119435655104098,0.28602542263546094,0.09361275022719971,0.27476359008521606,0.16158640920436634,0.3213578550196045,-0.13660114211499508,-0.024703182418048943,0.4923164727610832,0.2438239310577774,0.10392086759629618,-0.02369732500344406,-0.19399990597189218,-0.3774734369977411,-0.3479984561879758,-0.1639874089649238,-0.10010288437049167,-0.11259333121229884,-0.12389858509397654,0.11872703278640058,-0.03955308166572269,0.13466824401006758,0.32633697747387536,-0.13744520942608357,-0.08093862034360126,0.0964926379181416,-0.009949498097027767,0.022886032326042333,-0.2766026072060073,-0.14908721555104532,0.23043912273867695,-0.09712240834714028,-0.0674204231489143,0.009966991720055508,-0.031875567859422804,0.324198382058734,0.5839393233688773,0.36512908653789133,0.5642792947438166,0.49859887013092075,0.4450054558296469,-0.34569585805694936,0.749151285945743,0.5899308892558787,0.3323657173098106,0.5455080202798086,0.13790675451390635,0.3515212345251872,-0.2593254677632345,0.39037894467555717,-0.012577914956945872,0.3774795843954765,0.2873611853680681,-0.2934992603479268,-0.3163415586163998,0.3033547302211804,-0.036327694919982924,-0.06325256746255499,-0.04038840216529733,0.02525860494917972,0.041545213411500755,-0.14152122359154726,0.28935983179898755,-0.038153591823503405,-0.21788088810763728,0.09064976782687606,-0.22935258217091725,-0.05420180424857742,-0.3559186940137856,-0.25129589479350134,-0.04241770881395293,-0.019612538116976275,0.06374676231308868,-0.023821941158026484,-0.1721175702670665
