0,1,2,3,4,5,6,7,8,9,10,11,12,13,14,15,16,17,18,19,20,21,22,23,24,25,26,27,28,29,30,31,32,33,34,35,36,37,38,39,40,41,42,43,44,45,46,47,48,49,50,51,52,53,54,55,56,57,58,59,60,61,62,63,64,65,66,67,68,69,70,71,72,73,74,75,76,77,78,79,80,81,82,83,84,85,86,87,88,89,90,91,92,93,94,95,96,97,98,99
1.0,0.13743412564781002,0.17421442784981742,0.18101069296538452,0.009984474426537797,0.21806214602785856,0.2757560516935995,0.04767444403140102,0.14826266646257463,0.2718287376178085,0.06754280466204544,-0.22492401215805471,-0.1676674465898406,-0.01950536834969714,0.11665609761430977,0.4084800244910455,-0.03193894732238525,0.1323697273184492,-0.020686186613019613,0.24252257768253482,0.21675012573527805,-0.13112768144147297,0.018862478406332685,-0.0656797358465811,0.24006472633443396,-0.2518991493735103,-0.046515492772954886,-0.11995801535063742,0.11053333624893398,0.03324222081301524,0.43979357547396736,0.4832651811681354,0.3432463755439418,0.11287747917167786,-0.24146858804749513,0.12485185104196278,0.008379436268614288,0.3253591655550939,0.20169687957840415,0.1446371170540771,0.17496665281756357,0.2151494609783298,0.11024469178456626,0.2035667310651881,0.15008637466926156,0.14100282084362906,0.02642408869257178,0.18231833985698978,0.43364457370273995,0.2427893551420262,0.41621219741532,0.030158973125451006,0.20854999890664977,0.10036955238241019,0.10465111193719796,0.4507358247140889,-0.02318339856989788,0.013282018761890184,0.16161028623909382,0.07765410771686602,-0.13051977870591064,-0.18758391463121296,-0.05780767729517056,-0.004990050512781265,0.061621219741532,0.07729986223786928,0.19970260873368176,-0.14899739782641971,-0.09656906693490193,0.08252607640331504,0.20254531936760622,-0.31355972972381974,0.006595088670704774,0.11514958687722751,-0.05401587544554023,0.07860313572849927,0.051619251711093134,0.10623428309024513,0.14323325534101594,0.3097811112811878,-0.10500973081716997,0.03660973956397192,0.17072008047057793,-0.2895278913647198,-0.012901532877041832,0.28433666440707617,-0.01064048457282806,-0.01552994686317815,0.11822614856443113,-0.06255712755023944,0.48566233590190616,0.5692987251536157,0.19056220069537075,0.314395049310096,0.07670945310620804,0.09172135252116247,0.27611467057357153,0.275567995451663,0.27422973475323087,0.24973431589075246
0.13743412564781002,1.0,0.6660514749294789,0.7462115414051738,0.8562200695370755,0.6158142179265707,0.4934289650346592,0.7255209813911788,0.6511381776038137,0.36448798408082045,0.23681966281078481,0.26487065666615645,-0.1585401587544554,-0.0968227241914675,0.16342524764383023,0.6184513787146575,0.10501410421814523,0.468872318558527,0.1782423301480396,0.4774485578710284,0.292138811746955,0.23794362686142878,0.20621460278585643,0.4899696048632219,0.4095558811309615,0.2891342852769456,0.056530581006319566,0.5040738230084625,0.3915024819050535,0.2588659771271129,0.05862544007347314,0.08706566661564366,0.3016553322691391,0.3087227482451729,-0.05678423826288513,0.5816841967155759,0.4623690713083029,0.1849642474470272,0.08881502700575102,0.3001989897443747,-0.04196715575867573,0.09279044849227001,0.020467516564256195,-0.006267090449688259,0.04224705342109291,0.1803109488093416,0.13459141501388555,-0.18342043690275742,0.21908552185607139,0.006065907152697295,0.2503597122302158,0.8320001749360391,0.7214624652861298,0.8509938553716297,0.8234370558264634,0.5896175460847127,0.7158994992455884,0.6627495571931512,0.4314797402199821,0.07793837878025847,0.20219982069056,-0.17302923618551966,-0.01664736901377415,0.009827031991428134,0.09035009074807024,0.19522424613500688,0.5021801403861713,0.15601670639172552,0.30629988410487413,0.5244101375434607,0.42701887122520826,0.250687717303361,0.34204369027574294,0.29911690004271013,0.6064157792307188,0.4571034965340797,0.46759091207277337,0.46554853381732303,0.2693883798736087,0.2394524501978964,0.32182545756707703,0.23500907480702368,0.22986595526010803,0.24995298593951587,0.5062561500951215,0.45567339441516697,0.4153287704183158,0.34187750103868275,0.4724060265465439,0.3591393146880672,0.23856272393218425,0.4054405108132339,0.28009009206009056,0.27543242002142965,0.12831558461437537,-0.18311469925192858,0.4604185344733332,0.10975487087533621,0.08394743172027727,0.05127812643502219
0.17421442784981742,0.6660514749294789,1.0,0.36087555487524875,0.5413964269314032,0.8551485862981347,0.6374538059521987,0.7482976536703768,0.7787321510572697,0.410736699394284,0.3867617152478625,0.43579191358159675,0.2364173099210601,0.2699569220003936,0.44669917561391614,0.5863156283483851,0.3282018761890184,0.5780061664953752,0.45390216702018327,0.6511819116135663,0.5027530559139315,0.33383044324418887,0.4992062277229888,0.5997769565502613,0.5071876845028537,0.4745839802322276,0.32314185126063283,0.4873499376790361,0.5591743018958694,0.44970370208392557,0.11373903916380573,0.05115129780673941,0.18466248277973366,0.3327633334062233,0.13502000830946184,0.6012332990750257,0.28192692046970325,0.25819684677789684,0.36945616758872535,0.46603398132557783,0.030766875861013315,0.28581050053574164,0.20856749251055082,-0.057466551646129606,-0.022518641621657082,0.22575933174433097,0.1314688067175439,0.03015022632350047,0.41041744112308937,0.11900461393802891,0.21583608493144693,0.7862587741357067,0.731617502350703,0.5186285014541558,0.8725590955806783,0.8052524545712973,0.8028427106339244,0.7796068312523233,0.44350221950099494,0.43952242461350066,0.49074807023681966,0.1416588309899193,0.3011155464736296,0.321466838687105,0.36914128271850605,0.45694605409897004,0.5625986748595045,0.4026502809910127,0.31779755526885484,0.6085412521046992,0.6459731910520216,0.349539699547353,0.5571362970413942,0.3616478555553708,0.5567383175526448,0.6239531171415451,0.6106754717806302,0.5590518466685618,0.048312960573790205,0.14812271763136603,0.20161815836084931,0.032783013710612055,0.013854934289650346,0.20752662307843694,0.43145349981413045,0.31409328464280245,0.24093065972753713,0.256569941615097,0.5447770658852857,0.23131355098292186,0.09385984765246656,0.40672191729898755,0.38625877413570664,0.2476919376353021,0.34057860094902803,-0.0369378254091662,0.3389079617764755,0.11787190308543438,0.21060987076600118,0.022120662132907656
0.18101069296538452,0.7462115414051738,0.36087555487524875,1.0,0.7817672913341059,0.3915812031226083,0.37391266318252386,0.655804596444425,0.511657300299578,0.20709365638188537,0.17228575801972404,0.15489274234108155,-0.19541230237694343,-0.12137499726662439,0.053403599309002646,0.42346329623231505,0.005431764011283375,0.2825479434081914,0.07735671645054777,0.29684021779536857,0.16539327808270102,0.04327480265028099,0.10491788939668933,0.22486278454440095,0.2639653626642759,0.2578294810959743,-0.060309199448951474,0.34430911198093195,0.2513481008506265,0.174647394546369,0.12233277208020818,0.007080536178959568,0.16297916074435284,0.19208851763573942,-0.18731276377074632,0.30052262141654457,0.32332990750256935,0.06606896853337998,-0.09257615184448185,0.06700050294111215,-0.015376877829043756,-0.14098532723972798,-0.12009796418184601,-0.041711357406770254,-0.2047757538649931,0.2520041109969168,0.18463624237388204,-0.13611335855327897,0.08358443943933,0.04441188690385078,0.2079639631759638,0.5153790645295314,0.6227373116704205,0.913546609520894,0.5743849904878529,0.42935426734600163,0.6046839124445125,0.5921147580415911,0.40652511425510046,-0.04684787124707529,0.0489645973191052,-0.2162428112221469,-0.015016088666437291,-0.08822899127506506,0.10440182808160767,0.11148236426056723,0.29414182939362793,0.05845487743543767,0.1964400516061315,0.30097745511797247,0.25651746080339377,-0.03203078874286589,0.1941134022872887,-0.009413755891803195,0.42390938313179244,0.28432354420415035,0.25727843257309047,0.38811309614922046,0.27553300824386084,0.4268745489930244,0.21182130283615053,0.13912225842426362,0.06009490280116332,0.1376046882858455,0.4237344470927817,0.3614047363932562,0.2741816273425029,0.22164833482757867,0.1848111784128928,0.12486059784391332,0.3383026156248503,0.46348428855699636,0.1385318492926024,0.19740219982069057,-0.047464520784588134,-0.23853674430256305,0.46713607837134546,0.09187640768843891,-0.06351490236382323,0.06870175592049158
0.009984474426537797,0.8562200695370755,0.5413964269314032,0.7817672913341059,1.0,0.5628392119131442,0.31538343793050666,0.7476416435240865,0.6342568498392775,0.22055498458376155,0.1921322516454921,0.22850582755679955,-0.19107388860947716,-0.14277404823861276,0.04952001924296429,0.40393168747676633,0.02987470206205856,0.44443375390872714,0.1773326627451838,0.38115064179659314,0.15056307537556582,0.12723972797445934,0.20513874614594038,0.35438105442697515,0.2635323959677243,0.2952876604491483,0.0009052940018805624,0.496048632218845,0.352929085303186,0.26826878922394,-0.09474098532723972,-0.146574533686121,0.12036036824036211,0.2759222409306597,-0.10777372023353961,0.43985042968664584,0.4291443440991887,-0.023983730948372,-0.08262229122477094,0.1851129430801863,-0.007981456779864862,-0.09847149635914369,-0.09752684174848571,-0.10445223639576381,-0.17600752224967747,0.3551332793947213,0.227600533554919,-0.1116791673044543,0.15369005707288272,0.046602960792460256,0.22390938313179243,0.7784872406026546,0.6362686142879009,0.8849489405436137,0.7990684655922679,0.49513459141501387,0.7427171940259343,0.6751087883492598,0.42802038004854476,-0.059762524327042925,0.11868098226585905,-0.23868273162624914,-0.07811996033325648,-0.09619295445102884,0.10351840108460345,0.0958255887691063,0.4124379523736634,0.08084669042881197,0.28213684371651615,0.5008943604994424,0.32957949749622795,0.09206009052940019,0.2932584023966237,0.08905128802271621,0.47414664013470076,0.28055367256346897,0.37858782882508585,0.3736633793269336,0.20082219938335047,0.27920666506308633,0.2520347248037436,0.2534604535216811,0.09223502656841093,0.24575014760228292,0.49767553738164483,0.4205637313857121,0.43957053202422863,0.3697010780433404,0.3930156786424963,0.2604097876713827,0.2110540017210613,0.28646213728105663,0.15181824145546785,0.13924034025059587,-0.03261245107257659,-0.22095344723205007,0.5129693205921585,0.18494238044215083,0.05623318974000131,0.07064354595351074
0.21806214602785856,0.6158142179265707,0.8551485862981347,0.3915812031226083,0.5628392119131442,1.0,0.6876779427521812,0.7500863746692615,0.9081017253066848,0.5698454002755242,0.5885198224399204,0.5285123876582625,0.3005663554262973,0.4232927335942796,0.6014869563315912,0.6511338042028383,0.44768319083335156,0.7258839736721261,0.5285648684699656,0.856797358465811,0.686991318799064,0.35980407163630795,0.5637619995189259,0.6779821127900112,0.4979423148411362,0.42029695392622074,0.2869432113883361,0.5512803131355098,0.7412564781001946,0.4384990487852879,0.08428855699634821,0.06302508145459317,0.24927948218932452,0.47020183245500863,0.17082066869300913,0.69067372242024,0.3182174017624806,0.33520369115042314,0.3918086199733223,0.5519232030788743,0.19297631803371892,0.1577660667818329,0.14515317836915878,-0.09234664926056695,-0.1603113861494391,0.3206533861057051,0.19017734140954715,0.11774070105617633,0.5645098510856968,0.33037982987470205,0.28292842929303974,0.7417681660143011,0.7477116179396908,0.5498108504078196,0.8764120618398898,0.8330716581749797,0.7550807985830181,0.8050512781264351,0.5335855327895738,0.46738973562791103,0.5132667118584767,0.22124160853687871,0.4135754888103419,0.4650412193041919,0.5741225864293368,0.6358006603835472,0.6038136056504341,0.5001377621307209,0.37819859613828694,0.7371148673766155,0.8437602501585358,0.3061555618726903,0.6470359274890118,0.3139011982040299,0.6381666703111675,0.5989416369639851,0.760293892545538,0.6008178259823752,0.0722835713192364,0.20402352889724695,0.19920841442347642,0.09029760993636701,-0.0965034659202729,0.28763420874242857,0.393107520062977,0.47976646038792065,0.28529443922065995,0.32334302770549517,0.6319433207233606,0.2083225820559358,0.10874254744331732,0.4173930156786425,0.4555465657868842,0.15932299752902845,0.2656097614309768,0.006833453966590361,0.45618508232927335,0.2999234654829328,0.35742494150576193,0.19749841464214646
0.2757560516935995,0.4934289650346592,0.6374538059521987,0.37391266318252386,0.31538343793050666,0.6876779427521812,1.0,0.5931949880824824,0.7052021604600818,0.6955194507008375,0.6647788152456758,0.4874155386936651,0.38610133170059696,0.4728739804508976,0.6138243204828234,0.8198464936257681,0.4430648794034681,0.5491198530537272,0.40870306794078415,0.7422055061118279,0.6911722901314207,0.3636089304847915,0.45604513349806475,0.61490892392469,0.6707572543788677,0.34464586385602763,0.393711049397564,0.2738536222693578,0.5797380332815815,0.2529837528153769,0.22793291202903937,0.35627036364829107,0.5205353042793729,0.31203778618442635,0.20665631628435854,0.5220659946207168,0.12519297631803372,0.7213093962519954,0.6573702739935711,0.7434562987907546,0.355128905993746,0.3415757363713892,0.3692025103321598,0.12436872621284709,0.12384159541667578,0.15170453303011086,0.152391156983228,0.06710109116354333,0.48262229122477096,0.41287091907021495,0.3325359165555094,0.5513983949618421,0.7529378321051365,0.4159541667577792,0.571844044521222,0.7057575823839408,0.6241105595766547,0.5832236338588703,0.6486934464586386,0.5945857295926177,0.5573637138921081,0.3717696967046424,0.5399975290260701,0.5654370120924537,0.5084690909886073,0.6563119109575561,0.739568345323741,0.5734272156742691,0.34021560866808076,0.567999825063961,0.7327939472130502,0.31073013929282106,0.42027946032231966,0.5885051589791178,0.6562200695370755,0.5949880824823424,0.6004854475082548,0.5281406485753646,0.19661498764514224,0.29914500010933504,0.15683015897312544,0.10003717390828978,0.1432245085390654,0.14663576129977476,0.2584373838315366,0.4961579672432267,0.032686798889156155,0.003800485447508255,0.4406595088670705,0.35627036364829107,0.40422514730201425,0.606288950602436,0.731306990881459,0.3028930047451401,0.44180096652161555,0.17488612732351913,0.41154140517373333,0.22150838599637007,0.26087774157573634,0.3225164549211694
0.04767444403140102,0.7255209813911788,0.7482976536703768,0.655804596444425,0.7476416435240865,0.7500863746692615,0.5931949880824824,1.0,0.8437908639653626,0.36809166648444164,0.4306356738317553,0.49692768581487395,0.19263081935667273,0.26891167916730446,0.4336052130939625,0.5484244822986596,0.32721348756860774,0.6325774638647744,0.4403883580066038,0.60439964138112,0.46955019570969364,0.37633115392184735,0.5311276814414729,0.5380157879775207,0.45617196212634753,0.5374734862565874,0.2183070564824736,0.507178937700903,0.5778749644661171,0.4420415035752553,-0.014996391944195404,-0.04563643917692593,0.18666112702543133,0.33986573659005925,0.12515361570925632,0.4601911176226192,0.2490476919376353,0.18730401696879578,0.14083663160656884,0.345384968620848,-0.016129102796789925,0.03240252782576371,0.04983927751415888,-0.13093102155112848,-0.18396273862369072,0.27397170409569,0.21144956375325272,-0.05474623340841005,0.16474601473836128,0.039045723907196433,0.18092759834685443,0.7511141238984497,0.7074763289672213,0.7635083422623603,0.8148870569198137,0.6327217860969583,0.9188515449038945,0.8981959720977017,0.5172771205527978,0.2983009337211082,0.39365419518488554,0.1344164789748748,0.3039954341645715,0.28537316043821476,0.43213575036627233,0.4631825238897028,0.41594979335680393,0.43109925433513374,0.3629091863287486,0.623983730948372,0.6054580044171349,0.3183179899849118,0.531013973016116,0.1305505352502751,0.6037567514377555,0.5310926942336708,0.579991690538147,0.5721895431982681,0.10818044652423957,0.31821302836150533,0.22652467691500294,-0.03926876735693512,-0.13739039163805733,0.2241236797795806,0.4324987426472196,0.24641053114954845,0.21070171218648182,0.2543526273206359,0.34759790951433384,0.09065622881633903,0.13259728914452082,0.390728389932431,0.21226738973562792,0.11369093175307778,0.08081170322100982,-0.14858224963900218,0.39316000087468017,0.0538671798123811,0.027268155080798582,-0.10782182764426756
0.14826266646257463,0.6511381776038137,0.7787321510572697,0.511657300299578,0.6342568498392775,0.9081017253066848,0.7052021604600818,0.8437908639653626,1.0,0.5808969845400276,0.6402746495812468,0.5958540158754455,0.2934464586385603,0.42381316831033655,0.6053224289869017,0.6033762655529072,0.44438564649799916,0.6483829349893945,0.5255122345892284,0.8136187706369858,0.6776103737071133,0.31439067590912073,0.5223983730948372,0.6546543919879294,0.5366687804771381,0.521646148127091,0.2524020904856662,0.47076600118081824,0.7739389035883755,0.3672738405020664,0.07294395486650193,0.04774004504603004,0.2553716297478734,0.37773501563490847,0.0687804771380464,0.6558658240580788,0.2912553847499508,0.2957424941505762,0.3255822090048326,0.5408628720124204,0.11969123789114605,0.06600774091972622,0.008191380026677747,-0.07400677221885885,-0.19166867114211367,0.2620104524283309,0.12067962651155671,-0.03245063523649166,0.3920054230172093,0.26299009424679104,0.25817935317399576,0.715160394480768,0.7571319236404189,0.6480461831142988,0.8688460781526754,0.7552950952308063,0.8033675187509567,0.9261638713345433,0.6374669261551246,0.4519035227744856,0.5491460934595789,0.21223240252782577,0.419547374371437,0.47125582209004835,0.5860969582996217,0.6469965668802344,0.5221228488333953,0.5277689094924668,0.4179965450132295,0.6845378408519385,0.8160766219850867,0.3044849227001378,0.6068443725262951,0.2725768872067484,0.7010255625287004,0.5908508451597385,0.7778006166495375,0.6141173383481664,0.08474339069777613,0.2717850036080558,0.2565568214121712,0.05817060637204522,-0.13277208020817388,0.22894754105530166,0.4018280816076622,0.36313222977848725,0.2424963372766832,0.2177253941527629,0.5601758107192057,0.2183639106951521,0.1416218119239568,0.42704948503203516,0.4126872362292537,0.13611335855327897,0.12730532898908836,-0.05262743571645767,0.4357131923640419,0.15096105486431524,0.17079442828715752,0.14083225820559359
0.2718287376178085,0.36448798408082045,0.410736699394284,0.20709365638188537,0.22055498458376155,0.5698454002755242,0.6955194507008375,0.36809166648444164,0.5808969845400276,1.0,0.7948612538540596,0.5084559707856815,0.3929850648356695,0.5504056329404562,0.6901226738973563,0.6963853840939407,0.5096324156480286,0.4282128096914566,0.38148739367168877,0.6781220616212198,0.7832455008637467,0.31195031816492097,0.3986879797074195,0.631624062452166,0.8137062386564912,0.2804093503312851,0.3012004985677112,0.2949334149701515,0.642575058494238,0.21946600774091973,0.3742975224683475,0.40090966740285583,0.6829371760949903,0.32417397389079616,0.20379611204653297,0.43152784763071,0.1431282937176095,0.73922722004767,0.74753668190068,0.6889243620301327,0.3275239990378518,0.4719949268548687,0.35339703920753973,0.30586943853141824,0.08329142157398702,0.1620301327327196,0.09813474448404802,0.06080339375915681,0.35543941746299007,0.3188034374931666,0.3248824648487897,0.3906234283090245,0.5025999868797971,0.25426515930113053,0.4714001443222322,0.5931118934639522,0.33610461175132844,0.4098663926002056,0.8006385165423892,0.5867398482429862,0.5848811528284971,0.42339769521768605,0.566869920699559,0.6594782532636505,0.5769652970632613,0.7229144344099189,0.4447005313682185,0.6253569788546063,0.34511381776038136,0.3986267520937657,0.7595547877807177,0.37421880125079265,0.4700924974306269,0.5275530029447107,0.6748070236819663,0.6160110209704577,0.6496862084800245,0.5477553519494435,0.2412367977958059,0.0922393999693862,0.2018586954144891,0.1709212569154403,0.17652358356475914,0.1567383175526448,0.29075244363779496,0.5358028470840349,0.09786796702455665,0.13458704161291027,0.4276486409656469,0.359218035905622,0.3345524201882783,0.5256346898165358,0.7553781898493364,0.4374494325512235,0.420952964072511,0.4160906520546391,0.4147646016925062,0.31117622619229846,0.15307340753536988,0.35131967374428724
0.06754280466204544,0.23681966281078481,0.3867617152478625,0.17228575801972404,0.1921322516454921,0.5885198224399204,0.6647788152456758,0.4306356738317553,0.6402746495812468,0.7948612538540596,1.0,0.7910170343967987,0.5596859898099757,0.7014279154184251,0.7521068859198355,0.4847608843016772,0.6288425794318953,0.45855109225689356,0.5563053508560932,0.6777284555334456,0.7934486453390479,0.3907590037392578,0.5058494238044215,0.6299359296757123,0.6449804290306357,0.5407316699831624,0.39829000021867006,0.2953095274540246,0.7356891386586779,0.20848439789202072,0.16450110428374626,0.22292099451138178,0.37322166582843147,0.27576917189652533,0.24229953423279613,0.3561260414161072,0.06639697360652512,0.5197437187028493,0.6265246769150029,0.7365244582449542,0.32669742625352605,0.27272091141676325,0.183201766853994,0.02183204153862093,-0.18465373597778312,0.18777634427412476,0.12171174914172006,0.09795980844503728,0.2927335942795915,0.39082460475388686,0.12265640375237803,0.3198486803262557,0.47055170453303014,0.22414554678445694,0.4354901489143032,0.5007850254750607,0.4181233736415123,0.5190308543438805,0.6668649275108788,0.7061468150707397,0.6844547462334084,0.5285604950689904,0.6908603473144311,0.7533051977870591,0.7621438411580765,0.7889352955325709,0.39165555093918786,0.7170453303011086,0.3352649187640769,0.4126172618136494,0.7677680348122717,0.358566399160307,0.4684787124707529,0.38998752486031146,0.6238262885132624,0.5477378583455424,0.7009512147121209,0.5303098554590978,0.02617043143600621,0.1055039251273753,0.20472764645426517,0.036185519669370884,-0.1642868076359581,0.08092103824539153,0.20690560013994883,0.33889484157354965,0.021670201832455008,0.06818132120443463,0.3317530777809363,0.2935251798561151,0.2663382238944802,0.4058035030941812,0.639640506439833,0.1270647919354486,0.20986201919923028,0.22789623646210588,0.32733594279591527,0.20059915593361177,0.10003280050731451,0.28174761102971724
-0.22492401215805471,0.26487065666615645,0.43579191358159675,0.15489274234108155,0.22850582755679955,0.5285123876582625,0.4874155386936651,0.49692768581487395,0.5958540158754455,0.5084559707856815,0.7910170343967987,1.0,0.5569263737945813,0.5684109247556363,0.586818569460541,0.28181758544532154,0.6401521943539393,0.3607837134547681,0.5272397279744594,0.5271216461481271,0.5749010518029346,0.4424176160591284,0.5161312894972776,0.7221053552294943,0.4988607290459426,0.7596641228050994,0.45960945529290853,0.43275239990378517,0.6292711727274716,0.2912553847499508,-0.13004745140058166,-0.025098948197065447,0.08625221403424373,0.1998338107629398,0.312685049528766,0.35982156524020903,0.23896262928866632,0.21167698060396667,0.38063458048151144,0.5925652183420437,0.11880343749316656,0.17965056526207604,0.11668671142113665,-0.06452522853782315,-0.17214143578754018,0.06821630841223678,0.01857383394196497,0.013277645360914915,0.14029432988563556,0.18707660011808183,-0.06966390413505062,0.3817016903194769,0.4352015044499355,0.2253132448448536,0.4553585095449476,0.3861844263191271,0.484056766744659,0.5927751415888566,0.47564234326824256,0.6313835253985262,0.7215105726968577,0.5174564299927839,0.5863840571870041,0.5643392884476613,0.5859438892654873,0.6186044477487919,0.3790207955216374,0.6428768231615316,0.41000196803043887,0.389066497561829,0.6080514311954691,0.4326693052852551,0.4658721654894929,0.37695258900176587,0.6583105552032538,0.5794756292230653,0.6588441101222365,0.5620082657278432,-0.0923487349937679,0.02376943430058385,0.39478253263650476,0.10319914281340885,-0.18303557761693381,0.2155780542739061,0.3442653779711793,0.11861538125123001,0.18810872274824517,0.21221928232489995,0.35702258861603725,0.35731997988235553,-0.012840319302361989,0.19196606240843192,0.4219763399007238,0.0240668255669021,0.1777481358378343,0.09279283810312383,0.17213268898558964,0.0636023703833286,0.0035074675821652706,0.09900505127812644
-0.1676674465898406,-0.1585401587544554,0.2364173099210601,-0.19541230237694343,-0.19107388860947716,0.3005663554262973,0.38610133170059696,0.19263081935667273,0.2934464586385603,0.3929850648356695,0.5596859898099757,0.5569263737945813,1.0,0.7541273971704096,0.6928254357000722,0.22889506024359843,0.7206883733135072,0.23287922853206797,0.584439439329995,0.41723557324353283,0.5873652445824495,0.3658218713782773,0.5915593361177319,0.4354507883055258,0.27946469572062715,0.32104699219347926,0.6315147274277843,0.2722617043143601,0.5281362751743893,0.38473683059631325,0.05929019702171394,0.10165095886816383,0.15580678314491264,0.26398285626817697,0.6137149854584417,0.1616540202488465,0.007977083378889593,0.3093962519953642,0.5254028995648466,0.43604119743718706,0.38543657475235615,0.23559511053770965,0.3994227110712646,0.11420274453085102,-0.08567929850648356,0.3143075812905906,0.3094662264109685,0.2857580197240384,0.09090551267192933,0.27040738230084627,-0.0841092475563622,0.05741400800332379,0.2415560560670005,-0.09872078021473399,0.12527607093656382,0.1789508211060331,0.199169053814699,0.28686011676980605,0.3053902167020183,0.5953335811593886,0.5428527694561676,0.9363626424088692,0.8202912906909308,0.7381469900067787,0.650770811921891,0.676936869956922,0.13974765476372702,0.7431764011283375,0.26434584854912424,0.17460803393759156,0.5026612144934508,0.31951192845116005,0.3795237366337933,0.15498912662002948,0.25833679560910544,0.2503815792350922,0.39679429708512826,0.3905578272943955,-0.10626052349609674,0.06995254859941834,0.004080383109925433,-0.047184623122170956,-0.2363779493122827,0.09162275043187335,0.12019417900330191,0.03860838380966959,-0.058188099975946296,-0.0315584614375369,0.05432201351380901,0.044997922634536745,0.057359403205084696,0.1823314600599156,0.4246266208917365,0.06135444228204063,0.3432551223458923,0.4464464946031854,0.22319651877282368,0.2096214821455905,-0.02652905031597822,0.1437536900570729
-0.01950536834969714,-0.0968227241914675,0.2699569220003936,-0.12137499726662439,-0.14277404823861276,0.4232927335942796,0.4728739804508976,0.26891167916730446,0.42381316831033655,0.5504056329404562,0.7014279154184251,0.5684109247556363,0.7541273971704096,1.0,0.9016990662788917,0.3045636439176926,0.7774245041656644,0.4434890992980691,0.7447114648706566,0.5905622006953708,0.7904178784631869,0.4729308346635761,0.7803590562200695,0.5282587304016969,0.3869366512868732,0.35979532483435744,0.5449345083203954,0.37035708818963065,0.7007325446633574,0.4981478646869738,0.17770877522905687,0.03744068574927292,0.2599855677767816,0.42469222190636546,0.5034265596641228,0.14937788371126806,-0.07844131989241433,0.35182698825741837,0.5244494981522381,0.44165227088845643,0.32192604578950823,0.18368284096127355,0.3089676586997879,-0.029332432411764937,-0.25426515930113053,0.2911154359187422,0.279477815923553,0.3439811069077868,0.11892589272047407,0.2690122673897356,0.04578076140910979,0.13450394699438017,0.2783013710612057,-0.025217030023397695,0.20041109969167523,0.2985808313835254,0.2280160066475695,0.36632918589140845,0.4062933240034112,0.6776497343158907,0.5870416129102797,0.7096848964597319,0.8998479148153405,0.9306422339332182,0.9024906518554153,0.8961054864315234,0.11058144365966194,0.8474164133738602,0.38866414467210425,0.37906890293236534,0.7173339747654763,0.44149482845334675,0.6289344208523758,0.163230809768974,0.3702346329623232,0.3897093875051934,0.5745249393190615,0.5587019745905404,-0.1694255537818985,-0.018731276377074633,0.05039032603704271,-0.08726246965953073,-0.3444446874111653,0.1518663488661958,0.10695589425116442,0.12133563665784697,-0.12737967680566792,0.06129321466838687,0.16052568279722726,-0.025698104130677222,-0.0026787110261228602,0.2627058231833986,0.3862937613435088,-0.048522883820603095,0.30133170059696923,0.2951855310092798,0.25885723032516234,0.27767160132076707,-0.026244779252585775,0.12228029126850495
0.11665609761430977,0.16342524764383023,0.44669917561391614,0.053403599309002646,0.04952001924296429,0.6014869563315912,0.6138243204828234,0.4336052130939625,0.6053224289869017,0.6901226738973563,0.7521068859198355,0.586818569460541,0.6928254357000722,0.9016990662788917,1.0,0.5113030548205812,0.7211913144256631,0.5515777044018281,0.6886838249764929,0.755697448120531,0.9271347663510529,0.46088211497671167,0.7319804946316503,0.6201613784959874,0.5139489624106186,0.3507729986223787,0.46027421224114934,0.41359253023113424,0.8030832476875642,0.45020664319608145,0.29022326211978744,0.2183332968883252,0.39478253263650476,0.4531411952504865,0.385808313835254,0.3332400341125276,-0.0020554984583761563,0.4725197349719009,0.5461809275983468,0.5210120049856771,0.2406420152631694,0.20772779952329928,0.25193850998228773,0.07841735192472808,-0.1653670376768494,0.2349915812031226,0.20292580525245457,0.21242045876976232,0.21774726115763923,0.2691609630228948,0.16144409700203363,0.31807307953029673,0.4508451597384706,0.1595504143797424,0.41223677592880104,0.49194638210404323,0.3738689291727712,0.5196999846930966,0.509391878594389,0.6844853600402353,0.5820646826004242,0.6551048522883821,0.8539402745847908,0.8994292711727274,0.8977192713913975,0.9762261922984409,0.22518204281559553,0.8289519144562769,0.406354551617065,0.48149832717412694,0.8614156698956944,0.42036255494084973,0.6655529072182983,0.2791523027623006,0.5254378867726488,0.4801906802825217,0.6989525704664232,0.6452865670989044,-0.03755002077365463,0.10298047276464542,0.10818044652423957,-0.08088605103758938,-0.2336358269007894,0.13439898537097375,0.1831317924383897,0.237099560473202,-0.07311889090551267,0.0641271785003608,0.2645470249939866,0.0280553672563469,0.09927193727667397,0.38960879928276226,0.472895847455774,0.07318011851916643,0.254077103059194,0.25243981640482915,0.32394218363910693,0.25279132317246505,0.05156677089938991,0.11600883426997004
0.4084800244910455,0.6184513787146575,0.5863156283483851,0.42346329623231505,0.40393168747676633,0.6511338042028383,0.8198464936257681,0.5484244822986596,0.6033762655529072,0.6963853840939407,0.4847608843016772,0.28181758544532154,0.22889506024359843,0.3045636439176926,0.5113030548205812,1.0,0.3868754236732195,0.6234195622225623,0.37434562987907544,0.7144387833198487,0.6500754411668234,0.3684852725722158,0.40825698104130675,0.6014563425247644,0.6145896656534955,0.09750497474360936,0.2389670026896416,0.31767072664057205,0.5307778093634515,0.31592573965143994,0.28686886357175656,0.4211453937154228,0.7182961229800354,0.49426428462093547,0.22447355185760207,0.6261485644311299,0.30006778771511666,0.7094443594060922,0.5735759113074282,0.5967811768822024,0.33896481598915396,0.3952067525311058,0.4145284380398417,0.14913969642012853,0.22667774594913734,0.2380660820887363,0.23548140211235266,-0.013610023835035316,0.4352408650587129,0.33829131223896264,0.46414467210426186,0.6146246528612976,0.7326496249808664,0.4830202707135204,0.5757494915921366,0.6414161072357919,0.5186285014541558,0.47701559117447684,0.5632415648028689,0.41901992084144235,0.3838402833963832,0.28853075594235855,0.3766377037872665,0.43597996982353326,0.3768909492466817,0.5365025912400778,0.6526863615490587,0.4853556668343137,0.40119831186722354,0.6020773654632525,0.6913865867792088,0.2881677636614113,0.4252913778399773,0.5125609680099366,0.6128315584614376,0.5160000874680195,0.5177494478581268,0.49619295445102884,0.2605803503094181,0.29882136843716517,0.18403708644027028,0.22682644158229648,0.28723185585270383,0.2756248496643415,0.35449913625330737,0.610622990968927,0.20872930834663575,0.09421180380923225,0.4558745708600293,0.3178806498873849,0.42821546458168275,0.5909076993724169,0.6617611685727406,0.37594192123504844,0.4039972884913953,0.17089320350176107,0.5549189827469332,0.29726443768996963,0.22511206839999126,0.3361352255581553
-0.03193894732238525,0.10501410421814523,0.3282018761890184,0.005431764011283375,0.02987470206205856,0.44768319083335156,0.4430648794034681,0.32721348756860774,0.44438564649799916,0.5096324156480286,0.6288425794318953,0.6401521943539393,0.7206883733135072,0.7774245041656644,0.7211913144256631,0.3868754236732195,1.0,0.49860269838840177,0.8627976646038792,0.5877544772692485,0.7377183967112024,0.7191445627692375,0.7458966565349544,0.7206490127047298,0.3954166757779187,0.4536834969714198,0.6071723775994402,0.48918676608864886,0.7641031247949969,0.5720933283768123,0.017113118016225316,0.08438914521877938,0.24973431589075246,0.6470184338851107,0.5562353764404889,0.34604535216811355,0.31045461503137917,0.30904200651636743,0.4914478143928626,0.567820515623975,0.4249677461678074,0.3203647416413374,0.4447661323828475,0.004467433980709391,0.04524720649012705,0.406044040147821,0.3791957315606481,0.3555443790863965,0.14317202772736218,0.2898121624281122,-0.1144781439286261,0.2418315803284424,0.36325031160481946,0.10158973125451007,0.3233386543045199,0.31962126347554176,0.28043121733616144,0.43097242570685096,0.39410902888631344,0.5775382125910214,0.5518488552622948,0.6723185585270386,0.7208968980530627,0.7230587566421027,0.6846034418665675,0.7045986311254947,0.2767838009227876,0.7763705145306248,0.6203406879359734,0.4381360565043406,0.6595482276792548,0.5681835079049222,0.6473901729680086,0.24615932973198082,0.49125975815092604,0.4427937285430015,0.6290568760796834,0.6738273818635061,-0.10044390019898974,-0.01877063698585205,0.3216811353348932,0.23648291093568913,-0.04045833242220813,0.3755308215433732,0.33679560910542083,0.17664603879206664,0.26680807329820033,0.2461787408978592,0.33665566027421223,0.20183245500863747,0.10800781527615219,0.31575955041437975,0.423935623537644,0.02459600708490958,0.33103146662001703,0.2162542176083052,0.44096564693533924,0.3730161159825939,-0.04719774332509676,0.2875686077277995
0.1323697273184492,0.468872318558527,0.5780061664953752,0.2825479434081914,0.44443375390872714,0.7258839736721261,0.5491198530537272,0.6325774638647744,0.6483829349893945,0.4282128096914566,0.45855109225689356,0.3607837134547681,0.23287922853206797,0.4434890992980691,0.5515777044018281,0.6234195622225623,0.49860269838840177,1.0,0.6643808357569264,0.8334871312676303,0.6309461853009993,0.5821827644267564,0.6585467188559183,0.6666637510660165,0.26906474820143883,0.21737114867376617,0.27651265006232095,0.5737945813561917,0.7068290656228816,0.4903850779558724,0.08156392818875599,0.01528066300758785,0.26329623231505983,0.7894644770505784,0.33223415188821587,0.6500185869541449,0.3643436618486366,0.2952570466423214,0.2311561085478122,0.4758303995101791,0.355649340709803,0.07895738120749601,0.1926745533664254,-0.16407269037718406,-0.040921912925586584,0.3832148870569198,0.39804071636307975,0.2469003520587785,0.44252257768253483,0.4283308915177888,0.24481423979357547,0.6196759309877327,0.5372898034156262,0.4529443922065995,0.5997769565502613,0.4928123154971464,0.6163215324397018,0.5663160656884827,0.3405042531324485,0.24826047976208698,0.2544794559489187,0.23295357634864752,0.3768541873722348,0.4324418884345411,0.5928188755986092,0.5502350703024207,0.45925520981391177,0.5170059696923313,0.5623537644048895,0.9134591415013885,0.7648509763617677,0.3751765760643765,0.6555728061927358,0.17445734234702687,0.5094618530099932,0.310061008943605,0.6251995364194967,0.5364326168244735,0.06951083510091623,0.13866742472283572,0.19564409262863267,0.1745074457151604,-0.0818525726531237,0.34490826791454376,0.29286916970982485,0.46643196081432725,0.3665434825391966,0.357621744549649,0.5865430451990991,0.11625811812556035,0.1666989205342237,0.2174061358815683,0.31256259430145855,-0.012223655725875226,0.08268789223939997,-0.03405574786421705,0.43676280859810634,0.3762086986945398,0.3415451225645623,0.25330738448754675
-0.020686186613019613,0.1782423301480396,0.45390216702018327,0.07735671645054777,0.1773326627451838,0.5285648684699656,0.40870306794078415,0.4403883580066038,0.5255122345892284,0.38148739367168877,0.5563053508560932,0.5272397279744594,0.584439439329995,0.7447114648706566,0.6886838249764929,0.37434562987907544,0.8627976646038792,0.6643808357569264,1.0,0.6397454680632394,0.6919332619011174,0.6436946491439067,0.821538999803197,0.6617567951717653,0.27991952942205506,0.4098182851894776,0.5261288841267412,0.543591874220988,0.8002536572565656,0.6475476154031182,-0.0068662395311714156,-0.09452231527847631,0.16497780499005052,0.7268548686886357,0.4324200214296648,0.42712820624958997,0.325083641293652,0.14531062080426843,0.3477422317465177,0.4863965362664276,0.3655507205178107,0.15087358684480986,0.2647569482407995,-0.14085209251073616,-0.09946863178150489,0.4716756685836741,0.4289562878572522,0.32938269445234086,0.1462990094246791,0.30327349062998843,-0.04348909929806914,0.37028711377402634,0.4275261857383394,0.21962782357700467,0.44367278213903044,0.3548971157420568,0.418687542367322,0.5349544072948328,0.34325074894491703,0.4928341825020227,0.485067022369946,0.501476022829153,0.635995972093678,0.6475082547943408,0.7322079114823643,0.6615381251230019,0.2683518838424701,0.723487349937679,0.6689991471868099,0.6109028886313441,0.6905687607968336,0.5049003957927882,0.7167129518269882,0.16536940518411536,0.4351840108460344,0.36791235704445563,0.6652948765607575,0.6592989438236645,-0.16740941593229974,-0.03829787234042553,0.26768275349325404,0.19592399029104984,-0.18450941374559926,0.33280706741597604,0.36122980035424546,0.19523299293695742,0.30529400188056244,0.25938641184316985,0.4164308674640834,0.17067197305985,0.05761306073898694,0.21808838643371017,0.3198093197174783,-0.14831077387330258,0.18509544947628523,0.0490040650852128,0.46368109160088344,0.33766591589949924,-0.02304782313966456,0.24182283352649186
0.24252257768253482,0.4774485578710284,0.6511819116135663,0.29684021779536857,0.38115064179659314,0.856797358465811,0.7422055061118279,0.60439964138112,0.8136187706369858,0.6781220616212198,0.6777284555334456,0.5271216461481271,0.41723557324353283,0.5905622006953708,0.755697448120531,0.7144387833198487,0.5877544772692485,0.8334871312676303,0.6397454680632394,1.0,0.8457938816120356,0.43240690122673897,0.6511687914106404,0.7506986508057991,0.48404801994270846,0.3034659202729002,0.4033500251470556,0.5487000065601014,0.8511294308018631,0.43523649165773765,0.17832542476656973,0.19506243029892195,0.3734796964859723,0.6362423738820494,0.2938050775185323,0.7308477837790558,0.33752596706829063,0.4622116288731932,0.43967112024665983,0.6308499704795434,0.3848199252148433,0.1523780367803022,0.1966630950558702,0.026793670369864006,-0.06969889134285277,0.35401368874505257,0.2695020882989657,0.2503640856311911,0.5590693402724629,0.5204259692549912,0.35416238437821174,0.618525726531237,0.6706391725525355,0.44820799895038377,0.6846253088714439,0.6993024425444447,0.593059412652249,0.6615556187269029,0.5395902123286174,0.4749425991121996,0.4851763573943277,0.38977498851982245,0.57388923693944,0.6272419146749469,0.7209988847827513,0.7712055279788328,0.5751328420546238,0.6377162100107149,0.487918479805821,0.7955435044062015,0.9497627429970917,0.311543591874221,0.6767531871159608,0.35681961559971426,0.6569985349106733,0.47435218998053835,0.7936367015809844,0.6455533445583959,0.07465395464783188,0.2500754411668234,0.21648772167676195,0.18427762349391003,-0.05374035118409831,0.2536485097636177,0.343316349959546,0.5562441232424394,0.2818438258511732,0.27137827731735586,0.6605234960967397,0.2434803524961186,0.2062563756057033,0.40098838862041064,0.5374997266624391,0.13748223305853796,0.2611795062430299,0.13297354742667516,0.5224333603026393,0.4317946250902014,0.3807395421049179,0.3815617414882683
