0,1,2,3,4,5,6,7,8,9,10,11,12,13,14,15,16,17,18,19,20,21,22,23,24,25,26,27,28,29,30,31,32,33,34,35,36,37,38,39,40,41,42,43,44,45,46,47,48,49,50,51,52,53,54,55,56,57,58,59,60,61,62,63,64,65,66,67,68,69,70,71,72,73,74,75,76,77,78,79,80,81,82,83,84,85,86,87,88,89,90,91,92,93,94,95,96,97,98,99
1.0,0.26744658984058955,0.09834029432988564,0.31561085478122064,0.14612407338566835,0.3439898537097374,0.4715663335592924,0.15226432835494522,0.020935470468609916,-0.2995473529990597,-0.0024753449520019243,-0.4026765213968643,-0.06611707594410794,0.22534823205265575,0.24443812730970238,0.39678117688220244,-0.16434821493987098,0.19040038485928582,0.21480833570225885,0.4405195600358619,0.15583302355076425,0.006146821791372539,-0.11652064958202672,-0.5943014585292252,-0.3221884498480243,-0.5365332050469047,-0.04385209157901642,0.07766285451881656,0.39700422033194116,-0.36519210163783866,0.09461415669895694,0.2485491242264547,0.061826769587369615,-0.03877019964575452,-0.16901882749119854,0.6111565458879097,0.38174542432922964,0.37011217773501565,0.2060265465439199,0.10577507598784194,0.2518554153637576,-0.4153331438192911,-0.3091607643854331,0.5704358094071855,0.20560692485079843,0.2680151319673744,0.25532789573812076,0.4438635103799972,0.6446480505565153,0.643943932999497,0.7914281340884739,0.3249484211460484,0.11421136646913473,0.3226476569504275,-0.09491154796527519,0.3513459141501389,0.2175592049157027,0.1271216461481271,-0.37715772670617304,-0.14918982746933152,-0.23624263217813007,0.15348450722704512,0.046078152675428044,0.20221556977934196,0.14702499398657365,0.17128424919638757,0.25737902079552166,0.022485865699282754,-0.2867376615424985,0.009512147121208807,0.1926876735693512,-0.04968620848002449,-0.14220987951280314,-0.4106623515777044,-0.3893376484222956,-0.48796658721654895,0.05049091425947388,-0.34346104771515545,0.46302945485556846,0.08113096149220442,-0.38941636963985043,-0.04034462399685115,-0.20409350331285123,-0.3363845094137456,-0.18549780236600993,-0.038241018127747044,0.27164068137587194,0.021377183967112023,0.35367295015759936,-0.1713498502110166,-0.15180512125254203,0.19420982944822507,-0.02047626336620673,-0.339877041697347,-0.14482079989503838,0.41161137958933763,0.29126413155190134,0.40673985561225207,0.5879206665063086,0.691146049725569
0.26744658984058955,1.0,0.6799413964269314,0.6049157026962017,0.6664450810172531,0.35133279394721306,0.31798561151079136,0.8671885591830487,0.61360565043406,-0.23726137630928693,-0.05762393125013667,-0.3324222081301524,-0.1972316371826551,0.18518729089676586,0.10874024184907394,0.28935295532570904,-0.40016006665094295,0.2004985677111806,0.014545931643742757,0.0950908574052612,-0.028125341671951194,-0.2870463001535688,-0.21951435515785261,-0.4302595613478822,-0.21082416741378934,-0.3620082657278433,0.08378124248321707,-0.34911547965275197,0.17685158863790426,-0.11790251689226126,-0.024031838359099954,0.17319542542257987,-0.11099254335133717,-0.28089042443856466,-0.35540005685421266,0.25393278082701015,0.04018718156174149,0.40427718615381253,0.20343749316656098,0.0535348013382607,0.11156545887909733,-0.14177691281625157,-0.44844295651406446,0.2936082744746452,0.2468765682761182,0.19595023069690146,-0.03308040497693031,0.06683876018324192,0.2907174564299928,0.29693643261682445,0.28765170234632964,0.8762118434019838,0.30779558723841594,0.3761562178828366,0.5275589862456539,0.4524501978963941,0.7478996741816274,0.7710437121427478,-0.3783997725831493,-0.15207189871203342,-0.37236269965986224,-0.18974874811397083,0.10106929653845313,0.04714536560630022,0.0774485578710284,0.1429358640746977,0.3608536878703724,-0.3047082993029519,-0.288683824976493,0.10073254466335746,0.08582362073866742,-0.00997572762458726,-0.02346329623231506,-0.27566858367409414,-0.43132667118584767,-0.3451488049681835,0.17564890336970546,-0.263410228740212,0.16230128359318624,0.28211060331066456,-0.20180184120181058,0.043480352496118604,0.10870962804224706,-0.04496730882770987,0.19423148411362096,0.28702630600686624,0.15713629704139423,-0.13035796286982573,0.31413298870914746,0.17093875051934138,0.2071155233867617,0.29028480711657934,0.21677199274015438,-0.13998834487374145,-0.06590277929631978,0.3205134372744965,0.4094203057007282,0.5084718336272022,0.18753143381950974,0.43545516170650106
0.09834029432988564,0.6799413964269314,1.0,0.3524917452056592,0.6583499158120312,0.38426012989000896,0.09813911788502329,0.6688242111477991,0.566044914828016,-0.10554765913712799,-0.04368152894098096,-0.11831798998491176,-0.3150816732632131,-0.10096870831602195,-0.14784719336992413,0.14623778181102534,-0.21089437241093317,0.09670026896415998,-0.16910192210972863,0.1666003367518751,-0.12177735015634908,-0.3239031771701409,-0.0018718176639683007,0.010264372088954976,-0.04538278192036037,0.07815704882902189,0.2741247731298244,-0.01566552229341147,0.15803721764229953,0.04178347291771446,-0.19556974481205308,-0.09963482101856509,-0.18977498851982244,-0.1252498305307122,-0.10994292711727274,0.03763748879316,0.09961295401368875,-0.0038267258533598654,-0.1336992412149308,-0.11561522818219588,-0.04507664385209158,-0.2009840152194354,-0.37512054212886725,0.03173339747654764,0.19761233912712073,-0.036710327786403096,-0.14978023660099277,-0.11375228373788669,-0.052690734950033895,-0.03919879294133083,-0.01749797730204894,0.7360879229497773,0.03193894732238525,0.24417572325118628,0.7427609280356869,0.42210754192998184,0.4447136515711443,0.7079792700793772,-0.27852004110996914,-0.1214580918851545,-0.22651836447758447,-0.37336598806061533,-0.011073451269379633,-0.2084061323967555,-0.15451662985720846,-0.12795696573440335,0.35454724366403534,-0.262568348132002,0.03348275786665501,0.021648334827578667,-0.007570357088189631,0.23260370427062604,0.09185891408453783,-0.008882377380770155,5.248081170322101e-05,0.04198902276355208,0.4545844175723251,0.222901557916599,-0.1752115632721786,0.12128315584614376,0.26031357284992673,0.2325162362511207,0.2493669502088299,0.20482386127572105,0.5334105967505631,0.4071942446043165,0.32159804071636305,0.21255603419999564,0.41553477458944893,0.5001683759375478,0.2306837812424832,-0.0448099153855589,0.033041044368152896,-0.13064019006829228,0.17487918479805822,0.10863528022566749,0.22532199164680414,0.4403822793974767,0.02820843629048129,0.18925018040279024
0.31561085478122064,0.6049157026962017,0.3524917452056592,1.0,0.441971529159651,0.40081345258139994,0.28050556515274105,0.525914587478953,0.31818241455467844,-0.10928691697098249,-0.04128490520653386,-0.36996348210185653,-0.255625287004439,0.04650237257002909,0.048216745752334304,0.15041437974240668,-0.4736595238019973,-0.010898515230368897,0.0006210229384881153,0.25091950755505016,-0.041599790076753185,-0.37792785848556243,-0.3267458909121488,-0.48333952898471494,-0.2920163565196475,-0.44152106885919834,0.11244013907415101,-0.07396733069471474,0.3167610592377162,0.053093087839758586,-0.052778202969539265,0.17185716472414772,-0.0560276398941637,-0.2845247206490127,-0.33920097964181845,0.33749972666243905,0.2858148739367169,0.36105486431523476,0.2656578688417047,0.015687389298287814,0.27442653779711795,-0.19490936126478756,-0.36485177418419257,0.3865124313922722,0.22243360350060692,0.24267127331569394,0.12240274649581247,0.2197395855543348,0.41095099604207214,0.4629813474448405,0.26791891714591853,0.5459519209641375,0.2813277645360915,0.671903085434388,0.31267192932584026,0.5679211038464062,0.5153484507227045,0.4392687673569351,-0.22548380748288907,-0.04605628567055171,-0.2694455286847827,-0.16579125757145044,-0.008506264896897072,-0.04320710941627486,0.12202663401193939,0.0971682228685137,0.4913778399772583,-0.25337982263668096,-0.4209485906715357,-0.07031116747939035,0.20762721130086811,-0.2940674815770484,-0.2778465373597778,-0.3166735912182108,-0.5364369902254488,-0.4486759528547375,0.26292011983118674,-0.2753408796451315,0.2909798604885089,0.25405086265334237,-0.3505630753755658,0.041381120027989764,-0.0550436246747283,-0.23462858892217534,0.1323391135116223,0.10145415582427675,0.43159344864533905,-0.10264372088954976,0.4350773382143142,0.11900898733900418,0.1509654282652905,0.15984798041598455,0.18076140910979424,-0.24832853898742072,-0.2813802453477947,0.42364260567230105,0.36112483873083906,0.5486175117729896,0.37850036080558047,0.6348472589709387
0.14612407338566835,0.6664450810172531,0.6583499158120312,0.441971529159651,1.0,0.5944676477662855,0.05531040213421968,0.5841201810588004,0.5990597187903173,-0.3071220834882246,-0.2740285583083685,-0.40038048588484837,-0.42351577704401827,-0.12886663313725918,-0.16006210229384882,-0.07309702390063633,-0.40878879620937625,-0.06943648728433667,-0.23906759091207277,0.26715357197524653,-0.24637991734272158,-0.17895976357379176,-0.08822690103753392,-0.21338260698432135,-0.1436837156414686,-0.18306181802278543,0.33234786031357283,0.04069012267389736,0.3350375019133629,0.07852878791191971,-0.14957468675515515,-0.05367037676849402,0.017222453040607027,-0.1711136865583521,-0.10084187968773917,0.17419256084494106,0.3364369902254488,0.15365506986508057,-0.002672147995889003,-0.0956725197349719,0.19700422033194112,-0.1899193107520063,-0.19882836331718245,0.24439001989897444,0.20671558321018152,0.26852244648050555,0.11521724869344646,0.12463987736977708,0.13394415166954582,0.2367234479893289,-0.015853578535348013,0.6119269335103847,-0.1830530712208349,0.12695108351009163,0.8129933742975225,0.4144147296144847,0.2819837746823817,0.6715138527475891,-0.44713651571144303,-0.3614922044127616,-0.3616587890697632,-0.42024884651549277,-0.02033631453499814,-0.22870750411701948,-0.22461787408978592,-0.1261245107257659,0.19934398985370974,-0.3652384216818147,-0.14269095362008266,-0.16630294548555685,-0.07602720255406617,0.06447267717740701,0.01832455008637467,-0.33162624915265354,-0.26093022238743957,-0.17789245807001816,0.33902604360280775,0.11861769764247719,-0.028864446436771555,-0.06933152566093022,0.11139052284008659,0.18790754630338283,0.08913428527694561,0.09554569110668912,0.45451006975574554,0.3966674684568455,0.3962913559729724,0.14956156655222935,0.338422884283166,0.3608099538606197,0.017113118016225316,-0.03317446936923258,-0.07638144803306292,-0.0710634701444414,0.1684983927751416,0.3039032603704271,0.4977630054011502,0.5137636545930938,0.10940062539633946,0.34593601714373184
0.3439898537097374,0.35133279394721306,0.38426012989000896,0.40081345258139994,0.5944676477662855,1.0,0.13349369136909317,0.23182086549605302,0.4518729089676587,-0.04833482757866655,-0.04368152894098096,-0.29065185541536376,-0.39420087030679407,0.03240252782576371,0.0963110362773611,-0.05673175745118191,-0.30843225430498233,-0.23686777022151276,-0.0717981238109816,0.3510091622750432,-0.06539546478318865,-0.42712867325108433,-0.10727526981186554,-0.2573440335877195,0.13128075047560736,-0.22523452362729876,0.17358465810937876,0.14056985414707748,0.5106033106645382,-0.0889156152281822,-0.05843738383153659,0.07083160219544729,-0.0009402812096827097,-0.3530078065207409,-0.35466969889134287,0.25943451925389777,0.28501454155824274,0.22509457479609019,-0.12766394786906038,-0.15296407251098817,0.008843016771992741,-0.3586363735759113,-0.4466126842036529,0.29614484704030086,0.1460542586586107,0.09091863287485513,-0.11782379567470644,0.06590941145989317,0.4677352343049572,0.29043318536660034,0.24610439308127965,0.3670818122083629,-0.2529662592114758,0.01174695501957097,0.5457479609017952,0.8059871859351425,0.00417222453040607,0.44014782095296406,-0.20137762130720954,-0.1350681157201898,-0.08527703885448107,-0.17020401915549627,0.14944785812687236,0.07637286823588318,0.039089457916949115,0.07293083466357612,0.20412849052065338,-0.1259759528285208,-0.2655397870153725,-0.3380026677745949,0.1829787234042553,-0.04082132470315541,-0.005108132339113512,-0.27292646126260084,-0.1821783910257812,-0.07396295729373947,0.4639216286545232,0.1455403834821708,0.34781657956309725,-0.10626489689707201,0.032070149351643304,-0.11666047101528504,-0.23159344864533904,-0.28413548796221383,0.26613019614703376,0.04935383000590409,0.3784828672016794,0.021346570160285145,0.4736092296357925,0.1432245085390654,-0.15117097811112812,0.13487364684100564,-0.07745730467297894,-0.19853512774183407,-0.055249174520565915,0.3383525398526164,0.20601342634099407,0.34593639537358084,0.5022763552076273,0.482346766963329
0.4715663335592924,0.31798561151079136,0.09813911788502329,0.28050556515274105,0.05531040213421968,0.13349369136909317,1.0,0.4788305525792132,0.3935492335614791,0.06321313769652971,0.39552601080230043,0.06613894294898427,0.34288775666396976,0.6407294832826748,0.6225142682206818,0.6204762633662068,0.22434478181638765,0.6342699700422033,0.5655288535129344,0.269865080579913,0.5713323566071156,0.10054241164906368,0.025505702374446566,-0.2734775097854847,-0.09320154818394524,-0.25151429008768666,-0.3785222278104568,-0.35922240930659727,0.3518707222671711,-0.39937023025956137,0.0843191708031751,0.12323806608208873,-0.19249961732741466,0.01683322035380814,-0.30005466751219084,0.397686470884083,-0.11572893660755286,0.4403927314075791,0.3002383503531521,0.5149854584417572,0.11246637948000263,-0.18097570575758237,-0.3295277372637763,0.24067700247097154,0.09025178790299496,0.12016793859745031,0.06324375150335658,0.4042994951998822,0.5924996173274146,0.3873608711814743,0.614436596619361,0.3549303043127182,0.5850692090704336,0.2632612451072577,-0.1636920251033216,0.3313988323019396,0.5549452231527847,0.4205899717915637,0.10054886182239618,0.2342743434431786,0.10697787822039394,0.3916642977411384,0.4028776978417266,0.5665709618674014,0.5716559882792854,0.5703570881896307,0.4185563403380639,0.3368725119423325,-0.17854409481533315,0.468806717543898,0.5635389560691872,0.1297369399313376,0.22142966477881523,0.18905337735890315,-0.04970807548490083,-0.2790535960289519,0.07893988760359494,-0.26579154817486333,0.22728564868469966,0.18650368459032166,-0.3160831820865496,-0.3052677614747108,-0.33149942052437076,-0.25004920076097176,-0.34253788458594825,-0.2381797905140933,-0.03768122280291269,-0.30057072882727254,0.14896038678409418,-0.16201263912881853,0.15691762699263082,0.42064072581067086,0.3958496424744703,-0.2172992251419649,-0.14228860073035796,0.14032057029148717,0.04885526229472349,0.2036279587457852,0.5799392097264437,0.44326605584833045
0.15226432835494522,0.8671885591830487,0.6688242111477991,0.525914587478953,0.5841201810588004,0.23182086549605302,0.4788305525792132,1.0,0.7406966827753603,-0.1993746036605366,-0.014301021189127724,-0.20258467997638363,-0.11213400100588222,0.19253897793619207,0.11397082941549495,0.3678467560298266,-0.20570751318320793,0.40525682797227264,0.07382738186350615,0.08449848024316109,0.03127419037414445,-0.1982093090129424,-0.21095122668577335,-0.27127768909492467,-0.2205374909798605,-0.23904135050622116,-0.09840589534451466,-0.432586210666725,0.09762305656994162,-0.12760272025540662,-0.11537469112855613,0.04930134919420087,-0.23203953554481643,-0.12488683824976493,-0.32162865452318995,0.2196059565721283,-0.12113446021298463,0.2711421136646913,0.14264284620935472,0.18242330148039623,0.03841158076578251,-0.17891583389823096,-0.48922719649194507,0.07872996435678205,0.15051731923356315,0.048531630622553626,-0.07914981085040781,0.07172385441373863,0.226476569504275,0.15383875270604186,0.23995976471102753,0.8420992784978886,0.4186175679517177,0.3768166014301021,0.4807242352015044,0.3773064223393322,0.8100981828518947,0.8440051606131508,-0.2522052874417791,-0.099910345280007,-0.29998939449121875,-0.1799479565283943,0.15070739760774968,0.08160346724007012,0.10362336270800988,0.14685880474951346,0.44508101725306687,-0.18686688118233075,-0.15091294745358727,0.3035227744855787,0.13896918939012923,0.1671120246659815,0.08864009096674029,-0.008055804596444425,-0.23228444599943146,-0.258590452865671,0.1623756314097658,-0.18200584068349718,-0.02653779711792876,0.2232227591786753,-0.07912794384553148,0.03106426712733157,0.053954647831886464,0.05740963460234852,0.14830202707135204,0.2494369246244342,0.07530996479412215,-0.14200432966696552,0.3026615454087062,0.1854453215543067,0.3089239246900352,0.19513917817157383,0.2636985852047845,-0.16764138947484325,-0.03168091666484442,0.08533379982943737,0.18785069209070435,0.3966416617194885,0.14633399663248126,0.3108219807133017
0.020935470468609916,0.61360565043406,0.566044914828016,0.31818241455467844,0.5990597187903173,0.4518729089676587,0.3935492335614791,0.7406966827753603,1.0,-0.11149985786446831,0.029297413133323128,-0.10427062605234962,-0.17072008047057793,0.24546587653889046,0.20214296647788152,0.1423235879381601,-0.06471328498537138,0.10543395071177102,0.04389145218779384,0.08298965690669349,0.08802344142922744,-0.3321076863701515,-0.36073600045504983,-0.08047932474688942,0.09390566574096346,-0.0663707332006735,-0.17334849445671427,-0.352146246528613,0.2631300430779996,-0.1284336664407076,-0.25938641184316985,-0.07960027115086046,-0.1550239443703396,-0.24619623450176029,-0.4415560560670005,0.13495003389385757,-0.14234982834401172,0.19561785222278105,0.08574927292208787,0.2319870547331132,-0.09679648378561588,-0.23475979095143337,-0.49154291737214323,-0.06099582340206862,-0.0571494797287518,-0.13651571144300365,-0.2868557433688308,-0.15287021153079433,0.18752706041853448,0.023813168310336533,0.05422579869235311,0.5776875398393384,0.20507751853228665,0.00475388686011677,0.49260676565130873,0.5759462946360238,0.45473311320548426,0.9116310598937264,-0.159397345345608,-0.12173798954757167,-0.16069204772707307,-0.26931403205702914,0.33079530296735254,0.21799046159213648,0.21512322057247818,0.19190483479477816,0.503868273162625,-0.11042193525398047,0.011230893704489295,0.1291115435918742,0.29824407950842974,0.2598193785397214,0.18594826266646258,0.1662111040650762,-0.04037523780367803,-0.0020598718593514247,0.38340731669983164,0.0899237824712248,-0.006752531105814436,0.023200892173798955,0.1652008484397892,0.015801097723644793,-0.05866042728127528,0.10544707091469681,0.252839430583193,0.2518554153637576,0.11237016465854673,-0.14415166954582231,0.40175198634646736,0.3563097242570685,0.3754433535238678,0.2423697736435964,0.31864162165708165,-0.10338731209395007,0.10878397585882661,-0.030255187946906913,0.01895431982681332,0.2637929017439439,0.21417856596182022,0.2701318580394043
-0.2995473529990597,-0.23726137630928693,-0.10554765913712799,-0.10928691697098249,-0.3071220834882246,-0.04833482757866655,0.06321313769652971,-0.1993746036605366,-0.11149985786446831,1.0,0.5087796024578514,0.7512322057247819,0.4445343421311583,0.2426362861078918,0.3300168375937548,0.03916380573352868,0.4725792925800343,0.09427740482386128,0.2997660230478231,-0.2078240143447552,0.45887909733003873,-0.10266351344117729,0.2296453495937932,0.42571122433360303,0.6146377730642234,0.41694255537818986,-0.2717543898012289,0.027241914674946972,-0.0733375609542761,-0.09327589600052481,0.21672388532942644,-0.024753449520019243,-0.21960158317115305,-0.06920032363167217,-0.1860269838840174,-0.42414554678445693,-0.3797817672913341,-0.1329907502569373,-0.16923749753996195,0.10797052327742669,-0.3260982703199143,0.1453018740023179,-0.041372463695324685,-0.18771074325949574,-0.17525548889766757,-0.3408016443987667,-0.39996501279219787,-0.11016609101719976,-0.019658437383831537,-0.3099210601123964,-0.15734184688723185,-0.19969845367317884,0.1917605125625943,-0.2288163390260436,-0.19341365813124575,0.13528241236797794,-0.03754564737267936,-0.20309636789049004,0.7408191380026677,0.5918304869781986,0.7148441044854642,0.41230675034440534,0.31506855306028736,0.35639359820250566,0.36151844481861317,0.34524064638866414,-0.07540617961557805,0.5203040829025906,0.147764098751394,0.0838337232949203,0.3201679385974503,-0.03771621001071483,0.2680763595810282,0.468496206074654,0.4341212744090442,0.463103802672148,0.14418228335264918,0.13090696781946534,0.018783757188777853,-0.005108132339113512,0.05538912335177451,-0.4022960355120159,-0.2602785856421246,-0.18041591043274802,-0.20756598368721435,-0.46413592530231135,-0.211047210863528,-0.2013994883120859,-0.29259615205911965,-0.18948634405545473,-0.0274737049266362,0.11004363565600557,0.21252979379414402,0.058500862107644803,-0.24065076206511993,-0.09384006472633444,-0.41692068837331353,-0.32229595055446714,0.08453784085193851,-0.26417528591108874
-0.0024753449520019243,-0.05762393125013667,-0.04368152894098096,-0.04128490520653386,-0.2740285583083685,-0.04368152894098096,0.39552601080230043,-0.014301021189127724,0.029297413133323128,0.5087796024578514,1.0,0.6701887122520829,0.5495921803590562,0.5495528197502788,0.6151931949880824,0.2091360346373357,0.514157261111218,0.33153003433119765,0.5508735868448099,-0.09726006428899434,0.687642955544379,-0.09940313944938203,0.1353350411483623,0.2383022457414008,0.38063458048151144,0.3529596991100129,-0.41185191664297743,-0.19299381163762,0.02735562310030395,-0.28519822439920406,0.18757516782926242,-0.03142288600730358,-0.3767903610242505,-0.1865386717981238,-0.3756926373794581,-0.04622684830858717,-0.3113205484244823,0.09393190614681507,-0.01478646869738252,0.12438389713760906,-0.29573812074960093,0.21064048457282805,-0.13829817475744235,0.05502175766985196,-0.22310273458141802,-0.188301152391157,-0.305971879031729,-0.07440475214273995,0.2359318624128053,-0.07022807286086025,0.0834313704051956,-0.09873838177432787,0.3680173186678621,-0.07257658918457939,-0.29019702171393585,0.1809844525595329,0.22153899980319697,-0.008138899214974524,0.6384596881765104,0.7461721807963964,0.6856975418183691,0.4808991712405152,0.4433578972688111,0.6070906105076956,0.6302333209420306,0.573523430495725,0.0808423170278367,0.48802178830777276,-0.03979357547396733,0.34947847193369924,0.6214034243729636,-0.07270779121383744,0.3694211803809232,0.34259911219960204,0.3114342568498393,0.38700225230150226,0.13247468894185563,0.040154424957301295,0.04967746167807396,0.11704095690013339,-0.1411340228728871,-0.4209267236666594,-0.4112615075113162,-0.4069056001399488,-0.35082547943408193,-0.594279591524349,-0.15904309986661128,-0.32012420458769764,-0.09360400341568585,-0.20920163565196476,0.008716188143709957,0.3293087066857129,0.24933196300102775,0.010036966212166473,-0.19341365813124575,0.09911001290153287,-0.3051190658415517,-0.17839340752826863,0.33811200279897663,0.003984168288469528
-0.4026765213968643,-0.3324222081301524,-0.11831798998491176,-0.36996348210185653,-0.40038048588484837,-0.29065185541536376,0.06613894294898427,-0.20258467997638363,-0.10427062605234962,0.7512322057247819,0.6701887122520829,1.0,0.639819815879819,0.29750934814458463,0.35023944370339594,-0.06933589906190549,0.7144351910471908,0.2266689991471868,0.3717915637095187,-0.2117163412127441,0.568603354398548,-0.017552664005459757,0.28818338565037194,0.6635498895716254,0.5872777765629442,0.7124095252673242,-0.2939231593448645,-0.003634296210448055,-0.18222649843650915,-0.07687126894229297,0.1237278869913188,-0.13831755264481424,-0.4576195578491614,-0.027683628173449083,-0.11069077868404364,-0.4912378911460497,-0.4845815748616912,-0.36537141107782467,-0.3609105420830509,-0.05713848374188187,-0.4637160788086856,0.20799457698279067,0.056974605791843796,-0.2784500666943649,-0.2666028149427748,-0.43084122367759287,-0.44558395836522274,-0.1417748811254495,-0.17344908267914544,-0.4521921672388533,-0.2768275349325403,-0.291929207681187,0.18645120377861843,-0.34636023703833285,-0.27310577070258685,-0.09824407950842973,-0.04950252563906322,-0.1899586713607837,0.7911351162231309,0.5735409240996261,0.8176453802079849,0.4692484310424001,0.42418490739323433,0.33077853267782104,0.3849380070411756,0.3283943058319302,-0.15799785703352212,0.5315262420748864,0.2524020904856662,0.19579278826179178,0.3932124816863834,0.023437055826463448,0.38729527016684523,0.4903588375500208,0.6795871509479346,0.661083291421574,0.10496162340644202,0.29741564520326236,-0.2018586954144891,-0.04634930353589469,0.21925608449410683,-0.4720211672607203,-0.30605497365025913,-0.18229209945113817,-0.15572368852638255,-0.5935404867595285,-0.3638494675384313,-0.2951914456276924,-0.4268662689056682,-0.16177210207517875,-0.02750431873346308,-0.004979122454270819,0.04720211672607203,-0.028658927925196906,-0.13659443266055848,-0.19183923378014914,-0.5402593426778334,-0.47186205403589687,-0.050998228772605014,-0.4628151582077803
-0.06611707594410794,-0.1972316371826551,-0.3150816732632131,-0.255625287004439,-0.42351577704401827,-0.39420087030679407,0.34288775666396976,-0.11213400100588222,-0.17072008047057793,0.4445343421311583,0.5495921803590562,0.639819815879819,1.0,0.549539699547353,0.5225558155299469,0.132203538081389,0.6310496501825842,0.4623428309024513,0.6009227876057817,-0.007237978614069231,0.570020336314535,0.27122113142209847,0.24016557714210102,0.22960792460256718,0.2423607618464499,0.2207299206227723,-0.40443462858892215,-0.14885307559423586,-0.019277951498983183,-0.33633202860204237,0.18017974678008353,-0.06497561828956287,-0.28129277732828933,0.19125319804946317,-0.019006800638516543,-0.14154512256456234,-0.34017187465832804,-0.027460584723710393,-0.03633421530253001,0.2328617349281669,-0.04744702718068706,0.19452012857798867,0.07557034740204681,-0.07548927423410816,-0.14398345103270183,-0.16310161597166037,-0.05481183442303908,0.17125382263007177,0.08149832717412696,-0.06888981216242811,0.06405283068378125,-0.242059261834854,0.39913844000787213,-0.14629026262272857,-0.47450963241564803,-0.16882202444731145,0.12988563556449673,-0.18848483523211826,0.48560932409087926,0.5238634624215521,0.564939062057872,0.8294898427762349,0.48396492532417834,0.49848789330746834,0.5255865824058079,0.4545975377752509,0.004574577420130765,0.5893557863988417,0.1003258183726575,0.4006472633443397,0.44116682338020163,0.012866545669239685,0.24298615818591326,0.25347357372460694,0.3053377358903151,0.1621963219697798,-0.14918545406835626,-0.13139897596712055,0.006726290699962826,0.09522205943451925,-0.1486256587435219,-0.3770833788895935,-0.390728389932431,-0.23761562178828366,-0.4445081017253067,-0.46778771511666045,-0.3982156524020905,-0.418460125516608,-0.3792814275673339,-0.3294964028776978,0.01798342481030373,0.23231750051128067,0.17173908289781548,0.030143699179676433,-0.23542454789967418,-0.06284577201460716,-0.3259189608799283,-0.23294071083164394,0.04452559532920776,-0.18498611445190352
0.22534823205265575,0.18518729089676586,-0.10096870831602195,0.04650237257002909,-0.12886663313725918,0.03240252782576371,0.6407294832826748,0.19253897793619207,0.24546587653889046,0.2426362861078918,0.5495528197502788,0.29750934814458463,0.549539699547353,1.0,0.9115567120771468,0.42784981741050926,0.45900424111050714,0.43189958671360784,0.8307318886532111,-0.02138593076906256,0.7212088080295642,0.02242463801868566,0.0729090473738681,-0.07231418512606329,0.21293652008484398,-0.04017843475979095,-0.42836587872559095,-0.2644289431676543,0.3944457807614091,-0.5178194222737311,0.26423651352474253,0.1761124838730839,-0.1853797205396777,-0.18325424766569723,-0.4274299709168835,0.06799763836347336,-0.23524961186066345,0.38139992565218345,0.19001115217248693,0.4417047517001596,-0.15224683475104414,-0.00024491045461503137,-0.19909076794949954,0.20500317071570706,-0.04318082174110051,0.022864140298703286,-0.2252695108351009,0.1042773001654864,0.4056285670551705,0.17633990072379785,0.4254313266711858,0.13613100099612452,0.45069209070433625,-0.06596838031094882,-0.31617502350703025,0.3200279897662417,0.4016225317618246,0.2290262622728565,0.24099626074216615,0.34277842163958805,0.3080408344897366,0.5321423104677352,0.6083313288578863,0.8665519375322757,0.8857361527191621,0.8858192473376921,0.20578600949028011,0.500746212357576,-0.09843650915134154,0.38860729045942577,0.7119940521746736,0.07259845618945573,0.3590518466685618,0.22624477925258576,0.1356760184557521,-0.024613500688810654,0.12781701690319477,-0.20315125751827925,0.3574161947038114,0.24941505761955785,-0.24922262797664604,-0.4056985414707747,-0.3896306662876386,-0.3088801906802825,-0.37459928713564106,-0.39446764776628546,-0.24205025037720584,-0.3826201045242833,-0.08975759305246127,-0.2614812709103234,0.1616846340556734,0.5336801444101771,0.4287157508036124,0.014307596933813775,-0.19586713607837133,0.13625768078546283,-0.046025671863724825,-0.04588358649888651,0.43019833373422844,0.23220572478187662
0.24443812730970238,0.10874024184907394,-0.14784719336992413,0.048216745752334304,-0.16006210229384882,0.0963110362773611,0.6225142682206818,0.11397082941549495,0.20214296647788152,0.3300168375937548,0.6151931949880824,0.35023944370339594,0.5225558155299469,0.9115567120771468,1.0,0.41291027967899235,0.42528528272453614,0.35818153987448337,0.7592092891036715,-0.017213706238656493,0.7442435109663029,-0.03639985611497235,0.11629323248266608,-0.08021692068837331,0.2969058188099976,-0.004106623515777044,-0.44799807570357086,-0.2689073057663292,0.39622575495834333,-0.5105114692440577,0.1835778793378671,0.11453937154227986,-0.23478165795630973,-0.2555378189849336,-0.49601364501104284,0.03377577573199799,-0.27244101375434604,0.3410990356650849,0.11036277361089851,0.4021254728739804,-0.23022020073910476,0.003245063523649166,-0.2643573601225627,0.24725459753777526,-0.08608174551375716,-0.015827338129496403,-0.2722135969036321,0.11593679991347586,0.45367912357044454,0.1781067547178063,0.3737989547571669,0.024095279017834936,0.361172946141567,-0.12314185126063283,-0.34112527607093657,0.3636526644945442,0.2780520872056155,0.14396798670486102,0.30659290197021716,0.38928954101156765,0.4076735777413577,0.5602020511250574,0.6516586123198705,0.8968181251647804,0.912374538059522,0.9283199580153506,0.21381120027989767,0.5754964635551137,-0.11435568870131858,0.3121821084166102,0.7551157857908203,0.0262272856486847,0.39250399072838993,0.24127615840458333,0.15579366294198685,0.08997397826419715,0.1601583171153047,-0.1521004921175737,0.3452581399925652,0.06719293258402396,-0.23750191336292667,-0.4892698607071789,-0.4601823708206687,-0.3840939406529488,-0.37275371192407775,-0.4473857995670333,-0.2556515274102906,-0.3915637095187072,-0.09181309375822085,-0.24833482757866654,0.04514661826769587,0.4690696344600937,0.3827163193457392,0.018519186677742452,-0.18303995101790907,0.2256587435218998,-0.0606940587347751,-0.021388140854291998,0.5097417506724105,0.25642561938291314
0.39678117688220244,0.28935295532570904,0.14623778181102534,0.15041437974240668,-0.07309702390063633,-0.05673175745118191,0.6204762633662068,0.3678467560298266,0.1423235879381601,0.03916380573352868,0.2091360346373357,-0.06933589906190549,0.132203538081389,0.42784981741050926,0.41291027967899235,1.0,0.17674244685502555,0.4867551551463996,0.33643261682447356,0.02735999650127922,0.3209157901642212,0.24109055245969283,0.10809309668841244,-0.17550895453849685,-0.10546456451859788,-0.22569373072970195,-0.16366141129649472,-0.12163740132514049,0.1715728936607553,-0.2120181058800376,0.21115217248693446,0.22112352671054647,0.14670573571537907,0.04770943123920317,-0.13243532833307822,0.19014672760272025,-0.1724694408606853,0.4529662592114758,0.3422011327108526,0.5884673416282172,-0.06292011983118673,-0.11422011327108526,-0.13224318786672598,0.16203887953467014,0.045389391648352824,0.13909164461743675,-0.02421114779908596,0.09613183194319444,0.2579344427193807,0.17143731823052197,0.45125625943014586,0.3496013093978926,0.40397104808554374,0.2512781264350222,-0.1629572937394765,0.10151101003695524,0.45611948131464436,0.19110450241630403,-0.07213050228510201,0.21463339966324813,-0.05112511329857345,0.22611357722332773,0.21972403839846055,0.40786645353676826,0.30968926986070716,0.3988804093503313,0.22098795128031312,0.40090354562962194,0.02835275852266515,0.430876210885395,0.20774529312720036,0.3387111587325884,0.11100566355426297,0.28468216308412236,0.037843038638997614,-0.15058494238044215,-0.0210622990968927,-0.08683397130395003,0.11481489580372177,0.25482058122498963,-0.11921453718484179,-0.09391878594388926,0.051439942271107125,0.09504274999453324,-0.1378933327502132,0.058244954188624784,-0.1298200345498677,0.1663073188865321,0.10559150859544546,0.002208567492510551,0.15227744855787104,0.23447358954944975,0.38080514311954694,-0.03006279117317313,0.16412936520084845,0.05695042749994533,0.12947016247184623,0.13802249898599903,0.2500579475629223,0.2891124182720693
-0.16434821493987098,-0.40016006665094295,-0.21089437241093317,-0.4736595238019973,-0.40878879620937625,-0.30843225430498233,0.22434478181638765,-0.20570751318320793,-0.06471328498537138,0.4725792925800343,0.514157261111218,0.7144351910471908,0.6310496501825842,0.45900424111050714,0.42528528272453614,0.17674244685502555,1.0,0.45180124182883474,0.6579482822906146,-0.05492341619847174,0.6224515344644495,0.23258890596948673,0.3231294376450059,0.6420531390670334,0.4596821190028321,0.5802940896704718,-0.4024386110503062,0.10760764864939262,0.047597961555605146,-0.3605960514708279,0.10597418159917729,-0.2502834513607708,-0.3520307362958701,0.28050587184407205,0.012943094337649967,-0.3556475428568556,-0.39493603347428374,-0.3194947841671501,-0.26090864064724506,0.22283814353312342,-0.3840418797337579,0.00608122070501851,0.08688882887596393,-0.30602469443578945,-0.33743267681152134,-0.3819688854049706,-0.3243470778544698,-0.07246303921418559,-0.13991399697587356,-0.37702912360251223,-0.07160139905254444,-0.26125005193425016,0.251046610665356,-0.2683784176800905,-0.41113294169509357,-0.10951882696517334,-0.02460259408563943,-0.14733129313963578,0.5557286695337663,0.36407946915622685,0.5818035507720163,0.45556455748267755,0.4445676287068638,0.41632508470783686,0.46297529353780437,0.3943150098567989,-0.03734232505559191,0.7415051967050725,0.4867403804209907,0.45587069588566304,0.4609853939183988,0.35398346196634173,0.6042953404645326,0.6024978706984322,0.7472794682817747,0.4691899031184094,0.13039965275166085,0.24008711833792906,-0.14845525841916815,-0.07408549352248368,0.29957829435006683,-0.33212955339893613,-0.2664125717923481,0.008173895359712042,-0.19459687585771385,-0.470062397566918,-0.3592840297437473,-0.06511345161213095,-0.34800758349387395,-0.14025293592203603,0.15303858765243633,0.05091087207992845,0.13322268616776256,0.011742607296160801,0.07166918684177694,-0.35219255230887675,-0.5333368320582577,-0.4262107240399817,0.014447545918035706,-0.34825867383051345
0.19040038485928582,0.2004985677111806,0.09670026896415998,-0.010898515230368897,-0.06943648728433667,-0.23686777022151276,0.6342699700422033,0.40525682797227264,0.10543395071177102,0.09427740482386128,0.33153003433119765,0.2266689991471868,0.4623428309024513,0.43189958671360784,0.35818153987448337,0.4867551551463996,0.45180124182883474,1.0,0.6135181824145547,0.02622291224770943,0.5800354245478997,0.3270913899669467,0.30194868027032573,-0.030172093328376812,-0.14356126041416106,0.06841748485709913,-0.34725241083728764,-0.2710327786403096,-0.05051715466532549,-0.354997703964488,0.18666987382738187,-0.11314425663116923,-0.32511425510047887,0.43329470162471845,0.08631781504887276,0.13842688766919595,-0.18647744418447004,0.08704379961076732,0.09568126653692244,0.3652664494544182,0.04073385668365004,-0.0449629354267346,-0.1328598387526711,0.014279154184251384,0.09088155833199363,0.0319608143272616,0.15750803612429207,0.3869961153225677,0.2171262382191511,0.092431829612298,0.3559511053770965,0.3330589021222849,0.6438914521877939,0.3293652008484398,-0.13920097964181846,-0.07780280335002515,0.5923465482932803,0.20352496118606633,0.22313529115916994,0.23303229756620236,0.13464841644452347,0.39154621591480615,0.25717784435065927,0.3778604838313113,0.3840195928363692,0.43017646672935206,0.1635389560691872,0.4328381544667633,0.10554328573615272,0.8000262404058516,0.3002820843629048,0.2466685618070893,0.4148039623012836,0.3028142835275852,0.10435809407185498,-0.16693271522599548,-0.13791082635411428,-0.2469312358480799,0.0013907415101353567,0.18132557783560385,-0.20800769718571646,-0.22317465176794735,-0.15746430211453938,-0.08291968249108919,-0.34726115763923815,-0.29541448907743106,-0.17457304672978943,-0.1514508757735453,-0.20565284561124625,-0.342712820624959,0.23073626205418643,0.18192493267699386,0.3391878594388927,-0.19392337137114582,-0.11052458944698344,-0.031882093109706765,-0.09796418184601255,0.01755485070833822,0.14873062036692833,0.022448667206052788
0.21480833570225885,0.014545931643742757,-0.16910192210972863,0.0006210229384881153,-0.23906759091207277,-0.0717981238109816,0.5655288535129344,0.07382738186350615,0.04389145218779384,0.2997660230478231,0.5508735868448099,0.3717915637095187,0.6009227876057817,0.8307318886532111,0.7592092891036715,0.33643261682447356,0.6579482822906146,0.6135181824145547,1.0,0.0888456408125779,0.746526426275393,0.03775342519674382,0.1978091423861828,0.05257265312370164,0.14297085128249984,0.10189149592180359,-0.4364872843366644,-0.10689029323653539,0.3136471977433251,-0.599462071680042,0.21286654566923968,-0.007290459425772452,-0.367886116638604,0.08596794297085128,-0.2839036977105246,0.0604578950821106,-0.1483064004723273,0.16120355994839386,0.024193654195184884,0.3412083706894667,-0.09489842776234939,-0.04176597931381339,-0.21964579748100332,0.10824167413789333,-0.06261405022204243,-0.06139380289081804,-0.12457632678052087,0.2513330687424353,0.37821171634121276,0.14406857492729222,0.40287332444075136,0.06270807844581655,0.5504668605541099,0.11004351533970393,-0.39806695676893133,0.224814677133673,0.37746823817541714,0.07750103868273163,0.3689575998775448,0.39724913078655616,0.3813106878385519,0.5366644070761628,0.4357131923640419,0.7100691217552604,0.7820296953926221,0.7735584177035272,0.23974546806323938,0.5914615812708061,0.01765979313813387,0.5305984999234655,0.6732763333406223,0.026349740875992216,0.46092147558548907,0.2968839518051212,0.22460038048588485,-0.02819094268658022,0.11565896219194857,-0.2451556331107642,0.25327677068071985,0.16780739542104917,-0.2435109663029455,-0.40924536966171743,-0.4634055673394415,-0.3666528175635783,-0.41994708184819923,-0.5521025125188603,-0.1658262447792526,-0.3541755045811375,-0.1381886884047626,-0.37319979882355514,0.1942271107126457,0.41532922451887294,0.36126041416107235,-0.14409497287950368,-0.28853075594235855,0.06167807395421049,-0.18939887603594935,-0.03152569539886798,0.428903807045549,0.16648662832651812
