0,1,2,3,4,5,6,7,8,9,10,11,12,13,14,15,16,17,18,19,20,21,22,23,24,25,26,27,28,29,30,31,32,33,34,35,36,37,38,39,40,41,42,43,44,45,46,47,48,49,50,51,52,53,54,55,56,57,58,59,60,61,62,63,64,65,66,67,68,69,70,71,72,73,74,75,76,77,78,79,80,81,82,83,84,85,86,87,88,89,90,91,92,93,94,95,96,97,98,99
1.0,0.012612315307882697,0.024201605040126004,-0.22623865596639917,-0.04440111002775069,0.23060076501912546,0.20096452411310284,-0.12059781016944153,0.13385434635865898,0.05278108932014521,0.022637065926648166,-0.16779350776027122,-0.09943748593714843,0.09093377334433361,-0.06259883844552996,-0.017839966069124847,0.064225605640141,0.0559783994599865,-0.13357683942098553,0.02542039504252599,0.23171996678921,-0.19985982144298317,0.04908422710567764,-0.1765094127353184,0.012539568191543744,0.10139953498837471,0.0625305632640816,-0.01622216163735269,-0.285581746636841,-0.03700292507312683,0.2551039732633395,0.03204980124503112,-0.19973606830274723,0.016755418885472138,-0.02262206555163879,0.10236334746994925,-0.22912922823070578,-0.4232295807395185,-0.42905272631815794,-0.10451661291532288,0.1612585314632866,-0.0601560039000975,-0.06640516012900323,0.037167929198229956,-0.08276456911422786,0.11736443411085277,0.2251646291157279,0.10990328879596094,0.2170105066416213,0.0811251193937955,0.729461010073182,0.17545945228361404,-0.0008880222005550139,0.026016650416260407,0.008157203930098252,0.37149267662669555,0.030845271131778294,-0.0431620790519763,-0.11583893941309575,0.06639015975399384,-0.04762170840085402,-0.3776885838478417,-0.4969489237230931,-0.31228680717017926,-0.2905227630690767,-0.1919081916359886,0.05815122558735337,-0.08027900697517439,-0.09195608338562238,-0.3211475286882172,-0.22813470336758418,-0.3180649516237906,-0.3045886147153679,-0.164729618240456,-0.17014025350633766,0.028815720393009826,-0.23516621734278162,-0.34762169054226355,0.27387684692117303,0.19111227780694517,-0.40784684911382496,-0.4228110702767569,-0.11311482787069677,-0.22798169954248856,-0.20862971574289357,-0.3252120022545801,-0.28761269031725795,-0.04453461336533413,-0.007893950308989647,-0.281539894074832,0.21111827795694893,-0.033720843021075524,0.12160354008850222,-0.008311710909664918,-0.11655891397284932,0.018765469136728417,-0.16082802070051752,-0.01071102179217873,0.1650446261156529,0.07369987013420984
0.012612315307882697,1.0,0.6957383934598365,0.5035385884647117,0.687945698642466,0.19994599864996626,0.13223730593264832,0.49893441046070053,0.3189379734493362,0.03491563598426556,0.027573689342233556,0.32242268147556513,0.4195799894997375,0.32703667591689795,0.3576878263286183,0.33531576012444547,0.3940478511962799,0.3758793969849246,0.4036060901522538,0.24100436548579116,0.21152794684469076,0.11858550910730194,0.27977349433735843,0.3046861171529288,0.025583899191443785,0.03528838220955524,-0.21185779644491112,-0.12137857998147557,0.2351084658773382,-0.03382884572114303,0.0020625523372657033,-0.06930173254331358,0.09080855426707092,0.4332663316582915,-0.030111752793819845,0.2954122460857652,0.06116402910072752,0.07049726243156079,0.06663316582914573,-0.05217880447011175,-0.06466061651541288,0.17380484512112804,0.2684062101552539,0.2594524863121578,0.32677266931673293,0.09331733293332334,-0.19489987249681243,-0.1638934087952597,-0.06441313448329204,0.00825621569364022,0.15119108647382992,0.660129250779785,0.181368034200855,0.6460541513537839,0.7212435310882772,0.38634905360726246,0.5205910147753694,0.6293092327308183,-0.08036528926922086,0.14986274656866422,0.24353192962273132,0.10450840190070558,0.21264681617040426,0.2856611415285382,0.3128433210830271,0.3404367662468266,-0.16800276307012474,0.39572489312232806,0.33629578350553013,0.2867111677791945,0.1987399684992125,0.04200405010125253,0.10315307882697067,0.047174679366984176,0.34628665716642915,-0.0379254481362034,0.3240839736308537,0.01899497487437186,0.19081977049426235,-0.06928823220580514,-0.045815662572441,-0.183097577439436,0.24591314782869572,-0.19706742668566715,-0.09344183604590114,-0.08780922815917072,0.19516837920948024,0.030803270081752043,0.44728584987847214,-0.08760372294447588,0.0909292732318308,-0.08981324533113327,0.05800645016125403,0.11279386214425985,0.012654316357908948,0.33410935273381837,-0.032420310507762694,-0.15108308373326038,0.010822770569264232,-0.027833206267611
0.024201605040126004,0.6957383934598365,1.0,0.5438190954773869,0.642449561239031,0.4300697517437936,0.20279306982674566,0.5410697296444278,0.43981399534988375,0.009525241703008884,0.030486762169054226,0.2848137271483464,0.27466586664666615,0.12352958823970599,0.15938879449067142,0.3788003961605894,0.2695747393684842,0.2412510312757819,0.4024465611640291,0.15122408731122616,0.0007065181928436645,0.12570168968038448,0.10230855771394284,0.2579209480237006,0.08437939112705578,0.12914122853071328,0.0028350708767719193,0.008014703373098656,0.2565477598994255,-0.028403210080252005,-0.04367885835103373,0.14297157428935722,0.1620761126813707,0.2564239105977649,0.09338033450836271,0.3647432553601304,0.22816170404260105,0.2220985524638116,0.16549613740343508,0.02493812345308633,0.0034455861396534915,0.2749508737718443,0.22165004125103127,0.14574214355358883,0.3008955223880597,0.1663316582914573,-0.1536683417085427,-0.06633993337581408,0.15167784882542462,0.24095054483313624,0.07807923126049873,0.6125682939205014,0.21311782794569864,0.5874236855921398,0.7797524938123453,0.4994819243538656,0.5173074326858171,0.5468131703292582,0.07502290370618682,0.1537673441836046,0.22410193658665667,0.14809275785374096,0.26823370584264605,0.229219230480762,0.2568979224480612,0.18541527444336908,-0.00018750475793324575,0.2713732843321083,0.25519997569940134,0.14002100052501312,0.04457961449036226,0.06947123678091953,0.07297082427060676,0.08768169204230106,0.25679141978549463,0.09766744168604215,0.20334815995957328,0.14556363909097728,0.04807770194254856,-0.03319882997074927,0.07346661421534088,-0.15016125403135078,0.20997974949373735,-0.039149478736968425,0.11033225830645767,0.0668154454419328,0.25556888922223053,0.12531913297832445,0.3265995374632861,-0.08969927611913783,0.08285007125178129,0.03889147228680717,0.08068851721293033,0.18784901666881118,0.07104177604440111,0.192364809120228,0.08084002100052501,0.0008100205542716216,0.15185179629490736,0.1770479925928245
-0.22623865596639917,0.5035385884647117,0.5438190954773869,1.0,0.7815870396759919,0.25447686192154806,0.1867321683042076,0.8354281989906082,0.5386109652741319,-0.32275043979243245,0.05165979149478737,0.17719049620885377,0.26965724143103575,0.0885427135678392,0.2340606892900072,0.3122511575616889,0.2609705242631066,0.37887497187429686,0.5106487662191554,0.3413636621029499,-0.2832372933603837,0.1257384406129394,0.050243756093902345,0.294550363759094,-0.1636181518106137,-0.09799894997374935,-0.015537388434710867,-0.21961307268173474,0.3987903693056492,-0.12076201905047626,-0.14777399976525443,0.010434260856521414,0.2855494958184765,0.3751038775969399,0.23494037350933775,0.319805115054817,0.2069271731793295,0.40014550363759094,0.0992844821120528,-0.11373884347108677,-0.032262806570164254,-0.011319282982074552,0.3599909997749944,0.33212930323258083,0.6219005475136878,0.4254706367659192,-0.24372009300232506,0.07756846829988857,0.01773344998629465,0.05705399053553885,-0.29172440250673415,0.3426326943046421,-0.11844596114902872,0.8371679291982299,0.5850956273906848,0.21155786828092252,0.5069556738918473,0.6722673066826671,-0.12361213665797639,-0.012094802370059252,0.018237462775619214,0.21096535324585347,0.49839945998649965,0.5278916972924323,0.49797194929873245,0.39249335670404556,-0.27025660776144095,0.47814295357383935,0.4942092905607828,0.3007575189379734,0.10259356483912098,0.04585614640366009,0.23698042451061277,-0.24255306382659567,0.3097547438685967,-0.18579014475361885,0.4109624281716438,0.03777544438610965,0.02927323183079577,-0.2358988974724368,0.18992581936767983,0.03256281407035176,0.5510492762319058,0.17434485862146554,0.34862821570539265,0.2453934768594926,0.25405835145878647,-0.19283732093302333,0.35203493288644677,-0.15245861863745866,-0.1505497637440936,-0.320936023400585,-0.32025500637515936,-0.08326561286493231,-0.11597089927248182,0.42653866346658664,0.465881647041176,0.11482191360606583,-0.04445961149028726,-0.1321848541906844
-0.04440111002775069,0.687945698642466,0.642449561239031,0.7815870396759919,1.0,0.2853956348908723,0.24948473711842797,0.6742071080054131,0.5115367884197105,-0.22030984036221468,-0.012784819620490512,0.053411855325832654,0.26852471311782794,0.22595814895372385,0.24170488326142978,0.2738689048253119,0.3584729618240456,0.3455621390534763,0.3916252906322658,0.358446845588732,-0.05273385789685568,-0.003777845862839035,0.047602190054751366,0.20860571514287857,-0.1519276051629917,-0.11828845721143029,-0.07559588989724743,-0.26619750476170206,0.2640667006925487,-0.15698792469811745,-0.03747845101569716,-0.03259431485787145,0.06117530232330076,0.3895477386934673,0.13239780994524863,0.31216992131177523,0.1675076876921923,0.09552388809720243,-0.12128403210080252,-0.22081002025050625,-0.02602115052876322,0.05795244881122028,0.2504462611565289,0.24277356933923347,0.4738558463961599,0.3181669541738543,-0.11209030225755644,0.008506715857915494,0.08425563798681984,0.09789630754109646,-0.0395282530294234,0.5390034272120034,-0.024513612840321008,0.862641566039151,0.8313417835445887,0.30976161020088067,0.47068026700667515,0.6782839570989275,-0.17500644078844732,0.013066826670666767,0.03552915155222314,0.0385479781549484,0.2062761569039226,0.29719342983574587,0.3088682217055426,0.25487906313594744,-0.23070135404687517,0.45171079276981924,0.3773473251884032,0.1468521713042826,0.0005355133878346958,-0.0867276681917048,-0.040741018525463135,-0.18081002025050627,0.2591644791119778,-0.21900247506187653,0.27039011114908945,-0.06338408460211506,0.08562664066601665,-0.09110177754443861,-0.024794879170060687,-0.22663016575414385,0.4083387084677117,-0.06152103802595065,0.06274956873921848,-0.08473040003390682,0.26305557638940974,-0.017083927098177455,0.30719504507429035,-0.23420994307732207,-0.03599639990999775,-0.24453611340283507,-0.163169579239481,-0.030171015589522707,-0.09924248106202654,0.3972894322358059,0.20159303982599566,-0.11522392380707472,0.07141078526963174,-0.12614120083298003
0.23060076501912546,0.19994599864996626,0.4300697517437936,0.25447686192154806,0.2853956348908723,1.0,0.5991959798994975,0.3119801664967468,0.7335363384084602,-0.05554265939498606,0.06910372759318983,0.0670134504663103,-0.10105602640066001,-0.07488187204680118,-0.15310288498571728,0.31184314690241016,0.13611190279756993,0.10948173704342609,0.30371559288982225,0.07802672992827742,-0.08228761890620999,-0.167825008559604,-0.12132903322583065,-0.14591614790369759,-0.06083629372095745,0.19179779494487362,-0.041801545038625966,-0.028713728610865522,0.07415513168647177,-0.25985749643741096,0.20113710385402445,-0.045448136203405085,0.07365861908746453,-0.05967149178729468,0.08666316657916448,0.13717548082783565,0.207155178879472,-0.03170779269481737,-0.006574664366609165,-0.1468116702917573,0.18799969999249982,0.021698042451061276,0.02102302557563939,0.5582839570989274,0.42169954248856223,0.44010200255006376,0.08237155928898222,0.23559147813377423,0.6917268025676638,0.4685754915350129,0.2980043118594344,0.24652975569256805,0.02805070126753169,0.32925673141828543,0.47839795994899875,0.6335733269232152,0.36456161404035103,0.2689087227180679,0.04963850957718401,0.1251931298282457,-0.0015240386724814214,-0.1939549216061494,-0.0789844746118653,-0.026435160879021976,0.015253881347033676,-0.10331741042334747,0.34865984724364835,0.07060226505662641,0.042022066309935574,-0.15897847446186156,-0.23980799519988,-0.26156153903847595,-0.14961974049351234,-0.2808595214880372,-0.20002100052501312,-0.04172654316357909,-0.012501317220925361,-0.1665281632040801,0.33999399984999623,-0.07219080477011926,-0.2706443676008469,-0.33009525238130955,0.3384699617490437,-0.08174604365109128,0.29885547138678464,-0.04165455698438641,0.09398934973374334,0.09885247131178279,-0.100909060567419,-0.3775063292231306,0.21091427285682143,-0.12604965124128104,0.0945953648841221,0.06866949248837673,-0.1858201455036376,0.533182329558239,0.30808520213005325,0.4415317038670167,0.5692492312307808,0.4145670196381525
0.20096452411310284,0.13223730593264832,0.20279306982674566,0.1867321683042076,0.24948473711842797,0.5991959798994975,1.0,0.39247670909652094,0.4630420760519013,0.07314335601266397,0.11024525613140329,0.07690695151390008,0.11504087602190055,0.0967059176479412,-0.0584497331619831,0.5175765216869566,0.2625710642766069,0.3271701792544814,0.23313882847071177,0.2804493664026922,-0.028507484067722764,0.16700823783404678,0.1348068701717543,0.0631620790519763,-0.01056776815711773,0.3390399759994,0.03479036975924398,-0.017634447474105898,0.10898976561531015,-0.20498762469061726,0.20716125671690377,-0.18417460436510913,0.1421608573317648,0.1461516537913448,0.34001350033750843,0.33266944148710115,0.29568889222230554,-0.0703937598439961,-0.02058651466286657,0.06302707567689192,0.4930038250956274,-0.07330533263331583,0.3508857721443036,0.46632115802895074,0.4172849321233031,0.43737193429835747,0.3046951173779344,0.4561038236345568,0.45678709097246556,0.5058529654090415,0.2645339625493183,0.278893826930878,0.2723243081077027,0.3837095927398185,0.27564839120978024,0.5258270928625184,0.4261276531913298,0.22296407410185254,-0.05058728365232624,0.15828995724893122,0.07982602558540484,-0.184563183290789,-0.19171529288232206,-0.09888247206180155,-0.05181129528238206,-0.11295440857605261,0.371241420251065,0.15266331658291457,0.07836348847352553,-0.09670741768544214,-0.26580964524113104,-0.1539998499962499,-0.05896347408685217,-0.1596564914122853,-0.11588839720993024,0.01480837020925523,0.08370812409365477,-0.2390849771244281,0.39212930323258083,-0.08584714617865447,-0.2584805589442014,-0.15695342383559588,0.39497187429685743,-0.027639690992274805,-0.03346883672091802,-0.1493557899031793,0.2022545563639091,0.12155703892597315,0.015003380710786591,-0.10693096337320313,0.3246291157278932,-0.18628965724143104,0.10864021600540014,0.1557797029099723,-0.05349133728343208,0.4689972249306233,0.21097427435685892,0.23429919534209828,0.3556588914722868,0.37399024000236636
-0.12059781016944153,0.49893441046070053,0.5410697296444278,0.8354281989906082,0.6742071080054131,0.3119801664967468,0.39247670909652094,1.0,0.5978544205559637,-0.38005353637856176,-0.11452340603143611,0.1358487481052637,0.28767954986859817,0.10699096489574175,0.2167203305485116,0.417544314924463,0.21839579179323212,0.6602065027400534,0.47180172196872816,0.4790470854624507,-0.14976616264100953,0.31691166047525726,0.24004284108710947,0.4139895049837181,-0.2021714559149898,0.009895751104684977,-0.05297909434452272,-0.28374205635795124,0.3223110495095249,-0.21585847740887945,-0.027320953514553,-0.09161182465005695,0.3431578363142851,0.47319825740581495,0.37261545511719985,0.45755978216439075,0.16569120441432367,0.2501275969877912,0.08742821849105037,-0.13574969464851125,0.2644289598848757,-0.04158930532862564,0.6123897893909489,0.48381027668580495,0.7131623464945925,0.4021009533117186,-0.21873255033848024,0.19246620600480463,0.014465622489779112,0.04423692227845282,-0.1617806658521457,0.36940176209537395,-0.008019203487289054,0.790312304174774,0.5701134666292559,0.32769618817684554,0.707068441861762,0.8081372564829401,-0.17491725411929357,0.028239716582810277,0.04051454324948867,0.07022280823731211,0.41013365714157884,0.5132267731294042,0.4887889030184485,0.41346180168959823,-0.269300434486188,0.4366678304462283,0.4871592943518296,0.4291143887776454,0.21659874619319988,0.043771110691936885,0.37529527311758176,-0.29062337456815013,0.3315864140052787,-0.07205432837858768,0.39814250216943087,-0.1201260481984815,0.26280591870020553,-0.32458873643921,0.17112290641484018,0.14223435919687463,0.6709227746654544,0.09904376323549907,0.23301816283589835,0.22522704959652712,0.24386643811088424,-0.251049370377791,0.5000648766705743,-0.11180987910438694,-0.1290722752089925,-0.402844222172166,-0.3119861666490007,0.014080112562898494,-0.11148357889582233,0.49505906212373624,0.3877845900339994,0.14999486236770596,-0.08732021575048081,-0.0859777139261336
0.13385434635865898,0.3189379734493362,0.43981399534988375,0.5386109652741319,0.5115367884197105,0.7335363384084602,0.4630420760519013,0.5978544205559637,1.0,-0.41088667624943875,-0.1689867246681167,-0.053286602147533245,-0.1076516912922823,-0.1250851271281782,-0.13709372875337678,0.17176948747796905,0.08943823595589889,0.32601665041626043,0.3325403135078377,0.28467347358941236,-0.18618779433575652,-0.126747966229652,-0.08704717617940448,-0.09219980499512488,-0.31208516916118945,-0.072268806720168,-0.1342353558838971,-0.20599722717965419,0.04300309120344231,-0.3530323258081452,0.01927923921069633,0.06341108527713193,0.0799977799436717,0.07040126003150078,0.1943433585839646,0.24318092071588027,0.04924773119327983,-0.026783169579239482,-0.1471431785794645,-0.3958073951848796,0.23890647266181655,-0.11455036375909397,0.18896722418060452,0.5519507987699692,0.612220805520138,0.5369204230105753,-0.026229655741393534,0.2823281640771833,0.5229882708274091,0.2058953790169071,0.07795997823445319,0.2396910821612267,-0.24757668941723543,0.5792259806495162,0.5428215705392635,0.45906489877183865,0.4464936623415585,0.5719687992199805,-0.25824580298726896,-0.12220955523888097,-0.15051231925011158,-0.18030082513345044,0.07714692867321683,0.1612150303757594,0.16343958598964975,0.011500796145503983,-0.0040081017055810615,0.18085202130053252,0.19679149358416353,0.04927773194329858,-0.10037350933773344,-0.3583274581864547,-0.033278331958298955,-0.5297172429310733,-0.11580289507237682,-0.317767944198605,0.026284416967082388,-0.2544363609090227,0.2409315232880822,-0.1268791719792995,-0.23829529674317163,-0.29741093527338186,0.506529663241581,-0.10595814895372384,0.2771139278481962,0.034165616952532576,-0.028389709742743567,-0.10637815945398635,0.10167032988462797,-0.48946092007088127,-0.08270006750168754,-0.4263541588539714,-0.2871911797794945,-0.16780775812187415,-0.36030450761269034,0.5333023325583139,0.4029100727518188,0.4462095725679353,0.307035175879397,0.14621621023634504
0.05278108932014521,0.03491563598426556,0.009525241703008884,-0.32275043979243245,-0.22030984036221468,-0.05554265939498606,0.07314335601266397,-0.38005353637856176,-0.41088667624943875,1.0,0.5622562672528211,0.46126150248368897,0.40362799206032696,0.2769767782857685,0.07386415200191405,0.2540197315229568,0.2861217603396888,-0.2824736677693395,-0.041705558278544254,-0.42039482516674803,0.2840579210132065,0.2266783369671769,0.18023032334446754,0.19208887425519774,0.6830328380955809,0.5379856513859418,0.22354092235092038,0.5846888057367478,0.08736224957792663,0.3657070298159073,-0.04837924576557846,-0.12302037164193907,-0.22585481576150584,-0.001144529042424532,0.014428116113447393,0.03534466012499822,0.2897346020155465,-0.01806570841735236,0.2894173439651235,0.5532395384533272,-0.06106054941144561,0.3230781981092998,0.012099307019916482,-0.2031711554680843,-0.32426247816040615,-0.28035036389050344,0.22184137922501346,-0.08857803088429526,-0.1036219182643953,0.3863269876652818,0.17707280962484784,0.10961232251730482,0.6208290035360085,-0.26072161581101955,-0.09440189544810364,0.10372242085233695,-0.08219158561149068,-0.32717630209868875,0.6462121399626041,0.3993633838458932,0.5278050909810927,0.2769986327147924,-0.17292138788022962,-0.39847986142651176,-0.30769980788264667,-0.29855279969191295,0.479509097359257,-0.12044555630599973,-0.17958762438132783,-0.14125708439852655,-0.22048609483467194,0.37915112095972103,-0.07084679773749758,0.7082984730738041,0.07844299049088922,0.5436272945426373,-0.04334511613674052,0.34770657305431574,-0.1543081655697122,0.23208738921751773,0.026238675645897883,-0.04310209371563107,-0.3321774290022843,0.2265492486872014,-0.2250852115372586,-0.14957035143654948,0.25689126861595923,0.4402896723504669,-0.10610148211316442,0.4737616993637586,0.48518881166613015,0.5723282728299633,0.7371217044633026,0.5260402955376101,0.5477531492362004,-0.17717699586628258,-0.34758431995214323,-0.21850537651344523,0.08321686162786966,0.4437241758975294
0.022637065926648166,0.027573689342233556,0.030486762169054226,0.05165979149478737,-0.012784819620490512,0.06910372759318983,0.11024525613140329,-0.11452340603143611,-0.1689867246681167,0.5622562672528211,1.0,0.47083044732263396,0.33725493137328433,0.17030825770644267,0.10577518404530259,0.1146022439836966,0.2998034950873772,-0.11530488262206555,0.11001875046876172,-0.22555922356531385,0.009668498963851038,0.18767576227248087,-0.0008400210005250131,0.15930098252456312,0.32141615593497946,0.35031575789394737,-0.039596489912247804,0.3750200161329358,0.25710652407806656,0.21917047926198155,0.0538108654507146,-0.09481587039675991,0.06925225727603325,0.09720543013575339,-0.1205955148878722,-0.10474390787666975,0.21126378159453987,0.10524713117827945,0.17191179779494487,0.38806570164254106,0.002796069901747544,0.07494637365934148,0.02256056401410035,0.04493512337808445,-0.038463961599039975,-0.05630990774769369,-0.0019950498762469062,-0.052073071354189274,0.03957625424745431,0.13409825331695277,-0.025392644338351873,-0.0533788544884364,0.23278931973299333,-0.019308482712067802,-0.05941198529963249,0.002079052755963829,-0.040819020475511884,-0.23186229655741394,0.47159696677306506,0.4702497562439061,0.40138393511738185,0.2541536991501338,0.012556813920348008,-0.04562364059101478,-0.01551188779719493,-0.06738773523420123,0.2728494235541419,0.14335558388959724,0.06524040547529353,-0.039759993999849995,-0.12429010725268132,0.21086777169429236,-0.10054601365034126,0.30535063376584415,0.18384309607740193,0.28873171829295735,0.14364889509072304,0.10059101477536939,-0.020918022950573763,0.019170479261981548,0.05755721051422085,-0.044033600840021,-0.048563714092852324,0.022886072151803796,-0.12848121203030075,-0.2017566195742359,0.17087077176929424,0.19537388434710867,-0.147539243808322,0.18297914309576893,0.2213275331883297,0.2286462161554039,0.3400735018375459,0.16973830710955484,0.25578789469736746,0.11145128628215706,-0.06577514437860947,-0.09382663085076444,0.11559738993474837,0.19695499773308134
-0.16779350776027122,0.32242268147556513,0.2848137271483464,0.17719049620885377,0.053411855325832654,0.0670134504663103,0.07690695151390008,0.1358487481052637,-0.053286602147533245,0.46126150248368897,0.47083044732263396,1.0,0.678443215496641,0.2716868940549558,0.3723433378409494,0.33488462444264194,0.45922165274947085,0.05721295177865541,0.4524542310261441,-0.2259283176541796,0.11572877341421359,0.4654529854143744,0.32352370941414915,0.48566807382740756,0.4677105435464963,0.43470128054502444,0.006554416318314538,0.39914527799090826,0.4322511304666095,0.3123926769642,0.02981026761439107,-0.20844603931826236,0.17417923511530423,0.18595071849949502,0.07398337732820491,0.06130057848989612,0.358646350651173,0.3026506797610202,0.44307224295819625,0.29959510222574004,-0.08901225868607042,0.33494874932453766,0.2927084274763678,0.20665799394661094,0.12523892793780522,-0.03511514104670653,-0.09838824660176444,-0.11129986597154877,-0.09314564850044889,0.1898457809132476,-0.05890501680418271,0.21046441945880107,0.28409745897304145,0.14940529115927367,0.14645396626940438,0.13347268692168823,0.15871377736211173,0.057893219040437226,0.4087485252745258,0.4669318483956859,0.7152281671253035,0.6235008051457325,0.3797631364896151,0.23923057047574267,0.24124137149981878,0.29063859293326083,0.10358141722149346,0.3700556401618951,0.3140795875493794,0.1921061246929276,0.14115733186730606,0.3782728486735617,0.33419573021667776,0.30092338593093915,0.4398014099608087,0.4288653824591101,0.441603871299686,0.2764397646590477,0.040663031824435404,-0.2585390604286766,0.13386269696444683,0.007059929145702569,0.0807072979476911,0.056219176561609206,0.02261307380674944,0.09040207785350472,0.360135138429163,0.24231389871519696,0.12523747486497777,0.23613533048476,0.1592492909507691,0.06711470303559425,0.31921260001974794,0.32948273418040513,0.12900102340097788,0.18910754860405912,0.029307743683998043,0.03822623432553388,-0.003651842665507894,0.2924100295582611
-0.09943748593714843,0.4195799894997375,0.27466586664666615,0.26965724143103575,0.26852471311782794,-0.10105602640066001,0.11504087602190055,0.28767954986859817,-0.1076516912922823,0.40362799206032696,0.33725493137328433,0.678443215496641,1.0,0.7102707567689193,0.6201472362361631,0.4343093463319478,0.7659896497412435,0.3468026700667517,0.5159558988974724,0.020577522154626122,0.24838014578882395,0.44062343081958805,0.5059236480912023,0.6867981699542488,0.2886425743053433,0.39304582614565364,0.02410110252756319,0.09830649452730555,0.4762530849220634,0.20297157428935722,-0.05884874328686505,-0.21561539038475963,0.1096002811071408,0.6063526588164704,0.18540013500337507,0.12582544282062041,0.30945773644341107,0.07806345158628966,0.14185854646366158,0.21395784894622366,0.15049276231905798,0.14052201305032624,0.38406210155253884,0.1321683042076052,0.17128628215705394,0.08493212330308257,0.07710642766069152,0.028640976764787423,-0.24094736403937947,0.033668379586438,0.05363911109244775,0.3285570871361092,0.408283207080177,0.4077386934673367,0.20571514287857195,-0.025388894243193207,0.25263481587039677,0.19795844896122403,0.2769572777909434,0.46465611640291005,0.6894264941973388,0.438609629719385,0.22198154953873847,0.19556888922223056,0.18497112427810694,0.3091189598133022,-0.024569123441509057,0.5836990924773119,0.40080117032972534,0.275774394359859,0.05179179479486987,0.33071926798169954,0.20285157128928225,0.2601635040876022,0.6056266406660167,0.2797074926873172,0.4900151841353319,0.028386709667741695,0.10753018825470637,0.012153303832595814,0.036622679300489826,0.010522763069076726,0.12013650341258532,-0.026568664216605416,-0.231452786319658,-0.17603096678579458,0.40049351233780844,0.10952673816845421,0.2896566000362463,0.27083562245393883,0.3641881047026176,0.10403660091502287,0.4025905647641191,0.23431719579885987,0.14328658216455412,0.17927548188704717,-0.08150003750093752,-0.24524722314830466,-0.1298297457436436,0.11701646929291654
0.09093377334433361,0.32703667591689795,0.12352958823970599,0.0885427135678392,0.22595814895372385,-0.07488187204680118,0.0967059176479412,0.10699096489574175,-0.1250851271281782,0.2769767782857685,0.17030825770644267,0.2716868940549558,0.7102707567689193,1.0,0.7545206459614444,0.3336717171738223,0.8326783169579239,0.35039975999399986,0.41164029100727517,0.2262559912457938,0.5491153897214398,0.04589816466593163,0.49675091877296934,0.5276186904672617,0.16841002340435574,0.28976074401860047,-0.10781219530488262,-0.1758082111333699,0.27691377668710293,0.048775219380484514,-0.016497418621998695,-0.12407260181504538,-0.13111457703240142,0.6796009900247506,-0.03678241956048901,0.06687319690737623,0.10834770869271731,-0.2148668716717918,-0.14246906172654317,0.012705317632940824,0.24056851421285533,-0.14059401485037126,0.05568439210980274,0.026879171979299482,0.07338183454586365,0.07659641491037276,0.28452411310282755,-0.014182109871038975,-0.19707425075912688,-0.07470195158853253,0.261164127039742,0.3447702485450811,0.39278331958298957,0.38268506712667816,0.1688787219680492,-0.0395282530294234,0.20029400735018377,0.16867321683042075,0.027083187235878017,0.26485562139053476,0.4639385224400396,0.029820756701703404,-0.09935498387459686,0.05731643291082277,0.061261531538288456,0.2712242340241024,0.007860949471593395,0.5121218030450762,0.26108687507947353,0.15131928298207456,0.05149778744468612,0.005896647416185404,-0.09832595814895373,0.14326408160204004,0.3844866121653041,-0.01934148353708843,0.3380440778684997,-0.19714542863571588,0.2861726543163579,0.3086147153678842,-0.18248788062998383,-0.1418195454886372,0.02790369759243981,-0.21186529663241582,-0.3918727968199205,-0.4073705870286745,0.24514962874071852,-0.061728043201080024,0.17186986119773998,0.07217808151882361,0.5737643441086027,0.21405685142128553,0.43736593414835373,-0.02275407738471524,-0.0025230630765769144,0.13233480837020925,-0.22331358283957098,-0.35818583896568895,-0.11023175579389485,0.01882922779165654
-0.06259883844552996,0.3576878263286183,0.15938879449067142,0.2340606892900072,0.24170488326142978,-0.15310288498571728,-0.0584497331619831,0.2167203305485116,-0.13709372875337678,0.07386415200191405,0.10577518404530259,0.3723433378409494,0.6201472362361631,0.7545206459614444,1.0,0.3187111958467796,0.6956689025984524,0.42864862695893924,0.5885016832302534,0.4012835830522636,0.3263725264822773,0.09139585344322616,0.3462552862279124,0.5667833821283614,0.024300625741112834,0.0053506357723831005,-0.3356440169669542,-0.3163416457973793,0.5302186531303181,-0.16158410019655386,0.0649846733553389,-0.19430668053203218,0.1049329520235146,0.7072364461248702,-0.24028809731048617,0.10694975395616436,0.11669171105217616,0.10480765949436704,0.09674120480807881,-0.001726543811049327,-0.038437725357283646,-0.22708326223779526,0.06105529927822348,0.06640068491738445,0.19080709172996607,-0.10726997197554643,-0.15370740032529406,-0.28063772642145535,-0.2571786223495255,-0.2252144681834702,0.02788946815380496,0.1693626110872355,0.17468243256673868,0.38236645254876034,0.14907903288046984,-0.1401486088266773,0.20928456059573985,0.2118053745613944,-0.08710349291494256,0.19016582545783436,0.3781627376904955,0.2669266233605515,0.2228134038901394,0.488059884519604,0.4985196499361522,0.7436309273580296,-0.18684781133114178,0.7178709659758121,0.5027611961007996,0.347992330305406,0.4724662388308436,0.06796822469370639,0.1423746127558087,-0.015914653834342166,0.5465553688425229,-0.10211584118947736,0.6236313085061941,-0.14636171392850122,0.3217311639283073,-0.04013801850222232,0.08907004355362151,0.054236876260738934,0.14802450612185325,-0.219800577439668,-0.2474155281690447,-0.1707516468549065,0.1956079635520889,-0.21974732608841496,0.307778675300889,0.0096737490990393,0.1653529458310121,0.010099006262284617,0.10550367715581525,-0.12065035674668623,-0.16909479078032796,0.21037883836303828,-0.12147458241753739,-0.25805614494573237,-0.26150388566111704,-0.23188572105731722
-0.017839966069124847,0.33531576012444547,0.3788003961605894,0.3122511575616889,0.2738689048253119,0.31184314690241016,0.5175765216869566,0.417544314924463,0.17176948747796905,0.2540197315229568,0.1146022439836966,0.33488462444264194,0.4343093463319478,0.3336717171738223,0.3187111958467796,1.0,0.39614684933668964,0.37945141316840914,0.48368988639858823,0.2067512289076242,-0.02252310530845675,0.30758390097346233,0.18511983625583933,0.44905623159433455,0.2275132791019602,0.395096071885128,0.06248338237840418,-0.07544524929912765,0.33815996123906794,-0.08809880158124707,0.03693847886970044,-0.19488509137313545,0.23440146163879938,0.49861602634400376,0.20492185358355455,0.410885638469535,0.37346700682578965,0.19481008941370923,0.32875533873343243,0.33527900916432657,0.18968445550652013,0.022160078932076124,0.300468349735827,0.1744755581740677,0.25865100725772827,0.0798613363774634,0.05239261875719819,0.03849177003191667,-0.006882932397710475,0.3602543169301363,0.13062646160126917,0.4570711123846068,0.6756881523534078,0.4255236168047583,0.30180188457442547,0.343678607483195,0.4756616766616038,0.3177068000903534,0.16006474171570048,0.1782571569683386,0.22190238041314336,0.13292452249988365,0.16526156745855444,0.23996726914505828,0.21375483434518253,0.19300493700769566,0.26379099046132143,0.3361145309923349,0.35998816468646544,0.1870878876711838,0.10676078912568347,0.16227948955176724,0.06601372460859717,0.23332359557908217,0.35231945434596773,0.23127604208674588,0.3600005400144117,-0.1253725253573043,0.20584662774328005,-0.13663481958474813,0.1487086907803475,0.12386423595324267,0.19467583590633625,0.09307068147161235,-0.07860205347869688,0.014452883001403603,0.38215298374694223,-0.05056782108435783,0.37517269207644555,0.14917145304354762,0.26670846775888896,0.07707726364356146,0.265450684899311,0.12570708123768817,0.08404794575263598,0.21815219922634285,-0.05823827147487914,-0.0977890914109499,0.012071565369652922,0.23514773141494866
0.064225605640141,0.3940478511962799,0.2695747393684842,0.2609705242631066,0.3584729618240456,0.13611190279756993,0.2625710642766069,0.21839579179323212,0.08943823595589889,0.2861217603396888,0.2998034950873772,0.45922165274947085,0.7659896497412435,0.8326783169579239,0.6956689025984524,0.39614684933668964,1.0,0.3655966399159979,0.6290152253806345,0.16567320395756208,0.3353201344935575,0.09121056446807979,0.35551638790969775,0.5565484137103428,0.15040056641438335,0.283169579239481,-0.1319522988074702,-0.11378313724711565,0.44345700272147526,-0.018270456761419036,0.021709300873511195,-0.1648421210530263,0.04011626795030206,0.6858696467411686,0.009040726018150454,0.0726213427665778,0.26497862446561166,-0.0754428860721518,-0.05393684842121053,0.01337283432085802,0.27137478436960927,-0.12998724968124203,0.1629100727518188,0.256374409360234,0.2816350408760219,0.24326258156453912,0.15222980574514364,0.051457305729136496,0.04593041548429615,0.05980956252485881,0.17963480823327155,0.3348947479542529,0.3205580139503488,0.4955448886222156,0.2629700742518563,0.038044715384655564,0.2059206480162004,0.17145128628215706,0.051623059935149485,0.32380709517737943,0.5107637106291931,0.1841566729755897,0.051571289282232056,0.1743388584714618,0.21994749868746719,0.3284342071809273,0.06465464061151006,0.6886612165304132,0.44612257036025427,0.15474086852171304,-0.007075676891922298,-0.04799369984249606,-0.10022200555013876,0.00993924848121203,0.45204530113252833,0.015619890497262432,0.46103894886335983,-0.2247086177154429,0.2869526738168454,0.14940523513087828,-0.14349364115115432,-0.17371034275856898,0.20538213455336382,-0.1963054076351909,-0.22901222530563264,-0.4032244818212546,0.316422410560264,0.03019875496887422,0.13476941977403625,-0.027789705163770485,0.48999924998124955,0.09180529513237831,0.36421210530263254,0.010815274437589615,-0.0886072151803795,0.38172954323858094,0.0256686417160429,-0.19474544166559596,0.02863271581789545,0.09046279549344201
0.0559783994599865,0.3758793969849246,0.2412510312757819,0.37887497187429686,0.3455621390534763,0.10948173704342609,0.3271701792544814,0.6602065027400534,0.32601665041626043,-0.2824736677693395,-0.11530488262206555,0.05721295177865541,0.3468026700667517,0.35039975999399986,0.42864862695893924,0.37945141316840914,0.3655966399159979,1.0,0.384561614040351,0.6227940533991488,0.11142886929341565,0.24317417054459467,0.34800570014250354,0.45773194329858247,-0.15186910367851653,0.00528163204080102,-0.16786919672991824,-0.33839283671825554,0.17668948349565614,-0.3342563564089102,0.1844724309879493,-0.16795769894247356,0.27648176572482475,0.7477281932048301,0.1784129603240081,0.35816783850892736,0.004690617265431636,-0.03852246306157654,-0.005131628290707267,-0.17571889297232432,0.4769699242481062,-0.2553243831095777,0.5396954923873096,0.4366744168604215,0.4775009375234381,0.2104537613440336,-0.12406210155253881,0.1467044726260032,-0.05567691280166626,-0.13725283573042033,0.06138155755702733,0.27666627040663105,0.14261306532663318,0.5199744993624841,0.2741528538213455,0.1253131798219468,0.5166504162604065,0.5891517287932199,-0.18002331809170924,0.06213005325133129,0.10252460156177184,-0.034583377553207846,0.20228905722643067,0.4585089627240681,0.45331433285832146,0.47084862435220953,-0.26620650499008286,0.5106637665941649,0.5570946362764347,0.6395484887122178,0.39522088052201304,-0.041318532963324085,0.23383484587114678,-0.2572774319357984,0.5029925748143703,-0.0059416485412135305,0.35117691111414423,-0.4106457661441536,0.49540688517212933,-0.1980724518112953,0.08994003222832413,0.22542113552838822,0.4341723543088577,-0.1942233555838896,-0.16526213155328884,-0.06132155603448869,0.09633090827270682,-0.36193654841371037,0.5442063092351351,-0.0853484157160548,-0.06016500412510313,-0.244273606840171,-0.12703817595439887,-0.07933326308155628,-0.21381984549613742,0.37384234605865146,0.03747693692342308,0.024836130216805998,-0.19169879246981175,-0.19298814707424558
-0.13357683942098553,0.4036060901522538,0.4024465611640291,0.5106487662191554,0.3916252906322658,0.30371559288982225,0.23313882847071177,0.47180172196872816,0.3325403135078377,-0.041705558278544254,0.11001875046876172,0.4524542310261441,0.5159558988974724,0.41164029100727517,0.5885016832302534,0.48368988639858823,0.6290152253806345,0.384561614040351,1.0,0.24780553806554584,-0.03777997283431111,0.1849659435108296,0.15807845196129902,0.49386934673366834,-0.06828398270606598,0.0002535063376584415,-0.26452261306532665,-0.20098710004767786,0.7309227971660295,-0.2678781969549239,0.017975706133544402,-0.18698417460436512,0.35378847738263847,0.549651241281032,-0.010111752793819845,0.19765401547065647,0.4761629040726018,0.2702257556438911,0.2578459461486537,0.031007275181879547,0.006007650191254782,-0.12950123753093828,0.22802970074251858,0.36425560639015975,0.4785074626865672,0.17600990024750618,-0.24626265656641416,-0.11210609469216071,0.09273010302637082,0.12497501497234524,-0.0809143032004494,0.28600100727557975,0.14255756393909846,0.5251421285532138,0.3713207830195755,0.10822699626003772,0.32444311107777696,0.33844596114902875,0.0018420467419362062,0.2296182404560114,0.3469993051073915,0.3745092531723256,0.5284947123678092,0.6284947123678092,0.6299242481062026,0.6001384535653481,-0.10179108294873698,0.7999114977874446,0.7362899333571108,0.3402610065251631,0.295342383559589,0.047863196579914495,0.15214280357008925,-0.12729018225455638,0.5237380934523364,0.002005550138753469,0.7813870776971515,-0.1583079576989425,0.266099152478812,-0.2965514137853446,0.18087983982594832,0.04549163729093227,0.4001575039375984,-0.05621990549763744,0.13919897997449937,0.06205132455236488,0.39969399234980874,-0.10676966924173105,0.297283543569939,-0.10760898057788974,0.032534313357833945,-0.2470396759918998,-0.014886372159303983,-0.0857054247751597,-0.2130083252081302,0.4636810920273007,0.25910897772444313,0.08881725373781985,-0.03524488112202805,0.01464337157555476
0.02542039504252599,0.24100436548579116,0.15122408731122616,0.3413636621029499,0.358446845588732,0.07802672992827742,0.2804493664026922,0.4790470854624507,0.28467347358941236,-0.42039482516674803,-0.22555922356531385,-0.2259283176541796,0.020577522154626122,0.2262559912457938,0.4012835830522636,0.2067512289076242,0.16567320395756208,0.6227940533991488,0.24780553806554584,1.0,-0.12493976405134463,-0.07335263883044989,-0.017016431791957918,0.19660248878816683,-0.4274630071724347,-0.23638199819322078,-0.28319893617302533,-0.5474765975223862,0.114023936116355,-0.4694781630084194,-0.04467940049456273,-0.13900177717010548,0.12504096980497248,0.5232905284971975,-0.005805897324645022,0.42245962833542966,-0.016072157831006094,-0.032863583913444114,-0.06076279185584762,-0.17545945228361404,0.21981557782030267,-0.3971088266365038,0.1858892169388929,0.18768026238667126,0.43278498191894665,0.1358254465707163,-0.10612244285699496,-0.01941649997487435,-0.06797425033694618,-0.11103444241275517,0.04805448740305063,0.14819556603582543,-0.03749120133923662,0.4715707161069544,0.21309840737210206,0.08607071632094526,0.39640905887989697,0.4910629607226629,-0.34348934485062993,-0.09976003141080407,-0.24838614594325803,-0.211594698563488,0.05580891615125127,0.4266070751545621,0.3888713676109805,0.43995774389609027,-0.24328751465350232,0.3613074181757616,0.3393034870647919,0.3376480678197447,0.34621778527632574,-0.2581325501134773,0.058006471914228905,-0.3781520956094527,0.17138234882711356,-0.3443817386866434,0.2499581864233004,-0.40175894463324835,0.2612436290571057,-0.21431193816544603,0.04383112865156278,0.11852025745154117,0.3632762181340607,-0.15225461346082728,-0.08473190007197029,0.009327990195747541,0.020711775561306326,-0.48321476157460896,0.4134848972361038,-0.25766463486434776,-0.20326865794220958,-0.2748894753204556,-0.3450612559293935,-0.3258166397784743,-0.3408956502271485,0.21619373591606408,-0.014160359319118718,-0.10030458284300821,-0.23793903770309846,-0.2674250111940382
