0,1,2,3,4,5,6,7,8,9,10,11,12,13,14,15,16,17,18,19,20,21,22,23,24,25,26,27,28,29,30,31,32,33,34,35,36,37,38,39,40,41,42,43,44,45,46,47,48,49,50,51,52,53,54,55,56,57,58,59,60,61,62,63,64,65,66,67,68,69,70,71,72,73,74,75,76,77,78,79,80,81,82,83,84,85,86,87,88,89,90,91,92,93,94,95,96,97,98,99
1.0,0.014462837025212656,0.16690228390192116,0.11503793925346045,0.06863615490586254,-0.006638822680457458,-0.01534190739532897,0.014661842800125533,0.21587544554022436,-0.07282376596160785,-0.07251536157092563,-0.19054710212679177,-0.012197415320023617,0.03820603091994489,-0.05621794430252459,-0.10991668671142113,0.11916205637313858,0.017585445321554306,0.08815027005751022,0.2571516039448077,0.04439001989897444,-0.2153399393628579,-0.009897006407032428,-0.0733638013601277,0.17094312392031663,-0.10296309173552735,0.125555968598981,-0.15734184688723185,-0.06392600205549846,-0.08042247053421094,-0.040309636789049,0.07841507948656272,0.3556231003039514,0.005541099035665085,-0.0007828387745730468,0.2296735256171962,0.07877807176751,0.5073626205418644,0.34916358706347994,-0.04152106885919835,0.48483960551923205,0.04344536528831646,0.2607071789377009,0.16132181815607174,0.015341890621241609,0.3408847390172968,0.363958802562813,0.18358662613981763,0.19893726356300978,0.37347354472212385,0.36953926220725547,0.09936367015809845,-0.043209201635651964,0.06102213052651799,-0.07288710065382345,0.13875285774740723,-0.03567820515623975,-0.042715007325446634,0.12647438280378737,-0.06089523517963744,-0.07598346854431348,-0.060208611226520305,0.02222125035533883,0.07147449213881174,0.046215965336413596,0.0048588537959550985,0.28289781548621284,-0.13011742581618596,-0.024757822920994512,-0.04799594147948626,0.03473792394655704,-0.09294351752640441,-0.07903172902407557,0.22694015000765344,-0.14583542892130064,-0.10994086062071759,-0.11924515099166867,-0.2513699678555028,-0.0024053705363976294,0.2613325752771643,0.004565830618180228,0.3767514123369468,0.20363429621044807,0.01915549627167567,0.1040476963632473,0.13989212994708888,0.008878003979794888,-0.001972403839846056,0.26425838052961886,0.16870012256587186,0.38432615110795876,0.2580437777437624,0.45855109225689356,0.19771708469090987,0.1889921497452494,0.08841704751700159,0.37738077015591176,0.22341518882158712,0.15379501869628917,0.23494784719336992
0.014462837025212656,1.0,0.3277714545621501,0.6623253372985503,0.47524436377949314,0.1680829196824911,0.3301309069680167,0.5265077589688032,-0.06234283090245129,0.015724580399060807,-0.03388948415735497,-0.05073369348332774,-0.09765804377774376,-0.09117666353239597,-0.09399323652805308,0.6774004504603005,0.18484179221971966,0.5137696529706326,0.10752443637794931,0.24994423913756533,0.28801906802825217,-0.12571354848310468,-0.1091600883426997,-0.12696420371301742,0.12390719643130481,-0.11766210848458683,-0.335820340687936,-0.2579519363232818,0.22104480549299163,-0.22938050775185323,-0.10599374603660537,0.08521571800310511,-0.0225711224333603,0.2279722726378168,-0.12092016356519647,0.09588681638276006,0.11790251689226126,0.08754236732194791,-0.09586494937788372,-0.18729089676587,-0.030963678904900396,-0.20073035796286984,-0.16750563075375566,-0.06190993189517586,-0.05553344558395837,-0.18977061511884716,-0.3627342502897378,-0.17999169053814698,-0.02387876932496556,0.002101421466207403,0.13439461196999847,0.42145590518466686,0.38607071789377007,0.4055524759492441,0.4701231112374538,0.32275734486182384,0.3680960398854169,0.26928779165117755,0.01718746583280488,-0.03212700356432179,0.14567361308521573,-0.2592508364129365,0.3448820275086921,-0.1783691587763224,0.06937533552226438,-0.039625242860712125,0.1969123789114605,0.23756314097658043,0.25031597822046314,0.2661764078814736,0.29430364522971286,-0.011519538168857011,0.08222868513699678,-0.08078108941418294,0.13640637641862194,0.12038674027115752,0.27238853294264287,-0.059320810828540814,-0.06058035030941812,0.08925674050425313,-0.11257571450438433,-0.08088613947451805,-0.05140495506330498,0.050399072838993246,-0.12570261496871235,-0.24690062200778135,0.24433316568629596,-0.23271303929500775,0.16996785550283178,0.14892572519506278,-0.1530757616013703,0.12563031641556055,0.03957053202422864,-0.18400209923246813,-0.05982375194069668,0.03468544313485382,-0.05981937853972141,-0.17956747064354595,0.09343771183660975,-0.015127593973453457
0.16690228390192116,0.3277714545621501,1.0,0.33343938842313825,0.2957887382616824,0.5444802699269288,0.1864384912608324,0.32707644065609903,0.4137941590981887,0.15884445746748915,0.4092326968937052,0.24211419412257357,0.26053690115790556,0.4297199161620685,0.23331051870835692,0.17986724526835582,0.12231541220996597,0.27319572412135473,0.05721945422086276,0.12600656666881935,0.1457831075016807,0.18168240730009688,0.3686278111434395,0.022066018746616966,0.3056354613234222,0.1746936972594023,-0.09204269756045995,0.06876087201341498,0.12201802061849437,0.25399209944265194,-0.24086532206321068,-0.10649680358713105,-0.23549477979369415,0.25526257381504164,0.28706816718235345,0.20602239839770728,0.04740115829654305,0.03033175562722465,0.20133410742627264,0.11121133499310729,0.03285521074897631,-0.012545114413768857,0.09327162457815877,-0.07238650452975996,-0.08487468552484302,-0.06897079548974787,0.15512032879273752,0.09382486040641108,0.28160797009481975,0.14673667039135463,0.1254161568916331,0.33239195774435226,0.146574693943686,0.31368287088161395,0.6273869228611509,0.7006990896745964,0.2512302937071473,0.3648185747291489,0.1984870202785078,0.3207652585395398,0.23783892527941145,0.1987100639721115,0.3497150179475729,0.037777478928406966,0.17532565508223105,0.2530017996584366,0.15292706580563448,0.22723122961596492,0.017793201322091196,0.13060097220916272,0.263410228740212,0.17664185852261605,0.1827886803139886,0.03448649109631317,0.08684709152122083,0.13406908676627838,0.20074807105484332,0.04874160716104372,-0.124915401932464,-0.07576925473890377,-0.0983578954734745,-0.10282325517319799,-0.11036508097914031,-0.006826886386575975,-0.050832150690233516,-0.15286600526121288,0.09647514429511386,0.027239757757071405,0.19064987716207976,-0.0416371460810778,-0.07041628308211734,0.14992909615925534,0.18408976852667683,0.0540880956988971,0.01523038554852712,-0.05122132822522602,-0.04783849887223658,0.009459676652251016,0.32449140024444867,0.16166513050799117
0.11503793925346045,0.6623253372985503,0.33343938842313825,1.0,0.4533817323041263,0.1694255537818985,0.5442156788786342,0.7033048733957905,0.09752684174848571,0.21316198329590413,0.0551267192932584,0.07471307724860389,-0.05021538999803197,-0.06331372591896088,-0.06815952872183638,0.5741838140429906,0.19491373466576284,0.532286632699919,0.03485600577288929,0.2889156152281822,0.24474863877894645,-0.050508463086845576,-0.019103015459972447,0.013723732260392293,0.3095055870197459,0.09011183891877302,-0.06766963329032823,-0.1260807767160132,0.3097548708753362,-0.19846930965865606,-0.1296407251098817,0.20468828584548773,0.019435393934092847,0.3221228488333953,-0.12674116026327875,0.10296297916074436,0.1501082416741379,0.15045811375215937,-0.06414467210426188,-0.05427390610308106,0.0034112527607093658,0.044508101725306684,-0.1535544816426494,0.1497104258714086,0.03692025103321598,-0.040112833745161926,-0.3692025103321598,-0.11628435853141195,-0.04639741094662264,0.08909064867452864,0.07826201045242834,0.5501563490848659,0.4670398635498896,0.6800602217976794,0.3648378561588419,0.3103259389977353,0.5434650455927051,0.3992434016312786,-0.0990094246791017,0.0032013295138964815,0.247315825151429,-0.1413133323128731,0.409140408038311,-0.26897728018193345,0.13757422489591317,-0.03932347786348359,0.2569460540989701,0.2211891277251755,0.2143578754018062,0.2687720241982147,0.26319564409262863,0.07157945376221819,0.09390129233998819,0.013854934289650346,0.2466685618070893,0.37058491021966805,0.29390566574096344,-0.01729680085718659,0.0606940587347751,0.1518226148564431,0.048159891539655816,-0.0004307804670581253,0.03569569876014082,0.11619689051190658,0.1309638220943055,-0.13249888751498978,0.13944151669545823,0.000660383547265531,0.17421442784981742,0.21981004070674554,-0.21539460693481957,0.04334915046686055,0.016535829087489885,-0.01762917933130699,0.0911722901314207,0.1906409219129256,0.11202466598150052,-0.04247447027180687,0.03332968883252061,0.12005423017209332
0.06863615490586254,0.47524436377949314,0.2957887382616824,0.4533817323041263,1.0,0.3282106229909689,0.22372813160465976,0.22184975383205607,0.09892633006057161,-0.06631395149240968,-0.031177975552688548,0.02744093442189043,0.00207299206227723,-0.0014738361286654566,-0.19906868324418017,0.3102009577748136,0.036806542607859004,0.25736590059259584,-0.054090223262119784,0.186053224289869,0.10384640615774857,0.05493434971286408,0.09058625440073473,-0.23090245129124665,0.004032275699197481,-0.07317582512504114,-0.06183551638932015,-0.10673285080142574,0.13577223327720803,0.1023200892173799,-0.17321291902648095,-0.2439220659946207,-0.24039710480855436,0.26165183354835886,0.015158207780280335,0.23419562222562376,0.1366469134722617,-0.07397607749666528,0.10016837593754783,0.033132885788633534,-0.059456386258774134,-0.23418250202269794,-0.307861188253045,-0.14278513785530156,-0.07702871137740264,-0.10757254378867727,-0.14073604338413767,0.012547287398045089,0.04585948262666462,0.0999388816546066,0.07575605169359953,0.2084187968773917,0.2971507292646126,0.45229106327361146,0.5091557149417244,0.3625903244959904,0.13712798757954123,0.10451553650696464,0.1686645820122018,-0.11134678883033391,-0.0699569220003936,-0.13836128665456693,0.07829699766023047,-0.19249961732741466,0.03596032883640036,-0.024735982961225957,0.16609302223874395,0.052200914040803834,0.19337867092344363,0.41677244841866157,0.17224202400997135,-0.021346570160285145,0.10177341409547135,-0.0465417331788065,-0.09988410487415539,-0.008858333360672413,0.01074981959720977,-0.051129430801863066,-0.09887384924886838,-0.07987579541230237,-0.10409131661236361,-0.0872144576048034,-0.05513546609520894,-0.0012289256740504254,-0.03625772042787196,0.010760764864939262,0.3343946119699985,0.061371935885941704,0.1889746561413483,-0.1346377773435902,0.09958900919405178,0.20886925717784435,0.04646301196125167,-0.14845072270451115,-0.09521768603354398,-0.15724563206577596,-0.07620213859307691,-0.08877129299599834,0.22500273337560955,0.14939100391419388
-0.006638822680457458,0.1680829196824911,0.5444802699269288,0.1694255537818985,0.3282106229909689,1.0,0.12430312512649305,0.12329286839664101,0.40166626577157727,0.43113033951868013,0.15663335592923838,0.3249221807115068,0.02503772058341169,0.22944610876648225,0.008322591155447843,0.027447464520784587,-0.19071964313048043,-0.07165817497977302,-0.1941134022872887,0.20128140648575366,-0.07014935164330542,0.04432446734653909,0.11013973016115983,-0.118729089676587,0.35303404692659246,0.191207486396089,-0.02656403752378037,0.002449104546150314,0.10493538300059041,0.10361024250508408,-0.2559139314688067,-0.16652161553432027,-0.07753165248955851,0.06404845728280598,0.24605191226957643,0.334989394502635,0.22627539305941266,0.016728258730401697,0.2675471780630207,0.35753864993111895,0.1805995932737093,-0.06709671776256806,0.08620410662351578,-0.1575410088792012,-0.2137543460672192,0.12474251601758107,0.20145196912378913,0.2278629376134351,0.5212131814305394,0.32630417693069835,-0.07079224158666987,0.03401631278563775,-0.03669720758347729,0.21363212441477467,0.7064092191292559,0.7721247863869241,-0.06967265093700116,0.2264372088954976,0.4018543220135138,0.2908967658699788,0.1654807461022064,-0.04810303732697732,-0.05278257637051453,0.0314053924034025,0.060650391037178494,-0.00024491072238837583,0.07362620541864381,0.040073473136384506,-0.20659508867070478,-0.04681949533087067,0.18771074325949574,-0.13171371717215893,-0.06532111696660908,0.12985064835669458,-0.029612298003542453,0.18429094519149586,0.006905600139948832,-0.24946753843126107,-0.24094377993046293,-0.24131551901336074,-0.12503553388292404,0.04861259169121413,-0.05932955763049135,-0.16368765170234634,0.07118373880275712,0.03356807588735676,0.34775535194944346,0.27908858323675406,0.3045855109225689,-0.14887761762653928,0.15431562213346142,0.2496993286829503,0.3414051737333537,-0.0028033500251470555,0.22601298900089656,-0.07731735584177035,0.1835341453281144,0.20572478187662635,0.5293039732347861,0.3589293914412543
-0.01534190739532897,0.3301309069680167,0.1864384912608324,0.5442156788786342,0.22372813160465976,0.12430312512649305,1.0,0.6710626731597236,0.2336120286153335,0.027961400278586252,-0.054236791494632904,0.06853790325578547,0.0036824076473395075,-0.11901786426923677,0.19147447349603877,0.42206208268167483,0.33092686681577893,0.540913757532148,0.20315563092403618,0.35593618763681334,0.3110956584109559,-0.0016422156572470693,0.0661105881247122,0.3439727361887169,0.22362754327225026,0.21872082115156272,0.23116292139144975,0.1935800590192264,0.41553477458944893,-0.2497564559670601,0.1563929898680057,0.2710921159522689,5.904097771862631e-05,0.3369774736804989,0.07770011338059069,0.05678648705092617,0.14394627708376787,0.02434456314598025,0.04770073659089312,0.18406134138925676,0.14474442363440856,0.29683179553471145,-0.0628261604012538,0.2792488230058888,0.21089655911381164,0.057744262911695,-0.3101378825501871,0.05661811092928416,-0.12337814980890124,0.005436149299488967,0.1959526316423638,0.6833949436873425,0.5912757115261363,0.640197328283502,0.23087865001724894,0.2763470651135228,0.6632554101766557,0.5215614370577094,-0.027025460874981578,0.019078982614630167,0.27903422080686335,0.004025719999258927,0.41292166464968005,-0.18280180053125938,0.18153371134178423,0.10488094483161275,0.46010633936125483,0.3039254596724605,0.30684033460945787,0.2710377447196535,0.4690412073226736,0.21394700962927402,0.21731234535923571,0.3341741205903034,0.3651050328062282,0.4959972360045396,0.4062172336242983,0.1465069061544535,0.2310995070079742,0.29463634584473,0.18304015114501238,0.01818901443006807,0.1406137418969832,0.2790735814586758,0.19559203951813764,-0.06517475055159641,0.064028846984411,0.18412912917848925,0.15874588216523688,0.381646505200909,-0.027014556896977755,0.18800177997625545,0.13655084794879033,0.06980174258356557,0.3080124073523165,0.20342022197233078,0.25740335593306146,0.055640654742609125,0.04389150017660249,0.047374917862001445
0.014661842800125533,0.5265077589688032,0.32707644065609903,0.7033048733957905,0.22184975383205607,0.12329286839664101,0.6710626731597236,1.0,0.25307149753081704,-0.040416873492540056,0.03586848731550472,0.02093770295358281,-0.02308064888222595,-0.14651565296596736,0.17498015564968106,0.5026901912165337,0.27103088827167177,0.6858396775054694,0.11428146583447586,0.38832344396979757,0.35638227502402076,-0.0376572514426788,0.08183298182089453,0.1742189917332739,0.25240236645000597,0.15580712384842635,0.0798277752813397,0.06952621802087865,0.32619702848965343,-0.28322175681912887,0.07874754405937669,0.28039216329439176,-0.06760191948782712,0.2954038785550721,-0.06871276455008869,0.08045535900745993,0.0249021723799895,0.09548456789116802,-0.07865132913272412,-0.15398761670169128,0.08395627031588661,0.044508150388330364,-0.12760285977010072,0.1569748244622345,0.10007664393595006,-0.018164940811430694,-0.30788995199112235,-0.033775812660811186,-0.12179935033064761,0.03407542821155936,0.06940157595680599,0.7841057314580483,0.6735613408428737,0.6451239752552431,0.3492033294740115,0.2930228794972327,0.8225982622277141,0.655326425539332,-0.20042443902883011,0.021322539767937968,0.2862962610662544,-0.023458948480200855,0.5421317510354545,-0.24719145349061755,0.04587707654999136,0.20002886450955482,0.4562839827296934,0.3022898059193667,0.2619670048404234,0.3458558655088791,0.47365515039624034,0.345385346248207,0.31965222677439975,0.19474557165344966,0.4417074213418281,0.4205187302239842,0.421950560834873,0.17430645984841261,0.05762180755050081,0.24095716358410632,0.10916239439598312,-0.019518531233804714,-0.01462904225694852,0.18829698486484858,0.09523976129925281,-0.20006822520440226,-0.06305139079773596,-0.07828833645489848,0.17616078388935316,0.42031628574278074,-0.2477055994961831,0.040364348433634185,0.011283386852893028,-0.067171139020769,0.1299907393133874,0.13817556818749177,0.11809944906028036,0.017355860746397667,-0.05614359640465669,0.010550841388606368
0.21587544554022436,-0.06234283090245129,0.4137941590981887,0.09752684174848571,0.09892633006057161,0.40166626577157727,0.2336120286153335,0.25307149753081704,1.0,0.0026896445405151987,0.1276070936563819,0.1064202689863847,0.024202400997135422,0.152570466423214,0.15934066534818006,-0.30999978132995126,-0.014598412455445978,0.0386346242155212,-0.09395377315169141,0.22415866698738274,-0.08999147186809822,-0.20445015902808905,-0.06569722945048216,0.05898843235442042,0.19249087052546413,0.17456886419382872,0.3630841223677593,0.12785200411099693,0.16616299665434825,-0.03145349981413046,0.15298156611488925,0.025575648903369705,-0.11923203078874287,-0.13101834641709126,0.05290503159782205,0.5611467057357153,0.24376899696048632,0.04543088933108832,0.3263737945813562,0.060252345236272986,0.27030679407841507,0.1209857645798255,-0.044228204062889506,0.2814789546249902,0.1911657300299578,0.2115632721786097,0.1290853031860226,0.17692593645448382,0.3487918479805821,0.4779542082553077,0.08390369771052458,0.35630097745511796,0.22592552098139118,0.3304960863487208,0.5139577092125691,0.5639288053280199,0.31772758085325054,0.6093984386958519,0.24254881808838644,0.15805033784522535,0.12987251536157093,0.0954232358793816,0.18983184273250092,0.1213181430539459,0.14526048551372694,0.2784984786016388,0.33521243795237365,-0.05325927707681879,-0.042798101943976735,0.1407886781272606,0.36876517023463296,-0.0018280816076621984,0.021604600817825982,0.3963132229778487,0.14935164330541645,0.28828616068565993,0.06379042662526514,-0.11346788830333909,0.12249896131726837,0.09535763486475257,0.03786927904484923,0.32655346105884364,0.09372635630097746,0.17079880168813277,0.30223951175316194,0.2168859382979345,0.22048501016815727,0.3148105224027465,0.443812730970239,0.15080629378279867,0.2245503318869636,0.3584308237300737,0.38381404299053157,0.09038070455489712,0.2300758785069209,0.31863724825610634,0.27075288097789246,0.3154271719402593,0.42648531630622555,0.45654370120924537
-0.07282376596160785,0.015724580399060807,0.15884445746748915,0.21316198329590413,-0.06631395149240968,0.43113033951868013,0.027961400278586252,-0.040416873492540056,0.0026896445405151987,1.0,0.3320639523125821,0.38367274643621707,-0.019181757649918148,0.21889989164900323,0.09240141785969662,0.07134336811288526,-0.2031337638952515,-0.18289145534927656,-0.1426058282192672,0.10318176202337412,0.1491353230143716,0.1693690699286478,0.017301193174435976,0.1632854773409357,0.47652191786991144,0.31344233330199056,-0.0782402289915722,-0.03753694161177553,0.20273797067424887,0.0260370711739142,-0.33908108184958474,0.06023273078739117,0.07104160311565673,0.09669818798871756,0.06925725356682713,-0.12228042496391049,0.0471212603280992,0.024635394628816445,0.1271523989771364,0.5493609907516686,-0.0750170289487109,0.1716583626625883,0.16658739868742184,-0.0448296447259949,-0.24470517231779984,-0.05239558767096315,-0.08242557830095927,-0.1399249304902659,0.13924705259794093,0.01639154269870044,-0.13722872584111528,-0.09925444365364623,-0.2651202303911737,0.10286698927858406,0.16153392833528313,0.19951280206599914,-0.18500599703275478,-0.0496622090728786,0.183435944366015,0.1788482417269899,0.25561681968135336,-0.07901213510767127,0.0034374969249511317,0.041597648857089935,0.20642825748017204,0.011661699201196566,-0.19873849110953157,-0.09648389110662772,-0.117887338881069,-0.09817431977065835,0.11772333616518392,-0.06990014421309662,0.029225283970720023,0.03691154458853378,0.1314230296987837,0.28113594965329786,0.18355621302433073,-0.07958942466758673,-0.20670683639866766,-0.22917520847492265,-0.02829156184161434,0.01954039828649775,-0.0918437075985194,-0.12102744421454853,0.15745152621094272,0.02124165498601602,0.20545166894642722,0.2212855844894114,0.08853741284627632,-0.07102871587655947,-0.21021453765397138,-0.0056395067235680465,0.06714708528910586,0.07554183763954313,0.08491623287953391,0.04946977921957345,0.01837486428776359,0.05755839316702525,0.21737794644558975,0.1519649165391087
-0.07251536157092563,-0.03388948415735497,0.4092326968937052,0.0551267192932584,-0.031177975552688548,0.15663335592923838,-0.054236791494632904,0.03586848731550472,0.1276070936563819,0.3320639523125821,1.0,0.6434941762639436,0.1274277842163959,0.30748070236819663,0.2656800263280615,-0.06312129627604907,-0.08399116573002996,-0.0044696157967243225,0.025571275502394436,0.1354179877982113,0.26388226804574577,0.23309378003313666,0.2884957687345564,0.23839408716188143,0.1639544291618377,0.5851026493002222,0.12093765716909755,0.07900111521724869,0.1628479587150948,0.1648815901685946,-0.3950668036998972,-0.14407732172924276,-0.4341825020226979,-0.06914784281996895,0.031177975552688548,-0.0042465723469856335,-0.035004701406048416,-0.3543154534123461,0.10589315781417419,0.24079508429730379,-0.18811309614922045,0.09307909295663773,-0.27017559204915703,-0.26026356329809713,-0.30314666200170565,-0.3442260173624019,-0.05132623384575015,-0.04526907349500339,0.027093219041787846,-0.11967606183565553,0.017200586035730686,0.18872974568673329,0.10365834991581203,0.24819296340895575,0.1441691631497234,0.23342178546490683,0.1812512300190243,0.19153309571188035,0.18747457960683125,0.4850320351621438,0.22743871771883406,0.059403905447070915,0.27029367387548925,0.09299162493713237,0.11428146583447586,0.35931245688116736,0.08065426078590016,0.07806083400756599,-0.16899696048632218,-0.03619867945015333,0.31572018980560235,0.2789311408016444,0.40243598434322453,-0.037515033565852486,0.21965406398285628,0.18226824502891328,0.2773917036583499,0.2142747807832761,-0.29956922000393604,-0.0947322385252892,-0.06453390479106076,-0.14046285939836892,-0.351673919223284,-0.1306903413439461,0.10860041175621693,-0.07763451229423667,0.008252607640331503,0.018228335264918766,0.10705648247359559,0.009971386930320627,-0.2172992251419649,-0.1606044040147821,-0.04810741072795259,-0.13389604425881788,-0.12793072532855174,-0.05249393190614682,-0.13599965012792198,0.08099101266099583,0.1336161465964007,0.020821762043252937
-0.19054710212679177,-0.05073369348332774,0.24211419412257357,0.07471307724860389,0.02744093442189043,0.3249221807115068,0.06853790325578547,0.02093770295358281,0.1064202689863847,0.38367274643621707,0.6434941762639436,1.0,0.1377207339887705,0.2009317540966346,0.05810731912120689,-0.03503316681593008,-0.1458027878275869,-0.12717426600592108,-0.04244390287105691,-0.0036867810530964427,0.1093788779809514,0.15420645559129603,0.16832364077292514,0.20836873058630306,0.3004660957187247,0.6849362247408207,0.20328245969098732,0.0678468302102155,0.14546603558430288,0.13753267754122228,-0.2671735443940549,-0.20931994633843648,-0.48735703063271857,-0.14930151243313514,0.012542927710890389,-0.05358734073972801,-0.016513980138187626,-0.33940690057847644,0.0962433537899963,0.3720915485029323,-0.1492359113467811,0.11557818064140717,-0.1794823855617455,-0.17623532447426138,-0.19884782625345496,-0.21083533143321456,-0.0763684113276039,-0.132518567840896,0.005915031286254969,-0.06616532803859097,-0.008136721410778093,0.08425366190735821,0.03668194078629468,0.18766960632745036,0.17145937270064773,0.25904585302279204,0.08583464808849031,0.15662696707600174,0.3845863687504964,0.5337348119821388,0.4310712985409615,0.048621338502728,0.0776520059172644,-0.05876326645306092,0.15054372426521237,0.26272826469629945,-0.03868496062297104,0.008814599303103061,-0.19644901319577593,-0.14490202467040886,0.26476817122774043,0.08541917454158146,0.21931755189879054,-0.049301403097931434,0.2633205739221949,0.4423857829170211,0.2254818673131908,0.2060333319120996,-0.1624261031096979,-0.18790775175248134,-0.06391295173185221,-0.1655729495811366,-0.23769022948367566,-0.18264217122113124,0.08912135995574108,-0.20060178129011239,0.06896642208399094,0.2007502577577218,-0.03146446771827089,0.018681063965687077,-0.1931997839535194,-0.16082324989978114,-0.11920373401390652,-0.12519748660378632,0.12929099439227776,-0.03718269574546377,-0.07361316570073467,0.035155622177124264,0.09030426877207817,-0.012066226483384443
-0.012197415320023617,-0.09765804377774376,0.26053690115790556,-0.05021538999803197,0.00207299206227723,0.02503772058341169,0.0036824076473395075,-0.02308064888222595,0.024202400997135422,-0.019181757649918148,0.1274277842163959,0.1377207339887705,1.0,0.5429533576785988,0.0598522444865378,0.1219829000021867,0.49080929785047345,0.20045483370142791,0.3603551201591918,-0.2827841070608559,-0.05748398241892808,0.5408569032573078,0.5189652533292515,0.02260610964116245,0.16682775360258906,0.012313323908651287,-0.07143513153003433,0.19317749447858126,-0.16843716516148782,0.5835909995407929,-0.15274540246222476,0.023476416435240864,-0.09191576829721633,0.38553716297478735,0.5515208501891496,-0.4030045264700094,-0.2957949749622794,-0.02738623690713083,-0.09755308215433732,-0.02269357766066782,-0.3257615184448186,-0.02302595613478822,0.317360215171328,-0.16214620514125405,-0.04739454636898384,-0.22795477903391573,0.07779842994904988,-0.029551070389888696,-0.06166495375128469,-0.2555249781604577,0.24379523736633793,-0.018110253438586518,-0.06960704992237213,-0.05193856676936341,0.022676084056766743,0.003997292861838848,-0.01978526601211432,-0.010316852900658197,0.1857908202313529,0.25096761496577813,0.09579060156130415,0.7073582471408891,0.24037086440270275,-0.02207692812315497,0.03795897526731978,0.22062082681435724,-0.1696048632218845,0.17011217773501563,0.12386346242155212,0.20405217910420792,-0.04711027530559139,0.3660274212241149,0.10462487153134635,-0.1499814130458551,-0.13127637707463208,0.014723070480722628,-0.18412018105880038,0.24818175854453214,-0.015180074785156678,0.07496009271610067,-0.024399204041022502,-0.47247214413898936,-0.14092409962607422,0.002164833482757867,-0.281253724228508,-0.1050951270420333,-0.3127550239443703,0.029196824910891955,-0.37668539940084406,-0.2041444670293734,-0.1914370901983281,0.0924187094093722,-0.2306050600249284,-0.04053268023878769,-0.17559204915702697,-0.28422732938269446,-0.4222212503553388,-0.2522315278476307,-0.05544160416347773,-0.3671163980669568
0.03820603091994489,-0.09117666353239597,0.4297199161620685,-0.06331372591896088,-0.0014738361286654566,0.22944610876648225,-0.11901786426923677,-0.14651565296596736,0.152570466423214,0.21889989164900323,0.30748070236819663,0.2009317540966346,0.5429533576785988,1.0,0.30564639483781453,-0.1143250748944917,0.2087205615446852,-0.058056897946688245,0.24645426515930113,-0.1455948918676609,0.18826616518335484,0.29783986556168507,0.4486278454440095,-0.08863571756576502,0.08501454155824277,0.01142114913423649,-0.16531455686514618,-0.12741029061249481,-0.20610089436049944,0.4818350790492226,-0.2973212919026481,-0.21910738886094772,-0.22781483020270712,0.115225995495397,0.32862172268264417,-0.12499179987317137,-0.1508954538496862,-0.08940106273643698,0.2954363560823074,0.0670923443615928,-0.1699372416960049,-0.12017668539940084,0.17529903129168398,-0.28581737313586997,-0.1775819466007741,-0.25056526207605345,0.1784391331919267,-0.14073166998316242,0.2042509457479609,0.004968188939878481,0.17502350703024208,-0.06576720386608646,-0.17172596269488968,-0.04742739873108467,0.21738426887669196,0.2641712013419188,-0.10827228794472021,-0.009792044783625987,0.39174301895869323,0.20872930834663575,0.12133563665784697,0.3589162712383285,0.19021232861734927,0.32954013688745054,0.3332316516496838,0.44898695522424686,-0.19687739170365834,0.22757429314906738,-0.021294089348581926,0.03576571228021674,0.12206162121974153,0.20272462880759223,0.16439176925936455,-0.12855612166801514,-0.08651024469178456,-0.04211808414216524,-0.08888937482233059,0.03647853753471387,-0.18115064179659313,-0.11237453805952198,-0.2745489930244254,-0.33189338948806163,-0.3724563206577595,-0.2619842120224793,-0.23508805305829916,-0.11372166989758814,-0.08314709934180316,-0.18774135706632264,-0.16196890511906584,-0.38325987818057794,-0.07812870714477035,0.03127856377511972,-0.019929588244298177,-0.025540661695567558,-0.27340316196890513,-0.35813343246375545,-0.373523430495725,-0.15908246047538868,0.20649012704729833,-0.09102796789923684
-0.05621794430252459,-0.09399323652805308,0.23331051870835692,-0.06815952872183638,-0.19906868324418017,0.008322591155447843,0.19147447349603877,0.17498015564968106,0.15934066534818006,0.09240141785969662,0.2656800263280615,0.05810731912120689,0.0598522444865378,0.30564639483781453,1.0,-0.17135003755672434,0.12574197562052478,0.05469599909911111,0.10554121442924069,0.16679513546087626,0.43125279487987433,0.059642386220258074,0.3457745793605742,0.35241122259672353,0.034361849032240516,0.18226407090173166,0.021748946829239158,-0.05449482243429209,0.22505546025188963,0.0040782008683421505,0.11620357766464892,-0.04887936944238718,-0.17418837789297537,0.05945426456265669,0.06527745432801602,-0.0987908626434111,-0.09286489784276378,-0.2004463060576148,0.238884169255319,0.1530670147898564,-0.061958039358502144,0.20964139166157122,-0.008180455468347446,-0.11410665436280502,0.035527361666463766,-0.3100635346523192,-0.17135003755672434,0.03381736001550207,-0.21748509488663464,-0.14242886101082639,0.036966212160495476,0.2888547034340615,0.1553586794064905,0.11502507057591256,-0.021147603537660556,0.05275863803249007,0.2941071637481408,0.20639413788704677,-0.0656098331655431,-0.05932743579570557,0.08287822579680207,0.19420982944822507,0.327915776952129,0.17485750897378646,0.2300829417308647,0.6626941520940983,0.2708384584183666,0.23177738490029914,0.02432488282007404,0.005945651627236726,0.39411820659773683,0.3378018606656812,0.4912799755966895,0.3609306170112334,0.2768409578197603,0.08232507997874522,0.4258800659074793,0.3094446977377128,-0.03840724935740565,0.1877546825509886,0.06270151833718114,-0.0014935196989344186,-0.05150122619366988,-0.03547706750025901,0.02427242848927093,-0.18148779053112885,-0.11463133829503068,-0.2752665317472636,0.05716259994602261,0.2573145451211904,-0.09371344102127883,-0.03909387406124449,0.16680169556951166,0.09860280619586287,-0.029699798495347502,-0.09331973204148505,-0.07389087696630006,0.10072390798797648,-0.09217171303028954,-0.10864414581378629
-0.10991668671142113,0.6774004504603005,0.17986724526835582,0.5741838140429906,0.3102009577748136,0.027447464520784587,0.42206208268167483,0.5026901912165337,-0.30999978132995126,0.07134336811288526,-0.06312129627604907,-0.03503316681593008,0.1219829000021867,-0.1143250748944917,-0.17135003755672434,1.0,0.2402134219675931,0.5880781089414183,0.12933021364063765,0.11668671142113665,0.2265596641228051,0.31841673964806555,0.15866261398176293,0.08518510419627824,0.2167413789333275,-0.08913219602921951,-0.26601648772167674,-0.05512234589228313,0.13845312807504756,0.007924602567186372,-0.20370864402702762,0.24085631191095755,0.08329142157398702,0.41933917911263696,0.14738798626752095,-0.23620301327327195,-0.09921060112396406,0.07858564212459819,-0.2426100457020402,-0.009945113817760382,-0.19489186766088648,-0.15168266602523453,-0.03297544335352387,-0.15605842432760014,-0.13290328223743195,-0.18923706019986442,-0.28016881327764537,-0.17287179375041,-0.13057663291858915,-0.26123008597037983,0.023800048107410727,0.28462968227241914,0.28310773873302575,0.31370220824208933,0.23094181190002405,0.1094466657701839,0.2599855677767816,0.19132317246506747,-0.22137718396711203,0.0711771008724935,0.25067459710043516,0.009945113817760382,0.33546172180796396,-0.31768822024447313,0.045476859763491535,-0.21102994798939817,-0.009844525595329208,0.22148214559051846,0.2438564649799917,0.2853625389371487,0.15473967330694716,0.17890708709628042,0.06827316262491527,-0.28745489930244256,0.10811921891058582,0.13254262157255914,0.17604688285845488,0.1377533839190046,-0.08376812228029126,0.034663576129977475,-0.09207758413330126,-0.33095310725032057,-0.06531674356563381,0.06446393037545647,-0.1765237765671788,-0.30411132941713026,-0.061774288775666396,-0.07256784238262885,-0.14475519888040936,0.03183627682424079,-0.39718615073622693,-0.07475454287026306,-0.2536178959567908,-0.15469156589621919,-0.07985392840742603,-0.09479783953991822,-0.17773938903588377,-0.34236294854693755,-0.04808554372307625,-0.25302748682512954
0.11916205637313858,0.18484179221971966,0.12231541220996597,0.19491373466576284,0.036806542607859004,-0.19071964313048043,0.33092686681577893,0.27103088827167177,-0.014598412455445978,-0.2031337638952515,-0.08399116573002996,-0.1458027878275869,0.49080929785047345,0.2087205615446852,0.12574197562052478,0.2402134219675931,1.0,0.39955391310052263,0.6341650084187969,-0.00895235179637445,0.21631715903872648,0.18618900329000576,0.15247862500273338,0.13569788546062847,0.012346110953182743,-0.13329703406563045,-0.16501279219785267,0.12190855218560714,0.13169185016728258,-0.05731779318186788,0.16311910957556144,0.15869760118956505,0.0612888412674116,0.46147252410837286,0.3123308040497693,-0.27872996435678205,-0.0767706807198618,0.1376309286916971,-0.17534276530143666,-0.2383853403599309,-0.06716231877719708,0.011160919288885001,0.1283287048173012,0.16515948170778247,0.25614572172049593,-0.09864205899717915,-0.1810850407819641,-0.1743806170868776,-0.0962410618617568,-0.050195764575224705,0.19584089567251972,0.35913056788611664,0.311674793903479,0.24507035169850394,-0.05007544116682338,-0.036999012703672486,0.33062036692834185,0.14496512212722223,0.08882377380770155,-0.010815420611838796,-0.00023179025168922613,0.37088626970763816,0.4124729395814655,0.008090791804246572,-0.03722205639727619,0.288824089593763,0.2134044739891977,0.2648925236710328,0.2914915484026153,0.15520561020499776,0.1449563753252717,0.31170978111128117,0.1570050950121362,0.052743215761737114,0.2039623012835932,0.10284500978009009,0.1569613610023835,0.10458113752159366,0.299210601123964,0.2363210950996042,0.05289628479587151,-0.2501609959995766,0.1613260151757014,0.3003389385755833,-0.22818681877385527,-0.1315651653858841,-0.12285320679626512,-0.09125101134897554,-0.23631672169862894,0.17206765236251523,-0.01268068999223385,0.043239815442478846,-0.08068050119175177,-0.05356104174411231,0.004994423913756533,-0.020480636767182,-0.16726509370011589,-0.3942664713214231,-0.1558811309614922,-0.1839364982178391
0.017585445321554306,0.5137696529706326,0.27319572412135473,0.532286632699919,0.25736590059259584,-0.07165817497977302,0.540913757532148,0.6858396775054694,0.0386346242155212,-0.18289145534927656,-0.0044696157967243225,-0.12717426600592108,0.20045483370142791,-0.058056897946688245,0.05469599909911111,0.5880781089414183,0.39955391310052263,1.0,0.24987863812293631,0.405589206446393,0.33673875489274235,0.1452429918906992,0.3244669917561392,0.1455948918676609,0.17561828956287856,-0.022160046970391076,-0.03305853797205397,0.07527497758632,0.13810325599702608,-0.05168485272572216,-0.02335396120793335,0.2821718309243183,-0.10332159804071636,0.5770615118847171,0.1042312654435722,0.008860510375893815,0.011602632787387112,-0.007133016990662789,-0.1883536332028602,-0.21113030548205813,-0.06573659005925958,0.021434038179790515,-0.13877675974721743,0.08164492537334632,0.055507205178106755,-0.19613828693883797,-0.19766897728018193,-0.08202750869213443,-0.1626948896809604,-0.13887093970284448,0.23899324309549322,0.608912991187597,0.6080558045964444,0.5159940915291308,0.1829131223896263,0.1130153648678431,0.6739323434869126,0.457825107694999,-0.15824276748813715,8.309461853009993e-05,0.18909273796768056,0.16752312435765673,0.5880956025453193,-0.3174826703986355,-0.039074193735338277,0.07667454973058936,0.42512518860291704,0.36473726793641076,0.3552950952308062,0.5009911230799643,0.35519450700837507,0.38962191948568803,0.31811244013907414,0.08930922131595635,0.2392294067481577,0.2142116006775686,0.18231396645601453,0.25466313878987995,0.057654545056963546,0.3292646126260086,0.07322385252891911,-0.26243714595929396,0.024001224552273076,0.13364676040322757,-0.09569449136750091,-0.2212331036203282,-0.04815551813868055,-0.1780236600992762,0.08320395355448164,0.27888613485357494,-0.2146292609273559,0.09116791673044543,-0.09153090901139271,-0.07178937700903107,-0.08700881240296517,0.045667052983752815,-0.08855699634821018,-0.13899980319695612,-0.041582296472852116,-0.15600358618879973
0.08815027005751022,0.10752443637794931,0.05721945422086276,0.03485600577288929,-0.054090223262119784,-0.1941134022872887,0.20315563092403618,0.11428146583447586,-0.09395377315169141,-0.1426058282192672,0.025571275502394436,-0.04244390287105691,0.3603551201591918,0.24645426515930113,0.10554121442924069,0.12933021364063765,0.6341650084187969,0.24987863812293631,1.0,0.03965800004373401,0.32006297697404384,0.15722612366470187,0.11688788786599899,0.1978395399182174,-0.01509260676565131,-0.04432665404941755,-0.17782248365441386,0.11907896175460847,0.20714176379261331,-0.022457414008003322,0.25837615621788285,0.08940106273643698,-0.12688110909448733,0.30253438586516807,0.07483763748879316,-0.3509216942555378,-0.250998228772605,-0.07974459338304432,-0.1761824582886882,-0.1181605475498021,-0.22080426843935186,0.19910345280006997,0.08910367147011873,0.11335430381400557,0.12888850014213554,-0.2559270516717325,-0.29034571734709497,-0.2129059062780171,-0.1712798757954123,-0.24917260629850924,0.2697776125604076,0.33881612035599484,0.2515011698847609,0.16578925213678114,-0.10414817082504209,-0.0686449767608562,0.24687848505390217,0.02935426734600162,0.08854387614528438,-0.0440488946229035,6.560101462902626e-05,0.23527147886553978,0.27075288097789246,0.11709343771183661,0.2639481576483151,0.27367679875461765,0.18017537337910827,0.4638778946447705,0.4859941833767029,0.21127048530602963,0.35000328005073145,0.37185279132317245,0.17724519472567843,-0.030115239115698324,0.22520828322144715,0.10059051911238996,0.2194004067262907,0.2565524480111959,0.29595679079836434,0.12954013688745053,0.1569482407994577,-0.23504869240648674,0.030473857995670334,0.23647853753471387,-0.28973157128832705,-0.10881689534118523,-0.2673591218210842,-0.14957468675515515,-0.2447267717740701,0.12694493979515423,-0.1390655562590281,0.044634930353589466,-0.2236644726771774,-0.12537228575801973,-0.05189477597253504,-0.02177953685683672,-0.27852441451094445,-0.24676915002952046,-0.17181343071439506,-0.2541820646826004
