0,1,2,3,4,5,6,7,8,9,10,11,12,13,14,15,16,17,18,19,20,21,22,23,24,25,26,27,28,29,30,31,32,33,34,35,36,37,38,39,40,41,42,43,44,45,46,47,48,49,50,51,52,53,54,55,56,57,58,59,60,61,62,63,64,65,66,67,68,69,70,71,72,73,74,75,76,77,78,79,80,81,82,83,84,85,86,87,88,89,90,91,92,93,94,95,96,97,98,99
1.0,0.22758741335199317,-0.07561172946141567,-0.15050184776191206,-0.12465504799807571,-0.010837287616715138,-0.28430605060024927,-0.2631172105544974,-0.27101965843738385,0.1112374538059522,0.12134875686077277,-0.2673285080142573,-0.19508867070477356,-0.23064004723273054,-0.0702761802715882,0.19688176510463362,-0.3053114954844635,-0.14961842076490783,-0.07588288032188231,0.15131092694233672,-0.3038289125538475,-0.31743456298790756,-0.36201084823319646,-0.22783669720758348,0.4094273134498888,-0.06704861035184011,-0.1975377752509239,-0.19349675274977587,-0.1906892378138922,-0.17627429970916883,0.14018936826222914,-0.0026677745949137345,0.3751547090595001,-0.19855677767816143,-0.1357328726684306,-0.11834423039076337,-0.05617202354207677,0.2648356694583543,0.1766810259998688,-0.08773479696485972,-0.2799548227186982,0.013636264240886925,0.0883339528984715,0.180350309418119,0.06906912160241412,-0.1011130305482058,-0.028142835275852266,-0.06930091185410335,-0.007194244604316547,-0.15945218719498191,0.10305482058122499,0.07824451684852726,-0.2891124182720693,-0.1506592901970217,-0.11224333603026393,-0.09453980888237738,-0.08046191911609532,-0.15824950061182472,-0.05798692353108395,0.19431895213312633,0.11388773479696486,-0.043926439395595984,-0.10982921869191577,0.232472502241368,0.0669392753274584,0.09653199856995402,-0.22396623734447094,-0.06374669261551245,-0.12012420458769762,-0.11667796461918611,-0.09635477028711377,-0.19672453775846285,-0.14999015984780564,-0.1064879403468107,-0.008300715051059457,0.38994992455883315,-0.247315825151429,-0.17680348122717632,0.15663772933021364,-0.09726881109094487,0.0589469494948522,0.08896809603988541,-0.03816667031116748,0.009057313419780893,0.03512278323238066,0.13397476547637271,-0.06639923290466992,-0.07420786774835451,-0.13723294920294768,-0.19990815857951935,-0.25059150248190504,0.06109647842438589,-0.07663518907877695,0.04610001968030439,-0.2517898143491286,0.08648628554627368,-0.04080383109925433,-0.02335833460890862,-0.16298790754630338,-0.0826135444228204
0.22758741335199317,1.0,0.12179047035927489,0.02149963919441954,0.2012901532877042,0.016745752334302772,0.05719533795456037,-0.20299162820815111,-0.08637466926155124,0.21167698060396667,0.0455445977564453,0.058017537337910825,-0.11689226126697426,-0.08144147296144848,0.0026240405851610505,0.4837899892851676,-0.015962913559729723,-0.023555137652795696,0.10819794012814064,0.21020314447530122,-0.19736283921191314,-0.12422208130152414,-0.059723229016708214,-0.061468150707397605,0.0010977248449907558,0.002484091753952461,-0.25265137434125645,-0.2845553344558396,-0.02008923934448222,-0.1026655878944261,-0.02611795062430299,0.1797861406923094,0.35918304869781986,-0.053902167020183245,-0.17712711289934618,-0.13235660711552338,-0.17040538191322632,0.26416653910913823,0.1664341475148149,0.16118169294351753,-0.1649014507681233,-0.3400537928319958,-0.0415429358640747,-0.20350746758216526,-0.11254510069755745,-0.19987317137171723,-0.016793859745030722,-0.050009840152194354,-0.057965056526207606,-0.1846123905146306,-0.0378036780302202,0.290411318361724,0.08508451597384706,0.07309702390063633,0.13985261638713345,-0.028177822483654413,0.14468319595381146,0.15443807749465563,0.09464477050578382,0.23748004635805034,0.21827206927467144,0.0038617130611620126,0.042522577682534826,0.22424176160591283,0.19224158666987382,0.23418494476949203,0.14752356169775427,0.17151166604710152,0.22122411493297764,0.04775753864993112,0.012608515011698847,0.0982157597863741,0.07230981172508802,0.14917233386543044,0.3791038901401675,0.22399247775032255,-0.021267848942730313,0.037738077015591176,-0.03634296210448055,0.02171830924318296,0.2555424717834855,0.08645339047910608,-0.10886269707638145,0.1713498502110166,-0.03675406179615578,0.004382147777218954,-0.08063029523773733,-0.2551135990903326,-0.09153528241236798,0.11365157114430037,-0.19190920819575344,-0.042080910193231284,0.13414110137671897,-0.0929303973234786,0.013085215718003106,-0.20139970851262667,-0.08106098707660012,-0.07412914653079967,-0.19374603660536616,-0.17233386543045198
-0.07561172946141567,0.12179047035927489,1.0,0.45912400778465373,0.6738973562791104,0.6312960573790208,0.50891955128906,0.5111439845446896,0.5592748901183004,0.13882486715794537,0.06911722901314207,0.3156808291968249,0.23976296166714045,0.2386783582252739,0.20331941134022874,0.43716078808685577,0.02918370470796615,0.2550961054864315,0.17638363473355054,0.05105945638625877,0.18670048763420874,0.1574599287135641,0.038199512583951226,0.06229035009074807,-0.028315615573277483,0.10909448732807067,0.1086615206315191,0.03427434344317859,0.2436052607699306,0.11257134110340906,0.3849205134372745,0.06966827753602589,-0.09010080689247994,0.11149111106251777,0.21464651986617392,0.4196584373838315,0.33708680882442227,0.20422907874308455,0.01566989569438674,0.2938050775185323,0.351230403042351,0.36195141151516474,0.22221687695436357,0.13852310249065186,0.2253963394633837,0.09709387505193413,0.21423104677352342,0.1618508232927336,0.4883645667052984,0.45383268880293115,0.005799129693205922,0.6292711727274716,0.5523386761715248,0.42968227241914675,0.6874242854956156,0.6979029542323588,0.6182618117493054,0.4660169972417529,0.2641927795149898,0.03401193938466248,0.1958583892764208,0.12083706894666638,0.28043559073713675,0.09064748201438849,0.36103299731035843,0.19233363837849984,0.44597756445299686,0.25024600380485884,0.09613172683737509,0.37913887734796964,0.05284817738514356,0.3168947944446521,0.11979182611357722,0.1354573484069887,0.049248868382497646,-0.061236360455708384,0.06809822658590453,0.12036036824036211,0.25505237147667886,0.24397017340534866,-0.008897694012484832,0.026568410924755637,0.030220200739104766,0.15927926351927577,0.17701777787496448,0.17221141020314448,0.3333497336051211,-0.08549124226454702,0.42246616080995386,0.21260414161072358,0.30143228881940043,0.2709718472939531,0.35170491756697847,0.0958255887691063,0.2313660317946251,0.0973367052292301,0.18725590955806784,0.19398220025803065,0.4552316809166648,0.3666528175635783
-0.15050184776191206,0.02149963919441954,0.45912400778465373,1.0,0.6539240340250596,0.2820012682862828,0.30769062561500954,0.6489609334601126,0.5307253285517483,-0.10624302989219567,-0.17790995167391924,0.0027727362183201766,0.289466663751066,-0.11295620038923268,-0.005431764011283375,0.40042421989460103,-0.12011108438477182,0.13408410050075442,-0.043239815442478846,-0.31438192910717017,-0.0447136515711443,0.0766613456954801,-0.15823638039455393,-0.0736830596313223,-0.1909166549132528,-0.0037436312348297653,0.15383875270604186,0.03354835888128403,0.16298371234370715,0.055699634821018564,0.35057182217751637,0.031798998491176664,-0.10772998622378693,-0.03966237344470928,0.26773523430495727,0.006971201154577857,0.12202020732137284,0.22010452428330893,-0.2011764448623472,0.019085521856071375,0.1518643282066992,0.2637773064223393,0.3082066869300912,0.18819619076775054,0.1985042968664582,0.13188865321116966,0.15958102818656927,0.19004613938028908,0.0698475869760119,0.29137815855581317,-0.09743937372898034,0.28099975946294636,0.2297872340425532,0.6756073560604404,0.4292318121186941,0.40852375850079814,0.44983976934684927,0.4196982568700513,0.00552797883273928,-0.030465111193719797,0.2325162362511207,0.3120246659815005,0.2811834423039076,0.06983009337211082,0.08519385099822878,-0.1804751486685698,0.23940871618814372,0.29165336423870025,-0.013177057138483743,0.11097504974743609,-0.10887581727930726,0.16931203047399251,-0.12394218363910695,0.14415166954582231,0.046283702521265666,-0.01730117425816186,-0.002243554700312698,-0.008191380026677747,0.05531914893617021,-0.006586341868754237,-0.08278638427590643,-0.11694911547965275,0.11246200607902736,0.4467953904353721,0.2675602982659465,0.2184032713039295,0.19087292085568347,-0.02384815551813868,-0.0809385318492926,0.12636067437843038,-0.010085062648968971,0.17021951216855657,0.06580226301884826,0.11294745358728216,0.31941134022872886,0.0510879393496395,0.26089960858061273,0.250998228772605,0.18427762349391003,0.1481270910323413
-0.12465504799807571,0.2012901532877042,0.6738973562791104,0.6539240340250596,1.0,0.48260917102184514,0.5639850429686646,0.5456982634302352,0.48250858279941394,0.07424285495615665,-0.03238503422186263,0.23779493122826967,0.38242767488137147,0.07038988869694518,0.09781548621285342,0.5260195491023595,-0.07173252279635259,0.12156305350856093,0.21477772189543198,-0.28165139620826135,-0.009503400319258271,0.09569001333887298,-0.1694891534071484,-0.02575495834335571,-0.09208424491515084,0.09585182917495791,0.023646979073276335,-0.1446371170540771,0.25178790294115655,-0.08385121689882137,0.25081017253066845,0.21527191620563732,0.06060659071526973,0.055445977564453,0.22227373116704205,0.2671491985742713,0.17897944389969794,0.25842426362861076,-0.022011327108525946,0.31560648138024533,0.2159937635235197,0.21364501104283745,0.0032713039295007764,0.18595263606743784,0.017222453040607027,-0.03482101856508714,0.11313113642824342,-0.009708950165095888,0.2849926745533664,0.4375045784094133,-0.025680610526776147,0.558614506571035,0.5723732260392294,0.6915309090113927,0.609319717478297,0.5695392622072555,0.6207940136825709,0.42449806968828774,0.09211694474207868,-0.04340600467953904,0.17787933786709234,0.23606743784303863,0.3607880868557434,0.11251011348975531,0.3691937635302093,0.0175767177371229,0.4623778181102534,0.3537381644836107,0.06719293258402396,0.1878113314819269,-0.07224858411143426,0.22318801599367827,-0.1444271938072642,0.261866130196147,0.08056679276639479,-0.07857252192167238,0.13006494500448273,-0.15547003126981698,0.07530996479412215,0.20213421967593098,-0.08068496280969902,-0.03959239902910498,-0.17201898056023265,0.1987273403161969,0.1411209026699613,0.15074238481555183,0.32546666972824523,-0.24631431632809253,0.2087642955544379,0.22855830836850277,0.24613500688810652,0.1098927531573913,0.2015680846342687,-0.14158448317333974,0.11779318186787956,0.037020879732457164,0.10225448820275088,0.11664297741138396,0.40183245500863746,0.3375041000634143
-0.010837287616715138,0.016745752334302772,0.6312960573790208,0.2820012682862828,0.48260917102184514,1.0,0.7068246922219064,0.5016340137262338,0.5974721742362948,0.5682010015088234,0.26762152587960025,0.5566289825282631,0.39671557586757344,0.5008156392818875,0.5266099582340207,0.44997047954341696,0.34921169447420786,0.354166757779187,0.4487590474732676,0.20341125276070937,0.33278957381207497,0.1964006909973541,0.1907154782484338,0.3705626380354683,0.12540959678299768,0.21610286239093832,0.15925302311342415,0.14827578666550043,0.40275349626480555,0.06606896853337998,0.21884935820340687,0.32893660755286347,0.0792897596816164,0.41130524152106884,0.16254619404780127,0.575657650171656,0.48516376764561553,0.384618748769981,0.38060834007565986,0.5490542520390982,0.5614425241552022,0.44995735934049114,-0.05974940412411712,0.12815814217926572,0.23512278323238067,0.08730183026830815,0.08197940128140649,0.11142113664691347,0.7569307471955566,0.6919558854565434,0.04485360040235289,0.451584264503291,0.22667774594913734,0.0880015744243511,0.6373400975268417,0.8083706894666638,0.49192067954008056,0.48055857138356267,0.6832957949749623,0.38890030832476874,0.46088211497671167,0.2660952089392316,0.36959611641993395,0.40774529312720037,0.6303995101790908,0.45094842770623234,0.653622269357766,0.35197131048960223,0.32613325752771644,0.4847171502919245,0.32405589206446395,0.2979382671912161,0.20451772320745226,0.2592945704226892,0.38568585860794646,0.11648116157529903,0.3985305372723098,0.13791082635411428,0.1913013054601911,0.28681638276005333,0.28006634456550006,0.35934923793488005,-0.15238678358225274,0.056058253700990573,0.16798233146005992,0.235144650237257,0.6339535916051893,-0.04339288447661324,0.6657365900592596,0.364741641337386,0.28668955413177055,0.3734888516422731,0.5684618403950834,-0.12632568717062823,0.01810588003761125,0.12424189744589596,0.10239881043493473,0.13948962410618618,0.7514639959764711,0.6276180271588201
-0.28430605060024927,0.05719533795456037,0.50891955128906,0.30769062561500954,0.5639850429686646,0.7068246922219064,1.0,0.5505439970089195,0.5822133782335833,0.4275261857383394,0.2550742384815552,0.5090332597144169,0.3822352452384597,0.44031401019002425,0.40924536966171743,0.44662045439636133,0.38983184273250093,0.39169491154796526,0.5182480155693074,-0.009057313419780893,0.2883077124926199,0.29917561391616193,0.27103307497455026,0.3375740744790186,-0.08769553223806628,0.12877479171677855,0.06927029804727647,0.039535544816426495,0.46480775054996026,-0.005777262688329579,0.2176116857274059,0.3128118781570488,0.09736939931337604,0.483225820559358,0.09719883667534057,0.6045527104152544,0.46517511663354283,0.22695327021057926,0.33770527650827664,0.6634930353589469,0.5347078947630569,0.1615053246156874,-0.11489799042225186,0.06024797183529772,0.15056307537556582,0.006009052940018806,0.10962366884607816,0.06285014541558243,0.640261529378321,0.6999067371226517,0.03476853775338392,0.44222955981719186,0.34853819072401654,0.23546390850845159,0.5903041700378299,0.7000546675121908,0.6727938081325314,0.48442028866693654,0.5080011370842535,0.3096980166626577,0.28350571822177517,0.2001224552273075,0.37844787999387725,0.2922481467713367,0.5424110559576655,0.23621639174358847,0.7829962170081564,0.4044871094006254,0.44726771774070107,0.47810456801731865,0.25807876495156457,0.33040424482782516,0.16994598849795545,0.4155124532592771,0.3879862675209377,-0.15714504384334477,0.4543919879294133,0.06574971026218539,0.0728652336489471,0.11133366862740811,0.21768627155145368,0.2961842076490783,-0.15052371476678839,0.08980341562616169,0.06900789398876037,0.1393190614681507,0.6325059942996436,-0.1319936148345761,0.5169491154796527,0.4355907371367344,0.19541230237694343,0.12191305888032793,0.3870070488369601,-0.2406288950602436,0.007452275261857383,0.017841308785417485,0.03318974000131202,0.09046817257440248,0.6740066913034921,0.6006647569482408
-0.2631172105544974,-0.20299162820815111,0.5111439845446896,0.6489609334601126,0.5456982634302352,0.5016340137262338,0.5505439970089195,1.0,0.7612831135154815,-0.003312854860878476,0.0016553340790000043,0.28850701767638515,0.28420577311443934,0.31359287309816597,0.24553611941161754,0.29129287714355295,0.1923030245382013,0.5871581500059817,0.11090300988724336,0.0033850160558679086,0.4092326968937052,0.20908159572468352,0.14029682337325527,0.2692115514767867,-0.2104594486441334,0.08067184259242821,0.2852269633586837,0.14360296473184847,0.2728461499773676,0.09258718657719839,0.42333255705406453,0.10244921655908745,-0.42072382052005264,0.43815402916431817,0.2776697182106995,0.4849385372491334,0.23582304306278687,0.1939452383999305,-0.09287145795139919,0.36303203847744087,0.6723987500792681,0.4134792738836893,0.13873755082725794,0.1585272118773901,0.29013611132084355,0.17255928424851696,0.11985755817456835,0.234694446540175,0.2319085870730072,0.517137209195533,0.14037976468898716,0.32106483683388987,0.3468941712343496,0.4606552017837502,0.3425382591004421,0.4567584972543209,0.6783356548854276,0.6994789081343249,0.26407717311814466,-0.041302443968496805,0.2135949504658407,0.23578342457365187,0.25915927834447094,0.08158807109850616,0.254764005558751,0.016380609172353924,0.5624484074792974,0.18568168822220127,0.1577115717037217,0.4882207782697133,0.2259957424896307,0.32642480248584654,0.07020628261608208,0.16628782039307177,0.08272296989243086,-0.1690299458026702,0.21155256997735195,0.06255063583856688,0.24985923100234808,0.20759682447020397,0.10938555768637835,0.15067913524656976,0.06883959331703982,0.09679221621249166,0.2017299006472753,0.12191961898896334,0.299418992409946,0.038829283012949904,0.28950852759472334,0.20516521086934797,0.2698828692604763,0.3853324557356186,0.2827475514367747,0.15552486882525404,0.2134615615902542,0.06848104891878358,0.14060062167971238,0.22451097123515118,0.329837888782302,0.3716235940869402
-0.27101965843738385,-0.08637466926155124,0.5592748901183004,0.5307253285517483,0.48250858279941394,0.5974721742362948,0.5822133782335833,0.7612831135154815,1.0,0.2272244210710459,0.042981784784938006,0.34346941899368044,0.36486409656469354,0.3106820318820931,0.38222649843650913,0.4132732719599396,0.1729548883689401,0.5814305394590104,0.21219304191904834,0.10922568935732872,0.34943911132492184,0.2967221359690363,0.2987036131986798,0.24679539043537208,-0.35225815339523076,0.07429096236688461,0.33459141501388556,0.3381294964028777,0.3369949673035266,0.41862194135269293,0.30700837506286766,0.12525420393168749,-0.1464520784588135,0.44993986573659006,0.2643108613413221,0.5790426625265137,0.30790963231702856,0.234313704051956,0.06018237082066869,0.46952395530384206,0.6681011437553399,0.2574577420130765,0.1661280094465461,-0.04280684874592727,0.41291465307996766,0.36505215280663006,0.29648159891539655,0.42208130152413026,0.3849642474470272,0.5324096700377874,0.04488421420917977,0.3840370864402703,0.308871443878332,0.39138002667774596,0.6112440139074151,0.6705998119437581,0.7137813668865289,0.7445788902268672,0.42993155627473706,0.13215105726968576,0.33990509719883666,0.3429314906737224,0.4025628129715073,0.24757822920994513,0.33024425444446875,0.1548644845559568,0.6435984343224509,0.2838730839036977,0.2800026240405852,0.5745205659180862,0.24481423979357547,0.45329475989482815,0.3574161947038114,0.3869672650937001,0.285360040235289,-0.132269139096018,0.31492860422907876,0.38476307100216484,0.11320548424482299,0.13485381907240165,0.2308895835316413,0.3420917976864709,-0.024801556930747197,0.2893704489296101,0.3971572893660755,0.3668671142113665,0.41580811244925736,0.15528197502788044,0.4049288228991275,0.37727143513153005,0.10924755636220507,0.13803999260902677,0.36576760377840384,0.04724585073582471,0.16103737071133367,-0.10162045616814822,0.37994358312741905,0.4306356738317553,0.45832367540617963,0.4095690013338873
0.1112374538059522,0.21167698060396667,0.13882486715794537,-0.10624302989219567,0.07424285495615665,0.5682010015088234,0.4275261857383394,-0.003312854860878476,0.2272244210710459,1.0,0.5161575299031291,0.6020904856661783,0.4443419124882465,0.4109116354332947,0.57458179353174,0.2895541317705714,0.3978789005269948,0.10078065207408542,0.5300736918064333,0.28429730379829876,0.09663029454855568,0.2387876932496556,0.1800509283101471,0.3575998775447727,0.2707662972233772,0.28839080711115,0.14030745008856138,0.21913362926679933,0.33033645703859266,0.12162865452318995,-0.19328245610198772,0.39969386193173123,0.4067481577048392,0.23078874286588966,0.04529094049987973,0.34162821718309244,0.35392004758286616,0.44419759025606265,0.7117885023288361,0.500465767203866,0.18704619081836507,0.10293673875489275,-0.06193173121077606,0.09247993702302595,0.19210163783866524,0.09974852944392207,0.08451597384706216,0.09622794165883099,0.44347597909514336,0.40850452483517546,-0.21111281187815706,0.061013317005969694,-0.2878485053902167,-0.264114058297435,0.404692659246463,0.43329907502569376,0.15911980835745484,0.20522643854994504,0.7625155802409744,0.7499770396448798,0.6325512234589228,0.45916336839343114,0.45907590037392576,0.7046554853381732,0.6280116332465943,0.6165080760407744,0.4418840611401456,0.4524545712973694,0.4750431873346308,0.2842185825807439,0.355421923859089,0.3139886663191686,0.32244210710458987,0.34925105508298526,0.6323719140189368,0.4494369246244342,0.4088080295641906,0.32179484376025014,-0.05969254991143863,0.09129037195775294,0.5699969058157677,0.5422492401215806,-0.19545603638669612,0.19867485950449368,0.2668561807089283,0.3784522533948525,0.5390463132739367,0.15034003192582712,0.4277492291880781,0.4330322975662024,-0.06595963350899828,0.03866309359418636,0.39205177237758493,-0.2700662570247753,-0.062399685115129784,0.09109804191696193,0.10733638013601277,0.17379895475716692,0.4456451859788765,0.43961426603398135
0.12134875686077277,0.0455445977564453,0.06911722901314207,-0.17790995167391924,-0.03238503422186263,0.26762152587960025,0.2550742384815552,0.0016553340790000043,0.042981784784938006,0.5161575299031291,1.0,0.486794515755177,0.32189543198268133,0.24206337058013164,0.327397170409569,-0.006765651308740242,0.20900483260807767,0.0637117054077103,0.32233277208020816,0.13881612035599483,0.002921431851479303,0.19067153571975246,0.11470349949002011,0.3086177866217664,0.4886734257655561,0.44048457282805975,0.09471911832236339,0.12150619929588244,0.1941136145215725,-0.0707747479827688,-0.07366993942839649,0.08171699722289039,0.123242439483064,0.20753536988038748,0.051929763180337186,0.29450044827359995,0.1258622442788405,0.09702390063632985,0.33482757866655005,0.37717084690909886,0.1570271337027613,0.12140998447442654,-0.015831711530471672,0.2317946250902014,0.16948240799457698,-0.02715882005641687,-0.007841507948656273,-0.06535610417441123,0.3050009840152194,0.2622184756714472,-0.010828540814764602,-0.05965756270363648,-0.16720386608646215,-0.17590693402724628,0.20774966652817564,0.17861406923093745,0.10127277041047186,0.020644661875613,0.4572784325730905,0.5109269423367081,0.3239640506439833,0.18729964356782053,0.13896481598915397,0.2617436749688395,0.28751175351512104,0.3682363913281938,0.25768078546281514,0.0517766941462028,0.11502044564955938,0.14653079967636834,0.092431829612298,0.14060936849122627,0.08484835232118257,0.2008703067940784,0.19395158645120378,0.19967199492685486,0.2507358247140889,0.07617152478625003,0.19480439964138113,0.008270101244232577,0.18895955583702428,0.23224071198967877,-0.02620541864380836,0.00207299206227723,0.042041503575255296,0.05641687258096258,0.26658532131974705,0.13788895934923792,0.2575233430277055,0.16104174411230893,0.01340010058822243,-0.025442287990971004,0.17743125826174286,-0.10208829896569067,-0.03057007281712624,0.3335530969728186,-0.07270779121383744,-0.04121493079092957,0.24786687367431284,0.2395617852222781
-0.2673285080142573,0.058017537337910825,0.3156808291968249,0.0027727362183201766,0.23779493122826967,0.5566289825282631,0.5090332597144169,0.28850701767638515,0.34346941899368044,0.6020904856661783,0.486794515755177,1.0,0.5945157551770134,0.7393015678642496,0.6950471233955086,0.23803546828190944,0.6837550020773655,0.42601298900089657,0.6310773873302574,0.40195928363692024,0.410085062648969,0.5539087271216462,0.39045547927630353,0.7115042312654436,0.0029498621830528478,0.592718287376178,0.35301217992171613,0.36911066891167915,0.5054126363002259,0.21345258139992565,-0.1542629726006429,0.364090004592071,0.03182523889702828,0.518597887647329,0.38373532177297676,0.5023988104349347,0.3804841141504911,0.3964138112002799,0.4392425269510835,0.588546062845772,0.5012535274253804,0.3333756095427609,-0.03368830771249262,0.17281056613675624,0.18537097373772715,0.16522271544466555,0.1639413089589119,0.15044499354923357,0.27995014322888195,0.44588621054257976,0.0845116004460869,0.25515733310008526,0.19611641993396164,-0.010824167413789334,0.41123526710546454,0.40707178937700905,0.24567169499008254,0.38838685835327313,0.6540289956484661,0.4283440117207146,0.62663838534036,0.5001727493385231,0.5595591611816929,0.4901795281100348,0.6788130589753122,0.6819910804393664,0.6352889724694408,0.44502416304038833,0.44325293564540463,0.5027661761168573,0.45214405982812533,0.5689669687600094,0.3977170846909099,0.4990400384859286,0.562834838512169,0.1020708053617896,0.6402921431851479,0.4218670048763421,0.25621569613610023,0.40021867004876344,0.41425992681130225,0.39692112571341104,-0.0005597953248343574,-0.008611226520303513,0.2116901008068925,0.21989460103649602,0.5089944556151559,0.20564168725809626,0.6362642408869257,0.47226170431436004,0.41267411602632786,0.13883157905103208,0.5438723665267148,-0.004434628588922175,0.24588572303251624,0.21851284523951445,0.1009905753208983,0.12821936979291945,0.49152216220944217,0.4254313266711858
-0.19508867070477356,-0.11689226126697426,0.23976296166714045,0.289466663751066,0.38242767488137147,0.39671557586757344,0.3822352452384597,0.28420577311443934,0.36486409656469354,0.4443419124882465,0.32189543198268133,0.5945157551770134,1.0,0.4450897640550174,0.49616234064420195,0.16634230609433426,0.24089567251973498,0.12838993243095492,0.49235310839474317,-0.10541645710786994,0.07122520828322144,0.5370492663619864,0.12842724675528303,0.32265640375237803,-0.11408684927829224,0.5304148170825043,0.5480308762108854,0.49254116463667974,0.5087298645668613,0.3203647416413374,-0.13358990619054908,0.16339900723797862,0.09128599855677767,0.2477619120509064,0.5167348188318646,0.31315300343311975,0.32881013842942225,0.37248693446458636,0.34702499398657366,0.3549277295488837,0.1928759406923598,0.39429708512824996,0.14942161772102075,0.3242701887122521,0.18678795565371412,0.33139445890096436,0.3901860882114977,0.2939843869585183,0.18556777678161424,0.46957038941926277,-0.1640112833745162,0.11592136625046467,0.019772145809188516,0.22808598106317376,0.5710043515339704,0.42727690188274914,0.26960734469778935,0.17417088426994762,0.38924580700181494,0.3008637466926155,0.5927576479849554,0.7799173427215674,0.7393453018740023,0.49878638122936303,0.5207102403183836,0.33278337755959797,0.47215674269095365,0.5824451684852726,0.25338610570510156,0.23133541798779822,0.09661280094465462,0.5034511638182404,0.2395749054252039,0.4793990947059981,0.32937394765039035,0.18174542432922963,0.5286698300933721,0.36813102709321904,0.13555793662941987,0.12743653101834643,0.16243047651545484,0.19019046161247294,0.02711508604666419,0.32631256696770244,0.4872974568673329,0.5056045133498065,0.44200262623042125,0.375137215455599,0.31073013929282106,0.3137040519560036,0.08577113992696421,-0.05557286695337663,0.31465342399422275,-0.026406595088670704,0.27788152456758,0.23553414044550655,0.3491942008703068,0.37678598762327525,0.43232380660820885,0.35767422536135224
-0.23064004723273054,-0.08144147296144848,0.2386783582252739,-0.11295620038923268,0.07038988869694518,0.5008156392818875,0.44031401019002425,0.31359287309816597,0.3106820318820931,0.4109116354332947,0.24206337058013164,0.7393015678642496,0.4450897640550174,1.0,0.7955216374013251,0.11502044564955938,0.7525792132251645,0.6096214821455905,0.6435590737136735,0.5098948197065448,0.7294526688679451,0.4524501978963941,0.5710574567118245,0.6781089414182939,-0.09058854014627897,0.2701318580394043,0.2749119853053727,0.3224683475104415,0.55570898920786,0.3259714416916315,-0.012066213290765564,0.19079836434803524,-0.14874374056985415,0.6785768953226476,0.14721742362948548,0.4963110362773611,0.4612718519954781,0.17578447879993878,0.378395399182174,0.5187640768843892,0.6465183863448642,0.36791235704445563,0.002169206883733135,0.06295948043996413,0.15065054339507117,0.12209660842754368,0.10578819619076775,0.1278957381207496,0.26680807329820033,0.4232713293734674,0.3039819815879819,0.19343989853709737,0.23182523889702827,-0.20860247971835297,0.25489930244254444,0.3574730489164899,0.1952419532068618,0.39976427342994025,0.5698016662657716,0.24499354923356148,0.372985502175767,0.2830246441144956,0.3943495659399532,0.4207386674247228,0.6166320439089458,0.696377398676805,0.5785266012114321,0.34572609389691894,0.5220091404080384,0.6193216855087359,0.6645776388008134,0.46924238398749263,0.48546062845772014,0.33383044324418887,0.45819684677789685,-0.04112308937044893,0.69849336336402,0.4244954188624784,0.321694255537819,0.3675231243576567,0.43603511407508305,0.463348713126763,0.12632568717062823,-0.15073801141457654,0.06687367431282937,0.08217183092431829,0.4866878995519075,0.15306028733244406,0.6793553606962455,0.4279022982222125,0.4529706326124511,0.22850170398835462,0.5435006270373752,0.14975399619514115,0.2790535960289519,0.09501005336654055,-0.017974678008353197,0.030373269773239158,0.4751525223590125,0.4679932649624981
-0.0702761802715882,0.0026240405851610505,0.20331941134022874,-0.005431764011283375,0.09781548621285342,0.5266099582340207,0.40924536966171743,0.24553611941161754,0.38222649843650913,0.57458179353174,0.327397170409569,0.6950471233955086,0.49616234064420195,0.7955216374013251,1.0,0.2722835713192364,0.6053617895956791,0.44691784566267956,0.6405851610504909,0.4491045461503138,0.5389604425881787,0.40360805580459647,0.5145552410350991,0.6585335986529925,0.015243505765797926,0.29682709759244275,0.23721326889855895,0.37349719008987337,0.6113321503274415,0.3500951214712121,-0.030989919310752005,0.1758107192057904,0.10124423257746386,0.5091207277339223,0.15727624587260283,0.5361702127659574,0.5361948527204149,0.3821346570160285,0.4741597603376266,0.5361089851523037,0.4716171433135085,0.331079574030745,0.1664603879206665,0.11558024097439373,0.2653867179812381,0.11718527913231724,0.08825085827994139,0.14192123504843543,0.27936848089917127,0.4187295474948901,0.028339638319739346,0.15832586210666724,-0.026148564431129867,-0.17430626927029805,0.3598609258489865,0.3873346307756227,0.19509544411400448,0.41297851892452025,0.5915899499245588,0.44258380529618857,0.6259954953969955,0.5120771467932037,0.533769215630535,0.6744746452078458,0.7632852988126216,0.8490289399197526,0.5237016465854671,0.4659421399050972,0.5294045614572173,0.5839452450197896,0.6496687148761234,0.4946890453842206,0.46845247206490126,0.4161859570094684,0.6068312523233693,0.2054842448229866,0.7263125669677024,0.5172814939537731,0.3095580678314491,0.19196606240843192,0.5914003535902089,0.5962563687651702,0.17998731713717173,0.07261594979335681,0.2115064179659312,0.27137827731735586,0.614233905047168,0.25566464761321644,0.608895497583696,0.5384006472633444,0.17826419715291597,0.035770085685973674,0.41938555835843044,0.15598171918392337,0.31404517723207453,0.16125184366396078,0.07742669086615206,0.11533970392075397,0.5230106492313747,0.4726290699962826
0.19688176510463362,0.4837899892851676,0.43716078808685577,0.40042421989460103,0.5260195491023595,0.44997047954341696,0.44662045439636133,0.29129287714355295,0.4132732719599396,0.2895541317705714,-0.006765651308740242,0.23803546828190944,0.16634230609433426,0.11502044564955938,0.2722835713192364,1.0,0.01765104633618333,0.2842098357787934,0.3760862434672323,0.06697426253526055,-0.061818022785419084,0.12849489405436137,-0.033819546718380535,0.007010561763355273,-0.041831626065085975,0.1400013120202926,0.023034702936738753,-0.041367999825063964,0.25431354476578666,-0.021228488333952897,0.15739870109991033,0.24056329404561458,0.3893332750213203,0.1802278541908115,0.20076534517067196,0.2632131376965297,0.2163195822524114,0.5387767597472174,0.33453018740023177,0.515339703920754,0.16423450639019066,0.0921825457567077,0.24413636264240887,0.20316196890511906,0.22656841092475563,0.09382257112243336,0.29389691893901293,0.18221337823358336,0.25925958321488707,0.3353155794928635,-0.0020248846515492774,0.5927882617917823,0.2821543373204172,0.43994227110712647,0.57107869935055,0.44266252651374344,0.5553962906962392,0.5712564466737651,0.17620432529356453,0.3556887013185804,0.4679932649624981,0.3311364282434235,0.3902341956222256,0.5008112658809123,0.572692484310424,0.2806501942340509,0.4379567470643546,0.4228947541055302,0.30787868185694606,0.32542476656972297,0.1369924121493079,0.35849681670749894,0.08963722638910149,0.4383197393453019,0.4266077715335331,0.23284861472524107,0.1497058887844132,0.06612582274605847,0.18478931140801644,0.14365310183464172,0.2934708332105067,0.3396120793334937,0.03690713083029017,0.3743718702849271,0.2277492291880781,0.3407491635870635,0.3608606425191225,-0.08628282784107061,0.1446239968511513,0.4218363910695152,-0.09558067831449127,0.03353090193842281,0.38526424664282133,0.1362751743893639,0.20408912991187597,0.06645608717951008,0.19647941221490892,0.1987404605191227,0.24718024972119568,0.2602829590430999
-0.3053114954844635,-0.015962913559729723,0.02918370470796615,-0.12011108438477182,-0.07173252279635259,0.34921169447420786,0.38983184273250093,0.1923030245382013,0.1729548883689401,0.3978789005269948,0.20900483260807767,0.6837550020773655,0.24089567251973498,0.7525792132251645,0.6053617895956791,0.01765104633618333,1.0,0.49823095930550393,0.5498108504078196,0.5541580109772365,0.6563818853731604,0.5080492444949816,0.5871166026512908,0.7492772954888369,-0.06910199766245592,0.2681813212044346,0.16631606568848264,0.2806586341868754,0.40727997122323356,0.19209726443768996,-0.18895716253744724,0.2741816273425029,-0.08567929850648356,0.635013448207999,0.05982375194069668,0.3606743784303864,0.33649421234435756,0.10725328551748267,0.37156852025978004,0.3576304913515996,0.5395273879071996,0.14171131180162252,-0.14327261594979335,-0.012888412674116027,0.08678576895322648,0.05355229494216177,-0.0793597340972207,0.055870197459054034,0.1785222278104568,0.25448410759030715,0.21044368152894097,0.051343727449651225,0.05406398285626818,-0.32935208064551397,0.03940434278716844,0.1787715116660471,0.034888844425951214,0.2963966416618964,0.47518313616583935,0.2752181233736415,0.3134154074916359,0.16291355972972382,0.22331460059915592,0.2779602457851348,0.4215871072139249,0.5632465540299381,0.4996523146224662,0.22719380726421903,0.6228378998928517,0.5831842732500929,0.6737705276508277,0.4154582399887025,0.4663576129977477,0.21395114911110624,0.5489886510244691,-0.08260479762086986,0.6451859788764733,0.41967155758675734,0.10760315759550414,0.19567907983643482,0.5048091063057688,0.4367540617961558,0.08322144715838271,-0.17712711289934618,-0.02981784784938007,-0.0805230587566421,0.3780022063834303,0.14290962366884608,0.5437668102599987,0.36265990247315827,0.30797927007937725,0.11518238742040453,0.35144907333019776,-0.046423651352474254,0.16426494063108177,0.0773896015718483,-0.12553410159410466,-0.10211453937154227,0.3344077321729243,0.2829721633027924
-0.14961842076490783,-0.023555137652795696,0.2550961054864315,0.13408410050075442,0.12156305350856093,0.354166757779187,0.39169491154796526,0.5871581500059817,0.5814305394590104,0.10078065207408542,0.0637117054077103,0.42601298900089657,0.12838993243095492,0.6096214821455905,0.44691784566267956,0.2842098357787934,0.49823095930550393,1.0,0.3810981609848899,0.49073932343486915,0.6978592202226062,0.29897443747129954,0.38956330450188875,0.43677155540005685,-0.2691546972019465,0.1093525179856115,0.1838796440051606,0.1808357569263738,0.26332932073370874,0.26946710109116356,0.1619863987229669,0.07674881371498546,-0.34021123526710545,0.8353020926723667,0.07364807242352014,0.5652402090485666,0.21223482127543383,0.12096389757494916,0.14211366469134723,0.513515995714067,0.7850831876447233,0.17963744505915025,0.14363560823074065,-0.04671229581684197,0.2785594017187466,0.20287332444075135,0.14792591458747895,0.20201613784959874,0.149898318427325,0.32459198857685817,0.44509413745599263,0.3221403424372964,0.39977258314928604,0.07493385231024907,0.22682644158229648,0.3102271981806652,0.5415391545553898,0.7310322658947601,0.33641949662154774,0.025081454593164375,0.20799457698279067,0.09398001355754303,0.12668867945157553,0.16989788108722748,0.31683540705429575,0.2912972505493099,0.5434562987907546,0.06002492838555903,0.41739738907961776,0.7581727930725328,0.6337014279154184,0.35365326983169315,0.29656469353392667,0.3079530296735256,0.2601911176226192,-0.2200258030657541,0.3760862434672323,0.23553825632503117,0.3154577857470862,0.25413833067284775,0.36107712610409076,0.4294111215586801,0.1385449694955282,-0.09425116441800967,0.03382388314272594,-0.0013251404955063305,0.24979800332175098,0.037208895497583695,0.36220069537075505,0.22803350025147057,0.22464411449563754,0.22659708578120932,0.46653087241819274,0.29063873521243794,0.14557302486278453,-0.16470027410330426,-0.015683015897312545,0.06246091272878354,0.19050097308171698,0.21194375806345805
-0.07588288032188231,0.10819794012814064,0.17638363473355054,-0.043239815442478846,0.21477772189543198,0.4487590474732676,0.5182480155693074,0.11090300988724336,0.21219304191904834,0.5300736918064333,0.32233277208020816,0.6310773873302574,0.49235310839474317,0.6435590737136735,0.6405851610504909,0.3760862434672323,0.5498108504078196,0.3810981609848899,1.0,0.2488946229035009,0.28283221447158385,0.4009840152194354,0.320345411586874,0.43473355054558177,0.014790858269955125,0.2877522905687608,0.1269117229013142,0.18194660077409197,0.6343843720722474,0.10923880956025453,-0.18593951586451204,0.2304957250005467,0.2691041088102163,0.5799785703352212,0.12923399881918174,0.4518466685618071,0.5399144343166883,0.3595241739738908,0.6180577726268833,0.6500798145677986,0.3351996842403047,0.1132579650565262,0.017428002886444645,0.186280641140583,0.005064398329360827,0.020983577879337866,0.1408584986114452,-0.025028973781461152,0.27500820012682864,0.4711535623032734,0.05516170650106055,0.3336642540071286,0.18757516782926242,-0.055419737158601386,0.38179790514093287,0.4249633727668321,0.30037644090070753,0.23802042161832426,0.40665631628435855,0.3885416894447967,0.47989328901620343,0.38561588419234216,0.48505390216702016,0.5789770615118848,0.761597166036168,0.6210651648395009,0.5775119721851698,0.5328682950296298,0.6449585620257593,0.46285014541558245,0.44969058188099975,0.3971402299757791,0.3190483479477816,0.5236622859766897,0.5066803699897225,0.12420458769762306,0.6760709365638189,0.24509413745599265,0.22778421639588026,0.11962563687651702,0.4634388745480395,0.5014891430320789,0.023533270647919356,0.06171743456298791,0.08887625461940478,0.20998884782751306,0.6453834875509395,0.09905753208982966,0.41977214580918853,0.5329164024403578,0.12196103299731036,-0.018925913413137433,0.48418193805318355,-0.027451837921759856,0.18151800747851568,0.1547114153544641,-0.028252170300233977,-0.014462837025212656,0.45132623384575016,0.4597275371192408
0.15131092694233672,0.21020314447530122,0.05105945638625877,-0.31438192910717017,-0.28165139620826135,0.20341125276070937,-0.009057313419780893,0.0033850160558679086,0.10922568935732872,0.28429730379829876,0.13881612035599483,0.40195928363692024,-0.10541645710786994,0.5098948197065448,0.4491045461503138,0.06697426253526055,0.5541580109772365,0.49073932343486915,0.2488946229035009,1.0,0.540740416785113,0.24728521134460213,0.45976958711797083,0.4783975858826616,-0.02904378763180721,0.14553366425400713,0.07204303426559665,0.24458244954188624,0.08710949586663695,0.2626752093765717,-0.07568170387701996,0.10867901423542017,-0.04470927817016903,0.49227001377621304,-0.06997004220331941,0.32139249087052546,0.14499152105967542,0.13014803962301283,0.21152391156983227,0.18319302005204346,0.46943700054367626,0.08275786665500426,0.031877719708731496,-0.14366184863659226,0.17812424832170737,0.12610264372088956,-0.023323347401106472,0.10962366884607816,0.07330694714744922,0.07099349565233043,0.2884301677199274,0.13010867901423542,-0.016925061774288777,-0.4612888412674116,-0.09314469397126676,-0.015140714176379261,-0.009886083713552206,0.2541845292959571,0.42699700422033193,0.2671623187771971,0.2840392731407579,0.02127659574468085,0.0024797183529771927,0.224342349828344,0.2904987863812294,0.5939347422263529,0.3231855852703855,-0.028405239334368372,0.40444774879184797,0.5990728389932432,0.618639434956594,0.3032913158377049,0.4774573046729789,0.07685814873936717,0.40028864446436774,0.10600686623953118,0.2669392753274584,0.42961229800354245,0.1835079049222628,0.21149767116398066,0.5163920714530119,0.5403555574992893,0.19111762261922985,-0.2153025300124642,-0.011720714613719358,-0.037208895497583695,0.10359942227316143,0.15039251273753035,0.47432594957468677,0.2042903063567383,0.20406288950602436,0.24090686941790154,0.3445697060745386,0.2103693337123614,0.06154249852397717,0.009984485343083249,-0.0478843672782139,-0.02843147974021998,0.055472217970304605,0.14262535260545364
