0,1,2,3,4,5,6,7,8,9,10,11,12,13,14,15,16,17,18,19,20,21,22,23,24,25,26,27,28,29,30,31,32,33,34,35,36,37,38,39,40,41,42,43,44,45,46,47,48,49,50,51,52,53,54,55,56,57,58,59,60,61,62,63,64,65,66,67,68,69,70,71,72,73,74,75,76,77,78,79,80,81,82,83,84,85,86,87,88,89,90,91,92,93,94,95,96,97,98,99
1.0,0.38853731604382147,0.5761081104721086,0.24651986617393015,0.321759856552448,0.5122127222234371,0.5850735824714088,0.3348713126763027,0.4855087358684481,0.5003695523824102,0.23019396033325315,0.09104546150313791,-0.015984780564606067,0.12445387155321336,0.2903675843519713,0.5901073669939428,-0.04142048063676718,0.07000940281209683,0.04082569810413068,0.2243161094224924,-0.034165008418796876,0.06970763814480331,0.09987535807220485,0.3542585991996676,0.4067000502941112,-0.14868251295620039,0.09146093459578841,-0.03477728455533446,-0.033001683759375476,0.15692637379458135,0.398451816054755,0.475926614331635,0.5291027967899237,0.14925980188493582,0.22962541820646826,0.3981063173777088,0.18448754674072293,0.6139424023091558,0.6358662613981763,0.6101207169327704,0.4253946178684595,-0.01887559860925849,0.10260436028077234,0.21714810522402747,0.3489186766088649,0.251697972928648,0.3113599090332597,0.3020008309461853,0.49097548708753364,0.308285408147646,0.2834969714198246,0.32228466466948025,-0.037475713931178434,0.07808270101244233,0.4589534451466183,0.43828475213749973,0.04844416260304826,0.36436115545253767,0.15027459521405323,0.3765458622663709,0.31376965297063264,0.2431479740219982,0.2805099385537163,0.42492838555902995,0.3439198792941331,0.3558111565458879,0.3674050425313245,0.1751505271595011,0.2708753362052,0.13895169578622815,0.17691718965253328,0.0024578513481008507,0.2709846712295817,0.45737464739454636,0.3343946119699985,0.04477050578382279,0.051715466532549034,0.20423345214405983,0.40440838818307057,0.31721151953816884,0.2174367496883952,0.2648575364632306,0.17524655047998075,0.129890008965472,0.2231396645601452,0.3185060462268483,0.212171174914172,0.33908289781548623,0.22842273293826945,0.31528284970807546,-0.0028427106339244715,2.405373166314405e-05,0.349605300561982,0.2153987448339201,-0.07969648597231638,0.19236404189718134,0.20044171349850212,0.1288928735431108,0.42935426734600163,0.3044193216855087
0.38853731604382147,1.0,0.8080558045964444,0.5134766351052896,0.8245653932780826,0.7609805164986552,0.545271260195491,0.7278170169031948,0.8102687454899302,0.22000393606087773,-0.006538234458026284,0.1848942730314229,-0.05131748704379961,0.06368983840283396,0.1870678533161313,0.8140954713432901,0.3768865758457064,0.5836347335505456,0.4670617305547659,0.5834772911154359,-0.044197590256062624,0.5827688001574425,0.4136974918545407,0.3697141982462662,0.06569285604950689,0.2308937044892961,0.2799938772386346,0.25453631016159717,0.403748004635805,0.2827097592442763,0.012551660799020358,0.07707244538715533,0.46742909623668843,0.6717150291924515,0.5062167894863441,0.48886750781745425,0.14777721895431983,0.391087008812403,0.6805624193654195,0.5835632104737809,0.5143912383192141,-0.1560998010102556,0.1836434803524961,-0.051304366840873805,0.25755395683453236,0.23458485491242265,0.4104830421377184,0.5907327633334062,0.23279613391353787,0.19050534648269227,0.037659355798036344,0.7873302573746473,0.11316624736645736,0.3757801053989635,0.8312392031663423,0.7803634296210448,0.3659661936104612,0.7183442303907633,-0.06007966158589844,-0.030060604470294662,0.29663029454855566,0.09706763464608252,0.5810937875839146,0.6682294286151625,0.5249874264721961,0.3320286020423783,0.3371279875795412,0.30520686755924253,0.45247206490127045,0.5968817651046336,0.4540202488465155,0.5072707791213837,0.686812009359078,0.21951411515164768,0.4035468281909427,-0.05518794690691216,0.46639260020554985,0.4150357525529728,-0.011572018980560232,-0.18909273796768056,0.4354639085084516,0.5012748463842908,0.03156283483851217,0.3720452209660843,0.34648706566661563,0.6139555225120815,0.25220091404080386,0.39178237956747064,0.5084822111915331,0.3403030766875861,-0.17042706260523496,-0.09609028458850355,0.23059631322297786,-0.009608361942664713,-0.04975618289562878,-0.07134329010955369,0.09251929763180337,0.015875445540224357,0.5591087008812403,0.2640703242876823
0.5761081104721086,0.8080558045964444,1.0,0.43606743784303864,0.7553257090376331,0.8502503772058341,0.6710240318383591,0.6959917780061665,0.8393474885744899,0.2652598893529553,0.11033215980407164,0.13121514946097834,0.0008790535960289519,0.20889987098467122,0.28601605038157923,0.773540924099626,0.2949640287769784,0.4942774048238613,0.2490608121405611,0.5063742319214537,0.07070040016618924,0.35365944326605586,0.3613784959874046,0.4961404736393256,0.19546478318864666,0.08612975880693621,0.0022785419081148457,0.17379895475716692,0.3416632043908946,0.2420415035752553,0.19829874702062059,0.22508582799413965,0.459893726356301,0.4896328529881262,0.34878310117863154,0.5908027377490105,0.2179484376025016,0.3956703330344843,0.6095908683387636,0.6908516005029173,0.4703226152094557,-0.12818000918414205,0.017449869891320986,-0.02219063654851195,0.28691697098248453,0.23624237388204938,0.4530537272309812,0.42287288710065385,0.4415298156611489,0.30043077999606393,0.2568760796833658,0.8268526819881481,0.20719447114056594,0.39933961645273447,0.8570204019155496,0.8896547199930026,0.3932124816863834,0.7041525442260174,0.10405862987763964,0.05911751231937268,0.19323872209223503,0.0630338282565437,0.4179659312064027,0.4846777896831471,0.37474798276880017,0.3754521003258184,0.431282937176095,0.16494299812281416,0.33187553300824385,0.48666768712689423,0.4131639369355579,0.29677899018171483,0.4823642605672301,0.309833592092891,0.3364676040322757,-0.10068006385165423,0.35654151450875776,0.3588200564168726,0.14674509632415647,0.06410531149548446,0.31321423104677354,0.3357591130742822,0.06447267717740701,0.21839452450197896,0.28643152347422973,0.504764820362555,0.1676674465898406,0.3476285233211607,0.4727733922284665,0.3252673241346133,0.029520456583061818,-0.03356370248159982,0.37549583433557104,0.06778771511666047,-0.07945157551770134,-0.033583346089086176,0.10596750563075376,0.28925236710327784,0.5878419452887538,0.29877763442741245
0.24651986617393015,0.5134766351052896,0.43606743784303864,1.0,0.688456408125779,0.36576501716559884,0.42988782226498434,0.7846274955719316,0.4306881546434585,0.44393081279657126,-0.15077737202335395,-0.11547965275196256,-0.043782117163412126,-0.11055082985283506,-0.10253001246419279,0.5659574468085107,0.20147383612866546,0.1925346045352168,0.25357416194703813,0.14962716756685837,-0.15521637401325142,0.3043799610767313,0.0645557717959371,-0.13608711814742736,0.17630491351599573,-0.050368459032166364,0.13789770615118846,0.19661936104611752,0.14843322910061008,-0.013203297544335352,-0.0753449520019243,0.32034287463646105,0.700741291465308,0.16047757538649932,0.28056241936541954,0.11154359187422098,0.0666200170562638,0.42111040650762066,0.44648050556515273,0.17884386832123297,0.3344780722904104,-0.36279547790339156,0.05496927685814874,0.17681222802912686,0.30485666178303555,0.2365747523561698,0.07817016903194769,0.26590715269729504,0.17626992630819358,0.0861603726137631,-0.32129190264809426,0.3080011370842536,-0.046987871452512674,0.5738776759747217,0.29671776256806104,0.4682994030307669,0.482705385843301,0.4906606022173143,-0.2149681998735184,0.07557026477696321,0.12081520194179003,0.06161684634055673,0.1976908442850583,0.3365244582449542,0.29051190658415516,0.10190898952570467,0.18240580787649516,0.08954329617037143,0.25036845903216637,0.2540071286435897,0.1423629485469375,0.1856377511972185,0.1725394152762896,0.1739520237913013,0.11138177603813605,0.010063195644092629,0.3231374778596576,0.21033434650455926,-0.011615752990312917,-0.023279613391353787,0.16472414773348495,0.3412695983031204,0.1459797511534845,0.3259014672760272,0.31916642977411386,0.39872296691522163,0.2139161619033041,0.17004220331941133,0.11217336161465964,0.13445583958365223,-0.3096061752421771,-0.2432488282007404,0.04148170825042094,-0.08876691959502307,-0.22263672344798932,0.08115720189805602,0.18764514224486673,-0.18563337779624325,0.17833417156852027,0.08233802016137849
0.321759856552448,0.8245653932780826,0.7553257090376331,0.688456408125779,1.0,0.7133760468828585,0.5728630469484595,0.8102031444753012,0.7263519275764798,0.3652751962563688,-0.16163652664494543,0.12741466401347007,-0.13543548140211234,0.14407732172924276,0.155421923859089,0.7139314688067175,0.1999300255843957,0.3772758085325053,0.3590081126588091,0.3860838380966959,-0.08255669021014192,0.3469768865758457,0.3543723076250246,0.2323194332072336,0.16667031116747938,0.1298768887625462,0.18941636963985042,0.2575495834335571,0.302044564955938,0.26400034987207804,0.04223393321816711,0.11870722267171066,0.48354945223152784,0.37033084778377906,0.3605650434060047,0.37702215127593974,0.06299446764776628,0.38404145984124555,0.5469375259670682,0.4849844580095812,0.4090271468231292,-0.21327764536091492,0.08404801994270844,0.12284883339528985,0.42555378189849336,0.2548643152347423,0.3375172202663401,0.42910061008943606,0.3336992412149308,0.13128075047560736,0.08533379982943737,0.7341234611095319,0.302033961682586,0.5766241717871903,0.7266843060506003,0.7928582362073867,0.5110975049747436,0.6410574883558199,-0.022818244536809834,-0.02816035966890628,0.21582296472852114,-0.05355666834313704,0.31153047167129516,0.5313244844853601,0.45243270429249305,0.3344252257768254,0.405164986551792,0.1409986016035935,0.280619273578098,0.4046882858454877,0.37346220288207127,0.33136384509413747,0.44730707834947847,0.20352058778509108,0.25173296013645013,-0.04913953335811594,0.3380289081804465,0.3443615927926352,0.07310577070258686,-0.046161247293958145,0.27788152456758,0.3473967330694715,0.1391397520281647,0.3396645601451969,0.3707200804705779,0.513743412564781,0.12667118584767445,0.3543285736152719,0.40625833679560913,0.2792766394786906,-0.06172180796396318,-0.041155934875639476,0.2734075353698804,0.038420327567733045,-0.04694845946950646,0.08986464323981544,0.13884673416282173,0.03816229691019221,0.5495309527454024,0.23988541689444798
0.5122127222234371,0.7609805164986552,0.8502503772058341,0.36576501716559884,0.7133760468828585,1.0,0.7136165839364982,0.6805492991624937,0.8400997135422361,0.26388226804574577,-0.044761758981872256,0.08712252082832214,-0.18272069274671449,0.2420546237781811,0.2321401237672476,0.6893267149198574,0.2048326080776716,0.5443484725897094,0.2476919376353021,0.4905468937919573,0.0775054120837069,0.28202750869213444,0.3001508823336468,0.46971638494675383,0.2610045702040192,0.1276070936563819,0.09377883711268067,0.14709934180315323,0.29194200870306797,0.184505040344624,0.2049157026962017,0.19489624106186176,0.4202707135203691,0.4608646213728106,0.3196343836784676,0.548105224027465,0.09500338938575584,0.4248452909404999,0.5272091141676325,0.6416485990345169,0.4508762665112429,-0.0005248081170322101,0.12067525311058144,0.09627604906955894,0.3373247906234283,0.2599330869650784,0.4152587960027115,0.3833635826900789,0.44253132448448534,0.25241521068859196,0.36290481292777327,0.7983512278323238,0.30736951670604706,0.3217030023397695,0.8952089392315935,0.8763202204194092,0.4844459994314579,0.7719271391397521,0.14812506628451955,0.08603801145618781,0.19538168857011656,-0.1188253044980429,0.32744965122127223,0.44717587632022043,0.33268023878769326,0.2621897618683169,0.4660645951324047,0.11530484278159872,0.33986573659005925,0.5179681179068903,0.4043515339703921,0.22745183792175985,0.3544685224464805,0.2833788895934924,0.37888959349237933,-0.018613194550742385,0.28217620432529356,0.2444206337058013,0.1884935820340688,0.06705298375281538,0.33971704095690014,0.3456517460803394,0.13622269357766068,0.16027639894163698,0.2466685618070893,0.36065688482648534,0.08338763639544292,0.3264262753930594,0.4092235026568411,0.34264721961032996,0.1064048457282806,0.059303382064042426,0.37406135881568303,0.17408759922153463,-0.05999868797970742,0.054619404780127265,0.05344295991778006,0.19612516673591218,0.5229669152216221,0.22859329557630492
0.5850735824714088,0.545271260195491,0.6710240318383591,0.42988782226498434,0.5728630469484595,0.7136165839364982,1.0,0.5967680566792767,0.6498873849248868,0.3544029214318515,0.027106339244713652,0.0713695305154053,-0.10692528044433754,0.23756314097658043,0.20413286392162866,0.646060659071527,0.26491001727493385,0.3450088561369749,0.30675909120727735,0.42161334761977654,0.10415254422601736,0.12381972841179943,0.20322756991974808,0.4,0.28780039797948875,-0.18558527038551528,0.09089239246900352,0.06362861078918021,0.26977323915943235,0.037208895497583695,0.221783910257812,0.4002842710633924,0.591428134088474,0.2748463842907437,0.12885788633530865,0.466427587413352,0.24375150335658524,0.6318164920950777,0.5151035402680895,0.7243125279492291,0.5265755467580358,-0.18282565437012094,-0.004854475082547944,0.1448426668999147,0.3868273162624915,0.29641599790076756,0.3079836434803525,0.3340184994861254,0.6021954472895847,0.4569023200892174,0.27210863528022566,0.5469375259670682,0.10577300493435826,0.21075419299818504,0.6213072095515078,0.6490170781308084,0.35117097811112813,0.6020817388642278,0.125490504789501,0.2906937205548528,0.1909689269860707,-0.03969736065251143,0.2302289475410553,0.44968183507904924,0.3831624062452166,0.3034965340797271,0.49960858061271346,0.20580810151561746,0.3136471977433251,0.27404605191226955,0.3445277820296954,-0.04958124685661805,0.14005816623297107,0.32812315497146355,0.35135028755111414,-0.1267586538671798,0.2628938794253351,0.10536397629616671,0.31554962716756685,0.21099035665084953,0.29441298025409457,0.22102293848811527,0.1508823336467604,-0.0046489252367103275,0.2179047035927489,0.2327786403096368,0.2068837331350725,0.23061818022785419,0.3822177516345586,0.35697448120530934,0.04220331941134023,0.024204614161758318,0.40878616255931427,0.12586210666724978,-0.2025890533773589,0.1147974021998207,0.1452887537993921,0.1503575255297282,0.5959633508998272,0.40802081738864227
0.3348713126763027,0.7278170169031948,0.6959917780061665,0.7846274955719316,0.8102031444753012,0.6805492991624937,0.5967680566792767,1.0,0.7407010561763355,0.38631125494740987,-0.08608602479718352,-0.05398088823773808,-0.13311320548424482,0.01180380923224946,0.02177079005488618,0.7537337910826354,0.3209726443768997,0.5185454068356258,0.35392622072554725,0.39176488596356956,-0.023192145371848417,0.3963044761758982,0.2341781286217227,0.20881677636614113,0.277409197262251,0.09190264809429052,0.07492073210732327,0.10515405304935382,0.3139620826135444,0.11270691653364238,-0.0133213793706676,0.28412674116026326,0.6393168747676631,0.4339638319739345,0.3503531521287529,0.32106448579738034,0.12271325796505653,0.4463493035358947,0.5850692090704336,0.4870377720124623,0.4545258736154054,-0.20159629135597298,0.10810609870766001,0.09232249458791629,0.33934092847302705,0.18334608908617786,0.20784588134963153,0.30851282499835997,0.1870372395093044,0.15217248693446458,-0.0824079945769828,0.5930681594541996,0.08363482499275186,0.5335111849729942,0.6639172552535479,0.7621307209551508,0.6421901992084145,0.7578404145984124,-0.061374189689951286,0.05044942210912695,0.18747457960683125,-0.0031488487021932607,0.329010955369443,0.4694189936804356,0.3596116419933962,0.18826616518335484,0.34035118409831405,0.1469857940848379,0.35222934114714305,0.4693883798736087,0.34084975180949467,0.28147208676827534,0.35267542804662044,0.26320876429555445,0.31102753055913934,0.05051715466532549,0.41409984474426537,0.3039688613850561,0.017476110297172595,-0.02727252848177385,0.3380726421901992,0.38306181802278544,0.03437930506658503,0.244822986595526,0.3087839758588266,0.4401434475519888,0.17497102621853886,0.20566792766394787,0.3260501629091863,0.30835100916227504,-0.22378692790448493,-0.147350973465542,0.24410137543460672,0.027985392840742602,-0.17731954254225799,0.016881327764536092,0.027329382694452342,-0.031208589359515426,0.3265531040213422,0.17541711311801622
0.4855087358684481,0.8102687454899302,0.8393474885744899,0.4306881546434585,0.7263519275764798,0.8400997135422361,0.6498873849248868,0.7407010561763355,1.0,0.2005116879141064,0.032109509960420723,0.21698191598696726,0.012477312982440794,0.2901795281100348,0.31377839977258315,0.6789136471977433,0.3166648444162603,0.6688110909448732,0.3300299577966806,0.6440926286326562,0.11020095777481359,0.4187487699809757,0.3844438127309702,0.4256018893092213,0.18966128009446545,0.20832695545691107,0.17296800857186592,0.2248277973365988,0.46274955719315125,0.30555203253810326,0.13298200345498676,0.2740941593229975,0.4158666987382738,0.6186263147536681,0.45181168135400496,0.7220834882246179,0.35807220485010166,0.40025803065754084,0.5986354988957162,0.5516745223970873,0.6975647783398129,0.03520587785091076,0.20378299184360718,0.06357612997747698,0.2697557455555313,0.43081935667271654,0.5496796483785615,0.4898996304476176,0.4320832695545691,0.48710502722442106,0.278060834007566,0.8095427609280357,0.24876587956311424,0.38831864599505805,0.8480855437230762,0.8720386608646213,0.5465351730773436,0.8682425488180884,0.18259406375780496,0.043320770725322436,0.3272965821871378,0.10495287660449149,0.5071483238940763,0.5654763727012311,0.45705976252432706,0.39081148455096104,0.5669283418250203,0.29385350621423856,0.4502110165970567,0.643209201635652,0.5376484222955982,0.33961645273446894,0.4809385318492926,0.32763770746320875,0.42641534189062125,-0.00013994883120858935,0.47295707506942775,0.3077737202335396,0.09019264831296057,0.1142288600730358,0.3976077496665282,0.46747283024644115,0.030421377183967112,0.2571428571428571,0.38874723929063437,0.5100916227504319,0.29734315890752444,0.411453937154228,0.6328180009184142,0.4798233146005992,0.03700334565174608,-0.005322434806190239,0.42987907546303383,0.19774769849773677,-0.0159935273665566,0.05492116944742079,0.22925367912357045,0.28563119109575563,0.6386914784281997,0.4731276377074632
0.5003695523824102,0.22000393606087773,0.2652598893529553,0.44393081279657126,0.3652751962563688,0.26388226804574577,0.3544029214318515,0.38631125494740987,0.2005116879141064,1.0,0.03744068574927292,-0.0019417900330191773,-0.3555618726902976,0.05106382978723404,0.24840042859329559,0.48604229078743083,-0.31807307953029673,-0.1170803175089108,-0.06185300999322123,0.023953117141545122,-0.06306881546434585,-0.16166276705079705,-0.0032231965187728235,0.1235616977542586,0.6712951826988257,-0.27070040016618924,0.010299359296757123,-0.20143010211891277,-0.10584942380442151,-0.057383394196496906,0.4202182327086659,0.4471408891124183,0.5907415101353568,-0.12337801491329732,0.018381404299053158,0.09687957840414599,-0.0327217860969583,0.5106995254859942,0.5231593448645339,0.43306775826900246,0.2079138963875818,-0.09661717434562989,-0.04834357438061709,0.42660339813255777,0.3765804377774376,0.010518029345520544,-0.004745140058166233,0.05615009512147121,0.3001727493385231,0.045085390654042115,0.005248081170322101,0.149719008987339,0.08208882605767524,0.22683081498327173,0.2513437274496512,0.27900986201919925,0.11824801556930747,0.17435000328005074,0.31616662238612236,0.41842996920054004,0.3305635127156633,-0.057663291858914084,0.07154446655441604,0.3166648444162603,0.34322013513809013,0.29281231549714637,0.4006472633443397,0.0539328397945259,0.17667227919791825,0.003573068596794297,0.0725197349719009,-0.01926920469703265,0.1067503444053268,0.4691128556121668,0.260790273556231,0.37293302136406375,0.023646979073276335,0.07660886488377687,0.46200607902735563,0.2379698672672804,0.21068421858258074,0.24919638757079443,0.3055257921322517,0.14081913800266777,0.13316131289497277,0.19309439986005117,0.1674050425313245,0.15360258905337737,0.046602960792460256,0.27726487503006714,0.008698694539808883,0.14296882089709284,0.3808619973322254,0.2541558242767488,0.009144781439286261,0.24525157989110233,0.05178544094815333,-0.169661717434563,0.1755045811375216,0.14111215586801076
0.23019396033325315,-0.006538234458026284,0.11033215980407164,-0.15077737202335395,-0.16163652664494543,-0.044761758981872256,0.027106339244713652,-0.08608602479718352,0.032109509960420723,0.03744068574927292,1.0,0.27202991406267085,0.07892676740066913,0.10662788917801928,0.249336336402003,0.13300824386083837,-0.01003258183726575,0.11446065032472502,-0.046432398154424785,0.15824276748813715,0.14713870241193064,0.02548380748288907,0.022702324462618356,0.3506592901970217,0.059626948896809605,0.06958955631847107,-0.06848745927270342,-0.13121077606000306,0.06720605278694977,-0.008195753427653014,0.14086724541339574,0.25786009490280115,0.05648247359559161,0.08639216286545232,-0.05519232030788743,0.2157180031051147,0.2114276967483764,0.027530559139314688,0.20761846449891758,0.17907347212347208,0.08017764774189452,0.10204893835691325,0.006686930091185411,-0.06187925039907284,-0.33264962498086637,-0.01381557368087293,-0.006350178216089742,0.0025890533773589033,0.10077627867311015,0.3511753515121034,-0.020056416872580963,-0.002650280991012661,-0.15714740236107702,-0.12020729920622772,0.10656666156436553,0.06276705079705233,-0.20751350287551115,-0.04877654107716866,0.16045588381619857,0.37438321311956635,0.20619273578098007,0.3087708556559008,0.2728827272528482,0.16242373882049377,0.20753974328136277,0.12450197896394131,0.07356060440401478,0.21974614566297018,0.21455030504471803,0.1318536660033675,0.0837375084734644,-0.014642146465198663,0.07502132032975443,0.28509763617677286,0.30821543373204174,0.13986573659005927,0.09739563971922766,0.127755789289541,0.11938072642190199,0.19947081848199252,0.18456626795827774,0.10826354114276968,-0.2939450263497409,-0.0775054120837069,-0.05883536332028602,0.03874833264087818,0.25301874002317903,0.04410574883558199,0.111722901314207,0.21193501126150752,-0.030854343880518685,-0.11538356408522354,0.22953795018696288,0.08994336445737028,0.05938203844219457,-0.14372744965122128,0.022291224770943124,0.19301130524152108,0.08064988738492489,0.20611838796440052
0.09104546150313791,0.1848942730314229,0.13121514946097834,-0.11547965275196256,0.12741466401347007,0.08712252082832214,0.0713695305154053,-0.05398088823773808,0.21698191598696726,-0.0019417900330191773,0.27202991406267085,1.0,0.41605912838118564,0.5042618792503991,0.5722813846187488,0.01912488246484879,0.2582405807876495,0.25052152806630074,0.33966018674422166,0.35119284511600446,0.31005226214165443,0.2642015263169404,0.36149657781373684,0.5287704183158033,-0.03050884520347248,0.43905884411012225,0.24232140123767248,0.3455511578579082,0.4091797686470884,0.2984102687454899,0.10112177735015634,-0.023445802628413986,-0.23281362751743895,0.31923640418971816,0.2936651286873237,0.34687629835341455,0.4335877194900615,-0.05496927685814874,0.033137259189608796,0.11322310164129752,0.32622108222131657,0.23084997047954342,0.4238175417113118,0.05856421245981938,0.010360586910410882,0.12469003520587785,0.25444446874111654,0.26933589906190547,0.1996107673132011,0.35433732041722243,0.2856749251055083,0.3021538999803197,0.3652384216818147,0.047735671645054774,0.20721173820821762,0.19697360652511425,0.06424526032669305,0.14574358750082,0.38092582813194154,0.040705474082675136,0.45780761409109794,0.37807176751000415,0.4096214821455905,0.24537403511840983,0.2728739804508976,0.45656994161509695,0.416325905840677,0.3463890428694236,0.21030810609870765,0.28263103802672146,0.4794865627255035,0.3863025081454593,0.3483763748879316,0.19328245610198772,0.40480636767182,0.17783560385733965,0.3485644311298681,0.3248737180468391,0.08092103824539153,0.14730051824801557,0.3129824407950843,0.21988148083357023,0.0673547484201089,0.2775185322866327,0.34466773086090396,0.20337189215193194,0.3541230237694343,0.3385624630994293,0.45813561916424306,0.3725394152762896,0.3071701908989526,0.27957214971496636,0.32954013688745054,0.25730467297894205,0.48957162537447246,0.1502481905053465,0.19313376046882857,0.23460234851632372,0.3452756335964663,0.3778181102534386
-0.015984780564606067,-0.05131748704379961,0.0008790535960289519,-0.043782117163412126,-0.13543548140211234,-0.18272069274671449,-0.10692528044433754,-0.13311320548424482,0.012477312982440794,-0.3555618726902976,0.07892676740066913,0.41605912838118564,1.0,0.16994161509698016,0.22665150554328573,-0.14588790973300386,0.49056876079683365,0.09900505127812644,0.11970873149504713,0.16816164090004593,0.17741138396273862,0.4403008899870985,0.26987820078283875,0.175657650171656,-0.32796571253635387,0.2672410399947519,0.200179309439986,0.4668299403030767,0.3044936695020883,0.31106689116791675,-0.06823817541711312,0.06308193566727166,-0.2165751896962673,0.2601692506177429,0.35496271675668584,0.2734687629835341,0.45076206511994055,-0.14263409940740418,-0.015831711530471672,-0.049677515993027874,0.23842933505659772,0.12524108372876167,0.3499114386302508,-0.27345126937963304,-0.15454724366403533,0.31153484507227047,0.2815595547877807,0.3330869650783932,0.0009490280116332466,0.34241980275961603,-0.0005029411121558681,0.009144781439286261,0.04363565593982178,0.05351293433338435,-0.11626686492751089,-0.05668365004045396,-0.02166582843147974,0.036583499158120314,0.11317936758372817,-0.2387748341113956,0.2155518138680545,0.7124707528809779,0.33491504668605543,-0.07479827688001574,-0.08197065447945595,0.1936979291946382,0.12498305307122083,0.1826946520902145,0.04000787212175548,0.10454177691281626,0.18588266165183354,0.3706326124510726,0.2293149067372242,-0.011694474207867749,-0.059622575495834336,-0.10859154621591481,0.31923640418971816,0.2680457457742013,-0.10080689247993703,0.12259954953969955,0.011808182633224727,0.14178565961820208,0.08677702215127595,0.31844481861319457,0.4045177232074523,0.275567995451663,0.3686121012004986,0.2870131858039404,0.2947016247184623,0.14619842120224794,0.13009118541033435,0.1222935451811813,0.07268155080798583,-0.0009840152194353939,0.21441035621350943,-0.016155343202641535,0.48155955478778073,0.3950361898930703,0.10321226301633465,0.29438236644726773
0.12445387155321336,0.06368983840283396,0.20889987098467122,-0.11055082985283506,0.14407732172924276,0.2420546237781811,0.23756314097658043,0.01180380923224946,0.2901795281100348,0.05106382978723404,0.10662788917801928,0.5042618792503991,0.16994161509698016,1.0,0.7383875270604185,-0.013505062211628872,0.12664057204084755,0.34761977651921017,0.23941746299009425,0.4208698694539809,0.63983730948372,-0.0001968030438870788,0.524204587697623,0.38538846734162824,-0.014545931643742757,0.15073801141457654,0.2289169272484748,0.40777153353305196,0.47098904463055696,0.33684808991712406,0.2321838577770003,0.19099516739192232,-0.16145284380398417,0.1704751700159629,0.16632918589140847,0.44963372766832127,0.4421245981937854,-0.07481577048391681,0.008038310992543351,0.14112980377630155,0.3654942659185954,0.17256128228116596,0.10828103474667075,0.09851523036889637,-0.0036211760075222496,0.33426340994074044,0.40169250617742885,0.11291683978045527,0.29699766023047824,0.39776081870066254,0.589328901620345,0.39600271150860467,0.5215111428915047,0.2042115851391835,0.23849904878528788,0.2693402724628808,0.21853009993221229,0.2507358247140889,0.5358406068541031,-0.03481886993384025,0.236154905862544,0.12186919157682972,0.151560210797927,0.16434803524961186,0.2800944654610658,0.46430211453937154,0.4989613172683737,0.3650700455601727,0.3560385733966019,0.3624456058253701,0.6019549102359449,0.1615884192342175,0.08455096105486432,0.22370383328595483,0.22418490739323435,0.15856639916030701,0.3744243510966303,0.21467276027202553,0.2319870547331132,0.3685115129780674,0.34774660514749295,0.19602895191445627,0.19191795499770398,0.17194025934267784,0.45564278060834007,0.07870372395093043,0.2790142354201745,0.41288403927314077,0.4858804749513459,0.38963503968861385,0.6253657256565568,0.3790408902507024,0.5895300780652074,0.3598128184382585,0.3551201591917955,0.14668386871050274,0.3398876035949356,0.47548052743215763,0.31567645579584963,0.307992390282303
0.2903675843519713,0.1870678533161313,0.28601605038157923,-0.10253001246419279,0.155421923859089,0.2321401237672476,0.20413286392162866,0.02177079005488618,0.31377839977258315,0.24840042859329559,0.249336336402003,0.5722813846187488,0.22665150554328573,0.7383875270604185,1.0,0.1730248627845444,0.1528328704817301,0.32090704336227066,0.16567754914609345,0.5267149198574271,0.5891014847696311,0.12313747785965756,0.6007084909579935,0.514263847280838,0.07766285451881656,0.25107694999015984,0.2905206533861057,0.3342371695348888,0.4972688110909449,0.5186328748551311,0.41159388598543656,0.26654566923968426,-0.11377402637160788,0.28497518094946533,0.28265290503159785,0.5453281144081695,0.43637357591130743,0.04018280816076622,0.22585554656578688,0.3417685396872215,0.3807487051987857,0.24690472545975378,0.2403271303929501,-0.003831099254335134,-0.0633793269335899,0.18904025715597736,0.3848592858236207,0.2628151582077803,0.24167413789333275,0.39763399007237976,0.45160175810719205,0.4309155714941724,0.3374148142561924,0.16811790689029324,0.3487393671688789,0.3185366600336752,0.0717456429992784,0.2655004264065951,0.5879803502882855,0.10247545699362906,0.4805274321576174,0.30495725000546675,0.41432726159497935,0.3789901817148105,0.48454221425291377,0.7757451181911613,0.5217292427456212,0.47636666196554023,0.47022807286086027,0.3893376484222956,0.6976492969757933,0.3509916686711421,0.43051321860444774,0.3645054776847215,0.42041940915352827,0.3155540005685421,0.49430801863068813,0.541457654545057,0.32972819312938706,0.3064748201438849,0.46636198639872295,0.3537775250923881,0.1959283636920251,0.3287922853206796,0.46607334193435523,0.286794515755177,0.39964575452100326,0.492497430626927,0.5634208742428549,0.4738929828781352,0.40975268417484856,0.4281586103068426,0.5662504646738536,0.47802584679976384,0.5279176051256259,0.023747567295707508,0.2730926504996611,0.4127484638429074,0.35357634864752574,0.3877326102643721
0.5901073669939428,0.8140954713432901,0.773540924099626,0.5659574468085107,0.7139314688067175,0.6893267149198574,0.646060659071527,0.7537337910826354,0.6789136471977433,0.48604229078743083,0.13300824386083837,0.01912488246484879,-0.14588790973300386,-0.013505062211628872,0.1730248627845444,1.0,0.235975596422558,0.4114626839561785,0.26751656425619386,0.4510113489755308,-0.06232096389757495,0.3897924821237235,0.2691041088102163,0.3856421245981938,0.2870831602195447,-0.024246135006888107,0.19850867026743346,0.09692768581487393,0.24441626030482605,0.1604950689904004,0.21611160919288885,0.33560167063917257,0.7217817235573244,0.43013710612057465,0.3835210251251886,0.41479521549933307,0.12866108329142156,0.6204631431632809,0.8100107148323894,0.7028653461172185,0.45276557779823895,-0.18352977192713915,0.09680960398854169,0.06322188449848025,0.2691959502306969,0.1617939690800551,0.2641009380945092,0.43485163237191404,0.30675909120727735,0.18630688154643457,0.02528263103802672,0.6098926330060571,-0.07426917656427497,0.26352364916577375,0.739568345323741,0.730069318405458,0.26354114276967483,0.6274474645207846,-0.00880585249158919,0.17888760237880233,0.33132011108438475,0.12240274649581247,0.4580131639369356,0.65075331831799,0.5178412892786075,0.30151975683890575,0.3183486037917386,0.2554331366395621,0.44806805011917517,0.4288731932387221,0.3207802147339879,0.303999475191883,0.525490367584352,0.36191205090638734,0.42569373072970196,-0.024582886881983776,0.34813583783429186,0.3948743740569854,0.21388117469550197,-0.041595416675777916,0.43704707966149875,0.46702674334696376,-0.0003192582711945945,0.24823423935623537,0.2531455686514618,0.526483129605738,0.23252498305307123,0.37749010518029347,0.35688263978482865,0.35915243489099297,-0.2681725744024841,-0.10945541258169778,0.3209201635651965,0.04692221906365485,-0.1591480614900177,-0.02282477968992587,0.06391288185257266,-0.033093525179856115,0.4725197349719009,0.23456298790754632
-0.04142048063676718,0.3768865758457064,0.2949640287769784,0.20147383612866546,0.1999300255843957,0.2048326080776716,0.26491001727493385,0.3209726443768997,0.3166648444162603,-0.31807307953029673,-0.01003258183726575,0.2582405807876495,0.49056876079683365,0.12664057204084755,0.1528328704817301,0.235975596422558,1.0,0.5592267827075725,0.7419780892611139,0.5546740722923181,0.319267017996545,0.6948372001486957,0.4845378408519385,0.36722135969036324,-0.2977236447923728,0.3036845903216636,0.1874264721961033,0.3573637138921082,0.5995889003083248,0.20949465351730773,-0.35016946928779163,-0.0810216264678227,0.02360761846449892,0.6249764929697579,0.3455380376549824,0.20509063873521244,0.3847674444031401,-0.05010168157267499,0.11400144322232184,0.2676480589186823,0.27264248829310245,-0.08410050075441167,0.21867442216439614,-0.14357875401806214,-0.015166954582230871,0.11741706938400648,0.1375347138702412,0.2903019833373423,-0.1697710524589447,0.23528897246944086,-0.2051956003586189,0.30603748004635806,-0.11838372043448116,0.13921847324571954,0.29620607465395465,0.23625112068399992,0.2764383022457414,0.39602020511250574,-0.020771490642564124,-0.11301099146208617,0.11381776038136056,0.32368852638254136,0.5842557564890337,0.3857383394196497,0.318191161356629,0.19214537184841793,0.06924843104240012,0.49199284073507,0.43231505980625834,0.4677002470971551,0.43269991909208194,0.4290962366884608,0.43699022544882027,-0.0042028383372329494,0.3151297806739411,-0.05717784435065929,0.6217314294461088,0.3765716909754871,-0.36103299731035843,-0.2795696573440336,0.4121318143053946,0.2664494544182283,0.009188515449038944,0.17145043843344776,0.2691609630228948,0.267975771358597,0.35248299840370867,0.08702630600686624,0.3775906934027246,0.25387155321335636,-0.2139424023091557,-0.09966335709191967,0.053849686208480026,-0.0729089676586998,0.049240121580547115,-0.08348385121689882,0.022649843650915134,0.11735146836937745,0.08678139555225121,0.21698628938794254
0.07000940281209683,0.5836347335505456,0.4942774048238613,0.1925346045352168,0.3772758085325053,0.5443484725897094,0.3450088561369749,0.5185454068356258,0.6688110909448732,-0.1170803175089108,0.11446065032472502,0.25052152806630074,0.09900505127812644,0.34761977651921017,0.32090704336227066,0.4114626839561785,0.5592267827075725,1.0,0.5267280400603529,0.7148586298134745,0.5360346373357241,0.48871006538234457,0.4515798911023157,0.4886269707638145,0.029026262272856488,0.3357634864752575,0.18400209923246813,0.14166757779186984,0.7695873696179835,0.13074719555662462,-0.09551507729986224,0.03369268111346789,0.12766832127003563,0.8186569285604951,0.34979773020489385,0.44075135028755114,0.42833963831973937,0.07367431282937176,0.31216461481270913,0.34839424940897845,0.5420180424857742,0.10070630425750585,0.1950711771008725,-0.09274671448251733,-0.04704467429096237,0.15390872712164616,0.2589928057553957,0.2472064901270473,-0.046248715313463515,0.3030898077890271,0.1372591896087993,0.5567995451662986,0.16115781544018667,0.16297916074435284,0.6293149067372242,0.5381382432048283,0.4754367934224049,0.7320504690472546,0.16109221435383264,-0.05583964470454968,0.21369749185454068,0.11097067634646082,0.5585838927642081,0.40908792722660775,0.3662635848767794,0.23310227198180666,0.36861647460147384,0.45035801792904606,0.6037261376309286,0.8864009096674028,0.7393146880671755,0.46187925039907285,0.4880890424438565,0.20669130349216067,0.46100894360499445,0.07054295773107958,0.7075506767838009,0.24610439308127965,-0.13928844766132384,-0.10483042137718397,0.6410137543460672,0.5677767816142223,-0.013911788502328836,0.2374450591502482,0.3273403161968905,0.31009599615140715,0.3946425838052962,0.20729045942577246,0.6623734447092782,0.5219960202051125,0.06068968533379983,-0.010747644647668456,0.33041044368152894,0.1713760906168682,0.06560101462902626,-0.15169141282718507,0.029559817191839234,0.13781898493363365,0.22562375631409765,0.2478712470752881
0.04082569810413068,0.4670617305547659,0.2490608121405611,0.25357416194703813,0.3590081126588091,0.2476919376353021,0.30675909120727735,0.35392622072554725,0.3300299577966806,-0.06185300999322123,-0.046432398154424785,0.33966018674422166,0.11970873149504713,0.23941746299009425,0.16567754914609345,0.26751656425619386,0.7419780892611139,0.5267280400603529,1.0,0.5396295729373948,0.2965690669349019,0.5017821608974219,0.48354070542957733,0.281270910323413,-0.18094071854978025,0.1752552972819313,0.2493407098029783,0.22575058494238046,0.5333624893398351,0.16177647547615404,-0.38607946469572063,-0.1207102403183836,0.06934464586385602,0.5685858607946469,0.21992084144234764,0.08340075659836872,0.2955369443047386,-0.00950777372023354,0.16046008178259824,0.2633227606250733,0.28061520698799547,-0.2209092300627583,0.09604425881786971,0.14381054426975137,0.17408322582055935,0.07479390347904048,0.08374188187443966,0.18988432354420415,-0.14199558286501499,0.168537753383919,-0.17376396754936477,0.3341978089261114,0.011600458770270836,0.14947847193369923,0.32577026524676916,0.2268789223939997,0.24589884323544203,0.34688504515536506,0.04633842069760778,0.08415088687207023,0.248732807067416,0.19781767291334107,0.5712317683846844,0.5941396426931403,0.5566902101419169,0.23351337167348188,0.20741291465307996,0.6514209741983887,0.5097286304694846,0.4865146180927598,0.49436049944239135,0.3460584723710393,0.4014957031335418,0.1449563753252717,0.4728827272528482,0.07338566836500404,0.5462552754149265,0.2685443134853819,-0.32138374406857495,-0.2621504012595395,0.4763114736174586,0.28656272550348777,0.08118344230390763,0.141164636679714,0.28827272528481773,0.18206030919944896,0.3531652489558505,0.08130589753121514,0.3683715641468588,0.3428134088473902,-0.10205331175788852,-0.03652231147616654,0.1695742494150576,-0.02470534210929129,0.06233408410050075,0.08772605016290919,-0.04405326802387877,-0.12122192823248999,0.14668386871050274,0.25465439198792944
0.2243161094224924,0.5834772911154359,0.5063742319214537,0.14962716756685837,0.3860838380966959,0.4905468937919573,0.42161334761977654,0.39176488596356956,0.6440926286326562,0.023953117141545122,0.15824276748813715,0.35119284511600446,0.16816164090004593,0.4208698694539809,0.5267149198574271,0.4510113489755308,0.5546740722923181,0.7148586298134745,0.5396295729373948,1.0,0.4521396864271501,0.5410946622641097,0.6181977214580919,0.48775666396973605,-0.14102906124948067,0.15927926351927577,0.38952570466423214,0.3654238918895279,0.7712623821915112,0.40942467910170344,0.022627976646038793,0.2042247053421093,0.12387220922350266,0.6522621416544576,0.3973847062167895,0.5937897706151188,0.5388423607618464,0.11130305482058123,0.3636089304847915,0.41370669098304996,0.5516854559114797,0.07084909579934837,0.202379130130546,-0.02188449848024316,-0.028733244407513504,0.4324856224442938,0.4326386914784282,0.46183551638932013,0.1278388839080711,0.4879316000087468,0.11579891102315716,0.6178478493800704,0.13356381181680352,0.3412083706894667,0.6105792569591743,0.5466620017056264,0.4239749841464215,0.5794100282084363,0.2738058142244472,0.02322059786644788,0.383560385733966,0.3259539480877304,0.6487109400625396,0.6449891758325862,0.6356082307406354,0.4239531171415451,0.5122564562331897,0.677958800331472,0.6909230062758304,0.7455905184666857,0.7162187575167829,0.35229056876079684,0.517473923596685,0.17034396798670487,0.453784085193851,0.07107651265006232,0.7634777284555334,0.4768012945266887,-0.035415801097723645,0.03741007194244604,0.6079858301808402,0.5139839496184208,0.06307756226629639,0.17716210010714833,0.4311561085478122,0.34927292208786165,0.5105333362489339,0.36019330432310687,0.6305788196190768,0.5519625636876517,0.06873674312829371,0.05907159155892486,0.5269423367081411,0.29575998775447726,0.18892654873062037,-0.05859045286567099,0.19455948918676608,0.35232992936957425,0.4010364960311386,0.4675734184688723
