0,1,2,3,4,5,6,7,8,9,10,11,12,13,14,15,16,17,18,19,20,21,22,23,24,25,26,27,28,29,30,31,32,33,34,35,36,37,38,39,40,41,42,43,44,45,46,47,48,49,50,51,52,53,54,55,56,57,58,59,60,61,62,63,64,65,66,67,68,69,70,71,72,73,74,75,76,77,78,79,80,81,82,83,84,85,86,87,88,89,90,91,92,93,94,95,96,97,98,99
1.0,0.3645963276436275,0.34976251691262567,0.2023754587206364,0.28827747065600584,0.13655983851777906,0.3056170322305203,0.47990123964497367,-0.037207776511619876,-0.1453418469372059,0.21063172801977456,0.05644500532100242,0.23243519835252976,-0.05070020624770444,-0.06993900467432013,0.35029775638912697,0.2726409437794499,0.49596922294529255,-0.009921550530687587,0.3294579483847069,-0.10748036702374991,0.37145619669187474,0.15103333829072133,0.19877404997900203,0.24357320223890203,0.41776477785398,-0.023463432416769875,0.11775425444751043,0.20605943122544398,-0.07626456212388047,-0.030722118104279092,0.1293458777142606,-0.039668936333185786,0.4468433427824291,0.2477257218378375,0.2917457688973151,-0.15506876493098393,-0.06671187164298115,-0.2440317219892526,-0.149768167534665,0.11350303524974162,0.24963820322776087,0.1086096644472279,0.09840087396287542,-0.1986146558300293,-0.1686530834554168,-0.054085891843131846,-0.08796448897971741,0.16868055176777547,-0.22112296695327877,0.5744704896263997,0.29012188475004697,0.21170997240612904,0.015609843383592477,0.02338887556893922,0.123590924626568,0.47912095156475143,-0.032302722658052604,-0.039406810255251154,0.13240914161858092,0.15156224003214577,0.18580343997312815,0.03232940615101601,-0.21726170855975063,-0.26955350668186057,-0.16789567696021648,0.20104450219767667,0.23232855554742013,0.26645832605752107,0.4039096026043089,-0.06082661569594773,0.42741243396326695,-0.009584090347241796,0.17656310332162398,0.29880030183753536,0.33378394445752846,0.1982489350147073,0.017581282628418234,0.0264967085126621,0.06159491946293977,0.24136632040910502,0.020422289820404397,-0.23003996245475578,0.30323592288784457,-0.11928149201535714,-0.013294657964708726,-0.24228935041759586,0.04956303801104686,0.043500371999284256,-0.06329010607473262,-0.11398874270520391,-0.07692932520952048,-0.1748396635996346,0.02116628838891348,0.1437392677421684,-0.1258378325775066,-0.1712860501838022,-0.1983854917139906,0.2300022916411604,-0.1346229308520824
0.3645963276436275,1.0,0.40445206406712286,0.6931691408422553,0.7310997409738706,0.19156244077146622,0.17228439434923204,0.6723382213868364,0.19394904471097177,0.003362906241624876,0.0770227476956039,0.04763476248346872,-0.015929266741250902,-0.112737802009198,-0.02859922201891531,0.5575549434918383,-0.11894642541118036,0.36987024361649073,-0.27253039270663465,0.1453285622182893,-0.1885378611593987,0.2805621272403077,0.1646058884236714,-0.05286631951938282,0.20095895802490255,0.31387974368130467,0.16983193310286102,0.1595029962042839,0.025113895439865953,0.18371984518860568,0.04240322619253023,0.29415423300429866,0.2561082659607769,0.21008707062614848,0.32881230894800245,0.26107317210992953,-0.006330268785285005,0.08765844801681422,-0.03817313604791399,-0.029962435120829526,-0.06332471220053626,0.22450087133412575,0.011679526414903479,-0.07067910693453786,-0.10950595885797017,0.013833832341203662,0.10466137443640887,0.02135543564547363,0.1342015939475512,-0.15633315295809422,0.4373245706801216,0.8142309458128465,0.5384691752561148,0.5588687136315069,0.42294782195817754,0.18691173642966735,0.6043515300439055,0.39710075887102014,-0.01840298447137963,-0.11281249166143009,0.022130826862912456,-0.06662792326609734,0.08558419802927289,-0.2653956947737031,-0.397475897536947,-0.14924161951601198,0.24430719002978352,0.025162553612280696,0.10878083809777939,0.288823810788869,-0.11642644964075358,0.3598907545548366,0.10721361613161139,0.11142010782490672,-0.022372556790758086,0.197562382523868,0.09131251836944092,0.14107175861162108,0.22358970817274265,0.25985023491295134,0.07693403406306767,0.04584775256230657,-0.09093345565889137,0.3866337622445205,0.13014486395534497,0.24854584716397474,-0.011542189382315894,0.18410604342349485,0.07739707132854227,-0.08742614457515238,0.16171694218039215,0.10033472113765947,-0.09749445826798914,0.05969806046246895,0.14822607676766597,-0.07694112753542433,0.02991063773181033,0.090653278872833,0.09307519921394254,-0.03938563587769998
0.34976251691262567,0.40445206406712286,1.0,-0.0799924030525916,0.15011505294318928,0.5801509343931389,0.3115721600130592,0.49864718561637433,0.5751328680987854,0.25167556639637856,0.296914405991882,0.30046083961965037,0.1193521247908485,0.14046504619383518,0.07007713099083658,0.23009489905791575,0.03840853369497314,0.201328524026131,0.0991260371245868,0.1779694803625188,0.04523403198332158,0.20844045970949523,0.05699596333530105,0.1747235804866813,0.2069383360173788,0.31961343451615654,0.030594206305078774,0.14611095938144525,0.3109161820144793,0.15974465466851254,-0.15871184652910542,-0.04126837629375701,-0.10457731777528732,0.04337637223786608,0.13911836919845788,0.4947704236794165,0.043996371044956975,-0.06461015416780463,0.021021115292406772,0.017118245544641485,-0.05617664486206746,0.2139199934703923,0.11380823672339263,0.2077812204715758,0.16460889847401813,0.037487183089254104,-0.1557657361056567,-0.1293568650348926,0.38759201394137555,-0.0026448050378434715,0.22571095812575145,0.38304012217908284,0.41771752540425494,-0.10258233427196443,0.41017724517159276,0.6728669187735052,0.4644340431142462,0.5224000075341627,0.23041196173901032,0.279968246606187,0.33442264769313357,0.2678018138496746,0.2849781352319423,0.062301247217853455,-0.11938194751827819,0.0413248825141501,0.3793279759660407,0.25020728765721156,0.010112262992610624,0.12613758008971931,0.17570694606912143,0.3341598679323799,0.07901302390923759,0.4709212711388201,0.28606128337451203,0.21943257529949015,0.21262819848751682,0.1870638426113408,-0.030244954465404067,0.02309220873397813,-0.046278594501944756,-0.3016898499132002,0.19931627473324356,0.17139435377288895,-0.02352228385585891,-0.10109433713494627,0.10061014969838605,0.20372540948388215,0.3108297310617833,0.08428373656800053,-0.1028303337948008,-0.005084777022050775,0.10477351992943001,0.22500933922253719,0.23340208256814493,0.18638270186954692,-0.05312997372460752,-0.03977253107057313,0.4097077686635337,0.11996270589454056
0.2023754587206364,0.6931691408422553,-0.0799924030525916,1.0,0.7395220201601638,-0.054173769184646635,0.0018537179523401422,0.36746009540924923,-0.0984040131973417,-0.09301237800150056,-0.06240722086995765,-0.13580328301140485,-0.06237344961057797,-0.17855651720771373,-0.04274852534460946,0.4866896458629599,-0.043775055015084025,0.2987530960699924,-0.3139014719870412,0.1760718131276507,-0.1002616945358933,0.28844071084825257,0.2754804894539551,-0.1313927101453528,0.06879946256305937,0.029566106613940244,0.10065645342493351,0.07645919466079001,-0.041384544208486106,0.1706330894148153,0.14757855149443258,0.3993671303315973,0.5115837751805845,0.2600447654834892,0.27123545798115484,-0.008869913945670388,0.09883722755368876,0.12387890089122866,-0.02055022975290914,-0.046135759333728876,0.0993317349385604,0.014845439791052554,-0.029852550157118685,-0.19329051417521323,-0.3774191725605794,0.023348065504863492,0.27175814072489396,0.16974782529532348,0.047867065925130556,-0.0932902002517666,0.36677716771987984,0.5921971942296594,0.35822118418202537,0.813177878442563,0.32569413406343994,-0.10036528931393168,0.36102922941211557,0.12366857218198771,-0.14176939811457578,-0.2852971033859053,-0.16648459106762226,-0.22103977723992227,-0.11511258864413325,-0.28482588236032763,-0.32538479166470463,-0.10818743741151284,0.08084866097863941,-0.05549697828944258,0.22921600335272135,0.3192570059865201,-0.12556471907176905,0.26958892885748414,0.197429749763637,-0.23396557515484273,-0.17811395504066485,-0.04587600568358976,0.11912296067480985,0.0721647219109148,0.39678981883477893,0.37003569309588163,0.15064244433352483,0.2568694298208439,-0.1931147170451014,0.35652285833576625,0.1596002498830635,0.37048146439009383,0.05488718175508027,0.11853440072580042,-0.03743223177595911,-0.09280675814395901,0.25331895563947776,-0.009070821549755033,-0.18951558472950786,-0.04422867439546192,0.015875108695993394,-0.18143762083606305,0.058305001742275125,0.20652238745059628,0.003057614370159693,0.008995476363134086
0.28827747065600584,0.7310997409738706,0.15011505294318928,0.7395220201601638,1.0,0.30887398798928895,0.1410709184458278,0.4316017440024253,0.14607328856784985,0.04250837390793881,0.09122069572527053,-0.013291518730242443,0.010486612734618535,-0.17187308702899712,-0.11440626088921955,0.3392335245127123,0.06295420798684033,0.2173292021007757,-0.25865251499769265,0.26759462437489995,-0.16107653809797304,0.22398280955206262,0.21780959044355544,0.05321161470120183,0.24321689912697889,0.26657369296942746,0.12206211684157726,0.1966494950541361,0.11046107131912711,0.12533079683188458,0.11903663172698706,0.36053793921814226,0.22325450715588496,0.21212592097291155,0.24339750061903676,0.27385290320563765,0.1781389990236981,0.07378456689551686,-0.13715012223408019,-0.11709972406129042,0.08761767233432431,0.16004445156004257,-0.09187597512470609,-0.05731143403369654,-0.27176038851165757,-0.06036828728402032,0.13442128778512652,0.14120747514511112,0.2066959112632404,-0.09902715123889888,0.3827794154117577,0.5128176955577463,0.19116996129323904,0.6164122317131744,0.6102281792708103,0.10142321174420248,0.3504107688299131,0.34634075134437714,0.10959224483517449,-0.0915888429906744,0.04644968278035718,-0.1560434972327648,-0.10266081513362152,-0.3658197012076635,-0.4220637955228238,-0.22589617295926215,0.150080580256338,-0.09722997766042145,0.05197161660043933,0.14788776608936144,-0.1220181675418034,0.2688943729592722,0.06457174922207773,-0.06300757497276714,0.06396349696730703,0.1427182877352918,0.20364370944501473,0.10280208068460425,0.3023098487202911,0.25954719682058336,0.20957372335182342,0.07222907621747361,-0.11348489557336548,0.35106529921613316,0.11347861710443291,0.2406474357163262,0.1393577359204405,0.12602932595509272,0.1246323171631366,0.05348784645376378,0.12344882576934789,0.1499887576121676,-0.05540905794712901,-0.03801926862115405,0.06382848478570016,-0.09236651675508904,0.032420443950538225,0.1741553104859849,0.1529701866902737,0.059576391701119766
0.13655983851777906,0.19156244077146622,0.5801509343931389,-0.054173769184646635,0.30887398798928895,1.0,0.2671928023632157,0.32022323105051886,0.7706365425727282,0.5926121256070495,0.5459688093389543,0.38034023023145574,0.25300032334115,0.32098044570850953,0.3112064391977372,0.02566167214463081,0.21587573654288666,0.06628336613833351,0.19523683954430873,0.27784265529008095,0.2788120033385986,0.030169612838213275,0.1286364612023921,0.33288847747463607,0.36149383611312547,0.3132305835329278,0.029436613141392263,0.25429839679295807,0.5491417918208421,0.29151716062520994,-0.1487071062850613,0.09675120625084367,-0.13560080238832958,-0.02012720178057379,-0.03094423108542059,0.6336031769079682,0.2834461888123962,-0.0007895174682701876,-0.07801553137473512,-0.1136826673447413,-0.028448549868749416,0.21373948748858104,-0.07466041331160983,0.09152438086448239,0.04375621960828632,-0.025582416513009586,-0.18262268231210824,-0.11052459747166056,0.5930793194608348,0.1608245513249139,0.1414068165337201,0.1669170861143493,0.12197338557019485,-0.1837378236943139,0.6907527141636175,0.7357199111125978,0.27646610097661584,0.687065412228574,0.5815478937306349,0.44932151253234626,0.4662171282910949,0.24704362594137794,0.329669846711181,0.27744083327839675,0.1086284998540256,0.25505338268209915,0.24097322585115363,0.13055061016932865,-0.042064973546056414,-0.014784224718960034,0.30412130634587065,0.16996449916831183,0.13610946519179043,0.3725863210997366,0.39504848353336575,0.3063807712396018,0.5089421093772073,0.3677738746629247,-0.04411095310297631,0.04722036484182967,0.008072541430046869,-0.3629017827712534,0.1328084533305708,0.091985848331026,0.034277301137344646,-0.10819999434937796,0.33843629176216145,0.2970164311520713,0.5249239520450543,0.26418541574451654,-0.09825803879465954,0.1729287224762738,0.2221259523652562,0.04231217175379612,0.1337831856323517,0.2074038089131694,-0.08142703320368296,0.0700253336221429,0.5983930258767097,0.3474300657041774
0.3056170322305203,0.17228439434923204,0.3115721600130592,0.0018537179523401422,0.1410709184458278,0.2671928023632157,1.0,0.4588000820910488,0.3125657277216378,0.1928588694360993,0.27160510298461,0.11535117046357075,0.17507353656737268,0.006152899553914782,0.15676238192554365,0.4623715660698982,0.35782877987374,0.2844020857073794,0.1440045330545693,0.33042483260032207,0.21784726127193305,0.33432376180744566,0.2305109380782012,0.4972086308577049,0.13045559709809165,0.28698971233223486,0.0862763995007112,0.16715010877447425,0.5857225206022604,0.0647561285704868,0.15040386251408733,0.22127051097319408,0.2505313154334184,0.2821277103365573,0.22551405965569812,0.3381177920178094,0.26959431672992223,0.20021095655613422,0.07502933224508763,0.2469211957971929,0.5218957851821776,0.21832904827828686,0.3974710327139624,0.29321548647146906,0.06773212284452314,0.037541334905046894,0.17041733391776748,0.23049201221790055,0.2666152878424277,0.35322666214616905,0.36355003468854086,0.17122333268326312,0.45931866055143794,-0.19553977567030503,0.10427834661165435,0.28288202242122795,0.43261790179846743,0.3200104222584281,0.15809341733924764,0.2540883672000031,0.15191226467513633,0.13533867631039495,0.04201394447949923,0.009295273254664118,0.018180876411478298,0.06710270633403338,0.6634107560418044,0.18718713101719348,0.21888242424339235,0.2447064658812302,0.13983725417333032,0.3378147230939311,0.10959547008114377,0.46956041299768636,0.44941690658932953,0.11807214826925035,0.4191505859381131,0.05573239909715617,0.20995200110501053,0.2954019632772352,0.21494338390640058,0.09313166891121931,0.09125440670038204,0.2756891404462108,-0.08439360977432044,0.021987198201846497,0.2551492294549973,0.057804316527570274,0.37659355389594695,0.5382656985267573,0.18917968664161558,0.139805861816349,0.1840093674756474,0.29584930418868055,0.26014051213471084,0.16065352608764963,-0.051419090940483254,0.06484402713554273,0.2975853008485351,0.3489416070996927
0.47990123964497367,0.6723382213868364,0.49864718561637433,0.36746009540924923,0.4316017440024253,0.32022323105051886,0.4588000820910488,1.0,0.45361171029095965,0.1425558322879134,0.3173203473565663,0.07317479931455352,0.11357754755844855,0.048822178386287496,0.12537008645848483,0.5138528585292056,0.09458909562936714,0.6778826326101971,-0.1093646932515542,0.3097256268759624,0.00887854684722511,0.3790901788619071,0.20550543676595812,0.09713112985061156,0.2468114194407563,0.3869360655158747,0.039000309999646834,0.15352039777256712,0.3392596894509867,0.09151578388089503,-0.10778801212216695,0.2960777996783296,0.1318675195446954,0.3833053875955751,0.2554012533403443,0.544630352744462,0.001607288677444048,0.11332640870259791,-0.03874997106015118,-0.061131121558666617,0.09337193026654028,0.15999507139996624,0.19564030794334086,-0.061978715197162505,-0.0035073110837389896,-0.0721310317494575,-0.016928335144934643,-0.07612725048864752,0.3160685766307355,0.06411888913436462,0.6086938778233478,0.6642087749520286,0.6188108496695057,0.07150080187852415,0.22410463076687634,0.38230804547184694,0.9360533764246474,0.5468375928184126,0.12502084648706752,0.14386192369455236,0.1720426732004758,0.1228351536322425,0.2950818771530969,-0.022147307850327654,-0.17292244400487755,0.051439516149605805,0.4897609863482434,0.2741707509447141,0.35389795125549856,0.6340565478374882,0.13694450221512405,0.57235980364073,0.20489650520389163,0.41381483453680423,0.2955112835947402,0.30749689019341625,0.35085824741967336,0.1698012589120089,0.16510182307190394,0.2313710886594896,0.09278168067616711,0.020751132773583043,-0.05655254629293977,0.4688574084589421,0.015250407021529659,0.1391497615554392,0.02920118192270414,0.09471941107915194,0.3396951252771127,0.14378798229943057,0.13411285787778496,0.2649374703244009,-0.0066379138837020304,0.11670658074056253,0.2870595603265183,-0.13377073367891099,-0.13498007173939416,-0.015472507947172563,0.33941416368212984,0.13358311185372504
-0.037207776511619876,0.19394904471097177,0.5751328680987854,-0.0984040131973417,0.14607328856784985,0.7706365425727282,0.3125657277216378,0.45361171029095965,1.0,0.524099902997655,0.4592113219675042,0.2618466860671357,0.11118540632681315,0.32373983280437235,0.3673736222684736,-0.035355628176512874,-0.05361027659794882,0.024884711614225754,0.13602145980681152,0.13614388995099655,0.25781444056271213,-0.02395549821220597,-0.03937386374383198,0.11816475572234526,0.2584045154748563,0.16154899307054202,-0.05039179623535395,0.14037714762877926,0.5008344480890484,0.21734960712480655,-0.23409899261965977,0.1317725059566974,-0.03718109301865647,-0.17783292366323547,-0.11787202199349436,0.608793787450303,0.2637678975605009,0.11946827646610098,0.06171975247118707,-0.04897362729124875,-0.03997268863872145,0.1436450907081799,-0.015303768023129879,0.054801616077903244,0.16947000304505744,0.08072544597748768,-0.22649977966491186,-0.18183544760774636,0.4718875557165649,0.32133674882043267,0.11344251590807065,0.1836405794872278,0.2817196098559405,-0.24330165845756854,0.45458173412168273,0.7920911665439704,0.3489792779132881,0.8491189738470377,0.5656837723552735,0.32988684223663756,0.36519342393164,0.23517104118989543,0.41769868999745724,0.3525909671667467,0.1415323859123714,0.3318312096412169,0.3190742707850022,0.10659981141042363,-0.08596012150412431,0.02843989464729131,0.3621069137350081,0.15741932850964818,0.026788678342020263,0.446243748999369,0.2892067975440412,0.24396727189824788,0.40847247990105134,0.30448219897095896,-0.0494931705954186,0.1046448113163124,-0.11171436733438184,-0.3406069395917112,0.21167230159253364,0.07284593579009822,-0.015959868026583036,-0.17005233103855294,0.35056080483727525,0.22585702115571915,0.6098323962718452,0.3092098860771812,0.06412043359106448,0.2364919668920689,0.3320949053363847,0.10051985722761647,0.2008105503391943,0.1662743276051566,-0.028373970723499366,0.037440079862124824,0.45752144881949086,0.44833133991944724
-0.1453418469372059,0.003362906241624876,0.25167556639637856,-0.09301237800150056,0.04250837390793881,0.5926121256070495,0.1928588694360993,0.1425558322879134,0.524099902997655,1.0,0.7103360512574951,0.6252381894151292,0.4035015021236921,0.33898081613817654,0.36164138013304076,-0.02918075398133411,0.2117727570954547,-0.015286502233565322,0.1969932412281941,-0.031929153756564924,0.2990114154382348,-0.035892437270247275,-0.0018105541888981537,0.38085992298672955,0.4394661417866639,0.22079892763710252,-0.04898541864259041,0.3471082941713834,0.4158851604797229,0.31142618561037705,-0.2039340886331459,0.15182907496177983,0.1039871416956261,-0.16429497502738982,-0.1490979994828224,0.37130580484160247,0.3288112660846526,0.3128545372925358,0.27667586201492594,0.2452652496162286,0.08021692127188654,0.28257819048246896,0.09847778520729934,0.07437788220964435,0.004564446913975558,-0.002688755375450834,-0.2070168981133745,-0.29336303049138435,0.4048279875419743,0.3154083045308571,0.025284964008676844,0.10925952885566674,0.18044790597364926,-0.23351666462616427,0.39591020373250324,0.42796023059259114,0.1566587871881563,0.42520773884080626,0.7033093809743556,0.5363043083300654,0.618014810908212,0.41143434761998937,0.31793852751068125,0.4172183871241159,0.26673290451390524,0.3476906221648789,0.18881874877129806,0.12086135918704143,0.02771395755204183,-0.04841641317348352,0.22473945324718383,0.05971454144988415,0.10226378223116565,0.4792057108953411,0.27381041606254836,0.30241434693501085,0.4020998339344967,0.4178870440654342,0.005434014861135964,0.17315860354294002,0.06298873956596944,-0.2866434991163055,0.1418416005073003,0.009053552200760323,0.03875541910349742,-0.17551459900988545,0.378296737039204,0.3385901143113699,0.364716260292765,0.30492169179623857,0.12904137197103113,0.2697600172030324,0.5089295524393421,0.22570624927405203,0.21665583630775798,0.280887822943989,0.010370461059366063,-0.00016480980947986023,0.39138091784937323,0.3368398582321715
0.21063172801977456,0.0770227476956039,0.296914405991882,-0.06240722086995765,0.09122069572527053,0.5459688093389543,0.27160510298461,0.3173203473565663,0.4592113219675042,0.7103360512574951,1.0,0.6864566701107226,0.5084094238286431,0.33639029489590333,0.3471727847100653,0.017621314782544535,0.38931545433965054,0.256973910204537,0.2513366276996149,0.21686311088056837,0.34267674884927346,0.15633864662056593,0.053725685628965736,0.5046056529809017,0.4654207301784111,0.4512943466266937,-0.03464775799622507,0.33559528345535117,0.5526862058005251,0.1565340640427747,-0.1879507501007643,0.16775290761897718,0.040812418502501384,0.07069166387733039,0.020330483167803986,0.49088816503292715,0.18414128758108003,0.12118705489072272,-0.0274385111535191,0.03873738370603553,0.21635707892321088,0.448128250335246,0.2894445946481748,0.13778811807137406,-0.0610644128000813,-0.09565804292121692,-0.16776082153830457,-0.24503932088916028,0.4959939412727251,0.2707567245371896,0.18707961219453242,0.1992505071829665,0.19901734074560734,-0.24187418649651776,0.33480982110273544,0.3949937019059092,0.3169717676761777,0.39010732654450453,0.5733178307410881,0.7154193160541336,0.5809100722770226,0.4696720401226076,0.2614096502459988,0.3162709333065695,0.20624621574948288,0.27683977851124664,0.2568923908820863,0.1970608894243032,0.18348604412982314,0.17613309731514298,0.20964609027660602,0.2130042889824556,0.026670182613409973,0.41376774600133226,0.40299169279427405,0.47496497788799985,0.49856085663467564,0.249614756919189,0.06926723567930258,0.1903954299006853,0.12213510407155885,-0.17275214046825385,-0.01896726208811902,0.19904480905796598,-0.10704008921708677,-0.12769704491972583,0.19219899622899164,0.24375311471164146,0.4254056775432355,0.3782920281856568,0.10305953835185425,0.1091128124031251,0.21848138688295587,0.24249026150227634,0.27412355482343714,0.22807341105560766,-0.1466682310524675,-0.11876513454961318,0.5015627507710152,0.3433805879867208
0.05644500532100242,0.04763476248346872,0.30046083961965037,-0.13580328301140485,-0.013291518730242443,0.38034023023145574,0.11535117046357075,0.07317479931455352,0.2618466860671357,0.6252381894151292,0.6864566701107226,1.0,0.43312174893030586,0.3092663922975743,0.2840347952748243,0.0026573619757086038,0.2659669313041322,0.07156041927615532,0.3251540579314328,0.10736024912964724,0.3607162323207352,0.1837032921151848,0.1085406438807943,0.565968879971759,0.31338506791733767,0.4596523845830919,0.06361582661373881,0.3988774097548572,0.4383887715817886,0.28070563712333113,-0.19879359219460743,0.001169364838690437,0.05616718307073637,-0.03251462098452671,0.06722123881304445,0.33576179470185624,0.2042166197351114,-0.0072563404688132755,0.02034931858939015,0.15929574413983405,0.14655056722091792,0.4283108721107271,0.31069003512803367,0.1312765069110247,-0.0498824356692377,-0.028169146728271102,-0.0551500927447989,-0.12934430809702746,0.25127384298565225,0.09798178616162663,-0.1083302725797287,0.09863243120856231,0.14474225315414582,-0.11253056829561543,0.3299532920968818,0.18737783958585505,0.07876967122797435,0.20963650804114908,0.36071530596548723,0.6072793439310373,0.690027279947512,0.4351575424816904,0.20490568170046053,0.29586186112654567,0.27565460886708165,0.2601860310344719,0.1315983300835805,0.16188489129024225,0.12565968095163757,-0.0146052883543819,0.21068587983556736,0.18681434677804018,0.07222520885737924,0.41186285312463705,0.28829563438265815,0.43972844041596687,0.366413016521791,0.3640994007201404,0.09175982344945362,0.08147569133791034,0.2504638218923933,-0.18982636894166988,0.16834772672336124,0.11015887665633858,0.04535565956885754,-0.06027644098710089,0.1903977843274589,0.3596104365460679,0.22689915837123958,0.20087804388021938,0.041547768161256195,-0.07707373005163458,0.23200355361341582,0.41221444738486074,0.35278246046919,0.2951933200203807,-0.03292429108237665,-0.07106128099601632,0.23006978518218546,0.16556636498623445
0.23243519835252976,-0.015929266741250902,0.1193521247908485,-0.06237344961057797,0.010486612734618535,0.25300032334115,0.17507353656737268,0.11357754755844855,0.11118540632681315,0.4035015021236921,0.5084094238286431,0.43312174893030586,1.0,0.38560943528311187,0.3199444983346361,0.06193395678529834,0.6196660482374768,0.23376466414900063,0.2541555616247422,0.004846978015941032,0.13610313331040122,0.33498614027983137,0.1854425007779561,0.431795591806785,0.4747307321636546,0.3808897457258618,-0.030533776017889713,0.30190959632583997,0.3940580546706048,0.2618137241052397,-0.09052139545250495,0.2808013837745527,-0.02842576809219304,0.2866513472024712,0.24997027536200253,0.1880489250076117,0.20944972359040526,0.058719380691824495,-0.04691589591861403,-0.026389974540808478,0.20074556877093283,0.45933121748930306,0.3276685847389256,-0.0054889514642959165,-0.021375047480921304,-0.08000106734014352,-0.005455206834430458,-0.201151157278786,0.2004880726701826,0.06995627046388468,0.18484754307814497,0.03431655503413986,0.011357750299012082,-0.17677814088256438,0.11906728598555848,0.23613644844925535,0.12222923317919693,0.026703897987436782,0.3784676768723179,0.561457454101784,0.5897711184150634,0.857329641593601,0.40462534806262146,0.42565351013501845,0.16749385494853225,0.2709300609953257,0.09765063524397125,0.4156803253504197,0.3361054092562977,0.1503269512696634,-0.062118411185729416,0.3585501596890235,0.08019102256721417,0.29643163218217605,0.36331473466986475,0.4452173940341522,0.30779723056735386,0.2736439291914274,0.18708424763537163,0.19761167041805186,0.2856656275800583,0.0787225827109801,0.06426012952481408,0.31234441169176486,-0.09348797202314243,0.001473870581919893,0.053392905562769,0.14208651655104254,-0.009455374212444554,0.1865191854314407,-0.10393534432693244,0.1452767648292701,0.08066733846284245,0.17010412840724662,0.2950692044238092,0.005920598526678662,-0.2147126501731288,-0.1755805229336774,0.2626518997077373,0.03909131719138971
-0.05070020624770444,-0.112737802009198,0.14046504619383518,-0.17855651720771373,-0.17187308702899712,0.32098044570850953,0.006152899553914782,0.048822178386287496,0.32373983280437235,0.33898081613817654,0.33639029489590333,0.3092663922975743,0.38560943528311187,1.0,0.6127613020288872,-0.17563075068513792,0.2336422340048156,-0.031486521696819016,0.732582742372445,-0.02336846136701104,0.519933558076489,0.014746553905364638,0.21812586844014234,0.15897325018022399,0.12792537411826752,0.03484708586712433,0.0009896440538363987,0.24997253169842001,0.2700786496263929,0.3518124370191085,-0.12329029442880059,0.08200779157994531,-0.13024840762331696,-0.10138942517477688,0.047261193435390904,0.1369084009904714,0.10947766277715516,0.10727862903352388,0.014152464889601318,-0.12426973558228091,-0.15996060257657796,0.09987003569309588,-0.049761575142285804,0.03950883537540535,0.025022837930742208,0.14942761923112635,-0.0225357882679716,0.027731997275144485,0.3095882853141691,0.06829718504845408,-0.051461470605778076,-0.012904613146099845,-0.005493660315995341,-0.24068981538162104,0.04037292550476278,0.4034137618599654,0.07821402672744225,0.24229396419389168,0.22366888610543434,0.19803177615362086,0.20068027210884354,0.43687470373474724,0.6965568876373808,0.7572634037463624,0.6369302681848005,0.6203158697719974,0.03735611999885705,0.3150866566394489,0.09622777666379251,0.0004159485667825044,0.37329907380777644,0.0805935980781661,0.2652058750819961,0.19387284216870873,0.11118152591184861,0.05390617059941374,0.24263614075071652,0.4402493807860015,0.002153514843870174,0.10541392376055175,-0.09545156318180248,-0.24463740272297196,0.12954835833733586,0.01221947016000678,-0.05387554191034974,0.04729727608625361,0.1058809264355512,0.29686260860286284,0.06118838859955611,-0.06440453431026309,-0.07458978053611846,-0.020500778726656944,0.07596633484958358,0.11056540751972224,-0.09440619810453023,0.17149801580684973,0.05541062756436215,0.1016248677597481,0.338575854892026,0.13068162197966404
-0.06993900467432013,-0.02859922201891531,0.07007713099083658,-0.04274852534460946,-0.11440626088921955,0.3112064391977372,0.15676238192554365,0.12537008645848483,0.3673736222684736,0.36164138013304076,0.3471727847100653,0.2840347952748243,0.3199444983346361,0.6127613020288872,1.0,0.04711049163550977,0.05335913784064618,-0.0011348332595613234,0.34570976521665425,0.173357944931549,0.6358333552426314,-0.009767728041839717,0.3051651022154998,0.11263420723115962,0.022734336004821862,-0.07413619024710671,0.14232274403732703,0.3487626707351145,0.5069222109166527,0.516225133338984,-0.12096098245481857,0.05657842278581945,0.03138135734219853,-0.11663982621197995,-0.034028530158836175,0.24088149773001347,0.2436893539141545,0.002958728484471777,0.12852663838741357,0.03341715089358309,0.02773358865794551,0.09599935959616888,0.14658655340308713,0.11393694533651023,-0.06359147258349579,0.2902388212798024,0.12103009310581607,0.14776062709347698,0.3053550259752369,0.29376642212030174,0.0411663511736028,0.09775187559523604,0.13019347102015702,-0.13730383708628813,0.15597528008850706,0.32562036202453387,0.09709024357320224,0.2483008893451243,0.24404722664331077,0.16589696470997675,0.1342603492712267,0.3441071860216168,0.4653428514922351,0.5181934333493434,0.5764136757610289,0.9133806729890849,0.2080771749704189,0.0644869645199707,0.08027182641910749,0.002329311973982025,0.43174536403561486,0.03996168562830737,0.3075620293598081,0.21559948390985376,-0.04948220269181994,-0.017910909275697297,0.4523134588399273,0.453829709087142,0.06888579151088216,0.09260741675535004,-0.13972104762532608,-0.22818781411964878,0.19773880941393632,-0.00955426009813247,-0.02340770179783958,0.05148815409874148,0.24307337453320454,0.38531214401560654,0.2979792747740536,0.1344895133872654,0.12270325758360566,-0.08685951253163939,0.16094855108633208,0.0922165820642978,0.10261843546832669,0.3159891869026621,0.24340682281218903,0.30454812289475086,0.3586135884903108,0.31071200976929764
0.35029775638912697,0.5575549434918383,0.23009489905791575,0.4866896458629599,0.3392335245127123,0.02566167214463081,0.4623715660698982,0.5138528585292056,-0.035355628176512874,-0.02918075398133411,0.017621314782544535,0.0026573619757086038,0.06193395678529834,-0.17563075068513792,0.04711049163550977,1.0,0.15260917472665117,0.5590458610763179,-0.17726001337313882,0.3171772631526076,0.09318821169907533,0.48632706428210415,0.4860439390972952,0.20313680279048224,-0.0307111307836471,0.2267367919601209,0.21548498640908803,0.1716078217165962,0.22977086326236634,0.26524647699412024,0.12418497625169127,0.24656018383357034,0.43022266590069347,0.5230262848101862,0.4465091895239339,0.17325684059352608,0.10912606851693146,0.05054481414162342,0.0059519932192500635,0.1293458777142606,0.18566938341468367,0.08686732653375148,0.25308351305450655,-0.01759697880074965,-0.107978678319505,-0.036641943877531814,0.2521190821973745,0.24510671827568128,0.13490316046478992,-0.13942125073379605,0.5071527457314259,0.5383184919426044,0.6522104919494333,0.2968569984523574,0.17490251692147488,0.019651615470311995,0.5657638228341637,0.09005678875149506,-0.20405651877733097,-0.07865282733528471,-0.06930644892936408,-0.016747815877620083,-0.020000062784689326,-0.18689275433292837,-0.19058920291697667,-0.0008271882818655842,0.41974014191703013,0.11884361544206651,0.4167311845003697,0.44727341790430986,-0.0340834667835535,0.4342842209064799,0.42686558964692806,0.13346769256849025,0.07258383819438,-0.039110952754113346,0.22517100979755078,0.12608892195549193,0.22156089016132527,0.3066043214701663,0.21339574131452305,0.2619220276943265,0.01916188718219175,0.44674445689674114,0.15316481922718325,0.43536316233923195,0.0833263027533908,0.1322191139428863,0.0322116848585304,-0.03628327196129952,0.2243406822812189,-0.07426646852857924,-0.15669174915005227,0.07732562337348414,0.1445821521963654,-0.09135568286029024,-0.03121340829825239,0.155512966607963,0.15709200154450337,-0.08471852054158073
0.2726409437794499,-0.11894642541118036,0.03840853369497314,-0.043775055015084025,0.06295420798684033,0.21587573654288666,0.35782877987374,0.09458909562936714,-0.05361027659794882,0.2117727570954547,0.38931545433965054,0.2659669313041322,0.6196660482374768,0.2336422340048156,0.05335913784064618,0.15260917472665117,1.0,0.4179984868889873,0.3962561489755108,0.3396337769071634,0.2963587612733125,0.45819638422974174,0.38162825092384756,0.7311703737770787,0.29417138336645227,0.496337492951473,-0.01634521547125351,0.1731319200499766,0.46010835856824567,0.09822664644999671,-0.08478444446537267,0.18273012943063704,-0.11360418648308424,0.5661279740322525,0.25261115739305684,0.22193855728525624,0.13515346147688426,-0.09133916603097168,-0.28709028053014857,-0.1428131935746149,0.3012576567951673,0.1872113866312561,0.21993476670779064,-0.025828051571343814,-0.14066909643414358,-0.28731148399129347,0.05818024000242169,0.031632496099501174,0.22076753528012116,0.0247277498909116,0.07184295037812079,-0.1100027429071997,-0.015190755582343689,-0.20522431399878827,0.06382380097874012,0.06802174391606834,0.16017629940762645,-0.012140989298349704,0.13430272893652154,0.5463412375429986,0.3806933941089126,0.4100169832584626,0.20253555967841683,0.2325921600758439,0.22334083610370775,0.04798476843436959,0.027365502389549077,0.5381364162721127,0.488341074819404,0.3625109480802012,0.11523035515351553,0.3477041003519743,0.2591981604072388,0.14019664164696796,0.6176595349772155,0.3154139219609792,0.40918508612489757,0.14150727203664115,0.07383479464697738,0.1426060040998402,0.4779562955777604,0.1045992924165513,-0.11703536975473161,0.2838621373791787,-0.026583037460484887,0.09108174880473648,-0.01882364205492944,-0.05991309810779105,0.038097749482811125,0.178082492803305,-0.3329001189769863,0.054006626141753986,-0.1025509419273016,0.036024285117831165,0.08380186407742608,-0.15002721324946972,-0.38166184794176095,-0.18568257944617625,0.2812958132029923,0.023669827875774214
0.49596922294529255,0.36987024361649073,0.201328524026131,0.2987530960699924,0.2173292021007757,0.06628336613833351,0.2844020857073794,0.6778826326101971,0.024884711614225754,-0.015286502233565322,0.256973910204537,0.07156041927615532,0.23376466414900063,-0.031486521696819016,-0.0011348332595613234,0.5590458610763179,0.4179984868889873,1.0,-0.09236098684974682,0.5627705627705628,0.13012288930545804,0.5501257263403746,0.4481824021510388,0.289344923914759,0.09203607608248653,0.43943727630496504,0.117201795171943,0.1837111402013505,0.2907473774628999,0.056468549579499545,-0.1048943804563819,0.12369211644048482,0.08471852054158073,0.8271035225349946,0.3850335368473972,0.46088628506639945,-0.10053398378271475,-0.12520836668769952,-0.18586637053204016,-0.14045562849043633,0.186494217918037,-4.081004806167968e-05,0.21419781572065835,-0.23909665388998239,-0.09489905791573666,-0.25702099874000905,0.08695525922043244,0.0009182260813877927,0.16380060987502787,-0.138966061736185,0.5031533610213813,0.3683461446850472,0.40790898731435354,0.04711677010444233,0.0666530371516824,0.0015986557792741826,0.7417179146693288,0.13459624735911901,-0.1041456730361734,0.16098327217716144,0.13379260333575055,0.1623172573136315,0.20815635899029664,-0.06335289076405827,-0.05910864576564359,-0.008719223730101177,0.2696313085394089,0.45771783058411747,0.6996391056161072,0.8830431111069255,0.15773011284376334,0.6127552640078073,0.41477795784802385,0.18383357034553555,0.3661628062569958,0.27412198520558806,0.40922118732125984,0.1711808858291817,0.06665693503982119,0.06253198095112526,0.36968409883565795,0.2741540547921984,-0.12890952412344725,0.46137642874408646,0.11465269079482278,0.29642378409601033,-0.14476428460154991,-0.0012078209348566358,0.1440045330545693,0.009971778282148116,-0.10322116848585304,0.04076532996702939,-0.194740840498636,-0.03937698752782146,0.17201592219721298,-0.341708944977465,-0.30024580205871,-0.15096107663185257,0.26720222006661454,-0.11170808886544926
-0.009921550530687587,-0.27253039270663465,0.0991260371245868,-0.3139014719870412,-0.25865251499769265,0.19523683954430873,0.1440045330545693,-0.1093646932515542,0.13602145980681152,0.1969932412281941,0.2513366276996149,0.3251540579314328,0.2541555616247422,0.732582742372445,0.34570976521665425,-0.17726001337313882,0.3962561489755108,-0.09236098684974682,1.0,0.08565558202976623,0.5718533772879092,-0.04026539088177957,0.08594521013455818,0.2938575752308251,0.06057466826139778,-7.06328032079904e-06,-0.2286854725197369,0.02083039030102119,0.3165283506338164,0.09746224285745678,-0.0682563750003924,0.012724886909078352,-0.06694731422795237,-0.08411578752405438,-0.09048219052728476,-0.01633972822056782,0.12625687099943808,0.04430872487435214,-0.1352194915221399,-0.1325965550040967,-0.05882066716634666,-0.017914041481844237,-0.019229380723216838,0.030963839158182887,-0.030797459731469884,-0.12058824568130387,-0.14913331588442638,-0.024847040800630358,0.2426872485423342,0.08155888105126684,-0.15236117520381479,-0.17800329698230566,0.037451067182756814,-0.31840313421169114,0.008484569283128712,0.26366989994865453,-0.045071558849658924,0.12545008774160332,0.04062797246263526,0.2517912296750789,0.09928927731683351,0.2638400999532254,0.3132516504525206,0.5517094701286145,0.6327189851482817,0.3816194682764661,0.03842424494514678,0.3379089001648751,0.1627481811072288,0.02356309390392059,0.4425239298051542,-0.035656223868318085,0.11507029928703624,0.18087484186106376,0.23841553356609985,-0.03797454943138923,0.26741411839308865,0.17584421862884517,0.05558014622554144,0.14126398136550422,0.05041139667680639,-0.16326373650521583,0.09895651846340751,-0.1280383865590537,-0.22782680215602624,-0.08171270354011471,0.08671432288060074,0.03693624722423178,0.048399147383918956,0.015572172569997081,-0.10572470797271377,-0.10592487573532507,-0.016184323290922276,0.1955036744739428,-0.18256061076945776,0.11691220067879023,-0.1293804092933897,-0.025402685301162457,0.26901355835365987,0.14194990409638705
0.3294579483847069,0.1453285622182893,0.1779694803625188,0.1760718131276507,0.26759462437489995,0.27784265529008095,0.33042483260032207,0.3097256268759624,0.13614388995099655,-0.031929153756564924,0.21686311088056837,0.10736024912964724,0.004846978015941032,-0.02336846136701104,0.173357944931549,0.3171772631526076,0.3396337769071634,0.5627705627705628,0.08565558202976623,1.0,0.45613957983688114,0.24898210322430772,0.3380407480641967,0.34700875964483785,-0.09019962391971094,0.21875136115299532,0.03746756286614077,0.04074098490342145,0.47800200204760324,0.04498836913630242,-0.028950020248062307,-0.0725163161711385,0.03685147339969675,0.5157934885998701,0.019296097027498443,0.5614909805800684,0.10530875940593128,-0.3269449911944473,-0.23306558258358528,-0.20011677952214574,0.2868611162342597,-0.12462289945973774,0.05378293449359439,0.020309277379618206,-0.1980323278365338,-0.22571967959392583,0.007521608732726444,0.22926300192435073,0.41553435089045654,0.1497870029414627,0.2411308778241338,0.02171016927936265,0.22354488634401615,0.11787825420892861,0.33583151094163566,0.11133377884320805,0.34209650634596245,0.21620064731014696,-0.1517458852484233,0.12754489208681455,0.009288994785731551,-0.10087145148784017,-0.07976009970208665,-0.15199231515402653,0.14368590075624157,0.12315687696398356,0.37093993818062954,0.13440323717986224,0.3600287397028441,0.505234673472527,0.44983285531933215,0.20953142590757898,0.25645996099506013,-0.007951680903094971,0.22981088851751755,0.02933144874550481,0.5567275364229679,0.027578174786296615,0.031586977199740074,-0.0843276858505285,0.18501392250485796,0.08160596956826108,-0.07906789850227124,0.03582808296368847,-0.10404835676771862,0.052616708889370235,0.07097576470801141,-0.03303496206037711,0.5420484760586284,0.21894433823367834,-0.13159043035765297,-0.17987977512086462,-0.17659606528351995,-0.05266379740636448,-0.022090792939233838,-0.021112144878868328,-0.20960197646201997,0.044942850236541314,0.5027656655647954,0.30134139488744277
