0,1,2,3,4,5,6,7,8,9,10,11,12,13,14,15,16,17,18,19,20,21,22,23,24,25,26,27,28,29,30,31,32,33,34,35,36,37,38,39,40,41,42,43,44,45,46,47,48,49,50,51,52,53,54,55,56,57,58,59,60,61,62,63,64,65,66,67,68,69,70,71,72,73,74,75,76,77,78,79,80,81,82,83,84,85,86,87,88,89,90,91,92,93,94,95,96,97,98,99
1.0,0.2764394174836524,0.19265960364796367,0.17976205378218463,0.13287751648882903,0.10054654072057988,-0.016603411092171064,0.0700630044357383,0.1547014744984288,-0.015771513958606053,-0.0015452887724059232,-0.3956207644827952,0.0778985336635808,-0.15887044021111013,-0.23443105865624464,-0.08806808371710474,-0.31267246169349144,0.14095319715334217,-0.3166639983173703,0.5374102571346951,-0.2918436410097034,-0.20709529774069296,0.002028731866002296,-0.36149383611312547,-0.19544559863631655,-0.30160509058261054,-0.07630543205712621,-0.2997639295681355,0.22863210551286864,-0.35657308608722676,0.11863637933253597,0.22343501313769623,0.22690631068782008,-0.16472982364167518,-0.2018355103924357,0.3509617044787458,0.2551868001469162,0.12069414752518451,-0.0041594856678250445,0.025628710182734837,0.3933068381944379,0.08599229867003017,-0.06985424534373048,0.14899905509042566,0.046871928208822425,0.11730377430159881,-0.0026997427003942996,0.26708381877037407,0.5747106410630703,0.4927876088137147,0.4968952971128461,0.027364717580624545,-0.3288944557980091,0.10440622949687489,0.1198167314918584,0.19626893989189198,-0.03542312171753796,0.13513075505290456,0.01651551900787722,-0.2716144141089754,-0.12326518055307033,-0.028629818332501437,-0.026429214971637017,-0.08840084257053075,-0.2850895780554954,-0.16589598460519417,0.2587749451418777,-0.3602758131402076,-0.32990215006168594,-0.03492556675957765,-0.029171336277935264,-0.1792738322832594,-0.1983572386037941,0.16882345323915587,-0.33045465532775176,-0.36797022121019585,0.25184910792733506,-0.406333251059229,0.07944071376802679,0.21799480534974527,-0.2569636068548324,0.11525856304681541,-0.12057014776376633,-0.2430428623563076,-0.14073031150623608,-0.09434498303243771,0.2258067047769731,-0.07285378387626393,0.4157476557766623,0.21828039014405948,0.19256849024796813,0.19506818223735614,0.16560403579982985,0.05184916606236403,-0.04300123371914525,0.1769649947751482,0.15360588166969602,0.08996500144601736,0.47243770677266267,0.42725138047835653
0.2764394174836524,1.0,0.6917313708925105,0.3490045287399259,0.5549397423944197,0.7034443680564058,0.03821547077529674,0.7963296070620218,0.7062053247695017,0.30793849611833657,0.3491089083268888,-0.0586527179905925,0.1590100738034023,0.11085504539924279,-0.08884115506608578,-0.2648399461307366,-0.43372134271336593,-0.05767244599731909,-0.3945688104498837,0.1055143792634728,-0.3103698332124728,-0.12235009370614881,-0.20640482814646186,-0.2280402700997335,0.1644268228749737,0.06386144674759613,0.17278595505402847,0.1376083428295176,0.056678900529789626,-0.036857751868629315,0.31465488825894916,0.3916320566066759,0.2048060913729644,-0.2677744506239633,0.009752031869508302,0.36460952632091137,0.47080041061186817,0.2948871288247648,0.20173662450674779,-0.007074264869768858,0.15486785392514182,0.3694174088670351,0.1954550163397154,0.4616652383149845,0.3062512777670538,0.4074271148237791,0.05380414543922442,0.18437359102274187,0.4421909973033976,0.2665382719769957,0.24442550439649788,0.5565032995329637,-0.21553512960329493,0.33292837208718284,0.7369509871322779,0.5753897263018559,0.4144558607937868,0.6627232634239133,0.40011991880369946,0.004194017246954158,0.18166592894656708,-0.10222446154280818,0.2683150786849119,-0.13246627677374595,-0.14976188906573243,-0.067043060879174,-0.04912901939732977,-0.47479665608744653,-0.35441015353995775,-0.06119155184585568,-0.2160436855868328,-0.11137219077755699,-0.3411421790682124,0.13584969333583424,-0.248319724751922,0.13521394479890508,0.35324642097702796,0.0117580073073568,0.12282730554299716,0.38338072925233024,-0.08631168203321937,0.023886435053947743,0.15706531805153995,0.18042842736007503,-0.034255326496080665,-0.026154531955837248,0.39220496689677253,0.3338905474510986,0.10574354337951147,0.21667781094902197,0.3137649152877579,0.35802512251851076,0.19269562924385258,0.43975181212309566,0.19126413832722752,0.4549764930107229,0.34751168580030073,-0.06532514045137218,0.2592624130284759,0.2363341275596533
0.19265960364796367,0.6917313708925105,1.0,0.14643755469139338,0.3721697337653731,0.7191596579960222,0.17149409176222707,0.800359128563928,0.7469936913135176,0.13177098804697782,0.09977122810872747,-0.08359006415426232,0.03224308985552308,0.025606755637873325,-0.09476571482386918,-0.19253481902896288,-0.37548398185367693,0.11826756569145912,-0.2665407309945971,0.08101582527956498,-0.19133170694765345,-0.19777498821807124,-0.12141474476621261,-0.2453893456695021,0.03652265292100276,0.02241414288466895,0.0024399728612862787,-0.04067036808716087,0.0875501787403027,-0.10725748128918249,0.28906945598224787,0.38223726264928537,-0.050479714643363066,-0.4069871565969102,-0.1855201968614849,0.28908279773396495,0.1675810344645044,0.15783841647534894,0.04776033191139404,0.07291188832483489,0.03050552289660652,0.2724316136855034,-0.0005124802277201969,0.39344982775409154,0.05131475166673861,0.21596528947090235,-0.18850960802702882,-0.015499982341792269,0.47430790643982534,0.0997515687349467,0.1914980864396545,0.6521741177763215,-0.07429629126771149,0.436483255513022,0.7728233226377551,0.7342188597506661,0.5700381142454638,0.7356472125538085,0.14339171006007714,-0.07700545167520019,0.14850154470017712,-0.14647595286595688,0.2470735456215504,-0.0774237548319764,-0.07949800481951771,-0.03454807366687717,0.08216557035400616,-0.3109750426838193,-0.24082489696441683,0.06942187027888196,0.012379575975587117,-0.061292792197120465,-0.09897774713535694,0.2619152727468418,-0.2314464303162448,0.13623738909664534,0.3937003362907561,-0.009881533046354756,0.00892955944733734,0.28986693559463034,-0.1565905702853411,-0.17851499240110133,-0.014482863893336164,0.08792221281759466,-0.0048289293126529435,-0.11930115904506937,0.16974867671406518,0.09128034120353505,0.10182738834033708,0.08550022347434784,0.0840043776641875,0.3478643378760708,0.19419939875789785,0.19149730163072995,0.1616172714469764,0.3536660401272961,0.16273562416443627,-0.14455715177033343,0.3490242859216996,0.08983001431099764
0.17976205378218463,0.3490045287399259,0.14643755469139338,1.0,0.5104036233058821,0.18573131046218433,-0.12456487250191373,0.3343325258957772,0.19028320222447706,0.1642573686691062,0.11947935755516229,-0.1764746276961777,0.03933069925298265,0.05930646408124345,-0.13945510694987817,-0.23795955958094603,-0.3039101927451712,0.022433763107782282,-0.3548599881258683,0.010334363918253528,-0.3887927715959114,-0.15920790804865942,-0.08267968508733016,-0.4414401086803738,-0.15402502991104197,-0.006615154424890567,0.06526476138455031,0.23205858127738072,-0.18507606763485965,-0.04745190200405248,0.15371738481262495,-0.013490080603801632,0.043428203689388205,0.05082346108719623,0.12846772728361747,0.27923266092214843,0.29891017508697,0.014806989979168387,-0.19909503682913612,-0.49985971540477814,0.07035498084870563,0.11769077731430433,0.003722348729061094,0.1447258289642478,0.4513602706022234,0.0769324644452186,0.06558650755967493,0.34175459800109087,0.2663547312794827,0.2353178927409672,0.03248559581320385,0.1348796691244276,-0.1555609009763535,0.5921658018726781,0.37090540658795007,0.17695957055238798,0.0754939096865492,0.12591400845239542,0.20864938255133633,-0.08322663201997509,0.10882082066685267,0.005935509896244793,0.08363237823395876,-0.06159494363306576,-0.22172814140374986,-0.093086186538886,-0.06008968011581103,-0.3836067542225958,-0.2631448627781418,0.0027146551352030105,-0.3280885860921908,-0.194096588788784,-0.21115205633674008,-0.33392311770301375,-0.43586090203586714,-0.0776011520999533,0.007228877840518916,-0.11125377198937368,0.21475284395245625,-0.07953963090421795,-0.21965860026975573,0.25465244540576776,0.28312138914321056,0.08690274522453874,-0.08818113076055334,0.200107440341784,0.3420770203630711,0.30448545768685403,0.2470217482325312,-0.09749759750368728,0.10925795923781767,-0.06069322199506355,-0.10070825081395271,0.2692224230897271,-0.1698318664600657,0.25425072300550544,0.08853586439444236,0.3227182652576725,0.28131957824351844,0.30658796079567857
0.13287751648882903,0.5549397423944197,0.3721697337653731,0.5104036233058821,1.0,0.46767687231791655,-0.24990817739186122,0.4862799757651099,0.5796722011370308,0.2851507931275879,0.30346285165818726,0.032229760750915395,0.2747897497716207,0.2515563741984842,-0.17931157345950255,-0.5541298199021186,-0.3314058433710355,-0.06765207236563292,-0.34727310398086325,0.07432922407541696,-0.36390162894876454,0.031575989879108084,-0.05597180965238598,-0.28879701396017565,-0.03820448345466475,0.177073228922395,0.33516141563899676,0.4016022652715909,-0.04613891667330839,0.15601524412256826,0.2240832650549837,0.289699543869232,0.07310573612919459,-0.07272902784541864,0.2271644236836405,0.5499279545689988,0.629516965992673,0.24182935749288179,0.11305011159978527,-0.3200119918756612,0.4037290966224976,0.5427197003913867,0.28880486204634137,0.4899638674112931,0.5475337183344735,0.4153160110375484,0.2412800861406461,0.47427415965607045,0.4329490910346603,0.4302807417383197,0.056171891922435796,0.1490108856921992,-0.39426430470665424,0.39069656473572356,0.6257844162122624,0.30056690672665964,0.12320082624651152,0.43843429049941157,0.3368392056007363,0.0908824074161275,0.3123852217398265,0.1283397530678169,0.49212052148962954,0.09336397226172426,-0.04461480023481474,-0.018937431917852514,-0.020761327142762964,-0.34525614583627634,-0.32824934311518794,-0.07869514528972023,-0.35185010783270393,-0.025380710659898477,-0.12996273728688523,-0.13150812866166606,-0.37789790581668753,0.14069661994569418,0.3594730949842746,0.15177733715117883,0.22265500074362357,0.21082479101520973,-0.0959475622274752,0.39412146953843835,0.3830399718724592,0.25795973143836004,0.07671190303532581,0.2662102219752691,0.5735287192865148,0.5596156321319483,0.2889806591764532,0.327861647658602,0.31961330909844327,0.22422304897484097,0.1631899644952582,0.5696486254861889,0.2764692402110821,0.5119850132888165,0.3987078910936779,0.2071440371591489,0.3015973608445718,0.41142806915105684
0.10054654072057988,0.7034443680564058,0.7191596579960222,0.18573131046218433,0.46767687231791655,1.0,0.08759405931269601,0.7201921839340258,0.793714624751608,0.34098207811043196,0.27567198283154115,0.09490070201188769,0.08982134616652383,0.17662517251082532,-0.01792111179171623,-0.20481307428370518,-0.32681314334686346,0.07461489441184872,-0.21543624371760703,0.14120433591064482,-0.1889615098462089,-0.08623791002326173,-0.05535887364180657,-0.16304399009257603,0.1643357850754515,0.18925659788603952,0.25516345614297664,0.17219642817902425,0.23179096143411487,0.05598039861999253,0.24154525677368316,0.3352906460230608,0.19257955313766129,-0.21104532232300358,0.03471993319709056,0.42528621970246333,0.30759631956151173,0.2955981654313779,0.23701220220437044,0.11095153335907505,0.16451158220556336,0.3550397093695864,0.16901638366467953,0.3477377106818731,0.2603760568923886,0.24618190608038323,0.0012164538330265012,0.17426682169260296,0.4924972296255835,0.16283993985226763,0.12101434944074538,0.5304609849901777,-0.11622387764519744,0.31844080502528654,0.8574614894411848,0.8103418980839906,0.3790751187415437,0.7202630993439159,0.3048354824671959,0.05315979645203721,0.21330470351500083,-0.1115464182904357,0.24346489864981524,0.044719964589435224,-0.02416268768698065,0.045664874163786416,-0.002404653601172818,-0.2756860012117445,-0.2619079011392282,0.013897396435634377,-0.020544719964589436,-0.05557700699107516,-0.08357269996138741,0.3054595254259512,-0.20045267761003802,0.17803939819283418,0.4437207634150674,0.14142492262766104,0.07359388728025426,0.28038083637874056,-0.08501517819864447,-0.010580789768607027,0.17958775572988772,0.13843877899383872,0.1292250171873087,-0.01978816445821522,0.31149367915140214,0.25979833557788595,0.19248530053461163,0.1731429073706086,0.24599669124687254,0.37024773670919126,0.23243048950083034,0.23856298403071427,0.17856436529387942,0.33573890348854074,0.22562776841239496,-0.06295737192605544,0.35371181266927615,0.13481756338899195
-0.016603411092171064,0.03821547077529674,0.17149409176222707,-0.12456487250191373,-0.24990817739186122,0.08759405931269601,1.0,0.28918157018229534,0.04026853011624585,-0.19023760865675296,0.00321065331026543,-0.10298266748813203,-0.08529143083167738,-0.11237914433068631,0.3640634423838694,0.3960646556730676,0.04080376959274711,0.3509978056751081,0.04213794424091741,0.2929329553695036,0.38748041902501656,-0.17576416814995496,0.20105399879930377,0.11361831303818251,-0.22902128087044693,-0.39352658460707773,-0.1826015641248566,-0.4825521348363988,0.34894802249735946,-0.11255254293687941,-0.20087490464575308,-0.06139557807433079,-0.012482385944700969,-0.28594827088937924,-0.3386323611124191,-0.13998474332049388,-0.25836213580956147,0.05709953570722243,-0.00900960291823236,0.4109461966604824,-0.018901330721490257,-0.18604601884092217,-0.24118895366176005,-0.156833014701035,-0.30323525707007265,-0.1108243943631906,-0.31657308474251483,-0.1883023444989552,0.026859290093517795,0.06935510706359148,0.2263435138707075,0.41330941758940487,0.5228646142351726,0.14742786824005097,-0.027684908758150238,0.1374702704569381,0.5962395110328396,0.09980729016858855,-0.2540504969606508,0.0588559373911078,-0.2626958489902652,-0.16773557600243605,-0.1460952632091138,0.021119199871919233,0.19562296538366153,0.3909367161723942,0.590067776072127,0.20992531761204714,0.16390570995357073,0.3913135778615121,0.5935177947505721,0.05053539643822458,0.3053093872528245,0.4695827561716882,0.20891762334837027,-0.279742786723095,0.29895098515104573,-0.09821334324286157,0.10293396892392893,-0.06764817486799053,-0.27176823659782323,-0.20608603385978294,-0.051638837353123065,-0.1572310360659567,0.044512775114660535,-0.20967731808921075,-0.19525567495110643,-0.4308897532247786,0.20326700130906078,-0.05246916486945494,-0.027950174070551156,0.04122601280573039,0.20196578862278644,-0.21245554059187127,-0.08071285736260356,-0.2457205350356551,0.002610273458714358,0.08140038165258626,0.2037285487195803,0.11667435779110906
0.0700630044357383,0.7963296070620218,0.800359128563928,0.3343325258957772,0.4862799757651099,0.7201921839340258,0.28918157018229534,1.0,0.7554771793350473,0.15897083337257376,0.1815372915694788,-0.05181702957555188,0.06583131637518874,0.021648954183249056,-0.041029810574597085,-0.21542211716250875,-0.4687143893090231,0.07566339872358727,-0.3952908343771288,0.06622529030070727,-0.18766971486333342,-0.25340999343899995,-0.18579495289188303,-0.2579665922668098,0.028074173831969335,-0.02188988193339172,0.1495532473444478,0.0737673011059523,0.13743181481963598,-0.07419737622783308,0.23432815673569843,0.35501602579195035,0.03395789735562818,-0.41444032724965724,-0.13547994186137768,0.32667501703034696,0.28771397806930804,0.2592505391635196,0.08474991288624356,-0.00820752851209704,0.022693525956760184,0.3276530171390749,0.02042542905487068,0.4019130494837529,0.23927568414738826,0.263780454498366,-0.1702117139795398,0.05079832725826216,0.3867018888773784,0.15104426634520907,0.20091414507658162,0.7572291693072799,-0.003391942840818838,0.5128237727947663,0.820442066997542,0.6519572545971666,0.7137002470577525,0.7758440521882836,0.19924885937834463,0.012983873752546704,0.17486163824089856,-0.15086532998063093,0.2535026008557553,-0.17390103249421596,-0.08364176311964565,-0.003616398105158076,0.09679515553337163,-0.3569231107302173,-0.248153345325209,0.07758777989720385,-0.0350730970745474,-0.08402474972453218,-0.15173960677949075,0.2060579424656986,-0.20928020492922597,0.15386178965473907,0.4848698649461935,0.04762299034960072,0.14269238904078219,0.2967080012447298,-0.2089647118653645,-0.08545467102392411,0.2640551375141658,0.19507296763845136,0.16440327861647658,-0.05832697638353911,0.3000480302873341,0.25016402500086327,0.12769934923669515,0.11916534034010466,0.18197671315872913,0.35985686654837135,0.19893485774559017,0.3228231763402177,0.11787354535722919,0.40667464294140093,0.28331591058204547,-0.010402642294687918,0.3075297315051184,0.1758709021218086
0.1547014744984288,0.7062053247695017,0.7469936913135176,0.19028320222447706,0.5796722011370308,0.793714624751608,0.04026853011624585,0.7554771793350473,1.0,0.3493026190633152,0.22814787840643164,0.04891637465224647,0.1889724971668409,0.13829824387232065,-0.08930183790478678,-0.4183814734938738,-0.43638027430630766,-0.01848067330300833,-0.35517141789803136,0.21072739201818244,-0.3440820721458865,-0.1606503238120352,-0.12599955265877627,-0.18563706054641516,0.11308621279614753,0.15945898433208078,0.25020503141206657,0.14517075865879348,0.2283048401913383,0.052428354821393255,0.305248172180732,0.47881644582152194,0.10586287583028693,-0.3424074249202996,-0.034090516686600805,0.5676505027483998,0.3561022009172843,0.26699816982630614,0.20530750371214476,0.08000182075599044,0.21799471980762772,0.45212135814327103,0.10616420079799341,0.5269471886585737,0.34651668444915557,0.2593070453839127,-0.052801944442595485,0.24450172677585502,0.539494708820307,0.23136942825122667,0.06248332281689787,0.48900894721418176,-0.261961268125155,0.369130023952359,0.8268178521985629,0.7696550490094145,0.3982888032924291,0.899810900289703,0.3194266499921176,0.04002210021064263,0.3162872901814164,-0.008554413920621317,0.3861588013147114,-0.008584236648051006,-0.05866444408866454,0.035537703775557296,0.013332328778304123,-0.38257222593698303,-0.36449808349735835,-0.044598336754449665,-0.06689551685925871,-0.14490392372915942,-0.16351801449698478,0.26486134382893034,-0.25883772983120334,0.26408584867865714,0.511392482550794,0.07594909886277847,-0.027138692610358974,0.38583011790579846,-0.1644911771815325,-0.016890651045835963,0.2474815491494244,0.08062973092817946,0.1642714307688927,-0.03929065857999868,0.37726691968896464,0.282367861773228,0.24852534460946354,0.23919397015843716,0.1820065358861588,0.4881794041809501,0.21319169107421465,0.31106203441228825,0.20120295464747967,0.5068280338457086,0.248475116858003,-0.01146841281420404,0.34202286854727826,0.18504688446675394
-0.015771513958606053,0.30793849611833657,0.13177098804697782,0.1642573686691062,0.2851507931275879,0.34098207811043196,-0.19023760865675296,0.15897083337257376,0.3493026190633152,1.0,0.5213689735994603,0.46159025894794836,0.333573484770004,0.3530973072813666,0.15370011901628522,-0.3368524151700366,-0.004107688299131374,-0.2896744299935018,-0.004545611507177859,-0.2177106190884291,-0.14452250674150602,0.1799880081243388,0.03884177853469464,0.19480676442242795,0.6004868952657205,0.3615063930509906,0.12018333143674803,0.3915567149794851,-0.12490626438408568,0.2502848855278152,0.37248586559681557,0.24408960630860557,0.16590232817492784,0.052137211283515845,0.2995457527727288,0.030513359012271268,0.20175075106184606,0.28814719242565506,0.29508647021337375,0.06451597713381614,0.10126228617889242,0.3480384289538255,0.35758234996813676,0.4009226210096406,0.3637063543232068,0.2050595041893084,0.24981723762171856,0.17711567808865858,0.09995950387538495,0.0010108334981431429,-0.2835701885738144,-0.0021032879177490475,-0.2819644701443106,-0.07770704036113753,0.22839343397719034,0.36585673077642783,-0.10404050868155292,0.25542391257858393,0.7780007071129008,0.41951002828450257,0.6097853077548508,0.2133643489698602,0.306224474099746,0.23718172086554973,0.17990010955928287,0.048311248818863034,-0.1865835397379995,-0.06704149126194087,-0.11536372740143588,-0.1790337511002178,-0.15453195583724952,-0.033244492997937525,-0.13652687655588308,0.0006937713615265106,0.07865194993548873,0.4562565163666366,0.0049960936135785205,0.21775857786346078,-0.022774370181029704,0.282648149361717,0.16443937981283885,0.09751247060891731,0.2768318217919378,0.1787630621687184,-0.05094349691884137,0.12994547149732066,0.12112265302983215,0.25250589391271044,-0.13263736505215837,0.15457904435424377,0.23443959955925148,0.31482610007650386,0.23307403256641834,0.3877064439065889,0.2642638966061736,0.32706990410814674,0.1333484016587715,-0.05614601527003157,-0.03591442600448951,-0.06418635751485642
-0.0015452887724059232,0.3491089083268888,0.09977122810872747,0.11947935755516229,0.30346285165818726,0.27567198283154115,0.00321065331026543,0.1815372915694788,0.22814787840643164,0.5213689735994603,1.0,0.5596029491573342,0.4215514809148528,0.5602957161188045,0.40755849771816716,-0.3155591116120179,-0.013928788792615705,-0.29709962089807185,0.0365046023157385,-0.13695465099351978,0.08564619793431102,-0.10793477139105466,-0.04500882714530977,0.03389668225951459,0.2701430039582046,0.02137505586858696,-0.13650192337199177,0.1338279722381794,-0.06168443605570576,0.1741145687612435,0.16652546646100722,0.1636695467846308,0.05517836751831549,-0.05111776454938216,-0.010486616849612974,0.03539409768752399,0.23785596480290766,0.32460717370296144,0.043505097922574884,-0.11238699241993165,0.15921261690220662,0.10382319817610335,0.07006774078232647,0.3046871535804591,0.19346410871177488,0.1855343234221265,0.011936948426261286,0.16855740290928783,0.20290842339344306,0.13827234517781106,0.11359088931016562,0.08151578055164241,-0.2646650376649627,-0.03563974288090289,0.2022193611577029,0.2290818909193648,0.014352585611863648,0.203278148164135,0.5769140516169032,0.722437020064873,0.6458302513233356,0.36595326227414543,0.4520593582382329,0.3960844313137496,0.41563088238817414,0.3857171054206657,0.05029212550193823,0.01014757939421462,-0.1718488253961161,-0.17368927048057795,0.10930897181791234,-0.18701211862702258,-0.16161570182912735,-0.05927117092406678,0.09988734067889095,0.0884668359238578,0.26715455640620156,0.046123238593778815,0.02055493860829779,0.2575712508681952,-0.1466250665616182,0.14602390292542575,0.17746413325115132,-0.08772993448018226,-0.17970790196639183,-0.12377143067921063,0.13106073597027523,0.11676936545452518,0.04927422832681863,0.11411121762713115,0.24935184592947035,0.2220861014208971,0.14162661852126607,0.24192284464983882,0.0892500405157676,0.31035673503663097,0.20629016504925674,-0.003961717005638854,0.14709600963745736,0.158383073868975
-0.3956207644827952,-0.0586527179905925,-0.08359006415426232,-0.1764746276961777,0.032229760750915395,0.09490070201188769,-0.10298266748813203,-0.05181702957555188,0.04891637465224647,0.46159025894794836,0.5596029491573342,1.0,0.40194397246901586,0.516875563346138,0.35456439342661955,-0.07051197030284036,0.3881658615833152,-0.35162357409983397,0.42095048246160527,-0.46028355157584244,0.3173792080491012,0.2331958609161796,0.14867280806533384,0.4541361408577009,0.4253203002681433,0.4234548087225002,-0.005550175248039153,0.2820871216729862,-0.14534201803571922,0.50601830959955,-0.08972488512357622,-0.13378172100820712,-0.18578482327463994,0.09507732139795716,0.18337852526502768,-0.22382131463401428,-0.1046025137440039,-0.004583285917776948,-0.020813140845795317,-0.02237334159999747,-0.18528011803536562,0.00861249989699441,0.1024741111054746,-0.0024643009900376057,0.011971484730157895,-0.052153712736292684,0.06795665810832385,-0.04596394035604808,-0.21428509764995474,-0.27255404392585664,-0.22174392459559722,-0.06472638203979561,-0.021437848994862178,-0.1955634734087614,0.0015452893787847278,0.0340834935325834,-0.1217992536464574,-0.013384926712524118,0.3140650819007858,0.6484321473559811,0.5974289649545277,0.45955289418038864,0.3097445838353796,0.4199781038225427,0.515563159485167,0.2890734934606661,-0.2328426967615564,0.409584090347365,0.1805744018773193,-0.20994832421582466,0.11568872896224314,0.12439383296908935,0.22001342023794343,-0.1200201853093014,0.47919196041436984,0.45981049204030083,0.03978435003447582,0.523954545401076,-0.14531847374950546,-0.023122843490536386,0.11712571466694341,-0.17573212891281864,0.08012038973628953,0.015582399540415353,0.07160599437293985,-0.06324306719146192,-0.10981757109394016,0.02391470693261972,-0.3320873178753097,-0.12621772962541017,-0.18891535440028734,0.012766496794642616,-0.15125471376049926,-0.05025918324904722,0.07446269997922549,-0.02710182786066229,-0.10910182507390376,-0.1802479919667034,-0.1953995249548002,-0.26178175240061585
0.0778985336635808,0.1590100738034023,0.03224308985552308,0.03933069925298265,0.2747897497716207,0.08982134616652383,-0.08529143083167738,0.06583131637518874,0.1889724971668409,0.333573484770004,0.4215514809148528,0.40194397246901586,1.0,0.5651150078618669,0.28372569201510117,-0.17687074829931973,0.11654878841245774,-0.07199677286696866,0.1665881858050096,-0.026264405162157157,0.1557593965135662,0.2192975021111352,0.2097198623445252,0.07914010089499575,0.13551290382327366,0.0676473635139335,0.17234175302843568,0.124825380082813,0.020333614425731367,0.40383740021158443,-0.030091131976556197,0.054997818232045935,0.06575521574201638,0.1658874168053617,0.23467190290975642,-0.06217253860473585,0.08163422267845763,0.15084649457383323,0.16129857572932266,-0.19702463357285693,0.25144797189757306,0.13946054588955437,0.18982009047273732,0.1351628791802831,0.29189633772841656,0.1817381313392916,0.1879295602598019,0.32287823964221474,0.10828789291443389,0.15330451516093285,-0.0014723009646867514,0.03960538237656928,-0.11138631733265526,-0.006342823239124907,0.09930811272363121,0.13132678619569202,0.0001255693786513221,0.1802274454744328,0.28854363400281063,0.4128878131778784,0.45657967847960595,0.8024479750368075,0.6011508433553394,0.5332052525671089,0.3783672213693969,0.3890735805166552,-0.010618460582202425,0.14388838137931684,0.02570562142715877,0.0074031025851219266,0.16301259774791318,0.08134855234202587,0.05946180964310043,-0.2464599217545954,-0.017451004398067488,0.015565115400267483,0.1356228302485869,0.2101726147989226,0.10531586400988728,0.13630796843970439,-0.0669708584864495,0.10282248570863509,0.25859914801176587,-0.01712453745306387,0.050626434237746785,0.07058725659160757,-0.030276346810066898,0.03916979805304678,-0.010521144313747649,0.11269851733956157,0.18174440980822418,0.21977082794596398,0.07157297621402045,0.17114792386728572,0.14930199121642196,0.1122323850617986,0.19049502588298817,0.11915910862972887,0.09529934770606971,0.13832408828783013
-0.15887044021111013,0.11085504539924279,0.025606755637873325,0.05930646408124345,0.2515563741984842,0.17662517251082532,-0.11237914433068631,0.021648954183249056,0.13829824387232065,0.3530973072813666,0.5602957161188045,0.516875563346138,0.5651150078618669,1.0,0.46642232939228295,-0.16999903076099127,0.286627915418025,-0.11455384986056788,0.46385817560966547,-0.1367804234122734,0.34278334839515096,0.11946361449244776,0.23168597886745132,0.11392914195663943,0.12448325237376227,0.08498067996630684,0.06855664500200458,0.21522364503721847,-0.03931109445571518,0.49714349171696864,0.010508591499499904,0.04288823810789177,0.001005340626827134,0.24879315960272957,0.19904794829366412,-0.08006149762733258,0.019369869066404567,0.15734948051536474,0.11042967896214578,-0.1689175640629845,0.08864887687957514,0.06114762654067862,0.07904830930576018,0.06445478735406483,0.18539077613709048,0.019843893656822636,0.06501438162918549,0.20799799088836482,0.12217905337133271,0.013242080983649132,-0.16265007999166214,-0.09425323439504943,-0.15036703551379263,0.03149045809689572,0.07225421844607605,0.18374267674884928,-0.15843094721337153,0.053177888784683665,0.2881466337569995,0.5860505707327153,0.4997718168052304,0.590274412364553,0.6125951629872025,0.825965874153598,0.664297590126527,0.5605976476922536,-0.15667454484026616,0.22540575602411253,-0.03541371791063732,-0.12388920063255623,0.2321009609593055,-0.15366323299683216,0.07974443482182116,-0.1969248022966818,-0.01694088544497423,-0.0005917461613018415,0.06786323914314528,0.2342098344444924,-0.0021370355400860937,0.03728942587280597,-0.07427196219105096,-0.010796616374803598,0.0992955947497929,-0.1213331245740049,-0.11168144919677628,-0.1070267474653697,-0.14494243622741895,0.017340353187561643,-0.09205023875850214,-0.0697946272765889,-0.005243308424806487,0.07081176742963204,0.04759709165509113,0.09723939536751584,0.0365328554370217,0.028848017768081022,-0.045920739792288154,-0.09444158861084842,0.07682026691361997,-0.004297613670743949
-0.23443105865624464,-0.08884115506608578,-0.09476571482386918,-0.13945510694987817,-0.17931157345950255,-0.01792111179171623,0.3640634423838694,-0.041029810574597085,-0.08930183790478678,0.15370011901628522,0.40755849771816716,0.35456439342661955,0.28372569201510117,0.46642232939228295,1.0,0.18352599738424596,0.3818181746835846,-0.001499769854782996,0.48128250335215217,-0.1137321549165816,0.5647194641639022,0.014815622877338251,0.3275755781397833,0.29629362213257626,0.07224558554790618,-0.1497643022597511,-0.07053161821056904,-0.010367325893083923,0.15924093251033006,0.40056882950853245,-0.08406166871567844,-0.10569649633828589,-0.0019055168164998292,0.11752282813855022,0.002759388178658825,-0.3435964104409674,-0.2419785660834807,0.07905694220393004,0.02214181418785592,0.06619156950405686,-0.11664928968907161,-0.22446721263228941,-0.1309437994405198,-0.15257156378280645,-0.10633929657548491,-0.11600496156202983,-0.13402501187023963,0.016984056600441846,-0.08229741825332774,-0.14240357935655396,-0.055361206345498334,0.009828950827777539,0.28571518263879286,-0.1404580380326361,-0.20055321181091887,0.017340359991994944,0.09581418236056351,-0.09945730441572914,0.0902664034939707,0.4796516704069721,0.1610333736071237,0.3296511406609365,0.18820973704586028,0.4058239100672069,0.6118825564837264,0.8196183395719733,0.07200072516345181,0.46368630245519266,0.2574518588395778,0.09245209720647153,0.4780059260922259,0.01877498390160838,0.20155933685217045,0.032083798823494485,0.3832088560978575,-0.10128120107204941,0.16840358029971864,0.15119506825878298,-0.17713693743893202,-0.08655817987042799,-0.07809319684460325,-0.12348105137713333,0.026522617604600392,-0.2048345052501954,-0.08738768893785025,-0.18272235304552395,-0.298957263622442,-0.27414866870902216,-0.12470770772617877,-0.21136395474636405,-0.040367431842291045,-0.023004328222917213,0.05115698493677384,-0.16456108972290054,-0.11302661169342623,-0.20647075212192798,-0.10734930393335286,-0.035959959032958067,0.03431813811857683,-0.10538414238632167
-0.08806808371710474,-0.2648399461307366,-0.19253481902896288,-0.23795955958094603,-0.5541298199021186,-0.20481307428370518,0.3960646556730676,-0.21542211716250875,-0.4183814734938738,-0.3368524151700366,-0.3155591116120179,-0.07051197030284036,-0.17687074829931973,-0.16999903076099127,0.18352599738424596,1.0,0.618014810908212,0.4743304797692035,0.5093298048337932,0.029143083167738715,0.5688842218936491,0.39047838794031686,0.46625281059820745,0.5079720859271258,-0.0874198317998173,0.0835114848892949,0.0019596686535426435,-0.17525090331471768,0.1634921799676863,0.15141155677776416,-0.360690192089757,-0.47221934459062814,0.14940250534554128,0.4053082906037886,0.16207082740802828,-0.47573214795839885,-0.5684306025132712,-0.2952010522713931,-0.1270448188504751,0.3706478438168068,-0.3612160138628594,-0.40588826439901865,-0.038946912405940684,-0.6602422233314184,-0.4745849439901856,-0.2826660890475249,0.011126236123107553,-0.3219435322130957,-0.38402883072933836,-0.4011502155084461,0.0888371961613441,0.10070903562287724,0.7161331537691219,-0.0760730688214372,-0.39607878222816584,-0.28857267193301833,0.1340327547724212,-0.38314057772142307,-0.4165820708047084,-0.15954060442820414,-0.4262013065493849,-0.02227914700721082,-0.45490175765737767,-0.022006033608644195,0.07407651570088118,0.13512834760115397,0.07456152742592191,0.49759377678159405,0.5876034770160948,0.3741317560767062,0.38772057046168723,0.4526226734348562,0.44826384637842215,0.18296336118103726,0.4631281215762724,-0.045860309505099096,-0.209780210336656,0.15289961391326135,-0.07642155383534747,-0.43854494855777076,0.25003845562221194,-0.3957679980160038,-0.4050099042847411,0.03828377917038995,-0.005501508402161049,-0.046760466992519206,-0.5113075225475515,-0.46973621012779826,-0.2505234673472527,-0.3293166828337242,-0.3756580620249946,-0.4075614770261235,-0.26493726239919135,-0.44370410831614604,-0.14305020577681926,-0.7433372665341172,-0.36319844042831717,-0.14900774645650106,-0.20304576495523638,-0.3699854653444211
-0.31267246169349144,-0.43372134271336593,-0.37548398185367693,-0.3039101927451712,-0.3314058433710355,-0.32681314334686346,0.04080376959274711,-0.4687143893090231,-0.43638027430630766,-0.004107688299131374,-0.013928788792615705,0.3881658615833152,0.11654878841245774,0.286627915418025,0.3818181746835846,0.618014810908212,1.0,0.18585209810735553,0.8602993573987048,-0.243240443385476,0.670918759751247,0.6363353832534399,0.6502999933293218,0.7083148903308439,0.1364028767944649,0.2760407347064345,0.0551532536228926,0.17495581527488707,-0.020248070252957245,0.5521850641502564,-0.3143959014154808,-0.4429428439580724,0.024022216371037533,0.6336209788843722,0.4295257558491786,-0.5336463150096218,-0.44887756671658047,-0.23010745599578086,-0.028251540579314328,0.21605467290746477,-0.2396899692041099,-0.2929503361140647,0.12259338437728576,-0.4965876521351503,-0.30847307183240735,-0.19226712373920496,0.263798608612278,-0.09786410327144429,-0.48503369968199556,-0.43092585442114084,-0.29951906927976546,-0.31669002127227025,0.42699082401765504,-0.28430476943892463,-0.5187223943569121,-0.4032363950430209,-0.2549011298104844,-0.5019457375261874,-0.1450052209413816,0.22516159209415193,-0.007231226593083011,0.35632979541608983,-0.10299514360428066,0.34587771426060043,0.43758887957582665,0.3019143051775394,-0.11518793027132404,0.7825059880897445,0.6863292617462305,0.20520712873340088,0.28522770437201184,0.5216010723624936,0.5735899343586073,-0.06368334517089219,0.5233825879221093,0.12861448655250518,-0.2652089102496642,0.38831246853409707,-0.2601311965079342,-0.39286906914993697,0.44721220283221735,-0.16181968865072563,-0.31223139925097865,0.09926581096303073,-0.11232494843807389,0.10132350125098494,-0.4869219492134648,-0.3497860611711228,-0.3612772289349519,-0.2670044482952387,-0.3400418773877802,-0.39125785642787025,-0.22614103324763224,-0.33698112378315426,0.013994707250689846,-0.6200429996810228,-0.3268963330602199,-0.11287278914421772,-0.3665057677570168,-0.46131992252369336
0.14095319715334217,-0.05767244599731909,0.11826756569145912,0.022433763107782282,-0.06765207236563292,0.07461489441184872,0.3509978056751081,0.07566339872358727,-0.01848067330300833,-0.2896744299935018,-0.29709962089807185,-0.35162357409983397,-0.07199677286696866,-0.11455384986056788,-0.001499769854782996,0.4743304797692035,0.18585209810735553,1.0,0.1317379743775683,0.5575107754223055,0.2198955262769621,0.10990459866456966,0.4980250275665776,-0.08839927295329761,-0.4064037243877708,-0.1293003588144995,0.14622879543559453,-0.15744202618749392,0.39754574553123045,-0.05880100078794785,-0.23583341966228116,-0.2134883487312784,0.059709047787412414,0.23834725518966546,0.02990120829134607,0.13841041723565292,-0.146541034503326,-0.17639201504321156,-0.15961751567262808,0.1007552998125877,0.018036471626029275,-0.14344502079940954,-0.18443473374582875,-0.3696684026633265,-0.089649508258355,-0.25701226498905977,-0.1984240251986602,0.05513047252168557,0.20712355085088952,0.1241221915623656,0.22668255119306605,0.21944277781550908,0.43782432216079786,0.1896270275530609,-0.012553798630665925,0.10851239075951111,0.3284926337863249,-0.03970662272783407,-0.3541709258901281,-0.2775177445228207,-0.35747247676181687,-0.06831445083801864,-0.07986840329117341,0.007195125396720755,-0.015751108934575216,0.10051985722761647,0.484961497289271,0.17232199755767558,0.3491519358089336,0.7451470359140909,0.40330529996954945,0.2457722359825333,0.4763835391101526,0.2410133456810728,-0.12209110686268047,-0.24628088860777184,0.23297916214585818,-0.01456448402148762,0.0933624392803217,-0.2517957409204668,-0.0031313863801173446,0.06304995463806196,-0.11178970896157263,-0.05568143023636245,0.16881547265883742,0.15547686541160072,-0.05703518140066363,-0.2488533946111901,0.40423608298880237,-0.06663809963302349,-0.04683737823694314,-0.12774648788197143,-0.022754741028852703,-0.1288388913479559,-0.12553484707219298,-0.4039882419927237,-0.12591469444261322,0.3156430861669429,0.3818323012442262,0.15629149675560117
-0.3166639983173703,-0.3945688104498837,-0.2665407309945971,-0.3548599881258683,-0.34727310398086325,-0.21543624371760703,0.04213794424091741,-0.3952908343771288,-0.35517141789803136,-0.004545611507177859,0.0365046023157385,0.42095048246160527,0.1665881858050096,0.46385817560966547,0.48128250335215217,0.5093298048337932,0.8602993573987048,0.1317379743775683,1.0,-0.21912170498102332,0.7712534021453529,0.4201676979051888,0.5925647173315172,0.6110457103930635,0.1657688456093097,0.20915149631610835,0.025374452105062378,0.10120264072403304,0.008788290336923072,0.5167179931501904,-0.2811937880828381,-0.35299592841289723,-0.06287810622467759,0.517734523469947,0.2949357869589922,-0.5283519960822354,-0.5069895055391792,-0.15100502591438053,-0.026973872151537126,0.17800558155888105,-0.2455791730628569,-0.3282887123679468,-0.003037209346128853,-0.4681744409808224,-0.32729043541594055,-0.2525419951090727,0.08528597063795026,-0.12817499355476658,-0.3954619226555412,-0.4569736524051245,-0.2585332240879739,-0.2736581631311889,0.3057787028055338,-0.27880169141953043,-0.4548154287095549,-0.2127491424981652,-0.25593079871542523,-0.41918292758061154,-0.0982329634659749,0.29938094296324896,0.1026639543680878,0.3773752232780514,0.008541856982756186,0.5089703624874038,0.6157435747718562,0.41892456105654075,-0.1611274874509102,0.7656498686230376,0.5645819010576081,0.07285145803764582,0.41073743756847453,0.30467997074233477,0.5201083663737761,-0.04062329549246068,0.4826886915356821,0.09161310018753714,-0.14598387767027454,0.3725903913489229,-0.2690591828334242,-0.32123877379886484,0.3800011929090972,-0.2150689532850519,-0.24201771156085877,0.042489571847336295,-0.04709479546317835,-0.04275637343077517,-0.5551704761276915,-0.3291204806795815,-0.38870472046686694,-0.2607008654869424,-0.3263061569805587,-0.26785057708964305,-0.13268445356915262,-0.3658259796765961,-0.029781917381627318,-0.5309726804089734,-0.3405661295436495,-0.1462381557618233,-0.2892381899010225,-0.4675010751878047
