0,1,2,3,4,5,6,7,8,9,10,11,12,13,14,15,16,17,18,19,20,21,22,23,24,25,26,27,28,29,30,31,32,33,34,35,36,37,38,39,40,41,42,43,44,45,46,47,48,49,50,51,52,53,54,55,56,57,58,59,60,61,62,63,64,65,66,67,68,69,70,71,72,73,74,75,76,77,78,79,80,81,82,83,84,85,86,87,88,89,90,91,92,93,94,95,96,97,98,99
1.0,0.582795968122676,0.42559089244942533,0.44383081082565856,0.5150567554194395,0.4004801461000602,0.28125982237421776,0.3731374031693226,0.2392387981279352,0.3860553580671395,0.37124287442549936,0.392727803543521,0.2700971986234446,0.33919049313863786,0.3357170605755006,0.44066567519100297,0.1623699032056038,0.3299383807273157,0.20237161408906235,0.2684894115542131,0.25194014576258095,0.22886048490990782,0.24384641132386978,0.14961754299086338,0.2139514697705501,0.1291795489781691,0.02341634388129788,0.07519332786845297,0.22875845974971848,0.12210685095027565,0.1681697071484349,0.412108659934869,0.301541757737238,0.22618114724155136,0.07272117975617332,0.23253809953027052,0.23416814766652602,0.21914455042418646,0.3397658914059465,0.25237179067107424,-0.027274475256926924,0.25366682493652853,0.185817639443883,0.22027546008443885,-0.04315428833330853,-0.10399973944344505,-0.18788404134217898,0.04105100041555949,0.529535695268153,0.1636146101599135,0.7104561270229487,0.5164262469927501,0.4894735540975054,0.4543031269534734,0.4497206276431239,0.27339682175931934,0.38994879514174885,0.25270768889077444,0.4104621308111983,0.30474444463195,0.37216909499723355,0.3797313677532508,0.13633779117883665,0.06027724944877447,0.11506005161689181,0.20568437327096717,0.44333149818849893,0.19019294919815574,0.17458238338715817,0.3071106435394177,0.1528823481169216,0.26308532053571076,0.2859749543928134,0.2277469304148894,0.1953789665714713,0.24141114923104318,0.20326158740948302,0.16492524106388398,0.11273230834672626,0.4804498210832224,0.07042561365191362,0.07928846083666735,0.055805408196784145,0.1806167107010013,0.10262004535411565,0.06772040386283104,0.31018709452358795,0.17739271563901882,0.3442627132178961,-0.11594139203914264,0.23398450237818524,0.31992578846812075,0.18559632332716464,0.30858071174349294,0.19625638294909944,0.25162465257491856,-0.10907200232303532,0.11099160215211157,0.5048762140503945,0.3564343148284819
0.582795968122676,1.0,0.7442810996110488,0.6689821145970658,0.7435684933872025,0.7358161538727166,0.7105986834050648,0.8070312573575807,0.6780369739035439,0.4099824516793335,0.26552429924438625,0.38089273549752156,0.3595821834247847,0.31902313301878205,0.28822107753482745,0.6812408299982748,0.13419285573020162,0.6284088162260751,0.2647834399103435,0.474347745558768,0.41199940982392036,0.2616677497025575,0.32201011461345036,0.2564126712059997,0.12487874706873982,0.20274117953595835,0.19575638284847857,0.13223868227494043,0.4080329870757717,0.3218829756175659,0.13212336725409324,0.5069973536253449,0.22616231182736257,0.3540287365523044,0.08981506769759126,0.5826513346455333,0.38299288335546494,0.3646189440243102,0.49343762397532276,0.4113370313515346,0.06984093100313636,0.2105932723824724,0.16146338553880252,0.11330281997432107,-0.09271101149273737,-0.07909615161246779,0.02804749033900593,-0.0051577622281030544,0.5843637870468907,0.3117228432674408,0.7039843163846065,0.8259467146341694,0.8461382707213019,0.7098389886642243,0.7488989135109512,0.6863794894976911,0.7659057162320396,0.7294827483369906,0.491437737993213,0.22095658752656577,0.39495980012489346,0.3305770854719368,0.41065424785511806,0.1351330564528534,0.3134368652860314,0.3507248299025027,0.7136688547130897,0.12806977890371654,0.43086559323121315,0.48794377003223993,0.4194660790019746,0.3504791847091238,0.4560491478548041,0.4663138427345299,0.3045873633255794,0.32986761848255686,0.4405852788738938,0.3668603574332363,0.06987465036776132,0.6108965967559151,0.18716115887979556,0.12742780545536164,0.1327017193587172,0.2049873017965839,0.29430637044850244,0.22465547869225877,0.40529086576947343,0.19034434262860658,0.5107236249368229,0.03965010092638809,0.3006743075633576,0.46040954452847127,0.4257445479345407,0.23053762158163532,0.22282600165123734,0.063682510383018,-0.02492867067887341,0.04631783493277329,0.6641615575625728,0.4908098910999564
0.42559089244942533,0.7442810996110488,1.0,0.40056255103713617,0.600315806987308,0.8399445611193255,0.8001720300487523,0.7495675704522695,0.738826679725882,0.2933912836015809,0.18209129521674844,0.19341608355386455,0.2272210190665579,0.1334928064442205,0.1427394775762542,0.6475905777410637,-0.04912117131116406,0.5278450097159306,0.1180744563630713,0.37115953903481097,0.2695174054854983,0.14671369239897158,0.19132535339932005,0.18135985358610449,-0.03046470087804388,0.1643922912958446,0.10933482760893928,0.1030233967144772,0.27975758831451364,0.1081372096600523,-0.001624554473783779,0.2485316230783961,0.28787262237233474,0.30899641813347395,0.08794094472122028,0.5408320227029436,0.27225167870563083,0.23053910073489478,0.35782421143383025,0.41044862799757653,0.10488343429246946,0.07827841175079309,0.026179645831567514,-0.03562560234061322,-0.08375634517766498,-0.11416767906978205,0.016454297455022616,-0.03526929922869009,0.549497879447118,0.257059353506054,0.551293521561832,0.7880938254397283,0.6426217002721716,0.44256770543935153,0.7354080533920998,0.7925845003437462,0.680122995206389,0.6892518890343401,0.33021450389108115,0.04977884093185036,0.24331509568196077,0.14218377706412513,0.24558074268009003,-0.0711099391302437,0.09872107587843629,0.1115260570297187,0.6788421875441455,-0.10100172971819092,0.2745504908783832,0.3672182301623926,0.2666183224558859,0.15535449622920128,0.17133784755249584,0.43815960737582493,0.12036138867175851,0.17129546788720101,0.3202615610157307,0.15009621753639157,0.0016700727360625838,0.4089151119607972,0.12106614680943906,0.12635732650235915,0.15613924388398645,0.20899924344449364,0.26465159206275957,0.14876681011666937,0.3318155134688855,0.23683954430872486,0.4354024027700605,0.08110997052258836,0.24356221491827004,0.23105550480459836,0.28707043500372,0.1488994428249155,0.01887150799406057,0.001235288762482381,-0.09436699470372423,0.026528100857324932,0.5918163296698468,0.42149873331889287
0.44383081082565856,0.6689821145970658,0.40056255103713617,1.0,0.7488654605985293,0.3273061315944312,0.44962252652755724,0.5474222754671898,0.30241905578855804,0.29210588171126695,0.1521830833651625,0.2800355204519459,0.21509188154089445,0.2568554040569325,0.22887313166352088,0.6630853205357108,0.1289833467470358,0.5717215293885876,0.23531396869634452,0.4041530518668757,0.367821892323459,0.30974132305445307,0.30550100043520007,0.14863967107089499,0.10810507492767836,0.2574055551130303,0.18012463550531896,0.0232844959819763,0.2902458845601232,0.24081704887517152,-0.016755677113785568,0.3699275346679817,0.300516012070366,0.30218047387549996,0.0652756974891266,0.38531449844238014,0.17443006194890587,0.29275413388293137,0.40964609027660603,0.27866602887863545,-0.03356079720921837,0.2886740255612367,0.19104054283665162,0.06965022243447479,-0.04944924071698954,-0.12799291788427486,-0.10377920813565122,-0.07832236105056695,0.3246982115382073,0.18149569669647853,0.5246902849680849,0.5670872326892189,0.7671413060241346,0.8500359638690321,0.3709532799323466,0.3366641932105654,0.636955632004714,0.4610469900419874,0.31591227562805785,0.18582862676882647,0.2603431970773704,0.2749366168692535,0.2370703710694499,0.1706347259898632,0.19898516357970147,0.26857506111701895,0.5062072499864029,0.18706784006066443,0.43526618767143177,0.5352600915636984,0.3033176620071486,0.3531045091214453,0.5150182997821374,0.22474346548212792,0.20715659410194143,0.29100793402584496,0.20200039946775813,0.26786077960566196,0.0012635423684984948,0.35485920331694376,0.046036106704194536,0.08259956968927304,0.11437883747039698,0.21765812232112053,0.22099356025038674,0.2628749916614019,0.22009338441394713,0.09731238259749743,0.32348097289625627,-0.046798156169916304,0.2647851134304163,0.35771355337547106,0.3404454026089665,0.21265897292015742,0.3353410053638024,0.053154323649710906,0.0022037443248482374,-0.04254292218109715,0.4559135548666156,0.3166476415903455
0.5150567554194395,0.7435684933872025,0.600315806987308,0.7488654605985293,1.0,0.5706610286015652,0.44077206332463764,0.5286721979977963,0.4543759358842753,0.3430461247720131,0.19712822831024426,0.2967251506047735,0.33193101058670554,0.31374451026372707,0.2958211671600072,0.5986750070927567,0.22773419473927087,0.4623009332944068,0.33256265127186085,0.5732885678498442,0.42913806039259267,0.39246238412300777,0.360368420556963,0.22851900335584163,-0.08616727724777036,0.23774992230394695,0.2692081908905694,0.14755186800146916,0.3660567134098679,0.2466716266571234,0.0021150600516170455,0.4304408426961001,0.30685479583001984,0.4395807238446832,0.2091875975124706,0.4961324631375393,0.3692901249101394,0.3391158032202267,0.4283432173477633,0.2902253656423345,0.18301116272975218,0.11621450554488019,0.19509714361055913,0.15507347378268335,-0.010684384505994368,-0.035749602102031396,0.01880401445303548,0.0880398306069082,0.5938034650870039,0.3907216786114538,0.6202295408241746,0.6889881933391723,0.7382412124979203,0.835548063249296,0.641860435914098,0.4341843797971427,0.53663329660429,0.5549475904805854,0.3635673004781054,0.13936474451340297,0.36269238119270986,0.30256412671206,0.19308803355213797,0.08695365548157426,0.19631045773177752,0.2964804066566151,0.5456978361256823,0.1871847031382927,0.3674922725751551,0.4469955956540438,0.32809552062634006,0.3538758377345036,0.4350131376962414,0.2360359929069151,0.23451023233474286,0.23239752753893436,0.334416369224201,0.2531431585093659,-0.014729288115800081,0.32893055699437135,0.13698834402242668,0.27369886579458735,0.21381168988130556,0.30930877196286916,0.3060863477832296,0.22517737662707338,0.33086432542560174,0.23795397254425535,0.46332118449594883,0.02803650301837394,0.35676457938967004,0.27936518400622823,0.2643926052192912,0.10864423865883269,0.21380541141237297,0.20059080392655448,0.02648808601192093,0.1474545517330144,0.629882686807995,0.4954041607413616
0.4004801461000602,0.7358161538727166,0.8399445611193255,0.3273061315944312,0.5706610286015652,1.0,0.7250313138638012,0.7235182028510527,0.8663502318324653,0.34344951640093047,0.21896788249217547,0.2228165839478385,0.2562950504848158,0.1521979350115681,0.18958864632626515,0.5938029132892544,0.03809461024834484,0.49242659685009216,0.17379743775682863,0.4678558086824947,0.3786230689783989,0.15058750773036486,0.21428571428571427,0.28787407902708845,-0.003894220355424126,0.17371267842623897,0.2143280939510091,0.22353389902338416,0.4191678517276777,0.19530747231980009,-0.04681149792163337,0.33302097950393816,0.18956667167637822,0.3115156537926661,0.03866281168674207,0.6499031546167152,0.40634564855014454,0.29119538909241593,0.32221900014560684,0.41328492633786323,0.15957990747888817,0.05091997264156481,-0.04119146504933307,0.06790007188846928,-0.07887797481706112,-0.035026008557553154,0.03109254777130049,0.01737880200534298,0.6425071182141523,0.3813039752126047,0.5288621216830064,0.7242213913715001,0.6283162088093197,0.4114861449886831,0.8358164677961633,0.8710433873595586,0.6157702582648196,0.7804136883179668,0.3647617791925261,0.06884812069728675,0.27268813930046587,0.1679757274391067,0.34567366402029204,-0.03519709683596558,0.20441439150648724,0.2018842477469272,0.6797007681706739,-0.03818250881340077,0.288480849288848,0.3091376836844567,0.3913605128253424,0.18156319026398837,0.19114955626920818,0.4943801794936872,0.2041820881559823,0.18619584428141353,0.4289544151763151,0.22525733874537354,-0.07881048127603603,0.5195762661317411,0.18996449525818634,0.1121020627909678,0.04796436341033875,0.11555835993834543,0.30671262505925306,0.06803744009455902,0.4255970039146254,0.19440965126244314,0.5130450888246392,0.15370005870368453,0.2634837968413023,0.26161595233386387,0.27793526270683633,0.13193501311220526,0.06018540318757868,-0.00021974641263981364,-0.034639111502123024,0.03547177985176535,0.6291763590530813,0.5363586135884904
0.28125982237421776,0.7105986834050648,0.8001720300487523,0.44962252652755724,0.44077206332463764,0.7250313138638012,1.0,0.8043425030372093,0.7474909668528232,0.3871162678269277,0.24298459577647394,0.23567017947003444,0.19431241124303064,0.1557593965135662,0.19448192997072983,0.63125399516798,0.04684522632310885,0.5717252290856352,0.20446304964071463,0.4062436234299904,0.36780997585928693,0.16220110563837903,0.16732747552181926,0.3655277524022992,0.19781415104112712,0.23969310843857616,0.09212868349924187,0.11220879676282142,0.41125384163817813,0.22227349638517152,-0.044377020637731295,0.2460626151706645,0.17539694654393082,0.2796477151081937,-0.0958298409349896,0.630703596620928,0.2802692835325178,0.22428417606082582,0.3901865922458824,0.5747216283837023,0.020695411339941187,0.19289975517887084,-0.029152500871137563,-0.1579395948503998,-0.21888783201328524,-0.22103977723992227,-0.08280358751714807,-0.20620218553503541,0.41556714979485104,0.1998515142097448,0.4825521348363988,0.70515525084053,0.6880542710854531,0.4153160110375484,0.6583728092067468,0.7974832757283808,0.7188219080894933,0.7392755902545606,0.34699057287889773,0.014371415386643813,0.13432475628740892,0.04420826937143108,0.25417282741430675,-0.07704623150598496,0.12102219752691108,0.16305818063241942,0.7564079623543003,-0.10265453666468895,0.3726986949805085,0.4203105330734047,0.40914584569406903,0.230778557921467,0.2221636231788516,0.6450862524628781,0.23423397970170995,0.2809740416701983,0.4343334934342911,0.2994531453559735,-0.012307368725062707,0.5042772069603106,0.2884956474514125,0.06654549221626814,0.07367469368919695,0.11655820611585659,0.31107302173292023,0.17360051891567427,0.40689658419897723,0.1741301966102546,0.5218427934163975,0.19491977686321413,0.2564016838853677,0.3175524016713284,0.5141563778257034,0.21926698061641364,0.18427777202251458,-0.16082769055938018,-0.09480177884791564,-0.08642783370847185,0.5396092908783264,0.44089135423435644
0.3731374031693226,0.8070312573575807,0.7495675704522695,0.5474222754671898,0.5286721979977963,0.7235182028510527,0.8043425030372093,1.0,0.8343221921902125,0.21029888651353482,0.10937720727423411,0.13666186363793326,0.2509709067407824,0.12905392890889628,0.1288844608225446,0.6309965778407332,-0.05607143641951474,0.7007430567981692,0.10217737302581392,0.34153301375926465,0.309173784880819,0.05646541034503326,0.08227619612681251,0.1944944105930328,0.03567583009207375,0.07706506691278264,0.11885612574517578,0.05300126511148991,0.33746299627372867,0.2098107355540278,0.035829666640639926,0.3632722124382748,0.11817574304728873,0.24006353810559758,-0.11947769416949983,0.612037708484409,0.26569067867109925,0.24593076732308058,0.280556633577836,0.358161538727166,-0.025934795720125005,0.09036368437968025,-0.027209314736508356,-0.04227293132296758,-0.15465124674696828,-0.13544227104778228,-0.017190447937365995,-0.16407836784921628,0.42548085223937293,0.15390881779569235,0.5898794220041501,0.8699101237172303,0.7595126652414542,0.5025914380519166,0.6995266034424845,0.8358980878922866,0.8931059271885958,0.8531999786532056,0.27821308495710234,0.0033997909269845457,0.17684177977399648,0.21648003917764613,0.3471632307745433,0.023393575242741306,0.2605439037636282,0.17776628468709663,0.6710725822400949,-0.029179184364100972,0.3913010209187196,0.47342638024291395,0.37734853978508803,0.1812657476815903,0.27900731127707196,0.4703265707656683,0.16330454655327753,0.1714194676486192,0.38063060941958693,0.23057206269679076,-0.02379696687165868,0.5363350693299932,0.1422497009879171,-0.018917026893821673,-0.002895943795146116,0.05227924118424481,0.20815478937306348,0.11814121145460926,0.3328828531874217,0.06067041491261941,0.37848337304464935,0.022299552031241662,0.18220116842306835,0.39713827386053635,0.34483077956609504,0.15236594384457874,0.0952176902140644,-0.13600105478278068,-0.11833113521434631,-0.16636843939236978,0.5403627071502344,0.3233678335201178
0.2392387981279352,0.6780369739035439,0.738826679725882,0.30241905578855804,0.4543759358842753,0.8663502318324653,0.7474909668528232,0.8343221921902125,1.0,0.24459031420597774,0.09825646917742639,0.12850927172899618,0.23180037914120927,0.09270316340657167,0.1505655921716995,0.47636724505780054,-0.0054889514642959165,0.478584142471017,0.08993435860731003,0.4481445554687034,0.3314309572467658,0.005350825147779462,0.0675155156663496,0.28035875171480684,-0.023591347014117137,0.07673858652828922,0.180422792097919,0.2078345874575026,0.40071386191763275,0.267695079877821,-0.13766411826129782,0.26902454567429185,0.014617066219431346,0.28468304719211174,-0.11640909247870815,0.7474203340773319,0.4229992873937762,0.24091584026319343,0.23061139362054145,0.3984881446810381,0.09471388024836792,-0.01654926579163215,-0.15994556567435464,-0.0670995670995671,-0.15037090055219135,-0.060563680940765786,0.04488634401614822,-0.08105503391942841,0.4751168580030074,0.2902269352595676,0.4229051103597877,0.71661188702523,0.5902420035850058,0.33410558501203896,0.7848337304464933,0.9216195938458448,0.6502217869150428,0.8884614297957301,0.2773246816031443,0.016550044106244253,0.21895384185552488,0.17504999230887555,0.3893984912839155,0.0054889514642959165,0.2731683351697855,0.20684816419459987,0.6063352890764059,-0.07672916882489036,0.33325184400669494,0.2620601540108429,0.413892368207089,0.09361357813617234,0.1299690157558178,0.48824140408598826,0.1622262195141093,0.14260443448260707,0.4419571243356595,0.24181052208608408,-0.1583947838480108,0.4806120879362359,0.2553092302911012,0.06530549460208633,-0.00998747445447953,0.038405394460506864,0.30417612361049634,0.07659185737197119,0.4289669721141802,0.14847009408285697,0.4984994459251167,0.21362333581332857,0.16059067835717583,0.2583699838957272,0.29381664987176226,0.07928139755634656,-0.01770214315537013,-0.14608113665401556,-0.017221847039957123,-0.059414721126106185,0.5105054481414162,0.449282527962731
0.3860553580671395,0.4099824516793335,0.2933912836015809,0.29210588171126695,0.3430461247720131,0.34344951640093047,0.3871162678269277,0.21029888651353482,0.24459031420597774,1.0,0.7715626167402817,0.6850861248975825,0.47307261719261007,0.4919070535459223,0.6348099644050401,0.30004736321861863,0.3191549808663659,0.34702353484079373,0.4060474212758477,0.4490706296362569,0.5826733092867973,0.42370875438315614,0.5754389434592481,0.6835479000091038,0.5519998493167456,0.6564390407755165,0.06945870180097881,0.40705511553952456,0.6209970836511808,0.513807922799946,-0.009389453973115523,0.3056798169198459,0.08861513009582021,0.3217887985835774,0.05663963785791197,0.3761572003051336,0.37889147352526614,0.1291072958948231,0.4895198578240529,0.6359115866004916,-0.09818116607695572,0.4212634560395491,0.1880244483580234,0.044300876788186436,-0.23086558111938824,-0.30805464779358904,-0.2704717327632484,-0.17750330404427575,0.45081604399951025,0.14980426873102726,0.40365846384700627,0.31612404998916965,0.4429318566374404,0.33900749963113996,0.35035112337505375,0.26216374874823023,0.3003007386618699,0.26812829423416806,0.8441260214284144,0.4727812675600928,0.594452735078768,0.3195913344571793,0.2588314513622708,0.0029634373361712013,0.28699666299376236,0.5535838103337002,0.5470163146015212,0.1370448502428198,0.30962046248007496,0.3038496432260029,0.47951963434196937,0.52476562662484,0.43566609846522825,0.6314258683224528,0.5390803298707577,0.7654677930239931,0.6219137401153355,0.6605294632850833,0.005716545963101438,0.35431911574043556,0.40171841694684335,0.0438723712835388,0.12855322101152414,0.22685520908871162,0.36267575788968104,0.14988594764305374,0.555032349811175,0.3262512203773988,0.4999952911483006,-0.00363052466025635,0.1403457552841164,0.35563131574734186,0.6495421426530926,0.42201765741602554,0.5005995937830601,0.1469255907254457,-0.08557085627755583,0.042316880605495544,0.4552612000037671,0.46770669504534623
0.37124287442549936,0.26552429924438625,0.18209129521674844,0.1521830833651625,0.19712822831024426,0.21896788249217547,0.24298459577647394,0.10937720727423411,0.09825646917742639,0.7715626167402817,1.0,0.6674608929866362,0.4620193682994841,0.5517659763490075,0.6186358372793348,0.1461149407606716,0.2912723003368399,0.2080731692769401,0.3026065063773548,0.17109298726412578,0.3636316547846642,0.3922975743135279,0.3761305168121702,0.5182012814355091,0.5097520318695083,0.5559694112993605,0.043624371760702434,0.2236186583539738,0.3796307632420758,0.3573060973351039,0.09423279237762905,0.3541527363137225,0.030730763057947554,0.19230793378726663,0.05655173929285604,0.1356808528672198,0.17147283463454602,0.19186844096198702,0.3430862846400208,0.49732223300026057,0.031093344781081906,0.42387216090469754,0.26736389064162813,0.1380996330234909,-0.0850198870503439,-0.08660990930751628,-0.12414730543809586,-0.08745279376171326,0.24375841707241272,0.16726783006695986,0.34968246643373546,0.24781116876838413,0.34271179630135395,0.20623357787969826,0.2639735174180424,0.14458529143083168,0.22043861383962907,0.12340644610405306,0.7222844837058034,0.5926796191480745,0.6006456623022597,0.3718799933448229,0.10375954719682058,-0.07234836712719236,0.18799462563059371,0.4222766443611215,0.47526126278845643,0.13558353659876501,0.09916139242369772,0.11768205205478592,0.2189882875162063,0.40407143173872423,0.2407180684918176,0.43802069619618256,0.49511378155323044,0.6711840250636479,0.3556266068956424,0.41109374068039767,0.13187296145961847,0.39085666569350397,0.23096917585677557,0.038606305466348974,0.1197037190510722,0.1359759409070504,0.18816885314347243,0.07781145044069582,0.317736046887606,0.23464364979955987,0.2439467711403897,0.058314419445673976,0.150289280456068,0.27168818611893303,0.4722962558350521,0.48986988260439474,0.43825125804821236,0.1874342722783622,-0.003563032517380849,0.06893444964510954,0.1888328012330913,0.3090560635883334
0.392727803543521,0.38089273549752156,0.19341608355386455,0.2800355204519459,0.2967251506047735,0.2228165839478385,0.23567017947003444,0.13666186363793326,0.12850927172899618,0.6850861248975825,0.6674608929866362,1.0,0.5570181341874576,0.5947593619819871,0.5930314461164383,0.2171660471254382,0.6153715754876016,0.20188259890942994,0.44215960495873474,0.32002611843075945,0.38946441520770747,0.4746569601536969,0.4168354005192294,0.556096550295245,0.49992936722450865,0.5864812006943987,0.18120289186279034,0.3942250642758257,0.43865464967712975,0.4825191728745028,0.10487637101214867,0.20827408028278224,-0.03660034900453155,0.3010368891442133,0.1776335822746265,0.2837758084313559,0.268515989690754,0.07137206520817833,0.36397475897539716,0.5061968488364428,-0.02681613614237582,0.3825582494994194,0.26772019375355127,0.16730079202885584,0.008388034493908316,-0.12983559829100075,-0.1411698043315157,-0.03864240666271123,0.32506458974914376,0.07779807816065974,0.29031954267632293,0.22624462798501957,0.3714405005195433,0.2893165572643455,0.22624462798501957,0.18324339426587433,0.17764927844695794,0.17887201027157518,0.7281815356507162,0.722157344709919,0.8118228325245848,0.49595666600742744,0.426369255593331,0.35390316717365305,0.400439178901833,0.5880494790635014,0.4192431933548685,0.5150133888349987,0.28791814128995763,0.19881713645310456,0.3666390414033634,0.5918416757868459,0.5055281918951244,0.4649419967344458,0.7220490411208322,0.7640912387105281,0.4634608804296984,0.5922464047917275,0.08594125236619798,0.2821277103365573,0.3031260496815247,0.018017636219231577,0.16005073002897513,0.16468110086674265,0.3412536218917655,0.11017697048844609,0.41843327086256743,0.31850986818354476,0.3167879980787885,-0.018497939092572885,0.062092488125845634,0.20633403338261933,0.44509008033301,0.34786184694580546,0.4419602635701258,0.22851115526967594,-0.04711443416650319,0.08534322820037106,0.3099931250765188,0.2728952217712189
0.2700971986234446,0.3595821834247847,0.2272210190665579,0.21509188154089445,0.33193101058670554,0.2562950504848158,0.19431241124303064,0.2509709067407824,0.23180037914120927,0.47307261719261007,0.4620193682994841,0.5570181341874576,1.0,0.4308247831671374,0.47442267470834526,0.11518291941186395,0.42190386012196823,0.27956149586152784,0.39763050489508006,0.33346452722524345,0.3060456578288261,0.463433593981493,0.31985515566491274,0.34341668919724927,0.1979397980922232,0.43401817068106313,0.22935412972343922,0.5024150532630584,0.3698074589025281,0.46716300599087485,0.264355141873889,0.3706581917767221,-0.0051365764266850834,0.42352684497790294,0.343822435411233,0.21910844921365794,0.36590931297437157,0.119646474971864,0.30052307535345846,0.3256925644455909,0.2791456566695051,0.25807666801392254,0.40340355934394645,0.3478712646528999,0.17272702658266878,0.08292997424650152,0.116174480289729,0.17360208853352332,0.32000819340519676,0.27240168404301124,0.268464297668628,0.34810906175703343,0.3433248665530789,0.35025080531208463,0.3369561421304918,0.24732389966847648,0.3178531080984285,0.3512938163727893,0.5255708405814112,0.40964592952968376,0.697321838494108,0.82940098281628,0.2814026575984828,0.10553639531768111,0.29003947981297096,0.4350095550524056,0.39104831244501986,0.22307722794502247,0.28515572577195797,0.25236865143537607,0.2623985094909107,0.5042273749308387,0.24510446002989653,0.29440548738615363,0.36297491240554186,0.5396228443751786,0.3598317526627863,0.427992407758497,0.2770328415066818,0.2892185696779092,0.37244284727111066,0.27702970227098367,0.3357051567047858,0.333359362829356,0.23285280790900834,0.17869164452850622,0.4327467802233193,0.3856833586369107,0.29784361975852935,0.021517106283927473,0.0446367923917518,0.31303830534641713,0.34329582862287117,0.4043415646741668,0.3934513973719406,0.4048303419687479,0.15512303846742453,0.20315171416004837,0.23237564408289213,0.344236029714462
0.33919049313863786,0.31902313301878205,0.1334928064442205,0.2568554040569325,0.31374451026372707,0.1521979350115681,0.1557593965135662,0.12905392890889628,0.09270316340657167,0.4919070535459223,0.5517659763490075,0.5947593619819871,0.4308247831671374,1.0,0.8698892752329491,0.0894862680020521,0.5003123538293952,0.12329186404603373,0.5337404920436103,0.35162722218559783,0.5820030827282459,0.3371836044062295,0.4693799070158751,0.4451512954051025,0.2685081416045883,0.3438999965468421,0.3575713626475048,0.42110475939337433,0.5589595321284951,0.554443743348747,0.25399320590915986,0.33030240245613707,0.060460894737115245,0.31339919447243597,0.19048717779682248,0.25719277097087107,0.3403840539446051,0.05797695174054855,0.18029179980624455,0.26618824733400515,0.09375327412473924,0.14685030672295923,0.2181045930139476,0.21950469158590985,0.10443448260707144,0.15954531327990357,0.07525215900850418,0.2122907307823914,0.20557119940731253,0.2945998888710999,0.30806877434868735,0.21554140807222752,0.26143073750035317,0.2986651975049364,0.25591196330862753,0.11132510226056273,0.08394783848010824,0.22647065286659196,0.5445991040624834,0.4098757177074799,0.47383780589402996,0.38853206257122136,0.23083261915749226,0.1366179143554053,0.5369848908645137,0.6940230129521475,0.22364377222970405,0.4239897158678885,0.24235527436725665,0.05284116415370948,0.47152400415634643,0.39194770347253494,0.4122254347054927,0.2747270728864032,0.6675550700206248,0.4561652995300566,0.5157809316620049,0.614421957061551,0.22601860310344718,0.316183695444029,0.3815441266492753,0.12831620880931977,0.18393559546568974,0.10705417376918465,0.46776477088297247,0.20776639063630375,0.4525300660181008,0.3412332168677346,0.27675020169581444,0.16088733601423957,0.1595845537107321,0.21843892148460675,0.3200182703445938,0.32553795708745786,0.2616677497025575,0.2817290275593394,0.19892159405681428,0.3127179805932525,0.1599063252435261,0.27802002203742593
0.3357170605755006,0.28822107753482745,0.1427394775762542,0.22887313166352088,0.2958211671600072,0.18958864632626515,0.19448192997072983,0.1288844608225446,0.1505655921716995,0.6348099644050401,0.6186358372793348,0.5930314461164383,0.47442267470834526,0.8698892752329491,1.0,0.07676454545811277,0.44287473939442057,0.1502697192071505,0.5260943081340749,0.42947883586156294,0.6732302853055642,0.3757413991809238,0.5896858056711531,0.5601338256178545,0.34420463735748064,0.4046129498966522,0.3545397860846587,0.5654925009545674,0.6630057946367452,0.6169563461808337,0.2016292639666613,0.3632841271218079,0.023024733262962106,0.304613381541553,0.16851652670254802,0.30206510696359357,0.45306626808840905,0.0543943217504734,0.20617487904127704,0.32470135077390544,0.07440305447753287,0.20231597204509513,0.19099188468333056,0.247560127154761,0.06891642609003623,0.1014216421263534,0.012304234318831927,0.20929284399452086,0.28797072348790137,0.33616034588101507,0.31124501695385876,0.22203578650216688,0.2643118736489227,0.32411823774297727,0.2716977104377049,0.16899447533758874,0.12226538235303137,0.2651045306627013,0.6069178552271292,0.41236293802641777,0.5069114225059743,0.4084561592000914,0.2559983927113422,0.06792992127189797,0.5917529923783736,0.8173497777027849,0.3275588400681309,0.29069793450065434,0.2791852895357461,0.10396599265969013,0.5841262192497597,0.46339610499177913,0.44391147198372893,0.4195598005014931,0.6517845966337692,0.5503810051126801,0.6341742691761681,0.7175617870256725,0.19645493960700636,0.3614107882189471,0.48068918780520503,0.11770721211934239,0.15799930230487824,0.14115808759331974,0.5214694291418005,0.21811025784907334,0.5484197676102716,0.4136358981020107,0.37198608847703235,0.18430060379276028,0.10619563481428902,0.2184931590168239,0.3750656786969007,0.3782231134167062,0.3522293086108329,0.3487502506483771,0.22515627513842074,0.3407624654144779,0.22703266492466992,0.38110321375333484
0.44066567519100297,0.6812408299982748,0.6475905777410637,0.6630853205357108,0.5986750070927567,0.5938029132892544,0.63125399516798,0.6309965778407332,0.47636724505780054,0.30004736321861863,0.1461149407606716,0.2171660471254382,0.11518291941186395,0.0894862680020521,0.07676454545811277,1.0,0.07374064654914197,0.7314686011684013,0.30465968526810044,0.3640061513323785,0.38432799362424186,0.37641555004709787,0.3358754602414095,0.1989906572421732,0.06056919836870083,0.26506607502539914,0.12333507691717016,-0.04543023421445489,0.2625421295241003,0.17705917184609218,-0.10575225926957804,0.33213663052493325,0.5313150655904316,0.3300568868749202,0.06968161479145613,0.4188964723231569,0.08234529159772427,0.3116617504927859,0.4114676325052288,0.3979200993882328,-0.05682568209732419,0.23714816021095672,0.11011104653878528,-0.10554267378907738,-0.08456080719168156,-0.2030810813568404,-0.08813247260723228,-0.15124131265572263,0.40762190731331255,0.04706420639533307,0.6113732154917043,0.6726715013512965,0.8311299168770266,0.6010882945356963,0.4919786641846155,0.5931240535695332,0.7246941305318305,0.47581630919277823,0.30423745806670155,0.05388027190490414,0.1604503235376061,0.06217491742829581,0.21429678569734473,-0.0077358615691240145,0.07963142233668837,0.1200554075318142,0.657612587707353,0.06745197263685723,0.5162208296218397,0.6609684306686571,0.33375961538086796,0.4332766962670549,0.49440764780604585,0.36189986619002584,0.12842456279276812,0.29156593317118806,0.26181147241535985,0.26322412847951965,-0.15172083090861244,0.4428001825465899,0.0713155869723343,0.07493041687873435,0.09898716484245133,0.2685741709180627,0.18772080108587608,0.31426037615906516,0.20356216922757925,0.1151754185287982,0.3171938686018206,-0.06755007375242388,0.26571354238813905,0.2813351640309729,0.32775111825464154,0.13154658431401786,0.2756076284997295,-0.15769244201538576,-0.13244362126676057,-0.07127163767256044,0.5674969029478252,0.2698439917579574
0.1623699032056038,0.13419285573020162,-0.04912117131116406,0.1289833467470358,0.22773419473927087,0.03809461024834484,0.04684522632310885,-0.05607143641951474,-0.0054889514642959165,0.3191549808663659,0.2912723003368399,0.6153715754876016,0.42190386012196823,0.5003123538293952,0.44287473939442057,0.07374064654914197,1.0,0.019260773067879666,0.7107132654630842,0.48232610995482644,0.44952895786833424,0.4974336758238136,0.33405535726057844,0.5751250200126197,0.17006645759365122,0.2810729275558862,0.3212064705900819,0.4473770126416972,0.4859503561461502,0.3076920662127334,0.004241107428177557,0.011666964893940963,-0.10450280196407086,0.4030023638435531,0.20513798505096548,0.28397044096826546,0.3210353823116695,-0.14859723307874143,0.04551891762292714,0.18299539474303797,0.16318453486926926,0.015386963774398441,0.07388973125013734,0.17640614159830983,0.080684604252407,-0.009612335935758706,-0.0514661794574775,0.16510018866799142,0.2150877886918496,0.1628242436799362,-0.0404631626531554,-0.014933338356108479,0.17441900618115266,0.200474652251302,0.04610750622353233,0.016130956304995465,-0.08102364157476558,0.09937403664742316,0.3267440801886052,0.3575305525994431,0.5177792575786453,0.4089323777503618,0.3109364650336369,0.42927775632634224,0.43813353675572675,0.4992656150489065,0.1832229892418435,0.7699113794110168,0.366014477370259,0.12216958772433754,0.428687580246681,0.5526098624583544,0.48018829128328766,0.24657362233662272,0.7036625448518125,0.39861214444245624,0.44004376092846,0.4562296538366154,-0.030979535330514302,0.04203591912076321,0.4619289340101523,0.13389776769037104,0.11057482522312109,0.06210504506371076,0.35883333490295055,0.1289127139438278,0.3512332482600793,0.2044363661477512,0.2920916405325397,0.1615010563523979,-0.00045989784931046713,-0.11151031709407344,0.15003186322983278,0.09361357813617234,0.29769517405485496,0.17842153012566356,0.06891328685433809,0.19659612806820928,0.14549566942605377,0.2155523953928595
0.3299383807273157,0.6284088162260751,0.5278450097159306,0.5717215293885876,0.4623009332944068,0.49242659685009216,0.5717252290856352,0.7007430567981692,0.478584142471017,0.34702353484079373,0.2080731692769401,0.20188259890942994,0.27956149586152784,0.12329186404603373,0.1502697192071505,0.7314686011684013,0.019260773067879666,1.0,0.3898426929608946,0.3965653635704397,0.48255527407086507,0.39328486355317394,0.47749639772844993,0.2079099290846934,0.08676530141359728,0.3421875441454847,0.04853413446596913,0.015256679506135634,0.29744874414925176,0.2951822168645954,-0.027907805356401538,0.29754292118324027,0.25573077286807644,0.43947085063836333,0.08072384468323554,0.39410891260057324,0.07791579945314536,0.13140835475860857,0.3444306623277462,0.312700714803688,-0.025900264127445543,0.21685290836454943,0.15426669052484862,-0.07625200518601534,-0.18430916436717742,-0.23043707561474058,-0.09174726651158849,-0.1876383225186706,0.46210159190579786,-0.007038163673406603,0.5161356651566948,0.648736929012491,0.7343626883148275,0.5592169493547303,0.4082951131537063,0.5536400993253785,0.8395443087248744,0.4916731805781842,0.41486082203993735,0.07769919227497182,0.2496885289580951,0.2710289468810136,0.2522280716624444,-0.008245199325692436,0.22530285764513466,0.1999355671873112,0.6882253593638655,0.04718426364546742,0.6442386588243822,0.8728311813881067,0.38210761923597314,0.5166726769950535,0.5823609554574022,0.3653834909949343,0.15123262041318605,0.3980172595110956,0.3669953445152865,0.3621530753510449,-0.12106614680943906,0.34113747021651303,0.1529136804698806,0.05655801776178861,0.03725486502861412,0.33390467400619683,0.05607143641951474,0.24268175487986246,0.22304574806387714,0.11578595443715095,0.33725894603342027,-0.2546656872255132,0.053239846930927426,0.31340390332413537,0.3618799619524783,0.1548019907463299,0.41618714860194195,-0.11365127500007847,-0.2153586321722382,-0.1967091405089955,0.611306266853765,0.28934324075730894
0.20237161408906235,0.2647834399103435,0.1180744563630713,0.23531396869634452,0.33256265127186085,0.17379743775682863,0.20446304964071463,0.10217737302581392,0.08993435860731003,0.4060474212758477,0.3026065063773548,0.44215960495873474,0.39763050489508006,0.5337404920436103,0.5260943081340749,0.30465968526810044,0.7107132654630842,0.3898426929608946,1.0,0.5576567498249877,0.668267676244471,0.6662978066168784,0.6197304025440357,0.5389359250853087,0.09240650574950793,0.35737045164166265,0.3372824902919174,0.4212931134613513,0.49261965976976857,0.39910343463642955,-0.013120435600346482,0.20507990921333924,0.13779204211599672,0.6572521025022838,0.3923807640268844,0.3083513054506528,0.30095526904808995,-0.10401225557135636,0.18017800251218724,0.21430611930974514,0.2683811079226275,0.0502277711701265,0.24725552426785205,0.08845891840815699,0.08773532486367874,0.009108488803920275,0.08767097055711993,0.22318073514592732,0.31836546339809574,0.17997074233477425,0.139154415804162,0.171162050422384,0.32793228043409334,0.3446000458328232,0.19410828475367997,0.1546182847850723,0.16070212118072888,0.19530904193703325,0.4114751576680511,0.1662146169035219,0.3865819648555013,0.3348574316667138,0.12880749900329305,0.04830497034993047,0.35969505476394525,0.46000633340805636,0.38386716015432476,0.47224288884912524,0.5817710076672356,0.48645106404352234,0.47142668788789166,0.692710812430328,0.586873605002684,0.30586672139403254,0.5525821773102412,0.42361928620086703,0.5307252573387454,0.5119212428857098,-0.06790007188846928,0.10805088071222951,0.5336965427610822,0.3064661951536498,0.24021736059444543,0.3114858310652364,0.3361398089461904,0.3534386991635386,0.3889888211860656,0.32544914597126345,0.357362603555497,0.08414247101701779,0.03240317816097366,0.00724064429648186,0.24623841230077634,0.1514461477850258,0.42030111537000586,0.12137693102160108,0.1051392820018673,0.2562949499135141,0.33831843766579084,0.2863295756696772
0.2684894115542131,0.474347745558768,0.37115953903481097,0.4041530518668757,0.5732885678498442,0.4678558086824947,0.4062436234299904,0.34153301375926465,0.4481445554687034,0.4490706296362569,0.17109298726412578,0.32002611843075945,0.33346452722524345,0.35162722218559783,0.42947883586156294,0.3640061513323785,0.48232610995482644,0.3965653635704397,0.5576567498249877,1.0,0.7417116362003962,0.3757710744657808,0.5640874716291685,0.5644845847891533,0.04151951505105965,0.2820916091401951,0.4913058901456291,0.5274306307663813,0.7453625658846834,0.3857412831306957,-0.14275674337259392,0.21321837456717804,0.12368196246181384,0.522891297728136,0.1331820222320585,0.7273449296654518,0.5981591529089716,0.03235138079228,0.23198794847417273,0.3205268263281316,0.19716048283016172,0.04739853499718422,-0.06108008501046935,0.12460249443570691,-0.012891266335791353,-0.05738520604365419,-0.067220427626519,0.20840749774759926,0.6629764965515509,0.43461916377072285,0.3136801559571683,0.3495851501652807,0.456979930874057,0.5267038979874368,0.4317059541860122,0.4033021607350831,0.3079165214770726,0.4897833614294818,0.40160540450605714,0.17835717581910476,0.3602610431445059,0.2851774766205513,0.29917061425400804,0.1429905603219599,0.4049377018920166,0.5200897350524711,0.5447121165032696,0.28864162185409464,0.49322415594784974,0.47623442547300415,0.7355618758809477,0.42998974647143406,0.5283347302926709,0.4908987671044578,0.48748073294846317,0.3256924366424004,0.7425403940994949,0.5424455892186132,-0.17260766789410734,0.26088294108598675,0.5152582491233688,0.2465130953165761,0.11216327786306031,0.18655214739333667,0.5712825970258892,0.2048625976155308,0.6164812948714327,0.29044040320327486,0.7565884683361116,0.18559154164665403,0.1199266046981783,0.08395882580074022,0.3111436545084116,0.031302103955007744,0.2380042002957159,0.12940395355188683,0.005990446520962119,0.2551130281369585,0.6461031112952795,0.6376758363705427
