0,1,2,3,4,5,6,7,8,9,10,11,12,13,14,15,16,17,18,19,20,21,22,23,24,25,26,27,28,29,30,31,32,33,34,35,36,37,38,39,40,41,42,43,44,45,46,47,48,49,50,51,52,53,54,55,56,57,58,59,60,61,62,63,64,65,66,67,68,69,70,71,72,73,74,75,76,77,78,79,80,81,82,83,84,85,86,87,88,89,90,91,92,93,94,95,96,97,98,99
1.0,0.2591265394021014,0.22756781531255788,0.14302980075278843,0.10867244913655356,0.3468665731174796,0.21828980784745833,0.29252014603718735,0.2885718871240938,-0.09775733089728739,-0.16623901120355258,-0.209735393926837,-0.0091131976556197,-0.18559468088112033,-0.07207054487692631,0.3901660341109217,0.031222826001651237,0.3439282496570386,0.025352477446552488,0.4401803176277433,0.1543608675588371,0.01856073106521081,0.2648101234033069,0.03474504707282082,-0.08312535904994209,0.08989832796395784,-0.2334993988365997,-0.13892682130535647,0.23236858080257133,-0.20881559822821608,0.22350250667872132,0.15912151662695534,0.14757384264273316,0.3084690267431384,-0.0012870861311760514,0.2738008909147415,-0.0615250956387823,0.1715591635823688,0.10317251035162565,0.0004332143563470612,0.2877893196964988,0.019605311743764533,-0.010627878285601274,0.2596288169167067,0.008603072054848705,0.00107989665640137,0.08935360023104766,0.1582158474834327,0.5418464206814597,0.2453217558366217,0.7176603913369686,0.28734197878505346,0.12941337125528568,0.034872186068705284,0.1705389123808268,0.396857312375804,0.15704262022587223,0.19618331873589306,-0.13652216770418366,-0.18530123517154012,-0.2476762788755919,0.021880464229992874,-0.04264179137275584,-0.1448184364173427,-0.014809338594690299,-0.02014603718737149,0.28467205987147975,0.13977603907721672,0.15642020536871878,0.3394518345105074,0.32847850723122657,0.13420855190253306,0.07969260616106157,-0.18965214142879117,-0.12288376356541694,-0.12563059372341462,0.01471830079516809,-0.1823385814814272,0.2777092378252639,0.1877748792179539,-0.0863093614755416,0.1483069120868929,-0.08164364038185648,0.04361966290900301,-0.3671697161071719,0.17808563203777128,-0.16558363077579902,-0.017323094188885373,0.20658368358703216,0.01149744623276168,0.2388251101086489,0.012319925662927838,-0.08035187692940987,0.017939155357574503,-0.021191402264643742,0.243450772094717,-0.051457566754870065,0.1499533823681757,0.5046841339043067,0.17168944181271956
0.2591265394021014,1.0,0.6603834888824012,0.6650279862752669,0.7900527077466889,0.4873488851008793,0.1433656988406807,0.7200210956556135,0.3327621232377862,0.22601703348621405,-0.05646307807554299,0.18084501913363407,0.2036766714069107,0.0808243001861566,0.1880652584060851,0.4645486251722655,0.22001481718668087,0.5906453952139231,0.049312703314656973,0.21283381834505838,0.25300032334115,0.2330223266367075,0.506022621323564,0.3069998650129179,0.1498513572480215,0.4281291325112467,0.08276434708631954,0.4150334799355829,0.390365528680676,0.3619474554935034,0.27897591893240914,0.15217909960477038,-0.005638065101444362,0.27869966629937626,0.2557016345993866,0.16297806616878407,-0.005348472820693939,-0.05523796966871659,-0.04964542346703333,-0.14069734954434013,-0.08471224207264816,-0.08001362428293605,0.11250231518541888,-0.03648261334990849,0.09478918470941676,-0.18349139378871068,0.08759092007822972,0.11439998242028698,0.2561899866190815,-0.0876615528537211,0.2556812295753558,0.7039403671020785,0.4079654935347466,0.7042197589695777,0.6109923434071367,0.3362528213869766,0.6901601834255949,0.45987430505197,0.13406100788261774,0.14450608246537847,0.17285573524629222,0.1950767385865283,0.2731557782319204,-0.005138928837843568,0.2079020809985277,0.19766032855227925,0.0864639349048341,0.14447782934409528,0.3533475226731209,0.44887381881355254,0.22490574448514986,0.3767881864328565,0.40506484088790107,0.09754857180527957,0.3652201074246034,0.2293414827860078,0.3820464041638806,0.43003448058013244,0.27281517129232863,0.09429789451544346,0.3192414350859278,-0.030700155509890758,0.029953005660039743,0.3114968183858684,0.23647862514035184,0.2794546521885173,0.07340314990786347,0.45062882839767604,0.11469197623128573,0.051102028259388664,0.13747021651300115,-0.10633685869363897,-0.15480434517310349,0.09733353424433917,0.3681756966746089,0.07597732217021558,0.0041791075231394316,0.13733365981371784,0.2382735766504291,-0.043668321043230394
0.22756781531255788,0.6603834888824012,1.0,0.2386320471889725,0.6190931379473802,0.7528370831489033,0.12552542936879413,0.7560108491943155,0.6649254372661536,0.12658492100116467,0.15885631365046854,0.16739339944561119,0.15236431443828108,0.27831981892895596,0.4172356529136805,0.2886290649162295,0.22259683753519866,0.5257464314752205,0.30566200620793516,0.2291484198663314,0.495630185622934,0.1927412237761151,0.40828412583307433,0.31125195809749834,0.18328106507946973,0.42057534364847216,0.07681235853824686,0.3305817943236362,0.5452389370391384,0.4504157916050592,-0.009310969426995533,0.058237508201250045,-0.14359643257395252,0.09704629429067428,0.12191374011533547,0.30214346929357805,-0.09031188699066105,-0.18491503661917005,-0.11065958455371074,-0.13263893466939153,-0.2842733770942618,-0.02950175228212852,0.02581549463347868,-0.32085644594709134,-0.07054173769184646,-0.33259404361652367,-0.09725662299991523,-0.04021516313031904,0.27527654715338545,-0.1210190582924448,0.12647033894314533,0.7651915403909603,0.10136117206458033,0.3111750468530744,0.822637961506707,0.6449824045908165,0.4643926304872726,0.7335716012293242,0.15681104005977103,0.23661518189322062,0.29181314798241603,0.13076638131025367,0.3322251835667354,0.045420031698435955,0.25604381115621144,0.3534416997071094,0.0380365344107186,0.10026797300728957,0.1323548339501929,0.2866538141125346,0.37875334720874965,0.1828384330197238,0.39912854851215984,0.13940241532699835,0.366756762695849,0.3280735459850761,0.5676944520309277,0.4944720021378575,0.02568207716866165,-0.08197639923528248,0.2220130270433554,-0.20370892849646696,-0.1169710154481728,0.17467642340738787,0.26475921473590663,0.1113156845571639,0.049858891410740576,0.39974729142725945,0.1782379548507411,-0.014222301749495368,-0.0767872446625166,-0.18666515983412285,-0.11624354347508792,0.08084156597572116,0.28053768807938495,-0.17454771479427028,-0.17829132185760935,0.03568838702993888,0.22961163715137015,-0.1512043673029895
0.14302980075278843,0.6650279862752669,0.2386320471889725,1.0,0.4837246389095555,0.21411462600730186,0.4114877146059162,0.3077297370263288,0.011335780105957925,0.2695283928061303,0.037782271244878596,0.1567309895808808,0.3432533142467878,-0.06100160414881227,0.1025540811617679,0.44314061572944824,0.22744538516837284,0.27994751199972373,-0.09085265599067305,0.06843060251327111,0.013961745288793875,0.23784654709581327,0.38547287858382856,0.11501998122737789,0.04594426603128561,0.2841637269021708,-0.024358889841123343,0.27199426147939565,0.19320112180589158,0.23453377659323998,0.34291584654166235,0.15208335295354874,0.135117360280522,0.2071690697506506,0.26780652270137406,-0.006606518934292684,0.045088842332282934,0.03502129970585373,0.18625392011903977,0.1888861682190181,0.056195436180932916,0.02502363255874193,0.1375471277574251,0.11565410658956707,0.22880938254397282,-0.01838963550348612,0.20058295584038877,0.21748930305855613,0.09587778950634528,0.016593993388772214,0.15523200512323065,0.31582582271487275,0.5539759974132707,0.7554489262248508,0.205687351082565,0.01421445366332966,0.6203043410528924,0.10500268404546867,0.16615340183142938,0.13508288170850802,0.1943281074215213,0.322438620118098,0.20497945371041817,-0.007144115640025961,0.09150240622321841,0.21169898508549706,0.3157253672119517,0.039892622442948444,0.2111872898674929,0.1702760683113515,0.0617471723345545,0.36931366916863656,0.13931922561364185,0.27241491889787756,0.20719418362638087,0.012602456764893313,0.0038706760969270033,0.22456522566593745,0.21847973153266845,0.17932406003471993,0.11204403091991062,0.07974521963074568,0.20313044460977747,0.30664199228376166,0.15958226190566177,0.4110293863738389,0.09896907540127264,0.35228359866436315,0.026190643429522837,0.14502949310781074,0.18286511651268722,0.045565988278098504,0.12411753141492979,0.014040226150450951,0.31632810022947805,0.1509783424214171,0.17987192703161928,0.2102753422550377,0.09270559058859623,0.09884507563985447
0.10867244913655356,0.7900527077466889,0.6190931379473802,0.4837246389095555,1.0,0.5573538136989914,0.05330106200301994,0.6115746714006323,0.3696536363533196,0.2683778633742376,-0.038307308415391324,0.16718464035360336,0.06583759484412131,-0.03300434156126687,0.07655180207754538,0.3058979937152526,0.11689567382098201,0.4271430768892698,-0.03018690231872817,0.21149493484518866,0.14467789884758703,0.15235495651963527,0.41160072704670236,0.35877211983085805,0.23464208018232674,0.42460612386657187,0.15528851134362373,0.4071069129082182,0.30931988066197874,0.34778009034716795,0.1324301755773837,0.2177106190884291,-0.06381592784783503,0.1517521637173559,0.1250592530505511,0.2478818015438755,0.04158153124854395,0.06521759603703041,-0.04562720335019102,-0.0733592006253355,-0.08322895378732942,0.014448332300656702,0.04277991768927229,-0.10692075630436762,0.0575594335565329,-0.16255426951583588,0.053307340471952507,0.07361661785157071,0.16347733274739276,-0.015374400798621249,0.12137693102160108,0.6372410523969625,0.21217928795883836,0.5480679581477261,0.708294485306813,0.33955058719380693,0.43986421235991113,0.5117014964730701,0.22089851168893954,0.1769697036286954,0.14958379620710846,0.021257326188435687,0.238715236902329,-0.0355479202367325,0.08168915928161759,0.08877441147201844,0.02781047813680156,-0.0164346836886503,0.20070381636734066,0.2585176293590939,0.20360289939695306,0.15745144389089277,0.3537179523401423,0.14561966918747193,0.31396111744190064,0.20447717619581288,0.2948055087286414,0.41569445191106136,0.13876672034757603,0.16231568769639837,0.26505665731830474,-0.060817982797777864,-0.018593685743794518,0.17991580573161428,0.2887170767751325,0.19800407472633724,0.13294657964708725,0.41247375794141544,0.18356837706617077,0.12409707768663533,0.14462139262719392,-0.057972242888849126,-0.04086264627367151,0.0886975002275945,0.3238261617521951,-0.06967216974468605,-0.016623037830538274,0.06237031037611168,0.14936724755634626,-0.056790321112293554
0.3468665731174796,0.4873488851008793,0.7528370831489033,0.21411462600730186,0.5573538136989914,1.0,0.3066576884560931,0.5267980750214253,0.8090132165747559,0.1855742758570895,0.16857146332726533,0.028793058524748154,0.17856593491111258,0.07168284942034035,0.28611296849150364,0.23081692298516085,0.05335913784064618,0.27441775048736616,0.08777620379928852,0.4571510191524695,0.3637572241633155,0.12114232078202432,0.4010105195746965,0.17679540667212892,0.22414134089260992,0.27237353780238255,0.035507881048127604,0.20398745561907272,0.5577166141302922,0.31953325861955306,0.16311776210253368,0.2524038687925563,0.08319913105989973,0.034068542045336825,0.010888434746302767,0.5392686839387347,0.05617819243593743,0.059698821845304804,0.025912810901933453,0.07994060568389792,0.04382528276654455,0.12828879084882389,0.02377813146486098,-0.09572781581483539,0.005909608882777846,-0.16812484107625514,0.00402135935130859,0.15701665991731256,0.5343106824310326,0.2100037984737042,0.23135844093059466,0.5701650295558925,0.04711049163550977,0.20741393003902067,0.726781437078754,0.7615123575964765,0.2800213938913043,0.6843593921186379,0.2857896273414765,0.19408324703706695,0.18395214863026751,0.1731852870359034,0.2613758008971932,-0.07875714519475835,0.11641380133040757,0.27526377417602943,0.24179011706205325,-0.03516022462801308,0.025492153483451525,0.15089913596462615,0.4414140367729925,0.11076317929109808,0.27443658589416386,0.19659769768544244,0.24692276541442604,0.1253841638178114,0.31409139567225136,0.32599393107261165,0.09620340983647728,0.11280996016311462,0.05599690157437025,-0.004156348064327968,-0.05269989860272674,0.0993646189440243,0.04629195441359237,0.14253537132434885,0.1267560092795771,0.33128288841200126,0.37080259661883624,0.14763348809759252,0.031178876719123276,-0.10848566468580972,0.04826182481417077,0.17220113703072368,0.2167201906143168,-0.02899396953059027,-0.07380343126310462,0.20246021805122602,0.4449397462713121,0.14419445673977943
0.21828980784745833,0.1433656988406807,0.12552542936879413,0.4114877146059162,0.05330106200301994,0.3066576884560931,1.0,0.25424816904149755,0.2620665353158332,0.280504726117489,0.11392129386739411,0.15525397976449462,0.38555606829718503,-0.1365959397141413,0.08124024875293911,0.5440371810930187,0.09727074955501351,0.2155492561583932,-0.1294919537433837,0.3115909954198569,0.08519568418045576,0.0561256102379937,0.2062995018034902,0.22474564352736942,0.19596357232325326,0.18171943854753103,0.02635073410997994,0.1063337194591727,0.27422557998362646,0.12642168080891794,0.18996135602372005,0.23456046008620338,0.08768980596391764,-0.06354752330096783,-0.02201074246034362,0.3028435185795592,0.03236944409237293,0.2031131788202129,0.21520394036710208,0.5294036396284402,0.2553390530185309,0.26577004863070547,0.059568543614954055,0.14688164144291774,0.033738922426377105,0.15648769890974387,0.1868299696436027,0.07063434510860182,0.19785904041381236,0.29645674605790634,0.2974189214218221,0.15316324960995012,0.6144015520375201,0.26999927797607276,0.10621913740115335,0.2134695133244807,0.47955435410033,0.3012676228774851,0.2546908011012434,0.14518965103864692,0.11955779156339173,0.38353283168366564,-0.0023952358977739688,-0.1593115028266978,-0.133597970798841,0.09936304932679117,0.7589052233722284,-0.1405098354216553,-0.13632439593280782,0.08341106211724039,0.11794260851548741,0.09694112993605379,-0.07195125396720756,0.5482704387708014,0.07315672000226024,0.021500616859572625,-0.038626710490379815,0.03614908387292495,0.1620190300393346,0.2347880545850089,-0.08211298815606244,-0.04293768107013736,0.03929065857999868,-0.13469513324480692,-0.06849419888863735,0.19797425199890756,0.174189842065114,0.14374251978704702,0.31041154987600444,0.254596624067255,0.16143827166307223,0.12268913102850738,0.290560592938861,0.22372696194306058,0.16167371424804347,0.04766613613604186,0.11950756379222162,0.10024517421181671,0.17680182389671076,0.21238647743361305
0.29252014603718735,0.7200210956556135,0.7560108491943155,0.3077297370263288,0.6115746714006323,0.5267980750214253,0.25424816904149755,1.0,0.5486944507338581,0.07907417697120381,-0.1277998548888397,0.11854377191578062,0.08530398776954252,0.10918885320625712,0.1630361420064103,0.5362628669372687,0.24187173715817661,0.7516944018031763,0.22569700869967985,0.24917987499568356,0.3882981896034833,0.20000306075482108,0.4364273628233019,0.3280091916785173,0.2041820881559823,0.4643724076771469,0.004302320836040923,0.3422974173518046,0.44503060951011336,0.33820699484223776,0.09957808688773155,0.06634144197595974,-0.2103773673751919,0.2211731947047393,0.16422748148636473,0.2848588443222236,-0.028070260803779917,-0.1475110579534075,-0.23325139931376335,-0.16874797911781234,-0.2159228250598809,-0.06496491315501143,-0.03938797484845346,-0.11560073960364026,-0.11925794775686001,-0.26927725404882763,-0.1254642142967016,-0.1159429161604651,0.20893191387509916,-0.13860504977256247,0.2829643163218218,0.7563137853203118,0.4016791765160148,0.4240415132365821,0.6565567620680021,0.47460987163670265,0.7007119394159441,0.7722124382748023,0.11790493770189202,0.11675288446710999,0.14718542013373492,0.11196393647445134,0.14909009288994785,-0.09866931722801538,0.15848896088199932,0.060720642664079935,0.09536366461674656,0.1948335243689207,0.23410841032305862,0.56590844968457,0.2616300788889621,0.19520858643411218,0.34292840347952747,0.09139724186859792,0.33194736131646935,0.3490985688230068,0.49405585953809306,0.41180886292569735,0.08912129688054271,-0.03233882385441486,0.28711763618693376,-0.21131451178411845,-0.2401969555704146,0.11920772000539949,0.17825443583815628,0.054847134977664344,0.13674191411682346,0.37196975345229416,0.15360829637211484,-0.07768035686817412,-0.09350523781270699,-0.17313348966720976,-0.2423136794942564,0.03828296431632182,0.24039629695902356,-0.054723135216246166,-0.20743206203445258,-0.06930017046043152,0.19658529502947125,-0.16309892669573597
0.2885718871240938,0.3327621232377862,0.6649254372661536,0.011335780105957925,0.3696536363533196,0.8090132165747559,0.2620665353158332,0.5486944507338581,1.0,0.054198119519340095,0.011400923720466647,0.048235926119661175,0.12139738368249763,0.11465430540290814,0.2629863313753861,0.187376269968006,0.10903271907647663,0.2889124941973412,0.2038825312776189,0.44321927051229065,0.45083898036058373,0.16125318338244932,0.37127034273785803,0.16959406935593213,0.13120200157669124,0.21598586401057387,0.040676646558557135,0.05650624256639231,0.5101660263931345,0.24149826302166635,0.06826424987374911,0.15397244771309826,0.060161882536868085,0.06523724185182446,-0.009960794870175711,0.5680070287487718,0.08200550151271979,-0.054102372830547044,0.057658342067607095,0.05336543725041034,0.07470360709954424,0.09950753220660888,0.10091230113433135,-0.12888367601362008,-0.1237635825899653,-0.14825354508002464,0.019576273813556803,0.160639399527008,0.465553728257378,0.2360885751048588,0.13463083176797688,0.5247216773250662,0.00654295200383351,0.14621696592086092,0.6323786263568362,0.7893827909454062,0.19303795729852966,0.825007622456743,0.1930143372818527,0.20093235336820503,0.13366949328791905,0.12357444363915279,0.1785573720830261,-0.01046386149686665,0.1803922553485848,0.17012616980676568,0.16259828260264295,0.06104246210352419,0.04872643169749444,0.1582559969235478,0.4639390109288924,0.07991002950489766,0.19565443450398246,0.0665706322146064,0.18052881210145358,0.1066814315385751,0.23438318531184812,0.2824308681167325,-0.06674799903155092,-0.012343474765058588,0.07420606736017643,0.03779484301853327,-0.13716262535852108,0.04220074549000066,-0.058527148513375114,0.10533862346869874,0.1275024123064416,0.19805845967787447,0.3830924622997265,0.09104882257079774,-0.04131155697850451,-0.19921118854996703,-0.06433002797844914,0.1279630951451426,0.1327017714314742,-0.06882460344586584,-0.2148744893834931,0.18387994620921047,0.38258837249732086,0.11400762284909276
-0.09775733089728739,0.22601703348621405,0.12658492100116467,0.2695283928061303,0.2683778633742376,0.1855742758570895,0.280504726117489,0.07907417697120381,0.054198119519340095,1.0,0.4055013535992238,0.6703866595092121,0.2529909056377512,-0.18255276268329204,0.1856433390153477,0.06996254893281724,0.2021980919732914,-0.10656759242691077,-0.2060194868133063,-0.07592866403598818,-0.08500419087801249,0.11257848579751775,0.14173015768374725,0.3899353003776499,0.7130551343749313,0.38842720305773637,0.22564660381919266,0.40115963321184495,0.22376472056291358,0.350752945386738,0.2627445071244926,0.38181724004784195,0.1694574461071923,-0.19208190890569427,0.008884033539581037,-0.09512037394560963,-0.04125191150023999,0.3833162245054921,0.37214368903999073,0.41368203949784804,0.01464609840244358,0.4300399742426042,0.156833014701035,0.20795701760168767,0.13810277225795717,-0.002688754320371434,0.07138776138050974,-0.02927022216362318,-0.07273768928619916,0.04003308753127462,-0.03676357483464082,0.1765678121733234,0.05780586346213612,0.011644990252676983,0.18758338591551063,0.030973256861581734,0.09915432914337692,0.0797130111850924,0.7438290498479041,0.5398237554598592,0.5731271221724266,0.3574128313069575,-0.10308461178656973,-0.30433398956441915,-0.06374529507234365,0.21567796477151083,0.16238632047188972,0.014559775167940419,-0.00408257442340111,-0.12618550293107483,-0.055514222301749495,0.12852025904962816,-0.05370602324917046,0.5200141893397876,0.6102640410109591,0.5774951420346635,0.14110545002495692,0.14560638457757408,0.25645975972299395,0.2748509648437132,0.28920993677973933,-0.0803173453367304,0.36831225337389223,0.1932669699167161,0.2835475403892321,0.0021503756094038906,0.1039683062888284,0.3467295037259886,0.001710883455482434,0.20730719606716705,0.1932136029307893,0.3816524302383621,0.41681123501067213,0.3484032283887251,0.36612734618535925,0.16754408269999277,0.09482846235134977,0.029287487953187735,-0.11327308614462028,-0.049596765332805944
-0.16623901120355258,-0.05646307807554299,0.15885631365046854,0.037782271244878596,-0.038307308415391324,0.16857146332726533,0.11392129386739411,-0.1277998548888397,0.011400923720466647,0.4055013535992238,1.0,0.4848494599141557,0.37116910238659323,0.15791689736780226,0.510864306144583,-0.04895010224098641,0.22348846782147788,-0.12753615909019653,0.14391209505300337,-0.07663894590744318,0.2877392048551641,0.047028908448078985,-0.10464720680618497,0.01024254127408314,0.3587479315380059,0.24328624868497223,-0.04778387617913003,0.022904648462502217,0.33510883342031633,0.18616374017960216,-0.07641606017287574,0.06976245011068305,-0.06137676675204552,-0.2513177922854261,-0.21422222884951406,-0.15644616544322698,-0.17420175090939768,0.19941994772389288,0.08629915895952266,0.25626915179030624,-0.1899630001832675,0.20702011858467503,-0.005522700401940315,-0.11378473711452533,-0.19108684656319908,-0.15796320109434972,-0.20640082310761593,-0.17258183693163012,0.05239310011148623,-0.004539334819500183,-0.14902658187068987,0.18899376116146896,-0.06381752250734385,-0.10463464986339244,0.16490405122292157,0.26589483324970625,-0.10257378187797002,0.03882057345203605,0.48338736088775025,0.4674312016606563,0.5042163876015837,0.3799691648573843,0.04969488591036844,-0.028861359525033454,0.2354363988885717,0.5111256475164526,0.09785547037327443,-0.07174647522553455,-0.1804652425785664,-0.205337487590204,0.2088258826844236,0.03240162125827879,-0.06477655901312346,0.3569036305653528,0.406462744531777,0.326911372705391,0.15969998324434176,0.2296210548620894,-0.03381820136706127,-0.016669341557085732,-0.021683494284626764,-0.12407912446682023,0.049796126261633225,-0.049418633168932746,0.0789133531366863,-0.11440159692920844,-0.13356663086630982,0.09420775242712885,-0.09998077217380386,0.10240579251771807,0.03929302842460505,0.15252212082056085,0.3281240312511036,0.16591802435341851,0.1531797906993197,0.012139424444679948,0.04948614615502337,-0.02239687708832922,0.03960305903062985,0.02582178323499222
-0.209735393926837,0.18084501913363407,0.16739339944561119,0.1567309895808808,0.16718464035360336,0.028793058524748154,0.15525397976449462,0.11854377191578062,0.048235926119661175,0.6703866595092121,0.4848494599141557,1.0,0.45465846698624074,0.07963139108896905,0.28589008284439754,0.17356827364078994,0.4997582789460962,0.11575456209248812,0.1134096429510746,-0.07932374611127331,0.1502861412216017,0.3794001783870977,-0.04527717870720046,0.4312900056192297,0.582558727228778,0.49406880422556504,0.2132921465771357,0.3441354391318133,0.2785404594507101,0.36374309760821727,-0.06942730945631598,0.2257690339633777,-0.1063572637176698,-0.037790104505115385,0.008943678994440415,-0.029637512596178296,0.07231857277788777,0.2469102084765609,0.11823612693808488,0.19371117159369516,-0.12206913222141648,0.21857634876282442,0.1508527730427658,0.04487535669551623,-0.0029634373361712013,-0.14930826968535452,-0.08163579229569078,-0.0997083651180823,-0.062025828071860536,-0.02431651017582852,-0.130880963368273,0.19729774697142355,0.11591466305026857,0.053340302433848484,0.2989445893724356,0.06464782498140004,0.1572325439856093,0.17592897795943482,0.5364763348809759,0.6210538335758217,0.6943385061398099,0.5508383325642209,0.007844946931241348,-0.1825724545409381,0.1722623521028162,0.14064869141011274,0.10784055200298855,0.18142584870219505,0.06984325802309849,-0.018348047846662306,0.051309217734163345,0.19032236798734262,-0.06227456372489005,0.45816028303337947,0.6480667024539396,0.6465504522067249,0.3211232808767254,0.2750668951507261,0.0443526741568801,0.106303896731743,0.46702880366477967,-0.058607960866292295,0.15210218836034645,0.11080398933915975,0.36628445164029844,0.020109935991009232,0.18581442729376013,0.37759212679389587,0.050208935755937704,0.19965688167283527,0.09348797202314243,0.09176453230115304,0.20862418679081857,0.28506760341423143,0.3203525988152529,0.04958734762940709,-0.03933148406190718,-0.048385020828820687,-0.07263801851367216,-0.016623816116201902
-0.0091131976556197,0.2036766714069107,0.15236431443828108,0.3432533142467878,0.06583759484412131,0.17856593491111258,0.38555606829718503,0.08530398776954252,0.12139738368249763,0.2529909056377512,0.37116910238659323,0.45465846698624074,1.0,0.0601257577327193,0.3017385080474276,0.30845490018804017,0.5207079601568362,0.19397957614056235,0.11602462731375145,0.30387946595343257,0.2884203058242217,0.4605698262158712,0.17677657126533122,0.16008840084257053,0.01532417304716072,0.17271139817694134,0.09124498899698319,0.2677971049979752,0.3519216635124159,0.24386044219256692,0.07287575851752792,0.11550813218688491,0.2050296814618787,0.21786130234281068,0.15829746757955604,0.2510728333788522,0.23836138175030705,0.10151813378789448,0.14749379216384292,0.2662212092959011,0.22778442249073141,0.12023665128311298,0.2338400057761914,0.20910911665081353,0.09027182631243545,0.093827009345501,0.16821430925854422,0.2973828202254598,0.3149384513360385,0.3567661490069032,0.1494165732744413,0.13655983851777906,0.3575305525994431,0.22433911266398576,0.25010124031153763,0.23090168231575048,0.25401361094119773,0.18085600645426606,0.0955959679672515,0.3317128337056853,0.3651143015338194,0.9088664538265698,0.041401793758574036,-0.2204944217743836,0.09626619452580294,0.21210237671441443,0.42620444578385114,0.08643650052131598,0.1405686409312225,0.15869150377631655,0.3044884774398915,0.3962624274444434,-0.02745260540764529,0.29140414818442373,0.245092591720583,0.07998926381812531,0.20119353694408082,0.2558579119138508,0.18865857372021258,0.1389723402051176,0.20268789208564925,0.26537215050596713,0.1983085804695667,0.13869922680655095,0.12791757622751967,0.36853199978653206,0.19285729981886618,0.3035963883080055,0.3366775349622825,0.3863189022724918,0.13671523062386007,-0.06797070466396064,0.1169679221124321,0.22344443084109508,0.20076346182220003,0.22116377700134046,0.24166385770474286,0.3681443043299461,0.31876125710752673,0.4299558309710594
-0.18559468088112033,0.0808243001861566,0.27831981892895596,-0.06100160414881227,-0.03300434156126687,0.07168284942034035,-0.1365959397141413,0.10918885320625712,0.11465430540290814,-0.18255276268329204,0.15791689736780226,0.07963139108896905,0.0601257577327193,1.0,0.5698259922335339,-0.07248335420924254,0.05839760915903048,0.08987785238691692,0.46990217352931407,-0.14106777921136152,0.4047587655274385,-0.01582488715428798,-0.0006043026347594875,0.03498205927502519,-0.11726296425353713,-0.10704248564783411,-0.001258833020979504,-0.0321096597383762,0.28277371878964236,0.2962228730901682,-0.28632015796627835,-0.2235888356265441,-0.17947317367186838,-0.055339994788870785,-0.03732392818687235,-0.018433584786014083,0.052979311259539995,-0.4163221356839921,-0.18019833683357978,-0.31956151172974956,-0.2850974261416611,-0.15379115685153108,0.03719208033928846,-0.5762567140377147,-0.07987625137733913,-0.25840608509208945,-0.14151825935727314,-0.15918116208181474,-0.09584247309088295,-0.20284948312504514,-0.2658586277150454,0.056823283074189525,-0.16180399247839422,0.0175043713839943,0.2831934804378604,0.16494950541360984,0.0009590365057796029,0.13781553230429228,-0.07476400804899717,0.18310063094714896,0.29171426205792483,0.08852327271471579,0.5150777431415575,0.6437646342339641,0.6655852003930322,0.39919447243595174,-0.15438127258286793,0.2917338822810382,0.07186178578491849,-0.08587300771350112,0.165960338911753,0.030725257338745374,0.36615089044385635,0.03170626810945883,0.24993643050205777,0.19366565269393407,0.39043443865778893,0.4135087590562363,-0.33711611086520443,-0.28503621106956856,0.17885559947434873,-0.09151264464519689,-0.041852273904485655,0.04043177030849257,0.3011249058720028,-0.0782877987373999,0.004862674188272448,0.14783529993451394,0.007367786183517931,-0.009948234023650993,-0.1637989759817171,-0.16394024153269984,-0.22542302182045226,-0.05808996418133474,0.10693331324223275,-0.31229889279200373,-0.08118455919833963,0.021533578821468596,-0.07565011634799201,-0.13567143516382096
-0.07207054487692631,0.1880652584060851,0.4172356529136805,0.1025540811617679,0.07655180207754538,0.28611296849150364,0.08124024875293911,0.1630361420064103,0.2629863313753861,0.1856433390153477,0.510864306144583,0.28589008284439754,0.3017385080474276,0.5698259922335339,1.0,0.017232827602660816,0.30634533462669794,0.09862846846168094,0.3400492075389822,0.07809473581772348,0.6174042298045199,0.07837886729313334,0.23059717657252102,0.1491104979139787,0.08129361573886593,0.15276782596075164,0.02970343651997024,0.08082586980338975,0.6205546950998185,0.44154745423780956,-0.05870682375395936,-0.07502770374416495,-0.0006466823000543088,-0.025842178126442086,-0.029204298239831235,0.003931891169019523,-0.11817809747406233,-0.12519110089813498,0.00771309908365746,-0.036233044209838985,-0.2242731887401938,0.021127841057358994,0.032092393948811644,-0.3862749529899639,-0.13327462964881384,-0.22488220022665273,-0.14018094547463655,-0.11304383313085271,0.09302029909082714,-0.07295423937918499,-0.10162800699421438,0.28795726874044497,-0.07011637142166512,0.026385265689109053,0.3703182241978471,0.4262766481765757,0.01483681271830065,0.21596677434240885,0.21498419395446228,0.30230054964095354,0.36594384456705104,0.3023020006341254,0.2834383407262305,0.2866412571697421,0.5348564898963739,0.8326960687366779,0.04139551528964147,0.28399566628514056,0.08536206360716876,-0.04323041479898825,0.46997165271276947,0.19877632640504286,0.25566082455132494,0.21189832647410603,0.46887449026680356,0.25990663916697276,0.3844008300135929,0.49594351887135735,-0.08548606336858694,-0.12730694492840977,0.14780227994841802,-0.11425091361569806,0.006474671086708795,0.1412153232312768,0.19757486194231527,-0.04113652844617312,-0.1193254412978851,0.17487119318477046,0.03760176519223595,0.12638557961255567,-0.011921242885709891,-0.05293848042216425,0.04827124252126517,0.07737585112494468,0.15998951495688263,-0.2175222650204521,0.01908419861787447,0.1463589589042816,0.06366450974931229,-0.05225883616021397
0.3901660341109217,0.4645486251722655,0.2886290649162295,0.44314061572944824,0.3058979937152526,0.23081692298516085,0.5440371810930187,0.5362628669372687,0.187376269968006,0.06996254893281724,-0.04895010224098641,0.17356827364078994,0.30845490018804017,-0.07248335420924254,0.017232827602660816,1.0,0.33778005895482327,0.6902909756426798,0.23010371254014517,0.3766579082025057,0.24508788286888358,0.3487753645339622,0.4280016575157982,0.3404766613613604,0.06616878408031418,0.2943003229490898,-0.01255850748236535,0.1909502148805992,0.2652920999956647,0.3399006118367975,0.16227173841387038,0.15111175988623415,0.039436632982680846,0.3545310140669096,0.17207085880037293,0.30142458460079924,0.14547375186932796,0.08356014302352228,0.008323680187349513,0.13471082941713833,0.12244897959183673,-0.01968536225406692,-0.029739537716332497,0.08592555619386656,0.018166749856380022,-0.08576388561885298,0.10578592304480629,0.1360544217687075,0.26181628400684565,0.10191838618234557,0.5471261878078412,0.4372435637845355,0.6720394664557101,0.4152846186928856,0.3670769646114099,0.15501696756229025,0.6386994774350268,0.3590687774879218,0.06095137639735174,0.08811756123766615,0.055073966279119174,0.2712675287004511,0.01916188718219175,-0.0504946062044678,0.06573086087226769,-0.08218986717898973,0.48742265711083693,0.13166503884216582,0.23953614671526202,0.5281395201914084,0.2005845254576219,0.30305698652326646,0.21560576237878631,0.30348392241068095,0.16491497383448073,0.09855783568618956,0.17586619327010916,0.24908736532190265,0.28414623809837736,0.2273904485652129,0.13101364743480326,-0.0015986557792741826,-0.13879654307500572,0.05657371393412002,0.038643991444016076,0.3004310168922207,0.1966903051021978,0.3135038200590357,0.23572599338172448,0.1032729658545467,0.1957202816521163,0.019012773545043306,0.020312424584768972,0.1157043343410276,0.2150877886918496,0.038033395176252316,0.03765591700802875,0.10390709121673589,0.21937380071345913,0.10912135966523204
0.031222826001651237,0.22001481718668087,0.22259683753519866,0.22744538516837284,0.11689567382098201,0.05335913784064618,0.09727074955501351,0.24187173715817661,0.10903271907647663,0.2021980919732914,0.22348846782147788,0.4997582789460962,0.5207079601568362,0.05839760915903048,0.30634533462669794,0.33778005895482327,1.0,0.42570373788647903,0.5769493680325432,0.24449299793752297,0.4843242326926156,0.7357026453162581,0.28316522732766386,0.3599540416074136,0.018469685982376336,0.3449213032543177,0.09845110171433594,0.25825540183770784,0.3942330670607757,0.39174036019576264,0.04720780790396454,-0.06919657572304418,-0.006052444050993725,0.4024498585774873,0.3177062241601763,0.06610442977375537,0.11378473711452533,-0.013748277345086627,0.023024715192953047,0.02973482886463307,-0.034870616451472145,-0.043646363528990866,0.06998923242578065,0.11800068435311364,-0.11483947524556662,-0.16941035759019804,0.037615876992236674,0.06894700658297467,0.1804896424802097,0.07043186448552656,0.16398576043246094,0.17463875259379247,0.24176971203802242,0.1787401624239913,0.2495785577729015,0.17233455449554072,0.2666270599762957,0.19629319194221298,0.06108479386216877,0.18870416666831621,0.3789481284465666,0.5014346301510914,0.15375342568961134,-0.050487542924147,0.34240258170642507,0.23460127013426507,0.21245240135740498,0.5293920752349635,0.3624246191323784,0.35569110077694893,0.41084417154032815,0.4976565614709197,0.14509541703160267,0.18289023038841748,0.4387802190557811,0.2217665100188668,0.41283444619195164,0.3578508949372644,0.11291041566603569,-0.02341711950123843,0.458414740909103,0.05546950997708392,-0.0789831391716816,0.2354378761195295,0.21526523991021873,0.25370351186159745,0.13629928205707756,0.36113546199768615,0.11543205104712057,0.1642604434482607,0.11798341856354909,-0.14998634433007166,0.04032583696929078,0.026532809709024358,0.23376937300070005,0.05119463567614402,-0.055841509407312674,0.11913080876097555,0.1531931925647645,0.1304194959017294
0.3439282496570386,0.5906453952139231,0.5257464314752205,0.27994751199972373,0.4271430768892698,0.27441775048736616,0.2155492561583932,0.7516944018031763,0.2889124941973412,-0.10656759242691077,-0.12753615909019653,0.11575456209248812,0.19397957614056235,0.08987785238691692,0.09862846846168094,0.6902909756426798,0.42570373788647903,1.0,0.320998748229373,0.39851482817400147,0.46684026633265213,0.43454085342480225,0.4560742617305344,0.3773249955265909,-0.08138936239008755,0.4095770270642725,0.10410329337087858,0.35558108799588134,0.38843960757987145,0.23962875413201737,-0.04830810958439675,-0.044644622962244425,-0.16955790161011336,0.545327406458661,0.37773309600720767,0.27407714354777446,0.04268654221428673,-0.2087292692803933,-0.2650377179021124,-0.24462484578510685,-0.08152905832383715,-0.1498066819416759,0.06129983142310916,-0.07288360660369363,-0.05265908855466506,-0.19679546945681825,0.004511079928048746,0.03178160973664962,0.2437374185270666,-0.10638394721063321,0.4278917843094783,0.5363868666986868,0.5062863170187318,0.3789212962526958,0.5201444675701383,0.3297514668073044,0.6752260544006522,0.5434595619512226,-0.1701794700344374,-0.05820221465230862,-0.013705118249123736,0.1641050513421797,0.15084649457383323,0.0046806004259161635,0.22968052010836637,-0.01211587542261944,0.19920483190969052,0.3011256906809273,0.4834264116352586,0.8257374947565589,0.390512919519446,0.43947085063836333,0.45344986171672175,0.013327619926604698,0.20044639914110546,0.19550524409117592,0.42802677139152845,0.36866556191733224,0.07259793626726187,-0.019811708716712343,0.3840336902775419,0.02286619282520009,-0.1682927901202013,0.25887540064479875,0.2110437527051545,0.33207293069512067,0.11569805587209503,0.3877287228408149,0.22483441512705235,-0.00047245478717559936,0.09676533280594195,-0.3069292322374266,-0.3115251937399171,0.0562362462289946,0.3266294981305859,-0.008286009373754117,-0.1084888464917751,0.09460867872760549,0.25088075216124567,-0.056316296707884815
0.025352477446552488,0.049312703314656973,0.30566200620793516,-0.09085265599067305,-0.03018690231872817,0.08777620379928852,-0.1294919537433837,0.22569700869967985,0.2038825312776189,-0.2060194868133063,0.14391209505300337,0.1134096429510746,0.11602462731375145,0.46990217352931407,0.3400492075389822,0.23010371254014517,0.5769493680325432,0.320998748229373,1.0,0.12405479538065105,0.5240226182022418,0.46170345265188734,0.2000753416863812,0.08300299404724752,-0.17898280875381728,0.09219318251380873,0.01096692421489984,-0.00175561825309367,0.2837981171634533,0.4190842061067297,-0.05284356005165672,-0.16508933091093966,-0.20166928923758068,0.23455750493456026,0.15676799861878402,0.023373973371429938,0.007075842816776162,-0.2503737653970532,-0.09391184237894266,-0.17958868148130425,-0.23782074172327886,-0.28731563352378947,-0.08179517263843611,-0.23119773661024468,-0.18728138157823054,-0.29580166301085475,-0.13740047637924643,-0.0441784813156678,0.06053552284816912,-0.12848975235348625,0.09340799485168019,0.2084445473417191,-0.04539493562603668,0.026116096829771146,0.3002028731866926,0.23517671941899965,0.11848348113259916,0.2537751286106911,-0.1339857714086561,0.065851014111273,0.27082756988829143,0.10969749528136827,0.34898426065094973,0.41369586825248467,0.5868779896328508,0.20581465160362483,-0.05769446591771482,0.5432867588111966,0.1663913294276506,0.20564364388640835,0.31405318652178293,0.20883852157643212,0.30175758027626726,0.01170856893960861,0.22238668335701148,0.13719956521572743,0.44023952377789327,0.39568213487033477,-0.132912937187834,-0.18599115520000703,0.14347024728172508,-0.14753399108222054,-0.2826003869110386,0.034958542452304175,0.12296081956091637,-0.013960186627639785,0.05170401704607245,0.20019243537483303,-0.05249277092312449,-0.08064778154052687,-0.053398420179031424,-0.14191077503840124,-0.0953104098314734,-0.17376461216695102,0.027086905850368763,-0.11621533595724798,-0.1897991240740865,0.004911336176960298,0.027790901542465277,-0.0588316544956016
0.4401803176277433,0.21283381834505838,0.2291484198663314,0.06843060251327111,0.21149493484518866,0.4571510191524695,0.3115909954198569,0.24917987499568356,0.44321927051229065,-0.07592866403598818,-0.07663894590744318,-0.07932374611127331,0.30387946595343257,-0.14106777921136152,0.07809473581772348,0.3766579082025057,0.24449299793752297,0.39851482817400147,0.12405479538065105,1.0,0.40254717484594205,0.24773356992708284,0.4736539747417195,0.34852408891567704,-0.22679870286831852,0.10649390399431938,0.1899440902341555,0.16158424606575442,0.5047993027757903,0.13905866915294035,0.12920461216327786,0.20173505488951465,0.283865276613645,0.4353427573152011,0.1565300785750387,0.6574310388668619,0.2104441586868111,0.20769646114098617,0.09890786032918013,0.08912129688054271,0.5505777761035194,0.14505152466792906,0.1223720683474128,0.17989226147311715,0.12196867671849543,0.14022175552269822,0.3368649721079018,0.5019635911586601,0.7439073297260559,0.507220239272451,0.4880065547215656,0.21559948390985376,0.16513785948158682,0.1312278487767973,0.3509114767272853,0.47226800272485553,0.10473745983250629,0.4241765003186323,-0.15936951614979172,-0.11468805218666307,-0.18646118276200024,0.22057517053891237,-0.013396683084862925,-0.12725833673091175,0.01487212328401596,0.023826789599088367,0.5279281994292871,0.12098457418819314,0.20934298961855163,0.47170704966392224,0.7277279162703383,0.29439426901355836,0.20843732047502897,-0.01828918000056506,-0.07629438485131015,-0.20637955228238042,0.19248687015184476,0.1529058923846576,0.23602491296472441,0.25513343316098935,0.03701551292560963,0.3793020772715311,0.03112237049873018,0.04929068997234334,-0.05920755488463568,0.40548706792361616,0.11291826375220139,0.28423749897002537,0.6597252933321964,0.38513384126147,0.29721801041597995,-0.1860702749027622,-0.08916135710729534,0.26949229160976806,0.16079943744918365,0.18300167321197053,0.05988013613296066,0.5615603878838107,0.7218196586866871,0.4746318462779667
