0,1,2,3,4,5,6,7,8,9,10,11,12,13,14,15,16,17,18,19,20,21,22,23,24,25,26,27,28,29,30,31,32,33,34,35,36,37,38,39,40,41,42,43,44,45,46,47,48,49,50,51,52,53,54,55,56,57,58,59,60,61,62,63,64,65,66,67,68,69,70,71,72,73,74,75,76,77,78,79,80,81,82,83,84,85,86,87,88,89,90,91,92,93,94,95,96,97,98,99
1.0,0.5617173496071248,0.3830776426860546,0.48125425023086893,0.3921154987144835,0.3719726007615783,0.3832785536918967,0.4439803609491789,0.40311380666710617,0.2968758338591551,0.23534222181762773,0.06581405058562419,0.15380051420660557,0.27308357583919585,0.08535346420546013,0.5875848721801776,0.08896276553999542,0.30337561882159414,0.38880674558702116,0.37413396369161417,0.31422010428536895,-0.12909159972249168,0.22153193917261654,0.10576551802077545,-0.12614312324915006,-0.07470122335967151,0.3362835608821668,0.044972672963971005,0.162327523523679,0.13807305789149554,0.4285808462748274,-0.026961315213671993,0.38905317549262436,0.4075950638677252,-0.01622827894149806,0.5718868996606488,0.3337979400343432,0.4673142907370609,0.38577581470982486,0.2764991714379992,0.51953074723198,-0.15348278717155553,-0.037804245894765526,0.4237715390724818,0.38122078549924815,0.2982415178832677,0.38076402688440397,0.24558476309171087,0.49344370881716787,0.4229004015080882,0.6614084489356425,0.4347149104219445,0.5687539436632982,0.5648769890974387,0.31604399951027945,0.2584311989678197,0.27156418635751484,0.3038574913121686,0.2901217709049471,0.014200327108231386,-0.06229653836615403,0.1747643219724438,0.10489281083914877,0.29378156404640987,0.31214036145145646,0.2028902931731068,0.47662369054682324,0.161142525280717,0.34260192309503407,0.2803816211876651,0.34983093253745934,-0.04152265428552593,0.10625523859751561,0.2868914986391419,0.040475751356751424,-0.16388144519425477,0.17632537550165361,0.07884501285516514,0.4524390282185786,-0.01141582613663832,0.07412831306957485,0.4699859636924209,0.2666497148005487,-0.04440604114280691,0.017516150386657086,0.2136468800718257,0.328017039764683,0.19876847831887715,0.548777425137106,0.21269098317684249,0.346835316872516,0.19535613045402747,0.30790082530474117,-0.15296547783857428,-0.035264590376990666,0.3710685012352888,0.23509343738855068,0.311603552357722,0.515171920175546,0.4824391223956126
0.5617173496071248,1.0,0.7364204565074761,0.7160769285404557,0.7550157118685037,0.6286034487629847,0.7149575104614989,0.7725028174629335,0.6809957023880157,0.43042985537546813,0.3510057914974856,0.48638357050249725,0.32772823019378494,0.38522330944375904,0.39850949089055726,0.8203058321898644,0.3766186677716772,0.7123739204957479,0.4452878521043858,0.7491955711680149,0.7042951005967685,0.04910704475606579,0.6203694801936287,0.42254566801339827,0.03213086217931483,0.12875884086906567,0.47530225934720893,0.2189286420613469,0.501497611630279,0.40243369343009344,0.3347522673120933,-0.154459753444525,0.3677581784905933,0.5541376679882843,0.25832692079043235,0.7707793777409441,0.2546405733497829,0.15226228931812688,0.18656627394843495,0.1512829075287229,0.4700234500814631,-0.12132915291619226,0.0387154090561486,0.0952098421278987,0.5787759496969069,0.0699029309081745,0.2918687548854336,0.26744169163996123,0.3557019485228332,0.27192362870390424,0.6829828378051729,0.8565165798668337,0.8288850380946102,0.7337850691730314,0.6803207669777648,0.5896643844432097,0.6930268184800454,0.6976775943418438,0.5075796816188405,0.05961406251471516,0.16758175351358817,0.3609868497468207,0.40362079303341086,0.3723543099762172,0.5382217492442293,0.4729021280870447,0.5294931078107292,0.5340046068303592,0.7268960191367733,0.6914433460172068,0.7867921366855221,0.43757475302072835,0.6003283639251732,0.5191179378996638,0.38331731014495457,0.13055767344964944,0.5041651771647674,0.5086972490888372,0.5084382622453688,-0.16271123123915002,0.4797739123337383,0.3886444427091746,0.43430994917579396,0.33792132450580603,0.48305774113944633,0.5548392868914986,0.2699333540522808,0.20741549965625383,0.7909473895695796,0.33521216516140373,0.19971739030629096,0.1665049960916531,0.15062046969226084,-0.0332397841462381,0.11092955871781107,0.11974766833360016,0.26319979940285915,0.49621722246812894,0.6097429280895561,0.2406694103575902
0.3830776426860546,0.7364204565074761,1.0,0.5240184885286845,0.5940781481028037,0.8914280063663675,0.7497480764340808,0.8026991137941102,0.8895381872176651,0.4373251838806589,0.3575385409853002,0.554577160813564,0.4435471465928319,0.37578834025534535,0.44399701615650305,0.5483993625782336,0.4860649382041695,0.6536514005694571,0.36035900285356415,0.7358381285139806,0.6448599744466315,0.14964259815601366,0.630356173758314,0.5800159473110887,0.03388569493457112,0.28771240845207485,0.3417474006147671,0.2529579436758552,0.6067389187923357,0.3397855116368635,0.25157668051069065,-0.12989681336309328,0.18060643731419657,0.4751058706823754,0.29676921634084336,0.7098923556501512,0.1538585900442318,0.02677296114569501,0.05081949715742319,0.19792881076727975,0.27359684067443313,0.007254776545193511,0.0858204255155574,-0.0321661659587693,0.47550455345959336,-0.15889476928777066,0.06711997212359794,0.046036106704194536,0.3331277134757918,0.11635729511001447,0.5091979569862093,0.822716442368364,0.6477747536485753,0.48292727335511965,0.9193891677575506,0.8592524227041993,0.6737079695745396,0.8926381812531197,0.5235301319420246,0.09729272419627749,0.30238048149578245,0.4551324913906495,0.49870820501712454,0.3235226947210803,0.5092450455032036,0.4537575066944175,0.4069860523812663,0.6280239680741538,0.6713692398971587,0.6132143772286592,0.7086094716235221,0.5045911304069389,0.7253122753485335,0.47056496802689696,0.49107868104975505,0.33097197408092593,0.5905169183222339,0.5904240791840502,0.4606104555343134,-0.10853118358557082,0.5213781867153876,0.14046117726833424,0.2871347893102788,0.299669752534147,0.4509794611580752,0.3535123324826008,0.2157030786472411,0.09264822680341173,0.698677440519355,0.31264263896606176,0.10977279389231147,0.08264191694213449,0.02907558962671363,0.032298013806353186,0.2345384854449394,-0.044949128705473886,0.08565090678785822,0.3348699886045789,0.6373430775171167,0.0848268241306675
0.48125425023086893,0.7160769285404557,0.5240184885286845,1.0,0.7526545180861758,0.36465754273974105,0.6104879510248309,0.5900891974583632,0.545937416981973,0.3503010330832548,0.3444355063392966,0.31611868037521007,0.3888665436348175,0.26241106643370327,0.22879151150334132,0.7566298721938165,0.3290790149549518,0.5565598057755302,0.3766918027885336,0.6657165246620831,0.6182913061614647,0.11155352534207737,0.5509462837320819,0.2629792680950653,-0.034959327261525903,0.045364310264794094,0.29919360851361054,0.2482852906010297,0.45863152814129704,0.32678331290869017,0.3122001294150157,-0.1611322595316149,0.38486794216432074,0.6059344896446891,0.29385219687724407,0.7312778925997397,0.2658320485357436,0.2625075979314208,0.2583065157583945,0.10905552132915292,0.516189234697541,-0.14600753652602827,0.05190335859111046,0.14747030577334047,0.554774365472217,0.0888451139739208,0.34168540070972897,0.24592232743025988,0.29948779445542645,0.3746410970687282,0.5188568002320294,0.6395627672520133,0.7174519137762378,0.8331751289343603,0.47640177665048,0.38811705111188827,0.4741203371068619,0.50142854844492,0.38400700677410776,0.03085868691264647,0.05866996077133042,0.4613616984207253,0.40683788319770386,0.2959673738978068,0.43847117651886464,0.3387894557782014,0.44148798202477035,0.31986796364293785,0.48597723033870993,0.4850011183531563,0.6502576136305668,0.340528592354967,0.4022600927409016,0.46615688094962326,0.23838825234296912,0.016229854928013373,0.3708262864004332,0.3445530925199734,0.4023385736333549,-0.24888174538367494,0.31241909110496047,0.46796134029720726,0.3820897185714731,0.3150160238362409,0.3630056623986125,0.48152422450090837,0.2763877285707155,0.2110131451570977,0.6205123154178938,0.3443380548746513,0.19528408132193267,0.13157557062476904,0.19050294872334636,-0.10061407374300872,0.03421923872749775,0.147659444724153,0.22281597400711822,0.41700586762395636,0.4400384399411575,0.31202354740699567
0.3921154987144835,0.7550157118685037,0.5940781481028037,0.7526545180861758,1.0,0.47131367544710545,0.5270963022957221,0.5545818696652635,0.555321159382073,0.33071521178845326,0.25994284236604626,0.31740328803418,0.2923992855102355,0.21992534900439178,0.2989815926991025,0.707002182946078,0.2519078697468835,0.5844171540328176,0.31455129352156186,0.6697148633334276,0.5675217941352821,-0.010086360340167447,0.4995614880134555,0.3446047546845226,0.024464848604474274,0.01949778527008404,0.36277243170301227,0.14607799741954927,0.49603063266198055,0.30222375696036996,0.2939955862363404,-0.10567134098678696,0.32538479166470463,0.5073473782683355,0.23514131073294722,0.7053608706980715,0.30824771071326545,0.10119636225510047,0.18437508829096935,0.1193537412430131,0.48575572360924063,-0.15482873500528627,0.04101489920503096,0.034564541091009544,0.5423937918499194,0.09122305015204413,0.2519329836226138,0.27241581060365283,0.3041290350935021,0.29029756803505896,0.459729900266521,0.6253198095112525,0.6983635170727266,0.6940721835573177,0.6143371977309613,0.48746817601059805,0.5590662661003488,0.5820344750729087,0.36802815265469363,0.08760347701609486,0.05298399932192536,0.4083265054983692,0.3049687803132328,0.20650135968205888,0.40048312818436094,0.35570351814006634,0.5082546170290912,0.44475296167397804,0.5474997567093288,0.53754388553409,0.6480567542422364,0.40138251885895104,0.49834876267073513,0.48321608292601764,0.2424055972595208,0.0005697712792111225,0.40088118346049667,0.40751658300606813,0.4821283381834506,-0.13534024592762808,0.3908770707175348,0.4656820715502807,0.503881663417559,0.3528844855893442,0.41701920937567344,0.5551830330655566,0.31322967581125666,0.08084313559295431,0.686235084712242,0.3983437398955891,0.25122753925910474,0.2527193618564177,0.1092296632543188,0.0638834213888601,0.05784196465849838,0.013402961553795492,0.29721498780997824,0.43913809178493735,0.47511842762024054,0.252056983384032
0.3719726007615783,0.6286034487629847,0.8914280063663675,0.36465754273974105,0.47131367544710545,1.0,0.6046008620337845,0.7394262735089421,0.9039190203077078,0.39579468150896724,0.29499240893570017,0.5005791887590292,0.3726553842579948,0.28312284766236906,0.35228738447124835,0.361537142455797,0.3291142022106489,0.48266514727718496,0.20545504773206005,0.5679141984435675,0.5196625950795639,0.058797861553481566,0.5397248695353679,0.5246241551535242,-0.017753947490790654,0.259721424333462,0.31214597759922286,0.24273502663640445,0.5060416553033263,0.3479569453656124,0.18877001654376563,-0.06887166495578388,0.22497323802617494,0.3339031043889637,0.21792809659115997,0.6045113938514953,0.2073276010911979,0.00554388806745587,0.06261517066448176,0.24375615829754846,0.20941990086297554,0.07067913466936201,0.08427042788960427,0.07299191019278038,0.4280691510568233,-0.1376939410004301,0.06877277907009596,0.0664215185189451,0.4332143563470612,0.09742928089556081,0.40032459684381366,0.7107838982385756,0.47403382211213974,0.3499461621289032,0.9084442267908548,0.912239561260591,0.5638787125371607,0.8846613864742944,0.5008083528750679,0.1072864771196896,0.3115862865681575,0.39111565253697234,0.4403058870063946,0.25021130988592655,0.4231358440930595,0.38373688192397404,0.3492571001635541,0.5036662363297593,0.5124219507830821,0.43139533925527307,0.5390507186691939,0.3538105597568977,0.5900379533446973,0.377703273279778,0.44378529189031046,0.33305328734878803,0.509302536384762,0.47625796973150125,0.38107795033103226,-0.09622695409497439,0.40611805405133905,0.015627115305305608,0.15516137234773927,0.15850779628879702,0.33260751587965315,0.24753177690088496,0.2329657289773316,0.11137689962925641,0.5714756599455657,0.18889558592241695,0.11149623429058643,0.08815598228216068,0.018758495553274378,0.06656118838859956,0.13406414711708403,0.014933338356108479,0.017621314782544535,0.24106495390034186,0.6695123827103523,0.052111292140298665
0.3832785536918967,0.7149575104614989,0.7497480764340808,0.6104879510248309,0.5270963022957221,0.6046008620337845,1.0,0.7964912776370354,0.693376843123036,0.4822790214378322,0.2601296268900852,0.5797789351088843,0.49614972892710385,0.3558855937391108,0.4478308077528479,0.6899788925640278,0.5851328994911301,0.7181720865549727,0.3918941826846105,0.7804984476485565,0.7555007235935445,0.28496871752854347,0.640254183914527,0.618437037943927,0.1546795605541027,0.4306150702089788,0.2460556484464308,0.25149035156286786,0.6720836794668211,0.2361224145441574,0.2042652778693388,-0.16676398293512143,0.12464801333546802,0.4701427409911819,0.357286617320525,0.7060295276393899,-0.015639666111022167,-0.062445652003302474,-0.021346794370724755,0.09267416185350606,0.20249474963035513,-0.07641609015890816,-0.0013239726556875532,-0.12024366737927289,0.5082907182254536,-0.3280901557100399,-0.08042561740893865,-0.02126047376560511,0.11084636900445458,0.00466961126859604,0.5486188937965588,0.7621009640589046,0.7601436513691772,0.6066774656332307,0.6578469874336444,0.6222198154757981,0.6606063745295072,0.6661800853243928,0.5168404232943754,-0.025780963054349567,0.2727759308615001,0.5206545931709093,0.4534059124341938,0.29551363802252867,0.5277304276579113,0.49923088755576067,0.3613478617104433,0.697583179968744,0.7701939105129822,0.7013892295178163,0.8032605671579273,0.6728823509099071,0.779806246448741,0.5141893397875994,0.6033252367182705,0.3890297838911204,0.6874753520947667,0.6324725552426785,0.35410721741396145,-0.1320299231829326,0.7234428612238619,0.17297659582067035,0.37093508377047174,0.5345927942012061,0.6396797037817687,0.46385956320691635,0.17189663128749424,0.2019108520196265,0.711077416661173,0.3675729636570826,0.011276919436617933,0.036540689187534725,0.020679707046639607,-0.01523156563040537,0.27594184882074657,-0.11784058339533321,-0.03232235555690094,0.42117696178609887,0.358516272221856,0.03231527959591774
0.4439803609491789,0.7725028174629335,0.8026991137941102,0.5900891974583632,0.5545818696652635,0.7394262735089421,0.7964912776370354,1.0,0.7829862909630857,0.3495977071031458,0.2619393962700588,0.3499132001670073,0.36048457223221547,0.19176641584183282,0.24713162148196585,0.678906808256713,0.4208551902533048,0.8258180060210517,0.2522610336243404,0.7816081670323874,0.5785734690738317,0.24978731686490932,0.6390699072474064,0.34883173389337274,0.07736097011801374,0.2555164197658759,0.29523726932015454,0.26216374874823023,0.48911568122791826,0.32041563496962844,0.28200057134067286,-0.08886858850600693,0.2602064360585028,0.6061359476877969,0.31105273876734807,0.6992644773645499,0.03173452121965537,0.04101095906752179,0.045335254544826696,0.09637296631483117,0.30370523844055386,-0.06406711688558277,0.14975880859727936,-0.042852120081996806,0.5392969370489312,-0.09079140524355085,0.069582701562397,0.14820881097132624,0.2625514442048162,0.10030481966667608,0.6081638931530157,0.8397860297787781,0.7014964730700771,0.5801729090344029,0.7562776841239496,0.7073762592254252,0.8573390592969998,0.755507002062477,0.33222204433226915,-0.01683728405990915,0.1948617010255879,0.35807991863104266,0.3581866526028963,0.1744685860485,0.3767928952845559,0.32449638831074656,0.3567426047484061,0.5177237393022286,0.7120552881974201,0.7693222900254124,0.6712823895548727,0.4909323212441414,0.6979711127644412,0.38969514894097923,0.3087698507686195,0.259144691689796,0.45015227255161716,0.4247776637189255,0.3914970695246257,-0.10299200436981437,0.4250005493660316,0.13928160945476079,0.3437069336271657,0.31281686647894047,0.3437973215256479,0.3613478617104433,0.09943368210228254,0.04795337608970676,0.7327083117510964,0.21843735186737362,0.04264651695913553,-0.03446722482255477,-0.009792841917569982,-0.05280349334011408,0.19350398211892048,-0.06251000630986128,0.041239354557447455,0.3166844033414012,0.5295009558968949,0.07483150159002226
0.40311380666710617,0.6809957023880157,0.8895381872176651,0.545937416981973,0.555321159382073,0.9039190203077078,0.693376843123036,0.7829862909630857,1.0,0.44714313967395913,0.36407129047311476,0.504646067010099,0.48669435471465927,0.3292005311584717,0.3334119450272997,0.4367932550382126,0.41440877227679257,0.5452583433004028,0.30682249826557295,0.6482252337944868,0.5738756046950391,0.08635249208128105,0.5902846148805719,0.4934076076208056,-0.02492867067887341,0.22201293992447002,0.31570665568983014,0.28239611488342453,0.5463737707440134,0.3544535961922147,0.22648477942169024,-0.16037721041346858,0.29692606161061563,0.44095727815814834,0.26860870251074215,0.6908262151191811,0.18162668851573854,0.07305940373380547,0.09445328662152447,0.24582491462261805,0.3065666506565709,-0.035149251095800714,0.09078198753645646,0.09488336174340525,0.5325036336638947,-0.11406255947381008,0.11735714128752563,0.12067849870762519,0.47052729721330155,0.17541571312419754,0.40287679446490177,0.7587969197831417,0.5503909916527756,0.5048077375851125,0.8886435053947744,0.890801729090344,0.6079959441090695,0.9437700322399379,0.5540717440644924,0.0555597412015106,0.30100549679955046,0.5025521976210882,0.5098493481379631,0.2807976801039952,0.49788572558695837,0.4075197222405344,0.39278258603856864,0.45374452105068536,0.540204175809687,0.493279092572567,0.6154659940331451,0.4087094921032557,0.5931018461837896,0.41406345648550147,0.43646930022498226,0.24334256399431944,0.5411100572871691,0.5024768559938974,0.3939456724083265,-0.22389020213530728,0.40091320330624175,0.12311376080045179,0.21931947675239916,0.2132089568637792,0.37880450841337704,0.33901220848283936,0.22769181507397607,0.20602481878769044,0.6062693651526139,0.24030211992503508,0.11657787207693908,0.0658595694853853,0.0402214415992516,-0.024945926686318273,0.08286009373754116,0.0734722130661217,0.04712856072714479,0.3056860953887785,0.6669601850892641,0.11533861352570562
0.2968758338591551,0.43042985537546813,0.4373251838806589,0.3503010330832548,0.33071521178845326,0.39579468150896724,0.4822790214378322,0.3495977071031458,0.44714313967395913,1.0,0.6141906795307785,0.6313000511695218,0.3726082957410006,0.3950867841368204,0.4945394957053674,0.312833470217114,0.25354811975551644,0.1528901362113835,0.3688004043333993,0.19499982734210436,0.45788089116588027,-0.12752041287211702,0.22032725747345802,0.5781622293587486,0.4982814646575418,0.26041833438497686,0.11233048617736525,0.2177749733949879,0.5002215123189879,0.2173568409859443,0.2968491503661917,0.05250055721411777,0.15478152497731903,0.0736841113925958,-0.066135848070415,0.35054732552919643,0.279451512954051,0.28772653500717316,0.30034154870993157,0.32774091573862263,0.17251976932905141,-0.09244974277880251,-0.22762362604484343,0.04675732775805292,0.14711394479342269,-0.16846708374030242,-0.051164812948714326,0.027844235833514346,0.28262684861669635,0.06326342258176922,0.2873623838090843,0.3575792107336705,0.4467114949348452,0.3398817764299998,0.3685586832794955,0.43954776188278727,0.27020332821638116,0.47178142138258167,0.806933941089126,0.5144498962483008,0.49759848563329345,0.41848506823126114,0.315861923911235,0.3999419241169184,0.46937362854694253,0.47819644701443104,0.5349412492269635,0.28568076314858565,0.33463768525407395,0.14080806281297792,0.31634705977224925,0.1444503043487815,0.3775494507909301,0.6299093703009584,0.6087404204224933,0.3278939534789066,0.5635807064144044,0.43704422239592655,0.4110027028808755,0.028265667134412604,0.4293876295326622,0.21964290409126505,0.22576746434614456,0.10045864215552396,0.3093920830830358,0.31407256026545366,0.40226307412674345,0.25696988532376497,0.32665147277184986,0.4805179109022474,0.10286726016534362,0.500998276560278,0.41867185268200496,-0.018351964689890723,0.06981029606120251,0.0640906108636348,0.09840954547399489,0.2497904560993756,0.3178129581320299,0.17878097247205296
0.23534222181762773,0.3510057914974856,0.3575385409853002,0.3444355063392966,0.25994284236604626,0.29499240893570017,0.2601296268900852,0.2619393962700588,0.36407129047311476,0.6141906795307785,1.0,0.5699761143404257,0.3802721011022541,0.3549879119805672,0.4344860872943309,0.21879539630904218,0.17967023113801422,0.10971393322297147,0.28838353298220587,0.23139384811830108,0.361442965384853,-0.15961757830726575,0.18123364163256017,0.32696317009441017,0.37720443103292667,0.0821357476148739,-0.12402261820208053,0.08876973745395327,0.4419739521815735,0.14331328537363333,0.3558880878170068,-0.18609703142101683,0.002713084452111364,0.0784863861157944,-0.17281891704174007,0.25463360999157897,0.3483374411540726,0.2959592935307251,0.21428815279917485,0.3282637272944879,0.2197810304619829,-0.12247031359812964,-0.13218071017387448,0.15601922938828092,0.12112819422138273,-0.04499154368051986,0.10475237120207243,0.02279870820400331,0.3185939677231879,0.21945062590475442,0.14671845882363765,0.29203289448128533,0.30781540195364854,0.274851857505404,0.2666615915689752,0.3106556254515343,0.18692657445424846,0.38104670751076847,0.6025229252497432,0.47017667226108245,0.4115035722540539,0.3655443768244636,0.2867519152281013,0.34227113678487353,0.31810974061675085,0.5051249984794716,0.4194591803220472,0.01683887350008311,0.14151753008075596,0.0988392671451387,0.3087415976361546,0.020547867262128938,0.1828086820272226,0.3693499152995252,0.3679257758529299,0.20175090939769816,0.3689372505778158,0.2644586329178104,0.4829823994826911,-0.19741319130386142,0.1477026092150023,0.2460172893473919,0.15571315390771295,-0.07247161051817175,0.03644418632940798,0.28304369305968174,0.37166824086259637,0.18472518542093275,0.2687844997098376,0.3748004132804085,0.11731485369193884,0.3646787325807035,0.32426499701186495,-0.1338020735436698,-0.032411038965373194,0.17662988136437252,0.15125706818815016,0.10086756702563295,0.35737059187545006,0.3108879288931961
0.06581405058562419,0.48638357050249725,0.554577160813564,0.31611868037521007,0.31740328803418,0.5005791887590292,0.5797789351088843,0.3499132001670073,0.504646067010099,0.6313000511695218,0.5699761143404257,1.0,0.49352062006159175,0.5684086278720071,0.692983141127141,0.3304516457639604,0.5177131304760021,0.23630116559775732,0.5169550053523948,0.3692037959623166,0.6254500877416034,0.060511883572072114,0.4066660100432311,0.7505344546678847,0.23878910261417766,0.4841170432178409,0.09578592923928031,0.15304238908299822,0.6082504607809867,0.2777377089064931,0.1425903079275088,-0.1651362898643537,0.0130403799729398,0.03607608248652484,0.17409573334705472,0.35335223152482037,0.12971473776404885,-0.0864749222254661,0.013424936195059472,0.16698222525508555,0.07689868748606965,0.021563418472061543,-0.05733814002639753,-0.0677839202132168,0.22344757007556137,-0.32880511664028966,-0.08026080759945879,-0.06650392345602109,0.1727348068899918,-0.0014157947442936566,0.1867012610304851,0.4610562268285256,0.4451214726776728,0.3153816210378937,0.4854888886796066,0.502362273935878,0.2657628810638238,0.5364747652637428,0.704888415910896,0.33940775202559104,0.6254045688418423,0.5064526964454448,0.5591400381103064,0.5369303756491045,0.5721725699970805,0.6437314196560027,0.27921136151738035,0.5242415799781083,0.4297360845584196,0.25584927901568094,0.5592116751315279,0.4208002536501449,0.5573475352300588,0.464154651246747,0.7537802298708562,0.4916545380987833,0.6456976186150896,0.6215605762378786,0.3176764014327466,-0.11035507881048127,0.6376726971360764,0.030864965384042736,0.11088090058358369,0.2853046156164358,0.5551479345202949,0.398543081284198,0.24075730892264613,0.18017479257508265,0.32596398042373387,0.3076135853510763,-0.03786310656410552,0.25264245061199375,0.18208030789611646,0.0801666305654703,0.17511434661543435,-0.0526418227651005,-0.0016426050790480432,0.24833385130702026,0.29158622378346816,0.009843069669030511
0.15380051420660557,0.32772823019378494,0.4435471465928319,0.3888665436348175,0.2923992855102355,0.3726553842579948,0.49614972892710385,0.36048457223221547,0.48669435471465927,0.3726082957410006,0.3802721011022541,0.49352062006159175,1.0,0.38223004938015814,0.41495830113984916,0.30723935220304116,0.6891310285073882,0.3485193800639776,0.31782551506989504,0.45013639973756,0.40506013203620167,0.4389434592480278,0.4917502847875763,0.4196669900078167,-0.07403573470476646,0.22695409497439956,0.03662389327226755,0.27680984715067386,0.5444800268091148,0.3154501469556259,0.23387139812085425,-0.22550219903374363,0.23663078521671704,0.4684977821308496,0.4302063537346052,0.34529695588433806,0.10724566707162791,0.061938665636997764,0.24556190727329233,0.4008435126321191,0.30090347167939624,0.11805492879821873,0.2599051715376687,0.12307996571955963,0.40139664541404935,-0.06322656138717034,0.2683762937570044,0.17216431858377845,0.27067264376909045,0.2679446490178905,0.19884068071160166,0.4646067010098917,0.37789790581668753,0.48106570731661374,0.4647008780438802,0.4466816722074155,0.25880005901760794,0.4239049565372988,0.4603938483561399,0.20913423052654379,0.2779258450034375,0.8092114556944143,0.610406876179175,0.24001114429117534,0.3232893526584607,0.38374316039290657,0.3018797735984103,0.3717782599995651,0.29682089725599514,0.3416477298813514,0.44737640338554313,0.44961685643339017,0.37869841060558973,0.41653246439323305,0.3657760389894353,0.06335762447756739,0.3610270166548504,0.34346835180772817,0.3109333257991706,-0.2554756097178142,0.25664026570480525,0.17631517298563468,0.20174761182737977,0.2655525523545828,0.25206728480835533,0.4497439954292746,0.16164389152061379,0.20979503938169639,0.307166244439631,0.1957767878725094,0.24327036157326237,-0.009329804833793231,0.19851576994434136,0.18477534068542045,0.13192318921107898,0.08732879400029508,0.04348861693515969,0.2924620701995611,0.32628575195652787,0.2307588471475346
0.27308357583919585,0.38522330944375904,0.37578834025534535,0.26241106643370327,0.21992534900439178,0.28312284766236906,0.3558855937391108,0.19176641584183282,0.3292005311584717,0.3950867841368204,0.3549879119805672,0.5684086278720071,0.38223004938015814,1.0,0.7709413508367244,0.3123892683658282,0.5211882630301775,0.12740112196239825,0.7742089913953584,0.2943314843242327,0.6111367481925858,0.133098832518702,0.5631914411878359,0.49881179975451184,-0.07247710418064347,0.22915469833526397,0.2952058769631732,0.2504449864855956,0.4542395574305862,0.43495226397856734,0.12287748509648437,-0.16627583197561444,0.169309902087277,0.18046203252874754,0.26647402223601174,0.2784265529008096,0.29021751755616876,0.21682064611723786,0.1703646848679481,0.3176969311224464,0.24753177690088496,0.007281460059098377,-0.05993271833090438,0.22368929112946517,0.15412542497386586,0.09207378302623814,0.2906601496159147,0.14882724040385842,0.24175715510015727,0.22862102847599583,0.14351010362612973,0.31237423441919454,0.3172102251145036,0.28876091276381344,0.29530935586047985,0.23731199909590048,0.02750283315910582,0.29157366684560304,0.45344201363055603,0.15299530056600397,0.3372259840715243,0.36116892534586514,0.6226420425115131,0.8016049348807007,0.7238148605081165,0.7529375386518243,0.17999271697603822,0.425580856933332,0.3433788836254391,0.13323858073585496,0.5069897044841625,0.30856948224605946,0.4311973982024743,0.28687266323234417,0.4090158884630378,0.033835467163400995,0.506707958080255,0.4958546408872732,0.1933046407303115,-0.08320854876329858,0.29333163814672153,0.20404639633401625,0.17654583753205944,0.19790361922341618,0.2981285053981349,0.42993542594702855,0.3222408483467222,0.26464531359382704,0.2609896750578404,0.0376205858439361,0.15335872713411328,0.1639465200016324,0.21650201381891013,-0.047256466038191926,0.0674511613597908,0.18346941914744672,0.07716633750472951,0.3268351179881274,0.2781612875884087,0.20082781612875883
0.08535346420546013,0.39850949089055726,0.44399701615650305,0.22879151150334132,0.2989815926991025,0.35228738447124835,0.4478308077528479,0.24713162148196585,0.3334119450272997,0.4945394957053674,0.4344860872943309,0.692983141127141,0.41495830113984916,0.7709413508367244,1.0,0.27393530817496536,0.5470753899225461,0.16943396833532737,0.6093672438805974,0.3561423659085556,0.6694655568945783,0.11188785394392851,0.5902754288001444,0.6434099006000752,0.12406028904524033,0.34797721385771185,0.22768885453168472,0.33738072375866424,0.6777416329525701,0.41606913230283193,0.17666362814812744,-0.13773396625558126,0.010763654399973203,0.07989747256210514,0.20834487656912795,0.26311974889255674,0.3357883464507863,0.0906014814838138,0.10630236882802555,0.31938047159186783,0.1331899225825339,-0.01874125182615514,-0.02722110822911721,0.06885913503854531,0.2363734607444644,0.011225126452387586,0.15006723850462092,0.10996119118345309,0.11091939973105451,0.12546818757405148,0.06355775075332336,0.3437784861114591,0.3386960635161819,0.21337542001994272,0.3868448758452199,0.3494063509092869,0.1259814526106962,0.34333271464232423,0.5238395520938909,0.3174685517254072,0.3951395213686116,0.4178503220267541,0.6007696621123358,0.655151941089107,0.6984901453505906,0.8700799838016108,0.20578945695540454,0.49311466969920864,0.3930205372723719,0.15105458740616626,0.536113389237911,0.4298798732219994,0.5889190473518842,0.34990862862098815,0.5427146326562021,0.3137730096256852,0.640558156326151,0.5914202333943716,0.35521707618653087,0.017900706759678364,0.460835876441288,0.11717594245778708,0.29895333957781933,0.2873130536091425,0.4442922786543661,0.4534476852257322,0.41076192782037,0.21389653314583276,0.27752805593806223,0.2148744050658012,0.03497423863694332,0.24248790707550275,0.1666408333729136,0.08536759076610172,0.2238643912963293,0.021189056153472583,0.11918976294837133,0.31245676193333805,0.19242573058845278,0.14906189827229385
0.5875848721801776,0.8203058321898644,0.5483993625782336,0.7566298721938165,0.707002182946078,0.361537142455797,0.6899788925640278,0.678906808256713,0.4367932550382126,0.312833470217114,0.21879539630904218,0.3304516457639604,0.30723935220304116,0.3123892683658282,0.27393530817496536,1.0,0.4103224348226314,0.7445882519598233,0.43587581340543324,0.7037852511644163,0.6321102217046458,0.19767845672035364,0.5092886096712042,0.331977314313253,0.020921444519873333,0.09550339802644835,0.37262114511515115,0.10924618710394968,0.3605774626332704,0.2752334906484269,0.30073877988113246,-0.09613909325532026,0.3759438798834534,0.6542292764336902,0.37088200785594044,0.7040740608486445,0.11043831186031565,0.13614158894770334,0.18890664737084578,0.07008660369880591,0.5003729804414229,-0.21209556311851982,0.02753738634981302,0.0059771047692450535,0.44633888598731025,0.0692829590447302,0.25316444768485274,0.22162541840142208,0.19519767570990412,0.2433252981979797,0.7108869871225174,0.7261216979655565,0.8576164332710986,0.789519347698275,0.47643081458068776,0.3173170836029723,0.5863456588883397,0.44238266419873823,0.2941165621759211,0.002296350913184221,0.08439521250860506,0.3924727406430477,0.3168430590125542,0.2939794513318248,0.4112304587483163,0.329604836934389,0.3891993026188196,0.5449803777995066,0.6899082597608198,0.68804617817524,0.7131694913258959,0.4074147177572358,0.4964575687169266,0.43911158060128375,0.2684982551722098,0.019050459309603317,0.3237895298600293,0.3477841508622767,0.43582872486996127,-0.08521769226151588,0.45533907473385726,0.4208900521505735,0.44614425337402597,0.4099543594370253,0.4190363327434184,0.479873771332615,0.12159201629578187,0.035931691800829245,0.7153337144889227,0.25032814823158966,0.19418063954104356,0.08578824834965153,0.13356898529308345,-0.07691833788457701,0.07767096964320437,-0.02100384124728274,0.16656163303105098,0.4198908252305405,0.39342628348635555,0.19871283488288843
0.08896276553999542,0.3766186677716772,0.4860649382041695,0.3290790149549518,0.2519078697468835,0.3291142022106489,0.5851328994911301,0.4208551902533048,0.41440877227679257,0.25354811975551644,0.17967023113801422,0.5177131304760021,0.6891310285073882,0.5211882630301775,0.5470753899225461,0.4103224348226314,1.0,0.46050215194522665,0.5263475948755136,0.5402653908817796,0.5571685988654806,0.5884416526185924,0.6235832727395922,0.5458924686625919,-0.03616164081571748,0.4160348957303272,0.1316854438742037,0.33158321011838054,0.5189274330352375,0.3465662634056294,0.2527460453493811,-0.21378657600557527,0.16099720922055946,0.4943729222191876,0.5792604039176538,0.34879720231424366,0.01104696608685006,-0.09482057705407959,0.018626647705690492,0.20698158171177053,0.24712838527196757,0.07232487962990623,0.2604686643454835,-0.055832854600077225,0.3757647959968482,-0.13379814949904714,0.1360355863619098,0.2070357335275633,0.0818633867944963,0.1810726136324396,0.18760849979124092,0.48386119560883883,0.40459238610072545,0.4189590926356699,0.44007358365588967,0.3143802052431494,0.29964777789288305,0.35988026959745595,0.3577455901603835,0.07315985923672653,0.3255119306605891,0.6060025302229798,0.5963933335216874,0.3688948708793746,0.4262389773629803,0.4592919770584745,0.10266709360255408,0.5729523346114408,0.508927982822109,0.4589036768690872,0.5806989586763232,0.6684277772022514,0.5853510762865368,0.3037711623643458,0.42626364096560354,0.24954569373383007,0.4521370543217617,0.5345723891771752,0.2520083252498046,-0.12162179130997115,0.42264769313355244,0.11238385318423351,0.22688346219890818,0.4161510474055797,0.45883225925695464,0.4478761509218362,0.03757349732694185,0.1957642309346443,0.35513531670166915,0.07143955874920342,0.0007361507712121666,-0.11586757453327431,-0.01556118524936509,0.16141472740457513,0.34845502575741877,0.03879308991709282,-0.030937167805099794,0.34548217071784876,0.19603577471597777,0.10420374887379963
0.30337561882159414,0.7123739204957479,0.6536514005694571,0.5565598057755302,0.5844171540328176,0.48266514727718496,0.7181720865549727,0.8258180060210517,0.5452583433004028,0.1528901362113835,0.10971393322297147,0.23630116559775732,0.3485193800639776,0.12740112196239825,0.16943396833532737,0.7445882519598233,0.46050215194522665,1.0,0.23714718928642062,0.8677503304044276,0.5726183412912927,0.36856653136566114,0.6336366750628629,0.2362886086598922,0.024657911599909446,0.09940699860931913,0.29035340338278426,0.1712829109493359,0.35864826080459017,0.24357025416054492,0.2927289051291952,-0.10584556849966567,0.22034914565734,0.7427130519951405,0.44311332130747866,0.6708057473104608,-0.1045883050959193,-0.14437653233882386,-0.10683442735654483,-0.10865051713022895,0.27695739117058915,-0.08754782431263217,0.1445610190900958,-0.19189041560325099,0.5336478846268549,-0.06756420031306548,0.0812433879874054,0.183278782573018,0.0871325918461524,0.09456786867954381,0.5666255426951584,0.761218839173879,0.6863198440428318,0.5625790694681195,0.6095074855045849,0.4597063560080239,0.8510935523263297,0.5632744099024012,0.1586208087295832,-0.10379878762764912,0.0745646666603882,0.3549077222028636,0.2871881562962056,0.09889067214989762,0.32399097156167495,0.23978257662086525,0.24775780178245732,0.6054277406521275,0.7829800124941532,0.9218083096354448,0.7430633682194552,0.5811319451638524,0.6839089119727263,0.2895645567871819,0.2502003225566716,0.14273790795840513,0.312833470217114,0.3856910553792352,0.34840793724042457,-0.11418808409381288,0.4388555606829718,0.17351105069827746,0.4247133094123667,0.45596752775868077,0.41669665290769026,0.403821704039253,-0.09596011916534034,-0.07398233866689269,0.7558350520642036,0.15003814169876534,0.06214980354271075,-0.19197674455107377,-0.20623043864523197,-0.009717500290379188,0.13644682607699288,-0.1829137746469146,0.0257268213551237,0.4000687492348116,0.3731639402415327,0.007750769897252856
0.38880674558702116,0.4452878521043858,0.36035900285356415,0.3766918027885336,0.31455129352156186,0.20545504773206005,0.3918941826846105,0.2522610336243404,0.30682249826557295,0.3688004043333993,0.28838353298220587,0.5169550053523948,0.31782551506989504,0.7742089913953584,0.6093672438805974,0.43587581340543324,0.5263475948755136,0.23714718928642062,1.0,0.3413948874427482,0.5290991338852108,0.11985126307098751,0.45834567772374407,0.4119005239382324,-0.06434883814925285,0.14454134214830372,0.2392364437011616,0.20013718454617657,0.40230247242282635,0.2551501143860242,0.33926020800567575,-0.03016490398651385,0.3210448000150683,0.26616941192720744,0.23445774215967877,0.4038295521254187,0.2991313738231795,0.2191468188567536,0.198112378315424,0.12210135728780393,0.3508329958656282,-0.01004241893901949,0.05917537771872982,0.26351048033426566,0.3071191559226367,0.134728148074619,0.1991561737754631,0.21833148837837005,0.28643787925876396,0.3391534740338221,0.3084454824846413,0.3219881399721864,0.4256378139626871,0.4081946576507853,0.22687718372997562,0.17094073439251103,0.14972421825213703,0.2395502732703603,0.44137322672493084,0.14591161799283628,0.19946067951869256,0.26739528298629095,0.45868767442371505,0.6875776470636518,0.6590901242822925,0.5946965772926615,0.2283965732116566,0.47896828978310846,0.41809423354020886,0.2361372332581799,0.5113736471366052,0.3240820093611972,0.4067459009445957,0.23957381752885742,0.36429117992155274,0.030733902293645688,0.4665257411441539,0.40049097627052666,0.33039971872459184,0.02869417263906024,0.32088312944005476,0.30206039811004637,0.34600171402201857,0.26264248200433843,0.3199901427999325,0.33897453766924396,0.3123962090604585,0.27199426147939565,0.34180455754059813,0.05654546082392348,0.14917020190387945,0.15074917830537846,0.19819399841154736,0.05021833375712999,0.17801342964504677,0.2687184703138293,0.1829954665512615,0.3764538579621973,0.28697468835249834,0.2845920093925895
0.37413396369161417,0.7491955711680149,0.7358381285139806,0.6657165246620831,0.6697148633334276,0.5679141984435675,0.7804984476485565,0.7816081670323874,0.6482252337944868,0.19499982734210436,0.23139384811830108,0.3692037959623166,0.45013639973756,0.2943314843242327,0.3561423659085556,0.7037852511644163,0.5402653908817796,0.8677503304044276,0.3413948874427482,1.0,0.7355901289911442,0.304749033900593,0.7459412625457186,0.37498626584921,-0.03648655171047424,0.19470316968504062,0.30761763010466614,0.23447256152114745,0.5768737999781482,0.2698229077967704,0.3571208825015932,-0.20702466496520158,0.17486948632706428,0.6860278952374674,0.4039403686483272,0.8238842375898213,0.09284128972308812,-0.04307186649463662,-0.0364261071295154,0.031621521187292764,0.4056895485466914,-0.011374240206565292,0.16371506570225372,-0.062114462767109614,0.6387541634097109,-0.022617408396123057,0.1654659094833134,0.2214291292035027,0.20203485178104466,0.2629501269820342,0.4987348885100879,0.7314259344716197,0.7211370935083771,0.6222873090168232,0.6864579703593482,0.5515917488361288,0.7427664189810673,0.6301416736514633,0.2893966077432357,-0.11893146737236658,0.06369506732088313,0.4987348885100879,0.38317495895450937,0.2012321504950804,0.42538196635368497,0.3965151358189792,0.39278729489026804,0.6164346901378845,0.7672022200666145,0.8086294450106591,0.8791719951923281,0.6109892041726704,0.7250940985531268,0.4020762896759996,0.3415113071391223,0.13211865840054604,0.4895959842897326,0.5341344659691287,0.455515477995536,-0.18037884281539104,0.4988698755921381,0.32521461581055017,0.45157416912311765,0.4495681982991628,0.4945669640177261,0.5035740184398633,0.1465473129722586,0.09530401916188719,0.833363156060763,0.32007477656498684,0.14042193682210757,-0.07461960326354815,-0.09461966604823747,0.07017601687652449,0.20780790396453921,-0.031188294422522123,0.17079404220154343,0.5191289252202957,0.5015052629265827,0.21457766309107862
