0,1,2,3,4,5,6,7,8,9,10,11,12,13,14,15,16,17,18,19,20,21,22,23,24,25,26,27,28,29,30,31,32,33,34,35,36,37,38,39,40,41,42,43,44,45,46,47,48,49,50,51,52,53,54,55,56,57,58,59,60,61,62,63,64,65,66,67,68,69,70,71,72,73,74,75,76,77,78,79,80,81,82,83,84,85,86,87,88,89,90,91,92,93,94,95,96,97,98,99
1.0,0.38980122892567404,0.20753099647941223,0.34792591458747896,0.18104568017318667,0.08017318667862063,0.3223677592880103,0.5084909579934836,0.10077627867311015,-0.35775731997988236,-0.08098226585904529,-0.2538059521987273,-0.19561785222278105,-0.047726977025434734,-0.17651046336183332,0.31052021604600816,-0.38068706129321467,-0.12059653189302662,-0.2799326496249809,-0.22870700400166188,-0.2509282543570007,-0.389018390151101,-0.2854781220616212,-0.4489908377249568,-0.16870831602195446,-0.23087183748441975,-0.2627014497824233,-0.10778246703549015,-0.0965734403358772,-0.2895366381666703,-0.11360346373357241,0.317898143491286,-0.13626438987171105,-0.3737814611532658,-0.3374384990487853,-0.07076600118081826,-0.04996610614244167,0.18656053880300016,-0.2388839080711115,-0.26779208851763575,-0.28679014235420175,-0.3063261245107258,-0.29706763464608255,-0.07314075791038901,-0.14435721939165994,-0.058603573068596794,-0.17323060203220653,-0.02014388489208633,-0.07440029739126632,-0.2316658630534973,0.36489471037152044,0.5669589556318471,0.10852594520128578,0.18468872318558527,0.3640816558591053,0.049563753252716974,0.36482473595591614,0.46843549062533807,-0.35277601626905164,-0.1503795569522197,-0.10351632756377967,-0.06082088736305788,0.038407207364807246,-0.04174848570991231,0.06716231877719708,-0.09502525639063218,0.1727867013478776,-0.20884301677199274,-0.24706654129583872,-0.007108971057898301,-0.14982397061074545,-0.23442741247731297,-0.1044936695020883,-0.24803770750458454,-0.2855787102840524,-0.16637310180533202,-0.0892348734993768,-0.021871378277317357,-0.25981063173777086,0.03718265509173208,-0.15240881722343766,-0.21293652008484398,-0.03419999562659903,-0.09325402899564847,0.07073538737399139,0.32899783516651726,0.017336161465964006,0.058013163936935556,0.019076775054120837,-0.12086768275349326,-0.10417878463186897,-0.20875554875248736,-0.18642058997179156,-0.24551835735059369,-0.28170825042093983,-0.13489755308215434,-0.003638669611423323,0.04642802475344952,-0.21100347685377535,-0.062355951105377096
0.38980122892567404,1.0,0.40382235245238457,0.62582493275896,0.7165074019811506,0.49146968139773894,0.47097592442763114,0.6711727274715182,0.5064310861341322,0.21144956375325272,0.3729680085718659,-0.021490892392469003,-0.25762393125013666,-0.12380455687020243,-0.08438039841682884,0.6176554197371587,-0.2703723950930441,0.032988563556449677,-0.2280116332465942,0.16948678139555226,0.00012245522730751568,-0.29044630556952616,-0.16851588637904266,-0.06026983884017406,0.058105005357416195,0.24936257680785462,-0.14112527607093656,-0.08722748245172858,0.06891605256827972,-0.14465898405895344,-0.0687804771380464,0.20878616255931426,0.022437758235956465,-0.17210207517876278,-0.26525551595198005,0.3360958649493779,0.2072292318121187,-0.027451837921759856,-0.11202029258052525,-0.125018040279023,-0.16542389188952789,0.01014191686164746,-0.15634033806389538,-0.13597340972207037,0.07961776475476154,-0.22579431895213312,-0.2651530309343508,-0.13121077606000306,0.0378036780302202,-0.20310315005495297,0.19619514115151648,0.741099035665085,0.3431020533117579,0.6895147711617939,0.6185701368551694,0.2265203035140277,0.46220725547221797,0.6667432012678115,-0.03457610811047211,0.1671646882473373,0.1840525945777429,-0.17123614178565963,-0.17127112899346175,-0.1864730707834948,-0.08802781483020271,-0.14715619601583171,0.16416234519520123,-0.3374078852419584,-0.31700596969233125,0.038186392366680415,-0.02584679976383635,-0.38802125472873983,-0.23663597996982352,-0.2291773951778011,-0.05883098991931075,0.1330783637777837,0.002868951039776082,-0.1376309286916971,-0.19165992434016313,0.00483698147864687,-0.16107253402792646,-0.3451750453740351,-0.1653407972709978,-0.0853556668343137,-0.07660011808182633,-0.15670770374581794,0.29188515449038943,-0.10112615075113161,0.15592049157026963,-0.18869913187990642,-0.11756139161619034,0.0412105573899543,-0.2289169272484748,0.06062845772014607,-0.35112287070040016,-0.3199317749447858,-0.25265574774223176,-0.29805602326649316,-0.16477662854518815,-0.1063479915156021
0.20753099647941223,0.40382235245238457,1.0,0.08736305788196191,0.21890621241608538,0.6526819881480833,0.5549845837615622,0.5802540945966631,0.6673372548162079,0.1724300802519079,0.05854234545494304,0.2718812184295117,0.2927773282893442,0.3359366031103483,0.43006713170497035,0.31635433294701626,0.3349719008987339,0.17781373685246332,0.30661039557411823,0.4130283615053246,0.5078699350549956,0.16776803481227176,0.08477837790557827,0.2732719599396471,-0.08900745664866283,0.06772648750300671,0.1049222627976646,0.16631606568848264,0.621245981937854,0.00886925717784435,0.10624302989219567,0.040917539524611315,0.07881751855148765,0.15048872755898623,0.07031554088036561,0.3599658874723929,0.21951848855262296,0.0819356672716538,-0.17054077103059195,-0.08207124270188712,-0.09619295445102884,-0.07785528416172836,0.15222934114714307,0.3111543591874221,0.15317836915877633,-0.18066519428833833,-0.09007466496983907,-0.13913537862718944,0.07003564321794843,0.05404654834420622,-0.14402046751656425,0.6895716253744725,0.24187094093721984,0.1326889855896438,0.5258867353513184,0.4885351293433338,0.349605300561982,0.6310234097480426,0.1887691062955107,0.34537878613957157,0.5302841948399168,0.29610548643152346,0.39595023069690144,0.2661783035577617,0.31882093109706766,0.38596575627036367,0.45899112089323635,0.20119393846624828,0.08237738077015591,0.2506092700896625,0.433369049441298,0.12401653145568652,-0.06948459469506461,0.19933546099535324,0.48602917058450507,0.4373668161280698,0.519380726421902,0.3106033106645383,0.007198618005291815,-0.31925389779361923,0.32769710666428226,-0.10903325971441692,-0.12643939559598522,0.09343771183660975,-0.011156545887909732,-0.09357766066781834,0.18131683103365331,0.2338851107563797,0.3016640790710896,0.12782139030417003,-0.24002536572565655,-0.058647307078349475,-0.028309024512912468,0.10466423214012377,-0.1794231484113621,0.2050687717303361,-0.15856202575933173,-0.1705189040257156,-0.06259648815901686,0.08440226542170519
0.34792591458747896,0.62582493275896,0.08736305788196191,1.0,0.5904616124729396,0.07244976055629661,0.518794690691216,0.622973475323085,0.24500229603551202,0.32434453652883166,0.5179243838971376,-0.06770899389910565,-0.39511053770964993,-0.3510117327545042,-0.2081170322100982,0.49335024381710435,-0.3159519800572915,-0.16512212722223438,-0.4212940893485819,-0.051886029170584505,-0.19319936148345762,-0.32237213268898557,-0.25329426428462093,-0.06121449345083204,0.11334543307603158,0.34371432944829544,-0.27855065491679604,-0.035280225667490325,-0.18058209966980823,-0.06966827753602589,-0.2650280991012661,0.02130720955150773,0.22337607244122648,-0.23967986704861036,-0.1898099757276246,0.10256937307297019,0.23770308980778904,-0.09403686777022151,-0.05162799851304367,-0.11357284992674553,0.056806105267761475,0.03498283440117207,0.00865058712908093,-0.15907808707441343,-0.05442260173624019,-0.20153943714329448,-0.29076369504696375,-0.19170803175089107,-0.2538234458026284,-0.4124580836394449,-0.08671579453762218,0.3537075506767838,0.03933874177253942,0.8073210732325994,0.28030250847637456,-0.12977630054011502,0.389263300605716,0.35130037753446197,-0.17166036168026066,0.19239486605909695,0.023968450250883813,-0.47465832804880714,-0.3506024359843432,-0.4779340053792832,-0.4662045439636133,-0.35093044105748833,-0.14697704727332403,-0.5992040410225011,-0.4901882749119853,-0.18039424066206652,-0.3775119721851698,-0.6100981828518948,-0.4456845465876539,-0.38279108568727443,-0.3058144365966194,0.05046910243503316,-0.08776103737071134,-0.29753558855043627,-0.2989132098576458,-0.26860554109903567,-0.2666465490003442,-0.3455074238481555,-0.2517285867354748,-0.3241127462771424,-0.13649384443812732,-0.28649275108788347,0.26121449345083203,-0.17013841814086725,-0.07640768843891452,-0.20547112462006079,-0.3787015372504428,-0.26100894360499444,-0.4552622947234917,-0.12140561107345127,-0.3684109247556362,-0.4185519669370886,-0.34246791017034395,-0.46714482517329603,-0.3162887319323872,-0.2778246703549015
0.18104568017318667,0.7165074019811506,0.21890621241608538,0.5904616124729396,1.0,0.5590955806783144,0.3113774026371608,0.4548643152347423,0.6644420633705801,0.32493494566049286,0.5731560648138024,0.018879972010233757,-0.39406966827753603,-0.33154789043326377,-0.2465417331788065,0.32219282324899956,-0.4047363932562157,-0.14223174651767947,-0.35854890555640595,0.17767378802125472,-0.18393212481686383,-0.35840895672519735,-0.3356454046489252,0.04485360040235289,0.3715816404627058,0.3876189018390151,-0.22077802803350025,-0.13032734906299884,-0.029795980844503727,-0.15400494194310205,0.054348253919660625,0.16426494063108177,-0.034348728814969705,-0.15536944304738579,-0.17142857142857143,0.514753668190068,0.3951236579125757,-0.17378146115326584,0.1520194179003302,0.09706763464608252,0.13952461131398833,0.3875926614331635,-0.009630228947541055,-0.21636526644945442,0.15739870109991033,-0.28381185629004396,-0.30931568226788325,-0.275567995451663,0.2196890511906584,-0.08664591485640182,0.2446874111652927,0.492545538037655,0.23994227110712646,0.8130371083072752,0.6706486526087547,0.2729133410596751,0.2014432223218386,0.6332625934955934,0.11175351512103388,0.1849032219974668,0.09865966047070303,-0.35778793378670926,-0.4266952395530384,-0.45222715444665545,-0.4379130130546019,-0.3931031466620017,0.18414880950439547,-0.5243926439395596,-0.33658568585860793,-0.1617919592749423,-0.15061555618726902,-0.4829634165008419,-0.4143491285998557,-0.06871495125296716,-0.13132011108438477,0.07048180717876901,0.01462027946032232,-0.4312435765673176,0.010929129037195775,0.1150029520456583,-0.21897423954687112,-0.15927926351927577,0.014970151538343792,-0.19544728958474558,-0.2327086658940325,-0.27968336576939057,0.4183726574971026,-0.2808729308346636,0.24798932890162034,-0.009730817169972228,0.16729570750694278,0.16607990203581816,-0.07928101287966587,0.2863965362664276,-0.10912510113489755,-0.3534276530143666,-0.3220397542148652,-0.4065907152697295,0.03709956047320199,-0.09191139489624106
0.08017318667862063,0.49146968139773894,0.6526819881480833,0.07244976055629661,0.5590955806783144,1.0,0.1587325883973672,0.29112418272069274,0.7622881633902604,0.14788655397870154,0.19811943758063458,0.2077846537359778,0.017751634558614508,0.04948508613972272,0.12162428112221468,0.16603616802606547,-0.03861275721064486,0.02136406376418622,0.035144650237257005,0.3862369071308303,0.2273468762983534,-0.08990400384859286,-0.1120946403971048,0.20470140604841355,0.21538125123001903,0.21560429467975772,0.092431829612298,0.011620126391288186,0.42761365375784477,0.01179943583127419,0.3395814655266668,0.2619535982156524,-0.17990004581153282,0.006682556690210142,-0.032323806608208876,0.4922393999693862,0.28864446436771557,-0.16858148739367168,-0.054671885591830484,-0.06813758719468195,-0.1604906955894251,0.2521353130261748,-0.014069230937438499,0.11310926942336708,0.3217030023397695,-0.2150926067656513,-0.23695987072226746,-0.3027224421071046,0.3989372635630098,0.06364836068355763,0.25945638625877415,0.5586451203778618,0.3575299031291684,0.3866611270254313,0.7938453060787432,0.7299468631781505,0.08427981019439768,0.6774908459154799,0.21126150751131617,0.15404884438228839,0.39950842919315954,0.133572412586648,0.11135553563228445,0.04475738558089699,0.10337845225339486,0.08043559073713673,0.43746084435184396,0.04716275611729461,-0.02694015000765345,0.06616744239955236,0.34581793531739957,-0.04247447027180687,-0.15845269073495002,0.09192898901077963,0.3221490892392469,0.2791982235227484,0.3325140495506331,0.023646979073276335,0.20497693030985545,0.1783691587763224,0.09951684799906235,-0.1134241542935864,0.06355863637357591,0.05400712864358969,-0.09553694430473858,-0.16466729352080645,0.3137302923618552,-0.039623012835931865,0.3269029760993637,0.031610942249240125,0.18639434956593995,0.2768756423432682,0.017979051409328463,0.35899499245588334,-0.07933786709234436,0.005855983905884411,-0.1643567820515624,-0.25618508232927334,0.22893442085237586,0.026857055389123353
0.3223677592880103,0.47097592442763114,0.5549845837615622,0.518794690691216,0.3113774026371608,0.1587325883973672,1.0,0.8285364413636265,0.42341518882158713,0.2606678183289235,0.3174870437996108,0.10752443637794931,0.10110865714723054,0.22069517471222513,0.24390457239071964,0.684236076184645,0.22260173624018717,0.1267192932584024,0.0940806017799742,0.17277995232992938,0.32060965209595244,0.07144387833198487,0.1265224902145153,0.058467997638363474,0.006455139839496184,0.06830377643174214,-0.28332640878178916,-0.057024775316524896,0.2916839780455271,-0.09605300561982025,-0.30592814502197635,-0.16595307340753537,0.3854348094673418,-0.01384618748769981,-0.048159891539655816,-0.02324025278257637,0.023056569941615097,0.1774157573637139,-0.023773807701559117,-0.00425531914893617,0.21226738973562792,-0.20201176444862348,0.053714110778246706,0.04184470053136822,-0.3152216220944217,-0.3648990837724957,-0.13535909488002545,-0.015215061992958825,-0.15801972403839845,-0.18324132780983138,-0.29445234086287203,0.5589993658568586,0.04456932933896044,0.2591983556012333,0.30170595625081587,0.010277492291880781,0.5263256871706282,0.5160924931586619,-0.06511556712077146,0.2626754965730469,0.22659489907833083,-0.009603988541689444,0.09091863287485513,0.01088539502744309,-0.016850713957709214,0.0901751547090595,0.23664279880488964,-0.19000677877151168,-0.1837003345651746,0.14539387438931345,0.05234086287201242,-0.21051802934552055,-0.15840895672519734,-0.06663321011266596,0.072423520150445,0.12389639839109808,0.03461984212022479,-0.04426319127069165,-0.3338523102490652,-0.6017668539940084,-0.044315720535025215,-0.3276158404583324,-0.5486212853425466,-0.15700946841311145,-0.20100588222431173,-0.2742778421639588,-0.01959283636920251,-0.10359712230215827,-0.03871334543307603,-0.1969254991143863,-0.5587282149963919,-0.36611051584264503,-0.20924099626074216,-0.2704817301174258,-0.4509020139511491,-0.17059325184229515,-0.407364807242352,-0.3323084997047954,-0.2744571516039448,-0.13827381863506155
0.5084909579934836,0.6711727274715182,0.5802540945966631,0.622973475323085,0.4548643152347423,0.29112418272069274,0.8285364413636265,1.0,0.5439373728980341,0.11614003629922809,0.28705691981369313,-0.03056569941615097,-0.056806105267761475,0.07710314349476903,0.09711574205681048,0.5537731516914128,-0.07652577026524678,0.07465832804880715,-0.12001486956331592,0.026730226760840567,0.08595482276792547,-0.19053596028951914,-0.12406463886641447,-0.10392075397432814,-0.08616911941571363,0.07216986289387943,-0.2727427784216396,-0.14758041591043275,0.12415210688591984,-0.15481839452450197,-0.2610045702040192,-0.029472349172333864,0.25132869533667834,-0.1714460650324725,-0.18683606306444206,0.030631300430779995,-0.021464651986617393,0.14102031444753013,-0.05766766525988935,-0.11313113642824342,-0.008243860838380968,-0.21402987032866108,-0.052327742669086616,-0.09627167566858368,-0.16800857186591153,-0.2670048763420874,-0.2305309642595726,-0.09141720058603572,-0.2052612013732479,-0.29436082128204305,-0.08896809603988541,0.7321160700618836,0.1135772233277208,0.47398045089764057,0.45777312738992987,0.08554809647722551,0.6393693555793662,0.7048224451934471,-0.11317487043799611,0.14349581629080355,0.16774853791588815,-0.05506986508057991,0.08043559073713673,-0.09407622837899893,0.026384728083794363,0.010106929653845314,0.22204655709111815,-0.26852681988148086,-0.37138046401784347,0.12231541220996597,-0.056228816339026044,-0.34802212940893484,-0.22838337232949202,-0.16562743612377454,-0.09548883689401062,0.0028777009880634158,-0.026397848286720167,-0.1166386040104087,-0.32795696573440336,-0.3979663685465002,-0.19912335081614185,-0.42793728543001464,-0.3184098314053924,-0.1540005685421268,-0.20552797883273927,-0.2042247053421093,0.001224552273075157,-0.1465351730773436,-0.05592267827075725,-0.26056285670551704,-0.3866480068225055,-0.20317508910804488,-0.2216439614266034,-0.20847127768909493,-0.515160394480768,-0.31168791410640484,-0.40324943692462445,-0.36861647460147384,-0.3556056067000503,-0.20649887384924887
0.10077627867311015,0.5064310861341322,0.6673372548162079,0.24500229603551202,0.6644420633705801,0.7622881633902604,0.42341518882158713,0.5439373728980341,1.0,0.3103234130021211,0.3759462946360237,0.17389079617764755,0.001696879578404146,-0.018405478128062137,0.11619251711093131,0.1934486453390479,-0.06300758785069209,-0.09866829940303076,-0.08171699722289039,0.23472043034265597,0.11957315606481381,-0.1751153484507227,-0.28061490017712276,0.20331503793925346,0.2537141107782467,0.24240886925717783,-0.11919704358094071,-0.14018499486125385,0.2947322385252892,-0.09381382432048282,0.03499595460409788,0.06332684612188669,0.026787110261228604,-0.0845815748616912,-0.14147952154993332,0.572285758019724,0.2881983774682382,-0.06367234479893288,0.1577791869847587,0.141050928254357,0.05369661717434563,0.24401390741510134,0.03833285954822768,0.023144037961120464,0.18766700924974306,-0.2727646454265159,-0.32729037992888727,-0.38376156217882834,0.17072882727252847,0.11074556727999368,0.016859460759659748,0.5897531215149461,0.1345126937963307,0.4515536506964641,0.7638962234552503,0.4803000153069034,0.15808969845400275,0.8264228055621541,0.224635367693687,0.3057775970105226,0.3385978205134434,0.05373597778312304,0.015936673153878114,-0.11930637860532244,-0.06014301021189128,0.01776475476154031,0.4155916288642891,-0.1939734534560801,-0.24274124773129824,-0.05544385148354704,0.19469069121602414,-0.24938881721370623,-0.37518094946535174,0.21493102592458443,0.19978570335221185,0.18865779083979572,0.2288994336445737,-0.21409984474426538,-0.05683671907458835,-0.11466620017056264,-0.03750195436572004,-0.11021845137871465,-0.02672147995889003,-0.12183857777000284,-0.2301196125166736,-0.24022216876954364,0.31760075222496775,-0.19094705998119438,0.34325074894491703,0.079250399072839,0.030884957687345563,0.15882880321882312,0.1442478843672782,0.2401696879578404,-0.11252323369268111,-0.05442260173624019,-0.2578775885067022,-0.3927795149898318,-0.04496730882770987,0.03835909995407929
-0.35775731997988236,0.21144956375325272,0.1724300802519079,0.32434453652883166,0.32493494566049286,0.14788655397870154,0.2606678183289235,0.11614003629922809,0.3103234130021211,1.0,0.6841923421748923,0.5233955085171984,0.06896853337998295,-0.054669758664569496,0.27977083378889595,0.10094684131114562,0.15340578600949029,-0.09649909251929763,-0.01729242745621132,0.23727449651221272,0.17101309833592093,0.11338042028383373,0.03721764229953423,0.6081476460169251,0.36235813780586473,0.49279919529422056,0.14500885613697492,0.2644595569744812,0.25291815180074784,0.2709671776256806,-0.011808182633224727,-0.12148870569198136,0.23204853605722914,0.04955063304979117,0.10238131683103366,0.35993527366556605,0.43066191423760686,0.015000765345170673,0.3602151713279832,0.47291771446065034,0.3759288010321226,0.4845640812577901,0.278957381207496,0.09554131770571385,0.053902167020183245,-0.0403796112046533,-0.02182110802422859,-0.26285889221753295,-0.020331941134022872,0.08212381330373072,-0.3320810828540815,-0.026970763814480332,0.05516607990203582,0.3651964750388139,0.037816839580219384,0.08159891539655813,-0.010159410465548534,0.06708367090563029,0.4474164133738602,0.4872127082427397,0.40140867399454794,-0.1244757385580897,-0.19265705976252434,-0.20261529378321053,-0.30677221141020317,0.09070433622706697,0.10002197636398837,-0.29444359406092147,-0.1603682403621176,-0.17952611961931486,0.06859679429708512,-0.12410837287616715,-0.30648356694583545,0.3264003918573509,0.2904506789705014,0.4108661639439205,0.18869475847893113,-0.01926483129605738,0.05970129671338917,-0.2079639631759638,-0.004635810102351399,-0.0008790535960289519,-0.18974437471299557,-0.24114932977630055,-0.19978570335221185,-0.49318405458004416,0.3538300059040913,0.06234283090245129,0.198810434934727,0.23700334565174608,-0.13969954735299905,0.11184098314053924,0.11327983206140255,0.26630513218604446,0.12995560998010103,-0.0125735278038967,-0.1742013076468916,-0.352504865408585,-0.011060331066453828,0.03991603070127485
-0.08098226585904529,0.3729680085718659,0.05854234545494304,0.5179243838971376,0.5731560648138024,0.19811943758063458,0.3174870437996108,0.28705691981369313,0.3759462946360237,0.6841923421748923,1.0,0.5334412105573899,-0.13414532811440816,-0.16250482441332276,0.19096455358509545,0.17571887778530976,-0.08900308324768756,-0.09002645907590037,-0.18659115260982703,0.1486256587435219,-0.01936979291946382,-0.0788611663860401,-0.09585182917495791,0.39845618945573025,0.2753187115960727,0.6632524983053071,0.009621482145590518,0.1693555793662942,0.12402965165861232,0.25887035052808816,-0.19085521856071375,-0.1484419759025606,-0.11645286179279422,-0.01948787474579607,0.038783319848680324,0.350842973037983,0.4279547790339157,-0.1619601583171153,0.2504996610614244,0.3252760709365638,0.332968883252061,0.4390369771052459,0.08523321160700618,-0.06074216614550305,0.02729876888762546,-0.18787255909558068,-0.16846577646002553,-0.2651636745314994,0.07792525857733267,-0.08194013026193944,-0.05588769106295511,0.16853337998294374,0.27010561763355273,0.5869803852966259,0.24304983823879983,0.15618289562878573,0.1846274955719315,0.2796989784819175,0.38955631847105904,0.44851462740249787,0.2840089698553772,-0.26345804815114476,-0.3209026699612954,-0.38872537228575804,-0.4403927314075791,-0.041726618705035974,0.2104001775603995,-0.42674334696376637,-0.21242483217073757,-0.15900391310489606,-0.001088976842841836,-0.32063151910082877,-0.255380376549824,0.11861769764247719,0.07229669152216221,0.2804512042721104,0.03490411318361724,-0.1985480308762109,-0.10732763333406223,-0.10163783866523803,-0.19900745556358307,-0.07346438958255888,-0.11994489514771162,-0.27601845575211564,-0.2807592224093066,-0.5097286304694846,0.456211322735125,-0.13036670967177624,0.24104874155386938,0.11841420480636768,0.06241717871903085,0.108578426012989,-0.044097002033631455,0.2989132098576458,0.03523649165773764,-0.179226345367475,-0.31722463974109466,-0.3941964969058188,0.027075725437886774,-0.05472873980450898
-0.2538059521987273,-0.021490892392469003,0.2718812184295117,-0.06770899389910565,0.018879972010233757,0.2077846537359778,0.10752443637794931,-0.03056569941615097,0.17389079617764755,0.5233955085171984,0.5334412105573899,1.0,0.5266274518379218,0.3861739150402639,0.6562156961361002,-0.02938050775185323,0.5106076840655136,0.12540727296582188,0.34556865146180926,0.26421464651986615,0.4512125254203932,0.45553344558395836,0.32636067437843036,0.763796986726728,0.144195403555575,0.5922853206796265,0.5582865014978898,0.5384749950799239,0.564920950777372,0.5906540421158514,-0.07504756073560605,-0.022343705582646346,-0.22267632752011682,0.2237781811025344,0.439885416894448,0.29346395224246136,0.32891474054798714,0.199348363254685,0.2752487371804684,0.49834029432988564,0.24506352364916578,0.40650324725022413,0.3362882945922897,0.36360018368284097,0.1613784959874046,0.2528744177909952,0.24935410263742205,-0.06234283090245129,0.16073560604404014,0.29271642071743537,-0.019579716166276705,-0.02437296363517089,0.3477247381426166,0.021346570160285145,-0.038494717472544356,0.34162821718309244,0.042933677374210055,-0.02046753894245712,0.5445015416238438,0.4796707700149048,0.5588490945413397,0.251518663488662,0.18685793006931842,0.17797555268854826,0.03660973956397192,0.5287835385187291,0.330179014431343,0.15220747414226674,0.22844459994314578,0.07782256874178488,0.4391331919267018,0.2864796308849577,0.16105923771621,0.44302162977178716,0.558207780280335,0.6078771597794627,0.41856508714001445,0.4406070280553673,0.020331941134022872,0.029437361964531717,0.22941355908867564,0.1659749404124117,0.01105158426450329,0.04644551835735059,0.142712820624959,-0.3157508036124292,0.35159957140670445,0.35421049178893965,0.41144519035227745,0.38482429861581857,0.13280269401500078,0.1887122520828322,0.1978832739279701,0.364789748748114,0.3587194681944414,0.35880693621394677,0.1931468806717544,0.04272812752837244,0.18578207342940237,0.321401237672476
-0.19561785222278105,-0.25762393125013666,0.2927773282893442,-0.39511053770964993,-0.39406966827753603,0.017751634558614508,0.10110865714723054,-0.056806105267761475,0.001696879578404146,0.06896853337998295,-0.13414532811440816,0.5266274518379218,1.0,0.8462649474813695,0.6883077124926199,0.009131661236360456,0.7708556559008113,0.40496381010692967,0.7197349719008987,0.26018674422164395,0.7099123133104459,0.6362117600752225,0.5903785178544095,0.2803962301283593,-0.269034134394612,-0.11617502350703024,0.45611510791366905,0.2717762568061053,0.48191817366775275,0.5011261507511316,0.016054754980210362,0.0007609717696967046,0.07571896057269902,0.3574730489164899,0.3602020511250574,-0.12170737574074479,-0.17214143578754018,0.41003258183726576,0.12515361570925632,0.13545297500601342,0.12243336030263935,-0.13671251448689073,0.3264875030067132,0.48425356978854606,-0.05493866305132186,0.30204893835691327,0.5037747958442537,0.2932102949858958,0.19634821018565088,0.41918000828785446,-0.0297303798298747,-0.013386980385296626,0.16761933917911265,-0.4928997835166517,-0.23972386316065056,0.22949421617721022,0.06352802256674903,-0.0851261563558668,0.4426581531127681,0.3113886765966706,0.587575810255769,0.8508539065404211,0.7861756795171765,0.7739607705932519,0.6556209136034638,0.794135269292165,0.27892488566293994,0.6155561872690297,0.4259255209813912,0.44642195274780433,0.6589359515427172,0.5973147318011852,0.5202422864140299,0.40824649389551626,0.57026524676915,0.1637315647281431,0.19771708469090987,0.5538343793050666,0.06051037589381383,-0.08515886379042663,0.20240121843096487,0.26844372526295074,-0.10521090726203232,0.252480811703221,0.06452078458813497,0.12325118628501454,-0.2278891780192867,0.22433797642736875,0.13013491942008704,0.13372985502175766,0.014493450832039536,0.16121668015131968,0.3137609061686821,0.059220222606109645,0.23373641512322058,0.5643873958583893,0.24449935492335614,0.4542126784894273,0.23923815355010825,0.42609608361942664
-0.047726977025434734,-0.12380455687020243,0.3359366031103483,-0.3510117327545042,-0.33154789043326377,0.04948508613972272,0.22069517471222513,0.07710314349476903,-0.018405478128062137,-0.054669758664569496,-0.16250482441332276,0.3861739150402639,0.8462649474813695,1.0,0.6835195857514152,0.16761296233742315,0.692052100383196,0.44060750979395885,0.7341351972793058,0.2626820566816823,0.755669847226455,0.5807314302461654,0.7167159221494325,0.11978321027670044,-0.2770421344845793,-0.1949445616153902,0.4577556337669021,0.20322560541614715,0.47538483237310825,0.3316528521714302,-0.02682647091304102,-0.03048919823447432,0.1076274466498582,0.36815985672744744,0.3705783501110327,-0.2093046394182872,-0.23898913099348543,0.426982164158227,0.08329588604658938,0.06042078723493939,0.11578591741486159,-0.25184038381023977,0.24157818720159113,0.3606747727744527,-0.15001656427439405,0.201784568219237,0.5804609137366639,0.4367326722933142,0.15534118578346276,0.3214762884614123,0.01135554804788246,0.1368897868949528,0.16780757889360678,-0.5023927996250621,-0.14951378608337032,0.23359016158654883,0.14648503912566882,-0.003927322663669423,0.29010331077766655,0.13820633313580097,0.46337159338652856,0.7523613657713335,0.785675784124788,0.8825336014236338,0.7491972067061908,0.8070551781675662,0.27071848575033514,0.623291228369781,0.4210037184884965,0.4777360603005845,0.617520519473505,0.5398094725785219,0.6344324795355737,0.3144788315996405,0.4683939432706472,0.04588582337106858,0.12737981607649704,0.5799485906156739,-0.011589525255878497,-0.0996895975264613,0.1474757767723793,0.20784392189547082,-0.20851305297628192,0.2219700224903718,0.11045692250003596,0.18483324750535582,-0.32568971342184894,0.18682533382763986,0.03379549298671739,-0.01033654450651654,-0.004751705354910184,0.0708535466681085,0.290680600337582,-0.1042029522676185,0.02357265702988117,0.4012709117132045,0.18417504993893707,0.47080150313984004,0.19903806940388163,0.2960183420639215
-0.17651046336183332,-0.08438039841682884,0.43006713170497035,-0.2081170322100982,-0.2465417331788065,0.12162428112221468,0.24390457239071964,0.09711574205681048,0.11619251711093131,0.27977083378889595,0.19096455358509545,0.6562156961361002,0.6883077124926199,0.6835195857514152,1.0,-0.006175242177079005,0.6012857798867289,0.24588572303251624,0.5366294198683607,0.26114889243620304,0.6825348232052656,0.4889987098467123,0.537368524633181,0.4154599724475739,-0.1299468631781505,0.1225077081192189,0.367348188318646,0.3672782139030417,0.6995079923902823,0.48353195862762677,-0.1642474470271807,-0.13057663291858915,-0.021639611685315776,0.2408912991187597,0.28293717609499025,0.05205221840764471,0.05391091382213378,0.23154971463558635,0.060755286348428854,0.1759462946360237,0.01997769565502613,0.01528066300758785,0.1598565524480112,0.30101681572674993,-0.065775950668037,0.13229100610089436,0.27976239286539306,0.13121514946097834,0.10101244232577464,0.2500822746959518,-0.17676849401937417,0.0842623165904966,0.1737727143513153,-0.2451291246637948,-0.16571053083315632,0.3330607246725416,0.1703527147886554,-0.009558078281782059,0.45475060680938534,0.42516720076909886,0.6086293855696555,0.55454287026306,0.5685071395770921,0.5363364020030177,0.5008112658809123,0.8909579934836326,0.3178831841457195,0.44059390785244146,0.2817388642277667,0.28043808405483955,0.6262666462574621,0.3995145524917452,0.35047123395508517,0.3588445024651753,0.5724869344645864,0.3764080999850274,0.34994642583805297,0.5970435809407185,-0.0607771533533052,-0.15578054273906103,0.10162264287102668,0.07622400559795325,-0.11470993418031532,0.1175788852200914,-0.05109444359406092,-0.14599287135641031,0.030858717281493954,0.29001771227394985,0.22182764426756468,0.09557193151254073,-0.07939909470599812,0.12153681310270932,0.1942664713214231,0.1134941287091907,0.1198093197174783,0.33156939493997506,0.058293061599352734,0.18115501519756838,0.154525376659159,0.23825413833067285
0.31052021604600816,0.6176554197371587,0.31635433294701626,0.49335024381710435,0.32219282324899956,0.16603616802606547,0.684236076184645,0.5537731516914128,0.1934486453390479,0.10094684131114562,0.17571887778530976,-0.02938050775185323,0.009131661236360456,0.16761296233742315,-0.006175242177079005,1.0,0.20656884826485317,0.3750847346438958,0.1790076753187116,0.3667315387811331,0.34897553082154337,0.1741881874439658,0.285132623384575,-0.0011370842535697884,-0.0462093547046861,0.0776978417266187,-0.15667708993899104,0.044814239793575475,0.13940652948765608,-0.023012835931862412,-0.07341628217183092,0.09415932299752904,0.2139338894120032,0.22156524020904855,0.030723141851260634,0.0109947300518248,0.05525792132251645,0.08001137084253569,-0.15461284467866437,-0.22504646738536221,0.07499070652292755,-0.19928276224005598,0.05641687258096258,0.031051146924405765,-0.26298572084581573,-0.37764317421442783,-0.0632788078970966,0.12747151822614858,0.0009184142048063677,-0.22006759098610493,-0.06848745927270342,0.4998272506614769,0.3033565852485185,0.23374078852419583,0.3266365557682254,-0.014882683518838424,0.47154009315344075,0.4124405900164172,-0.17674662701449784,0.10875566766058813,0.14692675310711928,-0.03748879316000087,0.026927029804727647,0.10354026808947979,0.001622531761824583,-0.05107257658918458,0.10618191837263172,-0.07097155102665588,0.09170584505040344,0.3283399973105517,0.09271172727471519,-0.07114648706566662,0.09676149657781374,-0.2522864711974472,0.045715160394480765,0.097107101426991,-0.0880146946272769,0.07156633355929239,-0.21872690297609937,-0.2855174826703986,0.053418964618086005,-0.19925652183420436,-0.5665041219304192,0.03871334543307603,0.005291815180074785,-0.07813080842317027,0.0552797883273928,-0.03365769390566574,-0.007937722770112178,-0.25800004373400975,-0.32462006079027356,-0.2258118125560342,-0.2663969736065251,-0.1911963438367847,-0.3503662723316787,-0.16757123176838468,-0.32486934464586387,-0.20975268417484857,-0.07717740701056176,-0.15588550436246748
-0.38068706129321467,-0.2703723950930441,0.3349719008987339,-0.3159519800572915,-0.4047363932562157,-0.03861275721064486,0.22260173624018717,-0.07652577026524678,-0.06300758785069209,0.15340578600949029,-0.08900308324768756,0.5106076840655136,0.7708556559008113,0.692052100383196,0.6012857798867289,0.20656884826485317,1.0,0.5550326911722901,0.8675209376571691,0.4159060593470512,0.8005423017209333,0.9009337211082198,0.7249261988585424,0.4529006581968468,-0.2327042924930572,0.06791891714591852,0.4199864424569767,0.4910760753099648,0.5766460387920667,0.47351249699328685,0.06323937810238131,-0.1271610067569045,0.19715094481976406,0.6350221950099495,0.5864512037786185,-0.07735671645054777,0.03870022523015022,0.23570881896306664,-0.04844416260304826,0.060571603507467583,0.19300255843957054,-0.06740285583083686,0.5459666309505588,0.5652402090485666,-0.04912203975421486,0.0972644376899696,0.3873766016234211,0.3181386805449258,0.0830158973125451,0.266084566360578,-0.31760075222496775,-0.10637860532242899,0.12890599374603662,-0.4798233146005992,-0.28883939651391227,0.10236382322713258,0.09786796702455665,-0.21245567826615908,0.3724825610636111,0.4428073328896973,0.5267439228796778,0.5451706719730598,0.5802759616015395,0.6297172596269489,0.432765520106711,0.6098795128031314,0.15838944959604664,0.6585860794646957,0.640554547243664,0.535541028559753,0.5504931009599615,0.6893398351227832,0.53743412564781,0.34242017714500483,0.6742209879512803,0.4364484009191134,0.2989219566595963,0.6371826550917321,0.11254072729658218,-0.2827359996501279,0.4789076107103196,0.24092628632656185,-0.2504777940565481,0.4325818372657497,0.1692462443419125,0.022584242636286108,-0.09774551179724913,0.4056198202532199,0.08755986092584898,0.1667665259889353,-0.18446130633487132,-0.08351883842470097,0.08509763617677286,0.1230368896372264,0.24884651549277295,0.5595810281865693,0.07841507948656272,0.2238481555181387,0.23932124816863834,0.25063086309068244
-0.12059653189302662,0.032988563556449677,0.17781373685246332,-0.16512212722223438,-0.14223174651767947,0.02136406376418622,0.1267192932584024,0.07465832804880715,-0.09866829940303076,-0.09649909251929763,-0.09002645907590037,0.12540727296582188,0.40496381010692967,0.44060750979395885,0.24588572303251624,0.3750847346438958,0.5550326911722901,1.0,0.7628741991209465,0.5772277011217773,0.5154359187422098,0.6920950777372024,0.6170781308084232,0.110891955128906,-0.46950208829896567,0.052122192823249,0.23383700334565174,0.33952023791301306,0.30016400253657255,0.4314185126063283,0.34648706566661563,-0.04098314053924034,-0.1745032631074747,0.7814655266668125,0.546102206380792,-0.16715575867573418,-0.11465307996763684,-0.18365222715444665,-0.29919310752006295,-0.330248627845444,-0.04534779471255822,-0.17963744505915025,0.35057182217751637,0.1668365004045396,-0.05607574730489165,-0.25616758872537226,0.18133452289980762,0.2508626533423717,0.3125757145043843,-0.14228875630188942,-0.054308893310883205,0.12977630054011502,0.5343421311582952,-0.24971682228685138,-0.11823721134162382,0.11936323281800092,0.5259277076818788,0.01073452443039765,0.3072620323194332,0.21884303737416305,0.345385346248207,0.4194878747457961,0.4585598390588441,0.493083466357613,0.4377205834116901,0.2955850517154665,0.3377012723332717,0.608619973322254,0.7014629026262272,0.9279601670209205,0.5075288097789246,0.6856399378977062,0.7685290065819684,0.1014389598292354,0.2890905512671929,0.1350114091223491,-0.0944960748726247,0.5063130043077999,0.3431414139205353,-0.005353042793728543,0.2142728283581657,0.09003957927882618,-0.14166320439089458,0.6875773545297501,0.010426187925039907,0.14092409962607422,-0.1827163193457392,0.25082329273359427,-0.07561610286239094,-0.07423410815420611,0.1493035358946885,0.21925608449410683,-0.053093087839758586,0.24179659312064028,0.13554481642649407,0.15934049113292953,-0.3364413636264241,0.06958080951652053,0.38469309658656053,-0.06593776650412193
-0.2799326496249809,-0.2280116332465942,0.30661039557411823,-0.4212940893485819,-0.35854890555640595,0.035144650237257005,0.0940806017799742,-0.12001486956331592,-0.08171699722289039,-0.01729242745621132,-0.18659115260982703,0.34556865146180926,0.7197349719008987,0.7341351972793058,0.5366294198683607,0.1790076753187116,0.8675209376571691,0.7628741991209465,1.0,0.5158426450329099,0.7681047866873675,0.8956856399378977,0.7922372132688985,0.25384093940652946,-0.38988432354420416,-0.036942118038092324,0.44763945682359885,0.4829459228969408,0.532203538081389,0.4746145940390545,0.2848046183114299,-0.06741160263278739,0.01709345640098155,0.772154555990466,0.6440007872121756,-0.1201548183945245,-0.03660973956397192,0.11399706982134657,-0.17454680632393782,-0.12733156939493998,0.06182239618639435,-0.09927620213859308,0.5073932343486912,0.49467975771358597,0.018530099932212284,0.017926570597625244,0.42977895713978714,0.4036605366162997,0.2681594541995583,0.22525663691670864,-0.16648662832651812,0.010093809450919507,0.29390566574096344,-0.5201329513896482,-0.23020295882780245,0.18047276464542653,0.1833854496949553,-0.15552486882525404,0.42288163390260436,0.3363958107148265,0.49381873763859047,0.6292667993264962,0.6533861057051016,0.728096914565612,0.5901292339988192,0.5895650652730096,0.25910461077250924,0.8012158054711246,0.7847324571953379,0.7517447155596056,0.6402702761802715,0.8206555728061927,0.7726225098948197,0.29388193335165863,0.5616627670507971,0.28725185022414473,0.16772867420349435,0.6970632612451073,0.3053945901029936,-0.10658415516826661,0.378664777355606,0.26071592573965147,-0.11488487021932606,0.6258118125560342,0.13805077518532285,0.22427674881371498,-0.18278192036036825,0.42045439636133036,0.04070324287682316,0.07011436443550327,0.029319280138199472,0.12964947191183224,0.10640047232730533,0.25608012070586694,0.2504034462399685,0.5094181190002406,-0.027985392840742602,0.29866829940303075,0.40379173864555773,0.2053836566005554
