0,1,2,3,4,5,6,7,8,9,10,11,12,13,14,15,16,17,18,19,20,21,22,23,24,25,26,27,28,29,30,31,32,33,34,35,36,37,38,39,40,41,42,43,44,45,46,47,48,49,50,51,52,53,54,55,56,57,58,59,60,61,62,63,64,65,66,67,68,69,70,71,72,73,74,75,76,77,78,79,80,81,82,83,84,85,86,87,88,89,90,91,92,93,94,95,96,97,98,99
1.0,-0.12661870503597122,0.24387395858389277,-0.2489714296336902,-0.25101134897553085,0.09291290371957753,-0.06890730576632918,-0.18909273796768056,-0.17802803350025148,-0.0319739345301874,0.07253722857580197,-0.08089917124051518,-0.40319083684049906,-0.25283068378124246,-0.23820603091994488,0.16205199973759593,-0.04083230284962626,0.07720802081738865,-0.15964225580022304,0.2384815551813868,-0.3723430193339561,-0.09120290393824758,0.09598303120421596,0.0020751810316657912,0.18095184989607577,0.08403489973978265,0.3531390085499989,-0.013421967593098773,-0.08730420787715845,-0.33152164999872213,0.12220594345192538,0.0967789901817148,0.07161006756904507,-0.2626445955697448,0.07209988847827513,0.036360455708381624,0.08932234151888216,0.22075883046308156,-0.2196302504104114,-0.12688985589643786,0.34613282018761893,0.2133913537862719,-0.014799605081468995,0.3335243051759201,0.20083531958627626,0.1932345599644285,-0.03879206665063086,0.2347685377533839,0.3123176838468435,0.21216680151319675,0.5192566522238046,-0.05849423804421509,0.022098795128031312,-0.13446458638560277,-0.04440751350287551,0.2131420699306816,-0.037121427478078325,-0.05400712864358969,0.10232883601933043,0.39365419518488554,0.06490564387395859,-0.26262272856486846,-0.34448842142091796,-0.407054295773108,-0.3008381641304434,-0.2522752618573834,0.10800988388620411,-0.08256981041306773,-0.39085521856071376,0.16109859832498744,-0.045220966084275435,-0.07862500273337561,0.1620018827512752,-0.21203559948393869,0.19838621504012596,0.08475651090070194,-0.07854207986303763,-0.2954800900920601,0.0199820690560014,-0.11685290065819684,-0.0010015110133434833,-0.12611590181274274,-0.13257090376331154,-0.26411843169841026,0.1570444556209136,-0.08255231680916665,0.07141763792613326,-0.08816129995117988,-0.030163346526426275,0.13816448361067984,-0.261759268066969,-0.06243029892195666,-0.38092322494587916,-0.007684065513546609,-0.305254641271785,0.260317946250902,0.08920863309352518,0.046251003151152874,0.44138549342896505,0.03896262928866633
-0.12661870503597122,1.0,0.35515077299862235,0.6479572368388961,0.5622662963853841,0.08948415735496709,0.6419671557586757,0.5288403927314076,0.27806520740854124,-0.2900133388729746,-0.2306050600249284,-0.44807679692112573,-0.11592149299332659,0.2892173798954757,0.1477684721523693,0.671885591830487,0.019267039062178387,0.5651833548358881,0.4142922743871772,0.29727318449192014,0.3792989211903616,-0.003266930528525508,0.12001049616234065,-0.2130613949634946,-0.22517572891020535,0.023030329535763488,0.010985983249874265,-0.3703527147886554,0.1121604866733929,-0.23715667398132956,-0.31405829743500036,-0.4054973650259124,-0.014659640069099736,0.4344798932890162,0.17486169119415715,0.4029258052524546,0.19954516629857208,-0.12062959618142632,0.04894059712298428,0.092073210732326,0.16993286829502963,-0.21436662220375674,-0.12875087878129624,0.02633224727209114,0.0626052349609674,0.034917271563371294,0.02644158229647285,-0.13665566027421225,0.04327042924930572,0.17451181911613567,-0.02099890774192476,0.8029695392622073,0.6191511228707004,0.5567426909536201,0.34217926570597623,0.10891517788808466,0.645898843235442,0.3438630250814546,-0.252708228553935,-0.15057182217751636,-0.36448798408082045,0.05060024928385559,-0.04399641381120028,0.2624696595307341,0.30455337638299923,0.14735737246069405,0.3817366775272791,0.2863790426625265,0.360521309396252,0.5796593120640265,0.4333296888325206,-0.2671491985742713,0.14142063525913776,-0.1734272156742691,-0.055835210251251884,-0.2791235704445562,0.18800417223410332,-0.010741072795259233,-0.0271413264525158,-0.31544029214318514,0.13730759727044542,0.32675901112941963,0.16558133432463756,0.17645798255013012,0.3777000284271063,0.1632634318077453,0.14676258992805755,-0.03885333674461305,0.326614331634996,0.10646607334193435,0.08869266875064752,-0.24904331853666004,0.026380354682819095,0.0036824036211760077,-0.1523080623646979,0.16848964597319105,-0.10748944917014716,0.16419095185132923,0.12622509894819706,0.2251601758107192
0.24387395858389277,0.35515077299862235,1.0,0.021633051576680374,0.1188121842951171,0.5388773479696486,0.3264568891998863,0.38844547462334084,0.4377205834116901,-0.28579300693184057,-0.07017559204915702,-0.15247862500273338,-0.029992816681062167,0.2047757538649931,0.09265049966106143,0.22593426778334172,0.3122895981825992,0.4379261332575277,0.2800638516542389,0.2775054120837069,0.17907347212347208,-0.19910782620104525,0.06103081060987076,-0.08172145997409268,-0.07707034295159201,0.09595679079836435,-0.17364588572303252,-0.5098029782860641,0.22887369371748695,-0.5520790624296038,-0.09064748201438849,-0.04350659290197022,-0.11595635345826683,0.3187990640921913,0.08112221469025388,0.2255056744877654,0.011047210863528023,-0.13729885044936818,-0.32935025404040374,-0.25557717959371107,0.010622990968926986,-0.07603157595504144,-0.2850104797737154,-0.11758325862106667,-0.14181627342502898,-0.2784022636749862,-0.2600336751875096,-0.039264393955959855,0.2337582821280969,0.12479937023025957,0.31380935668313426,0.38007915855765234,0.254322013513809,0.07198180665194288,0.48441975902560624,0.6276224005597953,0.34332072336052133,0.5838446567973584,-0.10818481992521484,-0.01638713345433076,0.06223349587806958,0.02153025300124642,0.03506592901970217,0.11874658328048807,0.22545149997101852,0.13183617239946643,0.026616518335483588,0.33041044368152894,-0.012936520084843979,0.41779974196934244,0.45644311298681417,-0.2013295138964816,0.22210122466307983,-0.16399378977061513,0.17169097548708753,0.028969408060177997,0.33109341823660154,-0.21787408978592201,-0.016159716603616803,-0.07117272747151823,-0.07330710744831209,-0.05806570823482974,-0.07424285495615665,-0.055677767816142226,0.06275393059412653,-0.19646629201198312,-0.07715116660471015,-0.39776562699902085,0.13644573702739934,-0.22838337232949202,-0.09498599963487739,-0.05919398220025803,-0.2305219654063983,0.04166101769040694,-0.3322079114823643,0.006446393037545647,-0.3791345039469944,-0.18219409633354955,0.28636154905862543,-0.05077955872384159
-0.2489714296336902,0.6479572368388961,0.021633051576680374,1.0,0.6838847651321194,-0.042787215222976335,0.6560261704604416,0.651403480575361,0.3762462839720208,-0.15819264633698457,-0.2425053492220614,-0.4303759270256088,0.02806636213151283,0.3610836862127262,0.2826794545052689,0.37758673283652144,-0.1976519158818217,0.24274588653869283,0.41337649884840133,-0.034195659613476974,0.5795403108182869,-0.0696442999763159,-0.07338356189849557,-0.4483926622917983,-0.12905059817322642,-0.19842797930078915,-0.1657848787310242,-0.24548363854253433,-0.028809873422444312,0.06734177547347636,-0.34287938474948304,-0.3982969957984885,-0.16244359673272565,0.35234124810461254,-0.09683595027006102,0.3744772413433405,0.1409373739229964,-0.0759159298373434,0.0639283285480933,0.046777947976179776,-0.018387984505034392,-0.38818568168845413,-0.28112064271641274,-0.027583070108990825,-0.0818963962043701,0.10870439899499026,-0.04427854658609127,-0.1979797052107033,0.033832666935651345,0.31189161825871814,-0.4044858071894496,0.6715998683608881,0.5905628463877558,0.8543688683489705,0.22849295717684076,0.01943978858957733,0.7631439976650575,0.3478934944498094,-0.01755485070833822,-0.19234457189289217,-0.3712562280033576,0.12900016290944155,0.029603583568694924,0.3135753794751382,0.3213826115195494,0.17963545476323825,0.27533650623937456,0.10988837975163437,0.35985475919502735,0.2660408323030086,0.2692990195919254,-0.35488219684939193,-0.14501792004968195,0.022170980484783415,-0.3656101611711542,-0.26928152596889765,-0.09726038330804389,0.04901931842660911,-0.22448035739485264,-0.1382346091652104,-0.10430814209669952,0.37284199523735595,-0.055618787713824454,0.04254667790634489,0.3490524469753972,0.1178195510918365,0.2370385920258923,0.17909772167177992,0.4154429330685533,0.1676982437496834,0.3518911720521573,-0.13628407019761726,0.1663184342333703,-0.15308450841288415,-0.12450867519706901,0.13800281866009284,0.08259395442260127,0.2994127596580467,0.058393713666599886,0.43515387281506057
-0.25101134897553085,0.5622662963853841,0.1188121842951171,0.6838847651321194,1.0,0.3259408278848046,0.547698497736765,0.6397498414642147,0.44335352386783583,-0.338558089698454,-0.31945944763945683,-0.5988016881327765,-0.08850242560022084,0.3281187815704883,0.33594716931621876,0.3654807461022064,-0.18919134634214185,0.4600817825982375,0.18382278979248212,0.27941221490892393,0.4949448896210013,-0.046305569526142,0.26179178237956746,-0.5372969509711626,-0.16595544155554467,-0.18687979707419475,0.11080886051037589,-0.024574140080033238,-0.06951973392186904,0.023751966665915517,-0.36861647460147384,-0.3806389538824867,0.0574533686121012,0.3567820515623975,0.10518029345520544,0.3910651418075266,0.0627145699853491,0.045205758032423216,-0.03766377037872665,-0.04357656731757451,0.29962170081563927,-0.4240230915571494,-0.13916395788855915,-0.032463755439417465,0.10468609914500011,0.11895663658863967,0.1100741291465308,0.11397082941549495,0.3313463514902364,0.31145175045374035,-0.19789223709556458,0.527755789289541,0.40991012660995824,0.5041088102162646,0.6567361308521572,0.23545516170650105,0.5950624302989219,0.3097854846821631,-0.2508364129365201,-0.27468894185563403,-0.5128206249589994,0.0023397695217686034,0.03753690057072883,0.3400100588222431,0.35732076123669265,0.24187968773917037,0.29508648400428594,0.009940740416785113,0.14516192517110932,0.37498414642146466,0.41297150729264614,-0.37617371148673767,-0.15997918258869262,-0.18118125560342,-0.4982746933152566,-0.3126763027268155,0.09984933600718371,0.06071155233867617,-0.2863659224596007,-0.20021429664778814,-0.16657008718433733,0.2419696070168368,0.02750431873346308,-0.052773829568563996,0.23674531499420523,0.09721195687826638,0.15470905950012026,0.23736659745766245,0.18855918304869781,0.020270713520369115,0.05734409628493542,-0.4677658481117841,-0.08922175329645099,-0.42701887122520826,-0.17983424810303733,0.05543285736152719,-0.02514268220681813,0.28486428213814174,0.19416588309899194,0.20469703264743827
0.09291290371957753,0.08948415735496709,0.5388773479696486,-0.042787215222976335,0.3259408278848046,1.0,0.20017493603901074,0.3751066016487722,0.6258817869716385,-0.32679801447595724,-0.03955303842032757,-0.20092278760578164,0.2274827004469887,0.1638713345433076,0.2660733419343553,-0.008878003979794888,0.28349072127318037,0.38112877479171675,0.06232096389757495,0.31248824648487894,0.19073515857434,0.012774704248759048,0.2952001924296429,-0.2531677124574696,-0.1567559825458313,0.028225929894382367,0.06853994008440664,-0.09335024381710437,0.24554732139596744,-0.24256876360553695,-0.12793072532855174,0.010150663663597997,-0.0296472852113446,0.15821652708228554,0.07928101287966587,0.11379589337648423,-0.11290371957752947,0.09636810121844391,-0.1899304519150639,-0.19785703352211848,0.06575408366316066,-0.20704554897115743,-0.029557662808247103,-0.0871706282390501,0.04550961054864315,-0.13419576894868065,-0.027307515689575998,0.22932802694015,0.5857645798255013,0.11617502350703024,0.23963202163975492,0.011287747917167785,-0.06892042596925499,-0.18822243117360216,0.7839802322275918,0.7724869344645864,0.1355535632284446,0.4668561807089283,-0.18261135772233278,-0.14688941855634033,-0.09295226432835495,0.28406114014563427,0.22442981784784938,0.2587960027115086,0.11222608783147217,0.3609630228947541,-0.20011808182633226,0.3532527169753559,-0.2715575867573419,0.14800463580503379,0.39448514137018653,-0.10978111128118781,0.09205144437197382,-0.1752115632721786,-0.21025125188602917,-0.11753952461131399,0.320903371681622,-0.054750606809385316,0.05813561916424308,0.0325424766569723,-0.37821691679020863,-0.27485105820035477,0.11272441013754346,-0.20626708359755963,-0.2520653386105705,-0.24203713017428002,-0.1608405676674466,-0.07783568895905568,-0.14772911154359186,-0.38118125560342,-0.1879361788899014,-0.10031269816973169,-0.2007609717696967,-0.14290525026787082,-0.024276748813714985,-0.008716188143709957,-0.18785069209070435,-0.1421052286313092,0.5265968380310949,-0.15022195009949488
-0.06890730576632918,0.6419671557586757,0.3264568891998863,0.6560261704604416,0.547698497736765,0.20017493603901074,1.0,0.7965012792197853,0.5201242045876976,-0.04350659290197022,-0.22003017646672934,-0.3540967833635827,0.03647857741859719,0.5039120071723776,0.42673460016181586,0.5435087796024578,0.16979091840437693,0.5065010605497365,0.42315715816404625,0.23971922765738776,0.5439729548591242,-0.08689073057663292,0.08624784063326846,-0.2674600024711341,-0.0295511026996117,-0.20263278738711157,-0.06414467210426188,-0.3417900330191774,0.174361318058885,-0.33494602670640244,-0.49286479630884955,-0.2876385821434038,-0.09814349128599856,0.3590693402724629,0.09544072948328268,0.2638516542389189,-0.012577901204871969,0.16873492540095317,0.026098298854511297,0.16601430102118914,0.16578688417047516,-0.4591108875817279,-0.27336847364875366,0.03517963744505915,0.02903938247578229,0.017040975531898327,-0.10654479455948919,-0.05840677002470972,0.28453346745096325,0.3009730817169972,-0.062019267039099234,0.7041219304191905,0.5274409044193217,0.513432901095537,0.36461481270910323,0.2194266471321423,0.7764055017384269,0.5360346373357241,0.04858848483523212,-0.1733572412586648,-0.22606984321357504,0.19928276224005598,0.0006428899433644574,0.25973191052021605,0.5005149690921177,0.36385384093940654,0.34644770505783823,0.20862434672322933,0.10385952636067437,0.4180971332356607,0.6198902276355207,-0.2419015547440467,0.03004529755014539,0.11384837418818744,-0.2170212765957447,-0.2568542126784894,0.1503950283072593,-0.05142682206818132,-0.2729833154752794,-0.05796068312523234,-0.2100745885172382,0.09699995298594609,-0.043073626205418644,-0.00015744243510966302,0.30330410443681527,0.008160766219850867,0.08450285364413636,-0.020821784808768878,0.24713651571144302,0.008143272615949793,0.1581554723880506,-0.0276398941636964,0.11547090595001203,-0.26316503028580174,-0.31568957599877545,0.08386433710174718,0.017034396798670488,0.11633928044304223,0.28155518138680546,0.2987164068137587
-0.18909273796768056,0.5288403927314076,0.38844547462334084,0.651403480575361,0.6397498414642147,0.3751066016487722,0.7965012792197853,1.0,0.7637882399247775,-0.08888062802038005,-0.22423738820493758,-0.43272178609695827,0.041284950345469064,0.4459644442500711,0.4854475082547943,0.29520456583061816,-0.04889467636253646,0.4693358990619055,0.31928888500142133,0.18950821106033106,0.5428796034198905,-0.11362533073844876,0.15539131005226214,-0.538009816109543,0.025516635888838905,-0.30752006297697404,-0.2478712470752881,-0.39227657387767595,0.044208620429618345,-0.24998168636354226,-0.48534254663138787,-0.1134941287091907,-0.04507664385209158,0.3495047123395508,-0.11352036911504232,0.22376506089960857,-0.09498589578185476,0.1489036953135906,-0.0028427137420079336,-0.04743828037873653,-0.02907436968358444,-0.4725066147689751,-0.369373476824997,-0.1601189565065273,-0.14345629879075464,-0.16011257146427915,-0.190680282521703,-0.10803612429205571,0.21997769565502612,0.15600358618879973,-0.20317312454706393,0.5540311823489537,0.31797249130786553,0.468220681813212,0.5170322100981829,0.35530821543373203,0.8117382082176204,0.7709474973212919,0.012792197852660121,-0.1757407447901861,-0.3067328508014257,0.1472130502285102,0.0668824211147799,0.2555203253810326,0.427918540856331,0.39917780061664954,0.07974896678401959,0.21005007544116683,0.039623012835931865,0.40493319630010277,0.5047998075703571,-0.42869825719971133,0.026496278778392408,0.10051387461459405,-0.4316677964619186,-0.2175417113118016,0.015215095263851435,-0.04518160547549802,-0.29286916970982485,-0.007146137193588594,-0.3708520934431762,0.022505546025188963,-0.10563950055760862,-0.16320220419409154,0.12925586582405807,-0.17098685793006932,-0.059626948896809605,-0.05275202024015337,0.17325665303623364,-0.13344558395836523,0.04344978619515203,-0.06550042640659509,0.09129037195775294,-0.3284380398416829,-0.21518882158710723,0.036098051649865515,-0.13263650477794056,0.05813574628984683,0.19995626599024732,0.10421377183967112
-0.17802803350025148,0.27806520740854124,0.4377205834116901,0.3762462839720208,0.44335352386783583,0.6258817869716385,0.5201242045876976,0.7637882399247775,1.0,-0.0676040322756992,0.05565590081126588,-0.11697535588550437,0.2067964912166848,0.34854693752596705,0.5441385493428965,-0.02387876932496556,0.04435508118683763,0.3302792416522709,0.2873236972731845,0.09492904156917627,0.5109756084230476,-0.16361767728674204,0.07173252279635259,-0.4005055657057408,0.033729891900363365,-0.11070389888696945,-0.1949837090813671,-0.3174826703986355,0.17451876083827525,-0.13251200773226057,-0.23842470096870833,-0.029323653539174738,-0.10960180184120182,0.2624784063326846,-0.21902866764339288,0.25649122039754213,-0.07734796964859723,0.11511035208169063,-0.04197594845506484,-0.15991778006166496,-0.1988366753405786,-0.3091863287485513,-0.3522909539384078,-0.16138286938837987,-0.02280291268504953,-0.24465706485447355,-0.2722573309133848,-0.1288097789245807,0.29450482167457526,0.12180359056220069,-0.08238403094626838,0.29988847827513065,0.0644464367715554,0.24158666987382738,0.6100063414314142,0.635861887997201,0.5325883973672126,0.8591021407797774,0.037020839255647156,-0.09138221337823359,-0.02442981784784938,0.18806936213946776,0.10720517810675471,0.26510682031882093,0.22791591680952966,0.489335461721808,-0.13466138942948985,0.29944239137565326,-0.09707638144803306,0.20206424526032668,0.448505390216702,-0.3428309024512912,-0.02543791458521407,0.07330257374647395,-0.3507161444097002,-0.10668474339069778,0.07092797211530398,0.11793313069908815,-0.05458441757232512,0.15233430277054952,-0.5337047816696884,-0.13641964577608226,0.10160722485841114,-0.35569744812053095,-0.13709737377271436,-0.3558024097439374,-0.12441013754346067,-0.15257938004795812,0.19015984780564607,-0.2759441079355361,0.05583308459591428,0.04447748791847981,0.0820056416872581,-0.25857295926176993,-0.1810281865692856,0.08353633202860204,-0.20908792722660777,-0.05670782774898811,0.3258708534692003,0.04511163105989373
-0.0319739345301874,-0.2900133388729746,-0.28579300693184057,-0.15819264633698457,-0.338558089698454,-0.32679801447595724,-0.04350659290197022,-0.08888062802038005,-0.0676040322756992,1.0,0.4875161269160963,0.5849073932343487,0.13844890604730023,0.045120377861844266,0.08957599877544772,-0.2075878506920907,-0.026295102113573384,-0.39652751962563687,-0.3278913647197743,-0.410736699394284,-0.11908127865271233,0.024779689925870853,-0.132203538081389,0.2661567275555674,0.7210937013121247,-0.20871181474273467,-0.183674094159323,0.11048085543723077,-0.2905803297121152,0.19288250080099523,-0.18731713717172158,0.20458769762305656,-0.10927379676805668,-0.2867813955522512,-0.2308237300736918,-0.2747545428702631,-0.1536506964641053,0.2790388993007028,0.29986912583290304,0.37150729264612625,-0.271706282390501,-0.13429839714854255,-0.0020817411403011945,-0.18941636963985042,0.0672847740045046,-0.1996350392897033,-0.0857448995211126,-0.10287551114123898,-0.2277098685793007,-0.21514071417637926,-0.18259625046068342,-0.27667009249743063,-0.47702433797642735,-0.10812796571253636,-0.3024469178456627,-0.18113314819269205,-0.20875992215346265,-0.027648640965646936,0.7520369115042312,0.45628129715072924,0.5590168594607596,-0.05026349740875992,-0.06455139839496184,-0.2455008637466926,-0.1373972521864871,0.02620104524283309,-0.09961732741466402,-0.367641206183989,-0.13248780914478145,-0.37312982440795084,-0.31611816929435177,0.23924690035205878,-0.06375769582748102,0.5835385187290897,0.09051627998513044,0.4135487962213816,-0.22420945137805104,0.18914084537840853,-0.08814589665653495,0.2074347816579563,-0.06991115416507535,-0.23952268649583153,-0.018648181758544533,-0.0058953445146618265,-0.10935689138658677,-0.0010977236447923728,0.06471758763202204,0.059592026844000154,-0.02586429336773742,0.03211388336139599,-0.1571364688466847,0.4881196562506833,0.26863178150488726,-0.0633399663248125,0.0652511425510048,-0.13301261726181365,0.006477006844372526,-0.06744455062129488,-0.06355426297260064,-0.052240274649581246
0.07253722857580197,-0.2306050600249284,-0.07017559204915702,-0.2425053492220614,-0.31945944763945683,-0.03955303842032757,-0.22003017646672934,-0.22423738820493758,0.05565590081126588,0.4875161269160963,1.0,0.5382082176204326,0.12323164071604391,0.10732325993308696,0.2305307122083488,-0.2974699875358072,0.016855105787228576,-0.3625636876517023,-0.18516979729286479,-0.3828081607662199,0.10140178588030145,0.28634405545472436,0.018722529575124096,0.3024538086352518,0.2955919350026203,0.157669851960377,-0.015932299752902845,0.17722770112177735,0.026268890400208002,0.25614600177794256,-0.006944960748726247,0.06100457020401916,0.06901664079071089,-0.17079005488618224,-0.020401915549627166,-0.28159454199558287,-0.030023397695217686,0.140631389279795,0.2633577478711288,0.09885198224399204,-0.1511884717150292,0.1654807461022064,0.30880618049720027,0.10022085674925106,0.17695217686033543,0.05986973810956554,0.12989875576742255,-0.08579738033281581,-0.08279285386280641,-0.18200782838774573,0.12552111862979953,-0.42423738820493756,-0.5679342240493319,-0.22008265727843257,-0.06925717784435066,0.19738907961776475,-0.35158207780280337,-0.01657956309724257,0.2927642080864184,0.5563622050687718,0.6206993068159454,0.0050469047254597535,-0.0934027246288076,-0.04331416325905841,-0.1508935971086617,0.1729286479630885,-0.3587413351993177,-0.05319804946316503,-0.23365769390566574,-0.4865452318995867,-0.2388707878681857,0.2056766744658984,0.06910637106821287,0.14311080011370841,0.26285889221753295,0.3566333559292384,-0.1707838682382956,0.2832301939603333,-0.0893310883208327,0.05557717959371105,-0.17998989742208615,-0.29879982812533235,0.06076403315037939,-0.12263016334652643,-0.3767291334105968,-0.23592311561085477,-0.11799435831274191,-0.017191858030512593,-0.1610461175132842,-0.267569045067897,-0.22007196439186186,0.24477487918479807,0.10384640615774857,0.06038354726553104,0.1929107170190899,0.11044586822942862,-0.05068771730336096,-0.24161781202701932,0.04599068465592268,-0.14657016028514575
-0.08089917124051518,-0.44807679692112573,-0.15247862500273338,-0.4303759270256088,-0.5988016881327765,-0.20092278760578164,-0.3540967833635827,-0.43272178609695827,-0.11697535588550437,0.5849073932343487,0.5382082176204326,1.0,0.22096632586915513,-0.08062364697907327,-0.05405960945529291,-0.48246922219063654,0.18680346679885518,-0.5293170934377118,-0.17860969582996217,-0.498672672804006,-0.19985808298330698,-0.05368787037239509,-0.3132579650565262,0.6297223215353543,0.37884627369451884,0.23475979095143337,-0.24245260326693052,0.1028580175373379,-0.04389810828137648,0.36807894872094415,0.17249568126653692,0.15724125866480068,-0.260790273556231,-0.3100916227504319,-0.19266580656447485,-0.35958540158754454,-0.1579716166276705,-0.15419114865477956,0.039419692790136164,0.1503575255297282,-0.4668430605060025,0.20289956484660296,0.08000489821449558,-0.25793006931840545,-0.052957512409525266,-0.22142990687939026,-0.15767859876232754,-0.24393081279657125,-0.35782729439548666,-0.3395814655266668,-0.011865049818565421,-0.44323981544247887,-0.47874745796068313,-0.27558548905556407,-0.31380464017843474,-0.09150904200651637,-0.5082810347466707,-0.07604906955894251,0.498069143469419,0.38498174105092825,0.7449913625330739,0.013977389516957862,0.056093240908792724,-0.17715772670617305,-0.19684720834318858,0.014471583827163194,-0.24876342087424286,-0.14145765454505696,-0.14655266668124467,-0.5825326365047779,-0.37236885263825414,0.49914062670835974,-0.11134253716581535,0.3160219544728958,0.45866042728127526,0.5323128731057707,-0.10504494772706169,0.45843301043056134,0.12811878157048828,0.23042575058494238,0.17288310529683218,-0.37028314522243955,0.049423804421508385,0.13336248933983513,-0.31184098314053926,-0.1130655354136144,-0.11023157158164046,-0.2266102059984801,-0.08803218823117798,-0.087266843060506,-0.007237986527727892,0.481157201898056,0.11056395005576086,0.22045439636133038,0.17507598784194528,-0.2868076359581028,-0.07005313682184951,-0.3903531310348731,-0.23763748879316,-0.16272550348778728
-0.40319083684049906,-0.11592149299332659,-0.029992816681062167,0.02806636213151283,-0.08850242560022084,0.2274827004469887,0.03647857741859719,0.041284950345469064,0.2067964912166848,0.13844890604730023,0.12323164071604391,0.22096632586915513,1.0,0.38258772231957694,0.3473227649985293,-0.3470647340588701,0.45811038050858394,-0.21385735481125684,0.10373281114874795,-0.21780435350689092,0.22998891340428462,0.18629615173105069,0.08686458514424858,0.03098342696076395,-0.17026780579433162,-0.08494903342271092,-0.055301715796446646,0.15584194074263186,0.31514284121131825,0.25930388424456985,-0.05363326150017583,-0.03183183380185345,-0.034412143198445266,0.08324340517750616,0.03406227073789045,-0.08861832085277963,0.012249909525175726,0.027036453510064628,0.1696052340977326,0.08991940906546787,-0.24944157075256077,-0.36172001675036025,0.05262524901106254,-0.04297308496764608,-0.09754881540844147,-0.06562083842653435,0.09713552856441109,0.2089132196030415,0.10296309173552735,0.009175405278050223,-0.27842880852989993,-0.12206831478469914,-0.23440580176021725,-0.18413131588136772,0.056585310386107146,0.13189535752053272,-0.1359779317946318,0.030815016963366,-0.05241526799686936,-0.29051441091881847,0.08255896717654579,0.7975976882181937,0.6542440076144905,0.4447032042853288,0.20044783772891778,0.426140283550017,-0.27067445570248155,0.3870092355398385,0.004471807386466326,-0.24773812921023447,0.0991013744521535,0.3183926859164024,-0.00811267654911668,0.4248129549027871,-0.11488280912605446,-0.13937388136489204,0.08062609813730127,0.2978901597278898,0.07719279831278619,0.05344083164687068,-0.17887487330773186,-0.13216446647671487,0.0894448945408404,0.1073321240867057,-0.16822086573763717,0.009201645712591834,-0.04382371238737,0.1913148440113796,-0.09010746551301609,-0.18257657013477724,0.009579955784819455,0.1785836506786953,0.22956662829016836,0.04723934228353645,0.3845645017217117,-0.023347426633399004,0.1399577310334429,-0.04942833994997581,0.1171372997937546,-4.5920760447820464e-05
-0.25283068378124246,0.2892173798954757,0.2047757538649931,0.3610836862127262,0.3281187815704883,0.1638713345433076,0.5039120071723776,0.4459644442500711,0.34854693752596705,0.045120377861844266,0.10732325993308696,-0.08062364697907327,0.38258772231957694,1.0,0.7380551485862982,0.11816929435175264,0.2909036440311857,0.11329732566530362,0.4090529400188056,-0.07876932496555947,0.6097861513923649,0.010837287616715138,0.23142725940827885,-0.14149498315700565,-0.17170865682879305,-0.18578644683037765,0.009695829962170081,-0.03067503444053268,0.00015306936885162408,-0.0026787110261228602,-0.5103496534079727,-0.35677330476044694,-0.04210710458988432,0.2415560560670005,0.07100653823445803,0.052550786118825306,-0.20879928276224005,0.15137467226790968,0.054208364357212824,0.06055410990356651,0.021206621329076556,-0.5949181080667381,-0.060593536762338335,-0.011047210863528023,0.03960989263300606,0.07181788263751274,0.045715160394480765,-0.02031882093109707,0.18764076884389144,0.20366491001727494,-0.26213975436782233,0.3234392425269511,0.09432113883361395,0.18873849248868382,0.3908377249568127,0.21952286195359821,0.3732172924274562,0.28915615228182195,0.10310292799195295,-0.0565262076053443,0.14979773020489384,0.46294636023703833,0.2886532111696661,0.6023091557149417,0.6908326755011499,0.8294767225733092,-0.09785922022260611,0.24276748813714985,-0.03126981697316918,0.046161247293958145,0.47885679298506484,-0.21072795259233343,0.12204863445879292,0.2525770265246769,-0.008278848046183115,-0.11312676302726815,0.10241434128808306,0.1772364479237279,-0.48351009162275044,-0.1929238372220157,-0.2960121056010786,-0.16225335358229898,-0.29047254597537775,-0.01630841223677593,0.03603245063523649,-0.22637598128184383,-0.09770177778749645,-0.09535992582709536,0.06538234458026285,-0.2621197874527126,-0.06741167633740044,-0.12053093087839759,0.010666724978679671,-0.42017887209988847,-0.08082045002296036,-0.023559511053770965,-0.1542892130064945,-0.16542206691795017,0.21464651986617392,0.18916708578426014
-0.23820603091994488,0.1477684721523693,0.09265049966106143,0.2826794545052689,0.33594716931621876,0.2660733419343553,0.42673460016181586,0.4854475082547943,0.5441385493428965,0.08957599877544772,0.2305307122083488,-0.05405960945529291,0.3473227649985293,0.7380551485862982,1.0,-0.09936804355907371,0.1673068239344377,0.04413636264240887,0.2841617283680654,0.05364413636264241,0.7183974966629741,0.03070564824735956,0.29008331328857884,-0.19948197008821056,-0.17660031116792516,-0.2307581290590628,-0.03495659399532046,0.06501060549736502,0.0709082917678802,0.13870912368983787,-0.40597406573221667,-0.1582908748988651,-0.08546062845772015,0.1613085215718003,0.0656228816339026,-0.03351337167348188,-0.2641402987032866,0.25264099328960554,0.11791139261273215,0.05002296035512016,0.02105355229494216,-0.4570641359253023,-0.07910397662856691,-0.005829743500032801,-0.021648334827578667,0.0861057992454203,0.07870372395093043,0.028580175373379108,0.22232183857777,0.13057225951761386,-0.28325237065942743,0.16486409656469353,-0.038822680457457744,0.055371629747873435,0.3579191358159673,0.274802650280991,0.32586648006822505,0.4236950864840043,0.14346941899368043,-0.11842732500929348,0.03910257811987492,0.4268876691959502,0.30513655944545276,0.505595766547856,0.5591317905412125,0.8247053421092913,-0.14678008353195862,0.3082591677417944,-0.09111543591874222,-0.06504996610614244,0.4467166692178172,-0.13792831995801536,0.15274775616960012,0.2574096346023485,-0.20934158448317333,-0.21992521484332292,0.08749226453031902,0.28005947825326366,-0.4881983774682382,0.003966674684568455,-0.46584257034195553,-0.1695372608704747,-0.2708141085915462,-0.17250880146946274,-0.09213006494500449,-0.20748726246965954,-0.1994576982790667,0.04955724733471215,-0.07206927467144825,-0.2606984321357504,-0.04104441302883762,-0.014952657934442719,0.172040847565109,-0.49104546150313794,0.010426187925039907,0.028536441363626423,-0.03686339682053749,-0.048684806115893695,0.20555421923859088,0.06306444206337058
0.16205199973759593,0.671885591830487,0.22593426778334172,0.37758673283652144,0.3654807461022064,-0.008878003979794888,0.5435087796024578,0.29520456583061816,-0.02387876932496556,-0.2075878506920907,-0.2974699875358072,-0.48246922219063654,-0.3470647340588701,0.11816929435175264,-0.09936804355907371,1.0,0.21332161260603227,0.6574402484091754,0.27779842994904985,0.32811440816951304,0.03615931879834091,0.18902713695305154,0.14092847302704947,-0.14910908257982997,-0.11992971936955778,-0.034917233386543046,0.2054973650259124,-0.41427040738230086,-0.009031092762245821,-0.45882055806871586,-0.24028776978417266,-0.3784347597909514,0.20140823511403644,0.3838665238022348,0.3957184404452122,0.16824473551857602,-0.03086746408344449,0.119346000188342,0.049546313820319814,0.28697819859613827,0.4182020948590672,-0.1462027946032232,0.1029871454671905,0.12256018893092213,0.13854059609455294,0.1526952753005169,0.22216439614266034,0.00859373291640244,0.032953576348647526,0.18963941308958912,0.11427709242871892,0.5897006407032429,0.579208851763574,0.36754499136253305,0.141230237694343,-0.1202379130130546,0.4678839299381164,0.08990837724956813,-0.13706675996588746,0.04462618355163893,-0.28734556427806085,-0.22212503553388294,-0.3341803153222103,-0.02625352605453631,0.1548624671724574,-0.06356300977455118,0.4073691806433273,0.02006079027355623,0.15157333100085282,0.5739082897815486,0.32947890927379675,-0.2525507861188253,0.12970428123630814,-0.1930200520434716,-0.028982528263103803,-0.22841398613631891,0.10733661484929743,-0.42393999693861933,-0.09405873477509785,-0.41822833526491876,0.1459800703685246,0.20165336604652892,0.03135728499267455,0.22314403796112048,0.34562550567448774,0.16283921191314427,0.08886750781745424,-0.20410465997329116,0.10279678992368416,0.16140036299228094,0.018683189393627526,-0.204334040366491,-0.09829218691915768,-0.07168004198464936,-0.2159629135597297,0.09414620279460323,-0.05966193610461175,0.13393132433463245,0.08525070521090726,0.14407294832826747
-0.04083230284962626,0.019267039062178387,0.3122895981825992,-0.1976519158818217,-0.18919134634214185,0.28349072127318037,0.16979091840437693,-0.04889467636253646,0.04435508118683763,-0.026295102113573384,0.016855105787228576,0.18680346679885518,0.45811038050858394,0.2909036440311857,0.1673068239344377,0.21332161260603227,1.0,0.2745908405578171,0.28466060731316056,0.11887572858213637,0.010896352356940274,0.32733848739221355,0.17240840174990268,0.26799166427951343,-0.21683806791469226,0.15048670539326459,0.058205657219051674,-0.14647410561127647,0.28056771304289485,-0.1292736421106954,-0.06433498538739647,-0.23622513855510233,-0.03509658119940564,0.4012840319304753,0.4359957534232706,-0.1224422409769171,-0.12352465890175858,0.00728829663127187,-0.007751870179681572,0.26567565292230455,0.07985620241875979,-0.20460541493246023,0.13156749593819497,-0.122988916696534,-0.1231507327095406,-0.11106494733320359,0.22910523398281168,0.2257595785787562,0.05901036387832776,0.019730620072413527,0.04019164284980178,0.01090946066067506,0.006802832654912831,-0.28884595662254764,0.06052356227022737,0.10228958724895931,-0.08912344921770565,0.058181603487388524,-0.016284376335948522,-0.1347883654287454,0.1675036271934998,0.38056064875123746,0.31350540498302726,0.27715365633138117,0.2957850116498619,0.2910785802614631,0.03320289650665266,0.39438717105178833,0.04832832031701333,0.10469277371239526,0.31346604433121483,0.3668653286233946,0.31706789063849605,0.1304761873524072,0.27314542995515,-0.09709616791259867,0.3174902718844867,0.00364304699552709,-0.012645702746178369,-0.18934441554363457,0.03404922497615791,-0.1523390092913107,-0.0721852487210953,0.3496953376216667,-0.08727568528540049,0.08216973406417855,-0.07765637932302134,-0.21920189631080955,-0.12349404506146003,-0.14637570398174543,0.015304750179856509,0.1778882791633426,0.03079533663745979,0.050473475840790094,0.15360494369795946,-0.2299361810766294,-0.10809309668841244,-0.14168990954692232,0.07613662082248633,-0.05255084357533435
0.07720802081738865,0.5651833548358881,0.4379261332575277,0.24274588653869283,0.4600817825982375,0.38112877479171675,0.5065010605497365,0.4693358990619055,0.3302792416522709,-0.39652751962563687,-0.3625636876517023,-0.5293170934377118,-0.21385735481125684,0.11329732566530362,0.04413636264240887,0.6574402484091754,0.2745908405578171,1.0,0.31023594498261575,0.5711574205681048,0.12794398541914168,0.12755461284467867,0.3736896197327852,-0.44554071148778185,-0.1700227089094945,0.05890096433491505,0.13241346132820186,-0.3009599615140714,0.09211714617490738,-0.47825159984677934,-0.0951870722267171,-0.16997222890380703,0.12985064835669458,0.6454002755242615,0.38763639544291617,0.3301567864249634,0.032472502241368,0.06944101253217393,-0.12431187193800693,-0.04996610614244167,0.3126325687170628,-0.20758347729111543,-0.0882750085008602,-0.04626620891736459,-0.03009774551179725,-0.17961358773445357,0.06670748507576917,0.21171196781176882,0.23496096739629574,0.14938225711224334,0.2518447572159967,0.430272681550808,0.41939603332531544,0.12200039360608778,0.4275393059412652,0.23058756642102732,0.4773567164505478,0.3805995932737093,-0.23135728499267455,-0.21950099494872188,-0.4408781789158339,-0.06487065666615643,-0.08188755986092584,0.13822133782335833,0.1762243909483362,0.09260676565130874,0.23962301283593188,0.30110428374625525,0.15260545363101616,0.7871509479346613,0.43037326977323914,-0.2661783035577617,0.2909779919290536,-0.32000612276136536,-0.19232468128840394,-0.28285845487743544,0.2185546315516182,-0.3540705429577311,0.04728083794362686,-0.2396186394349566,-0.14395955469968316,0.08315156365661053,0.04809866392600205,0.07985392840742603,0.19041350506221164,0.02694452340862872,0.029139970698213467,-0.1812951622479952,0.043965800004373404,-0.13223852528919114,0.025958349870289367,-0.22195447289584747,-0.17224639741094663,-0.08264853163062255,-0.21266536922437734,-0.034882246178740896,-0.3046860991450001,0.17803498291132397,0.28092103824539155,-0.040077846537359775
-0.15964225580022304,0.4142922743871772,0.2800638516542389,0.41337649884840133,0.18382278979248212,0.06232096389757495,0.42315715816404625,0.31928888500142133,0.2873236972731845,-0.3278913647197743,-0.18516979729286479,-0.17860969582996217,0.10373281114874795,0.4090529400188056,0.2841617283680654,0.27779842994904985,0.28466060731316056,0.31023594498261575,1.0,0.23087183748441975,0.4553502606005877,-0.07389735627911045,-0.057965056526207606,-0.09399760993381003,-0.4486370827636921,-0.0077146793203734885,0.05751022282477969,-0.18264634493013493,0.18340115764220807,-0.1351797852439911,-0.18059084647175877,-0.41509698016662655,-0.2925018040279023,0.41159825938641187,-0.022610483042137718,0.2871968686449017,0.00881240296516586,-0.1597213262808618,-0.09827261406121426,-0.0023616365266449454,0.06621329076556384,-0.15926614331634997,-0.32474287107547245,0.16068312523233694,-0.1336948678139555,0.125930032068073,-0.06261398176291794,-0.11448251732960137,0.033320942030570073,0.30943998600511685,-0.08502994142921422,0.4867639019483501,0.5135597297238197,0.4080864184032713,0.14849445671426384,0.021560866808073297,0.4948328267477204,0.3854190811484551,-0.08772605016290919,-0.25421705189040256,-0.1768209748310774,0.23287485513109268,0.24279810194397675,0.5809757057575824,0.5230664605345006,0.294517941877501,0.199169053814699,0.6126959830312042,0.38178478493800705,0.343723076250246,0.5755526885482496,-0.1588725372285758,0.15213985276938613,0.018311429883448863,0.012416085368787038,-0.3291465307996764,0.18116634485697436,-0.023528897246944087,-0.182191511228707,-0.1396951739520238,-0.01292342814161569,0.34210091852474855,-0.10627801709999782,0.12179047035927489,0.3543548140211235,0.09729942489777176,0.06758653867179812,-0.11106701260312843,0.40013120202925806,0.16215258796002713,0.31211028854656486,0.047184623122170956,0.13374734862565874,-0.00138199470818482,-0.2402527825763705,0.1870809735190571,0.010071942446043165,0.18299005705157798,0.11679604644551836,0.3762218188974656
