0,1,2,3,4,5,6,7,8,9,10,11,12,13,14,15,16,17,18,19,20,21,22,23,24,25,26,27,28,29,30,31,32,33,34,35,36,37,38,39,40,41,42,43,44,45,46,47,48,49,50,51,52,53,54,55,56,57,58,59,60,61,62,63,64,65,66,67,68,69,70,71,72,73,74,75,76,77,78,79,80,81,82,83,84,85,86,87,88,89,90,91,92,93,94,95,96,97,98,99
1.0,0.12484578510684384,0.3742862165632289,-0.08096870497160562,0.019045735506939276,0.27829470505322573,0.22933206508260895,0.2636925559333101,0.29405837092566606,-0.029973410684070584,0.018621938853991066,-0.09177238038731875,-0.14564321344596906,-0.09202822799632082,0.1396378579119696,0.11748898913510951,-0.09618300481244643,0.3434087063528688,-0.08780995059628585,0.5753997030284195,0.2825084533731501,-0.07072695252535717,0.13508759056205522,-0.06210975391541019,0.20823570637317462,-0.11117132339582968,0.2494200264323542,0.034387174343664555,0.4507940693582463,-0.15708349193024743,0.03483294563787675,0.15240512448634275,0.16103023437142558,-0.11243883393047698,-0.05180835601430235,0.3210903189148294,0.046618434926198195,0.08811046338239957,0.00647937993840822,0.029121108526474735,0.11354454102822485,-0.008158088770522891,-0.09770867276306,0.14370316654580614,0.06161770309187722,-0.011729749583266625,-0.0570791306831916,0.28591676633736096,0.5293834423367936,0.22971819092196177,0.6149932977344145,0.3708079447745873,0.07075834487002,-0.09117121698702554,0.10066740124753178,0.40163679685071996,0.2565978860395104,0.21248222408483466,-0.016204728314953117,0.028023946080508805,-0.13262637773152638,-0.10649068118248683,0.026931492486242305,0.1261030485105902,-0.07052604151951505,0.15811225274604535,0.33744259124969783,-0.08347230996828017,-0.20731347453609963,0.26743541316856495,0.333406451364828,-0.1021914995809122,-0.018939001535085653,0.25682244208210214,-0.24760084005914318,-0.10771341300710409,0.11179136631366773,-0.22140078920354483,-0.18386810192466466,0.1558614216337204,-0.20540952883229896,-0.00035944234638940947,-0.012508279730904822,-0.13402961553795492,0.2145054606983541,0.07111546069657833,0.008273455682429275,-0.06687040298352843,0.5631300051169522,0.23692753584518483,0.20634031185155188,0.09158088708487548,0.15492122091106864,-0.14162813256359305,-0.09167902413719793,-0.004274067725844375,-0.13912543247877868,0.3545498494737073,0.6274340839242942,0.2987091467874644
0.12484578510684384,1.0,0.2103067345997005,0.6503803182555902,0.6999974886124269,-0.059532442418591805,0.23219975576755852,0.6256541379819117,-0.11322590872989713,0.10558815127343046,0.10667275678153125,0.11260277068833995,0.3427824290768453,-0.07129044511205497,-0.27040109998775697,0.5250934707062336,0.023486182659496656,0.3045292874879532,-0.2755520151939916,0.10059676847204041,-0.3138301775512712,0.3660378780030702,-0.0397026986832114,-0.08594753083513054,-0.05179581940134389,-0.07643332596921547,0.12952481407883873,0.04980238519034748,-0.21016389943148464,0.3181585236169698,0.12508750616074765,0.15168937902803023,0.30762940223853413,0.2564450496196427,0.29871385563916386,0.12796932340079548,0.06298091619379144,0.1599816668707169,0.23627605172202706,0.28442406034864337,0.11326514916072566,0.0921483398740688,0.3134117514103011,-0.03357097338243096,0.18324582059818761,0.0903267629155954,0.3088724183720558,0.10825650056977106,0.002217870020730898,0.04184756505278623,0.24281821634976095,0.6771093301187573,0.3023710637923836,0.6662099080518225,0.1479536900131534,-0.08695365548157426,0.5138550113169402,-0.12866623345231032,0.1675566396378579,0.27797764237213113,0.26127377577703903,0.2923553362277075,0.035222210711695845,-0.14251810553478428,-0.23799007374061762,-0.2605219291223642,0.20236761063447067,-0.35802683262776924,-0.1792549968764617,0.0875729038440401,-0.3791419762509263,0.16420079799340134,-0.2756718746566462,0.18824269902069066,-0.4416196566305341,-0.04489890095401335,-0.20987211533562944,0.11102687498626584,0.0082059588948639,0.05943669576737017,-0.20867276306000018,-0.06795971734332866,0.2106049618739974,0.14636052852151474,-0.0564858153690641,0.1725410268675544,0.0705974868063864,0.1313644054760806,0.12231085327532028,-0.04597803084377908,-0.027804199667868994,0.18150111913708722,0.12657864253223208,0.058600089782105735,0.11716490915248993,-0.04436523109474524,0.05302561498608745,-0.06671658049468057,0.1051659242377154,-0.05916829122050297
0.3742862165632289,0.2103067345997005,1.0,-0.2870107895488606,0.15916232667501704,0.8014763819694929,0.36130077319344905,0.48677283557631634,0.7361049634436146,-0.10225899312193729,0.011657547190542114,-0.14282732012971316,-0.07206583602522688,-0.04471054688603637,0.18034117200179564,-0.20474871997714636,0.010139727326094259,0.2168598865480664,0.11105835449051642,0.5674323259529931,0.390708490180697,-0.20596046448113164,0.07342358374363055,-0.02760485827926002,0.08464242731983303,0.007366216565668865,0.12719550210485672,0.07066573745326464,0.4887960721898358,-0.185200067493651,-0.1741521712515186,-0.13156688609915587,-0.29578349633162965,-0.2602607921080385,-0.20160320704193074,0.1651786695296485,-0.1407766704559966,-0.17798517653485021,-0.14749065292937663,-0.0408524277269745,-0.37130080458579373,-0.38077594843180446,-0.34552455038314356,-0.18520227657283495,-0.271379862823269,-0.2893652153985729,-0.38419521015605135,-0.0760652207352715,0.4900433253767166,-0.11383648983358918,0.2465083864648767,0.5713861917632767,0.04442016769790519,-0.1405874763380202,0.7411512828481647,0.752367767596194,0.409855312683449,0.7111009609196701,-0.03058713102222892,0.039282810493832976,-0.0964011816078531,-0.11798184894631596,-0.026860859710750935,-0.06438255966899911,-0.0756869429820844,0.13738231794794523,0.17699474806073792,0.013627427513061459,-0.11634473817214934,0.25461398976846566,0.37233846768414774,-0.1606989819462626,0.07545777886604572,0.18610174027456403,-0.07685787743800797,0.08655340308712317,0.26752969521941694,-0.04364163755026699,-0.29255781685078275,-0.2098829379467523,-0.1642682915344264,-0.34458748889495805,-0.2645558454115379,-0.07166872286524208,0.1415779048121325,-0.023411635027750684,-0.16523210135337646,-0.20247905345802372,0.41517631510379877,-0.0926890732230722,-0.24519304722350407,-0.04089323777503618,-0.024934939365686283,-0.2986416532464393,-0.28060293730438346,-0.23048416413173484,-0.3355474101109546,0.06357263717669809,0.2955526465316168,-0.029676753027006834
-0.08096870497160562,0.6503803182555902,-0.2870107895488606,1.0,0.7427601405121347,-0.5102857017287764,-0.13157630380255472,0.30543495663147585,-0.5487303366201118,0.047848211735086285,0.044610091383115315,0.11032368646581844,0.22179790236352964,-0.04733808613431528,-0.25116858003007386,0.5617848431481499,0.12220411930346665,0.06746214868042279,-0.23757902047967008,-0.37715390724817843,-0.5141785542328868,0.40767825358108173,-0.27562410948714466,-0.1027926629812054,-0.26569549178287477,-0.06212155042142755,-0.214470929119225,-0.04267004448295239,-0.4298710716404698,0.19185132573905506,0.16995187553563187,0.21233154083045308,0.2977808350445667,0.3087384583993197,0.2659716401558316,-0.1016060323529504,0.10215465366186743,0.1924617562761145,0.1688233207450031,0.15548628311499957,0.217665100188668,0.06607541778322594,0.4138421404556285,-0.061279426399078324,0.05870841640863255,0.09540918351650766,0.2934838910183363,-0.11394636303990908,-0.27420909899621126,0.03275948127289679,0.18471412561332792,0.2028180907803823,0.14198443567551616,0.8807326345397412,-0.22446311242540395,-0.5345127437223158,0.23374582874220293,-0.5294664243177659,0.0419260459144433,0.06319278980627784,0.1661314271901654,0.22407855620328426,0.054691742871583335,-0.04668198613086213,-0.2153593324731831,-0.32508342515594146,-0.0709969266894575,-0.26575995040013833,-0.06448615440638646,-0.10794497390707358,-0.5241589693261759,0.21907775569849536,-0.33237429720388384,-0.07556611210760626,-0.3082743942062289,-0.13926585862771504,-0.3205474829206878,0.03715127029122678,0.14297643376686162,0.2570452269509557,-0.08402161049006589,0.01240311537628434,0.18643913495255046,0.06161846372143689,-0.29538469748767066,0.01998358964538955,0.11840490725325244,0.1353967521480212,-0.23098016317740755,-0.11543362066496964,0.15067854552988708,0.1261407193241856,0.01811181325322007,0.12945104206888108,0.11149858871736004,-0.027618984834358293,0.06919424844932098,-0.3016003817309111,-0.09285855551265268,-0.09942269478165054
0.019045735506939276,0.6999974886124269,0.15916232667501704,0.7427601405121347,1.0,-0.07965022649576674,0.041249540886959306,0.540014252124477,-0.15367965367965367,-0.06654078336456871,0.08135169157649216,-0.02795488292225058,0.10944784004972548,-0.046903302160735086,-0.23861949025110737,0.4007170011520991,0.05793614169248687,0.15362628669372685,-0.11489764125588711,-0.17262964253537133,-0.35194520778015187,0.3253722347268395,-0.29262856445500607,-0.034925553054632096,-0.30835378087587834,0.011642640395450416,-0.16248206712311136,0.07875240543840979,-0.1697258506540595,0.08377917037818612,0.09149612775428584,0.07703053533365353,0.10058268138602738,0.2256075404471753,0.1772662918420714,0.02098421278986906,0.14097287268712988,0.06215527281517129,0.040527516959714203,0.08299978967129076,0.0017736674734499245,-0.1434858308634853,0.22755996722639218,-0.08771335022241476,-0.04871230513685284,0.034101504007232795,0.1036245601147704,-0.1975457464942599,-0.13561969101288876,-0.0025098179557933,0.24776564986862304,0.48267770421505013,0.19393405724080126,0.812190589202917,0.21445523294689356,-0.18388693733146236,0.4641938916775755,-0.15055297615123575,-0.021122339106385515,0.008028592147518906,-0.019916873071332823,0.10797710870227187,0.0654247855118051,-0.08120257793934371,-0.14778103211750782,-0.27589946915545177,0.04479216698215973,-0.16322697860222654,-0.03654225880476787,0.07334824208687536,-0.3688342958361069,0.283355151012874,-0.2196381090507269,-0.06740017524783803,-0.2028934324075731,-0.03662387890089123,-0.07469343389357933,0.060223074001174076,0.086595782752418,0.19992057736800303,-0.08188065258406085,-0.08544839255499154,0.15882171973542533,0.18485539116431068,-0.1852336689174978,0.08813875107862855,0.1396904949044426,0.10337342135746777,-0.0002464299056032196,-0.13988983637127403,0.009957651727049842,0.11670731975300504,-0.04568527918781726,0.09996264310985123,0.02734902140213388,0.0072265177413835865,0.005572143364185909,-0.3032265051844457,-0.07457722359825333,-0.045071558849658924
0.27829470505322573,-0.059532442418591805,0.8014763819694929,-0.5102857017287764,-0.07965022649576674,1.0,0.22970877321856292,0.27795566773086716,0.8379024890990083,-0.051648255056521916,0.019736367089521548,-0.13332014854857493,-0.14884523260157778,-0.1409045390191148,0.2200619057036751,-0.36655899092447314,-0.14661323689605052,0.09364022489475717,0.018027068070434332,0.6069772625247607,0.48697001362824444,-0.3762482381046558,0.19846954411628315,0.07653139705351453,0.23540893057621304,0.12244353397890041,0.2229798241400852,0.19022034286718842,0.5321834317483338,-0.09049242855295736,-0.3150425837155351,-0.21171468125782847,-0.3377189764051381,-0.38890750630802395,-0.3540083315282735,0.17070686142477295,-0.1323729364920948,-0.21862727555258374,-0.2562886714445815,-0.11360889533478366,-0.4033272746108134,-0.26907644862976393,-0.4411597587812236,-0.09271258110997052,-0.27998843191647393,-0.29668434055671183,-0.45970478639079076,-0.028687894170127674,0.5154915395636309,-0.1205010846055081,0.11664610468091251,0.27003694878966816,-0.14531830267870877,-0.40694210309873835,0.8350677603759548,0.8662984344637716,0.19949364148058854,0.798892792003742,-0.06126686946121319,0.012213191691074215,-0.14549880866052003,-0.23519458544839256,-0.06395562378158462,-0.11065958455371074,-0.07888268366876054,0.21548647146906755,0.19650822950315336,0.00711194126487923,-0.17243030114676236,0.26309385019804715,0.48974509798539395,-0.2188972497166841,0.1959965342851492,0.17561747785172466,0.03216145710706987,0.23040568327007777,0.40699421988012796,0.13155118992682444,-0.2876229402697858,-0.3385711460403266,-0.1336325023779701,-0.2752998753723917,-0.2570405180992563,-0.11706990133386072,0.302885898244854,-0.03022613091947269,-0.1481397477859673,-0.12900841000913518,0.45405730358594754,-0.07004576613243954,-0.34985983318108044,-0.20555236400051483,-0.12480340544154903,-0.3611249760633372,-0.31690427410866784,-0.1343388301328838,-0.3100254238851341,0.22546923707184766,0.3270313201422701,0.03772888943302286
0.22933206508260895,0.23219975576755852,0.36130077319344905,-0.13157630380255472,0.041249540886959306,0.22970877321856292,1.0,0.28039642252840224,0.3031872647536172,0.09832396271845148,0.22472052965163916,0.0867888456720944,0.006063431371625716,-0.18589447777265036,-0.016644221140232743,0.2594169185902326,-0.03962969590235725,0.10136431129904662,-0.20391855249791438,0.4819619587567376,0.10083068100617988,0.1036276993492367,0.2695080935382572,0.441674593233694,0.06910634984977326,0.09301241449997988,0.4129992560014315,0.04717170670760228,0.14852660030325004,-0.02904186564851643,-0.07314887191609454,-0.14775277900731126,0.10119797158286144,-0.004033919455029711,0.1583068852829549,0.12301718103023397,-0.10607398943098638,0.04388335860417079,0.3195363978540193,0.6066868833366296,0.09268118876530769,0.017927390263112495,0.028403793450929058,-0.04617970861625684,0.245033042417764,0.08137366621775614,-0.012443925424346018,0.22519769329051417,0.10357986666881978,0.014733996967499505,0.1455349098568823,0.3080703439659205,0.638311531349965,-0.15005697710556304,0.07504967838542893,0.24026758834590597,0.2141946764861921,0.16805263868353063,-0.055360399812901626,0.08856565238001061,-0.03466813582839689,0.00835193329754606,-0.21140703628013272,-0.18947634429867932,-0.14187142323472998,-0.004759079450885107,0.7340362079303341,-0.1945039809448917,-0.08743395835491558,0.07413775986495579,0.09169158107999047,0.09469500767542827,-0.04606355694100436,0.5756228145524422,0.13451776649746192,-0.1093881945948661,0.14189272442605383,-0.09573409428376796,-0.22404559424138829,0.030507080543338703,0.265100502591438,0.029783486998860458,0.27877657754380014,0.32393603495851503,0.3677848619835567,0.4742333495919947,-0.05564687679402843,-0.07452385661232652,0.33656517521637175,0.4044175324744434,0.058394469924564193,0.26898687486069645,0.3400685608807436,-0.16372520397175944,0.1923111484854709,-0.054217718467174596,0.16116757593321887,0.28931341802987925,0.15390567856122606,0.020257480010924537
0.2636925559333101,0.6256541379819117,0.48677283557631634,0.30543495663147585,0.540014252124477,0.27795566773086716,0.28039642252840224,1.0,0.34783659656756105,-0.059259329020025175,0.163908849188037,0.09698350960134862,0.12571535305400425,0.08247082866372206,-0.14530103688914422,0.3174346803788428,0.15158107543894345,0.4918772308184926,0.07779264555270624,0.3555041767514574,0.0968485605230983,0.27825860385686346,0.11758556673603975,-0.01922310225428427,0.0676638710464812,0.02880091791252035,0.24821456039730153,0.09110372344600046,0.0981544440572722,0.05671109994939726,-0.09161541866400459,0.07504653915096264,0.07391251970361475,0.19185760421291503,0.25712213819537966,0.20745474008708237,-0.018267997336359917,0.04153050237169164,0.041381388734543195,0.022489475716451785,-0.06550326637346217,-0.13218065830558415,0.03886529230981733,-0.16213832094905337,0.04304912393742108,-0.09087298971272866,0.08096242650267306,0.1251314554432756,0.14186755486109778,-0.05060132036201652,0.3470831802956531,0.7237709112255886,0.09893768305660981,0.35608179589325345,0.39874399229004015,0.21026592455163884,0.7566747972839344,0.3644572734492967,-0.05498369167694766,0.0055674323259529935,-0.019146191009860335,0.08782793228043409,-0.02490982548995602,-0.1057372649105789,-0.1513001139542111,-0.06531805153995146,0.07019014343162276,-0.0497647534325747,-0.014190909404832537,0.3665206791265829,-0.01483681271830065,0.22875130670634658,-0.09831297539781948,-0.10863796018743642,-0.25774684585417,-0.057305155564763975,-0.03791177959418682,-0.0640906108636348,-0.1870826780181385,-0.06147248931875473,-0.18587878160031895,-0.19069122803713087,0.10475939337433174,0.26670779063817496,0.15725838097121636,0.06172914595916094,0.011208641060183542,0.06822655227296272,0.29664980897758275,-0.1389300150565699,-0.20157652354896735,-0.04569940574291553,-0.07890465831002452,-0.18219018110243637,-0.19075330277027247,-0.1989364273628233,-0.22176424261427838,0.04174083108093261,0.09824705147402754,-0.04853413446596913
0.29405837092566606,-0.11322590872989713,0.7361049634436146,-0.5487303366201118,-0.15367965367965367,0.8379024890990083,0.3031872647536172,0.34783659656756105,1.0,-0.05681700460525696,0.11246621398905662,-0.10419433117040079,-0.12256984011878863,0.05475138832644271,0.23177438949737716,-0.3076025980304443,-0.08741512294811787,0.11031112952795331,0.20648880273433895,0.5790333669231421,0.5417190690126068,-0.25299404487221744,0.23657044778452221,0.06989505539179215,0.10773542992422322,0.031774558927576746,0.315706531805154,0.24029584145610253,0.610041155363853,-0.07370771349756428,-0.29348859987003567,-0.18383200072830239,-0.19879131577534176,-0.25917932498565893,-0.21120298603982432,0.3108218829756176,0.01919328705838459,-0.1339118942454693,-0.15091084888039202,-0.06597101230893834,-0.24708914484113903,-0.2396618101382586,-0.338630791495186,0.05633356249744937,-0.08496969264136338,-0.11852650612621606,-0.28646770198619365,0.17776856935667668,0.5285711650999018,0.06716549102335904,0.1363950287082992,0.28999306229182953,-0.017129232865273476,-0.4648437132120961,0.6911291512451774,0.8093087719628691,0.20212745919780004,0.9279671259366691,-0.10419433117040079,-0.11433562811372819,-0.17894892151599912,-0.19635440701430548,-0.011594762501216454,-0.022436108730524974,0.0999500861719861,0.3591347014117137,0.1392234789624202,0.14966782949239224,-0.1026718024542535,0.1886233313490893,0.5426365106453862,-0.2001261972255446,0.23826004790471794,0.09277540220477085,0.050472611748898916,0.03037366307852167,0.35942536268007724,0.06462741995736919,-0.26077777673136626,-0.24626195655927346,-0.260441878643474,-0.22178377580843137,-0.2240879739066831,-0.07000178936364577,0.20353540585592797,-0.1017308568426195,-0.04658939699599046,-0.18372840599091506,0.44662673560425553,0.0045322715391793835,-0.2920869316808403,-0.12616583319991587,-0.003206728007308138,-0.3017699003920904,-0.2625099523581944,-0.07225419009320387,-0.20804028895096585,0.1427802316127189,0.2554818881867468,0.16214459941798592
-0.029973410684070584,0.10558815127343046,-0.10225899312193729,0.047848211735086285,-0.06654078336456871,-0.051648255056521916,0.09832396271845148,-0.059259329020025175,-0.05681700460525696,1.0,0.4755249584836242,0.7379445548408565,0.4908915111960797,0.3018954697707417,0.11811369679389984,0.18585680695905496,0.2922077922077922,-0.22931950814474383,-0.0024046554883679055,-0.06000175797130112,0.013072562255949955,0.36311525071496065,0.1149438998960609,0.25545049584208396,0.2946533714803018,0.05988798422220599,0.12400917912157941,0.13861132824149502,-0.08343143441040468,0.45500884872423647,0.23654602588612741,0.35888356265441107,0.2410815294827392,-0.06758934072102506,0.26718024542535057,-0.19105067038352028,-0.010989679370238772,0.4905760181322183,0.5935476174780018,0.503470423702476,0.1976775943418438,0.48086420019537596,0.45231031960546103,0.34627482742058524,0.1951670681618473,0.506309861277229,0.10395417973373013,0.15195935319213058,0.0296524355956389,0.2735167901955429,-0.11458676687103084,0.14045248925597004,0.06795814772609551,0.02815108507639327,-0.0923908095771765,0.0666914666189503,-0.03552514683769216,-0.08248181598435406,0.7285503957005045,0.3431716941506644,0.5354089951624397,0.48897500855441395,0.377326565143824,0.23417747348131684,0.24570945129320765,0.19332818498880863,0.027812047754034702,0.0017634663454186305,-0.240390018490091,-0.2659058205746497,0.010157781910233551,0.11053715440952569,0.0520218239580096,0.3170824257345369,0.13033002771944033,0.2896555945867041,0.023792276692350334,0.2007587529705006,-0.15275514912933333,0.015408932377750362,-0.22487592175772017,-0.07525215900850418,0.07635246068893639,0.054296199328831674,-0.15605919340509625,-0.07508110019224472,-0.15251270311346646,-0.15757858288677723,-0.1377857095768626,0.24005264498267614,-0.03859688776295013,0.4477709865672157,0.5753039563771979,0.2087638008595224,0.5501353599193012,0.22147456121350248,0.3826806796916466,-0.17971175549130589,0.08386621838398488,0.13570282750848378
0.018621938853991066,0.10667275678153125,0.011657547190542114,0.044610091383115315,0.08135169157649216,0.019736367089521548,0.22472052965163916,0.163908849188037,0.11246621398905662,0.4755249584836242,1.0,0.6617647520475657,0.25686786020361074,0.1426358268272699,0.07981189707078032,0.2191436796222873,0.10508901299329146,-0.05248800027625263,-0.0960316121159145,0.05185073567959717,-0.00764482373387816,0.27939657635089105,0.013560713407009622,0.2425027232858995,0.18843890125182397,0.16590232817492784,0.11606063745295073,0.2110962520679707,-0.03283482290008759,0.21457469225674577,0.08628342892302283,0.1347657660202983,0.2414142884667413,0.03671494551463034,0.20231738288301016,0.11677638291126326,0.11611483481146448,0.21775770760542335,0.28151085076393273,0.36371641411525385,0.20115743574771855,0.3293952929515387,0.3579920200659867,0.19173816273163627,0.26678166733442876,0.3424983283576467,0.08220085449962172,0.15576881421696506,0.14154813762881274,0.24644560177555103,-0.03205001428351682,0.16216343482478363,0.1330203516570449,-0.007957959372027538,-0.0012996430690411836,0.04555029210576709,0.033222518356673544,0.08684064304078808,0.2509959221344283,0.38655748409192936,0.2835529227842498,0.326808434495164,0.0756869429820844,0.026636404446411698,0.11573729630292356,0.21112293556093412,0.1327393901723126,0.008067838910059423,-0.15736825417753628,-0.1852227542790868,-0.014103016373862081,0.12569965688167284,-0.026281670951721712,0.1477088876863986,0.16160779032425152,0.06992801735368813,0.02883546082036997,0.03293056955130922,-0.2513553644808177,-0.024347902520491353,-0.1300302308279103,0.01713551133420604,0.12153232312768208,0.146052883543819,-0.17439860115712183,-0.12925881467954695,-0.037309816272309594,-0.21404870208350993,0.005098116773243677,0.2607590436475608,-0.11556934725897743,0.0936904526462177,0.17297966717836188,0.05391635195841142,0.3170337675812158,0.05799107829564682,0.17437591013311307,-0.21411776524176815,0.1057372649105789,0.15768688647586399
-0.09177238038731875,0.11260277068833995,-0.14282732012971316,0.11032368646581844,-0.02795488292225058,-0.13332014854857493,0.0867888456720944,0.09698350960134862,-0.10419433117040079,0.7379445548408565,0.6617647520475657,1.0,0.5845599892010335,0.411740422980452,-0.004325865094538046,0.22886588876436592,0.5026871847031383,-0.1316861770088746,0.13886885445324654,-0.11995014895667543,-0.032365520047750264,0.4432803116631978,0.12731798220917628,0.2241397712753768,0.3762844869567008,0.22976144555527195,0.09453804595211411,0.22891140766412701,-0.18852515625539557,0.4352442130130559,0.30665611883885996,0.24409588477753816,0.18789031981357524,0.13107020510993328,0.3257191201353638,-0.14919211801010204,0.019425590500046424,0.26812044614800234,0.3986278406147877,0.30559505758925626,0.14138798112692239,0.41182063505956534,0.42970155297929047,0.2850534768591331,0.21598412488509117,0.4108551588609602,0.17092817745464592,0.1347657660202983,0.0013702763822350137,0.1615010563523979,-0.0756869429820844,0.1102499144558608,0.06512341900304192,0.059512037394560964,-0.11990619967414747,-0.06869115897397261,0.06445476206172362,-0.08743709758938185,0.6018351964689891,0.45436023971194384,0.6986397697057596,0.6390712260908055,0.2576510992029484,0.1319090626559807,0.1902846971737472,0.11876822718011985,-0.053307340471952507,0.07735472200097343,-0.05275326558865355,-0.18848363536052237,-0.09814977371997438,0.24245406515167212,0.014195618256531962,0.12028138539181138,0.19851420032710823,0.33020822542214856,-0.06719144244014956,0.20270193910512982,-0.05984950509968639,-0.08190576645979111,-0.12747646358958906,-0.053274378510056536,0.1397288957114918,0.14670427469557273,-0.16212576401118822,-0.1449369425649472,-0.1396481152225178,0.017664472341774734,-0.18631827442559856,0.0786613985059653,-0.09095147057438573,0.18815315697114102,0.24864149628471602,0.16316171138506164,0.39388225747150934,0.20427469557273764,0.23766918027886874,-0.20733387956013047,0.02104071901026216,0.034354212381768584
-0.14564321344596906,0.3427824290768453,-0.07206583602522688,0.22179790236352964,0.10944784004972548,-0.14884523260157778,0.006063431371625716,0.12571535305400425,-0.12256984011878863,0.4908915111960797,0.25686786020361074,0.5845599892010335,1.0,0.20660871639841907,-0.029750525036964487,0.18233615550511853,0.2524854888886796,-0.07316299847119281,-0.04844313468505135,-0.11722686305717488,-0.1110583109106969,0.4095539461746858,0.11780766766168264,0.06049775701697384,0.12813732272638897,0.09121049320925159,0.24937293791535997,0.29902777908579214,-0.12466057027333315,0.6446477972368851,0.31338506791733767,0.12799757651099203,0.24565225665922072,0.1767154948811362,0.3493701126043403,-0.06765992045179862,0.1404580380326361,0.06901293050676661,0.2581549463347868,0.16899126978894927,0.08090905951674625,0.2908760861265234,0.4188398017259511,0.16281796521100364,0.2964717737584453,0.3194720435474605,0.2882554960147418,0.21369867744051935,-0.18200032883495337,0.06672285896361313,-0.10812465272218717,0.23418846080194883,0.12000665517706852,0.2586760592561898,-0.050507143328028026,-0.08537932939673332,0.1928055024501725,-0.14662422421668253,0.5527516959714204,0.2536532841101369,0.668578460456633,0.8851511070510345,0.327174155310486,0.04323196745241705,0.020053429770616138,0.08038166812641069,-0.06356949794223181,-0.12987807988577177,0.013919365623499054,-0.020741715066488645,-0.13225599996233933,0.28542861537785397,-0.030334422647693135,0.11493997585143824,-0.12727241334928063,0.16064561496033578,-0.11152374636538658,0.36926187179994285,0.08327290306985738,-0.10416607806020424,-0.11827222813444713,0.008014465592420632,0.17605140810361986,0.15617377546311556,-0.06507633048604768,0.1164460241776175,0.013173802607214742,0.22878583828547572,-0.11480494366643751,-0.10482300400528041,0.030205714034575528,0.20272234412916065,0.21293898269967887,0.10615949194629398,0.34193261552095694,0.12898957460233748,0.21933290456607443,-0.12603241573509885,-0.1784607705564921,-0.06337800463978854
-0.09202822799632082,-0.07129044511205497,-0.04471054688603637,-0.04733808613431528,-0.046903302160735086,-0.1409045390191148,-0.18589447777265036,0.08247082866372206,0.05475138832644271,0.3018954697707417,0.1426358268272699,0.411740422980452,0.20660871639841907,1.0,0.2636878470816107,0.0039554354275166455,0.6228194092588581,0.005507786871093615,0.7542683812134688,-0.21938069182449169,0.23703976352139308,0.35106372959890003,0.21647541527184896,-0.1874232849577302,0.051372022582095944,-0.06742607394234763,-0.08991552320051233,0.07215530420751595,0.045782595456272036,0.19668653542046324,0.237517618953442,0.221524788964963,0.09204552990495495,0.3620489799443115,0.2960674809840872,-0.13406885596878346,0.02928043616541015,0.14413481128492006,0.09164995024313372,-0.14751576680510692,0.007143328028027085,0.047436205825561815,0.2018088268994723,0.29910782956468235,0.016381316681782037,0.2423598881176836,0.22314306433233191,0.05485184382936377,-0.033260987030642675,0.1518322141962461,0.1250404176437534,0.08410323058618925,-0.01705232162084954,0.05025914380519166,-0.11640438362700872,-0.007636187839233525,0.13982150312824715,0.10868343645718555,0.34500500707897375,-0.022385880979064444,0.25339272764943543,0.3158776200835664,0.5195825446006737,0.5777651161987638,0.6264624908569796,0.35665313656611697,-0.3638168696181749,0.6238848841819696,0.4112334366141473,-0.03059813034970144,0.09368185651260673,0.3592587011731319,0.4133288756203912,-0.33046263308890383,0.20874339583549156,0.19838392209675748,-0.0663846585491436,0.05609027182631243,0.06698341542431463,0.03294469610640749,-0.20596046448113164,-0.007666010566663214,-0.003938169637952089,0.1771454313151195,-0.1961205340465674,-0.1716314333240204,-0.07766547598073263,0.022889728110902875,-0.2026517113536693,-0.1350915146066779,0.004016650499609165,0.037177953784190185,0.024517421181670638,0.3115721600130592,0.16413415366795447,0.2100147857943362,0.1428674014309531,-0.2267108043032626,-0.1756103456611071,0.062015576881421695
0.1396378579119696,-0.27040109998775697,0.18034117200179564,-0.25116858003007386,-0.23861949025110737,0.2200619057036751,-0.016644221140232743,-0.14530103688914422,0.23177438949737716,0.11811369679389984,0.07981189707078032,-0.004325865094538046,-0.029750525036964487,0.2636878470816107,1.0,-0.16525244153960617,-0.011935369440808164,-0.1835855708226992,0.14544398620309848,0.13228577079193468,0.5957413913328515,-0.1564625850340136,0.3105143598451183,0.10372030676599205,0.03613652693013242,0.1135194716980331,0.008521451958725345,0.07318654272968994,0.46632700149741485,-0.09928307676614564,-0.2617415217125152,0.009069248373091738,-0.20110728691163932,-0.2589038569450528,-0.32520742491735966,-0.18572181987700478,-0.16965763887881932,0.05334501128554791,-0.08267801813849675,-0.03864240666271123,-0.19273486967468112,-0.10136199664808888,-0.33059749049596765,0.031116092029797614,-0.17595573049819846,-0.18240835789784304,-0.3186103236864658,-0.05539807062649702,0.13436792077825827,-0.035826513346455334,0.04131860404521753,-0.07195439320167384,-0.08253204373581459,-0.25154528816602784,0.0575515854703672,0.2997498030130372,-0.10710126228617889,0.18872606726123767,0.02299803169998964,-0.08094673033034164,-0.08234055043337132,-0.08013523822080747,0.20652866591952887,0.3490295056647486,0.3885100879299574,0.8470753322094874,-0.00048658134227387307,0.22388802341877642,-0.009326665599326949,-0.025345404217800554,0.7184548995817913,-0.06333719459172686,0.5237498783546645,0.013910738187351442,0.17982790716655836,0.12071298293198221,0.44175499040584315,0.006383633287186587,-0.2315075545677431,0.03188520447403696,-0.14533713808550647,-0.21738413870393566,-0.29321077761976966,-0.20255125585074824,0.024332206348159937,-0.07344948243814015,-0.26299417946463144,-0.26015306907257596,0.01916816565112432,0.03256015266103451,-0.01468690845050526,0.05898150676975913,0.06689865609372499,-0.18431073398441056,-0.09848488713075007,-0.037923521969932414,-0.12641545194596307,-0.008260895498023852,0.037758712160452554,0.003104702887153939
0.11748898913510951,0.5250934707062336,-0.20474871997714636,0.5617848431481499,0.4007170011520991,-0.36655899092447314,0.2594169185902326,0.3174346803788428,-0.3076025980304443,0.18585680695905496,0.2191436796222873,0.22886588876436592,0.18233615550511853,0.0039554354275166455,-0.16525244153960617,1.0,0.22439561888437887,0.32306332777688834,-0.14061505499555027,-0.06488640680083754,-0.3046165207772511,0.6322528088300388,0.10134630046959822,0.22385880979064446,-0.1616125625934292,-0.008949960975376916,0.13285083299586564,-0.028466578140254717,-0.299192588895272,0.31319225079373475,0.12843236048457224,0.25852380638457506,0.6133077694906787,0.5341835433353682,0.4741436953184596,0.0862441884921943,0.09305322456405561,0.3576529827436281,0.4001299643069041,0.43063547523300966,0.3248322863986388,0.09944078440083154,0.44171697289898887,-0.026730581480400188,0.24039325205592357,0.2208216004445156,0.4289481367073825,0.16429811426185612,-0.10974689519780187,0.1870983741904699,0.10380820533104797,0.21768707482993196,0.41129308206900667,0.46943484361903504,-0.2065035520437986,-0.36755255863305175,0.21682535496893726,-0.33227227208372967,0.07574501881971063,0.17742796241708497,0.18480673303008327,0.14688321106015087,-0.12025936355160431,-0.10759255248015219,-0.0693488285946589,-0.11831931665144138,0.1848491126953781,-0.21544033684018893,0.024556661612499177,0.011695222593394143,-0.31624895865668257,0.23697767062524133,-0.3161507334821331,0.08460083244683277,-0.1504258371553513,-0.23057991078295648,-0.2746573326689461,-0.10253681537220334,-0.08950428348542924,0.17603100307958902,0.016554752957943675,0.12157941164467632,0.2997121321994418,0.22881723063013854,-0.09331374451026372,0.18297977037277086,0.06428919267098833,0.07738526882834353,-0.06464311612970061,0.052967539125671995,0.1300898762827697,0.2893840508053706,0.22474878276183569,-0.023304107060452238,0.15332576515928287,-0.04566173492932014,0.11529235505855365,-0.0808243001861566,0.022459652989022097,0.019949835033228797
-0.09618300481244643,0.023486182659496656,0.010139727326094259,0.12220411930346665,0.05793614169248687,-0.14661323689605052,-0.03962969590235725,0.15158107543894345,-0.08741512294811787,0.2922077922077922,0.10508901299329146,0.5026871847031383,0.2524854888886796,0.6228194092588581,-0.011935369440808164,0.22439561888437887,1.0,0.1394118330303972,0.6156545897607835,-0.23651306392423144,0.1113298547985854,0.43666123579104,0.13722776449925733,-0.01738194123980926,0.00943732731751205,0.09375248931581472,-0.10880429698413745,0.044004219131122686,-0.1405984636586522,0.13149557171394613,0.2838495804413136,0.10439995102794232,0.05730596286049167,0.40648644830670305,0.29179027402377655,-0.2425890522337223,-0.07224087669435897,0.1294855736480102,0.1481546010189955,-0.050737877061299834,-0.01680746133247946,-0.08820859907291201,0.17433267723332987,0.16408778555261513,-0.06964943762555026,0.17866952964849991,0.12510006309861277,-0.06957328385899815,-0.00831348093758047,0.060149301991216424,0.045784165073505176,0.026923644400076597,-0.005113812945575092,0.14859566346150826,-0.11400914772923475,-0.08723147773184031,0.23892870484603623,-0.04380330812528057,0.22395298682463294,0.0035457653296667073,0.36547752465083866,0.3061428540036227,0.18673579260961423,0.1637079381821949,0.2358161538727166,0.028187186272755526,-0.3407215216497305,0.3683415803704649,0.3813400764089669,0.08062263600837384,-0.11443141966834071,0.3534448389415757,0.03853724230809075,-0.29066497252582396,0.1524066941035759,0.16570920015445034,-0.1991406338904784,-0.04022301121648475,0.07741038270407379,-0.028822881252177843,-0.0017972117319470474,-0.0474369720200032,0.045916012921089065,0.16792863892211246,-0.15003971131599847,-0.11380514214656319,-0.1426900346140086,0.014206605577163953,-0.27357172679870284,-0.19016940493041973,-0.004244244998414686,0.06305309387252825,0.0021770591023672968,0.10356177542544476,0.10162726206458111,0.15199545438849282,0.0975548885551782,-0.22795865000361012,-0.11703536975473161,-0.011219623982495628
0.3434087063528688,0.3045292874879532,0.2168598865480664,0.06746214868042279,0.15362628669372685,0.09364022489475717,0.10136431129904662,0.4918772308184926,0.11031112952795331,-0.22931950814474383,-0.05248800027625263,-0.1316861770088746,-0.07316299847119281,0.005507786871093615,-0.1835855708226992,0.32306332777688834,0.1394118330303972,1.0,0.08879959503846337,0.4329302556278626,0.11803840148549541,0.2905612637302267,0.3396966948949618,-0.11208008814970381,0.03708379130204402,0.04050006455053716,0.37541006250215825,0.003358980878922866,-0.06953090419370332,0.019028484651099294,-0.062365601524412256,0.003985258154946335,0.2050250530629092,0.5293365615154726,0.33840319699638044,0.48213461665238316,0.06747708652244229,-0.03815582532043736,-0.03745577603445624,-0.11324317451946168,0.11368109772750817,-0.1498773147448839,0.027372554928755073,-0.20363272212438274,0.1431554263062568,-0.1141394259595855,0.19156393521875756,0.23280405840231802,0.22676896912602676,0.044172168175068825,0.21880778153439503,0.3026017975256554,-0.05668201752320679,0.09075526842024303,0.06479536900131534,0.08177391861220723,0.49609950117564333,0.09003481411023108,-0.21979821000850733,-0.14588493449987286,-0.24977632954427734,-0.15212416300161044,-0.153660818272856,-0.21342242480748644,-0.3243865151044266,-0.24121877638918973,0.020902592693745704,-0.06181079034215661,0.15122163309255404,0.6206355304190455,-0.053531816742411385,0.15170978405206106,-0.1733924765106781,-0.11403273673467783,-0.3848983986764988,-0.26604541216578925,-0.3431821659951064,-0.2429327984077803,-0.21461219467020773,-0.06928133505363382,-0.04527717870720046,0.06515010249600532,0.06911495562692081,0.19685982376337707,0.2609677004165764,0.25301062513564426,0.11984189239407277,0.09525850026212608,0.44080502528653365,-0.05041534050308994,-0.011963622551004712,-0.139320795230875,-0.12416457122766042,-0.25634988651667406,-0.2683481459477971,-0.2926535635020044,-0.2886307477934338,0.2004212852653752,0.2264910578906228,0.04373424496702234
-0.08780995059628585,-0.2755520151939916,0.11105835449051642,-0.23757902047967008,-0.11489764125588711,0.018027068070434332,-0.20391855249791438,0.07779264555270624,0.20648880273433895,-0.0024046554883679055,-0.0960316121159145,0.13886885445324654,-0.04844313468505135,0.7542683812134688,0.14544398620309848,-0.14061505499555027,0.6156545897607835,0.08879959503846337,1.0,-0.21865413064726025,0.3046866078923036,0.1921809456167034,0.16286210621692054,-0.25064844862842683,-0.056854742348994264,0.004711211671373924,-0.16918446548610408,0.07466988961660444,0.08755096354956216,-0.026233053993347952,0.16759365717183458,0.012351327701022877,-0.15445130237182403,0.31205687673933485,0.14272148297556966,-0.14882415956745898,-0.012720585436525779,-0.05743390925252613,-0.1460561374044454,-0.3666856328898982,-0.23533446607473135,-0.26570747244633847,-0.09064703597175908,0.09940472219718254,-0.22644972961351048,0.006666169620821472,0.007631484976791616,-0.15092430907361842,-0.0031313900664304444,-0.013221681139861,0.06981349008591886,-0.02304749273071158,-0.0779174302206731,-0.06843065621826082,0.015510969671051986,0.05875395838158449,0.1558364300598112,0.2985955838785407,0.1291544857734104,-0.17307947370698198,0.07229819611600137,0.06466592632997725,0.38724135630743484,0.4717472600349123,0.6002150377298886,0.2105933550202933,-0.4644312683695841,0.8078675617684591,0.6036211097989215,0.1701757463244557,0.20577863112736727,0.29792300236629154,0.4590537555085211,-0.44260903653252576,0.3520536495592418,0.2385678801126151,0.002609885150926782,0.04595371979957387,0.1235281883856462,-0.051213511275762416,-0.10190355479344997,-0.14523444213802203,-0.1635926997045697,0.15745784593414805,-0.14085677623915904,-0.23520349522778747,-0.0695772898093712,0.07145060214490563,-0.21046150706923397,-0.32752299590057254,-0.10209897229234148,-0.12026181235999762,-0.18598330710768207,0.15041339826326347,-0.0865323151214422,0.05243388963229378,-0.08258236870431326,-0.2940978421671058,-0.2449695690220854,-0.03031247179592754
0.5753997030284195,0.10059676847204041,0.5674323259529931,-0.37715390724817843,-0.17262964253537133,0.6069772625247607,0.4819619587567376,0.3555041767514574,0.5790333669231421,-0.06000175797130112,0.05185073567959717,-0.11995014895667543,-0.11722686305717488,-0.21938069182449169,0.13228577079193468,-0.06488640680083754,-0.23651306392423144,0.4329302556278626,-0.21865413064726025,1.0,0.5051508971739812,-0.19865860511255726,0.4157713631856656,0.145209999089622,0.3151196186142793,0.04364086986651913,0.5715729762140205,0.06710427595126653,0.46983195677901984,-0.13797181750050355,-0.3243253000323341,-0.16257624415709984,-0.009626466268324557,-0.15112051138174243,-0.012830051263698834,0.44403058870063944,-0.04652033381063154,-0.08280986598608063,0.00023387296773808738,0.13829112632593415,0.0003563031119231264,-0.042150517718830535,-0.24298459577647394,-0.11098292570373788,0.2069792272849969,-0.18251038301799724,-0.08896276553999542,0.4024451497257879,0.5292978981640195,0.02745260540764529,0.2730255000015696,0.385932776433139,0.04652502440754797,-0.43107025920658987,0.37113913401078014,0.6485313091549495,0.2867941823706871,0.49779782702190245,-0.16823157504810876,0.041580730123152165,-0.23467818137868898,-0.19726007615782815,-0.20215885154246285,-0.19158904909448782,-0.2840583395333214,0.1378767473763848,0.49278289996201524,-0.23809934900081495,-0.2591595013639974,0.37015669887394537,0.4375317602361984,-0.1447720758815755,0.02905675421991593,0.34701268368946053,-0.16223877645197443,-0.11853435421238177,0.195142030850911,-0.1432668129549928,-0.35277775161749053,-0.2546766745461452,-0.03193229299103121,-0.036816941820567634,0.025514128124715506,0.04590345598322393,0.5279407563671523,0.27371309975590624,0.015066761733188884,-0.07372806067512376,0.7768035686817413,0.24577076280682525,-0.1038317495895451,-0.07682334585887886,0.08485193800639776,-0.4191207632106834,-0.21588053010705277,-0.22213066121695563,-0.20498973666130518,0.5468012770405809,0.5415603250991213,0.14612508593654353
0.2825084533731501,-0.3138301775512712,0.390708490180697,-0.5141785542328868,-0.35194520778015187,0.48697001362824444,0.10083068100617988,0.0968485605230983,0.5417190690126068,0.013072562255949955,-0.00764482373387816,-0.032365520047750264,-0.1110583109106969,0.23703976352139308,0.5957413913328515,-0.3046165207772511,0.1113298547985854,0.11803840148549541,0.3046866078923036,0.5051508971739812,1.0,-0.24903085907933625,0.5671306197246104,0.05258376756157525,0.25104477729076,0.1165732089672303,0.25926712188202317,0.09689172501394762,0.5471499467703768,-0.19367294396579093,-0.32959071037374743,-0.146549724904863,-0.29779507846130304,-0.2274048428242488,-0.2610737520262986,-0.017146505383201935,-0.2114111262404891,-0.06359620639062548,-0.17889170068487728,-0.21562546720657946,-0.2619605861110212,-0.17478486416914207,-0.4892867695734665,-0.0426904662589094,-0.11667131012129227,-0.25803261744373235,-0.32178421600141544,0.13560164040762449,0.2737006502144491,-0.10464249795263776,0.12335548194920802,0.02939423345946747,-0.11295597889021823,-0.537696923274374,0.24089082091407762,0.5151713375224214,0.16742642710637137,0.5303636686835356,-0.0512244785042837,-0.14583319435676417,-0.1802949390419427,-0.16830698271969766,0.06896979309690449,0.21622741565169645,0.2882650268346013,0.5576357788110652,0.06817713608312592,0.3396537969674436,0.16240129556258512,0.34566608721585,0.8297387762469638,-0.024536266216606796,0.5809705025642117,-0.10543676595811473,0.17419932812509312,0.08274632895816074,0.3746814163771989,-0.08381131466875233,-0.2397018353934098,-0.2705063704902635,-0.05690727992682879,-0.18708902990162682,-0.24849640420172914,-0.11288063723346305,0.3291983059114808,0.00017893650500904493,-0.22609098293432323,-0.195549270108095,0.28551819559873504,-0.07740887383799183,-0.1618244610030532,-0.1719602682633998,-0.0843512632088312,-0.3782002055414864,-0.28664215445830504,-0.1221288256001626,-0.2646918250346297,0.21999057444483328,0.1334214412152712,0.013725523281161599
-0.07072695252535717,0.3660378780030702,-0.20596046448113164,0.40767825358108173,0.3253722347268395,-0.3762482381046558,0.1036276993492367,0.27825860385686346,-0.25299404487221744,0.36311525071496065,0.27939657635089105,0.4432803116631978,0.4095539461746858,0.35106372959890003,-0.1564625850340136,0.6322528088300388,0.43666123579104,0.2905612637302267,0.1921809456167034,-0.19865860511255726,-0.24903085907933625,1.0,0.21462091178317694,0.11398560347073762,-0.0610079065575149,0.17043067566948455,0.203813228106194,0.18055777917996918,-0.2488722300179878,0.5121264798560667,0.29878605803188835,0.2671818150425837,0.4952434693106737,0.6287208786726103,0.8024369877161756,-0.006174874195178764,0.20412801646216772,0.31640344185666885,0.4857729893988052,0.3858574348059482,0.332198500073772,0.24699741915587067,0.707062335778797,0.1795234014233289,0.30141057632053286,0.4916355097645888,0.5693582462980578,0.17621621791309972,-0.2311348611732051,0.19562767423536095,0.02843832503005817,0.19202854191976745,0.2739295995278591,0.45598636316547847,-0.2579634530323435,-0.3038151116468738,0.27123927559025457,-0.2719848437759968,0.3317025010280993,0.10105509670411773,0.2915046036873448,0.35335537075928664,0.20170052331038552,0.12412062194513246,0.09972720052488,-0.08391487651821226,-0.049653271553199034,0.11929257295786501,0.21718322769809353,0.032007647178163116,-0.2574071247308794,0.4960477038069496,-0.09732254692370719,0.014614711792657746,0.024583345105462583,-0.01653748716837912,-0.28203689388210645,0.022199096528320604,0.05043651055253666,0.18325281196927318,-0.009792841917569982,0.08931906865191855,0.3620824425755535,0.41122872776244784,-0.12226219514109289,0.19611197810698533,0.047914939269527085,0.18808252419564964,-0.21036951928902617,0.05179346497457029,0.18204106746528792,0.3167079475998983,0.26353088535829655,0.22983120336274795,0.38562371315864624,0.1338098691253151,0.2861695870060976,-0.21849856693946615,-0.21329842504606827,-0.034936540375264086
0.13508759056205522,-0.0397026986832114,0.07342358374363055,-0.27562410948714466,-0.29262856445500607,0.19846954411628315,0.2695080935382572,0.11758556673603975,0.23657044778452221,0.1149438998960609,0.013560713407009622,0.12731798220917628,0.11780766766168264,0.21647541527184896,0.3105143598451183,0.10134630046959822,0.13722776449925733,0.3396966948949618,0.16286210621692054,0.4157713631856656,0.5671306197246104,0.21462091178317694,1.0,0.2114220306067795,0.3740110422659012,0.3899560114425186,0.670876643340889,0.36087790295918903,0.08602447583593603,0.29206608567218634,-0.12175682616993384,-0.06428526862636566,0.041651395587017685,0.19991374943151896,0.2183401212765399,-0.03779090414304846,-0.22107997598483747,-0.031110610577421635,0.08591852663112405,0.11333818083646592,-0.14306203404423734,0.062014055933354,-0.11411749609852741,-0.0061034590060949035,0.1993611652847484,-0.0684149331872595,0.028150311314082306,0.28182174556418355,-0.04841409674343409,-0.21825065305914312,0.022132396480761523,-0.06963766549168227,0.12435297409228975,-0.36331238024309115,-0.06288595431392291,0.23784340786011512,0.1870694096785135,0.2183330579962191,0.04076062111348219,-0.07153219423550547,-0.017579719909544277,0.007751557747614679,0.0664591893473227,0.06630772122488778,0.10393852434733146,0.2627501038891016,0.2062744688707661,0.2422801228541041,0.2997232371327864,0.4527980411161557,0.43976314457363275,0.3523564476566073,0.535287559876057,0.12948724488794885,0.2196389800466424,0.15425340930808115,0.10575269317204741,0.1700469041053878,-0.0634667129180775,-0.2481079237840852,0.1620183088074129,-0.10810036607413116,0.16808802102975287,0.26623465551402914,0.5961228084701746,0.4140331738862576,-0.19812038188817252,0.2631589893387834,0.15963092005898283,-0.08178497011838848,-0.18296328938535564,-0.12019819564581086,-0.0008436695938732186,-0.40274902870088575,-0.04382374754256609,-0.08504424948919403,-0.07782246830351712,0.32371484595576716,-0.07315047023789298,-0.23975520240027806
-0.06210975391541019,-0.08594753083513054,-0.02760485827926002,-0.1027926629812054,-0.034925553054632096,0.07653139705351453,0.441674593233694,-0.01922310225428427,0.06989505539179215,0.25545049584208396,0.2425027232858995,0.2241397712753768,0.06049775701697384,-0.1874232849577302,0.10372030676599205,0.22385880979064446,-0.01738194123980926,-0.11208008814970381,-0.25064844862842683,0.145209999089622,0.05258376756157525,0.11398560347073762,0.2114220306067795,1.0,0.03469954178931208,0.28799505256456187,0.35177319658828,0.1554831438805333,0.13701031866369068,0.01523393201198088,-0.13947775695418915,-0.01689535989753539,0.13311772016147683,-0.10299522443585198,0.06670873240851485,-0.006306722042762652,0.02684752849935715,0.15766962068629944,0.3156657217570923,0.3878712537160688,0.13674662296852289,0.012549879512210826,0.07906946811950438,-0.09369987034961655,0.21315488871214888,0.11841977215436243,-0.02618592430050008,0.14069107107540754,-0.10893304834306092,-0.024523699650603203,-0.26388718847021964,-0.11103786230689784,0.20203485178104466,-0.19709683596558145,0.06630848001406377,0.018270344593767363,-0.12289161165158265,0.018855811821729154,0.013173797437756828,0.03888569733384817,0.009540133543034195,-0.06227142449042376,-0.27238509617044787,-0.24461071923000857,-0.03727056120094554,0.09908365745929197,0.4347117711874782,-0.2404168906643758,-0.1940564873849863,-0.05091055493447041,0.14659995267603312,0.021676413989684475,-0.03219912792066527,0.27757749890030786,0.40732038085192546,0.08344556096550296,0.41308983318892484,0.05369817516300475,-0.11487400682469573,0.06503395082075285,0.3741465206294793,0.020109935991009232,0.19498727040423922,0.26035084084395177,0.3020602795802216,0.28562179037677343,0.012420386039662844,-0.035429400186470526,0.11682033219379122,0.28778550858171154,-0.052398532093963564,0.2372790371340045,0.2973812506082267,-0.15913564318205362,0.1085995045501343,-0.008538717748289902,0.14433734854660385,0.1949370426527787,-0.026517113536692942,0.020315555848550774
0.20823570637317462,-0.05179581940134389,0.08464242731983303,-0.26569549178287477,-0.30835378087587834,0.23540893057621304,0.06910634984977326,0.0676638710464812,0.10773542992422322,0.2946533714803018,0.18843890125182397,0.3762844869567008,0.12813732272638897,0.051372022582095944,0.03613652693013242,-0.1616125625934292,0.00943732731751205,0.03708379130204402,-0.056854742348994264,0.3151196186142793,0.25104477729076,-0.0610079065575149,0.3740110422659012,0.03469954178931208,1.0,0.3296818775776078,0.2782029916131608,0.1922499333893573,-0.06871473019643119,0.14677586506613738,0.057997379523005446,0.09415902033872292,-0.11885464940609561,-0.22001350657220822,0.0017328581053693644,-0.1909879606387079,-0.3326139248702122,-0.08345344179916518,-0.031984102910427116,0.03659171610636169,-0.24434241056417477,0.4204976475343256,-0.05645679960414672,0.05531568742787541,0.08161545132416938,-0.12629380656266043,-0.21859126013239052,-0.04324061731500719,-3.178477391608035e-05,-0.2943700554585453,0.11099709581458331,0.05863307475187736,-0.012801018368061459,-0.3412961354831605,0.021149815707245924,0.28844788731401755,0.11507888703108062,0.1501920231236217,0.27075829415503866,0.2647780501500955,0.2456043833148242,0.1584089725634846,0.13562047582181327,0.06784437709912385,-0.025078569183459257,0.0923351243981077,0.1193678678036547,0.06668762108140204,-0.09966053089970084,0.1813780465313394,0.1854990798111749,0.062499043514128036,0.20932345154257767,0.19292337515058527,0.12007498064465913,0.4756624866435697,-0.0019902769946034105,0.1075415821198635,-0.12927294124018854,-0.33356812200328184,0.05194650271485427,-0.2524071070726782,0.0406782161764062,0.00716059662744116,0.27209953260706593,-0.012481606033613379,-0.32819230965433077,0.1589646172820541,0.08416918753833949,-0.018805598829064626,-0.2812158730744439,-0.26396812733997715,-0.1260403132800362,-0.12818205683508738,0.1536836983350272,-0.0030222991683774556,-0.15045263872484196,0.1615482082616175,0.1090907949368921,-0.28969416388617636
-0.11117132339582968,-0.07643332596921547,0.007366216565668865,-0.06212155042142755,0.011642640395450416,0.12244353397890041,0.09301241449997988,0.02880091791252035,0.031774558927576746,0.05988798422220599,0.16590232817492784,0.22976144555527195,0.09121049320925159,-0.06742607394234763,0.1135194716980331,-0.008949960975376916,0.09375248931581472,0.04050006455053716,0.004711211671373924,0.04364086986651913,0.1165732089672303,0.17043067566948455,0.3899560114425186,0.28799505256456187,0.3296818775776078,1.0,0.2918806415499259,0.5986875640355492,-0.02330647063186323,0.20830100899040171,-0.018680806830664393,-0.3159091363923597,-0.29075533964581557,0.025204158391833015,0.07400041830316247,-0.21739835056710002,-0.1257130972888765,-0.3137187346839875,-0.11414104036626341,0.0896589259654494,-0.29221026129822986,0.17427395335878731,0.005185232564391028,0.0023151863273730183,0.07777851898649736,-0.08756819499049288,-0.1490579742276712,-0.20183088074005895,-0.1957690934276151,-0.3831719700784044,-0.16832110928033925,-0.09690114272104203,-0.08659581673299623,-0.05628178721397581,0.03511078166576749,0.12496198581772754,0.01551331801124829,0.0367926271910422,0.029971852827923924,0.09910488618113132,0.041627834975091406,-0.028845652021218745,0.042635529634192065,-0.14694055974928055,-0.17846868867455387,0.06924604583834018,-0.005388498075845133,0.05238996087332439,0.0794124606467436,0.13618323725960313,0.10741291560553919,0.3141189872354994,0.15664393729220935,0.24101805453639358,0.3713543172927831,0.4884901885150653,0.22654940042514876,0.40579173290130105,0.14270573079249926,-0.2476174182062519,0.27283254414257996,-0.2457134717553343,0.22753415782744665,0.2608838282665616,0.3035460414041878,0.19784334422910152,-0.16198227115943792,0.4299756199107925,-0.008091380011937566,-0.10169636515603969,-0.3470385823839701,-0.21117246136877796,-0.18205918950429337,-0.18880933106420367,0.018847978527619397,0.038959484631678434,-0.08849901310239014,-0.04231140354835985,-0.14799455813492868,-0.385181865734134
0.2494200264323542,0.12952481407883873,0.12719550210485672,-0.214470929119225,-0.16248206712311136,0.2229798241400852,0.4129992560014315,0.24821456039730153,0.315706531805154,0.12400917912157941,0.11606063745295073,0.09453804595211411,0.24937293791535997,-0.08991552320051233,0.008521451958725345,0.13285083299586564,-0.10880429698413745,0.37541006250215825,-0.16918446548610408,0.5715729762140205,0.25926712188202317,0.203813228106194,0.670876643340889,0.35177319658828,0.2782029916131608,0.2918806415499259,1.0,0.4229741735180459,0.17764613921249164,0.32046978680667065,-0.10852333549940511,-0.03779795259128109,0.21819650124335033,0.1436726717653549,0.35487946909266704,0.30854593798756236,0.00524173880695742,-0.015578451038929646,0.21846874421203646,0.25350417047298845,0.06932685395339493,0.21261101612744734,0.14066909643414358,0.08627872007132341,0.5439518504029038,0.13961117441900617,0.23114183375242114,0.5253289132912048,0.05127470627545383,-0.0646839261777623,-0.028279793689510876,0.12235794179231453,0.09433870456350514,-0.26498592053341874,0.004835990695309042,0.25715196092280934,0.2395957921701214,0.2186037312940866,-0.0014879971370181668,-0.04666472034129757,-0.025195495826387776,0.08821876697148634,-0.030252802551569775,-0.13753143158509365,-0.1953985101193223,0.06262458836788061,0.3437681486992582,-0.1312624833718948,0.0028362983402867377,0.3884898353510416,0.18065830557400156,0.2080637515735413,0.1070714395587492,0.31977667477245947,-0.026068203008014466,0.009930968234086436,0.07914487186029694,0.1364326995218946,-0.15017783763251494,-0.21265017312878082,0.1162976496551551,0.0038848026520252772,0.3662670421191088,0.3572778442249073,0.6960436228021435,0.5338560683977085,-0.004668043483123632,0.31238208250536026,0.46799393499901115,0.14682440802844962,-0.16165016998954634,0.01887307761129371,0.18704029835284366,-0.36012512988582607,0.0960692452610368,-0.04855453948999997,0.01624005107536606,0.4826243372291233,0.06627708766940094,-0.04868167848588443
0.034387174343664555,0.04980238519034748,0.07066573745326464,-0.04267004448295239,0.07875240543840979,0.19022034286718842,0.04717170670760228,0.09110372344600046,0.24029584145610253,0.13861132824149502,0.2110962520679707,0.22891140766412701,0.29902777908579214,0.07215530420751595,0.07318654272968994,-0.028466578140254717,0.044004219131122686,0.003358980878922866,0.07466988961660444,0.06710427595126653,0.09689172501394762,0.18055777917996918,0.36087790295918903,0.1554831438805333,0.1922499333893573,0.5986875640355492,0.4229741735180459,1.0,0.18734637371330629,0.5122088848254788,0.058700545285026794,-0.12124665279125033,-0.05184918640821215,0.07782717715893606,0.08955608085412291,-0.013779669689749459,0.20775932735598293,-0.1682221573447099,-0.07607934729036978,0.03069857384578197,-0.23726648019613936,0.1200859679696026,0.09947920100204365,0.2758335452316598,0.12801096848953913,0.08838828563266561,-0.019312570436573338,0.034242769558215536,-0.08052924374635438,-0.12570279611613913,-0.008949957463372982,0.02317382883010149,-0.027432200383614453,0.01646528477565461,0.18803386606142225,0.19623354648735358,0.028400654216462772,0.2075960056380651,0.18242719330464072,0.1405607928450568,0.1499769266266728,0.1463777943110793,0.21328586810820313,0.00439178901832999,0.016978549610891888,0.1650578090026966,-0.10236729671102406,0.11422662936210298,0.08297310617832736,0.11216960034783595,0.0965723077816626,0.27041993539455467,0.20426841710380506,0.20312973951016144,0.18335483708942737,0.48822316189973913,0.28738772322926454,0.6195718712034883,0.14473126583351384,-0.14569658043189587,0.07721261093269795,-0.16704651403708692,0.28743615581904197,0.28807969888463,0.27124241482472083,0.23545837353845864,0.12438436644927109,0.5375358265133464,0.14956568691158975,-0.057730544488664146,-0.29555107691438365,-0.08661932701091511,-0.027929769046520316,-0.0966507507479226,0.09962129045347419,0.222523065525241,0.03388412531672206,-0.03417370639995731,-0.14074757729580065,-0.11938665636997761
0.4507940693582463,-0.21016389943148464,0.4887960721898358,-0.4298710716404698,-0.1697258506540595,0.5321834317483338,0.14852660030325004,0.0981544440572722,0.610041155363853,-0.08343143441040468,-0.03283482290008759,-0.18852515625539557,-0.12466057027333315,0.045782595456272036,0.46632700149741485,-0.299192588895272,-0.1405984636586522,-0.06953090419370332,0.08755096354956216,0.46983195677901984,0.5471499467703768,-0.2488722300179878,0.08602447583593603,0.13701031866369068,-0.06871473019643119,-0.02330647063186323,0.17764613921249164,0.18734637371330629,1.0,-0.1886618610181911,-0.25109323840288306,-0.10958439674900879,-0.14670354745407152,-0.3324522541684204,-0.27407714354777446,0.21479740950371842,0.22158138213486214,-0.03260251954958264,-0.11923283388112975,-0.102765979488242,-0.0523278993184722,-0.24410853750466385,-0.2985804381743468,0.17816097366496206,-0.06401686397417529,-0.011141143120838552,-0.1623329534859629,0.24434231468314138,0.4543619876228134,0.19667460892986635,0.2467658036911119,0.18421969618488834,-0.09849348137963077,-0.3343410275970102,0.4121234095853385,0.5693519678291252,0.01987135417157172,0.4989766095639917,-0.046377480387632675,-0.10610455534313402,-0.22254974901820443,-0.20852992789178432,0.04847448901110975,0.205875705150542,0.21466085280443511,0.5182091295216749,0.15227641587322516,0.060351829978946454,-0.13165792389867806,0.040661735188991,0.6457525552398068,-0.19804331515716578,0.2339671447720759,0.11357048427812776,0.08346439637230064,0.05378450411082753,0.6342741888017523,0.0055658627087198514,-0.14568873234573018,0.030861814038028686,-0.06286317018731812,-0.005903330413845279,-0.10328709240964498,-0.08968478946724052,0.18846394118330304,0.0461012458449308,0.10397619517570905,-0.09879484788839393,0.4521094085996189,0.21361792597762347,0.08527887389381225,0.09851859525536102,0.12134710829417138,-0.0586628744714314,-0.16441746968971097,0.11165158264505617,-0.03928518033535972,0.3209945722636078,0.3267409409541389,0.3383215769002571
-0.15708349193024743,0.3181585236169698,-0.185200067493651,0.19185132573905506,0.08377917037818612,-0.09049242855295736,-0.02904186564851643,0.05671109994939726,-0.07370771349756428,0.45500884872423647,0.21457469225674577,0.4352442130130559,0.6446477972368851,0.19668653542046324,-0.09928307676614564,0.31319225079373475,0.13149557171394613,0.019028484651099294,-0.026233053993347952,-0.13797181750050355,-0.19367294396579093,0.5121264798560667,0.29206608567218634,0.01523393201198088,0.14677586506613738,0.20830100899040171,0.32046978680667065,0.5122088848254788,-0.1886618610181911,1.0,0.25101260011230503,0.2238966563203339,0.37105638110981987,0.2860168859686986,0.34665180761197145,-0.038162918548585556,0.13083952253758185,0.1574468586048931,0.29927993752927723,0.29060622589173085,0.0871240273270843,0.441044126308851,0.4755708506156331,0.31240587194277375,0.25521849293810717,0.3885001903163585,0.27710672228356625,0.2024807819839816,-0.1368268345217417,0.12632838772719213,-0.0918171865374107,0.05903492008681808,0.1567091379263468,0.2482908816940087,-0.04613579554151295,-0.07454745937633506,0.036976286989051525,-0.07039189449026846,0.49253685660373275,0.23545218745960578,0.4817331727091921,0.5148348565174106,0.3424044200457028,0.06958511059926252,0.09453655052800952,0.026483387550579298,-0.09394951322210247,-0.0007494934052428437,0.07943603608555297,-0.010341827719395284,-0.16987751869908138,0.278153657799716,0.04589642872560166,0.1745581227983774,-0.06505990056469027,0.273983181538232,-0.17195654664831259,0.6012776694306883,0.11577662759628268,-0.08868579769975145,-0.1915248450983367,-0.026306805473267688,0.2077280165124502,0.10648213185583194,-0.05812768061405264,0.08470606332079467,-0.04633711729253622,0.33615969298273174,-0.1876502419175037,-0.0953943844523025,-0.06969812312874195,0.18717543233184358,0.2324424440529834,0.10608187914725895,0.3885058364323799,0.18689996429123748,0.22629276770541873,-0.1616856132696043,-0.14770031274652462,-0.0921358190858041
0.03483294563787675,0.12508750616074765,-0.1741521712515186,0.16995187553563187,0.09149612775428584,-0.3150425837155351,-0.07314887191609454,-0.09161541866400459,-0.29348859987003567,0.23654602588612741,0.08628342892302283,0.30665611883885996,0.31338506791733767,0.237517618953442,-0.2617415217125152,0.12843236048457224,0.2838495804413136,-0.062365601524412256,0.16759365717183458,-0.3243253000323341,-0.32959071037374743,0.29878605803188835,-0.12175682616993384,-0.13947775695418915,0.057997379523005446,-0.018680806830664393,-0.10852333549940511,0.058700545285026794,-0.25109323840288306,0.25101260011230503,1.0,0.2790088808943051,0.20170295688536002,0.10991959629416465,0.34371321209609823,-0.054096857940222697,0.08204706420640163,0.13205346744142973,0.23460911822043076,0.09357273135373208,0.15004598978493106,0.24920587146950718,0.43340584964950446,0.3217542670044483,0.23837315388417504,0.40553572605784355,0.3273609397612298,0.05690490317031289,-0.06927272934177431,0.14635268043534905,0.1872255131863544,0.08273923321058926,0.10334673786450436,0.24017655054638376,-0.2716803380327673,-0.1546559555986677,-0.07244725301288028,-0.28376011225902453,0.46792958069245233,0.21969775450558626,0.460240025867292,0.4174475512401546,0.23532015482704388,0.1251236073571099,0.07877751931414005,-0.20262345824347275,-0.11875253100778844,0.06271881462415455,0.049345626575503294,-0.22502198446001578,-0.3346048545925902,0.168289650885735,-0.13654100311098136,0.13529399530920747,-0.01487212328401596,0.1959965342851492,-0.21389661707986918,0.10411585030874371,0.5701509030007942,0.2983073247757802,0.011455066567466858,0.23307717180088464,0.26551959039268686,0.07386775660887336,-0.11049163550976458,-0.02158224542466373,0.011670893516733612,0.2246200741487181,-0.19288241369459644,0.10711072202029477,0.28986906253041134,0.25362032214824093,0.19070221535776286,0.49611205811350845,0.44293124563698694,0.36686506628493576,0.36486787153151595,-0.03283011404838816,0.006063431371625716,0.09381445240763588
0.15240512448634275,0.15168937902803023,-0.13156688609915587,0.21233154083045308,0.07703053533365353,-0.21171468125782847,-0.14775277900731126,0.07504653915096264,-0.18383200072830239,0.35888356265441107,0.1347657660202983,0.24409588477753816,0.12799757651099203,0.221524788964963,0.009069248373091738,0.25852380638457506,0.10439995102794232,0.003985258154946335,0.012351327701022877,-0.16257624415709984,-0.146549724904863,0.2671818150425837,-0.06428526862636566,-0.01689535989753539,0.09415902033872292,-0.3159091363923597,-0.03779795259128109,-0.12124665279125033,-0.10958439674900879,0.2238966563203339,0.2790088808943051,1.0,0.5412505380846605,0.0288888278481797,0.19751278453236393,-0.06182408357897843,-0.09915511395230145,0.7635638473201924,0.49390517628371144,0.20495120060022162,0.34551670229697784,0.21852926022735242,0.37501922781110597,0.3122533738922426,0.07317872335917618,0.3917089678510998,0.23082791030579283,0.20775924583031183,0.00681292627387294,0.307477028651793,0.24166454768340193,0.1521649730496721,0.043349688744902665,0.261816863339706,-0.17468270187632043,-0.12840724660884198,-0.01245491274497801,-0.13886874546773023,0.38662340801572126,0.2583150472925672,0.30643323319175386,0.2349622820978876,0.09325095982093806,0.2206520817833363,0.15846384700626906,0.06141912233282792,-0.11874782215608902,-0.02530460408337023,-0.2014807768977457,-0.16239266266441524,-0.12527041572506908,-0.15961280682092865,-0.0974591036229905,0.045521272049700745,-0.2840049725473946,0.011079928048746033,-0.3038679323024492,-0.1659085415430593,-0.13717355885593738,0.5348768949204047,-0.38877378362512516,0.0540403517198296,-0.019444418284157227,-0.23565605291493616,-0.21526829467366088,-0.23579662618493247,-0.1942645378986341,-0.24397031539888683,-0.212430426716141,0.10723079778574834,0.3316491340421725,0.5141548082084703,0.40896220047779147,0.29353254915256366,0.2872800916343121,0.2547896869869314,0.19149416239503184,-0.05372171942150187,0.047225073693529095,0.1766086222213851
0.16103023437142558,0.30762940223853413,-0.29578349633162965,0.2977808350445667,0.10058268138602738,-0.3377189764051381,0.10119797158286144,0.07391251970361475,-0.19879131577534176,0.2410815294827392,0.2414142884667413,0.18789031981357524,0.24565225665922072,0.09204552990495495,-0.20110728691163932,0.6133077694906787,0.05730596286049167,0.2050250530629092,-0.15445130237182403,-0.009626466268324557,-0.29779507846130304,0.4952434693106737,0.041651395587017685,0.13311772016147683,-0.11885464940609561,-0.29075533964581557,0.21819650124335033,-0.05184918640821215,-0.14670354745407152,0.37105638110981987,0.20170295688536002,0.5412505380846605,1.0,0.4296989195919792,0.5233247174393971,0.33126078376515417,0.36180568908212635,0.6214894025289376,0.5129566067373886,0.38403447508646643,0.6515946728740322,0.24013514414983578,0.6561787418022308,0.34255889304273446,0.5015645172049804,0.5452193168160251,0.6411410179992496,0.5298402011308719,0.03202492554122407,0.5411524369690939,0.08832004194019571,0.06438964821332857,0.22935962338591093,0.238159685856702,-0.2853023731444884,-0.2756884638189564,-0.06926959010607618,-0.24910777035394052,0.13911836919845788,0.20854570589836524,0.20482492678715322,0.24461160002528967,-0.08485354092053246,-0.02126125857452964,-0.0013938206499710104,-0.057307532478340736,0.13324407439832667,-0.18318396445755963,-0.08487159152579672,-0.11480346414795224,-0.2831991963553459,0.036663918527418744,-0.28628652353585304,0.08856964593331476,-0.2698753841149388,-0.298543669319213,-0.3103403758217685,-0.14351800802939116,-0.10243561525685034,0.31256663518277267,-0.18063162207056743,0.4366590527121174,0.3233459857612366,0.05900036532855891,-0.1149062290676833,0.07976212432163052,0.2635538516475108,-0.049169848739855714,0.02389036847171595,0.2882839753726863,0.3870096857193719,0.35966223393508706,0.3579411479635857,0.25380249734049826,0.2955881948995248,0.2287898521066998,0.3525920286926255,0.09681167450364524,0.1149603808834761,0.38445120862539356
-0.11243883393047698,0.2564450496196427,-0.2602607921080385,0.3087384583993197,0.2256075404471753,-0.38890750630802395,-0.004033919455029711,0.19185760421291503,-0.25917932498565893,-0.06758934072102506,0.03671494551463034,0.13107020510993328,0.1767154948811362,0.3620489799443115,-0.2589038569450528,0.5341835433353682,0.40648644830670305,0.5293365615154726,0.31205687673933485,-0.15112051138174243,-0.2274048428242488,0.6287208786726103,0.19991374943151896,-0.10299522443585198,-0.22001350657220822,0.025204158391833015,0.1436726717653549,0.07782717715893606,-0.3324522541684204,0.2860168859686986,0.10991959629416465,0.0288888278481797,0.4296989195919792,1.0,0.6555809746547877,0.2849477513254343,0.3340738011347818,0.01080603832223815,0.04643088381293147,-0.0028378701847057266,0.2557708984889286,-0.05125355665874011,0.4216615196262467,-0.02028810346925546,0.2594902112668242,0.1742292192325887,0.5968317251285982,0.1629962446878727,-0.17154366935347531,0.14186682572138146,0.029949889930514364,-0.009743406621438494,0.1774265320457776,0.3379145264265929,-0.26558493794129173,-0.4183041057296286,0.17506818030212698,-0.2647098756470586,-0.10458760236858647,-0.025252021864792994,0.05665773292158753,0.18064503470824392,0.05918089460406235,-0.018726333096588315,0.015300640796743044,-0.23116242019478234,-0.17820898685057618,0.17523195055070107,0.4941551332411396,0.1763969315516723,-0.3841595611973193,0.42114040629586935,-0.10735797895929754,-0.2283144370816405,-0.09786806571995527,-0.2356444657215673,-0.41394324569100155,0.003081945856011999,0.054892696957703914,0.04097489002861891,0.08186659027859325,0.24816531221680932,0.31090453188100875,0.41302390921339516,-0.0668437719501538,0.21567194019439037,0.3431972120426149,0.2629832953355673,-0.07025219844688416,-0.12318135104178528,0.1010418342561693,-0.05643327748109366,-0.1025117819486344,0.10057330314436916,0.022113578421506425,-0.05898076824977585,0.04679976251663666,-0.11157397415626633,-0.22623303340547463,0.004594273247031893
-0.05180835601430235,0.29871385563916386,-0.20160320704193074,0.2659716401558316,0.1772662918420714,-0.3540083315282735,0.1583068852829549,0.25712213819537966,-0.21120298603982432,0.26718024542535057,0.20231738288301016,0.3257191201353638,0.3493701126043403,0.2960674809840872,-0.32520742491735966,0.4741436953184596,0.29179027402377655,0.33840319699638044,0.14272148297556966,-0.012830051263698834,-0.2610737520262986,0.8024369877161756,0.2183401212765399,0.06670873240851485,0.0017328581053693644,0.07400041830316247,0.35487946909266704,0.08955608085412291,-0.27407714354777446,0.34665180761197145,0.34371321209609823,0.19751278453236393,0.5233247174393971,0.6555809746547877,1.0,0.20210548455653604,0.2750755280488959,0.23430304285996817,0.46576821776241645,0.37527193618564175,0.4158842124759456,0.3080673256184237,0.7594859817484908,0.12319297816034581,0.5713267704995474,0.47988535515729136,0.7497778991615105,0.3408847618419772,-0.2168850855304553,0.16764767743738013,0.015853134054729413,0.1763323695883522,0.23005251939262092,0.2622076980307582,-0.31187980499075496,-0.2693007983073248,0.18234557320851738,-0.24602337473983593,0.24784256111304698,0.1443702538698913,0.22999601317222781,0.3425705307503712,0.11316312404057147,0.02984784130541926,-0.03862200163868039,-0.2191436796222873,0.02197778049844765,0.0682572133778792,0.18885634549158842,0.008906011675603055,-0.3307828351301134,0.4363598692822768,-0.17147911310347858,0.08105428091686712,-0.017083713965512372,-0.12234538485444939,-0.343771557728711,-0.09028909210200001,0.08772904639474617,0.10587539122709536,0.06586427833708472,0.19030353258054492,0.5061701653434794,0.5366301573698238,0.05178795099027151,0.275478919836106,0.23531004465172187,0.2535559678416821,-0.02807888268366876,0.11857599559880068,0.1622638903277047,0.20093455010061245,0.21895532555431033,0.25329541138098066,0.3762719300139083,0.051915089986155974,0.2959545846771779,-0.007319125158138936,-0.17840897318779841,-0.017851256792518578
0.3210903189148294,0.12796932340079548,0.1651786695296485,-0.1016060323529504,0.02098421278986906,0.17070686142477295,0.12301718103023397,0.20745474008708237,0.3108218829756176,-0.19105067038352028,0.11677638291126326,-0.14919211801010204,-0.06765992045179862,-0.13406885596878346,-0.18572181987700478,0.0862441884921943,-0.2425890522337223,0.48213461665238316,-0.14882415956745898,0.44403058870063944,-0.017146505383201935,-0.006174874195178764,-0.03779090414304846,-0.006306722042762652,-0.1909879606387079,-0.21739835056710002,0.30854593798756236,-0.013779669689749459,0.21479740950371842,-0.038162918548585556,-0.054096857940222697,-0.06182408357897843,0.33126078376515417,0.2849477513254343,0.20210548455653604,1.0,0.5978344767345817,0.07399803483922411,0.09888117683621672,0.07111464798194313,0.4807721888940163,0.014402028574109242,0.16287918028309617,0.07836000113012441,0.43625958496953,0.16873856141441348,0.39811771501401666,0.6148190702215358,0.5410661079873952,0.5175420421975897,0.07412831306957485,0.1584999482026313,-0.10613280845333058,-0.10214911991561738,0.1471484763725518,0.15237059290721364,-0.014416934286404916,0.20388700011615168,-0.2814151041127111,0.0002950880398306069,-0.20812653626286692,-0.145054606983541,-0.2822642670358406,-0.34320779534702667,-0.2882084074977476,-0.1316328100229478,0.2094826855523012,-0.2800065923976392,-0.16785800614662108,0.08627482988286213,-0.07701879342691725,-0.20431079676909988,-0.35273537195219573,0.04476236181967711,-0.39907361190899987,-0.5059802416582693,-0.099511456252802,-0.1916110237357518,-0.0891511196079724,0.013065493848670064,-0.17940724974807642,0.40736903898615284,0.10760353980078419,0.08032359228878445,0.08776200835664215,0.06482992601999171,0.5863001399707168,-0.08804610907584076,0.6740422980451987,0.33040534203741295,0.17791768299382513,0.036156132965415054,0.1302107368097216,0.004429459831925386,-0.09976726491343736,-0.07355069392777877,0.015793494797306653,0.32256105026228304,0.4801820128143551,0.5646854957949954
0.046618434926198195,0.06298091619379144,-0.1407766704559966,0.10215465366186743,0.14097287268712988,-0.1323729364920948,-0.10607398943098638,-0.018267997336359917,0.01919328705838459,-0.010989679370238772,0.11611483481146448,0.019425590500046424,0.1404580380326361,0.02928043616541015,-0.16965763887881932,0.09305322456405561,-0.07224087669435897,0.06747708652244229,-0.012720585436525779,-0.04652033381063154,-0.2114111262404891,0.20412801646216772,-0.22107997598483747,0.02684752849935715,-0.3326139248702122,-0.1257130972888765,0.00524173880695742,0.20775932735598293,0.22158138213486214,0.13083952253758185,0.08204706420640163,-0.09915511395230145,0.36180568908212635,0.3340738011347818,0.2750755280488959,0.5978344767345817,1.0,0.13646963907815823,0.11688473236643157,0.02642216206226014,0.49034076795911463,0.004848551438359121,0.3913481094541916,0.28105184800921645,0.3610883734436252,0.4131657975562153,0.4654372111658263,0.36767984190811853,0.17554220507850055,0.5910607909069353,-0.09039193750096344,-0.030633446751305433,-0.10663905185665029,0.13872753435404034,0.03783563825174686,-0.17812337274775925,-0.22667243762830916,-0.08916057229837081,-0.06132575417195086,0.008059987654956238,-0.049223215746723975,0.031557166855481045,-0.06040831253917152,-0.09861438060329805,0.02822722258868656,-0.05334738664514608,-0.11176149970707866,-0.06885448022260868,-0.05257356504555632,-0.18471819462484157,-0.1363401991061023,0.0026228314257900434,-0.2358068287009514,-0.09187447761135462,-0.10155662926137313,-0.22276958284660545,0.18162847194837037,0.05802249340859051,0.10222057761152824,0.12239173658988121,-0.006656749297890828,0.4411167674034661,0.27044986424769707,0.21142124579785498,-0.1925254013218685,0.008276598165900824,0.8495183233335557,0.0900034570833195,0.24282066605950484,0.3077299785354675,0.21724531282681606,0.06696696072149569,0.09373600832839951,0.35805494525764303,0.12484038942234116,0.226881196802235,0.3193616361702879,-0.028328462939951348,0.10506786438973478,0.5540931513257222
0.08811046338239957,0.1599816668707169,-0.17798517653485021,0.1924617562761145,0.06215527281517129,-0.21862727555258374,0.04388335860417079,0.04153050237169164,-0.1339118942454693,0.4905760181322183,0.21775770760542335,0.26812044614800234,0.06901293050676661,0.14413481128492006,0.05334501128554791,0.3576529827436281,0.1294855736480102,-0.03815582532043736,-0.05743390925252613,-0.08280986598608063,-0.06359620639062548,0.31640344185666885,-0.031110610577421635,0.15766962068629944,-0.08345344179916518,-0.3137187346839875,-0.015578451038929646,-0.1682221573447099,-0.03260251954958264,0.1574468586048931,0.13205346744142973,0.7635638473201924,0.6214894025289376,0.01080603832223815,0.23430304285996817,0.07399803483922411,0.13646963907815823,1.0,0.7616928635782878,0.4665294821204901,0.6182769369861466,0.2405855302424342,0.4258968008061554,0.3959673394046128,0.22490740235703394,0.5770995984919117,0.3038653393983343,0.3861666494008771,0.07901927137555245,0.5891401322873404,0.04130290787288612,0.1287258789071697,0.09135800143776938,0.16429654464462295,-0.20176173838247805,-0.14587237756200772,-0.09576705624566394,-0.15646101541678045,0.3250049442942844,0.22384311361831305,0.21940894493468824,0.08966281482597653,-0.05779016728980471,0.08748104687190981,0.1667843879591523,0.11800696282204622,0.03556752650298698,-0.10628906878463791,-0.2806915105682328,-0.21645814947550923,-0.04970351880853831,-0.1340437420930532,-0.13400450166222466,0.11114542470132008,-0.19805273286056463,-0.14371886271813755,-0.1353591875655242,-0.24802463671209138,-0.1930252488628123,0.4803939111408292,-0.3152717478315738,0.2270890820564497,0.05609968952971128,-0.15041798906918558,-0.20689124750038457,-0.1402006207053892,0.03670315897364541,-0.3599650289280456,-0.08815284304769438,0.37839012930122345,0.38014245846007994,0.661868346784953,0.6231882693086463,0.2985098053988554,0.34199147619029696,0.30713171286050184,0.40418052017923434,-0.02778065540937187,0.1350530059739632,0.4328549140006718
0.00647937993840822,0.23627605172202706,-0.14749065292937663,0.1688233207450031,0.040527516959714203,-0.2562886714445815,0.3195363978540193,0.041381388734543195,-0.15091084888039202,0.5935476174780018,0.28151085076393273,0.3986278406147877,0.2581549463347868,0.09164995024313372,-0.08267801813849675,0.4001299643069041,0.1481546010189955,-0.03745577603445624,-0.1460561374044454,0.00023387296773808738,-0.17889170068487728,0.4857729893988052,0.08591852663112405,0.3156657217570923,-0.031984102910427116,-0.11414104036626341,0.21846874421203646,-0.07607934729036978,-0.11923283388112975,0.29927993752927723,0.23460911822043076,0.49390517628371144,0.5129566067373886,0.04643088381293147,0.46576821776241645,0.09888117683621672,0.11688473236643157,0.7616928635782878,1.0,0.7583276042304323,0.619058606368251,0.4703477606066307,0.5626685376504086,0.3558494925427485,0.43499290336533336,0.6658818580500959,0.40088808943051146,0.4632270074619603,0.03485022510282246,0.4928331277134758,-0.10717503429613655,0.18128765119337997,0.25399859990142803,0.12526487290809263,-0.28201940674747056,-0.13277863060314113,-0.04649363206288514,-0.21741396143136535,0.40711476099438393,0.2732593729693077,0.32779258450034376,0.22322782366292157,-0.09092164784695604,-0.0536055677462494,-0.0012823772794766269,-0.04387080166630566,0.2400760950434627,-0.21766370139585023,-0.3099852769903531,-0.27845648489578506,-0.1773691713712828,0.018529331437235716,-0.23413980266772144,0.37807149687786296,-0.09918568257944618,-0.15443463956879475,-0.2000722024494512,-0.2014242706773526,-0.13493371506424442,0.2953485962913084,-0.1314318990171057,0.16245067477844852,0.22292645715415838,0.10643417496209374,-0.0675155156663496,0.0953723349360513,-0.01392486474799304,-0.19124530292042982,-0.04803185695136384,0.47351681904389586,0.32841258330743467,0.7419612053404657,0.7926347280952067,0.2519094393641167,0.5568211471473997,0.2403633349971276,0.5064466167083855,0.02618435468326694,0.14152767706067199,0.2735576002436046
0.029121108526474735,0.28442406034864337,-0.0408524277269745,0.15548628311499957,0.08299978967129076,-0.11360889533478366,0.6066868833366296,0.022489475716451785,-0.06597101230893834,0.503470423702476,0.36371641411525385,0.30559505758925626,0.16899126978894927,-0.14751576680510692,-0.03864240666271123,0.43063547523300966,-0.050737877061299834,-0.11324317451946168,-0.3666856328898982,0.13829112632593415,-0.21562546720657946,0.3858574348059482,0.11333818083646592,0.3878712537160688,0.03659171610636169,0.0896589259654494,0.25350417047298845,0.03069857384578197,-0.102765979488242,0.29060622589173085,0.09357273135373208,0.20495120060022162,0.38403447508646643,-0.0028378701847057266,0.37527193618564175,0.07111464798194313,0.02642216206226014,0.4665294821204901,0.7583276042304323,1.0,0.4099557681863701,0.4506255123331107,0.4516746246260387,0.15560243479025204,0.40056725989068337,0.4243444493625784,0.2313490232271958,0.2779085792138729,0.010303756370196732,0.2705659097972368,-0.02981801857798957,0.14527592301341394,0.4662234067600275,0.09715930673146046,-0.19636068548323807,-0.03095756068925032,-0.1544362091860279,-0.17646735667040236,0.26634363944008616,0.33688694674916575,0.21539857290401163,0.13678272416488516,-0.1157686886475864,-0.16962853438560474,-0.1521461376428744,0.005322572037582915,0.535278716932089,-0.35260458564045405,-0.37667831322653655,-0.36084101693973597,-0.14498324629149467,0.01389582136500193,-0.23190466772772791,0.6653570821746468,0.0325444437119564,-0.10451767232042794,-0.0565447203921081,-0.016995815400456443,-0.13482384185792454,0.22915155910079768,0.011718762262634633,0.041809894239190834,0.31078735139648844,0.16741380446964205,0.0014314909166250717,0.22661043772327105,-0.036194602790547876,-0.13980737657314887,0.0183095850245959,0.4832421712367116,0.20548800969395603,0.591464735409623,0.6670386659509212,0.10280208068460425,0.5304868836846873,0.062127019704974744,0.41962948385867094,0.029146222402204998,0.15153398692194922,0.08635720093298048
0.11354454102822485,0.11326514916072566,-0.37130080458579373,0.217665100188668,0.0017736674734499245,-0.4033272746108134,0.09268118876530769,-0.06550326637346217,-0.24708914484113903,0.1976775943418438,0.20115743574771855,0.14138798112692239,0.08090905951674625,0.007143328028027085,-0.19273486967468112,0.3248322863986388,-0.01680746133247946,0.11368109772750817,-0.23533446607473135,0.0003563031119231264,-0.2619605861110212,0.332198500073772,-0.14306203404423734,0.13674662296852289,-0.24434241056417477,-0.29221026129822986,0.06932685395339493,-0.23726648019613936,-0.0523278993184722,0.0871240273270843,0.15004598978493106,0.34551670229697784,0.6515946728740322,0.2557708984889286,0.4158842124759456,0.4807721888940163,0.49034076795911463,0.6182769369861466,0.619058606368251,0.4099557681863701,1.0,0.28832153307716774,0.5982093806604322,0.3560237200556272,0.5685642430851904,0.702293838624513,0.6558865355094506,0.6700664575936512,0.14827473492098703,0.7668694612131886,0.01113800388637227,-0.015333590750559569,0.09291035288134636,0.13544384066501544,-0.38967160468248213,-0.310460871011995,-0.22879211675440828,-0.35478058320697914,0.02925295637405862,0.07855149443256768,0.024079497973624152,0.05651563809649379,-0.22532954113809806,-0.17551773824435174,-0.11916534034010466,-0.145032632342277,0.20599028720856133,-0.2904060995374444,-0.2127474893972356,-0.2576417825993148,-0.2863132070392872,-0.04471839497220208,-0.4219963019817987,0.11102220970016836,-0.2604104862988112,-0.49858891410740575,-0.2584314017870902,-0.3131637518874647,-0.02080684604252407,0.46143293496447957,-0.10038643976279944,0.6561015730703911,0.3093291769869,0.040031517914041484,-0.18313509067678757,0.03811659984672975,0.4154440978641352,-0.22273496385171512,0.16390570995357073,0.6301607563361052,0.62026721163777,0.4692464895510581,0.5346493004215992,0.38025390128363296,0.35077976652722004,0.2752009894867038,0.5661721454832132,0.19074302540582452,0.2669573597782445,0.619623668572182
-0.008158088770522891,0.0921483398740688,-0.38077594843180446,0.06607541778322594,-0.1434858308634853,-0.26907644862976393,0.017927390263112495,-0.13218065830558415,-0.2396618101382586,0.48086420019537596,0.3293952929515387,0.41182063505956534,0.2908760861265234,0.047436205825561815,-0.10136199664808888,0.09944078440083154,-0.08820859907291201,-0.1498773147448839,-0.26570747244633847,-0.042150517718830535,-0.17478486416914207,0.24699741915587067,0.062014055933354,0.012549879512210826,0.4204976475343256,0.17427395335878731,0.21261101612744734,0.1200859679696026,-0.24410853750466385,0.441044126308851,0.24920587146950718,0.21852926022735242,0.24013514414983578,-0.05125355665874011,0.3080673256184237,0.014402028574109242,0.004848551438359121,0.2405855302424342,0.4703477606066307,0.4506255123331107,0.28832153307716774,1.0,0.5090427646307414,0.45791560243309987,0.5286749673323157,0.4429014228978547,0.26772579247064227,0.25109726097763224,-0.07597659698868697,0.16329048407408125,-0.06624101246630246,-0.023492470346977604,0.0732783940925919,0.0017320732964448311,-0.40986253679285495,-0.14251816145953583,-0.14901402492789734,-0.2777540809083278,0.4197001166618789,0.3420393495346935,0.3601456762325996,0.30844010985757697,0.18498024832140605,0.08079921801639381,-0.02798628624885486,0.034525314208065705,0.08215065898444003,-0.13626805012893506,-0.2787578515228058,-0.21179489795517956,-0.18269888046962984,0.060379274608963786,-0.09667668736862552,0.3227072779284175,-0.08124891353015135,0.14624129499752145,-0.2710159241780015,0.04506765249132054,0.05087759295964001,-0.06935199504315216,-0.18029964789548988,-0.019278046422234178,0.26874682888146,0.03001972617232045,-0.057644215506965496,-0.03139315410906494,-0.08920298698393887,0.08742300533945424,-0.09119244260398733,0.23538704829323612,0.014927850553546503,0.2083228201637978,0.33678740821171715,0.2770108668567949,0.6160014754413571,0.2676865520244156,0.31875026977817367,-0.0213240432884923,0.11136988005373659,-0.01710177127450354
-0.09770867276306,0.3134117514103011,-0.34552455038314356,0.4138421404556285,0.22755996722639218,-0.4411597587812236,0.028403793450929058,0.03886529230981733,-0.338630791495186,0.45231031960546103,0.3579920200659867,0.42970155297929047,0.4188398017259511,0.2018088268994723,-0.33059749049596765,0.44171697289898887,0.17433267723332987,0.027372554928755073,-0.09064703597175908,-0.24298459577647394,-0.4892867695734665,0.707062335778797,-0.11411749609852741,0.07906946811950438,-0.05645679960414672,0.005185232564391028,0.14066909643414358,0.09947920100204365,-0.2985804381743468,0.4755708506156331,0.43340584964950446,0.37501922781110597,0.6561787418022308,0.4216615196262467,0.7594859817484908,0.16287918028309617,0.3913481094541916,0.4258968008061554,0.5626685376504086,0.4516746246260387,0.5982093806604322,0.5090427646307414,1.0,0.41751347516394655,0.5770291921452058,0.7534115630562331,0.7083918015752678,0.334350445300409,-0.14907916406863359,0.4148592524227042,-0.04843367896304807,0.10120577995849932,0.16882018151053685,0.39392369776706254,-0.35283425783788364,-0.3505080850983679,-0.03924513968023758,-0.388251101086489,0.38068397640551377,0.2743392696257091,0.3544980521050137,0.4205459756583759,0.18204577631698735,0.051648255056521916,-0.034192541806755,-0.22726173995209528,-0.009615475170224989,-0.08113357845544193,-0.032422013567771364,-0.2728568732192405,-0.4796728602479345,0.27001811338287046,-0.32737035746462867,0.18415305971494803,-0.06378139626870591,-0.07847615280537688,-0.3220323419885703,0.02485959773849549,0.11878235373521813,0.2437348728139156,-0.07587215781559509,0.3211797870971185,0.49319884852879775,0.2912361991404776,-0.2262006787024916,0.09374307160872032,0.25083199556114,0.10370461059366062,-0.13258242844899842,0.29806572068417225,0.28172117947317366,0.3590577901672898,0.39027276808277533,0.4841861063760991,0.5901143113439483,0.3431732637678976,0.5490068046858224,-0.13277706098590797,-0.06279567664629304,0.19718159529617107
0.14370316654580614,-0.03357097338243096,-0.18520227657283495,-0.061279426399078324,-0.08771335022241476,-0.09271258110997052,-0.04617970861625684,-0.16213832094905337,0.05633356249744937,0.34627482742058524,0.19173816273163627,0.2850534768591331,0.16281796521100364,0.29910782956468235,0.031116092029797614,-0.026730581480400188,0.16408778555261513,-0.20363272212438274,0.09940472219718254,-0.11098292570373788,-0.0426904662589094,0.1795234014233289,-0.0061034590060949035,-0.09369987034961655,0.05531568742787541,0.0023151863273730183,0.08627872007132341,0.2758335452316598,0.17816097366496206,0.31240587194277375,0.3217542670044483,0.3122533738922426,0.34255889304273446,-0.02028810346925546,0.12319297816034581,0.07836000113012441,0.28105184800921645,0.3959673394046128,0.3558494925427485,0.15560243479025204,0.3560237200556272,0.45791560243309987,0.41751347516394655,1.0,0.353471661138369,0.6794119585997759,0.3340914584569407,0.41822608138779277,0.2106537026696615,0.5588810512668381,0.12372821763684708,-0.022230488872983435,0.0019447557518623509,-0.03728939660774323,-0.20618178051100458,0.06498843192099174,-0.14690047684971544,-0.04911646245946463,0.3537995724362657,0.16643122408169544,0.29031483382462353,0.2242920241469915,0.2037143422205061,0.23061601197931872,0.2588047678693074,0.2401137658570581,-0.08749988227870752,0.12821271469441514,-0.09830355769442063,-0.21996153651462555,-0.04111064589382401,0.09243946771140389,0.0337765932399725,0.15678755732539895,-0.04190093203871304,0.14959237040455314,-0.003486122610747466,0.06586427833708472,0.19749394912556623,0.26442242794672094,-0.2613899274522915,0.3139265858627715,0.3134509918411296,-0.028874678620871515,-0.07650157432608484,-0.019358096932536567,0.13785404202103485,0.07984015018097687,-0.01531475534376187,0.3847196132775839,0.28731058644039065,0.34854763317417414,0.37662965509230917,0.5079124404722665,0.5170572333680747,0.8687376196440736,0.6058136290703109,0.10733042640221756,0.18813118232987702,0.5122069132221416
0.06161770309187722,0.18324582059818761,-0.271379862823269,0.05870841640863255,-0.04871230513685284,-0.27998843191647393,0.245033042417764,0.04304912393742108,-0.08496969264136338,0.1951670681618473,0.26678166733442876,0.21598412488509117,0.2964717737584453,0.016381316681782037,-0.17595573049819846,0.24039325205592357,-0.06964943762555026,0.1431554263062568,-0.22644972961351048,0.2069792272849969,-0.11667131012129227,0.30141057632053286,0.1993611652847484,0.21315488871214888,0.08161545132416938,0.07777851898649736,0.5439518504029038,0.12801096848953913,-0.06401686397417529,0.25521849293810717,0.23837315388417504,0.07317872335917618,0.5015645172049804,0.2594902112668242,0.5713267704995474,0.43625958496953,0.3610883734436252,0.22490740235703394,0.43499290336533336,0.40056725989068337,0.5685642430851904,0.5286749673323157,0.5770291921452058,0.353471661138369,1.0,0.5353126737616422,0.64514197389652,0.6668678393543733,-0.04165453482394767,0.3093449945475638,-0.08678338606595966,0.017232834364900588,0.15859497227859895,-0.048643241951493915,-0.36777715821476065,-0.1913167955780873,-0.11503650734915583,-0.2220718877126954,0.06359542158170095,0.10776289823658187,0.09749445826798914,0.24396177823577617,-0.03277048145280941,-0.15216974161344543,-0.11564316464782,-0.040784165381218186,0.2443761573479297,-0.20074957159210755,-0.09156130279851794,-0.07332943544747861,-0.18668571137070855,0.1900336329864755,-0.1837653641062286,0.21636915856678138,-0.06610602533128274,-0.21550853067682402,-0.15339494873036655,-0.05745586136507752,0.10981203433853813,0.04285998498660857,0.047270611142485305,0.3812444793597508,0.6060836033403504,0.2966711152252767,0.21332440743984804,0.27043976785342905,0.3407029536295465,0.14958850506065566,0.2539869274377636,0.3683219601395391,0.18467809688546075,0.15150186921866765,0.2835977681604022,0.18062926764379383,0.3845675112522024,0.2274289934315592,0.4208570901628087,0.27359459360830174,0.058753150517330946,0.23395860368367566
-0.011729749583266625,0.0903267629155954,-0.2893652153985729,0.09540918351650766,0.034101504007232795,-0.29668434055671183,0.08137366621775614,-0.09087298971272866,-0.11852650612621606,0.506309861277229,0.3424983283576467,0.4108551588609602,0.3194720435474605,0.2423598881176836,-0.18240835789784304,0.2208216004445156,0.17866952964849991,-0.1141394259595855,0.006666169620821472,-0.18251038301799724,-0.25803261744373235,0.4916355097645888,-0.0684149331872595,0.11841977215436243,-0.12629380656266043,-0.08756819499049288,0.13961117441900617,0.08838828563266561,-0.011141143120838552,0.3885001903163585,0.40553572605784355,0.3917089678510998,0.5452193168160251,0.1742292192325887,0.47988535515729136,0.16873856141441348,0.4131657975562153,0.5770995984919117,0.6658818580500959,0.4243444493625784,0.702293838624513,0.4429014228978547,0.7534115630562331,0.6794119585997759,0.5353126737616422,1.0,0.5778420274431877,0.5280129587598769,0.04892812759109948,0.6823377251223517,-0.013384126146997794,0.0645819010576081,0.1906472787546029,0.130392812408766,-0.3068460425240701,-0.17336265378324842,-0.11496661424145108,-0.22893495192262414,0.4010262157470279,0.16673102097322548,0.28342578378836536,0.33388740821663226,0.1412718294516699,0.08083842674125488,0.15460101899550777,-0.050496156007396036,0.0445567243971885,-0.006137993007351628,-0.07204543100119605,-0.2883827481732813,-0.2529784479697384,0.21500302936125995,-0.19017953281912672,0.19179003535958086,0.018805584070268624,-0.07753124323102568,-0.14473137941999206,-0.006101102185221112,0.11337816160151186,0.3945028865260917,-0.1390712260908055,0.4505225255769128,0.402446719343021,0.1649369484757447,-0.19968356516579866,0.06256104341916616,0.2092418314144262,-0.029554322882821796,-0.06590979723684583,0.5235311221865493,0.46381718354162155,0.5800237953972545,0.618237696555318,0.5775139774414612,0.6616598473311708,0.6049132158631796,0.7929010893540887,0.024475041516375817,0.0783898238575541,0.5078229722899774
-0.0570791306831916,0.3088724183720558,-0.38419521015605135,0.2934838910183363,0.1036245601147704,-0.45970478639079076,-0.012443925424346018,0.08096242650267306,-0.28646770198619365,0.10395417973373013,0.08220085449962172,0.17092817745464592,0.2882554960147418,0.22314306433233191,-0.3186103236864658,0.4289481367073825,0.12510006309861277,0.19156393521875756,0.007631484976791616,-0.08896276553999542,-0.32178421600141544,0.5693582462980578,0.028150311314082306,-0.02618592430050008,-0.21859126013239052,-0.1490579742276712,0.23114183375242114,-0.019312570436573338,-0.1623329534859629,0.27710672228356625,0.3273609397612298,0.23082791030579283,0.6411410179992496,0.5968317251285982,0.7497778991615105,0.39811771501401666,0.4654372111658263,0.3038653393983343,0.40088808943051146,0.2313490232271958,0.6558865355094506,0.26772579247064227,0.7083918015752678,0.3340914584569407,0.64514197389652,0.5778420274431877,1.0,0.5963101438083309,-0.05191040150432574,0.4154949474021265,0.031586977199740074,0.05686880197395063,0.13302663012597749,0.26681295499279545,-0.37511654407956074,-0.3890751501338883,-0.04809778087515579,-0.35226605639948644,0.129206181780511,0.18468901173759766,0.23375210721113548,0.26818480045456117,-0.0242741305105337,-0.030058170014660227,-0.02871457766309108,-0.19189198522048415,0.01924507689554825,-0.10956564733030894,0.10529306323359985,-0.19129952978174758,-0.4100563845972146,0.21298450159943996,-0.3091941899048498,0.030224561301623622,-0.217831479615381,-0.271565755974748,-0.3171822209317447,-0.10035504741813661,0.2787561725197693,0.25440826999927796,-0.011892989775513344,0.5421787542889791,0.5577195345143133,0.3597923710324,-0.03940367102078487,0.2125411681331639,0.4552904165805362,0.2214259030792751,0.05151640720893803,0.24350580425062235,0.40266646575566084,0.2487356733187045,0.2617854709950431,0.42725922856452225,0.3359602196052591,0.29674241639433807,0.4799451889447475,0.18590232585881608,-0.009234058182571598,0.30783490138094927
0.28591676633736096,0.10825650056977106,-0.0760652207352715,-0.11394636303990908,-0.1975457464942599,-0.028687894170127674,0.22519769329051417,0.1251314554432756,0.17776856935667668,0.15195935319213058,0.15576881421696506,0.1347657660202983,0.21369867744051935,0.05485184382936377,-0.05539807062649702,0.16429811426185612,-0.06957328385899815,0.23280405840231802,-0.15092430907361842,0.4024451497257879,0.13560164040762449,0.17621621791309972,0.28182174556418355,0.14069107107540754,-0.04324061731500719,-0.20183088074005895,0.5253289132912048,0.034242769558215536,0.24434231468314138,0.2024807819839816,0.05690490317031289,0.20775924583031183,0.5298402011308719,0.1629962446878727,0.3408847618419772,0.6148190702215358,0.36767984190811853,0.3861666494008771,0.4632270074619603,0.2779085792138729,0.6700664575936512,0.25109726097763224,0.334350445300409,0.41822608138779277,0.6668678393543733,0.5280129587598769,0.5963101438083309,1.0,0.37740754852770786,0.5822934619163771,0.13746550766130172,0.126189377458413,0.08524905116638257,-0.20822856138302115,-0.16782975303642453,0.06886538648685131,-0.014318048400717001,0.04083045308571052,0.04374052343595491,0.07506066570606092,0.042163058116647674,0.12871332196930457,-0.16076176663558825,-0.15093125390442286,-0.08975856147719817,0.06986052381266304,0.30029132095847105,-0.21781830881465197,-0.12773074158135797,0.0008844796579489464,0.03129739510146054,-0.024145421897416097,-0.14550665674668575,0.16764067994276893,-0.24752863766641867,-0.3845515132679745,-0.09449887968484971,-0.14458529143083168,-0.0003719992842545417,0.16223877645197443,-0.1620221692738009,0.5071574545831253,0.30183425469864916,0.10942115655676207,0.234500814631344,0.20880390803453666,0.3259342855943471,-0.020505479533760897,0.42861537785395654,0.44310782764500695,0.3771413503103133,0.30761201573384317,0.44187079538783675,0.0969113072086241,0.19287699572005937,0.2426267230473177,0.4011488033037625,0.5287381219215882,0.40832179664666973,0.566300631927898
0.5293834423367936,0.002217870020730898,0.4900433253767166,-0.27420909899621126,-0.13561969101288876,0.5154915395636309,0.10357986666881978,0.14186755486109778,0.5285711650999018,0.0296524355956389,0.14154813762881274,0.0013702763822350137,-0.18200032883495337,-0.033260987030642675,0.13436792077825827,-0.10974689519780187,-0.00831348093758047,0.22676896912602676,-0.0031313900664304444,0.5292978981640195,0.2737006502144491,-0.2311348611732051,-0.04841409674343409,-0.10893304834306092,-3.178477391608035e-05,-0.1957690934276151,0.05127470627545383,-0.08052924374635438,0.4543619876228134,-0.1368268345217417,-0.06927272934177431,0.00681292627387294,0.03202492554122407,-0.17154366935347531,-0.2168850855304553,0.5410661079873952,0.17554220507850055,0.07901927137555245,0.03485022510282246,0.010303756370196732,0.14827473492098703,-0.07597659698868697,-0.14907916406863359,0.2106537026696615,-0.04165453482394767,0.04892812759109948,-0.05191040150432574,0.37740754852770786,1.0,0.48898540294644577,0.3306902276770185,0.2806735701075914,-0.17690221006118553,-0.2839540714121403,0.36581905994805025,0.5975268316361646,0.05649054638790165,0.4430411188864216,-0.03650381750681397,0.1781296512191555,-0.024256874239472967,-0.1650704307149226,-0.13753305517090075,-0.09739164829887528,-0.11731794689277392,0.16300481362555116,0.1546560162863667,-0.1416526283860226,-0.3439432959856111,-0.04298243204533058,0.26216787854292317,-0.42177436664942025,-0.1872444220686844,0.16271371336412402,-0.2829950349063607,-0.20321685330078462,0.07242143958399373,-0.1811597984767783,-0.21742032521698695,-0.029140740176843236,-0.42362965494701676,0.0732242422767991,-0.2716882927306105,-0.3146385307435404,-0.05269442561993443,-0.2440623295492448,0.07466831999811646,-0.3341637919770026,0.5257827389910351,0.24801384403486124,0.08364807441244942,0.09360729966477607,0.1776571962465865,-0.061779373730331065,-0.16057589301480543,0.030146865218094832,-0.06648511413088264,0.2536486747912898,0.856694282784772,0.5857515585324681
0.22971819092196177,0.04184756505278623,-0.11383648983358918,0.03275948127289679,-0.0025098179557933,-0.1205010846055081,0.014733996967499505,-0.05060132036201652,0.06716549102335904,0.2735167901955429,0.24644560177555103,0.1615010563523979,0.06672285896361313,0.1518322141962461,-0.035826513346455334,0.1870983741904699,0.060149301991216424,0.044172168175068825,-0.013221681139861,0.02745260540764529,-0.10464249795263776,0.19562767423536095,-0.21825065305914312,-0.024523699650603203,-0.2943700554585453,-0.3831719700784044,-0.0646839261777623,-0.12570279611613913,0.19667460892986635,0.12632838772719213,0.14635268043534905,0.307477028651793,0.5411524369690939,0.14186682572138146,0.16764767743738013,0.5175420421975897,0.5910607909069353,0.5891401322873404,0.4928331277134758,0.2705659097972368,0.7668694612131886,0.16329048407408125,0.4148592524227042,0.5588810512668381,0.3093449945475638,0.6823377251223517,0.4154949474021265,0.5822934619163771,0.48898540294644577,1.0,0.13232658083999635,0.09663976342729062,0.01024489168071474,0.03271396237313569,-0.09242848039077191,-0.007304998603040663,-0.16595563006005357,-0.037352181297068895,0.13466217128291094,0.11573729630292356,0.07505124800266207,0.09326822561050262,-0.06609187283589024,-0.009538563925801054,0.11343780705637123,0.0948739440400064,0.058906165142568336,-0.0970455856442994,-0.24502509817955792,-0.25890610977673784,-0.061244918852723935,-0.12912142244992136,-0.2767925813611093,0.03555812275275143,-0.25924583031182014,-0.3960881999315647,-0.07986375711726332,-0.18552875695732837,-0.1188718219175072,0.4013087468489934,-0.38806745587021146,0.5202355053696606,0.051244863427604544,-0.12265773868384455,-0.35303045999202637,-0.20414057340496022,0.4099590682905725,-0.35921789112507024,0.2095077994280315,0.5785195442928944,0.49860304066250405,0.51216610317408,0.5164888290341517,0.3931404587677249,0.31212871180288315,0.40988984426257813,0.5119010387338915,0.045908164834923354,0.464421486176381,0.8736285469425425
0.6149932977344145,0.24281821634976095,0.2465083864648767,0.18471412561332792,0.24776564986862304,0.11664610468091251,0.1455349098568823,0.3470831802956531,0.1363950287082992,-0.11458676687103084,-0.03205001428351682,-0.0756869429820844,-0.10812465272218717,0.1250404176437534,0.04131860404521753,0.10380820533104797,0.045784165073505176,0.21880778153439503,0.06981349008591886,0.2730255000015696,0.12335548194920802,0.02843832503005817,0.022132396480761523,-0.26388718847021964,0.11099709581458331,-0.16832110928033925,-0.028279793689510876,-0.008949957463372982,0.2467658036911119,-0.0918171865374107,0.1872255131863544,0.24166454768340193,0.08832004194019571,0.029949889930514364,0.015853134054729413,0.07412831306957485,-0.09039193750096344,0.04130290787288612,-0.10717503429613655,-0.02981801857798957,0.01113800388637227,-0.06624101246630246,-0.04843367896304807,0.12372821763684708,-0.08678338606595966,-0.013384126146997794,0.031586977199740074,0.13746550766130172,0.3306902276770185,0.13232658083999635,1.0,0.4280095056019639,0.3244100593629238,0.21628854587520288,0.04697550455345959,0.22412564472027852,0.3612034569249943,0.09143334306496018,0.04466973683797469,0.05736480101962335,-0.023136158016506096,0.037804231060213654,0.1146118807467611,0.1840784306339056,-0.016978549610891888,0.0947530835130545,0.20555707285221425,-0.004707285776511324,-0.07587843628452766,0.1463040797114841,0.10499487715975318,0.03528499540102151,0.01300113954211126,0.1346072875002409,-0.23859751560984338,0.015255109888902493,-0.08269691844657406,-0.1010237043594549,0.06320848597860926,0.399230573632314,-0.23168649093232124,-0.01380321394824658,0.06240013310354137,-0.039953037052384406,0.027110428850820437,0.0198478177014453,-0.06353028244096469,0.01670386659509212,0.21624145735820863,0.09388276759728723,0.3621420880304129,0.13300308586748036,0.060817958932534714,0.11900366976509108,0.04151011363641142,0.0679157680608007,-0.011946361449244776,0.1778909995008617,0.4101865019196419,0.15493377784893375
0.3708079447745873,0.6771093301187573,0.5713861917632767,0.2028180907803823,0.48267770421505013,0.27003694878966816,0.3080703439659205,0.7237709112255886,0.28999306229182953,0.14045248925597004,0.16216343482478363,0.1102499144558608,0.23418846080194883,0.08410323058618925,-0.07195439320167384,0.21768707482993196,0.026923644400076597,0.3026017975256554,-0.02304749273071158,0.385932776433139,0.02939423345946747,0.19202854191976745,-0.06963766549168227,-0.11103786230689784,0.05863307475187736,-0.09690114272104203,0.12235794179231453,0.02317382883010149,0.18421969618488834,0.05903492008681808,0.08273923321058926,0.1521649730496721,0.06438964821332857,-0.009743406621438494,0.1763323695883522,0.1584999482026313,-0.030633446751305433,0.1287258789071697,0.18128765119337997,0.14527592301341394,-0.015333590750559569,-0.023492470346977604,0.10120577995849932,-0.022230488872983435,0.017232834364900588,0.0645819010576081,0.05686880197395063,0.126189377458413,0.2806735701075914,0.09663976342729062,0.4280095056019639,1.0,0.25033197404480945,0.3490295056647486,0.4031797305908981,0.36575534690110467,0.6837880514457745,0.2884721031929154,0.2730003861258394,0.2326408182100713,0.16691937504120244,0.2355854201394448,0.13772763373923635,0.007935984730763556,-0.10039271823173201,0.00825932588079071,0.17434837340566128,-0.20364151483884327,-0.25827423724450554,0.14291135073072697,-0.018421819885568427,0.06186646324427325,-0.13903983374614268,0.23431961578896093,-0.3361774797597858,0.02246279222348838,-0.002234351884916262,-0.030102119297188187,-0.1864438438042499,0.061828792430677855,-0.35105117266103486,-0.19145720124690394,-0.009742614166109453,0.11387102141271829,-0.021632464707156514,0.04265593466622993,-0.06204385433789876,-0.03771005402622517,0.354989342298987,0.054692549141796026,-0.037019422443642896,0.2700259614690362,0.22866340814129066,0.0753588929803578,0.004646853642161235,-0.05831284982844084,-0.05371781645752576,0.005774621800727675,0.2822140392843801,0.06864407045697836
0.07075834487002,0.3023710637923836,0.04442016769790519,0.14198443567551616,0.19393405724080126,-0.14531830267870877,0.638311531349965,0.09893768305660981,-0.017129232865273476,0.06795814772609551,0.1330203516570449,0.06512341900304192,0.12000665517706852,-0.01705232162084954,-0.08253204373581459,0.41129308206900667,-0.005113812945575092,-0.05668201752320679,-0.0779174302206731,0.04652502440754797,-0.11295597889021823,0.2739295995278591,0.12435297409228975,0.20203485178104466,-0.012801018368061459,-0.08659581673299623,0.09433870456350514,-0.027432200383614453,-0.09849348137963077,0.1567091379263468,0.10334673786450436,0.043349688744902665,0.22935962338591093,0.1774265320457776,0.23005251939262092,-0.10613280845333058,-0.10663905185665029,0.09135800143776938,0.25399859990142803,0.4662234067600275,0.09291035288134636,0.0732783940925919,0.16882018151053685,0.0019447557518623509,0.15859497227859895,0.1906472787546029,0.13302663012597749,0.08524905116638257,-0.17690221006118553,0.01024489168071474,0.3244100593629238,0.25033197404480945,1.0,0.14157319596043308,-0.1514994553428201,-0.09888745530514928,0.18522582083133207,-0.08214905713092806,0.08895962630552913,0.12127176666698058,0.13078050786535195,0.206685627642843,-0.024281978596699408,-0.00676818950930626,0.10288997924966017,-0.025721317599490187,0.5267541257388973,-0.04673931384130242,0.10739791994324265,-0.02815894421225217,-0.07403024104229473,0.23138355480632494,0.023241322371126576,0.38367581740795476,0.14380048281426092,-0.07267170827721951,-0.1188562190245972,-0.001119137087229908,0.004084144040634251,0.23332046247202157,0.1607492096977231,0.015035363476262678,0.24228140725602654,0.2642372131132102,-0.04485809090595168,0.3038387751330387,-0.08301630322820018,0.019719101299956993,-0.11833187358930651,0.18845695185708825,0.25869018581128805,0.3403228388725125,0.29584302571974797,0.09792527994123353,0.33929487272560077,0.03919334231154391,0.26387630469580675,-0.05114754715914977,-0.11132510226056273,-0.11609516903207984
-0.09117121698702554,0.6662099080518225,-0.1405874763380202,0.8807326345397412,0.812190589202917,-0.40694210309873835,-0.15005697710556304,0.35608179589325345,-0.4648437132120961,0.02815108507639327,-0.007957959372027538,0.059512037394560964,0.2586760592561898,0.05025914380519166,-0.25154528816602784,0.46943484361903504,0.14859566346150826,0.09075526842024303,-0.06843065621826082,-0.43107025920658987,-0.537696923274374,0.45598636316547847,-0.36331238024309115,-0.19709683596558145,-0.3412961354831605,-0.05628178721397581,-0.26498592053341874,0.01646528477565461,-0.3343410275970102,0.2482908816940087,0.24017655054638376,0.261816863339706,0.238159685856702,0.3379145264265929,0.2622076980307582,-0.10214911991561738,0.13872753435404034,0.16429654464462295,0.12526487290809263,0.09715930673146046,0.13544384066501544,0.0017320732964448311,0.39392369776706254,-0.03728939660774323,-0.048643241951493915,0.130392812408766,0.26681295499279545,-0.20822856138302115,-0.2839540714121403,0.03271396237313569,0.21628854587520288,0.3490295056647486,0.14157319596043308,1.0,-0.07981974515694602,-0.44613230617581595,0.28641119576580054,-0.43022109628346034,0.1577512407824228,0.08522079805618601,0.19652392567548477,0.271699173439565,0.18685822275379926,0.04960304380173851,-0.11871642981142619,-0.3108987942200415,-0.177561379881902,-0.1637488767418364,-0.006407177545683709,-0.0907427470902298,-0.540424134287127,0.2315828961949339,-0.3005000800504789,-0.06412752203253448,-0.32711607947285976,-0.017830851768487737,-0.2995114562528636,0.11143811470134893,0.14590063067220427,0.342435543668321,-0.14740746321602013,-0.019806999865012918,0.15236117520381479,0.09373754116321194,-0.35832007006771327,0.0020875917392583826,0.0929111741487151,0.15793488599870037,-0.23996936107160907,-0.15045493411334035,0.18575164260443447,0.22625561530565155,0.0511977749106103,0.2694436334755407,0.15000366898173373,0.00932823521656009,0.06550172245939216,-0.39025550229321077,-0.17620680020970086,-0.10441721681750689
0.10066740124753178,0.1479536900131534,0.7411512828481647,-0.22446311242540395,0.21445523294689356,0.8350677603759548,0.07504967838542893,0.39874399229004015,0.6911291512451774,-0.0923908095771765,-0.0012996430690411836,-0.11990619967414747,-0.050507143328028026,-0.11640438362700872,0.0575515854703672,-0.2065035520437986,-0.11400914772923475,0.06479536900131534,0.015510969671051986,0.37113913401078014,0.24089082091407762,-0.2579634530323435,-0.06288595431392291,0.06630848001406377,0.021149815707245924,0.03511078166576749,0.004835990695309042,0.18803386606142225,0.4121234095853385,-0.04613579554151295,-0.2716803380327673,-0.17468270187632043,-0.2853023731444884,-0.26558493794129173,-0.31187980499075496,0.1471484763725518,0.03783563825174686,-0.20176173838247805,-0.28201940674747056,-0.19636068548323807,-0.38967160468248213,-0.40986253679285495,-0.35283425783788364,-0.20618178051100458,-0.36777715821476065,-0.3068460425240701,-0.37511654407956074,-0.16782975303642453,0.36581905994805025,-0.09242848039077191,0.04697550455345959,0.4031797305908981,-0.1514994553428201,-0.07981974515694602,1.0,0.6653921374733558,0.259233273373955,0.7232497983041856,-0.037768129863851405,0.04736163039281241,-0.08248966407051976,-0.16189346066068327,-0.04544983660284603,-0.11594134654323197,-0.050660965816875896,0.09652989022097071,0.010166410819057664,-0.041177370810602895,-0.17390417172868225,0.19022905040868426,0.2738692767318884,-0.18853771319326068,0.0565501696756229,-0.0008279734153825541,-0.03420352912738699,0.21067559464948876,0.3999952911447282,0.20262816709517217,-0.26244627985019575,-0.2507133910324628,-0.16081984247321449,-0.258112566669492,-0.24780018144775215,-0.060819528549767854,0.07859701333232878,-0.13484194536867633,0.025581631704085055,-0.08158713416146339,0.34465341281875,-0.18734173837532653,-0.3827668584738926,-0.18396541819311943,-0.1930095526904809,-0.2576338334133838,-0.39224750048170665,-0.15539995416717678,-0.31946039677587257,0.007075834487002,0.1853890610235788,0.04132174327968382
0.40163679685071996,-0.08695365548157426,0.752367767596194,-0.5345127437223158,-0.18388693733146236,0.8662984344637716,0.24026758834590597,0.21026592455163884,0.8093087719628691,0.0666914666189503,0.04555029210576709,-0.06869115897397261,-0.08537932939673332,-0.007636187839233525,0.2997498030130372,-0.36755255863305175,-0.08723147773184031,0.08177391861220723,0.05875395838158449,0.6485313091549495,0.5151713375224214,-0.3038151116468738,0.23784340786011512,0.018270344593767363,0.28844788731401755,0.12496198581772754,0.25715196092280934,0.19623354648735358,0.5693519678291252,-0.07454745937633506,-0.1546559555986677,-0.12840724660884198,-0.2756884638189564,-0.4183041057296286,-0.2693007983073248,0.15237059290721364,-0.17812337274775925,-0.14587237756200772,-0.13277863060314113,-0.03095756068925032,-0.310460871011995,-0.14251816145953583,-0.3505080850983679,0.06498843192099174,-0.1913167955780873,-0.17336265378324842,-0.3890751501338883,0.06886538648685131,0.5975268316361646,-0.007304998603040663,0.22412564472027852,0.36575534690110467,-0.09888745530514928,-0.44613230617581595,0.6653921374733558,1.0,0.21008227933536128,0.7750503062323222,0.10497757016973841,0.04208771648945688,-0.06404980081557311,-0.13819537967471252,0.047981629199903314,-0.005336698592681189,-0.06684058025609875,0.3190074368464506,0.19689435534250618,0.007469029465664934,-0.2607259793626726,0.18011286337145097,0.517369587320039,-0.20986881139165403,0.18461994857933944,0.31719072936612247,-0.018483812537474612,0.2072491202295408,0.35202382680840694,0.07197950707740411,-0.25938552624556976,-0.22400321457609348,-0.24462484578510685,-0.2510539979720545,-0.28187186272755527,-0.1543985383724325,0.26139149706952464,-0.04734202875461783,-0.21229709255763407,-0.1426248395066379,0.5032569557587687,0.07949957443736679,-0.24932741901559885,-0.049607752653437934,0.050660965816875896,-0.27648022753171414,-0.17875200469631036,-0.024038687925562473,-0.2045463196189439,0.26099595352677296,0.4598099507454112,0.1147672728528421
0.2565978860395104,0.5138550113169402,0.409855312683449,0.23374582874220293,0.4641938916775755,0.19949364148058854,0.2141946764861921,0.7566747972839344,0.20212745919780004,-0.03552514683769216,0.033222518356673544,0.06445476206172362,0.1928055024501725,0.13982150312824715,-0.10710126228617889,0.21682535496893726,0.23892870484603623,0.49609950117564333,0.1558364300598112,0.2867941823706871,0.16742642710637137,0.27123927559025457,0.1870694096785135,-0.12289161165158265,0.11507888703108062,0.01551331801124829,0.2395957921701214,0.028400654216462772,0.01987135417157172,0.036976286989051525,-0.07244725301288028,-0.01245491274497801,-0.06926959010607618,0.17506818030212698,0.18234557320851738,-0.014416934286404916,-0.22667243762830916,-0.09576705624566394,-0.04649363206288514,-0.1544362091860279,-0.22879211675440828,-0.14901402492789734,-0.03924513968023758,-0.14690047684971544,-0.11503650734915583,-0.11496661424145108,-0.04809778087515579,-0.014318048400717001,0.05649054638790165,-0.16595563006005357,0.3612034569249943,0.6837880514457745,0.18522582083133207,0.28641119576580054,0.259233273373955,0.21008227933536128,1.0,0.24046692973451494,0.018397483589651827,-0.1750939415914035,-0.03989496121475817,0.18229848469152313,0.09287268206775096,0.027948604453318013,-0.1000787947851037,-0.10398400246115982,0.09438736269773253,0.05361816676413032,0.17921104759393375,0.6219547942211858,0.03279088648484727,0.387119407061394,0.025696203723759924,-0.15012923840965905,-0.23646911464170348,-0.015834298647931715,-0.13795062765122618,-0.09473267848902367,-0.18158116961597745,-0.12988111719076187,-0.09876502516096425,-0.23233317323237554,0.005609811991247814,0.2855416278186401,0.19626179959755014,0.21084755047402118,-0.1882937116007853,0.10893300559725505,0.2262305014299213,-0.21298144593982704,-0.15371889411048223,-0.03657836000113012,-0.10288056154626132,-0.17791140452489257,-0.09840169738474955,-0.135616498560661,-0.19560970039528405,0.0560321959886862,0.06187745056490524,-0.1299501803490201
0.21248222408483466,-0.12866623345231032,0.7111009609196701,-0.5294664243177659,-0.15055297615123575,0.798892792003742,0.16805263868353063,0.3644572734492967,0.9279671259366691,-0.08248181598435406,0.08684064304078808,-0.08743709758938185,-0.14662422421668253,0.10868343645718555,0.18872606726123767,-0.33227227208372967,-0.04380330812528057,0.09003481411023108,0.2985955838785407,0.49779782702190245,0.5303636686835356,-0.2719848437759968,0.2183330579962191,0.018855811821729154,0.1501920231236217,0.0367926271910422,0.2186037312940866,0.2075960056380651,0.4989766095639917,-0.07039189449026846,-0.28376011225902453,-0.13886874546773023,-0.24910777035394052,-0.2647098756470586,-0.24602337473983593,0.20388700011615168,-0.08916057229837081,-0.15646101541678045,-0.21741396143136535,-0.17646735667040236,-0.35478058320697914,-0.2777540809083278,-0.388251101086489,-0.04911646245946463,-0.2220718877126954,-0.22893495192262414,-0.35226605639948644,0.04083045308571052,0.4430411188864216,-0.037352181297068895,0.09143334306496018,0.2884721031929154,-0.08214905713092806,-0.43022109628346034,0.7232497983041856,0.7750503062323222,0.24046692973451494,1.0,-0.09228721483978918,-0.07145211568706855,-0.1350875375530923,-0.17871661816549417,0.031014066909643416,0.03901440594696577,0.16217285252818248,0.3173059717657252,0.000900960291823236,0.2631049407666042,-0.017615814207547348,0.2307973933356558,0.5293685309672275,-0.16602312360107865,0.3104122128777676,-0.023168344261145384,0.1004492244521251,0.09113668540789643,0.31325268110463694,0.10670257950896095,-0.2478629661370778,-0.2985788685571137,-0.2740347638824796,-0.29899795635836246,-0.327662306269993,-0.07450188197106254,0.1483696385799359,-0.21082714544198333,-0.12396841771926848,-0.17083557003789057,0.3383513996276868,-0.12776453848723568,-0.40811774640636134,-0.19262342685112807,-0.08657223849392087,-0.3658338277627618,-0.3125289643543951,-0.14200954955124642,-0.30455059682759034,0.04086969351653906,0.1702893432407573,0.05375154214893156
-0.016204728314953117,0.1675566396378579,-0.03058713102222892,0.0419260459144433,-0.021122339106385515,-0.06126686946121319,-0.055360399812901626,-0.05498369167694766,-0.10419433117040079,0.7285503957005045,0.2509959221344283,0.6018351964689891,0.5527516959714204,0.34500500707897375,0.02299803169998964,0.07574501881971063,0.22395298682463294,-0.21979821000850733,0.1291544857734104,-0.16823157504810876,-0.0512244785042837,0.3317025010280993,0.04076062111348219,0.013173797437756828,0.27075829415503866,0.029971852827923924,-0.0014879971370181668,0.18242719330464072,-0.046377480387632675,0.49253685660373275,0.46792958069245233,0.38662340801572126,0.13911836919845788,-0.10458760236858647,0.24784256111304698,-0.2814151041127111,-0.06132575417195086,0.3250049442942844,0.40711476099438393,0.26634363944008616,0.02925295637405862,0.4197001166618789,0.38068397640551377,0.3537995724362657,0.06359542158170095,0.4010262157470279,0.129206181780511,0.04374052343595491,-0.03650381750681397,0.13466217128291094,0.04466973683797469,0.2730003861258394,0.08895962630552913,0.1577512407824228,-0.037768129863851405,0.10497757016973841,0.018397483589651827,-0.09228721483978918,1.0,0.48969389324719276,0.7291013313493372,0.5981826971674687,0.480258924058779,0.3691472897419235,0.2861176773432031,0.13295128849878668,-0.09140352033753049,0.07377677671002393,-0.14773551321774672,-0.22506985780441233,-0.018994730400477684,0.08556768346471029,0.10815918430131628,0.33983796050137777,0.07586587934666253,0.49725160022476916,0.015164868799521227,0.28077313066435616,0.04145673036173399,0.10088243880847217,-0.2786070588826209,-0.13715001459744028,0.028888805175969787,-0.02350030921459493,-0.20783929630920203,-0.0934260088032089,-0.21109868932987183,0.09103152105327594,-0.21747517650345788,0.006677939138853225,0.0295998417825829,0.4297345149411864,0.4309650948519694,0.3498096054296199,0.482046122435723,0.2710681873118421,0.24500557410540535,-0.20836511808230446,0.004923889260364967,-0.029841562836486694
0.028023946080508805,0.27797764237213113,0.039282810493832976,0.06319278980627784,0.008028592147518906,0.012213191691074215,0.08856565238001061,0.0055674323259529935,-0.11433562811372819,0.3431716941506644,0.38655748409192936,0.45436023971194384,0.2536532841101369,-0.022385880979064444,-0.08094673033034164,0.17742796241708497,0.0035457653296667073,-0.14588493449987286,-0.17307947370698198,0.041580730123152165,-0.14583319435676417,0.10105509670411773,-0.07153219423550547,0.03888569733384817,0.2647780501500955,0.09910488618113132,-0.04666472034129757,0.1405607928450568,-0.10610455534313402,0.23545218745960578,0.21969775450558626,0.2583150472925672,0.20854570589836524,-0.025252021864792994,0.1443702538698913,0.0002950880398306069,0.008059987654956238,0.22384311361831305,0.2732593729693077,0.33688694674916575,0.07855149443256768,0.3420393495346935,0.2743392696257091,0.16643122408169544,0.10776289823658187,0.16673102097322548,0.18468901173759766,0.07506066570606092,0.1781296512191555,0.11573729630292356,0.05736480101962335,0.2326408182100713,0.12127176666698058,0.08522079805618601,0.04736163039281241,0.04208771648945688,-0.1750939415914035,-0.07145211568706855,0.48969389324719276,1.0,0.6644268228749737,0.3605850277351365,0.025840608509208943,-0.0005336698592681189,-0.006289456253198095,0.015977133816147595,0.11173163312394639,-0.17466086431046152,-0.25802152886996976,-0.36538584542170793,-0.1469468382206768,-0.14040853997344208,-0.1366493067000681,0.42880154575969076,-0.011048535704083201,0.309795353305143,-0.012602466655421614,0.13658495239350932,-0.044479813152764565,0.00813532611937253,-0.150278293135436,-0.024217624290140606,0.10656288357521135,-0.04035642868130178,-0.17723803873187485,-0.10424067578327675,-0.024669683733777446,0.0419181978282776,-0.036350765502324606,0.10043984616176234,-0.03057771331883007,0.24685998072510038,0.22770123277737492,0.15435144985543825,0.2591274258934562,0.12528370831489033,0.10234457742160448,-0.07860957027019391,0.2444459094205287,0.028463438905788434
-0.13262637773152638,0.26127377577703903,-0.0964011816078531,0.1661314271901654,-0.019916873071332823,-0.14549880866052003,-0.03466813582839689,-0.019146191009860335,-0.17894892151599912,0.5354089951624397,0.2835529227842498,0.6986397697057596,0.668578460456633,0.25339272764943543,-0.08234055043337132,0.18480673303008327,0.36547752465083866,-0.24977632954427734,0.07229819611600137,-0.23467818137868898,-0.1802949390419427,0.2915046036873448,-0.017579719909544277,0.009540133543034195,0.2456043833148242,0.041627834975091406,-0.025195495826387776,0.1499769266266728,-0.22254974901820443,0.4817331727091921,0.460240025867292,0.30643323319175386,0.20482492678715322,0.05665773292158753,0.22999601317222781,-0.20812653626286692,-0.049223215746723975,0.21940894493468824,0.32779258450034376,0.21539857290401163,0.024079497973624152,0.3601456762325996,0.3544980521050137,0.29031483382462353,0.09749445826798914,0.28342578378836536,0.23375210721113548,0.042163058116647674,-0.024256874239472967,0.07505124800266207,-0.023136158016506096,0.16691937504120244,0.13078050786535195,0.19652392567548477,-0.08248966407051976,-0.06404980081557311,-0.03989496121475817,-0.1350875375530923,0.7291013313493372,0.6644268228749737,1.0,0.750338252513742,0.24576752713083388,0.12674659157617824,0.1541756527253264,0.05950261969116211,-0.12038493293025562,-0.05294244601495122,-0.0777243061507021,-0.3005253118536594,-0.19055239168559196,0.053043644776784735,-0.0402214415992516,0.24649435663524488,-0.03162621763056861,0.37860109433713496,-0.11891194048010442,0.2951037360029383,0.12996273728688523,-0.007320694775372078,-0.20234720561043984,-0.06844629868560254,0.07061707931903725,-0.038623571255913536,-0.20551783242138572,-0.13327232751960988,-0.16396777417595343,0.17708735547749327,-0.2851586412137536,-0.09153854333970649,-1.569617233141526e-05,0.29686641615575626,0.2582271487275113,0.23203337634084553,0.37131586165548097,0.2713271741553105,0.19332826085166596,-0.19115112588644134,-0.03688443536159272,-0.06160433716633862
-0.10649068118248683,0.2923553362277075,-0.11798184894631596,0.22407855620328426,0.10797710870227187,-0.23519458544839256,0.00835193329754606,0.08782793228043409,-0.19635440701430548,0.48897500855441395,0.326808434495164,0.6390712260908055,0.8851511070510345,0.3158776200835664,-0.08013523822080747,0.14688321106015087,0.3061428540036227,-0.15212416300161044,0.06466592632997725,-0.19726007615782815,-0.16830698271969766,0.35335537075928664,0.007751557747614679,-0.06227142449042376,0.1584089725634846,-0.028845652021218745,0.08821876697148634,0.1463777943110793,-0.20852992789178432,0.5148348565174106,0.4174475512401546,0.2349622820978876,0.24461160002528967,0.18064503470824392,0.3425705307503712,-0.145054606983541,0.031557166855481045,0.08966281482597653,0.22322782366292157,0.13678272416488516,0.05651563809649379,0.30844010985757697,0.4205459756583759,0.2242920241469915,0.24396177823577617,0.33388740821663226,0.26818480045456117,0.12871332196930457,-0.1650704307149226,0.09326822561050262,0.037804231060213654,0.2355854201394448,0.206685627642843,0.271699173439565,-0.16189346066068327,-0.13819537967471252,0.18229848469152313,-0.17871661816549417,0.5981826971674687,0.3605850277351365,0.750338252513742,1.0,0.4485824786767499,0.22713460095621082,0.1701119764934123,0.05950261969116211,-0.052426785204160116,0.045219138357957565,0.08823917199551717,-0.08287582243070873,-0.18266035314048581,0.32555431032588394,0.05068921892707244,0.09017454542886774,-0.0357762855949948,0.17252761741521713,-0.21023077315488012,0.2871520550998434,0.08201877890057731,-0.002914779201943814,-0.16382408985744737,0.00990428474112303,0.15051059648594095,0.13485052535088793,-0.16621618652075504,0.02339436923141095,-0.06437473684376245,0.1625401429607376,-0.20777808123710953,-0.08764510626509715,0.09286012512988583,0.22237395188809256,0.18495898590169801,0.20500456758614843,0.4282435466143476,0.20324502666779679,0.2455243328045218,-0.18080263946833924,-0.14932553547491909,-0.02470734486688076
0.026931492486242305,0.035222210711695845,-0.026860859710750935,0.054691742871583335,0.0654247855118051,-0.06395562378158462,-0.21140703628013272,-0.02490982548995602,-0.011594762501216454,0.377326565143824,0.0756869429820844,0.2576510992029484,0.327174155310486,0.5195825446006737,0.20652866591952887,-0.12025936355160431,0.18673579260961423,-0.153660818272856,0.38724135630743484,-0.20215885154246285,0.06896979309690449,0.20170052331038552,0.0664591893473227,-0.27238509617044787,0.13562047582181327,0.042635529634192065,-0.030252802551569775,0.21328586810820313,0.04847448901110975,0.3424044200457028,0.23532015482704388,0.09325095982093806,-0.08485354092053246,0.05918089460406235,0.11316312404057147,-0.2822642670358406,-0.06040831253917152,-0.05779016728980471,-0.09092164784695604,-0.1157686886475864,-0.22532954113809806,0.18498024832140605,0.18204577631698735,0.2037143422205061,-0.03277048145280941,0.1412718294516699,-0.0242741305105337,-0.16076176663558825,-0.13753305517090075,-0.06609187283589024,0.1146118807467611,0.13772763373923635,-0.024281978596699408,0.18685822275379926,-0.04544983660284603,0.047981629199903314,0.09287268206775096,0.031014066909643416,0.480258924058779,0.025840608509208943,0.24576752713083388,0.4485824786767499,1.0,0.7908563517700573,0.5519433430963525,0.24598099507454113,-0.25681920206938336,0.5468597820586445,0.28060518162041004,0.015921418652005567,0.12130477622940271,0.35388433176685535,0.5292435386706598,-0.009476567763738711,0.23012629140257856,0.4095366803851213,0.04986206977740421,0.40730154544512776,0.053944605068607966,-0.06500569771055631,-0.23382117036939373,-0.2335857277844225,-0.04935033542720272,0.06776194557195282,-0.1567231414947151,-0.05622214173571129,-0.15706616449360825,0.1759242691077354,-0.17030974826478815,-0.241714085475913,-0.15992673026755697,-0.029537057093257237,0.013304075668107575,0.17347409660680146,0.2511231596721418,0.09471227346499282,0.030244181524736954,-0.3321906519876063,-0.17346153966893632,-0.136448395694226
0.1261030485105902,-0.14251810553478428,-0.06438255966899911,-0.04668198613086213,-0.08120257793934371,-0.11065958455371074,-0.18947634429867932,-0.1057372649105789,-0.022436108730524974,0.23417747348131684,0.026636404446411698,0.1319090626559807,0.04323196745241705,0.5777651161987638,0.3490295056647486,-0.10759255248015219,0.1637079381821949,-0.21342242480748644,0.4717472600349123,-0.19158904909448782,0.21622741565169645,0.12412062194513246,0.06630772122488778,-0.24461071923000857,0.06784437709912385,-0.14694055974928055,-0.13753143158509365,0.00439178901832999,0.205875705150542,0.06958511059926252,0.1251236073571099,0.2206520817833363,-0.02126125857452964,-0.018726333096588315,0.02984784130541926,-0.34320779534702667,-0.09861438060329805,0.08748104687190981,-0.0536055677462494,-0.16962853438560474,-0.17551773824435174,0.08079921801639381,0.051648255056521916,0.23061601197931872,-0.15216974161344543,0.08083842674125488,-0.030058170014660227,-0.15093125390442286,-0.09739164829887528,-0.009538563925801054,0.1840784306339056,0.007935984730763556,-0.00676818950930626,0.04960304380173851,-0.11594134654323197,-0.005336698592681189,0.027948604453318013,0.03901440594696577,0.3691472897419235,-0.0005336698592681189,0.12674659157617824,0.22713460095621082,0.7908563517700573,1.0,0.7479194723574709,0.40234312460563365,-0.2090180788512913,0.6846102833555842,0.33329252328527165,0.013463397100367503,0.31643888241641965,0.21763370784400515,0.6070949838172464,-0.13819935794782948,0.28873109003638375,0.3166781248724686,0.14213209124196513,0.09148200119918756,-0.03499304659565718,0.08605740404145046,-0.1495342945669269,-0.19422914528063187,-0.11806032980797303,0.0013639973755999863,-0.14525708760661626,-0.09058970934994581,-0.19967265619759259,0.033957099221783776,-0.21013093746958866,-0.16487579810163838,-0.020963807765838224,0.01776178861022951,-0.016865537170105697,0.19586782567203162,0.17849144813336532,0.11668534511174106,-0.004882296319521202,-0.23330790553415645,-0.13412065333747714,-0.048948513415518494
-0.07052604151951505,-0.23799007374061762,-0.0756869429820844,-0.2153593324731831,-0.14778103211750782,-0.07888268366876054,-0.14187142323472998,-0.1513001139542111,0.0999500861719861,0.24570945129320765,0.11573729630292356,0.1902846971737472,0.020053429770616138,0.6264624908569796,0.3885100879299574,-0.0693488285946589,0.2358161538727166,-0.3243865151044266,0.6002150377298886,-0.2840583395333214,0.2882650268346013,0.09972720052488,0.10393852434733146,-0.03727056120094554,-0.025078569183459257,-0.17846868867455387,-0.1953985101193223,0.016978549610891888,0.21466085280443511,0.09453655052800952,0.07877751931414005,0.15846384700626906,-0.0013938206499710104,0.015300640796743044,-0.03862200163868039,-0.2882084074977476,0.02822722258868656,0.1667843879591523,-0.0012823772794766269,-0.1521461376428744,-0.11916534034010466,-0.02798628624885486,-0.034192541806755,0.2588047678693074,-0.11564316464782,0.15460101899550777,-0.02871457766309108,-0.08975856147719817,-0.11731794689277392,0.11343780705637123,-0.016978549610891888,-0.10039271823173201,0.10288997924966017,-0.11871642981142619,-0.050660965816875896,-0.06684058025609875,-0.1000787947851037,0.16217285252818248,0.2861176773432031,-0.006289456253198095,0.1541756527253264,0.1701119764934123,0.5519433430963525,0.7479194723574709,1.0,0.537797952591281,-0.22430458108485665,0.7406464473650348,0.4256519405177853,-0.06922956485092499,0.4041530518668757,0.2376008086667985,0.6666132996807399,-0.30075996972209484,0.4942238085820392,0.28398456752336376,0.29701811732122363,0.16172865085120341,0.03903010211929719,0.05215053257112721,-0.09973190937657943,-0.07141915372517257,-0.10307833331763716,0.05854358356171264,-0.22812502943032312,-0.19581924437813444,-0.0742091774770883,-0.07147409032833253,-0.31610992343407135,-0.11800230027496689,-0.05817629312915752,0.0535035426260952,0.025740153006287885,0.25896957767878725,0.17997316738288405,0.2280371308652672,0.1606464628073288,-0.3023412410649539,-0.28441621226247765,0.062444082386069334
0.15811225274604535,-0.2605219291223642,0.13738231794794523,-0.32508342515594146,-0.27589946915545177,0.21548647146906755,-0.004759079450885107,-0.06531805153995146,0.3591347014117137,0.19332818498880863,0.21112293556093412,0.11876822718011985,0.08038166812641069,0.35665313656611697,0.8470753322094874,-0.11831931665144138,0.028187186272755526,-0.24121877638918973,0.2105933550202933,0.1378767473763848,0.5576357788110652,-0.08391487651821226,0.2627501038891016,0.09908365745929197,0.0923351243981077,0.06924604583834018,0.06262458836788061,0.1650578090026966,0.5182091295216749,0.026483387550579298,-0.20262345824347275,0.06141912233282792,-0.057307532478340736,-0.23116242019478234,-0.2191436796222873,-0.1316328100229478,-0.05334738664514608,0.11800696282204622,-0.04387080166630566,0.005322572037582915,-0.145032632342277,0.034525314208065705,-0.22726173995209528,0.2401137658570581,-0.040784165381218186,-0.050496156007396036,-0.19189198522048415,0.06986052381266304,0.16300481362555116,0.0948739440400064,0.0947530835130545,0.00825932588079071,-0.025721317599490187,-0.3108987942200415,0.09652989022097071,0.3190074368464506,-0.10398400246115982,0.3173059717657252,0.13295128849878668,0.015977133816147595,0.05950261969116211,0.05950261969116211,0.24598099507454113,0.40234312460563365,0.537797952591281,1.0,-0.053591441191151126,0.2734173340816023,-0.05105493974239442,-0.08073800292028022,0.7230695760580467,-0.06036276993492367,0.5176534850211427,-0.02456922819143719,0.2060012745291933,0.171827568129236,0.47928927675919936,0.06989819462625844,-0.18313509067678757,0.035179831046401024,-0.26861173634197566,-0.19978559028595286,-0.18923776247924182,-0.16820489155514537,-0.021348363987957898,-0.1624837004996611,-0.16647366907198802,-0.1991483256892974,-0.0033338670031926015,0.0370100192631379,-0.06548129173219819,0.0688120195009245,0.09366376915325429,-0.07548603197624228,-0.00749414042036778,0.13138951935181087,-0.017986250932452486,-0.05265751893743192,0.011863167048083654,0.103608863942439
0.33744259124969783,0.20236761063447067,0.17699474806073792,-0.0709969266894575,0.04479216698215973,0.19650822950315336,0.7340362079303341,0.07019014343162276,0.1392234789624202,0.027812047754034702,0.1327393901723126,-0.053307340471952507,-0.06356949794223181,-0.3638168696181749,-0.00048658134227387307,0.1848491126953781,-0.3407215216497305,0.020902592693745704,-0.4644312683695841,0.49278289996201524,0.06817713608312592,-0.049653271553199034,0.2062744688707661,0.4347117711874782,0.1193678678036547,-0.005388498075845133,0.3437681486992582,-0.10236729671102406,0.15227641587322516,-0.09394951322210247,-0.11875253100778844,-0.11874782215608902,0.13324407439832667,-0.17820898685057618,0.02197778049844765,0.2094826855523012,-0.11176149970707866,0.03556752650298698,0.2400760950434627,0.535278716932089,0.20599028720856133,0.08215065898444003,-0.009615475170224989,-0.08749988227870752,0.2443761573479297,0.0445567243971885,0.01924507689554825,0.30029132095847105,0.1546560162863667,0.058906165142568336,0.20555707285221425,0.17434837340566128,0.5267541257388973,-0.177561379881902,0.010166410819057664,0.19689435534250618,0.09438736269773253,0.000900960291823236,-0.09140352033753049,0.11173163312394639,-0.12038493293025562,-0.052426785204160116,-0.25681920206938336,-0.2090180788512913,-0.22430458108485665,-0.053591441191151126,1.0,-0.3617358410605456,-0.20539069342550126,0.10112812358857798,0.10624193854083648,0.0479015787210131,-0.06541536780840625,0.5707868219594685,0.08124024875293911,-0.17441900618115266,0.1662759624704737,-0.08958904281601889,-0.0953275634203843,0.0967260923751134,0.2612329657289773,0.17603571193128845,0.25443966234394083,0.20812810588010008,0.383747869244606,0.49746212414032914,-0.02455667124864466,-0.07373433914405633,0.44644152077074484,0.44843981947828565,0.2632310884667665,0.26318086071530594,0.30492483103070483,-0.10283661226373336,0.19443719586203143,-0.04010215068953285,0.18698308069681482,0.47971112764441265,0.35603156814179293,0.1311980260493676
-0.08347230996828017,-0.35802683262776924,0.013627427513061459,-0.26575995040013833,-0.16322697860222654,0.00711194126487923,-0.1945039809448917,-0.0497647534325747,0.14966782949239224,0.0017634663454186305,0.008067838910059423,0.07735472200097343,-0.12987807988577177,0.6238848841819696,0.22388802341877642,-0.21544033684018893,0.3683415803704649,-0.06181079034215661,0.8078675617684591,-0.23809934900081495,0.3396537969674436,0.11929257295786501,0.2422801228541041,-0.2404168906643758,0.06668762108140204,0.05238996087332439,-0.1312624833718948,0.11422662936210298,0.060351829978946454,-0.0007494934052428437,0.06271881462415455,-0.02530460408337023,-0.18318396445755963,0.17523195055070107,0.0682572133778792,-0.2800065923976392,-0.06885448022260868,-0.10628906878463791,-0.21766370139585023,-0.35260458564045405,-0.2904060995374444,-0.13626805012893506,-0.08113357845544193,0.12821271469441514,-0.20074957159210755,-0.006137993007351628,-0.10956564733030894,-0.21781830881465197,-0.1416526283860226,-0.0970455856442994,-0.004707285776511324,-0.20364151483884327,-0.04673931384130242,-0.1637488767418364,-0.041177370810602895,0.007469029465664934,0.05361816676413032,0.2631049407666042,0.07377677671002393,-0.17466086431046152,-0.05294244601495122,0.045219138357957565,0.5468597820586445,0.6846102833555842,0.7406464473650348,0.2734173340816023,-0.3617358410605456,1.0,0.704030387813699,0.219989177476454,0.3352510154454699,0.42237098717242316,0.7071602070328933,-0.4309608933330369,0.5439081145352268,0.2868987870774195,0.08634477952336929,0.09073493460579864,0.027797158205777692,-0.1231922900341379,0.018386510698917523,-0.15651921409208278,-0.1129725042085743,0.17296253713134008,-0.07592479957936563,-0.15383679650164483,-0.11111647397631279,0.06689399974103355,-0.2900034924011739,-0.30216815407697145,-0.18748386236021453,-0.2637194463956486,-0.28112102150778356,0.055340823029459155,0.022200692280497345,0.07543743304598557,-0.053657428281165286,-0.3045781846578581,-0.3322874442295962,-0.11395116132149687
-0.20731347453609963,-0.1792549968764617,-0.11634473817214934,-0.06448615440638646,-0.03654225880476787,-0.17243030114676236,-0.08743395835491558,-0.014190909404832537,-0.1026718024542535,-0.240390018490091,-0.15736825417753628,-0.05275326558865355,0.013919365623499054,0.4112334366141473,-0.009326665599326949,0.024556661612499177,0.3813400764089669,0.15122163309255404,0.6036211097989215,-0.2591595013639974,0.16240129556258512,0.21718322769809353,0.2997232371327864,-0.1940564873849863,-0.09966053089970084,0.0794124606467436,0.0028362983402867377,0.08297310617832736,-0.13165792389867806,0.07943603608555297,0.049345626575503294,-0.2014807768977457,-0.08487159152579672,0.4941551332411396,0.18885634549158842,-0.16785800614662108,-0.05257356504555632,-0.2806915105682328,-0.3099852769903531,-0.37667831322653655,-0.2127474893972356,-0.2787578515228058,-0.032422013567771364,-0.09830355769442063,-0.09156130279851794,-0.07204543100119605,0.10529306323359985,-0.12773074158135797,-0.3439432959856111,-0.24502509817955792,-0.07587843628452766,-0.25827423724450554,0.10739791994324265,-0.006407177545683709,-0.17390417172868225,-0.2607259793626726,0.17921104759393375,-0.017615814207547348,-0.14773551321774672,-0.25802152886996976,-0.0777243061507021,0.08823917199551717,0.28060518162041004,0.33329252328527165,0.4256519405177853,-0.05105493974239442,-0.20539069342550126,0.704030387813699,1.0,0.41548255350143737,0.03265668415875209,0.6160465108978525,0.4535895576504714,-0.44257101834062623,0.4042109691130721,0.08465102700055564,-0.08697883761907253,0.13468885477587436,0.17134569563866156,-0.17747975978577865,0.4037102612156999,0.1414068165337201,0.17340503344854324,0.4070190143431623,0.13718925502826881,0.26969644768014517,0.017783770229922915,0.37009219931627474,-0.22170058609507484,-0.35705902273241036,-0.017578143393951952,-0.30899170928177455,-0.3594878652891706,-0.012018559154164665,-0.060802286619287195,-0.009891727803257897,-0.016864758979294507,-0.05301382204935504,-0.46813677016722705,-0.22499678228467207
0.26743541316856495,0.0875729038440401,0.25461398976846566,-0.10794497390707358,0.07334824208687536,0.26309385019804715,0.07413775986495579,0.3665206791265829,0.1886233313490893,-0.2659058205746497,-0.1852227542790868,-0.18848363536052237,-0.020741715066488645,-0.03059813034970144,-0.025345404217800554,0.011695222593394143,0.08062263600837384,0.6206355304190455,0.1701757463244557,0.37015669887394537,0.34566608721585,0.032007647178163116,0.4527980411161557,-0.05091055493447041,0.1813780465313394,0.13618323725960313,0.3884898353510416,0.11216960034783595,0.040661735188991,-0.010341827719395284,-0.22502198446001578,-0.16239266266441524,-0.11480346414795224,0.1763969315516723,0.008906011675603055,0.08627482988286213,-0.18471819462484157,-0.21645814947550923,-0.27845648489578506,-0.36084101693973597,-0.2576417825993148,-0.21179489795517956,-0.2728568732192405,-0.21996153651462555,-0.07332943544747861,-0.2883827481732813,-0.19129952978174758,0.0008844796579489464,-0.04298243204533058,-0.25890610977673784,0.1463040797114841,0.14291135073072697,-0.02815894421225217,-0.0907427470902298,0.19022905040868426,0.18011286337145097,0.6219547942211858,0.2307973933356558,-0.22506985780441233,-0.36538584542170793,-0.3005253118536594,-0.08287582243070873,0.015921418652005567,0.013463397100367503,-0.06922956485092499,-0.08073800292028022,0.10112812358857798,0.219989177476454,0.41548255350143737,1.0,0.23741264092230782,0.3937982829165843,0.2670775402989778,-0.25788203532426357,-0.049652506228443645,0.04346428785849916,-0.047981685684567545,-0.030424687577379594,-0.17018189124040753,-0.2488236695232595,0.15477923128751842,-0.0904947474700773,0.03763394235814182,0.2686487277658933,0.49485577370195427,0.3570630868901542,-0.05145287809165787,0.23784968633151138,0.3554007214748717,-0.2445567593657172,-0.15429186494538327,-0.3093693236242243,-0.31617047776422924,-0.3925418038284066,-0.2499688038330083,-0.20698629056531773,-0.3138711107797472,0.2373183706896024,-0.0021723511031079713,-0.1506691869497379
0.333406451364828,-0.3791419762509263,0.37233846768414774,-0.5241589693261759,-0.3688342958361069,0.48974509798539395,0.09169158107999047,-0.01483681271830065,0.5426365106453862,0.010157781910233551,-0.014103016373862081,-0.09814977371997438,-0.13225599996233933,0.09368185651260673,0.7184548995817913,-0.31624895865668257,-0.11443141966834071,-0.053531816742411385,0.20577863112736727,0.4375317602361984,0.8297387762469638,-0.2574071247308794,0.43976314457363275,0.14659995267603312,0.1854990798111749,0.10741291560553919,0.18065830557400156,0.0965723077816626,0.6457525552398068,-0.16987751869908138,-0.3346048545925902,-0.12527041572506908,-0.2831991963553459,-0.3841595611973193,-0.3307828351301134,-0.07701879342691725,-0.1363401991061023,-0.04970351880853831,-0.1773691713712828,-0.14498324629149467,-0.2863132070392872,-0.18269888046962984,-0.4796728602479345,-0.04111064589382401,-0.18668571137070855,-0.2529784479697384,-0.4100563845972146,0.03129739510146054,0.26216787854292317,-0.061244918852723935,0.10499487715975318,-0.018421819885568427,-0.07403024104229473,-0.540424134287127,0.2738692767318884,0.517369587320039,0.03279088648484727,0.5293685309672275,-0.018994730400477684,-0.1469468382206768,-0.19055239168559196,-0.18266035314048581,0.12130477622940271,0.31643888241641965,0.4041530518668757,0.7230695760580467,0.10624193854083648,0.3352510154454699,0.03265668415875209,0.23741264092230782,1.0,-0.09297552848052683,0.6400399310781295,-0.012368593504133983,0.2962567361131232,0.1420692507547028,0.5731110909677103,0.021450397525342148,-0.24032732810626278,-0.1535557141741711,-0.12239252139880576,-0.2832893382530607,-0.341673628575861,-0.18732368777006225,0.22157902770808854,-0.07192933577670607,-0.20576049976651925,-0.22576441370262423,0.21492306321912225,-0.02321701152492358,-0.14430046252715079,-0.08274554414923621,-0.026703123657243037,-0.356212213902839,-0.2500017658207731,-0.11491486196585317,-0.25187196622181063,0.12166892757038612,0.11817338862051513,0.021945611956722615
-0.1021914995809122,0.16420079799340134,-0.1606989819462626,0.21907775569849536,0.283355151012874,-0.2188972497166841,0.09469500767542827,0.22875130670634658,-0.2001261972255446,0.11053715440952569,0.12569965688167284,0.24245406515167212,0.28542861537785397,0.3592587011731319,-0.06333719459172686,0.23697767062524133,0.3534448389415757,0.15170978405206106,0.29792300236629154,-0.1447720758815755,-0.024536266216606796,0.4960477038069496,0.3523564476566073,0.021676413989684475,0.062499043514128036,0.3141189872354994,0.2080637515735413,0.27041993539455467,-0.19804331515716578,0.278153657799716,0.168289650885735,-0.15961280682092865,0.036663918527418744,0.42114040629586935,0.4363598692822768,-0.20431079676909988,0.0026228314257900434,-0.1340437420930532,0.018529331437235716,0.01389582136500193,-0.04471839497220208,0.060379274608963786,0.27001811338287046,0.09243946771140389,0.1900336329864755,0.21500302936125995,0.21298450159943996,-0.024145421897416097,-0.42177436664942025,-0.12912142244992136,0.03528499540102151,0.06186646324427325,0.23138355480632494,0.2315828961949339,-0.18853771319326068,-0.20986881139165403,0.387119407061394,-0.16602312360107865,0.08556768346471029,-0.14040853997344208,0.053043644776784735,0.32555431032588394,0.35388433176685535,0.21763370784400515,0.2376008086667985,-0.06036276993492367,0.0479015787210131,0.42237098717242316,0.6160465108978525,0.3937982829165843,-0.09297552848052683,1.0,0.3422079491695155,-0.13429257912150308,0.3882149998901268,0.22204904112083226,-0.01880481401983792,0.25404411880118916,0.17581596551864861,-0.08052136406016029,0.34419194535220643,0.11512514558199838,0.49288492508216947,0.6840815698683719,0.24863992666748286,0.46590181804915,0.06482364754859544,0.46507601656260106,-0.06731303504327435,-0.07602836456415632,-2.511387573026442e-05,-0.07571676570951408,-0.1020816263745923,0.10883411971156713,0.29666719118065404,0.19678134290171997,0.2891267470337388,0.002282223456987779,-0.34198192428794316,-0.1604541216578925
-0.018939001535085653,-0.2756718746566462,0.07545777886604572,-0.33237429720388384,-0.2196381090507269,0.1959965342851492,-0.04606355694100436,-0.09831297539781948,0.23826004790471794,0.0520218239580096,-0.026281670951721712,0.014195618256531962,-0.030334422647693135,0.4133288756203912,0.5237498783546645,-0.3161507334821331,0.03853724230809075,-0.1733924765106781,0.4590537555085211,0.02905675421991593,0.5809705025642117,-0.09732254692370719,0.535287559876057,-0.03219912792066527,0.20932345154257767,0.15664393729220935,0.1070714395587492,0.20426841710380506,0.2339671447720759,0.04589642872560166,-0.13654100311098136,-0.0974591036229905,-0.28628652353585304,-0.10735797895929754,-0.17147911310347858,-0.35273537195219573,-0.2358068287009514,-0.13400450166222466,-0.23413980266772144,-0.23190466772772791,-0.4219963019817987,-0.09667668736862552,-0.32737035746462867,0.0337765932399725,-0.1837653641062286,-0.19017953281912672,-0.3091941899048498,-0.14550665674668575,-0.1872444220686844,-0.2767925813611093,0.01300113954211126,-0.13903983374614268,0.023241322371126576,-0.3005000800504789,0.0565501696756229,0.18461994857933944,0.025696203723759924,0.3104122128777676,0.10815918430131628,-0.1366493067000681,-0.0402214415992516,0.05068921892707244,0.5292435386706598,0.6070949838172464,0.6666132996807399,0.5176534850211427,-0.06541536780840625,0.7071602070328933,0.4535895576504714,0.2670775402989778,0.6400399310781295,0.3422079491695155,1.0,-0.15693431659428667,0.5416027047644162,0.3879277599364619,0.3928346917074342,0.318401564594458,-0.013145544327560281,-0.1896490021943249,0.01528493261633218,-0.26728540977997106,-0.14985763571695407,0.0690647278754603,0.22751287870939793,0.06984014619421183,-0.23374356603835356,0.12482067123111358,-0.1386976571893178,-0.28377827421304486,-0.2565194051778533,-0.23755058091533798,-0.19623197687012045,-0.1620865235803597,-0.07932063800257322,0.01503693309349582,-0.1303795218237804,-0.07266072095658753,-0.3057771331883007,-0.24681446182533928
0.25682244208210214,0.18824269902069066,0.18610174027456403,-0.07556611210760626,-0.06740017524783803,0.17561747785172466,0.5756228145524422,-0.10863796018743642,0.09277540220477085,0.3170824257345369,0.1477088876863986,0.12028138539181138,0.11493997585143824,-0.33046263308890383,0.013910738187351442,0.08460083244683277,-0.29066497252582396,-0.11403273673467783,-0.44260903653252576,0.34701268368946053,-0.10543676595811473,0.014614711792657746,0.12948724488794885,0.27757749890030786,0.19292337515058527,0.24101805453639358,0.31977667477245947,0.20312973951016144,0.11357048427812776,0.1745581227983774,0.13529399530920747,0.045521272049700745,0.08856964593331476,-0.2283144370816405,0.08105428091686712,0.04476236181967711,-0.09187447761135462,0.11114542470132008,0.37807149687786296,0.6653570821746468,0.11102220970016836,0.3227072779284175,0.18415305971494803,0.15678755732539895,0.21636915856678138,0.19179003535958086,0.030224561301623622,0.16764067994276893,0.16271371336412402,0.03555812275275143,0.1346072875002409,0.23431961578896093,0.38367581740795476,-0.06412752203253448,-0.0008279734153825541,0.31719072936612247,-0.15012923840965905,-0.023168344261145384,0.33983796050137777,0.42880154575969076,0.24649435663524488,0.09017454542886774,-0.009476567763738711,-0.13819935794782948,-0.30075996972209484,-0.02456922819143719,0.5707868219594685,-0.4309608933330369,-0.44257101834062623,-0.25788203532426357,-0.012368593504133983,-0.13429257912150308,-0.15693431659428667,1.0,-0.020183715921145522,0.17535142762630787,0.11569505283534919,0.16245937142300057,-0.049840075561407085,0.14069818956354327,0.04176439172796018,-0.033298657859020274,0.21616620055558286,0.04114517748650347,0.2038368523511659,0.34350236816185903,-0.09662728232334925,0.05023561925937183,0.2553595582467722,0.4376009951381068,0.12078209348566357,0.4327970079944894,0.552597305515562,0.024150140225736447,0.3786783027715538,0.10072080775674523,0.23600390834997784,0.23021349549580308,0.31462283456504975,-0.01173603265746987
-0.24760084005914318,-0.4416196566305341,-0.07685787743800797,-0.3082743942062289,-0.2028934324075731,0.03216145710706987,0.13451776649746192,-0.25774684585417,0.050472611748898916,0.13033002771944033,0.16160779032425152,0.19851420032710823,-0.12727241334928063,0.20874339583549156,0.17982790716655836,-0.1504258371553513,0.1524066941035759,-0.3848983986764988,0.3520536495592418,-0.16223877645197443,0.17419932812509312,0.024583345105462583,0.2196389800466424,0.40732038085192546,0.12007498064465913,0.3713543172927831,-0.026068203008014466,0.18335483708942737,0.08346439637230064,-0.06505990056469027,-0.01487212328401596,-0.2840049725473946,-0.2698753841149388,-0.09786806571995527,-0.017083713965512372,-0.39907361190899987,-0.10155662926137313,-0.19805273286056463,-0.09918568257944618,0.0325444437119564,-0.2604104862988112,-0.08124891353015135,-0.06378139626870591,-0.04190093203871304,-0.06610602533128274,0.018805584070268624,-0.217831479615381,-0.24752863766641867,-0.2829950349063607,-0.25924583031182014,-0.23859751560984338,-0.3361774797597858,0.14380048281426092,-0.32711607947285976,-0.03420352912738699,-0.018483812537474612,-0.23646911464170348,0.1004492244521251,0.07586587934666253,-0.011048535704083201,-0.03162621763056861,-0.0357762855949948,0.23012629140257856,0.28873109003638375,0.4942238085820392,0.2060012745291933,0.08124024875293911,0.5439081145352268,0.4042109691130721,-0.049652506228443645,0.2962567361131232,0.3882149998901268,0.5416027047644162,-0.020183715921145522,1.0,0.42561897855588937,0.4713815389325691,0.27227051411242853,0.12739798272793196,-0.1630235850685452,0.4426917052007697,-0.13873532800291322,0.11548772716285406,0.3209898634119084,0.1063305802247064,0.08841814305576237,-0.10308386742851477,0.15286502233565322,-0.25684431594511364,-0.053523968653166054,-0.2272664488037947,-0.14032064140838615,-0.09702745888387658,-0.014120276629341169,0.10742150635440992,0.07570106953718267,0.1282660313900124,-0.13990469284160365,-0.3356752022451805,-0.2349465859255562
-0.10771341300710409,-0.04489890095401335,0.08655340308712317,-0.13926585862771504,-0.03662387890089123,0.23040568327007777,-0.1093881945948661,-0.057305155564763975,0.03037366307852167,0.2896555945867041,0.06992801735368813,0.33020822542214856,0.16064561496033578,0.19838392209675748,0.12071298293198221,-0.23057991078295648,0.16570920015445034,-0.26604541216578925,0.2385678801126151,-0.11853435421238177,0.08274632895816074,-0.01653748716837912,0.15425340930808115,0.08344556096550296,0.4756624866435697,0.4884901885150653,0.009930968234086436,0.48822316189973913,0.05378450411082753,0.273983181538232,0.1959965342851492,0.011079928048746033,-0.298543669319213,-0.2356444657215673,-0.12234538485444939,-0.5059802416582693,-0.22276958284660545,-0.14371886271813755,-0.15443463956879475,-0.10451767232042794,-0.49858891410740575,0.14624129499752145,-0.07847615280537688,0.14959237040455314,-0.21550853067682402,-0.07753124323102568,-0.271565755974748,-0.3845515132679745,-0.20321685330078462,-0.3960881999315647,0.015255109888902493,0.02246279222348838,-0.07267170827721951,-0.017830851768487737,0.21067559464948876,0.2072491202295408,-0.015834298647931715,0.09113668540789643,0.49725160022476916,0.309795353305143,0.37860109433713496,0.17252761741521713,0.4095366803851213,0.3166781248724686,0.28398456752336376,0.171827568129236,-0.17441900618115266,0.2868987870774195,0.08465102700055564,0.04346428785849916,0.1420692507547028,0.22204904112083226,0.3879277599364619,0.17535142762630787,0.42561897855588937,1.0,0.37989868112820174,0.5636448395694226,0.15845599892010334,-0.20045267761003802,0.10102841321115433,-0.3615205196060889,0.08711218682212156,0.10524754433383875,0.1575958486763418,-0.00023230344166183506,-0.2473929628538354,0.42053027948604454,-0.1827395471340359,-0.26450650626220695,-0.36893068256375,-0.12645464277081392,-0.15635742067939312,0.14830685389061024,0.15373151137326657,0.20007596947408404,-0.05457404299419151,-0.13905396030124095,-0.1907979620089845,-0.3836348568038198
0.11179136631366773,-0.20987211533562944,0.26752969521941694,-0.3205474829206878,-0.07469343389357933,0.40699421988012796,0.14189272442605383,-0.03791177959418682,0.35942536268007724,0.023792276692350334,0.02883546082036997,-0.06719144244014956,-0.11152374636538658,-0.0663846585491436,0.44175499040584315,-0.2746573326689461,-0.1991406338904784,-0.3431821659951064,0.002609885150926782,0.195142030850911,0.3746814163771989,-0.28203689388210645,0.10575269317204741,0.41308983318892484,-0.0019902769946034105,0.22654940042514876,0.07914487186029694,0.28738772322926454,0.6342741888017523,-0.17195654664831259,-0.21389661707986918,-0.3038679323024492,-0.3103403758217685,-0.41394324569100155,-0.343771557728711,-0.099511456252802,0.18162847194837037,-0.1353591875655242,-0.2000722024494512,-0.0565447203921081,-0.2584314017870902,-0.2710159241780015,-0.3220323419885703,-0.003486122610747466,-0.15339494873036655,-0.14473137941999206,-0.3171822209317447,-0.09449887968484971,0.07242143958399373,-0.07986375711726332,-0.08269691844657406,-0.002234351884916262,-0.1188562190245972,-0.2995114562528636,0.3999952911447282,0.35202382680840694,-0.13795062765122618,0.31325268110463694,0.015164868799521227,-0.012602466655421614,-0.11891194048010442,-0.21023077315488012,0.04986206977740421,0.14213209124196513,0.29701811732122363,0.47928927675919936,0.1662759624704737,0.08634477952336929,-0.08697883761907253,-0.047981685684567545,0.5731110909677103,-0.01880481401983792,0.3928346917074342,0.11569505283534919,0.4713815389325691,0.37989868112820174,1.0,0.30586527179915163,0.01289363088067765,-0.06411106620260254,0.23098191407130825,-0.10414418515222619,0.016045424758381797,0.09003880881657464,0.28995326461029414,0.11998168254533492,0.15364844221193472,0.08237436185201819,0.22609490698055534,0.10704919853288528,-0.2336369237048424,-0.04227217968993489,-0.04971060159553248,-0.06620022837950704,-0.15550922563236244,0.09778566075054318,-0.006885134098444684,0.14464662002288248,0.003115692653009329,0.07659267223621977
-0.22140078920354483,0.11102687498626584,-0.04364163755026699,0.03715127029122678,0.060223074001174076,0.13155118992682444,-0.09573409428376796,-0.0640906108636348,0.06462741995736919,0.2007587529705006,0.03293056955130922,0.20270193910512982,0.36926187179994285,0.05609027182631243,0.006383633287186587,-0.10253681537220334,-0.04022301121648475,-0.2429327984077803,0.04595371979957387,-0.1432668129549928,-0.08381131466875233,0.022199096528320604,0.1700469041053878,0.05369817516300475,0.1075415821198635,0.40579173290130105,0.1364326995218946,0.6195718712034883,0.0055658627087198514,0.6012776694306883,0.10411585030874371,-0.1659085415430593,-0.14351800802939116,0.003081945856011999,-0.09028909210200001,-0.1916110237357518,0.05802249340859051,-0.24802463671209138,-0.2014242706773526,-0.016995815400456443,-0.3131637518874647,0.04506765249132054,0.02485959773849549,0.06586427833708472,-0.05745586136507752,-0.006101102185221112,-0.10035504741813661,-0.14458529143083168,-0.1811597984767783,-0.18552875695732837,-0.1010237043594549,-0.030102119297188187,-0.001119137087229908,0.11143811470134893,0.20262816709517217,0.07197950707740411,-0.09473267848902367,0.10670257950896095,0.28077313066435616,0.13658495239350932,0.2951037360029383,0.2871520550998434,0.40730154544512776,0.09148200119918756,0.16172865085120341,0.06989819462625844,-0.08958904281601889,0.09073493460579864,0.13468885477587436,-0.030424687577379594,0.021450397525342148,0.25404411880118916,0.318401564594458,0.16245937142300057,0.27227051411242853,0.5636448395694226,0.30586527179915163,1.0,0.30041532071988925,-0.19404079121265488,-0.009219931627473324,-0.15961594605539492,0.09918725219667932,0.10086046416720819,0.07360876976540501,0.08220324118238376,0.01704997388548435,0.49482811121679865,-0.0949571337533629,-0.26872328461372397,-0.296830314959394,-0.09057790167289805,-0.0653871146982097,0.028328451823738263,0.050338429228485686,0.09995479502368552,0.027115933151547512,-0.13844494881478203,-0.23712835387962292,-0.22359825332994296
-0.18386810192466466,0.0082059588948639,-0.29255781685078275,0.14297643376686162,0.086595782752418,-0.2876229402697858,-0.22404559424138829,-0.1870826780181385,-0.26077777673136626,-0.15275514912933333,-0.2513553644808177,-0.05984950509968639,0.08327290306985738,0.06698341542431463,-0.2315075545677431,-0.08950428348542924,0.07741038270407379,-0.21461219467020773,0.1235281883856462,-0.35277775161749053,-0.2397018353934098,0.05043651055253666,-0.0634667129180775,-0.11487400682469573,-0.12927294124018854,0.14270573079249926,-0.15017783763251494,0.14473126583351384,-0.14568873234573018,0.11577662759628268,0.5701509030007942,-0.13717355885593738,-0.10243561525685034,0.054892696957703914,0.08772904639474617,-0.0891511196079724,0.10222057761152824,-0.1930252488628123,-0.13493371506424442,-0.13482384185792454,-0.02080684604252407,0.05087759295964001,0.11878235373521813,0.19749394912556623,0.10981203433853813,0.11337816160151186,0.2787561725197693,-0.0003719992842545417,-0.21742032521698695,-0.1188718219175072,0.06320848597860926,-0.1864438438042499,0.004084144040634251,0.14590063067220427,-0.26244627985019575,-0.25938552624556976,-0.18158116961597745,-0.2478629661370778,0.04145673036173399,-0.044479813152764565,0.12996273728688523,0.08201877890057731,0.053944605068607966,-0.03499304659565718,0.03903010211929719,-0.18313509067678757,-0.0953275634203843,0.027797158205777692,0.17134569563866156,-0.17018189124040753,-0.24032732810626278,0.17581596551864861,-0.013145544327560281,-0.049840075561407085,0.12739798272793196,0.15845599892010334,0.01289363088067765,0.30041532071988925,1.0,0.16896772553045214,0.22035071527457314,0.2457000335898088,0.31986601747297905,0.15626010441093835,0.05046633327996635,0.11899429875557688,0.18674528359268128,0.4528691033404594,-0.18247428182163497,-0.06632263259445391,0.2066887668773093,-0.009591930911727865,-0.06109264194833448,0.3967584264901161,0.17773567713903982,0.33744416086693096,0.3127228121587548,0.08967380214660853,-0.1685721819877005,-0.040635820548800966
0.1558614216337204,0.05943669576737017,-0.2098829379467523,0.2570452269509557,0.19992057736800303,-0.3385711460403266,0.030507080543338703,-0.06147248931875473,-0.24626195655927346,0.015408932377750362,-0.024347902520491353,-0.08190576645979111,-0.10416607806020424,0.03294469610640749,0.03188520447403696,0.17603100307958902,-0.028822881252177843,-0.06928133505363382,-0.051213511275762416,-0.2546766745461452,-0.2705063704902635,0.18325281196927318,-0.2481079237840852,0.06503395082075285,-0.33356812200328184,-0.2476174182062519,-0.21265017312878082,-0.14569658043189587,0.030861814038028686,-0.08868579769975145,0.2983073247757802,0.5348768949204047,0.31256663518277267,0.04097489002861891,0.10587539122709536,0.013065493848670064,0.12239173658988121,0.4803939111408292,0.2953485962913084,0.22915155910079768,0.46143293496447957,-0.06935199504315216,0.2437348728139156,0.26442242794672094,0.04285998498660857,0.3945028865260917,0.25440826999927796,0.16223877645197443,-0.029140740176843236,0.4013087468489934,0.399230573632314,0.061828792430677855,0.23332046247202157,0.342435543668321,-0.2507133910324628,-0.22400321457609348,-0.12988111719076187,-0.2985788685571137,0.10088243880847217,0.00813532611937253,-0.007320694775372078,-0.002914779201943814,-0.06500569771055631,0.08605740404145046,0.05215053257112721,0.035179831046401024,0.0967260923751134,-0.1231922900341379,-0.17747975978577865,-0.2488236695232595,-0.1535557141741711,-0.08052136406016029,-0.1896490021943249,0.14069818956354327,-0.1630235850685452,-0.20045267761003802,-0.06411106620260254,-0.19404079121265488,0.16896772553045214,1.0,-0.10597427711278327,0.3253533993200418,0.15382876731680212,-0.04955438566751112,-0.20020310846996853,0.012463550530512171,0.09294962978601723,-0.1566509391019906,-0.11951536498309523,0.4410351472753147,0.6835353430712386,0.5960495873476294,0.41851018210699137,0.46159146630502684,0.3060354553128072,0.34282794797660643,0.43586090203586714,0.0542899208598991,0.05341093520933985,0.3789856505592546
-0.20540952883229896,-0.20867276306000018,-0.1642682915344264,-0.08402161049006589,-0.08188065258406085,-0.1336325023779701,0.265100502591438,-0.18587878160031895,-0.260441878643474,-0.22487592175772017,-0.1300302308279103,-0.12747646358958906,-0.11827222813444713,-0.20596046448113164,-0.14533713808550647,0.016554752957943675,-0.0017972117319470474,-0.04527717870720046,-0.10190355479344997,-0.03193229299103121,-0.05690727992682879,-0.009792841917569982,0.1620183088074129,0.3741465206294793,0.05194650271485427,0.27283254414257996,0.1162976496551551,0.07721261093269795,-0.06286317018731812,-0.1915248450983367,0.011455066567466858,-0.38877378362512516,-0.18063162207056743,0.08186659027859325,0.06586427833708472,-0.17940724974807642,-0.006656749297890828,-0.3152717478315738,-0.1314318990171057,0.011718762262634633,-0.10038643976279944,-0.18029964789548988,-0.07587215781559509,-0.2613899274522915,0.047270611142485305,-0.1390712260908055,-0.011892989775513344,-0.1620221692738009,-0.42362965494701676,-0.38806745587021146,-0.23168649093232124,-0.35105117266103486,0.1607492096977231,-0.14740746321602013,-0.16081984247321449,-0.24462484578510685,-0.09876502516096425,-0.2740347638824796,-0.2786070588826209,-0.150278293135436,-0.20234720561043984,-0.16382408985744737,-0.23382117036939373,-0.1495342945669269,-0.09973190937657943,-0.26861173634197566,0.2612329657289773,0.018386510698917523,0.4037102612156999,0.15477923128751842,-0.12239252139880576,0.34419194535220643,0.01528493261633218,0.04176439172796018,0.4426917052007697,0.10102841321115433,0.23098191407130825,-0.009219931627473324,0.22035071527457314,-0.10597427711278327,1.0,0.2816426986115166,0.5008805552677924,0.5417172868224355,0.48544807863154493,0.6304691862434468,0.1676210597196556,0.4270708744965453,0.02219281805938804,0.12635188242307588,0.04940684164759582,-0.20160006780746448,-0.18266106627237882,-0.044952267939940165,0.06723379575583699,-0.004981965097991204,0.15219093145440785,0.33581489817893007,-0.2947474328910152,-0.23464521941679303
-0.00035944234638940947,-0.06795971734332866,-0.34458748889495805,0.01240311537628434,-0.08544839255499154,-0.2752998753723917,0.029783486998860458,-0.19069122803713087,-0.22178377580843137,-0.07525215900850418,0.01713551133420604,-0.053274378510056536,0.008014465592420632,-0.007666010566663214,-0.21738413870393566,0.12157941164467632,-0.0474369720200032,0.06515010249600532,-0.14523444213802203,-0.036816941820567634,-0.18708902990162682,0.08931906865191855,-0.10810036607413116,0.020109935991009232,-0.2524071070726782,-0.2457134717553343,0.0038848026520252772,-0.16704651403708692,-0.005903330413845279,-0.026306805473267688,0.23307717180088464,0.0540403517198296,0.4366590527121174,0.24816531221680932,0.19030353258054492,0.40736903898615284,0.4411167674034661,0.2270890820564497,0.16245067477844852,0.041809894239190834,0.6561015730703911,-0.019278046422234178,0.3211797870971185,0.3139265858627715,0.3812444793597508,0.4505225255769128,0.5421787542889791,0.5071574545831253,0.0732242422767991,0.5202355053696606,-0.01380321394824658,-0.19145720124690394,0.015035363476262678,-0.019806999865012918,-0.258112566669492,-0.2510539979720545,-0.23233317323237554,-0.29899795635836246,-0.13715001459744028,-0.024217624290140606,-0.06844629868560254,0.00990428474112303,-0.2335857277844225,-0.19422914528063187,-0.07141915372517257,-0.19978559028595286,0.17603571193128845,-0.15651921409208278,0.1414068165337201,-0.0904947474700773,-0.2832893382530607,0.11512514558199838,-0.26728540977997106,-0.033298657859020274,-0.13873532800291322,-0.3615205196060889,-0.10414418515222619,-0.15961594605539492,0.2457000335898088,0.3253533993200418,0.2816426986115166,1.0,0.4974776251063416,0.2440519354950102,0.0945066536074513,0.3106469925533644,0.5336763471539904,0.07604324609400752,0.23638121607664755,0.5486198938860275,0.6134535032287026,0.1851850107832704,0.2090023826789599,0.40008287578990986,0.23952917743001248,0.44154745423780956,0.601586648202775,0.4742221761801167,0.1572112924542221,0.632599694238563
-0.012508279730904822,0.2106049618739974,-0.2645558454115379,0.18643913495255046,0.15882171973542533,-0.2570405180992563,0.27877657754380014,0.10475939337433174,-0.2240879739066831,0.07635246068893639,0.12153232312768208,0.1397288957114918,0.17605140810361986,-0.003938169637952089,-0.29321077761976966,0.2997121321994418,0.045916012921089065,0.06911495562692081,-0.1635926997045697,0.025514128124715506,-0.24849640420172914,0.3620824425755535,0.16808802102975287,0.19498727040423922,0.0406782161764062,0.22753415782744665,0.3662670421191088,0.28743615581904197,-0.10328709240964498,0.2077280165124502,0.26551959039268686,-0.019444418284157227,0.3233459857612366,0.31090453188100875,0.5061701653434794,0.10760353980078419,0.27044986424769707,0.05609968952971128,0.22292645715415838,0.31078735139648844,0.3093291769869,0.26874682888146,0.49319884852879775,0.3134509918411296,0.6060836033403504,0.402446719343021,0.5577195345143133,0.30183425469864916,-0.2716882927306105,0.051244863427604544,0.06240013310354137,-0.009742614166109453,0.24228140725602654,0.15236117520381479,-0.24780018144775215,-0.28187186272755527,0.005609811991247814,-0.327662306269993,0.028888805175969787,0.10656288357521135,0.07061707931903725,0.15051059648594095,-0.04935033542720272,-0.11806032980797303,-0.10307833331763716,-0.18923776247924182,0.25443966234394083,-0.1129725042085743,0.17340503344854324,0.03763394235814182,-0.341673628575861,0.49288492508216947,-0.14985763571695407,0.21616620055558286,0.11548772716285406,0.08711218682212156,0.016045424758381797,0.09918725219667932,0.31986601747297905,0.15382876731680212,0.5008805552677924,0.4974776251063416,1.0,0.6654439348420494,0.410853589243727,0.6112978738349492,0.407750615976936,0.5326888484974054,0.15432162712800856,0.3211704954224305,0.2634712399034371,0.09137055837563451,0.1516956574969628,0.32371471892864206,0.42676261217375344,0.4259941170746102,0.5471609340953203,0.37259573880313546,-0.13190435380428128,0.0974402682161928
-0.13402961553795492,0.14636052852151474,-0.07166872286524208,0.06161846372143689,0.18485539116431068,-0.11706990133386072,0.32393603495851503,0.26670779063817496,-0.07000178936364577,0.054296199328831674,0.146052883543819,0.14670427469557273,0.15617377546311556,0.1771454313151195,-0.20255125585074824,0.22881723063013854,0.16792863892211246,0.19685982376337707,0.15745784593414805,0.04590345598322393,-0.11288063723346305,0.41122872776244784,0.26623465551402914,0.26035084084395177,0.00716059662744116,0.2608838282665616,0.3572778442249073,0.28807969888463,-0.08968478946724052,0.10648213185583194,0.07386775660887336,-0.23565605291493616,0.05900036532855891,0.41302390921339516,0.5366301573698238,0.08032359228878445,0.21142124579785498,-0.15041798906918558,0.10643417496209374,0.16741380446964205,0.040031517914041484,0.03001972617232045,0.2912361991404776,-0.028874678620871515,0.2966711152252767,0.1649369484757447,0.3597923710324,0.10942115655676207,-0.3146385307435404,-0.12265773868384455,-0.039953037052384406,0.11387102141271829,0.2642372131132102,0.09373754116321194,-0.060819528549767854,-0.1543985383724325,0.2855416278186401,-0.07450188197106254,-0.02350030921459493,-0.04035642868130178,-0.038623571255913536,0.13485052535088793,0.06776194557195282,0.0013639973755999863,0.05854358356171264,-0.16820489155514537,0.20812810588010008,0.17296253713134008,0.4070190143431623,0.2686487277658933,-0.18732368777006225,0.6840815698683719,0.0690647278754603,0.04114517748650347,0.3209898634119084,0.10524754433383875,0.09003880881657464,0.10086046416720819,0.15626010441093835,-0.04955438566751112,0.5417172868224355,0.2440519354950102,0.6654439348420494,1.0,0.39269154823904645,0.6152486019610494,0.35325976272874504,0.4932773293904548,0.18543928877503932,0.16536787329732072,-0.03499932506458975,-0.005785609121359665,0.026314632913617686,0.11802108937714449,0.3161932372230407,0.08992337128667803,0.33706915461562453,0.19246960436228022,-0.24359988573186542,-0.05046947251443263
0.2145054606983541,-0.0564858153690641,0.1415779048121325,-0.29538469748767066,-0.1852336689174978,0.302885898244854,0.3677848619835567,0.15725838097121636,0.20353540585592797,-0.15605919340509625,-0.17439860115712183,-0.16212576401118822,-0.06507633048604768,-0.1961205340465674,0.024332206348159937,-0.09331374451026372,-0.15003971131599847,0.2609677004165764,-0.14085677623915904,0.5279407563671523,0.3291983059114808,-0.12226219514109289,0.5961228084701746,0.3020602795802216,0.27209953260706593,0.3035460414041878,0.6960436228021435,0.27124241482472083,0.18846394118330304,-0.05812768061405264,-0.11049163550976458,-0.21526829467366088,-0.1149062290676833,-0.0668437719501538,0.05178795099027151,0.08776200835664215,-0.1925254013218685,-0.20689124750038457,-0.0675155156663496,0.0014314909166250717,-0.18313509067678757,-0.057644215506965496,-0.2262006787024916,-0.07650157432608484,0.21332440743984804,-0.19968356516579866,-0.03940367102078487,0.234500814631344,-0.05269442561993443,-0.35303045999202637,0.027110428850820437,-0.021632464707156514,-0.04485809090595168,-0.35832007006771327,0.07859701333232878,0.26139149706952464,0.19626179959755014,0.1483696385799359,-0.20783929630920203,-0.17723803873187485,-0.20551783242138572,-0.16621618652075504,-0.1567231414947151,-0.14525708760661626,-0.22812502943032312,-0.021348363987957898,0.383747869244606,-0.07592479957936563,0.13718925502826881,0.49485577370195427,0.22157902770808854,0.24863992666748286,0.22751287870939793,0.2038368523511659,0.1063305802247064,0.1575958486763418,0.28995326461029414,0.07360876976540501,0.05046633327996635,-0.20020310846996853,0.48544807863154493,0.0945066536074513,0.410853589243727,0.39269154823904645,1.0,0.6948792394888132,-0.00013969598856691435,0.4682937318905412,0.4908161695688889,0.09132429050330891,-0.12407981189707078,-0.16564955469959095,-0.08178176669837293,-0.33478052042228984,-0.12045090411951055,0.005145205290237922,-0.05415730945526437,0.7278377894766582,0.02835513531670167,-0.12384436931209955
0.07111546069657833,0.1725410268675544,-0.023411635027750684,0.01998358964538955,0.08813875107862855,-0.03022613091947269,0.4742333495919947,0.06172914595916094,-0.1017308568426195,-0.07508110019224472,-0.12925881467954695,-0.1449369425649472,0.1164460241776175,-0.1716314333240204,-0.07344948243814015,0.18297977037277086,-0.11380514214656319,0.25301062513564426,-0.23520349522778747,0.27371309975590624,0.00017893650500904493,0.19611197810698533,0.4140331738862576,0.28562179037677343,-0.012481606033613379,0.19784334422910152,0.5338560683977085,0.23545837353845864,0.0461012458449308,0.08470606332079467,-0.02158224542466373,-0.23579662618493247,0.07976212432163052,0.21567194019439037,0.275478919836106,0.06482992601999171,0.008276598165900824,-0.1402006207053892,0.0953723349360513,0.22661043772327105,0.03811659984672975,-0.03139315410906494,0.09374307160872032,-0.019358096932536567,0.27043976785342905,0.06256104341916616,0.2125411681331639,0.20880390803453666,-0.2440623295492448,-0.20414057340496022,0.0198478177014453,0.04265593466622993,0.3038387751330387,0.0020875917392583826,-0.13484194536867633,-0.04734202875461783,0.21084755047402118,-0.21082714544198333,-0.0934260088032089,-0.10424067578327675,-0.13327232751960988,0.02339436923141095,-0.05622214173571129,-0.09058970934994581,-0.19581924437813444,-0.1624837004996611,0.49746212414032914,-0.15383679650164483,0.26969644768014517,0.3570630868901542,-0.07192933577670607,0.46590181804915,0.06984014619421183,0.34350236816185903,0.08841814305576237,-0.00023230344166183506,0.11998168254533492,0.08220324118238376,0.11899429875557688,0.012463550530512171,0.6304691862434468,0.3106469925533644,0.6112978738349492,0.6152486019610494,0.6948792394888132,1.0,0.18081376869317492,0.5255355241798072,0.3661055152055049,0.24465015166438417,0.20197450077324852,0.10189252748107334,0.14870716463840483,-0.06474281222936853,0.18594328183676753,0.11144679132834084,0.25261910461114667,0.5563070973018305,-0.10541788917007659,-0.07134776413824016
0.008273455682429275,0.0705974868063864,-0.16523210135337646,0.11840490725325244,0.1396904949044426,-0.1481397477859673,-0.05564687679402843,0.011208641060183542,-0.04658939699599046,-0.15251270311346646,-0.037309816272309594,-0.1396481152225178,0.013173802607214742,-0.07766547598073263,-0.26299417946463144,0.06428919267098833,-0.1426900346140086,0.11984189239407277,-0.0695772898093712,0.015066761733188884,-0.22609098293432323,0.047914939269527085,-0.19812038188817252,0.012420386039662844,-0.32819230965433077,-0.16198227115943792,-0.004668043483123632,0.12438436644927109,0.10397619517570905,-0.04633711729253622,0.011670893516733612,-0.1942645378986341,0.2635538516475108,0.3431972120426149,0.23531004465172187,0.5863001399707168,0.8495183233335557,0.03670315897364541,-0.01392486474799304,-0.036194602790547876,0.4154440978641352,-0.08920298698393887,0.25083199556114,0.13785404202103485,0.3407029536295465,0.2092418314144262,0.4552904165805362,0.3259342855943471,0.07466831999811646,0.4099590682905725,-0.06353028244096469,-0.06204385433789876,-0.08301630322820018,0.0929111741487151,0.025581631704085055,-0.21229709255763407,-0.1882937116007853,-0.12396841771926848,-0.21109868932987183,-0.024669683733777446,-0.16396777417595343,-0.06437473684376245,-0.15706616449360825,-0.19967265619759259,-0.0742091774770883,-0.16647366907198802,-0.02455667124864466,-0.11111647397631279,0.017783770229922915,-0.05145287809165787,-0.20576049976651925,0.06482364754859544,-0.23374356603835356,-0.09662728232334925,-0.10308386742851477,-0.2473929628538354,0.15364844221193472,0.01704997388548435,0.18674528359268128,0.09294962978601723,0.1676210597196556,0.5336763471539904,0.407750615976936,0.35325976272874504,-0.00013969598856691435,0.18081376869317492,1.0,0.1890494825951108,0.35503186128034103,0.2677078469151111,0.18428176837857146,-0.05235617297346061,0.005522700401940315,0.2714002678553068,0.032816013247579844,0.1664681754095163,0.28850293714855263,0.14843954479513902,0.08776753645732432,0.49194256297408695
-0.06687040298352843,0.1313644054760806,-0.20247905345802372,0.1353967521480212,0.10337342135746777,-0.12900841000913518,-0.07452385661232652,0.06822655227296272,-0.18372840599091506,-0.15757858288677723,-0.21404870208350993,0.017664472341774734,0.22878583828547572,0.022889728110902875,-0.26015306907257596,0.07738526882834353,0.014206605577163953,0.09525850026212608,0.07145060214490563,-0.07372806067512376,-0.195549270108095,0.18808252419564964,0.2631589893387834,-0.035429400186470526,0.1589646172820541,0.4299756199107925,0.31238208250536026,0.5375358265133464,-0.09879484788839393,0.33615969298273174,0.2246200741487181,-0.24397031539888683,-0.049169848739855714,0.2629832953355673,0.2535559678416821,-0.08804610907584076,0.0900034570833195,-0.3599650289280456,-0.19124530292042982,-0.13980737657314887,-0.22273496385171512,0.08742300533945424,0.10370461059366062,0.07984015018097687,0.14958850506065566,-0.029554322882821796,0.2214259030792751,-0.020505479533760897,-0.3341637919770026,-0.35921789112507024,0.01670386659509212,-0.03771005402622517,0.019719101299956993,0.15793488599870037,-0.08158713416146339,-0.1426248395066379,0.10893300559725505,-0.17083557003789057,0.09103152105327594,0.0419181978282776,0.17708735547749327,0.1625401429607376,0.1759242691077354,0.033957099221783776,-0.07147409032833253,-0.1991483256892974,-0.07373433914405633,0.06689399974103355,0.37009219931627474,0.23784968633151138,-0.22576441370262423,0.46507601656260106,0.12482067123111358,0.05023561925937183,0.15286502233565322,0.42053027948604454,0.08237436185201819,0.49482811121679865,0.4528691033404594,-0.1566509391019906,0.4270708744965453,0.07604324609400752,0.5326888484974054,0.4932773293904548,0.4682937318905412,0.5255355241798072,0.1890494825951108,1.0,0.057127788817418985,-0.22836997933207454,-0.10100957780435663,-0.2239702526141975,-0.2246169349142518,0.08715299687018324,0.04692215597999255,0.1750468530744093,0.04566881612751299,0.24695729699355515,-0.24965703863455857,-0.3057096396472756
0.5631300051169522,0.12231085327532028,0.41517631510379877,-0.23098016317740755,-0.0002464299056032196,0.45405730358594754,0.33656517521637175,0.29664980897758275,0.44662673560425553,-0.1377857095768626,0.005098116773243677,-0.18631827442559856,-0.11480494366643751,-0.2026517113536693,0.01916816565112432,-0.06464311612970061,-0.27357172679870284,0.44080502528653365,-0.21046150706923397,0.7768035686817413,0.28551819559873504,-0.21036951928902617,0.15963092005898283,0.11682033219379122,0.08416918753833949,-0.008091380011937566,0.46799393499901115,0.14956568691158975,0.4521094085996189,-0.1876502419175037,-0.19288241369459644,-0.212430426716141,0.02389036847171595,-0.07025219844688416,-0.02807888268366876,0.6740422980451987,0.24282066605950484,-0.08815284304769438,-0.04803185695136384,0.0183095850245959,0.16390570995357073,-0.09119244260398733,-0.13258242844899842,-0.01531475534376187,0.2539869274377636,-0.06590979723684583,0.05151640720893803,0.42861537785395654,0.5257827389910351,0.2095077994280315,0.21624145735820863,0.354989342298987,-0.11833187358930651,-0.23996936107160907,0.34465341281875,0.5032569557587687,0.2262305014299213,0.3383513996276868,-0.21747517650345788,-0.036350765502324606,-0.2851586412137536,-0.20777808123710953,-0.17030974826478815,-0.21013093746958866,-0.31610992343407135,-0.0033338670031926015,0.44644152077074484,-0.2900034924011739,-0.22170058609507484,0.3554007214748717,0.21492306321912225,-0.06731303504327435,-0.1386976571893178,0.2553595582467722,-0.25684431594511364,-0.1827395471340359,0.22609490698055534,-0.0949571337533629,-0.18247428182163497,-0.11951536498309523,0.02219281805938804,0.23638121607664755,0.15432162712800856,0.18543928877503932,0.4908161695688889,0.3661055152055049,0.35503186128034103,0.057127788817418985,1.0,0.38693120482691856,0.04646223971822232,-0.020054999387849277,0.09311283350442161,-0.20222791470072107,-0.17132064898990523,-0.06938179055655488,-0.07421859518418271,0.5916672160326982,0.5919560256035963,0.4250507771174921
0.23692753584518483,-0.04597803084377908,-0.0926890732230722,-0.11543362066496964,-0.13988983637127403,-0.07004576613243954,0.4044175324744434,-0.1389300150565699,0.0045322715391793835,0.24005264498267614,0.2607590436475608,0.0786613985059653,-0.10482300400528041,-0.1350915146066779,0.03256015266103451,0.052967539125671995,-0.19016940493041973,-0.05041534050308994,-0.32752299590057254,0.24577076280682525,-0.07740887383799183,0.05179346497457029,-0.08178497011838848,0.28778550858171154,-0.018805598829064626,-0.10169636515603969,0.14682440802844962,-0.057730544488664146,0.21361792597762347,-0.0953943844523025,0.10711072202029477,0.10723079778574834,0.2882839753726863,-0.12318135104178528,0.11857599559880068,0.33040534203741295,0.3077299785354675,0.37839012930122345,0.47351681904389586,0.4832421712367116,0.6301607563361052,0.23538704829323612,0.29806572068417225,0.3847196132775839,0.3683219601395391,0.5235311221865493,0.24350580425062235,0.44310782764500695,0.24801384403486124,0.5785195442928944,0.09388276759728723,0.054692549141796026,0.18845695185708825,-0.15045493411334035,-0.18734173837532653,0.07949957443736679,-0.21298144593982704,-0.12776453848723568,0.006677939138853225,0.10043984616176234,-0.09153854333970649,-0.08764510626509715,-0.241714085475913,-0.16487579810163838,-0.11800230027496689,0.0370100192631379,0.44843981947828565,-0.30216815407697145,-0.35705902273241036,-0.2445567593657172,-0.02321701152492358,-0.07602836456415632,-0.28377827421304486,0.4376009951381068,-0.053523968653166054,-0.26450650626220695,0.10704919853288528,-0.26872328461372397,-0.06632263259445391,0.4410351472753147,0.12635188242307588,0.5486198938860275,0.3211704954224305,0.16536787329732072,0.09132429050330891,0.24465015166438417,0.2677078469151111,-0.22836997933207454,0.38693120482691856,1.0,0.4982814646575418,0.5018468516016963,0.589386793470906,0.3196809280836664,0.5086372180082327,0.3970599488069444,0.6363248953260686,0.4085197287229786,0.38780626677777313,0.6365161390069753
0.20634031185155188,-0.027804199667868994,-0.24519304722350407,0.15067854552988708,0.009957651727049842,-0.34985983318108044,0.058394469924564193,-0.20157652354896735,-0.2920869316808403,-0.03859688776295013,-0.11556934725897743,-0.09095147057438573,0.030205714034575528,0.004016650499609165,-0.01468690845050526,0.1300898762827697,-0.004244244998414686,-0.011963622551004712,-0.10209897229234148,-0.1038317495895451,-0.1618244610030532,0.18204106746528792,-0.18296328938535564,-0.052398532093963564,-0.2812158730744439,-0.3470385823839701,-0.16165016998954634,-0.29555107691438365,0.08527887389381225,-0.06969812312874195,0.28986906253041134,0.3316491340421725,0.3870096857193719,0.1010418342561693,0.1622638903277047,0.17791768299382513,0.21724531282681606,0.38014245846007994,0.32841258330743467,0.20548800969395603,0.62026721163777,0.014927850553546503,0.28172117947317366,0.28731058644039065,0.18467809688546075,0.46381718354162155,0.40266646575566084,0.3771413503103133,0.08364807441244942,0.49860304066250405,0.3621420880304129,-0.037019422443642896,0.25869018581128805,0.18575164260443447,-0.3827668584738926,-0.24932741901559885,-0.15371889411048223,-0.40811774640636134,0.0295998417825829,-0.03057771331883007,-1.569617233141526e-05,0.09286012512988583,-0.15992673026755697,-0.020963807765838224,-0.05817629312915752,-0.06548129173219819,0.2632310884667665,-0.18748386236021453,-0.017578143393951952,-0.15429186494538327,-0.14430046252715079,-2.511387573026442e-05,-0.2565194051778533,0.12078209348566357,-0.2272664488037947,-0.36893068256375,-0.2336369237048424,-0.296830314959394,0.2066887668773093,0.6835353430712386,0.04940684164759582,0.6134535032287026,0.2634712399034371,-0.03499932506458975,-0.12407981189707078,0.20197450077324852,0.18428176837857146,-0.10100957780435663,0.04646223971822232,0.4982814646575418,1.0,0.5414002241413409,0.4497769573911706,0.4980678011860028,0.3093834501848659,0.35064935064935066,0.4905456030884178,0.30101648412018245,0.19221218713604502,0.4810029226272881
0.09158088708487548,0.18150111913708722,-0.04089323777503618,0.1261407193241856,0.11670731975300504,-0.20555236400051483,0.26898687486069645,-0.04569940574291553,-0.12616583319991587,0.4477709865672157,0.0936904526462177,0.18815315697114102,0.20272234412916065,0.037177953784190185,0.05898150676975913,0.2893840508053706,0.06305309387252825,-0.139320795230875,-0.12026181235999762,-0.07682334585887886,-0.1719602682633998,0.3167079475998983,-0.12019819564581086,0.2372790371340045,-0.26396812733997715,-0.21117246136877796,0.01887307761129371,-0.08661932701091511,0.09851859525536102,0.18717543233184358,0.25362032214824093,0.5141548082084703,0.35966223393508706,-0.05643327748109366,0.20093455010061245,0.036156132965415054,0.06696696072149569,0.661868346784953,0.7419612053404657,0.591464735409623,0.4692464895510581,0.2083228201637978,0.3590577901672898,0.34854763317417414,0.15150186921866765,0.5800237953972545,0.2487356733187045,0.30761201573384317,0.09360729966477607,0.51216610317408,0.13300308586748036,0.2700259614690362,0.3403228388725125,0.22625561530565155,-0.18396541819311943,-0.049607752653437934,-0.03657836000113012,-0.19262342685112807,0.4297345149411864,0.24685998072510038,0.29686641615575626,0.22237395188809256,-0.029537057093257237,0.01776178861022951,0.0535035426260952,0.0688120195009245,0.26318086071530594,-0.2637194463956486,-0.30899170928177455,-0.3093693236242243,-0.08274554414923621,-0.07571676570951408,-0.23755058091533798,0.4327970079944894,-0.14032064140838615,-0.12645464277081392,-0.04227217968993489,-0.09057790167289805,-0.009591930911727865,0.5960495873476294,-0.20160006780746448,0.1851850107832704,0.09137055837563451,-0.005785609121359665,-0.16564955469959095,0.10189252748107334,-0.05235617297346061,-0.2239702526141975,-0.020054999387849277,0.5018468516016963,0.5414002241413409,1.0,0.8671052177216064,0.361522089223322,0.516401133107165,0.3455449554071744,0.5086582082577201,0.040932478205864715,0.158352404182716,0.3826507067986401
0.15492122091106864,0.12657864253223208,-0.024934939365686283,0.01811181325322007,-0.04568527918781726,-0.12480340544154903,0.3400685608807436,-0.07890465831002452,-0.003206728007308138,0.5753039563771979,0.17297966717836188,0.24864149628471602,0.21293898269967887,0.024517421181670638,0.06689865609372499,0.22474878276183569,0.0021770591023672968,-0.12416457122766042,-0.18598330710768207,0.08485193800639776,-0.0843512632088312,0.26353088535829655,-0.0008436695938732186,0.2973812506082267,-0.1260403132800362,-0.18205918950429337,0.18704029835284366,-0.027929769046520316,0.12134710829417138,0.2324424440529834,0.19070221535776286,0.40896220047779147,0.3579411479635857,-0.1025117819486344,0.21895532555431033,0.1302107368097216,0.09373600832839951,0.6231882693086463,0.7926347280952067,0.6670386659509212,0.5346493004215992,0.33678740821171715,0.39027276808277533,0.37662965509230917,0.2835977681604022,0.618237696555318,0.2617854709950431,0.44187079538783675,0.1776571962465865,0.5164888290341517,0.060817958932534714,0.22866340814129066,0.29584302571974797,0.0511977749106103,-0.1930095526904809,0.050660965816875896,-0.10288056154626132,-0.08657223849392087,0.4309650948519694,0.22770123277737492,0.2582271487275113,0.18495898590169801,0.013304075668107575,-0.016865537170105697,0.025740153006287885,0.09366376915325429,0.30492483103070483,-0.28112102150778356,-0.3594878652891706,-0.31617047776422924,-0.026703123657243037,-0.1020816263745923,-0.19623197687012045,0.552597305515562,-0.09702745888387658,-0.15635742067939312,-0.04971060159553248,-0.0653871146982097,-0.06109264194833448,0.41851018210699137,-0.18266106627237882,0.2090023826789599,0.1516956574969628,0.026314632913617686,-0.08178176669837293,0.14870716463840483,0.005522700401940315,-0.2246169349142518,0.09311283350442161,0.589386793470906,0.4497769573911706,0.8671052177216064,1.0,0.25070711256353023,0.5661878416617038,0.2901029354981494,0.5523830526791643,0.11385846447485316,0.2502786070588826,0.38988821186065564
-0.14162813256359305,0.058600089782105735,-0.2986416532464393,0.12945104206888108,0.09996264310985123,-0.3611249760633372,-0.16372520397175944,-0.18219018110243637,-0.3017699003920904,0.2087638008595224,0.05391635195841142,0.16316171138506164,0.10615949194629398,0.3115721600130592,-0.18431073398441056,-0.023304107060452238,0.10356177542544476,-0.25634988651667406,0.15041339826326347,-0.4191207632106834,-0.3782002055414864,0.22983120336274795,-0.40274902870088575,-0.15913564318205362,-0.12818205683508738,-0.18880933106420367,-0.36012512988582607,-0.0966507507479226,-0.0586628744714314,0.10608187914725895,0.49611205811350845,0.29353254915256366,0.25380249734049826,0.10057330314436916,0.25329541138098066,0.004429459831925386,0.35805494525764303,0.2985098053988554,0.2519094393641167,0.10280208068460425,0.38025390128363296,0.2770108668567949,0.4841861063760991,0.5079124404722665,0.18062926764379383,0.5775139774414612,0.42725922856452225,0.0969113072086241,-0.061779373730331065,0.3931404587677249,0.11900366976509108,0.0753588929803578,0.09792527994123353,0.2694436334755407,-0.2576338334133838,-0.27648022753171414,-0.17791140452489257,-0.3658338277627618,0.3498096054296199,0.15435144985543825,0.23203337634084553,0.20500456758614843,0.17347409660680146,0.19586782567203162,0.25896957767878725,-0.07548603197624228,-0.10283661226373336,0.055340823029459155,-0.012018559154164665,-0.3925418038284066,-0.356212213902839,0.10883411971156713,-0.1620865235803597,0.024150140225736447,-0.014120276629341169,0.14830685389061024,-0.06620022837950704,0.028328451823738263,0.3967584264901161,0.46159146630502684,-0.044952267939940165,0.40008287578990986,0.32371471892864206,0.11802108937714449,-0.33478052042228984,-0.06474281222936853,0.2714002678553068,0.08715299687018324,-0.20222791470072107,0.3196809280836664,0.4980678011860028,0.361522089223322,0.25070711256353023,1.0,0.5214113532813851,0.5742162116346308,0.6103090145900373,-0.03070171308024825,-0.022261881217646266,0.3464145233543348
-0.09167902413719793,0.11716490915248993,-0.28060293730438346,0.11149858871736004,0.02734902140213388,-0.31690427410866784,0.1923111484854709,-0.19075330277027247,-0.2625099523581944,0.5501353599193012,0.3170337675812158,0.39388225747150934,0.34193261552095694,0.16413415366795447,-0.09848488713075007,0.15332576515928287,0.10162726206458111,-0.2683481459477971,-0.0865323151214422,-0.21588053010705277,-0.28664215445830504,0.38562371315864624,-0.04382374754256609,0.1085995045501343,0.1536836983350272,0.018847978527619397,0.0960692452610368,0.09962129045347419,-0.16441746968971097,0.3885058364323799,0.44293124563698694,0.2872800916343121,0.2955881948995248,0.022113578421506425,0.3762719300139083,-0.09976726491343736,0.12484038942234116,0.34199147619029696,0.5568211471473997,0.5304868836846873,0.35077976652722004,0.6160014754413571,0.5901143113439483,0.5170572333680747,0.3845675112522024,0.6616598473311708,0.3359602196052591,0.19287699572005937,-0.16057589301480543,0.31212871180288315,0.04151011363641142,0.004646853642161235,0.33929487272560077,0.15000366898173373,-0.39224750048170665,-0.17875200469631036,-0.09840169738474955,-0.3125289643543951,0.482046122435723,0.2591274258934562,0.37131586165548097,0.4282435466143476,0.2511231596721418,0.17849144813336532,0.17997316738288405,-0.00749414042036778,0.19443719586203143,0.022200692280497345,-0.060802286619287195,-0.2499688038330083,-0.2500017658207731,0.29666719118065404,-0.07932063800257322,0.3786783027715538,0.10742150635440992,0.15373151137326657,-0.15550922563236244,0.050338429228485686,0.17773567713903982,0.3060354553128072,0.06723379575583699,0.23952917743001248,0.42676261217375344,0.3161932372230407,-0.12045090411951055,0.18594328183676753,0.032816013247579844,0.04692215597999255,-0.17132064898990523,0.5086372180082327,0.3093834501848659,0.516401133107165,0.5661878416617038,0.5214113532813851,1.0,0.4920987399500691,0.7401998909115167,-0.018928806450816894,-0.007625203510764829,0.19098874544763242
-0.004274067725844375,-0.04436523109474524,-0.23048416413173484,-0.027618984834358293,0.0072265177413835865,-0.1343388301328838,-0.054217718467174596,-0.1989364273628233,-0.07225419009320387,0.22147456121350248,0.05799107829564682,0.20427469557273764,0.12898957460233748,0.2100147857943362,-0.037923521969932414,-0.04566173492932014,0.15199545438849282,-0.2926535635020044,0.05243388963229378,-0.22213066121695563,-0.1221288256001626,0.1338098691253151,-0.08504424948919403,-0.008538717748289902,-0.0030222991683774556,0.038959484631678434,-0.04855453948999997,0.222523065525241,0.11165158264505617,0.18689996429123748,0.36686506628493576,0.2547896869869314,0.2287898521066998,-0.05898076824977585,0.051915089986155974,-0.07355069392777877,0.226881196802235,0.30713171286050184,0.2403633349971276,0.062127019704974744,0.2752009894867038,0.2676865520244156,0.3431732637678976,0.8687376196440736,0.2274289934315592,0.6049132158631796,0.29674241639433807,0.2426267230473177,0.030146865218094832,0.40988984426257813,0.0679157680608007,-0.05831284982844084,0.03919334231154391,0.00932823521656009,-0.15539995416717678,-0.024038687925562473,-0.135616498560661,-0.14200954955124642,0.2710681873118421,0.12528370831489033,0.2713271741553105,0.20324502666779679,0.09471227346499282,0.11668534511174106,0.2280371308652672,0.13138951935181087,-0.04010215068953285,0.07543743304598557,-0.009891727803257897,-0.20698629056531773,-0.11491486196585317,0.19678134290171997,0.01503693309349582,0.10072080775674523,0.07570106953718267,0.20007596947408404,0.09778566075054318,0.09995479502368552,0.33744416086693096,0.34282794797660643,-0.004981965097991204,0.44154745423780956,0.4259941170746102,0.08992337128667803,0.005145205290237922,0.11144679132834084,0.1664681754095163,0.1750468530744093,-0.06938179055655488,0.3970599488069444,0.35064935064935066,0.3455449554071744,0.2901029354981494,0.5742162116346308,0.4920987399500691,1.0,0.7167345984192145,0.189162420852051,0.028978273358258855,0.4612194670207723
-0.13912543247877868,0.05302561498608745,-0.3355474101109546,0.06919424844932098,0.005572143364185909,-0.3100254238851341,0.16116757593321887,-0.22176424261427838,-0.20804028895096585,0.3826806796916466,0.17437591013311307,0.23766918027886874,0.21933290456607443,0.1428674014309531,-0.12641545194596307,0.11529235505855365,0.0975548885551782,-0.2886307477934338,-0.08258236870431326,-0.20498973666130518,-0.2646918250346297,0.2861695870060976,-0.07782246830351712,0.14433734854660385,-0.15045263872484196,-0.08849901310239014,0.01624005107536606,0.03388412531672206,-0.03928518033535972,0.22629276770541873,0.36486787153151595,0.19149416239503184,0.3525920286926255,0.04679976251663666,0.2959545846771779,0.015793494797306653,0.3193616361702879,0.40418052017923434,0.5064466167083855,0.41962948385867094,0.5661721454832132,0.31875026977817367,0.5490068046858224,0.6058136290703109,0.4208570901628087,0.7929010893540887,0.4799451889447475,0.4011488033037625,-0.06648511413088264,0.5119010387338915,-0.011946361449244776,-0.05371781645752576,0.26387630469580675,0.06550172245939216,-0.31946039677587257,-0.2045463196189439,-0.19560970039528405,-0.30455059682759034,0.24500557410540535,0.10234457742160448,0.19332826085166596,0.2455243328045218,0.030244181524736954,-0.004882296319521202,0.1606464628073288,-0.017986250932452486,0.18698308069681482,-0.053657428281165286,-0.016864758979294507,-0.3138711107797472,-0.25187196622181063,0.2891267470337388,-0.1303795218237804,0.23600390834997784,0.1282660313900124,-0.05457404299419151,-0.006885134098444684,0.027115933151547512,0.3127228121587548,0.43586090203586714,0.15219093145440785,0.601586648202775,0.5471609340953203,0.33706915461562453,-0.05415730945526437,0.25261910461114667,0.28850293714855263,0.04566881612751299,-0.07421859518418271,0.6363248953260686,0.4905456030884178,0.5086582082577201,0.5523830526791643,0.6103090145900373,0.7401998909115167,0.7167345984192145,1.0,0.19689129336904682,0.019929437829596757,0.4886699097587834
0.3545498494737073,-0.06671658049468057,0.06357263717669809,-0.3016003817309111,-0.3032265051844457,0.22546923707184766,0.28931341802987925,0.04174083108093261,0.1427802316127189,-0.17971175549130589,-0.21411776524176815,-0.20733387956013047,-0.12603241573509885,-0.2267108043032626,-0.008260895498023852,-0.0808243001861566,-0.22795865000361012,0.2004212852653752,-0.2940978421671058,0.5468012770405809,0.21999057444483328,-0.21849856693946615,0.32371484595576716,0.1949370426527787,0.1615482082616175,-0.04231140354835985,0.4826243372291233,-0.03417370639995731,0.3209945722636078,-0.1616856132696043,-0.03283011404838816,-0.05372171942150187,0.09681167450364524,-0.11157397415626633,-0.007319125158138936,0.32256105026228304,-0.028328462939951348,-0.02778065540937187,0.02618435468326694,0.029146222402204998,0.19074302540582452,-0.0213240432884923,-0.13277706098590797,0.10733042640221756,0.27359459360830174,0.024475041516375817,0.18590232585881608,0.5287381219215882,0.2536486747912898,0.045908164834923354,0.1778909995008617,0.005774621800727675,-0.05114754715914977,-0.39025550229321077,0.007075834487002,0.26099595352677296,0.0560321959886862,0.04086969351653906,-0.20836511808230446,-0.07860957027019391,-0.19115112588644134,-0.18080263946833924,-0.3321906519876063,-0.23330790553415645,-0.3023412410649539,-0.05265751893743192,0.47971112764441265,-0.3045781846578581,-0.05301382204935504,0.2373183706896024,0.12166892757038612,0.002282223456987779,-0.07266072095658753,0.23021349549580308,-0.13990469284160365,-0.13905396030124095,0.14464662002288248,-0.13844494881478203,0.08967380214660853,0.0542899208598991,0.33581489817893007,0.4742221761801167,0.37259573880313546,0.19246960436228022,0.7278377894766582,0.5563070973018305,0.14843954479513902,0.24695729699355515,0.5916672160326982,0.4085197287229786,0.30101648412018245,0.040932478205864715,0.11385846447485316,-0.03070171308024825,-0.018928806450816894,0.189162420852051,0.19689129336904682,1.0,0.39880049851043325,0.313355245189908
0.6274340839242942,0.1051659242377154,0.2955526465316168,-0.09285855551265268,-0.07457722359825333,0.3270313201422701,0.15390567856122606,0.09824705147402754,0.2554818881867468,0.08386621838398488,0.1057372649105789,0.02104071901026216,-0.1784607705564921,-0.1756103456611071,0.037758712160452554,0.022459652989022097,-0.11703536975473161,0.2264910578906228,-0.2449695690220854,0.5415603250991213,0.1334214412152712,-0.21329842504606827,-0.07315047023789298,-0.026517113536692942,0.1090907949368921,-0.14799455813492868,0.06627708766940094,-0.14074757729580065,0.3267409409541389,-0.14770031274652462,0.006063431371625716,0.047225073693529095,0.1149603808834761,-0.22623303340547463,-0.17840897318779841,0.4801820128143551,0.10506786438973478,0.1350530059739632,0.14152767706067199,0.15153398692194922,0.2669573597782445,0.11136988005373659,-0.06279567664629304,0.18813118232987702,0.058753150517330946,0.0783898238575541,-0.009234058182571598,0.40832179664666973,0.856694282784772,0.464421486176381,0.4101865019196419,0.2822140392843801,-0.11132510226056273,-0.17620680020970086,0.1853890610235788,0.4598099507454112,0.06187745056490524,0.1702893432407573,0.004923889260364967,0.2444459094205287,-0.03688443536159272,-0.14932553547491909,-0.17346153966893632,-0.13412065333747714,-0.28441621226247765,0.011863167048083654,0.35603156814179293,-0.3322874442295962,-0.46813677016722705,-0.0021723511031079713,0.11817338862051513,-0.34198192428794316,-0.3057771331883007,0.31462283456504975,-0.3356752022451805,-0.1907979620089845,0.003115692653009329,-0.23712835387962292,-0.1685721819877005,0.05341093520933985,-0.2947474328910152,0.1572112924542221,-0.13190435380428128,-0.24359988573186542,0.02835513531670167,-0.10541788917007659,0.08776753645732432,-0.24965703863455857,0.5919560256035963,0.38780626677777313,0.19221218713604502,0.158352404182716,0.2502786070588826,-0.022261881217646266,-0.007625203510764829,0.028978273358258855,0.019929437829596757,0.39880049851043325,1.0,0.5676520723656329
0.2987091467874644,-0.05916829122050297,-0.029676753027006834,-0.09942269478165054,-0.045071558849658924,0.03772888943302286,0.020257480010924537,-0.04853413446596913,0.16214459941798592,0.13570282750848378,0.15768688647586399,0.034354212381768584,-0.06337800463978854,0.062015576881421695,0.003104702887153939,0.019949835033228797,-0.011219623982495628,0.04373424496702234,-0.03031247179592754,0.14612508593654353,0.013725523281161599,-0.034936540375264086,-0.23975520240027806,0.020315555848550774,-0.28969416388617636,-0.385181865734134,-0.04868167848588443,-0.11938665636997761,0.3383215769002571,-0.0921358190858041,0.09381445240763588,0.1766086222213851,0.38445120862539356,0.004594273247031893,-0.017851256792518578,0.5646854957949954,0.5540931513257222,0.4328549140006718,0.2735576002436046,0.08635720093298048,0.619623668572182,-0.01710177127450354,0.19718159529617107,0.5122069132221416,0.23395860368367566,0.5078229722899774,0.30783490138094927,0.566300631927898,0.5857515585324681,0.8736285469425425,0.15493377784893375,0.06864407045697836,-0.11609516903207984,-0.10441721681750689,0.04132174327968382,0.1147672728528421,-0.1299501803490201,0.05375154214893156,-0.029841562836486694,0.028463438905788434,-0.06160433716633862,-0.02470734486688076,-0.136448395694226,-0.048948513415518494,0.062444082386069334,0.103608863942439,0.1311980260493676,-0.11395116132149687,-0.22499678228467207,-0.1506691869497379,0.021945611956722615,-0.1604541216578925,-0.24681446182533928,-0.01173603265746987,-0.2349465859255562,-0.3836348568038198,0.07659267223621977,-0.22359825332994296,-0.040635820548800966,0.3789856505592546,-0.23464521941679303,0.632599694238563,0.0974402682161928,-0.05046947251443263,-0.12384436931209955,-0.07134776413824016,0.49194256297408695,-0.3057096396472756,0.4250507771174921,0.6365161390069753,0.4810029226272881,0.3826507067986401,0.38988821186065564,0.3464145233543348,0.19098874544763242,0.4612194670207723,0.4886699097587834,0.313355245189908,0.5676520723656329,1.0
