0,1,2,3,4,5,6,7,8,9,10,11,12,13,14,15,16,17,18,19,20,21,22,23,24,25,26,27,28,29,30,31,32,33,34,35,36,37,38,39,40,41,42,43,44,45,46,47,48,49,50,51,52,53,54,55,56,57,58,59,60,61,62,63,64,65,66,67,68,69,70,71,72,73,74,75,76,77,78,79,80,81,82,83,84,85,86,87,88,89,90,91,92,93,94,95,96,97,98,99
1.0,0.46494845765365583,0.37486726913855417,0.27023247217560137,0.37901248277837835,0.45957625811741215,0.5647916665849592,0.5899000585075507,0.4227797068817473,-0.019255286963422713,0.22735208215695493,-0.06750377002587642,0.13619887999919428,0.23078894156270696,0.3284331172100609,0.40029194903448845,0.055769306986255616,0.5444127468715542,0.28531661166461963,0.46017132385545384,0.4083203872561471,0.10818826467367888,0.41099360772880134,0.0161631398007618,0.041935529440584755,-0.10039589686198848,0.20276401855132895,0.03778933452519939,0.26734212581276806,0.08953649577322222,0.25621107592989073,0.2914435029789609,0.2960058295652893,0.41035163377661976,0.2021510827812685,0.42913665917046645,0.18367903512452996,0.2894934799985625,0.21518448903032894,-0.04895088704991094,0.34050269366045743,0.005755006101891782,0.10004355691240352,0.28083288631927167,0.28519720874860094,0.1627340545465872,0.30316776350256275,0.30132032329421155,0.5560151483819041,0.3762031620761484,0.6269009060622589,0.5816440968611555,0.37719251088238576,0.384645992175452,0.3161776651140524,0.5393059931957039,0.613717439749285,0.38097764432540954,0.16003045059822082,0.2686707024157803,0.014392610867014842,0.11049093741538775,0.16165265128178968,0.3151062768625622,0.255982897430514,0.28637599175324985,0.6404197785976036,0.2776600127923905,0.3757809345433816,0.4084184883717138,0.19236137625664104,0.2612110935880919,0.1806246296681434,0.12159907957610266,-0.09436307065910157,-0.12051525845132227,0.19338241266745876,0.014908236180490426,0.40042207023964477,0.4088564117516033,-0.08605586819291736,0.06575364612416733,0.2791998085065473,-0.03629505833288813,-0.0816484133119342,0.30520591227957555,0.16753093817310968,-0.015605146778946708,0.45132495418676105,0.016240842257268316,0.3140169620753101,0.435214390262087,0.23196057118415941,0.16473296287737332,-0.012512993492757765,0.30314971289729853,0.26611301013072647,0.30290720693961776,0.6429970911057706,0.4799428345179739
0.46494845765365583,1.0,0.7183602195896233,0.8058347404303963,0.8622303249384294,0.7151995121628275,0.3050112796662913,0.7008367240349449,0.7202505424011234,0.03267944361756356,0.165681796867134,0.11273623239134893,0.2718295583370265,0.2779607038015211,0.28431429870850106,0.37149101982035715,0.169130247281533,0.2894604044121975,0.2711610075380927,0.19599433367734137,0.4858155597002561,0.08890707901574657,0.22447898477077685,0.09491793056874656,-0.048987830738505454,0.1604620327100635,0.16461838077439148,0.1441356526529988,0.12290897390116898,0.10231946353601942,0.2024979683259122,0.004579360074651377,0.06864729050392757,0.1349126311121924,0.10324946211159129,0.17712823503145111,-0.05064293509120458,0.12920868831250854,0.1029316548879881,-0.012158259858868746,0.056892368557262665,0.06301390289555367,0.05043341089864581,0.13062124297253663,0.045574639056569,0.17910909275697298,0.1133876237987115,0.07140897923435376,0.23632872663576598,0.19995063547992054,0.4318632548393299,0.7932255267050962,0.3918480327391192,0.8428576473773638,0.6812340340371764,0.6370555527215223,0.4342952082314233,0.6866065686153084,0.15145170087780913,0.11916146305650246,0.13323387188230776,0.22837556261011854,0.3460600614505629,0.36669333708998025,0.39269358014026784,0.379453545393966,0.29840397333064606,0.30312864200534456,0.3770444779035202,0.24557769981139008,0.2985625047334018,0.32623957626599054,0.39030289712328176,0.14363337494129752,0.11705660552090434,0.16635673254223257,0.23497571604987072,0.24944219683800362,0.23072754534137235,0.21387141926024772,0.11925407050959738,-0.026718035026809167,0.21571423526226363,0.08227151955881815,0.10164770698362495,0.16554445530534068,0.09137851403377503,0.045646074580421366,0.22940287789545558,0.14475570850615488,0.18081919140353087,0.11429569257452744,0.20373961599284254,0.17416950538596085,0.16709131369559568,0.09937015159762355,0.3181387785469586,0.22560352787309493,0.34718063279931066,0.28428996963184056
0.37486726913855417,0.7183602195896233,1.0,0.5166915124092423,0.6700957584609785,0.8722185881209638,0.19526124523279131,0.7184023173838476,0.8894278782181284,0.27371859341837795,0.31908290368317205,0.29883247900344123,0.34968966693104336,0.4728689379839941,0.4701311533434595,0.21505656512543214,0.37219720207773177,0.2195221296583333,0.3663505193475096,-0.00061450562904422,0.6057359329867822,0.24232937567274704,0.44823672985689006,0.30825332533353805,0.12149876706376554,0.49691511231992946,0.23168187299360476,0.4251011716805166,0.3129364029838447,0.3427189940633393,0.10405624568601145,0.10495485190460199,-0.10006557083711302,0.03711088177241317,0.08686814542980925,0.16568101205820945,0.02167014402421145,0.0934990694120946,0.12647750148132741,0.1448278541244371,-0.04843448277756808,0.21574248839463347,0.050584094271285004,0.10223234974539623,0.06554331733239242,0.12213902811618152,0.03638766578598305,0.008917783809471053,0.19697369830612282,0.07067602316601346,0.3330887344558721,0.7953343091128124,0.2675005523093012,0.7704323121657203,0.9178273341207586,0.785665459368464,0.4335009815997957,0.8738517754929174,0.16645489897543156,0.16115423418150182,0.24255461583408808,0.272970777628228,0.5857580668578986,0.3913065145811913,0.48966464695935197,0.48661371037650636,0.1955327891206798,0.4346728718916649,0.41890621879159035,0.20646125339480498,0.2566395816026859,0.39472985111000525,0.6224612402340302,0.16710544025623728,0.35861058997621253,0.4186751562064385,0.41700979166857904,0.5624829794497702,0.10561252178336084,0.21046456371884897,0.36758331041040093,-0.02505031606217606,0.0704633121304039,0.11560941786406508,0.2866115468982377,0.139652824076065,0.24109584525755184,0.24158076275609305,0.2910841747142313,0.2060532336102402,0.014645319340714542,0.06659341780496705,0.10996433042038306,0.1571713288894957,0.2329085293426502,0.11844650212625268,0.23079817814458034,0.1717522938983985,0.25919021060741887,0.15401482739502306
0.27023247217560137,0.8058347404303963,0.5166915124092423,1.0,0.8284894945518586,0.4449959032990215,0.23200826246511524,0.4978794471180258,0.5612762871646121,0.17248680736715544,0.21511604180204616,0.20684886783508974,0.33103698332124726,0.3265795266816524,0.295288950836449,0.34701032926268693,0.2808987000430075,0.21999528329838047,0.3025563973503514,0.11966609519497733,0.41977529359690346,0.09722993950695183,0.22095039575953743,0.17983261601825778,0.052537505066962996,0.21094399919635598,0.13893309977428905,0.1920081368957366,0.0988043043630351,0.1282314494787301,0.19861622544726243,0.12505140496438538,0.035846946503489706,0.07932534685612042,0.08083685712402174,0.028402223833695915,-0.09925788497217068,0.13091402807266656,0.16943789237995002,0.11210520202543407,-0.008705097175002903,0.15252918410088165,0.07803433617526326,0.10332947207493981,-0.020244923073059404,0.17364204565074762,0.07401216139432239,-0.022420412558193558,0.04571196268078066,0.11889938353238448,0.32642400636325586,0.5185209020123293,0.3519929430009198,0.7440294680055556,0.47789055918031953,0.40305824341715185,0.2566685188150018,0.5287600965628522,0.22887304185270033,0.16418981067276933,0.1661690980037608,0.30522474769376434,0.30854998310701165,0.4071445837218136,0.4512660934944628,0.4276171012936785,0.11966290900301052,0.2812613919920668,0.3273376524002436,0.16614084489356426,0.2576746434614455,0.3078411798498818,0.36548159211050096,0.15089515270806061,0.18802130912355713,0.19169107421464202,0.21519923151540266,0.24559575041665432,0.14968811705577478,0.22348524088915678,0.10331220628537525,-0.004840699547008467,0.2269494751786694,0.14611880746761094,0.12397548099958927,0.14849206872412093,0.03507626383717858,0.08574194462310407,0.09110454400443961,0.1745909477784352,0.19994726086096645,0.06931275459692551,0.20019141489670905,0.2239011894559393,0.1879067270655378,0.05013985289547291,0.3269261557876496,0.15527752402299175,0.14354620482249197,0.1580573161428854
0.37901248277837835,0.8622303249384294,0.6700957584609785,0.8284894945518586,1.0,0.6481075125020013,0.20858015564324484,0.5786896207490841,0.7012076634991791,0.19020464669485698,0.3295348596291308,0.26376946717773403,0.3584644748531623,0.380342098344562,0.32744412947458634,0.2997601231522395,0.3361884670804178,0.2655565806032324,0.3145396448190492,0.11872824853016012,0.461604023242892,0.15532304292275287,0.28759715443982353,0.25432194105145517,0.12250641483706622,0.2986965898495993,0.1674169437041083,0.310859553789213,0.16624842891064698,0.20816891592816175,0.14182747395220202,0.11717035683678179,0.019322788113285316,0.13667839825208408,0.1238726224222961,0.12218214466220267,-0.04332300525193926,0.13286035496925677,0.1428556292970851,0.1273461853592383,0.01439966849684036,0.13869457237920993,0.036376678461039584,0.10432617901798467,0.024832914245532085,0.1519876063023271,0.10089185651187102,0.024310231706895957,0.1509704943352514,0.14197512939546592,0.35651122610308617,0.6293257196404018,0.3515126401275785,0.7733475749993434,0.6774957218104023,0.5696472794010463,0.31028664349911633,0.6438664067380528,0.2655659983103268,0.2460249443570691,0.2380685546022747,0.32115636886178883,0.3731028715766431,0.45341219090312634,0.4812097049511172,0.44222709849975983,0.14674351512640127,0.3654117441162175,0.3947441325700971,0.16175847357863313,0.23768242876292187,0.3443693120995514,0.4355438392303557,0.16776225949539944,0.26858976170071164,0.2552982429704692,0.3060455377351679,0.35121298105356236,0.10192780388574442,0.21039149393029016,0.18986717898973157,-0.04844152704921378,0.09112180980077934,0.1270636542572728,0.1717781925929081,0.16950296500695342,0.10743175102715216,0.1519798178537084,0.1628596239745125,0.11972652548216638,0.09595070146194148,0.0920965424850496,0.16341291426630844,0.15201585941252366,0.17515672628072917,0.038758558337963704,0.27834493280468625,0.16592894656709015,0.24229710342835797,0.2049041120832274
0.45957625811741215,0.7151995121628275,0.8722185881209638,0.4449959032990215,0.6481075125020013,1.0,0.12005060445959648,0.6595594398350019,0.8931608637917557,0.14718771680338033,0.2270168796637252,0.2358192931071829,0.24154368715645003,0.31046974756620593,0.32600792970626186,0.11471787492579533,0.27706726437690904,0.19147532698084302,0.20714796120377155,0.06883166672618664,0.49580912198751215,0.14910108021057986,0.31645379378598576,0.19407061394008457,0.047469989864217674,0.35077805926246824,0.18848434620733387,0.3176638444948815,0.21961779020568,0.27931966510646716,0.13317731338035907,0.029265513311923754,-0.08900756948507482,0.044647779716695264,0.04261667749702557,0.2730553227289993,0.042338855246759524,0.12346069479165155,0.033319062891058134,0.02149433839064006,-0.03149123054851844,0.17701286811954473,-0.0033197417507755487,0.1697336987402252,0.0925116701041284,0.13864585982062413,0.02381109342675695,0.05774935724174303,0.38007967377075424,0.1664792280616902,0.3621861794363859,0.7800160964311021,0.15622086398010981,0.7904210931525637,0.8977884476911808,0.8903955476220778,0.3960646556730676,0.8411233436614147,0.12582684525256316,0.13966297178769985,0.2341382330504883,0.1838053893613798,0.47452765293869464,0.2938888522644868,0.3410961430551319,0.3647963107716552,0.22473936505843686,0.362164204786499,0.3378627290172482,0.17705753275006356,0.24832129436915515,0.3168947320506421,0.5056979089943808,0.03408737745213452,0.2434131012811216,0.3359969737779745,0.36376507224948124,0.4544216331010779,0.09348640240590929,0.18195944736916456,0.2593808173938703,-0.01744472592913492,0.09319841421509426,0.03105016810600567,0.20866735128166788,0.10743088190513861,0.14783294550681647,0.17797268943424885,0.31416450615312236,0.09524598069920144,-0.0007314416306439511,0.03902069972779203,0.05370996836828043,0.13152607605109418,0.15077272256387558,0.17770264543288475,0.2152086492188015,0.22798690311380668,0.4193797500541518,0.2223598253329943
0.5647916665849592,0.3050112796662913,0.19526124523279131,0.23200826246511524,0.20858015564324484,0.12005060445959648,1.0,0.49316274733243554,0.27595283614137855,0.03415957984485903,0.22424493562999726,-0.054481414162342374,0.27776260481119075,0.3100388872975656,0.3752013034101504,0.48920044059176787,0.04987301796583885,0.5795233149073724,0.48975765492818646,0.5980793371190359,0.40748048180970586,0.22370341768456345,0.4625302789093552,0.09684224405036587,-0.08140044553643253,-0.10546886036371171,0.41128994283454035,0.12106143795773963,0.34720025302242397,0.22270671074151857,0.24232221730408823,0.33502067185896045,0.509972178512865,0.5501502712888673,0.3331245742413255,0.5190064950761107,0.3731764971793978,0.578858808895206,0.5919688148326203,0.1762115090614003,0.6480902467124368,0.1859730316109406,0.3861409022399136,0.3329158151493177,0.39013778100072516,0.40342773011373445,0.5323560896439794,0.42246875676897433,0.39282653532109657,0.5562217713930899,0.4675138155801412,0.36821665121249925,0.5233935752427413,0.19258426199120848,0.1506738958032851,0.2588244896485864,0.5334406951520803,0.22549121171311165,0.19924179609802384,0.23704359454903326,0.07861427912189334,0.29142780680047026,0.1724868750517616,0.392509472640002,0.2896040245018334,0.318734323447884,0.6427394215646572,0.38750254572397874,0.3010465431116259,0.3848858417386336,0.21284323604845723,0.3166027832452778,0.16184879007971373,0.32219062059526166,-0.02856232479147635,-0.17611576241017865,0.13842611340798433,0.03870677615797873,0.5109496498183953,0.4545328976075894,-0.17259511095624222,0.1306612169556332,0.43355591822451306,-0.027631541772223427,-0.114178711194641,0.35691212340958534,0.31797958711196067,0.09124110075730839,0.41479035202999903,0.18883522975871325,0.5312071298293198,0.5292437463482267,0.5172495115545854,0.32351537754003307,0.10518005079281366,0.27362823301909595,0.38494391757625984,0.2949844450932196,0.477042778348072,0.5475170224988934
0.5899000585075507,0.7008367240349449,0.7184023173838476,0.4978794471180258,0.5786896207490841,0.6595594398350019,0.49316274733243554,1.0,0.7472476761816863,0.0578011546104367,0.12618780784117986,0.026633265211945416,0.19601380007471378,0.25594198690161274,0.30920203799101553,0.6019453058812867,0.11567922046529733,0.6134294148739814,0.2266237794749881,0.4253209181793859,0.6103503699587819,0.2048020869630732,0.4808367318830173,0.19742959481900743,0.022002135466774833,0.15233920056255082,0.11983399728142295,0.17519439709432458,0.380174784795612,0.1472881723063014,0.06937551208762231,-0.005079281366445978,0.032269786021772696,0.31493283409024037,0.13915912465586142,0.21476130830735618,0.09452548901424898,-0.027997284560064183,0.08916214191621988,0.10137843785414488,0.05216308950899234,-0.04789767347318735,-0.03284896234526273,-0.10538253141588892,-0.023071803709947294,-0.11216013862859403,0.11363714844498021,-0.029709714988902805,0.15745929197705846,0.01038459576438777,0.47406383086429554,0.8314171569434059,0.6365504208143802,0.6844475592639175,0.6386500344727811,0.6218739589019588,0.84257994845377,0.7655635396752148,0.10961347768063122,0.05211600099199809,0.06874609557713256,0.18774591497146112,0.3967483796639047,0.2931009044134497,0.37180337389500495,0.36139181099297124,0.5284351857955919,0.3187195371511132,0.6556782909996172,0.5975485718052795,0.45631912201890446,0.49606810883098046,0.5155935647238202,0.23035231628415095,0.17463875259379247,0.18606713566829594,0.40362393226787713,0.3292932677913494,0.22804968780313234,0.1300192435072783,0.33893843647288174,0.019106950579031796,0.17314454493052045,0.17061582362525074,0.16028780512881713,0.3152591908937087,0.22504483222747562,0.08606764032678536,0.4955385574662982,0.2233731009095715,0.056964548625172265,0.11674346676001558,0.11616584739155913,0.05575751297288643,0.09387252824526211,-0.0147905031878926,0.05282232874691178,0.10646556730675658,0.36808936772678613,0.1580918477220145
0.4227797068817473,0.7202505424011234,0.8894278782181284,0.5612762871646121,0.7012076634991791,0.8931608637917557,0.27595283614137855,0.7472476761816863,1.0,0.24777977642372132,0.3127493729379154,0.2836078593874098,0.40066520378340537,0.4791174035372827,0.5206027958022157,0.228876965897323,0.3602318638576797,0.35135424665997833,0.3853576629332295,0.19009484808258909,0.7054723135216246,0.20613469199401033,0.48747072172209666,0.29884727310398085,0.0425037150921916,0.4685103390687147,0.3237288454837403,0.4883612882162556,0.4304684799153993,0.3964664776847518,0.1526907948227745,0.054657211292454225,-0.032243887317100324,0.15337991697507566,0.11139573503605411,0.35520751909439363,0.20178371302374204,0.1349220488230239,0.1464665351588625,0.14642017397637414,0.034464085588088486,0.2323654415668732,0.025307733389422958,0.19077755698495366,0.15176942950692043,0.1288577267547536,0.06675425130827596,0.08534950666930362,0.2991015510957498,0.18290528529783256,0.3686043468212187,0.7433788614071175,0.32097416723957695,0.781879232817944,0.9015790747966763,0.8605170870561734,0.46737393619192025,0.9292542120678451,0.2259080337358138,0.2430662158725973,0.3200465234547903,0.3285500537398164,0.6162241194542442,0.4291521869476909,0.467633290038168,0.5620799311879805,0.2651632872807637,0.4340825250128748,0.4675964040042407,0.31507083682573167,0.39200876474262986,0.42947081924601865,0.6602966342292566,0.14614863019504062,0.34939993533177,0.4239724500783239,0.5062721904636336,0.6088563332707263,0.14323699022756312,0.21604996405576535,0.32530474118581443,0.06095922448351745,0.14047137978435317,0.14707470436259415,0.3160763006932853,0.19822225152174391,0.343160976145829,0.3545868746201307,0.42882352040957766,0.21837386806029482,0.04280346194776942,0.11116896896905608,0.1380604467681871,0.19332975460604176,0.2268913102850739,0.21356996882740176,0.2476699032174014,0.2360468876059884,0.38636442117225295,0.24119209289622634
-0.019255286963422713,0.03267944361756356,0.27371859341837795,0.17248680736715544,0.19020464669485698,0.14718771680338033,0.03415957984485903,0.0578011546104367,0.24777977642372132,1.0,0.6412906648584676,0.7020254340776458,0.4803452530066018,0.4889298733711809,0.4268605457873043,0.009034720339226504,0.5541015667919221,-0.08730057514722706,0.3160009590365301,-0.20789588410885174,0.1632998377015781,0.21215260446587494,0.32757375143769707,0.6126875300189296,0.6110228854390279,0.5437405234359549,0.15178512567925187,0.5131832151411557,0.23200992312405966,0.36851944284866694,-0.03665370162832092,0.32463137539279674,-0.014318844446890482,-0.11483167221985265,0.07756420519292165,-0.08985587774565294,0.08458667269399685,0.10820243369346329,0.24512800429763254,0.572200823107277,-0.07893605065468735,0.37520302025869406,0.14704023048269627,0.14056550169675622,-0.014839161322119989,0.11046809125126747,0.05797852135778169,-0.042010805245032944,-0.08257285378387626,-0.04860088134078306,-0.0333253413624544,0.05076065642988456,0.011232180920360761,0.093605730046927,0.2797349386338497,0.16677582050793333,-0.022707652511858457,0.28269905100942083,0.7092200529668089,0.5060210517063309,0.6123940115963321,0.41126342072314676,0.5137414156619219,0.40799688587940947,0.3812242239218876,0.4822429202414699,-0.08710747797042213,0.37319861826543616,0.12232507583222975,-0.0649413434039975,-0.01356620174604221,0.2412784218440491,0.36786191757861025,0.39065104583596244,0.5762849671479113,0.5200063412536219,0.2754866598231355,0.5058062126259664,-0.01166225604224154,0.16082298170768078,0.27016094855108636,0.11229198647617791,-0.04409527423382387,0.14155593017086854,0.3357145744118802,0.16446135445410281,0.25285847142713574,0.40910441137175585,0.03187187523421887,0.26699513536190184,0.032618215721914055,0.08930262271371132,0.2835836415997606,0.32577719597299004,0.2561772286210285,0.1101290539289089,0.21985942508059986,0.18781568926601558,-0.1523721625244468,-0.0421300961547517
0.22735208215695493,0.165681796867134,0.31908290368317205,0.21511604180204616,0.3295348596291308,0.2270168796637252,0.22424493562999726,0.12618780784117986,0.3127493729379154,0.6412906648584676,1.0,0.7229500014126555,0.6509202665837909,0.5509949419046662,0.5548251603364004,-0.026973882736207,0.6305073944667853,-0.035345439534202924,0.5693796595577805,-0.21359673613666108,0.33172447566936325,0.18678445074384162,0.3331545277000528,0.6122087967628215,0.5447370868422999,0.5173207261677167,0.1297351427880797,0.5514661794574774,0.26798477941573823,0.360834596875206,0.0650888874239128,0.4343021010896283,-0.05115386577409271,-0.051531338793776194,0.055842272303476076,0.017215561813096258,0.014404377348539785,0.2599327418488551,0.3111029665385182,0.4270332036829499,-0.04672279617892381,0.3884647214654565,0.16130648711286127,0.25872157815595087,-0.0012870861311760514,0.19025330482908437,0.03765511742306521,-0.09448310934895417,0.04747150359913232,0.07498852216499784,0.11376668650926106,0.14677496506620405,0.1538994000922935,0.16023993178442061,0.33886715186173016,0.2418726168786687,0.04091364279906702,0.32912832876574716,0.6117483541576312,0.7211088403981805,0.6521068972120458,0.5465660489305241,0.4958218734880547,0.5393769875278215,0.5391976895217856,0.5538582761207852,-0.01113957350360541,0.5661046519157032,0.1381633109532326,-0.06007396036402563,0.06527881110912293,0.3281849888086291,0.3794841529420228,0.35592169493547304,0.5798134666880135,0.48565840734078586,0.3771021098794848,0.4701476343308747,0.07592709441875505,0.3211876351832842,0.22978097561128744,-0.09302179570489941,-0.07162480168860039,0.08750459113040694,0.18199405036355712,0.05217250721239119,0.18512943466272638,0.4024727759594501,0.05052128970790193,0.182771011198845,0.02482820539383266,0.33324085668175146,0.3320416686450647,0.31566415213985916,0.3888193025248863,0.21530125663555685,0.26131144659063443,0.08386935761845117,0.01835981277605643,0.07831605184759645
-0.06750377002587642,0.11273623239134893,0.29883247900344123,0.20684886783508974,0.26376946717773403,0.2358192931071829,-0.054481414162342374,0.026633265211945416,0.2836078593874098,0.7020254340776458,0.7229500014126555,1.0,0.6394228203510292,0.5191097124068166,0.44082856954503075,-0.1367686512784054,0.7463074754590345,-0.25725408699059543,0.39774822623376005,-0.3945210919360794,0.15145707567752528,0.2021462946045977,0.19825686089773464,0.7324556033765606,0.610105443086231,0.6567482553704453,0.1623816116201903,0.558570267054676,0.21089777824519132,0.41284700312981676,-0.1399031232243705,0.21741710066583164,-0.2091218377093632,-0.25876562897924643,-0.03333710041469287,-0.1791529717563075,-0.057779179969172714,0.08558266199446206,0.15244913359057927,0.5220939321737001,-0.2070136776445696,0.3581585400356814,0.04161684765014794,0.025173521185123796,-0.1393286433170407,0.09689404141905955,-0.04520968516617538,-0.22988770958314106,-0.20372219030667182,-0.12048312856356151,-0.08612885542289896,0.05884497316150133,-0.001682629673927716,0.14969288464761857,0.3646057453507219,0.17842316975693093,-0.10926105559898164,0.33770314771039933,0.5917631948943926,0.6010974763694126,0.7805314096104524,0.571093682248961,0.5710654291276778,0.5169267522421982,0.5410945734367285,0.5206294792951791,-0.1516658347695331,0.5682071550245278,0.1346457959731853,-0.11771972286838131,0.11363243959328079,0.40650888874239127,0.49507708981867266,0.4082260499954481,0.7740818523994739,0.7102172664174115,0.46123987204480316,0.6098499013691854,-0.17644852126360466,0.09574194236993366,0.4431986915670745,0.05721568738247491,-0.1948994483185815,0.1872867282584469,0.4652433633614666,0.0743794518268775,0.14156310454840548,0.4334342728412104,-0.005752649416828551,0.34570126797656553,-0.05283488568477691,0.04506529806454694,0.32968567225361595,0.19146661895030279,0.4615898966877937,0.021593224276327976,0.2121243513556784,0.14505303736630784,-0.18657883088630006,-0.10049474335188621
0.13619887999919428,0.2718295583370265,0.34968966693104336,0.33103698332124726,0.3584644748531623,0.24154368715645003,0.27776260481119075,0.19601380007471378,0.40066520378340537,0.4803452530066018,0.6509202665837909,0.6394228203510292,1.0,0.6618790687455685,0.54980866365928,0.04288588368111817,0.5652113175680978,0.1088216054757772,0.548018730249835,-0.05853732806308431,0.3916508920134736,0.1702359762548305,0.34689182311508243,0.4672781895406986,0.1901460098910864,0.46582472398280955,0.2619706858285539,0.5299451575738741,0.3342477665319276,0.40139664541404935,0.06882457643878964,0.16896772553045214,0.10851007891260174,0.09853903894654287,0.16481137909709337,0.125845631284355,0.19080267086068392,0.2744148266161048,0.3558959359062521,0.3677927100697224,0.0906971925826168,0.276872740486077,0.16480202606273225,0.20166128287955698,0.16249619367820964,0.16472975900097003,0.15509544842394735,0.023569372372853156,0.025087192237301013,0.15864604711214708,0.04645754909666888,0.15164784367863085,0.12300619370960197,0.20011293400425573,0.367041792252473,0.27480162973423383,0.02982900589862156,0.37615249145343416,0.5017762187984883,0.6560325099121328,0.7384248577141979,0.8626031091775826,0.6822720689251115,0.6146150199812274,0.5706065398155101,0.6425871686930426,0.04070959255875862,0.49086502032070284,0.18493323235460235,0.05207205170947013,0.13237209973975747,0.37703775557292596,0.4776935721402617,0.3374739835943607,0.4763380202103915,0.4329145594555312,0.416132211998782,0.5494470824924855,0.09985904837246388,0.21038364584412445,0.15997067955008493,0.080351845398981,0.10359791727408404,0.11981359225739212,0.2873695598517089,0.17981691984592638,0.3522733961443407,0.426706105931187,0.13433652842127694,0.2288510672028134,0.13810277225795717,0.18950859581596277,0.39958860316179046,0.25649115206765677,0.288213116349447,0.19944498334636115,0.2792317665414112,0.19197046608214122,0.0752490197740379,0.17310680617424634
0.23078894156270696,0.2779607038015211,0.4728689379839941,0.3265795266816524,0.380342098344562,0.31046974756620593,0.3100388872975656,0.25594198690161274,0.4791174035372827,0.4889298733711809,0.5509949419046662,0.5191097124068166,0.6618790687455685,1.0,0.8059998665826786,0.15971305793582977,0.5164335129240051,0.24009128904576463,0.7323144151070121,0.05716317249839456,0.5855116367590751,0.30703620717403574,0.6109710880089813,0.49313095719273226,0.1830679563190504,0.5493484121348895,0.42994596588447503,0.6410902569859805,0.5093767081870546,0.6337256071482376,0.22903244793778807,0.3034496289815288,0.19022064144078532,0.22116560697760168,0.24508179674233233,0.2316701917682073,0.31818677674933965,0.33893504442808553,0.40869741628930284,0.4097536091415841,0.1846679668340187,0.31575713127001487,0.2455790697574225,0.3030886167345806,0.2779935567162868,0.24127547196472648,0.22162070954609533,0.1799936430452722,0.12783286702588706,0.19695430994024457,0.2281888675551671,0.3070112137511425,0.22966735860687737,0.23005671426145893,0.4715347617652142,0.3504410041010492,0.1607077409659142,0.47557398985256305,0.43342127124237506,0.6031007812777767,0.5562476700977623,0.5508460443048954,0.6306462631882823,0.7596584510222517,0.6161063385952218,0.8116858094721126,0.10984582422631002,0.5763845315609638,0.36780623672690343,0.16110014558216224,0.23970192945357188,0.3736359034528833,0.6712687898119681,0.3535722554241217,0.4642954963723623,0.39451261384651076,0.4954932329825454,0.6497909071182333,0.1509447141136633,0.25881438869254825,0.19980615211963507,0.16717849308784416,0.20379541741862797,0.17701058315255472,0.31869702780857334,0.2512974858637011,0.49512868527084575,0.47664465668314115,0.2648645869998858,0.22213641637914916,0.20372627423595283,0.20170311518376494,0.3144739676713648,0.32991732034745813,0.24238990107487088,0.2690522251304593,0.29763340775950053,0.2503714109693557,0.16006890625066242,0.21564517204987038
0.3284331172100609,0.28431429870850106,0.4701311533434595,0.295288950836449,0.32744412947458634,0.32600792970626186,0.3752013034101504,0.30920203799101553,0.5206027958022157,0.4268605457873043,0.5548251603364004,0.44082856954503075,0.54980866365928,0.8059998665826786,1.0,0.16516539259479113,0.5252567108984803,0.23402060358871377,0.6953257957668726,0.0739635322837094,0.6394196811165629,0.3209977114980741,0.5605976476922536,0.48508863628515553,0.21185541139926992,0.5264245061199376,0.4181931194258968,0.5579047493478241,0.5666689295324426,0.5730044671306456,0.15413641229449787,0.3505331989740982,0.16052409560551012,0.20919788211465234,0.23617088736740657,0.25002275944988056,0.2818122172726959,0.3354588583381128,0.27737187896208015,0.2924259690031989,0.17077435496579804,0.38781882372056564,0.2602057533557649,0.31934490455157605,0.1915388213430273,0.2690449506983227,0.15946997165271276,0.14746710867087953,0.22579728707357424,0.2655103810642046,0.3193552323799851,0.33313804671263764,0.2577437066197037,0.29673782398386206,0.47525752523851056,0.42341540211061923,0.20484289701113487,0.5108476246982411,0.40482013945272893,0.5543903763628202,0.4670254811661628,0.4855981676281604,0.5828171579636383,0.6835965581433312,0.5516479031861029,0.7953548747602409,0.20523844055388654,0.5736184125591843,0.3106117980372877,0.16570920015445034,0.31186096958395726,0.3891190994164163,0.594689747373977,0.3004624092368835,0.4836916769476595,0.3855435113593199,0.49704127151552824,0.5963150866566853,0.25918147600526137,0.36599078948607594,0.20706547501326328,0.10523341777874047,0.12808709495521883,0.2045493785885374,0.2924716026700994,0.1788013774960838,0.4352418585853584,0.44529352049983195,0.2739869980705683,0.22591117297151195,0.2055476551488154,0.2891047723838519,0.31658564168530734,0.368453518924875,0.33378852233094436,0.3151179253427259,0.3543065588025704,0.2730568923462324,0.19800093549187095,0.27479445862332014
0.40029194903448845,0.37149101982035715,0.21505656512543214,0.34701032926268693,0.2997601231522395,0.11471787492579533,0.48920044059176787,0.6019453058812867,0.228876965897323,0.009034720339226504,-0.026973882736207,-0.1367686512784054,0.04288588368111817,0.15971305793582977,0.16516539259479113,1.0,0.05462505557428617,0.6820918305282944,0.22826647412680162,0.5750187373204259,0.39605460857461733,0.3634960255314319,0.49166336392781324,0.2747286425042522,0.06913389954749993,0.02214809265925219,0.22804742286409138,0.07432218996222109,0.3312224581009971,0.2335465789982957,0.13239334152413265,0.06691202409677836,0.3962275775009536,0.5094542044192608,0.39079717358916927,0.023537204455676,0.1095444144952723,0.00502984434480018,0.2904359222881898,0.3230093027326118,0.1394707484055733,-0.022578176809671988,0.22121731760052427,-0.16623273273215633,0.05492485258345786,-0.07519332786845297,0.2640921271500534,0.07648041450468747,-0.01921055285472432,-0.08010237055646359,0.41282770690514403,0.43247697565914167,0.7689565690665799,0.28456633403835363,0.1266148430970142,0.13315701285909928,0.6590817500140792,0.23448050161849024,0.14471882247222756,0.0021629333960135723,-0.05248959049063126,-0.0010971633070291438,0.033166822974505475,0.2526810053873403,0.22387908596373784,0.16079636131191466,0.4417399056895455,0.2954924481731603,0.6308762123836368,0.6115780506210075,0.4660980202802833,0.4246404888418156,0.29576948583223134,0.30128422208368305,0.06755242817919747,0.026399402603448675,0.24277907118650457,0.07307986611154493,0.18219339183038855,-0.008594442532563364,0.19325605843060892,0.1139307115744885,0.23101487605900195,0.40255753532329963,0.16179156251594143,0.44312744786812025,0.13751275806010266,0.0882243298710166,0.3534066606759562,0.28726529298890674,0.1643256470455406,0.07185948775501395,0.1938714247034402,0.06544914026144844,0.12905005550562113,-0.16798599586956356,-0.00708054611713877,0.050908985316621344,0.14807617826308012,0.025423100301329344
0.055769306986255616,0.169130247281533,0.37219720207773177,0.2808987000430075,0.3361884670804178,0.27706726437690904,0.04987301796583885,0.11567922046529733,0.3602318638576797,0.5541015667919221,0.6305073944667853,0.7463074754590345,0.5652113175680978,0.5164335129240051,0.5252567108984803,0.05462505557428617,1.0,-0.03435893471606466,0.49454577417676365,-0.2362062964435388,0.28259388665480034,0.4750540733136817,0.3707303941977792,0.7518199711818276,0.5739108118897913,0.6296001557060296,0.19050287396915389,0.6059240493613227,0.2707198385177365,0.4463410652678238,-0.03986513848732848,0.28668587878160035,-0.06539736853466357,-0.02101718299899981,0.219328894455798,-0.07984015018097687,-0.018962545793582777,0.11167599935649081,0.22853557401515104,0.5076550232460312,-0.09785464716574216,0.4193540159261598,0.21966173950545387,0.08279416981374922,-0.018744368998176105,0.18867583950977715,0.1072864771196896,-0.0878891473525266,-0.015606704149126195,0.015667931517551196,0.08952472363935422,0.11723161791107525,0.06525369723339267,0.21700045244236169,0.4127153172335332,0.2440975501797204,-0.06644974556504651,0.3325767778269591,0.566121917712043,0.49645737390479955,0.6269459329647872,0.4688715350195837,0.4943801794936872,0.5183786481828542,0.557612453353073,0.5273866814838534,-0.10321489001692047,0.6061000843277655,0.25165614368295175,-0.044787458130460304,0.16357295110014472,0.4736775190002166,0.4830954119678239,0.3730572062696791,0.7193116286662334,0.6342148303714656,0.43186919437825894,0.5812192869932887,-0.014245846007992492,0.1227424980144342,0.3705301225243212,-0.03973956910867716,-0.0893850276507873,0.2949169515521945,0.40980446093243944,0.14709824862109125,0.08193015982642543,0.4388274797706027,-0.01040813595715965,0.2607653221189571,-0.051739292856044124,0.14450765208322755,0.2989988584954423,0.24446788406179268,0.4242518419458231,0.005664748594407768,0.26026922074782843,0.10321175078245419,-0.08962514401238114,-0.04326963826601245
0.5444127468715542,0.2894604044121975,0.2195221296583333,0.21999528329838047,0.2655565806032324,0.19147532698084302,0.5795233149073724,0.6134294148739814,0.35135424665997833,-0.08730057514722706,-0.035345439534202924,-0.25725408699059543,0.1088216054757772,0.24009128904576463,0.23402060358871377,0.6820918305282944,-0.03435893471606466,1.0,0.23575276939557918,0.7922562873029638,0.5277800777039722,0.42803635705827087,0.6291101440517346,0.0830453411584079,-0.192137931900539,-0.03478194672638807,0.27317393602475193,0.16970080336966864,0.44229729358536174,0.2246060357300132,0.24750440572111915,0.0590804158388613,0.46872121956266954,0.8530640914459717,0.5455246074876685,0.4833292850273348,0.4729721616502698,0.06854840450182977,0.32214221528102055,0.1322261772232071,0.39213684242334745,-0.046108327218361396,0.16284870055211328,0.025252796764705633,0.34071773130577954,-0.06082897012272133,0.4629925313659053,0.3093771717134697,0.3272480557340158,0.199836838096554,0.3514014730869294,0.4178222328607474,0.644339899175647,0.19873881156337922,0.1774940256397176,0.3008887964558015,0.6636359962031455,0.32289001177608273,0.0993160387538799,0.05407882856281104,-0.002556907476129252,0.11767037227425943,0.17951020055799938,0.25148417177742716,0.13996136382633398,0.27433702285091016,0.5719569720659475,0.2310454836190693,0.7201333862295518,0.7631113121966565,0.3629694187430701,0.47049530468444295,0.3318204827361589,0.2879997614181091,-0.09328709762356652,-0.07851071519245492,0.26669062949918293,0.15222159873488753,0.3400004159487562,0.06145053879095164,0.09154168257540461,0.24519157382051973,0.43558168098289507,0.2843802226581619,0.07094753942685382,0.5897368182512478,0.38861060850603113,0.15612367023885668,0.5851184473334144,0.1929186662951903,0.2197880937423037,0.17373871346222516,0.14302638136235035,0.07313006520585512,-0.03001187808307512,0.04891321622153335,0.04487851354050803,0.15509237004840717,0.45806864017338383,0.2665948828103899
0.28531661166461963,0.2711610075380927,0.3663505193475096,0.3025563973503514,0.3145396448190492,0.20714796120377155,0.48975765492818646,0.2266237794749881,0.3853576629332295,0.3160009590365301,0.5693796595577805,0.39774822623376005,0.548018730249835,0.7323144151070121,0.6953257957668726,0.22826647412680162,0.49454577417676365,0.23575276939557918,1.0,0.12875187863710028,0.5250536515001438,0.27762772667147795,0.5907796687320229,0.4167115642772564,0.1862377314601019,0.4674345498787634,0.5306964276675377,0.5617623041362609,0.4941763230902648,0.5595970163134738,0.21351354639066056,0.35259424476074086,0.1731713643403868,0.19405271563614673,0.25886843894836026,0.2870030540839519,0.3675299434035327,0.40224785148581277,0.4663265826659185,0.36830533462097154,0.21289040810458118,0.35896546446972405,0.2928303752565345,0.35704725059854237,0.28735778771784093,0.28961725261157206,0.27393833991724725,0.17163692698649213,0.1758882369306886,0.2806887017641557,0.27612257150593117,0.24877196975345217,0.279719242455359,0.19265104634690922,0.3270661084056993,0.2736567008974294,0.17930764941487987,0.32769618162992425,0.37819799952126637,0.5794479732506171,0.4155900723240984,0.4655912164150699,0.4202833946138542,0.7191808478369845,0.6430697982137444,0.6953807323915899,0.1486373166441214,0.6287279419555092,0.29882329581553624,0.1644206089254091,0.2775531698236473,0.3388177088994846,0.5201425213566212,0.347460809585369,0.38639596514038693,0.3311336447193798,0.4479210607791692,0.45057860060665755,0.2111497019099665,0.33800307723581907,0.04586187912294816,0.07343535587749854,0.23934876529887497,0.2428575520789579,0.25365976165343607,0.2191406263795638,0.43771417942868446,0.4592805653765711,0.2739274600826404,0.24092544704695906,0.23121883572813015,0.3646223694175538,0.4090457112137467,0.3568683141637488,0.32174419074626426,0.33332012238312936,0.34069497184696806,0.1998264787468011,0.21668731368147293,0.28906945598224787
0.46017132385545384,0.19599433367734137,-0.00061450562904422,0.11966609519497733,0.11872824853016012,0.06883166672618664,0.5980793371190359,0.4253209181793859,0.19009484808258909,-0.20789588410885174,-0.21359673613666108,-0.3945210919360794,-0.05853732806308431,0.05716317249839456,0.0739635322837094,0.5750187373204259,-0.2362062964435388,0.7922562873029638,0.12875187863710028,1.0,0.34105205990763066,0.1486286837459515,0.4371544386848167,-0.10501449738286651,-0.34300192906271304,-0.24590261070614683,0.3892691506131031,0.024170545257774314,0.44135709212483176,0.13380128873474528,0.2631189640836322,-0.07143173869316521,0.5137088568503869,0.7232817582866045,0.4053710753177513,0.6179616864131607,0.5505473846046811,0.2026856967284193,0.32628365360090095,0.05232242618970569,0.5744040062926421,-0.07293860044969569,0.20055721455507203,0.12719241278125096,0.43748859574534904,0.12775276635336769,0.5049648974588667,0.5077737285997712,0.3915411724496268,0.37883659048915774,0.3659439881650768,0.26336863666864174,0.49172909494661393,0.09925403882451272,-0.008469661237094793,0.22738513335870883,0.5544863405969134,0.11856029942031,-0.07013840110815063,-0.09241674452625917,-0.1780652968873438,-0.03698570469983009,-0.05349495171461197,0.10461424483135458,-0.08302264685651063,0.05869507465691549,0.692216382807872,0.06958903464540357,0.44154326517658277,0.6439121783117764,0.36776146203626997,0.2387004192057054,0.12116591259579577,0.17176642045904011,-0.2816373154669182,-0.24139702267040156,0.20090794544480786,-0.07129364029838448,0.36571624997893637,0.08336397358176839,-0.07246376242892641,0.4074445404963681,0.4675555939240069,0.17594160393755687,0.05878378113240124,0.5613942287506548,0.3751719223399856,0.10633223329239246,0.6578624150934511,0.26368726921703506,0.3383766462838969,0.24746447757211415,0.25010771506716006,0.11229046092221406,-0.008859707949055594,0.14587086518514175,0.16679387111319757,0.3852729035693799,0.5721971235968547,0.44272327127198563
