0,1,2,3,4,5,6,7,8,9,10,11,12,13,14,15,16,17,18,19,20,21,22,23,24,25,26,27,28,29,30,31,32,33,34,35,36,37,38,39,40,41,42,43,44,45,46,47,48,49,50,51,52,53,54,55,56,57,58,59,60,61,62,63,64,65,66,67,68,69,70,71,72,73,74,75,76,77,78,79,80,81,82,83,84,85,86,87,88,89,90,91,92,93,94,95,96,97,98,99
1.0,0.19447086633453567,0.2080041061186819,0.28525438786497526,0.10139727326094258,0.08995005477964144,0.5392733927904341,0.28414466848114417,0.06044362894077551,0.424893815394178,0.2982869197517493,0.1282534241199941,0.1739810829731062,0.14927844695792483,0.0008570110092952733,0.3338388810822458,0.023299398208752813,0.004396497870029415,0.048920279501854146,0.2306379866205827,-0.08407811671045899,0.08409224326555727,-0.09216321507837098,0.09284442895755442,0.27668898662372193,-0.06397916804008175,0.03562403272338008,0.02575270994415302,0.15864749222254662,0.07578425925053917,0.31667655525523547,0.2840247042153483,0.46920254026853014,0.0220327171016076,0.1267340346383131,0.22308027964300625,0.1946309672923161,0.5028410071919862,0.40757308922646124,0.5086077809065481,0.3151519194472774,0.011831774703420823,0.16601684513214607,0.08332783967301734,0.23200355361341582,0.10922809363708566,0.16786435048626092,-0.021798844133869514,0.5468142631231597,0.33544760774637494,0.39267114321501556,0.27465800970104426,0.08275963823462011,0.0409999717468898,0.20007596947408404,0.3290436985533478,0.2611044620329718,0.11104496915897984,0.07643251116782661,0.09268746723424026,0.11102059651733329,0.18200967512062508,0.09171587416692566,0.12042103412661788,0.0561342211088404,0.032332545385482296,0.3627652260719701,0.17373465306750296,0.008315832101183805,0.1660616443866081,0.05073002897513412,0.209380660432147,0.0416309578746127,0.2579179341325824,-0.06044752926551331,-0.00790930123780015,0.13646880071825684,0.08395568656627395,0.33502067185896045,0.038614153552514685,0.01684827138054114,0.2809991555459286,0.062486462051364156,0.1839725536623054,-0.00805370602324917,0.26445695952585,0.19625010447770316,0.1254155561624742,0.3094280628725879,0.2574611755177382,0.20032239937968727,0.2814464964573739,0.2386775660887336,0.157509519728519,0.09371399690471481,0.1755962191060088,0.17355970885159852,0.23560739478070877,0.4903439071948128,0.3813777472225623
0.19447086633453567,1.0,0.5339225676426547,0.5170005242521559,0.7586807681078892,0.35605040354859063,0.1254186953969405,0.5718303934402557,0.3603512961708273,0.08151336215150573,-0.13126708920762584,0.05974747997953219,0.24883141996992614,0.32568458855623467,0.1347547786996663,0.3195506498021939,0.0209590989141388,0.2051395546681986,0.05165219936815431,0.2707071753482196,0.20422603743851026,0.0795654671651771,0.06001117567469997,0.154004564446914,-0.2679493578695899,0.028574881729341483,0.08713887031508497,0.13673406603065777,0.23209930026463746,0.0712198123365636,-0.12484578510684384,-0.03989026801617484,0.2163544697989948,0.085398164803531,0.09180377273198158,0.23307403256641834,0.0781481028036503,0.07011009295273254,0.16502013818910122,0.12365444562688943,0.08905858208518708,-0.10963462450046932,0.0535867323394517,0.02220537499725317,0.07764111643734559,-0.08691284543351259,-0.011739956702092536,0.0855190253304829,0.09916535538127123,0.03991850547325529,0.07005829558403888,0.43366029781147597,0.15818131590430357,0.48406681546638036,0.2803085239633463,0.27091211670424714,0.199815569830425,0.37818607898084483,-0.21014820325915323,-0.02617807621433437,-0.03269669658357113,0.1936295514975718,0.24198945845066222,0.20875438315612355,0.20284948312504514,0.18985462205186643,-0.010178967756922798,-0.05783411657233267,-0.0018223256076773118,0.08788604260492884,0.13864272058615787,-0.009593500528961008,0.08891410740576802,-0.06642149245484996,0.030993661885612575,-0.07833645687162728,0.17557267484751168,0.10960951062473905,-0.1267418827244788,0.12910572627758996,-0.04633667033957099,0.21817051693773956,0.20831645994807707,0.10905233929958996,0.1117881393443395,0.07788283749124938,0.15918279416307435,0.09734766079943745,0.24962721590712889,0.07496805828930557,-0.00963744981148897,-0.23248071725229086,0.09685480098823102,-0.19960665392137472,-0.10306891561423831,-0.018691002012249294,0.009017454542886773,0.11283664365607803,0.12934357404339655,0.09678887706443906
0.2080041061186819,0.5339225676426547,1.0,0.15156224003214577,0.43425972142433344,0.7510351625652568,0.018815001773667475,0.5849225707818891,0.6598233944477631,0.23616617851570715,0.3396667388690594,0.32440221127675806,0.38349673048730337,0.5265798982260186,0.31043575713626476,0.2772180564128716,0.31925072751758754,0.2862620821286521,0.35250634616119314,0.3727228777990199,0.434975466882646,0.3056672599819808,0.30594508223224687,0.3330664984036993,-0.3248071725229086,0.4731407099064822,0.33573013884834046,0.36355474354024025,0.42398814625065534,0.22008544996217222,0.02030456852791878,-0.049989189257068405,0.2072255759710437,0.18330460933796686,0.22817525718178366,0.2502911639967478,0.262449419084662,0.10168922206630691,0.1636435838756361,0.18639675528725566,0.17608843230437185,0.141361297633959,0.17396538680077475,0.11736185013922505,0.15564795369001316,0.0922542528778932,0.0634266876629263,0.2952277357643565,0.25768661782545144,0.08268586622466245,0.1721257954035329,0.4222083659846871,0.11659744654668512,0.16063933649140322,0.6663182116409092,0.6469030851231725,0.2000714176402187,0.6864723662892133,0.31089251575110893,0.4459926102420664,0.4554008959375167,0.34887254394143447,0.3517355257746846,0.36272598564114156,0.4018329990048627,0.38283749124938393,0.14501222731824617,0.17686133059592088,0.10113514718300795,0.1379803962578847,0.3807577484154714,0.11604180204615303,0.1997526283240569,0.2126956920285419,0.35577885976725715,0.3565448329770302,0.30505040040935616,0.33057394623747055,-0.12615327626205072,0.09502462729438799,0.14504832851460842,0.20518507356795973,0.18428718972591343,0.1928354008470591,0.2851821854722507,0.09059830669692889,0.25723682119425567,0.21641254563662105,0.3149436978298472,0.20355738049719196,0.05386141535525147,-0.10500425366270182,0.18108203133583844,-0.0077994280314802435,0.2210444860916217,0.18841214381460936,0.08002775084357765,0.1179724312429171,0.18100754554541884,0.12726613488034808
0.28525438786497526,0.5170005242521559,0.15156224003214577,1.0,0.7406034864337983,-0.026906378610512042,0.49217074924109006,0.39411519106950577,-0.02153358727134267,0.2748085851784184,0.09330432680686487,0.2111872898674929,0.32791501464452877,0.29904661449258985,0.2991439307610446,0.5083937276501524,0.10980885201334803,0.06874138672543313,0.1335682004841589,0.33038873140395986,0.15157165773554462,0.12385535663273155,0.13795522823804188,0.22189364901475125,-0.1470166285249679,0.08220556335132115,0.1386599863757224,0.2515123262041319,0.28054553616555067,0.29312601828918,0.15449271540642098,-0.037903916628181246,0.2126988312630082,-0.03965167054362123,0.1250372784092871,0.013304075668107575,0.113546110645458,0.2068064881697949,0.26553057771331884,0.3902225403313148,0.04527956866885976,-0.002649513889542896,0.15441580416199704,0.13446282989430197,0.18787062586917555,0.11642007979934013,0.08408599779233897,0.03399790926984546,0.187487786406377,0.12268756141127425,0.1629859142549498,0.5853301161399938,0.5364496513880125,0.8121199564274256,0.18881553544352675,0.1623675487788302,0.49807682497592237,0.09300456641073455,0.02727680827753344,0.05548596919155295,0.08664444088664539,0.25560588794816497,0.22503445309826745,0.1750813846535384,0.22287936863716415,0.3491126953781051,0.30777525592608984,0.053582023487752276,0.0861154798790767,0.21604377036335567,0.31099454087126316,0.3224527466731963,0.19411613283984566,0.3211766478626522,0.17898031386066193,0.1493977378676436,0.35997915548314385,0.35076707194183626,0.22658523492461127,0.019927860391964817,0.008249908177391862,0.11752352071423862,0.2661945258029377,0.21976533428349224,0.19340823546769884,0.19953288191141708,0.17424327742486698,0.2564550508712945,0.30872644396937365,0.17194528942172163,0.015556476397665666,-0.02995771451173917,0.343854477647081,0.031511635572549275,0.21616611573101782,0.23541590147826552,0.21332362263092353,0.13711234378384488,0.22320907584434405,0.3099680112007886
0.10139727326094258,0.7586807681078892,0.43425972142433344,0.7406034864337983,1.0,0.2470608917309425,0.1900539634404754,0.47617791925261105,0.28235384601501706,0.1994512618152937,-0.022866183852405752,0.2401514366706535,0.4037950205462896,0.4406229496874892,0.32505674166297804,0.3676460951243636,0.13397781816926124,0.08920605621113235,0.1854801716063337,0.36346841459241747,0.3032013913087155,0.22441916314287597,0.20371591183773924,0.35006074418692257,-0.28863691300239525,0.12802112076948916,0.23287626079504253,0.35819607030629513,0.36118776075266285,0.2524274130510534,-0.003395082075285121,0.048010685958320136,0.24395461922655542,0.05873664648138905,0.24048262590684635,0.09748892635042018,0.1581671893492053,0.16783289227089082,0.3092161645461138,0.23509569956270465,0.1112624048909654,0.0779817233769373,0.2510100486895266,0.12313019347102015,0.13322597151458646,0.10252268881710506,0.10886006111307933,0.16692251427566873,-0.0004214425578503803,0.03787329421847188,0.10868971492611812,0.44871764183757046,0.35447921669821597,0.7522531855381747,0.3229000875846416,0.17726400697539535,0.2536150275272619,0.309563171428584,0.002673058148040019,0.025143698457694107,0.09926416344110325,0.31718982009047275,0.28418076967750644,0.24166140844893563,0.27397511842762023,0.38834527812047753,0.08032045305431817,-0.021801983368335796,0.07091530659333414,0.04980632877765216,0.30762771190617455,0.12178032265051844,0.1465441737377923,0.1385422650832368,0.19917971803396023,0.12115247575726183,0.3541150655001271,0.30149364775905746,0.03233725423718172,0.21914054038782102,0.06926877811576869,0.17545024470332665,0.34996185830123466,0.19280871734362498,0.3003760802890607,0.15986865442993073,0.20759844152645363,0.2931636891027754,0.23422299238107794,0.15494005631786634,0.02209393217370012,-0.14408929238515897,0.32095062298107985,-0.0959397141413095,0.1971486333342751,0.13912616269396544,0.17640935005657868,0.12531510065955317,0.043682464739519394,0.14852189145155062
0.08995005477964144,0.35605040354859063,0.7510351625652568,-0.026906378610512042,0.2470608917309425,1.0,0.06947282835607708,0.5991903914311456,0.8155420420179478,0.21908560378466108,0.2815438127258287,0.26278060832085487,0.26512247723270205,0.37303680124564825,0.3074958640585907,0.25846033830760295,0.24188743333050802,0.3458243472746736,0.23535085471579759,0.3559625049835347,0.3512175520877479,0.2568961133138073,0.30776426860545786,0.29278070249788885,-0.21826783320619433,0.35540686048300263,0.2440707709018079,0.3770989706450185,0.38171050607598833,0.26747062461348176,-0.12982461097036876,-0.001832528838785084,0.06547658288049876,0.22121400475280098,0.20417424006981658,0.32825719120135366,0.24121877638918973,0.08802727366904307,0.13711077416661174,0.2229311660058578,0.10672620752713821,0.143003117259825,0.10786566587871882,0.0561797400086015,0.10570273333144979,0.04457399018675306,0.07598363045545793,0.2942420161419436,0.31907988965592016,0.06672756781531256,0.27098970645018505,0.39237306990963194,0.17598705379706106,0.039668936333185786,0.7490386094447008,0.7495137127701937,0.2198768634314891,0.8001739136577382,0.2528292350627376,0.25011379724940275,0.3241808952468851,0.28022219501552353,0.35936229591051927,0.35345425664497454,0.4852518764774022,0.3034038719317907,0.19865546587809096,0.2504402776338962,0.3070422446782128,0.25906621079734266,0.43563627573779856,0.2295675076675802,0.30151248316585516,0.1936782096317992,0.3608879638611328,0.3336755098901582,0.39663128749423165,0.3589902966262647,-0.10992186445413421,0.23421200506044595,0.2961381137595786,0.2991627661678423,0.2591940329431265,0.36237845762289655,0.3352529752094654,0.20786754941939858,0.3124936479527911,0.35016590854154306,0.4232959450508399,0.19927232545071558,0.11481279175260321,-0.031045459254306244,0.17180559348797203,0.02639311377527476,0.23698708832864018,0.08507011480180443,0.11211701814989222,0.2537301953545608,0.26957715672361615,0.15332021133326426
0.5392733927904341,0.1254186953969405,0.018815001773667475,0.49217074924109006,0.1900539634404754,0.06947282835607708,1.0,0.37770798213147744,0.08476799674775834,0.5062407981189707,0.32673152325074006,0.27300980382923823,0.1512388988821186,0.16330297693604437,0.34949254274852537,0.5600930155537788,0.24409274554307187,0.2186476805766146,0.21475825334497026,0.38851950563335624,0.08783107151490038,0.21825370665109606,0.12127490590144688,0.24597157737114228,0.0370916248363674,0.007687985207927195,0.09085415430593095,0.13121372222169903,0.2859622852371221,0.30576457625043557,0.3586120188730776,0.15675538015949309,0.4006887480419025,0.19319005867229216,0.23408015721286207,0.33141526107443436,0.23741245459882154,0.5353854509039425,0.5275907317241617,0.7689382167264691,0.44230514167782287,0.1325431880181699,0.3101767702927964,0.1902768490875815,0.16301259774791318,0.3129863851401197,0.34110542691449897,0.09024043396777262,0.6127931752991029,0.4851263070987509,0.19690848189760446,0.40933906924019126,0.43141714461511416,0.22977469714235488,0.20067242402267782,0.36506171933587567,0.567643100153605,0.15934289518367914,0.07078031951128398,0.05299184740809106,0.10225428427023786,0.1410897538526255,0.14000043949282528,0.12166731020973226,0.17079475998982888,0.24159077567344428,0.6264075542538197,0.28472856609187286,0.2723003368398582,0.44178307018039487,0.3219567476275236,0.4596608371082628,0.2576824915476112,0.34233979701709943,0.12006787024916105,0.012093900781355459,0.3751039871416956,0.2994390188008752,0.38315298431324535,-0.02498202788268053,0.14876361250545442,0.3547978489965437,0.1481577402534618,0.403947431928648,0.1034236491089283,0.46961064074914693,0.32078593904940916,0.33978602977877814,0.5500315493063861,0.40656853419725064,0.2431007474517264,0.17126250592530506,0.33007166872286525,0.2170796329607062,0.22758351148488928,0.3351980386063055,0.4164988810587079,0.3779465639509149,0.6394685901810693,0.5967151050544814
0.28414466848114417,0.5718303934402557,0.5849225707818891,0.39411519106950577,0.47617791925261105,0.5991903914311456,0.37770798213147744,1.0,0.608189245684873,0.2898722017648776,0.21529811740109056,0.19281805938803764,0.17428087986463622,0.23907154001425213,0.4305522855196532,0.6261464586871178,0.2912660218679073,0.6392894028862122,0.28777216682999446,0.45004850117250406,0.33108093260377525,0.35964482701248474,0.45602246436184074,0.3594941437581031,-0.2511199218958465,0.31987386555914477,0.14760366537016284,0.31354516887511813,0.4192055225412731,0.4134764196403065,-0.15133935438503968,-0.06673936613338105,0.19922209769925506,0.425670775924583,0.24683957570106954,0.33407419266737615,0.035711931288436,0.11033938263814987,0.24948751997337928,0.46834082040753544,0.06999870506478793,0.09511095624221078,0.25065845442930285,-0.024024561370464197,0.11915592263670581,-0.024275700127766843,0.09035976033505758,0.21635133056452854,0.24534156859828854,-0.04563505143635673,0.27530144498962483,0.6405422087898307,0.40564559926416344,0.18089210765062833,0.5445912559763176,0.6476298181872904,0.638820588685602,0.7465479198443827,0.07769919227497182,0.15087003883233036,0.1584387331305388,0.09851074716919532,0.2786117677343203,0.19919541420629167,0.40208570737939847,0.3955859224169594,0.40332884422804655,0.12890795450621412,0.3152827351522058,0.5702829746299182,0.48894832506145053,0.5060963933335216,0.46147531462977437,0.24994270897099033,0.29901365253069384,0.2649702243610873,0.3998113320085764,0.501563338764209,-0.11317097212673717,0.10965345990726702,0.3258478287484814,0.19113229047964364,0.19741546826390916,0.46390997299868464,0.17266888296619987,0.30558877912032373,0.22005414396772047,0.28237100100769424,0.5461891263196557,0.1230485733748968,0.018458698661744346,-0.12432938103714028,0.18043691865301728,-0.043698143770660086,0.2491359257131556,-0.0025490583866218386,0.053900676936942005,0.28396416249933293,0.30314578885267585,0.12173166451629105
0.06044362894077551,0.3603512961708273,0.6598233944477631,-0.02153358727134267,0.28235384601501706,0.8155420420179478,0.08476799674775834,0.608189245684873,1.0,0.21058228505752896,0.2610015496052416,0.13947467245019596,0.12536302317816403,0.35060318451920003,0.30977114579358533,0.21220221394684488,0.3188042965149628,0.4242888944436247,0.2863195978637493,0.46110428109347834,0.36018256225205264,0.3672544754710215,0.36602938873982516,0.2786307124770314,-0.2974700507104515,0.3264295000257276,0.36216263516864994,0.3743397304417075,0.4935992946137766,0.2956485091966099,-0.029936536426319927,-0.01675096825839059,0.13104974864533178,0.46056119331770135,0.35857762800138215,0.5748183854047957,0.259996994181839,0.09872346904380817,0.2191006011244126,0.18915386218207375,0.3152430810210144,0.2953165350215324,0.28888502588498255,0.11583230359863252,0.1830825803418847,0.15959167961275617,0.21571109602533364,0.3768165874075344,0.2685186602202618,0.1989529864137956,0.34818518822271316,0.3484368562111765,0.0635161558803231,-0.010627882456028954,0.6130425040741865,0.7278132467950353,0.20415799942631993,0.838707576155926,0.256452797078647,0.17945990234623932,0.24940835217203675,0.11355400329071255,0.3465370894811934,0.3654188073965383,0.4931904091640948,0.3030994851261284,0.1935841085610638,0.32014867420268817,0.31177711740469227,0.24209559761261032,0.3908120849587354,0.2985601503066282,0.35595950542913934,0.06628967061962351,0.2973460509003753,0.27164277381298757,0.4012822208209332,0.32650798091818095,-0.0010555680034971897,0.35221910609481394,0.4038909256860816,0.4335009815997957,0.33635105444967667,0.4314323945706897,0.3663542996345819,0.36853842287155786,0.36082703196920407,0.36775910760949637,0.527114559735968,0.3250576540256435,0.2817566064234473,-0.05098197254660293,0.18213453116104855,0.10896051665541959,0.2710714329159274,0.11367407905616614,0.21794309348255173,0.4253177789436878,0.3039048183362829,0.20054536372167353
0.424893815394178,0.08151336215150573,0.23616617851570715,0.2748085851784184,0.1994512618152937,0.21908560378466108,0.5062407981189707,0.2898722017648776,0.21058228505752896,1.0,0.559767885003563,0.6943154742284546,0.542023362182898,0.3779842347645103,0.446410128426082,0.41658599484933106,0.3200496626892566,-0.054833008422566075,0.17952661110482465,0.38300073144163066,0.1633265211945415,0.32317320098320823,0.18086699377489807,0.5754813231245428,0.24739522020160165,0.15432005751077543,0.4200986347469306,0.4906199674147462,0.5314284458591928,0.4257131555898779,0.3503793764852503,0.21361714116869895,0.4195006105811037,0.03375618821594166,0.399929053301062,0.12380042002957159,0.5039805493032469,0.5405024030839839,0.7204134999638988,0.6917036311525071,0.409275660318994,0.2700212526173367,0.33708471852054156,0.3247710713265463,0.2030786472410838,0.4766032855227924,0.4070435031359316,0.24503608550018993,0.40505103222046773,0.4780473333772826,0.1739026021114491,0.3534371295456895,0.34677553531795735,0.18129863851401198,0.43687627335198037,0.33334759069548797,0.3363362750600434,0.3008070582575668,0.5416293882573796,0.3267707636815686,0.5802435418098942,0.5472643141243576,0.5553745263679999,0.5285309324468135,0.4555798323020948,0.5277837946438382,0.3617669495116921,0.5145079720859271,0.24448985870305667,0.20981238750256187,0.4362782491861535,0.44511833344320656,0.3000229164116039,0.3914766645005949,0.4679531249509495,0.3408439517939155,0.5687460955771325,0.4941516061893147,0.26331270856288985,0.03144100279705791,0.32547896869869314,0.40152692364440007,0.24063016992676167,0.3888900879025535,0.44762501216453354,0.517945433826507,0.4403154774915177,0.5750873491990244,0.37498783546644315,0.45785577729015003,0.21894276861644518,0.3080232554489262,0.6299674461385847,0.3072604214736194,0.4760084005914318,0.4480754923104452,0.48034858073195763,0.38630791495185984,0.3538216859187108,0.45576818637007177
0.2982869197517493,-0.13126708920762584,0.3396667388690594,0.09330432680686487,-0.022866183852405752,0.2815438127258287,0.32673152325074006,0.21529811740109056,0.2610015496052416,0.559767885003563,1.0,0.51312043045183,0.2513396683084863,0.2735952710572,0.44029960853746203,0.2855370310129238,0.3138198518909179,0.029285918335954595,0.2702779910932243,0.05688449814628205,0.17348822316189974,0.29229255153838185,0.12827853799572436,0.3486323925047638,0.1762915595402905,0.5536557954977099,0.2538950051640407,0.2512203773987675,0.20025333622142905,0.3422754427105406,0.22590088181096157,-0.020318703056165236,0.17788315141469602,0.024969470944815397,0.1754439662343941,0.16529639082213413,0.2754741028852704,0.36097586242618873,0.40175294852597243,0.47472131446025573,0.328844486126636,0.3616586459226053,0.36952870672957694,0.25319024702636017,0.20155454890770336,0.2894374177912974,0.19619281342621225,0.050937218449908804,0.4276684494917715,0.35105274227826805,0.08992023205221175,0.2039765483397328,0.17464503106272505,-0.041591717443784156,0.3412504826572992,0.4103632448867071,0.32266332861149716,0.27778311883853557,0.5408445796408088,0.6375424189057256,0.5759474994427859,0.30414002241413407,0.2101058235938584,0.29228156421774987,0.30661059993909884,0.43761556306879007,0.30032114368590074,0.3970221221852839,0.21116060637452952,0.196576584990309,0.39497691093050047,0.3341385469739349,0.18809351151628165,0.2426910773538765,0.35544924014829743,0.42494247352840536,0.3240333512269698,0.29284505680444767,0.11473901974264555,-0.1410520830390301,0.1031285610690977,0.22612690669253396,0.04070488370705919,0.2096177548892776,0.16437973435797945,0.23354962658806022,0.30073877988113246,0.3262559292290982,0.2764268605457873,0.26444597220521804,0.04708851699424578,0.13724105239696247,0.17343956502767235,0.41883038402255224,0.41453277203821076,0.3765197818859893,0.20052731311640926,0.16182439750242505,0.41723660144776914,0.24920184963694753
0.1282534241199941,0.05974747997953219,0.32440221127675806,0.2111872898674929,0.2401514366706535,0.26278060832085487,0.27300980382923823,0.19281805938803764,0.13947467245019596,0.6943154742284546,0.51312043045183,1.0,0.6295891683853976,0.6499832050956054,0.5600221629953319,0.2494593647521314,0.23346800649193689,-0.17539530810016668,0.19729546996518144,0.2175787712408452,0.2457157297621402,0.20522745323325453,0.11406565394962784,0.44376061453653914,0.0701650295558925,0.4488257693478868,0.2970971498890281,0.44024624155153524,0.3665527124555406,0.33360173788020053,0.23674379765750325,0.10935684516230885,0.41135743637556543,-0.20090629699041593,0.27910462754552673,-0.051613723477392806,0.39424546929985654,0.43960740733764664,0.49617327318560095,0.4071226090805496,0.1785017206942972,0.2765477210727392,0.2687765461514555,0.4182464864118236,0.2570405180992563,0.34736885063208484,0.19227426246601784,0.15680162235637218,0.3095656473303705,0.3240003892650738,-0.011425243840037168,0.3086072741585026,0.35003406069395915,0.2997545118647367,0.43885242144850556,0.24621261023133745,0.2610118545435372,0.24130284559945758,0.5217611733202742,0.48792493462544223,0.8240835789784303,0.6897730019557431,0.46757170796329606,0.4870428097404167,0.4239646019921582,0.6048080515085591,0.28554947590480584,0.31693554209870384,0.06396190225051719,0.0340834667835535,0.43901880087521855,0.25225789438987406,0.0899374978417763,0.4495870337059605,0.5037529548044414,0.5186517615814208,0.3986278406147877,0.4395069518347256,0.1121365943700969,0.029827436281388422,0.07166087477907637,0.2214792700652019,0.2874063330916123,0.22642600762600573,0.3553346580902781,0.25707191044391914,0.32434661714001645,0.42763279746600996,0.15360274243522976,0.2912801484230056,0.04277206960310659,0.1938524371446779,0.5144216431381043,0.16699785590285954,0.42065427924746274,0.4946601621728525,0.32568236192957195,0.13653786387651506,0.21674931358651106,0.30487617289647745
0.1739810829731062,0.24883141996992614,0.38349673048730337,0.32791501464452877,0.4037950205462896,0.26512247723270205,0.1512388988821186,0.17428087986463622,0.12536302317816403,0.542023362182898,0.2513396683084863,0.6295891683853976,1.0,0.4308426647077844,0.20861939607407337,0.2887751526355479,0.16809501834882545,-0.1382283416366085,0.023056901393861663,0.2421809517531055,0.10531817710933011,0.23020477226423564,0.06442964818599337,0.4635393612913555,-0.010133448857161692,0.2373433914405633,0.34278399869407844,0.4827797293352043,0.3288112660846526,0.2685018631356557,0.21659148200119918,0.2554443176106218,0.35170256381278864,-0.10589108739942678,0.3242499584051433,-0.08468555857968475,0.34233979701709943,0.37084875482264895,0.41970623043864524,0.29254212067845137,0.14688332633549622,0.27931181702030144,0.21321052648101235,0.26965239256754847,0.2188266169411927,0.26878439423762124,0.19850329090003807,0.19109148043158194,0.18264472863264386,0.11953890924159234,0.07588628437069336,0.28701953507136707,0.3666924083892902,0.4547306693789652,0.39487174657588,0.13874715457715367,0.13845761441541862,0.20925909721076594,0.29976079033366926,0.31830424832600324,0.5802309848720291,0.9074396717616442,0.5588418108360095,0.49746820740294273,0.3332140424236146,0.35159739945816815,0.0524942787451852,0.2098750898605866,0.0184492809583455,-0.0433967942909893,0.21641254563662105,0.09959692229452925,0.06691749150052269,0.27600149427560594,0.3679967603100308,0.31813786889929024,0.28594972829925697,0.344331641285956,0.06540751972224053,0.1703568367817824,0.031486521696819016,0.0718963173640476,0.27306003158069875,0.10555287630509631,0.2871960043823713,0.1164985606609972,0.17111110500705487,0.26947031696850404,0.027785364261071296,0.10542961993288316,0.02758445325522918,0.08516900068749235,0.3959406559116494,0.02924196905342663,0.3116396535540843,0.2731369428251227,0.18978484855739847,0.03349406213800703,0.02329469849799523,0.13474536099626744
0.14927844695792483,0.32568458855623467,0.5265798982260186,0.29904661449258985,0.4406229496874892,0.37303680124564825,0.16330297693604437,0.23907154001425213,0.35060318451920003,0.3779842347645103,0.2735952710572,0.6499832050956054,0.4308426647077844,1.0,0.43460660683285773,0.022932116774860883,0.17963798348134824,-0.2103632408200936,0.356896567285032,0.3674144323165353,0.3107732248413902,0.16577669369547543,0.10027028808754697,0.17720821600444517,-0.19873865559144746,0.2876904338108109,0.38884755563508283,0.42995112211936,0.44258183199444984,0.2823804187110931,0.31671893492053027,0.04352393333676368,0.42397401969555704,-0.11026090177649278,0.30010610612496036,0.15849366973369874,0.5531864799450006,0.3635468954540746,0.3574473628860866,0.16515826450561766,0.2838788411507747,0.14261228256877279,0.19368919695243117,0.42048162135181716,0.3076983446816659,0.3890390489375261,0.2910424656185244,0.25076361878392334,0.3783392651832321,0.4739113919679547,0.08694109854370913,0.336678319771207,0.03453471836357986,0.3740444955093251,0.516270652238745,0.3990721988894476,0.04817786916446769,0.3515543729357343,0.3782557785458438,0.3253832220474715,0.6219922209769926,0.526418227651005,0.4878260487397543,0.572023456359932,0.46935793237461115,0.49806937080323593,0.15364512210052456,0.32712706679349174,0.016286348411076474,-0.1262577053521319,0.3168507827681142,0.06290711946984609,0.07096082549309525,0.3051414382088784,0.2765445818382729,0.3613588490310753,0.3618469999905823,0.3066545492216268,0.24141654816056557,0.1488122706396818,0.043820573914845125,0.47817447237316707,0.42538824482261756,0.22349082224825148,0.4656991546041582,0.3177313380359066,0.45728540086669967,0.4208049625018443,0.27457628182791344,0.42200885891966383,0.2680937626550389,0.07178173530602827,0.47764708098283154,0.04096544016776069,0.2546295860291509,0.5106388656062333,0.3975488847669286,0.3022172413035357,0.3397461378572074,0.45625005886064623
0.0008570110092952733,0.1347547786996663,0.31043575713626476,0.2991439307610446,0.32505674166297804,0.3074958640585907,0.34949254274852537,0.4305522855196532,0.30977114579358533,0.446410128426082,0.44029960853746203,0.5600221629953319,0.20861939607407337,0.43460660683285773,1.0,0.5103369145472967,0.53265117768381,0.25088290969364213,0.5940375711576898,0.3849172340832964,0.7359903813855954,0.42849137809253834,0.5846117865697271,0.6120141642259118,-0.31610521458237195,0.4866990635663587,0.4108033614922665,0.5808823760237828,0.5764529161918575,0.6625825226260325,0.20629322333455763,-0.0693339444378879,0.209735393926837,0.16543451713865057,0.3321498419395446,0.12243328341950532,0.3277564833039815,0.20653651400569456,0.37894170127672666,0.44483109348954164,0.1306644587367328,0.3146093693591881,0.43237304151009737,0.24924422930224235,0.336923047945528,0.3469513324480692,0.18810143341427468,0.26313220258107856,0.16435317985085837,0.25455895325365957,0.04306715764293719,0.3558598346957236,0.5473506430721804,0.2590731724161746,0.31440061026718025,0.37098231786255437,0.41191418895864573,0.3981626053459136,0.49194158512505143,0.3829395163695381,0.5123780015005541,0.3065666506565709,0.341170432178409,0.343810528364553,0.6307616724585543,0.9036521853780737,0.3729834342597214,0.4222113395427391,0.5201272017805738,0.384509284485809,0.8750317847489711,0.5538818203792824,0.583546016468424,0.3611657861113989,0.7415421175392168,0.5356287415750794,0.6874044495509325,0.7726503614828488,0.09247870814223244,-0.10003013665087632,0.43701753890296313,0.2573717073354492,0.3532910164527278,0.46063339573875844,0.5024187801562711,0.398109866927851,0.44504944492430215,0.5971781421382582,0.38319379436130707,0.2941180163805254,0.08662560547984768,-0.1414303607922172,0.40113608895334785,0.1632087999020559,0.6175407865038032,0.3625470492765634,0.3351032082596688,0.3122486650405432,0.1885715339600701,0.28295960747012233
0.3338388810822458,0.3195506498021939,0.2772180564128716,0.5083937276501524,0.3676460951243636,0.25846033830760295,0.5600930155537788,0.6261464586871178,0.21220221394684488,0.41658599484933106,0.2855370310129238,0.2494593647521314,0.2887751526355479,0.022932116774860883,0.5103369145472967,1.0,0.4770453199685972,0.5732315017593895,0.36611664619622586,0.3191197897026251,0.43627449633909615,0.37362947836500493,0.49247780266061864,0.6292849095763261,-0.12777003214970742,0.19458473993984368,0.04437780544665583,0.29859939075285485,0.3595986644121999,0.5122243800107992,0.07991866240306753,0.08081494590702365,0.30195287928738535,0.3577465153503015,0.1656747335868132,0.1287636002481665,0.005937079514093859,0.2117806882852912,0.3334394133396584,0.6618301508677945,0.012730395555781513,0.09074196228130525,0.2893300125451929,-0.18549743740267344,0.09260980752169434,0.013666662611821609,0.06076856368138315,0.0787508667233621,0.14890740777802336,-0.05451753675162512,0.20714796120377155,0.5417349777702785,0.761008809087832,0.32265142986302464,0.2609576003054677,0.36595026663893676,0.6818213388929766,0.34742013585047815,0.11947931067093842,0.12192163604408582,0.12986154793358848,0.2214652304140312,0.18590239880773257,0.07378538065784036,0.3643726571001355,0.478752279379457,0.4157862745552317,0.17437434051526401,0.4866780647083181,0.6774347725426642,0.5778179251143617,0.607054411979998,0.5297515177223997,0.29621749566689654,0.5317621981870538,0.22010829578351326,0.4692333319337935,0.6224970971880383,0.12824013269550283,-0.11657708726801455,0.35617061902983876,0.0048477647268417405,0.07240176252388829,0.40180741566243783,0.11191610706521171,0.261200891072073,0.13792237451881384,0.26976865010120227,0.4427672205717595,0.03264491202488409,-0.06119547589047834,-0.19671235693425324,0.21675559205790731,0.04171023991216739,0.3853184224870028,-0.06783417458310491,0.04918948826513995,0.12313181140571605,0.2121190241682003,0.0867394367661858
0.023299398208752813,0.0209590989141388,0.31925072751758754,0.10980885201334803,0.13397781816926124,0.24188743333050802,0.24409274554307187,0.2912660218679073,0.3188042965149628,0.3200496626892566,0.3138198518909179,0.23346800649193689,0.16809501834882545,0.17963798348134824,0.53265117768381,0.4770453199685972,1.0,0.45908949643539926,0.7264152165033319,0.35825414614392137,0.5532665304238908,0.5804789843948654,0.5567369541263667,0.5573208517370954,-0.33944699245641957,0.22396083491079866,0.31288436001996556,0.44881635164448797,0.44162907433393295,0.5372219030667181,0.3425030372093461,-0.016920480412936364,0.130913925330169,0.5171323720997397,0.3134682576306942,0.2853564129851294,0.32588706917930993,0.1122762903038465,0.2581047185833263,0.3526411949182072,0.2674786826193047,0.278142452181611,0.3911439056471689,0.11475471591497698,0.1713551133420604,0.38397232450894525,0.34202129892942923,0.2936282958037853,0.11401708529702653,0.2685724959111471,0.20160791589363017,0.20568743179521523,0.4120763210683443,0.04438092726707665,0.23705772110413154,0.29472086504781164,0.3501489175519739,0.2747129463257616,0.376328288583546,0.3526898530524346,0.286227550549523,0.11672929439426902,0.18449123996622183,0.16040389390643198,0.38500670226558553,0.43357222907621745,0.2500070632775491,0.5012996430690412,0.6127346185359238,0.5202176589071701,0.5376990667055932,0.5002291641160387,0.5427704999858735,0.13686905311270794,0.617394812101121,0.2548509020590239,0.3958166561502312,0.4315380051420661,0.312457424132551,-0.01147861082596398,0.4335581025211192,0.23541590147826552,0.13099711504352549,0.38606556058315844,0.25133025060508746,0.33328153596463966,0.35121768990710955,0.3412347864849678,0.3558526317772148,0.19886736420456508,0.28107763640758565,-0.09872421511290257,0.12783590593597846,0.12265773868384455,0.43554366832104324,0.15347089458764585,0.22853635882407558,0.24930858360880115,0.20126817274116862,0.2216676241331789
0.004396497870029415,0.2051395546681986,0.2862620821286521,0.06874138672543313,0.08920605621113235,0.3458243472746736,0.2186476805766146,0.6392894028862122,0.4242888944436247,-0.054833008422566075,0.029285918335954595,-0.17539530810016668,-0.1382283416366085,-0.2103632408200936,0.25088290969364213,0.5732315017593895,0.45908949643539926,1.0,0.4200250275566357,0.31863386794496296,0.3846959180534235,0.4192384845031691,0.5695481699832678,0.29092855416278185,-0.3442672869793972,0.1722246812892208,-0.06255866444408867,0.074640008287579,0.20210705417376917,0.32827602660815136,-0.11764124200672424,-0.12388679759111702,-0.0447152557377358,0.7258475148250347,0.14296230721176334,0.38741920395292406,-0.19669187471943092,-0.15356036276993493,-0.04894223494658593,0.2535857905691118,0.009473432245459852,0.05365736511494307,0.19705602591751975,-0.25717864441577276,-0.03215203940367102,-0.11841663291989615,0.05250764109589553,0.23408329644732837,0.05847535110404839,-0.19022662133612098,0.29605963289792153,0.3466877727947038,0.3583702978191738,-0.10898323334871558,0.20531535179831045,0.4100697263489317,0.5781430628751697,0.4884140620493856,-0.04875388087860894,0.017615814207547348,-0.1589802510759726,-0.21752383463768526,-0.1127864159046175,-0.17521166288388915,0.13962530097410444,0.10197175316827238,0.3039092886808623,0.07952936596881484,0.45972676103205473,0.8067325618400623,0.36314036459069093,0.4458764585668139,0.4908334353584535,-0.005229964620827565,0.26649746192893403,0.004674320120295465,0.16203315659443288,0.29680834031813,-0.09331845336196315,-0.040910503564600735,0.3117385394397722,-0.06886538648685131,-0.08720322462164376,0.32526641319956934,-0.11699455970666993,0.0752411716878722,-0.020204905762107917,-0.008513603872559637,0.4100860464167208,-0.09628973878430006,-0.07191358315361215,-0.2586274011219624,-0.21162835231000568,-0.13029549614031122,0.06848083026473165,-0.23675478497813524,-0.16235420702711312,0.10475782375709859,0.16181582810488332,-0.08082743942062288
0.048920279501854146,0.05165219936815431,0.35250634616119314,0.1335682004841589,0.1854801716063337,0.23535085471579759,0.21475825334497026,0.28777216682999446,0.2863195978637493,0.17952661110482465,0.2702779910932243,0.19729546996518144,0.023056901393861663,0.356896567285032,0.5940375711576898,0.36611664619622586,0.7264152165033319,0.4200250275566357,1.0,0.35455940630777205,0.6983637911137408,0.45902689187023893,0.5359970271438351,0.3906888699575837,-0.38009944313885685,0.22134436983965308,0.2846760956227109,0.38167298503254593,0.4070026930718558,0.49428050876027146,0.2763743868189984,0.05755869392047528,0.16509240536480954,0.4108419783306724,0.22602732469234285,0.18432179363372267,0.35564793628609964,0.1897432536843982,0.2403155559723948,0.27964939446107556,0.2453016395848703,0.21426225410466526,0.33378786850215114,0.10997448978591651,0.14803929224362708,0.3580518060219449,0.274381079819023,0.2795073440457351,0.16747286226711575,0.28150075871404945,0.22984934415481967,0.20246194656233935,0.32757610586447067,0.04912511463115732,0.1937136020336118,0.31093827867791035,0.291140010414445,0.2949893854551305,0.3480533403233916,0.2934596771060868,0.25813307298607263,0.07318186259487432,0.19332276718919425,0.23221711268013642,0.4585536520887454,0.5012841436028059,0.2619213456647945,0.5365330516392913,0.6088563332707263,0.5082173450688474,0.6162774864611125,0.4261598789197119,0.5902697035110058,0.18830783816142693,0.5607051665149146,0.23204523952566364,0.4058207708315088,0.44223747454769957,0.1957807887408323,0.021069765196943535,0.4133878984818582,0.2876285467968049,0.13760761201873142,0.3293820804507944,0.30001126200809014,0.31907348597607765,0.3959935488681089,0.3288529899846862,0.36137625662626766,0.2838967803606494,0.2765564624894901,-0.09229823837865464,0.18003438247899764,0.054608574586870975,0.35511897507096424,0.2298830909385746,0.27395649802424277,0.2669660974316941,0.1995675701128948,0.2883019128540544
0.2306379866205827,0.2707071753482196,0.3727228777990199,0.33038873140395986,0.36346841459241747,0.3559625049835347,0.38851950563335624,0.45004850117250406,0.46110428109347834,0.38300073144163066,0.05688449814628205,0.2175787712408452,0.2421809517531055,0.3674144323165353,0.3849172340832964,0.3191197897026251,0.35825414614392137,0.31863386794496296,0.35455940630777205,1.0,0.48357866450687337,0.4503451588295678,0.6228429535173553,0.41471327802002206,-0.3411343309820467,0.1823424339740511,0.5331346197916176,0.5847828748481395,0.809129835598291,0.4554887945025726,0.3441950845866727,0.01931022358814004,0.2500933922253719,0.4246709297470719,0.4781713331387008,0.4474758985273851,0.41831711918731496,0.1313487093037492,0.32641603018687865,0.42093837996666134,0.28553792786827137,0.2590166661957815,0.30150463507968944,0.26505969254337636,0.3268037256434646,0.3737698124935253,0.3612216492681346,0.6358629284662642,0.3582677690621456,0.3096886193332894,0.403344540400378,0.41754660097295976,0.2880388888365683,0.24586955225098808,0.5016010095778044,0.5596778516327007,0.34759200907250176,0.5394949205204796,0.36697807872572197,0.08112723631215292,0.26904965955002214,0.2197589695776788,0.3747115828334102,0.4187550423953615,0.5413091863418187,0.3966516925182625,0.4861465583002929,0.3588239171995517,0.33166953906620333,0.3422645896960345,0.5212259338437728,0.4286185170884228,0.4908475619135518,0.39052704607454425,0.357795817911844,0.29993972669824737,0.644111267026423,0.5342867188407435,0.2872226878753347,0.20613940084570975,0.47347817761160765,0.4346882269289811,0.4497016157639798,0.5329692343129859,0.5777729642849295,0.5185120656476712,0.46521589504910793,0.5475468452263231,0.6760262942278896,0.5240920549114892,0.3520007910870855,0.11787511497446233,0.5160100957780436,0.2085754467915454,0.4115034107782476,0.4100122744067632,0.4930797511057356,0.5826717396695642,0.3702375341931723,0.5320437358145843
