0,1,2,3,4,5,6,7,8,9,10,11,12,13,14,15,16,17,18,19,20,21,22,23,24,25,26,27,28,29,30,31,32,33,34,35,36,37,38,39,40,41,42,43,44,45,46,47,48,49,50,51,52,53,54,55,56,57,58,59,60,61,62,63,64,65,66,67,68,69,70,71,72,73,74,75,76,77,78,79,80,81,82,83,84,85,86,87,88,89,90,91,92,93,94,95,96,97,98,99
1.0,0.2711984655421929,0.20865078841873622,0.2102643549344057,0.24225629338029628,0.3601989018957837,0.11540767668396384,0.27307729737026326,0.10285230843606478,0.09995479502368552,-0.48119284631249826,-0.09842127898690625,-0.08745907223064583,0.06050560510313955,0.18666923037688363,0.07750455973806228,-0.2682978128953473,0.21734489827310713,-0.11795207250379676,0.3607655337169478,0.02075741124497931,-0.24197533189556394,0.01714649865483803,-0.29590581040907366,0.16179300515776224,-0.5326574561527426,-0.035826513346455334,-0.27309613277706096,0.10860813744830417,-0.12658021214946524,0.02965320876850971,0.2657189317812958,0.22077137269305508,-0.2239114798318013,-0.34123492038704695,0.10568315458656882,-0.14588577655470789,0.12269153359905291,0.08194500689061965,-0.06929703122596524,0.005251939262091546,-0.5665161140957407,-0.2912424776094102,-0.07730364873222016,-0.014663375699956249,-0.03880407723772481,-0.18563235169471573,0.09998858103015573,0.4376736389064163,0.2519141482158161,0.7044536319373158,0.45369158277062555,0.27828685696706,0.3845326778611768,0.19391208259953727,0.35227390448565216,0.32000885264119494,0.05580774072434696,-0.006066570606091998,-0.431737346530675,-0.2600510439524218,-0.12485677242747584,0.05360870698071568,0.2068896778831514,0.09579695415539818,0.2790560789141284,0.3967099240266026,-0.13851799037118995,-0.029830575515854704,0.2850817299693297,0.22251678705630845,-0.12512601088295497,0.2132609216015474,0.15707316613770567,-0.4097752622045588,-0.15468734794333053,0.2160970525727596,0.01142839204360752,0.3521891451550625,0.3012315216811228,-0.11053087594059313,0.05292592348429912,0.15181494840668155,-0.013972732609425866,0.13995335097583103,0.26995689831077796,-0.031960546101227755,-0.04961560073960364,0.3427998293825662,-0.03567741370928048,0.2534821958317245,0.4421329214657714,0.08803355213797563,-0.08154946334786799,-0.24430464386954598,0.09745757224853607,0.12559135329258608,0.23161594904394397,0.42178283403809147,0.26028177768569355
0.2711984655421929,1.0,0.7453829709087142,0.6285029932600636,0.8259686892754333,0.6755585482924135,0.40929652894845064,0.8027399238421719,0.6282283102442638,0.318423539235722,-0.11946670684886783,0.26306470904005347,0.4723590405243777,0.25545520469378336,0.2537978880784335,0.3314074129882687,0.19940574291553262,0.5968799148639613,0.051762857426513494,0.26375220138816946,0.021163157458962988,0.33468791300553447,0.11505137357204072,0.11400129964306904,-0.34928064442205126,-0.14865060006466824,0.19845455487224886,-0.08240176550546384,0.2662676174888595,0.16773714561966918,-0.0279784271807477,0.011820787382788833,0.18917968664161558,0.08768277709347475,0.029859625151715672,0.3793664316033428,0.30473345730700657,0.356684668875408,0.31973573924262827,0.38358148981789303,0.2609253207512816,-0.10839628157388981,0.24253411563056232,0.08089807219611425,0.1045609188546816,0.08923273970409576,0.08487391264766174,0.07334117880655455,0.32608013209898634,0.41943154742284544,0.22691799377803729,0.6834882545542444,0.23764789718379276,0.44224593390655753,0.5970368765872754,0.41748522205375,0.6265755032977658,0.6450342019595101,0.013993137633456705,-0.0379156738837667,0.13129848155228865,0.3374410216324647,0.3657396507287733,0.21763370784400515,0.22102033048323586,0.3029903966856183,0.32078358462263556,-0.012167677565963144,0.17997545118647368,0.4508270313201423,0.12990623106649213,0.278537320215012,0.14465368330597494,0.32570185434579924,-0.10757214745612136,-0.09543586700947107,0.27905910864576566,0.084400739290323,0.14425567181187196,0.16920159849819022,0.18808252419564964,0.2235386078750836,0.2746908638859328,0.22276321696191168,0.11442509629601726,0.30412746547626895,0.3029722271926768,0.15138016443310134,0.3809117203757487,0.2334429842202573,0.24842331948930935,0.13451619688022878,0.32783339454840543,0.16782190495025884,0.23229864165324643,0.32200160807351114,0.22671551315496202,0.17165262316498278,0.14769470316968505,0.3846331333640978
0.20865078841873622,0.7453829709087142,1.0,0.5437829031012498,0.7381658708707295,0.7834744419225927,0.4211110378623069,0.8118641088184235,0.7163937102298233,0.2991125384163818,0.016052475443338387,0.3801911165943073,0.32646939717280543,0.11304069389638642,-0.022283088538260425,0.2899459737748353,0.21251675566396377,0.548377172742655,-0.05975456670503534,0.13958449092604278,-0.10100019973387907,0.30237420302684986,0.042875664340493926,0.19728048118185898,-0.20116371421665113,0.1401558315989063,0.028108705411098448,-0.2054330730907961,0.16072415889085762,0.09964715004598979,-0.27648650600064667,-0.29710813720966006,-0.13600419401724695,-0.0659184559983193,-0.04515398147301919,0.36877621997569143,0.17478558039171943,0.1921220095346584,0.33306178955199983,0.3110400597710242,0.17114478463281943,0.007797079724848284,0.17518497939092573,-0.028052199190705354,0.020684432131665965,-0.1683304609337967,0.03252874753962499,-0.07600717472319393,0.4391710537468333,0.354579672201137,0.1546025886127409,0.635362220568892,0.2761286332714904,0.37927759936461897,0.657930177147001,0.6117536077652104,0.6708638231480871,0.7414291050984307,-0.079686327692129,0.1409312225120782,0.25081384653538386,0.09950902372947333,0.10332162398877409,0.003655638535986614,0.0037042995773813687,0.07585178255613635,0.2957136483373462,-0.24875696076467416,0.07299504942724667,0.3999321925355283,-0.029739537716332497,0.171739736955606,0.049176146508202664,0.3524230181228006,-0.1215935381997746,0.09105663492900622,0.18029565310203455,0.07953963090424244,-0.031058016192171377,-0.15030968548009882,0.06046322543784473,0.1742698925440042,0.16530894775999924,0.08019488367566685,-0.026218886262396053,0.10221661345664246,0.17065035520437985,-0.03395395998731749,0.3866682938371999,0.2365084478794841,-0.013131417772462007,0.03442327554002681,0.29913765229211203,0.029433462355869897,0.05424911081183743,0.17005789143033126,0.0017281485736888203,0.10390006871002934,0.24087189098066544,0.3098628468461681
0.2102643549344057,0.6285029932600636,0.5437829031012498,1.0,0.6524098333380421,0.4333619003669765,0.5337295047229783,0.5942759198741795,0.39059140038110307,0.36663433255166394,-0.01435728883154554,0.34724799010513296,0.29073863047757176,0.2039670505950419,0.16263994129631948,0.5193282666089047,0.31779569234246535,0.629972154990284,0.17475811207936076,0.41441505074572516,0.18232523972971013,0.41902972541116124,0.22734492966545178,0.2251867059698822,-0.15245064338610387,-0.127198641339323,0.07287261928306163,-0.20907458507168442,0.28204070725412833,0.06471374890519198,-0.11493679151402139,-0.021393882887719002,-0.06612326518055307,0.08810578910379815,-0.10338680367338461,0.27447122517700534,0.058147278027591294,0.2806209879096477,0.11660686425008397,0.3386747407777139,0.07696461140986159,0.025967767884829393,0.07356952933457647,-0.025636558268900544,-0.08271889310508396,0.00905983066969289,-0.10651893429268339,0.004316449084932747,0.435485592483417,0.4352423018122801,0.2985725900881811,0.5441031050168106,0.5253399006118368,0.630559191835479,0.42670358406399017,0.30884887411355866,0.6705655958737902,0.34575999296811477,-0.038491723408329646,0.014394959645140936,0.1919327952685458,0.20374102571346953,0.20175075106184606,0.16127974032252496,0.1879884946967095,0.20791785875873867,0.4701366470059313,0.019932577065294887,0.24082637208090435,0.5419637167280387,0.22507997199802857,0.3906990724736026,0.21167874618883534,0.5040637390166034,-0.029020653023553677,0.002649513889542896,0.2711121365943701,0.04055580189846602,0.16319153411249132,0.11042571158597264,-0.023767144144228987,0.04626289832961334,0.07117586305403564,0.14575308665228898,-0.07617980279329083,0.2815626481326264,0.027416504211283037,0.0008570110092952733,0.39475810423128843,0.058676239242726684,0.23983594360679206,0.2805737892757472,0.25958172839971244,0.3007151176114193,0.18248683875950011,0.2761310960523931,0.1237705973021419,0.034736427808765145,0.2625027860705888,0.4349566314758483
0.24225629338029628,0.8259686892754333,0.7381658708707295,0.6524098333380421,1.0,0.6081325008083529,0.40324565451469,0.7544271054060757,0.575371449918223,0.3395427391076412,-0.0023732612565099875,0.23445215649711662,0.3162119485542256,0.1359335612417556,0.11064711445268849,0.2493933429393908,0.11236732810336872,0.5661625056113816,-0.02985177706247034,0.24981870920957217,-0.011429172367977379,0.2609786877372084,0.05372956750766758,0.12664613607325717,-0.29016728980470824,-0.062378158462277386,0.1271044643053345,-0.19354479216698217,0.19999992151912294,0.06765992045179862,-0.10210203139862313,-0.06263714530574574,0.02839594536476335,-0.029759954418299952,-0.092625503700185,0.3527512065456475,0.2429164127482979,0.27444297205572216,0.15781088623728218,0.2312658335138393,0.17104746836436466,-0.034246720478430255,0.11056540751972224,0.09951687181563904,0.10357519845866656,0.006713252906146308,-0.05019792873309915,0.028617272624179575,0.43705991856825793,0.4523260157777924,0.2122828826962257,0.7092754960775265,0.3640585906720787,0.6126247453296039,0.6673384628424512,0.4190783835453886,0.6098622189992748,0.6036575220766663,-0.06043654194488132,0.0158829567821591,0.1730063506713253,0.15900536495170287,0.19122332827916586,0.03490828726506754,0.048128426182820434,0.15762651806572497,0.32285940422802595,-0.2312078484031867,0.047575098336519656,0.41036700790145314,0.04197941290037011,0.17862643526838504,0.027241513269170486,0.3309428062872588,-0.17704968466389787,-0.07453327431572537,0.18641088184235394,-0.0288488025773224,0.10726450247842562,0.11184464556473259,0.002855133747084436,0.11358535107628653,0.1777952528496401,0.05276582252651868,0.01074716919532003,0.15577666230313075,0.1880542710854531,0.017477687891030894,0.38691629345735246,0.15796320109434972,0.17450533512897545,0.10901933454507784,0.23915629934484176,0.1574216211634631,0.09009916841678989,0.32752430847545144,0.12838527196757799,0.1188294888814249,0.2847662369054682,0.44115034107782475
0.3601989018957837,0.6755585482924135,0.7834744419225927,0.4333619003669765,0.6081325008083529,1.0,0.3327431572536721,0.6505466976823032,0.7147079413214293,0.27099598491911764,-0.2211873212598376,0.3472448508706667,0.3650757026391544,0.1772097856216783,0.042571192007515885,0.23460597898596447,0.11744190061811527,0.3451242979886925,-0.05820378427015768,0.11516281639559377,-0.1632936233097794,0.07825326715827079,-0.08860175357637287,0.14969439552470734,-0.13202835356569947,0.027289365215398573,0.040064479875937455,-0.09326351675880319,0.18348283289339665,0.0579675340371497,-0.15550040967009784,-0.12929094111110065,0.011244737858225893,-0.03856158650694009,-0.014554281505468687,0.44875766709272163,0.2555698870385471,0.26727923619258287,0.4449645109543587,0.28403793450929055,0.2640818210071292,-0.20429133688335,0.16911997840206688,0.04331829640023984,0.04880807097816201,-0.2047079099290847,-0.07436218603731294,-0.13045407867161105,0.4866645319872296,0.3353832534398162,0.23009489905791575,0.6362270796643531,0.11724412884673943,0.2633833413383812,0.7477311182894939,0.8082900903785603,0.48826711118226707,0.6861518949988856,0.03965010092638809,0.026543797029656348,0.15624126900414065,0.1400851988234149,0.1770324188743333,0.08643254256017127,-0.02221245570733578,0.14242006034396917,0.27543732496310575,-0.2624102816247787,-0.017509080235693725,0.23714718928642062,-0.04131232557628497,-0.023733406686809306,0.0253100977479977,0.3297326314005067,-0.1696473697924024,0.15647514197187873,0.20359191207632107,0.13266886151652774,0.09326822561050262,0.013402961553795492,0.11441410897538526,0.2405909294959331,0.26758677628873423,0.09128736866227802,0.11305168121701842,0.056757359150397584,0.26285908918251194,0.0115398258980565,0.42473858995738223,0.23223516328540067,0.10258704312366386,0.2082458271725857,0.45846321915937577,-0.06693789652455352,0.05374840291446528,0.21010276680463916,-0.00802388329581948,0.03381584694028767,0.3132390935146555,0.30806092626252163
0.11540767668396384,0.40929652894845064,0.4211110378623069,0.5337295047229783,0.40324565451469,0.3327431572536721,1.0,0.45833921939795763,0.2435873287940003,0.4297156795343887,0.0012713899588446362,0.3064803217087481,0.2737239796703176,0.09291349211581264,0.056432492671861165,0.636271028946881,0.3501800350966413,0.5585875328442406,0.1504635670115102,0.4119837136515889,0.21075729744769986,0.4072434696075015,0.14145076581624805,0.4741907838354539,0.025788811140515275,-0.127719754260726,-0.07513286809878543,-0.3188771586160999,0.37461755280099224,0.055821867279445235,-0.06820143839723244,-0.05626920819089057,-0.18118876530769207,-0.08222129178764802,-0.2241359351842178,0.08585181787253872,-0.030142156364547635,0.34771194844121966,0.06351142210460557,0.6469836665630719,0.15204254290548708,0.012951706763882359,0.15721600130592153,-0.07430881905138613,-0.16167227151265184,0.08368100355047418,-0.043975966020926134,-0.0997868851365507,0.4014986705342035,0.41358001437769387,0.3052622987358303,0.49349079733416207,0.5918901016798044,0.35763885618852986,0.39471792408703216,0.2228856471060967,0.5507441555302324,0.2546029025361875,0.033145607112249606,0.08605897365868359,0.06342823239124908,0.1376617098154444,0.057108953410621284,-0.002059337809881682,-0.0014770109755575713,0.052949488520407734,0.735088924737273,-0.06122843786530874,0.09910877133502224,0.476243843176403,0.11188545561279427,0.29168522412771714,0.151705194259952,0.783267252447818,0.10887336014239568,0.012359166093756377,0.27538149546851504,0.07021531241295685,0.07981346668801347,0.11478139940794038,0.10173944981776743,-0.05291807539813341,-0.03885744422365162,0.08024825066159366,-0.1150278293135436,0.21096911307208624,-0.08082743942062288,-0.049670537342763596,0.31772910828835227,0.3152255678190913,0.2330646148630195,0.2718828186558426,0.2794201206093882,0.44207955447984454,0.27242590621850954,0.23611133456367028,0.23136942825122667,0.024086570702849256,0.3572731353732079,0.44142345447639136
0.27307729737026326,0.8027399238421719,0.8118641088184235,0.5942759198741795,0.7544271054060757,0.6505466976823032,0.45833921939795763,1.0,0.6953859531814571,0.22431870763995493,-0.076980307582193,0.28878916587401,0.2837365680005274,0.1298638514011973,0.08848488653623246,0.34463300779471917,0.18955639477756955,0.7221965851407476,-0.03521516125273041,0.2438824168338309,-0.009989047991458909,0.31731381985189094,0.12830679110592091,0.15117611419279295,-0.16593051618432328,-0.03682165067226706,0.00021817679540667213,-0.2773686308856722,0.21624703587480978,0.10156993115658816,-0.30294397408248025,-0.14938047207807903,-0.05138142012688786,-0.03431890946091347,-0.1472160276817917,0.29806964472879494,0.10136121183916434,0.2438942846682663,0.27893981773604687,0.3755937077184358,0.13956879475371137,-0.13142964773841645,0.13155746839575702,-0.11115087474768404,-0.06164048673870497,-0.14523511296535227,-0.025653824058465103,-0.04619071406232758,0.3127996006893759,0.2807087763577974,0.21817836502390528,0.6829938251258049,0.3590420939949584,0.44446537267421965,0.5196657343140302,0.49323181049069376,0.866136763888758,0.763292303538859,-0.06141284386389535,0.0011834913937887107,0.13774019067710147,0.055021362490543055,0.1325431880181699,0.0960495873476294,0.13889239873022144,0.15325591716499942,0.3235241373871056,-0.09957184749122859,0.22063795522823804,0.6280321080901211,0.11752352071423862,0.21265104138259855,0.1294935233618487,0.34906874609557714,-0.09245202464926904,0.016551613723477392,0.24825066159366377,0.011367176923472827,-0.08854053850428034,-0.07326816282581329,0.14929414313025627,0.0811413628672512,0.05610439838141071,0.10471387447457063,-0.028720856132023645,0.12777155162941964,0.10100172971819092,-0.09385997130739698,0.3724679611566957,0.19231664214794264,-0.054385667511120735,0.0908447366025321,0.28452137661709814,-0.008262465115256993,0.058951684042329436,0.07164913076526092,-0.016758803198252074,0.014629623162223876,0.16793491739104502,0.24786139651984468
0.10285230843606478,0.6282283102442638,0.7163937102298233,0.39059140038110307,0.575371449918223,0.7147079413214293,0.2435873287940003,0.6953859531814571,1.0,0.30752882602048665,-0.1041268376293757,0.3921924099589074,0.2613444085525304,0.2709316306125588,0.12584180600304457,0.20040558909304376,0.1903302160735083,0.3853991065738709,0.018654123327230262,0.03810559756897683,0.03492164271495499,0.17093288630634534,0.036827929141199624,0.09239237919440965,-0.16622246498968762,0.044828268178521986,0.11537628433930101,-0.018403762058584395,0.2635561026545972,0.1348615126715199,-0.28242750722808735,-0.11531349964997535,0.09050256004570725,0.14523909400089252,0.12014482863894259,0.5760254215307278,0.32046338258142604,0.3048378368939695,0.4432426408496024,0.2873765103641826,0.3775447419392307,-0.10735170048543756,0.21527928199429286,-0.03273750663163281,0.05712626403338768,-0.12745291933109193,0.10226684120810299,-0.05450576461775712,0.29747228840774886,0.31583053156657215,0.06360089028689464,0.488920071951254,0.049334639254871304,0.19786751802705393,0.6020988921641568,0.6073869326226107,0.5398886827458256,0.8696197445290992,0.09896122731510694,0.032640190363178036,0.2525655393675698,0.10682030080144655,0.18034431123626193,0.15760997523144007,0.2040535396859037,0.19753405187823952,0.16543301243805697,-0.13912857171447682,0.11152601326640485,0.3089336334441483,0.057743078772810465,0.05842980924042325,0.03452140370980387,0.2535496893727496,-0.0581715842774581,0.17292159134073565,0.23495286439448876,0.11735644858129725,-0.17084184850682313,-0.06047578237570986,0.1653152262289318,0.29345249867367346,0.2322327177294545,0.14635738928704847,0.1290853212535591,0.008769451481561706,0.3075837626236466,-0.015744830465642647,0.4138540749830309,0.16484048170003437,-0.012114305805386298,0.1422277263466531,0.42170278355920127,-0.06154783094594552,0.04309698037036688,0.05230045153981876,0.031216547532718672,0.020790373219809706,0.08160439995102794,0.28143080028504247
0.09995479502368552,0.318423539235722,0.2991125384163818,0.36663433255166394,0.3395427391076412,0.27099598491911764,0.4297156795343887,0.22431870763995493,0.30752882602048665,1.0,0.14549253019158748,0.5104866127346185,0.23463580171339418,0.27438478852547016,0.13693273007667878,0.3525658532910165,0.2506631632810023,0.209058888899353,0.1274200073693656,0.06964862548618894,0.13523670425771653,0.18935705338896056,-0.1464908067518655,0.3343551541521085,0.26934160835538645,-0.03244084897456906,0.007124492621229387,-0.20452426471280713,0.2118065869798008,-0.09750776175721788,-0.036014867414432314,0.2167013552075191,-0.008246768942925578,-0.11518640585374167,-0.20487593936724788,0.1603678556391195,0.09714835753226998,0.39278352497716285,0.014322757252416426,0.4385965738395035,0.16638570518193432,-0.047754856988152315,-0.042709284913780926,-0.06509202665837908,-0.07607155890584238,0.0137812393069826,-0.16356039416227958,-0.16595412556394704,0.30505040040935616,0.3129283093024935,0.16633704704770694,0.34589027119846555,0.3884237589821346,0.32600008162009614,0.35458438105283646,0.20902749655469016,0.25053602428511784,0.22058458824231122,0.5954421454784037,0.2269336899503687,0.28878131778784427,0.10346288953975684,0.08355857340628914,0.1243529252956374,-0.02878130898332774,0.20348525795297498,0.4782696218908691,-0.17147211711234014,-0.03984630308053078,0.0731928211986225,-0.030059739631893366,0.1640352677434633,-0.001534302049529783,0.5391415449428503,0.13157002533362214,0.20854719368134886,0.20671074151857327,-0.06636896236449369,0.21596206549070943,0.23939017231257986,0.11618306759713576,0.1556338271349149,0.22122499207343296,0.0851407475772958,0.0175687256905531,0.04178791959792685,0.11410646399768952,-0.005076142131979695,0.2805903803615909,0.2161528588038658,0.367078534228643,0.39248121952980547,0.4028485413547052,0.27886290649162293,0.014046504619383516,0.2218191792389957,0.1780683662482067,0.12176938311272638,0.19714235486534254,0.3938028372401106
-0.48119284631249826,-0.11946670684886783,0.016052475443338387,-0.01435728883154554,-0.0023732612565099875,-0.2211873212598376,0.0012713899588446362,-0.076980307582193,-0.1041268376293757,0.14549253019158748,1.0,0.3905631472709065,0.09040681339448563,-0.030770776238506478,-0.1923802871617574,-0.016135665156694887,0.22451961864579703,0.11033781302091672,0.08088319257131886,-0.15188401156493977,0.0461130179787988,0.19386342446530988,-0.11969901019937278,0.3340584964950447,-0.19323086872035386,0.5615713752044427,-0.07077247142511828,-0.07909772122970092,0.011426817941203779,-0.24233791347641964,0.027901515936323767,-0.36413864115096894,-0.26646136073257176,0.07189948481218703,0.018817363583533173,0.03318564537388748,0.3206595848125593,-0.12160457323857439,-0.17702300117093445,-0.09228721483978918,-0.07113034415427454,0.6157330706840332,0.050318789260051046,0.29696059318974477,-0.0700630594218526,0.005622368929112946,0.013104734279498601,-0.22887775070624755,0.012555368247899067,0.16003660347387685,-0.25945301978659485,-0.07403099680112007,0.13077736863088568,0.0916876210567291,0.0028802476228147003,-0.17441115809498695,-0.06764579389670035,-0.004109257916364515,0.06979930874057053,0.6471987041240124,0.4657478127383856,0.15313342688252043,-0.14592103569623513,-0.20231424364854386,-0.21289206126227422,-0.19649339524430848,-0.16034509618030807,0.0706139677938016,-0.060555832854600075,-0.0349710719543932,-0.1778140882564378,0.09715934485721345,-0.24725022465171892,-0.11176459508584237,0.38156139243883985,0.057614370159692854,0.017716269710468406,-0.20816123120878804,-0.1306078499697064,-0.06896898122423865,-0.08756580620249946,0.05789376202719205,-0.08712631337721984,-0.17599333226599362,-0.30736244659377365,-0.3183984253599917,0.23917513475163946,0.045906595217690215,-0.026921300538263273,-0.01365253605118001,-0.05252567108984803,-0.2872101309374696,-0.21323250112227632,0.2221071169584585,0.21522434539113292,0.29664600133969166,-0.11810741832496727,-0.22306074695760728,0.0024894129317624605,0.16218854870051388
-0.09842127898690625,0.26306470904005347,0.3801911165943073,0.34724799010513296,0.23445215649711662,0.3472448508706667,0.3064803217087481,0.28878916587401,0.3921924099589074,0.5104866127346185,0.3905631472709065,1.0,0.5092889947857315,0.33088159121516625,0.1254784393283989,0.2888284063048385,0.558392900307331,0.33849737403036895,0.2660792633469716,0.012294811787197574,0.13886958476938085,0.4361432621041033,-0.06508260895498023,0.5071590242003585,-0.04442644616683775,0.39924626980464545,0.10428536896992299,-0.019050444358638702,0.1689764247323245,0.029108551588609602,-0.2656090585749759,-0.24231279960068938,-0.19968670440026495,0.1494974672254098,0.08905226866678523,0.3659626799812398,0.2364919668920689,0.10773150587960055,0.27305218349453303,0.2888064316635745,0.20510659270630263,0.17884625194736298,0.28843286276208685,0.1240013310354137,-0.06782085944461139,-0.0170962709033775,0.0021252617336736264,-0.26948062522589855,0.32819283689479484,0.35018474394834076,0.07939751812123096,0.28328137900291633,0.3359216321507837,0.2838307450345159,0.34463143817748604,0.2927367532153609,0.2788236660607944,0.2879902307023409,0.3351682158788758,0.5020153885273537,0.7833802648886042,0.3587564236585266,0.198933288128357,0.16246009248184737,-0.03759079261809593,0.195584586509699,0.16518893686252714,-0.05766148130330522,0.07002690323937605,0.19037259573880314,-0.07568223413038497,0.29505362403181373,-0.0004944298164725132,0.2529249817139592,0.37130708305472626,0.3797374972139294,0.14450053210024202,0.16396626889923782,-0.14039284380111067,-0.12399505256648113,0.20536087069807157,0.2802975366427143,0.27402534617908075,0.18699791868754886,0.003958574661982929,-0.09908365745929197,0.19923622425435333,0.01043795460039115,0.30356173758267846,0.10631492577081808,-0.0065468734794333055,0.06524427952999381,0.3131825872942624,0.18690217203632722,0.20406750609796295,0.27856164929167254,0.005024344763286025,-0.08468323738390875,0.1740689815381621,0.29710028912349434
-0.08745907223064583,0.4723590405243777,0.32646939717280543,0.29073863047757176,0.3162119485542256,0.3650757026391544,0.2737239796703176,0.2837365680005274,0.2613444085525304,0.23463580171339418,0.09040681339448563,0.5092889947857315,1.0,0.46119749237950836,0.4127335297973716,0.27942169022662133,0.5141814917014337,0.269702620319009,0.33553563797708663,0.06884812069728675,0.1650790636130925,0.43912396522983904,0.14785637374469862,0.26613644996531144,-0.3991442446844912,0.09925317612047126,0.2937632828858355,0.2624180267399992,0.2702136367614126,0.28838263501062633,0.09072858492727963,-0.12663671836985832,0.07497590637547127,0.23703505466784588,0.286851585961517,0.27984481188328436,0.4536846975209412,0.19518904281173424,0.2606726123767458,0.22170843418124056,0.19739192400541203,0.013225605186023481,0.34951451738978934,0.4059422569212272,0.23777679240625907,0.23195175624472217,0.1398952751382048,0.06582113969167717,0.14192322060342366,0.3012409393845217,-0.06352240942523756,0.12970061120895057,0.01922153263705113,0.12423520400315179,0.20993787454991225,0.15191697352683575,0.17139592339012208,0.2116299219272388,0.16280697789037166,0.08359153536818512,0.44828268178521985,0.8478146219262971,0.6702846343890578,0.42212658021214944,0.3115606323993755,0.40973304332030697,0.027629982997116775,0.2712535085864191,0.21776869492605533,0.14059532442418593,0.10626308668368131,0.3839481461047678,0.1820435647605519,0.08381285139805807,0.2822407227773435,-0.02577625420265014,0.1875331581640501,0.30768916845547245,0.013225594806450499,-0.0530499232457173,0.239713513462607,0.21652555807740725,0.3433396431946106,0.26866039447620305,0.1232604717013709,0.13228891002640097,0.39432551977874675,0.2722312736816,0.10287667787243801,0.055051991629232244,0.10665235175750042,-0.036691372441916316,0.35761531193003276,0.23596526750986505,0.3949674932271016,0.390874869672698,0.21355898150676975,0.09665549752766311,-0.022732766387588723,0.22635764042580575
0.06050560510313955,0.25545520469378336,0.11304069389638642,0.2039670505950419,0.1359335612417556,0.1772097856216783,0.09291349211581264,0.1298638514011973,0.2709316306125588,0.27438478852547016,-0.030770776238506478,0.33088159121516625,0.46119749237950836,1.0,0.8228206828627666,0.2524964762093116,0.4291851489095869,0.2623929128642689,0.7318374613629319,0.27222970406436686,0.6248271948849774,0.36525149976926624,0.4113809806340626,0.06255552520962238,-0.25232538793089915,-0.11691450922777971,0.46878031323281505,0.3753127462337035,0.5478939456308343,0.2634351387070749,0.27638291126325937,0.24203183811595705,0.11639810515807615,0.35261229536600514,0.23822953385098547,0.2640426841878078,0.3456157238037914,0.19844756946639622,0.06871784246693602,-0.035857905691118165,0.21681593726553844,-0.23893831007035324,0.09281931508182414,0.33999008001908654,0.2420257495909927,0.3452043484675827,0.17233926334724015,0.3148017709998433,0.11486301950406375,0.3118499822633253,0.22160954829555266,0.1522936816627897,0.161579537214055,0.1746167779525285,0.19106950579031798,0.1455961249289748,0.09812148209537622,0.20844987741289409,0.3554366832104323,-0.04420669975419794,0.21665897554222427,0.36842683543191157,0.6078091596583257,0.7794766268297812,0.6191940793993407,0.8038821358261576,0.09749288865014008,0.3472449871311224,0.30818649564117295,0.16191229606748098,0.4900235128661525,0.37157798783627505,0.39298772950777094,0.04562720335019102,0.2607024351041755,0.06585799986815215,0.5000627846893256,0.5216171779046415,0.20298760944156158,0.24056267638573658,0.23841544001079898,0.1165016998954635,0.2576322637961507,0.31100552819189514,0.2790763744353302,0.15463398095740372,0.3800090409952629,0.26374592291923693,0.17109933287318688,-0.14377542535663804,0.1662177561379882,0.27773592131822733,0.22799789043443866,0.26291088655120565,0.09942426439888369,0.30164052533542113,0.31821791937818045,0.17083406745669463,0.028899792496601778,0.22075567652072364
0.18666923037688363,0.2537978880784335,-0.022283088538260425,0.16263994129631948,0.11064711445268849,0.042571192007515885,0.056432492671861165,0.08848488653623246,0.12584180600304457,0.13693273007667878,-0.1923802871617574,0.1254784393283989,0.4127335297973716,0.8228206828627666,1.0,0.22267313872687255,0.3282833475254014,0.28543511785881437,0.6714367390536263,0.37566855936504806,0.6868425503328317,0.26903417451811185,0.46693951867664146,-0.08677635683708855,-0.29027032754022253,-0.38789588720733653,0.46044443746850416,0.3996382029439425,0.5005452464282721,0.3175573597448778,0.3131443774305525,0.40311019898850503,0.3062639548892596,0.3483981448672351,0.17500467942689846,0.1577168948696729,0.2573837824602329,0.23927979598093027,0.012026416678769513,-0.1218989244189844,0.22396179548663106,-0.38612330618414464,0.09901153277170201,0.3332865063825637,0.24164138270938335,0.5578204277996844,0.22582100855841422,0.4260793779913834,0.03502917528322882,0.2996252535915755,0.32019824281222703,0.10043517671944985,0.12600897036956624,0.18448510628284712,0.043381899944684305,-0.03068054732596819,0.05932216026591163,0.04558328984183573,0.31872044702743696,-0.20231283280822746,0.09583070095239551,0.4252402497264287,0.7018753016612649,0.8423224074810609,0.7186378212422913,0.918767896110123,0.10646961668725649,0.42909854029352823,0.31329427599395926,0.21678393024622217,0.6263060206642199,0.3824871320666017,0.4830331958869685,-0.019409901938092375,0.16401335745318757,-0.09215857855354648,0.4698896165815941,0.531297431945214,0.27322741024733826,0.36236682768347245,0.1583023006683138,0.01771078994973842,0.22388645380031144,0.2899414924718067,0.2788105431273152,0.30741605484256385,0.277550924309159,0.2950364740091711,0.056682869059633795,-0.17188113745587258,0.2524707756662827,0.2770776843419639,0.11310121292270364,0.28384666397224234,0.13435227732023175,0.2773022485970762,0.47088004583300413,0.2308281820397299,-0.014144616797276358,0.17264468939217917
0.07750455973806228,0.3314074129882687,0.2899459737748353,0.5193282666089047,0.2493933429393908,0.23460597898596447,0.636271028946881,0.34463300779471917,0.20040558909304376,0.3525658532910165,-0.016135665156694887,0.2888284063048385,0.27942169022662133,0.2524964762093116,0.22267313872687255,1.0,0.6442541021946389,0.6054924046222089,0.4334060197199272,0.37076870434375875,0.4383244172499769,0.5961484732333173,0.45574778134604094,0.4776925998825926,-0.019334545077837318,-0.07376259225425288,0.0837610540293644,-0.030853965951862978,0.39117937553541693,0.17304716071938697,0.02405595371512703,0.15134249361950594,0.061981045302292585,0.2599891460925937,-0.03599447651479191,-0.0502442521575417,-0.09689094020502309,0.25129738725338824,0.0775092685897617,0.36820238016757234,0.1215668547068112,-0.04792673021006895,0.17946689520293582,-0.08096242650267306,-0.08868893693668142,0.11106140656539497,0.03552514683769216,0.1591765156916781,0.07540284226288577,0.07542481690414976,0.26204759707297776,0.36121758348009253,0.5727705941629074,0.33803904579829164,0.23586481200694398,0.14198600529274932,0.35196782912518954,0.16375188746472286,0.08866767750016481,-0.01779004172042606,0.12438274802306709,0.19003669765091086,0.28993341683697016,0.3164489607564299,0.24437782286078338,0.22365092326885624,0.42340441478567575,0.23679725756371234,0.5084225660730374,0.5069581131945163,0.24982655729573786,0.6127152387526561,0.42461711119582685,0.4852032183431748,0.33096321131128964,0.1427519785025224,0.2930208539345595,0.3468260352615856,0.06445633167895677,0.05447984454510923,0.41159601819500297,-0.17645479973253722,-0.021050136713661006,0.4052155241422827,0.09393845216905405,0.31949401818872447,-0.10135175436118148,-0.052243139987882554,0.0818406594592494,0.13362313710887622,0.036680385121284326,0.04381272582867942,0.1470307550800662,0.24593547617478,0.2587074516008526,-0.039884774353703106,0.1218352592536784,0.0006043028718905845,0.05304835362848416,0.04221014663364192
-0.2682978128953473,0.19940574291553262,0.21251675566396377,0.31779569234246535,0.11236732810336872,0.11744190061811527,0.3501800350966413,0.18955639477756955,0.1903302160735083,0.2506631632810023,0.22451961864579703,0.558392900307331,0.5141814917014337,0.4291851489095869,0.3282833475254014,0.6442541021946389,1.0,0.4646851818715488,0.6449810880669907,0.290796706315198,0.5094186881055929,0.726026451189613,0.5118631670480837,0.6442666591325039,-0.1767483181551347,0.27186398324904487,0.3602569777334099,0.23427322013253848,0.37198922771273046,0.2525592608986373,-0.02842576809219304,-0.10579691036543828,-0.11818589918662435,0.5109294452853194,0.2433959310011877,0.1178633890953245,0.014070054399031686,-0.038315156504636655,-0.002103287092409645,0.12788456407020585,0.08792210931442258,0.163234041885319,0.21421665112745605,0.06518463407513443,0.058276009558994396,0.133597970798841,0.08753441385783663,0.1918080859648451,0.013784378541448882,0.0693331324223275,0.044183155495700815,0.07197950707740411,0.38737839390486234,0.17972117319470474,0.1834882545542444,0.013875416340971091,0.1476444754182245,0.1552225874198318,0.06320063789244355,0.24552423645969693,0.5279580221567168,0.4762925013106304,0.4556551739292856,0.4105380961798656,0.2960331817344411,0.3409343385689507,0.1256322126392789,0.4151050604087369,0.5360211458833649,0.39605523796966874,0.32196773494815556,0.7618901495100828,0.497452901636088,0.17160939133382933,0.6208668054208301,0.38460331063666814,0.3401674467664315,0.5521933456026877,-0.12895818225767464,-0.14789561417552716,0.5580020656162789,-0.042236830126605326,0.18545969379907015,0.512332482600793,0.313388207151804,0.26132871238019895,0.03192130567039922,0.1379254055106122,0.049975847505351334,0.09753683794991394,-0.13117762102533675,-0.21201604776659164,0.06344392856358048,0.30239617766811383,0.37787907040988983,0.09486299394402924,0.16006642620130654,0.06640582234045443,-0.07356795971734333,0.010838206994842238
0.21734489827310713,0.5968799148639613,0.548377172742655,0.629972154990284,0.5661625056113816,0.3451242979886925,0.5585875328442406,0.7221965851407476,0.3853991065738709,0.209058888899353,0.11033781302091672,0.33849737403036895,0.269702620319009,0.2623929128642689,0.28543511785881437,0.6054924046222089,0.4646851818715488,1.0,0.31546571934999845,0.6328524026130987,0.4243155779470588,0.5643778508172997,0.5141548082084703,0.3329472074939805,-0.25059253050551095,-0.10854687975790224,0.13533553707592866,-0.16349760947295391,0.4619557987765969,0.15464967712973515,-0.0974700909436225,-0.10719543932016738,-0.08173624779861183,0.2928192730236676,-0.15661568417092617,0.2558649751941716,0.05138850356951114,0.12509932737952084,0.013707467297024947,0.26276020329682404,0.13506713252906147,0.012283834107028217,0.049664258873831024,-0.05116324333148119,-0.04887870380908666,0.07580309465733687,0.029328298001249416,0.19208041466165815,0.3375022367045572,0.38808786089424235,0.33807671661188704,0.5111741050827345,0.590689344496451,0.4992136217661961,0.31519326696991673,0.24474727592929188,0.7254362751099517,0.413758950742272,-0.12675130042787766,0.08110683128812207,0.19211173163312395,0.16762256356164987,0.2101026843593921,0.24749881493898898,0.33748759020411506,0.30651732799247056,0.4569361608952824,0.19461299306112687,0.5584729507862213,0.8730163962216174,0.4565388684315443,0.5773792169255476,0.479862972308154,0.3424041513236582,0.12224022049982891,0.004325865094538046,0.5134641766258881,0.22491141465795128,0.003924043082853815,0.016090146256933783,0.2524478180750842,0.0457245196186458,0.02869574225629338,0.28960850606970984,0.02715280851611526,0.38094453286621527,0.0687476651943657,0.08074268009003324,0.42662840984765826,0.2596830706120257,0.0383802805847766,-0.007149606496959652,0.0661734929320136,0.32792757158239394,0.25918618485696077,0.16224668820445207,0.1487102455195276,0.15091954099666402,0.28309616416940564,0.3147270906516737
-0.11795207250379676,0.051762857426513494,-0.05975456670503534,0.17475811207936076,-0.02985177706247034,-0.05820378427015768,0.1504635670115102,-0.03521516125273041,0.018654123327230262,0.1274200073693656,0.08088319257131886,0.2660792633469716,0.33553563797708663,0.7318374613629319,0.6714367390536263,0.4334060197199272,0.6449810880669907,0.31546571934999845,1.0,0.3279104344663218,0.828368499327026,0.4272484088980395,0.5201941146394341,0.2954067880478537,-0.18728052327921293,-0.04081320331142592,0.41033577657434844,0.40222477633929754,0.48490301719909434,0.22706955094412298,0.3558904422437804,0.16983108165114116,0.02647395945127933,0.44994447474680094,0.1910264912356429,0.028693410349279348,0.11440478105784437,0.01830802977566228,-0.13712416972121896,-0.13495495785380912,0.05313941228014477,-0.047661483392060375,0.1168831627485825,0.30866770444569164,0.15737236348141154,0.3594550443790103,0.12202209158642607,0.28669159743995226,-0.0009645301682513355,0.161335525043069,0.11035433730539058,-0.008416290906694322,0.25615613930517345,0.10427677699380529,0.03574098323216767,-0.06291499224413065,-0.02066480379188439,-0.04711051012188053,0.23409986929009163,0.023755381336696236,0.20445449697477353,0.3645916187900803,0.5381081631508294,0.6413246632875904,0.533584158462505,0.5925592236667072,0.10004355691240352,0.46605268424377744,0.378839824814981,0.24683182447279417,0.5997964990459147,0.5234528466992886,0.5057140020617336,-0.005315510845863544,0.4542175827806993,0.15332811958605647,0.41987591386097434,0.5598792021155756,0.21609713737022393,0.1421634278256468,0.2540591298588206,-0.0760158076213638,0.1219663701527842,0.3631985829490338,0.2565611007102326,0.21553521418025814,0.14253228802017742,0.2690379929924618,-0.01593084261043247,-0.15230871255969455,0.09375091969796565,0.021414296314813622,-0.025046392017553393,0.39821440273493275,0.3126537489733959,0.24613108668610378,0.30240963808146365,0.0848527894082146,-0.04001112859055296,0.06928136223994417
0.3607655337169478,0.26375220138816946,0.13958449092604278,0.41441505074572516,0.24981870920957217,0.11516281639559377,0.4119837136515889,0.2438824168338309,0.03810559756897683,0.06964862548618894,-0.15188401156493977,0.012294811787197574,0.06884812069728675,0.27222970406436686,0.37566855936504806,0.37076870434375875,0.290796706315198,0.6328524026130987,0.3279104344663218,1.0,0.4704505705757446,0.29317781565787365,0.5998810230137279,0.25652882288125217,-0.14068008375477556,-0.3761995799704284,0.371292956499628,-0.022582083133207136,0.6087056499572159,0.10283975149819966,0.15214299840840811,0.051420660557716394,-0.039141544942850236,0.3940078268994347,-0.053133133808748505,0.3652210355475559,-0.0033095392347566167,-0.017599340132657605,-0.1405717801656888,0.055691589049094485,0.2687247487827618,-0.0853723331201531,-0.09598523304107061,-0.03496793271992692,0.2472957435872037,0.21548961070353384,0.059381759164210214,0.546705744919091,0.4715035991323156,0.46046918998333064,0.4748123522597779,0.31015165641706616,0.45646980527328607,0.3700074399856851,0.16473760708713572,0.13169402509504033,0.3270799782764975,0.021263604657368256,-0.20803235922887844,-0.2238572401734113,-0.08055903487375568,0.1580165060948237,0.14000828757899098,0.2734336004821864,0.37958240300750584,0.373217453679625,0.5170446764252822,0.32480965440549103,0.4848751683414483,0.6547218795224596,0.6691136999331343,0.4717674799511113,0.6352567699608375,0.26152177529987536,0.11031269914518646,-0.0778985336635808,0.7425623687407589,0.3242258837933968,0.25181840156459445,0.16220581449007845,0.28197074861324317,0.12872430928993656,0.1787527193618564,0.3608330272579729,0.34210278481489503,0.5805307817635591,0.09835221582864803,0.252201388169481,0.5842580671490814,0.27254138003157813,0.2237850377806868,0.20681276663872747,-0.10234375245252693,0.3909037542104982,0.12920461216327786,0.2525530815326414,0.2963154805069236,0.43195961687201245,0.4938612270011835,0.3934198506352241
