0,1,2,3,4,5,6,7,8,9,10,11,12,13,14,15,16,17,18,19,20,21,22,23,24,25,26,27,28,29,30,31,32,33,34,35,36,37,38,39,40,41,42,43,44,45,46,47,48,49,50,51,52,53,54,55,56,57,58,59,60,61,62,63,64,65,66,67,68,69,70,71,72,73,74,75,76,77,78,79,80,81,82,83,84,85,86,87,88,89,90,91,92,93,94,95,96,97,98,99
1.0,0.513628403176789,0.2970359348169355,0.5477147942702693,0.47763609366219956,0.15494005631786634,0.04026696049901271,0.18880768735736103,-0.08972559951530219,0.16778737337112973,0.3608628499854026,-0.01702249889341985,-0.038923368147443564,-0.16900853557851384,-0.14430909542532064,0.6505843684958986,-0.06956857500729872,0.4812069728675965,0.046685125365328414,0.3640742868444101,0.2771364362847202,-0.23262826127220615,0.1121475816907289,-0.019836822592442606,0.3589071069129082,-0.154648107512502,-0.1301212686274325,-0.4005255078496558,0.274072434696075,-0.09281146699565844,0.36649463661791437,0.10053869263441417,0.37598611202672116,0.30858360880115776,0.10072704670239116,0.19279765436400678,0.009535424691334771,0.4695384383564224,0.01887150799406057,-0.06095765486628431,0.20959412837585426,0.1952321306926093,0.20392467092974706,-0.0059771047692450535,-0.07557079130683192,-0.1533516036779271,-0.05533528593717136,0.2887326596536169,0.3951652649984775,0.15274259219146819,0.6591780228473485,0.516436449508769,0.310760667903525,0.4587457502613413,0.16958936050238493,0.1792816803694251,0.3744574517803875,0.02609488650097787,0.1826642055068451,-0.07904278462654098,-0.012395267290118632,-0.14542032779886296,-0.1653372008701958,-0.15135662017460422,-0.12718294516699158,-0.06770389630163239,0.4191866871344754,-0.13013382556529765,0.1419373471585219,0.42036233044209836,0.3631687602099015,0.23193135122069133,0.11319922523693372,0.1394848749662149,-0.21002577311496817,0.17609385686891632,0.10205023402992947,-0.07324304895008303,0.3094092274657902,0.03830336934035266,-0.03452216142571472,0.30631237266480194,0.04504173612222923,0.21305356475769818,-0.2556702422547238,-0.007344239033869201,0.07628578189140323,-0.1427268646267921,0.1320487585897303,-0.1636216092343721,0.3557939107460628,0.3429739223792886,0.04588385377283509,0.12927681455600237,0.2861710443291299,0.16860043509789702,-0.1128052513114152,0.32939516369538124,0.458609193562058,0.1476852854662862
0.513628403176789,1.0,0.4915791964420281,0.7195308726173264,0.7855270246991745,0.23025195113310523,0.1273611467000256,0.6174460669497425,0.1865263219027365,-0.11233205579521433,0.085279692166554,-0.13626637356670412,0.12366469666547411,0.007823760168671735,0.033412468264276664,0.6989563218517634,0.01924900849202645,0.542761295264387,0.011821576830243992,0.41141724327235524,0.2076597381091591,0.11786260428639997,0.0987760512417519,0.15044630121517047,-0.055662572972519093,-0.1990667837078529,-0.15041020000464195,-0.1712445225242255,0.2684399685919675,0.2512683493231805,0.20131604608556516,-0.11007180609255864,0.26093641046450533,0.4171777407784291,0.2896768980898366,0.40055862699251354,0.17200343275424915,0.24298939997827948,0.04327044005413945,0.013587396910443751,0.21438311467904336,0.022610345115802257,0.3325141236176337,-0.16721616393095248,-0.14227879473755317,0.02468537991226811,0.1771823868472439,0.24263623596223954,0.44388007962674764,0.1472866604849997,0.732511612229106,0.9009500115759361,0.6297000734974042,0.6572484363663695,0.4946856642821546,0.2640560259395249,0.7379427795588588,0.2949931937446247,-0.10256981758294552,-0.24829313869027503,-0.13041091418076173,-0.04094897525537016,0.04059188719470755,0.011326362398863527,-0.00025898694509596476,-0.03342973406739157,0.42158993655215493,0.12607013601916844,0.33320475547122297,0.6644098178027352,0.144542240394916,0.28733738268580306,0.11306428252180382,0.3705767170644996,-0.10816550521486742,-0.11716417031929964,0.16262967495962427,0.11645465707578737,0.24678238151054857,0.02568758090889704,0.1446292974665302,0.4093869425845878,0.14859807619789472,0.14252600954878114,-0.2298548378172914,0.17264540645451731,0.24980791794034665,-0.013332334009970453,0.2682673106285702,-0.11518562104481714,0.4161372474385789,0.05853340401846164,0.19785433155835644,0.1173438455872835,0.11295362446344463,-0.021826321000193563,0.14336418548018265,0.18222007533382267,0.4916796519843683,0.13011111717159005
0.2970359348169355,0.4915791964420281,1.0,0.1690980037608029,0.32054252250046306,0.5832007006771329,0.36922420098634745,0.6327864786893068,0.5341423140552944,0.2746359272827728,0.10727392018182447,0.03741025713469513,-0.009579373973862734,-0.03333710041469287,0.0022429839063159616,0.3010682814888761,0.0700630044357383,0.3608298880235066,0.07218983578664506,0.32443988209035346,0.21094329716281424,-0.0752411716878722,0.15517549890283755,0.30012494153175806,0.18620055313311296,0.02181297068896779,-0.1128507702111763,-0.17624447102329627,0.3204954339834688,-0.11168925345865158,0.16075077931495627,0.06978204295100597,0.19283375556036905,0.22591657798329298,-0.040912073181833875,0.25469864918740914,0.039083469105224,0.19260773067879666,0.15155439194598005,0.2111339228815661,0.16470935397693917,0.1484795117862558,0.044315003343284705,-0.05979773119588467,-0.0821773102411246,-0.3331245742413255,-0.1381718354162154,-0.042053184910327765,0.12831934804378603,-0.013858150551406535,0.32508656439040773,0.45547092263317884,0.3170783772669197,0.20457292284703452,0.43079574523692965,0.6435980021911857,0.4327734637267534,0.5764952958571523,0.1241221915623656,-0.05927816442682288,0.025418381473493873,-0.0036917397323488694,-0.007521605781214193,-0.024779547259605274,-0.032090824331578505,-0.056577660178524836,0.29151088215627735,0.04113181959447369,0.13402961553795492,0.3205189782419659,0.21416572260694766,0.060433402710415036,-0.006364797880388889,0.3233616819397272,0.06711997212359794,0.1406636579708638,0.23465463712019188,-0.18158273923321058,0.12653469324970412,0.11316940250950404,0.06541065895670682,0.12139262719393248,0.05196217850315022,0.018609381916125933,-0.15146335414645784,-0.1714681257828466,0.18594163925395923,-0.25666380996330235,0.16596504776345242,0.022726487918656158,0.25410935762999076,0.13119174758043503,0.08082276228412981,0.16595563006005357,0.15299059171430454,-0.04175652725326402,-0.2635198980376645,-0.06023877017350549,0.10756429936995564,0.06702893432407574
0.5477147942702693,0.7195308726173264,0.1690980037608029,1.0,0.8084847229154698,0.014633541464578449,-0.032764190124596214,0.38666264844654985,-0.08097655305777134,-0.12205186643185192,0.17617226863057175,-0.0998402129656662,0.034705806641992284,-0.051120863666186366,-0.04796438223177268,0.7536438664067381,-0.0054701160574982186,0.4980725100377022,0.01897667234868105,0.3263234227701233,0.15776072039182015,0.09009132033062417,0.08055118678758998,0.1520174290297568,0.012541241692800794,-0.08523806384575057,-0.24807486446355193,-0.15057024194080032,0.19824579578024104,0.18845138424543792,0.18619898351587982,-0.09224169594002807,0.255905684839695,0.4399338877221401,0.24796656087446514,0.24134905461954048,0.0605793771130972,0.09375323733554336,-0.129372561207224,-0.15753149436978298,0.1634929006212545,0.13741371029260804,0.3598520164872594,-0.012213981292510605,-0.14918897877563578,0.08979623229079357,0.1528869969769172,0.23112770719732287,0.46756699911159666,0.131402076289676,0.7247833143409648,0.7378789204639887,0.6096581687589664,0.8665872440346697,0.3349329047230451,0.03451431333954902,0.6149660707482174,-0.0005587837349983833,-0.12397935639414973,-0.11207851853247067,-0.1772631526076051,-0.13878555575437374,-0.10060461655820611,-0.03345639132441163,-0.04304204376720693,-0.0975289898606686,0.3688255182091295,0.1447563797092441,0.3471428257505125,0.6047374187330677,0.14414899440471587,0.44439317028149516,0.11804306401840847,0.11075694428367613,-0.12256042241538978,0.038935155555017906,0.04904269044950698,0.09361354140179376,0.2392551852305297,0.05671497948510276,0.04036427676746748,0.2960549240462221,0.1712672147770045,0.31810647655462737,-0.17928795883835769,0.1965176472065522,0.07044209463932882,0.02471519295304647,0.12540142960737594,-0.3080263946833925,0.29677549481223964,0.008102364157476559,-0.07056217040478241,0.24262829266455083,0.1793381865898182,0.08944934688226928,0.20013718454617657,0.1478673610653306,0.5887602849169201,0.08324778919412712
0.47763609366219956,0.7855270246991745,0.32054252250046306,0.8084847229154698,1.0,0.29092384531108245,-0.19872766827081548,0.37336485124737484,0.08835846290523593,-0.14420073520871202,0.03144100279705791,-0.2107744805351767,-0.15962536375879377,-0.18580814882482757,-0.22120624346893525,0.6145381087368035,-0.16385234296764392,0.45643213445969066,-0.11917946689520294,0.28494360365281324,0.023764799043790634,0.10001757971301119,0.07462588173248072,0.10865832258145529,0.02681377119375669,-0.09543429739223792,-0.2006975378984081,-0.0922432655572612,0.11530408194657651,0.23295317203946644,0.1563982307274548,-0.057911027816756604,0.2555964702447661,0.3652420820658674,0.32090667369855186,0.32078895240606625,0.13114308944620764,0.017764927844695792,-0.1607068300324283,-0.13431371625715352,0.10983396588907829,0.11564311926893507,0.3594470552411089,-0.14209357983136334,-0.10690192089756992,0.05124800266207083,0.18668713447538685,0.2414024216054673,0.4307641838461273,0.0715557104244559,0.6898640397552653,0.8310137651561957,0.4562406411572474,0.8732706742133863,0.6348955085778142,0.12880906862052618,0.5790116194885767,0.2046058848089305,-0.17957519879202258,-0.1594856678250442,-0.2898235436306502,-0.30162392598940824,-0.20916719248843976,-0.1967091405089955,-0.18818141008133757,-0.29254694432685463,0.26824601552665367,-0.04811818589918662,0.23857868020304568,0.4806167967879353,-0.0311404333165539,0.3263658024354181,-0.009423981867781723,0.156257811301339,-0.07058568697437442,0.023410065409901617,-0.02915877934007013,0.06676052977720853,0.19979657760658487,0.1417019045735507,0.1050450637107635,0.3217652543250803,0.3037209346128853,0.3296463024526839,-0.1769303937541791,0.17398422220757245,0.19341615945121368,0.041086300694712585,0.18246172488376985,-0.24262201419561827,0.3696583452068668,-0.002809614847323332,-0.01231993049732259,0.23212441414036772,0.22843267440801887,0.08358996575095197,0.18747351270919074,0.11266084652596618,0.47966089989295213,0.029361259963145387
0.15494005631786634,0.23025195113310523,0.5832007006771329,0.014633541464578449,0.29092384531108245,1.0,0.07447833771256542,0.32387638950365566,0.6985550103751699,0.2521134896044251,0.11338287045321128,0.006407177545683709,-0.26263149468370645,-0.45907693949753414,-0.39741860648545607,0.09505915887351711,-0.2513569340980509,0.2183117824887223,-0.3239831234755093,0.2789445265877463,-0.10501214295609292,-0.11750468530744093,0.15292780702497888,0.11771815325114818,0.275270052644962,0.10986221899927484,-0.1637456089957903,-0.0898087892286587,0.10243165101758285,-0.03530069157335292,0.12122153891552007,-0.02090102307651256,0.06889834844874729,0.06114600893426129,-0.06484873598724215,0.4627608311437173,0.19930999626431098,0.03470894587645856,0.1378202411559917,0.3049986030406625,0.20410203767709206,0.27980153759704157,0.06072378189854622,-0.06441947095246084,-0.08530084853507623,-0.13676859760978688,0.11856417693981146,0.08136738774882357,0.34132111543279053,0.17202533990061183,0.09922021415857529,0.1659297964872865,-0.02180355298556894,0.05480475531236952,0.5871799107751186,0.6638586214365765,0.18388857910738032,0.5976129261118384,0.1242807229029129,0.174012475317769,-0.09872735434736885,-0.2692521401730974,-0.28891630486989445,-0.4165418820966319,-0.27898376701857486,-0.3951238251901209,0.27136013611720644,-0.2654803499618583,0.016028931184841264,0.12168457599929682,-0.021925991733609283,-0.04345328348229001,-0.08937400525507849,0.3128303309814158,0.1316061265299844,0.29013836573746216,0.05585012038964178,-0.11454438720573601,0.08642940332570499,-0.06756731303504328,0.06434802808987,0.19493076418384614,0.10604334027104151,0.09838203855607772,-0.16551770685200706,-0.07742137002470577,0.31971075082279865,-0.03337163199382199,0.3118625392011904,0.15528380249192433,0.10083382024187802,-0.023286841270887683,0.15870484552803363,0.15260917472665117,0.26689300547168565,0.08277219517248524,-0.07758774945141877,0.07419580661059993,0.224896326781751,0.20655691902972542
0.04026696049901271,0.1273611467000256,0.36922420098634745,-0.032764190124596214,-0.19872766827081548,0.07447833771256542,1.0,0.4207296208746535,0.24010277853642611,0.29340070130497975,0.2490040778655717,0.39676313534181556,0.28980156898938625,0.36754000169518664,0.2793904075159796,0.12084953963126552,0.3266734474131138,0.12036609752345794,0.29085478215282423,0.14665718617857848,0.33530098010865117,0.06469648311562742,-0.09567287921167544,0.31309939758090594,0.15801807571205687,0.11985126307098751,0.1573965072877328,-0.036233044209838985,0.1414633227541132,0.008149452674470804,0.11917161880903723,0.03270925352143626,-0.08666484591067622,0.08011954204847606,-0.12664613607325717,0.07716709203293685,-0.030697004228548826,0.34277928984237904,0.4821597305281134,0.5546258189477914,0.14114469045578545,0.14210372658523493,0.05243463329032582,0.017625238827167204,0.1509061400286926,-0.10016355411569335,-0.09202665837908768,-0.24307563357599615,0.0018144775215116042,-0.018923305362754238,-0.132233973423241,-0.03488946554904912,0.31631554329161293,-0.23740460651265582,-0.21440822856462843,0.1493600670540482,0.14669883860052432,0.25071496064969595,0.22392473371443639,0.08258854995620768,0.25313844965766646,0.1728101485171826,0.36403347679634845,0.39577584610216954,0.3182650078951747,0.36250088781512374,0.28152968617073043,0.24870428097404168,0.11590995419856914,0.201151157278786,0.36606470514142914,-0.045555000957466514,0.05849335581025211,0.317085564970235,0.07345808651102342,0.10551834471241685,0.28500481872490574,0.1012387419203953,0.20898197765492907,-0.19723810151656418,-0.015799767068802602,-0.03927025355596784,-0.030897915234390942,-0.2386885534093656,-0.020312416614084488,-0.17647677437380122,0.03203276106374817,-0.12981205403250362,0.06561627881424836,0.20693676640014566,-0.05607773689359717,0.1765709514077897,0.28801702721444883,0.05794398977865258,0.01321617710305165,-0.07672916882489036,-0.07155100157275647,-0.1489488273389651,-0.09443445121472678,0.1201573384314501
0.18880768735736103,0.6174460669497425,0.6327864786893068,0.38666264844654985,0.37336485124737484,0.32387638950365566,0.4207296208746535,1.0,0.5795482013756126,0.07750299012082913,0.05307974597314699,0.05482045148470094,0.17867423850019934,0.028031794166674513,0.06316691590890582,0.39919447243595174,0.2657377671880935,0.6106329010607473,0.10708242687938119,0.42058364647197133,0.16444493800206963,0.21305513437493134,0.28802162304700374,0.41874405507472945,-0.057757205327908734,-0.05302637898722018,-0.2239137463938044,-0.18681741270573757,0.34571761330281997,-0.09508584236648052,-0.03653284110136902,-0.2862981833250144,-0.12344882576934789,0.4247588283121278,0.09356331365033323,0.39569422600604615,-0.014022960360886395,-0.09618614404691272,0.05483928689149864,0.10768829913137383,0.2010004740244044,0.027571896317364047,0.042271361705734437,-0.1031976647225721,-0.19447400556900193,-0.29009351779475057,-0.06516893790280302,-0.04464776219671071,0.29513041949590174,-0.021740768296243277,0.39419053269669657,0.5148715405132497,0.5265155439194598,0.2610979786469272,0.32576241243987436,0.46861079457163574,0.8090791405244167,0.602200917284311,-0.032837962134553866,-0.06745587021149023,-0.00107989665640137,0.1378500638834214,0.07423347742419534,0.03337163199382199,-0.032456545146900474,-0.07380892492557636,0.4619053897516552,0.3112613758008972,0.291794982875476,0.6512075065374557,0.05344862699641086,0.1818401564594458,0.1828384330197238,0.3550444182231336,0.03869577364863804,-0.003492399714172858,0.2651099202948369,-0.2213175994901883,0.10047433832785536,-0.15029869815946684,-0.03882919111345507,0.11166884843462073,-0.0685059441404619,-0.1236120659615946,-0.3351996082235386,-0.1726735918178993,0.07546487175634146,-0.29368794125864467,0.11437957739625615,-0.20984212789869064,-0.0036446526455323042,-0.04984005600394288,-0.12511659317586057,0.04406072535151578,-0.03185538174660727,-0.2472351192438212,-0.2871347893102788,-0.10972252306552524,0.2975523388866391,-0.0059645454859377995
-0.08972559951530219,0.1865263219027365,0.5341423140552944,-0.08097655305777134,0.08835846290523593,0.6985550103751699,0.24010277853642611,0.5795482013756126,1.0,0.19275527469871198,0.061478767787687294,0.020891605373113714,0.055330577085471934,-0.17463875259379247,-0.08189402646611767,-0.01076914383658401,0.138311531349965,0.40977997105625824,-0.06672128934638,0.4600171402201859,0.08998148243343256,0.05053853567269086,0.20608132500808352,0.31090507268897405,0.03063108030475688,-0.05123858495867198,-0.2570970243196494,-0.1240955080694022,0.3211342681973574,-0.15418507042872526,0.0003829866048865324,-0.2117162508750616,-0.11456636184699999,0.28158776200835667,-0.146906755318648,0.6368188253612475,0.2334727153436363,-0.10488025390128364,0.13377062869448655,0.2613444085525304,0.3323837149072827,0.00323968996920411,-0.035474919086231634,0.010560388888519097,-0.15836496112058113,-0.1450169361699456,0.043016929891476666,-0.02845873005408901,0.286737676150294,0.21722874659785466,-0.004349409353035169,0.061302994713139394,0.12857676527002126,-0.1685015492122091,0.2933403861495577,0.6466917177577076,0.256039202775418,0.6820253712929565,0.042547614338767345,0.07207211449415946,0.08577644255671812,0.12334993988365997,0.006529607689868749,-0.09611708088865449,-0.026060354921848758,-0.13095871081008592,0.40493927150924974,0.11476256400114268,0.14552549215348345,0.3227949232300211,0.06076775502660774,-0.08339690283127557,-0.0010343777566402658,0.43022832838449215,0.23529974980301305,0.04822964764826491,0.3213885461891263,-0.20265642020536873,0.07219140540387821,-0.1361878392335245,0.03539015975564199,0.26561847627837476,-0.008805552677923961,-0.15752521590085042,-0.2807951053056202,-0.13911203613886716,0.380917998847145,-0.20518193433349344,0.41712264047289427,0.14326995218945907,-0.09455613365453674,-0.1594825285905779,0.034325972741234265,-0.02455980084696546,0.07463529943587957,-0.13190592342151444,-0.19769799936587465,-0.00461781389990237,0.12485363319300956,0.3166294667382412
0.16778737337112973,-0.11233205579521433,0.2746359272827728,-0.12205186643185192,-0.14420073520871202,0.2521134896044251,0.29340070130497975,0.07750299012082913,0.19275527469871198,1.0,0.6584214673409742,0.6934694505397914,0.1015149945534282,-0.048673830399718725,0.0918932769735955,-0.04911018399053207,0.05430561703223052,-0.01437926347280952,-0.09129207751397744,0.028333160675437688,0.08020668727837123,-0.14542660626779552,-0.09108959689090218,0.3050017422751288,0.7708186181717727,0.4004768497154284,-0.1362098138747885,-0.12932390307299663,0.14802903164034417,-0.23851432589648688,0.26854895165264997,0.2966372520397176,0.11845744296795784,-0.1031254218346314,-0.1126467199708679,0.007408593340428003,0.008778869184960555,0.20841848506823127,0.28574881729341484,0.10613280845333058,0.03385350448439643,0.6155112714213512,0.0735710989518096,-0.04989108814150175,-0.04552360861280368,-0.25817535135881764,-0.12913240977055335,-0.23070077130990838,0.13206602437929488,0.005206420362330442,0.007714668700890601,-0.17445596064341548,0.09129992560014315,-0.19233618689746318,0.051796604210268424,0.3722268787533472,-0.026863224677847814,0.062189804394300406,0.7285064464179765,0.5782642544789027,0.5174871055944298,0.1287258789071697,-0.04439976267387435,0.05170633089414815,0.08398550929370363,0.08633369055220212,0.18220587727476778,-0.10121362804466502,-0.1267874016242399,-0.08579684758074896,0.1357860705048898,-0.08728484471776712,-0.14002241413408925,0.2270365889692926,0.15311145224125644,0.7113217712667088,0.13257614998006587,-0.2617415217125152,0.20003045057432295,0.024486028837007807,-0.016443310134390626,-0.12368583797155226,-0.02412972572508468,-0.08583451839434436,-0.1913426191888846,-0.3046768315078685,0.053067209859087715,-0.08569482246059476,0.016418196258660363,0.035374463583310575,-0.05120956713471757,0.3455339680865424,0.09153226486831022,0.5718241149713231,0.30016104272812033,-0.0057510775422305515,-0.2851382361897228,-0.16679223604531798,0.06823283074189528,0.10405463523665119
0.3608628499854026,0.085279692166554,0.10727392018182447,0.17617226863057175,0.03144100279705791,0.11338287045321128,0.2490040778655717,0.05307974597314699,0.061478767787687294,0.6584214673409742,1.0,0.6575958486763418,0.25336761377370515,0.055660196704431654,0.1748726941823426,0.20272862259809324,0.18667928638922113,0.11218839173879058,0.07607777767313663,0.09335926341002483,0.21211737131391595,0.037857598046140466,-0.13120116528383388,0.3392193979576141,0.6839528612552543,0.3947085063836333,-0.22753956220236132,-0.0019463253690954923,0.143191471327802,0.08263563847320192,0.3027493415455707,0.2512706051502281,0.19817830223921595,0.12925327029750525,0.11938508675274448,0.03412975711742934,0.030367384609589106,0.18801816988909084,0.14918270030670322,0.08326034613199225,0.1526138835783506,0.6343686528603135,0.35420610329964936,-0.12047444838724655,0.023156563040536933,-0.021323250112227632,0.15252912424776094,0.004358827056434018,0.19045264621769337,0.06463212880906861,0.24359360726293286,0.049796126261633225,0.3215282421228759,0.050144561747172335,-0.03214812797565456,0.22189364901475125,0.13093752096912353,-0.07644663772292488,0.6830157997670688,0.5068937588879576,0.5494241074371604,0.20844045970949523,0.052045368216506724,0.12376745806767561,0.2416331553387391,0.1671862755754642,0.3959642001701465,0.10887022090792939,0.22685834832317792,0.14292934524986736,0.24397276556071962,0.15051059648594095,0.018705128567347566,0.3539872806017873,0.2130049066234708,0.6209345426192926,0.0053335593582149055,0.035090362864111956,0.3726726500475594,0.09347227585081103,0.2521417427146216,0.1802830961641694,0.06630691039683063,0.11351942715249459,-0.22259683753519866,0.10773381803113492,0.042571175302380346,0.18568885791510883,0.10313483953803025,0.12306269992999506,0.11690749182524303,0.42756844315945114,0.23173210076477488,0.5238424857714198,0.37798580438174345,0.029700297285503958,0.08427588848183482,0.022552260405777447,0.18062527272099427,0.14607014933338355
-0.01702249889341985,-0.13626637356670412,0.03741025713469513,-0.0998402129656662,-0.2107744805351767,0.006407177545683709,0.39676313534181556,0.05482045148470094,0.020891605373113714,0.6934694505397914,0.6575958486763418,1.0,0.347492850393503,0.21900555330577084,0.24769589909870524,-0.15581433311672616,0.27017664472341774,-0.1810239554982122,0.06044595964828017,-0.10546415151201229,0.12666345156611558,0.0686189565812481,-0.1946921823644086,0.3731152821073053,0.5231094745235427,0.48724529036349196,-0.020080113263579544,-0.0040040935617440335,-0.05575908259011957,-0.018998646989945033,0.11663668697751366,0.1541835008114921,-0.14536696081293615,-0.1974123290294429,-0.02056041613692085,-0.11723000229164116,-0.11396519844670679,0.09354133900906925,0.2829454809150241,0.26328602506992643,-0.08249751215668547,0.5262251647313286,0.12646719970867903,-0.1646474187045992,0.0050620155768814215,-0.1112937099158999,-0.07202345635993207,-0.3832785536918967,-0.033409302807417385,-0.11189958216789254,-0.09682340864356818,-0.1971290904731804,0.14170975265971641,-0.19069122803713087,-0.13727563784365387,0.19916873071332825,-0.035325034502165065,-0.04488791363338136,0.663033002771944,0.5172045744924643,0.6761016358550804,0.27184357822501404,0.23697139215630877,0.25416811856260735,0.30341328963518954,0.22362423976542212,0.14431845650119762,0.06299187880043572,0.008618768227180119,-0.09073957224791163,0.09544061331248568,-0.07436218603731294,-0.12291044705838035,0.3496441480134204,0.38497687953815585,0.5897344638244741,0.0019683000103594738,0.029777208529927893,0.21130187192551225,0.04999858734449017,0.049849473707341725,-0.18286668612992035,-0.05752490197740379,-0.176208369826934,-0.1793868447240456,-0.19505162471079804,-0.07101578996316261,-0.008937400525507849,-0.08790798275932431,0.1361187760752663,-0.11769700960332347,0.3394375747530207,0.2021934624631933,0.44363661477512095,0.21020313986231318,-0.04422710477822878,-0.05550637421558379,-0.28202568521640314,-0.07427114823779073,0.002285362691454062
-0.038923368147443564,0.12366469666547411,-0.009579373973862734,0.034705806641992284,-0.15962536375879377,-0.26263149468370645,0.28980156898938625,0.17867423850019934,0.055330577085471934,0.1015149945534282,0.25336761377370515,0.347492850393503,1.0,0.5066755820925509,0.6531941134622309,0.11384433791975489,0.6249493798442312,0.06277213238779591,0.2862652213631184,0.09047587655274385,0.27393755510832274,0.3930541298199021,-0.16036936232730287,0.20406436686349666,-0.054173769184646635,-0.05162314118079165,-0.1859494143758103,0.066710302025748,0.21102404967524618,0.21313047600212212,0.1005434014861136,0.041731413377533756,0.012057799584993204,0.2519973379291726,0.24814549723904328,0.060987477593714,0.04585008899729712,0.1648082398626271,0.13547837224414455,0.16769947480607378,0.0028472856609187283,-0.11896442933426254,0.18151210645771923,-0.07754618502420359,-0.017273637650722495,0.03662230928365809,0.03948372149967509,-0.18938373688192398,-0.005454419885166803,0.0718052795645254,0.0734722130661217,0.04388494544204896,0.4619446301824837,-0.15892845370727895,-0.21346096419271685,0.02366825825854107,0.12732112144487442,-0.031828698253643865,0.2514950604145673,0.020620061591780228,0.6082078424355437,0.8572166291528148,0.6665285403501502,0.5669975419794129,0.5313468257630695,0.6015301419602086,0.10804931109499638,0.5507378770612998,0.33326897902677455,0.3234055043337132,0.175578237405498,0.030086423124856772,0.0953840696407774,0.3792079002005871,0.22107744805351767,-0.13836809186660412,0.2746123830242757,0.29086106062175676,0.19645486251722655,0.03847916647046451,0.19761167041805186,0.15800237953972543,-0.044831407412988265,-0.13530571434849897,-0.10312071298293199,0.11143811470134893,0.1652383798247727,0.09532442418591802,0.10465265940247812,0.07794562218057505,0.057281633783831144,0.1639433807671661,0.295165851708022,0.006102671802454254,-0.05508885603156814,-0.1641207475145111,0.11763496353779167,-0.1056729106040201,-0.03738357364173173,0.21290131188608347
-0.16900853557851384,0.007823760168671735,-0.03333710041469287,-0.051120863666186366,-0.18580814882482757,-0.45907693949753414,0.36754000169518664,0.028031794166674513,-0.17463875259379247,-0.048673830399718725,0.055660196704431654,0.21900555330577084,0.5066755820925509,1.0,0.7676741912838927,-0.06453010368891442,0.595147057438573,-0.063172384782247,0.7555336855554404,-0.13807137991329435,0.5280351406044456,0.3130915494947402,0.06970356208934889,0.1519044165889706,-0.1126388718847022,0.04523165980743936,0.24779861183051902,0.2870468907452229,0.11099234340713673,0.34185792452652497,-0.08406399015536072,0.07407651570088118,-0.060839933573798695,0.13720809043506652,-0.044457838511500584,-0.21867750330404429,-0.13484110764748908,0.09396042681031803,-0.05001899236852101,0.10513296227581942,-0.25152174390753074,-0.23493873783939048,-0.14899434623872623,-0.2378716609813983,0.21883132579289213,-0.09361981987072633,-0.05399640243730164,-0.18122015765235489,-0.33069166752995616,-0.3534934970758031,-0.11583775180584463,-0.06195987978297371,0.17997074233477425,-0.11665395276707823,-0.35091004480869253,-0.13483953803025595,-0.11159747464185123,-0.022542842702378597,0.17127035401147075,-0.19590235725116073,0.26704839757776666,0.39988510401853405,0.7816756605734125,0.8834323761807445,0.7304198098251761,0.7700537319430774,-0.23051712609363081,0.5206702893432408,0.30592310759098285,0.0878624638595632,0.3633045321538458,0.007311277071973228,0.292327083117511,0.10960484478246137,0.2074374742975178,-0.23666619447331527,0.2775726811259806,0.45086784136820396,-0.07132340707395095,0.10175985484179828,0.17486163824089856,-0.08659107390071857,-0.11386945179548515,-0.24008237351239528,0.2376259225425288,0.0658752656577167,-0.11710133962960274,-0.00848535076236309,-0.06490838144210152,0.014578604861418494,-0.0048116635163132125,0.11351942715249459,0.14854706361780007,-0.1470166285249679,-0.3522252463514247,-0.3070814851090413,0.044500218176795406,-0.1582158474834327,-0.3840304003465715,-0.15570759914487253
-0.14430909542532064,0.033412468264276664,0.0022429839063159616,-0.04796438223177268,-0.22120624346893525,-0.39741860648545607,0.2793904075159796,0.06316691590890582,-0.08189402646611767,0.0918932769735955,0.1748726941823426,0.24769589909870524,0.6531941134622309,0.7676741912838927,1.0,0.015995190690911692,0.5826460696180901,0.0284430450429332,0.6023282926364589,0.10460796635995831,0.6002684047575135,0.2752615277640103,0.09453808304927247,0.23613409402248176,-0.1371037646891811,-0.02876481670199182,-0.05162080701117298,0.21272638303935373,0.3241166681251282,0.28628338430015493,0.11570830378855626,0.08545784379242305,0.05752413974151191,0.27763008109825155,-0.02487765809877875,-0.05270933698950057,0.08823371295849707,0.17191082530115423,0.038480751187713165,0.04796595184962174,-0.028810335619614748,-0.15764142943529108,-0.005588624351601106,-0.056778593543374445,0.15417492841562783,0.06323362466749113,0.1019694387556776,0.012778258909249995,-0.18669662543936022,-0.010359477803838592,-0.02694013595245207,-0.07912211239253018,0.32708795471341096,-0.15319470206888583,-0.25310804076299154,-0.03314483530981176,-0.08417079018517575,-0.019367514639630965,0.22673129829764915,-0.07853818350481359,0.3431467149272099,0.5799322003570542,0.6444850888266856,0.7642885255834563,0.7956785281380118,0.8402952452332649,-0.09565408133995873,0.583919029693683,0.40880539917150865,0.19951883364838408,0.38786920369331224,0.0014620990264054012,0.3267026135314652,0.18261058943097408,0.19564894084151072,-0.20598417039778055,0.3456675211928106,0.3596794997314268,0.07663345224497145,0.12432629058885562,0.29568382559821393,0.1302280537013455,-0.0033417164006624787,-0.1568574053196824,0.18947484903220782,0.21452516509438388,0.05808530091547997,0.16385947054436784,0.13911836919845788,0.08852566187842342,0.06445873669257846,0.04988480967010548,0.2110171520057762,0.016607341652047608,-0.24571661099103245,-0.1810491404184191,0.14679850933394004,-0.021666219979588786,-0.19887999918381402,0.12812084173897378
0.6505843684958986,0.6989563218517634,0.3010682814888761,0.7536438664067381,0.6145381087368035,0.09505915887351711,0.12084953963126552,0.39919447243595174,-0.01076914383658401,-0.04911018399053207,0.20272862259809324,-0.15581433311672616,0.11384433791975489,-0.06453010368891442,0.015995190690911692,1.0,0.09448781820065359,0.6240813815143039,0.06846670370963337,0.46430062564942914,0.26286861003670614,0.19637010318663692,0.23376152491453434,0.2774690863885933,0.012038964178195504,-0.07214745612135025,-0.21106329010607472,-0.08345811790336809,0.38272604842583086,0.24838564867571394,0.3418893168711878,-0.04971919547699098,0.4566016531208699,0.6041676476774374,0.30398463030805306,0.31347139686516046,0.17524148561131883,0.2867015749539317,0.07536831068375666,0.049355044278902145,0.38348260393220507,0.18984834358293387,0.4430998056813865,-0.015864912409439175,-0.006203127305375311,0.049519854088382005,0.2740049411550499,0.3553613415832415,0.46660482374768086,0.2229986595468829,0.6888186746779931,0.6478762481895938,0.606336858693639,0.6154013982150313,0.296996810928958,0.10677007304998604,0.5442210398640188,0.13658495239350932,-0.07951523941371658,-0.16462930349804897,-0.17518654900815886,-0.06359461181796207,-0.09340949116148536,-0.05975061921399848,-0.04484867320255283,-0.039256142405151996,0.38775667165804945,0.15447387999962328,0.4333728876876085,0.6741396143136534,0.279825191660171,0.3616429497502739,0.20561200945537422,0.19200193376920482,-0.13877927728544118,-0.05121192156149117,0.12473905113499022,0.09975545363507655,0.38240427689303685,-0.08863471553826884,0.10638865606233264,0.4114688791991185,0.2060499326634207,0.28265824096135916,-0.08002536501448757,0.2070215257307353,0.11628984720163539,0.09689090218459326,0.23284800768484598,-0.18300324282920366,0.310235752676909,-0.07919189826368941,0.027053933246509388,0.15098619050758283,0.2040879111219938,0.08250222100838489,0.11973040254403561,0.2595409183516508,0.5661876194871118,0.1268894267443941
-0.06956857500729872,0.01924900849202645,0.0700630044357383,-0.0054701160574982186,-0.16385234296764392,-0.2513569340980509,0.3266734474131138,0.2657377671880935,0.138311531349965,0.05430561703223052,0.18667928638922113,0.27017664472341774,0.6249493798442312,0.595147057438573,0.5826460696180901,0.09448781820065359,1.0,0.22947176101635855,0.6999817924400955,0.12931291575236462,0.5421734733799116,0.48759217577201625,0.23477706726437692,0.47341068407058257,-0.16332809081177463,0.0100581072299709,-0.0787414181177778,0.12276447265569818,0.32390621223108534,0.03528499540102151,-0.10253838498943647,-0.20201758599148012,-0.19919855344075793,0.40849602415954844,0.0529855689391585,-0.025308508267173967,-0.02658931592941745,-0.11636514319618017,-0.09039268683938735,0.08902868946378736,0.038493293025562786,-0.1806755004724548,-0.07249591114710767,-0.13091947036385926,-0.018670596988218453,-0.25165202213788146,-0.04378290310124973,-0.19513324480692137,-0.1395515289641468,-0.16076019701835512,-0.0760919042282349,-0.08072858521318582,0.2225936983007324,-0.14660381919265167,-0.23913598815882134,0.11124505178167252,0.07316852084315725,0.20127829627467045,0.19504848547633175,-0.04775246508386465,0.415799453145356,0.6258895805668829,0.5486816784858844,0.6148818549108614,0.5954154619854403,0.5062331486809125,0.11092955871781107,0.7407478912192472,0.48324276641898106,0.32906711369365466,0.38172792165726327,0.09577490433182964,0.35643652938794346,0.26687505959644825,0.4704441074999451,-0.1759141356251982,0.3632565162659434,0.14464179765122478,-0.005619229694646664,-0.10651579505821711,0.14168149954951986,0.041844425818319944,-0.2190903126363605,-0.2363561022009173,-0.06858285538488584,-0.05711209264508757,-0.027513046467361326,-0.14294504142219877,-0.006151329936681641,-0.04001739135894321,-0.20588441883527306,-0.06989034654009273,-0.07679198364772716,-0.1971109625206797,-0.25469864918740914,-0.38319850321300647,-0.1919814534027732,-0.09692229452925609,-0.13667755981026466,-0.005375939023509727
0.4812069728675965,0.542761295264387,0.3608298880235066,0.4980725100377022,0.45643213445969066,0.2183117824887223,0.12036609752345794,0.6106329010607473,0.40977997105625824,-0.01437926347280952,0.11218839173879058,-0.1810239554982122,0.06277213238779591,-0.063172384782247,0.0284430450429332,0.6240813815143039,0.22947176101635855,1.0,0.2364283045936418,0.7691187227082804,0.3931570940252407,0.1612781707052918,0.5003280500017265,0.4121234095853385,-0.08270784086592643,-0.16889866237219392,-0.25285905779016726,-0.18672637490621538,0.6280964623966799,-0.08606839136208244,0.19501552351443577,-0.33137131179190643,0.1594982247629093,0.7750440277633897,-0.011963622551004712,0.6297288643191471,0.17600588920385873,0.059052139545250494,-0.021966793177815656,-0.02366825825854107,0.5259316463087311,0.01810082593258808,0.11926736546025886,0.08917626847686147,-0.06522073527149669,-0.09308144115975878,0.17687074829931973,0.34228015156224,0.5088024134434577,0.22165977604701317,0.49960759569171465,0.4430811441415728,0.39414815303140177,0.36459696938304625,0.22030999167711832,0.28237414024216057,0.6026139630849889,0.38459232331603616,-0.07758147098248622,-0.11194667068488678,-0.1776743923226882,0.033753048981475374,-0.025749570709686736,-0.03401046620771059,0.04091521241630016,-0.05372880378246923,0.5198619364681729,0.28005424597157735,0.49419555547184263,0.856088074362186,0.35446836847252616,0.2446719343021011,0.3540460023418689,0.19244535081156608,-0.05201711510631018,-0.09085497476643804,0.4124969784868262,-0.18756141127424666,0.2532090824331579,-0.1795077052509975,0.0026573619757086038,0.4590910660526324,0.023720055627234744,0.02045839101676665,-0.25868233772512234,0.011527268960191368,0.15168394488915937,-0.2098107355540278,0.4123227509739475,-0.24420889721832434,0.1080776066153197,-0.18523209930026463,-0.21977946084413386,-0.0406938963864272,-0.055393361774797596,-0.11357436375565455,-0.19768701204524264,0.23996936107160907,0.5415634643335876,0.2071313989370552
0.046685125365328414,0.011821576830243992,0.07218983578664506,0.01897667234868105,-0.11917946689520294,-0.3239831234755093,0.29085478215282423,0.10708242687938119,-0.06672128934638,-0.09129207751397744,0.07607777767313663,0.06044595964828017,0.2862652213631184,0.7555336855554404,0.6023282926364589,0.06846670370963337,0.6999817924400955,0.2364283045936418,1.0,0.1175674699967666,0.7369936559971152,0.27311025933215927,0.32270545504773207,0.25678937934195367,-0.18755984165701353,-0.05655487852732233,0.13427133659185872,0.1602500714175841,0.3274723825847829,0.12048224919871041,-0.04213480500645113,-0.10542961993288316,-0.0583834826039322,0.40129148105942886,-0.13413634950980854,-0.09590361294494724,-0.026440202292269007,0.03232469729931659,-0.14666974311644362,0.007215530420751595,0.001324756944771448,-0.2523646283617277,-0.20330938097435558,-0.16419929280869072,0.23294532395330075,-0.21680965879660585,-0.00703502443894032,0.0012290102935498149,-0.23793513713745765,-0.20313829269594316,-0.039964024373016396,-0.07042090479836642,0.08401533202113333,-0.06297304339363803,-0.31008506936339864,-0.010395574935096328,-0.05484637169100454,0.1300788889621377,0.1173147616222308,-0.2714025157825013,0.10369990174196121,0.2907276431569398,0.5025019698696276,0.6526939340572409,0.6517914041481844,0.6087103588107631,-0.04873661508904439,0.6081827285598134,0.5167085754467915,0.2450611993759202,0.5936090654848948,0.16546433986608025,0.4499166533249202,0.032436937659882786,0.3092585442114086,-0.25680203705006427,0.3630147952120396,0.2694153803653441,-0.053075037121447566,0.00015382248884786957,0.1828447114886564,0.1018587407274862,-0.10564151825935728,-0.12322123127054237,0.17215561813096258,0.07100477477562321,-0.03762844869567008,-0.1087007022467501,0.07434805948221467,-0.04111455380490914,0.007855937334577599,-0.03754053536504588,-0.10158723680942992,-0.2874706873981711,-0.3006476240703942,-0.320564497141727,-0.13378475524958483,0.048694235423749566,-0.2329170708431042,-0.03431654156817319
