0,1,2,3,4,5,6,7,8,9,10,11,12,13,14,15,16,17,18,19,20,21,22,23,24,25,26,27,28,29,30,31,32,33,34,35,36,37,38,39,40,41,42,43,44,45,46,47,48,49,50,51,52,53,54,55,56,57,58,59,60,61,62,63,64,65,66,67,68,69,70,71,72,73,74,75,76,77,78,79,80,81,82,83,84,85,86,87,88,89,90,91,92,93,94,95,96,97,98,99
1.0,0.4202007391047648,0.23644355032691172,0.2826572784325731,0.0742209879512803,0.11001290153287704,0.3460890861778662,0.24559270516717324,-0.007098029782860641,0.13300838928567274,-0.0722835713192364,-0.4204893835691325,-0.27435030324118564,-0.2840461438043112,-0.16921125713411034,0.42585117316481164,-0.26363298419015546,0.01414795215499333,-0.2665675362445606,0.2942336708141086,-0.07183974966629741,-0.18614069230937438,-0.3152784763071002,-0.21692092554399,0.45723907196431307,-0.30192648312960574,-0.31110625177669415,-0.21625616786893584,0.18328923487349938,-0.5237453805952199,-0.10626927029804728,0.28098663926002054,0.17089938991056394,-0.02012641329341617,-0.3989853709737377,0.21560671711403095,0.15117972491307866,0.13627313668322494,-0.05652183420436903,0.062272856486846995,0.20973956397192275,0.069279044849227,-0.2306444206337058,0.040217795368568364,-0.3198924143360084,-0.1332400341125276,-0.1823314600599156,0.10546456451859788,0.43779103648649254,0.1419081148455096,0.2465942139905097,0.3253070404181171,0.34014563425247646,0.2675865386717981,0.025190789617546085,0.04897558436903976,0.1988497955435044,0.03271741269598303,-0.12880103212263017,0.003424372963635171,-0.27911950221912357,-0.23845094137455994,-0.2846253088714439,-0.05831492860422908,-0.11300430779996064,-0.18687979707419475,0.3956965734403359,-0.04631868972906781,0.03293608274474645,0.18390588441101222,0.01746736349522206,0.04489296101113031,-0.21060987076600118,0.10311190026899261,-0.07831886466510682,0.1224814677133673,-0.1300430779996064,-0.44299927838883907,0.211340228728871,0.12571341103409067,0.04407950842973038,0.22067306641009382,0.07585226651505543,0.13276333340622334,-0.05548533817323041,0.1608668080732982,0.24737705276508276,-0.08866195797161663,0.43324659421399053,0.37835166517242136,0.31493735103102927,0.23137040519560037,0.0804530843410378,0.09889571625374473,0.1939734534560801,0.2877785309746124,0.17136734381491767,0.28046183114298834,0.40445649559379854,0.37245194725678427
0.4202007391047648,1.0,0.5550108241674138,0.7331919267017997,0.6338457501476022,0.33352867857689533,0.6380573352867858,0.816487721676762,0.13634952220594346,0.33325570538134697,0.13258402396623734,-0.2732675865386718,-0.46915928927811085,-0.4411979195711451,-0.531844919201417,0.398631125494741,-0.35215061992958824,0.30117863156283486,-0.2922962541820647,0.3187859438892655,-0.40405677118037225,-0.09047691937635302,-0.1281319017734141,0.043758111301015964,0.2679539043537207,-0.1006450766438521,-0.3335330519778706,-0.047335557210189026,-0.07400231790251689,-0.2436203013273272,-0.060698432135750366,0.30221512759397345,-0.04844853600402353,-0.26365951286835737,-0.49145218779383787,0.2395445535246162,0.21608536878703724,0.125050977510929,-0.09769303098554591,0.09680085718659115,0.08447223983730949,0.02585991996676215,-0.304244385646498,0.03940434278716844,-0.48819400406726293,-0.20244473114517506,-0.35753864993111895,-0.1745205659180862,0.21091186603396092,0.014983271741269599,-0.10315540880365616,0.7270808937933692,0.5595416675777919,0.5760731232643065,0.405637313857121,0.18426470475695425,0.7179724913078656,0.36000087468019504,0.10243817104371214,0.02829590430998666,-0.18644922093254343,-0.47677942752181235,-0.38099319936148346,-0.37202335396120795,-0.30977673788021254,-0.5521506199295882,0.4916446174367497,-0.2696813977389517,0.0253963394633837,0.27932474688941855,-0.23235442041503576,0.023528897246944087,-0.18330672847740045,0.1553960232581688,-0.06590277929631978,0.19049222627976645,-0.08921737989547572,-0.22984408825523167,0.007443528459906847,0.015962913559729723,0.20748288906868426,-0.05442697513721546,0.0225580022304345,0.04015219435393934,0.1111543591874221,-0.0007216111609192889,0.29086177866217666,0.10807548490083313,0.3824407950842973,0.341475148148958,0.11491548402615294,0.1783429183704708,0.14772036474164132,-0.04407950842973038,0.2655572806192736,0.2948546937525967,0.03619426647132142,0.09680960398854169,0.11591261944851414,0.10810609870766001
0.23644355032691172,0.5550108241674138,1.0,0.15668583674094158,0.43486037917386455,0.7518051212525421,0.2192210972863047,0.6177735015634909,0.6030045264700093,0.2031425107067654,-0.06880234414292274,0.0042903063567383175,-0.29930932989601533,-0.28487927760100734,-0.4150357525529728,-0.05856421245981938,-0.22732938269445235,0.12025103321598041,-0.1645098510856968,0.19638319739345303,-0.28547624748682904,-0.24239137565327676,-0.07088845640812579,0.0917212522373252,0.2425794318952133,0.05498677046204981,-0.16676215258796004,0.0935187220034256,0.08358881284030527,-0.04070761627779843,-0.3507117710087249,0.0487153134635149,-0.09290853031860226,-0.3450595275193153,-0.4881371498545844,0.01925173214202911,0.0577857470862216,-0.15737044605468073,-0.25705976252432705,-0.21860882114976712,-0.2069099735409241,-0.18921956659596334,-0.46421901992084147,-0.12534604535216812,-0.37370711333668627,-0.35131967374428724,-0.3955697448120531,-0.336178959567908,0.19017536263745227,-0.20307012748463843,-0.23427871684415386,0.5800994731142882,0.05601014629026262,0.08743740569854147,0.6409918873411908,0.6106061649717902,0.5626948896809604,0.6989831842732501,0.22108416610176904,-0.05422142529137784,0.05449919584004902,-0.3273140757910389,-0.015096980166626577,-0.15867573418468872,-0.10753755658087512,-0.39449826157311235,0.3082373007369181,-0.0015044499354923357,0.24176597931381338,0.22920119831186722,-0.04130239881043493,-0.17218516979729287,0.08866195797161663,0.08391481470972964,0.22521703002339769,0.3976602304782314,0.2704292493057226,0.1152391156983228,-0.07097155102665588,0.0037480046358050337,0.3646016925061774,-0.07186809822658591,0.017069384006472635,0.0971551026655879,0.18970501410421814,-0.04073823008462531,0.20557171284249195,0.23520150444993548,0.34531936760621895,0.13081279657125364,-0.20063851654238918,0.04887275589862457,-0.012385471561960158,-0.19365419518488552,-0.04278060834007566,-0.04613500688810654,-0.20440838818307056,-0.11080011370842535,0.07647766285451882,-0.07658262447792526
0.2826572784325731,0.7331919267017997,0.15668583674094158,1.0,0.4414904550523715,-0.0848308587172815,0.706037480046358,0.6785112943080186,-0.12210098182851895,0.21216703348620133,0.23943495659399533,-0.26190111740394917,-0.3897754146811001,-0.3250686898043641,-0.3815923552950952,0.4352321182567624,-0.3574599287135641,0.1461328201876189,-0.29178019286698303,0.136178959567908,-0.37501298354856505,0.0672016793859745,-0.14749294789092737,0.004246576989984159,0.08058865977127112,0.06190111740394918,-0.2458507358247141,0.018044672153114973,-0.25039907283899326,-0.0949946425838053,0.3027486825129562,0.26965953073407534,-0.006083400756598369,-0.23002146248888963,-0.26014738361286655,0.14257740108184713,0.06290699962826092,0.2792091570371408,0.095576304913516,0.2729045942577245,0.1299468631781505,0.17402637160788087,-0.10681157201898056,0.11277689094924669,-0.35086484004285934,-0.02221687695436356,-0.19593711049397564,-0.08717500164002537,0.02654219953884023,0.03626424088692572,-0.02044564955937985,0.4623914438692535,0.6187443965800005,0.727445277820297,0.029319280138199472,-0.14886635856032007,0.6168638341606351,0.023253372985502174,-0.022855393496752748,0.1429227438717719,-0.25248108775363076,-0.321939165992434,-0.39873608711814745,-0.2994117775688264,-0.33784522533948524,-0.4013819947081848,0.39777393890358836,-0.31582952482998405,-0.04577638800813453,0.12471190221075419,-0.29766241717871905,0.0637816798233146,-0.2557083816229691,0.0955327798055679,-0.2110209704576764,0.0028645776388008136,-0.23365332050469048,-0.20074347816579563,0.0970020336314535,-0.0022173142944610876,0.11929325840239663,-0.03018084013032735,0.010220638079202291,0.07904922262797665,0.08591983556012334,0.0595307340753537,0.1048260479762087,0.08413548796221382,0.13412783451050708,0.23778181102534385,0.15313026174804836,0.21078043340403665,0.14272156742690953,0.14152325555968598,0.2636154905862544,0.3938466248277973,0.15480964772255143,0.15282412367977957,-0.036762808598106315,0.06209354704686099
0.0742209879512803,0.6338457501476022,0.43486037917386455,0.4414904550523715,1.0,0.36462793291202905,0.26481380245347796,0.6820843629048129,0.0702761802715882,0.41943147911887824,0.11456123854715619,0.02418490739323435,-0.5623653127699156,-0.5409727985098667,-0.5836828409612735,0.05673613085215718,-0.40980953838752704,0.2619929588244298,-0.37272747151822616,0.1943058319302005,-0.42243819557677126,-0.07041612910279679,-0.23393321816710766,0.36814017640154123,0.2641271785003608,0.12509238809560255,-0.08546500185869542,0.13404269974718794,-0.1693162187575168,-0.00812577901204872,-0.019356672716538015,0.21579235092169424,-0.09907502569373072,-0.15370771873324743,-0.22226061096411626,0.17627667914191195,0.30635236491657736,-0.003618993263863946,0.008856136974918546,-0.043248562244429384,0.13570225886160373,0.10531586888543876,-0.07687564234326824,0.09106295510703899,-0.3191576829721633,-0.07462771424198028,-0.2128359318624128,-0.17886335308652773,0.01848638613456544,0.0011502044564955939,-0.2607465395464783,0.3928411721167117,0.27865998994117774,0.49236185519669373,0.6721567426909536,0.1503708101407058,0.49479346613894293,0.41005882224311735,0.3639675493647635,0.1500907480702368,-0.07427792337578883,-0.6224617874089786,-0.423935623537644,-0.6006428899433645,-0.4902188887188122,-0.6347335505455818,0.21964531718090574,-0.5693730729701952,0.022295598171918393,-0.07307078349478471,-0.37079442828715753,-0.07622400559795325,-0.2542301720933284,0.008851782930162491,-0.06121012004985677,0.2584636242373882,-0.05116004460868995,-0.08777415757363714,-0.023695086484004285,-0.05509173208545626,0.2871400144322232,-0.1644792372788699,-0.03222759178675297,0.06333559292383723,0.07201679385974503,-0.11035402680894797,0.2630075878506921,0.21049178893966894,0.127690188274912,0.1834379305066585,0.04932321619907721,0.08666331372591896,0.2075878506920907,0.08806280203800486,0.29889134285276947,0.20471889965231463,-0.16706391725525355,-0.14939975071614442,-0.07654326386914784,-0.057125363538956066
0.11001290153287704,0.33352867857689533,0.7518051212525421,-0.0848308587172815,0.36462793291202905,1.0,0.007098029782860641,0.4096520959524174,0.8268526819881481,0.3491661555250775,0.059989941177756884,0.24990925192976318,-0.042069976678838945,-0.19176072222434132,-0.18967440029739127,-0.07859438892654873,-0.14653954647831888,0.02650280991012661,-0.05686733288141523,0.17419256084494106,-0.02527828527508593,-0.12260829634165009,0.027403730511031905,0.18852877536996615,0.3340010058822243,0.172806192735781,-0.062408431917080315,0.18928537456591596,0.19349675274977587,0.16621547746605148,-0.2901620345061337,0.04334915046686055,0.05496490345717347,-0.3289544608194011,-0.4777546959392972,0.010806685625387082,0.12443200454833701,-0.13636716490699904,-0.1039251273753034,-0.10753755658087512,-0.32566967702433797,-0.019527235354573486,-0.30097745511797247,0.003004526470009403,-0.3126544357219392,-0.27528372438827053,-0.3384487546740723,-0.28214996391944197,0.23684397546970867,-0.23248999584526908,-0.34156698956943865,0.424952903887009,-0.07607093656381886,-0.12534604535216812,0.762476219632197,0.877110578285034,0.3469375259670683,0.8655878944261004,0.4471627561172946,0.14374056985414707,0.35414527797934836,-0.06576720386608646,0.24342787168441538,0.04977367649952986,0.026437208895497583,-0.117898143491286,0.23029017515470906,0.052301502263235,0.18416391506855306,0.10822855393496753,0.123063130043078,-0.33593404911329294,0.2616474601473836,0.14614188655845345,0.4073516870394262,0.5858520478450067,0.4407469768865758,0.3453018740023179,-0.2307537556580875,-0.12480811703221009,0.3326233845750148,-0.09502088298965691,-0.059452012857798865,0.028838206030919945,0.1071395770921257,-0.13086965078393212,0.18526163871334544,0.270761627779843,0.2922700137762131,-0.03209638975749492,-0.32507489449170146,-0.11627561172946141,-0.11434256849839278,-0.262517766941462,-0.1195031816492095,0.026857055389123353,-0.20780652074085412,-0.23609367824889024,0.07298331547527935,-0.18187662635848767
0.3460890861778662,0.6380573352867858,0.2192210972863047,0.706037480046358,0.26481380245347796,0.007098029782860641,1.0,0.6866676871268942,0.016098488989963043,0.11755496004354192,-0.009332837681222802,-0.37960683125232336,-0.32228064363431785,-0.24222763795649602,-0.3589556318471059,0.6069449607487263,-0.10118737836478538,0.32293630141479523,-0.0666768712689423,0.48565743150160723,-0.12489572160655779,-0.14248103037326978,0.047237103933874175,-0.07310585063293018,0.04747764098751394,-0.025466313878987994,-0.37869279044849224,-0.1708536560033122,0.01235485775513328,-0.33943714329448293,0.12868295029629792,0.2092497430626927,-0.01063611117185279,-0.24319853403453565,-0.41106033106645384,0.08760150401429218,-0.11030591939822003,0.010340917912273475,-0.20991012660995823,0.3700640703242877,0.1316743565633815,-0.1916074435284599,-0.4378036780302202,-0.20727296582187138,-0.4194528875379939,-0.3595023069690145,-0.42704073823008465,-0.22903500907480703,0.0723208242995603,-0.14099407404167852,-0.03235442041503575,0.45936286038257584,0.7275546128446787,0.5042137718396711,0.04498917583258621,-0.06117519972801073,0.6524501978963941,0.11781067547178063,-0.14861253854059608,-0.05043843344777066,-0.3417226189267737,-0.34884432879228533,-0.32102512518860293,-0.19708731495047124,-0.24545275633596467,-0.3526142004329667,0.7174608033937592,-0.2338719905534539,-0.06307756226629639,0.47648203625549407,0.032564343661848634,0.10509719883667534,-0.00914915484026153,0.28358287285032674,-0.042986158185913274,-0.018674422164396142,-0.10080251907896176,-0.2717456429992784,0.12654873062036692,0.08062802038004854,0.07103277864030964,-0.021210994730051825,-0.10662788917801928,0.11544029214318514,0.16476788174323762,0.025610636111171852,-0.03225820559357985,-0.011830049638101069,0.4113227351249699,0.31565896219194856,0.14546368983840283,0.20460081782598238,0.021919485688045307,-0.11562397498414642,0.0588790973300387,0.1311757888522009,-0.05502175766985196,0.10920382235245238,0.09719446327436532,0.0711071264568892
0.24559270516717324,0.816487721676762,0.6177735015634909,0.6785112943080186,0.6820843629048129,0.4096520959524174,0.6866676871268942,1.0,0.2943473792394656,0.3228054523251501,0.03672782139030417,-0.19391222584242637,-0.5048747073921228,-0.5136630662606843,-0.5933874177253942,0.25813999256521836,-0.37045767641206184,0.240781964094378,-0.3486956331591262,0.33298637685596205,-0.4040305307458306,-0.20373051103190395,-0.12734906299884105,0.16826022638944957,0.1724432004548337,0.15049747436093677,-0.26219850867026745,0.08249992619882716,-0.09649909251929763,-0.12498305307122083,-0.016653910913822133,0.1372854300146509,-0.10378080514311955,-0.45839633771029314,-0.52032538103256,0.01634341731366715,-0.015320023616365266,-0.06344281061298167,-0.20365178981434912,0.1259976820974831,-0.042763114736174584,-0.13934530187400232,-0.4661476897509348,-0.15922678270757254,-0.49772801819334805,-0.36147908420983577,-0.5244451247512628,-0.42548380748288905,0.014773364646927384,-0.24424132426581532,-0.2381229363014148,0.642888459566608,0.47338129496402875,0.5210382453915288,0.46873236972731847,0.20850649286764653,0.8536966171743456,0.535706632262579,0.14414292274387178,0.0836238000481074,-0.14294258046255123,-0.5400144322232184,-0.30385077955872386,-0.4119525048654086,-0.3773632765520107,-0.5861319455074239,0.5575648903369705,-0.38374406857492727,0.045981937853972144,0.3204084756510901,-0.1762917933130699,-0.05740526120137325,-0.00809953860619711,0.17343196831942873,0.0861734928166889,0.2939450263497409,0.0753449520019243,-0.012770330847783779,-0.01572674990706523,-0.0031444753012179923,0.3157420568104787,-0.10530712208348822,-0.030823730073691807,0.16983228007259846,0.28400428593295574,-0.04095690013338873,0.10552141873127638,0.2729658218713783,0.31212525420393167,0.2250071067765848,-0.04993549233561479,0.15900373925783384,0.08995211125932082,-0.04507664385209158,0.12472502241368,0.12336052130939625,-0.13266274518379217,-0.053136821849511275,-0.07929413308259167,-0.13443397257877587
-0.007098029782860641,0.13634952220594346,0.6030045264700093,-0.12210098182851895,0.0702761802715882,0.8268526819881481,0.016098488989963043,0.2943473792394656,1.0,0.1947696253851128,0.093442085237585,0.3076162777984299,0.22729683070231896,0.07282157925872938,0.04861035184010846,-0.1270779121383744,0.020594345192538978,-0.15313026174804836,0.14098970064070324,0.08488771292995999,0.18727142121484724,-0.13573724606940588,0.11162668649275109,0.11957984690900296,0.13908727121646147,0.19658000043734009,0.01649646847871247,0.19834269788852893,0.23875707944282873,0.2904550523714767,-0.15238678358225274,-0.11043712142747808,0.07187684502853645,-0.4123225080609799,-0.44333603026393475,-0.13750643710668067,-0.145922896940806,-0.12702994361594222,-0.11628435853141195,-0.04518597887647329,-0.45646060659071525,-0.09013579410028208,-0.30846034418665674,-0.05176794734425226,-0.19960639391222584,-0.24088255231680916,-0.3422536135225558,-0.32915090420065163,0.11411527641571231,-0.30236382322713257,-0.33567164505477687,0.32916875770149095,-0.10938313179243839,-0.26363298419015546,0.4805755395683453,0.7944204089357801,0.30619492248146774,0.8748288906868427,0.34430036517898144,0.1965275196256369,0.422455689199799,0.24610876648225494,0.4859898099757276,0.2951214712120881,0.24921825457567076,0.18796002711508605,0.15525136122105354,0.2774791716778553,0.09670464236513525,0.1190614681507074,0.35385624630994295,-0.48816339026043604,0.4028164702280729,0.11249067916905854,0.4902188887188122,0.4979598084450373,0.5245544597756445,0.48899433644573703,-0.3086658940324944,-0.12999059718790318,0.2079333493691369,-0.162183201766854,-0.08819837746823818,-0.05109007019308565,0.1016553322691391,-0.17529028448973344,-0.08729745686733288,0.16722573309133848,0.07886553978701537,-0.21831142988344887,-0.472782139030417,-0.1717215892939144,-0.17882399247775033,-0.2684612188668518,-0.3755002077365463,-0.08035249611860663,-0.15497583695961165,-0.2804093503312851,-0.08501891495921804,-0.30796614987645143
0.13300838928567274,0.33325570538134697,0.2031425107067654,0.21216703348620133,0.41943147911887824,0.3491661555250775,0.11755496004354192,0.3228054523251501,0.1947696253851128,1.0,0.5008205602554439,0.4096569172521279,-0.18476566172981507,-0.43596780295161475,-0.22701255932811817,0.25265383728102975,-0.19557651874726736,-0.0997770656416,-0.22046775761286452,-0.005770708896276105,-0.08683625294931874,0.16940387199488816,-0.12983767011189465,0.45826126317216587,0.4417052346389496,0.34647432428168384,-0.21257157351871786,0.3024781930817019,0.10451783748211785,0.05085614884452193,0.06835195857514152,0.23332775724113272,0.2181717195904735,-0.3325738177031285,-0.266285743025397,-0.09996741809148738,0.17922435462208633,0.09421200982268008,0.21134701990677598,0.3826139627541186,-0.07058676891693545,0.1974111624623017,-0.007834956413549558,-0.02828281503010047,-0.428773073815692,-0.20075681786635718,-0.38739409524644886,-0.11166616919182856,-0.01179508822262409,-0.15747540779284716,-0.17082522886589213,0.1489036953132346,0.1918569371509939,-0.015311293555030423,0.3151716725764196,0.2660126960107936,0.18006623523029638,0.2916012022494169,0.6989380277474906,0.48983019158826546,0.4314938039706194,-0.17674900696366097,-0.032116105176054247,-0.14657032053792904,-0.18385360461580233,-0.2360655092449742,0.3872104122046576,-0.14758495067353802,0.10167075033435298,-0.025015880929669814,-0.0828148114133265,0.03875056170932507,0.08936617323721556,0.5751915829252183,0.424345000486795,0.5319154751872537,0.3922879362884594,0.14159557148941515,-0.0003848597066103048,-0.08050346647078621,0.32195701160830464,-0.05622013100540305,0.0015328787178058164,0.24679128686385798,0.16997241474328975,0.06762815992236873,0.24400761409956867,0.3878401826336562,0.044134224196112404,0.2019595044495144,-0.07882626536300152,0.12342844397510601,-0.006352371861948498,0.06830385111181524,0.21184121475730966,0.28272974867147366,-0.1041154841524798,-0.10193752808552603,-0.07026532359380071,-0.09587380100353525
-0.0722835713192364,0.13258402396623734,-0.06880234414292274,0.23943495659399533,0.11456123854715619,0.059989941177756884,-0.009332837681222802,0.03672782139030417,0.093442085237585,0.5008205602554439,1.0,0.3792700793772277,0.2611229375293349,0.12722237346924736,0.2371695348888063,0.023078436946491438,-0.07565109007019309,-0.006223349587806958,-0.06188362380004811,-0.08297653670376769,0.155426467195723,0.22825654370120924,0.14594913734665763,0.11629541918554456,0.16668780477138045,0.3232380660820887,0.15431545341234612,0.11132285683990914,0.03054383241127463,0.24120181058800377,0.0784063326846122,0.07811768822024448,-0.04428943167654326,-0.12097277664258684,0.14849883011523912,0.12237226648480613,0.15442041503575255,0.2863487419353376,0.20603091994489514,0.1519494434847259,-0.02113664691347226,0.3490280116332466,0.18569023200892174,0.3110406507620651,-0.00519560035861888,0.2324462618355164,0.06665063086309068,0.12366665937766504,0.0963439421224058,0.16838031094880934,0.16409875139402155,0.012556047928161194,0.2253963394633837,0.200651636745315,-0.021237235135903434,0.1290570171842817,0.01693818197721458,0.04702280728608602,0.4962847958715095,0.458704161291028,0.3649891375536694,0.17599877544772694,0.01022501148017756,0.020030176466729353,-0.040882552316809165,0.17102184513787147,0.041101222365572586,-0.029502962979160743,-0.2555203253810326,-0.18307493822571122,0.07545866042728128,-0.09123351774507446,-0.032236338588703506,0.2239011259350785,0.021687695436356083,0.18684918326736788,0.03221009818285189,0.07452275261857383,-0.225352605453631,-0.08212809691456562,-0.21095536944304738,-0.2547112462006079,-0.07251098816995036,-0.20940718549780238,-0.16866895541317706,-0.26183988979029543,0.045710786993505496,0.021901992084144235,-0.15204128490520655,-0.09666528175635783,0.0937613435087796,0.09115916992849489,0.2558570772561282,0.10504909142594739,0.12504428068487458,0.318191161356629,0.004220331941134023,-0.05795630972425707,-0.026607771533533053,-0.012079333493691368
-0.4204893835691325,-0.2732675865386718,0.0042903063567383175,-0.26190111740394917,0.02418490739323435,0.24990925192976318,-0.37960683125232336,-0.19391222584242637,0.3076162777984299,0.4096569172521279,0.3792700793772277,1.0,0.30749853217587664,0.14515333707268202,0.2611926264459557,-0.33162624915265354,0.3172071461371936,-0.2669742625352605,0.18163171590387264,-0.27660011808182633,0.2636463926510865,0.29423804421508387,0.11069515208501891,0.5776350589702551,0.011152172486934465,0.5327633334062234,0.26012114320701496,0.40258293344028506,0.16369639850429687,0.5473442522577683,-0.027150073254466337,-0.2718680982265859,-0.040160941155889876,-0.19262446986133605,0.2890992980691435,-0.2282130592083969,-0.02080864184032713,-0.10663237916559605,0.14496074872624698,0.11480614900177123,-0.3213268898558964,0.11790251689226126,0.18270757254378867,-0.06531674356563381,-0.010369333712361418,0.028142835275852266,-0.01174695501957097,-0.11477116179396908,-0.26924872542572065,-0.20345061336948678,-0.14903238503422186,-0.23454137733868224,-0.23785178544094815,-0.3099341803153222,0.16103737071133367,0.2520874812355066,-0.23570881896306664,0.2299228094727865,0.6604360280772342,0.378622816032888,0.6882231836429992,0.2682600424219895,0.31251886029170584,0.1636482910935689,0.15589862456539327,0.2490214515317837,-0.1439854803087621,0.23843782117163412,0.013592530231134242,-0.4008571865911526,0.10856093240908793,-0.15435918742209878,0.2042946797577136,0.1867949242201755,0.4576370514530625,0.3618070892829809,0.4710327786403096,0.48259167741794406,-0.2523146224661608,-0.2722966915221622,0.09019264831296057,-0.333213793706676,-0.2415997900767532,0.014471583827163194,-0.07949093612647876,-0.2070630425750585,-0.03694649143906759,0.17800616649537512,-0.35443790863965363,-0.37065010605497367,-0.2930528525507861,-0.12601517570138418,-0.18370908136712513,0.033727668321270034,-0.14269532702105792,-0.16088430167719928,-0.3074282215564934,-0.46493625768078545,-0.30738448754674075,-0.350842973037983
-0.27435030324118564,-0.46915928927811085,-0.29930932989601533,-0.3897754146811001,-0.5623653127699156,-0.042069976678838945,-0.32228064363431785,-0.5048747073921228,0.22729683070231896,-0.18476566172981507,0.2611229375293349,0.30749853217587664,1.0,0.8265964588494868,0.8679067458695637,-0.23209664352055542,0.5995283281894732,-0.23648972960339693,0.6491905372623518,-0.12438184643011789,0.6932052507166927,0.006938408233377825,0.49968347475864067,-0.17284811801210997,-0.16576301170223953,-0.018311449904288027,0.2800226105079307,-0.16451786428869758,0.3272991267404011,0.37373594906753993,-0.005407716218450476,-0.2877613519948277,-0.08677055692047447,0.030150292253159242,0.21001094444803226,-0.13375638791276795,-0.21899829327853426,0.019216765906640804,-0.03717176223107143,-0.058063521531951275,-0.25168512790586856,-0.00982704273583358,0.12261061709855911,0.16764138947484325,0.2766922620240245,0.20706326896785787,0.15840912992195286,0.131503937705287,0.06181378455267664,0.06013214245498166,0.2944898367518726,-0.2653654312510797,-0.2171308490203229,-0.4035953768730156,-0.3141373621149044,0.17241077695824925,-0.35899101155803265,-0.04388056666221015,-0.005864737120050214,0.0035009113084266933,0.3640536267600244,0.8357250396071554,0.6417579341784403,0.7370675658393309,0.6196700484030386,0.8806792773826931,-0.36378645097051215,0.5992681105469355,-0.26046473996291614,-0.15233665602844823,0.6327662119421813,-0.26960734469778935,0.34172917903540906,-0.05007560541737949,0.10901369860024732,-0.14278076444954463,0.1764494286693109,0.3078943253968793,-0.18765190751570063,0.025092415530416183,-0.4047783831302666,-0.2139754367666941,-0.10651648391303727,-0.3868539796354673,-0.24565201466417633,-0.24292956958048412,-0.3278064418082056,-0.29654533745763223,-0.22997335502556335,-0.445265186925095,-0.01803155193584417,-0.014751497618142708,0.004275004127404238,-0.11673057305835961,-0.32246432667610914,-0.07773510062664617,0.05116447395038587,-0.1228948884727599,0.003076690950003971,-0.04232800761849813
-0.2840461438043112,-0.4411979195711451,-0.28487927760100734,-0.3250686898043641,-0.5409727985098667,-0.19176072222434132,-0.24222763795649602,-0.5136630662606843,0.07282157925872938,-0.43596780295161475,0.12722237346924736,0.14515333707268202,0.8265964588494868,1.0,0.7874295198333191,-0.2540402069059782,0.5632465540299381,-0.14989410891319987,0.7142055872449516,-0.13210309429398714,0.6134014419134546,0.02223658157113744,0.4887412135547886,-0.2557089407818346,-0.25160421989936527,-0.17555506719201763,0.28349290797605886,-0.2614468554084875,0.14311751669282866,0.2658112285007695,-0.03314822893469097,-0.2537231349886004,-0.17652158986430033,0.13175555259135507,0.28640778291305624,-0.022726427863873223,-0.24795898620095969,0.04112973941033306,-0.09037424326418914,-0.21014652002649725,-0.16887250319542052,-0.049496019654115056,0.08418806082100418,0.13390712416872294,0.3264966067840035,0.27266216861900866,0.29513710080389904,0.11201822835526185,0.0322014217957661,0.15550300179646936,0.33391390294776574,-0.30580417179631275,-0.15608029135638482,-0.27729797872136003,-0.3399732566239996,-0.00837945459197173,-0.3820979008748002,-0.16193628166492116,-0.1545933333990268,-0.12544677073193164,0.11846694466979657,0.6968431663899186,0.4241394504162191,0.6267156050774614,0.5545565967909076,0.7955072002663786,-0.4768411764901677,0.5323768694946104,-0.3012882960010285,-0.1932017594212515,0.5520462618864268,-0.32209258718676964,0.11941147078736095,-0.2768852973432064,-0.14680648444880356,-0.3011636539369559,-0.12103181762030547,0.11581871795803861,-0.09669600128583909,0.07798219805191302,-0.5120339726162259,-0.2686233284024789,-0.1670640999149278,-0.5211394034021651,-0.31870975783378025,-0.3236363994189678,-0.3962349349840935,-0.4314364779216656,-0.25624659011035206,-0.44108421102146483,0.08342708821929744,0.07938606129988925,0.10300463909021823,-0.09900297282262245,-0.2833617058033508,-0.14306066241798848,0.03228229459481779,-0.14665778865306775,-0.006019993024421416,-0.02574405298819954
-0.16921125713411034,-0.531844919201417,-0.4150357525529728,-0.3815923552950952,-0.5836828409612735,-0.18967440029739127,-0.3589556318471059,-0.5933874177253942,0.04861035184010846,-0.22701255932811817,0.2371695348888063,0.2611926264459557,0.8679067458695637,0.7874295198333191,1.0,-0.2529268986026984,0.5478209529640725,-0.19594585729592617,0.5363538956069187,-0.11696223568257856,0.7538701907574762,-0.07306203669283418,0.42937613435087796,-0.22828522040338634,-0.10029957796680589,-0.14610220638079202,0.2308805842863703,-0.3010827459304526,0.41235485775513325,0.25861231987054734,-0.01558680107585664,-0.36847215236929,-0.16677089938991058,0.11031041340717862,0.2683300168375938,-0.09611871172592364,-0.1995976471102753,-0.04529536342457872,-0.08047495134591415,-0.13407535369880388,-0.17829918436071812,-0.026148564431129867,0.09313594716931622,0.12015919179549978,0.28464280247534496,0.15082110603310664,0.16744877654107718,0.20137762130720954,0.08795356317772546,0.1214580918851545,0.4566180490258249,-0.31209498162641564,-0.2117163412127441,-0.34730051824801556,-0.38080076971857163,0.007548498336470297,-0.4260917102184514,-0.2283046511119372,-0.010710458988432354,-0.04641490455052372,0.3104396475474156,0.773882049375697,0.5103277864030964,0.6966171743456299,0.6233539612079334,0.9249917998731714,-0.37311233080404976,0.5474492138811747,-0.2332728346198421,-0.15112724410137543,0.6400384859285824,-0.1529203385012355,0.2660908355382563,-0.026104887505009833,0.0507926789267674,-0.18803874833264086,0.14707310139730162,0.16783800922787606,-0.12353983074938225,0.06870612932146684,-0.4425881786971638,-0.16742690953620082,-0.05382781920360368,-0.3461459403905447,-0.3307821827644268,-0.20574227548052743,-0.29046379917342724,-0.41284030526338805,-0.24066388226804575,-0.44451247512628195,0.08131027093219041,0.08036998972250771,0.023454549430364523,-0.03315912619448514,-0.21160700618836237,-0.12336926811134678,-0.04353283330782183,-0.07656075747304891,0.08996960486322189,0.04628807592224093
0.42585117316481164,0.398631125494741,-0.05856421245981938,0.4352321182567624,0.05673613085215718,-0.07859438892654873,0.6069449607487263,0.25813999256521836,-0.1270779121383744,0.25265383728102975,0.023078436946491438,-0.33162624915265354,-0.23209664352055542,-0.2540402069059782,-0.2529268986026984,1.0,-0.026992630819356673,0.16668780477138045,0.09056438739585838,0.3398701099910345,0.052321239773095246,0.19039601145831056,-0.012827185060462269,-0.10756391459182327,0.20510375893813823,-0.2258424263628611,-0.48673766154249853,-0.17792763981515503,-0.017082504209398438,-0.3881043493472699,0.21348319520675252,0.45971879031729024,0.4885832367540618,0.08526610534008873,-0.303527147886554,0.10827240632444678,-0.10039141938728652,0.27739200694513416,0.16206074653954647,0.4371957752946579,0.22054186438083576,0.029201198311867224,-0.027106339244713652,-0.14207867748354508,-0.35763486475257483,-0.24487109400625395,-0.1714198246266209,0.16745314994205243,0.0879776169093886,-0.07589600052480812,-0.11693162187575168,0.155492068282077,0.4572609389691894,0.1194507008375063,-0.14715619601583171,-0.13437289188183654,0.21682010015088232,-0.12955325709037632,-0.17421442784981742,0.10057947562922306,-0.17265331247229107,-0.1342940237475673,-0.12318995867136079,0.03753252716975356,-0.0343967986704861,-0.2209092300627583,0.5321947912794385,-0.08359318624128054,0.023939996938619316,0.34419977695655024,0.016120355994839387,0.16480724235201505,-0.041857820734294025,0.19694123666976887,0.03142288600730358,0.01263038201657519,-0.1452187793837878,-0.2946447705057838,0.17645360914915484,-0.009114167632459383,0.05691544029214318,0.2532898908836457,-0.027325009293477073,0.21835516389320156,0.017979051409328463,0.3239640506439833,-0.06858367409415932,-0.10921694255537819,0.25008856136974916,0.3481664516411187,0.0609433425903654,0.06600774091972622,-0.20500754411668234,-0.20482823467669634,0.09386193173121078,0.1636920251033216,0.056171962126347556,0.23744943255122347,0.1250574008878004,0.16925499114386303
-0.26363298419015546,-0.35215061992958824,-0.22732938269445235,-0.3574599287135641,-0.40980953838752704,-0.14653954647831888,-0.10118737836478538,-0.37045767641206184,0.020594345192538978,-0.19557651874726736,-0.07565109007019309,0.3172071461371936,0.5995283281894732,0.5632465540299381,0.5478209529640725,-0.026992630819356673,1.0,0.07663510528962848,0.728700443900199,0.19074151013535676,0.6133373568669963,0.0017624805930331723,0.5604688285845488,0.04016317176881516,-0.2615250049200761,0.030583193020052045,0.1252367103277864,-0.22001073671126478,0.5290678095821215,0.13074719555662462,-0.04494106842185826,-0.34151013535676017,-0.22180577726268833,0.06276055931489977,0.2821849511272441,-0.15628146802120385,-0.2516279985130437,-0.26949144944523057,-0.3279001115217249,-0.03391572456320658,-0.11885591830486979,-0.28447661323828477,-0.097776125604076,-0.2680851063829787,0.14680632393781023,-0.17426253526054536,-0.04882027508692134,0.06571472305438324,-0.06400697995562632,-0.12216220944217271,0.22280291268504954,-0.1859572127848882,-0.07110275305591393,-0.3599483938684918,-0.28406114014563427,-0.06733076833089714,-0.24290743696835845,-0.11733834816645164,-0.13708862697076382,-0.11553650696464106,0.16114250852003742,0.41900680063851653,0.30563075375565807,0.41152391156983226,0.5156852025978002,0.5323259933086965,-0.11627998513043668,0.5086177866217664,-0.20961273534363997,0.09815661148892436,0.5772014607159257,0.04459994314578732,0.3927445277820297,0.07982567585612196,0.15574992893223416,-0.2539152872231091,0.28924362030132733,0.06327873871115873,-0.14377555706194922,-0.07790339157245632,-0.27303579628698255,-0.30954057422754805,-0.207478515667709,-0.16193829131223897,-0.1337692156305351,-0.1776344274124773,-0.29474973212919026,-0.3319979882355514,-0.02346766963329033,-0.336423870022523,-0.06383416063501782,0.04331853666003368,-0.16547199930025586,-0.2252039098204719,-0.2542039316874768,-0.3937372898034156,-0.27036364829109355,-0.16454483829349895,0.024779689925870853,-0.022431173602151713
0.01414795215499333,0.30117863156283486,0.12025103321598041,0.1461328201876189,0.2619929588244298,0.02650280991012661,0.32293630141479523,0.240781964094378,-0.15313026174804836,-0.0997770656416,-0.006223349587806958,-0.2669742625352605,-0.23648972960339693,-0.14989410891319987,-0.19594585729592617,0.16668780477138045,0.07663510528962848,1.0,-0.003971048085543723,0.6826616518335483,0.0714483298510517,-0.10356213509435612,0.3002164833482758,-0.13098568912309017,-0.11929325840239663,-0.22637160788086855,-0.026437208895497583,-0.3556409827482202,0.2246616080995386,-0.20829634165008418,-0.23242876823161532,0.06317377708775229,-0.22318777197087314,0.39600314447897594,0.13080842317027835,0.5647859928563793,0.34704248759047474,-0.07902962873069902,-0.21316393693555793,-0.13256653036233626,0.45564278060834007,-0.19733222540508627,-0.1488487021932606,0.05231024906518554,0.07485075769171896,-0.0682950296297916,0.0667031116747939,0.1013360739979445,0.3563516611837222,0.2995079923902823,-0.0742209879512803,0.3357551067714355,0.2395355448164265,0.3394983709081367,0.20439089457916948,-0.10116124856367001,0.3378321051365594,-0.02993155627473705,-0.1152653561041744,-0.15842207692812316,-0.3602221252786099,-0.3834029432988564,-0.3903828912553847,-0.34540683562572433,-0.21798342481030372,-0.30603748004635806,0.29747873433775773,-0.2419321685508736,-0.23646541733178805,0.3705626380354683,0.007942096171087445,0.23779930462924492,-0.024508539065404213,0.009066080046554764,-0.20059478253263652,-0.2038092322494588,-0.1201285779886729,-0.31908333515558374,0.0843322910061009,0.13985698978810873,-0.1343202641534189,-0.15943233255341016,-0.05275196256368765,-0.15098729527016685,-0.15545691106689116,-0.21517132798320615,0.2011633246594214,-0.2676958736961798,0.51380901357941,0.15938422514268222,0.12419584089567252,0.009988847827513065,0.09262863265618508,-0.1882311779755527,0.1083291421573987,-0.045444009534014125,-0.21847761912050906,-0.015066366359799698,0.3660274212241149,0.32596269488968094
-0.2665675362445606,-0.2922962541820647,-0.1645098510856968,-0.29178019286698303,-0.37272747151822616,-0.05686733288141523,-0.0666768712689423,-0.3486956331591262,0.14098970064070324,-0.22046775761286452,-0.06188362380004811,0.18163171590387264,0.6491905372623518,0.7142055872449516,0.5363538956069187,0.09056438739585838,0.728700443900199,-0.003971048085543723,1.0,0.11743893638888281,0.6365295275960241,0.05065273009555881,0.48099538606197106,-0.17475036053274154,-0.1938203844219457,-0.21295401368874506,-0.06215040125953948,-0.282333955450471,0.2974962279416588,0.1254335133716735,-0.07491198530537273,-0.19581465526666814,-0.03544204150357526,0.19059739629299655,0.08560495068990401,-0.04305180627127092,-0.2733113205484245,-0.08574936667623008,-0.0928604229078743,-0.042268920425969254,-0.14343005838490303,-0.26832564343661847,-0.0721873564977805,-0.10421377183967112,0.044508101725306684,-0.045439636133038856,0.058822243117360215,0.09257177844350659,0.00010714844104491441,0.011493297763005401,0.04747326758653867,-0.19086198734129112,-0.08848264853163063,-0.39203166342306095,-0.1935579803634296,0.03192804872850603,-0.2542957731079574,-0.058100631956440926,-0.11994489514771162,-0.13363801360127703,0.10714625434203595,0.5151822614856443,0.40045046030045267,0.5866917408322582,0.5951586451203779,0.5665391091382214,-0.19682053749097986,0.5729636351708907,-0.1721108219807133,0.07433032297566203,0.5958015350637423,-0.21574861691194158,0.24319608143272617,-0.0804467001526057,0.07407229231812118,-0.15220310074129145,0.1416325905840677,0.08350134482079989,-0.06229035009074807,-0.03086746408344449,-0.309523080623647,-0.18960879928276225,-0.21939603332531543,-0.32026415341890624,-0.2545450569635477,-0.1393759156808292,-0.34253788458594825,-0.35392622072554725,-0.024110559576654787,-0.36004460868994775,-0.06033106645382782,-0.10959742844022655,-0.10526338807373554,-0.3811637619995189,-0.43280925411646365,-0.2543919879294133,-0.15938422514268222,-0.16829284292930397,0.00981391178850233,0.02901751547090595
