0,1,2,3,4,5,6,7,8,9,10,11,12,13,14,15,16,17,18,19,20,21,22,23,24,25,26,27,28,29,30,31,32,33,34,35,36,37,38,39,40,41,42,43,44,45,46,47,48,49,50,51,52,53,54,55,56,57,58,59,60,61,62,63,64,65,66,67,68,69,70,71,72,73,74,75,76,77,78,79,80,81,82,83,84,85,86,87,88,89,90,91,92,93,94,95,96,97,98,99
1.0,0.16336839343115173,0.09996282609171021,0.3019527235354573,0.19214537184841793,0.22195884629682272,0.1217336161465964,0.10692528044433754,-0.03486912597581509,0.06183558399730796,-0.012984627495571931,0.44160416347772846,0.3584570641359253,0.5029454855568433,0.29088801906802825,0.3737595941483895,0.3281712623821915,-0.013487568607727799,0.5212700356432179,0.24484048019942709,0.3293170934377118,0.1868078402046121,-0.01807963963175964,-0.037208895497583695,0.6843147974021998,0.03731823052196541,0.22093109706763464,-0.21301524130239882,0.4699831624062452,0.12609389691893902,0.5313857120990138,0.4508084787220104,0.36065688482648534,0.04989175832586211,0.14492576151844483,-0.07590912072773393,0.24137237322603922,0.5151910082875949,0.04563206577595067,0.06601648772167676,0.03762874199120946,0.13103584002099233,0.01904178784631869,0.4661389429489843,0.1405960945529291,0.3984124554459776,0.3347794712558221,0.32565655682141215,0.2867682753493254,0.24369027574293148,0.718274255975159,0.37749270461274737,0.2972538291902557,0.3442478843672782,0.10856967921103847,0.21343508779602458,0.015564934070980297,-0.030167719927401544,0.2026021735802847,0.229441735365507,0.3431807745293127,0.38603135728499266,0.1664603879206665,0.37995232992936956,0.3716997222890381,0.2773785834554241,0.07181124401390741,0.34891430320788963,0.16189455730248628,0.1693555793662942,0.3754214865189915,-0.08308149832717412,0.03290109553694431,0.06627889178019286,-0.04037523780367803,0.0962673022676084,0.35480527432157616,-0.02553191489361702,0.013535676018455753,0.5072314185126063,-0.02404717155450865,-0.03500032800507315,0.26413592530231134,0.2730688953544036,0.2296604054142704,0.18024534779471255,0.2971160669089123,-0.16939931337604688,0.05184666856180709,-0.34004504603004526,0.5418512606328311,0.4752880977892458,0.5335811593885985,0.20640703242876823,-0.13033186496242835,0.3409897006407032,0.3411908770855656,0.32030351402768364,0.29171896525332924,0.2697863593623581
0.16336839343115173,1.0,0.488928735431108,0.7574336883077125,0.7163980669567689,0.16707703745817934,0.5889090551267193,0.6306925280444338,0.4791891714591852,0.45257970805356923,0.1662373444709278,0.18369158776322408,0.4195928363692025,0.6615687389298288,0.6278891780192867,0.5903828912553848,0.43131355098292185,0.46033981325577833,0.47494697251317486,0.5584526907349501,0.6039448076796922,-0.1018303796444811,0.052918151800747854,0.24815551813868056,0.2534079727099779,0.289108044871094,0.14524064638866416,0.011589512584461305,0.5745293127200367,0.03409940740416785,0.18769762305656995,0.1749296701687759,0.02998841048741554,0.45539787015372507,-0.17668977280181933,0.40292143185147933,0.06905162799851304,0.18520915790164222,0.35339703920753973,0.35522512081520197,-0.1912619448514137,0.24872406026546545,-0.013496315409678336,0.06783582252738843,0.13815136340775405,0.08545188165576961,-0.07768472152369289,-0.04842666899914719,-0.06122761365375785,0.007946469572062714,0.36397629616671406,0.7916651633089109,0.5220381382852154,0.6019417900330192,0.5743981106907787,0.3388904681725744,0.7247512628195316,0.6417047517001596,0.4233408410050075,0.1719708731495047,0.47231418512606327,0.22421114779908596,0.636627233167873,0.3268723622925368,0.513857120990138,0.6071111499857864,0.2919726225098948,0.2996085806127135,0.486973825195163,0.4504777940565481,0.5606437646235595,0.31523036889637224,0.4411230893704489,0.47708556559008114,0.28480899171240515,0.43560385733966017,0.5419824626620892,0.3026393474885745,0.1861931731210776,0.2822286851369968,0.1367061038531615,-0.07467144825173296,0.22079114823642607,0.13784537605284317,0.19097767378802125,0.17147230543832412,0.2574755171280509,0.020874242854956156,0.5378277317355842,0.14486453390479107,0.20750912947453587,0.4082832214471584,0.32070149351643307,0.14992018543220134,0.11305035211389858,0.21117841289278608,0.2034768537753384,0.18798189411996238,0.02928866633137259,0.09182830027771097
0.09996282609171021,0.488928735431108,1.0,0.13684808991712405,0.5225164549211695,0.671951192845116,0.5358990619054909,0.38709846712295815,0.7519100828759485,0.48086252308366967,0.0467210426187925,0.08524195840895672,0.15109225689357328,0.39577092125691543,0.41348319520675253,0.06193173121077606,0.08638341606350178,0.34839824189280794,0.11482801600664758,0.593986573659006,0.3388379873608712,-0.22174697879676808,0.13654632524983054,0.5430670661039557,0.2633618333296888,0.5497146355863637,0.10588441101222365,0.2679364107498196,0.34800463580503377,0.15071614440970021,0.03392447136515712,0.2762614815569664,-0.24078633749535325,0.2393955959852179,-0.0415429358640747,0.6332116070061884,0.32634318077452934,0.06506308630906825,0.3949574686755155,0.5052896284795871,-0.11144737705276508,0.441726618705036,0.04922262797664604,-0.10610745446196235,-0.11851041962782358,-0.0129890008965472,-0.009551507729986223,-0.017178719030854345,0.11734272156742691,0.35414051737333535,0.2927948218932453,0.5324818312327768,0.2617767616899967,-0.051444315672082394,0.852773829568564,0.7932256018893092,0.46024359843432244,0.6042465723469856,0.3134241542935864,-0.04533467450963242,0.41981150641796594,-0.027701121777350155,0.4679626511556712,-0.23764186219413527,0.10189149592180359,0.4776147471080886,0.4004329666965516,-0.20028864446436773,0.015923552950952307,0.11944195403555576,0.2434366184863659,0.5795937110493976,0.5777612560407601,0.6490389451356847,0.356725197349719,0.6373969517395203,0.5273621832017669,0.5496840217795369,0.4546281515820778,0.5347401106470446,-0.014854272653430686,-0.28353195862762676,-0.22216002274168506,-0.20705233545346555,-0.25139620826135445,-0.16044696157967242,0.4040261573400737,0.29264175285911087,0.7184273250092935,0.4946535173077344,0.4298265946513306,0.6407950842973038,0.24740766657190966,0.4161640900045921,0.5876676517766647,-0.0008003323784741204,-0.25004920076097176,0.27752290568760796,0.14433535238678358,0.39391222584242636
0.3019527235354573,0.7574336883077125,0.13684808991712405,1.0,0.5121514946097833,-0.017585445321554306,0.5295620038923269,0.6124029651658612,0.20011808182633226,0.33420254772772345,0.3083772495681267,0.33741225864293367,0.597507161444097,0.6256762371258009,0.6514443156720824,0.6791804246572347,0.5897181343071439,0.3746998753580722,0.6621941352692922,0.43832411274627714,0.6156961361002383,0.03482543004247565,0.04587260282959043,0.23406004679539044,0.20157005095012137,0.08924362030132733,0.16520522184076447,0.0037217642299534233,0.6209923246812884,0.03731823052196541,0.331665609761431,0.37314991269611064,0.12465942139905097,0.4359231156108548,-0.04277623493910039,0.14331197655857078,0.10420502503772058,0.37423629485469373,0.2584330104305613,0.32448011195906495,-0.18592639566158622,0.23453237410071942,0.028234676696332905,0.301327327195994,0.2769806039666747,0.15822964728521136,-0.11669108482211192,0.044368152894098095,-0.0039054470709146967,-0.038057335286785766,0.43137477859657564,0.6034709534793503,0.4849385372491334,0.903234130021211,0.2517460803393759,0.1321160700618836,0.6199951892589272,0.46767838009227874,0.3692856049506899,0.33276770680719864,0.48553934967527496,0.46673809888259604,0.5454549430364523,0.5813255778356039,0.6954494762852332,0.6213640637641862,0.22442544444687412,0.5520281647022808,0.6781570488290218,0.5069471474492139,0.660694058734775,0.17447683190833352,0.23722638910148477,0.22184513787146576,0.1502438171043712,0.2375150335658525,0.4907524436377949,0.1114167632459382,0.0861603726137631,0.28629594804399644,0.34181664715054777,0.001185191664297741,0.3240996260742166,0.2103389498798024,0.25879162931053334,0.26997878900526995,0.2544447469384947,0.02222125035533883,0.3011217773501563,-0.13397913887734797,0.1040781964094378,0.22915746430211453,0.2929828781351818,0.11585139183486037,-0.03486916410004501,0.4291618377030898,0.317180905731342,0.28336576939056657,0.051523036889637226,0.015652402090485667
0.19214537184841793,0.7163980669567689,0.5225164549211695,0.5121514946097833,1.0,0.2946885045155365,0.4957512409525267,0.6097133235660711,0.658931578141742,0.5037441820039551,0.16307537556580876,0.055590299796636856,0.2797620869869454,0.6275961601539437,0.6356082307406354,0.5281362751743893,0.19658874723929062,0.48286720167938596,0.3993090026459076,0.785419081148455,0.6819662810784807,-0.12988796427809943,0.12999934398985372,0.15127593973453457,0.19127069165336424,0.33859745030723143,0.14283090245129124,0.08445474623340841,0.5335855327895738,0.1839933524305176,0.08057991296932059,0.25370564136557266,0.0638647744418447,0.3074457151603945,-0.016155343202641535,0.588008134525814,0.2609827031991428,0.13597340972207037,0.5002558439570532,0.29551507729986226,0.019054908049244496,0.28002011764448625,0.08308149832717412,0.04775316524895585,0.08522446480505565,0.2609127287835385,-0.044285058275567994,0.04297741138396274,0.06569285604950689,0.23839408716188143,0.48810653604775756,0.6520135706784534,0.6357051406108418,0.4393299949705889,0.7404736393256216,0.4220331941134023,0.6459032166364173,0.7147143075812906,0.3890621241608537,0.01625155802409744,0.4269926308193567,-0.010378080514311955,0.447674444031401,0.044188843454112094,0.37360652511425513,0.5850298484616562,0.4390938313179244,0.03133541798779821,0.24728083794362687,0.4488727558986246,0.5642649406310818,0.23704707966149877,0.5343727449651221,0.5179943583127419,0.15120159191795499,0.29163149723382387,0.40158317115304715,0.2947016247184623,0.20580787649515647,0.45924646301196126,-0.029319312194494133,-0.0798714220113271,0.12713913975202817,0.016728277020277453,0.041005007544116685,-0.04586385602763989,0.30299173754335484,0.10781308084231703,0.707520062976974,0.253311757888522,0.36275611729461416,0.4911679167304454,0.3342809035446415,0.2695676893135947,0.19115063212124886,0.11652052218407645,0.07283461984212022,0.12211847543242002,0.07683628173449082,0.2928910367147012
0.22195884629682272,0.16707703745817934,0.671951192845116,-0.017585445321554306,0.2946885045155365,1.0,0.5291159169928495,0.2515711443003652,0.6184863659224596,0.5538043710007148,0.3200192429642912,0.26196234501760296,0.20827010124423256,0.2289562878572522,0.29546259648815903,-0.0595307340753537,0.09928494894054361,0.05628129715072926,0.31690975487087536,0.367641206183989,0.22222125035533882,0.01462904225694852,0.037160788086855745,0.2782620104524283,0.21719183923378016,0.241074981959721,-0.02871575080361243,0.2583805296188581,0.32279635258358663,0.13937154227985393,0.15137652795696574,0.1470535818740704,0.0004548337014279154,-0.022759178675296844,0.03402068618661302,0.4866720605278695,0.4809210382453915,0.3088801906802825,0.5027136953051541,0.5580066038354726,0.20868994773785834,0.3500951214712121,0.1504406201482583,0.2146946272769019,-0.07026743346963767,0.21696442238306618,0.0365572587522687,0.13163062255362884,0.5639675493647635,0.6342612232402528,0.3640506439832936,0.28420577311443934,0.22765763667726613,-0.1442391375653277,0.5483413876801294,0.8848920863309353,0.14385865168047932,0.39203166342306095,0.4284708403489974,0.2301458529225252,0.4820493756970108,0.26679495309527457,0.20370864402702762,-0.03945682359887166,0.24239137565327676,0.3547003126981697,0.5261332575277164,0.05988497955435044,-0.07597472174236294,0.08231615315650215,0.25629879075463036,0.36806105267761474,0.24669042881196562,0.5333406223349588,0.3128337451619252,0.24455183573505937,0.4920469703264744,0.2910235944982616,0.3116354332947016,0.4627932912029039,0.048402668214881234,-0.054177691281625154,-0.14563862587741358,-0.13351351765059877,-0.25590955806783144,-0.16043384137674663,0.5196436986332933,0.30451116310598936,0.3617021276595745,0.20010933502438172,0.3823577004657672,0.5294876560757473,0.3707594410793554,0.33594716931621876,0.453167931127877,0.20283396383197394,-0.11727274715182262,0.2890992980691435,0.5486387789464477,0.7157508036124292
0.1217336161465964,0.5889090551267193,0.5358990619054909,0.5295620038923269,0.4957512409525267,0.5291159169928495,1.0,0.6048194878747458,0.5803546828190943,0.5076124593959643,0.3317880649887385,0.24589884323544203,0.41975465220528746,0.4675952854737487,0.5106033106645382,0.4166320439089458,0.35774419977695654,0.40889112418272067,0.506151188471715,0.4454177691281625,0.48198377468238174,0.11534201673053267,0.0517067197305985,0.33613085215718,0.10102118912772518,0.19687301830268308,0.1455948918676609,0.11698847608843017,0.4919332619011174,0.06391288185257266,0.18771511666047103,0.13587734346222227,0.01146705735715379,0.35090420065163674,-0.021565240209048566,0.4248059303317225,0.34055673394415165,0.2997703964487984,0.5166298572084581,0.5688089042443857,0.1263737945813562,0.28681638276005333,0.15780105398963504,0.18941636963985042,0.15814655266668123,0.2037523780367803,-0.14492138811746955,0.071592573965144,0.22359012486059784,0.26715794537622184,0.30731451313113645,0.601566335272205,0.6781905908365896,0.39300255843957055,0.4557477422317465,0.6531543154534123,0.5984080820450023,0.6275874133519932,0.43373204172224533,0.18846734162821718,0.5337036146159061,0.26382104043209204,0.5265049966106142,0.21597603376265553,0.44361155452537665,0.5361352255581553,0.6595394808773042,0.2866983009337211,0.4024491045461503,0.440261529378321,0.4945135684765258,0.3637182655091732,0.3085740526120137,0.6451859788764733,0.4869038507795587,0.26393912225842425,0.6256674903238504,0.23115173514683693,0.2934683256434366,0.3759900286457764,0.2928301292671157,-0.01692068837331351,0.21529378321051365,0.14331869335764766,0.10255625287004438,-0.07255472217970305,0.40290000535766285,0.14507445715160394,0.4715532133563666,0.14512693796330717,0.2708578426012989,0.42018761890183903,0.4305875664210273,0.3340097526841748,0.30790744561415007,0.3238109816098489,0.15747742231746517,0.22889068684262318,0.2492969757932256,0.40949465351730774
0.10692528044433754,0.6306925280444338,0.38709846712295815,0.6124029651658612,0.6097133235660711,0.2515711443003652,0.6048194878747458,1.0,0.6124379523736634,0.2944701564259664,0.16483785615884192,-0.046476132164177474,0.39232030788742867,0.7034571734709497,0.5906409219129256,0.4884345411209027,0.3688701318580394,0.7806039666746846,0.4650805799129693,0.5399050971988367,0.6767663073188865,0.17004020253252225,0.4829415494959655,0.47886553978701535,-0.014524064638866414,0.2760621897618683,0.3382781920360368,0.3838096695895563,0.5238547156196016,0.3401981150641797,0.2670923443615928,0.15850534484860543,0.1174826703986355,0.7128993461765541,0.24434628588922175,0.6755898624565393,0.3039120071723776,0.16189893070346154,0.25841551682666025,0.3402637160788087,0.2698607071789377,0.43006713170497035,0.3623450176029389,0.11627561172946141,0.3793225601889309,0.09679211038464061,-0.06598150051387461,0.261507511316175,0.036316721698628936,0.21641774726115764,0.3365244582449542,0.5834210747866805,0.43863073039182415,0.531372591896088,0.4421727056045133,0.31999737595941485,0.8239968511512978,0.7725700290831164,0.21309396251995363,0.019658437383831537,0.3312282696639041,0.10465111193719796,0.500544488421421,0.17788808466904288,0.44197590256062624,0.5623756314097658,0.40419846493625766,0.19849992346548292,0.5361920797708338,0.7955566246091272,0.5764098751394021,0.22907436968358444,0.6525857733266275,0.32913341059675055,0.33000371739082895,0.3276726946710109,0.42058122498961314,0.4326780520872056,0.2603048260479762,0.28466904288119654,0.42129454997133264,0.29699766023047824,0.27896612800944653,0.10047025045407423,0.1541536375762612,0.07567295707506942,0.33422222805362967,0.2979423148411362,0.6225098948197065,0.18041153703177276,0.18689291727712054,0.3704358094071855,0.2456845465876539,0.3670857842601299,0.19552622458106259,0.283160219544729,-0.0424700968708316,0.17064135925302312,0.07093656381885373,0.22477968992587086
-0.03486912597581509,0.4791891714591852,0.7519100828759485,0.20011808182633226,0.658931578141742,0.6184863659224596,0.5803546828190943,0.6124379523736634,1.0,0.5814486687903027,0.2151494609783298,-0.03804858848483523,0.10491788939668933,0.4179834248103037,0.4675340578600949,0.2001530690341344,-0.016837593754783407,0.47171065579147625,0.21726618705035972,0.6290962366884608,0.4647044674290962,-0.11752871960900031,0.24207649078305746,0.3801972403839846,0.05650434060046795,0.438289125538475,0.2550173842688767,0.4036299228094728,0.2820624958999366,0.2917933130699088,0.2098182851894776,0.09698245936291836,0.028536441363626423,0.2767050797052328,0.1442916183770309,0.8332990750256938,0.42936738754892745,0.08085543723076251,0.6064420196365704,0.5021582733812949,0.12403839846056286,0.3804465242395749,0.3201285779886729,0.05576960923662286,0.15234304957250006,0.19172552535479215,-0.0760796833657694,-0.003616802606546981,0.1169010080689248,0.44658984058953444,0.22486278454440095,0.42187621293700506,0.3923316703460288,0.04130239881043493,0.7765673175745118,0.6893704489296101,0.6325249830530713,0.8674728302464412,0.4474601473836129,0.030941811900024055,0.39667184185782073,-0.009083553825632503,0.4742909623668846,-0.10910323413002121,0.2510725765891846,0.5088364566705298,0.5862237869279044,-0.11670420502503773,0.11771446065032473,0.3791563709518707,0.36946054098970066,0.38264197152915963,0.6399160307012749,0.6295379501869629,0.3385755833023551,0.4373882049375697,0.3608405676674466,0.6115895125844613,0.3561741488268352,0.3789070870962804,0.06516155907545723,0.059215849205134376,-0.04282871575080361,-0.06897298219262633,-0.009704576764120619,-0.13797205396776804,0.4208812631273023,0.3041919048347948,0.7896787736983666,0.5492204412761584,0.3360390107366994,0.4320307887428659,0.2861035184010846,0.35793662941986837,0.5044789141711202,0.17659355798036344,-0.03346089086177866,0.21141457654545057,0.08708316021954472,0.47140451772320746
0.06183558399730796,0.45257970805356923,0.48086252308366967,0.33420254772772345,0.5037441820039551,0.5538043710007148,0.5076124593959643,0.2944701564259664,0.5814486687903027,1.0,0.667283316878793,0.3612870495804237,0.2879034876819281,0.3157839493823905,0.6086927999531311,0.3083535330013575,0.172522110299583,0.12457646298630151,0.4678538276596657,0.5701871489661944,0.4740006494510382,-0.10660188187855477,-0.11718759395995935,0.22840330235882358,0.1995322642544153,0.41127945078795086,0.017845682191174418,0.30160318121552787,0.4543334437621003,0.00632175802164995,0.08587182203742427,0.09853949955063207,0.059231220869053,0.023716979419860035,-0.060919355491230016,0.3878008219818438,0.33148884945554513,0.27220077431165196,0.7540363801762398,0.49679702695906336,-0.11537919067946661,0.340382170062273,0.128328845125752,0.13622940262565558,0.049758423999531176,0.21203145790773636,-0.34807499078872217,-0.24676285972643788,0.12685282068278633,0.24866310452782628,0.35626637977146197,0.3319352997644918,0.341808274055398,0.12425720436604523,0.4896486952493527,0.5335839294835245,0.30137576411616723,0.49230335254381236,0.8107332124091488,0.400899172223865,0.5936526575550306,0.36034895404556105,0.4357333490778545,0.23078462179347484,0.5360614638448283,0.6155393666656133,0.42537056413679636,0.22726184345626346,0.21757693640753029,0.1903502988677297,0.5141419541910687,0.2782317008504657,0.16932952409702026,0.5524573620275787,0.28091259857946704,0.29930714319313684,0.43214934306004604,0.23894539693591607,0.1448297050466688,0.26116448488402577,0.17140270582910025,-0.16081668979114572,0.03648732423011106,0.07351703115398997,0.01758765125151524,-0.13168980744995676,0.39516388262640795,0.11753090631187878,0.40897685265692446,0.2027773313260613,0.13856917470561594,0.3634781258646482,0.3046470716223548,0.22186943415796226,0.2574298778287766,0.21627803489772052,0.12616838268182595,0.01643525883456279,0.1140890359811707,0.2503840396931803
-0.012984627495571931,0.1662373444709278,0.0467210426187925,0.3083772495681267,0.16307537556580876,0.3200192429642912,0.3317880649887385,0.16483785615884192,0.2151494609783298,0.667283316878793,1.0,0.47339878856792983,0.4050818919332619,0.13327064791935447,0.3103802672147996,0.28237300736918064,0.30972863046948457,0.012674116026327873,0.4315059806258337,0.17056263803546828,0.2169381819772146,0.04819493144142681,-0.05688045308434104,0.20694496074872626,-0.08406551354660952,0.12326867988891561,-0.10261748048369815,0.22036692834182503,0.2920294767225733,-0.08321270035643218,-0.06309942927117272,-0.06813328828729476,0.030172093328376812,-0.02610920382235245,-0.0042903063567383175,0.05441822833526492,0.09767116398066956,0.19811943758063458,0.42927554612844676,0.4098970064070324,-0.005816623297106995,0.0677702215127594,-0.04017843475979095,0.0645995058056898,-0.06598587391484988,0.12537665915899499,-0.2731932387220922,-0.10504471802497212,0.19279700859373292,0.1030110865714723,0.20864621372810566,0.04322018239291293,0.2449719500689729,0.17861406923093745,0.06909536200826573,0.22185388467341627,0.15888128403052634,0.19649253241783474,0.5760468828584548,0.5282018761890184,0.443095493210295,0.5226520303514027,0.16664407076162777,0.34144016094115587,0.4730707834947847,0.30370645732654,0.34138768012945264,0.4478275130655354,0.3003564321794844,0.16655660274212242,0.34723054383241125,0.21050053574161948,-0.07176313660317946,0.2196803043887079,0.13914412542913998,-0.04744702718068706,0.21324703155408803,-0.06431960814327262,-0.13917473923596685,-0.021643961426603398,0.2947959751548581,-0.0006122761365375785,-0.008794909361264787,0.009680533642976247,-0.03168529006581969,0.040965646935339266,0.16587890695479832,0.09781111281187815,0.011668233802016138,-0.006529487656075747,-0.06328748551310927,-0.04689160525682797,0.14526688679451574,0.01417419256084494,0.09800146290428427,0.09787234042553192,0.11585139183486037,-0.005820996698082264,0.17982987470206205,0.1235048435415801
0.44160416347772846,0.18369158776322408,0.08524195840895672,0.33741225864293367,0.055590299796636856,0.26196234501760296,0.24589884323544203,-0.046476132164177474,-0.03804858848483523,0.3612870495804237,0.47339878856792983,1.0,0.4962585554656579,0.20656010146290263,0.28689947737858346,0.31742144278498174,0.5016422120662133,-0.19134066606896855,0.4547855940171875,0.12061839889790295,0.1804202838337233,0.18836477265408108,-0.11237016465854673,0.1310270932190418,0.31315737683409506,0.18999365856858585,0.039977258314928606,-0.10427062605234962,0.3882967789901817,-0.02291224770943124,0.13395727187247164,0.34300840021931267,0.14977586320001748,-0.1177188340513,-0.00845815748616912,-0.11624937132360981,0.06582405807876496,0.5361745861669327,0.2855262294723492,0.43544204150357524,-0.0725197349719009,0.11251448689073058,-0.08794909361264787,0.32201788720998886,-0.05126500623209639,0.24368590234195622,0.07104589884323544,0.08543438805186854,0.27686252214034246,0.12441888434541121,0.4129233998819182,0.22154580213194905,0.23493279715392795,0.351494609783298,0.014764601692506178,0.2337582821280969,0.02246178740897859,-0.07075725437886772,0.3832061402549693,0.44490170781308086,0.5868316896634668,0.6425881786971639,0.3099604207211738,0.4617567951717653,0.4428418359537294,0.30047014060484134,0.20595219872734033,0.57376834095034,0.2756248496643415,0.005068771730336096,0.35087796024578516,0.1979488749425991,-0.03884892086330935,0.28454658765388907,0.183494784719337,-0.0024578513481008507,0.39985567776781616,-0.08639653626642758,-0.02315715816404627,0.29204697032647436,0.14283761872438477,-0.08259167741794407,0.15964662920119832,0.25024409070895837,0.17066322625789945,0.42375631409765807,0.2660495791145225,-0.004985677111805996,-0.050893267149198576,-0.06888106536047757,0.06511119371979619,0.10661476897509348,0.31567645579584963,-0.088749425991122,-0.033082627848336946,0.23077124926198858,0.33166998316240626,0.2667074850757692,0.43548577551332796,0.23686777022151276
0.3584570641359253,0.4195928363692025,0.15109225689357328,0.597507161444097,0.2797620869869454,0.20827010124423256,0.41975465220528746,0.39232030788742867,0.10491788939668933,0.2879034876819281,0.4050818919332619,0.4962585554656579,1.0,0.6560495068990401,0.598679232905469,0.4473595591611817,0.8835625724344537,0.40109772364479235,0.7880781089414183,0.4038748332640878,0.6136450110428374,-0.04766356264195917,0.03569569876014082,0.34805274321576174,0.10049638101069297,0.09196824910891956,0.03843782117163412,-0.09984474426537797,0.6418228335264918,-0.11207714679320374,0.1252804443375391,0.299265595838446,-0.0351315300343312,0.5402724628807593,-0.13847062167894864,0.10004592071024032,0.018092759834685442,0.28320395355448164,0.08723622925367912,0.25276508276661347,-0.07925477247381427,0.06656316284358531,-0.23643917692593647,0.17596816164090004,0.053591655550939185,0.021451531783691587,-0.1161662767050797,0.07049047691937635,0.15554437908639654,0.011816929435175264,0.4934289650346592,0.4609525933752218,0.3784154932274607,0.4802081738864228,0.20006122761365375,0.23258621066672497,0.29192888850014215,0.22984408825523167,0.37680348122717633,0.47107651265006234,0.6704861035184011,0.6964815989153965,0.4449629354267346,0.5627911045024163,0.6592727034178129,0.5561129212131815,0.24226017362401872,0.6657628304651112,0.6343268242548818,0.43015459972447573,0.604561457217205,-0.018049025824932757,0.1313594716931622,0.15778793378670924,0.3964531718090573,0.0730051824801557,0.4593776650412193,-0.07907108963285299,-0.11636307974896679,0.32818000918414203,0.35751498711506696,-0.13741663204390894,0.061463777306422336,-0.030799710043216726,-0.019990815857951937,0.10466423214012377,0.239220921498603,-0.031571581640462705,0.14862128534254662,-0.2704511163105989,0.09013579410028208,0.3212088080295642,0.32635192757647985,0.005335549189827469,-0.11131411002839527,0.19121383744068574,0.0708447223983731,0.14837200148695634,0.31953816885701164,0.11843607181124402
0.5029454855568433,0.6615687389298288,0.39577092125691543,0.6256762371258009,0.6275961601539437,0.2289562878572522,0.4675952854737487,0.7034571734709497,0.4179834248103037,0.3157839493823905,0.13327064791935447,0.20656010146290263,0.6560495068990401,1.0,0.7315431545341234,0.5920885176357394,0.6408694321138834,0.6988869694517942,0.668561807089283,0.6647744418447006,0.8350571822177516,0.02640006385173983,0.331258883470731,0.4084581574861691,0.29384881152828496,0.29462727690188273,0.36834969714198246,0.08187443965800005,0.7677374210054448,0.2846471758763202,0.32801381994708184,0.3790408902507024,0.11958627626773961,0.7242439483064005,0.09478034593601714,0.44010846034418666,0.20694058734775098,0.23167216986289388,0.1447202116726072,0.24959874046051914,0.003887953467013623,0.317180905731342,0.04250071067765848,0.12808379436268613,0.2206337058013164,0.1602982659465133,0.09862893879425336,0.21526754280466204,0.04015656775491461,0.06815070739760774,0.6576414248540378,0.6868236938007799,0.4873286034952985,0.5480702368196628,0.5013229537950187,0.28294154949596556,0.6300715051059457,0.5163412127440904,0.2770112177735016,0.20278148302027071,0.5397520281647022,0.3110012901532877,0.5933742975224684,0.3487612341737552,0.5558199033478385,0.6672060527869498,0.22762240055979532,0.3207364807242352,0.56586560538803,0.6485272572215783,0.6694277404823862,0.13268023878769325,0.5438455314775535,0.2564606065907153,0.22447792525857732,0.2975268417484857,0.5310402134219676,0.3344427193807264,0.024224268002011766,0.5281056613675625,0.22788505377662674,0.017471736896197326,0.21320767094531062,0.09665226722826974,0.15399182174017625,0.14643458485491243,0.3315653840562915,0.028085981063173778,0.5727755789289541,-0.02719380726421902,0.3849380070411756,0.5254247665697229,0.3992652686361549,0.2376243685902342,0.03212922539332505,0.14943473792394657,0.089108044871094,0.23514027683628175,0.050897640550173845,0.10937875839146312
0.29088801906802825,0.6278891780192867,0.41348319520675253,0.6514443156720824,0.6356082307406354,0.29546259648815903,0.5106033106645382,0.5906409219129256,0.4675340578600949,0.6086927999531311,0.3103802672147996,0.28689947737858346,0.598679232905469,0.7315431545341234,1.0,0.6056154468522447,0.486908224180534,0.4918632874855131,0.6409875139402156,0.8431129868141961,0.8906474820143885,-0.23134223102748408,0.16764995298593952,0.40099276202138595,0.144912641315519,0.2661651833548359,0.12636504777940566,0.12720911416763245,0.6921737989547572,0.24912641315519013,0.2979248212372351,0.4825703380317529,0.13273709300037173,0.48518510419627825,-0.0888456408125779,0.466427587413352,0.17456867332881415,0.367055170453303,0.3550807985830181,0.3648378561588419,-0.16389320154818396,0.48452909404998795,0.10902888631344165,0.22286851369967856,0.2316546762589928,0.1643567820515624,-0.31457873215105725,-0.030596313222977848,0.08330454177691282,0.06855743368830772,0.5451225645623319,0.5565508698160702,0.40203844442354664,0.5042181452406463,0.48293717609499026,0.35199755089545387,0.4836675340578601,0.5381644836106798,0.533296888325206,0.3221578360411974,0.6009621482145591,0.3564059390785244,0.6588703505280882,0.45927707681878815,0.7723032516236251,0.9530121799217162,0.2724497605562966,0.3614922044127616,0.615984780564606,0.49200760971769697,0.8653867179812381,0.11506417965931207,0.432651811681354,0.2863921628654523,0.3293258402396624,0.34653954647831886,0.5992871356410312,0.2873193238722092,0.16267739607705933,0.4962804224705342,0.3792048929665875,-0.16428243423498284,0.19078524414510944,0.06155131262310716,0.08233364676040322,0.03181211869410247,0.3215787120103298,0.009739563971922766,0.5562222562375632,-0.0055760862434672325,0.12153681310270932,0.43933436837156414,0.27554612844678666,0.30244254444468743,0.10234862822667794,0.3163761999518926,0.10149351643305417,0.18677046204981304,0.089108044871094,0.06435459535107477
0.3737595941483895,0.5903828912553848,0.06193173121077606,0.6791804246572347,0.5281362751743893,-0.0595307340753537,0.4166320439089458,0.4884345411209027,0.2001530690341344,0.3083535330013575,0.28237300736918064,0.31742144278498174,0.4473595591611817,0.5920885176357394,0.6056154468522447,1.0,0.39645754521003257,0.3291596510026022,0.5415494959655376,0.4648444162603048,0.5927270341781287,0.10183912645599498,0.05491679604644552,0.12317246506745971,0.19279263519275766,0.11104065076206512,0.0704423695086484,0.036137412258642934,0.5288885001421355,0.1556187269029761,0.25126937963307167,0.3421796398283734,0.4155080798583018,0.32910717019089897,-0.00572040847565109,0.1833985698978811,0.1672126128884127,0.4335658524851851,0.28126216352146244,0.21920360368240363,-0.03985042968664582,0.251877282368634,0.16586123198705474,0.27444403140101903,0.2174323762874199,0.3063392447136516,-0.16464542651593012,0.012669742625352606,0.03103365332050469,0.0017843475979095144,0.4202138593076906,0.47148375443792195,0.6205359827429118,0.6544400953401412,0.17319979882355513,0.04859723163718266,0.4860991450001093,0.3868448098663926,0.32483873083903697,0.38948634405545474,0.36416872580962584,0.3320198552404277,0.4985370973737727,0.5857208458157486,0.6334871312676302,0.5555749928932234,0.2988038748332641,0.5087271216461481,0.6247228357131923,0.5625811812556034,0.6802256674903239,0.15446852244648052,0.22487590474732677,0.23399881918173668,0.23749316656097613,0.11027093219041788,0.3564059390785244,0.08914740547987142,0.03995539131005226,0.26722354639085083,0.4024233041301569,0.1154315453412346,0.27391047648203626,0.2538980712188778,0.28693883798736086,0.28075047560735605,0.11771896275942699,-0.07939472130502286,0.29066060221731427,-0.023590124860597843,0.1535982156524021,0.20503378452253396,0.26148564431129867,0.03294920294767226,-0.08041381165276903,0.29593055039251276,0.31845793881612033,0.18611882530449805,0.07227482451728587,-0.018223961863943497
0.3281712623821915,0.43131355098292185,0.08638341606350178,0.5897181343071439,0.19658874723929062,0.09928494894054361,0.35774419977695654,0.3688701318580394,-0.016837593754783407,0.172522110299583,0.30972863046948457,0.5016422120662133,0.8835625724344537,0.6408694321138834,0.486908224180534,0.39645754521003257,1.0,0.4232796133913538,0.6896284795871509,0.28497955435044064,0.5401106470446743,0.049649088855607794,0.0979029542323588,0.35015197568389056,0.044149482845334674,0.016234064420196367,0.0698607071789377,-0.10999540792897597,0.6837550020773655,-0.07330257374647395,0.09565065273009556,0.29395628124952655,-0.012971507292646126,0.5945857295926177,-0.13216417747261158,0.025308871443878334,-0.08371126806761278,0.2676608864883777,0.0015875445540224355,0.279853928407426,-0.007740919726225099,0.07831449126413155,-0.1971616627670508,0.08494456714263847,0.1134810085062649,-0.0010627364369902254,0.032463755439417465,0.17215892939144126,0.12233277208020818,-0.021792657059762525,0.4779427521812337,0.4730406868873909,0.3406270807846614,0.5103146662001705,0.13094399860051167,0.0895934923793488,0.2890818044652424,0.12026415341890621,0.22411930637860533,0.42419802759616015,0.5831142988344886,0.6690122673897356,0.371927139139752,0.4770636985852048,0.5095580678314491,0.423559511053771,0.1815573680872931,0.6697688657584571,0.6248627845444009,0.44254444468741116,0.520146071592574,0.03131792438389714,0.14764601692506177,0.16342087424285495,0.3549277295488837,0.020856749251055084,0.5231505980625833,-0.10261310708272288,-0.07995451662985721,0.32139249087052546,0.36524060838469313,-0.04026152937832105,0.08604666418840612,-0.026023950956643397,-0.028540814764601692,0.23142288600730357,0.15084313796245483,0.005011917517657606,0.09481533314381929,-0.2208523758500798,0.14355251361221052,0.29214755854890556,0.36789486344055455,-0.029559817191839234,-0.06960056591874655,0.12235901248605978,0.07556362205068771,0.27569919748092103,0.2850801425728718,0.06423214012376725
-0.013487568607727799,0.46033981325577833,0.34839824189280794,0.3746998753580722,0.48286720167938596,0.05628129715072926,0.40889112418272067,0.7806039666746846,0.47171065579147625,0.12457646298630151,0.012674116026327873,-0.19134066606896855,0.40109772364479235,0.6988869694517942,0.4918632874855131,0.3291596510026022,0.4232796133913538,1.0,0.2966827753602589,0.5565852485185104,0.7078568148520697,-0.0745709415615035,0.4519253897793619,0.5572849926745533,-0.17539961951411515,0.36842841835953727,0.28094727865124314,0.2272244210710459,0.4607727799523299,0.22434672322931928,0.01545122564562332,0.1228752081468537,-0.15348450722704512,0.8925542848396055,0.08883252060965209,0.594069668277536,0.04502853644136363,-0.1512584461306335,-0.003782991843607181,0.1311495484463493,0.12310686405283068,0.23443178587828825,0.07689750934814459,-0.23416938181977215,0.15896000524808118,-0.1987535807220485,-0.08431042400122456,0.12028164702280729,-0.18200345498677045,-0.06168244735518576,0.2104961623406442,0.5063244914005469,0.3160288601047789,0.2809822658590453,0.44587260282959046,0.12991187597034834,0.6985021101659705,0.6265684109247557,0.05200848439789202,-0.09341147143075813,0.2917408322582056,-0.023900636329841903,0.5000196803043887,0.035778793378670924,0.2229472349172334,0.44151232205724783,0.25793006931840545,0.014598412455445978,0.5274102906124948,0.7698672672804006,0.4404583324222081,0.09771052458944698,0.6570291487175002,0.18911460497255692,0.3502481905053465,0.3259408278848046,0.29212569154402923,0.43462421552120006,0.08731932387220923,0.23915068553060287,0.3550068389134646,0.1354967090157661,-0.0191511228707004,-0.15557297628858033,-0.0393824757822921,-0.09603551201591919,0.15103556781575997,0.1667665259889353,0.6631387898799501,0.20870744134175942,0.13794144016094115,0.3332575277164287,0.10709146968139774,0.19201854322013515,0.13694008106115757,-0.07896612800944655,-0.2517679473442523,0.026909536200826572,-0.11068640528306838,-0.023314600599155934
0.5212700356432179,0.47494697251317486,0.11482801600664758,0.6621941352692922,0.3993090026459076,0.31690975487087536,0.506151188471715,0.4650805799129693,0.21726618705035972,0.4678538276596657,0.4315059806258337,0.4547855940171875,0.7880781089414183,0.668561807089283,0.6409875139402156,0.5415494959655376,0.6896284795871509,0.2966827753602589,1.0,0.48014257287179374,0.6807286086024797,0.1356061923052923,-0.09290853031860226,0.09009643349150467,0.29969167523124357,0.007736546325249831,0.09084865845925083,-0.0063326846121886686,0.719183923378015,-0.027351249699328683,0.37127987579541233,0.3212200927382611,0.30139292821062297,0.3765804377774376,-0.030001530690341345,0.11470993418031532,0.30800551048522884,0.5778224836544139,0.4130939625199536,0.28783101178631565,0.07493385231024907,0.1626117950624303,0.06623515777044019,0.457173470949684,0.2714088911241827,0.25917648859635695,-0.1600096214821456,0.03627736108985152,0.32462006079027356,0.22001268286282827,0.6213509435612604,0.5646438571692789,0.5066218829920185,0.564006909973541,0.224635367693687,0.32785637751197216,0.31455249174520566,0.36552448011195904,0.556773304760447,0.577319542542258,0.6661783035577616,0.6920251033215981,0.38231833985698976,0.685880474951346,0.8100675690450679,0.6136275174389364,0.37193588594170257,0.7629354267346001,0.6203800485447508,0.5376615424985239,0.7650259124007784,-0.1034396798670486,0.05081891933261901,0.2772517548271413,0.30110865714723056,0.009201635651964751,0.4766569722945048,-0.03607618464498918,-0.08145459316437427,0.399348363254685,0.344908645020701,0.055690888019068026,0.31963001027749227,0.23623607206949468,0.19424897771752203,0.10475170015962913,0.45012404072105006,0.0078021473398788566,0.15503269117229013,-0.3133804202838337,0.2609127287835385,0.4183814042990532,0.5915418425138309,0.13994008440663883,-0.16876754145725406,0.4365441385493429,0.27244538715532135,0.14894929041569177,0.3887122520828322,0.30339157245632065
0.24484048019942709,0.5584526907349501,0.593986573659006,0.43832411274627714,0.785419081148455,0.367641206183989,0.4454177691281625,0.5399050971988367,0.6290962366884608,0.5701871489661944,0.17056263803546828,0.12061839889790295,0.4038748332640878,0.6647744418447006,0.8431129868141961,0.4648444162603048,0.28497955435044064,0.5565852485185104,0.48014257287179374,1.0,0.8538146990006779,-0.3375394563202651,0.14441844700531367,0.39255647154009315,0.1589425116441801,0.4102512518860292,0.07656950427499945,0.17585882661651833,0.6275611729461416,0.25934705123439245,0.2062058559839059,0.49871695208635797,0.03154971463558636,0.4038179790514093,-0.07405042531324485,0.6008528131901774,0.3054164571078699,0.2689247993702303,0.42453477947125584,0.3582165270822855,-0.08891998862915747,0.4824386083838097,0.09978789005269949,0.11277689094924669,0.15060243598434322,0.12179047035927489,-0.22966477881524566,-0.035778793378670924,0.09690144540902233,0.2300496381010693,0.5360127703308478,0.60170191085067,0.4680878048676617,0.31603507467582165,0.7311670420502504,0.4841398613631891,0.5289059937460366,0.6767488137149854,0.4434278716844154,0.11271128993461765,0.5137390391638057,0.10003280050731451,0.5454811834423039,0.14457151603944807,0.5323391135116223,0.8338413767466271,0.4102818656928561,0.0836806542607859,0.3835516389320155,0.4624652861297588,0.7618202094859067,0.1839233780149133,0.5687739170365835,0.4464717587632022,0.3305635127156633,0.41074107279525923,0.504878528787912,0.42572434453652885,0.2819837746823817,0.6381229363014148,0.1404978466444244,-0.1977695655026131,-0.03275239990378518,-0.12177092319322753,-0.10657978176729134,-0.08936607552863485,0.3905713745288623,0.15825588769106297,0.7731604382147778,0.245588331766198,0.3604338413767466,0.5795499770396448,0.3195950230696901,0.36079246025671863,0.2854521937551659,0.19785703352211848,-0.08531193282456102,0.213946775710131,0.07003564321794843,0.2297435000328005
