0,1,2,3,4,5,6,7,8,9,10,11,12,13,14,15,16,17,18,19,20,21,22,23,24,25,26,27,28,29,30,31,32,33,34,35,36,37,38,39,40,41,42,43,44,45,46,47,48,49,50,51,52,53,54,55,56,57,58,59,60,61,62,63,64,65,66,67,68,69,70,71,72,73,74,75,76,77,78,79,80,81,82,83,84,85,86,87,88,89,90,91,92,93,94,95,96,97,98,99
1.0,0.46007740919726225,0.628772605016291,0.37515033565852485,0.3582865014978898,0.5390216702018324,0.40370033861118204,0.3805689794668824,0.5137040519560035,0.4639741094662264,0.30307668758610135,0.3024163040388358,0.024036211760075223,0.38758391463121294,0.29417057813161634,0.35022195009949486,0.0914369808631244,0.17049266361986398,0.27015809844525596,0.3458879097330039,0.4468478712470753,0.026122324025278258,0.3054208305088452,0.16126041416107237,0.300317071570707,0.13344121055738994,0.37035708818963065,0.03368393431151735,0.1367737421005445,0.23973260997216442,0.29774113839627386,-0.06532993519709925,0.08033062911373029,-0.026406595088670704,0.03653101834641709,0.5562747370492663,-0.07247600096214822,0.16839798867079303,-0.09239684240449586,0.12196103299731036,-0.008652783290096456,0.22357263125669677,0.11391397520281647,0.26526863615490587,0.06321751109750498,0.397865780324069,0.05517270032661705,0.31610504909142595,0.44062014825829304,0.1896569066934902,0.657448995211126,0.4386346242155212,0.1891714591852354,0.2292670499958183,0.4761890183901511,0.4912624819736618,0.433417156852026,0.4638647744418447,0.1014191686164746,0.4454877435437668,0.18130371083072752,0.2319214537184842,0.1611292121318143,0.2677658481117841,0.29088801906802825,0.39169053814699,0.26619579716166275,0.028811965625068336,-0.0024316109422492403,0.2620498130371083,0.36151884008554125,0.019138002667774594,0.3064051807366428,0.1360458683300542,0.19061030810609872,0.2001530690341344,0.17166036168026066,0.2739829371576031,0.14594476394568237,-0.09586494937788372,-0.1398482429861582,0.06299009424679101,0.11814305394590104,0.2583499158120312,0.42854518816557696,0.23770308980778904,-0.04142485403774245,0.015136340775403993,0.33597778312304566,0.04492357481795718,-0.009157901642212066,0.10994292711727274,0.17774376243685902,0.08255231680916665,0.21615534320264154,0.40970020336314533,0.46160372613763095,0.2934989394502635,0.4424307362620542,0.2421245981937854
0.46007740919726225,1.0,0.8302114539371542,0.7641206183988979,0.8635630097745511,0.6048938356913254,0.71694771265455,0.7930244254444468,0.8313704051956003,0.7169447420786775,0.6780214733987886,0.5730685967942971,0.618477619120509,0.7979663685465002,0.6996793200232911,0.7227613653757845,0.5866289679093926,0.721921672388533,0.7752203100741292,0.7004395267980145,0.6853337998294373,0.4861472524108373,0.6944698344667731,0.6813627517438936,0.49990597187903174,0.5077256128228117,0.7091294745358728,0.3835909995407929,0.6465242395749055,0.6304854808399396,0.29617546084712776,-0.24407758859167963,0.10761627779842994,0.5523692899783517,0.5061774288775667,0.8428374625527542,0.21514071417637926,0.007758421812803191,0.14800463580503379,0.5239203166342306,0.2852138431414129,0.4815333143819291,0.5495353261463777,0.3407754039929151,0.46447267717740703,0.5121121340010059,0.26283512588317504,0.6504734206555728,0.36702455664647615,0.2677264875030067,0.5076425182042815,0.918077452931272,0.6934814458463624,0.7331140070350614,0.8378299184360718,0.6861676829372396,0.824635367693687,0.895235179637445,0.5319936148345761,0.5896175460847127,0.34784719336992415,0.5597034834138768,0.5852441451094443,0.6033500251470556,0.7590518466685618,0.5681004132863922,0.7453281144081695,0.5821696442238307,0.5913931468806718,0.7766591589949925,0.8142866045866587,0.4484660296079246,0.7009148071496254,0.5342033504710908,0.5276114670573572,0.6319520675253111,0.6312217095624413,0.6404874598060506,0.1265924646301196,-0.3127462771424198,0.350908574052612,0.42683956178522225,0.6898296560320133,0.7515252235901249,0.7115873258839737,0.6351752640440839,0.3557105683234567,0.44443375390872714,0.8446086899477379,0.5374866064595133,0.23649165773763967,0.3540093153440773,0.39398220025803066,0.5112462006079027,0.728293717609499,0.5253372985502176,0.6121449345083204,0.5911744768319084,0.44810741072795257,0.34050862653342373
0.628772605016291,0.8302114539371542,1.0,0.6638647744418447,0.6883164592945704,0.7060068662395311,0.663397545863756,0.6432310686405283,0.7623931250136669,0.6786381229363014,0.4975574555553126,0.48119656250683346,0.4291530909011393,0.7494172443200455,0.6118110382578259,0.6282390500973082,0.441206666382659,0.5473661192626446,0.6832389407622838,0.5996107673132011,0.6566836500404539,0.28002886444643676,0.5612822811659487,0.49927182873761783,0.5054820581224989,0.3692462443419125,0.6060965209595242,0.20186744221643962,0.5023638232271326,0.5440888501116831,0.3293914412542914,-0.1148259548512143,0.19210163783866524,0.34313704051956,0.37139795762174455,0.7783385449694955,0.16204762633662068,0.08344020843656826,0.13268023878769325,0.45217467363495223,0.2595769385942583,0.48427106339244713,0.38985370973737726,0.2739629572937395,0.3980232227591787,0.4909623668846078,0.25139648312591084,0.48289781548621286,0.46272331678729967,0.29943364457370275,0.6025671863724825,0.7994489514771161,0.5668846078152675,0.5723738518446619,0.7964138112002799,0.7350536124882622,0.7820952964072511,0.7671120246659815,0.42261922984408823,0.5382344580262841,0.2235551376527957,0.3865692856049507,0.44882027508692135,0.5119328245610199,0.5822833526491876,0.5334805711661673,0.6398941636963985,0.37397389079617765,0.3829393627954779,0.6005466751219085,0.6771781474038591,0.25629441735365505,0.5821024929509645,0.3719738732463317,0.369189390129234,0.4798014475957228,0.47396733069471475,0.4994013900873183,0.17706588528569242,-0.16898384028339639,0.1540792897596816,0.29558067831449125,0.4711639806695677,0.592521484332291,0.6272987688876255,0.452122192823249,0.2442282040628895,0.2731320111084385,0.6924012158054711,0.33442085237585006,0.2159235529509523,0.33735977783123045,0.4232533729855022,0.455852703855153,0.4956156655222934,0.43581815398744833,0.599772583149286,0.4973562791104502,0.5049922372132689,0.34849008331328857
0.37515033565852485,0.7641206183988979,0.6638647744418447,1.0,0.8730620366928342,0.6462924493232162,0.7972871764094512,0.8413548796221382,0.8494150576195578,0.7164592945704227,0.7592399029104984,0.5810762939800136,0.4988607290459426,0.6857274059172115,0.5773857748421098,0.6920163565196475,0.4904446550971149,0.5416806979947957,0.6006560101462902,0.4598150051387461,0.49206446393037545,0.39699110012901534,0.5754870875336205,0.662876385821434,0.4532505302748682,0.537613435087796,0.475926614331635,0.058240580787649515,0.5287179375041,0.4397874962145335,0.18660427281275282,-0.35634947448084375,0.02658153112768144,0.3328289344208524,0.403927314075791,0.6991624937132361,0.009743937372898035,-0.0181037131308336,0.10456801731866786,0.6965515733310008,0.2038182018962119,0.37216330279241655,0.5240296516586124,0.24886400909667403,0.4634667949530953,0.45939515864512037,0.12146041138448513,0.5098642058997179,0.48258293061599356,0.1269379633071658,0.36632043908945794,0.7558680107585664,0.7165161487831012,0.7875432283829994,0.78558089698454,0.7416749488042622,0.8016662657715773,0.7754302333209421,0.5274365310183464,0.5470905950012027,0.3797511534845072,0.447381426166058,0.47438280378736525,0.495934923793488,0.6996523146224661,0.447429533576786,0.7669152216220945,0.5789464477050579,0.5097898580831384,0.5830836850276617,0.6915950794815963,0.3201373247906234,0.5566776985830213,0.5356531360646427,0.5387067853316131,0.560814327261595,0.5579322560188931,0.5310386073329881,0.2765345170671973,-0.5000196803043887,0.24021779536856835,0.2908967658699788,0.6446874111652927,0.6498392775141589,0.6317683846843498,0.47137390391638057,0.1677374210054449,0.206826878922394,0.6932277885897968,0.4884476613238285,0.04711464870656666,0.21823270866589403,0.3064573265399838,0.518436071811244,0.6878485053902167,0.4862303470293674,0.5910082875948481,0.42727690188274914,0.38579519363232817,0.22991406267083597
0.3582865014978898,0.8635630097745511,0.6883164592945704,0.8730620366928342,1.0,0.6686973825195163,0.7257972992037086,0.8437952373663379,0.9012967133891671,0.6395311714154512,0.717180905731342,0.6304257505849424,0.5530296735256172,0.7256303164155605,0.5627151852304704,0.6308412236775929,0.4813763982601096,0.6280378736524458,0.6166888981216243,0.5438892654873062,0.4428155955478778,0.4233714548118344,0.5454768100413286,0.6750431873346308,0.41562616168463407,0.5928057553956835,0.5917036583499158,0.24122805099385536,0.48613413220791146,0.5241198794255165,0.22592552098139118,-0.3619168200094223,-0.052791323172465064,0.4577944938881721,0.4905862544007347,0.815608668080733,0.09634165008418796,-0.1328421998669092,0.09992783888390808,0.6028733244407514,0.350519724606849,0.4724278935514203,0.667551551463996,0.38031532221031683,0.5971004351533971,0.575119721851698,0.29164493630698624,0.6218844984802432,0.532269139096018,0.2813496315409678,0.41550370645732654,0.8535085609324091,0.7762261922984409,0.895791580975783,0.8367365681922547,0.7437107691841155,0.7644748638778947,0.8768275349325403,0.6152981566114889,0.5697316918501673,0.32024665981500516,0.4207168004198465,0.44264503290984236,0.42137718396711205,0.6587872559095581,0.3988979029542324,0.7125363538956069,0.5316874767663073,0.5087183748441976,0.6699131879906409,0.6813088291412844,0.3151691412827185,0.49700257702963935,0.5458584895565074,0.44933633640200304,0.5906365485119504,0.5023025956134788,0.5029635290763421,0.15686951958190287,-0.42768362817344907,0.24239574905425204,0.46766088648837767,0.751135990903326,0.6586866676871269,0.5631803371892152,0.5048260479762087,0.28804968183507906,0.2754499136253307,0.7516651724213335,0.5107126456889199,0.23423498283440117,0.36474601473836127,0.37764317421442783,0.5568695195819029,0.7990509719883667,0.583919004613938,0.6095777481358379,0.4884432879228532,0.45610636111171854,0.32493931906146817
0.5390216702018324,0.6048938356913254,0.7060068662395311,0.6462924493232162,0.6686973825195163,1.0,0.6670099790189845,0.5126937963307165,0.7203035140276837,0.6338151363407754,0.5253635389560692,0.5421355316962235,0.2891605256827972,0.6821630841223678,0.4833597377708797,0.45036408563119107,0.2792332107688039,0.3846887231855853,0.4798626752093766,0.4795958977498852,0.37138046401784347,0.28190068006385166,0.45234523627298767,0.43500032800507316,0.4983315475279351,0.46409656469353394,0.48483523211825674,0.11932824561019877,0.34117338348166454,0.4194139854958505,0.2824473551857602,-0.10192003446249828,0.06629638538409394,0.2525813999256522,0.3842732500929348,0.7411077824670355,0.06403533707988017,0.007961785180500681,0.10176466729352081,0.5865124313922722,0.3426935150048133,0.5886816382760053,0.44574140080033237,0.292318121186941,0.44085631191095753,0.5953510747632896,0.34339325992592296,0.5233605213093963,0.7698541470774748,0.4111215586801076,0.48970720080470576,0.655625287004439,0.48210622990968927,0.5432885168581639,0.7835516389320155,0.8813637153836535,0.6885788633530865,0.6579781767291334,0.5328289344208523,0.5402637160788086,0.22883383262994467,0.229507336380136,0.2674684568454659,0.30588878441319894,0.4008178259823752,0.4298178478493801,0.5260326693052852,0.16908880190680284,0.19850867026743346,0.36921125713411035,0.4764431965662866,0.08216308412236777,0.35193452136921755,0.4377783949156449,0.2471933699241215,0.38370908136712517,0.24254881808838644,0.3518426798483219,0.15491023594498263,-0.08768668955413177,-0.09430801863068815,0.2645426515930113,0.34426100457020403,0.3930200520434716,0.40808204500229606,0.3391266318252389,0.15376003148848702,0.1554262972600643,0.5591874220987951,0.21700815639281887,0.27220922350265686,0.46410531149548445,0.45706850932627757,0.5342809035446415,0.3974328136275174,0.4667468456845466,0.5977389516957863,0.45358290874898866,0.6548424482298659,0.41589293914412545
0.40370033861118204,0.71694771265455,0.663397545863756,0.7972871764094512,0.7257972992037086,0.6670099790189845,1.0,0.7555867525170733,0.7429126226334749,0.6465380666707705,0.6653546449399845,0.43197878023552555,0.4055393557319733,0.7205295319694801,0.5808414004535227,0.7475134454897707,0.5426156056408249,0.6531091088205657,0.64495489378676,0.5930032068001257,0.5591683531615959,0.43574428259224685,0.6009868590094111,0.6926206431315975,0.4215307138822072,0.42986423855204736,0.4370081968560011,0.06122768059709395,0.4965018220704703,0.3529714044551933,0.27320228422999016,-0.29053222219549585,0.19504952335355666,0.4153729585764423,0.34735993894746325,0.6699992018538499,0.1390655562590281,0.2530083597742446,0.19221774312594106,0.7780179506443944,0.35069941768038676,0.25446880067015787,0.4481800618620923,0.3038314314486864,0.45929288589046485,0.4823254273093645,0.13799640942994781,0.42992546623264444,0.499895584937852,0.26663342878307333,0.28842829637276035,0.7671719043671948,0.6158214513369356,0.6923393154300483,0.7950632995820496,0.7278339153613859,0.793311750576397,0.750371466151928,0.3862963704014581,0.6511804368817573,0.43555841284757707,0.5055154113355139,0.5040065863493712,0.5733360011111878,0.6695356208436147,0.44917719837467357,0.7638043819343547,0.6057101372269011,0.5116359926923448,0.6398336356453888,0.7069202661657654,0.3879582645890935,0.5911429689772123,0.4975448739748682,0.5678080162344216,0.5396279762396091,0.4993642161383844,0.48671029872580684,0.35870674018383186,-0.37435697268502477,0.2884151761554895,0.2393499369684326,0.563891631379086,0.6952556201001511,0.6115486339124098,0.5259654566549432,0.18394544613669797,0.30173875679399287,0.6658860137394522,0.43377843670450444,0.03054605250931448,0.20950362938022776,0.2452081139798474,0.4281564236039641,0.5650637041219446,0.45717834420698666,0.6233218422100796,0.4646109472908982,0.5027798460345508,0.2831649025442887
0.3805689794668824,0.7930244254444468,0.6432310686405283,0.8413548796221382,0.8437952373663379,0.5126937963307165,0.7555867525170733,1.0,0.8681244669917562,0.531827425597516,0.6704642365135247,0.4868951039776082,0.5528984714963592,0.6593120640265903,0.5551513799738509,0.6516761059237717,0.556994770500399,0.6364872843366645,0.6436246747283024,0.41709562441232423,0.5009643349150467,0.4093459578841486,0.501865255515952,0.6970982484529094,0.306330497911701,0.4466466948022129,0.4445168485272572,0.10952308062364698,0.45989809975727625,0.44647443361688754,0.10626489689707201,-0.42146729949873163,-0.12992062277229888,0.4025409459666309,0.38664363342153024,0.6723929063436181,0.04001224552273075,-0.1521420394722646,-0.013811200279897663,0.49800791585576526,0.21234196971647876,0.20329754433535238,0.5176269926308193,0.2787080973519057,0.3845225339485251,0.4296341650084188,0.0661980562398509,0.4554284839605519,0.33796768056679277,0.07546740722923181,0.36539765148367626,0.7568957599877545,0.7002296035512016,0.8000927162025252,0.6608602479718353,0.5998388399982155,0.8485097636176773,0.839233780149133,0.4084581574861691,0.4328748551310927,0.24051081323391135,0.49991909208195756,0.4865933393103147,0.4711333668627408,0.7015897312545101,0.379633071658175,0.7159651002602173,0.6221687695436356,0.5162712383284861,0.6315322210316853,0.6577777194660942,0.36944742078677484,0.561833943970448,0.3945056843412908,0.5279044849227001,0.5828562681769478,0.5549933305635127,0.5224820389695443,0.20912291443440992,-0.5074588353633203,0.24694845946950647,0.19552601080230042,0.6084100500754411,0.6657322166582843,0.581653582908749,0.37591130742822154,0.16170212765957448,0.18385777700028427,0.6331066453827819,0.35257921322516456,0.11859788764732894,0.1435262732063589,0.2303426559664123,0.306151188471715,0.6847258970938751,0.4216570816295292,0.45968817651046334,0.30463799173427214,0.24522971288622597,0.09774113839627387
0.5137040519560035,0.8313704051956003,0.7623931250136669,0.8494150576195578,0.9012967133891671,0.7203035140276837,0.7429126226334749,0.8681244669917562,1.0,0.6324987426472196,0.7091863287485514,0.5664560145196912,0.49969604863221884,0.7670245566464762,0.5913172588808272,0.6245304060702805,0.46043215809014654,0.5973234786031357,0.6563337779624325,0.5470599811943758,0.49429489842776236,0.3591743018958693,0.5723119984255757,0.6310598937263563,0.43774245041656645,0.5409590868338764,0.6537490979860489,0.18861166386040104,0.45038157923509214,0.5530084111529525,0.2390894579169491,-0.3586695662348979,-0.056495593798517416,0.4034899739782642,0.4943998600511688,0.8360586910410881,0.06200607902735562,-0.11652064958202672,0.053189302661214494,0.5936804355907371,0.32531797393250944,0.45486868863571756,0.5907415101353568,0.3314688067175439,0.5464651986617393,0.6351315300343312,0.29597023460059524,0.680929785047342,0.5499989066497561,0.2742122411493298,0.5370273993571101,0.837099560473202,0.7302573746473946,0.7649239738081302,0.8282740373051103,0.7645762880504537,0.8305350856093241,0.901117403949181,0.5647853753471387,0.524204587697623,0.23423935623537645,0.3859045286567099,0.44055454724366405,0.4339856989788109,0.6604491482801601,0.42626664625746213,0.7192888850014214,0.4868951039776082,0.46295510703898884,0.6115632721786097,0.6952621802087865,0.26473070783494784,0.5510053913162762,0.5030974680151715,0.40151757013841816,0.525472873980451,0.47177625680610524,0.5438811133382286,0.15923552950952308,-0.40464455183573506,0.14514005816623296,0.38714220113271086,0.6512125254203932,0.6199120946403971,0.6221906365485119,0.47633334062233496,0.27533620519997376,0.2615906059347051,0.7345214405982813,0.41468150707397605,0.29923684152981567,0.33893857558330237,0.4148302027071352,0.49806039666746843,0.6820974831077388,0.5390347904047582,0.6823336467604032,0.5466794953095274,0.464114058297435,0.323176838468435
0.4639741094662264,0.7169447420786775,0.6786381229363014,0.7164592945704227,0.6395311714154512,0.6338151363407754,0.6465380666707705,0.531827425597516,0.6324987426472196,1.0,0.7482932802694015,0.705744462181015,0.48861822396186394,0.7202597800179309,0.608528797237246,0.5968249108919551,0.4461114409390619,0.38172355732435326,0.6740897859220223,0.4478581268723623,0.5497496227941658,0.3046161247293958,0.5263825413833068,0.6033062911373029,0.6824735955916118,0.5455249174520566,0.5716603616802607,0.11999300255843957,0.5717565765017165,0.4540010649245732,0.35326146377730644,-0.1394241755310968,0.20675253110581443,0.24528656709890445,0.3730642233933218,0.7087927226607772,0.0030088998709846713,0.12177748330186293,0.19944020467516566,0.6249808663707332,0.004603009559174385,0.6010977236447924,0.39985567776781616,0.23399881918173668,0.2557477422317465,0.39176488596356956,0.09061696728369904,0.5273840502066433,0.5050403446239968,0.11175351512103388,0.4771467932037349,0.6641271785003608,0.4970282740373051,0.4752798706349418,0.7296713389167085,0.7343691744873018,0.6462093547046861,0.6241849073932344,0.6113839627386237,0.5331875533008243,0.4040716363079749,0.39829000021867006,0.3418206468260042,0.4123898449629354,0.5885373160438214,0.4958124685661805,0.6341737552207474,0.2787955653714111,0.37397389079617765,0.4253132448448536,0.6398423824569026,0.3093568913865868,0.576161221230168,0.6903187997628623,0.5541492641752859,0.553401412608515,0.48691697098248454,0.5257948938304228,0.12815814217926572,-0.29104108810216267,0.09855459097767379,0.17518094946535173,0.5104633618333297,0.6005248081170322,0.6438214777721896,0.453784085193851,0.12980254094596663,0.2935470468609914,0.683291421573987,0.4660427281275284,0.10286239093831318,0.37621744549649033,0.5210950996042072,0.49880824823423936,0.5751066016487721,0.503054820581225,0.5935054995517264,0.4700312698169732,0.5915855765235836,0.29535326146377733
0.30307668758610135,0.6780214733987886,0.4975574555553126,0.7592399029104984,0.717180905731342,0.5253635389560692,0.6653546449399845,0.6704642365135247,0.7091863287485514,0.7482932802694015,1.0,0.7963088495768734,0.5617808488771293,0.6991581203122609,0.5804974530381692,0.5723732260392294,0.5380732304930186,0.4662788917801929,0.6319302005204347,0.35508517198399336,0.4595044936695021,0.4399816317159039,0.5717215892939144,0.7448557871028405,0.5974284402265422,0.7789989285167611,0.5308171699722289,0.175364632306313,0.48762108853950276,0.47330965134144243,0.29210819794012816,-0.2164201705848209,-0.08871881218429511,0.3108657147230544,0.4534210929129037,0.6142616605803503,-0.014524064638866414,-0.07481585228389187,-0.020848002449104546,0.5722726378167983,-0.015302546743516552,0.4835450788305526,0.4668955413177057,0.2012201788720999,0.31354223611991866,0.30778246703549017,0.022542719974122914,0.6133826069843213,0.36702455664647615,-0.045395902123286175,0.37437624368590233,0.6764776628545188,0.5914674946972514,0.5975078147297691,0.7019658437383831,0.652927612481653,0.6821543373204172,0.6710109116354332,0.5885985436574752,0.5768647088408301,0.5020008309461853,0.4760928035686952,0.4106579781767291,0.4719424460431655,0.7015547440467079,0.4750213203297544,0.6900002186700488,0.4622990968926986,0.4882639784828672,0.45850298484616564,0.6422893029779079,0.47472830246441144,0.6529210523730176,0.6730044674404743,0.7117054077103059,0.6730576632918589,0.5367125144868907,0.6416376655201246,0.15578928954101157,-0.4109684896459732,0.27954341693818197,0.18340294329885637,0.6015000765345171,0.6633618333296888,0.598858542345455,0.5074894491701472,0.19570094684131115,0.3402987032866108,0.6558527038551529,0.47022807286086027,0.1492772954888369,0.27640331503793925,0.37957621744549647,0.45605825370099057,0.677295488836894,0.44584198902276356,0.4656053880300015,0.47547178063020706,0.35040125953948087,0.1376702893004745
0.3024163040388358,0.5730685967942971,0.48119656250683346,0.5810762939800136,0.6304257505849424,0.5421355316962235,0.43197878023552555,0.4868951039776082,0.5664560145196912,0.705744462181015,0.7963088495768734,1.0,0.519984255756489,0.5564496730882771,0.4537714611223341,0.39873608711814745,0.4309510298826458,0.2702718068706129,0.45004920076097177,0.1511447377052765,0.3576129977476985,0.27212612888412674,0.3369661717434563,0.5922896940806017,0.6268483085871728,0.8332159804071636,0.4953445146618268,0.06630950558701974,0.35651090070193087,0.35376916508425194,0.437816798233146,-0.0325315787229631,-0.1911088758172793,0.13629266799326495,0.38962191948568803,0.5388642277667228,-0.19888478275130655,-0.25153643211013277,-0.1345564278060834,0.3643567820515624,-0.14227782278749707,0.6857580197240384,0.3948262666462575,0.1697010780433404,0.23091119809319718,0.2852594520128578,0.005060030460774121,0.4760490695589425,0.4348428855699635,-0.06026546543919879,0.5300430779996064,0.5354486016050382,0.5481270910323413,0.5329694659746751,0.5545866042728127,0.6314913641640346,0.4990881458966565,0.47496446611707593,0.7072751525223591,0.4567186372482561,0.38011851916642975,0.23687214362248804,0.15882005641687258,0.21724869344645864,0.4859373291640244,0.37157726706173055,0.5283811856290044,0.18689729067809582,0.28622597362839214,0.25665303623362706,0.4611034758738361,0.29239246900352056,0.44432490468735386,0.6382905212901953,0.5589293914412543,0.6441932168550873,0.3641862194135269,0.4321908904147369,0.04972119568782664,-0.1724300802519079,0.05884848352321183,0.08588922175329645,0.4400341125276071,0.49663466794953093,0.46695676893135946,0.24945879162931053,-0.017668539940084407,0.12006297697404386,0.49706326124510725,0.27334630775622665,0.28214996391944197,0.5352255581552995,0.6205724781876626,0.4649056438739586,0.6138724278935515,0.4540508626533424,0.3906934027246288,0.27300080907918045,0.4074347816579563,0.12098139117885023
0.024036211760075223,0.618477619120509,0.4291530909011393,0.4988607290459426,0.5530296735256172,0.2891605256827972,0.4055393557319733,0.5528984714963592,0.49969604863221884,0.48861822396186394,0.5617808488771293,0.519984255756489,1.0,0.7155977345782948,0.7109561467675487,0.38271194594476393,0.5445414976075259,0.46878922393999695,0.6224268002011765,0.37614747108088603,0.4928035686951958,0.5400056854212678,0.5242570685093263,0.5644442500710678,0.3767641206183989,0.5176138724278936,0.5537731516914128,0.509391878594389,0.628300277710962,0.6153075761604957,0.05079705232774267,-0.013201125277309149,-0.09574686755155147,0.34480767969211257,0.46618705035971225,0.5249830530712208,0.3149417244320045,-0.151372320059044,0.10061883623800048,0.3437493166560976,0.0780915331958364,0.3210601123964051,0.44192779514989833,0.10467297894207431,0.3436224880278148,0.22146027858564213,0.1169951641066542,0.4858717281493954,0.13278957381207496,0.0390632175110975,0.15964225580022304,0.5908377249568126,0.42947234917233384,0.5605219222433674,0.47137390391638057,0.31303745056703514,0.556384072073648,0.5434431785878289,0.523176838468435,0.2696945179418775,0.34423039076337714,0.6474863877894644,0.5945857295926177,0.44861035184010845,0.5759725350418753,0.4924624434191249,0.4524370776934683,0.4868513699678555,0.435258358662614,0.4848833395289847,0.5297178387943937,0.4148476963110363,0.5061364349529986,0.3610840810051733,0.4483785615884192,0.5443834597975116,0.5704095690013339,0.6246382373429171,0.02034506133694868,-0.23310664538278192,0.28556996348210184,0.253718484179222,0.41255603419999565,0.48370252126566227,0.41924733769215633,0.38030220200739107,0.40157442435109664,0.3411908770855656,0.5541798779821128,0.2821193501126151,0.10024272375412739,0.11751328420546238,0.32877479171677854,0.2472196103299731,0.4417747261157639,0.23911569832280072,0.271413264525158,0.2437296363517089,0.20614900177122739,0.13579410028208436
0.38758391463121294,0.7979663685465002,0.7494172443200455,0.6857274059172115,0.7256303164155605,0.6821630841223678,0.7205295319694801,0.6593120640265903,0.7670245566464762,0.7202597800179309,0.6991581203122609,0.5564496730882771,0.7155977345782948,1.0,0.8744777880193589,0.6079420961710874,0.5087604784071599,0.6019680304388708,0.828903807045549,0.6190942686580219,0.6328879753340185,0.4802868951039776,0.6967396295729374,0.700382672585336,0.5391966062408432,0.49955609980101023,0.6831077387330258,0.40432966696551575,0.6149001771227395,0.7074115014015527,0.2558264634493013,-0.100081017341707,0.14727427784216396,0.4227679254772474,0.5155408803656163,0.7967330694714745,0.33822133782335834,0.10874254744331732,0.25688919988629155,0.6364654173317881,0.2823798762109188,0.4722485841114343,0.5293127200367366,0.3100872493494566,0.51120246659815,0.5362183201766854,0.3169341550964645,0.6380966958955632,0.4546675121908552,0.2993286829502963,0.4089173645885723,0.8368152894098095,0.5893157814174192,0.6396040318431496,0.8143491285998556,0.6841099955286015,0.8064245260326693,0.780888237738077,0.5542411055957666,0.6063501782160897,0.3488312085893595,0.5943014585292252,0.6261048304213772,0.6153025300124642,0.6906649756182895,0.6820406288950602,0.6552273075156896,0.499910345280007,0.481450219763399,0.602558439570532,0.72796432175627,0.3973715860138637,0.6775717539219833,0.512126374072148,0.4764864096564694,0.5255384749950799,0.5444140736043385,0.6902196433710401,0.20893923159344865,-0.20098838862041066,0.20353808138899215,0.34839824189280794,0.5447595722813846,0.6132032975443353,0.5772277011217773,0.5476635105289629,0.41436662220375675,0.3859701296713389,0.7549189827469331,0.40682250552141874,0.20004373400975267,0.34817519844306927,0.45930331722463974,0.4235420174498699,0.5321335636657847,0.4312129627604907,0.6334040366491002,0.5140670442369508,0.5099210601123964,0.39527235354573487
0.29417057813161634,0.6996793200232911,0.6118110382578259,0.5773857748421098,0.5627151852304704,0.4833597377708797,0.5808414004535227,0.5551513799738509,0.5913172588808272,0.608528797237246,0.5804974530381692,0.4537714611223341,0.7109561467675487,0.8744777880193589,1.0,0.5775650844781441,0.500348779490454,0.5552935156609512,0.781892788145039,0.5306865481695549,0.7544431069116347,0.5486109516643541,0.7835546823326744,0.6515915370229093,0.5482720127181917,0.4151214877454185,0.5923974901027902,0.5109646749086553,0.693674633919019,0.7635559326407309,0.1529051987768498,-0.08176965684034208,0.14966450511096077,0.3633250566631555,0.3841249744431397,0.6207305992990955,0.41166649719743964,0.15195414916391323,0.20467757612744966,0.5200263716370251,0.0674926581370583,0.30568794219250545,0.3177804091104315,0.14805071838665165,0.35438144189022286,0.3265512743559652,0.10215412336079106,0.49773074908816906,0.18657386299661607,0.11478878090228035,0.30359745424069035,0.7028391056826768,0.4785642983584002,0.48173773094341027,0.6302602504434573,0.4791639788414398,0.6762116247315764,0.6079012135111258,0.35667966661549233,0.5272687315705099,0.4380928014837211,0.7254430533373969,0.7717027527313798,0.7399715072619358,0.7763341894279743,0.8502381866115452,0.6141923576924772,0.6029111575424626,0.5463652078081679,0.5793997281931785,0.7731599421835127,0.4970288174641809,0.776161195165632,0.44178929541025536,0.5529296898493278,0.5456545293726659,0.6932941476181657,0.7824184522937445,0.12865466385464366,-0.21635019609270995,0.3425163920716574,0.2567451583666427,0.48043174261661153,0.595684104529127,0.6194841786583688,0.5997579319917122,0.36154945392583976,0.4539332771353407,0.6985553547437587,0.33191962992260327,0.03850127758117976,0.17769147590428053,0.30712679268653714,0.30626741845529937,0.4616807654337515,0.2609480012990575,0.4766706136656472,0.4390943114020593,0.33060979489840114,0.25909149055523845
0.35022195009949486,0.7227613653757845,0.6282390500973082,0.6920163565196475,0.6308412236775929,0.45036408563119107,0.7475134454897707,0.6516761059237717,0.6245304060702805,0.5968249108919551,0.5723732260392294,0.39873608711814745,0.38271194594476393,0.6079420961710874,0.5775650844781441,1.0,0.7472379209270839,0.7691675231243577,0.7114255100478888,0.5951061643086747,0.7176401128337452,0.5952417397389079,0.6973081716997223,0.7372373226039229,0.47977083378889596,0.40017930943998603,0.4162996654348254,0.18359974634274343,0.5752815376877829,0.4263545804321068,0.24355907371367344,-0.2084255848611432,0.2148739367168879,0.6198727340316197,0.48455970785681485,0.5254072729658219,0.21842951170978112,0.013150831111104393,0.026384728083794363,0.5917211519538169,0.12351809879312317,0.19489186766088648,0.31814305394590103,-0.011983118672235464,0.22722879447202116,0.22554066169556755,0.030305515192683038,0.47291334105967503,0.13438586516804793,-0.02136843716516149,0.33753034046926594,0.7343814917670727,0.7106033106645383,0.6055614414311654,0.6709759244276311,0.5526957126413317,0.6816863834160635,0.6100457020401916,0.3379808007697186,0.5276814414729615,0.41149767116398067,0.43579191358159675,0.5144387833198487,0.6386652380223481,0.7547527935098729,0.4516848527257222,0.7694955281975028,0.6933852310249066,0.7591568082919683,0.7521243795237367,0.8210588234012729,0.6225842426362861,0.7044813195444061,0.5155092071237689,0.6683606306444206,0.6391900461393802,0.5728149395377315,0.5916955584788021,0.08307712492619886,-0.40251470556077934,0.5685683671907459,0.1701865255515952,0.6037523780367803,0.8130808423170278,0.6640484572828059,0.6722791979182612,0.18649493778837112,0.4334958780695808,0.6912378911460497,0.37470862216002276,0.008230740635455161,0.08071111499857865,0.17054077103059195,0.34828890686842623,0.6496512212722223,0.15905622006953707,0.3979270079377228,0.4776934683256434,0.2683125232336927,0.02539196606240843
0.0914369808631244,0.5866289679093926,0.441206666382659,0.4904446550971149,0.4813763982601096,0.2792332107688039,0.5426156056408249,0.556994770500399,0.46043215809014654,0.4461114409390619,0.5380732304930186,0.4309510298826458,0.5445414976075259,0.5087604784071599,0.500348779490454,0.7472379209270839,1.0,0.7207044681997575,0.7280845904145857,0.44151499148852297,0.6472050110487031,0.6514953220962566,0.5775541509637518,0.596296381335098,0.5245703402184809,0.4736792041279035,0.382550548370643,0.24522342089999669,0.683639854409731,0.3201423982471371,0.2244563036631895,0.0581138792370148,0.09940751285513896,0.5878360278983067,0.5471502341415377,0.29075057482969296,0.20934181336722116,-0.18674900340907352,-0.16684980303283795,0.35844433583841573,-0.05559260806150765,0.14779268744699245,0.18300079049319995,-0.21459864708705736,0.18563358075887498,-0.023386787285211423,-0.13901541408544332,0.42913606649351765,-0.05167616242394729,-0.2665350271535423,0.1432093582137243,0.5760081520286752,0.6432186517012566,0.49365090125057676,0.4896005877860264,0.41173910856772994,0.5786890497576765,0.4727848426506102,0.4420048129332997,0.23436862781128331,0.3157096014845226,0.4209862248654687,0.4322258776607924,0.518001484771564,0.6824109273920321,0.3644533953484448,0.689985666163044,0.7057824077570943,0.8118768580145873,0.6506687484081959,0.7139767640698084,0.7136501647138209,0.6634726191699705,0.5098636915783096,0.703980564585237,0.7659342305379822,0.6432142782954997,0.5628688698451156,-0.03771843795068834,-0.20553913706156593,0.6639245412574667,0.09096902644713234,0.5708016124750438,0.7962047584846097,0.6024585100466198,0.5420333494059235,0.22705410668280904,0.4722206733079656,0.6004642370214573,0.27435248994406414,0.17510679310193175,0.09093185249819839,0.16378841900298324,0.1887561924693268,0.5200482386658098,0.003404696381774117,0.16090853131204136,0.3990295412627751,0.1291269916763927,-0.1623933025665209
0.17049266361986398,0.721921672388533,0.5473661192626446,0.5416806979947957,0.6280378736524458,0.3846887231855853,0.6531091088205657,0.6364872843366645,0.5973234786031357,0.38172355732435326,0.4662788917801929,0.2702718068706129,0.46878922393999695,0.6019680304388708,0.5552935156609512,0.7691675231243577,0.7207044681997575,1.0,0.7145349981413046,0.6832301939603332,0.6311736021517133,0.6759572281384619,0.646712295816842,0.6503509654282653,0.2927948218932453,0.3410596750563075,0.416798233146006,0.3272484747764099,0.5446589840589534,0.3898235221444264,0.07726487503006713,-0.08649721906066601,0.149832717412696,0.8881546434584855,0.606175242177079,0.6018193348057117,0.3448689073057663,0.022807311022417495,0.18988869694517943,0.5358640746976887,0.4001622533538214,0.13899105639500559,0.4279285386280641,-0.00950777372023354,0.5089982725066148,0.32060090529400187,0.2292473696699121,0.45949574686755157,0.11989678773698366,0.1711005663554263,0.13670814108591547,0.7842688766919595,0.7057575823839408,0.6286923844795961,0.6552797883273928,0.4898542453199286,0.6866414467210427,0.6612407338566837,0.3513459141501389,0.3931949880824823,0.2986245653932781,0.4501541623843782,0.5289191139489624,0.5454024622247491,0.6651593011305241,0.36138724278935513,0.7016247184623122,0.7359952767269468,0.8227329382694453,0.9211825676237125,0.7741934073099545,0.560228291530909,0.5803728109740967,0.4057956436467327,0.47824451684852726,0.4944654610657978,0.523176838468435,0.4906676987907186,0.1106689116791673,-0.13456080120705866,0.6108985152303689,0.4675559248649712,0.6358181539874483,0.6922743871771884,0.5135378627189434,0.6461350068881065,0.37847412039972883,0.4314753668190068,0.7395508517198399,0.41303710830727514,0.21881874439658,0.1411209026699613,0.13202860204237826,0.26047538868601167,0.5670726640572041,0.09446546106579781,0.3517963744505915,0.48003323784741203,0.2125604076009709,0.177205834116901
0.27015809844525596,0.7752203100741292,0.6832389407622838,0.6006560101462902,0.6166888981216243,0.4798626752093766,0.64495489378676,0.6436246747283024,0.6563337779624325,0.6740897859220223,0.6319302005204347,0.45004920076097177,0.6224268002011765,0.828903807045549,0.781892788145039,0.7114255100478888,0.7280845904145857,0.7145349981413046,1.0,0.5641031247949968,0.7481402112352671,0.5028142835275853,0.6861778662176642,0.705206533861057,0.5076775054120837,0.40492444949815226,0.5139096018018412,0.3582865014978898,0.7219785266012114,0.611732316954201,0.08502766176116858,-0.13510762404900167,0.2029083116485535,0.5490367584351972,0.4516279985130437,0.6028951914456276,0.4036430430123986,0.000968709375161165,0.13082154337320417,0.528682950296298,0.12555391917297654,0.28446349303535895,0.3063261245107258,0.061061424416697645,0.33125451006975576,0.23624674728302464,0.05773332939730266,0.4770330847783779,0.1745905403336905,0.04368152894098096,0.29030635673831756,0.7486300321444972,0.6290918632874856,0.5430589130559248,0.6621066672497868,0.5638872579733291,0.7619645317180905,0.6780302202007391,0.4842754367934224,0.46220725547221797,0.2907655638407207,0.5566814633399664,0.5938378780258468,0.6348210185650871,0.7822702324462618,0.5830530712208348,0.7067153571975247,0.6542913997069821,0.6856749251055083,0.6811572018980561,0.8107353991120272,0.5663554262972601,0.7754682550881011,0.5584998327183822,0.6039710480855437,0.612774704248759,0.668155080798583,0.6810442380929899,0.12642190199208414,-0.2151101003695524,0.42331460059915593,0.21940478012726597,0.5771052458944699,0.6951870722267172,0.6104393081279658,0.5624937132360981,0.4116070061883624,0.4716188143709956,0.7368131027093219,0.42892130064945005,0.2562200695370755,0.22433360302639346,0.3447726924843104,0.27924602567186374,0.525735278038967,0.19947081848199252,0.3910432748026503,0.45598827928538627,0.28133213793706674,0.17931818678795566
0.3458879097330039,0.7004395267980145,0.5996107673132011,0.4598150051387461,0.5438892654873062,0.4795958977498852,0.5930032068001257,0.41709562441232423,0.5470599811943758,0.4478581268723623,0.35508517198399336,0.1511447377052765,0.37614747108088603,0.6190942686580219,0.5306865481695549,0.5951061643086747,0.44151499148852297,0.6832301939603332,0.5641031247949968,1.0,0.6106011239640506,0.45796942992718287,0.6505608886750782,0.4057072882727253,0.2368633968205375,0.19046598587391486,0.6647788152456758,0.50900264590759,0.6083225820559358,0.47903006607151377,0.17193588594170256,-0.15293362591426987,0.3308609039819816,0.6245522730751569,0.5482276792547724,0.6544707091469681,0.4912772517548271,0.1727189135586451,0.2858367409415932,0.4679888915615228,0.548114570110942,0.2793990947059981,0.4072554722179703,0.21552994686317814,0.47645142244866723,0.5214974524939319,0.5299233888649697,0.6570553891233518,0.22310905075331833,0.482460475388686,0.32449760556296603,0.7155714941724431,0.43951367781155015,0.43728590812156654,0.6701231112374538,0.449618912356124,0.5340534866939275,0.6361636526644946,0.3751459622575496,0.445229712886226,0.21278782445168484,0.4306181802278542,0.5206883733135073,0.5674225361352255,0.5393934092847302,0.4798845422142529,0.5364020030176466,0.43705145306247406,0.4576151844481861,0.7000852813190177,0.694385312354521,0.2848133651133804,0.49962880718667896,0.33467524146772953,0.20104086943211388,0.306330497911701,0.5160875554875248,0.497332769164288,0.16140910979423148,-0.052690734950033895,0.3518094946535173,0.5834991581203123,0.5262163521462465,0.5290328223743194,0.5350243817104371,0.6737093000371739,0.5695086484004286,0.5750847346438959,0.7514902363823227,0.5762305656994161,0.250101681572675,0.22585554656578688,0.2480636767181999,0.3582252738842361,0.37679473442522576,0.3175657650171656,0.5892108197940128,0.733393103146662,0.4051212525420393,0.5033215980407164
