0,1,2,3,4,5,6,7,8,9,10,11,12,13,14,15,16,17,18,19,20,21,22,23,24,25,26,27,28,29,30,31,32,33,34,35,36,37,38,39,40,41,42,43,44,45,46,47,48,49,50,51,52,53,54,55,56,57,58,59,60,61,62,63,64,65,66,67,68,69,70,71,72,73,74,75,76,77,78,79,80,81,82,83,84,85,86,87,88,89,90,91,92,93,94,95,96,97,98,99
1.0,0.10757691718965254,0.04563643917692593,0.008064551398394963,-0.09203822352452384,0.05190352277448558,-0.08906431086134133,0.04595132404714526,0.04931884279810195,-0.19421399050971988,0.39529859395158645,-0.013010867901423542,-0.01343071439504931,-0.06456014519691237,0.05151866348866196,0.14201307646891606,-0.18348603791738646,0.08405239334368371,-0.22199383350462487,0.2144584636242374,-0.07223109050753318,0.05278257637051453,-0.026489689707200805,-0.04731582515142901,0.4587653889046817,0.18738711158732588,0.21073232599330868,0.04277623493910039,0.1990859591961689,-0.14081039120071723,0.4096608427543679,0.4085106382978723,0.15642780608340076,-0.0027290022085674926,0.1151560210797927,0.1283112112134001,0.3048041809713324,0.03660536616299665,-0.17301611598259387,-0.1523080623646979,-0.13228663269991908,0.2481598915396558,0.0855349762742997,0.14449513950626325,0.19409590868338764,-0.08321707375740744,-0.011812556034199995,0.3426909536200827,0.2149963919441954,0.18899652314622467,0.6055629660405414,0.18702213708670193,0.2229166211104065,-0.04731582515142901,0.05814873936716888,-0.004342787168441538,0.17172596269488968,0.02868513699678555,0.07111149985786447,-0.1951673919223284,0.2354376681026,-0.06023922503334718,-0.10228947541055301,-0.03350899827250661,-0.08270101244232578,0.0655092448331336,0.21507511316175024,-0.09039382475782293,-0.13764842229559818,0.08715313463514902,0.07847630710021648,-0.20329317093437713,0.028199689488530758,-0.10532024228641403,-0.02470534210929129,0.1262274236595446,0.0979029542323588,-0.04722184866050871,0.37059325184229513,0.15776169338085763,0.18935514202619666,-0.21184316984102688,0.21401237672476,0.05285255078611883,0.1482101856508714,0.09687520500317072,0.3274059172115195,0.20143447551988805,0.21176007522249676,-0.14932102949858958,-0.12686798889156153,-0.01245981937853972,-0.04542214252913778,0.1074981959720977,-0.03605431764011283,0.010176904069449608,-0.12636504777940566,0.27953467013623146,0.11920141698191598,0.18893092213159562
0.10757691718965254,1.0,0.6516717325227963,0.605409897006407,0.7049310095996152,0.3107257658918458,0.512033412783451,0.7115042312654436,0.37788371126806763,-0.00580350309418119,-0.22392250333471825,0.02622291224770943,0.13338435634471146,0.30153287704183157,0.22530887144387834,0.5835428921300649,0.12807942096171088,0.7363014147952155,0.4520216046008178,0.19229406748157704,0.3396908005510485,0.1260370427062605,0.3276202138593077,-0.4366578469746999,-0.24502416304038835,-0.18610570510157223,-0.1841726618705036,0.01807963963175964,0.07869935054995517,0.07274277842163959,-0.03827163193457392,0.19788764732894534,-0.07080973519057095,0.29440423345214406,0.16213509435612605,0.36071811244013907,-0.008187006625702478,-0.020848002449104546,-0.2737661542498524,-0.1593579847368306,-0.21170322100981828,-0.04473989197699591,-0.09797730204893836,-0.09919102927017066,0.12193041919048347,-0.010120049856771118,-0.0034112527607093658,0.14224924012158055,0.16230565699416152,0.1292646126260086,0.14992893223415188,0.8466716742167645,0.48360193304323107,0.35009949487218733,0.6135094356126042,0.26988257418381406,0.6953838752706042,0.5087796024578514,-0.16425182042815595,-0.08889812162428112,0.16306225536288294,0.2575583302355076,0.36826660252345234,0.3172377599440205,0.3785353480133826,0.24928631484818956,0.23728761671513854,0.48054055236054316,0.40251470556077934,0.6593383044324419,0.2661433163499595,0.17435000328005074,0.513043668408738,0.0463755439417463,0.3064048457282806,-0.13620316219111397,0.14719118322363386,0.2224554705293916,-0.015131967374428724,-0.22785419081148456,-0.06569285604950689,0.2667774594913735,-0.3042487590474733,-0.01481270910323413,0.19945332487809145,0.4192604578950821,0.23577441997769566,0.14251164418009665,0.3949662154774661,-0.13266274518379217,-0.19618639434956595,0.03302355076425182,-0.053184929260239225,-0.08723185585270385,-0.1551901336073998,-0.1214712120880803,-0.03348275786665501,0.41461590605934706,0.21863068815464345,0.21618158360849316
0.04563643917692593,0.6516717325227963,1.0,0.33256653036233624,0.6822636723447989,0.7462902626227286,0.42288163390260436,0.7728324331416326,0.7415013885548096,0.14775535194944348,-0.10573571537906452,0.2038223524523846,0.35194069668277533,0.5140276836281734,0.4856618049025825,0.12766394786906038,0.26506745971004353,0.7036977105245894,0.5641774726115764,0.48511512978067395,0.5732435328333079,-0.054033369049441296,0.44510725765891845,-0.20732107323259932,-0.2175067241039995,-0.07589600052480812,0.002921431851479303,0.1463383700334565,0.4444906081214056,-0.006546981259976821,-0.08392556471540093,-0.026152937832105136,-0.2281515820778028,0.23869585182917497,-0.062268483085871726,0.7509216942555378,0.09426865802191074,-0.27990640921912924,-0.30466860554109904,-0.2666768712689423,-0.4060352933458704,-0.18207342940237475,-0.3327808270101244,-0.1664540098118353,0.03718265509173208,-0.19097767378802125,-0.1298637685596204,0.22343705582646345,0.4809429052502679,0.18787693249655596,0.03469418993680436,0.7389218898802714,0.38938575583302354,0.2220594345192539,0.8650543395071177,0.753042793728543,0.7106557914762415,0.8214515317836916,-0.007496009271610067,-0.15225995495396996,0.2767269467101091,0.38029782860641576,0.42833526491876406,0.48299403030766874,0.6147689750934815,0.5248611717013171,0.02798976624171787,0.5830530712208348,0.41648334827578665,0.6352627320635893,0.6176597931381339,-0.05937329164024403,0.6386127572106448,0.005628567055170453,0.48905556405939077,-0.10709596017583119,0.537237322603923,0.32498122168922544,-0.14466335745992873,-0.18395836522271544,0.11203341278345105,0.025330738448754674,-0.25922022260610966,-0.1625549408497518,0.3524742516017581,0.18741772539415277,0.29497714897990424,0.18502110165970567,0.6337451619251712,-0.3291290371957753,-0.24829984037086442,-0.1341540749163587,-0.22062933240034113,-0.19963263431807746,-0.28342262360324505,-0.29028448973344123,-0.2264634493013492,0.37222015700509503,0.5646279329120291,0.038555902997966365
0.008064551398394963,0.605409897006407,0.33256653036233624,1.0,0.6802562812971508,0.23635608230740635,0.40126828628282785,0.6918239268767357,0.28518510419627824,-0.1660186744221644,-0.17379020795521638,0.0019636570378955194,0.1210688591983556,-0.0662613981762918,-0.08952351796374451,0.4012857798867289,-0.04473989197699591,0.33872865233648947,0.1624849664341475,-0.03861713061162013,-0.005737902079552164,-0.12752399903785178,-0.13003433119765587,-0.4130633487131268,-0.14444031401019003,-0.2142791541842514,-0.1677374210054449,-0.13840064726334433,0.008033937591568082,-0.08744615250049201,-0.21630841223677594,0.053001246419277954,-0.02959917780061665,0.1258752268701756,-0.02305219654063983,0.0661914237606875,-0.0036911504231265445,-0.13622706697863593,-0.1070696026765214,-0.09844962935426735,-0.0912816251558024,-0.2276792547724738,-0.049340709802978285,-0.08375728035394606,-0.049336336402003016,0.12633443397257876,0.053372985502175764,-0.013282018761890184,0.10939187859438892,0.013496315409678336,-0.09959983381076294,0.3850302694348253,0.15945857295926177,0.6834838512168988,0.36608427543679345,0.0995211125932081,0.3933393103146662,0.398403708644027,-0.16198202532199166,-0.17153790645295314,0.22611357722332773,0.3473136384509414,0.4228072860860248,0.11146487065666616,0.12796133913537863,-0.05139626445550344,0.04318296122980035,0.4055673394415167,0.0878616255931425,0.1793794144016094,-0.05023725700290831,-0.07964400516061315,0.1030110865714723,-0.006529487656075747,0.10469047254597538,-0.11776269681699635,0.07838446567973585,-0.002090487951815065,-0.1672082394874374,-0.2087949093612648,-0.25384093940652946,0.035240865058712906,-0.16080995386061972,0.2241061861756795,0.20740416785112942,0.2322625789945551,0.07997638363473356,0.0663576129977477,0.04091316612363605,-0.15177450744571516,-0.23678904900395792,-0.13298637685596204,-0.11639806695676894,-0.18562025759331743,0.04776191205090639,0.06068093853184929,0.2048632218844985,0.22817344908267914,0.03771183660973956,0.12790011152172487
-0.09203822352452384,0.7049310095996152,0.6822636723447989,0.6802562812971508,1.0,0.5138877347969648,0.48619535982156525,0.7857208458157486,0.6288775666396974,0.01683322035380814,-0.27838446567973585,0.2105224027464958,0.4102512518860292,0.30546893791957314,0.2280553672563469,0.2507883055257921,0.22146027858564213,0.5183354835888129,0.41689882136843714,0.15861887997201024,0.3444534342131158,-0.07659574468085106,0.18609258489864644,-0.3396733069471474,-0.31933261901117405,-0.2062845772014607,-0.14090660602217314,0.02324025278257637,0.17923946557040082,-0.03562135094356126,-0.24466991756139161,0.07400231790251689,-0.23883580066038354,0.12186044477487919,-0.13568476525770265,0.4114408169513022,-0.07366556602742122,-0.0892742341081542,-0.12216220944217271,-0.1774288775666397,-0.3386630513218604,-0.2722004767007063,-0.24113620957337473,-0.254862407188282,-0.0895366381666703,0.05196475038813934,-0.01274409044193217,0.062395311714154515,0.18231396645601453,0.024394830640047233,-0.018381404299053158,0.6291756458157375,0.3786096958299622,0.6436377949312283,0.7556930747195557,0.43414751481489583,0.6608689947737858,0.7112112134001006,-0.10280116332465943,-0.1282849708075485,0.266313878987995,0.5195075550501848,0.4587347750978549,0.3767597472174236,0.38925892720474076,0.2320594695716215,0.0355601233299075,0.5873040169687958,0.30427499945332487,0.39806695676893133,0.3046467385362227,-0.014156698956943867,0.36257680785462815,0.029214318514793027,0.3333843563447115,-0.28982559951210113,0.2545188165576961,0.15593596896640596,-0.21793969080055106,-0.23002339769521768,-0.08095165205221841,0.0487153134635149,-0.39778268570553893,-0.1071395770921257,0.1791476241499202,0.21560866808073298,0.08174761102971725,0.11516476788174324,0.29119415713629704,-0.20355557499289323,-0.21937853972141436,-0.07231855852703856,-0.05411209026699613,-0.23168966346679495,-0.2302158273381295,-0.21647022807286087,0.005960945529290853,0.2286239093831318,0.15035315212875291,0.05333799829437362
0.05190352277448558,0.3107257658918458,0.7462902626227286,0.23635608230740635,0.5138877347969648,1.0,0.313922722004767,0.641840327130393,0.9094705998119438,0.06935339266580656,0.12443200454833701,0.28035249611860663,0.5635783166779647,0.5970610745446197,0.5824626620891736,-0.0743740569854147,0.24409700203363147,0.3300518248015569,0.4786687367431283,0.5567776781614222,0.6120312260829635,-0.20996260742166145,0.4024316109422492,0.020270713520369115,0.03413439461197,0.10378517854409482,0.2953270210579257,0.31315737683409506,0.6811921891058582,-0.015424985239771708,0.04196715575867573,-0.07637707463208765,-0.27910607684065514,0.026979510616430866,-0.13486693927532745,0.8253613522555816,0.3216067875183136,-0.20642889943364456,-0.1724694408606853,-0.19263519275764798,-0.2523845968817651,-0.14821893245282194,-0.3264175285911089,0.07125589999774655,0.17154665325490367,0.05039469943801798,0.03401631278563775,0.35018258949071746,0.6942467910170343,0.25528853512934335,-0.0583674094159323,0.47120166976659966,0.2906474820143885,0.28378998928516763,0.7975902560626271,0.9000809079180425,0.5357591130742823,0.8952876604491483,0.30779996063939125,-0.14051299993439897,0.3794931228269664,0.5011436443550327,0.5975771358597013,0.6063720452209661,0.6952264328354946,0.6566603142951972,-0.11602632787387111,0.6516148783101179,0.21572674990706522,0.30249065185541535,0.7657650171655989,-0.07209114167632459,0.5430933065098074,-0.020961710874461525,0.41946600774091974,0.07077919877024061,0.7702258861603726,0.43718750649203547,-0.13426778334171569,0.11616190330410443,0.1581378058647307,-0.17251754827141327,-0.020301327327195993,0.06559664122805099,0.4091360346373357,0.08253919660624084,0.3751153484507227,0.3152522359012486,0.5340928473027049,-0.24639741094662265,-0.05735715379064529,-0.2179484376025016,-0.21019877107432594,-0.19526798014475957,-0.026822068181321206,-0.02669961295401369,-0.12410399947519188,0.2773217292427456,0.716774179440642,0.10446305569526142
-0.08906431086134133,0.512033412783451,0.42288163390260436,0.40126828628282785,0.48619535982156525,0.313922722004767,1.0,0.610264372088955,0.4119525048654086,-0.0618573833941965,-0.24921825457567076,-0.06814633399663247,0.08466029607924602,0.3033565852485185,0.19256084494106843,0.29114604972556907,0.3858914084537841,0.37934880059478254,0.5628829459228969,0.1938641184316984,0.4313791519975509,-0.21964094377993046,0.3529028448973344,-0.34358750082001266,-0.16756685836740942,-0.11156545887909733,0.07087533620519998,-0.05485994183376703,0.18776322407119897,-0.2796789923684153,-0.24326605584833044,0.05073145131311364,-0.1317180905731342,0.2288994336445737,-0.16494719118322362,0.36098488989963046,0.013666878047713805,-0.10172968008571866,-0.32970632612451073,-0.2590452865670989,-0.12453259277076818,-0.10414817082504209,-0.3203603682403621,-0.1683258274758036,0.05933830443244189,-0.11354660952089392,-0.2945266886794516,0.05531477553519495,0.06923531083947432,-0.09658218713782774,-0.1014191686164746,0.406641453982721,0.33221228488333954,0.12253832192604579,0.41120902669961296,0.38515230368896375,0.39703046073779275,0.4152150619929588,-0.10986857930069319,-0.16968358443943932,0.1544860160503816,0.20691434694189936,0.2166014301021189,0.29077868404364654,0.3604906955894251,0.15847035760254996,-0.02834838512168988,0.5229537950186963,0.5389254553803765,0.47208239487437403,0.2782226498436509,0.04035337079880169,0.47862062933240035,-0.0005685421267848942,0.29188952789136474,-0.061769982910953924,0.23276989350768626,0.15781434673900965,-0.2521746736349522,-0.1647853753471387,0.11734272156742691,0.08323456736130852,-0.16256806105267763,-0.018425138308805843,0.36761933917911266,0.12695545691106688,0.07651265006232097,0.09499901598478057,0.1299468631781505,-0.28060177997419694,-0.18193348057116618,-0.1134941287091907,-0.22216439614266034,-0.11533970392075397,-0.09534888806280203,-0.17350156349084866,-0.0874330322975662,0.3266624390457239,0.21271785003608057,-0.08527694561675887
0.04595132404714526,0.7115042312654436,0.7728324331416326,0.6918239268767357,0.7857208458157486,0.641840327130393,0.610264372088955,1.0,0.7036496031138615,-0.12969757932256018,-0.20486759528547374,0.11018346417091252,0.24860160503815792,0.4152194353939341,0.30872712164614813,0.16984540027552425,0.2723535457348407,0.7092869169709825,0.6304213771839671,0.3390172968008572,0.5189827469331526,-0.04552273075156896,0.3667665259889353,-0.34576545450569635,-0.2129758806936214,-0.10704336227066978,0.024993986573659005,0.06267958277754695,0.32849052065338613,-0.014891430320788962,-0.20926723666659378,-0.0026109203822352453,-0.2479106076840655,0.31671732522796353,-0.12700356432179485,0.5888828147208677,0.13196300102774922,-0.3105289628479587,-0.39074588353633205,-0.43462421552120006,-0.3601758107192058,-0.31998425575648903,-0.393579847368306,-0.25237393931258584,0.022028820712427018,-0.10059696923312414,-0.13976952176860336,0.2050425313244845,0.34968402177953684,0.11708469090988607,-0.08398679232905469,0.6532359375875169,0.3007150510594564,0.458476744440314,0.7663116922875074,0.5625287004439002,0.6841573549670902,0.8094246791017035,-0.14155824276748813,-0.2459163368393431,0.1875095668146334,0.3631803371892152,0.4363604557083816,0.40245785134810086,0.5382781920360368,0.3324313183961647,-0.11027093219041788,0.6581268723622925,0.4811484550961055,0.609726443768997,0.428676390194835,-0.09844088255231681,0.568441538562463,-0.22825217030023398,0.367641206183989,-0.17079024161983664,0.4414204806367672,0.25434197190320673,-0.28411799435831275,-0.20303076687586102,-0.033592092891036714,0.015556187269029761,-0.30099932212284886,-0.0619404780127266,0.4520522184076447,0.187894426100457,0.2855568432791761,0.23707769346832563,0.4110165970567011,-0.46487940346810697,-0.2055935798473683,-0.2459163368393431,-0.303413439461197,-0.33198486803262556,-0.22710633924471366,-0.2026459075900374,-0.0944960748726247,0.4014213553169622,0.37118803437493164,0.13445146618267695
0.04931884279810195,0.37788371126806763,0.7415013885548096,0.28518510419627824,0.6288775666396974,0.9094705998119438,0.4119525048654086,0.7036496031138615,1.0,0.030443244188843453,-0.04415385624630994,0.3035227744855787,0.5391310052262142,0.6566311692287508,0.5798692353108394,-0.033089151778880846,0.3771271128993462,0.40640703242876824,0.6157136297041395,0.5500513874614594,0.7114517504537403,-0.18290874898865103,0.4992893223415189,-0.09015328770418315,-0.04478362598674859,-0.00182370820668693,0.24586385602763988,0.2736874330322976,0.6467385362226936,-0.02221687695436356,-0.08403489973978265,-0.039347488574489956,-0.23898886969451794,0.06098270319914281,-0.17225514421289717,0.8375762611795062,0.2161597166036168,-0.12026415341890621,-0.14657016028514575,-0.21925608449410683,-0.3077649734315891,-0.15953292077584133,-0.3747960901795281,-0.053141253352520616,0.12238525289191139,0.05611510791366906,-0.021311582952482998,0.36997222890380704,0.6600380485884848,0.19678117688220245,-0.06846559226782707,0.5393174644308667,0.3248081170322101,0.33555793662941985,0.7770877522905688,0.8591196343836784,0.6627189433863244,0.9111149985786446,0.15396120793334936,-0.30073254466335747,0.3003301917736328,0.46083838096695895,0.580236600992762,0.589670026896416,0.7044411886903851,0.6070811999317004,-0.04900833132885789,0.6941505761955785,0.3159344864533905,0.35795412302376944,0.7409240996260742,-0.12785637751197218,0.587015372504428,-0.0182370820668693,0.35146836937744635,-0.1325776088186146,0.7120246659815005,0.43946167748564186,-0.20441276158404584,0.08898558964378649,0.1453980888237738,-0.15165205221840763,-0.2003192582711946,-0.05190352277448558,0.42535697885460627,0.07562922306531675,0.30865277382956857,0.2895934923793488,0.532758960005248,-0.27571231768384685,-0.05150554328573615,-0.11365594454527564,-0.09935929675712318,-0.27033740788524196,-0.17343596247621962,-0.09699328682950296,-0.1286698300933721,0.3065841551682666,0.6610614244166977,0.12930397323478604
-0.19421399050971988,-0.00580350309418119,0.14775535194944348,-0.1660186744221644,0.01683322035380814,0.06935339266580656,-0.0618573833941965,-0.12969757932256018,0.030443244188843453,1.0,0.1906278017099998,0.4274430911198093,0.32667118584767446,0.15443790863965362,0.30796614987645143,0.15429795980844505,0.15729811287747916,0.08527694561675887,-0.024508539065404213,0.31686602086112264,0.167348188318646,0.09920185432201352,0.11864162165708163,0.35626161684634056,0.09861144519035228,0.15562747370492663,0.1895869322778859,0.305726968577114,0.30342218626314754,0.31534407732172925,0.10235507642518205,-0.12743215761737114,0.17334849445671427,0.24294679757713586,0.22621853884673415,0.13153878113314818,0.1833417156852026,-0.07694999015984781,0.2885569963482102,0.3925608449410684,0.2839736721261289,-0.07094968402177954,0.22987032866108328,0.12111272562680878,0.1740219982069056,0.15306028733244406,0.24768319083335155,0.005904091316612363,0.015407491635870635,0.19635258358662613,-0.05010605497365026,0.07186817680371749,0.13094837200148696,0.003529334587041613,0.15793662941986836,0.1619907721239422,0.01099910345280007,0.008112658809122915,0.3542585991996676,0.024495418862478406,0.3763748879316,0.338623690713083,0.3629791607443528,0.057029148717500165,0.12746277142419804,0.2934905135364129,0.18237956747064354,-0.011261507511316176,0.06857055389123352,0.08721436224880279,0.2530624740329317,0.03952242461350069,0.18741772539415277,0.3578185475935361,0.12646563600183683,0.1465200263717243,0.20949028011633247,0.4418408102174146,0.0700268964159979,0.015691762699263083,0.38647744418447005,0.3376221818897466,0.07836697207583478,0.11631059893726356,0.13498939450263497,0.2508757735452975,0.17368524633180993,0.13744724585073584,0.11354660952089392,0.25970129671338915,-0.06152063151910083,0.2873193238722092,0.1805427390610308,0.2077846537359778,-0.04139861363189084,0.026870175592049156,0.1916511775382126,0.12327305328989088,0.1321860444774879,0.014720867682753493
0.39529859395158645,-0.22392250333471825,-0.10573571537906452,-0.17379020795521638,-0.27838446567973585,0.12443200454833701,-0.24921825457567076,-0.20486759528547374,-0.04415385624630994,0.1906278017099998,1.0,0.3309833592092891,0.17924383897137608,0.05272572215783604,0.17666353239596772,0.04573265399838184,-0.12323806608208873,-0.21338260698432135,-0.3157508036124292,0.17890708709628042,-0.028116594870000657,0.0213946775710131,-0.20328879753340184,0.4302901751547091,0.7088845640812578,0.6282740373051103,0.28226367234479893,0.24104874155386938,0.27161006756904504,0.014528438039841683,0.39301130524152106,0.144374712995561,0.19856989788108723,-0.15192757647984956,0.09680085718659115,0.04024403577441998,0.3345651746080339,0.029083116485534976,0.01158076578251077,0.06687367431282937,0.11692287507380114,0.38687979707419473,0.17623931250136668,0.32199199885436014,0.24722398373094837,-0.002409743937372898,0.10252563906321752,0.11870722267171066,0.1960420721173821,0.11649428177822484,0.2996479412214909,-0.06876961882492885,0.10711771008724935,-0.13435525136122106,0.005541099035665085,0.07095843082373007,-0.16606678183289234,-0.01011567645579585,0.5436705954385428,0.1917605125625943,0.5135947169316218,0.08244735518576021,0.060479762086986945,0.009669589556318471,-0.032739279700859374,0.19161639983436246,0.11482364260567231,-0.1276464542651593,-0.31918392337801493,-0.1701034309330651,0.19268330016837593,-0.18945135684765257,-0.09142594738798626,0.10891517788808466,0.07952154993330564,0.5955638358708113,0.16670092497430627,0.07717967809551539,0.3006538234458026,0.3520019242964291,0.2899521112593208,-0.1700334565174608,0.4046532986376856,0.25646497999169054,0.051212525420393167,-0.024355470031269817,0.1941702564999672,0.05236272987688876,0.008720561544685224,0.2047101528503641,0.0552929085303186,0.1122214690253876,0.06233845750147602,0.3574643021145394,0.18197721458091884,0.186997878900527,0.0004548337014279154,0.014572172049594366,0.12792635192757648,0.09097548708753363
-0.013010867901423542,0.02622291224770943,0.2038223524523846,0.0019636570378955194,0.2105224027464958,0.28035249611860663,-0.06814633399663247,0.11018346417091252,0.3035227744855787,0.4274430911198093,0.3309833592092891,1.0,0.3843957053202423,0.36965734403358774,0.4250814545931644,-0.015188821587107213,0.33240034112527606,0.15394371432944828,0.18415079486562724,0.32089392315934484,0.30702586866676873,-0.007859001552557346,0.215787977520719,0.326990444118869,0.252773829568564,0.4370558264634493,0.2440751350287551,0.2492969757932256,0.330720955150773,0.17149417244320045,-0.10930441057488356,-0.07498195972097702,-0.2529137783997726,0.10585379720539678,0.12340425531914893,0.3398045089764055,0.2675602982659465,-0.035415801097723645,0.20469703264743827,0.1751284686536485,0.039500557608624344,0.05136996785550283,0.24755198880409351,0.012864373034025132,0.2274474645207846,0.1965275196256369,0.18035468281909428,0.07656075747304891,0.29338523102490655,0.3401368874505259,0.06639697360652512,0.22169449792768486,0.36876517023463296,0.28912991187597037,0.308692134438346,0.3084778377905578,0.3157376834095034,0.3178237956747064,0.3361658393649822,-0.09612735343639982,0.4367540617961558,0.3774857317793182,0.3274059172115195,0.28033500251470556,0.3423148411362096,0.4008926121152296,0.28449410684218585,0.3088452034724804,0.130720955150773,0.12372351359034353,0.3989460103649603,0.07210863528022567,0.21828081607662198,0.3151822614856443,0.21474710808860512,0.2179202487594497,0.3062255362882946,0.3684069541527143,-0.054479455948918676,0.2519647503881393,0.1415626161684634,0.19024731582515142,-0.07038114189499464,-0.12144059828125342,0.1469069121602414,0.030259561347882182,0.1847543242002143,0.08727121646148127,0.3794493888172137,0.17623931250136668,0.12646126260086157,0.2432441888434541,0.2712864358968752,0.26787080973519056,-0.19991253198049463,-0.10956681463339966,0.11303054820581225,0.1000765345170672,0.29908814589665655,0.20756598368721435
-0.01343071439504931,0.13338435634471146,0.35194069668277533,0.1210688591983556,0.4102512518860292,0.5635783166779647,0.08466029607924602,0.24860160503815792,0.5391310052262142,0.32667118584767446,0.17924383897137608,0.3843957053202423,1.0,0.4322494587916293,0.4914653079967637,0.01699503618989307,0.4257986923531084,0.039487437405698544,0.14376681025999868,0.38247578229209944,0.44067262906999627,-0.013955522512081521,0.21717871903085434,0.336830596313223,0.15725000546675122,0.15824714088911243,0.2648619098642059,0.37970304607377925,0.5226126697426253,0.2133738601823708,0.02946360237038333,0.06016050381579235,-0.0991756139161619,-0.07302267608405677,-0.00820887363057882,0.4393431151735147,0.27775906934027245,0.08558308368502766,0.28306400472327303,0.26055410990356653,0.06007740919726225,-0.005436137412258643,-0.13334499573593406,0.004710158000219299,0.016155343202641535,0.3655463471168354,0.3721764229953423,0.3350987295270167,0.3840195928363692,0.24428943167654327,-0.03040388358006604,0.25846390682911824,0.3972578775885067,0.4717543898012289,0.5166735912182109,0.4477487918479806,0.34121274409044194,0.5267367868623035,0.4447398919769959,-0.08797970741947475,0.6296516586123199,0.8871618814370995,0.5995801535063743,0.36702455664647615,0.3688482648531631,0.4421054012657092,0.19335243051759202,0.37401325140495506,-0.014528438039841683,0.028833832629944676,0.5481839452450198,0.09010518029345521,0.21112593208108285,0.24146421464651988,0.2882989656906694,0.05815317634996845,0.44671229581684196,0.4625357662592324,-0.08420983577879337,0.2138899214974525,0.2888062802038005,0.031051146924405765,-0.10872712164614813,0.16327217860969584,0.21706938400647263,0.29353392665806566,0.2311429883448864,0.24674290962366885,0.2500623209638976,0.22983096805230588,0.11118934639522425,0.12479937023025957,0.22176641665391092,-0.13205484244822988,0.011650740198115064,-0.051260632831121124,0.1961907677505412,0.053491067328508016,0.31401456342524764,0.19292821062299098
-0.06456014519691237,0.30153287704183157,0.5140276836281734,-0.0662613981762918,0.30546893791957314,0.5970610745446197,0.3033565852485185,0.4152194353939341,0.6566311692287508,0.15443790863965362,0.05272572215783604,0.36965734403358774,0.4322494587916293,1.0,0.8036692834182502,-0.04792810128796659,0.611926264459557,0.32695545691106687,0.7540924099626074,0.5119984255756489,0.87877807176751,0.085425641249918,0.6674597100435153,0.20406726290699964,-0.08500579475629223,0.1490411318361724,0.2978154862128534,0.3740788524195841,0.5774419977695655,0.18641184316984102,0.005274321576173711,-0.02277667227919792,-0.20189368262229124,0.05426953270210579,-0.16662657715772672,0.7060812140561107,0.24751700159629136,0.011738208217620432,-0.2058428637029586,-0.23586188799720104,-0.23359646629201197,-0.05505674487765411,-0.29923684152981567,-0.09843005666846392,0.16440488946229034,0.07810894141829394,0.008589359515427173,0.3881262163521462,0.5438455314775535,0.27933786709234437,-0.029096236688460782,0.4271702206057752,0.29767116398066956,0.03459797511534845,0.5016247184623123,0.676416435240865,0.4643283549452232,0.5801972403839846,0.12494369246244343,-0.11990990793990947,0.13476635105289628,0.2891124182720693,0.41586232533729856,0.698134744484048,0.8319564409262863,0.7669597941879835,0.04819487874745796,0.5930812796571253,0.3756401565677549,0.35414489077431066,0.816881327764536,-0.06735912182108417,0.5240821324703155,-0.12464630119612517,0.36255056744877656,-0.13385026989388277,0.6184907393234349,0.5158475824362735,-0.04510288425794319,0.10069318405458004,0.2039579278826179,-0.04927510878834926,-0.25188165576960925,-0.18381404299053158,0.32841179943583126,0.022623603245063524,0.31034528000699746,0.23610242505084078,0.4771292995998338,-0.21850823292733595,0.0925018040279023,0.09231374778596575,-0.030521965406398285,-0.03320723360521309,-0.25357416194703813,-0.1916380573352868,-0.17296800857186592,0.18592202226061097,0.585515295969911,0.22308281034746671
0.05151866348866196,0.22530887144387834,0.4856618049025825,-0.08952351796374451,0.2280553672563469,0.5824626620891736,0.19256084494106843,0.30872712164614813,0.5798692353108394,0.30796614987645143,0.17666353239596772,0.4250814545931644,0.4914653079967637,0.8036692834182502,1.0,-0.006805011917517658,0.5435568870131858,0.2954932102949859,0.5601758107192057,0.6826703986354989,0.8177735015634908,0.1364807242352015,0.6266208917364589,0.38927642080864183,0.027394983709081368,0.22169644223830662,0.4209442172705605,0.5115435918742209,0.7919441954035555,0.2815857951936323,0.2334565174608034,-0.09087052546412717,-0.17547834073166999,0.058275567995451666,-0.07044674290962367,0.7031379151997551,0.3663073188865321,0.019072401653145568,-0.21762480593033173,-0.19199230281428353,-0.06263147536681901,0.0008090791804246572,-0.15756489033697055,0.11636976708341246,0.30718768450285366,0.16267302267608405,0.08331766197983863,0.39669808226367237,0.4712776890949247,0.3954429161837703,0.036447923727886994,0.30875369962811705,0.18819181736677526,0.016981915986967265,0.4899127506505434,0.6605322428986902,0.3452975006013426,0.5193282456101987,0.1336992412149308,-0.11617502350703024,0.27183311101878377,0.3597865780324069,0.5133148192692047,0.6477925258577333,0.7959939647066542,0.9543558574669034,0.07104589884323544,0.5091294745358729,0.23879206665063085,0.29432113883361394,0.9117185279132317,-0.09939428396492532,0.42655091732085454,-0.1207627211300868,0.38590890205768513,-0.016874786113134786,0.7736939931337604,0.6335752920072143,0.10044827359996501,0.02119350112615075,0.3581640462705823,-0.07192495243926439,-0.12343486912597582,-0.14725241083728763,0.41305022851020096,0.09045505237147668,0.4552098139117885,0.3036189893070346,0.5329820034549868,-0.2096914565611948,-0.014790842098357787,0.04416260304826048,-0.12580087905359602,0.04444687411165293,-0.24536966171743457,-0.09389254553803765,-0.06812446699175614,0.28682950296297915,0.5794450154162384,0.3164986551792001
0.14201307646891606,0.5835428921300649,0.12766394786906038,0.4012857798867289,0.2507883055257921,-0.0743740569854147,0.29114604972556907,0.16984540027552425,-0.033089151778880846,0.15429795980844505,0.04573265399838184,-0.015188821587107213,0.01699503618989307,-0.04792810128796659,-0.006805011917517658,1.0,-0.0875161269160963,0.25337298550217574,0.0036824036211760077,-0.08118344230390763,-0.040921912925586584,0.03297981675449914,-0.024867157945376223,-0.14151450875773544,0.06636198639872297,-0.15218998053836566,-0.2726378167982331,-0.15897312545100697,-0.018088386433710173,0.03907633771402331,0.16985852047845007,0.1860007434781658,0.3218210841661018,0.032065775950668035,0.24764383022457415,-0.052025978001793094,-0.03872209223502657,0.20400603529334588,0.08103037326977323,0.3000721611160919,0.23882268045745775,0.10815420611838797,0.3235923115610855,0.1780763356108908,0.18010539896350397,0.012914653079967637,0.06735037501913363,-0.10891517788808466,0.015923552950952307,0.10314228860073035,0.07747917167785529,0.47116012241190874,0.36297478734337757,0.19084209835778793,0.06251776694146202,-0.14273468762983535,0.299486125385406,0.02241367999825064,-0.0401434475519888,0.08123592311561086,0.18904025715597736,0.11792875729811288,0.3136909317530778,-0.006061533751722027,0.0022260610964116244,-0.007307961019838856,0.4762021385930769,0.07972272637816798,-0.09428615162581182,0.16406813758719468,-0.04165227088845641,0.05444446874111653,0.054090223262119784,0.28312085893595157,0.025684983927751415,0.1086835064655987,-0.011484550961054864,0.07143302293090244,0.13236535391747392,-0.15191008287594848,-0.02788480461831143,0.17528591108875818,-0.06609958234020687,0.24458682294286152,-0.026192298440882552,0.2678664363342153,0.039535544816426495,-0.12899783516651725,0.017751634558614508,0.25887035052808816,-0.25547659137127987,0.22324025278257636,0.14717806302070804,0.08972906780958212,0.12683300168375938,0.16171962126347555,0.06866676871268942,0.10652292755461285,0.0008265727843257309,0.20240537053639762
-0.18348603791738646,0.12807942096171088,0.26506745971004353,-0.04473989197699591,0.22146027858564213,0.24409700203363147,0.3858914084537841,0.2723535457348407,0.3771271128993462,0.15729811287747916,-0.12323806608208873,0.33240034112527606,0.4257986923531084,0.611926264459557,0.5435568870131858,-0.0875161269160963,1.0,0.2669436487284337,0.6764601692506177,0.3866086462137281,0.7100260217358029,0.16237125800879054,0.636154905862544,0.2010933502438171,-0.08585860794646957,0.10509282543570007,0.23421311582952484,0.2746933152566093,0.3728455533445584,0.20408038310992543,-0.15657650171655987,-0.029638538409394066,-0.0641840327130393,0.18074828890686842,-0.08632218844984803,0.401727493385231,0.12612888412674117,0.09908814589665653,0.04997922634536747,-0.046073779274452775,-0.014642146465198663,-0.00815201941790033,-0.24725897093875052,-0.23624263217813007,0.015368131027093218,0.11718527913231724,-0.0028164702280728607,0.23588812840305262,0.15746430211453938,0.1601583171153047,-0.11498108504078196,0.2088738589512291,0.3200892173798955,0.06282827841070608,0.2593689182392688,0.3240209048566618,0.2983184273250093,0.3081104721086353,-0.010294985895781854,-0.14331197655857078,0.20037173908289782,0.34950908574052614,0.2955894251164418,0.42887756663969734,0.5154402921431851,0.4754963542199101,0.1105595766547856,0.513139883230194,0.49760118956506527,0.3362970413942402,0.5628698257199711,0.19787452712601955,0.4808685574336883,-0.010120049856771118,0.3902123286173493,-0.0779231570741944,0.3759594148389495,0.5164882863796645,-0.23295357634864752,0.09807351687039426,0.4077802803350025,0.13571537906452952,-0.3581684196715576,-0.16471540093153442,0.27328508014257286,0.14901926483129604,0.146688242111478,0.11918829677899018,0.23010211891277252,-0.0449629354267346,0.12879228532067963,0.13483632546850058,0.10732325993308696,-0.1920229166211104,-0.19181299337429752,-0.3034659202729002,0.022286851369967855,0.08363692025103321,0.21121777350156348,0.12503553388292404
0.08405239334368371,0.7363014147952155,0.7036977105245894,0.33872865233648947,0.5183354835888129,0.3300518248015569,0.37934880059478254,0.7092869169709825,0.40640703242876824,0.08527694561675887,-0.21338260698432135,0.15394371432944828,0.039487437405698544,0.32695545691106687,0.2954932102949859,0.25337298550217574,0.2669436487284337,1.0,0.5797599002864577,0.39630884957687346,0.45899717915637095,0.370737574074479,0.5870284927073539,-0.3058625440073473,-0.1959283636920251,0.03597122302158273,0.02304344973868929,0.18873849248868382,0.1687870372395093,0.24662045439636132,-0.09508211060331066,0.009214755854890556,-0.09654282652905032,0.6022173142944611,0.27751415888565745,0.4811090944873281,0.12610264372088956,-0.2347729111543592,-0.36695458223087185,-0.34144016094115587,-0.314102031444753,-0.15764798495550064,-0.1870241193063786,-0.20092956739375614,0.20725984561894556,-0.17469112855612168,-0.012647875620476264,0.2307406354551617,0.1061818022785419,0.12927335942795914,0.07806520740854125,0.7749040857454564,0.3879381601102097,0.1675012573527804,0.6350659290197022,0.3255341015941047,0.6804224705342109,0.5325009293477072,-0.20217358028470842,-0.21145831055520325,0.07465395464783188,0.13234786031357285,0.22949858957818547,0.226655878944261,0.397865780324069,0.3055961006716098,0.08817651046336183,0.43109925433513374,0.6234676696332904,0.9031510354026809,0.3387330257374647,0.16950427499945334,0.6935470468609914,-0.10887581727930726,0.339389035883755,-0.11575749027744152,0.25691981369311845,0.3834142960076377,-0.15871509479346613,-0.17004657672038662,0.19475629223065316,0.37221141020314447,-0.24880278148302026,-0.1762086986945398,0.3875226870175592,0.4022741685071396,0.3725394152762896,0.31726400034987207,0.527235354573484,-0.3009074807023682,-0.14031619689051192,-0.0629376134350878,-0.15993527366556604,-0.139096018018412,-0.3740351184098314,-0.26673809888259603,-0.14283964925324177,0.47993702302595614,0.19215411865036847,0.16544575889440424
-0.22199383350462487,0.4520216046008178,0.5641774726115764,0.1624849664341475,0.41689882136843714,0.4786687367431283,0.5628829459228969,0.6304213771839671,0.6157136297041395,-0.024508539065404213,-0.3157508036124292,0.18415079486562724,0.14376681025999868,0.7540924099626074,0.5601758107192057,0.0036824036211760077,0.6764601692506177,0.5797599002864577,1.0,0.40548861822396187,0.8304957250005467,0.07088845640812579,0.7408366316065689,-0.1606437646235595,-0.34206555728061927,-0.06514180752662307,0.14639959764711027,0.17454243292296254,0.3750978548468216,0.08350571822177516,-0.2885657431501607,-0.16771992740154382,-0.24218145240646388,0.3234523627298769,-0.13108394743172028,0.6243685902341957,0.08050119175176576,-0.11779318186787956,-0.33074719555662463,-0.40253657256565567,-0.2767007063042575,-0.1910126609958234,-0.38148739367168877,-0.27799335023671273,0.10113927095405742,-0.10961054864315235,-0.2157005095012136,0.20930659727537118,0.32426144191030154,0.14138768012945266,-0.18642496337276684,0.4710507872679854,0.21630403883580065,0.018836238000481075,0.4683562572434454,0.5695086484004286,0.49770177778749647,0.5623931250136669,-0.22163958802562814,-0.17451619251711092,-0.07423848155518138,0.16231440379611203,0.30705648247359557,0.5633990072379786,0.7415888565743151,0.5428183757392934,-0.11564584198902277,0.6770243379764274,0.6979029542323588,0.5908333515558374,0.6085018914959218,0.05838490301983337,0.6774398110690779,-0.20280772342612233,0.42409743937372896,-0.22995367469965713,0.508285408147646,0.43995149893041857,-0.31701471649428176,-0.13770964990925194,0.13394415166954582,0.10486103518401084,-0.3879862675209377,-0.26136318908399114,0.4377949312282697,0.05073582471408891,0.21511884717150292,0.20600467953904353,0.4180446524239575,-0.39825063960989265,-0.024193654195184884,-0.0731013973016116,-0.16039885416894448,-0.24816426494063107,-0.3362970413942402,-0.2845772014607159,-0.16784238262885132,0.30402571559773456,0.43818416391506854,0.108578426012989
0.2144584636242374,0.19229406748157704,0.48511512978067395,-0.03861713061162013,0.15861887997201024,0.5567776781614222,0.1938641184316984,0.3390172968008572,0.5500513874614594,0.31686602086112264,0.17890708709628042,0.32089392315934484,0.38247578229209944,0.5119984255756489,0.6826703986354989,-0.08118344230390763,0.3866086462137281,0.39630884957687346,0.40548861822396187,1.0,0.6290000218670049,0.042268920425969254,0.5654282652905032,0.22402309155714942,0.1934486453390479,0.32802694015000766,0.637213268898559,0.640895672519735,0.8029607924602568,0.10975049747436094,0.28410487415538693,0.00809953860619711,-0.02899564846602961,0.46565786884170474,0.21019877107432594,0.7189433863243752,0.6198421202247928,-0.21371935885941704,-0.27054295773107956,-0.21109531827425598,-0.0025190789617546084,0.15413177057138483,-0.10454177691281626,0.1265160684395023,0.446060659071527,0.038376593557980364,0.09248868382497649,0.6035205877850911,0.48571865911526096,0.3521987273403162,0.09887384924886838,0.3287051766912558,0.2239006363298419,0.0134044739891977,0.4986945398088824,0.6803437493166561,0.36946054098970066,0.5352474251601758,0.22184513787146576,-0.25492116944742077,0.3563753252716975,0.2840917539524611,0.35123220572478187,0.3283068378124248,0.5362095733747348,0.7025023534393928,0.03896262928866633,0.32444075135028755,0.39227657387767595,0.4899783516651724,0.7890227635520762,-0.08386433710174718,0.616343399444578,-0.022181889746561413,0.21246419277951498,0.1382827166285367,0.685491242264547,0.6647226878081074,0.1968686449017078,0.17120115457785748,0.5472480374363123,0.18589578185475936,0.10453303011086572,-0.04538715532133564,0.6519472567842383,0.238289125538475,0.7119809319717478,0.5812249896131727,0.7314250727077912,-0.24286807635958102,-0.018643808357569264,-0.0702630600686624,-0.23737945813561917,0.10791804246572347,-0.19429708512824997,-0.08778727777656295,-0.13641074981959722,0.5774551179724913,0.5954735299905972,0.219649690581881
