0,1,2,3,4,5,6,7,8,9,10,11,12,13,14,15,16,17,18,19,20,21,22,23,24,25,26,27,28,29,30,31,32,33,34,35,36,37,38,39,40,41,42,43,44,45,46,47,48,49,50,51,52,53,54,55,56,57,58,59,60,61,62,63,64,65,66,67,68,69,70,71,72,73,74,75,76,77,78,79,80,81,82,83,84,85,86,87,88,89,90,91,92,93,94,95,96,97,98,99
1.0,0.3502875511141239,0.32041975948474194,0.15547003126981698,-0.11569394939975072,0.3994314578732151,0.4899696048632219,0.30321663641730995,-0.20795958977498852,-0.2878659989941178,-0.4791891714591852,-0.33756970107804335,0.14685880474951346,0.24882027508692134,0.14707560970844835,0.586704861035184,0.255877037323891,0.4546937525967068,0.4571472305438324,0.33992259080273773,0.2919901161137959,0.3647503881393366,0.4286370295860576,-0.28318645995058056,-0.3341540749163587,-0.29693643261682445,0.001047430678786,0.07274715182261486,0.0048238612757210645,0.004180971332356607,0.3479390347904048,0.3122914434409919,0.19078545274054476,0.4983752815376878,0.44327480265028096,-0.06420152631694037,-0.25857295926176993,0.35506330497911703,0.06476132164177473,0.16342524764383023,0.244936695020883,-0.22680020117644487,0.33652883164592945,-0.010102556252870045,0.14606721917298987,-0.03015022632350047,0.3037020839255647,0.4007347313638451,0.3859307690625615,0.24264311150340487,0.5597996982353327,0.3157508036124292,0.3615009512147121,0.16923749753996195,0.02883823756123125,0.3339401433823073,0.30687717303360956,-0.22897378146115327,-0.46302945485556846,-0.3750978548468216,-0.3942839649253242,0.10303732697732391,0.11844919201416981,0.06550056963687925,0.0506352918537967,0.22998403708644027,0.23656163215324397,0.27427346876298353,0.3507729986223787,0.3939953204609565,0.2709062462075991,-0.020393168747676632,0.2816732632131377,-0.12260624369280217,-0.29938991056395003,-0.4040322756991975,0.0325687170628239,-0.0059128381185629,0.19440642015263168,0.22848396055192322,-0.2631125494740985,0.4224311736021517,0.48335264918764076,0.2204675165642562,0.10611620126391288,0.44228641402987035,-0.26290262622728566,0.31355351244635354,0.21396864271500732,-0.2347974782920448,0.22282477968992587,-0.1295707506942774,-0.0979160744352846,-0.28335264918764075,-0.25316743565633815,0.1688263978482867,0.05262950733638014,0.28150519505953175,0.4859023419562223,0.24458682294286152
0.3502875511141239,1.0,0.8221849753836837,0.41249480658634186,0.3833242220813015,0.7177669414620279,0.6831514727427784,0.8643545953510747,0.14271719402593427,0.03974546806323938,-0.014082351140364305,0.10424001224552273,0.1274540246222475,0.3516126916096302,0.09809997179173657,0.6887100653823446,0.4285106694702759,0.7500032800507315,0.4906474820143885,0.43923378014913295,0.5065360477575387,0.13242658153112769,0.516839780455271,0.21467713367300081,0.04357219391659924,0.08607290459425772,0.15302328073228705,0.17538212591021407,0.09086177866217664,0.025820559357984735,0.004710152850364086,-0.07322385252891911,-0.24313730635393854,0.5500338938575583,0.32685049528766047,-0.14459338304432443,-0.3133673000809079,-0.1057138483741882,-0.35742931490673724,-0.04341475148148958,-0.07254160197677724,-0.23009774551179724,-0.032428768231615314,-0.17788808466904288,0.16073123264306488,-0.16688898121624282,0.0031707157070696027,0.20245785134810085,0.2844110122236557,-0.2057643674580481,0.518125560342,0.7390610308106099,0.7045417769128163,0.6227023244626183,0.5502859660692604,0.6926206431315975,0.8310161597166036,0.1836041197437187,0.030303295357634864,-0.29515208501891493,-0.16796483785615884,-0.06798889156152282,-0.006625702477531653,-0.009129494499364723,0.47216819243888236,0.3275546128446787,0.508088605103759,0.4456583061818023,0.5075156895759988,0.701817148105224,0.5653632824162947,0.34797402199820693,0.5242833089151779,0.17217005113614972,0.06430648794034681,0.03217073757407448,0.4413592530231134,0.18061708687761038,-0.04149045505237148,0.0049594367059543855,0.09840589534451466,0.06289825282631038,0.2785069209070434,0.38257199711355533,0.33886860116769807,0.5053902167020183,-0.18443069252804442,0.15609778497941257,0.25307996763683277,-0.18826220345588177,0.24311736021517133,-0.07555050184776191,-0.183022457414008,-0.1513677811550152,-0.06476132164177473,-0.09380070411755702,0.09827469331525661,0.2576766937928699,0.338085762393125,-0.14831514727427783
0.32041975948474194,0.8221849753836837,1.0,0.3187666121086204,0.39925258495637883,0.7832725976613522,0.5213974343418244,0.7584972540483137,0.2698697490432055,-0.01747175599895645,-0.08912782262346258,0.1179485665616661,0.2750566082709307,0.32823503557238526,0.0014519738863379905,0.49279317398858913,0.378588656685086,0.5907027953719778,0.4428751206789298,0.30514126647288853,0.45447995285495757,0.19013818868851834,0.3155958929348423,0.08547165541066469,0.012853439519632795,0.14971261257428706,-0.01991213818227938,0.24205051502334013,0.03412131171560907,-0.07893778720980338,0.11897631691454588,0.025238924623273512,-0.07939708162314758,0.44791547081379773,0.21247754529494375,0.009245379770161186,-0.19245609373969402,-0.13662956925241515,-0.23269580010925556,-0.022306556063248408,-0.034657053920833646,-0.14414964045146536,-0.07745738936108078,-0.21890426505476016,0.05708825204815471,-0.2590346362803983,-0.04033810799909258,0.029273391434046312,0.24299954407259508,-0.13430087752482456,0.3330261015791079,0.5711296179068139,0.4244215350875414,0.4589648804586947,0.628986090367782,0.6880227592284429,0.6413293404142606,0.2412151945237655,-0.0470534725388667,-0.18075942004277062,-0.06828854419166597,0.1195557931773398,0.11376977736091443,0.011340265925525329,0.4109672016076657,0.22155454894346294,0.30594159972640766,0.4123246947638584,0.3256722197988212,0.5109296876625997,0.3703950720410051,0.10975717757892631,0.2843982029677445,0.04586395631837554,0.007819649493400284,0.019667205688937966,0.34001699068156893,0.09316447613711384,-0.057005157338772934,-0.012048732860356702,-0.006024366430178351,-0.07432603083911513,0.17317593446024485,0.1426320686538088,0.08461446788230537,0.23231968721415913,-0.07089946742855632,0.08763440037261458,0.30044641539281847,-0.2174899438782779,0.02104482850237258,-0.008469100248305174,-0.203575477876702,-0.11435362702946529,-0.08655626003838464,-0.13957068462395414,-0.020778050751199525,0.03827280897598779,0.2699156698036533,-0.057967306605298696
0.15547003126981698,0.41249480658634186,0.3187666121086204,1.0,0.38604885088889374,0.14137893332750212,0.5073626205418644,0.516349959546041,-0.1770833788895935,0.10964990925192976,0.28052305875664213,0.024386083838096696,-0.14687192495243925,0.08717500164002537,0.16021333496645632,0.2775753864993112,-0.054037801532692345,0.5240296516586124,0.08033500251470556,0.2667337254816208,0.16185519669370887,-0.2051081323391135,0.3984212022479281,-0.30922568935732875,0.13763530209267236,-0.2042946797577136,0.04056115169269627,-0.31725088014694625,0.11415013885548096,-0.30521528066300757,-0.10158098445255953,-0.3183486037917386,-0.07271224411480601,0.24473551857602063,-0.07049922372132689,-0.005558592639566159,-0.3034965340797271,0.04236076184644989,-0.3795412302376943,-0.0588528569241871,0.03523211825676237,-0.1687739170365835,0.01643961426603398,-0.13094399860051167,-0.055445977564453,-0.1596072685924209,-0.07418600074347817,0.26816820100150884,0.30881021626467825,-0.03915728844472005,0.2440488946229035,0.3619207977083379,0.25326365047779403,0.7669764492357481,-0.030121832150891755,0.2034923831673202,0.4739192232839868,-0.1800179309439986,0.03307165817497977,-0.19322122848833395,-0.1552863484288557,-0.24166976449235747,-0.21813212044346286,-0.10187422508656375,0.4864167483949775,0.033640200301764664,0.29001771227394985,0.046161247293958145,0.006560101462902626,0.33210294985895783,0.21181497432276805,-0.11943320723360522,0.13528241236797794,0.1301459952177586,-0.0975006013426341,-0.003997288491395333,0.08782663838534036,-0.008431917080317508,0.15669021014191686,-0.3603245063523649,-0.26801075856639917,0.15699634821018565,-0.004561457217204959,0.12069274671448252,0.24194966215477465,0.19819378539721413,-0.22516892261266974,0.1647243278349674,0.24540027552426144,-0.13584687815054708,-0.04201526316940369,0.011978745271260196,-0.32679801447595724,0.06278891780192868,-0.03044761758981872,0.03280925411646367,0.12473376921563054,0.21901141349580505,0.39901161137958935,0.06498436509151341
-0.11569394939975072,0.3833242220813015,0.39925258495637883,0.38604885088889374,1.0,0.26948022129408933,0.11800310511469245,0.48501891495921806,0.5791519975508954,0.010513655944545276,0.14288338326299446,0.2260742166145503,0.20263716078808686,0.3418293936279548,0.1813062939942101,-0.06479630884957688,0.23652690355233086,0.14075353698803875,0.1581684196715576,-0.05450132295379502,0.12596706829065624,-0.14574358750082,-0.03739695173952024,0.07128206249589994,0.22143403817979052,0.2866064595132405,0.011279013447136093,-0.08790973300387046,-0.16368327830137105,0.00017930943998600512,-0.13391353786271895,-0.303347838446568,-0.15132202589283925,-0.012735343639981632,-0.16927685814873936,-0.13312195228619536,-0.13669939428396494,-0.2450329098423389,-0.2205637313857121,-0.186053224289869,-0.26487065666615645,-0.17333974765476373,-0.339209726443769,-0.31075637969867265,-0.044149482845334674,-0.3493647635083423,-0.2636461043930813,-0.19462946360237038,-0.17498851982243993,-0.3587614077557935,0.059539480877304235,0.1909295663772933,0.09490280116332465,0.45515295969911,0.4232122883957488,0.29174552463939574,0.2822680457457742,0.6275830399510179,0.13983512278323237,-0.002798976624171787,0.2040716363079749,0.012118694102468784,0.0857580197240384,0.05678654913868323,0.47456044538792597,0.2412105573899543,-0.013435087796024578,0.26738536222693576,0.02053749097986049,0.17428002886444643,0.2014040819183836,-0.04594695064616999,0.07257658918457939,-0.14717385053238613,0.17864030963678904,0.23693337123614178,0.31775819466007743,0.11920579038289125,-0.24837418818744397,-0.07742231746517679,0.043786490564387395,-0.1493472699044412,-0.2390369771052459,-0.015967286960704992,0.05767203866086462,-0.1591743018958693,-0.034523627298768886,-0.06419284970029607,-0.06791454374494325,-0.22822861566304084,-0.046655441604163475,0.0036430430123985916,-0.13345433076031576,-0.17470424875904747,-0.13835691325359165,-0.1646323063130043,-0.13014366622203757,-0.005132191655763554,-0.1197131048960224,-0.25632503116048194
0.3994314578732151,0.7177669414620279,0.7832725976613522,0.14137893332750212,0.26948022129408933,1.0,0.498607071789377,0.5794406420152631,0.36487284336664405,0.00016181583608493145,-0.11704533030110865,0.06889418556340338,0.14148826835188386,0.3118059959327371,0.008064569033211282,0.5038420327567733,0.34223868080609204,0.5054776847215237,0.32752837243882704,0.4849795543504406,0.507992390282303,0.11603070127484638,0.29680960398854167,0.08838643371017471,0.010710458988432354,0.1291159169928495,0.09693653860247053,0.25750584942380444,0.16133913537862718,-0.10555203253810326,0.14781220616212198,0.08322144715838271,-0.03652449817904501,0.36709015766110514,0.17586320001749361,0.1409415932299753,-0.07396295729373947,0.029441735365506986,-0.24989613172683736,-0.004876342087424285,0.0810216264678227,-0.21553432026415342,0.05880037611248387,-0.0013863681091600883,0.12290131420699307,-0.13553169622356825,0.037567514377555705,0.15568432791760511,0.4293717609499027,-0.00736918870043595,0.5155802409743937,0.588318645995058,0.5633115392184732,0.3918960879928276,0.7090733955891881,0.7317757448734392,0.5688438914521878,0.18578644683037765,-0.012582274605847238,-0.1706151188471715,-0.018468872318558528,0.04859285823620739,0.09062124160853688,0.02724197424505047,0.3471871894200643,0.284415385624631,0.4154512256456233,0.3487699809757058,0.3912050906387352,0.5087708556559009,0.46190162242447674,0.17117491417200587,0.4043646541733179,0.17553538686611142,0.11099691675231244,0.017616059128381184,0.3792963197830793,0.14091097942314842,0.1305110319039601,0.21768603354398547,0.06049288228991275,0.15767422536135225,0.2622816032887975,0.19054033369049442,0.2277229887822265,0.36093240908792723,0.02429861581859133,0.025822774291824373,0.41375434606721917,-0.10265050545716843,0.23785615884192343,-0.02415429358640747,-0.11908770855655901,-0.0892348734993768,-0.052511425510047886,0.03763311539218473,0.0716319345739214,0.22337607244122648,0.42944610876648226,0.08395180512125254
0.4899696048632219,0.6831514727427784,0.5213974343418244,0.5073626205418644,0.11800310511469245,0.498607071789377,1.0,0.6961667140451773,-0.1744899521112593,-0.09481533314381929,-0.08565743150160722,-0.16182895628785726,-0.07594848133651134,0.45863856027639893,0.38191900881114865,0.797865780324069,0.20091644717648532,0.7544903894513568,0.5333449957359341,0.6163783866523802,0.5963963175963788,0.24350659290197021,0.709181955347576,0.07548052743215762,-0.2795652839430583,-0.26195797161662765,0.17874984009745887,0.13948962410618618,0.21299337429752246,0.02794603223196519,0.055647154009315344,-0.08494456714263847,-0.09101057380182322,0.5158382716319345,0.466606896853338,-0.18642496337276684,-0.3431020533117579,0.1050053574161947,-0.3768384684349785,0.09121602414117339,0.3118890905512672,-0.1549539699547353,0.2217139358422077,0.050670223699459886,0.15789289541011567,0.016172836806542606,0.20910979423148413,0.555290721829831,0.4356082307406355,0.07162545278420758,0.7029848461656207,0.6367496883951805,0.7707419474754543,0.6439876670092497,0.19310991790035587,0.4443445850132601,0.7621132273512496,-0.10915571494172444,-0.08302027071352037,-0.29123351774507444,-0.38676608864883777,-0.14618530099932212,-0.09733878550654917,-0.08010338742532419,0.5443665613772485,0.44811615752990314,0.708399116573003,0.3200586035730686,0.4454571297369399,0.6560320132951389,0.6504347712001999,0.27163193457392143,0.5566508495331395,0.31959974590531653,-0.05821871378277317,-0.30902888631344166,0.4332903282237432,0.10012901532877042,0.1798517417069384,0.06449891758325862,-0.04644551835735059,0.3577704401828082,0.509833592092891,0.5495659399532046,0.3449432551223459,0.6157048829021888,-0.2669742625352605,0.24825419108955282,0.29680960398854167,-0.13358801160735095,0.36598368721436225,-0.1618770636985852,-0.12152806630075878,-0.1056701143644355,0.09779361920797708,0.21478646869738252,0.24358094071854977,0.525609024085753,0.563097242570685,0.10077190527213488
0.30321663641730995,0.8643545953510747,0.7584972540483137,0.516349959546041,0.48501891495921806,0.5794406420152631,0.6961667140451773,1.0,0.10830727515252236,-0.08285845487743544,-0.03181211869410247,0.031212962760490695,0.0018849358203406879,0.31130305482058124,0.11791589494221397,0.504944129802541,0.33857814018753724,0.8160153943714329,0.39480439964138114,0.4671010911635433,0.4060046795390435,-0.09037633115392185,0.47396733069471475,0.058546718855918306,0.1593273709300037,0.04636679713979576,0.175463225671122,0.07834073166998316,0.08335264918764076,-0.11671732522796352,-0.003341278345105071,-0.11153921847324572,-0.40249765202802484,0.4149963919441954,0.14599287135641031,-0.10608121405611073,-0.36238000481074106,-0.15359384225142683,-0.5109356891386587,-0.21280094465461066,-0.0928604229078743,-0.2857448995211126,-0.2224180533992259,-0.23358334608908618,0.13405348669392753,-0.25066147689750934,-0.170020336314535,0.2883470731013973,0.2942205506111828,-0.2858873476279809,0.4841661017690407,0.7343814917670727,0.5904616124729396,0.6899171240515186,0.4571324234465388,0.6779784806573782,0.873726793641075,0.21379808007697185,0.056040760097089505,-0.31345039469943803,-0.18891342852769455,-0.17966368546500186,-0.03335155583739695,-0.09714656829431788,0.5033483887829524,0.2537709649909252,0.5625680610526776,0.45840239662373444,0.4040672629069996,0.7634689816535829,0.5689822756801587,0.2905075331831799,0.4735168703942621,0.19241673308788163,0.08065863418687542,0.09163149723382388,0.45558155299468633,0.12421770790054887,0.037156414685880476,-1.3120202925805252e-05,0.1067634646082526,0.042526951083510095,0.2031313550982922,0.3251798561151079,0.3672957075069428,0.3835341453281144,-0.18553716297478734,0.10118748899821163,0.332089829656032,-0.1757586227259734,0.14410793553606963,-0.030819356672716538,-0.28993024425444447,-0.12179921716122542,-0.1277164286807636,-0.10316852900658197,0.07771970873149504,0.28624378019717117,0.33287266843060503,-0.18736087118147426
-0.20795958977498852,0.14271719402593427,0.2698697490432055,-0.1770833788895935,0.5791519975508954,0.36487284336664405,-0.1744899521112593,0.10830727515252236,1.0,0.13488443287922852,0.015923552950952307,0.3240471452625134,0.28191817366775274,0.32072773392228465,0.045297599653734186,-0.26779208851763575,0.20476723094546684,-0.2755767422536135,0.02985283505718222,-0.17449869891320985,0.08698257199711355,-0.12085893595154272,-0.3823139664560145,0.20107585663991603,0.20864621372810566,0.5159782204631431,0.02959265005430259,0.3063261245107258,-0.06267083597559642,0.12291443440991888,-0.09179768647088409,0.02351577704401828,0.011757901377520506,-0.19335680391856727,-0.33913100522621414,0.17966805886597711,0.29092737967680565,-0.09648597231637182,0.10099932212284883,-0.01599790076753187,-0.3233167872996436,0.0534385865168048,-0.34277404823861274,-0.1546084712776891,0.05422579869235311,-0.24374712995561,-0.35497583695961166,-0.4842973037982988,-0.26825566902101416,-0.23712387343815253,-0.17400013120202926,0.015009512147121208,-0.09820909230062758,-0.07678817432376288,0.541320484267543,0.32429022357962967,-0.022203756751437754,0.7882180577726269,0.16977979926089523,0.294924668168201,0.46558789442610043,0.2291093568913866,0.2923093743849905,0.23132499032438225,0.20792264319909565,0.23565196475038813,-0.17792307187684503,0.1560998010102556,-0.16353020926723666,-0.17098248452909404,0.009181965386685625,-0.12777328289344209,-0.09876888762546195,-0.0596904284735312,0.2856574315016072,0.3362270669786359,0.3105858170606372,0.19077212394218365,-0.40738667424722835,0.18370470796614988,0.1920797708337889,-0.3668889812162428,-0.2549867704620498,-0.19772145809188515,-0.1256959174301896,-0.4158273381294964,0.3771139926964204,-0.06778341582673994,-0.036224880278148304,-0.02423962791028933,-0.13479696485972317,0.051750453740351185,0.19720977017777874,-0.22940674815770484,-0.12838555902997967,-0.15526010802300408,-0.21935229931556274,-0.307406690654981,-0.33243095493210295,-0.13794581356191643
-0.2878659989941178,0.03974546806323938,-0.01747175599895645,0.10964990925192976,0.010513655944545276,0.00016181583608493145,-0.09481533314381929,-0.08285845487743544,0.13488443287922852,1.0,0.38970501410421815,0.2893092213159564,-0.10385077955872384,0.05204784500666944,0.04303435969999946,0.01362314403796112,-0.029658251140656615,-0.17716210010714833,-0.12123067503444053,-0.15385624630994293,0.02517766941462028,-0.06297697404386521,0.027539305941265226,0.2557783560385734,0.24671229581684195,0.13970392075397434,-0.10653616423894348,0.04242198946010365,-0.12560407600970894,0.13351993177494478,0.1282412367977958,-0.13138133869803853,0.28157516955164275,-0.10774310642671274,-0.14794340819138002,-0.0906606022173143,-0.00975705757582384,0.17445933830443244,0.07628960661258227,0.33659880606153375,-0.23281362751743895,0.2014694627276902,0.034436159279263516,-0.012534167195119284,0.25438324112746274,-0.13067284774004503,-0.3260414161072358,-0.29412870919070216,-0.1669589556318471,-0.28568179755740497,-0.30947059981194375,0.0011764448623472043,-0.08283221447158383,-0.09114604972556908,0.04414953111626167,-0.14305628901223155,-0.10404758260261092,0.14541558242767488,0.4618836238000481,0.37786621766416656,0.36610176904069447,-0.0458769762305657,0.03807920229166211,0.2882077544949151,0.021713959583183676,-0.0065775950668037,-0.0987339004176598,-0.22802038004854475,-0.195665959633509,-0.21083291421573988,-0.05468506558471877,0.04650237257002909,-0.03909820471889965,0.19313834503777594,0.26733288141523254,0.4335089982725066,0.09289978351665172,0.26372045220966084,-0.05444009534014126,-0.2982178391025781,0.2487415538693665,-0.354883995539131,-0.3923290546893792,0.07089282980910104,-0.018508232927335944,-0.1417288054055236,0.04348909929806914,0.017218098465054205,-0.2731582515142901,0.24619239945041357,-0.3385930769062562,-0.06238219151122871,-0.003004526470009403,0.21586669873827383,0.13209857645798256,-0.10790054886182239,-0.04725897093875052,-0.28804343666615,-0.22458726028295906,-0.30389014016750127
-0.4791891714591852,-0.014082351140364305,-0.08912782262346258,0.28052305875664213,0.14288338326299446,-0.11704533030110865,-0.08565743150160722,-0.03181211869410247,0.015923552950952307,0.38970501410421815,1.0,0.5740045046030046,-0.0319608143272616,0.052069712011545775,0.06655237487141685,-0.17389079617764755,-0.23720478144465584,-0.19489186766088648,-0.2393518619754652,-0.14484704030089,-0.1782860641577923,-0.15788852200914041,-0.09728193129387068,0.15313026174804836,0.3959371104939756,0.09907939909470599,-0.20282106538363065,-0.16024578513481008,0.04469615796724322,-0.13128075047560736,-0.09931993614834576,-0.2933021364063764,-0.006704431025381787,-0.25885723032516234,-0.282508582799414,-0.06044914828016007,0.11020533117578885,-0.1899892851676106,-0.3334543307603158,-0.17040082219938335,-0.2768537753383919,0.07492510550829853,-0.024337976427368742,0.1974940412411712,-0.006721917298987558,-0.12926023922503335,-0.33597340972207035,-0.18002667774594913,-0.1642474470271807,-0.2214889478571089,-0.26373357241258666,-0.09746124073385669,-0.12345236272987689,0.1806389538824867,-0.08656282014702005,-0.29035696831156876,-0.04717587632022042,-0.020025803065754084,0.502761802715882,0.34771599134066605,0.3672082394874374,-0.049826157311233084,-0.06554416041634777,-0.11442591333239693,0.09177810651216536,-0.03709081367125145,-0.10919944895147711,-0.26517242133345,-0.3283287048173012,-0.23185585270385514,-0.10946415939321165,-0.05093262775797599,-0.16768931359471692,0.1538586012318617,0.2924187094093722,0.4359231156108548,-0.020734294023747567,0.011961251667359122,0.060702805536725635,-0.4057204084756511,0.00903544641490455,-0.28207998950383767,-0.13694867813955522,-0.1408978592202226,-0.08265727843257309,-0.26549167960464454,0.1652708228553935,-0.0824299517067162,-0.1334630775622663,-0.010887605535889092,-0.16231440379611203,0.07579103890140168,-0.1924690035205878,0.458118125560342,0.3133104458682294,0.08245172858673548,-0.04311298681419606,-0.19455751520590142,-0.1409022326211979,-0.17866655004264065
-0.33756970107804335,0.10424001224552273,0.1179485665616661,0.024386083838096696,0.2260742166145503,0.06889418556340338,-0.16182895628785726,0.031212962760490695,0.3240471452625134,0.2893092213159564,0.5740045046030046,1.0,0.42034506133694866,0.2269751372154556,-0.009072640162362691,-0.2334259036539765,0.17578467099425674,-0.2191248824648488,-0.08229428615162582,-0.15013010867901425,0.07927226607771534,-0.07681878813058975,-0.22146027858564213,0.4420721173820822,0.29822658590452866,0.5704970370208392,-0.006400479325274785,0.08738055148586298,0.01544685224464805,-0.0262272856486847,-0.019343552513612212,0.020773654632524983,-0.07829270986065542,-0.2342874636461044,-0.30745008856136974,0.061061424416697645,0.18506046226848308,-0.27387111587325885,-0.1571406704423695,-0.12427456211322735,-0.4301458529225252,0.23578754018062145,-0.11210776060003061,0.030740635455161706,0.22782795040563295,-0.2162559314250727,-0.3902254488202751,-0.45718659115260984,-0.3435568870131858,-0.27679285035643403,-0.2857667665259889,-0.06310380267214799,-0.13319192670179966,0.04667730860903982,0.17299881152708896,-0.001255167452240426,-0.012993374297522469,0.2648881502700575,0.4577988672891474,0.43390697776125603,0.6313529115916993,0.3329382694452341,0.28490957993483634,0.2819078566140361,0.38481815925561397,0.10019024294242418,-0.14060046795390435,0.12793947213050227,-0.18031969561129213,-0.1894207430408257,0.03131139851677815,0.1385449694955282,-0.051523036889637226,-0.012735357564195542,0.5531783691587763,0.5767247600096215,0.20352058778509108,0.17656294417353655,-0.12822811659487,-0.0766875861013317,0.3258446130633487,-0.48729308346635763,-0.19004176597931383,-0.2630863090682469,-0.1204871968686449,-0.35723251186285016,0.19015984780564607,-0.09488759800534635,-0.0983184273250093,-0.0397586752065747,-0.1443615927926352,-0.06779646191861101,-0.12298440882552317,0.27042050250377203,0.20558920644639303,-0.09830093372110822,-0.21088976842841836,-0.42406291581547273,-0.3278607509129475,-0.23430495725000547
0.14685880474951346,0.1274540246222475,0.2750566082709307,-0.14687192495243925,0.20263716078808686,0.14148826835188386,-0.07594848133651134,0.0018849358203406879,0.28191817366775274,-0.10385077955872384,-0.0319608143272616,0.42034506133694866,1.0,0.4199864424569767,0.11987299615824544,0.00041984649362576806,0.36630115928074997,-0.14981959720977017,0.23719577529465788,-0.16655222934114713,0.2361286654566924,0.3502656841092476,-0.1618508232927336,0.144195403555575,-0.2841792219719665,0.3880168813277645,-0.08703514796876904,0.19948393868491832,-0.14180752662307844,0.23897137609061686,0.0036080558045964444,0.27473267586538674,0.15574135241022233,0.04107498195972098,0.1210819794012814,0.0005029411121558681,0.12380660820887363,-0.13393103146662003,0.24477487918479807,0.22079552163740132,-0.09532702105792569,0.23973234786031358,0.16223130917758194,-0.074802650280991,0.1454549430364523,-0.08361942664713214,0.09099735409240996,-0.4090704336227067,-0.2438564649799917,0.06415567575136212,-0.15321772976755374,-0.09544947628523322,-0.12209223502656841,-0.10644420633705802,0.1535415293144839,-0.01262602242027216,-0.07619339179112637,0.23398569897881089,-0.30242067743981105,0.10939187859438892,0.34115151647678815,0.8141479521549934,0.6726596838031095,0.5840361768533717,0.23205509616586453,0.32412149307909294,-0.27797773938903586,0.3411777568826398,-0.031073013929282106,-0.16236251120684,-0.1057511379055736,-0.06416653910913822,-0.0615381251230019,-0.3545607515262572,0.053014366622203754,-0.003100741291465308,0.02459600708490958,0.13064660733419345,-0.36689772801819337,0.109881699503619,-0.0060790273556231,-0.2708665894032494,0.07594848133651134,-0.21151953816885702,-0.27727362183201765,-0.2307581290590628,0.0692090704336227,-0.03364898389386006,-0.0644464367715554,-0.16498472586408838,-0.11783691587763225,-0.11810369333712362,0.1136734381491767,-0.16286545231899588,0.05175920054230172,-0.11193719796199515,-0.16684524720649013,-0.34112346233807356,-0.10212328617349281,0.004976930309855459
0.24882027508692134,0.3516126916096302,0.32823503557238526,0.08717500164002537,0.3418293936279548,0.3118059959327371,0.45863856027639893,0.31130305482058124,0.32072773392228465,0.05204784500666944,0.052069712011545775,0.2269751372154556,0.4199864424569767,1.0,0.648043226791313,0.28965034659202726,0.33477765058476044,0.14336883077124926,0.5531477553519495,0.1552032538103256,0.40893048479149813,0.2966696551573331,0.26571472305438326,0.34676258992805753,-0.2224574140080033,0.15199755089545386,0.005845056794144004,0.2589665653495441,-0.06920469703264744,0.2812315497146356,0.15533008243860838,0.03123045636439177,0.04206122986732508,0.18335920928910368,0.31429008768668953,-0.2848177385143557,-0.15421486518991492,-0.019689051190658415,-0.044009534014126085,0.28488771292995996,-0.038061708687761035,0.09793794144016094,0.1691762699263082,-0.04482298659552601,0.39923028142835276,-0.18383153659443266,-0.035949356016706395,-0.0272244210710459,-0.13666440707616279,-0.1075005002083477,0.2872930834663576,0.1957621744549649,0.3285167610592377,0.20386608646213727,0.1742867795225064,0.1824235009332845,0.27626336620673064,0.41873127637707463,-0.10102556252870044,-0.04116244997922634,0.01837703089807789,0.3699372416960049,0.4358837550020774,0.4123185854650812,0.531893608158469,0.7195906496687149,0.20280772342612233,0.38460562856705516,0.1838402833963832,0.19158557652358357,0.3933637941046655,0.1737421005444884,0.2970895016509589,0.02991409537743733,0.08963285298812622,-0.061691194157136295,0.4199120946403971,0.25135247425160173,-0.16145284380398417,0.18563337779624325,0.12920338501235487,-0.0851763573943277,0.29742188012507925,0.2351052896284796,-0.06190549080492445,0.086794515755177,-0.06736349522205944,0.026677775117305222,-0.12279197918261135,-0.2364571875914503,0.18383153659443266,-0.11452187793837879,0.19105639500557609,-0.2000174936039011,0.1588069362139468,0.022789792482123723,-0.12139249087052546,0.08137814762217327,-0.03472043034265597,-0.13710174717368961
0.14707560970844835,0.09809997179173657,0.0014519738863379905,0.16021333496645632,0.1813062939942101,0.008064569033211282,0.38191900881114865,0.11791589494221397,0.045297599653734186,0.04303435969999946,0.06655237487141685,-0.009072640162362691,0.11987299615824544,0.648043226791313,1.0,0.2347646777130052,0.12340247338510815,0.08721017955057817,0.387973995701865,-0.002619672912632081,0.28179633464530135,0.22213645478274618,0.3847289250822106,0.1412283598183163,-0.33571173976538193,-0.03144700847793151,-0.16045186127098854,0.03854068037156964,-0.2284450994847024,0.3540581969748838,-0.054075034604740176,-0.13523022726460196,0.09783330071500254,0.06597945809085791,0.2915446667358805,-0.4088439107921493,-0.2696229464110586,0.13128322425349936,0.012214935634359603,0.32948837656892876,0.04807034193521789,-0.05798267692099521,0.24310258490488007,0.11874902964982066,0.13738413195487123,-0.018372697672733508,0.057989237036803136,0.173108335939571,-0.0596970538521334,-0.10359308869183126,0.16766999993479972,-0.04761332053393233,0.15890349851014027,0.1311717022847646,-0.22679875838752614,-0.14067527719261386,0.05393727217277371,0.0689927379519656,-0.16981297109872245,0.09105878082456187,0.014202650724161407,0.2604497178063077,0.3081417597299351,0.3056889448686662,0.42778561955467026,0.7647542471301377,0.0785617602104614,0.18544354036374258,0.03568046987931357,0.04660524940478092,0.20221360416448694,0.05390447159373408,0.23701698414039335,0.10680098882926775,-0.16505251372743696,-0.11887804526070989,0.14935415659906826,0.4283864957839631,-0.09050991780196532,-0.019120550874837158,-0.10483721072647734,0.032498813712469106,0.1675912785451046,0.3058982001236242,-0.1034267858277731,0.10971575018230553,-0.2279268503358762,0.04403810556771203,-0.3488910124235068,-0.07255066607188153,0.0004351543485924742,-0.2901036279634059,0.05215292067301764,-0.12970879645959696,0.06360250946311911,0.12620350791289475,-0.017170009774613606,0.21281913631620267,0.02134005672318571,-0.18783579592836655
0.586704861035184,0.6887100653823446,0.49279317398858913,0.2775753864993112,-0.06479630884957688,0.5038420327567733,0.797865780324069,0.504944129802541,-0.26779208851763575,0.01362314403796112,-0.17389079617764755,-0.2334259036539765,0.00041984649362576806,0.28965034659202726,0.2347646777130052,1.0,0.2780983119748792,0.6803524961186066,0.5432857361527191,0.4739454636898384,0.49397564015656775,0.42809910126609957,0.7146530799676368,0.1233124138986683,-0.4181933480571166,-0.27243226695239553,0.08256334058230272,0.21420043296669655,0.08646213728105662,0.1883536332028602,0.13794144016094115,0.04106186175679517,0.12329286839664101,0.6315890752443638,0.6799938772386346,-0.22006079027355624,-0.3287835385187291,0.21496140473639325,-0.1692331241389867,0.20273774901051803,0.30054011502044564,-0.2220594345192539,0.3837790557827294,0.0066475694824079945,0.1746036605366163,0.10445868229428615,0.4355163893201548,0.4618748769980976,0.4358487677942752,0.10064518668435166,0.6771905272134876,0.5886204106623516,0.7784784938007041,0.44013470075003824,0.17783798499713785,0.37936452227671563,0.6254706872799632,-0.2364216833220354,-0.1681091600883427,-0.26277142419802757,-0.38776759747217426,-0.05178544094815333,-0.0584505040344624,-0.048348053504420126,0.2544556804528871,0.3774245041656644,0.5330650980735169,0.2297435000328005,0.5173427215674269,0.5888128403052634,0.5007221586259128,0.32836369202510335,0.5378146115326584,0.20180206184226473,-0.1786184426319127,-0.3817804115370318,0.256211322735125,0.20053355491898275,0.08953226476569505,0.18269882574183813,-0.09076556384072074,0.357849161400363,0.458949071745643,0.6321051365594454,0.29642474470271807,0.7224421071045899,-0.32776453609149153,0.36607811558714626,0.1376702893004745,-0.13853871233706636,0.41552557346220287,-0.2759441079355361,-0.188301152391157,-0.1440423345214406,0.039176925936454485,0.12752837243882706,0.2568673328814152,0.4374652177576009,0.5287529247119022,0.04615250049200761
0.255877037323891,0.4285106694702759,0.378588656685086,-0.054037801532692345,0.23652690355233086,0.34223868080609204,0.20091644717648532,0.33857814018753724,0.20476723094546684,-0.029658251140656615,-0.23720478144465584,0.17578467099425674,0.36630115928074997,0.33477765058476044,0.12340247338510815,0.2780983119748792,1.0,0.32335650145052397,0.6330067492588127,0.15416692633772563,0.4160901971205797,0.19984277606315773,0.4477689617209404,0.41363452978806053,-0.02656625327050337,0.36808113542382265,0.12434480843368488,0.20324091233629643,-0.15562983056342047,0.3439421223484183,0.25785381672602575,-0.09291519200896854,-0.15136592544647054,0.5508129614629711,0.3998779819796206,-0.20267018288501637,-0.34912460817038665,-0.06047108140114415,-0.012951841149163838,0.07610382027930931,-0.39192057020487686,0.06646046058526701,0.12278774003171498,-0.3939257767444317,0.19554371820409033,-0.4784352828885706,-0.1284228733495261,-0.05939522358493807,-0.1952485133154972,-0.4218766741962218,0.15769407808069394,0.2894341796968554,0.3726819582801185,0.12370178183491445,0.28254418784672947,0.3661944112186727,0.288450163401545,0.3302314953004262,-0.0887079756707968,-0.28145708759620547,-0.12583819054717735,0.20160963198895956,0.23260177188548145,0.15242664415824692,0.2802568941350378,0.2565745955421222,0.09070224869595929,0.7205273452666016,0.655864354447435,0.48241726883026015,0.4823521951240846,0.47534984512705275,0.6188784619610334,-0.17566896780951172,0.21058167389931232,0.12836601907468592,0.16816838486855393,0.40757736281470514,-0.09450711170449298,0.17757558065172174,0.26086271988679727,0.07124496648335421,0.22790692080541142,0.20260458179866236,0.16101567975308628,0.39821171438622827,-0.22085480402235327,0.18089519340314755,-0.08344458184232519,-0.27190616400105033,0.18808487468563723,-0.3088302342288634,-0.017333993717612992,-0.27123425163936926,-0.1809234227586557,-0.3734079436357698,-0.42672194651568934,0.0022544931326521018,-0.1668738567645011,-0.3919905446969878
0.4546937525967068,0.7500032800507315,0.5907027953719778,0.5240296516586124,0.14075353698803875,0.5054776847215237,0.7544903894513568,0.8160153943714329,-0.2755767422536135,-0.17716210010714833,-0.19489186766088648,-0.2191248824648488,-0.14981959720977017,0.14336883077124926,0.08721017955057817,0.6803524961186066,0.32335650145052397,1.0,0.42219063654851197,0.6235595110537709,0.4199689488530756,-0.04871968686449017,0.6921825457567077,-0.03699897225077081,0.001644398766700925,-0.1538168857011655,0.27945406775952913,-0.00834882246178741,0.1875489274234108,-0.12647875620476262,0.011987492073210732,-0.15728499267455337,-0.3952006245225783,0.602737749010518,0.3526929216505215,-0.08302464411449564,-0.43120421595854014,-0.03079311626686493,-0.47197743325096764,-0.11786315628348386,0.11965187728236863,-0.32147995889003084,-0.04277186153812512,-0.2674116026327874,0.07046423651352474,-0.1218298309680523,0.08661083291421574,0.5840720736480725,0.5141064048457282,-0.11060999170152869,0.6547331132054842,0.7901029935929675,0.7339835122783233,0.7218167107651265,0.27149009587615,0.6031626283734863,0.864065950886707,-0.1711574205681048,-0.06651942883383263,-0.5448645339047911,-0.45200411099691673,-0.2575277164286808,-0.1795587238415954,-0.18901224336325473,0.3772915279479283,0.13169622356825786,0.6577463864774442,0.435210251251886,0.6052612013732479,0.8879316000087468,0.6021829854839329,0.3929369574249415,0.6021123526710547,0.2081894209502687,-0.09774113839627387,-0.13942402309155716,0.28513699678555027,0.11502481905053465,0.23622050687717303,0.04655047998075704,0.02202444731145175,0.3717609499026918,0.3342284227329383,0.4864096564693534,0.5375347138702412,0.6968008571865911,-0.2981303710830728,0.22509263420082357,0.4098751394021561,-0.1576855036751352,0.3396426931403206,-0.05540224355470031,-0.2681419605956572,-0.05580022304344974,-0.10853031860226105,-0.07072226717106558,0.19845181605475498,0.5048572137690951,0.536699394283965,-0.038813933655507206
0.4571472305438324,0.4906474820143885,0.4428751206789298,0.08033500251470556,0.1581684196715576,0.32752837243882704,0.5333449957359341,0.39480439964138114,0.02985283505718222,-0.12123067503444053,-0.2393518619754652,-0.08229428615162582,0.23719577529465788,0.5531477553519495,0.387973995701865,0.5432857361527191,0.6330067492588127,0.42219063654851197,1.0,0.13870678533161312,0.3262207255472218,0.418705035971223,0.6382322713257965,0.24544838293498938,-0.2687105027224421,0.011602632787387112,-0.13165700690677973,0.2359624762196322,-0.1807526623078437,0.42269357766066784,0.2595700946841311,-0.10635236491657737,-0.017124070241280098,0.6966740285583084,0.5877894644770506,-0.3861144519035228,-0.40802081738864227,0.10394699438017975,0.007994576982790666,0.2225580022304345,-0.15506767838009228,-0.08557433688307713,0.1814699000677877,-0.2881109094487328,0.11566333559292384,-0.3883842470096871,0.02650280991012661,0.22786731101441035,-0.056587435218998054,-0.1449980811683108,0.41590168594607596,0.2920207299206228,0.46941462027946035,0.21872690297609937,0.19874067781241003,0.2551882259171737,0.36584373838315365,0.21440598281253417,-0.20262841398613632,-0.30107804334040367,-0.42569373072970196,0.18435634471146486,0.08598106317377709,-0.04621820257211324,0.23034509451490284,0.3499114386302508,0.1522380879490936,0.5068640528306838,0.5977302048938357,0.4883383262994468,0.4226371855387118,0.2590321663641731,0.5203647416413374,-0.19618660885035982,-0.11710655791476242,-0.27474142266733725,0.1248912116507402,0.21730117425816187,-0.1036627233167873,0.14295335767859876,-0.12967133891670857,0.18438695851829176,0.3709474973212919,0.3324746889418556,0.022566749032385033,0.4598062583367956,-0.2855962038879535,0.3609677909601674,-0.15235616977542585,-0.5244047241593176,0.28089042443856466,-0.31898712033412785,0.04669917561391616,-0.3730554765913713,-0.08495768734556428,-0.09745686733288142,-0.2802344142922744,0.24442746105223445,0.0859110887581728,-0.16467166692178173
