0,1,2,3,4,5,6,7,8,9,10,11,12,13,14,15,16,17,18,19,20,21,22,23,24,25,26,27,28,29,30,31,32,33,34,35,36,37,38,39,40,41,42,43,44,45,46,47,48,49,50,51,52,53,54,55,56,57,58,59,60,61,62,63,64,65,66,67,68,69,70,71,72,73,74,75,76,77,78,79,80,81,82,83,84,85,86,87,88,89,90,91,92,93,94,95,96,97,98,99
1.0,0.09532702105792569,0.2822505521418731,-0.07301392928210623,0.036439176925936456,0.31704533030110865,-0.010399947519188296,0.14290525026787082,0.14793466138942948,0.0753275407574533,0.21451969123789114,0.1110581443659662,-0.13194988082482342,-0.26010802300408914,-0.3357809800791586,0.28759047473267585,-0.23734884432879227,0.1568126653692244,-0.25837615621788285,-0.08437602501585358,-0.4318164920950777,0.00024491045461503137,0.08395627031588661,0.05136122105355229,0.3994183376702893,0.000997135422361199,-0.37441560429467974,-0.15431982681332138,-0.20426843935186198,-0.049974852944392203,-0.0040672673539498124,0.167999825063961,0.20750038267258533,0.011974371870284927,0.019124903375077988,0.013474448404801994,-0.1334368371564147,0.22792853862806411,-0.3232861734928167,-0.20842317027836696,-0.13116266864927512,0.23242439483064004,-0.047989328901620346,-0.29930681594541997,-0.3010692965384531,-0.3690629650162546,-0.06580656447486388,-0.018241475412177063,0.37787496446611707,-0.26446830377643177,0.2755811156545888,0.2772605016290919,0.10452865670989045,-0.047678817432376286,0.46416653910913824,0.4925980188493582,0.12066213290765564,0.1177581946600774,0.11495921803590563,0.193531739957578,-0.04765257702652468,-0.1846143753690057,-0.049393190614681504,-0.21908989525704664,-0.28052305875664213,-0.3309403488677499,0.25877413570663227,-0.2525376659158995,-0.09893081162763302,0.21419410705454084,-0.18904900395792787,-0.3158907524436378,-0.07379676805667927,-0.20350309418119,-0.08549561566552229,0.28860073035796285,-0.4116341467157875,-0.23487812958196627,-0.011112811878157049,0.0018105880037611248,-0.15117972491307866,0.020817388642277668,0.05713848374188187,0.0827666134569548,-0.11924952439264394,0.041241171196781175,-0.18726486110621185,-0.07536244560582538,0.1802409743937373,-0.14500448273599964,-0.10484354158010978,0.03448426668999147,-0.2941811900024054,0.15244161776661466,-0.22211191533095712,-0.20851063829787234,-0.3374953532614638,-0.03937810238131683,0.3595504143797424,-0.04415822964728521
0.09532702105792569,1.0,0.38505171546653255,0.2854300146508933,0.6522533948525071,0.3571844044521222,0.6341256478100195,0.5943276989350769,0.6263191270691654,-0.1160833090063332,-0.3207758413330126,-0.4168857011655114,-0.2338851107563797,0.12481249043318536,-0.0657190964553585,0.6965078393212482,0.22653779711792876,0.6530099932212284,0.2047101528503641,0.31956878266383854,0.30511469244057643,0.038735212437952374,0.2737030391891592,0.2485360040235289,-0.3241477334849446,-0.31669983162406246,0.16333777962432486,-0.030019024294242417,0.10538584330104306,0.12109509960420721,0.040580832018602485,0.036714701187378365,0.26299884104874155,0.46849183267367867,0.09366960450203987,0.4575889440423345,0.2360586910410881,0.18948634405545473,0.17661542498523977,0.10909448732807067,0.2510813233911351,-0.11333231287310577,0.058236207386674246,-0.24639741094662265,0.07513502875511141,0.013651586070273483,0.19979882355513764,0.23768585607791873,0.3367037676849402,0.003761124838730839,0.35931862412805315,0.7704139424023092,0.5927707681878813,0.6587785091076075,0.5717565765017165,0.3632328180009184,0.5532745839802322,0.5333581159388598,-0.3039951017909077,-0.23110800113708424,-0.1455511578579082,-0.2624390457239072,0.06815508079858301,-0.22839649253241784,0.0314053924034025,-0.01637404905658516,0.5938947322385253,-0.22849270735387375,0.21658636000358444,0.5804887062266554,0.15030067131704972,0.08705691981369312,0.4221294089348582,0.198338107629398,-0.12713913975202817,-0.26552229341147143,-0.08669630381229057,-0.2757388595690126,-0.12872231090507533,0.06125822746058472,0.2668693009118541,0.3528022566749032,0.3018040279022982,0.4001049616234064,0.28537753383919007,0.2901226738973563,0.14820597429102284,0.0319870547331132,0.44945441822833526,0.43255122345892283,0.28063239378102384,-0.1818591327545866,0.23098117250880146,-0.2562684571391367,0.13520369115042313,-0.1622094421727056,-0.10294548555684328,0.26194922481467714,0.48337014279154183,-0.041372373226039226
0.2822505521418731,0.38505171546653255,1.0,0.022295598171918393,0.4457282805974066,0.5438586516804793,0.42328398679232904,0.5086527738295685,0.596838031094881,-0.41549978734339343,0.10626927029804728,-0.13878113314819268,-0.19664560145196913,-0.021333449957359342,-0.056311910957556145,0.23530646607334194,0.15071177100872493,0.34968839518051215,-0.049629354267346,0.18331984868032625,-0.07856814852069711,0.16704205025037722,0.1879164985639952,0.32734906299884103,-0.12917714460650326,0.27075288097789246,-0.08941855634033806,-0.08841267411602632,-0.05258139992565218,0.06452078458813497,-0.15785589409370054,-0.24505040344623996,-0.15723251186285014,0.10519341365813124,-0.0634143834755616,0.04823423935623538,-0.25274321576173714,-0.07536681900680064,-0.3172596269488968,-0.3208458157486169,-0.04590759003739258,0.48648400428593297,-0.08087293083466357,-0.06410531149548446,-0.3622050687717303,-0.16111189467973885,-0.10704773567164505,-0.14039944501489338,0.15151210338719906,-0.2026021735802847,0.24965559467319762,0.4777634427412477,0.15623100303951368,0.22945922896940807,0.5709649909251929,0.8505390216702018,0.46473945463689836,0.5887297456867333,-0.18236207386674247,0.283160219544729,0.21371498545844175,-0.09952548599418337,0.13028798845422143,-0.055865824058078765,0.07655201067109837,0.05232785709456235,0.38073516870394264,-0.0031575955041437975,-0.0699548117850583,0.3181302815709863,0.221783910257812,0.17365025912400778,0.09587369617983425,-0.15324397017340535,0.3613784959874046,0.2589446983446677,-0.051967050725126376,-0.15108804868484318,-0.24077759069340274,-0.22208130152413025,0.35922240930659727,-0.03966237344470928,-0.1823445802628414,0.023537644048894624,0.14690253875926615,-0.050587129080929785,-0.3067900404432531,-0.15819028667643392,0.18366972075834773,0.23847718178041152,-0.32589709387505195,-0.18314928604229078,-0.28668080732982004,0.14864550156959483,-0.01616846340556734,0.03290109553694431,-0.21999956265990248,0.003616802606546981,0.3557980363429621,-0.20680938531849294
-0.07301392928210623,0.2854300146508933,0.022295598171918393,1.0,0.4306400472327305,0.02186263147536682,0.4141654457588944,0.3442347641643524,0.20334127834510507,0.06031801219965141,-0.2639741094662264,-0.33027049485032034,-0.3083378889593492,-0.12430080251907896,-0.12287507380114146,0.34587478953007805,-0.04133301261726181,0.4478318864665107,-0.14992893223415188,0.06389538824867158,-0.009722070368021692,0.03943495659399532,0.11244682211944151,-0.2312260829634165,-0.12422645470249939,-0.39022982222125036,-0.0311429883448864,-0.14075791038901403,0.004036649100172749,0.08405239334368371,-0.035538295180856105,0.022173142944610875,0.29048566617830357,0.44114495637532525,0.23755028049945373,0.3891014847696311,0.20729045942577246,0.09268986026983884,0.35860575976908443,0.3297369399313376,0.5115742056810478,-0.0996741816273425,0.23200454833701428,-0.15746430211453938,0.1426690866152063,0.22283158342448803,0.36050818919332617,0.23680461481789625,0.23472043034265597,0.2658153112768144,-0.09069121602414118,0.09206009052940019,0.05621132273512497,0.43054383241127464,0.06974699875358072,-0.006848745927270342,0.11153047167129518,0.05091513415407491,-0.23909820471889964,-0.11460059915593361,-0.3401368874505259,-0.3411340228728871,-0.3084122367759288,-0.20176248059303317,-0.11389210819794013,-0.12408896391747304,0.14230172093328378,-0.2495593798517417,0.15571292527280226,0.34131151878562177,-0.17391703658349916,-0.17312107760600032,0.24312610701712187,-0.09056438739585838,-0.39248649712448885,-0.3310708272287945,-0.16760439877672045,-0.23621420504071,-0.15866698738273818,-0.15475279350987295,-0.2270013776213072,0.4528744177909952,0.4875729811287748,0.4591589949924559,0.12110821980713302,0.48840830071505104,0.1382739698170228,0.1618770636985852,0.45416457107869934,0.07382300846253088,0.30326474382803786,-0.18655179200104963,0.292904156917627,-0.10161608276239129,0.1849336336402003,-0.14737486606459513,0.2201482582930616,0.2928647963088496,0.25367912357044453,0.28810653604775754
0.036439176925936456,0.6522533948525071,0.4457282805974066,0.4306400472327305,1.0,0.21523692899783517,0.5062911373029236,0.41971529159651,0.3821084166101769,-0.32703234898922806,-0.3184098314053924,-0.2547681004132864,-0.2468872318558527,0.16005772889287354,-0.057610811047210865,0.5069558942511644,0.4154118650368459,0.5848330454177691,0.28591546215914804,0.31894338632437513,0.2936388882814721,-0.011480177560079597,0.21058604730506925,0.22173580284708402,-0.38329798167544993,-0.14805274321576173,0.18112877479171677,-0.08048369814786469,0.0740285583083685,0.16131289497277557,-0.017990004581153282,-0.16550261310708272,0.16388882814720868,0.4616649537512847,0.006446400085722606,0.2877916511775382,0.17215455599046597,0.0621197874527126,0.13882486715794537,0.13491504668605542,0.26674247228357134,0.11888215871072139,0.10109991034528,-0.13798954757166912,0.040921912925586584,0.14563003830018798,0.1961776475476154,0.18582601061218015,0.16925936454483828,0.05239334368371564,0.19329120290393825,0.5646191861100786,0.5014366622203756,0.6175548315147275,0.5048216745752334,0.40363429621044805,0.33092650499661064,0.42509894819706545,-0.3146968139773895,-0.12042159585401588,-0.04786687367431283,-0.1732041722245304,-0.09800791585576524,-0.2187487699809757,0.10689904003848592,0.033222613156610355,0.40383984605628565,-0.08512824998359975,0.19473901154481424,0.4158277927751636,0.23349150466860555,-0.022173142944610875,0.3349719008987339,0.23250748944917016,-0.028033500251470556,-0.16517023463296232,-0.010826377788348442,-0.2989266568922835,-0.22138593076906257,-0.08543001465089327,0.2504340600467954,0.31767947344252256,0.31197655857077256,0.25358290874898864,0.2925761518444819,0.1724169600489821,0.10144770664074927,0.03135728499267455,0.3329994970588878,0.3043843344777066,0.32410399947519186,-0.20773217292427457,0.27412914653079967,-0.12628865134014167,0.20263278738711157,-0.012376724760009622,0.09318405458004417,0.17972491307865562,0.22934552054405108,-0.005514858629813474
0.31704533030110865,0.3571844044521222,0.5438586516804793,0.02186263147536682,0.21523692899783517,1.0,0.2302683081498327,0.24106186175679517,0.4525639063217511,-0.23850586965734408,-0.14287026306006867,-0.13121514946097834,0.04772692484310424,0.16195578491614004,-0.03487787277776563,0.29441298025409457,0.14295773107957402,0.3778268570553891,0.051667359121821084,0.2813802453477947,-0.0053617895956790795,0.2630863090682469,0.3536270293971515,-0.04527782029695392,-0.2282915309090114,-0.032647438280378735,0.026026109203822353,-0.048299840370864405,-0.13882486715794537,0.2248277973365988,0.06618493602258009,0.02520390982047189,0.11935011261507511,0.21095974284402266,0.135525284298789,0.15411865036845904,-0.08502766176116858,0.07852878791191971,0.06376418621941353,0.15458660427281276,-0.012529793794144015,0.015941046554853382,0.044140736043384136,-0.1860575976908443,-0.12539852616387134,-0.1016685636314745,0.04582449541886248,0.13040402615741778,0.473792394655704,-0.1370361461590606,0.4831427259408279,0.33041919048347945,0.03581378058647307,0.14110778246703548,0.3741575736371389,0.5247075288097789,0.24533904791060768,0.2498917583258621,-0.4275086921344384,-0.2536178959567908,-0.23287922853206797,-0.001320767094531062,0.0993155627473705,0.20191992302814282,0.25717784435065927,0.013354209079669548,0.27040738230084627,0.03793925346045352,-0.03208767803863417,0.22665394005604947,0.04833920097964182,-0.11302617480483698,0.24372526295073363,-0.06200607902735562,-0.09936804355907371,-0.09678336358269007,-0.3291975447681107,-0.3231225242425279,-0.0810216264678227,0.11186285014541558,0.007640331503793925,-0.07616715138527476,-0.04681725744024841,0.061555618726902975,0.12336489471037151,0.10583630360149571,-0.1455797441339832,-0.11851916642977411,0.07029804727646455,-0.011178412892786075,-0.20835319586276269,-0.4029389254553804,-0.1104065076206512,-0.24988109803113276,-0.04118431698410269,-0.039347488574489956,-0.29367387548927426,0.039937897706151186,0.362493713236098,-0.14926854868688635
-0.010399947519188296,0.6341256478100195,0.42328398679232904,0.4141654457588944,0.5062911373029236,0.2302683081498327,1.0,0.8954625964881591,0.7548009009206009,-0.24028365909753827,-0.24955500645076645,-0.5129999343989854,-0.3280706741597603,0.09532702105792569,0.03902823030329536,0.476823161531565,-0.0056679276639478695,0.6182327086658941,0.0426362861078918,0.39552601080230043,0.30770811921891056,0.019356672716538015,0.15485355104156448,0.09995407928975968,-0.2642015263169404,-0.12193479259145874,-0.03723076250246004,-0.15215061992958825,0.14444906081214057,-0.029218691915768296,-0.3030310981951672,-0.10431436006210229,-0.09368262229122477,0.27066978635936234,-0.08443953165202796,0.26180927598346854,-0.16991537469112855,-0.18799064092191292,-0.10045702040191555,-0.18048588484835232,0.12784763071002164,-0.16714263847280839,-0.19612079333493693,-0.2261048304213772,-0.17927882617917823,-0.10699974524917862,-0.04245260326693053,-0.08821159411738465,0.11683540705429578,-0.11750016400253657,0.16434366184863658,0.6522708884564081,0.3527716428680764,0.32650062320963896,0.4203100741291465,0.31882093109706766,0.8156261616846341,0.7003608055804597,-0.29016640790710896,-0.12337801491329732,0.003026393474885745,-0.2691216024141173,0.13966893354617219,-0.14942599112199603,0.024578513481008507,0.11002188892000878,0.534403358771949,-0.11997988235551377,0.211987723850167,0.6251980332798048,0.3860969582996217,0.23422623603245063,0.2699612954013689,-0.09645098510856968,0.05847674444031401,-0.19523299293695742,0.10451576505188893,-0.04654615747106221,-0.21226301633465264,-0.16216133476197767,0.17592880103212263,0.049065185541536376,0.02611357722332772,0.19596772430080253,0.3123308040497693,0.076285233211607,-0.18703088389821582,-0.21113030548205813,0.40478450066694366,0.3670682906562288,-0.1529465789070871,-0.08958911897837353,-0.07597034834138768,-0.28188568136038517,-0.12318121186941025,-0.16583499158120313,-0.16152281821958847,0.054483829349893945,0.3025081454593164,-0.1757669851960377
0.14290525026787082,0.5943276989350769,0.5086527738295685,0.3442347641643524,0.41971529159651,0.24106186175679517,0.8954625964881591,1.0,0.8333646760403227,-0.2522908446032041,-0.15987841945288753,-0.4607859001552557,-0.29279919529422055,0.01707813080842317,-0.004972556908880191,0.3903041700378299,-0.13062036692834184,0.557783560385734,-0.09104983490411318,0.39046598587391484,0.16265552907218297,-0.04281122214690254,0.0923772631008655,0.0935820340687936,-0.14501322953795018,-0.04497605562966041,-0.11290371957752947,-0.22600424219894602,0.1535107476328967,-0.08007259845618946,-0.39620650784667344,-0.22619667184185782,-0.18119437580634581,0.1334630775622663,-0.18212392263893443,0.1820821762043253,-0.26694802212940894,-0.22121974153200236,-0.2777372023353961,-0.32419146749469724,0.044101375434606724,-0.14523189958671362,-0.3191183223633859,-0.2806498873849249,-0.3208895497583696,-0.23519082809358713,-0.18190286676433928,-0.20116354460175218,0.07156633355929239,-0.18603573068596793,0.12391156983228008,0.6823555137652796,0.29239246900352056,0.23638232271325796,0.5065316743565634,0.4022697951061643,0.8507445715160394,0.8225886160372614,-0.16350834226236033,-0.02551004788874068,0.0969058188099976,-0.2329010955369443,0.2695195819028668,-0.21126150751131617,-0.053906540421158514,0.090061643221757,0.5764667293520807,-0.14928166888981217,0.09333722566451279,0.6093509975195498,0.42216002274168507,0.19594585729592617,0.1650608996085806,-0.07093219041787846,0.08930922131595635,-0.08596356956987601,0.07067868771460277,-0.0087511849196275,-0.31200717237759945,-0.2278760578163609,0.15114036430430125,-0.00605278694977149,-0.01718309243182961,0.16606678183289234,0.33882924055892066,0.0009665216155343203,-0.32797919133560455,-0.3131486300321445,0.43419562222562375,0.4298134744484048,-0.22990968926986072,-0.02807723426122324,-0.11861975465220528,-0.2682581490217748,-0.21402987032866108,-0.18571647241477335,-0.19981631715903872,0.00834882246178741,0.3122302158273381,-0.2222256237563141
0.14793466138942948,0.6263191270691654,0.596838031094881,0.20334127834510507,0.3821084166101769,0.4525639063217511,0.7548009009206009,0.8333646760403227,1.0,-0.32081117929998765,-0.16842404495856203,-0.4348866195797162,-0.12615512453259278,0.19927401543810544,0.12103824539152873,0.3709387505193414,-0.04869344645863856,0.5935842207692812,0.03921191314425663,0.448033062911373,0.26248277973365985,0.11390522840086593,0.23185829290680246,0.11480614900177123,-0.3293345870416129,-0.04067700247097155,0.05859045286567099,-0.1720977017777875,0.22996217008156392,0.08645776388008135,-0.27810049867775766,-0.17016028514574358,-0.15196693708862696,0.19315562747370493,-0.033775812660811186,0.3082985283505718,-0.10664975618289563,-0.13559729723819727,-0.1470599811943758,-0.17535588550436246,0.01293214668386871,-0.08268789223939997,-0.1842426362861079,-0.15630972425706852,-0.1926745533664254,-0.07204092633111643,-0.06238656491220398,-0.046742960730124294,0.154232358793816,-0.09045067897050141,0.2417091251011349,0.7012048719686864,0.2224311736021517,0.19271391397520282,0.4936738754892742,0.45501738426887667,0.8017318667862063,0.8617655419737159,-0.2988257418381404,-0.09552819750278804,0.10509282543570007,-0.09485906715357198,0.3770134044739892,0.02584679976383635,0.14482517329601363,0.24744319486445826,0.5217511097504974,0.003957927882617918,0.09653418527283249,0.5874205543513978,0.38135619164243073,0.2000568542126785,0.30720080470577943,-0.0670223699459885,0.12685049528766046,-0.12784763071002164,0.030979053550299406,-0.06391076502897375,-0.2249371323609805,-0.11301305460191118,0.163372766832127,0.04734643895825589,0.004106623515777044,0.19572281384618748,0.4195972097701778,0.08640528306837812,-0.15520779690787623,-0.16982353327064792,0.4781701690319477,0.3798473683059631,-0.2519866173930157,-0.2584330104305613,-0.11262819531608756,-0.29120978243417117,-0.0393824757822921,-0.06863178150488727,-0.12788699131879908,0.1333799829437362,0.4125166735912182,-0.16294854693752597
0.0753275407574533,-0.1160833090063332,-0.41549978734339343,0.06031801219965141,-0.32703234898922806,-0.23850586965734408,-0.24028365909753827,-0.2522908446032041,-0.32081117929998765,1.0,0.33730329240939055,0.36646297529375654,0.17211319686130958,-0.20741095472553422,-0.1406662227660664,-0.07053866145360917,-0.2380597822701367,-0.27406603186698486,-0.16964440931151958,-0.24552955930298215,-0.24690280871065984,-0.1289564288518722,-0.10272048002554071,0.012483886733171762,0.5083493782660079,-0.146504719451575,-0.07099786905808737,0.28202781704748553,0.1719295138195183,-0.07017348207290507,0.22746326881823886,0.2881965058676428,0.28627002063171275,-0.10649024347849566,0.2124056163338137,0.16694601795949052,0.38922436555572626,0.3907419373533828,0.12651388173662384,0.22030156819410096,0.11950331230825659,0.00858499550086396,0.15530838524028573,0.048022181914027864,0.2215632957549768,0.060259037106201715,0.1656908505072501,0.19579321640291356,0.2249483118108447,0.15322008399134915,-0.07843921895351276,-0.26982820168851457,-0.16004041026928972,-0.00632175802164995,-0.055931486225445325,-0.1531894701510506,-0.3336646188196204,-0.33765753827570233,0.5820128381329474,0.21287115181306793,-0.05524923492736342,0.08447889230384038,-0.07830583007792623,-0.1663927821312382,-0.35284856317241703,-0.31368758726349005,-0.09571854509916405,-0.26548540977187784,-0.23102759840720388,-0.225584888991907,-0.46611321216840546,-0.23227157975083285,-0.25521009294595837,0.22392274816084337,-0.12525652758150496,0.1975401779321313,0.053454068752307494,-0.053031976191153025,0.20594586379696092,0.14330775984325533,-0.1682580396865711,0.13633873776957894,0.20283418560090144,0.16411423773187495,-0.2252325831850455,0.17127787636173492,0.3096877603545961,0.2973500441169083,0.07307523679263163,0.03284427723458397,0.1960729003006795,0.42999762742763387,0.20818286084163332,0.2492909608164283,-0.024206800864636786,-0.04624001906807674,-0.013588171686797922,0.016290936444583928,0.13201999958460536,0.31670673799710386
0.21451969123789114,-0.3207758413330126,0.10626927029804728,-0.2639741094662264,-0.3184098314053924,-0.14287026306006867,-0.24955500645076645,-0.15987841945288753,-0.16842404495856203,0.33730329240939055,1.0,0.6537665915899499,0.19269204697032646,-0.4810609870766001,-0.2856661783035578,-0.33118453565415146,-0.18481555181386805,-0.3429795980844504,-0.20695808095165205,-0.26969889134285274,-0.49772801819334805,-0.10578819619076775,-0.47792796782076613,0.3319542542257987,0.5977826857055389,0.6369421180380923,-0.34919857427128204,0.10878834925980188,0.12771205527978832,-0.4411230893704489,-0.045601501827564186,-0.061336948678139554,-0.27147449213881175,-0.4068793597340972,-0.21580789377884996,-0.21465526666812446,-0.186346242155212,-0.040523933436837155,-0.4524851851041963,-0.3892151931949881,-0.2290262622728565,0.4887319323872209,-0.15216374013251405,0.42941549495965536,-0.2603616802606547,-0.22713720139219082,-0.3795324834357438,-0.3974004476183168,0.010098182851894776,-0.10493100959961514,0.0012857798867289148,-0.13629266799326495,-0.21017253066847433,-0.20284708403489973,0.03979357547396733,0.2587085346920032,-0.12993374297522467,-0.10678095821215368,0.5423891889527891,0.7755045811375216,0.515405304935383,0.24390457239071964,0.10489164899083772,-0.1956222256237563,-0.45388904681725745,-0.36572426958664683,-0.05982375194069668,-0.10355776169338085,-0.41663687284019657,-0.3707117389866192,-0.2518554153637576,0.04216833220353808,-0.696945179418775,-0.019527235354573486,0.44002536572565654,0.7615621788283659,0.17273440933851916,0.07515479123005436,0.08048369814786469,-0.11639369355579367,0.15325709037633115,-0.27244538715532135,-0.38498174105092825,-0.26439395595985216,-0.41611160919288886,-0.4110778246703549,-0.21058386060219078,-0.06389538824867158,-0.19129255865824057,0.04456932933896044,-0.3293170934377118,0.38846734162821717,-0.3625112068399991,0.44669747731049125,-0.17563140976580438,0.22020073910476481,-0.2099975946294636,-0.43500032800507316,0.05776825348232053,0.0968358443943933
0.1110581443659662,-0.4168857011655114,-0.13878113314819268,-0.33027049485032034,-0.2547681004132864,-0.13121514946097834,-0.5129999343989854,-0.4607859001552557,-0.4348866195797162,0.36646297529375654,0.6537665915899499,1.0,0.26857930069318403,-0.23534582668211934,-0.204513349806477,-0.43880956025453194,0.040427718615381254,-0.5230281428352759,-0.021604600817825982,-0.1744943255122346,-0.27564234326824255,-0.250460300452647,-0.43796159931101303,0.30527213487568605,0.4868819837746824,0.45960945529290853,-0.17916074435284599,0.02634099407404168,0.045116004460869,-0.30081563928188754,0.04315895471231583,0.025112068399991253,-0.19086833876363954,-0.441971529159651,-0.22966065651394246,-0.3070127484638429,-0.033089151778880846,0.05375784478799939,-0.17665478559401718,-0.11665609761430977,-0.17332225405086266,0.29448295466969887,-0.11484550961054864,0.29577748135837834,-0.1906409219129256,-0.053355550234610444,-0.34134831952067524,-0.26680180490471533,-0.003831099254335134,-0.06333121952286196,-0.0782795040563294,-0.2621110406507621,-0.27026743346963766,-0.27370055323522335,-0.06601648772167676,0.014353502000830947,-0.42644595569744814,-0.3000809079180425,0.44969058188099975,0.42508582799413963,0.42613981762917935,0.33029236185519667,0.014943911132492183,-0.05226651505543286,-0.21521068859198356,-0.2491466382692499,-0.24823861275721065,0.04242198946010365,-0.6010305930669805,-0.6226002302601853,-0.214957031335418,-0.18508232927335944,-0.5242964291181037,0.2207036802169207,0.30524589446983447,0.5470424875904747,0.09910366951034937,-0.07193159118719306,0.08546937525967069,0.12462006079027356,-0.07957403074500885,-0.34715182261485644,-0.32177735015634906,-0.38266821193501127,-0.38157486169119414,-0.40694058734775096,-0.07404831957354974,-0.03246812884039273,-0.3686339682053749,-0.08517198399335243,-0.1617677286742035,0.3058231833985699,-0.16360455708381624,0.2778206007093138,-0.1481839452450198,0.19862237869279045,-0.02012201788720999,-0.34241980275961603,-0.09467101091163543,0.07485075769171896
-0.13194988082482342,-0.2338851107563797,-0.19664560145196913,-0.3083378889593492,-0.2468872318558527,0.04772692484310424,-0.3280706741597603,-0.29279919529422055,-0.12615512453259278,0.17211319686130958,0.19269204697032646,0.26857930069318403,1.0,0.3550370645732654,0.41329951236579127,-0.5240646388664144,0.03565196475038814,-0.31646366797139797,0.18662613981762918,0.12200039360608778,0.164317421442785,-0.009691456561194814,-0.07689978012707153,0.002982659465133061,-0.000345498677046205,0.09257615184448185,0.20017056263803548,0.2261004570204019,0.4335177450744572,0.09901817148105224,0.33206176560970363,-0.12687673569351207,-0.28274911985305373,-0.22191073888609478,-0.02180361440120085,-0.02243554700312698,0.19047035927489012,0.14921169447420787,0.03656163215324397,0.01608974218801251,-0.22707572543788676,-0.03963613303885767,0.08173011742581619,0.5333012617261814,0.25864293367737423,0.36798492049717,-0.02634099407404168,0.10432322092593423,-0.05974065732216658,0.4094159322997529,-0.08761234173755221,-0.22594301458529226,-0.46907786840436466,-0.4119481314644333,-0.0065119940521746736,-0.2695676893135947,-0.2458463624237388,-0.12863484288556995,0.11487175001640025,-0.08548686886357176,0.20353808138899215,0.8693184054580044,0.5725700290831165,0.4885438761452844,0.2695545691106689,0.31243207546831925,-0.44517723207452276,0.2848570991231331,-0.08964607120565941,-0.38583060268834446,0.03534145328114408,-0.140937219829,-0.17180031051146924,0.22029258052524545,0.06899914718680983,-0.050368459032166364,0.2844116341473948,0.20313813730100846,0.45174170693840066,0.033006057160350745,-0.1111412389844963,-0.11798998491176664,-0.08778290437558768,-0.23816667031116748,0.05244582449541886,-0.1902254488202751,0.21934816573908908,0.11801185191664297,-0.07063479915156021,-0.03641293652008484,-0.17811112811878158,-0.048046183114298834,0.11409328464280248,-0.0049310149909445305,0.05314556865146181,0.5508167326321314,0.3108657147230544,-0.06030045264700094,-0.06546543919879294,0.32056154468522446
-0.26010802300408914,0.12481249043318536,-0.021333449957359342,-0.12430080251907896,0.16005772889287354,0.16195578491614004,0.09532702105792569,0.01707813080842317,0.19927401543810544,-0.20741095472553422,-0.4810609870766001,-0.23534582668211934,0.3550370645732654,1.0,0.7314731801185191,-0.09414620279460323,0.38757516782926243,0.08997397826419715,0.64114058297435,0.5193020052043471,0.8041372373226039,0.1460759659749404,0.3873678548119072,-0.14423039076337715,-0.6450897640550174,-0.11862412805318055,0.3560341999956266,0.12050469047254597,0.3100916227504319,0.41737552207474143,0.09668288106856829,-0.074444031401019,-0.16713389167085785,0.11456998534910673,-0.03742760646785215,0.05811375215936673,0.1371848417922197,0.08668080732982003,0.241074981959721,0.1620301327327196,-0.04859723163718266,-0.30170343967986707,-0.02329710699525486,0.13465264262753932,0.1562834838512169,0.39452274663025333,0.09353392665806565,0.2538040429951037,-0.16670092497430627,0.23828037873652447,0.12309811725088014,-0.013483195206752532,-0.13601714373182305,-0.11022719818066519,-0.12914653079967636,-0.23429183704707965,0.03221009818285189,0.18106317377708775,-0.39306815945419954,-0.5208720561544685,-0.011335855327895739,0.3354573484069887,0.35273665566027423,0.6759528547374866,0.7913362926679932,0.8032183928172816,-0.2351184098314054,0.6168550873586844,0.16582861278859357,-0.04758702804121281,0.5608536878703724,-0.0010539896350396886,0.34290525026787083,0.1660842754367934,0.16802169206883732,-0.5397432813627517,0.3011333693418001,0.11022294529203992,0.08193129387067853,0.1615884192342175,0.07373554044302552,-0.03392884476613238,-0.08231615315650215,-0.22627539305941266,0.3282412367977958,-0.05042093984386958,0.17902536466014576,0.09551070389888697,-0.007264219019920842,-0.008305088452034724,-0.1150729264612626,-0.399706982134657,0.22407119896787736,-0.4003984172646959,0.06370733200673503,0.35969911001290156,0.3359121821084166,0.1313988323019396,-0.14759790951433382,-0.06313441647897487
-0.3357809800791586,-0.0657190964553585,-0.056311910957556145,-0.12287507380114146,-0.057610811047210865,-0.03487787277776563,0.03902823030329536,-0.004972556908880191,0.12103824539152873,-0.1406662227660664,-0.2856661783035578,-0.204513349806477,0.41329951236579127,0.7314731801185191,1.0,-0.3741488268351884,0.20261529378321053,-0.10806236469790732,0.5257615184448187,0.2653342371695349,0.6363429621044806,0.2123679779580591,0.3453175584589745,-0.1201548183945245,-0.4714657453368612,-0.011047210863528023,0.1740919726225099,0.3363757626117951,0.49644223830661915,0.48832520609652097,-0.057210707409348895,-0.06642758741335199,-0.4039579278826179,-0.05437449432551224,0.03822575301849283,0.02664713214231047,0.19490061446283702,-0.0592814502197634,0.04156042946797577,-0.10875336205199974,-0.22789355142026196,-0.22039316874767664,-0.0679364107498196,0.2069537075506768,0.133506811572019,0.40591984203282666,0.05679735846581094,0.0916141037962803,-0.29995845269073496,0.25647810019461637,-0.1613653757844788,-0.16227066978635937,-0.3982637598128184,-0.34630338282565437,-0.20118519166429774,-0.3346920032363167,-0.004937569701078043,0.09431676543263869,-0.0927510878834926,-0.23526273206358925,0.2678358225273884,0.4009140408038311,0.4821324703155409,0.6465854671885591,0.726255712755024,0.8877170578339166,-0.3614353502000831,0.6608515011698848,0.17106139277676663,-0.09303108726152733,0.5386630513218604,0.25000984015219435,0.23718702849270734,-0.09901379808007697,0.29986223786927907,-0.340512999934399,0.47173355433747377,0.5521949576821626,0.1106557914762415,-0.10852157180031051,0.14292711727274715,-0.0552797883273928,-0.13985698978810873,-0.14922481467713367,0.3485119503181649,-0.025221403424372964,0.2079926176912066,0.2425007106776585,-0.03158907524436378,-0.15087358684480986,-0.3014191686164746,-0.32660121143207016,0.012066213290765564,-0.20210601354237173,-0.012849052065338611,0.34928166888981216,0.4627058231833986,0.192342174892305,-0.18380966958955633,0.026008615599921278
0.28759047473267585,0.6965078393212482,0.23530646607334194,0.34587478953007805,0.5069558942511644,0.29441298025409457,0.476823161531565,0.3903041700378299,0.3709387505193414,-0.07053866145360917,-0.33118453565415146,-0.43880956025453194,-0.5240646388664144,-0.09414620279460323,-0.3741488268351884,1.0,0.17282368633968206,0.7476372701231112,-0.06728040060352933,0.21944851413701866,0.048304213771839674,0.2562900439526798,0.4178876668866801,0.11005226214165446,-0.16546325249830532,-0.3731473180118519,0.1564496730882771,-0.017891583389823097,-0.21534626402221688,0.12761146705735715,0.1622446067707851,0.2553716297478734,0.6664232140123767,0.6938663051321861,0.3300062649039441,0.49751809494653515,0.1988541689444797,0.3034178128621723,0.3061818022785419,0.2879753340184995,0.5074238481555181,0.025794318952133126,0.296993286829503,-0.4076884389145219,0.15858826616518334,-0.08183735522665146,0.4256674903238503,0.4129282247583155,0.5017034396798671,-0.050543395071177104,0.4502897378146115,0.5474404670792241,0.7565371411077825,0.7656513087402419,0.35736808729308345,0.39781329951236577,0.3642736874330323,0.23109488093415845,-0.33114080164439874,-0.20336751875095668,-0.49279044849227,-0.5783997725831493,-0.3652751962563688,-0.37305984999234654,-0.21318580394043427,-0.3486154875595739,0.6618836238000481,-0.4055104852288382,0.4294115910562046,0.7585322412943692,-0.07430845597078568,0.021403424372963636,0.5044718024972119,0.06549167960464455,-0.37697404386521177,-0.2174892305000984,-0.30446372146695755,-0.4733533853990118,-0.08043121733616146,0.28295904309986664,0.15929238372220156,0.49233998819181735,0.5164024403577442,0.5945245019789639,0.06082526076403315,0.5391441254291399,0.21054668665325682,0.16600992762021385,0.5219172989875577,0.3294964028776978,0.4909098860729046,-0.07547178063020708,0.26046226848308585,-0.03141198684918767,0.2666856180708928,-0.3353742537884586,-0.2746758216527082,0.3455948918676609,0.5361483457610811,0.0348122717631366
-0.23734884432879227,0.22653779711792876,0.15071177100872493,-0.04133301261726181,0.4154118650368459,0.14295773107957402,-0.0056679276639478695,-0.13062036692834184,-0.04869344645863856,-0.2380597822701367,-0.18481555181386805,0.040427718615381254,0.03565196475038814,0.38757516782926243,0.20261529378321053,0.17282368633968206,1.0,0.1548009009206009,0.6544663357459929,0.4082263672344799,0.49384006472633446,0.29683147099341806,0.15903890035095153,0.1870809735190571,-0.5117491417200586,0.16618049025824932,0.3047254597537775,0.34464586385602763,0.20359493560167063,0.23291421573987012,0.12809049451199903,-0.017930943998600513,-0.004150357525529729,0.4050687717303361,0.0347816959849063,0.042456976667905794,0.2568673328814152,0.15677767816142224,0.2776672279197918,0.2883601933043231,0.1803065754083663,0.11450438433447771,0.14372744965122128,0.17488355819903348,0.22764864096564694,0.24302141110137976,0.13020052043471605,0.11783485801198577,-0.017799741969342458,0.09842338894841574,0.37639675493647634,0.008095165205221841,0.27644704904769196,0.4165314556865146,-0.08501454155824277,0.09087052546412717,-0.17235573243532834,0.025116441800966522,-0.35640156567754916,-0.25122564562331895,0.025715597734578294,0.11704533030110865,-0.10146727602720255,0.17081629529203385,0.3697797992608952,0.20653431268622707,-0.014069230937438499,0.4564999671994927,0.2633796148999135,-0.028201907023597168,0.3740657322166583,0.19217161225426954,0.246484878966128,0.2529137783997726,0.23174651767947343,-0.18398460562856706,0.26917467183085025,-0.04137460516348624,-0.021534626402221688,0.33312632568717065,0.5098467122958168,0.12431829612298004,0.036001836828409614,0.031606568848264856,0.024714088911241827,0.014366622203756752,0.26303192914223716,0.2797620869869454,-0.09495090857405261,0.1681485206971201,0.18843235442041503,-0.08344449060812141,0.33337123614178565,-0.058710785583977694,0.37458616693271524,0.3218910585817061,0.06342306094334259,0.03158907524436378,-0.08131027093219041,-0.1281756357831668
0.1568126653692244,0.6530099932212284,0.34968839518051215,0.4478318864665107,0.5848330454177691,0.3778268570553891,0.6182327086658941,0.557783560385734,0.5935842207692812,-0.27406603186698486,-0.3429795980844504,-0.5230281428352759,-0.31646366797139797,0.08997397826419715,-0.10806236469790732,0.7476372701231112,0.1548009009206009,1.0,0.06526426275393059,0.4150270057510223,0.17860969582996217,0.27313638450941374,0.5084674602214452,0.12204850101681573,-0.2974699875358072,-0.32777765629441735,0.20081345258139993,-0.04844416260304826,-0.024281122214690254,0.2790404758260261,0.0534801922986831,-0.002798976624171787,0.3677811550151976,0.7598171918392338,0.2856599305286203,0.5527935098729527,0.13822133782335833,0.08849576873455643,0.1938641184316984,0.18881284030526338,0.46082963416500844,-0.04976492969757932,0.20018805624193653,-0.3314250727077912,0.11256259430145853,0.009127297814723934,0.40070411755701824,0.3937574006227897,0.3984080820450023,0.02771861538125123,0.3261682447355186,0.527869497714898,0.5311451750453741,0.5594979335680392,0.3684415385624631,0.37263563009774553,0.4910410881021626,0.42704948503203516,-0.3748398241892808,-0.21358378342918372,-0.3200804705779449,-0.3823839408716188,-0.20157442435109663,-0.20670879709606174,-0.01392928210622991,-0.09853075272979042,0.6050469047254597,-0.29429489842776235,0.43757673960440274,0.8377717935014011,0.05740526120137325,0.016037261376309286,0.5789858083138353,-0.03465482932802694,-0.290052699481752,-0.2725197349719009,-0.2603491293639195,-0.3579960617483299,-0.14572172049594367,0.024801556930747197,0.10595001202685268,0.4122936301414795,0.4278629376134351,0.468872318558527,0.23485163237191403,0.4478974874811397,0.14587932242833326,0.07979707419474755,0.6221512759397345,0.22031007412914652,0.21376746627014498,-0.2751743893638888,0.11959502306969015,-0.1974308427882079,0.14212678489427302,-0.2720517810675472,-0.18485928582362074,0.4376768494019374,0.46535610417441126,0.06476132164177473
-0.25837615621788285,0.2047101528503641,-0.049629354267346,-0.14992893223415188,0.28591546215914804,0.051667359121821084,0.0426362861078918,-0.09104983490411318,0.03921191314425663,-0.16964440931151958,-0.20695808095165205,-0.021604600817825982,0.18662613981762918,0.64114058297435,0.5257615184448187,-0.06728040060352933,0.6544663357459929,0.06526426275393059,1.0,0.3128731057707026,0.6541514508757735,0.052555159519800575,0.08814599303103061,0.05168485272572216,-0.58468434978461,0.11313550982921869,0.10694714744921388,0.27116835407054296,0.3339878856792985,0.19218035905622008,-0.08741563426962243,-0.05807876495156458,-0.2722704511163106,0.16390194835013447,-0.12814078867820378,0.040655135466095206,0.24626183551638933,-0.006542607859001553,0.07352561719621263,0.08492270013776212,-0.1760293892545538,-0.2487021932605891,-0.14589228313397914,0.14086287201242045,0.13656381885373162,0.16087135736310743,-0.08079858301808401,-0.018304889795652625,-0.07588288032188231,0.031112374538059522,0.2931534407732173,0.03786490564387396,0.10755067678380092,0.06644508101725306,-0.19859613828693884,-0.1344864533904791,-0.03007587850692091,0.06406595088670705,-0.23038638997616495,-0.3522074741422667,0.18728214996391945,0.24485797380332816,0.17620432529356453,0.3437624368590234,0.6094421727056045,0.525108843256035,-0.08367190745883536,0.6226367234479894,0.20630666977190806,-0.13747363656350367,0.4830115239115698,0.05515733310008528,0.13056351271566333,0.21915986967265094,0.335054995517264,-0.3135553563228445,0.3745782392220786,0.12225855793512581,-0.11581640462705824,0.09760556296604055,0.30415254422601734,-0.11188034374931666,-0.19804946316503028,-0.20551048522883822,0.08406988694758478,-0.22188012507926788,0.20806477888619604,0.12916402440357744,-0.22649406310817607,-0.07913231724650674,-0.0726859242089611,-0.2617480483698148,0.08603354398548031,-0.35732693066751875,-0.033303448426669,0.25265137434125645,0.07309265049966106,-0.0954232358793816,-0.19106076840655137,-0.17810238131683104
