0,1,2,3,4,5,6,7,8,9,10,11,12,13,14,15,16,17,18,19,20,21,22,23,24,25,26,27,28,29,30,31,32,33,34,35,36,37,38,39,40,41,42,43,44,45,46,47,48,49,50,51,52,53,54,55,56,57,58,59,60,61,62,63,64,65,66,67,68,69,70,71,72,73,74,75,76,77,78,79,80,81,82,83,84,85,86,87,88,89,90,91,92,93,94,95,96,97,98,99
1.0,0.04758531952122313,0.0815832421320025,0.30496733036651746,-0.12388601278219248,-0.08322035354857882,-0.00032569570368128905,0.03891945937652724,-0.06928764071134044,0.056029078740276114,0.020871993347961162,-0.14019748146969108,0.19622499059211812,-0.0461153724055724,0.09047905129158663,0.34745453111397273,-0.13576095661930473,0.22342411348966615,0.0010642009016670552,0.020000070632804748,0.022345079699310027,0.05534943421163034,0.17044637184797523,-0.24237175535467184,0.04640967575227235,-0.2614104350549234,-0.2465963817954342,0.10785707530752586,-0.1655091389037367,0.18260320539762015,0.3073374533186078,0.3368344967471891,0.3176812349439557,0.32533547638492827,0.03562326189348769,0.09348408466362436,-0.31223466100769515,0.10009845427959038,0.08368574524082702,-0.1643185837652198,-0.03505193475096041,-0.028029450739704188,0.0215484986409088,0.18101303920789058,0.009363555278605927,0.07343614068642308,0.24716379864787172,0.3257216023757986,0.30327842156092194,0.13332334009970453,0.5846575348916687,0.10797087260158318,0.18403384097410522,0.24109496584117815,-0.09932777191569876,-0.015835089670306914,0.20558540663502592,-0.17702307063556366,0.10755570868050511,0.17255829266389414,0.0994800248470582,0.13657323385619663,-0.14859179772649847,0.025374442148008283,0.074993201592697,0.09218051703997467,-0.07366216565668865,0.0226511640682941,0.07373515288667024,0.24915878293403518,-0.095251549115939,0.1413676315761701,0.06542559599371243,-0.15596664719033718,-0.0845992628289837,-0.0906423271163362,-0.25670864478804484,-0.008636037405563625,0.3184644742506399,0.2596141093003818,-0.22576450229360498,-0.23987301786618218,-0.22512636404697872,-0.1256981365889397,-0.22797129639841165,-0.07825957633660428,-0.3441960044593108,0.09685169975879643,-0.08886312971597271,-0.355455658099589,0.20623601323346394,-0.04216699870624573,-0.08660837367578876,0.10233755429898878,-0.14987888436273294,0.10064546609999005,-0.18916570854539533,0.013023119293704363,0.26513513821075807,0.0394570534898325
0.04758531952122313,1.0,0.5523043550599751,0.5703298393653724,0.3588647272476134,0.23136471939952724,0.299369955642617,0.7857409692072491,0.22074782843455795,0.23721939167914513,0.1579662783433632,0.06261830989894804,0.03818878728233333,0.08998615597600369,-0.13452561458362763,0.3753033285303046,0.09119319162828952,0.4983095222399066,0.11289785872817054,-0.08994848516240829,-0.10759255248015219,0.16258723147773185,0.2586619327010915,0.08196698153188363,0.23281347610571687,0.12026093316883744,0.19995824818159844,-0.06678721327017194,0.1808277533440695,-0.06476010343787678,0.03968777173998349,0.12479241812091703,0.057512345039538657,0.18364521627755856,0.1962869134732804,-0.00410297944743195,-0.11943060565250559,0.03481724946554533,-0.0716765709514078,-0.08057787028055338,-0.11549012690753603,0.09725819261714838,0.024793673814703546,-0.12744193201045992,-0.020070695560180693,-0.09235156914634797,-0.12073024872154677,-0.025112306113031276,0.08287265067540629,-0.3021795704899403,0.24726965082295033,0.8134352956687982,0.37059305263598585,0.31068780261744017,0.360057636344801,0.3048730336620112,0.625101632715846,0.33860410800222257,0.20644861544063864,-0.10101899550775548,0.1465896926375534,-0.021801983368335796,0.15027672351820284,0.049772562462917794,0.12258082743942063,-0.04875388087860894,-0.01181607853108941,0.0718492570410169,0.4243005000800505,0.4585526873416649,-0.011698366419586163,0.2337630945317675,0.34612571378343676,0.086241049257728,0.009042564880128333,0.14396456430745055,0.17595566145239822,0.1705122288878634,0.05579675340371497,0.31373286124462907,0.24888409981044854,-0.011539830426336564,0.17518184015645943,0.33715378167879984,0.32370687084247635,0.015521944818536552,-0.017553029518221686,-0.0042081438020524315,-0.006609658168758966,0.02809614847323332,0.08991395358327918,0.05141595170601697,0.0656822027380403,-0.056693027090431225,0.15715321661659587,-0.10935994148466954,0.02080842382507397,0.06606361972569369,0.14772452589711474,-0.12957818106476554
0.0815832421320025,0.5523043550599751,1.0,-0.04730669378965246,0.16302672430301146,0.6785879095523766,0.22005876646920883,0.6103660661311132,0.6837299756081482,0.22717070215257307,0.19730088620588984,0.23604845722322154,0.11577339749928582,-0.0889659047744617,-0.10565721443168868,0.2206395248454712,0.02307808217887986,0.2719220590866711,-0.07290872047942389,-0.025258280515713438,-0.0995984919117624,0.17953752797842717,0.1925261105826733,0.27208216004445157,0.37389538187217664,0.32781926799330713,0.12647347817761162,0.08511406408433239,0.45603502129970586,0.0045919188193344045,-0.18737148758903654,-0.05765988905945396,-0.1790430985499876,0.0974591036229905,0.0776191417960816,0.2686807995002339,-0.0038926507381909846,-0.1325510361043356,-0.21086080948299948,-0.0867135040449036,-0.11464488769581374,-0.026697619518504218,-0.049924815334532524,-0.13403589400688748,-0.224075416968818,-0.2848541354705242,-0.2203758291503034,-0.13469513324480692,0.31244957604638535,-0.2366103801926862,0.18876373807483307,0.5317141161956246,0.16635045407083632,-0.2785004341955589,0.6310944313119803,0.7598799556740093,0.3498158838985525,0.6423611438114701,0.10930343526427645,0.061036135727941386,0.25186862931605497,0.0004881509595070146,0.1867044002649514,-0.10424298930462818,-0.020916719248843977,-0.024638281708622534,0.18146815717519127,-0.12026019555084898,0.14625850340136054,0.15483175272877955,-0.018282915880228044,0.0026824758514388683,0.19729774697142355,0.2064203623304421,0.17056559587379022,0.2918539580464918,0.331699361793633,0.26435179517122953,-0.24062703069229538,-0.05433781550790701,0.26372248214659827,-0.14963559359612766,0.005755786393929976,0.19190454215834926,0.17201749181444612,-0.21745634109666018,0.08658793466625228,0.1364515349286923,0.18853143472432812,0.056962979007939125,-0.17788629064916228,-0.08472009015881388,-0.01362741681813473,-0.22683724750246115,-0.025209622381486052,-0.054503388803606355,-0.15476353510902774,-0.07107069869941517,0.4030714270018113,-0.11169082307588471
0.30496733036651746,0.5703298393653724,-0.04730669378965246,1.0,0.21747831573792414,-0.25941534897299945,0.2899224295163381,0.4566518808723305,-0.31019403608236096,0.16366398889966693,0.016408778555261513,-0.15296861707304057,0.12643894659848248,0.12686745210313013,-0.04274538611014318,0.4261228256877278,0.0655268106319593,0.4530574574084364,0.19632301466964266,-0.021004617813899902,-0.06406078813620511,0.10594916323705302,0.12878866359649535,-0.2615437499411394,-0.10971467497935954,-0.2323127682083447,-0.0005854672279617892,-0.052089317499034685,-0.18070689281711763,-0.006826270704250666,0.18485696078154382,0.2091766101918386,0.2626942793730321,0.3028042781487307,0.13706211603238433,-0.14326838257222593,-0.26083428295175937,0.22542057893762027,0.12987326910459615,-0.05909922806224474,-0.09828162161929596,0.0951423485868736,0.023509726917993776,0.05486126153276262,0.16259978841559697,0.19294990723562153,0.11391810992971255,0.1368408000025114,0.06680761829420277,-0.046102797371832906,0.27003380955520184,0.5242521558692698,0.44768326367503564,0.8264759999545447,-0.15678906541850704,-0.15093753237335544,0.6496269019836822,-0.23239281868723494,0.1950013969593375,-0.06383790248909901,0.04726431412435764,0.1873557914167051,-0.0342490480271481,0.21935557794876143,0.23484613042263514,-0.03719051072205532,-0.06406549698790454,0.16822614740047073,0.4264508756894544,0.5783678492162901,-0.061525119781528054,0.35496736765772297,0.26901198873642673,-0.007680137121761487,-0.2175411004272498,-0.129460510573152,-0.16136606927034775,-0.00411396676806394,0.21897886981280745,0.39591805182174855,-0.18016936961401736,-0.1374679160301645,-0.1197413898646676,0.13893309977428905,0.13160141767828498,0.15379266612043987,-0.27903713400450164,-0.029739537716332497,-0.1715324800894054,-0.2765853918863346,0.14640133856957643,0.10260587853046156,-0.029329867618482556,0.06861741388978906,0.009725348376544896,-0.10380663571381483,0.040068419642043884,0.05185858376576288,0.023764004909762704,-0.04814957824384945
-0.12388601278219248,0.3588647272476134,0.16302672430301146,0.21747831573792414,1.0,0.3471695092434759,-0.24847197762353673,0.14656457876182313,0.22249795164951075,0.21339103246282362,0.21758818894424406,0.21296409657540913,-0.038009850917755196,-0.14862391657170482,0.052933771570464826,-0.16182910635412448,-0.10962520679707047,-0.09260898637258318,-0.16386960875720846,-0.03985101193223021,-0.048025578482431275,0.06733500968453833,0.015667919221218712,0.2645997946940659,0.11904761904761904,0.2650487052227444,0.0695528788349673,0.2050595041893084,0.1433531419028156,0.043636178136013025,0.03121340829825239,-0.07014462453186165,0.018720824739678982,-0.019637481203833632,0.2201341080963996,0.27711121365943703,0.25629338029628096,-0.06527253264019037,0.0403423021262035,0.04256331051109876,-0.03256407670565717,0.07659889059453961,0.13027823035074668,-0.03527871693208894,-0.08442971097068269,-0.20490882093492682,-0.048199805995309986,-0.12688785712716097,0.2692019124216369,-0.028287641775676584,-0.13274252940677886,0.29616636686977516,-0.15955165435760496,0.2164361748256223,0.4439379812838841,0.27284185478529205,-0.05093250959820938,0.3569340980508493,0.3146187870625869,0.08062495879754764,0.2938574599198239,-0.03539172937287513,-0.018858951056195436,-0.10258233427196443,-0.1359335612417556,0.08147569133791034,-0.21298136236497367,-0.17013087866031287,-0.07778709084002774,-0.1732260970839651,-0.08108648990149217,0.014559769454620796,-0.08773846409814502,-0.15122791156148663,0.10932697952277358,0.20422062391526263,0.32913460723467974,0.10985594053034227,-0.03149436978298472,-0.03424435261308281,0.15843408644906964,0.06501121688155889,0.16233766233766234,0.22866497775852382,0.018571711102530537,0.07050249726101793,0.3527950174070551,0.19932412281940926,0.14800234814738078,0.016419765875893503,-0.07153373578319192,0.04513277392175144,0.0977918624764165,0.008081177495918634,0.059378619929743935,-0.10932227067107415,-0.18388308544490858,-0.07936769539380127,0.19380220939321738,0.010907270153100465
-0.08322035354857882,0.23136471939952724,0.6785879095523766,-0.25941534897299945,0.3471695092434759,1.0,0.03681851143780078,0.322793353612788,0.8563721750813846,0.23589620435160683,0.275957544993078,0.35762629925066475,0.09820938066043215,-0.1707162791281718,0.031026623847508546,-0.056614523982181704,-0.060004897205767405,-0.024205067352275473,-0.20389013935061795,-0.024719901804745894,0.004311738539439772,0.06478438168068335,0.0038361445177978897,0.3504704142847725,0.3041635666726312,0.4201818244602871,0.028505818571083256,0.2126156415496517,0.5185057871787386,0.10513932325903119,-0.2129217169101143,-0.12537474611441254,-0.2405909294959331,-0.07331054249110812,-0.004569155765674983,0.3510229195508383,0.07534947527695895,-0.16544864369374884,-0.19697754505586268,-0.022596209688305408,-0.0877620427948526,0.05814490078449469,-0.08282242292394576,-0.1611337659198428,-0.23158132657770075,-0.35711774326712686,-0.29370677666544237,-0.23615519119507516,0.4292887436469742,-0.12225591667216033,-0.018745938615409245,0.23787078283089885,-0.05792439229302385,-0.47804673615630167,0.783654947904404,0.8953959987317492,0.0378701549840056,0.8013555214425411,0.11933171976681767,0.18487422657110836,0.39186435995718083,0.0054010528992399914,0.2012202204370442,-0.25309450037513853,-0.17679854590659522,0.07587686666729451,0.1515261388357835,-0.30100326048870013,-0.13600105478278068,-0.13170344279843918,-0.004770070515111008,-0.09669156079598429,-0.03968306288828406,0.18655999547950236,0.2593635516043058,0.4039874571837992,0.34642394105773366,0.26306000018835407,-0.27017350548895147,-0.07792132369013047,0.22453383330895613,-0.1078060627274312,0.008149452674470804,0.09026554784350288,0.0075278842501467595,-0.2354049141576335,0.19802447975036808,0.3027870123591661,0.2579179341325824,0.07508577958179119,-0.20804020731504416,-0.023683954430872487,-0.07178016568879513,-0.03158620478568877,-0.015755817786274637,-0.019394190532696698,-0.22110186388197234,-0.16379583674725082,0.3813557725812983,-0.0721380384179514
-0.00032569570368128905,0.299369955642617,0.22005876646920883,0.2899224295163381,-0.24847197762353673,0.03681851143780078,1.0,0.5867653014135973,-0.04266219639678668,0.11309092164784695,0.28893357065945896,0.1713205817629313,-0.08568540475719591,0.3525862583150473,-0.14293248448433366,0.6226200678702491,0.5135818979183736,0.4596200270602011,0.6386034801553293,0.050397270121708124,0.32203522848918065,0.3104436052224305,0.20827878913448167,0.21056572144316887,0.04986516987967314,0.13090607724400327,0.012869291694527373,-0.30053304201237485,0.260242537254865,-0.10316552803930362,-0.23617402660187287,-0.01950877259071603,-0.240922118732126,0.18952971128460613,-0.010637295989000123,-0.1570967103962028,-0.25906846356447516,-0.04891555145362252,-0.2745182059902872,-0.009615475170224989,-0.07709178065689885,-0.051593318453361965,-0.11279740322524949,-0.18924718018264067,0.022847348445608054,-0.16941663605913063,-0.3292382019720671,-0.0994697832986448,-0.13338921170683318,-0.24174930701399155,0.16419294990723562,0.30685546022746896,0.8234395742255256,0.015908861709213035,-0.07193869702934243,0.07173935564073346,0.6590273395929669,-0.03426003534778009,-0.027370985311521934,0.00785750386910648,-0.041240123183560455,0.041075313374080595,0.11911511258864413,0.3449940197583417,0.3911596018195003,-0.20877635779738754,0.6748459420685672,0.41820113161602046,0.45958549548107197,0.5191116594307312,0.2918132624913098,0.2813287751648883,0.5097206395248455,0.4862831149995762,0.19118565746557045,0.1848397675239146,0.006771328743772544,0.06924837309173786,-0.05818728044978951,0.1317333172186002,-0.009197175786604882,-0.10973276863716028,-0.092828732785223,0.1582425309763961,0.1419404863929882,-0.06453010368891442,-0.21594479970114488,-0.19926290774731675,-0.11895344201363056,-0.1256980872644397,-0.08429001503693309,0.10763336252821387,-0.0849366973369874,-0.16468587434190132,-0.015184477113411124,-0.24018282901531632,-0.03193309033033246,0.018758495553274378,0.03143629394535848,-0.12405626763857366
0.03891945937652724,0.7857409692072491,0.6103660661311132,0.4566518808723305,0.14656457876182313,0.322793353612788,0.5867653014135973,1.0,0.34571604368558684,0.1750248784331453,0.13390247654207046,0.02057925154371855,0.07901610113357757,0.09671353543724827,-0.18396541819311943,0.5401021506895328,0.22244458466358394,0.6424851435728883,0.25447890277476937,-0.06901136088953348,0.045192419376610816,0.22711419593218,0.3715001459744027,0.2259919196104838,0.1921289974226885,0.20644547620617237,0.15226228931812688,-0.07559119633086275,0.4070252928120948,-0.07778636707884627,-0.09383485743166671,0.07669463724576125,-0.09081491387510242,0.2565633544603813,0.15892060562111324,0.018402192441351252,-0.11481750060430264,-0.0777133188300701,-0.19892387042495818,-0.18661493208266233,-0.06860485694699654,0.075815651595202,-0.011353041447312659,-0.18355103924357005,-0.10734926180901526,-0.20132067593996528,-0.22471268156547344,-0.04566958301548584,0.09274711268909963,-0.32111072393886025,0.23479590267117462,0.760995953526773,0.5910600060980108,0.10221586875798103,0.40987885694194615,0.4617860988419364,0.793736599392872,0.46029182323598566,0.08025295951329309,-0.1900241407130457,0.05746368690531127,0.05199827969951248,0.19925976851285046,0.10996267450219589,0.1896081921462632,-0.09925788497217068,0.25137263027038226,0.08922571143910707,0.5261058738216099,0.6413895507441555,0.04174478788569754,0.2286759650791558,0.49156958584079685,0.18394972202078802,0.07649372623991914,0.21726650266777844,0.22683637368191392,0.20421818935234454,-0.09939915052315343,0.24087983358913417,0.25269591675690645,-0.04148892379544902,0.09558184141215323,0.33264270175075106,0.26985173395615747,-0.031660749209697726,-0.09962674502195895,-0.008647021337376668,0.01389425174776879,0.049176107914324016,-0.039405240638018015,-0.041368831796678066,-0.08285381526860859,-0.0857921723942742,0.15674354651874595,-0.1542557032042166,-0.04659724508523579,0.06572772163780141,0.23582714119334858,-0.14673095818853615
-0.06928764071134044,0.22074782843455795,0.6837299756081482,-0.31019403608236096,0.22249795164951075,0.8563721750813846,-0.04266219639678668,0.34571604368558684,1.0,0.25053602428511784,0.17080103845876143,0.2980467683150787,0.1383036832637993,-0.08382697795315634,0.07787498940508368,-0.046465378952688596,-0.034781148269183076,0.026652100618743114,-0.2369195947876151,0.01928745656084307,-0.05523326081701716,-0.08382226910145692,0.07767250878200842,0.3603009270159379,0.3691912390244515,0.37071219812336564,0.02145352834257838,0.17032387481988642,0.49860304066250405,0.0712591086921766,-0.162223080279643,-0.08518783609429005,-0.11737754631155646,-0.039866708104561624,-0.0682375395935947,0.3860504977256246,0.14990158499948203,-0.13425877965399358,-0.10717660391336968,-0.05377822564189497,-0.013160460855497677,0.05608713259184615,-0.16857061237046733,-0.16401244392542436,-0.2791061971627599,-0.33183748811014946,-0.193409805084932,-0.12271267528700451,0.30068843411845586,-0.12340330686958678,0.02304982906868331,0.19796012544380928,-0.1234873298485296,-0.5109898755725084,0.7526079190328646,0.8689322521809831,-0.01357561944944106,0.9007295580899641,0.1541725134908601,0.005804444528157364,0.36887574596059003,0.003759233273373955,0.3175398447334633,-0.15648299005804445,-0.11491324725552426,0.16852666308793937,0.12102062790967795,-0.2842844759693688,-0.08844008300135929,-0.1055175184979391,-0.021776101774067975,-0.2926174623056422,-0.058402318010729905,0.1544974242581204,0.2849467428872795,0.33928859425420455,0.3666892691548239,0.2241931382613036,-0.30558250065139114,-0.07239940809711469,0.3193458146728907,0.04068370983887793,0.07488015972424965,0.014547212516755665,-0.039943619348985555,-0.2788754634294881,0.2516488829034152,0.2452511230611303,0.3572699961387416,0.18784708161067842,-0.112026721163777,-0.054588148134196,0.07120254654699905,-0.011581425299336826,-0.055460855315822684,0.08852327271471579,-0.1712539402313199,-0.08123553990123969,0.28902303884174807,-0.04285996816816251
0.056029078740276114,0.23721939167914513,0.22717070215257307,0.16366398889966693,0.21339103246282362,0.23589620435160683,0.11309092164784695,0.1750248784331453,0.25053602428511784,1.0,0.4924846726877184,0.5849005961406252,0.10383802805847767,0.18690374165356036,0.2820586471782991,0.17751115213044147,0.3279903562717196,0.11648443410589894,0.18269716746874107,0.06438255966899911,0.27921763998631294,0.017199865640764842,0.04227607055743386,0.3156045066849998,0.4578086887731558,0.2663703229330495,-0.14561339071853938,0.0721835573177125,0.34505209559596794,0.08020828837032909,-0.08374849709149927,0.17355571670292483,0.15272689601913678,0.15160461969744057,-0.0724064429648186,0.10970368765872754,0.0019557430724943415,-0.03610904444842081,-0.039265544704268414,0.024165826921446937,-0.22700441180338674,0.09399966724114657,-0.1538507419580661,-0.09540447466480824,-0.11659116807775256,-0.24646129794788244,-0.261462129845016,0.061337502236704554,0.10284602996713221,-0.25399546066696177,0.09574822083886624,0.07883716476899943,0.19348129859194996,0.06095610916849571,0.14128124715506876,0.1749762202989179,0.05878844385008272,0.14076327346813206,0.8824874666063933,0.35786802030456855,0.5033542720272235,-0.05028425768092193,0.20907615468891755,0.04262766481765757,0.1637879886610851,0.29042784626540974,0.13095002652653123,0.18330625088537666,0.148248778052984,0.07145996377323426,0.33283994992927346,-0.084577254990598,0.2624258748261649,0.15438912066903365,0.4271666211477669,0.3542007486292604,0.3005612951225714,0.13250237797010822,-0.10288527039796075,0.0448471211835267,0.17398429047977101,-0.013429650316612574,-0.0031721964281790243,0.002051489723715975,-0.129749269343178,-0.2400086015024376,0.12502786070588826,0.12598061836640517,0.08441401479835127,-0.06079912352573701,0.06879161447689366,0.2537553092302911,0.2810682187041868,-0.014811698832715586,-0.1378547727351208,-0.10279423259843855,-0.2583018069048473,-0.05882297542921183,0.03649987913947305,-0.20757873984850053
0.020871993347961162,0.1579662783433632,0.19730088620588984,0.016408778555261513,0.21758818894424406,0.275957544993078,0.28893357065945896,0.13390247654207046,0.17080103845876143,0.4924846726877184,1.0,0.6637550266991892,0.08013680783804061,0.26321853152890134,0.3906871470323247,0.23818313666029403,0.2868553974427796,0.0316372049512006,0.3395913972418686,-0.16713598221937598,0.35039350304034855,0.27920665266568095,0.09333101029982828,0.3855388025076205,0.38019268621154045,0.3972481470668563,0.008618768227180119,0.13430743778822096,0.2506443278742046,0.27997676964680435,-0.05198258352718106,0.06915262644051622,-0.11066743263987644,0.07422719895526277,0.06315511899268245,-0.043467410037388285,-0.04124483203525988,-0.18161884042957285,-0.19754417687702677,0.1535101350184744,-0.24329861469454558,0.08128105880100078,0.06535729197078001,-0.04235612103632408,-0.04663332799663474,-0.2098452671331569,-0.21288090686205263,-0.09784679907957645,0.045600519857227614,-0.24990189892292866,0.04770223733240412,0.049846334472875446,0.30198427164436664,-0.07867709468445597,0.14191066366555852,0.20024862736972962,0.04323039783518391,0.11921085923986577,0.4759299197297747,0.49883848324747526,0.43939864824563885,0.04200609639333352,0.2723788177015153,0.17569510499169672,0.36473980455126215,0.3313509067678756,0.22522908563517702,0.19671314174317778,0.12494310137529863,0.0023889574288414026,0.41507226131020986,0.1716423532957253,0.3165525554938173,0.18319944498334637,0.45045189280142145,0.43220290763861774,0.22973388709429318,0.2963971006030469,-0.10870855033291582,0.04242677046026623,0.05327596903301356,-0.11071221017497775,-0.0522902285048768,0.19925819889561733,0.06459445799547323,-0.18195630813469826,0.04603687344804096,0.11367638887580875,-0.11882787263497924,-0.22884391412310193,-0.09890786032918013,0.059535581653058084,0.03989182198029188,0.053886550376300406,0.013429645046758898,-0.15877306160119795,-0.16170752447329775,-0.12881848632392504,-0.023875447733315753,-0.2389491098700671
-0.14019748146969108,0.06261830989894804,0.23604845722322154,-0.15296861707304057,0.21296409657540913,0.35762629925066475,0.1713205817629313,0.02057925154371855,0.2980467683150787,0.5849005961406252,0.6637550266991892,1.0,0.04832066652226188,0.4161855789847088,0.3735783191910821,0.016543765637311685,0.47441994795149256,-0.15349286922890984,0.38158650631457014,-0.22854725646603818,0.3624356064530104,0.13518799305601337,-0.0059158873517104115,0.5370712198123365,0.4691868440961987,0.48472762432153293,-0.06765835083456548,-0.0071386191763276605,0.38590766255740877,0.22887784051898633,-0.243273405347372,0.003935030403485806,-0.1985393142028385,-0.11339542739107641,-0.07811043199005491,-0.05663022015451312,0.020731504415333276,-0.2943691551378281,-0.2759920765722071,0.08776671720834157,-0.348676478609471,-0.06176443812411905,-0.13861289785872816,-0.1941961833187359,-0.1545868924404095,-0.3997124461228885,-0.40172940426747533,-0.24127214337511654,0.003514372985003877,-0.3777048428970111,-0.11164530417612362,-0.08601188514168935,0.1444189686747553,-0.21459579789759187,0.20609388194594866,0.25288417166589755,-0.16758489274805446,0.23319960194506967,0.5284430338817576,0.5748236535038566,0.6182785066033797,-0.10448000150683254,0.49784805477336297,0.2969511754863459,0.3243425658218987,0.323060188542422,0.15726308982291579,0.2912104147283745,0.01412184624657431,-0.2255273129094739,0.31192792312018364,-0.151942087402566,0.24695415775908885,0.2341759038640837,0.6941663605913062,0.6134961236325667,0.2750503062323222,0.3795365862080873,-0.27002910070350244,-0.19693524266882068,0.19432025933227598,-0.18535774141410652,-0.13700247057752496,0.05205007706820615,-0.05877117806051816,-0.39684318582070577,0.11293552954176594,0.022776715670116684,-0.15159206275957546,-0.13606383947210635,-0.16377072287152056,0.06645288479951279,0.09455845097614496,-0.09686661112836256,-0.1073775149192118,-0.2047612769150115,-0.3109012706449132,-0.2713161868346785,-0.14888133379794002,-0.31536749448279544
0.19622499059211812,0.03818878728233333,0.11577339749928582,0.12643894659848248,-0.038009850917755196,0.09820938066043215,-0.08568540475719591,0.07901610113357757,0.1383036832637993,0.10383802805847767,0.08013680783804061,0.04832066652226188,1.0,0.0721835573177125,0.3712960957340943,0.04762532608798019,0.007210821569052171,0.015131110127484311,-0.049176107914324016,-0.09146473540962301,-0.1040436479160192,0.06284904363221985,0.1513032531886774,-0.11786883650552976,0.06779019868214937,-0.11407036280132726,-0.010626308668368131,0.2564001142681346,-0.01437769385557638,0.45314806603398833,0.1325290614630716,0.008753755309230291,0.23522126894135595,0.00988544933432533,-0.12829580378528893,-0.17554442173731513,-0.2140675374903076,-0.07344395995592515,0.29530935586047985,0.36413236268203636,0.12938202968069867,0.11753450803487062,0.08526003848701455,-0.019138342923694627,-0.14747181752257896,0.17904466816722076,0.309639961199062,0.15172391060715934,0.09305161843232909,-0.04812917321981861,0.049651701935965895,0.0013875416340971092,0.014051218984842889,0.1548428008104056,0.10804460224329696,0.1518165180239147,0.040602858586904995,0.05971608763486936,0.09542017083713966,0.18585837657628812,0.34477427334570193,0.7462760831143718,0.41074057680294085,0.08828783012974456,0.18121701841788862,0.4619100986033546,-0.2117915925022524,-0.04054165942353742,0.0500488150959507,0.12593509946664405,-0.008909939216527687,0.3378302867062838,0.11965506091684482,0.11959855469645173,-0.08903967678441935,0.06440063553827204,-0.13316946529419335,0.2821041660780602,-0.09995636464091867,0.012619727506494283,-0.04878293794006083,-0.10569492672043683,-0.19988761540610706,-0.038833899965154496,-0.04402619377238667,-0.07126847047079099,-0.3163045559709809,0.16860828318406273,-0.23324669046206392,0.11920928962263262,0.1273728688522017,-0.3052764252909286,0.04835205886692471,0.1719390784224374,0.22294058370925665,-0.016583006068140223,0.1049760417455644,-0.044473534683832,-0.06749197140785249,-0.10740262879494207
-0.0461153724055724,0.08998615597600369,-0.0889659047744617,0.12686745210313013,-0.14862391657170482,-0.1707162791281718,0.3525862583150473,0.09671353543724827,-0.08382697795315634,0.18690374165356036,0.26321853152890134,0.4161855789847088,0.0721835573177125,1.0,0.2702300117093446,0.202016016374247,0.6312498234180612,0.14540306200929842,0.7577892255194648,-0.07051819343334935,0.3803119771212592,-0.09587692945198384,0.1716800241093207,0.06562883575211349,0.17731651959353192,-0.12110067838856817,-0.2984485903267629,-0.42222703571507053,0.10599939098851355,0.10545874061665708,-0.17092817745464592,0.12314902887781785,-0.008449249566000835,0.039714455232946894,-0.30107299034057555,-0.2985616027675491,-0.33461571061281,-0.01384402399630826,-0.03042232121274906,-0.09258073326238664,-0.10597510350649518,-0.10183676608622222,-0.25038534103073623,-0.16096581687589664,-0.09504346270118569,-0.14691931225651314,-0.07706977576448207,0.0031549306386144675,-0.21976524804661135,-0.18586465504522068,-0.027629972154990284,-0.013581897918373626,0.2637876212873345,0.028768740746614486,-0.22877642058207687,-0.16534975780806094,0.07121510348486418,-0.14269076343042986,0.19607815438127257,0.31222041193034666,0.1809407657848557,0.053100150997177825,0.6093159922021416,0.8260126385579613,0.7427978113257301,0.18329676125180114,0.18153251148175006,0.6690935574643495,0.3050409827059573,0.14009461652681376,0.2657827098678807,-0.20202229484317955,0.40168074613324795,0.07317555540905794,0.30343997312815296,0.05793067076442012,-0.11753607765210376,0.17269870569362955,-0.14450524095194145,-0.10540454741835953,-0.03680989298738193,-0.0006765052929476413,-0.3167503272651931,-0.2575647702551256,-0.2548948513415519,-0.3412206599298695,-0.29789451544346396,-0.4335141532385912,-0.3024809369987035,-0.12630866836813176,0.06468706541222857,-0.013966454140493299,0.04996405576536106,-0.1200741958357346,-0.2087072946391293,-0.17403601957626613,-0.21348058441583018,-0.11440626088921955,-0.3397358020273176,-0.13463548778994755
0.09047905129158663,-0.13452561458362763,-0.10565721443168868,-0.04274538611014318,0.052933771570464826,0.031026623847508546,-0.14293248448433366,-0.18396541819311943,0.07787498940508368,0.2820586471782991,0.3906871470323247,0.3735783191910821,0.3712960957340943,0.2702300117093446,1.0,-0.0641361297633959,0.24686625919403293,-0.08399492699710248,0.20920329368480203,-0.12387419203952924,0.488344022426691,0.023999447494733935,0.2279884727310398,0.173879057852952,0.3277502048350489,-0.06818417260766789,-0.35641769398114576,0.2573874035077806,0.2218198770047936,0.6220821773749262,-0.018918596511054816,0.04321156242838621,0.12910258704312366,0.06738837667046514,-0.12028604704456772,-0.23562309095304018,-0.047688110777305844,-0.2960517848117558,-0.060037859167663375,0.12792694373550065,-0.1884491037678429,-0.145542757943048,-0.0821208040207315,-0.14877930867778583,-0.35060540136682267,-0.19965374243836898,0.11071295153963755,0.2207541069034905,-0.05523640005148345,-0.2198923870424958,-0.2401294620293895,-0.28932597496774437,-0.08693485418839457,0.03697391805260937,0.05755315508760034,-0.03105016810600567,-0.2651130595293032,-0.017234397219893956,0.3137272444741625,0.44642582459841346,0.40841597368065824,0.2387795912088878,0.4112381454658467,0.19065983569246803,0.36457028589008283,0.8783782086900288,-0.08135483081095844,0.21734655317808085,0.11186191135429714,-0.08279260019651608,0.5345045303114592,-0.024486028837007807,0.26052977720852993,-0.04164351481247783,0.39682905926560746,0.18921743170496094,0.2233314184003089,0.4625081227691815,-0.18596981939984117,-0.17119586437090445,0.08923748357297506,0.008477506002807913,-0.28522770437201184,-0.02790308555355691,-0.270379125346493,-0.2940709278635312,-0.05887163356343922,-0.06738837667046514,-0.25612700086956797,-0.0836213580956148,-0.00294146269490722,-0.3108799588132438,-0.09349111125760871,0.050971770030584,-0.019714392448257567,-0.18323397656247548,-0.25894378060511547,-0.03727997890434439,-0.2232074186388907,-0.2921763998631294
0.34745453111397273,0.3753033285303046,0.2206395248454712,0.4261228256877278,-0.16182910635412448,-0.056614523982181704,0.6226200678702491,0.5401021506895328,-0.046465378952688596,0.17751115213044147,0.23818313666029403,0.016543765637311685,0.04762532608798019,0.202016016374247,-0.0641361297633959,1.0,0.33040599719352437,0.7201623612065962,0.43230240873460596,0.043026347594875516,0.2462415515352426,0.4706057780749586,0.4482607071439559,0.1332809081177464,0.22264078681772662,0.047432263168303776,-0.03619537339624359,-0.05689705508414718,0.12775271622262196,0.055340823029459155,0.06857343768148699,0.24520874339583548,0.26143544635205257,0.5971232055350982,0.29852550157118685,-0.05401366822686619,-0.3054067035212793,-0.13795522823804188,-0.18562293399131688,-0.12516598702240472,-0.024343203221171623,0.04681069474397973,0.0952632091138255,-0.11310347858571208,0.026548505881355773,-0.12111951379536587,-0.005922165820642978,0.34760743245152237,-0.009011172535465501,-0.3016537487168379,0.48927009659424453,0.36028366122637334,0.7353965698356901,0.26231924378953286,-0.08468084972798533,-0.017209283344163693,0.6276491214852347,-0.09033461100176111,0.1744237150328521,-0.0349710719543932,0.01062473905113499,0.05474981870920957,0.0450024956914007,0.20418836662491485,0.29464069891916156,-0.11302185848958873,0.29025989722146356,0.24273276745995712,0.6110331534551984,0.7141915372517258,0.1091159516400887,0.24372859434498303,0.4998869875592138,0.1415653478742674,0.039254557383636424,0.14514099288532586,-0.09580943591095875,0.1437094450147387,0.08145842554834579,0.26570333987212014,-0.026372719100014548,-0.17016854948869045,-0.06367937114855171,0.25608619082150624,0.11327456686412452,-0.10504035485906407,-0.292760297473858,-0.029711284606135948,-0.14237370074933528,-0.2999711190429102,0.01927489962297794,0.03403401046620771,-0.11374859126853326,0.032640987980261424,-0.0370837767502017,-0.2793133866375346,-0.18510110889578416,0.04362594137793558,0.07957645448580909,-0.2927069304879312
-0.13576095661930473,0.09119319162828952,0.02307808217887986,0.0655268106319593,-0.10962520679707047,-0.060004897205767405,0.5135818979183736,0.22244458466358394,-0.034781148269183076,0.3279903562717196,0.2868553974427796,0.47441994795149256,0.007210821569052171,0.6312498234180612,0.24686625919403293,0.33040599719352437,1.0,0.32405375625100064,0.8351901905201398,-0.06716549102335904,0.6685188150017737,0.19696498811799754,0.379533446973621,0.4568669184332709,0.3167958461649542,0.1123971508307984,-0.25167085754467916,-0.14527278377894767,0.44030274777192835,0.16005713411217498,-0.41023202081940296,-0.09051040813187296,-0.14956568691158975,0.19392306992016928,-0.08797233706588312,-0.2839735802027318,-0.1890101679804363,-0.3152905832383715,-0.3717308797076745,-0.16863967552872555,-0.22815494168675243,-0.2121698702554395,-0.2897607589413246,-0.324157350988388,-0.30481966667608434,-0.39361919202383305,-0.3280358751714807,0.08634778322958163,-0.2791328806557233,-0.48416099250036887,-0.09369359188068398,-0.004602117727570954,0.46409204866917636,0.009560542318663767,-0.09895023999447494,-0.05896581059742771,0.13566672631212154,-0.07729109179435503,0.3317605768657255,0.2953376089706764,0.21447877720539069,0.06832072930695121,0.4632552605721569,0.5501775237090684,0.5543040474149974,0.12747332435512276,0.31672207415499654,0.7502373065986134,0.49509965499813213,0.28710653620008225,0.47300687885306847,-0.021613629300358813,0.5872911231866997,0.20359191207632107,0.5914553177062242,0.3501629067125369,0.17329986909392275,0.329647872069917,-0.3092051772254818,-0.24530144706995438,0.24873577092371177,0.01898923673800595,-0.19439395509011173,0.04922005719685198,-0.13487406960938506,-0.3125877023629018,-0.21710160760197017,-0.22841069976675488,-0.25032726519311,0.009794411534803123,-0.06381906708230131,-0.05834110293863738,-0.030827282458899572,-0.21334010361833872,-0.026488860426496393,-0.28519317279288275,-0.27888656018642927,0.02385033385758549,-0.2697716834772672,-0.40124282292520147
0.22342411348966615,0.4983095222399066,0.2719220590866711,0.4530574574084364,-0.09260898637258318,-0.024205067352275473,0.4596200270602011,0.6424851435728883,0.026652100618743114,0.11648443410589894,0.0316372049512006,-0.15349286922890984,0.015131110127484311,0.14540306200929842,-0.08399492699710248,0.7201623612065962,0.32405375625100064,1.0,0.3706698184580708,0.17283369277567973,0.21046683555748094,0.45854483925549916,0.7073762592254252,0.2056041613692085,0.2546703960772126,0.12652527554630527,-0.05857340628914233,0.09191992440723405,0.32860250699264476,0.1022355290987958,-0.0065374557760344565,0.15488825894917266,0.11052930632335999,0.719473299241247,0.31668754257586745,0.08838985524989876,-0.21957846359586752,-0.19721455725806705,-0.20537970610486928,-0.26054861261532763,-0.09374699565334298,0.05835209025926937,-0.006203127305375311,-0.27950958879167725,-0.1546669429192997,-0.26627457628182793,-0.10981199124781431,0.371259994537732,0.01928745656084307,-0.41791058832393135,0.33854132331289694,0.4685181871548804,0.528294912358466,0.30391568640764294,0.024307092472429674,0.058940696721697446,0.6520048720918916,0.03248950710879645,0.10929872641257703,-0.2149025738583389,-0.1099815099089936,0.037801091825747375,0.10761766635588245,0.15957670562456638,0.20477854270457607,-0.09263880910001288,0.23768870723185445,0.16942141139253483,0.8154145829997896,0.9112585504898776,0.14228905308846435,0.25090645395213923,0.6615763979795887,0.03549375449302933,0.04301379065701038,0.16660159292668694,0.13793482321401104,0.30304913843710074,0.022177121887056624,0.18337374445288654,0.30553160798325685,-0.024515076375644398,0.046255050243447636,0.37307290244201047,0.14740432398155387,-0.14981996490335867,-0.22135213106931745,0.07354755469331249,0.0688120195009245,-0.07137520444264461,-0.055810879958813245,-0.10000502277514606,-0.2246844284552769,-0.053132348999823976,0.027262681722435168,-0.294479028344148,-0.23338883240446454,0.19099730339759347,0.18147600526135696,-0.36233358133285615
0.0010642009016670552,0.11289785872817054,-0.07290872047942389,0.19632301466964266,-0.16386960875720846,-0.20389013935061795,0.6386034801553293,0.25447890277476937,-0.2369195947876151,0.18269716746874107,0.3395913972418686,0.38158650631457014,-0.049176107914324016,0.7577892255194648,0.20920329368480203,0.43230240873460596,0.8351901905201398,0.3706698184580708,1.0,-0.10884667664943228,0.6787809724720529,0.2371801512483166,0.3523492461128429,0.2737020050290536,0.14986077495142033,0.025234736257216315,-0.2558915582845967,-0.2878944840511193,0.26354344229616167,0.12353368205027368,-0.21522120615666662,-0.009108488803920275,-0.12946830785844565,0.2457345651689379,-0.06087760438739409,-0.34545077837318594,-0.2692270262973671,-0.23012472178534543,-0.3417951398371993,-0.16885942194136538,-0.20679322756988255,-0.13083701408574505,-0.1162788142483574,-0.20542208577016408,-0.14106463997689522,-0.275758203604469,-0.22550376865097677,0.06238443693120996,-0.22952041915058594,-0.369618174911866,0.00041123971508307986,0.06545303862200164,0.5963684536635535,0.10447219441601406,-0.23718956895171545,-0.21373320901964846,0.27819424955030464,-0.23517575004159486,0.1918040866554282,0.29031483382462353,0.08018389635503487,0.049695651218493855,0.3937824322160798,0.7108984802965949,0.7015561185249365,0.06285061324945299,0.34344166831476475,0.8125181732317213,0.5457182411497132,0.39765153869577363,0.47837418919410896,0.06804133743945201,0.6693193197906758,0.11935683364254793,0.4256644974556505,0.24623615449907343,0.007369352909599465,0.26513503417056716,-0.1032839531751787,-0.14929734094965383,0.09207613745301174,0.012913246044269711,-0.21192657958430258,0.055054324452439025,-0.08535264590376991,-0.2169273800890915,-0.28283560770870414,-0.2926975127845324,-0.3375508948387846,-0.13799289905163728,-0.002484704080063036,-0.07564142408232329,-0.11264985920533419,-0.14315699592410586,-0.029336146087415124,-0.2889257225732933,-0.23063964674182463,0.01811181325322007,-0.2496774436585894,-0.28714106777921133
