0,1,2,3,4,5,6,7,8,9,10,11,12,13,14,15,16,17,18,19,20,21,22,23,24,25,26,27,28,29,30,31,32,33,34,35,36,37,38,39,40,41,42,43,44,45,46,47,48,49,50,51,52,53,54,55,56,57,58,59,60,61,62,63,64,65,66,67,68,69,70,71,72,73,74,75,76,77,78,79,80,81,82,83,84,85,86,87,88,89,90,91,92,93,94,95,96,97,98,99
1.0,0.46757895472087746,0.45605385670650356,0.49089622004777916,0.3987912372944647,0.4869904186602823,0.49595823562466057,0.42899993407607623,0.3699063448270193,0.3184376657908202,0.31397995284869834,0.19936650248470408,0.3192240440246242,0.37906256180367853,0.2818844196654204,0.5763555999234027,0.12405312840410737,0.4234356409845895,0.2417753005720266,0.33991002954019633,0.18882966199862503,0.1077746280791966,0.3307560218365149,0.33688066828023316,0.1462004275637343,0.13814672154048513,0.11987951618118406,0.22816270024391852,0.2311967703555811,0.17323551478736396,0.3615817346781814,0.4656034079529366,0.44562157063028685,0.3176308825329855,0.015225287161472803,0.3882008733350285,0.3216899126978895,0.3162810117124838,0.10433559672138353,0.16221680181071044,0.1589645549036412,0.15387114698209695,0.1399329459518002,0.11258397945998949,0.09097815406734913,0.003931891169019523,-0.08998458635877055,0.21411776524176815,0.6619656630534078,0.3389337276211823,0.583822269101457,0.4742137293688814,0.40218004223059917,0.4658890782893684,0.40688559687834525,0.5552552354582811,0.43033898644285135,0.3941497226486349,0.17234083296447328,0.20381008887172775,0.27844381869037416,0.18115673032783136,0.052900809608568855,0.17429657603696763,0.003771790211239087,0.16856433390153477,0.404342816960656,0.004716699785590286,0.0676175407865038,0.3187674104955097,0.16546048075041564,-0.004110827533597657,0.12466689766210304,0.28524026130987695,0.08017133941716972,0.24160019337684313,0.24613638718062214,0.17264533870770274,0.3109835535506311,0.46821682064611725,0.010927675177131304,-0.0382217492442293,0.0077601876006517054,-0.16578925063334055,-0.006094823716288546,-0.08953257172859956,0.2556561156996255,0.09043349688744903,0.40642726864626794,-0.024721471421979037,0.1202138446518432,0.40093988679920517,0.07496805828930557,0.1467482239781007,0.028783640821349307,0.07871316500758126,-0.09149537884885715,0.07602679494630726,0.5990444170284634,0.3153392413725989
0.46757895472087746,1.0,0.8211981599370587,0.7188214053495484,0.8338472525790793,0.7318118498346015,0.682296398001772,0.7930792409799577,0.8029092878248619,0.46088453459460904,0.3270306636619201,0.3159884020937376,0.2899672773919139,0.4161951600049135,0.35172781570805617,0.6119594677583307,0.2134672426641131,0.5666916889912541,0.3564038471348577,0.6108897731941918,0.36861768857293575,-0.1288067647390158,0.43584442104845195,0.5520361671345206,0.1955657510955102,0.10183994528312962,0.2000109088440664,0.3427182092544147,0.501593358319072,0.02846972854636733,0.21785510936117838,0.3656974145647476,0.19506747397376384,0.2766663357389248,0.06387481355883477,0.4913264879683284,0.473390464807046,0.24346107014192395,0.1536028027096431,0.4245478813887207,0.08272592392612288,0.09065013963713488,0.17918600403157722,0.0809734773719878,0.15286272789380828,-0.07191439618175315,-0.1289786378934886,0.11185018311555092,0.4644067570479142,0.2206050798327428,0.6053239083014023,0.8862882054944494,0.6468860731677647,0.7805984246531058,0.8329239900785097,0.7445129103030681,0.763280345629986,0.7969632603474727,0.47350426210110336,0.26929384070185963,0.4776833696242428,0.21681148364713648,0.2544005217409926,0.24724306434924959,0.14956417598399513,0.2360854358691607,0.46336531560505856,0.10408920766084184,0.18033496429709386,0.6060179171947779,0.35286985116092906,0.05716862129869836,0.2843410937886273,0.4874503166900588,0.35477130471739604,0.33007729190695806,0.43668809064232517,0.478148761316491,0.4013756130829526,0.5224865415079956,0.2407244414220766,0.08630151338629627,0.34149076809644474,0.19518668838496064,0.2655298970997983,-0.055001000631771435,0.49558957004639287,0.3247711987681889,0.5546205429230086,0.1616102081666556,0.40925901872988885,0.5523257616276734,0.41844677680939935,0.35066361480638913,0.10392361297776534,0.11755966804153015,0.0989597353623268,0.190350770486464,0.605270541294534,0.33663201604465953
0.45605385670650356,0.8211981599370587,1.0,0.47180339602384563,0.7521145695460969,0.8494928760932551,0.5958047270592594,0.7663781710192152,0.7596353934698988,0.3713416146338554,0.262637773152639,0.3089257853579826,0.21864140210768201,0.2424116854863773,0.14907910556931586,0.41246244690769707,0.19017953281912672,0.39855249898759687,0.22820203022222443,0.4841201824523072,0.14117765241768143,-0.2198201846497713,0.26813457270310065,0.5254513434353898,0.2517634649614345,0.1825700284728566,0.09586280289688556,0.25017815155596157,0.4067663059686265,-0.013409240022728058,0.0229776266759588,0.1766996600209073,-0.0245197852291916,0.1311493679151402,-0.14816872757409377,0.3672150909279263,0.3111405152739453,0.07712314275040888,0.042227412423206476,0.3279008880894305,-0.1491214852346107,-0.011718762262634633,-0.03703982746767373,-0.08332002428199453,-0.07165145707567752,-0.2681361423203338,-0.354568684880505,-0.10264825819575639,0.3986655114283831,0.027958022156716864,0.5664497455650465,0.8062844359441538,0.5330704746642507,0.5452740394727342,0.8385476017818295,0.8169622255916672,0.7202105171459722,0.8190686519185432,0.4150099356770858,0.27011699926855837,0.4648044727812676,0.16941127535429543,0.2729156267952497,0.07374375684745518,-0.009957651727049842,0.11394008457097653,0.4032550722180889,0.05237655745269958,0.12292614323071176,0.4230543900053339,0.21600766915282715,0.0667181501119137,0.21635220027069724,0.39117215875736544,0.32761521775299873,0.39302116785800617,0.4524578636253763,0.38292538981443985,0.2516504525206483,0.3973093621389488,0.25148407309393533,-0.08618297342010177,0.10591777089239018,0.11748584990064323,0.2303915567149795,-0.18060572337605785,0.3807546091810051,0.12675130042787766,0.4431311980260494,0.10262314432002612,0.25756790948959185,0.5150149584522319,0.21186693412944319,0.20944187550423954,0.03063735877368945,-0.0706374843430681,-0.1403779875223337,0.0340528592354967,0.5201350498667395,0.14997378739220654
0.49089622004777916,0.7188214053495484,0.47180339602384563,1.0,0.677334835980873,0.4563781617499393,0.5333967458695522,0.5431001196048332,0.6130982255078283,0.31935903110667435,0.3222000382986605,0.23895852757346595,0.26309296215025,0.49263535594209995,0.3506854518457129,0.5843371035539273,0.09114139425959586,0.33789621063007574,0.22631142552302388,0.4374664494316416,0.355832226753184,-0.03692681502688754,0.4388178898693765,0.37295047229782546,0.10321645963415362,0.07764268605457873,0.24471902281909533,0.35840639901553606,0.2639782262697419,0.069072575961626,0.35271339731093176,0.3945688104498837,0.45017738643720223,0.16070996926689457,0.1629670788481521,0.4357383008579528,0.48647617791925263,0.3131715999736304,0.10599939098851355,0.3537932939673331,0.17020615352740082,0.06379709244103733,0.26600146288326126,0.11426582498526419,0.26567969135046726,0.07657691595327563,-0.02502440754797535,0.2639986312937727,0.43608204703201076,0.3043848827025042,0.7323080593566453,0.5833476887966228,0.5470651874065272,0.8286527347441053,0.5166253857334351,0.4741248599116619,0.451966750785138,0.5513311923754274,0.3906416281325636,0.14977444600359757,0.4400029508803983,0.19752392687153653,0.09715145864529476,0.3731984718206618,0.11008510464638094,0.2999852455980085,0.2962118857695362,0.0690349051480306,0.044118801189142014,0.4265106885089783,0.2320232648757767,-0.1768283686340249,0.19985394705915976,0.36149854496482486,0.17120913893937825,0.08298566311619249,0.24998822787075145,0.3744573048416413,0.5299922460908683,0.4027622124068825,0.15040857136578675,0.13085741910977589,0.33692461756276115,0.06838037476181058,0.23576435650402294,-0.0754515300046244,0.45973146988375413,0.26135068702146297,0.37815218380845644,0.032431431271170215,0.39502556906472786,0.36083616649243916,0.32186100097630194,0.3744886971863041,-0.010580789768607027,0.2036123171003519,0.15126328730560956,0.21442706397881725,0.530477257815909,0.3475933058964241
0.3987912372944647,0.8338472525790793,0.7521145695460969,0.677334835980873,1.0,0.7581288578278835,0.5879403906229912,0.7261036473602922,0.8004810880595199,0.3949856988194031,0.3396912012324901,0.2975854176223579,0.21235359880020047,0.3848247776734714,0.3014694369898729,0.5192978628476171,0.1964769142568933,0.4597442072272623,0.2658266591848186,0.5784002533363654,0.3144768601050866,-0.07341652046330975,0.44600377257653456,0.5282886338870697,0.24995379437458734,0.1607406398782728,0.23107992454848778,0.4422963352170396,0.4238611735797541,0.11830209728413858,0.17257869769593198,0.3580675022004356,0.22472149082361806,0.2684352597384203,0.12994630729743806,0.5115722037945121,0.5040427469725403,0.21187800459193332,0.08305554367442684,0.33335543878473334,0.1084103655993218,0.051889996472287876,0.1862853855629048,0.09543201786225813,0.17587018632542434,-0.00313766608028384,-0.09057793721607782,0.16778979363843025,0.4151176173515294,0.20164331140709552,0.6135063261485856,0.7821016406437006,0.5542008876192419,0.7608628346278687,0.7863502892610098,0.7217832742307367,0.6447819996154435,0.72361894230522,0.4335143233515128,0.2481667844534252,0.4401404651013468,0.1239229960575188,0.2013497928693201,0.25338340937479753,0.04397912251299295,0.22913673765134351,0.5317425779639405,-0.04328299699693198,0.10105984521214359,0.5193891044934252,0.31969439528486615,0.0038494877748354766,0.2649610146013758,0.4759866127294019,0.35238470077789047,0.2879150020542595,0.36411131572826594,0.44483676170575365,0.315868326328284,0.4280018254655914,0.3349540945640075,0.19324036225211824,0.27616013398260086,0.22727360126450163,0.30254148598078523,0.01709392989299126,0.575604763947178,0.34458997853942647,0.5378334800272428,0.21641576979358443,0.31860966390167855,0.41300412691776145,0.3144446829391807,0.2591407676451733,0.11875493203359425,0.061876690036973186,0.10628985359383768,0.22534227492652223,0.5772034197264522,0.3196079408536848
0.4869904186602823,0.7318118498346015,0.8494928760932551,0.4563781617499393,0.7581288578278835,1.0,0.5762475224563707,0.7290482504451409,0.6779605947284364,0.31377994978010104,0.24470342266946005,0.22465076983871157,0.18503675456397242,0.2844681212577096,0.19529028316299904,0.4637035682515324,0.1501425801613761,0.39757635307928724,0.1869007491004124,0.5099445100850302,0.15810603631861475,-0.16798835029633716,0.2829283261477754,0.39425739613743627,0.28054015259042075,0.19640549664476076,0.09341109743364276,0.2943441567640357,0.3150066061291465,0.04493580459199895,0.12620276872741457,0.21797675474448103,0.1262216536715338,0.19701921722374574,-0.0708549041336333,0.43290452681715047,0.3717506457996724,0.14951080897712687,0.041969226857263356,0.2041727505708661,-0.07385993750567102,0.0657034183529972,-0.02979605562882848,0.06134853770419755,-0.005043966957975047,-0.16087562701329253,-0.238265635061514,0.028087526600119646,0.5223696049782401,0.14417881714384811,0.5518124965910287,0.7211988745835606,0.517367435910516,0.5363423430706297,0.7661030038169772,0.8714981335282422,0.6793410741683965,0.7545411987407536,0.33172146660385515,0.16484440574465706,0.3713935577390097,0.17564900805961509,0.26290549605615915,0.16284157336924826,0.0066300657944566984,0.13983568455548126,0.5587651188534686,0.04510139927507546,0.16239580190011338,0.4692806046170327,0.2172320563179105,0.05595216746567186,0.2322792037325527,0.43259688171873345,0.2265602099521009,0.28431508351742557,0.38663297743559594,0.36626797065288325,0.21855829815756014,0.36668705861858397,0.24649435663524488,0.04790630637135722,0.12127573829919497,0.11480577352534305,0.16375430614848038,-0.05492879818238182,0.3762962590905688,0.2063623674703138,0.5160205007787664,0.08865123130634875,0.2996290600618424,0.4755118033300593,0.15241303238005074,0.16879277944398371,0.03840148548633531,-0.00355361481028645,-0.08669944553227724,0.1960312197112687,0.6339199910846194,0.23412262874890308
0.49595823562466057,0.682296398001772,0.5958047270592594,0.5333967458695522,0.5879403906229912,0.5762475224563707,1.0,0.6379112789555139,0.5919735236861675,0.476099438390954,0.35128818486323926,0.325788183293622,0.19402195580585718,0.2557189003889512,0.27203664114469045,0.6655632257517682,0.2947631290633466,0.5519731658237822,0.36499501057729034,0.5805197944429271,0.26979522773576436,-0.11781546951960295,0.3739675842649012,0.5989078603291801,0.3424528094578856,0.25592295062925957,0.13387893228357334,0.30426402217555226,0.5688324245249553,-0.07887640519982797,0.138821656950736,0.32217178518846395,0.2077365678971715,0.3290514175213233,-0.03736002938323461,0.5183645216277558,0.4840573977629815,0.40322995834235864,0.23481630769520545,0.5051609014625693,0.08967066291214225,0.1484073093935313,0.15519904316133468,0.07655261692574453,0.11939293483891018,-0.1513330759161071,-0.26486662962369995,-0.004121814854229648,0.4656363699148326,0.24979673456830817,0.5327877343830933,0.5772230399495655,0.6560414002404374,0.5538488584173863,0.6644126963198754,0.6646230250291164,0.5989693104394567,0.6489613842768303,0.5179046237784454,0.3763424151386443,0.4781697635214677,0.14134963643716655,0.07999083343535845,0.07597418293574928,0.05414551607445008,0.14140210768202066,0.577934634859943,0.11261375800897193,0.27385425790066836,0.5328028548209849,0.3614720033150607,0.06976006830974199,0.1682708815091691,0.4551183648355512,0.5048846488295364,0.5106828148887612,0.41983179981729657,0.32176682394231343,0.42632844554526933,0.5477571739355641,0.3624921126734035,0.0871890980665455,0.3527149669281649,0.11239401159633212,0.17584421862884517,-0.14889865801599095,0.45123042294905963,0.29620089844890424,0.6053558479229255,0.2938197891062286,0.291262882633441,0.6346747282207761,0.3320933357191515,0.3481175580522934,0.1845430373349155,0.13923917513475165,-0.021543789787361604,0.08911269895397428,0.662278016882803,0.38092883669388383
0.42899993407607623,0.7930792409799577,0.7663781710192152,0.5431001196048332,0.7261036473602922,0.7290482504451409,0.6379112789555139,1.0,0.7932730887843175,0.31225651312670893,0.23704202493180013,0.27135542726550704,0.396557515484274,0.4872044803154303,0.3857224477238981,0.5457967220113703,0.4018643913495255,0.6179535958361194,0.42255917557395345,0.6516705436212326,0.42082693714310826,-0.09992968114795527,0.39631736404760337,0.43767991737534884,0.26411792220349145,0.1495719653805223,0.18990171056886068,0.3982244489858703,0.5711884199919007,0.04032817557110523,0.2088093197592835,0.2930883474755846,0.13570209594996474,0.34295979582419034,0.08045073128466892,0.42384060223074,0.4539505696140939,0.2007242213913715,0.034617908076936356,0.22233628107449718,0.028796197759214437,0.15998009725348378,0.1427378519474241,0.21875057634407077,0.16929734514941186,-0.011235320154827044,-0.18874333305080224,0.075128159247086,0.5008570110092952,0.2636391889473833,0.5631692455477807,0.7988734852697865,0.5608064068661794,0.6185123795711178,0.81947675239916,0.7155947750581543,0.8167812553097857,0.8854085242772698,0.38877378362512516,0.29910312071298295,0.47759214437967157,0.3608011332646428,0.4091317191389708,0.3274504079435189,0.2635261765065971,0.3132751947110178,0.3981255631001824,0.31090821192344037,0.31453245811476416,0.6518026472390335,0.4845292578729461,0.21429356237188,0.30129913345324916,0.3979607532907025,0.3557835686189566,0.4133696856684529,0.5625398290372909,0.38800624079811896,0.3221702155712308,0.34963851715120753,0.20403297451883384,0.02289600657983544,0.33614922664958924,0.2696900633811439,0.18945123042294906,-0.08420214951316989,0.4594505083990218,0.19647526754125738,0.5936449337464565,0.12275348533506619,0.3209537622155461,0.4493704265277869,0.2655509827373497,0.31049069373942473,0.1269836037783826,0.1668565903518768,-0.0046633346295764325,0.12193262336902928,0.5259803044429585,0.3564773394360051
0.3699063448270193,0.8029092878248619,0.7596353934698988,0.6130982255078283,0.8004810880595199,0.6779605947284364,0.5919735236861675,0.7932730887843175,1.0,0.3642439484365121,0.2909263138976935,0.270399636476527,0.24987688309998307,0.4157839201284581,0.3314271632571552,0.4911295009282705,0.235785638859989,0.5011562197481071,0.2755841923724391,0.7090929139210345,0.37797888942476804,-0.1545233835781206,0.448553616772343,0.5078977284098475,0.26166235871969856,0.10783039180409174,0.35154260080186633,0.42365476883260184,0.565355159392774,0.046917447126445355,0.17850165064938425,0.39205600710412053,0.17132542507230056,0.32262317674174146,0.12327621624783017,0.6617446066950204,0.6439647605097202,0.27627628570343177,0.21634513699037644,0.317369665800916,0.24200367996906574,0.1272355772721003,0.14947549257552287,0.22580845161062474,0.28895330426141697,0.026712541364337435,-0.06745040301900816,0.1414712263542085,0.4910290453859303,0.33617054839703403,0.6094347374481073,0.7898123913529719,0.4900788340874042,0.655487325139717,0.7815040941520172,0.6792890102029607,0.6397811951859802,0.8011933804507068,0.4508170057106968,0.3082878569262175,0.49051970439390824,0.21644419278220178,0.2178723751575181,0.22233244427564042,0.11599318942816182,0.2470664823412296,0.42804106591181806,0.10414414428555917,0.20664646830099484,0.5412699783000248,0.3836516388778798,0.028855854537237675,0.2595544637987121,0.36236040701763234,0.3797706081994774,0.350968120669108,0.4334311336055123,0.3763025375619651,0.38977456756050244,0.508239905100944,0.2550762422250157,0.24640096437322542,0.3945485602484381,0.2618295230206241,0.28830740651652614,0.04205949638791551,0.601279003104358,0.30367945892135845,0.631418805042132,0.304293964309268,0.4330567797485099,0.437145634245328,0.426020182931145,0.36483412474776106,0.13003969955945752,0.10558269904422857,0.1259391223478353,0.22374597294762574,0.6201787716249672,0.4326267044578657
0.3184376657908202,0.46088453459460904,0.3713416146338554,0.31935903110667435,0.3949856988194031,0.31377994978010104,0.476099438390954,0.31225651312670893,0.3642439484365121,1.0,0.5045267761003802,0.6507601656260105,0.3486512279115615,0.2143092585442114,0.21603426788343394,0.34395650276723516,0.11598372620852679,0.30024109320701053,0.23018210313882176,0.22901814163598064,0.25906846356447516,-0.02125889580566883,0.1584622773890359,0.6842840504914471,0.5173301438711156,0.2371613158415189,0.07735858533538012,0.189350774920028,0.2874706873981711,0.07090745850716844,0.2334381837645072,0.4599229631861974,0.21760867935887493,0.23180264260757372,0.0740357056528195,0.33052999695494256,0.2862244113150567,0.3639597047863908,0.30192686211540454,0.539571620064731,0.17778740476347438,0.14425567181187196,0.3531905609498068,-0.053964246459829196,0.08232799349550618,-0.1619515364983095,-0.15421803239062123,0.015671058455685,0.18667300792028857,0.09913231559351937,0.32195988686198984,0.4037794828187979,0.30693249191354866,0.5022571095812575,0.3472134585260038,0.27799176892722943,0.35783048990522653,0.3687580246681044,0.7021368769011989,0.5844281413534496,0.4576250435568782,0.2294837132464733,0.06172676731052366,0.12175049992308876,0.1188529865107095,0.0631802328684127,0.296020392467093,-0.03728939660774323,0.08062652841478077,0.3396087962954141,0.26885748693981915,-0.06578265824096136,-0.016897720954124902,0.36396441363809023,0.4593783060062973,0.5412746547626895,0.2138509303121341,0.15554278933539267,0.2826974813921877,0.47977862118543774,0.27976229716621304,0.037306662397307795,0.13543756219608286,0.0963854854355217,0.03131543341840659,-0.015449748488361099,0.33210432303978354,0.19091411368423697,0.3142562054817312,0.16450844297109707,0.0930406311116971,0.5837296616847015,0.2793746017096271,0.3533396745869552,0.33593889794034826,-0.158685163036142,-0.15128840119119463,-0.04841015370090755,0.3686387337583857,0.09254306244879124
0.31397995284869834,0.3270306636619201,0.262637773152639,0.3222000382986605,0.3396912012324901,0.24470342266946005,0.35128818486323926,0.23704202493180013,0.2909263138976935,0.5045267761003802,1.0,0.6127204919808256,0.23055636652445935,0.2983010463068476,0.3132375238974224,0.2207729423102882,0.16154971448662528,0.17623348370266426,0.3400168969361714,0.16211163745608995,0.21589143271521807,0.0013561492894342785,0.12487717745150667,0.5420971341928558,0.548810387099002,0.25697773340993063,0.1303017746092438,0.323469858640272,0.35359395257872417,0.036190664544544164,0.22455415022492614,0.40168859421941366,0.1859220190308459,0.1268250724378353,0.06648113790970933,0.28696370103186636,0.46620928020492924,0.26659006934568935,0.2255430090818053,0.37603477016094855,0.2331854753899714,0.27475835742695787,0.16313188865763195,0.10775348052948748,0.15390410894399292,0.051813064866001776,-0.03772104134685716,0.1274780332068222,0.20600284414642644,0.24756316924554778,0.26209782482443833,0.2703250796286963,0.20837147831711886,0.43305739462374704,0.2906428838263501,0.2990293487030253,0.2266849945711017,0.3039705037529548,0.6382424681917068,0.5706782943911298,0.5764466377229249,0.23370755653576705,0.0689517154346741,0.16990007816693822,0.03694094158198582,0.2575208209725976,0.23162684547746187,0.06957956232793071,-0.01604305773993954,0.19833220255448983,0.2506883755279504,-0.09237040455314567,0.07326505234087484,0.122307714040854,0.4218409098757177,0.44956505906469646,0.3331230046240924,0.3285208868965214,0.3096336827301294,0.35079689466926595,0.259620968830541,0.17952967989226148,0.1489786500663948,0.0008758464160929716,-0.04617656938179056,-0.05844001175644219,0.3929238515895514,0.17017476118273797,0.19154823904642615,0.2751382047973781,0.16285720564183218,0.5131894936100883,0.19951404650461937,0.2278785995247199,0.20649413434039976,0.0271543781333484,0.03175650832231248,-0.01689222729165317,0.3653613729755862,0.15800237953972543
0.19936650248470408,0.3159884020937376,0.3089257853579826,0.23895852757346595,0.2975854176223579,0.22465076983871157,0.325788183293622,0.27135542726550704,0.270399636476527,0.6507601656260105,0.6127204919808256,1.0,0.3776389189732192,0.21320424801207977,0.26557452699584677,0.12119014657085724,0.21636388750239366,0.21657264659440148,0.2521002467831857,0.1898687486069647,0.30157526785518085,-0.01727834650242192,0.06566964580017517,0.7354614203780266,0.6592737694985701,0.5535098210950278,0.08014151668974004,0.30316058126065376,0.3156202028573312,0.15902733959296686,0.15824880944532865,0.2890167603728155,0.04076532996702939,0.1242430520893175,-0.012275976380399876,0.1426468141479019,0.2505281761989521,0.1777654301222104,0.04896577920508305,0.417796006265912,0.039075621019058294,0.26306470904005347,0.3144853695977699,-0.03333397426062427,-0.0009982765602780106,-0.22123911862853124,-0.33303510605903647,-0.11697572429987223,-0.04040194758106288,-0.033782871708905066,0.26043716979177456,0.27770856199070487,0.2495817949443586,0.41721524788964964,0.23225469237071847,0.24725709388508518,0.28614447312051255,0.36074198945845065,0.5889706136261611,0.7232592160075844,0.6607083996496614,0.3062474738953772,0.15846070777180277,0.14426038066357139,0.13909633996653575,0.1357342198531466,0.18529802322405658,0.09987003569309588,0.08431198967819707,0.2198445999848701,0.3497477427914588,-0.02842576809219304,0.007910873959294924,0.29446176255458345,0.5715494319555233,0.6805295260697726,0.33080154073627605,0.2909065795215179,0.16407836784921628,0.3117699317844351,0.4136977356701795,-0.05805700221943877,0.00886519813278334,0.05728945939243256,0.07212705109731941,-0.1382260414512636,0.1967185582123943,0.07184138076088765,0.10741675535004033,0.21038992431305703,-0.0249506355380177,0.43471961927364394,0.13128435499719038,0.15272532640190364,0.3583483231779098,-0.1815717519125786,-0.24161833878711994,-0.2046287245560199,0.18905254764573112,-9.888588568791614e-05
0.3192240440246242,0.2899672773919139,0.21864140210768201,0.26309296215025,0.21235359880020047,0.18503675456397242,0.19402195580585718,0.396557515484274,0.24987688309998307,0.3486512279115615,0.23055636652445935,0.3776389189732192,1.0,0.7270404239222223,0.5930516184323291,0.29133979387786496,0.45600833780674244,0.3426756951049917,0.5511705228907605,0.27968381630455597,0.5564450053210024,0.4408128733726993,0.41546669429192995,0.3209600406844787,0.2225607363388364,0.31806409688933257,0.3374064900533356,0.5007408593340428,0.35417941980668594,0.5770368138025861,0.4500657669620686,0.416786742385002,0.2709646989021909,0.3805615462613287,0.3958715927533912,0.12824400641659525,0.2496005324141655,0.13603401674467663,-0.03364945424408804,0.09284285934032127,0.1634850525350888,0.35857434805948224,0.40915369378023475,0.2744492505271184,0.33750066708732407,0.1739135894320811,0.11814822837302895,0.276134911740423,0.1860545787304308,0.15531676445382028,0.2785882234758232,0.2692365496503687,0.2100941339064693,0.3055620956273603,0.2024366737927289,0.17878882055821868,0.37511355204129726,0.28306634144197595,0.1712342528151085,0.34727153436363006,0.45384697487670655,0.6463845800683989,0.5155596156321319,0.5515446603191346,0.47847583888193024,0.5806390853526459,0.11568706855146305,0.43370250730656823,0.26767467485379015,0.2820791628914304,0.48844702402421597,0.3765762881063824,0.39772232753925046,0.30591055065311773,0.24647856373744698,0.32280904978511943,0.4903311578438482,0.4554056047892161,0.15123419003041919,0.18438921484606763,0.176884874854418,0.05818885006702266,0.23918141322057204,0.28099601631146226,0.2155492561583932,0.12296935595833768,0.293658118531215,0.330234908915112,0.25536259727702804,-0.018096117080888655,0.05167650816671846,0.19468276466100976,0.0956822969150743,0.1885424220449601,0.168289650885735,0.27545683709570584,0.07421937999310724,0.12538499782805096,0.1368188253612474,0.20351970968359656
0.37906256180367853,0.4161951600049135,0.2424116854863773,0.49263535594209995,0.3848247776734714,0.2844681212577096,0.2557189003889512,0.4872044803154303,0.4157839201284581,0.2143092585442114,0.2983010463068476,0.21320424801207977,0.7270404239222223,1.0,0.8166624287001372,0.4053348150520014,0.38449343743034825,0.42096977231132415,0.5783869115846483,0.4709934735315446,0.6958552687341665,0.3325877651475911,0.6587809096873637,0.2700495057275333,0.06115071778596071,0.06789222380230357,0.5257919503749816,0.6207710587696085,0.4632175897585615,0.5807489585589658,0.5078245419072105,0.49298224135062424,0.4605894464389846,0.4344072654442488,0.5125726340374637,0.36032133203996874,0.5116434206354439,0.24781744723731672,0.023165980743935784,0.09050569928017353,0.3880454812289475,0.2522877171173038,0.39742551381420127,0.42766278801019303,0.5519009634310577,0.43489855563822205,0.37139341200254905,0.5084806419106637,0.37785552615139273,0.42684327999773974,0.44891366791294274,0.37879901475090527,0.2720485200269713,0.4252673842956657,0.3319834625128316,0.270534517452574,0.414777010278282,0.39340729369735894,0.1422842325670462,0.24179796514821897,0.3703700215665408,0.5623895871512764,0.5005619229694647,0.7682868255747154,0.6128711752352072,0.8025609874775937,0.3097827963672779,0.527881110912293,0.25957074107908046,0.38064488534140745,0.5860921656057155,0.2707683904203121,0.5611187608181437,0.31923189211078984,0.10490379815978075,0.14202524572357786,0.4961717035683678,0.6031599534137605,0.3523931953953709,0.31300051169521803,0.056755789533164444,0.2388219708741826,0.4392762181014538,0.32120333135561563,0.34497989320324346,0.30273062493159775,0.47954945706939905,0.5337216566368126,0.4133100402135935,0.058447836910491005,0.21141488436629843,0.268371584905305,0.16176318243033255,0.35273223271772947,0.11678266138019583,0.4463834449331186,0.40011756437692586,0.4612541795980642,0.31507397606019794,0.4083092397088046
0.2818844196654204,0.35172781570805617,0.14907910556931586,0.3506854518457129,0.3014694369898729,0.19529028316299904,0.27203664114469045,0.3857224477238981,0.3314271632571552,0.21603426788343394,0.3132375238974224,0.26557452699584677,0.5930516184323291,0.8166624287001372,1.0,0.3186134629209321,0.28942329123619914,0.3242075787398485,0.5400050463214263,0.47974879845800805,0.7725075263146329,0.2668098157583292,0.5496783854289293,0.25669363269073203,0.12188705662237206,0.033101657829721645,0.45851815576253574,0.6129841876759934,0.5804052123849078,0.5131031646622655,0.45652945072814544,0.49774916888767506,0.36398417668249156,0.3339533321404242,0.43356124175558547,0.3604594583564852,0.5316324960995011,0.26575503297765807,0.07076776257341885,0.1892518890343401,0.43571004774775624,0.32034945958078664,0.41103880407723775,0.5632550107107231,0.5456476083742219,0.520507049150994,0.37218292947081927,0.4736241520142898,0.3420588355323671,0.4603310636668142,0.29442409174098805,0.34645076049949475,0.17690456448795913,0.3621263918580815,0.3480123936976729,0.20284634389057885,0.33266402212221957,0.31623392319548954,0.1843232909222757,0.3454947276557139,0.37064470458234056,0.5521282064363905,0.40787916458692386,0.6761691293961055,0.6640077350737249,0.8935548377172743,0.3839942991502092,0.5772440032773608,0.23093935312934588,0.29213021078792745,0.6372083404784136,0.28356234048764867,0.48965406015014806,0.25127374438469435,0.17289804708223852,0.20139915680162235,0.4761951850421756,0.5883804375464999,0.2866560560541706,0.36974060505605105,0.09325566867263749,0.304072528873109,0.41902658617669497,0.321118572025026,0.2598328671570151,0.3285006107775708,0.5347230724315568,0.5559442974236303,0.4260098132469416,0.16740281714901004,0.2200728930243071,0.30620877792741463,0.23720997397574628,0.3901220848283937,0.2713428703276419,0.5190991024928661,0.5126418983586508,0.4905095018778893,0.35455769755987304,0.50635538017699
0.5763555999234027,0.6119594677583307,0.41246244690769707,0.5843371035539273,0.5192978628476171,0.4637035682515324,0.6655632257517682,0.5457967220113703,0.4911295009282705,0.34395650276723516,0.2207729423102882,0.12119014657085724,0.29133979387786496,0.4053348150520014,0.3186134629209321,1.0,0.39714455232946894,0.6891435854452533,0.32096958433774997,0.57550486738304,0.32321087179680363,0.2416975096452979,0.6067794907533849,0.4243303228074802,0.07211449415945427,0.09416761628509272,0.32102596460827065,0.4160223387924621,0.33745043933586355,0.20390112667124996,0.39052233722284485,0.40530499232457173,0.5667764483551038,0.5757199049439804,0.3874333305080223,0.3849031075281982,0.3600435097897027,0.2518278192679933,0.10530562017146498,0.16104115850308745,0.20173505488951465,0.12980420594633793,0.332198500073772,0.1834812632755476,0.37402095125082796,0.13195458155574183,0.1030265359489435,0.41342776150607913,0.55218192491579,0.3156249117090306,0.5720093298048338,0.60353689838024,0.5798411625218083,0.5463743411531664,0.5092701593789338,0.46379206966589126,0.4897239081444315,0.43458934104329316,0.26924743132139795,0.07796602720460588,0.24668575321222166,0.16552176079804498,0.1889536617600432,0.23840602230740013,0.12919990331157843,0.24207735701571814,0.4966221837142794,0.06699283312771348,0.27402063732738136,0.5960490364312685,0.29340081643674676,0.14594771918919852,0.3875433557880545,0.3913636520598087,0.17061111477355131,0.21521806692220036,0.24386985989596577,0.390990083158321,0.4410608728955357,0.4579264100656414,0.16274890205274542,0.09790330529996955,0.3864617374407077,0.24870742020850795,0.310005682014384,0.08571290669289634,0.3105362126391858,0.4365827549293829,0.4981886617129547,-0.0264323542061033,0.3020053429770616,0.4320873711736656,0.12793793105613266,0.3260032208545624,-0.09602447347189914,0.31742526267544396,0.1445107913189257,0.39693124014332093,0.4989279514297643,0.2808955608085412
0.12405312840410737,0.2134672426641131,0.19017953281912672,0.09114139425959586,0.1964769142568933,0.1501425801613761,0.2947631290633466,0.4018643913495255,0.235785638859989,0.11598372620852679,0.16154971448662528,0.21636388750239366,0.45600833780674244,0.38449343743034825,0.28942329123619914,0.39714455232946894,1.0,0.6066052632405061,0.507508463183279,0.42207792207792205,0.44300248941293174,0.3620840121927867,0.4255970039146254,0.35703298393653726,0.263780454498366,0.32530474118581443,0.23604060913705585,0.4130541926045914,0.4063817497465068,0.2281579913922191,0.23795083330978908,0.18411453183026788,0.12714532424577898,0.5642020536871878,0.3952280496878031,0.12477358271411934,0.2591265394021014,0.019450696753089792,-0.09995479502368552,-0.06669931470511602,0.0833984724485087,0.3067863970692107,0.24751921996301982,0.19689129336904682,0.2791281718040239,0.08350677603759547,0.023916257781377435,0.13758322895378733,0.1057404041450452,0.12498705065782659,0.20141642259118692,0.20601312749889653,0.18659224585239728,0.09498852609802573,0.2689649002194325,0.18231104162938827,0.311121801952707,0.286904055577007,0.03575431095373082,0.18219802918860206,0.25597160876348696,0.3425912046430369,0.37188784143098863,0.25038848026520255,0.3166483021450389,0.28244006416595246,0.2843157567595566,0.29250444986485596,0.5326119372529815,0.4590818284949562,0.5018947249460928,0.4815978075586487,0.48383548678365873,0.1622984219068338,0.41429419021877323,0.4443225375060038,0.5472250736935291,0.3867709520356366,0.1330203516570449,0.08654398538372432,0.412272523222487,0.05604789216101761,0.3406022307400117,0.4724202555964702,0.2881974201771156,0.06039811002315259,0.16728195662205814,0.31249195571168015,0.3120257793934371,0.0937061488185491,-0.10481589959472483,0.14926745963729285,-0.19214155436055363,0.23412567611262317,0.03938797484845346,0.32958194814612507,0.07390074756974675,0.1171264535151878,-0.008530869662124194,0.05838505222116535
0.4234356409845895,0.5666916889912541,0.39855249898759687,0.33789621063007574,0.4597442072272623,0.39757635307928724,0.5519731658237822,0.6179535958361194,0.5011562197481071,0.30024109320701053,0.17623348370266426,0.21657264659440148,0.3426756951049917,0.42096977231132415,0.3242075787398485,0.6891435854452533,0.6066052632405061,1.0,0.48089402293450817,0.6991467560720642,0.48249876785047197,0.2559245202464927,0.5720046209531344,0.4189025864152768,0.16555851690006876,0.13030805307817636,0.33641606157922327,0.34598915708415345,0.5250385341030737,0.15099403859374852,0.28697468835249834,0.39205742287685724,0.31709812191302755,0.7879572687404449,0.39197109392903445,0.48339658890782894,0.3615487727162854,0.25081541615261704,0.07630851140640843,0.02742121306298246,0.2958822661505765,0.28492633786324867,0.28259545627203353,0.19524397943645158,0.35995561122464675,0.06081168046360214,0.0965032067280073,0.2626895705213327,0.4413716571076977,0.37081108400905355,0.42389553883389997,0.541816385319249,0.45967514404190335,0.382073087656844,0.5135410878703119,0.4880348078317622,0.610526406662133,0.5403627071502344,0.1902846971737472,0.2866733218437352,0.26424192196490964,0.27653459635307664,0.3789730936213895,0.3070061434818505,0.3555355690961202,0.19226241488750553,0.5546242493305582,0.17973686936703615,0.5622227663561964,0.8296034635188095,0.5577825380799529,0.3751589237448556,0.43985793388851485,0.4232394388304468,0.412394953366672,0.4367977924903233,0.4430621348677911,0.35657151646999363,0.2903995931552132,0.36286254234042487,0.28492633786324867,0.20470634031185156,0.4146206706032667,0.3939017231257985,0.2672132073872465,0.19298843858734308,0.28316051847596446,0.33385601587196945,0.6678768415534188,0.17445353776028177,0.16472348053203745,0.33872653814640763,0.07538557647332121,0.31066963010400284,0.11734772358412678,0.29234591852430863,0.06095610916849571,0.28266776958483036,0.4178038543520777,0.33052371848601
0.2417753005720266,0.3564038471348577,0.22820203022222443,0.22631142552302388,0.2658266591848186,0.1869007491004124,0.36499501057729034,0.42255917557395345,0.2755841923724391,0.23018210313882176,0.3400168969361714,0.2521002467831857,0.5511705228907605,0.5783869115846483,0.5400050463214263,0.32096958433774997,0.507508463183279,0.48089402293450817,1.0,0.33204559268968736,0.483333993880882,0.30119946271983344,0.4450918246062269,0.3033984973263755,0.1274835768922528,0.15794436568016093,0.24482585286168723,0.36277164689408775,0.5498496894707711,0.25541920372503674,0.34189729911935296,0.3049194570221209,0.13297572192639273,0.46237724116907125,0.3550193043375485,0.2779871691589142,0.3992519201331657,0.1640046601954065,0.1458033716176319,0.21826556442870926,0.21080909483671906,0.4324281477999588,0.3008565012198124,0.20102339123917454,0.29273843770444075,0.13835239568811344,0.12609368028690446,0.13730310615601252,0.16466468450093893,0.21842017178684228,0.19899222686002227,0.3437236843654229,0.31777946075757635,0.3424670703985641,0.32775818153496233,0.23075658327158008,0.41242823900580367,0.3342642475193428,0.2034169795765406,0.34298975314230323,0.3196558141980813,0.471556736432347,0.3718667975205033,0.4501993610870892,0.391086768082322,0.4679901945973329,0.28496333568909005,0.429917544050377,0.47767866077069554,0.44945789302265354,0.47833455632772065,0.4542458359019825,0.3756403062325625,0.2652089102496642,0.3416492994992005,0.3386929242804838,0.5976916415103166,0.5649721726376018,0.24601405357343054,0.2534187257764015,0.2977761261910195,0.20525814131349554,0.41336435421412215,0.3436654736263263,0.14761863466007727,0.13991108111395822,0.36107645961709595,0.43107121316944086,0.3705514577629856,0.28224789681020507,0.13311379611685417,0.36487179557613864,0.17671307111037304,0.2883560646698472,0.23536969012998638,0.4090690949701518,0.2526520665989115,0.16184335992528617,0.21252233271897508,0.23629184061631292
0.33991002954019633,0.6108897731941918,0.4841201824523072,0.4374664494316416,0.5784002533363654,0.5099445100850302,0.5805197944429271,0.6516705436212326,0.7090929139210345,0.22901814163598064,0.16211163745608995,0.1898687486069647,0.27968381630455597,0.4709934735315446,0.47974879845800805,0.57550486738304,0.42207792207792205,0.6991467560720642,0.33204559268968736,1.0,0.5566647517336423,-0.0031957406866761472,0.6472709065167368,0.40911602296663935,0.1238349516087007,0.1833564067066605,0.6168941042037489,0.5898966877937146,0.6833658244100593,0.2609661307993433,0.21784874540494556,0.347536799676031,0.16298283897566423,0.513208329016886,0.3419505319432803,0.6895014581744096,0.5919246332589335,0.17467956264185416,0.0677572367202534,0.0814552863138795,0.354135470524158,0.19951247688738624,0.12603241573509885,0.36406187276602037,0.4780033840947547,0.20391211399188194,0.1391277323111986,0.3838185020200974,0.568229691507429,0.491604117419926,0.4898445765015743,0.5932190154494017,0.416312096534669,0.4070441282188925,0.6157278785995247,0.5689187534727781,0.5352200663085472,0.5935068074299401,0.229620874653507,0.2406584230369582,0.3229613026567341,0.27447525692700697,0.3840602230740012,0.32720240842068254,0.29563269701050704,0.35655425068042906,0.6727222499521267,0.23228451509814815,0.377026768252294,0.6145399195021959,0.6211189727165579,0.25777980781606596,0.4802614669413344,0.4297062618309899,0.33710983239627185,0.3182822736847392,0.5177413835861987,0.4940872518827559,0.2624870898982574,0.39936399109713105,0.3112550973319646,0.3613651275000078,0.44251433845342475,0.4202854191976745,0.5355047418136614,0.29058806125121966,0.5156019952974268,0.5108664601050388,0.7909677945936104,0.3272196742102471,0.27981880338660614,0.33292209361825026,0.2742906114914817,0.3193056641207475,0.09012899114421957,0.35295825759930183,0.30415191389392743,0.486049432759767,0.6005386926344142,0.5096578548355198
