0,1,2,3,4,5,6,7,8,9,10,11,12,13,14,15,16,17,18,19,20,21,22,23,24,25,26,27,28,29,30,31,32,33,34,35,36,37,38,39,40,41,42,43,44,45,46,47,48,49,50,51,52,53,54,55,56,57,58,59,60,61,62,63,64,65,66,67,68,69,70,71,72,73,74,75,76,77,78,79,80,81,82,83,84,85,86,87,88,89,90,91,92,93,94,95,96,97,98,99
1.0,0.18459012585190976,0.2764221516940879,-0.11295593456579678,-0.04196057749357242,-0.014297643376686162,-0.11612970061120895,-0.2587545401178469,-0.3193810057479383,-0.1694919776863214,-0.3468336111555836,-0.12782020976364702,-0.09042721841851646,-0.11064628622531696,-0.17202933144875873,0.21458708079447747,-0.2887153938640523,-0.13376047867066954,-0.2566333031312896,-0.09098914138798113,-0.04066250404176438,-0.3337430034311833,-0.13879659753939927,-0.332763562277703,-0.018808723304734907,0.036824789906733345,-0.32081406628179654,-0.39458607623944825,-0.24722570154042237,-0.14654888258949172,0.27306787966686447,0.14815544396445798,0.26616313345827486,-0.24168818678140339,-0.07722359825332994,-0.17113222769495431,-0.20538528035926992,0.19037416535603627,0.09009759879955674,-0.09809950745411224,-0.36889458136738773,0.25843522442201794,0.06560374761958147,0.07050249726101793,0.10955928287327853,-0.381118760379094,-0.10903114945862757,-0.14880128331904982,-0.0005823279934955062,-0.2037174814549724,0.5498918533726366,-0.08532125355910708,0.02129970585373051,-0.04452847128699195,-0.045299153348464447,-0.21647776969862256,-0.26254987458758305,-0.3004812446436812,-0.26098810544060724,-0.20675469080110123,-0.177561379881902,-0.14588493449987286,-0.13539047367908863,-0.00186156603850585,-0.08846362725985642,-0.20126573933680533,-0.38993231415433366,-0.3161193411374702,-0.1716243700436996,-0.10377210413468571,-0.1293082069006652,-0.3056838609146163,-0.10681559194974713,-0.30931752623520514,-0.3878743929505351,-0.08721581578337748,-0.22205845882423111,-0.26418159536745023,0.22553045214394019,0.24570719328393806,-0.22222640786817727,-0.21392941117379116,-0.1399172497794688,-0.2973374180022054,-0.3768070218396542,-0.22148240929966817,-0.09340403415332196,-0.2737914732113427,-0.2681534081098983,-0.4259611551127142,0.07719691476036654,0.21099265733058337,-0.16143513242860597,0.11027978045755993,-0.33747555321159384,-0.05081007945402434,-0.3682227851916032,-0.2515484274004941,-0.03843994112363744,-0.22735434736885063
0.18459012585190976,1.0,0.8238088959626305,0.6131678328922708,0.574473628860866,0.3206005983380893,0.6812923600450794,0.4758718438921485,0.39457979777051566,0.22184813011499016,0.029039488430351375,0.2031508496338083,0.3732204464619258,0.39926526188488276,0.18276473272744875,0.7076823345858879,0.06965176472065522,0.32553952670530695,0.12965121914181357,0.33870142427067734,0.17509551120863667,0.2859481586820238,0.17131437051850898,-0.03200135614928944,-0.024608458981192845,0.16348819176955506,0.23381175266599488,-0.06081638931530157,-0.19677192519832112,0.2188752750754201,0.22611591937190198,0.17368527827952385,0.1427802316127189,-0.03599683094156551,0.2831746450310627,0.3969389324719274,-0.04017358403793134,0.18623351509500893,0.32112171125949224,0.33249986658253516,-0.22911702752166857,0.1110347666429609,0.0622455502315038,0.04453945860762395,0.13054192604591444,0.04337637223786608,0.16676875722761253,0.22240691384998854,0.3855372328903873,0.1708528358274551,0.21250105949163237,0.7613977755384572,0.6874013103164662,0.6355898150676976,0.4443884614297957,0.3324081744128217,0.5430781449635692,0.43654194488132125,0.12076321068344273,0.0037749294457053704,0.18469058135483082,0.3620840121927867,0.41285328159874934,0.44773802460531975,0.2842906428838263,0.23353079118126255,0.3354673596006522,0.17836031505357103,0.22920109198315522,0.40591086457656433,0.287214839789169,0.35292700374474295,0.19095806296676493,0.25723917562102927,0.20237074986893697,0.11197104368992904,-0.09282245431629042,0.20341854919438968,0.19676721634662173,0.2809325570526874,-0.09261055598981632,-0.21545350950717157,0.18233458588788537,0.3812342768437319,0.2130049066234708,0.4185933718203479,-0.08504032544457137,0.16117143673343817,0.1806488169794914,-0.16254328219520386,0.1355066253543411,-0.001987135417157172,0.3534903578413368,0.22082325671376304,0.11857830349490973,0.11717820492294749,0.1526264405162157,0.018403762058584395,0.26731298297633777,0.020822542214855487
0.2764221516940879,0.8238088959626305,1.0,0.44059940542899206,0.5148988067769794,0.4260741675535004,0.6304210655189626,0.3681741270573758,0.33071521178845326,0.2232592160075844,0.0667369855187114,0.2635151891859651,0.32356403567426045,0.27858126951478585,0.11066512163950575,0.6742510571372066,0.04452062320082625,0.3268328918129377,0.07388819062695422,0.24486185798731122,0.05184288759343147,0.2751115213044147,0.12370315230277625,-0.042371817208655495,0.06634144197595974,0.3171364531045459,0.23648324119680175,-0.07517367814684711,-0.21691953200292577,0.1146008934261291,0.12958132029923183,0.19120849194650172,0.06932685395339493,-0.030898712167797663,0.3150975203186951,0.38255496014741847,-0.0871977651781132,0.18049342487341036,0.3478397358020273,0.3650976772804184,-0.17229531406471219,0.22909985163189045,0.0916358596463486,0.0681386537079068,0.1350687021462946,0.007191986162254473,0.14252993359340382,0.15496830942806286,0.4147650753887157,0.016215715635585107,0.2694075322791784,0.689284850996236,0.5621034754464777,0.43887753532423585,0.517433738608503,0.41487746582062224,0.5054999387849279,0.3568226552272963,0.1306078499697064,-0.08321325761499801,0.17526189063534967,0.24223588835626544,0.37418262182584155,0.37462839312005375,0.21170526355442962,0.10773224841390179,0.3489872629435861,0.14531830267870877,0.28157139151725746,0.41724193138261306,0.207206740564246,0.35598697374149796,0.1764312554740401,0.17893800441142474,0.21771218870566222,0.2153099740189171,-0.06556605106278783,0.13316480869694883,0.12441414036772992,0.28994216350632884,-0.05406860483002615,-0.14878244791225212,0.0902357251160732,0.3744959074176896,0.15113373452749812,0.3745734565168938,-0.1355592607256997,0.13949188350928743,0.08997202942090542,-0.1340704255860166,0.11969430134767335,-0.002461159821565913,0.2669699167161096,0.2695904984753332,0.10003484550257574,0.01765819387284217,0.06825794461762555,-0.05122759763803999,0.3445428900039545,-0.12005060445959648
-0.11295593456579678,0.6131678328922708,0.44059940542899206,1.0,0.6836514947464911,0.4937026956606362,0.6848962012123724,0.6935918806839764,0.5968061428540036,0.47768946064812634,0.20644861544063864,0.45249710405620486,0.4855124329381037,0.39850242761023646,0.2934816517559737,0.6211697415468264,0.4073454947276557,0.3045333310312506,0.23178860700734127,0.316871187792145,0.28123773736536606,0.3801958254460067,0.3008541467930388,0.35138236189722777,-0.010527422782680216,0.2340095244373707,0.37620114958766154,0.3111028444603499,0.10945882737035746,0.4001362427758367,0.29197078000558785,0.22898134548428592,0.21417113222769496,0.15304637318214906,0.40340418585523735,0.49608694423777816,0.24418780320604172,0.3025766836499251,0.4510185246225855,0.5819999434937796,0.23858024982027884,0.05975770594073347,0.16250096629600083,0.31261752509033147,0.3742642419219649,0.35806579207594436,0.27628334898375256,0.37736737519188573,0.4580315744202619,0.49501960451924193,0.08012739013464176,0.6790305416121225,0.7257125277429846,0.7803917136767028,0.5526292658272354,0.42375365475709303,0.6717176949229161,0.6127785678184517,0.27738432705800364,0.17150422697920886,0.3193417653171098,0.4282732012971317,0.3734244967022342,0.3359420371748145,0.283876263934277,0.3323240694524233,0.6285048095053402,0.2656828305849336,0.3007089571420002,0.28782385127562793,0.24650995608210982,0.4803250364642216,0.210567291060402,0.5121804307110253,0.44802997341068407,0.14545099241051648,0.16981217960188227,0.4754199806858889,0.2543925738269466,0.26378840609625903,0.06225258908362607,0.06031568141792942,0.4278070249788887,0.5247726899051609,0.5180364716260293,0.4583109662877611,0.1399596843655575,0.39905320688496904,0.4085195684180456,0.19073674693689197,0.37351867373622266,-0.16872600447654834,0.48574002743690925,0.3046094574969303,0.21958003321310066,0.44976910930500485,0.4372733865119652,0.2585520594947716,0.3293866600533688,0.4335329886453889
-0.04196057749357242,0.574473628860866,0.5148988067769794,0.6836514947464911,1.0,0.4676031003079589,0.6399690471481625,0.5962944476359995,0.5839164461354454,0.39850854970506894,0.20700112070670446,0.3683860253838499,0.4949929210262785,0.268558474739572,0.3191362706900403,0.6227063968180719,0.39011266712499487,0.261779295249454,0.285906676016379,0.36176224065999263,0.2575773271929907,0.4552957315828962,0.2516442727980319,0.39963082602676514,0.13310981983933398,0.36079378682714436,0.5043337131807037,0.26491057890622793,0.1023202081940298,0.4293735029775639,0.19162985914254949,0.3273359543335635,0.18056562726613487,0.20208358921375866,0.42439781634850526,0.5089562359323055,0.36831946118161313,0.382073087656844,0.2636517458852484,0.44620293895130736,0.2947976606424757,0.21031701964103672,0.18502262800333083,0.06811353983217652,0.3932613192946768,0.35738457819676095,0.26156111836843376,0.31148740068246955,0.41918040866554285,0.4326838257222594,0.008312692866717522,0.5295009558968949,0.5857183667190918,0.621753639157555,0.6368769011988736,0.45878517072148267,0.5234328156735698,0.6103817623034447,0.2301121648474803,0.15488668933193953,0.39275276331113895,0.4482010616890965,0.353447978176042,0.2992867659292605,0.23187641461753136,0.32497669118408784,0.5795656945892972,0.30313546738492353,0.23877890009815872,0.2230865581119388,0.211254783408518,0.5786404048672725,0.2954192290667998,0.505336112080171,0.5542852120081997,0.1911464920414636,0.24961936782096317,0.5168155122193185,0.20279454652188517,0.40042913351996556,0.15755032977658068,0.08625517581282628,0.44266973055950576,0.614637235808838,0.5439335863556313,0.5071778596071562,0.22392011272997114,0.5416089832333487,0.4160584399888243,0.31807508420996455,0.28215596344675387,-0.23455889046897024,0.4451512954051025,0.2548392299298067,0.27504245814615647,0.2223708126536263,0.4319822068190451,0.20136776445695953,0.4804207831530147,0.29721330156428055
-0.014297643376686162,0.3206005983380893,0.4260741675535004,0.4937026956606362,0.4676031003079589,1.0,0.5497757016973841,0.45123199256629276,0.6656307192927933,0.6067543768776547,0.5313232815045723,0.6948114732741274,0.582714119334859,0.19317443830245745,0.12011265147303674,0.4399024953774773,0.5678498441370088,0.20525657169564648,0.20498345818990893,0.1593883515565894,0.03897202628167095,0.42453437304778857,0.25129581763553915,0.4854637748038763,0.2275113090921648,0.560354921848758,0.35444154588462057,0.49349079733416207,0.15088416538742863,0.3483451525510989,0.21197837695299623,0.1468401042069403,0.18915300314865216,0.18300174502265779,0.5032177153279401,0.42178283403809147,0.3086308184262386,0.26218258415502793,0.5167446766431538,0.7353311421476759,0.36568628374284645,0.3206462430608423,0.42002659717448476,0.47689680394538986,0.3837667046514037,0.3667614715475484,0.20393102942210986,0.3044727812675601,0.6799142361143812,0.22625404568841842,0.09569328423570628,0.5194993548873171,0.4178415251656731,0.4242785254387865,0.7464095005791888,0.6353428496647981,0.5293643991976117,0.5184508505755786,0.3899870977463436,0.20582861663354773,0.4935975313060157,0.47892161017614243,0.48114732741273714,0.37306662397307794,0.28723838404766616,0.16205670085293,0.60389006239628,0.2812157627241021,0.23488075417000218,0.1990384524829775,0.20887681330030858,0.4757166384593625,0.1328414152924668,0.5078051209567526,0.4571478799180032,0.35238391596896596,0.2666324490109842,0.34894566807058586,0.0450103437775664,0.21785432455225384,0.15524613167832893,0.08225422148554853,0.2822391531601104,0.5172071318726605,0.3343975338174033,0.4168715017155916,0.3311108852605683,0.5111081811589426,0.2342245619983111,0.3561053401517506,0.3202992318293261,-0.11578909367161724,0.42035762159039897,0.38126409958286417,0.28495145173897896,0.3956612640441502,0.3119268935077492,0.0772330159567288,0.4951257479719937,0.2805172830553541
-0.11612970061120895,0.6812923600450794,0.6304210655189626,0.6848962012123724,0.6399690471481625,0.5497757016973841,1.0,0.7106394934531265,0.6722874659785465,0.5663618469999906,0.3124558545153179,0.5008083528750679,0.523944510891574,0.3635117217099226,0.24638055934118755,0.6706111147735513,0.4079121265488198,0.39805037766970536,0.30594991114003306,0.2367155445473067,0.1930017046043152,0.4333085333810497,0.24233565414414332,0.38305723766202376,0.15399985559521456,0.32047973781113737,0.4448044099965782,0.28500010987320634,0.09653616868990328,0.30188605206734287,0.15650653431654157,0.26169453588560443,0.1484308536520284,0.2142277225119858,0.46789975796502264,0.4738784300060587,0.1589057566127141,0.26213392602080055,0.4608333411814195,0.7056041613692086,0.28292350627376006,0.19379757658853683,0.17809355000862698,0.2113458212080402,0.33286558739785715,0.38982542717133,0.23479677961507714,0.3001374984696232,0.5945647294450775,0.3676969634185008,0.03988083465965989,0.7052054785919906,0.6519828974506277,0.5287946281419813,0.6847517964269233,0.5362230521141007,0.7202659559439835,0.6370432806255867,0.2405218663376749,0.12957190259583298,0.3603731294086624,0.37036531271484135,0.459053395239037,0.4391271044643053,0.399396953059027,0.3351383931514461,0.6957974659305171,0.34770474871997714,0.35238940963143767,0.4274271776084684,0.2796241708496966,0.4953564817958065,0.24718332187512754,0.5138685547076962,0.4866268611736342,0.1982772659297725,0.13040223011216484,0.35177725867030174,0.1819233461728023,0.30408598994426667,0.0020028315894885873,0.06174403310008821,0.34351700994195555,0.5878721122465569,0.40556711840250637,0.4805304678401125,0.04966741759800978,0.3494674288727951,0.351296032949405,0.2005358673233945,0.26747690308241434,-0.11741992597685129,0.46887135103233724,0.30337730748541314,0.29807188219080893,0.2450957309550493,0.4033806415967402,0.16068642500839744,0.5641803004327478,0.28237727947662683
-0.2587545401178469,0.4758718438921485,0.3681741270573758,0.6935918806839764,0.5962944476359995,0.45123199256629276,0.7106394934531265,1.0,0.8074848767379587,0.43891520613783125,0.24931172284326744,0.39077504559738063,0.5336541630957875,0.442129170916114,0.38993231415433366,0.43428954415176313,0.56399329459518,0.5447178239132483,0.49865503370561964,0.37399583737509773,0.2629501269820342,0.3778712223237241,0.31473506224125797,0.4207625828365495,-0.043162904294158824,0.10616890964969282,0.40719952032497353,0.434487315923139,0.29234591852430863,0.31468471098637885,0.17202847913507813,0.2137034701503976,0.03068758652514998,0.44470020495288487,0.3426144800328992,0.6563762560861908,0.27902154732144896,0.19685197567721135,0.20779534702667407,0.5328913291204807,0.49805053539643823,-0.008856568713357462,0.1117881832105128,0.13205346744142973,0.21421665112745605,0.44678526694480286,0.286780953158309,0.38661712954678873,0.5231502845716044,0.4908051822482569,-0.251203111609203,0.5703471051549369,0.5039538658102835,0.5780366599800972,0.5513657239545564,0.41844913123617294,0.8179087047832515,0.8503825157197166,0.24982812691297102,0.21217614872437207,0.32210900049913826,0.4379875623530446,0.5655095448423947,0.3732926488546503,0.31946890431299424,0.421355898150677,0.6874659343876723,0.5081416045883052,0.37943627959762627,0.44901412341586383,0.28775635773460284,0.49010532528175466,0.2604983848638671,0.4749820573059994,0.43286119246960436,0.06075755251058881,0.17707793777409442,0.4003129817991346,0.143524230181228,0.30845816046284125,0.17791925261105826,0.2070780319511284,0.2631416202844774,0.5160864247284271,0.36609752345792956,0.5286753372322626,0.1464508389803718,0.44309038797798767,0.532850519072419,0.4032409456629906,0.2319376296896239,-0.3444258183199445,0.36965113687376194,0.18837925577355943,0.1721100992312015,0.2889178744871276,0.40420939949583895,0.31498921672960833,0.5322173873632831,0.40281871862727553
-0.3193810057479383,0.39457979777051566,0.33071521178845326,0.5968061428540036,0.5839164461354454,0.6656307192927933,0.6722874659785465,0.8074848767379587,1.0,0.5278889589984587,0.36491089282967454,0.4325488386402092,0.6302436987716176,0.42469699508438197,0.4342795120529327,0.4385902953705709,0.6951803333239156,0.5504555619605107,0.53037308639063,0.4238484503169057,0.30361733987549794,0.47809442189427687,0.43413981606436575,0.564280534548845,0.07384892120207566,0.25442239655437626,0.46617945747749956,0.5510361043355967,0.4130039648531309,0.46897965462142405,0.1813833978446016,0.19390823464689602,0.08183513368429975,0.5518164206356514,0.44278274300029197,0.7164596341536154,0.3913292740400028,0.11200160728804674,0.2973341620912324,0.5913297483275728,0.5831614602463043,0.06020897107234008,0.22490897197488302,0.20624142596586398,0.18882809238139187,0.5398007841807697,0.4127176716603068,0.5168419929116086,0.6324019224671872,0.5306012575773272,-0.25744704896264,0.5767637004040195,0.5303705238440554,0.561563527118277,0.6762664456645603,0.5993727022266667,0.8307717180088464,0.8785634235235396,0.29793846472599195,0.19973222330002605,0.4138531277762605,0.5233747398359436,0.6322198468681427,0.42692333047662995,0.3939629381978911,0.47382977187183134,0.7817285495044337,0.5496815246633956,0.4396562379949098,0.5052644961999567,0.3826930864639349,0.586590519272794,0.3619898351587982,0.5495632342133164,0.5275766051690635,0.1176554147303232,0.3967835403658464,0.501356346023863,0.024779547259605274,0.2339358442248642,0.2657644506810569,0.26590885546650594,0.23367048711501212,0.5572904628842706,0.41393160863791756,0.5943810842288,0.3202342183754623,0.5313939142800637,0.6078421216202217,0.47370577211041315,0.25278999463190904,-0.34532363937730143,0.3963989841437267,0.22291869654226676,0.21606409061086362,0.323115125145582,0.4668434055671184,0.3247585143886812,0.567609915432958,0.4371650829228784
-0.1694919776863214,0.22184813011499016,0.2232592160075844,0.47768946064812634,0.39850854970506894,0.6067543768776547,0.5663618469999906,0.43891520613783125,0.5278889589984587,1.0,0.7090353446408559,0.8035372893966077,0.5128316208809319,0.1082808721267738,0.053830828942658546,0.41474310074745174,0.44528471286991955,-0.0007785304531369608,0.0651626850039938,-0.09506700695968281,-0.10649539003418626,0.5363664616746561,0.09369755269109739,0.5946494887756671,0.526440202292269,0.5912151662695535,0.38501925920345065,0.4959488179212617,0.18969922994578542,0.2661286018791458,0.145032632342277,0.2888088994193029,0.12363561022009173,0.09473820932502845,0.519618645797036,0.15674825537044537,0.27454264278913787,0.3514027669212586,0.5439822444898587,0.6370542679462187,0.4253976625260164,0.46651318420136134,0.4111221551167307,0.43282980012494154,0.4314328407874456,0.42825593550756713,0.18479660303306528,0.2341193976436906,0.584355938960725,0.279462500274683,0.08670722557597105,0.4795996848208596,0.33956942260060463,0.22851586412137537,0.4725238503338576,0.509942940467181,0.39411362145227263,0.35493126646136075,0.6616172080276503,0.4107986526405671,0.6542588424386829,0.3947634429867932,0.27656027801060434,0.28519003355841643,0.14643743976593868,0.1900005964545486,0.5572598553362138,0.17368128608157615,0.12176388945025464,0.030398776954251937,-0.05221331726045286,0.4664339184999835,0.05391635195841142,0.579396175861598,0.4821189204800517,0.6559841091889466,0.1583947838480108,0.3173853619794067,0.14675921129873268,0.28525842384471456,0.06263086683681318,0.07258537932939674,0.48192899679484164,0.6069625893358276,0.42031210269063785,0.3569654903955122,0.2281824099991111,0.46853859217891125,0.08850600692515123,0.3099193530665612,0.42294592040784934,0.17542670044482953,0.6137501608857664,0.5453943292061959,0.5991150498039548,0.4095900473710481,0.427045760620815,0.07268583483231779,0.5441402045447918,0.24666534818819083
-0.3468336111555836,0.029039488430351375,0.0667369855187114,0.20644861544063864,0.20700112070670446,0.5313232815045723,0.3124558545153179,0.24931172284326744,0.36491089282967454,0.7090353446408559,1.0,0.734312460563367,0.3227148727511309,-0.07168994082933665,-0.15858555457150456,0.13902884642551067,0.3305817943236362,-0.14076332870427952,-0.0879464728921179,-0.21417584107939439,-0.3811736969822539,0.4980662315687696,-0.0795898274636881,0.41621069286043905,0.4289355797695174,0.5725006199988071,0.2151395860605433,0.44017403915881076,0.01574796970010893,0.07091687621056729,-0.12734461574200515,0.007687203415802955,-0.02625655707599145,-0.014750483736601995,0.3019849379530308,0.009304690958062967,0.1680056160926769,0.10822510822510822,0.30608006931429704,0.43601612310821886,0.35354058559279733,0.2525609296218867,0.35697347855963624,0.21424333462041947,0.15454451277511466,0.2517038195065751,-0.06173463962163267,0.02998125877023629,0.36429089402258363,0.0270900238267896,-0.057347535230058796,0.30359850446870024,0.049442942843958074,0.0056930017046043155,0.33603150535710363,0.5691614826767601,0.22405815117925343,0.17334538799368385,0.6805813234384663,0.516702296977859,0.687931840941268,0.3218186213110071,0.151631303190404,0.1295044090548079,-0.05507315985923673,-0.04406072535151578,0.41117944616822166,0.07877751931414005,-0.12227009120657857,-0.14747181752257896,-0.1529199589388132,0.38018734173840457,-0.139320795230875,0.45549446690091483,0.4157241115181652,0.7069519551749078,0.06759085729354039,0.1536922709270399,-0.1305670399216447,-0.01212765231081195,0.07881989897943488,0.00200597082395487,0.30731692769401253,0.4958595443164323,0.2847693761399345,0.19358089336334441,0.15610320394320598,0.4162624902291327,-0.04733808613431528,0.3357631008102364,0.19913890798589856,0.09200939258952312,0.4524201928117809,0.3232431757921227,0.6358660677007305,0.22369713921563086,0.23506901606974123,-0.0778530147638197,0.441172488837108,0.08051351597399459
-0.12782020976364702,0.2031508496338083,0.2635151891859651,0.45249710405620486,0.3683860253838499,0.6948114732741274,0.5008083528750679,0.39077504559738063,0.4325488386402092,0.8035372893966077,0.734312460563367,1.0,0.4625253885587461,0.050849339838356815,-0.015463090240078164,0.31175423561210364,0.5156365268765559,-0.10291827274543827,0.07033143658096963,-0.1311226844221768,-0.18598080672047315,0.4805524424813765,0.04736400340450476,0.5458783421074936,0.3986921949213465,0.7193210463696323,0.389637073103353,0.54552674784727,0.08677785835146241,0.17572335810189327,0.03648261334990849,0.1351433119956971,0.04811818589918662,-0.009681402893041884,0.46952431180132415,0.16252915564010562,0.26178008005837855,0.31715842774580993,0.41947235747090716,0.6413738545718242,0.32411340170586,0.36427220155779527,0.3921235006716304,0.39030416042743815,0.40706453324292335,0.3245246414209431,0.02028103222778764,0.11613283984567524,0.5267980750214253,0.19730873429205553,0.12399505256648113,0.45100282845025413,0.27632640504286626,0.2400148799713702,0.519187001057922,0.5696103933815932,0.31438177486038255,0.27154849018518346,0.584654166235022,0.4806560372187638,0.6916173022046843,0.41974861010394005,0.22596523611752037,0.1887574596059005,0.06598356924680347,0.08095457841650736,0.5035279123180465,0.15652850895780554,-0.00512009342365477,-0.14167365146335414,-0.1525165673098958,0.44639146818525394,-0.050880712229515714,0.5242288173204593,0.5515540780225334,0.7024895316300119,0.09314736508355073,0.27194414044000836,-0.0027672351820285106,0.19811324086454504,0.014842300556586271,0.018248369952503382,0.48456124489481994,0.6287575179790398,0.42548085223937293,0.27749733949878985,0.2659544787279708,0.5110626622591815,0.06589096183004813,0.3223821138977049,0.29378525752709944,0.01974735441015354,0.49911002702880874,0.38984206112801234,0.5477257815909012,0.3691786820865864,0.33305394146583417,0.014407516583006067,0.4914512725873292,0.2798360691761707
-0.09042721841851646,0.3732204464619258,0.32356403567426045,0.4855124329381037,0.4949929210262785,0.582714119334859,0.523944510891574,0.5336541630957875,0.6302436987716176,0.5128316208809319,0.3227148727511309,0.4625253885587461,1.0,0.5820197920963126,0.4950896467614652,0.3841418431701245,0.5968249782608013,0.34186355233559806,0.525636764531072,0.42596586396441366,0.25524487598454243,0.547090086611479,0.5256092962187133,0.5174823967427303,0.05552991847408091,0.3081503944448107,0.34870930374918774,0.3696385799358968,0.2984894003748246,0.5597882900275939,0.2898800498510433,0.3319867320203474,0.1801653748716838,0.3857932318863454,0.4758420211647188,0.46952431180132415,0.2818782518067499,0.3798363830996173,0.3796747125246038,0.46981312137222214,0.37820398117715015,0.21927168946996084,0.30531813995578383,0.32961334049078794,0.28641904385196626,0.4685181871548804,0.4449238754963768,0.5543762498077219,0.5344232755400268,0.4889436162097511,0.010954358670094711,0.5159065010406563,0.4836602846029967,0.5415383504578574,0.5684588556234677,0.4105845610034255,0.6055394931392031,0.6256274544889483,0.3878116082612094,0.2991235257370138,0.609298726412577,0.8196086002467439,0.7676417128918942,0.6931900586722922,0.46855114911677637,0.5252771159225111,0.5489008554810104,0.6231301934710202,0.32502783128651125,0.3078223444430841,0.22419470787853674,0.6200006199990981,0.3646236528760097,0.48438171379513384,0.5667683778633742,0.1796035223794289,0.40821663229204924,0.4665728296796259,0.14577035244185352,0.43542454827382665,0.056193866563699776,0.18596511054814174,0.24452752951665208,0.4832610066509004,0.3105126683806887,0.5570022194387677,0.30941719696862086,0.4527231289377772,0.33074503451588294,0.275758203604469,0.3534825097551711,-0.1798702868318532,0.40222540331314804,0.25760175734416363,0.2207007399175637,0.35688230068215565,0.36349352846814775,0.3381771721148081,0.5105519521926188,0.3359561637299128
-0.11064628622531696,0.39926526188488276,0.27858126951478585,0.39850242761023646,0.268558474739572,0.19317443830245745,0.3635117217099226,0.442129170916114,0.42469699508438197,0.1082808721267738,-0.07168994082933665,0.050849339838356815,0.5820197920963126,1.0,0.7136388072469284,0.3073398077453814,0.3770331946707055,0.6403949160057919,0.68337970247882,0.6406952465301148,0.5862844437922261,0.27478043989327144,0.7230447458983907,0.16562686024241668,-0.30586515177618345,-0.08490533830955166,0.2605573477539558,0.0497576706243311,0.4039733306231576,0.4867832291042055,0.20936112237095525,0.19480966414088896,0.12281474860020462,0.55081365097179,0.25344697889768475,0.4750856520840378,0.11864667495948422,0.17009791668548246,0.12915208066581044,0.2281447391707335,0.1747494791811909,-0.0533576100989252,0.006018702004010375,0.08710280329824469,0.06661222708760667,0.361254611242965,0.552969521933456,0.6771841526673625,0.30975074076154746,0.49639949285651114,0.07928924564559188,0.4417728676643759,0.5217072262459341,0.5847878131731412,0.27024345950054485,0.1764855457759605,0.563097264116892,0.5191675845661445,0.05214662899061024,-0.0023175407541466183,0.20132467898373502,0.48381743617839446,0.6350705209679851,0.776443646206627,0.7418869396415799,0.7071371700810977,0.3651905713018808,0.7124079468182628,0.5994828107157852,0.575924181179463,0.535650926408116,0.40866978759138123,0.5679724971560923,0.18167078037506032,0.3497673630145722,-0.1816048563995307,0.4530442934385221,0.44195904080615606,0.13908776165040107,0.2784401131694913,0.12166421871683893,0.30153143689491096,0.14472268972854965,0.21840770054818925,0.24602582570729853,0.5353550534435669,0.2160163868167745,0.12311062156475365,0.4049551265877487,0.13673647411249953,0.2791887116223746,-0.20001012403514187,0.21546693580382376,0.05574656940264245,0.005870370755508535,0.21457382324770494,0.3269302081195798,0.5168767273154321,0.21318557991516213,0.3311344295283043
-0.17202933144875873,0.18276473272744875,0.11066512163950575,0.2934816517559737,0.3191362706900403,0.12011265147303674,0.24638055934118755,0.38993231415433366,0.4342795120529327,0.053830828942658546,-0.15858555457150456,-0.015463090240078164,0.4950896467614652,0.7136388072469284,1.0,0.17709370343877165,0.4082340582744485,0.5204219134433897,0.7025227692778578,0.6898195763523475,0.7542366928780347,0.2529054607397568,0.8034013632136369,0.3706605462034957,-0.2943606377514509,-0.07066262594712265,0.3995218944032051,0.27868800352852235,0.6388886163858393,0.641553827493554,0.15389004277602228,0.2919733635746491,0.06361896584943695,0.6612512213593681,0.32469664192035824,0.5246965634394811,0.3064389673480119,0.23957234192086183,0.0456028921778522,0.23304037724197177,0.41842558696843696,-0.03859377881721401,0.06608643104077476,0.0867253102055442,0.1263212748750191,0.5432737754921072,0.6213350389853987,0.7324472578972943,0.15049338975064247,0.5666359675576123,-0.04107219025652188,0.1849386534484058,0.41530047783094565,0.5272864328904409,0.23222966962292896,0.052679534922048826,0.3847031322901687,0.5258415996603751,-0.021444903862870415,-0.009978845475439976,0.14697744576873362,0.35725679458139276,0.550579561770587,0.5156626279091792,0.6794734403002259,0.9164488494898073,0.38719897660876085,0.5914249422479188,0.6040260713627035,0.47136016411927856,0.5514671806642341,0.45149290336251513,0.8077449653527101,0.2914491110073419,0.47461398192039334,-0.2554522659404565,0.7155511065610184,0.7115559235438845,0.17558608549474333,0.3799504785374295,0.35844970414668326,0.44159628565635595,0.1801442557284323,0.301920035787301,0.4234562121746949,0.5530736845327536,0.3651725206895334,0.3645814162740613,0.5276529386581978,0.38065037900387916,0.3045246981330807,-0.28972791066993125,0.15995740057158864,0.07712084884966587,0.015674988649702133,0.21795399528566956,0.41606409691451646,0.7025319113119367,0.17904559349236185,0.41053040918763267
0.21458708079447747,0.7076823345858879,0.6742510571372066,0.6211697415468264,0.6227063968180719,0.4399024953774773,0.6706111147735513,0.43428954415176313,0.4385902953705709,0.41474310074745174,0.13902884642551067,0.31175423561210364,0.3841418431701245,0.3073398077453814,0.17709370343877165,1.0,0.21071169584585103,0.395397723504783,0.08833338369191279,0.21236136355788277,0.25295166520692264,0.48740068246957297,0.25108627365268876,0.15086219074616464,0.03575117171926454,0.3006931429701553,0.2964284929477098,0.0065766962068629945,-0.04827200838803449,0.31307428370517565,0.33233191753858904,0.26659174357469173,0.36968880768735735,0.11405471138456476,0.4630590584180142,0.44316415998794534,0.040742570508217925,0.33471773573296415,0.5050886990698449,0.4956458817952654,0.0331754298396793,0.3042500150094941,0.2374439401175277,0.16543765637311686,0.38535358767410977,0.20077287952559889,0.3140357974894989,0.307588471475346,0.5072155304207516,0.17611733202741178,0.28510684384505997,0.6825354968937275,0.7362556466979963,0.5281134142627979,0.5627501577465319,0.43065369482158916,0.4985857748729395,0.43695789344810376,0.22195015523514436,0.028008249908177393,0.21513016835714444,0.26650217078063343,0.3129518535609906,0.39821032243077203,0.32210900049913826,0.2372602017272068,0.4103271436761786,0.15980900897507133,0.367077108654077,0.42334931203676673,0.3278020022037426,0.45294383789618187,0.2620507363074441,0.32848726902585373,0.22795551076914383,0.23164891101877436,0.005366521320110878,0.3242854020439028,0.31356400428191583,0.3026521440391444,-0.10369833212472807,-0.13807922799946004,0.31749746506816845,0.4492316916831397,0.3170501241567231,0.4491648066702454,-0.04500957663090508,0.1645476834019256,0.17472351192438212,-0.08327918153878995,0.3110698824984539,-0.042282349026366434,0.3649658294328345,0.3897055043751435,0.22204119303466657,0.1472473622582397,0.27805298399932193,0.05663022015451312,0.3299383807273157,0.03557694420638583
-0.2887153938640523,0.06965176472065522,0.04452062320082625,0.4073454947276557,0.39011266712499487,0.5678498441370088,0.4079121265488198,0.56399329459518,0.6951803333239156,0.44528471286991955,0.3305817943236362,0.5156365268765559,0.5968249782608013,0.3770331946707055,0.4082340582744485,0.21071169584585103,1.0,0.3503873620649534,0.5964116181544029,0.34882074657274076,0.26116861142241854,0.46260386942040316,0.5003368792308943,0.7236892911294651,0.020048720918916713,0.28571899456598515,0.49838486386709735,0.6328178710339697,0.5018286040766099,0.4877946563950915,0.12842922125010595,0.10877530174922974,0.0440010798966564,0.5956032649621337,0.43806133436300226,0.5259944309980568,0.46092926870330747,0.14051998279699512,0.09228564522255603,0.48233866689269156,0.6451315182279649,0.043624388879103936,0.25204609496739294,0.21052805062957347,0.3321074622742498,0.541800476535792,0.38403055104184375,0.4880096939560319,0.4882592630961014,0.47279068526349166,-0.19661339385777385,0.2931574106338428,0.2752245337452009,0.361178343049264,0.5665203783405379,0.4870131781190938,0.5114660538880988,0.5906375471277574,0.21259523652562087,0.3219567476275236,0.4566769947480607,0.5215995027452606,0.4846758269528393,0.3066765238628908,0.36368659138782417,0.43540711162175993,0.5588891186635447,0.6242336343859186,0.2884886973780933,0.20180411804777287,0.24433132736250937,0.5509091815188909,0.33527338023349623,0.37782349725771047,0.5903094971260309,0.1336765041157445,0.4624060976490273,0.540032514633785,0.04986203064520686,0.15115419886509945,0.2614323071175863,0.3832455917300007,0.28468304719211174,0.4670813858627234,0.37054267946218633,0.446764861920772,0.45229166167989476,0.5161670575013577,0.5438990547765022,0.4969376767781409,0.17513632125669834,-0.33039344025565925,0.20451013815770885,0.10547125617694486,0.23356218352592537,0.22484766864752362,0.42292237614935224,0.3529990676473635,0.49701164381764706,0.5362801327268333
-0.13376047867066954,0.32553952670530695,0.3268328918129377,0.3045333310312506,0.261779295249454,0.20525657169564648,0.39805037766970536,0.5447178239132483,0.5504555619605107,-0.0007785304531369608,-0.14076332870427952,-0.10291827274543827,0.34186355233559806,0.6403949160057919,0.5204219134433897,0.395397723504783,0.3503873620649534,1.0,0.5912368201099518,0.685640468829208,0.5608754700515384,0.23467670384962355,0.5889012278340442,0.06856090764722267,-0.35619180887080115,-0.12284457133933689,0.21838564019416284,0.05997588282175371,0.36972348434760305,0.2996392625778614,0.10771031603863815,0.09602062478663,-0.038893560682017644,0.65526783577082,0.23598027147327325,0.7626600470650499,0.08628742068521694,-0.07706980600701192,0.03124559771244135,0.1876054341739697,0.27219292486908536,-0.1521266368177555,-0.04092701666542405,-0.11228261283296873,-0.08589262793661445,0.2318741511801154,0.4508815369704009,0.5358541919195701,0.31168921880514455,0.3437706380222138,-0.210854613754342,0.3575620852530362,0.45241958553459366,0.4051262149332969,0.3488467821460947,0.2802334022657443,0.6655328793737423,0.6439451402866068,-0.09405385594283547,-0.1840651611154003,-0.04593408154400522,0.2891283166515879,0.5274339769682531,0.47579119530719316,0.6242809678735023,0.48609652129523895,0.40835350947068544,0.6301293639791239,0.7499841076130419,0.8751176722881895,0.7053383880260675,0.37511369923755783,0.5310393891675587,0.11599558937211338,0.1473078503259621,-0.2637382818171473,0.3066499607007167,0.2971052311459392,-0.008788290336923072,0.11938831968419276,0.1904707715574405,0.30639882184486605,-0.05912436513863516,0.1720293989538493,0.10064154205536738,0.45773745080723083,0.06821875772546589,0.00593237066054666,0.587520517848366,0.18816892698178453,-0.010625528029255355,-0.3590414500757813,-0.013675295509991473,-0.0842900811885151,-0.1296119786955869,-0.06871786943212932,0.18963181081711447,0.3230116571593854,0.26912521238899856,0.1757815029169521
-0.2566333031312896,0.12965121914181357,0.07388819062695422,0.23178860700734127,0.285906676016379,0.20498345818990893,0.30594991114003306,0.49865503370561964,0.53037308639063,0.0651626850039938,-0.0879464728921179,0.07033143658096963,0.525636764531072,0.68337970247882,0.7025227692778578,0.08833338369191279,0.5964116181544029,0.5912368201099518,1.0,0.65032877607876,0.5599195727814569,0.2953157502126078,0.7036309199141418,0.34361367623730715,-0.2787335224461453,-0.04314330100836507,0.4157603758607221,0.27038080106233814,0.5760599531234073,0.49904900778573535,0.21567883421344775,0.2761406221182786,0.0203461713685239,0.6720501963985104,0.25563895022390604,0.556603755075304,0.32462613650186983,0.21747918588632695,-0.054508903853455255,0.21351747043528324,0.47342656601757455,-0.022163797534914202,0.08229548852412699,0.04213168230464174,0.12488507454312328,0.4810902251656415,0.48128583144652115,0.6049566177247206,0.27543418572740763,0.5889245410143559,-0.1748750486091162,0.15606867235052652,0.28218825133194053,0.4063677826519085,0.33355713467833836,0.10635656237859982,0.47266922540539996,0.6069437539216388,-0.05095214980747067,0.024909050455760078,0.15974707177981373,0.4431698275500451,0.5774655459072463,0.5210048222584769,0.6158442719347701,0.6941234684944877,0.4198752938129564,0.7584416990956838,0.4926961728777777,0.43717310255768665,0.4960604554011128,0.41254360596298056,0.5996050056683286,0.17520787634545734,0.479034810592289,-0.296202700528569,0.5491096146549362,0.4868273694371741,0.17087173828507224,0.2899830873610397,0.2821866817140915,0.44819574390275585,0.14891592381233068,0.26263954889165314,0.2863869790781933,0.4574525651676252,0.3269884122916822,0.28644662455645786,0.6112735447582885,0.43952046605096556,0.1891978114818476,-0.38327870409214093,0.08887568665876525,-0.04770227476956039,-0.007458039209839252,0.12911754907313097,0.39133555251139907,0.5594997000068317,0.3199235595807549,0.4471503784152776
-0.09098914138798113,0.33870142427067734,0.24486185798731122,0.316871187792145,0.36176224065999263,0.1593883515565894,0.2367155445473067,0.37399583737509773,0.4238484503169057,-0.09506700695968281,-0.21417584107939439,-0.1311226844221768,0.42596586396441366,0.6406952465301148,0.6898195763523475,0.21236136355788277,0.34882074657274076,0.685640468829208,0.65032877607876,1.0,0.6650829228784269,0.2062885144828582,0.67087507372304,0.1711463542500526,-0.35335537075928664,-0.07466355254607611,0.27587278566248835,0.14806199360224015,0.3777409440933734,0.5104410938348575,0.1452665053100151,0.2193415374642443,-0.0634407893291142,0.5718525924789847,0.2639342769872139,0.6880009040995263,0.25379778848695106,0.053636960090912233,-0.09379561700083817,0.10250699264477364,0.19971338789322834,-0.10356574010817818,-0.03209868501340897,-0.08716869304251465,-0.010695371826626358,0.2566371264703389,0.4804270616244109,0.6318148856219922,0.18638890720108994,0.5077978584142471,-0.13064709040053493,0.25937139969047146,0.4580959287268207,0.556295891683854,0.27209314736508355,0.1823079739333704,0.4699481084542723,0.5639728895711492,-0.10959381445240764,-0.09081962272680184,0.055349412492269635,0.46609783738137617,0.568273640789957,0.44040163365761625,0.5811021224364227,0.6521586945807395,0.3521390555845116,0.6281435509136742,0.5884567948953341,0.6506816847643534,0.6919186687134475,0.45414773478641585,0.6315088102615296,0.203414625149767,0.3187076399549206,-0.2947357764173778,0.5071998342484202,0.5401588688706348,0.107645919466079,0.29222124862317334,0.294168244131986,0.3656407648430854,0.05520971655852004,0.29190261619981284,0.28591519672012783,0.5116214459941799,0.23941616494487972,0.30564371572348364,0.692345604600862,0.2573732769526823,0.049770992845684654,-0.2787200713234071,0.059728644572734496,-0.051018858566055994,-0.0828349798618109,0.09761763496353779,0.26948444352360235,0.44869392150030296,0.23212607484489056,0.3564004281915812
