0,1,2,3,4,5,6,7,8,9,10,11,12,13,14,15,16,17,18,19,20,21,22,23,24,25,26,27,28,29,30,31,32,33,34,35,36,37,38,39,40,41,42,43,44,45,46,47,48,49,50,51,52,53,54,55,56,57,58,59,60,61,62,63,64,65,66,67,68,69,70,71,72,73,74,75,76,77,78,79,80,81,82,83,84,85,86,87,88,89,90,91,92,93,94,95,96,97,98,99
1.0,0.2416441426593711,0.2548100920109622,0.13967395910833183,0.22150124470646587,0.0984683675039005,0.07611544848673203,0.06683273216993305,0.09414250240936245,-0.05550009574665122,-0.011492737381062254,-0.10670257950896095,0.029186259094466163,-0.12012437646955414,0.0013388834998697217,0.19777734264484484,-0.19291859059305963,0.06785141375424189,-0.08371396551237015,0.07009753601486741,-0.041108275335976566,-0.04927342418277879,0.04506843730024507,-0.11997683244963883,0.21399690471481625,-0.16935077858932684,-0.06536359608867431,-0.10319448499288963,0.05669771369553821,-0.16360905229650696,0.45146743515126403,0.26370197363670894,0.3821594166046668,-0.0027829324463948214,0.12497140352482193,0.010750308429786313,0.020554145733525205,0.20123591660937565,0.0022806538397546375,-0.034036378248081506,0.10496030438017385,0.1828918000056506,0.10959542707536696,0.11919359345030121,0.19179152971756308,-0.007908519532521325,0.05857183667190919,0.07843377314008206,0.13864272058615787,0.10506546873479433,0.43401956998766283,0.2041412781079206,-0.01478109128465879,0.1087760438739409,0.16963880346463053,0.07931589802510759,0.12279272576589473,0.06293537258004263,-0.09931439119256379,0.015298280365926186,-0.13641857296679633,0.02320365155753118,-0.1782221887370546,-0.039612430112792696,-0.12462132984250461,0.06306094195869395,0.08794490327426883,-0.2554159642629548,-0.16689740039993847,0.1027471440814443,0.043122111167402666,-0.1237705973021419,-0.05266222778913134,-0.09215536699220528,-0.20024548813526333,-0.07406866761471548,0.05107534476642526,-0.0639964338296463,0.37216095482955525,0.34599543555308604,-0.048132331341622786,0.11121993790594226,0.24450084602368866,0.1717475176503458,0.029504095131361267,0.05689158374833813,0.029796840437753012,-0.019898037664535125,0.014033947681518385,0.05588936082047032,0.1548600058389761,0.031375875993913865,-0.05949163237053012,0.3359624421988454,0.2095391917726943,0.11705032704950807,0.1320299231829326,0.15821904880374754,0.16743263987643972,0.06700695968281176
0.2416441426593711,1.0,0.3891552006127786,0.8319960194506968,0.675376472693369,0.20267996446386585,0.2999789671290759,0.7391955397756703,0.22584751482503476,-0.1691356745743983,0.10072861631962429,-0.10259018235813015,0.12851481581908947,0.007505909608882778,-0.21514900376394214,0.20664882272776844,0.10828793540709461,0.5234908915111961,-0.016375816593365542,0.20087490464575308,-0.11253998599901428,0.11082596398042373,0.27796284008225364,-0.11786412765383034,-0.056592549340917724,-0.04344388282646129,0.03138529370100827,0.0776944834232724,-0.13264835237279038,-0.1227613334212319,0.08996104210027343,0.01556275486659823,0.011202358192931071,0.13777477631965698,0.05239384380183821,0.17427774063016993,7.534165675518975e-05,0.113546110645458,-0.005642773953143786,0.03493890851129471,-0.022356058251634756,0.039132127239451385,0.038360675422259585,0.08409538250002355,0.09318974474884555,0.0541369044232265,0.001619844984602055,0.006088545247355979,0.09473267848902367,0.025738583389054746,0.34975780806092627,0.8447114886563762,0.23470260254413314,0.7610210674025032,0.40382578654534534,0.1872302220380538,0.7516190601759855,0.59770867276306,-0.12464644371823487,-0.07357583667499,-0.2598893733774082,0.09270473302380482,0.02471519295304647,0.05121504070017485,-0.07259793626726187,-0.0615242866874484,0.03903404147950909,-0.015771513958606053,0.1299580284351858,0.4710452709002383,0.01608936776185568,0.08177077937774094,0.2321087179680363,-0.08743552797214871,-0.08234055043337132,-0.1835635961814352,0.032015482704387706,-0.03746519373785508,0.277820680648817,0.09087769856442808,0.1015370090382598,-0.00852616081042477,0.022809677632012658,0.1761251801135775,0.0658485821647533,-0.03394534041283565,0.0802914466422208,0.025299090563775117,0.1636891027753972,-0.030510219777804985,0.11313173169590864,0.035795919856884996,-0.014547212516755665,0.12243171380227218,-0.008031731381985189,-0.1004767321812154,0.02930946259445172,0.0627533216056768,0.2226815968657883,0.02814951545916013
0.2548100920109622,0.3891552006127786,1.0,-0.04474507846516548,0.533260189170269,0.899951027942326,0.010976333311358692,0.6286583853661446,0.8759421627441932,0.05838976107286477,0.20968202694091018,0.11168140537248586,0.09823688751059757,0.058942266338930585,0.2529563740586221,-0.34037790904145665,-0.10578204051106001,-0.009397298374818317,-0.06466823000543087,0.08727542701436827,0.03433066812327146,-0.4474382277137897,-0.27563588162101266,-0.13688631890227249,-0.08122769181507397,0.0013663523376123475,-0.01684906280080384,-0.12373763534024593,0.36218603731294086,-0.3087154566487416,-0.17362634947841618,-0.19851420032710823,-0.3713573108061868,-0.4266048655799222,-0.3980056435610069,0.4403686716957203,-0.12884365075846888,-0.18968039453898772,-0.2477452448445922,-0.16046360232791257,-0.16987810352567423,-0.08324151072519455,-0.24872870764339097,0.076647548728767,-0.200962803210809,-0.18329683317828227,-0.29021751755616876,-0.16541725134908603,0.6723110102370436,-0.09727702802394608,0.004190878012487875,0.6223155621270197,-0.16839488131924538,0.08191675378042311,0.8825003698412736,0.8645812732107149,0.5724613795679786,0.7419847495989628,0.017159055592703164,0.11356420580673149,0.01667090463319615,0.11487557644192888,0.05523012158255088,0.015550197928733099,-0.09214908852327272,0.24105082734524358,-0.013147903912705145,-0.09389136365205981,-0.42140455628490436,-0.1427378519474241,0.07077092957870824,-0.4598413430900741,-0.34601741019435,-0.12064235015649084,-0.06235147496931398,-0.09412837585426417,0.23705772110413154,-0.24795400393660003,-0.18798834716166116,-0.24970726638601912,-0.2273112720928792,-0.1686679286389221,-0.14355719214312399,-0.34866849370112607,-0.23755685938427054,-0.1968599010120655,-0.06324382718351007,-0.2912471864611096,0.2238525313217119,-0.0017532624494190846,-0.250692986008432,-0.17267601400257412,-0.049695651218493855,-0.10512825342412,-0.16689740039993847,-0.033077341742301904,-0.17667925499687645,-0.17136381348075455,0.7064030965408775,-0.05049301677292976
0.13967395910833183,0.8319960194506968,-0.04474507846516548,1.0,0.4365623499053521,-0.15082138069810297,0.2956813551447344,0.4797754819509714,-0.15648769890974387,-0.19435314504205004,0.05831598906290712,-0.17670907772430616,0.09986458122007949,-0.04356001745414363,-0.2698658605112557,0.3073586431595702,0.11828875553242152,0.5402622516473133,0.002073464364979956,0.09495085528443034,-0.08065478152497732,0.2963468728515864,0.3936044351122246,-0.18754885433638152,0.015299059171430455,-0.04544436077509648,0.021699966763343716,0.09875403784033225,-0.35845034829806405,0.008750616074764008,0.2057030472548964,0.20369079796200898,0.1796364138641151,0.21415787451770235,0.16165886631997667,-0.08581882222201294,0.03358118907185223,0.29790550276409594,0.1367089521549275,0.08741908129483157,0.009268589761700712,0.13799917752056984,0.16212582763007394,0.1393929976235995,0.1893162433408989,0.20170531131213362,0.10875249961544378,0.04652502440754797,-0.2053812757221024,0.08785147653893122,0.43779292981613505,0.6211116657092002,0.3617592433814399,0.8417825828993342,0.024364393062134018,-0.18254962344882578,0.534624186545869,0.2699412021384465,-0.13606540908933948,-0.1136850663811096,-0.27205547655148815,0.0520029885512119,-0.06535572235354686,-0.015186046730644265,-0.04535565956885754,-0.1605749821848444,0.05695593808014986,0.045873633255794244,0.2927414620670603,0.577080763085114,0.007650317396349893,0.279983613196086,0.4076280258296212,-0.03324135376347124,-0.10301083977661207,-0.10529149361636671,-0.14351481247782916,0.04763160455691275,0.40665486314507343,0.2816050277979212,0.12586844012556342,-0.02471676257027961,0.047002188046423,0.2759763803998757,0.13716414115253855,0.010458363728329778,0.10393303068485973,0.08871162678269277,0.03631309468872921,-0.08235624660570273,0.2805722196585141,0.16949047457789373,0.03554398224448986,0.22835419354636177,0.08023255448926225,-0.04737812996514636,0.12480183582431588,0.08523652767570468,-0.09979469406590509,0.06448929364085274
0.22150124470646587,0.675376472693369,0.533260189170269,0.4365623499053521,1.0,0.43742093053188047,-0.03624560114770412,0.6047986338051603,0.4753397436501135,-0.14192949907235622,0.23687564550508713,0.10570587256591607,-0.0034610073571915293,0.388627809222443,0.09551748710559443,-0.2668577938001085,0.2031336635547841,0.2081438020524315,0.20925509105349568,0.031229104470583805,0.15863179605021518,-0.19553035796690618,0.04272107380696619,-0.11429167883120023,0.03635704397125717,-0.10903350388540117,-0.1288750431154502,-0.03492084420293267,0.00013655669928331276,-0.043630650229635,0.07140816640454059,0.055649209383799664,-0.20683160204552517,-0.24492238435940483,-0.18665424575743542,0.18053266530423892,-0.1144596727896239,0.04779013589746005,-0.2747787624509887,-0.3608315992326416,-0.15359803358353033,-0.03945232915501226,-0.09484886738338763,0.23746268235028206,-0.05883710198431011,0.06291342262628158,-0.15292937664221204,-0.0438158650631457,0.2851774766205513,0.017727257031100396,0.10749052735999799,0.7037143422205061,-0.051407338983699945,0.6283868415848112,0.6481320958989916,0.3072714087942514,0.5084712242072649,0.7001717161253057,-0.05653761273775777,0.019245084447403783,0.062081500805213644,-0.024894129317624605,-0.07948698630352002,0.34290799845549663,0.07673858652828922,0.20690223482101655,-0.24066322632596301,0.13070830547262743,-0.17844507438416068,0.06191198214403436,0.04670476390789685,-0.3100292262728811,0.07903493654037526,-0.30786158487391263,0.06481420440811304,-0.11247720130968862,-0.08501046934694505,-0.0005776191417960816,0.09951216296393961,0.0749916025478027,-0.16445514051808857,-0.20484603624560116,-0.06836153935501289,-0.14160458830509592,-0.2335825885499562,-0.2624526613067035,-0.0448659565977155,-0.2285708007245353,0.05273129094738957,-0.17231257985427673,-0.11201730346037815,-0.08874305395051912,-0.2006488797641807,0.023333929787881926,-0.11727552119140226,0.06537850745824045,-0.08002222578002129,-0.06572225376718599,0.31322967581125666,-0.01678548669121548
0.0984683675039005,0.20267996446386585,0.899951027942326,-0.15082138069810297,0.43742093053188047,1.0,-0.025022837930742208,0.4727985333496574,0.9258952311889223,0.18233615550511853,0.28247302612784847,0.1559744340745066,0.14956496079291967,0.1071546292721057,0.40747577295800647,-0.4704042668491971,-0.10406566339310584,-0.16699157743392695,-0.07118998960913392,0.03114277552276102,0.0781590901242823,-0.48566939466141784,-0.3536356862035964,-0.16761000662378472,-0.03937855714505461,-0.01694323987174783,-0.03913920587539654,-0.07024664965201587,0.3961572630898229,-0.21630267243030116,-0.244460035975627,-0.17526502986981596,-0.42670044482952385,-0.5672245742510121,-0.4707644941455578,0.39397863437022246,-0.18650120801715145,-0.1802030456852792,-0.18437508829096935,-0.08403106116762164,-0.20991119105694886,-0.13011499015849995,-0.25284738487934133,0.050981167732436765,-0.3078239140603172,-0.15748132841468632,-0.3024212915438441,-0.1813833978446016,0.7040423922222326,-0.14610625052974582,-0.1040436479160192,0.5065123419003041,-0.16640460588662911,0.031108243943631906,0.8901546112822462,0.9162326675017031,0.4238547287858383,0.6753074095351108,0.13838216412545637,0.1991633152055705,0.1049163550976459,0.16642808484722915,0.1582425309763961,-0.05289767037410257,-0.11313016207867549,0.3460958910560071,-0.006380496556455132,-0.08556140499577773,-0.5215634015488982,-0.3230225177288267,0.08117357187339616,-0.44483109348954164,-0.44627043249233245,0.04233257677782696,-0.05049929524186232,-0.05799264791287997,0.23126112466213988,-0.16108824702008168,-0.30542396931084387,-0.23787235244813199,-0.360368561967167,-0.26386835306342193,-0.2621307867863343,-0.49473707341727646,-0.326442713679842,-0.21561134064593787,-0.14827944377453423,-0.3307795660950121,0.13406414711708403,-0.03817936957893448,-0.22730568923462324,-0.060231730531151544,0.08405928130366129,-0.17297495832666246,-0.2004558168445043,-0.02979527081990395,-0.1688044853382054,-0.25873816066688776,0.6539056785612261,-0.11308307356168125
0.07611544848673203,0.2999789671290759,0.010976333311358692,0.2956813551447344,-0.03624560114770412,-0.025022837930742208,1.0,0.17357141287525624,-0.07253672119516935,-0.052067342857770704,-0.10108648904878056,-0.1464641232589021,0.13966773544563113,-0.13456014616275674,-0.2962856577794939,0.4683590547918635,-0.035934046227602844,0.18172086554972705,-0.09148827966812013,0.10188699383768274,-0.18547695958863472,0.23395144859974445,0.1869469794862863,0.14656143952735687,-0.1143811470134893,0.0296453723153181,0.1826689860386557,0.020927706569475967,-5.807583762623647e-05,-0.028935893692964034,0.10020907301545445,0.07335292215640293,0.13724419163142876,0.2662001239213497,0.18956196282283103,0.10365595245943324,0.2774409421474391,0.14472812659904755,0.4464823308188065,0.5635406811592533,0.3629849724846099,0.26778454806011004,0.14405874137839453,0.14533399885104017,0.05615933498457066,0.12246236939308922,0.24979673456830817,0.12920147292881157,0.09433713494627201,0.3391895752301844,0.16751269035532995,0.22793039689341357,0.6466558703119446,0.18898662372193917,-0.05448222035002112,0.006518620369236758,0.39263975087035274,0.06910553792352198,-0.24226571108369513,-0.24985961730364334,-0.3738059136898876,0.10224015771513958,0.16677497025575344,-0.0484383878147475,-0.03603998129016258,-0.3377251223516633,0.7330782442726189,-0.07347064344888855,0.24759142235574433,0.20748613243174518,-0.22010986540136232,0.44424248702711355,0.07213332956625197,0.25820203485178106,-0.0930861500114582,-0.2221746104994836,0.08558024040257543,-0.1524867445824661,0.15984824940589987,0.10541392376055175,0.24199583187982043,0.37088642563624435,-0.06883713337665477,0.2576793523131449,0.23310385529384806,0.28440141249912426,0.29636033089116154,0.017295612291986475,0.26217473606886227,0.39672546452822016,0.26427959277850505,0.10055678269151778,0.09079450885107158,0.18115894258026238,0.1049242031838116,0.07244885105936028,0.19076343042985539,0.11196633483638184,0.126533123632471,0.3845185513060785
0.06683273216993305,0.7391955397756703,0.6286583853661446,0.4797754819509714,0.6047986338051603,0.4727985333496574,0.17357141287525624,1.0,0.4988965590851015,-0.16019827404889045,0.07741352193854006,-0.017305029995385326,0.1240539618920426,0.1397288957114918,-0.09928770769960038,-0.00032334127690768937,0.22401036575629246,0.5743920087647426,0.14426822874973708,0.2010114613450364,0.19743744290517315,-0.07974754276422151,0.22806390385150657,0.017551459900988546,-0.06975065060634314,0.024861177111363552,-0.018121238067472203,-0.0599028720856132,0.039471164561809956,-0.20590395826073854,-0.12116974154682639,-0.18067393085522165,-0.2233957727068677,-0.03376875840481568,-0.09176142907427393,0.2759371399690472,-0.08624893118835254,-0.032235229117027524,-0.22979196293191942,-0.171988521384683,-0.24616934914251812,-0.052254127308514545,-0.15695786086202265,0.08666798514514251,0.03240474777820681,-0.09218208665782374,-0.2451946168407372,-0.10528207591296786,0.2845810220719575,-0.12192315781873432,0.016101133577565773,0.7917023754587207,0.17169578765583213,0.4314391192563781,0.5846810791594047,0.44666440641785093,0.8723336127252008,0.7929345249867368,-0.13973046532872493,-0.05426953713147262,-0.13942752920272863,0.1259821879836383,0.001692047377326565,0.14313810434187518,0.10222132230834188,-0.0007957959372027537,-0.09296611077343242,0.15982156591293648,0.11173477235841267,0.3644243114874007,0.22295793698849342,-0.16405325397348602,0.19524468763047442,-0.23752546703960772,0.09869125315100659,-0.1458111624899152,0.032936848020241785,-0.16708104561621603,-0.0026620708274080283,-0.20776395468201125,0.059752997087186274,-0.1799770208037068,-0.10503564600736465,-0.056492093837996665,0.008286009373754117,-0.2521496897454313,-0.04719997833927731,-0.15442208263092963,0.170141799220842,-0.16494165732744412,-0.19778589793093057,-0.12794818377557646,-0.16646261642635826,-0.05335442898894675,-0.25074478337712564,-0.15472507947172562,-0.18628374284646945,-0.03233020364614627,0.3535845348753253,-0.0867323394517013
0.09414250240936245,0.22584751482503476,0.8759421627441932,-0.15648769890974387,0.4753397436501135,0.9258952311889223,-0.07253672119516935,0.4988965590851015,1.0,0.07456309704315506,0.2891956967373936,0.12410021692110162,0.07086589145857676,0.15480820847028243,0.41518887204166394,-0.5071607928297107,-0.08507093299262816,-0.18956738209820154,-0.02742121306298246,0.11097821685203846,0.062411120424173364,-0.5870038832330348,-0.43152326310997197,-0.1640705197630506,-0.09974132707997828,-0.08621832364029575,-0.026083909415786317,-0.14087000743998568,0.47399144244684493,-0.29489340729369734,-0.23882981896034833,-0.23633883641135273,-0.4211110378623069,-0.5211092018454397,-0.4701382166237803,0.5501320048093072,-0.04153679713984555,-0.2465209434027418,-0.2334350445300409,-0.18978720298417207,-0.11775739368197671,-0.14950133260503093,-0.26916827127393433,0.09071445837218135,-0.21198779465639508,-0.14298904681425575,-0.25973084203686087,-0.14315380051420662,0.7297825452285206,-0.02808830038706761,-0.20892704105176912,0.4869313669168637,-0.21985009364734184,-0.010499169672483669,0.8783620723822099,0.9021767451789207,0.40213122627915954,0.740223639063378,0.029196450153665527,0.18117235541957083,0.09040367416001933,0.09884978449155389,0.05036901701151157,-0.0049945220358563365,-0.09252893589369296,0.40557810572313835,-0.04474823525903551,-0.06973338481677858,-0.5303391314993926,-0.3413415204568214,0.08936933147229664,-0.5347560343934528,-0.4818395286125525,-0.11233593575870589,-0.02676197382506302,-0.1207694891523753,0.2804419414281633,-0.2362352416739654,-0.27631227848776796,-0.2456890462691768,-0.33776292570491195,-0.14401081152350187,-0.1452366825825854,-0.49343272149653583,-0.31724632631086586,-0.14936718894393727,-0.01692675888433263,-0.37042652778693386,0.2673136628901676,0.06886538648685131,-0.23421357467767911,-0.19795313984394028,-0.04272655070334548,-0.17420239900297912,-0.15378638765150732,0.008455531352920983,-0.12450360855001899,-0.2262949445356087,0.7056512498862028,0.004810876819578778
-0.05550009574665122,-0.1691356745743983,0.05838976107286477,-0.19435314504205004,-0.14192949907235622,0.18233615550511853,-0.052067342857770704,-0.16019827404889045,0.07456309704315506,1.0,0.3567002250831112,0.5578388254240321,0.3814940485977524,0.031621508778869184,0.0783066341441976,-0.1470739772664512,0.18522196947016228,-0.284053630681622,-0.051419090940483254,-0.1624035862614543,0.04283485429243225,-0.08302961239872045,-0.2175702237215728,0.014815617063622865,0.2867078534228643,0.07578821303324916,-0.2568554040569325,0.21588829348075178,0.050301523470486484,0.2287026485721192,-0.14037243877707983,0.22127992867659294,0.004630370837767502,-0.2652944544224383,-0.21849943748822015,-0.1961691921807948,-0.3170894890148577,0.15090457041145947,0.2029954575277273,0.3617568889546663,-0.1972616457750613,-0.2299489246552336,-0.0693621975591711,-0.3116898813055448,-0.3304107060452238,-0.20175475427437922,-0.22048884159108958,-0.2968444415144923,0.09282402393352357,-0.27552590025396406,0.0012290102935498149,-0.05950418930839525,0.12477834052938676,-0.07662243485303674,0.053097032598219976,0.1435085340088966,-0.16702767863028922,-4.708851699424578e-06,0.7910760981826972,0.3596269175334831,0.2905283017683308,0.36223469544716824,0.44916794590471165,-0.1147484374460444,-0.1307710901619531,-0.07818734323447885,0.04394066687569082,-0.004376092845998575,-0.20663383027414933,-0.29379781446496456,-0.09841739356324021,0.06840077978584143,-0.2754175966648773,0.5611271735274636,0.053210024203497734,0.15632759795196344,-0.017614244590314205,0.19388853834104017,-0.13610464952016801,0.09107076148410449,-0.23727520619875306,-0.18838075146994654,-0.27494357226046856,-0.1866934129443194,-0.25323890516058756,-0.0845921995486629,-0.3056438356594651,-0.018107104401520645,-0.22218873705458186,-0.1734976408652986,0.09645925744547934,0.48413842302852855,0.589923371286678,-0.19683157065318052,-0.175720218867427,-0.2731974802924879,-0.126167402817149,-0.31869991692799987,-0.023928814719242564,-0.257081328147318
-0.011492737381062254,0.10072861631962429,0.20968202694091018,0.05831598906290712,0.23687564550508713,0.28247302612784847,-0.10108648904878056,0.07741352193854006,0.2891956967373936,0.3567002250831112,1.0,0.5665454922162682,0.3923895508970472,0.29539725442553577,0.3698237947694075,-0.31861044871060307,0.07757993180795851,-0.283199758906793,0.01236230532822266,-0.08257599301834255,-0.046069835409936935,-0.1341426279787411,-0.27380099835545396,0.020761327142762964,0.300357244882263,0.25999542456399,-0.18824740787423785,0.16920630734988965,0.1676775001648098,0.20885954751074404,-0.015945741471484764,0.08958433396431946,-0.1919061117755824,-0.3789787359946234,-0.23900414025949976,0.002398375132240252,-0.12508284639210565,0.0816106784199605,0.14780771561047124,0.1408433792145819,-0.02517823003682322,0.06443435703769279,0.03523792071154187,0.05313939142800637,-0.24343350630515243,-0.15855416221452323,-0.04614988588882715,-0.21638743176089079,0.17182599851200286,-0.023536410410957186,-0.12466370950779943,0.1379944686688704,-0.11590921487323677,0.16785643652938795,0.22456914971056013,0.2417995347654521,-0.028645514504832853,0.25771859274397346,0.2849577302079115,0.7600913674550526,0.44014735566584734,0.33014387111558974,0.3367488204326493,0.024923952045054293,-0.04078336456871627,0.23277580529212147,-0.027060211717905652,-0.09111785000109873,-0.36698592681188763,-0.2888707859701333,-0.15159212224498897,-0.09248655622839815,-0.3117605140810362,0.15464496827803573,0.002401514366706535,0.2689303686403034,0.047862338290184554,0.13141934207924055,0.007358365588967474,0.14663992038901394,-0.3248426163803214,-0.04768968039453899,-0.05934251873338168,-0.1809486138710214,-0.2627131147798298,0.08572310920891528,-0.05727692493028394,-0.06006611227785992,-0.017460422101466335,0.08984489042502096,0.013588176387306191,0.2624102816247787,0.18711563998003447,-0.003114120590552788,0.19511754863458997,0.1416274033301906,-0.06633673312426032,-0.30251244805057753,0.06578893670989393,-0.039447620303312836
-0.10670257950896095,-0.10259018235813015,0.11168140537248586,-0.17670907772430616,0.10570587256591607,0.1559744340745066,-0.1464641232589021,-0.017305029995385326,0.12410021692110162,0.5578388254240321,0.5665454922162682,1.0,0.20764553006192563,0.49912415358390705,0.2622736219545502,-0.2871882689901417,0.5049021127449042,-0.3032861506393051,0.4351434159265921,-0.38422503288348103,0.27880326103676356,-0.11404681854283015,-0.2682343486537398,0.35361592721998814,0.40326135068702146,0.3200670540745367,-0.38738011553175156,0.10260273929599528,-0.09250853086966213,0.407504026068203,-0.06498058383482604,0.16213361209735394,-0.20889250947264001,-0.3417160082577858,-0.3629615706538248,-0.23292805816373618,-0.37305342861439755,0.1557703838341982,-0.010208790484352486,0.0365469819976633,-0.12266558677001027,-0.13485366458535422,0.019897260663690894,-0.0973837619957997,-0.4074286844410122,-0.19107742885610468,-0.16769005710267496,-0.3021293427384798,-0.06676837786337424,-0.2267861459304534,-0.19325755221331725,-0.06524427952999381,0.020555715351374272,-0.03000166379426713,0.05067275783033684,0.08596636624192824,-0.2015828020178999,0.11455694414360114,0.5620281338192868,0.5541261133005526,0.759200311412059,0.12607950425209308,0.2682538636128194,0.2684767492599255,0.25583191282973733,0.15764764604503545,-0.16490326641399705,0.360158091847722,-0.14394017874801052,-0.37698281896976604,-0.15926284467337673,-0.08971775142913649,-0.17441429732945324,0.1436482299426462,0.5048595349538062,0.4078854430558564,-0.335414645784479,0.3343865464967713,-0.11919987191923377,0.061729906544989936,-0.358184438730191,-0.2349732694185196,-0.2887875962567768,-0.2455870211490226,-0.47984454510922964,-0.19569132052343552,-0.36235648297300965,-0.1661581106831288,-0.3040866554282073,-0.20152786541473997,-0.10294491585282013,0.31755880475172854,0.2156622685991794,-0.11609987788377926,-0.09620497945371041,-0.14918982212699278,-0.2629360004269359,-0.47540585412524733,-0.18486637848494267,-0.2666120439869533
0.029186259094466163,0.12851481581908947,0.09823688751059757,0.09986458122007949,-0.0034610073571915293,0.14956496079291967,0.13966773544563113,0.1240539618920426,0.07086589145857676,0.3814940485977524,0.3923895508970472,0.20764553006192563,1.0,-0.12711000784417498,0.00032569570368128905,-0.03840228536448503,0.1265214507983472,-0.0461130179787988,-0.24471754923010164,-0.012084487819962624,-0.10535039560256673,-0.08084395212509221,-0.0624072453588344,-0.060107730721075295,0.11063215966467535,0.196253320724065,-0.15457131757697998,0.06272192924869546,0.09908369634016892,0.007144900448950495,-0.1242383919893079,0.06013284460666035,-0.1484466080754598,-0.15777176962709788,-0.19552737218400637,0.03602429925392417,-0.0560934550834056,0.029784283494960484,0.04058325429653768,0.30618861320284574,-0.19431476566980424,-0.06781063031536891,-0.1022190481048819,-0.1575637333517623,-0.20833380748874128,-0.19728063600940202,-0.17917658632448283,-0.25350897880272283,0.20418609232258317,-0.07635876912138481,0.052604172593613115,0.14998012471399774,0.1275103104312919,0.10305090545368438,0.08768830516522197,0.16186527106712892,0.1864651068066229,0.08223855758398775,0.2575703649871823,0.3370873374954383,0.12572952894592104,0.9655912299173044,0.656586842442988,-0.32101902729999554,-0.262169345284947,-0.12528768152140882,0.13904779095821282,-0.19616534511385358,-0.19989475712323548,-0.030990534811968052,-0.02439657980136478,0.07777064037662008,-0.1701269546156902,0.3575299080871303,-0.10680229211295321,0.1385164207533409,0.07785304531369608,0.05089956760952694,-0.07095535967597355,-0.06801154140004942,-0.0950623727137526,-0.03830652360646679,-0.1698624740081225,-0.034344023346498526,-0.09021692511079253,0.0012454922519708521,-0.0019023775795698461,0.03033286493320921,0.04427578028646651,-0.07765134942009104,-0.05152113627775726,0.1386028041233877,0.2621944591705321,-0.12105128294677847,-0.08757839750651182,-0.19945063353725292,-0.11015107179393649,-0.16321834570061883,0.16650349181112029,-0.05505042201138318
-0.12012437646955414,0.007505909608882778,0.058942266338930585,-0.04356001745414363,0.388627809222443,0.1071546292721057,-0.13456014616275674,0.1397288957114918,0.15480820847028243,0.031621508778869184,0.29539725442553577,0.49912415358390705,-0.12711000784417498,1.0,0.21365786739245768,-0.3138082029013843,0.5379684671622625,-0.05090111725354655,0.8304122756624569,-0.286560309402949,0.5749319570929433,-0.10526324050617017,-0.04223213784698199,0.22871677512721747,0.2784846287384358,0.15862008616418402,-0.18797821841312295,-0.0378701549840056,-0.14755814647040172,0.39105286784764665,0.010508587375882518,0.10333575054387237,-0.18538435217187937,-0.16845531160643443,-0.08478055369055087,-0.06726437690904696,-0.12741137447119574,-0.0019887050343903134,-0.21434222050610738,-0.3052592792864438,-0.15685655895953213,-0.0020813124511456635,0.048559267396568864,0.04215364041324882,-0.1856731617427774,-0.08828551034751626,-0.13797720287930584,-0.20038204483454664,-0.056569005082420604,-0.06946341065267823,-0.25178857883716477,0.022068818297969858,0.09496266467744495,0.08551588609601662,0.149525720346693,-0.008048997171549745,-0.08051194635676144,0.290387036217348,0.12521307553939895,0.1707030043662976,0.43556250372784094,-0.19787536611321963,0.05098587658413619,0.6592455163883735,0.6095781182800762,0.22320584902165758,-0.3398787705654535,0.6363997375599986,0.053712301718103025,-0.24483360487711467,-0.034658731725236355,-0.18021717224037745,0.09047901578721013,-0.2713146172174454,0.5623028168350866,0.20235191446213927,-0.38649312978537054,0.20181510536840486,-0.10010861751253339,-0.01815576253574803,-0.2085825919178183,-0.24549441373226724,-0.1171028632957567,-0.14469673425438473,-0.22678457631322027,-0.3015848039017793,-0.16651133990036562,-0.22227035715070523,-0.15424785511805092,-0.23231747706004413,-0.26479442723097546,-0.04420671710110759,-0.18959406559116493,-0.04849175480067431,-0.08399492699710248,-0.0639462311709673,-0.2776040734706435,-0.3315927579402317,-0.1516438601282691,-0.13075853322408798
0.0013388834998697217,-0.21514900376394214,0.2529563740586221,-0.2698658605112557,0.09551748710559443,0.40747577295800647,-0.2962856577794939,-0.09928770769960038,0.41518887204166394,0.0783066341441976,0.3698237947694075,0.2622736219545502,0.00032569570368128905,0.21365786739245768,1.0,-0.4717313787405828,-0.11482539374845638,-0.4146175313688004,0.03137350925603282,-0.2257690339633777,0.10773067879666864,-0.3525046382189239,-0.41735746202214724,-0.04931580384807361,0.13002709159344403,0.10234928627515168,-0.17588352807714142,-0.12302659873363282,0.1598874898367284,0.009701804118047773,-0.22029891790587947,0.004110827533597657,-0.353426003534778,-0.5083176011844728,-0.32623251298566974,0.05130293926523078,-0.22940985115708107,-0.05183817874173204,-0.12615641549651702,-0.09154246738432915,-0.13636991483256894,-0.05636181560764592,-0.09912843044886732,-0.0910032679430794,-0.3570769332190652,-0.11999649975220582,-0.19271289503341715,-0.26955664591632683,0.17918436410097033,-0.17321197052886683,-0.23644400076597322,-0.05806798954007076,-0.34698443056817735,-0.1332087057250219,0.2354356140796472,0.337111402013505,-0.15287600965628523,0.09065952176902141,0.07168912788927292,0.3958772417576728,0.4237432859622852,-0.019697126658693012,-0.05930484791978628,-0.08664758012111166,-0.0697679163959077,0.8017165334061636,-0.20694783492801558,-0.05427108545310141,-0.522081375235835,-0.3936239008755325,0.1223744707935415,-0.41355803973642985,-0.4748719977146373,0.01421445366332966,-0.005601963905082107,0.15975250275467826,-0.11625683960709342,0.03321937912220726,-0.3955215681104006,-0.02066558049154133,-0.3223947973447023,-0.21324505806014146,-0.13923603590028535,-0.404975372705612,-0.3804296984137448,-0.13632287980927052,-0.2143862539147415,-0.30182797622971663,-0.09285227704372012,-0.03707121981233656,-0.1818966626798389,0.10412687848921943,0.06327284028516805,-0.219007122923004,0.04683580861971,-0.09041783619547304,-0.2050783395961061,-0.3589770957439696,0.14396843185820707,-0.2278142452181611
0.19777734264484484,0.20664882272776844,-0.34037790904145665,0.3073586431595702,-0.2668577938001085,-0.4704042668491971,0.4683590547918635,-0.00032334127690768937,-0.5071607928297107,-0.1470739772664512,-0.31861044871060307,-0.2871882689901417,-0.03840228536448503,-0.3138082029013843,-0.4717313787405828,1.0,-0.0050690828326904434,0.49326261158515183,-0.09621521972099999,0.1377936117338458,-0.24114588381455093,0.6610783039180916,0.5086034712112353,0.24609959774620466,-0.012522411199852163,0.11281004869741287,0.19616306766232797,0.14447861415301982,-0.2938081322685795,0.018021567334056483,0.27057621848454694,0.12734309609476135,0.6020622424110421,0.6743473330220257,0.6043533368126542,-0.18778672503553687,0.16401806630853205,0.16183073947444945,0.34210291905758067,0.39721706646156985,0.22484775687876943,0.2953094717412116,0.3530903825552604,-0.12163047193308399,0.34903199705228455,-0.007385054877785582,0.3047114826571196,0.2338063507523162,-0.45155158686405994,0.002472932921204197,0.35902575389729063,-0.0326095956232801,0.49617994106082663,0.11250549856753617,-0.45018148713501466,-0.41931556028885764,0.14286269257740591,-0.3039635597520395,-0.23060040629559797,-0.21441419876863432,-0.3979232386239309,-0.09840091257582502,-0.026561858050827055,-0.07132892872405136,-0.04377899623723698,-0.440878185490408,0.2775446458352136,-0.07675117358365142,0.5569239571165135,0.585820621717827,-0.13296708902483528,0.6258356743530026,0.40305510418145374,0.14401950093216787,-0.02674628814809236,-0.10402485332903012,-0.04749663611275087,0.028749120523501155,0.3642282522580214,0.21967665087502,0.4935641718889181,0.33216645326406546,0.3166225277047604,0.6607008108253912,0.48252485587968824,0.25061548664058486,0.09380353870482933,0.3863669272101792,-0.040407457097442236,0.15654976022126538,0.2862920171983248,0.0858440034688568,0.02240158594187642,0.26329005242918047,0.24841086002895502,-0.07010308469268832,0.11504514024732569,0.3243286938027539,-0.355161354752889,0.009445175406757381
-0.19291859059305963,0.10828793540709461,-0.10578204051106001,0.11828875553242152,0.2031336635547841,-0.10406566339310584,-0.035934046227602844,0.22401036575629246,-0.08507093299262816,0.18522196947016228,0.07757993180795851,0.5049021127449042,0.1265214507983472,0.5379684671622625,-0.11482539374845638,-0.0050690828326904434,1.0,0.22270679813264277,0.6617477459307185,-0.25702570759355625,0.4924212964180522,0.0789682587954578,0.18723272340575814,0.4121008118456237,0.3298473428920698,0.20940358422376482,-0.3119946319048497,0.04709952279693706,-0.31527422597241234,0.34236426042945023,0.0735452291269332,0.2180026534389906,-0.10392361297776534,0.006430726851070676,-0.08926734134100353,-0.25465401502361684,-0.3243286938027539,0.18930140625988598,-0.21452045624083668,-0.11963553459242894,-0.30295664990186333,-0.09453101976895167,-0.03326884817472993,-0.0664921513221531,-0.15927069276262207,-0.09763262295017638,-0.25574176019301986,-0.21634121294575379,-0.2739030235156433,-0.25292194172717203,-0.13928239426368533,-0.01878518641762731,0.2868948630311687,0.1450405373429856,-0.04555974556484683,-0.15002485882269612,0.005663966008356296,0.15120442663626957,0.34442202942957634,-0.013993933424632808,0.39332896717971344,0.0909554303087783,2.3544267735996797e-06,0.3151360996016945,0.37333752944507853,-0.11195063865789118,-0.2579087188381684,0.6203380878366473,0.27100315453949303,-0.03105802837947791,0.004744956619669674,0.023217787223390976,0.2973601774610169,-0.059107099342295424,0.6970288311331098,0.29083292163567404,-0.4976316428680283,0.22456914971056013,-0.0034092099681723364,0.0839714156893571,-0.013965680292262958,-0.36681812170898104,-0.24046859371267876,-0.016308329451800448,-0.18579958883861872,-0.4198800026683514,-0.305204462425296,-0.13762723224184475,-0.3017252846992707,-0.3928431704554274,-0.18144389930745933,0.16443009115559235,0.022221079889233778,-0.1142163820230186,-0.26808915900270114,-0.2169534490403745,-0.30587456948327785,-0.27720011458214794,-0.28607305550838,-0.28203678320950565
0.06785141375424189,0.5234908915111961,-0.009397298374818317,0.5402622516473133,0.2081438020524315,-0.16699157743392695,0.18172086554972705,0.5743920087647426,-0.18956738209820154,-0.284053630681622,-0.283199758906793,-0.3032861506393051,-0.0461130179787988,-0.05090111725354655,-0.4146175313688004,0.49326261158515183,0.22270679813264277,1.0,0.10283661226373336,0.31184213417715956,0.10314111800696282,0.44293028702020726,0.7148039684648628,0.05427108545310141,-0.026948758275806863,0.06344316865034151,0.014573116919657484,0.031343686528603136,-0.34560460086203376,-0.1283899808192774,0.10558030318726476,0.04939428470973069,0.21661659587692944,0.5069967677644833,0.36604194568261766,-0.014000985719622413,-0.09318428765445266,0.08849031075281982,-0.03551572913429331,-0.046095752182459065,-0.15750638049405272,0.07627868867897875,0.0799131687405958,-0.03113335781936217,0.32619157492253936,-0.08642080434282531,-0.047565680633120805,0.033122062853752486,-0.19722868381316533,-0.1560654718740288,0.2720083880344939,0.38836411352727523,0.2487954164019763,0.38135734219853146,-0.0176582008019976,-0.15672157187748195,0.5698165745301351,0.1953420038989292,-0.22821763684707846,-0.2864411308939861,-0.3586983478209004,-0.05064683926177762,-0.12095156475141972,0.09679515553337163,0.13604500406530864,-0.2544098396165111,-0.08816700419991175,0.1153229173533742,0.599882592630961,0.8318814373926774,0.22161826815431518,0.22045274039472734,0.6791718071631052,-0.17543297891376208,0.02803650301837394,-0.09147101387855558,-0.11380038863722693,-0.09010701650295559,0.2275160179438642,-0.016386803913997532,0.33639029489590333,-0.07226046856213644,0.051000003139234466,0.34525614583627634,0.30188448245010974,-0.2163231623404895,-0.09537861340744756,0.20611271735274636,0.005171888783201329,-0.2574407704937074,-0.06762381925543637,-0.021612068163795992,-0.18774976534222365,0.03253345639132441,-0.12329657289773316,-0.14934835352974848,-0.20076660105666633,0.1956717003003222,-0.11491324725552426,-0.1496661424145108
-0.08371396551237015,-0.016375816593365542,-0.06466823000543087,0.002073464364979956,0.20925509105349568,-0.07118998960913392,-0.09148827966812013,0.14426822874973708,-0.02742121306298246,-0.051419090940483254,0.01236230532822266,0.4351434159265921,-0.24471754923010164,0.8304122756624569,0.03137350925603282,-0.09621521972099999,0.6617477459307185,0.10283661226373336,1.0,-0.28651165126872163,0.6992472115749854,-0.031062725043870802,0.04065624152651927,0.34433007166872287,0.26045129634687286,0.18234250552604986,-0.14988045398058203,-0.1910334045939557,-0.29613968337681174,0.29559659581414477,0.0564669799622664,0.07231226593083011,-0.08564773394360051,-0.009735554708834675,-0.017928175072037027,-0.16584732647096678,-0.13830059829909425,0.018268774976534223,-0.3082947992302597,-0.3502884761404622,-0.20695560180694336,-0.024142282662949814,0.032317646703353735,-0.004070017485535977,-0.05289767037410257,-0.11763579450720987,-0.1893240914270646,-0.22175238346376852,-0.2828073545985076,-0.11778250755770697,-0.19047776009342363,-0.06513126708920762,0.234368273942282,0.01807100320515839,-0.01865098409153213,-0.170651924821613,-0.04722036484182967,0.18792713208956863,0.08118845138424544,-0.01587511492545811,0.37053954022772007,-0.31310096719813907,-0.11598529582575993,0.665837908767568,0.7622783308062496,0.07650628317778427,-0.3707351030513264,0.8496604917924715,0.3447161975080757,-0.04245186768754571,0.14913723992904904,-0.07366998483749752,0.27414463708879955,-0.3450991841129622,0.7587843628452765,0.2568584425002119,-0.46364295602874284,0.1147594247666764,-0.034572389177175256,-0.02665994870490882,0.0007196697837969688,-0.2267861459304534,-0.04475920502026376,-0.003765511742306521,-0.09234058182571599,-0.3547297098443958,-0.20792413723013492,-0.26341159444857776,-0.21593224276327974,-0.26692596743358166,-0.27111998468053583,-0.09065955734422927,-0.24814706685627644,0.017396067794907533,-0.1355490050196359,-0.19220833851635705,-0.30410863006947125,-0.2668358191502216,-0.3326222967267202,-0.18543771915780619
