0,1,2,3,4,5,6,7,8,9,10,11,12,13,14,15,16,17,18,19,20,21,22,23,24,25,26,27,28,29,30,31,32,33,34,35,36,37,38,39,40,41,42,43,44,45,46,47,48,49,50,51,52,53,54,55,56,57,58,59,60,61,62,63,64,65,66,67,68,69,70,71,72,73,74,75,76,77,78,79,80,81,82,83,84,85,86,87,88,89,90,91,92,93,94,95,96,97,98,99
1.0,0.02666028149427748,0.22795477903391573,-0.13487568607727798,0.028785725219216723,0.22716319345739214,0.05622006953707551,-0.004329666965515734,0.01666703111674794,0.049729942489777176,-0.05838927642080864,0.13663816667031117,-0.0244889390861098,0.13785834554241105,0.281997203207187,0.5073145131311364,0.4101812774704249,0.23483413876801296,0.2454352627320636,0.2230959305503925,0.23917692593645448,0.027688001574424352,0.26168244735518575,0.06204106623515777,0.1218277774680677,-0.18445255953292078,-0.3035665084953314,-0.08101725306684743,0.28955850517154663,-0.3174826703986355,0.07738295685639938,0.3065185541536376,0.2970326474382804,0.1869847586976012,0.037742450416566445,-0.08304651111937197,0.1354573484069887,0.3370230259561348,-0.292431829612298,-0.03208764295554438,0.03587500820012683,-0.44233889484157357,-0.25884411012223657,0.15574572581597926,0.10836850276617611,0.10131858039404343,-0.12262155061295145,0.3893901292339988,0.4814458463624237,0.08261791782379567,0.6867770221512759,0.07311889090551267,0.20359493560167063,-0.21084166101769042,-0.0004023528897246944,0.14939975071614442,0.18748769980975705,-0.0378867726487503,-0.2760621897618683,-0.17277358113060678,-0.06537797117928758,0.06158185913275459,0.22295598171918393,0.4314360062102294,0.5389254553803765,0.3431745896380762,0.2763289672213597,0.13877675974721743,0.18879097330038705,0.2775972535041875,0.44144234764164353,0.06897290678095822,0.13313507248912115,-0.26626824940236926,0.1890621241608537,-0.0280553672563469,0.26815070739760777,-0.0418163191449367,0.2664975618289563,0.09211257134110341,0.25290065819684676,0.1227307515689576,-0.05636876517023463,0.2830227668571883,-0.09275983468544313,0.08428864915341369,0.11141238984496293,-0.1004920076097177,0.15861887997201024,-0.10008090791804247,0.07543242002142966,0.09273796768056679,-0.3000328005073145,0.002912688234118898,-0.41127900111521726,0.19552601080230042,0.09994970588878441,0.31005663554262974,0.5631409765804378,0.123714766788393
0.02666028149427748,1.0,0.548825248546444,0.5940856247249672,0.6738412388113175,0.2024646328144404,0.4028715782202428,0.7581451948848804,0.5386723870817187,-0.13241797950848647,0.04635372761775706,-0.06099807679485485,0.19606917001280183,0.18284334788595027,0.013384822953407871,0.39160787169325595,0.1761104897231484,0.3013167231384486,0.1919859526208235,0.051951686986634216,-0.0516149347433502,0.03037986309055094,0.03510532801091951,-0.15063758789187887,-0.11853035912260637,-0.07992399020799228,0.10931109019171892,-0.08245181873550088,0.041184362013059556,-0.06667913087311378,-0.18586537126399255,0.1094335455529131,0.05418212392267121,-0.05516614021798165,-0.10496392486932524,0.017727600235737166,-0.04534128418502654,-0.0009599625636472945,-0.14734222665402813,-0.2841773459770192,0.005991565887001337,-0.11363857518820637,-0.16061769982920518,0.10664780268921013,-0.056067061803910315,0.12970865464206507,0.1055566367598276,-0.10077420215418124,-0.011591711958756966,0.05236278712778614,0.30621056418045917,0.7721225996840456,0.4568131648262826,0.5960230434752896,0.45593848367489553,0.31694290190797836,0.6500127375446556,0.7551253582097166,-0.011508617249375195,0.0044718122757260404,0.08960452385096852,0.25833489135928867,0.31702599661736014,0.07862290199530404,0.17143969237474152,-0.006743799050532572,0.2966568593044341,0.36641705453330875,0.04729838326125508,0.39793400312066285,0.14162399862683525,0.26893821361697823,0.16617629854626992,-0.09337012829399816,0.07490769380478751,-0.008029572969733178,0.18213704285620522,0.067368015936708,-0.15281554395883262,-0.05491685608983634,0.12762035339312847,-0.09939001923211123,0.056965796686960515,0.12140587655174073,0.293892866866051,0.2969611356872487,-0.010200968928051547,0.074807105472378,0.29280607553545257,0.03387421429034223,0.11312470001176647,-0.11045254909427903,0.08697392028817195,0.05527990920799722,0.08850679900597777,0.1224684814114587,0.14320498480796734,0.16983246575906782,0.2099344098472859,0.0004679544159920752
0.22795477903391573,0.548825248546444,1.0,0.14504821674575233,0.4138199470818482,0.6680151319673744,0.4343005838490302,0.4404627058231834,0.7700990575320898,0.07436968358443943,0.4498042903063567,0.45755395683453237,0.44396069611890476,0.34664888150270057,0.25670579771483026,0.23854715619601582,0.5880737355404431,0.14779033915724563,0.3854190811484551,0.18572521921672389,0.23415188821587107,-0.08646213728105662,0.00737792744527782,0.3375041000634143,0.17746187210204142,0.34948721873564975,-0.0252301502263235,0.25171546653254906,0.33402287288710064,-0.1292689860269839,-0.05496927685814874,0.22461787408978592,-0.26574096346023485,-0.14473770527650828,-0.24068137587194682,0.17181343071439506,0.22465286129758807,0.17647110275305591,-0.19357984736830597,-0.052069712011545775,0.03280925411646367,-0.07137827731735584,-0.24225142682206818,0.35168305053819376,-0.05588769106295511,0.27631584701843387,0.03207893122712029,0.0707878681856946,0.25720845815748616,0.18333734228422732,0.5158076578251077,0.5511622313091776,0.3775688263978483,0.19923465482932803,0.568161640900046,0.7128381185629005,0.4375369005707288,0.5072226717106558,0.1096717762568061,0.22876848173952768,0.4346766963329033,0.4866939275327458,0.5272134875686078,0.23629922809472786,0.4404102250114802,0.24255564338826616,0.49973540924099624,0.3939778268570554,0.0009315344077321729,0.28299403030766873,0.37494478581268725,0.2680632393781024,0.047136515711443006,-0.049211748279914265,0.5792700793772277,0.33359865299249963,0.3486912597581509,0.2351864546878302,-0.0780302202007391,0.27757101309833593,0.521173820821762,-0.015770483916817915,0.09279919529422055,0.1131771808808497,0.19567033303448428,-0.04521008201231848,0.21409984474426538,0.2282784107060856,0.3941265224902145,0.3534845072270451,0.14946097832979816,0.15828650149788984,0.02907436968358444,0.24482762767899402,0.14108591546215915,0.3233823883142726,0.31714591852353985,0.25739651439942274,0.4840217795368568,0.21482582930615993
-0.13487568607727798,0.5940856247249672,0.14504821674575233,1.0,0.5709868579300693,-0.10118737836478538,0.25689357328726686,0.7337254816207824,0.17699153746911286,-0.05775950668036999,-0.20735168703942622,-0.22180140386171307,-0.03214022918900276,-0.014196059565721283,-0.1323152044731985,0.04309986661127026,-0.10456801731866786,-0.0016050381579235092,-0.013474448404801994,-0.1315650215389998,-0.1088845640812578,-0.14720430342655966,-0.22764864096564694,-0.27959152434890994,-0.12859999628268198,0.02689641599790077,0.07410727952592333,-0.13165686295948045,-0.09426865802191074,0.08817651046336183,-0.22105792569591742,-0.12771205527978832,0.12636942118038091,-0.14644333165686296,-0.1560341999956266,0.013282018761890184,-0.01641337386018237,-0.020493756970107805,0.1039688613850561,-0.3371323609805165,-0.21929107170190898,0.11995801535063742,-0.08461656206949335,-0.09977487893872153,-0.2197196649974853,-0.2167544991362533,-0.04777945789451796,-0.39820690560013994,-0.392521484332291,-0.15497146355863636,-0.021867004876342088,0.5704139424023091,0.0773392228466467,0.8425400712864359,-0.03257746386477444,0.011178412892786075,0.42054186438083574,0.646712295816842,-0.013465701602851458,-0.08952361584446522,-0.07601845575211563,0.012481686383416063,0.023550764251820427,-0.07742669086615206,-0.03852966259211476,-0.17411184329222898,0.04550523714766788,0.12684174848570992,-0.139030417003783,0.07740482386127572,-0.06054536310161597,0.07061730554765913,0.022518641621657082,-0.025932109435747756,-0.16813540049419431,-0.0833482757866655,0.06586779208851763,0.15071849589838215,-0.2382322713257965,-0.12926023922503335,-0.1665697229450482,-0.09802103605869104,-0.0969189390129234,-0.11708481892467137,0.3337692156305351,0.33779967396280275,0.031654676258992806,-0.03952242461350069,0.1900155255734622,0.05479871422011327,-0.011956878266383853,-0.08389057750759879,0.1835778793378671,-0.01070609729297757,0.19682491089195514,-0.10895016509588681,-0.009254116463667972,-0.10763377140233102,-0.1591087008812403,-0.10870088124029652
0.028785725219216723,0.6738412388113175,0.4138199470818482,0.5709868579300693,1.0,0.37773501563490847,0.24194091535282414,0.5528022566749032,0.6331460059915593,-0.025680610526776147,-0.07816142222999715,-0.09030635673831755,-0.03638900217268981,0.011869410246878485,-0.07527068648261315,0.13300824386083837,-0.015648028689510398,-0.05539349675274977,-0.13210732325993307,-0.045841989022763555,-0.06969889134285277,-0.12886225973628393,-0.2080426843935186,-0.22236119918654743,-0.11612266965814562,-0.06709671776256806,0.23430495725000547,0.03817979051409329,0.09680960398854169,-0.10891517788808466,-0.22412805318055587,-0.14157136297041395,-0.031641556056067,-0.2621897618683169,-0.09745249393190615,0.179340053792832,0.03772495681266537,-0.03902823030329536,0.09380507751853229,-0.10061008943604995,0.05402024884651549,-0.07881743237628742,-0.10044827359996501,0.23566971602397155,-0.05151429008768669,0.19328245610198772,0.24769876855842204,0.018971813430714395,-0.018941199623887517,0.23142288600730357,0.2416260304826048,0.6285714285714286,0.39186110078502545,0.54965340797271,0.6520216046008178,0.3495834335571057,0.43406004679539045,0.8120006122761365,-0.017865342983971487,-0.07162763948708606,-0.07261157639238154,0.14358312741903742,0.04663357459928714,0.05368787037239509,0.09230937438499048,-0.05380819773045324,0.24094377993046293,0.09855896437864906,-0.28270101244232576,0.0383853403599309,0.007054295773107957,0.1197262250989482,-0.09835341453281143,0.006221169689240439,0.04792372788699132,-0.12672366665937768,0.18771074325949574,-0.04985682562906222,-0.1546347116835407,-0.10870525464127179,-0.06568410924755637,-0.0925586582405808,0.005764142485403774,-0.02190638943648883,0.2286370295860576,0.21048983237841667,0.10157223765060899,0.06851369967855503,0.25913712798757954,0.07520937657169098,0.11790251689226126,-0.12756773304760446,0.18328923487349938,-0.0048697873103474365,0.06932715225995495,0.1632634318077453,0.19145000109335025,0.1134941287091907,0.16506527300955587,0.16469790732763334
0.22716319345739214,0.2024646328144404,0.6680151319673744,-0.10118737836478538,0.37773501563490847,1.0,0.19717040956900134,-0.052966259211475804,0.600424219894601,0.30895891189783736,0.5093656381885373,0.5578054273906103,0.3301622427766206,0.306916533642387,0.38328309383492964,0.05110319039601146,0.5045155365069647,-0.1878113314819269,0.15139402156086681,0.14201744986989132,0.23053945901029935,-0.18646432398154425,-0.12872231090507533,0.43088058428637027,0.22622753299474826,0.2153725044280685,0.03261245107257659,0.36941680697994794,0.5052196540639828,-0.17085565590081125,0.047014060484135485,0.15737246069405875,-0.2219063654851195,-0.169189390129234,-0.18694977148979905,0.27775906934027245,0.4759703483413877,0.2343967986704861,0.034790404758260264,0.1885766766525989,0.12102075178762765,-0.116236251120684,-0.30636985852047843,0.5709175077276025,0.14420415035752554,0.3691850167282587,0.06196022606138061,0.30220638079202294,0.5057838227897925,0.4604185344733332,0.43374078852419584,0.12618573833941965,0.32995560998010104,0.005287441779099517,0.5568695195819029,0.7961207933349369,-0.052738842360761845,0.20591721151953818,0.199527672694671,0.2573049543035304,0.44013907415101355,0.4742078677483545,0.4342306094334259,0.37430626927029803,0.35236054317640114,0.3669877839845888,0.24546587653889046,0.13965581334324637,-0.23203953554481643,-0.12741903741444535,0.1909033259714417,0.04563206577595067,-0.13994008440663883,0.05635351988098958,0.621407797773939,0.28412674116026326,0.4549211694474208,0.0006407039433910188,0.07277339222846646,0.18923706019986442,0.35543067066103956,0.13386105705101572,0.21987710743259495,0.07919581814946255,0.19337429752246835,-0.14868704892428572,0.42344580262841397,0.29457042268920425,0.3342196759309877,0.24283746255275415,0.24935820340687936,0.27522687017559205,0.03558199033478385,0.25422607665064795,0.003048260479762087,0.5200061227613654,0.3503662723316787,0.3405654807461022,0.6129452668867945,0.48707441341759417
0.05622006953707551,0.4028715782202428,0.4343005838490302,0.25689357328726686,0.24194091535282414,0.19717040956900134,1.0,0.4857536463230631,0.4201613784959874,0.4232315059806258,0.2335396120793335,0.37714460650324727,0.18742490025980507,0.219649690581881,0.20787453573576936,0.3423935623537644,0.2107585663991603,0.1281012879665872,0.11265443572193917,0.19153309571188035,0.16242811222146902,-0.11661673700553235,-0.23079311626686494,0.4627932912029039,0.32007863383570095,0.1234086287201242,-0.0017231199842557565,0.08920425969254991,0.39895038376593556,-0.0924187094093722,-0.051164418009665216,0.22288600730357963,-0.2050556515274103,-0.28498830115239115,-0.2262141654457589,-0.1766372919901161,-0.14267783341715684,0.3193676062189762,0.26557477422317466,0.30329535763486476,-0.08224617874089786,0.11679167304454309,-0.14981085040781963,0.18531869554437566,-0.141050928254357,0.10298921956659596,-0.21660166692373373,-0.11502481905053465,0.0005291815180074785,-0.04832608077671601,0.2548337014279154,0.42216876954363564,0.44709715510266557,0.25610636111171853,0.2751087883492598,0.36150969801666266,0.5665259889352955,0.4367934224049332,0.4141348319520675,0.1578318403620374,0.30576195578491616,0.22838337232949202,0.40651636745314995,0.1191445627692375,0.40279022982222124,0.2582561700556638,0.5592486497124489,0.38810872274824515,0.06236469790732763,0.27786840436465415,0.3417725394152763,0.2630600686623953,0.07307078349478471,0.3859924187013511,0.47821390304170036,0.33466138942948986,0.36242811222146903,0.2918920337322531,-0.0044215083859963705,0.24128053180555858,0.46375981281843826,-0.1794756292230653,-0.11987492073210733,0.25774010817634546,0.1546740722923181,-0.011117197434129488,-0.03755876757560517,0.10929129037195776,0.1332006735037502,0.3993439898537097,0.204447748791848,0.3514814895803722,0.4183595372941768,0.3157445887305781,0.36157967243226696,0.21552557346220289,0.17425378845859482,0.15296844591196343,0.11076075309964795,0.015919179549977038
-0.004329666965515734,0.7581451948848804,0.4404627058231834,0.7337254816207824,0.5528022566749032,-0.052966259211475804,0.4857536463230631,1.0,0.4637117054077103,-0.18020598718593514,-0.14741860007434782,-0.1518094946535173,0.026695327115209253,0.03468106973387855,-0.12085032128139266,0.3071483238940762,0.007955216374013252,0.4023397695217686,0.14437033959458573,0.187828825085828,-0.011563272178609696,-0.03496096739629573,-0.014554678445693293,-0.15367693686995693,-0.13767481322832267,0.07227919791826114,0.1366206730664101,-0.11861538125123001,-0.054378867726487506,-0.006096520959524174,-0.17466926155124532,-0.0647788152456758,-0.017979051409328463,-0.1326452515798911,-0.16879141064048458,-0.05347357372460694,-0.20991012660995823,0.0025671863724825612,-0.1873696179834248,-0.3360477575386499,-0.11309614922044127,0.02111915330957119,-0.08280160066475695,-0.0428506296064519,-0.1573637138921082,-0.0028558308368502767,0.043270476559117685,-0.23275239990378518,-0.1916074435284599,-0.08170387701996458,0.199820690560014,0.8288250858279942,0.23752378036780303,0.6290087686689554,0.26202794603223195,0.20171437318230523,0.8135619164243073,0.8118869038507796,-0.009621482145590518,-0.10715718785642829,0.009083553825632503,0.05316743565633815,0.15871072139249087,-0.11620126391288185,0.13567164505477686,-0.1513570131388947,0.3943539393409285,0.26079902035818153,0.10021210994730052,0.4944785812687236,0.25257265312370164,0.3530296735256172,0.23103802672147997,-0.060873434730782196,-0.039452450197896394,0.02854518816557696,0.06890293236535391,0.2801231988403402,-0.1705451444315672,-0.06934464586385602,0.20526557477422316,-0.24519035227744856,-0.12035599483938685,0.06725423373015077,0.19221534626402223,0.2033852347262753,-0.15649340709802978,-0.08684699656688023,0.1962170081563928,0.1841289278607509,-0.09240121580547113,-0.15127593973453457,0.10686405283068379,0.048142450572343586,0.2720823948743741,-0.10158973125451007,0.02263672344798933,-0.03360958649493779,0.023568257855721503,-0.15915680829196824
0.01666703111674794,0.5386723870817187,0.7700990575320898,0.17699153746911286,0.6331460059915593,0.600424219894601,0.4201613784959874,0.4637117054077103,1.0,0.11205965318930267,0.23487349937679036,0.3104633618333297,0.16230181595224946,0.17312982440795086,0.03669506100356548,0.016295292033850124,0.20036736568192254,-0.03764186219413527,0.01818897465614135,0.1703527147886554,0.07088845640812579,-0.29116791673044545,-0.25574336883077126,0.14882683518838424,-0.014307596933813775,0.139323434869126,0.1772320745227526,0.16576064376462357,0.29767116398066956,-0.2678751831361658,-0.20582537009905752,0.12557783560385735,-0.2761890183901511,-0.4043515339703921,-0.2911722901314207,0.2712820624958999,0.1141588856574315,0.13366425400712864,0.0785156677089939,0.11768822024447312,0.17365025912400778,-0.07086658940324944,-0.2111171852791323,0.3883015769410129,-0.057881961907677505,0.4093721982900002,0.30478483390369826,0.14993767903610242,0.190973300387046,0.3725962694889681,0.28501891495921805,0.488683824976493,0.4154993330563513,0.2162296910192211,0.7610111303054821,0.7010867901423542,0.3999737595941484,0.6599943145787321,0.14109903566508494,0.055756549995167916,0.25135247425160173,0.25427390610308104,0.25168485272572216,0.004377774376243686,0.16284358531411952,0.04803092872554174,0.5600883426997004,0.14631650302858018,-0.28936607552863486,0.08061052677614747,0.17019089895257047,0.066248277973366,-0.20037173908289782,0.07835393754125251,0.43127419037414444,0.12211847543242002,0.2788874067918917,0.017987817878274817,-0.14357438061708688,0.2818831864599506,0.27443528459906846,0.015569307471955566,0.14956156655222935,-0.020574687383502033,0.2908399116573003,0.014714323669208757,0.15390872712164616,0.22116288731932388,0.35176576064376464,0.4447836259867486,0.26821630841223676,-0.01790907699372417,0.27011873783647855,0.13121091951957234,0.2191948568804531,0.30786556165402024,0.48681638276005335,0.2693184054580044,0.37067197305985,0.3146268395617852
0.049729942489777176,-0.13241797950848647,0.07436968358443943,-0.05775950668036999,-0.025680610526776147,0.30895891189783736,0.4232315059806258,-0.18020598718593514,0.11205965318930267,1.0,0.27380114145765455,0.42335396120793334,0.10268123159804071,0.12575714504384333,0.03313510871742017,-0.09893507686252213,0.11556712077146793,-0.3322385252891911,-0.13702739935711006,-0.019461634339944456,-0.0018280816076621984,-0.11769259364544839,-0.26608646213728104,0.5600139948831209,0.549938280311584,0.14410793553606963,0.12445824495418863,0.09552819750278804,0.3290328223743194,0.07980582099669808,-0.16419933961645272,0.23309789858083138,-0.0967396295729374,-0.14618530099932212,-0.06306006866239532,0.037243882705385846,0.07644267564671667,0.2609171021845138,0.5977170846909099,0.6750038267258534,-0.09823095930550392,0.18932015481839454,-0.2125866480068225,0.0680436334692776,-0.0566224224268002,-0.15642780608340076,-0.3493673321898966,-0.15149460978329798,0.031479740219982066,-0.011843169841026874,0.058594826266646256,-0.25420830508845205,0.1600096214821456,-0.1135772233277208,0.005864730707834948,0.22066869300911854,-0.07946906912160241,-0.12384596881765104,0.7626905162799851,0.29383163918545385,0.4893966893354617,0.1626117950624303,0.15264918764076885,0.04258380529618858,0.00190680282521703,0.1259234719594376,0.18725153615709256,-0.02716319345739214,-0.12954888368940107,-0.18920207299206226,-0.050447180249721196,0.05136996785550283,-0.14759353611335854,0.6211351393316119,0.45605825370099057,0.38028470840349,0.31315737683409506,0.17500839147240072,-0.100268964159979,0.15584614375369005,0.15342327961339136,0.16385384093940653,0.08389932430954933,0.13446035999697525,0.23497408759922153,0.02617046004950073,0.18898340294329885,0.1746299009424679,0.15273228225929894,0.31692724847477644,0.21748048369814788,0.5137040519560035,0.5908027377490105,0.08472161632335029,0.17472174236294855,0.10195709693643262,-0.0033150379392534604,0.08223305853797205,0.08007697185716472,0.09154402921431852
-0.05838927642080864,0.04635372761775706,0.4498042903063567,-0.20735168703942622,-0.07816142222999715,0.5093656381885373,0.2335396120793335,-0.14741860007434782,0.23487349937679036,0.27380114145765455,1.0,0.8163696398504297,0.6018213088133733,0.3148717500164003,0.37365504106103664,0.012411711967811769,0.5278651243139227,-0.20855874570860028,0.16234501760293893,-0.10671973059849993,0.13200236163652665,0.023778181102534386,-0.05015416238437821,0.5739126631825239,0.24618994357227938,0.49304847914981087,-0.11922328398679233,0.44760446961579675,0.34049987973147317,0.029223065316743565,0.3923290546893792,0.25676237125800877,-0.26464323981544247,-0.040257155977345783,-0.10196584373838315,0.22580743915505894,0.35289847149635917,0.34407294832826746,0.05635127156633356,0.1477815923552951,0.10791804246572347,0.28426668999147187,0.042163958802562816,0.3928608524426179,0.23510966302945485,0.14227985392840742,-0.12123518098800296,0.1051846668561807,0.2813496315409678,0.16717762568061054,0.2628282784107061,-0.008466904288119656,0.21272222343705582,-0.09650783932124816,0.11349850211016597,0.39781329951236577,-0.12353545734840699,-0.04327480265028099,0.35180512125254204,0.6924719473358618,0.6571953379545603,0.5595372941768166,0.4247753165248956,0.2837768690822418,0.25100697557455554,0.3107107987043456,0.103592748901183,0.33072970195272355,-0.021687695436356083,-0.09150029520456583,-0.047901860882114976,0.19917780061664953,-0.12984627495571932,0.18742667711921845,0.6728608602479719,0.49914062670835974,0.1613216417747261,0.12181903065655382,0.23092431829612298,0.37023900636329843,0.40385296625921147,0.06040978767138265,0.2963372766832127,0.02641099736613217,-0.017432376287419914,-0.24108399235105743,0.27230543832411275,0.3224639741094662,0.18166232971069954,0.18516542389188953,0.29160963022894754,0.3899193107520063,0.057081629529203384,0.3882425359632943,0.3145437449432551,0.3696048632218845,0.1629747873433776,0.13617021276595745,0.29764055017384267,0.25946513306072466
0.13663816667031117,-0.06099807679485485,0.45755395683453237,-0.22180140386171307,-0.09030635673831755,0.5578054273906103,0.37714460650324727,-0.1518094946535173,0.3104633618333297,0.42335396120793334,0.8163696398504297,1.0,0.572068964389263,0.4152894098095384,0.5211000427503527,0.075926614331635,0.5894513568476526,-0.1831886466510682,0.19645754521003259,0.11320985764579826,0.342354201744987,-0.09592617699153747,-0.12621197874527126,0.7507511316175024,0.2628307524774181,0.5099560473201985,-0.135706632262579,0.4380660820887363,0.5781898493363364,-0.07380551485862981,0.3287441779099517,0.34194747545428705,-0.23241127462771424,-0.12763770746320877,-0.14910673285080142,0.23632984190155473,0.40239662373444707,0.49966980822636725,0.13669502088298965,0.3203603682403621,0.12274824517285868,0.2236382322713258,-0.0582143403817979,0.4779082874948599,0.18886094771599135,0.21342196759309878,-0.1392339323806701,0.1903741444534342,0.38373532177297676,0.254370120924537,0.3919791826113577,-0.040921912925586584,0.30181714810522403,-0.18203406879359735,0.1241564802868951,0.4916621110406508,-0.08810216264678226,-0.04564955937985174,0.37126238219151125,0.5349090714278759,0.6497255690888019,0.5335767859876233,0.487625461940478,0.36426056723010647,0.3530471671295183,0.5058390433615271,0.29869016640790713,0.339275327458398,-0.07623275239990379,-0.04319608143272616,0.14172005860357306,0.18459250836412935,-0.14046489252367103,0.27819015349577486,0.7922372132688985,0.5772670617305548,0.3229537950186963,0.17960046751718275,0.30181714810522403,0.5387723863462421,0.48420108897684283,0.09804290306356739,0.24665981500513876,0.09068912847868849,0.03605431764011283,-0.2878728738416296,0.29258052524545713,0.28942292974131334,0.23501344820799894,0.3201373247906234,0.3773545297500601,0.5581334324637555,0.13799392097264437,0.45034271100889683,0.3339004176597931,0.44476175898187226,0.3046598587391485,0.23458048151144736,0.4474863877894645,0.33456080120705867
-0.0244889390861098,0.19606917001280183,0.44396069611890476,-0.03214022918900276,-0.03638900217268981,0.3301622427766206,0.18742490025980507,0.026695327115209253,0.16230181595224946,0.10268123159804071,0.6018213088133733,0.572068964389263,1.0,0.6479017993358834,0.47983853333098186,0.1910920090058901,0.691869930258681,0.1505395154482594,0.5557145777989412,-0.0478473503119179,0.31073115850845634,0.43409864457159203,0.33182632730600087,0.42469798834057265,0.007716899769976553,0.3538923943046556,-0.09947333146058887,0.2343122859089136,0.12286016988597903,0.1851835249081431,0.28999242305951756,0.2369756958389861,-0.059150442207274764,0.3308860430121329,0.31469128608100255,0.04548570603894722,0.23201842957340782,0.08394114695048638,-0.11829651099922922,-0.030469584536642016,-0.011771047334630686,0.1003108404944294,0.10359308869232661,0.12253885783789914,0.30415135515904085,-0.01262167661443216,-0.1520222694555228,-0.099654828196382,0.1413903305981582,-0.022719892589041953,0.34051849025512904,0.17337093012796942,0.33347291817409985,0.021751181095591945,0.11973099122429288,0.3176805154524386,0.027215763538326866,0.00886709956194082,0.21806723470159958,0.3273789218652592,0.5009616046962442,0.8404763961353607,0.7206732435582826,0.514934666644654,0.3023779352466527,0.38275298048671463,-0.026347640597244128,0.5959806126530911,0.20182218349428557,0.13738209545708852,0.03645241669483439,0.3536649767079991,0.1099345409067849,0.12592169828679506,0.44569694200107024,0.2814139689087176,0.0008309489108600522,0.2166767255334193,0.03126554612493954,0.24306786338018635,0.26886008023175034,0.027285738183451924,0.24836625604074927,0.12294558590738501,-0.11042217671500014,-0.21578236112256058,0.06872384834344662,0.1796817684351855,0.018687603663710542,-0.05528871647943568,0.15431377286969217,0.2846415494151109,0.058282319266192026,0.2179428306529479,0.16991811873257986,0.1344540939001369,-0.04065745552531829,-0.078719289058029,0.19085147116327272,-0.0887125430649512
0.13785834554241105,0.18284334788595027,0.34664888150270057,-0.014196059565721283,0.011869410246878485,0.306916533642387,0.219649690581881,0.03468106973387855,0.17312982440795086,0.12575714504384333,0.3148717500164003,0.4152894098095384,0.6479017993358834,1.0,0.6674167057543795,0.18035905622006954,0.6415123220572478,0.07412039972884914,0.5820034549867704,0.052642627539305945,0.4193041919048348,0.22517766941462028,0.2969845400275524,0.2441451094443594,-0.11168584951773478,0.028029126850495287,0.11976995910870088,0.21215368131027093,0.2627276901882749,0.02807286086024797,0.22113227351249698,0.2193435525136122,0.07818766263584877,0.0692090704336227,0.14738361286654567,-0.11221709562441233,0.12882727252848178,0.2659333931031467,-0.028829459228969408,0.008803656163215325,0.021543373204172225,-0.04143797424066826,-0.10828103474667075,0.27676223651613546,0.3768778290437559,0.2573702739935711,-0.046611758557416234,0.18604010408694321,0.2703505280881678,0.05369224377337036,0.2443681528940981,0.1245588331766198,0.3651658612319871,0.09031947694124336,0.12874417790995168,0.3157945376221819,0.06323500470140604,0.12493494566049289,0.19128381185629004,0.14756964375338877,0.34940849751809494,0.7142988344886401,0.7093918785943889,0.6865627255034877,0.43202204194091537,0.6829422961914998,0.07286086024797184,0.41709999781329954,0.002107979270079377,0.0567055170453303,0.1654501322953795,0.1471168354070543,0.12049594367059543,0.08465382853411779,0.3537381644836107,0.15391310052262142,0.23703395945857295,0.14355485726852218,0.095934923793488,0.12287507380114146,0.14324200214296648,0.018420764907830574,0.2318777197087315,0.03289675810366719,0.044678664363342155,-0.20298725480239418,0.07568607727799523,0.17968992587085347,-0.06961579672432266,-0.0926679932649625,0.10403446239968511,0.3366819006800639,0.14358750082001268,0.2538630839728223,-0.04200214296647788,0.36055629660405414,0.16536266427587412,0.15968598980997573,0.21718746583280488,-0.022256237563140976
0.281997203207187,0.013384822953407871,0.25670579771483026,-0.1323152044731985,-0.07527068648261315,0.38328309383492964,0.20787453573576936,-0.12085032128139266,0.03669506100356548,0.03313510871742017,0.37365504106103664,0.5211000427503527,0.47983853333098186,0.6674167057543795,1.0,0.22948572028366507,0.5988941843547175,0.12281616716913506,0.44902412917318085,0.3044415215517789,0.6873725562232752,0.0773349339998866,0.2593779486323177,0.3538588199022691,-0.023338705339278256,0.08101515494434763,-0.1550744080322897,0.19648837384758835,0.5510272583450608,-0.1122237784258378,0.39084908579442773,0.08985380797911384,0.07409642703687602,0.08099110121268449,0.07838017797579412,-0.07410080044263295,0.28192722871507603,0.23968231580595967,-0.24402292101971795,-0.07964190553666996,0.036463270498447914,-0.125083778054106,-0.22385058696585394,0.4437918344051834,0.30158350088962166,0.2788942718226414,-0.10616891423523263,0.39423628855317405,0.49981686363422717,0.22683762309784075,0.38925935280178176,-0.05262737817608072,0.4105228515920011,0.006999635913974919,-0.030788776528824387,0.3561351775987539,-0.11803166127104786,-0.001285781292538973,0.0055564120141862764,0.19108523995810273,0.25578738250587385,0.4394507439712495,0.5984371634531178,0.6937599153312792,0.6213691165396079,0.9003824547516012,0.07126246010638196,0.43491333549842914,0.06094122252001469,0.07200593908506095,0.42711555303381354,0.09552392854298043,0.1750499388270916,-0.045245118727162595,0.439046203938733,0.25967315352091086,0.3916887796997593,0.11175813290357285,0.47568659737033675,0.11441922811581932,0.23982445149306006,-0.004767012275059458,0.1748203350248525,0.17401363192064884,-0.01245983300150862,-0.27897111143668724,0.16706847332068472,-0.02996001613788515,0.04909366632447701,-0.11318811439524204,0.20558943122777068,0.35184049314544347,-0.11479315430803728,0.33062765001344824,-0.15505254100350502,0.5576311010380332,0.22380247950252766,0.3779715925431318,0.4840223087430554,0.23373448397652768
0.5073145131311364,0.39160787169325595,0.23854715619601582,0.04309986661127026,0.13300824386083837,0.05110319039601146,0.3423935623537644,0.3071483238940762,0.016295292033850124,-0.09893507686252213,0.012411711967811769,0.075926614331635,0.1910920090058901,0.18035905622006954,0.22948572028366507,1.0,0.3856246309942927,0.6402003017646672,0.297955435044062,0.3147143075812906,0.28011633246594214,0.33494566049288227,0.3762830465111194,0.11334980647700685,-0.009505597412698836,-0.10211453937154227,-0.22583367956091055,-0.037571887778530974,0.2913122389626293,-0.30055323522337146,0.11795937110493976,0.130720955150773,0.3884717150291925,0.36976667905796945,0.28602479718352974,-0.11990116113795893,-0.005164986551792001,0.29581684196715574,-0.36703330344842666,-0.08245610198771074,0.19611641993396164,-0.21467713367300081,0.10884520347248038,0.19509544411400448,0.22147339878856792,0.15066803699897224,-0.03922944963970948,0.21321641774726116,0.31763136603179465,0.15972097701777788,0.6247796899258709,0.45786884170475173,0.472130502285102,0.060029301786534296,0.21755045811375215,0.06364173099210602,0.5742275480527432,0.22396623734447094,-0.22805099385537164,0.01375654780843993,-0.044368152894098095,0.20070849095799348,0.29407622837899894,0.36511338042028385,0.47056045133498065,0.2593320278718699,0.28889812162428113,0.45002733375609544,0.40044608689947736,0.6400034987207802,0.481270910323413,0.4383328595482277,0.18782445168485273,-0.15610434508804796,0.17217204959436705,0.10051387461459405,0.24242198946010365,-0.047197794928845564,0.2075616102862391,-0.0856749251055083,0.45079705232774264,-0.008108285408147646,-0.06656316284358531,0.6049819651683714,-0.1699940959086834,0.12033644610495275,0.018149614047363934,-0.02202444731145175,0.04703592748901183,-0.11707157070696027,0.08603791738645558,0.18988869694517943,-0.3136078371345477,0.24288146211715783,-0.16971857164724147,0.21468588047495135,0.013351993177494479,0.23269117229013142,0.3431676543263869,0.051662985720845815
0.4101812774704249,0.1761104897231484,0.5880737355404431,-0.10456801731866786,-0.015648028689510398,0.5045155365069647,0.2107585663991603,0.007955216374013252,0.20036736568192254,0.11556712077146793,0.5278651243139227,0.5894513568476526,0.691869930258681,0.6415123220572478,0.5988941843547175,0.3856246309942927,1.0,0.25056526207605345,0.6588616037261377,0.14733987885679298,0.4669261551245326,0.3084384771817804,0.37630928691697096,0.5195381688570117,0.12585131076444814,0.35049747436093676,-0.17511972185169797,0.3057400887800398,0.3674925105508299,0.012039972884913954,0.269996282609171,0.21193501126150752,-0.026126697426253526,0.261035184010846,0.1529159651002602,0.10272244210710459,0.3666528175635783,0.26053224289869015,-0.2682512956200389,-0.11067328508014257,-0.023069690144540904,-0.05947387986267521,-0.09072182983096805,0.2774685415458805,0.2506133694867814,0.11249699328682951,-0.21644422431648405,0.11917954997703964,0.39500120268526817,0.039894163696398505,0.591038901401675,0.19275327458398023,0.3285167610592377,-0.013448207998950384,0.15004264065950887,0.36944742078677484,0.11254510069755745,0.013588156830158973,0.11612254269532703,0.3369643534632281,0.47368743303229754,0.6423476416435241,0.6871006538234458,0.6549605300561983,0.6179047035927488,0.5704364330943397,0.1636220506877173,0.5796461918611008,0.25215718003105114,0.28435415801097724,0.3998338107629398,0.39974634274343446,0.22927117272747152,-0.035065967359107095,0.6290437558767575,0.4403883580066038,0.2714001443222322,0.2959789814121091,0.08061490017712274,0.12715225995495397,0.5152172486934464,0.004858848483523212,0.13051540530493538,0.22856730507470865,-0.05402899564846603,-0.19754892474364516,0.2672147995889003,0.09223502656841093,0.20708053617895958,0.020353808138899216,0.02879009862019199,0.3787583914631213,-0.1065010605497365,0.2586147893277325,-0.027316262491526536,0.33508560932409087,0.054042115851391834,0.15317836915877633,0.4987339004176598,0.06176554197371586
0.23483413876801296,0.3013167231384486,0.14779033915724563,-0.0016050381579235092,-0.05539349675274977,-0.1878113314819269,0.1281012879665872,0.4023397695217686,-0.03764186219413527,-0.3322385252891911,-0.20855874570860028,-0.1831886466510682,0.1505395154482594,0.07412039972884914,0.12281616716913506,0.6402003017646672,0.25056526207605345,1.0,0.44834357438061706,0.5244013907415102,0.339682053749098,0.507550676783801,0.645343421311583,-0.0015438105442697513,-0.09096683974425387,-0.07415976033762656,-0.1099910345280007,-0.32601517570138416,-0.11618377030898078,-0.01619470381141895,-0.06352364916577376,-0.013557543023332095,0.131438192910717,0.46566224224268005,0.3295138964815989,-0.1976908442850583,-0.2860816513962083,-0.20862872012420458,-0.6207255472217971,-0.36602304782313966,-0.03294920294767226,-0.2877347969648597,0.005016290918632875,-0.22049181134452767,0.0833482757866655,-0.05173296013645011,-0.0358291266636923,0.021622094421727057,0.14260785900155257,-0.07775906934027246,0.3124007784653736,0.4146508932671492,0.19823314600599157,0.02719380726421902,0.08972469440860685,-0.04576764120618399,0.5924252695108351,0.1660055542192386,-0.2204106623515777,-0.1431546906417626,-0.10085499989066497,-0.029966543482539198,0.165148367628086,0.08439351861975465,0.2901620345061337,0.04386744644493935,0.14671010911635432,0.37640987513940216,0.6518991493735103,0.8670267433469637,0.551315300343312,0.48580612713476634,0.5057575823839409,-0.21492883922170597,-0.10171218648181758,0.08349259801884935,-0.11594323325534102,0.18419691696772175,0.047223983730948375,-0.2395486650193523,0.3314950471233955,-0.2803962301283593,-0.21992084144234764,0.37402678055037614,-0.280732982003455,-0.05873483931564084,-0.3486256587435219,-0.4186656753624456,-0.04648487896612801,-0.22824342349828344,-0.30545144431567206,-0.04919201416981916,-0.37016028514574356,-0.11605488186891312,-0.13927095405742276,-0.1993090026459076,-0.2809953860619711,-0.07923727886991319,0.1742581618595701,-0.33456954800900923
0.2454352627320636,0.1919859526208235,0.3854190811484551,-0.013474448404801994,-0.13210732325993307,0.15139402156086681,0.11265443572193917,0.14437033959458573,0.01818897465614135,-0.13702739935711006,0.16234501760293893,0.19645754521003259,0.5557145777989412,0.5820034549867704,0.44902412917318085,0.297955435044062,0.6588616037261377,0.44834357438061706,1.0,0.1559642255800223,0.4334521440598281,0.4122805099385537,0.5376396754936477,0.2251339354048676,0.0795850512618298,0.18437383831536594,-0.1468238175417113,-0.05656556821412171,0.045352168113533486,0.14252913778399773,0.016461481270910322,0.14530624740329318,0.056631169228750736,0.4115501519756839,0.08074610220638079,-0.10029957796680589,0.04443812730970239,-0.055599046598587394,-0.3177756882639785,-0.23345214405982812,-0.24844416260304827,-0.1613653757844788,-0.2846559226782708,-0.04825397241914544,-0.03324659421399051,-0.1132579650565262,-0.2497017883950984,-0.07261157639238154,0.11485425641249918,-0.24693533926658065,0.3231680916664844,0.26141566989569437,0.15532133563665784,-0.010163783866523802,-0.014309767991078262,0.20104524283308914,0.23910695152085018,-0.007216111609192889,-0.03199580153506374,-0.044906130312211474,0.12469878200782838,0.4349740875992215,0.5618158360849315,0.38813933655507205,0.44508101725306687,0.379005903004647,0.012770330847783779,0.4900920600905294,0.47008812402965167,0.4155999212787824,0.4191642430736262,0.3834904113183617,0.49738251951630186,-0.12724424049803204,0.1246288075922241,0.2006647569482408,0.08595919616890074,0.3789534221355637,-0.09611860663444928,-0.017642299534232797,0.29979226345367477,0.013894294898427762,-0.018630688154643457,0.1773962710156874,-0.03018084013032735,-0.06782058977567389,0.032507489449170146,0.041241171196781175,0.07941221490892393,-0.11482364260567231,-0.19076775054120837,0.12561282281165947,-0.20454396361330388,0.030876244643963092,-0.16783800922787606,0.05279569657344033,-0.1589425116441801,-0.001163324659421399,0.1973103584002099,-0.2805492991624937
