0,1,2,3,4,5,6,7,8,9,10,11,12,13,14,15,16,17,18,19,20,21,22,23,24,25,26,27,28,29,30,31,32,33,34,35,36,37,38,39,40,41,42,43,44,45,46,47,48,49,50,51,52,53,54,55,56,57,58,59,60,61,62,63,64,65,66,67,68,69,70,71,72,73,74,75,76,77,78,79,80,81,82,83,84,85,86,87,88,89,90,91,92,93,94,95,96,97,98,99
1.0,0.21261726181364937,0.5141463275968257,-0.21773000560902303,0.11550383274353927,-0.10496599680741729,0.019610351414097806,0.058262575195466744,0.133393103146662,-0.19071964313048043,0.013010867901423542,-0.31256512274528614,-0.3736156804092242,-0.028960692922425438,-0.013973016115982595,0.43136431672667613,-0.40107148323894076,0.018114626839561786,0.1507686252214034,-0.33608711814742737,-0.04846826930123527,0.12704729833154751,-0.21617283680654262,-0.27536244560582535,0.5248299840370865,0.1835583997272092,-0.026616518335483588,-0.4522626361361914,-0.11672607202991406,-0.3174170693840065,0.6169469287791651,0.47824451684852726,0.3628217183092432,0.1455249174520566,-0.10267433469637664,-0.317408669621092,-0.3191252313806891,0.38589578185475937,0.050232883601933044,-0.2192779514989832,-0.1636789049003958,0.6903063567383175,-0.09879950143228881,0.27811768822024446,-0.0397279744593383,-0.0995540219479963,-0.059399532046095646,0.014716494281778224,-0.04061577485731779,-0.48429293039732346,0.9334805711661673,0.5897881087227482,0.25660492882289915,-0.16479412214908923,-0.02807723426122324,0.36614809007925725,-0.04149045505237148,0.07908858323675406,-0.12116507401981151,-0.03946994380179747,-0.34975000519362837,-0.5386018237082066,-0.32483689929924653,-0.06673809888259605,-0.024027464958124686,-0.22232621197874528,-0.15819903347838446,-0.3750366272331679,-0.12291238209578764,-0.03294705226987195,-0.14144016094115588,-0.4313091775819466,-0.03274806230793139,-0.3841144609015348,-0.15258375345371505,-0.011327108525945201,0.21423104677352342,-0.4532199164680414,-0.18482867201679387,0.18298747020620584,-0.25062211628873193,-0.2518554153637576,-0.12736655660274213,-0.146215914806149,-0.18887406791891714,-0.2535348013382607,-0.3232861734928167,-0.31680041984649365,-0.2057466488815027,-0.42485668896035644,0.1478909273796768,0.35628785725219214,-0.019804967970281424,0.31687511411874586,-0.10295423235879382,0.3166910848221119,-0.288570116551136,-0.1902516892261267,-0.14600177778952747,-0.4030482604797621
0.21261726181364937,1.0,0.19712907779097938,0.34873318835514094,0.5165167135170846,-0.012936520084843979,-0.1724149618585381,0.4085202784122916,0.08000699744156042,0.2535697885460628,0.38535785353480134,0.1402004550529528,0.13223866987245214,0.2618729766166493,0.2113970829415495,0.3983669702905995,0.024176160591283812,0.23325096761496578,-0.04103562135094356,0.09768865758457064,0.2554724972913745,-0.213181430539459,0.12386783582252739,0.08616911941571363,0.16552885351293434,0.18633988578862004,-0.15465220528744178,-0.12630395826029095,0.032288819400406725,-0.01434038179790514,0.18467560298265948,0.06558789442610045,-0.18455314775535195,0.4316590496599681,-0.25612822811659486,-0.3224687000818661,-0.36393077336049107,0.2873236972731845,0.36193391791126367,0.014908923924690036,-0.41414795215499334,0.08310773873302574,-0.24679976383634733,-0.14891430320788962,-0.23897574949159214,-0.2921478779690338,-0.38463624237388205,-0.2633662067306641,-0.15882880321882312,-0.4374188187443966,0.3067328508014257,0.6315453412346111,0.3964794122149089,0.38450941374559927,0.31846231221709564,0.26746437587689104,0.38212153681310274,0.46453390479106077,0.13941527628960662,0.3227438717718834,0.08501900791482189,-0.0731713717172159,0.05405748185859856,0.009708950165095888,0.3063873521243795,0.1673613085215718,-0.22396186394349565,0.04733769215630535,0.2591155442869016,0.39927445198516354,0.19931337604688285,-0.14178128621722683,0.11818035706678366,-0.0037020920209399942,0.15602343708154465,0.09261551245325927,0.009424679101703439,0.16719074588353633,-0.11999300255843957,0.2415691762699263,0.14444906081214057,-0.13957271872471627,-0.02844022654217052,-0.008864883776869082,-0.018022785419081148,-0.34957906015613044,-0.10114364435503269,-0.09416369639850429,0.2627670507970523,-0.15163691110733857,-0.05092825435700072,0.053316131289497276,-0.023607644275936653,-0.12188025833715091,-0.11471868098226586,-0.1711574205681048,-0.2955937985174171,-0.23719140189368262,-0.09062134068945599,-0.3094356126041416
0.5141463275968257,0.19712907779097938,1.0,-0.3031910589994949,0.1544185660024185,0.44566535355185455,0.198907084706402,-0.02595184651063143,0.19340074938319204,-0.14499152105967542,-0.12105587135196862,-0.1154624116297733,-0.32511715273480296,-0.06479426383473756,-0.1445060730206556,0.3266500331285848,-0.1125495971547295,-0.12952278489739533,0.13012412818897393,-0.09792055489778097,-0.192959246373896,-0.13008039413140457,-0.08395845701876509,-0.18821607685834527,0.19216526225685784,0.08441994362673816,0.23348738655126083,-0.021604648060720433,0.0723470647341019,0.15412537898303474,0.39593535668974345,0.28089947836219625,0.3835017641227764,-0.03404696381774117,-0.3138181034946481,-0.11380488903564111,0.0613764434988159,0.49547625842046894,0.15319384355680754,-0.008976415316109666,-0.2876126561990919,0.49481150074541475,-0.03560170956433167,0.4422409768441742,-0.08673775637729746,0.14988552597915195,0.09082470405715347,-0.03521684985772136,0.33425721529968516,0.043690323511783466,0.4581208131476062,0.4486895636327753,0.0474995599260741,-0.0939385689560914,0.5564437213750252,0.6658080203975868,-0.08844338462250222,-0.030156819396947237,-0.0875993173114137,0.16096757228976,-0.24440367453953454,-0.3458620474757129,-0.10571189283394816,-0.12422003041711129,-0.15146853498569657,-0.3542655466376641,-0.15671224848826196,-0.16563180952953147,-0.11240977107382535,-0.22348346522810617,-0.24332536280148676,-0.501620893508963,-0.21881484947814278,-0.272420040301185,-0.12717221834689454,-0.04321580898715599,0.2089328999289477,-0.18109617228605462,-0.08675306329744673,0.010918207472188931,-0.3256372325527657,-0.3315522638390207,-0.27959183004087257,-0.5200198115283897,-0.19992368406966102,-0.22718968226127403,0.023432708045659244,-0.26021326913189236,-0.0912751648501178,-0.30165161848990507,-0.07481147887813494,0.17303161207026596,0.07235807736125902,0.2515148400753101,-0.14000802519964767,0.3417685396872215,-0.17052783727442053,-0.2935932885717009,-0.02396410304629911,-0.14267580271137817
-0.21773000560902303,0.34873318835514094,-0.3031910589994949,1.0,0.5389200737357017,-0.06430437154709792,-0.11559908070910478,0.5977212319477189,0.0842952092620491,0.0962018064353054,0.17660249787080362,0.4059968205305384,0.4629648662064381,0.21655598293495207,0.1529314392113914,0.028278472542635286,0.022280315628706797,0.13223429646669518,-0.14008455980039403,0.24561265401236393,0.14669730969650718,-0.25622690978444584,0.25176822261525034,0.08692799952772413,-0.17472412009819993,0.1719253283884638,0.059178739999969775,-0.01746958839646716,0.026972980005898352,0.04507013302809655,-0.07490550710190905,-0.02185172186452714,-0.34122405067048306,0.17070714691045488,-0.1624742105730242,-0.2106387584762163,-0.1433254101712409,-0.03545957387723127,0.16451877776439144,0.09021898735981794,-0.3121146619523218,-0.3338089412095993,-0.3569114571206099,-0.15075785655019458,0.10360816908467531,-0.1548406001193941,-0.3507777555465082,-0.2624765066111064,-0.13158921911754723,-0.18936190916666232,-0.15245255128100701,0.11192201342860927,0.15229510867375734,0.8120561676506217,0.11589306585590652,-0.09906430881526496,0.5538634119784334,0.5627982799398522,0.022002604363141404,0.06391076502897375,0.1722817613473603,0.3086290575640444,0.3836333857413696,0.18497100978669928,0.12127672834269385,0.21260000065613793,-0.15045390485008758,0.13131588125773877,0.11976147418922435,0.29239529508494255,0.16875004783422634,-0.06631176478953121,0.2001950541100219,-0.010244725387791392,0.10778270272397876,0.12836820577756441,-0.16226210039381284,0.2959724213034737,0.21228074203588165,0.1710220321249542,0.13821930224506113,0.09419659989575058,0.26309753022859117,0.09448961808146523,0.28857699216849614,-0.15468517491992245,0.012825012382212715,0.1412959931950651,0.3087099655705477,-0.005108143509093414,-0.148262828565863,-0.18127110851633205,0.02019203645675025,-0.16026581589253655,-0.0226651753353171,-0.11948363198235037,0.014963607797354068,0.04863008531424187,0.08000717239328331,-0.06857062886298829
0.11550383274353927,0.5165167135170846,0.1544185660024185,0.5389200737357017,1.0,0.1284491137840677,0.09542344454187432,0.5213351599634437,0.22002385692853557,0.1891191851471524,0.25290749481493197,0.25188001985528385,0.32442615386970297,0.32275551104395495,0.2673441072185753,0.32602244871629465,0.06894892846096319,0.03662508651145452,0.16131307134455788,-0.07831239018656164,0.12516482290967376,-0.10511262066506104,0.21292363268215114,-0.015407508481683,-0.022942886600882492,0.16754098432350992,-0.06951747120936477,0.01750020227023741,0.14577436069016683,0.04124777639653512,0.012542927710890389,0.16302525969839804,0.0033828293529894406,0.21609872526168616,-0.41030855470991123,-0.30336818212630845,0.03473799990815838,0.34571553838285557,0.4938690318047952,0.3807487051987857,-0.26541762198264535,0.03759816929237262,-0.15395262945563581,0.001644400564607666,0.009267246798945862,-0.021539046902641322,-0.3172249865793007,-0.10965440254363833,-0.010500547222401613,-0.16607352351098195,0.1749143632486266,0.2911113808046401,0.08547602881642162,0.5954085799664401,0.4923099126524478,0.16910666529633137,0.373362022875322,0.5412898704272445,0.10351632756377967,0.35344115965248174,0.2123531354073504,0.20191795709482352,0.379546433593041,0.31474089210936146,0.24484512130202177,0.05637976031553119,-0.04778601800315336,0.16704660629190005,0.0588835994918097,0.15565186777430579,0.06374020220445327,-0.07761701867120892,-0.05830849600598283,0.047084189338297604,0.13879455685324366,0.10867257295120636,0.10930015667732658,0.14058968816532005,-0.22256043226755803,0.18202770771228186,-0.008486593871332914,-0.08181986160362373,-0.08422304806705966,-0.09522435024863037,-0.09213891248711252,-0.25765482676408524,0.05726537498131058,0.03416285907029996,0.05678211364516924,-0.07517018033758356,-0.0753209806488179,0.03903701978640433,0.05180960794561227,-0.1586935748039072,-0.0031575989565072737,-0.05171770977863818,0.08029572969733179,-0.06552455175328287,-0.12033220426451262,-0.1378628696758709
-0.10496599680741729,-0.012936520084843979,0.44566535355185455,-0.06430437154709792,0.1284491137840677,1.0,0.4872433220830383,0.060761979318286835,0.2934158448317334,0.22387876932496556,0.0906037480046358,0.21161379765794902,-0.03672348814098556,0.1007567085311535,0.12078021473398788,0.1326453966078471,0.12879665872165488,-0.12142310467735234,0.20978767138265073,0.19691675231243577,0.03365773070537393,-0.3651308740241849,0.013115829524829984,-0.06733725481620782,-0.2749732129190265,0.19910585719311413,0.044809866392600206,0.026962046491506016,0.27387111587325885,0.14327261594979335,-0.09979663685465003,0.03637357591130743,0.10171218648181758,-0.11527410290612494,-0.30180840130327347,0.2492360206819848,0.22297153240870995,0.1753121514946098,0.16239749841464216,0.32050906387352124,-0.07073976077496666,-0.12342174892305001,-0.06763464608252608,0.24917014716494282,0.02315715816404627,0.17955454675673493,0.1213881174695502,-0.06310817607312326,0.6710502722442108,0.4249371323609805,-0.09087927226607771,0.012088080295641906,-0.053228663269991906,-0.06096520959524174,0.7034484266689991,0.6111309736626225,0.02512956200389233,0.1083422623603245,0.2268220681813212,0.35493210294985894,0.1453107796799317,0.050180402790229825,-0.0317071917377808,0.23324222081301524,-0.01854322013513809,-0.0064245260326693055,0.3904834794778159,0.04448623472043034,-0.015468736162280092,-0.07537783492365806,0.04894710371520413,-0.12249021451531783,-0.1856860616279582,0.30471300586765876,0.1107652476058999,0.18650368459032166,0.11259320810828541,-0.05696792110384641,0.04802868951039776,0.17423629485469375,-0.21099035665084953,-0.09685333799829438,-0.16576501716559883,-0.36980603966674686,-0.14755417550458114,0.004788874067918917,0.0718418578207343,-0.005952198727340316,0.022654217051890402,-0.02785859467167775,-0.005877850910760753,-0.01511447377052765,0.2939978286042174,0.024834384590757,-0.07614965778137368,0.08567055170453303,0.13040607028055368,0.005663554262972601,0.41057095905532737,0.24540027552426144
0.019610351414097806,-0.1724149618585381,0.198907084706402,-0.11559908070910478,0.09542344454187432,0.4872433220830383,1.0,-0.026798102375108542,0.008650596587217988,-0.10188723391932127,0.08784641473668055,0.1552407671836767,-0.05000776280370603,-0.2634826780142092,-0.20304410907723436,0.30838667071936043,-0.03573947184567513,-0.24505067137259773,0.024644141440330315,-0.2758678750388422,-0.42745714604348484,0.09975301190993685,0.16288968411993304,-0.15241100392631612,-0.45394858405548993,-0.11900924757658389,0.25156267254467435,0.1107784889429248,-0.12548613138374407,0.16426949363624613,0.1785770905700599,0.16260103933997533,0.5513749441027372,-0.37893155510677906,-0.0369443451317108,0.44861133281872867,0.3854920852202778,0.16061551312632671,-0.06868871081842554,0.5582718049814241,0.415965555056507,0.09083345086866734,0.38710107706073416,0.4142183794566114,0.4394113833194371,0.6749921825286622,0.5947744361316845,0.4946737384640713,0.684551709510052,0.5359608755124189,-0.010312490774853396,-0.2176162970593427,-0.24091342952653697,-0.0019964597280409564,0.24926663452228334,0.1399425771196281,0.011854116304173082,-0.245337129449677,-0.11726194185782725,0.22840548906170205,0.03230857035396198,0.1926660172160269,0.006656330839760425,0.10751143372274004,-0.38135442189612123,-0.41361703616503276,0.631436696592073,-0.14540918130946273,-0.4413733383773335,-0.526307157742358,-0.4498616363756339,0.07169542727631854,-0.232741975338338,0.16787136036186925,0.10696706165852848,-0.11530265607872024,-0.060167129701037145,-0.10106503363701744,-0.06807862071533308,-0.11108669292903464,-0.3045902173475147,-0.12520404671242172,-0.17698735757741393,-0.3292256119763311,-0.24083908162866904,0.26814881387785144,-0.05150122619366988,0.16419295903549977,-0.3985528400352692,0.05400943344653178,-0.009424689406195534,-0.07986713593315212,0.17112062084936006,0.08111145855428167,0.09921945640759075,0.1324420332401496,0.41982945904275937,0.12897392247489994,0.3382570646980488,0.3745843897843854
0.058262575195466744,0.4085202784122916,-0.02595184651063143,0.5977212319477189,0.5213351599634437,0.060761979318286835,-0.026798102375108542,1.0,0.1310426866738754,0.15560594696402244,0.2370016772035082,0.3744299526470694,0.32444181553609586,0.19844153345073237,0.24047416517117076,0.3294799899850758,-0.024773183996000706,0.5648740785784176,0.06730460148405912,0.3002062063076131,0.2538636390971727,0.07934897410741262,0.39786665034021856,0.12037156495964788,-0.10738253565995291,0.2770777276172993,-0.0074238643893037685,-0.07892265287004631,0.07229684961389136,-0.07542602485427242,-0.0043821573596950665,0.010883232125350473,-0.20754019711010918,0.4404308684073166,0.015442512611859562,-0.23096224977244711,-0.13153702588085714,0.024414564331834043,0.13870708864280312,0.04943047261272804,-0.12854984266686323,-0.19485949325338678,-0.1671517507859735,-0.1244978778028338,-0.003621183925975564,-0.2306539239923663,-0.3277718129325213,0.029109420545040284,-0.12973285021755934,-0.2882077544949151,0.04511828982165086,0.28518572781273016,0.149465678567803,0.5473367023185602,0.14561270388328068,0.17452332506403817,0.7384263156876584,0.7250174389762561,0.07834308968353051,0.2255236612449057,0.19289166940927782,0.16920288032858527,0.21431047094042333,0.270814700782832,0.28918739845556546,0.18527297735273648,-0.12774732183302684,0.2690128556409214,0.20082067138497292,0.43027737293340845,0.24143412878439738,-0.1285673363090177,0.2750091021707997,0.0026131185109379237,0.247259781963527,0.14655736055962215,0.14067731009045048,0.2110476723620807,0.0715205692432867,0.26873951748225783,0.16600591722485564,-0.011886929843963265,-0.0057488481530131395,0.03861721505599545,0.0637949395268183,-0.24772965325473775,-0.062716893829049,0.007430424505111695,0.4266830523791715,-0.040093284948805805,-0.15641502791366674,-0.17750798694142053,-0.11216279601194962,-0.14830688692652888,-0.0692879431633223,-0.2001863072894233,-0.1829200824829601,-0.02913566100827199,0.013966501825362567,-0.19335504002810225
0.133393103146662,0.08000699744156042,0.19340074938319204,0.0842952092620491,0.22002385692853557,0.2934158448317334,0.008650596587217988,0.1310426866738754,1.0,0.21354879622138156,0.06557477422317465,0.19225710377775349,0.03216202593650207,0.14767679219443366,0.2221950099494872,-0.06907357052503585,-0.11920579038289125,-0.2500273337560954,0.22874636461043932,-0.0412105573899543,0.11215161723084838,-0.13938028908180447,-0.3072182983096805,-0.029083116485534976,-0.04336227066978636,0.30678566703749616,-0.16391944195403554,-0.027025460874981578,0.3237278869913188,-0.19269204697032646,0.021674575233430277,0.0367234479893289,-0.10374144453434213,-0.07741794406420152,-0.25333799829437365,0.12322726731028698,0.144952160407863,0.20715488399553914,0.19499245588331765,0.21500513874614594,-0.04994423913756533,0.02965165861231987,-0.19191795499770398,0.1711268067612779,-0.12990750256937308,-0.09698683276867529,-0.3859307690625615,-0.3150510594563863,0.15314338195097418,0.1178019286698301,0.16965734403358773,0.05947387986267521,-0.16655660274212242,-0.04148608165139621,0.24669917561391616,0.4291032659503406,-0.1054077103059194,0.36171962126347557,0.2203975421486519,0.25312807504756074,0.2443421796399742,-0.10791804246572347,0.11237466092445207,0.19532920775841334,0.13482757866655004,0.029253679123570443,0.19184798058209968,0.03374953532614638,0.037891187478087285,0.03632550821710445,0.10638735212437953,0.006087774157573637,-0.028733275823064803,0.11849537183858083,0.15678878308900834,0.1588331766197984,0.19074151013535676,0.07583914631212962,-0.040160941155889876,0.24473551857602063,-0.053136821849511275,0.17084690909886072,0.08968096039885416,0.14545931643742757,0.0795259233342809,-0.01669764492357482,0.1554262972600643,0.2955369443047386,0.20673941090288864,0.037283284077873284,0.1462727690188275,-0.03469418993680436,0.3323154231436059,0.0988171030779527,0.015914806149001773,0.22508145459316437,0.0003848592858236207,0.15050184776191206,0.09312948889105836,0.11519100828759485
-0.19071964313048043,0.2535697885460628,-0.14499152105967542,0.0962018064353054,0.1891191851471524,0.22387876932496556,-0.10188723391932127,0.15560594696402244,0.21354879622138156,1.0,0.3566814633399663,0.3194204362692822,0.16798032842100571,0.2500494741527748,0.39181299337429754,0.10309648061111387,0.1354573484069887,0.18015350637423191,0.02545319367606219,0.34780345936017143,0.4351582462208175,-0.1707113336686274,-0.19561785222278105,0.3012660995823402,0.06013426340994074,0.5595444660566924,-0.38131245763267807,-0.006586349069944535,0.2981128774791717,-0.3621001071483239,-0.2878922393999694,-0.1292252520172312,-0.35070739760774966,0.36544138549342897,-0.013675624849664341,-0.22247077744954086,0.101600775842242,0.05069209070433623,0.432538103255997,0.13248343574380617,-0.07432594957468676,-0.20082657278432572,-0.08788786599899412,-0.20939843869585184,-0.11213837440685749,-0.4369622760955533,-0.46093459578841484,-0.307568170387702,-0.19664560145196913,-0.12931272003673658,-0.09588681638276006,0.0887625461940478,0.17812862172268265,0.018062146027858564,0.1541099035665085,0.09795554214383645,0.023577004657672037,0.2895497583695961,0.8915221622094421,0.5557368087293083,0.5839808707235682,0.14276530143666222,0.2019791847754206,0.22606546981259976,0.5413701865255516,0.2361942664713214,0.17883273927970086,0.21024250508407863,0.33581633445203257,0.29500152522543405,0.3925477247381426,0.18945573024862786,-0.06661790319251669,0.6688934615341735,0.4577775007956868,0.7222059434519253,0.22299971572893662,-0.018941199623887517,-0.0687673569351206,0.34986333121952284,0.411047210863528,0.11081323391135116,0.021985086702674336,0.3388817213706239,-0.05006669436487284,-0.1960683125232337,0.2722923181211869,0.09422929741313332,0.19234654829328027,0.1817193826064179,0.04846165620694933,-0.029581684196715575,0.23370168343335068,-0.10343760626015483,0.16114670573571538,-0.16612363604557084,-0.24784500666943649,-0.022225623756314098,0.013494143463023814,0.0126566224224268
0.013010867901423542,0.38535785353480134,-0.12105587135196862,0.17660249787080362,0.25290749481493197,0.0906037480046358,0.08784641473668055,0.2370016772035082,0.06557477422317465,0.3566814633399663,1.0,0.34417609955641437,0.09928068408818784,-0.10859603835045999,0.025789945551157857,0.17049941013700046,-0.15460409787671384,0.16728696070499224,-0.19120071723775994,-0.037738077015591176,0.11701484443256041,-0.3339179112636942,0.09844962935426735,-0.15271478865539787,-0.14385865168047932,0.012291456879866611,-0.3176444862347204,-0.1643394681283571,-0.23685465001858697,-0.2148739367168879,-0.13907852441451093,-0.20974393737289804,-0.0749294789092738,0.017441123089370448,-0.18693227788589797,-0.06564263370872012,-0.2661020599836057,0.03660099276202139,0.17690844285058274,0.4558833176619798,-0.06505871290809298,-0.31613128949727753,-0.136358269007894,-0.1975334018499486,0.01926045789508211,-0.23150186033761222,-0.28638778946447707,-0.1581378058647307,-0.11072139249087053,-0.19717915637095187,0.009332837681222802,0.113743412564781,0.08514574358750082,0.1872471627561173,0.205523605431764,0.05417337711115734,0.11805558592639566,0.2925586582405808,0.32945266886794516,0.6474732675865387,0.35367076345472087,0.20516935995276728,-0.03388077439897763,0.11068640528306838,0.12811003476853774,0.15693074719555664,0.36994161509698015,-0.07433032297566203,-0.11414589025601087,0.20168397988682749,0.0766613456954801,0.19505368349697141,0.07052772793921683,0.3915448854066465,0.21810830520699792,0.0873236972731845,-0.23719577529465788,-0.15686951958190287,-0.12355732435328333,0.11843607181124402,0.0914478143928626,0.03495659399532046,0.08236863396820537,0.20531368218495114,-0.02069493341497015,0.02282477968992587,-0.1909164461743675,0.12077584133301261,0.04099188734119088,0.08568376558987605,0.0749294789092738,-0.21834641709125102,0.16941261880640202,-0.2464304808889108,-0.10855218560713739,-0.19036539765148366,0.05597953248343574,0.03783429183704708,0.0016159734271875867,0.06296822724191467
-0.31256512274528614,0.1402004550529528,-0.1154624116297733,0.4059968205305384,0.25188001985528385,0.21161379765794902,0.1552407671836767,0.3744299526470694,0.19225710377775349,0.3194204362692822,0.34417609955641437,1.0,0.521785051245438,0.035186274488365636,-0.06278461304656291,0.0667076309453783,0.2291599015547734,0.08867080172186284,-0.15163691110733857,0.15714740236107702,-0.12195473957433595,-0.16463248631407176,0.33910950898700487,0.3801604821244779,-0.33252315991706033,0.19526184702247276,-0.062078308016817865,0.24334093577865296,0.0558658851390913,0.060639457522786155,-0.18162316767976533,-0.07154891818346122,-0.2018304889796848,-0.0033653357299616997,0.020323216552478256,0.078874459063784,0.23592800491571345,-0.060127769049224726,0.08699578731695663,0.4507734914759549,0.012177748330186294,-0.3842824170503894,-0.15500224683730027,-0.12175124286732132,0.23844901538250393,-0.08975987789437777,-0.22490020434751842,-0.22116750253397416,-0.03764409005282044,0.2186637277381287,-0.2766791418067537,-0.08637257699659336,-0.1207934670065525,0.2766354077491843,0.20928933249813794,-0.02272424115860392,0.22047431772149992,0.22264352697693982,0.1897227151416095,0.42312919368636703,0.5400506003599317,0.5585298359210834,0.33698877564185264,0.1433514939008247,0.06837819900968314,0.02410183912647034,0.20480221819152233,0.3739065118920604,-0.021554353839526447,0.06950442698481771,-0.04100942578278214,0.23188015993558714,0.11567670874616506,0.299032272525181,0.4370327284177657,0.16034654867227519,-0.018965274064949852,0.3995740302795136,0.26187735002240625,0.1212461145023953,0.2773285925616586,0.06948467066618777,0.18557672648403484,0.00581225625096699,0.273141056549393,-0.031700631629145395,0.2804643244893812,0.36242850848298375,0.15800458988943633,0.45659280705168714,-0.10687291648222749,-0.20940522775069673,0.2856908567292575,-0.10523300437997066,0.09162503731067263,-0.03177716622989176,0.09007466496983907,-0.061549125920228695,0.12416768530687128,0.28989994740996905
-0.3736156804092242,0.13223866987245214,-0.32511715273480296,0.4629648662064381,0.32442615386970297,-0.03672348814098556,-0.05000776280370603,0.32444181553609586,0.03216202593650207,0.16798032842100571,0.09928068408818784,0.521785051245438,1.0,0.5032177368037803,0.16350414762878246,-0.014388520672018264,0.6429431271385697,0.22339137936137574,0.20521987844130965,0.11718322055420242,0.10422055984028304,0.014283543202150632,0.3117626027888885,0.48180936543004615,-0.19814589462946683,0.2722448060283091,-0.10084636334917067,0.36196969663837797,0.35567159658851877,0.03609153100910842,-0.004624876587959061,0.11803166127104786,-0.3230175625043615,0.324567934845195,0.040716407597067475,-0.006662890955568336,0.20929393473559454,0.035264957321047646,-0.045140107520207515,0.1731912413803941,-0.0024644141440330314,-0.27802615077988974,-0.01830926320140956,-0.12413693570772952,0.09383142051504648,-0.1269732281673879,-0.0938576609495881,-0.10739116506442432,-0.10729713684065022,0.08309252267889189,-0.2503206253097047,-0.13170292766722755,0.10248420380514293,0.24187339209018424,0.009241006364404251,-0.1470034484342097,0.37145740466817667,0.3243733182890114,0.07038996565787337,0.21136888693556066,0.5493440977544723,0.699959217991735,0.5124150191664717,0.38045350031019254,0.35129163072294806,0.20358422468821585,-0.08961108395960393,0.6801455032099397,0.39018912813874207,0.3110347708004872,0.13098787582596863,0.18876275257796218,0.020336359004524292,0.19451420649310733,0.26742749432003304,-0.010391212078478231,0.2378760992283454,0.3629992379342638,0.24551643908571133,0.22607227709037708,0.2427283929156651,-0.09988640078552338,0.10299370557582589,0.021246005167191603,-0.09667850766281134,-0.2421729703845343,0.24736638972089497,0.048035302131298675,0.3509330114508794,0.19141980586430618,-0.09715302218743882,0.03560389626721013,-0.10516302981135293,-0.11446746073224012,-0.10743271241911521,-0.17780955785971778,-0.11568751578533056,-0.17342521858839016,-0.06366155050523825,0.13332764790592902
-0.028960692922425438,0.2618729766166493,-0.06479426383473756,0.21655598293495207,0.32275551104395495,0.1007567085311535,-0.2634826780142092,0.19844153345073237,0.14767679219443366,0.2500494741527748,-0.10859603835045999,0.035186274488365636,0.5032177368037803,1.0,0.4942976255689749,0.19329162557483015,0.5596887884466712,0.159176662632295,0.6611736690363544,0.06716676561501206,0.5417146830698718,-0.11474067343895407,0.09855907213829351,0.2331331406849491,0.15680190330627913,0.46689874898591543,-0.1837814434208129,-0.08666459658567839,0.6316269397424996,0.02843151082583627,0.06370084155264086,0.2033655544003691,-0.2558311165634432,0.5892486379577968,-0.21324945141104282,-0.2991128536722435,-0.05885298561803944,0.29988661945593076,0.33975239963327436,-0.0029498621830528478,-0.3361443398838027,0.017860989111323694,-0.13214901505443497,-0.056795233862440044,-0.2316046353729002,-0.1746477764487469,-0.1543724764083016,-0.23686584249849335,-0.1542981285104337,-0.25707535050129127,0.14018514813280353,0.24093966996107857,0.4191537678533129,-0.0411340678468548,0.1864842081785989,0.2023905062004028,0.15588348809732272,0.34007603165928757,0.16989806684542183,0.10664768608574532,0.18463883282419546,0.08467788226578093,0.21651443553483532,0.4768477365988031,0.598288467657382,0.27331599277967045,-0.32775833434487933,0.4313009023432006,0.5996711195274967,0.48944149360716716,0.3511013875725214,-0.13214901505443497,-0.07766083763932045,0.11318180178157838,-0.043003745826126316,0.17127131625309952,0.41433646141204866,0.014917687036906248,0.09944906020982985,0.5541695503814189,-0.05219003760038719,-0.22649212404304286,0.13460249568407565,-0.0417485313557042,-0.1875316388573849,-0.4827146604217318,0.05960077365551403,-0.2903023007396071,0.25578519580299536,-0.24629298789221293,0.1642323196873122,0.3593868047790353,0.01329516803736642,0.1489583629449672,-0.020122039887659232,-0.06399385973835552,-0.1954190761400177,-0.22497892565114325,-0.027021117012785666,-0.2483635262334762
-0.013973016115982595,0.2113970829415495,-0.1445060730206556,0.1529314392113914,0.2673441072185753,0.12078021473398788,-0.20304410907723436,0.24047416517117076,0.2221950099494872,0.39181299337429754,0.025789945551157857,-0.06278461304656291,0.16350414762878246,0.4942976255689749,1.0,0.11164211546016542,0.18523539830749383,0.17291990116113795,0.350012026852682,0.37016465854671887,0.7626060687569545,0.08126653692243774,0.0647788152456758,0.15860575976908442,0.1851173164811616,0.48133266420254023,-0.26075528634842887,-0.18077472696291988,0.5806826878922394,-0.15628785725219216,-0.1877457304672979,-0.031103627736108985,-0.24286807635958102,0.4333734228422733,0.01840764470490477,-0.07228583705350482,-0.04681074851935679,0.03225820559357985,0.18943823664472678,-0.08807592224093067,0.00015744243510966302,-0.03768122280291269,-0.07034615468719249,-0.23567820515623975,-0.35725000546675123,-0.34687449090844347,-0.24900395792788263,-0.12052218407644705,-0.14739673306947149,-0.17714897990422251,0.11217773501563491,0.1674006691303492,0.15648903369705452,0.02962979160744353,0.06211104065076207,0.133294847362752,0.16917189652533293,0.3387505193413658,0.4260479762086987,0.2922306531674357,0.17467163922911672,-0.07499945332487809,0.02215567356463414,0.2780214733987886,0.47579541230237693,0.6646476132164177,-0.06571472305438324,0.11376090616868208,0.30014465039558996,0.31975500180968774,0.713874614594039,-0.05568214121711749,-0.05527547536190503,0.23632817198056105,0.1845096154793426,0.18199470818481991,0.3923115610854781,0.0029170584505040344,-0.4053705363976296,0.2930003717390829,0.17659355798036344,-0.11858476744440315,-0.27047735671645057,0.03067066103955741,-0.4005116879141064,-0.3516345586145066,-0.1132317246506746,-0.3772320745227526,0.2344405326802388,-0.20185235600846949,-0.10315540880365616,0.14260785900155257,0.04710158000219299,-0.14004738585146007,-0.12815814217926572,-0.37570575758238395,-0.32568717062823904,-0.1513415407491636,-0.06722361988985222,-0.1520194179003302
0.43136431672667613,0.3983669702905995,0.3266500331285848,0.028278472542635286,0.32602244871629465,0.1326453966078471,0.30838667071936043,0.3294799899850758,-0.06907357052503585,0.10309648061111387,0.17049941013700046,0.0667076309453783,-0.014388520672018264,0.19329162557483015,0.11164211546016542,1.0,-0.08452262636140973,0.24475327978112613,0.20775208037457518,0.006332691536042288,0.11381800926725694,0.08516114360192228,0.24523872782014594,-0.1310840907526212,0.12434248577830548,0.31354729515491714,0.09738043928679946,-0.24647229772429582,0.06995262508217984,0.02882949074971738,0.3157139748902796,0.3480290700282744,0.36883773461977243,0.3419237955915927,-0.1091492741787123,-0.18218972292257532,-0.15923806441596383,0.4838692395415627,0.47222723341660094,0.20575124724077729,-0.03187338115654434,0.3841315345517751,0.09605529734244807,0.11248836947413239,0.06502817019987071,0.14573953278855217,0.1143601871381007,0.17649534942975872,0.12008278857105051,-0.2674446955509848,0.4715099948724636,0.5040065863493712,0.5027645391144016,0.17908877904362133,0.24906764456034278,0.35060976276434536,0.3770181900881199,0.27974489924236534,0.052270945606890495,0.20689707954909434,-0.04480996437857116,-0.08817004676269376,-0.04961852926576997,0.14021138856734514,0.06317384615893015,-0.21444339118268615,-0.07259853556512569,-0.12037799345964365,-0.007834964979915112,0.08666131652777444,-0.08422304806705966,-0.2798892216323442,-0.1691285323490244,-0.043753833571892845,-0.010036977186103925,0.12907451080730944,0.10173853812358546,-0.23753934698506138,-0.09755756221995535,0.25347603756333353,-0.1350988772374878,-0.3018568387494301,-0.1719623143626953,-0.2071551104887535,-0.27035082367646834,-0.2781857800900179,-0.307201140584405,-0.3490524469753972,0.03202207695228013,-0.27488197258308933,0.0305919732697623,0.1959788720769054,0.0911462490351163,0.12150427828885939,-0.048877182739508716,-0.14822565461692905,-0.15958120266481152,-0.3181718289256772,0.0405043417033122,-0.2988960430519849
-0.40107148323894076,0.024176160591283812,-0.1125495971547295,0.022280315628706797,0.06894892846096319,0.12879665872165488,-0.03573947184567513,-0.024773183996000706,-0.11920579038289125,0.1354573484069887,-0.15460409787671384,0.2291599015547734,0.6429431271385697,0.5596887884466712,0.18523539830749383,-0.08452262636140973,1.0,0.10102556252870044,0.3503269117229013,0.1479215411865037,0.13030562452788674,-0.06540858498611445,0.21924296429118104,0.6069449607487263,-0.19825938641184318,0.07210652741747046,-0.06041853447333319,0.49410519571566974,0.5267499070652293,0.17896831470993418,0.010828540814764602,0.061201373247906234,-0.29711574205681046,0.32676740066913035,-0.017895956790798365,0.09530744495801213,0.4313424496978915,0.01279657125363539,-0.09660842754367935,0.11811681354004942,-0.023034702936738753,-0.20900483260807767,-0.015166954582230871,-0.0913953335811594,-0.048658459250836415,0.0025759359908348813,0.12898471496359143,-0.13719796199514553,0.0288163390260436,0.32604578950821106,-0.2703111674793903,-0.18951258446130634,0.08582362073866742,-0.1802672147995889,0.14176379261332575,0.008926121149904912,0.02960355120159192,-0.001058363036014957,0.006210229384881153,0.14375806345804815,0.26493654734938243,0.47134329010955367,0.3651006594004712,0.2397979488749426,0.30898515230368895,0.18329360827447463,-0.14354376681026,0.6402571559773458,0.509995965533494,0.19968096005015112,0.15444665544160416,0.14838074828890688,-0.1806522716017257,0.25195436783504255,0.14924903156405192,-0.11854103343465046,0.34981522380879493,0.27997638363473354,0.15627473704926637,0.02442544444687411,0.23577004657672038,-0.2394262097920448,0.07920229166211104,-0.22102293848811527,-0.19003739257833854,-0.3035227744855787,0.4123417375522075,-0.14053049353830005,0.2826179178237957,0.27373583973233623,-0.14639522424613502,0.22890818044652425,-0.07880877173997379,0.0428506296064519,-0.09353392665806565,-0.20683125232336927,-0.055677767816142226,-0.3249786796702456,0.016205655032323688,0.3531258883470731
0.018114626839561786,0.23325096761496578,-0.12952278489739533,0.13223429646669518,0.03662508651145452,-0.12142310467735234,-0.24505067137259773,0.5648740785784176,-0.2500273337560954,0.18015350637423191,0.16728696070499224,0.08867080172186284,0.22339137936137574,0.159176662632295,0.17291990116113795,0.24475327978112613,0.10102556252870044,1.0,0.02045439636133039,0.436854650018587,0.31845828700275647,0.17020839255647155,0.43359209289103673,0.09965668802344142,0.18086637073320067,0.186307085245443,-0.19163368393431152,-0.1168945757742447,-0.03193894732238525,-0.16774616780739543,-0.0651811681354005,-0.029319280138199472,-0.25183792175985653,0.6880365616321532,0.36012332990750257,-0.14100078830647197,-0.30902266408216855,-0.08864883776869083,0.07811331481926921,-0.3262600861559992,0.05066585029848462,-0.14596225754958345,-0.005663554262972601,-0.31918392337801493,-0.0319870547331132,-0.42014653096013715,-0.15918742209879513,0.10922131595635345,-0.2962410618617568,-0.40320570291487173,-0.015844831733397475,0.20645513983949618,0.3512365791257571,0.14129146530799677,-0.15709256303164157,-0.005777269004911508,0.4989569438673985,0.359642255800223,0.1656688023441429,0.03250311604819488,0.1383767448523108,0.18690603748004636,0.0826529954003199,0.13592967571231768,0.29837965493866303,0.31318361723994664,-0.17712711289934618,0.20996698082263673,0.36317417416454123,0.6016887906333992,0.2843191708031751,-0.0019986442456976666,0.31619286282066394,0.1382063331361314,0.163805912626011,0.07605781636089305,0.14340819138002667,-0.06711421136646914,0.13832629944676478,0.1950012026852682,0.292252520172312,-0.02362511206839999,0.013465701602851458,0.12201351380901358,-0.08873193238722092,-0.20668255669021013,-0.1877457304672979,-0.28884126741160265,0.5257702652467692,-0.03533930521891555,-0.08447661323828476,-0.02070368021692069,-0.2820649909964195,-0.10582985920919842,-0.10130983359209289,-0.3738689291727712,-0.40057728892873545,-0.20848002449104547,-0.07067642373495263,-0.2627014497824233
0.1507686252214034,-0.04103562135094356,0.13012412818897393,-0.14008455980039403,0.16131307134455788,0.20978767138265073,0.024644141440330315,0.06730460148405912,0.22874636461043932,0.02545319367606219,-0.19120071723775994,-0.15163691110733857,0.20521987844130965,0.6611736690363544,0.350012026852682,0.20775208037457518,0.3503269117229013,0.02045439636133039,1.0,-0.19931774944785813,0.30000251470848954,0.17136734381491767,0.01834641709125101,-0.0590321663641731,0.11210338719905534,0.28031781539652384,0.024421071045898843,-0.1049333110290267,0.560455708381623,0.011209026699612955,0.13730729701952724,0.32573090463799176,0.14302333209420307,0.39111762261922983,-0.16915440292143186,-0.06544583044965803,0.07454907453271882,0.36825348232052657,0.20878616255931426,0.011838796440051607,-0.07710743259495746,0.252887537993921,0.11812556034199996,0.25260326693052854,-0.08332203538081388,0.1479982375175684,0.12361417856596182,0.04578076140910979,0.10601998644245697,-0.03459360171437318,0.25623756314097657,0.12902407557236886,0.14276092803568696,-0.2672191729898756,0.1697841726618705,0.24141199778282757,-0.013225164549211695,0.17864468303776432,0.018538846734162822,0.0399641381120028,-0.09041579061888003,-0.05495615665522294,-0.05666621839261045,0.550484354158011,0.43029454855568433,0.06764339288447661,-0.08944479674618967,0.3814524064638866,0.41977260476791917,0.27911512881336664,0.12263891014847696,-0.04441188690385078,-0.09854376521814424,-0.0017668578576016038,-0.23652034344369546,0.08177385143556887,0.4491745205659181,-0.1149898318427325,0.004264065950886707,0.40658196846777894,-0.34277404823861274,-0.10653167435656338,0.0328879753340185,-0.05800004373400975,-0.24901707813080842,-0.16611051584264502,0.07544554022435547,-0.21163761999518926,0.024023091557149417,-0.2873480651507973,0.21217992171612254,0.5296625921147581,0.21584288102490545,0.33648109212708677,0.09907939909470599,0.13386980385296626,0.07545428702630601,0.036080558045964446,0.03932785126924052,-0.1326452515798911
