0,1,2,3,4,5,6,7,8,9,10,11,12,13,14,15,16,17,18,19,20,21,22,23,24,25,26,27,28,29,30,31,32,33,34,35,36,37,38,39,40,41,42,43,44,45,46,47,48,49,50,51,52,53,54,55,56,57,58,59,60,61,62,63,64,65,66,67,68,69,70,71,72,73,74,75,76,77,78,79,80,81,82,83,84,85,86,87,88,89,90,91,92,93,94,95,96,97,98,99
1.0,0.10237514479718976,0.2440597835811759,-0.01806158550175954,0.11080167839237454,0.13405315979645205,0.03609648751055568,0.13657082583841104,0.2557989508678414,0.15306285416956425,0.06904432285142945,0.07081173964278396,0.014216028858994867,-0.12965435837751169,0.16817278039360245,0.25848142671928026,0.028742830773287625,-0.042941588264285874,-0.15760997523144007,0.10463778909909056,0.005718117824149089,0.09426650217078063,0.16465925545153182,-0.04439348420494178,0.16178835979252465,0.03712458679826337,0.012449423969870574,0.039332268870831716,-0.005027483997752308,0.0352959827216535,-0.029595144544147974,0.3854477647080983,0.40290661719233145,-0.030358763627718804,0.06737587260978613,-0.07856248175319966,-0.053120556021208666,0.32896194933903417,0.09873991128523399,0.09107233110133763,0.19183704861732417,0.06603222738103086,0.1683806886852572,-0.016870246021805122,0.00908730253717023,0.04230277065018998,0.08281771407224635,0.20076503143943317,0.31971702929419493,0.24693375273505802,0.08439674900878671,-0.06297461301087116,-0.1772772791627034,-0.1461925794775686,-0.047992616520535304,0.15954845251436986,-0.08495239350931882,0.18204427813472723,0.06930958816383037,0.22939267537550376,-0.0009810107707134538,0.10368891442132921,-0.035186137129728026,-0.06360326967094629,0.0110375527146353,0.02610823849244685,-0.04065622557283181,-0.19191795921427976,-0.21432495471654284,-0.09831540698247801,-0.006831761688061737,-0.07250928134654934,0.0007361507712121666,-0.02077702331509438,-0.007629127555387496,0.08684224673529965,-0.15107094983817246,-0.0014346301510913548,-0.05132805314096105,0.42715249459266863,-0.26858976170071164,-0.0825665753149437,-0.10506703835202748,-0.007731934490455158,0.08438268867797559,-0.23228294548091502,-0.10801639151920611,-0.018364521627755856,-0.05902702566952023,-0.060595905650252725,0.05312997372460752,0.08292761981972792,-0.029734055723790356,0.12096412168928485,-0.08015407362760517,-0.07399175637029154,0.07653296667074767,0.07063120587413553,0.09892512611874468,0.06579919086170155
0.10237514479718976,1.0,0.26597320977306477,0.5398745561907273,0.7661948264611476,-0.03126520566694606,0.057961255568217136,0.2847568192020694,0.0851485956634615,0.07092789136361488,-0.13875416340971092,0.20099976808897826,-0.10656057096419698,0.014594306760619881,0.12182118050174556,0.3835406797698313,-0.1418306131866683,0.20746572740771435,0.016010095778043566,0.33095156904888806,0.3351032082596688,-0.17510649852926866,0.06045385517917094,-0.07246608841967797,-0.05738051970832233,0.0374353710104254,0.03160190096417943,-0.3724012523981104,-0.2363686591387824,-0.07411732574894286,0.18198777189216084,-0.0358971461219467,0.12406254610750622,-0.045832841192740434,-0.4332594304640734,0.2354535722918609,-0.08075209779343209,0.2258789071696976,-0.0030984244182213727,0.04795494570693991,0.2049574790691542,0.20004614674665436,0.127354033445404,0.09814031750217392,-0.16270894066100214,0.14744911593237808,-0.007407023723194862,-0.10773224841390179,0.2934667403864076,0.23653660818272856,-0.14643430053147238,0.25438943459248026,-0.009124184976251691,0.3289352658460708,0.12474532960392279,0.14319618017950142,-0.13854383470046994,0.10603631860260877,-0.08015407362760517,-0.25132887823300093,0.03620636071687558,-0.13828798709146786,-0.12531049015264473,0.009161074576076353,0.04376094563197271,-0.17844278998004426,0.11925323890516058,0.03184519173078473,-0.17771049351905044,0.18080356617320814,0.08593029876499204,-0.08519414799377988,-0.14778579896100283,0.04657054330730908,0.15702456962060798,-0.09840169738474955,-0.33618689746318464,-0.1184182025371293,-0.015051059648594094,0.030086423124856772,-0.21301432432686965,-0.10117595723106963,-0.1666792236045318,-0.18436724020480366,0.038180184351700466,-0.07200776018760065,0.02270609180459531,-0.38989135109512196,0.24447102329625897,0.003289920302623453,-0.22761961268125155,-0.04886298845036322,-0.08138939432764279,0.02991847408091063,0.009665702921685518,0.1406895014581744,0.2918138182822737,0.08418171144784632,0.382029138374316,0.3450759106731194
0.2440597835811759,0.26597320977306477,1.0,-0.25744704896264,0.02658069346501585,0.660804146300883,0.03579355138455936,0.358827056434018,0.5981371782677076,0.16649250448617683,-0.07177074798539629,0.06191750010104891,0.045787322275117504,0.19550767523509474,0.14831005132259104,0.24299558309710595,0.013283670644076736,0.14684083139485604,0.13340647749639772,0.09913313930241452,0.16718235153084152,-0.06971925826168031,0.08769536844834143,-0.07901610113357757,0.18595184176997817,0.06750923719741704,0.03869264959733714,-0.04176517653688472,0.10400283786795753,-0.044608521765882175,-0.12331859592975496,0.09219617704026696,0.04647322703885431,-0.014911369566131306,-0.1690785162397171,0.29561386160370934,-0.15730233025374432,0.2007885756979303,-0.07143171066303772,-0.06804918552561773,-0.176041990400221,0.01811338287045321,-0.04402462415515353,-0.09211612656137674,-0.0647090654456136,0.0411906964041264,-0.05587366464813891,-0.07143328028027085,0.052568856192009114,-0.08093103415801023,-0.049783549783549784,0.39438987408530557,-0.07540912073181834,-0.23149656724711112,0.5339837827147472,0.6219310059049,0.11611243482164439,0.4400572753553463,-0.04681069474397973,-0.0968682187577553,-0.1232714590220029,0.053712301718103025,0.17624225491394108,0.20174062771373763,0.171894344313739,0.18372298442430382,0.13867254331358755,-0.041362569558599176,-0.031232243705050088,0.13852746243711075,0.25528578620786607,-0.04066095038006647,0.02826410860813962,0.008420996455804287,-0.02733175560579415,0.07113900496431433,-0.04871307083054726,-0.12283667504842269,-0.15709828001343593,0.22526361721430613,-0.07143014104580457,-0.16407836784921628,-0.16451786067449592,-0.0951988548072667,-0.02216065829799104,-0.08995319401410772,-0.19809440545035625,-0.12807448775541597,0.09113668540789643,-0.22215987348882013,-0.13518014496984765,-0.1828722515501098,-0.1846788816943853,-0.05885907662557409,-0.08579998681521524,-0.1674656018383357,-0.061656134535032284,-0.22686776602657677,0.15434988023820512,-0.09950910182510452
-0.01806158550175954,0.5398745561907273,-0.25744704896264,1.0,0.6815437662431446,-0.2592018810292922,0.05453321153103604,0.10883725894603342,-0.06993272620538755,0.19221618660560238,0.0033636897306222905,0.29136502208650755,-0.09089343040374018,-0.08145060942375638,0.047239218785503974,0.17673576121726955,-0.007978364396058377,-0.05077711749212837,-0.20167540943465526,0.1527968039441475,0.19249793300950982,-0.06675111207380968,0.12019667319370046,0.15452881660278325,0.04632256196164917,0.12478457003475132,0.225948058990965,-0.10489677604418654,-0.10664764290580099,0.02677296114569501,0.2607621828832589,0.0348878822410367,0.18077124712367643,-0.08610766558193655,-0.06723303732947185,-0.049692511984027576,0.1311603552357722,0.10078983139171682,0.0743982872336752,0.19763364505931583,0.4400830013592885,0.3605850277351365,0.23386982850362112,0.18987659669313042,0.043664414134255126,0.13863178766524728,0.08622692270262974,0.1159429161604651,0.19910210010945692,0.2817054833008423,0.00757026391544158,0.2235244813199853,-0.03683106837566591,0.7813711548301832,-0.08917466386646952,-0.18121858803512175,-0.21143842862479556,0.0022257181099762306,0.23759453019786594,-0.06359309210915515,0.16749385494853225,-0.18400779785841426,-0.23756646353195013,-0.2725507977386725,-0.32558269119615624,-0.15200257731251987,-0.07943989778652578,-0.1367639424248582,-0.3129283093024935,-0.10566671506326854,-0.21597392236907223,-0.1041519923748045,0.0026306795150353754,0.07098280013435923,0.1489017972516891,0.10886006111307933,-0.15285717424948753,0.0031910318349767227,0.18654116007270466,-0.0023104765671843265,-0.07834430495779299,0.0929684287189726,0.07741509155577321,-0.19845769410671513,0.17098560267468252,-0.041591717443784156,0.19130188420852118,-0.12694750258202034,0.1368941669884382,0.24943905760115043,0.09934264430276032,0.1424514527009505,0.2933396013406332,0.12335307911812625,0.14157162634319995,0.24123447256152114,0.23950789360506547,0.2692568490247968,0.13913401078013116,0.3331475951484119
0.11080167839237454,0.7661948264611476,0.02658069346501585,0.6815437662431446,1.0,-0.10722844335897475,0.16717999710406792,0.13675609433561287,-0.043126035212025335,0.05232009229356574,-0.11673561867077026,0.30183684600865646,-0.11302273199941924,-0.0818351979092682,0.09153308559521894,0.498272831759372,-0.09048532976298289,0.1436969444641847,-0.06571440567794067,0.24952617142588066,0.3003331515191945,0.009788136906778402,0.24960788953336752,0.1365489047795361,-0.012817504385121586,0.23172503748445408,0.262294232829355,-0.14528388511962453,-0.2596045897195724,0.09377367915677712,0.13550751651042423,-0.02453705102553133,0.18519607077565267,0.11083311424075593,-0.20074407792532434,0.11673640347969479,-0.028992411290106455,0.14053808854293848,-0.1581515552362377,0.06864331258429866,0.20404639633401625,0.29492020651464307,0.09380742594053204,0.001811338997822687,-0.12357527693955792,0.07595776156710708,-0.023137736713088587,0.005446573936260592,0.30653157483744636,0.20919788211465234,-0.13603093088934418,0.16679230149534852,0.04966113912661351,0.544461191394926,0.07062887916336773,-0.09503251267172841,-0.2102079312005266,-0.11538186855230165,0.12619727506494283,-0.19339041253122577,0.14744754631452903,-0.22028252336475965,-0.2178333056688138,-0.08244185544598746,-0.07639333069114225,-0.20801211745454973,0.20728216352986675,0.013975882812285404,-0.16437195077208805,0.13514969653378134,0.10095001157593618,0.06017995675701129,0.04136572502638921,0.15807699838840703,0.33207397611825507,0.16766821404887008,-0.22832053636982894,0.01867452835926813,0.023041990024295533,0.04375466716057645,-0.012725676711306269,-0.05968864275537455,-0.11177484145879574,-0.08756819499049288,0.2197474561379927,-0.024241178060982305,0.04157448428223309,-0.18719105506181613,0.2084193516615154,0.11119417012081821,-0.16200025820214864,0.07211847480173757,0.09030878319252547,0.15306285416956425,0.24748792473370393,0.10126860438606942,0.23873416598946032,0.2389225201313483,0.37577907000930144,0.3673348142689644
0.13405315979645205,-0.03126520566694606,0.660804146300883,-0.2592018810292922,-0.10722844335897475,1.0,0.018631356557389914,0.31806723612379884,0.619479263786733,0.26080691699195735,-0.008070971812813727,0.09056851950898341,0.04288117482757097,0.1389535593243059,0.18275060616680713,-0.016501385972016863,0.027983136032447127,0.025209622381486052,0.012771975426072599,0.05493427029055226,-0.06392582613892944,0.03646848679481022,0.1025133515670994,0.07372021258895806,0.28948461990332597,0.05221802611215229,0.08196308965147658,0.24733645661126902,0.2905063271270668,0.06616721446308103,-0.015864127600514644,0.14260757371707336,0.021924413512520835,-0.0482508374892273,0.07350994157097528,0.25750198556579995,-0.0108821562773702,0.15242395989314045,-0.03951982269603734,-0.053538074205224315,-0.09992811153072212,0.057239231640972034,0.050640560792845055,-0.05094977538777394,0.15122090762368476,0.10902644060508038,0.06406549698790454,0.09411424929916591,0.25975370341523374,-0.03822645809592873,0.06024190940797177,0.33506932999318784,-0.1034126617882963,-0.18503589714612195,0.5927832138854618,0.5313860661938979,0.19758027807338902,0.4073213254952163,0.07415499656253825,-0.029362852624607316,-0.07997199802856075,0.001026529670474558,0.16739510043601308,0.1122724103169498,0.06697088476611836,0.2500361993116633,0.012880279015159363,-0.09802577390989814,0.003649360067054048,0.09436860135225536,0.21797910917125463,0.0529510581382568,0.04282309896715551,-0.05073473782683355,-0.10940628812455445,0.07289854657311783,0.12836643656078028,0.05040197897340754,-0.027631541772223427,0.14979014217592898,0.05615776536733752,0.06168124841076255,0.07046168721295624,0.09831454501505263,0.12919058699810523,0.04766613613604186,-0.03261979813929903,0.2319753005032193,0.16202687812550032,-0.13128916688579967,-0.0858925942319706,-0.06722280843089352,-0.07512191025632045,0.05627705627705628,0.022249324279781133,-0.1243340898888397,-0.03759076311650641,-0.08003635233511956,0.21937127412109284,-0.08208398243599466
0.03609648751055568,0.057961255568217136,0.03579355138455936,0.05453321153103604,0.16717999710406792,0.018631356557389914,1.0,0.18422597465382093,0.0763791441818998,0.0703589048933283,-0.10582359385840169,-0.009959225252326646,-0.008384898549712992,-0.17978010438744887,0.0026463756935260403,0.6058110369205365,-0.14467162037865447,0.20795230874998824,-0.20231738288301016,0.26796829842832304,0.059756921131808936,-0.006630063192789806,-0.12242160736782677,0.02328527165365454,-0.044656412614865124,-0.06555977259385526,-0.1351974638114899,-0.17842630899262907,0.026680353728939663,-0.026849872390118944,-0.06557941854292094,0.19733698740225208,0.056052601012717036,0.14499658804321175,-0.17556417973706448,0.1705922793667536,-0.13493057582977816,0.4177206646387212,0.027961161391183147,0.5036022715500598,-0.07279413842140456,-0.036157702582648193,-0.21276004633510073,-0.06384732019249786,-0.17317829171427537,-0.09069722817260686,-0.21243356595060728,-0.2293147992930444,-0.054455536846586994,-0.04791099642441194,-0.13335781936217034,0.05671027063340334,0.2066479568292476,-0.06808685633921312,-0.04314720812182741,-0.08347852292739892,0.07392269321203332,-0.06452306573049922,0.20511444079246835,-0.077641962180067,0.19391522183400356,-0.07206583602522688,0.021601089315221356,0.048363849974360086,0.14641552257876783,0.012203778776491673,0.5410046805985892,0.200107440341784,0.1857594906906002,0.36795153018191434,0.3457522805566602,0.2661012379968585,0.18291070718741193,0.616650813532612,0.2466316981970382,0.06155491837791456,0.24414140367729925,-0.020483504892496916,-0.030031486521696817,0.3022407855620328,0.1678093480123937,-0.04733023804814958,-0.0223199570552725,-0.006152899553914782,-0.10060861955983148,0.05034547275301445,-0.029128183234050704,-0.2503790625618037,0.2411418651447658,0.15419382433619697,0.03374520089530967,0.0568860900858664,0.22965314192368635,0.10277068833994142,0.2693573045277179,0.009450665360745129,-0.0003484550257574188,-0.07830820376143073,0.15847797356136734,0.1934311467240696
0.13657082583841104,0.2847568192020694,0.358827056434018,0.10883725894603342,0.13675609433561287,0.31806723612379884,0.18422597465382093,1.0,0.5628992713836803,-0.02531244224297016,-0.2811247249245799,-0.19900321418496572,-0.04001583744410016,-0.2579611998315999,-0.06559589953033615,0.2661678423099743,-0.20482092236987087,0.4716464343005315,-0.2095077994280315,0.34513699035982615,0.0017477694749354956,-0.08785304615616436,-0.1488186659028315,-0.05121817993464114,-0.12645783162788787,-0.1311226844221768,0.015730710083343993,-0.15938370524775486,0.2637631887088015,-0.2958147726095514,0.08788368817815524,-0.01871140703628013,0.08517370953919177,-0.032020204120955645,-0.05778785821638185,0.284541781641129,-0.01587981754769282,0.2217398265259034,0.22026909517844978,0.19098160722526206,0.14557415028771084,0.008523021575958486,0.10921710631645366,0.1585564544230244,0.14163996027298315,0.27026543415043175,0.1232793071081686,0.005525052660658172,0.09285152867045057,0.0007439985685090834,-0.23281975457464943,0.2225638755733027,-0.2202847913507812,0.06946811950437766,0.23712678426238978,0.2538494862642796,0.2587796539935771,0.5815245776649322,-0.06867860203610747,-0.1047398553596907,-0.1175643307623003,0.04889828566405796,-0.027168526010548352,-0.09416215957442106,-0.07526082143596283,-0.18519057711318096,-0.0995043148777739,-0.020354019457769233,-0.09244888541480274,0.35029410725998567,-0.010839780865652926,-0.14038662042050357,-0.2394985698819557,-0.1625056113816085,-0.22654058972898758,-0.06293775170294211,-0.04012098609633055,-0.3857648273891929,0.1593161491638649,0.05112714213511893,-0.15986865442993073,-0.15394805822652088,0.09192463325893348,-0.09064853444838941,-0.12500990821659874,-0.18372683637368192,-0.03853568781243049,-0.3041321743279684,0.0051200914145076585,-0.3297289661316591,-0.3638357050249726,-0.09445803253897009,-0.000644328127041779,0.018323711579694174,0.0846981155175499,0.05446885722447724,-0.0013592885239005616,-0.2956907728481333,0.18244759832867158,-0.1867736100048056
0.2557989508678414,0.0851485956634615,0.5981371782677076,-0.06993272620538755,-0.043126035212025335,0.619479263786733,0.0763791441818998,0.5628992713836803,1.0,0.2853502464888849,-0.0724707972713774,-0.018628224632720666,0.018647844855833998,-0.05521366226768609,0.15732436662977967,0.05127154692056795,-0.2447519847809913,0.021849071885330043,-0.2523489321893963,0.17052563754935307,0.07688773033652022,-0.23033034164288696,-0.07397690306431043,-0.1387620114958766,0.1965930659777242,-0.12562431525448203,0.10523502869066036,0.03591050195986685,0.22933991316877467,-0.21103346737864503,0.05360872801701564,0.1492392065270963,-0.08729740165563225,-0.21323023036890407,-0.12223953162588769,0.3369607187591234,-0.07623944824815021,0.39151747454865654,0.12389930591525951,0.08572935403972387,0.07653139705351453,0.06176129888965277,-0.02177059102367297,0.18707639954920594,0.17247902696251627,0.2599279309964801,0.09340635192701907,0.10792374171634506,0.2663547312794827,0.14658812302032026,-0.18417417728512725,0.22616771674059563,-0.3156657217570923,-0.12467940568013085,0.3590687774879218,0.6360434344480755,0.06385359866143042,0.7907514977097921,0.08224480378214968,0.030498471584029106,-0.040075467196569445,0.1079708302333393,0.2462032891355692,0.1005073397292722,0.04013748282740281,0.17268072285612132,-0.06017598548417983,-0.24460453674496888,-0.27553217872289665,0.06813007428221483,0.11358147160307122,-0.18350009868973638,-0.07837651286635974,-0.03784033225657591,-0.29243314703279727,-0.00742586204393339,0.016699157743392697,-0.19992685583693562,0.1841804557540598,0.22893809115709043,-0.2404386766243184,-0.05344546678846896,-0.02029358120728679,-0.25236933721342714,-0.10466765291030106,-0.17091091166508135,-0.12862782830422223,-0.032585253760018085,0.18051382989744122,-0.20069926502621557,-0.1758379401599126,0.015633393776701875,0.04763711691024232,0.0471874028799337,-0.1362553327745496,0.0679047807401687,-0.008932691673808425,-0.14597126344769565,0.27287952559888745,-0.03205553310130127
0.15306285416956425,0.07092789136361488,0.16649250448617683,0.19221618660560238,0.05232009229356574,0.26080691699195735,0.0703589048933283,-0.02531244224297016,0.2853502464888849,1.0,0.5220439092745589,0.5523338264551344,0.3191724971452564,0.15156549821652102,0.2973139904017831,-0.12710608379955232,-0.003844778921288277,-0.16743741443131482,-0.11673404905292119,-0.10226142780343668,0.1028029461738588,0.02861570300633051,0.09510322011279229,0.0845545287202853,0.6241242509976888,0.2168756678233609,0.027762626599539316,0.09988816468436934,0.17917737113340737,0.21875920924224065,0.3158064503470819,0.3183208542174503,0.07760975454709078,-0.16156318302928516,-0.0737073500160354,-0.09001993807073469,-0.008777303011979607,0.5092656503653089,0.2498980729409455,0.33737601490511704,0.17995590158654431,0.47297373126811887,0.23587903112200845,0.1893861656237356,0.10352967952314991,0.09960327893297337,0.0630319287738861,-0.03737652503089492,0.19738893968348645,0.17304958305065193,0.08242141806340399,0.16275445957862505,-0.12427292358198737,0.10849669458102044,0.07365117833174518,0.20052181945393752,-0.02950096747320399,0.249555209367483,0.5184683198143855,0.3948463127097462,0.26786077960566196,0.15284781652424215,0.3483008284842182,-0.06885916205918247,-0.07249439842410306,0.3380416655221532,0.06080856509068346,-0.26783969486617043,-0.29726678519899746,-0.06678729189304031,-0.04333167215379122,0.010051051840573852,0.06370924387554495,0.2710423949857197,0.05022779087973191,0.2199545595454385,0.06176995602323666,0.23318164284838774,0.26894460073044235,0.3644935176745136,-0.0674158714263287,0.07221654761769844,0.022646446326330786,-0.20765965662256722,-0.1435801206173893,-0.05253353979040512,0.004487539191411048,0.11143266476769924,0.0649829637602757,0.22848944960916281,0.13219243043945214,0.40437138742500167,0.3640494586778319,0.31731080513157606,-0.007617355421519497,0.13308240375987285,0.0767244900802173,0.03554948985458156,0.03270377269422409,0.16484296549703845
0.06904432285142945,-0.13875416340971092,-0.07177074798539629,0.0033636897306222905,-0.11673561867077026,-0.008070971812813727,-0.10582359385840169,-0.2811247249245799,-0.0724707972713774,0.5220439092745589,1.0,0.5097616496056139,0.2629816225218389,0.27217251983704754,0.2030292839678212,-0.36433641292234475,0.1965553180201476,-0.2959324939020371,0.055512652684516356,-0.23209703691468284,0.18041187557169813,0.08011797243124291,0.08947688540610747,0.11289001064200484,0.5037005702814438,0.30523561524286685,-0.1105552483900711,0.09269927573909112,0.09243789809417076,0.18293574928817857,0.34851716239779074,0.375862112265303,0.0863085427987531,-0.11402802788113063,0.04097253560092142,-0.26375063177093633,0.09993595961688782,0.34065402810870543,0.01886052067342858,0.22569369233618689,0.10889847401812594,0.3474300657041774,0.1613001453465558,0.12256042241538978,0.08971621701694033,-0.1083397327961138,-0.020659302022608766,-0.017061739324248388,0.00524880208727822,0.03020885326904181,0.08840084257053075,-0.21287933724481947,-0.08826585548848058,-0.058546722796178924,-0.161890321426217,-0.10161388043911612,-0.07057156041927616,0.004959992403049992,0.47360688622472524,0.3770945577404934,0.1960216481608795,0.13197184734530637,0.2585930724889844,-0.15885945288616665,-0.03269357017820515,0.22306702542900353,0.037342763593670045,-0.041530518668449284,-0.10112102062790967,-0.1811881226971312,-0.03147005306485785,0.05724474776437808,0.09754468603915926,0.2226847361002546,0.20500386322194677,0.15158113492004552,0.1530753510448942,0.212075693221451,0.3280735459850761,0.37614464336726844,0.13240977055335285,0.11929561857045541,0.10799123525737014,-0.13873846723737948,-0.1239464917065666,-0.01067653641982866,0.05624411638559822,0.18133787894484052,-0.09539191772694311,0.33224114048487896,0.19989232425780648,0.3644903784388155,0.18416561665774056,0.23009019020621632,-0.018987659669313043,0.08513446910836324,0.01227126752870045,0.10966915607959843,-0.1615544233383247,0.03630762952296489
0.07081173964278396,0.20099976808897826,0.06191750010104891,0.29136502208650755,0.30183684600865646,0.09056851950898341,-0.009959225252326646,-0.19900321418496572,-0.018628224632720666,0.5523338264551344,0.5097616496056139,1.0,0.3238272007031891,0.2856375986407104,0.38069997135446304,-0.01683886028478491,0.3006045775550372,-0.02456373452896546,0.0637806364878908,-0.019268636276237153,0.43806717182220933,0.17284239349457517,0.345701931690989,0.41657579233331216,0.3987545077480292,0.6590519272749469,0.16088824708933877,0.10707780206326348,0.016786278086841185,0.46294230359473515,0.21359603514375744,0.20862889564436576,-0.005758927888224817,0.023404580931490077,-0.06976799852770267,0.027508337613814125,-0.02514292351527098,0.19762979856703258,-0.07667661673582077,0.06405218037577928,0.006991862708666516,0.474251400197259,0.12784144976183995,-0.023661989074676783,-0.10774018105548994,-0.20668265061470184,-0.22085072502612169,-0.19550767523509474,0.09987403811818442,0.011832564155187457,0.25775322546659857,0.10629373592985568,0.19173117469024087,0.2349427540750403,-0.011776057912621065,0.054373131909511006,0.01884012304234464,0.0476253634647758,0.5338168279514818,0.25634234020004415,0.5043755059565423,0.11720728883441472,0.24873204208621555,-0.0215830387028673,0.025769995958232452,0.22473797181750046,0.16830933714647126,-0.01933299063330181,-0.13886566072475817,0.009873688828511635,0.24145833251582371,0.14750960410298267,0.2590514010806823,0.2193768538658483,0.5348223780504554,0.5263644889518481,0.1400640639525204,0.5506038908472475,0.15129624928043994,0.2513648808208981,0.1830896436222055,-0.0921954284095408,-0.07308376147930766,-0.12171758572370718,0.1377003275402723,-0.12818205683508738,0.062494359183641435,0.09371717291421072,0.17735818404633935,0.24001594732988057,0.11385693953558239,0.25161140955662203,0.1816025019718332,0.2085402122358935,0.225581553223208,0.026515554324279593,0.03412506165655376,0.1345005534865044,0.017710782999941325,0.22108241716631305
0.014216028858994867,-0.10656057096419698,0.045787322275117504,-0.09089343040374018,-0.11302273199941924,0.04288117482757097,-0.008384898549712992,-0.04001583744410016,0.018647844855833998,0.3191724971452564,0.2629816225218389,0.3238272007031891,1.0,0.2018184029916928,0.1650398879292416,-0.27312527787143087,0.27263712672037116,0.06869824920901599,-0.010569021786688962,-0.07750383575512382,0.008880116465690103,0.3329010344174286,-0.07568781689138308,-0.0012062513170075693,0.05178092835084112,0.28347298354140144,-0.06866217494182601,-0.13560954171064868,0.1537558404499271,0.07695522390403006,0.24283959676501635,-0.03505741465889923,0.09556775235826007,0.03909762634447632,0.003794554128118095,-0.09823139384812583,0.27664043704441516,0.1278422345707645,0.3586145140208352,0.281336733648822,0.19564658641473712,0.3004962739234517,0.3014882724040617,0.2981983533924184,0.13888258861477246,0.1401936124376567,0.20538606516819446,-0.045277981283095445,0.023494833993227097,0.20033974378344582,0.16365855945968735,-0.07279730622185303,0.14323547681655918,-0.1084103655993218,-0.06099770404149597,0.15467563650948002,0.2178558941701029,0.1895235815554134,0.20046609802029566,0.2689118498000316,0.46348068251696495,0.6771441274122114,0.4862993836498648,0.0070303211046974755,0.06735468276048799,0.21067654479887302,0.04329006027725278,0.0794376057039935,0.08125597681047216,0.1680449884221102,0.07854527760664576,0.2285733345367075,0.24686017446309239,0.030872028664363536,0.03238436816970715,0.16843889671518095,0.0725179142447192,0.23172425267552954,0.1768182355062605,0.23150843022128292,-0.03245027941159985,0.08381445390445047,0.07036518336472457,-0.1397399378666882,-0.31359027212880825,0.05213171762104411,0.1910775038357551,-0.01149745074441177,0.053545943303052984,0.1291294225489222,0.13815462383913107,0.18322234822770456,0.10999964683584537,0.4227922638245398,0.11733442788018911,0.25815269320918593,0.023448521047203744,0.14837126641870463,-0.061793500290972664,0.22090112616246707
-0.12965435837751169,0.014594306760619881,0.19550767523509474,-0.08145060942375638,-0.0818351979092682,0.1389535593243059,-0.17978010438744887,-0.2579611998315999,-0.05521366226768609,0.15156549821652102,0.27217251983704754,0.2856375986407104,0.2018184029916928,1.0,0.3901404416121551,-0.11416144539830127,0.543401699346806,-0.13033871175970468,0.7102293172437586,-0.3039668182656501,0.36877557987592163,0.3178389815377869,0.48177338703003914,0.22237168472186708,0.1665412279910061,0.29013836573746216,-0.07230212016214159,0.2726623475998572,-0.18802295252182136,0.4527774584041808,-0.13159210324950263,-0.03270691192992222,0.02061143678501613,0.20335427465968708,0.19522372761773743,-0.13842145887347237,-0.22574793271520904,-0.18423860388772215,-0.05619545823227716,-0.17144778803567962,-0.33326440094948745,-0.062188259180012875,-0.050761441238809095,-0.2906367194045407,-0.16254184014220743,-0.1690510479165277,-0.16242405502139656,-0.02507699956561019,-0.25216470006553154,-0.41201526767284957,0.34945579387153247,0.1593562369353962,0.34633931763221104,0.004752018038048687,0.14598780171489723,0.08749206852481317,0.16775526204575078,-0.009226217337220755,-0.02711043948907578,-0.17735910804827473,-0.05029997359118356,0.06422405353025207,0.31310290540418334,0.32528851549409626,0.3436977856607505,0.32155125392895123,0.02257188947850013,0.19193843956380302,0.18978406374847392,-0.2616578552175713,0.055940417283068915,0.26831528926106285,0.24362754523444213,0.000973163066421201,0.1949568158719819,0.045181467514783843,0.0774802610745428,0.35956020877489775,-0.246568128674151,0.03908191482390562,0.16068648806248,-0.12362545621924745,-0.027593881786588247,0.18739902942681744,0.01782616390198023,-0.03766847395082128,-0.18843662076840673,0.08516275563679855,-0.15266181680912777,-0.10546898452317158,0.22943967389621334,0.05691985920522369,0.024298478647302807,-0.19832043042062183,-0.08420764317564161,-0.29504185189794574,-0.2477563293858943,-0.07126300477439057,-0.1874735862746481,-0.18010201739217807
0.16817278039360245,0.12182118050174556,0.14831005132259104,0.047239218785503974,0.09153308559521894,0.18275060616680713,0.0026463756935260403,-0.06559589953033615,0.15732436662977967,0.2973139904017831,0.2030292839678212,0.38069997135446304,0.1650398879292416,0.3901404416121551,1.0,-0.014746559691979327,0.18769019353781927,0.024756797524400635,0.20175239984760562,-0.019732458532642178,0.3074301814086541,0.06791187066663369,0.3127725005876502,0.045675094598909255,0.22556594555778353,0.22241563402164094,0.20223278226645058,0.25426563438092287,0.06178800662850093,0.35957433533553934,0.02917292879033429,0.10109045276020039,0.15941823684043432,-0.011680315807235156,0.0038133895570891052,-0.03568133775390315,-0.04307266820515707,0.13371182051734848,0.0500009613909364,-0.108356213783529,0.04667729559553818,0.04936134211744182,0.1068705704893876,-0.0033197417507755487,0.02135465921621102,0.12244201240783396,0.04047181142925396,0.21464445605091295,0.15236129477827176,0.025717403648029304,0.26375308969465505,0.24591830688463748,0.07427824066244723,0.09970997386194644,0.09332319883409504,0.16646111212919548,0.04444372939631662,0.08568390238542767,0.31573804804681144,0.13450693752014561,0.2678827542555489,0.2273222594178227,0.49039373502243816,0.39330243800988074,0.4523216619120307,0.7530189649151032,-0.0663791388370203,0.12102150769701654,0.043620464834481266,0.014106166680205716,0.27811127810107555,0.14500606265132104,0.2723766770392287,-0.1154187092954035,0.10971554589368189,0.1415089527113197,0.1528509557599403,0.38120209967782603,-0.09646792819469968,0.26114752406520475,-0.04180912583665858,-0.026088618269333518,-0.004565233514009779,0.03055967471239931,0.1535464169716751,0.03265746896767663,-0.05151958687642001,0.11410023030218769,-0.036798905662438465,-0.11092576525798131,0.06899255255571594,0.20413829908295042,0.03233178595112993,0.011042261568182499,-0.01462334469082761,-0.01982819747833197,0.14177494740800284,0.20831654169240155,0.007540444146915241,0.09301484192563154
0.25848142671928026,0.3835406797698313,0.24299558309710595,0.17673576121726955,0.498272831759372,-0.016501385972016863,0.6058110369205365,0.2661678423099743,0.05127154692056795,-0.12710608379955232,-0.36433641292234475,-0.01683886028478491,-0.27312527787143087,-0.11416144539830127,-0.014746559691979327,1.0,-0.09825960841189267,0.3805191665960339,-0.005030623232218591,0.36019982804839235,0.09374385641764485,0.09209729115457904,0.20333073038277483,0.03080530781763559,-0.1950909416961676,0.049034842363341276,0.010075376973157564,-0.1256745923212037,-0.19956898310777935,0.0009150868469215098,-0.26773207094203855,0.09419743901252241,0.13602773827574408,0.28572303072803823,-0.11053802596937154,0.28547727351208135,-0.2624180267399992,0.20216356039416228,-0.1687542575867449,0.20590709749520483,-0.13099554542629235,-0.09338123805128881,-0.2792898423790374,-0.27347441053024807,-0.3865568509699162,-0.15454535822800752,-0.27741414978543333,-0.13125924112146012,0.09394319788447629,-0.04404188994471808,-0.11372033815833671,0.10975391541018807,0.18248997799396638,0.049047399301206406,0.000450480145911618,-0.0330734047195251,-0.046112215075231756,-0.10184308451882775,-0.04994365074133022,-0.2611766644823614,0.03419411142398815,-0.18327164737607088,-0.12689815922998426,0.08855705423540476,0.1053590285007366,-0.16050519720091283,0.45510894713215233,0.18144782335208198,0.12117915925022524,0.3152476661736419,0.28005984952860646,0.18669976467505833,0.05697320387648958,0.36589661245208743,0.3149092898225044,0.056681254956563225,0.011202358192931071,-0.07550800661750626,-0.3076182942027757,0.14746396943641324,0.009469500767542827,-0.23393889166187934,-0.2568851259931753,0.09865515195464435,0.16632383583365595,-0.06834898241714775,-0.1298364340480034,-0.3009521298136236,0.20881559822821608,-0.040020562001903716,-0.12708092004683738,-0.16542987320235883,0.032166178580918824,-0.07031885204474037,0.18032547582946423,-0.1587228338497374,-0.0023402992946140156,-0.030233967144772077,0.23240537562510005,0.17437990260522793
0.028742830773287625,-0.1418306131866683,0.013283670644076736,-0.007978364396058377,-0.09048532976298289,0.027983136032447127,-0.14467162037865447,-0.20482092236987087,-0.2447519847809913,-0.003844778921288277,0.1965553180201476,0.3006045775550372,0.27263712672037116,0.543401699346806,0.18769019353781927,-0.09825960841189267,1.0,0.041073743756847456,0.46256305937234143,-0.1703961440768051,0.23234503653483532,0.5075781120016073,0.4684455675938014,0.47413270799782764,0.12753929832589467,0.48383922096757487,0.05556368704802791,0.26957951115038975,0.20661813410181792,0.3432125041987261,-0.018676882786041727,0.04896263997061676,0.2370530122524321,0.399200907553071,0.4769356338709437,-0.1460827062712487,-0.05027013112582366,-0.32313709978684596,-0.1950924347588597,-0.21669036788688711,-0.1833218751275314,0.007479226115919372,0.12384907816379898,-0.2377216691937504,-0.08760194177424782,-0.29027021363678374,-0.21418211954832694,0.0733136817255744,-0.29676450748729616,-0.3319222474407391,0.4660083691990871,0.08784990692169807,0.35263020759757524,0.12392755902545605,0.16358079918631044,0.030654624563254004,0.33055197159620653,-0.04326808562736585,0.006909455060288998,0.039081930159838435,0.07973655544358953,0.07375788340255346,0.023706732486008266,0.03402774534991164,0.10212326130488611,0.1291866122584899,-0.032739076248865955,0.18719890315106147,0.2680545222242104,-0.13351880991532095,0.07635406026783761,0.3068752008620577,0.3453151419856952,-0.0777400023230335,0.39484757244868524,0.30260819473937056,0.23921123594800173,0.41778501894528003,-0.07287261928306163,0.0138644290203391,0.3609695839572562,-0.16027047644161493,0.011929090971875599,0.2149480927581,0.08964326496339663,-0.10699295869709213,-0.005862522666263203,0.10117438761383649,-0.15924865562283982,-0.05145915656553368,0.20037890560008037,-0.14555144795285674,-0.09603314405050828,-0.1294824344135439,0.13004278776577544,-0.3010494460820784,-0.27864002084451683,0.025149976926626672,-0.274615522258742,-0.18799869721673193
-0.042941588264285874,0.20746572740771435,0.14684083139485604,-0.05077711749212837,0.1436969444641847,0.025209622381486052,0.20795230874998824,0.4716464343005315,0.021849071885330043,-0.16743741443131482,-0.2959324939020371,-0.02456373452896546,0.06869824920901599,-0.13033871175970468,0.024756797524400635,0.3805191665960339,0.041073743756847456,1.0,0.024354180989423917,0.3718377595902956,0.09152991044153662,0.26109483941246087,0.10545167733356461,0.08244885402245808,-0.2693095368803503,0.09218205048516868,0.05351141171037352,-0.13509936269592324,0.18693042514652378,-0.1013941340264763,-0.22852772592590573,-0.24598884316070682,0.02779007311277072,0.4023621179010909,-0.015620058154368937,0.3720667777955668,-0.005660039742708343,-0.07976166931931979,0.031240091791215795,0.0030748801597242498,-0.015812324006667735,-0.13389776769037104,0.04963757538086762,-0.08838671601543248,-0.13894021757258884,0.024567658573588124,-0.0027311339856662554,-0.13807137991329435,-0.023268799803485635,-0.08318814373926774,0.004402776338961981,-0.05545457684689012,0.1671595264778731,-0.08394940809734139,0.003040348580595136,0.0078088457348790925,0.4285494539301646,0.11041476759257965,-0.13361052773670612,-0.1316407614219579,0.13208956863779198,0.15801336686035744,0.08314033566293434,0.11210995486957141,0.25797532639224147,-0.13255579697151104,0.10093737541163211,0.4272295734838507,0.4365623499053521,0.7468464403017536,0.32284370804953527,0.35800550229539746,0.12418737940921325,-0.0842413569027057,0.19509878978541292,0.003030932066547321,0.08848089304942097,-0.06872255131863544,-0.1684262075850183,-0.149579813466688,0.07361818746880386,-0.1569695714003183,-0.06783571758191048,0.22354174710954985,0.006258853629156021,0.0893284863553174,0.044103122323069205,-0.27785521222794607,0.10054183186888045,-0.21326720007540734,-0.33851620943716665,-0.2707127752374157,-0.10758553141963736,-0.03951511384433792,0.28984551827191424,-0.06978047333377282,0.006248646205136416,-0.06477653359451764,-0.01970654436209186,-0.019197218636085946
-0.15760997523144007,0.016010095778043566,0.13340647749639772,-0.20167540943465526,-0.06571440567794067,0.012771975426072599,-0.20231738288301016,-0.2095077994280315,-0.2523489321893963,-0.11673404905292119,0.055512652684516356,0.0637806364878908,-0.010569021786688962,0.7102293172437586,0.20175239984760562,-0.005030623232218591,0.46256305937234143,0.024354180989423917,1.0,-0.18925117848871587,0.3699675599231329,0.25774056738523743,0.35081286616266555,0.12096098245481857,0.018248377113246585,0.2127286539904379,-0.09181008722759498,0.19107821366502922,-0.2175630750685138,0.2751821540799061,-0.19052178413753515,-0.11671830707363702,-0.040535365045879915,0.3045152804259863,0.209455381633174,-0.13948560504035487,-0.3786214993611658,-0.34238374629962737,-0.12487246859980725,-0.30369582073715506,-0.5014817186680856,-0.1931837802033596,-0.0841204963757538,-0.4412398092601138,-0.22964293940766745,-0.2723279120041051,-0.3126379301143623,-0.20991589990864828,-0.43250427426563853,-0.5698150049129019,0.2583511484889295,0.07510775422305517,0.33005911178500014,-0.11671830707363702,0.1360136117206458,-0.008129047650439964,0.16208809319759285,-0.16312488939100475,-0.21034126617882962,-0.3086136737313528,-0.22926457154158386,-0.026655239853209396,0.10667911897318845,0.28572146111018915,0.39407296604017095,0.12313730506818779,0.05441862947301671,0.4019194856676541,0.35933090356585645,-0.07526320539637145,0.15653720327847284,0.2322516442728159,0.1642503053887854,-0.0888528923336755,0.2934957783166153,-0.005581561071280308,0.014427921607036908,0.13267817510022006,-0.37303680124564825,-0.2198123365636056,0.2369917971803396,-0.27177922391845527,-0.1813708409067365,0.3134541310755959,0.10710370076796881,-0.062310664921252305,-0.35327781333400926,-0.06210504506371076,-0.30511789395038125,-0.21915405412836025,-0.03421922529971841,-0.14989301092337454,-0.1992527834229673,-0.3788694988840021,-0.08927668898662372,-0.4338500513264835,-0.3718752844931235,-0.20754734750383771,-0.22820507990921335,-0.35939867916617235
