0,1,2,3,4,5,6,7,8,9,10,11,12,13,14,15,16,17,18,19,20,21,22,23,24,25,26,27,28,29,30,31,32,33,34,35,36,37,38,39,40,41,42,43,44,45,46,47,48,49,50,51,52,53,54,55,56,57,58,59,60,61,62,63,64,65,66,67,68,69,70,71,72,73,74,75,76,77,78,79,80,81,82,83,84,85,86,87,88,89,90,91,92,93,94,95,96,97,98,99
1.0,0.21218866851807308,0.3353305197787059,0.25494303645229716,0.17431938947322384,0.29792044783625987,0.2243600887365369,0.12438184643011789,0.21560429467975772,0.3249874264721961,0.4587129080929785,0.06005991559336118,0.3047035927489012,0.2811615752990313,0.44522412635764175,0.005877850910760753,-0.19870569056635454,0.24501104283746256,-0.15382125910214078,0.5197174782969977,0.2098051649865518,-0.3234523627298769,0.32961885810500535,-0.1712536353895607,0.11367781155015197,-0.006271456998534911,-0.04012595394808773,0.20177560079595896,0.2449760556296604,0.12683300168375938,0.1953467013623144,-0.03508779602457851,0.15306482808697794,-0.10223262119787453,-0.13821696442238307,0.43868273162624916,0.2176422995342328,0.06546543919879294,-0.22188449848024316,-0.35530821543373203,-0.030364522971288624,0.013509435612604141,-0.28578863353086525,-0.051934136581312455,-0.2206861866130196,-0.10051387461459405,-0.17950186962891693,0.25404211585139186,0.7311932824561019,0.27564234326824255,0.7608755548752487,0.38502110165970566,-0.1082329273359428,0.17309921060112396,0.09799042225186416,0.48925236710327785,0.21076293980013558,0.21113030548205813,0.14693315256609302,-0.03194332072336052,-0.0818525726531237,0.2516279985130437,0.3001290153287704,0.09981413045855109,0.3479871422011327,0.16282609171021845,0.4950208829896569,0.03658135245388517,0.0517766941462028,0.41252542039316875,0.3791651177538213,-0.20684437252629506,0.1136865583521025,0.14331197655857078,-0.05836303601495703,0.06090398198158798,0.24182283352649186,0.13918785943889264,0.1852397717084691,0.10384203275677331,-0.2686973825195163,0.1059193982200258,-0.07293958146552666,-0.059045286567098905,0.02653342371695349,0.22331460059915592,0.3285036408563119,0.1155452537665916,0.47448339200979645,-0.04500666943648728,0.06857930069318405,0.20061664953751285,0.12274387177188341,0.16912816251558024,-0.16306662876385822,0.2953663816667031,0.2034199995626599,0.4153331438192911,0.7110450241630404,0.5633246594213991
0.21218866851807308,1.0,0.5335417987798211,0.4501847761912051,0.5326977323915943,0.3747304891648991,0.29366326306381185,0.5873068458017175,0.3480789836216133,0.29203822352452385,0.07320198552404278,0.12225842426362861,0.3509698016662658,0.4380223480789836,0.3255457469683648,0.40841442347641643,-0.14782548799016948,0.36785550283177715,-0.10353589468850452,0.14283964925324177,0.34793466138942947,-0.09452231527847631,0.08506702236994598,0.08515449038945136,0.22868076359581027,-0.07957403074500885,0.03106426712733157,0.24486234720430342,0.13746036605366163,0.249743062692703,-0.0873368174761103,0.09719008987339005,0.3176251532060603,-0.2396842404495856,-0.10022085674925106,0.15541317705713847,0.04426756467166692,0.016404627058231834,0.032918589140845375,-0.11900024053705364,-0.31387898799501435,-0.03934311517351469,-0.097776125604076,-0.11815180074785157,-0.11977433250967615,-0.00911854103343465,-0.23727012311123746,-0.04728083794362686,0.24593383044324418,-0.07275152522359013,0.21475585489055565,0.6675384312610702,0.5014191686164746,0.583494784719337,0.2837462552754149,0.47185935142463536,0.6219063654851195,0.525752771642868,0.3480702368196628,0.032428768231615314,0.29628479587150947,0.3886029170584505,0.2627670507970523,0.22938925455380377,0.39358422076928123,0.367820515623975,0.11552338676171525,-0.10390337397326843,-0.17575823839408716,0.23172027727362182,0.16917189652533293,-0.32556034199995626,0.3334455839583652,0.24047145262513395,0.07246725416019768,0.32926023922503334,0.135348013382607,0.32426144191030154,-0.016754499136253306,-0.014825829306159935,-0.5339703920753974,-0.34683256434366183,-0.035822527388423606,0.0051343727449651225,0.15906059347051235,-0.08631781504887276,0.108578426012989,-0.03976733506811572,0.11133366862740811,-0.19431895213312633,-0.19833373422842274,0.14749294789092737,0.3394983709081367,-0.09068684262316591,-0.02454789967418163,0.014353502000830947,0.2110515842645033,-0.13244844853600402,0.178329798167545,0.07974896678401959
0.3353305197787059,0.5335417987798211,1.0,0.26314753668190066,0.16516148783101178,0.6835669458354289,0.3899765913459191,0.776729982648977,0.6745489930244254,0.39139752028164704,0.18637248256106362,0.1756270363648291,0.22166582843147975,0.2528131901773414,0.35817576299699244,0.21807526623078438,-0.24231947947739166,0.3444840480199427,-0.27698497736764993,0.15685639937897705,0.5363232818000918,-0.12069712011545779,0.2699438017974678,0.19298506483566946,0.2515886379042663,0.238468434978461,0.22210316852900658,0.3294045614572172,0.3550239443703396,0.20824386083838098,0.06893791957315606,0.12399466445081017,0.04220992566306088,-0.30285801753733793,-0.1447202116726072,0.2888718812184295,0.1597428440226542,-0.2244954188624784,-0.25000109335024384,-0.21696442238306618,-0.4503903260370427,0.08225055214187313,-0.1361483457610811,-0.12237213268898559,-0.07698497736764995,-0.2277885897968555,-0.5124007784653736,-0.21008506264896898,0.2133476197765192,-0.1343639981631716,0.2568542126784894,0.645116004460869,0.1714154512256456,0.1355404430255188,0.5976558570772561,0.6458682294286152,0.7682666025234524,0.783398569897881,0.30912510113489755,0.1446108766482255,0.18942511644180096,0.30063632984190153,0.49749185454068356,0.04274562113227351,0.459600708490958,0.2268526819881481,0.1722770112177735,-0.11098610459662513,0.03328595482276792,0.4987820078283877,0.34985458441757233,-0.22224749076119044,0.3466007740919726,0.35791476241499204,0.29300911854103345,0.43067940784150793,0.3497496227941659,0.4820406288950602,-0.024630994292711726,0.027819203603682403,-0.3649909251929763,-0.400113708425357,-0.1440991887341191,0.014008003323784742,0.18836238000481073,-0.14020686186613018,0.16531018346417092,-0.013216417747261157,0.1797555268854825,-0.21706938400647263,-0.2575758238394087,-0.09241433600839694,0.24808117032210097,0.20121143207014935,0.0347291771446065,-0.03826725853359865,-0.02559751590824605,-0.25332050469047257,0.12732719599396472,-0.029214318514793027
0.25494303645229716,0.4501847761912051,0.26314753668190066,1.0,0.7987492073210732,0.36469353392665804,0.04410142365293539,0.4478892303792561,0.3600883426997004,0.2110122236557259,0.12016793859745031,-0.08419671557586757,0.3390479106076841,0.34521440598281256,0.42401308524534526,-0.07384487546740723,-0.18061291094991327,0.3129212131814305,-0.12390282303032954,0.24369902254488202,0.18294810959742844,-0.34053924034025057,0.22402309155714942,-0.20236600992762022,0.04248321707375741,-0.13293389604425881,0.3555531258883471,0.19403468106973387,0.2996435678205156,0.27688001574424354,-0.08323894076228379,-0.1602326649318843,0.14158901138077976,-0.18711158732588398,0.13484507227045112,0.23460672191729898,0.13517745074457152,-0.20212547287398044,-0.0305613260151757,-0.32982440795084295,-0.2390238569023201,-0.22425488180883865,-0.17588944042334523,-0.09277732828934421,0.08961098598324987,0.18782445168485273,0.022426800201176444,0.23454549430364524,0.4292580525245457,0.12146246528612976,0.18297435000328005,0.30308543438805186,-0.05742712820624959,0.8163652664494544,0.1687476766307319,0.43678030220200736,0.11695348888062802,0.2724803743631235,0.12489995845269074,-0.2570816295292034,0.003874833264087818,0.11772320745227526,0.32684612188668516,0.0953139008549999,0.5605300561982025,0.3400013120202926,0.07838009227876058,-0.23014610455296228,-0.1481533314381929,0.3223283986792329,0.04601255166079902,-0.40957774813583786,0.4054011502044565,0.011169666090835539,-0.18722966915221623,0.091600883426997,0.17050141042181452,0.31661673700553233,0.07692812315497147,-0.026432835494522314,-0.28239487437405697,-0.04866720605278695,0.3510397760818701,0.1774551179724913,0.599527672694671,0.2770112177735016,0.2995867136078371,0.13005182480155694,0.3923028142835276,-0.07273403161968905,-0.026384728083794363,-0.1240602654654392,0.18312304563643916,-0.16673153878113314,-0.19451575517701342,0.2675602982659465,0.6500404539590212,0.24033150379392534,0.3603245063523649,0.3258708534692003
0.17431938947322384,0.5326977323915943,0.16516148783101178,0.7987492073210732,1.0,0.4989525704664232,0.02470536912092741,0.44091364819694434,0.38573396601867443,0.07464958124685661,-0.08561807089282981,-0.12059215849205135,0.40836631606568846,0.32772080208173887,0.24692931912617067,-0.023262119787452712,-0.14352424342822362,0.44166101769040694,-0.07915418425138308,0.22278104568017318,0.07940784150794866,-0.16634667949530954,0.23646541733178805,-0.23649603113861495,-0.015827338129496403,-0.19156370951870721,0.16475476154031182,0.1854190811484551,0.0975137215455599,0.43870022523015023,-0.016929435175264042,-0.10308543438805187,0.16930547036535712,-0.10963678904900395,0.1686777022151276,0.20829634165008418,0.05794318952133126,-0.1762917933130699,0.042133344995735934,-0.3313594716931622,-0.23861713061162013,-0.17519406966827752,0.036544138549342894,-0.006927467144825173,0.13428527694561676,0.1729155277601627,0.013903041700378298,0.27105901904616125,0.4695545691106689,0.05587894426100457,0.17077693468325644,0.35075550501847763,0.16503903260370428,0.8502372570029083,0.36351708906431085,0.5584395705320242,0.13881612035599483,0.27674881371498544,0.14199995626599024,-0.15148148958037216,0.011729461415669896,0.10967614965778137,0.1852397717084691,-0.010824167413789334,0.4501935229931556,0.27269029760993635,0.05892283133979139,-0.28848733735047893,-0.18103693337123614,0.24836106798451815,-0.04178347291771446,-0.35545691106689115,0.49491592136625046,-0.09812599768209748,-0.30252126566224224,0.08909929806914348,0.08555684327917605,0.23835035315212874,0.060256718637248255,-0.03627736108985152,-0.40029739126631825,-0.10041328639216286,0.40713739039163804,0.18680982265859045,0.36270363648291093,0.2715750803612429,0.15653276770680719,0.04466117075944108,0.2841398613631891,-0.1504668605541099,-0.014156698956943867,-0.037165161487831014,0.21493516433054163,-0.13285954822767926,-0.1131486300321445,0.27000502941112153,0.5538999803196956,0.24051081323391135,0.3353348931796812,0.23242002142966478
0.29792044783625987,0.3747304891648991,0.6835669458354289,0.36469353392665804,0.4989525704664232,1.0,0.30041580155251996,0.7640099320049306,0.8611401456342525,0.24394393299949707,-0.025934267783341715,0.07806083400756599,0.2858367409415932,0.1753208982965603,0.13074092134671075,-0.027394983709081368,-0.23880326124881568,0.5946863178150489,-0.30616430867464084,0.32610264372088954,0.3488093415844832,-0.026590277929631978,0.22363385887035053,0.06171743456298791,0.09714635586363736,0.08644464367715554,0.1690800551048523,0.15563622050687717,0.17515470905950012,0.3028317771314863,0.15128905993746036,0.09199448951477115,-0.00963023947677149,-0.2107060855874571,-0.01716122542695327,0.41345258139992563,0.2124073385668365,-0.3131005226214165,-0.16723447989328902,-0.30973737727143513,-0.38214340381797907,0.04771380464017844,0.09559379851741708,-0.044232577463864775,0.1662417178719031,-0.24286370295860576,-0.36583499158120314,-0.059766897728018194,0.4585335986529925,-0.12316809166648444,0.23111674793903478,0.6290087686689554,0.06290262622728565,0.24112308937044893,0.8750125735278039,0.8838818307056483,0.5843388511075638,0.7187334630775623,0.278060834007566,0.09938553716297478,0.11372154555990466,0.17845225339485252,0.3951848855262295,-0.15813343246375544,0.4309155714941724,0.11477990859591962,0.26351490236382324,-0.2342199320155475,-0.015923552950952307,0.5611991865474186,0.1911788502328836,-0.1735496709015766,0.5548315147274278,0.10441932168550874,0.07921978526601212,0.37854409481533313,0.216325905840677,0.28912553847499506,0.05172858673547484,0.10094684131114562,-0.41319017734140956,-0.2478843672782139,0.16695458223087184,0.10405195600358619,0.19933086965078392,0.1746036605366163,0.2122980035424548,-0.04778377905578273,0.30725765891845797,-0.25775075987841944,-0.1939209726443769,-0.2198158798189412,0.18385777700028427,0.21572674990706522,0.10967614965778137,0.1101572237650609,0.06624390457239072,0.018193348057116615,0.2988563556449673,0.016513962082613545
0.2243600887365369,0.29366326306381185,0.3899765913459191,0.04410142365293539,0.02470536912092741,0.30041580155251996,1.0,0.3674539534537916,0.3687830670478107,0.41353612815852947,0.020382257530196884,0.42047016298615036,0.25467872414649073,0.08207570584040444,0.2613159388029556,0.5606902983650094,0.05820134744778695,0.2313553512447549,-0.12573104210613242,0.5013278753232483,0.5073172545073712,0.02996001613788515,0.11701921783831734,0.5963095015523688,0.45420880169802763,0.33696654016610655,0.3539462880174078,0.36707306539684903,0.44740596904311475,-0.018167127514309163,-0.017268392631258962,0.24374739645703103,0.19792306733521536,-0.17824471173253284,-0.1885593892102647,0.3714136706106073,0.37131526898107625,0.06971646117130534,0.013817775489037024,0.1966545632663519,0.06580663642460519,0.3503535351880855,-0.050967670691323776,0.16070298124146543,0.07214370136640441,0.016470246080618273,-0.08478284400394738,0.04762201528726829,0.15679534319764374,0.1482431482399568,0.36344313861859273,0.32566784639306423,0.36119958146528497,0.09697808595716141,0.15178342020019592,0.26802854521953573,0.3157970695996613,0.3236495196362386,0.528073438229786,0.26950675636537985,0.44528705395387963,0.4358142570843578,0.22321644313109834,0.07012756131245725,0.1963855988123004,0.4266169847775229,0.5846543752101363,-0.07634006765666103,-0.19319301260973762,0.13270881099132267,0.6504369579030783,-0.043202688769885186,0.1945203412569675,0.6364595531039131,0.5916780648557743,0.6230966118135974,0.5196808725822273,0.3426935150048133,0.025859948240758324,0.3351078427194091,-0.03880304257840829,-0.21303078112319607,-0.12477107954248513,-0.20378321465015642,0.0994118862608959,-0.24842256721119482,0.36576104366976847,0.10502296584704386,0.21590192200262406,0.2675824578323283,0.16082106319690267,0.16385402008933728,0.4372137469265771,0.21732765227938497,0.38500184229740525,0.1507228693041391,0.0688330332084044,-0.20086833971315904,0.09910574785791043,0.11555850031550097
0.12438184643011789,0.5873068458017175,0.776729982648977,0.4478892303792561,0.44091364819694434,0.7640099320049306,0.3674539534537916,1.0,0.8043677203299294,0.27284366495792145,-0.05338616407490899,0.055647214851244534,0.28143959397317775,0.22646588360850126,0.27576898308270104,0.12383298400762252,-0.2694086492940222,0.5179949246629287,-0.2751987439580311,0.22038466290348274,0.4706156333951703,-0.13453033448908622,0.139107103613719,0.21458552686978655,0.092917378711847,0.10324736310972814,0.3204678669480682,0.22454377177832818,0.38738972184069187,0.22165295057299397,-0.025013694226791346,0.0503379002623251,-0.05137882700755944,-0.2894341796968554,-0.12458302309493692,0.3651356466465267,0.2353285903749306,-0.4358689246563195,-0.20250180676337437,-0.2455208124914683,-0.4366189637436339,-0.07138710217045462,-0.0895935903365762,-0.15817296601107836,0.16555964833454204,-0.21639830355603623,-0.40946886080457967,-0.15698558634807042,0.2621506878822147,-0.1738538123525698,0.14660530778398453,0.5402643067772431,0.14346301574762654,0.3576286956647473,0.670692386666324,0.6688752365743175,0.7285919054823903,0.8122835847499823,0.25790848429798746,-0.0031291718190871944,0.16359161574392117,0.2972538291902557,0.4489388477609206,-0.09186557462730408,0.5281346659103832,0.2771755233601658,0.24342813783677475,-0.24245532014458496,-0.07620440861171883,0.5210410017726341,0.2902017124071976,-0.2834119999695556,0.5469665510997465,0.2764626582217854,0.25957037848562287,0.43811466851250574,0.3875384176364277,0.4816366159026472,0.0031160516018163887,0.07320206555958275,-0.3790911844169072,-0.384070306871178,0.10589108688979552,0.03958150880314277,0.3811860457744792,-0.002381319434651261,0.24168533564263603,-0.04142708603256946,0.2806676878570787,-0.1529664264574469,-0.28781601956678937,-0.24160442763613274,0.24532182252952772,0.05957234651809395,0.04205685646156814,0.06989577080733968,0.11841652097765817,-0.1978091423861828,0.15447087803783263,-0.005615452991904903
0.21560429467975772,0.3480789836216133,0.6745489930244254,0.3600883426997004,0.38573396601867443,0.8611401456342525,0.3687830670478107,0.8043677203299294,1.0,0.2732807067415976,-0.15018258949071744,-0.010290612494806586,0.17194025934267784,0.15245238459688176,0.22371962939772586,-0.028479587150947935,-0.3709216624629521,0.5629485469375259,-0.38882158710721393,0.4711771008724935,0.3764448623472043,-0.18441757232511863,0.10263497408759922,0.1470599811943758,0.05646060659071527,0.051387461459403906,0.3878681856946054,0.10231571581640463,0.4065382344580263,0.1169709824845291,0.02445605825370099,0.07153134635149024,-0.09588254781504912,-0.17874089785922023,-0.14060484135487963,0.6440488946229035,0.46222474907611905,-0.38874723929063437,-0.1918742209879513,-0.18753143381950974,-0.22593864118431697,-0.05087140014432223,-0.058293061599352734,-0.040558920644639306,0.2738623690713083,-0.18759703483413878,-0.32931272003673656,-0.0933458704161291,0.36418184601255166,0.001801841201810588,0.20856749251055082,0.5324615687389298,0.04636242373882049,0.2351840108460344,0.7507817454243292,0.762069493341497,0.5549495965537601,0.821066672497868,0.3141763792613326,0.022676084056766743,0.15227307515689575,0.16662657715772672,0.43815792350921695,-0.19140189368262228,0.520701493516433,0.17382956856399379,0.3102009577748136,-0.2530955512624802,-0.060156130414817086,0.6030088998709847,0.3360215171327983,-0.22648531630622554,0.5479302879884542,0.23348713126763027,0.1957053202422864,0.4551135990903326,0.39773457829481096,0.28183945245019787,-0.04789311408016444,0.12378036780302203,-0.241792219719665,-0.157376834095034,0.18226585904528655,0.029896569066934903,0.44132426581531126,0.1619863987229669,0.4367540617961558,-0.006971201154577857,0.5229931556274737,-0.060479762086986945,-0.2633793269335899,-0.18542345454943038,0.2459600708490958,0.14109903566508494,0.07083160219544729,0.1584701843388511,0.1624587260282959,0.005462377818110253,0.23985917648859637,0.06909536200826573
0.3249874264721961,0.29203822352452385,0.39139752028164704,0.2110122236557259,0.07464958124685661,0.24394393299949707,0.41353612815852947,0.27284366495792145,0.2732807067415976,1.0,0.5143075812905906,0.6566442894316765,0.15576742253613524,0.27221797030460737,0.5270418907141041,0.1349325402899565,-0.012381111697883784,0.2039623012835932,0.0268920425969255,0.29637226389101484,0.6317333974765477,-0.17995232992936958,0.4945135684765258,0.385808313835254,0.6912291443440992,0.2941112155868011,0.2711421136646913,0.4273337560954276,0.32815376877829044,0.026507183311101877,0.2779252585773327,0.3369399313376047,0.21507753501744178,-0.008117032210098183,-0.008746801950536835,0.27526623078436946,0.17890708709628042,0.07428658896590934,-0.15518138680544927,-0.010767313201110844,-0.2706347991515602,0.1963001027749229,-0.10492663619863987,0.11064704467429096,0.14276530143666222,-0.18854606284577202,-0.3052808816776366,-0.11109313157376834,0.283763748879316,-0.10139292821062298,0.3232161990772124,0.3448339200979642,0.08957599877544772,0.1351905709474973,0.12420458769762306,0.31567645579584963,0.32282696639041353,0.275812905906278,0.7675712317683847,0.30407382300846253,0.6256893573287267,0.33968642715007324,0.44060265465439197,0.2869432113883361,0.3972841179943583,0.5175351512103388,0.458118125560342,0.14316125075039798,0.04184470053136822,0.3127200367365682,0.4644464367715554,-0.020519997375959415,0.31828300277710964,0.6458463624237388,0.5608187006625702,0.6293542673460016,0.4767969211257134,0.49787671382650717,0.23939122258424264,0.15627911045024162,-0.08170825042093985,-0.12288819400406727,0.0910061008943605,0.11246200607902736,0.2158273381294964,-0.08050119175176576,0.32139249087052546,0.26459513240471455,0.1595941483894951,-0.060387920666506306,-0.21759856552448012,-0.046156873892982876,0.47820515623974985,0.19041350506221164,0.04125429139970698,0.35066803699897225,0.034479893289016204,0.07188559183048698,0.2385515295969911,0.027211300868120094
0.4587129080929785,0.07320198552404278,0.18637248256106362,0.12016793859745031,-0.08561807089282981,-0.025934267783341715,0.020382257530196884,-0.05338616407490899,-0.15018258949071744,0.5143075812905906,1.0,0.5077387330257375,0.39330432310686403,0.3538474995079924,0.4385568619915189,0.02865889659093394,0.06214828250892883,-0.08258293061599353,0.23438805186853556,0.026288513262338456,0.2585685858607946,0.05212656622422427,0.48174761102971725,0.09262425925520981,0.42334521440598283,0.36710327786403096,-0.07831449126413155,0.3313857120990138,-0.040746976886575845,0.2413636264240887,0.2570641359253023,0.19376353020926723,0.2948309624009136,-0.08954975836959611,0.13232599330869652,-0.07788152456757998,-0.2609345957884149,0.23965362664275874,0.09961732741466402,-0.08414860816513962,-0.20684874592727034,0.20226542170518905,-0.015691762699263083,-0.08357569263737946,-0.23163280925411647,-0.026712733156939495,-0.113743412564781,0.043598434322450856,0.3114167632459382,-0.04844853600402353,0.34962716756685835,0.2630075878506921,-0.1819597209770178,-0.008641840327130394,-0.07867311014410357,0.07650390326037043,0.16209136034637336,-0.022518641621657082,0.25918960879928277,0.29523517963744506,0.20066038354726554,0.2895759987754477,0.2792897596816164,0.32180796396317596,0.09675712317683847,0.29207758413330126,0.15641031247949969,0.11138189781762776,0.0063807920229166214,0.05723032516236251,0.09547571669108482,0.07143075812905907,0.030049638101069295,0.17058013163936936,0.12655747742231746,0.14334696376637293,0.056548074610220635,0.2788349259801885,0.1625593142507271,0.047237103933874175,-0.09406748157704839,-0.14056110734512695,-0.06585467188559183,0.10690341343946119,-0.10023835035315212,-0.009853272397279745,-0.17589818722529574,0.24334915046686056,-0.07794712558220901,-0.11853666003367519,0.0014213553169622358,0.004692659246463012,0.22090048326080777,0.15522512081520193,0.06690866152063152,0.038778946447705055,0.007592224093065973,0.14014563425247645,0.363014147952155,0.09394065294876561
0.06005991559336118,0.12225842426362861,0.1756270363648291,-0.08419671557586757,-0.12059215849205135,0.07806083400756599,0.42047016298615036,0.055647214851244534,-0.010290612494806586,0.6566442894316765,0.5077387330257375,1.0,0.32976755373816447,0.28427543679342243,0.40710766680831806,0.2767050797052328,0.27604499797199805,0.028483960551923204,0.3149592180359056,0.03523211825676237,0.508464717587632,0.1696048632218845,0.44080383109925436,0.5550851719839933,0.6577288928735431,0.524300802519079,0.11369093175307778,0.4101069296538453,0.08586298134744484,0.18369596116419934,0.11693162187575168,0.4314316328092541,0.23748686611597816,-0.09082241805339923,-0.009608361942664713,-0.05997682097483108,-0.062277229887822264,0.22330585379720538,0.10035643217948438,0.24769631103627737,-0.09980101025562528,0.4187793837878026,0.13986573659005927,0.18017537337910827,0.03706457326539984,-0.012446699175613916,-0.09073495003389385,-0.015127593973453457,0.020511250574008877,-0.15637095187072228,0.1773457829481096,0.18449629354267347,0.20127703308477837,-0.11023157158164046,0.06037480046358051,0.04730707834947847,0.20834444906081215,0.06086462137281057,0.5125013666878048,0.5213181430539459,0.6429249305722595,0.3798517417069384,0.21066672497867966,0.2458463624237388,0.07571669108482211,0.5794450154162384,0.2880540552360543,0.1247535859194574,-0.031247949968292842,-0.02279416588309899,0.3598871662548381,0.18576020642452604,0.23440991887341192,0.477050578382279,0.5982331460059915,0.5662373444709278,0.2858017537337911,0.46355426297260066,0.0624390457239072,0.2802300408912991,0.09704139424023092,-0.19874920732107323,-0.060567230106492315,-0.026738973562791105,-0.0819925214843323,-0.2483960551923203,-0.03656163215324397,0.2083794362686143,-0.23307603157595505,0.10056198202532199,-0.08396929872515362,-0.04545712973693993,0.36602304782313966,0.11961251667359121,0.22071680041984648,0.11218210841661018,-0.08009009206009053,-0.11128556121668015,0.009499026918283002,-0.2315016072248584
0.3047035927489012,0.3509698016662658,0.22166582843147975,0.3390479106076841,0.40836631606568846,0.2858367409415932,0.25467872414649073,0.28143959397317775,0.17194025934267784,0.15576742253613524,0.39330432310686403,0.32976755373816447,1.0,0.5894732238525289,0.42722972869649867,0.1678598762327524,0.093492481568884,0.17078568148520698,0.16012770330847784,0.1522380879490936,0.18444381273097024,0.2589928057553957,0.3192582711945945,0.194948721873565,0.16435240865058712,0.25182480155693077,0.143185147930288,0.4227679254772474,0.0385646497999169,0.6507358247140889,0.010762939800135575,0.20506439832936083,0.2119614834156254,-0.1454374494325512,0.10189586932277886,0.04966434147514815,-0.13010867901423542,0.08030876210885395,0.33730292361855196,0.03489973978264197,-0.03959239902910498,0.06081651396208261,0.14036430430123986,-0.07620213859307691,-0.13773151691412827,0.23156720823948743,0.06727602720255407,0.3765585707725613,0.4120487196868645,0.1427696748376375,0.24632743653101835,0.31264131551901336,-0.007968336576939057,0.34707310139730163,0.28166451641118717,0.30683781242483216,0.2254531936760622,0.30357088189630665,0.2554416041634777,0.2471933699241215,0.33213793706676,0.6813452581399926,0.4613588156830159,0.3041394240230916,0.31005226214165443,0.5006931840545801,0.08620410662351578,-0.10122684965002404,-0.20522621416544576,-0.04170475170015963,0.10596750563075376,-0.13284205462377818,0.47901860882114977,0.19158557652358357,-0.0035643217948437603,0.18442194572609388,0.1489580372176423,0.45971004351533973,-0.0672016793859745,0.21336511338042027,-0.23880956025453193,-0.3197830793116267,0.07206490127047298,0.0490476919376353,0.12295816841967155,0.07845006669436487,-0.04227766722791979,0.2664888150270058,0.0046051912269576434,0.07422973475323084,0.028230303295357636,0.164383022457414,0.19721414357875403,-0.24755636220506877,0.10605497365025912,-0.011370842535697886,0.3289234873499377,0.08368502766176117,0.33889921497452496,0.19305941265224902
0.2811615752990313,0.4380223480789836,0.2528131901773414,0.34521440598281256,0.32772080208173887,0.1753208982965603,0.08207570584040444,0.22646588360850126,0.15245238459688176,0.27221797030460737,0.3538474995079924,0.28427543679342243,0.5894732238525289,1.0,0.6085491429223246,0.11728149395377316,-0.11295195048436753,0.094924668168201,0.24090441932168552,0.12021167260720299,0.1968992587085347,-0.037466926155124536,0.22769237497539963,0.040305263388073734,0.1180643327283462,0.041367999825063964,0.06979947956528394,0.3499420524370777,0.1378933327502132,0.5187509566814633,-0.045444009534014125,0.06839999125319805,0.23411059687162414,-0.08895060243598435,-0.11723775994402047,0.1198224399204041,0.11119809319717479,0.14388489208633093,0.25528416172836804,-0.0012595394808773042,-0.06452078458813497,-0.07417288054055236,-0.11925389779361921,-0.028265290503159783,-0.2186000743478166,0.1480439964138112,-0.010181277470424875,0.18618879972010233,0.30700837506286766,0.07053421092912904,0.14394174629900944,0.39169053814699,0.09757494915921366,0.4142222999715729,0.17734140954713432,0.2924755636220507,0.32647875620476263,0.3709387505193414,0.2279722726378168,0.13919223283986792,0.2207430408256981,0.4796833657693906,0.31487612341737553,0.3202291662111041,0.5099429271172727,0.4969582996217008,-0.04044958562025759,-0.08618889395480207,-0.15051934136581313,0.09629354267346002,0.18051212525420393,-0.3374166320439089,0.3153746911285561,0.12650499661061423,-0.054846821630841223,0.10448929610111303,0.11674356563381513,0.2521528066300759,-0.010238131683103365,-0.02525639063217511,-0.27863374953532616,-0.08997397826419715,-0.048890249502525636,-0.1598827928538628,0.14283964925324177,0.12136187706369858,0.11986617393015679,0.05431764011283374,0.13043668408738054,0.02343268242548818,-0.22578557215018258,0.2873630578819619,0.20915352824123679,-0.2535173077343596,-0.21922984408825524,0.07649078305744463,0.22688329579497496,0.09431676543263869,0.2573615271916206,0.1516301852135313
0.44522412635764175,0.3255457469683648,0.35817576299699244,0.42401308524534526,0.24692931912617067,0.13074092134671075,0.2613159388029556,0.27576898308270104,0.22371962939772586,0.5270418907141041,0.4385568619915189,0.40710766680831806,0.42722972869649867,0.6085491429223246,1.0,0.0053224406254979,-0.20177626263245743,0.07272325714140661,0.10248868926723957,0.2747748240255504,0.4601046557152889,-0.3326831529673891,0.3853521360839636,0.17498890247117665,0.24780837464443287,0.11385080984656869,0.35469015479771404,0.43288236181766226,0.5717818805241646,0.2949931009455806,-0.06782722404342395,0.018138720208917453,0.1436513863180747,-0.16922912079181698,-0.1880216658762578,0.32793800253298877,0.3133045708707735,-0.0023747619224694823,0.011438655263754937,-0.10080273950460239,-0.020520042247194864,-0.07962449897134555,-0.2985814842925166,-0.013743442617606535,-0.047112565027260585,0.164005081903438,0.014830235136453065,0.17905180086155262,0.33347036686434034,0.10947302589741224,0.36123933707929423,0.2831345982701184,-0.047412143649155906,0.4060558615737805,0.03669947453481153,0.296751211982105,0.24449988957196847,0.398067827224995,0.3916498472595733,0.14514474895564858,0.35137292290417244,0.46355090321971976,0.5417649772923611,0.28915897128706447,0.6514872875904746,0.7781893643047717,0.22467303289514454,-0.07021736967499881,-0.08681875930737187,0.3044156139510328,0.5131038313275291,-0.4201404302133992,0.23411522624802042,0.34541633775057495,0.23286224412870643,0.2696404400532131,0.4801829834980834,0.4628008633123468,-0.05116671659655932,-0.03075163620229128,-0.11474079889117741,-0.018969668211254842,0.04107944518923729,-0.1068402327531643,0.37258177731119957,0.026642817001259828,0.368486078341784,0.14238950031631936,0.31014478175662213,0.1320070236976406,-0.19100214515832586,0.020032406972138976,0.2831236647437719,-0.15465473017187306,-0.30947346323894426,0.2677533134057995,0.3862880459392279,0.1203781250754558,0.3337546385493505,0.21865740669927572
0.005877850910760753,0.40841442347641643,0.21807526623078438,-0.07384487546740723,-0.023262119787452712,-0.027394983709081368,0.5606902983650094,0.12383298400762252,-0.028479587150947935,0.1349325402899565,0.02865889659093394,0.2767050797052328,0.1678598762327524,0.11728149395377316,0.0053224406254979,1.0,0.47090865158088496,0.20931097067634646,0.1837571887778531,0.030486978198596137,0.33746911285561215,0.2763901948350134,0.002860204237825545,0.3305285255078612,0.4342043690275743,0.304358094071855,-0.013732479062342831,0.37323915943233255,-0.03462858892217533,-0.07512628195316087,-0.1989591305678861,0.1949837090813671,0.3629161432248821,0.12174673634952221,0.09412870919070215,-0.10783932124816864,0.007084909579934837,0.1484463493035359,-0.0985677111805996,0.07538868601167698,-0.10029520456583062,0.09034571734709497,-0.180170999978133,-0.06245653932780827,-0.2942467910170344,0.06131945507423848,-0.14451466182676959,-0.10234632962323151,-0.14381054426975137,-0.020213859307690627,0.2152587960027115,0.1764055017384269,0.6661083291421575,0.09873827381863506,-0.11535719752465505,0.026734600161815836,0.3133585532789574,0.09882574183814043,0.20963460234851633,0.16126041416107237,0.30788742865889657,0.2829196824910892,0.015110100369552383,0.3341278345105071,-0.0745971004351534,0.20687061293214667,0.14777721895431983,0.23952487319871,0.09394065294876561,-0.058638560276398945,0.34020248846515494,0.1443484725897094,-0.022229997157289367,0.3270210579256959,0.33933218167107654,0.39335680391856725,0.15252235901248606,0.2541252104699219,0.009761430976799108,0.0671054645645186,-0.07473704926636199,-0.22756554634711684,-0.3732741466401347,-0.026476569504275,-0.22361636526644946,-0.40695808095165203,0.02689641599790077,0.13770964990925194,-0.21648772167676195,-0.06238219151122871,0.03079311626686493,0.2787518313616584,0.22208130152413025,0.028978154862128534,0.1973847062167895,-0.1816098488989963,-0.11922328398679233,-0.38701974590540333,-0.2005116879141064,-0.09975290284489734
-0.19870569056635454,-0.14782548799016948,-0.24231947947739166,-0.18061291094991327,-0.14352424342822362,-0.23880326124881568,0.05820134744778695,-0.2694086492940222,-0.3709216624629521,-0.012381111697883784,0.06214828250892883,0.27604499797199805,0.093492481568884,-0.11295195048436753,-0.20177626263245743,0.47090865158088496,1.0,0.019501016270174424,0.6111353470683794,-0.22699287900221196,0.19864664958863593,0.5842192213373212,0.11412839663298313,0.15626178769529764,0.23579435808804422,0.29031104755112097,-0.08291102633997909,0.26334681435673646,-0.28562931668832175,0.057171346757536476,-0.11534420343341113,-0.051684909235461166,0.061529512867667155,0.481822485647317,0.4876041280579854,-0.46566712478119804,-0.32622326892419506,-0.06571260820083108,-0.06138293650146515,0.06707055068835949,-0.06838913252407547,-0.006643203344784693,0.09579945310566736,0.0005969698858216661,-0.12093778939653135,0.0866196744218602,0.056233251222673857,0.0506484120710675,-0.27725424466379067,-0.13252075454377446,-0.13344135645560934,-0.26503057557315657,0.2529818427127999,-0.15303640094955787,-0.2521749493506453,-0.26442923228157794,-0.12036268653949438,-0.3233411945303747,-0.023362733553548277,0.23397064788740218,0.2333299439440112,0.0801120466555405,-0.0805384537168417,0.3565943852032321,-0.30222420483301266,0.08133878697036084,-0.042478890117112394,0.6175780489778246,0.4100745775019152,-0.25507014396173644,0.021692092554399,0.5202494153306289,-0.09022773417133181,0.03964929659237527,0.1974986305774404,0.012726610752681672,-0.0443572678897161,0.16131963145319328,-0.08114198371129876,-0.2488774014099161,0.27528621207316983,-0.015818608622834917,-0.09421409351877831,0.2273536849771591,-0.2788068037075027,-0.2082025411675395,-0.266187341395866,0.2625071204514049,-0.531659630950473,-0.13738616844836496,-0.047578281229698934,0.04973218356498956,-0.13381309594494883,-0.17367668941941392,0.0965057581354124,-0.14665341524731082,-0.17140689183156452,-0.130863233761896,-0.3072230076131897,-0.18303359103637695
0.24501104283746256,0.36785550283177715,0.3444840480199427,0.3129212131814305,0.44166101769040694,0.5946863178150489,0.2313553512447549,0.5179949246629287,0.5629485469375259,0.2039623012835932,-0.08258293061599353,0.028483960551923204,0.17078568148520698,0.094924668168201,0.07272325714140661,0.20931097067634646,0.019501016270174424,1.0,-0.0451990990793991,0.4942861516258118,0.3472392906343618,-0.055778356038573396,0.2794384553147755,-0.20314884870219327,0.030154599724475737,-0.08532505302748683,-0.092252520172312,0.010054448842142091,-0.09960420721173821,0.0392031663423061,0.07715554000568542,-0.13244844853600402,0.015637112283922103,0.36103299731035843,0.2515580240974394,0.4694845946950646,0.07766722791979183,-0.5149198574271282,-0.4435940609214756,-0.5132186044477488,-0.26158623253372987,-0.19158994992455883,-0.20752662307843694,-0.3096761496577814,0.16584373838315367,-0.28982090923006276,-0.23787802584679976,0.09474098532723972,0.4043734009752684,-0.043292296254182065,0.39307253285517485,0.4086287201242046,0.25624630994292713,0.3027355623100304,0.500365178981435,0.6045920710240318,0.4650324725022414,0.4339113511622313,0.29980975705757584,0.05983249874264722,0.18986245653932782,0.18806936213946776,0.18920644639303755,-0.0593776650412193,0.29493778837112683,0.10022085674925106,0.39943583127419036,0.08650377916930141,0.3577092125691544,0.6607246725416019,0.3233648947103715,0.211047210863528,0.5344383459797512,0.0016618923706019986,0.013946775710130983,0.18698038529662592,0.1572937394765039,0.11526098270319915,0.10912072773392228,-0.015687389298287814,-0.2781526754280466,0.10139730161159825,0.18813496315409678,0.4381622969101922,0.09645535850954495,0.3862237869279045,0.15662023572631256,0.060973956397192275,0.36886138505608884,-0.32572653123701645,-0.047272091141676326,-0.17819859613828695,0.1278826179178238,0.05888347073101397,-0.06086899477378584,0.04908267914543745,0.11810806673809889,0.25117753821259103,0.2705298375281538,0.09138221337823359
-0.15382125910214078,-0.10353589468850452,-0.27698497736764993,-0.12390282303032954,-0.07915418425138308,-0.30616430867464084,-0.12573104210613242,-0.2751987439580311,-0.38882158710721393,0.0268920425969255,0.23438805186853556,0.3149592180359056,0.16012770330847784,0.24090441932168552,0.10248868926723957,0.1837571887778531,0.6111353470683794,-0.0451990990793991,1.0,-0.19075900373925783,0.10267870809735191,0.40711114998578646,0.18066519428833833,-0.03034702936738755,0.1320767094531062,0.16540202488465156,-0.26425838052961886,0.2064945004482736,-0.27837134547681003,0.1549802103605869,0.012236775928801033,-0.16761496577813736,-0.04088259701583102,0.4048850888893748,0.286728914740548,-0.27879119197043584,-0.27848068050119174,-0.03368393431151735,0.07921978526601212,0.07355185760206424,-0.051387461459403906,0.02412367977958059,0.07795587238415955,0.10370645732653998,-0.13096586560538803,0.1313026174804837,0.09604863221884498,0.10065382344580263,-0.1094662264109685,-0.007574730489164899,-0.16545887909733004,-0.1862369071308303,0.11959064966871488,-0.05812687236229254,-0.25124313922722,-0.2770811921891059,-0.12354420415035752,-0.24274562113227352,-0.04515536506964641,0.21875751678292624,0.1736896197327852,0.1510485228838206,-0.14569985349106732,0.3049353830005904,-0.12875729811287748,0.21805339922590802,-0.1232030788742866,0.4587265298449418,0.38730839036977105,-0.2406157748573178,-0.04515099166867114,0.3838883908071111,-0.15175264044083883,-0.09953423279613391,-0.007032428768231615,-0.13475760425094574,-0.15865824058078765,0.05592267827075725,-0.008353195862762678,-0.3451881655769609,0.19756838905775076,0.014664013470075003,-0.058511731648116155,0.10479980757035709,-0.31372154555990467,-0.06896415997900768,-0.2646082526076403,0.19286260960836193,-0.333979138877348,-0.023699459884979554,-0.0985239771708469,0.00033675187509566817,1.3120202925805252e-05,-0.18925018040279024,0.005199973759594148,0.00663444927948219,-0.04223393321816711,0.0077540399291509046,-0.10843847718178042,-0.0005423017209332838
