0,1,2,3,4,5,6,7,8,9,10,11,12,13,14,15,16,17,18,19,20,21,22,23,24,25,26,27,28,29,30,31,32,33,34,35,36,37,38,39,40,41,42,43,44,45,46,47,48,49,50,51,52,53,54,55,56,57,58,59,60,61,62,63,64,65,66,67,68,69,70,71,72,73,74,75,76,77,78,79,80,81,82,83,84,85,86,87,88,89,90,91,92,93,94,95,96,97,98,99
1.0,0.15049310095996152,-0.03597122302158273,0.21834204369027574,0.1443878331984868,-0.01679823314600599,-0.10805799129693205,-0.05751022282477969,-0.21149767116398066,-0.1378102381316831,-0.13375842837298713,-0.2716016177229518,0.07881305897531216,0.18552404277186155,0.19154423863937303,-0.022759178675296844,-0.08701318580394043,0.03090245129124664,0.12892348734993767,0.045702040191554966,-0.0410443681528941,-0.008729308346635762,0.05145530543322206,-0.32132251645492116,0.07348188318645996,-0.2608165139620826,-0.11704970370208392,0.017860969582996218,-0.0993155627473705,0.1462596488159017,0.19101703439679868,0.23196956112921213,0.11028405239334368,0.06889855896437865,0.011760075222496775,-0.05775513327939472,0.05970567011436444,0.40466204543963613,-0.09997594629463602,-0.16171087446152502,0.03952242461350069,0.2116026327873871,-0.11080886051037589,-0.09946425838052962,-0.1873258839736721,0.2259213945917628,0.2628151582077803,0.252122192823249,0.2748332640878179,0.17392140998447442,0.6169731691850168,0.19357984736830597,0.05816623297106995,0.1867748354507883,-0.02774048238612757,-0.13085215718003104,-0.15613277222546804,-0.2068837331350725,-0.16083182086549605,-0.104244385646498,-0.15960289519144563,-0.01439723601058363,-0.06646694802212941,0.14031619689051192,0.26099145000109336,0.306958752179239,-0.35861887997201025,0.10913384793684809,0.09003957927882618,0.08959786578032407,-0.026155153129351454,-0.20260654698126,0.10581443659661936,-0.557504272271082,-0.30731013973016114,-0.10851282499835997,-0.10137106120574665,-0.08480461831142988,0.0051781067547178065,0.19684677789683147,-0.3206227722988782,0.08896809603988541,-0.10555203253810326,-0.29963919441954034,-0.19667184185782075,0.052821936979291946,0.06385165423891889,0.08174323762874199,0.05818372657497103,-0.27529684459119635,0.2163392625783176,0.16325468500579476,-0.2186000743478166,0.3112593208108285,-0.2771930169831936,0.004841354879622138,0.11357284992674553,0.2559822789411096,0.24732019855240428,0.1724694408606853
0.15049310095996152,1.0,0.5799829437361964,0.5406879359734097,0.8345105070958431,0.5899717915637095,0.6906474820143885,0.7749141720058603,0.7713148630032145,0.1443178587828825,0.06779434934113228,0.0775579776934903,0.22027508692134437,0.6114670573571538,0.5357575121447213,0.521156327217861,0.46539109138221335,0.7017165598827928,0.6633049791170104,0.477181780411537,0.40230915571494175,0.11026655878944261,0.47299476612694313,0.23217073757407447,-0.038542782795040566,0.22206380792022917,0.4747545428702631,0.28641402987032866,0.438241018127747,0.17373335374253787,-0.2945791694911548,-0.06183988979029542,0.02719380726421902,0.45157551770134047,0.32302376943430056,0.4180840130327349,0.14965340797270998,0.0203144475301218,-0.06634011939384662,-0.04618748769980976,-0.10412193041919049,-0.15717565765017166,0.08812402965165861,0.3978089261113905,0.5623887516126916,-0.08538856070128292,0.07605344295991778,0.12113446021298463,-0.026319127069165338,0.04729395814655267,0.32948328267477206,0.8496381010692965,0.6672016793859745,0.7973409722070368,0.8519866173930157,0.4702062058559839,0.7563761522562001,0.7781286217226826,0.08424482298659552,-0.15183573505936893,-0.10259124007784653,0.08784413198924143,0.42208130152413026,0.4370164658546719,0.1750628676390195,0.29471976278691703,0.1687739170365835,0.5752640440838819,0.48436290481292776,0.6340687935973409,0.5607624595599988,0.15836522271544468,0.37448557871028404,0.10111095439746526,0.19180861997332224,-0.011471430758129059,0.5731385712099014,0.4673809888259605,-0.2678970501410422,-0.13438149176707267,0.2181102534385865,-0.13298200345498676,0.543967986704861,0.36293542673460016,0.4399247775032254,0.1814699000677877,0.19454636898384028,0.17678598762327524,0.26356738317552647,-0.10288425794318952,0.1936150462652819,-0.09939428396492532,0.025938641184316984,-0.23347838446567973,-0.15784714728218668,0.2917408322582056,-0.007014935164330541,0.052437192358027795,0.198338107629398,-0.10784369464914391
-0.03597122302158273,0.5799829437361964,1.0,0.34580481511447375,0.5058144365966194,0.7791651177538212,0.3425072707791214,0.5562266296385384,0.6697732391594323,0.3075944107935536,0.1413353538468775,0.29687990299803774,0.11136428243423498,0.24477925258577332,0.2137720733989966,0.18170169031947694,0.21930856530581005,0.4157267499070652,0.4479630884957687,0.1790732763333406,0.19009424679101702,0.1631672169862894,0.14538950098355652,0.00020992324681288403,0.13410596750563075,0.3103365332050469,0.059574468085106386,-0.01787408978592202,0.049629354267346,0.07137827731735584,-0.4516236251120684,-0.4060790273556231,-0.02257549583433557,0.30523277426690865,0.3348232052655748,0.19156370951870721,-0.22926679932649624,-0.34301021189127723,-0.3160307012748464,-0.2086855743368831,-0.3557717959371105,0.06415779230718768,0.014650893267149198,0.04411449563753253,0.13698803874833265,-0.4364024801586656,0.03915068553060287,-0.07996326343180775,0.1510485228838206,-0.28968096039885416,0.11027530559139315,0.6211716341212744,0.3789114604972557,0.4754455402243555,0.7052896284795872,0.772806192735781,0.5854590818694123,0.6908092978504734,0.34764601692506175,0.08001137084253569,0.23276552010671098,0.04290306356738317,0.2783625986748595,0.10329973103584002,0.0059784391331919266,0.13679153482688852,0.05677549146093459,0.26529487656075745,0.07290459425772453,0.2893092213159564,0.27538680040557934,-0.037825545035096546,0.16113795893376484,0.05945207785977823,0.10650980735168704,0.21602851457435876,0.22731188909055128,0.28420546237781813,-0.5832323806608208,-0.3408322582055936,-0.09579497496227941,-0.43692899783516653,0.15690013338872974,0.12337801491329732,0.13748223305853796,-0.10932190417878464,-0.16578688417047516,-0.20579475629223065,0.023926876735693513,-0.4401609411558899,0.08103920867601078,0.023594498261573112,-0.13251842295160832,-0.09572062714569986,-0.09608153777698969,-0.13757844787999388,-0.5338698038529662,-0.3303980459609613,0.26924843104240015,-0.298248452909405
0.21834204369027574,0.5406879359734097,0.34580481511447375,1.0,0.7460147383612866,0.19068465592267828,0.4639216286545232,0.5287354311080011,0.3835647591349413,0.4056110734512694,0.14969074554550238,0.1987428645152885,0.24714526251339355,0.4658546718855918,0.48187933992215715,0.3270210579256959,0.5175001640025366,0.43072314185126065,0.44275436793422407,0.3438192910717019,0.41161137958933763,0.2293324003411253,0.25341043647697953,0.3375215936673154,0.289401062736437,0.24706216789486343,0.42180140386171305,0.3002427237541274,0.35212000612276134,0.019947081848199252,-0.33912225842426363,-0.17998731713717173,0.04703592748901183,0.4209835778793379,0.313271085259452,0.2159629135597297,0.10003280050731451,0.045255953292077586,-0.102582493275896,0.06234283090245129,-0.19316874767663073,0.002720255406616956,-0.16395005576086244,0.139861363189084,0.12418272069274672,-0.25064425733571793,0.16772430080251907,0.19129693205921586,-0.2444206337058013,-0.11989678773698366,0.3336248933983512,0.31427696748376377,0.6389451356847653,0.8018193348057117,0.44775316524895586,0.22031882093109706,0.2021759880344827,0.29281231549714637,0.2690035205877851,-0.1116398066956769,0.0923487349937679,0.27061293214668386,0.4397279744593383,0.5562178828365879,0.3346264022216877,0.43241003347949153,-0.0811047210863528,0.5349937679036102,0.36177210207517874,0.26057597690844286,0.5553416231242775,-0.0768668955413177,0.40819138002667776,0.1280642540774574,0.3710874461525005,0.22229122477094312,0.43575255297281934,0.33443834597975114,-0.28798845422142527,-0.1459797511534845,0.21954910235944983,-0.23091119809319718,-0.12053093087839759,0.2239268767356935,0.46918720342874637,0.09975290284489734,0.07715991340666069,0.09220878616255931,0.012429205571712842,-0.21695567558111564,0.1343225977156318,-0.06198421202247928,-0.011086571472305438,-0.0015831711530471671,-0.23171615721970207,-0.1897662417178719,-0.1320373488443288,-0.1362492319200999,-0.13989197699591088,-0.1980188493582034
0.1443878331984868,0.8345105070958431,0.5058144365966194,0.7460147383612866,1.0,0.5161793969080055,0.6954144890774311,0.8115632721786097,0.6779514989831843,0.32943080186306883,0.20356235765943118,0.25590765116418956,0.18596575627036366,0.5772626883295795,0.4806854001505138,0.42488027814830204,0.4922962541820647,0.5853928407426034,0.5774113839627386,0.39050971988366756,0.39937023025956137,0.16299228094727866,0.36609998261593096,0.3343552513612211,0.1883142725940828,0.32808379436268614,0.5408147646016925,0.26048413548796223,0.4503203516214384,0.1318974000131202,-0.33160000874680196,-0.14452340862872012,-0.10767750541208371,0.344374712995561,0.26684743390697774,0.28110909448732807,0.01693818197721458,-0.07698497736764995,-0.11213837440685749,0.03248999584526907,-0.19696485972316372,-0.021600227416850713,-0.012223655725875226,0.30832039535544814,0.42203756751437754,-0.22065581406041274,0.052200914040803834,0.09890883645667053,-0.26542170518904024,-0.05742275480527432,0.3293870678533161,0.6247272091141677,0.7923203078874287,0.9251929763180338,0.8383241127462772,0.40579475629223066,0.5847440300281534,0.633172246397411,0.3257221578360412,-0.05105945638625877,0.07458398023222759,0.14781657956309724,0.39502306969014456,0.46925717784435067,0.22292974131333232,0.26069025538593166,0.12360980516498656,0.5367343814917671,0.36031138614943914,0.46900789398876036,0.6415786245424059,0.0567055170453303,0.3183398569897881,0.1526887151918815,0.3697797992608952,0.21399050971988368,0.5753864993111893,0.46045352168113535,-0.3279132317246507,-0.17757757319979883,0.22021385930769063,-0.2787255909558068,0.307388860947716,0.3438324112746277,0.5015634908486585,0.06604710152850364,0.1084953313944589,0.04483610679845182,0.08058865977127112,-0.16508276661345694,0.18090155572987102,0.013920535304279372,0.05834116901008069,-0.07760600030613807,-0.08754683644233048,0.11935011261507511,-0.10908136712514487,-0.1038925540501359,0.014161072357919136,-0.15709256303164157
-0.01679823314600599,0.5899717915637095,0.7791651177538212,0.19068465592267828,0.5161793969080055,1.0,0.4275086921344384,0.6129890008965472,0.7181343071439505,0.32930397323478605,0.19046400741741001,0.3174458435700259,0.09572500054667513,0.3161925171109313,0.2523870595298567,0.2201744986989132,0.17855721501825894,0.46469134722617045,0.43927751415888566,0.2111346788830334,0.13507248912116507,0.1755876757560517,0.2919029672466454,-0.042763114736174584,0.04926636198639872,0.3724694408606853,0.17530777809363451,0.043462858892217536,0.13873302573746474,0.20133388729745685,-0.3536725634689816,-0.3622837899892852,-0.18610570510157223,0.2726290699962826,0.3653845312807505,0.2537403511840983,-0.3119853053727231,-0.35808969845400274,-0.32343049572500054,-0.17755133279394722,-0.38384465679735846,0.03591874220987951,0.11583827163193458,0.08372438827053859,0.2607946469572063,-0.41959329513188487,-0.015516826660252345,-0.05679735846581094,0.19170803175089107,-0.23868273162624914,0.13184491920141697,0.6010802300408913,0.40755286348428854,0.39776081870066254,0.7871728149395377,0.8308718374844197,0.6437106598489118,0.7188253044980429,0.41163324659421396,0.17766504121930418,0.2865277382956856,0.08300715051059457,0.29235310839474316,0.1982856268176948,-0.00502941112155868,0.11962808516808285,0.18092759834685443,0.32820624958999367,0.18228335264918763,0.516349959546041,0.2714485485214591,0.1597166036168026,0.2533686121012005,0.12469017153598183,0.06040541427040738,0.2257287179375041,0.29621482145590516,0.3941571362970414,-0.36031138614943914,-0.43776869082241804,0.053412346110953184,-0.3176444862347204,0.29937679036102427,0.2672891474054799,0.20612276136537577,0.058240580787649515,-0.2080033237847412,-0.16262928866633136,0.15002952045658305,-0.2808423170278367,0.11604176165164232,-0.1296276049069559,-0.07015372504428069,-0.1830093372110822,0.07247826690680996,-0.00259780017930944,-0.47918479805820996,-0.1931713567854803,0.41414795215499334,-0.2340950340031926
-0.10805799129693205,0.6906474820143885,0.3425072707791214,0.4639216286545232,0.6954144890774311,0.4275086921344384,1.0,0.6957293739476504,0.6640440838818307,0.37245194725678427,0.20716823070602433,0.31616443568324387,0.1633465264262754,0.58598762327524,0.5328470106134809,0.6793597340972207,0.6713607837134548,0.7678904900395793,0.6057072882727252,0.6747283024644114,0.5930506658502985,0.14763289672213598,0.47826472006405013,0.5978089261113905,0.1442085237585008,0.3299468631781505,0.7690625615009512,0.2937613435087796,0.7062299096892699,-0.0790142354201745,-0.32743215761737116,-0.008637466926155125,0.11912269576436116,0.5016334652642628,0.27949093612647874,0.47024556646476134,0.2903194769412434,-2.1867004876342086e-05,0.060877741575736374,0.23823664472677178,0.025077081192189106,-0.05756270363648291,0.07813080842317027,0.458118125560342,0.552701668452472,-0.05795418638802789,0.04319608143272616,0.28244298178478494,-0.23228881940040672,0.16936432616824473,0.19899411777568826,0.4871881218429512,0.7169491154796528,0.657400887800398,0.7088320832695546,0.4057597690844285,0.656776209547756,0.6695676893135947,0.2848658459250836,-0.01563490848658459,0.08359318624128054,0.09324528219369793,0.5014104218145241,0.5210732325993309,0.2548861822396186,0.32695835857233835,0.5062124160853688,0.6001268286282828,0.539078524414511,0.5659661936104612,0.7601919487791261,0.15565371411077825,0.3649646847871247,0.3792792408644554,0.5163980669567689,0.21516695458223087,0.712260829634165,0.4636548511950318,-0.13727230981172509,-0.17480046358050338,0.4387308390369771,-0.1291159169928495,0.3792175985655245,0.44760009621482144,0.5880956025453193,0.21430976799107826,0.2220725547221797,0.17109619295445103,0.30225448820275086,0.12078021473398788,-0.03646764390420485,-0.040921912925586584,0.08090354464149045,-0.268627408103912,-0.0030198366751638126,0.23120858935951544,0.07004439001989897,0.038564734129532034,-0.036307974896678405,-0.02070368021692069
-0.05751022282477969,0.7749141720058603,0.5562266296385384,0.5287354311080011,0.8115632721786097,0.6129890008965472,0.6957293739476504,1.0,0.8415429358640747,0.22784107060855874,0.097986155984135,0.20787672243864783,-0.041494828453346747,0.361710874461525,0.27647359173617775,0.48091666484441625,0.44686973825195164,0.6656053880300016,0.5545866042728127,0.4650849533139446,0.30939187859438894,0.06638822680457458,0.2642433625369082,0.326859242089611,0.15566683431370404,0.363731385712099,0.48972469440860683,0.1790339157245632,0.49132098576457983,-0.0635455161706501,-0.3503837659355798,-0.12635630097745512,-0.24132426581531127,0.3440685749272922,0.24833920097964182,0.42798976624171786,0.004473989197699591,-0.2961710874461525,-0.2941112155868011,-0.10632175110975049,-0.3434038179790514,0.01533751722026634,-0.0455445977564453,0.30322538321926046,0.5141851260632831,-0.38101548294995874,-0.18870350528088167,-0.045807001814961404,-0.16924187094093723,-0.0847871247075288,0.20250158535785354,0.5993133760468828,0.7174782969976602,0.732317246506746,0.7950755505018477,0.5197131048960224,0.747767103023673,0.8136931184535654,0.3462377818110253,-0.018490739323434868,0.014362248802781483,-0.04792372788699132,0.3205134372744965,0.2713607837134548,-0.02951170978111128,0.036747582050736326,0.2286938837987361,0.4865889659093394,0.4087380551485863,0.5691106689116792,0.5839436967746343,0.06027421224114933,0.26044477487918477,0.21731234535923571,0.38338982309593056,0.2991231331044587,0.6135837834291837,0.3850167282587304,-0.2828365878725591,-0.1378102381316831,0.34707310139730163,-0.24986114451903524,0.4004810741072795,0.4856836719074588,0.5514552491745206,0.05661367562484967,0.06877610373707113,0.07821827644267565,0.3020708053617896,-0.1169841026874549,0.047744470648462475,-0.035914368808904244,0.010933502438171044,-0.021285342546631388,0.051286929311580055,0.1654938663051322,-0.23923815355010825,-0.11009842360443459,0.07156196015831712,-0.1774288775666397
-0.21149767116398066,0.7713148630032145,0.6697732391594323,0.3835647591349413,0.6779514989831843,0.7181343071439505,0.6640440838818307,0.8415429358640747,1.0,0.28955850517154663,0.25078857972569685,0.29954549380688983,0.13959021232861735,0.41053114954844633,0.34627096091398635,0.46532549036758436,0.4639828562681769,0.697058887844132,0.5360390107366994,0.5424241761605912,0.38604885088889374,0.14385865168047932,0.40497737309220716,0.3942402309155715,0.03705145306247403,0.45208720561544685,0.500072161116092,0.2921519319498808,0.490476919376353,0.05536725634689817,-0.39442828715750805,-0.23546828190942687,-0.09777175220310075,0.4698738273818635,0.3711005663554263,0.5837528153768778,0.06824692221906366,-0.35213312632568716,-0.14745358728214997,-0.05508298528350572,-0.19522861953598217,-0.09455730248627846,0.07059106514180753,0.30715707069602677,0.5226170431436006,-0.36096341755441047,-0.05893157814174193,0.003175089108044871,-0.04639741094662264,-0.02481905053464827,0.062924493232162,0.6334390238569023,0.6104305613260151,0.5934923793488006,0.8262141654457589,0.6655397870153725,0.7621337409352055,0.9210644857973803,0.3210601123964051,0.06824254881808839,0.12570466423214013,0.11143425684983928,0.43091119809319717,0.3352867857689532,0.0472064901270473,0.08907325244002937,0.3326015175701384,0.44868032625571275,0.43753252716975355,0.5565283943058319,0.5797824011969104,0.1324921825457567,0.3641774726115764,0.3191077377576613,0.39168616474601475,0.22538759266143316,0.6088036561632153,0.48881065360477577,-0.24848789661280093,-0.2591808619973322,0.407233605213094,-0.22817782248365442,0.3531171415451226,0.4777153353305198,0.5385930769062561,0.08461656206949335,0.16148345761081104,0.11223896262928866,0.343316349959546,-0.06495812468566181,0.012144947787009279,-0.19006363298419016,0.060344186656753625,-0.20847127768909493,0.0074172961637622385,0.14847696311036276,-0.27907983643480355,-0.13070812076767113,0.16852025978001794,-0.17916949115479652
-0.1378102381316831,0.1443178587828825,0.3075944107935536,0.4056110734512694,0.32943080186306883,0.32930397323478605,0.37245194725678427,0.22784107060855874,0.28955850517154663,1.0,0.5560588616684149,0.7836246568247854,0.342940237475673,0.23802234807898362,0.27584382130717905,0.20360368240362117,0.4074916358706348,0.2406551354660952,0.22394437033959458,0.129710699525486,0.4388576676652599,0.2842491963875708,0.22664081983877865,0.4143228881940041,0.586005116879141,0.6000962148214559,0.25651746080339377,-0.031750891080448713,0.24342349828344012,0.012258642933677373,-0.32610264372088954,-0.28514574358750083,0.16816164090004593,0.3049353830005904,0.3403074500885614,-0.0388008134525814,-0.25046904725459757,-0.11579016422120662,0.011900024053705363,0.3913712798757954,-0.23531521287529247,0.35328333078218277,0.16457107869935056,-0.07490761190439746,-0.13856246309942927,-0.37979092933801684,0.056364391769259364,0.11403205702914872,-0.28429730379829876,-0.3695086484004286,-0.13514246353676937,-0.023472043034265595,0.2729483282674772,0.2784981741050928,0.41141894994642586,0.3844919201416982,0.07927672615596586,0.3163587063479915,0.7873258839736721,0.4458769762305657,0.7162581181255604,0.37714460650324727,0.41575299031291685,0.43807482889068683,0.2756773304760447,0.2726187326300118,0.16474164133738603,0.2752487371804684,0.0402134219675931,0.024639741094662264,0.37909337111978564,0.06684743390697775,0.31458310555203256,0.4356305740425665,0.41749797730204896,0.6486103518401085,0.25116004460868996,0.3862544007347314,-0.2949028011633247,-0.47511753515121036,0.22136406376418621,-0.288683824976493,-0.26358487677942755,0.2808685574336883,0.29069996282609173,0.052074085412521044,-0.2433316568629595,-0.18258949071745642,-0.2189674400297391,-0.06976011895650652,-0.21137763374707452,0.06828190942686581,-0.04126741160263279,0.08258293061599353,0.3184145529451871,-0.42269357766066784,-0.2679626511556712,-0.23906592697773582,-0.2080426843935186,-0.29738251951630185
-0.13375842837298713,0.06779434934113228,0.1413353538468775,0.14969074554550238,0.20356235765943118,0.19046400741741001,0.20716823070602433,0.097986155984135,0.25078857972569685,0.5560588616684149,1.0,0.63586983855555,0.36219234457210925,0.23015047795871924,0.2294247434448043,-0.07424074942685488,0.1734820728632303,0.09400635674532389,-0.08986255479062771,0.11427271902296199,0.317577045742734,0.10371094411996329,0.19554174529694365,0.4042142137876219,0.14658344075519986,0.5027076848395614,0.22443443663440482,0.061197066756795405,0.1921477686338301,0.06739636941725116,-0.009319727668029087,-0.40787038100041983,0.013019628938396335,0.01588858311494588,0.09213016567559866,-0.02996001613788515,-0.10782194553148244,-0.24435529985724502,0.11546447209172685,0.23999938772333748,0.03234133557253641,0.20954736343779712,0.04421731890549417,-0.11894570307424734,-0.06161254030370426,-0.17811151759532395,0.07981902846982583,0.07187692361523136,-0.07247170679817456,-0.09600281647336485,-0.10872942722604652,0.06543708363814416,0.15678878308900834,0.14240246485156974,0.22968252354272714,0.2204021565265105,0.056946178623206625,0.19789442379844305,0.5347538155235046,0.6716239220925513,0.6648254628433954,0.38592025750636166,0.2814767679221117,0.30274026671233106,0.40987558753997466,0.15920325119704426,0.13900651528130947,0.14290759321649574,-0.024051544960265583,-0.04103347951444528,0.33294993100944875,0.01390524360417573,0.3175836058513694,0.24004119752727368,0.3599794012591,0.36916355334866413,0.24884897427249603,0.28491863825281977,0.06244348739752196,-0.4041682930271741,0.16498454547750505,-0.2853756591544195,-0.2159194156256518,-0.007640339857365938,0.1288820809540043,-0.1016423231969329,-0.049358257372771594,-0.1083052068676238,-0.19817650846976537,0.0006931848124742422,-0.13859775337900632,-0.08633321634478094,0.017051909046290666,0.008709637564936614,0.13991633665639644,-0.19402395970355532,-0.217664404522669,-0.15821485933465756,-0.0875665167682367,-0.15380830706565693
-0.2716016177229518,0.0775579776934903,0.29687990299803774,0.1987428645152885,0.25590765116418956,0.3174458435700259,0.31616443568324387,0.20787672243864783,0.29954549380688983,0.7836246568247854,0.63586983855555,1.0,0.2981132034214935,0.17129536998476266,0.09550653934210786,0.09648389110662772,0.3037964442026309,0.20021888895825415,0.18759723994373892,0.10472557425557227,0.3880566662186245,0.2690628556810509,0.24726169832651446,0.4260528154348783,0.5606815515534955,0.7709286599124022,0.2376399353174709,-0.0819160765302763,0.2606812235478844,0.060753166072466475,-0.31589765793207086,-0.4189744582172785,0.0539393999031613,0.1969519548578235,0.25510513120779194,-0.039802365793868005,-0.3178941176601118,-0.29986693913002455,0.06088218154229606,0.4084586040747276,-0.21927163113834272,0.3963311499107461,0.26885949231335343,-0.07514167101278355,-0.043946167748564184,-0.3584097404599516,-0.029002240277116325,0.017911283277528448,-0.19342042970909826,-0.4073499457153445,-0.2905581449763878,-0.0034068830846525847,0.20435394410143645,0.19548467722637172,0.37007759515186356,0.34525633077837736,0.13800952966156363,0.33693373962292955,0.7502818113339108,0.5517510569978337,0.8538528064696521,0.3473861793820049,0.3159129648522201,0.23540731167855544,0.17427803271099254,0.08663079737206651,0.14754996342748256,0.1623320748859238,-0.03582475325793536,-0.03237413611571343,0.3320468217332263,0.12586661768459742,0.24758506000874173,0.4287713559103363,0.47494530509453625,0.6638217662221787,0.2672194651545027,0.46495863304857454,-0.3425360723975636,-0.5080060659140885,0.1698674530051233,-0.47516178867950454,-0.1282807376624257,0.18740699679331224,0.18101307757667287,-0.22191316821553161,-0.33566107854766136,-0.23203322913707985,-0.2624568262852002,-0.16300776607537032,-0.21963267724886237,0.048345813940041074,0.012518873979227246,0.09085969130320895,0.38861798040274736,-0.3577445909173061,-0.36328132260558615,-0.46451137470684883,-0.14168303960455386,-0.391911823393363
0.07881305897531216,0.22027508692134437,0.11136428243423498,0.24714526251339355,0.18596575627036366,0.09572500054667513,0.1633465264262754,-0.041494828453346747,0.13959021232861735,0.342940237475673,0.36219234457210925,0.2981132034214935,1.0,0.37959808445037285,0.49272538619935663,-0.03178150488727559,0.2456276923749754,0.044639303754564735,0.04977367649952986,0.0651942883383263,0.24958124685661806,0.3899061905490805,0.3383485363852981,0.16836281734490827,-0.0465417331788065,0.12460694058734775,0.19159869672650937,0.18363910695152086,0.13808138899214975,0.3500295204565831,-0.012704729833154753,-0.19774769849773677,0.3052852550786119,0.21644398766700926,0.3189390129233999,0.011453937154227985,0.16709453106208041,0.1442784981741051,0.285360040235289,0.4103518401084603,0.2968752050031707,-0.1560210797927008,0.22197196649974854,-0.043287922853206796,-0.04891648990837725,0.24609154194274832,0.503054820581225,0.3949268548686886,-0.10420939843869585,0.05192538977936192,0.1347226170431436,0.26602960792460256,0.15372504428068487,0.29164899083772494,0.21213618770636986,0.1251667359121821,0.04683698895389841,0.0975705757582384,0.19694736611926264,-0.010767313201110844,0.2994161509698017,0.8655572806192736,0.4418228335264919,0.35494959655376,0.26159935273665563,0.41613001274948663,0.13416719511928452,0.2662788917801929,0.0170737574074479,0.12037348844328792,0.22785881334208513,0.25958321488705693,0.34737049266361986,0.18597470640791594,0.04556209136034638,-0.03638669611423323,0.12130939625199537,0.30346154687192495,-0.07343814917670727,-0.18579956703330344,0.03556449673088277,0.06309505587019745,-0.09342459163368394,0.053184929260239225,-0.039085084515973846,0.1743106426712733,0.15701821521506198,0.25531477553519494,-0.18518729089676586,0.08775666396973607,0.2175091486182978,0.048435415801097725,0.26417965931206405,-0.256211322735125,0.02128317911612555,-0.14646957206271458,0.2085325053027487,0.22781532836714144,-0.050403446239968515,0.0518729089676587
0.18552404277186155,0.6114670573571538,0.24477925258577332,0.4658546718855918,0.5772626883295795,0.3161925171109313,0.58598762327524,0.361710874461525,0.41053114954844633,0.23802234807898362,0.23015047795871924,0.17129536998476266,0.37959808445037285,1.0,0.8147173850537168,0.29070870962804224,0.5076600118081827,0.4875729811287748,0.5103671470118738,0.4210360586910411,0.560897421880125,0.23999912531980494,0.5374740739043185,0.2830727515252236,0.05258577332662745,0.12081082854081476,0.5095012136187707,0.36981478646869737,0.4968096039885417,0.24084319170803176,-0.14748857448995212,-0.05352605453631016,0.1545953510747633,0.2907262032319433,0.2560844941068422,0.19513240471452625,0.20299577966805887,0.23108176073123265,0.1422579869235311,0.1855284161728368,0.014405982812534168,-0.019076775054120837,0.04803306291137303,0.3245282193697929,0.3293083466357613,0.09879742275204649,0.22224311736021518,0.2566574096346024,-0.2501410421814524,0.009197262250989482,0.2501235485775513,0.4352015044499355,0.4601255166079902,0.5472524108372876,0.5100216483348275,0.16235813780586472,0.3720172006050644,0.36094115588987774,0.07537556580875117,-0.1446939712667556,0.04099626074216615,0.32828934420852374,0.6405720408475651,0.7818853731604383,0.5233998819181737,0.6022076976413289,0.16668780477138045,0.7035096542826529,0.46810697338785506,0.43457173470949684,0.584297942640946,0.19867485950449368,0.5392971944632744,0.15360494369795946,0.23678030220200738,0.0038792066650630863,0.5463252498305307,0.5901554744046708,-0.13349369136909317,-0.16694146202794602,0.16035949356016707,-0.13198924143360083,0.24956375325271699,0.1973803328158142,0.40544488421420916,0.19640943779930464,0.07357372460694059,0.1292952264328355,0.0729352080645514,0.015809844525595328,0.03618118582712559,-0.08165139620826135,0.1340316196890512,-0.17297238197284118,-0.1356061923052923,0.08918239268767357,0.15763486475257485,0.11701059896072008,-0.09461415669895694,-0.135413614397236
0.19154423863937303,0.5357575121447213,0.2137720733989966,0.48187933992215715,0.4806854001505138,0.2523870595298567,0.5328470106134809,0.27647359173617775,0.34627096091398635,0.27584382130717905,0.2294247434448043,0.09550653934210786,0.49272538619935663,0.8147173850537168,1.0,0.3345983409487261,0.5291077486913013,0.4688728312010316,0.46356570331499064,0.4148831371316655,0.6610708940010664,0.3390067339517169,0.5418240183333369,0.30232916657117914,-0.010050086429437279,0.0025453221505363343,0.44961453895036707,0.3853276610262969,0.41768867692473954,0.32882325864669304,-0.13035810539696996,-0.08853303944051938,0.41221317291705656,0.43542065056623364,0.38070715784409476,0.20883449829941667,0.3266715430142809,0.30122488161755295,0.18437403990087764,0.23523456215115648,0.11829406561646398,-0.10159640243648507,0.06388889800018907,0.19128620769971383,0.24725924127985005,0.15510519145697985,0.43677859305376204,0.42206208268167483,-0.16624189963262395,0.11913157281891709,0.3020274015739506,0.3992547716592573,0.4152767436497897,0.4838736129473196,0.40881941004967476,0.13325986011669652,0.24590156764900756,0.30824857126319105,0.0546894389904757,-0.1595680824475407,-0.008125787896385754,0.418939470971223,0.6264400805147744,0.8152072064984935,0.6669771784758075,0.826920995346087,0.14228875630188942,0.6651141076233531,0.4746151129598876,0.36385642546262315,0.6103269343048136,0.20124007920249853,0.5966068931438404,0.16383233218677087,0.2392471619331446,-0.07482022568964881,0.45707119576594174,0.4403144916082442,-0.0803350903491442,-0.17562285498125013,0.18771750860205466,-0.03278960966262228,0.10187411370205046,0.17386693256984062,0.265612238538829,0.2974593792608317,0.19724497304353816,0.2461483962175885,0.04305617967702785,0.015000781746288019,0.125540936215994,-0.19323237326155004,0.12848847443588013,-0.25271725166450526,-0.20532506467180833,0.018387984505034392,0.16546999351652486,0.19936869749863495,-0.1368569863517758,-0.02139251426004893
-0.022759178675296844,0.521156327217861,0.18170169031947694,0.3270210579256959,0.42488027814830204,0.2201744986989132,0.6793597340972207,0.48091666484441625,0.46532549036758436,0.20360368240362117,-0.07424074942685488,0.09648389110662772,-0.03178150488727559,0.29070870962804224,0.3345983409487261,1.0,0.582418928079421,0.7622444293805077,0.6562638035468282,0.6671054645645186,0.4459425772451947,0.20580787649515647,0.5537256496970899,0.5246812884039274,0.21710874461525004,0.2517460803393759,0.5781111281187816,0.26630513218604446,0.49872952701668455,-0.04065076206511994,-0.19792700793772278,0.32929959983381074,0.2840655135466095,0.6800682250552141,0.4107192057903829,0.5471649428177823,0.310598937263563,0.19776519210163784,0.10982921869191577,0.1914150138855481,0.08376812228029126,0.017200586035730686,0.27191620563731383,0.4213421967593099,0.5585314119525049,-0.03632550821710445,0.06953707550676784,0.304489296101113,-0.030963678904900396,0.13955959852179048,0.078598762327524,0.252074085412521,0.4703155408803656,0.4149395377315169,0.43782117163412126,0.22856268176947803,0.42162036870022435,0.49803415626161684,0.019439767335068116,-0.04061577485731779,-0.036439176925936456,-0.11563709518707223,0.32820624958999367,0.4046401784347598,0.11652489558505172,0.21764277545431637,0.2774616780739542,0.3405917211519538,0.5738470621678948,0.40757473048916487,0.4812779966305785,0.12523233692681113,0.275340578600949,0.29478504164046576,0.36313222977848725,0.18390588441101222,0.4276092803568695,0.3590693402724629,-0.05050840786337495,-0.016955675581115656,0.5304235638844548,0.040160941155889876,0.3037152041284905,0.4751656425619383,0.546526426275393,0.305971879031729,0.16069624543526273,0.19392971944632745,0.38430823730073693,0.09541886247840634,-0.1724543225103505,-0.19648815901685945,-0.03655288535129343,-0.09251055082985284,0.011213412360782063,0.2617043143600621,0.07581727930725328,0.0031248018298424404,0.05502613107082723,-0.08291093568913865
-0.08701318580394043,0.46539109138221335,0.21930856530581005,0.5175001640025366,0.4922962541820647,0.17855721501825894,0.6713607837134548,0.44686973825195164,0.4639828562681769,0.4074916358706348,0.1734820728632303,0.3037964442026309,0.2456276923749754,0.5076600118081827,0.5291077486913013,0.582418928079421,1.0,0.7114167632459382,0.687739170365835,0.5546871924952439,0.5912050906387352,0.25910651418075265,0.355654102965491,0.6826703986354989,0.2150926067656513,0.2558876910629551,0.5917605125625943,0.40008746801950534,0.5913275458660427,-0.17567077037458179,-0.33326190111740395,0.05889659093393978,0.17371586013863682,0.5749316656097614,0.30913822133782337,0.34703374078852417,0.3293564540464893,0.04075572368852638,0.04095252673241346,0.1630841223677593,-0.013251404955063306,-0.05378845859482627,-0.030819356672716538,0.29290853031860226,0.3102665587894426,-0.09100401369318782,-0.00010933502438171043,0.26470446742909626,-0.19267892676740067,0.08975093481445846,0.22717194025934268,0.22727690188274913,0.5645229712886226,0.5279394721305023,0.41648772167676196,0.237458179353174,0.3187316248625649,0.4143447551988804,0.22500273337560955,-0.14173317880649888,0.04372526295073364,0.2265465439198793,0.5304191904834795,0.5588331766197984,0.22320526557477421,0.3365864218731055,0.2701537250442807,0.7028667643392884,0.5539699547352999,0.34660952089392316,0.5814661624133305,0.057212831558461436,0.4387264656360018,0.3912142651751318,0.5968424044958562,0.17135422361199187,0.598403708644027,0.38561588419234216,-0.14504821674575233,-0.03821040432092016,0.43420874242854957,-0.17412695983031204,0.06299446764776628,0.39986879797074193,0.5651746080339376,0.1251273753034047,0.2314753668190068,0.2906168682075616,0.18219588462968228,0.06573659005925958,-0.1472088377784416,-0.05657431501607225,0.06922656403752378,-0.15696573440335876,-0.05837840674645062,0.05518794690691216,0.06262710196584374,-0.0014629058251676645,-0.1535544816426494,-0.02290787430845597
0.03090245129124664,0.7017165598827928,0.4157267499070652,0.43072314185126065,0.5853928407426034,0.46469134722617045,0.7678904900395793,0.6656053880300016,0.697058887844132,0.2406551354660952,0.09400635674532389,0.20021888895825415,0.044639303754564735,0.4875729811287748,0.4688728312010316,0.7622444293805077,0.7114167632459382,1.0,0.8014388489208633,0.7774901051802935,0.6095777481358379,0.22728564868469966,0.5479593142065707,0.5007937722770113,0.1191445627692375,0.30986857930069317,0.5635302092672366,0.38383590999540795,0.601172071461372,-0.06085587457086003,-0.3075244363779493,-0.021241608536878703,0.1374516192517111,0.7188996523146225,0.4154687192495244,0.5930331722463974,0.29098860729045944,-0.0691128556121668,-0.17158164046270583,-0.045448382934989394,-0.1441254291399707,-0.036080558045964446,0.02938050775185323,0.386591152609827,0.5690975487087534,-0.2443159392054326,-0.015770483916817915,0.25050403446239966,0.08406988694758478,0.1218167107651265,0.2947715991340666,0.4867813955522512,0.622076928123155,0.5206577595066804,0.6002536572565655,0.46302508145459315,0.5727783918771785,0.6465548533817324,0.14098532723972798,-0.014685880474951346,-0.01754608471277689,-0.04488421420917977,0.41942227373116703,0.47959152434890995,0.16249808663707332,0.2798917143557333,0.1974634274343443,0.6732500929347707,0.686794515755177,0.6977105245894469,0.63920386521639,0.12118694102468786,0.5225208283221447,0.17162774882228976,0.4209485906715357,0.13618333296888324,0.6375369005707289,0.4652686361549059,-0.1658262447792526,-0.21567864249633728,0.43103802672147995,-0.11511666047101529,0.3080536178959568,0.3935711005663554,0.5482407994576983,0.22292536791235704,0.17890271369530517,0.18326736786862302,0.466851807307953,-0.12394218363910695,-0.1286043696884389,-0.26972950514967964,-0.1645798255013011,-0.22847521374997268,-0.17121446197825937,0.2062189761868317,-0.1458004417134985,-0.01968253412904955,0.19913406660689686,-0.10451553650696464
0.12892348734993767,0.6633049791170104,0.4479630884957687,0.44275436793422407,0.5774113839627386,0.43927751415888566,0.6057072882727252,0.5545866042728127,0.5360390107366994,0.22394437033959458,-0.08986255479062771,0.18759723994373892,0.04977367649952986,0.5103671470118738,0.46356570331499064,0.6562638035468282,0.687739170365835,0.8014388489208633,1.0,0.5012267389735628,0.5415582427674881,0.38572521921672387,0.5312419707006857,0.353939340928473,0.2085018914959218,0.3052109072620323,0.38321051365594455,0.2798145677986486,0.41877063698585204,0.06765651308740242,-0.4180752662307844,0.026515930113052415,0.14598849795543503,0.6945616758872537,0.5032078896153593,0.406175242177079,0.11313550982921869,0.09170584505040344,-0.08681200935907808,0.02633662067306641,-0.23894950908574053,0.028650149788983403,0.1846012551660799,0.2694758478931141,0.4272331678729964,-0.20911439626786052,0.030863090682469223,0.1240471452625134,0.10306356738317553,-0.016876954363560823,0.2509763617677287,0.45816623297106995,0.4730707834947847,0.551608318208655,0.5809494653517308,0.35540880365616323,0.48847443580361555,0.5632371914018937,0.05663991603070127,-0.1372154555990466,-0.024867157945376223,-0.03974109466226411,0.4064114058297435,0.48025628129715076,0.16054317640112833,0.33421603336117467,0.020213859307690627,0.6282696639041351,0.5532570903763312,0.5580415910432748,0.4578649689108255,0.2096520959524174,0.385401587544554,0.16051273809103872,0.3153571975246551,0.11121996020205112,0.4613456954800901,0.488749425991122,-0.35576304913515994,-0.21687258096258555,0.22468347510441494,-0.23201766853994008,0.28478275130655356,0.3701734053486694,0.35587238415954164,0.11518226148564431,-0.004351533970392075,0.08328704817301175,0.24065076206511993,-0.2644770505783823,-0.11310064628010333,-0.18338107629398,-0.1516695458223087,-0.13645885723032516,-0.05655906995156554,0.06500185869541449,-0.17877588506702238,-0.16350213969149693,0.15449038945135685,-0.1789245807001815
0.045702040191554966,0.477181780411537,0.1790732763333406,0.3438192910717019,0.39050971988366756,0.2111346788830334,0.6747283024644114,0.4650849533139446,0.5424241761605912,0.129710699525486,0.11427271902296199,0.10472557425557227,0.0651942883383263,0.4210360586910411,0.4148831371316655,0.6671054645645186,0.5546871924952439,0.7774901051802935,0.5012267389735628,1.0,0.5043056132601518,0.02083488224617874,0.44145595051080433,0.5705057838227898,0.04838730839036977,0.2422776672279198,0.6970020336314535,0.39706982134657015,0.74623340841005,-0.19664560145196913,-0.1542629726006429,0.0031226082963416502,0.15956790798364348,0.5711311801622532,0.19530734075353698,0.7423979357547397,0.5325883973672126,0.0014738361286654566,0.015320023616365266,0.020603091994489516,0.17153353305197788,-0.10118300496381011,-0.1214843322910061,0.5089720321007631,0.5696529706326124,-0.06394575227502923,0.0721042618792504,0.48097351905709473,0.14288338326299446,0.45474623340841,0.2798276880015744,0.3106689116791673,0.49173645885723033,0.3762524327042925,0.36219194856880454,0.2609171021845138,0.3977437599702362,0.42626664625746213,0.06650193522993156,-0.03887953467013623,-0.09330213640637641,-0.0472064901270473,0.29304847914981086,0.4030876210885395,0.15732872668430606,0.2284669665373955,0.24547899674181628,0.45470249939865737,0.5900024053705364,0.4660252345236273,0.6343865587751258,-0.04054142704073823,0.4326255712755024,0.15055011977674015,0.38412455445977567,0.05538912335177451,0.6393431151735147,0.24641490455052373,0.042181452406463885,-0.06487065666615643,0.4422907874308456,0.06193173121077606,0.19481314644333167,0.22181889746561415,0.5753558855043625,0.258476744440314,0.426362861078918,0.2982397061074545,0.610557389954298,0.21684634055673394,-0.014688083234667146,-0.22178828365878725,-0.04092628632656185,-0.2620541864380836,-0.20630010966327267,0.32143185147930287,0.0613588156830159,0.19576697594014997,0.17845662679582777,0.1848505390216702
