0,1,2,3,4,5,6,7,8,9,10,11,12,13,14,15,16,17,18,19,20,21,22,23,24,25,26,27,28,29,30,31,32,33,34,35,36,37,38,39,40,41,42,43,44,45,46,47,48,49,50,51,52,53,54,55,56,57,58,59,60,61,62,63,64,65,66,67,68,69,70,71,72,73,74,75,76,77,78,79,80,81,82,83,84,85,86,87,88,89,90,91,92,93,94,95,96,97,98,99
1.0,-0.06990774769369235,0.025312411286760886,0.08260256506412661,-0.191092777319433,0.05716792919822995,0.4421285532138303,0.21045759036137024,-0.08727818195454887,0.12665416635415885,-0.26508597655667376,-0.23773362164082412,-0.10882922073051826,-0.00018600485937706894,-0.0814805675694078,0.4083897097427436,0.11427369254761525,0.11721593039825996,-0.13360234005850147,0.3637470936773419,0.4445526138153454,-0.13791944798619965,0.24773878637172161,-0.27389034725868144,0.195798394959874,-0.440577514437861,-0.26571974263848813,-0.14073132105728173,0.15080477011925297,-0.2727323183079577,0.2223145578639466,0.3629325733143329,0.44082502062551565,0.004416110402760069,-0.17231830795769895,0.07010575264381609,0.16779419485487138,0.4277921052247002,-0.04123003075076877,0.035259881497037425,0.20544296311520352,0.148643216080402,-0.16876471911797794,0.3503862596564914,0.3188854721368034,0.26617115427885696,-0.04933327033172492,0.09697592439810995,0.42536563414085354,0.37504387609690243,0.045946148653716344,0.008572714317857947,-0.2578235422724033,-0.25545788644716116,-0.21636090902272556,0.1091742293557339,0.05955748893722343,-0.052669316732918324,-0.37460136503412583,0.06570764269106728,-0.034550363759093976,-0.07940898522463062,0.0330270880623619,0.08570764269106727,-0.03389334733368334,-0.15449422822642028,0.3028470711767794,-0.10782569564239106,-0.2741598096151747,0.1026145653641341,0.11725193129828246,-0.29701942548563715,-0.07361511798362401,-0.2605400135003375,-0.08628665716642916,-0.15119633660705203,0.00462161554038851,-0.2618030450761269,0.16642616065401636,0.2539189431932014,-0.22533413335333383,-0.06559141438214457,-0.23500487512187804,-0.22644566114152853,-0.2588149703742594,0.08363012211435454,0.10366159153978849,0.053566339158478964,0.294118352958824,-0.18077851946298656,-0.37897397434935876,-0.2873201830045751,-0.29741093527338186,-0.19012232435399387,-0.23536488412210305,0.23793903770309846,0.1981249531238281,0.033988612461043594,0.44680567014175354,0.41451526832496294
-0.06990774769369235,1.0,0.6661921542704519,0.19867546688667218,0.5057166429160729,0.28042151053776343,0.1293977349433736,0.4569970963013508,0.606193654841371,0.05639240981024526,0.03708694108113254,0.013078836780050765,0.12268506712667816,0.15435253246000818,0.19068333858973013,0.1498342458561464,-0.050065289181210504,0.2588254706367659,0.3092822320558014,-0.10468311707792695,-0.27238730968274205,0.1134478361959049,0.13944428839882794,-0.13476786919672992,-0.3051811295282382,0.01537838445961149,0.022137561740630727,0.04767420973307533,-0.1513612840321008,0.14513012825320634,-0.02739368484212105,-0.08031500787519688,-0.03982299557488937,0.07253431335783395,0.03408835220880522,0.12499662491562288,-0.05022875571889297,-0.050318026819934095,0.147587189679742,-0.010561764044101103,0.12825400444537183,0.08567314182854571,0.2829580739518488,-0.025494637365934148,0.11805595139878497,0.22888622215555388,0.31272430265088125,0.046612165304132605,-0.0991764794119853,0.005442136053401335,0.1617070426760669,0.5928583214580364,0.3194083549870303,0.2988314707867697,0.4033105827645691,0.21462986574664367,0.33858996474911873,0.2937283432085802,0.0067816695417385435,-0.26992574814370357,-0.04301207530188255,0.054695867396684916,0.32620652749065804,0.03710492762319058,-0.026664666616665417,0.16981862282958562,0.06536713417835446,0.05715292882322058,-0.055866688567246324,0.2761314032850821,-0.16528763219080478,0.031869796744918626,0.14881577620033157,0.17628290707267683,-0.04701267531688292,-0.23171312972068298,-0.08905122628065702,0.0448931223280582,0.1861561539038476,0.019489244539581563,-0.12841971049276232,-0.020390767415724608,0.07986949673741843,-0.2642646066151654,0.07468086702167555,0.09049804638793346,-0.1694622365559139,0.11436135903397585,-0.09563489087227181,-0.033612840321008024,0.1841896047401185,-0.018966474161854048,0.08055951398784969,0.22831479348790082,0.2634710867771694,0.016876178233023852,0.28177154428860723,-0.07864849570558406,-0.22847071176779418,-0.02294083212361675
0.025312411286760886,0.6661921542704519,1.0,-0.10537025279792103,0.384367791608799,0.7088615190076326,0.29021258180388326,0.7018123480274202,0.7978430936513266,-0.04681547305426317,0.0957520374290188,0.016949705523337133,-0.06927405978485572,0.008754988573438626,-0.10244071467896781,0.27003030454187704,-0.0021893088376751667,0.5491665969776935,0.4722378372137961,-0.13697757853932602,-0.20851669749885413,0.09451446919056741,0.12922917457316255,-0.25669270609710926,-0.3159262535735745,-0.07756927649739759,-0.3780040171065597,-0.21847928970123853,-0.262011845059618,0.05631222115681336,-0.17671886678050647,-0.2910488536514858,-0.03953878295072961,0.20810943685916963,-0.009718753902451851,-0.01199206329266111,-0.3079115441892868,-0.1290101687695087,-0.0768035064916557,0.09276392345755903,-0.16999275480805023,-0.04045230681654118,0.05992206546399817,-0.20621713742284567,-0.2492795124274199,-0.1050177435886177,-0.026669216735201635,-0.2533146178445515,-0.12184668324467687,-0.21178078277308396,0.1591564079612587,0.7982736048984331,0.30019695521939777,0.004731873620201322,0.7276652602553847,0.6860976743021753,0.6175346330926803,0.6349763387572519,-0.08764503972671832,-0.2517958281661702,0.011928311627148807,-0.07910456660685267,0.29350415286013337,-0.030807804853921306,-0.023102103542469665,-0.009294999803120364,0.00575115024880389,0.13353423858206745,0.1113989938479675,0.5964815830817355,-0.31805480918209117,0.04499667553817691,0.10652082280183421,0.005577145702935019,-0.023727619884084488,-0.15934772271469677,-0.27910629165204603,-0.08849781200539465,0.02398787668329353,-0.23207414996503936,-0.21046224832637073,-0.23673027335231042,-0.16101495651584088,-0.23680368649645958,-0.2799748143422019,-0.0920116883097661,-0.4182131758194829,-0.119763128811816,-0.15873939706684884,-0.17322677554962085,0.06662199049954397,-0.1486853844057617,-0.18200950499843327,0.06964684564142909,0.07427819051777428,-0.12174397621540396,-0.06041632837661707,-0.2785378812539316,-0.26344213242587633,-0.20086357288473794
0.08260256506412661,0.19867546688667218,-0.10537025279792103,1.0,0.5508587714692867,-0.09636690917272932,-0.20358358958973974,0.017090683676099484,-0.0542353558838971,0.32849621240531013,-0.025768403873250096,0.06484666980176564,0.45500937523438084,0.005079882711939064,0.0017550445342551803,-0.14730668266706667,-0.15291318751462152,-0.3421075526888172,-0.25340883522088054,-0.450708767719193,-0.11062326558163954,0.043675091877296936,-0.2929941847274581,-0.18270306757668942,0.1511422785569639,0.07163579089477237,-0.08045079143883842,0.2436811834100462,-0.32084902122553066,0.17524638115952898,0.0954908872721818,0.2928043201080027,0.22122253056326407,0.005358133953348834,0.03508587714692867,-0.10209555238880973,0.25704042601065025,0.13741548691799021,0.41774694367359183,0.14851721293032324,-0.04073428363245004,0.23473936848421212,0.1669166729168229,0.18995274881872046,0.10488112202805071,0.1145353633840846,0.08050107290264989,-0.03513837845946149,-0.09447986199654991,0.057869946748668716,-0.4580664516612915,-0.1860001500037501,-0.25934533088778955,0.5412765319132978,-0.0790729768244206,-0.28771619290482264,-0.12817220430510762,-0.002395559888997225,0.208403210080252,0.36101402535063376,0.31747993699842497,0.34888622215555387,0.31567401022803177,0.28045001125028124,0.04215405385134628,0.1213366244181129,-0.24640966024150604,0.10555913897847446,-0.36110054833922134,-0.27585089627240683,-0.2629355733893347,-0.25099377484437113,-0.42424376518557144,0.38601815045376137,0.1343718592964824,0.14524118549509216,-0.028058201455036375,0.055267381684542115,0.08832970824270607,0.12401189680189008,-0.16535963399084977,0.054755139411666424,0.07976899422485562,-0.15800645016125403,0.016621915547888697,0.1844836812734253,0.15169879246981174,0.23790294757368935,-0.262232055801395,-0.23538288457211431,-0.23680342008550215,0.09116027900697518,0.24436960924023102,0.061923071297938545,-0.05634440861021525,0.1679360113763005,0.15765544138603466,-0.05753771001939579,-0.21325583139578488,0.018876478990655716
-0.191092777319433,0.5057166429160729,0.384367791608799,0.5508587714692867,1.0,0.3916672916822921,-0.19896197404935123,0.29628226816257547,0.4587129678241956,-0.09940448511212781,0.0677364688129009,0.04369837523317455,0.30654466361659044,0.10264093149440025,-0.006807172732008554,-0.16519312982824572,-0.11050109540323771,0.03715892897322433,0.15629190729768244,-0.4366504162604065,-0.2718397959948999,0.15448136203405086,-0.26282016906180844,-0.3148968724218105,-0.3040846021150529,0.10495012375309383,-0.2404913524680858,0.20364891759129822,-0.3494817370434261,0.23940148503712594,-0.1787609690242256,-0.08736668416710418,-0.1787009675241881,0.10390909772744318,0.10664666616665416,-0.08588914722868071,0.030612765319132977,-0.22075010153384195,0.20213155328883223,-0.12576314407860195,-0.15920503982789683,0.07783544588614716,0.18941573539338483,-0.05120978024450611,-0.1292462311557789,0.06848721218030451,0.09020482277421181,-0.1690107252681317,-0.14995574889372235,-0.12895522388059702,-0.1607875196879922,0.30071701792544814,0.08501315720887016,0.5822020550513762,0.4704012600315008,0.19275331883297084,0.2137598439960999,0.43633240831020775,0.19138378459461486,-0.07444236105902648,0.004593114827870697,0.1352868821720543,0.3673908225421479,0.20967974199354983,0.010905272631815795,0.17883385497181584,-0.40559213980349507,0.11984849621240531,-0.2334187605331494,0.07621390534763368,-0.28461111527788197,-0.1342953573839346,-0.2428381620183783,0.16952973824345607,-0.1062041551038776,-0.15457367230694566,-0.13793744843621092,0.0010395259881497037,-0.10238055951398785,-0.08556292115913043,-0.4224060601515038,-0.22450244674960207,-0.09397734943373584,-0.25514437860946526,-0.21079126978174453,-0.14950054357630377,-0.159975999399985,-0.0016260406510162754,-0.3730638265956649,-0.4043636090902273,0.08357308932723317,0.03552838820970524,-0.002479561989049726,0.04650042994841321,-0.03702092552313808,-0.0690805029177664,-0.09466886672166804,-0.33058588861694693,-0.31775144378609466,-0.21784302776684492
0.05716792919822995,0.28042151053776343,0.7088615190076326,-0.09636690917272932,0.3916672916822921,1.0,0.3004710117752944,0.616364140240102,0.6806825170629266,-0.16011700292507314,0.16164785181425118,0.014761880118417201,-0.07140778519462987,0.1514837075119546,-0.1343884101059159,0.15678841971049276,-0.045631175002769156,0.3893422335558389,0.3649651241281032,-0.16887722193054827,0.013965349133728343,0.05348533713342834,0.04297084038507779,-0.4426925673141828,-0.2554668866721668,-0.09135528388209706,-0.5053718238100647,-0.149348289712862,-0.2716042901072527,0.005086627165679142,-0.13666091652291307,-0.17064426610665268,-0.07838145953648841,0.12056851421285532,-0.06762169054226355,-0.17780694517362933,-0.3206510162754069,-0.1254541833999126,-0.17248181204530114,0.03286132153303833,-0.25064961023387733,-0.010980274506862672,-0.0402520063001575,-0.10037350933773344,-0.3217790444761119,-0.015892897322433062,-0.18271220483932601,-0.3132033300832521,0.11171079276981924,-0.16940523513087827,0.012859821495537388,0.5679141978549463,0.04963700953912055,-0.042944573614340356,0.7523483087077177,0.7888757218930473,0.509892747318683,0.6217940448511213,-0.14330308257706442,-0.11873096827420686,-0.0192244806120153,-0.07409285232130804,0.29290493246268184,0.07504837620940523,0.03936248406210155,-0.046899457661047965,-0.21578039450986275,0.21927698192454811,-0.0037208458117807,0.4968814220355509,-0.22736218405460137,-0.054472361809045224,-0.04847598007799789,-0.09649891247281182,-0.07456086402160055,-0.11745598044551207,-0.29053176329408237,-0.09547738693467336,-0.05149028725718143,-0.24675851149724662,-0.4181774544363609,-0.4976196270980726,-0.449604740118503,-0.236206405160129,-0.5507987699692493,-0.3413846626358384,-0.45813095327383185,-0.23604740118502962,-0.27924398109952747,-0.4630060751518788,-0.12577964449111229,-0.2629265731643291,-0.3275916897922448,-0.018712224822706194,-0.14685817145428637,-0.1823716276800652,-0.24057301432535813,-0.49368127716244276,-0.10586814670366759,-0.21156461845220811
0.4421285532138303,0.1293977349433736,0.29021258180388326,-0.20358358958973974,-0.19896197404935123,0.3004710117752944,1.0,0.4536002601066321,0.24610815270381758,-0.11762244056101402,-0.2576367875335018,-0.19283221542960155,-0.3520138003450086,0.010075763229320743,-0.12890952107910644,0.4964779119477987,0.09151435649470549,0.3327653191329783,0.04636765919147979,0.4647341183529588,0.305715142878572,-0.2478076951923798,0.31424147387742174,-0.18725718142953574,-0.01343433585839646,-0.6158718967974199,-0.35345321887545383,-0.38731957823432495,0.2902092552313808,-0.3876441911047776,-0.004024600615015375,0.22746568664216604,0.1961389034725868,-0.08730518262956574,-0.1254046351158779,-0.021966549163729095,-0.18299707492687317,0.33932586039373136,-0.3510612765319133,0.08691967299182479,0.38832460373684713,-0.044980124503112576,-0.12985974649366233,0.09669991749793745,0.053201830045751144,0.39880297007425186,0.09060533308735248,0.21083927098177455,0.3580454511362784,0.327731193279832,0.10234305857646442,0.25021375534388357,0.11221259739466678,-0.18555163879096978,0.04756168904222605,0.4137313432835821,0.37873396834920875,0.15727293182329558,-0.40516912922823073,-0.17695042376059403,-0.01875796894922373,-0.08573314332858321,0.032385071771198475,-0.0691067276681917,0.08438910972774319,-0.14860432656145076,0.5651646291157278,0.13749643741093528,0.1248459647836283,0.3553438835970899,0.12288307207680192,0.015279381984549614,0.140775572180154,-0.1906457661441536,0.15990999774994374,-0.25306542153508926,0.06727218180454511,-0.34700517512937823,0.0857886447161179,0.24639400224782437,-0.007863196579914498,-0.22185112947242597,-0.41038025950648765,-0.008512712817820445,-0.30435910897772445,0.02338334335233921,-0.25590489762244056,-0.2901987549688742,0.19751143778594465,-0.03869196729918248,-0.08255906397659941,-0.2539203480087002,-0.3202280057001425,-0.2122538859423707,0.037592439810995276,-0.14865002199431857,0.15680342008550213,-0.20754076634696067,0.28741768544213603,0.2785045670534086
0.21045759036137024,0.4569970963013508,0.7018123480274202,0.017090683676099484,0.29628226816257547,0.616364140240102,0.4536002601066321,1.0,0.6131608089555703,-0.09496365970287164,-0.10676674924379302,-0.10546100516876745,-0.08373737483589236,-0.19985104605277662,-0.36221207696098173,0.4593934071077377,0.1755750868991576,0.6357753828003833,0.45888264414712754,-0.12158708527229733,-0.04471763470998391,0.08210983353703179,0.1266512612699777,-0.21495770455176813,-0.2718676486416034,-0.19951856278354468,-0.4350397022723335,-0.3720890812938433,-0.2798216004731317,-0.13940153731401916,-0.18130135052178226,-0.051318552208265894,0.060414783025123514,0.18515719836392153,-0.027273692069938193,-0.24755803178507396,-0.4086366191542398,-0.11301066002449563,-0.09547517268251354,0.20944506466853072,-0.26539058380753305,-0.011728797618240389,0.007405687919331474,-0.18288089060261192,-0.3165920335228729,-0.10644345100257668,-0.21612039614536452,-0.2914333951224217,-0.027002185180450854,-0.2439586904517874,-0.10652445305800384,0.6409730146902929,0.08274738074505418,-0.08385587784290617,0.5682324188976695,0.6319892867281952,0.7781124946046053,0.628119188524453,-0.24351242912790624,-0.17913154546297874,0.1386132673116678,-0.08203483163385848,0.19440500592890267,-0.23824804554417245,-0.24405619292591266,-0.33421548137947454,0.0810118056745747,0.03289583473180863,0.027032206216389305,0.6039243245797787,-0.37261320506010465,0.11106506827611533,0.05903102004876626,0.10464340532641753,0.09468015250887657,-0.14426096471984154,-0.3261240253971674,-0.31913309800238426,-0.14507093117488878,-0.1007538444114936,-0.19839728433110387,-0.4690028268227907,-0.4174553429293562,-0.15595445734436608,-0.3433714630508991,-0.22313974584845558,-0.5310284748475866,-0.32080639046218057,-0.23669925624364385,-0.195405458413521,-0.28183015144011264,-0.2714491380218964,-0.3309743984753846,-0.04454139694097123,-0.0658584211574415,-0.23707585470325862,-0.1553656924044557,-0.39126407504993255,-0.18660848519032483,-0.21008340964779842
-0.08727818195454887,0.606193654841371,0.7978430936513266,-0.0542353558838971,0.4587129678241956,0.6806825170629266,0.24610815270381758,0.6131608089555703,1.0,-0.20641866046651167,0.03027001810171146,0.004761872618221258,-0.0705737643441086,0.02599567913713391,-0.0843298898709614,0.041140028500712515,-0.17587652882066662,0.341873546838671,0.325881647041176,-0.07234530863271582,-0.270948773719343,-0.09871746793669842,-0.1033241218495992,-0.273780844521113,-0.4823130578264457,-0.06354908872721818,-0.2554474819798732,-0.17414391890195438,-0.09129228230705767,-0.05983349583739594,-0.1913852846321158,-0.1750273756843921,-0.22651766294157355,-0.04996474911872797,-0.11267381684542113,0.17310282757068926,-0.13158928973224332,-0.10243384925893216,-0.019656491412285308,0.07177529438235956,-0.10051680061382265,-0.18318457961449036,-0.05121878046951174,-0.1540628515712893,-0.24633315832895822,-0.005650641266031651,-0.06104857200074619,-0.22027600690017252,0.0031950798769969247,-0.07020325508137704,0.1806435160879022,0.7332663316582915,0.38007664444487954,0.15741393534838372,0.6728523213080327,0.7109907747693692,0.6161599039975999,0.7161629040726019,0.0022530563264081603,-0.30100052501312535,-0.024716117902947574,-0.06173554338858472,0.16211436365198909,-0.11789844746118652,-0.13272331808295207,-0.04708171235410636,0.11468536713417836,-0.007245181129528238,-0.06174533994252089,0.445713642841071,-0.16546763669091727,-0.009051226280657016,0.030399771394201268,0.11082427060676517,-0.1223025575639391,-0.2295560749854189,-0.1315577889447236,-0.05443336083402085,0.05231530788269707,-0.06756546447366578,-0.3383724593114828,-0.26676601918775567,-0.21585389634740867,-0.29677041926048153,-0.27310132753318833,-0.2509143669520791,-0.25575339383484585,-0.21292132303307582,-0.011307282682067052,-0.11095027375684392,0.2329123228080702,0.07936548413710343,0.04407110177754444,0.1698140590317599,0.05659041476036901,-0.11920577484654513,-0.045556138903472584,-0.29496748479994755,-0.14981174529363234,-0.08257559535573797
0.12665416635415885,0.05639240981024526,-0.04681547305426317,0.32849621240531013,-0.09940448511212781,-0.16011700292507314,-0.11762244056101402,-0.09496365970287164,-0.20641866046651167,1.0,0.44191196351610534,0.3214755279949363,0.331116777919448,-0.16122271194345156,-0.02354084734900314,0.17307432685817145,-0.037041203811008554,-0.2539668491712293,-0.3125133128328208,-0.25070726768169205,-0.07155628890722268,0.055168379209480235,-0.02581490505321754,0.24609165229130728,0.6000900022500563,0.21334283357083927,0.11626645026118355,0.08142956627524997,-0.17383784594614865,0.06793369834245856,0.09763144078601965,0.0455846396159904,0.4363579089477237,-0.026756168904222607,0.06560564014100352,-0.21170779269481738,0.052813320333008326,0.18595221853755847,0.2629460736518413,0.5342473561839046,-0.005744395764042917,0.40321458036450913,0.25866646666166654,-3.000075001875047e-06,0.2227015675391885,-0.021167029175729393,0.0569032152578089,0.03746193654841371,-0.3004515112877822,-0.17370284257106428,-0.2376734418360459,-0.19475886897172429,-0.2722036571678198,-0.08378309457736444,-0.10639915997899947,-0.23947348683717093,-0.2441851046276157,-0.05242181054526363,0.2611115277881947,0.5444686117152929,0.5402190054751369,0.32144453611340285,0.056118674011356985,-0.025430135753393836,0.011433285832145803,-0.05127057021719752,-0.12756468911722793,-0.05598439960999025,-0.1738289760961834,-0.3175564389109728,-0.2449246231155779,-0.04778369459236481,-0.2560429970910692,0.4557968949223731,0.41060076501912546,0.5342963077688473,-0.04326408160204005,0.12963324083102076,0.14044701117527938,-0.17897929159953693,0.2456806420160504,0.21375317398680496,0.30266706667666693,-0.016264906622665568,0.338391959798995,0.24884431442449603,0.08240306007650192,0.41025275631890795,-0.16387909697742445,0.17536038400960025,-0.2989244731118278,-0.1270636765919148,0.24793069826745667,0.23086035808160257,0.06179704492612315,0.11510092068587051,0.18197704942623566,0.3135732069201477,-0.29566639165979147,-0.14699472999128388
-0.26508597655667376,0.03708694108113254,0.0957520374290188,-0.025768403873250096,0.0677364688129009,0.16164785181425118,-0.2576367875335018,-0.10676674924379302,0.03027001810171146,0.44191196351610534,1.0,0.5675473271739624,0.23702251444632075,-0.04065707741256287,0.1261764990448504,-0.19169736432063314,-0.17981944778308598,-0.17415216911130346,-0.0023558097786733,-0.2787123223251986,-0.04321684662748621,0.016914429203642233,-0.15271143231938222,0.0413177984391383,0.22078910252349207,0.40771709582133514,-0.06740011055284674,0.05973153808710574,-0.19373816610597858,0.1378902489650772,-0.12435165542326512,-0.3598853820915959,-0.1990918019544886,-0.13889677450566285,-0.05162606001127642,-0.16795401183306208,-0.12506867361760185,-0.2820470127105773,-0.06440113417878432,0.1943509316549044,-0.19019439750573577,0.1499175541579473,0.02699168491400659,-0.027680952404169203,-0.06706220170337295,-0.1399168003888197,-0.05655297744653977,-0.11513167146617155,-0.11343812849251848,-0.22152112109846347,0.09269260207478416,0.0872677144182595,0.058977768677543445,-0.0060226528248158535,0.25633475449441334,-0.02550514719311182,-0.008499965686629897,0.191217352140324,0.39776959340346063,0.4338312584682142,0.3007561316868627,0.13273236808384947,-0.08300763744666426,-0.09638419574897392,0.0617288163687197,0.1651625648720189,-0.35033088964634945,0.17198311407153166,-0.02598892896077093,0.004018601972025323,-0.08201083102484302,-0.052643085818306345,-0.20777110010582772,0.14621021008409119,0.2584835590203283,0.3933210030158277,-0.08075004903249988,0.20268289307842613,0.05565366221168254,-0.3203857499330608,-0.08225533722918799,-0.029490759387054217,0.048986743038608054,-0.07103805259058948,-0.009855250076971397,-0.18159992619809961,-0.08939926850644464,0.14509043166971383,-0.23758352868205704,-0.15393915620609958,0.00809345537143062,-0.08801623341192902,-0.017961455771941477,0.2170330886020315,0.020380267149280346,0.06083781657377677,-0.060029273242812764,-0.03581267217630854,-0.23157362618078065,-0.17282920035190907
-0.23773362164082412,0.013078836780050765,0.016949705523337133,0.06484666980176564,0.04369837523317455,0.014761880118417201,-0.19283221542960155,-0.10546100516876745,0.004761872618221258,0.3214755279949363,0.5675473271739624,1.0,0.22886839336119344,0.021968840412587634,0.11010962661400304,-0.21451527376835988,-0.0651302259509877,-0.1523071719097195,-0.14029336255412522,-0.18222619232450363,-0.15701129304083997,-0.058328251952504184,-0.010184516070483058,0.30427383505133815,0.25551282945543036,0.5603116780258668,0.062151873717705246,0.01832297868781951,-0.15343595097578078,0.03712445595475128,-0.17400898073130278,-0.1606053855887241,-0.17821733909653187,-0.22240247686384182,-0.05112056635459801,-0.23819188344106562,-0.1627819416350429,-0.2746489252031903,-0.15940160459136307,0.13733003624847204,-0.10288543788207191,-0.15209041632826323,-0.13647801430890685,-0.04031203803499074,-0.1357939966954531,-0.10152486426528338,-0.04885929477131144,-0.006967679417746967,-0.17652229544915748,-0.1731862095449445,0.09884579527925624,0.062273353538871146,0.2076384245538561,0.0843404217658842,0.02477238788899511,-0.0953514553000008,-0.015038637244913286,-0.045998684466137946,0.5048672503318381,0.3322420552330157,0.5322024542133457,0.2375926180099806,0.09168089516339259,-0.18417699255761016,0.04866125302727914,0.13400680118023128,-0.2012969333960916,0.1407853752234516,0.0778490630001695,-0.09079133787697587,-0.10654849362374079,0.12011484295723994,-0.0018817991620032398,0.44122886164331143,0.5756660734015521,0.5315943879034214,0.02956726135698826,0.22808462317911102,0.008565220554431686,-0.08399019424383053,0.1394863417733399,-0.10578126353551731,-0.013733603640297602,-0.020819036090185178,-0.015316894410035368,-0.252578848622438,-0.11958757938020269,-0.1245437070004903,-0.31238079380552836,0.10435243707528405,0.10876255063570947,0.24014793380936314,0.14104638194437474,0.24803597993999338,-0.0019688006966184918,-0.07237839088546698,-0.1908229136900812,-0.05225086505385321,-0.30709465768752187,-0.17060170696960658
-0.10882922073051826,0.12268506712667816,-0.06927405978485572,0.45500937523438084,0.30654466361659044,-0.07140778519462987,-0.3520138003450086,-0.08373737483589236,-0.0705737643441086,0.331116777919448,0.23702251444632075,0.22886839336119344,1.0,0.08758878825714865,0.18901979637734637,-0.1170059251481287,0.08738925027321912,-0.20002700067501689,-0.17895897397434937,-0.43902947573689344,-0.055754893872346806,0.24882172054301357,-0.10867925773617271,0.008418210455261381,0.3174949373734343,0.28896572414310356,0.1256499383671949,0.3596806268959328,-0.2764689117227931,0.3712532813320333,-0.0074971874296857425,0.05571889297232431,0.11130728268206705,0.005386634665866647,0.1555898897472437,-0.15596939923498088,0.11249381234530863,0.0036765932935550827,0.259374484362109,0.03940148503712593,-0.15347864452061552,0.32015300382509565,0.3037035925898147,0.055666391659791495,0.07086327158178954,0.057779944498612464,0.07198610364218903,-0.05918397959948999,-0.20697067426685667,-0.14389559738993474,-0.18594314857871447,-0.15615690392259807,-0.20610372988216027,0.2816035400885022,-0.0582809570239256,-0.34140103502587565,-0.21519687992199804,-0.03437485937148429,0.3877896947423686,0.31119627990699766,0.37842796069901746,0.6018525463136578,0.43642932439413723,0.2211865296632416,-0.01433735843396085,0.3169221607457284,-0.33203180079501987,-0.08546313657841446,-0.41799851346183925,-0.2837860946523663,-0.2698612465311633,-0.08947273681842047,-0.3112233972937282,0.3453836345908648,0.14476261906547663,0.27994160351820896,-0.013063826595664891,0.27828995724893124,0.0488667216680417,0.0024233114915292683,-0.13190279756993925,-0.03872198257031045,0.09433435835895898,-0.09598439960999025,0.06360459011475286,0.045517905016843004,0.06366309157728943,0.22661666541663542,-0.3543523588089702,-0.20550663766594165,-0.08054451361284032,0.08344558613965349,0.22986124653116327,0.29159014910005393,0.10029850746268656,0.09316211398864901,0.08112802820070501,-0.016235661979923884,-0.29889897247431185,-0.1693235465850065
-0.00018600485937706894,0.15435253246000818,0.008754988573438626,0.005079882711939064,0.10264093149440025,0.1514837075119546,0.010075763229320743,-0.19985104605277662,0.02599567913713391,-0.16122271194345156,-0.04065707741256287,0.021968840412587634,0.08758878825714865,1.0,0.6613322753054817,-0.2869949977444977,-0.05144013245356331,-0.12811009687636196,0.016565682778473072,0.1291023727995711,0.30973934194050423,0.0063954170802752695,0.21629223174420206,-0.3198526061495381,0.07029408643305254,0.014064367431608051,0.022556847756471893,0.3288582147427832,0.09994236099424422,0.21938973155687577,0.31635451476189835,0.18236426426651936,0.04624920826059507,-0.12019664013729965,-0.17421980149242425,0.25592693609136735,0.3266335333012642,0.22396193499134026,0.16645184855464884,-0.2708485759192173,0.28666959674439435,0.14382300737615872,0.0857677406822796,0.5004535743499466,0.3017478831636386,0.44816370827716234,0.31313191542024893,0.10013886612794097,0.3832922635106268,0.41425232234218334,0.2171426728524657,0.019455508275166,-0.027965241078896457,0.1519367193468891,-0.0589605403441538,-0.0205220361382071,-0.2165201565892279,-0.26390639455472475,0.06127660085123602,0.04134783021209046,-0.2980682870341874,0.032154090025622264,0.40211640608487437,0.6218292452894267,0.44471061806517836,0.5806318544811301,-0.10727605258694173,0.4005029631401655,-0.16081557191850662,0.000616516106483672,0.37898115088280665,-0.11034813284504041,0.2680601035928206,-0.06578346859315863,-0.10965961485750755,-0.13416430535412963,0.27306638385945114,0.26976854770347947,0.40711213580480554,0.1458038638024318,-0.27232911459829123,-0.0033263381479618566,-0.027399715817593075,-0.2259449028107289,-0.18818966645515522,-0.059259070365381354,0.2339926130571642,0.19138249986793016,0.16600858697443976,-0.26870276986003266,0.19518059909327484,0.13401950125955522,0.05985906381808013,0.11579969369191541,0.08087686290809465,0.3180646787140754,0.24852949283315753,-0.15193302622523772,0.2632771281151386,0.3026307697154826
-0.0814805675694078,0.19068333858973013,-0.10244071467896781,0.0017550445342551803,-0.006807172732008554,-0.1343884101059159,-0.12890952107910644,-0.36221207696098173,-0.0843298898709614,-0.02354084734900314,0.1261764990448504,0.11010962661400304,0.18901979637734637,0.6613322753054817,1.0,-0.2944769723531942,-0.05928604884803033,-0.23998283956457084,-0.021976307648808136,0.12036380423154085,0.1776277573043541,0.08662344807000087,0.1715324169597367,-0.06916600508738396,0.12916377753086394,0.15224261315631957,0.24076294964595338,0.4538119356573432,0.28698353220714995,0.24007434188644225,0.3455180175197189,0.08024228614801665,-0.10466440585930605,-0.14018830727830706,-0.04159155538572084,0.23639399849772852,0.38826685227140373,0.031011048534499763,0.0686372416700122,-0.1946546893627563,0.28888418876786076,0.14472442238222813,0.13165909084943958,0.5118054870642703,0.4323537209757002,0.47101720206153547,0.37800762544924144,0.17450617809428143,0.2803773645756458,0.40537178630910614,0.3992261303630861,-7.50019031732983e-06,0.16706155183495974,0.2178857788516537,-0.19642998441086826,-0.2594353331715975,-0.24708701983314565,-0.3231036987563787,0.19810102681356934,0.05122029971510888,-0.19471994101851706,0.06319435355672595,0.2841013156088769,0.4174815935954669,0.3729454634911623,0.8297451770928099,0.04121204575566395,0.17251037745083997,-0.16627334389112086,-0.07411238060166299,0.46294249716589814,0.06728570737482938,0.2195966546138563,0.018229962585301886,-0.041377049942645204,0.0006555168795596486,0.4736790196051558,0.39376299173594304,0.589800716193215,0.2547763104899951,-0.09845874839074735,0.12282316269643943,0.10955828004136375,-0.012301062139452654,0.07786622585548657,0.09350940786725258,0.3283793326255885,0.37875286085387083,0.19321240276473375,-0.11236335122004512,0.3260602737794701,0.3123956770403269,0.151617847302886,0.23032343082834383,0.24400594165078657,0.42401066827470807,0.39637455800443727,0.05105156457778788,0.2529596688516149,0.36878674625871616
0.4083897097427436,0.1498342458561464,0.27003030454187704,-0.14730668266706667,-0.16519312982824572,0.15678841971049276,0.4964779119477987,0.4593934071077377,0.041140028500712515,0.17307432685817145,-0.19169736432063314,-0.21451527376835988,-0.1170059251481287,-0.2869949977444977,-0.2944769723531942,1.0,0.4540391915093091,0.5940538513462836,0.10909322733068327,0.20173704342608564,0.20409810245256133,0.2609195229880747,0.49331751793205225,0.18415060376509412,0.09204530113252832,-0.3176974424360609,-0.12723847867640536,-0.19477994254105568,0.12097352433810846,-0.16649966249156228,-0.1061846546163654,0.03866046651166279,0.2854091352283807,0.4818915472886822,0.3102872571814295,-0.1781369534238356,-0.38734118352958824,0.1767502350372265,-0.1693977349433736,0.23755193879846997,0.028757979733737768,0.09492987324683116,0.132004800120003,-0.2907732693317333,0.0341273531838296,-0.07536038400960024,-0.03915700829297456,0.07286582164554113,-0.06427960699017475,-0.1940598514962874,-0.18141753543838596,0.1746388659716493,-0.07293185064571527,-0.39529738243456086,0.04376659416485412,0.21148428710717768,0.21601590039750992,0.05453086327158179,-0.5515067876696917,-0.23634140853521338,0.022619065476636915,-0.06542113552838821,0.042054317128300094,-0.1742908572714318,-0.16039450986274656,-0.3321310523746921,0.179159978999475,-0.15822695567389183,0.1853755234197802,0.28725418135453384,-0.15570839270981773,0.20724068101702542,0.16243162170241213,-0.0896302407560189,0.12012900322508063,-0.1481070082153439,-0.14527713192829822,-0.1687752193804845,-0.16418810470261758,-0.11651020644649678,0.264009600240006,-0.08905425975184747,-0.1472121803045076,0.15643291082277058,0.007782194554863872,0.192562886283253,-0.37083477086927175,0.005712142803570089,-0.04098852471311783,0.10885322133053327,-0.34874971874296856,-0.5531628290707268,-0.40986724668116703,-0.20923205926351854,-0.03855996399909998,-0.3478220759852026,-0.09212180304507613,0.07446788962270441,-0.10183004575114378,-0.21445969191469744
0.11427369254761525,-0.050065289181210504,-0.0021893088376751667,-0.15291318751462152,-0.11050109540323771,-0.045631175002769156,0.09151435649470549,0.1755750868991576,-0.17587652882066662,-0.037041203811008554,-0.17981944778308598,-0.0651302259509877,0.08738925027321912,-0.05144013245356331,-0.05928604884803033,0.4540391915093091,1.0,0.40015180390906324,0.2748903284260343,0.14933184529505836,0.17206193059476121,0.45017884210531084,0.48750373603513825,0.20953964564593433,0.21942940030711963,0.05673671097032345,0.07120611025963554,0.07357392211872053,0.08057157471807165,0.10561696963699786,-0.0010335266133105834,-0.09946156113522721,0.0674012355818352,0.48487623556320214,0.3183314470348507,-0.21530804418219826,-0.2706819700608052,-0.0857077391146904,-0.15680053761388768,0.041667322933577264,-0.1941050709949934,0.01669167981075982,-0.0033540863677249126,-0.02517139816350979,-0.010484519976392341,-0.1465672741073495,-0.09089490871508095,-0.009998507461569947,-0.0189372376338744,-0.16802457663289558,-0.13275341840056115,0.002182556200822785,-0.05333464336756173,-0.23809363091106295,-0.009636998152705143,-0.09360016020415159,-0.00818571078205494,-0.16063913645780897,-0.26313827581067617,-0.037121455877499286,0.02705619669707256,0.019021989816243118,0.18575210277369802,-0.10107860277404987,-0.16237768122533724,-0.03992130791465974,-0.10698950497978332,0.13139063330884468,0.18943176994190347,0.21991991293782,-0.04524791513382743,0.41611971508278045,0.36558280085069794,-0.09077933756796791,0.12875131534640638,-0.002821573713613467,0.009842503444466464,0.20381849832638924,-0.11262590011695969,-0.15087244154254592,0.15547450346850805,-0.19843718417145045,-0.15701204306015296,0.40792125397240453,-0.03774472192660023,0.06223250082408841,-0.32796844518755586,0.0016170416388226545,-0.14708778751056978,-0.007791200623418245,-0.22834937999659916,-0.2540240411191303,-0.3356658933968494,-0.15282774262478682,-0.007543694250129063,-0.12573628486045083,-0.15450322845817627,0.05833577402210043,-0.04166432285632527,-0.19606112209682858
0.11721593039825996,0.2588254706367659,0.5491665969776935,-0.3421075526888172,0.03715892897322433,0.3893422335558389,0.3327653191329783,0.6357753828003833,0.341873546838671,-0.2539668491712293,-0.17415216911130346,-0.1523071719097195,-0.20002700067501689,-0.12811009687636196,-0.23998283956457084,0.5940538513462836,0.40015180390906324,1.0,0.46490662266556665,0.24414760369009225,0.14014400360009,0.30675016875421884,0.4867916023369436,0.04325358133953349,-0.2657421435535888,-0.13725193129828245,-0.22422493970786087,-0.21184212549394932,-0.009669241731043277,-0.02694217355433886,-0.22588614715367883,-0.326459161479037,-0.01657841446036151,0.515655891397285,0.25599789994749866,0.043334583364584116,-0.35781444536113405,-0.25799979674486057,-0.2532078301957549,-0.028373209330233257,-0.1301995538136872,-0.13692492312307808,0.0879351983799595,-0.3045736143403585,-0.23937598439961,-0.22499062476561915,-0.02076428468033636,-0.19152178804470113,0.008232205805145129,-0.19574139353483838,0.07324833120828021,0.5449336233405835,0.1885697849583066,-0.2908062701567539,0.35918997974949374,0.48008250206255154,0.5227195679891997,0.27649891247281183,-0.35675691892297307,-0.41549238730968274,-0.1119207980199505,-0.18057451436285907,0.14261461884596324,-0.231716792919823,-0.0890227255681392,-0.24034668892730748,0.09889447236180905,-0.01741393534838371,0.3501067652493037,0.6759543988599716,-0.134670366759169,0.26155703892597315,0.32750781051071476,-0.17735393384834622,0.007995199879997,-0.2811798849396001,-0.18101402535063377,-0.2183124578114453,-0.19183979599489986,-0.2872565391347008,0.047641191029775744,-0.2466242580905664,-0.2499137478436961,0.05295882397059926,-0.2176899422485562,0.0006277659295605068,-0.39594839870996773,-0.17142278556963925,0.01487587189679742,-0.00016950423760594014,-0.10254706367659192,-0.30214955373884345,-0.5080822020550514,-0.1700803157880251,0.05184579614490362,-0.3086043308349167,-0.2495507387684692,-0.22366692554825152,-0.06667816695417385,-0.22360767404474463
-0.13360234005850147,0.3092822320558014,0.4722378372137961,-0.25340883522088054,0.15629190729768244,0.3649651241281032,0.04636765919147979,0.45888264414712754,0.325881647041176,-0.3125133128328208,-0.0023558097786733,-0.14029336255412522,-0.17895897397434937,0.016565682778473072,-0.021976307648808136,0.10909322733068327,0.2748903284260343,0.46490662266556665,1.0,-0.020967524188104703,-0.10197704942623566,0.3107432685817145,0.11788274127456813,-0.1821825545638641,-0.3926693167329183,0.05139128478211955,-0.17312164296170235,-0.09994453609261038,-0.17913747843696093,0.19422185554638866,-0.050317257931448284,-0.2586139653491337,-0.24164854121353033,0.37110777769444236,0.002314557863946599,-0.08546313657841446,-0.28739668491712295,-0.35152717000196354,-0.08713717842946074,-0.03828845721143029,-0.1822688750727178,-0.1147948698717468,0.0042376059401485035,-0.11762244056101402,-0.20571064276606915,-0.12413560339008475,-0.016528175600526364,-0.24358808970224255,0.06625815645391135,-0.11197029925748143,0.2258291457286432,0.48299707492687316,0.31492099112017186,0.02086552163804095,0.4962169054226356,0.29498837470936773,0.4680792019800495,0.27980649516237904,-0.09700292507312683,-0.29105227630690766,-0.28098102452561313,-0.2805910147753694,0.08130806319210922,-0.07689492237305932,-0.1333473336833421,0.008812726927720869,-0.038567464186604665,0.3002505062626566,0.3388654757860968,0.5671371784294608,-0.095198379959499,0.30084452111302784,0.3732949723599499,-0.06793669841746043,-0.17365784144603616,-0.2026326418033,-0.18963924098102453,0.01083027075676892,0.03780694517362934,-0.13586369754133468,-0.12251556288907223,-0.1787850366703181,-0.13378084452111302,0.01989049726243156,-0.13341033525838145,-0.12112582356778155,-0.3796654916372909,-0.12312007800195005,-0.08811670291757294,-0.09786994674866872,0.14637815945398636,-0.12122103052576315,-0.22294007350183753,0.0062071575066221674,0.08283057076426911,-0.05440338048578366,-0.022385059626490664,-0.16959805355062077,-0.04815270381759544,-0.09720546658872153
