0,1,2,3,4,5,6,7,8,9,10,11,12,13,14,15,16,17,18,19,20,21,22,23,24,25,26,27,28,29,30,31,32,33,34,35,36,37,38,39,40,41,42,43,44,45,46,47,48,49,50,51,52,53,54,55,56,57,58,59,60,61,62,63,64,65,66,67,68,69,70,71,72,73,74,75,76,77,78,79,80,81,82,83,84,85,86,87,88,89,90,91,92,93,94,95,96,97,98,99
1.0,0.17446827586141922,0.3163590522394275,0.13277659878055517,-0.08679898405789455,-0.029074401472105757,0.3038489250717141,0.1431809310763042,-0.10628906681367663,0.5462055784980397,0.036789089227339596,-0.03876368192659587,-0.151269545023756,0.12094434950516676,0.30027585256829803,0.453270706163165,0.19839517875761215,0.0716035857554229,0.2256589902463467,0.3054670852017802,0.3920998798409112,-0.11342646500899502,0.041494873821801954,0.06751452518975135,-0.05925527460071614,-0.05177899407184201,0.19917145827946817,0.2283551948954973,0.25319641642740465,0.12920133957426058,0.234423295383245,0.26660718834853175,0.4702640883953738,-0.11174707719833187,-0.07611912719945858,0.2359977214557417,0.09149820854372151,0.5725247343432762,0.3675475799214765,0.3847525581692599,0.22497892565114325,0.2162736614919636,0.11596960045665287,0.6211729924405599,0.41980759201397466,0.13437070517895808,-0.022337169903546953,0.13054178843876124,0.3470647340588701,0.25887282026739167,0.12182559076518922,0.12022055085239397,-0.04324423612457607,-0.27695903977519754,-0.027663978115494127,-0.11397095402573346,0.0905120055455326,0.12218421003725792,-0.0378562002320318,0.4132234296469086,0.2550001694696255,-0.29712262701754766,-0.03764409005282044,0.4029590463353815,0.2618532962907431,0.32166180671971156,0.3348541851855068,0.23939367102600195,0.06645171377375314,0.10301787194216602,0.3909234336922956,-0.2489542082049555,0.1922680372921458,0.024775343613038375,0.3345221720980781,0.0891475029493688,0.27053888012401656,0.20254335411806526,0.3260745731284592,-0.12425064425740984,0.07404394616779279,0.20485469906060555,0.3095824600190563,0.09317540965150618,0.13679794537405715,-0.035971301680045656,0.2301526646615977,0.38426929683311856,0.28823805322233365,0.1354356294807718,-0.13352882457074805,-0.1182721985876793,0.19511731114278916,0.16093039834082604,-0.08090581980042426,0.5259064156772246,0.2492688212251618,0.19006842200787652,0.45471393006295363,0.3457964463893589
0.17446827586141922,1.0,0.6209048566617831,0.3204478362598675,0.46175242177079007,0.5129518269882574,0.3412346110953183,0.4019636570378955,0.5083422623603245,0.30231134241542934,0.23083247687564235,0.40628020380048546,0.3752946578907087,0.42029258052524543,0.575788852200914,0.6445518357350594,0.4199033478384466,0.5608012070586692,0.3540880365616322,0.3428002886444644,0.3863724825610636,0.21602851457435876,0.30016400253657255,0.4455669519223235,0.29366075528634844,0.2696182782121817,0.4153331438192911,0.3892414336008397,0.4767143477232166,0.5624018718156174,-0.05115129780673941,-0.1964400516061315,0.2772761116925754,0.3825238897028274,0.2876560757473049,0.5528372438827054,0.4651680479324747,0.07378364785375346,0.42911373029236183,0.48156830158973124,0.08083357022588616,0.3592049157026962,0.30281865692856047,0.0405392846639116,0.1865430451990991,0.2876954363560823,0.22867201679385973,0.01011130305482058,0.12009796418184601,0.04302989219566596,-0.10939187859438892,0.7549889571625374,0.5963394633837004,0.2802344142922744,0.5658874723929064,0.6180883864337102,0.5699503618989307,0.6184207649078306,0.20859373291640243,0.012975880693621395,0.36803043887078785,0.25840239662373443,0.5061162012639129,0.41673263213137696,0.5694780345936017,0.5816229691019221,0.4297041394240231,0.4596269488968096,0.6137937066759966,0.5703030442187531,0.5447858126872362,0.06847878734209265,0.3618683168966347,0.3513240471452625,0.4637493863567819,0.3465526666812447,0.5412914653079968,0.5548271413264525,-0.06596838031094882,-0.11549714635586364,0.3822046314316328,0.22510332159804072,0.22616605803503095,0.3819072401653146,0.3832761146705736,0.31844954019124255,0.3602457851348101,0.449808663707332,0.40307887428658895,0.1530165533226914,-0.07119459447639456,0.0049594367059543855,0.19959327370930005,0.345205659180862,0.27601845575211564,0.2342830902451291,0.24077759069340274,0.16560556909498986,0.05256827972272638,-0.002094859067153572
0.3163590522394275,0.6209048566617831,1.0,0.2201307646891605,0.2536310161597166,0.6305394590102994,0.4177516345586145,0.45157114430036516,0.5031772758085326,0.29253241783472916,-0.034165008418796876,0.11578579082023135,0.17999169053814698,0.08411799435831274,0.26594651330607244,0.4132426581531128,0.31645054776847215,0.49440423345214407,0.11880343749316656,0.4160460081782598,0.34515317836915876,0.10431436006210229,0.25122564562331895,0.3495182146885108,0.19095580678314492,0.273921709477006,0.2761496577813737,0.2846253088714439,0.3835126976371688,0.3551857602064245,-0.003227569919748092,-0.2501454155824277,0.15105087473590925,0.18132995123657913,0.12295379501869629,0.5312107760600031,0.1962738623690713,0.0662045439636133,0.305840677002471,0.29619295445102883,-0.019103015459972447,0.16136974918545408,0.10260436028077234,0.12052668925537945,0.11643305416457107,0.0790142354201745,-0.049694955281975026,-0.045535850954494764,0.25535850954494765,0.015424985239771708,-0.2130414817082504,0.5321204434628589,0.15390872712164616,0.019299818503859527,0.5381338698038529,0.6168069799479565,0.4788218057772627,0.3877850910760753,-0.10587566421027311,0.04348472589709387,0.31088320832695543,0.02937176094990269,0.3425597515908246,0.20000437340097527,0.32235026568410924,0.3153571975246551,0.36968358443943933,0.21654894929041568,0.37206271456998535,0.5079645185593976,0.43927751415888566,-0.07355849812877298,0.3864905643873959,0.16588309899193107,0.37800001968055186,0.31951192845116005,0.4781570488290219,0.4273031422886007,0.0407251098816995,-0.21988585423454549,0.3586626139817629,-0.016597056701143646,0.11145175045374035,0.2643021145393715,0.344912641315519,0.1599070213937032,0.2190680282521703,0.31526098270319913,0.46903850779558726,0.04061577485731779,-0.29555443790863967,-0.09317530777809363,0.08174761102971725,0.28669392753274586,0.2194266471321423,0.20615337517220267,0.09251055082985284,-0.015584631414838878,0.2910498349041132,0.01088976842841836
0.13277659878055517,0.3204478362598675,0.2201307646891605,1.0,0.6708665894032494,0.1004089129911876,0.5301611598259386,0.7164811615752991,0.48631344164789747,0.07206490127047298,-0.1570444556209136,-0.0253963394633837,0.10817607312326431,-0.05074019811506418,-0.0457239071964313,0.3156414685880475,0.07903172902407557,0.1100872493494566,-0.009883886204106624,-0.09030635673831755,-0.05621569613610024,0.06651942883383263,0.017751634558614508,0.07297027505446518,-0.09526142004329667,0.03790649439823656,0.39647503881393364,-0.006704423695086484,0.31211028854656486,0.04657234698563338,-0.16152281821958847,-0.004539590212328617,0.18780716342007184,0.20195491023594497,0.15916555509391878,0.13965581334324637,0.4087118147427347,-0.02083925564715401,0.22858892217532964,0.4390894579169491,0.08556996348210186,0.3210207517876276,0.07671819990815858,-0.019192691164310487,0.17947125582209006,0.26532549036758435,-0.14858629813474447,-0.19386849183267368,-0.24678227023244625,-0.06780958212153682,-0.12580087905359602,0.25447508254794343,0.09074369683584439,0.41113905228400865,0.19462071680041984,0.05789945551157858,0.4924755636220507,0.3251186285014542,0.01658393649821784,0.009831405392403403,0.04883339528984715,-0.03042575058494238,0.1397214143578754,0.005514858629813474,0.11606568848264853,-0.0666200170562638,0.18720342874636461,0.05379283199580154,0.23741881874439658,0.15413412579454863,-0.05070521090726203,0.08022575520522082,0.1535413614397236,0.16238875161269162,0.003968865724418768,0.03270866589403249,0.10545144431567208,0.08132339113511622,-0.24513349806477006,-0.08738055148586298,0.18816557696092368,0.15184885526229472,0.37125800879053594,0.43273927970085935,0.5751809494653517,0.14057656794804924,0.38903151035402683,-0.06314753668190068,0.07048610351840108,0.19712667555924865,0.0060265465439198794,-0.18321488705691982,0.17926133257527715,-0.29462727690188273,0.1465351730773436,0.11797686470884083,0.46898602698388403,0.07166481343602,-0.19139314688067174,-0.05833679560910542
-0.08679898405789455,0.46175242177079007,0.2536310161597166,0.6708665894032494,1.0,0.38627189433863246,0.4839692987251536,0.5701646585467188,0.6902932365353918,0.047499507992390284,0.21095974284402266,0.34375806345804816,0.29956047320198553,0.16003148848702192,0.2054142704073823,0.2334958780695808,0.1548971157420568,0.2677439811069078,0.028287157508036124,0.019614703374078852,-0.0431348538190724,0.22346329623231506,0.18404583324222082,0.2747701501938514,-0.0024578513481008507,0.3758657976711674,0.6373969517395203,0.26325687170628237,0.4546964364399259,0.29755308215433734,-0.27033740788524196,-0.228610789180206,0.07789035653101738,0.36163652664494544,0.40920600905294,0.3892151931949881,0.4633399663248125,-0.1491635870634799,0.3130611620126391,0.4198727340316197,0.2031707157070696,0.4952964072510988,0.24425881786971637,-0.05985661789229474,0.103413439461197,0.46691740832258205,0.07216111609192889,0.023843782117163412,-0.11015285036408563,0.11141238984496293,-0.10874898865102448,0.48224617874089787,0.43786053224289867,0.650998228772605,0.5986704861035184,0.312440139074151,0.6369158776322407,0.5837790557827295,0.35323959677243005,-0.013080842317027837,0.13423279613391353,0.3538781133148193,0.301751547090595,0.11269379633071658,0.36832345673613087,0.19380726421901992,0.32642190199208415,0.11001290153287704,0.41982462662089176,0.29564878927746047,0.13739913844000787,0.2062979229603942,0.23700771905272136,0.3710437121427478,0.13834831771489073,0.33620957337473484,0.22800288644464367,0.3120902669961295,-0.24474426537797117,0.02918370470796615,0.3080230040891299,0.2757254378867727,0.2707266405720408,0.48910367147011874,0.695152085018915,0.41099080600799315,0.44717587632022043,0.135527322822593,0.2414729614484704,0.33275021320329756,0.17787496446611709,0.055817716647350815,0.32704729833154755,0.07013185803940435,0.39633946338370035,0.1819990815857952,0.4464892523671033,0.2897927989689241,-0.16119481314644332,0.059456386258774134
-0.029074401472105757,0.5129518269882574,0.6305394590102994,0.1004089129911876,0.38627189433863246,1.0,0.18160110209704577,0.28464280247534496,0.5371717215892939,-0.0631300430779996,0.13708425356978854,0.28082919682491086,0.19522424613500688,0.18064770068443725,0.19502306969014455,0.261686820756161,0.2582711945944764,0.3997288491395334,-0.004933196300102775,0.12146683868710503,0.026542170518904024,0.13858433010430563,0.17887647328945355,0.29535795779462426,0.09880387483326408,0.3064226743596705,0.32234151888215873,0.199348363254685,0.23393128723558979,0.3646629201198312,-0.13232161990772123,-0.35257921322516456,-0.13141865629302676,0.25294001880562417,0.2927161006756904,0.5477247381426166,0.14081039120071723,-0.25204784500666944,0.12471627561172946,0.05180730795302967,-0.09177144606503247,0.11594323325534102,0.1581640462705823,-0.09823325340940184,0.09363014147952155,0.12748901183004963,0.012910279678992368,-0.0771030591939822,0.19449826157311234,-0.028895060243598433,-0.039806695676893135,0.4600030613806827,0.2769150029520457,0.15720189805602328,0.7103890140167501,0.7351293433338436,0.41933917911263696,0.44398766700924974,0.09378321051365594,-0.13393977826857056,0.25881786971638493,0.21113030548205813,0.4068181321204435,0.11502919245150992,0.29314469397126675,0.2210754192998185,0.16046008178259824,0.13413220791148237,0.35634908486584593,0.40561151692696273,0.18956069187203428,0.07105253663004907,0.2057160350746758,0.2132382847521375,0.16094570526097532,0.3102097045767641,0.18682731626249152,0.29864205899717916,-0.10694277404823861,-0.07266843060506002,0.23276552010671098,-0.031020533117578884,0.18638122936301416,0.2861603726137631,0.3016728258730402,0.22273755520071392,0.09425116441800967,0.0861035184010846,0.31471868098226585,0.02058559839058844,-0.08112658809122915,-0.10703898886969451,0.061559992127878244,0.2420108897684284,0.21936104611751328,0.08578863353086527,0.025330738448754674,-0.08046847922473073,0.06908224180533992,-0.12403839846056286
0.3038489250717141,0.3412346110953183,0.4177516345586145,0.5301611598259386,0.4839692987251536,0.18160110209704577,1.0,0.6519866173930157,0.5711530471671296,0.19169053814699,-0.0693052852550786,0.03556449673088277,0.18070892829809101,0.011554525376659158,0.2664888150270058,0.4031707157070696,0.27185935142463535,0.35263606743784304,0.05532789573812075,0.40262404058516105,0.31245325927707684,0.04095252673241346,0.3693555793662942,0.3621857844634739,-0.013312632568717063,0.18276899998808238,0.5550326911722901,0.34532374100719426,0.668967078095213,0.2954932102949859,0.21659268330016837,-0.15781417419256086,0.2256327498118051,0.19283636920251032,0.1799785703352212,0.4004285932955763,0.3081891933261901,0.1057138483741882,0.24273687433032298,0.5870503597122302,0.3720758347729112,0.28190942686580217,0.11963438367846756,0.27398512386048157,-0.04699219347925915,0.3602545319367606,0.1266755592486497,0.3013754346067219,0.16753624456058253,0.30490039579278827,-0.0064945004482736,0.29064310861341325,0.11631059893726356,0.2505696354770287,0.4237257002908312,0.1437799304629245,0.522166582843148,0.3535632284445999,-0.022671710655791478,-0.06278454440095341,0.17958059084647177,0.07329382694452341,0.17763880081345257,0.04650237257002909,0.2094727865124314,0.2020773654632525,0.6866808073298201,0.030386389976164965,0.2787562047626337,0.3171222115440127,0.3060506002492839,0.04170261059525639,0.4276967483763749,0.20353370798801687,0.3242115022760048,0.15551813868054493,0.4860510375893814,0.4276967483763749,0.1702433797642737,-0.154639085084516,0.35515077299862235,0.14641709125101135,0.038866414467210425,0.2558614506571035,0.5429883448864009,0.2356806495383639,0.43177275808532506,0.2925586582405808,0.4477356716450548,0.26471321423104677,-0.010618617567951717,0.08570991231331045,0.29605300561982023,0.03076250246003805,0.2813671251448689,0.27667009249743063,0.411453937154228,0.396840651681429,0.1926483129605738,0.29677024337976426
0.1431809310763042,0.4019636570378955,0.45157114430036516,0.7164811615752991,0.5701646585467188,0.28464280247534496,0.6519866173930157,1.0,0.7774245041656644,0.08591546215914807,-0.05084515973847062,0.08572740591721152,0.23468544313485382,0.06455139839496184,0.16120355994839386,0.33011305241521066,0.23252060965209595,0.43943495659399534,0.04984365091513415,0.1876888762546194,0.16345148804968185,0.19067590912072774,0.2238175417113118,0.36999012703672485,0.04244822986595526,0.21477577002021325,0.4930309855459098,0.1854846821630841,0.4126308331668439,0.2774791716778553,-0.08435415801097723,-0.04703155408803656,0.07536034130063031,0.20864621372810566,0.2768450285364414,0.3560866808073298,0.3099123133104459,-0.1398744833920098,0.1547877807176751,0.4085499989066498,0.02832214471583827,0.3456342524764383,0.18465373597778312,-0.05022200500976631,0.11888653211169666,0.3191401893682622,-0.04072948328267477,-0.1107388860947716,-0.18369596116419934,-0.0745971004351534,0.0382191511228707,0.30493100959961517,0.12238087949093612,0.2590059259583215,0.44924449498152236,0.32619448514137017,0.6945441822833527,0.44789311408016447,0.011519538168857011,-0.16175460847127768,0.02025759331744331,0.07050797052327742,0.4093459578841486,0.04543526273206359,0.220952964072511,0.11511228707004002,0.45321554306706613,0.09361264787562047,0.358811309614922,0.4204942167178135,0.17494478581268724,0.2430257845071367,0.3791432507489449,0.2805755395683453,0.1865935433225223,0.15379939209726443,0.3915943233255341,0.3894032494369246,-0.22509894819706544,0.06874986333121952,0.39644879840808206,0.03545078830552579,0.2579912969320592,0.48231177975552686,0.5603944807679692,0.19178477595600446,0.34190374144453434,0.1282980910104743,0.3007937722770112,0.14126959830312041,0.025785572150182588,-0.09288228991275065,0.1722638910148477,-0.2060921475585489,0.3548271413264525,0.09342021823270867,0.4789879950143229,0.1288820809540043,-0.09428615162581182,-0.018849358203406878
-0.10628906681367663,0.5083422623603245,0.5031772758085326,0.48631344164789747,0.6902932365353918,0.5371717215892939,0.5711530471671296,0.7774245041656644,1.0,0.07948656272550349,0.1724300802519079,0.38050775185322866,0.4017318667862063,0.2860597843913319,0.30711771008724936,0.23850779558723842,0.2872406026546544,0.58998053836566,0.11647678817432376,0.2513349806477007,0.18949071745642998,0.2866851807307953,0.3758806936213947,0.4148590834000024,0.12711289934617656,0.47325061036372384,0.6198814808335702,0.36255056744877656,0.4613855605451584,0.4686667687126894,-0.01818460125516608,-0.18607071789377008,0.058393713666599886,0.3199011611379589,0.3725700290831165,0.5494959655376003,0.3043406004679539,-0.14403796112046532,0.2499354923356148,0.40126828628282785,0.185873914849883,0.41695130218014037,0.26934464586385604,-0.10370657071420634,-0.08947978395399182,0.4501279219785266,0.1980888237738077,0.1326190111740395,-0.052332116070061885,0.09352955325709038,-0.007732172924274562,0.4995473529990597,0.32252520172312,0.443926439395596,0.7829349893945027,0.5885154490389451,0.7801491329732566,0.6678227023244626,0.235323959677243,-0.082574183814043,0.16872143622488028,0.364138112002799,0.5450219763399007,0.19021670201832455,0.47761912050906385,0.3092563031641556,0.46289825282631036,0.20015744243510966,0.43859963700771903,0.5016362004291123,0.2690035205877851,0.29960234808173,0.3813430714395049,0.42482342393562356,0.28798876909418836,0.318842798101944,0.47428658896590936,0.5415757363713892,-0.12857361527191621,0.1453587282149964,0.35735934049113294,0.09764929697579322,0.04957687345564278,0.3802934552054405,0.4999671994926855,0.30843662771073926,0.26876298353414535,0.21189127725175483,0.39491373466576285,0.24412761584045833,0.16733069471474493,0.1224814677133673,0.28832520609652096,0.20633268461218868,0.4644683037764317,0.009031073013929282,0.35445977564452996,0.24861718376737846,-0.09085740526120137,0.05894469834466773
0.5462055784980397,0.30231134241542934,0.29253241783472916,0.07206490127047298,0.047499507992390284,-0.0631300430779996,0.19169053814699,0.08591546215914807,0.07948656272550349,1.0,0.2046401784347598,0.34106404845728283,0.29066060221731427,0.29588681638276004,0.43484725897093873,0.47726487503006715,0.4955456911066891,0.38482429861581857,0.5746080339375915,0.5453762218188974,0.4899914718680982,0.21255166079902035,0.3939078524414511,0.30926320139880004,0.24016531455686516,0.31903120315691497,0.20895672519734973,0.35848767794275216,0.2714070011667682,0.3462290350090748,0.18957818547593536,0.25117753821259103,0.49701569724691014,0.2283440117207146,0.22763552076272112,0.33961645273446894,-0.006704423695086484,0.36731320111084387,0.26207168004198467,0.36508276661345695,0.06028733244407514,0.18734775097854847,0.2492576151844482,0.16130869793880095,0.1916074435284599,-0.11176663532395968,0.07021932605890971,0.20086593339310316,0.2908748988651024,0.07730423563884455,-0.20951652052218409,0.2196103299731036,0.10525901467276028,-0.04520784588134963,0.24676477662854518,0.11277251754827142,0.21010255625287005,0.302468784850539,0.10340906606022174,0.5731035840020993,0.41450657103496535,0.07740919726225098,0.28037436312348296,0.5375172202663401,0.2901707813080842,0.46050162909186326,0.38484616562069496,0.4609914500010934,0.45056526207605346,0.45652889345208175,0.6141085915462159,0.09518717629969642,0.4824779689925871,0.29569001333887296,0.6585124516332593,0.3825807439155059,0.4804355907371367,0.46552229341147144,0.011646366797139795,-0.13128075047560736,0.40404102250114804,0.2830333909164462,0.016072248584111434,0.31801622531761825,0.1272003673656819,0.37309743182702737,0.19173427215674269,0.5840283396383198,0.4892742341081542,0.06672935208064551,-0.2971507292646126,-0.017987798211279,0.339682053749098,0.4031750891080449,0.08761234173755221,0.07910170343967987,-0.019356672716538015,0.35385444649651215,0.3896962673022676,0.02595176138724279
0.036789089227339596,0.23083247687564235,-0.034165008418796876,-0.1570444556209136,0.21095974284402266,0.13708425356978854,-0.0693052852550786,-0.05084515973847062,0.1724300802519079,0.2046401784347598,1.0,0.7015503706457327,0.4392731407579104,0.4764776628545188,0.46658940324943693,0.11618377030898078,0.14753668190068006,0.13120202925805252,0.1700596969233124,0.014161072357919136,0.2528263103802672,0.27820515623974984,0.03460672191729899,0.3747396456887566,0.2534604535216811,0.5934339872671839,0.214664013470075,0.43210513655944544,0.053593900848363414,0.5613959895913057,0.0591983556012333,-0.02396623734447093,0.02312875634555224,0.03436618486365922,0.23855590299796636,0.25062211628873193,0.044914828016006644,0.01688570116551136,0.31895650652730095,0.23821477772189542,0.04177909951673919,0.4994467647766285,0.39240777590693404,0.0894645748667466,-0.03290109553694431,0.25368349697141984,0.2108591546215915,0.05479871422011327,-0.016072248584111434,0.10160285145743587,0.22224749076119044,0.25161487831011786,0.4324856224442938,0.004911329295226433,0.39662810784806807,0.2264328354945223,0.10532898908836456,0.3166123636045571,0.6063458048151145,0.2678970501410422,0.37117928757298113,0.49084428505827554,0.45356978854606284,0.3635389560691872,0.5002252301502264,0.5180818263322473,0.20104524283308914,0.273906103081061,0.19181736677527278,0.06332910206330135,0.3238809560254532,0.3496931509187882,0.022610483042137718,0.5311714154512256,0.3298947430571422,0.4604272812752837,0.24512475126281952,0.4751219085521856,0.14600161815836085,0.2641446721042619,0.08623034702936738,0.06878922393999694,0.03301917736327655,0.13160438214777723,0.039981631715903874,0.14513147004389734,0.009966980822636723,0.3698104130677221,0.0263103802672148,0.12694671010911635,0.34969714198246266,0.39522861953598215,0.3036845903216636,0.3746211541405174,0.4053136821849511,0.22141654457588944,0.2002055498458376,0.18306201817379705,-0.06937088626970764,0.1272747151822615
-0.03876368192659587,0.40628020380048546,0.11578579082023135,-0.0253963394633837,0.34375806345804816,0.28082919682491086,0.03556449673088277,0.08572740591721152,0.38050775185322866,0.34106404845728283,0.7015503706457327,1.0,0.5012923399881918,0.7009818285189477,0.6136187706369859,0.24656360018368284,0.43981981587981894,0.43182086549605303,0.5149286042290787,0.30516717325227966,0.36404627058231837,0.39449388817213704,0.3593711049397564,0.5263022088982273,0.44704904769193765,0.7323399142160838,0.2958430823730074,0.4504165664428943,0.21895018581520798,0.5839714854256413,0.0677833417156852,0.06973825195163018,0.08486812541620761,0.3130305482058123,0.3900986201919923,0.3954910235944983,-0.015477466051474929,-0.002418490739323435,0.240961273534364,0.34066606896853335,0.0031226082963416502,0.3485032035162144,0.3683540705429577,-0.21865935433237177,-0.12362729876888763,0.12358356475913494,0.20774966652817564,0.1384881152828497,0.0511381776038136,-0.04135050622116289,0.09882136843716516,0.32621197874527125,0.43000153069034136,0.19903347838446567,0.5531958627626774,0.3532658371782817,0.2519822439920404,0.5248605978439134,0.40761409109794233,0.2084187968773917,0.33683496971419824,0.5239640506439833,0.5774682381754171,0.5114648706566661,0.5799698235332706,0.6125341671951193,0.33695742494150577,0.5011217773501564,0.5098598324987427,0.3934031547564779,0.5530121799217161,0.35371231080941173,0.31062080426843935,0.5717696967046424,0.462290855536844,0.5290240755723689,0.4044302551879469,0.549832717412696,-0.11011348975530821,0.2697776125604076,0.3143163280925412,0.17315606481380244,-0.05259014672760272,0.18520915790164222,0.11685290065819684,0.3531700084955518,0.05274758916271238,0.3748092103824539,0.3130392950077628,0.12286195359821565,0.1524173973890796,0.24343224508539066,0.27188996523146225,0.40560232664931883,0.3869541448907743,-0.05636876517023463,0.02047626336620673,0.29566628290048824,0.012136187706369858,-0.04098751394021561
-0.151269545023756,0.3752946578907087,0.17999169053814698,0.10817607312326431,0.29956047320198553,0.19522424613500688,0.18070892829809101,0.23468544313485382,0.4017318667862063,0.29066060221731427,0.4392731407579104,0.5012923399881918,1.0,0.2202444731145175,0.5423017209332838,0.27940346810697336,0.3080623646979073,0.5054208305088452,0.18328923487349938,0.3322079114823643,0.40737792744527784,0.433189740001312,0.4829502962979161,0.5463258471563555,0.2927073538737399,0.6162106844493028,0.35742494150576193,0.5416938181977214,0.39871902945403276,0.6649668714876124,-0.10244254444468741,-0.11353786271894338,-0.0858761954431812,0.34419103015459973,0.5368524633180993,0.44114932977630056,0.0751787627648641,-0.2698344667730861,0.15532133563665784,0.2653079967636833,-0.1342109291290372,0.1669458354289213,0.276219632196978,-0.2496340006058659,-0.2423607618464499,0.008698694539808883,0.06715794537622181,-0.0027902298222212503,0.012914653079967637,0.009787671382650718,-0.0004985677111805995,0.26825566902101416,0.3927182873761781,0.28831208589359514,0.5445277820296954,0.36977542585991996,0.4529618858105005,0.33395727187247165,0.2935470468609914,0.015687389298287814,0.43092869169709824,0.8242986158185913,0.7498545844175724,0.03731823052196541,0.27594848133651134,0.5491767072664058,0.4166714045177232,0.24728083794362687,0.480505565152741,0.48118178170392595,0.45555968598980995,0.6629361515563994,0.47653889046817255,0.5427346876298353,0.44340867618127594,0.4431217336161466,0.5405698541470775,0.6938225711224334,-0.11810806673809889,0.13134635149023638,0.44698782007828386,-0.03822789792482124,-0.19103015459972447,0.28675078174542434,0.12984627495571932,0.2551423051567259,0.12280509938553716,0.3579759900286458,0.3499814130458551,0.05097198836675341,0.044044521221928236,0.31264131551901336,0.47168004198464936,0.2596575627036365,0.5054820581224989,-0.16220069537075507,-0.11226957643611554,0.19459468915483538,-0.020515623974984146,-0.08572303251623625
0.12094434950516676,0.42029258052524543,0.08411799435831274,-0.05074019811506418,0.16003148848702192,0.18064770068443725,0.011554525376659158,0.06455139839496184,0.2860597843913319,0.29588681638276004,0.4764776628545188,0.7009818285189477,0.2202444731145175,1.0,0.6224792810128796,0.26744221643961424,0.43995539131005224,0.4589446983446677,0.6949202947672257,0.2793903479040476,0.336603179462509,0.4238569023200892,0.3491767072664057,0.14025074921915756,0.2603748004635805,0.39648859251799573,0.25743587500820014,0.5166254838074829,0.13031218463652214,0.5707332006735037,0.23099866611270253,0.27181124401390744,0.40120749732972893,0.34705123439242525,0.28126216352146244,0.37023900636329843,0.23093306509807351,0.29036321095099604,0.37462552754149264,0.3488618223961864,0.30645295313900855,0.3335942795915243,0.4359843432245085,0.06414911564272673,0.07750103868273163,0.3662460912728783,0.571927139139752,0.39098204718899654,0.19402593426778333,0.23678467560298266,0.12386346242155212,0.36986289387942534,0.3460759659749404,0.15443790863965362,0.4008878003979795,0.3211213400100588,0.24874592727034178,0.4996217008156393,0.34915921366250463,0.2620104524283309,0.10371520412849052,0.18735212437952373,0.39747217423629483,0.7754214865189915,0.6806236469790733,0.5763442741247732,0.1673875489274234,0.700806892479937,0.5061818022785419,0.3282262887608714,0.41036496031138614,0.09674410874916538,0.18529662592114757,0.21013317005969692,0.3438371606102519,0.12116507401981151,0.23519275764798495,0.40238787693249656,0.06650193522993156,0.297124488858761,0.03772495681266537,0.4342437296363517,0.03753252716975356,0.0973344121055739,-0.06533423716953489,0.3604539157837275,0.15619601583171153,0.4994773785834554,0.3032778640309637,0.044372526295073364,0.28756423432682426,0.23308915177888084,0.10615993527366556,0.4335177450744572,0.08612101200498568,0.08152456757997857,0.15175264044083883,0.3968975059562692,0.15442478843672783,0.23391572456320658
0.30027585256829803,0.575788852200914,0.26594651330607244,-0.0457239071964313,0.2054142704073823,0.19502306969014455,0.2664888150270058,0.16120355994839386,0.30711771008724936,0.43484725897093873,0.46658940324943693,0.6136187706369859,0.5423017209332838,0.6224792810128796,1.0,0.44128490520653385,0.46801513196737443,0.5414620279460323,0.47859001552557345,0.5550283177713149,0.7407185497802365,0.34966652817563576,0.50460300452647,0.5988941843547175,0.3475935361133586,0.4784156025626644,0.4939319061468151,0.7777612560407601,0.5599971135525351,0.7859089020576852,0.2424263628610789,0.0803437493166561,0.24646765483784477,0.2947059981194376,0.39122695764361154,0.5797817672913341,0.2175592049157027,0.1625593142507271,0.3581684196715576,0.534206555728062,0.18492926023922504,0.4048369814786469,0.37337910826354115,0.23125913631810233,-0.011156545887909732,0.30995604732019855,0.33953773151691413,0.2758653867179812,0.15554437908639654,0.2084581574861691,0.18785943889265488,0.4223786927904485,0.5054908049244495,0.1627779842994905,0.5106164308674641,0.3421880125079268,0.41482145590518466,0.5265224902145154,0.33963394633837,0.08503640856311911,0.291600883426997,0.43973234786031357,0.6114145765454506,0.534110340906606,0.6418753143381951,0.9452843803984168,0.5846799763836348,0.5062867639019484,0.5232468128840393,0.478039489667568,0.8012464192779515,0.32850618672931525,0.4463405567339441,0.4643283549452232,0.6568767978801655,0.4325949574686755,0.6978286064157793,0.766224224268002,0.2085018914959218,0.1805995932737093,0.38412455445977567,0.19486562725503487,-0.009551507729986223,0.23579191358159673,0.11100566355426297,0.23602396189028332,0.17379458135619164,0.6426056723010649,0.49861581859132753,0.14860816513962083,0.10120049856771118,0.375185322866327,0.46035293345870415,0.45563403380638956,0.39794012814064855,0.31923203078874285,0.08111346788830334,0.3533864920805201,0.13240471452625133,0.18540158754455402
0.453270706163165,0.6445518357350594,0.4132426581531128,0.3156414685880475,0.2334958780695808,0.261686820756161,0.4031707157070696,0.33011305241521066,0.23850779558723842,0.47726487503006715,0.11618377030898078,0.24656360018368284,0.27940346810697336,0.26744221643961424,0.44128490520653385,1.0,0.5783472917714461,0.4295466969889134,0.425759331744331,0.41363626424088695,0.3384881152828497,0.32594520128577986,0.2924711902210754,0.3314473021008542,0.0446305569526142,0.1451139764208696,0.24679539043537208,0.4005685421267849,0.36540242439769977,0.4431042400122455,0.04801556930747196,0.030355776169338086,0.55540941091351,0.4339157245632066,0.34141829393627954,0.3851741706938401,0.3501607224858411,0.2820318820931097,0.33273709300037174,0.4644333165686296,0.2291749579060156,0.13472699044411887,0.446957206271457,0.19069579792252758,0.271706282390501,0.13322254050862653,0.22306094334259036,0.08739804508976405,0.2652642627539306,0.21650958868163828,-0.11651177538212591,0.39206227722988785,0.26536485097636175,0.030373269773239158,0.33011305241521066,0.2583499158120312,0.3213662504646739,0.45255953292077583,-0.027862937613435088,0.22585554656578688,0.5068334390238569,0.07218298309680524,0.37192276573877675,0.44205025037720586,0.36517898143491284,0.4257855721501826,0.40362117600752223,0.4977061511884717,0.5987010999103453,0.47094582552981895,0.516188143709956,0.03198271630046772,0.3570444556209136,0.2516279985130437,0.5580115873388866,0.11578141741925609,0.4068093853184929,0.4529225252017231,-0.12153681310270932,-0.2454308893310883,0.2847565109007019,0.3094793466138943,0.228790098620192,0.429035009074807,0.2336095864949378,0.28258105287573787,0.41772976755373814,0.47134329010955367,0.4363123482976537,0.05642999278388839,-0.2044433753908727,-0.20143447551988805,0.15173077343596247,0.1914587478953008,0.2354507883055258,0.13575036627233167,0.24541776912816252,0.24156069357856338,0.2067700247097155,0.16125166735912183
0.19839517875761215,0.4199033478384466,0.31645054776847215,0.07903172902407557,0.1548971157420568,0.2582711945944764,0.27185935142463535,0.23252060965209595,0.2872406026546544,0.4955456911066891,0.14753668190068006,0.43981981587981894,0.3080623646979073,0.43995539131005224,0.46801513196737443,0.5783472917714461,1.0,0.6376462355951106,0.7522468347510441,0.49936367015809846,0.43695086484004286,0.6201482582930616,0.5458791629310533,0.4389390554976881,0.19776081870066256,0.41779582536578447,0.23806170868776103,0.5017996545013229,0.28925049665506414,0.5625505674487765,0.16256806105267763,-0.093442085237585,0.2953645179032597,0.6054973650259124,0.5507073976077497,0.38898340294329886,0.07527935098729527,0.005812249896131727,-0.011751328420546239,0.17857470862216002,0.05047779405654807,0.032061402549692766,0.5041437974240668,-0.07250013393559464,0.06636635979969824,-0.048881502700575105,0.207657825107695,0.14112527607093656,0.1105726968577114,-0.0018893092213159563,-0.28338326299446764,0.2253132448448536,0.11270254313266712,-0.07238853294264284,0.4829502962979161,0.35590299796636854,0.21053552294942163,0.28471277689094926,-0.16509151341540748,0.24744265377971178,0.37045767641206184,0.1134110340906606,0.40759659749404126,0.5557061949224815,0.36215258796002714,0.4371695348888063,0.35616102862390936,0.6919638757079443,0.7449651221272222,0.6349572882264058,0.49810413067722115,0.28924393654642877,0.5241433600839693,0.1750628676390195,0.662995192534118,0.2504428068487459,0.47090595001202684,0.5131967374428724,-0.16501716559882793,-0.33048041809713324,0.5076818788130589,0.21647022807286087,0.05875226870175592,0.5283986792329055,0.2201482582930616,0.48364182244220205,0.14835888128403052,0.5407010561763356,0.47551114123898447,-0.07826638385340359,-0.33060287332444077,-0.19570969364326168,-0.03373641512322057,0.4233583346089086,0.3218691915768297,-0.0572040847565109,0.03316787299643568,0.275511442469652,0.16751875095668145,-0.027206927467144825
0.0716035857554229,0.5608012070586692,0.49440423345214407,0.1100872493494566,0.2677439811069078,0.3997288491395334,0.35263606743784304,0.43943495659399534,0.58998053836566,0.38482429861581857,0.13120202925805252,0.43182086549605303,0.5054208305088452,0.4589446983446677,0.5414620279460323,0.4295466969889134,0.6376462355951106,1.0,0.4951389648159892,0.7607618464498918,0.4756642102731189,0.6537272309811725,0.7772539415276289,0.4531963582652971,0.26635323959677243,0.47935807150328397,0.48630469484594696,0.5576086243467232,0.5021741293372153,0.6894054361374122,0.12000174936039011,-0.13723294920294768,0.21305046144910228,0.7103977608187007,0.629782860641578,0.715243489099298,0.2312260829634165,-0.09746124073385669,0.060925848986464325,0.2158841923421749,0.12097701777787497,0.06300758785069209,0.48011633246594215,-0.19520259255504938,-0.098248452909405,0.15414051737333537,0.4284271063392447,0.33733353742537886,0.2995560998010103,0.14538059521987273,-0.1219697797992609,0.4580612713476635,0.28285845487743544,0.2248015569307472,0.6865189914937351,0.5300824386083838,0.6112571341103409,0.4978198596138287,-0.04466554416041635,-0.08426668999147187,0.24199339616452734,0.3249786796702456,0.5689313594716932,0.317246506745971,0.43704707966149875,0.520797708337889,0.4440095340141261,0.3952373663379327,0.6992149745249393,0.9110831942049072,0.5865692856049507,0.32931964020010523,0.7118278629376135,0.15348888062802038,0.48494728406064724,0.20551048522883822,0.5828562681769478,0.6660733419343553,-0.06033106645382782,-0.05283505718221775,0.5471080886051037,0.24683475104414948,-0.08556996348210186,0.39985567776781616,0.2088211497671164,0.5668349334535034,0.2898952570466423,0.47279088583236756,0.7888040935033128,-0.053014366622203754,-0.24218145240646388,0.02715882005641687,0.05929019702171394,0.402851457435875,0.33025300124641926,-0.2022697951061643,-0.04718024972119569,0.4192456093742085,0.30476044696157967,0.039981631715903874
0.2256589902463467,0.3540880365616322,0.11880343749316656,-0.009883886204106624,0.028287157508036124,-0.004933196300102775,0.05532789573812075,0.04984365091513415,0.11647678817432376,0.5746080339375915,0.1700596969233124,0.5149286042290787,0.18328923487349938,0.6949202947672257,0.47859001552557345,0.425759331744331,0.7522468347510441,0.4951389648159892,1.0,0.4286282827841071,0.4312698169731692,0.46780958212153684,0.4173930156786425,0.19842579259791068,0.21286217226826443,0.3378740218606706,0.15251798561151078,0.4311561085478122,0.19869913045771914,0.42802475344952,0.19272266077715336,0.12944392206599462,0.4898214447767516,0.46756029826594653,0.3376746627014498,0.29667840195928363,0.16802169206883732,0.28591983556012335,0.10946185300999323,0.2374712995560998,0.16483785615884192,0.045478996741816276,0.38671360783713454,-0.02936741965782042,0.07240602654654392,0.018000918414204807,0.33030985545909775,0.2744615250049201,0.12255581552994686,0.03789551945070084,-0.2785375347138702,0.23231505980625833,0.088749425991122,-0.03382388314272594,0.25232774266908664,0.2264503290984234,0.15177013404473988,0.3076162777984299,0.00964334915046686,0.4155649340709803,0.28717500164002535,0.05231462246616081,0.3237541273971704,0.7495834335571057,0.4261048304213772,0.42632787387111587,0.17316043821477772,0.7943889265487306,0.6605191226957644,0.49309056558006076,0.4794690691216024,0.13062488314814302,0.3533751722026634,0.15643217948437602,0.5784353922237743,0.20551048522883822,0.3242570685093263,0.38833613959895913,-0.15199317749447858,-0.17379458135619164,0.2789136471977433,0.3747567295707507,-0.03239378102381317,0.30174717368961973,0.004369027574293149,0.4566229216758559,0.20082219938335047,0.5700465767203866,0.39442391375653274,-0.039299381163762,-0.18841486081651396,-0.14100282084362906,0.020126391288185257,0.4009971354223612,0.08306837812424832,-0.05681922547068728,-0.014777721895431983,0.3341391333442479,0.22203319411340228,0.022592989438236646
0.3054670852017802,0.3428002886444644,0.4160460081782598,-0.09030635673831755,0.019614703374078852,0.12146683868710503,0.40262404058516105,0.1876888762546194,0.2513349806477007,0.5453762218188974,0.014161072357919136,0.30516717325227966,0.3322079114823643,0.2793903479040476,0.5550283177713149,0.41363626424088695,0.49936367015809846,0.7607618464498918,0.4286282827841071,1.0,0.610150663663598,0.4271413264525158,0.8178391025781199,0.4497238740942905,0.29652095952417395,0.33323602505544075,0.370134044739892,0.5626424088692572,0.5557942706201203,0.5072314185126063,0.3009730817169972,0.02813408847390173,0.2748270044686916,0.505433950711771,0.42965603201329516,0.6211410203144475,0.0557083816229691,0.13937154227985393,-0.01624718462312217,0.25890096433491505,0.16083619426647133,-0.05213968642715007,0.2503422186263147,0.023690738985318423,-0.1593273709300037,-0.019439767335068116,0.33741225864293367,0.4907743106426713,0.5442478843672782,0.25718659115260983,-0.08273599965012793,0.2312392031663423,0.12575277164286808,0.10162909186328749,0.39907721239421834,0.24222518641621657,0.3297937941440161,0.29581684196715574,-0.11735146836937745,-0.02324025278257637,0.27791213837440687,0.19013360739979446,0.30018586954144894,0.23301917736327654,0.19403905447070915,0.5109269423367081,0.5673831755264481,0.23752815376877828,0.5020751787627649,0.7341395706850626,0.7291509042006517,0.17865799857656323,0.7654195184885526,0.09316656097614309,0.5238465415657081,0.19744156042946798,0.598320614025497,0.6084100500754411,0.12500492007609718,-0.06453390479106076,0.507909295663773,0.22527825763705145,-0.27995014322888195,0.16590059259583215,0.06376418621941353,0.4579305699971795,0.29363014147952154,0.48832520609652097,0.8821805777262688,-0.002641534189062124,-0.3350025147055608,0.129417681660143,0.16804355907371368,0.4003498720780215,0.19342677833417157,-0.1279525923334281,-0.20416347772845553,0.5099544181788032,0.5893463952242461,0.1597472174236295
0.3920998798409112,0.3863724825610636,0.34515317836915876,-0.05621569613610024,-0.0431348538190724,0.026542170518904024,0.31245325927707684,0.16345148804968185,0.18949071745642998,0.4899914718680982,0.2528263103802672,0.36404627058231837,0.40737792744527784,0.336603179462509,0.7407185497802365,0.3384881152828497,0.43695086484004286,0.4756642102731189,0.4312698169731692,0.610150663663598,1.0,0.1902910498349041,0.3775250923880956,0.5719627517035101,0.3304979117010343,0.3975403966025387,0.33356803918567274,0.6066519428833833,0.5165276470314769,0.598517417069384,0.36173274146640133,0.008532505302748683,0.21760536354495036,0.06516804793247469,0.19630884957687345,0.38737836478537535,-0.02960355120159192,0.14602785856421246,0.10534648269226564,0.3391266318252389,0.028234676696332905,0.1751022282477969,0.11205965318930267,0.1747591073442554,-0.1420480636767182,0.04740329317093438,0.04715838271631934,0.11834423039076337,0.0670223699459885,0.025807439155058932,0.05278257637051453,0.2752006297697404,0.3201110843847718,0.00408912991187597,0.32849052065338613,0.2954494762852332,0.32934333384356346,0.2732982003454987,0.0863659224596007,0.07251098816995036,0.3612254269532702,0.19113948962410618,0.48941855634033804,0.41411733834816644,0.5080973519057095,0.7275283724388271,0.6053486693927532,0.40939406529487654,0.38233583346089084,0.3904161186244911,0.8173711486737661,0.2587175643630205,0.4046008178259824,0.31908333515558374,0.7072649923086953,0.3871640681375872,0.8137106120574665,0.7640287769784173,0.25152303688963723,0.06568848264853164,0.40690122673897355,-0.0848570991231331,-0.19136253307384488,0.09958671360783714,0.10786556165402025,0.04829333307095785,-0.028737617808488772,0.520522184076447,0.38530099932212286,0.020931097067634647,-0.11254510069755745,0.2439395595985218,0.22078677483545078,0.3172683737508473,0.30728389932430955,0.2307581290590628,-0.047945594891867664,0.14832186954358162,0.12823686339682053,0.023970610745446198
-0.11342646500899502,0.21602851457435876,0.10431436006210229,0.06651942883383263,0.22346329623231506,0.13858433010430563,0.04095252673241346,0.19067590912072774,0.2866851807307953,0.21255166079902035,0.27820515623974984,0.39449388817213704,0.433189740001312,0.4238569023200892,0.34966652817563576,0.32594520128577986,0.6201482582930616,0.6537272309811725,0.46780958212153684,0.4271413264525158,0.1902910498349041,1.0,0.556204762633662,0.1752533021947891,0.10094246791017035,0.43274412624298925,0.19616890074566487,0.5606218976186832,0.1131509404463081,0.6088430167719927,0.07113774026371608,-0.05856858586079465,0.20749842284067294,0.7539743281362752,0.6603660536616299,0.3930943998600512,0.250639609892633,-0.08138899214974525,-0.009415932299752903,0.004911329295226433,0.12311998425575649,0.08727558986245654,0.6931140801644399,-0.17027199303763982,-0.08712689422929741,0.14703811418949947,0.4659989941177757,0.2105224027464958,0.13100959961514072,0.1855721501825895,-0.130900264590759,0.13667315387811332,0.06680369989722508,0.10670661039557412,0.4533511184972994,0.29141282718506045,0.24280684874592728,0.23756314097658043,-0.01776912816251558,-0.027128206249589993,0.10362773610898515,0.2805667927663948,0.45067022369945986,0.3003126981697317,0.28126653692243775,0.3446808510638298,0.10270057510222824,0.3828956287857252,0.6118475432420022,0.5828656522555498,0.25518794690691216,0.4753760855615944,0.4077802803350025,0.07782029695392623,0.27991108866112885,-0.013583783429183705,0.2164658546718856,0.43362270669786357,-0.12215783604119744,-0.06530362336270801,0.2791104502416304,0.3121383744068575,0.025632503116048196,0.4696813977389517,0.00848439789202073,0.5238421681599512,0.23925564715400932,0.35622225623756315,0.4689335461721808,-0.1674006691303492,-0.03531521287529247,0.07527935098729527,-0.043292296254182065,0.3367693686995692,0.41923859089020576,-0.21643524086505872,0.06775710130983359,0.35729631682722024,0.14796964859723163,0.13716734818831863
0.041494873821801954,0.30016400253657255,0.25122564562331895,0.017751634558614508,0.18404583324222082,0.17887647328945355,0.3693555793662942,0.2238175417113118,0.3758806936213947,0.3939078524414511,0.03460672191729899,0.3593711049397564,0.4829502962979161,0.3491767072664057,0.50460300452647,0.2924711902210754,0.5458791629310533,0.7772539415276289,0.4173930156786425,0.8178391025781199,0.3775250923880956,0.556204762633662,1.0,0.3590522392386297,0.2215871072139249,0.4093048580886946,0.46529487656075746,0.584032713039295,0.4745582586850475,0.5351424635367694,0.17817235573243534,-0.010644857973803329,0.13514042459217868,0.6609652095952417,0.6206905600139949,0.6025628129715073,0.04433316568629595,-0.03231505980625834,-0.05719971135553563,0.16818350790492226,0.1770833788895935,-0.06456014519691237,0.3666134569548009,-0.0805646941513833,-0.114574358750082,0.050897640550173845,0.38520915790164223,0.5476678839299381,0.45309746124073386,0.25550720517810677,-0.1523080623646979,0.18122498961317268,0.10643545953510748,0.2808685574336883,0.5234173755220748,0.22335396120793335,0.3353567601845575,0.2902495025256391,-0.03529334587041613,-0.08614725241083729,0.19622575495834335,0.392700793772277,0.30183026830814985,0.15512890599374604,0.13946775710130985,0.44233452144059826,0.4272681550807986,0.25684109247556364,0.5543198268133214,0.7117499199124325,0.4664844416260305,0.3594217920250908,0.8377030898077891,0.06001180818263323,0.35982195865185035,0.1607705932518423,0.41685071395770923,0.5160394480767969,0.002733375609542761,-0.03598871662548381,0.4803000153069034,0.22721130086812008,-0.24182283352649186,0.21687258096258555,0.09771927139139752,0.5713395413831468,0.2691390960180184,0.4058078764951565,0.7978351665172422,0.002449104546150314,-0.24368590234195622,0.14330322975662024,0.20236163652664493,0.4386389976164965,0.189132098576458,-0.23859963700771905,-0.20537928319958015,0.5442900267765021,0.4636942118038092,0.10399510179090769
0.06751452518975135,0.4455669519223235,0.3495182146885108,0.07297027505446518,0.2747701501938514,0.29535795779462426,0.3621857844634739,0.36999012703672485,0.4148590834000024,0.30926320139880004,0.3747396456887566,0.5263022088982273,0.5463258471563555,0.14025074921915756,0.5988941843547175,0.3314473021008542,0.4389390554976881,0.4531963582652971,0.19842579259791068,0.4497238740942905,0.5719627517035101,0.1752533021947891,0.3590522392386297,1.0,0.3854173158443141,0.5420448755655366,0.43705411761644897,0.4684092501907965,0.5654338751260088,0.53277703612137,0.020832718323161217,-0.12358588658235567,-0.20884566015538727,0.19545625008895162,0.4668588778499629,0.41288886410650305,-0.09428625471376775,-0.3433167253251766,-0.0720234327080887,0.38282607293332993,-0.27638612362103904,0.23368856321607986,0.09793804852080872,-0.22282964035258435,-0.19340074938319204,-0.08577779381365015,-0.12422440382286823,-0.15974739208357505,-0.1424440122062606,-0.289058066801759,0.13114969183897524,0.2523892462327351,0.4428226398098466,0.14503744182012324,0.5299365090822404,0.36770064912296924,0.40710940839871307,0.3600471890483325,0.22884938974603097,-0.12070818559429225,0.32730568684903655,0.47816850513739756,0.593593616577312,0.13257542211573614,0.33262156154659134,0.5594373176156474,0.6841209290429938,0.2127727501835369,0.4925701302949854,0.4767411094030513,0.7276800503820693,0.5770102928217026,0.5163242836637795,0.6549874865931695,0.6794421277516952,0.6978774768514338,0.7627416443354195,0.7062940962306558,-0.1053050505183662,0.08436518375416006,0.7764938187381024,-0.16178977257206384,-0.09310980856515216,0.4395644525209298,0.4665221256066789,0.2379583607582619,0.026054564796941945,0.37443132058289263,0.38549166374218197,0.18702869719533735,-0.13241360610272954,0.1852815215954417,0.38518771204207497,0.18985173061143906,0.5667124780923093,0.047943460610403034,-0.0010977248449907558,0.1293348698582359,-0.1493780470338815,-0.313017770241129
-0.05925527460071614,0.29366075528634844,0.19095580678314492,-0.09526142004329667,-0.0024578513481008507,0.09880387483326408,-0.013312632568717063,0.04244822986595526,0.12711289934617656,0.24016531455686516,0.2534604535216811,0.44704904769193765,0.2927073538737399,0.2603748004635805,0.3475935361133586,0.0446305569526142,0.19776081870066256,0.26635323959677243,0.21286217226826443,0.29652095952417395,0.3304979117010343,0.10094246791017035,0.2215871072139249,0.3854173158443141,1.0,0.30327819562043407,-0.03971048085543723,0.1577660667818329,0.1557719662505209,0.3082766613456955,0.21437536900570728,0.03230193960333253,-0.02871140879428013,0.05789508211060331,0.0396317596378824,0.1349019264831296,-0.11544029214318514,-0.12151931949880825,0.08342262360324507,0.12718287376178086,-0.25895781854759353,0.16394568235988716,-0.08801906802825217,-0.21718551659228458,-0.1864730707834948,-0.12457632678052087,-0.07187684502853645,-0.08577113992696421,0.08770418315803284,-0.3161662767050797,-0.076105923771621,0.15091732085456255,0.27961339135378627,0.08912991187597034,0.22071242701887123,0.37606437646235596,0.05789945551157858,0.24260129890008966,0.13599090332597144,0.08238175417113118,0.1491111062517767,0.30624740329317096,0.3747304891648991,0.14127834510507095,0.21670639172552536,0.3162100107148324,0.24222955981719185,0.2648487896612801,0.185156677089939,0.27235603021602317,0.41884935820340685,0.17095861774147864,0.17419693424591634,0.27556362205068774,0.17643849515491855,0.3707813080842317,0.4313616583936498,0.2977498851982244,-0.01663641730992106,0.11450875773545298,0.21492204412761584,-0.12515361570925632,-0.012564781001946164,0.0598631125494741,-0.011226520303514028,0.02181017450983625,-0.09587369617983425,0.06135006888106536,0.13901292339988192,-0.12449323216199078,-0.07691062955107039,0.3577004657672039,0.1334324637554394,0.16506527300955587,0.03454549430364523,-0.08270101244232578,-0.16117731954254225,-0.0060659137848692365,0.05360040235288972,-0.29624543526273206
-0.05177899407184201,0.2696182782121817,0.273921709477006,0.03790649439823656,0.3758657976711674,0.3064226743596705,0.18276899998808238,0.21477577002021325,0.47325061036372384,0.31903120315691497,0.5934339872671839,0.7323399142160838,0.6162106844493028,0.39648859251799573,0.4784156025626644,0.1451139764208696,0.41779582536578447,0.47935807150328397,0.3378740218606706,0.33323602505544075,0.3975403966025387,0.43274412624298925,0.4093048580886946,0.5420448755655366,0.30327819562043407,1.0,0.3446134401321079,0.5384362231708442,0.319162754286489,0.6551121286572421,0.07512855079551274,-0.19232489156698598,-0.04648060720431918,0.2872081161665754,0.42541867160012264,0.4256504621052402,-0.048348000642919546,-0.17040538191322632,0.16071172805297929,0.2547902459932926,-0.07892685369541104,0.30709180544048165,0.3238157090550022,-0.16560137674963754,-0.25710596434158983,0.07654553426075977,0.016614568470597137,0.07058676891693545,-0.02246181196761961,-0.04983277189739908,-0.10858947824182459,0.32291260076619505,0.2805321122786137,0.15556422947706647,0.6672592631471299,0.37491239521615555,0.4097968662363498,0.4205226438552336,0.3317600006124751,0.23857584414945504,0.47494530509453625,0.5950455872886145,0.6273781760496371,0.30897018321308534,0.411270703976437,0.5060380333234676,0.36262093833628894,0.37891187478087285,0.4561549672598638,0.43956711982488866,0.45276776450111744,0.46014838981957495,0.4334963520331821,0.522980607225835,0.5447673236258197,0.6539816032690744,0.5047828658712272,0.6638348864394495,-0.02224751508552978,0.04290311047553512,0.43538785002305663,0.006385172405125512,-0.16713407440703876,0.2517594758037365,0.23050035041927405,0.31249767662565137,0.023028168013142728,0.37660052983833253,0.35568690350866805,0.06686281391490506,-0.010106940704277437,0.21628896841211284,0.25972126098423715,0.4554202350926987,0.5169212535496011,-0.022783257290754352,-0.0071395848981968485,0.23575744190470777,0.008873640280821687,-0.06805019357791299
0.19917145827946817,0.4153331438192911,0.2761496577813737,0.39647503881393364,0.6373969517395203,0.32234151888215873,0.5550326911722901,0.4930309855459098,0.6198814808335702,0.20895672519734973,0.214664013470075,0.2958430823730074,0.35742494150576193,0.25743587500820014,0.4939319061468151,0.24679539043537208,0.23806170868776103,0.48630469484594696,0.15251798561151078,0.370134044739892,0.33356803918567274,0.19616890074566487,0.46529487656075746,0.43705411761644897,-0.03971048085543723,0.3446134401321079,1.0,0.5126107017121865,0.7850219599641263,0.43869147842819967,-0.028317771314863002,-0.11814305394590104,0.08972697921216272,0.4021036058691041,0.5881437099560474,0.6850888893748224,0.3681747611029717,-0.008619973322254051,0.2540858498611445,0.5474142266733726,0.3847412039972885,0.4234720430342656,0.3550108241674138,0.20568564615442325,0.1518094946535173,0.5586276267739607,0.2809953860619711,0.3360477575386499,0.04646301196125167,0.2861866130196147,0.02290787430845597,0.3423760687498633,0.3800048107410728,0.4516848527257222,0.630989919310752,0.23037326977323916,0.6812315497146356,0.573344121055739,0.29968292842929306,-0.1103234130021211,0.1384618748769981,0.39844744265377974,0.30285801753733793,0.16626358487677942,0.44358531411952506,0.43620738667424724,0.5313113642824342,0.13926220725547223,0.41847761912050907,0.41110670126055193,0.4016006647569482,0.33336504052527033,0.5299293695742494,0.3397607749666528,0.35680649538244347,0.428204062889506,0.4823511403643043,0.564400516061315,0.0018936826222912247,0.1526535610417441,0.48163827600533554,0.25254203931687474,0.1624062452165927,0.4442588178697164,0.6705254641271785,0.46824087406915443,0.3017340534866939,0.34284402265421704,0.5081979401281407,0.4770724453871553,0.07745730467297894,0.10449804290306357,0.49544510288425797,0.30501410421814523,0.4751481489580372,0.29753121514946096,0.32936957424941504,0.4849101101117133,-0.04045395902123286,0.16960923662285976
0.2283551948954973,0.3892414336008397,0.2846253088714439,-0.006704423695086484,0.26325687170628237,0.199348363254685,0.34532374100719426,0.1854846821630841,0.36255056744877656,0.35848767794275216,0.43210513655944544,0.4504165664428943,0.5416938181977214,0.5166254838074829,0.7777612560407601,0.4005685421267849,0.5017996545013229,0.5576086243467232,0.4311561085478122,0.5626424088692572,0.6066519428833833,0.5606218976186832,0.584032713039295,0.4684092501907965,0.1577660667818329,0.5384362231708442,0.5126107017121865,1.0,0.5721726751798429,0.8184032713039295,0.29380945091950755,-0.07848942730314229,0.25820806259233753,0.39597209770177777,0.5354442282040629,0.5827644267564671,0.34308455970785684,0.11338042028383373,0.2522621416544576,0.41965406398285626,0.29282543570007213,0.35490586254400736,0.44346285889221754,0.3191689654382584,-0.1241433600839693,0.3771489799042225,0.42852332116070063,0.38891342852769456,0.2338282565437012,0.3797380332815814,0.012612888412674116,0.2922656403752378,0.3380376549823971,0.22220375675143775,0.5791038901401675,0.3296669655157333,0.38585642124598196,0.4162296910192211,0.33591655550939187,0.13964269314032057,0.37876276486409655,0.45141370186525553,0.5592792635192758,0.48749425991122,0.5567120771467932,0.7590343530646607,0.5257177844350659,0.47373991384400077,0.5365463252498305,0.42496602410427986,0.6391812993374297,0.4503558312261676,0.4646651068203188,0.3527935098729527,0.6193529764856608,0.3670989044630557,0.605099385537163,0.7656032013295139,0.27313638450941374,0.04914390675909121,0.3097811112811878,0.22746495812468567,-0.09115916992849489,0.3163455861450657,0.11713279832061403,0.32112169110873,0.3185541536375763,0.7257965056526208,0.5406966827753602,0.10931753077780937,0.13064223393321817,0.4039054470709147,0.41575299031291685,0.5675581115654589,0.4482867201679386,0.2761015503706457,0.13036670967177624,0.44252743492125346,0.1984343224508539,0.3292296254182065
0.25319641642740465,0.4767143477232166,0.3835126976371688,0.31211028854656486,0.4546964364399259,0.23393128723558979,0.668967078095213,0.4126308331668439,0.4613855605451584,0.2714070011667682,0.053593900848363414,0.21895018581520798,0.39871902945403276,0.13031218463652214,0.5599971135525351,0.36540242439769977,0.28925049665506414,0.5021741293372153,0.19869913045771914,0.5557942706201203,0.5165276470314769,0.1131509404463081,0.4745582586850475,0.5654338751260088,0.1557719662505209,0.319162754286489,0.7850219599641263,0.5721726751798429,1.0,0.47842434937417827,0.11993190607243624,-0.2226850743316307,0.1476616467202701,0.39134546734783987,0.4702876279634002,0.662855243549896,0.43920364654598265,-0.023334306416128197,0.2144084039366307,0.6074573128267968,0.31583643025147373,0.273888908933829,0.148127252987398,0.18155995180501586,-0.08145249552004116,0.36913293950836557,0.16210903119232012,0.2753255727249822,0.09206893799500156,0.20808445921210225,-0.04388056666221015,0.3548996904724197,0.36406416223607757,0.3810439100873788,0.5040721874357252,0.21982049356083808,0.6200177341607149,0.48566014919902767,0.08612329286844804,-0.06214172240029343,0.2850564005341632,0.358697993372318,0.37036623993182133,0.1164069410323464,0.37206749477126916,0.4731915693860052,0.6956776537556953,0.13783881594420777,0.450058439634696,0.4855688385752303,0.6075425942390571,0.21252369841835608,0.5628398272945431,0.3223965388868767,0.4759298417481397,0.47616767200359966,0.6997755349499437,0.6090361123050505,0.07576050792738989,-0.08263550177729216,0.5728264993405048,0.21844505745028195,0.030333942330103118,0.38528392696872754,0.5814071214356118,0.3612458971942385,0.44287949408468674,0.4558947496173262,0.6073960851461997,0.40487459805691917,-0.0951281353219778,0.09647077088935692,0.4702592008259801,0.24739263015543658,0.4162891870825202,0.29548041315581847,0.19577332200632944,0.4382168293210936,0.055192380652523264,0.11024262561794612
0.12920133957426058,0.5624018718156174,0.3551857602064245,0.04657234698563338,0.29755308215433734,0.3646629201198312,0.2954932102949859,0.2774791716778553,0.4686667687126894,0.3462290350090748,0.5613959895913057,0.5839714854256413,0.6649668714876124,0.5707332006735037,0.7859089020576852,0.4431042400122455,0.5625505674487765,0.6894054361374122,0.42802475344952,0.5072314185126063,0.598517417069384,0.6088430167719927,0.5351424635367694,0.53277703612137,0.3082766613456955,0.6551121286572421,0.43869147842819967,0.8184032713039295,0.47842434937417827,1.0,0.20338063895388248,-0.14075353698803875,0.22765544997438764,0.4392425269510835,0.5177100872493494,0.6296735256171963,0.26957206271456996,-0.053714110778246706,0.2907130830290175,0.3661148892436203,0.10328223743193894,0.3947650390326037,0.482167457523343,0.07719279831278619,-0.1404561457217205,0.3107957403074501,0.3708906431086134,0.17951061643086746,0.13840502066431962,0.1690538146990007,0.014961404736393256,0.5145175045374035,0.48271850604622685,0.17449869891320985,0.6753449520019243,0.5520718987120334,0.49230062758303994,0.5219916468041372,0.33962957293739476,0.13163936935557938,0.4629419868360631,0.5145656119481314,0.7766635323959677,0.4725241083728762,0.6018630688154644,0.7880693621394678,0.5222715444665544,0.5159169928494894,0.609630228947541,0.5972650907102591,0.6340600467953904,0.49357601361908054,0.46420589971791565,0.4725590955806783,0.627111398298464,0.4148870569198137,0.6212678489427303,0.8215433732041723,0.1616846340556734,-0.007745293127200368,0.3813474448404802,0.1508823336467604,-0.009687083160219545,0.3608930484791498,0.12286632699919092,0.3462425337765663,0.19165992434016313,0.6050425313244845,0.5325184229516083,-0.003634296210448055,0.09341147143075813,0.3510310292799195,0.34034243729636354,0.4847477640987514,0.4956244123242439,0.16107673132011108,0.14021123526710547,0.3158320568457168,0.11918392337801491,0.13859745030723142
0.234423295383245,-0.05115129780673941,-0.003227569919748092,-0.16152281821958847,-0.27033740788524196,-0.13232161990772123,0.21659268330016837,-0.08435415801097723,-0.01818460125516608,0.18957818547593536,0.0591983556012333,0.0677833417156852,-0.10244254444468741,0.23099866611270253,0.2424263628610789,0.04801556930747196,0.16256806105267763,0.12000174936039011,0.19272266077715336,0.3009730817169972,0.36173274146640133,0.07113774026371608,0.17817235573243534,0.020832718323161217,0.21437536900570728,0.07512855079551274,-0.028317771314863002,0.29380945091950755,0.11993190607243624,0.20338063895388248,1.0,0.13468762983534147,0.2714266814926744,-0.06938400647263344,-0.1979926089523518,-0.02854518816557696,-0.023109050753318316,0.3348888062802038,0.0735999650127922,0.18400209923246813,0.3318011851916643,0.21642649406310818,0.03741881874439658,0.34308493482005903,-0.2868338763639544,0.19005051278126436,0.29119415713629704,0.3996195141151517,0.19451138177603813,0.20572478187662635,0.1715991340666069,-0.13352867857689532,-0.059403905447070915,-0.0870044390019899,0.00870744134175942,-0.015626161684634057,-0.11017471736896198,0.00928473027049485,-0.09983599746342743,0.2111477990859592,0.02409306597275371,-0.1287791651177538,0.036574752356169776,0.3417550458113752,0.17425378845859482,0.25119065841551685,0.3034090660602217,0.23760250158535787,-0.019802759616015395,0.005674493969623528,0.2487852878791192,-0.08916718327527501,0.011335855327895739,-0.1097286304694846,0.18521810721196613,-0.1040082219938335,0.3118059959327371,0.21843825851173165,0.6619929588244298,0.04312610701712186,-0.10379392534604535,0.1522949421617721,-0.14658765388904682,-0.23576567317574512,-0.20394918108066737,-0.05534763655689447,0.022680457457742012,0.31427259408278846,0.13296888325206097,0.12795696573440335,0.225352605453631,0.3579278826179178,-0.03522337145481184,0.33184491920141695,-0.03641293652008484,0.16515711443003653,0.10669786359362358,0.3327330833933932,0.22207692812315497,0.2578294810959743
0.26660718834853175,-0.1964400516061315,-0.2501454155824277,-0.004539590212328617,-0.228610789180206,-0.35257921322516456,-0.15781417419256086,-0.04703155408803656,-0.18607071789377008,0.25117753821259103,-0.02396623734447093,0.06973825195163018,-0.11353786271894338,0.27181124401390744,0.0803437493166561,0.030355776169338086,-0.093442085237585,-0.13723294920294768,0.12944392206599462,0.02813408847390173,0.008532505302748683,-0.05856858586079465,-0.010644857973803329,-0.12358588658235567,0.03230193960333253,-0.19232489156698598,-0.11814305394590104,-0.07848942730314229,-0.2226850743316307,-0.14075353698803875,0.13468762983534147,1.0,0.26287011312923053,-0.124366403533708,-0.08792285320679627,-0.20789836216133475,-0.2099582340206862,0.40309636789049,0.11811681354004942,0.2185563403380639,0.06222912247709431,0.1786053224289869,0.056762371258008794,0.040069143545041055,0.18708534692003237,-0.05963569569876014,0.14081039120071723,0.11247512628195316,0.14398110690778684,0.02437296363517089,0.42994030307668757,-0.29815661148892436,-0.15892501804027903,-0.13864555771795936,-0.20697994795652838,-0.2636023703833286,-0.18411580765782512,0.032559970260873365,0.1005882224311736,0.18455752115632723,-0.3245282193697929,-0.20397979488749426,-0.08757298112877479,0.24439001989897444,0.025571275502394436,0.02891255384749951,0.023948743740569853,0.19418775010386827,-0.015547440467079223,-0.14423273516084714,0.053044980429030636,-0.0017515490056525804,0.034650455927051675,0.04157792307187685,-0.08617577373753127,-0.2450329098423389,-0.08389057750759879,-0.13843563447114648,-0.0388839080711115,0.5935054995517264,-0.09212131814305395,0.2771992740154381,0.10045264700094028,-0.09767553738164483,-0.19942708447223984,0.01618597470641748,-0.0576326780520872,0.023896262928866634,-0.03849467538431261,0.13730729701952724,0.3228794472021167,0.22440795084297305,0.1856683650040454,-0.09373947650390325,-0.14091097942314842,-0.06657628304651111,0.08563556449673088,0.23782143165638372,0.12560844941068422,0.05942139905097199
0.4702640883953738,0.2772761116925754,0.15105087473590925,0.18780716342007184,0.07789035653101738,-0.13141865629302676,0.2256327498118051,0.07536034130063031,0.058393713666599886,0.49701569724691014,0.02312875634555224,0.08486812541620761,-0.0858761954431812,0.40120749732972893,0.24646765483784477,0.55540941091351,0.2953645179032597,0.21305046144910228,0.4898214447767516,0.2748270044686916,0.21760536354495036,0.20749842284067294,0.13514042459217868,-0.20884566015538727,-0.02871140879428013,-0.04648060720431918,0.08972697921216272,0.25820806259233753,0.1476616467202701,0.22765544997438764,0.2714266814926744,0.26287011312923053,1.0,0.29101516587798754,-0.025901495595449207,0.13282689294675992,0.4344759949227356,0.735740237192101,0.5483922813765074,0.4665439926354636,0.623558006120954,0.2295906820218315,0.38335306832704064,0.396118379476459,0.21033676317692393,0.4065583592733392,0.4528792863479193,0.41590870078166686,0.23370824354198608,0.4074898946995665,-0.15576759284476394,0.2988785494289572,0.03365773070537393,0.036493884338746466,0.03168969811475306,0.0009271620204702798,0.13215776186594883,0.3230547364532954,-0.03003655073863152,0.5382744071578376,0.2701562071202847,-0.21003062477393847,0.06638829939027759,0.6272557206884428,0.39385361554944226,0.2556233797899888,0.17239309482975343,0.4789207309275904,0.2753474397537669,0.191238309326954,0.26229501027219354,-0.290296058026411,0.06277586623504904,-0.04056552509845321,0.2414887964155527,-0.1816865820632409,0.1079597078128259,0.10503827276719314,0.1311190779986767,-0.12524996747286954,-0.13460686908983258,0.5839349499631205,0.16897965163646544,0.10290405075780873,-0.028628314084898358,0.25389397540831254,0.44690740078682417,0.4356349474483235,0.26943896857614735,0.1818483980762475,0.06920039929198697,-0.07128214043228817,0.06782277647855235,0.23743438524689495,-0.022131619832970996,0.20215193430281955,0.3840178260020948,0.3972565595691316,0.27452523947146307,0.4235643475591821
-0.11174707719833187,0.3825238897028274,0.18132995123657913,0.20195491023594497,0.36163652664494544,0.25294001880562417,0.19283636920251032,0.20864621372810566,0.3199011611379589,0.2283440117207146,0.03436618486365922,0.3130305482058123,0.34419103015459973,0.34705123439242525,0.2947059981194376,0.4339157245632066,0.6054973650259124,0.7103977608187007,0.46756029826594653,0.505433950711771,0.06516804793247469,0.7539743281362752,0.6609652095952417,0.19545625008895162,0.05789508211060331,0.2872081161665754,0.4021036058691041,0.39597209770177777,0.39134546734783987,0.4392425269510835,-0.06938400647263344,-0.124366403533708,0.29101516587798754,1.0,0.7693074719555663,0.5513371673481883,0.41827644267564673,-0.05674925105508299,0.05317618245828869,0.17816798233146006,0.2814677133673001,-0.05943889265487306,0.5991559336117732,-0.22416109877459636,0.05691981369311845,0.1529465789070871,0.4636461043930813,0.312733156939494,0.17241258664800682,0.18474557739826375,-0.2752399903785179,0.2470096870831602,0.09343333843563448,0.2671229581684197,0.4906431086134132,0.22432485622444293,0.3471299556099801,0.3623362708009884,-0.16369639850429687,-0.04296429118103693,0.14850320351621438,0.23883142725940829,0.27191620563731383,0.22735999650127922,0.2225448820275087,0.23447114648706566,0.1427434344317859,0.3229013142069931,0.7270123111237454,0.7166896817148909,0.257400887800398,0.27406603186698486,0.5970304607377928,-0.030062758303995102,0.2156373309543295,0.05741838140429905,0.20180184120181058,0.29890446305569524,-0.28930484791498107,-0.2051212525420393,0.4735737246069406,0.530086812009359,0.1289322341518882,0.594021560866808,0.2848177385143557,0.75933038784501,0.4694889680960399,0.32836369202510335,0.6440270276180271,0.0723797861406923,-0.24178347291771446,-0.2030482604797621,-0.0028558308368502767,0.293149067372242,0.3244232577463865,-0.23987229669152216,0.044149482845334674,0.4839742012797291,0.13466138942948985,0.03343902385690232
-0.07611912719945858,0.2876560757473049,0.12295379501869629,0.15916555509391878,0.40920600905294,0.2927161006756904,0.1799785703352212,0.2768450285364414,0.3725700290831165,0.22763552076272112,0.23855590299796636,0.3900986201919923,0.5368524633180993,0.28126216352146244,0.39122695764361154,0.34141829393627954,0.5507073976077497,0.629782860641578,0.3376746627014498,0.42965603201329516,0.19630884957687345,0.6603660536616299,0.6206905600139949,0.4668588778499629,0.0396317596378824,0.42541867160012264,0.5881437099560474,0.5354442282040629,0.4702876279634002,0.5177100872493494,-0.1979926089523518,-0.08792285320679627,-0.025901495595449207,0.7693074719555663,1.0,0.5639981631715903,0.24337976427368743,-0.33217292427456213,-0.08989963044761759,0.15640156567754915,0.029109356891386585,0.01972841179943583,0.5063698585204784,-0.2351274137101116,0.10968489645973191,0.06289387942533511,0.25731779318186787,0.11533095711880344,0.05373597778312304,0.06018674422164396,-0.12753274583980231,0.08192692046970326,0.1742013076468916,0.30701712186481817,0.5901729680085719,0.2452122192823249,0.4184295117097811,0.3283112112134001,0.12293192801381994,-0.12085893595154272,0.1907108963285299,0.4635192757647985,0.4523583564759135,0.14015875445540224,0.26585029848461655,0.31666921781723556,0.23850342218626314,0.26556165402024884,0.6972994248977717,0.5982469203026911,0.35728936607552864,0.5813765075953132,0.6308324768756424,0.24117994358312742,0.37103099760687547,0.32169862893879425,0.32679364107498193,0.4681025999868798,-0.31604819487874747,0.005217467363495222,0.5985524042771861,0.21544685224464805,0.0956593995320461,0.6813802453477947,0.4004810741072795,0.6194338844921641,0.3150204456495594,0.30797927007937725,0.5356016706391725,0.04111871596947366,-0.15341890621241608,-0.08653648509763617,0.21004570204019155,0.21875314338195098,0.40158754455402246,-0.19438892654873063,-0.04040147820952964,0.32596523798453586,-0.04322232183857777,-0.12158492051343728
0.2359977214557417,0.5528372438827054,0.5312107760600031,0.13965581334324637,0.3892151931949881,0.5477247381426166,0.4004285932955763,0.3560866808073298,0.5494959655376003,0.33961645273446894,0.25062211628873193,0.3954910235944983,0.44114932977630056,0.37023900636329843,0.5797817672913341,0.3851741706938401,0.38898340294329886,0.715243489099298,0.29667840195928363,0.6211410203144475,0.38737836478537535,0.3930943998600512,0.6025628129715073,0.41288886410650305,0.1349019264831296,0.4256504621052402,0.6850888893748224,0.5827644267564671,0.662855243549896,0.6296735256171963,-0.02854518816557696,-0.20789836216133475,0.13282689294675992,0.5513371673481883,0.5639981631715903,1.0,0.41930856530581007,-0.0068225055214187315,0.24364654173317882,0.37519406966827756,0.2101069296538453,0.20482386127572105,0.38934639522424613,0.10100161925354187,0.07024556646476132,0.2809560254531937,0.32780389670026894,0.3061293214668387,0.42354639085084517,0.31590824604753887,-0.08668955413177057,0.47248474776409877,0.2928516761059238,0.16541514508757735,0.7178544094815333,0.5136996785550283,0.5888959349237934,0.5722114102031445,0.1666834313704052,-0.007509129474535873,0.36120355994839387,0.3562135094356126,0.44822549255428484,0.2460694058734775,0.4189543198268133,0.5674181627342503,0.3909864205899718,0.19598959130567886,0.5503400319258271,0.6940223196766954,0.5347401106470446,0.20422711533448534,0.6300102774922919,0.27345126937963304,0.4638324810661637,0.4417222453040607,0.4806455139839496,0.6584242636286108,-0.020550611182786293,-0.07687126894229297,0.43608930484791497,0.24490170781308085,0.0577857470862216,0.43381950974175065,0.32197852660121146,0.4863095999539326,0.40593033172246396,0.4600817825982375,0.7949924558833177,0.12943080186306882,-0.18482867201679387,0.030889331088320832,0.34681944414073607,0.449270735387374,0.3258621066672498,0.1277995232992937,0.03710830727515252,0.33937191333242095,0.34882683518838425,0.17721020751787628
0.09149820854372151,0.4651680479324747,0.1962738623690713,0.4087118147427347,0.4633399663248125,0.14081039120071723,0.3081891933261901,0.3099123133104459,0.3043406004679539,-0.006704423695086484,0.044914828016006644,-0.015477466051474929,0.0751787627648641,0.23093306509807351,0.2175592049157027,0.3501607224858411,0.07527935098729527,0.2312260829634165,0.16802169206883732,0.0557083816229691,-0.02960355120159192,0.250639609892633,0.04433316568629595,-0.09428625471376775,-0.11544029214318514,-0.048348000642919546,0.3681747611029717,0.34308455970785684,0.43920364654598265,0.26957206271456996,-0.023109050753318316,-0.2099582340206862,0.4344759949227356,0.41827644267564673,0.24337976427368743,0.41930856530581007,1.0,0.20679189171459186,0.44059390785244146,0.4373094837200149,0.46766963329032823,0.3570007216111609,0.3581290590627802,0.2967487008253297,0.20365178981434912,0.6119175176576065,0.4510113489755308,0.1862500273337561,0.05715597734578295,0.4198377468238175,-0.1204871968686449,0.3714854256412499,0.20090092060090528,0.2703461546871925,0.23877894644770506,0.18920644639303755,0.42321401237672474,0.37641862194135267,0.13446895978657802,0.041954035555749926,0.08630469484594695,0.02645032909842339,0.1877457304672979,0.23263431807745294,0.3288622597362839,0.196676215258796,0.04358968752050032,0.1400800332378474,0.3133585532789574,0.20975728691413,0.06413592530231134,-0.10119404910684703,0.013050228510200958,0.0266427587413352,0.030762536094282776,-0.02906999628260917,0.09954735299905972,0.17331350724891212,0.014427849817410509,-0.15885067022369945,-0.04834357438061709,0.47682753493254026,0.3300168375937548,0.3957752946578907,0.23206140254969276,0.25751925118562025,0.779615578054274,0.3435962476219632,0.23984605628567054,0.19823314600599157,0.17119240777590694,-0.0463755439417463,0.1283112112134001,0.0947715991340666,0.11819116135662898,0.3207802147339879,0.46427587413351995,0.23242683565520403,0.005921584920513437,0.38758828803218826
0.5725247343432762,0.07378364785375346,0.0662045439636133,-0.02083925564715401,-0.1491635870634799,-0.25204784500666944,0.1057138483741882,-0.1398744833920098,-0.14403796112046532,0.36731320111084387,0.01688570116551136,-0.002418490739323435,-0.2698344667730861,0.29036321095099604,0.1625593142507271,0.2820318820931097,0.005812249896131727,-0.09746124073385669,0.28591983556012335,0.13937154227985393,0.14602785856421246,-0.08138899214974525,-0.03231505980625834,-0.3433167253251766,-0.12151931949880825,-0.17040538191322632,-0.008619973322254051,0.11338042028383373,-0.023334306416128197,-0.053714110778246706,0.3348888062802038,0.40309636789049,0.735740237192101,-0.05674925105508299,-0.33217292427456213,-0.0068225055214187315,0.20679189171459186,1.0,0.5858695414489078,0.409319717478297,0.6262710196584373,0.2437427565546347,0.2524283308915178,0.6371155639674534,0.24725897093875052,0.3713629704139424,0.3451794187750104,0.4800419846493626,0.31747392359668497,0.48834269970042204,0.06385165423891889,0.09808663707332006,-0.18186350615556188,-0.2503728324331416,-0.15104414948284534,-0.22615731123308042,-0.146574533686121,0.11168354070542957,-0.05464564518597888,0.45780761409109794,0.10493538300059041,-0.31960814327261594,-0.25452318995867135,0.4894841573549671,0.2363210950996042,0.21328639216286546,0.07350375019133629,0.28104786687367433,-0.07988016881327764,-0.13575270139814963,0.1019177363276552,-0.4320072073729456,-0.08026502809910127,-0.12580087905359602,0.04177039838448888,-0.23657912575714504,0.0002711508604666419,-0.041381120027989764,0.35706194922481466,0.01967593098773261,-0.3010911635433295,0.4926373794581356,0.1306247403293171,-0.20935470468609915,-0.15730248627845445,0.006905607690200811,0.22899127506505434,0.3509610548643152,0.06775272790885832,0.30727077912138373,0.17570138418140868,0.0655266668124467,0.14033806389538825,0.3345957884148608,-0.08171699722289039,0.4101113030548206,0.34086287201242044,0.364641451795993,0.3652008484397892,0.5833111018783758
0.3675475799214765,0.42911373029236183,0.305840677002471,0.22858892217532964,0.3130611620126391,0.12471627561172946,0.24273687433032298,0.1547877807176751,0.2499354923356148,0.26207168004198467,0.31895650652730095,0.240961273534364,0.15532133563665784,0.37462552754149264,0.3581684196715576,0.33273709300037174,-0.011751328420546239,0.060925848986464325,0.10946185300999323,-0.01624718462312217,0.10534648269226564,-0.009415932299752903,-0.05719971135553563,-0.0720234327080887,0.08342262360324507,0.16071172805297929,0.2540858498611445,0.2522621416544576,0.2144084039366307,0.2907130830290175,0.0735999650127922,0.11811681354004942,0.5483922813765074,0.05317618245828869,-0.08989963044761759,0.24364654173317882,0.44059390785244146,0.5858695414489078,1.0,0.6676915002952045,0.5186110078502547,0.526745533664254,0.2824079945769828,0.44386569708287565,0.19951892589272047,0.5764142485403774,0.30102556252870044,0.19560910542083051,0.09283855590299797,0.35049747436093676,0.06336183332968884,0.4124816863834161,0.18415954166757778,0.05719971135553563,0.22446043165467625,0.10703461546871924,0.28405676674465896,0.40247534495200193,0.2691522162209442,0.4040279022982222,0.20902232621197875,0.13433775775732,0.20482823467669634,0.4321838577770003,0.49706326124510725,0.39513240471452626,0.21800966521615533,0.29824407950842974,0.10527213487568608,0.0288010636122973,0.1549277295488837,-0.18688000139960154,-0.046913472261704316,0.16859023419562222,0.11172739687242565,0.08758172793072533,0.15908683387636396,0.18679670245566465,0.17590256062627102,0.09767116398066956,-0.1125669677024338,0.4683781242483217,0.3249218254575671,0.09324090879272266,0.1901554744046708,0.09974426509842298,0.2897771752203101,0.40907918042465724,0.07620651199405218,0.36579563097242573,0.35861887997201025,0.21522818219588463,0.373051103190396,0.26299009424679104,0.19629572937394765,0.5056351271566334,0.5722507708119219,0.29351675397095456,0.057479609017952814,0.455021757669852
0.3847525581692599,0.48156830158973124,0.29619295445102883,0.4390894579169491,0.4198727340316197,0.05180730795302967,0.5870503597122302,0.4085499989066498,0.40126828628282785,0.36508276661345695,0.23821477772189542,0.34066606896853335,0.2653079967636833,0.3488618223961864,0.534206555728062,0.4644333165686296,0.17857470862216002,0.2158841923421749,0.2374712995560998,0.25890096433491505,0.3391266318252389,0.004911329295226433,0.16818350790492226,0.38282607293332993,0.12718287376178086,0.2547902459932926,0.5474142266733726,0.41965406398285626,0.6074573128267968,0.3661148892436203,0.18400209923246813,0.2185563403380639,0.4665439926354636,0.17816798233146006,0.15640156567754915,0.37519406966827756,0.4373094837200149,0.409319717478297,0.6676915002952045,1.0,0.4395967724300803,0.5998075703570882,0.26867988891561523,0.32302849601875383,0.06436771555400057,0.5054252039098205,0.24589884323544203,0.2164658546718856,0.0018630688154643458,0.22602610920382235,0.15544379086396537,0.3199405217467364,0.24358094071854977,0.16205199973759593,0.3248605978439133,0.07144387833198487,0.43045636439176926,0.5152872231090507,0.2587872559095581,0.2496993286829503,0.23245063523649165,0.19796636854650018,0.3294351752640441,0.4095996151407142,0.47575167829262427,0.48846078152675426,0.599151560210798,0.31864162165708165,0.3303973234786031,0.19645557330441135,0.44362467472830247,0.10198126214309537,0.3012267389735628,0.44597756445299686,0.4033242257160856,0.32894535435481403,0.4659989941177757,0.44024403577441995,0.13296888325206097,0.17004657672038662,0.3018477619120509,0.4202182327086659,0.19058844110122236,0.31690538146990005,0.4625877413570663,0.25606509377143927,0.4197459054033369,0.49042006516367453,0.314574358750082,0.5705057838227898,0.27099779143250746,0.21131836172399465,0.5704183158032844,0.19400844066388226,0.39906846559226783,0.41590168594607596,0.5428571428571428,0.46787350798557187,-0.02495025256390632,0.2759834685443135
0.22497892565114325,0.08083357022588616,-0.019103015459972447,0.08556996348210186,0.2031707157070696,-0.09177144606503247,0.3720758347729112,0.02832214471583827,0.185873914849883,0.06028733244407514,0.04177909951673919,0.0031226082963416502,-0.1342109291290372,0.30645295313900855,0.18492926023922504,0.2291749579060156,0.05047779405654807,0.12097701777787497,0.16483785615884192,0.16083619426647133,0.028234676696332905,0.12311998425575649,0.1770833788895935,-0.27638612362103904,-0.25895781854759353,-0.07892685369541104,0.3847412039972885,0.29282543570007213,0.31583643025147373,0.10328223743193894,0.3318011851916643,0.06222912247709431,0.623558006120954,0.2814677133673001,0.029109356891386585,0.2101069296538453,0.46766963329032823,0.6262710196584373,0.5186110078502547,0.4395967724300803,1.0,0.2740023179025169,0.3809188515449039,0.5620307472295101,0.06970326474382804,0.729841901554744,0.6701143644355033,0.7337779624324856,0.2612057466488815,0.7550283177713148,0.07455773982637598,0.13160875554875248,0.0,0.17184404452122193,0.11274190374144454,-0.17961120465329863,0.14777721895431983,0.2822024447311452,-0.00020554984583761563,0.2160066475694824,-0.005589206446393037,-0.0650980735168704,-0.18054711246200608,0.34580481511447375,0.36350834226236034,0.17266187050359713,0.16519210163783868,0.19127069165336424,0.06026546543919879,-0.011788515217819054,0.023528897246944087,-0.31029532515743674,-0.005335549189827469,-0.20502066431960814,-0.004425886626018506,-0.2739629572937395,0.005729155277601627,0.032555596859898096,0.33381732304126305,0.029091863287485514,-0.2294810959742844,0.6431873346307756,0.10360149570313354,-0.054737486606459516,0.10081563928188755,0.23807727589316444,0.3831842732500929,0.34462837025212656,0.22996217008156392,0.4115326583717828,0.3310664538278192,0.09929806914346942,0.13796768056679276,0.3313594716931622,0.11093568913865867,0.3271172727471518,0.47352124379523736,0.6097817779866079,0.1989591305678861,0.7353086527738296
0.2162736614919636,0.3592049157026962,0.16136974918545408,0.3210207517876276,0.4952964072510988,0.11594323325534102,0.28190942686580217,0.3456342524764383,0.41695130218014037,0.18734775097854847,0.4994467647766285,0.3485032035162144,0.1669458354289213,0.3335942795915243,0.4048369814786469,0.13472699044411887,0.032061402549692766,0.06300758785069209,0.045478996741816276,-0.05213968642715007,0.1751022282477969,0.08727558986245654,-0.06456014519691237,0.23368856321607986,0.16394568235988716,0.30709180544048165,0.4234720430342656,0.35490586254400736,0.273888908933829,0.3947650390326037,0.21642649406310818,0.1786053224289869,0.2295906820218315,-0.05943889265487306,0.01972841179943583,0.20482386127572105,0.3570007216111609,0.2437427565546347,0.526745533664254,0.5998075703570882,0.2740023179025169,1.0,0.35574555553125886,0.3499927292131383,0.11280750475607355,0.6245566464761322,0.2018543220135138,0.04586822942861516,-0.08613850560888675,0.12342174892305001,0.2548949290415692,0.3461065797817673,0.36224005597953246,0.14954844634930353,0.37987798211279,0.26158623253372987,0.35307340753536987,0.49187640768843893,0.49483720014869564,0.20269838840174062,0.04784938007041176,0.18172355732435327,0.35582427674881373,0.39105202160460084,0.4749207321073233,0.43203516214384113,0.4071024031838359,0.2733987885679299,0.1404823861275721,-0.006092154219410848,0.22034068793597342,0.16271474788965565,0.0013076468916052568,0.43496971419824626,0.19189629780280631,0.27814830202707136,0.3177450744571516,0.3800179309439986,0.2630863090682469,0.28698694539808883,0.08644901707813081,0.3225558155299469,0.30940937219829,0.21589293914412544,0.3656688023441429,0.12633675880346795,0.21895431982681332,0.37554831514727427,0.019435393934092847,0.46215477466051474,0.5486518991493735,0.4690603748004636,0.4623428309024513,0.3091907021495266,0.4283440117207146,0.5594235857514597,0.650639609892633,0.3444450640104659,-0.08130589753121514,0.23467669633290328
0.11596960045665287,0.30281865692856047,0.10260436028077234,0.07671819990815858,0.24425881786971637,0.1581640462705823,0.11963438367846756,0.18465373597778312,0.26934464586385604,0.2492576151844482,0.39240777590693404,0.3683540705429577,0.276219632196978,0.4359843432245085,0.37337910826354115,0.446957206271457,0.5041437974240668,0.48011633246594215,0.38671360783713454,0.2503422186263147,0.11205965318930267,0.6931140801644399,0.3666134569548009,0.09793804852080872,-0.08801906802825217,0.3238157090550022,0.3550108241674138,0.44346285889221754,0.148127252987398,0.482167457523343,0.03741881874439658,0.056762371258008794,0.38335306832704064,0.5991559336117732,0.5063698585204784,0.38934639522424613,0.3581290590627802,0.2524283308915178,0.2824079945769828,0.26867988891561523,0.3809188515449039,0.35574555553125886,1.0,0.16660051890469263,0.3091076075309965,0.4395574118213028,0.5127550239443703,0.33531302617480485,0.13737289803415625,0.33071658174979773,-0.012722223437055827,0.19410465548533817,0.07154446655441604,-0.0699569220003936,0.45300124641927797,0.1651746080339376,0.21626467822702325,0.31866786206293324,0.023109050753318316,0.0460431654676259,0.11105377096499093,0.18772386346242156,0.3105858170606372,0.3749797730204894,0.3649559379851742,0.40898296560320135,0.12370601998644246,0.354997703964488,0.41001946163433994,0.3478716274210247,0.16207824014344754,0.24812298891684476,0.27636395442916184,0.08769106295510704,0.22750238077289492,-0.00433841376746627,0.16409000459207101,0.363731385712099,-0.05500426406595089,0.033718921519319496,0.1603376265552907,0.4024316109422492,0.2959786578032407,0.39530734075353696,0.12476000962148215,0.4386001165515256,0.2690822418053399,0.42008703067940784,0.3013404473989198,0.12400778465373598,0.09923684152981566,0.0019855240427718614,0.06171743456298791,0.4338588703505281,0.49719008987339003,0.13690057072882728,0.35997463427434345,0.3883103237525268,0.10926504996610614,0.3128556121668015
0.6211729924405599,0.0405392846639116,0.12052668925537945,-0.019192691164310487,-0.05985661789229474,-0.09823325340940184,0.27398512386048157,-0.05022200500976631,-0.10370657071420634,0.16130869793880095,0.0894645748667466,-0.21865935433237177,-0.2496340006058659,0.06414911564272673,0.23125913631810233,0.19069579792252758,-0.07250013393559464,-0.19520259255504938,-0.02936741965782042,0.023690738985318423,0.1747591073442554,-0.17027199303763982,-0.0805646941513833,-0.22282964035258435,-0.21718551659228458,-0.16560137674963754,0.20568564615442325,0.3191689654382584,0.18155995180501586,0.07719279831278619,0.34308493482005903,0.040069143545041055,0.396118379476459,-0.22416109877459636,-0.2351274137101116,0.10100161925354187,0.2967487008253297,0.6371155639674534,0.44386569708287565,0.32302849601875383,0.5620307472295101,0.3499927292131383,0.16660051890469263,1.0,0.39829043568985306,0.5254887554274373,0.2146292609273559,0.3787172582246892,0.2532201933265528,0.5811206633585325,0.09335471928754054,0.07182881615190508,-0.04896246415176895,-0.19303119659673101,-0.054066228670112425,-0.20276639781166897,-0.040438696331502086,0.07773728732952465,0.09760129627752469,0.27245880525131116,0.0830859625702565,-0.21201396428470862,-0.21340470731541403,0.27019994117785406,0.21382674097095827,0.24598439350170342,0.14079305153301755,0.07607320643901076,-0.21053793984174296,-0.274267508402415,0.061214560379823146,-0.35928223586240376,-0.11867455191731735,-0.09720550305652205,0.07856832032608149,-0.0627583726120213,0.06697652246458538,0.05720852070647043,0.5893426661815709,-0.11516708050025526,-0.3163590522394275,0.19238611924758306,0.28503672020825704,-0.1289564288518722,-0.039216329422438675,-0.2238530184186185,0.2025324206036729,0.3454662542547103,0.016708596694371247,0.18718613980258703,0.16714063451567415,0.10933951732913899,0.24663821766236524,0.30785496474506685,-0.04992024001253778,0.759966718382644,0.363897972817314,0.1897732167965205,0.27613465279001526,0.6569095984233425
0.41980759201397466,0.1865430451990991,0.11643305416457107,0.17947125582209006,0.103413439461197,0.09363014147952155,-0.04699219347925915,0.11888653211169666,-0.08947978395399182,0.1916074435284599,-0.03290109553694431,-0.12362729876888763,-0.2423607618464499,0.07750103868273163,-0.011156545887909732,0.271706282390501,0.06636635979969824,-0.098248452909405,0.07240602654654392,-0.1593273709300037,-0.1420480636767182,-0.08712689422929741,-0.114574358750082,-0.19340074938319204,-0.1864730707834948,-0.25710596434158983,0.1518094946535173,-0.1241433600839693,-0.08145249552004116,-0.1404561457217205,-0.2868338763639544,0.18708534692003237,0.21033676317692393,0.05691981369311845,0.10968489645973191,0.07024556646476132,0.20365178981434912,0.24725897093875052,0.19951892589272047,0.06436771555400057,0.06970326474382804,0.11280750475607355,0.3091076075309965,0.39829043568985306,1.0,0.157669851960377,-0.055445977564453,-0.10995604732019855,0.07731298244079508,0.0926679932649625,-0.10745008856136976,0.06980822636723448,-0.020480636767182,-0.13298200345498676,-0.023423935623537645,-0.11810806673809889,0.06646257462115414,0.12395093044105748,-0.0031575955041437975,0.09164461743674969,-0.11436880890424439,-0.2476482036255494,-0.18209966980822637,0.16614987645142246,0.06054973650259124,-0.029096236688460782,-0.1844088255231681,0.13978264197152915,0.07174126959830313,-0.07677076465724195,-0.11555837396951739,-0.23352018709443786,-0.005523605431764012,-0.11068640528306838,-0.08680991757228688,0.013977389516957862,-0.16709015766110516,-0.15860575976908442,-0.20505127812643503,-0.03813168310336533,-0.05374472458507358,0.13318317989984912,0.6927554612844679,0.2630075878506921,0.1952767269467101,0.021982924037235195,0.15526885482495462,0.0426362861078918,-0.0462093547046861,0.0033893857558330237,-0.12315497146355864,-0.41685071395770923,-0.030014650893267148,-0.042299534232796136,-0.15282849708075485,0.40277273621832016,0.24083007150510594,-0.10972000362999236,0.0874199120946404,0.1045898843235442
0.13437070517895808,0.2876954363560823,0.0790142354201745,0.26532549036758435,0.46691740832258205,0.12748901183004963,0.3602545319367606,0.3191401893682622,0.4501279219785266,-0.11176663532395968,0.25368349697141984,0.12358356475913494,0.008698694539808883,0.3662460912728783,0.30995604732019855,0.13322254050862653,-0.048881502700575105,0.15414051737333537,0.018000918414204807,-0.019439767335068116,0.04740329317093438,0.14703811418949947,0.050897640550173845,-0.08577779381365015,-0.12457632678052087,0.07654553426075977,0.5586276267739607,0.3771489799042225,0.36913293950836557,0.3107957403074501,0.19005051278126436,-0.05963569569876014,0.4065583592733392,0.1529465789070871,0.06289387942533511,0.2809560254531937,0.6119175176576065,0.3713629704139424,0.5764142485403774,0.5054252039098205,0.729841901554744,0.6245566464761322,0.4395574118213028,0.5254887554274373,0.157669851960377,1.0,0.5695567558111565,0.45387155321335637,-0.01092038223524524,0.5477815923552951,0.20589097111368657,0.34412105573899543,0.2927510878834926,0.30630425750584944,0.311674793903479,0.09415494959655377,0.4044302551879469,0.44657234698563336,0.30020336314534996,-0.004508976405501739,-0.08531193282456102,0.12359231156108548,0.13055039251273753,0.30040016618923704,0.5062867639019484,0.3140889112418272,0.2365441385493429,0.14344317858782882,0.061726181364938446,-0.017434582050022504,0.03306291137302923,-0.04330546380517317,-0.06727602720255407,0.0900089654719993,-0.03644577687542017,-0.061144519035227746,0.12796133913537863,0.22427674881371498,0.27150510594563865,0.22964728521134462,-0.17269685771139928,0.43365332050469046,0.33376046882858457,0.09552382410181277,0.2534385865168048,0.13817119478173484,0.358811309614922,0.30087686689554133,0.09029760993636701,0.44899958452690736,0.5530865277382957,0.2696114233233474,0.2711508604666419,0.270761627779843,0.3277426690866152,0.5320723360521309,0.7133016990662789,0.43674360580770655,-0.06974699875358072,0.5980407163630798
-0.022337169903546953,0.22867201679385973,-0.049694955281975026,-0.14858629813474447,0.07216111609192889,0.012910279678992368,0.1266755592486497,-0.04072948328267477,0.1980888237738077,0.07021932605890971,0.2108591546215915,0.20774966652817564,0.06715794537622181,0.571927139139752,0.33953773151691413,0.22306094334259036,0.207657825107695,0.4284271063392447,0.33030985545909775,0.33741225864293367,0.04715838271631934,0.4659989941177757,0.38520915790164223,-0.12422440382286823,-0.07187684502853645,0.016614568470597137,0.2809953860619711,0.42852332116070063,0.16210903119232012,0.3708906431086134,0.29119415713629704,0.14081039120071723,0.4528792863479193,0.4636461043930813,0.25731779318186787,0.32780389670026894,0.4510113489755308,0.3451794187750104,0.30102556252870044,0.24589884323544203,0.6701143644355033,0.2018543220135138,0.5127550239443703,0.2146292609273559,-0.055445977564453,0.5695567558111565,1.0,0.7274409044193216,0.392814502197634,0.6870919070214953,0.18689729067809582,0.2063851654238919,0.18719468194441408,0.15864074697688657,0.2563294045614572,0.10115239115698323,0.18301371061205746,0.2985852047845007,0.19913406660689686,-0.012866545669239685,-0.12481686383416063,0.09825719971135553,0.08005073145131311,0.3990028645776388,0.4043515339703921,0.3209332837681223,0.09103234130021211,0.3024163040388358,0.2884957687345564,0.27245661854843267,0.14417353655069864,0.018127766862496744,0.11745642999278388,-0.05667927663947869,0.0905251257628034,-0.28714876123417377,0.03542454789967418,0.20493756970107804,0.2626577157726706,0.20138199470818482,-0.13332750213203298,0.5920447836259868,-0.05539349675274977,0.027338129496402876,-0.17116616737005533,0.42010061019968936,0.3245763267805209,0.3971616627670508,0.3841289278607509,0.1110975049747436,0.3387242789355142,0.3042881196562507,0.04559707856814852,0.43419562222562375,0.10085499989066497,-0.008375062867639019,0.24288994336445738,0.6159176662635881,0.26852681988148086,0.609433425903654
0.13054178843876124,0.01011130305482058,-0.045535850954494764,-0.19386849183267368,0.023843782117163412,-0.0771030591939822,0.3013754346067219,-0.1107388860947716,0.1326190111740395,0.20086593339310316,0.05479871422011327,0.1384881152828497,-0.0027902298222212503,0.39098204718899654,0.2758653867179812,0.08739804508976405,0.14112527607093656,0.33733353742537886,0.2744615250049201,0.4907743106426713,0.11834423039076337,0.2105224027464958,0.5476678839299381,-0.15974739208357505,-0.08577113992696421,0.07058676891693545,0.3360477575386499,0.38891342852769456,0.2753255727249822,0.17951061643086746,0.3996195141151517,0.11247512628195316,0.41590870078166686,0.312733156939494,0.11533095711880344,0.3061293214668387,0.1862500273337561,0.4800419846493626,0.19560910542083051,0.2164658546718856,0.7337779624324856,0.04586822942861516,0.33531302617480485,0.3787172582246892,-0.10995604732019855,0.45387155321335637,0.7274409044193216,1.0,0.5484988301152391,0.7532833307821828,0.0831952067525311,0.07227482451728587,-0.013334499573593405,0.15226432835494522,0.19887166254838076,-0.10923443615927926,0.050543395071177104,0.1854584417572325,-0.006590715269729505,0.08695633159126194,-0.019417900330191775,0.05463689838402834,-0.16605366162996654,0.25410771686602085,0.20307887428658897,0.25693293389604427,0.19755089545384968,0.11963875707944283,0.07639894163696398,0.19230739794395824,0.16730445430889332,-0.18380112374671911,0.2678664363342153,-0.20469703264743827,0.0670967911229011,-0.22797664603879206,0.06349303535894689,0.15181386805449257,0.3922328398679233,0.11291246637948,-0.1320504690472546,0.45670114364435505,-0.26449454418228335,-0.2415254422601736,-0.16908880190680284,0.32433833104295595,0.28567055170453304,0.3505455817716647,0.458476744440314,0.16419059281450218,0.11845356541514508,0.2363779493122827,0.11961251667359121,0.4964859723163718,-0.027653014366622205,0.027985392840742602,0.033456517460803394,0.6809633300864866,0.5044630556952614,0.632000174936039
0.3470647340588701,0.12009796418184601,0.25535850954494765,-0.24678227023244625,-0.11015285036408563,0.19449826157311234,0.16753624456058253,-0.18369596116419934,-0.052332116070061885,0.2908748988651024,-0.016072248584111434,0.0511381776038136,0.012914653079967637,0.19402593426778333,0.15554437908639654,0.2652642627539306,0.1105726968577114,0.2995560998010103,0.12255581552994686,0.5442478843672782,0.0670223699459885,0.13100959961514072,0.45309746124073386,-0.1424440122062606,0.08770418315803284,-0.02246181196761961,0.04646301196125167,0.2338282565437012,0.09206893799500156,0.13840502066431962,0.19451138177603813,0.14398110690778684,0.23370824354198608,0.17241258664800682,0.05373597778312304,0.42354639085084517,0.05715597734578295,0.31747392359668497,0.09283855590299797,0.0018630688154643458,0.2612057466488815,-0.08613850560888675,0.13737289803415625,0.2532201933265528,0.07731298244079508,-0.01092038223524524,0.392814502197634,0.5484988301152391,1.0,0.5773632765520107,-0.009529640725109883,0.10097745511797249,0.0013076468916052568,-0.055284161728368066,0.17257440248409175,0.13649384443812732,-0.05068334390238569,0.10949684021779536,-0.018582580743915507,0.11200717237759944,0.14884432879228532,-0.019103015459972447,-0.12446699175613916,0.10735387373991384,0.006280203800485448,0.1746430211453937,0.09345520544051081,0.060392294067481575,0.10604185344733331,0.26143563604095577,0.22285976689772802,-0.2662441956707061,0.29799479565283943,-0.2091666484441626,0.08412245973465016,-0.1464914390675909,0.010548643152347423,0.14110778246703548,0.2523146224661608,-0.037484419759025604,-0.12433141632590584,0.26071155233867616,-0.11987492073210733,-0.20502066431960814,-0.23715641468588047,0.20738252758811415,0.265238022348079,0.23358334608908618,0.5571669108482211,-0.1454549430364523,-0.13216855087358684,0.1905578272943955,0.011694474207867749,0.3850692090704336,-0.26997878900526995,-0.022343705582646346,-0.2212153681310271,0.3659009926539904,0.8742209879512803,0.4482823467669633
0.25887282026739167,0.04302989219566596,0.015424985239771708,-0.06780958212153682,0.11141238984496293,-0.028895060243598433,0.30490039579278827,-0.0745971004351534,0.09352955325709038,0.07730423563884455,0.10160285145743587,-0.04135050622116289,0.009787671382650718,0.23678467560298266,0.2084581574861691,0.21650958868163828,-0.0018893092213159563,0.14538059521987273,0.03789551945070084,0.25718659115260983,0.025807439155058932,0.1855721501825895,0.25550720517810677,-0.289058066801759,-0.3161662767050797,-0.04983277189739908,0.2861866130196147,0.3797380332815814,0.20808445921210225,0.1690538146990007,0.20572478187662635,0.02437296363517089,0.4074898946995665,0.18474557739826375,0.06018674422164396,0.31590824604753887,0.4198377468238175,0.48834269970042204,0.35049747436093676,0.22602610920382235,0.7550283177713148,0.12342174892305001,0.33071658174979773,0.5811206633585325,0.0926679932649625,0.5477815923552951,0.6870919070214953,0.7532833307821828,0.5773632765520107,1.0,0.16884389145218778,0.10448929610111303,0.04394830640047233,0.07933349369136909,0.14105530165533228,-0.1253897793619208,0.124252695108351,0.16692834182502023,0.11530471671295182,0.10161597166036168,0.031567208239487436,0.04131551901336074,-0.1669589556318471,0.17488793160000873,0.2432879228532068,0.2342174892305001,0.07069602676521397,0.051343727449651225,0.011121558680107585,0.02059874111516518,0.06353676936869956,-0.24559734709221465,0.027456211322735125,-0.12874855131092694,0.036918104697169184,-0.2845553344558396,-0.02562375631409766,0.1425597515908246,0.4145196912378911,0.061424416697644924,-0.3254553803765498,0.4162559314250727,-0.04495856202575933,-0.15712317683846844,-0.1547178063020708,0.11606800208618392,0.3898580831383525,0.31293433338435633,0.328831645929457,0.0968489645973191,0.22277229887822264,0.18181102534385865,0.14383678467560299,0.3726487503006713,-0.0049987973147318015,0.23640418971813432,0.1916774179440642,0.4867053931749352,0.4824167413789333,0.9042706260523496
0.12182559076518922,-0.10939187859438892,-0.2130414817082504,-0.12580087905359602,-0.10874898865102448,-0.039806695676893135,-0.0064945004482736,0.0382191511228707,-0.007732172924274562,-0.20951652052218409,0.22224749076119044,0.09882136843716516,-0.0004985677111805995,0.12386346242155212,0.18785943889265488,-0.11651177538212591,-0.28338326299446764,-0.1219697797992609,-0.2785375347138702,-0.08273599965012793,0.05278257637051453,-0.130900264590759,-0.1523080623646979,0.13114969183897524,-0.076105923771621,-0.10858947824182459,0.02290787430845597,0.012612888412674116,-0.04388056666221015,0.014961404736393256,0.1715991340666069,0.42994030307668757,-0.15576759284476394,-0.2752399903785179,-0.12753274583980231,-0.08668955413177057,-0.1204871968686449,0.06385165423891889,0.06336183332968884,0.15544379086396537,0.07455773982637598,0.2548949290415692,-0.012722223437055827,0.09335471928754054,-0.10745008856136976,0.20589097111368657,0.18689729067809582,0.0831952067525311,-0.009529640725109883,0.16884389145218778,1.0,-0.13452581399925653,0.16922437733703616,-0.07822264984365092,-0.042177079005488616,-0.14927292208786164,-0.021692068837331352,0.05696792110384641,0.2291749579060156,-0.2536310161597166,-0.3209332837681223,0.01970654479455949,0.06608646213728106,0.023231505980625834,0.21343071439504932,0.20570291487175002,0.21854759353611336,-0.14550305044718026,-0.18821805777262687,-0.1711663545149331,0.07227919791826114,0.09853939181238731,-0.12531543154534122,0.22082613544422822,-0.15570855186704533,-0.1628873193238722,0.02512081520194179,0.018648181758544533,0.32959261769915377,0.6655704008221994,-0.0913515995714067,0.10855218560713739,0.07043362270669787,-0.18970938750519342,-0.134517067197306,-0.15522747723378244,-0.06258774135706632,0.015459972447573855,-0.0792766394786906,0.23163280925411647,0.5881524567579979,0.3510091622750432,0.18358225273884235,-0.10668036998972251,0.11865474186000743,0.1532527169753559,0.18234895366381668,0.17217005113614972,-0.029551070389888696,0.2643239815442479
0.12022055085239397,0.7549889571625374,0.5321204434628589,0.25447508254794343,0.48224617874089787,0.4600030613806827,0.29064310861341325,0.30493100959961517,0.4995473529990597,0.2196103299731036,0.25161487831011786,0.32621197874527125,0.26825566902101416,0.36986289387942534,0.4223786927904485,0.39206227722988785,0.2253132448448536,0.4580612713476635,0.23231505980625833,0.2312392031663423,0.2752006297697404,0.13667315387811332,0.18122498961317268,0.2523892462327351,0.15091732085456255,0.32291260076619505,0.3423760687498633,0.2922656403752378,0.3548996904724197,0.5145175045374035,-0.13352867857689532,-0.29815661148892436,0.2988785494289572,0.2470096870831602,0.08192692046970326,0.47248474776409877,0.3714854256412499,0.09808663707332006,0.4124816863834161,0.3199405217467364,0.13160875554875248,0.3461065797817673,0.19410465548533817,0.07182881615190508,0.06980822636723448,0.34412105573899543,0.2063851654238919,0.07227482451728587,0.10097745511797249,0.10448929610111303,-0.13452581399925653,1.0,0.6795259233342809,0.3568301589731255,0.5335899061905491,0.6013251404955063,0.62223874395924,0.705792569591743,0.3210513655944545,0.09703264743828038,0.3832717412695983,0.21800966521615533,0.3952242461350069,0.351087883492598,0.5678117688220244,0.446239968511513,0.3580590846471759,0.32155868010758565,0.42701887122520826,0.47516616208526147,0.3947519188296779,-0.05724132124964744,0.19549539699547352,0.32458944698344666,0.32849087980916597,0.2967833635826901,0.38625877413570664,0.42124598193785395,0.07168441538562463,-0.16275611729461414,0.23230193960333254,0.226590277929632,0.10363210950996042,0.1598128184382585,0.2817344908267915,0.27137201392071275,0.2887844131989241,0.32190417878463184,0.35604294679757714,0.07812206162121973,-0.015385624630994292,0.10628676390194836,0.19318186787955655,0.33014366622203756,0.24702718068706128,0.25539787015372506,0.1836609739563972,0.1810589983371207,0.12604578950821105,0.08166451641118716
-0.04324423612457607,0.5963394633837004,0.15390872712164616,0.09074369683584439,0.43786053224289867,0.2769150029520457,0.11631059893726356,0.12238087949093612,0.32252520172312,0.10525901467276028,0.4324856224442938,0.43000153069034136,0.3927182873761781,0.3460759659749404,0.5054908049244495,0.26536485097636175,0.11270254313266712,0.28285845487743544,0.088749425991122,0.12575277164286808,0.3201110843847718,0.06680369989722508,0.10643545953510748,0.4428226398098466,0.27961339135378627,0.2805321122786137,0.3800048107410728,0.3380376549823971,0.36406416223607757,0.48271850604622685,-0.059403905447070915,-0.15892501804027903,0.03365773070537393,0.09343333843563448,0.1742013076468916,0.2928516761059238,0.20090092060090528,-0.18186350615556188,0.18415954166757778,0.24358094071854977,0.0,0.36224005597953246,0.07154446655441604,-0.04896246415176895,-0.020480636767182,0.2927510878834926,0.18719468194441408,-0.013334499573593405,0.0013076468916052568,0.04394830640047233,0.16922437733703616,0.6795259233342809,1.0,0.5322997529028449,0.4136012770330848,0.4300758785069209,0.4769412433578973,0.6250246003804859,0.5575780105398963,-0.032153243970173405,0.23495659399532046,0.44694845946950645,0.4274605847237104,0.2622116288731932,0.5660580350309418,0.504878528787912,0.42843147974022,0.2753580722048501,0.356970107804334,0.268820131661541,0.48095602545319366,0.17977759045033864,0.08065863418687542,0.4682512956200389,0.32501402223240244,0.3754214865189915,0.444464367715554,0.4689029323653539,0.0315584614375369,0.20761846449891758,0.21597603376265553,0.09993221228488335,0.09124663794800027,0.11469244057641424,0.2620366928341825,0.18142855112358172,0.09802540945966631,0.2846384290743697,0.1752684174848571,0.16107673132011108,0.23548577551332794,0.3526929216505215,0.21825894907174564,0.24602129846274956,0.2785375347138702,0.1924252695108351,0.11327545866042728,0.197964398290554,-0.11606568848264853,-0.02028383372329492
-0.27695903977519754,0.2802344142922744,0.019299818503859527,0.41113905228400865,0.650998228772605,0.15720189805602328,0.2505696354770287,0.2590059259583215,0.443926439395596,-0.04520784588134963,0.004911329295226433,0.19903347838446567,0.28831208589359514,0.15443790863965362,0.1627779842994905,0.030373269773239158,-0.07238853294264284,0.2248015569307472,-0.03382388314272594,0.10162909186328749,0.00408912991187597,0.10670661039557412,0.2808685574336883,0.14503744182012324,0.08912991187597034,0.15556422947706647,0.4516848527257222,0.22220375675143775,0.3810439100873788,0.17449869891320985,-0.0870044390019899,-0.13864555771795936,0.036493884338746466,0.2671229581684197,0.30701712186481817,0.16541514508757735,0.2703461546871925,-0.2503728324331416,0.05719971135553563,0.16205199973759593,0.17184404452122193,0.14954844634930353,-0.0699569220003936,-0.19303119659673101,-0.13298200345498676,0.30630425750584944,0.15864074697688657,0.15226432835494522,-0.055284161728368066,0.07933349369136909,-0.07822264984365092,0.3568301589731255,0.5322997529028449,1.0,0.3081017253066847,0.15807220485010168,0.5089414182939362,0.43723076250246,0.38577332662745184,-0.15391310052262142,-0.04148170825042094,0.4158360849314469,0.2137237322603923,-0.021600227416850713,0.27154446655441605,0.10690778684043646,0.23290984233889483,0.018936826222912248,0.24661170759441078,0.1838907785647363,0.16708141085915462,0.17474161372122768,0.12969320592158493,0.16826660252345235,-0.012999948612490127,0.10545581771664735,0.16618049025824932,0.14624652861297588,-0.11086571472305438,0.200537928319958,0.11909208195753428,0.143364457370274,-0.005007544116682338,0.11457873215105727,0.3328945354354814,0.23955548703900856,0.29610548643152346,-0.04813802453477947,0.1982112790011152,0.18135619164243075,0.24854475082547944,0.25376221818897465,0.2465679735846581,-0.03535457348406989,0.0978461000196803,-0.116236251120684,0.06660252345236273,0.2602198292405278,-0.12945704226892044,-0.049100172749338526
-0.027663978115494127,0.5658874723929064,0.5381338698038529,0.19462071680041984,0.5986704861035184,0.7103890140167501,0.4237257002908312,0.44924449498152236,0.7829349893945027,0.24676477662854518,0.39662810784806807,0.5531958627626774,0.5445277820296954,0.4008878003979795,0.5106164308674641,0.33011305241521066,0.4829502962979161,0.6865189914937351,0.25232774266908664,0.39907721239421834,0.32849052065338613,0.4533511184972994,0.5234173755220748,0.5299365090822404,0.22071242701887123,0.6672592631471299,0.630989919310752,0.5791038901401675,0.5040721874357252,0.6753449520019243,0.00870744134175942,-0.20697994795652838,0.03168969811475306,0.4906431086134132,0.5901729680085719,0.7178544094815333,0.23877894644770506,-0.15104414948284534,0.22446043165467625,0.3248605978439133,0.11274190374144454,0.37987798211279,0.45300124641927797,-0.054066228670112425,-0.023423935623537645,0.311674793903479,0.2563294045614572,0.19887166254838076,0.17257440248409175,0.14105530165533228,-0.042177079005488616,0.5335899061905491,0.4136012770330848,0.3081017253066847,1.0,0.7139577092125692,0.6622422426800201,0.6802694015000765,0.3120509063873521,-0.012258642933677373,0.34383678467560297,0.49591743018958695,0.6170212765957447,0.3066759965887472,0.5476853775338392,0.5160875554875248,0.46400909667402856,0.33233036670967175,0.6246484878966128,0.6198427979304375,0.4539371542279854,0.3865456545296034,0.5255472217970305,0.4621766416653911,0.4522626361361914,0.5102665587894426,0.5614353502000831,0.6862259736283921,-0.05042968664582012,0.0777109619295445,0.4933896044258818,0.1582340206861866,0.046642321401237676,0.4685180730795303,0.4463493035358947,0.5005975165618402,0.2475651090070193,0.4104305613260152,0.5326802387876932,0.15425422579869236,0.025921147580415912,0.1835778793378671,0.3239902910498349,0.49877763442741246,0.5070433622706698,0.08476525770265247,0.1421311582952483,0.31399303972492554,0.05651746080339376,0.010706085587457085
-0.11397095402573346,0.6180883864337102,0.6168069799479565,0.05789945551157858,0.312440139074151,0.7351293433338436,0.1437799304629245,0.32619448514137017,0.5885154490389451,0.11277251754827142,0.2264328354945223,0.3532658371782817,0.36977542585991996,0.3211213400100588,0.3421880125079268,0.2583499158120312,0.35590299796636854,0.5300824386083838,0.2264503290984234,0.24222518641621657,0.2954494762852332,0.29141282718506045,0.22335396120793335,0.36770064912296924,0.37606437646235596,0.37491239521615555,0.23037326977323916,0.3296669655157333,0.21982049356083808,0.5520718987120334,-0.015626161684634057,-0.2636023703833286,0.0009271620204702798,0.22432485622444293,0.2452122192823249,0.5136996785550283,0.18920644639303755,-0.22615731123308042,0.10703461546871924,0.07144387833198487,-0.17961120465329863,0.26158623253372987,0.1651746080339376,-0.20276639781166897,-0.11810806673809889,0.09415494959655377,0.10115239115698323,-0.10923443615927926,0.13649384443812732,-0.1253897793619208,-0.14927292208786164,0.6013251404955063,0.4300758785069209,0.15807220485010168,0.7139577092125692,1.0,0.48136275174389365,0.5392140998447442,0.20949028011633247,-0.044184470053136825,0.3268286282827841,0.26171306116201265,0.6094859067153572,0.2669349019264831,0.40688810653604773,0.3590168594607597,0.2611139052284009,0.3269292165052153,0.5005663554262972,0.5190489154503501,0.37527716428680763,0.21886490440294773,0.23022457414008005,0.33889484157354965,0.34820619296143024,0.325800879053596,0.4244954188624784,0.5223109050753318,-0.07429970916883515,-0.028278410706085586,0.27658262447792525,-0.05294001880562419,-0.03272615949793357,0.26405283068378127,0.1801972403839846,0.24561921412099932,0.07248912116507401,0.2079377227701122,0.30768625221403423,-0.11505105945638626,-0.047136515711443006,0.1560604404014782,0.0781964094377993,0.32131376965297065,0.2771205527978833,-0.016164090004592072,-0.013325752771642867,-0.06412943531682051,0.0375543941746299,-0.21629091863287486
0.0905120055455326,0.5699503618989307,0.4788218057772627,0.4924755636220507,0.6369158776322407,0.41933917911263696,0.522166582843148,0.6945441822833527,0.7801491329732566,0.21010255625287005,0.10532898908836456,0.2519822439920404,0.4529618858105005,0.24874592727034178,0.41482145590518466,0.3213662504646739,0.21053552294942163,0.6112571341103409,0.15177013404473988,0.3297937941440161,0.32934333384356346,0.24280684874592728,0.3353567601845575,0.40710940839871307,0.05789945551157858,0.4097968662363498,0.6812315497146356,0.38585642124598196,0.6200177341607149,0.49230062758303994,-0.11017471736896198,-0.18411580765782512,0.13215776186594883,0.3471299556099801,0.4184295117097811,0.5888959349237934,0.42321401237672474,-0.146574533686121,0.28405676674465896,0.43045636439176926,0.14777721895431983,0.35307340753536987,0.21626467822702325,-0.040438696331502086,0.06646257462115414,0.4044302551879469,0.18301371061205746,0.050543395071177104,-0.05068334390238569,0.124252695108351,-0.021692068837331352,0.62223874395924,0.4769412433578973,0.5089414182939362,0.6622422426800201,0.48136275174389365,1.0,0.7083116485534976,0.29963919441954034,-0.1130655354136144,0.1706151188471715,0.40245785134810086,0.5883755002077365,0.1696048632218845,0.5081017253066847,0.37815923552950953,0.4931796811790689,0.20599155933611774,0.507568170387702,0.6014723070484309,0.40913166123636047,0.2714944692819069,0.40442588178697164,0.4199733222540509,0.3559186940137856,0.36771555400056855,0.5487437405698542,0.5695173952023791,-0.08585860794646957,0.0810085062648969,0.4496468478712471,0.17405698541470774,0.11394021560866809,0.4238481555181387,0.5169666090835539,0.33218422097089784,0.36476788174323765,0.26696114233233476,0.5017646672935208,0.20109772364479236,0.041639150685530604,0.04094377993046292,0.3408541252104699,0.10584067700247098,0.4021867004876342,0.10686405283068379,0.2564868469965669,0.2500844613988302,-0.032555596859898096,0.06936651286873237
0.12218421003725792,0.6184207649078306,0.3877850910760753,0.3251186285014542,0.5837790557827295,0.44398766700924974,0.3535632284445999,0.44789311408016447,0.6678227023244626,0.302468784850539,0.3166123636045571,0.5248605978439134,0.33395727187247165,0.4996217008156393,0.5265224902145154,0.45255953292077583,0.28471277689094926,0.4978198596138287,0.3076162777984299,0.29581684196715574,0.2732982003454987,0.23756314097658043,0.2902495025256391,0.3600471890483325,0.24260129890008966,0.4205226438552336,0.573344121055739,0.4162296910192211,0.48566014919902767,0.5219916468041372,0.00928473027049485,0.032559970260873365,0.3230547364532954,0.3623362708009884,0.3283112112134001,0.5722114102031445,0.37641862194135267,0.11168354070542957,0.40247534495200193,0.5152872231090507,0.2822024447311452,0.49187640768843893,0.31866786206293324,0.07773728732952465,0.12395093044105748,0.44657234698563336,0.2985852047845007,0.1854584417572325,0.10949684021779536,0.16692834182502023,0.05696792110384641,0.705792569591743,0.6250246003804859,0.43723076250246,0.6802694015000765,0.5392140998447442,0.7083116485534976,1.0,0.4027158820056417,0.15833023550764252,0.28971157420568106,0.311071264568892,0.5154184251383088,0.4770112177735016,0.6609739563971923,0.48346198421202247,0.4672847740045046,0.43483413876801297,0.5874658328048807,0.5206539553631453,0.47731298244079506,0.09739574620694874,0.31467932037348845,0.4962804224705342,0.36461958476720835,0.399462071680042,0.4638254138330673,0.5032516236251121,-0.02492838555902998,0.17856596182020948,0.2872799632634318,0.38911897837353215,0.22376506089960857,0.340644201963657,0.3610854781220616,0.4129675854101279,0.3448995211125932,0.35314338195097417,0.4768406551354661,0.2578294810959743,0.16914128271850604,0.15987404605191227,0.37117054077103057,0.3336730008090792,0.37941877501038684,0.17874964466117077,0.2552535479215412,0.39435437050861133,0.030884957687345563,0.0937219829000022
-0.0378562002320318,0.20859373291640243,-0.10587566421027311,0.01658393649821784,0.35323959677243005,0.09378321051365594,-0.022671710655791478,0.011519538168857011,0.235323959677243,0.10340906606022174,0.6063458048151145,0.40761409109794233,0.2935470468609914,0.34915921366250463,0.33963394633837,-0.027862937613435088,-0.16509151341540748,-0.04466554416041635,0.00964334915046686,-0.11735146836937745,0.0863659224596007,-0.01776912816251558,-0.03529334587041613,0.22884938974603097,0.13599090332597144,0.3317600006124751,0.29968292842929306,0.33591655550939187,0.08612329286844804,0.33962957293739476,-0.09983599746342743,0.1005882224311736,-0.03003655073863152,-0.16369639850429687,0.12293192801381994,0.1666834313704052,0.13446895978657802,-0.05464564518597888,0.2691522162209442,0.2587872559095581,-0.00020554984583761563,0.49483720014869564,0.023109050753318316,0.09760129627752469,-0.0031575955041437975,0.30020336314534996,0.19913406660689686,-0.006590715269729505,-0.018582580743915507,0.11530471671295182,0.2291749579060156,0.3210513655944545,0.5575780105398963,0.38577332662745184,0.3120509063873521,0.20949028011633247,0.29963919441954034,0.4027158820056417,1.0,0.12207474142266733,0.15990465985873914,0.5065885285692419,0.33424154293586406,0.23782554503509654,0.4446961579672432,0.3455905184666856,0.13724606940587347,0.15004701406048412,0.10626927029804728,-0.09158786336173869,0.21018127747042487,0.3433517125712321,-0.06765651308740242,0.6156567754914609,0.23178175830605607,0.4270232446261836,0.12908092978504734,0.30953182742559754,0.10953182742559751,0.38101943976733504,-0.01964094377993046,0.0416260304826048,0.02598237519406967,0.10428811965625068,0.09956047320198552,0.08193138345042558,0.053770964990925194,0.1788808466904288,-0.03817979051409329,0.13685246331809933,0.49307471955566246,0.5512059653189303,0.5337386018237082,0.20225230150226323,0.14159760337626556,0.19743281362751744,0.16342524764383023,0.12278992673459345,-0.1336423870022523,0.09760556296604055
0.4132234296469086,0.012975880693621395,0.04348472589709387,0.009831405392403403,-0.013080842317027837,-0.13393977826857056,-0.06278454440095341,-0.16175460847127768,-0.082574183814043,0.5731035840020993,0.2678970501410422,0.2084187968773917,0.015687389298287814,0.2620104524283309,0.08503640856311911,0.22585554656578688,0.24744265377971178,-0.08426668999147187,0.4155649340709803,-0.02324025278257637,0.07251098816995036,-0.027128206249589993,-0.08614725241083729,-0.12070818559429225,0.08238175417113118,0.23857584414945504,-0.1103234130021211,0.13964269314032057,-0.06214172240029343,0.13163936935557938,0.2111477990859592,0.18455752115632723,0.5382744071578376,-0.04296429118103693,-0.12085893595154272,-0.007509129474535873,0.041954035555749926,0.45780761409109794,0.4040279022982222,0.2496993286829503,0.2160066475694824,0.20269838840174062,0.0460431654676259,0.27245880525131116,0.09164461743674969,-0.004508976405501739,-0.012866545669239685,0.08695633159126194,0.11200717237759944,0.10161597166036168,-0.2536310161597166,0.09703264743828038,-0.032153243970173405,-0.15391310052262142,-0.012258642933677373,-0.044184470053136825,-0.1130655354136144,0.15833023550764252,0.12207474142266733,1.0,0.48281472086768273,-0.07222234370558264,0.048304213771839674,0.5976908442850583,0.24611751328420547,0.1348625658743522,-0.0020030176466729354,0.5121033871990553,0.13168310336533204,-0.0023616391087450525,0.13719796199514553,-0.2119133759522991,-0.03236754061796156,0.11054645645185979,0.33684408480491235,0.23278738711158733,0.04482298659552601,0.050359712230215826,0.09828781351818242,-0.22006079027355624,-0.10494850320351622,0.3271085259452013,0.09478471933699241,0.0875861013317006,-0.047377052765082764,0.08672026275426971,0.1231331044586823,0.39997813299512364,0.022697951061643087,0.14838074828890688,-0.010727952592333428,-0.061621219741532,0.14630775622662964,0.3434256849839277,-0.10137543460672192,0.16044696157967242,0.12179921716122542,0.18766502773297142,0.15840458332422208,0.1317880649887385
0.2550001694696255,0.36803043887078785,0.31088320832695543,0.04883339528984715,0.13423279613391353,0.25881786971638493,0.17958059084647177,0.02025759331744331,0.16872143622488028,0.41450657103496535,0.37117928757298113,0.33683496971419824,0.43092869169709824,0.10371520412849052,0.291600883426997,0.5068334390238569,0.37045767641206184,0.24199339616452734,0.28717500164002535,0.27791213837440687,0.3612254269532702,0.10362773610898515,0.19622575495834335,0.32730568684903655,0.1491111062517767,0.47494530509453625,0.1384618748769981,0.37876276486409655,0.2850564005341632,0.4629419868360631,0.02409306597275371,-0.3245282193697929,0.2701562071202847,0.14850320351621438,0.1907108963285299,0.36120355994839387,0.08630469484594695,0.10493538300059041,0.20902232621197875,0.23245063523649165,-0.005589206446393037,0.04784938007041176,0.11105377096499093,0.0830859625702565,-0.11436880890424439,-0.08531193282456102,-0.12481686383416063,-0.019417900330191775,0.14884432879228532,0.031567208239487436,-0.3209332837681223,0.3832717412695983,0.23495659399532046,-0.04148170825042094,0.34383678467560297,0.3268286282827841,0.1706151188471715,0.28971157420568106,0.15990465985873914,0.48281472086768273,1.0,0.3545647372679364,0.39323872209223504,0.2820318820931097,0.26795827775469594,0.3782729439548665,0.28747239290634363,0.3337254816207824,0.33704489296101114,0.29261801908790436,0.41335636657846975,0.13892779397768465,0.2656360018368284,0.40428593295576304,0.556489642135473,0.47648203625549407,0.35543941746299007,0.49306159935273663,0.05729155277601627,-0.3974109466226411,0.21205309308783976,-0.03642605672301065,-0.16167151385274758,0.17896831470993418,0.09853272397279744,0.11133597705717994,0.19535544816426495,0.3507729986223787,0.26607771533533053,0.006761277907764973,-0.25279132317246505,-0.08489645973191053,0.25875226870175594,0.3706282390500973,0.18220025803065754,0.05290065819684678,-0.11681354004941943,0.005622013100540306,0.14318952133126325,-0.04290743696835844
-0.29712262701754766,0.25840239662373443,0.02937176094990269,-0.03042575058494238,0.3538781133148193,0.21113030548205813,0.07329382694452341,0.07050797052327742,0.364138112002799,0.07740919726225098,0.49084428505827554,0.5239640506439833,0.8242986158185913,0.18735212437952373,0.43973234786031357,0.07218298309680524,0.1134110340906606,0.3249786796702456,0.05231462246616081,0.19013360739979446,0.19113948962410618,0.2805667927663948,0.392700793772277,0.47816850513739756,0.30624740329317096,0.5950455872886145,0.39844744265377974,0.45141370186525553,0.358697993372318,0.5145656119481314,-0.1287791651177538,-0.20397979488749426,-0.21003062477393847,0.23883142725940829,0.4635192757647985,0.3562135094356126,0.02645032909842339,-0.31960814327261594,0.13433775775732,0.19796636854650018,-0.0650980735168704,0.18172355732435327,0.18772386346242156,-0.21201396428470862,-0.2476482036255494,0.12359231156108548,0.09825719971135553,0.05463689838402834,-0.019103015459972447,0.04131551901336074,0.01970654479455949,0.21800966521615533,0.44694845946950645,0.4158360849314469,0.49591743018958695,0.26171306116201265,0.40245785134810086,0.311071264568892,0.5065885285692419,-0.07222234370558264,0.3545647372679364,1.0,0.6003148848702193,-0.06262272856486847,0.25969254991143864,0.4506658502984846,0.3092388095602545,0.12844241324265815,0.29151341540749165,0.28112252205579996,0.3407316699831624,0.6301793424369541,0.3077868404364654,0.5977302048938357,0.3017431301997498,0.5144693971266756,0.37754695939297195,0.5228050993855372,-0.07150073254466335,0.1962213815573681,0.31498545844175724,-0.09313594716931622,-0.1886860116769806,0.15068553060287332,0.13436837156414685,0.19494893502114713,0.040646388664144675,0.19668933546172182,0.23100741291465307,0.1624893398351228,0.1715728936607553,0.3894513568476526,0.5579672432266952,0.30027771096192957,0.46246091272878354,-0.1312064026590278,-0.12786512431392272,0.17005988285842843,-0.0975137215455599,-0.034121274409044194
-0.03764409005282044,0.5061162012639129,0.3425597515908246,0.1397214143578754,0.301751547090595,0.4068181321204435,0.17763880081345257,0.4093459578841486,0.5450219763399007,0.28037436312348296,0.45356978854606284,0.5774682381754171,0.7498545844175724,0.39747217423629483,0.6114145765454506,0.37192276573877675,0.40759659749404126,0.5689313594716932,0.3237541273971704,0.30018586954144894,0.48941855634033804,0.45067022369945986,0.30183026830814985,0.593593616577312,0.3747304891648991,0.6273781760496371,0.30285801753733793,0.5592792635192758,0.37036623993182133,0.7766635323959677,0.036574752356169776,-0.08757298112877479,0.06638829939027759,0.27191620563731383,0.4523583564759135,0.44822549255428484,0.1877457304672979,-0.25452318995867135,0.20482823467669634,0.3294351752640441,-0.18054711246200608,0.35582427674881373,0.3105858170606372,-0.21340470731541403,-0.18209966980822637,0.13055039251273753,0.08005073145131311,-0.16605366162996654,-0.12446699175613916,-0.1669589556318471,0.06608646213728106,0.3952242461350069,0.4274605847237104,0.2137237322603923,0.6170212765957447,0.6094859067153572,0.5883755002077365,0.5154184251383088,0.33424154293586406,0.048304213771839674,0.39323872209223504,0.6003148848702193,1.0,0.32364916577376396,0.4926242592552098,0.6105005357416194,0.46033981325577833,0.41376309286916974,0.5404342787168441,0.5374434600640199,0.5543723076250247,0.5803334503222842,0.3204871968686449,0.6434716056941681,0.5348172299069802,0.4722004767007063,0.5994970588878441,0.7175045374035118,-0.09438673984824299,0.1397738951695786,0.39699110012901534,-0.03342590365397651,-0.018337670289300473,0.3850735824714089,0.12139249087052546,0.1904246467655976,0.13193238722092235,0.3935711005663554,0.33150379392534607,0.011335855327895739,0.13979138877347969,0.2288994336445737,0.3727099779143251,0.18729089676587,0.5070433622706698,-0.035157770440182805,0.07419037414445344,0.04864757893726961,-0.12174236294854694,-0.16700706304257507
0.4029590463353815,0.41673263213137696,0.20000437340097527,0.005514858629813474,0.11269379633071658,0.11502919245150992,0.04650237257002909,0.04543526273206359,0.19021670201832455,0.5375172202663401,0.3635389560691872,0.5114648706566661,0.03731823052196541,0.7754214865189915,0.534110340906606,0.44205025037720586,0.5557061949224815,0.317246506745971,0.7495834335571057,0.23301917736327654,0.41411733834816644,0.3003126981697317,0.15512890599374604,0.13257542211573614,0.14127834510507095,0.30897018321308534,0.16626358487677942,0.48749425991122,0.1164069410323464,0.4725241083728762,0.3417550458113752,0.24439001989897444,0.6272557206884428,0.22735999650127922,0.14015875445540224,0.2460694058734775,0.23263431807745294,0.4894841573549671,0.4321838577770003,0.4095996151407142,0.34580481511447375,0.39105202160460084,0.3749797730204894,0.27019994117785406,0.16614987645142246,0.30040016618923704,0.3990028645776388,0.25410771686602085,0.10735387373991384,0.17488793160000873,0.023231505980625834,0.351087883492598,0.2622116288731932,-0.021600227416850713,0.3066759965887472,0.2669349019264831,0.1696048632218845,0.4770112177735016,0.23782554503509654,0.5976908442850583,0.2820318820931097,-0.06262272856486847,0.32364916577376396,1.0,0.70411318361724,0.5511184972994249,0.23397257877588507,0.838875161269161,0.5188909055126719,0.27955902949769557,0.4641402987032866,-0.028538659266881185,0.122232183857777,0.22183639106951522,0.5442222389872696,0.20226104830421376,0.307681878813059,0.369075681703877,0.14259911219960203,0.05387592661433163,0.0712601954910236,0.5138658677920885,0.16335089982725065,0.23947431720277274,0.03357459928713564,0.3258887033837895,0.17835166517242132,0.6636067437843038,0.24031838359099955,0.18541470774747984,0.18095383875270604,0.04702718068706129,0.08367190745883536,0.5057357153790645,0.1091469681397739,0.2702718068706129,0.28942292974131334,0.36067258607157426,0.1298331547527935,0.21723557324353282
0.2618532962907431,0.5694780345936017,0.32235026568410924,0.11606568848264853,0.36832345673613087,0.29314469397126675,0.2094727865124314,0.220952964072511,0.47761912050906385,0.2901707813080842,0.5002252301502264,0.5799698235332706,0.27594848133651134,0.6806236469790733,0.6418753143381951,0.36517898143491284,0.36215258796002714,0.43704707966149875,0.4261048304213772,0.19403905447070915,0.5080973519057095,0.28126653692243775,0.13946775710130985,0.33262156154659134,0.21670639172552536,0.411270703976437,0.44358531411952506,0.5567120771467932,0.37206749477126916,0.6018630688154644,0.17425378845859482,0.025571275502394436,0.39385361554944226,0.2225448820275087,0.26585029848461655,0.4189543198268133,0.3288622597362839,0.2363210950996042,0.49706326124510725,0.47575167829262427,0.36350834226236034,0.4749207321073233,0.3649559379851742,0.21382674097095827,0.06054973650259124,0.5062867639019484,0.4043515339703921,0.20307887428658897,0.006280203800485448,0.2432879228532068,0.21343071439504932,0.5678117688220244,0.5660580350309418,0.27154446655441605,0.5476853775338392,0.40688810653604773,0.5081017253066847,0.6609739563971923,0.4446961579672432,0.24611751328420547,0.26795827775469594,0.25969254991143864,0.4926242592552098,0.70411318361724,1.0,0.683763748879316,0.37928757298112875,0.5825326365047779,0.4535216811353349,0.3086487378899506,0.5612822811659487,0.09609028458850355,0.0852725722157836,0.41341322079114823,0.488172670806387,0.32455008637466926,0.5136428243423499,0.5336642540071287,0.22111040650762065,0.22955981719183924,0.14280466204543962,0.30364085631191096,0.20963022894754105,0.238468434978461,0.22572434453652884,0.18582819731505862,0.18040279022982222,0.4796265115567121,0.23080186306881548,0.19812818438258512,0.3103365332050469,0.2332640878178916,0.25399838184163914,0.45676674465898404,0.32148870569198135,0.31991428134088473,0.31594760665631627,0.26382132888136395,-0.0634361811462684,0.25943451925389777
0.32166180671971156,0.5816229691019221,0.3153571975246551,-0.0666200170562638,0.19380726421901992,0.2210754192998185,0.2020773654632525,0.11511228707004002,0.3092563031641556,0.46050162909186326,0.5180818263322473,0.6125341671951193,0.5491767072664058,0.5763442741247732,0.9452843803984168,0.4257855721501826,0.4371695348888063,0.520797708337889,0.42632787387111587,0.5109269423367081,0.7275283724388271,0.3446808510638298,0.44233452144059826,0.5594373176156474,0.3162100107148324,0.5060380333234676,0.43620738667424724,0.7590343530646607,0.4731915693860052,0.7880693621394678,0.25119065841551685,0.02891255384749951,0.2556233797899888,0.23447114648706566,0.31666921781723556,0.5674181627342503,0.196676215258796,0.21328639216286546,0.39513240471452626,0.48846078152675426,0.17266187050359713,0.43203516214384113,0.40898296560320135,0.24598439350170342,-0.029096236688460782,0.3140889112418272,0.3209332837681223,0.25693293389604427,0.1746430211453937,0.2342174892305001,0.20570291487175002,0.446239968511513,0.504878528787912,0.10690778684043646,0.5160875554875248,0.3590168594607597,0.37815923552950953,0.48346198421202247,0.3455905184666856,0.1348625658743522,0.3782729439548665,0.4506658502984846,0.6105005357416194,0.5511184972994249,0.683763748879316,1.0,0.5374297522468348,0.48422295598171916,0.44196715575867573,0.4349417626358492,0.7749185454068356,0.31750488454774456,0.3614484704030089,0.4801119590649669,0.6656148625825222,0.43976296166714046,0.6770724453871553,0.7763180337189215,0.26755155146399595,0.16295292033850123,0.310240318383591,0.15267105464564518,-0.007587850692090704,0.18620191992302815,0.05889221753296451,0.16086479725447203,0.13822133782335833,0.6462793291202904,0.44775316524895586,0.16134350877960246,0.12611576392381535,0.38255887691062956,0.44093065972753714,0.562655529072183,0.4256893573287267,0.3335549189827469,0.0934027246288076,0.2824564108116652,0.16723447989328902,0.23166779646191862
0.3348541851855068,0.4297041394240231,0.36968358443943933,0.18720342874636461,0.32642190199208415,0.16046008178259824,0.6866808073298201,0.45321554306706613,0.46289825282631036,0.38484616562069496,0.20104524283308914,0.33695742494150577,0.4166714045177232,0.1673875489274234,0.5846799763836348,0.40362117600752223,0.35616102862390936,0.4440095340141261,0.17316043821477772,0.5673831755264481,0.6053486693927532,0.10270057510222824,0.4272681550807986,0.6841209290429938,0.24222955981719185,0.36262093833628894,0.5313113642824342,0.5257177844350659,0.6956776537556953,0.5222715444665544,0.3034090660602217,0.023948743740569853,0.17239309482975343,0.1427434344317859,0.23850342218626314,0.3909864205899718,0.04358968752050032,0.07350375019133629,0.21800966521615533,0.599151560210798,0.16519210163783868,0.4071024031838359,0.12370601998644246,0.14079305153301755,-0.1844088255231681,0.2365441385493429,0.09103234130021211,0.19755089545384968,0.09345520544051081,0.07069602676521397,0.21854759353611336,0.3580590846471759,0.42843147974022,0.23290984233889483,0.46400909667402856,0.2611139052284009,0.4931796811790689,0.4672847740045046,0.13724606940587347,-0.0020030176466729354,0.28747239290634363,0.3092388095602545,0.46033981325577833,0.23397257877588507,0.37928757298112875,0.5374297522468348,1.0,0.2249808663707332,0.41896306662876387,0.4387531857530183,0.6832214471583827,0.34141429382090976,0.5517526404408388,0.4857055389123352,0.5424116490038984,0.4086593339310315,0.7771139926964203,0.6808773042356389,0.22685705538912335,0.1094793466138943,0.6100107148323894,0.17120990137980802,-0.06363298419015548,0.22406245216592682,0.4712864358968752,0.30822889093728484,0.20462268483085871,0.5209245369661717,0.5267061730554766,0.44525595329207757,0.11961251667359121,0.3244757385580897,0.4765170234632962,0.2564693533926658,0.5394021560866809,0.28043559073713675,0.29202510332159803,0.523654111712403,0.1377839977258315,0.11270254313266712
0.23939367102600195,0.4596269488968096,0.21654894929041568,0.05379283199580154,0.11001290153287704,0.13413220791148237,0.030386389976164965,0.09361264787562047,0.20015744243510966,0.4609914500010934,0.273906103081061,0.5011217773501564,0.24728083794362687,0.700806892479937,0.5062867639019484,0.4977061511884717,0.6919638757079443,0.3952373663379327,0.7943889265487306,0.23752815376877828,0.40939406529487654,0.3828956287857252,0.25684109247556364,0.2127727501835369,0.2648487896612801,0.37891187478087285,0.13926220725547223,0.47373991384400077,0.13783881594420777,0.5159169928494894,0.23760250158535787,0.19418775010386827,0.4789207309275904,0.3229013142069931,0.26556165402024884,0.19598959130567886,0.1400800332378474,0.28104786687367433,0.29824407950842974,0.31864162165708165,0.19127069165336424,0.2733987885679299,0.354997703964488,0.07607320643901076,0.13978264197152915,0.14344317858782882,0.3024163040388358,0.11963875707944283,0.060392294067481575,0.051343727449651225,-0.14550305044718026,0.32155868010758565,0.2753580722048501,0.018936826222912248,0.33233036670967175,0.3269292165052153,0.20599155933611774,0.43483413876801297,0.15004701406048412,0.5121033871990553,0.3337254816207824,0.12844241324265815,0.41376309286916974,0.838875161269161,0.5825326365047779,0.48422295598171916,0.2249808663707332,1.0,0.6532592770768187,0.35807915645771166,0.4469134722617043,0.14495872051649838,0.21414357875401807,0.25022851020095777,0.5702308830237637,0.22018761890183902,0.37059762524327045,0.42541383306728475,-0.04336227066978636,-0.02094421727056045,0.18691915768297215,0.3702739935711006,0.14231484113620957,0.29232686798889157,0.07584789311408016,0.3129827829950735,0.07396733069471474,0.5722901314206993,0.22657715772670617,0.05903653976514837,0.060073035796286985,0.016653910913822133,0.07303579628698258,0.4622291224770943,0.17439811069077868,0.10722267171065579,0.16048194878747457,0.29844558225902057,0.08230303295357635,0.06048850888893748
0.06645171377375314,0.6137937066759966,0.37206271456998535,0.23741881874439658,0.41982462662089176,0.35634908486584593,0.2787562047626337,0.358811309614922,0.43859963700771903,0.45056526207605346,0.19181736677527278,0.5098598324987427,0.480505565152741,0.5061818022785419,0.5232468128840393,0.5987010999103453,0.7449651221272222,0.6992149745249393,0.6605191226957644,0.5020751787627649,0.38233583346089084,0.6118475432420022,0.5543198268133214,0.4925701302949854,0.185156677089939,0.4561549672598638,0.41847761912050907,0.5365463252498305,0.450058439634696,0.609630228947541,-0.019802759616015395,-0.015547440467079223,0.2753474397537669,0.7270123111237454,0.6972994248977717,0.5503400319258271,0.3133585532789574,-0.07988016881327764,0.10527213487568608,0.3303973234786031,0.06026546543919879,0.1404823861275721,0.41001946163433994,-0.21053793984174296,0.07174126959830313,0.061726181364938446,0.2884957687345564,0.07639894163696398,0.10604185344733331,0.011121558680107585,-0.18821805777262687,0.42701887122520826,0.356970107804334,0.24661170759441078,0.6246484878966128,0.5005663554262972,0.507568170387702,0.5874658328048807,0.10626927029804728,0.13168310336533204,0.33704489296101114,0.29151341540749165,0.5404342787168441,0.5188909055126719,0.4535216811353349,0.44196715575867573,0.41896306662876387,0.6532592770768187,1.0,0.7715693638557933,0.5712361417856596,0.39364587877598783,0.6497780499005051,0.35173514683693774,0.5912276040628099,0.3609892633006057,0.5106164308674641,0.5947781592355295,-0.2799326496249809,-0.0993155627473705,0.6502110165970567,0.4399466445081017,0.11028405239334368,0.6788130589753122,0.39586276267739606,0.7357949047640627,0.40590409131661237,0.5756270363648291,0.6180927598346855,0.07398045089764055,-0.17578885220091403,-0.10334783844656797,0.15803721764229953,0.3136340775403993,0.37933130699088147,-0.09214755854890555,0.0884301677199274,0.4302316046356299,0.08086418403271305,-0.09855459097767379
0.10301787194216602,0.5703030442187531,0.5079645185593976,0.15413412579454863,0.29564878927746047,0.40561151692696273,0.3171222115440127,0.4204942167178135,0.5016362004291123,0.45652889345208175,0.06332910206330135,0.3934031547564779,0.48118178170392595,0.3282262887608714,0.478039489667568,0.47094582552981895,0.6349572882264058,0.9110831942049072,0.49309056558006076,0.7341395706850626,0.3904161186244911,0.5828656522555498,0.7117499199124325,0.4767411094030513,0.27235603021602317,0.43956711982488866,0.41110670126055193,0.42496602410427986,0.4855688385752303,0.5972650907102591,0.005674493969623528,-0.14423273516084714,0.191238309326954,0.7166896817148909,0.5982469203026911,0.6940223196766954,0.20975728691413,-0.13575270139814963,0.0288010636122973,0.19645557330441135,-0.011788515217819054,-0.006092154219410848,0.3478716274210247,-0.274267508402415,-0.07677076465724195,-0.017434582050022504,0.27245661854843267,0.19230739794395824,0.26143563604095577,0.02059874111516518,-0.1711663545149331,0.47516616208526147,0.268820131661541,0.1838907785647363,0.6198427979304375,0.5190489154503501,0.6014723070484309,0.5206539553631453,-0.09158786336173869,-0.0023616391087450525,0.29261801908790436,0.28112252205579996,0.5374434600640199,0.27955902949769557,0.3086487378899506,0.4349417626358492,0.4387531857530183,0.35807915645771166,0.7715693638557933,1.0,0.5827497570029909,0.2876129706609754,0.758820886074327,0.21859375324601774,0.48344773446400574,0.2874224130486652,0.5369558253221216,0.5735043772328298,-0.1590017264020176,-0.17940585096099915,0.6471394099623491,0.29637477463311174,-0.051770190647721405,0.5025196283920133,0.24766378131236658,0.6453360856663656,0.3426738346789071,0.43216683668307376,0.8308727459198357,-0.021204457812500715,-0.3827036175721357,-0.11420274453085102,0.08608611891951409,0.3106495710237485,0.3071136724692663,-0.24341501761950393,-0.1137719640637929,0.3873967055098413,0.31063426410359923,-0.0809495538579936
0.3909234336922956,0.5447858126872362,0.43927751415888566,-0.05070521090726203,0.13739913844000787,0.18956069187203428,0.3060506002492839,0.17494478581268724,0.2690035205877851,0.6141085915462159,0.3238809560254532,0.5530121799217161,0.45555968598980995,0.41036496031138614,0.8012464192779515,0.516188143709956,0.49810413067722115,0.5865692856049507,0.4794690691216024,0.7291509042006517,0.8173711486737661,0.25518794690691216,0.4664844416260305,0.7276800503820693,0.41884935820340685,0.45276776450111744,0.4016006647569482,0.6391812993374297,0.6075425942390571,0.6340600467953904,0.2487852878791192,0.053044980429030636,0.26229501027219354,0.257400887800398,0.35728936607552864,0.5347401106470446,0.06413592530231134,0.1019177363276552,0.1549277295488837,0.44362467472830247,0.023528897246944087,0.22034068793597342,0.16207824014344754,0.061214560379823146,-0.11555837396951739,0.03306291137302923,0.14417353655069864,0.16730445430889332,0.22285976689772802,0.06353676936869956,0.07227919791826114,0.3947519188296779,0.48095602545319366,0.16708141085915462,0.4539371542279854,0.37527716428680763,0.40913166123636047,0.47731298244079506,0.21018127747042487,0.13719796199514553,0.41335636657846975,0.3407316699831624,0.5543723076250247,0.4641402987032866,0.5612822811659487,0.7749185454068356,0.6832214471583827,0.4469134722617043,0.5712361417856596,0.5827497570029909,1.0,0.2666487357032226,0.5163412127440904,0.49746124073385667,0.7925376577574195,0.5129212131814306,0.8313922722004767,0.774013251404955,0.1314425663116923,0.07380114145765454,0.5625112068399991,0.1049922372132689,-0.12377162100107149,0.2633530865277383,0.2068793597340972,0.271083369140755,0.1827163193457392,0.6031182348953664,0.6062976974043865,0.11097067634646082,-0.16487284336664407,0.22097483107738733,0.38312741903741443,0.3827031991428134,0.3512059653189303,0.13100085281319018,-0.07057357153790646,0.3113777430822782,0.22797664603879206,0.0137368524633181
-0.2489542082049555,0.06847878734209265,-0.07355849812877298,0.08022575520522082,0.2062979229603942,0.07105253663004907,0.04170261059525639,0.2430257845071367,0.29960234808173,0.09518717629969642,0.3496931509187882,0.35371231080941173,0.6629361515563994,0.09674410874916538,0.32850618672931525,0.03198271630046772,0.28924393654642877,0.32931964020010523,0.13062488314814302,0.17865799857656323,0.2587175643630205,0.4753760855615944,0.3594217920250908,0.5770102928217026,0.17095861774147864,0.46014838981957495,0.33336504052527033,0.4503558312261676,0.21252369841835608,0.49357601361908054,-0.08916718327527501,-0.0017515490056525804,-0.290296058026411,0.27406603186698486,0.5813765075953132,0.20422711533448534,-0.10119404910684703,-0.4320072073729456,-0.18688000139960154,0.10198126214309537,-0.31029532515743674,0.16271474788965565,0.24812298891684476,-0.35928223586240376,-0.23352018709443786,-0.04330546380517317,0.018127766862496744,-0.18380112374671911,-0.2662441956707061,-0.24559734709221465,0.09853939181238731,-0.05724132124964744,0.17977759045033864,0.17474161372122768,0.3865456545296034,0.21886490440294773,0.2714944692819069,0.09739574620694874,0.3433517125712321,-0.2119133759522991,0.13892779397768465,0.6301793424369541,0.5803334503222842,-0.028538659266881185,0.09609028458850355,0.31750488454774456,0.34141429382090976,0.14495872051649838,0.39364587877598783,0.2876129706609754,0.2666487357032226,1.0,0.40920645645916354,0.569843836614275,0.34868108871681947,0.42722270147485847,0.37393056562372357,0.5427812017903594,-0.19718374536294106,0.2412567418784564,0.5415413412582682,-0.1340186460155248,-0.09572073180204252,0.4531307571789431,0.2379570072348487,0.3217583734411525,-0.11480408782242962,0.19076139900888162,0.17293758384649185,0.12366460788598051,0.13671703736755386,0.3153378619951831,0.41609238382345815,0.11744562489961853,0.5935958032801905,-0.17636633395992912,0.018143073782646017,0.13608522902457637,-0.2768737583629373,-0.26523393894085406
0.1922680372921458,0.3618683168966347,0.3864905643873959,0.1535413614397236,0.23700771905272136,0.2057160350746758,0.4276967483763749,0.3791432507489449,0.3813430714395049,0.4824779689925871,0.022610483042137718,0.31062080426843935,0.47653889046817255,0.18529662592114757,0.4463405567339441,0.3570444556209136,0.5241433600839693,0.7118278629376135,0.3533751722026634,0.7654195184885526,0.4046008178259824,0.4077802803350025,0.8377030898077891,0.5163242836637795,0.17419693424591634,0.4334963520331821,0.5299293695742494,0.4646651068203188,0.5628398272945431,0.46420589971791565,0.011335855327895739,0.034650455927051675,0.06277586623504904,0.5970304607377928,0.6308324768756424,0.6300102774922919,0.013050228510200958,-0.08026502809910127,-0.046913472261704316,0.3012267389735628,-0.005335549189827469,0.0013076468916052568,0.27636395442916184,-0.11867455191731735,-0.005523605431764012,-0.06727602720255407,0.11745642999278388,0.2678664363342153,0.29799479565283943,0.027456211322735125,-0.12531543154534122,0.19549539699547352,0.08065863418687542,0.12969320592158493,0.5255472217970305,0.23022457414008005,0.40442588178697164,0.31467932037348845,-0.06765651308740242,-0.03236754061796156,0.2656360018368284,0.3077868404364654,0.3204871968686449,0.122232183857777,0.0852725722157836,0.3614484704030089,0.5517526404408388,0.21414357875401807,0.6497780499005051,0.758820886074327,0.5163412127440904,0.40920645645916354,1.0,0.20889987098467122,0.449450536234482,0.37560954276092806,0.5154577857470862,0.5634558614506571,-0.1249743062692703,-0.061468150707397605,0.762476219632197,0.23929500776278673,-0.10424001224552273,0.45203035140276837,0.37165598827928537,0.6586064798570335,0.28242548818088387,0.43768559620388797,0.8012639128818526,0.16754936476350835,-0.35767422536135224,-0.03574817957184404,0.28985152303688966,0.30242505084078636,0.30971113686558355,-0.14099407404167852,-0.1053377358903151,0.5196130847929947,0.33079967636832786,-0.08438477181780411
0.024775343613038375,0.3513240471452625,0.16588309899193107,0.16238875161269162,0.3710437121427478,0.2132382847521375,0.20353370798801687,0.2805755395683453,0.42482342393562356,0.29569001333887296,0.5311714154512256,0.5717696967046424,0.5427346876298353,0.21013317005969692,0.4643283549452232,0.2516279985130437,0.1750628676390195,0.15348888062802038,0.15643217948437602,0.09316656097614309,0.31908333515558374,0.07782029695392623,0.06001180818263323,0.6549874865931695,0.27556362205068774,0.522980607225835,0.3397607749666528,0.3527935098729527,0.3223965388868767,0.4725590955806783,-0.1097286304694846,0.04157792307187685,-0.04056552509845321,-0.030062758303995102,0.24117994358312742,0.27345126937963304,0.0266427587413352,-0.12580087905359602,0.16859023419562222,0.44597756445299686,-0.20502066431960814,0.43496971419824626,0.08769106295510704,-0.09720550305652205,-0.11068640528306838,0.0900089654719993,-0.05667927663947869,-0.20469703264743827,-0.2091666484441626,-0.12874855131092694,0.22082613544422822,0.32458944698344666,0.4682512956200389,0.16826660252345235,0.4621766416653911,0.33889484157354965,0.4199733222540509,0.4962804224705342,0.6156567754914609,0.11054645645185979,0.40428593295576304,0.5977302048938357,0.6434716056941681,0.22183639106951522,0.41341322079114823,0.4801119590649669,0.4857055389123352,0.25022851020095777,0.35173514683693774,0.21859375324601774,0.49746124073385667,0.569843836614275,0.20889987098467122,1.0,0.5316727511677438,0.6866676871268942,0.5054514443156721,0.5694999015984781,-0.062167894863440556,0.22295160831820865,0.40436902757429316,-0.10036517898143492,-0.021337823358334607,0.32343049572500054,0.2609345957884149,0.1323086443645631,0.042264547024993986,0.25121689882136844,0.14870437996107674,0.2558264634493013,0.20172749338523102,0.28140211235267104,0.6635149023638233,0.17598565524480111,0.49760118956506527,0.0815070739760775,0.11912706916533643,0.06545239055829344,-0.22848396055192322,-0.11001290153287704
0.3345221720980781,0.4637493863567819,0.37800001968055186,0.003968865724418768,0.13834831771489073,0.16094570526097532,0.3242115022760048,0.1865935433225223,0.28798876909418836,0.6585124516332593,0.3298947430571422,0.462290855536844,0.44340867618127594,0.3438371606102519,0.6568767978801655,0.5580115873388866,0.662995192534118,0.48494728406064724,0.5784353922237743,0.5238465415657081,0.7072649923086953,0.27991108866112885,0.35982195865185035,0.6794421277516952,0.17643849515491855,0.5447673236258197,0.35680649538244347,0.6193529764856608,0.4759298417481397,0.627111398298464,0.18521810721196613,-0.08617577373753127,0.2414887964155527,0.2156373309543295,0.37103099760687547,0.4638324810661637,0.030762536094282776,0.04177039838448888,0.11172739687242565,0.4033242257160856,-0.004425886626018506,0.19189629780280631,0.22750238077289492,0.07856832032608149,-0.08680991757228688,-0.03644577687542017,0.0905251257628034,0.0670967911229011,0.08412245973465016,0.036918104697169184,-0.15570855186704533,0.32849087980916597,0.32501402223240244,-0.012999948612490127,0.4522626361361914,0.34820619296143024,0.3559186940137856,0.36461958476720835,0.23178175830605607,0.33684408480491235,0.556489642135473,0.3017431301997498,0.5348172299069802,0.5442222389872696,0.488172670806387,0.6656148625825222,0.5424116490038984,0.5702308830237637,0.5912276040628099,0.48344773446400574,0.7925376577574195,0.34868108871681947,0.449450536234482,0.5316727511677438,1.0,0.597881740921987,0.7163835433119055,0.774630747885648,0.039152915038963114,-0.18212392263893443,0.5446420859399353,0.019724059963778122,-0.15526902458847333,0.39636832385968,0.2495727729252688,0.26053718601645715,0.05472005283077425,0.6412724861394205,0.4516919066849113,0.04623345895944134,-0.2478365308397655,0.05773770280305959,0.34515792914884635,0.4460261595268017,0.3901077935186272,0.11815411663224205,-0.010535534468457095,0.19234040878268305,0.08488780574211383,-0.019476962538511278
0.0891475029493688,0.3465526666812447,0.31951192845116005,0.03270866589403249,0.33620957337473484,0.3102097045767641,0.15551813868054493,0.15379939209726443,0.318842798101944,0.3825807439155059,0.4604272812752837,0.5290240755723689,0.4431217336161466,0.12116507401981151,0.4325949574686755,0.11578141741925609,0.2504428068487459,0.20551048522883822,0.20551048522883822,0.19744156042946798,0.3871640681375872,-0.013583783429183705,0.1607705932518423,0.6978774768514338,0.3707813080842317,0.6539816032690744,0.428204062889506,0.3670989044630557,0.47616767200359966,0.4148870569198137,-0.1040082219938335,-0.2450329098423389,-0.1816865820632409,0.05741838140429905,0.32169862893879425,0.4417222453040607,-0.02906999628260917,-0.23657912575714504,0.08758172793072533,0.32894535435481403,-0.2739629572937395,0.27814830202707136,-0.00433841376746627,-0.0627583726120213,0.013977389516957862,-0.061144519035227746,-0.28714876123417377,-0.22797664603879206,-0.1464914390675909,-0.2845553344558396,-0.1628873193238722,0.2967833635826901,0.3754214865189915,0.10545581771664735,0.5102665587894426,0.325800879053596,0.36771555400056855,0.399462071680042,0.4270232446261836,0.23278738711158733,0.47648203625549407,0.5144693971266756,0.4722004767007063,0.20226104830421376,0.32455008637466926,0.43976296166714046,0.4086593339310315,0.22018761890183902,0.3609892633006057,0.2874224130486652,0.5129212131814306,0.42722270147485847,0.37560954276092806,0.6866676871268942,0.597881740921987,1.0,0.5603288797533402,0.5716384946753843,-0.11600446086899477,-0.05438324112746277,0.5856727384050207,-0.14340819138002667,0.04385209157901642,0.40587785091076073,0.46250027333756094,0.22696882527054882,-0.003529334587041613,0.335951542717194,0.2611357722332772,0.2624084319170803,-0.1663510528962848,0.07635958102818657,0.4731013973016116,0.346753843126107,0.40929785047342065,0.21780411537031774,-0.029992783888390807,0.008598115718134765,-0.16522271544466555,-0.3095187072226717
0.27053888012401656,0.5412914653079968,0.4781570488290219,0.10545144431567208,0.22800288644464367,0.18682731626249152,0.4860510375893814,0.3915943233255341,0.47428658896590936,0.4804355907371367,0.24512475126281952,0.4044302551879469,0.5405698541470775,0.23519275764798495,0.6978286064157793,0.4068093853184929,0.47090595001202684,0.5828562681769478,0.3242570685093263,0.598320614025497,0.8137106120574665,0.2164658546718856,0.41685071395770923,0.7627416443354195,0.4313616583936498,0.5047828658712272,0.4823511403643043,0.605099385537163,0.6997755349499437,0.6212678489427303,0.3118059959327371,-0.08389057750759879,0.1079597078128259,0.20180184120181058,0.32679364107498193,0.4806455139839496,0.09954735299905972,0.0002711508604666419,0.15908683387636396,0.4659989941177757,0.005729155277601627,0.3177450744571516,0.16409000459207101,0.06697652246458538,-0.16709015766110516,0.12796133913537863,0.03542454789967418,0.06349303535894689,0.010548643152347423,-0.02562375631409766,0.02512081520194179,0.38625877413570664,0.444464367715554,0.16618049025824932,0.5614353502000831,0.4244954188624784,0.5487437405698542,0.4638254138330673,0.12908092978504734,0.04482298659552601,0.35543941746299007,0.37754695939297195,0.5994970588878441,0.307681878813059,0.5136428243423499,0.6770724453871553,0.7771139926964203,0.37059762524327045,0.5106164308674641,0.5369558253221216,0.8313922722004767,0.37393056562372357,0.5154577857470862,0.5054514443156721,0.7163835433119055,0.5603288797533402,1.0,0.8417528591108876,0.14362248802781483,0.03542892130064945,0.643764623559511,-0.0037348844328792285,-0.055467844569329336,0.3323128731057707,0.39687301830268307,0.1955874522616597,0.11900024053705364,0.561807089282981,0.46882858454877435,0.22123723513590343,-0.08777415757363714,0.2857755133279395,0.37087314950471234,0.3849161400362992,0.5182130283615053,0.22469659530734076,0.10902013951149112,0.28085793100750533,0.016155343202641535,-0.03839846056285671
0.20254335411806526,0.5548271413264525,0.4273031422886007,0.08132339113511622,0.3120902669961295,0.29864205899717916,0.4276967483763749,0.3894032494369246,0.5415757363713892,0.46552229341147144,0.4751219085521856,0.549832717412696,0.6938225711224334,0.40238787693249656,0.766224224268002,0.4529225252017231,0.5131967374428724,0.6660733419343553,0.38833613959895913,0.6084100500754411,0.7640287769784173,0.43362270669786357,0.5160394480767969,0.7062940962306558,0.2977498851982244,0.6638348864394495,0.564400516061315,0.7656032013295139,0.6090361123050505,0.8215433732041723,0.21843825851173165,-0.13843563447114648,0.10503827276719314,0.29890446305569524,0.4681025999868798,0.6584242636286108,0.17331350724891212,-0.041381120027989764,0.18679670245566465,0.44024403577441995,0.032555596859898096,0.3800179309439986,0.363731385712099,0.05720852070647043,-0.15860575976908442,0.22427674881371498,0.20493756970107804,0.15181386805449257,0.14110778246703548,0.1425597515908246,0.018648181758544533,0.42124598193785395,0.4689029323653539,0.14624652861297588,0.6862259736283921,0.5223109050753318,0.5695173952023791,0.5032516236251121,0.30953182742559754,0.050359712230215826,0.49306159935273663,0.5228050993855372,0.7175045374035118,0.369075681703877,0.5336642540071287,0.7763180337189215,0.6808773042356389,0.42541383306728475,0.5947781592355295,0.5735043772328298,0.774013251404955,0.5427812017903594,0.5634558614506571,0.5694999015984781,0.774630747885648,0.5716384946753843,0.8417528591108876,1.0,0.09795106164308674,0.08999584526907349,0.55144650237257,0.021936979291946383,-0.1332444075135029,0.3699766023047823,0.3025387592661433,0.3132167602030695,0.1550501847761912,0.6277229887822265,0.5558111565458879,0.13378233583346089,0.0003892326867988892,0.3247031554088037,0.41217992171612255,0.4714963591436881,0.5806170868776104,0.17145481183442304,0.1175920054230172,0.3252807999835755,0.10793553606962454,0.08208436290481293
0.3260745731284592,-0.06596838031094882,0.0407251098816995,-0.24513349806477006,-0.24474426537797117,-0.10694277404823861,0.1702433797642737,-0.22509894819706544,-0.12857361527191621,0.011646366797139795,0.14600161815836085,-0.11011348975530821,-0.11810806673809889,0.06650193522993156,0.2085018914959218,-0.12153681310270932,-0.16501716559882793,-0.06033106645382782,-0.15199317749447858,0.12500492007609718,0.25152303688963723,-0.12215783604119744,0.002733375609542761,-0.1053050505183662,-0.01663641730992106,-0.02224751508552978,0.0018936826222912247,0.27313638450941374,0.07576050792738989,0.1616846340556734,0.6619929588244298,-0.0388839080711115,0.1311190779986767,-0.28930484791498107,-0.31604819487874747,-0.020550611182786293,0.014427849817410509,0.35706194922481466,0.17590256062627102,0.13296888325206097,0.33381732304126305,0.2630863090682469,-0.05500426406595089,0.5893426661815709,-0.20505127812643503,0.27150510594563865,0.2626577157726706,0.3922328398679233,0.2523146224661608,0.4145196912378911,0.32959261769915377,0.07168441538562463,0.0315584614375369,-0.11086571472305438,-0.05042968664582012,-0.07429970916883515,-0.08585860794646957,-0.02492838555902998,0.10953182742559751,0.09828781351818242,0.05729155277601627,-0.07150073254466335,-0.09438673984824299,0.14259911219960203,0.22111040650762065,0.26755155146399595,0.22685705538912335,-0.04336227066978636,-0.2799326496249809,-0.1590017264020176,0.1314425663116923,-0.19718374536294106,-0.1249743062692703,-0.062167894863440556,0.039152915038963114,-0.11600446086899477,0.14362248802781483,0.09795106164308674,1.0,0.007565983687214362,-0.25077081192189105,0.05126500623209639,-0.17160788086855744,-0.4223480789836216,-0.26754280466204544,-0.23150186033761222,0.006048413548796221,0.19655813343246376,0.03493910039141939,0.08107410727952592,0.2532855174826704,0.42576370514530626,0.12572653123701646,0.35478340731669983,-0.0898558964378649,0.37441997769565505,0.016500841879687738,0.20483501873469934,0.28992149745249396,0.47607530996479414
-0.12425064425740984,-0.11549714635586364,-0.21988585423454549,-0.08738055148586298,0.02918370470796615,-0.07266843060506002,-0.154639085084516,0.06874986333121952,0.1453587282149964,-0.13128075047560736,0.2641446721042619,0.2697776125604076,0.13134635149023638,0.297124488858761,0.1805995932737093,-0.2454308893310883,-0.33048041809713324,-0.05283505718221775,-0.17379458135619164,-0.06453390479106076,0.06568848264853164,-0.06530362336270801,-0.03598871662548381,0.08436518375416006,0.11450875773545298,0.04290311047553512,0.1526535610417441,0.04914390675909121,-0.08263550177729216,-0.007745293127200368,0.04312610701712186,0.5935054995517264,-0.12524996747286954,-0.2051212525420393,0.005217467363495222,-0.07687126894229297,-0.15885067022369945,0.01967593098773261,0.09767116398066956,0.17004657672038662,0.029091863287485514,0.28698694539808883,0.033718921519319496,-0.11516708050025526,-0.03813168310336533,0.22964728521134462,0.20138199470818482,0.11291246637948,-0.037484419759025604,0.061424416697644924,0.6655704008221994,-0.16275611729461414,0.20761846449891758,0.200537928319958,0.0777109619295445,-0.028278410706085586,0.0810085062648969,0.17856596182020948,0.38101943976733504,-0.22006079027355624,-0.3974109466226411,0.1962213815573681,0.1397738951695786,0.05387592661433163,0.22955981719183924,0.16295292033850123,0.1094793466138943,-0.02094421727056045,-0.0993155627473705,-0.17940585096099915,0.07380114145765454,0.2412567418784564,-0.061468150707397605,0.22295160831820865,-0.18212392263893443,-0.05438324112746277,0.03542892130064945,0.08999584526907349,0.007565983687214362,1.0,-0.0973344121055739,0.05472436640353371,-0.012621635214624652,-0.1824276748813715,-0.08025628129715073,-0.039181342176383194,-0.15973409722070367,-0.061420043296669655,-0.11388773479696486,0.2466948022129409,0.6347947781592356,0.47653014366622204,0.20950777372023355,-0.08139336555072052,0.15563622050687717,-0.03224945879162931,0.13250967614965778,0.1782206580008697,-0.1518969626730227,0.0689466663751066
0.07404394616779279,0.3822046314316328,0.3586626139817629,0.18816557696092368,0.3080230040891299,0.23276552010671098,0.35515077299862235,0.39644879840808206,0.35735934049113294,0.40404102250114804,0.08623034702936738,0.3143163280925412,0.44698782007828386,0.03772495681266537,0.38412455445977567,0.2847565109007019,0.5076818788130589,0.5471080886051037,0.2789136471977433,0.507909295663773,0.40690122673897355,0.2791104502416304,0.4803000153069034,0.7764938187381024,0.21492204412761584,0.43538785002305663,0.48163827600533554,0.3097811112811878,0.5728264993405048,0.3813474448404802,-0.10379392534604535,-0.09212131814305395,-0.13460686908983258,0.4735737246069406,0.5985524042771861,0.43608930484791497,-0.04834357438061709,-0.3010911635433295,-0.1125669677024338,0.3018477619120509,-0.2294810959742844,0.08644901707813081,0.1603376265552907,-0.3163590522394275,-0.05374472458507358,-0.17269685771139928,-0.13332750213203298,-0.1320504690472546,-0.12433141632590584,-0.3254553803765498,-0.0913515995714067,0.23230193960333254,0.21597603376265553,0.11909208195753428,0.4933896044258818,0.27658262447792525,0.4496468478712471,0.2872799632634318,-0.01964094377993046,-0.10494850320351622,0.21205309308783976,0.31498545844175724,0.39699110012901534,0.0712601954910236,0.14280466204543962,0.310240318383591,0.6100107148323894,0.18691915768297215,0.6502110165970567,0.6471394099623491,0.5625112068399991,0.5415413412582682,0.762476219632197,0.40436902757429316,0.5446420859399353,0.5856727384050207,0.643764623559511,0.55144650237257,-0.25077081192189105,-0.0973344121055739,1.0,0.12713039295007764,0.008169513021801404,0.6360980516498655,0.6499048785287879,0.5950127867454374,0.12758522665150554,0.38575583302355076,0.5383262994467648,0.2731844919201417,-0.3553825632503116,-0.08658021910738886,0.30890643108613414,0.1527235354573484,0.5187334630775623,-0.040029739126631825,0.00981391178850233,0.32316625830009726,-0.07438717718834051,-0.37978614069230937
0.20485469906060555,0.22510332159804072,-0.016597056701143646,0.15184885526229472,0.2757254378867727,-0.031020533117578884,0.14641709125101135,0.03545078830552579,0.09764929697579322,0.2830333909164462,0.06878922393999694,0.17315606481380244,-0.03822789792482124,0.4342437296363517,0.19486562725503487,0.3094793466138943,0.21647022807286087,0.24683475104414948,0.3747567295707507,0.22527825763705145,-0.0848570991231331,0.3121383744068575,0.22721130086812008,-0.16178977257206384,-0.12515361570925632,0.006385172405125512,0.25254203931687474,0.22746495812468567,0.21844505745028195,0.1508823336467604,0.1522949421617721,0.2771992740154381,0.5839349499631205,0.530086812009359,0.21544685224464805,0.24490170781308085,0.47682753493254026,0.4926373794581356,0.4683781242483217,0.4202182327086659,0.6431873346307756,0.3225558155299469,0.4024316109422492,0.19238611924758306,0.13318317989984912,0.43365332050469046,0.5920447836259868,0.45670114364435505,0.26071155233867616,0.4162559314250727,0.10855218560713739,0.226590277929632,0.09993221228488335,0.143364457370274,0.1582340206861866,-0.05294001880562419,0.17405698541470774,0.38911897837353215,0.0416260304826048,0.3271085259452013,-0.03642605672301065,-0.09313594716931622,-0.03342590365397651,0.5138658677920885,0.30364085631191096,0.15267105464564518,0.17120990137980802,0.3702739935711006,0.4399466445081017,0.29637477463311174,0.1049922372132689,-0.1340186460155248,0.23929500776278673,-0.10036517898143492,0.019724059963778122,-0.14340819138002667,-0.0037348844328792285,0.021936979291946383,0.05126500623209639,0.05472436640353371,0.12713039295007764,1.0,0.26366359799698236,0.29394939975071616,0.209026699612954,0.6680639698064059,0.5276814414729615,0.5181780411537031,0.4055410990356651,0.4524851851041963,0.23618551966937087,0.015271916205637314,0.12181233736415123,0.3029804727646454,0.12874417790995168,0.1782423301480396,0.4386389976164965,0.7726233546432147,0.2483129605737902,0.4207299206227723
0.3095824600190563,0.22616605803503095,0.11145175045374035,0.37125800879053594,0.2707266405720408,0.18638122936301416,0.038866414467210425,0.2579912969320592,0.04957687345564278,0.016072248584111434,0.03301917736327655,-0.05259014672760272,-0.19103015459972447,0.03753252716975356,-0.009551507729986223,0.228790098620192,0.05875226870175592,-0.08556996348210186,-0.03239378102381317,-0.27995014322888195,-0.19136253307384488,0.025632503116048196,-0.24182283352649186,-0.09310980856515216,-0.012564781001946164,-0.16713407440703876,0.1624062452165927,-0.09115916992849489,0.030333942330103118,-0.009687083160219545,-0.14658765388904682,0.10045264700094028,0.16897965163646544,0.1289322341518882,0.0956593995320461,0.0577857470862216,0.3300168375937548,0.1306247403293171,0.3249218254575671,0.19058844110122236,0.10360149570313354,0.30940937219829,0.2959786578032407,0.28503672020825704,0.6927554612844679,0.33376046882858457,-0.05539349675274977,-0.26449454418228335,-0.11987492073210733,-0.04495856202575933,0.07043362270669787,0.10363210950996042,0.09124663794800027,-0.005007544116682338,0.046642321401237676,-0.03272615949793357,0.11394021560866809,0.22376506089960857,0.02598237519406967,0.09478471933699241,-0.16167151385274758,-0.1886860116769806,-0.018337670289300473,0.16335089982725065,0.20963022894754105,-0.007587850692090704,-0.06363298419015548,0.14231484113620957,0.11028405239334368,-0.051770190647721405,-0.12377162100107149,-0.09572073180204252,-0.10424001224552273,-0.021337823358334607,-0.15526902458847333,0.04385209157901642,-0.055467844569329336,-0.1332444075135029,-0.17160788086855744,-0.012621635214624652,0.008169513021801404,0.26366359799698236,1.0,0.4673678686230347,0.38045527104152543,0.06463456368174654,0.16657846974699875,0.034969714198246266,-0.10018149614047364,0.1939778268570554,0.13878550654916796,-0.2071067765848112,0.012980254094596664,-0.07944720211672607,0.12803131355098293,0.5251448689073057,0.5584483173339748,-0.009763628352358018,-0.13540486759528547,0.058691041088102164
0.09317540965150618,0.3819072401653146,0.2643021145393715,0.43273927970085935,0.48910367147011874,0.2861603726137631,0.2558614506571035,0.48231177975552686,0.3802934552054405,0.31801622531761825,0.13160438214777723,0.18520915790164222,0.28675078174542434,0.0973344121055739,0.23579191358159673,0.429035009074807,0.5283986792329055,0.39985567776781616,0.30174717368961973,0.16590059259583215,0.09958671360783714,0.4696813977389517,0.21687258096258555,0.4395644525209298,0.0598631125494741,0.2517594758037365,0.4442588178697164,0.3163455861450657,0.38528392696872754,0.3608930484791498,-0.23576567317574512,-0.09767553738164483,0.10290405075780873,0.594021560866808,0.6813802453477947,0.43381950974175065,0.3957752946578907,-0.20935470468609915,0.09324090879272266,0.31690538146990005,-0.054737486606459516,0.21589293914412544,0.39530734075353696,-0.1289564288518722,0.2630075878506921,0.09552382410181277,0.027338129496402876,-0.2415254422601736,-0.20502066431960814,-0.15712317683846844,-0.18970938750519342,0.1598128184382585,0.11469244057641424,0.11457873215105727,0.4685180730795303,0.26405283068378127,0.4238481555181387,0.340644201963657,0.10428811965625068,0.0875861013317006,0.17896831470993418,0.15068553060287332,0.3850735824714089,0.23947431720277274,0.238468434978461,0.18620191992302815,0.22406245216592682,0.29232686798889157,0.6788130589753122,0.5025196283920133,0.2633530865277383,0.4531307571789431,0.45203035140276837,0.32343049572500054,0.39636832385968,0.40587785091076073,0.3323128731057707,0.3699766023047823,-0.4223480789836216,-0.1824276748813715,0.6360980516498655,0.29394939975071616,0.4673678686230347,1.0,0.6247097155102665,0.577980558025053,0.3763530209267237,0.3616933808576239,0.33974765476372704,0.1702433797642737,-0.1744637117054077,-0.2300758785069209,0.2231396645601452,0.037961120465329866,0.4439045723907196,0.09071745642999278,0.3421705189040257,0.18679909339309825,-0.22282915309090115,-0.1954735299905972
0.13679794537405715,0.3832761146705736,0.344912641315519,0.5751809494653517,0.695152085018915,0.3016728258730402,0.5429883448864009,0.5603944807679692,0.4999671994926855,0.1272003673656819,0.039981631715903874,0.11685290065819684,0.12984627495571932,-0.06533423716953489,0.11100566355426297,0.2336095864949378,0.2201482582930616,0.2088211497671164,0.004369027574293149,0.06376418621941353,0.10786556165402025,0.00848439789202073,0.09771927139139752,0.4665221256066789,-0.011226520303514028,0.23050035041927405,0.6705254641271785,0.11713279832061403,0.5814071214356118,0.12286632699919092,-0.20394918108066737,-0.19942708447223984,-0.028628314084898358,0.2848177385143557,0.4004810741072795,0.32197852660121146,0.23206140254969276,-0.15730248627845445,0.1901554744046708,0.4625877413570663,0.10081563928188755,0.3656688023441429,0.12476000962148215,-0.039216329422438675,0.1952767269467101,0.2534385865168048,-0.17116616737005533,-0.16908880190680284,-0.23715641468588047,-0.1547178063020708,-0.134517067197306,0.2817344908267915,0.2620366928341825,0.3328945354354814,0.4463493035358947,0.1801972403839846,0.5169666090835539,0.3610854781220616,0.09956047320198552,-0.047377052765082764,0.09853272397279744,0.13436837156414685,0.12139249087052546,0.03357459928713564,0.22572434453652884,0.05889221753296451,0.4712864358968752,0.07584789311408016,0.39586276267739606,0.24766378131236658,0.2068793597340972,0.2379570072348487,0.37165598827928537,0.2609345957884149,0.2495727729252688,0.46250027333756094,0.39687301830268307,0.3025387592661433,-0.26754280466204544,-0.08025628129715073,0.6499048785287879,0.209026699612954,0.38045527104152543,0.6247097155102665,1.0,0.44622296278586376,0.23047385799567033,0.192700793772277,0.21164199339616452,0.508267914543745,-0.06068093853184929,-0.1316218757516783,0.2530143666222038,0.009162275043187335,0.45532352233714546,0.3342677833417157,0.49761868316896635,0.26636227762614334,-0.2748551310926942,-0.1727624587260283
-0.035971301680045656,0.31844954019124255,0.1599070213937032,0.14057656794804924,0.41099080600799315,0.22273755520071392,0.2356806495383639,0.19178477595600446,0.30843662771073926,0.37309743182702737,0.14513147004389734,0.3531700084955518,0.2551423051567259,0.3604539157837275,0.23602396189028332,0.28258105287573787,0.48364182244220205,0.5668349334535034,0.4566229216758559,0.4579305699971795,0.04829333307095785,0.5238421681599512,0.5713395413831468,0.2379583607582619,0.02181017450983625,0.31249767662565137,0.46824087406915443,0.32112169110873,0.3612458971942385,0.3462425337765663,-0.05534763655689447,0.01618597470641748,0.25389397540831254,0.75933038784501,0.6194338844921641,0.4863095999539326,0.25751925118562025,0.006905607690200811,0.09974426509842298,0.25606509377143927,0.23807727589316444,0.12633675880346795,0.4386001165515256,-0.2238530184186185,0.021982924037235195,0.13817119478173484,0.42010061019968936,0.32433833104295595,0.20738252758811415,0.11606800208618392,-0.15522747723378244,0.27137201392071275,0.18142855112358172,0.23955548703900856,0.5005975165618402,0.24561921412099932,0.33218422097089784,0.4129675854101279,0.08193138345042558,0.08672026275426971,0.11133597705717994,0.19494893502114713,0.1904246467655976,0.3258887033837895,0.18582819731505862,0.16086479725447203,0.30822889093728484,0.3129827829950735,0.7357949047640627,0.6453360856663656,0.271083369140755,0.3217583734411525,0.6586064798570335,0.1323086443645631,0.26053718601645715,0.22696882527054882,0.1955874522616597,0.3132167602030695,-0.23150186033761222,-0.039181342176383194,0.5950127867454374,0.6680639698064059,0.06463456368174654,0.577980558025053,0.44622296278586376,1.0,0.39454242695615954,0.4831520009974253,0.6315635253590242,0.3105555427999744,-0.11408466257541378,-0.0455599544728733,0.1449040529445367,0.32360141217291233,0.3177301149442267,-0.1311125178900413,0.16047119073634783,0.6889324286204732,0.16577831862238881,-0.0023988130576790023
0.2301526646615977,0.3602457851348101,0.2190680282521703,0.38903151035402683,0.44717587632022043,0.09425116441800967,0.43177275808532506,0.34190374144453434,0.26876298353414535,0.19173427215674269,0.009966980822636723,0.05274758916271238,0.12280509938553716,0.15619601583171153,0.17379458135619164,0.41772976755373814,0.14835888128403052,0.2898952570466423,0.20082219938335047,0.29363014147952154,-0.028737617808488772,0.23925564715400932,0.2691390960180184,0.026054564796941945,-0.09587369617983425,0.023028168013142728,0.3017340534866939,0.3185541536375763,0.44287949408468674,0.19165992434016313,0.022680457457742012,-0.0576326780520872,0.44690740078682417,0.4694889680960399,0.3150204456495594,0.40593033172246396,0.779615578054274,0.22899127506505434,0.2897771752203101,0.4197459054033369,0.3831842732500929,0.21895431982681332,0.2690822418053399,0.2025324206036729,0.15526885482495462,0.358811309614922,0.3245763267805209,0.28567055170453304,0.265238022348079,0.3898580831383525,-0.06258774135706632,0.2887844131989241,0.09802540945966631,0.29610548643152346,0.2475651090070193,0.07248912116507401,0.36476788174323765,0.3448995211125932,0.053770964990925194,0.1231331044586823,0.19535544816426495,0.040646388664144675,0.13193238722092235,0.17835166517242132,0.18040279022982222,0.13822133782335833,0.20462268483085871,0.07396733069471474,0.40590409131661237,0.3426738346789071,0.1827163193457392,-0.11480408782242962,0.28242548818088387,0.042264547024993986,0.05472005283077425,-0.003529334587041613,0.11900024053705364,0.1550501847761912,0.006048413548796221,-0.15973409722070367,0.12758522665150554,0.5276814414729615,0.16657846974699875,0.3763530209267237,0.23047385799567033,0.39454242695615954,1.0,0.3941265224902145,0.4540333690494413,0.1763617677286742,0.03782117163412128,-0.0970982484529094,0.1630272681550808,0.0369727318449192,0.010719205790382892,0.13655944545275633,0.2928341825020227,0.39434125029134054,0.30707397607749665,0.33864993111893466
0.38426929683311856,0.449808663707332,0.31526098270319913,-0.06314753668190068,0.135527322822593,0.0861035184010846,0.2925586582405808,0.1282980910104743,0.21189127725175483,0.5840283396383198,0.3698104130677221,0.3748092103824539,0.3579759900286458,0.4994773785834554,0.6426056723010649,0.47134329010955367,0.5407010561763356,0.47279088583236756,0.5700465767203866,0.48832520609652097,0.520522184076447,0.35622225623756315,0.4058078764951565,0.37443132058289263,0.06135006888106536,0.37660052983833253,0.34284402265421704,0.7257965056526208,0.4558947496173262,0.6050425313244845,0.31427259408278846,0.023896262928866634,0.4356349474483235,0.32836369202510335,0.30797927007937725,0.4600817825982375,0.3435962476219632,0.3509610548643152,0.40907918042465724,0.49042006516367453,0.34462837025212656,0.37554831514727427,0.42008703067940784,0.3454662542547103,0.0426362861078918,0.30087686689554133,0.3971616627670508,0.3505455817716647,0.23358334608908618,0.31293433338435633,0.015459972447573855,0.32190417878463184,0.2846384290743697,-0.04813802453477947,0.4104305613260152,0.2079377227701122,0.26696114233233476,0.35314338195097417,0.1788808466904288,0.39997813299512364,0.3507729986223787,0.19668933546172182,0.3935711005663554,0.6636067437843038,0.4796265115567121,0.6462793291202904,0.5209245369661717,0.5722901314206993,0.5756270363648291,0.43216683668307376,0.6031182348953664,0.19076139900888162,0.43768559620388797,0.25121689882136844,0.6412724861394205,0.335951542717194,0.561807089282981,0.6277229887822265,0.19655813343246376,-0.061420043296669655,0.38575583302355076,0.5181780411537031,0.034969714198246266,0.3616933808576239,0.192700793772277,0.4831520009974253,0.3941265224902145,1.0,0.4958124685661805,0.2885001421355317,0.051938509982287724,0.1730248627845444,0.2904550523714767,0.5709431239203167,0.3385318492926024,0.3827600533554919,0.29520456583061816,0.566491621101584,0.27209551507729984,0.33990947059981197
0.28823805322233365,0.40307887428658895,0.46903850779558726,0.07048610351840108,0.2414729614484704,0.31471868098226585,0.4477356716450548,0.3007937722770112,0.39491373466576285,0.4892742341081542,0.0263103802672148,0.3130392950077628,0.3499814130458551,0.3032778640309637,0.49861581859132753,0.4363123482976537,0.47551114123898447,0.7888040935033128,0.39442391375653274,0.8821805777262688,0.38530099932212286,0.4689335461721808,0.7978351665172422,0.38549166374218197,0.13901292339988192,0.35568690350866805,0.5081979401281407,0.5406966827753602,0.6073960851461997,0.5325184229516083,0.13296888325206097,-0.03849467538431261,0.26943896857614735,0.6440270276180271,0.5356016706391725,0.7949924558833177,0.23984605628567054,0.06775272790885832,0.07620651199405218,0.314574358750082,0.22996217008156392,0.019435393934092847,0.3013404473989198,0.016708596694371247,-0.0462093547046861,0.09029760993636701,0.3841289278607509,0.458476744440314,0.5571669108482211,0.328831645929457,-0.0792766394786906,0.35604294679757714,0.1752684174848571,0.1982112790011152,0.5326802387876932,0.30768625221403423,0.5017646672935208,0.4768406551354661,-0.03817979051409329,0.022697951061643087,0.26607771533533053,0.23100741291465307,0.33150379392534607,0.24031838359099955,0.23080186306881548,0.44775316524895586,0.5267061730554766,0.22657715772670617,0.6180927598346855,0.8308727459198357,0.6062976974043865,0.17293758384649185,0.8012639128818526,0.14870437996107674,0.4516919066849113,0.2611357722332772,0.46882858454877435,0.5558111565458879,0.03493910039141939,-0.11388773479696486,0.5383262994467648,0.4055410990356651,-0.10018149614047364,0.33974765476372704,0.21164199339616452,0.6315635253590242,0.4540333690494413,0.4958124685661805,1.0,0.11270254313266712,-0.2935164330541646,0.007513502875511141,0.24643677155540006,0.3896831470993418,0.2393125013666878,-0.07587413351993177,-0.08871881218429511,0.5878710151443621,0.5895169578622816,0.2130327349062999
0.1354356294807718,0.1530165533226914,0.04061577485731779,0.19712667555924865,0.33275021320329756,0.02058559839058844,0.26471321423104677,0.14126959830312041,0.24412761584045833,0.06672935208064551,0.12694671010911635,0.12286195359821565,0.05097198836675341,0.044372526295073364,0.14860816513962083,0.05642999278388839,-0.07826638385340359,-0.053014366622203754,-0.039299381163762,-0.002641534189062124,0.020931097067634647,-0.1674006691303492,0.002449104546150314,0.18702869719533735,-0.12449323216199078,0.06686281391490506,0.4770724453871553,0.10931753077780937,0.40487459805691917,-0.003634296210448055,0.12795696573440335,0.13730729701952724,0.1818483980762475,0.0723797861406923,0.04111871596947366,0.12943080186306882,0.19823314600599157,0.30727077912138373,0.36579563097242573,0.5705057838227898,0.4115326583717828,0.46215477466051474,0.12400778465373598,0.18718613980258703,0.0033893857558330237,0.44899958452690736,0.1110975049747436,0.16419059281450218,-0.1454549430364523,0.0968489645973191,0.23163280925411647,0.07812206162121973,0.16107673132011108,0.18135619164243075,0.15425422579869236,-0.11505105945638626,0.20109772364479236,0.2578294810959743,0.13685246331809933,0.14838074828890688,0.006761277907764973,0.1624893398351228,0.011335855327895739,0.18541470774747984,0.19812818438258512,0.16134350877960246,0.44525595329207757,0.05903653976514837,0.07398045089764055,-0.021204457812500715,0.11097067634646082,0.12366460788598051,0.16754936476350835,0.2558264634493013,0.04623345895944134,0.2624084319170803,0.22123723513590343,0.13378233583346089,0.08107410727952592,0.2466948022129409,0.2731844919201417,0.4524851851041963,0.1939778268570554,0.1702433797642737,0.508267914543745,0.3105555427999744,0.1763617677286742,0.2885001421355317,0.11270254313266712,1.0,0.41033871990553455,0.14273468762983535,0.4177166473508124,0.26501060549736505,0.46517242133344994,0.3711136865583521,0.5427696748376375,0.5091103508677147,-0.17601189565065273,0.15897312545100697
-0.13352882457074805,-0.07119459447639456,-0.29555443790863967,0.0060265465439198794,0.17787496446611709,-0.08112658809122915,-0.010618617567951717,0.025785572150182588,0.16733069471474493,-0.2971507292646126,0.34969714198246266,0.1524173973890796,0.044044521221928236,0.28756423432682426,0.10120049856771118,-0.2044433753908727,-0.33060287332444077,-0.24218145240646388,-0.18841486081651396,-0.3350025147055608,-0.11254510069755745,-0.03531521287529247,-0.24368590234195622,-0.13241360610272954,-0.07691062955107039,-0.010106940704277437,0.07745730467297894,0.13064223393321817,-0.0951281353219778,0.09341147143075813,0.225352605453631,0.3228794472021167,0.06920039929198697,-0.24178347291771446,-0.15341890621241608,-0.18482867201679387,0.17119240777590694,0.17570138418140868,0.35861887997201025,0.27099779143250746,0.3310664538278192,0.5486518991493735,0.09923684152981566,0.16714063451567415,-0.12315497146355864,0.5530865277382957,0.3387242789355142,0.11845356541514508,-0.13216855087358684,0.22277229887822264,0.5881524567579979,-0.015385624630994292,0.23548577551332794,0.24854475082547944,0.025921147580415912,-0.047136515711443006,0.041639150685530604,0.16914128271850604,0.49307471955566246,-0.010727952592333428,-0.25279132317246505,0.1715728936607553,0.13979138877347969,0.18095383875270604,0.3103365332050469,0.12611576392381535,0.11961251667359121,0.060073035796286985,-0.17578885220091403,-0.3827036175721357,-0.16487284336664407,0.13671703736755386,-0.35767422536135224,0.20172749338523102,-0.2478365308397655,-0.1663510528962848,-0.08777415757363714,0.0003892326867988892,0.2532855174826704,0.6347947781592356,-0.3553825632503116,0.23618551966937087,0.13878550654916796,-0.1744637117054077,-0.06068093853184929,-0.11408466257541378,0.03782117163412128,0.051938509982287724,-0.2935164330541646,0.41033871990553455,1.0,0.605751022282478,0.24212022479281012,0.034313704051956,0.21367125144868906,0.26126260086156,0.5090420065163674,0.2548580337825251,-0.2053049353830006,0.34162821718309244
-0.1182721985876793,0.0049594367059543855,-0.09317530777809363,-0.18321488705691982,0.055817716647350815,-0.10703898886969451,0.08570991231331045,-0.09288228991275065,0.1224814677133673,-0.017987798211279,0.39522861953598215,0.24343224508539066,0.31264131551901336,0.23308915177888084,0.375185322866327,-0.20143447551988805,-0.19570969364326168,0.02715882005641687,-0.14100282084362906,0.129417681660143,0.2439395595985218,0.07527935098729527,0.14330322975662024,0.1852815215954417,0.3577004657672039,0.21628896841211284,0.10449804290306357,0.4039054470709147,0.09647077088935692,0.3510310292799195,0.3579278826179178,0.22440795084297305,-0.07128214043228817,-0.2030482604797621,-0.08653648509763617,0.030889331088320832,-0.0463755439417463,0.0655266668124467,0.21522818219588463,0.21131836172399465,0.09929806914346942,0.4690603748004636,0.0019855240427718614,0.10933951732913899,-0.41685071395770923,0.2696114233233474,0.3042881196562507,0.2363779493122827,0.1905578272943955,0.18181102534385865,0.3510091622750432,0.10628676390194836,0.3526929216505215,0.25376221818897465,0.1835778793378671,0.1560604404014782,0.04094377993046292,0.15987404605191227,0.5512059653189303,-0.061621219741532,-0.08489645973191053,0.3894513568476526,0.2288994336445737,0.04702718068706129,0.2332640878178916,0.38255887691062956,0.3244757385580897,0.016653910913822133,-0.10334783844656797,-0.11420274453085102,0.22097483107738733,0.3153378619951831,-0.03574817957184404,0.28140211235267104,0.05773770280305959,0.07635958102818657,0.2857755133279395,0.3247031554088037,0.42576370514530626,0.47653014366622204,-0.08658021910738886,0.015271916205637314,-0.2071067765848112,-0.2300758785069209,-0.1316218757516783,-0.0455599544728733,-0.0970982484529094,0.1730248627845444,0.007513502875511141,0.14273468762983535,0.605751022282478,1.0,0.40031051146924407,0.2835975596422558,0.22616168463405567,0.15447726924843105,0.11779318186787956,0.3048591818015662,0.08696507839321248,0.217987798211279
0.19511731114278916,0.19959327370930005,0.08174761102971725,0.17926133257527715,0.32704729833154755,0.061559992127878244,0.29605300561982023,0.1722638910148477,0.28832520609652096,0.339682053749098,0.3036845903216636,0.27188996523146225,0.47168004198464936,0.10615993527366556,0.46035293345870415,0.15173077343596247,-0.03373641512322057,0.05929019702171394,0.020126391288185257,0.16804355907371368,0.22078677483545078,-0.043292296254182065,0.20236163652664493,0.38518771204207497,0.1334324637554394,0.25972126098423715,0.49544510288425797,0.41575299031291685,0.4702592008259801,0.34034243729636354,-0.03522337145481184,0.1856683650040454,0.06782277647855235,-0.0028558308368502767,0.21004570204019155,0.34681944414073607,0.1283112112134001,0.14033806389538825,0.373051103190396,0.5704183158032844,0.13796768056679276,0.4623428309024513,0.06171743456298791,0.24663821766236524,-0.030014650893267148,0.2711508604666419,0.04559707856814852,0.11961251667359121,0.011694474207867749,0.14383678467560299,0.18358225273884235,0.19318186787955655,0.21825894907174564,0.2465679735846581,0.3239902910498349,0.0781964094377993,0.3408541252104699,0.37117054077103057,0.5337386018237082,0.14630775622662964,0.25875226870175594,0.5579672432266952,0.3727099779143251,0.08367190745883536,0.25399838184163914,0.44093065972753714,0.4765170234632962,0.07303579628698258,0.15803721764229953,0.08608611891951409,0.38312741903741443,0.41609238382345815,0.28985152303688966,0.6635149023638233,0.34515792914884635,0.4731013973016116,0.37087314950471234,0.41217992171612255,0.12572653123701646,0.20950777372023355,0.30890643108613414,0.12181233736415123,0.012980254094596664,0.2231396645601452,0.2530143666222038,0.1449040529445367,0.1630272681550808,0.2904550523714767,0.24643677155540006,0.4177166473508124,0.24212022479281012,0.40031051146924407,1.0,0.21951848855262296,0.37743762436859024,0.26630513218604446,0.15568432791760511,0.3094928052010391,-0.004272812752837244,0.12746277142419804
0.16093039834082604,0.345205659180862,0.28669392753274586,-0.29462727690188273,0.07013185803940435,0.2420108897684284,0.03076250246003805,-0.2060921475585489,0.20633268461218868,0.4031750891080449,0.3746211541405174,0.40560232664931883,0.2596575627036365,0.4335177450744572,0.45563403380638956,0.1914587478953008,0.4233583346089086,0.402851457435875,0.4009971354223612,0.4003498720780215,0.3172683737508473,0.3367693686995692,0.4386389976164965,0.18985173061143906,0.16506527300955587,0.4554202350926987,0.30501410421814523,0.5675581115654589,0.24739263015543658,0.4847477640987514,0.33184491920141695,-0.09373947650390325,0.23743438524689495,0.293149067372242,0.21875314338195098,0.449270735387374,0.0947715991340666,0.3345957884148608,0.26299009424679104,0.19400844066388226,0.3313594716931622,0.3091907021495266,0.4338588703505281,0.30785496474506685,-0.042299534232796136,0.270761627779843,0.43419562222562375,0.4964859723163718,0.3850692090704336,0.3726487503006713,-0.10668036998972251,0.33014366622203756,0.24602129846274956,-0.03535457348406989,0.49877763442741246,0.32131376965297065,0.10584067700247098,0.3336730008090792,0.20225230150226323,0.3434256849839277,0.3706282390500973,0.30027771096192957,0.18729089676587,0.5057357153790645,0.45676674465898404,0.562655529072183,0.2564693533926658,0.4622291224770943,0.3136340775403993,0.3106495710237485,0.3827031991428134,0.11744562489961853,0.30242505084078636,0.17598565524480111,0.4460261595268017,0.346753843126107,0.3849161400362992,0.4714963591436881,0.35478340731669983,-0.08139336555072052,0.1527235354573484,0.3029804727646454,-0.07944720211672607,0.037961120465329866,0.009162275043187335,0.32360141217291233,0.0369727318449192,0.5709431239203167,0.3896831470993418,0.26501060549736505,0.034313704051956,0.2835975596422558,0.21951848855262296,1.0,0.30470796614987644,0.2290393824757823,0.018084013032734908,0.4309488431797673,0.3274146640134701,0.3095449476285233
-0.08090581980042426,0.27601845575211564,0.2194266471321423,0.1465351730773436,0.39633946338370035,0.21936104611751328,0.2813671251448689,0.3548271413264525,0.4644683037764317,0.08761234173755221,0.4053136821849511,0.3869541448907743,0.5054820581224989,0.08612101200498568,0.39794012814064855,0.2354507883055258,0.3218691915768297,0.33025300124641926,0.08306837812424832,0.19342677833417157,0.30728389932430955,0.41923859089020576,0.189132098576458,0.5667124780923093,0.03454549430364523,0.5169212535496011,0.4751481489580372,0.4482867201679386,0.4162891870825202,0.4956244123242439,-0.03641293652008484,-0.14091097942314842,-0.022131619832970996,0.3244232577463865,0.40158754455402246,0.3258621066672498,0.11819116135662898,-0.08171699722289039,0.19629572937394765,0.39906846559226783,0.11093568913865867,0.4283440117207146,0.49719008987339003,-0.04992024001253778,-0.15282849708075485,0.3277426690866152,0.10085499989066497,-0.027653014366622205,-0.26997878900526995,-0.0049987973147318015,0.11865474186000743,0.24702718068706128,0.2785375347138702,0.0978461000196803,0.5070433622706698,0.2771205527978833,0.4021867004876342,0.37941877501038684,0.14159760337626556,-0.10137543460672192,0.18220025803065754,0.46246091272878354,0.5070433622706698,0.1091469681397739,0.32148870569198135,0.4256893573287267,0.5394021560866809,0.17439811069077868,0.37933130699088147,0.3071136724692663,0.3512059653189303,0.5935958032801905,0.30971113686558355,0.49760118956506527,0.3901077935186272,0.40929785047342065,0.5182130283615053,0.5806170868776104,-0.0898558964378649,0.15563622050687717,0.5187334630775623,0.12874417790995168,0.12803131355098293,0.4439045723907196,0.45532352233714546,0.3177301149442267,0.010719205790382892,0.3385318492926024,0.2393125013666878,0.46517242133344994,0.21367125144868906,0.22616168463405567,0.37743762436859024,0.30470796614987644,1.0,0.2022260610964116,0.4150532461568739,0.32497903498634695,-0.24776628545188165,0.06487940346810697
0.5259064156772246,0.2342830902451291,0.20615337517220267,0.11797686470884083,0.1819990815857952,0.08578863353086527,0.27667009249743063,0.09342021823270867,0.009031073013929282,0.07910170343967987,0.22141654457588944,-0.05636876517023463,-0.16220069537075507,0.08152456757997857,0.31923203078874285,0.13575036627233167,-0.0572040847565109,-0.2022697951061643,-0.05681922547068728,-0.1279525923334281,0.2307581290590628,-0.21643524086505872,-0.23859963700771905,0.047943460610403034,-0.08270101244232578,-0.022783257290754352,0.29753121514946096,0.2761015503706457,0.29548041315581847,0.16107673132011108,0.16515711443003653,-0.06657628304651111,0.20215193430281955,-0.23987229669152216,-0.19438892654873063,0.1277995232992937,0.3207802147339879,0.4101113030548206,0.5056351271566334,0.41590168594607596,0.3271172727471518,0.5594235857514597,0.13690057072882728,0.759966718382644,0.40277273621832016,0.5320723360521309,-0.008375062867639019,0.027985392840742602,-0.022343705582646346,0.23640418971813432,0.1532527169753559,0.25539787015372506,0.1924252695108351,-0.116236251120684,0.08476525770265247,-0.016164090004592072,0.10686405283068379,0.17874964466117077,0.19743281362751744,0.16044696157967242,0.05290065819684678,-0.1312064026590278,-0.035157770440182805,0.2702718068706129,0.31991428134088473,0.3335549189827469,0.28043559073713675,0.10722267171065579,-0.09214755854890555,-0.24341501761950393,0.13100085281319018,-0.17636633395992912,-0.14099407404167852,0.0815070739760775,0.11815411663224205,0.21780411537031774,0.22469659530734076,0.17145481183442304,0.37441997769565505,-0.03224945879162931,-0.040029739126631825,0.1782423301480396,0.5251448689073057,0.09071745642999278,0.3342677833417157,-0.1311125178900413,0.13655944545275633,0.3827600533554919,-0.07587413351993177,0.3711136865583521,0.26126260086156,0.15447726924843105,0.26630513218604446,0.2290393824757823,0.2022260610964116,1.0,0.5804202838337233,0.11630853940281537,0.01842951170978111,0.37165598827928537
0.2492688212251618,0.24077759069340274,0.09251055082985284,0.46898602698388403,0.4464892523671033,0.025330738448754674,0.411453937154228,0.4789879950143229,0.35445977564452996,-0.019356672716538015,0.2002055498458376,0.02047626336620673,-0.11226957643611554,0.15175264044083883,0.08111346788830334,0.24541776912816252,0.03316787299643568,-0.04718024972119569,-0.014777721895431983,-0.20416347772845553,-0.047945594891867664,0.06775710130983359,-0.20537928319958015,-0.0010977248449907558,-0.16117731954254225,-0.0071395848981968485,0.32936957424941504,0.13036670967177624,0.19577332200632944,0.14021123526710547,0.10669786359362358,0.08563556449673088,0.3840178260020948,0.044149482845334674,-0.04040147820952964,0.03710830727515252,0.46427587413351995,0.34086287201242044,0.5722507708119219,0.5428571428571428,0.47352124379523736,0.650639609892633,0.35997463427434345,0.363897972817314,0.24083007150510594,0.7133016990662789,0.24288994336445738,0.033456517460803394,-0.2212153681310271,0.1916774179440642,0.18234895366381668,0.1836609739563972,0.11327545866042728,0.06660252345236273,0.1421311582952483,-0.013325752771642867,0.2564868469965669,0.2552535479215412,0.16342524764383023,0.12179921716122542,-0.11681354004941943,-0.12786512431392272,0.07419037414445344,0.28942292974131334,0.31594760665631627,0.0934027246288076,0.29202510332159803,0.16048194878747457,0.0884301677199274,-0.1137719640637929,-0.07057357153790646,0.018143073782646017,-0.1053377358903151,0.11912706916533643,-0.010535534468457095,-0.029992783888390807,0.10902013951149112,0.1175920054230172,0.016500841879687738,0.13250967614965778,0.00981391178850233,0.4386389976164965,0.5584483173339748,0.3421705189040257,0.49761868316896635,0.16047119073634783,0.2928341825020227,0.29520456583061816,-0.08871881218429511,0.5427696748376375,0.5090420065163674,0.11779318186787956,0.15568432791760511,0.018084013032734908,0.4150532461568739,0.5804202838337233,1.0,0.3426694612731502,-0.21248168638341605,0.36551573331000853
0.19006842200787652,0.16560556909498986,-0.015584631414838878,0.07166481343602,0.2897927989689241,-0.08046847922473073,0.396840651681429,0.1288820809540043,0.24861718376737846,0.35385444649651215,0.18306201817379705,0.29566628290048824,0.19459468915483538,0.3968975059562692,0.3533864920805201,0.24156069357856338,0.275511442469652,0.4192456093742085,0.3341391333442479,0.5099544181788032,0.14832186954358162,0.35729631682722024,0.5442900267765021,0.1293348698582359,-0.0060659137848692365,0.23575744190470777,0.4849101101117133,0.44252743492125346,0.4382168293210936,0.3158320568457168,0.3327330833933932,0.23782143165638372,0.3972565595691316,0.4839742012797291,0.32596523798453586,0.33937191333242095,0.23242683565520403,0.364641451795993,0.29351675397095456,0.46787350798557187,0.6097817779866079,0.3444450640104659,0.3883103237525268,0.1897732167965205,-0.10972000362999236,0.43674360580770655,0.6159176662635881,0.6809633300864866,0.3659009926539904,0.4867053931749352,0.17217005113614972,0.1810589983371207,0.197964398290554,0.2602198292405278,0.31399303972492554,-0.06412943531682051,0.2500844613988302,0.39435437050861133,0.12278992673459345,0.18766502773297142,0.005622013100540306,0.17005988285842843,0.04864757893726961,0.36067258607157426,0.26382132888136395,0.2824564108116652,0.523654111712403,0.29844558225902057,0.4302316046356299,0.3873967055098413,0.3113777430822782,0.13608522902457637,0.5196130847929947,0.06545239055829344,0.19234040878268305,0.008598115718134765,0.28085793100750533,0.3252807999835755,0.20483501873469934,0.1782206580008697,0.32316625830009726,0.7726233546432147,-0.009763628352358018,0.18679909339309825,0.26636227762614334,0.6889324286204732,0.39434125029134054,0.566491621101584,0.5878710151443621,0.5091103508677147,0.2548580337825251,0.3048591818015662,0.3094928052010391,0.4309488431797673,0.32497903498634695,0.11630853940281537,0.3426694612731502,1.0,0.3530803536775346,0.45015028115559164
0.45471393006295363,0.05256827972272638,0.2910498349041132,-0.19139314688067174,-0.16119481314644332,0.06908224180533992,0.1926483129605738,-0.09428615162581182,-0.09085740526120137,0.3896962673022676,-0.06937088626970764,0.012136187706369858,-0.020515623974984146,0.15442478843672783,0.13240471452625133,0.2067700247097155,0.16751875095668145,0.30476044696157967,0.22203319411340228,0.5893463952242461,0.12823686339682053,0.14796964859723163,0.4636942118038092,-0.1493780470338815,0.05360040235288972,0.008873640280821687,-0.04045395902123286,0.1984343224508539,0.055192380652523264,0.11918392337801491,0.22207692812315497,0.12560844941068422,0.27452523947146307,0.13466138942948985,-0.04322232183857777,0.34882683518838425,0.005921584920513437,0.3652008484397892,0.057479609017952814,-0.02495025256390632,0.1989591305678861,-0.08130589753121514,0.10926504996610614,0.27613465279001526,0.0874199120946404,-0.06974699875358072,0.26852681988148086,0.5044630556952614,0.8742209879512803,0.4824167413789333,-0.029551070389888696,0.12604578950821105,-0.11606568848264853,-0.12945704226892044,0.05651746080339376,0.0375543941746299,-0.032555596859898096,0.030884957687345563,-0.1336423870022523,0.15840458332422208,0.14318952133126325,-0.0975137215455599,-0.12174236294854694,0.1298331547527935,-0.0634361811462684,0.16723447989328902,0.1377839977258315,0.08230303295357635,0.08086418403271305,0.31063426410359923,0.22797664603879206,-0.2768737583629373,0.33079967636832786,-0.22848396055192322,0.08488780574211383,-0.16522271544466555,0.016155343202641535,0.10793553606962454,0.28992149745249396,-0.1518969626730227,-0.07438717718834051,0.2483129605737902,-0.13540486759528547,-0.22282915309090115,-0.2748551310926942,0.16577831862238881,0.30707397607749665,0.27209551507729984,0.5895169578622816,-0.17601189565065273,-0.2053049353830006,0.08696507839321248,-0.004272812752837244,0.3274146640134701,-0.24776628545188165,0.01842951170978111,-0.21248168638341605,0.3530803536775346,1.0,0.4604272812752837
0.3457964463893589,-0.002094859067153572,0.01088976842841836,-0.05833679560910542,0.059456386258774134,-0.12403839846056286,0.29677024337976426,-0.018849358203406878,0.05894469834466773,0.02595176138724279,0.1272747151822615,-0.04098751394021561,-0.08572303251623625,0.23391572456320658,0.18540158754455402,0.16125166735912183,-0.027206927467144825,0.039981631715903874,0.022592989438236646,0.1597472174236295,0.023970610745446198,0.13716734818831863,0.10399510179090769,-0.313017770241129,-0.29624543526273206,-0.06805019357791299,0.16960923662285976,0.3292296254182065,0.11024262561794612,0.13859745030723142,0.2578294810959743,0.05942139905097199,0.4235643475591821,0.03343902385690232,-0.12158492051343728,0.17721020751787628,0.38758828803218826,0.5833111018783758,0.455021757669852,0.2759834685443135,0.7353086527738296,0.23467669633290328,0.3128556121668015,0.6569095984233425,0.1045898843235442,0.5980407163630798,0.609433425903654,0.632000174936039,0.4482823467669633,0.9042706260523496,0.2643239815442479,0.08166451641118716,-0.02028383372329492,-0.049100172749338526,0.010706085587457085,-0.21629091863287486,0.06936651286873237,0.0937219829000022,0.09760556296604055,0.1317880649887385,-0.04290743696835844,-0.034121274409044194,-0.16700706304257507,0.21723557324353282,0.25943451925389777,0.23166779646191862,0.11270254313266712,0.06048850888893748,-0.09855459097767379,-0.0809495538579936,0.0137368524633181,-0.26523393894085406,-0.08438477181780411,-0.11001290153287704,-0.019476962538511278,-0.3095187072226717,-0.03839846056285671,0.08208436290481293,0.47607530996479414,0.0689466663751066,-0.37978614069230937,0.4207299206227723,0.058691041088102164,-0.1954735299905972,-0.1727624587260283,-0.0023988130576790023,0.33864993111893466,0.33990947059981197,0.2130327349062999,0.15897312545100697,0.34162821718309244,0.217987798211279,0.12746277142419804,0.3095449476285233,0.06487940346810697,0.37165598827928537,0.36551573331000853,0.45015028115559164,0.4604272812752837,1.0
