0,1,2,3,4,5,6,7,8,9,10,11,12,13,14,15,16,17,18,19,20,21,22,23,24,25,26,27,28,29,30,31,32,33,34,35,36,37,38,39,40,41,42,43,44,45,46,47,48,49,50,51,52,53,54,55,56,57,58,59,60,61,62,63,64,65,66,67,68,69,70,71,72,73,74,75,76,77,78,79,80,81,82,83,84,85,86,87,88,89,90,91,92,93,94,95,96,97,98,99
1.0,0.5071103660661311,0.6223155621270197,0.24922382427821152,0.21276570697584238,0.5402559731783807,0.4864730386847863,0.47757958744180645,0.4929163174268323,0.3437226297994971,0.3562952638369607,0.2037849749959975,0.20030356397288956,0.15376755224470962,0.28316051847596446,0.6904149754040979,0.11608889056314727,0.34783345733309473,0.08728641433500027,0.3098361633532047,0.18467174594803312,0.16986083773610966,0.19309674221892867,0.02151788264913718,0.28118750961390554,-0.008245199325692436,0.2253876169757243,0.13626004162624902,0.18575014587637315,0.19239904708501862,0.2992100895075851,0.3745750261341269,0.3206446734429932,0.2243108595537892,0.2783967301733799,0.3075570791306832,0.1641019121077134,0.5348967250316395,0.36373054067035215,0.31466116672788175,0.4236444000765973,0.2532844240603486,0.2632310884667665,0.2649247054613262,0.09338594690298824,0.2728622598093229,0.21071169584585103,0.22094403058870063,0.2621888626239605,0.14929414313025627,0.18593842705517832,0.6177526848302773,0.6539480582265209,0.2897733158791897,0.5570916876210568,0.5971059397455336,0.343322377405046,0.4809434658967538,0.28464694599574947,0.07166401401354265,0.1451221005245661,0.11175517738244352,0.09094365817491029,0.25380249734049826,0.29686327692129,0.28310401225557136,0.3258440325680258,0.10010390866083396,0.04927185456554565,0.25628651815467846,0.19106950579031798,0.20683317166275833,0.24358261994230088,0.0703023986507619,0.07043814295445913,0.17215404851372945,0.20984456466846774,0.1840784306339056,0.24094409337338996,0.33316852352385345,0.21164561809957025,0.2253665155778859,0.09993438999965469,0.23328593089289246,0.1608245513249139,0.24495760463853286,0.2539028532502064,0.14791287996509173,0.23753017589130715,0.2187270320763348,0.36366775598102646,0.34418187789866916,0.29515710298886516,0.27077937774094407,0.1445177978898066,0.22714401865960968,0.20511601040970148,0.1579443037020992,0.18744839883346048,0.07558334824469705
0.5071103660661311,1.0,0.3632047188972497,0.4839161322119988,0.4938686778712785,0.33635327688989763,0.1799880081243388,0.2899224295163381,0.3447052101874437,0.23126740313107247,0.2984705649680269,0.3467959403419882,0.23395144859974445,0.13788302584531736,0.4060348643379825,0.7544820420092356,0.13650333229738595,0.30673616931775016,0.032312140361451455,0.39072638746315325,0.2565806202499458,0.020645175467510494,0.3157553138431512,0.018193433349343428,0.2021227503461006,-0.009453804595211411,0.3348590012839469,0.2637553406226358,0.24039011282022543,0.30083531137885,0.0888356962631582,0.27802316127189225,0.2807740256499317,0.087272287779902,0.16230470037576636,0.2888582290322682,0.17424163943380766,0.216122251255809,0.16300631927898063,0.15480820847028243,0.2170953291330376,0.10854217090620281,0.16498089775827265,0.23081221413346142,0.08960944784004972,0.40848503683891646,0.25208680611146167,0.24894914126241174,0.08472165977604701,-0.024404408740884447,-0.07375317455085403,0.8359232017680168,0.579808757836314,0.4908805238754477,0.40770964592574455,0.2563671523062386,0.03417527601719045,0.42622266363367456,0.13634323133960552,-0.10198587972337066,0.255029838423602,0.08570267054676046,0.08276987322589674,0.2662817440495011,0.27614903829552123,0.3868258886387965,0.10037470702102608,-0.018355103924357005,-0.039417797575883144,0.13611888290258037,0.2736298026363291,0.08476090020687554,0.33913149939255816,-0.014860356986036646,0.020949681210739948,0.12047597072977784,0.2873106991823689,0.30992092268379434,0.066876681452461,0.12259495399451889,0.2912801484230056,0.10122151585059744,0.11848883531262067,0.1619656630534078,0.22371911385689486,0.23268476749259925,0.254219915931301,0.21875441454846822,0.20862881377747222,0.031368027904668534,0.24970883600325225,0.29569638254100644,0.272220286360968,0.21075721474561213,0.019177583354523166,0.2622312422892553,0.32528747539624986,0.3345293816649872,0.042216425102574485,-0.0500488150959507
0.6223155621270197,0.3632047188972497,1.0,0.19506104241419686,0.2207119004548649,0.8370721615826765,0.7057783888820872,0.7423630273521499,0.6716564798508236,0.4204831909690503,0.3124715506876493,0.26962570907458505,-0.00638677252165287,-0.133941716972899,0.05912120270350872,0.6689206370134579,-0.05823436896678376,0.109841813975244,-0.17072569683157066,-0.013465746243121152,-0.036548537273700436,-0.1373367990481841,-0.1722153311638731,0.12447221620535616,0.10872110727078095,0.0027374124545988215,-0.08456783728719915,-0.21863512363874946,0.01871141437872119,-0.10055756750044233,0.1219970255730464,0.04589246866259194,-0.04564841109547513,-0.0026134126931806408,-0.08577801217395126,0.2817180402387074,0.06416909172529187,0.47715833245373,0.5964906497901422,0.5498274990660778,0.3270156239699387,0.17316802124633887,0.07153530540042505,0.01494432567674047,-0.06437785081729969,-0.023985320939635662,-0.19408003164348342,-0.1131113266718778,0.36305874449456754,0.19714392448257567,0.03283482290008759,0.4852581549463348,0.49305758297781505,0.20229854747621245,0.86186583539738,0.8759311754235612,0.6339322992695001,0.6707965928305867,0.3972732609425865,0.15474071492925734,0.22991125384163819,-0.06130924912650801,-0.1777443100372097,0.004742600330954289,0.03772104134685716,0.062136437408373595,0.4777076987009033,-0.05532429861653937,-0.052745417502487846,0.1552195700030693,-0.026438632675035864,-0.0951423485868736,-0.059885606296048645,0.3510458167526368,0.1374451026372709,0.3315753620322148,0.028189551760308965,-0.06012889696718558,0.11528210730531252,0.11657076305372172,0.12643423774678306,0.13087944510870805,-0.0002699741641003425,-0.049794537104181774,-0.05241422826629498,-0.09273141651676822,0.16555537766560247,-0.14810751250200127,0.26978110118066606,0.41162129359273386,0.1280273992384217,0.4572100592099445,0.5174776878910309,0.23184973112456797,0.1200741487180936,-0.052903948843035134,-0.030643637242622014,-0.17211637770013405,0.37687765461514555,0.1854345799233399
0.24922382427821152,0.4839161322119988,0.19506104241419686,1.0,0.41130282256653133,0.33724168024385576,0.26103676357483463,0.35138236189722777,0.3832973890986944,0.1460905543574144,0.26953467127506286,0.32140424236145776,0.3956691121303159,0.37829815821113866,0.5461954047885883,0.4105946024002587,0.2643769090469598,0.4321328900734267,0.329126759148514,0.4621785031502218,0.39112036138867173,0.274937293791536,0.4672791577117058,0.22507683276356227,0.126189377458413,0.24458874458874458,0.4035171982960235,0.4265042426753812,0.49311820674303775,0.3750554761808818,0.2722330569497658,0.4990817739186122,0.42459653954204174,0.2413804469642033,0.28518532470671704,0.26589472891140764,0.2993715252598501,0.34546582529920555,0.1671516783917074,0.19213370627438792,0.22658366530737814,0.35743323633098834,0.34120025490583866,0.2907715924394677,0.36923832754144575,0.42314683141369147,0.39197737239796704,0.3389776769037103,-0.013933492178597327,0.04267004448295239,0.09684538328483216,0.525087192237301,0.6220911068626804,0.9028485413547053,0.3546879757902238,0.18362638087076086,0.19790989769234874,0.42219737865974366,0.12719707172208986,0.06193081755083205,0.3094578856000176,0.36722450863132516,0.4254606141679528,0.4235778575579976,0.3966391355803974,0.49212052148962954,0.21029582980007433,0.3077360154952613,0.2769181507397606,0.3770498236142411,0.4576721320738725,0.3521938540067619,0.46063086055834424,0.023399862893882684,0.2423284957730208,0.2233690892139043,0.5049162393055457,0.3976389817579085,0.39926196597697683,0.29290470225930704,0.38862937883967613,0.25316680211162634,0.2819676093787769,0.2438290498479041,0.4334089888839708,0.40207785929323275,0.3904642613852186,0.4021814540306201,0.2919582230677227,0.15416551070853343,0.3019409886705028,0.37548476666260144,0.15384760272359982,0.27333628421373163,0.24227355916986085,0.32611152444364916,0.4268589761700712,0.40746164640290816,-0.0668233144665342,-0.02506521759603703
0.21276570697584238,0.4938686778712785,0.2207119004548649,0.41130282256653133,1.0,0.37234253783772975,0.10909319217234631,0.22496164244883105,0.2559616071324251,0.12253697432500368,0.24347686186187792,0.4039915397565981,0.1862383701082433,-0.0019753648381925647,0.14998332280385565,0.39548970134096834,0.304090818124478,0.25686335294056306,0.09040688434661528,0.30470453894428995,0.28750936866030147,0.11897394040947161,0.15375164466650504,0.3011603404503378,0.2091045719062483,0.30626238527079463,0.18104450260758442,0.05819674382651229,0.27498706045272286,0.29039287173192824,0.09630087726044857,0.055106165068942836,-0.008834600996944239,0.10084092309265032,0.12652066598915365,0.2571325425073092,0.23553066838285538,0.3192754324398915,0.10377689443141805,0.030957584985039296,0.13817429828248753,0.45976714710086003,0.1701945149683265,0.21494119816832144,0.1439457853782635,0.2133158582478221,0.0755716354247424,0.22768414567635983,0.06083370284769903,-0.022936834628929637,0.1334913415921836,0.3311588885532669,0.17702627933720463,0.37856293581449346,0.38041979445857915,0.14465996177983492,-0.03836147528440706,0.2398903778034072,0.059985324067370796,0.23766064063984965,0.36015523526629856,0.15179387770322403,0.04396110640879733,0.07977118093039,0.09785786319993281,0.21066163342352046,0.013609382241095322,0.056397961065631344,0.03412742947509085,0.12377785486354512,0.20983522930170212,0.12958299161435324,0.16003045059827012,-0.030111572448321626,0.2741888015571459,0.20893505311202915,0.275640806799925,0.26060610817033675,0.12376441596462752,-0.05742370673250368,0.20332052786275237,-0.006414248374169429,0.08356962631310967,0.1062309929014332,0.2099592291604365,0.10177877012548309,0.36564576065684096,0.10536377869952507,0.2159818552106112,0.002922630728668415,-0.05382614121074178,0.1827735090678997,-0.02727212082923783,0.3675512774733414,0.157766275962519,0.13467640353325264,0.2090849516754359,0.12198996228995394,0.024987541153441824,-0.02233174671067518
0.5402559731783807,0.33635327688989763,0.8370721615826765,0.33724168024385576,0.37234253783772975,1.0,0.7230692923223743,0.7734210435443213,0.816050277979212,0.543707561474059,0.37097275458406714,0.3864052312203146,0.11700711664453506,-0.1036355474354024,0.06845100753730195,0.5887147660171591,0.07283808770393252,0.25311490539916937,-0.14233602993573988,0.11295122571409737,0.0076047954945706936,-0.06645759365121222,-0.13516293221881043,0.35762629925066475,0.19802291013313494,0.19670129242282977,-0.011103472307243156,-0.1548223350253807,0.13388604809859486,-0.08136114120635961,0.14300087506233827,0.07405297144238406,0.024714417842475838,0.09022316817820807,-0.026396253009741046,0.4333462041946451,0.1299313449422224,0.5238937039096837,0.5537248586559682,0.6104100154136413,0.35441800162612347,0.34211691136999334,0.1060888591708026,0.10363397781816926,-0.03823587579932758,-0.018989229286546182,-0.18023129879547573,-0.12270011834913938,0.45525335191760136,0.28090340889470694,0.018948419238484504,0.4196968127352464,0.48059011329497187,0.40695309041937033,0.8622127208059043,0.8611171279771714,0.6127911247563169,0.7507607741512771,0.5201020879048436,0.36890870792248603,0.4511503724701694,0.1176585077962888,-0.04612635973051586,-0.005430092948845395,0.036661549714486624,0.05915416466540469,0.5130711888403705,0.05578733570031612,0.09896279693234009,0.3115315944577731,0.029931031018775762,0.0016480980947986023,-0.04003622676574091,0.45784732405666545,0.40886174497487043,0.5187820398117715,0.12142956084840348,-0.04150538849596137,0.13735092560328238,0.07227930396893413,0.20461687212956248,0.19409815840663308,-0.01426468141479019,0.024586484339928865,0.05396501009263881,-0.05029524500155392,0.23387924620701997,-0.11718291377464692,0.44171540328175574,0.46455822517034906,0.1672646908324936,0.509410055207423,0.5189751027314479,0.3597719660083692,0.246456589096183,-0.0007628339753067817,-0.04846978015941033,-0.17078220305196376,0.4453741810522086,0.29168354005192293
0.4864730386847863,0.1799880081243388,0.7057783888820872,0.26103676357483463,0.10909319217234631,0.7230692923223743,1.0,0.8441731099454087,0.7078141824334718,0.5296657657063748,0.4277646453135938,0.2808013837745527,-0.09383328781443358,-0.1547611199532882,-0.014555060602921372,0.5481213251336529,-0.09372969307704623,0.29326728384016276,-0.19279765436400678,0.08706195907066103,-0.1441065581747235,-0.07784673629488713,-0.1648789373373365,0.18310840718382415,0.17176164420544407,0.07968161884042957,-0.16404226665285404,-0.2465429180440058,-0.005156194634183299,-0.12316869742516912,0.05703758059011562,0.07646704274695573,0.1036960183896507,0.027436909235313875,-0.10038173091110002,0.4250068278349642,-0.04624092368834936,0.5708590243805256,0.5716765709514078,0.7414824720843575,0.3808582039183925,0.14413324166768693,0.06059978213712804,-0.13504044903609805,-0.040284226288577266,-0.09576391701119764,-0.1679945628459044,-0.13899274522914842,0.48444823245403373,0.28599681681625116,0.09850760793472904,0.39327073699807563,0.4856850908337493,0.2669809040367416,0.6330627313223397,0.8006868645012227,0.784420921114177,0.6919511173913797,0.5067807464471714,0.37221746104994835,0.3725753337791046,-0.08217103177219204,-0.15808406166872782,-0.016462936809933493,-0.06434331923817058,-0.01796897808500419,0.7546039834547164,-0.07707605423341464,-0.0338786183601267,0.29708718053368327,-0.035372893966077436,-0.12008356642149245,-0.06818417260766789,0.6498963463613423,0.23845311082439435,0.4152045682139953,0.017365467073146706,-0.15769316494479657,0.08826899472294686,0.1200286298183325,0.03874443178286543,0.23257263112294996,-0.0632822579885669,-0.16679851451425057,-0.14907910556931586,-0.14215081510222918,0.08908519568418045,-0.2732358287108106,0.3439784774084992,0.5454265063721018,0.18012299520638897,0.4744499568551659,0.6342116911369994,0.285040919921268,0.08564459470913423,-0.21591340735648204,-0.18124527152808517,-0.19298600843198377,0.526718024542535,0.2976810474997567
0.47757958744180645,0.2899224295163381,0.7423630273521499,0.35138236189722777,0.22496164244883105,0.7734210435443213,0.8441731099454087,1.0,0.7997921826783321,0.5678200214095791,0.38896684654480157,0.37136201965788623,-0.03588301956684843,-0.10256506848239988,0.07177388721986257,0.6611714367334381,-0.09611865050588764,0.250204835048925,-0.17761631648506196,0.05884024121877639,-0.036923675792421264,-0.05324769501709313,-0.10664062147449936,0.2172836832010146,0.20251986350608542,0.09895808808064066,-0.08002693463172071,-0.21564343319238172,0.03743381608238584,-0.05920284603108848,-0.03733102076213974,0.03252717792239185,-0.016860050125747306,-0.024820357307666952,-0.07616881547265884,0.4032644899214877,0.021232212312705424,0.579300429172805,0.6936813488662654,0.7599600061528996,0.37896053668352436,0.1620111819531689,0.0664418974788808,-0.039788227242904546,-0.062828638608189,0.002971285422336909,-0.13362936314350382,-0.08428530618523367,0.5096892471801826,0.23635767181815043,-0.05887791203237178,0.48640240590929495,0.5376629655092309,0.4040084884899968,0.7710524911395107,0.8152042542905487,0.8383278553691896,0.845237642104436,0.5326025195495826,0.3457568537336485,0.33557474674225946,-0.11529780347764394,-0.13164855785475063,-0.009511884165342707,-0.006645759365121222,0.063161397461615,0.7023035319148976,-0.10688622472523851,-0.04117733849423479,0.2747012819859659,0.02572288721672333,-0.12608107386932624,0.007402314871495437,0.5981578180114893,0.2470577524964762,0.4697628936207616,0.019359666550385634,-0.0965597129484004,0.011921242885709891,-0.00011772129248561446,0.06311587856185391,0.16661650429625308,-0.09870851894057116,-0.16373619129239145,-0.06926249964683612,-0.06266068956424287,0.08414247101701779,-0.223898050221473,0.3830964780928523,0.5358534071106456,0.1030532194419069,0.6518960395010529,0.7130645520783302,0.2743408392429422,0.1261061877450565,-0.11471547548414844,-0.06212231085327532,-0.12582051740862474,0.5681998687799993,0.31502060907427115
0.4929163174268323,0.3447052101874437,0.6716564798508236,0.3832973890986944,0.2559616071324251,0.816050277979212,0.7078141824334718,0.7997921826783321,1.0,0.6518337838134792,0.398930776740784,0.5303752326957548,0.2502425058625204,0.05422399693610716,0.20700582955840388,0.6177715202370749,0.1954973960050102,0.46430847373559486,0.00928742516849841,0.2700510753447664,0.1309641530816295,0.11068155919497472,0.0006874926178911065,0.4738580249820279,0.14092651366037878,0.21831021287148916,0.10569802447975037,-0.005933153141274968,0.21950085367592453,0.08972171067941206,0.10301562947589687,0.12063921092202455,0.17341844324518255,0.2678881427974974,0.15311616109295587,0.5784259250539163,0.2056261360104725,0.5619216203479411,0.622572979353255,0.7306646701135461,0.5491211713111641,0.2838354538862153,0.2581109970522588,0.1776068987816631,0.07451443890892767,0.12502315185418883,-0.004019789734075448,0.003765511742306521,0.442672869793972,0.412949028249971,0.07640111882316378,0.47712596806142854,0.5384053944605068,0.49530370523844053,0.7336673478805459,0.7444506182722281,0.6439166344895134,0.8771040236761831,0.5674919714078525,0.38161318980753356,0.5167274108535892,0.16497932814103952,0.09973587255645604,0.08383328931863926,0.13635264904300437,0.18026896960907113,0.6104730396552647,0.13162967078848153,0.2277687263184,0.507287346128496,0.1861377684437873,0.12663043990092576,0.10532916442996211,0.5285923549408641,0.4470207095297741,0.49381413848418926,0.21329850874533846,0.07511560230922087,0.10258390388919758,0.10545944266031286,0.33167110868343647,0.343504587796797,0.0549020715808243,0.1257436061642008,0.09125911555208147,0.08748104687190981,0.2626330643009396,-0.03461005999077065,0.5706155097018041,0.6564518553079683,0.24531233813322284,0.5229464395377721,0.5720956587526566,0.38501141111728493,0.3010023575650842,0.08648747916333123,0.03819977460296532,-0.03507466669178054,0.42584657305469487,0.4370316654580614
0.3437226297994971,0.23126740313107247,0.4204831909690503,0.1460905543574144,0.12253697432500368,0.543707561474059,0.5296657657063748,0.5678200214095791,0.6518337838134792,1.0,0.5805872879839522,0.45288166027832455,0.10022162995331958,0.03555653918235499,0.13263736505215837,0.39878794157256814,0.06269522114337198,0.2909144276076836,-0.014766958929395477,0.24345705056364955,0.08934575214488195,0.12296695327877344,0.03713323426428962,0.3234133524198789,0.5433057394623747,0.18289023038841748,0.09243946771140389,0.01825621803866909,0.06500336879231355,0.12138247231293149,0.20746745984726153,0.12958916838539752,0.2103845132085466,0.14102853878053298,0.09569642347017257,0.3203274849395226,0.04500877416033326,0.5856699384043166,0.5846164954214266,0.7228793686371642,0.4174726651158848,0.23176340217674518,0.16194054917767753,0.144877240236196,-0.1527284656363699,0.13136754471054687,0.021180414944011752,0.06609344245312337,0.4747260233119551,0.2749561291983337,0.20914050899547637,0.407193241856041,0.3984018157332153,0.22993165886566902,0.4529821157812456,0.6284088162260751,0.5201319106322733,0.5557522373921855,0.767318371741867,0.3982166008997046,0.31881123469230793,-0.0013043519207406081,0.03153205296989598,0.09068074718519167,0.10551280964623967,0.11355709796609,0.5395176799792911,0.04680284665781403,0.039304785135096956,0.3645485973498115,0.1261595547309833,0.0519841531444142,0.07866293725612072,0.5204311269346431,0.26523235043902194,0.5539775670305039,0.11642326471880603,0.07658633365667449,0.05238126630439901,0.09716558520039303,0.19012773545043304,0.20379761190493922,-0.13056860953887786,0.0401492392065271,0.0417518184015646,0.04506841961519264,0.15081510222917038,-0.0216999582481816,0.2832123158446581,0.40168875184384134,0.28506760341423143,0.5489008554810104,0.5273898207183196,0.5371591183773925,0.22388392366637472,0.06357420679393123,0.02967518340977369,0.024043396777261895,0.4877742513710607,0.281036826359524
0.3562952638369607,0.2984705649680269,0.3124715506876493,0.26953467127506286,0.24347686186187792,0.37097275458406714,0.4277646453135938,0.38896684654480157,0.398930776740784,0.5805872879839522,1.0,0.4886830597490496,0.2025842178126442,0.1986790101365881,0.3494454542315311,0.39646961691921806,0.14297486414962848,0.32702975052503697,0.12290573820668092,0.27358585335380115,0.2948604453318014,0.22372225309136115,0.2632931916648786,0.1748851824993957,0.39487331619311317,0.2629360004269359,0.19250413594140933,0.16282895253163562,0.2296609900129317,0.27704382883162526,0.19614815628697096,0.25741251738351084,0.18607427196220536,0.05404819980599531,0.17010569802447975,0.12591626405984638,-0.02070325130513673,0.4848376877802877,0.25148878194563473,0.3917764613921249,0.14011659116807776,0.24859126853325547,0.189860900520799,0.12309095304019162,0.05216465912622548,0.24705932211370935,0.13470769018267206,0.16034581806880574,0.09819682372256701,-0.14387425482421856,0.31500805213640604,0.450302779164273,0.3906997039701898,0.26417913727558395,0.3202992318293261,0.3762309723150912,0.33330351060590363,0.43012394879752924,0.49809605429619935,0.271399376548035,0.3561932387168065,0.10174729790393315,0.08065952202782689,0.2926693745190818,0.2641163525862583,0.31491387510241753,0.3763778792187203,0.03614828487924935,-0.1157985113750161,0.21195656865713894,0.2732217021557123,0.15145079720859272,0.27260641220032084,0.23439809668141426,0.2573654288665166,0.4067223566860985,0.3530973072813666,0.2622516473132862,0.22275379925851282,0.2900024799952284,0.17616442054440604,0.07927668870279934,-0.02294937356576225,0.06524898838169324,0.11952164345202779,0.11029543335562189,0.2701499612304543,0.07150548267299536,0.10434030557308295,0.040467102575706765,0.061411274246662206,0.3979177449614592,0.2435308225736072,0.44943635045157887,0.08607780906548129,0.12641540233998538,0.16199705539807063,0.1692376996945525,0.05104709165622871,-0.13790500048658133
0.2037849749959975,0.3467959403419882,0.26962570907458505,0.32140424236145776,0.4039915397565981,0.3864052312203146,0.2808013837745527,0.37136201965788623,0.5303752326957548,0.45288166027832455,0.4886830597490496,1.0,0.49525033825251374,0.34437245133401767,0.4702023864460413,0.45016779208222285,0.5554891084260193,0.5525931646308732,0.32786007804136885,0.45779299260082434,0.5118474708757522,0.42563624434545394,0.33085896159579314,0.6805703361178344,0.2153483451525511,0.571423862576872,0.36296142822611277,0.25582877359527106,0.39496136974274254,0.3842652089102792,-0.04929386789307707,0.07915422745009403,0.12757696915427225,0.3255072218088897,0.4375920188102929,0.3410480020342239,0.1452366825825854,0.28086741791195113,0.25566082455132494,0.37202439813027194,0.3149013181645524,0.4085540999971747,0.42877704842897013,0.29505978672041033,0.18824105553619694,0.3102269980442569,0.25521505325711275,0.2244003277360783,-0.021313832408828785,0.09062342057265915,0.027006834113433097,0.32392347802064986,0.3399163080091289,0.36379175574244466,0.370406122762903,0.285373678774694,0.15768688647586399,0.5115047102270022,0.414391506487228,0.4109838674740778,0.7037080637515736,0.3123946394432254,0.322494468078118,0.3806629359466717,0.42050045675861486,0.43219253552828607,0.2750637559150279,0.29544434294253,0.311459147572273,0.5035179073848175,0.49452046623910295,0.3722896634426729,0.40376990667055934,0.18155455736581852,0.6133106680604867,0.5495245629400815,0.48486829532834447,0.4151982897450628,-0.053550631143089444,-0.003672904325551171,0.5307582193006414,0.2734101635110364,0.12943377627931651,0.37258318186527034,0.3454806011006156,0.33077799647777895,0.2841352507777453,0.20547074390439146,0.38540224580833715,0.31960323200013757,-0.006821556495233073,0.2947781560993026,0.18360440622949686,0.4677318089210765,0.36757610289154885,0.23920181824460288,0.21093144225849084,0.2049810233276513,-0.006805860322901657,0.13989056628650537
0.20030356397288956,0.23395144859974445,-0.00638677252165287,0.3956691121303159,0.1862383701082433,0.11700711664453506,-0.09383328781443358,-0.03588301956684843,0.2502425058625204,0.10022162995331958,0.2025842178126442,0.49525033825251374,1.0,0.7294419382889289,0.7099645580428756,0.19586782567203162,0.7960172532326267,0.5501947894986329,0.6916110237357518,0.5966397634272906,0.6950469158590986,0.6940941581985817,0.6090541051197086,0.5089766409563364,0.012359166093756377,0.4596231662946674,0.7181736561722059,0.735111395735036,0.6475717423268749,0.6055671990680075,0.3006415815476579,0.35141689347635685,0.34893311112779335,0.5576850029351842,0.7977658068303464,0.17768537964332018,0.4559314265623185,0.17245626750370482,-0.045478089713042576,-0.021061124034292996,0.256227456372489,0.444058841810836,0.5645724833542093,0.6738759186184857,0.4017733535500033,0.5829840934989593,0.6235586989756678,0.5197708986686507,-0.2773497954788745,0.07034710515493692,0.1186756197633645,0.17709834279812525,0.28601565222304887,0.42419376610819687,0.09384270551783243,-0.0372124853633193,-0.18130020813124512,0.17867587823063064,-0.03384722601546387,0.006708544054446882,0.26634834829178555,0.7589130714583942,0.7921311917991216,0.5771704577516218,0.6524396560654718,0.6718369858326348,-0.13598541197172123,0.6573400010673397,0.622795865000361,0.5413614085757772,0.6845508854210812,0.6986617443470236,0.6281466901481405,-0.2869724465358951,0.4307798800184587,0.22229704064366865,0.6763946348892821,0.6584246065754406,0.2465083864648767,0.21767137865760056,0.6751865490081589,0.3955350650665763,0.35250777745339024,0.7313129220308335,0.6881500177366747,0.6865709828001344,0.4983393449673363,0.709558027179492,0.31394699088680234,0.05524270019789382,0.2027804199667869,0.11518562104481714,-0.1540139821503128,0.341115495575249,0.3181755397128856,0.6641882410555362,0.5242505862520366,0.5601367450533513,-0.3518595255361028,0.0011646559869910125
0.15376755224470962,0.13788302584531736,-0.133941716972899,0.37829815821113866,-0.0019753648381925647,-0.1036355474354024,-0.1547611199532882,-0.10256506848239988,0.05422399693610716,0.03555653918235499,0.1986790101365881,0.34437245133401767,0.7294419382889289,1.0,0.8662968648465386,0.12597747913193888,0.6258330743464898,0.5117658507796289,0.814408458353346,0.6660545159457415,0.7856515010249601,0.7274814863647351,0.8253537231924621,0.17967565429494364,0.04439348420494178,0.28240867182128965,0.8306084778165996,0.8143048636159587,0.6217154274992032,0.7447044036806542,0.3814847805870763,0.4963365133778477,0.4112673447677694,0.460450354576533,0.7707840865926435,-0.026377417602943345,0.32815045722950004,0.21215347252444447,0.012869291694527373,-0.014421643138104342,0.15046507758617983,0.28144806607460704,0.5109009916841679,0.5729181381828228,0.39852738511186664,0.7407400431330816,0.7964787206991703,0.6651315810126542,-0.3637007179429224,-0.135949257414087,0.31692141554360553,0.16279285133527338,0.32710195291776145,0.38426427331430957,-0.0885954751074403,-0.13288536457499475,-0.18726318399994976,0.06444380002912137,-0.08122141334614141,-0.13198283466593835,0.026110582673309287,0.4549174538297091,0.8760170633157046,0.8509800890052456,0.868952657205014,0.8501486427519785,-0.10348176555325313,0.6574749881493899,0.5860103155244563,0.5044792986946252,0.8560551124002901,0.7210523341777874,0.8187845511993446,-0.33821889969006574,0.20743433506305153,0.0617926912343156,0.7090858506407137,0.7703587203224621,0.3566390100110187,0.42687624195963575,0.6775629494991351,0.35883347571078,0.28717559935834047,0.6741694370410831,0.759476564045092,0.871702626597478,0.4041701590650104,0.7871646120377085,0.1173147616222308,-0.0926090227127698,0.2653171097696116,0.12441889804195054,-0.1362364973677519,0.2294168244131986,0.1956433704076924,0.6149006903176591,0.6988375414771354,0.7531965254952927,-0.378856941946137,-0.19153097325686158
0.28316051847596446,0.4060348643379825,0.05912120270350872,0.5461954047885883,0.14998332280385565,0.06845100753730195,-0.014555060602921372,0.07177388721986257,0.20700582955840388,0.13263736505215837,0.3494454542315311,0.4702023864460413,0.7099645580428756,0.8662968648465386,1.0,0.38319693359577334,0.5603784661072551,0.530288903747932,0.6973589620435161,0.701151157278786,0.8527997262587546,0.6637785709576862,0.8578714961715719,0.20910126856464784,0.11826438004828142,0.30689783989276376,0.8348087735324864,0.8158823289352658,0.7225492477410812,0.7683483421500668,0.34296006498231,0.5511224332834195,0.4370914824295352,0.384236020204113,0.680854436837033,0.11475785514944326,0.3783012974456049,0.27454421240698695,0.06259476564045093,0.07664597911153385,0.19705131706582033,0.33151257734288914,0.5248548888867961,0.5901462569337841,0.3987078910936779,0.8093213289007343,0.7700636322826315,0.6715701509030008,-0.2876292187387184,-0.1299172183871241,0.19539380126762287,0.4249283469733071,0.5064903672590402,0.54274381649291,0.1375785201020879,0.027361567608123083,-0.0744814769470317,0.26171180168194413,0.008986058659735237,-0.11659744654668512,0.15649083814421016,0.4177206646387212,0.7506289262519555,0.856906181194396,0.912261535901855,0.9368072101937222,0.048878684628853884,0.5325601398842879,0.4439003104702887,0.4512660934944628,0.8917497778991615,0.6372677358899259,0.8753661132196303,-0.23535713318719387,0.1976885816624758,0.1733312614385856,0.8163817875671983,0.8394281570496219,0.36115322917353376,0.44120684729821785,0.6850892641320487,0.30381915490992534,0.2900024799952284,0.5660604804912274,0.7322280088777551,0.8102976308197483,0.5524267852041601,0.7711246935322352,0.2052415797883528,-0.009246618748850476,0.2682209016509234,0.25681851803747946,-0.017758649375763227,0.31262380355926406,0.21396708198738656,0.6295106875237405,0.7680843449516401,0.805857183667191,-0.3126520566694606,-0.15876835274949852
0.6904149754040979,0.7544820420092356,0.6689206370134579,0.4105946024002587,0.39548970134096834,0.5887147660171591,0.5481213251336529,0.6611714367334381,0.6177715202370749,0.39878794157256814,0.39646961691921806,0.45016779208222285,0.19586782567203162,0.12597747913193888,0.38319693359577334,1.0,0.18697437442905174,0.4326210410329337,0.04373424496702234,0.3875651783556062,0.2710430734361119,0.1271688186118933,0.24023864469779052,0.1240923688349359,0.16885785232413222,0.04510138157708861,0.25532178722896637,0.10463853284737984,0.2290496238607203,0.25453550887601234,0.08848410172699996,0.2609567130959444,0.23000944517542446,0.14071775456837096,0.18079165214770726,0.39785244970161576,0.17152934085493912,0.5084204111535866,0.4843932958508738,0.47387215153712614,0.4270222163623179,0.23937918499194785,0.2020395606327441,0.18670753949941768,0.02792349057758775,0.3671146354250053,0.2014085745050212,0.23422770123277736,0.2080574731046087,0.1318211640909248,-0.1023123601078641,0.7745982564691775,0.6956779019868214,0.4482167578614279,0.658262936000427,0.5911366854078964,0.3946457216943076,0.6801271861343622,0.34054258528515235,0.016203158697719974,0.3229361887810039,0.010701650295558925,0.054461030509058726,0.29285223499849805,0.3052199190705355,0.3651949935488732,0.4340715376879314,0.05534470364057021,0.03247067170199875,0.2808023889593902,0.28373028953159485,0.09122772320741863,0.33906714508599933,0.23008792606787778,0.14102853878053298,0.30116559775733087,0.23892330494027283,0.24023305676677686,0.13024055953715127,0.1535179831046401,0.3045763760049474,0.17798289195026779,0.02528182477421056,0.10558030318726476,0.19366879192840034,0.21409422098327102,0.2500070632775491,0.09957808688773155,0.3346627991298042,0.2978899234850768,0.23874819886422496,0.5367017855580659,0.49302462101591904,0.30309151810239554,0.1377480387632672,0.179236161469664,0.26742196647925437,0.25026448050378436,0.22661348803480783,0.1350043478397358
0.11608889056314727,0.13650333229738595,-0.05823436896678376,0.2643769090469598,0.304090818124478,0.07283808770393252,-0.09372969307704623,-0.09611865050588764,0.1954973960050102,0.06269522114337198,0.14297486414962848,0.5554891084260193,0.7960172532326267,0.6258330743464898,0.5603784661072551,0.18697437442905174,1.0,0.7208231700617488,0.7766827081547893,0.7226125337075301,0.715990318600906,0.7220725853793294,0.5347083708897515,0.6149791711793162,0.010276284025377572,0.5273976688044854,0.5638190670823013,0.5536416689426117,0.6251505361618851,0.5412874241041136,0.25972947625763865,0.23922693212033314,0.2910471744720716,0.7045038596887763,0.7418968510339069,0.24858185082985662,0.40500676505027483,0.13365923831940477,-0.10026400961861441,-0.028187186272755526,0.3031809862846846,0.5174714094220983,0.5458595067006959,0.5443683703292115,0.3220006969100515,0.46780872016550046,0.5237122075410691,0.4785684462986856,-0.3446800963117134,0.14183375242113458,0.1464719713450678,0.03499304659565718,0.13021858489588728,0.2906585799986815,0.028041211870073364,-0.08243001861566039,-0.29335204317075236,0.07732016005393802,0.025134280754295257,0.1313753927967126,0.3392178283403809,0.6506644189747888,0.6769989377611727,0.4931919787819439,0.5744171226404728,0.5340340104662077,-0.13092653364418005,0.728545686848805,0.7154425221865396,0.6143376798686552,0.6672317288705976,0.7015121692424086,0.577002282223457,-0.25736317543110554,0.5457103930635475,0.26429058009913703,0.6472476162410427,0.5645567871818779,0.19431076537675523,0.16788312002235134,0.6934961340327548,0.39882262965144605,0.2367689115332335,0.7121149336522795,0.5761044611661,0.5996738335389532,0.4515506248646205,0.5325946714634169,0.36512593039061497,0.08447133897428478,0.10778090654812918,0.0034767035356821937,-0.27212297009251324,0.36496269019836824,0.37983795271685045,0.49699261338130085,0.4130871545664874,0.4484160992500369,-0.3816696960279266,0.0486236026482582
0.34783345733309473,0.30673616931775016,0.109841813975244,0.4321328900734267,0.25686335294056306,0.25311490539916937,0.29326728384016276,0.250204835048925,0.46430847373559486,0.2909144276076836,0.32702975052503697,0.5525931646308732,0.5501947894986329,0.5117658507796289,0.530288903747932,0.4326210410329337,0.7208231700617488,1.0,0.5814819698068429,0.8488631262380356,0.5673208831294401,0.5513264835237279,0.5179927256061183,0.5125632163340648,0.014015112274720687,0.28705002997968915,0.4562940081431742,0.4478227839359094,0.5512019152477419,0.45026763946352355,0.2433371658184936,0.32545542444019604,0.41422371998648605,0.7312281627002439,0.632566732276667,0.5636369914832569,0.34955375782061787,0.3792024065381154,0.13433726051565065,0.2874314469673425,0.6198402757503555,0.3804140022414134,0.4678448213618627,0.35025851595829843,0.31024269421658834,0.46945681826029906,0.4981400035787273,0.442040314049016,0.0019400469001629264,0.3277753187107792,0.1564625850340136,0.3213320399687332,0.3862074594489388,0.473082634068856,0.20698699415160618,0.172337693730007,0.043468979654621424,0.4011550817751588,0.20563241447940506,0.1867389318440805,0.4020935554655642,0.3708330586503175,0.47604076454519473,0.4180630052453026,0.4841374482418717,0.4898932346358017,0.3128507360134537,0.4935629997268866,0.5604600862033784,0.7656920644016814,0.6060245048642438,0.5115853447978176,0.5623138041557186,0.06826111063805099,0.47138587783983,0.22925986268988444,0.6037064171079393,0.4354667570766193,0.20330781135712245,0.2429265199388477,0.6129779092070607,0.5343112575739377,0.13409396984451372,0.4931957092943315,0.39543523916257783,0.49825144640228036,0.43106241112042415,0.33155024815648454,0.5788261774483674,0.3760804366363222,0.21702155712307997,0.14979020095426068,0.09397298374818316,0.32337411198905036,0.2238274174459816,0.30565784227858195,0.34894474633415895,0.40948174378196134,-0.005339837827147472,0.23958009599778998
0.08728641433500027,0.032312140361451455,-0.17072569683157066,0.329126759148514,0.09040688434661528,-0.14233602993573988,-0.19279765436400678,-0.17761631648506196,0.00928742516849841,-0.014766958929395477,0.12290573820668092,0.32786007804136885,0.6916110237357518,0.814408458353346,0.6973589620435161,0.04373424496702234,0.7766827081547893,0.5814819698068429,1.0,0.7081014223871367,0.7986463620981388,0.783576467042747,0.6958892885746875,0.3691158973972607,0.1124913278647869,0.39368668556485814,0.6679631705012415,0.7393509318817513,0.7543999331343376,0.6176768007735552,0.3205851537638476,0.3921107898627841,0.3243152247830351,0.670507520036164,0.7696822152949782,0.0771388389227403,0.537684940150495,0.16736050315671058,-0.09978213712803996,-0.15768845609309715,0.2472461065644532,0.40996675550700207,0.6161438271663072,0.5973523696511369,0.47958084941406187,0.6185657465570445,0.705244719022819,0.6165597757330897,-0.3531858520981074,0.10643103572762747,0.20509403576843752,0.010178967756922798,0.16812954992795456,0.33120493236519344,-0.10780602042385944,-0.16606079441467403,-0.2534005757356011,-0.04103922828169149,-0.07759873677205077,0.027901515936323767,0.04550477320600598,0.5452253813385068,0.7587155974103459,0.6175943958364792,0.7024382434099621,0.6387855557543738,-0.15641869713086834,0.7431007474517264,0.7365114943069982,0.6000313923694846,0.7800118663062825,0.721857547818389,0.6740187537867016,-0.31875249912594356,0.2675412573889731,0.15574997881016736,0.7272376962562427,0.6144847417508766,0.2942404465247105,0.34412445181118134,0.6997698941136214,0.44624941776991345,0.376006517050752,0.6932716787684156,0.6288200559411582,0.7290463947461772,0.5560039428784896,0.7091420786127095,0.24221234409776832,0.010015731494893038,0.142015828020179,0.05039022661750488,-0.2738291440249381,0.31104319900549054,0.3459342204809935,0.6214852346106878,0.5965283206037376,0.6396786679600313,-0.371470323246973,-0.00996549981321555
0.3098361633532047,0.39072638746315325,-0.013465746243121152,0.4621785031502218,0.30470453894428995,0.11295122571409737,0.08706195907066103,0.05884024121877639,0.2700510753447664,0.24345705056364955,0.27358585335380115,0.45779299260082434,0.5966397634272906,0.6660545159457415,0.701151157278786,0.3875651783556062,0.7226125337075301,0.8488631262380356,0.7081014223871367,1.0,0.720782360013687,0.623194547777579,0.7159756881891909,0.3347397103742281,0.15710612809960164,0.24234105271088593,0.6804855767872446,0.6575173678146847,0.6683660395913072,0.6488415631667697,0.33313503820069196,0.4749175166143984,0.4765014473838957,0.6175141030108398,0.6818825361247406,0.4173800576991295,0.427733252968931,0.3749879826133719,0.07770704036113753,0.14956568691158975,0.4933777848933759,0.35769536240892297,0.4785197881644582,0.5128504562877296,0.3398629410232021,0.6934050962332325,0.6795406672128934,0.6091904228234902,-0.07900825304741185,0.1666337047047707,0.246811322590873,0.3604359140979881,0.39983958511877293,0.5099513732581172,0.10330749743367583,0.05518146344832349,-0.12004432599066392,0.23314240240216108,0.11486301950406375,0.036198512630709875,0.24355750606657062,0.3879905446257876,0.6370082142026576,0.5883955797992205,0.6900963431057703,0.6665426669052484,0.18698386550573937,0.5752443109223385,0.5652097479508646,0.6735609541712723,0.7882774706560058,0.6246338867803697,0.7167861145381087,-0.08981117889680885,0.32268661964093437,0.17143202458648435,0.7442233158099153,0.6383696071875913,0.25975595591259115,0.3572213380045142,0.7026407240330373,0.4401514524262903,0.16440955708540916,0.5614771981704542,0.6250702403711831,0.6856386301636483,0.5356240327233801,0.5614615019981227,0.42647755918241775,0.20590639348516,0.3097984925396093,0.18723186512589188,0.008562262006787025,0.39610232648666294,0.21665426669052484,0.48439486546810695,0.601667247425043,0.6410536526562632,-0.10156993115658816,0.08639644136380902
