0,1,2,3,4,5,6,7,8,9,10,11,12,13,14,15,16,17,18,19,20,21,22,23,24,25,26,27,28,29,30,31,32,33,34,35,36,37,38,39,40,41,42,43,44,45,46,47,48,49,50,51,52,53,54,55,56,57,58,59,60,61,62,63,64,65,66,67,68,69,70,71,72,73,74,75,76,77,78,79,80,81,82,83,84,85,86,87,88,89,90,91,92,93,94,95,96,97,98,99
1.0,0.1879625222346323,0.32606691830259327,0.2777580049529505,0.32272061968536997,0.268523158337968,0.16678759264180132,0.09321650139892246,0.08282167061491594,-0.15352359725159806,-0.06781931643874357,-0.2659529091101217,-0.14086849310016697,-0.13932948279915733,-0.12779833541961788,0.3678705504767801,-0.02985884034279114,0.28887246894219004,0.10554036077680418,0.08797315639555203,0.0800560353792002,0.03218030514156042,0.2424345400686345,-0.28481758475650926,0.19383524741691444,-0.2326299221744409,-0.01333940775917751,0.11567534181372587,-0.06756584947035264,-0.048400754986481664,0.10460953597780737,0.46001496630622624,0.15912393349373435,-0.04558172022335671,0.23939192980666224,0.18917740644980974,0.0803479528847872,0.12031360976930533,-0.11411200243605568,-0.16875439002664427,0.17329365862618176,0.14020925360355907,-0.004258373224517288,0.005139713646768101,0.02963753585597181,0.07707611472341361,0.04915493737028958,0.2540489273428017,0.40404553304421464,0.12978071261436155,0.2804091995338233,0.2208907502812729,0.28281374404479354,0.22833701735724415,0.4128856207701569,0.36818290442874435,0.10816864445056555,0.09860504028231927,-0.01709863203880541,0.03248010215073212,-0.07681631272438769,0.016876531113162504,0.04737812996514636,0.024339279176548958,-0.17402823977954487,-0.10827537846430207,0.2501948288919671,0.03126286350878108,-0.14513398655621784,0.05038316333718408,-0.07044915791964962,-0.1350820968995835,-0.04668676826293195,-0.10118619944899344,-0.13839006651649105,0.015107571797264612,-0.07125832388292216,-0.1723206307985295,0.21599589701895916,0.35309666102912035,-0.305583405372276,-0.07775889875568497,-0.030817092039646207,-0.06363073798330494,-0.09241913521870672,-0.08667590125530236,0.06338195355422792,0.09995809115412504,0.18260092262251404,-0.1676328318535236,0.14575163142219205,0.1263879836336044,0.021656802272494387,0.22644013418664732,-0.09004583676524429,-0.009060619033736101,0.1858105761635622,0.13640136070172384,0.5301188082990812,0.023476774168486942
0.1879625222346323,1.0,0.4035360337028212,0.6568377235527344,0.4625161523487136,0.3228608471538131,0.12751099516871817,0.5633193650425349,0.27797921198936426,-0.05857185965576377,0.09265850203464647,0.06108636347940191,0.09542331007160594,0.2392865775751925,0.12775433597121677,0.1074073376466415,0.06427268646267921,0.12160923437210602,0.16394972357068918,-0.046849935174808274,0.18047858433028346,0.09590675217941352,0.03970817676401433,-0.03139707815523708,-0.024150130749115522,-0.05144577443344666,0.09797323015710974,-0.23033034164288696,-0.020241807667524755,-0.16762733819105186,-0.014473440506798012,0.12607008654869423,-0.012109596953686875,0.16244446005343444,0.29870377033981776,0.198788883342908,0.13168774662610777,0.1477755964449839,0.09184772201450954,-0.0274675275497384,0.026397822626974186,0.036198512630709875,0.1896144706151958,-0.20640780539257697,0.11639501159752283,0.09787352097853869,0.19058920291697667,0.04683737823694314,0.16883901691733455,0.041073743756847456,0.3005700459623578,0.7621559006620645,0.6343765009464792,0.5308649532724949,0.36559367632609113,0.2835529227842498,0.5646321288090687,0.25076617001330126,0.017633079997111903,0.08626773275069141,0.0723797594718552,0.04100311098135609,0.14359800219118565,0.2666434363316162,0.0596077840457826,0.155501979287331,0.14268218652476325,0.25580836857124023,0.16230476406486752,0.19656787495801273,-0.004181460309089026,0.11495091806911967,0.18586094980017892,-0.0035222210711695844,0.011439370395135443,0.03393983343221922,0.12699621055011767,-0.13379270833746207,0.021386034801553294,0.11099317176996064,0.024901977403790312,0.14522653705809999,0.3959375166771831,0.23058305001742274,0.25108391922591516,0.26365577338801294,0.02491139510718916,-0.06546410300786716,0.27590450280568907,-0.00011929090971875598,0.2289028645918326,0.06115542663766014,0.06751394604911647,0.06012418811548616,0.0022932107776197697,-0.1928510213499336,0.19461370150275153,0.29918317119187315,0.1657186178578492,0.06387871253716068
0.32606691830259327,0.4035360337028212,1.0,0.42466308166090616,0.567372903137749,0.7041554046630188,0.40461749997645574,0.5359679892136274,0.4922963186197414,0.07706980600701192,0.021754127115558086,0.2515813893623901,-0.03383623869483188,0.07420051546229936,-0.04634532142046063,0.2925483991473839,-0.12180543652624871,0.23007606365111805,-0.057094064450867704,0.05465407205798794,0.0041916644659319635,0.30226119058606365,0.4112993605379392,0.16949446513294,0.18500607441869227,0.24222019218393404,0.3104854437508559,-0.17585834518394344,-0.0056317932623355165,0.2572054288372744,0.0991448725313845,0.18111499329773442,0.14779672828983925,-0.006347534581624736,0.19054218916957302,0.1279065387114698,-0.05374840291446528,0.42948668395080825,0.213439690597051,0.2926937035957423,0.22889728110902874,0.5574213072400165,0.4586829655720156,0.008089807219611425,-0.1332660490482136,0.2865290294935338,0.24631846277966654,0.2931950814474382,0.37245290363491956,0.18946378736081418,0.1688516401133237,0.4724940276064279,0.4053348150520014,0.5083017055460856,0.7134789310278795,0.6941553732706742,0.4172325136792142,0.34186682572144306,0.07974911238145466,0.4348028089870004,0.32061001604148814,-0.007476086881453089,0.08536834207610132,0.10144907062963626,-0.02339671447720759,-0.0672926300192435,0.3096283105693203,0.12935843465212574,-0.09407426097487334,0.25872157815595087,-0.21478799180031957,0.2318513007418011,0.3294104628455788,0.09516432322813759,0.004774775623216522,0.367067546908011,-0.023347280695938957,0.035190061175890505,0.05299655625979049,0.2697725741458249,-0.19758498692508844,-0.0026165529543937774,0.20559474366580965,0.1324568590703471,0.15985302098462573,0.14475408208553098,-0.04696922608452703,-0.0769411577275431,0.19564830957924614,0.007006771328743773,0.06352635839634203,-0.04270300644484836,0.17591956025603597,0.4367224508631325,0.4460192937350298,-0.12511732888817734,0.35744579326885345,0.15065186203692368,0.3861242697355823,0.17467956264185416
0.2777580049529505,0.6568377235527344,0.42466308166090616,1.0,0.6288964291586822,0.3667379272890513,0.307477028651793,0.6597009642555359,0.3211907744177505,-0.0020397183948618557,0.030367408442202263,-0.01770057353813699,-0.05606044909888275,0.1365158892352511,-0.0345700483167641,0.3197012076634992,-0.16709674178854744,0.282301937849436,0.15047926319000088,0.020888466138647428,0.1051698895499241,0.185313719396388,0.10127641273399068,-0.07503953476511008,0.03557537458915269,0.1045804570097536,0.10313335086077129,-0.22271298921045113,-0.015843735002791164,-0.042264315012887854,-0.013476733563753143,0.3754681383397845,0.12086680542083007,0.1707814852587509,0.3014301965436462,0.19691319074930388,0.07437474297517807,0.2587012746474347,0.08955765047135605,0.10739168361527766,0.08299978967129076,0.17418042436171516,0.24060505605103139,-0.12357596476523235,-0.02124556239603898,0.10670340618846202,0.20266269867430128,0.10667589601599754,0.26106815591949745,0.12559763176151864,0.1735447974820324,0.6224803719364995,0.6659901616391827,0.7929047022593071,0.4700454247227271,0.29453710418177426,0.6699612932390308,0.3072339791006247,-0.01418306131866683,0.15068011514712024,0.1509249754354903,-0.0013326050309371556,0.15609686421869162,0.1966196723267064,-0.0016606550326637346,0.08299194158512505,0.23363761683354156,0.17731024112459937,0.10423361250295596,0.4487315923138983,-0.011470762739798274,0.2398186778172275,0.11835084832033453,0.018243661100803957,-0.07437317335794494,0.12284295351735526,-0.13490002122909178,-0.1344645050404787,0.13878241651990744,0.16498567135107303,-0.11680149678699353,-0.006703053024438289,0.20832744726870905,0.18708424763537163,0.19897025221013534,0.20318624575272784,0.03203431811118541,-0.22399876941879576,0.17710482975727518,-0.0583834826039322,0.07810339936062217,0.11006469962235009,0.001327896179237731,0.20986881139165403,0.09924846726877183,-0.17566842149873332,0.26127377577703903,0.20698385491713991,0.11465583002928906,0.06474514124985481
0.32272061968536997,0.4625161523487136,0.567372903137749,0.6288964291586822,1.0,0.6896783107459316,0.17318300056782257,0.4846636503831831,0.3941420292255299,-0.16081996868611162,-0.020288111430399353,-0.04143477197965623,-0.01458410424460095,0.024956923800156607,-0.18264237420489016,0.22692200686631073,-0.27956071105260333,0.22406608718993432,0.0447215693045413,0.04635473912755503,-0.08691840730814357,0.25107450151882077,0.17025801770608726,-0.18418302700256362,-0.1097406167264056,0.0017548327552562946,0.31747194011591723,-0.12786813326527408,0.09996201520336716,0.18012941504243857,0.178070005740891,0.4032175596288321,0.2114667647154779,0.16420877495202854,0.30054583482120084,0.3290586099229139,0.16166749921814655,0.32435459250742626,0.035476502624599976,0.06214668869364579,0.26232866149662726,0.2164620735201319,0.23870198882355448,0.006585331685758304,0.07242219597471344,0.3312240277194621,0.28033688707896665,0.2732375055476391,0.4449128881714334,0.3660937430716369,0.23676909735166124,0.3311187333498136,0.3964273928137706,0.7999525975410198,0.7769537720075735,0.42504152620225205,0.41334316437315977,0.32057429222935074,-0.13536462811241545,0.25811816161650647,0.1739937081868654,0.14556557451349833,0.22207345733054445,0.11152762664756777,-0.08886469933382178,-0.12807453801242633,0.21804511868277618,0.26074570189584373,-0.0693394653094699,0.32860185112883555,-0.22294224081000275,0.28603146063537976,0.22367551565937976,-0.13930436891357226,-0.15873859231178855,0.07903889159866578,0.06289421948759805,-0.0790499409627084,0.1943610693963517,0.3045585644269519,-0.2786283580502578,-0.052111333037721856,0.19943799832915715,0.20164409621602003,0.28669630629534726,0.17591341984547107,0.14172550444575727,-0.09769391474142738,0.26988668915416797,-0.02660188330597825,0.17068737516628146,0.042924339318420296,-0.10639890032574313,0.31827219606412926,0.26288666064197036,-0.09014864673435814,0.4249010454047606,0.17261715333323413,0.2652230368103058,0.25030303434600465
0.268523158337968,0.3228608471538131,0.7041554046630188,0.3667379272890513,0.6896783107459316,1.0,0.22156873824749096,0.5275257996124234,0.6989474146834553,0.012880284069439314,0.07910955544483461,0.3194720435474605,0.13527118276936986,0.2974267695079878,0.0935751224988702,0.17602158537619017,-0.06879475371135994,0.28199429287174027,0.16168398020556174,0.17747191169961293,0.1330957455115899,0.36161783587454366,0.3255150698950554,0.05254690216177321,-0.06971768864444716,0.25548031856951364,0.34996841142849977,-0.1023045120216984,0.21033602012894084,0.2846572602085221,0.09792998879293295,0.1957202816521163,0.15362942592819315,0.2588213504128883,0.3024104228903882,0.30784274946711493,0.16673416020769175,0.32555365326594854,0.13752829235062738,0.14061499981754275,0.32675349789200403,0.31430957246765806,0.3710010076942637,0.023198942705831754,-0.005554877567846178,0.32857124358077877,0.3208093574300971,0.32458742611026875,0.5988309490847562,0.3644243114874007,0.07875008191443755,0.3286637220647373,0.21121554297768946,0.5422854882608327,0.8934229898696904,0.812934587771426,0.3153784818034274,0.5513010175053397,-0.09092478708142232,0.3642359574194237,0.1970199247211575,0.1916596818699792,0.3856298403071427,0.2567171769492292,0.1438271663072243,0.12679211047593933,0.1054602688520014,0.29975765109920294,-0.048908507367986145,0.24314626635148753,-0.0753887157077875,0.23952202016016375,0.3484538663448223,-0.09057005358673234,-0.10238299288335546,0.11363243959328079,0.08025848466739041,0.07085022308204615,0.013969593374959583,0.15858476976258004,-0.34979547887452167,-0.040740216081444326,0.11192940489532223,0.10319448499288963,0.0918979858271427,0.13745300466059837,0.14877616944331956,-0.0922896779103045,0.24792290345015527,-0.08713887031508497,-0.0455887656172106,-0.14635738928704847,-0.030138220493550444,0.29604236710835696,0.2532718671224835,-0.07565084178572214,0.30272736690430674,0.07320851737095392,0.3973533114214768,0.25553054632097416
0.16678759264180132,0.12751099516871817,0.40461749997645574,0.307477028651793,0.17318300056782257,0.22156873824749096,1.0,0.36712419718954903,0.2662588801094965,-0.04099449417299309,0.011664619622588832,0.0185136352649043,-0.28098345937359714,-0.027601719044793735,-0.21018281731494154,0.3847634115944486,-0.11442352667878411,0.22749718253706652,-0.11727949125547178,0.2449937058348951,-0.131728608365053,0.20922997717776542,0.2747473701063259,0.30144601101096635,0.04301379065701038,0.2465240826372081,0.24803346426575,-0.24364540463162654,0.09361286679551878,0.2648596702782469,-0.15547843502883388,0.21140860589736588,0.24700281589331627,-0.13572564021770073,0.06576070940448812,-0.02164973049672107,-0.21265959083217967,0.47299649072693034,0.32023801675723357,0.46870123148296,0.3250551720457449,0.2841038584330825,0.4246787778332376,-0.06729733887094293,-0.2514567034650685,0.1923817812886789,0.22378189854622052,0.21738413870393566,0.0521693679779249,0.08275649900015382,0.11187529700113598,0.26963669639521703,0.27346813206131554,0.29335204317075236,0.3156374686468958,0.33187986777544426,0.4057366370636856,0.2641809142243563,0.04469328109647181,0.09024828205393833,0.19950776803568682,-0.24350727831511007,-0.07154786233829019,-0.1727049841625621,-0.3042043767206929,-0.2503916194996688,0.5973180724622388,-0.2813899902369808,-0.1268698563132678,0.3166090617142104,-0.08538089901396645,0.18782981582111385,0.056164109953425155,0.3113429958970206,0.030285764513465745,0.16817820806218195,-0.18318539031099856,0.004774779370505985,-0.013200480930720234,0.2842483747588403,-0.03988397389412618,-0.07115391633388046,-0.15205823907781849,-0.025349318315235646,0.07754932425990171,-0.03983768581823111,-0.05377822564189497,-0.30254800189473985,0.16448352272760966,0.20206153527400808,0.03539645211429759,0.2828717089050664,0.3005722824432034,0.35638787125371607,0.2676087509299982,-0.17968978085004192,0.2346326624789279,0.12041161642321903,0.14000985719622414,0.1426060040998402
0.09321650139892246,0.5633193650425349,0.5359679892136274,0.6597009642555359,0.4846636503831831,0.5275257996124234,0.36712419718954903,1.0,0.7441613159048772,-0.023475998571647196,-0.10078602599525416,0.1105787926578071,-0.04699200397427601,0.2224501656143204,0.009548773931776533,0.24175097149536606,-0.24828607540995423,0.3217292793766981,0.05806332625697009,-0.017897567523980234,0.053921103127857195,0.2354905507043645,0.07555277035588918,0.05355932708860794,0.11415595173582954,0.18390584490372006,0.10770333728485766,-0.42083887441137663,0.06270238283968109,-0.06957765491153238,-0.15886573135756293,0.19172882026346727,0.027080616749943515,0.15123352391117528,0.16691558199490658,0.1986932146597751,-0.07403573470476646,0.2236047072857765,0.1275330198544984,0.14224745819909826,0.0908471266771927,0.27232006391485974,0.25023946482311743,-0.1579325935462929,-0.12433968113200884,0.02142058319174067,0.14854627880887553,0.04545456329111542,0.16963487942000785,0.03687346251026912,0.1126758463186561,0.7430107860215115,0.5740524118944512,0.5373767212331645,0.5607867866430661,0.5638522503022929,0.8912572678212153,0.7672533510386956,0.08638862717691945,0.18337452926181105,0.27406077010947444,-0.1356346023824549,0.2859019671628318,0.2152997715028982,0.05265126112908511,0.01951505871744321,0.2948394868917238,0.1679114390217329,0.12382092222932911,0.5258337515711298,-0.14612749770346412,0.2821003527323928,0.2511462147836974,0.053432146008995665,0.024180747773793244,0.22678074125989475,0.019398914608831457,-0.09033000848772213,-0.05847768258481978,0.1112678985555586,-0.054249916908359286,0.11634404467134152,0.3063187713345637,0.22030214358787298,0.12675846318656092,0.13327944309936862,0.029230208394240023,-0.3128636612636088,0.3363114251049149,-0.01621807642547913,0.10663516965613583,0.058228898155742746,0.012070361259321025,0.2248312758913542,0.10443609320548553,-0.21771619818153598,0.11858305887912148,0.16308878818047623,0.12676155268168224,0.08383093489186566
0.08282167061491594,0.27797921198936426,0.4922963186197414,0.3211907744177505,0.3941420292255299,0.6989474146834553,0.2662588801094965,0.7441613159048772,1.0,0.09041548176869944,-0.09747566110370724,0.2684955846667232,0.13685178732314338,0.36168532941556875,0.17787380350975768,-0.0081039337747097,-0.2929769046520316,0.06174403310008821,0.12759266533276292,0.09582042323159075,0.1338562253594626,0.10369362327302864,0.07127788817418984,0.036765958114742585,0.14517703712772603,0.2295832038399116,0.24953088028135245,-0.20814694128689779,0.2028983801140086,0.03253817801114758,-0.041612122467814996,0.053547491908623165,0.002531792597057282,0.10594528076736293,0.023697305476280777,0.38061177401278923,0.14561966918747193,0.24033360657765904,0.12175677839202133,0.1023995140463218,0.24890048312818436,0.3653001579034936,0.11873369560099074,0.1423564349597707,0.06925153950081192,0.10487166215860147,0.17844507438416068,0.1659195288636913,0.3936662805408273,0.2757236720253399,-0.10447925769633486,0.4207751397744146,0.2058945405573397,0.32532357659261213,0.6290146884780677,0.7602770688339942,0.5910503564600736,0.889428227233939,0.19502494121783462,0.3197514354149597,0.39257853579826024,0.04374052343595491,0.47160562425246977,0.2839924156095295,0.15786582284044212,0.21540642099017734,0.2316567591080197,0.1430062564942913,0.010404996721461519,0.25026918935548376,-0.022875601555804603,0.13114308944620764,0.3738879739320254,0.11527582883637996,0.051704761276915014,0.24289355797695175,0.1254783900900704,0.12280851831944732,0.007675428270062063,-0.009110061995981694,-0.16464029081868095,0.047476231080713006,0.15877777045289734,0.01806315511899268,0.11297324468655796,0.0701109052731758,0.2221259523652562,-0.19710099203863618,0.37215746889531276,0.09823920338786184,0.0015790355561608519,0.03651086646010504,0.04068290906579521,0.23401423328907012,0.09412994547149732,0.06123233788208408,0.1296519530747232,0.20560259175197537,0.2747866105371544,0.32453091988987565
-0.15352359725159806,-0.05857185965576377,0.07706980600701192,-0.0020397183948618557,-0.16081996868611162,0.012880284069439314,-0.04099449417299309,-0.023475998571647196,0.09041548176869944,1.0,0.2828814596201975,0.610714760804021,0.14043370895597557,0.2055806977814787,0.33303222819113243,-0.05224159087047876,0.35954608221425616,-0.19463104366639114,0.14150424385592472,-0.14985298566822336,0.175737622577392,0.08551042599036678,0.023500318436222935,0.40809782180039234,0.463529340670286,0.2358068287009514,-0.10894098193016112,0.09236416232831544,0.1765468994517862,-0.13025321869886478,0.11402567345435703,-0.18595419619675177,-0.013200486110648871,-0.05067199290532454,-0.017365081482818564,-0.11267658691308441,0.08338987227627799,-0.1580134908707066,-0.06164046255068868,0.012784542397356763,-0.26307736921063196,0.3149995428488257,0.003515159172984322,0.21192980198095251,-0.06257911858075098,-0.27857431554824813,-0.2404387709735465,-0.25692603686014054,-0.07663345224497145,-0.23528650038398585,-0.22734510808785155,0.023511305761166404,-0.1526955635928827,-0.0978311412966139,-0.0098093267477408,0.0659302281321873,-0.1190704252212566,-0.045347864866787956,0.6628990606230087,0.48189229988651444,0.4341900438355359,-0.029159575591032032,0.030886940033929666,0.12331153264943416,0.27046477561726323,0.24255069178946542,-0.11002554554051774,-0.02879385463219955,0.19492228426575212,-0.125953199489413,0.1636734708292535,0.06328777648328393,0.1494403520971364,0.3662067555567697,0.4402134523313284,0.5081300318515093,0.05688846683592386,0.20827589508510702,0.047978508792414276,-0.41944286392585123,0.3744189961430853,0.08310658886591142,0.16890422231126742,0.14061264539076915,-0.00716059943729178,0.11169248035033884,0.09649225727136021,0.25928155367244055,-0.06723269768969747,0.18387523735566325,-0.11548938741715357,-0.09541314500012703,0.2410689725399467,0.22444514990048386,0.39280314520027615,0.21200200440200956,-0.062080740357351824,-0.0006247079039284483,-0.12093120718132488,0.037250170794045065
-0.06781931643874357,0.09265850203464647,0.021754127115558086,0.030367408442202263,-0.020288111430399353,0.07910955544483461,0.011664619622588832,-0.10078602599525416,-0.09747566110370724,0.2828814596201975,1.0,0.45611072088666094,0.3524695984524647,0.49335541263322613,0.5410382794777823,-0.06685475927940875,0.4009880748238357,0.07260113247974484,0.46702210690757634,0.4654876215965238,0.3821975373461724,0.11163048042100604,0.26273608042733104,0.19881823333024642,-0.33485220080139333,0.18945294872454713,0.17184353403013983,-0.037799551873939886,0.38069100179842175,-0.04945791243017047,-0.013372364512500243,-0.20012870871419094,0.024959288021071963,0.148942724207344,0.3051151139013941,-0.029216093298130554,0.1499950949423431,0.14110797056494423,0.06422172430438448,0.09476496720085457,0.3035414516617308,-0.15711488429954729,0.26555903923661933,0.06556296328272024,0.2528546466022454,0.30401010206842816,0.15779138985795887,0.23008173788163527,0.1362366042874548,0.14282586260349164,0.21612712972785644,0.016863980787875182,-0.05355695164399563,0.12732038659706713,-0.002103288743089421,-0.031927609196404416,-0.21215669501142542,-0.20534078798048022,-0.16834079556117082,0.19833306519023997,-0.2276307786485501,0.3604016653653023,0.26478286290568076,0.4303729021069529,0.4235740997258396,0.43695038828450233,-0.13724592281634668,0.2188848645616141,0.11215870104604203,-0.12998559875062374,0.35443397596140236,-0.17022747695609133,0.13032282773378828,-0.16854798519854977,-0.17363668826205417,-0.24111851011822727,0.1808593585987208,-0.17964218949390753,-0.10980030529082525,-0.0939707399459103,-0.11143192368518454,0.10880128583195946,0.20317847739167058,0.028639258512245955,-0.01664267111496842,0.14135283114156735,0.0638026361742316,0.2092091978180869,-0.05067048293685768,0.10587547431911248,-0.11502796472595925,-0.36896864294722925,0.023942960064989575,-0.17955414987507443,-0.02791723401834959,0.03814722236393563,0.16782046704002593,0.22553533799778563,0.0989142164268725,0.05583289841823418
-0.2659529091101217,0.06108636347940191,0.2515813893623901,-0.01770057353813699,-0.04143477197965623,0.3194720435474605,0.0185136352649043,0.1105787926578071,0.2684955846667232,0.610714760804021,0.45611072088666094,1.0,0.3162433408988884,0.38865135348094015,0.46919252186971777,-0.04238437414652063,0.3099413277078252,-0.06477810321175079,0.2580663642274873,0.10089970459803672,0.40187632117680483,0.27268803229644417,0.16914195304333085,0.5916017564032445,0.038935925085308694,0.5613673249641342,0.1648232805811235,-0.11647501640250009,0.3238571505372892,0.04060601375534914,-0.09287111245051782,-0.3832298955576693,-0.07782162241915687,0.16842705848515122,0.14225838970551533,-0.05978044194142816,0.010124031153762843,0.03838029564537292,0.21942150187255335,0.1932199572200804,-0.03933617747975979,0.14664149000624707,0.26553057771331884,-0.0018866799142361144,-0.07825094343843443,-0.09162330270355608,0.09496498183952862,-0.08617826456840234,0.09803829238201972,-0.05638692948337618,-0.12102302982549527,0.1375816593365542,-0.05398070626497022,0.030119385086752746,0.1767640143274661,0.29713795993708975,-0.009714361055912906,0.0905826816146944,0.19599339505068294,0.5287663750317847,0.26484779421690224,0.06911495562692081,0.16832261284763098,0.13818753158854682,0.3914719556488955,0.39332410398400247,-0.16869938718196426,0.1587903273907625,0.1663284794209494,-0.037526408809947606,0.3367535292843487,0.047101073932110916,0.2772143499287156,0.09352407321950469,0.2555431032588393,0.27810321175078245,0.29283104515753566,0.12354702380722611,-0.2507432137598925,-0.33321181875154376,0.1513927213709665,0.08047823116625973,0.15195464434043116,0.12649702243610872,0.02175961224160824,0.1832505294517348,0.09282402393352357,0.008965664190206375,-0.06771493676990427,0.05348784645376378,-0.25083748922361176,-0.31573164568088424,0.11459147572273025,-0.07469808412520523,0.2518152623301282,-0.1170275216685659,-0.1110661154170944,-0.060717503429613656,-0.04097642748839268,0.034782717886416216
-0.14086849310016697,0.09542331007160594,-0.03383623869483188,-0.05606044909888275,-0.01458410424460095,0.13527118276936986,-0.28098345937359714,-0.04699200397427601,0.13685178732314338,0.14043370895597557,0.3524695984524647,0.3162433408988884,1.0,0.7351129653522692,0.6400320829888841,-0.22567171769492292,0.1373524952205155,-0.11132196302609645,0.6131202001577153,0.09739945816813111,0.4348610554660118,0.023616460889847403,0.10814348812898486,-0.04443511393469401,-0.1401260088714766,0.04057303585947531,0.35414752059154125,0.03139077504559738,0.18598808894573332,0.013780459905878926,-0.00023701220220437045,-0.0831489033084392,0.05113812945575092,0.16114089242978474,0.17044637184797523,0.028935893692964034,0.16316171138506164,0.09848174789505194,0.1777952528496401,-0.006528040634267379,0.11559446113470769,-0.16711243796087885,0.07659732097730647,0.09270944187550424,0.241702313342045,0.21961386616105733,0.1637911278955514,0.21088121450703032,0.2412847003129817,0.14671526201620472,0.04940215218151755,-0.06094666754565232,-0.11598372620852679,0.03080216858316931,0.006179583046878189,0.14587237756200772,-0.11870858172526048,-0.042195268385150274,-0.13960960480177304,-0.001298073451808042,-0.13774176029433463,0.6800507928136644,0.5519841531444142,0.6334519963961588,0.5039836885377132,0.7195988686198983,-0.17527765558740177,0.3998992305736323,0.06777295948699132,-0.05796596441991656,0.36927285912057484,-0.112869605617974,0.252299001447756,-0.1715779989891665,-0.28568760222132233,-0.3260142081751944,0.1902447465871749,0.06733427772046384,-0.11771344439944875,-0.07961494134927317,-0.24156252256324773,0.08084944578756394,0.07180998841622482,-0.04894066532935278,0.06863546449505334,0.15702613923845704,-0.01543718548794691,0.040276425616368274,-0.10329427728662398,-0.11487086759022945,0.0007400748158348327,-0.12485363319300956,0.12744350162769308,-0.29112161708245826,-0.2387230849884947,0.12163277863060314,0.0546980213405159,0.22925201460371875,0.1691670669190611,0.06531334268825205
-0.13932948279915733,0.2392865775751925,0.07420051546229936,0.1365158892352511,0.024956923800156607,0.2974267695079878,-0.027601719044793735,0.2224501656143204,0.36168532941556875,0.2055806977814787,0.49335541263322613,0.38865135348094015,0.7351129653522692,1.0,0.7695090745494514,-0.22427475835742697,0.15312243956188845,-0.05115853447978176,0.723866157116448,0.307809787505219,0.530030124890609,0.04117890811146794,0.10969897880702811,-0.0031957431947239267,-0.130392812408766,0.16296080037921953,0.25953798280490964,-0.09832239310121833,0.3996210939541434,-0.04151717691673222,-0.0631912201890447,-0.07198421592910353,-0.056482676134597815,0.2153005563118227,0.20634039282042688,0.16318839487802506,0.26370511287117526,0.20102252754778974,0.1905452536344487,0.05002372084974786,0.2591563621295311,-0.06720316183695443,0.15413641229449787,0.1269914518645483,0.22795952426454366,0.2724840889800872,0.23079180910943056,0.2513946049116462,0.35424377411324476,0.23752232780514143,0.007242216755592615,0.15195935319213058,-0.0602921371594323,0.1567309895808808,0.16301573698237948,0.3208423193919931,0.08936458755167964,0.20312589517309335,-0.08418642029954575,0.1036920536557955,-0.10595544170598557,0.609353663015737,0.7414856113188238,0.7953140647121792,0.6263243645404631,0.8209176610191838,-0.11164691760409681,0.36425636244345455,0.09674810498075805,-0.046609783738137615,0.4954386923204907,-0.11602139702212219,0.3186193316642642,-0.022434539113291834,-0.25866350231832463,-0.25125961782959605,0.13485371750254432,-0.011453505939047393,-0.13113995021174135,-0.18500928625161378,-0.27307258851856386,0.07187044688197929,0.14518645483112488,-0.07026862429327985,-0.026851452543979814,0.18046838181426453,0.115731017833991,-0.08927287003677917,-0.0283897003165726,0.03840853369497314,-0.09759569861925392,-0.1569083563282258,0.16655051499141418,-0.1364028767944649,-0.19473613164693657,0.1142414510797397,0.08958904281601889,0.284053630681622,0.1931759321171939,0.19165183378381348
-0.12779833541961788,0.12775433597121677,-0.04634532142046063,-0.0345700483167641,-0.18264237420489016,0.0935751224988702,-0.21018281731494154,0.009548773931776533,0.17787380350975768,0.33303222819113243,0.5410382794777823,0.46919252186971777,0.6400320829888841,0.7695090745494514,1.0,-0.3456345592179802,0.28971299930036515,-0.11946047525674962,0.6005399487519572,0.3376656093982698,0.7581751615726008,-0.13122790027120082,0.1416038590624546,0.09696949720000322,-0.13445974342242864,0.1263762114997364,0.10562594643126333,-0.04739147171686342,0.33381259054753903,-0.15418205219766204,-0.1337447824921789,-0.31514708692663795,-0.1918834276216003,0.0947437401653593,0.09141771863804206,0.11651194812727829,0.3091323113290153,0.059774210383810956,0.09018867198950933,-0.021986430648370147,0.12225282541023884,-0.1727513556593293,-0.0023614900539204787,0.15749623978425245,0.30137930222611137,0.13520144090975086,0.08266941768355648,0.11342686424493817,0.20545826758925154,0.132885416719815,-0.035509478533505466,0.08859629468163142,-0.11869921059995239,-0.028143248033761507,-0.04305147836419468,0.1310340524668411,-0.1156996708903864,0.02943820586260801,0.02773985624655143,0.1622615995740182,-0.11946753853707041,0.4981676673634845,0.4259440564654653,0.6415946375576298,0.6529257088100405,0.8321266242111839,-0.2600057291073972,0.30521376036882086,0.12600583113259745,-0.27662317124807545,0.6377639851969831,-0.29051193478553994,0.35710103798961546,-0.019507995437122415,-0.12333586172609469,-0.19542056144447156,0.26770627729664614,0.04523249786434052,-0.15699788611717386,-0.2659640008005054,-0.06511873570421994,0.1369884515321438,0.23370118635642875,-0.09945569577039767,-0.0032498950317651535,0.09115716197285345,0.15811702364355823,0.05626066360383276,-0.018380246650044823,0.13544624824056692,-0.10362307182181692,-0.2190456644996953,0.1357013111410402,-0.18220437915533202,-0.2274337022851064,0.2128244841549204,0.04996721460718147,0.24644255924622568,0.1409822903942243,0.1401935574250684
0.3678705504767801,0.1074073376466415,0.2925483991473839,0.3197012076634992,0.22692200686631073,0.17602158537619017,0.3847634115944486,0.24175097149536606,-0.0081039337747097,-0.05224159087047876,-0.06685475927940875,-0.04238437414652063,-0.22567171769492292,-0.22427475835742697,-0.3456345592179802,1.0,0.2032497355194962,0.6652602896257719,-0.03810875175748442,-0.08154789373063484,-0.11402802788113063,0.6790635035740185,0.3896245161654879,0.10355086937245918,0.0396767844193515,0.13624277583668445,-0.040648409387900555,-0.2699443413729128,-0.09337193026659779,0.13609371560330683,-0.28794157256811354,0.27768255433230055,0.5258421781264421,0.2807740256499317,0.4355202949626197,-0.2652040973288254,-0.4805791259743399,0.07202269981333874,-0.0024297674769030823,0.19307476756904174,0.0025160964247258662,-0.0012305799107829565,0.32629203042546046,-0.5106655490991967,-0.4803171883749763,-0.15052399729869925,0.09942112516441741,0.0030387789633619946,-0.10708085726214805,-0.294446066382252,0.214173570696193,0.19699638046266038,0.5017925028802476,0.3627165679377427,0.2931385752270451,0.15547372617713445,0.27725247921041973,0.03107373675144871,-0.12096255207205171,-0.07216158267644852,-0.0581904196842558,-0.14903986513848733,-0.1548066388530493,-0.2409409541389237,-0.1210378936992425,-0.248153345325209,0.34106775608612133,0.042315310988262404,0.07460001232150586,0.5294711331694653,-0.15081196299470412,0.4328737494074695,0.030051926923265273,-0.15257464314752203,0.07567909489591867,0.08002379539725443,-0.19013487333774026,-0.30581661362673684,-0.11437643816178987,0.2723679372592563,-0.05951674624626039,-0.007500418891764046,-0.0962834603153675,0.3696982253907562,-0.21614108666999782,-0.023862900159357287,-0.3118201595358956,-0.23961177041669193,-0.006371868658988581,-0.4199087110617205,0.02685773101537608,-0.008819679233022236,-0.12404371070070852,0.00044734091144533496,0.08911815764607643,-0.5478937306348474,-0.07937083462826755,-0.12283981428288897,0.0333418092663923,-0.39171681593726554
-0.02985884034279114,0.06427268646267921,-0.12180543652624871,-0.16709674178854744,-0.27956071105260333,-0.06879475371135994,-0.11442352667878411,-0.24828607540995423,-0.2929769046520316,0.35954608221425616,0.4009880748238357,0.3099413277078252,0.1373524952205155,0.15312243956188845,0.28971299930036515,0.2032497355194962,1.0,0.25751454250366507,0.27273836707163596,-0.007749200280019714,0.24625106586863957,0.34395807238446835,0.25401743530822574,0.32941896648482316,0.04841170432178409,0.05032349811175047,-0.23815271602862467,0.05788120508932692,0.08884279440860751,-0.24973169344894444,-0.05957325246665348,-0.2069493233380108,-0.03015391666588186,0.22714724702765177,0.38995114956852245,-0.3014779515867261,-0.10446430533450113,-0.3651143015338194,-0.3103588458918408,-0.1571336580611181,-0.2512203773987675,-0.21194070613940086,0.10278638451227284,-0.32150626748161193,-0.10880904853298466,-0.24079428941636005,-0.12559135329258608,-0.2500557214117765,-0.21324505806014146,-0.46800492231964314,0.06353577610343643,0.030850826717396695,-0.016573588364741373,-0.1546936264122631,-0.13240977055335285,-0.1344675387460014,-0.32496570386345586,-0.35128610612986066,0.08558965810597428,-0.019268621154045373,-0.12013222455571984,0.10008821248850255,-0.024723041039212176,0.16575157981974517,0.32533613353047725,0.2607448147694703,-0.21316509122816782,0.23369874022520867,0.28293460461917164,-0.16385705181934335,0.31276506911024676,0.15922040251264327,0.11822684841294197,0.0068278349641656385,0.4304973489164932,0.03832220474715036,0.18785264898519766,-0.031714925894397984,-0.08424606575440513,-0.2266944122781961,0.4034245908792682,0.03253817801114758,0.14009461652681376,0.31372567485692937,-0.05396110722413106,0.15504999036648237,-0.1347924495132617,0.12911922002497578,-0.11106310692763001,-0.11256353025751141,-0.16320101585668448,-0.33106994528314326,0.024664965201585943,-0.09107233110133763,0.06337172617085597,-0.17850471983902005,-0.1268125154999702,-0.08549391145475264,-0.14564478306320222,-0.36273226411007414
0.28887246894219004,0.12160923437210602,0.23007606365111805,0.282301937849436,0.22406608718993432,0.28199429287174027,0.22749718253706652,0.3217292793766981,0.06174403310008821,-0.19463104366639114,0.07260113247974484,-0.06477810321175079,-0.11132196302609645,-0.05115853447978176,-0.11946047525674962,0.6652602896257719,0.25751454250366507,1.0,0.11605205009750182,0.2640786817726629,0.0968509149498719,0.5484038562356184,0.5355408430100236,-0.03307813953124363,-0.22924573613478616,0.021684262075850183,-0.14077908012514193,-0.4286138082367234,-0.08673793522109582,0.0072641914054795455,-0.36518557584547434,0.10762551444204817,0.23223899619838706,0.5127211640600287,0.5021654840250568,-0.0286549322082317,-0.33367864912462447,-0.048858279596816025,-0.11587385300220689,0.0603109962325294,0.13878869498884003,-0.14248671319012146,0.25870117313192004,-0.5182562180386691,-0.2959906858877064,-0.0938301853993435,0.15827549293829207,0.11821101306235461,0.11516595563006006,-0.1630581166476743,0.2521850061470353,0.30208853269041813,0.4037856028428907,0.3053580453870519,0.24915319150272014,0.18207559904441703,0.22434225189845206,0.12490317416097929,-0.3741041409641845,-0.17367500761264357,-0.27237253923258276,-0.02083666876995376,-0.03828924278525439,0.014850148642751979,0.06455992641634412,-0.06459288837824008,0.20975980530461813,0.24541907210507646,0.26126759983065834,0.5870038832330348,0.07315201115056083,0.3455700692829047,0.17195255512416024,-0.30237420302684986,-0.09352721245397097,-0.16065503266373463,-0.05974750342471454,-0.3971864589016248,-0.21550844611033154,0.22395621394049967,-0.13413164065810912,0.19514980236550758,0.15032852088689652,0.36513534809401377,-0.21424969716187273,0.1156855443297448,-0.211254783408518,-0.25365593714321005,0.2126857398930758,-0.36057090118003826,-0.06322028291577407,-0.26804667413804467,-0.3115643119268935,-0.033093809743555934,-0.055898778523869166,-0.5059378619929744,-0.012944633321718167,0.009711221821446622,0.22466245381401292,-0.27170231267403133
0.10554036077680418,0.16394972357068918,-0.057094064450867704,0.15047926319000088,0.0447215693045413,0.16168398020556174,-0.11727949125547178,0.05806332625697009,0.12759266533276292,0.14150424385592472,0.46702210690757634,0.2580663642274873,0.6131202001577153,0.723866157116448,0.6005399487519572,-0.03810875175748442,0.27273836707163596,0.11605205009750182,1.0,0.20653424062478656,0.49090994706461727,-0.0252425942486867,0.15239419696586193,-0.22172203694178694,-0.18983586113749312,-0.013678434745689607,0.08207145769347463,-0.023140091139862186,0.315560267902787,-0.16212746086744964,-0.028581171413651046,0.01758835280771414,0.001835668074483217,0.2879308112180632,0.2634141556041265,0.22290378517270062,0.32613519667902763,0.04574025168832086,-0.05333561451127808,-0.258273655131279,0.12939851066811386,-0.17614957830255817,-0.07120414410505058,0.16029957726268512,0.28064542711280455,0.12800944910315926,0.15828026389986113,0.2257094770779069,0.3526593839014771,0.19283932489168176,0.022759467742378522,0.09973194851183337,0.05057465671477019,0.19361550091804514,0.11778961705641838,0.18652789152058558,-0.033870783565004996,0.012254800974263506,-0.14825589950679824,0.08055200320516584,-0.12876752429278915,0.5840422446948347,0.6277074436380143,0.6845331034366917,0.5462199481948049,0.6821865247523373,-0.15598554381393742,0.4232537314721654,0.1330950129297321,0.030555750667776643,0.48703672238682977,-0.07607780752640192,0.3309240979004216,-0.17684413420077008,-0.21908255051914835,-0.26328769800240687,0.0713988047355389,-0.016512392731252268,-0.04471919732882779,-0.12444798480609326,-0.31310109006037984,0.06942030066041698,0.11818829999008126,0.0007667583192689624,-0.05335447086199522,0.22327116336196579,0.18378027547579473,0.05313790521696135,0.028069509038663665,-0.11024681848272953,-0.011068164605888423,-0.15615735575899875,-0.010241756465158607,-0.10366227160589576,-0.24304747583869493,0.1589002629502424,0.061384614841290853,0.24595990175763774,0.2435042346327733,0.10204085636781013
0.08797315639555203,-0.046849935174808274,0.05465407205798794,0.020888466138647428,0.04635473912755503,0.17747191169961293,0.2449937058348951,-0.017897567523980234,0.09582042323159075,-0.14985298566822336,0.4654876215965238,0.10089970459803672,0.09739945816813111,0.307809787505219,0.3376656093982698,-0.08154789373063484,-0.007749200280019714,0.2640786817726629,0.20653424062478656,1.0,0.3417065905506914,-0.10405934408835062,0.42140926513660376,0.03619775623041544,-0.4389183453722975,0.1044140775830406,0.21087902558092186,-0.20049348765809968,0.3387143799477231,0.04995858170901161,-0.2877171173037743,-0.2145431315119495,-0.0662488345592044,0.1407821641184683,0.16377942003406545,0.19741703788114232,0.15049333069637638,0.21764007171585625,0.04252877893196965,0.14339243860146583,0.6116845446069521,-0.08789542582145918,0.06666321350875376,0.14612351631931036,0.27934410378943214,0.4061456817262656,0.1928698567567313,0.49590800787320005,0.34797315326684436,0.4524076358739158,0.07145371334305214,-0.029111690823075884,-0.12849828440836417,0.12867251192124288,0.0524110890318287,0.15026259696310457,-0.13575933372887689,0.02714498173357347,-0.3482556843688098,0.1208715142725295,-0.2632389365529322,0.27321542368677976,0.18387281077636408,0.21490728271003834,0.1916596818699792,0.29076217473606886,0.18346399747920786,0.08784048921829922,-0.041929201602112165,-0.12610147889335707,0.4706246134817563,-0.21291072958948232,0.10441577011994023,0.040875971985471625,-0.3393810685326276,-0.31526860859710754,0.17470552988141705,-0.1388625759793866,-0.22447566936326907,0.007318343221272338,-0.23691174670144938,0.034511187647424106,-0.026612860187914575,-0.20558061711071138,0.046010208009684944,-0.02667251610918624,0.14368433113900844,-0.03580772009299335,0.10223556921654446,0.31549306386144677,-0.2565195058372323,-0.22522751601794386,-0.030684447290683693,-0.07109738219237857,-0.06879789294582624,0.06920285419197675,0.29227371613158415,0.338608816853922,0.25383849894364763,0.3159184301316281
0.0800560353792002,0.18047858433028346,0.0041916644659319635,0.1051698895499241,-0.08691840730814357,0.1330957455115899,-0.131728608365053,0.053921103127857195,0.1338562253594626,0.175737622577392,0.3821975373461724,0.40187632117680483,0.4348610554660118,0.530030124890609,0.7581751615726008,-0.11402802788113063,0.24625106586863957,0.0968509149498719,0.49090994706461727,0.3417065905506914,1.0,-0.07150629554099587,0.252945485994908,0.053069605935361676,-0.14020219032323827,0.1302829903260628,0.03779093380171057,-0.10034723870866742,0.17343591321264112,-0.07150475398192584,-0.2918147176002651,-0.2911750983267705,-0.13299764439602324,0.21525512186125356,0.06080780414300794,0.0900081659368667,0.1410513535795832,0.049982930399193215,0.07812066515696191,-0.04606516271057413,0.06049856556549284,-0.25117966591470825,-0.03667882989698488,0.02998990343318819,0.15477693759589387,0.022291721439811018,0.05028584703054196,0.07564537780898412,0.241123909164664,0.14291684439319868,-0.06693245539340525,0.13421174380227616,0.047512332291241535,0.07891567659751407,0.02484626574179742,0.1577167710920463,-0.05602593950457798,0.058615854957783715,-0.08963538169771341,0.127464741478064,-0.13041012937183719,0.2674581726273764,0.25334102969287275,0.4078283120604648,0.5555693769127692,0.6046968459707002,-0.21081467122379227,0.2210492816840286,0.14560408728648283,-0.12818362645293643,0.6621213149787963,-0.27216624136565126,0.3084436121972957,-0.059763199603205204,-0.09573256223241204,-0.16220823256714995,0.13619343977962556,0.03568921385236202,-0.22615760297381537,-0.1831752596737548,-0.07321796380540284,0.0929645776352913,0.1578611759341604,-0.08475151576034314,-0.07252971483956537,-0.015972437499754747,0.047372636302674624,-0.03042707782332356,-0.00778531369634691,0.06063119827373895,-0.11593908310737368,-0.17540793386887427,0.07807279181256538,-0.24473952387998857,-0.2684470318722883,0.05865897344638696,-0.012174740846283944,0.10546890175017126,0.20582320373915947,0.09615635905165999
0.03218030514156042,0.09590675217941352,0.30226119058606365,0.185313719396388,0.25107450151882077,0.36161783587454366,0.20922997717776542,0.2354905507043645,0.10369362327302864,0.08551042599036678,0.11163048042100604,0.27268803229644417,0.023616460889847403,0.04117890811146794,-0.13122790027120082,0.6790635035740185,0.34395807238446835,0.5484038562356184,-0.0252425942486867,-0.10405934408835062,-0.07150629554099587,1.0,0.41342776150607913,0.2895443790001637,-0.033423429362515654,0.39284694034512746,0.05412593833755527,-0.2640284540212024,-0.02523476596392645,0.22024092849175939,-0.15492279052830177,0.09564305648424576,0.4372168802915721,0.5423563338593278,0.632185563361401,-0.23648324119680175,-0.3618046203252875,0.03015392849841563,0.12720021095655615,0.3182800441533746,-0.011400129964306904,0.024504864243805505,0.5961830048124465,-0.5595261639496593,-0.4191311301915923,-0.07525140372886843,0.2818655842586227,-0.08175351358817638,-0.05135002778222503,-0.31054092149088525,0.19086239121078258,0.13337979400343433,0.2990795764544858,0.2653139705351453,0.37455932996179553,0.22171314303293999,0.1715560243479025,0.07729350688083875,-0.1707617980279329,-0.07811514084175433,-0.13397153970032868,-0.035077805926246826,0.0004394928252796273,-0.054657211292454225,0.10287271346009562,-0.04232158945719497,0.14996835258012975,0.15714379891319702,0.2855644993252825,0.48960599468213684,-0.10505448141416235,0.5802090102307651,0.2167604710271402,-0.18482399881964784,0.07580152504010372,0.08521294997002031,-0.08461652862532343,-0.2776961140171708,-0.166260135803283,0.09978531551870162,0.01743216899126979,0.14665959815429766,0.07836627959905697,0.5650480773758512,-0.21996859979494635,0.20830319994068447,-0.2547002188046423,-0.24965105405824653,0.012067231494101296,-0.42169964432473495,-0.07654084479187652,-0.3230131000254278,-0.1212152604465875,-0.05937391107804451,0.1374388241683383,-0.6083051587039985,-0.12027505972393572,-0.13437964018094548,-0.043630650229635,-0.35822432341649163
0.2424345400686345,0.03970817676401433,0.4112993605379392,0.10127641273399068,0.17025801770608726,0.3255150698950554,0.2747473701063259,0.07555277035588918,0.07127788817418984,0.023500318436222935,0.26273608042733104,0.16914195304333085,0.10814348812898486,0.10969897880702811,0.1416038590624546,0.3896245161654879,0.25401743530822574,0.5355408430100236,0.15239419696586193,0.42140926513660376,0.252945485994908,0.41342776150607913,1.0,0.18086713572104032,-0.10423985007016189,0.10835381683822583,0.2020248078199014,-0.23758354287723396,-0.06293073781126474,0.3175077921716339,-0.17919535142160234,-0.016926752242198216,0.33627322641100743,0.332828047187447,0.47589243565845796,-0.037374155938332876,-0.15968814844811943,0.23901355796659415,0.15076016562601044,0.358525830612363,0.3377627931652587,0.015099717782821482,0.3830901996239197,-0.16765238628907955,-0.04940058256366848,0.21945376514045256,0.33775337546185985,0.40536306816219797,0.13480971530282626,0.05420359191207632,0.29578663556732776,0.15157165773554462,0.15065343165415682,0.1933077799647778,0.2700118349139379,0.22654599449378274,-0.05397913664773708,-0.05478125404668947,-0.18238795287381218,0.14866629623699965,-0.12447692505705558,0.23555402779478196,-0.020114644842708657,0.09127010287271346,0.09596796725150605,0.09193875981403175,0.1448396262583051,0.1451534928692289,-0.0003539488249644852,0.13828327823976844,0.08157928607529767,0.13635264904300437,0.40247623106233416,-0.053603998129016256,-0.13713117919064258,-0.056603536661549714,0.03459673182019823,-0.1783008095307782,-0.1316861770088746,0.25488553365635414,-0.15206451754675104,0.049696455528217505,0.13973517418042436,0.18763361366697118,-0.03888885182847045,0.061424640096442044,-0.1165550668813903,-0.022479299667374053,0.09479322034436947,-0.12881063823775935,-0.11372195240056267,-0.16227801688280297,0.007700542145792327,0.0366113219630261,0.1136293003588145,-0.21154045374494976,0.17324179325629652,0.14490392372915942,0.22255131863543756,-0.12236265064401396
-0.28481758475650926,-0.03139707815523708,0.16949446513294,-0.07503953476511008,-0.18418302700256362,0.05254690216177321,0.30144601101096635,0.05355932708860794,0.036765958114742585,0.40809782180039234,0.19881823333024642,0.5916017564032445,-0.04443511393469401,-0.0031957431947239267,0.09696949720000322,0.10355086937245918,0.32941896648482316,-0.03307813953124363,-0.22172203694178694,0.03619775623041544,0.053069605935361676,0.2895443790001637,0.18086713572104032,1.0,0.13732434988369432,0.6167972720032977,0.212172165306068,-0.16039852612831076,0.19060998192191272,0.10144997486648227,-0.1955069671440217,-0.32267588555921706,-0.026200071417648223,-0.05505595888226279,0.07221424986531262,-0.3293357767061786,-0.2794611499810544,0.07267414825602145,0.3329050890955706,0.4885054832680944,-0.11984036980214725,0.15111972657250994,0.42823429694840115,-0.23241654534831105,-0.35061209258086923,-0.13621468308018386,-0.04833012215557192,-0.23835362719214367,-0.2542130521624239,-0.2963628016120894,0.04315432220120573,0.07236412009153104,-0.01874281409047073,-0.09953657014824187,-0.05486679825303154,0.12629699535789227,0.023113416706241247,-0.07397068264330235,0.2358618578789687,0.28834048163751475,0.17486726913860798,-0.2589274012220277,-0.21609172850316063,-0.2207134700733299,0.028810346924930095,0.022611138797443774,0.12653484220816555,-0.21462021119223054,0.057229096499793096,-0.10805096551159155,0.044497113864061195,0.11373219954563048,-0.03231455818916292,0.4164119306700806,0.36323875074077555,0.3089911669721834,0.18135300379966934,0.11537018695740209,-0.23920906925556437,-0.09373137303607039,0.43509196002195166,0.010851561515923248,-0.005857031302118041,0.1245829719941209,0.2646189416137222,0.0359788085727913,-0.1184567511252567,-0.03039255811617543,-0.08258792718688966,0.22254835405890566,-0.1395728831038069,-0.04393519045359402,0.4037301982821769,-0.041279396010827384,0.45711213746732593,-0.28989204949015945,-0.12149003880885395,-0.13735652706222665,-0.2191250161867579,-0.11663677851509836
0.19383524741691444,-0.024150130749115522,0.18500607441869227,0.03557537458915269,-0.1097406167264056,-0.06971768864444716,0.04301379065701038,0.11415595173582954,0.14517703712772603,0.463529340670286,-0.33485220080139333,0.038935925085308694,-0.1401260088714766,-0.130392812408766,-0.13445974342242864,0.0396767844193515,0.04841170432178409,-0.22924573613478616,-0.18983586113749312,-0.4389183453722975,-0.14020219032323827,-0.033423429362515654,-0.10423985007016189,0.13732434988369432,1.0,-0.0046492062445652,-0.08955222709242709,0.1914446443090388,-0.18535003878933998,-0.08500186980726925,0.15831002451742118,0.18230319354322255,-0.020689124750038455,-0.29654633060627594,-0.08893768656380337,-0.10506703835202748,-0.154958891724664,-0.18673351145881328,-0.09372341460811366,-0.12327621624783017,-0.37230535961500427,0.5202323661351943,-0.08557710116810914,0.1520441125227202,-0.13857449661375634,-0.37840661028863865,-0.2851021349933605,-0.2604214736194432,-0.2051725166300946,-0.37685881920834785,-0.22118426881904832,0.09966127660108806,-0.08309710593974554,-0.22347582318575793,0.06947596759054336,0.2215593205440921,0.08790955237655745,0.1422396101068171,0.7598171709846837,0.24477709865672156,0.5058091533798568,-0.30383708628813777,-0.05930484791978628,-0.12062508436692627,-0.054380958659421316,-0.12055445159143491,0.10063604839289565,-0.27753971916408465,-0.1288106887836385,-0.15012760988105442,-0.20459332787106535,-0.08790327390762488,-0.07138549099063214,0.4333289384050805,0.5162314118079165,0.7006896898122423,-0.09241360529056103,0.2165375001472184,0.1278406147876779,-0.1689010830755693,0.30299734106840703,-0.17269092537214026,-0.04192133706274388,-0.060499326634206985,0.02125811933883151,-0.18811948401953896,-0.1516815309418645,0.007653462638558523,-0.05531965488789101,0.07779336930896032,-0.08319053080944655,0.2816505466976823,0.372413663204091,0.38091784937325185,0.2584720090158814,0.11665081353261193,-0.20104285368969924,-0.1644566456024034,-0.03372479587127883,-0.09020904162310979
-0.2326299221744409,-0.05144577443344666,0.24222019218393404,0.1045804570097536,0.0017548327552562946,0.25548031856951364,0.2465240826372081,0.18390584490372006,0.2295832038399116,0.2358068287009514,0.18945294872454713,0.5613673249641342,0.04057303585947531,0.16296080037921953,0.1263762114997364,0.13624277583668445,0.05032349811175047,0.021684262075850183,-0.013678434745689607,0.1044140775830406,0.1302829903260628,0.39284694034512746,0.10835381683822583,0.6167972720032977,-0.0046492062445652,1.0,0.3559957463340695,-0.026692910666804792,0.1968890934627122,0.2681315386846259,-0.1742541963716728,-0.2211731947047393,-0.020664010874308192,0.14113532813450827,0.11743566823145389,-0.1288279040273239,-0.20139758718438922,0.116670479530034,0.2952920900709153,0.37987498778644035,-0.024462484578510683,0.23883138857758146,0.4492275913595711,-0.0872801358660677,-0.34755891070093564,-0.001202327272384903,0.10381291418274739,-0.13198283466593835,0.025850026212607794,-0.08218358871005717,-0.044867526215564564,0.03525203343912554,0.03477800903471679,0.13180075906689395,0.16809501834882545,0.3273483828233647,0.13156374686468958,0.11502399554231897,-0.037146561439527354,0.24965546901732544,0.1474514124985481,-0.04427890214692245,0.13549249879924283,-0.019289026178076214,0.23370815792860752,0.1496849778213085,0.09997759370521227,0.01752477640802514,0.07315596390036472,0.11190115178512568,0.11430737500353164,0.2577217319784397,0.18618586094992906,0.21282753987612582,0.11903349249252078,0.29454181303347365,-0.07661461683078265,0.1894976828507994,-0.2603963597437129,-0.18112291245732523,0.03383623869483188,-0.09124345518408199,-0.1408103619851263,0.10870855033291582,0.14529324581668532,0.06683275839540051,-0.07103616712028604,-0.15925904561677248,-0.09895663495650575,-0.03954336695453447,-0.38984049151016326,-0.295310925477713,0.10407660987791517,-0.08499477317461364,0.3848607278629034,-0.2724855516733689,-0.13349751529591994,-0.2603885116575472,-0.04268103180358438,-0.02531164750164025
-0.01333940775917751,0.09797323015710974,0.3104854437508559,0.10313335086077129,0.31747194011591723,0.34996841142849977,0.24803346426575,0.10770333728485766,0.24953088028135245,-0.10894098193016112,0.17184353403013983,0.1648232805811235,0.35414752059154125,0.25953798280490964,0.10562594643126333,-0.040648409387900555,-0.23815271602862467,-0.14077908012514193,0.08207145769347463,0.21087902558092186,0.03779093380171057,0.05412593833755527,0.2020248078199014,0.212172165306068,-0.08955222709242709,0.3559957463340695,1.0,0.021493570450369395,0.029149418828461185,0.4887927235599023,0.024945161454887035,0.0980776097850317,0.3135603263237754,-0.06336473748709966,0.1695612404542765,0.12622871695466512,0.03255153253623878,0.5468654903156885,0.5324860009654793,0.4673124864375461,0.4426394704108662,0.14588818822869123,0.4871593437426698,0.09210521152573675,0.13909807333182936,0.6061358764302148,0.38443016963663396,0.40654530899914026,0.16886504812847816,0.3661990511657507,0.2194335323218092,-0.027844246759727454,0.0027609588799211134,0.26613116516710894,0.32975329521786645,0.3552595952739882,0.09627961183338325,0.10011230628930916,-0.16588120342652818,0.17698154521095236,0.17358253642501195,0.3657579883770879,0.22292820172743377,0.15876455330625397,0.04318648244579279,0.18302222187347447,0.19830645949265943,0.1065684608714065,-0.27533316146006515,0.006052448801009558,-0.161843359925336,-0.012239884790008438,0.09236509211513719,0.00834880061529301,-0.29601670074055864,-0.10870392679302826,0.023616488691484947,0.16296890426418584,-0.15081914463646395,0.3152940936411442,-0.3499542848623149,-0.04589095306878541,-0.0194452183535547,-0.15750571929733032,0.43071210870871146,0.08202279950196617,0.014103021907954068,-0.03508258361073372,0.048116710687980055,0.12754091799139852,0.061747245024214165,0.12633388139181959,0.3414987501914024,0.01760797994028144,0.2514120680116455,-0.002279870820401033,0.35077048646411074,0.23613418668264483,0.12603722350193608,0.20293126248343435
0.11567534181372587,-0.23033034164288696,-0.17585834518394344,-0.22271298921045113,-0.12786813326527408,-0.1023045120216984,-0.24364540463162654,-0.42083887441137663,-0.20814694128689779,0.09236416232831544,-0.037799551873939886,-0.11647501640250009,0.03139077504559738,-0.09832239310121833,-0.04739147171686342,-0.2699443413729128,0.05788120508932692,-0.4286138082367234,-0.023140091139862186,-0.20049348765809968,-0.10034723870866742,-0.2640284540212024,-0.23758354287723396,-0.16039852612831076,0.1914446443090388,-0.026692910666804792,0.021493570450369395,1.0,0.11194680247018711,0.059439858326297515,0.5129948610731787,0.07582193006413455,-0.09112569808726444,-0.3233483401880102,-0.29102049096863747,-0.09709024357320224,0.1930283880972786,-0.25369733294461083,-0.22586321099736617,-0.23264090949938435,-0.2580733262386634,0.01198245795780241,-0.2855604632254378,0.3866045726089236,0.14705435704333786,-0.005552523141072578,-0.3128529676753027,-0.12274092839720106,-0.03033128341322685,-0.0570791306831916,-0.0016496683593688424,-0.3248809445328662,-0.3514388681176208,-0.2663012597747913,-0.05636181560764592,-0.08530084853507623,-0.407160279894145,-0.1699520089154852,0.20338786183601268,0.038833899965154496,0.06555977259385526,0.023836207302487214,0.00556429309148671,-0.0031282471456510613,-0.1004602117727571,-0.03822959733039501,-0.3474796449995578,-0.13754869737465822,-0.38944573262112303,-0.4560852490511664,-0.0497804105490835,-0.32295188495333527,-0.09362699336724704,0.07330740325664184,0.01976775943418438,0.07606992958697092,-0.07718674253676737,0.49835072339806347,0.21088278412426345,-0.14064796179237313,-0.0701461941490948,-0.5194210778487688,-0.47207650942241225,-0.4850839274334561,0.02111763854134006,-0.41931791471563123,-0.03781992723254507,0.4682668148390324,-0.31761948430971915,-0.14418346941914745,-0.19987121285549947,0.014917642183777065,0.0044687002627539245,-0.06297304339363803,-0.07657691595327563,0.3824874666063934,-0.17549890283755404,-0.31413377533754616,-0.07380968077124712,-0.1394338076716612
-0.06756584947035264,-0.020241807667524755,-0.0056317932623355165,-0.015843735002791164,0.09996201520336716,0.21033602012894084,0.09361286679551878,0.06270238283968109,0.2028983801140086,0.1765468994517862,0.38069100179842175,0.3238571505372892,0.18598808894573332,0.3996210939541434,0.33381259054753903,-0.09337193026659779,0.08884279440860751,-0.08673793522109582,0.315560267902787,0.3387143799477231,0.17343591321264112,-0.02523476596392645,-0.06293073781126474,0.19060998192191272,-0.18535003878933998,0.1968890934627122,0.029149418828461185,0.11194680247018711,1.0,-0.24909001298083158,0.03498053083734931,-0.14999436899165114,-0.16410210529094646,-0.04632654054250623,-0.023135409521634127,-0.04336936001531814,0.2265070207101035,-0.03131783700128261,-0.1530661135330086,-0.07192782260788248,0.1118141696578495,-0.03653288410837769,-0.09111952688547977,0.25737593436498685,0.13690536919813914,0.07867561768461542,-0.1793030812801015,0.024740335953437127,0.19169914797165524,0.09131415965151365,0.04281059242157536,-0.07108883298433855,-0.1412092109957504,0.08206282478858012,0.11820173450764727,0.1867681896289498,-0.044904447476456416,0.1245360300456816,0.01953390946203052,0.2862789001210198,-0.0378034907543812,0.12054988465270132,0.3143044488108193,0.20111450802854475,0.26252506975993994,0.3071414921350478,0.01180903378920685,0.030139825591796707,-0.09872044602316345,-0.19158378096920772,0.45613287453399204,-0.14128298309255355,0.14909829201698643,0.15961848838630283,-0.08450829131665112,-0.0468264460410411,0.43278496053204596,0.1668427911459416,0.013530116477517323,-0.2986699827499715,-0.06380187640117449,-0.19380329839889063,-0.2040708855674547,-0.1910815028633138,0.04956859002633778,-0.1323836872564554,0.1988644590760481,0.13967585758201465,-0.13144633505285305,0.1618253728140742,-0.229045969452132,-0.18695183506141727,0.0032067317823164603,-0.052674846736543365,-0.018401429295147834,0.21057460222924043,-0.022144970803138417,-0.02550317082676351,0.024577880378562064,0.12327317375809489
-0.048400754986481664,-0.16762733819105186,0.2572054288372744,-0.042264315012887854,0.18012941504243857,0.2846572602085221,0.2648596702782469,-0.06957765491153238,0.03253817801114758,-0.13025321869886478,-0.04945791243017047,0.04060601375534914,0.013780459905878926,-0.04151717691673222,-0.15418205219766204,0.13609371560330683,-0.24973169344894444,0.0072641914054795455,-0.16212746086744964,0.04995858170901161,-0.07150475398192584,0.22024092849175939,0.3175077921716339,0.10144997486648227,-0.08500186980726925,0.2681315386846259,0.4887927235599023,0.059439858326297515,-0.24909001298083158,1.0,0.013291523945894725,0.21311329383914862,0.4477358458729794,0.010164064370053249,-0.06604562096068498,-0.09681402893041884,-0.14579787795516017,0.5362334650504829,0.5914908661975795,0.5257389959935489,0.2643683798914891,0.08822194082462907,0.46400571968747767,-0.011883576735282116,-0.28819764635711176,0.3694834778036329,0.34189023583903216,0.3006194889246034,0.12106305508064646,0.2235763664210256,0.04416121551253929,-0.18991277241209736,-0.06263167622237414,0.11397858491888503,0.2850151330781092,0.22436666900803054,-0.0965675989281154,-0.026966055810162926,-0.22973397724291328,-0.011696007402318676,-0.06089646369023118,0.14302436321585973,-0.06467453385293413,-0.13424706020388014,-0.19390666502904697,-0.14600349789338787,0.10134241619218408,-0.15876684543307173,-0.2350315297109155,0.12527041572506908,-0.35958139861586014,0.16097058889316104,0.00539007403896276,-0.03871933310077127,-0.33812472261912174,-0.1073901139974286,-0.4578993011273785,0.14833449681348848,-0.14011743095938867,0.3856324973806992,-0.42038290042622284,-0.12347011250240347,-0.2266229946660636,-0.07722127412944683,-0.11417012309732812,-0.036654515203716855,-0.13586769063304124,-0.1793423921318656,-0.11116125174035006,-0.13842773734486863,-0.0010775430762167487,0.19888156880166308,0.24651947052082993,0.09948316408275634,0.1916330735746742,-0.10225432439528316,0.16032783038396833,-0.19642904091249674,0.11760440215022853,0.07140505518973109
0.10460953597780737,-0.014473440506798012,0.0991448725313845,-0.013476733563753143,0.178070005740891,0.09792998879293295,-0.15547843502883388,-0.15886573135756293,-0.041612122467814996,0.11402567345435703,-0.013372364512500243,-0.09287111245051782,-0.00023701220220437045,-0.0631912201890447,-0.1337447824921789,-0.28794157256811354,-0.05957325246665348,-0.36518557584547434,-0.028581171413651046,-0.2877171173037743,-0.2918147176002651,-0.15492279052830177,-0.17919535142160234,-0.1955069671440217,0.15831002451742118,-0.1742541963716728,0.024945161454887035,0.5129948610731787,0.03498053083734931,0.013291523945894725,1.0,0.3359169232990843,0.0577179648970802,-0.2566113284814027,-0.12629380656266043,0.09858608879638611,0.38529080298478413,0.08196701369609925,-0.12130786786334284,-0.09849116560214634,-0.020379910155109576,0.25491682598281584,-0.03579355138455936,0.3784551199344528,0.2629463061202349,0.24416425893830573,-0.0010485043117385395,0.08377204134999638,0.11199689843634732,0.1343168554916198,0.16364835694366842,-0.07787812863954996,-0.1010425397662526,0.04874446317521009,0.14475010124031154,0.0017532624494190846,-0.14395901415480822,-0.0935853617382243,0.24125801682001827,0.15900536495170287,0.13475791793413258,0.11081026780809232,0.05015868830227061,0.1560466364672311,-0.25111835227861334,-0.08829724783314341,-0.1518197168331036,-0.019723810151656418,-0.14091715125348803,-0.14365764764604502,-0.29819274271776086,0.008849501960451924,0.024307905896644083,0.007964237840960103,-0.008857350046617632,0.1112968491503662,-0.04923655749844104,0.13708419825855053,0.5972754584067129,0.14002874755091643,-0.053374834012977594,-0.14467795561985125,-0.031830267870877005,-0.10938191612593352,0.12024685379913191,0.021712523706136248,0.2179068212425718,0.39509588214385544,-0.026029778028411662,0.035545551861723,0.2077750235344736,0.07755478748952281,0.025573773579574886,0.3060816389315302,0.16751112073809682,0.4481429858514703,0.26349007531023483,0.03566327315420861,-0.0069832270702466495,0.07289459392432561
0.46001496630622624,0.12607008654869423,0.18111499329773442,0.3754681383397845,0.4032175596288321,0.1957202816521163,0.21140860589736588,0.19172882026346727,0.053547491908623165,-0.18595419619675177,-0.20012870871419094,-0.3832298955576693,-0.0831489033084392,-0.07198421592910353,-0.31514708692663795,0.27768255433230055,-0.2069493233380108,0.10762551444204817,0.01758835280771414,-0.2145431315119495,-0.2911750983267705,0.09564305648424576,-0.016926752242198216,-0.32267588555921706,0.18230319354322255,-0.2211731947047393,0.0980776097850317,0.07582193006413455,-0.14999436899165114,0.21311329383914862,0.3359169232990843,1.0,0.42601923095034044,-0.0583481891122718,0.18086157108545567,0.14507815124203813,0.1422575490740828,0.3719389999415603,0.14706999551089472,0.12500515030857687,0.2220160791589363,0.25603282383557946,0.2682585724645188,0.05137671127518843,-0.013689422070633072,0.27716861345062604,0.2519267051536812,0.2859183359545941,0.17766340500205619,0.13831624020166441,0.15771363185634815,0.08014779515867261,0.21308652671959416,0.3644619823009961,0.3697092127113882,0.1509971778282148,0.2559606214428549,0.09462601878051406,0.0681088309804771,-0.10716090774103827,-0.007295580899641814,0.06449086325808588,0.1488530806877435,0.0824457147879918,-0.19620529337715706,-0.21782520114644843,0.21547085984844644,0.07787185017061739,-0.15324728426682957,0.2482333958040992,-0.39550430232083605,0.1581059742771128,-0.13899604809165533,-0.20175075106184606,-0.18699320983584944,-0.023352765194679624,-0.24011464488771428,-0.10899901506444677,0.3020665580491541,0.5042436580572207,-0.33398158525062077,-0.10399581539882238,-0.1012277545997633,0.043600827502205314,-0.044390362389448365,-0.04564448705085246,0.09502305767715485,-0.033307316897090204,0.0033809595002984123,-0.12998000307644977,0.2663931869167848,0.35657151646999363,0.05461326200992626,0.3458023726334096,-0.007375631378532031,0.06863151351911323,0.291617616128131,0.08276591670355267,0.14473126583351384,0.013300936433641292
0.15912393349373435,-0.012109596953686875,0.14779672828983925,0.12086680542083007,0.2114667647154779,0.15362942592819315,0.24700281589331627,0.027080616749943515,0.002531792597057282,-0.013200486110648871,0.024959288021071963,-0.07782162241915687,0.05113812945575092,-0.056482676134597815,-0.1918834276216003,0.5258421781264421,-0.03015391666588186,0.23223899619838706,0.001835668074483217,-0.0662488345592044,-0.13299764439602324,0.4372168802915721,0.33627322641100743,-0.026200071417648223,-0.020689124750038455,-0.020664010874308192,0.3135603263237754,-0.09112569808726444,-0.16410210529094646,0.4477358458729794,0.0577179648970802,0.42601923095034044,1.0,0.23546386720093038,0.3608865358573589,-0.13621138349202164,-0.08042247817447237,0.43686074860572244,0.3973407544836116,0.45881499346061494,0.35466286191449353,0.03607922172099112,0.4789891037171675,-0.16378171019215254,-0.06224868946720193,0.25826099684077153,0.4182229421533265,0.36312937727005895,-0.06857186806425385,0.057444851498513576,0.1785667897901205,-0.0584855077240864,0.14071618495113783,0.244116289801569,0.2293257866136764,0.09918725219667932,0.02826409751717946,-0.048433716974261395,-0.040897946626735605,-0.011696787621370653,-0.056005512495722796,0.090477446169977,-0.10628506132494529,-0.1174811410489438,-0.19748296180493424,-0.10871639841908153,0.17656160298793813,0.017553029518221686,-0.014157168189654875,0.25318239894019445,-0.32832939359407814,0.22065679063503574,-0.025142943247692718,-0.24424813764915287,-0.23508942109377207,-0.1376836844567084,-0.20515925538900437,-0.18605629436630422,-0.0017375662770876695,0.3867726734241629,-0.2458632737820555,0.14757390055137887,-0.05295103736002938,0.20454310011960483,-0.2370585989355819,-0.022646446326330786,-0.0648393182838433,-0.01376006567287188,-0.015004773604040237,-0.17510649852926866,0.24504010569808482,0.0752490197740379,0.07794248294610877,-6.278468932566105e-05,0.0039271823173200986,-0.17654740714929257,0.12750000784808616,0.15753463360424927,-0.034070111662569964,-0.1275957544993078
-0.04558172022335671,0.16244446005343444,-0.006347534581624736,0.1707814852587509,0.16420877495202854,0.2588213504128883,-0.13572564021770073,0.15123352391117528,0.10594528076736293,-0.05067199290532454,0.148942724207344,0.16842705848515122,0.16114089242978474,0.2153005563118227,0.0947437401653593,0.2807740256499317,0.22714724702765177,0.5127211640600287,0.2879308112180632,0.1407821641184683,0.21525512186125356,0.5423563338593278,0.332828047187447,-0.05505595888226279,-0.29654633060627594,0.14113532813450827,-0.06336473748709966,-0.3233483401880102,-0.04632654054250623,0.010164064370053249,-0.2566113284814027,-0.0583481891122718,0.23546386720093038,1.0,0.6345983150145779,0.27283411376042904,0.09684385166955109,-0.053277559557210634,0.07802413365924432,0.057606567283657525,0.1741593028699419,-0.11635655596022071,0.26049456303999313,-0.3523415362870411,0.08896989864188762,-0.014058287781697465,0.46141114138297085,0.09032993759592531,0.16893953871287143,0.0331126581439059,0.033890809491482855,0.10114931342954038,0.17437747975096216,0.24436595483191076,0.1645030138624851,0.07367315298163211,0.055586446506839374,0.11281637144094646,-0.2642286839029222,-0.1627905607891536,-0.22760086658603199,0.19541349816415077,0.14336497028910716,0.17638188174422,0.35757307257797966,0.25226505665733767,0.011932239570866312,0.3976720997680803,0.5356142505660436,0.3905664397653565,0.21197453608965092,0.3830416917969319,0.2715544100820648,-0.2708234332957749,-0.08646396883367465,-0.20465069920590684,0.05504338033032621,-0.2496596869630378,-0.19798296258307255,-0.0264543496089688,-0.0744995567791656,0.478501328289626,0.3732276561956439,0.5549101374161614,-0.19677286443597722,0.3763034700340215,0.12407358211515593,-0.016608930822156216,0.31030204191835914,-0.21467584840789428,0.05558332908228333,-0.37535762761682706,-0.2675876660999244,-0.21580754287707118,-0.18192655679604725,-0.3167520211773084,-0.09005603928126323,0.19204038940650695,0.061356361720007656,-0.011437805266147244
0.23939192980666224,0.29870377033981776,0.19054218916957302,0.3014301965436462,0.30054583482120084,0.3024104228903882,0.06576070940448812,0.16691558199490658,0.023697305476280777,-0.017365081482818564,0.3051151139013941,0.14225838970551533,0.17044637184797523,0.20634039282042688,0.09141771863804206,0.4355202949626197,0.38995114956852245,0.5021654840250568,0.2634141556041265,0.16377942003406545,0.06080780414300794,0.632185563361401,0.47589243565845796,0.07221424986531262,-0.08893768656380337,0.11743566823145389,0.1695612404542765,-0.29102049096863747,-0.023135409521634127,-0.06604562096068498,-0.12629380656266043,0.18086157108545567,0.3608865358573589,0.6345983150145779,1.0,0.06060137553460669,-0.030220637257000957,0.03750995726713729,0.09047983610051116,0.135269719312978,0.278927370250505,-0.00156883304014192,0.5343159664274849,-0.44351435866791517,0.07789780998983672,0.1685048206907106,0.5316264262431095,0.23047954572121984,0.07075366378236851,-0.07926491656893135,0.29861441930002863,0.2525185499399619,0.23091119062971313,0.3451887877488453,0.33648761120254544,0.16170595485544867,0.11538417770272404,-0.01564046933180259,-0.2135308121870003,-0.06537144417791964,-0.13884996454626752,0.26862753792493094,0.14151046680043516,0.2011214134722809,0.23377181915963674,0.17521330125559004,0.05835056643606355,0.419052649299139,0.2217352916939715,0.2554356847124519,0.023857406496885555,0.2618640546133036,0.1459259735959024,-0.28699756042148017,-0.06744490935653642,-0.1116061075400211,0.1415850792068718,-0.4706479269844958,-0.07473970831007277,0.10501336137718324,-0.10623644487836476,0.25703915020856305,0.36406893604634116,0.5040890506990877,-0.019718331966457253,0.3513999034684644,0.0019424020882197357,-0.06725977362946803,0.15021338979783214,-0.26600549130806544,0.010914341996319245,-0.3247688443414153,-0.13145549485931546,-0.05850593570610298,-0.04124406341099466,-0.43879608741362136,0.06724949193432765,0.26429225342580936,0.03702963948625123,-0.22081933266914036
0.18917740644980974,0.198788883342908,0.1279065387114698,0.19691319074930388,0.3290586099229139,0.30784274946711493,-0.02164973049672107,0.1986932146597751,0.38061177401278923,-0.11267658691308441,-0.029216093298130554,-0.05978044194142816,0.028935893692964034,0.16318839487802506,0.11651194812727829,-0.2652040973288254,-0.3014779515867261,-0.0286549322082317,0.22290378517270062,0.19741703788114232,0.0900081659368667,-0.23648324119680175,-0.037374155938332876,-0.3293357767061786,-0.10506703835202748,-0.1288279040273239,0.12622871695466512,-0.09709024357320224,-0.04336936001531814,-0.09681402893041884,0.09858608879638611,0.14507815124203813,-0.13621138349202164,0.27283411376042904,0.06060137553460669,1.0,0.645687162728497,0.27317472083367644,0.07280512574203654,-0.1053260665259062,0.3836599706795501,0.22002109565561342,-0.05670713139893706,0.2419392306992017,0.3763645374670032,0.3028797386272591,0.37669871825056744,0.29831360324471273,0.5464606701009892,0.6161375486973747,-0.07424841792331496,0.0891056007082113,0.07411889536617601,0.25785357982602364,0.24862580011238458,0.26120000376708136,0.17660705260415197,0.32164778546464723,0.052580607693007986,0.1013862859403106,0.11320550370586628,0.26045129634687286,0.34022709222129094,0.33638466923456045,0.19641719170363114,0.18282744569909182,0.25129738725338824,0.2863892211245366,0.24241727427229476,0.08126693224590252,0.09798335577885976,-0.0054010528992399914,0.28355718063470714,-0.03430241501307491,-0.08169857698501644,-0.050649978496243905,0.15519753444429463,-0.08021299722572406,0.07278001186630628,0.17024467595437018,-0.18223883923666376,0.3529018898591579,0.33651337784767804,0.0825854107217414,0.17334074716165376,0.2849107534911463,0.6493726239919133,0.08562664491180554,0.6943986965887964,0.3381599063252435,0.3464829376654006,0.18854085242772697,-0.03006130924912651,0.25776725087820085,-0.045299153348464447,0.2807951053056202,0.43842391594385793,0.5210313013068633,0.4262656608559437,0.6848444038436787
0.0803479528847872,0.13168774662610777,-0.05374840291446528,0.07437474297517807,0.16166749921814655,0.16673416020769175,-0.21265959083217967,-0.07403573470476646,0.14561966918747193,0.08338987227627799,0.1499950949423431,0.010124031153762843,0.16316171138506164,0.26370511287117526,0.3091323113290153,-0.4805791259743399,-0.10446430533450113,-0.33367864912462447,0.32613519667902763,0.15049333069637638,0.1410513535795832,-0.3618046203252875,-0.15968814844811943,-0.2794611499810544,-0.154958891724664,-0.20139758718438922,0.03255153253623878,0.1930283880972786,0.2265070207101035,-0.14579787795516017,0.38529080298478413,0.1422575490740828,-0.08042247817447237,0.09684385166955109,-0.030220637257000957,0.645687162728497,1.0,0.2477163041307431,0.03492869228909838,-0.1453638786198933,0.3112394011596332,0.1589158967694138,-0.1067951869257163,0.42989304628173375,0.5500192081984703,0.42621324592658016,0.2389082998220054,0.27514762250077696,0.4521282440064166,0.5859334042800323,-0.15105295851383466,-0.06963763816555694,-0.07366998483749752,0.11728336927756797,0.12832562651271862,0.0902624086090366,-0.1024033979073863,0.045534631669420976,0.13628044665027986,0.09654872562776841,-0.011552382835921632,0.27170074305679814,0.26135539587316237,0.3917639044542598,0.1950547639452643,0.33250143619976835,-0.04536744950049223,0.22017805737892757,0.19724995104755852,-0.23457301702406852,0.2061221350561452,-0.11635572549278134,0.18887540324508287,0.011907116330611617,-0.15676395154277678,-0.1495342945669269,0.1588249212934872,0.11481288185877754,0.22949059642315625,-0.00480852428061508,-0.13633224401897354,0.25953866576991164,0.22097228369889718,-0.04563348181912359,0.130275927045742,0.2904475804537282,0.7854443115501853,0.43431830854738696,0.2915065164700188,0.3786183601266995,0.3119482057502405,0.0644767367029876,0.13779983613196087,0.2563781396268706,-0.09201881029292197,0.5881858050095904,0.4805257589884131,0.48077689774571575,0.1826908889998085,0.5952726268172244
0.12031360976930533,0.1477755964449839,0.42948668395080825,0.2587012746474347,0.32435459250742626,0.32555365326594854,0.47299649072693034,0.2236047072857765,0.24033360657765904,-0.1580134908707066,0.14110797056494423,0.03838029564537292,0.09848174789505194,0.20102252754778974,0.059774210383810956,0.07202269981333874,-0.3651143015338194,-0.048858279596816025,0.04574025168832086,0.21764007171585625,0.049982930399193215,0.03015392849841563,0.23901355796659415,0.07267414825602145,-0.18673351145881328,0.116670479530034,0.5468654903156885,-0.25369733294461083,-0.03131783700128261,0.5362334650504829,0.08196701369609925,0.3719389999415603,0.43686074860572244,-0.053277559557210634,0.03750995726713729,0.27317472083367644,0.2477163041307431,1.0,0.7355770758883328,0.6347128971625222,0.6545761619783339,0.1857870318958262,0.5613071149600316,0.1142564072781698,-0.012160619057522592,0.7132989848492578,0.6066313999696745,0.633803054554864,0.3588711465391576,0.6182999390596345,0.1232433026342122,0.07407889919561579,0.21993485301119142,0.3847109803794141,0.32913787562429175,0.31255093900428205,0.24813382247859478,0.07420295724083512,-0.14367183057859967,0.09495560139712415,-0.0512338962113781,0.2567565181324413,0.17275292527717837,0.1697887019692164,-0.058611884910914964,0.06843533821929736,0.44686331370002236,0.004720625681067358,-0.09762477485785143,0.1394801661126677,-0.21423164655660845,0.09256664303084501,0.06774557092564129,-0.001590022881104317,-0.43942079531754985,-0.21265575023614575,-0.19380550072791056,-0.12117380823729178,0.005931585851622127,0.6077845227771259,-0.41429827683431675,0.16588905151880207,0.05258455237049978,-0.04941627874215915,0.050065335368605274,0.14511122708847546,0.2461121546889972,-0.1641312076497491,0.1374398247049146,0.24156889582487434,0.41640486738685994,0.33824244395780173,0.4113144333032414,0.2746022882674024,0.13263663229073797,0.07735547645554201,0.6051849971217598,0.3922043359908573,0.29971381942569203,0.4468270371383699
-0.11411200243605568,0.09184772201450954,0.213439690597051,0.08955765047135605,0.035476502624599976,0.13752829235062738,0.32023801675723357,0.1275330198544984,0.12175677839202133,-0.06164046255068868,0.06422172430438448,0.21942150187255335,0.1777952528496401,0.1905452536344487,0.09018867198950933,-0.0024297674769030823,-0.3103588458918408,-0.11587385300220689,-0.05333561451127808,0.04252877893196965,0.07812066515696191,0.12720021095655615,0.15076016562601044,0.3329050890955706,-0.09372341460811366,0.2952920900709153,0.5324860009654793,-0.22586321099736617,-0.1530661135330086,0.5914908661975795,-0.12130786786334284,0.14706999551089472,0.3973407544836116,0.07802413365924432,0.09047983610051116,0.07280512574203654,0.03492869228909838,0.7355770758883328,1.0,0.7663925983101298,0.4354400735836559,0.09462280528270375,0.6424867131901214,-0.09258858134855234,-0.11608579688125674,0.43422222100144175,0.6100066237847238,0.38794502572602646,0.07273606258377832,0.3014465592420632,0.0743410253764099,0.0484383878147475,0.04849489403514059,0.09456786867954381,0.09665702921685518,0.21768550521269883,0.15621144627671096,0.02256483505272651,-0.1286583853661446,-0.016592423771539074,-0.08227305689234624,0.0843276858505285,-0.00016010095778043565,-0.009736335697176886,-0.05748252231210897,0.09354133900906925,0.2075293783410947,-0.14903358666955477,-0.09414803301377946,0.08175979205710895,-0.21296095734094284,-0.0418240207942891,-0.056918311921806485,0.01611526013266405,-0.3865825979676596,-0.19994883047819959,-0.20326943549872836,-0.09136199718256298,-0.2485316230783961,0.43618973697524654,-0.3142358004577004,0.24536266216606797,0.0231816769162672,-0.041700021032870925,-0.010236262802686875,0.12753694389912104,0.059435126150137026,-0.16459732011097625,0.015193127893750455,0.12617995975501414,0.301154728611135,0.2419282433785697,0.49922303946959495,-0.023093778351211274,0.0037937648525030684,-0.1506455835679911,0.17678128011703065,0.19443005628647397,0.08578899949458325,0.20062376588845043
-0.16875439002664427,-0.0274675275497384,0.2926937035957423,0.10739168361527766,0.06214668869364579,0.14061499981754275,0.46870123148296,0.14224745819909826,0.1023995140463218,0.012784542397356763,0.09476496720085457,0.1932199572200804,-0.006528040634267379,0.05002372084974786,-0.021986430648370147,0.19307476756904174,-0.1571336580611181,0.0603109962325294,-0.258273655131279,0.14339243860146583,-0.04606516271057413,0.3182800441533746,0.358525830612363,0.4885054832680944,-0.12327621624783017,0.37987498778644035,0.4673124864375461,-0.23264090949938435,-0.07192782260788248,0.5257389959935489,-0.09849116560214634,0.12500515030857687,0.45881499346061494,0.057606567283657525,0.135269719312978,-0.1053260665259062,-0.1453638786198933,0.6347128971625222,0.7663925983101298,1.0,0.45606816222474866,0.14172158040113458,0.6956216687314216,-0.16797265411784648,-0.18637649653310523,0.41220221394684486,0.5055535041522667,0.3794127353298903,-0.08889059802833138,0.1508010348490595,0.1616628538018121,-0.01466180032812974,0.0831112651080687,0.18942383645211316,0.07545937809386974,0.11540772197046004,0.156351988372283,-0.017821455044737478,-0.06391326919613691,0.12948562445873707,0.022858344735954758,-0.0020075412289559938,-0.1452108408796093,-0.1042132074709181,-0.10917398468289262,-0.02403398850490553,0.23775795698460597,-0.10585031888749441,-0.11235093529640283,0.12561887088756185,-0.24331901972658343,0.16463643137965575,0.001058708485521369,0.05978752867986573,-0.23193144223160633,-0.054830675512513874,-0.09307837497400319,-0.08987795819241788,-0.12560160509122212,0.439717625638148,-0.12089667558864542,0.15386028041233876,0.028410083068102804,0.08639804488401386,0.04999548734691315,0.03803028578828201,-0.059381782465882056,-0.0883409433728574,-0.041769149752719274,0.15519910406214368,0.18511295366878697,0.09005603928126323,0.349125389314304,0.013308004933309924,0.22613091947038125,-0.19348365301872356,0.24979840220752975,0.17447715048437787,-0.07276669867379623,0.03620166607086868
0.17329365862618176,0.026397822626974186,0.22889728110902874,0.08299978967129076,0.26232866149662726,0.32675349789200403,0.3250551720457449,0.0908471266771927,0.24890048312818436,-0.26307736921063196,0.3035414516617308,-0.03933617747975979,0.11559446113470769,0.2591563621295311,0.12225282541023884,0.0025160964247258662,-0.2512203773987675,0.13878869498884003,0.12939851066811386,0.6116845446069521,0.06049856556549284,-0.011400129964306904,0.3377627931652587,-0.11984036980214725,-0.37230535961500427,-0.024462484578510683,0.4426394704108662,-0.2580733262386634,0.1118141696578495,0.2643683798914891,-0.020379910155109576,0.2220160791589363,0.35466286191449353,0.1741593028699419,0.278927370250505,0.3836599706795501,0.3112394011596332,0.6545761619783339,0.4354400735836559,0.45606816222474866,1.0,0.12536689802824683,0.3870958628028969,0.18736991797180338,0.3594165887417082,0.7578656493450764,0.6612844491742244,0.8603558636190979,0.4281115307221181,0.7212987640833907,0.043622819261254865,-0.07895017720978562,-0.037636282016267515,0.270046366493067,0.24617876684591694,0.2497716206925779,0.03431811118540633,0.0996103422160965,-0.26520252771159225,0.07460390709121674,-0.12263419442534744,0.37225513186354375,0.26670308178647556,0.24882357188376042,0.10674181993978948,0.16200804271870262,0.3600522839705801,0.2200006906315826,-0.06891799570788529,0.04777914857682806,-0.00825775626355757,-0.05845097614495729,0.07920533325176803,-0.15740435537389852,-0.46358331057388347,-0.36641144690455785,0.04868405201556965,-0.29573652384455756,-0.03432752888880518,0.39941594519839313,-0.45389092415923454,0.2768900062824167,0.124315254482042,-0.04905995623907154,0.007229659812800084,0.14857217750338514,0.29083594674602653,5.8075905993983864e-05,0.18889737791221572,0.3022580513515974,0.17233226769362855,-0.02697701138600341,0.10410172375364543,0.13765229211204555,-0.02893118484126461,0.15249930152033125,0.5764136757610289,0.5886896521414288,0.37749765342223646,0.4665467479100546
0.14020925360355907,0.036198512630709875,0.5574213072400165,0.17418042436171516,0.2164620735201319,0.31430957246765806,0.2841038584330825,0.27232006391485974,0.3653001579034936,0.3149995428488257,-0.15711488429954729,0.14664149000624707,-0.16711243796087885,-0.06720316183695443,-0.1727513556593293,-0.0012305799107829565,-0.21194070613940086,-0.14248671319012146,-0.17614957830255817,-0.08789542582145918,-0.25117966591470825,0.024504864243805505,0.015099717782821482,0.15111972657250994,0.5202323661351943,0.23883138857758146,0.14588818822869123,0.01198245795780241,-0.03653288410837769,0.08822194082462907,0.25491682598281584,0.25603282383557946,0.03607922172099112,-0.11635655596022071,-0.00156883304014192,0.22002109565561342,0.1589158967694138,0.1857870318958262,0.09462280528270375,0.14172158040113458,0.12536689802824683,1.0,0.21785188463941182,0.366025321065205,0.04760337012648739,0.13634485445915745,0.12112265302983215,0.11375957858916524,0.15216183381520582,0.12105358987157391,-0.27221803875467043,0.1262725671717695,0.061916690995733784,0.16811856260732258,0.35771890666742007,0.47271534363630086,0.19938690750873492,0.28662959751067335,0.5363146643059623,0.46380305698652324,0.593960426810318,-0.1771234566738555,0.04921691796238569,-0.018362952010522713,-0.04081789614784539,-0.14455860793786826,0.3232117834351414,-0.020279454652188517,-0.05153290841162526,0.04930481652744162,-0.21964438751965945,0.16921729467052166,0.09918736896140076,0.35912371409108174,0.31899174067411923,0.6889222694153804,-0.09504663923237,0.21084449397469204,0.24053128404107374,-0.03139392659917813,0.03643081598121482,0.01828604794162418,0.08332940929025048,0.053206884969031455,0.1888438626568831,0.12086371361381502,0.1622984219068338,0.1055254908101496,0.16167311976322513,0.3094327717242873,-0.058232822200365415,0.07411418651447658,0.2756326342258177,0.692479022065679,0.56292909411111,0.2356576225321693,0.2528402223833696,0.1277511466053888,0.11906017598548418,0.30599217074924107
-0.004258373224517288,0.1896144706151958,0.4586829655720156,0.24060505605103139,0.23870198882355448,0.3710010076942637,0.4246787778332376,0.25023946482311743,0.11873369560099074,0.003515159172984322,0.26555903923661933,0.26553057771331884,0.07659732097730647,0.15413641229449787,-0.0023614900539204787,0.32629203042546046,0.10278638451227284,0.25870117313192004,-0.07120414410505058,0.06666321350875376,-0.03667882989698488,0.5961830048124465,0.3830901996239197,0.42823429694840115,-0.08557710116810914,0.4492275913595711,0.4871593437426698,-0.2855604632254378,-0.09111952688547977,0.46400571968747767,-0.03579355138455936,0.2682585724645188,0.4789891037171675,0.26049456303999313,0.5343159664274849,-0.05670713139893706,-0.1067951869257163,0.5613071149600316,0.6424867131901214,0.6956216687314216,0.3870958628028969,0.21785188463941182,1.0,-0.3672386351864234,-0.2509324511034803,0.4541257601365289,0.6024394991037486,0.3017636219231578,0.01061532134773614,0.05234516510803675,0.27098510393422875,0.18313038182508815,0.24112146012073496,0.32125983757600873,0.36116892534586514,0.3089932788990077,0.2236186583539738,0.020235521250678224,-0.1796474011847471,0.04407328228938091,-0.0553745263679999,0.11285704868010887,-0.010549397423944198,0.08054176908419113,0.07528198173593388,0.010485043117385394,0.23943892440369116,0.10737437568474552,0.0887140160203114,0.3070799154918082,-0.24628393120053743,0.30486832481031173,0.04454108065922379,-0.10952632091138255,-0.18274896483743475,-0.04229961481593099,-0.128386107155466,-0.25015087957502435,-0.14574366894889013,0.40438770973531113,-0.19909338908613747,0.19626423103834478,0.15828334102445776,0.3082508499477317,0.019980450409691417,0.29074580784505083,-0.03430869348200748,-0.1743179710791044,0.052674846736543365,-0.07655494131201165,0.11545951935947923,-0.08273609397612298,0.27826959117749545,0.10621599816668707,0.24502666779679108,-0.4235031345256146,0.28612081657766936,0.14768842470075247,0.0308131559038013,-0.03811815450684196
0.005139713646768101,-0.20640780539257697,0.008089807219611425,-0.12357596476523235,0.006585331685758304,0.023198942705831754,-0.06729733887094293,-0.1579325935462929,0.1423564349597707,0.21192980198095251,0.06556296328272024,-0.0018866799142361144,0.09270944187550424,0.1269914518645483,0.15749623978425245,-0.5106655490991967,-0.32150626748161193,-0.5182562180386691,0.16029957726268512,0.14612351631931036,0.02998990343318819,-0.5595261639496593,-0.16765238628907955,-0.23241654534831105,0.1520441125227202,-0.0872801358660677,0.09210521152573675,0.3866045726089236,0.25737593436498685,-0.011883576735282116,0.3784551199344528,0.05137671127518843,-0.16378171019215254,-0.3523415362870411,-0.44351435866791517,0.2419392306992017,0.42989304628173375,0.1142564072781698,-0.09258858134855234,-0.16797265411784648,0.18736991797180338,0.366025321065205,-0.3672386351864234,1.0,0.5068264642278596,0.26482042983202025,-0.14211314428863378,0.30186721666054517,0.2772807323206163,0.46191480745505403,-0.2966161786005594,-0.26562946359900674,-0.3724748782761836,-0.07930961955617503,-0.023074942944413576,0.0888293480751784,-0.27011229041685897,0.02967991555453572,0.3106366681421069,0.4170017799459424,0.296841302280026,0.15139115175373333,0.24990503815739493,0.14254949787944712,0.058565558202976625,0.11077259699449692,-0.021608928928097862,-0.13177721480839683,-0.29546407909934463,-0.37627649121485235,0.09522710791746325,-0.30699515616121853,0.14669189044539865,0.25696203723759925,-0.03836772364691146,0.2161378626208213,-0.046868004164199756,0.4717480448441448,0.3094594552172507,-0.1349996919625075,-0.18448496149728927,-0.21176499210680053,-0.19182135244499277,-0.4931470511601041,0.12715945080642058,-0.13898495168128724,0.2179711755491306,0.3460790326753926,-0.10846067849146716,0.40529871385563915,-0.12873142308226063,0.08473578633114529,0.09695839572561835,0.33502224147619364,0.1736530329713796,0.8407733190184241,0.23046689834217027,0.10889533478365966,0.16498403699273895,0.48227117335166647
0.02963753585597181,0.11639501159752283,-0.1332660490482136,-0.02124556239603898,0.07242219597471344,-0.005554877567846178,-0.2514567034650685,-0.12433968113200884,0.06925153950081192,-0.06257911858075098,0.2528546466022454,-0.07825094343843443,0.241702313342045,0.22795952426454366,0.30137930222611137,-0.4803171883749763,-0.10880904853298466,-0.2959906858877064,0.28064542711280455,0.27934410378943214,0.15477693759589387,-0.4191311301915923,-0.04940058256366848,-0.35061209258086923,-0.13857449661375634,-0.34755891070093564,0.13909807333182936,0.14705435704333786,0.13690536919813914,-0.28819764635711176,0.2629463061202349,-0.013689422070633072,-0.06224868946720193,0.08896989864188762,0.07789780998983672,0.3763645374670032,0.5500192081984703,-0.012160619057522592,-0.11608579688125674,-0.18637649653310523,0.3594165887417082,0.04760337012648739,-0.2509324511034803,0.5068264642278596,1.0,0.3600673366321481,0.21738265438860938,0.36345678508520524,0.15353452433320872,0.372709682305452,-0.03813545022543645,-0.08434341511958586,-0.19908404950419265,0.03736239847025332,-0.04322256670974292,-0.08827373821364826,-0.17771527210700197,0.029985218112307768,0.08038169966854214,0.16136299335542764,0.08569485608763208,0.26507313830571994,0.14605529528240707,0.25740398549518123,0.13081979963044355,0.2735396569835844,-0.21792582767943683,0.09766005295106565,-0.07531029395029804,-0.32927914123070773,0.2222892797847911,-0.3658677181013713,0.12987504257597426,-0.12130791546510084,-0.1067881655523116,-0.1239668481014194,0.3056337530754712,0.10494944060738787,0.27088072434726584,-0.10206679511377773,-0.1094973259598003,0.16613234238087576,0.2850920443527135,-0.1694567277941388,0.22077154595646664,0.0645238758588756,0.2658618712748758,0.4490807522246818,0.13739273611400926,0.3467199499606096,0.059774210383810956,-0.13618710786532628,-0.08406873199599924,0.005058878327541178,-0.20390277630082668,0.544593824103172,0.2086014273320071,0.4979126044630112,0.03059577592292784,0.2624000791087598
0.07707611472341361,0.09787352097853869,0.2865290294935338,0.10670340618846202,0.3312240277194621,0.32857124358077877,0.1923817812886789,0.02142058319174067,0.10487166215860147,-0.27857431554824813,0.30401010206842816,-0.09162330270355608,0.21961386616105733,0.2724840889800872,0.13520144090975086,-0.15052399729869925,-0.24079428941636005,-0.0938301853993435,0.12800944910315926,0.4061456817262656,0.022291721439811018,-0.07525140372886843,0.21945376514045256,-0.13621468308018386,-0.37840661028863865,-0.001202327272384903,0.6061358764302148,-0.005552523141072578,0.07867561768461542,0.3694834778036329,0.24416425893830573,0.27716861345062604,0.25826099684077153,-0.014058287781697465,0.1685048206907106,0.3028797386272591,0.42621324592658016,0.7132989848492578,0.43422222100144175,0.41220221394684486,0.7578656493450764,0.13634485445915745,0.4541257601365289,0.26482042983202025,0.3600673366321481,1.0,0.582347057417843,0.7643991836418155,0.3580086415310956,0.7219370967799453,0.10286023724783099,-0.11488425441779637,0.012366234223870051,0.3197531305047234,0.29350362640586064,0.19714557146059558,-0.017155923090296333,-0.03855141424641511,-0.32738225806011095,0.06345572559313403,-0.12489449225021768,0.4845645742745501,0.27044907943877255,0.353754192351201,0.09298337656977215,0.15614479881620624,0.18321685456307707,0.21296574976133636,-0.22094027994145324,-0.053545943303052984,-0.13345675761687517,-0.02218497867870525,0.06641767266211115,-0.17761246213788812,-0.5254005370447875,-0.3545437101292814,-0.06682572133778582,-0.08154720492044817,0.09201492235689815,0.45291733211949503,-0.5306870099604433,0.0661186082193071,0.08119554652328309,-0.1353512863606984,0.1881007224168985,0.197283775246332,0.2503838696652316,0.14181356999017075,0.006824314036954088,0.21057051292366097,0.21653357610098925,0.022760243620388105,0.2195298916061323,0.21456283592276149,0.1068635072090668,0.2904248209949168,0.7277964802105104,0.44116542555678717,0.21121484105070273,0.40529965770561877
0.04915493737028958,0.19058920291697667,0.24631846277966654,0.20266269867430128,0.28033688707896665,0.3208093574300971,0.22378189854622052,0.14854627880887553,0.17844507438416068,-0.2404387709735465,0.15779138985795887,0.09496498183952862,0.1637911278955514,0.23079180910943056,0.08266941768355648,0.09942112516441741,-0.12559135329258608,0.15827549293829207,0.15828026389986113,0.1928698567567313,0.05028584703054196,0.2818655842586227,0.33775337546185985,-0.04833012215557192,-0.2851021349933605,0.10381291418274739,0.38443016963663396,-0.3128529676753027,-0.1793030812801015,0.34189023583903216,-0.0010485043117385395,0.2519267051536812,0.4182229421533265,0.46141114138297085,0.5316264262431095,0.37669871825056744,0.2389082998220054,0.6066313999696745,0.6100066237847238,0.5055535041522667,0.6612844491742244,0.12112265302983215,0.6024394991037486,-0.14211314428863378,0.21738265438860938,0.582347057417843,1.0,0.6178751149744623,0.22859120574856615,0.438336017378802,0.070080297725119,0.09356802250203265,0.13174739208096714,0.3555842272303476,0.29482120490097286,0.19774037903116945,0.1329748327572838,0.07575528078514648,-0.26401903631780355,-0.013398252702096066,-0.08103148966093128,0.3515754248169041,0.18575321222166763,0.2218763832251867,0.10715933812380513,0.15337357831919107,0.14349917261520234,0.25321693051932354,0.06259871424754375,0.18371270981858365,-0.1333484016587715,0.16186677716771988,0.19898688936435974,-0.3243912239561261,-0.3136613205503706,-0.23962404528031794,-0.06231853746148539,-0.33086380028184836,-0.020740922118732127,0.44421126899290064,-0.4000310784212162,0.31957340926100536,0.2750393189116902,0.23715189813812004,-0.031630938894387166,0.33323379340143067,0.2395628302082254,-0.13598159464675139,0.2073176426363346,-0.023393575242741306,0.2600142599781788,-0.02843832503005817,0.058950114425096296,0.0956822969150743,-0.07341413722849546,-0.1546826390916311,0.35292843487187214,0.41717129860712165,0.1525354027166935,0.21871046526594023
0.2540489273428017,0.04683737823694314,0.2931950814474382,0.10667589601599754,0.2732375055476391,0.32458742611026875,0.21738413870393566,0.04545456329111542,0.1659195288636913,-0.25692603686014054,0.23008173788163527,-0.08617826456840234,0.21088121450703032,0.2513946049116462,0.11342686424493817,0.0030387789633619946,-0.2500557214117765,0.11821101306235461,0.2257094770779069,0.49590800787320005,0.07564537780898412,-0.08175351358817638,0.40536306816219797,-0.23835362719214367,-0.2604214736194432,-0.13198283466593835,0.40654530899914026,-0.12274092839720106,0.024740335953437127,0.3006194889246034,0.08377204134999638,0.2859183359545941,0.36312937727005895,0.09032993759592531,0.23047954572121984,0.29831360324471273,0.27514762250077696,0.633803054554864,0.38794502572602646,0.3794127353298903,0.8603558636190979,0.11375957858916524,0.3017636219231578,0.30186721666054517,0.36345678508520524,0.7643991836418155,0.6178751149744623,1.0,0.43922285111552695,0.7017224979516495,0.020740930257564114,-0.07933787266637157,-0.06168124841076255,0.254686092249544,0.24317294984445093,0.2690841911291512,-0.04129819902118669,-0.01601324757984946,-0.2540503972701217,0.16461360732571756,-0.10275499216761001,0.4420528709868811,0.30105886378547725,0.2908500733011248,0.08239548703653127,0.15713281159256504,0.21778840060259305,0.19959252736627647,-0.2386274319757238,-0.025418381473493873,-0.08300606814022332,-0.15342694530511788,0.07658014533893186,-0.21476758677628874,-0.5219212742780546,-0.30054716856747316,-0.06440612920074378,-0.21597714635521623,0.05633199288021623,0.4323645782770716,-0.5855645442302441,0.09444155155155488,0.05031565002558476,-0.17954066721289347,-0.05637674909384433,0.062265955263541665,0.13109286169474713,0.0824811282736449,-0.00034531619780206626,0.1256070494649175,0.14395750102712976,-0.03645592985694508,0.07673858652828922,0.14741060245048643,-0.023753017589130714,0.23754901129810485,0.556729106040201,0.5060634313716257,0.38376984388587,0.37919911850296184
0.40404553304421464,0.16883901691733455,0.37245290363491956,0.26106815591949745,0.4449128881714334,0.5988309490847562,0.0521693679779249,0.16963487942000785,0.3936662805408273,-0.07663345224497145,0.1362366042874548,0.09803829238201972,0.2412847003129817,0.35424377411324476,0.20545826758925154,-0.10708085726214805,-0.21324505806014146,0.11516595563006006,0.3526593839014771,0.34797315326684436,0.241123909164664,-0.05135002778222503,0.13480971530282626,-0.2542130521624239,-0.2051725166300946,0.025850026212607794,0.16886504812847816,-0.03033128341322685,0.19169914797165524,0.12106305508064646,0.11199689843634732,0.17766340500205619,-0.06857186806425385,0.16893953871287143,0.07075366378236851,0.5464606701009892,0.4521282440064166,0.3588711465391576,0.07273606258377832,-0.08889059802833138,0.4281115307221181,0.15216183381520582,0.01061532134773614,0.2772807323206163,0.15353452433320872,0.3580086415310956,0.22859120574856615,0.43922285111552695,1.0,0.6842416708261523,-0.03401911245174177,0.0949838172463263,0.07792835639101049,0.35731708465573586,0.501053213163438,0.5537075928664036,0.06952148649030447,0.23082024336941406,-0.2180622133486528,0.1539637543988523,-0.0642569902903478,0.3619003669765091,0.4940542899208599,0.3652420820658674,0.1803286150639305,0.31315433418406585,0.22221707736373406,0.3212755337483401,0.08557556513110302,0.08931906865191855,0.2177263152607605,0.0007565555063742156,0.19175016059178507,-0.09639961199061997,-0.33852405752333237,-0.18475650527862275,0.034222377963195875,-0.06004889361520298,0.07519565278811109,0.08381602352229954,-0.45500535239476503,0.13197660798520552,0.0804271870261718,-0.03996716360748268,-0.02535717635166855,0.18676647343364366,0.3311280211207695,-0.02570094283095924,0.2834292566796123,0.08083685712402174,0.05567748434208523,-0.05359615004285055,-0.04680284665781403,0.19170363115250716,0.020387758241275283,0.25033982213097516,0.4300578560912136,0.27332529689309965,0.7825546462239719,0.59124341937975
0.12978071261436155,0.041073743756847456,0.18946378736081418,0.12559763176151864,0.3660937430716369,0.3644243114874007,0.08275649900015382,0.03687346251026912,0.2757236720253399,-0.23528650038398585,0.14282586260349164,-0.05638692948337618,0.14671526201620472,0.23752232780514143,0.132885416719815,-0.294446066382252,-0.46800492231964314,-0.1630581166476743,0.19283932489168176,0.4524076358739158,0.14291684439319868,-0.31054092149088525,0.05420359191207632,-0.2963628016120894,-0.37685881920834785,-0.08218358871005717,0.3661990511657507,-0.0570791306831916,0.09131415965151365,0.2235763664210256,0.1343168554916198,0.13831624020166441,0.057444851498513576,0.0331126581439059,-0.07926491656893135,0.6161375486973747,0.5859334042800323,0.6182999390596345,0.3014465592420632,0.1508010348490595,0.7212987640833907,0.12105358987157391,0.05234516510803675,0.46191480745505403,0.372709682305452,0.7219370967799453,0.438336017378802,0.7017224979516495,0.6842416708261523,1.0,-0.14865458244046112,-0.146385642397245,-0.07463216020141328,0.29567978552750124,0.2746861550342333,0.2558429001503693,-0.02797371832904828,0.1090955466000438,-0.24353553142530662,0.13518171458708078,-0.04573864617374407,0.3874286216563229,0.35833262700557844,0.2875067885945333,0.13018562293399133,0.19868999745722007,0.22772800563180637,0.21019058292444803,-0.07874772748766395,-0.06936295514975718,0.04899874116697902,-0.12442983654006134,0.09558195393253101,-0.09647338400057762,-0.47311716564798506,-0.3141934207924056,-0.021867915873193824,-0.0419323572922641,0.06236874075887854,0.2733159864400924,-0.4839569422600605,0.15166903351959324,0.04423652248162763,-0.2135228803104075,0.12127652310811951,0.1452084864528357,0.469999905822966,0.07203060443288964,0.21850981149282384,0.3447177671253088,0.2331212125611987,0.13412065333747714,0.08235310737123645,0.19371431082816146,0.008585806265284148,0.42397401969555704,0.653594894349064,0.4529632803744479,0.4689482622767612,0.7712816552555494
0.2804091995338233,0.3005700459623578,0.1688516401133237,0.1735447974820324,0.23676909735166124,0.07875008191443755,0.11187529700113598,0.1126758463186561,-0.10447925769633486,-0.22734510808785155,0.21612712972785644,-0.12102302982549527,0.04940215218151755,0.007242216755592615,-0.035509478533505466,0.214173570696193,0.06353577610343643,0.2521850061470353,0.022759467742378522,0.07145371334305214,-0.06693245539340525,0.19086239121078258,0.29578663556732776,0.04315432220120573,-0.22118426881904832,-0.044867526215564564,0.2194335323218092,-0.0016496683593688424,0.04281059242157536,0.04416121551253929,0.16364835694366842,0.15771363185634815,0.1785667897901205,0.033890809491482855,0.29861441930002863,-0.07424841792331496,-0.15105295851383466,0.1232433026342122,0.0743410253764099,0.1616628538018121,0.043622819261254865,-0.27221803875467043,0.27098510393422875,-0.2966161786005594,-0.03813545022543645,0.10286023724783099,0.070080297725119,0.020740930257564114,-0.03401911245174177,-0.14865458244046112,1.0,0.33994077047049165,0.3801465316743288,0.30468793838938363,0.13498242616616776,0.014337674242297517,0.18412088254904216,-0.06743162052575695,-0.3037430284442456,-0.06275410641460133,-0.27284353146752344,0.12560395951799572,-0.07450348082378827,0.045420031698435955,-0.22303484826309766,-0.03612240036949082,0.07446113036073757,0.10525386410484915,-0.03638611044620329,0.19809205102358265,-0.14891278457663254,0.03321625292194428,0.08079931313444554,-0.18545584252967318,-0.3246252243082257,-0.31750700736270937,0.18801753263825396,-0.22004960781106933,0.04803187579928253,0.4596886661774689,-0.13559850117192634,0.017695878574315548,0.12034417010577403,0.08251951917897064,0.10852734471568323,0.05756811163126523,-0.049881670434407346,0.06270787650862004,0.22460943937900205,-0.19773496296292004,0.27178179164099686,0.004359613575782074,-0.1015016926366558,-0.24979055411828444,-0.11772918676922932,-0.28353184421074146,0.06658240434847441,0.10511181368950864,0.12884835961201607,-0.25303573902122933
0.2208907502812729,0.7621559006620645,0.4724940276064279,0.6224803719364995,0.3311187333498136,0.3286637220647373,0.26963669639521703,0.7430107860215115,0.4207751397744146,0.023511305761166404,0.016863980787875182,0.1375816593365542,-0.06094666754565232,0.15195935319213058,0.08859629468163142,0.19699638046266038,0.030850826717396695,0.30208853269041813,0.09973194851183337,-0.029111690823075884,0.13421174380227616,0.13337979400343433,0.15157165773554462,0.07236412009153104,0.09966127660108806,0.03525203343912554,-0.027844246759727454,-0.3248809445328662,-0.07108883298433855,-0.18991277241209736,-0.07787812863954996,0.08014779515867261,-0.0584855077240864,0.10114931342954038,0.2525185499399619,0.0891056007082113,-0.06963763816555694,0.07407889919561579,0.0484383878147475,-0.01466180032812974,-0.07895017720978562,0.1262725671717695,0.18313038182508815,-0.26562946359900674,-0.08434341511958586,-0.11488425441779637,0.09356802250203265,-0.07933787266637157,0.0949838172463263,-0.146385642397245,0.33994077047049165,1.0,0.6449306072221228,0.43950852145195873,0.40856508731780666,0.3769231735149067,0.7200038298660488,0.48296846244114083,0.06156038788381065,0.16251032023330791,0.1465975407237191,-0.12900370115743576,0.061489755108319284,0.17539687771739984,-0.07579995542287057,0.036013297797199174,0.11142874072307658,0.15116198763769467,0.1319475700549978,0.34880818963487564,-0.06627394843493466,0.13337665476896804,0.21982279785401215,0.01708528358274551,0.07522547551554078,0.16279599056973967,0.10975866733166988,-0.14273168549559212,-0.03145042050045676,0.11975948745699679,0.05631158785618539,0.12272763480958145,0.3932581800602105,0.21396708198738656,0.17035690363057843,0.18675705572654927,-0.024752863766641868,-0.15793899596972005,0.3383290384633576,-0.11422418529017514,0.11002785679278478,0.08349892795142977,-0.006104241419687395,0.1281105889517782,-3.4531579129113573e-05,-0.2765241768142421,0.01892644459722052,0.15909169389952565,0.14039912227004323,-0.09846522826943421
0.28281374404479354,0.6343765009464792,0.4053348150520014,0.6659901616391827,0.3964273928137706,0.21121554297768946,0.27346813206131554,0.5740524118944512,0.2058945405573397,-0.1526955635928827,-0.05355695164399563,-0.05398070626497022,-0.11598372620852679,-0.0602921371594323,-0.11869921059995239,0.5017925028802476,-0.016573588364741373,0.4037856028428907,0.05057465671477019,-0.12849828440836417,0.047512332291241535,0.2990795764544858,0.15065343165415682,-0.01874281409047073,-0.08309710593974554,0.03477800903471679,0.0027609588799211134,-0.3514388681176208,-0.1412092109957504,-0.06263167622237414,-0.1010425397662526,0.21308652671959416,0.14071618495113783,0.17437747975096216,0.23091119062971313,0.07411889536617601,-0.07366998483749752,0.21993485301119142,0.04849489403514059,0.0831112651080687,-0.037636282016267515,0.061916690995733784,0.24112146012073496,-0.3724748782761836,-0.19908404950419265,0.012366234223870051,0.13174739208096714,-0.06168124841076255,0.07792835639101049,-0.07463216020141328,0.3801465316743288,0.6449306072221228,1.0,0.6123327965242396,0.3257238289870632,0.19846868142734714,0.7033941403049452,0.24044749822444314,-0.08967066291214225,-0.004104549064665091,0.044104674634043745,-0.08632423897108452,-0.04229804519869784,0.05599295555785766,-0.09412680623703104,-0.04375778922551946,0.36595404708306994,0.2363906337800464,0.29143094603616837,0.5837736109672296,-0.09445956509045704,0.4379577396256149,0.18506986178339602,-0.08298252388172621,0.018951558472950786,0.05032820696344989,-0.045052741121754405,-0.2060414614718162,0.01612624745329604,0.3196393332106661,0.02031398623131763,0.16979027158706544,0.30418868054836146,0.4078870126730895,0.09513061378729507,0.30083531137885,0.012447064658812302,-0.20563971983883272,0.3195917106848932,-0.17944492056167183,0.29872496018078015,0.0756869429820844,-0.07712628198487517,0.10545002495691401,0.07286320157966278,-0.35033542720272237,0.20178842187544146,0.169820027688048,0.11053244555782626,-0.10361514241137157
0.22833701735724415,0.5308649532724949,0.5083017055460856,0.7929047022593071,0.7999525975410198,0.5422854882608327,0.29335204317075236,0.5373767212331645,0.32532357659261213,-0.0978311412966139,0.12732038659706713,0.030119385086752746,0.03080216858316931,0.1567309895808808,-0.028143248033761507,0.3627165679377427,-0.1546936264122631,0.3053580453870519,0.19361550091804514,0.12867251192124288,0.07891567659751407,0.2653139705351453,0.1933077799647778,-0.09953657014824187,-0.22347582318575793,0.13180075906689395,0.26613116516710894,-0.2663012597747913,0.08206282478858012,0.11397858491888503,0.04874446317521009,0.3644619823009961,0.244116289801569,0.24436595483191076,0.3451887877488453,0.25785357982602364,0.11728336927756797,0.3847109803794141,0.09456786867954381,0.18942383645211316,0.270046366493067,0.16811856260732258,0.32125983757600873,-0.07930961955617503,0.03736239847025332,0.3197531305047234,0.3555842272303476,0.254686092249544,0.35731708465573586,0.29567978552750124,0.30468793838938363,0.43950852145195873,0.6123327965242396,1.0,0.6048425830876882,0.3320509560538567,0.5117768381002609,0.2571576564027491,-0.18651133734527497,0.26010284132111544,0.1482456388185177,0.21452586572238494,0.22772163780140575,0.21643138104341875,0.004534624186545869,0.06182408357897843,0.2534579662226282,0.3459797393807546,0.06046246435496431,0.4564337040769238,-0.039526101164969914,0.39969988918502336,0.24552452549451184,-0.12010397144552329,-0.15402967832264425,0.002971285422336909,0.0019996931397106613,-0.13972194208896976,0.19886736420456508,0.3401306942302287,-0.2487890403046313,0.035670350428959684,0.23337696869241467,0.3019708113979325,0.23706016855343096,0.2903902894022373,0.14553647947411544,-0.16765101403290317,0.2722590624902559,-0.004801459116179929,0.20860064252308255,0.0064589749143773795,-0.11252899867838229,0.24540337593274503,0.23308188065258406,-0.1386929483376184,0.4446929671730252,0.2639295681355145,0.19130180914082293,0.18926915482390463
0.4128856207701569,0.36559367632609113,0.7134789310278795,0.4700454247227271,0.7769537720075735,0.8934229898696904,0.3156374686468958,0.5607867866430661,0.6290146884780677,-0.0098093267477408,-0.002103288743089421,0.1767640143274661,0.006179583046878189,0.16301573698237948,-0.04305147836419468,0.2931385752270451,-0.13240977055335285,0.24915319150272014,0.11778961705641838,0.0524110890318287,0.02484626574179742,0.37455932996179553,0.2700118349139379,-0.05486679825303154,0.06947596759054336,0.16809501834882545,0.32975329521786645,-0.05636181560764592,0.11820173450764727,0.2850151330781092,0.14475010124031154,0.3697092127113882,0.2293257866136764,0.1645030138624851,0.33648761120254544,0.24862580011238458,0.12832562651271862,0.32913787562429175,0.09665702921685518,0.07545937809386974,0.24617876684591694,0.35771890666742007,0.36116892534586514,-0.023074942944413576,-0.04322256670974292,0.29350362640586064,0.29482120490097286,0.24317294984445093,0.501053213163438,0.2746861550342333,0.13498242616616776,0.40856508731780666,0.3257238289870632,0.6048425830876882,1.0,0.7654630841722937,0.42636297712439847,0.5700006670880231,-0.015217439075307095,0.2805989031514775,0.263513619568732,0.06746371829765593,0.29689623888318595,0.1539150962646249,-0.00897978019080267,-0.03626129732003554,0.16948419610649748,0.21379756332620728,-0.10351708195485712,0.3062448791237769,-0.21405655016967562,0.2560908996732057,0.2960584118046824,-0.0958110055281919,-0.07391955397756703,0.2067342857770704,-0.02980311890914928,0.04062329549246068,0.06546245632540049,0.22482499741995796,-0.3328938405080537,-0.0955591194600902,0.12170341140609452,0.1374764949819337,0.09905151917426307,0.09106216432251482,0.1441928871225463,-0.10814361543712163,0.23337331937958142,-0.12748431167575475,0.03803890376320096,-0.01790462377844539,0.010952789052861569,0.3796134974525112,0.2421511290256758,-0.1074230338189729,0.3000527391390336,0.04907094355970353,0.3555418475650528,0.18712976653513275
0.36818290442874435,0.2835529227842498,0.6941553732706742,0.29453710418177426,0.42504152620225205,0.812934587771426,0.33187986777544426,0.5638522503022929,0.7602770688339942,0.0659302281321873,-0.031927609196404416,0.29713795993708975,0.14587237756200772,0.3208423193919931,0.1310340524668411,0.15547372617713445,-0.1344675387460014,0.18207559904441703,0.18652789152058558,0.15026259696310457,0.1577167710920463,0.22171314303293999,0.22654599449378274,0.12629699535789227,0.2215593205440921,0.3273483828233647,0.3552595952739882,-0.08530084853507623,0.1867681896289498,0.22436666900803054,0.0017532624494190846,0.1509971778282148,0.09918725219667932,0.07367315298163211,0.16170595485544867,0.26120000376708136,0.0902624086090366,0.31255093900428205,0.21768550521269883,0.11540772197046004,0.2497716206925779,0.47271534363630086,0.3089932788990077,0.0888293480751784,-0.08827373821364826,0.19714557146059558,0.19774037903116945,0.2690841911291512,0.5537075928664036,0.2558429001503693,0.014337674242297517,0.3769231735149067,0.19846868142734714,0.3320509560538567,0.7654630841722937,1.0,0.3834527812047754,0.6227947841580326,0.08096870497160562,0.3525595748220839,0.2831055818728045,0.05139083783028671,0.4117482710666177,0.21647376070871358,0.10074902134365514,0.2126988312630082,0.269442954397521,0.1188906573243049,-0.09451453878153648,0.16491654345171386,-0.013338607247236688,0.06304053693466312,0.2602444132353654,0.1430737500353164,-0.03059968796009405,0.26483052842733773,-0.0028700462370180096,0.13853060167404074,-0.023176968064567774,0.10555993958541711,-0.3115344891994638,-0.03755546146568849,0.015248831419969926,-0.05735695293345765,0.05912358032971063,0.0678883263988977,0.10021692110162016,-0.16666372363100543,0.24824781459990541,0.02191813504358827,-0.06554410214131695,-0.02658931592941745,0.22859591460026557,0.3298566311619249,0.2309817327946407,-0.019982796995124768,0.1914854543571005,0.09764117922203491,0.5107942577123142,0.2755337483401298
0.10816864445056555,0.5646321288090687,0.4172325136792142,0.6699612932390308,0.41334316437315977,0.3153784818034274,0.4057366370636856,0.8912572678212153,0.5910503564600736,-0.1190704252212566,-0.21215669501142542,-0.009714361055912906,-0.11870858172526048,0.08936458755167964,-0.1156996708903864,0.27725247921041973,-0.32496570386345586,0.22434225189845206,-0.033870783565004996,-0.13575933372887689,-0.05602593950457798,0.1715560243479025,-0.05397913664773708,0.023113416706241247,0.08790955237655745,0.13156374686468958,0.09627961183338325,-0.407160279894145,-0.044904447476456416,-0.0965675989281154,-0.14395901415480822,0.2559606214428549,0.02826409751717946,0.055586446506839374,0.11538417770272404,0.17660705260415197,-0.1024033979073863,0.24813382247859478,0.15621144627671096,0.156351988372283,0.03431811118540633,0.19938690750873492,0.2236186583539738,-0.27011229041685897,-0.17771527210700197,-0.017155923090296333,0.1329748327572838,-0.04129819902118669,0.06952148649030447,-0.02797371832904828,0.18412088254904216,0.7200038298660488,0.7033941403049452,0.5117768381002609,0.42636297712439847,0.3834527812047754,1.0,0.6551477599584499,0.07367940254089637,0.04435110453964696,0.2732750691416391,-0.18759908208784207,0.18772936031819282,0.1317269870569363,-0.10260273929599528,-0.08395254733180767,0.3626005585485395,0.10773067879666864,0.15944256591709485,0.5774888635657308,-0.2114556944143601,0.29340384053944607,0.12637788030015165,0.07444223651620316,0.024007295580899642,0.17704654542943157,-0.029575524321034646,-0.17020079344218647,-0.029361259963145387,0.15995975499836224,0.025631849417201123,0.1170982003939046,0.2884312931448537,0.2580560604490989,0.17759912038617104,0.17946068715516386,0.05661923283388113,-0.34873404335076624,0.3108253881179635,-0.030481966667608437,0.21525425258527525,0.1898420651140013,0.020306138145151923,0.16276930707677625,0.0524754433383875,-0.2986965898495993,0.10472643141243576,0.176884874854418,0.0108821562773702,0.006909455060288998
0.09860504028231927,0.25076617001330126,0.34186682572144306,0.3072339791006247,0.32057429222935074,0.5513010175053397,0.2641809142243563,0.7672533510386956,0.889428227233939,-0.045347864866787956,-0.20534078798048022,0.0905826816146944,-0.042195268385150274,0.20312589517309335,0.02943820586260801,0.03107373675144871,-0.35128610612986066,0.12490317416097929,0.012254800974263506,0.02714498173357347,0.058615854957783715,0.07729350688083875,-0.05478125404668947,-0.07397068264330235,0.1422396101068171,0.11502399554231897,0.10011230628930916,-0.1699520089154852,0.1245360300456816,-0.026966055810162926,-0.0935853617382243,0.09462601878051406,-0.048433716974261395,0.11281637144094646,-0.01564046933180259,0.32164778546464723,0.045534631669420976,0.07420295724083512,0.02256483505272651,-0.017821455044737478,0.0996103422160965,0.28662959751067335,0.020235521250678224,0.02967991555453572,0.029985218112307768,-0.03855141424641511,0.07575528078514648,-0.01601324757984946,0.23082024336941406,0.1090955466000438,-0.06743162052575695,0.48296846244114083,0.24044749822444314,0.2571576564027491,0.5700006670880231,0.6227947841580326,0.6551477599584499,1.0,0.1694206930650854,0.15103339755693537,0.3353560483286558,-0.15799857949533783,0.31754401798792536,0.15657179631066,0.01305059272717686,0.011972264841727285,0.16153499328400478,0.0422297999913801,0.014398900638796832,0.33898579102895005,-0.0996299624469089,0.09035194770034057,0.2567396553192472,0.034857302061312184,0.04727769297479471,0.22236470869850158,0.06545311567426042,0.10229682450239132,-0.017982333944182055,-0.02286071710402316,-0.14041728306896126,0.03380488614572054,0.12932635899532705,0.0178347898084728,0.02611689188738655,-0.046635737322680774,0.16297270041089781,-0.20642861543401395,0.39184707817143816,0.009070825109189377,0.01802864476341859,0.08983475841612566,-0.07920844140812912,0.1805712626403893,-0.05917932498559735,-0.0320100141658165,-0.05064295496373779,0.0848190426112434,0.14872998245955946,0.17933126405304553
-0.01709863203880541,0.017633079997111903,0.07974911238145466,-0.01418306131866683,-0.13536462811241545,-0.09092478708142232,0.04469328109647181,0.08638862717691945,0.19502494121783462,0.6628990606230087,-0.16834079556117082,0.19599339505068294,-0.13960960480177304,-0.08418642029954575,0.02773985624655143,-0.12096255207205171,0.08558965810597428,-0.3741041409641845,-0.14825589950679824,-0.3482556843688098,-0.08963538169771341,-0.1707617980279329,-0.18238795287381218,0.2358618578789687,0.7598171709846837,-0.037146561439527354,-0.16588120342652818,0.20338786183601268,0.01953390946203052,-0.22973397724291328,0.24125801682001827,0.0681088309804771,-0.040897946626735605,-0.2642286839029222,-0.2135308121870003,0.052580607693007986,0.13628044665027986,-0.14367183057859967,-0.1286583853661446,-0.06391326919613691,-0.26520252771159225,0.5363146643059623,-0.1796474011847471,0.3106366681421069,0.08038169966854214,-0.32738225806011095,-0.26401903631780355,-0.2540503972701217,-0.2180622133486528,-0.24353553142530662,-0.3037430284442456,0.06156038788381065,-0.08967066291214225,-0.18651133734527497,-0.015217439075307095,0.08096870497160562,0.07367940254089637,0.1694206930650854,1.0,0.41004523636865914,0.6412420067242403,-0.30579439897786526,-0.07865351955272187,-0.05265281008573249,-0.0009245045503203589,-0.05853887471001322,0.10598216678681599,-0.19682843141871423,0.04710972531295599,-0.24531390775045597,-0.07954035328944684,-0.04709636508041149,0.022427502237703744,0.5067242402267783,0.6339260208005676,0.7093053188049562,0.1054579144252278,0.297040876788966,0.22175866193270108,-0.2695300681881441,0.5154607297464441,-0.0291705629159755,0.08765684400202167,0.010464638093354555,0.13933340684377998,-0.17127983892582951,0.13612819377866514,0.24620260093746862,0.07943842168528442,0.3740711790022885,0.07047819584985734,0.2671928023632157,0.31161924853005346,0.4322631683037774,0.3289336962288376,0.3275445849775074,-0.08046956669146661,0.055041767514573896,-0.16190287836408213,0.10568232830741896
0.03248010215073212,0.08626773275069141,0.4348028089870004,0.15068011514712024,0.25811816161650647,0.3642359574194237,0.09024828205393833,0.18337452926181105,0.3197514354149597,0.48189229988651444,0.19833306519023997,0.5287663750317847,-0.001298073451808042,0.1036920536557955,0.1622615995740182,-0.07216158267644852,-0.019268621154045373,-0.17367500761264357,0.08055200320516584,0.1208715142725295,0.127464741478064,-0.07811514084175433,0.14866629623699965,0.28834048163751475,0.24477709865672156,0.24965546901732544,0.17698154521095236,0.038833899965154496,0.2862789001210198,-0.011696007402318676,0.15900536495170287,-0.10716090774103827,-0.011696787621370653,-0.1627905607891536,-0.06537144417791964,0.1013862859403106,0.09654872562776841,0.09495560139712415,-0.016592423771539074,0.12948562445873707,0.07460390709121674,0.46380305698652324,0.04407328228938091,0.4170017799459424,0.16136299335542764,0.06345572559313403,-0.013398252702096066,0.16461360732571756,0.1539637543988523,0.13518171458708078,-0.06275410641460133,0.16251032023330791,-0.004104549064665091,0.26010284132111544,0.2805989031514775,0.3525595748220839,0.04435110453964696,0.15103339755693537,0.41004523636865914,1.0,0.6048724058151179,0.059752188831231616,0.08303432125041987,0.04098270595732525,0.09915585985201648,0.09264979642064486,-0.04774855977752604,0.06532433000888403,-0.19682379980153697,-0.18402977249967822,0.04681069474397973,-0.06734285777070403,0.1887631754807972,0.1861644519367507,0.25952836141378566,0.5576300663320243,0.28419893179659467,0.2405181310553678,0.1729875152645276,-0.13790113055650685,0.03595836119403922,-0.16768619886039185,0.10576394840354231,-0.06310803047568819,0.17190847087438063,-0.04861577363913525,0.07846516548474489,0.22800129807513791,0.04866368517525618,0.2286916612514872,-0.17684334939184554,-0.08192146263212254,0.015503109411738854,0.27662934116886256,0.48254899560193254,0.23728688522017022,0.14336255960621444,0.053241416548160565,0.029447588910968173,0.19470160006780746
-0.07681631272438769,0.0723797594718552,0.32061001604148814,0.1509249754354903,0.1739937081868654,0.1970199247211575,0.19950776803568682,0.27406077010947444,0.39257853579826024,0.4341900438355359,-0.2276307786485501,0.26484779421690224,-0.13774176029433463,-0.10595544170598557,-0.11946753853707041,-0.0581904196842558,-0.12013222455571984,-0.27237253923258276,-0.12876752429278915,-0.2632389365529322,-0.13041012937183719,-0.13397153970032868,-0.12447692505705558,0.17486726913860798,0.5058091533798568,0.1474514124985481,0.17358253642501195,0.06555977259385526,-0.0378034907543812,-0.06089646369023118,0.13475791793413258,-0.007295580899641814,-0.056005512495722796,-0.22760086658603199,-0.13884996454626752,0.11320550370586628,-0.011552382835921632,-0.0512338962113781,-0.08227305689234624,0.022858344735954758,-0.12263419442534744,0.593960426810318,-0.0553745263679999,0.296841302280026,0.08569485608763208,-0.12489449225021768,-0.08103148966093128,-0.10275499216761001,-0.0642569902903478,-0.04573864617374407,-0.27284353146752344,0.1465975407237191,0.044104674634043745,0.1482456388185177,0.263513619568732,0.2831055818728045,0.2732750691416391,0.3353560483286558,0.6412420067242403,0.6048724058151179,1.0,-0.18748763926428902,0.004898775384634703,-0.13121843107339845,-0.06571359508270314,-0.14456174717233455,0.09778091352544377,0.004611535430969804,-0.1407907970166382,-0.004307029687740348,-0.18582227537992585,0.10299043475258124,0.1299220801848656,0.3535625602340613,0.581282628418234,0.7320396548097781,0.050378454483636884,0.410968493833488,0.2598595506499785,-0.22371056874712078,0.2695660636197257,-0.1223179645509751,0.15335003406069395,0.011414256519405178,0.3336379699975653,0.002370122952090344,0.04587049402132796,0.08223626769702161,0.10254949303272816,0.27968224668732283,-0.04254056775432355,0.12487874706873982,0.1003126677528418,0.4479059736492659,0.5362189176547407,0.20325915322289506,0.0950968296871125,0.05861421633720401,-0.1232714590220029,0.18605614834766393
0.016876531113162504,0.04100311098135609,-0.007476086881453089,-0.0013326050309371556,0.14556557451349833,0.1916596818699792,-0.24350727831511007,-0.1356346023824549,0.04374052343595491,-0.029159575591032032,0.3604016653653023,0.06911495562692081,0.6800507928136644,0.609353663015737,0.4981676673634845,-0.14903986513848733,0.10008821248850255,-0.02083666876995376,0.5840422446948347,0.27321542368677976,0.2674581726273764,-0.035077805926246826,0.23555402779478196,-0.2589274012220277,-0.30383708628813777,-0.04427890214692245,0.3657579883770879,0.023836207302487214,0.12054988465270132,0.14302436321585973,0.11081026780809232,0.06449086325808588,0.090477446169977,0.19541349816415077,0.26862753792493094,0.26045129634687286,0.27170074305679814,0.2567565181324413,0.0843276858505285,-0.0020075412289559938,0.37225513186354375,-0.1771234566738555,0.11285704868010887,0.15139115175373333,0.26507313830571994,0.4845645742745501,0.3515754248169041,0.4420528709868811,0.3619003669765091,0.3874286216563229,0.12560395951799572,-0.12900370115743576,-0.08632423897108452,0.21452586572238494,0.06746371829765593,0.05139083783028671,-0.18759908208784207,-0.15799857949533783,-0.30579439897786526,0.059752188831231616,-0.18748763926428902,1.0,0.5776191417960816,0.6913473280405841,0.460761138788695,0.6139024137573811,-0.07844950009634133,0.5356020580821161,-0.0030120966523585237,-0.08440302747771929,0.21689755736166177,0.03433851620943717,0.22739150106220107,-0.2240879739066831,-0.38518563863016364,-0.4321077761976964,0.08910877490935161,-0.1193726234995796,0.07508107073009176,0.12987175044960741,-0.41651362898643535,0.016630885919783605,0.12630395951643233,0.02163089508992337,0.06879791994243172,0.2435065890595469,0.12714527435339618,0.025038563578811637,0.013000370037707334,-0.13047129327042306,0.03933933215115252,-0.06523486182659496,-0.02867533723226254,-0.09529460145848834,-0.10024203497735042,0.17500761264358072,0.36172770908086355,0.3032217963327463,0.2324367679697629,0.1786993523759296
0.04737812996514636,0.14359800219118565,0.08536834207610132,0.15609686421869162,0.22207345733054445,0.3856298403071427,-0.07154786233829019,0.2859019671628318,0.47160562425246977,0.030886940033929666,0.26478286290568076,0.16832261284763098,0.5519841531444142,0.7414856113188238,0.4259440564654653,-0.1548066388530493,-0.024723041039212176,-0.03828924278525439,0.6277074436380143,0.18387281077636408,0.25334102969287275,0.0004394928252796273,-0.020114644842708657,-0.21609172850316063,-0.05930484791978628,0.13549249879924283,0.22292820172743377,0.00556429309148671,0.3143044488108193,-0.06467453385293413,0.05015868830227061,0.1488530806877435,-0.10628506132494529,0.14336497028910716,0.14151046680043516,0.34022709222129094,0.26135539587316237,0.17275292527717837,-0.00016010095778043565,-0.1452108408796093,0.26670308178647556,0.04921691796238569,-0.010549397423944198,0.24990503815739493,0.14605529528240707,0.27044907943877255,0.18575321222166763,0.30105886378547725,0.4940542899208599,0.35833262700557844,-0.07450348082378827,0.061489755108319284,-0.04229804519869784,0.22772163780140575,0.29689623888318595,0.4117482710666177,0.18772936031819282,0.31754401798792536,-0.07865351955272187,0.08303432125041987,0.004898775384634703,0.5776191417960816,1.0,0.744959174255766,0.512987012987013,0.5515650653431654,0.032210127880692684,0.4240854625191101,0.037236044233403466,0.015947311088717907,0.238049719195477,-0.00023701220220437045,0.2742195167223231,-0.032332545385482296,-0.16915921883289542,-0.14084960241595484,0.014960812528376898,-0.008482218184817338,0.0065562911828321545,-0.0823531396869696,-0.3133191439935457,-0.08975702708101606,0.02014917642183777,-0.0781481028036503,0.061304564330988465,0.1409422651390731,0.19017325435019417,-0.1553247953904503,-0.01320206608960536,-0.0008679983299272639,-0.07712081858710658,-0.09443445121472678,0.029965562597904876,0.03939268370015288,-0.07020426998672104,0.1989584020040873,0.16734631092861696,0.19982326109954826,0.2902143783217025,0.2753501031238522
0.024339279176548958,0.2666434363316162,0.10144907062963626,0.1966196723267064,0.11152762664756777,0.2567171769492292,-0.1727049841625621,0.2152997715028982,0.2839924156095295,0.12331153264943416,0.4303729021069529,0.13818753158854682,0.6334519963961588,0.7953140647121792,0.6415946375576298,-0.2409409541389237,0.16575157981974517,0.014850148642751979,0.6845331034366917,0.21490728271003834,0.4078283120604648,-0.054657211292454225,0.09127010287271346,-0.2207134700733299,-0.12062508436692627,-0.019289026178076214,0.15876455330625397,-0.0031282471456510613,0.20111450802854475,-0.13424706020388014,0.1560466364672311,0.0824457147879918,-0.1174811410489438,0.17638188174422,0.2011214134722809,0.33638466923456045,0.3917639044542598,0.1697887019692164,-0.009736335697176886,-0.1042132074709181,0.24882357188376042,-0.018362952010522713,0.08054176908419113,0.14254949787944712,0.25740398549518123,0.353754192351201,0.2218763832251867,0.2908500733011248,0.3652420820658674,0.2875067885945333,0.045420031698435955,0.17539687771739984,0.05599295555785766,0.21643138104341875,0.1539150962646249,0.21647376070871358,0.1317269870569363,0.15657179631066,-0.05265281008573249,0.04098270595732525,-0.13121843107339845,0.6913473280405841,0.744959174255766,1.0,0.6043889637073103,0.7037881142304637,-0.10159743932544885,0.5212306426954723,0.18940500103792438,-0.011164687379335675,0.28220462158098125,-0.030508650160571842,0.32626259177879674,-0.10560227782852874,-0.26674546145177036,-0.26386521382895567,0.03987143260198604,-0.10600810707940432,0.03757506694417499,-0.03001266289199965,-0.2600573224213543,0.1110277033626401,0.26917993778037286,0.05511553952453155,0.08509761649606229,0.27024424430946936,0.24321689912697889,0.05186413848124897,0.09214291852623861,-0.0070993787454991224,0.08665467740233622,-0.11153700058703685,0.08322424493562999,0.04199981792440095,-0.15557732091452178,0.2172805439665483,0.29219366565269395,0.3632800605244405,0.21158440302747772,0.20283221733548057
-0.17402823977954487,0.0596077840457826,-0.02339671447720759,-0.0016606550326637346,-0.08886469933382178,0.1438271663072243,-0.3042043767206929,0.05265126112908511,0.15786582284044212,0.27046477561726323,0.4235740997258396,0.3914719556488955,0.5039836885377132,0.6263243645404631,0.6529257088100405,-0.1210378936992425,0.32533613353047725,0.06455992641634412,0.5462199481948049,0.1916596818699792,0.5555693769127692,0.10287271346009562,0.09596796725150605,0.028810346924930095,-0.054380958659421316,0.23370815792860752,0.04318648244579279,-0.1004602117727571,0.26252506975993994,-0.19390666502904697,-0.25111835227861334,-0.19620529337715706,-0.19748296180493424,0.35757307257797966,0.23377181915963674,0.19641719170363114,0.1950547639452643,-0.058611884910914964,-0.05748252231210897,-0.10917398468289262,0.10674181993978948,-0.04081789614784539,0.07528198173593388,0.058565558202976625,0.13081979963044355,0.09298337656977215,0.10715933812380513,0.08239548703653127,0.1803286150639305,0.13018562293399133,-0.22303484826309766,-0.07579995542287057,-0.09412680623703104,0.004534624186545869,-0.00897978019080267,0.10074902134365514,-0.10260273929599528,0.01305059272717686,-0.0009245045503203589,0.09915585985201648,-0.06571359508270314,0.460761138788695,0.512987012987013,0.6043889637073103,1.0,0.677661835384823,-0.1686986023730397,0.5025412103004562,0.2690733093940658,-0.02437301639622162,0.5160179438642093,-0.01974892402738668,0.324660010697179,-0.15248517496523298,0.008692540237137772,-0.05333559358214906,0.19109861869706707,-0.01645666479620973,-0.24122662447535545,-0.3265935250909551,-0.07482679273832284,0.12193262336902928,0.20928020492922597,0.11433091926202876,-0.10763497438188296,0.14121223940911254,0.07610446116610003,-0.005057312678719352,-0.03837169286167369,-0.053902225403313145,-0.2465186857119054,-0.3185977667486007,-0.036132588706917934,-0.18992996367905723,-0.10908839770333606,0.049967194999827345,0.011750154607297465,0.14342377467830694,0.10487868428405049,0.1208981977654929
-0.10827537846430207,0.155501979287331,-0.0672926300192435,0.08299194158512505,-0.12807453801242633,0.12679211047593933,-0.2503916194996688,0.01951505871744321,0.21540642099017734,0.24255069178946542,0.43695038828450233,0.39332410398400247,0.7195988686198983,0.8209176610191838,0.8321266242111839,-0.248153345325209,0.2607448147694703,-0.06459288837824008,0.6821865247523373,0.29076217473606886,0.6046968459707002,-0.04232158945719497,0.09193875981403175,0.022611138797443774,-0.12055445159143491,0.1496849778213085,0.18302222187347447,-0.03822959733039501,0.3071414921350478,-0.14600349789338787,-0.08829724783314341,-0.21782520114644843,-0.10871639841908153,0.25226505665733767,0.17521330125559004,0.18282744569909182,0.33250143619976835,0.06843533821929736,0.09354133900906925,-0.02403398850490553,0.16200804271870262,-0.14455860793786826,0.010485043117385394,0.11077259699449692,0.2735396569835844,0.15614479881620624,0.15337357831919107,0.15713281159256504,0.31315433418406585,0.19868999745722007,-0.03612240036949082,0.036013297797199174,-0.04375778922551946,0.06182408357897843,-0.03626129732003554,0.2126988312630082,-0.08395254733180767,0.011972264841727285,-0.05853887471001322,0.09264979642064486,-0.14456174717233455,0.6139024137573811,0.5515650653431654,0.7037881142304637,0.677661835384823,1.0,-0.16885556415794636,0.4222176180116717,0.20864066777823376,-0.1557892192409959,0.6202107054173769,-0.13427290620909185,0.2925024397768616,-0.015357135009056692,-0.17288705976160654,-0.25175404725803563,0.2090880088652177,0.026816146665157626,-0.08730054089009855,-0.2091335277828406,-0.14765232350439023,0.14329747672159732,0.15553494124922695,-0.03861886240421411,0.010664768475482016,0.23464060263909503,0.17604983848638672,-0.03049848355178658,0.0012957205512982076,0.039965593990249536,-0.09887179793054496,-0.18627589476030376,0.14201896725464527,-0.22431870763995493,-0.21654753271867122,0.15928318720196893,0.0747608688145309,0.28826020486644127,0.18337681173069134,0.16366241928243377
0.2501948288919671,0.14268218652476325,0.3096283105693203,0.23363761683354156,0.21804511868277618,0.1054602688520014,0.5973180724622388,0.2948394868917238,0.2316567591080197,-0.11002554554051774,-0.13724592281634668,-0.16869938718196426,-0.17527765558740177,-0.11164691760409681,-0.2600057291073972,0.34106775608612133,-0.21316509122816782,0.20975980530461813,-0.15598554381393742,0.18346399747920786,-0.21081467122379227,0.14996835258012975,0.1448396262583051,0.12653484220816555,0.10063604839289565,0.09997759370521227,0.19830645949265943,-0.3474796449995578,0.01180903378920685,0.10134241619218408,-0.1518197168331036,0.21547085984844644,0.17656160298793813,0.011932239570866312,0.05835056643606355,0.25129738725338824,-0.04536744950049223,0.44686331370002236,0.2075293783410947,0.23775795698460597,0.3600522839705801,0.3232117834351414,0.23943892440369116,-0.021608928928097862,-0.21792582767943683,0.18321685456307707,0.14349917261520234,0.21778840060259305,0.22221707736373406,0.22772800563180637,0.07446113036073757,0.11142874072307658,0.36595404708306994,0.2534579662226282,0.16948419610649748,0.269442954397521,0.3626005585485395,0.16153499328400478,0.10598216678681599,-0.04774855977752604,0.09778091352544377,-0.07844950009634133,0.032210127880692684,-0.10159743932544885,-0.1686986023730397,-0.16885556415794636,1.0,-0.06556293755550575,0.18843740557763922,0.35261072574815605,-0.08030478839393788,0.34287752546609496,0.03924441647034549,0.38953206160282167,0.04431659035054224,0.09891653203924335,-0.08828397537268629,-0.16586400270917528,-0.007545153000462441,0.3285431193812564,0.04881982395951389,0.23764259002742907,-0.004292120008272216,0.1882529015367096,0.12070209033939075,0.14185034472745536,0.13672234755185794,-0.23373520829645383,0.42708802584235017,0.35736117416835567,0.3167195758890908,0.29505205441396465,0.2909867441848826,0.3576782369738671,0.29958511076206856,-0.06145524764449884,0.4095454739873435,0.3597242338401252,0.3961150388618064,0.4287411154725017
0.03126286350878108,0.25580836857124023,0.12935843465212574,0.17731024112459937,0.26074570189584373,0.29975765109920294,-0.2813899902369808,0.1679114390217329,0.1430062564942913,-0.02879385463219955,0.2188848645616141,0.1587903273907625,0.3998992305736323,0.36425636244345455,0.30521376036882086,0.042315310988262404,0.23369874022520867,0.24541907210507646,0.4232537314721654,0.08784048921829922,0.2210492816840286,0.15714379891319702,0.1451534928692289,-0.21462021119223054,-0.27753971916408465,0.01752477640802514,0.1065684608714065,-0.13754869737465822,0.030139825591796707,-0.15876684543307173,-0.019723810151656418,0.07787185017061739,0.017553029518221686,0.3976720997680803,0.419052649299139,0.2863892211245366,0.22017805737892757,0.004720625681067358,-0.14903358666955477,-0.10585031888749441,0.2200006906315826,-0.020279454652188517,0.10737437568474552,-0.13177721480839683,0.09766005295106565,0.21296574976133636,0.25321693051932354,0.19959252736627647,0.3212755337483401,0.21019058292444803,0.10525386410484915,0.15116198763769467,0.2363906337800464,0.3459797393807546,0.21379756332620728,0.1188906573243049,0.10773067879666864,0.0422297999913801,-0.19682843141871423,0.06532433000888403,0.004611535430969804,0.5356020580821161,0.4240854625191101,0.5212306426954723,0.5025412103004562,0.4222176180116717,-0.06556293755550575,1.0,0.2773632460639103,0.22297040643668634,0.1516469993627354,0.3421278986906253,0.2774074130756685,-0.41047374187330676,-0.09124341937975006,-0.2041820881559823,0.323770567389409,-0.1722593480590236,0.0040810048061679675,-0.004431031187914597,-0.15533716947785114,0.2563303668864198,0.388649783863707,0.40093674756473885,0.054343309170378745,0.3811393149638634,0.23818784551199346,0.04499391576406877,0.19671800498289208,-0.16971172409896124,0.07891253736181593,-0.30457951523941373,-0.3150614191223328,-0.043282195203877584,-0.030962269540949744,-0.038634558576545526,0.2777280732320616,0.2667658664758012,0.21098167000995138,0.1071279457791423
-0.14513398655621784,0.16230476406486752,-0.09407426097487334,0.10423361250295596,-0.0693394653094699,-0.048908507367986145,-0.1268698563132678,0.12382092222932911,0.010404996721461519,0.19492228426575212,0.11215870104604203,0.1663284794209494,0.06777295948699132,0.09674810498075805,0.12600583113259745,0.07460001232150586,0.28293460461917164,0.26126759983065834,0.1330950129297321,-0.041929201602112165,0.14560408728648283,0.2855644993252825,-0.0003539488249644852,0.057229096499793096,-0.1288106887836385,0.07315596390036472,-0.27533316146006515,-0.38944573262112303,-0.09872044602316345,-0.2350315297109155,-0.14091715125348803,-0.15324728426682957,-0.014157168189654875,0.5356142505660436,0.2217352916939715,0.24241727427229476,0.19724995104755852,-0.09762477485785143,-0.09414803301377946,-0.11235093529640283,-0.06891799570788529,-0.05153290841162526,0.0887140160203114,-0.29546407909934463,-0.07531029395029804,-0.22094027994145324,0.06259871424754375,-0.2386274319757238,0.08557556513110302,-0.07874772748766395,-0.03638611044620329,0.1319475700549978,0.29143094603616837,0.06046246435496431,-0.10351708195485712,-0.09451453878153648,0.15944256591709485,0.014398900638796832,0.04710972531295599,-0.19682379980153697,-0.1407907970166382,-0.0030120966523585237,0.037236044233403466,0.18940500103792438,0.2690733093940658,0.20864066777823376,0.18843740557763922,0.2773632460639103,1.0,0.3783414711479024,0.25338576380157113,0.47203353017652805,0.24022872498229803,0.039862799703816176,0.19775850723065605,-0.025473328072499468,0.03812367808694901,-0.24768118211154128,-0.1429027178325571,-0.18099270519818395,0.4318685790367666,0.6573373777169115,0.4976300732501793,0.6659967014481414,-0.07628345739859284,0.5604864247623009,0.3682982713406507,-0.04513049033351099,0.44165017257982164,0.12399667084055167,0.24211757227112018,-0.1979272411494307,-0.08050334505184478,-0.035983489189848436,0.035379186317957854,-0.19253717345573648,0.07301705272072234,0.27762458743577983,0.02832924774887588,0.15140690733879913
0.05038316333718408,0.19656787495801273,0.25872157815595087,0.4487315923138983,0.32860185112883555,0.24314626635148753,0.3166090617142104,0.5258337515711298,0.25026918935548376,-0.125953199489413,-0.12998559875062374,-0.037526408809947606,-0.05796596441991656,-0.046609783738137615,-0.27662317124807545,0.5294711331694653,-0.16385705181934335,0.5870038832330348,0.030555750667776643,-0.12610147889335707,-0.12818362645293643,0.48960599468213684,0.13828327823976844,-0.10805096551159155,-0.15012760988105442,0.11190115178512568,0.006052448801009558,-0.4560852490511664,-0.19158378096920772,0.12527041572506908,-0.14365764764604502,0.2482333958040992,0.25318239894019445,0.3905664397653565,0.2554356847124519,0.08126693224590252,-0.23457301702406852,0.1394801661126677,0.08175979205710895,0.12561887088756185,0.04777914857682806,0.04930481652744162,0.3070799154918082,-0.37627649121485235,-0.32927914123070773,-0.053545943303052984,0.18371270981858365,-0.025418381473493873,0.08931906865191855,-0.06936295514975718,0.19809205102358265,0.34880818963487564,0.5837736109672296,0.4564337040769238,0.3062448791237769,0.16491654345171386,0.5774888635657308,0.33898579102895005,-0.24531390775045597,-0.18402977249967822,-0.004307029687740348,-0.08440302747771929,0.015947311088717907,-0.011164687379335675,-0.02437301639622162,-0.1557892192409959,0.35261072574815605,0.22297040643668634,0.3783414711479024,1.0,-0.17499662532294874,0.6194949599590643,0.21105176642983967,-0.25582720397803793,-0.12406411572473937,-0.02474501568047616,-0.2366308780717113,-0.28752820408188134,-0.048618893796558774,0.23275470679344168,-0.17132529061463073,0.3272496253518648,0.22341931696536482,0.48382038556077717,-0.20779778299328508,0.368033790733083,-0.0481966667608437,-0.3243076312135128,0.34136625138493487,-0.329536429246364,0.17999985088631817,-0.02794546521885173,-0.2548289274177599,0.03167173653032972,0.04213794424091741,-0.3979827279319665,0.06839136208244258,0.11457734916763199,0.10980571277888174,-0.0631535493754493
-0.07044915791964962,-0.004181460309089026,-0.21478799180031957,-0.011470762739798274,-0.22294224081000275,-0.0753887157077875,-0.08538089901396645,-0.14612749770346412,-0.022875601555804603,0.1636734708292535,0.35443397596140236,0.3367535292843487,0.36927285912057484,0.4954386923204907,0.6377639851969831,-0.15081196299470412,0.31276506911024676,0.07315201115056083,0.48703672238682977,0.4706246134817563,0.6621213149787963,-0.10505448141416235,0.08157928607529767,0.044497113864061195,-0.20459332787106535,0.11430737500353164,-0.161843359925336,-0.0497804105490835,0.45613287453399204,-0.35958139861586014,-0.29819274271776086,-0.39550430232083605,-0.32832939359407814,0.21197453608965092,0.023857406496885555,0.09798335577885976,0.2061221350561452,-0.21423164655660845,-0.21296095734094284,-0.24331901972658343,-0.00825775626355757,-0.21964438751965945,-0.24628393120053743,0.09522710791746325,0.2222892797847911,-0.13345675761687517,-0.1333484016587715,-0.08300606814022332,0.2177263152607605,0.04899874116697902,-0.14891278457663254,-0.06627394843493466,-0.09445956509045704,-0.039526101164969914,-0.21405655016967562,-0.013338607247236688,-0.2114556944143601,-0.0996299624469089,-0.07954035328944684,0.04681069474397973,-0.18582227537992585,0.21689755736166177,0.238049719195477,0.28220462158098125,0.5160179438642093,0.6202107054173769,-0.08030478839393788,0.1516469993627354,0.25338576380157113,-0.17499662532294874,1.0,-0.21210237671441443,0.2531513046086947,0.11417866639041403,0.057953407482051425,-0.16461988579465012,0.35491413994166104,0.08119400876634413,-0.16731962743565354,-0.44505415377784935,0.12804152579352,0.031109040959572568,-0.038009850917755196,-0.10331534551984153,-0.006638698692626564,0.023895862134187682,0.11906017598548418,-0.08214915383803063,-0.011944016396249195,0.18923619286200868,-0.33193571944025274,-0.25661358221184183,-0.03078490279360475,-0.22585065405950105,-0.2360468876059884,0.10766004602117728,-0.08414247101701779,0.10637139027276808,0.12983402867376762,0.12917165020138188
-0.1350820968995835,0.11495091806911967,0.2318513007418011,0.2398186778172275,0.28603146063537976,0.23952202016016375,0.18782981582111385,0.2821003527323928,0.13114308944620764,0.06328777648328393,-0.17022747695609133,0.047101073932110916,-0.112869605617974,-0.11602139702212219,-0.29051193478553994,0.4328737494074695,0.15922040251264327,0.3455700692829047,-0.07607780752640192,-0.21291072958948232,-0.27216624136565126,0.5802090102307651,0.13635264904300437,0.11373219954563048,-0.08790327390762488,0.2577217319784397,-0.012239884790008438,-0.32295188495333527,-0.14128298309255355,0.16097058889316104,0.008849501960451924,0.1581059742771128,0.22065679063503574,0.3830416917969319,0.2618640546133036,-0.0054010528992399914,-0.11635572549278134,0.09256664303084501,-0.0418240207942891,0.16463643137965575,-0.05845097614495729,0.16921729467052166,0.30486832481031173,-0.30699515616121853,-0.3658677181013713,-0.02218497867870525,0.16186677716771988,-0.15342694530511788,0.0007565555063742156,-0.12442983654006134,0.03321625292194428,0.13337665476896804,0.4379577396256149,0.39969988918502336,0.2560908996732057,0.06304053693466312,0.29340384053944607,0.09035194770034057,-0.04709636508041149,-0.06734285777070403,0.10299043475258124,0.03433851620943717,-0.00023701220220437045,-0.030508650160571842,-0.01974892402738668,-0.13427290620909185,0.34287752546609496,0.3421278986906253,0.47203353017652805,0.6194949599590643,-0.21210237671441443,1.0,0.2732934414645812,0.01843201516878094,0.21372222169901647,0.1647548728767003,-0.1701316634692374,-0.03994208107865411,0.0879754763003494,0.15628292518692408,0.17197825138361758,0.2757857801255985,0.21867279445234486,0.7217366872914371,0.04055343155740542,0.4988363245671868,0.07130771090161953,-0.17786452539243972,0.25288996303172184,-0.13681568612678113,0.19423549996842637,-0.06635556853105802,-0.12979478824293908,0.252800981952541,0.428044037181093,-0.24408960630860557,0.2063183372102879,0.02798627526691341,-0.07479540039366,-0.01150843355339367
-0.04668676826293195,0.18586094980017892,0.3294104628455788,0.11835084832033453,0.22367551565937976,0.3484538663448223,0.056164109953425155,0.2511462147836974,0.3738879739320254,0.1494403520971364,0.13032282773378828,0.2772143499287156,0.252299001447756,0.3186193316642642,0.35710103798961546,0.030051926923265273,0.11822684841294197,0.17195255512416024,0.3309240979004216,0.10441577011994023,0.3084436121972957,0.2167604710271402,0.40247623106233416,-0.03231455818916292,-0.07138549099063214,0.18618586094992906,0.09236509211513719,-0.09362699336724704,0.14909829201698643,0.00539007403896276,0.024307905896644083,-0.13899604809165533,-0.025142943247692718,0.2715544100820648,0.1459259735959024,0.28355718063470714,0.18887540324508287,0.06774557092564129,-0.056918311921806485,0.001058708485521369,0.07920533325176803,0.09918736896140076,0.04454108065922379,0.14669189044539865,0.12987504257597426,0.06641767266211115,0.19898688936435974,0.07658014533893186,0.19175016059178507,0.09558195393253101,0.08079931313444554,0.21982279785401215,0.18506986178339602,0.24552452549451184,0.2960584118046824,0.2602444132353654,0.12637788030015165,0.2567396553192472,0.022427502237703744,0.1887631754807972,0.1299220801848656,0.22739150106220107,0.2742195167223231,0.32626259177879674,0.324660010697179,0.2925024397768616,0.03924441647034549,0.2774074130756685,0.24022872498229803,0.21105176642983967,0.2531513046086947,0.2732934414645812,1.0,0.0069424251949024495,0.12136451695569801,0.16000461468020877,0.11252839049630131,0.17159010778191602,-0.03807581966492056,-0.04274309877461106,-0.009245841196150323,0.12627982866035278,0.23738369613132812,0.20899713505291737,0.09664305435439023,0.24079143364361663,0.23596476048217782,0.04757795718544993,0.2808758170857947,0.012958775132062995,-0.01556670334345171,-0.15880542570238704,-0.13773485916013734,0.11959398663242196,0.06862374621775608,0.08129371143893006,0.12944962484150913,0.17672969079693565,0.19465474070102473,0.15863041317486462
-0.10118619944899344,-0.0035222210711695844,0.09516432322813759,0.018243661100803957,-0.13930436891357226,-0.09057005358673234,0.3113429958970206,0.053432146008995665,0.11527582883637996,0.3662067555567697,-0.16854798519854977,0.09352407321950469,-0.1715779989891665,-0.022434539113291834,-0.019507995437122415,-0.15257464314752203,0.0068278349641656385,-0.30237420302684986,-0.17684413420077008,0.040875971985471625,-0.059763199603205204,-0.18482399881964784,-0.053603998129016256,0.4164119306700806,0.4333289384050805,0.21282753987612582,0.00834880061529301,0.07330740325664184,0.15961848838630283,-0.03871933310077127,0.007964237840960103,-0.20175075106184606,-0.24424813764915287,-0.2708234332957749,-0.28699756042148017,-0.03430241501307491,0.011907116330611617,-0.001590022881104317,0.01611526013266405,0.05978752867986573,-0.15740435537389852,0.35912371409108174,-0.10952632091138255,0.25696203723759925,-0.12130791546510084,-0.17761246213788812,-0.3243912239561261,-0.21476758677628874,-0.09639961199061997,-0.09647338400057762,-0.18545584252967318,0.01708528358274551,-0.08298252388172621,-0.12010397144552329,-0.0958110055281919,0.1430737500353164,0.07444223651620316,0.034857302061312184,0.5067242402267783,0.1861644519367507,0.3535625602340613,-0.2240879739066831,-0.032332545385482296,-0.10560227782852874,-0.15248517496523298,-0.015357135009056692,0.38953206160282167,-0.41047374187330676,0.039862799703816176,-0.25582720397803793,0.11417866639041403,0.01843201516878094,0.0069424251949024495,1.0,0.41708026080759947,0.437504120245237,-0.08032833266167387,0.35757713693754906,0.0608477816599644,-0.18838082539140852,0.5180710032051584,-0.10235713436439701,-0.14554432756028116,-0.13752044426446167,0.3802430631720464,-0.004367461665027406,0.10118380531723534,-0.00844219622672006,0.03196764701152628,0.5891809423354021,-0.0325789880752233,0.261761926736546,0.5978263940555456,0.38508832236170887,0.4485149851357248,0.20831645994807707,0.08316459948077062,0.028910779817233768,-0.0895293973611595,0.25578325469550994
-0.13839006651649105,0.011439370395135443,0.004774775623216522,-0.07437317335794494,-0.15873859231178855,-0.10238299288335546,0.030285764513465745,0.024180747773793244,0.051704761276915014,0.4402134523313284,-0.17363668826205417,0.2555431032588393,-0.28568760222132233,-0.25866350231832463,-0.12333586172609469,0.07567909489591867,0.4304973489164932,-0.09352721245397097,-0.21908255051914835,-0.3393810685326276,-0.09573256223241204,0.07580152504010372,-0.13713117919064258,0.36323875074077555,0.5162314118079165,0.11903349249252078,-0.29601670074055864,0.01976775943418438,-0.08450829131665112,-0.33812472261912174,-0.008857350046617632,-0.18699320983584944,-0.23508942109377207,-0.08646396883367465,-0.06744490935653642,-0.08169857698501644,-0.15676395154277678,-0.43942079531754985,-0.3865825979676596,-0.23193144223160633,-0.46358331057388347,0.31899174067411923,-0.18274896483743475,-0.03836772364691146,-0.1067881655523116,-0.5254005370447875,-0.3136613205503706,-0.5219212742780546,-0.33852405752333237,-0.47311716564798506,-0.3246252243082257,0.07522547551554078,0.018951558472950786,-0.15402967832264425,-0.07391955397756703,-0.03059968796009405,0.024007295580899642,0.04727769297479471,0.6339260208005676,0.25952836141378566,0.581282628418234,-0.38518563863016364,-0.16915921883289542,-0.26674546145177036,0.008692540237137772,-0.17288705976160654,0.04431659035054224,-0.09124341937975006,0.19775850723065605,-0.12406411572473937,0.057953407482051425,0.21372222169901647,0.12136451695569801,0.41708026080759947,1.0,0.7220254968623352,0.1592361611699426,0.28197881799890173,0.1175674699967666,-0.37587167746239636,0.7597826394055546,-0.08143883728988839,0.1131568455716389,0.23005251939262092,0.2365131567330313,-0.00934001101086993,-0.05150071103660661,0.034829847405581135,0.061627169164561936,0.23408015721286207,-0.1793131430773516,-0.006471531852242512,0.06698655465878091,0.27678787250940984,0.4029913765229211,-0.02965006953404343,-0.1901748239674273,-0.16443310134390626,-0.2818922677515861,-0.10818115894258026
0.015107571797264612,0.03393983343221922,0.367067546908011,0.12284295351735526,0.07903889159866578,0.11363243959328079,0.16817820806218195,0.22678074125989475,0.24289355797695175,0.5081300318515093,-0.24111851011822727,0.27810321175078245,-0.3260142081751944,-0.25125961782959605,-0.19542056144447156,0.08002379539725443,0.03832220474715036,-0.16065503266373463,-0.26328769800240687,-0.31526860859710754,-0.16220823256714995,0.08521294997002031,-0.056603536661549714,0.3089911669721834,0.7006896898122423,0.29454181303347365,-0.10870392679302826,0.07606992958697092,-0.0468264460410411,-0.1073901139974286,0.1112968491503662,-0.023352765194679624,-0.1376836844567084,-0.20465069920590684,-0.1116061075400211,-0.050649978496243905,-0.1495342945669269,-0.21265575023614575,-0.19994883047819959,-0.054830675512513874,-0.36641144690455785,0.6889222694153804,-0.04229961481593099,0.2161378626208213,-0.1239668481014194,-0.3545437101292814,-0.23962404528031794,-0.30054716856747316,-0.18475650527862275,-0.3141934207924056,-0.31750700736270937,0.16279599056973967,0.05032820696344989,0.002971285422336909,0.2067342857770704,0.26483052842733773,0.17704654542943157,0.22236470869850158,0.7093053188049562,0.5576300663320243,0.7320396548097781,-0.4321077761976964,-0.14084960241595484,-0.26386521382895567,-0.05333559358214906,-0.25175404725803563,0.09891653203924335,-0.2041820881559823,-0.025473328072499468,-0.02474501568047616,-0.16461988579465012,0.1647548728767003,0.16000461468020877,0.437504120245237,0.7220254968623352,1.0,-0.03072526939547582,0.349136513642054,0.1666337047047707,-0.3097727154114344,0.42864677019861935,-0.18195402510840591,0.06502767235182029,0.10121676727913131,0.1498710362734876,-0.08404597253718776,-0.09657854835519811,0.07039820058873442,0.022999628392698528,0.1724475669363269,-0.25564130465067963,0.010776991922749718,0.10957654866284308,0.4627718184643493,0.5798181755397129,0.05276425290928554,-0.1373367990481841,-0.1861942746641804,-0.16236434583062576,-0.010560384744576188
-0.07125832388292216,0.12699621055011767,-0.023347280695938957,-0.13490002122909178,0.06289421948759805,0.08025848466739041,-0.18318539031099856,0.019398914608831457,0.1254783900900704,0.05688846683592386,0.1808593585987208,0.29283104515753566,0.1902447465871749,0.13485371750254432,0.26770627729664614,-0.19013487333774026,0.18785264898519766,-0.05974750342471454,0.0713988047355389,0.17470552988141705,0.13619343977962556,-0.08461652862532343,0.03459673182019823,0.18135300379966934,-0.09241360529056103,-0.07661461683078265,0.023616488691484947,-0.07718674253676737,0.43278496053204596,-0.4578993011273785,-0.04923655749844104,-0.24011464488771428,-0.20515925538900437,0.05504338033032621,0.1415850792068718,0.15519753444429463,0.1588249212934872,-0.19380550072791056,-0.20326943549872836,-0.09307837497400319,0.04868405201556965,-0.09504663923237,-0.128386107155466,-0.046868004164199756,0.3056337530754712,-0.06682572133778582,-0.06231853746148539,-0.06440612920074378,0.034222377963195875,-0.021867915873193824,0.18801753263825396,0.10975866733166988,-0.045052741121754405,0.0019996931397106613,-0.02980311890914928,-0.0028700462370180096,-0.029575524321034646,0.06545311567426042,0.1054579144252278,0.28419893179659467,0.050378454483636884,0.08910877490935161,0.014960812528376898,0.03987143260198604,0.19109861869706707,0.2090880088652177,-0.08828397537268629,0.323770567389409,0.03812367808694901,-0.2366308780717113,0.35491413994166104,-0.1701316634692374,0.11252839049630131,-0.08032833266167387,0.1592361611699426,-0.03072526939547582,1.0,-0.05312925146043654,-0.06593729141250809,-0.18940821459823654,0.2577736304986364,0.11410733835872845,0.2209786488808206,0.07820856375650963,0.23822570328717346,-0.04265673621384482,0.20103194525488413,0.16862110479257172,0.25421325167133085,0.1856049562253345,-0.042156812732744985,-0.11685569443622384,-0.1552210787120306,-0.16909885492455168,-0.09780681221995337,0.002251616804485827,-0.022860699162728357,0.18034909085773548,0.04041295075991397,0.0166426580536516
-0.1723206307985295,-0.13379270833746207,0.035190061175890505,-0.1344645050404787,-0.0790499409627084,0.07085022308204615,0.004774779370505985,-0.09033000848772213,0.12280851831944732,0.20827589508510702,-0.17964218949390753,0.12354702380722611,0.06733427772046384,-0.011453505939047393,0.04523249786434052,-0.30581661362673684,-0.031714925894397984,-0.3971864589016248,-0.016512392731252268,-0.1388625759793866,0.03568921385236202,-0.2776961140171708,-0.1783008095307782,0.11537018695740209,0.2165375001472184,0.1894976828507994,0.16296890426418584,0.49835072339806347,0.1668427911459416,0.14833449681348848,0.13708419825855053,-0.10899901506444677,-0.18605629436630422,-0.2496596869630378,-0.4706479269844958,-0.08021299722572406,0.11481288185877754,-0.12117380823729178,-0.09136199718256298,-0.08987795819241788,-0.29573652384455756,0.21084449397469204,-0.25015087957502435,0.4717480448441448,0.10494944060738787,-0.08154720492044817,-0.33086380028184836,-0.21597714635521623,-0.06004889361520298,-0.0419323572922641,-0.22004960781106933,-0.14273168549559212,-0.2060414614718162,-0.13972194208896976,0.04062329549246068,0.13853060167404074,-0.17020079344218647,0.10229682450239132,0.297040876788966,0.2405181310553678,0.410968493833488,-0.1193726234995796,-0.008482218184817338,-0.10600810707940432,-0.01645666479620973,0.026816146665157626,-0.16586400270917528,-0.1722593480590236,-0.24768118211154128,-0.28752820408188134,0.08119400876634413,-0.03994208107865411,0.17159010778191602,0.35757713693754906,0.28197881799890173,0.349136513642054,-0.05312925146043654,1.0,0.047232958848542436,-0.18547874755386104,0.11468495795388069,-0.3628943618890488,-0.3089825340706259,-0.3847982451666746,0.31237067810293534,-0.22606595774822616,-0.03532112431771735,0.26897406084713693,-0.16718575318428197,0.1529742307888981,-0.218885735262569,0.08275577913901128,0.20242898457463687,0.15582151868439378,0.2000753416863812,0.4226197716991244,-0.10292302198646233,-0.25399095114962755,-0.12144530468260167,0.10982698880473012
0.21599589701895916,0.021386034801553294,0.05299655625979049,0.13878241651990744,0.1943610693963517,0.013969593374959583,-0.013200480930720234,-0.05847768258481978,0.007675428270062063,0.047978508792414276,-0.10980030529082525,-0.2507432137598925,-0.11771344439944875,-0.13113995021174135,-0.15699788611717386,-0.11437643816178987,-0.08424606575440513,-0.21550844611033154,-0.04471919732882779,-0.22447566936326907,-0.22615760297381537,-0.166260135803283,-0.1316861770088746,-0.23920906925556437,0.1278406147876779,-0.2603963597437129,-0.15081914463646395,0.21088278412426345,0.013530116477517323,-0.14011743095938867,0.5972754584067129,0.3020665580491541,-0.0017375662770876695,-0.19798296258307255,-0.07473970831007277,0.07278001186630628,0.22949059642315625,0.005931585851622127,-0.2485316230783961,-0.12560160509122212,-0.03432752888880518,0.24053128404107374,-0.14574366894889013,0.3094594552172507,0.27088072434726584,0.09201492235689815,-0.020740922118732127,0.05633199288021623,0.07519565278811109,0.06236874075887854,0.04803187579928253,-0.03145042050045676,0.01612624745329604,0.19886736420456508,0.06546245632540049,-0.023176968064567774,-0.029361259963145387,-0.017982333944182055,0.22175866193270108,0.1729875152645276,0.2598595506499785,0.07508107073009176,0.0065562911828321545,0.03757506694417499,-0.24122662447535545,-0.08730054089009855,-0.007545153000462441,0.0040810048061679675,-0.1429027178325571,-0.048618893796558774,-0.16731962743565354,0.0879754763003494,-0.03807581966492056,0.0608477816599644,0.1175674699967666,0.1666337047047707,-0.06593729141250809,0.047232958848542436,1.0,0.1465167629300326,-0.0361011963622551,-0.0995365310896246,0.0549397423944197,0.0309606999237166,0.06526784939988126,0.11383888893031811,0.09534168997548258,0.2121622719295895,0.04272267695397972,0.08048055401209861,0.21174380226583814,0.1144800328991772,-0.08966281482597653,0.39637073103353015,0.19854088382007165,0.389004517358397,0.26438318751589235,0.14741374168495272,0.009017451004398068,0.0915510643574458
0.35309666102912035,0.11099317176996064,0.2697725741458249,0.16498567135107303,0.3045585644269519,0.15858476976258004,0.2842483747588403,0.1112678985555586,-0.009110061995981694,-0.41944286392585123,-0.0939707399459103,-0.33321181875154376,-0.07961494134927317,-0.18500928625161378,-0.2659640008005054,0.2723679372592563,-0.2266944122781961,0.22395621394049967,-0.12444798480609326,0.007318343221272338,-0.1831752596737548,0.09978531551870162,0.25488553365635414,-0.09373137303607039,-0.1689010830755693,-0.18112291245732523,0.3152940936411442,-0.14064796179237313,-0.2986699827499715,0.3856324973806992,0.14002874755091643,0.5042436580572207,0.3867726734241629,-0.0264543496089688,0.10501336137718324,0.17024467595437018,-0.00480852428061508,0.6077845227771259,0.43618973697524654,0.439717625638148,0.39941594519839313,-0.03139392659917813,0.40438770973531113,-0.1349996919625075,-0.10206679511377773,0.45291733211949503,0.44421126899290064,0.4323645782770716,0.08381602352229954,0.2733159864400924,0.4596886661774689,0.11975948745699679,0.3196393332106661,0.3401306942302287,0.22482499741995796,0.10555993958541711,0.15995975499836224,-0.02286071710402316,-0.2695300681881441,-0.13790113055650685,-0.22371056874712078,0.12987175044960741,-0.0823531396869696,-0.03001266289199965,-0.3265935250909551,-0.2091335277828406,0.3285431193812564,-0.004431031187914597,-0.18099270519818395,0.23275470679344168,-0.44505415377784935,0.15628292518692408,-0.04274309877461106,-0.18838082539140852,-0.37587167746239636,-0.3097727154114344,-0.18940821459823654,-0.18547874755386104,0.1465167629300326,1.0,-0.36323232973278874,0.111099164570572,0.0013632131019142145,0.038057739177389756,0.08550418107118612,0.09352571623652581,0.06625749345371766,-0.04804762854009582,0.22651260326142555,-0.022830876423596096,0.5657124694414906,0.37207555669442915,0.2074563911111131,0.18399452831219232,0.006069712222339974,-0.05504649796676051,0.4561387950279566,0.23022448282074656,0.25386685167231,0.11319220637650274
-0.305583405372276,0.024901977403790312,-0.19758498692508844,-0.11680149678699353,-0.2786283580502578,-0.34979547887452167,-0.03988397389412618,-0.054249916908359286,-0.16464029081868095,0.3744189961430853,-0.11143192368518454,0.1513927213709665,-0.24156252256324773,-0.27307258851856386,-0.06511873570421994,-0.05951674624626039,0.4034245908792682,-0.13413164065810912,-0.31310109006037984,-0.23691174670144938,-0.07321796380540284,0.01743216899126979,-0.15206451754675104,0.43509196002195166,0.30299734106840703,0.03383623869483188,-0.3499542848623149,-0.0701461941490948,-0.06380187640117449,-0.42038290042622284,-0.053374834012977594,-0.33398158525062077,-0.2458632737820555,-0.0744995567791656,-0.10623644487836476,-0.18223883923666376,-0.13633224401897354,-0.41429827683431675,-0.3142358004577004,-0.12089667558864542,-0.45389092415923454,0.03643081598121482,-0.19909338908613747,-0.18448496149728927,-0.1094973259598003,-0.5306870099604433,-0.4000310784212162,-0.5855645442302441,-0.45500535239476503,-0.4839569422600605,-0.13559850117192634,0.05631158785618539,0.02031398623131763,-0.2487890403046313,-0.3328938405080537,-0.3115344891994638,0.025631849417201123,-0.14041728306896126,0.5154607297464441,0.03595836119403922,0.2695660636197257,-0.41651362898643535,-0.3133191439935457,-0.2600573224213543,-0.07482679273832284,-0.14765232350439023,0.04881982395951389,-0.15533716947785114,0.4318685790367666,-0.17132529061463073,0.12804152579352,0.17197825138361758,-0.009245841196150323,0.5180710032051584,0.7597826394055546,0.42864677019861935,0.2577736304986364,0.11468495795388069,-0.0361011963622551,-0.36323232973278874,1.0,0.13027200300111935,0.18908393999039394,0.3049546537581345,0.3228036827943841,0.034493137042159845,0.020781732166793805,0.04302011976981378,0.08740816256864802,0.39344025565925494,-0.006869432516439332,0.027998832204778543,0.16674043867662433,0.06962508122769182,0.28139312947144707,-0.08218201909282402,-0.153472464204879,-0.07312375804036428,-0.39624045280317943,-0.13330759161070982
-0.07775889875568497,0.14522653705809999,-0.0026165529543937774,-0.006703053024438289,-0.052111333037721856,-0.040740216081444326,-0.07115391633388046,0.11634404467134152,0.047476231080713006,0.08310658886591142,0.10880128583195946,0.08047823116625973,0.08084944578756394,0.07187044688197929,0.1369884515321438,-0.007500418891764046,0.03253817801114758,0.19514980236550758,0.06942030066041698,0.034511187647424106,0.0929645776352913,0.14665959815429766,0.049696455528217505,0.010851561515923248,-0.17269092537214026,-0.09124345518408199,-0.04589095306878541,-0.5194210778487688,-0.19380329839889063,-0.12347011250240347,-0.14467795561985125,-0.10399581539882238,0.14757390055137887,0.478501328289626,0.25703915020856305,0.3529018898591579,0.25953866576991164,0.16588905151880207,0.24536266216606797,0.15386028041233876,0.2768900062824167,0.01828604794162418,0.19626423103834478,-0.21176499210680053,0.16613234238087576,0.0661186082193071,0.31957340926100536,0.09444155155155488,0.13197660798520552,0.15166903351959324,0.017695878574315548,0.12272763480958145,0.16979027158706544,0.035670350428959684,-0.0955591194600902,-0.03755546146568849,0.1170982003939046,0.03380488614572054,-0.0291705629159755,-0.16768619886039185,-0.1223179645509751,0.016630885919783605,-0.08975702708101606,0.1110277033626401,0.12193262336902928,0.14329747672159732,0.23764259002742907,0.2563303668864198,0.6573373777169115,0.3272496253518648,0.031109040959572568,0.2757857801255985,0.12627982866035278,-0.10235713436439701,-0.08143883728988839,-0.18195402510840591,0.11410733835872845,-0.3628943618890488,-0.0995365310896246,0.111099164570572,0.13027200300111935,1.0,0.7019024945544611,0.5994974868456675,-0.07266627164601965,0.6149058817527929,0.3697627247938297,0.1369854198026782,0.574359163518448,0.28040516545540106,0.538264551344182,-0.10156840139524112,0.09228725105371118,0.009005682409018775,-0.01951505871744321,-0.0191155909748558,0.24034223947582892,0.5810348568960234,0.2307267605324478,0.30953020945375365
-0.030817092039646207,0.3959375166771831,0.20559474366580965,0.20832744726870905,0.19943799832915715,0.11192940489532223,-0.15205823907781849,0.3063187713345637,0.15877777045289734,0.16890422231126742,0.20317847739167058,0.15195464434043116,0.07180998841622482,0.14518645483112488,0.23370118635642875,-0.0962834603153675,0.14009461652681376,0.15032852088689652,0.11818829999008126,-0.026612860187914575,0.1578611759341604,0.07836627959905697,0.13973517418042436,-0.005857031302118041,-0.04192133706274388,-0.1408103619851263,-0.0194452183535547,-0.47207650942241225,-0.2040708855674547,-0.2266229946660636,-0.031830267870877005,-0.1012277545997633,-0.05295103736002938,0.3732276561956439,0.36406893604634116,0.33651337784767804,0.22097228369889718,0.05258455237049978,0.0231816769162672,0.028410083068102804,0.124315254482042,0.08332940929025048,0.15828334102445776,-0.19182135244499277,0.2850920443527135,0.08119554652328309,0.2750393189116902,0.05031565002558476,0.0804271870261718,0.04423652248162763,0.12034417010577403,0.3932581800602105,0.30418868054836146,0.23337696869241467,0.12170341140609452,0.015248831419969926,0.2884312931448537,0.12932635899532705,0.08765684400202167,0.10576394840354231,0.15335003406069395,0.12630395951643233,0.02014917642183777,0.26917993778037286,0.20928020492922597,0.15553494124922695,-0.004292120008272216,0.388649783863707,0.4976300732501793,0.22341931696536482,-0.038009850917755196,0.21867279445234486,0.23738369613132812,-0.14554432756028116,0.1131568455716389,0.06502767235182029,0.2209786488808206,-0.3089825340706259,0.0549397423944197,0.0013632131019142145,0.18908393999039394,0.7019024945544611,1.0,0.6230831049540259,0.12794112049525566,0.6116910631061403,0.2601279551968457,0.15655459194034993,0.5134286798447594,0.1772129248561446,0.39080423686949006,-0.18186527033517608,-0.033946111901151786,0.10123403306869587,0.12577185927439735,-0.037932939673331265,0.26358582196145647,0.548221780636574,0.07992177027710022,0.15325114817500604
-0.06363073798330494,0.23058305001742274,0.1324568590703471,0.18708424763537163,0.20164409621602003,0.10319448499288963,-0.025349318315235646,0.22030214358787298,0.01806315511899268,0.14061264539076915,0.028639258512245955,0.12649702243610872,-0.04894066532935278,-0.07026862429327985,-0.09945569577039767,0.3696982253907562,0.31372567485692937,0.36513534809401377,0.0007667583192689624,-0.20558061711071138,-0.08475151576034314,0.5650480773758512,0.18763361366697118,0.1245829719941209,-0.060499326634206985,0.10870855033291582,-0.15750571929733032,-0.4850839274334561,-0.1910815028633138,-0.07722127412944683,-0.10938191612593352,0.043600827502205314,0.20454310011960483,0.5549101374161614,0.5040890506990877,0.0825854107217414,-0.04563348181912359,-0.04941627874215915,-0.041700021032870925,0.08639804488401386,-0.04905995623907154,0.053206884969031455,0.3082508499477317,-0.4931470511601041,-0.1694567277941388,-0.1353512863606984,0.23715189813812004,-0.17954066721289347,-0.03996716360748268,-0.2135228803104075,0.08251951917897064,0.21396708198738656,0.4078870126730895,0.3019708113979325,0.1374764949819337,-0.05735695293345765,0.2580560604490989,0.0178347898084728,0.010464638093354555,-0.06310803047568819,0.011414256519405178,0.02163089508992337,-0.0781481028036503,0.05511553952453155,0.11433091926202876,-0.03861886240421411,0.1882529015367096,0.40093674756473885,0.6659967014481414,0.48382038556077717,-0.10331534551984153,0.7217366872914371,0.20899713505291737,-0.13752044426446167,0.23005251939262092,0.10121676727913131,0.07820856375650963,-0.3847982451666746,0.0309606999237166,0.038057739177389756,0.3049546537581345,0.5994974868456675,0.6230831049540259,1.0,-0.013498713501971498,0.6004423967908056,0.15605134531893053,-0.03992012208499977,0.4130750839062362,-0.07857032983936538,0.31732964054576485,-0.2014117137394875,-0.1422842325670462,0.07808688773155778,0.24057994217530113,-0.33976719437198044,0.11654878841245774,0.19568418045575406,-0.053404656740407286,-0.06110362926896647
-0.09241913521870672,0.25108391922591516,0.15985302098462573,0.19897025221013534,0.28669630629534726,0.0918979858271427,0.07754932425990171,0.12675846318656092,0.11297324468655796,-0.00716059943729178,-0.01664267111496842,0.02175961224160824,0.06863546449505334,-0.026851452543979814,-0.0032498950317651535,-0.21614108666999782,-0.05396110722413106,-0.21424969716187273,-0.05335447086199522,0.046010208009684944,-0.07252971483956537,-0.21996859979494635,-0.03888885182847045,0.2646189416137222,0.02125811933883151,0.14529324581668532,0.43071210870871146,0.02111763854134006,0.04956859002633778,-0.11417012309732812,0.12024685379913191,-0.044390362389448365,-0.2370585989355819,-0.19677286443597722,-0.019718331966457253,0.17334074716165376,0.130275927045742,0.050065335368605274,-0.010236262802686875,0.04999548734691315,0.007229659812800084,0.1888438626568831,0.019980450409691417,0.12715945080642058,0.22077154595646664,0.1881007224168985,-0.031630938894387166,-0.05637674909384433,-0.02535717635166855,0.12127652310811951,0.10852734471568323,0.17035690363057843,0.09513061378729507,0.23706016855343096,0.09905151917426307,0.05912358032971063,0.17759912038617104,0.02611689188738655,0.13933340684377998,0.17190847087438063,0.3336379699975653,0.06879791994243172,0.061304564330988465,0.08509761649606229,-0.10763497438188296,0.010664768475482016,0.12070209033939075,0.054343309170378745,-0.07628345739859284,-0.20779778299328508,-0.006638698692626564,0.04055343155740542,0.09664305435439023,0.3802430631720464,0.2365131567330313,0.1498710362734876,0.23822570328717346,0.31237067810293534,0.06526784939988126,0.08550418107118612,0.3228036827943841,-0.07266627164601965,0.12794112049525566,-0.013498713501971498,1.0,0.16227108095699638,0.14659681344033498,0.10426120355302325,0.12939081489949786,0.4410068941540315,0.09022794784157841,0.20339422011772915,0.32556071654626934,0.255684469141529,0.407325249539839,0.17414046745575312,0.33712487604926644,0.1512146291522885,-0.07713886919237084,0.18956745648530274
-0.08667590125530236,0.26365577338801294,0.14475408208553098,0.20318624575272784,0.17591341984547107,0.13745300466059837,-0.03983768581823111,0.13327944309936862,0.0701109052731758,0.11169248035033884,0.14135283114156735,0.1832505294517348,0.15702613923845704,0.18046838181426453,0.09115716197285345,-0.023862900159357287,0.15504999036648237,0.1156855443297448,0.22327116336196579,-0.02667251610918624,-0.015972437499754747,0.20830319994068447,0.061424640096442044,0.0359788085727913,-0.18811948401953896,0.06683275839540051,0.08202279950196617,-0.41931791471563123,-0.1323836872564554,-0.036654515203716855,0.021712523706136248,-0.04564448705085246,-0.022646446326330786,0.3763034700340215,0.3513999034684644,0.2849107534911463,0.2904475804537282,0.14511122708847546,0.12753694389912104,0.03803028578828201,0.14857217750338514,0.12086371361381502,0.29074580784505083,-0.13898495168128724,0.0645238758588756,0.197283775246332,0.33323379340143067,0.062265955263541665,0.18676647343364366,0.1452084864528357,0.05756811163126523,0.18675705572654927,0.30083531137885,0.2903902894022373,0.09106216432251482,0.0678883263988977,0.17946068715516386,-0.046635737322680774,-0.17127983892582951,-0.04861577363913525,0.002370122952090344,0.2435065890595469,0.1409422651390731,0.27024424430946936,0.14121223940911254,0.23464060263909503,0.14185034472745536,0.3811393149638634,0.5604864247623009,0.368033790733083,0.023895862134187682,0.4988363245671868,0.24079143364361663,-0.004367461665027406,-0.00934001101086993,-0.08404597253718776,-0.04265673621384482,-0.22606595774822616,0.11383888893031811,0.09352571623652581,0.034493137042159845,0.6149058817527929,0.6116910631061403,0.6004423967908056,0.16227108095699638,1.0,0.40463335492869,-0.042161554676930314,0.3579768857804545,0.11267815653093348,0.322055886265446,-0.1535533597473975,0.09489124706531243,0.2247080608902025,0.2747427690648938,-0.04632491638842277,0.3957257736352379,0.4254982849963304,0.07826899404369869,0.2334453386470309
0.06338195355422792,0.02491139510718916,-0.04696922608452703,0.03203431811118541,0.14172550444575727,0.14877616944331956,-0.05377822564189497,0.029230208394240023,0.2221259523652562,0.09649225727136021,0.0638026361742316,0.09282402393352357,-0.01543718548794691,0.115731017833991,0.15811702364355823,-0.3118201595358956,-0.1347924495132617,-0.211254783408518,0.18378027547579473,0.14368433113900844,0.047372636302674624,-0.2547002188046423,-0.1165550668813903,-0.1184567511252567,-0.1516815309418645,-0.07103616712028604,0.014103021907954068,-0.03781992723254507,0.1988644590760481,-0.13586769063304124,0.2179068212425718,0.09502305767715485,-0.0648393182838433,0.12407358211515593,0.0019424020882197357,0.6493726239919133,0.7854443115501853,0.2461121546889972,0.059435126150137026,-0.059381782465882056,0.29083594674602653,0.1622984219068338,-0.03430869348200748,0.2179711755491306,0.2658618712748758,0.2503838696652316,0.2395628302082254,0.13109286169474713,0.3311280211207695,0.469999905822966,-0.049881670434407346,-0.024752863766641868,0.012447064658812302,0.14553647947411544,0.1441928871225463,0.10021692110162016,0.05661923283388113,0.16297270041089781,0.13612819377866514,0.07846516548474489,0.04587049402132796,0.12714527435339618,0.19017325435019417,0.24321689912697889,0.07610446116610003,0.17604983848638672,0.13672234755185794,0.23818784551199346,0.3682982713406507,-0.0481966667608437,0.11906017598548418,0.07130771090161953,0.23596476048217782,0.10118380531723534,-0.05150071103660661,-0.09657854835519811,0.20103194525488413,-0.03532112431771735,0.09534168997548258,0.06625749345371766,0.020781732166793805,0.3697627247938297,0.2601279551968457,0.15605134531893053,0.14659681344033498,0.40463335492869,1.0,0.24139956654985806,0.4635038057379852,0.4375245252692678,0.4021470802557688,0.13398880548989323,0.12044614800234815,0.27283400669912633,0.013137696241394574,0.3451933611469507,0.4235031345256146,0.4176343356908984,0.12657393368053266,0.5822557911027817
0.09995809115412504,-0.06546410300786716,-0.0769411577275431,-0.22399876941879576,-0.09769391474142738,-0.0922896779103045,-0.30254800189473985,-0.3128636612636088,-0.19710099203863618,0.25928155367244055,0.2092091978180869,0.008965664190206375,0.040276425616368274,-0.08927287003677917,0.05626066360383276,-0.23961177041669193,0.12911922002497578,-0.25365593714321005,0.05313790521696135,-0.03580772009299335,-0.03042707782332356,-0.24965105405824653,-0.022479299667374053,-0.03039255811617543,0.007653462638558523,-0.15925904561677248,-0.03508258361073372,0.4682668148390324,0.13967585758201465,-0.1793423921318656,0.39509588214385544,-0.033307316897090204,-0.01376006567287188,-0.016608930822156216,-0.06725977362946803,0.08562664491180554,0.43431830854738696,-0.1641312076497491,-0.16459732011097625,-0.0883409433728574,5.8075905993983864e-05,0.1055254908101496,-0.1743179710791044,0.3460790326753926,0.4490807522246818,0.14181356999017075,-0.13598159464675139,0.0824811282736449,-0.02570094283095924,0.07203060443288964,0.06270787650862004,-0.15793899596972005,-0.20563971983883272,-0.16765101403290317,-0.10814361543712163,-0.16666372363100543,-0.34873404335076624,-0.20642861543401395,0.24620260093746862,0.22800129807513791,0.08223626769702161,0.025038563578811637,-0.1553247953904503,0.05186413848124897,-0.005057312678719352,-0.03049848355178658,-0.23373520829645383,0.04499391576406877,-0.04513049033351099,-0.3243076312135128,-0.08214915383803063,-0.17786452539243972,0.04757795718544993,-0.00844219622672006,0.034829847405581135,0.07039820058873442,0.16862110479257172,0.26897406084713693,0.2121622719295895,-0.04804762854009582,0.04302011976981378,0.1369854198026782,0.15655459194034993,-0.03992012208499977,0.10426120355302325,-0.042161554676930314,0.24139956654985806,1.0,0.04312690463689567,0.14425976567951546,0.17776963319562777,-0.11926436662542908,0.02570015802141878,-0.02797610568875058,0.03644106139214396,0.48743029419796613,0.0902562363909746,0.19816597858503937,-0.026459853656583324,0.07574824722604506
0.18260092262251404,0.27590450280568907,0.19564830957924614,0.17710482975727518,0.26988668915416797,0.24792290345015527,0.16448352272760966,0.3363114251049149,0.37215746889531276,-0.06723269768969747,-0.05067048293685768,-0.06771493676990427,-0.10329427728662398,-0.0283897003165726,-0.018380246650044823,-0.006371868658988581,-0.11106310692763001,0.2126857398930758,0.028069509038663665,0.10223556921654446,-0.00778531369634691,0.012067231494101296,0.09479322034436947,-0.08258792718688966,-0.05531965488789101,-0.09895663495650575,0.048116710687980055,-0.31761948430971915,-0.13144633505285305,-0.11116125174035006,-0.026029778028411662,0.0033809595002984123,-0.015004773604040237,0.31030204191835914,0.15021338979783214,0.6943986965887964,0.2915065164700188,0.1374398247049146,0.015193127893750455,-0.041769149752719274,0.18889737791221572,0.16167311976322513,0.052674846736543365,-0.10846067849146716,0.13739273611400926,0.006824314036954088,0.2073176426363346,-0.00034531619780206626,0.2834292566796123,0.21850981149282384,0.22460943937900205,0.3383290384633576,0.3195917106848932,0.2722590624902559,0.23337331937958142,0.24824781459990541,0.3108253881179635,0.39184707817143816,0.07943842168528442,0.04866368517525618,0.10254949303272816,0.013000370037707334,-0.01320206608960536,0.09214291852623861,-0.03837169286167369,0.0012957205512982076,0.42708802584235017,0.19671800498289208,0.44165017257982164,0.34136625138493487,-0.011944016396249195,0.25288996303172184,0.2808758170857947,0.03196764701152628,0.061627169164561936,0.022999628392698528,0.25421325167133085,-0.16718575318428197,0.04272267695397972,0.22651260326142555,0.08740816256864802,0.574359163518448,0.5134286798447594,0.4130750839062362,0.12939081489949786,0.3579768857804545,0.4635038057379852,0.04312690463689567,1.0,0.2739087321443012,0.4763497552179549,0.20600308665606537,-0.04696535732970238,0.17886751198514664,0.05032198773424656,-0.024060690891399422,0.2819545995530894,0.49824575447503494,0.4017455733801666,0.44346997259868215
-0.1676328318535236,-0.00011929090971875598,0.007006771328743773,-0.0583834826039322,-0.02660188330597825,-0.08713887031508497,0.20206153527400808,-0.01621807642547913,0.09823920338786184,0.18387523735566325,0.10587547431911248,0.05348784645376378,-0.11487086759022945,0.03840853369497314,0.13544624824056692,-0.4199087110617205,-0.11256353025751141,-0.36057090118003826,-0.11024681848272953,0.31549306386144677,0.06063119827373895,-0.42169964432473495,-0.12881063823775935,0.22254835405890566,0.07779336930896032,-0.03954336695453447,0.12754091799139852,-0.14418346941914745,0.1618253728140742,-0.13842773734486863,0.035545551861723,-0.12998000307644977,-0.17510649852926866,-0.21467584840789428,-0.26600549130806544,0.3381599063252435,0.3786183601266995,0.24156889582487434,0.12617995975501414,0.15519910406214368,0.3022580513515974,0.3094327717242873,-0.07655494131201165,0.40529871385563915,0.3467199499606096,0.21057051292366097,-0.023393575242741306,0.1256070494649175,0.08083685712402174,0.3447177671253088,-0.19773496296292004,-0.11422418529017514,-0.17944492056167183,-0.004801459116179929,-0.12748431167575475,0.02191813504358827,-0.030481966667608437,0.009070825109189377,0.3740711790022885,0.2286916612514872,0.27968224668732283,-0.13047129327042306,-0.0008679983299272639,-0.0070993787454991224,-0.053902225403313145,0.039965593990249536,0.35736117416835567,-0.16971172409896124,0.12399667084055167,-0.329536429246364,0.18923619286200868,-0.13681568612678113,0.012958775132062995,0.5891809423354021,0.23408015721286207,0.1724475669363269,0.1856049562253345,0.1529742307888981,0.08048055401209861,-0.022830876423596096,0.39344025565925494,0.28040516545540106,0.1772129248561446,-0.07857032983936538,0.4410068941540315,0.11267815653093348,0.4375245252692678,0.14425976567951546,0.2739087321443012,1.0,0.24996085765490814,0.18292005311584716,0.488698755921381,0.383393135749916,0.3285695450307488,0.4644591569899764,0.45506028899792494,0.44213606070023764,0.05588936082047032,0.6451833155966586
0.14575163142219205,0.2289028645918326,0.06352635839634203,0.07810339936062217,0.17068737516628146,-0.0455887656172106,0.03539645211429759,0.10663516965613583,0.0015790355561608519,-0.11548938741715357,-0.11502796472595925,-0.25083748922361176,0.0007400748158348327,-0.09759569861925392,-0.10362307182181692,0.02685773101537608,-0.16320101585668448,-0.06322028291577407,-0.011068164605888423,-0.2565195058372323,-0.11593908310737368,-0.07654084479187652,-0.11372195240056267,-0.1395728831038069,-0.08319053080944655,-0.38984049151016326,0.061747245024214165,-0.19987121285549947,-0.229045969452132,-0.0010775430762167487,0.2077750235344736,0.2663931869167848,0.24504010569808482,0.05558332908228333,0.010914341996319245,0.3464829376654006,0.3119482057502405,0.41640486738685994,0.301154728611135,0.18511295366878697,0.17233226769362855,-0.058232822200365415,0.11545951935947923,-0.12873142308226063,0.059774210383810956,0.21653357610098925,0.2600142599781788,0.14395750102712976,0.05567748434208523,0.2331212125611987,0.27178179164099686,0.11002785679278478,0.29872496018078015,0.20860064252308255,0.03803890376320096,-0.06554410214131695,0.21525425258527525,0.01802864476341859,0.07047819584985734,-0.17684334939184554,-0.04254056775432355,0.03933933215115252,-0.07712081858710658,0.08665467740233622,-0.2465186857119054,-0.09887179793054496,0.3167195758890908,0.07891253736181593,0.24211757227112018,0.17999985088631817,-0.33193571944025274,0.19423549996842637,-0.01556670334345171,-0.0325789880752233,-0.1793131430773516,-0.25564130465067963,-0.042156812732744985,-0.218885735262569,0.21174380226583814,0.5657124694414906,-0.006869432516439332,0.538264551344182,0.39080423686949006,0.31732964054576485,0.09022794784157841,0.322055886265446,0.4021470802557688,0.17776963319562777,0.4763497552179549,0.24996085765490814,1.0,0.3791890647863983,0.2401837080730732,0.15054832637535978,-0.04753352213220394,0.10993917338431251,0.4158977174225154,0.5182980162777617,0.15510178775550157,0.3374411540458533
0.1263879836336044,0.06115542663766014,-0.04270300644484836,0.11006469962235009,0.042924339318420296,-0.14635738928704847,0.2828717089050664,0.058228898155742746,0.03651086646010504,-0.09541314500012703,-0.36896864294722925,-0.31573164568088424,-0.12485363319300956,-0.1569083563282258,-0.2190456644996953,-0.008819679233022236,-0.33106994528314326,-0.26804667413804467,-0.15615735575899875,-0.22522751601794386,-0.17540793386887427,-0.3230131000254278,-0.16227801688280297,-0.04393519045359402,0.2816505466976823,-0.295310925477713,0.12633388139181959,0.014917642183777065,-0.18695183506141727,0.19888156880166308,0.07755478748952281,0.35657151646999363,0.0752490197740379,-0.37535762761682706,-0.3247688443414153,0.18854085242772697,0.0644767367029876,0.33824244395780173,0.2419282433785697,0.09005603928126323,-0.02697701138600341,0.07411418651447658,-0.08273609397612298,0.08473578633114529,-0.13618710786532628,0.022760243620388105,-0.02843832503005817,-0.03645592985694508,-0.05359615004285055,0.13412065333747714,0.004359613575782074,0.08349892795142977,0.0756869429820844,0.0064589749143773795,-0.01790462377844539,-0.02658931592941745,0.1898420651140013,0.08983475841612566,0.2671928023632157,-0.08192146263212254,0.12487874706873982,-0.06523486182659496,-0.09443445121472678,-0.11153700058703685,-0.3185977667486007,-0.18627589476030376,0.29505205441396465,-0.30457951523941373,-0.1979272411494307,-0.02794546521885173,-0.25661358221184183,-0.06635556853105802,-0.15880542570238704,0.261761926736546,-0.006471531852242512,0.010776991922749718,-0.11685569443622384,0.08275577913901128,0.1144800328991772,0.37207555669442915,0.027998832204778543,-0.10156840139524112,-0.18186527033517608,-0.2014117137394875,0.20339422011772915,-0.1535533597473975,0.13398880548989323,-0.11926436662542908,0.20600308665606537,0.18292005311584716,0.3791890647863983,1.0,0.4151810239554982,0.26905122916725527,-0.014365136917711246,0.1493035608336551,0.14566047923553363,0.025286533625909987,0.05478748952280497,0.18779057539028532
0.021656802272494387,0.06751394604911647,0.17591956025603597,0.001327896179237731,-0.10639890032574313,-0.030138220493550444,0.3005722824432034,0.012070361259321025,0.04068290906579521,0.2410689725399467,0.023942960064989575,0.11459147572273025,0.12744350162769308,0.16655051499141418,0.1357013111410402,-0.12404371070070852,0.024664965201585943,-0.3115643119268935,-0.010241756465158607,-0.030684447290683693,0.07807279181256538,-0.1212152604465875,0.007700542145792327,0.4037301982821769,0.372413663204091,0.10407660987791517,0.3414987501914024,0.0044687002627539245,0.0032067317823164603,0.24651947052082993,0.025573773579574886,0.05461326200992626,0.07794248294610877,-0.2675876660999244,-0.13145549485931546,-0.03006130924912651,0.13779983613196087,0.4113144333032414,0.49922303946959495,0.349125389314304,0.10410172375364543,0.2756326342258177,0.27826959117749545,0.09695839572561835,-0.08406873199599924,0.2195298916061323,0.058950114425096296,0.07673858652828922,-0.04680284665781403,0.08235310737123645,-0.1015016926366558,-0.006104241419687395,-0.07712628198487517,-0.11252899867838229,0.010952789052861569,0.22859591460026557,0.020306138145151923,-0.07920844140812912,0.31161924853005346,0.015503109411738854,0.1003126677528418,-0.02867533723226254,0.029965562597904876,0.08322424493562999,-0.036132588706917934,0.14201896725464527,0.2909867441848826,-0.3150614191223328,-0.08050334505184478,-0.2548289274177599,-0.03078490279360475,-0.12979478824293908,-0.13773485916013734,0.5978263940555456,0.06698655465878091,0.10957654866284308,-0.1552210787120306,0.20242898457463687,-0.08966281482597653,0.2074563911111131,0.16674043867662433,0.09228725105371118,-0.033946111901151786,-0.1422842325670462,0.32556071654626934,0.09489124706531243,0.12044614800234815,0.02570015802141878,-0.04696535732970238,0.488698755921381,0.2401837080730732,0.4151810239554982,1.0,0.3431167575475045,0.24505178167252134,0.20837767502016957,0.2968978085004191,0.1575738740350778,0.04910704475606579,0.2603414231405529
0.22644013418664732,0.06012418811548616,0.4367224508631325,0.20986881139165403,0.31827219606412926,0.29604236710835696,0.35638787125371607,0.2248312758913542,0.23401423328907012,0.22444514990048386,-0.17955414987507443,-0.07469808412520523,-0.29112161708245826,-0.1364028767944649,-0.18220437915533202,0.00044734091144533496,-0.09107233110133763,-0.033093809743555934,-0.10366227160589576,-0.07109738219237857,-0.24473952387998857,-0.05937391107804451,0.0366113219630261,-0.041279396010827384,0.38091784937325185,-0.08499477317461364,0.01760797994028144,-0.06297304339363803,-0.052674846736543365,0.09948316408275634,0.3060816389315302,0.3458023726334096,-6.278468932566105e-05,-0.21580754287707118,-0.05850593570610298,0.25776725087820085,0.2563781396268706,0.2746022882674024,-0.023093778351211274,0.013308004933309924,0.13765229211204555,0.692479022065679,0.10621599816668707,0.33502224147619364,0.005058878327541178,0.21456283592276149,0.0956822969150743,0.14741060245048643,0.19170363115250716,0.19371431082816146,-0.24979055411828444,0.1281105889517782,0.10545002495691401,0.24540337593274503,0.3796134974525112,0.3298566311619249,0.16276930707677625,0.1805712626403893,0.4322631683037774,0.27662934116886256,0.4479059736492659,-0.09529460145848834,0.03939268370015288,0.04199981792440095,-0.18992996367905723,-0.22431870763995493,0.3576782369738671,-0.043282195203877584,-0.035983489189848436,0.03167173653032972,-0.22585065405950105,0.252800981952541,0.11959398663242196,0.38508832236170887,0.27678787250940984,0.4627718184643493,-0.16909885492455168,0.15582151868439378,0.39637073103353015,0.18399452831219232,0.06962508122769182,0.009005682409018775,0.10123403306869587,0.07808688773155778,0.255684469141529,0.2247080608902025,0.27283400669912633,-0.02797610568875058,0.17886751198514664,0.383393135749916,0.15054832637535978,0.26905122916725527,0.3431167575475045,1.0,0.556107537615877,0.3483341652304669,0.5172406756888265,0.1280572219658514,0.1638743176089079,0.36771265959083216
-0.09004583676524429,0.0022932107776197697,0.4460192937350298,0.09924846726877183,0.26288666064197036,0.2532718671224835,0.2676087509299982,0.10443609320548553,0.09412994547149732,0.39280314520027615,-0.02791723401834959,0.2518152623301282,-0.2387230849884947,-0.19473613164693657,-0.2274337022851064,0.08911815764607643,0.06337172617085597,-0.055898778523869166,-0.24304747583869493,-0.06879789294582624,-0.2684470318722883,0.1374388241683383,0.1136293003588145,0.45711213746732593,0.2584720090158814,0.3848607278629034,0.2514120680116455,-0.07657691595327563,-0.018401429295147834,0.1916330735746742,0.16751112073809682,-0.007375631378532031,0.0039271823173200986,-0.18192655679604725,-0.04124406341099466,-0.045299153348464447,-0.09201881029292197,0.13263663229073797,0.0037937648525030684,0.22613091947038125,-0.02893118484126461,0.56292909411111,0.24502666779679108,0.1736530329713796,-0.20390277630082668,0.1068635072090668,-0.07341413722849546,-0.023753017589130714,0.020387758241275283,0.008585806265284148,-0.11772918676922932,-3.4531579129113573e-05,0.07286320157966278,0.23308188065258406,0.2421511290256758,0.2309817327946407,0.0524754433383875,-0.05917932498559735,0.3289336962288376,0.48254899560193254,0.5362189176547407,-0.10024203497735042,-0.07020426998672104,-0.15557732091452178,-0.10908839770333606,-0.21654753271867122,0.29958511076206856,-0.030962269540949744,0.035379186317957854,0.04213794424091741,-0.2360468876059884,0.428044037181093,0.06862374621775608,0.4485149851357248,0.4029913765229211,0.5798181755397129,-0.09780681221995337,0.2000753416863812,0.19854088382007165,0.006069712222339974,0.28139312947144707,-0.01951505871744321,0.12577185927439735,0.24057994217530113,0.407325249539839,0.2747427690648938,0.013137696241394574,0.03644106139214396,0.05032198773424656,0.3285695450307488,-0.04753352213220394,-0.014365136917711246,0.24505178167252134,0.556107537615877,1.0,0.07994217530113107,0.3520777023315094,-0.021050136713661006,-0.016256525683646786,0.20347105154936918
-0.009060619033736101,-0.1928510213499336,-0.12511732888817734,-0.17566842149873332,-0.09014864673435814,-0.07565084178572214,-0.17968978085004192,-0.21771619818153598,0.06123233788208408,0.21200200440200956,0.03814722236393563,-0.1170275216685659,0.12163277863060314,0.1142414510797397,0.2128244841549204,-0.5478937306348474,-0.17850471983902005,-0.5059378619929744,0.1589002629502424,0.06920285419197675,0.05865897344638696,-0.6083051587039985,-0.21154045374494976,-0.28989204949015945,0.11665081353261193,-0.2724855516733689,-0.002279870820401033,0.3824874666063934,0.21057460222924043,-0.10225432439528316,0.4481429858514703,0.06863151351911323,-0.17654740714929257,-0.3167520211773084,-0.43879608741362136,0.2807951053056202,0.5881858050095904,0.07735547645554201,-0.1506455835679911,-0.19348365301872356,0.15249930152033125,0.2356576225321693,-0.4235031345256146,0.8407733190184241,0.544593824103172,0.2904248209949168,-0.1546826390916311,0.23754901129810485,0.25033982213097516,0.42397401969555704,-0.28353184421074146,-0.2765241768142421,-0.35033542720272237,-0.1386929483376184,-0.1074230338189729,-0.019982796995124768,-0.2986965898495993,-0.0320100141658165,0.3275445849775074,0.23728688522017022,0.20325915322289506,0.17500761264358072,0.1989584020040873,0.2172805439665483,0.049967194999827345,0.15928318720196893,-0.06145524764449884,-0.038634558576545526,-0.19253717345573648,-0.3979827279319665,0.10766004602117728,-0.24408960630860557,0.08129371143893006,0.20831645994807707,-0.02965006953404343,0.05276425290928554,0.002251616804485827,0.4226197716991244,0.389004517358397,-0.05504649796676051,-0.08218201909282402,-0.0191155909748558,-0.037932939673331265,-0.33976719437198044,0.17414046745575312,-0.04632491638842277,0.3451933611469507,0.48743029419796613,-0.024060690891399422,0.4644591569899764,0.10993917338431251,0.1493035608336551,0.20837767502016957,0.3483341652304669,0.07994217530113107,1.0,0.36428304593641797,0.2122373637964646,0.15918273169904787,0.48868462936628276
0.1858105761635622,0.19461370150275153,0.35744579326885345,0.26127377577703903,0.4249010454047606,0.30272736690430674,0.2346326624789279,0.11858305887912148,0.1296519530747232,-0.062080740357351824,0.16782046704002593,-0.1110661154170944,0.0546980213405159,0.08958904281601889,0.04996721460718147,-0.07937083462826755,-0.1268125154999702,-0.012944633321718167,0.061384614841290853,0.29227371613158415,-0.012174740846283944,-0.12027505972393572,0.17324179325629652,-0.12149003880885395,-0.20104285368969924,-0.13349751529591994,0.35077048646411074,-0.17549890283755404,-0.022144970803138417,0.16032783038396833,0.26349007531023483,0.291617616128131,0.12750000784808616,-0.09005603928126323,0.06724949193432765,0.43842391594385793,0.4805257589884131,0.6051849971217598,0.17678128011703065,0.24979840220752975,0.5764136757610289,0.2528402223833696,0.28612081657766936,0.23046689834217027,0.2086014273320071,0.7277964802105104,0.35292843487187214,0.556729106040201,0.4300578560912136,0.653594894349064,0.06658240434847441,0.01892644459722052,0.20178842187544146,0.4446929671730252,0.3000527391390336,0.1914854543571005,0.10472643141243576,-0.05064295496373779,-0.08046956669146661,0.14336255960621444,0.0950968296871125,0.36172770908086355,0.16734631092861696,0.29219366565269395,0.011750154607297465,0.0747608688145309,0.4095454739873435,0.2777280732320616,0.07301705272072234,0.06839136208244258,-0.08414247101701779,0.2063183372102879,0.12944962484150913,0.08316459948077062,-0.1901748239674273,-0.1373367990481841,-0.022860699162728357,-0.10292302198646233,0.26438318751589235,0.4561387950279566,-0.153472464204879,0.24034223947582892,0.26358582196145647,0.11654878841245774,0.33712487604926644,0.3957257736352379,0.4235031345256146,0.0902562363909746,0.2819545995530894,0.45506028899792494,0.4158977174225154,0.14566047923553363,0.2968978085004191,0.5172406756888265,0.3520777023315094,0.36428304593641797,1.0,0.556661612499176,0.33352796587024286,0.6213392602080057
0.13640136070172384,0.29918317119187315,0.15065186203692368,0.20698385491713991,0.17261715333323413,0.07320851737095392,0.12041161642321903,0.16308878818047623,0.20560259175197537,-0.0006247079039284483,0.22553533799778563,-0.060717503429613656,0.22925201460371875,0.284053630681622,0.24644255924622568,-0.12283981428288897,-0.08549391145475264,0.009711221821446622,0.24595990175763774,0.338608816853922,0.10546890175017126,-0.13437964018094548,0.14490392372915942,-0.13735652706222665,-0.1644566456024034,-0.2603885116575472,0.23613418668264483,-0.31413377533754616,-0.02550317082676351,-0.19642904091249674,0.03566327315420861,0.08276591670355267,0.15753463360424927,0.19204038940650695,0.26429225342580936,0.5210313013068633,0.48077689774571575,0.3922043359908573,0.19443005628647397,0.17447715048437787,0.5886896521414288,0.1277511466053888,0.14768842470075247,0.10889533478365966,0.4979126044630112,0.44116542555678717,0.41717129860712165,0.5060634313716257,0.27332529689309965,0.4529632803744479,0.10511181368950864,0.15909169389952565,0.169820027688048,0.2639295681355145,0.04907094355970353,0.09764117922203491,0.176884874854418,0.0848190426112434,0.055041767514573896,0.053241416548160565,0.05861421633720401,0.3032217963327463,0.19982326109954826,0.3632800605244405,0.14342377467830694,0.28826020486644127,0.3597242338401252,0.2667658664758012,0.27762458743577983,0.11457734916763199,0.10637139027276808,0.02798627526691341,0.17672969079693565,0.028910779817233768,-0.16443310134390626,-0.1861942746641804,0.18034909085773548,-0.25399095114962755,0.14741374168495272,0.23022448282074656,-0.07312375804036428,0.5810348568960234,0.548221780636574,0.19568418045575406,0.1512146291522885,0.4254982849963304,0.4176343356908984,0.19816597858503937,0.49824575447503494,0.44213606070023764,0.5182980162777617,0.025286533625909987,0.1575738740350778,0.1280572219658514,-0.021050136713661006,0.2122373637964646,0.556661612499176,1.0,0.26413204875858975,0.4970930688842219
0.5301188082990812,0.1657186178578492,0.3861242697355823,0.11465583002928906,0.2652230368103058,0.3973533114214768,0.14000985719622414,0.12676155268168224,0.2747866105371544,-0.12093120718132488,0.0989142164268725,-0.04097642748839268,0.1691670669190611,0.1931759321171939,0.1409822903942243,0.0333418092663923,-0.14564478306320222,0.22466245381401292,0.2435042346327733,0.25383849894364763,0.20582320373915947,-0.043630650229635,0.22255131863543756,-0.2191250161867579,-0.03372479587127883,-0.04268103180358438,0.12603722350193608,-0.07380968077124712,0.024577880378562064,0.11760440215022853,-0.0069832270702466495,0.14473126583351384,-0.034070111662569964,0.061356361720007656,0.03702963948625123,0.4262656608559437,0.1826908889998085,0.29971381942569203,0.08578899949458325,-0.07276669867379623,0.37749765342223646,0.11906017598548418,0.0308131559038013,0.16498403699273895,0.03059577592292784,0.21121484105070273,0.1525354027166935,0.38376984388587,0.7825546462239719,0.4689482622767612,0.12884835961201607,0.14039912227004323,0.11053244555782626,0.19130180914082293,0.3555418475650528,0.5107942577123142,0.0108821562773702,0.14872998245955946,-0.16190287836408213,0.029447588910968173,-0.1232714590220029,0.2324367679697629,0.2902143783217025,0.21158440302747772,0.10487868428405049,0.18337681173069134,0.3961150388618064,0.21098167000995138,0.02832924774887588,0.10980571277888174,0.12983402867376762,-0.07479540039366,0.19465474070102473,-0.0895293973611595,-0.2818922677515861,-0.16236434583062576,0.04041295075991397,-0.12144530468260167,0.009017451004398068,0.25386685167231,-0.39624045280317943,0.2307267605324478,0.07992177027710022,-0.053404656740407286,-0.07713886919237084,0.07826899404369869,0.12657393368053266,-0.026459853656583324,0.4017455733801666,0.05588936082047032,0.15510178775550157,0.05478748952280497,0.04910704475606579,0.1638743176089079,-0.016256525683646786,0.15918273169904787,0.33352796587024286,0.26413204875858975,1.0,0.4797864692716034
0.023476774168486942,0.06387871253716068,0.17467956264185416,0.06474514124985481,0.25030303434600465,0.25553054632097416,0.1426060040998402,0.08383093489186566,0.32453091988987565,0.037250170794045065,0.05583289841823418,0.034782717886416216,0.06531334268825205,0.19165183378381348,0.1401935574250684,-0.39171681593726554,-0.36273226411007414,-0.27170231267403133,0.10204085636781013,0.3159184301316281,0.09615635905165999,-0.35822432341649163,-0.12236265064401396,-0.11663677851509836,-0.09020904162310979,-0.02531164750164025,0.20293126248343435,-0.1394338076716612,0.12327317375809489,0.07140505518973109,0.07289459392432561,0.013300936433641292,-0.1275957544993078,-0.011437805266147244,-0.22081933266914036,0.6848444038436787,0.5952726268172244,0.4468270371383699,0.20062376588845043,0.03620166607086868,0.4665467479100546,0.30599217074924107,-0.03811815450684196,0.48227117335166647,0.2624000791087598,0.40529965770561877,0.21871046526594023,0.37919911850296184,0.59124341937975,0.7712816552555494,-0.25303573902122933,-0.09846522826943421,-0.10361514241137157,0.18926915482390463,0.18712976653513275,0.2755337483401298,0.006909455060288998,0.17933126405304553,0.10568232830741896,0.19470160006780746,0.18605614834766393,0.1786993523759296,0.2753501031238522,0.20283221733548057,0.1208981977654929,0.16366241928243377,0.4287411154725017,0.1071279457791423,0.15140690733879913,-0.0631535493754493,0.12917165020138188,-0.01150843355339367,0.15863041317486462,0.25578325469550994,-0.10818115894258026,-0.010560384744576188,0.0166426580536516,0.10982698880473012,0.0915510643574458,0.11319220637650274,-0.13330759161070982,0.30953020945375365,0.15325114817500604,-0.06110362926896647,0.18956745648530274,0.2334453386470309,0.5822557911027817,0.07574824722604506,0.44346997259868215,0.6451833155966586,0.3374411540458533,0.18779057539028532,0.2603414231405529,0.36771265959083216,0.20347105154936918,0.48868462936628276,0.6213392602080057,0.4970930688842219,0.4797864692716034,1.0
