0,1,2,3,4,5,6,7,8,9,10,11,12,13,14,15,16,17,18,19,20,21,22,23,24,25,26,27,28,29,30,31,32,33,34,35,36,37,38,39,40,41,42,43,44,45,46,47,48,49,50,51,52,53,54,55,56,57,58,59,60,61,62,63,64,65,66,67,68,69,70,71,72,73,74,75,76,77,78,79,80,81,82,83,84,85,86,87,88,89,90,91,92,93,94,95,96,97,98,99
1.0,0.09965231462246617,0.12958387089720322,0.32148870569198135,0.04111871596947366,0.04761321641774726,0.3890621241608537,0.241905928145022,-0.029568563993789772,0.2584898646432398,-0.10737136734381492,-0.3664258013448226,-0.03230193960333253,-0.14516192517110932,-0.15270166845247207,0.6352109457603081,0.12821062299096891,0.26667249786796704,0.1932083195298869,0.20490695589425117,0.22107979270079378,0.23047385799567033,0.2018917166602819,-0.07174126959830313,0.26922656403752376,-0.3116922875073801,0.05984124554459776,-0.3021801403861713,0.17200167501450772,-0.3138921081979401,0.15859701296713388,0.48188755986092585,0.622697951061643,0.24081257790120486,0.05512234589228313,0.2175067241039995,0.19067590912072774,0.38969189390129233,0.09879523604916803,0.2541033434650456,0.14837200148695634,0.08787037239509304,-0.2683212700356432,-0.01448033062911373,0.060396667468456844,-0.11339354048675952,-0.12702980472764647,0.01845575211563272,0.22214252913778398,0.10682906562288164,0.1807657825107695,0.06578469746998754,0.0030570072817126238,-0.45450132295379503,-0.019479127943845532,0.0875161269160963,-0.05638625877413571,0.05267324134613282,-0.12704292493057226,0.09832280072598457,0.25534538934202183,0.022431173602151713,0.02780174039683759,0.05831055520325381,0.16533205046904725,-0.18931578141741925,0.1504668605541099,0.2757604250945748,0.12263891014847696,0.2417222453040607,0.07613216417747261,0.018608821149767116,-0.11154359187422098,0.21696004898209093,0.3691876070803273,0.25948262666462574,-0.01763355273228226,-0.17065447945594892,0.21717871903085434,0.33197612123067505,0.2843585314119525,0.2712733156939494,0.21452406463886642,0.04582012201788721,-0.1143250748944917,0.03132229778487241,0.2363079748966784,0.10204456495593799,0.35289409809538386,0.18577332662745183,-0.26421901992084146,0.11889527891364719,0.28814589665653495,0.191331919267018,0.1368437165161488,0.019610329973103583,-0.064114058297435,-0.22204194091535281,0.2565655682141217,0.19928276224005598
0.09965231462246617,1.0,0.6080383109925434,0.14605409897006408,0.7608055804596444,0.5934267783341716,0.5198486803262558,0.6290262622728565,0.6120487196868645,0.2982090923006276,0.18649493778837112,-0.0032385069630105766,0.2737486606459513,0.2813889921497453,0.294207430408257,0.3636771158265888,0.4811397082941549,0.6226017362401872,0.3065954238870695,0.4676258992805755,0.31899586713607836,0.4289562878572522,0.5489651975306659,0.5069908814589665,-0.02821718309243183,-0.021797030460737794,0.388839080711115,0.10513655944545276,0.36630115928074997,0.1333537425378846,0.3415757363713892,0.1540005685421268,0.24226454702499398,0.4645557717959371,0.3571406704423695,0.4563600183682841,0.2774660514749295,0.29640287769784174,0.21891519856915248,0.42071242701887124,0.2110778246703549,0.3363014147952155,-0.00975268417484857,0.2823598871662548,0.37828169075681706,0.10333909164461744,0.08385121689882137,0.2372088954975837,0.4283702521265662,0.18485928582362074,-0.01428790098620192,0.8181758544532155,0.5018390151101003,0.025387592661433162,0.6499573593404911,0.4355382563250312,0.539096018018412,0.7570094684131115,0.09180643327283462,-0.04576764120618399,0.02177953685683672,0.27364807242352013,0.4234462656037448,0.4298747020620586,0.46011676980603966,0.3445409022326212,0.17807614091097942,0.32525420393168747,0.40820887363057884,0.6361505324615687,0.5967024556646476,0.5580415910432748,0.607137390391638,0.304423695086484,0.4508456526709444,-0.03418250202269795,0.5717784435065929,0.24063326846121888,0.24717150291924514,0.15692637379458135,0.4609520893923159,0.3474448404801994,0.3970479543416938,0.4504690472545975,0.45110319039601143,0.36042946797577136,0.2951477116179397,0.30376768494019374,0.3612254269532702,0.286370295860576,0.2068006385165424,0.045894469834466774,0.24868032625571276,0.26779208851763575,0.22774485578710285,0.3068334390238569,0.2730314228860073,0.19131442566311693,0.3647984955500645,0.17466926155124532
0.12958387089720322,0.6080383109925434,1.0,-0.11136865583521025,0.5052983752815376,0.6969845400275524,0.34208305088452035,0.6410531149548446,0.7162056373138571,0.14702936738754893,0.2066169556755811,0.11718103385132395,0.2525595329207758,0.178622816032888,0.22322713257965057,0.15895143223581285,0.34707310139730163,0.34118213028361505,0.19773260778543644,0.3108788349259802,0.2414860816513962,0.2878659989941178,0.49375094984935797,0.2565918086199733,-0.008055804596444425,0.031204215958540157,0.3485819247337692,0.060348560057728894,0.32083085962589386,0.07065229275546128,-0.04720211672607203,-0.10594126522490215,-0.003424372963635171,0.15130655354136144,0.10095121471212089,0.4377468238175417,0.18218713782773174,0.0440357744199777,-0.06917634556032383,0.16937744637117055,0.004675165642561938,0.24078633749535325,-0.21947475454287027,0.05476372701231112,0.21503575255297283,-0.0383853403599309,-0.10793990947059981,0.16338151363407755,0.534648269226564,0.11387461459403905,-0.03261682447355186,0.7439636133038857,0.05270822855393497,-0.3125932081082854,0.6647132142310468,0.5693293389604426,0.3959283636920251,0.7439155058931578,-0.1851523036889637,0.18298747020620584,0.3397520281647023,0.19509304410574885,0.4112772640850724,0.400944654610658,0.3018827491198531,0.38013163936935557,-0.003852966259211476,0.15299905971879033,0.03650477794056548,0.35612166801513195,0.5984080820450023,0.23091557149417244,0.41874439658000046,0.11729898755767422,0.3233215142044685,0.0464586385602764,0.6292274387177188,0.2621897618683169,-0.19895475716691086,-0.11488487021932606,0.19784828672016794,-0.003573068596794297,0.1410246878485054,0.07983643480352497,0.2711027530559139,0.025273884236076186,0.23582690078939889,0.21989460103649602,0.3771795937110494,0.07272091141676325,-0.16841967155758675,-0.1711574205681048,0.08881065360477576,0.03901073669939428,-0.04107060855874571,0.07614528438039841,0.10677221141020314,0.15019133629266798,0.4806630075878507,0.13187115960726858
0.32148870569198135,0.14605409897006408,-0.11136865583521025,1.0,0.26238656491220397,-0.1873258839736721,0.3399138440007872,0.22565437012092454,-0.1670989044630557,0.12461568738929829,-0.3103933874177254,-0.47416683886980177,-0.011786315628348386,-0.1779536856836719,-0.1757407447901861,0.5725990822411442,-0.039220659946207166,0.23747567295707506,-0.06339688985253385,0.08871443878331985,-0.04207211738208218,0.12969320592158493,0.1604602572219555,-0.15785790820231352,0.12445387155321336,-0.3803546828190943,0.09120290393824758,-0.32646126260086156,-0.11770802924503465,-0.1759594148389495,0.012792197852660121,0.12261704314360063,0.46578032406901226,0.2978198596138287,0.36708141085915463,0.06450766438520916,-0.024521659268330016,0.09909689269860707,0.0813278534559685,0.2797577135859701,0.33906540421158515,0.076285233211607,0.0993155627473705,-0.12060090529400189,0.1642868076359581,0.10390763377140233,0.1930637860532243,0.236447923727887,-0.044731145175045374,0.017288054055236056,0.09280356869519582,-0.04910891955128906,0.011991865474186,0.16606678183289234,-0.17534713870241192,-0.21068859198355602,-0.09988410487415539,-0.07725612822811659,-0.11647241477334849,0.1136340775403993,0.08556996348210186,0.06438520915790165,-0.11615547020132262,-0.16593120640265901,-0.12892348734993767,-0.2480505565152741,0.006446393037545647,0.06752968445911964,0.07428221556493407,0.12274387177188341,-0.18330235507642517,-0.08393431151735146,-0.139209726443769,0.11468806717543897,0.11464008510654455,0.111250574008878,-0.29645098510856965,-0.23410815420611839,0.08975530821543373,-0.004622684830858717,0.06658065644748638,0.11463995976471103,0.10378517854409482,0.04828234676696333,-0.128048807154884,0.11937635302092672,-0.14317640112833746,-0.07997201023375829,-0.04035337079880169,0.022518641621657082,-0.24915265356104174,0.008943604994423914,-0.011808182633224727,0.12435328333078219,0.09901817148105224,-0.10167282587304018,-0.07697185716472414,-0.15627911045024162,-0.02409306597275371,-0.07126456889199886
0.04111871596947366,0.7608055804596444,0.5052983752815376,0.26238656491220397,1.0,0.5217379895475717,0.31358159672869607,0.6135969036321095,0.5049397564015656,0.13582471408891125,0.08236863396820537,-0.0009905764039458414,0.1687739170365835,0.22447792525857732,0.2954757166910848,0.2699353501295595,0.21577923071876845,0.44278060834007565,0.14437268414506907,0.3510091622750432,0.1606481380245348,0.26702674334696375,0.39505411542972096,0.47323259933086964,-0.09988847827513066,-0.1912488246484879,0.29677024337976426,0.051619251711093134,0.32679399837547507,0.1201548183945245,0.04140736043384138,-0.13025300124641928,0.10610308106098708,0.2927817016903195,0.2689029323653539,0.33177931818678796,0.11840545800441714,0.04259692549911439,0.10344197966591176,0.3575823839408716,0.18123373641512322,0.1466751219085522,-0.02279416588309899,0.03894513568476526,0.22710633924471366,0.07599221534626402,0.11300430779996064,0.1765279569657344,0.34063108176073126,0.0681157201898056,-0.1375609542760928,0.5943976733506812,0.2594913734665763,0.1695786228160329,0.6433272834619842,0.3144868907305766,0.3610373707113337,0.5747348625658744,-0.011462683956178523,0.07904047582602611,0.02293411471430758,0.11917517657606437,0.30302235138365335,0.3450394699438018,0.3629704139424023,0.3609630228947541,0.0968227241914675,0.15115348450722704,0.19685989809975726,0.4139555225120815,0.42453477947125584,0.3122914434409919,0.49016640790710897,0.13258402396623734,0.28956319516668505,0.020769281231549714,0.4728914740547987,0.3197830793116267,0.03178587828825086,-0.10363648291093569,0.33119328245610197,0.19300255843957054,0.24075572368852638,0.24945441822833528,0.35800660383547267,0.25318055585926397,0.10050512781264351,0.24818613194550743,0.16058253700990574,0.17588506702236995,0.048347947781592356,-0.01846012551660799,-0.009140408038310992,0.04690035205877851,-0.0015438105442697513,0.09645535850954495,0.16660471015285036,0.11219085521856072,0.31934136581312456,0.05007544116682338
0.04761321641774726,0.5934267783341716,0.6969845400275524,-0.1873258839736721,0.5217379895475717,1.0,0.3207452275261857,0.4120224792810129,0.8824998359974634,0.1916774179440642,0.45038157923509214,0.2834644808386388,0.3765716909754871,0.2670835975596423,0.32849052065338613,-0.05261644466168838,0.19212350484354157,0.10867901423542017,0.0265509463503541,0.4463624237388205,0.19637882399247775,0.07200367365681923,0.21682471061733744,0.4404495856202576,-0.01859570094684131,0.02351140364304301,0.4287769784172662,0.32611576392381536,0.4918878789969035,0.21800529181518008,-0.005602326649318843,-0.2324856224442938,-0.025601889309221314,0.05521418731276377,0.0652773829568564,0.5689750934814458,0.3524873718046839,0.1950580568979467,0.13263008968769785,0.2882377380770156,0.1937853972141436,0.21696442238306618,-0.06919157682972163,0.19841245544597758,0.28912553847499506,0.13173121077606,0.10148476963110363,0.15389123351774509,0.7272309811725088,0.3930156786424963,-0.08890249502525639,0.6588747239290634,0.18179353173995758,-0.15885941702564998,0.7995845269073495,0.8474164133738602,0.32805318055585925,0.7647154009315345,0.11453062474032932,0.07325009293477072,0.13959021232861735,0.33216417747261157,0.5044767274682418,0.45329426428462094,0.4121755483151473,0.48460344186656756,0.18293061599352736,0.05974065732216658,-0.024337976427368742,0.24591196343836785,0.601172071461372,0.18985808313835253,0.40931534407732173,0.21644398766700926,0.24644360110618163,0.011611379589337648,0.7099997813299512,0.40134700750038266,-0.056757997857033525,-0.13443397257877587,0.16107235791913582,0.1405392403402506,0.17125800879053596,0.1911263694211804,0.29689707200804705,0.06815508079858301,0.34572609389691894,0.36769806039666747,0.397214143578754,0.20702805536725635,0.1454374494325512,0.06404845728280598,0.19901161137958934,0.13086527738295686,0.15205440510813234,0.2624390457239072,0.299258708534692,0.12448011195906497,0.6486715794537622,0.32610264372088954
0.3890621241608537,0.5198486803262558,0.34208305088452035,0.3399138440007872,0.31358159672869607,0.3207452275261857,1.0,0.3936410749819597,0.4439045723907196,0.3089938991056395,0.06367234479893288,-0.12153913268810997,0.2329010955369443,0.18251514290087686,0.002129846274955719,0.6180015941067678,0.25549408497518095,0.32252957512409525,0.23888854266107593,0.6893267149198574,0.22062933240034113,0.1560910542083051,0.3378390346146152,0.1923159344864534,0.05244582449541886,0.004412761584045833,0.37113555356322847,0.06535610417441123,0.3589516509062202,0.08521571800310511,0.12336489471037151,0.2931928013819947,0.367772408213247,0.23711268067612778,0.296813977389517,0.5499070652292756,0.37428877566639696,0.5880343749316657,0.4179554546759126,0.6892961011130305,0.45755395683453237,0.30012464192779514,-0.14893617021276595,0.22802038004854475,0.4166888981216243,0.2779427521812337,0.25983249874264724,0.36126041416107235,0.4791979182611358,0.46395661586232534,0.10874898865102448,0.46339244713651573,0.4809647722551442,-0.28778727777656293,0.05822746058472371,0.28260917102184513,0.1816667031116748,0.47028492707353875,-0.10380267214799589,-0.0011152172486934464,0.07637270123111238,0.2773086090398198,0.37162578078981867,0.19671120246659815,0.24536091491548404,0.06040104086943211,0.483405129999344,0.32099451138177604,0.15253547921541186,0.33724169600489823,0.44398766700924974,0.27705495178325423,0.3071920579038289,0.7094181190002405,0.37595982589494154,-0.1460059915593361,0.2540552360543176,0.12471190221075419,0.22116288731932388,0.25275196256368765,0.29430364522971286,0.28653211169666093,0.28673328814152327,0.37457742013076467,0.17948437602501585,0.3366644070761628,0.2562331897400013,0.21288841267411604,0.5636176772867421,0.5051977870591066,0.06558352102512519,0.16095864949377883,0.49467101091163546,0.23091557149417244,0.2714569985349107,0.2953663816667031,0.31539218473245717,0.04584636242373882,0.525962694889681,0.4232796133913538
0.241905928145022,0.6290262622728565,0.6410531149548446,0.22565437012092454,0.6135969036321095,0.4120224792810129,0.3936410749819597,1.0,0.5331700596969233,0.0040672629069996285,-0.15348888062802038,-0.20181955546529246,0.005855983905884411,0.0929303973234786,-0.012888412674116027,0.36750603256678566,0.3346001618158361,0.6866370733200674,0.3616434821496139,0.23362270669786359,0.1493035358946885,0.28132339113511623,0.4945119224510647,0.08611226520303514,-0.0012332990750256938,-0.12377162100107149,0.052021604600817825,-0.3253854059609455,0.09518717629969642,-0.2283571319236404,0.051531783691587764,0.09153965581334325,0.11355972972381972,0.3379108263541143,0.11347663510528963,0.19862237869279045,-0.033622706697863596,-0.03472043034265597,-0.20755527711551308,0.19846930965865606,-0.04731145175045374,0.03363145349981413,-0.30240318383590997,-0.26061533751722027,-0.08699131879906409,-0.20141698191598698,-0.18803874833264086,0.11330169906627889,0.20858935951542718,-0.18218276442675646,0.11617065010605497,0.5478559401718747,0.01843388511075638,-0.15991340666068968,0.4057072882727253,0.2367934224049332,0.5345389342021823,0.536961798342481,-0.30725765891845797,0.06717981238109816,0.10000218670048763,-0.038468434978461,0.09052949916856035,0.28227241914674944,0.22747807832761147,0.06922656403752378,-0.1105027224421071,0.25098073516870395,0.24384771817804116,0.5317224639741095,0.3621001071483239,0.08648400428593296,0.29486781395552253,-0.03139664560145197,0.2372550756108606,0.030246441144956376,0.303347838446568,-0.14864315234742298,-0.25425641249917996,-0.008200126828628283,0.11097067634646082,-0.008856136974918546,-6.560101462902626e-05,-0.06956331591261945,0.07881743237628742,-0.05665303623362708,-0.016785112943080185,-0.10606809385318493,0.1091600883426997,-0.08489645973191053,-0.31595635345826684,-0.11579016422120662,-0.07486825129562004,-0.10691216024141173,-0.23863025081454592,-0.2395792788261792,-0.1310664538278192,-0.12353545734840699,0.2102206380792023,-0.19040913166123635
-0.029568563993789772,0.6120487196868645,0.7162056373138571,-0.1670989044630557,0.5049397564015656,0.8824998359974634,0.4439045723907196,0.5331700596969233,1.0,0.10070193085653058,0.40133826069843215,0.312980596292195,0.42158273381294964,0.39912969320592157,0.3531477553519494,0.01857822765546108,0.2464411449563753,0.23521899805383656,0.1448909327272659,0.5904222518641622,0.24189718134307145,0.056276923749753995,0.3242268091961541,0.3350025147055608,-0.08403052633880738,0.12591021407797773,0.4013295138964816,0.329465789070871,0.4776502565552007,0.26274955719315124,0.016260304826047976,-0.18070892829809101,-0.025378845859482628,0.163193457392141,0.17742013076468915,0.6477138046401785,0.3506592901970217,0.14439220659946206,0.16209809767792777,0.2965996807417288,0.19047035927489012,0.2044871094006254,-0.07029367387548928,0.15505893157814174,0.2816601430102119,0.1235048435415801,0.16948678139555226,0.24913515995714067,0.7017909076993725,0.4045527104152544,-0.025881786971638496,0.70500973081717,0.2598062583367956,-0.18261135772233278,0.6932540289956485,0.7835385187290896,0.3909295663772933,0.8642846209354704,-0.00923224945879163,0.07080536178959568,0.08680326255712754,0.362183201766854,0.5713045541370914,0.5578098007915856,0.4316809166648444,0.5159957140670443,0.2184732457195338,0.15864074697688657,0.08225055214187313,0.3494434847258971,0.720749600927161,0.18890030832476876,0.46633574599287136,0.3193676062189762,0.20094924771966235,-0.13184929260239225,0.7215718003105115,0.37124051518663487,-0.10127047298331547,-0.08263978482867201,0.08699569220003936,0.10399947519188296,0.08994773785834555,0.20570728827272527,0.30190898952570466,0.10766001180818263,0.3367693686995692,0.2936869956922,0.43287048173011744,0.19030854343880518,0.12943517526404408,0.03477728455533446,0.17344908267914544,0.03320286020423783,0.04813802453477947,0.22274168507139577,0.2532811440816951,0.15329645098510858,0.67527497758632,0.33662941986836065
0.2584898646432398,0.2982090923006276,0.14702936738754893,0.12461568738929829,0.13582471408891125,0.1916774179440642,0.3089938991056395,0.0040672629069996285,0.10070193085653058,1.0,0.25901904616124727,-0.08900755396514687,0.249629354267346,0.05283943058319302,0.1533226913909602,0.3860733267078544,0.16710327786403095,0.1353173995757801,0.0418906670428046,0.21385493428965036,0.3105289628479587,0.29454418228335266,0.325923690629845,0.43276114670573573,0.3426297260064289,-0.20447836259867486,0.3868754236732195,0.16188143709956046,0.21814110575017495,0.2424700968708316,0.11852353983074938,0.23833285954822767,0.4349784610001968,0.2394524501978964,0.13765716909754871,0.20881240296516587,0.2216002274168507,0.6238918895278913,0.384004705784824,0.4786118825304498,0.28508451597384704,0.18363473355054558,-0.14979773020489384,0.08631781504887276,0.27548927423410813,0.20401040869432113,0.23197830793116267,0.20380048544750826,0.20285145743587502,0.17857033522118476,-0.3024469178456627,0.16622859766897727,0.20041984649362576,-0.3065185541536376,0.14536310161597166,0.07080098838862041,-0.13611773195425422,0.2611051584264503,0.3681660143010212,0.39368480899171243,0.1830924318296123,0.30881896306662876,0.3453350520820022,0.1500951214712121,0.30890643108613414,0.12216658284314798,0.22389188952789135,0.12531105814436597,0.15414489077431065,0.1906409219129256,0.25305810063195644,0.33599527672694673,0.2683518838424701,0.33799392097264436,0.6024147759890505,0.18026284139861362,0.2250071067765848,0.248732807067416,0.3307122083488225,-0.049034571734709494,0.5448295466969889,0.4319476941243358,0.3883623800048107,0.28944479674618967,0.2333428090354464,0.2862872012420459,0.26966390413505065,0.41558242767488135,0.28101725306684744,0.37100872493494563,0.11533970392075397,0.05585270385515296,0.4576326780520872,0.32197415320023615,0.24006909973540924,0.14028558308368502,0.29835341453281145,0.26606896853337997,0.1869147842819969,0.25136559445452755
-0.10737136734381492,0.18649493778837112,0.2066169556755811,-0.3103933874177254,0.08236863396820537,0.45038157923509214,0.06367234479893288,-0.15348888062802038,0.40133826069843215,0.25901904616124727,1.0,0.7820218036148686,0.5086833876363954,0.3199886291574643,0.30463799173427214,-0.24015683033058716,-0.03506592901970217,-0.21190439745468062,-0.16679076205511933,0.2791629310533336,-0.0640309636789049,-0.23884017406135882,-0.1630558735386966,0.3907590037392578,0.21722245304060703,0.35582427674881373,0.03310227198180665,0.5477291115435918,0.4216990900038492,0.31547965275196255,0.20201176444862348,-0.11471430758129059,-0.1699940959086834,-0.0699569220003936,-0.014392862609608361,0.3899193107520063,0.24279372854300146,0.2953007806520741,0.491249361756391,0.17748135837834292,0.0491307865561654,0.2078939887603595,-0.04058516105049091,0.4109466226410968,0.11870284927073539,0.05429139970698214,0.15032253832192605,-0.03011961251667359,0.5242745621132273,0.38300059040913165,-0.25841551682666025,0.3575255297281931,0.3902429424241762,0.10076753187115961,0.38490301983337344,0.6158448317333974,0.24871968686449017,0.4788830333909164,0.47225295751240953,0.09520456583061818,0.06951958190286676,0.43200892173798955,0.49141992458091144,0.1646191861100785,0.296634667949531,0.3938641184316984,0.4653473573724607,-0.0690428811965625,-0.043703395945857294,0.04247447027180687,0.3759987754477269,0.17573199798823555,0.40258467997638364,0.4055017384268877,0.10558713518968851,-0.02669523955303842,0.44211585139183485,0.35702258861603725,0.18106754717806303,0.1161662767050797,-0.016483348275786666,0.1062955107038989,-0.04798495550064508,0.19681179068902932,0.03708206686930091,0.08042247053421094,0.39552601080230043,0.3452275261857383,0.3270210579256959,0.29451356847652577,0.4572740591721152,0.41711749141720056,0.44386958518291747,0.09836653473573724,0.09502525639063218,0.4116070061883624,0.20418971813430714,0.22584679976383634,0.5475979095143338,0.5119896787736984
-0.3664258013448226,-0.0032385069630105766,0.11718103385132395,-0.47416683886980177,-0.0009905764039458414,0.2834644808386388,-0.12153913268810997,-0.20181955546529246,0.312980596292195,-0.08900755396514687,0.7820218036148686,1.0,0.5244938056177345,0.438335525503231,0.38354768488322427,-0.42337456730569484,-0.06346249093888788,-0.2706176014276414,-0.10306816616336001,0.1861452692324364,-0.09808018420790911,-0.36614809007925725,-0.2476465584539119,0.3407014286825293,-0.07035497841181788,0.44951613732083606,-0.13617036164793694,0.5935411357082288,0.35529368545119383,0.35734661099342496,0.036248973616358086,-0.24758287330586326,-0.4709545723413328,-0.18756225269768345,-0.03606966398032374,0.21180404080837573,0.1247601460280928,0.06202801385061311,0.3957892803334288,0.05273452661712563,-0.06220732348664745,0.09228323487709139,0.15277618330702022,0.35193452136921755,-0.029207790347692282,0.05264487179910846,0.1564870180917798,-0.03618118582712559,0.3288866730301686,0.25673859825800727,-0.11457011061443359,0.2356522224009438,0.34919020925674066,0.26048223358594386,0.2298683932873969,0.4580005444892905,0.3121890098501897,0.3372617450546997,0.34273287565662575,-0.05306253204889578,0.059137192645278884,0.39773282645584385,0.4352286965705901,0.1713259838250612,0.2564608869924419,0.4676111036401558,0.43442351405365237,-0.08089707298891038,-0.07329172037759993,-0.029356486143428083,0.34294935924159403,0.11922122763693425,0.3927383970814237,0.25515979877975364,-0.12770140102206604,-0.21929787157288433,0.4060641644228056,0.3601084167289296,-0.0350922077936487,0.04875254067543606,-0.20172115383576142,-0.07045119333847046,-0.22287313077917892,0.14760900440520117,-0.008698704050544277,0.08382506814317855,0.20903786166711416,0.20863769504035456,0.20614048035314453,0.20037414486262536,0.49795597948465126,0.3425163920716574,0.28364816388043007,-0.09800802301291968,-0.023437081451416177,0.369205100703355,0.2182985483574246,0.255100757802035,0.35264957321047646,0.3772062465356681
-0.03230193960333253,0.2737486606459513,0.2525595329207758,-0.011786315628348386,0.1687739170365835,0.3765716909754871,0.2329010955369443,0.005855983905884411,0.42158273381294964,0.249629354267346,0.5086833876363954,0.5244938056177345,1.0,0.4913472261704314,0.5729811287747917,0.017699173098317086,0.026988257418381404,0.008051431195469156,-0.10527881008382459,0.43681091600883426,0.21853447333318754,-0.015621788283658787,0.1537361458706675,0.3022632350047014,-0.11607443528459907,0.18476307100216482,0.2700137762130721,0.5248474776409875,0.49218964399413206,0.5312938706785332,0.11428571428571428,-0.056276923749753995,0.019964575452100324,0.12890599374603662,0.47805646060659074,0.4452996873018303,0.39366731538781136,0.3982331460059916,0.5459081869065682,0.46576720386608644,0.34459775644529966,0.18916271238328486,0.3037764317421443,0.48789661280094465,0.4240405851610505,0.25535413614397234,0.4431217336161466,0.3515470905950012,0.4659989941177757,0.487021932605891,-0.018425138308805843,0.36462793291202905,0.3357809800791586,0.17341846887231857,0.2732500929347707,0.46117513284205464,0.27251536157092565,0.5049222627976646,0.33179681179068904,0.007981456779864862,0.1762655529072183,0.899748529443922,0.8036198679454936,0.3079311626686493,0.46581968467778967,0.5713323566071156,0.48291530909011393,0.07222671710655791,0.06302508145459317,0.20406726290699964,0.5089282980910105,0.1971179287572981,0.38662613981762917,0.379047035927489,0.11995377310122092,-0.17187028492707354,0.45949574686755157,0.37334849445671425,0.041376746627014495,0.08742865889659093,-0.05341671951192845,0.17350156349084866,0.03500032800507315,0.3331088320832696,0.09636351708906431,0.2675602982659465,0.31141238984496294,0.4420721173820822,0.39035665084953314,0.298248452909405,0.4424001224552273,0.28410487415538693,0.4101550370645733,0.04281996894885307,0.1285911088758173,0.5682972163302792,0.34032057029148716,0.3553825632503116,0.4254925542848396,0.5369574249415058
-0.14516192517110932,0.2813889921497453,0.178622816032888,-0.1779536856836719,0.22447792525857732,0.2670835975596423,0.18251514290087686,0.0929303973234786,0.39912969320592157,0.05283943058319302,0.3199886291574643,0.438335525503231,0.4913472261704314,1.0,0.7263956615862326,-0.03496100562094065,0.30290612494806585,0.14586604272812753,0.47758684217172515,0.3924340163127856,0.479071089632853,0.06531237016465855,0.3024997293956996,0.411926264459557,-0.2356738317552645,0.0705123439242527,0.17272309811725087,0.450574008878004,0.25384121694403766,0.5842688766919595,0.06864052830683781,0.04254444468741116,-0.21261726181364937,0.19949268548686885,0.28641402987032866,0.2368896372263891,0.03541142769674838,0.2935251798561151,0.42821765128456124,0.380529618858105,0.17778312304563643,0.10706085587457086,0.2690603748004636,0.2741947475454287,0.12991624937132362,0.24239137565327676,0.38846734162821717,0.2579781767291334,0.24934508320395354,0.20629332400341124,0.1029017515470906,0.39713104896022394,0.5334805711661673,0.172513174870438,0.26115763923815355,0.2795259233342809,0.27710743259495746,0.3934311517351468,0.1793794144016094,-0.16331153921847325,-0.13491504668605542,0.43851216898821366,0.5684421600691771,0.5895606918720343,0.5489755308215434,0.6545800441713499,0.3849073932343487,0.14896678401959285,0.24830421377183967,0.2811440816951302,0.5431720277273622,0.4159629135597297,0.5857077256128228,0.33866742472283573,0.11113261368948246,-0.30943998600511685,0.5084734643895825,0.4455445977564453,0.05468063239378102,0.23415188821587107,0.04470927817016903,0.034698563337779625,-0.03830661914237607,0.28119656250683345,0.2634799151560211,0.296945179418775,-0.015131967374428724,0.21253854059609456,0.18374406857492728,0.23255997026087336,0.43576129977476985,0.19474317202772737,0.3395639719227657,-0.0853556668343137,0.04318296122980035,0.32838993243095493,0.27067415976033765,0.16251120683999912,0.1985611510791367,0.21379808007697185
-0.15270166845247207,0.294207430408257,0.22322713257965057,-0.1757407447901861,0.2954757166910848,0.32849052065338613,0.002129846274955719,-0.012888412674116027,0.3531477553519494,0.1533226913909602,0.30463799173427214,0.38354768488322427,0.5729811287747917,0.7263956615862326,1.0,-0.05967949495913886,0.32097701777787496,0.12204412761584046,0.23319655506842465,0.27591786752968445,0.6283440117207146,0.2992324681288404,0.4667495427060395,0.5423716953488881,-0.1886860116769806,-0.009144781439286261,0.34871750016400255,0.4911679167304454,0.41621483918465235,0.6215914806149002,0.07133891670857842,-0.0571341103409066,-0.06713170497037022,0.1826900789398876,0.3323434869125976,0.2536966171743456,0.11992302814283527,0.2963766372919901,0.44010456813191134,0.3848942730314229,0.15362008265727845,0.1306641009380945,0.42195884629682273,0.3872865233648947,0.2715400931534408,0.2669261551245326,0.469930681594542,0.3728455533445584,0.26673809888259603,0.19319936148345762,-0.10430998666112702,0.4292711727274715,0.4088780039797949,0.16702455664647614,0.4017406135881568,0.36274299709168834,0.14122586429336773,0.36254619404780125,0.3264700094028121,-0.15371192407775908,0.03973672126128884,0.5356191642430737,0.6535726898308009,0.6156349084865846,0.6585292252520172,0.9243051759200542,0.3509391878594389,0.023423935623537645,0.1674706435459535,0.16801731866786207,0.6384421945726094,0.5226476569504275,0.5024119306378605,0.2644508101725307,0.15761754347994758,-0.1278388839080711,0.6773523430495725,0.5446108766482255,0.16618923706019986,0.18284314797402199,0.18294810959742844,0.12125691544029214,0.12221031685290065,0.400651636745315,0.42048501016815726,0.3648990837724957,0.07154009315344077,0.45341671951192847,0.17215455599046597,0.2562025759331744,0.5336642540071287,0.2263934748857449,0.28461218866851806,0.06470009402812096,0.11860226104830421,0.4974043865211782,0.3797117928757298,0.34107279525923334,0.22946360237038332,0.2594607596597494
0.6352109457603081,0.3636771158265888,0.15895143223581285,0.5725990822411442,0.2699353501295595,-0.05261644466168838,0.6180015941067678,0.36750603256678566,0.01857822765546108,0.3860733267078544,-0.24015683033058716,-0.42337456730569484,0.017699173098317086,-0.03496100562094065,-0.05967949495913886,1.0,0.438840653868157,0.547941820583543,0.42040064813944183,0.4310450581064199,0.36745792510345937,0.41914064763604203,0.40209573833010065,0.06372708198718247,0.14995752329667542,-0.34377811963253324,0.15903015353943767,-0.22018567294154218,0.22532685777012917,-0.22553216147939556,0.22199844962779186,0.4830557860707727,0.6995634247707323,0.5347385086033555,0.2734078343005661,0.30215641704378016,0.31759235266288327,0.48047110326842396,0.2911029522707841,0.49220276421140285,0.28845891021305886,0.13325111330518263,-0.23489124979923706,-0.032597179809317124,0.22894779137556204,0.006376425593611641,0.06154256581159329,0.1671581281387019,0.14286823256468334,0.1525750066422012,0.11089644977860795,0.23526298928857658,0.2832479972536705,-0.3665110827570829,-0.10258260543467398,-0.09352309540918254,-0.05780767729517056,0.20536638753416697,-0.1522907352680004,0.15673192881416817,0.22825897996884473,0.11043724217412974,0.12551250904749306,0.1464303715537071,0.23576593095062412,-0.11071714014257361,0.25950477739926886,0.5825835675842274,0.44325123357402624,0.5058630970931902,0.26253554758882497,0.29561598873428346,0.09608591118274662,0.40616037934945814,0.5471880063589389,0.006579788961309132,0.05091081641648362,-0.1440665457420836,0.2973631643341791,0.26908690941271407,0.4889839375742985,0.4671037885723513,0.41645100309552685,0.3380074107362572,0.14087395953952084,0.26226220972901654,0.2936741965782042,0.12808174770048514,0.4034226273456166,0.33581414774915413,-0.11313782022903729,0.04660957185453777,0.3872060387989006,0.24705150450639562,0.1740702959375381,0.042190245337154667,0.11157214096805446,0.015121050404603738,0.2005140938468473,0.24483418778762944
0.12821062299096891,0.4811397082941549,0.34707310139730163,-0.039220659946207166,0.21577923071876845,0.19212350484354157,0.25549408497518095,0.3346001618158361,0.2464411449563753,0.16710327786403095,-0.03506592901970217,-0.06346249093888788,0.026988257418381404,0.30290612494806585,0.32097701777787496,0.438840653868157,1.0,0.6435896875205003,0.7480142004489398,0.2579344427193807,0.640488946229035,0.7196518772823687,0.4951329460685495,0.344016094115589,-0.05507423848155518,0.0492138811746955,0.16891823926876737,0.13235660711552338,0.3530934738948054,0.010093809450919507,0.32592333428090353,0.26018674422164395,0.1743806170868776,0.5647722551442129,0.07332444075135029,0.1575998775447727,0.29484594695064614,0.20814764601692506,0.07767168624317061,0.1457173470949684,-0.1430451990990794,0.19811506417965932,-0.0983184273250093,0.16545450569635478,0.0640309636789049,-0.08532505302748683,-0.12009359078087074,0.002020511250574009,0.12273949837090814,-0.008563119109575561,0.12210972863046948,0.49471037152041286,0.4689991471868098,-0.1747960901795281,0.23651789814349128,0.14782969976602306,0.25908902057685157,0.42537447245850735,-0.01652708228553935,-0.09757494915921366,0.09921497452493933,0.06278017099997814,0.2040412455898156,0.4650718331110188,0.5464345848549125,0.3188384247009687,0.07497758632000175,0.6613763092869169,0.6986201919923029,0.6466466948022129,0.5318317989984912,0.6590190461612473,0.44652423957490545,0.1391703658349916,0.5336385970554862,-0.0619404780127266,0.4694671010911635,0.05167173252279635,0.19754652205287443,0.27546303382825654,0.4786818569460541,0.3003083247687564,0.37018215215061995,0.48805405523605433,0.3896831470993418,0.18036342962104482,0.35657650171655986,0.09758806936213947,0.23553825632503117,0.06152937832105137,0.1262207255472218,-0.0522052874417791,0.2851107563796987,0.21982025321991647,0.17934880059478253,0.20407600970895015,0.11163543329470163,0.07568607727799523,0.09272047407666571,0.09670901576611052
0.26667249786796704,0.6226017362401872,0.34118213028361505,0.23747567295707506,0.44278060834007565,0.10867901423542017,0.32252957512409525,0.6866370733200674,0.23521899805383656,0.1353173995757801,-0.21190439745468062,-0.2706176014276414,0.008051431195469156,0.14586604272812753,0.12204412761584046,0.547941820583543,0.6435896875205003,1.0,0.6232562411237256,0.34217926570597623,0.49495528197502786,0.6032144497168223,0.6368444128105235,0.17501038682731626,-0.01973715860138637,-0.09985786446830378,0.11859351424635367,-0.1887953467013623,0.1398352756722487,-0.09640287769784173,0.31579016422120665,0.3653407972709978,0.37584133301261724,0.7825457567077038,0.30640047232730533,0.24737705276508276,0.15971223021582734,0.1437799304629245,-0.0024687875497899667,0.24983053071220834,0.06886794515755178,0.06834313704051956,-0.16918501672825872,-0.034580481511447374,0.03647853753471387,-0.10601123964050645,-0.018827491198530538,0.1190745883536332,0.12814064857536464,-0.027106339244713652,0.1124007784653736,0.4347729111543592,0.23482976536703767,-0.14617218079639632,0.19421836391069516,-0.031138614943911132,0.46528175635783164,0.37410071942446044,-0.1412039972884914,-0.043257309046379915,-0.009621482145590518,-0.007452275261857383,0.07864039561833178,0.30081563928188754,0.45048216745752334,0.09130349216067875,0.014751481489580371,0.5872078021473399,0.7554918982746933,0.8780695808095165,0.44582012201788723,0.4705254641271785,0.4515405304935383,0.05635564496730883,0.40000918415232867,-0.0735168703942621,0.24462181015066367,-0.13587719490061445,0.06501935229931556,0.3157814174192561,0.420480636767182,0.3886903850779559,0.2849926745533664,0.30467735234304955,0.3105027224421071,0.26882858454877434,0.22829590430998667,-0.007281712623821915,0.24501104283746256,0.07563796986726729,-0.010819794012814065,-0.04919638757079443,0.08758172793072533,0.12248584111434258,0.0013076468916052568,-0.02879447202116726,0.018202094859067153,0.07219172989875577,0.09789420743040826,0.004578950821106033
0.1932083195298869,0.3065954238870695,0.19773260778543644,-0.06339688985253385,0.14437268414506907,0.0265509463503541,0.23888854266107593,0.3616434821496139,0.1448909327272659,0.0418906670428046,-0.16679076205511933,-0.10306816616336001,-0.10527881008382459,0.47758684217172515,0.23319655506842465,0.42040064813944183,0.7480142004489398,0.6232562411237256,1.0,0.2740725919756203,0.6292303133876991,0.3894649028723577,0.3859884673164097,0.22087011094250256,-0.0922548077396713,-0.1211170990325657,-0.003557765583266852,-0.006481387331778088,0.19988016855124216,-0.013684386613450499,0.1492424714554165,0.329533937082195,0.09408289134607026,0.5072538401238956,-0.08397157723603589,0.07854855409743614,0.08846743835416536,0.2046360287727588,0.06808744197030892,0.17306878601919992,-0.12031676577904656,0.11695143004908484,-0.22445849036606796,-0.10378966542358811,-0.16274317502707572,-0.17674463355790404,-0.13447566691712454,-0.09438028293754186,0.02886666469865133,-0.11247524925686159,0.17704858525801104,0.3328533520517089,0.38818568168845413,-0.23283137568772055,0.02050689959426954,-0.04191472077446774,0.21538804682618418,0.25902588946888444,-0.0975400685969276,-0.07553309082802925,0.05459322406382313,-0.03498287264972532,0.11609436945260207,0.4761764188151135,0.46199127724249395,0.17676212718093176,0.0724148525233344,0.7202387004866438,0.6766358450899991,0.6052837301656,0.4342988719895797,0.47126071074431825,0.37058491021966805,0.1736307686589661,0.48997504969287725,-0.11760962761550361,0.33945500804180273,0.02534388636143996,0.018460145700023828,0.32545792291673137,0.35057876558456763,0.2002626230158235,0.13055709535891052,0.21209705899409037,0.24354184638645507,0.10385526650994215,0.14988754880456445,-0.0493713775900424,0.18391045889064248,0.062469727832063573,-0.009494663898306497,-0.002449107223883758,0.29786829269910514,0.07038996565787337,0.0012026865831572026,-0.07697631472781791,-0.01096631493551522,-0.09338533312783909,0.04632530048033698,-0.013964284581894356
0.20490695589425117,0.4676258992805755,0.3108788349259802,0.08871443878331985,0.3510091622750432,0.4463624237388205,0.6893267149198574,0.23362270669786359,0.5904222518641622,0.21385493428965036,0.2791629310533336,0.1861452692324364,0.43681091600883426,0.3924340163127856,0.27591786752968445,0.4310450581064199,0.2579344427193807,0.34217926570597623,0.2740725919756203,1.0,0.37495353261463776,0.08816339026043603,0.306055308276088,0.2890905512671929,-0.13668627408103912,0.019334805711661674,0.4676565130874024,0.4486322188449848,0.5554815721084995,0.35728061927357807,0.22269357766066783,0.09596116419933962,0.33520369115042314,0.42798976624171786,0.40147820952964075,0.8237781811025344,0.6244604316546762,0.5195512890599374,0.5412024023121058,0.6250814545931643,0.587356497780499,0.20935470468609915,-0.06859242089610985,0.38510856967921103,0.4765913712798758,0.3346001618158361,0.4701974590540334,0.4031532221031685,0.7396295729373947,0.7783429183704708,0.0437996107673132,0.47028492707353875,0.5192101637838665,-0.2242330148039623,0.20633705801316393,0.4524676915002952,0.19067153571975246,0.591966062408432,-0.00018368284096127353,-0.049821783910257815,0.0013338872974568673,0.395958977498852,0.6008512834309461,0.4403227569919748,0.49648159891539656,0.35156895759987755,0.6696332903282237,0.4231352911591699,0.346574533686121,0.5013535676018456,0.7035883755002077,0.40476263366206733,0.5249130786556165,0.6956331591261945,0.2736483716171975,-0.36427806083400754,0.4760315759550414,0.40920600905294,0.25987185935142465,0.2378474120399729,0.28846515492772956,0.46416216570816293,0.2962585554656579,0.46377730642233933,0.34137893332750213,0.45861231987054735,0.5426078590015525,0.3642168332203538,0.7727668321270036,0.6244035774419978,0.37667665259889355,0.21002383503531522,0.4438171043712143,0.06560538803000153,0.18985808313835253,0.43741444534342133,0.4545975377752509,0.29664778815245674,0.7426953270210579,0.7463733572412586
