0,1,2,3,4,5,6,7,8,9,10,11,12,13,14,15,16,17,18,19,20,21,22,23,24,25,26,27,28,29,30,31,32,33,34,35,36,37,38,39,40,41,42,43,44,45,46,47,48,49,50,51,52,53,54,55,56,57,58,59,60,61,62,63,64,65,66,67,68,69,70,71,72,73,74,75,76,77,78,79,80,81,82,83,84,85,86,87,88,89,90,91,92,93,94,95,96,97,98,99
1.5873276847287927,3.9720631469367618,4.057752352439746,3.917365338494377,3.783930314162647,3.843969245826415,3.8968046289165503,4.258808955229567,3.8526162581485583,3.975572268826655,4.086739856991133,4.041798285315253,4.070099164797598,4.254383535369834,4.15545923052688,3.8508411501591393,4.046944783721508,3.8861048829962312,3.9669840186419463,4.194580213138216,4.086052302974269,3.7901618412955145,4.081852904502286,3.7232280121469934,3.9307077308970846,4.106890252706885,3.8267714795517827,4.161309599696226,3.7138344605808298,3.626800602134159,4.113399300743984,3.6505068173974586,3.906085383937564,3.8398361607975646,4.047931273146162,3.826337851608621,3.877300198219211,3.9261947815456537,4.080790424624779,4.012901895025225,3.6488974531409073,4.562779201283182,3.850445495392764,3.5372013395121007,3.8804064378678036,3.9524934875523896,4.283727709186825,3.951251820205701,3.6587543581006776,3.3627520579767127,3.541913179872467,3.578595910789492,3.82065932620511,4.042440217611206,3.8953320032531087,4.185872308449752,3.9065727313067407,4.132093742237037,3.9647497319827667,4.208516363183072,4.1311672409332125,4.195552217833658,4.096533682623474,3.656177076556436,3.948959471990558,4.184438433580584,3.946695389342484,3.923392355164347,4.051268049323554,3.9439029100280516,4.300644896219063,3.850300817916031,3.9161444732827357,3.789568057750925,4.033108410365326,3.9508784976346973,4.264654879860904,3.897753583282976,3.912784471286338,3.915698506313083,4.189663322516275,4.32896202221831,4.083267126742314,4.136619649927977,3.8020135427720647,4.2861290204836955,3.903824154362057,4.0489975759256165,4.072331712407823,4.282195085585457,4.147501191981711,3.855671588197224,3.6594615719693526,4.012461004202952,3.944842980409768,3.57014281742215,3.983959814443602,3.931042058362418,3.7507355065205608,3.6198903275384753
3.9720631469367618,1.6058220994358214,3.9794710844661565,3.5557410143545445,3.7741820118022886,3.6399672174914617,3.668144501237564,3.587159719655614,3.4993609127386263,3.491666638029217,3.820324742895852,3.4925428224502904,4.159136019738242,3.905801731366281,3.942037793501662,3.3977381478683393,4.035034295841978,3.307680550855191,3.657021538087831,3.6394806912425057,3.145590084992105,3.8361689931591356,3.891003467467582,3.376617539244288,3.793416967362689,3.839730512087422,3.6487992421051842,3.6409005287628333,3.7353354318062806,3.2777745240503178,4.259351152418693,3.862363526540287,3.7757532002590506,3.7495142171791525,3.9540316649063927,3.530448516645298,3.8092976060194834,3.91596004109971,3.792550191221193,3.581704985653851,4.177535788716646,3.984102629739559,4.054418251194406,3.8929625912551877,3.697299582140772,3.9286438798217227,3.768749226682554,4.1741553387991255,3.632838258275349,3.751134844107636,3.925688342178614,3.5313390922662795,3.1646197849369413,3.597746146967831,3.933861316904132,3.8563426555591707,3.429977858646271,3.6642022719561416,3.5502832799969632,3.7594203298825897,3.6966671832577513,3.929246271098542,4.239385197613319,3.709723192371282,3.8731355595923747,3.7972008045261365,3.815070063795219,3.6657263606656496,3.4542379789765936,3.4150837481400362,3.5592178572578916,3.624299129091188,3.8561585568433907,3.857232262512148,3.4464873926402615,3.570688874914489,3.448757645479227,3.6020199299566906,4.0821344632049374,3.7741475687167494,3.718395295723079,4.152052441072899,3.9202571407619793,4.070588638727169,3.8695607319550454,3.9295616640378364,3.827975506686998,3.474963804075071,3.9166579513954765,3.782664028881107,4.021516840124244,3.449203184149237,4.061800477074785,3.922950201671431,3.8131875213427144,3.936445805693806,4.148121830283434,4.215985176144855,3.4966886872491076,3.7448764852515826
4.057752352439746,3.9794710844661565,1.7122166341600924,4.059589686981205,3.8557212751108945,3.5740706567780918,4.174498417016544,4.278096695962545,3.911456463630139,3.914430737134194,3.9097305553368273,3.8305789982144733,4.16325849986178,4.3934586888141824,4.270668046396164,4.115964863085112,4.216087970756974,4.094281942659731,4.356254239102109,4.415757222466064,4.345217473723476,4.043823628407218,4.05436548251368,4.195331301718749,4.22725678550041,3.9717540968594736,3.853848658254552,3.9391797254430334,4.097671441538983,3.9031260159581387,4.445628027505749,3.7881109073399513,4.046841669135126,4.216111553178889,4.219208324911877,3.955061863766554,4.170023401096261,4.379137677345891,4.2132285106555925,4.220579847399221,4.287670687283056,4.210755623655426,3.965897921279354,4.545340644601343,4.366566799479838,4.130553356209059,4.191340043018932,4.03132202886347,4.27612741868964,4.33617273649429,3.852944969050754,3.878493116085501,3.840201389159892,4.040331999444359,3.8368426927001202,4.108978183629782,4.0447072947609515,4.102361390067662,4.114191351984506,3.828897276473485,4.045120048567743,4.087012689178481,4.321202493248029,3.8112942259513694,4.0768908929317424,4.263812019335888,4.213818552245859,4.465375004336438,4.234595997736477,3.9772875473832614,4.330142289520552,4.142335595316587,4.307576219683844,4.213297564937851,4.264892991307092,4.3647847103553215,4.147556509559469,4.3085351135961485,4.311695818009596,3.899404655428334,4.491678649359204,4.3512448221116085,4.140447286144705,4.132633995561511,3.9223345210056695,3.9077238071205933,4.243217416098797,4.034444840929866,4.374486109613622,4.225697021059371,4.204317038012375,4.024678113910275,4.135307388772892,4.079155939771524,4.02698354080734,4.549856578279716,4.199326276522956,3.871156109569361,4.441637414365359,4.397308737255454
3.917365338494377,3.5557410143545445,4.059589686981205,1.7251630248818648,3.6057213915506283,4.088407394961547,4.032796497100302,3.3911255805088523,4.073751484242412,3.783052910566044,3.9816769136180796,3.8193287304994867,4.175477348452376,4.09581548324121,4.254295257922564,3.9795584600057885,4.040343668872326,3.6210853199760686,3.8844210754916397,4.162303254983624,3.712874321888122,3.695591415343149,4.146153252490162,3.608857881974615,3.874647356196909,3.89450822218886,3.5823399649426384,4.096985872391829,4.194221599822188,3.5263330475389862,3.9153904579525873,3.8259306296028126,3.998343591162181,3.9439734055506426,4.150763740114006,3.3523518101055916,3.7852038549423352,4.003434301770767,3.8155668414632222,3.7381606825316327,3.931356922185009,4.013742913821815,3.9482633677993135,4.124597248995298,3.7036474513222197,3.77474921060064,3.6686953259689585,3.784267495966741,3.8029977161949926,3.741640788387573,4.009227135535232,4.0476565666444,3.4317606989006317,3.0820303561952485,4.165843026352891,4.002630847742548,3.1856298447748057,3.9857150695759875,3.8220116424853026,3.9548521654745423,3.9511402724311964,4.038924113507646,4.080008002314936,3.847752446059603,4.098468449330638,3.993866407606308,3.9389429386764356,3.924982010740367,3.212520712410185,3.236781699058102,4.127424560350767,3.6861455943235035,4.30426417440355,3.829776735627809,3.8190809053826027,3.8817442949347716,3.9315693084354715,4.072655376161471,4.00628260638602,4.077714084889907,3.942452691949165,4.22581806795735,4.041445395056137,4.144853942735522,3.8928145351171666,4.137482231992178,3.9853744867804775,4.065185763260042,3.8645415015302818,3.81596558275535,4.334649286599222,3.617509648640025,3.859423904533462,3.947378620924148,4.090103476393569,3.9754850695880024,4.082034011613666,3.8568085311193276,3.906350165928599,3.8726860004289745
3.783930314162647,3.7741820118022886,3.8557212751108945,3.6057213915506283,1.7260489196019404,4.0426204374393615,4.182350837063558,3.658895122940192,3.7406391094926366,3.816768620480559,4.364742569687563,3.66928350749201,3.716935170874017,4.199376527099062,3.9778889797566994,4.064880023416052,4.0550582354101286,3.672966260644477,4.054464568548276,3.934185095601691,4.098913025640995,4.046803989432627,4.079125456029605,3.9083949977725405,4.146366248302145,4.095042171622166,3.922891424662868,4.086513629913582,4.26921654912863,3.6021756692367215,4.352154659931194,4.027114260486113,3.9211381346737744,4.016708017983904,4.02639588098893,4.020020250872485,3.992913677362339,4.0645662564728875,3.7831792412658003,4.120434235792575,4.012821085420102,4.03556680448687,3.6945781701640237,4.137735626669091,4.010921768721209,3.8130549883322424,3.7925839212610835,4.196359020826976,4.225671944139415,4.061348311268539,4.182049859595011,4.286048881893007,4.1305587005790825,3.7704806867810365,3.6037961562053895,4.160290626399958,3.7992675317059703,3.8384165436847812,3.6854704014134145,4.116403565649851,3.8474886019962584,3.8498241390397725,3.940714430689334,3.93775268161963,4.375484553605845,4.1573263321353515,4.252800127612097,4.075627318460506,3.7036508699320776,3.749465078133183,4.108548141173464,4.41146530620099,4.027713591336571,4.1729969148550525,4.163674120347121,4.078334818484859,4.243497639504964,4.211084763780186,4.3004194958148485,4.212601475047407,4.158273005334324,4.398504586241549,4.361812096572901,4.405611803529308,4.177233384349346,4.4209091340452025,4.156344438648384,4.111836703799006,4.275772674000345,4.177200256297492,4.23627145308818,3.636928788759066,3.7980000993050034,4.124382813145781,3.9364079271875982,4.295588723137181,4.0787166104574295,4.40930467874855,3.8587048024869093,4.052162953840185
3.843969245826415,3.6399672174914617,3.5740706567780918,4.088407394961547,4.0426204374393615,1.641721755073207,4.164164856578874,3.9770004730928377,3.399966703815777,4.2145088173009855,4.2017248587667595,4.27452734651231,3.952238833182132,4.48590748095204,4.281883473790901,3.8871548774569544,4.404574871818482,3.8600953033221184,4.189616977749219,4.351682541536136,3.962485671987891,3.827910394075641,4.28463055992351,3.819568175597596,4.236338445130372,4.326885379393169,3.905834797875741,4.221296623345263,4.103365373962928,4.117653930014627,4.000111244855,4.0128283475261215,3.7118879077558016,4.115583316248694,4.314182339477466,3.2583691134144566,3.8038268267933355,4.016416349963094,3.8619747660087196,4.046853537702025,3.9768832620035033,3.7715873991491895,3.8183224399013866,4.044801705704781,3.9699986662695377,3.849155770509305,3.8681469380433837,3.9271011628973813,3.8482505538988585,3.9670602360360925,3.9592809854873097,4.1371258970639015,3.723650815650815,4.1489964051617605,3.413531889577516,3.2756781437335123,3.7596627333405874,3.894863770357756,4.113929072736213,4.1824270576876,4.299704205250365,4.2032305572893645,4.057328898244018,3.972954939818683,4.026846220530506,4.194279439122878,4.279274078477918,4.0883362966471966,3.6084885985907453,3.6200185813035866,3.9177229875154596,3.5238506882187974,4.25240223909527,4.148055223103982,4.095204379755356,4.413228486560563,4.082324342774502,4.115056999221628,3.8321469393502605,4.01969001960443,3.9107237655796037,4.013023005907307,3.955844096273849,4.039283810765533,3.9226948300180466,3.7295541677085597,3.707347562971628,3.9327849935992623,3.9401452812170152,4.049172640580138,4.497680055904066,4.081880145156071,3.980467121063138,3.917682082197938,3.729936096255836,4.0495235593442205,3.699760877076807,4.177240918679021,4.166930607962542,4.319904162460901
3.8968046289165503,3.668144501237564,4.174498417016544,4.032796497100302,4.182350837063558,4.164164856578874,1.7742410116843248,3.7991523748068365,3.9149508843878196,3.8691513085958147,4.088733350168089,4.082629555893205,4.251301870471003,3.6938204461686728,4.008057870746357,3.692610668873447,3.824062822915134,3.8414826989644006,3.522545535110156,4.241977652730191,3.6889234721931135,3.5964072158057436,4.208312761513792,3.783034037994485,4.135836081219825,4.133940996473453,3.73921560664596,4.07356443879426,3.968071297479211,3.931097797952741,3.5496554984943227,3.522182112802433,3.840956721635271,3.76489841241463,3.6234637853061407,3.560679024175128,3.9403110969687023,3.589050222128415,3.735255415411606,3.8068610228690436,3.4989312737262956,3.983781077542926,4.18723720645951,3.6352047432353527,3.3800391002852304,3.923217569671278,3.768477021427877,3.8128811410123777,3.858919137767146,3.727162158281444,3.36928557093609,3.77183334680875,3.4246249741598196,3.9519141433358076,3.9233275790859135,3.9344139223237584,3.5793942004897255,4.112283161033981,3.8873110093382532,4.124952174422044,4.033459426116007,4.167273411361736,4.059923298932513,4.0380979333706675,4.00187999200448,4.181013649123153,3.691811833853487,4.073539957405703,3.4551181658412284,3.746471406739185,3.8120505168147383,3.709579776991439,4.075048293742167,3.7032513710249644,4.014163444150808,4.22811744779801,3.716482819859096,4.078454086097988,3.668297439112789,3.643074884206962,3.6990155781484813,4.097763576294054,3.6124857340152974,4.041729361833388,3.7978526967597688,4.06146279191796,3.7731048118683215,3.867256289125626,3.9751993098576355,3.763378699988117,3.567920254339274,3.6052270902697905,3.7391933139285256,3.973010013529563,4.047182924034715,3.452141537261127,3.8091821263402674,3.9506045253301982,4.032310599649555,3.7147879433073623
4.258808955229567,3.587159719655614,4.278096695962545,3.3911255805088523,3.658895122940192,3.9770004730928377,3.7991523748068365,1.715233531402912,3.9426655421196286,4.013485275793855,4.300810391516738,4.110699856906042,3.8796990558472713,4.168392883102667,4.182637467271068,4.018987544889121,3.8679222145081518,3.1376595941370375,4.0835153915047115,4.144637296920448,3.7808349967935,3.5062368882118102,4.104985656797028,3.970040165649288,4.055144589072438,4.042767873820521,3.793346804413612,4.016112351517348,3.8375587012964494,3.721779646796133,3.8676237137758296,3.92081065741674,4.084769524170028,3.8684075555731967,3.961755413137664,4.027769674115709,4.0357298417727545,3.748767084267413,3.930560418165084,4.032120436428736,3.647134224103784,4.038220127509178,4.138598557564085,3.6764220486571593,3.544547184520928,3.9135028366245677,3.8600038493093662,3.816485401069081,3.9195749949831473,3.6516929349756873,3.873975591058137,3.5796979876575663,3.538425533616404,3.3250408500229027,3.650256396779703,4.0466590270495875,2.4506806223573956,3.7017870423274277,4.0381159236856305,4.406636895568734,4.449062789304797,3.847480741989976,3.7424408407627383,3.9058384678030946,3.956167279568022,4.35710538398422,4.088362771504257,4.1908702173456,3.3665656306835654,3.1295588782165313,4.004826302897676,3.687399084129976,3.9757209024859854,4.255551896968692,4.146623326509402,3.999876856378926,3.9156056762816918,3.8423269828721276,3.776989916512692,3.958363546458805,3.851394102956215,4.4135434319964935,4.124447762617931,4.202781234059816,4.128517483943551,4.375648627263768,4.078298929517026,4.322514036976328,4.313767163662123,4.229714757531784,4.16432414873121,4.154131189335967,4.006754297670181,3.870735584387957,3.908190196988694,3.6561892101673568,3.8737692899245544,3.6990621174288743,3.8432605736267518,3.866840819841059
3.8526162581485583,3.4993609127386263,3.911456463630139,4.073751484242412,3.7406391094926366,3.399966703815777,3.9149508843878196,3.9426655421196286,1.699738210216227,4.052270961363825,4.327808846119304,3.9557665222089065,3.8158074638327366,4.126507407622569,3.9059994697145877,3.9994313579668845,3.741313204535094,3.803541406343855,3.9417288982359806,4.135724956404606,3.846884328315626,3.730784258580223,4.075872639299613,3.76211525469037,3.8961143136977943,3.880723243489058,3.575871685653216,3.958864495164821,3.847915212795964,3.8333941475705124,3.9231586279391975,4.03435010004384,4.050608071815697,3.8864907014204992,4.038406057133529,3.2747843456135213,3.647829652737732,3.6334317287523463,3.901190861213951,4.150832873719042,3.5940898728561153,4.052574588918313,4.261134881254475,3.6796966582351844,3.538532000687849,3.8320224935076213,3.877105846501064,3.923486493287083,3.5762043421382463,3.6058385901367194,3.993971438916178,4.108431193843111,3.601550539302894,3.963814016301562,3.1003561419226084,3.7787571464764382,3.652378577253275,3.1037802763131395,4.237837197557612,4.026933604995251,4.016970593563395,3.6617996532988104,3.883852542355788,3.8349132355727784,3.947328495629068,4.047695886552601,3.8088073857228784,4.059339656443341,3.190253760036144,3.556998922939244,4.133599322542694,3.992901846986844,3.9868305098613543,4.116987664844527,4.098705406792312,3.8498573271957985,4.005685352817553,3.9538821153778203,3.7457873491191345,3.724629562861266,3.74591079211926,3.816990090045674,3.542068061818919,3.983954231023934,3.8616772366265715,3.9479595722694083,3.503172131264785,3.7229225161505304,3.8232153456230944,3.9673028913609616,4.077513550261361,3.8401749324675034,3.936240100658016,4.0754448108634564,3.978343555905798,3.489714079014098,3.715225475230038,3.817191085350133,3.729292746765061,3.874923281403163
3.975572268826655,3.491666638029217,3.914430737134194,3.783052910566044,3.816768620480559,4.2145088173009855,3.8691513085958147,4.013485275793855,4.052270961363825,1.566179122386268,3.6520520695163303,2.795719586201093,3.89607620608607,3.8861260195763085,3.3781151094210045,3.7361346958088673,3.9777345114196754,3.725805566623135,3.6134528004420976,3.8482765702258237,3.5518430094875924,3.74549069216146,3.6327671547418294,3.87832982635138,3.6197911015234956,3.849416766300862,3.4621980920027733,3.78956993322327,3.8648999358488143,3.566369803301962,3.9168665810092795,3.208506304197631,3.600973424100209,3.7305910178739072,3.6598825939617736,3.2842566505955353,3.6485821800489915,3.513984914645456,3.2822676581183763,2.95344818671565,3.7134495995117,4.000532980989534,3.690311405329877,3.381999442737715,3.5882585923833417,3.480028050106774,3.7576491689529683,3.7567416564443956,3.7051725150333366,3.6068819831661,3.387271205312758,3.9634559338662245,3.1884421619851784,3.505680815645477,3.4996092320375953,3.4996071823515864,3.4479087241574407,3.785727305631986,2.200814252261176,3.6922086745183784,3.20662738465465,3.709687754013405,3.911102273753889,3.6825546790873607,3.902082862710535,3.690092443273446,3.6991877332726997,3.6990742952030025,3.246863797079801,3.3421448808037257,4.042118415479144,3.8620461113802476,4.025129790540675,3.04932685104373,3.8708614789698825,3.686706906334029,4.01470356200592,4.321980991931578,3.6565664841434202,3.694553425559548,3.9699300694188686,3.9643350646603586,3.447395385252535,3.8683409189666476,3.88314366427062,3.9695106540886496,3.784391231560561,3.79855876446283,3.7251461863008464,3.7543617338062587,3.873070899505883,3.3035380457855514,3.018970151711262,3.570760166620322,3.934143525764144,3.5269983283054303,3.498441844610238,3.728704471528494,3.625307127331113,3.732655490685966
4.086739856991133,3.820324742895852,3.9097305553368273,3.9816769136180796,4.364742569687563,4.2017248587667595,4.088733350168089,4.300810391516738,4.327808846119304,3.6520520695163303,1.6476979310490996,2.990526767205771,3.778563541599494,4.174265465162596,3.794082889317173,3.728056202810333,3.9549806722572685,3.623830887525945,4.066485894197592,3.865572803550765,3.745194101792108,3.734641874467976,3.8776589231661793,3.9133457728911645,3.805735148379271,3.6948190047468485,4.053957217319412,3.8400423929379146,3.7739168018531273,3.573711266739085,3.775734120970468,3.7138941143603605,3.8370632839566294,3.833113550951754,3.758753718181813,3.878887189155824,3.5775043673449898,3.889414499802705,3.763530835263185,4.030807409251468,4.150271614579482,3.8381471348620164,3.799123511954299,3.940952810370809,4.021110423948853,3.918310617221248,4.19041900137692,4.174757287780779,4.140183875298466,3.9329318594629394,4.1764110466099105,4.232424779567796,3.8038981661355646,3.7351205066051567,4.047107994517771,3.902635461243295,3.89309638847959,4.0722996417032284,3.5798549072977637,3.138972816037031,3.24897023058453,3.748341212094752,3.844841616988933,4.199923558647009,4.0810546946543225,3.767707837843453,4.057364851170207,4.10514559913336,3.7494300134298966,3.8359576296133864,4.200786899146115,4.1275851955289955,3.842331610254928,4.197975943810765,3.774130906506186,3.4762384989608845,3.447049966652832,3.8169660197342057,3.9005700085585455,3.9967754712240717,4.134975308851288,4.089578990091833,3.916865100179199,4.140852195611203,3.945856637092947,4.220802397911703,3.608402249248565,3.940458909913808,3.9585471344123913,4.135768443793698,4.293373598125223,3.5823557799466315,3.8092671343259417,4.144601707362293,3.8757953787067616,3.9635157981216307,4.040234266123554,4.048875210657021,4.006205786667513,4.023142593379424
4.041798285315253,3.4925428224502904,3.8305789982144733,3.8193287304994867,3.66928350749201,4.27452734651231,4.082629555893205,4.110699856906042,3.9557665222089065,2.795719586201093,2.990526767205771,1.7587579927467998,3.452612326040166,3.902624346465911,3.5253477819394092,3.9464087128484997,3.8593218826124467,3.9619491527323065,3.588058812258615,3.831863484596362,3.421126278950043,3.8134701524445553,3.5901384531724116,3.6295575818500305,3.418238616023945,3.2458190343857605,3.6131617099359703,3.5960682053383715,3.696918519966436,3.220792812345215,4.0310687608766305,3.77495863551704,3.566245086198568,3.8655679042387607,3.769225400226609,3.6244711084816528,3.457556370897643,3.6392589381681395,3.6935489613576755,3.7158843291861103,3.5917207051266997,3.8278461877642718,3.681753165738816,3.683257453605911,3.3787230198760985,3.5364644705511434,4.119141426960734,3.6964161233747963,3.514133578899963,3.3696346558755863,3.949500220612843,3.8027265075986665,3.5559109638619346,3.6540209974781592,3.833978534150009,3.7871892014468753,3.694344758757928,4.081704918564794,3.376343430300252,3.458954011678382,2.778795000945742,3.6510265048329584,3.771077610223046,3.554274580615079,3.9110325922487865,3.9708502278069853,4.050606818162719,3.9362221807814137,3.6616948661129123,3.780249749438348,3.779869890998804,4.02849959156684,3.9154610217357972,3.9821978726785137,3.8866989510141488,3.1158367925124737,3.593771364276101,3.7625643642432665,3.724609740968408,3.723734341404652,3.7374927778504556,3.8773487543997196,3.554851409559685,3.8596141319125747,3.621914951444239,3.7906801379777844,3.655452299485551,3.504951311011877,3.9081944329396396,4.003477566383189,3.7824948981510578,3.5663946882836033,3.7403903163089782,3.8704733700124483,3.822566479982492,3.6769429483319764,3.493856764701902,3.6159970680844804,3.651083058264441,3.5613946760295008
4.070099164797598,4.159136019738242,4.16325849986178,4.175477348452376,3.716935170874017,3.952238833182132,4.251301870471003,3.8796990558472713,3.8158074638327366,3.89607620608607,3.778563541599494,3.452612326040166,1.77058690578831,3.907038162534824,4.038944135571093,4.1016662114810565,3.604092674059477,4.031308142803039,3.9271171755476173,3.947478226376238,3.8117937965788555,3.9212490305023846,3.8914044275109134,3.6758514927391808,3.531029799867395,3.680677799820166,3.7883197332482657,3.5242651129129925,3.673144005243928,3.7726326360202473,3.916684998417861,3.829022561691391,3.8079618029457563,4.246519297435559,3.599772352391937,3.7178022953560816,3.926898129867137,3.8421668823909845,3.57513028613846,3.752784603012502,3.8607390405915156,3.6355583609994255,3.9289290052259327,3.7226041693008196,3.868223641669573,3.7335617767909555,4.003792583471739,3.901178609239493,3.955849433960887,3.8114405538455585,3.735028788922976,3.9105382978928143,3.9413792777163588,3.758863628721835,3.916470566273529,3.883933298647841,3.944996733611078,3.7805690303139707,3.831512227917124,3.786106970229113,3.503126825312431,2.6826092328897593,3.2097884969968673,3.6795038876845836,4.229983287030976,4.002236933415358,3.951479474050039,3.8730527239154604,3.836705625659082,3.87168020063702,4.036392540781361,3.887160753970714,3.894027977918372,3.7898372963005325,3.920017001217447,3.5577358966919967,3.9282074509750142,3.7285030605805334,3.7185780498022862,3.60398598562703,3.807065526176673,3.931474864627736,3.8600109970786405,3.5139862343311368,3.5647362770422637,3.605463321313925,3.9984515486000825,3.5970221785080327,3.9067385420965812,3.8479441139925035,3.9331192808720212,4.042861700191863,3.589693363364664,3.6373093220305517,3.79939012458118,3.72388103196188,3.6131116691209706,3.826852592839958,3.9992676811996293,3.980219212511332
4.254383535369834,3.905801731366281,4.3934586888141824,4.09581548324121,4.199376527099062,4.48590748095204,3.6938204461686728,4.168392883102667,4.126507407622569,3.8861260195763085,4.174265465162596,3.902624346465911,3.907038162534824,1.5577725838390537,3.980498530831106,4.042975436153652,4.178714095075827,4.233016927371461,4.199935406458632,4.131948218693129,3.757335192181992,4.163243084724033,4.057601522760804,4.158864058255685,3.912479364587279,4.333796612855623,3.8301945480826456,4.160624793406238,3.7627226392538278,4.089023263018904,4.435567794506821,3.9728739700064852,4.174111442240865,4.354120010724697,4.0805986477609535,4.028260839070743,3.9462967856589968,4.180030939873221,4.2032706164209355,4.22215672219138,4.238082318956927,4.104347424859674,4.42061110424588,4.287821440437726,4.485653183946338,4.3840825605551945,4.215686703846398,4.347700713438507,4.36022426228371,4.129851078997992,3.9350215250723726,4.257651285687728,3.9846873349102,4.204822188585785,4.238154955533351,4.152931326131938,4.174131586545492,4.028080706107365,4.356002917623909,4.2885201530314125,4.3878806356057245,4.383070091533062,4.142246615174731,3.856723141420522,3.978400317882004,4.069629947845317,4.323520744087852,3.486900703477918,4.128919720550852,4.220216626671761,4.387501985981429,4.087037738815806,4.020695031457646,4.313997771351337,4.198589896252719,4.197708640501586,3.6951762789173856,3.8857319986942134,4.279774535563224,4.0468585098757295,4.187890117291713,3.987476678935469,4.424179035919034,4.044479289479079,4.314983470582888,4.14812320087028,4.00527210578851,3.919464389216977,4.349534681953921,4.385011932811234,4.302533739265913,4.0181584061668065,4.347677227762745,3.8138967276184297,4.261427380479518,4.219788488772559,4.229858525631938,4.2061480793754304,4.097715801586228,4.209002006060346
4.15545923052688,3.942037793501662,4.270668046396164,4.254295257922564,3.9778889797566994,4.281883473790901,4.008057870746357,4.182637467271068,3.9059994697145877,3.3781151094210045,3.794082889317173,3.5253477819394092,4.038944135571093,3.980498530831106,1.8523396504199197,4.288153311490048,3.9712823805608144,3.8670632787775436,4.158617098715587,4.1166917504131115,4.011085212636579,4.002343187676265,4.154500084972821,3.9004297997707473,4.43329692107808,3.766242998372729,3.973643729999761,4.006335527807027,4.012488954615007,3.8393838112177723,4.288659355419902,3.863932745835981,3.8632179892221497,3.814738457426199,4.156318365283447,3.8989322183008723,4.1196679014884,3.91509673348007,3.946667725199582,3.988225770731435,4.245042441086681,4.475385150324215,4.132648551747854,3.756942185124163,3.7892907845964614,4.065497520586991,4.179614836945078,4.027390830854973,4.218445137676683,4.202593662666854,4.118483921322729,3.9725170543510693,4.031338516068345,4.048568311136814,4.236322735986824,4.4255129989873385,3.775259739618049,4.3236122018878556,3.8869638956280275,3.6781985437451024,4.021619104316014,4.38331545255169,4.429358049685649,3.5897008492608005,4.058209292128868,3.01303179461479,4.3557828494232895,4.115078586676935,3.8603136553766535,3.71442069027308,4.18532945895515,4.336858985072838,4.268752230383739,4.180134603293006,3.7297655607834335,4.2405046839109835,4.025239471811631,4.098630854289767,4.008418125626487,4.083427146745171,4.211175337017041,4.052885934346412,3.770971586585362,4.097863081598698,4.292004549889314,4.238252557943297,4.040572374271986,4.114641296937205,4.124827373835441,4.089447078959398,4.137616317742098,3.471023452545911,3.812634054913548,4.161104378936589,4.155050144038253,3.947195508241882,3.9487264222232836,3.960292843937466,4.1186912104044024,4.1723849155717
3.8508411501591393,3.3977381478683393,4.115964863085112,3.9795584600057885,4.064880023416052,3.8871548774569544,3.692610668873447,4.018987544889121,3.9994313579668845,3.7361346958088673,3.728056202810333,3.9464087128484997,4.1016662114810565,4.042975436153652,4.288153311490048,1.759544159285976,4.177415921506434,3.240611161226373,4.068390023143905,3.914861119204157,3.775015692167115,3.498489961569858,3.844664632349741,4.014598934972449,4.246998511379259,4.225973116024409,3.7875986621714355,4.128535475977508,3.942674735336609,3.885057407915425,4.050207490274444,3.9450051401782686,3.826790444266576,3.4833620072131817,3.7720427685549116,3.7393027481142607,3.748411934795005,3.6984851585628133,3.9109839351274784,3.9947579686688686,3.719909725530247,4.1949220599588966,4.042680060935483,4.016203218725327,3.643679847749404,3.952668889467018,3.974194489781616,3.8567403545232253,4.009479842964642,3.7223613390487977,3.9053025988252137,4.0647257578666345,3.1451483065440216,3.8677850895705954,3.937605687674236,4.200100874472664,3.635527402177758,4.141908336461123,4.030429110652951,3.9011150122151834,4.082748339666289,3.931007264717456,3.8674297110271922,4.187242497781024,3.883153514440196,4.121487414786629,4.002495122372745,4.029781068389481,3.399061027997056,3.421283989715622,3.981561896839765,4.023296695667791,4.134851198646247,3.874035764743377,4.0896327352226285,4.050458809607848,4.141234953521499,4.2392494727511965,3.9201131067797657,3.8752826778319687,4.02264400101438,4.222339437263183,3.8634863925632397,4.093776757182582,3.8070239480268513,4.149240576170985,3.777740106451305,4.010006063017389,4.286095884352624,4.099825680866926,3.772490484658634,3.697110179396178,3.6483222448848562,4.071941328110379,4.0435119832203466,3.816183572975445,3.7332593541343475,3.8014346117066182,4.1401588785765036,3.7276717233587697
4.046944783721508,4.035034295841978,4.216087970756974,4.040343668872326,4.0550582354101286,4.404574871818482,3.824062822915134,3.8679222145081518,3.741313204535094,3.9777345114196754,3.9549806722572685,3.8593218826124467,3.604092674059477,4.178714095075827,3.9712823805608144,4.177415921506434,1.700217404045823,3.9873350293493193,2.9674556268824452,4.223120869793498,3.7045609382962152,3.602075070208376,3.961177473854733,3.6761892771583193,4.178021967122164,4.067686683144308,3.738623048084544,3.551501487267839,3.954286466525898,3.908859733203701,4.203454624465726,3.8934135773726357,4.288312189489961,4.106283383362206,3.6757324802168028,4.163755242558662,4.010197791215109,4.481603182310043,4.15544330653988,4.019508760920021,4.222047754136398,3.9511091916853083,4.121085959232563,4.324498124477565,4.359213250356259,4.297457152735394,4.231764940501524,4.004543626362072,3.8550671737251,4.217976949772901,4.090128347227038,3.8622949572526206,3.782412405963072,3.945002080725909,4.0545178924196845,4.109062323704231,3.9363420883698463,3.8841381360645,4.0294470891228045,4.230098303689207,4.133526861707705,4.074138601094758,4.414195757151264,3.7810040557888174,4.09788540493942,4.088017892262405,4.108188160020164,4.019778312522328,3.7687370511117892,3.8770887957884623,3.773266126270807,3.93192065053664,3.9836935819161035,3.9546711714775933,3.7288821120411058,4.087548531378558,3.858864681170475,4.167050438916984,4.3464009398229235,3.9874167506469793,3.92546970583404,4.215922011813,4.098198253494392,4.05535993926633,4.082826647225383,4.2213561058486535,4.205525896718598,3.8828252616509142,4.246568955091133,4.214665525632165,4.297064490648334,4.133764921314689,4.193069057553872,4.19062264483766,3.9028635913411778,4.447262894248752,3.969598681154988,4.005612504661439,3.8755200836593917,4.152771470592071
3.8861048829962312,3.307680550855191,4.094281942659731,3.6210853199760686,3.672966260644477,3.8600953033221184,3.8414826989644006,3.1376595941370375,3.803541406343855,3.725805566623135,3.623830887525945,3.9619491527323065,4.031308142803039,4.233016927371461,3.8670632787775436,3.240611161226373,3.9873350293493193,1.7046628621509592,3.700144506151182,3.405153978277141,3.2654172583169125,3.360474131107357,3.4009265963654567,3.355655905310444,3.7779997120189934,3.784539270374079,3.5065580232757108,3.855314624212973,3.622793297365488,3.5790476645433325,3.949929293422847,3.6874445781608296,3.573101264404404,2.834896754382303,3.4610508239666746,3.4583938465348263,3.657395340167205,3.394982129430054,3.5483380291731956,3.8012168147553482,3.5443928157869475,3.9955461823441363,3.7485663777482876,3.437341699155752,3.2700703226343872,3.5612488136469955,3.7738945964494386,3.695510108369319,3.6874026054042637,3.310857640988469,3.7981783835546805,3.7204611630572444,2.886349064178412,3.5496990535100124,3.555562959649104,3.856331018669433,2.8023760040224204,3.776140563651967,3.5323981348688642,3.757866258395728,3.829069627157783,3.5974426884192194,3.70359953920929,3.7817034377141803,3.718138756763028,3.978235151290343,3.680421270852399,3.7496409393176404,2.837052150397861,2.374170163982271,3.559933253751524,3.6391072786162026,3.436850651145033,3.74299292286902,3.7336671550313087,3.704224380002168,3.5901539860590086,3.5098359494240667,3.7543542742072242,3.60202662270069,3.142235427863633,4.078272705763955,3.6763674064971,3.931974863439977,3.399520379414261,3.9336134322759606,3.593412144232185,3.5610578301897196,3.742505417532573,3.5461923729092475,3.7109279444977465,3.6169175683087564,3.5142620478030357,3.8761228750944863,3.720979079805159,3.3358991798874897,3.7375008918784647,3.6122367826467303,3.586431394657616,3.373331275126278
3.9669840186419463,3.657021538087831,4.356254239102109,3.8844210754916397,4.054464568548276,4.189616977749219,3.522545535110156,4.0835153915047115,3.9417288982359806,3.6134528004420976,4.066485894197592,3.588058812258615,3.9271171755476173,4.199935406458632,4.158617098715587,4.068390023143905,2.9674556268824452,3.700144506151182,1.6085190784820589,4.324613452033153,3.0635215503263886,3.593380114700916,3.9373056201147083,3.2796891229574543,4.046563036275203,3.964050160322358,4.054548031997705,3.7489971865904557,3.8672969206789745,4.008006461417709,4.4807741430909545,3.9257700381484164,4.125715166643187,3.9399562701655286,3.753486503071357,3.90841773186743,3.9625383236088156,4.568777115277536,3.8157621397360577,4.120780848102409,3.849845123080687,4.102336642883583,4.039542262795849,4.369553368006254,4.111578811034557,3.950452314423011,3.9146286104692276,3.9090599720124244,4.106211546178727,4.175232235866288,4.164834881269018,4.062147156298236,3.8012331566267985,3.9654217402846395,4.306673236020384,4.3066663336315845,3.770613440208319,4.278331603568411,4.112374753484094,4.022953121824686,3.7872605245086035,3.9552662653363346,4.149310642962422,3.9296512786497853,3.938439228199781,4.043543999846002,4.136508191567598,3.866873608054275,3.4881817234756576,3.8331930614727865,3.415083601019593,3.714907262216295,3.736325211585679,3.9707968453652263,3.6618718796692917,4.0147405096068205,4.077704055404332,4.0198697643915855,4.325019552871273,3.945390613024854,3.826230210073965,4.159209305699848,4.167278986329399,4.276059578758798,4.038886827663403,4.210570271341084,4.110255811066703,3.9404068018592393,4.198480094561292,4.005770770518362,4.507883409995061,4.087513586660871,4.0734687982144395,3.836815930719533,4.160139504636886,4.489303722754489,4.2010192364109065,3.8043658254887434,4.075858787777206,4.283672390930567
4.194580213138216,3.6394806912425057,4.415757222466064,4.162303254983624,3.934185095601691,4.351682541536136,4.241977652730191,4.144637296920448,4.135724956404606,3.8482765702258237,3.865572803550765,3.831863484596362,3.947478226376238,4.131948218693129,4.1166917504131115,3.914861119204157,4.223120869793498,3.405153978277141,4.324613452033153,1.5615250298770385,3.5916281917878616,4.2131736386866105,3.7004249283158654,3.8514230567143475,3.965631930799963,3.909344468340014,3.728642168324745,3.771020009684935,3.894570904057048,3.5980269596867935,4.122901569916448,4.047957651345866,3.7714673199828894,3.849875432803717,3.7500111047948272,3.9619006583238496,3.9010602036035658,3.855813310527607,3.8169774601043183,3.963480774333329,3.8678159549254976,3.9774404384328816,3.7922003985858117,3.933388892987051,3.824020087808691,3.6547173682561285,3.7303806208231527,3.9396475779849154,3.8292268487893555,3.8362510230365174,3.6570919121105003,4.05204943077219,4.021679387716072,4.179673782611035,3.6783487920746505,4.057856285935722,4.129490709377399,4.114062720038479,4.197541187409549,4.061006850538617,4.07397227690617,4.266238884561523,4.017460675709395,3.4913622819724304,4.197935246475088,3.8912996193708396,3.76933592531683,3.621728805969224,3.9026139049252544,4.026528031956573,3.987599816813328,4.162340883700574,3.7415857091950064,3.9116482461194177,3.9248759887521656,3.9619611750902175,3.872335054589002,3.992602269871889,4.055189005195582,3.865724135521584,3.9026735943026853,3.890230775220923,3.7671566118364357,3.9095613034142187,4.1115908507342,3.8801237616485293,4.219250963680542,3.973753009924029,3.5427197795853527,3.5958412427358284,3.801752109150758,4.117290390794257,4.040635591318231,3.920631505463187,4.067691973820927,3.9614317070831846,3.8677341551914806,3.6214666753974365,3.4732378685622507,3.8669926967366615
4.086052302974269,3.145590084992105,4.345217473723476,3.712874321888122,4.098913025640995,3.962485671987891,3.6889234721931135,3.7808349967935,3.846884328315626,3.5518430094875924,3.745194101792108,3.421126278950043,3.8117937965788555,3.757335192181992,4.011085212636579,3.775015692167115,3.7045609382962152,3.2654172583169125,3.0635215503263886,3.5916281917878616,1.6793350533347717,3.2751188229979653,3.7646977385859253,3.4116514774281064,3.6827523421710042,4.034282315494604,3.347045543995956,3.54927534481413,3.8335457194553046,3.906759637334738,3.956281704851458,3.864997670234011,3.798855829895484,3.6691787805917873,3.553073223923332,3.1373557835159436,3.635449520718817,3.761314834317492,3.684983419535797,3.8416321655846444,3.381061923861228,3.9717149064826764,3.838577624930903,3.829822995372747,3.3758504242054963,3.5650658534973356,3.683921215314085,3.7480376642073256,3.746673573369528,3.6475408158200824,3.5735551800932885,3.662114404014569,3.165886323796245,3.9821446962180875,3.919826406240857,3.862090505992639,3.2904279145831183,3.8739469409564733,3.7843334010472915,3.8319144855132645,4.043919082708749,3.7355327340091344,3.6218594800285606,3.560522139956978,3.695935667094278,3.605420692769721,3.963533704419928,3.4781132469108442,3.058281590988046,3.2961387101945565,3.1620273368945524,3.414384265028847,3.4813197086948353,3.737391546580444,3.5624817584287376,3.94883820000756,3.6695157601837254,3.648004448698069,3.8530761605561246,3.9087450815743705,2.983721135171623,4.029694131630494,3.821381104952347,3.839639315051115,3.6464502227853006,3.8934958564111466,3.8402540324479846,3.672964523215042,3.6775904972272393,3.534111073135479,3.6582317502582935,3.759135748159108,3.5408070756982513,3.4800321842321558,3.9045736259131396,3.793346401421193,3.7761878942933986,3.797021970852487,3.7205125771466236,3.68534152189479
