0,1,2,3,4,5,6,7,8,9,10,11,12,13,14,15,16,17,18,19,20,21,22,23,24,25,26,27,28,29,30,31,32,33,34,35,36,37,38,39,40,41,42,43,44,45,46,47,48,49,50,51,52,53,54,55,56,57,58,59,60,61,62,63,64,65,66,67,68,69,70,71,72,73,74,75,76,77,78,79,80,81,82,83,84,85,86,87,88,89,90,91,92,93,94,95,96,97,98,99
1.7715880962320014,3.335537577677595,3.0729528755443276,3.716041004304469,3.665999709887523,2.6515813689933645,3.3998310864215977,3.4945347704676433,3.3901317076022566,3.5391480711658936,3.818034301638279,3.7397656466056914,3.5195427193605924,3.7263829551233694,3.5312535955365685,3.2131216340955624,3.8868036468908542,3.4705304721074857,3.527916068877722,2.9044091132442063,3.475164328024788,3.40597486478869,3.2990226990085567,3.518275560508038,3.2442942372264976,3.5111152786868125,3.426572963355866,3.547465549587035,3.452903096168876,3.1422714037653097,3.4011143701649926,3.273725030977466,3.310102369508513,3.515712662603421,3.4997691578998853,3.8986424315769255,3.3767524229123693,3.421299861307086,3.2493109207016406,3.3090837486593356,3.532622611429971,3.8346689013924737,3.3933456273119544,3.7680861476327725,3.5687081516900916,3.49983832190959,3.3397560789068437,3.4653557214526702,2.6365644056801987,3.132245431235521,3.2662521615629876,3.487007548189196,3.317639890593352,3.4013996519878775,3.3357651748794965,2.9182385912577535,3.1517285678718294,3.8865418662962554,3.8029142774198,3.693702967678108,3.724968880825786,3.515193478334726,3.5287782463552286,3.503521080719675,3.437377458433119,3.5344383437693887,3.279347139991263,3.809929743062617,3.7251962969839743,3.5943217556396556,3.3051556667438198,3.574291084484427,3.557710864531357,3.872601041179122,3.424699249880183,3.747475457327796,3.2835728414276426,3.456788012809603,3.4361324773198105,3.434508146680142,3.4192037497811896,3.7715649944158964,3.4453018622551697,3.6412474906160552,3.761369008593055,3.5733797784785857,3.6146486472653336,3.8771702789895333,4.194343006126932,3.5447509325770876,3.118134848514161,3.123759444856022,3.7629163542136337,3.3248191039788235,3.2689753862200304,3.5076743601977407,3.846045053102698,3.680914811161504,3.1075025458216956,3.4474813781021365
3.335537577677595,1.5946121578562036,3.3438427742742163,3.4179873815540676,2.4633475492176684,3.0510177235238323,3.727854498495474,3.318028749434101,3.267739232471956,3.556528355825761,3.8426044798686596,3.7678213933463485,3.2406590484966813,3.8698784638341275,3.7150091807008434,2.2756180130388035,4.1166522338673,3.019890989434226,4.013019951975496,2.9593453800472904,4.045796271603945,3.035855375332553,3.468733533105414,3.3183872307703113,3.745445016296591,3.4840966493659202,3.378738665295463,3.181630088657809,3.5194431064298395,3.0429421114816813,2.6781388035410503,3.173371077897884,3.2451537563806996,2.8194217837856526,3.2077555910617153,3.4451181846929053,2.937157374354534,3.3948590990083014,2.486595846005073,2.685903116739953,2.646518578599875,3.042566233752957,2.666160423990404,3.5787415500934046,2.8727745773283386,2.805396327151144,3.431866060889879,3.1368826766020788,2.7459168724823217,2.8777142313650983,3.4438834972826218,2.998503535264754,3.5794099734407383,2.613920052488443,2.7113572870781977,3.5337839924304935,3.1350179344337947,3.2004091383472932,3.5032439307917853,3.8168307855471277,4.066051082491483,3.215786277798707,3.872173414306389,3.8752219643246595,3.582395375726655,3.4486035308265537,3.290697696064663,3.9084580301353835,3.862621828749248,3.2943199098114877,3.5691123011721944,3.4420141533047035,3.5455518926124467,3.5237347865751665,3.935835564076007,3.8452749880903547,3.7551379753156238,3.743401857762744,2.790165540968422,3.150501076980764,3.256150927954641,3.1143901240481577,2.7924205750578337,3.102874308923765,3.470747711743641,3.1500464681064764,3.3790162865691133,3.4697069880220033,3.4701088502804964,3.0878264806461653,3.192898265644204,3.3006452035429095,3.7348618648169514,3.1215085829205065,3.639203275078861,3.419878935502965,3.583182837929393,3.5315658833777945,3.183663838743223,2.9824243724263173
3.0729528755443276,3.3438427742742163,1.71580281949995,3.5544610147421793,3.6554933328596086,2.8008390057972194,3.044062955732954,3.492100139271579,3.061813943426539,3.6534360958390453,4.049648381418902,3.7483482788116174,3.4818378992123926,3.7853483698410644,3.377138053044369,3.362634510627254,3.744629824006056,3.3349724713180064,3.5599026176830404,2.982206035652214,3.356308896880596,3.7876133952513373,4.011568265293561,3.4052702467611504,3.135023268894937,3.8562387701336203,3.4645365597105524,3.6284933219374627,3.588506048165453,3.3547039284556464,3.8665003228355554,3.3608884409175936,3.3569678823832168,4.00645069336022,3.512819130537209,3.8579219565612113,3.489745881303375,3.224657809498331,3.7635713762706082,3.4872273047147218,3.8489966103759623,4.0468241291865725,3.6970553462455222,3.4239638498916003,3.5954468877799663,3.3548507297659094,3.8444621440728968,3.7837829424418192,3.010860272872626,3.316014304306781,3.6900236141803533,2.9227463767202084,3.0357598282995224,3.548192271686291,3.230926130465315,2.2988598882626547,2.866047599959746,3.691387823258432,3.4059396006509286,3.492946570084059,3.217107515606055,3.647395892648469,3.6140163380091317,3.8834579012160604,3.7253670899418063,3.4420814902178534,3.0907673744682316,3.883769887562752,3.575682993717117,3.2084994629641974,3.2639189487542284,3.661468031964837,4.241006991855625,3.328562862029979,3.668517897278821,3.8866860418256195,3.3086669470390766,3.6578808116309753,3.6627455814555345,3.5487156898548875,3.033575658624787,3.817908805612518,3.60628998205546,3.481186653291601,3.9002765333235456,3.6599973636832592,3.6054047772921782,3.9557613404497696,3.5996825491611912,4.026553872658417,3.542127429868995,3.638419015112381,3.71056657787202,3.844331141195599,3.5114813939912692,3.7149612116130766,3.8597954897265168,3.5705082076065375,3.283970292865786,3.617292491323221
3.716041004304469,3.4179873815540676,3.5544610147421793,1.7007351156919346,2.7621495491269767,3.1920187441464893,3.079758951443633,2.915544467935009,3.394612102982947,2.9847012852721844,3.2955948038724077,3.287854184480862,3.2558755791275695,3.0155639517733017,2.962980886109862,3.06280040994416,3.3243494612838305,3.3468374135095362,3.168413287976535,3.031612821322271,3.0210866110487418,3.159633733882511,3.3911969467505005,3.175865701789175,2.9674243214569973,3.302921974977003,3.4656051138668147,3.3418465311162855,3.527811438575589,3.315192824693768,3.02804193505184,3.1649875593599575,3.095358554082737,2.9287158921392424,3.0280180252159385,3.411937802723848,3.136841074933404,3.1148422616067273,3.0484645714551606,3.1289730174567536,2.919687280459111,3.0693634737379427,2.9513859541809144,3.6600743000378535,2.7802790032892517,3.193311985478834,3.3401681412222146,3.157350105475986,2.832632586967469,2.8774269557099585,3.3752504725836383,3.1625654779029295,3.098615772005022,2.8961090821175546,3.501383580156912,3.4225243599711628,3.071534749650965,3.4122793004016656,3.2137454245651624,3.01141821833963,2.979750459970806,3.262148567987335,3.0399448114538354,3.1461295083696297,3.220333278509143,2.925130992881281,3.3419775046389195,3.3654503718152755,3.2290916308283877,3.4396360800054553,3.142024637929301,3.6097482944638117,3.4781212911632173,3.4766827833434353,3.213316465660749,3.4663902260988944,3.2527278467069216,3.6203701009041245,3.0518890086681503,3.4936679660388053,3.1004380959704516,3.1516235660274092,2.9833506290331755,3.282142898666733,3.1428965905925366,3.007520629644529,3.4149697502670264,3.279816438609432,3.3713546118284925,3.3420493137467746,3.2249374632540926,3.428828061251582,3.3358115787720086,3.1691919786720097,3.4624577473875733,3.0741808462056963,3.1647383298259912,3.199021887607963,3.0402404522709285,3.065352830531159
3.665999709887523,2.4633475492176684,3.6554933328596086,2.7621495491269767,1.653231171018536,3.198517617067154,3.4572584551981693,3.4941114030047387,3.4529524603250477,3.224010386850737,3.2893238503706477,3.6638840692509906,3.406995580941228,3.025199096458486,3.0264024615651532,2.7310127864101994,3.4774390382225158,3.1736955247427034,3.1871165423557266,2.853631779293128,3.2610193963943668,3.2643767553007943,3.2248755318200693,3.4367457054025032,3.3853841902960378,3.547662730122278,3.5803201053803577,3.1610524965141353,3.240543424795157,2.8826545626352953,2.8913986854230984,2.8861113069220985,3.4662518373290356,2.928807839257599,3.3270181286966993,3.4224820685935233,3.3102904103576356,3.4368413468163808,2.943325032306157,2.795245584718498,2.917423914278065,3.150087881612562,2.9923557488753625,3.694634765336328,2.873831105366547,3.0209256521499537,3.5432347729457634,3.380644363557814,2.997472076110537,2.9971779078792635,3.4789202394231995,3.425348488759638,3.2134930659956487,2.4298417954982345,3.0375056285013153,3.4267667867871054,3.094873034753314,3.369856309390854,3.4436377753757035,3.1925460727739208,3.4180530071297452,3.495194197754777,3.5203135548466107,3.079951859495419,2.8406708744608125,2.8461171323750922,3.0059088124655178,3.1433173732719286,3.6441883701941267,3.2865752993839683,3.0656324639887846,3.38704935408082,3.573560171868244,3.6252566898010112,3.559211295064147,3.89750794260505,3.301937690999373,3.6213785209205107,3.0536825587146996,3.1725895496207577,3.5078708619786787,3.1882921775763817,3.0162460050841293,3.0433981573218554,3.291431529757417,3.252542971562512,3.4037591294033502,3.6644884842812684,3.7723630519145432,3.318239486993946,3.2098470220535393,3.2512284869066868,3.739958071786273,3.1950376964192944,3.2895650418852784,3.6545263403263353,3.3995617946041983,3.4906334162390995,3.0421505654528005,3.1696285639703614
2.6515813689933645,3.0510177235238323,2.8008390057972194,3.1920187441464893,3.198517617067154,1.7024951971182263,2.718817586597185,3.306658605202505,3.0647770279685247,3.273476769616324,3.680151284744524,3.446287711054295,3.3423106307278467,3.3570797474321643,3.028175049995817,2.7374275645911568,3.706403074494204,3.1631233253160485,3.4452692517342696,2.458528258981564,3.4657581001216764,3.2616254683960695,3.5567954815685128,3.187608287151347,2.8357548165353785,3.316544430818284,3.196649343745413,3.2232212230386463,3.225160362030815,3.099255612462838,3.2415533644064762,2.548625966725804,3.087009787251253,3.0893178973445417,3.322805067352712,3.4343541832336153,3.3972294785122314,3.274851596642881,3.4103065140968134,3.3580008339835734,3.103695884431662,3.762387749737976,3.3691266021474084,3.591506576822634,3.512427860225133,2.9563463993760792,3.0438217536524315,3.244579902922958,2.399595740322146,2.7254252064953537,3.414527915257867,3.188386478004841,3.211358495142491,3.3343860566624435,2.76753587037079,2.371068487779852,3.1954993596810066,3.634757587943963,3.276126352031274,3.440183753057644,3.4819608994128948,3.3729905460126424,3.1711701016162452,3.234524838892713,3.1955117965059667,3.2167994753788864,3.061923302870149,3.387334084330724,3.323892880143757,3.4911210112896613,3.0960356508420577,3.5510577876636304,3.6689577771972055,3.4791716810967883,3.1475612402301905,3.3009601677060516,2.9051244914073067,3.1464763762197814,3.2197741023812516,2.8042216368042108,3.4052512801881973,3.6398881303621162,3.6482521141756155,3.515070551532276,3.2922530723735917,3.6072741833878155,3.479674827412912,3.5699099864373487,3.5477676155302587,3.9531618697461783,3.0730819526371476,3.426661301728822,3.7661470769067815,3.018852632888534,3.498108223284883,3.4384385650610936,3.429640979467688,3.2695343280666624,2.745550726887612,3.154342762202605
3.3998310864215977,3.727854498495474,3.044062955732954,3.079758951443633,3.4572584551981693,2.718817586597185,1.6652025336805631,2.674827402695209,3.049640873009513,2.9785349159798833,3.6007479586146665,3.626600394204464,3.725061647136841,3.2148898118349227,3.0954645336936046,2.9382764339666902,3.6459590948458303,2.959777728034947,3.4157046924736725,2.9414473280691,3.0601842302780655,3.341154456336037,3.444630419599918,3.4674636820594276,2.7121771633287786,3.8712070024434135,3.959698851609388,3.6933572853678904,3.1597483900614556,3.5098278482274283,3.3492738361557315,3.2560599336831983,3.417600220838674,3.3621013185397643,3.482056741448538,3.712132358420912,3.8978849502807784,3.185585770464774,3.2088419611570185,3.0403645592130424,2.923120494745892,3.7093361979094777,3.469803334104421,3.7545453473786297,3.5299367287455223,3.6353810171608343,3.386200887753663,3.5941717826018875,3.38852017591604,3.3692485499311053,3.6782905721344443,3.0813029908833953,3.1588019339999045,3.5736026526192397,3.3206422713248114,3.492455120521414,3.426462614241462,3.5002117838922513,3.6204011834081844,3.2237563664610653,3.5079525370890785,3.802281621130681,3.110141155610803,3.362199303791099,3.440563430009994,3.4378904767494416,2.9739752000189412,3.5074976738060113,3.8467137063665837,3.1743362222160747,3.1434448154704135,3.6018501240351797,3.350715369570447,3.526576795890979,3.407525602374847,3.4968259841756835,2.9629563600406246,3.477763391585552,3.054422657972566,3.8538878979316675,3.393566901318114,3.6154150485563528,3.673211308655477,3.6127406271321214,3.5637672101219704,3.4283112722432536,3.949994213183161,3.7139621106671243,3.4998934228023377,3.7879191975096473,3.5540309956524547,3.471708951303894,4.248919087141915,3.5880140168044314,3.666613329947135,3.590117363460337,3.713962554884347,3.5740982774405334,3.2209907407175615,3.4336796277861197
3.4945347704676433,3.318028749434101,3.492100139271579,2.915544467935009,3.4941114030047387,3.306658605202505,2.674827402695209,1.6656165537837302,2.8382534199614424,3.318286485364152,3.710961842059281,3.56224704158764,3.754292285582722,3.2639116472625354,3.273245819031691,3.1079390192526812,3.551479194461395,3.3688689094356703,3.4186707811073496,3.4534797377740993,3.5598743996133067,3.255621978360808,3.6804997061270797,3.4603310638135887,3.1499600398194847,3.89833638928766,3.8699560135315942,3.423146818286692,3.4573503599943196,3.5151582530161303,3.563889298848369,3.3455882324743826,3.455227185913904,3.2596392952962447,3.360935728961713,3.7168406505689227,3.5146223212647025,3.4955489264828046,3.580547065851325,3.3185801310726193,2.94742173187535,3.65036509254337,3.454935147020924,3.907503465532271,3.4222051063096766,3.5455776778444474,3.3339239388912483,3.36759568545858,3.546373134681636,3.452538538383286,3.461975013277516,3.4469076963250336,3.600069954171092,3.7871773971145797,3.2879101393613865,3.7595400383074584,3.158817186678815,2.9676500731516025,3.595983051863125,3.338529883743024,3.433637961377787,3.750809790684605,3.24755751557184,3.4979165894067137,3.3299094623623895,3.380270349814668,3.509804952627096,3.4900580013648455,3.7989790046308975,3.5237464507173164,3.501945446610966,3.429637591778253,3.795315015100006,3.711786635929394,3.258853422989333,3.5224956608966003,3.2469137428963073,3.5619377406917687,3.2567685029622075,3.4269169223636124,3.823644239524884,3.5012292511889127,3.4796094320380466,3.2839881263227233,3.2627529956282815,3.434436550534608,3.573277812593381,3.6042912222450205,4.104411702107657,3.9068862321602897,3.274223806274029,3.4990800151111485,4.1856911034616004,3.3725303865506713,3.610926594522148,3.439435033511071,3.939980725734734,3.5059117251286276,3.546146080670652,3.759195392939467
3.3901317076022566,3.267739232471956,3.061813943426539,3.394612102982947,3.4529524603250477,3.0647770279685247,3.049640873009513,2.8382534199614424,1.6194986087998957,3.33978705886005,3.693314766519476,3.974626806716433,3.922901096735699,3.715366536515121,3.6807234570215153,2.8865719385854933,4.0150168572891705,3.494047167986755,3.6043254523222883,3.2326648973061567,3.6522076594175426,3.5178163702334846,3.8865711810010133,3.7577110257657513,3.0008715332766824,3.9481486203551794,3.935528171315631,3.9378323914652635,3.7990719161604383,3.82060142107744,3.465270358798479,3.3158119453597115,3.4563886987024572,3.365404602848776,3.4871586876773484,3.26504594702324,3.572204923519688,3.2551600183043776,3.434562400261285,3.276731130619475,3.3735229805806837,3.3805334914370797,3.5103970465273577,3.9863657081141346,3.5977071176541817,3.9161000284079766,3.59423960808876,3.848398372190505,3.183126988129681,3.272058617905097,3.470346674773356,3.381646444366456,3.6195296989322285,3.8463665088581345,3.5878686214656184,3.433792130013945,3.5767335426784914,3.488436227422795,3.90445142571564,3.7683061440668837,3.710678772728117,3.8472880120789195,4.024767735737543,4.015673171225621,3.633039227178395,3.64857085641469,3.388813300228504,3.942047819564984,4.00642228747738,3.669607308011537,3.615579403101325,3.670954819643336,3.696784080299981,3.6915734212138798,3.7359008041451185,3.947271989712449,3.6084561359025957,3.9130930015404237,3.392350347017587,3.5697510589719266,3.3710897678663185,3.680191155176957,3.4069325561646218,3.6540871910701465,3.58940011409723,3.40745125771781,3.676025741031329,3.992028757365307,3.546075543378775,3.4183635580484,3.5611151187403283,3.6190605255680794,4.008505607172064,3.715253194739011,3.735483069928496,3.397334828372808,3.952741928893317,3.799272072937474,3.478414543292315,3.5516902099063983
3.5391480711658936,3.556528355825761,3.6534360958390453,2.9847012852721844,3.224010386850737,3.273476769616324,2.9785349159798833,3.318286485364152,3.33978705886005,1.8100288398652338,3.209442583213467,2.885392899491892,3.1721505208970577,3.4410052994722515,3.200048204419148,3.0397922444913155,3.482434456804125,3.3836760143673836,3.5848330961488304,3.117564773510562,3.1613821924490613,3.1712222625602937,3.25372135726319,3.3814785230226616,2.539840068680444,3.374189729565683,3.3022171661958604,3.140261793509541,2.7160716077222853,2.9322759010071926,3.2466940553851384,2.854138945238056,3.486213934352575,3.5494250733826305,3.414178289268382,3.879744131505287,3.3706920609835995,3.2413128014245496,2.986178293870993,2.8924151463630725,3.13098278693438,3.5768034040367387,3.4096511376252474,3.7823525117326566,3.3571941490399584,3.2146605052310204,3.1729754226206115,3.413476279425974,3.2885943703466913,3.283021540309607,3.3525164937750076,3.325352168791948,3.3812407616955302,3.482452754911611,3.359141118817408,3.4189182537598684,3.33101289526045,3.604013478318412,3.300983988460801,3.2846148844607055,3.4232265406776006,3.036243638007755,3.099911116585713,3.3175718429879772,3.4700550873114038,3.51495656111628,3.3958985195397915,3.4827964874830775,3.7001649297078982,3.4218318191570223,3.5119851963558864,3.6996414898957917,3.3932029498909775,3.5690999645820516,3.152829007108581,3.2726572821603725,2.9288234657953667,3.3455103015265815,3.207954329762449,3.00010644676278,3.7568336289257056,3.8106518082322767,3.5703674279362967,3.805927598538927,3.730309937671548,3.661113510815056,3.2649893689353693,3.5246789423158176,3.751295121880415,3.6509281909464746,3.0741783178443556,3.305645349243979,3.54772901698827,3.345029533657482,3.4704783528583496,3.4256488651567274,3.5279551263975875,3.3689329072651253,3.25519804557375,3.445110785933348
3.818034301638279,3.8426044798686596,4.049648381418902,3.2955948038724077,3.2893238503706477,3.680151284744524,3.6007479586146665,3.710961842059281,3.693314766519476,3.209442583213467,1.7259256319202971,2.6998661245578375,3.28760054570094,2.7838657350646088,2.7052698071271544,3.6295972712929836,3.3481704857125627,3.654522206176114,3.3018383286353763,3.3825536531003593,3.27178523271302,3.4075677446938744,3.3394408706630663,3.382230002242387,3.485734504448862,3.5020867232109,3.4415738720472397,3.4718781225160957,2.945886215680395,3.603891306074394,3.8346731467778223,3.3659481714229464,3.5003242667267425,3.3676927320319634,3.4192909121694215,3.9835975833661816,3.7556302261082797,3.58863862376177,3.6965227005711205,3.840129859667058,3.6015555466350127,3.652769367415738,3.630297688653263,3.943928846686259,3.5328782470520634,3.2492917399564507,2.909191038521113,3.269717026567999,3.3184090236665686,3.467785524630261,3.431414239730777,3.8419190611243987,3.6653272193302717,3.4131648950097118,3.4880129013895154,3.8450118654514163,3.7561261205836014,3.816440508027623,2.912528102121499,2.8185695880640775,3.285139534945671,3.165797548086543,3.0988293985685087,2.5330855595325583,2.5153946861326455,2.6594998736470723,3.815669059331832,2.7253590142723283,3.3506019185730196,3.420619037259577,3.3604922976289324,3.5983369708468826,3.4827206768172445,3.917143194164385,3.2901832865690164,3.6370464823095676,3.1336799150355237,3.6943439844664887,3.8058363155320682,3.215453634828029,3.348137031125209,3.5509293566332025,3.6960706271685955,3.491613647126202,3.3723770863955904,3.7262962147410166,3.7257017366707608,3.744688982163183,3.7191952500174557,3.7583067949582842,3.268972352106567,3.054022795305812,3.7969347150463544,3.767033853211958,3.3234886898194853,3.9404541748580906,3.9347762988191355,3.3654345507633536,3.567918354172874,3.8125854547991396
3.7397656466056914,3.7678213933463485,3.7483482788116174,3.287854184480862,3.6638840692509906,3.446287711054295,3.626600394204464,3.56224704158764,3.974626806716433,2.885392899491892,2.6998661245578375,1.8738811471305656,3.638588740490127,3.282371857758438,2.997607000476225,3.8827788538460304,3.4897934602329803,3.7327307055285024,3.548369759230175,3.6514417629756526,3.4387639860602888,3.621535644203176,3.9688346309045572,3.447631291348911,3.43159562328755,3.285240627145501,3.889872480054394,3.570642223204454,3.3047831710088422,3.7125011818432587,4.158137874701414,3.8094478835034957,3.7971733639298364,3.684630433792224,3.57863078915455,3.833183388518208,3.7048093012333965,3.9818339353425163,3.8957052517675335,3.8016231124106046,3.7716422566251966,3.7243491988419164,3.7915595538756595,3.94438455498435,3.7113218469066758,3.7278677926746524,3.4645774718046582,3.5851734821915198,3.5833229186518536,3.8113124659600475,3.6683995183866176,3.7445532102130503,3.7862120605957923,3.8321230745268693,3.6280611561967224,3.660362034054398,3.603671075267483,3.800666663312626,3.265495393658528,2.891028010485565,3.0529021008687915,3.096514571798898,3.0437998916359668,2.984204620432602,2.9386448156273914,3.134569928984485,3.952701516558228,2.762923666617261,3.8314786009245227,3.4571737518804904,3.500692057405146,3.6564773565847157,3.884659616401725,3.6839569460346535,3.1601296815607762,3.2805268918689943,3.4129176773023815,3.481423706966303,3.781463986494161,3.4126617876872714,3.5518260641129196,3.6404492926677174,3.6947812955741703,3.5262374493727844,3.680270875839663,3.8385083201475116,3.8831545607192703,3.8046611827955235,3.823643290605867,3.906456374152905,3.363977591806105,3.5167283320657297,3.6848248640147387,3.5210811215764917,3.413748937372988,3.8007183329946272,3.9751067314868123,3.661708648296434,3.6865969790834465,3.9354552870696153
3.5195427193605924,3.2406590484966813,3.4818378992123926,3.2558755791275695,3.406995580941228,3.3423106307278467,3.725061647136841,3.754292285582722,3.922901096735699,3.1721505208970577,3.28760054570094,3.638588740490127,1.7016125621527098,2.8565056745265025,2.6971091437085106,2.9264345954955306,3.0052397448138506,3.1925457585051613,2.8641406879248574,2.850339032177123,2.758655879507678,2.8711150956382943,3.038829386279059,3.3102469786576303,2.7100956983852664,3.239387066769685,3.12483889176978,2.437718630806835,3.2474707587750737,2.853774006496488,3.0162140646453017,2.7350346551019866,2.683819074433436,2.710869923755377,2.8285361976684253,3.362450201818953,3.082230633716779,2.8270643247547516,2.641703097660219,2.927027873369585,2.929317854550335,3.041120010974137,2.7717490019150213,3.3104304746345905,2.9016040174654103,2.6367580253842884,3.0135615929806607,2.7486038513839026,2.7726980567852686,2.790492999127124,3.0290806616317796,3.374687035505884,3.000941440611771,2.625896615397322,3.165955801445924,3.2180319219829294,3.0004726222536386,3.5391527146790827,2.8112026689541723,2.8327196485153774,2.9433189432821663,2.6446977896494044,3.10315623003829,2.4659327468335137,2.93431249078841,2.851215814419071,3.0329816179523936,2.8308459724764443,3.550428066656451,3.325314833043975,3.0217392807786134,3.3044483198407266,3.4839017815809923,3.4587136209979397,3.204361439398253,3.1432604997768783,3.2537387676955163,3.2337345883673616,2.9437507091251156,2.936820672607712,3.0524441835923026,3.016247454779818,2.989369769967791,3.0910554456140487,3.1448700272376606,3.021030851092236,3.1678613426257387,2.829418592449518,3.300329907971171,3.0155843143715955,2.867216553647535,2.9126105898082546,3.3865563748145315,3.343180564041358,3.2370562273869976,3.1335411300175684,3.207136878498234,3.1105929071301435,3.289982646206076,3.063788332115862
3.7263829551233694,3.8698784638341275,3.7853483698410644,3.0155639517733017,3.025199096458486,3.3570797474321643,3.2148898118349227,3.2639116472625354,3.715366536515121,3.4410052994722515,2.7838657350646088,3.282371857758438,2.8565056745265025,1.5824997690971303,2.299522004051164,3.3299386910943047,3.5473926530192537,3.3604193532886906,2.694104197151218,3.2602059457282833,3.234075418189029,3.2197104064625988,3.4453929031124795,3.237579839232453,3.6643342711694906,3.4037989056260547,3.2289851772465066,3.4844263665022632,3.4982127839948487,3.470378952112346,3.6833149351833336,3.422557655577433,3.2799190607025213,3.1091718696533257,3.587192254029667,3.2897789248598595,3.798833903099779,3.5611697917453715,3.6862355079271225,3.762421273755567,3.532251966975283,3.4205553639781,3.6008981169505447,3.6627662923772615,3.490773558440094,2.9831309329187112,3.0967555915615037,2.9708097636707578,3.2692404345751753,3.4667628256051595,3.6203148121612267,3.678505314586467,3.264723442470946,3.3817629665559656,3.1907214544473708,3.5006131875426205,3.4535066403134964,4.093502772016485,2.8650536001017475,3.1808333049002133,3.3356024742433648,3.5624322514684716,2.9002951825765355,2.456848992940681,2.457103460850925,2.326800138272533,3.5961392223340276,3.2135336637620235,3.060869883387372,3.0378735469507703,2.940653290651983,2.9564378912372256,3.1975897585742508,3.787986821857027,3.1484479509497874,3.3492785970070345,3.0742182422047613,3.4789795129215952,3.7116263643798297,3.1034683707544266,3.3975458442444473,3.3102014372390873,3.6847645160980247,3.2824098346835573,3.1605675047316986,3.7495870911876126,4.0872047954076995,3.527983023705879,3.4359327257758285,3.561567947231964,3.2644002315879703,2.907513186263679,3.79936494881542,3.208767095752536,2.710653861795443,3.709573222035555,3.936383621136396,3.6473405931120806,3.5896735533872866,3.6778537756180505
3.5312535955365685,3.7150091807008434,3.377138053044369,2.962980886109862,3.0264024615651532,3.028175049995817,3.0954645336936046,3.273245819031691,3.6807234570215153,3.200048204419148,2.7052698071271544,2.997607000476225,2.6971091437085106,2.299522004051164,1.693789724766886,2.566858068373506,2.766200949967627,2.6995634366472516,2.5384303080694286,2.3495461070398296,2.2767820036099558,2.4781423488896652,2.52441336600956,2.6422615222981847,2.0791978772322692,2.805232429224133,2.6120754499768033,2.534880115245682,2.7164981967840296,2.400209895683884,2.7304352785954618,2.4000865378254255,2.5381625929113967,2.2944585863011637,2.437570786985989,2.5930299312631675,2.71083563758911,2.6093114921062783,2.5575098199094675,2.742980678772199,2.502906056326823,2.790669621254258,2.472561704792309,2.887780109923522,2.55363722392948,2.339647038285777,2.371505950388273,2.26431161557928,2.2830765696584736,2.3180412221720634,2.8053326043118925,2.860431261578357,2.553511886666423,2.569345254986984,2.6679008626452947,2.69612852346913,2.5393429691497333,2.798108771546471,2.1996196767179192,2.3181748804639546,2.2685101739386084,2.7393730467847406,2.3687115377461256,2.194157719974537,2.1887568369656423,1.9813426403209036,2.57429740172139,2.6484085845013596,2.826642001649962,2.6295210220443432,2.227357853265846,2.7188357858392678,2.494915993823546,2.855139832440548,2.622192656858615,2.645949495089965,2.4363476700262856,2.6221165760325134,2.622865519437315,2.6156953299794314,2.3481094379823224,2.6390474081431385,2.5404869262726364,2.566217558129446,2.5714793686833803,2.661673985463634,2.857258021510556,2.75860019599121,2.894385103563213,2.810483117222244,2.6383373234791017,2.53947807968805,2.824261681583378,2.6402938355075305,2.6227793927499086,2.662964049213908,2.9463094420002753,2.6344263974087836,2.685835000306579,2.658201212446997
3.2131216340955624,2.2756180130388035,3.362634510627254,3.06280040994416,2.7310127864101994,2.7374275645911568,2.9382764339666902,3.1079390192526812,2.8865719385854933,3.0397922444913155,3.6295972712929836,3.8827788538460304,2.9264345954955306,3.3299386910943047,2.566858068373506,1.64954090806729,3.915346834793874,2.74981039770721,3.5605423811940766,2.668755011299493,3.8735596148141336,3.1799354907968214,3.586316135909678,3.4066730829590965,3.4294399888538654,3.5251190988480436,3.64306225548858,3.6179107695975694,3.4757086098985277,3.3470689139136076,3.0010387554761064,2.966385634164181,3.133880504996655,2.6573924438916823,3.3426162261625207,3.17888608003777,3.558082681669057,3.58637217504668,3.0382601181818267,2.76603027094185,2.7680658801391393,3.2296943725542366,3.085290949599779,4.166490778591431,3.3703255800439487,3.3271635915551787,3.2569701342193227,3.0863838086337725,3.1598902847276267,3.0956336127900546,3.294809242982292,2.8472077020426507,3.5031409674653085,3.291071940062899,2.7683851088184848,3.413594500372114,3.17444596727627,3.257339145912103,3.8670095583441846,3.510536744494094,3.7212654859785306,3.570135615165068,3.5643029052188804,3.432537275804566,3.4168563035874584,3.3878703533531462,3.386642722529947,3.503460654121655,3.6146724046833754,3.229472665671357,3.72490081493629,3.4326773340397114,3.6294687170475277,3.3497242575982926,3.490778250064625,3.510110764735066,3.418964006530911,3.5452433629954223,3.0292312884645103,3.122495799692292,3.656771361018704,3.3850454880062326,3.4111042227069053,3.3811163334007155,3.6990998265785504,3.629240908095015,3.87542868319649,3.8765812864798415,3.446590213700445,3.5633381659702263,3.229211324100175,3.1008666897885826,3.8112328438555583,3.314089371335645,3.48835978491829,3.8488779256776158,3.9314242364778176,3.4992267814946865,3.1874236020864393,3.2741384924121784
3.8868036468908542,4.1166522338673,3.744629824006056,3.3243494612838305,3.4774390382225158,3.706403074494204,3.6459590948458303,3.551479194461395,4.0150168572891705,3.482434456804125,3.3481704857125627,3.4897934602329803,3.0052397448138506,3.5473926530192537,2.766200949967627,3.915346834793874,2.0145764369051515,3.5033714777013563,2.9577270504503272,3.1434913504231794,3.103493978597812,3.1313115048015936,3.0263953774207826,3.709498978505021,3.1331505025872586,3.723727698585817,3.527529462116393,3.26793734936384,3.472383084113716,3.153666052312098,3.385399986348263,3.175305984506326,3.489013904142114,3.3886956845853757,3.307073019160463,3.556102743216536,3.589683466205398,3.4973056844943358,3.559443759131842,3.7458722424173505,3.475981598305431,3.683033190032536,3.5219946765943906,3.569870539117152,3.3502282884652947,3.1370922471905978,3.3118741716439803,3.2260005639159806,3.3837973769286975,3.505524397522774,3.6801187739997157,3.7822069653371537,3.3612184768441193,3.32663404137274,3.4978576563739474,3.370972476433459,3.632294545068425,3.6394027264877344,3.239505199077114,3.1914236879545284,3.2028339176850813,3.143047002067625,3.2895353242365792,2.649216947023759,2.8825387146108277,2.8856383450346534,3.2205208826387675,3.0252132397085396,3.5465718913476976,3.4259028385246073,2.9510567833767376,3.5934311477692336,3.3209078021370253,3.7465474012226245,3.401047305102767,3.6084437771712143,3.23124667512768,3.379281618815926,3.5500799786923842,3.574023017255,3.689593978696673,3.5839468325277375,3.463344200142593,3.4409138525827423,3.3520493675617624,3.5281705853433745,3.3616677690188697,3.3604026757513887,3.82251592783307,3.7634000838361494,3.619486196444427,3.605997636660975,3.853298029320363,3.8452852599439646,3.5393458770174377,3.2791687527071245,3.5448853675490652,3.303623037995824,3.587767104313754,3.6740631971132793
3.4705304721074857,3.019890989434226,3.3349724713180064,3.3468374135095362,3.1736955247427034,3.1631233253160485,2.959777728034947,3.3688689094356703,3.494047167986755,3.3836760143673836,3.654522206176114,3.7327307055285024,3.1925457585051613,3.3604193532886906,2.6995634366472516,2.74981039770721,3.5033714777013563,1.6327319456290748,3.429409202268016,2.4981842747745486,3.7412430606888494,3.398987289470924,3.499473393097044,3.623760205100993,3.943519347958836,3.799903971694622,3.7651439062972236,3.625578885542557,3.4921307644258905,3.4658340285317877,3.468791995186708,3.3243000187290743,3.4861178141356866,2.9830364500113014,3.6041000990087992,3.6886623382605177,3.5317486584261863,3.744685355959525,3.2932022163923023,3.2074042107112604,3.0905528153493886,3.4176681570690532,3.3475084649248417,4.162353992046665,3.4741308404120668,3.423123416024136,3.6476941622302164,3.4204746339666148,3.483595743906653,3.687751231041967,3.8589239978003707,2.883935067062822,3.709206549038945,3.435959967603356,2.8291013916026606,3.098483728934578,3.3132778881525224,3.4876474525531322,3.8141695134892504,3.63809323402008,3.8386762649279444,3.691589408310609,3.3817047466263155,3.1777035152483513,3.072402635352384,3.2921724360919833,3.562964704670898,3.4538083264570836,3.7136880682064435,2.345983117203662,3.5337476254971185,3.1671998830957557,3.4259836911853445,3.68099396013422,4.081041643144187,3.7786510091144367,3.5615020984035204,3.7420656946008743,3.4237167435478097,3.904336553166094,3.825164123899351,3.4688609705168107,3.61889981927596,3.345382447685581,3.5607240138406455,3.7118801739801484,3.7681425895243494,3.7150528992614427,3.3289541587296396,3.737658504182556,3.7651609045698358,3.8310317681268473,4.106034975454608,3.5240169014923297,3.456107498377775,4.043457627338411,3.9002635373810457,3.6873855756353664,3.1635186499585197,3.7419249163889603
3.527916068877722,4.013019951975496,3.5599026176830404,3.168413287976535,3.1871165423557266,3.4452692517342696,3.4157046924736725,3.4186707811073496,3.6043254523222883,3.5848330961488304,3.3018383286353763,3.548369759230175,2.8641406879248574,2.694104197151218,2.5384303080694286,3.5605423811940766,2.9577270504503272,3.429409202268016,1.7242894669789335,3.166708394499321,3.078729561237455,3.311065869747153,3.3392582620196363,3.782328910632502,3.572586682271167,3.761391021096945,3.231304426753571,3.5214783940068415,3.9306377726477906,3.3726058394921035,3.6450198118888113,3.137335797876166,3.2859519170861557,3.182064283917821,3.5700819991097883,3.366200691635137,3.9051078621712443,3.409238224223515,3.548130358912053,3.7243328510918654,3.5217771715980684,3.6094810034990465,3.397134127982135,3.7017634423967145,3.4504620809244564,3.0715503896009007,3.393878337208987,2.902852061954797,3.135381590418699,3.282276693515617,3.7756047267166535,3.6079342385999382,3.2414596541903333,3.5755748298120658,3.480869194099696,3.4142097878919184,3.3693704889330953,3.8251432905974734,3.3196488672537785,2.9560323995212676,3.281693143968309,3.3086806923747263,3.072045610352974,2.792670432990301,2.868431888329146,2.8188681997968805,3.2609628437935347,3.0664682251077786,3.9495552040590365,3.7568147035251425,3.0111748061465597,3.1605210923080693,3.9336121460986577,3.7949621206799735,3.1757772916565146,3.5886781538361645,3.342052175059452,3.654747146013499,3.835817390939344,3.008774194748404,3.574375760098859,3.556395087710194,3.7423189003092334,3.613470208949828,3.740004166437846,3.75974289106879,4.138772008132201,3.696020644354628,4.007144284776004,3.6007343590049614,3.254859177993031,2.829941632382434,3.9842441435855283,3.1858171907236486,3.0329683437430304,3.497960427363082,3.6312128550455145,3.482639629340591,3.4962671713634332,3.4990551462098587
2.9044091132442063,2.9593453800472904,2.982206035652214,3.031612821322271,2.853631779293128,2.458528258981564,2.9414473280691,3.4534797377740993,3.2326648973061567,3.117564773510562,3.3825536531003593,3.6514417629756526,2.850339032177123,3.2602059457282833,2.3495461070398296,2.668755011299493,3.1434913504231794,2.4981842747745486,3.166708394499321,1.5729751349644785,3.276282569557547,3.4571797087460383,3.2816014310195873,3.5850968645093926,3.663047404622397,3.8761193095446242,3.3866786457889,3.4789410224314175,3.546908817595926,3.226314976169101,3.3548938495913214,2.6566837550469775,3.3435740187948526,3.15614879811623,3.4099887414282053,3.5534060577297546,3.5695463224357824,3.481181744293129,3.393656766104,3.3835731300381644,3.0939470678366288,3.5646875850975395,3.274607143406332,3.897802251051405,3.4702941540252947,3.1100526155842796,3.3865648635833083,3.428043429120419,2.6309790853981045,2.8065769334389943,3.968218955917053,3.2364248405003533,3.371506895325602,3.2391250951930766,3.267768443654854,3.0617220890484096,3.4735796264784375,3.811282419896064,3.4644042125853582,3.4920070348588483,3.776363475530198,3.3438948105690827,3.45460541921656,3.445508882040733,3.1322900669195275,3.1416711913134527,3.1770191901704337,3.411769192293296,3.615942026096474,2.9250146561168493,3.192308500565511,3.793944700833468,3.731789418949321,3.5111403927101272,3.8019335688689346,3.996729227455058,3.4127176539592825,3.8972372998682068,3.204257654101209,2.996557509958899,3.387337347325845,3.513716173747656,3.577411579691589,3.6427837299485533,3.4958896245498408,3.5727104638012954,3.9371837562003056,4.141234038654344,3.249491616498359,3.7814112433337024,3.28793340096867,3.4219204580868747,4.016855359741534,3.4346081175206367,3.6705943675001196,3.9051916199193206,3.7876005524173912,3.402135024565697,2.738045994756618,3.178436432964793
3.475164328024788,4.045796271603945,3.356308896880596,3.0210866110487418,3.2610193963943668,3.4657581001216764,3.0601842302780655,3.5598743996133067,3.6522076594175426,3.1613821924490613,3.27178523271302,3.4387639860602888,2.758655879507678,3.234075418189029,2.2767820036099558,3.8735596148141336,3.103493978597812,3.7412430606888494,3.078729561237455,3.276282569557547,1.750597817905434,3.386279912786269,3.1673676590815774,3.401749436636297,3.272312415131717,3.6612167534336635,3.24357315046707,3.5295013087028573,2.8637352284991815,3.123079934185906,3.2398917885789906,3.142456567206021,3.235687455090926,3.4266128948880743,3.514243267749991,3.25863322991038,3.4979660214270956,3.029004737474125,3.219965366761237,2.9852320492161293,3.380615881140263,3.5347778652429915,3.4313315806639886,3.6842872142694487,3.1430007293593025,2.8518120434054453,3.5321697112416857,3.157855922028624,2.9987736941586807,3.061727527760194,3.5577332710140652,3.1012848549680427,2.811081965482178,2.9358579697557445,3.2234016420776026,3.2486921689201678,3.0153570779224337,3.603754872836598,2.991432014656827,2.8852968076014816,3.143312280158687,3.190654748333742,2.938464182099436,2.964330128342896,2.6915638243668525,2.6080687841248973,3.2972400154985357,2.9740583186541394,3.480626859619115,3.1947254547610573,2.6153451421778544,3.456942818467797,3.61484550161578,3.3482586906345837,3.039070960201466,3.884167931006006,2.786493678791739,3.6865520834119074,3.2467247318466375,3.1239221328425395,3.147589223072828,3.430570359712228,3.337297437964338,3.4706796615087505,3.396434697359434,3.3806780281561455,3.583308612037838,3.885430975089745,3.2490491727403703,3.3971253280715037,3.344866906807992,3.502321985500048,3.392111244369977,3.332322143794568,3.318925503336147,3.703544456518379,3.5453166746407407,3.276476974028505,3.207049527038308,3.2333808728616926
