0,1,2,3,4,5,6,7,8,9,10,11,12,13,14,15,16,17,18,19,20,21,22,23,24,25,26,27,28,29,30,31,32,33,34,35,36,37,38,39,40,41,42,43,44,45,46,47,48,49,50,51,52,53,54,55,56,57,58,59,60,61,62,63,64,65,66,67,68,69,70,71,72,73,74,75,76,77,78,79,80,81,82,83,84,85,86,87,88,89,90,91,92,93,94,95,96,97,98,99
1.6692062364623796,4.015815140105037,4.055596907613503,3.9656500753025155,3.8135357865142128,3.7188263524429837,3.9767835571923498,4.0817993085586854,3.714560860423931,4.251647988740106,4.079738945049892,4.1385708154637175,3.929335994197529,3.972908015134302,3.8665582189399075,4.032028692741626,4.082226683991907,3.914273126511491,4.1220237307187055,3.572426992151803,3.9910150745735504,3.9118014145451676,3.9902057226677092,4.09453639548043,4.291384137475413,3.8026100987436777,3.8922289064191156,3.6884205103955767,3.808146654785968,3.8554600574696134,4.127393949210022,4.067386466465883,3.9760025291952106,3.9144194935685586,4.069027213396708,3.5416468705188717,3.7369434215708397,4.066652353229488,4.060460451536335,4.161519601767328,3.740540920481861,4.062682607156371,4.1043938838966705,4.151410212753753,3.8560460468045026,4.311442965078421,4.216629344762074,4.225017055400106,3.672390063434354,3.7105436440465054,4.024325336663347,3.869104371491346,3.746314954231724,3.9228981895708013,3.7404907277733894,3.7943414819195183,4.091179803236487,4.047720500234709,4.050585749542779,3.848549138903244,4.04792909607318,3.981221981215637,3.749088957696683,3.8708126925643547,3.9557995389069047,3.910486776376786,3.423216836109278,4.04161759159793,4.0799747388863175,3.775018592794608,3.8861755276423247,3.827936652224863,3.82923227606621,3.9487982611280272,4.28443865852375,4.104264349226879,4.024197173238494,4.123653855677048,4.1839659004962995,4.015281421604738,4.3223927193613045,3.809160335874038,4.173020578304969,4.028333684116536,3.9552001037157023,3.5476565058741865,3.7085080712394056,3.7235636773167076,3.826839047345613,3.9446790847194175,3.982158275010074,3.7140347488895538,3.7909462323089658,4.111828757453717,4.0057615195919585,4.026362362648949,4.066052874778569,3.8651201904860315,3.488842341361785,3.6256766640775977
4.015815140105037,1.6504788698516362,3.45370246427902,2.9233337244526423,2.8722551313747497,3.468011265692282,3.378338447626932,3.1652817391322587,3.247139311976126,3.8554027526335033,4.164265051593074,4.16455136046501,4.062125579159351,3.7480615807614384,3.9413595233436425,3.0208733796590845,3.8578120919829293,3.5141549626228605,4.169632141311732,3.6670984659498775,4.12841946710245,3.972741715317245,3.695011759387778,3.532893000848617,3.9375825170449628,3.845622037978236,3.824239100257052,3.9099591222107035,3.9023916775961403,3.616840344821961,3.6614726889347433,3.829336447102871,3.9314809165015054,3.929448053819222,4.112970196911301,4.198805600609622,3.868623952138685,3.778696334914139,3.9041439699294287,3.542011216250236,3.8334869052318457,3.6636558901162144,3.698519838206245,4.066443579378782,3.722278863492504,3.9008052004258285,4.092822131096508,4.088595050445596,3.943879709998433,3.8767296521525587,3.918966388861641,3.186321782782703,3.1762173203654744,3.518169332095043,3.0840977082526093,3.779186149052519,3.2012434429927,3.278087753552562,3.658433521060728,3.9109288430576497,4.008493250409471,3.9816085133045163,3.584091899911417,3.771289277651645,3.637491234053591,3.7831098789537934,3.8707278825781937,4.161110694319161,3.791637710123974,3.6467664021896153,3.9334030262687314,3.72887959929813,3.7610476287653647,3.5375377255143516,3.7112920009861523,4.159426437198998,3.6160158079295885,3.2838744224868943,3.6264225109834385,3.9134940725750247,3.546331437548774,3.870474370697899,3.651069180852498,3.5469619702959103,3.7191793640438844,3.7967371364500213,3.6380339289050196,3.792164547975527,3.9047904500664936,3.732513291308504,3.790679497645925,3.8232695915925485,3.513544349160726,3.8108789003951573,3.814995234750019,3.8553254521275635,3.9685536697292174,4.140759782715898,4.034021284418133,3.8787831633628738
4.055596907613503,3.45370246427902,1.6654358266569633,3.876372341776479,3.6102291923526435,3.5547277561759345,3.53909718632087,3.549996005861409,3.660002646072664,3.3294093207656688,3.990861376152863,3.7661595360926605,3.7307472461093076,3.871601512030352,4.309803736883042,3.639298878674651,3.7819079751469378,4.087445574722543,4.125855720063563,4.354773345276858,4.125865047964994,4.035047891451558,3.9538076693036666,3.4913964699338194,3.8592260483264473,3.722560905815463,4.183009844265621,4.145907918393705,4.177124647429212,4.0173886388492805,3.854358982575908,3.9298359068470528,3.5625481804284336,4.05448483462574,3.923210299539897,4.273374147964863,4.079910292533354,3.9728302104727353,4.09347248167661,3.541613162584197,4.107716363877147,4.01553420405889,3.8454488968347373,3.816428361824196,3.6166889493341,4.025278633795905,4.078700031200569,4.122010761044462,4.113294390958922,4.042353114988232,3.7402195552376343,3.687787397426774,3.9205498185926677,3.7541647166892154,3.3688900560948416,3.3783060747413898,3.4312812124646177,3.3775956015081614,3.456853526344354,4.029233053590562,3.6435935582681243,3.7594915667305697,3.443365087686715,3.6499606680653014,3.884019057491704,4.315086273440529,4.044771004569233,3.915210355696412,4.303391786805629,4.160140645049878,4.113078366273514,3.8860142426088427,4.112153984426846,3.459809240734518,3.776679216216705,3.590049288009452,4.129430381972858,3.7137954516933545,3.8217371893890584,4.037623050479237,3.8426613006404393,4.259942953011353,3.9282592289373826,4.00634599892125,3.922289247917091,4.119444238408559,4.282880099884082,4.015440413377022,4.482717427797177,4.178779864270023,4.181844132432461,3.6265165666996735,3.244937217235412,4.226132275581532,3.8408470076018744,3.695596625791296,3.900332672632096,4.044742963695046,4.072396647376801,4.0773053151735725
3.9656500753025155,2.9233337244526423,3.876372341776479,1.7414018793151729,2.733863977808399,3.463236309963073,3.5297116845185377,3.124009015115228,3.4885809355311523,3.9730771439143653,4.106990863915342,4.077558028673249,3.656064370022002,4.208154197875284,4.170784450959298,3.559043107319419,4.203983456691987,4.150803324658099,4.121845797746559,4.483865335496076,4.526009382657807,4.3167414654824965,4.18702695688878,4.016937992306643,3.957859860454627,3.8029546554157303,4.183318322420796,4.461481931044646,4.175731678587682,4.065992324552175,3.7496751997398268,3.8425220102514492,3.9124403800105934,4.285464171186231,4.372535651765453,4.4229344487227475,4.1485148720981195,3.8250788053067826,4.136531239307585,3.8845160985910843,4.109003846179247,3.9765505899478413,4.121474578810325,4.071391016593653,4.166698746925459,4.140550921039717,4.248160142521099,4.3246565346759755,4.07542272769576,4.323168116865107,3.7499342029587526,3.6378803930922263,3.5859270329796966,3.226514377434398,3.2744213606201997,3.764693109143483,3.3721602845996466,3.452916300220643,3.771804789979068,3.9654762643762718,4.031941939199016,3.5285220403877924,3.7724151248925835,3.758031906850863,3.7814713867123078,4.145042546432653,4.259784758155937,3.7992916253077884,4.277819067326985,4.162691877460167,4.433285705483412,4.171802892046758,4.367282882324287,3.9420854175070135,4.033835129851692,4.079830344504773,4.356832736700762,4.055127183869235,3.8891825030144216,3.704617893606684,4.014928755560751,4.25312782807557,4.227577552444312,4.178002085459618,4.255908416675595,4.462661082621712,4.125881235523499,4.335795420301793,4.569116364083348,4.512397633244689,3.8046437843509726,3.7655798879254117,3.814339286922529,3.9964816726747827,3.814787180981941,3.947029873499201,3.9736568582299796,4.455454769222699,3.906577719365598,4.22422405420441
3.8135357865142128,2.8722551313747497,3.6102291923526435,2.733863977808399,1.749684529832681,3.317973246974169,3.472944161211013,3.459236770148823,3.4794914467345444,3.920968230958686,3.59572350310083,3.6783984542525494,3.973546908055364,4.0053230087859015,3.7467287652442565,3.3570572085205606,3.7794288459565855,3.7881943034848486,3.9552364053297664,3.6328142502472507,3.723189852335804,4.019991424816663,3.5799298607247345,3.628153495286137,4.245495481322728,3.8948184309570664,3.6855514759651156,3.8015298010879133,3.6109861690205713,3.886332730902882,3.792756741315561,3.5803345199871512,3.5858136878893894,4.004199894318015,4.002071944036757,3.8922826963306347,3.637776343529688,3.7747405987963054,4.013945133398435,3.963593716916122,3.914261933115062,3.9917369791910313,4.266022914337664,3.9811522134682575,3.996119350025555,4.228056146315231,4.3292294071911455,4.173648328578845,3.5373085675677935,3.88080415652682,3.9040470494797193,3.6162253283036825,3.5372908382019967,3.2088447772755773,2.9442462887694894,3.624686853629583,3.5149485515950385,3.632778815337325,3.7270518620060864,3.7015830716557687,3.643783660851413,3.779944056579312,3.8756050073972235,4.008975197121844,3.6033949515087933,3.704843029881411,3.780655973135249,4.086878346300602,4.2595466710164125,3.865264426037574,3.6175081421914848,3.9389201018852282,3.8983196117748027,3.317534490742998,3.846605972427409,4.041260806100768,3.5995534712023987,3.4879006907131345,3.847887123035959,3.741520735908672,3.9058803104681723,4.163063268035468,3.807329953564084,3.8562674601354643,3.606398227142809,3.988280533015886,3.7494674443653153,3.877608981963623,3.9362489540137515,3.865616520323868,3.834117214409414,3.947009256419878,3.6743764007807154,4.0680912804482,3.7340120469501588,3.916590788296182,3.9950118253000713,4.239829058030716,3.4029188496233873,3.7654606128769337
3.7188263524429837,3.468011265692282,3.5547277561759345,3.463236309963073,3.317973246974169,1.712896541068438,3.4342063118104535,3.224857247585624,2.7937638847551356,3.7045285068084386,3.9539740050333236,3.6827600618426244,3.8127627167876548,3.6521280849100157,3.98896636501917,3.5179422620473506,3.8603297507424745,3.3983643498661174,3.9001691569273005,3.5985049242763414,3.6004411285264233,3.924107156966227,3.729094534374286,3.29047804713983,4.049175817092131,3.8226170324956716,3.835276383909992,3.902901079935122,3.7598133191104535,3.785947564498711,4.240444321373729,3.9763022278597964,3.391658559368014,3.7818803826189864,4.011905763724139,3.773522895664736,3.4340740376003893,3.9290428312501198,3.368766928243055,3.8119358949182875,3.7053277101876985,4.230185133656967,3.770070786844571,4.195776296613563,3.908259745156011,3.976724030933206,3.851658399408471,4.120040077093717,3.292252526312725,3.7039329554758265,4.126808928176275,3.3819843549655086,3.5452909316318153,3.7963160187383997,2.3797452237376677,3.190496808982687,3.1736658202523373,3.1887829193897046,3.3176436147094663,4.090103081880343,3.7171660166220555,3.824853095947115,3.4450489303777476,3.6307186989113873,3.700456380963529,3.752639176813683,3.5627654399795095,4.104878713386149,3.769094405349406,3.540929291845166,3.5128019358623908,3.471016531090829,3.686063873954516,3.447129777302051,3.152238257387691,3.7809173025674867,3.699109974179332,3.55279058340052,3.868311025900127,3.8375066603347636,3.2111275466380476,3.846077941149123,3.565653538399653,3.680494337537082,3.40857428376889,3.751084608172543,3.522357043674716,3.7421580558717773,3.665957006071394,3.6247165095963845,3.61055318315423,3.718485496587671,3.3547485266515076,4.068926231253951,3.8763757529872294,3.6044344763776586,4.073986182458726,3.9453598797675613,3.535427272532595,3.555117024629933
3.9767835571923498,3.378338447626932,3.53909718632087,3.5297116845185377,3.472944161211013,3.4342063118104535,1.6744576478490572,3.0401801531147767,3.348881465932633,3.5909586324124882,3.834132569170003,3.599569111557309,3.8838702270932557,4.129928066876638,3.734820281337646,3.153020101030591,3.432317580897707,3.3625272145950773,4.079023363604107,3.6385812715151813,3.8689132962299833,4.169418186884687,3.6098922225941954,2.801942087137322,3.897654499726788,3.7581635829540403,3.9170482254949976,3.9835416312755636,3.5094205910427276,3.9364860776398545,3.8789867156728186,3.6251349962716657,3.6497941638268836,3.944089686771374,4.088680884846329,4.14567394554482,3.7191719521628035,3.8766717193413553,4.0319927867561605,3.8316480129116983,3.8772073440779136,4.156004580797931,4.200360464842734,4.084131408758147,3.8225841808088665,3.8268496213427006,4.216190821878364,4.045020195156073,3.736811389082829,3.9408071588424036,3.8434229837459464,3.2424123206906588,3.309751129199808,3.155821644412068,3.023909800829493,3.584286145013685,2.7376068880115314,3.2211953723955196,3.587701882511171,4.060581498592583,3.8062534414575344,3.865500816690206,3.7754243516778123,3.861288315819083,3.8014957424932185,3.5964521407308427,3.7409778892707926,4.175550858338979,4.032010738738387,3.496688194110817,3.4793141595168287,3.533608206538172,3.8311193235329735,3.3192321291344746,3.2486386585040687,3.4120411801678787,3.298420602757642,3.5114564786834905,3.8261283442712712,3.8224718754944718,3.6648623314490405,4.106665358408379,3.858182948226484,3.6031826367069453,3.649890136134254,3.864060996108487,3.91305628395904,4.018331196622789,4.147680299717202,3.8925956520441884,3.7408259207265053,3.876927960607352,3.3247882615042808,4.252844473138281,3.65820084376652,4.01491064487952,4.000848914345667,4.145058236937796,3.81814850891632,3.8624407675391463
4.0817993085586854,3.1652817391322587,3.549996005861409,3.124009015115228,3.459236770148823,3.224857247585624,3.0401801531147767,1.8336737392758022,2.9957523351896636,3.6337826891691973,3.9230835559556616,3.7380020546886965,3.598028754650042,3.6784976470526742,3.757287869611523,3.404868556765196,3.49854556066127,3.449616698425543,3.8588756519272898,3.7846751383515462,3.7714870906120046,3.782918301848408,3.662566369741134,3.1800848346486044,3.5600793368705834,3.4312257906832615,3.771258137143927,3.850226364931317,3.8428260073313973,3.59222049644911,3.6727021166269584,3.5658937767597867,3.7270433402975525,3.895449596865746,3.82518570822666,4.147343387976758,3.9595609601084183,3.6826172323543394,3.6897965303316034,3.297919216174157,3.7980685843331727,3.627429822242806,3.664748514340682,4.030687263090246,3.934108944132893,3.606277572601205,3.6925887799774184,3.8069682921314767,3.8919495403440827,3.791557722798282,3.9876082083814706,3.1482087924405917,3.218333520754089,3.6767979095196175,3.170135986392003,3.388309792279848,2.3921598554695582,2.6705418712758866,3.6397157428628146,3.7878609136381223,3.7958999311193855,3.5930191571394285,3.542019481456798,3.646064185908629,3.8698077125362564,3.74633759677253,3.7889564893348484,3.8405107724803798,3.7301673341757726,3.280748499018682,3.8134573662090845,3.822198804970486,3.850879392344501,3.4789204345511866,3.4577137779347513,3.44950229990257,3.7371961293938107,3.6499437270279698,3.823869641532216,3.550688151726178,3.801728722145466,3.64604840186226,4.021637613405574,4.032377617600295,3.932615826271872,3.9259223445015534,3.8242733151483006,4.000209721639011,3.9889365181403904,3.8344733392194743,3.770492079894663,3.436123018654687,3.2973675274356986,3.963853821856324,3.403819377017544,3.7830780581406485,3.9978607806250785,3.8149185588677947,3.724685104398251,3.7605792265476863
3.714560860423931,3.247139311976126,3.660002646072664,3.4885809355311523,3.4794914467345444,2.7937638847551356,3.348881465932633,2.9957523351896636,1.834774333618877,3.783864075205186,3.8566910292406784,3.6764944210609336,3.75969331089723,3.679111950245923,4.019318815629555,3.957926042244706,4.059479287987255,3.8009314138356287,3.878312657591333,4.007699346870296,3.7856649470972914,4.344920244846338,4.0997871256694545,3.710925164461063,4.177760946807542,3.9268726603502073,3.923172240090923,4.178743632295934,4.199654205756348,4.09549660362082,3.8867990893262787,3.822721246319547,4.005289841303933,4.284461301658265,4.280229999301744,3.809980796405493,4.141736419302381,3.8124629182743552,3.9162212222721124,3.7914002940449305,4.168969568547276,4.046711324682854,3.9638862513399693,4.0698267361612945,3.9947017202968778,3.947854206531365,4.0207176962637945,4.225757365722962,4.004068527740198,4.226097228585014,3.9651117315939644,3.6723470367899336,4.1407916959369375,3.953139458121151,2.7937905133432754,3.272820239649852,3.264667921929896,3.002534370438906,3.5734714993668253,3.812015332374315,3.7600774384092417,3.5730209366897587,3.376768643957305,3.4382115072959736,3.7464547270981927,4.080022682725613,3.895838134819579,3.7955934959235367,3.8688555453674565,3.5681819842805313,3.776253952420387,4.161237194715063,3.9907855753409613,3.792140087498257,3.802112901927992,3.98360934021257,3.834158089820468,3.631362921644458,4.010474385021603,3.807385848236696,3.9122892914792877,4.228220032021746,4.108859836740484,4.126787347101646,4.0147991498145235,4.259116542565108,3.9025960880559865,4.082954909272395,3.7683529524264596,3.8650692649691303,3.7396962571308445,3.293899558003592,3.414607289417088,4.00220027270526,3.840030192818733,3.976438645293521,4.2085406072452605,4.196951949563109,3.8247587653303063,3.854135326855879
4.251647988740106,3.8554027526335033,3.3294093207656688,3.9730771439143653,3.920968230958686,3.7045285068084386,3.5909586324124882,3.6337826891691973,3.783864075205186,1.538976969589434,3.5372868111284936,2.844833193352481,3.5129780045179326,4.009371110490835,3.91417334786823,3.607018279967187,3.550789255709963,4.088559025300544,4.041041312882216,4.195450334003463,3.9771157350164237,4.158070944782973,4.015831916007522,3.031660941135414,3.472718148624354,3.5116058022950987,4.109620967172127,3.781413868724012,4.246683483090442,3.682548093964743,3.9653714820547856,3.7506641900732682,3.6904402085304904,4.240477192389873,4.198793261915602,4.201033116818175,3.894792069212698,3.8404362547695614,4.0450388950329526,3.579145985396858,4.2445696795089045,4.071123447465768,3.8870729895950333,3.9846611940957013,3.8946516808472507,3.8893110546288665,3.996318481099884,4.210816191741753,3.677639463486753,3.9537430567407577,3.9198710400405945,3.795385098154241,3.7565063228024083,3.596679108078425,3.489799995002533,3.503313377738345,3.7448016762483154,3.6102160311471585,2.629309050222054,3.5590687076096788,3.2194910860080754,3.434105642456446,3.249914376930651,3.6706993080603834,3.930085685627994,3.855420766432763,3.8582292084574186,3.9322922793778634,4.16511519594341,4.162166014505926,4.081522427358203,4.07956882501716,4.111309569429074,3.261682184815437,3.187364294867297,3.3432617559540225,3.860092009386274,3.676452741778293,3.7636343705119155,3.765829081759919,3.661352425613127,3.8556949791964024,3.7779995547866947,3.919815898974553,4.140384766452066,4.044483243896509,3.911965177181345,3.731959250582207,4.112460381625825,4.1037074528651205,3.8516841694717003,3.5386586838480816,3.4494826629627755,4.203313048881645,3.8198692443239057,3.6315334856201726,3.997239430561931,4.039991337487413,3.6545493559116116,3.728725614718145
4.079738945049892,4.164265051593074,3.990861376152863,4.106990863915342,3.59572350310083,3.9539740050333236,3.834132569170003,3.9230835559556616,3.8566910292406784,3.5372868111284936,1.7358477129877474,3.3847971604105713,4.187965044252427,4.160926901674923,3.95470151634934,4.220030957317286,4.123438197726124,4.230826432264057,3.9927255805967445,4.1752687134764495,4.04305221104609,4.081963812026944,3.9938603272367277,3.829875232653985,3.652165142134352,3.6834677669865354,4.030498224828665,3.8490079581360486,3.9485909205462435,3.7941791354853853,3.9880136220745896,4.292223450522839,3.8084682291255514,4.226812477019847,4.009207304080278,4.017400831066571,3.425595653617016,4.101671148099167,3.8497468505614663,3.861456105985058,4.1443994321514515,3.9862586311139223,4.064264641297373,3.845929560287902,3.810580080441462,3.7734427933739947,3.709750957476846,3.767759717650016,3.8370328538490344,3.914916921451979,3.858115346216615,3.8347685340398643,3.890086039242598,3.925061394277173,3.55980250088453,3.721654940382608,3.9810745737564357,4.066977818714094,3.7442028067347186,3.3786467880322424,3.4330969946950898,4.2367300371358745,3.9620531271141797,3.6843460951088867,3.910497461566502,4.005835907428732,4.332087179968139,4.192792846243899,4.053714501115853,4.006723013193212,4.206218288629805,3.908786921447482,4.0927347182577165,3.82784873167638,3.9721386572269406,3.640538232484112,4.1633602068248,4.074049133360751,3.9448046750711963,4.167771777055368,3.871056023319895,4.237075180887799,3.910558777726766,4.01775293151392,3.953658700473938,4.094708584179822,3.892486191639186,4.047277654536869,4.28734956515606,4.3329328088039025,3.6449460021650477,4.007456207569482,3.8601929188778956,4.1835016714578055,3.6483300973015016,3.6372218285929634,3.933615758934209,3.950242751343525,3.8728966781670455,4.131949768155292
4.1385708154637175,4.16455136046501,3.7661595360926605,4.077558028673249,3.6783984542525494,3.6827600618426244,3.599569111557309,3.7380020546886965,3.6764944210609336,2.844833193352481,3.3847971604105713,1.6759995250027706,3.5578547854614824,4.0409581894504605,3.916103449799784,3.51384092513001,3.025799548792514,4.137268177653598,3.8997348830654994,3.8487280397592953,3.9899428072329113,3.9198310041038105,3.709486912581934,3.0955283987292197,3.8977273642414345,3.724711795508274,3.440024864080195,3.456101061294797,3.649097354757587,3.303347544873458,3.8988123786927913,3.783106047875633,3.8874942763880225,4.015630294960512,3.835438703056577,3.9240941268269327,3.6140703107607117,3.9102534076345385,3.8811920465060323,3.6755868788933745,4.116403927818667,4.025460592826881,3.9400875144875576,4.210084693356776,4.165533252685547,4.131406501459733,3.7407338886742876,3.9912069875241034,3.8333202221544065,3.943629657934209,3.7469986667277295,3.852622577300189,3.874838537001055,3.903835540853512,3.8895363944766377,4.098523575670152,3.9254734279358297,3.998641727287693,3.185822545428378,3.607266567069488,2.8028887157998748,3.4564181074346623,3.557170232133908,3.7264312657065832,3.843618002519078,3.9757277665373385,3.90425413387959,4.021662358117101,4.062331716784594,4.1126342655540356,3.9830528762111985,3.808328226922822,3.940415218372751,3.722483136958374,3.025296538399849,3.598818675283984,3.5620716241471335,3.1893200582745114,3.9249351272763406,3.782394054066028,3.7818068140368957,4.003789307199011,4.022328398896832,3.6582528605268925,3.5053344457066906,3.871250175773197,3.700881415838991,3.6430963611720193,4.046571234017331,4.055881763292162,3.5939027021949315,3.73270827840732,3.5397038523041098,3.905716822387096,3.9131747110227306,3.9618033066518756,3.7494034663757017,3.910402407635275,3.6788551785179155,3.7438908854090114
3.929335994197529,4.062125579159351,3.7307472461093076,3.656064370022002,3.973546908055364,3.8127627167876548,3.8838702270932557,3.598028754650042,3.75969331089723,3.5129780045179326,4.187965044252427,3.5578547854614824,1.6976351477182994,3.7378814222715095,3.852417654730056,3.508566552817994,3.489965227759686,3.7659769692439546,3.468900838319448,3.721586777186261,3.7323230254318887,3.846076335033406,3.6881865319909988,3.6236847887766666,3.740705336154444,3.8791201947375584,3.654545927228256,3.6647172572990434,3.480015394093315,3.709660066315061,3.6314252625610033,3.593395854730204,3.498967905483158,3.652342280219341,3.6997519211280987,3.594795718271341,3.8323864035830955,3.7939600495937786,3.4477522848854028,3.3453868397155393,3.4672071060828755,3.886719565949216,3.7162900705334843,4.127963502909115,3.655393246431096,3.7131557688898913,3.8167848954741213,3.6148336222499378,3.4844898221024803,3.6810346980963335,3.5455263766378073,3.89327320867531,3.8612399460572484,3.7039012557284607,3.5794044366021924,3.615542051168112,3.6501491141713167,3.613485395569634,3.457899030289733,3.848271333432587,3.423531697559736,2.1673359366952463,3.1324756026193175,3.6631853556465837,3.624858986549978,3.6365538267122837,3.51726993835628,3.6781080260411025,3.591974208439803,3.757300215885189,3.7220445385531478,4.002468837623193,3.7953916941673227,3.480834040615699,3.6382796237283386,3.5771767967213277,3.710708337800578,3.7276569074370536,3.837237835420201,3.845575249961854,3.7600701145603024,3.5719045838772505,3.954686993881833,3.8030870288087115,3.8818722533816383,3.5737219883840976,3.707286892332992,3.6541037394690483,3.7032196183695842,3.7005086638724083,3.5918725143900705,3.5286292686817196,3.332558002990979,4.031817702094289,3.7047180115089824,4.018314848109266,4.029951694967177,3.5909721750498917,3.525700616462269,3.5899907942252636
3.972908015134302,3.7480615807614384,3.871601512030352,4.208154197875284,4.0053230087859015,3.6521280849100157,4.129928066876638,3.6784976470526742,3.679111950245923,4.009371110490835,4.160926901674923,4.0409581894504605,3.7378814222715095,1.7819749695266895,3.6022250501756856,3.857033465689251,3.8627061144172545,3.5834509431861603,2.8127360711033984,3.4603497225974156,3.396372697040114,3.5465254745181336,3.5646580187486996,3.81540930097661,4.308497034204888,3.80070528575028,3.7478417794544447,3.7039707422976895,3.921619896758776,3.389300224935303,3.871918008081894,4.142452917685035,3.7484326854255836,3.9098846179168385,3.5842819013223206,3.778509301687258,3.6289435072170755,4.281196351555741,3.600459106460295,3.461609011958019,3.660688780532549,4.106826265405816,3.3839655636394217,4.076987891237218,3.901744783465606,3.7386524208958694,3.527936684575513,3.779530909621373,3.8440750855666863,4.0090153002812094,4.094358566885801,3.6641655507502846,3.8768963233880482,4.116237479289116,3.8795102886938366,3.8986045949346497,3.4192087092789802,3.493124560305675,4.090657339849901,3.957446275360319,3.8168643219859892,4.1244249867019995,3.381130878355667,2.983731259086476,3.2148366666544796,3.628789279932615,3.741737798597758,3.5839689659780043,4.465087064285531,3.7372788201292058,3.5709022045521563,4.248601692672981,4.060696870440536,3.7724628213214664,4.082075674175892,4.153162685365965,4.034962019167608,4.0197436921688405,4.3649227514385105,4.008141687410831,4.559168593604241,4.277806160801961,4.24054557326564,4.426667470614301,4.212371001053801,4.082602931614164,3.7975900016597284,3.7842293523515864,3.9601872117737766,4.154039081773714,3.9030474226680467,3.959915458210962,3.8707354765645685,4.015087631950482,3.78419625746739,3.8103525902611546,3.5462059791901885,3.788172869052291,3.832853576314176,4.071074440990081
3.8665582189399075,3.9413595233436425,4.309803736883042,4.170784450959298,3.7467287652442565,3.98896636501917,3.734820281337646,3.757287869611523,4.019318815629555,3.91417334786823,3.95470151634934,3.916103449799784,3.852417654730056,3.6022250501756856,1.6967967330630689,3.742252434685816,3.576161006801276,3.808772617415923,3.5740601792766866,3.436231833808279,2.7712331391330385,3.591580212423959,3.341834531610698,3.3846687939533893,3.907932458800778,3.7543297303282324,3.27938048275373,3.117593064390547,3.426336318540723,3.252535138911689,3.754549239955445,3.76998277902903,3.3035816117105083,3.8619908999312127,3.502612206343377,3.917087623378327,3.3152462666430504,3.7816711949210493,3.5885639134930365,3.224272169404893,3.590136143241961,3.9514957799412467,3.627453291136068,3.4095989858436355,3.471627713269424,3.2374598404646737,3.329060125974305,3.421797392129129,3.6464152685560745,3.4292852493566572,3.624146984882702,3.550047716630596,3.7228845828082857,3.5497237342499965,3.64344551016062,3.69143504812031,3.4730307967063525,3.4943933699598846,3.4000025382896215,3.5667529115691003,3.4029595697181807,3.5214529365393044,3.283226080362691,3.2147878652140847,2.870663913731818,2.1651502979942694,3.628950526781257,3.591720653321052,3.823939264078982,3.7467459209023906,2.7627945543130186,3.8807425722756617,3.6327708137639374,3.631732699168053,3.3036788919228623,3.7009721764945596,3.2879850183342416,3.425013856892534,3.8770477891054673,3.7246620648197113,3.616574748277912,4.010427687990508,3.981440460634267,3.664034033304971,3.5395162466023433,3.7070222603235146,3.6011279667991114,3.574402075135046,3.970121104652051,3.963474811198924,3.987130558646533,3.6509633108860524,3.5204851163373823,3.668203482975267,3.5776686505399997,3.3557786181290723,3.608238033793992,3.7386920589793973,3.5411722866663053,3.59382506268637
4.032028692741626,3.0208733796590845,3.639298878674651,3.559043107319419,3.3570572085205606,3.5179422620473506,3.153020101030591,3.404868556765196,3.957926042244706,3.607018279967187,4.220030957317286,3.51384092513001,3.508566552817994,3.857033465689251,3.742252434685816,1.7490228706847772,3.125733014941171,3.605699201632692,3.612703727038736,3.598494696916552,3.5873717291632574,3.6341045223314197,3.3517990446984727,3.0397111172206674,3.9633479853713904,3.789208638721591,3.8184532331540355,3.719951940906823,3.531845308276116,3.75299148961609,3.537511800831386,3.7463772823022774,3.3775078747957217,3.741195350694702,3.6783347829123056,4.0197531819916525,3.739023980636868,3.586179905386132,3.9268806917302297,3.5308088351830977,3.5697754941130464,4.028931709662443,3.9382038581588805,3.8352864972185396,3.7984537164487793,3.8510532782725946,3.9829760949843123,3.7884412495273936,3.844232547973865,3.66931756821373,3.789030304691051,3.372796541847173,3.024777199017239,3.6933676826921835,3.7737798535377065,3.6887916506612877,3.3111087620805626,3.4690169122096375,3.36620184338303,3.5371124097067637,3.6719605015183205,3.4612392463711954,3.2914421191006222,3.522192607755635,3.526857534758502,3.7758279779988566,3.6233602956911453,3.5864001495589597,4.1234758643423675,3.817721970748427,3.5704973455024076,3.5947757979226873,3.7115401335719915,3.3410955065372767,3.4497970918931795,3.7729914129566833,3.553491592772411,3.4457645533186305,3.6981886730382945,3.7797452465690755,3.9683569368261162,3.955729272417114,3.971651200457069,3.926015204703957,3.7021107505523903,3.9730342112832435,3.853251177829769,3.9244817699106083,4.131914227365955,3.731660981998075,3.9146664953874986,3.588206196154009,3.3869706175930268,3.8923904841314023,3.776166850623415,3.7229205683178686,3.8210001921943952,3.845529286374676,3.805431322017802,3.7748371964348197
4.082226683991907,3.8578120919829293,3.7819079751469378,4.203983456691987,3.7794288459565855,3.8603297507424745,3.432317580897707,3.49854556066127,4.059479287987255,3.550789255709963,4.123438197726124,3.025799548792514,3.489965227759686,3.8627061144172545,3.576161006801276,3.125733014941171,1.6569518447413432,3.3455265377063506,3.362515840440227,3.2650867314910204,3.1362965094352893,3.417096143292652,3.0032847368046824,2.7124608231784126,3.8567445986891555,3.4475236283615485,3.0854155840810114,3.336583989965397,3.0617842390660766,3.3299494365642284,3.3843094439583252,3.6864196801914817,3.236857835079698,3.275958781548512,3.3022745907563316,3.736033975154061,3.583174062353461,3.549113748966067,3.653446202527424,3.4393429012228744,3.663628912279031,3.8976812907082894,3.7100250097957295,3.8470448290103922,3.737695719565639,3.606348462494751,3.5939206927281355,3.4976694335723866,3.590785659368817,3.8214439440497276,3.5056118871943536,3.4588244561102766,3.2298713986112646,3.3551335853670436,3.426959507383032,3.886087072855459,3.4546677311708347,3.532968556326501,3.4075187019871676,3.5061212316540757,3.5752146303966548,3.3320368717491045,3.0952940481926765,3.5685178854982333,3.4444225231734893,3.3608740037531106,3.4567768137308903,3.3028253543802135,3.619441686468563,3.5647593796517523,3.024094545781336,3.4290739889254582,3.3123609913340295,3.4244133164306314,2.9841274891430523,3.6135966951075633,3.113306985365816,3.1469641981194556,3.5420751634716128,3.4972807004134854,3.5282894765784496,3.5917363699656386,3.599396933180244,3.438978472811947,3.248607952367425,3.544018455409898,3.5413734805287356,3.3451677221246623,3.7341935606012275,3.683940057695582,3.51460449396496,3.6017018618835923,3.621101199057971,3.777887318797682,3.6677894794848602,3.702938317142366,3.671594121031908,3.6129263142908346,3.5484274868300965,3.6492230762456277
3.914273126511491,3.5141549626228605,4.087445574722543,4.150803324658099,3.7881943034848486,3.3983643498661174,3.3625272145950773,3.449616698425543,3.8009314138356287,4.088559025300544,4.230826432264057,4.137268177653598,3.7659769692439546,3.5834509431861603,3.808772617415923,3.605699201632692,3.3455265377063506,1.5550059922942503,3.2418901328952154,3.033937850491716,3.4889350509179855,3.4883891062612333,3.1066275919634565,3.673141632664999,4.156915631033984,4.079560588851501,3.852496629403949,4.054696412783893,3.6063511126069967,4.154374324051845,3.9299300868201814,3.98092177336625,3.504375029217511,2.8582384273045367,3.6975609533709095,3.7351129756247334,3.9814282646585823,3.8159201082750402,3.78798551689543,3.9617346849914874,3.823300113848452,4.172162381345798,3.940681077573502,4.0933154184815415,3.7520386784739803,4.121054546170967,4.370681613478167,4.096129162867789,4.122864461605817,4.158157408323389,4.120519235042933,3.3281317908309616,3.3459013455047515,3.9090203092789495,3.5421570296360683,4.096596013759713,3.272558447138476,3.5274458617647215,3.814896127455977,3.937348482350961,4.118941122715048,4.025820585348094,3.5287371269238776,3.7468225088823273,3.6439601653693305,4.0909364992397705,3.6023546614978206,3.7083714577558675,3.4956530012349774,2.8974405359288973,3.4317663174163195,3.5391031381842057,3.07296482444525,3.9054737319597352,3.523398851615701,4.0733405093275765,3.707492827870148,3.6827015167976684,3.900511530938206,3.869096966612753,3.8544748624662577,3.877445316686034,3.893727702920646,3.941622775901553,3.7777880713717438,3.978047882801895,3.9597646618218083,4.053283473909491,3.690905053040799,3.943001327971757,3.965115342042807,4.229297841811417,4.185481129892077,4.289102097671688,4.130871565331683,3.7289970281789704,3.731069970594324,3.922041542784223,3.847599345238457,3.8136551069400424
4.1220237307187055,4.169632141311732,4.125855720063563,4.121845797746559,3.9552364053297664,3.9001691569273005,4.079023363604107,3.8588756519272898,3.878312657591333,4.041041312882216,3.9927255805967445,3.8997348830654994,3.468900838319448,2.8127360711033984,3.5740601792766866,3.612703727038736,3.362515840440227,3.2418901328952154,1.733771166349348,3.0490893255680662,3.0908737617442745,3.658266363701946,3.199267124204373,3.758414367268815,3.582689460214692,3.5345166183898495,3.272219209364925,3.564067761021435,3.3396596464290167,3.744507673967336,3.72450893438455,3.907339114745763,3.9067880426407138,3.6404366896063536,3.665587350619862,3.94303971444862,3.7015976027249002,3.673222693120253,3.4923431281167723,3.536563543775585,3.6343787193129047,3.7307708362553735,3.2073315809074496,3.8082021169216786,3.9087335024440804,3.624644815069169,3.5622479902906763,3.681920655196637,3.8693313420652227,3.9868913608227476,3.6178328043411425,3.7778321108432524,3.702594353253105,3.744860854500147,3.9381276690320366,4.070630572368673,3.715649061187473,3.891552328425128,3.6633970828925353,3.5979093944557645,3.6677236794348893,3.9804972264611385,3.564002753201799,2.6625335661774496,2.8356685482039934,3.4131766259106007,3.4316279950575037,3.1542942300565544,3.8584308676252723,3.8074401614575244,3.3109373812855507,3.795173230375675,3.1995167901966446,3.8930110947389447,3.6560876872231916,3.6616619840586475,3.239642961644886,3.6369506252831454,3.6219618763378865,3.7862848788517454,3.933366463200268,3.9096945145496766,3.8931054009727957,3.7030991522587446,3.5593845468263696,3.7058908695847745,3.706714695687554,3.738140772597214,3.7701973116253873,3.8005555358614327,3.257873538709794,3.4900156839296343,3.7055341412976914,3.9834186007725556,3.7233324822478315,3.6628610119139466,3.4652071846327135,3.4198247532392676,3.8550550720887817,3.757578875818194
3.572426992151803,3.6670984659498775,4.354773345276858,4.483865335496076,3.6328142502472507,3.5985049242763414,3.6385812715151813,3.7846751383515462,4.007699346870296,4.195450334003463,4.1752687134764495,3.8487280397592953,3.721586777186261,3.4603497225974156,3.436231833808279,3.598494696916552,3.2650867314910204,3.033937850491716,3.0490893255680662,1.5078727644529026,2.997914692785573,4.046450437451649,3.4186071174368085,3.572619635129197,3.735780682229121,3.965020999086383,3.388154259163842,3.187827074391728,2.5547922058116517,3.854741195069026,3.9219286907310456,3.4732208078888833,3.6175080342703434,3.27572273252428,3.920741774505284,2.966313844131633,3.253808923638037,3.7590801628818604,3.823112735170031,3.9357423802376164,3.1712156492801546,3.8919459586658602,3.8388676907143933,3.750675427938393,3.5824158743495422,3.79194334838805,3.9992950454408556,3.584117834029845,3.546370979735846,3.507493217683886,3.8464283522301765,3.8361804347621686,3.401252521407173,3.4883879449866364,3.405666253093589,4.102664398682899,3.6116228169704025,3.7091846687900794,3.6213010983076668,3.936064606532403,3.6433127883935787,3.6479169777068186,3.831351971892832,3.698800949557123,3.526037682477716,3.3778119828840967,2.8180935050501734,4.219020571869542,3.432055618822987,3.4163796340996417,2.850630122808914,3.6460337827910596,3.1655478770426453,3.7967770353070236,3.4755861600130227,3.883161323829509,2.7677855931620505,3.3541119769906196,3.7947644896912527,3.425421634134633,3.607428624179095,3.3872459153273606,3.6608297661223816,3.2631089669978626,3.011905050059412,3.110003167647412,3.178282628029848,3.4752975429090114,2.964861251640836,3.170991700979094,3.626451466949703,3.4911412851632937,3.7368331231859955,3.5503302716910476,3.928609166381674,3.722050504879494,3.632017677938754,3.2461553661096736,3.4277984909231987,3.3863437359724045
3.9910150745735504,4.12841946710245,4.125865047964994,4.526009382657807,3.723189852335804,3.6004411285264233,3.8689132962299833,3.7714870906120046,3.7856649470972914,3.9771157350164237,4.04305221104609,3.9899428072329113,3.7323230254318887,3.396372697040114,2.7712331391330385,3.5873717291632574,3.1362965094352893,3.4889350509179855,3.0908737617442745,2.997914692785573,1.6672907693732866,3.932858596949166,3.468202122943991,3.4759974192455045,4.152408455851477,3.765128315210643,3.4747578912163037,3.5918022479441283,3.47735760121795,3.9175536551326937,4.12911961328801,3.9558518290532034,3.899689734747772,4.057461405985461,4.0020890043582416,4.082961483280177,3.8551070196236363,3.9426338173914792,3.8336578295985033,3.9789233540965774,3.845452071243637,4.469391856953213,4.24948068841653,3.788494445589656,3.913376027384577,3.8712132246497153,3.991478875260889,4.066124241049707,3.8195265297985204,3.896984636735703,4.027210742221097,3.9588255823565732,3.835717920553791,4.016900670187685,3.6683507866558487,3.97642074436721,3.820456060155287,3.778545150910497,3.543443083029751,3.8329522385531747,3.5994896069830244,3.846567607387648,3.43746130364577,3.2344873799584137,3.0906126092656607,3.1366873495511114,3.680659442179335,3.645759037900176,4.2503898770973345,3.9128841824283125,2.2574060573033083,3.8355059208194575,3.7549337340951854,3.788643926063014,3.5751185720701573,3.830182220018725,3.3101816084963356,3.6435498843317364,4.053382812326235,4.035730101989752,4.0248288263304905,4.365260010196268,4.003498906322916,4.002761218674377,3.343870749526428,4.03937659788515,3.9513610976665148,3.774020747487795,4.020391507741256,4.004138429395757,3.8837538886966914,3.7702044730338944,3.7943896413779026,4.158174156020894,4.0936857037994825,3.5953722543840976,3.967253117347803,4.0172894953718234,3.836345191455413,3.8595486525339293
