0,1,2,3,4,5,6,7,8,9,10,11,12,13,14,15,16,17,18,19,20,21,22,23,24,25,26,27,28,29,30,31,32,33,34,35,36,37,38,39,40,41,42,43,44,45,46,47,48,49,50,51,52,53,54,55,56,57,58,59,60,61,62,63,64,65,66,67,68,69,70,71,72,73,74,75,76,77,78,79,80,81,82,83,84,85,86,87,88,89,90,91,92,93,94,95,96,97,98,99
2.054615180027709,4.136142260921632,4.1875746302226675,4.380360901904473,4.062079247432239,4.017221218900178,3.6198922381076155,4.306295910624842,4.075070478216138,3.8507004803661102,3.8073886108430828,3.625544000772509,4.018335280488054,3.566552587326395,4.296063521922933,3.758061704890118,3.5554906489832057,3.9482528138547788,3.789633905727742,3.4804466908045026,4.582112601617424,4.319338124434408,4.406732642162854,3.7974377817331946,3.943892894109975,3.9126773371004355,4.0527941652164055,4.19442398598427,3.8103503464895767,4.027207733246752,3.9891423231741547,4.039342344449172,4.248633633912564,4.130978227225268,4.361408212863819,4.025396106493667,4.009201586227873,4.174023140764371,3.9614505673315126,4.05188302201456,4.29933033956042,4.2806939040798095,4.340265563154497,4.087036655591506,3.9223012824565084,4.239583790881692,4.261484938998502,3.9890634980213555,3.7845784301524,4.018988914174068,2.9324036503921977,3.7204043117747005,3.938113066493868,4.413132421581959,3.8542263341504523,3.8691538185445467,4.145783869898621,4.1675918609513865,3.7877553246002313,3.863614388537504,3.7673267689519037,3.8963115976754654,3.9024009334868124,3.2674103972235637,3.6638481337635844,4.236512691513662,3.792902680092511,3.884427745212704,4.043970060180511,3.9577447562974695,4.551861221669909,4.17959904058589,3.8846298122080887,3.9089125219442376,3.9905315411991498,4.089102269515546,4.028806052061784,4.191286443358794,3.978548146464087,4.247457299011133,3.888014405051181,4.170978700881839,3.943325955215683,4.177196268522733,3.961628016460723,4.303837753485174,3.961995555746812,4.289827709972367,3.8801420404701723,4.273285526899833,4.061802200408777,4.058500342986914,4.18867695382991,4.307112647596266,4.129297849623901,4.125254226452371,4.021381355641748,4.113911952072172,3.8505004909718306,4.047266034159764
4.136142260921632,2.010410583114689,3.6773221725026803,3.528490842368336,3.700132884112393,4.099759506815066,3.3919088814067107,3.046634560744744,3.8794220772732118,3.921349800357627,3.9877750628452997,3.607397070652547,4.020485947138018,3.6457137209317323,4.008509976235055,3.3718342503474275,3.642001101125229,3.6857384981064474,3.573103935707014,3.8839109697405463,4.290996831348116,4.307604414148198,4.1357115755582665,3.6072396367319364,4.128586403627787,3.898550623048384,4.384418971169676,4.1306917782952555,4.297034718976571,3.9201946815765742,4.214003416086752,4.1969304644222865,4.236408536892342,3.9764523030784096,4.36375938522287,4.475707376219575,4.445480989565276,4.206334427616603,3.988968091298841,4.057277808575638,4.163381023333455,4.330191998058094,4.010484403408558,4.367143595142093,4.161304961285999,4.119233539767873,4.174239312495046,4.5597980676216725,4.362235068939454,4.404135899823069,3.732621877678082,2.6299588374418295,3.8078029991223885,3.736892521346981,3.78054594505692,3.8490331788937704,3.261401645497563,3.805796421350886,3.683286111711057,3.9465063221813645,3.773559312600918,4.100044457760836,3.8228530771019655,3.3948550869299936,3.631266386925575,4.062504788135897,3.8564838795911567,3.726594512655064,4.043181792283686,3.632946131036448,4.190203144614982,4.0308355822698445,3.9791924698972596,4.111040844355833,3.8191458988935407,3.8836150583476927,4.122321944137554,3.895608449518246,4.264181290406109,4.160710624880638,4.154511319373596,4.190655144123905,3.990992912928765,4.20510871595691,4.05140309543148,4.132313138995475,4.17823927427408,4.106153021938793,4.338527966094788,4.258784378253694,3.8796577202033666,3.990976414265969,4.036527870853671,3.9918252609371128,4.133154061439612,4.248309296958852,4.189721557327515,4.240671958201596,4.131257405653521,4.240723511113309
4.1875746302226675,3.6773221725026803,1.768379376241953,3.899944782171654,3.060226731126677,3.1556021786700565,3.923695260091331,3.7236622737646736,3.307946317262286,3.9710462636044523,3.922886241134469,4.006699038216057,4.402030367489571,3.553062577447012,3.691567730468522,3.829776954448724,3.5481174823553583,4.005914200331887,3.4430027790645656,3.439180585670864,3.7945577296309234,3.5910247072843915,3.5781422122558735,3.5662242547438194,4.101749518650706,3.5150300867184003,4.006902289144082,3.527060969450787,3.5458781094441463,3.649089227337065,4.205112291673187,3.8316408878767483,4.112132377679802,3.670719514852128,3.8447558830757904,3.4638269098469032,3.837719234007196,4.373772723400407,4.202053155948149,3.6134900085016186,3.9086715627253814,3.5878126138840876,3.6708999705953524,4.357215254886694,3.77732027640017,4.110910871949974,3.9146421553256867,4.114214805787067,3.623004365680832,4.074788287420308,3.8250212852310006,3.5307940445498724,3.833305397461893,3.718781366749438,3.374328780083895,3.0811982244752643,4.081272685227504,3.4285693354370212,4.068408756113017,4.096505708468318,4.055573032367477,4.1141586180725325,3.4810125163506798,3.404587155762319,3.784357374000155,3.7655799292841183,3.8571060575466816,3.62817553063413,3.8774255860416345,3.9255998762548017,3.792259424882981,3.747082620808088,3.867612919720739,3.672842424687105,3.6877203859233982,4.1056473428322935,3.814827184784164,3.644248172285463,3.9358639112243643,3.6501974472356333,3.6349729945818883,4.248295217533974,4.2268411096949405,4.012656173649912,3.9167943813260817,3.9928031596285507,3.7350396634963907,3.8207410623016234,3.4919453819113415,4.030312496613652,3.81420481139631,4.066013416312957,3.9554775252426335,4.242518391443392,4.245110374671697,4.321405403993682,4.2458743284890055,3.9912414347735714,3.4936644572221263,3.9892176943822353
4.380360901904473,3.528490842368336,3.899944782171654,2.1394272246865658,3.7172398095967334,4.07150472527478,3.6390158159316037,3.634714563836048,4.157713268886536,4.454475870234972,4.349103159872471,4.345935863802487,4.06601352721829,3.648693091763025,4.092245743747531,3.9004330404305727,3.913257193220612,4.058384488881753,3.5408862970267476,4.31235228618249,4.102781887028895,3.881622006229937,3.9548306711393924,3.935309490894263,4.166064108696396,3.979166520866678,4.174464145746073,4.287289421648686,3.8463597322813228,3.9078790196029445,4.020682708068615,4.071451694149627,4.42837019525732,3.928156548359124,3.977433382427432,4.531599188718294,4.319724917689356,4.194181099931798,3.6951659201969185,3.9742050984829502,4.21067850306405,4.084036647996147,3.919707486288891,4.024908285740651,4.069708478117237,4.082002645421006,4.170264943136638,4.4649765819550495,4.2556295267057624,4.358096417288225,3.8050343617926163,3.257053506861213,3.251211592173798,3.0189282453283064,3.6840010753088444,3.9267222659862853,3.3392951673445452,4.038772609544582,4.414825585203972,4.301670689421693,4.040606903080203,4.12942859986735,3.9438842428908876,3.3880138188942857,3.6552269811744686,4.033544010155644,3.768098693725335,3.6311288095074503,4.343094953370877,4.06074204451732,3.9461624450651307,3.9560440003081587,3.9105282773505214,3.677218541629822,4.124942550470538,4.463601950889822,3.8176746497438727,3.8627352325923248,4.294915508617336,3.930041421804059,4.250589020592341,4.340284443029879,3.8447976331191605,4.084056551495898,4.009579682284203,4.201339411746737,4.133011566719676,4.268030005992037,4.34644376831109,4.227317625238479,4.064880239428751,4.496004474571632,3.86779506136955,4.061763908241608,4.225270197099224,4.07284117038084,3.99461967904681,4.002917091106405,4.030112567644999,4.220285101657358
4.062079247432239,3.700132884112393,3.060226731126677,3.7172398095967334,1.9563683559291722,3.430263702968921,4.001307738725233,4.005044978918621,3.574880953400878,4.1179149075381725,3.935462619220646,4.026521884319872,3.916778724061417,3.8065285571943743,4.095781481106711,4.167538147335605,3.6452860754078467,4.213549900451631,3.461445361245622,4.046796881390087,4.035002067082524,3.939849134469014,4.103669321966716,3.786529180439057,4.181096261230793,3.7208587854969064,4.203854752218236,3.9032661338535015,3.483567108735504,3.953104639330084,4.267159456948362,4.274250264097562,4.113154295132539,3.898761953089874,4.311660164059045,3.8888316521280175,3.982640578334229,4.18765980163872,3.979555964926104,3.9312825862045355,4.093401935621154,4.013665048387073,4.167307755541887,4.219199384314539,3.7538470665360055,4.326509733320686,4.24760881564789,4.482686905040878,3.8181273453342572,4.0238413055384274,3.77284761720107,3.571694621514851,4.067221177126859,3.8197291936858235,3.1154323465635,3.4939548913085607,4.041455028690705,3.747637958948637,4.315333056082004,4.275310466996557,4.029178356442209,3.993377688890265,3.691906249588508,3.575769818455011,4.04616840783043,4.009255058690491,3.9099769193006657,3.6659121125360183,3.994256839110303,3.9603961832769965,4.003536153381656,3.9514370035002004,3.981287553350802,4.026090089826029,3.948087184761909,4.2231467457519125,3.822334972640144,3.6617012858160707,4.104159440508374,4.187273000897223,3.9627032979979266,4.007876944607457,4.2776188119880345,4.067001530695607,3.9576881438665152,4.047292337387963,3.947699213421032,3.8613965186760977,3.932634140021064,4.071147335210959,3.8853997359049,4.07280322605799,4.116221810701998,4.305056159759629,4.081388704747818,4.2585417147364035,4.279601790434506,3.9362810519450506,3.6900301189950127,3.9834219679323652
4.017221218900178,4.099759506815066,3.1556021786700565,4.07150472527478,3.430263702968921,1.88670618383349,4.0675246521389665,3.974481354529984,3.0153728353094045,3.9786527875741786,3.603331865343628,4.15431723560637,4.19540238153115,3.578729735229585,3.434940374896573,3.8935219525810414,3.5877167153302145,3.9428654374180203,3.3210571028799487,3.950081450237134,3.696626000998967,3.7208162663495257,3.5169252361592673,3.8661241987840502,3.8196520403456793,3.648001634985093,4.034670625869823,3.9051254635327477,3.6762986283948536,3.952846077353371,4.235834814636584,3.900364495667829,3.9295956164871595,3.5470969286870284,3.9231012377654535,3.674152293882672,3.8201868385543953,3.9912535828468383,4.010073005340346,4.146481976647178,4.227832726026843,3.812718928651425,4.132849770034563,4.1985726772167915,3.836520735102065,4.163697611043768,4.231148389695082,4.215730173092476,3.6638752472087828,4.001111937496274,3.611207748559292,3.880182482944861,3.8397516794542788,4.037798010317676,2.951745413606868,2.402686652396147,4.10673064294718,3.454452384420951,4.253515080823292,3.9451913235651817,4.057611334026049,4.07090064037255,3.8342699896375207,3.5333542513993996,3.7300220975758767,3.411213179875371,3.9286294661976555,3.799066526208103,3.7837619756638023,3.735084030516014,3.813246361161172,3.7591005205266077,3.6490974563186964,4.025099022660694,3.9802974248959138,4.162289514145423,3.801957692137363,3.877730587391296,4.098134482417606,3.968236506894759,4.080065242120501,4.12673101389614,4.1522164701478665,3.8617732227615242,3.874019853521227,3.8765101232406307,3.782580943830934,4.03420850762158,3.6332420698877037,3.8193566039463525,4.071611460800756,4.192838950735969,3.989531034753055,4.057224012185045,4.050103336170469,4.42173848157989,4.12620182063805,3.8505478483196485,3.4069238755857607,3.978638981948725
3.6198922381076155,3.3919088814067107,3.923695260091331,3.6390158159316037,4.001307738725233,4.0675246521389665,1.8934870732450237,3.3891927494609777,3.8657784475668246,4.42672856502456,4.373793159175153,4.3312244751332525,4.308336061860425,3.79997043512361,4.066768949520848,3.7058325000931838,4.116767216260012,3.8566319096593835,3.61698776063583,3.28446604622787,3.9415844383566365,4.14994226723861,4.194732190386883,4.057508107969968,4.142169647155753,4.37495718988508,4.153911246517362,4.47648071781366,4.273869890953829,4.196833059204127,3.96648167242794,4.054457594387696,4.655583409811044,4.150918073794718,4.179130911976568,4.12585658480434,4.38053501714717,3.976322594782514,3.957762149127451,3.8644505853268516,4.237633372116095,4.71431708801343,4.266549652661984,4.05879447064104,4.245628880820769,4.247529169924513,4.228488906302141,4.153982070721735,4.064174827707372,4.00898384210813,3.88014343480921,3.66387635770615,3.2183337978632442,4.005390262408517,4.009514931313805,3.7927717525240916,3.5013103072139273,3.95832331283621,4.436539420741225,4.490851779877609,4.367887579858585,4.467145843040269,4.384812325853449,3.6570531438073317,3.876840589472467,3.948442056699119,3.88733584301914,3.806291223253828,4.417293976426989,4.278378080763659,3.7967148881474486,4.082406541386438,3.837322799950473,3.592102883212814,4.113198852452602,4.428027954062571,4.279643545260741,4.086855793531125,3.840104139259406,3.9261606448377626,3.868792989338025,4.580470675428298,4.396850486344625,4.192759743178661,3.9564257592663306,4.39337601344147,4.37355746028031,4.305442710185649,3.98823747184939,4.584397384963497,3.9955469066585603,4.048841803520155,3.908192969192763,4.230237649143196,3.8308816591488735,4.158335050561492,4.312784116477011,4.167109789747206,3.9343699539316193,3.8841530662226664
4.306295910624842,3.046634560744744,3.7236622737646736,3.634714563836048,4.005044978918621,3.974481354529984,3.3891927494609777,1.8972745571968481,3.903363251139009,4.300728742809351,3.962232643403583,3.8699791229865084,4.01379162839775,3.9782211174406164,4.337821645167917,3.8985710586567786,3.9842831342782867,3.4971296064206396,3.8934033147506106,4.114836988354963,4.030389246896366,4.049299498734,3.897435063905937,3.9269095639951854,4.557167252521945,4.132510823261016,4.59278434302556,4.063474910683922,4.4681210021661295,4.095027055075504,4.191723386510033,3.6857842525487436,4.401667503903889,3.8995872999794394,4.149635829027148,4.383688918826613,4.2600303286415135,4.291464271426336,4.491576495061711,3.647030867198537,4.318397654625431,4.457929587862528,4.172937648855117,4.362546084027841,4.624678943453732,4.631336598579197,4.374199326135086,4.352459085820703,4.267014416857705,4.483959609816591,3.8654240404135987,3.097017517603462,3.53085498348698,3.609491767886048,3.9731709761576695,3.9596936610530613,2.4482985039868788,3.554633920231398,4.149888441382147,4.361378927172115,4.014961663391322,4.118516375079423,4.093477962135919,3.7269612413477073,3.954804341029525,4.24541765055138,4.030821679547825,3.996049865294098,4.174490015017126,3.799443718886525,3.920399419098132,3.8900994620210407,4.072910136686453,4.010353818645149,4.292906830739121,4.193509305755441,4.458589166495722,4.2791891907105,4.326000553287545,3.797559459796518,4.210091742394146,4.335577594795228,3.854098663447374,4.276215718810287,4.258477782849702,4.14371597696244,4.194756502022778,4.188209742589582,4.48219762334028,4.492659456499004,3.962601916916287,4.062773607523171,3.9891450896130536,4.001656429628784,3.8563492791130094,4.544029553151417,4.753276306990651,4.575357083992791,4.144050520602787,4.460675757730254
4.075070478216138,3.8794220772732118,3.307946317262286,4.157713268886536,3.574880953400878,3.0153728353094045,3.8657784475668246,3.903363251139009,2.0857293337740295,4.14113283688361,4.150694874982461,4.3371376432564634,4.156597502419801,3.361407716967468,3.849581976455093,4.312206779740098,3.6674219412289983,3.8371957989703716,3.479076017538089,3.870304375011633,3.8705249880042976,3.9977477304873092,3.8859245098568316,4.031600586878804,4.203808717294792,3.8594290603511094,3.971334133021558,4.176198481499617,3.522718965362592,3.853309326537973,4.119421550467854,4.317400436774905,4.384019261129331,3.8292403983215713,3.997438121561713,3.870740808514098,4.012080369564118,4.035965631015015,3.859966826952671,4.148250382015219,4.275393714214585,4.021472038814427,3.924680636430954,4.251508724220164,4.015677679991097,4.18822712411579,4.271129528130132,4.020598494596998,3.9059486397919376,4.207294739222485,3.8532735605020725,4.01988484112028,4.050889017798,4.225627873997464,3.6400718435791175,3.156392122671443,3.9128165577904666,2.861614208159765,4.124964859437789,4.505611589966759,4.211377805861152,4.206028667513141,3.859350346866854,3.364377232496314,3.512202080834193,3.9398956562510246,3.914177402849854,3.74283040056308,3.952115137359857,3.955063505109025,3.5823178484105873,3.9135194736061067,3.6677848044901236,3.9341032480109277,3.9457828384999813,4.296281655250516,3.629941694753414,3.718069896157379,3.975916942585176,4.080689921977786,4.176189211975194,4.16542124437125,4.177972574682666,4.3019350632992355,3.807891920945995,4.023494145693735,3.7990362955162644,4.239119864163494,3.6168027389953807,4.034662756325339,3.8223743770293477,4.105808631328606,3.822679835295147,4.19315962558244,4.086167773807965,4.115634484630954,3.8802412532351376,3.9336795475662765,3.763911651818855,3.981069158721701
3.8507004803661102,3.921349800357627,3.9710462636044523,4.454475870234972,4.1179149075381725,3.9786527875741786,4.42672856502456,4.300728742809351,4.14113283688361,1.9827668022359661,3.5494563569977795,3.31325442749076,4.389832644093485,3.5482562540692313,3.9049356500213275,4.169169485441505,4.023841960285308,4.073204352717502,3.81561928719467,4.461264958638562,4.1936902860619885,3.9442333748565352,4.135825252005574,3.5791271980556862,2.989775777935112,3.900437621308587,4.239484028179732,4.192102478986084,4.225018594103499,3.9244485597299152,4.395073250281201,4.351227814169415,4.189231230354556,4.026212855415401,4.104352696511647,4.736653831479276,4.612068973281985,4.139896365106912,3.9364429376608214,4.067900410461207,4.380428227345939,4.131219102087434,4.215743423233337,4.258879668926423,4.104067544980758,4.204369407901917,4.300853492559738,4.23867406541777,4.428678266032002,4.443085678836526,4.033621154870627,4.185909560432358,4.442715987777536,4.421211875585688,4.155298916717698,3.926233960325145,4.2138896744993914,4.088679876766012,2.7504887103308358,3.0780975966664816,3.6664725043000272,4.301575718783074,4.097806525408717,3.680429763750128,3.455760296172513,3.8392551313227306,4.275062127122336,4.2825047978471344,4.465300533523997,4.083595734610724,4.158024706595176,4.144131942641766,4.1075335064464795,4.278145895472449,3.7238182936198005,3.3879182490257542,3.9871296059286587,3.8245513655160948,4.208943081451247,4.303590657688433,4.10802315054063,4.509944128458832,4.44268030504461,4.060433255045287,4.151793085752677,4.262052225100709,4.49428093397498,4.291863818082342,4.631106731199144,4.499358447153646,4.106376236850814,4.540806348933958,4.396636812886313,4.463943020842398,4.337417546437062,4.4075262303391645,4.3711265527883825,4.637580166301335,4.2488940415911305,4.52928622493876
3.8073886108430828,3.9877750628452997,3.922886241134469,4.349103159872471,3.935462619220646,3.603331865343628,4.373793159175153,3.962232643403583,4.150694874982461,3.5494563569977795,1.998990235454381,3.3801707108023287,3.742421791985698,3.663930578715781,3.9064499658166807,3.8582588732060796,3.2747194025233544,4.057130025371639,3.462648089785542,3.9649470338556605,4.117162666888998,3.654475717645555,3.7321060218473856,4.015956656187484,3.3590237651107437,3.6673687242021287,3.758969261364934,3.9617583375992864,3.964173460366537,3.8643142172007106,4.198931125307393,3.7811313655735406,4.150115104613365,3.880302166089586,3.976057066563055,3.882422681233199,3.6393082696497516,3.9642923743714418,3.783067993180807,3.521928058089824,3.939928093802867,3.9981955854487685,3.8021857997367365,3.7676197749712825,3.699287344655421,4.083129244762158,4.005286865916943,3.4540142557575595,3.4389904828392046,3.7910029070895606,3.4277172207715814,3.7043747794078916,3.936536103062221,4.080280559669858,3.9137116016553053,3.9893307226913604,3.8170805287359992,3.8622883122234195,3.5411093063659784,3.2844848685703547,3.7081352680187347,3.783371115114631,3.8034985821354232,3.6323082132878346,3.7365548792844043,3.8995480157803297,4.219745093112889,3.750654146459272,3.8717729848902303,3.9090728439728255,3.9010956241198538,4.079240925390011,3.9194602510121332,4.057684557288206,4.027400891239684,3.6056358816703353,4.291806616728931,3.9900491270653164,3.9374470636738232,3.5476547422908324,4.265131447405491,3.9428401744263737,4.028300173581646,4.020012790023412,4.1044674151626355,3.908414997461565,3.77306325366593,3.9933023987601963,4.1703904802474465,3.9908277995557846,3.785084769338784,3.9357590696383293,4.045227384202779,4.068949033746762,3.933464669480309,4.005792417878029,4.282902688206657,3.7753128895517163,3.489578757959872,3.9687156917050963
3.625544000772509,3.607397070652547,4.006699038216057,4.345935863802487,4.026521884319872,4.15431723560637,4.3312244751332525,3.8699791229865084,4.3371376432564634,3.31325442749076,3.3801707108023287,1.733436654997081,3.5195762757896505,3.530877127076553,3.757715723282522,3.967636979515088,3.0768257421220215,4.170118179553969,3.5752993077721453,4.22696708431703,3.689127360432346,3.911672293015041,4.12166712625921,3.4304480291349324,3.6526829164160852,3.55594082741628,4.340309616648709,4.129382226238266,3.908367911828426,3.6881829793482375,4.24481244147526,4.152887270463722,4.294506684132794,4.289972687404439,4.140988674534555,3.8128403587159934,3.9355678156143403,4.438514403212889,4.149807255074555,3.911882212301596,4.177660204435277,4.148744191195365,3.925432967504722,4.354789555328758,4.15638444839723,4.160384511900266,4.03335050852028,4.417672255607285,4.083395789238999,4.2071627578388195,3.7778616847932254,3.902848198600731,4.126752106449134,4.153626089742374,4.422893808241238,4.1841650413011084,4.261844834211725,3.99395235202178,3.265958581799065,3.2975016178130816,3.0879597145573805,3.64484297626816,3.504633740676801,3.5550578590265673,3.453510032041301,3.621547003613034,4.062612078187168,3.682235850229787,4.0601593584831335,3.9197069030565608,3.915462348292756,4.162570483529992,4.061030513234708,3.9769777410384948,3.6793526132126866,3.684945850543506,3.7716611968134846,3.9775942975101417,4.150320774400366,4.036603146740805,4.044475881467503,4.236756690545267,4.343505026012858,4.274438719906556,4.119661967039039,4.365776888947238,3.7187872598392033,4.287923512436008,4.1185941519641505,4.202184070497823,3.7205883495275636,4.043848804155964,3.9891281150676834,4.222282011555379,4.339132546179608,4.191861434652429,4.094585882264965,4.083428071895412,4.120626669311804,4.208909575159117
4.018335280488054,4.020485947138018,4.402030367489571,4.06601352721829,3.916778724061417,4.19540238153115,4.308336061860425,4.01379162839775,4.156597502419801,4.389832644093485,3.742421791985698,3.5195762757896505,1.6965052335783535,3.602014708437362,4.113462144467489,3.812120872065807,3.053715416413191,4.2720072868012124,3.585879634908704,4.26634570882425,3.876250891966893,4.079681054184098,4.219030838154112,3.6442764690966967,4.2141679622718655,4.08647483869833,3.865863172071365,4.133016633513839,3.6715531084215276,3.8440455702642944,4.411376104984223,4.397335782741792,3.769240105081402,3.8174349891508115,4.026826914682549,4.1496942785434765,3.737027900476327,3.892389958856786,3.6779345927142995,4.101954312018076,4.080871575147253,4.333487009784695,4.22932050480385,3.816644778277221,3.6850336991847072,4.279374625968732,4.298670222079975,4.24745233630413,4.382710709067932,4.084882430681614,3.8416686017803943,3.9580500123720657,4.063666248014057,4.016587840750882,3.954054586308982,3.9891279454983195,4.075853308903899,4.023635809883891,4.10175754056626,3.957133064957393,3.664246474219707,2.380969501170922,3.5146141962355104,3.3630012040378383,3.698599803028076,3.8730040002622226,4.309308182909637,3.724705587706384,4.1509873329790885,4.260006343759678,3.87071707429818,4.449791998142569,4.774758141672667,4.172409010524389,3.967668444861528,4.1599190225269735,3.7637787812485612,4.114175643283729,4.243916491133267,3.958160285902576,4.477973150561164,3.8204269381986395,4.077624964285862,4.0214141659185865,4.374864833413564,4.0410122916793485,3.7180839105893413,4.008264395282186,4.314055717106444,4.136352009566487,3.6500240171754346,4.559154602133287,3.7479699596473686,4.276316641463638,4.183184676658083,3.872059745209861,3.9660678250386563,3.739180033528894,4.329933474741371,3.851384762993907
3.566552587326395,3.6457137209317323,3.553062577447012,3.648693091763025,3.8065285571943743,3.578729735229585,3.79997043512361,3.9782211174406164,3.361407716967468,3.5482562540692313,3.663930578715781,3.530877127076553,3.602014708437362,2.0661071066978747,3.3900359560884072,3.8536164716385692,3.4154904711623066,4.00101205261105,3.2681984424192274,4.100727717857236,3.770486126080935,3.7955010104475724,3.6654985217367333,3.840403605247541,4.05069620525317,4.229482204088066,3.8098420268089477,4.309354271705276,3.379191950743638,3.679128396350453,3.6732317998521067,3.7677434035308823,4.081555632387944,3.764023920346364,3.8340632596366406,4.0601712974240485,3.944748958972011,4.142566930589405,3.740943913776902,3.9822886481392614,3.654701534772655,4.109954517071413,3.4383747279258623,3.8396104766013273,3.8345179781192615,3.8034289048032304,3.956608300035735,4.085195280558767,4.03539747164524,4.109196262102168,3.6873653470026233,3.909361359656914,3.8221286913242523,4.234427053674676,3.810993830751708,3.66303992421301,3.994600066498416,3.7909023352961895,3.8825466310125165,3.977423638317021,3.6123953707071945,3.408638324435915,3.57796292749385,2.498767754208614,2.9588004935476566,3.3421409866747953,3.9089191267915933,3.435434885633859,3.631522222624023,3.861151539827655,3.750153602067589,4.085233265452774,3.9504116996251066,3.9724050826742716,4.0028147016706805,4.204369535792668,3.60388915921497,3.7959622278619065,3.7492110561745204,4.084825285725192,3.971637427150042,3.832621634129433,3.807286710044401,4.1598377766884775,3.966112443337894,3.9965902781018396,3.758579620349606,4.241431698891929,3.9726858118707096,3.8290096438420727,4.063478206027616,4.064212475137633,3.890046594259098,4.138140063204059,4.138517204108967,3.9694204674397877,3.9249966453600837,3.7964312330194456,3.953149220284501,4.007592945163747
4.296063521922933,4.008509976235055,3.691567730468522,4.092245743747531,4.095781481106711,3.434940374896573,4.066768949520848,4.337821645167917,3.849581976455093,3.9049356500213275,3.9064499658166807,3.757715723282522,4.113462144467489,3.3900359560884072,1.903673231378318,4.232277343630585,3.09544612478399,4.282518210040608,3.1419843545109187,4.052265161263956,3.462030195115543,4.161706426965393,3.671902526766429,4.079196609049091,4.179362104198535,3.8790699169265923,4.2999350301023656,4.218225058087403,3.5375948447428476,3.1421383739632733,4.621399212485453,4.355467307197149,4.302727189674701,3.7258819976133206,4.229072234441782,4.40605782479796,4.329948103969192,4.105890375333873,4.05858494368168,4.028209139666425,4.559323096084382,4.200174119029418,4.173233999348772,4.336275246177279,3.967690410262291,4.463966066616004,4.555032112775543,4.400410831657718,4.308511410952565,4.477999887753397,3.8386020365123783,4.197387796385222,4.257922132808631,4.649137529828744,3.68810528933813,3.7202954356527558,4.322363196447549,3.905162898038626,4.44058897037786,3.8797932044003427,4.3692250061836155,4.07068455589343,3.904553434719066,3.165298016842548,3.4182466128592153,2.4410586151266123,3.5908697389427866,3.4135017694790584,4.068076073810014,4.236551511174398,3.687645473572177,4.0983377758439214,3.820399466381309,4.128157533733362,4.172849113591471,4.319508773998249,3.6512024200191435,3.487483019865136,4.270563879650662,4.379534336190686,4.290664550769971,4.315332795971433,4.133576644620292,4.2953941346346625,3.9110737715616604,4.31120184733272,4.043758114617748,3.9780366587164164,4.076260902119924,4.092320908348263,4.258125879233185,3.984344642004609,3.693728925307081,4.270158189041365,4.392471102004019,4.214032003243462,3.8255251347923065,4.121571442881409,4.172704511487821,4.238240800125332
3.758061704890118,3.3718342503474275,3.829776954448724,3.9004330404305727,4.167538147335605,3.8935219525810414,3.7058325000931838,3.8985710586567786,4.312206779740098,4.169169485441505,3.8582588732060796,3.967636979515088,3.812120872065807,3.8536164716385692,4.232277343630585,1.9958406157177286,3.690740707197675,3.470000172004716,3.4022450608783403,4.065749007699367,3.869817074845736,3.7338343552585984,3.6339206908473467,3.793630244153711,3.945940665773186,4.086856449571924,3.8444837659597915,3.845397715839284,3.6717724010569746,3.6938807867697774,3.9876208138343325,3.9727975277886336,3.7310669727161496,3.8176320623383213,3.8283619946675977,4.463398248493567,3.9083337481833444,4.315411745638366,3.9062182606553035,3.787119143244892,3.942605683642957,4.085769221044596,3.7160187684878414,4.050498773160667,3.8214603084528034,3.652386174856853,3.8437516274100627,3.956640066076847,4.267347298945846,4.10012460446169,3.6246635583282374,3.2874544933516248,3.9718517715561457,4.028874131978789,3.8653346971338096,3.874549319327357,3.766928253502047,3.8993390930317395,3.7741658768741564,3.9362772533280888,3.6908849083383664,3.937515254200336,3.799487951106473,3.697539351134309,3.6754606503678424,3.979362105098091,4.176328653302406,3.660181446458084,4.028907627415299,3.5835248566454023,3.9699448293162076,3.8862182901352615,3.896364545810451,4.112254594761138,3.7400324686650537,3.6989900165726017,3.6869282234168885,3.6080715579579348,3.9082017108647067,3.933870026096414,3.9169210205038882,3.893602408267148,3.808150998546798,4.055215651893778,3.765667793057574,4.098271600122648,3.7755058221811995,3.9789023864220536,4.4051157928009115,4.02445969307652,4.033475435391832,4.193720691244305,3.9079316824494836,4.051268599471051,4.136762444856547,3.9938341261192862,3.846411100746504,4.026571289026623,4.202918434922735,4.236538089640839
3.5554906489832057,3.642001101125229,3.5481174823553583,3.913257193220612,3.6452860754078467,3.5877167153302145,4.116767216260012,3.9842831342782867,3.6674219412289983,4.023841960285308,3.2747194025233544,3.0768257421220215,3.053715416413191,3.4154904711623066,3.09544612478399,3.690740707197675,1.9837082105363002,3.894833905037397,2.9797192436179007,3.7961059424100574,3.685862556980128,3.554079150396075,3.865185212376769,3.5571473488134155,3.9803680470656944,3.973554360983064,4.039488746642238,3.85232272820724,3.4901233273563372,3.6405839695203412,4.238076751205152,3.925585126794023,3.9716316854611233,3.7558441767727406,3.8576552069221424,3.9551322121993326,3.7164147339550997,3.868551861486443,3.571447802993431,3.8228893291025203,3.809348970788987,4.0072912362175055,3.605492337942407,4.0784293448285185,3.840157499476885,3.9396613023343625,3.912329228165946,4.1979525656551155,3.7557554800928306,3.9159556792540324,3.4742125690771215,3.638755705653293,3.646845715370588,3.7004018586702685,3.604455635559911,3.6023148750269867,3.855670427320556,3.8194776791894,3.7729840391808467,3.8169112192117667,3.366946368158281,3.1771070318335384,3.2022408864406575,2.8281052254927737,3.3065888092663536,3.4258451922943647,3.8124800506705068,3.0467028877450346,4.006096106186589,3.7422676860949027,3.5774407830662787,3.843379132641859,3.9612744136272604,3.904561443442013,3.568387738497738,3.863003809565931,3.5959996951276256,3.561427719321799,4.0679464960259235,3.7303779541530733,3.8756129844593605,3.8601910308966376,3.985272061166769,3.9339709343402745,3.9120715340453027,4.035278740772555,3.5991851138353654,4.019582634801852,3.880053102693845,3.841739914072382,3.730724425934153,3.8258009604227587,3.827107357236323,4.137383395926618,3.837234726042128,4.0665042765079855,3.8792146731924926,3.8263598572393156,3.594467093985905,3.824548040965558
3.9482528138547788,3.6857384981064474,4.005914200331887,4.058384488881753,4.213549900451631,3.9428654374180203,3.8566319096593835,3.4971296064206396,3.8371957989703716,4.073204352717502,4.057130025371639,4.170118179553969,4.2720072868012124,4.00101205261105,4.282518210040608,3.470000172004716,3.894833905037397,2.113224535185891,3.703893211456087,3.5212083822281177,4.012049051877853,3.515912123915072,3.639872513552867,3.5287547540781445,3.7315329138400535,3.8555641298880032,3.953205382883714,4.180291525455146,3.8740612744906144,4.305478130713368,3.9216802144728526,4.044199302397498,3.9036800701854957,3.4975180399998527,3.6994555568143728,4.021509287832384,4.03877549609061,4.1378470715734075,3.6896101304808377,3.856064364488284,3.731257338616042,3.8265754042148097,3.612907084575427,3.9427185903735853,3.9510708489815545,3.9291375875857093,3.733007924760251,4.124946294690501,3.988848824250661,4.165894182458293,3.7916758525030807,3.751061506259244,3.6202489506835795,4.014190336953009,3.828152844976186,3.5658120250773626,3.6403965129057085,3.590695088013308,3.5761950046035276,3.8299172843288134,3.67260548325393,4.078343027671014,3.6654833041528874,3.7372649405804577,3.7263947601266847,4.169873399301276,3.8823938133313307,3.7713461807404705,3.9831217152864675,2.5772724468632515,3.76970008960394,3.5289906649943332,3.252816243893116,3.8683122290870378,3.620695063257339,3.730953642252115,3.9288806823416627,4.196053145928262,4.007713154610908,3.7128464112919217,3.8530088568664733,3.87332303490263,3.9305115127497294,3.719032045637259,3.979929167811535,3.7103390039867956,3.9539838856338045,4.052429500712985,3.945625690197734,4.0424469085169905,3.741901227313994,4.104934908005869,3.9868447773240177,3.763774453765683,4.184166893026771,4.103068986886839,3.944776784124818,3.9089922428309736,3.7127130782996773,4.211896960546641
3.789633905727742,3.573103935707014,3.4430027790645656,3.5408862970267476,3.461445361245622,3.3210571028799487,3.61698776063583,3.8934033147506106,3.479076017538089,3.81561928719467,3.462648089785542,3.5752993077721453,3.585879634908704,3.2681984424192274,3.1419843545109187,3.4022450608783403,2.9797192436179007,3.703893211456087,2.0975985640747976,4.553638987896867,3.72666642063851,3.571395049423928,3.6680097465484747,3.889317632885469,4.053808663454998,3.7510801052696117,4.426858914262093,3.836624381331557,3.9188790134576874,3.325463165811099,3.914823584183706,4.105440599040583,4.200814061600071,3.2377103389281854,4.094138871514126,4.602092305834484,4.3911076274589895,4.2537723648652,3.891825339952743,4.195325400987538,4.431211414246943,4.118225131237279,4.124496769285132,4.4013262386187035,4.423124313272221,4.473543685299655,4.54485250522882,4.350856815739122,4.458141741015806,4.560843370018801,3.79928813479589,3.9379326919418225,3.802788324827489,4.167072520333736,4.298061424241727,4.146389427472615,4.184856750109144,4.117865383192329,4.31294966573023,4.451353006162389,4.085888648144948,4.112413047698842,3.933492273179775,3.1968379382608805,3.3855548056862244,3.8150967787101844,4.145939200819639,2.866168378837225,3.7575433938260656,3.626609590845364,3.7481598266439815,3.5700130324075054,4.041337070584188,4.275764992802518,3.9096547778132025,4.413105628308284,3.6998547368753996,3.4556893733706,3.9800431255125295,4.187605942485905,3.870797102858878,4.1490288409986045,4.12226785527801,3.9431218484279533,3.7999455591196494,3.93880521709113,4.087827870345997,3.8201264897982314,4.389673057981494,4.139868822429533,4.167752008505781,4.231786538777243,4.370392517520755,4.201334239745824,3.980015665269578,4.22836590902378,4.071161139280554,4.20769472876096,4.178576071008848,4.500099377602602
3.4804466908045026,3.8839109697405463,3.439180585670864,4.31235228618249,4.046796881390087,3.950081450237134,3.28446604622787,4.114836988354963,3.870304375011633,4.461264958638562,3.9649470338556605,4.22696708431703,4.26634570882425,4.100727717857236,4.052265161263956,4.065749007699367,3.7961059424100574,3.5212083822281177,4.553638987896867,1.976820234770903,3.88607610802585,3.8371075715732323,3.825341167478339,3.895054417827121,4.0297097475420385,4.273505157897952,3.9454747462715223,3.72061561134881,3.595166871041097,3.6193296296490955,4.2592239437461465,3.7518132198165075,4.425264869773946,3.861058800697092,3.8643951952164377,3.1591374615847765,3.9739394916371813,4.0065269811505475,3.953059740542719,4.152306656531313,3.8403238391377674,4.63962180409055,3.816088036364893,3.963842487924333,3.8680607328092935,4.009732757955886,3.9513743947685196,3.8811541381036365,3.285645120855998,3.7931655382525586,3.9127313826863346,3.6467693660427867,3.857649905116263,3.816871670360534,3.413562036694717,3.532555292831712,4.019772899773079,3.734687890933137,3.9720577253861475,4.03798630952799,4.17368799482299,4.18288808402291,3.611828114893914,3.3542637292608903,3.6673636512522982,3.962467609292099,3.843548030492457,3.7064269662914886,3.9006364643886946,3.68437265245839,3.841345864829881,4.22975904833555,3.7826248739172055,3.849314681021317,4.208423340252013,3.898960183289151,3.7999980052384696,3.7881628514636128,4.161519215223466,3.9462600466637716,4.003589438307262,3.9290143208316803,3.9840419491543417,4.118987839372359,3.7991503293912707,4.055376298383524,3.9162577683753232,4.142254783177163,3.0396531378014275,3.7092653864139544,3.891282235920792,3.961957461253977,4.267280144420318,4.357124221970312,4.177807090153747,4.010657042568542,4.125553846321981,3.886898893659417,3.3686190422834836,3.7330225237734997
4.582112601617424,4.290996831348116,3.7945577296309234,4.102781887028895,4.035002067082524,3.696626000998967,3.9415844383566365,4.030389246896366,3.8705249880042976,4.1936902860619885,4.117162666888998,3.689127360432346,3.876250891966893,3.770486126080935,3.462030195115543,3.869817074845736,3.685862556980128,4.012049051877853,3.72666642063851,3.88607610802585,1.9797039985507332,3.8214287846607964,3.768074512803785,3.9193425247833646,4.400032276611402,3.896936865175794,4.216306336030165,3.944187824435678,3.673173842121314,3.2331265370598197,4.074732757304204,4.342849865330813,4.454098927143851,3.9891660931719937,3.876586612212613,4.260344380407972,4.04501309131419,4.057163723779001,3.9273483928596136,4.1130879336308075,3.613408078355396,3.6585229638958308,3.795931511472865,4.401735009563169,4.02876350982173,4.1598633739061714,3.7191128248568113,3.8210951167798086,3.9978466130453834,4.278845922151197,3.6285394191526756,3.8091991567536923,3.504308618533656,4.2693006346339075,3.7769370071630393,3.4916247071428277,3.8215921634387455,3.6588596255766004,4.235762820013333,4.40553528695892,4.17303375539063,4.4703682223584105,4.123919925794307,3.2011936505686736,3.176603639467351,3.6113365138288707,4.063085057269768,3.2172788428923904,4.296807030491453,3.946563506036401,2.671362990604569,3.6140432227722714,3.99416966627815,4.136334763415996,3.926610842266402,4.581552767244449,3.4738299561559494,3.5817726540725565,3.9938280123948626,3.9284951029025517,3.9329602483895334,4.0432948501862,4.06603838972258,4.016168262325417,4.118231801575624,4.01955926827439,3.948968618815182,3.9726402780566623,4.1707877735175005,4.110589577417918,3.903565861464231,3.930029023438471,4.136162571415456,4.256356056139916,3.9605861693350355,4.295202063118208,4.200932234576401,3.8861079714866666,3.8677647301149336,4.292860399214109
