0,1,2,3,4,5,6,7,8,9,10,11,12,13,14,15,16,17,18,19,20,21,22,23,24,25,26,27,28,29,30,31,32,33,34,35,36,37,38,39,40,41,42,43,44,45,46,47,48,49,50,51,52,53,54,55,56,57,58,59,60,61,62,63,64,65,66,67,68,69,70,71,72,73,74,75,76,77,78,79,80,81,82,83,84,85,86,87,88,89,90,91,92,93,94,95,96,97,98,99
1.6952866915475413,3.4142716084303544,3.63504974981675,3.948506138568734,3.5891613068367936,3.504245702524864,3.5283891082310004,3.603519180429696,3.573815505057481,3.5505879167773755,3.6814192586989893,3.9386316309195304,3.8486699382163074,3.651207839282025,3.5410560630934693,3.30378674427517,3.6106439984670597,3.615246307011183,3.698916013578572,3.3809210144689685,3.714472396166665,3.466883764108128,3.6824491824021455,4.030090267723174,3.3369532902003765,3.990802906698579,3.7375439771648447,3.667955557883388,3.6253106576587926,3.7021737050835464,3.401812033917582,3.4616260343452403,3.956373919955579,3.545917025347677,3.725041633724378,3.5359725553390495,3.641684638412622,3.618063023992463,3.5513568414715984,3.6400266728792454,3.715590358348425,3.6670152070836046,3.3877246821053393,3.6859848951352046,3.7203927926902116,3.6319449336834726,3.333110670808871,3.8478630659124167,3.114662779399226,3.939187456162558,2.9040604584204615,3.62212259040918,3.615137235509627,3.508997403554566,3.725341541711698,3.704645114872359,3.6432426951145005,3.656275015993317,3.8678736769339945,3.5694418884473214,3.779324108243867,3.759016240479883,3.6856171972863696,3.7577978551371265,3.5010123771733723,3.9293391606784955,3.665503803282419,3.817230358729368,3.6544006112805607,3.7829168485068574,3.9211916505195687,3.763249186549505,3.7502060123525203,3.687248026485155,3.682281055862985,3.650412361503238,3.4907483949932914,3.585078678751227,3.8764503962594077,3.710334256842247,3.7749583412095205,3.712869608352289,3.5108074724583,3.806751311909117,3.781447092231492,3.4712249277546263,3.711408116529572,3.646456296589241,3.3961882107156107,3.639135535994445,3.313202541484362,3.7773305245399276,3.646706703756837,4.109080396807728,3.6089028018676137,3.682910161384998,3.715782452285766,3.979066873374682,3.0313254098324536,3.980205319445632
3.4142716084303544,1.5189706237357525,2.9656525546759025,3.5772728125928057,2.7415290698876427,2.925358431732033,3.085642433625932,2.748804460250494,2.6083555619480197,3.53348168504946,3.651439012061699,3.658809295126218,3.722199151026392,3.653747074628329,3.6277297033094604,3.703641746478202,3.6649466113053157,3.690257250798933,3.746553185819063,3.4359149408761156,3.4457301593427836,3.6328634212855686,3.4027381569503565,3.6625424636110417,3.5345769539146787,3.665542295644172,3.4283710531426626,3.4278659547563923,3.5762967120991704,3.7489179200462854,3.7038018671786856,3.1948641684047865,3.5927870033069507,3.4517133883422764,3.5436156573082127,3.380461581020128,3.590895443028351,3.295971161154138,3.656894555956908,3.5472706750335186,3.5205316128895237,3.5448047225325543,3.4281794170328213,3.6405032400741697,3.4308669468162316,3.564147070642377,3.6311575481472804,3.5564025009813696,3.431758994443478,3.661093179319813,3.4360530070579482,2.583509070527289,3.4514675527496173,3.259447899445701,2.7876647597283695,2.9481911172488218,2.759165796369161,2.849431627530112,3.9494670132692447,3.4501911636317724,3.5652700946649807,3.3788505439182694,3.4301328350587745,3.408629843789076,3.2845728564432215,3.5375411757001474,3.1881195126512636,3.3950950523627776,3.369038573611916,3.475933903275242,3.113464454182594,3.5910082274009607,3.4802353910977293,3.5911251917374436,3.806176314429315,3.6296157943335756,3.5215119307741447,3.66321296050829,3.7240740271188875,3.6725259881139753,3.8978391739896745,3.5555835088946517,3.3954884897732667,3.8199238387625396,3.465640936247697,3.6111746190724925,3.5775551344952015,3.559809267911207,3.5177620812310875,3.753067519740786,3.727643361910202,3.52429847877652,3.5008642883162198,3.595781825799918,3.4060798443315226,3.5699480818062987,3.3749886011182544,3.5688142164638665,3.4511872673542205,3.5558492749975303
3.63504974981675,2.9656525546759025,1.7888378024954248,3.5286736241031718,2.907018341444188,2.6441722406605623,3.2246286169079794,2.845457266292482,2.4278817100064263,3.7773873810636065,3.541938733217865,3.5226129400723076,3.642840594426586,3.4879204218275044,3.477891371565882,3.3134933603956633,3.5650630029292207,3.700592332735753,3.5972361642253263,3.686787434916008,3.9035626278106554,3.336993120672469,3.6463961696073954,3.5161582679413463,3.575992552198321,3.453941991624309,3.649871078672602,3.748102735462072,3.5671869040792195,3.560879832555099,3.4197856406350993,3.2143633369318145,3.5028515746590894,3.5613989917360573,3.5272496900301102,3.2054167634062547,3.6048598414906325,3.3627718409214373,3.254732514998878,3.2020794731839715,3.373176885929375,3.6631856400412777,3.3911233753230707,3.6160592486612586,3.4215695237797163,3.483195552985289,3.471647011682914,3.2373692130036824,3.629296724622952,3.75335421534719,3.6609093393572207,2.8437765561911834,3.487876585954641,3.330439906475845,2.4068191561240795,2.746507476462809,3.083107897578092,2.710981022492127,3.716243141811371,3.469948701871754,3.572669486004566,3.574040831191608,3.4934049960911593,3.125049008968746,3.2753156804480223,3.59802991617823,3.191448311506201,3.446276292209524,3.569399166466239,3.4124678147489385,3.586026732339008,3.2052070376213337,3.598423889350703,3.567903111326033,3.463665246136574,3.4355484420306275,3.4711227998358685,3.3234920944687474,3.5916782345512206,3.73889243561585,3.4052552724929575,3.5108803768155945,3.3832851945122493,3.668607939189021,3.506784839555549,3.3537394602243076,3.5445582476138493,3.7220927454225485,3.5339840919698857,3.673689378198126,3.472157216133383,3.4996588261001484,3.5870093822911544,3.8145691847253946,3.873778563015762,3.661201576507357,3.890492705517372,3.594239630269817,3.5743067660603023,3.812661599796233
3.948506138568734,3.5772728125928057,3.5286736241031718,1.5078976295400404,3.421213644159518,3.6101384794797347,3.570284170764021,3.160536712655258,3.5209300158594266,3.7049927910084692,3.7762575933442943,3.6429317471697997,3.812950723376945,3.5318986306951827,3.8112033002569046,3.3224428668378394,3.8474038146831884,3.6180192955916484,4.027211267128275,3.8259811249066216,3.9036840016328416,3.9108380607056117,4.0763387154723025,3.9682505893342843,3.7324730002212405,3.7938928540861983,3.876813089729657,3.688965773979257,3.924248673926834,4.192768717093453,4.008676579325807,3.707348562602712,3.6985810742555283,3.9324681547180034,3.97078285045508,3.7790872191947456,3.734792691209437,3.6364530493633467,3.855934768439423,3.737291915906457,3.5191285900980436,3.7472767154136,3.9774652140532627,3.8332007928291216,4.178861052719662,3.7294433494782666,3.870233371421763,3.830107101611359,3.888507788579587,3.7513627816644206,4.108821625708306,3.5472698427729257,3.550761461323213,3.1928848606016613,3.449206552656044,3.497672307371418,3.2679668186624036,3.3522254028807787,3.9290145075876315,3.7197035981998243,3.8557683166204333,4.0441740062949405,3.679935970441887,3.564924195582611,3.5311611698633856,3.6311236957845945,3.8079955011603754,3.655321624425747,4.112554326657355,3.4384979533112006,3.880341872286961,4.059976737765412,3.9080167185073713,4.032871751060648,3.798174511804632,3.921231295518596,4.198844053643155,3.8152572597097993,3.9641736157413057,4.002900900779654,3.7297454744270615,3.8425570304595276,3.9346808119022225,3.798782670956842,3.784774289060453,3.8720020178874934,3.802648541073324,3.770830238674204,3.806676557239264,3.9246048512886182,3.642817629392922,4.028837967969612,3.852428616501633,4.00827957014784,4.019555665112975,4.107261678233383,3.8694397809131633,3.998122821825896,3.967118007153291,3.8419471882383167
3.5891613068367936,2.7415290698876427,2.907018341444188,3.421213644159518,1.5003841483455143,2.6414083639402457,3.3200321147843677,2.8777360147041704,2.7381311350979582,3.5437590305451248,3.795564108644381,3.8223357174652812,3.709713327657517,3.5815642828304535,3.528320818326834,3.515969023091474,3.617636145848328,3.282960517581012,3.6646568150018335,3.3719151943109518,3.5882828930628548,3.5257254410192043,3.5362565840311757,3.765687497278429,3.596273909962241,3.714688227397339,3.7394196243107283,3.7314365455859773,3.8786283108921316,3.6234578414334715,3.6991768852874714,3.478120841149495,3.4568471996120302,3.575987913056934,3.65777082301183,3.652643888495999,3.706424400961585,3.4480928767941785,3.7829556007057454,3.780001822157734,3.721431749380524,3.8503610260856185,3.7000465093360773,3.6698122687041668,3.6694745471062915,3.466524368149803,3.7183812693844014,3.5725484646662604,3.482636400954857,3.6332772295924896,3.9012443910711507,2.8607805461899574,3.6756465043802726,3.1482099338809473,2.376569483311363,2.8833233532622673,3.1650542878112966,2.6992285737760717,3.470913958469023,3.650449351471011,3.668988145206217,3.818812667485563,3.2873541131310904,3.3973469576693875,3.3151079854763545,3.5482195649117787,3.7202883015086994,3.5786158538907227,3.909408217414469,3.1280963730672653,3.472084666583237,3.876524367148328,3.892186641540934,3.970472635570647,3.5770403767841485,3.528400428575192,3.7317937553919327,3.875508420500751,3.7891201335631792,3.8663887079014763,3.5761881445373858,3.7356833395691655,3.590044768799812,3.630170203024461,3.4132247334559533,3.7853690946460694,3.6147154010005353,3.8828680666998556,3.487103385029901,3.9266913336985634,3.669848057111002,3.7058554441726392,3.6857855136225424,3.9151161866735795,3.742582415202702,3.644031681243917,3.7195281706821506,3.7086169471245913,3.39686779249899,3.6133347197025785
3.504245702524864,2.925358431732033,2.6441722406605623,3.6101384794797347,2.6414083639402457,1.6122938546261751,3.3910455451159573,2.863707254408276,2.3236600894162067,3.6608409824024677,3.805696358097935,3.420005892010213,4.026986917004238,3.5662299094064465,3.48848365341571,3.503286294882004,3.7443646098506447,3.3494978202873065,3.621860927105587,3.3659521059337574,3.5461716375414887,3.6465750926866716,3.5074347735713918,3.2806591194548282,3.635383671847507,3.681201550609761,3.679166689486545,3.698287720664081,3.551210356326355,3.556478631816486,3.6139806840328306,3.6309740599939158,3.6028587415529874,3.693944446518652,3.6720523840154717,3.3367528907701343,3.702755775194029,3.534575123796939,3.7935862600678263,3.6983323414061133,3.703804191570935,3.8901640491709615,3.672935783170615,3.647231352046076,3.401389846226488,3.438187424313579,3.680521473019343,3.4045706802634017,3.2590183948467066,3.5281454744129914,3.5636217619296793,2.7771854399106695,3.4706565772253843,3.3117784461076645,2.122001839357293,2.035539058257155,3.030923433795937,2.801757758594864,3.555700420390662,3.3490266951940613,3.638231485056152,3.9221096634667343,3.452109760299189,3.3295785339041686,3.6497318151148397,3.708585443838709,3.29745808099778,3.6912262616987555,3.483764258546953,3.235092355198329,3.461876042396982,3.6137647519880165,3.465026827808393,4.007317819452549,3.5799461150543697,3.6331453449784457,3.285419206661994,3.462314539248658,3.7852503855950776,3.862716965221784,3.55647851884134,3.7207792671067037,3.5058925633583504,3.5866562587456388,3.6129740071445777,3.862520482203546,3.6715862884638435,3.6007663733586743,3.4874591700632873,3.5410451697801997,3.6366144446086426,3.6525969142499974,3.714644567683768,3.9644444396782124,3.693634252806106,3.657901893594439,3.6913814199513086,3.726364329601445,3.1291674574511386,3.5032597015272624
3.5283891082310004,3.085642433625932,3.2246286169079794,3.570284170764021,3.3200321147843677,3.3910455451159573,1.5835962363456282,2.9529902547743405,3.006427174834996,3.9408247789192643,4.383749622577563,3.747797901525772,4.098531468392865,3.9072201763679826,3.5212335947397344,3.8214680741887674,3.813884475073137,3.8735147877692317,3.929663225301272,4.026150847320377,3.9479798600046037,3.7197100574907886,3.9226338482717247,3.452965492981242,3.447108953304006,3.7208673686985123,3.968751653467858,3.823832570457489,3.911313188546831,3.8849838069050153,3.9024308290659313,3.5520733901979797,4.061363480486502,3.8694154170834683,3.963932571450234,3.7730681689491337,4.020375143964463,3.890557842226418,4.135805326733231,3.9982758697151364,3.9950111450562718,3.9533642401882982,3.888389202673854,3.9384317971502414,3.6154547291142847,3.795939633598295,3.7530644650987424,3.984032439972532,4.142083171216103,4.34616987772464,4.083085187077262,2.9386299057834355,3.506698375342596,3.556490288427068,3.27500872790152,3.353780530120726,3.064380450817115,3.002369804403812,3.839789664014002,3.8714578736577674,3.6697875518640157,4.2688002178746185,3.350301457694489,3.5844136015516614,3.2761788236543747,3.7349740578478667,3.6727458409905536,3.744620969144554,3.740397457806724,3.8055658447971434,3.549018601639498,3.746723721619027,3.6192711401756457,4.1637025635987985,3.461965260200129,3.384273543179471,4.036521593009371,3.7709718640764707,4.241922528720313,3.8960952485569487,3.599597011826614,3.948396105300475,4.056637037184763,3.974800948928406,4.125770974099064,4.00668955344047,4.152544985722564,3.935861212198331,4.05291801346891,4.014019256670422,4.198509340444685,4.267492312441278,3.998272200831406,4.002865697931063,4.1902621872203,4.170803500235111,4.195497544549724,4.153623205785676,4.087020581089705,4.395268407904317
3.603519180429696,2.748804460250494,2.845457266292482,3.160536712655258,2.8777360147041704,2.863707254408276,2.9529902547743405,1.5425229070163673,2.9262403353104416,3.7361937195563546,3.7289148026314427,3.995818697145298,4.127612266760689,3.8291568272571888,3.8476403951279927,3.940171375800242,3.902017742076803,3.7659401797694514,3.5112870255449824,4.076576607214524,4.000352631467189,4.098306575999423,3.8392859122051415,3.8983479127070355,3.969211248216661,3.750696560915485,3.7959153027632277,3.5660124844273207,4.103527991301102,3.861481091377401,4.084249809061838,3.6008719394282163,4.234189584081826,4.046237860862098,4.0413190302668145,3.8546455912200392,3.942870190425614,3.475227083313348,3.926552067720316,3.7494960058252964,3.86019127101966,3.885813237807456,3.9964223627662734,3.908877536216761,3.795717850927922,3.63179775987377,3.736460754201885,4.086249252751436,4.370075417338772,4.271401076448239,4.059569498021532,2.4965562876793825,3.3263406711823724,3.280952095010245,2.667285981756194,3.1626971524511474,2.2459861601164812,2.4532012671791525,3.8256342870088633,3.6489331576571398,3.9367868628760547,4.083763345144095,3.402317800113768,3.466915913679858,3.6496246085477524,3.5398278460691763,3.9488730730268156,3.7143342096967604,4.15474600493051,3.810300632923619,3.5333577018724287,3.930903367903593,3.83830378305166,3.78005880453439,3.828514193034985,3.924387841008899,4.111228370444927,3.555658534277045,4.074382180145704,3.9627779442444497,3.995787974471052,4.047062053222511,4.117732206716943,4.438876300082306,4.198228166360408,4.161971601325322,3.941376091872505,3.8124152650816105,3.892962084136893,4.147448646000006,3.8674010361939595,3.960712020849606,3.8062082308965484,4.0935773666542525,4.330103627832282,4.126357199147548,4.039797759954851,4.148084398390919,4.358313917337404,4.372947168357904
3.573815505057481,2.6083555619480197,2.4278817100064263,3.5209300158594266,2.7381311350979582,2.3236600894162067,3.006427174834996,2.9262403353104416,1.5599339138232624,3.4391412057794204,3.764178402036693,3.154924530555878,3.651895123440998,3.2775038357064608,3.3537188933089404,3.1063025651353486,3.5986747840767834,3.1796736443021785,3.3106548613947413,3.388830080728249,3.502345719946715,3.24957471718834,3.27283823141537,3.482594632436735,3.306446120413179,3.278062175372139,3.2711272901978203,3.343763377320649,3.6968285209085936,3.4203513809109376,3.611710586055721,3.101424573522653,3.488261410353852,3.17668164933577,3.223231497419494,3.263790177842102,3.5493344081668896,3.1570646424525455,3.3541301938688157,3.3396870548524364,3.4674828717095334,3.57073387714403,3.3878569914688463,3.50807477611331,3.242420079748533,3.0722072195436008,3.149608854039553,3.1625404637049686,3.487105301955274,3.5260197213227418,3.5660810804394347,2.40826532179138,3.2700612910822198,3.1388720920506925,1.9232355283757012,2.297536788717178,2.7727476976045566,2.2321383331956453,3.477072935069329,3.553672855353861,3.293768910999722,3.6363598865042146,3.080371165706958,3.1517812595922994,3.182031947260794,3.4174789457359056,3.2092440506029596,3.430434173756439,3.3802163799405385,3.1146066362852833,3.123493070226269,3.298285289578025,3.404800311354665,3.559918020824282,3.4615951123821667,3.1758970053067372,3.4918927107213644,3.426932193607088,3.701032340066611,3.60800697051458,3.303081579686136,3.3786462929337073,3.1031539194566378,3.2135519058822424,3.3786686884342085,3.386868044205092,3.489081769430454,3.177070949435595,3.367554165942838,3.56948216486382,3.357105118545433,3.760935943805832,3.2911323679974482,3.5976102897172044,3.6364726673529795,3.524267988148897,3.5672579840035183,3.4571083099568845,3.4167020892274547,3.457707626578055
3.5505879167773755,3.53348168504946,3.7773873810636065,3.7049927910084692,3.5437590305451248,3.6608409824024677,3.9408247789192643,3.7361937195563546,3.4391412057794204,1.61615866822858,3.281346110417234,3.3615349980516545,3.5711229997735994,3.5766189598157254,3.6672604449494406,3.545083920956798,3.684365266920895,3.647855065450361,3.505238647839663,3.7492382221613396,3.5401078832857404,3.6608317550633327,3.6055575688104735,3.5714899805006572,3.296718887608,3.724921216237942,3.7763903024992054,3.562708671361868,3.713986148897209,3.7985823794960214,3.8357220576200395,3.3636262853978995,3.4720391275863927,3.526251524891053,3.5709382767471665,3.644746402488437,3.619652337291387,3.442315949896448,3.524821313158992,3.4665888836766756,3.6426850217255327,3.7088197058686925,3.540566610571787,3.519812846092731,3.6799702460244776,3.6134788549729957,3.45499678141605,3.564610903036307,3.091560459701712,3.654583695752943,3.6008671272405137,3.411493903185632,3.4471940294469756,3.351505057113708,3.5243962861134914,3.5253068796816596,3.151613430563931,3.306547018363243,3.3136164439663705,3.311092433108131,3.6365851741836925,3.3920262193766506,3.5408762880261886,3.2616649139925737,3.4815545350996966,3.745792262371158,3.7992802600116153,3.69497797149903,3.714783149817498,3.7924327643619837,3.600184735775528,3.547653983256983,3.516327743180664,3.8105206584447364,3.5918607780987433,3.5700252640886423,3.5307282088041245,3.686333165762283,3.5473803664645205,3.6163529198130107,3.6621959587436494,3.5747510750283618,3.6083433071704056,3.480114260496166,3.576713774172066,3.5610773089305363,3.76208434268416,3.550498177495292,3.6468265192390263,3.7106977402690586,3.514673482849663,3.659241934718365,3.6941859171590625,3.440180164951837,3.6185124978113996,3.7550906113238645,3.732083970413999,3.70916418519183,3.1655700807263285,3.6781979321139193
3.6814192586989893,3.651439012061699,3.541938733217865,3.7762575933442943,3.795564108644381,3.805696358097935,4.383749622577563,3.7289148026314427,3.764178402036693,3.281346110417234,1.7554467665868927,3.44764056229314,3.602506072433481,3.536173026441583,3.404264409786041,3.6173893849328054,3.5387868516676257,3.659157451434163,3.534315147098551,3.505308206874698,3.7249832414492756,3.1562272311781516,3.4639920254200436,3.5716841468773706,3.540398371001048,3.43740953990375,3.406682745886361,3.439202280632099,3.4402204244101924,3.6223765835652015,3.451663497973898,3.866571568677182,3.315973706157713,3.33917805733202,3.265831221235399,3.3326526798041436,3.288006029322547,3.357466724791196,3.275518596431399,3.0869312309596006,3.5251941033234493,3.5343339302314742,3.231843002004193,3.3682782277929437,3.296194579821417,3.497878319023312,3.088108341620126,3.3621397584968635,3.3534470161875887,3.4243685028820106,3.660699617156465,3.2661724608526614,3.5208264246074092,3.5450937640256264,3.1318135659625352,3.2279197166288998,3.2822236489623333,3.2800727409833668,3.4683587845718793,3.2116710272447166,3.460597847582792,3.576515033666708,3.308250910207182,3.285481729545182,3.2693093084562306,3.534701401672587,3.6621987320541005,3.447183013245805,3.5272559905302687,3.640079374688057,3.619528742799782,3.2906848594426386,3.496514147176115,3.5766721467347056,3.4813934851421595,3.170429077408454,3.346964721179265,3.50720644578783,3.4910205154954395,3.52724821509231,3.270822181066504,3.446763165607754,3.577523643751241,3.588436763057077,3.787097618208932,3.589525167192705,3.1951180877542362,3.6481330576627653,3.328027918530867,3.301870110343494,3.223827286143635,3.3299482892675556,3.344703818057745,3.7010624152600977,3.5897276449106834,3.601669146073408,3.875355780024933,3.862165529917933,3.509245564764798,3.5426520979891993
3.9386316309195304,3.658809295126218,3.5226129400723076,3.6429317471697997,3.8223357174652812,3.420005892010213,3.747797901525772,3.995818697145298,3.154924530555878,3.3615349980516545,3.44764056229314,1.649527601128541,3.7025920504413485,3.609391640389857,3.8648067504578805,3.9043354121378524,3.921479109139857,3.86809540433362,4.071904715705609,3.8651096418674276,3.9611461711843945,4.004275758384039,3.929354647484879,3.383213958435889,3.4381272231385505,3.502997120615826,4.080653706305953,3.954800143528615,3.843319338370869,3.6913214137058574,3.9950652644095688,3.6872504526497774,3.7630659417509724,3.791125285179394,4.065994737959213,3.9340865102159808,3.883025550121201,4.001473268725581,3.534999292261788,3.7026656108754192,3.7896727884147228,3.8216021680922707,3.8385731216359384,3.855516512456284,4.066698295239326,4.28236772973225,3.843248366293388,3.696659288419648,3.631955226331717,4.1629991670648465,4.116046999323569,4.0214711087566215,3.7608850938733003,3.662925860418482,3.77687616044918,4.018273845907449,3.824691933378053,3.845383238605235,3.7388263224023905,3.7418407911315175,3.014645258103894,3.939660725819154,3.87840543841563,3.7061376008682463,3.7637998851936603,3.740613194362299,4.372130969280807,3.7329556505879276,3.317673738239571,4.064037223247475,3.948973408549927,4.1900797809327335,3.762277670249579,3.9975989794674587,3.57560342617804,3.667588112283271,4.010953607404478,3.8205888788053914,4.055953563075285,3.97989069983219,4.197226096082075,3.8859193999812054,3.841757732405279,3.8113746272538296,3.9858691840461176,3.9190787714209647,4.017075320134362,4.199401993423576,4.005533738734433,4.305236756063731,3.7539867216069616,3.960040867851364,3.8312359502174136,3.9631868425960683,3.74164109480068,3.9618273413174574,3.9836261282462964,3.9998492364310554,3.8148727132977664,4.129990248660589
3.8486699382163074,3.722199151026392,3.642840594426586,3.812950723376945,3.709713327657517,4.026986917004238,4.098531468392865,4.127612266760689,3.651895123440998,3.5711229997735994,3.602506072433481,3.7025920504413485,1.5347229955600192,3.012640028671003,3.3247594283870954,3.806409438750786,3.876604830066015,4.156557353589494,4.030081276581306,3.6590436962286437,3.6866129930183096,3.7256423241353733,3.660882352161747,3.762994380291257,3.5503410411775644,3.6976391397233366,3.805206293354208,4.0009880870325425,3.5767922462195254,4.233154392790133,3.301707301408988,3.8143890976862798,3.4690400104305086,3.756100984500944,4.051399393537698,3.39982609304587,3.5653083599844946,3.6614719083263623,3.663725454348448,3.570383728776776,3.7488920816603137,3.1341504686280146,3.684659579322664,3.774880805407975,3.8704216720646065,4.007940073111066,3.4528296897235826,3.5091372828613974,3.522460184522419,3.6855115923118142,4.118305560466676,3.7049574806669154,3.7647742260358843,3.7438250447723465,3.781377902427817,3.8079550814498653,3.6945456608495815,3.5548815112648438,3.72622242503451,3.954939317242201,3.6345389310591,2.711110273303884,3.68456204159541,3.477111849302117,3.287385335706877,3.5233710197967416,3.754415302292677,3.4221828233369074,3.768210024475904,3.9516883699945904,3.7058738790575134,3.5821276367543846,3.8900005291539053,4.116799605350374,3.4128433439367405,3.451373979752351,3.6241083891648804,3.7492392238386314,4.044913364530511,4.308539696117821,3.545713388773863,3.718839537620016,4.021466923897051,3.823325330905944,3.7042822243265423,4.107504069594597,3.6234003538997106,4.3640772571586774,3.7024346815957654,3.9546964821145214,3.5173884610294186,4.254586292567743,3.8664536608528084,4.104581416374306,3.6536711866190386,3.9723275589947886,3.6207783406630574,3.872127903084731,3.5634173968703653,3.6987869815400827
3.651207839282025,3.653747074628329,3.4879204218275044,3.5318986306951827,3.5815642828304535,3.5662299094064465,3.9072201763679826,3.8291568272571888,3.2775038357064608,3.5766189598157254,3.536173026441583,3.609391640389857,3.012640028671003,1.7881024212412127,2.935020513832541,3.4601610404938135,3.536495855287338,3.544501748887971,3.299247467844582,3.438501041303304,3.7780025759293543,3.401289789142977,3.467828275564679,3.384802640598734,3.437728483652932,3.547569938098075,3.4400547403005732,3.574792755161035,3.5601739215082686,3.4990688890586963,3.5525442951928983,3.5903245392453407,3.3535698889793735,3.3859912909242946,3.3913871104642213,3.2439700277054233,3.3725744593511044,3.6337454684408543,3.420714372003314,3.4070513191746468,3.3951051735215585,3.565394206080616,3.546797428900553,3.6151447601478877,3.375287623704862,3.438492623997289,3.406133569462566,3.4071714636206845,3.2956677896566466,3.3739068968142676,3.5326187038734256,3.117853783675762,3.492922365400015,3.2765257585863496,3.1018619873357065,3.1091470196555595,3.280597182323235,3.001864073254452,3.588077852088253,3.504947178418715,3.500034326252342,3.1248417152880674,3.1859880754689005,2.855731548762791,2.813676238151888,3.090871962867809,3.3262753080937077,3.35497619054034,3.450256250791349,3.375447818942855,3.6291169242473176,3.3442932548753737,3.346491906023506,3.8490955516609313,3.481126527137845,3.3171251753297852,3.5746177219090343,3.3095466436371175,3.839312979350549,3.6757855247213214,3.222085846760683,3.658882051424222,3.545700095120999,3.414367443200106,3.395395038878021,3.6882713496697352,3.4069953350595754,3.660442631030732,3.320490853880577,3.6444148628122197,3.6376170170024014,3.748305135237954,3.7500576555599903,3.778949082833188,3.7908425403446016,3.6826800190961118,3.7918738126248073,3.6022083931642292,3.4960486435959974,3.441939761731996
3.5410560630934693,3.6277297033094604,3.477891371565882,3.8112033002569046,3.528320818326834,3.48848365341571,3.5212335947397344,3.8476403951279927,3.3537188933089404,3.6672604449494406,3.404264409786041,3.8648067504578805,3.3247594283870954,2.935020513832541,1.6235081571866097,4.1522995958603275,3.937809232030438,4.111467120893838,3.514708963457073,4.021092887726444,3.9022705078310937,3.741243043029879,3.9594247635590887,3.4959557489795716,3.9864052595048705,3.7707387094294837,3.8801848973373443,3.5026494047963506,3.604615354803439,3.367505353677727,3.7645184659681066,3.9667135325570038,3.9526106079981633,4.043496054605338,4.056412538169475,3.843865618653882,3.6175403499063687,3.815018753163562,4.001158684649306,4.1687225840071145,3.878933277297296,3.635260402751065,3.928208429221213,3.5875867230090845,3.491304361889838,3.9341943773525045,3.9735691135009166,3.982016663100068,3.8977950754177892,3.8248306223077604,3.912452246678115,3.1397688209136843,3.3613476059935294,3.5498061831897814,3.4040883797010797,3.4993940013019604,3.2351386307449412,3.311832367311512,3.943563252458687,3.9089713785381015,3.850509018737454,3.568311707182646,2.953136498200139,3.345938335448175,2.9247674680681595,2.766864877673136,3.636674928893671,3.6889980669407474,4.056558211909311,3.8880478239065637,3.3619036773788493,3.534023705288025,4.171369725822245,3.9468050525086342,3.477844680867243,3.792837315172745,3.661152139917941,3.7500751557121212,3.8097998196760274,4.0601911913836695,3.51324914669426,3.581358609941265,3.866256225418213,3.739747235760118,4.106683921238614,3.7910137004444002,3.5737698721501427,3.671001930225717,3.752350316363647,3.5327565995415626,4.316156021302027,3.520578082977363,3.849952423766967,3.4355023569075067,4.258311518611073,3.414114211849249,3.774892919511505,3.7180056387577958,3.8691736396607976,3.6377385441832306
3.30378674427517,3.703641746478202,3.3134933603956633,3.3224428668378394,3.515969023091474,3.503286294882004,3.8214680741887674,3.940171375800242,3.1063025651353486,3.545083920956798,3.6173893849328054,3.9043354121378524,3.806409438750786,3.4601610404938135,4.1522995958603275,1.6145433712926012,3.187433872660855,2.8784078164777,3.491206034587106,3.219707447469455,3.7646755342349585,3.460518993387579,3.444910924489125,3.6126688086305143,3.672727571133894,3.695909739435994,3.4486615165090364,3.424893713217172,3.4108649926485053,3.627992412182644,3.8531645002839165,3.484021606390693,3.2234117662043884,3.263217521817831,3.2797788059915947,3.3311687102036056,3.418547310321642,3.5168061868131124,3.4391294374535972,3.4844043647905085,3.6069268179619183,3.8081307379789333,3.558232693628275,3.493218486492058,3.7577239265868383,3.4742639781730555,3.4585738691365315,3.2788081586847526,3.2822899848776714,3.7146098766405116,3.267467910074762,3.0791350520721013,3.247784990236771,3.1326116881863304,3.11826483350286,3.1758614488347114,3.1853886929959723,3.123440421773966,3.5301957332666403,3.583341537018331,3.8098636532998875,3.462636961073275,3.507693782163953,3.3470551846835437,3.151035957843923,3.400382309583775,3.416802179243429,3.4824984492073034,3.4776380831097433,3.0601344492658713,3.4520180250967782,3.504188449653425,3.4928266349254224,3.791955255348774,3.6124744824276904,3.6467564732304956,3.3131349689293055,3.2944991481065973,3.8728213868227916,3.8540202594889026,3.6185969985837403,3.65723349051694,3.55582191500569,3.5420660706452627,3.4720269329343534,3.406810008018992,3.5283757239883387,3.6495451415167475,3.401442160876318,3.5489808674170313,3.4683187627761085,3.7496989631611997,3.42206347069361,3.6833572544300957,3.535662645828996,3.5641639172527313,3.457387975081257,3.581065133133919,3.3475655456505384,3.668959361089993
3.6106439984670597,3.6649466113053157,3.5650630029292207,3.8474038146831884,3.617636145848328,3.7443646098506447,3.813884475073137,3.902017742076803,3.5986747840767834,3.684365266920895,3.5387868516676257,3.921479109139857,3.876604830066015,3.536495855287338,3.937809232030438,3.187433872660855,1.7413035973697104,3.3622319935622897,3.393068588767211,3.2855465402649773,3.457398397796254,3.5939302666900614,3.3103973081737124,3.528707988531497,3.785593907572803,3.513398795605102,3.2150337053714755,3.5585792670261713,3.5535394133342533,3.41967114563925,3.8238276678681546,3.5507529873799055,3.9154369490743703,3.5554622366899022,3.265891933458101,3.7711741003649926,3.726995319068192,3.399480269252486,3.5805177078336277,3.425154431427193,3.578119770727354,3.7346582385976927,3.451624016979665,3.5031279174488015,3.7178799007852583,3.601692520020455,3.3099262421306266,3.4844604980136142,3.2422348911970906,3.656205807727148,3.5963111849056526,3.4364130607313492,3.393744039244692,3.1869069726961174,3.3660942894283794,3.4740119651837613,3.2912580470616914,3.3616826950930894,3.662149977779661,3.6358216974949884,3.424970928572774,3.514420045489355,3.451433035301756,3.3657909708665383,3.468350275992263,3.770328947440904,3.6381960598800807,3.4118579336064747,3.662662174446339,3.2714180653675458,3.535708595901342,3.591505836119897,3.3650399357401954,3.3770929305483484,3.4702627623746825,3.456924391438382,3.333989481732774,3.5463694759733735,3.632311779482811,3.7422872885275598,3.452182087253945,3.632864340430475,3.583881013099034,3.6053624408368536,3.496371124859743,3.6607771874707145,3.6624823835206315,3.5625983448022405,3.4793357570873176,3.512518157718917,3.271681358862454,3.233552673294232,3.415535397177538,3.502336019836835,3.669249394661085,3.6215960586187235,3.3675456746986003,3.453932094644366,3.334934771647506,3.484457691776349
3.615246307011183,3.690257250798933,3.700592332735753,3.6180192955916484,3.282960517581012,3.3494978202873065,3.8735147877692317,3.7659401797694514,3.1796736443021785,3.647855065450361,3.659157451434163,3.86809540433362,4.156557353589494,3.544501748887971,4.111467120893838,2.8784078164777,3.3622319935622897,1.6094267054333349,3.466206068188971,3.520209195753735,3.937375663111222,3.8030730797641286,3.9131819103447296,3.7272939493673936,3.988307845468033,3.746835098103074,4.125196966087337,4.09932626549743,3.858040188856743,4.193415539211428,3.94885749015177,3.85128873665085,3.9826919420784757,3.207863102109708,3.502301717223299,3.7315719554319653,3.8070288677392328,4.153902297216848,3.8743017713322305,3.9190487393775992,3.954323916137052,3.682330008409583,3.8667695865527283,3.6395871361358956,4.154940714719063,4.117444434423182,3.880762815960105,3.62792888029321,3.9219013668012987,4.093938979814779,4.123536292755457,3.8090122244140856,3.75104670228247,3.4363970483267243,3.7550502106994803,3.8889603732531253,3.6312442071870517,3.7672912612772773,3.757394853541163,3.873106128599858,3.7927909407789264,3.948412027766085,3.759777093430902,3.6533406874000414,3.8109081658961763,3.6614717135011463,4.043371820470934,3.6833160876161752,3.4309627059686973,2.986736078267303,3.889942202346228,3.9383594853987245,4.014962193909092,4.1090489361114235,3.474211660599793,3.53641580407695,3.95197708735967,3.793987304251573,4.246283174080484,4.180110410109442,3.6845155015299254,3.8756306124660815,4.07426829431028,4.09003284026804,4.179489321608564,3.9022398087417303,3.95534048243104,4.144645400097516,4.013420421647022,3.9640680070579504,3.7800312021473013,3.962672034701424,3.937387962624367,4.198693182420699,3.8178544936188876,3.7565499100274358,3.782979798563305,3.956711332435012,3.928446618734537,4.018177839124982
3.698916013578572,3.746553185819063,3.5972361642253263,4.027211267128275,3.6646568150018335,3.621860927105587,3.929663225301272,3.5112870255449824,3.3106548613947413,3.505238647839663,3.534315147098551,4.071904715705609,4.030081276581306,3.299247467844582,3.514708963457073,3.491206034587106,3.393068588767211,3.466206068188971,1.7387708007925775,3.9952246629504007,3.800948138921054,3.5417476749275587,3.9075643986789963,4.003594050100762,3.9767360415660615,3.8950622849195424,4.040883249511586,3.855464020539085,4.099731523122798,3.927892542954107,3.7149211146499383,3.617947024251173,3.7961574083548904,3.6978508749363646,4.008599221961027,3.872501258852879,4.1005262751754845,3.784947446475692,3.9060721052998497,3.8053579290427404,4.10388208757703,3.7030675988094695,3.6631008480688485,3.8073254481793897,3.752556938903618,3.7927016305989874,3.7347565478529865,3.6952620401352205,3.957954714252203,4.156533669741207,4.011194544615546,3.3918836992586616,3.6369869168859084,3.7184173102171387,3.3191289063988476,3.5113729502318356,3.4159867529462904,3.420641866212306,4.095111555051631,4.214204461804034,3.887143091556756,3.837595153020455,3.7607954871512486,3.7724435106679666,3.7343862630144593,3.9763633193324517,4.201353263717881,3.4482835032867154,3.515848928129473,3.506199407497059,3.9797923832588125,4.094043128899709,4.010519124054677,4.330068893864523,4.196200865136011,3.8824786147849526,3.9476231704857088,4.068172256565749,4.122032765296563,4.110256539713792,4.212576893915932,3.9659060695007606,3.699487025490459,4.038351248960527,3.894177791133449,4.195576773372175,4.007847775092176,4.066122795887831,3.8975032702175043,4.043392331272395,3.6797220833765003,4.246995459349643,3.725104791400066,4.266966411602709,4.138594804192198,3.953602421786597,4.004906878882757,3.9370675512319675,3.8293571917453963,4.184090434315184
3.3809210144689685,3.4359149408761156,3.686787434916008,3.8259811249066216,3.3719151943109518,3.3659521059337574,4.026150847320377,4.076576607214524,3.388830080728249,3.7492382221613396,3.505308206874698,3.8651096418674276,3.6590436962286437,3.438501041303304,4.021092887726444,3.219707447469455,3.2855465402649773,3.520209195753735,3.9952246629504007,1.6136668088305206,3.940302838565907,3.759716081336087,3.127202936363339,3.948359656413621,3.742123021727438,4.002649009989787,3.721449285800007,3.686638948618032,2.8709505382846072,3.8848572326765813,3.6583332612089547,3.907486201732732,3.716803954996132,3.706285020463257,3.9843787541638678,3.1015707606520815,3.556587101270078,3.6021569586913436,3.7737725146257586,3.6261312618904156,3.788974250131983,3.6168121932905883,3.491371664504022,3.931833596765885,3.689182571315314,3.74628972501881,3.713950443472237,2.993659616434306,2.5218615853494297,3.684433143419653,3.453236917291226,3.2900309668718744,3.6853106663038053,3.7413358845339815,3.310532412145083,3.3397412359037846,3.479448232186319,3.2509122909515202,3.747192199370926,4.151417797835977,4.3080363143757845,3.837754555674807,3.716371739810711,3.6402353202433253,3.6315721964035723,3.7476072238636804,3.5324491344616735,3.807702249604834,3.8912912010812706,3.4600301022513356,3.5099209918465872,3.8207753545419356,3.045541986850332,4.08165430062929,3.9626190594771495,4.006225967710115,2.7234929381785187,3.6787699003991663,4.034200692319335,3.8081144799340176,3.7250022411250976,3.87527380988284,3.724077749961851,3.9022203807331866,3.6526785754010334,3.7320376425981157,3.6095634623232913,4.006559046253999,3.0167815631553982,3.7640659032384747,3.5233402781906697,3.831519594670761,3.5925701898031788,4.105844754551799,3.4824274816571106,3.84727048244335,3.9726364649994914,3.5537233963488655,2.7536375904124286,3.7670057569744406
3.714472396166665,3.4457301593427836,3.9035626278106554,3.9036840016328416,3.5882828930628548,3.5461716375414887,3.9479798600046037,4.000352631467189,3.502345719946715,3.5401078832857404,3.7249832414492756,3.9611461711843945,3.6866129930183096,3.7780025759293543,3.9022705078310937,3.7646755342349585,3.457398397796254,3.937375663111222,3.800948138921054,3.940302838565907,1.7404062412271473,3.6180064258377205,3.4830498154163263,3.7217217568872645,3.276571178110448,3.750341423087698,3.7300610430034404,3.7650262862510475,3.5045673767332692,3.6700787287902252,3.659831374462552,3.4765441387556764,3.640845596634598,3.576228255774904,3.6375398632881084,3.6372664662870555,3.7647515793972985,3.594487093487769,3.3191427880681728,3.5359183373802896,3.6445169700417948,3.8302024562625583,3.629894073759453,3.854354103483736,3.719643572978453,3.674559659731998,3.2427664126349454,3.5745289282092054,3.360569831198887,3.9245336006130573,3.765309054639596,3.8457506432585262,3.934575914780063,3.3934717596486785,3.780576378739292,3.631738740026628,3.776828431650718,3.721871732759589,3.7771386298921334,3.7286061361463605,3.797626116848125,3.7997312826275165,3.59961804971861,3.568237258720986,3.7005114454681394,3.694994714793667,3.5213078058652316,3.6264133928670232,3.5923283964819195,3.7012767823561257,3.2961311650041916,3.8266509515128866,3.5426087579724324,3.899118941112763,3.383301495206734,3.3479445737133045,3.5034525330981063,3.5796954318934575,3.9081267874025047,3.753942377795813,3.6043144043428983,3.656718738384125,3.7799294692932963,3.536381409281457,3.5895179048652124,3.6543969882211913,3.774609298998763,3.589195797936836,3.579960046206492,3.8494119180243422,3.618382428475915,3.8279000029586574,3.887214567681093,3.933965583086052,3.70058844258457,3.8432880420777917,3.817747522128403,3.6531559448915405,3.4464752125223437,3.8001821316485613
