0,1,2,3,4,5,6,7,8,9,10,11,12,13,14,15,16,17,18,19,20,21,22,23,24,25,26,27,28,29,30,31,32,33,34,35,36,37,38,39,40,41,42,43,44,45,46,47,48,49,50,51,52,53,54,55,56,57,58,59,60,61,62,63,64,65,66,67,68,69,70,71,72,73,74,75,76,77,78,79,80,81,82,83,84,85,86,87,88,89,90,91,92,93,94,95,96,97,98,99
1.7399459360408478,3.8395972795483346,3.7312037623638195,3.642725128184873,3.6458557398614446,3.757123461229837,3.6281982019011476,3.862447494666387,3.6964507213350446,3.341603195562621,3.5199204460484714,3.512493765055651,3.57499915782449,3.5266485608837916,3.652890884858376,3.249137708738595,3.6921721080434873,3.6541025024466225,3.4732351797065935,3.4609926412438203,3.4788376538815684,3.8107376599021405,3.7550376161614363,3.7296733343471278,3.5233497164543133,3.7952124270292718,3.6575445773864312,3.982534838479567,3.7000047044518514,3.6702474882521616,3.363839457295517,3.3551964390239744,3.8242489884270703,3.9061038019379235,3.895638300564821,3.8067006909007852,3.90808551509029,3.4380694628144095,3.453091664431111,3.2971587256617116,3.5135898898980114,3.81185710044335,3.6668034537301115,3.569915507076555,3.5831460486269826,3.613734772944883,3.7467712357751117,3.505465597818921,3.776768205952174,3.7502220495173364,3.232414658394828,3.924336617447835,3.6950169604317034,3.675620696073968,3.71554765596011,3.7592617625535283,3.7873999960976223,3.8211979458480325,3.729337159485203,3.6964924341365055,3.9905279461215204,3.6003721436136207,3.5240971260118132,3.3738475430347217,3.369144724525016,3.658359813725219,3.7683026092907155,3.4616133908287123,3.56450695510427,3.639182966027918,3.5942600222351078,3.8098073956158642,3.7738117574443812,3.7218769197044437,3.670229469294738,3.9821535345534382,3.5687278340989503,3.741634230795232,3.369240768092064,3.401511257564114,3.789562260230671,3.6427501685724857,3.705404543339106,3.723609717828777,3.726222588517334,3.5648768629314853,3.896268529066574,3.985305537660194,3.6219445091460964,3.7652345704755588,3.552389239294787,3.049072952126021,3.3921601188365758,3.7363939123429497,3.6694368601590965,3.543765590374017,3.7106566633997433,3.8600246705379395,3.710058166828098,3.529270234543605
3.8395972795483346,1.5756979166153526,3.57266845778846,3.2070811689276932,3.4832127299239093,3.6039335906866388,3.208128973536175,3.086936329349676,3.61394740440206,3.74991976654782,3.7963047802959524,3.985987604820707,3.6185261744685255,3.9151895691604905,3.891357958384731,3.4177790566890076,4.1365019553538716,3.8576366847421064,3.8419160603601417,3.7300035107859966,4.015060680771859,4.113503071562511,3.9653879139253476,3.970521950995753,3.9346725153842863,3.968319301998902,3.901990721429772,4.091724463167779,3.8600183031228523,3.942436750433757,3.8631565790773865,3.7936622480868842,3.9036740185112784,4.12486011875273,4.067848289653437,3.9945624654491083,4.119299579903752,3.93069917278875,3.847223856484165,3.874839191235068,3.8766052525311356,3.6622078896519032,3.604364265922251,3.9182827541781253,3.6895245214931127,3.5840972688098685,4.104994296155869,3.8709911699819735,3.756843605552787,3.955674776075776,3.648536652428568,2.6098260623212246,3.27967184342327,3.2973792308240393,3.248557194527315,3.4839657579016534,2.7452846289230153,3.0600578645919527,3.85490583030693,3.834022073332413,3.9703077713808743,3.7991682306613637,3.634257472095019,3.8495407772228685,4.107331277495349,3.69907169344084,3.642837876730012,4.012149375394767,4.094510336171888,3.987495960926853,3.9370585373820153,4.040402525581865,3.7637932798783504,3.827257808009775,4.050861926703198,4.0439204380822025,3.748558146418224,3.715984296357159,3.5735710340317888,3.9319276680213044,4.108585110592444,4.027362291937172,3.954951021288502,3.8638976486028347,3.7113976437651326,3.581203977499817,4.076516137640119,4.086387075729122,3.8672884685075126,3.9723343929463795,4.0464847640817085,3.7663418109110975,3.736265935085804,3.726847537083786,3.591214681340851,3.9609799802246637,3.5019996124056565,3.6220888810059395,3.7622678012957063,3.924205356542651
3.7312037623638195,3.57266845778846,1.5516810534580938,4.196808975129724,3.887591042102833,2.202555509269717,4.251010365459426,2.909967301387068,2.3514332492311634,3.987173893998298,3.836379189422386,3.9373451599763327,4.012389234937976,4.301199277441158,4.264551750649985,4.0528674053457,4.121734604152233,3.6004448665503213,4.312782508219451,4.054103306269829,4.427713953600659,3.7011342267997716,3.9699273384861464,3.85149937061469,3.761758641551574,3.4083916662625335,3.6973470674227396,3.942334923839724,4.032635069392978,3.9598950586475805,3.734905274744469,3.8192381635384605,4.087281846283367,3.911121284612101,3.7730998900951715,3.8001522074098957,3.9721072810120757,3.754604215406849,3.6837283807975627,4.125589134967362,3.4503934202114337,3.6828626714343318,3.6844882539821815,3.6621323424831824,3.417723365767883,3.6858245619852523,3.4995929961280132,3.4305174378218624,3.4331580668926147,3.530286476815673,3.7121708185803683,3.5787240318000504,4.1678174913062005,4.207510048712469,2.547509730066906,2.584086152471977,3.470170593009559,3.020372719316289,3.837412706461788,3.9877172856293597,3.616940561737797,3.981361163519912,3.927567195874042,4.11665038106215,4.0890435951207325,4.205149643944086,4.226888464702055,4.2454154592660975,4.076475900142527,3.7909673352876863,4.168211070988921,3.8571546045656913,4.01127831278515,4.120436125964563,3.793399551264684,3.520911814008872,3.6112846939066032,3.9550259977958855,3.6703132750374508,3.995543559490488,3.8115014251761403,3.698546349249772,3.7208097269950997,4.0368663745591755,3.8684751167368003,3.6482764639669183,3.9727477821050745,3.768463866238243,3.8980889447361684,3.9124496919544947,3.824468600035053,4.214407668081862,3.928015174397316,3.7930333821460804,3.6827878109311913,3.5853045042045744,3.6288318390179035,3.982199700092702,3.381152348469489,3.595164722769948
3.642725128184873,3.2070811689276932,4.196808975129724,1.622451610492131,3.1562055925412555,4.233485012822572,3.0716025023492977,4.11190390907948,4.173515485867908,3.6470757412582246,3.877286061183039,3.7178365579764745,4.041014692410859,4.187566559284739,3.8903402578714146,3.642364835867175,4.073340704756337,4.062211608212234,4.25768321128797,4.454016180743186,4.156381749285677,4.061915314264706,3.8137189398686546,3.9341903451657174,3.7316948974151134,4.239009090558034,3.916402255911967,3.8636854556674427,4.271232361210656,3.8985554359985954,4.2599598492718,4.179469623550901,4.22298469371904,4.381556923203788,4.210145666856372,4.435929688531178,4.349959602150495,4.204763254075719,4.174764897108216,4.157852983052544,4.22621115885415,4.1625776641016135,3.946380576514967,4.2173129780354115,3.9445769389578302,3.8937983917101295,3.9173577507739705,4.204555873855894,4.2525625787040315,4.194469050052637,4.279265662356192,3.6815344186443655,3.530033323887914,2.331040534835891,3.8966590132797743,4.261512510472517,3.7098931483468243,3.770053043674541,3.9886637921643855,3.7979124651415628,3.832383183958645,4.230568121877094,4.007003117682771,4.005530075642142,4.1989707491399875,3.9266684467149693,3.7134092738988156,4.206230823406495,4.475208837994939,4.195102176900554,4.284037483214735,4.16917051495835,4.0665175416261095,4.090203536102817,3.9540216336879253,3.98164010874228,4.192538742085755,3.540184857909467,4.2757892822536565,4.35342259828471,4.234525679144276,4.22891877135403,4.402367939059431,4.088419000146626,3.6429090609393846,3.7405356281162745,4.317787443588975,4.12201723681562,4.419669079157978,3.9792343525435023,4.474810076957238,4.061761128314557,4.23900366557937,4.175319046440815,3.978435321348262,4.2411919595896554,3.898866372200037,4.080218679291861,4.162953780320946,4.28695918889722
3.6458557398614446,3.4832127299239093,3.887591042102833,3.1562055925412555,1.6263898186079968,3.785180855152527,3.9566863530283234,3.3292044701390084,3.7697417920718843,4.12053794120108,3.889720539771108,4.091481166227554,3.941992064589586,4.195973071357378,4.1583645942274465,3.8701090954904283,4.338454463497529,4.068371251544592,4.1040306135432205,4.250757577769348,4.23974185040306,4.282857769301255,4.0195507656812826,4.248075752871314,4.174839953840667,4.253860105709569,3.8775163413203617,4.049421533899303,4.129243864104967,3.6947515172337226,4.288434101991696,4.1482781831849564,4.027446517022473,3.9626633264772972,4.414152018899843,4.038010075979667,4.176676283003279,4.120811625781805,4.188175638191799,4.119408353239939,3.934448547062941,4.15642523814029,4.23005973357512,4.165168779276432,4.036350297859011,4.027977262698243,4.289776138943661,4.030874371966891,3.7205338859419963,4.048209124604571,3.975289551170836,3.5258509371256364,3.9379980429931916,2.7721303300159685,3.5036082981507306,3.8300926357440037,3.4412917233141846,3.526498732689059,4.3123935607279815,4.115854369255651,4.089771266607681,4.009149826382789,3.869781028048572,4.234281626714365,4.132381667046866,4.258149129189714,4.08259845581342,4.077978861892421,4.122851656951944,4.076952723272498,4.191701065042079,4.275841262301721,4.156040273218941,4.391419977810118,4.389507951171069,4.367841925795307,4.012262063169636,3.8190233171869887,4.044683152310379,4.219651677402687,4.303701100900145,3.750495844117518,4.04639280843332,4.3597496403287765,4.113178839329196,3.950362229543816,4.332660682960589,4.201319953573135,4.039504251708226,4.083164788463323,4.097038107521714,4.189847594270552,4.09978417559226,4.054284031250325,3.979236765940069,4.141109871257024,3.8144956532176297,4.077058802196427,3.758819410794843,4.107373111393228
3.757123461229837,3.6039335906866388,2.202555509269717,4.233485012822572,3.785180855152527,1.5645341572783509,3.5749186083864113,2.9143453682192506,2.0452533474205974,3.6418778689959335,3.7901784042602102,3.6369789350030035,3.7642839759351245,3.555528901039303,3.623759266956958,3.552211602868832,3.5792289821820553,3.339141719831964,3.752950922369858,3.3528812293629664,3.6846481778303994,3.3452660579925135,3.6761104049363116,3.4032490969354043,3.4126740267775686,3.7584300514371067,3.715442663445644,3.835825742228836,3.547596059290523,3.590471815599784,3.6199191146774408,3.593972639378714,3.62601085232552,3.4860739700829475,3.5729829133116184,3.1905231982534623,3.874852255392746,3.786866237299096,3.572011982559139,3.4829210791650347,3.5754863101045875,3.777392408777762,3.5861893185671425,3.5734722409744313,3.4510195556095704,3.397459265308192,3.598974943321106,3.5874897268114774,3.5975126709253957,3.8710212835695823,3.472619449419931,3.1585661449355302,3.580679028791301,3.6487553507419626,2.25195660313414,2.208937828170296,3.217589984890304,3.01565973076489,3.7984839048710866,3.8573950402556862,3.4044830617469364,3.805502987161544,3.4277138749838727,3.7321794336090433,3.813918075530704,3.554180703908713,3.5416550495413923,3.8467692014978074,3.450141407460961,3.3330751122708433,3.6732232071763318,3.5904536411124637,3.7430117354449273,3.4667699757853057,3.571131516220384,3.415284009895345,3.271754944875564,3.501754274891811,3.5901772064828226,3.657431310899381,3.5233247602775717,3.5961278558425804,3.583876246266593,3.5826231971445535,3.7891113080500216,3.4713817771136712,3.8089752016264664,3.5377647680567987,3.3915878641929385,3.5146591242588574,3.5799528549512543,3.644132112709938,3.604074500920997,3.6352072187995543,3.462579910757197,3.572886181671994,3.1942402063205715,3.6437624986123383,3.2694792459639337,3.6416487033734195
3.6281982019011476,3.208128973536175,4.251010365459426,3.0716025023492977,3.9566863530283234,3.5749186083864113,1.7679546829699857,3.7142643045164867,3.9039519495340995,3.6673153255702218,3.4981835917168294,3.7416943291133276,3.3031859342510006,3.5142898088314274,3.25399539272587,2.991908347759227,3.7137337998499835,3.4421698185630287,3.2985894311106208,3.825878692663443,3.4013867061740184,3.7882614889349746,3.394168419659946,3.6686808288867194,3.8958269879434426,4.063809568041228,3.847148052808981,3.900350799379227,3.8769273982996357,3.304853049646694,3.7379422172420056,3.797374111227486,3.8715419708690475,3.9403106094111378,3.874723566864159,4.1074542418991555,4.056367914665524,3.767311733294912,3.5757668665064,2.987377387791312,3.6958618977731916,3.519547694672371,3.4996645134082733,3.783866006710798,3.5786132274951186,3.4346079800276628,3.6435865496951494,3.7575113042011274,3.5363097385750617,3.6544250168413828,3.5702777767663596,2.865413371384616,2.5413120473134256,3.2950669177580623,3.7387098140969335,3.9203015079054793,3.0747599996894976,3.518042704113976,3.606949936598041,3.609137074762119,3.653107228913781,3.7034147975282674,3.4814156038750603,3.5744088916903065,3.6627343122473186,2.9330531034889007,2.8283509148895223,3.6975181623854274,3.8545652671476227,3.7598377785864123,3.417319638215931,4.009475489159661,3.522065097919596,3.33400679524234,3.677996895403505,3.9398806403611153,3.7734233246885034,3.3945380914201535,3.771344906283912,3.9190650480141884,4.236785771120284,4.003890255168206,4.035137705045287,3.776390601230578,3.4339716384317467,3.568210270912429,4.119850976428437,4.113263439475972,4.04840886098758,3.8588665412381844,3.8306305861565693,3.3340698254626444,3.19582167719381,3.6584866363014994,3.5123550855298973,3.8568486646158386,3.4536723910451577,3.7002770641854466,3.627210558713851,3.718997287645819
3.862447494666387,3.086936329349676,2.909967301387068,4.11190390907948,3.3292044701390084,2.9143453682192506,3.7142643045164867,1.6339917791077327,2.6083111350321793,3.9007162333094842,3.8681095017545672,3.8240599196561558,3.5441796573404405,4.114122740460963,3.9473148347650726,3.6618164028515707,3.6353244925712955,3.5830872053720513,3.929814009119121,3.7947124281716627,4.093116253825545,3.5419346294465353,3.963136541307452,3.5795141799947467,3.8088187244798046,3.800539651112471,3.831002065025353,3.9814161340673304,3.817427009119884,3.6845092923735434,3.7283020879457442,3.6968530595278524,3.6080921756305884,3.8559499265879142,3.9147509475402176,4.048079743379004,4.077403101670495,3.774998956779345,3.831111702066367,4.0805861000568795,3.8119246925393013,3.7426239963720342,3.7231486391157107,3.768841195124745,3.660138533531757,3.656395746575734,3.8620070758447196,3.771149781347075,4.03681314137734,4.056741316796059,3.898237055240222,3.161458589403233,3.6796284736086577,3.655960760632178,2.9076958259541925,2.9361587554353967,2.46676464612224,2.2758790317489246,4.030134410341625,3.755306896993664,3.5776947135187616,3.8397803835796287,3.7178857960584932,4.148361082197421,4.2347334303100395,3.951786786290908,3.801598287577523,4.21920800515183,4.039616697419692,3.7006218901709413,3.7156596623717904,3.6292979329711974,3.7632066410080762,3.8360166947020433,3.8126971684959474,3.8462360814288425,3.2418843839027094,3.4661464201893937,3.4726648382483045,4.001125338082728,3.8917737059792854,3.746149655066106,4.086262387393937,3.845009824671122,3.7829629470989734,3.77907269917667,4.17043369596922,4.1463367374569895,3.9098739130707822,3.818269332373439,4.176359662888175,4.26488308662743,4.060297981911075,3.8214188257133275,3.6694084843472465,3.503925518583393,3.6458017660530104,3.889959993103342,4.11649268281974,3.8094122305363722
3.6964507213350446,3.61394740440206,2.3514332492311634,4.173515485867908,3.7697417920718843,2.0452533474205974,3.9039519495340995,2.6083111350321793,1.5875239791893807,3.614301882189066,3.4186840010483,3.5753592724888454,3.694179998489515,3.6742751722662774,3.8282856773794247,3.5354051352606883,3.5792876635435205,3.5814249618670786,3.6718721934676353,3.44669824913349,3.7985405076417567,3.2454825111797425,3.55574599698416,3.509383028924211,3.4802573966590624,3.548914251256875,3.61590037401644,3.6245973446811184,3.691391944129593,3.5286598985834154,3.554303246931661,3.567774321089515,3.644894767756119,3.5730888075913265,3.806068222887509,3.1685583271495728,3.556206892095138,3.680451107825009,3.6244113997700422,3.9746199663390898,3.6469710088373986,3.4411654021361824,3.7079400148884063,3.3719918129389126,3.420949613102091,3.3911114808141014,3.748254116074612,3.6072058672948017,3.5567039949013712,3.6006640123857747,3.7381332491478947,3.3012040236861155,3.70683337803367,3.7111707333562243,2.468432666436343,2.2560731880887657,3.128334467073443,2.8374773650482705,3.6950933293460713,3.6477685299660068,3.2837752386245365,3.4852318460312284,3.388287823385947,3.754031343202104,3.8178226535684154,3.905065386793109,3.897899700280919,3.6937037128565033,3.6497318720126337,3.495394599327782,3.5479454863208013,3.526173512909902,4.032020467140118,3.8409666332398933,3.6890251329843156,3.367198590083154,3.359961589795896,3.6687769700933233,3.4860767333488645,3.6383145227015494,3.397839079856278,3.770508251204048,3.7541592259422822,3.9041963630402323,3.8085426644416764,3.85461766365807,3.560656403256274,3.687939099888121,3.4292283513998716,3.7605252430332747,3.9071753689198045,3.7789265551629216,3.8921898688678533,3.545930233138188,3.6646407042844054,3.229987477121928,3.4414391983539225,4.009644711696255,3.45918626633914,3.650469738454186
3.341603195562621,3.74991976654782,3.987173893998298,3.6470757412582246,4.12053794120108,3.6418778689959335,3.6673153255702218,3.9007162333094842,3.614301882189066,1.7467658528026184,2.975868036686992,2.7661635051698816,3.183254245204892,3.243243089569288,2.879427543840151,3.5095771748120055,3.340596118023318,3.7789051321632714,3.417681810836854,3.605743056766179,3.081383128860645,3.5805042593527157,3.2856042501076153,3.4222667394386166,2.9601006033390167,3.376730220289886,3.4704596257201867,3.4067664674547165,3.388268469188278,3.263111404916775,3.3965202098258302,3.3970161368124323,3.8550387496425205,3.891316090894369,3.7510004036143547,3.8531702653543203,3.76854357140723,3.267617477300047,3.327490659808552,3.2809067708820705,3.7155361131911406,3.7738755506593105,3.93194439203645,3.745903927349247,3.545910261467536,3.6155608966986956,3.846235853680795,3.8444476950688693,3.7341872091452766,3.537611213080249,3.4972409147338155,3.5461743364064873,3.524555023858233,3.781964688256666,3.5228354090290033,3.6517637645717063,3.6529345036423577,3.621195952186132,2.8233079228653977,3.0917096400965565,3.4248535552575907,3.2117922932034113,3.1984137165326456,3.253326251732024,3.197513180341372,3.0865065751247815,3.7365883211729036,3.1513792845303996,3.7400019180279367,3.778772123731981,3.402141239382881,3.7670317012385808,3.676182916728976,3.2713802127578955,3.1023364597428453,3.4878089464665516,3.4171597441498136,3.271384794092472,3.461759200587557,3.4159466155092204,3.610008970153426,3.725641318070959,3.8828592446452705,3.836274300902369,3.550659731165968,3.652889055891598,3.7372893466386907,3.7937198508863506,3.916829250599811,3.701060339100691,3.6008903091045563,2.8313735615371294,3.305260385916943,3.7654170860793132,3.9162747759644705,3.625584701617147,3.5388587467187014,3.8788804465378344,3.655282839094301,3.3961535626354027
3.5199204460484714,3.7963047802959524,3.836379189422386,3.877286061183039,3.889720539771108,3.7901784042602102,3.4981835917168294,3.8681095017545672,3.4186840010483,2.975868036686992,1.6632513854227875,3.0475612106660726,3.533375231241787,3.7567914441497146,3.0843936063355786,3.768592621705127,3.766029394208186,3.6914704139353205,4.039378591135153,3.4034819685975157,3.5525029919380344,3.664390074757671,3.6439189288294687,3.496624479840385,3.281788668594545,3.734458359385622,3.866145221618454,3.6419823491003585,3.6851570087888477,3.4060350879717003,3.96985686887954,3.740617084027157,3.7839978355860806,3.984063025015498,3.960121759355012,3.8973860690344027,3.965731588086611,4.310401631386197,4.028881117229993,4.090767812115708,4.1567904690173085,3.846961253417137,4.27538121484803,4.142590703478141,4.233300956923719,4.183701191193112,4.099746080623968,3.91655664711936,4.299780654969642,3.852634505508479,4.115566652173392,4.149992589206769,3.824429611658907,4.091596575865404,3.8233682226743997,3.864282210717355,4.021493375944915,4.099263092293714,2.9796537597521757,3.234262864129921,3.425210017287058,3.6620159588283423,3.488480246750517,3.872237106511594,4.011425698792358,3.4239251194094926,3.9793636264998,4.056239356525027,3.6182155976439043,3.4981520778409148,3.5765912892108296,3.8673440527328853,3.9154830255792628,3.825723499040871,3.3869415170708157,3.7014275176822813,3.8445936558614404,3.687594753752746,4.0455973761313295,3.968368069615289,3.797048453953098,3.7885225760980514,4.212482405827089,3.8985563402370724,3.9783864318780706,3.944897836682154,3.9996210038037496,4.103630846820531,3.805742175064398,4.132834910585566,4.369693029999825,4.04132793019102,3.9487260111226825,4.3547047418612514,3.928297514595939,3.913708029533619,4.188399241846771,3.983217358367622,4.097409695884038,3.813287462619431
3.512493765055651,3.985987604820707,3.9373451599763327,3.7178365579764745,4.091481166227554,3.6369789350030035,3.7416943291133276,3.8240599196561558,3.5753592724888454,2.7661635051698816,3.0475612106660726,1.658149243786728,3.4519051863615444,3.235083479290109,3.0672960572980883,3.4391343113804638,2.827053383844159,4.0664274296660015,3.158525318489699,3.771444475027019,3.164244074616813,3.5830807771868596,3.4834545292375174,3.0340574129230045,2.80604047579643,3.30005912340644,3.3802877804464733,3.5694139518685173,3.4446229210298633,3.176541591192195,3.607237031865313,3.5826176421550624,3.8518458293810167,4.051386474963609,3.82938768811385,4.180680941068907,3.7855130690984176,3.846276401937607,3.801869472910499,3.6614976084294812,3.9182299123597777,3.7728720379907896,4.011731005374881,3.859105514380701,3.7335482707059864,3.9082184478115054,4.0896038579239615,4.04183233965361,4.058727439297907,3.973889737146784,3.801253481092894,3.8728999266851933,3.45049783375355,3.6510852906876234,3.8462819443744447,3.9680399023068493,3.9918691023644026,3.990475493188475,2.8362269393846606,2.6865485151133393,2.9869429743491094,3.7760798330561895,3.2694101489184595,3.321013636795114,3.591002511373235,3.2593839962918523,3.6801850039750033,3.5918324912406896,4.011534687671923,4.100093750454555,3.647138555880994,3.9658954211856985,3.8575977412796965,3.515853223359364,2.517963428943474,3.4425831984439275,3.697602842408075,3.0263092582551647,3.7169953881609827,3.7407942381451265,4.009039051433195,3.6331637435280517,3.920256636234003,3.884113955840579,3.8922891804796267,4.0191999224217865,3.833705303282729,4.037037557843158,4.276632404622607,3.984862756105925,3.8276879728714635,3.1998403753942104,3.6934416624421464,3.8360518285567085,3.9333099076467186,3.7407453407538926,3.747301424629527,3.7759687067519274,3.842555997947659,3.831608594954914
3.57499915782449,3.6185261744685255,4.012389234937976,4.041014692410859,3.941992064589586,3.7642839759351245,3.3031859342510006,3.5441796573404405,3.694179998489515,3.183254245204892,3.533375231241787,3.4519051863615444,1.6392124161635997,3.0923203699747965,3.0126538769776627,3.48093121912418,3.7763949188100394,3.706394695918493,3.456736918670269,3.8347295596862807,3.585232150900389,3.728143709437245,3.7052423202670286,3.5418864683464113,3.547335617404109,3.7037859105357733,3.6405112444425574,3.8057463612683375,3.6019950567599244,3.340086455118382,3.7282964837334758,3.30047549260343,3.5883569514556974,3.8272768139910007,3.528422860044607,3.779420446667931,4.135973476748011,3.7258852335532993,3.6765573363649136,3.0501388841400563,3.87396195977921,3.674026480153923,3.2693913769792973,3.8223376357991183,3.4335925059629346,3.6549224607099733,3.6711884143484124,3.855835049399986,3.969517118022377,3.783736493948236,3.6791601053426026,3.5568511625642762,3.32485493250672,3.612115211606223,3.572822310471042,3.8179315067662354,3.6455912332890734,3.813126713164141,3.4749029232854713,3.136833586341032,3.5882479649958925,2.6765147021998903,2.758652634121897,3.2171480476940224,3.5330698839636963,3.0854785917358307,3.250031734589269,3.418314025440262,3.7935746466361855,3.76472619642532,3.73388730152906,3.7762566688808104,3.8162083640682454,3.4886843630609317,3.5355376575892423,3.795670594485085,3.7324789019794533,3.5738421576343855,3.4956003842978784,3.364440553324693,3.596418268759085,3.563464039821912,3.4959623880844135,3.644102609885644,3.6233782194212725,3.253987583231101,3.9512104318382493,3.804446470462732,3.810505336776757,3.412530435904619,3.485137989289384,3.424022455858439,3.15818859285352,3.7917357639609643,3.205316009578237,3.8750935801486603,3.4672072672151995,3.572288676484429,3.9384348154906696,3.754030180694656
3.5266485608837916,3.9151895691604905,4.301199277441158,4.187566559284739,4.195973071357378,3.555528901039303,3.5142898088314274,4.114122740460963,3.6742751722662774,3.243243089569288,3.7567914441497146,3.235083479290109,3.0923203699747965,1.7103165317132114,2.7475145045097875,3.474430455640332,3.3718643289745485,3.6698136379904134,2.7800593780439176,3.6209508515635407,2.802958784772374,3.6453341598724744,3.697682242444022,3.383711015395946,3.432582675954327,3.768224363356453,3.4466996230665012,3.8691397771635385,3.4908647341132446,3.5053953753195755,3.926224040583706,3.61915691036019,3.601820801345013,3.916296178217415,3.450076565997711,3.669891754225489,3.885743337034952,3.7380840117099123,3.595142605417409,3.194356301272881,4.1141461301104085,3.7972753000713593,3.4410871644752854,3.9299089249745376,3.4805539757015223,3.410848447624971,3.650479902004275,3.875514254453666,3.7413952141146685,3.8116042371060175,3.740399167817558,3.8299770356392324,3.4297587149874644,3.782605476789901,3.6360897373950336,3.649360201471542,4.021262448926748,3.900023873829094,3.5353921660348453,3.4053189354918714,3.6293028469783253,3.323836934015747,3.142348135166309,2.6432430839259498,3.1191157582385562,2.5197575144443976,3.635064747283889,3.043551373589554,3.850313000110266,3.7895289012638846,3.4802922215396546,3.9589578102462477,3.6909478189062432,3.6112841943634546,3.3346216481794086,3.7151468311842692,3.426301670228834,3.632631055459894,3.69180226524897,3.852545411609976,3.5250224457189483,3.7523362783740706,3.7962547987171322,3.727338544490665,3.5789437973457634,3.6065761536831213,4.046850227009922,3.8582266376407834,3.859890727560096,3.8149093005220034,3.661176846979454,3.4018384770382353,3.2528522785237635,4.083364993124435,3.4699658475869755,3.9732119133297537,3.3110581960107477,3.6214840606458503,3.7202548203266974,3.861809181629811
3.652890884858376,3.891357958384731,4.264551750649985,3.8903402578714146,4.1583645942274465,3.623759266956958,3.25399539272587,3.9473148347650726,3.8282856773794247,2.879427543840151,3.0843936063355786,3.0672960572980883,3.0126538769776627,2.7475145045097875,1.6595958985586243,3.3566264016408938,3.5466452167427467,3.4982949909841237,3.0333759816600616,3.2750312941591044,2.4550979119615137,3.766762696389714,3.089917792620361,3.2144091096660423,3.3792234258720844,3.5277466372898116,3.3764662722152257,3.5686132234227794,3.197780261147064,2.738235209265321,3.589897419827906,3.6396878901657046,3.8159381550362066,3.5554401736953642,3.600926556067785,3.528406494301481,3.9056089848375786,3.7166423435822518,3.6032791900786734,3.1882686132614837,3.8795726124707843,3.7611518808553392,3.712877696495603,3.564515425371985,3.411668767328338,3.4583694068117388,3.664961173650541,3.7418623258242816,3.749079246116733,3.494970228818805,3.838570919746834,3.601227091333169,3.1462572042980947,3.518270105049391,3.7948173328053327,3.664698980675121,3.64892091022505,3.9380593576345824,2.9837356659764627,2.7939794706353966,3.367300235742398,3.0811422004578968,3.144269793219581,3.1962485969104666,3.1721203035093875,2.151085998436361,3.38477483516874,3.2482113550160623,3.520376517448859,3.4939096629686754,3.2953970494443228,3.539324477924076,3.467914860198219,3.4892643962525822,3.0855404484874476,3.6748809593909977,3.516241021351979,2.954690410959894,3.7499107188003937,3.851902562990882,3.5640231316194804,3.5978218612924557,3.772510267213763,3.6505554347250464,3.3319578305267092,3.5626040396193397,3.826082182826313,3.7215353806100984,3.6666086123683512,3.597571701037976,3.7315216238496176,3.3976703305035882,3.2200875199884065,3.9068279398187675,3.4877486601149785,3.54511649546455,3.2753698766152817,3.5998629195447607,3.763835431287637,3.5254784747307077
3.249137708738595,3.4177790566890076,4.0528674053457,3.642364835867175,3.8701090954904283,3.552211602868832,2.991908347759227,3.6618164028515707,3.5354051352606883,3.5095771748120055,3.768592621705127,3.4391343113804638,3.48093121912418,3.474430455640332,3.3566264016408938,1.5277714581469843,3.2696565271268043,3.4713169851555823,3.234450807559488,3.358401639263561,3.4725550923367097,3.1283922830687825,3.3177102657571322,3.2846206479265434,3.3610574647274882,3.600291152799866,3.4925797903024813,3.5780744581620443,3.5605131716035903,3.428638092740329,3.642956879271897,3.575332352045085,3.354781091094643,3.8165772736669763,3.3243506305459425,3.7955955220530453,3.7653160919737645,3.7360918017339197,3.4930398083536867,2.848523010885276,3.77551757159614,3.6889109087779355,3.320963845809988,3.4786765814462752,3.221683893520438,3.5258871885033414,3.569447989066194,3.6626453106225,3.769317735953638,3.743106642886736,3.174387259805704,3.3809714531097086,2.679885305792145,3.7151328584278565,3.498844412208301,3.47814334156544,3.201427031507804,3.4679081227827253,3.3728710338158043,3.3862705249626806,3.5494709533504167,3.509682221755583,3.1680561831074163,3.2988012824586863,3.392179388538058,3.181721999966443,2.5640601608903677,3.528917701766538,3.3460009640630117,3.130502694888951,3.0229966217349746,3.1456535182087064,3.0226056873515135,3.057160014882587,3.498695370452849,3.4686012253368994,3.4854196644577318,3.3482533011664435,3.7391879944284416,3.7198311210887396,3.69413053471337,3.5678402856194484,3.6318526187712266,2.9720865798387557,3.559962184269814,2.76793202424508,3.858024503651868,3.7274473463140203,3.5207577320578647,3.251541544379125,3.2886366982377746,3.3355485073514695,3.058930416192838,3.9239998426089557,3.231825145554614,3.654461959963522,3.4613375324671223,3.6689423354720043,3.750151660588933,3.878876146106489
3.6921721080434873,4.1365019553538716,4.121734604152233,4.073340704756337,4.338454463497529,3.5792289821820553,3.7137337998499835,3.6353244925712955,3.5792876635435205,3.340596118023318,3.766029394208186,2.827053383844159,3.7763949188100394,3.3718643289745485,3.5466452167427467,3.2696565271268043,1.4784277184571644,4.216492089408518,3.207927840536662,3.9252423276523434,3.592538587755516,2.9605962108818757,3.9833756021429494,3.107731401410363,3.3436092689217576,3.480033644971204,3.426868511332271,4.021719729043635,3.6251790563935935,3.9321747831243035,4.102819636527263,3.81622637225737,3.8372570730085647,4.278951818383254,3.4328300652574337,4.0022268232627205,4.212920821275561,4.307344051864789,3.7940006465123735,3.689202044497708,4.117021207938203,3.9958035979291355,3.741105590253946,3.977923635329522,3.8337588425343543,3.795065909469888,3.989296716854585,4.169507293636651,4.291707106513243,3.96135905117979,4.181464141796736,3.7619872149250524,3.765712580753727,3.8309435398764022,3.846880580190106,4.128922201438611,4.00105906753557,4.066926292698624,3.629611622192233,3.524169478869647,3.314492876244031,3.737013292909677,3.8082765255016864,3.9689795363340683,4.097827976130864,3.6426721160472924,3.71283212065193,3.981901922917682,3.4974269552564747,4.168667492154675,3.8523535611608293,3.4784891237610975,4.1165369788606325,3.642758909933817,3.189514737681863,3.183668968855052,3.5759628815831763,3.655968066226085,3.732524602894407,4.05057450912879,3.6744381805606503,3.90234698571937,3.887497116004947,3.4278124781542054,3.8555671320607288,3.7736109415466133,4.172387612297358,4.1031683940112265,3.999589511010224,3.6545710492753343,3.986635614152316,3.8587960834333113,3.640729946615511,4.086840540595403,3.798512007113636,3.768595777384643,3.569590193278097,3.459813920760977,4.176292899111783,3.6676086526857135
3.6541025024466225,3.8576366847421064,3.6004448665503213,4.062211608212234,4.068371251544592,3.339141719831964,3.4421698185630287,3.5830872053720513,3.5814249618670786,3.7789051321632714,3.6914704139353205,4.0664274296660015,3.706394695918493,3.6698136379904134,3.4982949909841237,3.4713169851555823,4.216492089408518,1.409533788352095,4.091269594436006,3.601572740222248,4.124276848554251,3.4736170914695705,3.605889227640942,4.092284633296173,3.8597539599997637,3.486755371782313,3.871037871101764,3.984363679005527,3.7823874136181095,3.7493113278668226,4.065690815980083,4.079930704252842,4.165708124514214,3.614276372393852,3.492492629159075,2.8228899791602537,4.115591144985922,3.8262209856948144,3.6542299256116286,3.9576690642915047,3.6988817035585186,3.7673517038654962,3.594605093426877,3.8726563187521212,3.4167840270661665,3.543856526261251,3.4636166747441153,4.050224137194534,3.382854063618672,3.7315052682463543,3.591209094254756,3.9982251379553877,3.852124211416627,3.9240437695006443,3.7528557213875913,3.6599896390028896,3.7315137483225937,3.611308829709884,3.7904141503558235,3.9867063912019822,3.986356383859071,3.7361976644360393,4.042268802587424,4.244953157695726,4.120573187677018,4.253112239708366,3.814707410820465,3.9868831346855096,3.3248294680401544,2.7592847773200346,3.6643448477794696,3.521177312395109,4.213392568533717,4.0864226897071205,3.907395815875733,3.611696984172867,3.8316338335659954,3.987926968334869,4.083896395765401,3.9901957490106015,3.7967335699264915,4.1505988266489195,3.8498920335235827,3.837243482649309,4.016003365279553,3.6960092629538037,4.139463512185693,3.92597533672154,2.9224471610847234,3.833585425333919,3.9066153239148376,3.923909498971493,3.8099991850083716,4.117811465632535,3.5849891065593678,3.847898401272251,3.466017733503496,3.9709588809600467,3.2401105189530903,3.9421786180689384
3.4732351797065935,3.8419160603601417,4.312782508219451,4.25768321128797,4.1040306135432205,3.752950922369858,3.2985894311106208,3.929814009119121,3.6718721934676353,3.417681810836854,4.039378591135153,3.158525318489699,3.456736918670269,2.7800593780439176,3.0333759816600616,3.234450807559488,3.207927840536662,4.091269594436006,1.5592880454463656,3.0856285080472605,2.6018936568171966,3.3118395811975105,3.0953545735621595,3.2890674403984343,3.56726577867605,3.4716790999259035,3.3361305459199806,3.9314255906934945,3.517364425323081,3.2501878987007378,3.559118065734667,3.4273447145796045,3.909595505864072,3.6353212338698713,3.4091737345932467,3.6461042968753965,3.903921765560205,3.36666979797189,3.546957911480172,3.254504116520269,3.319378656990477,3.786426733268521,3.45336418448039,3.711623412173253,3.649697641649032,3.8336523842673116,3.8668565524183034,3.548038680459805,3.6720887261721358,3.756747154440601,3.677520985559529,3.58655332906933,3.3018342407429153,3.7410606775571726,3.569090628008595,3.747512411396502,3.6219145563424604,3.662275805586849,3.6076596940657337,3.7614188833818165,3.437503956613194,3.4353709291931995,3.29642081548318,3.306803532502624,3.3562418591644896,3.2435760477970494,3.3923228017269564,3.0053658377752757,3.338538135350746,3.5584838023719056,3.054254754203508,3.3349854176166525,3.4753667773826096,3.5948562386276874,3.3669623013171317,3.361144421055617,3.626704679763029,3.4194107440122656,3.566360393297816,3.6638877375121255,3.7630340270597773,3.6177091877095138,3.7181046854911015,3.5147007957374186,3.6472873392824856,3.6318795040470473,3.970992730671932,3.75903851133697,3.7870840020318397,3.7495128435410447,3.692752091461985,3.3713667481526035,3.536347786223535,3.573431281819502,3.659285403085982,3.7519252990875653,3.797274038170026,3.528488620601609,3.8130611757784942,3.8049861529528957
3.4609926412438203,3.7300035107859966,4.054103306269829,4.454016180743186,4.250757577769348,3.3528812293629664,3.825878692663443,3.7947124281716627,3.44669824913349,3.605743056766179,3.4034819685975157,3.771444475027019,3.8347295596862807,3.6209508515635407,3.2750312941591044,3.358401639263561,3.9252423276523434,3.601572740222248,3.0856285080472605,1.6440185246687888,3.2010600661644584,3.6830974516806183,3.112322231666935,3.3377236873520877,3.508905066852905,3.5436916582114275,3.33948223641673,3.6815874492759297,3.036201118378575,3.572386447350202,3.579293607802767,3.7592642545700667,3.9159864053682254,4.170744782312983,3.7158816189541297,3.6477541447106296,3.9454738748961753,3.9502931638590826,3.8290819667472595,3.7013411364950324,3.908335538723764,4.07091598560129,4.096810259468129,3.7690479843504416,3.712277696085326,3.8907347785615625,4.102048167066493,3.787756462134569,4.127011418465468,3.9789091196309263,3.733581681215634,3.8593518786502794,3.413804357637612,4.090852748423075,4.013777540942759,3.725915788044198,3.7536456906145688,3.936183392990172,3.6320132628613657,3.5701780088856534,3.703901055277406,3.7856844925989037,3.6543129686646996,3.618999239720969,3.8529953306475178,3.377543628122067,3.5291766979899166,3.688609373864249,3.6751605607262428,3.3955653556308376,2.8476559304797266,3.5212968485388156,3.341729966329332,3.3952743325096346,3.5407715522640126,3.574598828361565,3.1331275018655544,3.3360888536899425,3.776806151540925,3.88908607011117,3.9997423477802627,4.072487785883171,3.9769475260969447,3.8260913788400233,3.6141404789616307,3.822876451595269,4.04848950647237,3.8792147883369745,3.666079879869268,3.928260410549705,3.8688880261786918,3.7299128491043168,3.813541554902016,3.984750781235242,4.141884368434808,3.707717786064797,3.9732811226218816,3.966033616500883,3.963087604068256,4.011476438078526
3.4788376538815684,4.015060680771859,4.427713953600659,4.156381749285677,4.23974185040306,3.6846481778303994,3.4013867061740184,4.093116253825545,3.7985405076417567,3.081383128860645,3.5525029919380344,3.164244074616813,3.585232150900389,2.802958784772374,2.4550979119615137,3.4725550923367097,3.592538587755516,4.124276848554251,2.6018936568171966,3.2010600661644584,1.7102063142895803,3.7475704961379104,3.392536180941998,3.474170148520327,3.299274671563488,3.6026548061441184,3.5835069720810044,3.6120421026535627,3.279211532122468,3.513178999758502,3.878302236553166,3.9101219768707085,4.02880051425087,3.977968624213349,3.715229307463896,3.6363289760920976,3.7954130279360245,3.905039489156967,3.829730937777304,3.332332306432226,4.266545089777415,4.052764878637418,3.9562808357619934,3.7353832487440757,3.832638082703409,3.898272148102174,3.9606338559885663,4.106787362238393,4.1098901195274316,4.1654567211335145,3.972764128866838,3.803098483955771,3.277679208353257,3.9248178319776925,3.8313652138223,3.704283874862003,3.813006130793933,3.8708049094489376,3.45920578972274,3.5044865641934195,3.7162538132557756,3.6659198612816706,3.5325276185796803,3.0913193904714644,3.2419816578962255,2.668110621125064,3.8121724628095572,3.040304258394179,4.128770833055017,4.303474361370031,2.9781334941276483,3.845811368723939,3.759762132569386,3.8895719680492964,3.4081242471836375,3.726545350808426,3.4137954968762774,3.406976586125666,3.897474059398169,3.947140869685062,3.6988523745202073,3.876353367041714,4.072952456966919,4.079913388197068,3.7007286675617634,3.9431476032754107,3.6691317462498,3.616623237843457,4.019149603602214,4.0113042791186055,3.9735208477668746,3.533067116061812,3.5293119405746323,4.291488671552907,3.924891568023661,3.7432379571186027,3.7976683332269543,4.066285981072506,4.044373465214987,4.13466206062836
