0,1,2,3,4,5,6,7,8,9,10,11,12,13,14,15,16,17,18,19,20,21,22,23,24,25,26,27,28,29,30,31,32,33,34,35,36,37,38,39,40,41,42,43,44,45,46,47,48,49,50,51,52,53,54,55,56,57,58,59,60,61,62,63,64,65,66,67,68,69,70,71,72,73,74,75,76,77,78,79,80,81,82,83,84,85,86,87,88,89,90,91,92,93,94,95,96,97,98,99
1.6085816677752838,4.03065237225623,3.567955724613457,4.141850286141318,4.220246140426251,3.7951903667368008,3.682657668721564,4.048231011760992,4.1992744959155734,3.868170723734541,4.127702756852474,3.4190471621771583,3.9548532869633957,3.347184524203391,3.981903911156972,3.5447579675273295,3.228461471324213,3.491847523829003,3.2099674917274705,3.1253838314831244,3.850100057530803,3.8657662858773962,3.8154426116475735,3.8196269886879857,3.6851176538322643,3.573599738399387,3.6680740354220696,4.219876258447968,3.983816129139402,4.193420612137208,3.5853774991175427,3.31604939604585,3.8215221466759948,4.027022122665101,4.023940310196922,4.43381905850696,4.054451416959892,3.562609360558992,3.8058271171416886,3.7446631796569854,3.7051256845583618,3.708449919004978,4.293325631318737,3.97990054258675,3.9734838137268262,3.532848852722957,3.771469416177884,3.2694972906449387,3.319635128251893,3.698152060662825,4.040574836078225,4.307704426109489,3.777353682538166,3.9393852037269546,3.948496319858227,3.8586403134950773,3.801055544526435,4.001289861567184,3.2781638097896457,3.4912132257744823,3.5579205031917573,3.3616444320612504,3.211994763072699,3.3750454948580897,3.74177531341845,3.9423479243551083,3.533278531059207,3.3598454172709498,3.8994238183313747,3.618685703908732,4.0140384041665484,3.0625687374946162,3.8999979257415722,3.4148492678547218,3.5391223746079725,3.246980246526836,3.8138712230524225,3.8092752591683423,3.5699773612240686,3.7280664823236465,3.843487897886252,3.881619905692217,3.820145199942257,3.723669806658303,3.29974771508562,3.6666155117272177,4.174389811125567,3.9844120454520353,3.8416842080551232,3.2980311231523465,3.494815151416973,3.432008482522909,3.1481188635933295,3.768325408821712,3.7066385198525267,3.5416623387780692,3.627954954730935,3.56389013510847,3.564688805168199,3.655777704459341
4.03065237225623,1.8722009859589823,3.243531387567672,3.684479847089245,3.7504138683779815,4.041710671835994,3.3071647214649977,3.0908054011656665,3.4605534652874055,3.6922991836076835,4.1037702234622015,3.6155283215222447,4.1609662736486905,3.6252116785269526,3.820469510304041,3.243926821641971,3.5596637073624455,3.4089404871550704,3.5870673209554513,4.257246848848532,4.3200554903516855,4.166021145931151,3.7653936133640435,3.6327791241308014,3.9545180047886035,3.809032551425695,4.230658441205436,3.9863158836999064,3.966232472218859,3.968165847270452,4.092959555724283,3.4866455236310085,4.085238308779396,3.691809837126543,4.054467291011184,4.403525376665613,4.007348792696517,3.496055953984135,3.959027113385937,3.4072477893438218,3.80568143525799,4.087455592021702,4.132735336782468,3.5310617133115207,4.108610419629672,3.8261581459633662,4.094309435455339,4.0669824339645695,3.815489629209359,3.7831617347365745,4.3126920763529775,3.503280582290302,3.6645067832316744,3.624032856578608,4.391325139811912,4.507875977849478,3.465614455939822,3.720125756460111,3.6017721703356442,3.534944255334519,3.329985956915611,3.3486745065474723,3.538786011204774,3.4310218958165937,3.6719845166645295,3.8001284778090394,3.97573589409286,3.3644573721329913,3.709786648132428,3.5240332347838557,4.146051125810043,3.5998461147012817,3.5601652566289403,3.7969634254715596,3.540307131073809,3.355444996037185,4.0180708724034995,4.0794437020495025,4.262730714696323,4.161654764805747,4.176810231231588,4.180740974903582,3.8594408904929076,3.4633183688709606,3.3159814003165846,3.821538797291431,3.8125549415760926,4.037809370004381,4.565957097986184,4.022384204363175,4.127449381958825,3.9004585282799766,3.851192341961779,4.096936674147807,4.306348087495108,3.703633871418695,4.083218890227789,3.955309542359968,4.00227661204024,3.7432902303517555
3.567955724613457,3.243531387567672,1.677789326157912,3.329981093831213,3.821685777220186,3.4298850870533935,3.852404338288494,3.2053234672638187,3.7377489426268524,3.861349237032251,4.125435569117845,3.9469571404799,4.126571260534075,3.789061950494658,3.975313282586969,3.73869174683017,4.007647069083066,3.5811058548022725,3.643121633997581,3.6222419520614286,4.147264878116263,3.5179423646660837,3.7353926485520126,4.189987278515274,4.033671836748267,4.000224887821737,3.3467105714877428,3.505080853969396,3.817233161627934,3.671388681384775,3.6992877744107635,3.7472438365086784,3.7977285659978897,4.095537633673374,3.4491852577540927,3.702647286281449,3.566086713911792,4.034931360438975,4.0826838060188875,4.229935926949488,4.1409024933320735,3.5350658043461256,3.7908109140357276,3.4204772152297553,3.7282950109088624,3.528062235420172,3.774833483223842,3.6060743783618294,3.214824077406697,3.2495053760428596,3.7948920271474167,4.248722790247556,4.424933194195085,3.998964214250236,3.795259836789762,3.8307715760582632,4.243888574629819,4.149483996990449,3.9516307931283534,3.8357137243081953,3.874503895520067,3.839217899356119,3.9391850081428155,4.079633801683644,4.316463175683907,4.223626354801517,4.1537121238256525,4.018238838933188,3.9481934351994994,3.9132109772828616,4.3642603901487425,3.9103191995566466,4.059333687838049,4.146211126895906,3.849562842137845,3.7489086949063224,4.439038646470899,3.8798350630200944,3.9143142964602466,4.260470665159193,3.8043685278242227,3.618917367289852,4.1977916049226245,3.7599590702388213,3.892107037565431,3.857544035105202,3.376619855609738,3.6758876446239204,3.610985918366532,3.3354560270874196,4.095163659900438,3.5930146828090557,3.6021703317626974,3.3167908242116524,3.677319369807855,3.5600776813321837,3.624879538078055,3.884788387013816,3.126844298655961,3.3136085679711687
4.141850286141318,3.684479847089245,3.329981093831213,1.8388537188981697,3.56509857285638,4.0889073673401315,3.4162400315013577,3.625806485729276,4.140121157183958,3.735541992192737,4.104839254398045,3.621118051748763,3.4585851760503292,3.611388401654142,4.0214393048006905,3.0527899960961116,3.3963707529119724,3.6702285032540503,3.590547376840298,4.059110222320608,4.137129570479924,3.5745767642138286,3.863981641146197,3.5672514843804186,3.875022562262863,4.075406899752738,3.693687869045595,3.9983436741045324,4.007692067171535,4.279603092380492,4.230173867024077,3.7791120816469466,4.161603300894128,3.8164613200289144,3.7111033435325265,4.188765323710409,4.366443406057618,3.5296619302075,4.016420874150756,3.3053177647833802,3.6784422641719767,4.193004076926279,4.294615512269749,4.173286093411151,3.850216735916177,3.877901989255368,3.7527272871089608,4.04565647605438,4.032317601657955,3.9643723554313754,4.01353955613439,3.5206822142207077,3.5835841055267403,2.793969098191291,4.4297451044943825,4.190568522903039,3.4786651952397754,3.916402316304001,3.3022732287138212,3.608694827211832,3.369854546200672,3.225313335083331,3.292109957380173,3.240217220058601,3.6219936326885294,3.8819531964908625,3.9045853959914654,3.5439478860967757,3.448671787720741,3.8836981294744564,4.026729842508064,3.5076267035557076,3.825089471779657,3.7955965997556627,3.668290145356998,3.6384204434339336,3.910939993230002,3.8568660614881725,3.969257181852454,3.8593793475878524,3.7007813875784934,3.528110945736808,4.038526310330534,3.372095880294031,3.1453590487951013,3.529212089240985,4.601692957675084,4.1794771842670135,3.8371447256829634,4.025460730009598,3.740659804225194,3.817483325378406,3.799635831422337,4.194083113129528,4.121919564400292,3.945499412257601,3.706779296301462,3.6368070843674976,4.285751049475909,3.976908689029633
4.220246140426251,3.7504138683779815,3.821685777220186,3.56509857285638,1.9502953663247138,3.8856636663645547,3.6181233611365315,3.5458211898930494,3.8437331911718853,3.9122139836797416,4.128561940470643,3.82873861139304,3.6970300868907513,3.902559306570425,4.015056070321614,3.8045900204340666,3.672193237783164,3.8866717043966603,3.692543226217184,3.900894399535676,4.181619683787129,3.684058845654524,4.099590948336115,3.9087430336714344,3.7757482035308345,4.2202416248927435,3.961326067143442,3.9313057955153146,4.070056762989139,3.623488115678812,3.8071611641629204,4.155933728168477,4.000884659888839,3.9739541436178234,3.7372097263059545,3.8241551143665773,3.944276232559222,3.794591230592503,3.9557208097962047,3.6187947885928016,3.8969282252027506,3.922481938722129,3.970739132157102,3.775400964047508,3.910449089226121,3.451756139422736,3.7951281642220573,3.908962705016701,3.661789651769241,3.5726181544613493,3.934350844989902,4.02670326738592,3.656259688225086,3.422741173507664,3.8609746878937505,4.040484851739901,3.7790434139933997,4.037172175200946,3.7278255217363645,3.866337271350364,3.5104814996586096,3.4422682460847662,3.516285988979996,3.6989922514014233,3.8508186765934544,4.04752828745865,3.937289432143791,3.6661559738250165,3.761670032145284,3.770808936491712,4.180657049773569,3.578988885199208,3.881027363581113,3.8080545327676476,3.714757347451153,3.588567157993102,4.285542203875049,3.620779476187388,3.7721628920661945,3.9808465420333525,3.862491246426593,4.109509455445184,3.7493841185731207,3.7367157513223557,3.4869653710754562,3.8627459116701757,3.979136507410008,4.0451950217128445,3.9345480724807604,3.991179474439932,3.9401061957245656,3.9881587883535192,3.8543508189367373,3.5388565354158543,3.974133963091007,3.5849381996796215,3.606899694609997,3.7975283806045894,3.6429962955682305,3.474010423304769
3.7951903667368008,4.041710671835994,3.4298850870533935,4.0889073673401315,3.8856636663645547,1.796553163323592,3.3568259464153227,3.3906624852143787,3.041781059488947,3.645768763746422,3.993220737183341,3.785514817029469,3.6717017406913235,2.9591477758568296,3.5941639311216305,3.524397122461105,3.3291760078230146,3.4305290026085067,3.4242756766318156,3.4271706146294942,3.8162562973161283,3.7692754976733043,3.2502166065706444,3.373300524588727,3.3136813356533743,3.918607076757676,3.027460307976597,3.9095050830689186,3.3105863838825003,3.7933424831713274,3.650163916168453,3.8761250404682475,3.6846547814589368,3.505192092999347,3.5225914678679158,3.898183915616573,3.409506627346526,3.0814683665699576,3.6302475741111895,3.3285014330513207,3.5476070306197878,4.0299302493316675,3.938507048602346,3.5551250224024997,3.6572112315074343,3.601655555284178,3.5037888177259133,3.4933613462210555,3.1660936764754473,3.3252828504188447,3.459429831510958,3.7617338430698344,3.787060225714548,3.657867310801075,3.486549266581567,2.9557284455274253,3.608965423778693,3.4821366813391594,3.1978281896273835,3.2608596643278283,3.4416237507135907,3.5228209934356443,3.479712021282187,3.203032433737515,3.42963847729704,3.6964530224323062,3.9900087674795532,3.504015480949527,3.3987190124566813,3.5194389747781987,3.9543088672224385,3.2824486941863826,3.3874591195057855,3.5700742818820372,3.3795951825352057,3.478051148547612,3.866710354995258,3.419831649164895,3.990240892258065,3.4107735462650766,3.4605235746802125,3.3364577017326176,3.8854346398288486,3.5745367320603156,3.125771363491664,3.5635259092344254,3.589940759415667,3.6177507986836717,3.678286235352956,3.529016341145348,3.477367841181702,3.4286407716473373,3.772567319979078,3.5459802673554868,3.7211756725787684,3.5273250221930454,3.6443690605901913,3.6460050888058984,3.4970356822620645,3.3251412628328874
3.682657668721564,3.3071647214649977,3.852404338288494,3.4162400315013577,3.6181233611365315,3.3568259464153227,1.687168870978272,3.332345064108725,3.5265236251083865,2.9505076223685256,3.827526457047644,3.4341692001164046,3.115061246596935,2.9917604186702107,3.5413801024118348,2.9561601542051785,2.644847354906938,2.9353377829132907,2.854668284254578,3.0498678850984136,3.756479650328174,3.3891033843372225,3.409267942607884,3.0056165869516485,3.2450011449115803,3.5100584391158587,3.7986716434641234,3.630488293243736,3.689567822860231,3.8720686535977764,3.878804378058307,3.7040702965733106,4.065909519909235,3.0281946812176965,3.554277560040611,3.5542682893754667,3.696866886766313,2.9122260855103046,3.3563962815374446,2.6039746410233575,3.0952025993632324,3.8396820118610395,3.3819291312715443,3.5104994837237298,3.6769657546878456,3.460131318627334,3.290022346543557,3.5022145965593454,3.2538079005186162,3.074547305236734,3.39810287702903,3.7262351078383955,3.0146649096531815,3.85654481103322,3.7494218610404486,3.594777106956515,3.2149390935320277,3.717601050565039,3.035610395724087,3.3089815691122144,2.8401076077284606,2.966620600154634,2.8909254418572297,2.8642581462630208,3.259738591225714,3.3870691022979313,3.067006999370079,3.0786276378295256,2.872056355178782,3.366251116598884,3.3353439914707037,3.1509210482222403,3.334167090128527,3.4612488438727795,3.2157033303164835,3.03350448623023,3.795073476875255,3.575083116700349,3.685758419016756,3.6079149824472334,3.6904763537292284,3.3037514909108996,3.2949349993086154,2.9361282343916186,2.760296273055364,3.0223817837834033,3.789390662748812,3.7367355176705,3.652449666832491,3.509994250994497,3.3384058808223775,3.3634456232271583,3.5947895794939426,3.6823713834574034,3.731458599130298,3.361818872826878,3.3088185004175483,3.3071136936981267,3.376002141078786,2.875075845491172
4.048231011760992,3.0908054011656665,3.2053234672638187,3.625806485729276,3.5458211898930494,3.3906624852143787,3.332345064108725,1.888249651188033,2.8535877266644225,3.324850286115117,4.0989796666200595,3.5166089179360562,3.497627966129292,3.3352095595355484,3.4958504748369212,3.331287669408496,3.0328260458450385,2.7670869040736767,2.9569431066855625,3.455554448078149,3.773846786451076,3.591896472316839,3.4601978035949736,3.107472340577998,3.614996301525789,3.5761202378643198,3.425848842820985,3.582542957299827,3.4791699747506066,3.4795023325606818,3.5688354705898035,3.8526557226521825,3.6026738546062296,3.4518099428681053,3.7866628661361412,3.988876926175336,3.644362720263483,3.4078964041635658,3.754995216498762,3.0762919367700974,3.5007158725712455,3.5722808326812117,3.6077650614025565,3.3471868740942656,3.2959563794841293,3.258285797251538,3.6822163607915557,3.5007655768270003,3.4537753113846295,3.5815978368464707,3.7288873730848167,3.1670374837852857,3.693452293666299,3.4394602344864276,3.4504343051939697,3.3383953966391373,3.1243701269791213,3.2389616448034357,3.5109078677065426,3.643567151136286,3.439883947828739,3.570337782911817,3.4763950946072284,3.307161186858081,3.72500088515414,3.779255726271239,3.4454986680439412,3.444421860270635,3.520759984314534,3.341044851895362,4.023363563547754,3.4351875948354897,3.610555049506701,3.7637143230573638,3.5143094196483493,3.351269372144328,3.7292533824752385,3.717458436624866,3.7139396690762734,3.7104905153487358,3.455028371546104,3.508364813930277,3.5567109035727342,3.6882741861572974,3.5966403719998152,3.886281453476621,3.466681550688104,3.786456202008768,3.952063481533864,3.3843410823863396,3.7002004549097762,3.573466437286056,3.601519785204958,3.4385060639890503,3.5543077612201266,3.54604772899282,3.266457505250879,3.279867452686719,3.228075912800923,3.512986909642178
4.1992744959155734,3.4605534652874055,3.7377489426268524,4.140121157183958,3.8437331911718853,3.041781059488947,3.5265236251083865,2.8535877266644225,1.7446328070905945,3.886315606868791,4.528710595176248,4.0244139933989596,3.876603257636964,3.356608180344967,3.5119949397036123,3.8814855649275075,3.6374471820642262,3.16131746709685,3.456310958893803,3.813720752670932,3.749256155827955,4.05526971066532,3.489813681971595,3.82996332618243,4.095231631660617,4.308700772550179,3.481295315356002,4.190347337478542,3.4566742256204908,4.065328624142231,3.9662820974900233,4.031765392019074,3.807517374367076,4.166854714468119,4.172130789081178,3.754470739982758,4.059975855965472,3.691224849622471,3.8291428640016236,3.3060115062643045,3.7746553164939685,3.9696693715045313,4.163595740863263,3.9927997262157997,3.736303906330341,3.4899688094255814,4.218679603590894,3.089011572164174,4.05780370427575,4.217852912466183,4.046022382733082,3.6639029992314205,3.698853771705083,3.7738467293462588,3.581202831781074,3.2404899015185618,3.957353302771875,3.2734791521092492,3.865375226906804,3.7951414084692874,3.6703486276394126,4.2737542818479195,4.096153414572755,3.877376650787913,3.9498192785902027,4.07192616662914,3.7279812013723728,3.875039676021696,3.853149525798068,3.580724327149406,4.137280449980365,3.890449871400009,3.819738503905287,3.9625791366941874,3.9228114460526893,3.756669401686343,4.074482162059292,3.7350278685359353,3.886866888584996,3.9965047665612365,4.139416374405703,4.002273461091141,4.02551391245579,3.9895244541234205,4.034187332352582,4.376735391898297,4.100538026200322,3.8142407686728323,3.9299704389813885,3.768391373428053,4.131658880139354,3.805922958020577,4.071039893677206,3.784224081212207,3.9786188616683074,3.9455464759045515,4.194958348535224,3.7318584967743824,3.922689991471597,4.165715574148424
3.868170723734541,3.6922991836076835,3.861349237032251,3.735541992192737,3.9122139836797416,3.645768763746422,2.9505076223685256,3.324850286115117,3.886315606868791,1.7439020047716143,3.7147676664249283,3.0384919036329867,3.1236660319629577,3.010179215539674,3.420004481162629,3.140208763295872,2.968264763306852,3.2593253847309076,3.213682597340044,3.542703204278125,3.3721195419433707,3.4436562819651186,3.5957768763260085,2.7470157799477004,3.3715096861467564,3.586861741768191,3.7761865143464814,3.69650532196077,3.441174125450292,3.485895093760536,3.3984835393819046,3.7501257372891454,3.5059713754806214,3.4064266126329628,4.066522680358017,3.296106482053656,3.551329915196606,3.085799743239666,3.1059656299782237,2.783183657845374,3.1512006147407563,3.8180988711202866,3.530372562187279,3.58938340941393,3.8276261142556924,3.520270411402081,3.8829300525405723,3.5921498096567848,3.6727507981272804,3.4162587820967163,3.681190906278706,3.6407976002592064,3.5039364396421506,3.604587904560153,3.5816636581146137,3.8956274287716455,3.179752327256759,3.518894445294131,3.0136728826525494,3.539842114343224,2.8037401389742476,2.775112527738222,2.692086683981395,2.57802241249348,3.14454895961877,3.2504589709177276,3.6460019842972144,2.8520474394870163,3.3458853386328826,3.1058150797683357,3.379028364436924,2.9763470436590502,3.157374996417156,3.092518020760267,2.8793085604987194,3.5021076352624214,3.520249257740001,3.4174854360678943,3.639014321246677,3.682559215465737,3.304225108357758,3.810023236325981,3.648276615796062,2.9799225511860885,2.7786135027161647,3.1297434488723987,3.525297174062292,3.8339098986658193,3.5375021094964665,3.8266276764810407,3.2892522458012916,3.322853743930665,3.185276138333827,3.6339897113692112,3.6681182018026632,3.613151334096836,3.7593280218579888,3.4823146105122507,3.5889942399321573,3.5881437315626763
4.127702756852474,4.1037702234622015,4.125435569117845,4.104839254398045,4.128561940470643,3.993220737183341,3.827526457047644,4.0989796666200595,4.528710595176248,3.7147676664249283,1.6576783988362596,3.054209856190485,3.824535471976136,3.7331494519773494,3.9074872633022895,3.7296846719426733,3.7679959511989196,3.589897303788198,3.988917533254728,3.6050070503142164,3.7003129977914475,3.99624546373891,3.933996291496945,3.71101599603337,3.8861447013793273,3.9229516806475284,3.8133083050596523,4.056529303344479,3.9318223062546287,3.4859744941781874,3.8842926552747152,3.882194832285521,3.5634568094973638,4.29105435885591,3.943585696610473,4.074429291932092,4.124896958269325,3.3893316858455256,3.9355491937023444,3.5159157816278483,3.581423761156786,3.575019856166385,3.922553026412321,4.253020935041891,3.640332995749914,3.677634033907379,4.134130529394924,4.114462037462233,3.986441448261232,3.938082591304121,3.795512039499728,4.118484795530202,3.6675164011785952,3.7840546141419047,3.6267449620877934,3.8789484766487408,3.643833303131043,3.7599717499213363,3.462597197020099,3.6970811669781236,3.5668369136738933,3.2605204095179734,3.0870962484391926,2.8761345483249925,3.1115911277312915,3.263286369492531,3.5743515820677314,3.269663248016351,3.755993046145832,3.2193471447431,3.2336134132295533,3.197506240313109,3.1968431316301418,3.2522029337066365,3.433772531935142,3.956058908185768,3.8089579943064376,3.4566604947023007,3.793883624037491,3.829154418919865,3.734975164425557,4.087753654211125,3.7702323689789288,3.57316667005222,2.8091631139049804,3.401578865151662,4.262112533558704,3.5370634946153072,3.7594276509521833,3.871360214903917,3.607834237919035,3.7069840604500492,3.536077338012825,3.914669156321821,3.617538289239662,4.155053568128542,3.90914325573929,3.4809745483553223,4.095190927138369,3.8855114940000846
3.4190471621771583,3.6155283215222447,3.9469571404799,3.621118051748763,3.82873861139304,3.785514817029469,3.4341692001164046,3.5166089179360562,4.0244139933989596,3.0384919036329867,3.054209856190485,1.6953223633998133,3.5128202950343774,3.3551213677826954,3.5833929542407015,3.495899822904118,3.2394126587445027,3.3128565676691566,3.1297911037159736,3.3573767741572076,3.8199384484210728,3.6489549205213905,3.7206129676334845,3.3981749967603916,3.5839082548009285,3.451822780190368,3.795919283013493,4.210608739311318,3.8297136569681283,3.577152792833293,3.6717589695227177,3.7691877742752156,4.0565546920980715,3.485824258982546,4.112593665162865,3.7127820461410077,3.63025407885763,3.2083911560560283,3.6166132025325446,3.0901538407718827,3.3840591302834033,3.723665696480596,3.819698583586986,3.6833093083979382,3.346090957133088,3.729565508733394,3.9070627510982763,3.823181311560451,3.7284227026727392,3.629913819846042,3.936021167902506,3.5422822249780648,3.568129847689587,3.277084808803489,3.755165506169376,3.514701557431891,3.06413858850051,3.6413571835296104,3.3000592485673277,3.500696349980981,3.162451207634684,3.032206160812713,2.9125352029621183,2.7519306752968635,3.457689894774504,3.294573744334882,3.4618945514288533,3.102948058051336,3.4185315898872046,3.3138226070142838,3.552826873428603,3.057361295324922,3.3229764245200704,2.881293624156634,3.405344474885684,3.471706142701721,3.6993893012934462,3.334560500454364,4.066617755011349,4.023053675531492,3.687289733884561,3.698987034542786,3.837853543913702,3.3418692156600134,2.8748275417772393,3.474974700922167,3.605436858368825,3.8008904856106445,3.682908301218095,3.468312964071624,3.7393696862305923,3.427694484895341,3.353983903184551,3.829383943637149,3.664545540172757,3.8792863742553827,3.4510945614119652,3.0939864067685,3.7203346144914504,3.6886398675503616
3.9548532869633957,4.1609662736486905,4.126571260534075,3.4585851760503292,3.6970300868907513,3.6717017406913235,3.115061246596935,3.497627966129292,3.876603257636964,3.1236660319629577,3.824535471976136,3.5128202950343774,1.8524520933774011,3.090123125078885,3.389253015287427,3.054408799268846,2.7110984684366097,2.823406765184044,2.8519256340657684,3.097048600629141,3.3342604612240994,3.156141209813387,3.272411430823894,3.0121348192029256,3.2061672548212967,3.106945969789885,3.064958958253869,3.6470537474976354,3.045150862815852,2.984901288366193,3.6262183660396246,3.1290181979258596,3.2052041299063965,3.3447229810440495,3.5120308301843135,3.4816844761917527,3.2714401008297878,2.6732467816651666,3.013396658979011,2.8901161934566533,2.982186860171242,3.4282664834249355,3.142427733666338,3.357900447689269,3.4202899479059163,3.276088136801186,3.3433744137647268,3.2854386122324755,3.270369603687847,3.0878828422076445,3.151362043239863,3.2117881792511227,2.968922450798524,3.172997546884291,3.441159670504127,3.3691735875820554,2.88481462987148,3.151633327493994,2.8500662024662633,3.1988190939066485,3.049478753027689,2.8594827761750525,2.817475006940435,2.773207004372239,3.02971606670565,3.167283722138557,3.414251358946661,2.775359032811556,3.3968912903399433,2.8489702461289164,3.232082583038249,2.8952122503472073,2.870883883637556,3.288552767235258,3.1160642137054313,2.989568132781015,3.267419495253437,3.2500816011661824,3.5771278779948124,3.276565297915533,2.980935556741478,3.2040895132649996,3.4078874460380812,3.131093856404824,2.7754012536239996,2.9691097382965967,3.2724258830822284,3.4788122550178104,3.4242617964066016,3.508531245492937,3.1186842933565,3.170533874114432,3.0463512643526403,3.6384777087505755,3.4606202231954954,3.630191493295761,3.5366683717902077,3.1402559238194683,3.3012975405125657,3.3149001643984803
3.347184524203391,3.6252116785269526,3.789061950494658,3.611388401654142,3.902559306570425,2.9591477758568296,2.9917604186702107,3.3352095595355484,3.356608180344967,3.010179215539674,3.7331494519773494,3.3551213677826954,3.090123125078885,1.7342633292125842,2.7472233937608306,3.102133253941615,2.7110035028624764,3.185370872385314,2.9045785676635933,3.398012853217773,3.0034455033181664,3.2702062641361342,3.0200866039014937,2.9845754200168924,3.2423426203587398,3.250677401672065,3.4992681560996983,3.8766460732376418,3.3516490484591053,3.3773857158527334,3.808858264762788,3.7933989814178566,3.609545508178911,3.3347069370913096,3.5075093221576026,3.744112604221874,3.689984870820516,2.833528835187501,3.2087098195548194,2.829403671908186,2.9835125046674538,4.10740784282905,3.6069809457951387,3.8197857963463395,3.8538852215202732,3.48676567290584,3.1594457851433146,3.407049922912178,3.523961736385781,3.3655501706116464,3.729130133781026,3.308991930657478,3.468671919270257,3.4101746646256106,3.6616424995943517,3.51341244259179,3.0239259753386065,3.3109152635887824,2.924500220443596,3.198585757400299,2.9882800493235004,3.2283420665515106,2.8383668093224665,2.8608333132262427,3.1418534554809825,2.9539818526507764,3.4898316504960953,3.0824549178469374,3.257826817315037,3.3423120745819057,3.346513466857752,2.9593126377981163,3.306315532162867,3.2820745899816157,3.1314557105433174,3.217712884441002,3.5333059861930773,3.173911394460158,3.6564725229012573,3.684790574576054,3.4215945068904112,3.465156483096755,3.2796443056220603,3.0355502872610964,2.7735802770849,3.2429621934783768,3.8495428000074234,3.859083416735362,3.973215283339323,3.2115955638147597,3.3190134567674083,3.2857001661354337,3.2264304313244137,3.4361702623131274,3.5829613710256494,3.5707271674256025,3.4438470279966094,3.331437702943922,3.795923891056656,3.371033839883424
3.981903911156972,3.820469510304041,3.975313282586969,4.0214393048006905,4.015056070321614,3.5941639311216305,3.5413801024118348,3.4958504748369212,3.5119949397036123,3.420004481162629,3.9074872633022895,3.5833929542407015,3.389253015287427,2.7472233937608306,1.5837383021852436,3.6339167457178116,3.413376713181898,3.6285859447981115,3.506917185039488,4.183612573539225,3.446070973931801,4.006077895400153,3.921878056908264,4.0249777829093265,4.043496709250263,4.557621918273605,4.41757922148304,3.6597772129185033,3.2956906475711483,3.8256511661428534,4.181769959769722,3.9688097407541134,4.335343081470802,3.6583086150757844,4.414654463769807,4.1121664979508905,4.264927177484059,3.7620551906938444,3.933845912471434,3.624939536563131,3.720988843167668,4.04809028263705,3.991897409424619,3.9716471519348717,3.5606083970348896,3.6300422835350816,4.007168289743265,4.079629965268528,4.460322642942188,3.8447589229354446,3.7702283028352612,3.968652241650848,3.8739469863919376,3.8764691746014295,3.497819243364431,3.840581771705635,3.814540518066736,3.315290869812523,3.654501602951937,3.667877404478263,3.522786757469838,3.728221214641016,3.50723199802349,3.8055390395061743,3.832009916299708,3.12315639330699,4.313581224849061,3.8192777781392446,3.950764677904296,3.864409264121674,3.861295610466654,3.610636309030019,3.708893353766827,4.008143799454149,3.83802825003203,3.862696341882461,3.961608524242845,3.9450861598158045,4.26629615093629,4.096726303188463,4.231737519405651,4.023901306199091,4.010181013718095,3.7712343123853103,3.79060552139505,3.946309701434054,4.3184331075244,3.7539179687228597,4.485235152179468,3.974721500256868,3.8094776706779294,3.973187255127864,3.971083362975579,3.9107594964477466,3.796775593805263,4.103066632578978,3.997872380373418,4.311462652278617,4.27550027896151,3.9478982922346866
3.5447579675273295,3.243926821641971,3.73869174683017,3.0527899960961116,3.8045900204340666,3.524397122461105,2.9561601542051785,3.331287669408496,3.8814855649275075,3.140208763295872,3.7296846719426733,3.495899822904118,3.054408799268846,3.102133253941615,3.6339167457178116,1.8543550529658868,2.650038883607809,3.045613705762065,3.204191497859941,3.421947216785344,3.340176265445707,3.210677659946276,3.1764303813522945,2.9134630698562813,3.2087041184402927,3.1033140570041677,3.509838055235271,3.4983367989319456,3.59092624862235,3.902131927489614,3.7294772653174357,3.584019900743562,3.637559253490881,3.1725613692879366,3.3964503227592546,3.5549240568639733,3.355497620590915,2.969036706856886,3.4353893698906552,2.747933483119229,3.203146208177298,4.061488586617835,3.580035310782055,3.6725202553812952,3.428686032049732,3.6838989744762727,3.3523361738684163,3.665582988906364,3.278656079025751,3.2399402243908924,3.6787681139478003,3.5889462979722673,3.120694871608655,3.5736627231237525,3.9614072107430265,3.5683432493230907,3.4861830593083294,3.8087260889140713,2.8434170207235474,3.016211392065347,2.772838928173602,3.129043398256153,3.01786678915307,2.915952785096721,2.970998786333818,3.2644960712059143,3.5337521085970995,2.9578203129179244,3.0951123876758304,3.538564126578474,3.2668779012101123,3.082218090866924,3.27913067654765,3.216250054007437,2.9177099798225883,3.0695425772627756,3.604791320695848,3.4463796257455255,3.704126094988415,3.6267270028402736,3.570735285160946,3.088951952286765,3.2495495703348842,2.932181931659598,2.63946820782913,3.0493585933661898,3.569155162951854,3.582398236720324,3.772646003579895,3.289174011381906,3.0877841946856814,3.409994227064398,3.310975847696523,3.7883378565125345,3.430312212642474,3.4719286472410436,3.44300485926362,3.4572473827190917,3.5533082586399223,3.3391759375739465
3.228461471324213,3.5596637073624455,4.007647069083066,3.3963707529119724,3.672193237783164,3.3291760078230146,2.644847354906938,3.0328260458450385,3.6374471820642262,2.968264763306852,3.7679959511989196,3.2394126587445027,2.7110984684366097,2.7110035028624764,3.413376713181898,2.650038883607809,1.5172849282370002,2.518792149555588,2.3454674610435897,3.319346869765146,3.494679698757203,3.3564758886055075,2.866228546072219,2.7213911742033776,3.1584372081194423,3.462855989559384,3.427332356699373,3.834938180995503,3.1309525065590487,3.7026515007347047,3.7562301054735583,3.365840530804388,3.55635727648389,2.873958925882781,3.5954819325648497,3.4774094147718886,3.189467441222023,2.792369543049147,3.25630864333281,2.6899195318933473,3.184471165223358,4.019170447315717,3.7175641749243287,3.4659165944385477,3.224758213563052,3.3054598758341194,3.457532326391603,3.24447663557322,3.5529518336746313,3.163284162985555,3.9197340736332924,3.331280963899172,3.2869327923921783,3.643457653024533,3.8961751305919683,3.6367861608667544,3.037877124234481,3.6141248352951636,2.3275948657709193,3.1985737431511616,2.9690611770878093,3.0129058286741146,2.882204886940891,2.671089131385043,3.007847943529166,3.3591304092044303,3.456804476072315,2.636522930536008,3.1151819409673926,3.038008214551494,3.4939024797517266,2.8309174155207595,3.0250755433314374,3.161683967610667,2.9842326377982906,3.296057848274621,3.168242123369395,3.306112836502099,3.7849871524648266,3.6169412896285644,3.120918659733063,3.2933247045323104,3.2354506163267986,2.919649819405451,2.7231931648509473,2.9541696127084482,3.4453422428293203,3.6822369731210003,3.8260453574065343,3.4325175821136087,2.9660296370904886,3.1737315382569067,3.187867603439344,3.8321129156465914,3.6587280132734405,3.37764482848354,3.37660374397719,3.23151970373718,3.8034783245347983,3.4060040383761274
3.491847523829003,3.4089404871550704,3.5811058548022725,3.6702285032540503,3.8866717043966603,3.4305290026085067,2.9353377829132907,2.7670869040736767,3.16131746709685,3.2593253847309076,3.589897303788198,3.3128565676691566,2.823406765184044,3.185370872385314,3.6285859447981115,3.045613705762065,2.518792149555588,1.6418445748996158,2.848681088608499,3.052666354419508,3.171280287865459,3.2279925657465496,2.599021439446318,2.874600835347301,3.4105282924596825,3.4974307584556468,3.56707814372692,3.3196795882808017,3.438464738931683,3.4577435801804923,3.8032643387855005,3.392176916156568,3.384691688380649,3.025496558446081,3.5290225989016264,3.3221833492914437,3.220119075281417,3.0771581449594665,3.316049675694077,2.813295782552642,3.216474440573109,3.5031927462853796,3.5017343131904943,3.2375287643942445,3.534648620836832,3.4231310818224037,3.393323429281226,3.229135094812384,3.196636544962506,2.9239641416424442,3.908899728145553,3.5408330580193854,3.3269920534713773,3.602834894468637,3.68309397374361,3.615443543550234,3.205710490035201,3.702129144040053,3.043167060281965,3.038356245096234,2.842273502664907,3.02644985611537,2.8893177398502017,2.8499901474151734,3.124966172589967,3.5028177997179184,3.231556937759587,3.1816385575184087,3.2505999181944625,2.9317462152452944,3.2653033604441384,3.1075308263632886,2.949808083064965,3.355163350591194,3.4256151246045867,3.059673667750881,3.6343636209886987,3.4216235738341485,3.71390938543566,3.6400166391812356,3.187529657676645,3.092773424660526,3.422310079286856,3.2574155668210723,2.9642369641145807,2.997361505134038,3.266875548730976,3.530623311923265,3.2748021589435528,3.0762690874294605,3.112893732126494,3.1078837833698807,3.1468469683547324,3.3113914901090515,3.528467551385719,3.2881050732205774,3.2676634955350985,3.1202640143440763,3.0969016171957744,2.996556352176032
3.2099674917274705,3.5870673209554513,3.643121633997581,3.590547376840298,3.692543226217184,3.4242756766318156,2.854668284254578,2.9569431066855625,3.456310958893803,3.213682597340044,3.988917533254728,3.1297911037159736,2.8519256340657684,2.9045785676635933,3.506917185039488,3.204191497859941,2.3454674610435897,2.848681088608499,1.7869256200656431,3.099925764108159,3.5092783800825544,3.2361277800074375,3.4223503527493513,3.035930202341935,3.2065340913404308,3.505174786249089,3.8484677642437854,3.456269227049282,3.6495173647809382,3.688504223157541,3.217774749941613,3.2810634967232475,3.250362265814126,2.90249037715868,3.622880272358054,3.682890809695569,3.2489537790166745,3.049359487221452,3.3791832095823255,2.867577901217213,3.038662629834561,2.96736883529379,3.4470201732086037,3.096174259831648,3.1232441875828334,3.526862732517934,3.4670708574299294,3.569331167035253,3.272448615347949,2.9246975007526483,3.8194042059973126,3.4184226637518518,3.01891159329202,3.268324728962698,3.6163199450411487,3.561746229891725,2.9269638790418,3.5350894319970196,2.916606153236435,3.2637477749133152,2.877505358980814,2.85017144570743,2.7408076587295787,2.8363290537038406,3.2699654400062,3.4731609846419444,2.8583624951953612,2.8982385753345383,3.015028581866127,2.877805086684436,3.480673096085354,2.8144821468540875,2.9840964811208406,2.936681033788591,3.2672793709510755,2.8627386207262737,3.493501303326154,3.4852153929611034,3.441837127117135,3.480740556070471,3.278440888594459,3.0215654511581045,3.3976405271909424,2.973525873162911,2.7357034425950943,3.064000458953124,3.2914368125617557,3.459788083799406,3.5920849278011255,2.666174276579033,2.9982055195333426,2.945268072246248,2.77399511022449,3.4592372238818165,3.0129336589905438,3.0193927539181464,3.0847673573483285,3.17689672661103,3.3299141615298766,2.8663206249739264
3.1253838314831244,4.257246848848532,3.6222419520614286,4.059110222320608,3.900894399535676,3.4271706146294942,3.0498678850984136,3.455554448078149,3.813720752670932,3.542703204278125,3.6050070503142164,3.3573767741572076,3.097048600629141,3.398012853217773,4.183612573539225,3.421947216785344,3.319346869765146,3.052666354419508,3.099925764108159,1.6781693857123865,3.4920666330209595,3.555490871359321,3.775308797428797,3.7042082921832984,3.6166412683976192,3.6802127408664966,3.6021048264857747,3.8292966715604204,3.6128403185797255,3.869580013829325,4.258311123611715,3.8680383794986866,3.886678971109556,3.6681401876199238,3.863813458293589,4.010332575286074,4.1466264035780735,3.0546902473127537,3.563224078412044,3.47490654412625,3.347510619886743,3.6424662716291922,3.823903377561045,3.544165633942561,3.9396293027223828,3.7656274740700444,3.5966103439157773,3.4456081691508698,2.975908004251958,3.235724775544805,3.855712212825561,3.7356277050540565,3.530252176031135,3.8797897118001523,4.446314737023649,3.6932312884975236,3.3684706729606053,3.7635507430802524,3.125771923375193,3.8618155188470227,3.497548522685805,3.1338249512351206,3.151676513066528,3.5522840567410854,3.6066350829682916,3.741010856609641,3.573368317304711,3.362227502552979,3.6170970726002696,3.4908166785697783,3.337172777542702,3.3843334279635524,3.7080583525109914,3.5677242556306625,3.4792101827429094,3.467082129858844,3.779447747286599,3.706601623485964,4.030908701242026,4.153317521113451,3.451867512917777,4.070832860150978,3.8289134864515186,3.5427417440816265,3.1147863021584956,3.47838885795168,3.8371708944876657,3.879588015984302,3.544839293953951,3.786945400296872,3.532734108729382,3.3951149714306488,3.4878548236756584,3.6467915275716654,3.728678695375065,3.4029869099619927,3.462288568189323,3.4188365104903786,2.658561167490132,3.132225639643715
3.850100057530803,4.3200554903516855,4.147264878116263,4.137129570479924,4.181619683787129,3.8162562973161283,3.756479650328174,3.773846786451076,3.749256155827955,3.3721195419433707,3.7003129977914475,3.8199384484210728,3.3342604612240994,3.0034455033181664,3.446070973931801,3.340176265445707,3.494679698757203,3.171280287865459,3.5092783800825544,3.4920666330209595,1.7398801386474985,3.917780142897086,3.444835334097108,3.382673507081346,3.8691536037072725,3.993385250106292,3.8358321477451702,3.7665519894337436,3.431181236396084,3.657136610964808,4.513092247330083,4.175701632712235,4.046061859366384,3.656278683013068,4.392850620169708,4.039442078001493,4.220493726168302,3.5274590665787158,3.769827552709841,2.948133578088736,3.5820946880090916,4.174225926520575,3.735492760908287,4.119197097467006,3.8702284807894785,3.5862118002882135,3.9527389031613347,3.7930305509472544,4.12105267790612,4.042216147539591,4.064320698568524,3.9236087534002873,3.7296436807175772,4.013757241589906,4.062231633223495,3.936786833698672,3.5309956843440236,3.7065649426690084,3.272697011092649,3.0759962293964045,3.2527558657168303,3.5240974401733647,3.245061705876208,3.3082616541234016,3.2461413701985515,3.3500861223177867,3.3694355705376036,3.140773615956018,3.5256939989750586,3.575599192159883,3.1684187984931205,3.1055746654088083,3.5823143368323476,3.53989683138131,3.376324833072195,3.675770341178924,3.313412302171459,3.3841406690538363,3.8556969762129696,4.044056785264698,4.093505042471638,3.61411092447914,3.8670879716377065,3.5160839635658383,3.019726862065763,3.5656018869091874,4.1467297066850515,3.9349378081669566,4.007256281619953,3.8449439071393243,3.7241719786369907,3.809030513034459,3.762809620344722,3.51076801745113,3.5349106557052243,3.9484121305230184,3.921433071834289,3.5431477868095747,3.985957324699185,4.057333105056192
