0,1,2,3,4,5,6,7,8,9,10,11,12,13,14,15,16,17,18,19,20,21,22,23,24,25,26,27,28,29,30,31,32,33,34,35,36,37,38,39,40,41,42,43,44,45,46,47,48,49,50,51,52,53,54,55,56,57,58,59,60,61,62,63,64,65,66,67,68,69,70,71,72,73,74,75,76,77,78,79,80,81,82,83,84,85,86,87,88,89,90,91,92,93,94,95,96,97,98,99
1.7287282497015564,3.7216710726856057,3.9312661792769976,3.611789769145595,3.94254117490092,4.185078753479314,3.5852054337123516,3.5730296604466303,3.5599568932608947,3.9734844730601644,3.8108216472287775,3.820682224814886,3.354757146169209,3.6915837699524894,3.701336352881611,3.8721250052699565,3.9331174906627986,4.008852851022834,4.198411057433106,3.651646658345557,3.5916580494603894,4.001154738774123,3.617346883098862,3.6784683961371836,3.8506844126587114,3.862504277143985,4.065252350708828,3.8868417295914024,3.8985750018907837,3.5819135618924802,4.139397854020646,3.9244444182537928,3.489302585834933,4.354501674135162,3.9805472902968706,4.007979752223901,3.755003487898987,3.7280060211886585,3.701251255943675,3.5759056295390996,3.5651587783077385,3.5534234077953086,3.707743064236846,4.243689056861879,4.147502818454306,3.9213065386390182,3.8813792051049267,3.55554342682121,3.5444350713517787,3.5780949012222028,3.424950562611409,3.74834832300338,3.771911081729112,3.6680485125566626,3.881251791282459,4.310219123704161,3.6252855555710193,3.4622191535466857,3.778347010666795,3.819881779299507,3.8540855268395418,3.314700518986196,3.170063628196338,3.538227622718392,3.847403749874472,3.4629972969639735,3.6596833746583166,4.093190369546767,4.1933398912527675,3.8513428266687515,3.675558467374876,3.807563178036427,3.841110079181729,3.980250525182858,3.793810489627856,3.9134711257316757,3.7052844152750355,3.4281757302613083,4.195704659988581,3.7915146721829096,3.693223966531208,3.5612674203906542,4.143060635025145,3.8448231614569215,3.8439914299272933,3.6608369185880423,3.7705471164134226,3.8508760819482446,3.869540822889962,3.6778043828399176,3.5700633866549443,3.655076433777192,3.9308199292845347,4.064915740558888,4.031337841817114,4.24834654157823,3.972814428425364,3.8406429796448203,3.6557958634143644,3.600521101981705
3.7216710726856057,1.689131345521133,2.6737152132726267,2.5372446291341655,2.193942067016801,2.9766584169942987,2.79858607575549,2.479771711444671,2.5068830460056253,3.3677334606241582,3.493128535078146,3.2335160691327887,2.5061049582757557,3.1216492683624515,3.5323988844194094,2.993835317321281,3.0932494954676146,2.9004199308567715,3.016537545308928,2.826418218648985,3.2080454506819525,3.071814435250406,3.3197697190684345,3.4085479609660316,3.358573098851887,3.399206122551474,3.125692736014591,3.3064274031152365,3.0572379016116544,3.0228222280003134,3.190631647626611,3.254075106886987,2.605512612496725,2.9615889845672196,2.8028700441385372,3.1543509072384954,2.9891924652635407,3.4419601564822853,3.0543029306235256,3.1464077772597685,2.6767483859350767,3.084926826866148,2.8934396664132516,3.468731689029598,3.1087456350510503,2.8870407741731,2.7110521681610287,3.2956430376039325,3.288694849700546,2.869091814713595,2.7249368562682776,2.371825335563075,2.2619999514600946,2.20612230443205,2.4905282959638737,2.767231071301596,2.3442554843532277,2.3697758468110197,3.283042536858354,3.42131730685464,3.2464852857923927,2.5025199320359723,2.8876416779760077,3.157107583549524,3.395801486547308,3.3817349036215343,2.798703409711867,3.0622291567657425,3.2445312429028133,3.132754560094362,3.359693288373754,3.036494710173712,3.3010834147789034,3.600530750484166,3.249182145907054,3.101589978900024,3.0414932895844853,3.366150779040901,3.110115298593346,3.470068878279874,3.3016167147127082,3.317040864867151,3.2101862258487004,2.8520148730674695,3.1138821668123136,3.272189150310866,3.252252365033713,3.4908713777427933,3.0522078563201482,3.3908060435712324,2.818496775330963,3.2282753037153324,3.215277611334193,2.949378307630518,3.1376107524576766,3.3062125582138764,2.9610849848208343,3.3041212230608816,3.2717987441388385,2.807269958668834
3.9312661792769976,2.6737152132726267,1.8598400434343292,3.1901725048490155,2.3917022494949673,2.7659304657121373,3.466709936514232,3.0268977999802185,3.0014718888968765,3.2397445344322318,3.542243761882956,3.286684368805215,3.1109020274534482,3.1548578374820404,3.4891706539979257,3.3510567129726714,3.026192248991053,3.3636604031935535,3.2144526534971667,3.010784103349861,3.208197307264309,3.3161966241509497,3.4696311301187954,3.6262315925507176,3.782166813407404,3.7591224429453036,3.1936641869348215,3.597452359640091,3.350583201548081,3.3493753642765434,3.6537139329884147,3.4300529499126884,3.07283712877701,3.4483021799017086,3.0804748776799933,3.611514695998448,3.0543329167114073,3.8969069141391253,3.5624183447778157,3.604462792414768,3.1970658733127246,3.293596260430836,3.249336552709851,3.7494744790851158,3.424098655606417,3.614569373442114,3.134010631306178,3.532391340755578,3.4936544003851426,3.4569634151278454,2.985972923639968,2.529831740037245,2.5991254640170305,2.8353292439495803,2.5568636854025937,3.1565642257761715,2.857997813603291,2.8303794369454485,3.4688009784125016,3.5417394707678906,3.472870784392092,3.1112130021170636,3.452510548172122,3.51789641350915,3.662270161463977,3.4540707093176133,3.2245888733919803,3.3298866566380743,3.970251186774188,3.4558405899831657,3.4941609143731145,3.727463362046571,3.8465225527839038,3.528011684240061,3.592465859010161,3.800736889930177,3.2706868009938486,3.5440318042280246,3.5633087291825585,3.613360098561447,3.946687983387138,3.6025524737792662,3.3341507917995856,3.1828222615422903,3.42742274186951,3.5374886530944294,3.4681780432127463,3.760167337490505,3.2280321592648944,3.409330262412875,3.494412054780462,3.4238434528352246,3.4745368067385174,3.4099579820718846,3.3951686672058714,3.404749518988083,3.3944155621943515,3.571177746746913,3.5659320785444772,3.4914098474708695
3.611789769145595,2.5372446291341655,3.1901725048490155,1.5861689966963592,2.5466694558254592,3.0385171675845015,2.5951277213070614,2.1795211651357382,2.3321425821550585,2.8428136985943286,2.9201294547345933,2.630649869089767,2.7452694918867513,2.9779771952528744,3.124953695449863,3.1404805500901167,2.9525983520056984,2.9210138863164494,2.8199077028588584,2.99150012626092,3.0294159274055086,2.884390350703457,3.408609778937079,2.5026268299009766,3.1800646713039114,2.759357177292919,2.9870349540280943,2.859533872343656,2.716215538229293,3.353978508487252,2.9906771994194012,3.051955343290146,2.420122040947827,2.894247461512451,2.8708659717513134,3.067376081026113,3.0113980767785584,2.871838304864676,2.851009289850284,2.860004313653467,2.6016648057566933,2.8972836793365797,2.9836970137852243,3.1409899287380596,3.1882787871101823,2.5777664472095965,2.795482021582926,3.2691084047515715,3.305285683759878,2.735576516126905,3.033743064631846,2.8688396580762374,2.8677393930661896,2.1080614639700648,2.7597052889610523,3.0447160894112466,2.5444205861210114,2.5048790998601285,2.958207768601429,3.0005644671533767,2.7487341377596795,2.7268626662113453,2.9721080486607674,3.105349674356906,3.2298241910991004,2.9873326969572815,2.8324391210660225,2.75163820612948,2.877148553539604,2.727353385049578,3.0358641579228687,2.448112870539013,2.919199996095119,3.1381206304210596,2.665860902593786,2.9395676746362316,2.6998949293455277,2.907066717739136,3.085563049158824,2.979197218476218,2.866040628634156,2.8990645073436054,2.3623224618922762,2.526863516042741,2.5498393675636586,2.666818228564658,3.2404807980627517,2.912414471260287,2.9186430343164314,3.1562161741098285,2.972867350667342,2.84215503071477,3.0707458157256347,3.1709623190477205,2.9738993602063313,2.9512212882052897,2.4777979003396604,2.8010916116735083,3.173211511086489,2.6242413655970975
3.94254117490092,2.193942067016801,2.3917022494949673,2.5466694558254592,1.7276261883317154,2.5936766190959566,2.8129123026580656,2.6859459378663475,2.478086519530048,3.055250833017117,3.0787274912911116,2.807362502837909,2.469248109887946,3.0180678496966182,3.1194317049821443,2.8632282175914945,3.003286033179515,2.9489074925041887,2.9322680472203966,2.663248974795532,3.1085865400153043,2.904365847872431,3.098418384923378,2.8630909739585686,3.2639708268901164,3.186282322012463,2.6545156519765847,2.933118323947411,3.0926194940609704,2.905974969598305,3.1883287696648948,2.9762651346185947,2.6982087724845796,2.8157551795466977,2.8753130255408803,3.253497569498433,2.9759353142517715,3.0452376374811294,2.9821938413889137,2.9430496681846687,2.636933761818708,2.655973550177513,2.696634361566547,3.1459343718306605,2.7839865645239197,2.7526644853865974,2.683692714207102,2.9907878726624357,3.207415351560931,2.6053772305652516,2.775745018721633,2.516310384197009,2.2175278556228792,1.9572491984002645,2.1897533945618095,2.6626468891579336,2.3054826989833956,2.461282849097764,2.9505103475535606,3.2523181033628568,2.9537370896975497,2.471447504560409,3.1114307778958334,3.403572318466674,3.4022913951377025,3.0737633697052242,2.5524768756382548,2.839995024477986,3.0033820519904784,3.0175263829996295,2.901616676335124,2.8090022219752293,3.1414506117595224,3.0476330084453633,2.841292282234921,3.0704195874103024,3.04905550568778,3.2986853162869276,3.1017037537463317,3.116518944699635,3.2427908371764635,2.9448584259859616,2.767558342056871,2.7203900853672676,2.6065998993541726,2.867829967382499,3.2523164151356383,3.2080932591133484,2.795412915047085,3.214887683144194,2.557979369937918,2.8312106856072528,2.9379947243239926,3.0564469167185138,2.8166291533492327,2.9247340056235704,2.7077832537049713,2.8617226182282223,3.1572365167543452,2.3931930108493926
4.185078753479314,2.9766584169942987,2.7659304657121373,3.0385171675845015,2.5936766190959566,1.7374688726797085,3.8477313036083625,3.9951740354506837,3.0452046689656336,3.269198941062563,3.1116344377104004,3.490354710461282,3.430404986573503,3.6088689099994165,3.308639961288706,4.055258633312265,3.8638201038847404,3.7064226558233844,3.9445338068294915,3.6022360470483994,3.5988551100517636,3.6752845147630415,4.29270495660966,3.6848724480648247,3.8931143545682536,3.8436792680114333,3.8927826214463948,3.523088550725297,3.611701546605227,3.4788074313319406,3.842231409714901,3.6784071092319754,3.7311493097108124,3.8736866220713244,3.9274269428688378,3.5345825990137865,3.205890335645579,4.008561601355562,3.7081227562405483,3.673889930606993,3.6863507206100015,3.2603031473755,3.2484414339183414,3.7898923138572678,3.7344892497149127,4.0071541806632505,3.9098174137963806,3.839805675583374,3.4641878624232265,3.4609834119167333,3.4558738181163355,3.377575050451837,3.31726729594538,3.575228409289804,2.399897045023027,2.4683993973836706,3.639152130715507,3.352082735117037,3.4487677527829645,3.658979936022192,3.9130687831082005,3.465594377275263,3.6674293534775355,3.824251820396244,3.656853768361349,3.451746388473665,3.380749397286384,3.9575858716793526,3.607630519221878,3.9400072082396145,3.461333729385862,3.702673406955567,3.766650808099974,3.5975769888648585,3.7986271717479245,3.8329842045777878,3.1698522431509617,3.515338257355351,3.9183590737847,3.256332954157082,3.6318564976753938,3.615701471659836,3.681210045873948,3.6134315032606956,3.7090965627854615,3.7088119559932236,3.3781821208566982,3.8129533557103357,3.5547539047838166,3.342545480079052,3.628442752803438,3.966406290673687,3.5319519968128215,3.6117383979043094,3.331058615954411,3.8129534853371263,3.693412390593309,3.7498173012881133,3.2161578017641426,3.267828313159155
3.5852054337123516,2.79858607575549,3.466709936514232,2.5951277213070614,2.8129123026580656,3.8477313036083625,1.6599039377227143,2.633420951431456,3.0105101606957874,3.33993546689611,3.375558507251504,3.7522872200800528,3.1758987392777516,3.817937194082264,3.6420696248845643,3.5772958681087204,3.5178160383971253,3.9177254851023036,3.3884650573202713,3.2144918296534577,3.4781278722540887,3.668302901382572,3.7031245137937483,4.148424828007126,3.3800408679930913,3.5867660936498225,3.2299975794729496,3.372144614773514,3.2934311577432394,3.388550609374877,3.282037199666541,3.7301370872199446,3.7388399723579213,3.778899412337545,3.629366989299835,3.6157782160821132,3.5631445847509733,3.6670022491693737,3.314460304834448,3.026473061194927,3.1595153571766392,3.7887099856224338,3.4429839000433957,3.6720717475888027,3.632350564030833,3.1937145166434417,3.4017101895065873,3.3990898598610833,3.622673430786332,3.492142745365322,3.797850838177448,4.006844858207671,3.4789925628326532,2.600267865589243,3.717396076942926,3.4678878391341175,3.1466801171530405,3.3244369162187604,3.579767729436892,3.5930501186189403,3.632319860588718,3.268612925157525,3.698816778467652,3.420906340872506,3.6892829178909787,3.475843920742792,2.6928163726155883,3.975737858503726,3.4336271663303193,3.609329002958704,3.7541949007798183,3.8900475700268573,3.308787120740204,3.959926672753506,3.83454289900327,3.3727663749690144,3.1371128314623555,3.6605602581533208,3.481600877203671,4.043075053788345,3.5094760439790402,3.573724073531845,3.577795865352672,3.3920734423226895,3.3033261372856813,3.4178913279744383,3.5966646555505433,3.542645704053147,3.3528406696296127,3.7527748108762196,3.7253632322158903,3.6576571506642868,3.874907485065905,3.542148042009832,3.9408724806849587,3.464767669978144,3.3895032881373197,3.5332979363248223,3.6417347526319843,3.5450514830713633
3.5730296604466303,2.479771711444671,3.0268977999802185,2.1795211651357382,2.6859459378663475,3.9951740354506837,2.633420951431456,1.635134369000591,2.456869665010156,3.3527291701604924,3.6135892779518564,3.4124856559669814,3.255544121595246,3.3313591240740026,3.4836955671504066,3.338948689056758,3.45470056939397,3.2414663163887245,3.5594644536187667,3.1688965540837875,3.601305182203057,3.4945828929655276,3.453968062222778,3.164590659797965,3.7844999770016132,3.703360734482523,3.2936645650170124,2.982702079488063,3.6441595781518443,3.5142208246124,3.1506585429671663,3.421264885677735,3.1102738424721195,3.5471438879361843,3.397758623223361,3.418885357212119,3.309240841061495,3.3335803889112823,3.3719519219088707,3.255714714991276,2.704194775801204,3.198532625879787,3.2086098930157227,3.078714710272674,3.2949660763782607,3.0102825308023924,3.262649927945753,3.430510481466468,3.166331222998661,2.9155390367637595,3.1384523973182015,2.8734703924360887,2.976218473551416,2.4074049059322276,3.0265743394764812,3.3700257289174615,2.3222951025812257,2.5034491101824243,3.5241151168592375,3.8147168671703278,3.590958423484337,3.2209637982269523,3.345260497294138,3.5479986583201724,3.546571706587398,3.3965159668650267,2.6939944503548294,3.451233212383132,3.5339558058307414,3.5917782396249525,3.412048575462812,3.1674035460620735,3.4859806217981766,3.4689558623346146,3.3123619789221443,3.832526790867915,3.358904598593636,3.5238815920072506,3.342385200467762,3.4315381310616355,3.399114735470565,3.7955757527063945,3.1200355812281213,3.3993765366606183,3.2838575700568837,3.516453647295589,3.5219783154602693,3.335447486231505,3.452920556010008,3.6987959816608695,3.308946327385104,3.2407710041167563,3.3493964912673957,3.3927735366623297,3.560889256055801,2.9749135297574507,3.2934091230906635,3.2396142431695867,3.280520431219772,2.8025249522835747
3.5599568932608947,2.5068830460056253,3.0014718888968765,2.3321425821550585,2.478086519530048,3.0452046689656336,3.0105101606957874,2.456869665010156,1.6287072674205096,3.4262674585862807,3.3241935063914623,3.318063394171199,2.7819850475356938,3.5128218832445155,3.4828468525788003,3.357029836915343,3.7078216913398534,3.387570361659128,3.7970301247107803,3.47399749987049,3.629457361564594,3.681232408417966,3.5312666290701418,3.4255081419063207,3.4991038337365956,3.3288432705237985,3.447257345933702,3.1407635512565633,3.6390740847087444,3.445666158708779,3.650486251265593,3.51583939677305,3.414226612666083,3.3608220294517204,3.607346483828992,3.280996263576932,3.5071341633630766,3.64950623559217,3.50282122487117,3.034399889908515,3.288481369495425,3.76992716044987,3.2400497978736382,3.8071063365435305,3.7432800893918396,3.412972025319206,3.4903867558202575,3.549285416494707,3.7494183137468853,3.4433613324741184,3.53405665405543,3.179798653978722,3.2267086393224034,2.596005904755076,2.812793631879822,3.1769797559640285,2.2523522486623104,2.072047583904176,3.531668878712729,3.408154567493094,3.191577664877122,2.7579200962586166,3.130442493102734,3.4576513385047845,3.4597450761155817,3.441490443181526,3.117817573469023,3.545469720420047,3.508076718578659,3.3472274753617755,3.4912707015958477,3.72748145416245,3.519348421080437,3.138730299971079,3.3458930977094172,3.445085444245009,3.0134527336037458,3.70230537411533,3.6414158178789475,3.700181326290873,3.5703976746318196,3.5182455438589697,3.1048454053477865,3.4470122410287893,3.297536488990373,3.422014864215345,3.5630462454622256,3.0627741593893254,3.308982686582503,3.5194051456961026,3.4972843614361,3.495532810717623,3.0513016521292173,3.6836137999501983,3.440274818787956,3.413724117236709,3.4336709380404757,3.481725686948204,3.658915709686781,3.1764881981039546
3.9734844730601644,3.3677334606241582,3.2397445344322318,2.8428136985943286,3.055250833017117,3.269198941062563,3.33993546689611,3.3527291701604924,3.4262674585862807,1.6353559613685802,2.982409669862332,2.867812915869881,3.296437078197484,3.709550050407385,3.5830004846677825,4.059329008566512,3.390351843437022,4.034886109572338,3.6976627936487696,3.9281776727022923,3.360989713851983,3.7171170357565155,4.164994603441193,3.3913738610514903,3.4171083157016238,3.3097925950339953,3.9387528454242164,3.194861295469086,3.4449058899692306,3.865605204612714,3.7884679091503712,3.7868143184852046,3.6682965122604654,4.123851500362351,3.66912709819407,3.985849070043219,3.485637878480403,4.021131386712686,3.6646252671817505,3.5243451209068666,3.666517890559942,3.4930266829203425,3.4266325438700345,3.724876937626797,4.269786632625294,3.810614498947185,3.727188079319231,4.173241964666435,3.7206591398636,3.9779773843234953,3.610487389064874,3.566243448668553,3.6725279159109387,3.696422074556393,3.435035954389182,3.384906536419111,3.7280445136158447,3.6519837789845946,2.945739027397172,3.2211383591159435,3.527326812100275,3.289364588376945,3.7544097148476583,3.5762063038918117,3.7236760992285585,3.710757424420481,3.222367932796347,3.657816706244834,3.527611528514045,4.1404794400071445,3.585048436375077,3.3963417017640003,3.6480209795792407,3.601247411048791,3.413220408905711,3.9471528702229124,3.306475845322438,3.3688546480843513,3.826617579926473,3.8426097334710847,3.6194493427543937,3.979758021276185,3.7769559221811018,3.5417005970091915,3.903448507868637,3.747765899892058,3.8230346725439643,3.650867369498833,3.9075258214356983,3.6602787846017693,4.049432369939252,4.023029952296452,3.816046257118422,4.218148571931542,3.5570380693281445,3.620055184640014,3.838593469584674,3.8555024614290283,3.631330146801394,3.868045033869595
3.8108216472287775,3.493128535078146,3.542243761882956,2.9201294547345933,3.0787274912911116,3.1116344377104004,3.375558507251504,3.6135892779518564,3.3241935063914623,2.982409669862332,1.5790540071388317,3.069297454535437,3.4753020608153666,3.648599316013429,3.734711733459829,3.9249249007518454,3.7476512909856665,4.152864843783766,3.8748014855427093,3.8700834888328104,3.7172347456266723,3.9406933334293326,4.11747791900706,3.4293933894343462,3.20082943184545,3.5559989549901276,4.278378075181991,3.565724798583503,3.330531033200773,3.8485082092302596,4.1909265267618485,3.6918899938538527,3.2479008531115854,3.961032228203754,3.7894947811489548,3.950889496496314,3.6088923955934162,4.022500647537649,3.570573217763781,3.761452053432289,3.4817918988043437,3.2372528769116053,3.4020251998789672,4.147410437480124,4.242411013375287,3.8722839149604074,3.826217258714842,3.752447192209155,3.878664282352787,3.7665609323921845,3.1974796067476148,3.5894317701973963,3.6783627426023067,3.7849954007459106,3.535372197398813,3.571880597845274,4.087153920868843,3.6595576048178318,2.568411264721281,2.8470245465258057,3.599342620778437,3.6615770886122583,3.8613375671744015,4.073391120006956,4.313283314260999,3.759215568253496,3.341688301038368,4.07268887898544,3.6551646418790495,4.032546742477263,3.7894561978850283,3.7449495770587817,3.8339995867747914,3.7834421359608044,3.6256267297020486,3.4982519892841006,3.4086223043811823,3.8688491914305527,4.121223443961951,3.4567216492194617,3.6649405501012247,3.9131091066158517,4.04988548061233,3.7715749340392573,3.5414115398044292,3.6907468603170654,3.8052353899287836,3.7212297409051414,3.916412898145915,3.6254185721876,4.0759303472377235,3.852142817212514,3.6491055521116738,4.075254523505817,3.574781922765734,3.958479409173571,3.7866576303829342,3.922778050489115,3.7658240687910363,3.852410845214023
3.820682224814886,3.2335160691327887,3.286684368805215,2.630649869089767,2.807362502837909,3.490354710461282,3.7522872200800528,3.4124856559669814,3.318063394171199,2.867812915869881,3.069297454535437,1.8199323543316845,2.4200121408680144,3.0067186677900533,3.1266683541713145,3.1516076209321375,3.024259512582708,2.9782795431200206,3.265202989214287,2.9339936656727397,3.1641349390289584,3.3282642986434383,3.3894980025429002,2.2633398160250513,2.9950121148227957,2.8343719796409643,3.280040665164905,2.9791235816174506,2.8008416926231128,3.1846826172096585,3.2868274831068085,3.3304853481027834,2.610243323700745,3.010211935361397,3.0996324548994876,3.230462760073348,3.1381281872074873,3.052433118176304,2.9979930495030027,2.9877775491568572,2.720879053494676,2.592853295582395,2.849656477910403,3.229292155929042,3.067221277212865,2.8513062642708276,3.061529987879074,3.1764513994487875,3.07975163183913,2.7122368118861786,2.703803298363159,2.7613469629465213,2.7870213605256837,2.8755695176612814,2.946587359259128,3.028894352623133,3.017365085280753,2.9529619076622495,2.3910463875058,2.7580835038616605,2.619918979166979,2.4413681292910328,2.885633123081552,3.1672121509769524,3.3325440379346714,2.9408844643104377,2.892285672956474,2.912479065565397,3.2576908281648396,3.129989087590903,3.1935441634572754,2.5934510166973586,3.380473960348759,2.9413151972157108,2.4697339631725646,2.9601930108626484,2.9210250256588632,3.0223925785448205,3.335888663227836,3.0923102090243297,2.888751521521071,2.8947549109512036,2.991675228345424,2.667568820117318,2.9746339841015237,2.8916975826964015,3.1269483362799977,3.2864603547504374,3.0492477854824434,2.9853425319873184,2.9609363333761034,2.8431610980461417,2.8664383741753316,3.0186008503371498,2.5360265911575324,3.1962638619945585,2.787446150927003,2.9377489464446285,3.028458274539111,2.6656782804036596
3.354757146169209,2.5061049582757557,3.1109020274534482,2.7452694918867513,2.469248109887946,3.430404986573503,3.1758987392777516,3.255544121595246,2.7819850475356938,3.296437078197484,3.4753020608153666,2.4200121408680144,1.6220228275671735,3.13586675001132,3.4855591134605874,3.679129706383597,2.8874988545325566,3.4963311132139085,3.2738072416597492,3.681624670296599,3.3246462088587854,3.380729622105994,3.5698935970192602,3.110919073982535,3.4425809049450846,3.4878650229974397,3.6674440839810165,3.3666049102182907,3.3495689443130012,3.52601191497224,3.2706697699785536,3.6270503856536487,3.4500907274449997,3.5154686873215906,3.488039018898024,3.440227192879984,3.705821941056781,3.5661477265792385,3.4152442607258897,3.1279113618553223,3.385554297146215,3.3379325388789898,3.115626393666975,3.477081566125949,3.5734018269432313,3.5542439478659067,3.5606082119089084,3.5840988091430384,3.955040766791836,3.431060236269719,3.322552260178892,3.1884142736017367,3.261524234580735,3.2343848258637644,3.242073136215651,3.594555033625577,2.994592207623862,3.149424785441697,3.3625433213612292,3.3888525084429744,3.189364452886866,1.7734027382620599,3.186383362661568,3.463977727440429,3.5490076646111013,3.3463324130849252,3.1797685073146833,3.10748074217514,3.440147966800295,3.524663299702395,3.5011863760130746,3.021055336061741,3.558041068748761,3.325249384584001,3.148629502598421,3.5586761406860536,3.453996573958962,3.4477100035980253,3.384951800662703,3.457990314753194,3.398797300380274,3.434819033836074,3.2016380802206337,3.256282982143686,3.359347738521351,3.3617438259593238,3.7877906038772657,3.565772653115142,3.4945917371319095,3.4629388259823983,3.267608682211701,3.3874583814818173,3.3439152667648866,3.435822463242365,3.2413540337190745,3.4922768656267014,3.453670300659835,3.520733330853373,3.8819111339050005,3.205796221600992
3.6915837699524894,3.1216492683624515,3.1548578374820404,2.9779771952528744,3.0180678496966182,3.6088689099994165,3.817937194082264,3.3313591240740026,3.5128218832445155,3.709550050407385,3.648599316013429,3.0067186677900533,3.13586675001132,1.7730999785573363,2.921247685701944,4.408157918978269,3.4027506030157135,4.044380618490582,3.4748062603123917,4.085013413132118,2.9170983863563857,3.8220743626185203,3.7951871551484944,3.556716295339959,3.625698556415017,3.8950340344075376,3.9024355973626106,3.3587478704042173,4.025836271295592,3.8022803604504167,3.7799602546205215,3.830091924647747,3.981821372808554,4.195098703015109,3.721014383836065,3.886246623367099,4.455600653672607,4.2184439574354595,4.058577131300562,4.100925806826328,4.0419749724650655,3.8549778445627907,3.891658396558782,3.871643349371175,4.015975032022806,3.9427720664665076,4.0157709558410275,3.7586796039184662,4.188122620627147,3.992007390469027,3.5695768062909687,3.4922824724332666,3.3900270504288192,3.883493268799349,3.2999620255406676,3.958084638373991,3.7365094240127523,3.5171206028477133,3.665521770680796,4.162822343267775,3.7534501091924066,3.208437202101428,3.6928098058601315,2.860897164725003,3.041676004206481,3.054180490573587,4.195560255358802,3.4873389282552423,3.322761303844525,3.916631334134132,3.2653997578705667,3.052188636580756,3.587257985980096,4.209360563047043,3.705109067021862,3.7270934079602416,3.6829571833786336,3.417023947348406,3.98286649826389,3.39845547461086,3.9618095822202224,3.600984230508475,4.2881989495443475,4.033058352265622,3.78293375110308,3.7096671516762454,4.277956109655016,3.8943494462614567,4.057807354595598,4.090005163443702,3.1146546195748828,3.6556228084649676,3.8865988445270716,3.965975209541576,3.760172695515177,3.6924600321348042,3.9208331662269647,3.407878570262429,4.17962593810855,3.693403695337711
3.701336352881611,3.5323988844194094,3.4891706539979257,3.124953695449863,3.1194317049821443,3.308639961288706,3.6420696248845643,3.4836955671504066,3.4828468525788003,3.5830004846677825,3.734711733459829,3.1266683541713145,3.4855591134605874,2.921247685701944,1.8926698184879949,4.225722600823088,3.9517440068434424,3.825673168526159,3.8054855030401904,3.806818274652713,2.9704563923388436,3.940375646797671,3.7331701005053604,3.838618543041614,4.076825718064617,4.045516333588875,3.807799752656888,2.926993578138517,3.7645186384151796,3.5615388883452876,4.2504126269941915,3.760557255420072,3.8536158807204157,3.7774261537434186,3.904909638393662,3.8564895710805045,3.9843668769540916,4.302021513040801,4.292198981411793,4.111058530654286,4.086352334216619,3.654256030519132,3.921465176919212,4.044449826914591,3.815233458574215,4.0335268017589145,3.9733200528861836,3.835499518001663,3.940882476246842,3.8665149132050187,3.678461536699796,3.797963361759809,3.6761118370444263,3.840351658520103,3.2538342548129418,3.9422419004034173,3.84085482835647,3.7982699139823803,3.899876905534811,3.962096746232359,4.044495241886068,3.6582369104297245,3.6344014779109206,3.1875363183222882,2.8121683534136555,2.493287409067559,3.7442403138257387,3.9294883262995572,3.770661345022977,3.9605680249976385,2.856684765589818,3.531939590008172,3.8996880627728396,3.9353773757656754,3.7583510295865783,3.8251854323006604,3.4587582258961698,3.391491003515686,4.157103727518616,3.2268876157338,4.119354053233664,3.7613986035065907,3.95873271605654,3.988841653546843,3.975039734980807,3.8584478359484984,3.8012194912047215,3.6006582285437196,3.932938600890722,3.789310755081835,3.7596921263870264,4.202522397320968,3.604599184696095,4.281927066602699,3.820166414300282,3.8968683976079137,3.862026018015238,3.655562912809203,4.044267960337258,3.5812832024417074
3.8721250052699565,2.993835317321281,3.3510567129726714,3.1404805500901167,2.8632282175914945,4.055258633312265,3.5772958681087204,3.338948689056758,3.357029836915343,4.059329008566512,3.9249249007518454,3.1516076209321375,3.679129706383597,4.408157918978269,4.225722600823088,1.7282610405418704,3.871486341930828,3.496644127816459,3.6951692746279075,3.458067445421295,4.105743911554844,3.4833646566813155,3.4513325736802294,3.5530152097977292,3.712037384103773,3.7135922176378564,3.664643847161839,3.6059340166697442,3.6878828611430685,3.7311711856454535,4.031984673999594,3.3178595275398055,3.4774354462285033,2.997823072022843,3.641037190779156,4.019298180045124,3.3257196686922197,3.448748816041767,3.350755509364535,3.509573089524566,3.0904913077378184,3.3569075374858772,3.640808217113557,3.6601385446965344,3.0703573754343236,3.645979100734496,3.4824094612528125,3.678730173177077,3.923965837766101,3.249938393557005,3.7580072685382837,3.8112896111365493,3.5576076849494553,3.341586179536309,3.832293446768409,4.096050295322431,3.902100234948725,3.7565029556111784,3.7449566676600536,3.9177989983550887,3.347428600923276,3.851847326538836,3.914051882429185,3.9185544737873923,3.9406520275069625,3.838317471388867,3.481892282534175,3.701912673527451,3.691704160848482,3.849629578576796,4.071467649536112,3.9619386139982717,3.4682532610990418,3.6053105177570126,3.5826634527912082,3.572237894115826,4.094146393250583,3.9915656060609908,3.7115065699462826,3.853671922189761,3.936083807533655,3.555509665467872,3.046987966836659,3.610444401263169,3.7987753230140333,3.579899195020385,3.8356582686348837,3.6534877170173714,3.785760583503891,4.121517992250304,3.3726955003500314,3.847274321193002,3.9817492165945496,4.076466747599365,3.981391065725901,3.322432424342857,3.635868854938042,3.333234951762861,3.785757247754743,3.099953619085221
3.9331174906627986,3.0932494954676146,3.026192248991053,2.9525983520056984,3.003286033179515,3.8638201038847404,3.5178160383971253,3.45470056939397,3.7078216913398534,3.390351843437022,3.7476512909856665,3.024259512582708,2.8874988545325566,3.4027506030157135,3.9517440068434424,3.871486341930828,1.7582703266838242,3.9199081856903133,2.8678028877698085,3.9187802543154278,3.5593039640062236,3.971615316081742,3.99302283789139,3.2906318681142728,3.8697701005595833,3.4341984605423437,3.8182877046821937,3.445647831567035,3.9455425144826806,3.831982314110493,3.6463573944638488,3.724683745735105,3.892204588432282,4.335223680716395,3.710561185023145,3.723536805020786,3.947769937372189,3.8803084800091474,3.766998799947563,3.874539396278683,3.7496136080479965,3.5601305248047277,3.730030993635042,3.671757309934778,4.027282959734854,3.763961050539905,3.9158384197231944,3.9410424190274806,3.703965248972637,3.8574331607376102,3.6278697709519276,3.503985487593957,3.6652194670327494,3.592695149438265,3.436526939441757,3.4580524726395816,3.719923761766655,3.7910010169263293,3.547308941475165,3.672009697055145,3.2155107685710007,2.960813937517287,3.8321446680902014,3.7969756359967417,3.937391843843654,3.8497453002446633,3.7588022081111854,2.87848724712172,3.8336624157252985,3.8849265907742048,3.343961414237062,3.6610122020814297,3.5360305216488666,3.611048621056012,3.4763927954154066,3.793984601950744,3.7695876846014293,3.548244160045477,3.952713690245038,3.5905010753715745,3.793765662514507,4.076482889772995,3.829708282713122,3.4959590709704216,3.6296736206679423,3.713511282813411,3.814528682541722,3.6097111591625906,3.8198168704560205,3.8273735941568856,3.9286119745264214,3.7752992446981355,3.7053816180898465,4.093910343640289,3.4807301188600985,3.415985711037323,3.7581994957310147,3.5208269005680246,3.6544745507865453,3.84312655980151
4.008852851022834,2.9004199308567715,3.3636604031935535,2.9210138863164494,2.9489074925041887,3.7064226558233844,3.9177254851023036,3.2414663163887245,3.387570361659128,4.034886109572338,4.152864843783766,2.9782795431200206,3.4963311132139085,4.044380618490582,3.825673168526159,3.496644127816459,3.9199081856903133,1.6747758881759371,3.3128406497980207,3.082930915195948,3.7393806489308887,2.7461022816817358,3.5890996306013365,3.4460020739430792,3.4708718661123705,3.4070868301239896,3.55182354504662,3.699237500182487,3.1304410455962453,3.6849978569003237,3.6869175123663274,3.4878009207125906,3.446042166542127,2.6199236893300473,3.1173199707347945,3.234318170796475,3.584980532863171,3.450266691072976,3.3827877179413703,3.2345746740211476,3.1986662639377204,3.4295891545772266,3.251090544017765,3.8787337684292242,3.5842889279459964,3.4925688090871727,3.482205746408932,3.4922000330407026,3.5969744708965297,3.10365115181694,3.7760680055765365,3.0914119218696863,3.5537482126264037,3.407687051473748,3.5839304534072367,3.672832532355625,3.2369211020018924,3.2092328522447815,3.6858562651156213,3.547648419763665,3.4593885372297035,3.0952719816271634,3.3997332113525185,3.8337014026360574,3.731968849283293,3.7507261128153053,3.418648880685468,3.630645984102174,3.5275730020959424,2.6672900010426384,3.738280368445414,3.4103578758623443,3.5983965074389395,3.4469570978581974,3.7264019122417995,3.2106058927916648,3.355465672219953,3.8545623450388624,3.897411548932656,3.6577641045357705,3.6086250035958507,3.425396842257698,3.4982778826881296,3.078582651197194,3.2661551138121743,3.192067795395796,3.427145626359723,3.59633086865586,3.3422887056580817,3.294221044152279,3.789497139812835,3.514364531881796,3.6026483076040763,3.720674275407458,3.530422700322452,3.9225848151813114,3.4663592023780088,3.382956464182342,3.6922402464755497,3.134306833788968
4.198411057433106,3.016537545308928,3.2144526534971667,2.8199077028588584,2.9322680472203966,3.9445338068294915,3.3884650573202713,3.5594644536187667,3.7970301247107803,3.6976627936487696,3.8748014855427093,3.265202989214287,3.2738072416597492,3.4748062603123917,3.8054855030401904,3.6951692746279075,2.8678028877698085,3.3128406497980207,1.698073282648957,3.989961022338398,3.748688808634966,3.8213980169646127,4.049936985407994,3.609693949882801,4.042991789098026,3.735277817835945,4.018109212477538,3.804203661564723,4.065583496491315,3.8514849145407157,4.163121894032332,4.077772753818638,3.850146216907244,4.117478855397801,3.6325820705591014,3.873838034084598,4.01237664227333,3.5421139367040237,3.6290340844539535,4.096077928686391,3.728998398323868,3.896607076177232,4.032149885426606,4.1956933115011275,4.289944792380437,3.779797652603111,4.032033521254006,4.29059654201419,3.9000413080189102,3.5714339669792743,4.019159077399246,3.8209341146636113,4.37907279269122,4.072539648684966,3.9752145744354386,4.137291316361938,3.9774142290072576,3.8762017490083185,3.990268006100459,3.9893702862478095,3.568592226870971,3.4541359442811514,3.7655853479969608,3.7588386313085755,3.9508976231395256,3.811506966122415,3.9985850641918352,2.8597215590303997,3.305813601989931,3.586150372290797,3.670646334194601,3.2807024812767684,3.9458011035687206,3.9801413823614786,3.683547454887842,3.9344030714606224,3.997797032431112,3.75613597244642,4.146811772286052,4.0108213042113805,3.73614759232091,4.072529333108015,4.232603351408746,3.861385913601372,3.7085606980675436,3.8217889203417865,4.020381626608414,3.8830934784089326,4.170743480985254,3.9452615109545532,4.142926049937266,3.843885460094611,3.518203266957003,4.20597527305578,3.9661423833845357,4.176684704633945,3.9793522561322834,3.9109051697572075,3.920411774976872,3.647150151827065
3.651646658345557,2.826418218648985,3.010784103349861,2.99150012626092,2.663248974795532,3.6022360470483994,3.2144918296534577,3.1688965540837875,3.47399749987049,3.9281776727022923,3.8700834888328104,2.9339936656727397,3.681624670296599,4.085013413132118,3.806818274652713,3.458067445421295,3.9187802543154278,3.082930915195948,3.989961022338398,1.7437724419595928,3.7123829018490966,3.371227057653854,3.246636674738055,3.5212122947707005,3.7137014002255793,3.515932836220958,2.924261674657543,3.2680116026249095,3.295045415153833,3.6028475920324037,3.181197790264963,3.4937816317264603,3.486242758008126,3.549250850528353,3.230625162809425,3.1178570529702956,2.8828395341883057,3.5652606092266113,3.7460564257592566,3.3217232014901326,3.2175272281482736,3.5969793982159524,3.2537988216861455,3.498936535815495,2.753296028676593,3.3499528191213375,3.3445580973913684,2.9333117883833792,3.194278535655775,2.935134990754762,3.4174325901973166,3.460047360549353,3.56584713712012,3.2885501361928284,3.3749290172269295,3.7038561599440367,3.500941200838431,3.424213910152084,3.6743192677627285,3.428010401777578,3.457725184755089,3.2656012342748206,3.3623417154894946,3.934782526073804,3.6465080574053332,3.5351451010179957,3.2025018540517705,3.6766484738319023,3.787851460781955,3.5315836430731555,3.6262944916999142,3.716647275487075,3.659786387235297,3.873727893133266,3.591133681694914,3.483135112993775,3.566053511001558,3.818808412861897,3.254463023023803,3.305293486711109,3.5794937707256347,3.505553393793504,3.5111427071896646,3.3789043263809333,3.142958780645205,3.3006221206805955,2.9029017808750144,3.1881828244414496,2.710919030717166,3.596772082358675,3.6764816970127336,3.46969887236114,3.6463515263397537,3.8008303835342825,3.6246125486595835,3.372785904059451,3.3331682000887874,3.2761700876250472,3.128451908752224,3.0265029197666085
3.5916580494603894,3.2080454506819525,3.208197307264309,3.0294159274055086,3.1085865400153043,3.5988551100517636,3.4781278722540887,3.601305182203057,3.629457361564594,3.360989713851983,3.7172347456266723,3.1641349390289584,3.3246462088587854,2.9170983863563857,2.9704563923388436,4.105743911554844,3.5593039640062236,3.7393806489308887,3.748688808634966,3.7123829018490966,1.767448648139737,4.477075627497762,4.3618751519117716,4.197985089051002,4.419944898092196,4.045765416442798,3.996040979845695,3.6611630929111096,4.4579618443174125,4.019031710882548,4.281519110117506,3.811425583928255,4.146495395597545,4.3511843741749985,4.207446604890446,3.908574055394842,4.338802294441972,4.202111453704799,3.8607873985294785,3.856455463947507,4.222252107871119,3.752071733305206,3.774791313370717,4.331096417271115,4.2800777895756745,4.190748984872059,4.112382198285972,4.609218529067732,4.406257438671883,4.38415886364181,3.6380551469160642,3.7617035358205957,3.605631058241247,3.801052289213583,3.576681796079337,4.012431974261363,3.802523702115252,3.656938697710578,4.112981437951507,4.1949802718348215,4.311242551475072,3.5614358980540026,4.144188637164872,3.5812019701898015,3.7005843005432273,3.0876661725894086,3.830924877889632,3.9827997216269186,3.8947524673830154,4.147530810572138,2.786601909922618,4.194336663169767,4.224914648876029,4.081557367294761,4.085510856408946,4.3081782695864375,4.111074720571086,3.626473104101408,4.1926005534392,3.6177878482916443,4.249774303030059,4.166990144173369,4.551953942654241,4.2070508020217785,4.368061570451327,4.4381781005345955,4.2284018467671105,4.062213134565722,4.349900228106146,4.082628543904171,4.215708079220593,4.521321798023388,4.038365792352785,4.352883203866309,4.116331206107791,4.166645957569511,4.246469057226088,4.269414534935599,4.213444463820628,4.158826491775293
