0,1,2,3,4,5,6,7,8,9,10,11,12,13,14,15,16,17,18,19,20,21,22,23,24,25,26,27,28,29,30,31,32,33,34,35,36,37,38,39,40,41,42,43,44,45,46,47,48,49,50,51,52,53,54,55,56,57,58,59,60,61,62,63,64,65,66,67,68,69,70,71,72,73,74,75,76,77,78,79,80,81,82,83,84,85,86,87,88,89,90,91,92,93,94,95,96,97,98,99
1.5991164862258953,3.7544056171851925,3.7510056499948154,3.8388417234449888,3.8667593583597424,3.5899659521024923,3.7467749885912442,3.802612333475532,3.8242069542478907,3.6975798552961563,3.8021022543388696,3.8406943969834395,3.843461855126898,3.9241525275139617,3.803266005851506,3.8611555681868004,3.859442634633466,3.6533411342727775,4.051660184042797,3.4823402356053053,3.723025010577287,3.9352473443801967,3.3547596883178836,3.6695921889875835,3.7979757366868325,3.7543104309117874,3.787228503365312,3.8542191480936996,4.180650347698272,3.768960661584889,3.7100779564292616,3.589437155267634,4.013038573695452,3.745109301228668,3.711278949559937,3.720608751318684,3.998662389585325,3.643777751744365,3.9795432698872175,3.973639041746258,4.026200075962467,3.842120778379372,3.936820531114495,3.773828488756632,3.8416947385024747,3.9083251428954244,3.6258492420912036,3.5549207388138853,3.0080409323870447,3.822130826289727,3.3716593387215856,3.8569060657519105,3.977313709489967,3.8392887868291172,3.494413203786512,3.6995998473783684,3.9767629252233485,3.880015127692062,3.729770644565543,4.031499242108131,4.020561358107126,3.758490789387211,3.77247693746402,3.672363745481232,3.9674756244275198,3.762350868318205,3.746027719511696,3.893902813614402,3.932245659336244,3.925901358185543,3.8423442515861734,3.9844566006415754,3.651007033169838,3.8782803100928027,3.735313961267712,3.7447176543380163,4.005866474738708,3.595020782963458,3.5634474646564387,3.5400391473228545,3.712247539032831,3.7334767941717413,4.0374367684898695,3.811807800093846,3.859458587560494,3.95700839363382,3.84672172736463,3.64126482962443,3.8643482445620383,3.892845327128122,3.9266951034741457,3.726053426793652,3.9444927262856764,3.7024519307650334,3.814581035466233,3.913635294233329,4.002161535827854,3.129453468571021,3.2898753181128986,3.5612714834352692
3.7544056171851925,1.5694211875731454,4.047931068522823,2.5340249916746687,3.0291338987855694,3.5546414711007617,3.5536189998207357,2.841607331595402,3.238248621535534,3.5167488084505907,3.829520737626438,4.134797732715437,3.345547405463403,3.6272919642775157,3.4589530256999512,3.750527814921502,3.817378106927024,3.755926324124195,3.898458755927926,3.9754743281841343,3.90484198697724,3.6970486931490316,3.8594282017575092,4.027849642192021,4.089027207337648,4.065099863701422,3.9683439978011776,3.8949624340529287,3.7786368476449765,3.5206511807501664,3.5486999401328823,3.439315450900474,3.7215537219778985,4.019834666221879,3.9987112391081623,3.8983203969249156,4.2112821615398195,3.7257476940522865,3.4907207567901617,3.47358167462517,3.600146801414684,4.276805626008296,3.6180951044481207,3.690178806229822,3.807357832191155,3.094322141079327,3.8101021980375434,3.5731660256109605,3.7445841614653883,3.768233192826866,3.8088104733716066,2.5258566069698394,2.9745378343222497,2.481658415871947,3.4386825462179242,3.7177849105526137,2.7007349399689033,3.2645241881060083,4.036134170645203,4.134055238056202,3.999086804706904,3.56070186707516,3.1828202664241023,3.73962284597763,3.7391690561301334,3.71274139611109,3.6684657196512256,4.034006100523128,4.056425930173125,3.5583217254374535,3.472490667404749,3.827430207300105,3.9727045460166552,3.7788234166943138,3.749795523976113,4.169563601883743,3.73494292695733,3.806555726281327,3.4823901744969925,3.6989719922778694,4.111844623189087,3.733927244708645,3.601459796292913,4.028833706000028,4.0950744400980215,3.8738939573109428,3.751928740032789,3.770059930054257,3.8304151016623407,4.146022270747183,3.5444719341726825,3.8359861867795195,3.7474013696804707,3.933698015225041,3.838788837841642,3.8788112899536866,3.4994263317832353,3.818926716224992,3.728497578034048,3.894790253955946
3.7510056499948154,4.047931068522823,1.5742289445904862,4.00708979504917,3.958879753236922,3.7125591060809797,4.003580492460395,3.831525411428647,3.8358568640560473,3.7698833007939627,3.730112811954202,3.978114030476797,4.056116881789291,3.8672252557914617,3.7066568173326617,4.097627926346443,3.610714035481933,4.177712082658242,3.7479080646635876,4.2324093781541645,3.574923986216695,4.1183503921173275,3.846311298728073,3.8935095190093505,3.874362005156216,4.028137851133338,3.9686720996933684,4.126993586269567,3.985747237614139,3.9238171174797323,3.876475141908544,3.8583463904472786,3.967452056456255,4.157594674858917,4.112561688856368,4.4260199490759895,3.6392433575458805,4.038914529467928,3.838770766592974,4.190174478310139,3.9968137357873323,4.139326645867133,3.895005025449308,4.026057987140618,3.6972219008973317,3.8937555206146293,3.9970353897669746,4.385773644801073,4.18741627196008,4.289686523698012,4.237021770623603,4.0460176241338885,4.033385467935925,3.912084736262721,3.910625350064113,3.4045441106432976,4.058676609795107,4.047207720573638,3.716846172654402,3.528629836280714,3.7286957038957587,3.928834028979355,4.03725176332805,3.6532898329265238,3.9657482548699345,3.753414971404914,4.199007238468732,3.8568586767034585,4.156699982222744,4.08176192367522,3.7774814598823787,4.269137836639122,4.036178043604944,4.047559440945494,4.013496867090164,3.7811183091342064,4.2985206227121155,3.921849206102716,3.8555529951279954,3.8225329197944053,4.0329395711101546,3.9133055671171917,3.997218875501839,4.0407685826084245,4.175917213452401,4.187832353328335,4.176915527971065,4.180495184444881,4.28600349726771,4.032377735897342,3.846480974337818,3.533392364848327,4.091452590237004,3.8442153408915702,3.7591831834329437,3.963178106390384,4.184059684686534,3.9581355337870203,4.296776771566184,4.3412105742399385
3.8388417234449888,2.5340249916746687,4.00708979504917,1.736850664746917,3.1863439445474517,3.4598101536835655,3.5897378004786664,3.0039344457596724,3.1234311312954564,3.538361673176576,3.4454848419885544,3.3376768507986596,3.300643143851669,3.559355344094972,2.957320772052966,3.5565286206460187,3.3089017494907185,3.481884784288997,3.556757910971645,3.6075100418188977,3.2173926158841217,3.5803728623001367,3.543093616462387,3.6940104573110313,3.844853133438592,3.6903878069382987,3.565585367895758,3.7856948976331273,3.8287023155046676,3.42474222928242,3.523817564401474,3.6737381754595813,3.6503979197741905,3.632336276383847,3.7775757944253487,3.8126564203967637,3.917289549551053,3.5884130147110005,3.635938252752303,3.50161908346829,3.5732715610839603,3.7640833270330663,3.4145555475331744,3.425556023342914,3.555365999395817,3.326612717581398,3.5475287194871377,3.5033431477989705,3.6088224250545142,3.68127014492663,3.8318121195237023,2.6722919426757694,2.831404489835279,2.3596154198060595,3.5154360461189236,3.5315611261409092,2.848299651973504,3.0915070776019937,3.6444382925602934,3.68882042125966,3.40663112536596,3.331839546027682,3.214092804843554,3.2875395818932054,3.4911865022392568,3.1981605931650585,3.6345321475503716,3.7385943638440486,3.6728438932315144,3.483488572415887,3.122550324486022,3.6506564251919387,3.4654229729433252,3.6342963516671247,3.3763073929725875,3.8246467433456517,3.701678223948055,3.713074941754401,3.3077889396014952,3.5845279960492817,3.920407040763805,3.681531162214653,3.792199569965751,3.775162499731184,3.963226955789616,3.7974836592285066,3.618225514939637,3.8301434385368816,3.346902917550275,3.8293652271400567,3.383992585621702,3.7761592229079213,3.528433252868931,3.518770640168814,3.508596417442352,3.268653808214977,3.616070630199294,3.727626318495388,3.597166224966799,3.6478700716081387
3.8667593583597424,3.0291338987855694,3.958879753236922,3.1863439445474517,1.6123284705264354,3.2694184934100425,3.680368591020587,3.4236056396550443,3.198163593871501,3.742136834935571,3.7784375743347294,4.1368553248812345,3.733950021954513,3.683370559535378,3.6196706761191275,3.69763455341474,3.7885510010768177,3.8071761942905766,3.710206468734352,3.6209105357060194,3.3609542314639635,3.495315421232795,3.7717939530716094,4.0031867602737465,3.797991691167378,4.178641788146358,3.8793151340608456,3.8147204347219765,3.6789427542431383,3.7839140682671677,3.545877631335717,3.9529160450324676,3.928285694468888,3.8865564106014703,3.641208475661284,3.809928928824047,3.8969909339602125,3.9872830248918003,3.6166757044065037,3.6053875376022204,4.011430600141105,3.846442045437647,3.6358022795445644,4.005456296632562,3.573025961723336,3.773312324280681,3.99652762704325,3.751151817483945,3.825050115688521,4.123326216987176,4.189269530461353,3.334967323471882,3.487171639310696,2.8880571993947908,3.0500844593911705,3.448037792063253,3.463719081177997,3.6264574367567115,3.7730872675882683,3.9306782124912556,3.9964195311546136,3.8389646790727654,3.9374620219307386,3.6523955776407298,4.112668866983991,3.5636865344875233,3.7153025611390844,3.9935409905305916,3.926980667142295,4.122824050850978,3.680580090888488,3.934991351006849,3.992225475929878,4.1614313275472385,3.9970975714131503,3.7863868336781663,3.726361826299285,3.7019525559186413,3.535344247781696,3.960565561680775,4.023981377775718,3.6558697105809266,3.6140308589829764,3.780783600171395,4.139956028142472,3.9241924508092554,3.9015058515743,3.9644313789404246,3.8273107936947333,4.069192557863886,3.457526718566447,3.436105747077886,3.7336261574322873,3.7504192080774317,3.6282011600421105,3.555764095151612,3.53205368554005,3.5178200521986067,3.8987941221753046,3.9108981694298675
3.5899659521024923,3.5546414711007617,3.7125591060809797,3.4598101536835655,3.2694184934100425,1.7240096187064506,3.2808530164406395,3.0070066220637908,3.0266056650599946,3.488480691017991,3.70724514384803,3.5091269078561407,3.6112124650511896,3.7824458812776807,3.5514407263815526,3.584372397657805,3.70285736863034,3.8293641607593054,3.7263474089321758,3.8763821161775094,3.721521804205946,3.7060641343485576,3.6956084228392045,4.067536489397199,3.8344394594962528,3.7038099245309364,3.899552162712914,4.047802348530052,4.141697183044193,3.715914634216793,3.754054384035181,3.9877106888701563,3.6204879148376006,3.9629200729181124,3.8021792501221685,4.026657339974894,3.8891082169965725,3.759971276123375,3.642891537495038,3.611145349898052,3.961712435202011,3.6294252911065583,3.5686953183307937,3.968391869652511,3.78875715762446,3.6495583354948735,3.6509650706242103,4.084559871975486,3.7794863317162353,3.9908730069592675,3.8595983010810695,3.2845821103738335,3.3734253484925474,3.593828000096027,2.643189306996532,3.082235854642437,3.1247925525842675,3.518267862372469,3.664375682771077,3.5768932937102123,3.3866948834696933,3.475271424913658,3.6241294350047824,3.702126704022446,3.699852310394085,3.628373250917135,3.8821526067592447,3.8700844659926994,4.135678905699583,3.8462347540829724,3.3408409224285154,3.9598719556069786,3.9628368449483538,3.7652243754076387,3.684458769953548,3.624713512418875,3.950427825335811,3.7499715067071993,3.6955132081010382,3.563259373977259,3.925543636677035,3.706044107956976,3.753059310874265,3.798242095893516,3.6869864831094117,3.576042782385181,3.864365174614398,3.6005724959739425,3.7739433021979365,3.6517187398906454,3.7691903563734304,3.671255399686571,3.694462174430202,3.4231090931343613,3.457680617511016,3.8311542289319793,3.4944211402127756,3.951885948811807,3.919822785329491,4.178078084697479
3.7467749885912442,3.5536189998207357,4.003580492460395,3.5897378004786664,3.680368591020587,3.2808530164406395,1.8025546512483106,3.0121281329426943,3.232290403703263,3.5690861527739717,3.755658541140179,3.2598536975597847,3.6277695033152217,3.46360626462874,3.4089107396580958,3.4071573796430874,3.596334413573377,3.4779416875446065,3.795835742324638,3.2350861135420814,3.5792067374681595,3.6005337857981994,3.495978666655029,3.3975850937528165,3.762773646964239,3.58696631813283,3.677165716097987,3.7182385868338517,3.462385995760381,4.006602187368514,3.500001427246837,3.888255496390607,3.7094771744362944,3.635939660264273,3.711945350348663,3.32509784972649,3.665171627592251,4.199707090247439,3.967576570344483,3.6622548115244595,3.8660920603537896,3.6637930798408247,3.8598173293542217,3.586004267529364,3.6485716278724647,3.614229322467067,3.5075206952662468,3.704490184994323,3.545927255184296,3.845221785779639,3.390951521616644,3.249606865302194,3.1764479344322822,3.6266860589367007,3.449668980946385,3.6520788780494753,3.0122690767179963,3.586227471752277,3.599140561530755,3.432306087114074,3.729772266156722,3.6132387851391394,3.7782329340025242,3.700377290533413,3.7560337380743283,3.5093025437242056,3.477721130639322,3.689828819385174,3.4094807542029026,3.155921539174617,3.5458661890020395,3.2071460741477718,3.411600262339457,3.211613560412476,3.4389331769951936,3.50667459390454,3.5131775921562562,3.402796710943612,3.514989203913639,3.6904668589213965,3.381042971828572,3.7681376980610084,3.508299144775439,3.3135518215031885,3.64714277263388,3.542015569468818,3.5471970616505666,3.719482127347049,3.2941672841378256,3.7111131918081854,3.664074838249196,3.750734152732453,3.693298937010647,3.6188999090479186,3.409054464352233,3.6230882299778138,3.8124971418278264,3.582963753399077,3.643559081055158,3.93985967413586
3.802612333475532,2.841607331595402,3.831525411428647,3.0039344457596724,3.4236056396550443,3.0070066220637908,3.0121281329426943,1.5935591535840878,2.990034133941012,3.494082507780611,3.886636837016952,3.929161370567965,3.009846609009237,3.5917896207964253,3.473076549859234,3.398444500455154,3.7065428787063115,3.420120800567474,3.8050867262118286,3.681895129341593,4.003734711394075,3.3644068594573597,3.4197741850203682,3.8113523677173475,3.716213644632643,3.7662815648318144,3.6997550048212924,3.7585997622228047,3.7464900198398574,3.195520251187098,3.436001042774759,3.8836501925363396,3.6164079238401055,3.911296612044273,3.678284089164089,3.7979914715404908,4.074361963147039,3.703059846047274,3.5340930315985064,3.2134229004649573,3.728466812447601,3.7701047503598155,3.1606120324129945,3.532299835713301,3.4992515084522697,3.1788124554332287,3.39837408332699,3.8400214691163526,3.999802865412285,3.872240181414945,3.8429400660963187,2.692289144404215,2.941327683904492,3.0834167834929582,3.211936067500549,3.3917144692529297,2.4926315175961213,3.137129500685326,3.745832500875075,3.78701186005662,3.7060364494943,3.1238889846183215,3.287445663277523,3.35681918367524,3.7080539942710757,3.645158257672014,3.5018062440997273,3.9347576033105267,3.9085093092067975,3.5302525492495036,3.5572481860544327,3.3810803254682167,3.910372817189147,3.3988404414885047,3.7689071890633605,3.853850433356577,3.787810897182697,3.5912141051165922,3.6397709607455977,3.7147079011374142,3.759526029830531,3.6235875046622583,3.7431377012690854,3.738459579243059,3.83992129846779,3.6330381794789983,3.6419939169434055,3.5991541006157974,3.4935151086948997,3.806197687643585,3.3208618329181596,3.581065175068351,3.5549462365531617,3.8487790700461804,3.465286945503174,3.9258281513407263,3.6256550665980347,3.5190975981992243,4.015982404493858,3.760095640761279
3.8242069542478907,3.238248621535534,3.8358568640560473,3.1234311312954564,3.198163593871501,3.0266056650599946,3.232290403703263,2.990034133941012,1.7788969868965672,3.8212294095496957,3.9751003026035137,4.1293684477751915,4.037841374206207,4.153089329381486,4.170376490993795,4.065656730590661,4.0795960206202055,3.8325831410169022,4.2591924451707035,3.66549951181088,3.989777769329732,3.9831364107860976,3.9705211259158593,3.9874218571328535,3.638980559790213,3.944638562719291,4.184593195985919,4.073805022548201,4.271955354050128,4.077023149798864,3.9367158750102176,3.892964737374587,4.051042537933149,4.196164065871243,4.104788594637023,3.314472213694658,3.92984814379815,3.9674140552517425,3.947628128254123,3.6273335772235296,3.999271203504983,3.6281925255719742,4.076234812815764,4.15207053827738,3.835174763308831,3.9777788071015374,4.1525536197679065,4.14617111759112,3.6289506376844347,3.685205338127991,3.8451264501041234,3.41731413233714,3.5020694544808295,3.4675749737893016,3.343710287550861,3.140244441944606,3.179542744420097,3.1859912792289653,3.8474783354081956,3.5874859726722077,3.9052286242125676,4.000654945236429,3.966062362693225,3.912418773487659,4.089738040671838,4.089326959391586,3.5775415070946672,3.875169808907648,4.054823618233495,3.72770257942833,3.689452537441753,3.8018802562506435,4.069211184459339,3.6699237518446424,3.928640142362063,3.5186020775976705,4.104215130705154,4.075160522123553,3.4241444806952357,3.6936507112869763,4.055810651844976,3.8133479948645106,3.8373255817590426,4.128765771561859,3.8765410909816187,4.048680268631705,4.023690439933672,4.152265165442292,3.459940644463238,3.476013507747801,3.597487612356487,3.968559281979079,3.7465472764997014,3.5961283180926342,3.5460063155836,3.6639806276796674,3.8174280610503675,3.880221466640022,3.5395546715972777,3.357119191099942
3.6975798552961563,3.5167488084505907,3.7698833007939627,3.538361673176576,3.742136834935571,3.488480691017991,3.5690861527739717,3.494082507780611,3.8212294095496957,1.6621701818789172,3.79001169742879,3.3633073921592946,3.4855020112181725,3.566742633845531,3.2299800406180665,3.8886612136394807,3.4064420236126174,4.268608470681021,3.8034717869125876,3.972336182523894,3.488157132717183,4.18451227150455,3.9190440435492864,3.709983853614127,3.7265486596323263,3.8914779429531063,4.043643071497741,3.8023278985017046,4.04551505870405,4.132939812614907,3.5206131613965814,3.608273865172648,3.9720685707775574,4.331375818569812,4.271855242530369,3.9981516526454675,3.972379047019516,3.904401975519712,3.677804053138482,3.874539599569448,3.9359058105949547,3.74848286227073,3.9816469452741368,4.025416775296991,3.705292474450337,3.941372357151679,4.187078242659382,4.150230502272767,3.940384311324957,4.105660340843312,3.8460763441408568,3.3725307638996074,3.3914954297896007,3.4667062654506555,3.5759475637289175,3.600166289483547,3.7079252634696753,3.779355353418668,3.4169864156763463,3.7182676533673353,3.5805410255863674,3.4503727122576993,3.3875940220946963,3.65215468442225,3.495701396853758,3.6289940479523017,4.001032084852493,3.7737998783981554,4.0986005656090345,4.036528825592566,3.5605698674334643,4.03012625386799,3.977023773103164,4.0188582228389516,3.530942232757933,3.671158490291467,4.125388958608055,3.7216237223656807,3.2814746115594606,3.4752929059220343,4.143313652250906,3.723103047720674,3.524232459338751,3.897313007628327,3.7791854235273044,3.8687145793568565,4.052546687483836,3.8015192989432496,3.945654681949269,3.995908851031654,3.424546214652075,3.999808465683005,3.6025470909539647,3.3592672952599387,3.352305579499866,3.7207850959189908,3.7026086064950596,3.9530152963712153,3.68944073427403,4.04611220372494
3.8021022543388696,3.829520737626438,3.730112811954202,3.4454848419885544,3.7784375743347294,3.70724514384803,3.755658541140179,3.886636837016952,3.9751003026035137,3.79001169742879,1.548757016830174,3.4080052869941935,3.3469666056539813,3.264260383089053,3.1939599209300527,4.093513405023652,3.7002746866467264,4.179271064968705,3.604723237728861,4.161904118462704,3.4244004245619784,4.14062252462893,4.013057272901575,4.016286398744423,3.852819595238008,3.7992414881210315,4.127681685651186,3.861508841644554,3.9152116376916584,3.9091625243809065,3.4674471508352003,3.477856251971142,3.6871927567176614,4.140429973611974,4.224166992436281,4.183045277684363,3.963774655146289,3.8543714042162027,3.510503902702593,3.955554638381867,4.175570323680315,4.227690999972131,3.8704170097271082,3.569145375479245,3.744426187870991,3.3758144816284807,4.0341636167867545,4.078682494797962,4.215997360867166,4.202101807786708,4.02253902934082,3.9571208578101875,3.891573477199853,3.7247032966772604,3.9712873379520124,4.041375925275655,4.075066541213007,4.246644302125177,3.6415013523033157,3.345727097924125,3.304543076050983,3.210575719164964,3.17384373057709,3.840774298539635,3.375040531989642,3.1016573118806883,4.0693619522190545,3.763748539321093,3.7581800697561873,3.942096250872672,3.902026383639404,3.8585987365761976,3.8893397061112642,4.09320558907733,3.7444986676588194,3.888722226718913,3.966402977055787,3.9435640140618475,3.6183022909060147,3.494557691140185,3.945583908005185,3.4956379927748262,3.7636506636569336,4.107452013683817,4.227920090472065,3.877190826285586,3.9373763669508097,4.062109534816111,4.095691321176051,4.2506820507719025,3.352283867957433,3.616548882731912,3.9315448178915964,3.7885288431157207,3.721523390902783,3.65322061240791,3.473122833173054,4.106048480281397,4.14820538618742,4.086837788272399
3.8406943969834395,4.134797732715437,3.978114030476797,3.3376768507986596,4.1368553248812345,3.5091269078561407,3.2598536975597847,3.929161370567965,4.1293684477751915,3.3633073921592946,3.4080052869941935,1.6766823473838424,3.316466802075372,3.6024806164440126,3.1519563246682614,3.9574445916640086,3.643325322477192,3.836476957392971,3.8773862682750098,3.7896072535611824,3.5836956355701486,3.8637135537968312,3.338591978253431,3.6059804148268224,3.717232030690482,3.0673918418253465,3.328126410766055,3.7803125986632042,3.9320244015314043,3.793608077703696,3.747034726244313,3.965220844106103,4.01165653882096,3.86549102304412,3.9510062418677587,4.047563979602533,3.9333573723332984,3.8487051980522744,3.806112802082489,4.301818224986392,3.9251995535291626,3.815141411498953,3.8430866373876222,3.667902826519008,3.6676954383177223,3.8158110252525286,3.610371728998563,3.6276073916434752,3.8477858734808104,3.6614309581258873,3.987772502364003,3.6930881215405877,3.931718924301447,3.8483376421739304,3.6475584926184226,3.899440602071783,3.702158218355311,3.52213643712861,3.862705802062182,3.683323012447067,2.8195040342809063,3.1220221740350995,3.3630038209144857,3.604274283131523,3.5119708092007125,3.3438280022931353,4.023076855163655,3.913898359201439,3.7500223286730416,3.8397787428963506,3.543124782832627,3.826368916223933,3.6415804150572537,3.9688763132588685,3.192454999790955,3.572027194158079,4.124798213395213,3.3786917003210752,3.6696814648080602,3.834761742023891,3.685215715856344,3.716083756758243,3.8071077177914705,3.757603419898192,3.777852195444585,3.6356382852754794,3.929744886715241,3.6550436663779386,3.8029720382449472,3.5913793918637986,3.7614040482355464,3.9990802914056385,3.6567459945464624,3.744119409836765,3.5729093347934175,3.710067102033563,3.7521888123895217,3.858700355258186,4.229320515540701,3.9437199620737124
3.843461855126898,3.345547405463403,4.056116881789291,3.300643143851669,3.733950021954513,3.6112124650511896,3.6277695033152217,3.009846609009237,4.037841374206207,3.4855020112181725,3.3469666056539813,3.316466802075372,1.5845885740984589,2.8866849979944917,2.8212859302816597,3.4047399736688786,3.3151137822097483,3.7805838333686737,3.2675899763849037,3.695948737492872,3.1869176802552257,3.7840376938342537,3.3575229213899616,3.7583744361508824,3.8177500047923867,3.6603860351537185,3.199325419543731,3.5177801248040406,3.3607059926457854,3.121491904548215,3.481872953835541,3.469210382038824,3.6815313717732954,3.9359175213595274,3.7038512885995547,3.756987378027274,3.873581529969342,3.566493574678609,3.4659369052299405,3.332844541511729,3.656394340705239,4.072939038808197,3.4825890401586985,3.559504127988128,3.497517479043894,3.207294507507197,3.296793325401578,3.536651181389768,3.8646573802860593,3.792587746807784,3.6159344208776187,3.1698565786839286,3.3638843999479473,3.4260583343965623,3.594981672784115,4.1313338908204225,3.390662870895628,3.934360417915601,4.08759262397493,3.610675291948068,3.921674822890194,2.3536470799867626,3.0095842270491575,2.9665951360447873,3.2992498699085653,2.8419013896675955,3.404964709477263,3.7329976484329364,3.6010707463702474,3.499018993220076,3.6373149470503967,3.6029212920129443,3.411658469179599,3.470705392128697,3.3985813332093757,3.9024122804722112,3.418463834713009,3.0736779420392994,3.3393459324563324,3.351505241792142,3.5778887408465763,3.803757733536917,3.746855455340095,3.7078777278652675,3.459482718986036,3.844994651559283,3.741413368142814,3.6255569698206696,3.6013966089865415,3.6828643437490847,3.549044368337273,3.7271417872960924,3.4855120652996963,3.737783184777341,3.751624371079716,3.736376403219882,3.605375623374931,3.6450089680363997,4.018368273957334,3.7617639374777965
3.9241525275139617,3.6272919642775157,3.8672252557914617,3.559355344094972,3.683370559535378,3.7824458812776807,3.46360626462874,3.5917896207964253,4.153089329381486,3.566742633845531,3.264260383089053,3.6024806164440126,2.8866849979944917,1.6173698476700982,2.7451784906355354,3.6841485348570098,3.117037655513427,3.9298529219171643,3.1826332242933724,3.8331509350929682,3.3329114510183095,3.8284922509644885,3.705648106126476,3.343928044005132,3.541387134533708,3.6372325790396123,3.996039998917655,3.854459498151564,3.54130270042282,3.5065426453814807,3.2773169120298817,3.6627719918470967,3.706613305712822,3.816686807095908,3.832248246615841,3.7736251160026084,3.5605099875650907,3.701088778423082,3.366943918863108,3.6300004819388634,3.3980305739715564,3.6693162499105982,3.549848991074175,3.6419392895520675,3.6199811854067785,3.544947410749422,3.8411847845173117,3.8454773691938096,3.9938994369508203,3.5706428929553153,3.898677333155564,3.362560640517393,3.4998378419408716,3.394566525435819,3.5162458859521406,3.8541640524934055,3.4292786656275784,3.404640589934824,3.5783570224502754,3.6649662095260984,3.2227039223942717,2.798812491916434,2.836228833998457,3.124863033134264,3.006309487119589,2.7924249622649766,3.624457033136105,3.3554382527387046,3.682898569175099,3.7067101637902824,3.572925988614407,3.5902333730602054,3.560750999488517,3.635888910899953,3.0968230992956283,3.702431466317742,3.63134227785465,3.2188101095256556,3.4175378755174064,3.4199931816445277,3.658012056458132,3.493351915416626,3.3895120248470616,3.707285536066014,3.6757801101570284,3.518060442680077,3.4702235592986126,3.6807862629450514,3.52640470519001,3.6243849981026646,3.3655341085367367,3.6243561387832384,3.376318165870579,3.3896660508407104,3.3051598610392077,3.5749756997536086,3.5906418647515665,3.7580155686559307,3.97590654765809,3.652036243731357
3.803266005851506,3.4589530256999512,3.7066568173326617,2.957320772052966,3.6196706761191275,3.5514407263815526,3.4089107396580958,3.473076549859234,4.170376490993795,3.2299800406180665,3.1939599209300527,3.1519563246682614,2.8212859302816597,2.7451784906355354,1.516049552869353,3.2610706199722537,2.8029751182505036,3.618697079930974,3.1900774924337205,3.2622730057810325,2.8039240413639734,3.4630497964519913,2.987863392046702,3.5381042409264643,3.4969410605767917,3.552317055999381,3.121423322176113,3.5532795484423785,3.3061594911145824,3.0784555552343655,3.2497395520974393,3.591387203350986,3.664225400786665,3.6132753259534653,3.411137655237958,3.63920167245347,3.6088109399955344,3.885685612864562,3.3437576680043666,3.64610769569943,3.405062759099752,3.5236955588368115,3.3091378297662453,3.57843045234025,3.019786237018676,3.2261893536048145,3.3954449228912984,3.5812419355981997,3.6018568871324885,3.685923728174721,3.371246884620675,3.112230160947958,3.268755738178942,2.9994112372489985,3.3549587944554538,3.7490978102086356,3.42511559449805,3.4991598006298372,3.4776587688624616,3.330738948592874,3.3330300705245346,2.93662432904423,2.9302594569976184,2.66690326828233,2.940130034412582,2.417645830091445,3.839567705467455,2.9744791501035173,3.77825867283434,3.62724774214987,2.901564158899097,3.7956133357967725,3.0750425768734804,3.733615461926477,3.461760153516427,3.226546774833559,3.4698835035279707,3.41411969677496,3.0193895769623023,3.239147057640977,3.7578337039874246,3.12743637007983,3.1799798138019644,3.4961851640081245,3.8761621624695426,3.6095060371134795,3.498166945982698,3.7077044207835304,3.6728024262807106,3.7396804132963335,3.167933898680695,3.6618864669050697,3.1276629718804085,3.1590550894490828,3.411742135752867,3.386468141316621,3.415384647344989,3.487919570293767,3.631732292796163,3.6433074884085785
3.8611555681868004,3.750527814921502,4.097627926346443,3.5565286206460187,3.69763455341474,3.584372397657805,3.4071573796430874,3.398444500455154,4.065656730590661,3.8886612136394807,4.093513405023652,3.9574445916640086,3.4047399736688786,3.6841485348570098,3.2610706199722537,1.7452006067221393,3.8003029174899123,3.1627071436999685,3.782291977314093,3.6083833810180574,3.3779235071068507,3.194208766072841,3.205776273796147,4.064850703219313,4.152722153615394,3.6066215521775487,3.488795611505159,3.822538047795675,3.540715997792808,3.5620457172890583,3.8119860251443622,3.4456548599404693,3.9047160234757246,3.633180452506135,3.734889435504934,4.2841141132281875,3.947883014877797,4.003891486647184,3.5705617532683203,3.3934987406733446,3.8244207563396326,4.184643226427023,3.6419419684722265,4.206599943905162,3.9418641855721654,3.8201393250224904,3.6808735969756636,3.5182226249781494,3.9256263059727923,4.125920958229683,3.5230561269018272,4.112640233027113,3.3209084800017608,3.7289407693325107,4.109190440891233,3.8106423806637024,3.8955823808870136,4.229932100535336,4.048505174256897,3.689728893708246,4.2294342177859,3.6881741997520234,3.712149621231799,3.3606393189076,3.756764182528418,3.671475282610576,4.100342835088764,3.7412286354529654,3.902316188837311,3.830617921281101,3.6085652784040247,3.737087383677181,3.4745105590784484,4.227520957156409,4.0775615170905875,4.170047294982331,4.018100914342935,3.718591295712927,3.9733229879816063,3.731991708851661,4.155545094603857,4.277585371235227,3.9330552073084744,4.172157049346274,3.9767049153497767,4.092124005894102,4.146208951166334,3.8425432201930634,4.150654991902,4.223509663064503,3.807335270235726,3.9711274146927473,3.6706651259515293,4.142377604128004,3.8885495467686955,4.229302535892633,4.1168446880201195,3.9974393809332116,4.120829246369845,4.115585813946035
3.859442634633466,3.817378106927024,3.610714035481933,3.3089017494907185,3.7885510010768177,3.70285736863034,3.596334413573377,3.7065428787063115,4.0795960206202055,3.4064420236126174,3.7002746866467264,3.643325322477192,3.3151137822097483,3.117037655513427,2.8029751182505036,3.8003029174899123,1.6237040597143517,3.671446157277197,3.001393436091032,3.629998176257087,3.0416138627172318,3.6702655757250766,3.462189171997197,3.5862511216072814,3.606335414955383,3.6479928609090893,3.618119054236873,3.598284654811238,3.478649455581441,3.5695125640452043,3.492474081515723,3.488733475757144,3.478158003771968,3.687882681819542,3.7786233442146338,3.7150507418558,3.6642509432776196,3.717610807780732,3.571058394907183,3.7759173671321298,3.5778618791884567,3.812171615138543,3.620656265829235,3.9282462708712704,3.4006767139889655,3.566958843944902,3.697566435733685,3.695167221012283,3.8144089567329593,3.7975141142126443,3.759247020758088,3.7439744835491244,3.608293411815799,3.44817869774183,3.816705782555605,3.9205754458216693,3.7294434526713944,3.799242599585632,3.8277875153740597,3.6359572041339128,3.728471574054078,3.3684674641919163,3.3705998566377873,3.0773990106628033,3.2679972649130056,3.150757317317648,3.896737231164331,3.1929717548285335,3.8295092182603527,3.697287586510971,3.37872085513608,3.8251605330990017,3.6660691542793917,3.873429253110428,3.6985529982217216,3.8478043403771314,3.460845776577551,3.685286230931247,3.4084206053417287,3.4760321287951315,4.0004371938831875,3.8127051909871055,3.7468959907580195,3.823293925206005,3.754899997926589,3.780460701680192,3.627800474944634,3.749336961672458,3.7320328698679166,3.7290707938753136,3.6669586834558507,3.622466270228667,3.5788911340524603,3.608455024540371,3.5588426809905713,3.7361036816586326,3.5279318612481885,3.773888380910257,3.82325228038167,3.8009466845983297
3.6533411342727775,3.755926324124195,4.177712082658242,3.481884784288997,3.8071761942905766,3.8293641607593054,3.4779416875446065,3.420120800567474,3.8325831410169022,4.268608470681021,4.179271064968705,3.836476957392971,3.7805838333686737,3.9298529219171643,3.618697079930974,3.1627071436999685,3.671446157277197,1.665150554856429,4.2265114064621345,3.0247807293761295,3.5522186174672976,2.9660943067046053,3.0359359616038377,4.170682165106396,3.6860720107148293,4.0601586561778715,3.965245277861804,3.7536673955002495,3.474334366088348,3.1267975438898583,3.6106034340075803,3.522202828709559,3.8211741870364926,3.200855199077471,3.1574150032041826,3.1776324211144145,3.7478186269858376,3.8281369660970763,3.529070520612417,3.3800197836013424,3.964687448963397,3.927790268287785,3.363372343363038,3.8966953602593204,3.5582424851611036,3.626646083586748,3.519390666283567,3.145623647734895,3.5338572329581766,4.083114443759799,3.3924105809339338,3.4046076834799623,2.9037799160018007,3.185993293986559,3.6112660689167675,3.479228042864396,3.2819305254454316,3.534549429815204,3.6401096981689705,3.596814589738363,3.842848125923691,3.7537786472277213,3.446892199319478,3.3286853171249704,3.715045372832163,3.4608914311055057,3.5383677094895014,3.8816187824515778,3.355528620781302,2.7076227536680704,3.156121579188015,3.352256314830274,3.482559408494306,3.5094911498708146,3.7305850860603855,3.8205751702741564,3.738206945170044,3.8502047492977978,3.389607502482284,3.6567305369297594,3.8393485957533287,3.6145535099803867,3.454882149342635,3.547885283546696,4.023262893177271,3.6767541369566707,3.540560229463869,3.978468398316674,3.232146554140246,3.727787635591436,3.569916638484739,3.564231969647638,3.641072578313754,3.6078330431388763,3.662429696057308,3.986355839624615,3.7952479178292724,3.327911401901242,3.667929057021911,3.906691822120776
4.051660184042797,3.898458755927926,3.7479080646635876,3.556757910971645,3.710206468734352,3.7263474089321758,3.795835742324638,3.8050867262118286,4.2591924451707035,3.8034717869125876,3.604723237728861,3.8773862682750098,3.2675899763849037,3.1826332242933724,3.1900774924337205,3.782291977314093,3.001393436091032,4.2265114064621345,1.7219435008054391,3.9793001192192476,3.130113345381721,3.9721926300595474,3.791267146106402,3.6191877040076457,3.7509610783470833,3.9188989828259198,3.7913155315887646,4.1362490653405235,3.830482432346609,3.9157385492647756,3.4448873253668557,3.5328908423518395,3.9600537264229865,3.9269905246926182,3.930379190328928,3.9873995187599323,3.857175317809481,3.8021457483220362,3.520062714874076,3.84392704554795,3.762940717336573,3.946955410072985,3.644500650657502,3.83297705503069,3.489866780755543,3.561052485508197,3.6555492506108966,3.7917210878620975,3.882570589971053,3.8616377474571397,3.824321998873509,3.486587150888006,3.502081930305711,3.343927548338082,3.8688093050742665,3.9294656228582783,3.5295927479768734,4.101257943417866,3.8166301123323496,3.7268426932827503,3.6778479727154343,3.4462478016004425,3.5408720792783686,3.5518902064595292,3.565350468928851,3.195116574333714,3.907306363632082,3.817457132360682,3.8980211441463486,3.910155729936594,3.711562460644792,3.808469555622927,3.739558994470457,3.925499717085817,3.858406371185041,4.00237010915275,3.9452658081698595,3.6647366984720486,3.472094248049575,3.694662879510735,3.993467258591892,3.9039041113628454,3.7963598147281132,3.9542182678562017,4.0853187142621445,3.9857873539171496,4.1509727126737435,4.325694464065052,4.0523417423870045,4.114330926475673,3.570141952738344,3.7206898872917535,3.647998803711568,3.7793921307092786,3.720781996429845,3.8942881242623972,3.787729869386409,3.707586140112576,3.8856421359218416,3.7867473205338773
3.4823402356053053,3.9754743281841343,4.2324093781541645,3.6075100418188977,3.6209105357060194,3.8763821161775094,3.2350861135420814,3.681895129341593,3.66549951181088,3.972336182523894,4.161904118462704,3.7896072535611824,3.695948737492872,3.8331509350929682,3.2622730057810325,3.6083833810180574,3.629998176257087,3.0247807293761295,3.9793001192192476,1.6292785755128238,3.38661546914145,3.6062870749048033,3.3860244425733335,3.8062545552924427,3.661704008774569,3.4892661150608286,3.4812547861299863,3.628887048716209,3.698012203646387,3.6404978660894134,3.4824957303110775,3.579496885409521,3.7162754707049737,3.5127117036760938,3.6796539514309874,2.6602366840848073,3.75543715998693,3.6640852913792177,3.69234258519574,3.679354674280339,3.2708159239387653,3.829152249332334,3.560966837244654,3.620187530821102,3.303374441401595,3.6052014833666566,3.409987026892224,3.111860158055359,3.2325323681942795,3.400653817060442,3.300935181174078,3.587240099514207,3.2587095529080097,3.320571800562498,3.541478501564204,3.261341531613101,3.7525361564660416,3.7466854177147813,3.721144272909889,3.8479956384980984,3.87856889931773,3.6882523335033413,3.6688367063697034,3.5053173368050885,3.6463190133130317,3.509355289156379,3.489669493509263,3.785467991980517,3.5111763513017973,3.637090924997992,3.3617019282239333,3.616428714447992,3.5773075569555273,3.617203290191391,3.7864497431002953,3.658115761383303,3.635506196622853,3.6151119043752042,3.5724698330846403,3.4828008792408194,3.466164738899866,3.7162735115390535,3.445724395109953,3.496681014156553,3.5730038269848263,3.641625072436906,3.6512111278663792,3.727265398973906,2.9648699293392595,3.471420870330537,3.4789233192850557,3.5860527052424973,3.578560297864071,3.7000241591116843,3.3074165812114686,3.705932533685034,3.915820397153362,3.3954212933734267,3.3581328076233126,3.2952072260177996
3.723025010577287,3.90484198697724,3.574923986216695,3.2173926158841217,3.3609542314639635,3.721521804205946,3.5792067374681595,4.003734711394075,3.989777769329732,3.488157132717183,3.4244004245619784,3.5836956355701486,3.1869176802552257,3.3329114510183095,2.8039240413639734,3.3779235071068507,3.0416138627172318,3.5522186174672976,3.130113345381721,3.38661546914145,1.633589706900558,3.3339856180754355,3.271901156303837,3.583615559850716,3.5906979048432217,3.497760821081137,3.5777753907284473,3.6265052035125107,3.4567502533651724,3.596261644366279,3.2757935826759055,3.3214662716347303,3.6558879501714374,3.4553345685749934,3.599625935699248,4.091430480604122,3.5602290470277,3.7221683767021667,3.56204685294156,3.647303334138119,3.6379916502695897,3.7923270675897323,3.5578587027164623,3.6404556719448453,3.319282247418399,3.5863812060757825,3.5583392001813383,3.577798877616081,4.039897264804833,3.6691389220067894,3.7702794192758886,3.685236864053818,3.4808412468624095,3.437451353818151,3.739707305654137,3.633544088395282,3.418727197377086,3.633275128470695,3.7250985066180404,3.6103377014032976,3.755395149297985,3.449252476980377,3.4197183460861487,3.0993890873747154,3.4420518718438466,3.014302801734109,3.690246857351249,3.3970238700306434,3.531456100337192,3.630551399471734,3.1837180976560306,3.662397110094896,3.280052296963949,3.6567456970755847,3.2902683080590074,3.713964338104502,3.69947433247797,3.5526377050433804,3.142962368691868,3.5734912768470593,3.675620238183469,3.2793987747358924,3.271529888073616,3.6837536162202293,3.7360244306350405,3.4715587192463366,3.575054337527772,3.6911122464889847,3.6129766597345454,3.403064623349477,3.431664023415313,3.5227084034792293,3.340090183857849,3.611589860361075,3.440609200828277,3.601521848301343,3.606745376806394,3.6639401729244665,3.992052374766724,3.390102377512644
