0,1,2,3,4,5,6,7,8,9,10,11,12,13,14,15,16,17,18,19,20,21,22,23,24,25,26,27,28,29,30,31,32,33,34,35,36,37,38,39,40,41,42,43,44,45,46,47,48,49,50,51,52,53,54,55,56,57,58,59,60,61,62,63,64,65,66,67,68,69,70,71,72,73,74,75,76,77,78,79,80,81,82,83,84,85,86,87,88,89,90,91,92,93,94,95,96,97,98,99
1.762208395657815,3.408230536988996,3.535601808688745,3.3386076953069854,3.7651466326168506,3.696566764229166,3.6069996801431397,3.648701117113234,3.6799440473238296,3.761290292946311,3.9976680389104815,3.972502795420461,3.6116823875879085,3.966086985872255,3.6522648231984847,3.6588672227896795,3.6559720281046233,3.6363806932370575,3.809278312714985,3.904138850684931,3.8729280259869006,3.815659504283761,3.7993071767833957,4.028841238225429,3.7600287920981037,3.8999011332862024,3.264076739070495,3.86757336673014,3.7605748012834534,3.5097814657563444,3.605539112162535,3.2039020580147795,3.624844543080443,3.688459815691578,3.5440489044870462,3.951118191360943,3.778910106242215,3.7152454373521846,3.739765924361309,3.824202452679772,3.581543077521634,3.70418046146005,3.782673674748753,3.429965114741537,3.601289408411311,3.550960900445683,3.5521297654803026,3.6461093614315154,3.7111947410325934,3.553705173164801,3.3483215795364063,3.5251003020597427,3.1363466473232617,3.4059710232469897,3.6730664751304927,3.566555483878664,3.570634099988385,3.5066068123729544,3.590328249514101,3.7357973092698287,3.7148435920194816,3.6637857124062436,3.5862233235784196,3.517526651232594,3.723366064796821,3.999882033021441,3.5568558703979045,3.773210607565537,3.869504460551951,3.7670544480921415,3.722329606864114,3.843103347756036,3.8048982641439197,3.833833120957129,4.089726195931768,3.803892742142277,3.823547128804871,3.528321316878409,3.7003367650949586,3.2756416987005723,3.9313743775065872,3.50766772701527,3.5773881890011863,3.4151635283698623,3.825569887195659,3.784601938094099,3.871813571718374,3.7510219837311065,3.9046920303217925,3.554029796925587,3.570633270814262,3.3910493094984924,3.777475347306312,3.6922294619774587,3.6001407294382326,3.3802098819017736,3.3748834632784592,3.566105075523541,3.5758682182000023,3.5330813591247465
3.408230536988996,1.5005967343896724,3.64048681516853,2.529235478128942,3.4969099108677892,3.6120352541531164,3.4923131099689124,2.81093464444958,3.2991098227700024,4.020469533409814,3.771740990833892,3.8264944771811464,3.756803521173943,3.923594295698805,3.684241698730206,3.41737941037685,3.7933211732144367,3.603450141955166,3.8938146432490095,3.735075236208124,3.406849274954126,3.5893921444922023,3.7600839608394163,4.031568243661318,3.59362748870261,3.846883388435931,3.4374006869417983,3.79674937061647,3.704817668398659,3.8050510996419558,3.5344126001741176,3.510995724186457,3.658406917073051,3.2892101240813907,3.66077680843693,3.6757195422850417,3.730129435759191,3.7046337460002072,3.8423611778544053,3.684307679037087,3.6135586539012814,3.90056177275042,3.842304516011368,3.6253913873797234,3.7655498203884687,3.454447811061359,3.6623461969199944,3.5591658037173572,3.733229861882113,3.6580084122821948,3.3628793471428637,2.7194991786547327,2.3823778674769174,2.9825236312319237,3.4681726133085045,3.484102709821843,2.8822532094839026,2.9590520217814404,3.4925289876964265,3.7030406597969927,3.3231888724267367,3.774636813361333,3.7272063866549505,3.74331951947311,3.8431938690005505,3.8679652123984303,3.0999004886284673,3.817628738209115,3.6579575568301235,3.4422529461056652,3.7190772401261953,3.611693430351629,3.815186688198007,3.837133040675981,3.7778732251652083,3.5290924307180225,3.783383376341541,3.8047915835084694,3.7077275553710787,3.4265339931267564,3.5536213498472105,3.5771493754892374,3.879654014680867,3.5098384055734777,3.7647634338457143,3.538779520976655,3.787089219606503,3.8542408638084655,3.8355278030919204,3.5054457178968113,3.6946121300509644,3.630072283055594,3.8814038057234224,3.405032404405176,3.70323965704672,3.56319543742235,3.5493182524988343,3.8149510033984066,3.7980254494246988,3.6497578159141164
3.535601808688745,3.64048681516853,1.5585954351198812,3.3072766109432448,3.2479666565976917,2.6226536015076585,3.825582428768053,3.4411017075378934,2.905231075719715,3.247079267715067,3.832667991661559,3.6174336152501585,3.6359948424093114,3.7437554611554775,3.4933219458481712,3.863653035814839,3.4261085780272365,3.7003007657100393,3.334351232913275,3.800663009096682,3.478428031209125,3.638240546830079,3.901183335649454,3.650510910876801,3.5315779023420815,3.9483461774131983,3.708336868498066,3.873483066946606,3.8655008223525775,3.6139668476700257,3.343134806841938,3.6584679335092076,4.086370957885691,3.4161820393790983,3.7748512057594956,3.9002165355745806,3.746472910289421,3.6222762568620115,3.7786944499036474,3.853395465718308,3.7526441044033776,3.8379103134364208,3.7516663434283766,3.6821365824107626,3.659802700934979,3.5784007064138605,3.407523209749806,3.5518041828180005,3.5831365270865856,3.6784899848632566,3.4466374418062604,3.5227094662333513,3.3444138213247676,3.294146867862025,2.7500321516602124,2.9201869174296458,3.721165944297409,3.474144693405919,3.64039525122536,3.761386186754076,3.120943117845982,3.5990352896580036,3.605904351793726,3.509334017072278,3.6730078612057073,3.638314406241121,3.6195331674287203,3.934640761603438,3.73176302444828,3.656109015412592,3.5534627250776363,3.7527034051579955,3.6378210089470366,3.9893802648168566,3.536748468503546,3.495773288689176,3.6873631258541164,3.63937253795827,3.5910673231312678,3.736655500914277,3.5932762391925004,3.3601931384664043,3.540240990159811,3.544385190936924,3.610661547854056,3.7989412947014047,3.8937313328273615,3.950893357213279,3.8724480492582245,3.6544669817536994,3.5637580625372434,3.7540351770364193,3.943133857550063,3.959844722620634,3.6320065757909523,3.5522565828116845,3.4495763693283195,3.7556014601340286,3.9843198498962002,3.7321690952379947
3.3386076953069854,2.529235478128942,3.3072766109432448,1.612343984868377,3.2147798790308473,3.7445946006504403,3.4190309842358273,3.487803217462419,3.601301783672989,3.859902391870054,3.596153309694052,3.7207294843053154,3.702270980713588,3.7469352297667227,3.5742099388963924,3.411551877633758,3.899238733837387,3.869355265848208,3.876054947112381,3.7404498302732603,3.534471353277264,3.807944475729224,3.71059961343646,4.100477469324264,3.5955775368687717,3.9790449012985767,3.368378406509065,3.6552124602257234,3.400591670020405,3.8479773719127497,3.7527518277154703,3.5105994956949305,3.6495327754849947,3.467495167612961,3.808244399227528,3.742530150030964,3.7386397014362336,3.708344309169681,3.745825923458573,3.8663211065045036,3.698524306740574,3.707208269902619,3.744125299372431,3.3975919801468217,3.69422509473279,3.510253572078979,3.662300782302898,3.5799209228540962,3.587892371464307,3.608444046073586,3.8702025729740033,3.3056573443757618,2.926401597503747,2.6637861331725654,3.7632651756651065,3.955994066274587,3.277416045167523,3.5115074072736863,3.4750321005023936,3.716287106829214,3.4588701548650165,3.564928173085021,3.471508678741949,3.6720716578551342,3.671069701753149,3.848539801939397,3.3053135067845876,3.9178003003519817,3.7766916518185494,3.3041670537785266,3.769317785317402,3.654761727535219,3.6013357747459436,3.6033206418224712,3.9413622969068403,3.5682127878444416,4.0276902796934015,3.5524194744537017,3.784830532023041,3.6871207043614604,3.9980539719286963,3.6139488723442996,3.6771580943674698,3.333138752477224,3.495963075028127,3.736328422721947,3.8385254789886454,3.561033389042254,3.6706460241551726,3.3576734530485743,3.784809609827587,3.6164261417458894,3.7619524692086785,3.3944578060110344,3.6390645427827284,3.4666393069286983,3.352503250065524,3.978915862709421,3.8822275093419507,3.722534784583072
3.7651466326168506,3.4969099108677892,3.2479666565976917,3.2147798790308473,1.6321212271418293,3.252119420119223,3.6930013247316285,3.3174502895978715,3.1502996889776442,3.568656669621383,3.790269669449796,3.628558367768748,3.56160249631827,3.266509470743205,3.6896377033415053,3.423690985513735,3.76655485621363,3.2416961204223993,3.5258187817383986,3.4742730538914053,3.7132775796887456,3.518154944818411,3.683415202061803,3.811654684623962,3.5518510879015204,3.6318099302762588,3.3761669127736846,3.7099988378829716,3.5764358086625876,3.719668716063139,3.2452940884183747,3.2923793094746627,3.6578686322208482,3.386333853555912,3.4985068078390813,3.710630473804964,3.524576277297367,3.363338979399987,3.6490385516683483,3.7229755415028642,3.5045868007233696,3.8428148513276694,3.5044702113805366,3.4719773050545766,3.646839591774911,3.4141962938036023,3.446399869539749,3.4604767404253725,3.4778891351065795,3.4350492692153507,3.3367671550391447,3.5057848946002608,3.128956559762886,3.3331929937105795,3.541859887934038,3.46746301111253,3.4949429874199422,3.298807031155118,3.5126945654542565,3.4193205144549763,3.217225222296022,3.6060048635319584,3.485336916530002,3.530503628434691,3.5828989222414687,3.682695349137651,3.545405358446745,3.733619376826801,3.7884585525513543,3.4976312715878253,3.7860517996125247,3.622613203924536,3.9112342252463814,3.8201780584687794,3.7061340361959263,3.5654554627928863,3.7728994812963994,3.6782067309513957,3.2894495555467342,3.5198291647619246,3.569450779197461,3.3486250040298975,3.3610985808366407,3.4089568778476727,3.6529928238515383,3.589460458028148,3.718991576268406,3.586112513251371,3.811094115371966,3.3458975266327746,3.5320865999226414,3.3901511921725938,3.739824143447971,3.431100003643375,3.569562370317595,3.3817897600145725,3.280320793765027,3.711702467812505,3.7430387238236764,3.6899796279250596
3.696566764229166,3.6120352541531164,2.6226536015076585,3.7445946006504403,3.252119420119223,1.5868183955215933,3.876095127404747,3.4210668755148776,2.7454972151394004,3.371456634678881,3.716725589353064,3.8653228893825076,3.853730205511375,3.615799826383623,3.534937992966715,3.618913041546226,3.627663131536699,3.614498810418458,3.5529305732198124,3.685868538493684,3.4446616808500328,3.700192460105623,3.6293952612053664,3.473282638515626,3.4701474073691507,3.4830373838204967,3.3628156698750997,3.626972352852406,3.7074476392064812,3.857278702263972,2.991441743330679,3.3056331376783015,3.493436776943129,3.8275253730826795,3.467132574481667,3.6354215143664197,3.6185575769066602,3.2663459182199115,3.5478858848798924,3.432364734532635,3.4768703360717033,3.6557066825410836,3.6664940376077024,3.17040744088296,3.200954853865687,3.4863950320169996,3.682950344685251,3.4691147583334283,3.4031747363494906,3.5975999595377104,3.5317309475175906,3.538816254775551,3.3074394535115443,3.4813115039179916,2.671228162738791,2.712037066253819,3.7543939792647807,3.325560669714393,3.266830592358845,3.528208191891002,3.3945219516511242,3.332310579726055,3.7981866928231325,3.9051825013835595,3.8859505883148864,4.083493366476657,3.4494619493359,3.649002724746123,3.582253200886425,3.739970446478764,3.714129250502452,3.6860182040347276,3.4594422653167083,3.694028609724148,3.5946769635949103,3.478276529310434,3.6083521060415475,3.507330843841681,3.324684088071439,3.3989887578290636,3.5680527593898903,3.559943986629219,3.2189059066390753,3.669978635077491,3.310673470762038,3.409985759359787,3.5964328277498576,3.4420863685904424,3.598013394490391,3.288762486428124,3.504928304421429,3.326189379979118,3.4555133604906043,3.5642052633515604,3.2581930931905734,3.3282187033120203,3.334406765171904,3.569136074271534,3.495730598281833,3.4406349024125986
3.6069996801431397,3.4923131099689124,3.825582428768053,3.4190309842358273,3.6930013247316285,3.876095127404747,1.5864629144444544,3.332053873597682,3.3407080577896737,3.7733163575661557,4.037977172753245,3.8258126337595133,3.759872285450399,3.8197470565635716,3.597504439302614,3.405610573948384,3.7552122068705303,3.7447218383537875,3.844942694185761,3.9223858203766495,3.464395867550453,3.4616226429212023,3.7729191129873003,3.92165200887787,3.7898081263665238,3.97155548876584,3.3558843183402116,3.7481444129030357,3.4679394105604504,3.913526636546033,3.358421993150137,3.01882899355494,3.2726021467212747,3.3173364352631336,3.3704152574280934,3.7687950151347995,3.6365032949401854,3.143748390042256,4.029709481409998,3.3182485628927383,3.4989373018975063,3.7961529181995,3.524618834707833,3.3186733163892415,3.6879502379380353,3.224914204670889,3.4048757753002477,3.5348086918339776,3.419550254206489,3.2974249479857995,3.5554135384502468,3.167726813691106,3.021108712444345,3.2264924643875457,3.7738069217822168,3.8331689233073485,3.431058124472593,3.165419100464968,3.5723743591512873,3.61059741989139,3.3920968275502346,3.7558562853858346,3.707615413972819,3.6389724873626617,3.6525607111057683,3.4828737090222,2.8707182503108597,3.8061082409117257,3.646279378182009,3.418441248536647,3.6277320250700065,3.622705430635767,3.9086614697802102,3.46203066525843,3.8381871682758346,3.7405067905591824,3.839356324301758,3.6572156153285156,3.468363093303121,3.3092624960229715,3.8836013159721103,3.3501555522446984,3.512301208537976,3.2475995250537952,3.552956649583234,3.5742667835307245,3.8983112009457206,3.441742441782354,3.917533757902377,3.137877253736364,3.5276578513333887,3.397891471915748,3.487633496710418,3.3227433038811913,3.7343286302254723,3.1564084394319862,3.09933672301118,3.4125743569288245,3.830898795237713,3.34068061630643
3.648701117113234,2.81093464444958,3.4411017075378934,3.487803217462419,3.3174502895978715,3.4210668755148776,3.332053873597682,1.4486350013957072,2.7847173361756408,4.135175789231915,4.115401975086965,4.338692303535382,3.9401459239711136,3.8433934924369675,3.8642868842759532,3.78867551680916,3.923737130891129,3.558703219440105,4.131183784400134,3.6732500375701385,3.7620587017851537,3.9795131204907883,4.277420244624137,4.233031320464349,3.9428763865021996,3.93265547453586,3.592020752849768,4.068955132250493,4.016548789204836,4.221580436111565,3.5145782453900924,3.7615668414565233,4.04363456245202,3.293045947798141,3.909056273470059,3.890876826748968,3.924024278489228,3.7313004179475615,4.058501921715066,3.9261203049427422,3.9880407327505174,4.127292355329951,3.9557646333303538,3.669183650172095,3.7796266540576924,3.7216345884958457,3.9023876408604243,3.763979184219526,3.7865195430237497,3.8934489644048442,3.7787566510882815,2.686835493262725,3.0249081885990017,3.4925208273728052,3.55265604159807,3.467589373835671,2.358028612327539,2.175247410331908,3.8793319457117263,3.96167076686387,3.6701155681230526,3.8874475975595058,4.051079144892624,4.108227850656204,4.079789448058096,3.835601874434691,3.4230280701776206,4.082440841244929,3.7728182850738525,3.636830842655649,3.950672429691433,3.775153825422116,4.040655266635041,3.89932800140547,4.169784367773471,4.06201684122611,3.7704150172675854,3.907272771108018,3.6703767305035924,4.2242367689766995,4.172238070696108,3.7555615638454287,3.5096727927600764,3.8282590750821974,3.4893687507549886,3.7802550583605963,3.9301876547709687,3.876670314947127,3.7976489601865486,3.422964462533125,3.8184234071281886,3.815241684501247,3.8324475204008643,3.611361249536005,3.7763812200525457,3.8008826782759484,3.464557412658609,3.865427209512406,3.7643239752113598,3.7117565181897736
3.6799440473238296,3.2991098227700024,2.905231075719715,3.601301783672989,3.1502996889776442,2.7454972151394004,3.3407080577896737,2.7847173361756408,1.5052812207443786,3.713388987099617,3.6525427893502425,3.802004462192532,3.766396885681861,3.7141320057805496,3.928683783845361,3.6715769159286817,3.7992689289879524,3.909837515910293,3.506942917336144,3.6674434153723108,3.938237755074307,3.690798765540957,3.8530606480471037,3.7745556411654286,3.6727709272990343,3.6880927599604902,3.659408679104587,3.7879703201360586,3.8417408516708567,3.6903498270182435,3.4740547434375064,3.4833411633125326,3.7709465953273145,3.647103277250857,3.647803269968331,3.8768932622406456,3.6602775621031483,3.4628405145952197,3.9300723103621773,3.9185538516897154,3.7219233651899715,3.8246902552402102,3.7827412644516984,3.499955347135794,3.7636049614925473,3.571418757669831,3.8362353520091887,3.661272817356662,3.6375038227347747,3.686386534133677,3.7386656379608953,3.084221100427622,3.0701186479970834,3.064016262696339,3.0178094417906003,2.7419365328923178,3.253920068422808,2.847477490598829,3.4310672586498825,3.246274745728005,3.028286924253054,3.504577169421496,3.7028884074975967,3.8043131962432493,3.8113463294341745,3.915989502055999,3.2396262610604234,3.715573054614367,3.5991805628548543,3.649795230948006,3.694031773137399,3.5821752239671936,4.041641564858266,3.838124134674645,3.691570498220492,3.7816957182385007,3.6522576658036185,3.6068653423114707,3.666468899632796,3.7463178636816825,3.8921684005535258,3.594903195668238,3.612866072388405,3.380967227176395,3.6707184182197783,3.723973086048428,4.106656557864308,3.5966569371968258,3.7758650288230053,3.572413875583638,3.450196575176248,3.608672318274121,3.706172114106249,3.763552333260315,3.4121316015650396,3.4994116125192813,3.354456518452937,3.959776255441613,3.7088660572067593,3.7985621350886527
3.761290292946311,4.020469533409814,3.247079267715067,3.859902391870054,3.568656669621383,3.371456634678881,3.7733163575661557,4.135175789231915,3.713388987099617,1.6892286358066355,3.634461771860492,2.9588146890152665,3.6212366300712917,3.652552788904507,3.5281162937257724,3.7324675682476647,3.7711877330214882,3.9256114269209643,3.774664591991297,3.587256097622167,3.3333401972693517,3.7155183889901546,3.7966463949742355,3.5373607451831908,3.1558589304675007,3.6807643909357517,3.5148896073225293,4.066332133546343,3.344083491463782,3.7830017744260074,3.6031098344425265,3.5390456840630056,3.859140171722716,3.9479366410199033,3.93279030517609,3.647925695063726,3.911815176721053,3.6355214700597824,3.9249890961355485,3.9523219001090473,3.8457258861016563,3.945691435447257,3.8598946672618433,3.441909018006809,4.080097972649816,3.4855172295248957,3.7749116039372415,3.5807265123581615,3.3272532706097713,3.6699525989448967,3.784973936906029,3.848497764142855,3.4013607808603665,3.636392261718224,3.8831504675198216,3.874105143167596,3.9353911151494607,3.778033201959475,3.248875638994076,3.2660508427302006,2.9028828440481904,3.4522454522217823,3.708161231012915,3.7338255982324693,3.601306297314419,3.7757022027729312,3.634641438986441,3.5570520747109864,4.110875014137277,3.9841033577634413,3.907697803044665,4.028432851345655,3.8076082150930217,3.78579486007732,2.9570491933720353,3.5643820912268436,3.7323121335050278,4.093243002319139,3.686962614820056,3.793377464286933,3.565766692377517,3.830179236853837,3.7435843515078333,3.9915775753445573,3.9146394848777444,3.982806573755374,4.09250276733857,3.947430141403406,3.7411368715450433,3.3870293067922903,3.534335475686727,3.6480618778455707,3.8804030653513117,3.6411258643357716,3.8308204485787045,3.6185649661093344,3.6717008652901924,3.8251833168936322,4.004050206692564,3.5621292881954534
3.9976680389104815,3.771740990833892,3.832667991661559,3.596153309694052,3.790269669449796,3.716725589353064,4.037977172753245,4.115401975086965,3.6525427893502425,3.634461771860492,1.611840296635284,3.631360075529856,3.8937187362328816,3.7802105177386403,3.6408505382429226,3.6199872065167926,3.8156830411284495,4.102040727762504,4.135405210002088,3.254775448474521,3.910472101953529,4.158293027668268,3.5574313882252953,3.93028590356812,3.6721775945140442,4.070324644071221,3.830750892039437,4.079711762915287,3.653421830682949,4.369359638575527,3.933993876995126,3.436753393828165,3.6336929803638633,3.765294982933689,3.967650143724768,3.3560777378344993,3.9377452593631324,3.8138781548691374,4.112604740104482,3.862701125129678,4.024584963587272,3.826701383255862,4.264256809865899,3.7100458262697704,4.042675220734876,3.9990284811220285,3.969877155498814,3.9266806687429923,3.5787839990603816,3.6020997031937876,4.240841580918675,4.076271790757099,3.382816565531807,3.767604603835674,4.417137658046804,4.161080793570303,4.046904830163273,4.096837170909539,3.708130164683176,3.736877657408749,3.387280792686041,3.96935280141279,3.693088240188643,3.538531009563366,3.5482016693389675,3.7713550032169114,3.8445970031127366,3.8709775797007215,3.941606398119971,3.6837879031407734,3.9969315254852757,3.8494338445880576,3.981316363072327,3.9491663273843067,3.72791166269529,3.8745400558371177,3.8745410528656423,3.949594669562084,4.007244454635513,3.789352223259432,4.008876345315604,3.764920250412118,3.878823983592741,3.723900654116611,3.5282817154376795,3.9734945944917452,3.8085538170932707,3.868815588792771,3.6478235975169415,3.5044742863672145,3.9085408257312655,3.7567296596036828,3.9282749070886975,3.9928619276857162,3.791737886339391,3.745005151772475,3.7514447559181443,3.980834689025378,3.996454140102877,3.6744275738279324
3.972502795420461,3.8264944771811464,3.6174336152501585,3.7207294843053154,3.628558367768748,3.8653228893825076,3.8258126337595133,4.338692303535382,3.802004462192532,2.9588146890152665,3.631360075529856,1.631091477926504,3.7997271171523908,3.587975796882114,3.775416160359904,3.641504129851848,3.8633655655864456,3.899578265335638,3.454191728618353,3.8131151671414796,3.7576015557316493,4.182766022875836,3.963249628156948,3.4908758769434467,3.457675989403655,3.8871875056783938,3.7296678000342567,3.861989748354108,4.016737872390695,4.042361448514404,3.585143262838104,3.782927145703169,4.277852311964631,3.979959524562582,3.8997703259217915,4.097723982942825,4.112135078292405,3.6533343480890497,4.112835500607276,4.099586256389999,3.9648774476324466,4.06393495085815,4.0378316807269865,3.6642245663314035,4.1799600241639405,3.779644745145331,3.8630470579173473,3.816042485381654,3.9976765477528367,4.018200825698285,3.936974199121562,4.125814874539887,3.676513719964579,3.8573110891700133,3.8329241470908713,4.067931575874347,4.204386415974705,4.248972527818049,3.4733363437090476,3.7174653338573367,3.0970047406889596,3.7507975062172187,4.015001344480781,3.9882358981416157,3.9430557765734258,4.10899300657115,4.095596511307707,3.4512626451423998,4.15890470208523,3.7967098110225317,3.9085118094923126,3.6658369997476328,3.886752180499674,4.185743552932863,3.5469136224448765,3.7232833356463275,3.868608730157649,4.145962292224695,3.800104535232537,4.1156766293663445,3.938703099864355,4.014160177387252,3.860628720719389,3.8092615048387697,3.85870350406215,4.063299775303197,4.251591278002485,3.915369208122525,4.056036038776627,3.9051085918981294,3.9147781687536884,3.9283170676366543,3.986723312872042,3.9729252905238464,3.8973429958170764,3.795938607180167,3.892045253666705,4.083728567275272,4.136847592044284,4.17763068694408
3.6116823875879085,3.756803521173943,3.6359948424093114,3.702270980713588,3.56160249631827,3.853730205511375,3.759872285450399,3.9401459239711136,3.766396885681861,3.6212366300712917,3.8937187362328816,3.7997271171523908,1.6856063193376454,3.61882493679002,3.640893884146817,3.4527736217858958,3.792277283850666,3.7521701414431012,3.648146667325563,3.4245931228794504,3.6393458125568303,3.267288070851392,3.7404860862217943,3.7903469646324437,3.838329090897717,3.6158064814722897,3.536144113948519,3.3480991991935545,3.907288974357651,3.5245689117511967,3.452975684304537,3.0665593250990857,3.134871228346514,3.6726961148332573,3.3650426378328553,3.6115731655670746,3.804383589853875,3.0422346494424057,3.3103603240533377,3.357296246656409,3.530988860331744,3.500031315489863,3.2211161259206484,3.4978178004814193,3.440964354301099,3.178403510611635,3.6014546446526383,3.2872657696979486,3.6266474878601502,3.3974421304655644,3.738856025697299,3.480938358832843,3.264821897784175,3.3119234157347632,3.4438333198190842,3.364689891961404,3.374528952409382,3.3730855764962984,3.2811410961898475,3.221085887623002,3.0686630630375475,3.1001590225867313,3.2984882331045084,3.1987758877615993,3.4522818316048554,3.5976643108737436,3.1831464497631963,3.5952963703521728,3.6711937979161156,3.5166984135466564,3.675727860828693,3.6243363143031715,3.87023628849774,3.4760960380829604,3.9699340230701208,3.5521772964791745,4.0441981753365,3.4016224385765255,3.7088563685245717,3.273285144588758,3.9604896650848302,3.3074692671139565,3.2619461364382887,3.323107491107544,3.763248095602525,3.627047503894175,3.6801444342588905,3.426978810189648,3.683559512741908,3.2979404629844535,3.31300465975374,3.1645238082538554,3.339383848623816,3.3353539438346367,3.481663070714021,3.603510005196608,3.5337593254380657,3.6618486216541606,3.797139471647856,3.5477278276015487
3.966086985872255,3.923594295698805,3.7437554611554775,3.7469352297667227,3.266509470743205,3.615799826383623,3.8197470565635716,3.8433934924369675,3.7141320057805496,3.652552788904507,3.7802105177386403,3.587975796882114,3.61882493679002,1.5733788607904307,3.5025025866599537,3.9673327045980984,3.4856514695790692,3.823036466442249,3.2666195663721003,3.410331454588191,3.561160615307933,3.797123678654256,3.4034925566250718,3.8682033412199233,3.5324826314035236,3.6187795506255878,3.807769944186809,3.9113543684544108,3.7978854410078693,3.954323568872197,3.454774392089609,3.4847295691730187,3.8133390509304155,3.7007619635272855,3.7463241155570115,3.5812006391932742,3.572067264598298,3.375740204232292,3.896813985525075,3.7420658106083393,3.582159625700769,3.781384013526464,3.6395297607271173,3.6592715476586943,3.912814832107017,3.645827575920116,3.631045945609195,3.7001629242434046,3.569406137591814,3.7033617162851464,3.8665710296428784,3.765856651783891,3.601839681560405,3.7032809709122114,3.7055062530994274,3.9693388973959935,3.935579238335554,3.7723961978847718,3.6618850768974953,3.4845201617273065,3.323050971805956,3.5977053297919475,3.5118808621990487,3.209476308977761,3.3483995919988425,3.6956843954310146,3.6827349838510868,3.506637443711477,3.716557974930824,3.5170003954184494,4.087517146704169,3.5604410728071803,4.131265643745642,3.942307914268157,3.9424060516151003,3.6630255224520627,3.6116964624046646,3.7296239396069644,3.5113548502312555,3.8291533861382194,3.825021772715318,3.8838928859762,3.669330676236412,3.580357784693485,3.7679504317006307,3.7450639959517895,3.723531633306704,3.724641310974369,3.4767115199600287,3.4062887462990066,3.976384913259155,3.813173338897467,3.718763538726648,3.5996716068940353,3.67665463355946,3.4529056938819096,3.572387696037545,3.9895380577168393,3.717310798511605,3.768818423349422
3.6522648231984847,3.684241698730206,3.4933219458481712,3.5742099388963924,3.6896377033415053,3.534937992966715,3.597504439302614,3.8642868842759532,3.928683783845361,3.5281162937257724,3.6408505382429226,3.775416160359904,3.640893884146817,3.5025025866599537,1.7129174030883583,3.7931437308939144,3.7080820694695533,3.5204551244024356,3.687247266045405,3.542006074912719,3.1036073205843175,3.8281197218022704,3.8636197836680437,4.135812748957893,3.4005706971436744,3.841918440630777,3.3552303689839205,3.670477825451162,3.32903356157014,3.7765475963335855,3.3430566878968193,3.4686967706484917,3.6034447764714495,3.6269475499501493,3.703976515607847,3.6266519831484776,3.6800137239786617,3.5757167964435737,3.8511573089748334,3.6947719067850127,3.4377237246190195,3.7815530722825397,3.6718619695071064,3.3914528173714658,3.4652218659213547,3.374266970930087,3.517408482624935,3.5920208057079406,3.71707462797079,3.325953519197496,3.833293686574727,3.494873679835417,3.191472819410925,3.4604897271412582,3.6448646053454423,3.6540317575828887,3.7503845891556176,3.7819808255586542,3.495259968464649,3.5706663089619437,3.3314707573076237,3.3143446915806325,3.735462371012539,3.1906997403420827,3.4434325577846976,3.062671272461458,3.459417363342326,3.968166395012366,3.8098627468896265,3.604316344056226,3.5523457355817305,3.944254900599804,3.6524252756255726,3.7987544481291295,3.480168559395552,3.8226177903910887,3.6906631362500377,3.91048491484429,3.259758022477577,3.4932051330586806,3.7306967670476454,3.2560928293468625,3.282150380493074,3.5114425680071273,3.8132852482826167,3.507615723642635,3.8521213852264022,3.5146361025942046,3.7567911332546275,3.184856695675227,3.626941468918488,3.3986909475912945,3.4422507761873615,3.9219897188115174,3.5656024585226307,3.2123219774066074,3.35173405628582,3.4832627662146916,3.552092751764815,3.436218832762294
3.6588672227896795,3.41737941037685,3.863653035814839,3.411551877633758,3.423690985513735,3.618913041546226,3.405610573948384,3.78867551680916,3.6715769159286817,3.7324675682476647,3.6199872065167926,3.641504129851848,3.4527736217858958,3.9673327045980984,3.7931437308939144,1.5841249392978676,3.7913124898804287,3.6953099073531965,3.674339169762205,3.9395192077238703,4.044176029573674,3.978768452035526,3.5662605293084764,3.7125987146314685,3.423970497291208,3.849145169659366,3.7264353162367323,3.6950755913650375,3.5927911199194966,3.866601410194106,3.653359365212452,3.4218128814138704,4.016323566915374,3.488653893230744,3.7631158781505287,3.854489100727905,3.8875534001979117,3.7638458574386275,4.1216008420353845,3.9289502417782804,4.042790746247288,3.619585515953491,4.102292489172489,3.8096126756538555,4.079228779021607,4.039705077803463,4.023292248054051,3.9681599236896266,3.925052296118311,3.8832631890163216,4.042351347888904,3.456374950418774,2.9456805819370198,3.8161763164931504,4.074589508976667,4.039252677817549,3.6241336364015155,3.5758742055476316,3.168463677087223,3.6239646448635177,3.4515461047327567,3.7882982718101106,3.9262257584109417,3.830410696116976,3.868495050731167,3.945667454376945,3.6234762361447515,3.6648300903995583,3.8774597348296496,3.5462674418114055,4.28424530652348,3.533871390655418,3.7078340078885703,3.6618165925997865,3.7876181416029793,3.657861617983736,3.723222292925385,3.419034099389006,4.03272224426614,3.5109409361813664,3.860968332181067,3.8303350023529004,3.847631159131839,3.5995040307736237,3.68986358782588,3.7210251399751124,3.755488845638857,3.715550212001649,3.57684261662249,3.5365493321285313,4.169243704754529,3.215909090668255,3.982878782554299,3.5916881685315065,3.5670025696464123,3.8932864526159556,3.6610666752199985,3.946113757422052,3.5731357321859925,3.8897858775571557
3.6559720281046233,3.7933211732144367,3.4261085780272365,3.899238733837387,3.76655485621363,3.627663131536699,3.7552122068705303,3.923737130891129,3.7992689289879524,3.7711877330214882,3.8156830411284495,3.8633655655864456,3.792277283850666,3.4856514695790692,3.7080820694695533,3.7913124898804287,1.6730866762808334,3.966881129451915,3.195019231483785,3.8002732915158526,3.235085802882507,3.7337745365968456,3.669658417763841,3.50530579691762,3.236101718613303,3.878060065665786,3.851719092413392,3.807375728688334,3.8119265244865495,3.8142014349687,3.343339481792132,3.8809132228922416,3.729769916161589,3.8461737783344576,3.578563096821299,3.6722228682417843,3.8564389061654127,3.761177850673819,3.9019957128249247,3.5826303560288406,3.4591414906166453,3.81723383253044,3.7129452223922503,3.7121648005566,3.4801320379238825,3.6301642372859217,3.5058015302926133,3.545442077159558,4.0016433182149695,3.760093074406064,3.956034616348792,3.9363620820919873,3.4652509096728896,3.6831952636728813,3.816126432856138,3.685212141200643,4.034125263375927,3.988292396674317,3.6525800260068273,3.4859605038252037,3.3352859474227743,3.689923897438457,3.6851207742646905,3.913314360454691,3.7107262486469197,4.0047408143087875,3.5825063616980026,3.2159478921337032,3.6831751251408056,3.7561920048555013,3.19838506929079,3.579744454483375,3.825845904663296,3.7967527641770524,3.5898488580918513,3.465165320406946,3.7878128502076533,3.99320314254612,3.497401977736155,3.978085956947569,3.2187981352827717,3.593531985766544,3.273952837196541,3.385386681366174,3.6527872299715365,3.627029157776675,3.924014467154012,3.7833695944066066,3.7863617540384165,3.5054843293834583,4.037640648398781,3.8172977771349847,3.7394520696476996,3.913341531289115,3.5968117414743337,3.4969451508141094,3.683063948477137,3.931147722242765,3.855863816423984,3.8342390381396974
3.6363806932370575,3.603450141955166,3.7003007657100393,3.869355265848208,3.2416961204223993,3.614498810418458,3.7447218383537875,3.558703219440105,3.909837515910293,3.9256114269209643,4.102040727762504,3.899578265335638,3.7521701414431012,3.823036466442249,3.5204551244024356,3.6953099073531965,3.966881129451915,1.6403683330556318,4.218584703298253,3.909087806967257,3.9748080542211714,3.8161288463595993,4.16644349967625,3.944232975137424,4.122681371896371,4.076047845674232,3.6303614268970414,3.649681291187429,4.17678372836905,3.886869880393481,3.655471000386885,3.673232460819142,4.184957623924167,2.7681828795718317,3.9820355298782415,4.303352294704928,4.171634190079021,3.857419960866365,4.196505487676347,4.027959905842258,4.055709905540983,3.7879126492521173,3.699092183247025,3.779939604990604,3.719104549120686,3.8186179442605988,4.071633906192624,3.9152671927063474,4.185329453632563,4.136919449690268,3.7442392596887446,3.82666309208487,3.3942987438984846,4.093287909259079,3.771467453111762,3.5249870544193262,3.6034436090298643,3.5515851741135376,3.630301048953044,4.093788705160582,3.667062713394554,4.007185810572367,3.735457894242282,4.1212111070390485,4.078164894178027,3.740803846321803,3.869152180184197,3.941099530615401,3.7722493922944924,3.0938099006607525,4.068685034712504,3.4666549221139795,3.9822124217981187,4.089865039403875,4.242673752796894,3.8048524224821025,4.090207302018475,3.6860733828266627,3.790245545629965,3.621940952813695,3.8415385223659415,3.8328019235653894,3.6055560380834377,3.7739932987819946,3.755070816055262,3.980445322870443,4.115175213638995,3.949133927891908,4.057827027699202,3.9108977121894295,3.799581030075954,3.8662757111300214,4.104885762786069,3.7627725341527714,3.5819905252004784,3.789179642821247,3.83466993025034,3.9084052749236355,4.080931812360814,4.2111031790445805
3.809278312714985,3.8938146432490095,3.334351232913275,3.876054947112381,3.5258187817383986,3.5529305732198124,3.844942694185761,4.131183784400134,3.506942917336144,3.774664591991297,4.135405210002088,3.454191728618353,3.648146667325563,3.2666195663721003,3.687247266045405,3.674339169762205,3.195019231483785,4.218584703298253,1.5507201924147338,3.5054146389977463,3.3763574687872304,3.323531303989303,3.2873615561645058,3.3322132072463306,2.755017431713232,3.3945181763320766,3.5229674041074004,3.3427232972309016,3.4697421389795924,3.287690837573157,3.1719476893365077,3.0943040886703796,3.550412672433249,3.391556523189858,3.5481411609885942,3.6907526307691936,3.3108593247973936,3.311721950789269,3.391349787918363,3.671892139548295,3.3348901716658745,3.34141055478775,3.469142296947633,3.1507361004215553,3.459349816012604,3.373233487888896,3.382612244358261,3.197970647003958,3.451500143860145,3.3490707641924184,3.4262485197400046,3.418803792773688,3.000827991376915,3.2110330300074565,3.4941282054940026,3.323325408035727,3.7087642821332607,3.4015267935192806,3.1596218690156443,3.07311488622907,3.1095025860239383,3.297774221297026,3.4172452251075285,3.676250103698782,3.361102454085958,3.655486433438212,3.4485298627466254,3.1765873046357003,3.450496594996147,3.5024738120513286,3.0316184584582504,3.4105282173273164,3.4689580679458194,3.3660937991848323,3.1827131453715767,3.2489913026905715,3.318983469178216,3.373787432646975,3.2973728199809815,3.369532130087168,3.2173236543630788,3.5436102007123624,3.2322303792956446,3.328150604376065,3.4628030445425693,3.3062374816878313,3.4424849516713225,3.3637609451919572,3.5018100841695374,3.261728007913523,3.595291630656538,3.2908116496874196,3.6149417456671427,3.621066043317955,3.428338401032463,3.286214909378361,3.1434578943323155,3.615728284590482,3.5875314569396575,3.5372051682073264
3.904138850684931,3.735075236208124,3.800663009096682,3.7404498302732603,3.4742730538914053,3.685868538493684,3.9223858203766495,3.6732500375701385,3.6674434153723108,3.587256097622167,3.254775448474521,3.8131151671414796,3.4245931228794504,3.410331454588191,3.542006074912719,3.9395192077238703,3.8002732915158526,3.909087806967257,3.5054146389977463,1.5058766863934245,3.5410450579245922,3.915608256715102,4.047364029590389,3.7643242776378205,4.012560593553291,3.9941774982871157,3.603747429808772,3.6265780222295603,3.6659295317809772,3.8232207342548215,3.395051484616994,3.885421553119228,3.8522732003810303,3.7193886294242207,4.032960009231339,2.7815045972158843,3.7369930322244813,3.9595688156890936,4.003567844927287,3.6716261810206845,3.833842610551217,3.7284628681258267,3.996600171300129,3.765015751061054,3.949841222784807,3.916336262859809,4.051128380191531,3.8899567022187638,3.497619749954603,3.498192798316289,3.9383729627914863,3.5899284934956803,3.572383842467778,3.691661848654044,4.105816318502485,3.8845919880717146,3.7529825025129586,3.749838490167921,3.5012469087435822,3.7662491932166295,3.2859967111161787,3.9582705909270737,4.1648610098665655,3.5618264918186253,3.8553550853536347,4.014870766132362,3.578274462104993,3.824851741610308,4.291313486711895,3.635826983390928,3.600467173490768,3.8937118373869555,3.798640219084804,3.8289788849721567,3.6783974503272927,3.642262582251892,3.7852118105626094,3.6013848953701864,3.748199437233638,4.02479525190265,3.72338853187475,3.811690858665421,3.809223719456553,3.863391553814297,3.8117299362135584,4.001124558860194,4.007002421390752,3.699172934538581,3.237187502920455,3.2542274225388206,4.207599438842538,3.960687401454887,3.7311335023133654,3.831016283667701,3.666479466940683,3.4565184130223074,3.5406580678171644,3.953511353501286,3.413676018787975,3.181506222005021
3.8729280259869006,3.406849274954126,3.478428031209125,3.534471353277264,3.7132775796887456,3.4446616808500328,3.464395867550453,3.7620587017851537,3.938237755074307,3.3333401972693517,3.910472101953529,3.7576015557316493,3.6393458125568303,3.561160615307933,3.1036073205843175,4.044176029573674,3.235085802882507,3.9748080542211714,3.3763574687872304,3.5410450579245922,1.2828390415952824,4.230593898990013,3.9604299124770637,3.9356959359554344,3.858480041889407,4.044318143144037,3.6955273308792553,4.281251199363908,3.489381968046704,4.419440413686196,3.67275581060076,3.948267085900483,4.294993209444612,3.778772147837969,3.592664186854556,3.9121053927896416,4.096960414096083,3.870964122931831,4.250731921488152,3.6926502215386714,3.832309088957743,4.175466295753523,3.7865668429224466,4.309965961875739,3.798867547236012,3.434197509152561,3.749479040126296,3.5214549994011612,4.341177594186615,4.3582053747409,4.258389977208975,3.921720468270561,3.715827982982712,3.711447070607492,3.700545461646857,3.7904866771578742,3.651699171306005,3.8602334977364094,4.000806721298968,3.9650320502670016,3.559810809837057,3.9829896046733735,4.326221777374847,4.277352831506401,4.1904669624282,4.224023188666578,3.8796336293408396,4.375499344079584,4.292409094057109,3.9492953107604376,2.9587697210017305,4.0924278997774355,4.209088458164379,3.889240844517554,3.7372922263814616,4.04467243698652,4.0422156521653445,4.157733395643721,4.030942698364661,3.77820855209058,3.643054967336394,4.137921925073685,3.470801533529778,3.6091911052592653,3.7616885206202233,3.875235981085696,3.777041552761952,4.042951325498285,3.617467654500142,3.741940351904195,4.3749274388487995,4.230383556569349,4.042975639721363,3.7917016886399537,4.164773301722191,4.035452781707788,3.756726177541972,4.079628377768903,4.096010028255083,4.258290439081787
