0,1,2,3,4,5,6,7,8,9,10,11,12,13,14,15,16,17,18,19,20,21,22,23,24,25,26,27,28,29,30,31,32,33,34,35,36,37,38,39,40,41,42,43,44,45,46,47,48,49,50,51,52,53,54,55,56,57,58,59,60,61,62,63,64,65,66,67,68,69,70,71,72,73,74,75,76,77,78,79,80,81,82,83,84,85,86,87,88,89,90,91,92,93,94,95,96,97,98,99
1.8919992293060914,3.7665863828872577,3.730353037008116,3.5489219878258598,3.697987874303066,3.938176752982731,3.4847971450608513,3.789660327896568,3.628686577891966,4.192927733566236,3.837200661200577,3.978591203225523,3.5744253030344013,3.7823166853082206,3.734166137826003,3.542426212805821,3.480632739804744,3.9631071772907,3.539734022364573,3.5923884277361413,3.456782603428442,3.6671240464354056,3.7599320150921938,4.050281705171591,3.9998581454678117,3.7035560484610137,4.065671376995154,4.006093485011223,4.247923547306475,3.867154845645487,4.02871302473554,3.693737201090931,3.4124770595667044,3.7728826985948714,3.681548234771147,3.6982121046885403,3.583674968092268,3.941248274899751,4.001235254984154,4.002091530971736,3.7190887418327185,4.2864202764014765,3.927919531339821,3.776942291070178,4.0327173424262,4.111541392447886,3.8499366812357882,4.010655834281105,3.6731178395771638,3.60190969273185,3.347478383375988,3.7613366736630507,3.4083700002317614,3.6298246864423005,3.827215223487234,3.9109288542540015,3.5752386837859667,3.779938742947335,4.056787756890644,3.71534752770508,3.8404759220630216,3.7622081398801672,3.8475335391247594,3.5969371649286344,3.450973687842698,3.642955933900389,3.7488603781352117,3.6043149747713152,3.689036265542301,3.6150904496097116,3.566958371079846,3.611214595121877,3.4798269076622943,3.7211169206832153,3.8393085374486526,4.236243717732393,3.729316335669381,3.6954674919960966,3.9506380517280633,3.4950440829412153,4.013229917352738,3.8621751191922247,4.190918721938801,3.781197951414951,3.9188749261081903,3.6495193060222095,3.6723355432548126,3.7259157167216492,3.7480800414367015,3.8341784822635696,3.407164753353585,4.1813587419286025,3.9205171165320287,3.8058536093811024,3.8373579278230148,3.8236732894749004,4.0797616748228895,3.856370738215567,3.7402026717362338,3.455268471416018
3.7665863828872577,1.7070836430039593,2.9890195501292,3.206330144989639,3.130400244736243,3.382076600573071,3.6274622294613867,2.9531261339670625,3.2747330014380163,3.5933429629617746,3.798122070841099,3.4591440614495657,3.81762472300825,3.2304649062920086,3.1508494361502293,3.4325807915159423,3.1815429731679603,3.3836771158973935,3.3637322109197507,3.6024653134111357,3.3262893826859896,3.5522828171176366,3.024758919683222,3.2661609577010906,4.247819533473946,3.941346308313402,3.566829512595656,3.4692278998899546,3.5813114395980445,3.5096087873637156,3.581734127076749,3.8046316209789004,3.772193439693581,3.5043510816178274,3.4278693317190183,3.213145060721469,3.816274985621028,3.4080987378110783,3.3896330065991322,3.4862358499288773,3.057247527820935,3.438041548153405,3.308771389036457,3.8842079714302513,3.2523712406440795,3.4521633557386022,3.4834330778227236,2.950020027333204,3.7453558751521165,3.583347407051931,3.318143482816795,2.2454360324338243,3.00988995676303,2.9998243648554452,2.954039736770839,3.1373812109100947,3.0393913534651453,2.8871235689660604,3.3313198058491036,3.716217433081306,3.8190733593166746,4.2137559642871825,3.749224686226366,3.3014458529917015,3.2419283937980916,3.12495107573154,3.100680431413636,3.5133297676405437,3.699458930407406,3.32447851349202,3.346736699547948,3.559311811279544,3.1427440973905925,3.1870832612036257,3.3143413122811602,3.871041801632595,3.3271661569116966,3.534117843655007,3.4724655091823844,3.6324589252084967,3.3428794532394086,3.2836394578270913,3.3436353576277824,3.5670178281112532,3.6579901424002603,3.329324285824278,3.982269810738423,3.429934377292271,3.42113113721876,3.353513663134701,3.1801209836134405,3.0102609566218232,3.3380651107003225,3.53236982147332,3.3519351027339597,3.9859426158910765,3.6542572057486833,3.6347636578236195,3.5139410367898543,3.3361103407580837
3.730353037008116,2.9890195501292,1.8670187530844649,2.751642815740696,3.2132752621789873,2.8546692570058934,3.2354126244006016,2.7591908962844114,2.854643870289534,3.4412363348041843,3.7330985055706587,3.6574205200656835,3.761154360704061,3.0862170387503625,2.862435423859548,2.659889388435951,3.018773051033095,2.7554150469174488,2.9177901963405297,3.126084501999337,2.9813025107217426,3.3457334180247384,3.1674100724382943,3.2172755713190244,3.874103300001608,3.7509929968414557,3.573090585610935,3.5955604642939543,3.6636484514162926,3.6122551516757047,3.534631425026991,3.63084709453941,3.2463515186890786,3.2249541612570174,3.1047639416131396,2.81752695565027,3.3445625991636287,3.2062646511997395,3.367130824415301,3.523556423101007,3.0472143775949014,3.443137900312979,3.107613504197114,3.712301556473492,3.4565671946646948,3.3723794000740983,3.006189888066477,3.206056226010271,3.428886558222185,3.221003146613306,2.939828538229286,2.2762887738373823,2.9532191122263787,3.013611143336707,2.6411948662100486,2.841097554516671,2.9141868883164848,2.6378780133075286,3.4627141243443984,3.5584696074800384,3.6439854479667018,3.6252097152963736,3.5278802068931348,3.02118261828734,2.9347746441780256,2.736943273304541,3.2057928726780363,3.0690934631253537,3.2833995970851424,2.6462171130032566,2.9318654807446993,3.161648429497415,2.9718775525523187,3.270459947149954,3.3253356706192942,3.8450155659314467,3.3461179509348287,3.438815959329236,3.514251329049931,3.315403681374093,3.3466212308449883,3.2560888329788584,3.4879778474805,3.5297521061951143,3.7148147372956304,3.1915035249760844,3.40989727913931,3.8068868330211387,3.077921106491077,3.1448322918165093,2.7981124583431907,3.382000782898049,3.1929495352935757,3.430632356015646,3.499884904858757,3.3667300740868358,3.4953480590897943,3.6527713511076367,3.048592234792342,2.896297948825237
3.5489219878258598,3.206330144989639,2.751642815740696,1.6358453066456504,2.824039565373599,3.3835114910759305,3.0812977370192702,2.9971018042129236,2.9970572917637988,3.139995418174148,4.195543324094015,3.409528932908245,3.609029584290565,3.162669696757507,3.2609849415328114,2.848225735648334,3.0907034116966847,3.3998364081437837,3.178088540823399,3.5519549440870657,3.136942963304821,3.431608986581704,3.3406134835445758,3.389484605830104,3.9317845445820057,4.059475061654823,3.6400174600310082,3.624438781685449,3.6783522154198267,3.3572691433955764,3.9515222109940904,3.3049619821066423,3.2253898344543006,3.5711717287788107,3.4719412878723945,3.0985266291740747,3.622315117763004,3.1740647470414696,3.475190914529577,3.243438554708203,3.5714589892815547,3.623531222515132,3.640759030008223,3.689453425453262,3.481069993244377,3.2449138970279776,3.7673483814017517,3.3978921497371326,3.3586780792114324,3.562912861900231,3.2910530028615157,3.1773793088872386,2.721505399167875,2.6611262318833964,3.0406181008143016,3.5206427702903156,3.1016252465963015,2.962213182325159,3.2680250467591634,3.782788489103875,3.745796495028229,3.443026591892037,3.2013023339314097,3.196474667967698,3.300802738875758,3.170611276838441,3.3214401832011062,3.542762305978465,3.6440410868655055,3.4228895270509736,3.3424356729605957,3.5356562134667513,3.1373966181088004,3.259345758095597,3.403520388833768,3.6167294923570497,3.5656588492914247,3.433086428012145,3.618455143990334,3.1892083562902265,3.2914601336499225,3.364282906942916,3.6031695239454358,3.7920077207128533,3.3512421366938,3.111897234785003,3.465642490108825,3.7570418373726913,3.5740884249592995,3.5005666526058943,3.30113996191879,3.5166010464675,3.531658485670051,3.81539990554617,3.6170780975468295,3.9040727279379444,3.3186824519058318,3.3661928486349377,3.452766666593979,3.4427229394976937
3.697987874303066,3.130400244736243,3.2132752621789873,2.824039565373599,1.774207818828686,3.54235833266939,3.595930546520662,3.44992632577836,3.038610556374837,4.091742037707604,3.7238508785935207,3.994252584729091,3.9314154507217527,3.50154381802245,3.662374666766138,3.6327991844429386,3.2933230663227477,3.395868124353652,3.4467426203061953,3.260356366697302,3.4225603853040663,3.849795893822675,3.4445638519643293,3.939005181828854,3.6279898459043167,3.788091480207449,3.557683066371909,4.05096206959609,3.961494760198822,3.815397651371483,4.0150528785553705,4.053186585223028,3.6682082977825576,3.7376423073458978,3.4762123575724697,3.0673539484260637,3.9799819347413457,4.14754900057497,4.243542809642027,3.668380824674442,3.6402033536187566,4.078285080798888,3.979580128856046,3.974813792479157,3.947094681731579,3.7503721832503394,3.7309587770504686,3.2926467086581366,3.947170646546282,3.5223988465026244,3.433651697835419,3.1962015376773616,2.8701484764109026,2.812270085359387,3.238071161830568,3.5788055180867593,3.38720292506504,3.0953969874166494,3.5189410024174865,3.9456225978386565,4.118072646839814,4.084835133947059,3.6970707222509587,3.5874984811743214,3.6771290866429767,3.4791784382252593,3.216177939186887,3.5289335146980814,3.721543635547988,3.1833424884501706,3.353809707457341,3.7565653163304487,3.468914450131166,3.525910903776598,3.721702243700967,3.9362316611523576,3.551993414836093,3.865003684122703,3.705905395111897,3.7622515180285623,3.7086535283366566,3.8410467186197605,3.9098851589457664,3.9938731081444248,3.970231014806287,3.713195112040036,4.06509916276916,3.943459807529803,3.2498781995039954,3.77972935559713,3.1861554566447734,3.741186565173314,3.8117448593268253,3.8461920841265127,3.8130759165045247,4.1389285165106156,4.012952934118507,3.7657851198814356,3.5072761676383526,3.249686043479773
3.938176752982731,3.382076600573071,2.8546692570058934,3.3835114910759305,3.54235833266939,1.8197555494713435,3.8158752679870025,3.0328963743729354,2.7746708043973376,3.736677066400881,3.9417530297290195,3.6535680622306828,3.239518722458211,3.5619409962425417,3.339074802374623,3.466352405662029,3.196060696849323,2.7959215975905014,3.140130920392342,3.5202977349838775,3.3852332152182028,3.3065779447133146,3.3223220599024503,3.422277757808875,3.671422551914396,3.812161019901637,3.395576564117632,3.361891648697047,3.689226320474492,3.7085292235184872,3.567951779452119,3.6879384926858267,3.6389165818499274,3.3402985683838806,3.009085562987491,2.6417060374954566,3.2090001209853045,3.4856750003627415,3.53804745278684,3.5875186498113796,3.445400376544975,3.62340429384134,3.328334185648125,3.607248864896059,3.305280577585262,3.599726169589339,3.2833455803841614,3.1912194578718895,3.2772749771161918,3.44578849428407,3.344254209105777,3.255062673937588,3.405597800262751,3.178375616269818,2.6166052234418453,2.5195077370292345,3.206305226030655,2.5704322237292976,3.4660790370233077,3.8941607328891403,3.550178461937871,3.3527231223194924,3.812305300382089,3.608031051959049,3.476334562429735,3.1098533032587015,3.300051881064227,3.4203774966342193,3.4103842365813364,2.9304048924374495,3.1046820018289814,3.4100006380555885,3.461406235747038,3.450452612155355,3.6058119015769634,4.031289521951376,3.4446560944200786,3.5859018334135224,3.5164508635355882,3.5374863242899632,3.068527392076773,3.523861234657113,3.6195851962691594,3.6276626552549693,3.661358187208369,3.6095982484933136,3.324609758792449,3.4434629699385013,3.2875696819619336,3.2189173070238435,3.042867346449123,3.448082518928304,3.232081324257985,3.703721238858687,3.6476682778561003,3.70218428930974,3.6626746683196867,3.6445591285607377,3.0509132027111314,3.4718378858460675
3.4847971450608513,3.6274622294613867,3.2354126244006016,3.0812977370192702,3.595930546520662,3.8158752679870025,1.642567933175809,2.7062680426493055,3.290582536302722,3.0249211267872744,3.5618454901448398,3.389207580439721,3.2412517719067915,3.0016287865045244,3.119927583876519,3.1774354571873027,2.8883176179929464,2.9303088900923075,3.001154374725002,3.4131289911654537,2.7745332762698083,3.1167229319172134,2.9923489319995937,3.0156077172835682,3.245415492346323,3.2229485039509034,3.072145190233536,3.1472458052040104,3.466821967461754,3.315518866987159,3.234016452201489,3.428965576444917,3.226259839539212,3.406487978415682,3.087993692837254,3.119969725143458,3.26408436051452,3.040492115586698,3.368838592966937,2.8164200979164553,3.1246902889511285,3.501621360727461,3.1943577587783607,3.4144175361002436,3.2046101029093848,3.151655229791541,3.0473059011828276,3.2088743790027108,3.198328763632746,3.126896427649976,3.019653869247844,3.001181256734596,3.050787393135484,2.7597953958541726,2.9809073158152564,3.2138130370422453,2.8184752310388737,2.8928236174566067,3.147925212985114,3.4188302640558765,3.05509137919907,3.271026503336378,3.0684833159060285,2.9340415873544266,2.6089376885486257,3.1369496566182167,3.1731065477174516,2.958437279564265,3.237604686645319,2.927665070398535,3.0831278927972776,3.093483288255431,2.9407429903849236,2.880827638813759,3.0626850545800615,3.3410236984110475,2.9365597192213886,3.1990489416492833,3.113091305304357,3.3907172504999994,3.0734861298458034,3.346014085527123,3.4289360503483657,3.3274977009477964,3.101363028042698,3.1831973450241864,3.1979619276940294,3.436835377290283,3.1847350226289586,3.1223563786323254,2.801184947492668,3.2906010379272024,3.2129650321176686,3.412990963181258,3.1501127942330585,3.4877994932240077,3.1578242476032186,3.318694496864139,3.222096169442881,3.1754826291517766
3.789660327896568,2.9531261339670625,2.7591908962844114,2.9971018042129236,3.44992632577836,3.0328963743729354,2.7062680426493055,1.7959754870996771,3.0336001061829103,3.361017756499484,3.9701227392313223,3.486535885472186,3.320898788244832,2.980338596650853,3.1306195993050143,3.128568063244683,3.094619626633096,2.7826486744307743,3.035489813324575,3.23390765032532,2.974257202209064,3.4827537641469553,2.9755531356419653,3.3646710849111123,3.672267859925869,3.808644199373599,3.171657711661407,3.3715522408291774,3.4590766306249203,3.3996987590318968,3.4389954943283985,3.328457548967722,3.0967810505711957,3.3364541476152576,3.2817095013552438,2.704295824617761,3.3659254536025944,2.9812214726088677,3.328892975650162,3.143788635659594,3.274379353486096,3.6052062289389077,3.2843557474924916,3.508290891420912,3.1626691639448303,3.0350945868478023,3.3214439071731787,3.1116507290474646,3.344980396226644,3.348805473431795,3.0587558670963095,2.767587074300835,2.62751954898762,2.7788390985947906,2.6180423984663124,2.671621922154211,2.3585885467881047,2.1690918205352636,3.0621256870654325,3.903298987136631,3.671234590547442,3.5581556089548494,3.500652465919321,3.340712508279722,2.9822610879959233,3.061115638383004,3.0413464291564574,3.206305081532176,3.2440260240811085,2.7134399127479307,2.9777176213106364,3.456148199957761,3.286397891393205,3.078353627206423,3.4814164780085455,3.55853083225397,3.2743850114403457,3.37646271500573,3.164473562160439,3.240614055005396,3.235295979532805,3.2963298746896497,3.4086462501955075,3.560873566407015,3.3967258371589053,3.4439191848639594,3.3510017082618813,3.6325009943167026,2.8917542257620017,3.0625731671342753,2.96267968703386,3.3706306885191872,3.098406441461908,3.756044068444676,3.5923798624599095,3.538928107952166,3.2231378141864555,3.2778651435887767,2.888963697163768,3.1708365119425994
3.628686577891966,3.2747330014380163,2.854643870289534,2.9970572917637988,3.038610556374837,2.7746708043973376,3.290582536302722,3.0336001061829103,1.7663116306147235,3.627654768553052,3.953658622860753,3.9084941836944456,3.7408761053663078,3.3650918997352686,3.3101899869514164,3.1641091669726027,3.292533573229387,2.828675086015944,3.423712484859323,3.3781422238564294,3.068815347060039,3.3289170814063453,3.2479832332318557,3.540876054353177,3.368015900064906,3.9958070207732925,3.2672864248832787,3.257680898714158,3.831102556344546,3.3005190871334755,3.545553414391,3.6808344830176063,3.399985183672988,3.7937097771417845,3.250129184453357,2.267681107918985,3.7831816145539228,3.5390022967929724,3.413001766283091,3.565703853438961,3.486329565129336,3.5066543078558254,3.3155301117147964,3.8368389966298873,3.158839913586301,3.703063702374537,3.5065716471895554,3.1727483963348733,3.108182522236532,3.401717687528279,3.101618702112794,3.5550938050031244,3.4022835589503067,3.271066371770061,2.7637663202879312,2.8343375025240882,3.4577444397693697,2.5052440483592187,3.778813366979341,4.0142854901886045,3.924600005010905,3.9979505971814087,3.7888328317193487,3.638905551516481,3.5412457373820536,3.29771357314781,3.5644746105203176,3.463426625414416,3.3379816854907127,2.941578866436092,2.9938988460087064,3.806835708779197,3.3946438659966014,3.5603384821961366,3.5777223388687776,4.015105008031297,3.4570669916270926,3.579758224775007,3.3929448764652306,3.488378017210572,3.415593039099948,3.675832016905987,3.299379205768194,3.9562374590810085,3.289807493562652,3.665294662339524,3.650759405974818,3.475556190634057,3.495955566204332,3.6097579574624175,3.2350654818564237,3.7438498830624516,3.2639691112297173,3.8607042782615473,3.9177034575858034,3.5022139667948027,3.5527946405329764,3.510624167463593,3.0087122046701826,3.6706989775582906
4.192927733566236,3.5933429629617746,3.4412363348041843,3.139995418174148,4.091742037707604,3.736677066400881,3.0249211267872744,3.361017756499484,3.627654768553052,1.7620171492583192,3.524505724975226,2.835285241225207,3.1876980149788334,3.2385316254965413,3.112037037683315,2.946348428230424,3.0167589990353894,3.4215241151866342,3.0926960154415752,3.3692650244206956,3.3133114984390764,3.0375136457686254,3.080216948527014,2.671673033798468,3.242092719742596,3.8043361837392746,3.0041694297746244,3.2158321370204117,3.2771409739752437,3.0139893916532907,3.2324037542543964,3.250099175442262,3.271974211365737,3.3137203890542106,2.9224047048547153,3.3651265689662226,3.210035018300634,2.658519812747233,3.0021477133172256,3.062554768681841,3.294219873636101,3.168834184970665,3.089934647125888,3.480571755167547,3.0646422190477427,3.436594140670079,3.631844054901494,3.293234662129193,3.437788961671794,3.4691414172609045,3.474066133996673,3.2969236402232385,3.325243452851583,3.2252422629749335,3.2765161266409843,3.6760117590107817,3.520700847166274,3.4419564592304495,2.852199754448046,3.3229368294772623,3.097314234604218,3.248753530612803,3.0778352066826926,3.1867120365761292,3.2176692735053596,3.0200639129123834,3.1450084227473014,3.086616653609782,2.930674097060547,3.158448368936282,3.0270037187943903,3.439444324057402,3.1641991678555943,3.0055075551853734,2.9506198968070927,3.7508737971832335,3.3512596617777066,3.3696420727106093,3.446078304342848,3.2728927935428738,3.0005923770494434,3.032960165818329,3.061231175418926,3.4230379293633835,3.240641409555244,3.330942115772105,3.168254790207542,3.3866717065190435,3.535313218397595,3.192000133349124,3.3815844755314504,2.90966937991016,3.124657064218476,3.1497547534780046,3.181657244766254,3.2837722922359407,3.2806532748303514,3.271930626874628,3.543140409852839,3.357440534370514
3.837200661200577,3.798122070841099,3.7330985055706587,4.195543324094015,3.7238508785935207,3.9417530297290195,3.5618454901448398,3.9701227392313223,3.953658622860753,3.524505724975226,1.910734558214644,3.9890870595951675,4.342561207350561,4.048679213161262,4.207891097673824,4.315600541530393,3.754638771834692,4.136449916435546,4.058282093989301,4.002638405236559,3.708517942507443,4.025737460626956,4.036673585110393,3.810213499168966,3.9148736481846425,3.441411144500307,4.4279941980323025,4.073942723830437,4.512355299545573,4.3485489975712035,3.850728561058041,4.136017573483341,3.4795537368271487,4.614733745795031,4.295139164681034,3.635301374846974,3.940677660785134,3.930084101311564,3.9370931303668724,4.136038240726278,4.024393558170573,3.8966953435039255,3.870007925007583,4.1150886415181525,3.963214664713077,4.247666140483548,4.063252444391867,4.379917030771044,3.548540808367469,3.7784386375680445,3.8534287658665507,4.2172825482245235,3.9773464406835073,3.994334106311121,3.971640637108937,3.9442352751726557,4.121283581989724,3.8319919314324395,4.036084177461782,3.361289971539867,4.044976804111899,4.4534527556422265,4.293575669401151,3.971173947640207,3.9250014146923715,4.055475772100711,3.714605392003109,4.1775724255898385,4.2562805916336295,4.186022163524926,4.192995190142859,4.279199037288742,4.016542541778424,3.7877708649117823,4.11361980017652,3.7129643199335454,4.162103788580511,4.292177455244905,3.7110127250845246,3.8097614589366846,3.9096174720647934,3.9755264415046003,4.07244365774823,4.144575473091322,3.5976041350163217,4.070298761642554,4.385032298996164,4.093801923563565,4.083931366559545,4.078840363938182,3.7362093769583917,3.8566897803682028,3.7937298430363757,4.048176845276328,4.081621598200117,4.171455501327136,3.9269820474635435,3.9859064693207564,4.052792634757,3.914752912643834
3.978591203225523,3.4591440614495657,3.6574205200656835,3.409528932908245,3.994252584729091,3.6535680622306828,3.389207580439721,3.486535885472186,3.9084941836944456,2.835285241225207,3.9890870595951675,1.7487224125841518,3.0336315931998983,3.4419911985344,3.262558907144485,3.5763008550105226,3.3526531692110866,3.6676190562286646,3.3808687303615974,3.8388329877672756,3.5133397761001874,3.426387793435226,3.2601866863832987,2.9741562473613286,3.8483962154483002,3.326207023618739,3.652324048586297,3.455870892623024,3.6743460761922595,3.354943471621103,3.390207240123607,3.664517466839874,3.5993029533922964,3.7226324229227874,3.3114529479777364,3.4813882678088035,3.6796957351132313,3.221209235883686,3.5149318915640486,3.421447700136788,3.4175912663463968,3.5430828011222744,3.3435179394908165,3.8113836267679884,3.4224149839467177,3.6032982328314698,3.44175462424594,3.6305564736718,3.5380346673963277,3.868400495876822,3.596511486468714,3.2062707602294953,3.5290023700007644,3.687508585362847,3.7688627937899963,3.556531596440041,3.7334383930762596,3.7197337682984744,2.8931424397421117,3.820643982814617,2.8877599572374564,2.9755030341551874,3.643241464812141,3.5673784889958333,3.28886413677828,3.1715311607514223,3.439723509820042,3.2753722589531704,3.612053156297976,3.7242595820498994,3.6263447494934393,3.2325502632079663,3.4434325635770264,3.245477487556002,3.0773088518987306,3.8809057726702556,3.5320173369257852,3.420779894084864,3.3591154158149763,3.6015359327887784,3.4092988458767106,3.676626100773394,3.6956471777120443,3.712919554542278,3.5295857190226645,3.428412595185227,3.5116965947655343,3.3892251895655825,3.8719258956743308,3.3472619628702334,3.3375460280218214,3.0238194169001633,3.2926476057237517,3.5965032817984404,3.220522565810335,3.6804772867340443,3.732014262897043,3.658654538052432,3.7591722301846486,3.6691499580690934
3.5744253030344013,3.81762472300825,3.761154360704061,3.609029584290565,3.9314154507217527,3.239518722458211,3.2412517719067915,3.320898788244832,3.7408761053663078,3.1876980149788334,4.342561207350561,3.0336315931998983,1.7854744734132324,3.1128784999006722,3.1764246260660136,3.7423580890655974,2.9367111921633415,3.660650598662192,2.780538932810193,3.526662101325181,3.3254554621118557,2.7563081713927224,2.8524324049703145,3.5331067757147396,3.5670378931224502,3.5183190141527443,3.2403092024633495,3.1628721281801244,3.566633085480622,3.457595278839011,3.78923155875425,3.7500019045094213,3.5795667815994507,3.431007911878005,3.2867415704243284,3.554168875590527,3.504839680700601,3.5049205955514218,3.6318728853465942,3.5053868996013016,3.4244986612824286,3.767693007776088,3.5654088833017186,3.451563702269609,3.254008974870762,3.4391259830092977,3.6911345871155197,3.215684244634728,3.636277618233288,3.517117120785915,3.560834059925966,3.6404128800859117,3.688283142998293,3.441374448082635,3.659557836518246,3.5136289056858225,3.7399781562305976,3.562796638622484,3.5374922191747546,3.9073706939569797,3.398049688721994,3.029342148296036,3.759132255283654,3.5148420090942754,3.279777553053091,2.9862491843309127,3.5820275918942284,3.391197392092049,3.382961477783982,3.591316135976437,3.3641316948738305,3.445793381263108,3.1797079851638252,3.501729105754437,3.3395979305734254,3.9643434709197183,3.104004521634426,3.269357953077293,3.526505711838779,3.665232857896466,3.424813851732187,3.624100432789917,3.7277026722719744,3.4470491871757676,3.566091271880991,3.491084843250304,3.603434156355285,3.5412206196183678,3.6481725947007946,3.589098963461831,3.3308625497823394,3.5862586375470507,3.609506282832669,3.728462224087263,3.654072013173283,3.596530589784001,3.4701143552762153,3.3684175676243786,3.3863941455712356,3.4503895365970654
3.7823166853082206,3.2304649062920086,3.0862170387503625,3.162669696757507,3.50154381802245,3.5619409962425417,3.0016287865045244,2.980338596650853,3.3650918997352686,3.2385316254965413,4.048679213161262,3.4419911985344,3.1128784999006722,1.7182886110467592,2.8199955167503505,3.4186218453247865,2.9819742949602865,3.1820197497466145,3.1549264983192638,3.7734931780271337,2.6518556406373963,3.6233000431052744,2.1940766643316763,3.7928136936931685,3.7732872619860034,3.682699408186115,3.476324510615234,3.3786595043843684,3.5432523795710824,3.254986177738614,4.415772915233021,3.847798009443113,3.74585936987516,3.757120659560394,3.691072117939893,3.72961693796414,3.849311546237039,3.431858343634509,3.8714787895814693,3.202731620644825,3.909646433528543,4.013603894633921,4.002484200888783,4.088462191059248,3.696303705740924,3.8522880869993044,4.059565248083899,3.319890252033827,3.765555941124896,4.092786594666031,3.423293721353862,3.525455491291903,3.589151249644756,3.274606951608442,3.399634520074237,3.74468075219838,3.3264577823760186,3.4405417346743343,3.450646348086135,3.9649008340717646,3.6104375023415294,3.9169812970768025,3.9085681778207246,3.5618551845411672,2.853747628839138,3.4049911888450515,3.7157598118968096,3.0176669396054576,3.4608522424580186,3.3274389454905133,2.892708134154731,3.6736204671560855,3.0343408567597914,3.8695445985159993,3.3042335171071904,3.9324381403722817,3.4169133070073068,3.579669037572842,3.9945248202394725,3.978279763750523,3.52891243495877,3.8442217122085913,4.10723996007012,3.517797777265759,3.5528585991331934,3.6860272501775184,3.946286763872582,3.8488313508401037,3.571057983312224,3.963667034308325,3.639699410619104,3.9895875148478055,4.149894651639385,3.9700927290119035,3.451283983550521,4.246186428891234,4.011731963974804,3.937993721493809,3.5600595685102063,3.932694060288548
3.734166137826003,3.1508494361502293,2.862435423859548,3.2609849415328114,3.662374666766138,3.339074802374623,3.119927583876519,3.1306195993050143,3.3101899869514164,3.112037037683315,4.207891097673824,3.262558907144485,3.1764246260660136,2.8199955167503505,1.7370957928302446,2.752614884077194,2.869718193773847,2.911065605950892,2.6521832381653505,3.135974563449748,2.789968959390259,2.9781095941269755,2.2673321691867434,3.4702318701966783,3.435354770683978,3.363072890427718,3.198390318192564,2.642594099657724,3.0084236803966897,2.4026597353134407,3.651402816973975,3.208003260959873,3.134385434789648,3.337197016558408,3.0471374718385733,3.0067541633125985,3.307485303802459,3.1766350247649195,3.3522011826360227,2.83172924377223,3.4321318504593354,3.639016638501902,3.540194420866314,3.5361873147502565,3.12420846037741,3.576467884609883,3.7221805686581138,2.967186940970885,3.628098612678498,3.4281924616564394,2.877373364445022,3.096276575642868,3.1362213835087456,3.2177195457587806,3.201619870307497,3.245237734335913,3.2777781387211102,3.0978882917847423,3.1804283418607566,3.7823533619927057,3.3073135630776203,3.1969898826801013,2.9332991166419666,2.2813203683451517,2.0446280002518398,2.118911992576759,3.4499595620868755,2.4482365617846096,2.694489814271097,2.766342840349835,2.3538747276140874,2.995890317194656,2.0453423818767256,3.3347286299496175,2.7346933585083484,3.7467937645541,2.404972713667661,2.154060250372189,3.234906086582844,3.389951622848385,2.9763811860439358,3.4033019378325005,3.1225677276376143,3.0977492429558473,3.4126285406293753,2.6673345261442636,3.2490120991204656,3.226589584807292,3.3031580733865744,3.533520285927354,2.9339930751166494,3.295466218648844,3.2720302252379057,3.43690707916902,3.1966499883898307,3.521154662781628,3.674280260736212,3.2057382377714627,3.236082457174842,3.3883685574332545
3.542426212805821,3.4325807915159423,2.659889388435951,2.848225735648334,3.6327991844429386,3.466352405662029,3.1774354571873027,3.128568063244683,3.1641091669726027,2.946348428230424,4.315600541530393,3.5763008550105226,3.7423580890655974,3.4186218453247865,2.752614884077194,1.72092303689107,2.6576512680321502,2.800423913209318,2.703154669358676,3.3823503685266596,2.781986502542725,3.1389337423294603,3.248650541225546,3.328588983557611,3.8568665996031077,3.6181626523917108,3.6513515135556567,3.418069201550461,3.550706804458062,3.2401682394834754,2.965213072455045,3.1634128564018953,2.7925733910634127,3.3768886373715183,2.7643821382340703,3.027769724805096,3.456784056077725,2.723501121867442,3.09955413224067,3.2024594542073284,3.239519657859594,3.4482042314108585,2.927285990075235,3.4446964205966695,3.2691407035105278,3.6731634936913906,3.246114512416024,3.2826190393041745,3.3144027162676326,3.425255976242333,3.203351456804451,2.8602268811441256,3.2253256291553214,3.1958340816436532,2.7266907351955765,3.151064831449474,3.3699182531715586,2.9025050316764456,3.3460749796863807,3.6223838798736705,3.285005673680265,3.3626789607353094,2.8676508179281077,2.6931761740064406,2.724431417114977,2.62424428115082,3.562767300431652,2.9955136618637686,3.0008438740752883,2.721315587232778,2.789665937975439,3.1045383510441353,2.7855701783807865,3.427720445775702,3.061542960846834,3.65274458853523,2.9961786393073973,3.1827855769085986,3.133731007036401,3.2573634590651324,3.3392574654061034,3.3940603095702295,3.2313533355854624,3.1912513512570038,3.753319605004032,2.9245220745850973,3.3882162608293327,3.451619449872489,3.3859953555538254,3.5359094499525296,3.0257516350440814,3.2481921102216362,3.1922259956668406,3.354000666436872,3.198854499907458,3.3878249963644596,3.681072808019689,3.5215138963887664,3.2557148612547633,3.361813514782325
3.480632739804744,3.1815429731679603,3.018773051033095,3.0907034116966847,3.2933230663227477,3.196060696849323,2.8883176179929464,3.094619626633096,3.292533573229387,3.0167589990353894,3.754638771834692,3.3526531692110866,2.9367111921633415,2.9819742949602865,2.869718193773847,2.6576512680321502,1.752540151300109,3.1629026134910063,2.274179763267681,3.5262667386920024,2.3322258576091506,2.930675694272387,2.81590288379639,3.1693883156297766,3.6102185155614515,3.6257715223286673,3.3585134028895802,2.9978160402247336,3.081346907149899,3.164088287292655,3.334133718251826,3.4058037261960394,3.080202174047585,3.5965913176118884,3.1426013370946384,3.2957768570247525,3.5047371595187626,3.178371151681665,3.5315671554805803,2.5798719104854975,3.281614050947236,3.291556651360448,3.226229169034448,3.149921501180501,3.0361529992553327,3.534869384042138,3.2775316992846757,2.834911775473381,3.525166878274866,3.36586366159958,3.1537405988647595,3.3503157021905796,3.0991772615940194,2.949080148899615,3.128326644043125,3.3007104530358884,3.1008063881795125,3.08149839652965,3.313735240461299,3.775670990176927,3.7145724275516527,3.546957320596518,3.407822935071036,3.188908457388471,2.96644745640978,3.1115599567055754,3.0367146615275407,2.8682829607222624,3.1662898677074303,3.04585654100401,2.9057679039859114,3.223995123777748,2.959803704238457,3.169247398465642,3.057009167818667,3.7509859349724577,2.73978297535272,3.2255446619751864,3.1781996922071754,3.376521255405333,2.9078032401112166,3.4883993950589933,3.3768400118157156,3.1686585504377227,3.2106373240317585,3.366694417735142,3.491633351569748,3.2839231960211364,3.4553816186496626,3.1338720216735294,2.7989850598533583,3.4507174640848475,3.2262667787266888,3.386428390295933,3.2238916237752946,3.2873492809166356,3.548587280796408,3.1812856506347504,3.5027034760235556,3.025768645527006
3.9631071772907,3.3836771158973935,2.7554150469174488,3.3998364081437837,3.395868124353652,2.7959215975905014,2.9303088900923075,2.7826486744307743,2.828675086015944,3.4215241151866342,4.136449916435546,3.6676190562286646,3.660650598662192,3.1820197497466145,2.911065605950892,2.800423913209318,3.1629026134910063,1.6150288135973716,2.9919913241272886,3.1943122684419207,3.0251932493638662,3.20124948962894,2.947860398113481,3.548590719524381,3.705117868737138,3.76621800679017,3.061935962522317,3.401891662987185,3.68449353689141,3.188461838242136,4.29312985382169,3.446008249993369,3.5106555504303794,3.1210900816744944,3.105336332522689,2.7406977140126894,3.601226342346773,3.867130098458802,3.9418407171064263,3.51590001671086,3.610599407120954,3.517283919482553,3.5724768281484067,3.665583058356232,3.4086977718063394,3.683300730870488,3.707439497776595,2.829093284980501,3.701241489229826,3.5742785549361824,3.3072863876232352,2.9841174029012407,3.0374566503445677,3.122430372063283,2.7943918075839744,3.0508078537875614,3.08375928282628,2.5971790076441574,3.6342397630596444,3.784976365134396,3.577342114669842,3.580463230880776,3.623355600120519,3.3248822250308945,3.2339110431499067,3.1532864546142414,3.425723571325286,2.934084114523083,2.9560499080494598,2.1656959718706363,2.699200217401937,3.3501037626943972,3.0160495407111974,3.6337922629984236,3.5550359541426184,3.912246547608339,3.4664464633863856,3.332586602218072,3.7281049773258004,3.5461280257409094,3.514216909256622,3.6393655244606036,3.62520987840926,3.6176455973242136,3.562516106723267,3.5646580317443677,3.6226399721294515,3.747292666193085,2.8507220689140866,3.7300982105187037,3.1410939801540105,3.969117466915245,3.5079681649173113,4.041778286990929,3.586412956752672,3.736636953151048,3.840078400444912,3.919305178524196,3.044045412591326,3.7248363983000026
3.539734022364573,3.3637322109197507,2.9177901963405297,3.178088540823399,3.4467426203061953,3.140130920392342,3.001154374725002,3.035489813324575,3.423712484859323,3.0926960154415752,4.058282093989301,3.3808687303615974,2.780538932810193,3.1549264983192638,2.6521832381653505,2.703154669358676,2.274179763267681,2.9919913241272886,1.6390733686865997,3.288458640357437,2.714232776906826,2.916620143038576,2.7682282993176996,3.5740066951192153,3.6275574086749462,3.378514427378975,3.6053203918126577,3.4846228601116938,3.167899945707261,3.249824882125714,3.835180070007879,3.592420097737593,3.230145134219933,3.09805595164403,3.11465907923875,3.2758881050050537,3.686285302630666,3.440738920646194,3.719982147776044,3.0114874438890795,3.3478385292003146,3.6445906751736104,3.747935300382766,3.554219795277846,3.474006593887086,3.8627149471802955,3.825561530933137,2.877864241196046,3.75295144411064,3.357280850485539,3.2909893139657305,3.1826180329675475,3.348062742021915,3.2446061008821605,3.114452643801047,3.421064465677703,3.4378865355123827,3.2205993888100646,3.797875348964208,3.8631658021543624,3.6616144715416916,3.5262717607794376,3.6880775307552875,3.1999346312738592,2.8090614635394715,2.8657290175079466,3.5811227076650396,2.6262628240564916,2.8727704130420118,2.5424577616255615,2.708121487870066,3.0711627243147346,2.8593809418963723,3.6220312452230328,3.194957589876497,4.009326244231312,2.7731096967420115,3.227067994837731,3.9360837180288017,3.658540133839886,3.240081936976388,3.5731279682274324,3.879762789998942,3.5010966357097826,3.7715550195243432,3.4304467371484284,3.375324947665771,3.6822748769662326,2.946557766541891,3.4856307889053557,3.053033574756641,3.801217834913798,3.6124630021271473,3.7716546101824777,3.6357621162061733,3.517861311780792,3.8615751692813767,3.4793132385409606,3.316707386540645,3.027935031425231
3.5923884277361413,3.6024653134111357,3.126084501999337,3.5519549440870657,3.260356366697302,3.5202977349838775,3.4131289911654537,3.23390765032532,3.3781422238564294,3.3692650244206956,4.002638405236559,3.8388329877672756,3.526662101325181,3.7734931780271337,3.135974563449748,3.3823503685266596,3.5262667386920024,3.1943122684419207,3.288458640357437,1.7512076817223157,3.5626702504732277,3.64254826579037,3.169539293576461,3.5752518418468857,4.215167001666827,3.913109015115636,3.418980069767137,3.379454324287041,3.8002074606020235,3.245471073940197,3.9453180650151416,3.617284132004111,3.5488570593141264,3.4000167266865002,3.2572169123060077,3.13149716622329,4.015775847115677,3.53426098530636,3.3987846022469705,3.623517878224802,3.322620804070086,3.9140484192510665,3.6268073380328643,3.9157427884003657,3.5856763510845493,3.700043876113958,3.7856678097787477,3.2062850577301902,3.837374003859707,3.4553776190032965,3.8819974906794745,3.2280823689605698,3.5248986679615624,3.6352319002655897,3.326823134600165,3.693454208764823,3.5531770768566773,3.3301983029434457,3.9222436139286656,3.983104614767687,3.759816050346723,3.794948599106478,3.587133909525645,3.403685141816402,3.3841526506275565,3.14626763124813,3.526582076661612,3.4499095185417246,3.5154234450661517,3.176793443293834,3.1401374249854053,3.7076977992473608,3.150546472909565,3.356005511892457,3.517133003636032,4.062334517005448,3.690501183567753,3.4849081105872424,3.7301970037233723,3.756707757131809,3.610857187803319,3.487295523513654,3.612339185904073,3.969717693049339,3.753332180390588,3.2147287558628994,3.9849482621998975,3.216202064303362,3.064293946883559,3.5011186729037287,3.6079051941354074,3.633565793814806,3.580970290011773,3.9042380693723753,3.84036993111164,3.6821549589365494,3.6609990507841204,3.11933725399167,3.0980366638682373,3.191559352051387
3.456782603428442,3.3262893826859896,2.9813025107217426,3.136942963304821,3.4225603853040663,3.3852332152182028,2.7745332762698083,2.974257202209064,3.068815347060039,3.3133114984390764,3.708517942507443,3.5133397761001874,3.3254554621118557,2.6518556406373963,2.789968959390259,2.781986502542725,2.3322258576091506,3.0251932493638662,2.714232776906826,3.5626702504732277,1.559969508267441,3.6754500220351516,3.2792050458534625,3.810938378404883,3.9985221489898586,3.8683609311734535,3.9106674369865324,3.3603810243175984,3.5206793797098492,3.6691901481534717,3.6726724670678457,3.900438309583912,3.4885106000347417,4.247982017803457,3.8918855468196476,3.346718905033738,4.18989194367566,3.7462418076931034,3.972061165167702,3.1066120582650933,3.7419390070545675,4.085158087109905,4.124686663992236,3.7859894713077584,3.73018445823678,4.029991608123966,3.955514611052561,3.3888559863509644,3.4087051080253654,3.869556943316986,3.3723441150000117,3.8022542359936327,3.4104959104764223,3.2962586013524984,3.121763365245056,3.204583984975028,3.3723085529276204,2.9908285746292016,3.6743955685740244,3.9869939137957524,3.8588714234138375,4.005595808829829,3.7545002746927305,3.624556594794854,3.2154293718551963,3.6967749022414447,3.4266793448877437,3.415967641275336,3.6630372499527244,3.226839294294373,3.006735796572263,3.7451602302469533,3.325846332475492,3.6019414354628574,3.4578301643663925,4.068508022855648,3.2434757597871635,3.759687326757393,3.346946893529269,3.7154020866687487,3.595192519092181,4.310444131062164,3.7222537010902945,3.6632791097612483,3.522831863982506,3.859150713810357,4.110748026551892,3.66098096645566,3.7542176897618655,3.575812927357391,3.056515502585441,4.037658040018796,3.527516330891203,3.971411363477778,3.6581937298386857,3.8690552046068447,3.8737453616556388,3.83982697459848,3.4753376574673727,3.5272205105185215
