0,1,2,3,4,5,6,7,8,9,10,11,12,13,14,15,16,17,18,19,20,21,22,23,24,25,26,27,28,29,30,31,32,33,34,35,36,37,38,39,40,41,42,43,44,45,46,47,48,49,50,51,52,53,54,55,56,57,58,59,60,61,62,63,64,65,66,67,68,69,70,71,72,73,74,75,76,77,78,79,80,81,82,83,84,85,86,87,88,89,90,91,92,93,94,95,96,97,98,99
1.7099151945822235,3.741030169361245,3.6157658112696875,3.9683715853519224,3.846258959298883,3.8761347815360288,4.064573434808713,4.071371055570897,4.1230369673319585,4.167703737256376,3.855990495069943,4.069177126254359,3.9242866177623537,4.055851337743962,4.010946790584815,3.447077974015214,4.0591008479900905,4.038508715862447,3.9596677076179025,4.115802242211922,4.0051849087078395,4.160777736640414,3.963196475107476,4.059594193655119,3.731448686654921,4.0951254942356785,3.959020598655543,4.09170272567414,4.03973097717414,4.10141530168393,4.21236514176887,3.7145632417193775,3.4893201573733825,4.114792432792616,3.7922313688410463,4.0576230218081,4.033684074618614,3.6698601830717292,4.001144132001823,4.174833820498516,4.132010224286366,3.9100464319481842,3.9390303912053333,3.9215064927194376,3.776779518791724,3.919991390363609,3.967696809332498,3.8260484180207266,3.8403059080769393,4.068448597200776,3.2435409285910968,3.926406216275905,3.7335541564295744,3.9816331138114998,3.8495125558899206,3.684847243490675,4.187191902422722,4.0404635040109325,4.222856648070479,3.8886967072496366,4.105523504236364,3.820303526015286,4.2415437846041,4.07544067511525,4.108916334327411,3.9619970692288304,4.033547806735002,4.220105189513331,4.212727373614027,4.14651720770394,4.133377423579181,3.7426421575931514,4.024231542449207,4.347940889704216,4.071010628674265,4.0800950112949135,4.15829505939981,3.980589180194928,4.122374752117303,3.7078716562474483,4.071356636970643,4.133900941970342,3.9239383788390727,3.9493128965432853,3.832924677449664,4.061623711644003,3.8943438886409405,3.843132341397744,3.969688886873617,4.092930187859852,3.4498361418857826,4.0566405006050035,4.176252090194049,3.8609700561570763,4.023196915340359,3.9250081570508195,3.8567803389688518,4.031821738204969,3.5548268661554667,4.039420393206551
3.741030169361245,1.5796355492154817,2.772235728677244,2.976983258069847,2.555799807038214,3.3101677043405218,3.631240402232945,3.6228767179438472,3.4392835389071363,3.6093646881411883,3.8274392147701164,3.8306158622775004,3.5975470600630364,3.805859587355122,3.872558867308121,2.959383600338285,4.025370308290094,4.053910713763304,4.149395243266016,3.7109868725663047,4.004167920414512,3.945651739910374,3.5662771024626907,4.102353165466892,3.908943942464003,3.8916713618958787,3.669763766065896,3.8542342332810966,4.141462202607673,3.572786130447765,3.821849543856225,3.895505703057007,3.7297154496238907,4.0146466766292,3.6188173310101086,3.8968075501829693,3.6200960164203284,3.631984119626138,3.261517300721781,4.002970913445391,3.7529835194747334,4.034711587405725,3.630198677586249,3.4668455559328795,3.581814658243941,3.494085632201995,3.6198386046817914,3.6991891246682282,3.8749522985230387,3.6573523630005043,3.85076526718692,2.6777484092055457,2.7660471741406973,2.7929027072783583,2.7532806430874173,3.3440273480894382,3.5510142234388065,3.78991296410358,3.989443687939048,3.815676851199476,3.9281111974069245,3.466481367689051,3.9816299245989715,3.5755598855871225,3.8096211574717023,3.7690989800772785,3.5262831227102165,3.839334746705185,3.9300372959339427,3.8527884040293374,3.8667900197472114,3.6262769207710237,3.6661137346292088,3.949564874265885,3.942337711991888,3.9662257289571947,3.8579231306959754,3.681694803686511,3.723216482454342,3.9675400472857634,3.6139731019021997,3.563542290747167,3.8434710568694173,3.656393057056879,3.5646339526653334,3.693957703034565,3.507536034487832,3.6789748596278935,3.9972804772487267,3.5238179176045406,3.809999863317753,3.866167679343381,3.7015759721866357,4.233508995855498,3.972029559432784,3.530563423229087,3.386519962978172,3.771304555958068,3.6231707879545634,3.563326171259228
3.6157658112696875,2.772235728677244,1.5017181836360254,3.4293252531847362,3.2646090556735237,2.932988679174389,3.517406500498065,3.4959966561571334,3.4044120268859968,3.7128904295705287,3.76693719675248,3.8047716988969924,3.76791366680065,3.9517185382484734,3.9911162745633395,3.310829089815172,3.9755296449909316,4.20573434122931,3.9823767996162407,3.973197877191749,3.6521603030243286,4.241068881504476,3.9029135028565154,3.9370560613805967,3.8378696286915193,3.7959496238839425,3.955520160796127,3.8454437231041787,4.111371486701629,3.979894824261365,4.046099753784814,3.7837825822382194,3.7901401095567397,4.172873853907095,4.056218413564162,3.9647907821273125,4.330379380143781,3.918219425870393,3.7876940157621513,4.271287129220839,4.550440194586234,3.8137863149490805,3.8836540677757623,3.739475025585345,3.907241064713298,3.7415976459066336,3.944107956789624,3.810244364616403,4.091099155816468,4.311665645808087,3.5999161539546916,2.6330788013474664,3.322682595965784,3.5295628368879557,2.48609998522914,2.92357033465074,3.532000291232792,3.7405006682740867,4.130589194585767,3.952175355625279,3.829545988994654,3.82317208326885,3.8973902213751725,3.8168246092143057,3.607443597135849,3.9343994819994914,3.6475051062533637,3.8282091264249294,3.964881326300954,4.052776285434853,3.62304755857852,4.183783017945896,3.906756213956881,3.871035975152863,3.975936063047519,3.7496140144810317,3.8792459519081515,3.855572183099506,4.039178891840298,4.031458717411289,3.987734854340048,4.2233800798786305,3.7883428320102945,4.162800223971498,3.8851702361586646,4.004142857410296,4.320705972399889,4.083955675532371,4.259640496328855,4.091485790381448,3.8548674174763615,4.18711639883907,3.960202888699244,3.715462459173723,4.118516769713447,3.8252166058920953,3.744502404736285,3.8479323126517317,3.785891824780347,4.375212679983588
3.9683715853519224,2.976983258069847,3.4293252531847362,1.6320985364019651,2.6151599034985256,3.7689393036102086,3.552996732956561,3.5428961526902985,3.579359094305095,3.9274679594193804,4.034060641946387,4.156510823217086,3.9152106424462496,3.9198953735835724,3.7411968888656557,2.780605684735789,3.9636283045877816,4.13437080328434,4.0173354358546405,4.261833463791244,3.937989950131461,3.5479863310762845,3.6993519002730064,4.045960789743364,3.9085556903395235,4.238944045138485,3.769742727142865,3.8209685640746374,4.028313392560037,3.8217464372036996,3.7121526899646673,3.9898791183400704,3.8265480591216456,4.140076973000321,3.628704544343935,4.1229522271710195,3.8587233760501376,3.810201016485476,3.769977200344783,3.9248037370745577,4.255049712187218,3.9661255513277385,3.8752142171831347,3.5688137882519753,3.625542673570941,3.585688266255749,3.5813818851566173,3.8779605880273893,4.1203932105044325,4.024246907213525,3.7321316542841667,2.9955669299516288,2.878919519376577,2.148778448240833,3.4087131949344265,3.314641802377654,3.3951577314941437,3.81596170142161,4.307349865862224,3.9019053814747227,4.188471827865308,3.8805571670236194,4.111893020095895,3.750444512702997,3.906943000753163,3.788576982324039,3.8648180534414576,3.968291951400113,4.062280261247207,4.086973381195506,3.877644942009731,3.878408143980661,3.8151399278334184,3.894028460222853,3.8888916908573474,4.18218431255377,3.9198386312006037,3.7624748398115124,3.70039319006581,3.992681589647264,4.016711808415496,4.156407909944152,4.114225728158541,4.038500327757466,3.919817482959445,3.7999967419155847,3.784332356644855,3.8460485260376,4.208767153861497,4.086881312989667,3.907358701307135,4.055544646411205,4.091832352499481,4.279246521680169,4.20602184947347,3.830797930351828,3.6494550691972076,3.898178428516597,3.731889761190771,3.878318665882377
3.846258959298883,2.555799807038214,3.2646090556735237,2.6151599034985256,1.7261335889068894,3.1846993008138873,3.3061565238824904,3.3303224846391735,3.1507627443156094,3.9229211590019517,3.6117124916399748,3.539724446499757,3.181145626615053,3.3870660879083854,3.323888218455586,2.84208343129159,3.4242194439334437,3.5322330357953873,3.660640094950044,3.6093233900513693,3.6789899833215047,3.4526617486255624,3.180478068339428,3.5773973925222884,3.8652186606546635,3.4753417806897917,3.3380358151905307,3.3995706906665175,3.646041652552879,3.2092693422663157,3.415120066442771,3.7254719500631133,3.479634490109423,3.6791285200928576,3.350436954275996,3.587363391344524,3.42700336778709,3.6039360936348594,3.455162180679008,3.4421168231918893,3.810378987185934,3.742361532956124,3.6278834915892215,3.477032151235758,3.409056702683463,3.440753373189656,3.4934544230457716,3.4827837563171444,3.7967805501631644,3.7464344500043283,3.446652064342143,2.900574911765307,2.9237669128220984,2.493950178837263,2.623727537253125,3.2907523324855292,3.2891442951825325,3.4103165064739653,4.001981259037474,3.7256288022974724,3.577516348370618,3.2351474667822777,3.347548306178087,3.2194781213475907,3.379396685583559,3.2591534001555917,3.5361523133540347,3.5877707429630563,3.7429545376075684,3.611870723206474,3.5168641766444853,3.3595633514625147,3.216735664388056,3.580006328579774,3.7679487639763525,3.7702503002833314,3.4210706229563006,3.204573840804592,3.3992241881769205,3.6049241220023567,3.7292552968337698,3.879230163377032,3.5957865062289525,3.5088281211487193,3.264506710111812,3.3678489586221074,3.5143242556992558,3.2420493953938267,3.7078116068582596,3.749770772449928,3.6039659220836118,3.8437078650473158,3.637237746683688,3.8064770154902656,3.646964218052644,3.7866940780794813,3.3908825686560147,3.485343608842224,3.4431363490866813,3.687794725732725
3.8761347815360288,3.3101677043405218,2.932988679174389,3.7689393036102086,3.1846993008138873,1.6374191950396249,3.28659982242035,2.967912397309958,2.919726441913106,4.076881537242407,3.724528269471526,3.5929242867818343,3.5195510775929737,3.5016920858173113,3.693328677501965,3.8111705750408946,3.8933990027275915,4.057087679803327,3.6894823526914133,3.947957431498801,3.9866043647728806,3.917775927596334,3.6647708220303024,3.7585877871245663,4.007401632184777,3.767343155057833,4.007273064402772,3.767629404764085,3.933890117961442,3.8036685547863036,4.16675707943115,3.9706365916540243,3.7751389305565124,3.9140516118772655,3.9577382086826782,3.6014454721741207,3.875488734637849,4.019854808444517,4.007735570376521,3.8711370503509417,4.061714756475505,3.8841395038984827,4.1141970451339285,4.057827974535287,4.135392581826662,3.7479713560134105,3.7464885676821,3.646634938260066,3.509252340359559,3.8737060163397317,3.939271448215917,3.590283017108066,3.7279378218989154,3.8786320041474385,2.5268013682578996,2.551546559549723,3.4854091583931663,3.2363396416159294,4.1171178892409594,3.7895123955728645,3.9406430586986634,3.3871339873571595,3.7707264582347224,3.98980734579909,4.021403590150753,3.7028913812854043,3.559629788309245,4.054469350393808,4.130830156551118,4.086235389553065,3.9737075675826445,3.9483721259870492,3.827432915696212,3.8218669924265853,3.881216020192145,3.834679671806998,4.005894454452457,3.654241642802552,4.075485159951076,3.952066352456435,3.843097967671287,4.006074075100147,4.097434306684419,3.8473862856683656,3.9764846089949955,3.8256014618186165,3.7443326891119963,3.824005882021512,3.8955656425662353,4.081184133385436,3.9333057323017826,4.1099325125824135,4.389698553595534,4.159930086925662,3.9438770950332316,4.029612878850284,3.795350486713296,3.770674088342613,3.5853971389430197,3.927713726839534
4.064573434808713,3.631240402232945,3.517406500498065,3.552996732956561,3.3061565238824904,3.28659982242035,1.7435403560078495,2.3316522413559166,2.9594929170589195,3.413237744141364,3.3917015993982313,3.428398666633884,3.67457137626836,3.459884318831198,3.4538321617539722,3.391395594456981,3.4832735051897146,3.4388103432221357,3.5782139974296086,3.8282788984495544,3.4265296113249826,3.571520524366463,3.4216622841183573,3.4236423041956243,3.6350017768817176,3.4746884150812107,3.524782622121129,3.554606173009104,3.7757456482077396,3.3962358535784256,3.8428364982071246,3.5745188932874212,3.6872894902340034,3.8540181094895347,3.6797784342237425,3.4369334901678203,3.8573485107158505,3.539146303073939,3.53447255401832,3.2312391027127467,3.4619536072515404,3.5342716530638687,3.7495147743585964,3.8791591425001686,3.5148362643269198,3.6591789810647795,3.4790367857394027,3.7179275272986674,3.652260878591104,3.6068247154577415,3.9546365567991257,3.3501358295107346,3.2930575061149576,3.4691268790835528,3.095941879782082,3.0872275659773387,2.511244711126925,2.897719184034503,3.501740924420492,3.4897301484326055,3.3983851748287544,3.648003584829637,3.6643637853753797,3.2764829725143874,3.358601462552492,3.454461807238092,2.806766525030076,3.5468710102587204,3.7892491567320024,3.4578581273844504,3.3940322786260695,3.6946098993667915,3.2922090363629715,3.296988249202987,3.4293088215456167,3.6921402656066604,3.378223448277279,3.1868092957115937,3.714108831578434,3.4234101141240267,3.5864020355857846,3.6273430707608254,3.8193672281241158,3.7346286477010606,3.516037253594841,3.7776308222735113,3.7356356345475925,3.654977982865034,3.4025103722311614,3.5128041943422263,3.8379148162790124,3.6931853507680743,3.6894587732880755,3.635311803230155,3.8373664399414023,3.7771196248860153,3.727676111971565,3.6954470172551903,3.5434717982235684,3.628502460025168
4.071371055570897,3.6228767179438472,3.4959966561571334,3.5428961526902985,3.3303224846391735,2.967912397309958,2.3316522413559166,1.643041971020162,2.6881523884040166,3.9822773785749246,3.574386220765933,3.5767178720440667,4.042274248183367,3.9029118314403117,3.8482454744117325,4.2152441460284225,3.850474592171219,3.909468898802638,3.929507228564284,4.043711017730788,3.8255263381186335,3.8579347015801075,3.901787734665281,3.8129778298877897,4.2029040031342335,3.916322925303263,3.933114284865923,3.809137383395119,4.076654152253182,3.960779404952553,4.025723271956748,4.202616638515634,4.107126706166356,4.181231816614503,3.951983799118544,3.439138858513226,3.8308684916186118,4.391992957866975,4.162052946704903,3.5712169897418167,4.1456100790537835,4.105557003010554,4.246367893752719,3.829274901233316,3.945669148033088,3.9055641247028365,3.7704000385576366,3.890398191975131,3.9354258737717633,4.041869907723621,4.524661448400027,3.781017460446293,3.9020373095196805,3.847027177198191,3.185472504761007,3.15756735676675,2.5369201522050306,2.443970938944393,3.9520981934828745,3.7760206269549204,3.6880736653206267,4.008212616326025,3.9614364084962492,3.896426408185212,3.838144269457032,3.992684579750252,3.261863825980545,3.9065701144193596,4.149216176348291,3.964269341380848,3.9147664337668893,3.9407867332064734,4.0910604204426635,3.714678558115718,3.618461135831171,4.080058779602198,3.8631540752869205,3.953039956637933,3.9883594017548942,4.126991412432405,4.094195617669725,4.260879365060605,4.0738510234497864,4.111197336911328,4.045331792381977,3.7819810949068895,3.8897341071718032,3.8184648549784113,4.007719658682953,3.94632249899088,4.26143146437329,4.383634492294405,4.35001856879236,4.229120674328073,3.9828274066851677,4.0057994129831425,3.907897400774452,3.9172479630463597,3.4753241607321708,4.073976365755106
4.1230369673319585,3.4392835389071363,3.4044120268859968,3.579359094305095,3.1507627443156094,2.919726441913106,2.9594929170589195,2.6881523884040166,1.7871995329621526,3.477251936205906,3.310998713562681,3.1878107728946294,3.4979138439751125,3.2324868539931466,3.426559141306852,3.7204581918737816,3.4140899171106183,3.6785167527848532,3.370936260799963,3.6461693969695377,3.249832136968841,3.7839761684082456,3.5586086056439417,3.4347167964353242,3.6876236306111028,3.549145962060173,3.570707082241821,3.5419911401660777,3.6197774015734168,3.5877561111461143,3.6653166567363975,3.674044668876475,3.5391622225072745,3.86191993630447,3.6216034035594706,3.0464285945432823,3.738410045861965,3.5997519277755834,3.317891250086041,3.1026332625253104,3.6476407501734074,3.4010833702952423,3.691498385442118,3.541354267682414,3.6569890777856684,3.597727866406573,3.548990484520394,3.6909881786651044,3.413444048588404,3.730303623701875,3.8164579955091593,3.519560612259629,3.571226268137675,3.6342561554021438,2.794805321916772,2.701030111551549,2.7815015163881074,2.402643762464187,3.5993136970338946,3.287217454000888,3.369150000907569,3.4669656976313714,3.4852684528232434,3.4997384753529044,3.523909197641854,3.507538467863405,3.2288006163992846,3.6982949042166307,4.0828608242538245,3.7434406651285714,3.256448267873138,3.6095671516509644,3.5195790518811823,3.005876219495929,3.443823482103666,3.4998359585190197,3.375886401709677,3.4958844873088273,3.5850695765701226,3.461587703487206,3.9542686558563886,3.920913927677218,3.5471783139341166,3.67176919945488,3.6175406555259997,3.680829268919529,3.762969069394061,3.592008164356807,3.673623378540136,3.5675657116450625,3.6808336488646223,3.623773734824768,3.565169050839813,3.6119318623991687,3.6236152043982357,3.714073437120146,3.632999627510834,3.6913068754964233,3.221989723626579,3.874348589491503
4.167703737256376,3.6093646881411883,3.7128904295705287,3.9274679594193804,3.9229211590019517,4.076881537242407,3.413237744141364,3.9822773785749246,3.477251936205906,1.7295418256391573,3.612622151203495,3.240621525879772,3.99989390629391,4.217888170828906,4.01143998131882,4.027868582567617,4.233480880231436,3.826624378048693,4.060717102983537,4.164027620208411,4.194975464247043,4.292268490306088,3.9778442124270614,3.743576300774507,3.7914189424103015,3.9912622910318407,4.0668293063835925,3.854370073065219,4.050541749022837,3.9336743888580643,4.203481136642074,4.161342843936808,4.334631545975741,3.8727054877057983,4.181701060295799,3.8792864866779,4.157409151332093,4.008685051423965,4.17770815000544,3.8420384510024657,4.1643924210985785,3.956493376233217,4.354816872453222,3.80501719326783,4.0145807140768515,4.072182339971618,4.2136877403369954,4.055460927477686,4.164984117017908,4.331136796658486,4.483174495571131,3.9059072069469356,4.003808376753179,4.047066558709094,3.5496010932173143,3.4764023954651893,3.7617535465092007,3.7004579774685133,3.54253587389359,3.512132442978993,3.8875856345764497,3.826949298934939,4.027090411205644,3.929217017858048,3.90769256843779,4.12555147833148,3.6689166954621237,3.981348489108493,3.8394160288038943,3.8977721917103323,3.97398850818447,4.108401853965524,4.13923284286093,3.736355553727684,3.8218438902826306,4.073351153712897,3.980005781770947,4.024760977467282,4.22530734372125,4.129305607684589,4.046570553385029,4.269133052987791,3.9897627332065455,4.138872808746344,4.071543733387244,4.097008171090607,4.143191357689239,3.9354721509512536,3.9256292469344722,3.9033202576891903,4.075366888322214,3.918009797811817,4.323149733571426,3.9091174760781064,4.088796461390355,3.9180870317154213,3.986713715060459,4.0145549226376565,4.039533454336008,4.133646500801111
3.855990495069943,3.8274392147701164,3.76693719675248,4.034060641946387,3.6117124916399748,3.724528269471526,3.3917015993982313,3.574386220765933,3.310998713562681,3.612622151203495,1.577503250457603,2.9340440412690456,4.050108221414647,3.845103035993984,3.951975108309251,3.6360868917515674,4.15707451649582,4.119500586080866,3.9924818301618346,4.071390239186761,3.824430802498034,4.110483920696204,3.680499954641658,3.5706397551892066,3.929703106902518,3.593962106107878,3.903303161652808,3.761818351335615,4.061109585053839,3.6124772783373644,4.132649977262001,4.168022265482379,3.9162716451406014,3.946103296178524,4.217851467001618,4.001746362327487,3.9297545884482727,4.073475249671741,3.8339026523324145,4.0602601024615455,3.955484021972886,4.070248416235509,3.982396813337936,4.037060869132112,4.1312461378545695,3.9118748868757156,3.9996691472827863,3.696260423877322,4.053295316107331,4.094000436925702,4.006134258115453,3.6009529006130125,3.755571261008868,3.830793700085267,3.5058345417924315,3.777017923258051,3.70884964685331,3.700365831961577,3.9667994637861366,3.5206422552249004,3.709890092951835,3.873481704363695,3.91831645877906,3.8807390634455747,3.7176893831208915,3.9662300674385795,3.8305446452433736,4.094186696068642,4.379524487861401,4.301572820868306,3.856343709679165,4.029976475669117,3.651136465321844,3.425992403117918,3.9693594246992587,3.9553670700032146,3.9623373076066413,3.742480390199543,4.021441545818147,4.16613627275486,4.2898641385697776,4.18758846554103,3.854868018609199,4.1119280298136225,3.5001577039225666,3.870199463390926,3.8859228458604473,3.7203552308988335,4.238180542010041,3.8686487141539323,4.00629627678443,4.248933130833006,3.8727971142025623,4.130790684401133,4.051038922850456,4.010643681791183,3.7120640201074124,3.549434491651561,3.868439567774789,4.178074647321886
4.069177126254359,3.8306158622775004,3.8047716988969924,4.156510823217086,3.539724446499757,3.5929242867818343,3.428398666633884,3.5767178720440667,3.1878107728946294,3.240621525879772,2.9340440412690456,1.7390935431387449,3.3864732181679447,3.706605166724643,3.956639052046159,4.177828608842071,3.954096267516077,4.13398308098166,3.975104734141395,3.7780717645879935,3.8056940011735643,3.9689876157284654,3.8218268325716482,3.5463131807770263,3.9145951165432797,3.472947034715712,3.9319530098335336,3.882847333571132,3.953911594515065,3.8071896710354465,3.990674091845926,4.105433466135474,3.948676203973779,3.9663614591665466,4.0734082180556666,3.9452435998581814,4.208048855789842,3.939074996548697,3.742188022330984,3.8875049885461594,3.8326466612478938,3.8746826997107195,3.912987068488307,3.8037489500517916,3.9121858886309626,3.899360549215549,3.9678284924297795,3.9344139989326288,4.070344738312719,3.965833426181923,4.179740457242167,3.7451406793361492,3.9134629165303716,3.78737400753398,3.492030687300769,3.6731638061515506,3.834504794483128,3.5759832498129542,3.51359573120491,3.0110859403605317,3.3516340753290454,3.4909236774463346,3.7710618216122103,4.005950897315137,3.8216500862039746,3.9750336092040737,3.626796037005947,3.9961452039657623,3.952731494470012,4.098765722251842,3.821906640277762,3.958680275977174,3.959191112852018,3.687497361393751,3.55338553163312,3.5676683704604155,3.8394062351655887,3.8031845706922303,4.086116814305282,4.018458532950243,3.872349170385572,3.830929154585053,3.9764379645809145,4.006572119946674,4.072426378190049,4.091915923421936,3.966345791350258,4.059945077447904,4.106614745667526,3.6577602025617,4.091728194790902,3.970261637114922,3.9204382937662183,4.026176069815818,3.9941794538917343,3.7633511419002716,3.8422336294823034,3.974159867745864,3.8140246216040556,3.930083616954985
3.9242866177623537,3.5975470600630364,3.76791366680065,3.9152106424462496,3.181145626615053,3.5195510775929737,3.67457137626836,4.042274248183367,3.4979138439751125,3.99989390629391,4.050108221414647,3.3864732181679447,1.594482834279532,2.948558551652493,3.2042154566933396,3.941073815812194,3.2165307264603715,3.765666985624178,3.3024148400863664,3.704880475574962,3.2650327771427334,3.6490207828921157,3.443626416680528,3.5577417131525193,3.668695584263966,3.70957517011761,3.7729187173334995,3.447992747351076,3.4253804423995495,3.5348960026035705,4.045266954041362,3.672687347568957,3.9376610907547427,3.8494044131900123,3.9778660576959886,3.7693318444762154,3.5285726996349083,3.8116434584568055,3.5220448703380436,4.06672373626813,3.6362261133201574,3.7866057982187558,3.894929359689883,3.758987628517109,3.7784912703023115,3.572783642697234,3.6885956340826165,3.636724842111774,3.8208803354082725,3.475171742393906,4.1247267316205605,3.2222654872031957,3.631649933616807,3.371727637158162,3.1200676307712585,3.7268624578247356,3.4509177896451906,3.7359503264106673,3.795282286234722,3.6714539798762242,3.788976514699186,2.395963195585647,2.936966407874004,3.557124623192558,3.3288308117445435,3.3337541419125674,3.8422723305298807,3.511046706034637,3.6773549326836354,3.744433701320575,3.1800018039913893,3.7116933296020034,3.357851858106949,3.7461237142869357,3.603841188372737,3.760387394991865,3.0810344323264034,3.1409606464807007,4.039204577275654,3.9622783649369455,3.6179410443911846,3.787697550819503,4.101955848415321,3.992178279870095,3.704071457062591,3.5924661022595163,3.7682671622752997,3.5654239095525564,3.7560876497302855,3.4940856628112527,4.069014475546683,3.9334739431053936,3.6471448643999254,3.7379994619434678,4.134006218862681,3.8180056095829418,3.541095438645449,3.646897091805312,3.7800505588886906,3.660047537425309
4.055851337743962,3.805859587355122,3.9517185382484734,3.9198953735835724,3.3870660879083854,3.5016920858173113,3.459884318831198,3.9029118314403117,3.2324868539931466,4.217888170828906,3.845103035993984,3.706605166724643,2.948558551652493,1.6394467209395238,2.46488456913603,3.738586126861009,3.2112718996373064,3.4333025890419733,2.5778443261238695,3.5147341020550145,2.6424794863633645,3.554385997461078,2.883622282643268,3.8501179345364593,3.5762202587432874,3.9916290772993577,3.3056031044737924,3.066104581359416,3.0143882690125325,3.0781001741622935,3.7429540275792172,3.7833058057424225,3.563835323007164,3.7777454441448,3.697209111469635,3.657145213879853,3.706129857174306,3.6485261207097275,3.589958238428693,3.749462430109841,3.725856145226967,3.5076224471046595,3.8302319529681603,3.4921808250371003,3.617017236366389,3.4958098471774557,3.521437596743159,3.279189280625724,3.792196657312375,3.9104282929340486,3.838474343535227,3.4422920976156406,3.656164276166086,3.8302928487777943,3.0533472063684157,3.5105464291011765,3.7952992151194396,3.6093688550790977,3.7348567833197075,3.705045271844839,3.7264583103133457,2.9998992239983027,2.502673856380712,2.6521550186168845,2.816655511497741,2.5822409780466304,3.7227055050258615,3.418458098895061,3.695284933575194,3.645659718747027,2.657996515365583,3.4405664680055734,2.7841432622620013,3.869275706851602,3.485656909661786,3.6873691189179363,2.9066084153641008,2.4791913713701677,3.692723450800512,3.67172000133765,3.7975155645501033,3.9736634210186947,3.5409095126387293,3.3488840332354224,3.0621250024182194,3.3356257781523015,3.8569298996510812,3.1437265410990634,3.7651096557802273,3.6720847667188465,3.6987747607217667,3.614914565149528,3.640018947967976,3.6784721561913982,3.5408434656803234,3.4414102760304726,3.4345223132012235,3.269594606474042,3.4666365081166366,4.0290328444106684
4.010946790584815,3.872558867308121,3.9911162745633395,3.7411968888656557,3.323888218455586,3.693328677501965,3.4538321617539722,3.8482454744117325,3.426559141306852,4.01143998131882,3.951975108309251,3.956639052046159,3.2042154566933396,2.46488456913603,1.7687069423790143,3.7205094753768186,3.53224641041353,3.706063002032332,2.9785897286174885,3.496867997629999,2.812096033896099,3.7319227191733995,3.0719658265518452,3.8702127829890705,3.9651208938499476,4.032320427211854,3.5604469868133544,3.0819449317503187,3.0643739026563352,3.320699891519113,3.8718420809870544,4.077551899822969,3.7062657216506945,3.9452578801346463,3.6487138092343816,3.5934739224118895,3.795298439135208,3.850095729301104,3.7407687815947734,3.8776419759949596,3.9079088107004987,3.823069473279958,3.7463274513277756,3.9056785633667377,3.7949355972662366,3.6468812400504738,3.665849509417641,3.410114718177377,3.820069975457238,3.9751675575911767,4.022927357941248,3.634656501760552,3.811783344475491,3.9172998248445583,3.441265329264414,3.765728423473196,4.090542130789592,3.858123472946127,4.006939956590271,3.850339469378034,3.8435726134472525,3.841420695652219,2.8445312412294887,2.957494912861589,2.8834385828821727,2.3216853980233636,3.893107029904901,3.619295695516078,3.7798261588036377,3.7112062113625552,2.7418707025227627,3.763533132914761,2.9316788218301566,3.607226926649267,3.6816183995756124,4.104417193342796,2.942794045936043,2.644899394733773,3.7858810997381744,3.8941313735016134,3.9142536422621337,3.9668180637337205,3.898095427366522,3.686117609434787,3.495736657501385,3.6695791540347433,3.6840288318713785,3.115094163822293,3.7756643402836385,4.049677857724722,3.8764936855319667,4.182513568029634,4.051215285833872,4.039024490826445,3.6981358373575777,3.936801684394567,3.644123179156948,3.430884011394445,3.7141244398496287,3.98997795384008
3.447077974015214,2.959383600338285,3.310829089815172,2.780605684735789,2.84208343129159,3.8111705750408946,3.391395594456981,4.2152441460284225,3.7204581918737816,4.027868582567617,3.6360868917515674,4.177828608842071,3.941073815812194,3.738586126861009,3.7205094753768186,1.683559601201242,3.936494417331803,3.9751486063915307,4.008364919657784,4.027917263938748,3.8896811516292167,3.69419588943984,3.5726982885864462,4.009315995229512,4.010729799257654,4.229224077355572,3.533424002724408,3.7387140818411435,4.137513287573452,3.692376170860496,3.8604478676032605,4.145727158277295,3.7793081617724193,4.130402867714873,3.3642453469363587,3.9941352491418693,4.201780965717481,3.474021258389756,3.4223288239431437,3.688942982050754,4.092630687957762,3.841189467158557,3.6117555153112852,3.4772920711257265,3.7634713143489757,3.4857534558577803,3.4417404769893767,3.666992560920163,3.822964636251814,4.000072541597009,3.4515327927968844,2.7963962412213,2.4323592909906537,2.7805423338136066,3.3397394033737657,3.449336936232579,3.3506001383361483,3.800770312451207,4.107160862222189,3.9995830883734143,4.024322592703247,4.032959399964232,4.004117811390148,3.5695899077180915,3.611045801754492,3.9132356774388115,3.5559436325875753,3.7047594492539035,3.9935821125077178,3.878240501383095,3.778299003460208,3.6400556185512416,3.7306017270555003,3.7121082204417495,4.052416674468384,4.068117658270278,4.009285095138103,3.8367977706217826,3.7211350417376434,4.042155145009559,4.067638838958113,4.097162035408457,3.5670198935990807,3.6256733528299376,3.47413161008884,3.6214287905399556,4.060840681079381,3.6028793079900128,4.1345922206628565,3.9528799307253597,3.6154107286483077,3.9853309306961995,3.861579569870545,4.112716261782762,3.792400477492313,3.8078148030191126,3.501823569055163,3.6914715993319662,3.69120028801678,3.9991344563839815
4.0591008479900905,4.025370308290094,3.9755296449909316,3.9636283045877816,3.4242194439334437,3.8933990027275915,3.4832735051897146,3.850474592171219,3.4140899171106183,4.233480880231436,4.15707451649582,3.954096267516077,3.2165307264603715,3.2112718996373064,3.53224641041353,3.936494417331803,1.5080177891622015,3.4133878034945435,2.83003267770767,3.338263850391058,2.98534128604296,3.351049929639286,3.5164788304475247,3.0461795086194408,3.909647255312303,3.7202833357351506,3.735798574686045,3.713008457356832,3.2489720626830874,3.594046827242054,4.042700373278845,3.764400754377083,4.05824640153483,3.539401534042427,3.677871116237685,3.68129035291091,3.7652385968580275,4.141848537543764,3.7224207954412374,3.7018129563935465,3.6855748968643307,3.605357879809629,3.9189177588082984,3.6621782743264952,3.8169038124227526,3.48557522852449,3.5716374286352974,3.6571252993590457,4.099459960958831,3.86929859840565,3.972846047925986,3.3037483979061064,3.5344173720747363,3.7551294020744748,3.2781472527533753,3.3548266092189962,3.5661672357367458,3.578284871977452,3.990991097145438,3.7416040431205966,3.4951639615201384,3.670976981234088,3.692114365263266,3.7582508776332473,3.6289420154069103,3.713784708133522,3.624498789985068,2.7721725429989537,3.1305374668093893,3.225589478263437,3.2488118057122173,3.768249369641679,3.5940828352522303,3.7556756881316726,3.145395917055643,3.826931769861498,2.853631873547835,3.4655413204281014,4.0114208095985315,3.774096749800554,3.346354408183963,3.655166873666509,3.9910459361254307,3.8784830420881145,3.9784233554543578,3.607745946404479,3.687554929866743,3.6147121489544713,3.5273494381418122,3.546505687745574,4.118618721175298,3.9751415518781728,4.0022937279725195,4.054285586737825,3.8481446814946625,3.825471297047413,3.5390489389494686,3.695797610812625,3.6745390302560397,3.801923210234887
4.038508715862447,4.053910713763304,4.20573434122931,4.13437080328434,3.5322330357953873,4.057087679803327,3.4388103432221357,3.909468898802638,3.6785167527848532,3.826624378048693,4.119500586080866,4.13398308098166,3.765666985624178,3.4333025890419733,3.706063002032332,3.9751486063915307,3.4133878034945435,1.7363556022469304,3.3600418672181096,3.152060540408147,3.336557827155658,3.798275680131761,3.5375188311441343,3.127120697604741,3.4436453988307156,3.7503510003510803,3.8290234318026455,3.732262054246097,3.6712484357955644,3.6755458054012657,3.9456611901887695,3.6561216404808876,3.8282799273565917,2.642139650209726,3.6054323683336693,2.8660375812274625,3.511376368205434,3.7014148421742243,3.506597260160462,3.2809890937567707,3.0239537733279214,3.2712364636944256,3.713982073133197,3.6049868800585934,3.874001756658097,3.6994143942239144,3.6861459567790824,3.8025475122786623,3.600859791206987,3.0256690486096627,3.5266039282361854,3.292335574966613,3.3549740278354645,3.594613738102832,3.2587073368602435,3.481322467775559,3.532737309532472,3.400706451913965,3.789836229762428,3.5325271392470867,3.7580304553974,3.3706255310213833,3.7966066800206537,3.500858062668973,3.5379380970375247,3.5019638571272402,3.63227418369813,2.878303913547335,2.864841557607987,2.2164604721270655,3.376360362701186,3.718530251581668,3.38369227403722,3.543576236908168,3.620658477253394,3.8057991898257946,3.2619447587568517,3.426493356159341,3.846699073297289,3.5947738572914587,3.162937407292998,3.34711862931307,3.810059127578663,3.8676954780448294,3.612139325366144,3.887612907668534,3.3885851553056088,3.614467916773328,2.5609514782281475,3.5161681351522023,3.502453442363879,3.6386421639861877,3.8521127521765894,3.455070822115656,3.7072692407321868,3.6934187479931344,3.645651150896665,3.817785575820168,3.3376633297450455,3.214547271951998
3.9596677076179025,4.149395243266016,3.9823767996162407,4.0173354358546405,3.660640094950044,3.6894823526914133,3.5782139974296086,3.929507228564284,3.370936260799963,4.060717102983537,3.9924818301618346,3.975104734141395,3.3024148400863664,2.5778443261238695,2.9785897286174885,4.008364919657784,2.83003267770767,3.3600418672181096,1.7077126529450404,3.0882542963239294,2.5728682885850396,3.4476526043609277,3.6395882075841763,3.65205193799355,3.611045754888139,3.854384862784465,3.737964071922911,3.557152952428947,2.6518708985313326,3.651620394620646,3.671454746010822,3.669654650657288,3.7930220598378086,3.3534449751441255,3.7238511947262074,3.8112311986504936,3.042535341032718,3.6101523829910773,3.3055999860390535,3.5852137984990913,3.7468266708538303,3.90057413717478,3.584205374232982,3.5115450965847823,3.685973058152901,3.724656407866161,3.7510726845408464,3.8404202382572477,3.4535013585244334,3.442012573928366,3.8005385463965453,3.4118910394784185,3.4570345559681606,3.6212173690823906,3.2540320253188613,3.552153458246885,3.777803056905242,3.734293349169475,3.8027631881915287,3.351055540096026,3.35638057902119,3.131728095805672,3.108825284315861,3.273586782402708,3.003113476918377,3.4395177287489425,3.4699803589864593,2.737089494630038,2.9892517071271647,3.4622283211575695,2.594315983331129,3.5802472668470298,3.502047963744923,3.658301369105257,3.4947800355930427,3.7195089627152114,2.5070913340136447,3.3357933553961483,3.625342140930976,3.737323201962614,3.3546306032232343,3.560152089787361,3.563688351396578,3.4434874383909055,3.5598075467501014,3.712749064684891,3.2186945816586805,3.6282782029308778,3.444838993351661,3.317160752551263,3.849500758692793,3.6898433951979692,3.410136449936294,3.7731191210454376,3.878281905965719,3.707849710299118,3.6984225944300135,3.722555504502297,3.289069217645604,3.2489986459637894
4.115802242211922,3.7109868725663047,3.973197877191749,4.261833463791244,3.6093233900513693,3.947957431498801,3.8282788984495544,4.043711017730788,3.6461693969695377,4.164027620208411,4.071390239186761,3.7780717645879935,3.704880475574962,3.5147341020550145,3.496867997629999,4.027917263938748,3.338263850391058,3.152060540408147,3.0882542963239294,1.8563637265851167,3.1094966943369853,3.6109205944778906,3.5805675968393724,3.1030974226111296,3.3739805490086794,3.4981954692510504,3.559845955103987,3.4535045348364743,2.888966267311649,3.6302795632706055,3.6007359430728387,3.4576008624255836,3.44295919002404,2.968168696013674,3.4921814278165297,3.106650387535333,3.197141578568397,3.4114808189760626,3.5081484799318496,3.610902753579316,3.284580597748942,3.3415130237949278,3.7005374110145426,3.19179048260705,3.337897039059758,3.518361820833419,3.6376012499136743,3.488964577700962,3.2474109304236314,3.3311482222214064,3.7523731004002863,3.5040214650213724,3.4020004840153883,3.3174307338567184,3.3121738652103674,3.246621617546759,3.329096271373885,3.14892709381637,3.603229484457466,3.5426769160590537,3.4387478418761157,3.0824219294284187,3.2592859503588807,3.3775928832991644,3.041939758357984,3.4530242650161043,3.4014924720980426,2.962817093948399,2.6936417809283664,2.8188709891543535,2.9132047433720465,3.4731866337743225,3.536413149367586,3.463096351145399,3.498755220854759,3.4048481439196188,2.873902828560441,3.5480244023920693,3.508962805357398,3.302327544030421,2.926900808758785,3.1606507370242864,3.300484413745015,3.5797758683354624,3.1089492744744986,3.5108428963116185,3.175346591641199,3.287224375658451,2.8961130455545265,3.228783548027282,3.4065775354218655,3.380799482068912,3.4533138301676685,3.387339424639562,3.5649760182512393,3.2012502202586575,3.2344665550614966,3.4527996514062855,3.2150447981319865,3.229524862076635
4.0051849087078395,4.004167920414512,3.6521603030243286,3.937989950131461,3.6789899833215047,3.9866043647728806,3.4265296113249826,3.8255263381186335,3.249832136968841,4.194975464247043,3.824430802498034,3.8056940011735643,3.2650327771427334,2.6424794863633645,2.812096033896099,3.8896811516292167,2.98534128604296,3.336557827155658,2.5728682885850396,3.1094966943369853,1.7386745138768196,3.594528419525235,3.318674488565345,3.3198267438289033,3.3606547366976742,3.3467049697445876,3.412179302157313,3.3235301055741764,2.983546753656538,3.474850617741033,3.5910878496988485,3.3842104499060737,3.288654586941701,3.446882870487701,3.5396218011364944,3.5112512340982023,3.6710104267356716,3.3856495452326656,2.997564360119661,3.469311203326276,3.381896835119186,3.4764560098466353,3.369404763410601,3.4457372696468385,3.4174184842593403,3.431301956655923,3.4666333635670457,3.546116186926058,3.5939195181346024,3.4890530988074318,3.5152502685360774,3.1707296030654493,3.2592361368978673,3.250091991022351,3.108988714533944,3.2099616512181126,3.4265970326461623,3.4307724828538877,3.600765397412513,3.4370607694563593,3.3190000574350935,3.494926670088713,3.2225661499636575,2.9870764510036714,2.6379473550791523,3.1642020340047554,3.3867600347682494,2.6766647315627954,3.2802422759024887,3.3152347455499998,2.3730748582756904,3.9148753283879167,2.999408021893596,3.4675880879186978,3.212364650719161,3.439232536632209,2.762615473241982,3.0315886875095264,3.6325476010085223,3.4161390071094675,3.579480094961681,3.8112637412515653,3.6419824328563313,3.8709307535822446,3.3892666829926372,3.7490505232508284,3.837562588809978,3.5004457147614034,3.471469939418151,3.557187379018161,3.6128527625355638,3.687243297861541,3.2544094664832457,3.416927383262104,3.775992212859883,3.532203094618906,3.3753509610995125,3.5775826284848398,3.0900276406432368,3.730394939582121
