0,1,2,3,4,5,6,7,8,9,10,11,12,13,14,15,16,17,18,19,20,21,22,23,24,25,26,27,28,29,30,31,32,33,34,35,36,37,38,39,40,41,42,43,44,45,46,47,48,49,50,51,52,53,54,55,56,57,58,59,60,61,62,63,64,65,66,67,68,69,70,71,72,73,74,75,76,77,78,79,80,81,82,83,84,85,86,87,88,89,90,91,92,93,94,95,96,97,98,99
1.7143127441810513,3.745022249307939,3.3051683711053803,3.994897688534777,3.4982458817908597,3.0259506292040492,3.8709472321061624,3.9084565676364553,3.3711893068668615,3.4506351820403554,4.175334081499038,4.071032316474656,3.9007983194691382,3.7723338856268094,3.7856707221689043,3.8663842496668974,3.9387275639549704,3.645222990714549,3.9032496671803067,4.083052901488435,3.820076663590453,3.9594305220367954,3.805597853659238,3.812110650209845,3.372950121955467,3.8399185586488214,3.611436031771577,3.676421716106823,3.851627204492723,3.7872647683849063,3.6648664782036278,3.5893725867138313,3.994900431949784,3.7508443328028935,3.7839694316095116,3.5237596925986687,3.781538025829327,3.7238912360708376,3.4556851676958233,3.4201570762974822,3.878459570058859,3.8933906525350035,3.894186632876923,3.697961211637028,3.7786652019630065,3.985725354782554,3.965488975069091,3.9627993821135443,3.1696858744246588,3.799357677044839,3.5363743244026917,3.712534184498741,3.8247186310400823,4.243499515857351,3.0485089790277695,2.985860723418691,3.8788416066441673,3.6214852833062925,3.5912328875073234,4.126146060001216,3.924015063225737,3.9084966434194794,4.084682364697594,3.683322043250819,3.720212028085304,3.6182736206642785,4.090367771954329,3.9159140031835005,3.8387716307909474,3.5140832823924137,3.655106726649606,3.559232938173616,3.7847777238890514,3.7775946342006868,4.056129445516777,3.7490259677675093,3.6659102890956494,3.7951355306453434,3.6214696516575033,3.4008594997253168,3.879212206685701,3.8126244953767525,3.6998244558910303,3.490408633973633,3.628114816540392,3.6695146292501755,3.760718903361124,3.624036405982838,3.6658967830416747,3.7911198913491733,3.773073463354825,3.569055043582136,3.7128174780204986,3.6638556755821345,3.6770878821445305,3.754893231037939,3.8770200340892633,3.988485927950555,3.2857698067666115,3.611291679196458
3.745022249307939,1.6759648222384012,2.906677861771217,2.802804926824319,3.6351035044724895,3.10843127540631,3.5172251542341253,3.0103077881741673,3.0274750891457116,3.6024973821830417,4.073096014644846,3.8308200185981187,4.07964522778343,3.4967542292375358,3.847194982826076,3.819493301028607,3.7742355943156687,3.7335481619415765,3.771394875956819,3.8920289679587285,4.003208009429778,3.8789833464519714,3.9735665416276365,3.8605480610811953,3.613443392295081,4.0212829522963505,3.5870495661489556,3.634719344182145,3.880977045214812,3.8527510600862924,3.954277759976034,4.025055898895328,4.396572898343587,3.507000890500642,3.8492231537599904,3.5578430673591313,3.8855294476851387,4.211198803147662,4.038533549929507,3.871315217490987,3.9540474296211463,4.178233713266134,4.212674572390182,3.9261849568130724,3.9314682173380553,4.203218582662355,4.218707959545375,3.9880341989801273,3.40090663382287,3.8599495632333256,4.261627342682443,2.466071705135795,3.3060269195984384,3.744436006948142,3.1830481545435116,3.0119666129298386,3.0993949824243225,2.891383648595411,3.7647968969672334,3.904331877768026,3.845348610092486,4.125527662477751,3.832101265821609,3.435661091459015,3.803119010932773,3.8082046249480856,3.828479944182404,3.746458733489305,3.821869584772307,3.789053848730127,4.017042860551728,3.796629334530447,4.036053430685213,3.872330213050392,3.6556489902215223,3.857526756677021,3.895420858794341,3.5390147170564132,3.6896326031693136,4.06605952154524,4.080247751680416,3.5223077468843718,3.587856304981188,3.742429188304838,3.6048400284057176,3.707727633801122,3.6562342409316657,4.0797208220455135,3.7608697459355622,3.563381977434019,4.111963386049378,3.747453191256824,4.019942439931724,4.274425244140854,3.6826727810214983,3.8885852930253457,3.601341570239169,3.512348343641189,3.564983929254464,3.7477839302122415
3.3051683711053803,2.906677861771217,1.7170805188841538,3.7154625666117456,3.431484438874283,2.5164644160284175,3.4894344262382284,2.775831738255717,2.66526807860032,3.5199045879757964,3.9088235553718063,3.9260531072803553,3.6807672277218555,3.6872141487730627,3.5301767673593725,3.934443337954067,3.8084063062479983,3.687389371763169,3.779025970694395,3.9311003083164286,3.750345980561546,3.879009809424645,3.8627978833638275,3.835554313497188,3.9201334408733177,3.8784007425897324,4.0093818486166874,3.8714446404613763,3.7494034843524977,3.7980830549300575,4.142648979107378,3.840023671283887,3.9586798189437453,3.5694356293254157,3.5322388227512094,2.85535902931039,3.798628690500015,3.8715660656435116,3.813380653589164,3.4963902405897875,4.0818505101536475,3.6293568348883323,3.6426150671253477,3.8744513983664337,3.9865296727974835,3.7978015395431823,3.76774660077136,4.0450619150751335,3.467645464159,3.9598112395928586,3.645932728490613,2.947979349447669,3.290168699017641,3.736828757637207,2.9616722756595357,2.5080001385016524,3.1143671497796954,3.0957884263083213,3.740488105995196,3.927022230900633,3.589159450606898,3.7640466637840997,3.9967887055874147,3.6476290891457404,3.7713211639760185,3.463290034569928,3.6053848610207697,3.8000249109011905,3.9380622234748657,3.7231872337949743,3.9794879999828887,3.6478924140037696,3.6141782074547777,3.7004824423996956,3.6507764859805265,3.7417562724274807,3.6932450782268615,3.7766182547173632,3.8368850864076434,3.6130773993359786,3.7560886234722486,3.695127854709913,3.996189607893508,3.8623163120624593,3.9282345366111775,3.7646254681887865,3.8119911349908278,4.128125066729945,3.311683019961872,3.4812742224885906,3.6090462877240075,3.5992079105743664,3.7758465067051623,3.6768065605930644,3.6118063707291417,3.7561873755752093,4.024381715181828,3.6336922819928046,3.6210753756717744,3.9225853800918644
3.994897688534777,2.802804926824319,3.7154625666117456,1.7505770764375177,3.840778765394847,3.8365432586309534,3.667132613387624,3.6639674750903386,3.878828485463655,4.270339184998994,3.9495715676481065,4.193702632992007,4.302592690812748,3.9249807450666334,4.056397712252245,4.043243395971808,4.190778533395909,3.8228331549766517,4.089605669740415,3.722468805989293,3.8280462611678945,4.1096195008831735,3.922961317919208,3.9377601842448384,3.823807460477849,3.965867855259788,4.312342670696546,3.9761898034737353,3.6284573743787862,3.7992345876522355,3.8475084077848942,4.181039527372414,4.070519071676857,4.169378996168628,4.1075024674799225,3.781978606140233,4.331979951705884,4.256660608673551,4.468817730257022,4.068160315152345,4.004064798922706,3.965605733458392,4.151380960383168,4.003347112512941,4.272163521753996,4.19215401839407,4.041948610032649,4.046372988869342,3.989775513815685,4.068450750236817,4.1699363171854795,3.2675502761311024,3.3598509323047514,3.5999305264382273,3.7972473608407027,3.7116396917230614,3.4716952636350746,3.5234687027980973,3.994949259857608,4.1405917688231595,4.162756516377259,4.137522308605801,4.007379681381766,3.735832674673767,3.8633851732741777,3.935739378725943,3.7526226336095863,3.8553561539946455,4.038447935868314,3.861882792662122,3.953442540529445,3.830071345144645,3.815220402569887,3.712870395003838,3.737390863422816,3.969017740946799,3.7766185265026353,3.8973221594458356,3.932221474208908,4.0379996916854,3.9062972523902624,4.088153602620625,4.168016753661771,3.9571096995758746,4.202313414595544,3.99827946846263,4.395931432877008,4.26706535437639,3.80438658063503,3.7454714047630957,4.224247272491227,3.6546748051354374,4.226439329052294,3.9622014829124375,3.9794304043848046,3.952897070650116,4.109261937898452,4.003066133126045,3.8551793343106504,4.061645280298909
3.4982458817908597,3.6351035044724895,3.431484438874283,3.840778765394847,1.5967073729087737,2.649408336931502,3.637141972952009,4.013171498530605,3.5262208113860827,3.4507285103124357,3.921314237980364,4.037749196710509,3.698984340277524,3.7262466129922265,3.9047887187802113,3.714715971424955,3.5476932068148166,3.3339332669537347,3.4242087519890676,3.7673865954135044,3.5286550564568087,3.8751320835847842,3.841046608882455,4.2560666494587895,3.8180152789179593,3.9282456952709346,4.020714320035048,4.19441728450031,3.5789061436662184,3.798556472065246,4.097925447442196,3.6127775700928124,3.9301184638033235,3.483574772611061,3.8787606140331694,3.542840505066316,3.8254196817232975,3.69536773423049,3.588125462334323,3.670234488339394,3.621928379409255,3.897628318546834,3.915392280273773,3.863551287058862,3.8352131983000604,4.021366029741801,3.829609947854654,3.643635222268228,3.2463544580364134,3.7624813296106967,3.6234001280257493,4.211260477902693,4.053737270331499,3.81431884292319,2.362909930282203,3.125360909319327,4.302227048180095,3.4210131748880515,3.731022424767245,3.9109145325243313,3.768449850401183,3.7312184475539376,3.9404380138972,3.834116408762364,3.6861531087816433,3.7960538972513542,3.7586307573158795,3.442415777337332,3.629247234681532,3.7540955893089363,3.8065853820433104,3.552014726883517,3.8099796762749283,3.7362017956067306,3.978929525559154,3.7287758962343873,3.721253709451613,3.7525237018141784,3.902222658194911,3.64664294331294,3.6411776270062988,3.6525871040504923,4.046774175081875,3.8148449167758907,3.8445237570512245,3.7718057552172275,3.8730936102609634,4.04772460927721,3.7313453490086355,3.8095148340714364,3.4549943202574642,3.3607224231402384,3.7138832420658705,3.8964185618145133,4.0763865788164715,3.700784810518858,4.257561958282515,3.8401330452647024,3.4381698589646033,3.9092082756247963
3.0259506292040492,3.10843127540631,2.5164644160284175,3.8365432586309534,2.649408336931502,1.6294324377000358,3.260768161372912,3.039283931727835,2.344559142403205,3.5368385591942277,3.92495523450909,3.762413694868037,3.630349638390599,3.795415216823631,3.731700815913355,3.8385888738924057,3.52965755851339,3.2382480403273335,3.731386929751429,3.9514774534623593,3.5956058954855186,3.3023967772487968,3.6497954218981454,3.4475136048642567,3.5892356460695853,3.5266642742566403,3.6755508351306783,3.657731936315359,3.857132426834872,3.8317662353554716,3.6466615463972114,3.5746453616600253,3.7625393053785032,3.216813153609999,3.283946068357379,3.381069168565019,3.4038726616799444,3.572508913769625,3.74533071059999,3.6303905235336313,3.798569944425235,3.9777207796873886,3.6810084060445742,3.3422469708759293,3.2543586167604546,3.7339382734192386,3.5923463553546617,3.74965785638001,3.103820174494658,3.55868611487166,3.6194215368781673,3.2639817510090614,3.4446511949323155,4.055923912720189,2.3830003411564773,2.1355306195652344,3.4370444325940794,2.893597564325715,3.515605148792539,3.9305956531843598,3.589868428444701,3.6718274901681256,4.069233673134197,3.7257951335468418,3.447470639919795,3.5243813254901397,3.7619994550667526,3.683107051510396,3.4457013800637823,3.396305073845397,3.544323262374649,3.2816618162743056,3.3615006113184656,3.74597667490287,3.7611168000825503,3.6024902289121083,3.830983298401799,3.747313839866387,3.3090390069626707,3.3562564958110124,3.59955912835815,3.798138615409397,3.3485046693388507,3.2515244515495247,3.634754270720398,3.5110191218754974,3.5972553676458574,3.447561766982958,3.420829093652388,3.5030285385559217,3.4473693629750293,3.5495899316685757,4.111022697631425,3.253514329319448,4.0083521978326795,3.6569406818158927,3.8741399885067573,3.779140439209636,3.314717620330699,3.7538215730802267
3.8709472321061624,3.5172251542341253,3.4894344262382284,3.667132613387624,3.637141972952009,3.260768161372912,1.62485033711995,3.067142643757189,3.2065660891417824,3.785680151987419,3.6787749437241666,3.5122197206196115,3.630380209252242,3.4631419917980244,3.6203443205147057,3.7882691243229605,3.897764475041931,3.615406197598398,3.5772219841407495,3.5994812190066257,3.508237265395276,3.529080787516693,3.628284415625277,3.3992987666465764,3.866498699751993,3.5193108137907565,3.3483155016075443,3.385302593545699,3.632921972591126,3.6617667791822543,3.6541974647161743,3.8494238948305397,3.428255147176379,3.8195101774224938,3.3611827460519934,3.488955679110508,3.5502795038487958,3.6386037503870745,3.5880367312319215,3.523690426952453,3.4232445822644357,3.7650850069188015,3.463290523454261,3.4355729979267178,3.357584472336087,3.544679663846168,3.1073623119732705,3.4662293809473232,3.7930609937823263,3.726425906866623,3.966344074657017,3.4433884977902536,2.958615121620718,3.5828273524987364,3.4466831239084437,3.1776726358692327,3.2142438640218325,3.60393413677154,3.4652172702116406,3.877118245397412,3.672129735259387,3.6586697521840006,3.602928557975213,3.4625355836843883,3.6787389681572282,3.6207212329453284,2.897870965162724,3.742901634768219,3.9431467288467594,3.5519885303119216,3.4765924768677663,3.421231793837182,3.5046520058839428,3.178598610242386,3.360069071856622,3.4265577694862417,3.778586286949133,3.6296210322201,3.492167587304871,3.7137397950413673,3.3475903186842815,3.5072524762882877,3.128012438981091,3.171475641813624,3.365087476628311,3.1896763275353583,3.671890880358944,3.291914549708576,3.4022115157469863,3.566805415497238,3.29329304484169,3.3966772579380105,3.808517953958779,3.4169740129041757,3.3767619242197586,3.353817095116352,3.2795845672370243,3.4262713454117084,3.7267505820901294,3.6322796961185
3.9084565676364553,3.0103077881741673,2.775831738255717,3.6639674750903386,4.013171498530605,3.039283931727835,3.067142643757189,1.6381667403894191,2.4799109457555444,3.426586475150164,3.9614045780977407,3.7360589992419775,3.5902414742661266,4.031995462303664,3.932011039326518,3.6744135743423287,3.8790608750488405,3.423904615144051,3.8682127572858467,3.9171073560842995,3.790711655312088,3.4944006333126088,3.590812720516256,3.6153096988895927,3.8251780012289016,3.8298489899976578,3.709186842526348,3.554664403077805,3.7246450301508562,3.7511216500466977,4.118156251370616,3.678448639263439,3.861397059994067,3.460455520208606,3.6431832877265005,3.300961906134493,3.9336729272688915,3.7108897502270266,3.493918540805081,3.5810862209922623,4.027939186033476,4.196695131878199,3.863574252995519,3.6621514510149478,3.7622819904372795,3.6759437743725134,3.7319605594906093,3.863569297649071,3.6746213479926557,4.0274492827761295,3.744004097212525,2.7397328679368766,2.9705210670182565,3.6903996469451483,3.585053701075695,2.858772626843319,2.399927844810492,3.0034783236242135,3.588734945164194,3.651959564998901,3.461235033079372,3.6284351841120133,3.8647553030239923,3.8134545139505867,3.5976656155104654,3.827226487110447,3.4419883192499614,3.7211532122344106,3.5667485040708784,3.4225149804317527,3.3645689854966023,3.6382911886916833,3.7563985015154526,3.8676666952700014,3.727936666945794,3.8817225119386083,3.7803887464696664,3.845773188182659,3.7282513429397186,3.695604997895117,3.773716503942867,3.500149989715583,3.6398752914775145,3.418031994763023,3.823990744529867,3.5693490772559424,4.101963267191482,3.748849890782275,3.381474313301827,3.7492253652389174,3.6211472454785105,3.490721642426971,3.6964564768870374,4.022649642215033,3.8583620099260565,3.719563226935566,3.6726468307895157,3.4805007355659807,3.55979024269308,4.135893252533135
3.3711893068668615,3.0274750891457116,2.66526807860032,3.878828485463655,3.5262208113860827,2.344559142403205,3.2065660891417824,2.4799109457555444,1.5479078373021904,3.429162333777939,3.8618640902724835,3.777429814437282,3.667386831032474,3.5531486566360497,3.4497001852008853,3.668550525681555,4.015363826606712,3.644947914291224,3.7987646515198357,3.8606203095273464,3.7032908959989084,3.288829018784191,3.5362764193378164,3.4933730339252587,3.756872764366146,3.7873657846923754,3.9408542827582984,3.4745457391911483,3.7234234790494454,3.5769247187163447,3.824809166978994,3.4957164529664655,3.613708719282928,3.593999611346748,3.4904317148998736,3.344379585150239,3.746883379660876,3.6159594495421423,3.3819718403741947,3.561038491885137,3.382420507696107,3.770028372928269,3.442387947992778,3.9475629623725577,3.6137947937087316,3.7901995081667312,3.335049439908658,3.4634125149722483,3.2675776138089616,3.664916940437995,3.8271249208895632,3.021650335931549,3.1666764738827977,3.6263592158939906,2.958269942431002,2.119939623905293,2.818991114202121,2.667985708639061,3.530580359655408,3.906586610475034,3.571823156452854,3.7902047865729944,3.8717538882699327,3.562320222286694,3.3958940892710325,3.4691886561744556,3.410211910960785,3.7592641682164247,3.6687961064289594,3.5569874590113133,3.4055784654250396,3.264911700146461,3.4409532306982067,3.4659147941880115,3.5141818253958137,3.482624092714745,3.614401158791577,3.310291899911187,3.596892403591128,3.6254008836167206,3.604678780634094,3.522410909061554,3.623723475573085,3.4087867367632305,3.863992086531623,3.322427065101823,3.803723338588983,3.5373204873208457,3.3894124403482033,3.4705438332334966,3.4867339916206723,3.25650006064819,3.7755178050742235,3.7645346775632715,3.591334239758732,3.6059406292374425,3.5357779183989404,3.4430747494009215,3.319064085101926,3.5963702176659167
3.4506351820403554,3.6024973821830417,3.5199045879757964,4.270339184998994,3.4507285103124357,3.5368385591942277,3.785680151987419,3.426586475150164,3.429162333777939,1.6237574075584835,3.1890356963498734,3.065794169663875,3.5410995975534068,3.4956146913749935,3.6086881185936894,3.9832291826718964,4.056892557239401,3.7910658034210014,3.7501383460174575,3.749448200346419,3.5823193724040268,3.646882177782459,3.9675218460373807,3.7938533381528767,3.217072486249592,3.690026401162719,3.926737648543993,3.8030367645377994,3.4748851485750922,3.7306708956362034,4.12868407027789,3.5544520253108485,3.7930267594705467,3.903547952354381,3.3206740895790285,3.5334459286800564,3.750824704502641,3.2871317253514745,3.4995455784641716,3.2584120829588135,4.0649723865801946,3.8172890177310985,3.784021598824793,3.67556709370752,3.524785547151249,3.724722438363852,3.6145850598587113,3.8226266460017255,3.6347892976729166,3.9187840554037736,3.5950888447181244,3.4749646022903673,3.6422466652570202,3.776202201473587,3.3797837556639316,3.109344414819894,3.614491496014526,3.4671927380286283,3.1510102789482994,3.7882716901497284,3.1913115813804294,3.5856099545222135,3.6801751549917645,3.61641078127707,3.3709038383268166,3.493359818710658,4.019733643696251,3.653748587030263,3.7861226027207238,3.909745669969398,3.629041500652569,3.440014162941198,3.6787036552433063,3.6620864808424254,3.808361752018047,3.332033072068899,3.252708258701567,3.794176411891792,3.7785063520472537,3.6885467392604094,3.8630459813855174,3.7259978958935918,3.6825244122731027,3.4374546505346184,3.80757965040997,3.41963631566149,3.9809372672845065,3.7324502939036606,3.7023229678369223,3.647221572145329,3.5706731520386383,3.6465762089094653,3.784335319615314,3.945779953136316,3.828208582852931,3.5904110492444894,3.7356582545105828,3.8562264739276535,3.771222404158069,4.037871576971038
4.175334081499038,4.073096014644846,3.9088235553718063,3.9495715676481065,3.921314237980364,3.92495523450909,3.6787749437241666,3.9614045780977407,3.8618640902724835,3.1890356963498734,1.8180902542754411,3.0567133041464825,3.9289201704652843,4.318226638471542,3.9185189906385745,3.6161160173499547,4.222164392155042,3.912610909134558,4.190365184764272,3.830989360207046,4.175614840382418,4.136952425331367,4.208255312372965,4.009206049078451,3.3769249039842903,3.813159591977326,4.476139531665299,4.2681656001609385,3.7207432042528863,3.9955907684770273,4.054849143424314,4.265949735248564,3.6529126787647312,3.963333696616542,4.278127833908384,3.991327234662813,4.104141506145551,4.2555800929788195,4.303793957536391,4.252448630847051,3.7182881079912233,4.151448849106598,4.104616875435597,4.279487859024178,4.378045909818113,4.329234536035292,3.8586754169580937,4.076449236294457,4.060717731888301,3.862935385889529,4.016633418712284,4.171212511281883,3.996078653332172,4.167254364376615,3.8748184359635767,3.879954785423636,4.2400294035023,4.103820984494746,3.1766873465932886,3.8644902725515657,3.749404856442645,3.803630045185491,3.968255296462689,4.106181378033695,3.8555377465303775,3.9636618738265152,3.8264653082847886,4.041110259356314,4.1266377657081295,4.057275377635734,4.157530820479427,4.253082302674882,3.9882662400797226,4.0324590349230975,3.8079628435460076,3.537381547057706,3.7484182374448998,3.9342654863497857,4.163222439339195,4.009332102723942,3.9548033126317788,3.6764913619309456,4.394212431545069,4.191616753100475,4.4512658167637715,3.9776475413847234,4.141334672811531,4.359474083584728,4.059145422409765,3.6635002498891502,3.731501351455964,4.026941198238545,4.370770050203092,4.150480573593122,4.40071981575225,4.415420396720287,4.453651090225617,3.810852788978016,3.9255981937973923,3.9426393060531932
4.071032316474656,3.8308200185981187,3.9260531072803553,4.193702632992007,4.037749196710509,3.762413694868037,3.5122197206196115,3.7360589992419775,3.777429814437282,3.065794169663875,3.0567133041464825,1.6783542526163684,3.428762678682256,3.7450583193317333,3.2575349931253927,4.011410582722328,4.04930415004464,3.9963672945527544,3.893461448681033,3.9755469841503954,3.5499738244791854,4.072666924620069,4.065764667657617,3.623350501042002,3.3989125632620247,3.961996802405636,3.9411526813610496,3.86679817859346,3.925845337376645,3.977402280236783,4.373675393677257,3.7712591647696354,4.049623441840608,3.8400396843444318,3.888434641740331,3.8730271873186424,3.7919908746426336,3.9288179878525744,3.830888541483388,3.854591607236083,3.8463244336987126,4.1630552043802265,4.137522138192007,4.04987252495018,3.906263250886059,4.304262483230056,4.046457528123315,4.023989638847658,4.016609626765187,3.8844459639494895,4.120548706078348,4.086218521807721,4.048114963456836,4.211211834620802,3.8630936365371835,3.7720198395680415,4.2425268791897075,4.203011256473366,3.055044735802245,3.556746668916605,2.9983621078319302,3.44875160094381,3.58689502959632,3.9644093902139064,3.59860633707872,3.4838022863202283,4.182079067501691,4.180095460419366,3.9322323703533266,4.097229084555098,3.827410487190748,4.011450571778144,3.922633424317187,4.214441874422921,3.7887030851873074,3.363263074717044,3.61278120401284,3.9328293258597657,4.38050461480084,3.7869218709282007,3.9293023753188185,3.917575314488077,4.081628893272804,3.9347150048321335,4.15637121227614,4.009771062361502,3.8779085907894033,3.991095800275676,4.112767827048364,4.112556638712216,3.783294081985304,3.8725701151469,4.201846918882469,4.123677000528586,4.252921441166893,4.046917842416431,4.316847544758058,3.990344570028404,4.045960309712936,3.97144870175724
3.9007983194691382,4.07964522778343,3.6807672277218555,4.302592690812748,3.698984340277524,3.630349638390599,3.630380209252242,3.5902414742661266,3.667386831032474,3.5410995975534068,3.9289201704652843,3.428762678682256,1.8128295603243785,3.5863641961120067,3.487862640607119,3.9842036440550963,3.8256267489048246,3.5817958783839656,3.8061985678536496,4.053399052561952,3.8334263987033568,3.8334805891541164,4.114702319386328,3.852661877423309,3.849578313927159,3.9063979133570093,3.981187893895699,4.127369772001824,3.535514733527318,4.012894982882977,3.9837876704526054,3.9543969049501655,3.883862481070184,3.9222397719565887,3.8171872364829724,3.821477662071772,3.6953143688503474,3.8042349922350396,3.857763677247861,3.913808360769241,3.839959002236503,4.152466154531126,3.8660455443077044,3.9799414810371796,3.9252491056219263,3.9319131811320833,3.469278840290594,3.4818652745419127,3.6389547328116607,4.0779888643900355,4.0584528861576326,3.920710754942486,3.5316192997211884,4.067287209986284,3.7226744760138266,3.617203694057543,3.7070833115303716,4.071965305560471,3.668552784568684,3.7552160755535553,2.88840979070844,2.3068078051353065,3.6959892228326905,3.8063464718035553,3.5906077545512334,3.3493680613787,3.7293949295394433,3.993386897502052,3.918144722100588,3.921493135104339,3.6560004724236905,3.624559392146366,3.8983451848476944,3.6450439159434587,3.8225416484682637,3.918985884368492,3.4770177766101042,3.8436234635203195,3.9091718308316485,3.994860168612059,3.489651983810688,3.736210842079116,3.894129755386003,3.6449105155492134,3.611052590394618,3.604551810359492,3.881137845246106,3.9195400104904468,4.0134895044508685,3.7798315526318924,3.6638311176486447,3.7116057249045378,4.133488275953334,3.9647702492969388,3.967765200743287,3.798558405601246,3.5843837970469266,3.7465745911976818,3.8454166943579087,4.054889694382595
3.7723338856268094,3.4967542292375358,3.6872141487730627,3.9249807450666334,3.7262466129922265,3.795415216823631,3.4631419917980244,4.031995462303664,3.5531486566360497,3.4956146913749935,4.318226638471542,3.7450583193317333,3.5863641961120067,1.6298746034014857,2.981406730966586,3.9753929723179056,3.8866469034682747,3.910505295358606,3.333412112775903,3.9971521757144517,3.4048682565426898,3.8720316793057283,4.136063673727138,3.810653002401127,3.860155616318568,3.7610516794342543,4.19798394852244,4.193646369149721,3.5208842498430815,3.9489884670163553,4.110650058378954,3.8795583678706413,3.6354959529370503,3.9012826701203895,4.109181939302174,3.4741473263582,3.5765169160038583,3.6143429895039887,3.7299735759801207,3.768439309437829,3.669803564651501,4.192369812284292,3.965979610471072,3.862319958652248,3.9857366447233313,3.603417221767685,3.656101391910788,3.553847558205445,3.733432404359564,3.627934129346227,3.7872772190701935,3.9797606732524047,3.9956194887725154,4.252197722124382,3.6661304477770673,3.734175275482056,4.183860153180389,3.8202752597290157,3.769259649575502,3.9710696336080695,3.5882630382703486,3.257223878928794,3.5897092320465864,3.0388189797210257,3.433375202842051,3.428150873745818,3.8916901097009537,3.7513705335028735,4.046100766598027,4.276208063431544,3.8943005185769946,3.668967983523045,3.8891415695515983,3.6936676302320444,3.916749532671055,3.886280092824144,3.4834379243377565,3.521312605952351,3.8752795110839027,3.6973730213073646,4.012298991283625,3.538489803982961,3.6489485636994763,3.218281703822269,3.6084987898284737,3.9115854708038396,3.8947982780365344,4.04070273692443,3.764951558433629,3.9255969462831106,3.5320742307262267,3.50296649014066,4.187947195999388,3.7260728330081077,3.9037348722182754,3.602823666639444,3.3468405090943305,3.454848799940729,3.8056260057841595,3.432782307275637
3.7856707221689043,3.847194982826076,3.5301767673593725,4.056397712252245,3.9047887187802113,3.731700815913355,3.6203443205147057,3.932011039326518,3.4497001852008853,3.6086881185936894,3.9185189906385745,3.2575349931253927,3.487862640607119,2.981406730966586,1.782613460805929,3.922872821919815,3.848648106641719,3.797982226276234,3.667773911661943,3.6406829688511024,3.333207490423829,3.988758670065885,3.861652273441104,3.783183145394008,3.656815672904832,3.586838621609167,3.6046512048278228,3.755498252374502,3.315357231057386,3.754958106476947,3.979118894306988,3.775322476820162,4.098478098187043,4.0116039926636855,3.8625088388343247,3.3390906199841854,3.399540761340612,3.6500344954338675,3.5467462723051657,3.443429572296502,3.8927984024692797,3.9900656673127255,4.2032215084365125,3.9329527830837363,3.500618424105026,4.286731834124291,3.9780263450991464,4.040632487699851,3.6399223642752614,3.8371549468482797,3.911602483807208,3.907592432025636,3.7664814696570725,3.9539409160519448,3.3905198829777237,3.2319152553561823,4.013420925809678,3.775197041036447,3.468487393459731,3.6720896055980288,3.7050874625056647,3.5952469312513364,3.5553361523120524,3.386274004043974,3.1990529891245894,2.536505951425075,3.857889532391427,3.8020158682082434,3.750945053225315,3.856365472699291,3.535824864342213,3.772648335423571,3.896848491754064,3.617788957624745,3.910702494788383,3.5846388289004563,3.2580510611517286,3.702412130857388,3.699343305374222,3.5918007289619207,3.732179950984642,3.608860899858292,3.3398849054630855,3.301398186075794,3.5417817500080915,3.6395246305983293,3.350456501212064,3.5560526026161154,3.585391720026317,3.522010912172819,3.634335261715964,3.3565740417260437,3.6582660235314863,3.874181632996495,3.638727785410205,3.726669982673674,3.7197832131307598,3.476209563192571,3.6043627644631666,3.708381861279434
3.8663842496668974,3.819493301028607,3.934443337954067,4.043243395971808,3.714715971424955,3.8385888738924057,3.7882691243229605,3.6744135743423287,3.668550525681555,3.9832291826718964,3.6161160173499547,4.011410582722328,3.9842036440550963,3.9753929723179056,3.922872821919815,1.6568824481391942,3.9768831410197243,3.353508535910909,4.0804464456550695,4.202304752483633,4.282210128545151,3.2145514511329356,4.020131452810344,4.138365910542544,4.047327706634705,4.039507926904496,3.875900834795357,4.158922106574804,3.9813771347032842,4.151226235667597,4.197216833638374,4.224506717260065,3.9843409259187177,3.2196026613109803,3.962976909009533,3.939081362038158,4.125571377416843,4.083596921270031,4.080853629912929,4.049284208780232,3.799640884091452,4.16903386967517,3.68222896795006,4.027834240580944,4.122242716020005,4.156602117572701,3.914774868394823,3.682095100953765,4.129303305522456,4.047852586640837,3.982582420677391,4.06206022880261,3.965609033199007,4.0011218156294355,4.10633307383916,3.9632948213169694,4.127532217270197,4.109738541742126,3.8378634888153447,3.8607785061085087,3.852968765873977,3.928756367398123,3.6698000648360143,3.944412349489309,3.950656420318754,4.2138908713268135,4.178663578257807,3.8189278449453674,3.6776000625024112,3.6828565630148606,4.159507000254948,3.642767534702329,4.222147762037265,4.096978302010186,3.748759745069791,3.9746768203633045,3.876856174366476,3.927982314235536,3.9968176634419197,4.052753926561854,3.9611229143682603,4.036847929600561,3.776473386173935,3.7745662258733286,3.9682144799454373,3.693150255109362,4.158354833107522,3.9618181996999753,3.994196547380922,4.1503013337588195,3.9190618106174124,4.146580686358268,4.188267770575405,3.958037108554197,3.82862181793102,3.9815583186444115,4.046701202172249,3.863379824271488,4.398215016232715,4.42139363537925
3.9387275639549704,3.7742355943156687,3.8084063062479983,4.190778533395909,3.5476932068148166,3.52965755851339,3.897764475041931,3.8790608750488405,4.015363826606712,4.056892557239401,4.222164392155042,4.04930415004464,3.8256267489048246,3.8866469034682747,3.848648106641719,3.9768831410197243,1.7578204765904164,3.4967729065990776,2.975375283091722,3.7349722076843865,3.648567488524412,3.61919772359029,3.6787136832344616,4.04584709442466,4.016526334832293,3.9385949973117014,4.221734965034554,3.9554425702607294,3.900691848979344,3.7360550615763937,3.8770606928205384,3.8881100317976514,3.8457420697575393,3.589567805860099,3.959517915314783,3.754759332575682,3.7322272472058953,3.8908345506896187,3.6394167585752406,3.6916128825030583,3.794164546114966,3.8605251321643688,3.6920490298165087,3.523846702346151,4.186139318012414,3.883167363589755,3.7323184825010722,3.893525637018985,3.906257802964769,4.087678489420062,4.064463039253601,3.9293233966879186,3.7768775105786814,4.3141380726914,3.731860361897427,3.6807339105080192,3.9208546953258225,4.138706854682959,3.786392208686508,4.0203012887304626,3.822115361171747,3.7208168206519696,3.835841078258446,3.601078952280893,3.5562197659361177,3.612439661030257,3.707648402546904,3.4757259749951745,3.738730428332173,3.9422381731273872,3.6338164883964685,3.5534006075324114,3.7779457665273974,3.963871321819717,3.5473816991699434,3.7644943902635633,3.847320186814716,4.002564372942464,3.856817356480797,3.8563779350751872,3.826285406805077,3.94016187550361,3.8568200745958467,3.8315817327254185,3.8958192599097385,3.773638800331089,3.6791959797839255,3.9296144071336476,4.0782051794522,3.7898016360620876,3.8128254143416114,3.4995605132531624,3.938927194787576,3.8662347609361523,3.805743165871271,3.3977806165280415,3.969067854829746,4.042056755408876,3.966570280022415,4.139941071345771
3.645222990714549,3.7335481619415765,3.687389371763169,3.8228331549766517,3.3339332669537347,3.2382480403273335,3.615406197598398,3.423904615144051,3.644947914291224,3.7910658034210014,3.912610909134558,3.9963672945527544,3.5817958783839656,3.910505295358606,3.797982226276234,3.353508535910909,3.4967729065990776,1.5806261140014712,3.4401432227218733,3.817466830324742,3.6719188916119934,3.4180158650662684,3.700008113168816,4.172402808797855,3.6222790757936973,3.910858025020195,3.98172728574848,3.966472685375265,3.6132926303670754,3.779147159135013,4.063115178525499,3.8765625795143603,3.7700884090455435,3.139874280192152,3.9489567156847247,3.816851933717584,3.8235503669404696,4.034893577262913,4.124978765437258,3.9374015804314144,3.599565934237422,4.056338546613294,3.840440665373486,3.579194681648955,3.8700751069837356,3.683856203357267,3.553075252396667,3.711563766182146,3.834323064909609,3.8177897610786284,3.4485234002014584,4.005273917830909,3.6740041682303386,4.101764448876518,3.696288642833958,3.7434346066221336,4.175301246596583,4.069878010492365,3.714250336914912,4.205380436435697,4.0030580102399025,3.7967694591251955,3.829454956159661,3.980204588953018,3.4561393284421293,3.878076730623773,3.4252789191537256,3.4563451452399048,3.355386399233871,2.713057959850972,3.635323945710431,3.1648635441211583,3.7631900417619875,3.476310851181704,3.8262614691388506,3.724838043320803,3.5772264294878697,3.669545831203119,3.7141363798574316,3.7877643618283536,3.9674531983035126,3.8005222250688013,3.764727384142313,3.501780619214335,3.625642635175358,3.929334330927168,3.9131865207874292,4.135390745100063,3.913693911257138,3.908971749553378,3.6644437150128777,3.4319520208846894,3.8945206249658644,3.764557137801314,3.7626572020117894,3.500974312169072,3.6438877239297955,3.845082256055662,3.988032858638072,3.852613251613949
3.9032496671803067,3.771394875956819,3.779025970694395,4.089605669740415,3.4242087519890676,3.731386929751429,3.5772219841407495,3.8682127572858467,3.7987646515198357,3.7501383460174575,4.190365184764272,3.893461448681033,3.8061985678536496,3.333412112775903,3.667773911661943,4.0804464456550695,2.975375283091722,3.4401432227218733,1.6703032975705543,3.9139800483485088,3.4037114333979295,3.8459160594689057,3.276139848846138,3.9291219810773694,3.66604424693554,3.9068012186359424,3.508478985249734,3.7487860498465717,3.7941551780119678,3.8167686330345156,3.9177079694946264,3.729134908066709,3.9708205346275354,3.6288246777762168,3.847023936808178,3.3691791848945356,3.693163323863391,3.54978832285098,3.756702986561143,3.6465671861865356,3.9091457806198178,3.7735849777488566,3.8786850588448956,3.723957806028646,3.5920338583790126,3.8867678389163602,3.8862235790027104,4.1505608934262765,3.562272514597036,3.9344403481900674,4.041107663855293,3.5711290686408597,3.4666125691941048,4.111071979397172,3.519679089882037,3.28507877555278,3.566069388352846,3.6475370011718136,3.6824870342071105,4.108535088299578,3.991908036367502,3.9336465307989315,4.046367820734079,3.3173849157264916,3.211602790353805,3.7301563574205225,3.807119166572342,2.933692583024205,3.590494662439172,3.6711418183559728,3.9174377241497917,3.6225883480137497,3.5943255488693766,3.8556888021528932,3.451348278320635,3.8409076191649105,3.705884597164304,4.123553874725393,3.7187571037381866,3.790350514081599,3.6928113108251774,3.7783128642600676,3.5169341863765626,3.3125044666902883,3.7095882293986073,3.6276207676683,3.494240435075363,3.6033724344685525,3.726210886172475,3.690162086471742,3.920561875636939,3.806096757614209,3.976602793803562,4.2084881768735265,3.5428580194726766,3.5472506813766533,3.920167771675223,3.723434075832729,3.7727028582461464,3.9015245695630822
4.083052901488435,3.8920289679587285,3.9311003083164286,3.722468805989293,3.7673865954135044,3.9514774534623593,3.5994812190066257,3.9171073560842995,3.8606203095273464,3.749448200346419,3.830989360207046,3.9755469841503954,4.053399052561952,3.9971521757144517,3.6406829688511024,4.202304752483633,3.7349722076843865,3.817466830324742,3.9139800483485088,1.8563109940267535,3.5824965632554093,3.991138719039768,3.606822533560799,3.985505791602035,3.6778744010054405,3.753330757011805,3.744136859142409,3.627034193718886,3.1542190547218643,3.6895065990058544,3.9514255919480723,3.7162748055507846,4.048543606547502,3.9914622889881204,3.9679080267229327,3.7368561222688257,3.9326927171313035,3.8910638285342887,3.9554190292676044,3.8184811045249294,3.856857549823865,3.993295738812678,4.156410639348108,3.644025127355048,3.646546669514212,4.02212088711645,4.116830347294282,4.081230619461521,3.551736761796333,3.887208988093518,3.9317791478408592,3.671565346594393,3.6389287468195084,3.764767234164696,3.5740848739877515,3.556397481472549,3.847958831563871,3.6993126386079056,3.9411856176697815,4.039488093518926,3.8015466684947308,3.6816160698802007,3.8329044666927476,3.4203122848792824,3.4194500580695815,3.9308934174116903,3.840224665840611,3.229993811288486,3.77168607742882,3.69681760277595,3.2990045613510532,3.5831916752569923,3.636224166673226,3.918583287368639,3.767289243729428,3.780504499960201,3.72780769642451,3.780129693537128,3.5345614123655524,3.6354684605616314,3.8352599026079193,3.9322411554240855,3.5671356341451794,3.5515176694307478,3.5220943446985085,3.8912554203142524,3.7360357815337717,3.733368326282862,3.759102599047609,3.7210213873659232,3.818114539019694,3.6262683136892804,3.6516730134095265,4.061811421512089,3.5304577202638328,3.5953108486734164,3.709111569597006,3.7685943572466694,3.255252291804753,3.7157044045844803
3.820076663590453,4.003208009429778,3.750345980561546,3.8280462611678945,3.5286550564568087,3.5956058954855186,3.508237265395276,3.790711655312088,3.7032908959989084,3.5823193724040268,4.175614840382418,3.5499738244791854,3.8334263987033568,3.4048682565426898,3.333207490423829,4.282210128545151,3.648567488524412,3.6719188916119934,3.4037114333979295,3.5824965632554093,1.747854469726695,3.7334182991872584,3.383471880089816,3.7480721252342226,3.914540207601232,3.719358395434547,4.04060932167554,3.693018783193454,3.3671481887655097,3.7125760400701395,4.0375843723092535,3.67841046027137,3.8581233090650726,3.8236192608535235,3.5221869492332485,3.860724693741019,3.8705112334750558,3.950305737895441,3.636536051868336,3.7660273546334286,3.7288382078307603,4.0007320514199405,3.929778297518746,3.628648729886103,3.634635821995113,3.7910197908062737,3.619110091489301,3.774749366124055,4.000828858638467,4.14330471407497,3.9728868992787336,3.811758148442351,3.4466106020740024,3.976486245360132,3.86794729311813,3.708447441158066,3.7204150247950047,3.9770492011059493,3.5865593827536566,3.9713087661446393,3.7920629425746477,3.6588686856741472,3.960830471179837,3.7860588557507295,3.149834319242417,3.526264600903329,3.7486307885962096,3.7999986792710843,3.914767665391397,3.7742842540873816,3.145667264318536,3.4631708709320494,3.4892889414594492,3.9278580105507217,3.6333033982256246,3.6914666939583722,3.3205345474077865,3.7362313989566345,3.5495930720206488,3.6191464629675005,3.4356803136974046,3.733712393729765,3.4865148591810637,3.227199021634065,3.948233922187663,3.6486224076698925,3.708227027908511,3.7856748628140315,3.9219633079407217,3.699729833431851,3.6273609888372627,3.532291116969667,3.8313295850988354,4.027434023176738,3.6606688844654216,3.5486855556959225,3.6501260221097467,3.6265443631152303,3.9043069647431654,4.1739478612937635
