0,1,2,3,4,5,6,7,8,9,10,11,12,13,14,15,16,17,18,19,20,21,22,23,24,25,26,27,28,29,30,31,32,33,34,35,36,37,38,39,40,41,42,43,44,45,46,47,48,49,50,51,52,53,54,55,56,57,58,59,60,61,62,63,64,65,66,67,68,69,70,71,72,73,74,75,76,77,78,79,80,81,82,83,84,85,86,87,88,89,90,91,92,93,94,95,96,97,98,99
1.6098490264215723,4.113611461901192,4.128490943706272,4.023251881101259,4.350294094452109,4.3742510413593525,3.9874731407903794,3.7685719007526703,4.230201751988665,3.9107482413702046,4.096150664393312,4.173962983229137,3.6770182083347422,4.030299193239948,3.7550586366728873,3.9389574780306176,4.129840983961912,3.7840394863861038,4.246047670562266,4.087186036841435,4.011830261483117,3.8517213568178628,3.784183074977043,3.721914253771,3.6524824858173974,3.9648139724565095,3.816689090061402,3.571423699292222,4.032925220236767,3.9162085005926537,4.042749793041265,4.027004917851736,4.072218250887061,3.8825653083724974,3.800401095668242,3.9096955440170342,4.300701856294998,3.7136101266433656,3.9072399378049214,3.8026319088243716,4.088348536372881,4.217721423597215,4.227527493901896,3.6983580875853113,4.161768450378721,4.249488367224864,4.107095251022985,3.606230432922401,3.3718566226744384,3.9762965286182395,3.7179674107947234,4.15062680343999,4.0681770246282065,4.026375285139822,4.431196920804104,4.265870482520403,3.9045221722628467,4.396677127251905,3.7683928086339624,4.192523797501264,4.162767299462999,3.7613819640854933,4.051987298943321,4.099834012979514,4.132181982538012,3.867334100668964,3.9405822333478384,4.257365419821944,4.011716512008731,3.930295656281674,3.8157213924054734,3.521336380446924,4.000563133631214,3.7574855675146197,3.9526705868865593,3.990101583013815,4.214049886785041,3.925427149493106,4.216332273131015,3.843277852673937,3.8440432906770874,4.527257368475251,4.200594504257849,3.79175481184236,3.9571400723213834,4.201821268120653,4.103974121181046,3.8116180554434287,3.9353468465435646,4.395109560390342,4.209928067009219,3.7917459870525767,3.5678206380361996,4.3776280387771545,3.932860048571568,3.914968831274049,4.284354230735629,4.114543236525427,3.4954465289379106,3.8269539907483883
4.113611461901192,1.5767666094011643,2.928449673827544,3.423881620868418,2.965481234774755,3.2889993265338364,3.89581422116307,2.582081843444521,3.1350768409137575,3.7678159466749346,3.9524255869372906,3.8347676218013906,3.605085951809507,3.759573495812232,3.648587965325293,3.6403069199445985,4.097283075553627,3.338224507576041,3.887936157250303,3.9867200608347755,3.723244373453553,3.8426992682731305,3.9025617912590485,3.6424227947139043,3.3551265457969266,3.759806750000761,4.008995328971273,3.7795189479053946,4.030142631749106,3.9642495115314156,3.567948516131439,3.580944476771032,3.8544776963525234,3.406115319543729,3.563262699775496,3.906216609385233,3.8228813476821233,3.7101071260579643,3.6654989121844497,3.8063004704992425,3.837424846752415,3.773120170745085,3.884929351653339,3.552157895322617,3.8362694841104514,3.627252638610609,3.5472611570467008,3.5769546548874858,3.542998161663084,3.9878906944354573,3.4449671457782665,3.073269250289764,4.008651553475376,3.486805319879027,3.039958845327927,3.2055106674176526,3.5381592069203904,3.079843675404626,3.713415481531882,4.311721497355225,3.721286925630125,3.755200147436746,3.939475876280804,3.72950831572443,3.9100482162927035,3.5553526955275387,4.043531540291961,3.763997246873273,3.6074615618352857,3.4884924919936746,3.7909354940733886,3.6180025352296594,3.783815319394142,3.743259681614055,3.4172520982589054,3.767462432942842,4.072187629443667,3.8137087655285864,3.863839919441036,3.6123504121963976,3.5767048247358755,3.4890995622941565,3.649272540844606,3.7482739178494895,3.7230508104913254,3.608910240627334,3.7449044807057916,3.620131420307138,3.9277643830938542,3.5984531677671043,3.827517631131805,3.2910541209044664,3.582961204360933,4.131616709370159,3.853998863054476,3.633318773857687,3.5241542081899557,3.4645748723906484,3.7383281116760245,3.8441077479960084
4.128490943706272,2.928449673827544,1.8184912365703854,4.15773538708422,3.336333672833627,3.2806817293371946,4.3697838574530365,3.345105677546336,3.2669656854649602,4.009028667383775,4.238694683414611,4.110850994757619,4.174699727748087,4.203411603950264,4.130279762553808,4.3886140726239535,4.238604577230972,3.9497801450658097,4.3393549672465594,4.39904313957923,4.076601006605722,4.248856762016957,4.166338163573746,4.154937354327711,3.5152539464620367,4.161429048818854,4.168851760342792,4.0752663226211245,3.693458156276887,4.189268689588885,4.195077207624915,4.021896701381851,3.7852587508351134,4.239496707299115,3.9254250886086686,4.180827095287449,4.140830187103176,4.101334593905757,4.104505608101388,4.021396486805863,4.2822089094869265,4.1390537329029184,3.956158559168848,3.9219962805415873,4.308983223140399,3.8921304937271004,3.5074365715367817,4.054075380601192,3.8507504619623107,4.437179400876497,3.8545865528298275,3.518280070389016,4.369835183907554,4.232573555111032,3.322879669437356,3.1685733888591856,3.946829698534359,3.3026223340194627,3.998252253809525,4.214386463516944,4.132783350368855,4.214378848007752,4.158846179357568,3.907707226612334,4.099861941218476,4.130812044350696,4.224672663020879,4.340238038372722,4.099031885783926,3.988791491673394,3.9828546880188203,3.809900289774427,3.747978712652504,4.222146106475935,3.999595749412482,4.3209718760833535,3.999612349940701,4.147487291700116,3.824345393653718,3.8641435152160355,4.256249137479721,3.8254510488860274,3.563496071140636,4.106947076106836,4.032708594256527,3.8946917477098912,4.113341215839529,4.089859127681803,4.250666307522053,3.907238609485367,3.9274151066941156,3.9190704644738505,4.2391780122544045,3.807170408225018,4.070970757840114,4.125811242112458,3.668622993022474,3.9629942490631738,3.7387589222452795,4.234440583020363
4.023251881101259,3.423881620868418,4.15773538708422,1.6951435992777268,3.71172848126127,4.198660006937279,4.311837138260963,3.9265692915931014,4.15743389006632,4.100149253732857,3.9874507195807465,4.0734142407882095,3.6459662198056373,3.805445205638412,3.940790142042977,4.077766091447375,4.099892523206225,3.740302812081684,3.874093148667037,4.476792280656161,4.089350512281109,4.022489155431314,3.8495076068719483,4.000769554783892,3.6314351940342218,3.9827673973613287,3.8988160085069823,4.110240573146292,4.1033373403653615,3.7950753992320285,4.175416715440477,3.9553814028159002,4.229997813565591,4.04274469733949,3.9383086086475605,4.206244360952818,3.9775361379281886,4.0998115485578,4.086048995087319,3.7636064840837684,4.259044619974483,4.11285031884067,4.233088037020449,4.018114864293851,4.212692990487931,4.14270873977533,4.031438496888822,3.5581924569740027,4.054835852761733,4.183781038002851,4.022559521044574,4.163517868356956,4.328429107562348,2.554397019709631,4.156895278109376,4.123442315279943,4.04918801193686,4.1173845603065855,3.9631703952069204,3.980354632672922,3.716492902167886,3.691385997864329,3.79645714312885,3.8080236805566248,4.034156276637841,3.9106779777056557,4.456812610642873,4.146403346530946,4.226251578256986,3.9347750617638826,4.225118872698604,3.8765248396657728,4.091510073780123,4.150710627845991,3.9302840257234797,3.9701859709719973,4.088294616564753,3.880672111487508,4.1933057310713355,3.8156941515351614,4.167841985907982,4.007646663341691,3.9670381524982776,4.105073930198305,3.7997996250558446,4.115766003788622,3.90625363543005,4.0295446436627005,4.114347096986086,4.284626010042167,3.967104977974219,3.5822371421006243,3.902418586979481,4.148034333714449,4.228363291100466,4.02039454280262,4.093770023961074,3.9358932408842175,4.130620857617904,4.093366683352577
4.350294094452109,2.965481234774755,3.336333672833627,3.71172848126127,1.597089554781336,3.3723439824463664,4.360648992893442,3.9150237784547657,3.4489083795938313,3.95810872828509,4.179323077457746,3.8342921898595215,3.954247521799539,4.3154101025336296,4.4704937729352,4.497212629054029,4.317257467473876,4.072163582049033,4.503704029262734,4.07913588328363,4.413591878799963,4.158708599417382,4.110287540138938,4.221372378666643,3.4649873625985537,3.9782392444665606,4.256180087250801,4.032280639281983,4.223189775691353,4.3253486525279925,4.253873673391438,4.095345422552046,4.1096812122352455,4.12023949752345,3.772126670529355,4.064950753920174,4.380925365645436,4.009764593283369,4.175083628307934,4.275050963944685,4.26812966623528,4.4358473507295395,3.789021637720144,4.079094685863611,4.344528886752383,4.01172652692806,3.679518541298328,3.7650008539783704,4.23846658552092,4.288620943198378,3.930064663352082,4.1983463522081435,4.519227145288622,4.359447407267578,3.3515715664516654,3.386098826398573,4.323957604057601,3.1331033026907265,4.081914706819407,4.083648243245685,4.004252006739852,4.255286122242794,4.081597875833783,3.960634689392114,4.512032675752832,4.330953498405069,4.300766226717516,4.509183403959088,4.140319127687715,4.381820752616613,4.139586503004188,3.8828899599561058,4.123797750358236,4.251741163658325,4.0281080357954515,4.015709169637849,4.257045620544393,4.165085127581915,4.021761090754506,3.940470678932169,4.2886429326915785,4.125213149201354,4.040243352763338,3.8779957067428636,4.198528746968188,4.123935757169875,4.273601580909601,4.035910198244595,3.9735512958889467,4.192374730954927,4.121573430243294,3.9562459082043517,3.983828196820009,4.012857635993693,3.9422004087225733,4.161132515739017,3.8790977390504815,4.2178286879162155,4.103604663001298,4.100581366528847
4.3742510413593525,3.2889993265338364,3.2806817293371946,4.198660006937279,3.3723439824463664,1.705885758294819,3.880991798401791,3.595553376176163,2.2925811332166397,4.093757796067292,4.15423422768969,4.185511019997409,4.060673884515234,3.9668356618002627,4.017221452562274,3.8463636781129398,4.146801568758445,3.726320966392579,4.287720472192419,4.112874831881805,3.9410644858014465,4.264677398219535,3.9369688340438667,4.130171985623955,3.6530043842195554,4.402592015505955,4.192494752272964,4.333794143930017,3.593761412563262,3.904637888479796,4.348284400954685,3.9633771033102168,3.8697595859764866,4.327725012959406,4.06805161986122,3.9029396219670214,3.993692759087943,4.126962282422047,3.9080412956860333,3.8793165014410347,4.206762035146475,4.074429944226152,4.0900254634332835,4.02719193738718,4.432600843208899,4.040375001438275,3.7265826148611607,4.109107572417397,3.52045111276835,4.3359392495610685,4.233900952551015,3.7670477558695055,4.0220611385939895,4.206129475941988,2.5949457236525295,2.22767546799735,3.934501995261149,2.70236694330075,3.833103591896203,4.084372044467969,3.956158845118623,3.842799785637919,3.842019377597525,3.74253677370872,3.961089830818706,4.085404994284167,4.035000867337684,4.025352817352256,4.236905578014998,3.8442924948110613,3.9437811094920034,3.8191259078671242,3.9639869271659336,3.957563656006407,4.04855167834317,4.246610945261379,3.888068626494123,4.168289654474664,4.192294164890475,3.9463335616018047,4.307875438079817,3.8053784958037746,3.971067372836748,4.126295213342567,4.086463091562579,4.2306542052347185,4.0994967660062755,4.127709830453325,4.014431422706198,4.269383461118646,3.9619819409994803,3.578004872600479,3.917216282651917,4.066376992497118,4.242126038236595,4.267816441590806,3.87441521067483,4.071513310547074,3.7310202433566997,4.41426181379253
3.9874731407903794,3.89581422116307,4.3697838574530365,4.311837138260963,4.360648992893442,3.880991798401791,1.4830341474808433,3.090367699718996,3.7689971773509288,4.021205215405493,4.198670598882135,4.052554596952829,3.7909351156511772,4.163525093336887,4.1347261870355805,3.33568143127026,3.853339662794985,3.7862954639950788,4.035378949132811,3.5924669846773662,4.190648813819135,4.085709986646389,4.261306038889632,4.126182419487869,3.7068542560395983,4.289273874739535,3.89086924719018,3.5434705585017086,4.206687926829027,3.7076222031185146,4.629276852256895,3.984318969663611,3.9799126595503087,3.9334596912892414,3.8536289994177264,4.0129737660646345,4.243322516728285,4.168953186346455,4.265696994436612,3.8166019358759207,3.8514033560869927,3.959092911063538,4.112492259246547,4.052732189635521,4.166801383521625,4.229533490525144,4.1745937409622424,3.7578380846465747,3.940755602343087,4.14089493219996,3.791958032877717,3.471664424387944,2.2480407570621996,3.819555969074637,3.7691240046268404,3.7518800759225575,2.741776995121517,3.685130943445352,3.861505262173851,4.106143732031004,3.855817017022168,3.9768019728126656,3.9970955432565125,3.6722100648689406,3.810660670197721,4.007429024090226,2.4446633287990047,3.587496094912836,3.8203767285578802,3.536402520536493,2.9744760408298534,3.997910000366986,4.016619856819181,3.0765713645571635,4.037546160944513,4.129520759283759,4.243717938287767,3.894148721796208,4.104736464620704,4.06707865181737,3.37108166198114,3.7123948264642577,3.8106215444680416,3.9617435628858386,3.55661350926015,3.9529899596279803,3.986421647643206,3.534027272896599,4.086447145605878,3.687111493253435,4.154004283852218,3.9273410284307535,3.58143143468291,4.145465604626404,4.2770192639658875,4.193907446014209,3.829815261824621,3.423019003127106,4.050558367351595,4.0883288058136555
3.7685719007526703,2.582081843444521,3.345105677546336,3.9265692915931014,3.9150237784547657,3.595553376176163,3.090367699718996,1.7448764546781843,3.58337601607113,3.9927938692504052,4.046892690059378,3.8011293982307257,3.823714249077239,3.92021346462681,3.823605922866866,3.662874382782367,3.9679984224625993,3.4221218159118423,3.870146597409597,3.99920337432377,3.850538369208659,3.7534046453542897,3.9533493187016453,3.6787714610060935,3.458321495657234,3.6760107457586573,3.626815813704356,3.7267491030573887,4.014444321278682,3.841439656103135,3.8271017657662063,4.112419072444557,3.4201804035807646,3.7278182027819833,3.383846685529549,4.071874765335867,4.123862360739246,3.868551658120915,3.9352796073484386,4.07979449434116,4.1926305162231,4.043438507223986,3.9019307401781025,3.8157327861922115,3.94432338536635,3.919667962405396,3.7276829692813007,3.471514234375193,3.599671051991071,3.9275428308624347,3.7858004247139885,3.0148582021915935,3.5866682028211345,3.738432072451741,3.87680500187924,3.532943744476975,2.741350708370516,3.5430915156507545,3.892846905784594,3.8935708054617177,3.6890019070740774,3.9529319914827328,3.836877360071721,3.543426916334386,3.883882705784338,3.83454334213764,3.752120202958542,3.8816971301007386,3.8699354284007015,3.355388924088063,3.626620257107911,3.743330374128045,3.85855977803341,3.757546889722206,3.802683972075086,3.843335122898206,3.861386907807283,3.6818143101773715,3.8765910471069898,3.9899979714650486,3.1970749996948906,3.787588036409451,3.84566217221303,3.6084175298734764,3.467940325180136,3.801285187134998,3.729971122115938,3.6518377127762474,4.062980110745774,3.8654859404052235,3.852212173970616,3.7724347648351526,3.7602235478827257,3.9683474980615503,3.838588258569159,3.954768371331446,4.025122748235429,3.6361016431940607,3.542337147235296,3.8354486886435604
4.230201751988665,3.1350768409137575,3.2669656854649602,4.15743389006632,3.4489083795938313,2.2925811332166397,3.7689971773509288,3.58337601607113,1.7925258299081612,4.024674318385682,4.066176182725386,4.271600102979152,4.083873214334649,3.9999240923155424,3.991597423037549,4.320519534704796,4.286815711172697,4.246985458404112,4.075716874564405,4.373117055330967,4.065493298439475,3.9532776573572597,4.035827118083735,3.920514498557203,3.7778007803978757,4.224723431591517,4.269819635697988,4.339815081914023,3.68847231578227,3.941470453775276,3.8976705210302303,3.7593052925226598,3.987139543324509,4.1072518492059675,3.9757225500109357,3.5741211779964774,4.178303662375117,4.048808001772661,4.403381616809598,4.193942626135254,4.3573332775228995,4.1920704155512185,3.932676686508723,3.910963163961153,4.109965593566747,3.8828467630332266,3.725593509936705,3.8454353665153684,3.8075099782504918,4.266714418954864,4.280815416884746,3.94893565355247,4.350508726024084,4.129748934804953,3.2099032697366168,2.6507058946686533,4.168010610667616,2.5554664728867946,3.709450075831818,4.01262198327732,4.171496641615439,4.034612036766745,3.8680568568596296,3.780390581708675,3.9691503362000558,4.213227700794441,4.237404727422298,4.180247450245573,4.182144484204529,4.163328821414667,4.128851480551702,4.150935252545066,3.841475107617033,4.241252151345345,3.930963342966457,4.286523448818767,3.8497191570088956,4.210924736152057,4.126834573796707,3.8566978106119185,4.12777985509521,4.154386407419383,4.373924732870816,4.117905416213864,4.159091203802507,4.386333053289666,4.38082442313739,4.331219162783943,3.854943322414203,4.4975251802457334,4.167747723825136,4.0553448802993985,4.298198705305629,4.129457408358588,4.2017115641957385,4.105836296521269,3.999940040070702,4.097093287625915,3.817467601831011,4.331639930561447
3.9107482413702046,3.7678159466749346,4.009028667383775,4.100149253732857,3.95810872828509,4.093757796067292,4.021205215405493,3.9927938692504052,4.024674318385682,1.7615691198613908,2.9898821983742394,2.938865374247269,3.8223843655668626,3.7645676706907065,3.6754720271594365,3.7080036929632954,3.9696109038635328,3.481441401717737,3.7995485007568255,3.939974324762156,3.654849682799241,3.9200990717298554,3.598802906817873,3.8222414674863865,3.4894399476809945,4.0571457109869495,3.894981145853054,4.097011951192956,3.9821278940214713,3.8603699229100896,4.133541918680451,3.992377175663816,4.086868231651846,3.9944808518295507,3.783457864203636,3.8063771472383268,4.039677369309735,4.050339229708396,4.298858695729175,4.2406310721239615,4.472968732263266,3.8295834345901616,4.070432509756007,4.04072362673965,4.2422254451369525,4.3000374927316045,4.0493137661024825,3.6954763092526965,3.9767185654393886,4.131612001922563,3.8006505117586986,4.13558031560652,4.151619577816759,3.983983519406078,4.0252118686039005,3.9126901472710776,4.189264225431742,3.8968863924614574,2.2945273349112734,3.6217034206432706,3.655346189812713,3.8456913561562853,3.819470555310306,3.3631796897310604,3.9028475901170823,3.88239130326598,4.067469010398578,3.639392433709474,3.531303849782265,3.6816982712763626,3.897900958039508,3.9798298767182363,3.702930211862624,4.159595292787151,3.7919130386865185,3.901233545032678,3.8807074994357174,3.810938890605145,4.03771448929659,3.770034596433208,4.00374254831219,4.006643084761816,3.770378049334767,3.700516514899398,3.9037582308500323,3.8634495480968836,3.986681421677387,3.6283452490882033,3.7500276925835014,3.992933187911462,3.848090315387086,3.750895112667634,3.8985899564868207,4.036299550956565,3.9204749950492817,4.076996855887056,4.035391413265677,3.793101593166164,3.964970049690028,4.025384228138819
4.096150664393312,3.9524255869372906,4.238694683414611,3.9874507195807465,4.179323077457746,4.15423422768969,4.198670598882135,4.046892690059378,4.066176182725386,2.9898821983742394,1.5951685019494521,3.2029080759623345,3.342245223029776,3.7960813977306134,3.58794433751909,3.979317120437865,3.8083268726156048,4.141862508097067,3.682411458635886,4.306051232494327,3.8514957571784993,3.853515162740196,3.918368655719367,3.8648089189389525,3.6265990799736447,3.8688511420965583,4.13353464446439,3.6380025324193923,4.290595005271696,4.24972059093822,3.9872446645997726,4.192338334107057,4.303889121160432,3.8737949402441374,3.765483523530846,4.142920266327053,3.7123780569328213,3.9837385095757796,4.19072205911927,4.19574810886039,4.131381298914534,4.0578419699944535,4.154574499883701,4.033567089840469,4.128184904416273,4.469919195257383,4.240264526318892,3.953948524266164,4.12492614226134,3.843036186344991,4.130761196168575,4.367437128844329,3.6003826908222636,3.8904554547290298,3.972864713698643,4.302026436963917,4.169583504167215,4.003346144014645,3.233891356125335,3.5913913353174625,3.429996213758491,3.6028491342535576,3.911703989152176,3.3192230491157653,3.590060249247591,3.843753763930418,3.7799125695909077,3.4975496229060856,3.719506255723174,4.140682856292432,4.011633130709609,3.9862194037103325,4.109741316502674,3.6810138173777216,4.002124015198148,4.088957229779295,4.256048082662923,4.038069343165159,4.189192885736415,3.958411503601436,3.8269012733815644,4.055174353534259,4.187957030576975,3.7183311614423347,3.497392905056701,4.132598052137077,3.6263229719517116,3.780896650293317,3.9264330524720044,3.842981382467579,4.166387710214887,3.8125613085537897,3.798369720735699,4.286267354533344,4.306255826112079,3.96304439308257,4.437677318284385,3.8532623165791664,4.163161021438879,3.7794805589854863
4.173962983229137,3.8347676218013906,4.110850994757619,4.0734142407882095,3.8342921898595215,4.185511019997409,4.052554596952829,3.8011293982307257,4.271600102979152,2.938865374247269,3.2029080759623345,1.7561922469288285,3.504557488767174,3.4210498757552648,3.5840924613485834,3.9458799950118575,3.27836147972578,4.010637589320905,3.474299279077368,3.686849557444755,3.896574156110016,3.7302254851920593,4.042246235081639,3.7959796427721266,3.2948776626960203,3.7333433923541057,3.8986552794243083,3.7263030958651266,3.6665469998611813,3.578518435419896,3.64106008075713,3.654473253553598,3.786170156758131,3.952113209544402,3.896047443056126,3.7321735212198504,3.7007252699589333,3.6767612794396642,3.7016652301373565,3.858443594064801,3.6546123423233405,3.9213751325231585,3.747685651887036,4.002885205400348,3.808356883877456,3.7947277810831697,3.664406075491421,3.934023379293873,3.9110953115776157,3.668387996906314,3.8990568743239584,3.992243922451915,3.8152251893145372,3.956809709182161,3.855950571150051,3.8993641125441005,4.003007546680645,3.8731980535465995,3.0778908181775595,3.2980731579286036,3.137083305543244,3.750172268301556,3.527415979545832,3.1631956214052868,3.609079964657784,3.75387396994733,3.748379927237495,3.3672767441410536,3.804822215190691,3.9676556912018253,3.7679704581621603,3.8552087871625176,3.9136739800990656,3.8558141260855368,3.398576971940101,3.526819051807182,3.7175141673754326,3.817581311990068,3.788407239191898,3.593066820819697,3.9475960284150884,3.733634614124611,3.5696462855104456,3.633108473182261,3.767223359472932,3.6225134396305734,3.729814565933613,3.6446475754823044,3.590563330054557,3.8262579026989654,3.7667409779095635,3.821182844394509,3.7085159745565246,3.855949193542487,3.770822389203159,3.961423081981175,3.7327304690378926,3.6950017533498962,3.918619083143521,3.668696321039373
3.6770182083347422,3.605085951809507,4.174699727748087,3.6459662198056373,3.954247521799539,4.060673884515234,3.7909351156511772,3.823714249077239,4.083873214334649,3.8223843655668626,3.342245223029776,3.504557488767174,1.6924116949445298,3.1727985207285374,3.107478522451658,3.540378438248885,3.9875472623231136,3.76968893623348,4.111662363356615,3.655679198473067,3.9711316699481896,3.8384933425266237,3.877822847077601,3.7935008633060776,3.636736751266073,3.8999558799222944,3.9009309554307783,3.68718022385455,3.6210334574171275,3.765274814997171,4.090730287909919,3.7996814422803564,3.809811796580916,3.6208099763653516,3.8546810253977055,3.6426689285747105,3.8624659542389614,3.8941437606984857,4.057518382705643,3.7810063150115907,4.076142040050895,4.078858639776726,3.6405181442401022,3.6703547314574108,3.9097825530337267,3.7806803250292154,3.687270235452146,3.7004064992864216,3.8901157032659346,4.046025462273253,3.8866320269900143,4.107048309650426,3.586727972703732,3.6774955482269065,3.957695218895205,3.94018778194503,3.7579080228766575,3.712973980086243,3.549888251703296,3.553020152773806,3.5394440240338625,2.8580377348662025,3.5776013820282047,3.167436952887292,3.784924270090683,3.2801963904513127,3.834230178156977,3.6711617678530954,3.7363432488104236,3.79836744310349,3.5298150384837164,3.2932514182410073,3.7686855713222727,3.859448354376793,3.910578810508051,3.9158705255484465,3.769199582476506,3.8569792783963623,4.0389051295541005,3.935947155975174,3.7620411637727447,3.953324541612286,3.791077724337379,3.871612632477971,3.6257604268265684,4.035463632560458,3.763621380516739,3.551788730390192,3.5346191946899888,4.168801771995383,4.061410940338353,3.573768705656453,3.7705104346464626,3.9291094937510116,3.809308266968009,4.031624626904531,3.979761019392043,3.729025867814832,3.730620435091028,4.05003446939702
4.030299193239948,3.759573495812232,4.203411603950264,3.805445205638412,4.3154101025336296,3.9668356618002627,4.163525093336887,3.92021346462681,3.9999240923155424,3.7645676706907065,3.7960813977306134,3.4210498757552648,3.1727985207285374,1.619019746566309,2.9329164229110987,3.9576029609948917,3.7336114984537754,3.8686876740604035,3.280814609637817,3.491092939092387,3.508898389946,3.988733086134812,3.9955407316235583,3.8574225429904647,3.519710011246553,3.7181021876316254,3.596202609729615,3.6970322017224593,3.669758344887868,3.576353366709841,3.9856068236030606,3.613416944120692,4.21417594140155,4.102709517621694,3.8962616498678004,3.694640044067882,3.975027187828342,3.806757214036599,3.813001395694354,3.56550249879251,3.830765560867823,3.841443306177699,3.899192913515891,4.003924226007312,3.813393111268496,4.073348720054199,4.071128682950389,4.0002873091181534,3.6336135233143527,3.792656026893961,4.081003692783491,4.240109848082951,3.90731702946689,3.8055075285305042,3.8724942469829213,3.8324088140976116,4.068658053957673,4.057244337327174,3.5982739659060847,3.467788784656704,3.433531434007098,2.9619408417964057,3.4742619930160266,2.641987535699288,3.328795283685986,2.9149792954311584,3.7348221063747378,3.125738421112609,3.867458585248523,3.8895829241388693,3.522186593591039,3.863599550145018,3.878653960401199,3.6232490670856974,3.4603674990294166,3.8459878807589223,3.7485006494837507,3.533140877550867,4.035813494171204,3.868387045324447,3.768216330621512,3.9362520778787546,3.4704575659660293,3.6490502092721013,3.5960433697235556,3.691905762787925,3.7890020837737444,3.5083315084906532,3.6150264842976982,3.773448012666416,3.869755298350072,3.65881810648871,3.579635868112799,3.9337953032244237,3.7463924005382565,3.8614128952102864,3.843129205329037,3.968779811117344,3.6726109263834856,3.8014732392197255
3.7550586366728873,3.648587965325293,4.130279762553808,3.940790142042977,4.4704937729352,4.017221452562274,4.1347261870355805,3.823605922866866,3.991597423037549,3.6754720271594365,3.58794433751909,3.5840924613485834,3.107478522451658,2.9329164229110987,1.6689606407070239,3.810543363602287,3.456833114272081,4.023484374801281,3.263863749675918,4.05265964022331,3.5747058840386616,3.755648369524417,3.954400035368552,3.868000105893541,3.370777759541834,3.913853358696838,4.181651533254123,4.179478578301819,4.201634585852089,3.9367276479089153,3.785221145071348,3.7953527162371876,4.105825566317557,4.128215250525445,4.04070560082001,4.1553717617890875,4.0961377575199975,3.7991518774761928,3.57947351698222,4.062359168235189,3.7183057305484106,3.9926527134082437,3.9827746884492234,3.7170859868282142,3.920360642463696,4.0198826773960885,3.965527406661346,4.023498533295852,4.234716267697144,3.6959621364160515,4.0416139636826935,4.182914660521988,4.058881914754092,4.313898364627347,4.194842875817263,4.266543069618918,4.1766681191198805,4.0890893859590465,3.758886714954487,3.218306776174098,3.533725688610238,3.0575209992086054,3.9770771794746573,3.242523379720907,3.360604117890041,2.616178374961421,4.122468792292463,3.4058445987588732,3.788832520705103,4.112627997194642,3.9363423547840206,3.959556950255035,3.892926814335661,4.310673718723349,3.5885382016343566,3.7940267594106305,4.250414348711749,3.994463032404319,4.085189298162504,3.9990049368262417,4.098639332717293,3.93205812624901,3.552037087351719,3.962598940033119,3.8960850732254273,3.903074264303168,4.129802140619831,3.841327596620641,3.961510170289842,3.875732916140453,3.879556537322301,3.9597791359381116,3.9842817532543626,4.077504298356048,4.120778513537203,3.8539021433708656,3.8814408732589722,4.0233876749517306,4.155265613817983,3.8056282731473843
3.9389574780306176,3.6403069199445985,4.3886140726239535,4.077766091447375,4.497212629054029,3.8463636781129398,3.33568143127026,3.662874382782367,4.320519534704796,3.7080036929632954,3.979317120437865,3.9458799950118575,3.540378438248885,3.9576029609948917,3.810543363602287,1.5755489827598304,3.4019716677053777,2.8848216444706622,3.7896420061371683,4.181001168199729,3.772245326688759,3.9404561366065005,3.7980272509201374,4.443980915958147,4.067102762874603,4.374799423645678,4.386599823520848,4.13941349514924,4.035332452971586,4.339721161990652,4.0998945365798525,3.9477946573856184,4.142598004851803,3.9389717195945693,4.336481419601735,4.194085341447367,3.572254253670875,4.191644603920518,4.015601516561443,3.8109794453666117,4.225954010367204,4.02605219294723,4.360299702407008,4.128225806361398,4.39301508669229,4.115495032696929,4.119327331200978,3.7856496229784353,4.037923263105013,4.427759830954201,3.8089263355382976,4.041052403941526,3.5793211914325105,4.191690117837644,4.204578483153491,4.150688363285297,3.7904912596046376,4.095558161606748,4.481496329263254,4.4415430202457635,4.217532853816579,3.832231800901205,4.273948090888393,3.84124277258619,3.8018246599097596,3.8302824847376225,4.053567178306332,3.8493640113458776,3.6365438222850024,2.9941241405298458,3.565212091380532,3.9311517666894726,3.703257683914442,4.102304916030107,4.272824960107168,4.354029988792272,4.4901973839173355,4.325981041668675,4.048734500713525,3.916334376180617,4.082066922196163,3.8402552141484687,3.874464066219405,4.385599252636444,4.001525900500656,4.165141990317843,3.481932324143639,4.323179336264818,4.2758223404535975,3.503024964012809,3.951701361671224,3.862884570077216,3.8789196906920567,4.153875989273577,4.143029607097694,4.184345668531459,3.9779838900367226,4.046190943331723,4.043351646080624,4.34356140044548
4.129840983961912,4.097283075553627,4.238604577230972,4.099892523206225,4.317257467473876,4.146801568758445,3.853339662794985,3.9679984224625993,4.286815711172697,3.9696109038635328,3.8083268726156048,3.27836147972578,3.9875472623231136,3.7336114984537754,3.456833114272081,3.4019716677053777,1.639587047875619,3.4798615511172284,2.5860295683031227,3.795259598487218,3.015710555154374,3.0975632993473696,3.4206688771420755,3.2563701402184058,3.348001414554985,3.6883799480985333,3.627661135615555,3.588281910739563,3.6106560603150264,3.5307198303002787,3.736215479058494,3.7604538454714898,4.099210615928702,3.5154048514339538,3.5845967341871874,3.963081729642456,3.8805444374100664,3.5811270395135337,3.5234009680024916,3.3713436242456534,3.8653572432422063,4.092808401426295,4.093248682527846,3.86928473963216,3.967333533442042,4.0035314881620545,4.092282232024506,3.8298758373452713,3.628445018344847,3.6068650157092783,3.9089074473183367,3.6191606712977356,3.4150012759518784,4.2050188807188835,3.6296973743899676,3.975671482309766,3.552972584545109,4.255115621566232,3.6949632114983535,3.3563513451164444,3.4883188052002665,3.6279412812023595,3.696937244095906,3.0568706249131927,2.8781407849510385,3.830458194756987,3.5682669520269994,2.747886141449499,3.1303274394992187,3.5780776303320967,3.32317789993074,3.61040227124922,3.363772841315471,3.592516134300881,3.157133897796952,3.701439086703695,3.730548707003665,3.479220404748055,3.799376644697115,3.751053473090139,3.6494750825445808,3.8198411125817078,3.307003782887145,3.632484954594568,3.4388318648781597,3.6136069753201423,3.921436920667384,3.516499286249708,3.8153324732170053,3.587018897320051,3.8992198833027754,3.654524530318664,3.4249416911337445,4.199256256242551,4.007112751557849,3.6230919390239715,3.7136024668637377,3.658164937264696,3.794305020181689,3.532386985481056
3.7840394863861038,3.338224507576041,3.9497801450658097,3.740302812081684,4.072163582049033,3.726320966392579,3.7862954639950788,3.4221218159118423,4.246985458404112,3.481441401717737,4.141862508097067,4.010637589320905,3.76968893623348,3.8686876740604035,4.023484374801281,2.8848216444706622,3.4798615511172284,1.709006144700241,3.6712415663320126,3.6618548389118843,3.4971996657662134,3.7696378790911957,3.2187490508439836,3.664153144989034,3.6063100806614594,3.836278634162972,4.107103717441674,3.875084922790732,3.710298320525493,3.923537545015185,3.615831184492565,3.5998201029302748,4.108743827950158,3.6184610345454375,3.9611986340957,3.7955225256397402,3.668104096981202,3.7817150354662767,3.886390436506892,3.8716772189559694,3.9681657052640764,3.9415869590534522,3.981856413281083,3.806717833601086,3.824785721497402,3.7816838769582466,3.6172157758908283,3.853684718055206,4.030719468385939,3.939669905095707,3.515542217496299,4.016040076811584,3.6630121141551197,3.588872824524802,3.9803208532202903,4.007689673077955,3.5555891445638372,4.167412541488283,3.9069482853597552,4.026219748950387,3.5671947386159384,3.829518035838471,3.7876382528224863,3.2942252405570183,3.688473916278004,3.886940370710358,3.800841415249188,3.758612093774461,3.1888332298342617,2.3691232428400397,3.6117157610213275,3.803577993247512,3.5383439871306406,3.9812291338774832,3.427182981388301,3.8173269659310116,4.096356254868383,3.9103883522625758,3.7659888037973888,3.531392548573,3.7155012953184925,3.7569822256543306,3.6276532159957138,3.8590775757221296,3.594874114286669,3.7272128107846227,3.555763759567045,3.75909005198507,3.944785067251904,3.5294488854189066,3.652681303804246,3.45711690242533,3.9193640591788235,3.862555295685793,3.941497628977602,3.928894574178238,3.609218764344117,3.7099242267932766,3.9540940166282343,3.9553572833688877
4.246047670562266,3.887936157250303,4.3393549672465594,3.874093148667037,4.503704029262734,4.287720472192419,4.035378949132811,3.870146597409597,4.075716874564405,3.7995485007568255,3.682411458635886,3.474299279077368,4.111662363356615,3.280814609637817,3.263863749675918,3.7896420061371683,2.5860295683031227,3.6712415663320126,1.7392120748012012,3.969418426506825,2.8354120020738827,3.5543383573410376,3.056204664236481,3.71228122926667,3.0997708463533993,3.707806382040009,3.6932169488639266,3.476510526639286,3.804123115234586,3.535860509260073,3.807167513529661,3.7359353132258626,3.9566417582055347,3.639339720814253,3.6125582275243273,3.7326897524327247,3.738897754307405,3.397800880971847,3.7032393696076573,3.8982397586138857,3.7787972846954605,3.9412925159154484,3.7259350993532503,3.723052976269997,3.475044664772866,3.794983755009833,3.7663344399456333,3.724345135842931,3.912432130980972,3.635505120553633,3.9539484654854427,4.245711667777135,3.468504102259571,3.9183816281245454,4.130415101730746,4.019788916803937,3.850550022964527,3.9638566103030337,3.674452395526072,3.484418139352145,3.687769655181503,3.4233943476516333,3.816796157249587,3.1759480893345606,3.105300691197195,3.670920448714777,3.644265260782785,2.9675273891808294,3.5517308246060795,3.8916725905952543,3.5554071393492768,3.792888529134622,3.2762277903881487,3.733122961293009,3.3115414522030684,3.6819847727853796,3.7677496239688737,3.5907319860442444,3.8484258523532913,3.5014346066532567,3.66042192318544,3.9762188658185074,3.7801518260321076,3.767418538985177,3.471250117706707,3.9138367867361756,3.726512309423996,3.6939530573693005,3.724168460974949,3.88498191635217,3.8233024696298816,3.786037792755587,3.606811746624675,4.011416882582543,4.089362147315633,3.6802141841652403,3.8334609580891312,3.949200358851392,3.8758431416208174,3.6309279894807656
4.087186036841435,3.9867200608347755,4.39904313957923,4.476792280656161,4.07913588328363,4.112874831881805,3.5924669846773662,3.99920337432377,4.373117055330967,3.939974324762156,4.306051232494327,3.686849557444755,3.655679198473067,3.491092939092387,4.05265964022331,4.181001168199729,3.795259598487218,3.6618548389118843,3.969418426506825,1.7791140580494182,4.022165545954836,4.157683161118606,4.038138890602533,4.289651986065677,3.9764067979196245,4.029969821012475,3.963909725677539,3.6691349737615018,4.082286274153344,4.057258576039806,4.019301767490988,4.14892093073728,4.029668529143202,3.980866072942751,3.9256246774907866,3.1932817196443017,4.417905606596524,4.21470863017215,4.212392604217862,4.03051171018722,3.732051460850812,3.9655350468842196,3.9837906366793954,4.206983974636197,3.9427841328144635,4.166365347656397,3.970137728622459,3.654212366232948,4.019326696951191,3.733875958434084,4.313356636836921,4.312927298433111,3.851339138596163,4.174007755443331,4.216164095271559,4.26278712857747,4.041167729668571,4.063512337294564,3.7967532442228507,4.159007774122589,3.9164845408664912,3.6590681587858582,4.064228993756577,3.818293649179405,4.001543011281493,3.731930534770407,3.471004189128429,3.965155599261585,4.032723076722369,3.675500131767716,2.976410930563803,3.989987656632336,4.105826280060927,3.906683792760594,4.169357563782081,3.9717111674391403,3.814817521350742,3.9150424838753834,4.073502872885701,4.137486561484768,3.9729796899950265,4.053784713780592,3.9614989962598153,3.9310718567526783,3.7681259675850924,4.192009374403301,4.082270365449474,3.659693004412389,3.1468296710348396,4.072394545780943,4.4316483095274135,3.8645651251804156,3.808121018139626,4.171512886262611,4.246424015238675,4.3576584394364595,4.246078192396146,3.986195451229869,3.897693177369174,3.857116424163979
4.011830261483117,3.723244373453553,4.076601006605722,4.089350512281109,4.413591878799963,3.9410644858014465,4.190648813819135,3.850538369208659,4.065493298439475,3.654849682799241,3.8514957571784993,3.896574156110016,3.9711316699481896,3.508898389946,3.5747058840386616,3.772245326688759,3.015710555154374,3.4971996657662134,2.8354120020738827,4.022165545954836,1.6723732064691945,3.729001412142076,3.334329981078542,3.7083553268849787,3.6191614432343835,3.971481436850958,4.051470543066869,3.9092347065077653,3.495494886401573,3.5265337817702425,3.569469045680316,3.658671673188326,3.974158898041749,3.6396262333598486,3.860577285020213,3.7330710002098915,3.8683595137805233,3.4899670980222535,3.675745719463343,3.612071995276571,3.941246050270393,4.014944599312079,3.984885767012987,3.7735477104331867,3.9365045235275065,3.957885458025544,3.738588275121492,4.012631033901953,3.934176796031179,3.748391854634174,3.730000398658419,3.9409590579758373,3.753123833557912,3.7724532733771037,4.251829911521259,4.1278667160231075,3.8822419557931753,3.9790340222206164,3.779267350004545,3.7131710430076628,3.8500173026491575,3.821253390494005,4.254088868817137,3.5249417131944556,2.6530222819992675,3.8301718134387586,3.90373847977696,3.0900995592871,3.381606270561219,3.5353988263941685,3.513772006058985,4.047291568555627,3.585456639838493,3.828446700702291,3.693586341517894,3.8730859531239283,3.927815612008529,3.6917227721470907,3.624529759591866,3.3119002357046643,3.8426534258312,4.1063485382864515,3.768399711435533,3.7795208859237586,3.8412160290895083,3.7873402848773363,3.7057345209595263,3.742823451168058,4.041516100867301,3.926090572003385,3.5177277660735897,3.4962168321498384,3.650607264879632,3.9868871452725165,3.9741207448307017,3.747744213789697,3.6471750962648395,4.038207487604285,3.981275400913516,3.700275628088462
