0,1,2,3,4,5,6,7,8,9,10,11,12,13,14,15,16,17,18,19,20,21,22,23,24,25,26,27,28,29,30,31,32,33,34,35,36,37,38,39,40,41,42,43,44,45,46,47,48,49,50,51,52,53,54,55,56,57,58,59,60,61,62,63,64,65,66,67,68,69,70,71,72,73,74,75,76,77,78,79,80,81,82,83,84,85,86,87,88,89,90,91,92,93,94,95,96,97,98,99
1.8861725494184434,3.70359839026394,3.7849894261450934,3.7598385603882774,3.6896652066765765,4.134111537269056,3.614161073400006,3.901923754219082,4.173011295116926,2.9450952959883514,3.9611419424319454,3.5737656259317596,4.256809646996125,3.939707678052998,3.7442307351546518,3.524574026411628,3.3392047400662483,3.9918050637109084,3.430171876905166,3.5424193323504896,3.7829149380982163,3.7037470339536833,3.8859859905076206,3.7271747608319967,4.087031453475601,3.347815927655813,3.661006910407824,3.7214767615712496,3.870339140031798,4.4434066131962915,3.9616676958028165,3.9618975028048333,3.5170375894723396,3.8921987940455165,3.5814909135131923,3.9340820127859195,3.856948611279687,4.02078396793393,3.878622221657023,3.8014832012755337,3.759329226262811,3.771052611056622,3.318262626672681,3.724196143525268,3.66548418474507,3.861612724469696,3.8658800788321863,4.227049991692864,3.7509056019587774,3.820090203470832,3.5426021112585477,3.766493488888838,3.860817987909855,3.5905491091936903,3.7833668751906675,4.030819555172303,4.091177348927902,3.976717045993522,3.5537690589501105,3.9087139286954145,3.3696405380287597,3.7872826170329406,3.809447433758516,3.542319247653627,3.771007534680547,3.5731926760827806,3.73381791392547,3.66087065046037,3.8381141776069168,3.9389330490582197,3.8445129069046087,3.582722733679986,3.7462454070282045,3.3386151115693004,3.5126590061188456,3.288539944461688,3.9518504297265746,4.010648166819872,3.5882376718014934,3.9551753917430204,3.647066783063912,3.5309297945654516,3.9034693305489223,3.5279378603073663,4.130593978958961,3.5502642136178935,3.891673846880612,3.942905112480388,3.8924391584262774,3.5046545314338546,3.3606404716740643,3.8394671549995225,3.5114498824345617,3.8631061898135366,3.6416960178660176,3.784290818006158,3.669883877354861,3.72407175044602,3.856040733562406,3.9323844569908677
3.70359839026394,1.9148754759060753,3.1369085767205833,2.9604617498565986,2.663881089674255,3.3244392968893073,3.391799186508233,2.928509926375735,3.0644113605406784,3.348174973550372,3.722501326617835,3.8248624760760235,3.7365542761722654,3.9447740208434925,4.1030558253841205,2.992914647557952,3.7052705738424394,3.052261724276207,3.9733572904305094,3.4007747088107663,3.513289718398795,3.7942879707843336,3.3542153200172384,3.4868442756793265,3.735612507401672,3.5543704747420644,3.56501621674292,3.5855574946540996,3.6209028780547072,3.72097011607394,4.076370603411006,3.9710758796737737,3.8308708121278223,3.784401331162738,3.487224135977607,3.905796840271746,3.871840119567066,3.6957137706426524,3.8430362557001043,4.061937999401541,3.7676036910902715,3.673833370820334,3.9387575013828453,3.6496137509412385,3.5711389698699185,3.4830035189951665,3.8707731907921987,3.986294077296495,3.6084460829501337,3.342398209411561,3.471300378170149,2.4254166810216633,2.99910778615007,2.9980740573440356,2.50564715696043,3.4694438160860432,3.0171254524615714,2.764582072393866,3.3343568501326897,3.9186759796365624,3.6814294579766145,3.6115731965352365,3.430709568804381,4.2533093988738715,3.992383290248973,4.0686021430701675,3.2477435120129288,4.2464877406679475,3.4831300661428473,2.89453719691141,3.462143504077381,3.3591452217881157,3.1559929132441225,3.3462433254477673,3.733192159891614,3.4150754519646576,3.361487434394451,3.441972820692375,3.6584471155026757,4.191049866281863,3.530710514964839,3.9506503449978947,3.575512028334001,3.2665763983797333,3.574746517690634,3.9788813501884377,4.30478610266796,3.680744586534549,3.308797850068326,3.4992655095467806,3.5698027057634545,4.098103675406984,3.0898135133946267,3.7334567208968257,3.58016145375081,3.733877062471488,3.488432413221531,3.7237961767657572,3.527273282204305,3.675568617050991
3.7849894261450934,3.1369085767205833,2.011414424417927,3.677527087563071,3.461757195121629,2.8220731126925034,3.136756239687771,3.1398307150888596,3.1152323089731104,3.4990500916882645,3.6040523312075905,3.4497308643644953,3.2265563711120806,3.5857945222889533,3.466391823204647,3.279645206985109,3.3035780203340708,3.50015500719028,3.357737492094199,3.4198241539876983,3.6778885807590598,3.7552111304642346,3.537264835340783,3.429345845557245,3.7379168502029496,3.4655387980015577,3.470284778695529,3.494100560379266,3.4849396170909808,3.5910022764106135,3.94836991260742,3.674785517593912,3.844163936134865,3.7037340507536665,3.4549364382304852,3.65854151138295,3.7073894251971895,3.829455068986484,3.8624139883686155,3.873012877259302,3.4703001155284685,3.556381616202428,3.595887820023545,3.489646686052913,3.47275165525376,3.5374177113802996,3.2405758217466922,3.3514210164880334,3.3949990225697033,3.627203014394157,3.3772306009075392,3.3040447205611003,3.739829923425505,3.907914067558938,3.021521523729407,2.7956529998145507,3.3260024639115184,3.1966233435871394,3.592594176085875,4.053824468181713,3.3009329101738234,3.1105655140953594,3.2510172183933634,3.2184179007430433,3.277542592419273,3.4818037843941383,3.3870818580605104,3.433368686012957,3.748442294115807,3.5475514015153884,3.7282144443606158,3.5336529254906424,3.597155676846333,3.4230377016780382,3.2642449213115183,3.4922503288566977,3.336744922427949,3.380004367401231,3.412478951201809,3.520228444809029,3.694017330608767,3.5759403328716095,3.055706870326228,3.344976348014772,3.19991349412442,3.313374831491116,3.8751005982772053,3.4099161465073577,3.45411276457102,3.7241423925067862,3.229688530271518,3.491327260318051,3.1098958475776475,3.3435240433535873,3.8758437343623675,3.401151331437493,3.279889172137124,3.1754921010765287,3.2334270214822802,3.8851508553158647
3.7598385603882774,2.9604617498565986,3.677527087563071,1.786296243704258,2.540274796294225,3.552557448312587,3.7139412356213395,3.3906330387224535,3.5209071534944614,3.6071271581983617,4.078477611445683,4.287620366118335,4.275987728122177,3.939293810916807,3.8802201739556934,3.564515935759901,4.0553365310844685,3.5988346188193474,3.9969807891096987,3.6798432640773235,3.691787794114778,4.011179057094246,3.747254060994675,3.9052799584990443,3.825992433779473,4.224921945413725,3.905078379699185,4.143227569260638,4.146283393216765,3.7932991895846953,4.351015838647705,4.122954678397839,4.218290264271632,4.064248667642881,3.651307650385922,3.578910857228257,3.663128770830743,3.8888238324071716,4.014116285434124,3.967235043657697,3.799935447923704,4.259750226150566,4.047701478660059,4.069534935291809,3.9473305395750193,3.5329450339106594,3.903101104459564,4.0542891962108785,4.023961835274388,3.926019280430909,4.069134802668575,3.2712204402778595,3.4370780260085803,3.104649997517631,3.2462304803369846,3.760565221971054,3.494447921937694,3.4363776682825247,3.3269820781914943,3.7866993717889845,3.799313446861969,4.206765085969609,4.135371039478832,4.1269285793636445,4.19238112631301,4.318737892086097,3.3455636702055767,4.228038087533093,3.8965171472831037,3.6421113427669183,3.3918544516251843,3.652142874193041,3.9413149671248564,3.7686515987849885,4.022705121593584,3.4901019991647124,3.993439715950367,4.410957921345338,4.184097236460969,4.046785354405162,3.833849411412887,4.176118856701702,3.9457648341281857,3.5719762422514534,3.7634165749045585,4.202446296710069,4.168808110769461,4.3210556175277395,3.3535112288704916,3.8098418210094662,3.752478677496591,4.128959427543597,3.92645432596657,4.400946786130612,4.252394496035733,4.155257103790294,3.98225651720956,4.057498624552207,3.822303559412633,4.079336166416719
3.6896652066765765,2.663881089674255,3.461757195121629,2.540274796294225,1.7130388367362457,3.264950816019384,3.6801634600233775,3.423304687304366,3.2579481050330807,3.6482816912055265,3.74978732555327,4.07546300748999,3.919890184561835,4.099611470473547,3.9714196868033307,3.482495627440903,4.065517869016955,3.444554467949795,3.9023531809351986,3.3201444010656394,3.6462802287176235,4.007580958590877,3.468837198977417,3.8375089852259574,3.824449745191079,3.910341048840086,3.7005830342828707,3.7626436383368573,4.163938747275797,3.713471640383834,3.7299039188563143,3.7613301666785666,3.685512101721263,3.8078644786551834,3.290150930270574,3.531446334646433,3.559611804391216,3.8071401651292582,3.9406659376456172,3.918217947283737,3.5896114052571586,3.9453766988585977,3.8255590750521464,3.7950737571904143,3.7316321312505663,3.5836932669342527,3.6342707013899087,3.6325736030595372,3.832120808643721,3.8945361479921154,4.128361023480058,3.1965790593891747,3.5131372742389635,3.2967995927627856,2.7842081115042734,3.625812692146175,3.6154005001646237,2.8930425567632065,3.3660962155980614,3.5117539395349278,3.680180986829171,3.9925323278404976,3.930629970581912,4.054359817131807,4.4750522425003,4.239400571236234,3.351251200085736,4.274241488907748,3.815681111332967,3.4388708854436607,3.623019386435098,3.497361027296016,3.632779292955294,3.486431110340434,3.7525867833714543,3.474230524734716,3.882549828484971,3.7902779906268362,3.698635381554118,4.2491816670362486,3.7382327418159607,3.647995525267398,3.518382733207412,3.423794377367533,3.488335121526705,3.762912881189849,3.700508699053295,3.9826435596794716,3.3201795688689706,3.6782555907555685,3.7064465113443994,4.034477255767711,3.693490122583398,3.8479941339278922,3.668106795316596,3.791725670896279,3.6811555644868066,3.634701314133897,3.6524712480825463,3.9773050568883854
4.134111537269056,3.3244392968893073,2.8220731126925034,3.552557448312587,3.264950816019384,2.094214644050454,3.7094176014890916,3.197555539227679,2.788006636451666,3.4768689173085927,3.9181759304292765,3.7567448134039774,3.3050684696391714,3.6928358117391107,3.496487877750829,3.9131472778724,3.759548288124011,3.767350797041523,3.3727911218015714,3.6431393756584076,3.6085144871126724,4.04888388670071,3.9320276179461127,3.7602666793428954,3.649986869901661,3.626418026761153,3.9525790537677588,3.8302055139168782,3.2929236274611116,3.7682502585280613,3.824639929131826,3.4617299263473056,3.7662143980110794,4.076370755696858,3.9445093998267775,3.359123818699563,4.0961552028450585,4.070263900919631,3.7473114346434784,3.8698956226989396,3.770507136416133,3.678430103464088,3.7678735185052594,3.9020593531242938,4.004740933096562,3.895689871348754,3.926818127496911,3.9351892695450417,3.299300191453542,3.9772799171236373,4.091945681605437,3.235445445624969,3.932986890042296,3.954118442895654,2.6672569328382645,2.6612039912649674,3.296190430166888,3.2353051785979967,3.822899541356305,3.949028249925593,3.4667891625413683,3.6770993784895714,3.432525672169543,3.509363337980552,3.6710519134209534,3.959223584068808,3.7357069764192277,3.913092693318076,3.770500844524317,3.607908635451714,3.7387689116964764,4.247273392509896,3.808227793620655,3.417065344253302,3.4148101116560965,3.632618090457598,3.1596329502038256,3.4289093077996227,3.990348467294182,3.8481918233353367,3.65602261703207,4.019909146170815,3.6131385022620854,4.034119605565261,3.221822597988748,3.7424567495698122,4.060507944017089,3.7466898481526982,3.2744144894030507,3.6491248006964985,3.7283687351155717,3.5973040103554244,3.5934469778585263,3.860184812680224,3.99962113269558,3.767113102828106,3.581372765551285,3.6051104663337035,3.2599841856212963,3.8835851549317324
3.614161073400006,3.391799186508233,3.136756239687771,3.7139412356213395,3.6801634600233775,3.7094176014890916,1.8968822103760727,3.0220707704094396,3.1913338697267903,3.744881712362171,3.740642756091293,3.957662073426828,3.5578571473041234,3.3188808396077896,3.85666632570647,3.0360857975112405,3.2105909215498607,3.037406430805174,3.5496160784981607,3.941483269504649,3.6529263113229375,4.145369191431582,3.4443762066720667,3.3404188505294625,3.7006124446447095,3.5818178706776695,3.6665367685507424,4.303992843656544,3.6533096690411497,3.609611732251606,3.8052645836367005,3.2732068263898424,3.497077995692539,3.4649413195334144,3.891015515869407,4.27549189684971,3.8757654217866806,3.7798944099964267,3.761398205808795,3.9026866282451715,3.3811601887494995,3.612993049279384,3.8247534780153214,3.5099525288599067,3.9693558716881627,3.5975970398651955,3.3711199854493925,3.274031871462295,4.008246652857476,3.5837076805364845,4.097267686478404,3.3137112110057436,3.0709544288775814,3.8730495114414563,3.3526890966714196,3.3729423162139542,2.7777489089300174,3.2428783219112516,3.8561183308825866,3.837205767492826,4.070896038066784,4.032557968100838,3.3425362366130282,3.669050275545237,3.4357174925423366,3.9928544792091833,2.917289894326604,3.746623534280478,3.0713611419391786,3.1079131682945116,3.5188671172939228,3.4804026631899463,3.3055771134325553,3.603385922801824,3.3902547678354487,3.2014320743591744,3.3349358192139946,3.490495774181699,3.5988577786703315,3.751037647355589,3.4249985057017036,3.8176106200592734,3.598658269740175,3.511865930974628,3.90667590272738,3.059566873853139,4.262875575428359,4.226355365561096,3.8238971310205008,3.817396023557704,3.4094365265970494,3.8253131256753297,3.7553581761350636,3.753464108168188,4.11638565502862,3.459012564225479,3.509054345855435,3.5313218647921683,4.0830093941110635,3.720687556575105
3.901923754219082,2.928509926375735,3.1398307150888596,3.3906330387224535,3.423304687304366,3.197555539227679,3.0220707704094396,1.9356616666089643,2.6007887171497663,3.3225009174704287,3.5523987594618545,3.4384779461139865,3.0628714303431814,3.5539154018693666,3.8640444876788536,3.024558717527923,3.625513153210604,2.613518765822468,3.701448523380775,3.4199271949697305,3.4861517355886673,3.4656231235899218,3.350831843123656,2.8731567812653283,3.625169368762248,3.28565554088536,3.2415948547909794,3.4538910604296373,3.5891553064683723,3.6092847166069704,3.9165165876238923,3.577367600288263,3.612023317512189,3.5723798138153424,2.988579967453569,3.4885372745231296,3.6932413417294274,3.669021126156369,3.474672606147883,3.8545984760551626,3.5578894808961716,3.874760276278724,3.3477844715334495,3.393770261081824,3.3235095639693593,3.099961456723212,3.3083176105617254,3.5389936509754927,3.4168622820908636,3.215974428785413,3.3167811037649515,2.57493227912624,2.9642095088639984,3.2030396718712697,2.613676735592422,3.0334717878821027,2.3462562602395085,2.672419622701128,3.3749343514871435,3.4364469341285204,3.540881229439922,3.3295851966319474,2.861444289137145,3.4438579902380204,3.475095883865694,3.446698909647397,2.8931919855437136,3.6236389635027266,3.267350987101761,2.7008334009127903,3.2791188568839167,3.4914493891936,3.1929127142644207,2.937861504772618,3.6450226371488896,3.4172271222228825,2.812912893646519,3.197738875762238,3.483449421189363,3.864770614884337,3.272019884482943,3.7534322227116905,3.2153275179943166,3.0501549339894414,3.0391067684079554,3.544220088383648,3.7400173973490802,3.406540902689818,3.2086534630121237,3.5838058562927024,3.417405499117802,3.8634316432716074,3.4536271174232382,3.5496742162349184,3.625734055572753,3.5098747910313426,3.242390484237792,3.4277141230696144,3.3473927845829734,3.2020683343112433
4.173011295116926,3.0644113605406784,3.1152323089731104,3.5209071534944614,3.2579481050330807,2.788006636451666,3.1913338697267903,2.6007887171497663,1.8674770156693308,4.200612776468196,4.080705787068866,3.9353456931497575,3.2053790260429977,4.246745324970146,3.618396733935887,3.642735485893345,4.043415667020552,3.109743366860733,3.8661007196605235,3.731864851667041,3.738994312422915,4.250222622572607,3.7485122083774556,3.7681160246067873,4.230714624950095,3.882798370164279,3.6845379453034752,3.9145890354057573,3.6370944731471373,3.5577122574523843,3.936323252981122,3.666384876704825,3.9465269190045684,4.0454907698268805,3.5770898227571637,3.7241610763155872,4.341751286827633,3.9273401366709897,3.673327178750992,4.149431460604567,3.685420132147758,4.271936236754841,3.683809721923032,3.9299486236530354,3.6252848486559266,3.74533946544507,3.484669885016616,3.728595399488342,3.6727126149205267,3.9981704844765007,4.157939720396844,3.1154179009767864,3.6536666356960734,3.628769749875222,2.7154968641882986,2.6901683818713256,2.8904877193006144,2.3937085137404117,4.185784233607526,3.980499682459472,4.118250178702996,3.9986143318851837,3.4458482040728176,4.074593274233913,4.062602601998446,4.390627968970173,3.603803704460148,4.308296990318526,3.7254756436063556,3.3215832876066944,3.649121575640717,4.230964236464812,3.3991172550682194,3.2212413520378553,3.879398777321872,4.280186226095843,3.110778070849728,3.0662294242793355,3.6942226377332177,3.9378305648430443,3.78147226221697,4.0316658804970755,3.285116549042411,3.7334923278562075,3.2199576356516673,3.880902676483736,4.391668531381857,4.091326367372953,3.6951867732187003,3.558738902858192,3.6143238847591905,4.21725536778342,4.358927082707195,3.8017281071131728,3.497200386307202,3.9336177325842865,3.7303434505831596,3.65356475578378,3.473013489806396,4.07210701261274
2.9450952959883514,3.348174973550372,3.4990500916882645,3.6071271581983617,3.6482816912055265,3.4768689173085927,3.744881712362171,3.3225009174704287,4.200612776468196,1.8109753367517045,3.6108779431779205,3.1707946649556766,4.051860781295982,3.8962986486142634,4.083247893452165,3.8145966418198354,4.058193158550016,4.240953976039154,3.7843813017090304,3.982454597900941,4.2181900501970375,3.8621295659875394,4.104351982392529,4.058145768328145,3.422941855251892,3.484984949556127,3.8655934249216295,3.941818605370964,3.8905429140336296,4.0173562306214645,3.743631518162289,3.823685457144454,3.9897907652679403,4.278040088448874,3.888441874379176,4.071386762482845,3.7088602179000083,4.138734365828045,3.9811089327126994,3.9206359944454707,3.718344369851839,3.73141460205387,3.9003836838934776,3.622014853437114,4.103771015441567,3.61576093108407,3.9989080847144014,3.81604353373853,4.13522018592125,3.2512744536806792,4.16285391268441,3.7700013766987457,4.355973908884048,3.8222914548154705,3.4919383881427057,3.9174296296521334,4.0204651347408475,3.870603908264717,2.7849940676559686,3.7169806998739765,3.171350853434742,3.734676333894107,3.829948418346862,3.869046573946649,4.0236651590717925,3.778428785044181,3.847932450849451,3.692212404113476,3.9744218178343007,4.084609505294798,4.188410201521794,3.830760874815526,4.1956450419900175,3.5332069347290744,3.933449025783002,3.2659895385962634,4.043345846079887,4.152478940993992,3.9575647418777664,3.8985354954379066,4.129362648757077,3.783979157375123,3.6841918250999255,3.839003742494551,4.155804725936053,3.793406279944438,3.9901423883292484,3.8191388422628703,3.9768784090637546,3.9621304675292786,3.9866302946368224,3.751369286460708,3.4865623144379243,3.8565600657876082,4.139277341876004,3.6610897669064206,3.3320284229956956,3.3692703058866793,4.0484544812501735,3.5090858363058044
3.9611419424319454,3.722501326617835,3.6040523312075905,4.078477611445683,3.74978732555327,3.9181759304292765,3.740642756091293,3.5523987594618545,4.080705787068866,3.6108779431779205,1.6691519815424518,3.556578754722475,3.823260419227947,3.6856753622560054,3.9016405479750857,3.591419516074091,4.177135812390703,3.888919332020615,3.8607252174673405,3.957248668816222,3.7173717835368763,3.770664012275677,3.4898649820240926,4.1040607930200546,3.9318098221455995,3.9315964032013206,4.027264534459058,4.140931963198802,4.20948623806397,3.9195304128689323,3.9420106920644713,3.92140115092231,4.041051645995257,4.208514556871087,3.3149688499051226,4.176357414828912,4.142727569035147,3.640431118338502,4.277354179949035,3.8474516006247037,4.028593341396924,3.760206094444044,3.7002379610055725,3.7568932954540992,3.914211259577688,4.136385445514,4.2322179919225205,3.761021552442822,4.265160932017868,3.8099071276250274,4.010191381230662,3.737654787514347,3.917877206159238,3.703431797532198,4.0641901714570485,4.417599293182883,4.000960868611455,3.86416604530184,3.174514017764562,3.0533557464127843,3.2414818974985335,4.065198077209117,3.926182634017482,3.9502821761799725,4.055140694951929,3.770289381475765,4.187637112508389,3.874368177485398,3.806522078346623,4.048396119470772,4.006613047455378,4.033429309919409,3.989518116301783,4.048286745460807,4.133560297766814,3.8287680884302917,4.2479212046758,4.277057983808547,3.3868310172486336,4.0136081711647575,4.22202663176328,3.5560968362337846,3.291149994409495,3.6854841797656093,4.1043490581573705,3.7204607609844254,3.854688338319909,3.7764544686864343,4.120478113571292,4.022157642623547,3.8893340824782343,4.045180085435691,3.9028473207591037,3.961882680137215,3.8833596680709754,3.8242170365960195,3.9824329990746756,3.743799274691771,4.354327551240019,3.7626999342022005
3.5737656259317596,3.8248624760760235,3.4497308643644953,4.287620366118335,4.07546300748999,3.7567448134039774,3.957662073426828,3.4384779461139865,3.9353456931497575,3.1707946649556766,3.556578754722475,1.73652852943586,3.0592468031644913,3.6528146512067443,3.8952751633434515,3.56577713447342,3.8187656311937994,3.596898637322397,3.740754571419576,3.746992164339151,3.52291992591091,3.945482402963651,3.659821742377517,3.635840939208453,3.8099930448980865,3.3619102680620108,3.7791810751193524,3.9354432291472405,3.8707966133615823,3.6851551231649626,3.7197793893013813,3.6904890022208563,3.540767838261065,3.9840897110338647,3.6102739386534703,3.7728201633892047,3.967519516197367,3.8435097762502504,3.6686235901666526,3.64432236723287,3.670949165967528,3.7703292220467866,3.59045210036303,3.4795958207987647,3.827641531138294,3.8062982301568344,3.8020584846095633,3.7539556488663814,3.578859104817016,3.8233898510010556,3.7049579765511087,3.6989921513067507,3.4880571587738167,3.797966393319851,3.8061929159158443,3.5787775305126366,3.554853966938392,3.2781285942243636,3.628864970895036,3.4630175688989584,2.7652786562308838,3.4804257887207024,3.5903527641502206,3.4399568892735566,3.5282565927203104,3.706444620045346,3.860992016134967,3.3948956028002857,3.705246722101207,3.509303022621676,3.64954087129784,3.420182661382896,3.533545435826572,3.764590194320016,3.6334756555929713,3.5527280697375074,3.6456195802455533,3.4769407671753045,3.8907674464662194,3.7832853653585903,3.802275458593898,3.6517139162120134,3.4762630792727482,3.4849854073859063,3.842922231613974,3.866573143810901,4.0261506145631545,3.80128508869814,3.919483666247662,3.9459206310542605,3.776561594953712,3.9841218959207754,3.941036757703555,4.1442966843183715,3.6231208704312703,3.5710260994829635,3.4436520929969707,3.5685431479594523,3.608452527995559,3.7161400026862847
4.256809646996125,3.7365542761722654,3.2265563711120806,4.275987728122177,3.919890184561835,3.3050684696391714,3.5578571473041234,3.0628714303431814,3.2053790260429977,4.051860781295982,3.823260419227947,3.0592468031644913,1.815661491659425,3.473545943285062,3.443285896450947,3.2775718936622766,3.128469569434978,3.2614979993078803,3.2079885826800885,3.684818660519487,3.345621107299582,3.4749086473789146,3.151417299204812,3.306719622712585,3.577406016004899,3.4432361507251072,3.3950146132181644,3.5913841427091215,3.3305612992300078,3.4641267450489637,3.434038418638838,3.539076062954826,3.6726189533553284,3.788914685768284,3.2356742621412002,3.1965565147184063,3.761673384072724,3.682300764301971,3.5428578495643914,3.4972071057226777,3.6825814332811255,3.6881025219451016,3.5475869503606243,3.5514874096885976,3.49873731234874,3.4619869983791376,3.4020488096031536,3.6657645486346513,3.5798366840913385,3.781301052584934,3.5892689262861457,3.324194289570513,3.65325295340429,3.8319913645815866,3.307256257335758,3.172665058852152,3.182649823859478,3.0929727264811113,3.5571886620368,3.4270565630628385,2.8871630631847167,2.9314968331877957,3.0472918938926146,3.18120722387072,3.506930722605777,3.3821371074182585,3.2257312135952216,3.272392307221561,3.375268117612503,3.22618141526839,3.3708372246654315,3.3718217246894837,3.4317228975962015,3.3883773785729767,3.2766732151700904,3.3166343398662064,2.775948672613757,3.4156323861997384,3.4491277541788725,3.715413745177583,3.3597430113702482,3.462071797432953,3.340650685741225,3.1863933090955294,2.962128516131334,3.33101864310557,3.5048603048240583,3.4467342356039277,3.166074332578721,3.4950371809956744,3.5566914538358088,3.8482074695520248,3.5798137096579548,3.5274444068660755,3.6880271408339946,3.583192856579087,3.3328162757495186,3.2862879430967915,3.5636534130897997,3.717388420928951
3.939707678052998,3.9447740208434925,3.5857945222889533,3.939293810916807,4.099611470473547,3.6928358117391107,3.3188808396077896,3.5539154018693666,4.246745324970146,3.8962986486142634,3.6856753622560054,3.6528146512067443,3.473545943285062,1.8557466421230644,3.2446633703225065,3.4774455211973376,3.4051196015823435,3.6565118987955216,3.0702944940680594,3.730170011448917,3.3450869727970307,4.28889000190655,3.9514105415424656,3.829959012002741,3.7769331184843224,3.54692496003652,3.4463480369404254,4.196802341693783,3.1162374728767426,4.105727160423888,3.755732564834329,3.6351049021135564,3.7888921265609947,3.863084057833655,4.024307807460584,4.109390047420994,3.9997438563752166,3.7078541650523356,4.09761208322423,3.793954290101746,3.902387821000089,3.831783704482229,3.7776318575477728,3.550688936130875,3.8960090842542137,3.639370565802087,3.665594941724198,3.625680973652939,3.988753077076192,3.905463804218807,4.010247250488589,3.7150440848608426,4.151948022739717,3.8621127892856224,3.8131529561677837,4.200281552761478,3.5658779877622386,3.9256531328356905,3.436379013001396,3.477494982605477,3.15427596002847,3.537231554511093,3.1714085175596196,2.933309538778733,3.3312898460757276,3.5867059953580465,3.6606520430342684,2.9146021872424597,3.4730582896449027,3.7726948315208473,3.3367978965541902,4.042377475475122,3.8815537382880714,3.8426628313031435,3.762307813207469,3.5707009301429853,3.626754894959941,3.931784052683677,3.676349524868776,4.102068526130103,3.897305434056648,3.2807569324617916,3.7650979684717405,3.826838598710084,3.882481363899006,3.266809952790122,3.8935944255410297,3.7787522590289644,3.6422593361076467,3.5859223861743783,3.841057976460229,3.7088240840555486,3.945323718366059,4.062718003442461,4.095859602221384,3.7574248942211255,3.7618866982725083,3.7058555996800115,4.1336593860785245,3.8435914114667975
3.7442307351546518,4.1030558253841205,3.466391823204647,3.8802201739556934,3.9714196868033307,3.496487877750829,3.85666632570647,3.8640444876788536,3.618396733935887,4.083247893452165,3.9016405479750857,3.8952751633434515,3.443285896450947,3.2446633703225065,1.8049808559987701,3.4417056595783633,3.3880082191087366,3.6202768508107486,3.1375740442825637,3.1662699795478035,3.285120718136697,3.945770209154306,3.733854302078834,3.754585001860155,3.6214618343163276,3.4733713317296324,3.356091261227754,3.765908820584485,3.6937381110411307,3.7107228772326732,3.617701577805947,3.676297177283442,3.8024750006447037,3.5168375782082513,3.5065820640488323,3.6244733868041537,3.459209181172493,3.8454532476841674,3.917726637680621,3.538905242542848,3.1384366705621733,3.7575075766332966,3.3218563152230143,3.403127362759682,3.464400564417874,3.6698949307300026,3.4395256725288035,3.485753373411237,3.491445312450559,3.5357183971656525,3.6899511450765097,3.2261325643136174,3.5731751790216193,3.528397199049882,3.2711570402481396,3.3405322870185543,3.557457555355352,3.444290347243059,3.397017462256449,3.6263326119501533,3.222315819539123,3.5323566437175975,3.4317792292128173,2.990945141533613,3.117138561020805,3.072464886343843,3.8649582109569245,3.0550660655484316,3.495196273979821,3.521305251385092,3.441170933072674,3.8935948982691184,3.715918829450784,3.6551195332240134,3.6136089853752336,3.638969812827184,3.729764303811407,3.5180327748274576,3.652214109257583,3.4067055617245385,3.606395542336834,3.5100662690857334,3.696074542731449,3.7635046951766715,3.748046851735406,3.4778752238882027,3.6801883202403425,3.5129106302797513,3.4996042530792373,3.5869341287055176,3.5256611339252455,3.718858078616888,3.559863321040327,3.766789819335353,3.29569332738547,3.248103496196537,3.689257310485395,3.560969214849571,3.6296466052434853,3.230972274623318
3.524574026411628,2.992914647557952,3.279645206985109,3.564515935759901,3.482495627440903,3.9131472778724,3.0360857975112405,3.024558717527923,3.642735485893345,3.8145966418198354,3.591419516074091,3.56577713447342,3.2775718936622766,3.4774455211973376,3.4417056595783633,1.6494575238122573,3.3232248968378393,2.841935406318788,3.6718938568428032,3.6318334147192894,3.6427089800140617,3.5026303518253457,3.113941940246301,3.315349182470939,3.8158243697470247,3.823250719501268,3.6822861081751026,3.911859146838112,3.643946114629887,3.970005840822906,3.8628066527505087,3.7362282454717852,3.698824543494365,3.133354838837789,3.2522459407482156,3.736760229478008,3.9363725977109825,3.6261540061113826,3.7650447784661445,3.8724043401346475,3.797472529019185,3.7704604218906876,3.2283600802495624,3.662534666887326,3.8696673321600246,3.6299893753022534,3.677689253517441,3.9249084833457566,3.615553782373264,3.7945296472757635,3.7706264381684393,3.3724789945674742,3.2721856134568417,3.658835069714084,3.6165612079668277,3.720924945464763,3.507601806659329,3.4223541822944625,3.6262239054090797,3.611977004992585,3.5380156145034167,3.4219138078409386,3.5482564350461634,3.6319407011101497,3.7405013846617043,3.638212783180766,3.0526328134215777,3.4833441903388174,3.3351018146124387,3.25559602208169,3.5528324602885477,3.454904030246409,3.4513566793144657,3.3787859554929947,3.8067680368142005,3.628214608049206,3.2932049538024337,3.6818404292867744,3.8105079233812384,4.02722887463982,3.609962420719159,3.5216008944516046,3.520588790851333,3.3257343536619244,3.721794058187507,3.7448339265463892,3.9824327764850285,3.802786093907073,3.5880640387557126,3.3635574182949504,3.5878223568527234,3.9903085134828618,3.6520140689721474,4.00917350896654,3.651208941446416,3.968194627985251,3.8534872867323102,3.591947278391773,3.628097691652354,3.8998934416027065
3.3392047400662483,3.7052705738424394,3.3035780203340708,4.0553365310844685,4.065517869016955,3.759548288124011,3.2105909215498607,3.625513153210604,4.043415667020552,4.058193158550016,4.177135812390703,3.8187656311937994,3.128469569434978,3.4051196015823435,3.3880082191087366,3.3232248968378393,1.8034204422206488,3.3858571726719844,2.8737584825593157,3.6814023110632577,3.267057277367048,3.7410651070084553,3.198188901547944,2.9440765558294157,3.509805642000106,3.703719253022256,3.6735185894436087,3.6732617610432943,3.6802926785214787,3.546650781867424,3.7837084576031703,3.879705438259375,3.7969615896039963,3.011192161699759,3.4948222799103728,3.7346683345115363,3.60195232272362,3.7137993292186624,3.70306351336358,3.948586241476064,3.707857828981864,3.3200372623884977,3.793847267305859,3.5507760724462876,3.9313083710141172,3.544295255402386,3.4601118223590035,3.6634111042391044,3.9106510938024766,3.5389322417205795,3.837146065751056,3.9746087937006958,3.572827997342081,3.9417705733660813,3.787482948922264,3.8130375347788736,3.7447671540632217,3.702093808270981,3.389222458577698,3.6995800405964467,3.2657509042475397,3.695798422053695,3.5056228085739813,3.3475729718168497,3.836297336402798,3.6729727520606006,3.4937874074360686,2.7365296182328165,2.890574416903326,3.3139569647077574,3.1299312976009896,3.4438762744949583,3.170287644488979,3.5930305038428307,2.7236030026833937,3.1184093941171938,3.56925121380238,3.5074857742508274,3.833715899290481,3.817857458872371,3.0729296605151184,3.734589254185208,3.487890473888589,3.0944118527343303,3.7782795469959733,3.8175749060131627,3.8575544687710326,3.377554576933032,3.5599946102398032,3.6747026945929733,3.4709267980796636,3.803684181012675,3.7448481144385357,4.111883607407952,3.8906563795315017,3.5075510094718996,3.5417280646345333,3.9345740954844297,3.973200639239496,3.764301200089652
3.9918050637109084,3.052261724276207,3.50015500719028,3.5988346188193474,3.444554467949795,3.767350797041523,3.037406430805174,2.613518765822468,3.109743366860733,4.240953976039154,3.888919332020615,3.596898637322397,3.2614979993078803,3.6565118987955216,3.6202768508107486,2.841935406318788,3.3858571726719844,1.9457518504494742,3.8369325373160295,3.371914381730856,3.346420752011531,3.7784207516853905,3.0636620010867808,3.1962075057429895,3.8740418949542383,3.5691716347359694,3.532244847022295,3.6491004995779397,3.4778022126249746,4.029740404430472,4.075312537000267,3.6356360961886995,3.4745237696467144,3.1269908204327246,3.049551343470068,3.4034481705399684,3.8624245180535017,3.5475376201175437,3.6503269191406336,3.927402123116212,3.7316939847850934,3.5650658794328023,3.571670782537678,3.6245809873985615,3.322110251829963,3.631191357804769,3.572338596782445,3.5726656839363047,3.575470534133409,3.3295828672482335,3.9425745696619408,3.0900355034249825,3.35796703447098,3.9507980658419974,3.6532630913863087,3.275514169133518,2.6890566378813774,2.9677721344118493,3.4951046735205993,3.5108853200376733,3.3470341086141784,3.234366204644343,3.0665272875949197,3.676555722693363,3.4865824850432854,3.495659095910831,2.969825831711421,3.478913567244143,3.246645538395441,2.6796365869145027,3.376673747044977,3.529087170837262,2.9202224286136693,3.476292659189337,3.69088288944595,3.4627619805981498,3.0891938493199405,3.244784018396452,3.4609557050769824,4.143710252157732,3.4321961109297114,3.865195402923831,3.474132638669509,3.1418570343591967,3.57985242667665,3.777126215388568,3.8436653415254,3.640683781900292,3.4751876627803373,3.4867163261359506,3.490281058785775,4.08623329412368,3.679886584074711,4.048930133522511,3.6878660822452534,3.8464330589618987,3.577332130044831,3.7307679772673152,3.5405179862980907,3.471405655215018
3.430171876905166,3.9733572904305094,3.357737492094199,3.9969807891096987,3.9023531809351986,3.3727911218015714,3.5496160784981607,3.701448523380775,3.8661007196605235,3.7843813017090304,3.8607252174673405,3.740754571419576,3.2079885826800885,3.0702944940680594,3.1375740442825637,3.6718938568428032,2.8737584825593157,3.8369325373160295,1.78659375254743,3.678967920625974,2.894136547717977,3.6526595029103404,3.2107695127722593,3.47903182066919,3.494599889265972,3.1525657382169174,3.3748179321734892,3.656622693089989,3.2812849883951443,3.800727261113374,3.444712625032206,3.319682048800365,3.689435434189486,3.6268886735227497,3.261179093148647,3.564121397271298,3.7224160774613293,3.466046698570871,3.6976891572917965,3.6483737605731705,3.814781617613522,3.497430540998495,3.223121524484903,3.2335237841844857,3.379151920140468,3.4122582521944262,3.6020654290033147,3.731112699686531,3.5288861330736756,3.7750716397570803,3.2251391979707384,3.4581330769497716,3.498186592156496,3.589765251732763,3.325171474420912,3.5825774308384144,3.287509762521834,3.3083624879092706,3.4538256140984194,3.3083104488736956,3.363875637084365,3.3147946048811865,2.8554614190746364,2.9314389187058034,3.164410848543039,3.222413873210184,3.5744394952669762,2.7288624964738606,3.201992974168289,3.5041831460977826,3.314314848234738,3.5959135084657365,3.408694719791099,3.4909516061868757,3.0650520712941596,3.6445880383044793,3.2750164594144793,3.2836197906241584,3.185796452900816,3.404940593843306,3.3946211808301827,3.3073904681348774,3.430390963026341,3.48772401064355,3.508139404485003,3.1168834620381713,3.6088012631486834,3.362847533196946,3.6017341693278073,3.523120933242424,3.3881699577964683,3.813302546200749,3.4601326802150862,3.3677180217999783,3.911680075361599,3.076831435369767,2.96759688527305,3.157243105862924,3.5952051543708516,3.3613814152598795
3.5424193323504896,3.4007747088107663,3.4198241539876983,3.6798432640773235,3.3201444010656394,3.6431393756584076,3.941483269504649,3.4199271949697305,3.731864851667041,3.982454597900941,3.957248668816222,3.746992164339151,3.684818660519487,3.730170011448917,3.1662699795478035,3.6318334147192894,3.6814023110632577,3.371914381730856,3.678967920625974,1.65659535167466,4.2494080014407,4.293290738896605,4.2519896774801555,4.358847686977061,4.170560846748644,3.9151364984716372,4.002034638146923,3.974659744348077,3.8931118048253643,4.234778127728858,4.013527016882249,4.160567547150454,3.9402296588304897,3.960579593811218,3.61421364199543,3.848277589509925,3.7682224622412956,4.085954287442327,4.210814377681138,3.973102535157829,3.7707496186374745,4.006424168135289,4.024650184177161,3.783274126142369,3.7344909284081043,4.3678513771543725,4.331737421080467,4.094388508011276,3.1905986499182166,3.783804708676543,4.026282687785262,4.032099303509552,4.3371514235383,4.05412640916386,3.8604586111926897,4.331416000782146,4.342098901386689,3.86082305044329,4.169240504199937,4.060372522853784,3.939650621483568,4.165357997675853,4.129809974239663,3.8150972130375997,4.114711203313385,4.015544817515095,4.102921851189065,4.305318584670897,4.309486337098629,4.291012456995332,4.256835593432791,4.176836065726111,4.146178157186282,4.199165770598488,4.071424073944142,3.967892696529777,4.221810146875778,4.016999827716256,4.252380880442813,4.248087525644488,4.384514422840585,3.8872156115291334,3.5296602681944607,3.9493534646513817,3.827147092706463,3.80680470340154,4.11461081787209,3.9214562123467642,3.6487571174943665,3.6247715786857997,3.451451661388226,4.284729005887804,3.721686641266576,3.929787564116139,3.9126470694681545,3.815398833151483,4.064468211527572,3.663611794669757,3.3778646936801353,3.7540253511320367
3.7829149380982163,3.513289718398795,3.6778885807590598,3.691787794114778,3.6462802287176235,3.6085144871126724,3.6529263113229375,3.4861517355886673,3.738994312422915,4.2181900501970375,3.7173717835368763,3.52291992591091,3.345621107299582,3.3450869727970307,3.285120718136697,3.6427089800140617,3.267057277367048,3.346420752011531,2.894136547717977,4.2494080014407,2.0351052503652274,3.650948098339933,3.468077976481369,3.525931699729323,3.6728120325138134,3.9574365995818326,3.4877728069265306,4.115792529253263,3.378066674328076,3.777086154778548,3.790288086565622,3.6490304130255096,3.8379584590800624,3.4576842989479024,3.3091310394896065,3.602594569884075,3.8049569092664246,3.7950839874393116,3.755573893044403,3.541069331172189,3.6096718370535164,3.7278743395600897,3.683750984732287,3.8169613603696018,3.553801349509394,3.4761319156628065,3.807657740316815,3.7894646251230926,3.842940304017859,3.514890272581246,3.579739675092017,3.2935323393015015,3.7017484459151953,3.5014094996966665,3.323127125164828,3.616595243464467,3.5271542452295823,3.507940202623215,3.5705389738583126,3.549146312179024,3.3392229680906977,3.5047683111958867,3.3246312485575302,3.1826087787219253,3.376880873075561,3.491151407313254,3.55663152684091,3.2158433385718066,3.3995830860355944,3.5711458166650782,2.919771714808776,3.853627481126725,3.7485401498991258,3.5880937829485884,3.645699530447663,3.6004679753309268,3.439494211915136,3.9722235624731277,3.7040876674658887,3.789054389816469,3.5612856255382868,3.511805096645246,3.444222874017462,3.6280020859666355,3.6698465194163505,3.4954305756784763,3.891375808059192,3.7481483101112665,3.528293746023175,3.3582836310171222,3.6657835691408307,3.70772470390064,3.894359313190166,3.984296590217804,4.001569384560042,3.735584574055655,3.3871506142200754,3.347865726010922,3.71065555117214,3.4219339711772645
