0,1,2,3,4,5,6,7,8,9,10,11,12,13,14,15,16,17,18,19,20,21,22,23,24,25,26,27,28,29,30,31,32,33,34,35,36,37,38,39,40,41,42,43,44,45,46,47,48,49,50,51,52,53,54,55,56,57,58,59,60,61,62,63,64,65,66,67,68,69,70,71,72,73,74,75,76,77,78,79,80,81,82,83,84,85,86,87,88,89,90,91,92,93,94,95,96,97,98,99
1.6729104554152467,3.3185206203205815,3.5466126989391538,3.2603013672959253,3.4874936092052766,3.625654062542585,3.297775211391144,3.3439537582436567,3.26366220711068,3.1435769715228,3.6433385534514913,3.290191417771902,3.3443311537505767,3.50489849166721,3.6763555953644573,2.9532904067881947,3.1550299829648036,3.8904317211429174,3.3618657862770056,3.4925616497390397,3.4642903917336723,3.5226673067782945,3.6634213089697303,3.4701008486972573,3.486268759562519,3.381010895656302,3.289186317320887,3.6050640800875144,3.6534499643579115,3.6000494471806936,3.3939597328216444,3.547249655890572,3.0787000330790844,3.7404802947711193,3.531421223578271,3.5262219337354055,3.502410787597654,3.172197461240839,3.142967200383508,3.5645040814571605,3.4680483096673003,3.7898794777282006,3.582062889357392,3.637753074943112,3.2880226781934616,3.427032440958912,3.374075744326653,3.4571880951076244,3.4042601561858787,3.4321609202580348,3.3974175018513,3.4230944920724293,3.50633399020831,3.5923440503749244,3.6181302170296576,3.4409116874771772,3.462550923954502,3.379189280028083,3.172640968879019,3.3590217138245753,3.5536104202893655,3.481615743678013,3.5833768772734644,2.7159521480580753,3.379599087205588,3.5947880143954505,3.525315904887461,3.567782332548467,3.3466384490982977,3.693534546201848,3.281250945665219,3.7981265941317024,3.8316389690912622,3.6711970932350564,3.7506823924042463,3.7211481775316946,3.680344613508036,3.8667983728360884,3.6560380673730672,3.1929387508061784,3.2567582774690353,3.0793618570623087,3.790502138258622,3.554470701414842,3.5673418488078847,3.3793274907004953,3.481289467552259,3.7585147203722062,3.607616675069655,3.7927992983409595,2.9582501131084755,3.590388663835487,3.360705280811078,3.9030804361612566,3.4545421623509824,3.4741047176908153,3.4914275800400545,3.5680622459808564,3.4594779489569087,3.458286510729532
3.3185206203205815,1.6216911973368138,2.9073133280597103,2.9649217657526847,2.712414908195001,3.5044374408342627,3.34502779997996,3.3783669973454593,3.595208326057712,3.994609883082624,3.8224061510710414,4.023027800191043,3.9082106131914385,3.822988770670245,3.7721141334792265,3.2505623361189624,3.725610129361127,3.8092629490975045,3.848688978385126,3.648985182239172,3.6328733939384708,3.8391926674805728,3.8509490218797016,3.7346384612721604,4.115893383274786,3.880062943664309,4.059759358675764,4.114378024907976,3.7294917324788317,4.197995968055018,4.24396224213702,3.794206509444552,3.584278069410845,3.7241189916819573,4.00035037543626,3.6513973555121906,4.08337474461104,3.744307359582267,3.809408712018638,3.7139218653769714,4.004460943564131,4.221389315688937,3.5987855406445037,4.128386316199408,4.288552159667641,4.034020347028816,4.382374914567729,4.345815642652196,3.9747611449911084,3.9201272086941104,3.9603740244375136,3.068163867889846,3.408009624690353,3.4185516164397223,3.5478993142203197,3.5641274483364787,3.568419254457044,4.05714806072807,3.8740602592502036,3.838164651242206,3.8608459509029007,3.931315722082651,4.008859139116325,3.921324908021193,3.994068555733896,3.7750948286784842,3.8285467699128226,3.9869781071873014,3.904434422334886,3.8926227937105526,3.7164421369448384,4.057619516337968,4.0294742038474975,4.0965494667100035,4.191144114202107,3.605739108496176,4.024427409145869,4.152683453115996,4.284110283627905,4.083148196068568,4.066477487436876,3.8179333101269446,4.040203897912629,4.0004127146341535,4.04404718044584,4.047607733649152,4.018650256681443,3.9855804096298804,4.1315888951364945,4.059241592135925,4.089211767936094,4.301586436370532,3.926717341157498,4.162845628715048,3.853737317631098,4.2617683810282285,4.068522962066868,4.280440668223696,4.0297601967050865,3.9881339054880462
3.5466126989391538,2.9073133280597103,1.6513234057670125,3.136209775955117,2.7845290273558265,2.9754920909189093,3.3408979196998323,2.8944817923628565,3.342328002947394,3.660645465874139,4.017381478574513,3.3270654007905094,3.404107390762747,3.4085318196114036,3.4848716193058897,3.0195700567861583,3.496729865402435,4.047786465178009,3.698263208128051,3.908047895317922,3.3934589287574553,3.6203128724567692,3.794604982307917,3.6278040546413095,3.787718487420167,3.5623413928833436,3.828677816954561,3.8799722538685852,3.8771386900842626,3.8165423210788667,4.083124074136805,3.9177635886969906,3.676192729734445,3.9453294701835415,3.7975495627522484,3.5894478199115087,3.839648876985174,3.8279197370310922,3.536424980186246,3.382474960354954,3.7138563215387514,4.053633642292031,3.8428453229469826,3.6918014321881207,3.9486847162523944,3.870915274877227,4.011674046922486,4.024045847739923,3.5048245719275326,3.9711555564464596,3.9435482815493814,2.544013744429117,3.1445638054926977,3.1744292923969955,3.1212992528671624,2.850438431718272,3.3771736365158436,3.957610177963399,3.7275668264877466,3.839806280604629,3.6825566579156708,3.822972105860432,3.905875000224802,3.6800469320033415,3.837056218538031,3.480199845389223,3.607864149963556,3.893395656041527,3.88889222975792,3.893405226418354,3.395143209759092,4.0779427230844245,3.9632424476185015,3.619963271312888,3.8295514685965335,3.981656951135096,3.8363545223278694,3.971865920013017,3.8627131544900037,3.8622442178513485,4.0464970134387155,3.8743213196319926,3.8678685716656847,3.9063309999549123,3.782163799075843,3.985450585926172,4.057520542753034,3.982128059745367,3.8692160170408973,4.171752208731688,3.8004925334543027,4.188062916265692,3.6243029485234,3.9683298926732045,3.9265118413554823,3.746716143912656,3.7860207953373552,4.054247573910149,3.672403742165667,4.116362269998276
3.2603013672959253,2.9649217657526847,3.136209775955117,1.650647083645361,2.6550605493300714,3.2000046612290656,3.232137564456282,3.4528570444930415,3.443375837922859,3.429499275334368,3.8882184777117366,3.737009836572063,3.2502600992764705,3.4839107489934715,3.670504868001461,2.8626271784359534,3.6503120501041235,3.7013191758240156,3.5987431022149443,3.5326750279041943,3.6844827786067706,3.6459305595995164,3.4493026507990665,3.768200121596353,3.829789338714644,3.932149764062304,3.88300835487574,3.656291505749251,3.871321022568404,3.6877607950854885,4.053888569424182,3.7821042440633583,3.5891962137490556,3.571090290651375,3.7169519789378156,3.944722337869974,3.566939338383027,3.31482233141666,3.9813940128684675,3.7004884879569167,3.808429928550703,3.6179651596442226,3.5978672285505793,3.913642879010506,3.724437645730878,3.7850235939791603,3.6587169895811416,3.7559717190349673,3.8790287901582006,3.9484615292911975,3.6957188830677734,3.5354529091916453,3.32769013982143,3.0472410104399232,3.399447949393368,3.4354201891331213,3.4094360592469,3.7386939088848394,3.431491740725735,4.028797402324299,3.360570636270674,3.630820948594866,3.50495719043319,3.3333594477585624,3.530343285652707,3.8012854605235082,3.345911379183554,3.3970587370371983,3.5362949593954838,3.5969340108174173,3.4642094470314495,3.723446406338171,3.4699907551812044,3.4082672323703997,3.4922218982507744,3.5384833484787364,3.535473684094418,3.677603860425529,3.767443266145803,3.880914581903609,3.3834216848007133,3.63248749595878,3.788290322868437,3.3581509105326863,3.7806657383817486,3.3966356455545883,3.7399818183354667,3.9506978435615707,3.928932022004063,3.875317596541675,3.6237436691373883,3.708241355962839,3.289590186551002,3.903669591326289,3.7216447614091273,4.05747560234975,3.861749832973603,3.82622007937838,4.029290649166218,4.279791131944644
3.4874936092052766,2.712414908195001,2.7845290273558265,2.6550605493300714,1.5541036690050662,3.1826637430773332,3.514453626880211,3.1805011887535084,3.6155583800899924,3.5392955398379446,4.09887425245338,3.6316815300812406,3.540090363452605,3.609725277764542,3.604240259486405,3.349431116442972,3.881592525381693,3.967012261938159,3.91351194901195,3.8626507868046223,3.690375661947515,3.830913718601355,3.70565214589468,3.6267041655145213,3.794159378118276,3.73400053284559,3.6968226612694464,3.8889873801800796,3.8986482521581114,3.924629830745534,4.11997700825794,3.9740717240650207,3.973244562050867,3.952081811619577,3.7164693461332505,3.6317832465427187,3.9845760268539663,3.7396456711958908,3.903112335295705,3.5769841806202174,3.7655895794880956,4.08883010542772,4.120982633137567,3.873388870313686,3.841126005975312,3.754429930812437,3.5790507058229637,3.753168350946605,3.8839267587325876,4.094439258443907,3.8430677691151316,3.0197765556743317,2.7541160465707675,2.9918720747716963,3.2721285490577534,3.4794938366089103,3.6032629472229916,3.9958871153545417,3.8083389626703683,3.862749228595133,3.484677340074408,3.736946162811595,3.6497907437424866,3.645328153208474,3.8812109784372275,3.746588388026613,3.888379418285717,3.9815927251125895,3.964839285086598,3.950850089205885,3.6800626037804554,3.815852156062592,3.7912617117759493,3.7901451004157183,3.8526270840308166,3.786302096415229,3.85801856103914,3.700415572874126,3.945504077131484,3.528127593090767,3.8457362432692586,3.7274310262679458,4.011448873057214,3.8919841307189116,3.8208486834123336,3.6992666703945356,4.1611906736260265,4.03385662273288,4.1407939878414854,4.276954232920844,3.503805298885816,3.878856286896833,3.5911403659572776,3.85470360409115,3.6305205090741595,3.845439855100683,3.987492699182427,3.8960939119187095,4.088061055348508,4.391678958083086
3.625654062542585,3.5044374408342627,2.9754920909189093,3.2000046612290656,3.1826637430773332,1.648417466071008,2.9952656685259362,3.4581925336236363,3.2332789583731585,3.0551766760498693,3.4860115769837003,3.5041995700741038,3.1836681702170684,3.0188947935471475,2.9652626505535817,2.8056548794683662,3.53937828296376,3.4250869307765837,3.2110060440991677,3.3448457395484326,3.2743003418655756,3.3723297666280536,3.492405865884742,3.2282293183111976,3.4955939552851936,3.7658309487703967,3.851728941818206,3.6925243349180046,3.1010305383203263,3.655276919029475,3.5028830369666717,3.4926288707872875,3.130879011052716,3.3284451652171403,3.638243367329044,2.835144986540238,2.818530236297671,3.379688106314158,3.6303188544910605,3.0624642367143866,2.868403821009735,3.708739383487341,3.401693736014956,3.9348741485786767,3.6153710927086515,3.751372689615561,3.6014752522423565,3.531388359353236,3.1975240918382526,2.935043442833806,3.395756366598229,3.0622319201863886,2.8318991558781725,3.275262861036749,2.7506892235001783,2.9098979031169065,3.6200471373952845,3.4176181766961107,3.3524792419513227,3.89768160370565,3.0070289879420633,3.36586330778173,3.144633755209706,2.951793076752641,2.9836777389612195,3.1911482205341897,2.8749602928660845,3.4521378916885603,3.2776812347050686,3.1204554985925164,3.161513920527257,3.9125371241501363,3.401494284360848,2.9614881971441247,3.3582584625978265,3.4769789330374423,2.9950549708631025,3.4339930057907653,3.5687705440428648,3.518634108991757,2.8340478787570955,2.973153149966937,3.7892175563262662,3.242063950634832,3.802249988260544,3.230584342373548,2.9527533980558034,3.8646733851822983,2.8708550178735486,3.2427529871059035,3.1525135579895003,3.7500226346825842,2.8836279038075996,3.692801254053837,3.5903067007298257,3.866000719149735,3.7816644748130073,3.731596922460095,2.706517097266549,3.1126494574008117
3.297775211391144,3.34502779997996,3.3408979196998323,3.232137564456282,3.514453626880211,2.9952656685259362,1.5499778287449943,3.7014188774829226,3.6673246836330913,3.404040739312493,3.6703335069008483,3.8023222289574363,3.369632993661807,3.530136960291555,3.1323551247146146,2.4903252764032926,3.7293260262613055,3.7674830881711907,3.31323482437937,3.47824437198375,3.5437942639815283,3.46685198542743,3.2383488064533967,4.015736192902921,3.888273783601442,3.904598717535855,3.686480912824829,3.7898061611352154,3.7405313709774313,3.7265012195728264,3.8730899821771643,3.7130333026327214,3.250817496350388,3.4284386081959877,3.887364159604632,3.375737455245669,3.6352435747985163,3.631522201935938,3.598346658396579,3.645582317925097,3.819076541758898,3.8722615100423594,3.781254251521019,4.101936405390451,3.748096313157908,3.727491156398531,3.8129692619961673,3.7958935380381105,3.5664061454567904,3.5164334222297353,3.984273254385788,3.584886896997233,3.5486201858231436,3.6158830742584893,3.6242208477811,3.2012348469186986,3.5365486202324146,3.9006407710759983,3.9302829058204316,3.7510481629155015,3.4404326687700926,3.66194805748643,3.5659320796786758,3.12158508060447,2.792837626294765,3.2749643342549075,3.1357496456302094,3.3155918085345126,3.0052489512028067,3.418888130456394,3.009689316034655,3.93950371911259,3.3476883816051144,3.596607358235504,3.4747742143415854,3.8398996601352717,3.2208042997639703,3.6111529735839527,3.878986090576333,3.6665540431365873,3.0535094870722643,3.4724010778127408,3.8756271518135725,3.461418879115648,3.4694655429596533,3.241679794217739,3.4328257703271867,3.689087526024043,3.7573860526513867,3.708589441374352,3.9414695126798103,3.811513108921727,3.4976374862594137,3.8668759992527053,3.8304192110008426,3.979400306516041,3.8185097532079912,3.6335305842448125,3.363320322145332,3.750763554676968
3.3439537582436567,3.3783669973454593,2.8944817923628565,3.4528570444930415,3.1805011887535084,3.4581925336236363,3.7014188774829226,1.7070912604359274,2.7968566611550227,3.656689987188597,3.848620617802584,3.8107810854489044,3.9681691884747075,3.972540364496669,3.9047425814285694,3.426542337372159,3.849237660583701,4.017909922549218,3.850348913187845,3.6924583092441012,3.8515856346871873,3.8231519778939975,3.8631820536990937,3.7942084810625327,3.8880736917766745,4.079748414257227,3.863739022547179,4.025861745647929,3.991260237109982,4.012272581497319,3.853512341020662,3.855948899337121,3.8809122416439066,3.9126812534935875,3.6819295840099877,3.7208460147651725,3.9049202400440066,3.538668018588797,3.9435018543504476,3.834590280556313,3.5734000331290896,4.068462162103097,3.763993555956944,3.689815694866771,3.5481863585300784,4.1422179195296875,3.895173154295839,3.833796035049498,4.092532201597208,3.9944118840878042,3.7658591383940543,3.7929653340568534,3.6166958848797552,3.243746785159897,3.624900402984848,3.953213632848393,3.325644280179615,3.418083913339669,3.794033023409667,3.6534852680925685,3.711440767982505,3.80147776872081,4.056713611506815,3.564226236547779,3.853488470767817,3.833969473251919,3.9258945521498307,3.9586319843306614,3.8664874239808458,3.7738231680645327,3.748743030888406,4.020314342707933,4.071709813440045,3.899872452887425,3.9882990733970405,3.759249203986462,3.920107112717112,3.979861983460464,4.077170739675542,3.786307682294436,3.7827700172283882,3.804330798120467,3.9803763169169892,3.695157311183446,3.986592356548399,3.65993274844092,3.8375643837884374,4.041973004269995,3.821956307962948,4.156984573674531,3.5430657541150365,3.970412659140486,3.6438868746058213,4.051604224429666,3.7227740998875922,3.4780722707855447,4.118494146767786,3.998158006674726,3.958901080813848,4.036644161079644
3.26366220711068,3.595208326057712,3.342328002947394,3.443375837922859,3.6155583800899924,3.2332789583731585,3.6673246836330913,2.7968566611550227,1.5580226248869438,3.7809880772817785,3.9051500122296776,3.584354370175741,3.716657273105404,3.523971527652337,3.5267615492072664,3.4422658209899457,3.745921270400477,3.7141464354411897,3.729142703240985,3.4611141951881947,3.368504798165514,3.827744888224536,3.976507873890667,3.4068404370762746,3.89933299656059,3.8816480374556446,3.7722198922789594,3.847666347991944,3.844173685732321,3.952837400624706,3.99696410482913,4.190736997002884,3.7119504001136057,3.9363865709949484,3.373320073837394,3.5630015918441154,3.6721535665595546,3.783429886502325,4.252552851640263,3.4747399077669603,3.579975753604016,3.655081944721188,3.5659586250846,4.078851182795337,3.8589788338530155,3.73084337440327,3.970148891221918,3.7959041610024924,3.7879179894302277,3.6380026036190904,3.9161210281690093,3.640532690666777,3.498125276634556,3.6654150860231947,3.5276415133381582,3.44874723940409,3.312294147958355,2.9521563494096164,3.727792323593106,3.8367330335313135,3.372815412558112,3.607688322616619,3.6942048345902396,3.5894189834454022,3.896239011779305,3.5688152029352143,3.6533771244473154,3.694359178246182,3.9231042928841453,3.5657766465009004,3.284086639634389,3.908601214722381,4.006173148522882,3.695588318075919,3.8214294614051663,3.7245468298010156,3.7764645732652276,3.8477804148475467,3.888897933960806,4.030190587681116,4.002188776676306,3.6015735183931366,3.7244736971242993,3.5834181437436983,3.788025099946611,3.75769916032377,3.9944861934988523,3.8710620214608054,3.309089713343135,4.211122329529518,3.7918889720596445,3.806441480079199,3.4950555937123453,4.04944179295411,3.1676712381075327,3.988112555349987,3.819725939634094,3.9205944042690954,3.5721917405167947,3.760916742100246
3.1435769715228,3.994609883082624,3.660645465874139,3.429499275334368,3.5392955398379446,3.0551766760498693,3.404040739312493,3.656689987188597,3.7809880772817785,1.4670060203625552,3.450772027974767,3.6296357742582237,3.940166031594964,4.06794681602026,3.806223956728232,3.1142995787984042,3.787922787795848,3.6372109036525835,3.624851028959113,3.30719024352913,3.8734991029017634,3.682792825346027,3.821537777230625,3.6816666853010593,3.2827074691730247,3.6350250079429887,3.968370064371685,3.835477633253828,3.8163464236577997,3.786076033040188,3.6625082456704323,3.3961222120373793,2.987809529771303,3.567489637581111,4.031716338994157,3.5604726568559415,3.5684277823695045,3.51627936713202,3.321061221685584,3.6094596016019223,3.6592212891702256,3.6150262933990884,3.4654993455063283,3.944633888715012,3.7185443130406775,3.8021694277735785,3.6788828032199974,3.839068832776663,3.520062670533142,3.529583694282881,3.6567722124598587,3.7174719758029022,3.9669524406438645,3.9332192650685456,3.313176608003681,3.6526025016798678,3.590679304322386,3.5826569648459503,2.948402929120783,3.4557528842040357,2.6832741676298015,3.402147920816751,3.4888803639259827,2.8419089675905758,3.346137511829177,3.6476230143753057,3.228386739136232,3.6257222770045296,3.3472103471978283,3.341830232403824,3.234510419206871,3.870097769585926,3.6834119208688625,2.9969335319487853,3.2726801160771233,3.2388356709363806,3.2514297844167777,3.6216094628197193,3.814148326654873,3.2079272660663025,2.9486073240248203,3.3092348475124345,4.191682893650564,3.4285483385110425,3.868031138038398,3.349892014071887,3.2179250922611944,4.094243052659783,3.5254889348503395,3.5111812944177223,3.1061752007702723,4.009115451505798,2.728176920169964,3.7720316577226782,3.5758729391756345,3.8139367425836594,3.9347505655718003,3.9767113919489954,3.5936537688407317,3.4052808980652105
3.6433385534514913,3.8224061510710414,4.017381478574513,3.8882184777117366,4.09887425245338,3.4860115769837003,3.6703335069008483,3.848620617802584,3.9051500122296776,3.450772027974767,1.6759910528155486,3.3236784113847637,3.5830973797396903,3.522431677494882,3.264594124109849,3.7294260561625308,3.537803864930578,3.8884650113039325,3.6500237968426608,3.863623726008688,3.472072117424313,3.714497663458895,3.660304585728501,3.471000418273794,3.7318725332540614,3.7358074836789976,3.837056930609233,3.71429379535599,3.5845590106947083,3.3990086536496236,3.7285055909177713,3.373701046538353,3.890697032952466,3.812745302148093,3.6709215111567692,3.5282154813058226,3.5775836109774737,3.7787114160973703,3.7257989185392524,3.4989143081254492,3.625001872889901,3.8847325956380914,3.5163571716962556,4.0507448915178506,3.5631212765159295,3.654005930543163,3.5780453882807985,3.5206193585648884,3.7791296057373684,3.47926796076118,3.811901823705524,3.5254706823928967,3.6985312589217068,3.7574943719235687,3.5892591518131294,3.437830856167534,3.7856076601973006,3.790917506593296,3.799363684344477,3.490782851086673,3.5611353369373715,3.9655660374918047,3.5069203451011166,3.70844817154165,3.5773971936294053,3.358241039225426,3.087615545365543,3.862139294327199,3.641664629276436,3.7707400015207546,3.5831974057415144,3.9432256654338547,3.4438174248704523,3.291440135170461,3.7182281668507233,3.658553359587381,3.327038560396743,3.5359033382893807,4.156772800297432,3.555205558104621,3.6573420605294187,3.743312736689532,3.9583441419069376,3.821928862454257,3.817172083965965,3.632415142601208,3.399281135155473,3.6928309414966494,3.622743975951208,3.5390760423576033,3.8528053408688736,3.4830437910142664,3.3843928601246316,3.8550705714681808,3.542021927585095,4.019025220539738,3.6448066106524406,3.6738627948547538,3.540667414238272,3.4982789110260892
3.290191417771902,4.023027800191043,3.3270654007905094,3.737009836572063,3.6316815300812406,3.5041995700741038,3.8023222289574363,3.8107810854489044,3.584354370175741,3.6296357742582237,3.3236784113847637,1.4561022302766795,2.9029952660185105,3.0783564208701137,3.339335394357209,3.642204374161,2.6951483432224186,3.3628634400028377,3.224239281981235,3.624245136069652,3.2439855336351076,3.5830186984802443,3.6401500693046223,2.5510575414842913,3.4655037754155393,2.9132026532001047,3.4154551207048733,3.299687655880229,3.5390988801948864,3.081284362043939,3.4486246677265013,3.527716220011602,3.5144640074449662,3.467383948228619,3.491162848514712,3.706253881598019,3.0612291774635056,3.597069654570268,3.4406791842095363,2.854100522825608,3.0532577356844617,3.749147426728298,3.618598985822727,3.5607715674653497,3.750033529299979,3.516606491037139,3.171198459801188,3.5818276309323065,3.7737582965536705,3.6960331450670045,3.3765396268190515,3.424207932776465,3.3460686125138777,3.657144842488623,3.4526795367153227,3.6147286168958277,3.6709111556369587,3.473597850978795,2.8239749320233707,3.5747030152270645,3.429119718599371,3.576866273170851,3.2613476414787326,3.0893209682765135,3.289266764681992,3.4231759370046184,3.189436162727545,3.3765070944244724,3.5739951110155816,3.7115266390739863,3.763376562566068,3.6238051171242236,3.3197737222650274,3.328939309749661,3.409357645501431,3.551384269994943,3.2732898664042174,3.3154621772749078,3.67104475997579,3.309807785813018,3.5372408534818844,3.609693569167636,3.7676995256810986,3.441384216359737,3.6436820920993465,3.569507368734057,3.3092213030888664,3.70206112397724,3.4087861441182317,3.456887056556294,2.8697814921347717,3.8214278706430167,3.208621556710233,3.427734482889523,3.324609979585549,3.7505711616010733,3.7448183046565546,3.685612174197314,3.700420919322647,3.6425367082677096
3.3443311537505767,3.9082106131914385,3.404107390762747,3.2502600992764705,3.540090363452605,3.1836681702170684,3.369632993661807,3.9681691884747075,3.716657273105404,3.940166031594964,3.5830973797396903,2.9029952660185105,1.5686664445356495,2.5387572586202314,2.866898314720851,3.065426432235087,2.5458025110542257,3.296275635162984,2.714813596933842,3.267087863848394,2.9320151745431304,2.6461559821934677,3.2024879441833174,2.9478365111153297,3.4315529036497274,3.0670308822281127,3.135580777329478,3.0526411651936893,3.196038558790273,2.923195140123535,3.3141129793972266,3.4002260185341737,3.20413600305735,3.3615779755575836,3.2841206973711263,3.3858338550656275,2.993087743782125,3.210813640409496,3.306036970174367,2.938083262377018,3.343242110633212,3.5152896317527222,3.3951529269316785,3.3092990635546444,3.3517803710384917,3.1487297266596945,2.9880456315730197,3.1410619564706748,3.318964166557204,3.467972685327231,3.246888384036519,3.264228443946473,3.1718285979095073,3.4333703875955455,3.1772667103707293,3.290386475148938,3.408608354810841,3.1505869576313614,2.897393461502816,3.4255107998508967,2.8721098963233005,3.20337953777633,2.747761359754018,2.429229272825644,2.7069308312044646,3.121609712086535,2.8131538495073936,2.812296582838103,3.1882276470203164,3.113654429713278,2.849610462679016,3.294094268395506,2.8186794351797504,2.7188594579937666,2.834662752665018,3.3530616811689384,2.8569912745897037,2.9197574794563326,3.4706116596036445,3.451776381799541,3.010727271283473,3.22874614010373,3.3661219375462865,3.2386784449624004,3.1622139508150346,3.0344766216411156,3.250856713234409,3.203201455568379,3.489127270035326,3.340633423437786,3.0402667440363613,3.270231652086874,2.772736122710407,3.4071233373975818,3.3874275239684577,3.3929024005389348,3.2376308504682694,3.243643135641465,3.5544519690288325,3.6594155328149154
3.50489849166721,3.822988770670245,3.4085318196114036,3.4839107489934715,3.609725277764542,3.0188947935471475,3.530136960291555,3.972540364496669,3.523971527652337,4.06794681602026,3.522431677494882,3.0783564208701137,2.5387572586202314,1.5417893500524076,2.6136288222490434,3.5509771783424626,2.6578181618195194,3.171961077843013,2.736075846732129,3.2257732636615133,2.8818529849744405,3.057121142422065,3.385024463828412,2.814867500915899,3.5152783079504077,3.455183134696421,3.472072749266749,3.2973756065208657,3.0770411879080224,3.141801772740949,3.1282864444654237,3.5537338271951477,3.5911494935767463,3.286225187380136,3.4394701931680522,3.4909549405998836,2.953375644350388,3.5788698756515016,3.5565339006406504,2.8540577471748785,3.258753680997609,3.745420099492801,3.4967055808671863,3.6702038007050493,3.912023447577735,3.3288571529691944,3.2050394964557176,3.325639954136928,3.538176016497849,3.5357667161185127,3.2435696154955598,3.395939597864578,3.3839734472814107,3.5507434051706817,3.2233811681121867,3.5631085725645706,3.4507783807399446,3.6657879814873575,3.199441652217397,3.6546504124098,3.376608451172316,3.5386189055591126,3.107865798385867,2.95243943585687,3.0597900920191257,3.0456223659815005,3.059991865076217,3.5814917706439138,3.922401885919603,3.3710749014474617,3.282491304789491,3.684939753754319,3.22318759879796,3.3224247014347816,3.5350261364339772,3.4927375800635816,3.0948998045727136,3.143803430025615,3.328810022775901,3.5531448765799074,3.4728893941993877,3.40396915644193,3.6163176109168718,3.3315734531568992,3.4759941832100645,3.482077674044471,3.514948602773606,3.388081799976812,3.1591706150176937,3.790220541724191,3.0919634876640103,3.655839942420681,3.18343777328509,3.7126023869773914,3.6383254713835838,3.7678520999738954,3.419056841862854,3.52832996033515,3.7220179181465447,3.67422322782735
3.6763555953644573,3.7721141334792265,3.4848716193058897,3.670504868001461,3.604240259486405,2.9652626505535817,3.1323551247146146,3.9047425814285694,3.5267615492072664,3.806223956728232,3.264594124109849,3.339335394357209,2.866898314720851,2.6136288222490434,1.656815763949726,2.897707578299623,2.983377505408634,3.027756898367364,2.6830225746780827,2.9093342575885286,2.404298892185317,2.70542801742298,2.7010031192720203,2.8120457546566264,3.3761238377940663,3.1823662002946755,3.228527212332544,3.2238925522900916,2.9421227566034682,2.778016129528577,3.081134225084917,3.3421070582362606,3.255645646694673,3.025733814509459,3.3415949288024547,2.9611867050487346,2.7050852474365086,3.2478691306990712,3.218883313842525,2.751112496724806,2.8482791275742465,3.3500157237388772,3.3998192082155603,3.440525133838923,3.151679247172562,3.24785890013859,2.9398653057163866,3.0851591290513567,3.288644469313008,3.12821052537867,3.1967672005657213,3.129927704161813,3.092783385653357,3.2730315137026222,3.0564286291849907,3.2068397881438315,3.301650866305309,3.3378134724017476,3.1455785739371165,3.5924464331938597,2.7818704529110665,3.0630174020204497,2.862360911526531,2.4719677944559217,2.3596916948175295,2.121665862727983,2.5042051211073093,3.0898501061949597,2.7360995994072406,2.7645711263731947,2.468240452733039,3.5772924154288894,2.7563423502210007,2.786721711258528,2.8893907047255776,3.112987237604171,2.6468003970001517,2.766900243988061,3.368335553415278,3.3025253826278584,2.6069050278608383,2.986763472418574,3.5023799162805904,3.1116769561841657,3.283455151018211,2.8906274772885734,3.0067020290147686,3.366225678018576,2.9538745651369793,3.2584918040255197,2.9919501874623933,3.6234812348742196,2.501766756488311,3.374682951567164,3.43378000462469,3.5679594765465223,3.428466411372751,3.3924977882848943,3.08982319722706,3.3218010223520387
2.9532904067881947,3.2505623361189624,3.0195700567861583,2.8626271784359534,3.349431116442972,2.8056548794683662,2.4903252764032926,3.426542337372159,3.4422658209899457,3.1142995787984042,3.7294260561625308,3.642204374161,3.065426432235087,3.5509771783424626,2.897707578299623,1.6388762879089838,2.7948020857343354,3.2356069948411053,2.932956314269548,3.161227129159892,2.901610323513311,2.891320473900844,3.1125883648861787,2.8373144403960215,3.3450327759516614,2.962676731068793,3.3245454539962247,3.266211023674192,3.125404473676575,3.327467771179452,3.173043696739662,3.019300176026695,2.6952337957147425,3.228057785174162,3.151467754843761,2.9261854454213294,2.965747061031533,2.9725867015344356,3.140303522432236,3.0189196799587643,3.003889323840617,3.169566453916365,2.907829168481852,3.5894892864886776,2.9549024471840553,3.495192358753484,3.1678824365287075,3.268509914823871,3.0201633621710102,2.951618438088036,3.1000009193178206,2.9546881456224043,2.8387152268608133,3.1223075345375877,3.237993606954959,2.9705138697095763,3.000030910582209,3.0088547694865544,2.9941200694893615,3.3056921122016787,2.936209250864256,2.945658841740729,2.945795003298043,2.5138353418648083,2.5142258509608566,2.957058135922687,2.7373675836596707,3.0659285914614656,2.948400326103681,3.0634086251171877,2.6996564318523477,3.4492390673658733,3.1776847043967935,3.0082645690462586,2.9399123210058753,3.1164064011151846,2.9035859838357454,3.133131463434006,3.443453741535157,3.0109453170568257,2.8220211481668005,2.9611605213907137,3.444222009927309,3.0939345211347615,3.3784850694838444,2.8071601162937423,2.9194768664060984,3.332312502348716,3.1802414980166844,3.1024758667868246,2.931513508748214,3.548290770498019,2.997634323203267,3.3020546553440617,3.1727990716353855,3.2995272195082124,3.427207079287187,3.248936494947975,2.8113547973688044,2.9879075820067693
3.1550299829648036,3.725610129361127,3.496729865402435,3.6503120501041235,3.881592525381693,3.53937828296376,3.7293260262613055,3.849237660583701,3.745921270400477,3.787922787795848,3.537803864930578,2.6951483432224186,2.5458025110542257,2.6578181618195194,2.983377505408634,2.7948020857343354,1.5490661087855806,3.2234937041720895,3.0120195182872096,3.461056943027134,3.1205715509578043,3.0812878840950164,3.2460849511242063,2.513857038334369,3.7797800681084426,3.1784635090182385,3.180143118347898,3.3067873582396032,3.3133541194361493,3.0431605618200255,3.36861741302416,3.475451873920501,3.3793394338442795,3.2510535238860996,3.5210107818083545,3.4073195966325422,3.07860659337226,3.3531534137543444,3.390989757003275,2.9376130669782925,3.0984322082492604,3.6310040298764186,3.6284406991910267,3.726171698401947,3.4980290916690766,3.3673513807193527,2.9314706366861154,3.269355007402207,3.6664077061635956,3.429890286464475,3.09430233904579,3.6018954312832894,3.5546285634960872,3.6116385180173003,3.132395581242125,3.6481703794549243,3.7363799861178864,3.68784112156198,3.157084262508155,3.7311922444475787,3.4231144439718952,3.455898662959225,3.453788214782785,3.0574071307011383,3.09378845152088,3.5297262023266724,3.3637360757280996,3.123158739657944,3.192490424622967,3.3921547327891908,3.488493279625666,3.451705844323068,2.998399287632084,3.287607811232615,3.2130136419738573,3.6162231958536624,3.2805462493514845,2.993754577320379,3.7940543643009104,3.3183433896777244,3.0456204997695604,3.2420878912128677,3.802404331079239,3.5216905443236435,3.594053758851569,3.290637102435916,3.2932164688568153,3.5185298567570777,3.5250888125351016,3.361037579092105,2.801378398919419,3.5997811094991974,3.027118046289922,3.754139163512001,3.6370936086929793,3.461630434792012,3.5922336617530197,3.577023671635462,3.644447532105704,3.424588261015115
3.8904317211429174,3.8092629490975045,4.047786465178009,3.7013191758240156,3.967012261938159,3.4250869307765837,3.7674830881711907,4.017909922549218,3.7141464354411897,3.6372109036525835,3.8884650113039325,3.3628634400028377,3.296275635162984,3.171961077843013,3.027756898367364,3.2356069948411053,3.2234937041720895,1.585000152629224,2.9609291105321827,3.1684998385134544,3.0483008664453086,3.27645823668017,3.4017698957546374,3.1555619739080756,3.960906469989504,3.8279572999547833,3.7943144009831724,3.4994108965172193,3.0749958093036605,3.6087003752571296,3.7715876022815666,3.2596923037332144,3.5411419797108814,2.5304709831215138,3.935476986890409,3.4685866085828088,3.413533655561986,3.676524537585409,3.4484402798963005,3.232662236123086,3.4112383467640814,3.8978366068275907,4.132175466073738,4.026746134498522,3.7573385468496605,3.6610480981853417,3.805609084438667,3.7300776263502833,3.799185910770864,3.3808106083603238,3.8008754353435052,3.710920859422359,3.8924147816694474,3.958459631139896,3.6711710468611534,3.7596932758201995,3.981156343185159,3.88932690573969,3.3042284169798526,3.7538721713142786,3.53662844739619,3.7648203848676554,3.4818896438942146,3.3430455966599313,3.127157260706912,3.5467402288463745,3.1461577490105896,3.465865085416869,3.6307643360777044,2.8415638747027847,3.4115534427530276,3.496990757137517,3.0442603805366995,3.3183133149414337,3.103947604222928,3.6347998763963494,3.2315874705212253,3.3196881898777026,4.015696134985733,3.6469658328299626,3.277276100175885,3.3809738577212136,3.7491700165545576,3.9595639473766493,3.6882356270914776,3.464785192015871,3.087522304916545,3.6521285877439404,3.581927908828997,3.133012473486584,3.7297353192596594,4.093930556188224,3.310195493976872,3.5384431014742215,3.9341062805829763,3.7515646910285896,3.8790431072826235,3.678251011988085,3.7818228634303157,3.434983701935173
3.3618657862770056,3.848688978385126,3.698263208128051,3.5987431022149443,3.91351194901195,3.2110060440991677,3.31323482437937,3.850348913187845,3.729142703240985,3.624851028959113,3.6500237968426608,3.224239281981235,2.714813596933842,2.736075846732129,2.6830225746780827,2.932956314269548,3.0120195182872096,2.9609291105321827,1.6412223368757226,3.274229621477934,3.3925557040397365,3.2439294740963405,3.451009328010743,3.0890295073197893,3.6150837079884384,3.689606349258606,3.6205244028863444,3.7333113553916313,3.188214867822626,3.6104096626148086,3.611805282020787,3.4826000568980398,3.386523976787502,2.8830367630847413,3.755440555830485,3.326412902568653,3.1492387398358006,3.537090120296484,3.2233618317068533,3.0486528723479194,3.465478919815539,3.434983346695561,3.649438223525171,3.9488792272376103,3.688326364467001,3.7680363931393925,3.678903509575128,3.7122318230105154,3.5406535876623484,3.3400090011911514,3.602842575669276,3.3719785270901643,3.5625632465006603,3.56029056067851,3.484168636301622,3.5025902941704556,3.8093798880725114,3.7564062963356095,3.399817379189756,3.6147828498698593,3.3491965079721444,3.4076408708139354,3.427368770747164,2.765819155462623,2.6191857710185693,3.19144835446134,3.0951083318517885,3.1745704169464255,3.309742878417992,3.2659351621016657,3.3320600169918726,3.7709309598772704,3.236705729295632,3.3968764832874,3.362429424785315,3.59746487915142,3.090578429185641,3.4338066383606356,3.879846168196521,3.5824066535320176,3.1332596313794996,3.3588343422028455,3.7595340883547403,3.6303400564027895,3.661234242170121,3.473904353327813,3.3095099425598673,3.706822954854461,3.460836021881252,3.5406814999275382,3.4021937625967302,3.8090701496957884,3.2209038802092476,3.7232642681714525,3.7434457717766967,3.6871460516927934,3.7937013758001936,3.809974419167525,3.5142368967886837,3.512239589994689
3.4925616497390397,3.648985182239172,3.908047895317922,3.5326750279041943,3.8626507868046223,3.3448457395484326,3.47824437198375,3.6924583092441012,3.4611141951881947,3.30719024352913,3.863623726008688,3.624245136069652,3.267087863848394,3.2257732636615133,2.9093342575885286,3.161227129159892,3.461056943027134,3.1684998385134544,3.274229621477934,1.718428654647363,3.3187021648488653,3.359053053564106,3.0799975024841837,3.2144920529939367,3.600011641151143,3.5006701574411356,3.364463009890804,3.5558689038235602,3.261007765345347,3.659486573617143,3.419760368442542,3.5612690725572724,3.4890575586134025,3.119953910124668,3.600627477212545,2.9458191537766183,3.015567621704671,3.529845688156224,3.354690005269198,3.2165719012475398,3.0422005610538934,3.718476873476349,3.4230777254001348,3.6354575139086176,3.409473889929731,3.4069799534850427,3.5552545155055513,3.4886884416485437,3.5378533489838913,3.0385205716694683,3.3874636952975163,3.3253320109715947,3.581182395473324,3.4570929061689166,3.337237510157164,3.630982919039506,3.725404737309297,3.6517584954297404,3.2640781111455524,3.648445934837364,2.991409370829723,3.288790026995728,3.538307283977653,2.9788207439392864,3.225404903873986,3.1417044655197044,3.3120961845319976,3.726564242976159,3.1731926097196244,2.900276954885814,2.758677477249468,3.6093370598581416,3.4577409107569204,3.3960696535440147,3.497444146793618,3.196697065904867,3.0820501292410287,3.4527459762044863,3.662108484550936,3.4867953036286328,3.1152901098375767,2.716797644282015,3.723974342592707,3.6740082679448633,3.5135837098348475,3.257032670213122,3.1035316448062042,3.5417143425811886,2.9103321512603304,3.484673348739742,3.2118637419421296,3.762918905100035,3.0094339443294955,3.3806310351578275,3.6497881062446145,3.6356592585053424,3.513372390820888,3.514600892900374,3.1567338451839566,3.0835615929085582
3.4642903917336723,3.6328733939384708,3.3934589287574553,3.6844827786067706,3.690375661947515,3.2743003418655756,3.5437942639815283,3.8515856346871873,3.368504798165514,3.8734991029017634,3.472072117424313,3.2439855336351076,2.9320151745431304,2.8818529849744405,2.404298892185317,2.901610323513311,3.1205715509578043,3.0483008664453086,3.3925557040397365,3.3187021648488653,1.5589059621767538,3.3923207532258335,3.354867510690105,2.7245505164736676,3.611017584137947,3.4239701043040855,3.5249025756398225,3.426882785568926,3.0668499765959845,3.440636725234643,3.4662410849715917,3.478143581268831,3.6227358634933604,3.0630317125218776,3.5635286769606465,3.199621530261897,3.025824028825731,3.592494391646078,3.36617770558032,2.725488668648484,2.8564795449241362,3.5327692001991116,3.2417833053593337,3.6679158027839,3.490346607620617,3.3204833876107775,3.2349445205371743,3.4231072870707893,3.7870736851856353,3.386111886613141,3.539959650584708,3.3269605912912956,3.3275231599714905,3.7002137750788475,3.5032165535009647,3.4372730860532013,3.40372229405109,3.402345246008493,3.161653051345378,3.732920988922778,3.489796846017059,3.665950771110974,3.2476454670610386,3.343194484363928,3.1329851208904658,2.8810416711807614,2.9723102238377863,3.281251469676286,3.32371798704251,2.9016404521704153,2.72285855663975,3.777389035483244,3.350726332423736,3.4142399647811246,3.622565054520382,3.4349198293702488,3.1890134343094396,3.3702336810653133,3.6718748345075425,3.5811243432584434,3.430782330925284,3.2796356664955355,3.3551862920890967,3.411527861454913,3.643301270224378,3.4707570548105475,3.394905645606277,3.5004029324609314,3.297980122614826,3.7589753048953702,3.2654707995719856,3.7644507719117755,3.274371823709782,3.3662682327482742,3.3646384158808798,3.688237747030124,3.537671440736501,3.4682290007181096,3.5022734770991413,3.5019075365354917
