0,1,2,3,4,5,6,7,8,9,10,11,12,13,14,15,16,17,18,19,20,21,22,23,24,25,26,27,28,29,30,31,32,33,34,35,36,37,38,39,40,41,42,43,44,45,46,47,48,49,50,51,52,53,54,55,56,57,58,59,60,61,62,63,64,65,66,67,68,69,70,71,72,73,74,75,76,77,78,79,80,81,82,83,84,85,86,87,88,89,90,91,92,93,94,95,96,97,98,99
1.733941740372314,3.1338649818875064,3.3520754377258077,2.7828297802007462,3.543292747685927,3.6851800078084955,2.8521446641726147,2.9888399400553793,3.6139674149054106,3.983850667243736,4.035848806850311,3.9242095965677035,3.585726851677316,3.5045143290735097,3.3501349171195427,3.14822305408094,3.6896038578103796,3.710767408395723,3.6961429878562955,4.010576142666039,3.483945213150112,2.994297914214375,3.8362074946821503,3.3654798436806614,3.762443094073796,3.587559918749722,3.652049747369932,3.567127085685143,3.816600652057416,3.8474322292944643,3.544224282507259,3.55128990584279,2.8434828204794256,3.373696834743945,3.186905672876896,3.6240653034512906,3.5234839233195947,3.3344860973528925,3.5055372190358414,3.5576206100022993,3.297844008780138,3.565455220629149,3.700107816207945,3.907868698811925,3.6796922351670434,3.4512592524761785,3.515520456685712,2.971303094365879,2.682016537989296,2.9512554639014588,3.914389668058583,3.0862507505456063,3.6885013827243935,3.2737559388134456,3.76238128391155,3.5390797792354274,2.9510541623431075,3.1873529708923867,3.6560851185308585,3.8001492869536677,3.760225069180982,3.5579909140527697,3.9454161580238196,3.753311347392622,3.7104753357742557,3.7531103435589945,3.4265143842590677,3.547626308717419,3.8836061843477716,3.870147063857048,3.8970569098908925,3.5407669946486084,3.946256087184004,3.1588803035282775,3.5151263965193125,3.647257427303365,4.040918429975453,3.787140653689806,3.6617907473861844,3.4615276610611594,3.2535416867348963,3.3702763529317687,3.778340242540724,3.612341375474942,3.1653692679290675,3.7262109342872876,3.5205653839883717,3.3145029707096776,3.6220973741683595,3.386023658693141,3.607912431473538,3.9472008803070837,3.5717426335013984,3.6961622510185057,3.421196609704267,3.5256085701131084,3.374844398652035,3.3744838521888063,2.8356380324743,2.7241770681061976
3.1338649818875064,1.5520655982768972,2.617025536381735,2.4093792864707155,2.809089158396152,3.1608168077958734,3.0650823366943643,2.521798099772122,2.8767372932897484,3.563693508997501,3.7915751351975553,3.3751459042310277,3.5565717218691115,3.5214883190113553,3.838759285849141,2.9922947326672724,3.4681662232955466,3.542408572162375,3.3558995186331257,3.391745470119537,3.492054842783137,3.8927686205480683,3.5580070468188714,3.2236176808379198,3.888709991853851,3.5510461219560354,3.145995525938092,3.713704717638899,2.9446362192629696,4.014880292299859,3.795004484317555,3.7218552437256927,3.8274418573456406,3.7575810878022837,3.8785128836072746,3.8882139082811844,3.703034955616764,3.7742390255762857,3.863669750866035,3.3935898013251875,3.7478041226294945,3.7352667630562277,3.687921162576619,3.5981375719870647,3.939765154238812,3.6468591159000945,3.543784926955648,3.739402638060924,3.797847837259873,3.8199585345708686,3.7854977634921463,2.2218867179455746,3.08008189912505,2.9855037504404773,3.055070213281734,3.1845200386245764,2.262027692386087,2.1969373125966474,3.5845320840730563,4.048184389376632,3.818844517220281,3.7062940816287355,3.575848997132977,3.5386039859953016,3.4975878418341257,3.7259296229476417,3.2441433222462512,3.390692561457795,3.743560722916975,3.5524375937304784,3.443153125600999,3.7737155476566224,3.5940591930330403,3.4152384946505583,3.428972543366532,3.824388897662279,3.2461933320929077,3.7210169304611043,3.607960902215367,3.6307226923010387,3.727365282336121,3.688374910419249,3.8452996621458224,3.7741021177852394,3.5222215673541895,4.084754951591912,3.716128759687235,3.8774288325349398,3.6144652176308654,3.9369487347432615,3.8916783207574497,3.9635699223164984,3.474945166419135,3.445363686370011,3.5916365669017027,3.6658039490536174,3.7083028500613073,3.4964695439935825,3.624134008672378,3.7641308519404486
3.3520754377258077,2.617025536381735,1.5752958163043382,3.241867198473653,3.5744212515720273,3.0153684940973133,3.32712343046114,2.8091065539714037,3.1598842396244606,4.047791326174858,4.2577068599983345,3.6438761317548134,4.398321999045613,3.2485031878055883,3.581792911246406,3.4058638032892894,3.546689511578237,4.138580213431024,3.4867988521621736,3.6831431740277045,3.547311271885054,4.115891785888564,4.289500580087296,3.504139425264473,3.9321928350652406,3.873847430512159,3.859168422219431,3.9177503519352705,3.3923842268477147,4.173809183928039,3.6756165071061933,4.218785163610304,4.26752818154754,4.200119429280664,3.9116580124653018,3.8409230792328892,3.5278854989348334,3.8014492797155155,3.9434011519498147,4.048038290047253,3.6659947128986765,3.897709656802665,4.075229713130843,3.984965931561417,4.002261473046129,3.7619375983721364,3.8176148304505504,4.194932854293089,4.443206667381713,3.9872385395849177,4.253126588883303,2.8803522356009084,4.263281074178476,4.019991162528962,3.606919717353081,2.8140745561936584,2.924261242891411,2.9639858817883207,3.9466579741291232,4.424503800531742,3.9783744095833655,4.075438379396007,3.6818247801636863,3.8867016341476464,3.65686611554972,3.738158549339795,3.9053727353940366,3.7624553309936983,4.007589394692846,4.306004095241467,3.699347291331737,4.186651266023589,3.9541420507211833,3.7359368199026872,3.726248097337239,4.221512188713782,3.5827658753968055,3.798405528718956,3.9813910209983887,3.7743320925563326,3.671444825980671,4.170420690418329,4.217223261609711,4.019493590336197,3.5078933240146157,4.380033755675697,3.549152722181804,3.8012063385849686,3.946244096150508,4.216604197943562,3.929217818069764,3.7314605297438326,3.5749363331770656,3.650599938778394,4.015677370555653,3.7588351192109695,3.80086260331713,4.198915940218912,4.359880116238243,4.100601837128636
2.7828297802007462,2.4093792864707155,3.241867198473653,1.3280370130694215,2.692406512064136,3.120430770100858,2.497718771417783,2.171200352254039,2.951757252155713,3.7310000420291902,3.7427440410344897,3.348931029813807,2.8736113002342165,2.972144733774599,2.8294150614662654,2.494562235701387,3.0951268069128837,2.7007773996638376,2.94928633622597,3.3678881844794697,2.9950284150909687,2.869423852352444,3.011046313150306,3.2114727614508642,3.455608574014823,3.430276229871132,3.248952927349092,3.6652082594602016,3.243617761353978,3.3335623767183327,2.8199797944226734,3.0958396255986025,3.1887352425260267,2.95119280173747,2.9426513902132805,3.129957984074965,3.1596628503371615,2.8692094462143345,3.456553558231267,3.1321107361683147,3.3251932224474077,3.2880658461742054,3.3544235519758336,3.2384403428311592,3.3343781001029473,2.971180808011136,3.162699448074335,3.1839259014805497,3.0884731575922775,3.19860717852083,3.459097645750868,2.178595838021588,2.8140148208814333,2.033882962673171,2.9096015445535617,3.4683176600071337,2.269825126667934,2.768531248978977,3.5130342042154314,3.3809086604579943,3.3911198129713247,3.1094261594570516,3.019076473964316,3.1833401349785353,3.026252903989361,3.226042041257546,3.1469067702646134,2.9303550874355304,3.034865532936737,2.698064761860439,3.1331830777067173,2.9107435980851872,3.1015539690466176,3.28546326261456,3.073667959775901,3.441466447924316,3.185869120034115,3.1811655243549612,3.1263809590634692,3.424233772015919,3.1607541968142807,3.1194235762101084,2.7569034548121993,2.7840964110022015,3.285310782915286,2.8171889753333392,3.2116570424374524,3.351341564727091,2.9083698404641414,3.1272060066852974,2.935943479762408,3.440401878185889,3.306338331154535,3.3083071345290835,3.152411712171804,3.127049746959154,3.039085096052853,2.91235135316238,3.021980248016178,3.331052737390903
3.543292747685927,2.809089158396152,3.5744212515720273,2.692406512064136,1.4772493021567863,3.0319070638703627,3.516387523589396,3.1206908623518648,3.368173615329099,3.9350092313153717,3.990550885833759,4.101299737568916,3.54742032616416,4.328346889132192,4.061753915335915,3.4983094945825424,4.228414661930578,3.42664979282155,4.249472025007587,3.223879739962277,4.315056580145671,4.232683690565925,4.164208294236632,3.6853389689813247,4.033001520719476,3.8768336286046656,3.6781355087126064,4.176273037532862,3.631221785368543,3.7539766776312913,3.872140533651616,4.119920201980251,3.906098040586175,4.003360091053695,4.178270255331822,3.9148040898428462,3.873491680886587,4.325832356540812,4.037113571896626,3.553240546685223,4.178340736866164,3.7079817921467613,3.84413321181275,3.51123874286384,3.7010819616123656,4.236346564104632,4.116527623963237,4.14962907137269,3.8569036714483795,4.12335226128957,3.8999123576782586,2.6140317598730105,2.984301020140464,2.7145626569140995,1.9231892638232784,3.642825087050321,2.8564732893663263,3.1377257282873723,3.70936316981116,4.200194519873719,4.115228756434621,3.9144414511928853,3.6309246758221736,3.97138643859671,4.337366753268161,4.146474214495981,3.356145729442633,4.2175427768812535,4.019129011422347,3.575810200937962,4.131922264793742,3.8599673960653074,4.196391944002388,3.4073971967909715,4.305383086038759,4.031817263079767,3.9628718252621127,4.278208128103145,3.538724588341017,4.2123191085548175,4.02092867250484,3.9687482604520503,3.562902332390021,3.771809426916005,3.7192645858312816,3.7123107778606927,3.9965320314462396,3.9037298950025763,3.7754160301316495,3.6554681221142715,3.546722223650005,3.89170175529549,3.2653764806471695,3.33629615545938,3.489474048492722,3.9583856088541105,4.51045384162945,3.621751878770116,3.7321888143110646,4.157949693146047
3.6851800078084955,3.1608168077958734,3.0153684940973133,3.120430770100858,3.0319070638703627,1.718797503116023,3.61356959109895,3.2083216143067843,3.2271231361300647,3.895220977897269,3.9927754082854046,3.9812929952835168,3.6793470980726672,3.861953582202172,3.908087364695066,3.5361421882909605,4.083226551123908,4.300361020317722,4.239784887559015,3.7442838082898025,3.9801259068379684,4.114954338472307,3.837580830081014,4.0371741305464255,3.9524449806882176,3.903519039067197,3.6728974940959005,3.6216913441667407,3.7552171774858905,3.665762383002651,3.6316860524260726,4.027501463308931,3.686195255420216,4.636646506945309,3.995543547123771,4.255005082655916,3.913984059632958,3.719839146242124,3.792525893849957,3.6179233948498206,3.7305812419565774,3.9482301600413465,3.7336042526963293,3.860580767908115,4.10876150668506,3.7154082332659746,3.6286055492296017,3.9313486697284916,4.1146017970084925,3.8007898395075084,4.1507520591788865,3.162970661117522,3.738967121215966,3.480222593485794,2.8873060970764577,2.7679970230814863,3.146195831185816,3.0948359989723966,4.008218250477004,4.336113986314937,4.137042243480071,4.027176707230266,3.877191125037036,4.122035006751956,4.21582898193747,4.126577938080537,3.788130136684711,4.1566261164951355,3.765364528417406,4.1607650513635885,3.762569405061556,3.780603638112385,3.9216514574830037,4.117596110855392,4.281218732856601,4.2571400425415105,3.787183286233956,3.9417245559923892,3.7891339573126257,3.9623129798381704,3.8984984438899377,4.060379605874061,3.9292303488474527,3.821535416759325,3.912844517241052,4.0419121584111455,3.960213202280829,3.5967467771718833,4.294382179511667,4.253663505285073,3.5862424686692114,3.7915618043878885,3.9227037551056365,3.5614114040005678,3.8426515198917017,3.606260457116668,3.6378663816015107,4.123550269284608,4.036065742811718,3.989036088838329
2.8521446641726147,3.0650823366943643,3.32712343046114,2.497718771417783,3.516387523589396,3.61356959109895,1.3442906905768957,2.5385882407569174,3.5222165325242036,3.931010730342473,3.9505266479285948,3.905699342174936,3.4070861330422613,3.7403773987502222,2.9991393184857245,2.195900423604444,4.125391426703138,3.59534797140243,4.232608698065143,3.7956241075717343,3.8056804573317167,3.400262533625631,3.6585652852971857,3.7315160224385506,3.7876159110521663,3.892083687940263,3.547249844774077,3.9759561726576576,3.788799706774915,4.01649264025041,3.484293937078154,3.8155712861999085,3.4487026688757116,3.8330208526337244,3.205864757614673,3.6535795808816554,3.85367610527256,3.45016312909553,3.729157663487709,3.6196015962968286,3.4586859088174142,3.426132942775356,3.6049608410264105,3.706872287969134,3.4676623747285182,3.160886007415346,3.4839141068999635,3.2475456300525383,3.800816856072435,3.4369009993484485,3.897607096933593,2.797557815143864,3.4484752989078986,2.9997011120852966,3.3488502629054224,3.5558941625967537,2.7032848946752064,3.210161682000646,3.7752612333430777,3.622615049300269,3.862925785561769,3.7083148307069016,3.451904647452254,4.040223556096081,3.622569181786817,3.527745599021453,3.4273164349293594,4.008516082958462,3.725007364811052,3.781250554826505,3.770505150283435,3.5687215289087693,3.947711411562078,3.9667830383899383,3.909871319752432,3.7607780590225697,3.8385392070097057,3.9974021545374,3.780933551366232,4.183108619282162,3.625558090925387,3.7678843224039964,3.7088013160612356,3.5017458443262193,3.7666857432167213,3.536249918520055,4.056507784168907,3.930716729429639,3.864654158631175,3.9310362182631007,3.503615655381657,3.5737823220767124,3.897728585009367,3.564580600717975,3.842241130150866,3.5929245411363304,3.717626482038764,3.6509800005205477,3.887190238163108,3.716499566866514
2.9888399400553793,2.521798099772122,2.8091065539714037,2.171200352254039,3.1206908623518648,3.2083216143067843,2.5385882407569174,1.3867075679478755,2.8566154318264414,3.914252940007041,3.973626296129443,3.2391384297486616,3.2445538001447414,3.4853825093462283,3.5950017817455895,2.9799114480909785,3.4245191587927177,3.789924982479569,3.5460326251164203,3.829491704440206,3.5142031460220653,3.881561387281606,3.585604588831133,3.1268980635026837,3.7920043668559904,3.4090069224383037,3.4051351330345736,3.8338870573729213,3.25587429623398,3.7692865826082276,3.8558747345517457,3.824823491883309,4.0821788304078614,3.9390131702444533,3.6434352808960675,3.79029746204153,3.8081503954513987,3.910840196819787,3.7648357441090474,3.6149308700547755,4.050753694044891,3.3577124431722636,3.633821999118173,3.9690717425340107,3.9196631161418765,3.930964586735866,3.8788283740390908,3.86365452285805,3.576809848704571,3.802382989321603,3.8814645542881387,2.666203248659492,3.3342583919483166,3.55369213004575,3.296188216692855,3.3576424606542887,2.0276567348394066,2.458458990621879,3.7239609288200834,3.936773008189657,3.5698626447476665,3.9819249745982135,3.574551227768988,3.4103890064858433,3.5454439099873025,3.5085638467870655,3.2223367493964274,3.3778801890369023,3.8296476256220666,3.739791894575518,3.4428185831050295,4.117804976797788,3.724298664019425,3.616182086412181,3.18990357544587,3.6197619793294655,3.3580830011823113,3.367021744676785,4.191943504810543,4.255264219820844,3.6215167366647365,3.1700971131052995,3.4978323953708044,3.8132661904580205,3.464956473390793,3.526481129461193,3.7071651446410523,3.6081138308499088,3.7765283842990254,3.9300131142278842,3.570017528380111,3.9300229010094045,3.9695462610217858,3.5213549393586083,3.560689702860847,4.04991079429054,4.128679631997999,3.2170333872550287,3.5344113195397133,3.5482005479644276
3.6139674149054106,2.8767372932897484,3.1598842396244606,2.951757252155713,3.368173615329099,3.2271231361300647,3.5222165325242036,2.8566154318264414,1.7840316752639964,3.595277380165308,4.022937670653291,3.9626546318955933,3.97076234145697,3.5807401574905664,3.695606504672875,3.1313593511458806,3.722049340048877,3.8068194340788084,3.8773206418075006,3.7767526663835693,3.671548642437308,3.6404989249305255,3.9134353268002604,3.5985825243072225,3.6933185618288906,3.9670811838874522,3.9066551100738325,3.757507513584647,3.596339672503035,3.927547031532844,3.425475369895811,3.595946256952909,3.7382586164292624,3.86731142990379,3.875243420715756,3.6146601584198317,3.537936454602776,3.3905155731545515,3.765671658983169,3.7609948851208257,3.5495083266798266,3.7383412685622153,3.9979862554830015,3.9674250575964534,3.7795712657208695,3.5473627331410627,3.6238824506742886,3.757702640538349,4.072428170248061,3.5164567107838134,3.9666189340561697,2.6604514975281135,3.3631153376258274,3.3776053878689694,3.3263745382606134,3.2665656799965292,2.250479599500085,2.4383041041415594,3.9008045335156,4.117155301787934,3.9497165580017564,4.107525490584361,3.8698229271621267,3.991842113180449,3.6109469361715694,3.7406167977665072,3.5915568193036194,3.7973564855465716,3.681670048924649,3.701879682402219,3.7991802036949025,3.705196513744451,4.163879577207775,3.8300686098597807,3.8754077095873294,3.9557565920582447,3.7615900556555477,3.98498873544,3.8989135770388414,4.097128399264409,3.5938460376446146,3.651783074105672,3.881909807650222,3.528232506013532,3.87153550431437,4.003602377788549,3.569647934066434,3.7428515292490334,3.747594849431097,3.9309850728494147,3.7849959658345735,4.0303151350062985,3.9012706456150568,3.675427988521354,4.133120817051088,3.6872842845032774,3.6229432789815377,3.6961849407182576,4.172301840722928,3.5933722110008928
3.983850667243736,3.563693508997501,4.047791326174858,3.7310000420291902,3.9350092313153717,3.895220977897269,3.931010730342473,3.914252940007041,3.595277380165308,1.7314523663719679,3.0604336809355095,3.098850776500724,3.9928809552794653,3.9081562212286993,3.8357371073992095,3.855510010057952,4.067025721731821,3.940071005098159,3.7587648933575393,3.999062673724796,4.027778269154168,4.034550103287529,3.9542445388810292,3.727885223973575,3.121458358328927,3.196551214800295,4.136714823986752,4.099443596333912,3.760122957701959,3.713178841985189,3.438117015382613,4.188760122143761,4.101198328418568,4.021652061419761,3.939370101377329,3.8516194082507957,3.835001469518848,3.945480078875484,4.144431236517178,3.7935530731930784,4.0765929286024605,3.3734943652215708,4.18343662028167,3.823698423584898,3.7619985781165903,3.8151477654068606,3.988795436583977,3.8605617163914197,3.8345755846230336,4.038461503077445,3.882187570278061,3.47785535607052,4.001367389663851,3.6228637499390195,3.5729177223946516,3.7665511945407966,3.249268178510717,3.1977959128758244,2.9089799483095655,3.204005864991209,3.0294129182244975,3.9542580373486045,4.014919537959307,3.743324343760341,4.050796769210916,3.6048150615257586,4.081074263244795,3.9909197175192794,4.167801951781522,4.092101863764963,4.357162019594733,3.743455182345467,4.286322194746003,3.493120856439343,3.8429366774308504,2.9370201096293784,3.8961910426150257,3.848602119628137,3.4192405262197343,4.181330905089201,3.5864627122521378,4.009806137517925,3.89647378654132,3.648453808186404,3.6322147650287904,3.7815239212780165,3.5791702399580663,3.931592795163374,3.7253845902357496,4.164299962777061,4.038784994115668,3.6794926603259013,3.563373636775382,3.3120511954649516,3.5237599309409897,3.893126811683714,3.918597598757352,3.874599333883551,3.855146597435583,4.050582362871024
4.035848806850311,3.7915751351975553,4.2577068599983345,3.7427440410344897,3.990550885833759,3.9927754082854046,3.9505266479285948,3.973626296129443,4.022937670653291,3.0604336809355095,1.9854524800420572,3.18381220148855,3.6498304939431905,3.240500845183553,3.29320556482632,3.4201280189907486,3.4789644777822017,3.4438967331708428,3.199641527952593,3.8230569159486594,3.3261496511373374,3.4810141059321364,3.781345032682587,3.5209175223591966,3.20736528051108,3.214126142075772,3.6741649114447976,3.625783586798443,3.4888720472565424,3.747725717356896,3.308837970954271,3.543086028857658,3.4733850882511867,3.5403256858334875,3.389891176745079,3.7374935846872335,3.672374741320966,3.3337811983077987,3.487239994740866,3.7016259869778576,3.5920667806523516,3.081267939824371,3.4715848505449234,3.457987589606766,3.5025263294324263,3.5025310827437304,3.520426837223913,3.594809500433362,3.495618350780458,3.580242445505219,3.6252477230229982,3.3334702071145896,3.427147625382663,3.5542472189502257,3.6228512726466118,3.6467732138990856,3.214275766884271,3.3907705700356345,3.1140630684493185,2.7193766721461565,3.113771143212463,3.8740597110446937,3.397100867219617,3.075827693417509,3.5259396107288126,3.358225098464369,3.194680457073064,3.30678523175564,3.4136373193996032,3.3263153238028353,3.5433162065507458,3.264064815983866,3.6444051984230637,3.388696355040678,3.25757023518766,3.0675632743656274,3.3618095204338134,3.371927171975304,3.558411742536213,3.7169129085669947,3.3172331991361967,3.555013666032998,3.4965252299098917,3.248366845712089,3.2081864623873217,3.625358079096688,3.640543465991759,3.3838746676618268,3.57219232274901,3.761658834075793,3.6368845767381903,3.785567845186719,3.5950406634731884,3.2039629964965717,3.249297681759461,3.6214741796817425,3.8195753045343,3.527625995915684,3.4622738081347486,3.598392075733719
3.9242095965677035,3.3751459042310277,3.6438761317548134,3.348931029813807,4.101299737568916,3.9812929952835168,3.905699342174936,3.2391384297486616,3.9626546318955933,3.098850776500724,3.18381220148855,1.6536709475216176,3.6407239519974435,3.156736901055242,3.449399933853534,3.670692102001873,2.820447237395531,4.198384780964683,2.5832396976248932,3.565113020441966,2.8038319989636675,4.1092234800038865,3.6349952836366337,2.7695630293883395,3.525814415932699,2.532200323984094,3.7690035455917315,4.170088525447625,2.8985388899007605,4.063131050829212,3.948564378804001,4.077872095700321,3.9790600556813853,4.0299515362272444,3.837681278186263,4.124509426513254,3.7509682567603115,3.710748406800734,3.700464141590457,3.7374885919902727,3.7267200769470183,3.182575797802132,4.197040828354396,4.419323589336763,4.2389951542833835,3.869715764331314,3.675047155154941,4.549406809796159,3.910701115959676,3.8842526516184415,3.8690382704757345,3.668003450589878,3.528319129410504,4.12411191999066,3.859438587388132,3.7054048917077065,3.3919562661716025,3.6936430087323706,2.796800809735249,3.8976919909287213,2.6577498700992406,3.772588202461232,3.7852977815720577,3.6132542733221364,3.1110361392997907,3.37506608190452,3.8887270579916176,3.045436135568167,3.8629537368979676,4.0919157184898305,3.023396965602755,3.5663994335274016,3.085281515171741,3.417068258429349,2.2621852100882407,2.9369005703404323,2.925417073230875,2.5902467263515216,4.455115771714627,3.999177016860706,3.7147367393379724,3.853113171812532,4.1533005438491175,3.9277100537011584,3.2988477934005043,3.982751284627364,3.669560552264743,3.4006869812050646,4.1134399029542745,3.913585319438148,3.706085974266891,3.5881341962236384,3.6904640111830505,3.900257213262025,3.614964810813071,4.47566855039987,3.8107576380468124,3.9540461658945376,3.7536031253678668,3.717285621697298
3.585726851677316,3.5565717218691115,4.398321999045613,2.8736113002342165,3.54742032616416,3.6793470980726672,3.4070861330422613,3.2445538001447414,3.97076234145697,3.9928809552794653,3.6498304939431905,3.6407239519974435,1.6787104840942206,2.9491683113700407,3.0610914185995424,3.9715802070747084,3.5464605215845477,3.742869088046854,3.2615995066657915,3.496473490590194,3.0799884128009922,3.5196530068330247,2.987810107006569,3.1949202027918693,3.7090754115220665,3.2880149083866206,3.419910133425876,3.9208294713160985,3.3371868872675012,3.4639106017644083,4.137725105207539,3.701238583069621,3.707654284666773,3.4495807652477204,3.4718419584749034,3.800264300180523,3.751880262614013,3.861964011845332,4.096170911499952,4.093679769678787,3.9214627539641724,3.7173622954445937,3.9941619038908813,4.079660616037944,3.885246062385004,3.8581884957093746,3.657174355553925,3.7231320051526153,3.524683344676235,3.6572670110517724,3.5479817521634636,3.592821629285588,3.580507289493726,3.513771247698539,3.7701400893920827,3.6905077739995424,3.58250561173614,3.619871562479542,3.472281119588213,3.862392579090095,3.46881802954231,3.0571635148238054,3.009278857984098,3.191919931921326,3.579302397571532,3.024225633615098,3.5226486617391894,3.455405692762452,3.9039504915821817,3.8195934207620454,3.4712565962884145,3.669935444666433,3.5415476769401906,3.5562165029685895,3.248357428472666,3.592546383330726,3.3286198920651526,3.2831263813016167,3.8740711185233843,3.602788622330189,3.53550580182324,3.57223638170352,3.802107741965555,3.6352544117840107,3.423600126798245,3.744926195812395,3.7911468763684537,3.6254777107847653,3.7037802652605496,3.7918729428052647,3.501499249266769,3.9367595667845117,3.9037749471125074,4.095227488366341,3.6896437091989465,4.119582499019859,3.889762529203623,3.4077283220990022,3.515483427220101,3.539780387873619
3.5045143290735097,3.5214883190113553,3.2485031878055883,2.972144733774599,4.328346889132192,3.861953582202172,3.7403773987502222,3.4853825093462283,3.5807401574905664,3.9081562212286993,3.240500845183553,3.156736901055242,2.9491683113700407,1.8119780390518196,2.5462403244971035,2.843156032810926,2.53310668839211,2.8045764311201853,2.2702915052081583,2.9304947867784334,2.3404432441707166,2.5220653648853664,2.8968390130914847,2.965908443778545,3.1175475401300936,3.0893151741310794,2.95729964893597,3.082241014555716,3.0689120753212307,2.973494375059866,2.6823919339122475,3.14717794022917,2.783588376710438,2.8514451658016946,2.524472937108686,3.0320961486614713,2.9576911967051602,2.731963935161325,3.059644641175666,2.9944689118077936,3.0498565140108775,3.080717418784916,2.9137750695172726,3.1460768192183397,3.0714452029474155,2.8891047623849224,2.833530796852028,2.8895306759454087,2.960828103239042,2.975257578287406,3.27228412651398,2.933202461262348,3.080914138019021,2.837659743837168,3.0660818190900754,3.0172744871878034,2.899590829142647,3.0029243321873498,3.123823253684919,3.2075157634623848,3.1769679887819935,2.982158731408225,2.883122398019582,2.675595204799548,2.749862185376145,2.9333837008018078,2.8581009431850184,2.5430210113583454,2.9232734321051805,2.893154285260961,2.810954718782299,2.8470479055482922,2.8244866823536032,3.0476064946604264,2.8451043800815525,3.2793572414994876,3.0386046883212168,2.883786650089732,3.1588137946758716,2.962039048699836,2.9496254448787202,2.75408296922098,2.6779179312017525,2.974706092864543,2.9402313127878688,2.8585141106667638,3.0750163773250074,2.8880510418937257,3.0185678912440714,2.958166931197142,2.6626712937029615,3.3942909224053115,3.0583160685010236,3.2112831335398155,3.012282325727453,2.7572579005388964,2.7028559941217316,2.728044464995151,2.82592483177848,2.967515558491933
3.3501349171195427,3.838759285849141,3.581792911246406,2.8294150614662654,4.061753915335915,3.908087364695066,2.9991393184857245,3.5950017817455895,3.695606504672875,3.8357371073992095,3.29320556482632,3.449399933853534,3.0610914185995424,2.5462403244971035,1.6919071352875368,3.4435857619790418,3.496408602951875,3.8546472280955597,3.4666233210912325,3.7396040603524967,2.838087141930066,2.908599895374128,3.367773009316297,3.603910805038456,3.681339954821509,3.506585506065324,3.3992010294999098,3.7601582937016875,3.2932440871570496,3.4438352320127845,3.692079893233355,3.758275611951796,3.826284465277104,3.5388897934190817,2.9041521273301587,3.7939808820463683,3.56883333291385,3.5695985971557413,3.9874895021406775,3.8512084701008846,3.9221002175119613,3.446525110517409,3.6004702882349804,3.8551234074455407,3.7320716770204734,3.8202604913410436,3.727320280915208,3.7753300383457553,3.867388246205475,3.752776939144492,3.8656032739308874,3.4459723512787415,3.8765079763745836,3.54738452320192,3.749716889779754,3.773268340408122,3.333933663226911,3.5977975044959187,3.744602533715858,3.9312994902480343,3.855891498880075,3.597549348211962,3.349158599579473,3.30875993977889,3.14988151186266,2.575928889643557,3.77402307627792,3.4303366283422188,3.7588195773992408,3.766611653252771,3.3490634708277263,3.60274054452588,3.663703037148804,3.8035821188196053,3.5855319097016745,3.8003048463757056,3.5787034188664153,3.392189174608012,3.9949415120643414,3.953695955039708,3.6027336330809394,3.3379976168449312,3.347198834435272,3.5884074374359534,3.6157308742323466,3.5068767559836176,3.510375463680078,3.3147485099681657,3.6643364347740883,3.9542853276239183,3.5803184539639212,4.045230552806359,3.77439246497489,3.8082167412379935,3.733739911753591,3.8546712603574087,3.79195540123127,3.150813841156337,3.6219230123525055,3.603352203458347
3.14822305408094,2.9922947326672724,3.4058638032892894,2.494562235701387,3.4983094945825424,3.5361421882909605,2.195900423604444,2.9799114480909785,3.1313593511458806,3.855510010057952,3.4201280189907486,3.670692102001873,3.9715802070747084,2.843156032810926,3.4435857619790418,1.5466137387104861,3.362436112722012,3.2875674539083444,3.3021332403732044,3.3777136476754936,3.120639942328241,3.3361305829228507,3.1941817997187547,3.353184970950262,3.4501606271496197,3.2868102712806104,3.3491186058972273,3.7161276655205375,3.2311410649704757,3.76886993376389,3.3499093722631725,3.5239246749324096,3.3745612145959436,3.4222998051533504,3.2712711728765855,3.6096358504568014,3.5920873181438004,3.2356292236621176,3.564787539089948,3.3019369123910582,3.5426589698132274,3.018380835948113,3.4304581196576636,3.6381955910488006,3.63218323158656,3.2324921012116703,3.4624645108547276,3.6485675934451303,3.7443304948359977,3.7129232441467406,3.9252980640607573,2.8417202712434393,3.1856452679590794,3.105457287183277,3.466796237501239,3.47002435680998,2.788540178223469,3.273270152393407,3.5373150155887387,3.414346865050985,3.3031559209156898,3.791900158994373,3.658598051000728,3.505915602614284,3.2979880439512126,3.4135508034831044,3.323897138236042,3.382721068718545,3.4420877809936123,3.5586614734678435,3.0497179827355447,3.4428792351521023,3.5424708049305154,3.6861760400604227,3.2298784642841176,3.395815621740014,3.2431936124187275,3.347610221220528,3.7529650583248713,4.027868547600586,3.3672067834046007,3.3764946967663256,3.5249725358983657,3.4269881161133617,3.292604262850635,3.6294361738446033,3.6780724088789745,3.456862087626422,3.6055867069615775,3.7517106525352286,3.416800145709008,3.6907031224475886,3.9515700363901014,3.562358119946101,3.401996555719197,3.760617190138221,3.7289469485161653,3.448444056488147,3.8336332565289517,3.7306292758735897
3.6896038578103796,3.4681662232955466,3.546689511578237,3.0951268069128837,4.228414661930578,4.083226551123908,4.125391426703138,3.4245191587927177,3.722049340048877,4.067025721731821,3.4789644777822017,2.820447237395531,3.5464605215845477,2.53310668839211,3.496408602951875,3.362436112722012,1.571492830358638,3.3269464717179424,1.8357609304008577,3.0508907417499334,2.218831777400298,3.188663156738288,3.021760267347033,2.6849814602929802,3.289641959519146,2.781976641731689,3.1355439521231596,3.3078099449563005,2.9505442333180896,3.521278223079585,3.3926655538765975,3.3834284463324464,3.44358125063663,3.2315063668744974,2.7290121761522492,3.117422826488017,3.2810580190949503,3.173769823571821,2.8946395785715175,3.0921148733301056,3.1024533666816203,2.910876016435078,2.973468273255564,3.4372215661321177,3.5082181383229853,3.213677870473491,3.162883441750696,3.4656847606525685,3.197350167324708,3.299566999391959,3.241601232032199,2.9166708998156436,2.9322994937996807,3.160018802414019,2.873192605058661,2.847029045629203,2.6863681431984867,2.734210792360286,3.212641908027301,3.4318026780730406,2.966408516749407,3.347307318791868,3.096873483540705,2.656039144365976,2.647400046569756,3.3039708229498976,2.9519359375572836,1.9568368713452464,3.0457299689147392,3.281107736698549,2.4482193073555343,3.2172086511496496,2.7930102231921574,3.3222224401463696,2.1192026096063428,3.277746561790563,2.895813751543497,2.5378641083152598,3.7025920836751474,3.5378634236019213,3.1763265329722015,2.9275899863430137,3.4776645220468154,3.293344570759438,3.1935817603115955,3.3846810983393794,3.467663600274257,3.0877019395008896,3.4213365068161976,3.3450642155584087,2.9500130474896986,3.569225725653792,3.56729551369251,3.3788440364871786,3.1567434187918617,3.5026116553722377,3.394414651965442,3.069274254793264,3.176169209744115,3.1491666520264334
3.710767408395723,3.542408572162375,4.138580213431024,2.7007773996638376,3.42664979282155,4.300361020317722,3.59534797140243,3.789924982479569,3.8068194340788084,3.940071005098159,3.4438967331708428,4.198384780964683,3.742869088046854,2.8045764311201853,3.8546472280955597,3.2875674539083444,3.3269464717179424,1.418259665186484,3.265211856214904,2.9276072398876916,3.1360804129646684,3.019585013991156,3.2666345682693487,3.3882930858442886,3.1807855339709397,3.520449802215505,3.1323428337440355,3.535729389555477,3.3093008081343913,3.549455975474538,3.1034473382084435,3.4705012311618613,3.2995342142911173,2.0513541331067344,3.1727607375614952,2.879236432130114,3.2667890403617603,3.044940671992887,3.632506343813996,3.179779353331947,3.623876072517346,3.0019502304454404,3.336840979797671,3.039989996820015,3.40758483516242,3.3137390005512106,3.4154252606101307,3.4260989711500143,3.230039868532703,3.6551522965328123,3.348058366438,3.0216414089756913,3.1451977083309086,2.954829202470954,3.3210425613018044,3.2590372478838345,2.7103977697375603,2.9666428146178014,3.4581911710857205,3.571554300796243,3.6806891162694675,3.2703649392823197,3.3876082278702944,3.0919054017480794,3.217591851879083,3.3327612658463632,2.745295574913621,3.1981622862553634,2.9710834825773675,2.1445876224165374,3.1377802068055503,3.2481396725610168,3.3795754533515017,3.240783099318559,3.451375312048166,3.44953499604603,3.5334935134714542,3.5824078040422864,3.8084342847552994,3.3526941810244417,3.4276047373872442,3.1594871949941328,3.084173580131766,3.1706379205534203,3.437460773400133,3.2647360450319467,3.3711344699612824,3.4846719777479525,2.7931282514039677,3.1024701509406225,3.3048880097459112,3.488562932109485,3.0107992993109347,3.092427031749564,3.425993471297705,3.17725301218144,3.1163476444496045,2.895100572863871,3.0127119977924024,3.6547151713282786
3.6961429878562955,3.3558995186331257,3.4867988521621736,2.94928633622597,4.249472025007587,4.239784887559015,4.232608698065143,3.5460326251164203,3.8773206418075006,3.7587648933575393,3.199641527952593,2.5832396976248932,3.2615995066657915,2.2702915052081583,3.4666233210912325,3.3021332403732044,1.8357609304008577,3.265211856214904,1.510364467486873,3.4784849364724173,2.4498949593312958,3.314406465654433,3.6194028767837825,3.1691548943998717,3.313295433615385,3.2308388360432376,3.5743192573646843,3.7847691719560674,3.2297989731395793,3.765204165179327,3.387065792374169,3.6027260223337234,3.5839636736306617,3.4635578829269793,3.4006486660613953,3.4710839279954917,3.8259468465650577,3.335581514229097,3.6066101120544984,3.4891072318482377,3.7588706176310462,3.320128589453874,3.4894313766596725,3.8975310841611464,3.6547072388902397,3.5261492428316457,3.5540962534815566,3.566556480741055,3.373107475786997,3.661001060821165,3.7507225799051125,2.9132999364553367,3.220758540691511,3.1099818876558913,3.152109616432416,3.3823381839498077,2.6435360119665248,2.923640468945069,3.47779834473783,3.7663031060513514,3.287641062737797,3.5778266678512316,3.9025947583364142,2.834953065477077,3.182400010276093,3.2495416255876126,3.3823216004091283,2.591721237283414,3.3862800830900044,3.286913483613508,3.2349199992444504,3.6018364728549908,3.2588269343768532,3.5161313661261677,2.8114543337279665,3.3769463395632298,3.2513522757402766,3.036430585460913,3.8760509345967464,3.3945667003590474,3.3995092073500692,3.4265800652746945,3.6508644917576443,3.492083103284806,3.3441840978306145,3.5624768219042635,3.7761606446147,3.356663312453727,3.3592165408948427,3.6321309242256232,3.6905965841428676,3.9862461270136573,3.814497535951133,3.5197551026063283,3.5107655576835333,3.793405742027509,3.5346022560500976,3.347035429030828,3.373271592692265,3.5013248207269925
4.010576142666039,3.391745470119537,3.6831431740277045,3.3678881844794697,3.223879739962277,3.7442838082898025,3.7956241075717343,3.829491704440206,3.7767526663835693,3.999062673724796,3.8230569159486594,3.565113020441966,3.496473490590194,2.9304947867784334,3.7396040603524967,3.3777136476754936,3.0508907417499334,2.9276072398876916,3.4784849364724173,1.6504650904551743,2.7475496173213116,3.5063607133801824,3.441404774842412,3.5020348508589056,3.4214813140464178,3.493634802739121,3.185203739913961,3.3692345794558496,3.1862124583267653,3.7586341540208488,3.7646173556297495,3.7821764026783966,3.912138081596371,3.225831206760873,3.37037837654122,3.4843639266465547,3.316415681451114,3.4306100238723456,3.4710221038885614,3.092935002476055,3.562554319335493,3.246397009323859,3.243127772185294,3.4498070309893745,3.728405114695712,3.585936818451954,3.595796230065174,4.064910509550815,3.7827901758661313,3.980622552299648,3.472586275251242,3.5928002657290574,3.7971416107815656,3.441475279505816,3.650736014214747,3.7031099537204732,3.5338599998463662,3.449175929680984,3.424582474646339,3.788176053106054,3.5252881793847113,3.5361674083112624,3.329700009167482,3.052885836552706,3.323107343122403,3.458822872556755,3.105877380181008,3.3349332672949132,3.2136738381843406,3.1461364234674942,2.8250824443196416,3.6187541565392043,3.4758084912810423,3.636189056092434,3.463957832414201,3.5052471013670283,3.4294232590356306,3.4170053235419644,3.9364894665374757,3.837922296307604,3.8640967285574486,3.5644154200820886,3.6362311312279796,3.6638153841027004,3.560437365832327,3.7554726128988416,3.3293373974220883,3.559186834439819,3.2996610036852987,3.6458613496737446,3.8010156939378126,3.7008195275957485,3.2115563101782243,3.1806682274310054,3.6367034713764177,3.6299600247438764,3.5376382978225345,3.4436866966277155,3.539868366793257,3.915353174109483
3.483945213150112,3.492054842783137,3.547311271885054,2.9950284150909687,4.315056580145671,3.9801259068379684,3.8056804573317167,3.5142031460220653,3.671548642437308,4.027778269154168,3.3261496511373374,2.8038319989636675,3.0799884128009922,2.3404432441707166,2.838087141930066,3.120639942328241,2.218831777400298,3.1360804129646684,2.4498949593312958,2.7475496173213116,1.5272118048133,3.3567463029452735,3.3184031109499474,2.7846454430196794,3.3491387890585336,2.990215899233331,3.1271796987249565,3.232976274743464,2.721331651229468,3.6953188029266193,3.2177975407100305,3.122199879747782,3.3793512384442845,3.2808275069329205,3.188243601841239,3.314521448771575,3.270322304119002,2.817833084911097,3.1731607176036194,3.304069516258925,3.237644772896193,3.241860484765988,3.3385616082315153,3.4942254590117763,3.4193902878208484,3.144305803666699,3.0179648434519915,3.3640541123567393,3.215464759132075,3.1509748500774863,3.408081119239568,3.2611176014276597,3.1560860201544347,3.0599147682403305,3.3745947919703796,3.4047102681238677,3.051206872308364,3.2448902101309156,3.2875532544590413,3.4329716128644256,3.197486821623652,3.5043795290057838,3.380020059072302,2.7287549048717383,2.6560791269073976,3.2685154287574676,3.1714350680821917,2.3265346149121577,3.02762635353102,3.0719810290474827,2.4123927532676293,3.186289715435276,2.7870928765563403,3.3645302436133155,2.459844333744075,3.402854208852282,2.717472443265306,2.6673523809190702,3.5478831291291,3.57099013346369,2.98095747618982,2.9636005667306025,3.1007614735841855,3.0463525469045982,2.9574557537877117,3.138130974654596,3.2902878278928034,3.0463240387652126,3.110010930770719,3.433008971844438,3.0848347219479377,3.8357578076667886,3.5364379253842397,3.366131315233524,3.2557775941355565,3.5348827916043657,3.3132138454564695,2.934303210272064,3.1744670066732854,3.0850757836896245
