0,1,2,3,4,5,6,7,8,9,10,11,12,13,14,15,16,17,18,19,20,21,22,23,24,25,26,27,28,29,30,31,32,33,34,35,36,37,38,39,40,41,42,43,44,45,46,47,48,49,50,51,52,53,54,55,56,57,58,59,60,61,62,63,64,65,66,67,68,69,70,71,72,73,74,75,76,77,78,79,80,81,82,83,84,85,86,87,88,89,90,91,92,93,94,95,96,97,98,99
1.655854265483368,3.558626701509682,3.32720584624882,3.539616938229149,3.601137611601215,3.4879434834069496,3.566090869578051,3.5282562826620025,3.392201248857017,3.4293548257778,3.453779772948531,3.2797036247439335,3.6655893631878915,3.6099722768796174,3.686181116463458,3.581961568134539,3.578259206494693,3.6978818727631118,3.8040783894641677,3.3494316522491125,3.62837251832583,3.7588130244053697,3.741479412986773,3.6047215866507427,3.5334396072753953,3.295321817646677,3.5999466350082603,3.9221177709202664,3.1604884540192364,3.7971636278658893,3.304825977807028,3.444808773461312,3.484303147110145,3.386910708886807,3.775560558721204,3.3317181333534585,3.708367299749289,3.44589204328062,3.5339375918630913,3.6494994067364144,3.533382655774881,3.647004313248971,3.567265548791028,3.4778924595000493,3.8419150779119913,3.428679785086682,3.4605962976938924,3.525357058435247,3.147216577383855,3.3633103666501944,2.9743856841786247,3.3944235235172258,3.5099194745205895,3.6073287448050535,3.6237340821666613,3.346088522813813,3.6056320187005824,3.463422140794165,3.301794469303512,3.4240523008484294,3.470594127731407,3.4864358480637483,3.6749978656873106,3.348662677373752,3.295877337504743,3.8132748586122,3.391273216118521,3.5037539970910734,3.3713060840998703,3.592730587860966,3.4298656192226984,3.981604665127619,3.6918207224441297,3.483127656256326,3.5930896617104557,3.6797540035288767,3.500285841551241,3.787076350220225,3.5984522716379033,3.189130784296595,3.6712527751319155,3.8016150857069055,3.855941228197116,3.523980492869217,3.601367151089463,3.2521270066175387,3.6616980172077076,3.876045465370904,3.6210065684115524,3.946373462014514,3.4014706718185024,3.29517651387059,3.5227184461580068,3.474927056408065,3.6898363272286847,3.391669438774383,3.6480501894230652,3.1256539160489454,3.14568951118679,3.52851564926723
3.558626701509682,1.5927636495242974,3.118012299997294,2.757089606221287,2.593137400667125,3.265418886430417,3.101490024244816,2.7889874601071716,3.232039600814681,3.7640830654019077,3.7934102573248465,3.6327809648466927,3.614936589085316,3.1217317893514176,3.436784600126383,3.6189188901569413,3.601129315689447,3.518282125470399,3.4369755232622414,3.3982102363265563,3.2190558968414815,3.4286057743369898,3.2618703361456243,3.5975436163612824,3.934653557613717,3.697891171699033,3.6938505168311755,3.8971286504594658,3.637394341710944,3.547233452707166,3.3976661139992275,3.9528896230573594,3.8094146755346134,3.7344774245925305,3.70166057631247,3.341256991508216,3.9714087307735633,3.8963003490395254,3.4821836467089247,3.297105406389754,3.6627300633158013,3.6572790716579653,3.6462788076290114,3.63802185426928,3.9656372838099796,3.6166837430884655,3.6206164073954814,3.359992989674436,3.4698041485763973,3.6648292307040764,3.6548041015117594,2.4652753425061356,3.121985528367814,3.005706974193132,2.7629417613649574,3.1380851182365896,2.7931287455906118,2.867100195795528,3.6257022359008406,3.864669201019283,3.4975029067417074,3.451103029668907,3.300233299003047,3.572914551220275,3.3073260108897586,3.450330431915748,3.266166241813315,3.542965536975502,3.7064539713163662,3.639019724390581,3.107913907482655,3.8774922919213677,3.485618451902292,3.1638900182401493,3.664541595204729,3.749506407582673,3.6169391837720304,3.61312469949473,3.767333922196819,3.9601600981064347,3.6574948878626707,3.9168795117024815,3.910624444379403,3.925783604607164,3.651256213439642,3.782027725207361,3.656540862764425,3.8462753105036493,3.5444520011514977,3.701092420849219,4.0355002284973285,4.015014096212719,3.5642020410755553,4.061055543859482,3.694679121304576,3.545125133566619,3.711513153428961,3.7943903993021295,3.35670668270983,3.6380368653602217
3.32720584624882,3.118012299997294,1.542438082311088,3.693266370875074,3.7189330369333637,2.5271114295850525,3.2794779853229086,3.3957850081862655,2.3795819410512338,3.6265633104573083,3.9893949577538312,3.7796076963196765,3.615870386053075,3.6918873218247175,3.5180893283262478,3.6710428640349564,3.704065731608889,3.5209052203129327,3.670761605615061,3.5453001271918083,3.6438606828189672,3.4876632326166046,3.4364238588730855,3.8875086563040275,3.7566662454699444,3.7333825553675526,3.8838550481598286,3.8655822536011577,3.7059396685028623,3.6060925234612204,3.509079936214176,4.226869755932248,3.7670691554450517,3.7208927497726494,3.545338406214652,2.680958188111396,3.384245008611341,3.7279229047381977,3.2754453773579053,3.282383262180205,3.4063638789731367,3.8351815093046313,3.565048061558011,3.704085995576694,3.9367647740104545,3.400726774611405,3.2001187788527177,3.481563117528352,2.8755114256636536,3.332673084844124,3.532882686485385,2.656274254815866,3.30712940745481,3.724910675662572,3.179822557831692,2.3103745487279728,3.357694704183973,3.029511392302894,3.6219543046059575,3.8974967177100854,3.902542628679783,3.733134235564262,3.701632781054147,3.855843684318564,3.3156731001816584,3.587450147725324,3.492856729190001,3.594494236964891,3.426322098347164,3.491048438722689,3.6106495199548347,3.575840349305065,3.746310286549479,3.199919575544995,3.7328534063997667,3.7631540592076975,3.9798205247489493,3.6186833371790077,3.8559923975432113,4.135980086921831,3.530221027461891,3.6973025679294684,3.6402055108008744,3.6730339111163945,3.6927548865335864,3.4728759084076355,3.451538402238708,3.951384206785228,3.468716586119909,3.4454612110820597,3.895330571028649,4.014370919434734,3.45545248287035,3.78035337528171,3.659738085713118,3.6984370817157424,3.5038928780227603,3.731044778090052,3.0300146383490865,3.3719385142592913
3.539616938229149,2.757089606221287,3.693266370875074,1.6995417983775014,2.5146558695633163,3.6015263305494,3.6782699756712782,2.771479733361858,3.5422800982030496,3.883911383572397,3.745515704927571,3.821964484391928,3.5136823462969557,3.7191768269101844,3.252822641419419,3.552262447537164,3.8277076942163615,3.114191870528769,3.6495095446729877,3.872979906085095,3.602239117749601,3.7074674708103528,3.7368489480029687,3.9045902589406447,3.8515959795521786,3.513076008179752,3.5958261228693513,3.7799535630832275,3.873842404852826,3.62401303181593,3.5071823310218786,3.9194417773221617,3.7553068353593066,3.747792315730613,3.8128586797421047,3.8500506396708807,3.8944283911525885,3.6418196320656984,3.399365222416809,3.5390439651471484,3.303341466085569,3.7045667630021186,3.5677323940125665,3.556814975518404,3.712630345232267,3.221847621914008,3.5128716780407525,3.491814667239209,3.936465870153183,3.553798854525761,3.52747201043486,3.471242027779095,3.401275430216926,2.090711995984598,3.1975500788649254,3.5822480399878645,2.863783789326011,3.3205568590483026,3.5446071235000467,3.7718295689713806,3.9355914297941412,3.4394156850749553,3.283205579348999,3.4961695029963065,3.1918533616082443,3.240289901632859,3.5600047830621704,3.4243637377049447,3.835350698798883,3.3689797907362284,3.5628967002469865,3.847597503607544,3.7796002534899538,3.3999368785884423,4.184007815432582,3.8088481387521775,3.788839602511837,3.741989243763411,3.6223599453127213,3.5774947155815604,3.5267278517333214,3.6551474930141343,3.7771146082437728,4.076891240187882,3.6031369417581396,3.6579547908779815,3.8757711929507703,3.876819522037945,3.8130295215765098,3.567423167893815,3.4672185628483234,3.734451042089309,3.329334590492557,3.888087414275876,3.654949743255727,3.391582569973154,3.5197467701118597,3.978981255159025,3.743709134833869,3.5997352021069426
3.601137611601215,2.593137400667125,3.7189330369333637,2.5146558695633163,1.6089004485241558,3.382550452284663,3.896215603382259,2.9724726224630764,3.4277239443790295,3.871444655481935,3.6232154000774934,3.6081823180500336,3.7333047889620716,3.4082216930159595,3.4034150635702423,4.2962496602084475,3.859461279194405,3.7250023130434124,3.523788056549013,3.864478105606203,3.7182899959120035,3.7455789330133156,3.8798169900423334,4.301917377130432,3.934511481042401,4.180053451729455,3.8142513112545,4.300857449688269,4.088173211631978,3.513225047958435,3.8347349780711886,3.757267503184423,4.041697256470198,3.7060294265380325,3.6032610970493106,3.661695020308409,4.310243513623166,4.286010356099423,3.7302641448136677,3.809576819443562,3.768572969034541,4.22734915531398,3.596515467020255,3.951705421610487,4.021810679750444,3.7969439957878572,3.295710607032636,3.7414015629601756,3.858887769533736,3.900657198084641,3.952702480941916,3.461445949838281,3.7028960900357957,2.6425374320470176,2.7648177255358077,3.738512076858944,2.998767707084972,3.089406475901698,3.669216709802901,3.7039635661379156,3.8796809702395274,3.560203978046183,3.4073119042979,3.5306709372723097,3.2878855646653955,3.430682278348338,4.089129035758009,3.76411334283307,3.670695836156853,3.832901457268697,3.639829875198189,4.010410667421083,4.0211665726029455,3.75266603533536,3.944997277457168,4.000099964568376,4.188261681934721,3.8554421492186983,4.021864884232518,3.861993697174046,3.8407577220232887,3.8782474725446305,3.9442178333540903,3.730236190753598,3.9020540235817824,3.6438810785057867,4.354182878219134,4.250669704389635,3.921605467712172,3.7599558582987997,3.7706096260631385,3.9802907431891903,3.6309422666403157,3.8169637772954674,4.061755759534264,3.910347257557553,3.828142407689042,3.655995918977737,3.960157008811848,3.88662479821727
3.4879434834069496,3.265418886430417,2.5271114295850525,3.6015263305494,3.382550452284663,1.6822852491689306,3.3903345935360756,3.2788726266945742,2.1872702951522647,3.833605120409093,3.84740158185201,3.712901810353615,3.900144644777871,3.6222618284659447,3.8198294004830706,3.897744997122266,3.7971518482650812,3.621529341561627,3.879410289990886,3.588341295981746,3.836695516478587,3.608255836894923,3.7907041836474895,3.842470560010348,3.8416755637183564,3.8606601858565024,3.7550493084652956,3.926356862849678,3.9293428043740795,3.9914919617390217,3.9505251688989866,3.913526775460554,4.088728272545015,3.7374705969265083,3.7021163716934447,2.9366217420648453,3.920060063203738,3.7934822169985565,3.288939562358233,3.3042913149879385,3.6877783405665876,3.995300663963195,3.7048262118014312,4.105401343601148,3.9211600608756787,3.650232975133304,3.5231779388231232,3.833725565844256,3.1375701934061024,3.527160008972472,3.871699358361751,2.9567733408597134,3.443399760225982,3.5499134445370264,2.5270266448863503,2.1918090167471473,3.338588633553093,2.8461654398422875,3.67020825942135,3.9840192702971153,3.806672251281927,3.9042792401812276,3.631405420985899,3.839708608550832,3.6146036843383973,3.983492454846878,3.681996975739905,3.9304164022933623,3.729865986639415,3.705136887178556,3.626862799885485,3.8087963720959443,3.985792637861335,3.2504867137870077,3.921590438331313,4.047219425680755,4.070819185589797,4.007627296471739,4.160752703731532,3.877820841109624,3.668312457653865,3.922088230328343,3.795907054352674,3.734786568058807,3.748635457660884,3.6631423674692933,3.9025720159440596,4.077293329139311,3.543991072540216,3.9410418375252547,3.960332291314338,3.9268843771367883,3.4195211182948957,4.262973805048847,3.9111071025921134,4.071102150651891,3.750656406562645,3.7792187005882183,3.348279309952462,3.643350356451086
3.566090869578051,3.101490024244816,3.2794779853229086,3.6782699756712782,3.896215603382259,3.3903345935360756,1.5394373698943715,3.726931438201695,3.2133966129611675,3.7138499674064227,3.834547757220282,3.683585977708273,3.7029760925576696,4.043434998326661,3.763560394937813,3.5038209184848412,4.057962124696757,3.8450721924797873,3.9409546362891863,3.7955408749663255,3.582380583779093,3.551049404756264,3.5290962462059334,3.4883320479409563,3.828090401709851,3.5733128652174218,3.9370246246753333,4.091875749383774,3.66864171801885,3.496575579466457,3.3657246415757647,3.693807875818959,3.888744163213622,3.5951606861758263,3.5649323238796233,3.4214436854110057,4.015003460409659,3.5768001472015714,2.861685512762308,2.56150900687085,3.238746316044788,3.690997930385403,3.313464821129942,3.7981412146965354,3.877240419314254,3.224556638483867,3.568457748505515,3.5844487123156976,3.0439535870232075,3.329524924058932,3.5539464408719237,3.36568288212693,2.6258144474992147,3.7467631186615655,3.519598465137999,3.1923013490876406,3.6186875536459793,3.256499670310879,3.887119004187634,3.8801517339425002,3.5370390315288205,3.625255786526464,3.7342581249149758,3.8981585639980576,3.87540766925642,3.7941550319871236,2.932263517320463,3.8811409885487596,3.459993814575535,3.73167070617511,3.9365806237832017,3.6468583546703695,3.9541926103686835,2.6967342694070564,3.6308673714545066,4.036674730875394,3.751546665410096,3.589162665275951,3.737304441239402,3.831421693184226,3.988347844126609,3.8432084470552113,3.8322057611373332,3.8079184499959657,3.616716897954734,3.629148107766763,3.901241104963355,4.286766660115455,3.779567840917305,3.498333795798688,4.142458957266263,3.8875931748099934,3.147777289641474,3.7978855264781974,3.1689653904549786,3.692335340153429,3.745310348807112,3.2803195609932567,3.3800442419408205,3.571736282354813
3.5282562826620025,2.7889874601071716,3.3957850081862655,2.771479733361858,2.9724726224630764,3.2788726266945742,3.726931438201695,1.7834761354622723,3.253110772522997,3.6684551083985313,3.51318298689561,3.4818099078791764,3.4956085683593523,3.501445469327415,3.7259040937445507,3.8911231055717552,3.7282989520814573,3.4177315230158345,3.588834857643626,3.7149021878771316,3.1872056141093466,3.713339835867077,3.7677169105174775,3.6761628786061773,3.81823041207035,3.4704468083658355,3.8335593454376955,3.7814262543520876,3.7456085990983663,3.970001803748054,3.5470998402141216,3.744429646374176,3.7061759351986003,3.6903062099716073,3.6934260833826644,3.533566740175313,3.4985576769525393,3.8007913454121596,3.69441734697977,3.757999477707572,3.675481691613321,3.558804392203191,3.9196879784930614,3.7549442108624445,3.682136177043161,3.8902130252283866,3.916891478193059,3.507677547854704,3.425885663102423,3.558782907310516,3.715858515571273,3.1706532514254575,3.9041683879599987,3.1490308325784153,3.052459710454911,3.5510363447229603,2.3130877498970035,2.9713676185362123,3.5827851670038156,3.5820284673526035,3.8011761582164927,3.300440282708984,3.6787410353222185,3.936410630544507,3.146339826929485,3.9252755859860193,3.8280638074163478,3.2117867634103185,3.7329326544169668,3.5553212564871766,3.464734291231769,3.716571634221013,3.5534229489146303,3.774849963500722,3.3743429570425905,3.8145469840774586,3.693125946544537,3.856983520656598,3.6159805924534445,3.5976645484288556,3.828177828729084,4.000687025945134,3.7057117516242153,3.785396444929508,3.721401753668164,3.7393673091787303,3.7962833612514344,3.7502747204842493,3.5850604544976274,3.8619699610180036,3.59673261709121,3.5240214644689725,3.841936447410038,3.746611405233264,4.109650553509737,3.6578469358088324,3.9789215852652133,3.618789431428524,3.752720578353027,3.7375682518368936
3.392201248857017,3.232039600814681,2.3795819410512338,3.5422800982030496,3.4277239443790295,2.1872702951522647,3.2133966129611675,3.253110772522997,1.6762938918064914,3.963600871686912,4.100939373438855,3.7892989114740354,4.0275002154416475,3.7889813012046454,3.817904296252461,3.762425508399884,3.770815587317451,3.909449437780368,3.938583571107876,3.54308734047069,3.738647018738486,3.7536034933420472,3.895121379723762,4.0359096688716365,3.9131350923206956,3.9688627673249806,3.886105272499417,4.125868555226036,4.038893758961668,4.000381467279078,3.783565548500965,4.104795319567176,4.056012011294863,4.032776243163049,3.6571937126417544,2.6666044697121762,3.8520062428656363,3.8935249285438895,3.399983272500775,3.297068326074639,3.6244454976335985,4.107857141436763,3.6516208099372025,4.269360606648375,3.8068074221352304,3.5302044539343567,3.3758241032484806,3.786793868765921,3.0022956453795375,3.520687099927585,3.9608576152156467,2.98249541253502,3.3629990550710964,3.7315931298977802,2.8574516689655405,2.345014862541604,3.2572754511407322,2.48900544479255,3.724734452078809,4.051147285684257,3.9699020494622728,4.153367436308073,3.8032466962690954,3.8707474747198587,3.4511563134549803,3.9257351282480246,3.5859265821659747,3.786466060996357,4.013078215627626,4.081529355336531,3.4735749363651647,3.881114656587727,4.136038633599563,3.2918098372335156,3.8648903430318926,4.120854151013221,4.210697157432437,3.9474886572340693,3.9138871890753473,3.849256566310693,3.7057252041154927,3.9235256171370287,3.5660445230737055,3.624478721490633,3.4721688418908374,3.6483976932021944,3.954120905573706,4.153361766110252,3.4165827122130814,3.8526369570462657,3.958519649411272,3.8494199350691365,3.459920829484068,3.8729939096646246,3.8609413338876095,4.242698063999074,3.742671137789673,3.78584317617062,3.1807309859999404,3.713463892573314
3.4293548257778,3.7640830654019077,3.6265633104573083,3.883911383572397,3.871444655481935,3.833605120409093,3.7138499674064227,3.6684551083985313,3.963600871686912,1.5511884297295269,3.4242486770186535,2.726246672949934,3.6179864473242205,3.7628347370642867,3.684932747138786,3.878630991353107,3.8284236057635894,3.907011343482561,4.1523702763992345,3.8846415414181084,4.1145328908586745,3.6213624058041,3.6577150761225776,3.9475912525955605,3.4687465812543965,4.042633418428406,4.110432702686717,4.334564834655064,4.084780219909477,3.741137908541543,3.585109482377819,3.7581265949580476,4.0295289336973825,3.7695515775001125,3.820208710875892,4.130342541911031,4.096339407310221,3.1491764138470995,3.143759412222423,3.3294867280595715,4.155560421597707,4.010142984307617,4.01384882111213,3.848829683221333,4.29592401845634,4.228553632675165,4.2069985712979,3.410062961566345,3.7969762073872175,3.8826462067608194,3.4839821468785823,3.901304881758221,3.504665245162879,4.164147983222731,4.051287695399878,3.93980477521971,3.94694063514648,4.08991094767622,2.392992708278191,3.292381389885288,3.6015965163478696,3.561408663746291,3.8298006111019394,3.9262173773588267,3.9094698374573595,3.975515749762396,3.8147877097206453,4.254146288368413,3.988619962269707,4.232714379888693,3.771058179314485,3.902113142490322,3.9348363405237223,3.2523158856249093,3.6731254670272584,3.7166576950356314,3.641451913317334,3.8329299355129334,3.795423849651292,3.7176082699219837,3.896687344742759,4.069855853609027,3.982495270411959,3.876853670105464,3.8670389817712407,3.9784681482739472,3.9542648218143706,4.236940333634714,4.047203907385285,4.022040992942598,3.7372188845661634,3.584046011428114,3.317664615743238,3.8392849385237215,3.5936921417225234,3.897739900240294,4.334759772867264,3.927343407134676,3.8875353343253214,3.9518841322506426
3.453779772948531,3.7934102573248465,3.9893949577538312,3.745515704927571,3.6232154000774934,3.84740158185201,3.834547757220282,3.51318298689561,4.100939373438855,3.4242486770186535,1.6804392835605084,2.8661492005921363,3.133590678867837,3.4482585374924986,3.5486452960274883,4.179285704193918,4.121311688469081,3.781873653374188,4.241141959752882,3.462435194015709,3.7549321110649774,3.9578128998681996,3.606355503229563,3.8920512622396743,3.7200632847591875,3.563620836656527,3.7907286955196358,3.942533108389182,3.667888878430241,3.613722438923149,3.659646757073037,3.6879092935974973,3.9982699164378475,3.5638688270793466,3.996789723568027,3.7244139374626024,3.6742513445313305,3.495692277186359,3.391620508535976,3.5591373801181936,3.676775822945223,3.5851029887933215,3.8215444425812684,3.4523111282031365,3.861651717545629,3.704284165865242,3.7623983735448494,3.530425121805775,3.5857141790199454,3.282925602272485,3.503240852984733,4.217923334358371,3.5486839572070292,3.6542827537089813,4.178132371646737,3.75037704844329,4.047003861795245,4.028033800829292,2.9792011577195714,3.009351313169972,3.360713633289222,3.1130225915573932,3.6647814760644972,3.834329556234527,3.435396708147619,3.7404097123324926,3.5589191667919193,4.096390795060114,3.71015902360452,3.61921288003835,3.2775586495973794,4.482793778153644,3.7427721828080323,3.1728624934300322,3.7301066435400014,3.666490183349287,3.5246814939545277,3.7547422456538517,3.889375185983513,3.6193641173377116,3.8902978965414934,3.9308710497710404,4.23490039264806,4.156238000155699,4.095021514855471,3.746431631807431,3.757321815154091,4.134186248632921,3.398786640837088,3.86902944528333,3.6798700588551263,3.799013962695347,3.213321226465502,3.902201634632345,3.698048120115369,3.6106511961187886,3.989195142242974,3.7764819227064446,3.506178706203213,3.4891825055906573
3.2797036247439335,3.6327809648466927,3.7796076963196765,3.821964484391928,3.6081823180500336,3.712901810353615,3.683585977708273,3.4818099078791764,3.7892989114740354,2.726246672949934,2.8661492005921363,1.557642785908129,2.9373655665380407,3.605835168154601,3.7379628535934155,3.975963464526614,3.1564917738869367,3.8208156430528426,4.1603873677188,3.5045289493595178,3.947050786287076,3.795951586830913,3.8518787062986464,3.5577396714087213,3.775589893714577,3.7008144258751754,3.4669195293074324,3.9554210356544406,3.969395508231822,3.919059916199936,3.6584014244566956,3.710991891392996,4.052998181458788,3.5894652856423326,3.74205203041621,3.595072763151559,3.9517934235012313,3.6505379858894518,3.362277294169888,3.5123511931661584,3.6799881553270066,3.8667726077388194,4.044480440154933,3.599331846178409,3.7255908223782312,3.686025201544808,3.793624076255974,3.5888441071052424,3.3768926855484973,3.51917715365399,3.6120731573811944,3.7067295785045995,3.3732083479198343,3.7947663575882755,3.8632034033186375,3.7164997852806034,3.9420305199917625,3.894792462240049,2.790910322442687,2.9769556306710383,2.707796773504112,2.6656361301102023,3.4823268136101246,3.898791697441715,3.5979116791541634,3.8671362548287385,3.4199818215504836,3.9753486333319987,3.6067565406808453,3.6122571660806653,3.306865323438262,3.9131558699872353,3.8326940805935896,3.2022016174094254,3.1540508022174336,3.602564232821058,3.6454605534067355,3.815922770473987,3.9998697700295174,3.7522271326137244,3.7024194190605852,4.040091730447651,3.9011914670478323,3.72858312096939,3.606172406704526,3.5998201284496028,3.9933208444983044,4.103628173909919,3.6759697090580787,3.8948560648658925,3.9104158158140616,3.672873628033594,3.481257878834642,3.72551781113035,3.588324365773442,3.745225470218284,3.8613481809776067,3.5945151831965148,3.549807256140544,3.70643313285472
3.6655893631878915,3.614936589085316,3.615870386053075,3.5136823462969557,3.7333047889620716,3.900144644777871,3.7029760925576696,3.4956085683593523,4.0275002154416475,3.6179864473242205,3.133590678867837,2.9373655665380407,1.626074600731247,3.757362967284623,3.6999804904119435,3.6885694695927884,3.6217478484436985,3.369245058453938,3.727404499668547,3.7133937402288804,3.4257353922849987,3.472846923188493,3.5678309398132844,3.6949117948321426,3.8175888953364883,3.519470141339782,3.769253080344633,3.40269102156364,3.8659164814186884,3.576267188169286,3.9041845485041105,3.5488198266011834,3.917305774278507,3.641088040781212,3.7121738932577024,3.816457341053172,3.7733239078442478,3.4073114870837937,3.5090770630511403,3.6372064400465636,3.897288746693166,3.418839108736289,3.8865212326399017,3.8897481585788354,3.9372299057318316,3.8037733116027104,3.921046290898552,3.6871668235848873,3.8957221463467238,3.799717610863723,3.57413316317028,3.786655038904465,3.288306040878573,3.60437292609879,3.808130969938263,3.7213794651344316,3.3925809437864154,3.682187171429045,3.6730600837142915,3.6280662791396643,3.4415602194308486,2.5646962846158656,3.3897061143097296,4.021342507762498,3.3521448366504623,3.8705198171024287,3.571584319297838,3.6515389608510254,3.6964772321901394,3.4880686580896585,3.241623575649112,3.611119517437765,3.86295790542625,3.492834155680635,3.8506485743473315,3.6820491424444213,3.9241935407657134,3.5892086988420195,3.967416525881532,3.814142741582341,3.732398258859536,3.7587077176003736,3.796241713119964,3.7224156568258726,3.8271230042656246,3.6164457773809735,3.9220443178439854,3.610932537419409,3.7461569543615583,3.889219309359459,3.7434784409662663,3.671372746255778,3.567695510224917,3.845588224399269,3.567852915073749,3.886503408787256,3.734171447007616,3.7454014019848434,3.804766126993241,3.8244570281188643
3.6099722768796174,3.1217317893514176,3.6918873218247175,3.7191768269101844,3.4082216930159595,3.6222618284659447,4.043434998326661,3.501445469327415,3.7889813012046454,3.7628347370642867,3.4482585374924986,3.605835168154601,3.757362967284623,1.6651268192926871,2.802189533564781,3.7194771500962145,3.5358383532252033,3.300011593319938,3.293009478190008,3.578737978861088,3.232940435725181,3.289639744299441,2.9920146751236714,3.8500337241896045,3.7276785566781143,3.5150602518860072,3.658798939542036,3.536775501496588,3.77177355907687,3.266863842124055,3.490830365829244,3.491794805746395,3.764007847075708,3.8002156690430224,3.407693523701768,3.6451108774244707,3.919877182361146,3.612332938062514,3.3355616760988918,3.269227479262285,3.5174293549753415,3.434476121565417,3.3003142931068337,3.603189177647087,3.869027245084559,3.7243924337247387,3.472896328817942,3.466296898647023,3.628245082204016,3.650783305812286,3.703146398362299,3.6697797238854384,3.3046983690842073,3.4323282226868224,3.534792673713269,3.6170016494343007,2.9898339785140284,3.591512956864834,3.454100182497538,3.757559081065079,3.565908797833275,3.558492732988386,3.608220725498422,3.3492074929198106,3.1722219362846986,3.094857465789548,3.4890766958250716,3.5075825264794105,3.792344342421235,3.5937322647827856,3.440938502685555,3.654150768284813,3.270981082090602,3.3046866334296494,3.6797218134769807,3.5578081526932364,3.3935718969249256,3.4799662304673373,3.7528192580145134,3.602553629008455,3.476179756171528,3.7369726312410703,3.7619029951051806,3.6130203570656345,3.5745226604241305,3.4696864397221234,3.7154666514334647,3.822919296026759,3.641763701480314,3.5591033342822147,3.609880108424831,3.5483276253350162,3.2426642340031315,3.4280717764300044,3.4497948012163966,3.5669076234172787,3.7809851861410753,3.6176662353394358,3.748176662375937,3.571923799507533
3.686181116463458,3.436784600126383,3.5180893283262478,3.252822641419419,3.4034150635702423,3.8198294004830706,3.763560394937813,3.7259040937445507,3.817904296252461,3.684932747138786,3.5486452960274883,3.7379628535934155,3.6999804904119435,2.802189533564781,1.6243651317153522,4.3141886140945935,3.672829678760951,3.7512259539884716,4.000462455293485,3.5023448857034154,3.492931565768592,3.5812390812486394,3.370273734769515,3.8847277481082743,3.592176090347432,3.7126200541689687,3.9361556470051107,3.962261219016047,3.7038799622863006,2.8219073209502428,3.5998222555708894,3.407934989711623,4.201579092753914,3.999851866975522,3.703891391874745,4.048872816057209,3.823790671589345,3.7768721170056385,3.436287060443345,3.4378801538473716,3.6893926958793637,3.8829297960508966,3.538573041631995,3.866457593434132,4.234155692130362,3.851260387369965,3.4077465749393925,3.545391349470341,4.101567313395769,3.8527060915028892,3.929978269299572,3.646553592427824,3.6246349895628085,3.1226181585810413,3.6986254270159744,3.955224364429375,3.0543479458256035,3.6322578263164225,3.4302724494940953,3.712724859096452,3.554358859239914,3.3730709718283354,3.1741835497806226,3.311681786307498,3.319289840597655,2.0930696173484304,3.513814943574911,3.774426564918489,4.0405582685902415,3.9410617565347823,3.39055928102423,3.782400178852742,3.6171353245973754,3.509022582956648,3.7259747226484805,3.5819634333034114,3.5339121150276114,3.0503864653179322,3.8338356806534417,3.565271371811531,3.826659825306111,3.965279742906297,4.103614984663449,3.947228451369005,3.79583606217594,3.6597872013481396,3.8700560305842457,3.927474463536363,3.8667527918619737,3.6579192454296123,3.7127118264330385,3.6380124413972026,3.3896197989981514,3.4112742896732047,3.7064091964651142,3.851968796523825,3.8872650508142543,3.8811188651682706,4.2867197572647076,3.9296922171576276
3.581961568134539,3.6189188901569413,3.6710428640349564,3.552262447537164,4.2962496602084475,3.897744997122266,3.5038209184848412,3.8911231055717552,3.762425508399884,3.878630991353107,4.179285704193918,3.975963464526614,3.6885694695927884,3.7194771500962145,4.3141886140945935,1.7719464925915958,3.774965872109078,3.871962860231214,3.9255456331369976,3.724313498034228,3.9522349505834726,3.5260185111408586,3.6092026210197314,3.6578809950178353,3.706082142915098,3.742437911429467,3.674951094708987,3.9410055694439974,3.8765607884396727,3.97516188262912,3.2354952472627976,3.811366166557361,3.192525250727216,3.797483215858023,3.308877137021082,3.389310233818015,3.699584839925832,3.4310524111494307,3.2332198058494614,3.184165767460787,3.205001082420959,3.6314683872783418,3.482088829662931,3.820532261628183,3.929595023017762,3.3063378061489086,3.589829204748095,3.6766993876913885,3.5167076550830574,3.4367502147126006,3.596103261181119,3.672403144421191,2.960098438178653,3.667097884739775,3.824686949546056,3.3916259169942964,3.4802462319067344,3.5659514241340933,3.5980650097382623,4.088989512220751,3.837548060725065,3.9439923041440754,3.879324623450828,3.706529238409674,3.697684141259034,3.609328671724454,3.243055456368706,3.7215507247296506,3.6976526846361852,3.770644965997187,3.738417649811042,3.752224547450107,3.7066863368103484,3.2226988323991033,3.97461169958122,3.8285823419618756,3.9264932199003426,3.9708718917197143,3.6558922236489835,3.7139485370936423,3.4823319656126293,3.821405695601689,3.8881810650505946,3.369301482918111,3.7039133884841178,3.937495011782171,3.7198279353974297,3.9242941269137575,3.810463017034635,3.650070863052002,3.661354153021894,3.866752149974233,3.2606002088730666,3.694773889003928,3.3681321969342015,3.7050149997313397,3.5637925165206252,3.7964472218858822,3.5386753290943624,3.6004047974478626
3.578259206494693,3.601129315689447,3.704065731608889,3.8277076942163615,3.859461279194405,3.7971518482650812,4.057962124696757,3.7282989520814573,3.770815587317451,3.8284236057635894,4.121311688469081,3.1564917738869367,3.6217478484436985,3.5358383532252033,3.672829678760951,3.774965872109078,1.5355895072298456,3.3939909192627193,3.1689708817623656,3.6893806633896364,3.613503357549101,3.3932624428131484,3.561571146449179,3.7035939817940844,3.865148587346276,3.6971685953705946,3.8196763002280716,3.8250325496295448,4.07449700162513,3.9827192701416188,3.9306557884627664,3.5097933034919335,4.058998986735821,3.8019998935149837,3.5383323630477563,4.030531068932101,3.849348076932872,3.7400470792200533,3.4553049888394702,3.503690856294839,3.931671242759974,3.5611258400193804,3.8228572209531686,4.127864199049103,4.092308507927611,3.83825631690087,3.978052111108619,3.4514838187392365,4.1489253102708465,3.8578104356287928,3.9866404127267265,4.035558534925732,3.1637166263141983,3.628633567399498,4.055852245620102,3.9668824865747663,3.754396091589714,3.944292396769816,3.523998677553664,3.746451045215532,3.256352609990749,3.205421160299607,3.5540536131282763,4.0130205988887315,3.799597555977616,3.6523949099492934,3.612812558211763,3.138782275334627,3.8693318539516954,3.5668351820152067,3.5957347737514684,3.6678342956002856,3.853652261555789,3.20467259984642,3.4947167091669518,3.800200477099925,3.97689056781864,3.9967845995711984,4.041791578415292,3.76435673369681,3.8598537118941714,3.629637912039359,3.9385893224871107,3.7522481815348048,4.111693336905217,3.9210341704977436,3.6525348665955395,3.7816076234984166,3.898622854992004,3.973287862882612,4.010563638115738,3.85895462559741,3.538523261524586,3.643566814441722,3.5609100676049152,3.8838829946203193,4.180633864861829,3.7190311678775028,4.023981957933453,3.791012747328078
3.6978818727631118,3.518282125470399,3.5209052203129327,3.114191870528769,3.7250023130434124,3.621529341561627,3.8450721924797873,3.4177315230158345,3.909449437780368,3.907011343482561,3.781873653374188,3.8208156430528426,3.369245058453938,3.300011593319938,3.7512259539884716,3.871962860231214,3.3939909192627193,1.4625314431522556,2.9311173924375615,4.00071112905116,3.512216339863643,3.9328973024591343,3.5101185660342256,4.086281810500313,3.66843545394997,4.058868457306499,3.870294254683123,3.560097739362178,4.089921205259535,3.8455647927138927,3.9824621833840714,3.8495143684059667,4.069026245885197,2.811135968335643,4.139839365302493,4.316377037697429,3.9194215747989616,4.142220015185418,4.299132150546506,4.3340832182473354,3.7513195195713163,3.887200354240554,4.071061445453009,3.734565384596171,3.834503421102146,3.6470963505802145,3.8994334121092336,3.720542170820054,4.249162305138756,3.8920291239339933,4.045847851044487,4.394038063166906,4.228617654577819,3.925915324025226,4.033020985226281,4.3430993997805665,3.517988839991564,4.065637129469505,4.119466083092568,4.346136309112587,4.246936474084078,3.7310420850343013,3.9289332043954635,3.322097916840604,3.3744772192025696,3.6312873405065855,4.128205927591139,3.398050080921918,3.1797004336406474,2.50823782621389,3.8498631579477705,3.671764183269459,3.3329840348433573,4.365496375418232,4.0494687898356325,3.8128661066893046,4.0939020613114785,3.7759294066644964,3.791247924157529,3.8153452752804085,4.003228882658688,4.094835279290839,4.071225503251912,4.112133061203486,4.00466664200788,3.908511656148353,4.14470769974105,4.150876334034959,4.311950060227032,4.330293935119379,3.9228132713415094,4.1766931235543865,4.278593410739173,3.7640576448899075,4.152434298315646,3.7615601434639356,3.895835107542789,3.7819950869501096,4.203997777185881,3.9297363246953525
3.8040783894641677,3.4369755232622414,3.670761605615061,3.6495095446729877,3.523788056549013,3.879410289990886,3.9409546362891863,3.588834857643626,3.938583571107876,4.1523702763992345,4.241141959752882,4.1603873677188,3.727404499668547,3.293009478190008,4.000462455293485,3.9255456331369976,3.1689708817623656,2.9311173924375615,1.5136268259853232,3.963430396444852,3.2355413209474038,3.4928368266813945,3.6690021841272116,4.085888957141092,3.8184100921076682,4.479998389235785,3.6625913558205405,3.6791091794395987,3.972717772044796,4.132458384881735,3.9195511642304703,4.093718686627999,3.8998946653627184,3.6625145095606144,3.7985346468772483,4.119220018404087,4.262221244470385,3.825849038093659,3.7638325285236,3.9656391604097965,3.826175433198159,3.7837689979293603,3.9776338593138134,3.9114630145971887,3.9232512392726915,3.741139431912243,3.635620433319226,3.663100627957002,4.00763838245736,3.78782574176988,3.9094263417592616,3.7903261848699485,3.824574128505401,4.406847347812456,3.8608984437207363,3.958749184507794,3.675807557640219,3.9867935506744936,3.6245814510126673,4.243808034157099,4.099136351559202,3.7497358762970676,4.173980706404788,4.0894484761130965,3.562291986974971,4.332822130564504,4.058516940186916,2.6103934341586723,3.4696433677044585,3.512217205929711,3.715815936076952,3.652431360947586,3.3259519679242877,3.894855949953554,3.9419163301203577,3.9480349373869736,4.152401857075562,4.057285056321462,3.814103350953034,3.943434575641661,3.7471452467845285,3.850842354643012,3.93566716160577,3.6910845315759477,3.827404190772597,3.7266386967688887,3.9131593206252817,3.893337456480788,3.987731498488592,4.001528768468497,3.83996605798686,4.1233341160049735,3.8565073192519868,4.148267581506788,3.8541522917446973,3.8099184977623497,3.812221981924954,3.989457058617463,3.9523179826834762,3.743603908469451
3.3494316522491125,3.3982102363265563,3.5453001271918083,3.872979906085095,3.864478105606203,3.588341295981746,3.7955408749663255,3.7149021878771316,3.54308734047069,3.8846415414181084,3.462435194015709,3.5045289493595178,3.7133937402288804,3.578737978861088,3.5023448857034154,3.724313498034228,3.6893806633896364,4.00071112905116,3.963430396444852,1.547465380969028,3.4245423515689946,4.0608189436520234,4.012425479091799,3.816943721853726,3.744425999567575,3.768952880273402,3.429317558653911,3.9758798247033607,3.4322891344625632,4.030231076598488,3.7568574417223863,3.9857477019425938,3.9838929609463545,4.369879886317905,4.229315268747333,3.2930131448231585,3.99402597991248,3.9909949738249884,3.7135683470118375,3.8314610738203685,4.010823572305114,3.8757237091889785,4.093583769146755,3.5860159735371755,3.677446509731726,3.7369228892908555,3.787501836014427,3.649125117797325,3.5256227945068184,3.393422989471996,3.8762313637507124,3.691386803801782,3.5423658916445206,3.7870047362868973,3.8313821827999597,3.5286914493883366,3.781764683914889,3.486900195867667,3.5117417924568755,3.7460200550487177,3.991899024969884,3.8128887875406896,3.8619779224251447,3.840724804418911,3.7471428609064508,3.7397691117450673,3.4032361898929917,3.608647550765252,4.048500499178588,4.174845121982838,3.134749071563593,4.063517248244368,3.9635301331071022,3.5082201967217737,3.667223812524758,3.9090643101020555,3.539970030464317,4.111601422779659,3.9333348170748477,4.063846762013062,3.9569393613001846,3.7479453407554932,3.7885367715836753,4.147433390532186,3.720854434565717,3.6656935390157592,3.7401289629464785,4.059594327292146,2.8763592192561207,4.0809359618036956,4.213515777819496,4.205512149711541,3.5908196564291317,3.862956974618833,3.913907879742057,3.5239855598690646,3.65315569797133,3.6641704359883986,3.6774711474355204,3.4271855097823885
3.62837251832583,3.2190558968414815,3.6438606828189672,3.602239117749601,3.7182899959120035,3.836695516478587,3.582380583779093,3.1872056141093466,3.738647018738486,4.1145328908586745,3.7549321110649774,3.947050786287076,3.4257353922849987,3.232940435725181,3.492931565768592,3.9522349505834726,3.613503357549101,3.512216339863643,3.2355413209474038,3.4245423515689946,1.6090676072211292,4.006439493347285,3.5435796848988894,3.543118278443842,3.9912941766952135,3.967189343764824,3.8404035829237997,4.171375504701127,3.657499024310135,3.849060654874272,3.673840654259629,3.7602461856013196,3.657507300474559,4.035692058835027,3.8420337682829317,3.4150150762625926,4.074300792692003,3.6614273570928515,3.7258328675985557,3.6159291894678485,3.862400015422114,3.6490378056613246,4.002717031931127,3.8819455698437633,3.8343187516092896,3.8457741435397033,3.711236663634647,3.8719122293144075,3.7473108374584547,3.8431740158884113,3.7462896809867714,3.655769493223045,3.567918541381315,4.129387312920761,3.719509663309236,3.8062195597479596,3.2665994337114106,3.5615422611698175,3.614607071431525,3.7407397815095744,3.658489509371123,3.610053402691817,3.8701468610663645,3.7942248548746638,3.315604818729965,3.8289549607780504,3.8153308610281593,3.5178362307173896,3.937675420085009,3.5528968796768656,2.8790918514422663,3.965524966039534,3.28481455446627,3.56296118471022,3.559496665474357,3.8272348647890206,3.828038392116795,3.808115627872789,4.019902273182795,3.9109962245105594,3.76116737354565,4.005832692379469,3.9974235552795694,3.8743885701598226,3.933503388981523,3.713830727004172,4.05682307018391,4.156412956395194,3.4948801236009146,3.9168262522641504,4.014266951543822,3.8964272256652865,3.7390635456628027,4.217948285651319,3.682299910376516,3.7964046189553424,3.9384421298583945,3.611962602118653,3.840743671947019,3.9145239745826497
