0,1,2,3,4,5,6,7,8,9,10,11,12,13,14,15,16,17,18,19,20,21,22,23,24,25,26,27,28,29,30,31,32,33,34,35,36,37,38,39,40,41,42,43,44,45,46,47,48,49,50,51,52,53,54,55,56,57,58,59,60,61,62,63,64,65,66,67,68,69,70,71,72,73,74,75,76,77,78,79,80,81,82,83,84,85,86,87,88,89,90,91,92,93,94,95,96,97,98,99
2.0403532040763848,3.2693892570437466,3.825525945028395,3.717422805263577,3.953743901388635,4.155750564879042,3.8481720364544154,3.7633755768615713,4.014904907110293,3.831162432400318,4.163541669738648,3.8849136945782274,4.070627679479482,3.8850133790972965,4.056936345086926,3.7593522353735738,3.616038681890466,3.6296344662994384,3.5997145135529056,3.790867841734372,4.092078148857413,4.049381296556853,3.9821244826029205,4.147604445166505,3.918273306997158,3.9884808042746265,4.042005521025629,4.221710618543878,4.060758765626893,4.148146072660678,3.8827873449126766,3.86797988611722,3.460579073711237,3.6690788390695097,3.8159972291321544,3.9175970644333002,3.770824481445892,3.9667478742487465,3.7685202113317016,4.0500982082369035,3.7514889400577487,4.2193568962460635,3.7899278297963677,4.044878175807467,3.8713239845781917,3.7221319445985133,3.5676864614368586,3.716099449741311,3.9314415878455646,3.896609329429375,3.5538768136068684,3.7756476785956212,3.8360104703750366,4.091193177210113,3.9769506361489366,3.972873088207343,3.470027048957623,3.895578442463593,3.9257014900772718,3.896374466629126,3.89599566108879,4.079737977022602,4.011975055287277,3.7999777624441315,3.6630050075788727,3.8691270027163362,3.553263782074671,3.8571781275135333,3.9676129393069406,3.8020510764840596,4.124085349365641,3.980723702337032,4.117419583876752,3.7872379169200525,3.9427093175482595,4.183123893439956,3.9915088081378927,4.254552169318401,3.999337934420074,3.7683464588022386,3.79569106261889,3.9250149084246977,3.5628437444030965,3.807683699622365,4.007321158033822,3.706164783380713,4.016966136885932,4.3589847472197425,4.071049431807018,3.463779352476355,4.0708876695724125,3.9296966683032144,3.815157973360793,4.02893243277725,3.8647862091637695,3.9613544669328684,3.4871782251040515,4.043074173190197,3.950633264076827,3.7381308220828093
3.2693892570437466,2.004854653282126,3.3752774212965364,3.4271426435426195,3.066979395529799,3.644277528079606,3.9573843529611503,3.209456833436446,3.4243344534885796,4.158982602766872,4.140512168348433,3.9942797540569863,3.7980305827247847,4.25677079145175,4.016171552910437,3.522943186716352,4.300750258890663,3.7615078359415826,4.28975146171781,3.8564813142674073,4.11002492573527,3.8519249641872806,4.055606762896558,4.023734231093817,3.699265881030882,3.7759189522230967,3.9809269075394105,3.642537408903039,3.9632021042491616,4.181368446040166,3.875557692262094,3.851125027712102,3.8553277947307434,4.019071051390461,3.9261654780209283,4.130690466959899,3.74196442523491,3.8751532569013256,3.611522876848,4.158067782697887,4.108923367250034,3.837913659002127,4.210781691476446,4.231943196343046,4.017681799240205,3.900933473785445,3.619641878446815,3.871641770219995,3.974339294922039,4.047373421857557,3.6328683194233564,2.9806460130513144,4.351693480893496,3.8395741463649755,3.1097794037809843,3.952685554427212,3.26622363045831,3.330711099206004,4.357221782338396,3.9253615634726713,4.176799847158451,3.6470074086679407,3.819825741026954,4.14438865751024,4.046810107234208,3.8683657723945055,3.789009810050186,4.087692117088574,4.178707153016081,3.748773844691277,3.817379736448326,3.4253710718548183,4.090602845635976,4.001526374965973,4.121492555379169,3.722214620268051,4.053735761354852,3.891653414234563,3.790065868244373,3.625092521286934,3.91043015674293,4.442828898593794,3.814098261330102,3.8970830083618093,4.272661740696728,3.7827542339237032,3.736984256146335,3.8968616498224367,4.105101816281071,4.012201037796687,3.8763507656808733,3.9186804237475035,4.014950183346473,4.058023173489444,3.9267239808101806,4.1058008252840805,3.655000711914458,3.9574883840139092,4.112719127738427,4.060823773470855
3.825525945028395,3.3752774212965364,1.7728631251423386,3.6636037557792065,3.7169858926534807,3.4290770650943507,3.479139051837334,3.1013372881724166,3.4839098986117514,3.84908809818454,3.7688715589999493,3.8987788025058765,3.9421292755893274,3.8409963384207515,4.074001015221589,3.4094601138140157,3.868758253828588,3.096363541470589,3.6116637847981448,3.7803063674645547,3.990816503246893,3.8030852875107226,3.941940433473932,3.7945781374739576,3.7897978306178532,4.074037850306551,3.694498009084446,3.94299793512798,4.235643437212744,4.148281351141209,4.013166600186748,3.8899559880472583,4.022604714868169,3.861894411608284,3.9950288112123755,4.212031065700955,3.7976096440272977,4.364368901302594,4.019925805148972,3.7900500973139915,4.037852659158662,3.899615220438592,4.032561264735331,4.106311695355133,4.0048127109176805,3.781604336882706,3.9275485199830444,3.6749327526365465,3.885971232527416,3.737448756561054,4.062279961115405,3.335886790790465,3.8075654070702756,3.8246981344217117,3.1260902915389304,3.5466338121596137,2.979754612578972,3.3669566241540894,4.064111983062598,4.129102439249924,4.030917312807958,4.002632822694062,4.0248111764929995,3.7964793229450002,3.892264183417504,3.7143367064259913,3.747987067565001,3.61862595639447,4.052622245318934,3.2881882695422755,4.136392782645613,3.4637045692209023,3.9234061206325985,3.871946434899839,4.011542992431313,3.8546853961540077,4.285012360801782,3.974402282666234,4.411070942100827,4.026536163704533,3.9770218013376297,4.270625443631757,3.896168384189755,4.0192253714563355,4.037749488241339,3.941145465482948,3.9816662729487833,4.135755453900273,4.30158194664419,3.9763825449212,4.242876581611911,4.199257982466033,4.165414690668867,3.809404541530161,3.7364067822578266,4.160929074701209,3.756594277203371,3.849270199628499,3.9971812441433223,4.061995544630588
3.717422805263577,3.4271426435426195,3.6636037557792065,1.896521851606275,3.6050204544841975,3.9611572790956124,3.7183920136334145,3.5471409805760374,4.0935364778806385,3.7613960712324803,3.7173544463428065,3.9141003315534726,3.5644859479920603,3.828864746372441,3.7298690483400874,3.544056995729745,4.364562891451932,3.589550623360229,4.026061669094194,4.0757345563469265,3.69594937797831,3.8779098707922475,4.161898219246462,3.985159705535706,3.576511465801183,3.8306534115790325,3.7607134018728243,3.7406774362594164,3.947839930760403,3.9588788213187627,3.616995907536092,3.652099921428474,3.738115047427354,3.8780673419876157,3.942434773258552,4.392724712782684,4.174834815614009,3.786255674066624,3.7686498188444943,4.0881202756462685,4.045324524179733,3.876170242044483,3.9599182412650045,3.955879406963103,4.170906479297229,3.4430519149849856,3.5544508604458502,4.042719058914255,4.34802223953618,3.878627090720615,3.930137927446871,3.690834784449258,4.114180218756691,3.693168811074476,3.7535170197782763,3.9195091484192544,3.5776229649137004,3.960812081313099,4.149553748325536,3.8702481552165002,3.881333529578188,4.008127556350441,4.207476281361886,4.210270984479646,3.9179954883208294,3.62592578444528,4.012573002380013,4.001531426290289,3.8216329862960587,3.587633711704588,3.8603853153148755,3.6434360595314517,3.912861736984045,3.9487949574926415,3.7817260026818382,3.7380754916191052,3.6312120302354947,3.6657055218092003,3.8827002654441767,3.8733698297853683,3.9117989220005573,4.088208097714721,3.9116322301162563,3.7734567051528325,3.932401536205345,3.8174916697958747,3.4786411150027727,3.7514052059351957,4.239496936487474,3.6763779625081114,3.4460166738031996,3.80164072605496,4.156886635652736,3.8588458638342797,3.7155693751398364,3.9839374383213753,3.373818061382074,3.9940398412697204,4.300867418856896,4.107401634374325
3.953743901388635,3.066979395529799,3.7169858926534807,3.6050204544841975,1.8097688513843473,3.1613727994152363,4.154797764432455,3.767140780890994,3.4441350837009845,4.384666697866547,4.090634041859805,4.121287683139201,4.229849433831117,3.8203904453383695,3.8866761760706687,3.9040877735900534,4.287894434069888,4.016960934052467,4.011349101324356,4.115502487596256,3.7641848076532907,3.8518048203643076,3.790638401713027,3.911381676622511,4.265756844817669,3.809255740264651,3.9155809230688563,3.942900954556996,4.110944629988708,3.9288767893017975,3.962842383765256,4.566978186460205,3.932398278456011,3.9744116543665298,4.092185621686898,3.7636236648040065,3.5105009532117144,4.440311893796736,4.132833827264416,3.990837623983919,4.020953072894272,4.181664300632158,4.223441441376545,4.118775189472574,3.8858616167819275,3.648499010210578,3.8805917958377054,3.442415799623343,3.5149666618632813,3.5175690882725714,4.145492335193197,3.5509757829237634,4.2434462535412445,3.7470023860482313,2.775695029323304,3.793592001886052,4.24204538573353,3.2358649161184987,4.28637178731089,4.310577678297944,4.316145741280047,3.9630315320749023,4.216950664449652,3.882505433235441,3.7718411267903296,3.8185748064687783,4.374603915452879,3.7782586089514982,3.9225090724964664,4.082305985876183,3.8001349719269815,3.6410923031832527,4.137001688841527,4.238689833990259,3.702859949725356,3.7409748012267108,4.077426023325592,3.928058658381644,3.762937004796105,4.279179029237018,3.925977701324393,4.35313537348172,3.767293704627646,4.252907200271953,4.324490169667407,4.315810242267503,3.3171551839150615,4.143900695118814,4.336643855492842,4.033707531975393,4.350353404156103,3.8090901929913428,4.126622396059934,3.8810097449474386,3.7102443977018202,3.96871067272205,3.665167861580001,3.981759378674571,4.126346421036188,4.078217532089409
4.155750564879042,3.644277528079606,3.4290770650943507,3.9611572790956124,3.1613727994152363,2.008180706208473,3.9351114085719563,3.6016088790407914,2.9775521170952404,4.288471574124404,4.173530763120382,4.3136906725825,4.00034654339616,3.8035337025148808,3.9116148964364537,3.748600973179928,4.299608499172688,3.6424362708580884,4.207725568731314,3.700846104916042,4.167469824452548,4.141433367136196,3.910716820504008,4.329172959135716,3.8266660017904086,4.069083726909284,3.729101108760446,4.086489003349146,4.303344650353638,3.8464922856575465,3.986856054473329,3.9832268123441654,4.151890670475302,4.214722914147297,4.278168433732734,3.547050741365249,3.9451300875319166,4.420483603976796,4.105982993398013,3.849878530111512,4.121283376764689,3.9961097491268265,4.368659176659025,4.295418043805575,4.1393556330402435,4.195348178946252,4.132825237802452,3.948849731292755,3.575154624485495,4.153297110276631,3.8091059372251923,3.361237735906069,4.202731545120549,3.634303281684795,2.7430732987113804,2.902715726603272,3.699547806105921,3.0481212665349604,4.052115870311477,3.9877666767766384,4.21171326891455,4.2765933509613605,3.871451850357468,4.2164287375940255,3.76332990863731,3.7153141898720596,3.816721542094041,4.245741757243994,4.172098521070818,3.8380662779104826,4.121980226525931,3.981938880005925,4.095010743215697,4.221452066192468,4.341738816376974,3.778733827658805,4.419484980051666,4.1895740596862066,4.124982343276384,4.0651714764117495,4.394372883547642,4.348313471884687,4.093106180352393,4.350214092784998,4.081161267692448,4.2452205106313645,3.975575541796625,3.892480358655834,3.8270389729180483,4.173773573562418,4.415460170278964,3.881941684953203,4.3652929192806225,3.8381805097762194,3.770685484465173,4.319680174104493,4.1312150897184265,4.064563217661422,3.919823932434172,4.44414888364943
3.8481720364544154,3.9573843529611503,3.479139051837334,3.7183920136334145,4.154797764432455,3.9351114085719563,2.0146089252943042,2.9177465616191274,3.461290428418413,3.874750514875977,3.887727831189636,3.6718849422803417,3.9972043568462596,3.5544050239053404,3.385482267919511,3.014773499539996,3.434086484743638,2.79391889649879,3.337163212773726,3.914065797616928,3.40739534013312,3.4865337813782107,3.5763541547015567,3.6509828578640433,3.8351695165640267,3.47757437523507,3.867548272628547,3.8406811638862326,3.790969676438784,3.751957062855197,3.7917343644634167,3.897234456700943,3.5809734608667085,3.7098534655768463,3.6681560713827635,3.5939597384336346,3.532182098256521,4.027836854165445,3.780606844004569,3.209541180992762,3.574143840158895,3.979762724089717,4.084373794943511,3.616020762333771,3.859447089566517,3.710011019951865,3.597693226362255,3.401913920089046,3.4076402495555587,3.3973147278920712,3.5218427123372353,3.172484486230345,3.733283022780984,4.1577780461340685,3.475342645304384,3.2989113477138328,2.88208064004656,3.5321766523202265,3.736248862871397,4.235653912011376,3.797739635105797,3.8233941627659345,4.1286743356086735,3.567458885469663,3.2706638078096635,3.3634184750525282,3.2619448281437355,3.3875803166601814,3.795720411929388,3.030339792027273,3.4317552407817713,3.171270065128415,3.7598670671729817,3.5842494663885334,3.487580690324661,3.589763954673437,3.8127464468957792,3.7270743772248163,4.180589323486811,3.9776518800839904,3.670004018272721,3.845551162926363,3.653022973129673,3.7326700366115166,4.125251251753323,3.9207534428599957,3.8599031338239516,4.323987915573143,3.8196327914124772,3.921420013718974,3.5818725185938796,4.058789958859862,3.6865184527673116,3.898528446965219,3.7475065916561823,3.54474002745601,3.998742694613833,3.678258160311111,3.508194297182992,3.423439707696743
3.7633755768615713,3.209456833436446,3.1013372881724166,3.5471409805760374,3.767140780890994,3.6016088790407914,2.9177465616191274,1.6767469413182663,2.755128902170006,4.038015860598388,4.145722911589091,3.7487127913938236,3.7993647759462505,4.134128052469758,3.5096081575660394,3.2363659861249943,3.8080089867069393,3.230367529026009,3.8906136680268872,3.6842677228513443,3.80967507120694,3.8401722115144414,3.775588813369652,4.218533097279831,3.777479471559624,3.3932677907730797,3.794304434869485,3.7864636922829638,3.885101336377354,4.064174708407916,3.8204833894159087,3.9547225145606197,3.9397140228635616,3.7805390132031373,3.5205681364368084,3.646246689255387,3.5701168127321465,4.063586790389085,3.531652908948355,3.5556002836427214,3.5556818084634463,3.74695906432631,3.997101780813442,3.828294699371663,3.947547535853154,3.7831263237816644,3.477981910232659,3.3582696766608873,3.4729050938910446,3.50235677337177,3.7090438339280185,3.0036015540385606,3.992523220641884,4.048762445259502,3.109110739591169,3.2077375892406663,2.330871528919286,2.7725157842742236,3.8793776480102085,3.982382435221173,3.8971239050747783,3.757945589777287,4.127756270608788,3.7860981947768106,3.458704990595867,3.5405539396897554,3.4277804911733067,3.7364367914116707,4.066673906130214,3.2731452751782038,3.491411471268412,3.5823546848975854,3.7011942737874857,3.9712507963981034,3.840810021252856,3.4720857975826265,3.967017942244173,3.734292634562987,3.980175304835045,3.9381986325686467,4.072003613826756,3.704476365725383,3.7684852172893906,3.950528028330439,4.066519803517584,3.8736860473909593,3.667510410351498,3.8391031602149592,3.515511900492009,4.013256498724772,3.7601518331926824,3.8705786876376256,3.7357573197044474,3.988806079760502,3.749159861744107,3.7839770804504442,3.808371248940742,3.305664606413386,3.3077260667737147,3.4779455238210972
4.014904907110293,3.4243344534885796,3.4839098986117514,4.0935364778806385,3.4441350837009845,2.9775521170952404,3.461290428418413,2.755128902170006,1.9478638811781042,3.982228287899373,4.147445769941556,3.894879325905544,3.7563237665037983,3.8860631727655317,3.737691466177597,4.01013806614444,3.976365311522878,3.683339184656944,3.9374531111838125,3.909941395626116,3.8854318391730187,4.59436340033141,4.363037928447809,4.112239218797346,3.9174294898628768,3.6494889304632063,4.0986902807627255,4.021631448525808,3.628624872406114,4.204373049756578,4.116298924069721,4.283752006197582,4.259499111589935,4.675655944039141,4.322271548408433,4.235087242438003,3.972852291964271,4.500663737722351,3.919070070961686,3.955701755922036,4.055009077441943,4.23143563322599,4.358515079119471,4.374410637892981,4.213749628299256,3.928125043817156,3.6466677992957077,4.165556706085764,4.201192964666587,3.95924145135796,3.8807321660679763,3.520065373628155,4.159747052680745,4.285110081280225,3.252528354837027,3.132667203892713,3.111005365425764,2.43988363612802,3.7464084507646382,3.922227925969919,4.133206666278094,4.18788406897618,4.084414779287426,3.9970142807567592,3.8953049559752806,3.8808221257636966,3.833937667043319,3.725863817638986,4.35266383742234,3.579383969499874,3.668831304414486,3.84887492705675,4.01241453990827,3.791305350171792,3.943001201113961,3.8311882756146103,3.676302918795708,3.9994472367751577,4.213176704773098,4.16129067050099,4.293548125446345,4.35136261303014,4.162514723056888,4.141291099114339,3.576623531856726,4.269095263379733,4.032442224093537,4.05186178305502,4.135144614753794,4.177192609987996,4.100799573710018,4.1175504172676884,4.19088298263919,3.8241080414267308,3.738185186847904,4.462094412076261,4.056776609215538,4.136316261975673,4.215189638113654,4.182901620246525
3.831162432400318,4.158982602766872,3.84908809818454,3.7613960712324803,4.384666697866547,4.288471574124404,3.874750514875977,4.038015860598388,3.982228287899373,1.7714307232918174,4.084107116583391,3.168976925416561,3.7896950971041035,3.7576047301391813,3.8163227121933234,4.334892477139084,3.7110559280126343,4.305200256923095,3.970890136600573,4.147146639642851,3.5929727217967806,4.45507498819108,4.184319515341482,3.383227389960774,3.5914558960492573,3.779379643303731,4.196786859547217,3.728113938685659,3.4021045894176543,4.0113878756417725,4.043556684127328,4.051918908308903,3.811658276591963,4.500853348618822,4.427694040198986,4.209719400426295,4.013309244408357,4.381544195342066,3.953701093939093,3.3612866525352665,3.8693349975432354,4.261636770401745,4.23266648053429,4.165604050930044,4.0877496329563545,4.032547251692658,3.8414136826263703,3.8462829967469476,4.147970055347359,3.539260249901097,3.7636273204675788,4.71056363058234,3.566363132297725,3.9606597946862796,4.559210887776027,4.3883561960779565,4.2908942943535,4.371992057413184,2.9318119938329903,3.4358711472545154,3.682287557465818,4.342503192387884,4.017164409058763,3.8851147291855477,3.6407537496106928,3.7156065123249875,4.047951025719703,3.9689586807314243,3.8874137795338886,4.198818494467487,3.658274010832069,3.8046569350272947,3.785147153587394,2.9451487502098925,3.4513443094651497,3.350641379769076,3.1860697819469643,3.3694391123488328,4.360257148944642,4.257210352641904,3.844113403504403,3.983781885580035,4.073918623724905,3.7221957325017665,3.49331867849705,3.8429571793027124,3.940631761898071,3.712752725922059,4.240500971562068,4.1355597326878515,3.9011139736675093,4.079631236527487,4.1714656632926275,4.028122061611891,4.062740078268123,4.00634199388714,4.278499275887911,3.84846512523785,4.308764960573798,3.600998760375747
4.163541669738648,4.140512168348433,3.7688715589999493,3.7173544463428065,4.090634041859805,4.173530763120382,3.887727831189636,4.145722911589091,4.147445769941556,4.084107116583391,1.9499814342521182,3.472268358029598,4.073338442379801,3.685421642039989,3.01049168809205,3.8898150518124273,4.025007285121224,3.543730777566098,3.708980692444459,3.9349240986493914,3.507548178167528,3.9750232207885103,3.813296944365613,3.859233567747092,3.7187748991509775,3.711303141558936,3.8880883496291876,3.782757874017295,3.6695052135803037,3.6630513909125293,3.850744937813317,4.261890603098981,4.182777664093534,4.072415808569505,3.8946718761285277,3.6461407027639834,4.001557649330254,4.133924421723711,3.5185764556029473,3.7250554301900727,4.126727467412792,4.023819792921386,4.328473350753877,4.20306156185458,4.196156607733302,4.101138368009917,3.7908512311753007,3.8524589716205107,3.8218531095091652,3.820472077350967,3.8808665836459237,3.739408575409021,4.1036114854666765,3.958611927828315,3.998776852686622,4.096472002343293,3.799419220472631,4.2107800660621475,3.760240817649319,3.434784366785116,3.570961709873526,4.092360162854358,4.290815801702317,3.9568232793205595,3.6113073797070645,3.0653809935398444,4.153779054796786,3.6023154489225186,4.01698400534631,3.5831412797741904,3.6426569207952166,3.6643920846762787,3.9692276308328744,3.8822799404593087,3.622707526907614,3.376670441402524,3.7586001624761516,3.725830714519804,4.0803392534689875,4.467949222543749,3.7891372718636305,4.278563323913341,3.9785552880374735,3.6934342816087784,3.8851714531626413,3.8609075226831244,4.151721446412227,4.009192985223067,3.8554921835019798,4.063129117282411,4.208833131910586,4.245991838130369,3.9591669698731566,3.8730538592738912,4.018106051887064,4.071059865505116,3.9624036012547688,3.6895753318871285,3.925609640796186,3.9003275670703372
3.8849136945782274,3.9942797540569863,3.8987788025058765,3.9141003315534726,4.121287683139201,4.3136906725825,3.6718849422803417,3.7487127913938236,3.894879325905544,3.168976925416561,3.472268358029598,1.9165839905324005,3.4962455398037022,3.341524819822262,3.27870424188028,3.5867101884552492,3.19144783946576,3.487772775564273,3.149804679052872,3.5151476045026224,3.289224742974082,3.3663984291126137,3.4897330767592796,2.8137282185859456,3.2205773338497874,3.29185951463246,3.6571254180769133,3.2651947488186956,3.235329026242846,3.6560914757089105,3.6417752133927683,3.840717490664683,3.8683994733564395,3.5224334267295827,3.35465019393022,3.244885493061613,3.5857993365359406,3.6904718686324607,3.416881849221286,3.342762830875797,3.5300734772815545,3.9304081363371735,3.5024673950082184,3.589197001106904,3.474823626746319,3.662437050109086,3.5379232864257397,3.1445557216745774,3.241725385211539,3.075336558742453,3.7657896841616867,3.6006723487440113,3.621699938435493,3.778438117439606,3.4280952137968037,3.8702325505965622,3.6038763933700544,3.7438252097388753,2.8931774810624904,3.2400884522193185,2.7820388406619734,3.6519018453015692,3.8309948095115964,3.518786723008817,3.2652932373910915,3.1864133078134804,3.704877954024639,3.387692680050874,3.5577987229581547,3.5262666942088736,3.303488473258326,3.499096523914977,3.393234001204793,3.0775674721364097,2.8508054734539914,3.0522920624631174,3.016702547189975,3.035200547524896,3.6414603705823128,3.7359260906033893,3.4452521057750496,3.753119045050493,3.468937320696199,3.6227110896941883,3.563857114206834,3.716885065834012,3.625865047379735,3.522464239691569,3.5529661661735856,3.731144420497668,3.8864598832155295,4.164834836667739,3.759664267089719,3.664033320624661,3.7431877829200224,3.394170859542564,3.80689315038157,3.2906429059099476,3.4786104201754666,3.4010863032987366
4.070627679479482,3.7980305827247847,3.9421292755893274,3.5644859479920603,4.229849433831117,4.00034654339616,3.9972043568462596,3.7993647759462505,3.7563237665037983,3.7896950971041035,4.073338442379801,3.4962455398037022,1.9404388244674404,3.7639397240879977,3.458716562345731,3.7420159468324887,3.973746399934783,3.5159882896685835,3.8301891299586166,3.562640798412542,3.699402357695361,3.4553237937637697,3.78927855517949,3.622966310803221,3.4622489559705163,3.7675102889143597,3.7284536866122857,3.335211673252885,3.5319032423881844,3.7744663844846413,3.7886580966601997,3.9700370574511887,4.008607611120118,3.871027319503021,3.6938400983744852,4.030139189191155,4.053652879430215,3.7915764764851474,3.7583870607059744,3.847867313206998,4.182455418252158,3.784278822786436,3.9907181923888513,3.759861742832281,4.315750148448201,3.655735046279394,3.8624998238815866,3.8653402393111427,3.875206009202597,3.9147532744508746,3.609236678472136,3.4447788086982722,3.952747149853516,3.7714615831342124,3.4073974090059043,3.661093522828198,3.660149824365856,3.4839801751373844,3.74329817165643,3.7085751830565132,3.360087015162858,3.785209068781394,4.005125045926931,3.891397338543569,3.5822070534185544,3.6077057284877108,3.6900826835135447,4.022432820645376,3.82159774288241,3.588288957723114,3.579822812154898,3.8084979115472675,3.4980166991238346,3.527538209890914,3.9877068483922313,3.690372955342774,3.7133653621011242,3.58775425461014,4.003860826534948,4.0059546891950015,3.6452667660345024,4.173968593892644,3.981533023890256,4.065163365198651,4.0881054438335545,3.959360385538036,4.016556287971848,3.7729653309122795,3.98088869544083,3.7862025656253526,3.8974773741897626,4.141982214644914,3.5180376506905615,3.58477728092058,3.70096437524843,3.5986390894167255,3.624328498446155,4.022900772841999,4.007880529032114,3.812585041485727
3.8850133790972965,4.25677079145175,3.8409963384207515,3.828864746372441,3.8203904453383695,3.8035337025148808,3.5544050239053404,4.134128052469758,3.8860631727655317,3.7576047301391813,3.685421642039989,3.341524819822262,3.7639397240879977,1.9413806147393786,3.105566126937449,3.5910965191002973,3.061630344013462,3.580510348250641,2.785891230236801,3.6798932876621886,3.244857889445415,3.5128556718859927,3.4717159574430703,3.5327985529236,3.4538695649240103,3.6342818090325206,3.5789138264639466,3.6817983596314248,3.6665908434799976,3.468523185335776,3.7619941450472583,3.752742101322366,3.5974445973379843,3.539615764473135,3.4717619356995444,3.6899352367163467,3.476181559338159,3.5255171030911066,3.2414769855226457,3.46970694992083,3.3789021086798385,3.7532905157416194,3.61478837301665,3.459646671271711,3.5147969770019527,3.583821240958773,3.706013139372563,3.4563524276935578,3.7949460375638675,3.3805826428657695,3.6308202902830327,3.9087375256739043,3.3062163915449037,3.686707732768574,3.6708561372450834,3.709599382444922,3.594612960765889,3.630707106145531,3.5628094400258514,3.7098718634743766,3.5056437190190772,3.6889890192057324,3.3452596027064025,2.762660292939167,2.921373173104662,2.992802666339273,3.8541960273385545,2.9850575570218703,3.5848097580247145,3.5216688812199473,3.39652240020503,3.3140278961639025,3.394105084859274,3.6263013418315095,3.6333603881931276,3.6970948738521003,3.6665876416685608,3.43699237801039,3.7478243233865616,3.6882159529679654,3.5136400143957496,3.563652920696925,3.6608594391466514,3.375393987074529,3.7089442613986923,3.324718856823147,3.6604350449601024,3.876177033075186,3.8214464339419547,3.6002161416010843,3.8327762673492787,3.760859795520187,3.7286664905309075,3.7233734521702804,3.4958477191475694,3.3820495614131163,3.4795184618451023,3.6269164223207233,3.899631840207329,3.5034097721117434
4.056936345086926,4.016171552910437,4.074001015221589,3.7298690483400874,3.8866761760706687,3.9116148964364537,3.385482267919511,3.5096081575660394,3.737691466177597,3.8163227121933234,3.01049168809205,3.27870424188028,3.458716562345731,3.105566126937449,1.94368223822019,3.9163860933265906,3.5710133210065083,3.7525141715580954,3.77115486279544,3.7629930457553957,2.9020579934368254,3.935817129151047,3.7576244493491457,3.5594565800611604,3.6322807907928345,3.3922549066246392,3.79495719883473,3.6671615070459618,3.2443207747730765,3.504993707088021,3.6020888622105747,3.9215362043479582,4.033551406004007,3.8316088978739478,3.599345413805611,3.633316332163284,3.465403717004111,3.995052514958352,3.4731518717384784,3.5592431730994156,3.8975974027284184,3.936333870513524,3.6931420565991337,3.6263792171929854,3.875058246983074,3.637250121850899,3.6738876797783218,3.617858863120203,3.6334384543497804,3.6055475351044377,3.8741988592870946,3.72710794760192,3.720449063732129,3.5654953542161234,3.6094845508705333,3.796659156307083,3.677136212772193,3.519672318663559,3.3739361085272104,3.6077134088421965,3.443436517403848,3.7159571286535193,4.109878194146059,3.9035683216169006,3.065478701045633,2.4806570561709287,3.943029041808691,3.342460738238234,3.6286110857020355,3.6206290267922694,2.9511950465169736,3.7479356748391504,3.7949151957489913,3.542742024806095,3.4829773987601897,3.5665985516989953,3.1921654802011106,3.581192696429697,3.8681984529561158,4.036566413449293,3.7575990848259706,3.9461421509701684,3.5768452232309644,3.6525105242602685,3.585241404239421,3.9796876984400744,3.622749060486169,3.8776258971536435,3.6698373252018737,4.018575862588356,3.6724208707162216,3.9551828788396524,3.9791586985417187,3.6316523227374344,3.9281874176999865,3.554221078588343,3.7896477251828045,3.5341063247648012,3.619743036760904,3.452093371135619
3.7593522353735738,3.522943186716352,3.4094601138140157,3.544056995729745,3.9040877735900534,3.748600973179928,3.014773499539996,3.2363659861249943,4.01013806614444,4.334892477139084,3.8898150518124273,3.5867101884552492,3.7420159468324887,3.5910965191002973,3.9163860933265906,1.7066282475808345,3.86629738654213,2.8755379663577267,3.902666861991736,3.9677761402387333,3.7424816882181937,3.4047978119106155,3.5629610303375236,3.970304425799761,3.8746573977931256,3.9057587877733253,4.012073407522116,3.83857578567105,3.9982555459875755,3.9064617481449027,3.7733031962392327,3.8170564987339026,3.899617246673879,3.5252712539387083,3.7962096636722418,4.141416612199583,4.0477906061804765,3.8543681051729264,3.952595758362516,3.588244139166941,3.6967991760985557,4.144604168516423,4.192470080841264,3.7281945530729277,3.6990776286182574,3.6241577690690496,3.7443318906777767,3.7275216048272286,4.157422355504983,3.7732501943170944,3.8341429046581235,3.54102522876885,3.9170507832148607,4.0567863775279935,3.828420259116246,3.601244056014528,3.2899913068268245,3.6569659103340886,4.152309445416022,4.192633722970226,4.145242022271677,3.7712552829416444,4.1588466722613155,4.077988305903969,3.6541348883686724,3.4225736444039625,3.7979115660033798,3.7383353420360113,3.6988435871734606,3.146652296921339,4.033129766147872,3.371280306657445,3.902524942321886,3.5366173896452566,4.0202900549906415,3.8320673576945716,4.076220892977878,3.846768143076935,4.192688860110389,3.539861537052505,3.958243402394457,3.8338490272007935,3.8274967282011847,3.786795601573544,4.042524620518922,3.609137129239176,3.99205617197139,4.087902792931208,4.1014143457796735,3.668918245721225,3.8277901716270883,3.857094589529992,3.8881999745347264,3.851429051643355,4.015497492306461,3.750927646283426,4.153469648434427,3.963730849114244,4.140206525808053,4.041575128285664
3.616038681890466,4.300750258890663,3.868758253828588,4.364562891451932,4.287894434069888,4.299608499172688,3.434086484743638,3.8080089867069393,3.976365311522878,3.7110559280126343,4.025007285121224,3.19144783946576,3.973746399934783,3.061630344013462,3.5710133210065083,3.86629738654213,2.002669525681827,3.294715169501975,2.7010577401087366,3.6214605921800658,3.606614649062171,3.24534534950539,3.473856550556021,3.2029857960811055,3.7409051940887923,3.757726504097532,3.7429936611635535,3.466432910777631,3.7184828924748654,3.829016347676375,3.7277307443034453,3.8335477134742297,3.473775325200711,3.35993086255969,3.130883597554176,3.6425335975043183,3.2279768538566693,3.4773727146839253,3.5372300801782997,3.1961367701675627,3.1529984524929064,3.923131044268468,3.530142265109969,3.704138411622902,3.7977148958444884,3.7263190095116396,3.5508468908694693,3.506676071848518,3.341789787219746,3.218066207429132,3.8711976229758704,3.5949321009213167,3.5709512964855143,3.810012333216845,3.3690151826370927,3.775219047690026,3.5133417748549163,3.6199962480952785,3.4503181224441257,3.789305755534107,3.232594845132734,3.7950321951024826,3.621214066785495,3.39599422004201,3.234988908278229,3.531040998963218,3.4997392249018278,3.149442527084012,3.617853354232286,3.3318771416769013,3.8192479585312773,3.299028058912893,3.693350532702043,3.350288836298479,3.503267058227163,3.5902874117497285,3.723238909907096,3.3643775233750532,3.740057885050736,3.78975591526995,3.3770152572339045,3.2019009678816963,3.63262660148061,3.5827925794163065,3.6488722702576037,3.430820734013275,3.688155670931605,3.8781215460436127,3.775631019544618,3.4975592192305958,3.655330760544615,3.9761832867921023,3.563211462575754,3.6256513694243315,3.4028933832441344,3.4911711072699947,3.7786143334287527,3.512913496759613,3.468714118555153,3.4129642380077745
3.6296344662994384,3.7615078359415826,3.096363541470589,3.589550623360229,4.016960934052467,3.6424362708580884,2.79391889649879,3.230367529026009,3.683339184656944,4.305200256923095,3.543730777566098,3.487772775564273,3.5159882896685835,3.580510348250641,3.7525141715580954,2.8755379663577267,3.294715169501975,1.8377854442287207,3.9200342086311957,3.273026107604324,3.9128634515698333,3.945175200605499,3.6822851825012974,3.804792858158848,3.778733458988574,3.9148359258863583,4.034499228888714,3.4303869166097987,3.930867148234409,4.2282851814647495,4.133230455072327,4.038190023697037,3.854852267965177,3.500822822172586,3.9815395971893977,4.124935684446198,3.865474186359773,4.280686700438134,4.421323827220932,3.6995674504017084,4.000722514893537,3.928805799376855,4.293606917015235,3.9635584040916227,4.171172974146671,3.677202701088017,3.7428094553102653,4.018310271925346,4.176238201316418,3.814710311625628,4.136274603046876,3.198877038132879,4.024655028058703,4.02813791569451,3.6905505751374266,3.597296287561684,3.0058828226412904,3.252795067404842,4.337099354732911,4.273457752992087,4.3806707828263205,4.195602501950192,4.292808539663408,4.184181018323491,4.140907872335497,3.9485000834319015,3.514339937240467,3.9200606540951357,3.6634222065123625,2.1976268903364318,3.8816614234273126,3.2070435156434693,3.5600348392266556,4.040836959086476,3.8720104014477754,3.6006558245543725,3.952541839895612,3.8604293646633647,4.166478011850215,4.259618123470726,3.7649563264446235,4.2301080260652,4.0582178555769355,3.78369830556418,4.075064512127049,3.941637906217399,4.016768631026328,3.7082249280173842,3.7279950007388867,3.9837681993919976,4.157742585806303,4.029994468338811,3.8919448462375468,4.2172111570231605,3.731742797405405,3.9340447997808226,3.71843106695162,3.8513323268805784,3.980916876562842,4.038319756748453
3.5997145135529056,4.28975146171781,3.6116637847981448,4.026061669094194,4.011349101324356,4.207725568731314,3.337163212773726,3.8906136680268872,3.9374531111838125,3.970890136600573,3.708980692444459,3.149804679052872,3.8301891299586166,2.785891230236801,3.77115486279544,3.902666861991736,2.7010577401087366,3.9200342086311957,1.9451848433682435,3.816485398550602,3.5194852613216114,3.2068808965293107,3.497990355290049,3.604732793072489,3.3980786851040747,3.5742425661147283,3.475647290223935,3.7440197764073595,3.6456135246528505,3.4378397908231753,3.6699988260318013,3.5261439755791955,3.3620914544022322,3.5199396513792767,3.2396981872760717,3.408578058191028,3.3022832287069397,3.5926206788287565,3.374612785649544,3.4889293964715815,3.1049805479670263,3.837285844498481,3.5051289887117716,3.7613001309843703,3.7420048289152326,3.5164465724908402,3.3540997019215117,3.297360032224234,3.223600087963394,3.4242547937012766,3.706351874433181,3.662902582636946,3.37738911141049,3.596607676478354,3.6347783840989343,3.6600036037813157,3.541391067074524,3.6718719869432643,3.3922182080074563,3.7048800056435214,3.298951629829726,4.030750333681718,3.581215412351696,3.2392665396816414,3.28394875439243,3.3911914842847897,3.5167487602306533,2.7729086316982987,3.6706842972653155,3.542190928198106,3.9141012939280397,3.414978846204279,3.8340724986514285,3.4226829689340743,3.723889286151497,3.455430690548778,3.74852336209742,3.5748079474965953,3.8264638620509026,3.587201637844073,3.4823463374958425,3.409239892626119,3.793353322946147,3.653885647218777,3.7626918923559085,3.178165196569887,3.697968297918864,4.134473685324093,3.643003081378674,3.515959962359382,3.658888479019528,3.534682188384381,3.5123243485846474,3.6738272150618276,3.7375958739870683,3.658863696275969,3.800463812919939,3.4057625697686604,3.3876039053276727,3.4674958965265055
3.790867841734372,3.8564813142674073,3.7803063674645547,4.0757345563469265,4.115502487596256,3.700846104916042,3.914065797616928,3.6842677228513443,3.909941395626116,4.147146639642851,3.9349240986493914,3.5151476045026224,3.562640798412542,3.6798932876621886,3.7629930457553957,3.9677761402387333,3.6214605921800658,3.273026107604324,3.816485398550602,1.9934668671644953,3.79579391231315,4.181969831111373,3.6446085482289017,3.7870509614532066,3.5996959969177693,3.7063710889066543,4.069170180267658,3.7836933015863585,3.5042616526577377,4.326171425339634,3.904970159368096,4.241546743560358,4.085369263072523,3.4835301122919713,3.7099049537770745,3.592521247050685,3.7651566950953015,4.225360921404552,3.9715526992897847,4.002180732325203,3.8580936723936934,4.061319256423889,4.177103948167478,4.23578316197984,3.945411316038488,3.8953303103130055,3.7648643972143554,3.780393814300724,3.728667298956519,3.9121553407556546,4.152933949362613,3.4434769980181104,4.0804333283840934,3.915763332358455,3.4534037544413936,3.803178638853282,3.605578079808402,3.419148620442432,3.835994997520216,4.218816349941261,3.9444874721799477,4.088266528491352,3.828641325631151,4.0054664836752805,3.994668095642247,3.8526544034879593,3.7442690818083513,3.7227085389538623,3.6130210106350202,2.919495071357799,3.5021366936140703,3.9527184352816755,3.122556521083535,3.779628177157298,3.681940269636078,3.5661143110305757,3.567797019430101,3.8368629281904942,4.058531816156515,4.526903879178539,4.049818845764158,4.09388567891397,4.079928522197437,3.9664022002364527,3.767908523641536,4.0389567174427,3.939542128474564,3.5316140619293455,3.2329277645178993,4.326080229986401,4.209648510015635,4.4310149154768705,4.478784719409598,4.2008982357030185,3.677751785137173,4.336599642236005,4.103099911707111,3.890791583881585,3.6040146456449933,4.0614567830955455
4.092078148857413,4.11002492573527,3.990816503246893,3.69594937797831,3.7641848076532907,4.167469824452548,3.40739534013312,3.80967507120694,3.8854318391730187,3.5929727217967806,3.507548178167528,3.289224742974082,3.699402357695361,3.244857889445415,2.9020579934368254,3.7424816882181937,3.606614649062171,3.9128634515698333,3.5194852613216114,3.79579391231315,2.1312964578202465,3.877930934636727,3.67341321198932,3.5743619572861043,3.711113899682683,3.3540040994292832,3.7268014546524517,3.3316246719703506,2.876153976255894,3.699025974222677,3.5388969879223913,4.035434129139347,3.9882535772799055,3.970031416244469,3.635002007280098,3.6065463635134605,3.9266833446118707,3.9954950695684865,3.6491757698610683,3.184875410743791,3.6426609862504327,3.600744052394328,3.4540165402687903,3.56701923625371,3.6477470484372163,3.670791619875667,3.86540179863578,3.4180132854883025,3.5171156524529725,3.2983824128591466,3.8838673618364643,3.813283006237477,3.5984894949049,3.825199202897386,3.5352503856448028,3.610083576763891,3.7484921743843387,3.6358170979941855,3.412346350652186,3.677512610186218,3.680393790069474,4.1821772564951925,3.642636413842601,3.75466575342493,3.412359478826686,3.1684775529225684,3.7460726263677153,2.941535039450515,3.6136303283942555,3.6946846035982244,2.6298179547720886,3.6386615103173385,3.659361611143356,3.295166750858255,3.1295788583250714,3.2868762941918477,2.866989951208646,3.0788840750017923,3.828328395273032,3.8896748260610243,3.697265737903784,3.768336954524868,3.452439313568595,3.575070918425875,3.5323034047193107,3.8655600248854127,4.021067724180388,3.6651217363864563,3.7056294475857987,3.8035392429532497,3.6293946283487593,3.8427918197348023,4.216514010683399,3.861714961124391,3.869536132270134,3.3281662881982776,4.077410804959658,3.4809389936733726,3.6732931948181946,3.2616156864349115
