0,1,2,3,4,5,6,7,8,9,10,11,12,13,14,15,16,17,18,19,20,21,22,23,24,25,26,27,28,29,30,31,32,33,34,35,36,37,38,39,40,41,42,43,44,45,46,47,48,49,50,51,52,53,54,55,56,57,58,59,60,61,62,63,64,65,66,67,68,69,70,71,72,73,74,75,76,77,78,79,80,81,82,83,84,85,86,87,88,89,90,91,92,93,94,95,96,97,98,99
1.6238013927423138,3.8588600085323375,3.856396185140625,4.012948668716213,3.689955454773958,3.6910704069080196,4.1412379225311176,4.028909516036023,3.9360430936895576,4.3077435820586345,3.989054937831922,4.0179556536527805,4.207535468835347,4.037198283379933,3.6363383074115077,3.9584900734822552,4.1431719575082795,3.993426806187931,4.25387247915036,4.148941192575014,4.209382811923268,4.344089745506273,4.0276422311006295,4.071824765082162,4.10591638448866,4.012707016662916,4.024311553505528,4.132490295072804,3.8754427611974758,3.901391075897388,4.177621538171351,3.6752311613443163,3.6563667356321514,3.8805317154403536,3.974884444478441,3.746039828957165,3.842660397283459,3.6857965031394433,4.061363979829056,4.340933364802542,3.822219558635532,4.158659860282613,4.019769520271906,3.5675265474978257,4.099476811536763,3.974492736940386,3.9797341005757887,3.9712332122568643,3.7012463742201187,3.82794579640604,3.2563554083089326,3.727996279247763,3.8312390179980267,4.059687459203598,3.710413185713479,3.9567622547770966,4.007990550373868,4.032310193330942,4.347555969663105,3.9291070536667894,3.837702883049102,4.315337535086678,3.984586626100076,3.7096298125414164,3.9777243741745854,3.8848874186652482,4.461178453341021,4.139395853818452,3.9649318990291027,4.004712316051999,4.113138279529266,3.850988419107,4.031803106916836,4.485347518353831,3.857254789676062,3.763361652080453,3.798669533216296,3.872061339736679,4.285444887372216,3.993183143928706,4.261895232623388,4.132525822754774,4.1202563732133735,3.88173670921968,4.260138823278115,4.142441998252944,3.8305983289721888,4.246357225123588,3.882091754058191,4.52681388750423,3.847868358139762,4.073396285903214,4.398613045520032,4.093923956185243,4.112218277791392,3.760224214744738,4.017451050014386,4.258054589489417,3.6562582309204115,4.116707921948337
3.8588600085323375,1.5589619379654276,2.874793493044766,2.255140599670905,2.2808572224027275,2.8869455492286638,2.858837706187116,2.789686403280768,3.4487500357913476,3.5199576871033074,3.596923059989094,3.6778256685568014,3.850684739558709,3.5505864307315393,3.306470374961896,2.9648987190312996,3.788606034454897,3.2839669814154284,3.679209785257443,3.7571401098828536,3.6044556579294333,3.6996940106560654,3.7941822179963363,3.660904044529295,3.8358565004112744,3.6725454501543875,3.5416840483970105,3.3520682408259836,3.5804390635270487,3.437308607322973,3.5013638709710286,3.604811361372026,3.4800642219036875,3.438373395917667,3.669166816695913,3.910797223834295,3.739467484038994,3.5435719479877372,3.4337041042568335,3.318413211563298,3.7085273319982988,3.694616330885176,3.559927185168429,3.368580791604944,3.6246227514447464,3.2501468457382234,3.2922170091595806,3.6079493488370162,3.6069511661551554,3.7688655301357143,3.5341586744778413,2.1370370395351745,3.1322734751722425,3.004123670870498,2.3782454839549723,3.6684541757689497,2.6612843843524123,2.8167011924528973,3.9489177731452254,3.663298636475999,3.616889112671764,3.9162929902141674,3.4720938727951114,3.221722122777087,3.2953894338999214,3.4877217382263006,3.8263254583159796,3.503572078221613,3.520700226205401,3.1147092836214214,3.298710388171651,3.9263341392114555,3.6733018079908812,3.68572193509418,3.5545050363173747,3.6341375908873443,3.5623024938993493,3.4415212888873694,3.550236998326625,3.7995704120068665,3.661872370014376,3.878669255402748,3.6399769333348155,3.832549287529157,3.6285694390090204,3.670337246877036,3.521583349317539,3.513831273214444,3.5834437213500943,3.592501955816596,3.6918980408051043,3.5546362364013024,3.474898408956394,3.624856154183583,3.641855577543498,3.385068261780293,3.5236647483865395,3.2467118207865635,3.6777747161365975,3.727010545555467
3.856396185140625,2.874793493044766,1.7623010739963463,2.9789399560069127,2.824897233780339,2.2694379286528226,3.3230444748985146,2.908516863761137,2.887164429727394,3.5826801089210347,3.7672899679542455,3.8685081744719434,3.4706984088441875,3.6898383416530773,3.570184994976621,3.4910894879301795,3.7795705679799694,3.5072422730005113,3.5952764446748735,3.950430107728112,3.6305899485078896,3.8782504822569277,3.8905468573175215,3.7723839231642495,3.7974464526492064,3.5484706684670826,3.7589515127678057,3.4298526995585434,3.7561190704372187,3.3546422640207427,3.7267420117128687,3.6336424471768742,3.9894535828694586,3.6495163529305445,3.8644141554716,3.388998405111747,3.653058109715561,3.969871037504992,3.777728657194291,3.6357365399961674,3.926959550601322,3.7361547999012616,3.860122606769964,3.8257641194939174,3.8713984126287158,3.837913678763711,3.7899483834274204,3.9972130267279695,3.075729836174652,3.9907042068530627,3.7065152907013985,2.8510166354477806,3.685038061798333,3.7364420517604375,2.3673533781558866,2.796788372838187,3.1804942961814207,2.5302965792609027,3.546130532516914,3.74268785560554,3.8244687205601893,3.6585771238361016,3.592816702940542,3.591011560569718,3.482174413096153,3.701910151899766,3.706917899672506,3.48595884032924,3.5670966920311105,3.5628608883756003,3.5396574248311343,3.6210477993416164,3.6637087724709962,3.533099461372117,3.388696369115829,3.557969918246757,3.6074767976447286,3.2416345650114557,3.581826806613534,3.740122271078021,3.7875178507908878,3.8190099264912694,4.0453704631807845,3.6711296484684848,3.8989300483998646,3.8817657036299926,3.6004641835366615,3.871448121419644,3.281526649571825,3.6374510588185625,3.924926579533561,3.6025425706577856,3.6140044630525217,3.5352836319772436,3.6868758398583887,3.5334987502597004,3.8113732656681107,3.687764930500141,3.341716478845723,3.922288314574793
4.012948668716213,2.255140599670905,2.9789399560069127,1.6282104391228895,2.5904436455035036,3.004861451447452,2.923527438662018,3.0181872852830276,3.516931967851401,3.423274870736698,3.471762401407243,3.5425578911920104,3.260445185891815,3.659658808448864,3.2446162039750934,2.913492327393502,3.547768695650321,3.485333168293831,3.6647418342892286,4.26457804836566,3.7869843755282626,3.6974031563283165,3.8114839230430513,3.5601531346684814,3.6477321177524735,3.7331081703998135,3.8776977621447055,3.5001743789928805,3.7157857455803445,3.4396510922558012,3.4805616366627636,3.7913162947432584,3.9632544518323596,3.6618105835227053,3.9639655766901507,3.7731560381061016,3.803202904917146,3.630562008832512,3.5192519685088106,3.5351040220529923,3.8585245066761202,3.7081669382339877,3.6476432709392985,3.6123417082342653,3.8715951219618665,3.658371223357392,3.955262135060438,4.119005461796893,3.3632700379221485,3.920339837144076,3.738616263576355,2.625254058229305,3.4688018190173318,2.846349522760701,2.613501470169785,3.433936222573931,2.9978658693740137,3.1554173270641934,3.6599914575996944,3.577877740139941,3.5027960763695143,3.3498268689005544,3.5449723673343065,3.46171854891377,3.556250610205965,3.4462493581161318,3.528641098293548,3.4294560357363952,3.487562679464518,3.3276406085174886,3.6506954608801556,3.6969207312797288,3.7616194255530297,3.3641834078859643,3.5299084445658644,3.652546122558304,3.631849958504268,3.360483446532502,3.364762244653083,3.61249402732638,3.62874418011715,3.9126865631814867,3.643590012719649,3.7366068540226705,3.672723838507342,3.7953853307255234,3.7333094440701675,3.675477262194789,3.458125605010104,3.4188046624962385,3.7463402029078234,3.5147442625187417,3.3309102075493464,3.3732625651878316,3.4224796877720323,3.754995613201547,3.5034516252404275,3.507973741090164,3.60701423268023,3.872711590496792
3.689955454773958,2.2808572224027275,2.824897233780339,2.5904436455035036,1.6288495513937142,2.4199706196528714,2.9488047211202546,2.813093941722718,3.410821159346481,3.2358032866654636,3.4999993533879956,3.5936935406355848,3.3699122942139965,3.5202730502983717,3.2480065657809067,3.2029158039657606,3.4909979109371805,3.2195665859891918,3.4609463649431205,3.637380747900446,3.391311926580588,3.7499325553344596,3.7023798695923062,3.4773302361245597,3.5704812398248262,3.6191522957172957,3.3583770851210906,3.5097079252432937,3.656725126626573,3.2290162317552675,3.425881441249818,3.4504121076436216,3.4365295847541826,3.3414152253717426,3.6237512468713775,3.603131398002364,3.4888082706030685,3.431828852721766,3.43573490222716,3.408722952441881,3.374831953949441,3.410711417819775,3.3828171004831322,3.3658738933856145,3.3004915815786284,3.3556846091737578,3.3559871653598656,3.342565273461757,3.1618541401835345,3.4189099970606143,3.3974761931960153,2.5259427480989287,3.2367320833065127,2.849527766364076,1.954226172297711,3.3653279958376876,2.9010370986766816,2.771131611753645,3.5865273285910506,3.399331435907764,3.3753469641300784,3.467454096805234,3.3836296866084594,3.1803589589968193,3.1877015751673525,3.2439653309021685,3.683349750144639,3.217299750051706,3.35490335157141,3.0808753979130077,3.3386415822733326,3.5900774786745746,3.4119449827121793,3.5149580325901595,3.266172281642576,3.608775188132665,3.5513594931259154,3.357782143127077,3.530945321594786,3.4322646776387002,3.3468726973169827,3.495244712088351,3.5187194263270625,3.5164783930691437,3.452680648198217,3.273032083099296,3.549857555222221,3.784868829943852,3.3372693634963446,3.2884060910124613,3.566768718104298,3.7082996357696363,3.4740222383179606,3.3685422554040025,3.590801655677258,3.2830330467134488,3.3846403626952393,3.2412894065068785,3.2290219790011747,3.489323497543831
3.6910704069080196,2.8869455492286638,2.2694379286528226,3.004861451447452,2.4199706196528714,1.733544059387724,3.2089891471332024,2.9268451148036525,2.863246174039461,3.555758456146674,3.4428223569170697,3.3449084265108016,3.453560025037719,3.514907733593916,3.354406691993508,3.419911210550152,3.37271349705639,3.3972654509614997,3.3897896291380487,3.5887058100105764,3.438938551425264,3.6332367756326494,3.6379436470891964,3.1854951664333937,3.4655760832721447,3.5316388440140023,3.6699895405197003,3.443828433295917,3.6507618150304815,3.212994083239196,3.4491852242182857,3.31858248440144,3.450640120133242,3.55116702394875,3.704074303571018,3.342328838182274,3.648349362983041,3.5607374382104764,3.6051807571682155,3.5670202261973034,3.52352449821517,3.5414575903392316,3.390572839020542,3.4424021437697863,3.4956741296975022,3.666889427055458,3.586337217063382,3.589537600783755,2.656449099823829,3.453685967408244,3.5753237213060194,2.8532916761151474,3.6886593350391075,3.19012582221437,1.9974680083193,2.8632739698480205,3.0247859100278434,2.561174209198397,3.4515655617793515,3.5079399626638126,3.483194818165023,3.693569562944936,3.444311615724317,3.496820454204446,3.5361316371770237,3.549752766266301,3.7473496307427934,3.345073777579057,3.4804756279464204,3.293804904504534,3.51728979970269,3.5525897693217243,3.7363624275958887,3.584639169869634,3.381418094578368,3.425472065898893,3.4275083182829613,3.3209398108885444,3.6450079919548544,3.749658517480725,3.5774227104107785,3.743368015726851,3.7938931038023647,3.71051105761883,3.8240319022941347,3.522163524511601,3.548554277278109,3.7964103737701445,3.100740505786392,3.5154772329613295,3.8515981422230587,3.539933602394029,3.701874310160383,3.3935415805992712,3.5396598467671216,3.253078053207378,3.6547951981491886,3.67127179756127,3.02939534360908,3.4508390178566413
4.1412379225311176,2.858837706187116,3.3230444748985146,2.923527438662018,2.9488047211202546,3.2089891471332024,1.6299475351660793,2.960094789389565,3.4033961520169305,3.5518852648265216,3.2358753128392688,3.6552970195990455,3.601303132585823,3.887668605534572,3.2813282040473353,2.4817542993030433,4.027315104341045,3.4778847917714346,3.956412062789279,3.551162431568987,3.5238234528969516,4.023771983394622,3.729542446926556,3.6209560357276755,3.7623029889142874,3.493157289665094,3.338452180471718,3.6124036657886385,3.460586987237367,3.7459142446954474,3.8535706477914773,3.462271661634332,3.6071874693660426,3.4321927451242633,3.7170353015032527,3.707033894009104,3.9087814420687037,3.7155905037375208,3.6050444358029394,3.6684570136623833,3.9027617804113652,3.7833042483570205,3.7119733158590194,3.558944909189864,3.4786080253069125,3.62879264328144,3.507967376755115,3.444617718302717,3.3059061390732083,3.8403327238113785,3.7329896432433207,2.895938815076264,2.851039781128658,3.3102205220948555,3.140379195147846,3.5000015551985206,2.980911450420604,3.1799095980214593,3.639819990079513,3.67203637717418,3.5762742094547373,3.691595539595247,3.7480808027757795,3.824420253475605,4.063469480773154,3.5809385679662866,3.686625833928999,3.9377522725955663,3.8027808357941093,3.3830729504387067,3.512164524884494,3.728527739812108,3.8506406228682755,3.774480736509917,3.2777176362932807,3.6007144102507778,3.6264986356516498,3.6341272089150505,4.0445081664935465,3.6891128369660224,3.77697655002515,3.8593163786037503,3.702101809655147,3.72288929822216,3.5770289693937434,3.6753955570474357,3.857309619605709,3.4889125316038885,3.7128833572766635,3.9525582294582913,3.7289720859262143,3.70609029302523,3.6253799329888725,3.7792693325049878,3.652722451068904,3.5809141819318357,3.8540927925350212,3.6424271538144253,3.345508746879364,3.846432832449738
4.028909516036023,2.789686403280768,2.908516863761137,3.0181872852830276,2.813093941722718,2.9268451148036525,2.960094789389565,1.5929617729751266,3.389928273045224,4.14939335197163,4.19127581315038,3.8533524721144965,4.186819490059259,4.2146609786503255,3.903869155275306,3.5691879705823526,4.078554126478573,3.895972717959204,4.329413138656108,4.115061733092346,4.385071544560763,4.150005808913648,4.163569116099158,4.097700603824373,4.076187488921749,4.07081384495251,4.065420547116037,3.4937839018849135,4.07812627917832,3.6890173559329296,3.854139887735376,4.008564334048437,4.014512728854304,4.117984489935824,4.138631420530257,3.749420896204343,3.962315744764207,3.8755389808376726,3.951154402402088,3.7845072086066227,4.130347749897665,3.944490273078191,4.255680473590534,3.7148323174240327,3.9440747947396493,3.8825138384480145,3.8340957239291376,3.929258888409427,3.310442906927427,3.819558038261792,3.8295979444559576,3.1573148628906926,3.732462357056144,3.5771902703963576,3.2949941136236673,3.555251457998495,2.36338570720446,2.8158929783256075,4.011299857222306,4.13358298504517,3.834266049855305,4.218245941910232,4.1937037824376375,3.764684449673499,3.91353403938331,3.944122171802079,3.908533113986804,3.9703576244881393,3.6839841967301266,3.4837714335939376,4.128489289869055,4.037436532406297,4.158698944854539,3.935545961023454,4.0089510459246975,4.14706812148729,3.854785062891728,3.9390697205803438,3.9467498168450326,4.045352934933425,4.322752192685667,4.011701589578419,3.852727418712601,4.113519618344519,4.080903716903448,3.8489669626323844,4.133845698290644,3.8827836884561377,3.6906318255122232,4.114349875780354,4.130724004847251,4.226635084306282,3.8132468681162845,3.8952294952415984,4.005595199056648,3.62016969227407,4.032588524445201,3.7424544369335466,3.533388038873918,3.855801894020909
3.9360430936895576,3.4487500357913476,2.887164429727394,3.516931967851401,3.410821159346481,2.863246174039461,3.4033961520169305,3.389928273045224,1.7070572445567818,3.884406847237583,3.7863838073207434,3.8159943081600196,3.825916430752491,3.7889232569448823,3.552213530358711,3.6400407840428723,3.9869056169962676,3.7894464328608333,3.9515220476131905,3.6126274959042295,3.758774271103094,3.7910824558831426,3.5805594413876833,3.5181583335100512,3.985914217151704,3.835077603457431,3.707489671039314,3.8799771242536885,3.557120081884639,3.372255334513229,4.148589619666711,3.6276511561950207,3.7514817793827153,3.7814920047772804,4.172830149565299,2.9409954094989597,3.9795341472950856,3.8394989668581276,3.7693352718581825,3.9782298872615187,3.499819571620304,4.256747379259407,3.963281267128838,3.860266545574859,3.9606170024740877,4.008468345302717,3.9492777654207383,3.6296091812647595,2.9795588472915933,3.5113421980105057,3.8025669035729077,3.3194910258269705,3.6407109485651894,3.5629788884502998,3.0966992744183344,2.767055472956215,3.4253499516945216,2.3335019157883803,3.9620546740605698,3.9136195132466147,3.7127475413411593,3.7683503690307156,3.7760069390047977,4.062029205788542,4.07267536494747,3.7818763657124763,3.7732917627465596,4.099766273818651,4.063147885328701,3.640033167183741,3.86241007773626,3.7605636733653864,3.962056876314472,3.937777150334258,3.624629772408306,3.7545108245791226,3.315705730087686,3.3336853641668145,4.092364679954554,3.8452560367652824,3.5617656746209803,3.8859382164175407,4.023823825585324,4.074316795212786,3.820143230057171,3.936395711002935,3.916163402759179,3.9096286553654935,3.151922038303602,3.7378733318535016,3.8222394493629173,3.917582945997855,3.9343377000064144,3.9147918577202807,3.9331363034433835,3.805193779582088,4.042789672751232,3.7572439589865803,3.243206517143022,3.736702687092841
4.3077435820586345,3.5199576871033074,3.5826801089210347,3.423274870736698,3.2358032866654636,3.555758456146674,3.5518852648265216,4.14939335197163,3.884406847237583,1.6732844193011935,3.816744203334522,3.868159793081297,3.85743434425878,3.5065904297432993,3.530293899494199,3.871083867242019,3.338335269599621,3.282399065407771,3.2878600344679096,3.946795348316621,3.4333377233458298,3.75031593785436,3.8429038096432886,3.7649264241482467,3.787222004576182,3.8945491735676394,3.6434256779563112,3.4690234609763158,4.031349010597576,3.3560410835093273,3.6719826900839445,3.8564181753235918,3.7811204723610286,3.423927409924403,3.5592339638127846,3.874106484685711,3.991939952946918,3.2389949404421143,2.840626959293025,2.594724339530527,3.9542879406633245,3.3598475839060025,3.3932196200113287,3.6302523981752532,3.6773158597686857,3.4690143241935547,3.7142567090251717,3.8369564494054553,3.808661813060166,3.7945297008480408,3.8795381727956775,3.7082489149562154,3.8417658796501204,3.916463190157594,3.4296957052598245,3.877569390395812,3.606224217229876,3.9740012923465584,3.1740808369702402,3.955505904596851,3.878800721181063,3.949365042681356,3.940048019678958,3.554751822872165,3.4536297733364787,3.560004062624731,3.4339308405063336,3.489553001317357,3.5669482173418414,3.380015735946405,3.329638575204075,3.6580970963317827,3.4036300335968503,2.833132306794751,3.650850575443026,4.1028778544502575,3.7585286630191606,3.5752370810928453,3.5425577446100878,3.820813134015577,3.721504132413412,3.9196710346133976,3.578704990036566,3.5166452571527964,3.7299655424126046,3.559716923176089,4.0600426591090075,3.6989579852982066,3.7957133300284243,3.255248817715123,3.721898334700953,3.2025703037068465,2.6319424586102276,3.5938224792443165,3.0407882685941052,3.45321473654786,3.471212061983673,3.4782671997352534,3.7316524573504237,3.7708446283869717
3.989054937831922,3.596923059989094,3.7672899679542455,3.471762401407243,3.4999993533879956,3.4428223569170697,3.2358753128392688,4.19127581315038,3.7863838073207434,3.816744203334522,1.6841543393518428,3.059554063594606,3.8938537610473936,3.418440988486161,3.084184342383489,3.5289417755430836,3.4913859062669985,3.2394837372332836,3.463158807044136,3.481243115319258,3.4969468187116863,3.918052295921852,3.6862136595163544,3.285584691133454,3.2177792322781946,3.298549210026095,3.4789404409885205,3.248388231100243,3.445660487014984,3.6005228440237733,3.544225276405228,3.8902887244966564,3.516937441397588,3.4791422847013758,3.863557707329198,3.429664080389825,3.626550043474344,3.7438235978555565,3.6946562351611716,3.6064862182288615,3.6229423123510824,3.4185686086199256,3.6896188414640756,3.379621678158298,3.673111583948786,3.5760246708636796,3.573675322596366,3.535898023560358,3.4867529556797763,3.611644398307334,3.773667966456412,3.731484255914868,3.8546584717193983,3.8842438850135403,3.6659879964563444,3.3240825779320295,3.6749050586809853,3.5943444009710745,3.7516370015128317,2.741395075624181,3.013728293078811,3.777190635458192,3.257281616378171,3.377143781057548,3.2672664035993417,3.1818001512259375,3.9504981481175943,3.3203927769452934,3.3169240782881944,3.2343804116132966,3.3755765899047554,3.68868946936492,3.4881709086650856,3.688772410583086,3.3849834091358253,2.993850590484004,3.6444048622389746,3.469429147100775,3.5623790768765216,4.004944801690499,3.6855373883802773,3.612124858387222,3.6417691748220027,3.7952618560268667,3.6344584107150264,3.5409370415294927,3.6280551695673906,3.524820884107092,3.5207845825454354,3.777012617204921,3.971645844921661,3.984685176238061,3.801536946058195,3.4730644961510198,3.431107317513002,3.2893642634588187,3.634196759258251,3.5164353671835578,3.573971294977128,3.800777797520107
4.0179556536527805,3.6778256685568014,3.8685081744719434,3.5425578911920104,3.5936935406355848,3.3449084265108016,3.6552970195990455,3.8533524721144965,3.8159943081600196,3.868159793081297,3.059554063594606,1.76145170308689,3.705169218674754,3.380290853341249,3.153029105803377,3.6607718759657213,3.0166182039780507,3.4749420422218575,3.362209684277369,3.9093032310567004,3.6881972616676637,3.346597115413921,3.8037746114178073,3.1311880527678677,3.4458737679821785,3.553482614220472,3.770493540891456,3.4875804891192956,3.5622141178305275,3.244304881658385,3.7700765978572233,3.869276774610726,3.623028671273361,3.440589165135288,3.712420991742077,3.7822936344017397,3.8185536858818274,3.112673069026033,3.3089678529381183,3.3568321448332195,3.785079138315339,3.3572465194181658,3.4286533561668078,3.7041114451458257,3.6794797946994953,3.7241783086956963,3.5287542665075007,3.68986469075336,3.576786751772078,3.8434479669630015,3.7569229668138373,3.616985281637678,3.5460751159141455,3.877417413139197,3.5589222111261294,3.753747906413213,3.244075792183442,3.7826380738401597,3.577405462008105,2.431612500723302,2.781990828468074,3.902034986018936,3.322715906326937,3.1022111621692097,3.031137160935888,3.0678995830012483,3.6903106507491055,2.8873689256482846,3.114620944588757,3.2033729366593753,3.450507852295325,3.2125722197799123,3.5076141039216826,3.2806626137688935,3.0627844958548587,2.985530604039468,3.3502076432720154,3.3023297784698205,3.5945088851416207,3.8521607870566332,3.465104769362637,3.719345332488277,3.6537064764888396,3.33520794272458,3.6250295031044835,3.5029517088270183,3.5103543832796302,3.604170336609265,3.5925651620639507,3.759055598309644,3.931297676718354,3.3761759740011894,3.257240192261266,3.4862449143291405,3.424994505118103,3.697256885542052,3.4574152999683645,3.1055713307803368,3.5366124168291306,3.682092776835756
4.207535468835347,3.850684739558709,3.4706984088441875,3.260445185891815,3.3699122942139965,3.453560025037719,3.601303132585823,4.186819490059259,3.825916430752491,3.85743434425878,3.8938537610473936,3.705169218674754,1.654113712122409,3.9386942091479553,3.4900945417981624,3.681770967584849,4.0009957020968905,3.7808537192773284,3.9533485438178775,4.053788744178272,3.8973568877763562,3.983108174598022,4.20525561356576,4.167752618455028,4.168761124875139,4.272626286088628,4.108009557289652,3.7945191606507196,4.007895721618717,3.880936745545455,4.249787364963536,3.9453098959519965,4.119055019129806,4.087973416054762,4.301576678674823,3.9500355092268147,4.052507297704678,4.299708475223372,4.3303427460588155,4.262171993947624,4.400058910099774,4.109028812738199,4.090313657258542,4.07799654271764,4.048306446918572,4.266022753770822,4.190559436785694,4.128554834105965,3.7152238248735783,4.402763241106687,3.6846791981229132,3.7539352805597748,3.93151009011748,3.9702354491971747,3.942394826259533,3.876827916297158,3.8478177593929686,3.865901377099796,3.9521582166244564,4.136446500822438,4.230230720476038,2.4316947702793072,3.8281096533355305,3.8270821964576136,3.7184972185797713,3.5909769189810024,4.013944680739082,3.748984671763699,4.0249067372604745,3.6536620462248597,3.6429715904066753,4.121740083010438,3.892932121046236,3.9738450047192746,4.170547588498661,4.403298600233013,3.791101367710192,3.8107278433854823,4.097583908287088,3.810308207489177,3.989805367367478,4.097120905734805,4.045199545425829,4.078616905711011,4.111371964279499,3.986697161017705,4.007908671868083,4.269284068126344,3.8899114748271204,4.024106183175586,4.136827568809171,3.7414441565529657,4.042395949020048,3.9588644157229314,4.353131691479399,3.915274189706779,4.187080539616725,3.858190681014732,3.7920180907208993,4.300608274733292
4.037198283379933,3.5505864307315393,3.6898383416530773,3.659658808448864,3.5202730502983717,3.514907733593916,3.887668605534572,4.2146609786503255,3.7889232569448823,3.5065904297432993,3.418440988486161,3.380290853341249,3.9386942091479553,1.6366468640451297,2.9851565459994363,3.6633379990136854,2.7574229743170067,3.518750031368382,2.546329497011983,3.5869741541978475,3.3993320036688077,3.5720717664527015,2.7359708070295174,3.8415518828504758,3.7735678321820405,3.650386946316537,3.6986255188151413,3.2923747550491664,3.4959945201585807,3.396547448306752,3.6266089880941164,3.96793423622638,3.7436960934118084,3.329285769600872,3.9138428300812285,3.624600918998168,3.866995687917739,3.8036383876255164,4.02711169039159,4.083217511606167,3.7562522516089327,3.6486422385703166,3.904363325429119,3.5979591764246615,3.6628845215497714,3.8311291881347267,3.8408682780379504,3.5869358069482034,3.563371221077327,3.914974597987809,3.801980119336174,3.5407619148302727,3.590039489066662,3.4895470031788705,3.56309095474333,3.759791175995939,3.5093155302725973,3.7460763853925063,3.8481921073390475,3.6253422523494536,3.7248505552304643,3.6173054431323384,2.7562758821540743,2.6485010629930223,2.630318900500171,3.17269897044367,3.9569556185319126,2.7863764339401556,3.4020340616588167,3.4713750010730586,3.505812627849254,3.583304412684813,3.446734518159312,3.7173480003390793,3.6520352079268865,3.6183948901596805,3.49192232906437,3.545553563977475,3.7134361955872732,3.661894299195365,3.9722034052939432,3.8818086588492933,3.914111928801985,4.017327435315002,3.995655317699584,3.9109194121854136,3.6845313212487665,3.63108746320092,3.646428866752326,3.966981946715094,3.8730697282059436,4.002357064205353,3.88090773219073,3.5738444698809846,3.6368483280799317,3.5691185518186135,3.766316514291676,3.7220571435584353,3.534978524650805,3.806252640359806
3.6363383074115077,3.306470374961896,3.570184994976621,3.2446162039750934,3.2480065657809067,3.354406691993508,3.2813282040473353,3.903869155275306,3.552213530358711,3.530293899494199,3.084184342383489,3.153029105803377,3.4900945417981624,2.9851565459994363,1.5574973847998628,3.7464917671881044,3.5824652631922347,3.645324372166073,3.711678929441081,3.6302058505581796,3.4358555038648197,3.9035373107481535,3.7917642399258566,3.8241849242347667,3.924180484942643,3.913194620312521,3.455853372140937,3.438910029336768,3.100937123578246,3.3962974237374226,3.5232373297347714,3.5259699177371604,3.760051310821492,3.5204613725143794,3.65898125988952,3.7141488247242345,3.777847636421495,3.8250006847396105,3.7757725900343564,3.8100394380718385,3.7110897900027675,3.7339156890096823,3.6906331265464973,3.8124952908193492,3.7016373666174753,3.5016860872918767,3.747211004683137,3.777224333800154,3.670208893713491,3.970155783398359,4.015028004427639,3.8541148370977507,3.7268685294971062,3.865251526310613,3.8656666766275998,3.5680203198737273,4.117953928164855,4.018637048467955,3.7746837254626557,3.674269466517161,3.942073170635768,3.8195555714733938,3.174936952999619,3.357599852694529,3.288729311513601,2.3487954573451395,3.983198761141941,3.4814454909505295,3.383582293811527,3.5508946971745745,3.2219065768753747,3.647985051734355,3.388076331455079,3.767554462023136,3.95780516003883,4.098365290660025,3.101807993276628,2.904958754939298,3.903156973945381,3.783553420424922,3.806775934164882,3.6614273152010237,3.740542942166884,3.602880580616877,3.5460772377652514,3.501548853958375,3.705948832027643,3.560496711494615,3.633026609799139,3.7623765668562594,3.956801760690421,3.945172861584119,3.7666789635512425,3.586541554947763,3.6554337980793514,3.724548827826025,3.4973671473991197,3.385302241289868,3.6361234514581255,3.950593163262718
3.9584900734822552,2.9648987190312996,3.4910894879301795,2.913492327393502,3.2029158039657606,3.419911210550152,2.4817542993030433,3.5691879705823526,3.6400407840428723,3.871083867242019,3.5289417755430836,3.6607718759657213,3.681770967584849,3.6633379990136854,3.7464917671881044,1.5786207824456548,3.7893551004482444,3.4799614672042383,3.902347059686598,3.8313310796890137,3.7748249341704034,3.9870809172031674,3.799668420608182,3.921932911505487,4.09822570478528,3.6958158463333257,3.794580897415975,3.7055158427018715,3.8991160241703477,3.5829466862184893,4.041208937363576,3.561898892445998,3.4222439398371995,3.824569406011567,3.9574636716657356,4.0353710943090375,3.8486630332860856,3.6009666277100303,3.746033687661576,3.863428928168812,3.686316175632626,4.238348986174853,4.014900117609344,3.467058450253326,3.773362493416772,3.741334200876291,3.632076200043399,3.677437535505003,3.869618281615322,3.9862232829852644,3.565557326145008,3.048198957256293,3.279832446605843,3.595725847348329,3.495579461235006,3.8208578666837028,3.1313321668516245,3.564285948054299,4.1956320192946075,3.6803734638275603,3.5603118925704655,3.4712585735301484,3.6934358799937033,3.6939267755280563,3.8764777956290537,3.6316128805678956,4.09052284631462,3.7597643131532483,3.8420871874511247,3.4223216560613663,3.6079470076342104,3.958935106149628,3.791114419326588,4.122536575925406,3.935559971806648,3.795299128657483,3.7589815641757958,3.7012043197960653,3.8722153037855147,3.6609369846100233,4.031818536421791,4.178425925367792,3.784780747772371,3.991453856984661,3.719481554069737,3.8699805793189253,3.866744576451887,3.6996806871324166,4.037013737882767,3.9448556605934773,3.8307543782812674,3.8974962435703517,4.055411322342358,4.12073950315329,4.143449417618858,3.426559379357395,3.89570784117344,3.7914214454169843,3.857547139032852,3.951845807017359
4.1431719575082795,3.788606034454897,3.7795705679799694,3.547768695650321,3.4909979109371805,3.37271349705639,4.027315104341045,4.078554126478573,3.9869056169962676,3.338335269599621,3.4913859062669985,3.0166182039780507,4.0009957020968905,2.7574229743170067,3.5824652631922347,3.7893551004482444,1.5695496934734763,3.2471537632567453,2.136107442746615,3.5975022222263737,2.8296363719450564,3.4125486960168,3.0995050065795478,3.5710692574751857,3.7722567724000173,3.4950196316307203,3.7406192655393053,3.8342608022652622,3.6879201748093733,3.6889268201589305,3.673950792567509,3.656204559248947,3.5405047059774892,2.8933766969804906,3.9306562959728524,3.9371182230110593,3.665093677724948,3.6484124991130313,3.6904786293379144,3.55898769262552,3.8606349702505645,3.5806848990300018,3.680309447441479,3.8365054729483594,3.6731179932606506,3.9095739382083483,3.687405349479141,3.6560044093507793,3.884587858526454,3.831643645907213,3.8209070144694186,3.7829334715722878,3.6616247732071336,3.7317380047671116,3.7257979872829123,4.100940550520755,3.885250480952605,4.031479589678316,3.807988915951738,3.368884253881963,3.3963257435647987,3.778084316383251,3.1379311498662243,2.8974251155993875,2.8088484729270915,3.3941937968271487,3.887310499999041,2.2369457893268185,2.946054333100439,3.4786031450601715,3.0191686374716333,3.625314445115377,3.1461629928378843,3.5020036266486976,3.5848651507348013,3.579070901975691,3.7843364845242324,3.7150530273916065,3.6610292022734092,3.6051479276741145,3.621876864025829,3.8266491961305498,3.932710297348723,3.88902750873081,3.898611132754476,3.878135841074139,3.6376658094708567,3.9973832573237327,3.9153099661130306,3.641869410434269,3.6123685653134268,3.7621364454996566,3.5498221374781447,3.843788248601637,3.6714825380007023,3.665037213424652,4.098220912713513,3.885098902675418,3.948489086362149,4.136954118445778
3.993426806187931,3.2839669814154284,3.5072422730005113,3.485333168293831,3.2195665859891918,3.3972654509614997,3.4778847917714346,3.895972717959204,3.7894464328608333,3.282399065407771,3.2394837372332836,3.4749420422218575,3.7808537192773284,3.518750031368382,3.645324372166073,3.4799614672042383,3.2471537632567453,1.4299109796810234,2.820091864617357,3.2647740295776786,2.627068843598318,3.7792403242785557,3.485302689310198,3.6113218468433823,3.965927525249358,3.6571970597641688,3.3908886817644794,3.4353476385615433,3.6141462055171387,3.4898261351066426,3.3250295725455152,3.317910070370071,3.5441071151195227,2.7189670448672123,3.7135906491603565,3.2567317967668235,3.8949898806965746,3.4556322264938637,3.390087572588699,3.3936839295125485,3.8243287795933343,3.0956647932662062,3.314484825928356,3.153637775423575,3.19815276320766,3.645177340869895,3.7526174401066963,3.507603107185332,3.215247846553406,3.699797122820296,3.7107294856629145,3.330975332453672,3.648685308197746,3.4835519660936045,3.636250035598186,3.6182006136404516,3.122160379938439,3.7424974896393124,3.5776425808045054,3.8063535813606824,3.86555979525959,3.9235967349675125,3.8286339495572177,3.363002646110389,3.2583835404485457,3.6387600216776734,3.6413622534876913,3.4489392761086823,3.1615684970954554,2.098084055816955,2.619855675180218,3.8163293447730755,3.293814289592109,3.024878616018699,3.458945545468282,3.695138200127006,3.6188268344710104,3.7205164070737786,3.058438844237824,3.224397110545436,3.52426666453281,3.827809540191505,3.6920116415360233,3.9492263065436926,3.644417353869806,3.8998138629853494,3.8202957527917496,3.683131653028408,3.2414178004013383,3.22790406686974,3.669144144605481,3.526573382783872,3.3721012387776734,2.880233787420538,3.0739665522445843,3.0780626060029235,3.522743382082358,3.2943061398949998,3.2205340283902837,3.5329509785029463
4.25387247915036,3.679209785257443,3.5952764446748735,3.6647418342892286,3.4609463649431205,3.3897896291380487,3.956412062789279,4.329413138656108,3.9515220476131905,3.2878600344679096,3.463158807044136,3.362209684277369,3.9533485438178775,2.546329497011983,3.711678929441081,3.902347059686598,2.136107442746615,2.820091864617357,1.5425801970197563,3.4998271311204925,2.4767854831737197,3.414896692985911,2.74370621203139,3.8913314324464503,3.9013021209696723,3.556342315007176,3.386945539505826,3.4597310422430474,3.786564487736819,3.279322113642802,3.5710414230723653,3.679486087519945,3.6416982397977016,2.6838024461623053,3.5990647564147276,3.861668977112278,3.8043199669299166,3.97606771388437,3.79463960123226,3.7682207168507507,3.8599141737191527,3.2963621333227113,3.5344180810886168,3.3009855078624026,3.293788309012513,3.8479978368082404,3.521938773971236,3.407796705762829,3.693898434830403,3.8975650127969983,3.57572492719775,3.5457393554432532,3.694889414973921,3.298482410466642,3.728254330595923,3.95332483254899,3.2718111115644306,3.942036012965922,3.7046494996293085,3.597577248446154,3.797911040111809,3.7150695774636064,3.3361381000916976,2.677117699410657,2.6946447595727765,3.8215826086592735,3.728330696262897,2.4251242160759814,2.917932801427366,2.856604098874127,2.979199513255781,3.6944740861137606,3.022645642398492,3.257947418377771,3.5596332038815865,3.5110135181519078,3.937866175291403,3.7866635328806124,3.7276716490853232,3.543752415035765,3.6084136584656523,3.8305769028401726,3.7022437801356274,3.9616815822780174,3.7885217106294813,3.9102650202567504,3.6989729478956357,3.889927774370818,3.907205340509979,3.452785436574833,3.4848793978143897,3.611818297931452,3.4757058717797866,3.4039538572335113,3.237851193769265,3.176691006131803,3.8376710087685453,3.493829007318809,3.7584398705042306,3.9223387725706518
4.148941192575014,3.7571401098828536,3.950430107728112,4.26457804836566,3.637380747900446,3.5887058100105764,3.551162431568987,4.115061733092346,3.6126274959042295,3.946795348316621,3.481243115319258,3.9093032310567004,4.053788744178272,3.5869741541978475,3.6302058505581796,3.8313310796890137,3.5975022222263737,3.2647740295776786,3.4998271311204925,1.6458522619548146,3.3185917626762973,4.128057128891254,3.7178741949843666,4.150746556659813,4.288300909430507,4.0682246283526275,3.2374099515579258,3.756503200655629,2.9829647659482768,4.147725182400777,4.1944366004462195,3.8991539229637353,3.5304542740353515,3.407046863770767,4.10074278349911,3.3281186797016247,3.742938280559848,4.099378059804899,4.246239514981287,4.218974941666184,3.9629292886793315,4.234541535432726,4.16159590847299,3.67411330772794,3.7351926630059604,3.8487581732602525,3.95673478628944,3.332133780113412,4.048315869592197,3.5650703156719117,4.022033747097751,4.1783224075744485,3.7624288129953616,4.098575299311254,4.175631026953348,4.031348000371334,3.935511677320208,3.809197175463853,4.137221561946409,3.7286518293255875,3.9441446962289772,3.9465666726729056,3.8941148941702584,3.9729009972894676,3.896363771704136,3.427386370899685,4.2555548909397665,4.045223114961429,3.8041299254253653,3.204833001106495,3.277467899549792,3.988798554234573,3.7683380249295393,4.14479096419874,4.128655136782137,3.9015886717627426,3.300712352369197,3.762993240201106,4.165202110598047,4.089756495816079,4.081264741844119,4.0436629607007255,4.129439353235538,4.007136630421671,3.7888950112522712,3.7586016083175964,3.541206235939342,4.076658891065057,3.5505684189948297,4.0086486341243015,4.117878634086722,4.460946687601083,4.191566386003864,4.227114593385465,3.9924127068954864,3.851765200721693,3.927799055391581,3.4595304986539714,3.9833317236309176,3.5502078901189624
4.209382811923268,3.6044556579294333,3.6305899485078896,3.7869843755282626,3.391311926580588,3.438938551425264,3.5238234528969516,4.385071544560763,3.758774271103094,3.4333377233458298,3.4969468187116863,3.6881972616676637,3.8973568877763562,3.3993320036688077,3.4358555038648197,3.7748249341704034,2.8296363719450564,2.627068843598318,2.4767854831737197,3.3185917626762973,1.5741100136122883,3.984792590688157,3.195452551125982,3.7506341449314777,3.7676943859243432,3.5441976022712485,3.227960037277124,3.40713109883192,3.4891057593925168,3.5058715710629347,3.295941994220887,3.7168490060455257,3.412683615414902,2.9643723380443414,3.7482218497987305,3.54680756470811,3.837791044788402,3.813001089054439,3.681600854013328,3.587064930886572,3.5874119434156593,3.5403058595749513,3.695035309570594,3.413620336762133,3.6237468436812703,3.8237710491416825,3.6179552485732063,3.2623502192668976,3.663305862710675,3.6220818913125186,3.743960547553493,3.4963685544626255,3.6164576727126465,3.364998955375383,3.4031884894843563,3.796974472682495,3.4513748833152387,3.6681034879299976,3.8257789608203385,3.5324618922320927,3.600217111600544,4.149572562320375,3.6759871005584746,3.282883460676001,3.059790208601777,3.6059409285067363,4.020703287000891,3.209235459330132,3.1995552796737994,2.7955369355039528,2.196742630666143,3.8662613093282143,2.873675450057252,3.4959200864622795,3.604396039151106,3.4100030201175406,3.4932491443634057,3.5634046660717664,3.555682566474756,3.932669159992767,3.719130528275915,3.746875326203107,3.8178968304910206,3.9451384460309087,3.4583528464128177,3.90534875451951,3.5816537490366027,3.335686793998678,3.6028932135832563,3.6657283442773334,3.9928556378931703,3.9309855994361627,3.7050884172961744,3.4737782449610997,3.4560277813779887,3.1179006862414114,3.8428233531725646,3.417073471699081,3.685178379571007,3.628029204451842
