0,1,2,3,4,5,6,7,8,9,10,11,12,13,14,15,16,17,18,19,20,21,22,23,24,25,26,27,28,29,30,31,32,33,34,35,36,37,38,39,40,41,42,43,44,45,46,47,48,49,50,51,52,53,54,55,56,57,58,59,60,61,62,63,64,65,66,67,68,69,70,71,72,73,74,75,76,77,78,79,80,81,82,83,84,85,86,87,88,89,90,91,92,93,94,95,96,97,98,99
1.5593227562656453,3.3847650481963325,3.3616895487279734,3.2019688186249984,3.4591054398985897,3.306042806920684,3.2261083601503544,3.250039608477054,3.383879892627649,3.4330973907968554,3.120585305167,3.485177218715068,3.704877291557171,3.444372979755361,3.275895381106998,3.431902357181912,3.562148877207828,3.0060905198852663,3.4990531083999326,3.5693630349938537,3.3876326306560474,3.238382768667562,3.1028954676978318,3.4248671510192352,3.630825342294267,3.432931679358177,3.6592881106084643,3.751493547265234,3.36732671103148,3.4715718531991326,3.0374689498556613,3.4976328142126074,3.1842685440578724,3.1444996493889255,3.348785615392962,3.527616274711607,3.695708472539342,3.84977907970889,3.421989120654311,3.491777020011597,3.3318485155173194,3.498149425393171,3.60137787318259,3.3693068032948394,3.575191310470216,3.238908958049053,3.3455741831006374,3.3290082142613207,3.4022895301437903,3.5585994426555585,2.369563753448039,3.2996364608446633,3.287841257080665,2.6134538759144967,3.4609352560661337,3.4739524996401534,3.1952525308135153,3.0807616508405515,3.404270950248412,3.1631741254614667,3.6595397046381684,3.767508210701903,3.780694799913544,3.300150343450092,3.483719130098867,3.3482985265108574,3.175790298563693,3.6121399809920347,3.3654608465401092,3.1748964286513175,3.2609331407942936,3.440560973194896,3.1316489950371613,3.572537220737062,3.6468066378988215,3.076434682529165,3.4207574318451672,3.456779564395156,3.416974855185062,3.648918184814301,3.620244903151106,3.051719988278196,3.5725871580914275,3.4806942877449307,3.2061061063341074,3.35024347431129,3.500411383758594,3.7298027641776392,3.6323764264717533,3.1662555247593263,3.4343990251713024,3.3976546445593563,3.1632858447945797,4.011992973297177,3.6767163488374495,3.7275508229050636,3.0985376196081345,3.208972207669297,3.2389438392498158,3.3611168393245596
3.3847650481963325,1.5621073937841823,2.8519006167774674,3.803175980580407,3.5810208768708702,2.693428612741797,3.6425320942934625,3.4621036401659473,3.7766693351914093,3.4964184568263255,3.060160261410843,3.427875300631922,3.703949340017332,3.9160006873571875,4.255250991768154,3.0991318851791454,3.772249062813631,3.1534434203299013,3.8267713706636406,3.14274926156563,3.816015853424206,3.1053042222611276,3.506077285733051,3.8372223806607155,3.952960287615011,3.852754475988081,3.2236641959552252,3.5971414212410777,3.912559836998029,3.5174108632406513,4.084561176232403,3.7993145260280747,4.106948157928184,3.586402357676536,3.527376946938745,3.996065352713106,4.071989217408442,3.9618681047643176,3.9591423260864893,4.1472064377532325,4.289766268501721,4.121616301725469,3.9378746816133354,4.17274139433309,3.6266041348851967,4.068301695937065,4.01908223471982,3.9682592720580514,3.088254091048893,3.8627746473253177,3.439741854140611,2.7081311113884543,3.4302029731193873,3.9074155769340346,2.631191646997988,3.1922479888756206,3.259682694955681,3.8288878063470726,3.439324818575366,3.8198396730354487,3.291265639889759,3.6944300867095032,3.6446934393053025,4.052698898077335,4.073944155097286,4.2857858119835,3.9826982900423373,4.155573000095552,2.9821455389872566,3.0355816681998915,3.7244817748979338,3.0182453034850556,3.4365601968481965,3.6972125993428167,3.644420578502986,3.8410715970098037,3.925565980735905,4.049809085997283,4.002618082747483,3.915714796000878,3.5746782287733336,3.426829769353982,3.581690588094557,3.2144522343641233,3.6845802088944035,3.4750492104289226,4.195023392916409,3.8580872932457146,3.4921320769619513,3.6302768346634315,4.011824931471924,3.9139554246048265,4.053936474463731,3.8522411079805057,3.5712720252949977,3.907091981011215,3.8390413639689225,3.615971913571896,3.682089397210092,3.8541355233135572
3.3616895487279734,2.8519006167774674,1.690120097665627,4.337955229738384,4.024456649327163,2.776596605494123,3.4949104718246238,3.62371440914286,3.6217009111167497,3.7406459821813804,3.315405660685,3.2335815189851305,3.6608869014482885,3.5353600842812503,4.020715573179937,3.2225754981645003,3.5724216667135056,3.518988116690969,3.6283446106392643,3.354820078775802,3.614698651439741,3.1144948366932192,3.4699098596933826,3.5200306080388635,4.069800449040328,4.001313333520855,3.0629734186684896,3.9376121922387,3.5047926528643307,3.2118992619954785,3.7619280687084133,3.8799877709930453,4.044809783357752,3.939953336385495,3.6757515177449545,4.151711794675285,3.954528214302128,4.133428210656051,3.8671122467263013,4.2388746530409485,4.473824854382826,4.16714276237387,3.8325651933560048,3.9497352052679027,3.9508739681961416,4.200911075122221,4.21459349649395,4.041446625863293,3.4271522538190795,4.109219162254197,3.66211560625009,2.617807184433246,3.853412796758392,4.58801634436165,2.3916240645826834,2.9619025647844466,3.9339023758950318,4.007391332168051,3.5287719393340673,3.7479039789504256,3.0687121947731977,3.5966018809340445,3.4361167243017268,3.988999596123329,3.9971574426469796,4.031470399522077,4.352597554367948,4.334645858406184,3.7496684939440907,3.5732694587981384,3.7263518920829526,3.590651993318382,3.789909716041342,3.9405713451599733,3.5794135062056394,4.227854415896618,3.818034196192783,4.050124701648493,4.4392531171453395,3.965537396795044,4.027174693673466,3.608223291450231,4.152040549031317,3.824150523280463,4.393829542600227,3.9500902840215333,3.7264089194448577,3.8323122728944807,3.8479561634434285,3.8161511381950675,4.141292810241065,4.383028342437201,4.137082543701493,4.120174803286641,3.448327622045815,3.8762089993980293,4.052319121570771,3.598828933529997,3.9041787197498388,3.851658282800562
3.2019688186249984,3.803175980580407,4.337955229738384,1.7684251033086187,3.027226984289225,3.6552174022673065,3.1956330789611007,2.903599931749177,3.6085952842841,3.271359525915436,2.95617022029731,3.251789373897598,3.5073771313315785,3.6003504244836715,3.771622473729847,3.2246114732776467,3.5739361866497177,3.1975984301909532,3.608746381277016,3.4294505093869674,3.7047289443842346,3.065608569676686,3.3866717233151413,3.061254887520038,3.620177216108343,2.8553313252499266,3.1556179108786466,3.466206541005365,3.3847760396001036,3.5637006384958534,3.526501090354781,3.528256597981509,3.6462705904445185,3.3341058225303657,3.238829696555478,3.315659058324677,3.3642417851810316,3.421951892318902,3.5983929099614245,3.34450816382648,3.3504959930147633,3.363105822166184,3.699838188017062,3.7206973798196072,3.11960166034166,3.2586676876916485,3.6412253158547454,3.3171747013710418,3.890270816562244,3.357748008706951,3.4937596862996707,3.4022151329376182,3.148377253623817,2.4990541632924383,3.6723192963371143,3.604346013666698,2.678055811662637,3.352887536686931,3.0829842921889057,2.7433856224001745,3.156272553073632,3.5851761105693805,3.5783013300710196,3.680038221303421,3.8864718445538955,3.6581192528041235,3.552058921405101,3.7013217033920265,3.1586702685616443,3.2064961364045796,3.5495039253767735,3.273556944398113,3.2969737054110215,3.455582797927235,3.3479544409499096,2.978554341807147,3.672147118645537,3.2999008991313294,3.442271532219313,3.6138364910996583,3.4737951335955284,3.133466336090181,2.958528576548957,3.1374084296036067,3.0946824559796977,3.069853309017092,3.594934594937637,3.399528694590851,3.497478747013675,3.2612148914213868,3.1609392627365605,3.3108407573639385,3.388955999944119,3.53979518029895,3.2687431233631687,3.5855902812555516,3.1601648059904632,3.228661636598674,3.8934255972821252,3.4334073592208845
3.4591054398985897,3.5810208768708702,4.024456649327163,3.027226984289225,1.7720737140947407,3.0628930620718617,3.2065584847973576,3.3148624923538117,2.7672431132693394,3.2845997503944293,3.2417896352064512,3.222226099858917,3.4645684312710885,3.17056864303327,3.272696489797467,3.2023369683385585,3.4065599815084973,3.305179108875593,3.1323063321410256,3.4229407346036367,3.458881657284728,3.290047147161627,3.3970850835976156,3.2829424973436314,3.59100342979441,3.546972698790879,3.427440228113091,3.4473683432847855,3.1966515501397343,3.4003319967290273,3.570695028175799,3.0787427123815516,3.5853141214487407,3.4556361893227066,3.513908481776741,3.210852640456474,3.5641222731469813,3.5774818723782666,3.5745073262368448,3.3871398958179153,3.4306606781894717,3.6215468358849665,3.8433327278868177,3.514425597651916,3.12804471456936,3.423345716699339,3.603653422549293,3.5680675080109543,3.4540724121100514,3.4743367665825526,3.476298556284364,3.1870013407899918,3.0148886759655733,2.636348255870389,3.0078667301138218,3.175469205920254,3.095856528468424,2.656480343703582,3.181760005658977,3.2223380943277187,3.1966963577236207,3.375848253580648,3.127351924184093,3.18320083557003,3.320001534416395,3.155124678603401,3.697273709430876,3.393191111696325,3.2958546282322145,3.296190720010521,3.535230327821833,3.427609717368646,3.3723707503007243,3.373759021850183,3.791540407117861,3.299844759123982,3.4248376764939166,3.4179726649395614,3.467256931305093,3.3707533135820067,3.5995872091920726,3.322824307358013,3.427238402674797,3.459593530142832,3.006443721962322,3.313954331410292,3.7875043233467784,3.613153785140167,3.564490623809757,3.4630111020220378,3.801931413512245,3.5170795921990905,3.576515619857082,3.408953010283926,3.2016055545839555,3.602942465193101,3.607596431718313,3.6103980185695623,3.816604137615922,3.663286458643803
3.306042806920684,2.693428612741797,2.776596605494123,3.6552174022673065,3.0628930620718617,1.7769145068602177,3.4264589851098526,3.620126738080285,3.142653915926707,3.5712002427149123,3.4008669608064803,3.345370210725869,3.370800662011892,3.869267123933599,4.129988302704374,3.395850649422588,3.6367920275100616,3.3837130929259644,3.811497086542256,3.0234489667596707,3.794004594134103,3.389426645541645,3.6466627907584224,3.660067576980468,3.7898982442731195,3.863936799510806,3.1468089464240125,3.7942020887961445,3.564808605476494,3.578660688875362,3.276106205552417,3.6816172876816675,3.6522456990690393,3.8100683614848188,3.574607392541695,3.6642196305320978,3.6930428062658063,3.8362657554675783,3.8116004085599235,3.7662603265046237,3.8740748529129094,3.655907568168978,3.8252300384322333,3.7684975958449343,3.6416442692586903,4.005167818817319,3.9917305655309803,3.9785066454649103,2.890826721513957,3.9159127070853375,3.2481663333868576,3.035202462799979,3.661608578861583,3.63313571527389,2.064911747294765,2.387354132548499,3.674746838651589,3.2703668136928115,3.6415082020332976,3.537857656819825,3.339563624872542,3.338105920417528,3.5034485020648725,3.93789503721445,3.996544371482627,4.142141841701592,3.8309961552633114,3.739470939762341,3.4691820947313468,3.4297466158136016,3.6774705992733896,3.416343284896253,3.6251667864996207,3.7114220279382604,3.6141785316641224,4.067898714208246,3.429893249201596,3.8242045138725427,3.744619126178423,3.694373092670032,3.937768315052379,3.322061991927427,3.418179366770566,3.599439684554088,3.919178393771237,3.542645789494036,3.843516556547669,3.953004591823059,3.497150406400448,3.7125020334918077,3.658616598355151,3.963447765579583,3.723701734544613,4.042599020911531,3.563034248540107,3.7196984695689785,3.7700889695398416,3.6339766426350795,3.321450065048121,3.9073266428830684
3.2261083601503544,3.6425320942934625,3.4949104718246238,3.1956330789611007,3.2065584847973576,3.4264589851098526,1.6958541135732506,2.5724366927287394,3.173449970788111,3.7270381926051614,3.95319682896879,3.65045355581255,3.4647236748190826,3.5893103185429496,3.075299416088512,2.9031176477017535,3.2089819515586555,3.060972569314774,3.34256674923149,3.282636893224707,3.359142717051387,3.359722178190083,2.9822932114189546,3.800360412194356,3.408026023695724,4.056069738582759,4.057252470846809,3.6600496495402646,3.2557128113697265,3.6162891271849027,4.1218607450562335,4.121816338852222,4.085479495630954,3.29264637751162,3.4225930166695018,3.749441957783494,4.067904663785252,4.122199269832538,3.7231463921591694,3.5819824521421184,3.7029351364078202,3.8285031757956687,3.678217197231414,3.9251809845863983,3.7617575025609242,3.730022352251226,3.831164625877579,3.9675938198114054,3.6407376808360206,3.944772230141838,4.023063905287166,3.3295395600203785,2.8376512459849175,3.6632625286895135,3.484815011093734,3.647749967766835,2.95828396361846,3.2004848470374556,3.646292622638865,3.972152914612394,3.678456263682314,3.5284109480945416,3.4409525828309357,3.693958649003,3.7267945111404286,2.9809762981014423,3.579497729693842,3.2817375308178485,3.27617194036853,2.947250453708604,3.2560369483646308,3.3973090091406513,2.8949585781512135,3.599009354289924,3.890688938801682,3.7602801569696775,3.058447371599582,3.685328382536925,4.116226503716645,4.11903751547887,3.768313079216106,3.7503443958736806,3.5189793176171302,3.6282859853520075,3.8721358189891912,3.748545289763243,3.8801154659826365,3.942383675731657,3.5342140286348234,3.7679831261495402,4.094463540823802,3.6336417046569487,3.9915608288614806,3.773340343099812,3.8551969332943314,4.0826541512154435,3.8344718866355536,3.7967063344601315,3.9379313671958824,3.7647337009067585
3.250039608477054,3.4621036401659473,3.62371440914286,2.903599931749177,3.3148624923538117,3.620126738080285,2.5724366927287394,1.7374165500611916,3.5514977557665572,4.130781904626624,3.7830069194101803,4.161308520701086,3.5797747362133436,3.944516338449521,3.6375039708546613,3.1634406892957885,3.930193933250286,3.10444746858441,3.7464570604528054,3.5123020108802336,3.6497953210015393,3.4881748207764045,3.2726533257970045,3.9866186958159058,3.163868466433172,4.1292050563114335,3.8226309045001265,3.9014478042249103,3.7798746888451795,3.9097972927378257,3.9349142909455357,4.2184043386052394,3.9956270174114232,3.2776707939019563,4.043854331121705,3.8011239736171727,4.236656116211943,3.9991983818299257,3.6368668704759797,3.749863546596539,3.9552336208624213,4.122059321943922,3.8414098323078085,3.9347100351023236,4.0437519849019035,4.304036458771162,3.7725547699501774,3.7181138903594615,3.7895441547070825,3.8557137649832764,4.276265554960232,3.390561111256823,3.2254589183007973,3.783218719327904,3.574423180340743,3.759679857651157,2.6441138093401584,3.7816565487997527,3.977802765002727,4.111528359628731,4.044095679749924,3.650248289924921,3.700440986230127,3.9704957234979594,4.177450802256717,3.6015527886326417,3.8130664148373974,3.5237368863408043,3.3007754713216744,3.0184259993798146,3.5476683638758746,3.3465996238267115,3.0871462574395205,4.079142433897298,3.891096377274563,4.082777786534367,3.5624170448107666,3.951119944646296,4.021927962211618,4.027342541165168,4.227985529779212,4.110024190454097,4.239931112610834,4.111144079777527,4.718289908733388,4.3010657836491,4.095245234591298,4.09842016221069,4.047609137212396,4.028943344139531,4.282353122644994,3.6018446997814606,4.056732049848577,4.266783171571679,4.0211604188055805,4.090075944575023,4.303876227574592,4.0487006976288615,4.295851754515631,3.9689744253885046
3.383879892627649,3.7766693351914093,3.6217009111167497,3.6085952842841,2.7672431132693394,3.142653915926707,3.173449970788111,3.5514977557665572,1.9315273797084582,3.5023079467803493,3.2412037485726772,3.3536913757998525,2.907143687670263,3.803601976497961,2.9385920143429254,3.6889258740083495,3.829133606987183,3.5543864530472176,3.8167088985680295,3.133783810693858,3.397074373334349,3.732454483706873,3.406902737973015,3.034813050865955,3.3647347603014843,3.520736329598345,3.6982004102290005,3.496691181040487,3.0795641895766757,3.5717967808508155,3.615029507394692,3.689318331948659,3.8129732488709207,3.848804007339432,3.624182982402723,3.8354624955030334,3.678774848682175,3.8357416515569778,3.4054917617090124,3.011314565169725,3.545282870000117,3.542613789514303,3.342879293187809,4.0116920329601005,3.5757169002335956,3.5184668277362205,3.2681586446016784,3.702022366304053,3.2307231713895694,3.9376476774127425,3.665628070075553,3.2113208801595245,3.091400634807541,3.1263741862548384,3.1219312315425567,3.2223480944656413,3.3585647154586526,2.343424492840926,3.196533939143683,3.2583478477984693,3.3400470471271553,3.0546987130814283,3.4593182009193657,3.6972434358506,3.4477428754210164,3.0556534205816552,3.0609306148111792,3.7034245687416365,3.825347189548693,3.5908130299410623,3.1426154196381804,3.737990927089996,3.3832261316989167,2.968823482566533,3.713527843099356,3.0948127188948336,2.9085041764146267,3.6630788125351956,3.568471186457252,3.733447966419044,3.683672951185116,3.499582401070159,3.4969987548936197,3.699333766551698,2.8771604647957543,3.290017311126275,3.4918432722290405,3.6140123121915684,3.3329142910930565,3.5865275163638692,3.6669695876685053,3.6500946238610004,3.233016879107929,3.081748688160055,3.2137283602190014,3.9507123250038965,3.3452243244019644,3.3983069243902597,3.4739589068502377,3.654025353563411
3.4330973907968554,3.4964184568263255,3.7406459821813804,3.271359525915436,3.2845997503944293,3.5712002427149123,3.7270381926051614,4.130781904626624,3.5023079467803493,1.6166381137125037,3.2984990694388747,2.925344764159711,3.7640410224687653,3.7641843612115404,3.676509331898567,3.7267605782159454,3.4908457914793782,3.91038929062771,3.6282335087373716,3.391475597004746,3.7378223719041888,3.8482444369835016,3.809597237813538,3.2383924221702656,3.4197854794049984,3.273717612429835,3.4156951580684267,3.798773671976837,3.5314032314678157,3.727774350019909,3.6166952988280934,3.9939049019150743,3.603947068887448,3.7573792975923648,3.813237406307519,3.8358904776292064,3.8268234137421446,4.140341276009939,4.029380307054036,3.7435583158440884,3.892723398355313,3.776003979842898,3.8172283278130315,3.7334580763230933,3.9069089292381722,3.7006478946946078,3.858849248545632,3.68217289516097,3.535179293274716,4.103983750596589,3.506093025766506,3.8208579129350997,3.8556175592740964,3.4934342125694426,3.49431696232951,3.3585937870434903,4.075730502016161,3.5060197690968904,2.3518546716435913,3.528368053553159,3.0432846083295906,3.6528571335315214,3.8059469995010518,3.7932902724976976,3.806715735960049,3.6307262706913908,3.6407686384385465,3.7264051637260884,3.6058165428478786,3.924492834012156,3.5310004712861223,3.978676177747132,3.520222976849559,3.4730926778312603,3.790101147918706,3.0751998282380346,3.414889685231034,3.2542533355663745,3.4423864815365595,3.9609180007496962,3.6113579456456644,3.2505129558029306,3.4226852102817533,3.521972825135648,3.173472612954888,3.256136278640428,3.8461739963648425,3.5682118110684486,3.516943132961214,3.553273095823962,4.1468551694780365,3.2883140488469325,3.8805093333610965,3.7093210986912966,3.5729532711737213,3.838049238000096,3.764602960113527,3.6637518727067957,3.485553605690292,3.9585934372009777
3.120585305167,3.060160261410843,3.315405660685,2.95617022029731,3.2417896352064512,3.4008669608064803,3.95319682896879,3.7830069194101803,3.2412037485726772,3.2984990694388747,1.690604758004905,3.229330267389448,3.5725622105239467,3.733836048644973,4.147959926219623,3.495366673145788,3.60610436070126,3.5284745339864703,3.619050154534137,3.3564718811290284,4.012367069163581,3.6195714608717227,3.649067458597579,3.7247308703498168,3.86150194450959,3.487676399583396,3.583814016166951,4.070622869314718,3.8917672729346284,3.2612648338271013,3.624657804367058,3.6967028025676485,3.758900479419359,3.844396469366356,3.87932090404654,3.868354080355205,3.727310118358912,3.8852982612632903,3.7736975975320397,3.77950417653808,3.9974229795614376,3.7346891809093083,4.07627864469453,3.883366581964192,3.4821383503986976,3.9459506544293226,3.7662879617089633,3.896141535940008,3.696176064743919,4.274709597796563,3.338758607105645,3.5033790761543044,3.6751520031398663,3.6097624343491135,3.3352724633940376,3.7025937863920104,4.003495519091055,3.6887412342362387,3.417547231950393,2.8422984021084985,3.063828362943587,3.2714351196476468,3.444552980436389,3.766879929517943,4.115820107026551,4.029463238904686,3.848779078121513,3.7964297357718997,3.398554106203137,3.681827010866366,3.9506247885316053,3.649365563351486,3.6566624731815924,3.7310597874694715,3.5985871948637436,3.6823469699086555,3.976849186708475,3.7590530938883453,3.635224790764785,3.8098913836913195,3.561719221367246,3.24383528624726,3.0821067767430033,3.359412256721598,3.353813246948003,2.9908113203657223,3.9307617139640936,3.701233398310757,3.661694434377981,3.6422265721437967,3.865700810082434,3.566099469132801,3.9724144678011526,4.112403918460625,3.2091901617788205,3.946675572543728,3.928405635427529,3.4177470954606206,3.9351451669719726,4.093109178440624
3.485177218715068,3.427875300631922,3.2335815189851305,3.251789373897598,3.222226099858917,3.345370210725869,3.65045355581255,4.161308520701086,3.3536913757998525,2.925344764159711,3.229330267389448,1.7769179172022769,3.293873819633293,2.9327918185383703,3.3934576210213367,3.1621152756759567,2.6609775492508163,3.147714865235106,2.766278720436166,2.897828263577534,3.2591659191158566,3.073653730196257,3.2439720287682228,2.9468789094640235,3.1252008741803987,3.1493469192388757,3.033357582577913,3.675634053495666,3.0133204909141584,3.192010180799529,3.2396109999388627,3.0843707254645016,3.1258901712858536,3.1528922004282114,3.1963281403277675,3.316552184566993,3.3377481417607697,3.0832748079309935,3.3806932765761357,3.3656939568181374,3.155600543658381,3.2477745507869886,3.253520746590521,3.604164215362273,3.425908944638981,2.8784735536852155,3.2578583216174155,3.1555724736201602,3.073543227937843,3.177996354381511,2.79266415066159,2.8977433502350207,3.0524321258739917,3.0160772632342585,2.9233876454195538,2.834164321686177,3.2568255767494683,3.268398999282223,2.5973730461036086,3.103172077883126,2.2920833163086685,3.0302898254853905,3.4187067421466693,3.252276950559327,3.183370630293404,3.3226360000558546,3.270430515065032,3.1288758148722478,2.86471189682051,3.1506944951568623,3.256246650394179,3.1751079444098065,3.250427961175172,3.0812936816020913,3.3659327550999336,2.8994347719638998,3.234857262711178,3.355609835967807,3.093487931758338,3.075429585881949,3.048240497255738,2.8109503836179304,3.0195658664407605,2.749469531549453,2.9859012275909556,2.902853377779265,3.507627013989883,3.6707131415193075,3.221455754404341,3.305923079290421,3.195215913810724,3.1811075075153705,3.483027764726633,3.2186234802633025,2.711440932883549,3.598324610039681,2.821457407913229,3.3607554532464343,3.277433411581503,3.3909938352078655
3.704877291557171,3.703949340017332,3.6608869014482885,3.5073771313315785,3.4645684312710885,3.370800662011892,3.4647236748190826,3.5797747362133436,2.907143687670263,3.7640410224687653,3.5725622105239467,3.293873819633293,1.800765920412057,3.5681287708112177,3.6221190697453913,3.489165374737275,3.6473597444905437,3.586442275073143,3.5740551011330033,3.4212852945325065,3.727608667958054,3.46140366139395,3.4581925037637853,3.742805200783719,3.718735566729017,3.9433029427137263,3.726952771733373,3.4771172908496,3.740204350284176,3.4225659242286857,3.92325075233834,3.9921088694440385,3.893789582097915,3.6712653938695694,3.5346490792371568,3.7443768909074615,3.644976846632351,4.030787218933917,3.9571692005140795,3.6615796774610847,3.830021492688287,3.833544783421262,3.458452460570559,3.9465715655887026,3.6783110435862194,3.7349532956250826,3.448138971451685,3.679387657802905,3.4875802836104324,3.955277170867498,3.8230431109284497,3.243568166215129,3.3575214055919207,3.614172969209906,3.6857181401927708,3.8869827909848005,3.5306218585145315,3.4472939641908447,3.6072418427611583,3.562267039592001,3.3890495595589174,2.2540937116022897,3.318687486307562,3.818655047731434,3.669729112511158,3.5647324313402997,3.468721557289704,3.610281473680849,3.8695640791023664,3.7600564875430527,3.657818270014364,3.5819065212780794,3.7212790110358367,3.674998486913137,3.656119156445611,3.8665743305748177,3.5608778596750983,3.6684736610206032,3.730380097647037,3.9579038469731485,4.087034850742812,3.6555196380937165,3.6354573582730163,3.7487191621444307,3.6987978751068917,3.575265754892121,3.786682864006469,3.556092466990863,3.3682918238867674,3.8768024550092215,3.752960339962767,3.9687634639093585,3.9096853570284638,4.090712664839233,3.531913845679848,3.850231606888652,3.7141086873557327,3.479404020274446,3.5655109311087005,3.759517883604294
3.444372979755361,3.9160006873571875,3.5353600842812503,3.6003504244836715,3.17056864303327,3.869267123933599,3.5893103185429496,3.944516338449521,3.803601976497961,3.7641843612115404,3.733836048644973,2.9327918185383703,3.5681287708112177,1.7999973021351114,3.1525939439964907,3.6576361942509306,2.930466829244783,3.65320511429872,2.159766096177261,3.659446215886557,3.00905935199141,3.3586678556184593,3.256303739673781,3.798770831555853,3.679838029777376,3.6934180337000915,3.6136928801354657,3.984251261043465,3.4551140792661252,3.342400020517929,3.4350138814872415,3.678997118392976,3.548672492260598,3.477433903378648,3.6992098529323933,3.6520738741064878,3.853052253686849,3.792476468922015,3.898760935996658,3.750166008549966,3.366708284334771,3.896840133714382,3.870055072689299,3.605625080661999,3.6186618033319027,3.5001838867988315,3.4884820640027887,3.6539318776967367,3.859463694985037,3.5399445608189053,3.60800763415456,3.343493423783405,3.193941399646025,2.897157032464621,3.664256024134011,3.662790330792842,3.2585953973028805,3.4176452387119323,3.243742161118053,3.194162407957229,3.0620248104102146,3.476970488386102,3.483740585936159,2.298734238533907,2.6205151388455006,3.0820624322135513,3.5958469721907704,2.8808928915320724,3.5043052675803597,3.580175289920603,3.317565538120454,3.8407536568070384,3.410531017087307,3.7865105224384745,3.8491063755826085,3.514726098881706,3.6740391442185922,3.464859654482376,3.460981670183141,3.8288919780899087,3.7266468143447526,3.2100663319187595,3.6734166803838693,3.450699331456937,3.5225828841399127,3.6669976656541836,3.861033714882065,3.878657025918565,3.8110792536452953,3.4984434928860986,3.76330938149645,3.44756533168108,3.9667401293530884,3.849885638581692,3.557372968130221,3.6944170729329766,3.533372639316904,3.63040448412243,3.925919438100942,3.6813222432772803
3.275895381106998,4.255250991768154,4.020715573179937,3.771622473729847,3.272696489797467,4.129988302704374,3.075299416088512,3.6375039708546613,2.9385920143429254,3.676509331898567,4.147959926219623,3.3934576210213367,3.6221190697453913,3.1525939439964907,1.8147777860799232,3.383234606001178,3.095406535798638,3.47409764579856,3.055934959058708,2.9712366011092306,2.65351450160001,3.488008817008898,3.1175757724792352,3.032530837382143,3.530417877615689,3.3817432701361896,3.5164437126357666,3.241503265565542,2.520255632823224,3.520864840207313,3.568109717958492,3.351340603082072,3.596256606155,3.431377828419707,3.480244414400541,3.7396141043642404,3.686092729017286,3.481854726209911,3.378931951116365,3.007124045394531,3.5191780618713153,3.6588014624427365,3.5518597279048065,3.6673955432338903,3.6338240359731233,3.3084288382124343,3.2242850183859018,3.5693082714844913,3.5044501840233195,3.673809515113471,3.6796351014818027,3.3587328350347327,2.9635549763780875,3.1778872474626594,3.4842313657711133,3.3780979792349837,3.4198836874850156,3.0556298673155484,3.1695140918468776,3.334918246414854,3.0585104156653733,3.3639246286571844,3.373922381496045,3.3300585871534865,2.8585584250275478,2.1072312645807396,3.1796653215325312,3.1877469355758796,3.4689528344849894,3.518232326153606,2.3742970038318685,3.5211855842675974,2.9640161714630624,2.87986652269431,3.430063498678478,3.116576527373857,2.461759613081183,2.9154448089515,3.436783402671213,3.6552062328779544,3.50307493853039,3.5904776490044235,3.6657162357282966,3.629875080961281,3.0004613350573326,3.3713730254843193,3.3152784032352773,3.6544922234954482,3.183004762510034,3.509956269935561,3.8303114673723706,3.3971642039360423,3.331964400831165,3.4712768408248036,3.2854798792715423,3.8293877689044487,3.2638350100799642,3.3071009483787477,3.4498826073932842,3.44490192821405
3.431902357181912,3.0991318851791454,3.2225754981645003,3.2246114732776467,3.2023369683385585,3.395850649422588,2.9031176477017535,3.1634406892957885,3.6889258740083495,3.7267605782159454,3.495366673145788,3.1621152756759567,3.489165374737275,3.6576361942509306,3.383234606001178,1.6772668716290913,3.7130628317058028,2.5847615783552054,3.933889509537524,3.6895472439276356,3.655114961070137,3.104206438716021,3.016287322032053,3.8303550239459314,3.84791813186381,4.085329750163555,3.5503077052433096,3.9546125644265104,3.6380332230057633,3.4941272759287623,3.7599945296355397,3.59644089492704,4.0568273354696665,2.9817670130941827,2.9049352379323725,3.7420435242855583,3.554478555638951,4.392492853487856,4.334686689481082,4.16312521794409,4.01800876824981,3.9532719496957025,3.891796855000596,3.489105058285717,3.4060267688833865,4.142130937810577,4.075438918045358,3.9436769858182825,3.5739776519875255,3.8878686476286557,4.17029209607908,3.1986497348510117,2.957616589752537,3.7103807546232392,3.2422930397348524,3.2394117293873235,3.055264335122907,3.394331444094044,3.8116391807164285,3.795056488323825,3.9176477804494163,3.5379565189719293,3.4685374360796635,4.024317076345804,3.856900078430312,3.6709288133553315,3.8779608580241742,4.134872728385213,2.9194710968971265,2.9022724360629875,3.666582415762155,3.1739563354114377,3.2148928664638,3.8174329774029463,4.215703148722534,3.824145496080126,3.6621378556950446,3.609937121521632,4.0383208632389325,3.8587637250245175,3.7049472411919258,3.7646797841876825,3.840125203141886,3.5840544022431677,4.023665106895519,3.7326286672459488,3.750517056625946,3.954055628165226,3.8068906727447644,4.002641151093568,3.8572003863442723,3.6796553478708107,3.9571507777912576,4.085594536937011,3.835069222959207,3.604278865698093,4.121995085096545,3.712962021699215,3.851491407151415,3.797302670239462
3.562148877207828,3.772249062813631,3.5724216667135056,3.5739361866497177,3.4065599815084973,3.6367920275100616,3.2089819515586555,3.930193933250286,3.829133606987183,3.4908457914793782,3.60610436070126,2.6609775492508163,3.6473597444905437,2.930466829244783,3.095406535798638,3.7130628317058028,1.6021631066197901,3.0197552023227248,2.584657019891456,3.3820444489250834,3.0364420258179865,3.250539832322006,3.0112402460203267,3.6980350824731363,3.7100499704243655,3.8659729296677003,3.5946139665266084,3.955660733393097,3.3578265179928146,3.520744467166298,3.9627027589525508,3.5716794269085734,3.7866572994983647,3.0433120086150436,3.105758980905275,3.9089289403869354,3.8855396304145438,3.679858027964054,3.892632627804859,3.955360744358665,4.200134771220043,4.079929591946536,3.6672516161387523,3.77585733700429,3.9017981653521474,3.6815119509021197,4.013288102168422,3.7130358864588007,3.5327455877871454,3.8397353072796307,3.577422604484461,3.2251071471448527,3.150091987439358,3.5945615082988462,3.301183586963233,3.3404448857054034,3.1910073306351774,3.6670652239112815,3.2452393977268583,3.545522142698478,2.850461803261489,3.4204395570053574,3.71881335003927,3.8959024084264104,3.671850881106159,3.5403733548568472,3.951856155129807,3.2276582190150935,3.0671309988493074,3.052081029242465,3.339047105978062,3.223158420432178,2.8999715700517545,3.5090281946758073,3.655795975588585,3.71701241494921,3.4251637410005515,3.3858914233317625,3.9968263622147786,3.4075691561851658,3.5942839997491878,3.4040877071712674,3.274797309034055,3.256536538889788,3.4692915274724627,3.3333364648240473,3.7813177858199865,4.08338345271072,3.4777752260232204,3.78170749409172,3.643353441989797,3.5373088884650516,3.859741679262364,3.836031101407612,3.1439801621143837,3.8404534023144032,3.390666870099968,3.62764961912221,3.522050414563471,3.8524138243974937
3.0060905198852663,3.1534434203299013,3.518988116690969,3.1975984301909532,3.305179108875593,3.3837130929259644,3.060972569314774,3.10444746858441,3.5543864530472176,3.91038929062771,3.5284745339864703,3.147714865235106,3.586442275073143,3.65320511429872,3.47409764579856,2.5847615783552054,3.0197552023227248,1.8670502066058527,3.2710640946838807,3.245125650551944,3.4729730818866797,2.8849388898444634,2.509058779860144,3.4665077313531802,3.3685613969946244,3.433063853497784,3.4523534371863214,3.5459066093013587,3.4887812317955063,3.27567970361222,3.5117869903681327,3.1822676846884193,3.645182398430436,2.7641185650486757,2.975105792769019,3.636849533734019,3.6327165306854976,3.606870289690046,3.7897151107040794,3.6411208746007993,3.9200305982041654,3.7062152675145636,3.6918312671195923,3.6465033043097836,3.842052762275209,3.915807786290925,3.4551522705776443,2.926811535376328,3.2079248917666043,3.3385155303439027,3.6119646037417286,3.378190023895006,3.531266299558567,3.867311444696876,3.2123745979156375,3.152059668241402,3.164259969102101,3.872477453585241,2.9679716182274216,3.3710260913677406,2.9525627409816764,3.1170954786822267,3.3383816320657904,3.669984779733722,3.9773162129846167,3.66634384286748,3.499030240031094,3.5478931994302334,2.7615760587965865,2.4171215563171553,3.380249844754791,2.978612151023603,2.6346089065425056,3.448980258374792,3.399975784907365,3.1128462789540703,3.604877344080847,3.2070485992890343,3.6406237330129363,3.2937197279349957,3.473053884790562,3.154401018373767,3.607525378568662,3.003164563795776,3.8889560674627632,3.3180708075159937,3.674062632429087,4.04677900154061,3.604095369727859,3.6224224676530405,3.61296646341258,3.405054041851539,3.7673227869666057,3.8501365205516365,3.3147914870243427,3.7333481857119932,3.7248373878155796,3.2557414856993163,3.1459766680856744,3.459223556678893
3.4990531083999326,3.8267713706636406,3.6283446106392643,3.608746381277016,3.1323063321410256,3.811497086542256,3.34256674923149,3.7464570604528054,3.8167088985680295,3.6282335087373716,3.619050154534137,2.766278720436166,3.5740551011330033,2.159766096177261,3.055934959058708,3.933889509537524,2.584657019891456,3.2710640946838807,1.6329963417187168,3.425863303612294,2.9274552693178393,3.251584362137825,3.2725438499116244,3.8247741271272067,3.3995687137319024,3.5892017093845734,3.645048869925704,3.958021912017165,3.3539458244407867,3.5055729649431555,3.375335664213738,3.581524244662786,3.434984373788188,3.3861997646650863,3.526159037940884,3.666542632641293,3.6336282601677303,3.7209278376372037,3.906547819146439,3.8004685201097703,3.5218881356698133,3.8771397738393802,3.696413140787966,3.4021926023452433,3.697052728346582,3.4735688550822403,3.3857055448788724,3.3452560415470978,3.414986507790879,3.498622726422019,3.5635180281531964,3.377589277391031,3.216459222506364,3.399169796147074,3.633978922239383,3.5767345584906733,3.4447280282066113,3.440377812918314,3.2485085036033077,3.325100951133346,3.0354126485717186,3.646397998883644,3.5954303614346883,2.669275895009432,3.006940262754682,3.0785468957196667,3.5638468388190767,2.54614994533008,3.418499648018513,3.5756781483112885,3.1752558888925826,3.6873035706978095,3.363259985863216,3.7174631713527946,3.8451426753058104,3.5946832946497915,3.478118001878913,3.5258398157865782,3.497786308106207,3.5020812692782264,3.563191771153795,3.132141735771355,3.4646802596719746,3.529662599856517,3.6706051153998644,3.5077446081539185,3.412559172551273,3.733641367999608,3.5162650680229732,3.417364608934289,3.719690690511227,3.344572974963434,3.8952897745404536,3.6520865611034328,3.270622327414577,3.403668992406034,3.371945277123823,3.3440696584070473,3.427686678077519,3.4090400557162956
3.5693630349938537,3.14274926156563,3.354820078775802,3.4294505093869674,3.4229407346036367,3.0234489667596707,3.282636893224707,3.5123020108802336,3.133783810693858,3.391475597004746,3.3564718811290284,2.897828263577534,3.4212852945325065,3.659446215886557,2.9712366011092306,3.6895472439276356,3.3820444489250834,3.245125650551944,3.425863303612294,1.82431683234565,3.0600645682964007,3.6902834474511423,3.0825631533405775,3.053264688320203,3.3921492985016184,3.6269809957354266,2.956034422803146,3.6017779026923056,2.7284602222788297,3.2582529802011515,3.433395552442235,3.7293815919196223,3.582799320250918,3.5024991970005277,3.566658853306387,3.2439985735027017,3.133961176337786,3.9461637503205482,3.4932252210132777,3.501271276021314,3.805264236873724,3.7661871906515203,3.7870578572400686,3.5528220956747587,3.386236422533852,3.856622874985686,3.1014799842616685,3.607013528577869,2.7863630039913634,3.858106054556369,3.2037250094081973,3.221565703640921,3.4501818568809495,3.5664704428764766,3.106359100643774,3.079920126536578,3.599808204825601,3.3686592799483788,2.922497835290635,3.651341179301897,2.8539479464909783,3.1677108208234706,3.586000447904756,3.488218185588816,3.4759309354608714,3.368156270466938,3.3726329405265685,3.385413444214507,3.62041462964021,3.557639504060676,2.6502331237573933,3.8124359104977343,3.0908898762350727,2.9755253561901176,3.509850136464632,3.2139783346835116,2.8105070143431083,3.365488675075972,3.373694622321825,3.417437262891874,3.3751293171304892,3.3570366592466,3.295006298552757,3.3579040260780206,3.247528799796519,3.524893100751679,3.119065883467928,3.5919429357638544,2.6502562645835557,3.4710223239937545,3.7686334225553053,3.161366716099218,3.476543773037104,3.505898222832904,3.309354423196312,3.409882779187432,3.697139223049896,3.4313613580450038,2.5945230366421157,3.4771773773697694
3.3876326306560474,3.816015853424206,3.614698651439741,3.7047289443842346,3.458881657284728,3.794004594134103,3.359142717051387,3.6497953210015393,3.397074373334349,3.7378223719041888,4.012367069163581,3.2591659191158566,3.727608667958054,3.00905935199141,2.65351450160001,3.655114961070137,3.0364420258179865,3.4729730818866797,2.9274552693178393,3.0600645682964007,1.6505043309993868,3.5818630205006983,2.844525407785388,3.428719186404376,3.4228783359760313,3.8071884794222655,3.5603697527487412,3.8983437037904665,2.3163098729882345,3.245935667864268,3.9783425791268545,3.419836386872015,3.8960251875042986,3.3419839614398743,3.3466389102324996,3.7119571258237993,3.644777974128858,3.873643605667129,3.7943771279107046,3.7019722953358944,4.129849332133342,3.740742759008172,3.7462354383361802,3.923934326920467,3.4186538805216387,3.943863113061018,3.4231933936656067,3.694359094193489,3.3963168107128,4.054016637303786,3.5232360003458423,3.113989047506332,3.335737108079579,3.775189150330226,3.2833236055669195,3.0216017664155643,3.572276016506225,3.4320089507632487,3.2312312257221443,3.65248689990024,3.069333300271397,3.4004523565721096,3.350111833666716,3.699395734127203,2.838111014496219,2.5809169054937877,3.648546640470051,3.4994654332218373,3.167166628581048,3.1326625741553746,2.1810917437129174,3.2957756800757965,2.6333264951896096,3.3650264031675543,3.518028796724796,3.6140994453653876,2.2219811057311936,3.076711808301588,3.7444667886843392,3.6651995376607904,3.4221218025904925,3.6681403755468285,3.1933742571385197,3.3122853364461364,3.026497866891367,3.409479718964439,3.5443040615491093,3.7125096656969236,3.341441757207643,3.8607156797893203,3.9808515582372004,3.0191076839556388,3.876451299666313,3.479710463523101,3.3929815314927567,4.019799694584894,3.6347445174646684,3.5133832844350716,3.6617812365633373,3.8159753713757967
