0,1,2,3,4,5,6,7,8,9,10,11,12,13,14,15,16,17,18,19,20,21,22,23,24,25,26,27,28,29,30,31,32,33,34,35,36,37,38,39,40,41,42,43,44,45,46,47,48,49,50,51,52,53,54,55,56,57,58,59,60,61,62,63,64,65,66,67,68,69,70,71,72,73,74,75,76,77,78,79,80,81,82,83,84,85,86,87,88,89,90,91,92,93,94,95,96,97,98,99
1.6716736719661576,3.925932302871343,3.8429897256135446,3.798757635678977,3.955160722697229,4.043517696284383,4.205595318149986,3.947543701245598,3.868856269934221,3.9614272946777387,4.119700030806868,4.280319944554182,3.84990172580502,4.220065664056279,4.071661534122574,3.8227540412032512,3.816381108547857,3.969418583297266,4.096814678193187,3.914930152451476,4.038527806094908,4.192867297350939,4.1220280262006055,4.16624243246281,4.157567657025277,4.290275487197131,4.076269120116388,4.449439898034563,4.308153809540889,4.197148749238557,3.9503522128054156,3.8772094315038284,3.8274967226250047,3.969525305217815,4.077493195312125,3.970707477888846,4.084601186174055,4.210872707292128,4.034675275585067,3.710538833729876,4.101405356767837,4.176469096284858,4.2412037032771694,3.8941829659542466,3.922941787837073,4.22810104168328,4.209805476760875,4.065356627656399,3.8281846754756357,3.861960312717083,3.4474823327287787,4.038956000002953,3.9780318401336032,3.7408583883989026,4.04273736747473,3.983730943087073,4.026906181040106,3.8757227941549153,4.356174710598757,4.315761951182932,4.4117889736255975,3.7461978883195504,3.995507671733946,4.166287324014497,4.1311167618482205,4.063087148737528,3.957328671128007,4.162996065466072,3.7401946240108215,3.809206239827003,4.2197059192875885,3.995333942453077,4.12142078338169,4.168837983097414,4.295847609913297,4.470734868306864,4.349354678431846,4.346817552109468,4.135707840810956,4.260399168223336,4.25842861461856,4.222937331356404,3.917433181654029,4.3398876378212075,4.059873850853913,3.9149620563276986,4.062778382366227,4.090372848148574,4.18888804508013,4.303397825296712,4.057450184299364,4.227053291184127,3.848325752177074,4.064939537234223,4.380052485540416,3.698506021365238,4.332936581030766,4.1735497785361,4.028935747041817,4.01022203063256
3.925932302871343,1.6405953262145083,3.2206381300887665,2.4924797994748835,2.627123442449,3.1695743858518934,3.2368973290619234,2.264652634046612,2.900647280629546,3.347002608814956,3.5079010864526112,3.354827935228639,3.5519244258222686,3.638119677800783,3.809319228688719,2.9117679724509125,3.8637517194905544,3.7617332160359607,3.6502264352091474,3.4461900722973606,3.4271003441943537,3.7773526206124357,3.9307033078697597,3.7992468839660702,3.7031232041028974,3.913306775322767,3.6206093233837526,3.5935746776804587,3.481095794096532,3.490082568858777,3.745643267690814,4.01248775521951,3.621798587572093,3.717475405501648,3.698184125753493,2.725086204317653,3.576984253552428,3.703461605431665,3.511826279036525,3.5746158958687917,3.809345595153512,3.481838436915353,3.8301287809042117,4.053290545282215,3.3052047011534302,3.8324583883339023,3.6387555499109285,3.828441394071389,3.491224489904316,3.7651464309194953,3.695120203777732,2.4365054609688044,3.3053506195275326,2.73219103353835,2.929018800432981,2.9914974475876557,2.742155340517448,2.8136771608703235,3.474204260284049,3.649934238138343,3.4316271614398275,3.4045565186905176,3.3745438137853214,4.034106575419045,3.3656003347318153,3.7402729408240334,3.5106756573271465,3.8933286118843506,3.700383904547631,3.8874606802512166,3.6470079731379603,3.7056821203460615,3.5812760019470784,3.7111321614542208,3.868389556361087,3.534160650438564,3.396550504917789,4.041148019182656,3.1928941055650126,3.748526086975515,3.616004181032478,3.6435443637197156,3.4214568086361927,3.849948180764694,3.6281269597105292,3.636633038528908,3.6605012461208495,3.8854357605608145,3.362237492246821,3.5663623526936226,3.806273323571844,3.425543696590283,3.1767236314138314,3.7851737416326294,3.7807255776669333,3.81860279405125,3.684642856444382,3.651528787141052,3.599955985135167,3.7498310880445893
3.8429897256135446,3.2206381300887665,1.636724099642917,4.253925445245658,3.6560553598008934,3.060620282968626,4.303321447308197,3.9103203647833444,3.1475518967578555,4.207149613496142,4.006658915674188,4.073099434203165,3.9741337939725065,4.25724707079502,4.249911350415984,4.497885157881109,4.212970085785582,4.4099239140276945,4.100995932105099,4.156711799308185,4.132303955442113,4.398212474343117,4.278701548694309,4.529753596135319,4.270340631260974,4.144144269805691,4.1274560297808,4.3405113317759705,4.235477191212974,4.372395876833136,4.177350668651482,4.058100150376805,4.0023217483740146,4.0723444679019725,3.9164183154829657,3.5553008463536493,4.1097949134068825,4.227777953619964,3.9884679615149627,4.310487843843743,4.109966586134016,4.324629900554844,4.061328523721409,4.149073206577369,3.772457854998877,4.022332628220996,3.9681392724099136,4.093136154414608,3.933308184524375,4.021596451889092,4.157388708475506,3.608222728983271,4.329979582099088,4.049589820441388,3.3285340727515873,3.012125359534747,4.45996465990831,3.460335063385045,4.233017488342266,4.353860503500474,4.204255732624468,4.037751673804037,3.8816313326600747,4.069955632075212,3.9281028042876005,4.214130134269093,4.128464841456676,4.2770146871944945,4.179517509069912,4.258186644281288,4.182017712178766,4.423226474593452,4.198179147588724,4.440843497200259,4.55722349329297,4.2990916779933785,4.128979621080811,4.168502639994679,4.309631487975646,4.100870015471574,4.449393550562803,4.216326575358612,3.9171869950252285,4.137898338338955,4.500534151642937,3.8710932703251117,4.083783064821214,3.9088736233518246,3.90497946677405,4.562646847635247,4.099611580294485,4.284560264498882,3.9830111010446108,4.155115075173297,4.147602367385607,4.231797462361555,4.024048308585282,4.082724915614429,4.007596157852823,4.245123052180042
3.798757635678977,2.4924797994748835,4.253925445245658,1.6033543827428443,2.6020400479641026,3.3858095947209876,3.1863062421339206,2.4300871837535354,3.0536083226723023,3.621776984783455,3.5297204646325997,3.339981644411006,3.5988475180637853,3.4997074522762115,3.675444305138578,2.766838158798974,3.828296366540788,3.327722917698959,3.75625428894282,3.4549467881740386,3.5485978060285173,3.391142363927389,3.5599840772539015,3.520730565140505,3.6503952898519443,3.752379064989302,3.560043388644636,3.735863037513855,3.6466215572571663,3.3555689345694604,3.637459805463858,3.796760210917114,3.5543335635402267,3.291508024814937,3.3475997577802934,3.1682003095072258,3.58656355609348,3.82697677815871,3.771697062461492,3.59831549618678,3.6388686916984576,3.714757656149407,3.4135465150408164,3.7032482064139174,2.9368937691221753,3.8048409774151533,3.3285437009733547,3.7129597233767133,3.692330964874172,3.4057404765230195,3.7235594044112337,2.91812989110236,2.972862523709535,2.234669792407096,3.0365789915206296,3.5006352244704786,2.6950515573772433,2.9320540920821845,3.4998505870396035,3.6910290590713792,3.357641967430423,3.4663575007657306,3.2617643911658165,3.5894154919250028,3.67277042134926,3.5995048137233905,3.5833885893128117,3.862846206178281,3.683524736040626,3.551102506176934,3.5707849761440853,3.680854306900242,3.5936105337415714,3.4752915343726727,3.5242211587020384,3.599211188880599,3.6715534117423605,3.677031627332801,3.362905202988066,3.7313395992949316,3.6219413683684585,3.587486253178292,3.0385887880823566,3.7617514486548256,3.805562766030251,3.7493770869643184,3.552044569039927,3.560927369527728,3.31262615257277,3.4346947335598217,3.8522940840888675,3.6283325927508177,3.643759105304388,3.980694123025228,3.5358598787095263,3.616807823795535,3.6084822650080826,3.801000514886452,3.767230744131255,3.3669524993498463
3.955160722697229,2.627123442449,3.6560553598008934,2.6020400479641026,1.6256869075000429,2.796948809732173,3.6653121832666304,2.5790734860844022,2.632275180796296,3.5024601120042442,3.3630982522651935,3.2473784695386696,3.466523110828141,3.7735445174707607,3.899174557043982,3.3787776588288234,4.012121891070917,3.650621767431123,3.7030784372386036,3.5944332393179854,3.5633135524085646,3.8104857086969597,3.567573443936217,3.87717308462743,3.9047505723116136,3.7956558880911277,3.5930016579038186,3.8643648711859004,3.81044567151784,3.710061955911422,3.431235714752968,3.7493755499337826,3.8582168738760263,3.511117012324579,3.618040990929516,2.92234115090787,3.693245850452072,4.030991057074318,4.094816642307064,3.9702572918562615,3.5780855178719686,3.9447241066111824,3.8339922468527843,3.903248140258736,3.1791412050068426,3.9800805379810074,3.636090932163393,3.51291481038532,3.8938317753970253,3.1584097766928996,4.005347514238574,2.7439103257530753,3.366844104923824,2.691329752505685,2.256032275856231,2.9596136995246907,3.071288063939254,2.4496918565435415,3.366187197241322,3.5410206158014317,3.53140412451449,3.2387000571115774,3.2557095726748586,3.9663864529674497,3.4432478201624535,3.610710176216872,3.727397100348678,3.684011177579197,3.7734701902747076,3.554152667724692,3.500961225790016,3.9426582105357184,3.757359318084523,3.9894562286814286,3.6242389145683833,3.582798754709534,3.8536344448730757,3.903551465401177,3.46714194815685,3.768481003301922,4.055380628627756,3.702016754905262,3.342030644625621,3.8745209474569267,4.111279297675771,3.902340243365557,3.7374235729207967,3.767185218098913,3.359570416147699,4.054328663840996,4.00875364436442,3.9293896682567206,3.7647076012567173,3.9752814042687685,4.133095790341987,3.5784077007682273,4.033530628729152,4.021891489455068,4.117084666993227,3.5862280588508177
4.043517696284383,3.1695743858518934,3.060620282968626,3.3858095947209876,2.796948809732173,1.697982408858257,3.6303832686194824,3.4553225231992952,2.426553242596657,3.743763337160647,3.9462155164257235,3.4375974266411196,3.658647862816088,3.9017547591983655,3.858193411112891,3.7581623638086064,3.9324874931260414,3.663850308911816,3.99314338142967,3.5209155839484785,3.577526208097314,3.844497733007004,3.7605267021120885,3.4766862138982653,4.330370613304124,3.8692992475903907,3.497014887364516,3.8536122544119276,3.4044785568944427,4.129807639478957,3.885004101142099,3.856758821906899,3.9741698957928735,3.401419548064345,3.5812609632856818,2.8416795655263507,3.453174316464036,4.101396291605832,4.183598468591262,3.7421423109380014,3.9484110017083847,3.9928166152135924,3.8764723519040243,3.7760806400283813,3.6539545203931896,3.8012826288455517,3.871093359628247,3.802810538934729,3.571096469886637,3.84449390667487,4.155199312796877,3.1705394440295653,3.731625333440716,3.864611951612885,2.37742582393327,2.3780492186090894,3.71528683512543,2.769299411732106,3.75211720793785,4.0534272373234455,3.7126562228755033,3.645809994724344,3.2917406969097454,4.036377876789583,3.6057565244856473,3.8911928014297112,3.765983725930221,3.974571056628091,3.8718350656256195,3.588010173861749,3.5540479677255052,3.786927736479216,3.5539011487766907,3.866604784591021,3.749670017474084,3.7177056145261,3.4637382326721142,4.044131704163981,4.009846482609486,3.9563913927633,3.792764647013799,3.5283459567126285,3.6918204886497374,4.004546571802943,3.8363463310413253,4.095942558535247,3.4029884849752032,3.9270612276323926,3.302324187116225,3.7353777846319525,4.096972611174392,3.934221564400527,3.8216253456791147,4.06252107664206,4.026593366225224,3.634489168362336,3.824627838971082,3.6972313668495125,3.599875897540556,3.811377834508596
4.205595318149986,3.2368973290619234,4.303321447308197,3.1863062421339206,3.6653121832666304,3.6303832686194824,1.6051592550075195,2.732040781970485,3.280331173657244,3.4437996047998807,3.6140943650240915,3.3361531198065624,3.697128618379734,3.7649710473587934,4.051160906645415,2.7999968524115006,3.6821800895648145,3.186824121967641,3.721553404222717,3.535429495913166,3.546021602775862,3.188661636013115,3.6795117648987126,3.667404955223015,4.23778797976148,3.6235882818252207,3.863298855150142,3.868046513329547,3.808233653023601,3.6244274796161635,3.7669997828295942,3.928598705947595,3.774102568923879,3.600898565856754,3.8610650899245633,3.1933319311412447,4.016016482498801,3.6981541417767434,3.543086425637481,3.165170888702547,3.8044885044199725,3.485260893708317,3.8113580047969533,3.730869352031273,3.493079184543334,3.7770066755619993,3.5590384158224175,3.9195466459538095,3.45359355321584,3.776053299040096,3.5517176507469665,3.0896339617628885,3.3913423070623274,3.458054409576152,3.6523771860816727,3.5229847716666356,2.7497864468974735,3.229913011313269,3.372313963199446,3.7389096788589997,3.418834401915251,3.735610363094797,3.389969973287407,3.860974226638139,3.834441825811549,3.8534151463545387,3.432388659474897,4.069029604015239,3.3575630494430166,3.3979856981499963,3.67106356405177,3.2497214490030446,3.7535520998579455,3.378834278821029,3.8518348293623403,3.848432850963436,3.5978349876256397,3.7196297582572377,4.061571078426689,3.8473541498547847,3.8459037678524686,3.7094214890982626,3.711177955260609,3.7666218354111423,3.8450195382894505,3.678248758611935,3.630840511077629,4.076606586307181,3.606255888558715,3.8092584575668016,4.044634213545296,3.695393680109221,3.604001266695242,3.802584763135193,3.659597337578535,3.6590337649225515,3.7362497821364813,3.8324646259193176,3.5494608998496417,3.498659570353557
3.947543701245598,2.264652634046612,3.9103203647833444,2.4300871837535354,2.5790734860844022,3.4553225231992952,2.732040781970485,1.5004035775828115,3.0639429510805805,3.5510678488363476,3.7812462861901484,3.4349114446358824,3.762421419393724,3.836782207635258,3.9885662776087822,3.0666653969613047,3.959993183427444,3.567508539197288,4.277972611700471,3.647474913410115,3.5023141209957602,3.8681806661691662,4.206531958577608,3.901195387811692,3.6529077014485036,4.1132939132698745,3.8886767800273923,4.090916423337253,3.8986353612701667,3.826824060178624,3.7962979226244262,4.1455801915623764,4.057262264765945,3.7131359342605426,3.9492045641640585,3.0696420791692596,3.863244714327007,3.7974398130590767,3.9245499816033225,3.9587198566369604,4.071075512193823,3.786350515032325,4.3251707599791605,4.030607439594324,3.927587415309741,3.7936915430852864,3.7776247984302307,3.746781623835473,3.8257703668013634,3.7830475526977807,3.9917260533365537,2.614377762959325,3.3118112306598433,3.0623466535347967,3.2082691973583097,3.3374019883074024,2.178401509832723,2.923246906233041,3.7282299905279146,4.114194629769191,3.3615457349802496,3.6377136546358146,3.628171761788702,4.11571796217982,3.483005711185758,3.718924528093012,3.684524910519433,4.214687703036709,3.9093877529412246,3.7027265375415315,3.921399040239889,4.074251627383949,4.10844924989658,3.775872098980627,3.9284097399899314,3.958279513195451,3.8843609218298774,4.285973162877105,3.8439053676255672,3.9052569367361762,3.757086830682559,3.8015159039248276,4.027457692192901,4.04768287475992,4.035307868454547,4.582181061687729,3.8249075269144925,3.9994898743854987,3.8549614290364382,3.8686942376357063,4.356229939975023,3.52312308894316,3.7279017114576867,3.86014110287948,4.142411040900972,3.874940613215987,3.838956063437594,4.002425279532566,3.87113744104614,3.773794627071643
3.868856269934221,2.900647280629546,3.1475518967578555,3.0536083226723023,2.632275180796296,2.426553242596657,3.280331173657244,3.0639429510805805,1.5067190261920773,3.7618621013648865,4.016102408519887,3.48983588847623,3.4461305624023124,3.5567026936283344,3.79917424827533,3.854761789062208,3.9228184733642446,3.9435605312757103,3.6210389705558086,3.794715158523881,3.7439535573550016,3.748157900085647,3.9683619732391078,3.7148225010656524,4.100021508755958,4.061708964233633,3.919216665124246,3.9849265405257515,3.421814508715653,4.10082482973163,3.891387396161595,4.065948611249606,4.02088241644582,3.485511524206749,3.4757350935762017,2.7165093309685457,3.482260914131369,4.328670293962069,4.288959568978011,3.8882003827795497,3.8696193193877946,4.146993704658962,3.98028170602213,3.93718802316522,3.804577927864395,4.056792226117648,4.039416492635945,3.94369264798789,3.4816721228459824,3.7051090706755403,4.043736453631253,3.2647441599061238,3.8536129466667584,3.7241641737944096,2.5443623880562405,2.6577641659003097,3.746364407428901,2.153542343002212,3.8247678939972136,4.052687421012863,3.757659815704375,3.4957988615809676,3.425003930669354,4.119221214619807,3.56937295895907,3.864978667834579,3.6907605079627457,4.060909222463563,3.910510853686473,3.7212726734183783,3.9072089527086837,3.836506922283111,4.0827271407384504,3.8677928071031067,3.7285578175926117,3.831881441043484,3.908250954057653,4.134349910889803,4.014562356015589,4.029003620003775,4.08660949727035,3.779751401560515,3.722556987071441,4.0153462984202735,3.9536456500029216,3.9882028557612443,3.5738164555111935,4.095857342729249,3.339355086788445,3.8695464054636237,4.025117739916234,4.171074388283334,3.812741961636663,4.112098679865171,4.142368877538838,3.6082704576748403,3.952926406444658,4.041271674140644,3.6793008835930134,3.5185483093763663
3.9614272946777387,3.347002608814956,4.207149613496142,3.621776984783455,3.5024601120042442,3.743763337160647,3.4437996047998807,3.5510678488363476,3.7618621013648865,1.4972474196148735,3.803218729150113,3.200859502161137,3.6972813597584455,3.935477380637752,3.7411273251703228,4.271055527767402,4.012796118495284,4.4823651356722225,4.064298543036902,4.026240177942937,4.259112652844106,4.523671100535275,4.495790348525487,4.011956959952587,4.209955460867207,4.0618114868307815,4.166642473156731,4.488747722414554,4.424181503065485,4.077619972463457,4.053851035844415,4.059809274672578,4.322631068261764,4.424030249707883,4.32283572005059,3.955099494571564,4.412920893937497,4.184678638209354,4.070781240404628,3.848034707280712,4.307043430057892,4.097828673452557,4.2447848310715,4.208325754788256,3.8373662808908025,4.2097831371518275,4.109638736033991,4.201781563368761,4.242236003792104,4.419774371796954,4.2125312206739745,4.027721732179133,4.047747703122512,3.8458361991188115,3.889289272370696,4.183943176748516,4.059929950527275,3.881777314433252,2.6673703597359824,4.309211236936788,3.5533479043671297,3.430751183458777,3.83875067974037,4.462474277181402,3.9841992318565707,3.8904420484373725,3.9855135439427722,4.368218367918482,4.13989753478755,4.409230818092225,4.054493142070112,4.419939484604238,4.490487294521309,3.813880793828516,4.362688712110511,4.042011439705217,4.024026147654424,4.12937865833199,4.04901452384803,4.205369388253866,4.060300655783088,4.294810293173901,3.7122839361460955,4.4621461821747,4.385401543347398,4.299283829155217,4.265866716196364,4.525516318785675,4.283146247796405,3.9801382548159254,4.098868498480326,3.8839367653664536,3.623721699048817,4.027319265687738,4.0819722008970425,3.750766281264017,4.089317226360135,4.512271668772001,4.014451538270413,4.17854379139693
4.119700030806868,3.5079010864526112,4.006658915674188,3.5297204646325997,3.3630982522651935,3.9462155164257235,3.6140943650240915,3.7812462861901484,4.016102408519887,3.803218729150113,1.5425939112600169,3.1166458548334286,3.738409775651252,3.5516727835859636,3.554794656346367,3.7330974024050434,3.8216768213603185,3.851273977929989,3.877196881901884,4.039470335004151,3.963481819635762,3.7520391503651593,4.10458484393521,4.199268287833693,3.998115672978522,3.4172880754449975,3.7511122106265793,3.642251513843739,3.792701014991538,3.8801618607267288,3.49989916588139,3.8825208026223033,3.747019917198798,3.9079133412863403,3.6804199454502475,4.014389634538663,3.465292605800902,3.767564281859904,3.632311969878888,3.5157045641823292,4.089700122618149,3.6531729549756644,3.757290440872272,4.090404780593297,3.6232466960861367,3.85726508895201,3.933065580442783,3.9531266926279933,3.7673524348009155,4.066840631399201,3.626922704434704,3.5967648461259385,3.8591907207624843,3.6608697343712384,3.7985478421691714,3.7176560208080267,3.706245314709322,3.8699239606363567,3.378979969290774,3.3753772256579717,3.447374764792286,3.5228914154591826,3.8668441521484147,3.8853435115989305,3.7627746220264227,3.695865460873643,3.9691347425352173,4.115249339324126,3.569958299884542,3.582075696362993,3.975067555073099,3.6159262166161805,4.122662104286257,4.101119138627312,4.107713484264497,3.6233966481393827,4.037146260168759,3.9379866341052034,3.5569049337151726,3.6152194540632268,4.160997867091911,3.814721638170042,3.551894964154766,3.643611613910125,4.546162129157531,3.587137835909648,3.6229103598242163,3.7762175816409003,3.9084277571560957,4.185641401022722,3.9660651360045147,3.828340467006011,3.5203232183057644,3.9827515203855977,3.7132831304386094,3.747843570342777,3.6504862377923204,4.021846522472561,3.4210902783841743,3.9145751756075846
4.280319944554182,3.354827935228639,4.073099434203165,3.339981644411006,3.2473784695386696,3.4375974266411196,3.3361531198065624,3.4349114446358824,3.48983588847623,3.200859502161137,3.1166458548334286,1.573805270670327,3.41836830472424,3.562416851680708,3.7546820887066583,4.001622870547792,3.796194903738628,4.062392843789914,3.8062715869718855,3.7176039660181557,4.02175066964555,3.955242092069286,3.840772437149279,3.595257590261908,4.00566342385415,3.5211603789269197,3.7040945165210064,3.938488046376626,3.682160501821371,3.926523176156431,4.129531317335474,4.00356692470627,4.03521822296686,3.8583272516340297,3.9969923500938433,3.4441654217692546,3.7127952503173525,3.595201247486023,3.9006893475351703,3.920183537698707,3.977774273809034,3.9180513836570103,4.287119591085808,3.996496233297774,3.6594522727275893,3.9560998910478533,3.690833895170508,3.7606291189495766,3.765596332641088,3.656195683494835,3.9446145997239346,3.7528951539483555,3.786260579257528,3.664931526476268,3.6830459386417225,3.70310079950446,3.680189702508423,3.718398372408334,2.981777268674075,3.6826838456617326,2.620154471867624,3.1568071495383836,3.323995676723892,4.096778928263599,3.739248178905856,3.7977008942760557,3.648432901019481,3.6653042286556055,4.0463920466135646,3.954738935805474,3.7179005606557474,3.8999653759341353,3.9041429642754135,3.4931269625778305,3.508283546689375,3.5637565353648943,3.9214325152161984,4.071298752319467,3.9354967199401316,3.8732098813389944,3.6645416703531715,3.527724144037269,3.8710558831458535,3.994459669009824,3.664814165139636,4.0219413703577445,3.640789689132521,3.861851783377546,3.4156979185085015,3.6357240131642485,4.210457107400303,3.43163891637191,3.711237532493994,3.8699419596850717,3.763484046634119,3.6280743583529196,3.7557037663333777,3.9719058666716878,3.87120964698955,3.686236550677724
3.84990172580502,3.5519244258222686,3.9741337939725065,3.5988475180637853,3.466523110828141,3.658647862816088,3.697128618379734,3.762421419393724,3.4461305624023124,3.6972813597584455,3.738409775651252,3.41836830472424,1.471930849112697,3.4758261875384426,3.560632112266179,3.622946940656115,3.7775010561369933,3.679594241256209,3.8476106011642397,3.7915148717792757,3.6688325615820094,3.593231712068551,3.8239989062672035,3.925630812864525,3.7755028383307043,3.79343733690868,3.759234409817666,3.9403952068586077,3.7999182809626997,3.622290447405825,3.8016032319673427,3.93464540905301,3.7944323908657225,3.7253235333247843,3.665147172192255,3.782608888630504,3.7614282971408617,3.735270240543399,3.6561215652384536,4.065459952618739,3.643041373650623,4.25873747100045,4.040255610086614,3.8448608230250994,3.398528287057225,3.925686098848145,3.7862058141195507,3.8339616899213556,3.954246023893392,3.717676121303972,3.8811092376973972,3.8130489148127333,3.772840454066364,3.6613301874237987,3.6404531576610637,3.9700603112159354,3.5741369623164756,3.400112963399656,3.5157998115131313,3.8425227754880695,3.285863244741611,2.2346254510159973,3.4032150114913033,3.5831376048352492,3.7744944362543356,3.4658118785170204,3.5608353664288854,3.51514151580098,3.9018186130710957,3.5840745703060026,3.7212785845269023,3.8423489701015083,3.7587512776073573,3.7923748847808856,3.744983567340809,4.230957802414022,3.770216012627678,4.173635566470556,3.8014396701646995,3.7734801891312815,3.8353668251542103,3.6620120394237663,3.501745649317293,4.004793490666316,4.037008933211518,4.0325802515619085,3.9412782760053244,3.8664266945609196,3.965031924845632,3.829086653501736,3.699528888332663,3.8245764649737453,3.9457630678431883,3.8733416073806897,4.253396007468248,3.518525319069934,3.9033897578636023,3.7221314418544,3.9133736114737867,3.7588205462512714
4.220065664056279,3.638119677800783,4.25724707079502,3.4997074522762115,3.7735445174707607,3.9017547591983655,3.7649710473587934,3.836782207635258,3.5567026936283344,3.935477380637752,3.5516727835859636,3.562416851680708,3.4758261875384426,1.6424898568083752,3.145353006547379,3.744842623726832,3.63118885577992,3.778443981284071,3.0657738582233183,3.9235326275993865,3.498808386105698,3.746788930623191,3.751485950447498,3.7114901992125193,3.959012758897282,3.840675253216405,3.6804974745425456,3.9936802989078064,3.848477662748945,3.592350378638671,3.4925661267790096,3.4661646320604467,3.8669959392717796,3.737701579121579,3.42796540358201,3.5402415159537712,3.801747088958069,3.5664904481975492,3.639163862284173,3.8625789042943777,3.7562422770130284,3.7728904241606145,3.5254272962346103,3.9903600887627575,3.557312296971568,3.6050063550601044,3.4716704694705105,3.598598748468185,3.8952399839525484,3.769958105845333,3.8364726537530425,3.7959669804323384,3.6825405229704153,3.5680221223209387,3.7347727534189885,3.7137844079453397,3.6833660154369436,3.7039384097843575,3.6966701893293226,3.5349507475834168,3.7872818327416202,3.4832114844063935,3.905741194578776,3.6554622798817156,3.3287674503173266,3.35779941229759,3.7043961782797115,3.6585939879759084,3.718938556446783,3.7729704261808825,3.705397630484507,3.778644993870566,3.8545752224045335,3.8753204793163905,3.6268854397543344,3.8829511583444347,3.7581529032212324,3.8625326503189497,3.5181382579017795,3.3037190688837073,3.771490849926423,3.651663082109578,3.6522457481757704,3.8391297236801414,3.991059772743343,3.562824104580757,4.082733070595061,3.6103665794801763,3.516699108847484,3.958977442421731,4.144809350244667,3.478372976401371,3.6152946290872037,4.0205987998851205,3.9458343682625263,3.8931398119258693,3.8171026353530486,3.9649513216884698,3.9833102420365742,3.8089544529353527
4.071661534122574,3.809319228688719,4.249911350415984,3.675444305138578,3.899174557043982,3.858193411112891,4.051160906645415,3.9885662776087822,3.79917424827533,3.7411273251703228,3.554794656346367,3.7546820887066583,3.560632112266179,3.145353006547379,1.6590120036269864,3.6670238671808852,3.99488045641995,3.9291932863818286,3.9827616534819117,4.307040964109409,3.596040155967499,3.949025174539025,3.69856940681185,4.245081094999022,3.956469756063824,4.238183305599654,3.9928234807539513,4.037156974517814,4.135544411860844,3.9553414624647676,3.8526718227141283,3.693625511326878,3.9620722180125014,4.190654492698731,4.106593789749535,3.9305309312784464,4.007760820976621,3.8632787333665974,4.056207860745826,4.060261760306659,4.188429277053909,4.0002049926357115,4.1104644697482495,3.7808591547385717,3.863499714212415,4.0606816960923355,4.088041275931002,4.018152943875338,4.173178856709653,4.012485688329619,3.9161805959059826,3.9178921612318316,3.7330914782494475,3.9521263188559734,4.168894718457741,4.13955633234676,3.674236072539475,3.8106885331624265,3.8022827229471785,3.9940476011953807,3.8498062572976903,3.625802470696409,3.936510678406078,3.726192724232601,3.4256693419408126,3.0377557655078413,3.992614468108458,3.8977884266968355,3.981925737479417,3.7525321573138064,3.4321533924204273,3.948599496848728,3.7834021197905643,3.8015897922649926,4.189253579537534,4.15886377060457,4.034456111411109,3.996083805641409,3.935832728369091,3.8470816074108054,4.0147200431953864,4.145189067985341,4.148304826521925,4.157291925426806,3.880962311574372,4.141706614393313,3.9819954902158137,4.084628401387641,4.384041608548387,3.7698457452037144,4.195602734133347,3.770129632415868,3.869782453800408,4.009785076246497,4.149976982289656,4.104551856605259,3.5398375725479694,4.2235701740653635,4.274587555681629,4.170228662913252
3.8227540412032512,2.9117679724509125,4.497885157881109,2.766838158798974,3.3787776588288234,3.7581623638086064,2.7999968524115006,3.0666653969613047,3.854761789062208,4.271055527767402,3.7330974024050434,4.001622870547792,3.622946940656115,3.744842623726832,3.6670238671808852,1.4770419858982997,3.784493165453604,3.1077332373144504,3.998969797840824,3.849863822713072,3.9998457875978284,3.6445453918848685,3.8209224094184733,3.604901601579913,3.930543411447032,3.7630130039502796,3.4563024276402814,3.6616151026947907,3.7338119556002747,3.817028184201977,3.4963452333941114,4.186995793071021,3.7858212621366945,3.3621364020587707,3.487040984716724,3.1056952966215756,3.6041750313847545,3.883326986253959,3.639969373150923,3.629534734769867,3.8330071867940534,3.7675169932387362,3.818583574995798,3.8450734731345113,3.475434155286173,3.769873073851357,3.9736321909452106,3.8131041570351454,3.5957924471958305,3.733488230093636,3.658549368611848,2.974033143871708,2.7127192738096633,3.1807412909159773,3.603629420504521,3.4113157792747217,3.0139583609979246,3.293399728071906,3.8620229640118082,3.9457713047782446,3.652386240882534,3.7861342794781763,3.5531796472121155,3.5555095594542334,3.479334843032592,3.8386190971605787,3.4627769388063676,3.817859089449065,3.477002870324701,3.5571446012564034,3.763165507105045,3.5715781948628162,4.000618442233896,3.821299534904311,3.586601540956169,3.8336829729281225,3.6141740922858308,4.048577462612352,3.776376825691465,3.804850852748441,3.3815834981241975,3.582457439065905,3.561464520005253,3.5221024655603093,3.9799294500622415,3.564528923039578,3.645335635680733,3.610124427707276,3.7587618938070824,3.71479853212374,3.8327514449440065,3.6938640769204985,3.3781933915384523,3.9736096909209295,3.916909558284044,4.0494946705023525,3.716904655322997,3.8733977399830124,3.633355417888198,3.673276411993388
3.816381108547857,3.8637517194905544,4.212970085785582,3.828296366540788,4.012121891070917,3.9324874931260414,3.6821800895648145,3.959993183427444,3.9228184733642446,4.012796118495284,3.8216768213603185,3.796194903738628,3.7775010561369933,3.63118885577992,3.99488045641995,3.784493165453604,1.6581026176646696,3.991256930556826,3.927232681983638,4.046995151697207,4.0818256881493475,3.8028562301218356,4.097986351196362,3.2032534744208943,4.169304971762732,3.5589569254684217,4.14670699553437,4.138089626820255,3.659440469620605,4.209310566722315,4.168214698974661,4.288861806063017,4.099905322574038,4.041692628863815,3.959943172831672,3.9721249844196254,4.045994510180015,4.088467775486032,4.420920341454025,3.8784488827290153,4.0162963910021805,4.096999537090015,4.030077971756186,4.035190286644207,3.9155820009953253,3.9721050850523523,3.8763145684009483,3.985733296135172,3.5979326406873775,3.9525464581509113,3.8517257423516833,3.92990332096951,3.5943734080773364,3.867249891900218,3.7088574078149192,3.658594807143817,3.9744324960392237,3.607601932150578,3.818231797940232,4.1485886815545,4.047295930134701,3.831640015045642,4.131380300424908,4.127588455813565,3.7719124996225575,4.176025526829141,3.369531430340974,4.067013844594774,3.315801215475254,3.8455744861611216,3.83354050018601,3.539841427394526,4.10034336663687,3.6709543833246565,4.083027934984541,4.016293362510034,4.014815371208942,4.134378716136775,4.141287317796178,4.265024303478293,3.569226454555427,4.169020288728072,3.891791328063483,4.042901882926683,4.2630111384629314,4.080243304607555,3.934250406377612,4.01203643262713,4.190946959729904,4.052749077503231,4.105126380351627,3.858084757836099,4.001327737781159,3.9337759154315206,4.040761163766394,4.020914095328616,4.050188881631962,4.108027075705383,3.7803758676802386,4.078470798662181
3.969418583297266,3.7617332160359607,4.4099239140276945,3.327722917698959,3.650621767431123,3.663850308911816,3.186824121967641,3.567508539197288,3.9435605312757103,4.4823651356722225,3.851273977929989,4.062392843789914,3.679594241256209,3.778443981284071,3.9291932863818286,3.1077332373144504,3.991256930556826,1.6072883354817933,4.223095557965324,3.441685326495925,3.4056731360977723,2.841444469185151,3.31934907419247,3.895601912653085,4.064861341740427,3.5608847015513168,3.660258742219362,3.739896905085589,3.744682378072808,3.830999239336489,3.7861645008669482,4.102376932052212,4.02880357437252,2.3163641121565886,3.095131570748305,3.6060968345785245,3.595770179093576,3.970187195465147,3.581627673458181,3.5342920106374147,3.6231501052845774,3.9699106408240343,3.99666737969541,3.873307813917481,3.6365844311362086,4.113798291625658,3.756070079964908,3.527807509604397,4.032773638765278,3.6267247632387907,3.749404506127226,4.028697466831725,3.45156526747246,3.6608385226774405,3.738340055624877,4.140363818198358,3.6084784331424324,3.8080884860988733,3.75840420592896,3.6798211473434534,3.7638638642896485,3.6391745858465683,3.619527401553781,3.9534737831502684,4.097164547526137,4.12668803585972,3.335718109361365,3.745540546705381,3.169318705098428,2.7331180697303323,3.8439263124730916,3.3956628004052907,3.781517782610678,3.640422791697821,3.6154759463046573,3.8029099229644663,4.019595599542716,3.9766541622102203,3.888114593944892,3.704927475591892,3.926326066112934,3.486298070197692,3.7060395014382155,3.856544046408442,3.9217404956688773,3.8123402497712964,3.619915637089802,3.822873016387981,3.5311411180544625,3.991419240531447,4.00595941224746,3.8430016735352392,3.54727729882922,3.8660226667352635,3.968745554967599,3.769382194359629,3.997155298646277,3.8241365209145384,3.7315752165488854,3.671259325477185
4.096814678193187,3.6502264352091474,4.100995932105099,3.75625428894282,3.7030784372386036,3.99314338142967,3.721553404222717,4.277972611700471,3.6210389705558086,4.064298543036902,3.877196881901884,3.8062715869718855,3.8476106011642397,3.0657738582233183,3.9827616534819117,3.998969797840824,3.927232681983638,4.223095557965324,1.6755209419856576,3.9084286985267336,3.5124631679150697,3.969953167954695,3.6471112667934067,3.7874266044415252,3.592224110366518,4.063920358426245,3.370253972272519,3.6522551298564228,3.861382616302166,3.7764043644588945,3.871307433555523,3.7505575825817363,3.9561058418564827,3.7422928924655956,3.417625683614276,3.865202541999275,3.7054444166609746,4.051763366920458,4.05382456520028,3.7753374605800936,3.5969944857803067,4.231774425473508,3.408208408490554,3.835876356176311,3.41220853090033,3.99852901470228,3.599868669838486,3.760322813182855,3.959926306160694,3.6613233699903356,3.8241678296238693,3.8721187800754864,3.701084233120452,3.7065134183074258,3.6001086139471936,4.142089194848282,3.770347794641751,3.448661658529413,3.854841505923785,4.011260379170007,3.8218689197341837,3.461215920903358,3.671121239392119,3.8487809500674404,3.963073482545443,3.751380814978867,3.999706091411519,3.686018322209984,3.4096452023589854,3.767797608235143,3.8470518648416445,3.7986520492762597,3.812373601540787,3.957295990734733,3.642504937186497,4.109538425573481,4.048079519129639,3.618416063290576,3.892690798030061,3.9467981605895575,4.068653389694299,4.037497855517186,3.615933412371648,3.732212735295137,4.215994458888343,3.726740193803547,3.8749269043936887,3.982776591278135,3.7028582872797493,3.8411452255054512,4.011953980649828,4.077371094381576,4.21454133943,4.091160865337206,3.84459897236694,4.021442044713787,3.7263276272872052,4.109740916879226,3.9026561586792283,3.853539151955983
3.914930152451476,3.4461900722973606,4.156711799308185,3.4549467881740386,3.5944332393179854,3.5209155839484785,3.535429495913166,3.647474913410115,3.794715158523881,4.026240177942937,4.039470335004151,3.7176039660181557,3.7915148717792757,3.9235326275993865,4.307040964109409,3.849863822713072,4.046995151697207,3.441685326495925,3.9084286985267336,1.754113834969582,3.6713016818759536,3.555536943767215,3.568161707920408,3.583223836230447,3.633700546311834,3.488498383051708,3.6045475286722004,3.317092127135083,3.395315769322184,3.4425225723157733,3.70753177991381,3.7994131750821096,3.891249563095283,3.156336250633498,3.4866480740486283,2.971141904340541,3.2665677620205433,3.513798428516802,3.411687281261465,3.6578982297377114,3.735045124318602,3.5202424712067133,3.722190353039353,3.685548467996823,3.218358285721397,3.861034511765342,3.567591157767545,3.672617941389185,3.2893342562802474,3.398679666110273,3.6291784728181944,3.214575354037411,3.1275472464720617,3.101900634713312,3.1244002132774904,3.3313114869710634,3.1278362947660394,3.1774909117919523,3.2878161506530814,3.5064122125507797,3.6443607059839733,3.3743589395329625,3.487285349040495,3.646371145652159,3.5728306429560517,3.551212727835235,3.048087830066578,3.681636393935369,3.5022106128138124,3.0582034406704643,3.4543984532427396,3.6831274749662666,3.755362268793702,3.690009463652219,3.634146713295379,3.6089142523349067,3.736418385647051,3.5879145573731988,3.582074764452809,3.631364741465147,3.680145783304868,3.679187928698282,3.2613327106200165,3.749613018434723,3.705139875730193,3.756449590569143,3.3668873189705923,3.4705614169219547,2.9711742048497243,3.3394946499157228,3.9565890506992782,3.466235757117237,3.644371475021201,3.5301352489325564,3.494210103280268,3.650201722221706,3.735235580791111,3.6787367338146506,3.3406407392443684,3.4635754225713926
4.038527806094908,3.4271003441943537,4.132303955442113,3.5485978060285173,3.5633135524085646,3.577526208097314,3.546021602775862,3.5023141209957602,3.7439535573550016,4.259112652844106,3.963481819635762,4.02175066964555,3.6688325615820094,3.498808386105698,3.596040155967499,3.9998457875978284,4.0818256881493475,3.4056731360977723,3.5124631679150697,3.6713016818759536,1.570496404783525,3.7292171473167324,3.5769584935589465,3.5251628455761197,4.090105734058512,3.7503617259383026,3.720831385139362,3.8998733722221672,3.864402271322756,3.6133773946613967,3.4613159936791393,3.6172411738995414,3.8782265508157647,3.862561712386879,3.6860927992907264,3.91817319855053,3.9999822959236964,4.016843592160945,3.9871056726771514,3.9022497584174887,3.6455662284909454,3.8924011001739918,3.6223769130682792,3.896145103043655,3.5134846335822076,3.5437229450593013,3.445732895631422,3.589342853460214,4.063881746159267,3.8410948019240654,3.7182453042000643,3.773144877145668,3.5947085714078777,3.5310531746343585,3.8677889050766137,4.144664415821563,3.5746869729500803,3.5386015128014625,3.653603785665103,3.8667901281536823,3.9419023748621504,3.7468100407820777,3.928260624322326,3.783073935038789,3.6018000403432757,3.9116393490297368,3.499801292171295,3.980846451067828,3.681063815273236,3.5360187124438966,2.7645183726608598,3.825653646508475,3.328379966220701,3.7784508218455874,3.790535192823684,3.7421945171333024,3.5438039687445415,3.9365333883075118,3.50360069946673,3.6020647831167003,3.730807026171692,3.690079925119714,3.550328984405368,3.7458124215510358,3.9153478623421263,3.670732259919873,3.763553022990585,3.667624566338873,3.890969044863912,3.83543487621247,3.7640995125087535,3.7596322531818673,3.77047532458696,3.759416012964811,3.968265361123058,4.004349498270769,3.686717812574177,3.447929941074658,4.166401596011298,4.021124754263802
