0,1,2,3,4,5,6,7,8,9,10,11,12,13,14,15,16,17,18,19,20,21,22,23,24,25,26,27,28,29,30,31,32,33,34,35,36,37,38,39,40,41,42,43,44,45,46,47,48,49,50,51,52,53,54,55,56,57,58,59,60,61,62,63,64,65,66,67,68,69,70,71,72,73,74,75,76,77,78,79,80,81,82,83,84,85,86,87,88,89,90,91,92,93,94,95,96,97,98,99
1.8955713744759712,3.4209831455413937,3.9077644628161803,3.922380810515223,3.6888778691492288,3.541218936742175,3.536108042980783,3.9340119056294562,3.9737101525482723,3.3779167705983943,3.8112243396775254,3.68905708499328,3.467376777869314,3.760227089355955,3.851277549680998,3.2381701343902036,3.6501873037176216,3.623573662501622,3.76189991710051,3.364967596117984,3.6866496496535173,3.755458079894561,3.8086659825518048,3.85948784726682,3.6392024090567965,3.6709303924803383,3.7920192516762943,3.634422901177479,3.696830044026315,3.882574437812274,3.791624935017843,3.205440908555362,3.6710073403934462,3.5323706961715526,3.7300961165144724,3.7524845121471877,3.69500521733296,3.365851672130636,3.5912870418971043,3.697772301067148,4.003507960094375,3.891888523302435,3.4480766616857568,3.8673445715828096,3.531525272574561,4.003810693071005,3.483585862471175,3.8849509274090037,3.6906856876519583,3.631276850170005,3.5655214812520937,3.6149909530466577,3.56345776163365,3.8609173996607145,3.8715511874710584,3.863653314847364,4.0554192986941136,3.8917441515305056,3.833812691755627,3.7855087801403613,3.8021071646745814,3.322396070674039,3.758320138371687,3.583806116566667,3.976243406553699,3.6982175338443763,3.6473311483375825,3.7084317187913984,3.770723176732312,3.682311103074909,3.8401522383075446,3.972537060860747,3.968749301137481,3.5943865315173467,3.6367093953366276,3.629225567688556,3.663244318347018,3.766877390470822,3.3528521342450213,3.713257519773342,3.7044704351893967,3.6411821572496095,3.7465299028123202,3.458356662556616,3.7599999366191525,3.561166450277202,3.7368925660334087,3.6844154076065374,3.6477781589476344,3.4379419228947357,3.4381182516641293,3.826626599202019,4.006255108330615,3.846852790156996,3.446692108051371,3.617814413484163,3.3726023021912908,3.771772144166204,3.5722290694822334,3.376105471791803
3.4209831455413937,1.8341746713385596,4.080005923778465,3.2266270905506307,3.206511363743786,4.164329948383971,3.5558025913606595,3.554807225215018,3.8283778641919985,3.6456507489330674,3.6048604688335795,4.262134347133234,3.8304626485239752,3.7298138629798907,3.629852894856232,3.48318402083792,4.129612360051187,3.833666062536886,3.9850445555150884,3.6325687714275112,3.5456245663770547,4.100396317932634,4.037970811013808,4.0034451120358945,3.725276887998288,3.9528354585443877,3.850351395868024,4.103967833512621,3.852113953383355,3.521250030774591,3.8784057069080844,4.252629343131859,3.653094702609843,3.9739502651955356,4.045257765728065,4.071652797190582,4.015267554254323,4.188503333406192,3.9266144299545185,3.650357643986542,3.9075605057125786,4.307417070008929,3.7243516661177427,4.151115297474892,3.639512158299947,3.9879788669421488,3.689557456485396,4.1956383957362915,4.115381662700358,3.9387730385094666,3.7303644198223758,3.333278994401475,3.058706515709675,3.911763527045513,3.937611376303905,4.083068711342857,3.434824230008131,3.4287224230269304,4.052119306918571,3.5913394320396317,3.593217945713163,3.4073190604126324,3.9171732818491902,3.945410474269684,3.916200145880566,4.016951957554444,3.741572956451612,4.068629815731433,4.015430794666183,3.776675873531763,4.14610147730007,3.916271370852268,3.7782935463019873,3.7360279654529545,3.6681591573177474,3.923276886793142,3.8734641126611398,3.734090653317378,3.761700129560192,4.131997512130087,4.068308643689598,3.4522013452887164,3.622696277681614,3.6817352490118136,4.225821669759965,3.934448164732536,4.010200720485952,3.980998458972763,3.783469570598093,4.096812950662219,3.9238910247629946,3.772094676185639,3.6223584846475734,4.01530388692831,3.7300694405592907,4.202315096663702,3.76116046955244,3.7598717679410916,3.8822854668706746,3.946288774679251
3.9077644628161803,4.080005923778465,1.8386794610871846,3.462504245534752,3.4295153769928812,3.7643757349156255,3.5946257270908655,3.5544135972860373,3.4214148179637576,3.604969242154479,3.778363234443338,4.0524500864279185,3.498205344020292,3.6730809942647724,3.87700003212762,3.614009746555769,4.09024568006519,3.881511423608937,3.8948375596741065,3.7779148325587295,3.698232125682803,3.576453881873674,3.630558580642214,3.7770451404524823,4.26144947989137,3.786419569960769,3.7094270566508865,3.572987471764751,3.768210485902402,3.7214982341887044,3.739205757703727,3.866255557817327,3.9256320957190036,3.607879149327322,3.4617166575490272,3.782165916869029,3.6330414606340025,3.904802629413203,3.4478591853781495,3.4743630218876715,3.4777789439158697,3.876701232947253,3.6011043140237495,3.7394025562760564,3.454359543099844,3.430873653916924,3.0349780646781555,3.1795345511022384,3.6953886447095043,3.743955094745743,3.877196512118177,3.7253782622343836,3.63033217420129,4.083829343182677,3.3073755322050697,3.514316625736638,3.5773868320644007,3.558834728284432,3.709404942279823,3.953081904493781,3.596688295106887,3.3912667671592143,3.676309888118342,3.7581184421018596,3.845021049425737,3.7818906621865755,3.4670240610168106,3.7425647082742834,3.749767860983023,3.7624247100703636,3.5900226309989245,3.6719466918143264,3.9457667701288446,3.3895929578178463,3.687085941847985,3.8449773470126907,3.661860635394463,3.563931326018731,3.591166357533613,3.825012599250379,3.8340765693654872,3.509279365359484,3.442176296332241,3.5481310636691017,3.494097988808124,3.75176340763072,3.836195671446737,3.5479020637651444,3.7717836406053373,3.5413322908303715,3.753641470087741,3.7748067088944786,3.600035339179411,3.817802103584983,3.624027453316799,3.853993221227779,3.5136922169640252,3.4395456173054777,3.7519021916286164,3.760950597074771
3.922380810515223,3.2266270905506307,3.462504245534752,1.6927126321498178,2.940997980149547,3.930446211820211,2.9680116239832204,2.787849026635144,3.267630311976893,3.33474465567517,3.892177675981486,4.172316800738671,3.7041550433913817,3.6553093126164415,4.132933431860318,3.823151439985524,3.9567077459036826,3.8203782117900746,3.778829208227391,3.9138676478491843,3.413720626221329,4.137213394316138,4.092834957921923,4.041421506431144,4.146923630575574,3.9436758581458755,3.603844712973134,3.8100138555633176,3.449844959742514,4.059331122745044,3.3877990046288775,3.837440135166073,3.697130855261204,4.016412350471949,3.5785672881175565,3.807643737960084,3.726204434427489,3.8324401299650295,4.062796498454644,3.5870722939733937,3.7828675785014885,3.783781164428463,3.325281361905281,3.719538617900831,3.4686078758879666,3.5091239833204697,3.582109446368867,3.7760587629335616,3.8069230412734463,3.827696667976414,3.705154765887103,3.7732804939798,3.6510340926893052,3.428068039269752,3.495638512950495,3.724159044433366,3.222274411901858,3.1514998646178114,3.921410393888371,4.000842905205492,3.5640259588315004,3.331390719261272,3.5462879331382533,3.865284182578243,3.9738068667267172,3.8406897400032487,3.5183341714179384,3.6970554051525055,3.844640846688045,3.512239042329903,3.760503235557515,4.239134094995681,3.6068065725848095,3.4922749992954274,3.748757181379256,3.9793161060485907,3.5669884721239327,3.3614206508639874,3.5002394100925467,3.9685949978530015,3.9103282602659837,3.8999036406215044,3.5876044847484447,3.743138233560639,3.9006059061312666,4.170189691052447,3.6574323703764464,3.74183737858588,3.3727559121556387,3.5236482288467434,3.6405788742776255,3.8262403015322013,3.7094110265707516,3.6432070426359324,3.783267382291028,3.82519810625579,3.5540566536186287,3.376891859242351,3.8778893366164504,3.822478513902498
3.6888778691492288,3.206511363743786,3.4295153769928812,2.940997980149547,1.985477403324665,4.319401069342032,3.4990160210016406,3.3805243863379655,3.582935670572922,3.8408767999053945,3.871735695565017,4.103576786719666,3.849022044513138,3.804718240373184,4.04531325056632,4.032276804879031,4.04450266283795,3.827625000766903,3.80486882300233,3.6820996312401686,3.5899540239613703,4.4711894141014445,4.1487147502387245,4.239380324508704,3.927660338166712,3.9242665419384384,3.908064597455921,3.7243199709157135,3.6019902214929735,4.009185728594545,3.716412877692781,4.156503524526265,4.037267581630663,3.83713032932677,4.272911937243282,4.012451535297039,4.0282232179432675,4.063481846166659,4.236957589709785,3.6325689593735295,3.86712017346332,3.884960410502307,4.008227023017922,3.852982638118667,3.4751632718200938,3.9772202095798685,4.003227341812814,4.0172314940663645,4.00156290266247,3.9379536502927515,3.8164286951693893,3.4578835294499393,3.295626427807067,3.764330957318699,3.4547617049189796,3.97174050497262,3.5980083508026404,3.579606044193125,3.8133247874200356,3.799884895759615,3.4815903097170806,3.654949861043273,3.948885671391505,3.978990791201555,3.8502480343138235,3.8928509421386197,3.631232614762466,3.8102532875391146,3.921479694173564,3.915767883693018,3.7759151090540923,3.761199467689238,4.082076396025113,3.8375014651826764,3.7268674815432683,3.943789879197831,3.701709163995598,3.9498762881137726,3.865356118596597,4.0313761460545905,4.0730897662593755,3.5245334920452063,3.928183068640705,3.9244433568039514,4.076593940141617,3.9395168833046146,3.9889981834072485,3.865919179343502,3.86552531255497,3.6166500316631303,3.773558605443088,3.740682754496593,3.880012033736271,3.8740814632488743,3.8922855593712034,3.9541787590509028,3.8169144871821685,3.6743142170573244,4.024191980026103,3.8757243431141366
3.541218936742175,4.164329948383971,3.7643757349156255,3.930446211820211,4.319401069342032,1.6341907336606092,3.7697599695239474,3.7444292497907767,3.7447998700818506,3.534153619704602,4.057893006964439,4.4054716445003415,3.8123149893059924,3.8299298784432603,4.058788511689535,3.7396297363097446,4.484265555904737,3.7915096706281464,4.332807521820134,4.128359115464979,4.005731669948086,3.972710378076705,3.832250991364132,3.981536402353624,4.538488324373146,4.008598656023205,4.029121513597673,4.214743437028636,4.094319054826061,4.293584271083276,3.871609279760221,4.098111746011058,4.019860545461506,3.556390662800267,3.8811076879336355,3.843499931191694,4.006480629355433,3.4408033103353226,3.9017959525012396,3.747803784543562,3.7884908219977103,4.258173379719011,4.291579784364917,3.6281295089744168,4.16346195689619,3.7879829859281657,3.866175775473863,3.767369290673303,2.650324327461618,3.5225660025466308,3.6153038518810003,4.067651522140443,3.9816829176658968,4.430254369659192,3.122806916094502,2.6424585108325442,3.9158151244576738,3.5154989052262344,4.448949480219615,3.9566061773547383,3.833641310726739,3.7812855488326216,4.130890020532812,3.8570249924544298,3.981792030773159,3.6932085302942785,3.699456001404431,4.336912688824479,3.8686515535575765,3.835881531164634,4.109152097298236,3.685628575606656,3.941891772604616,4.122733570949526,4.428694878017722,4.45974906282071,3.963178653835086,4.315891692877818,3.951371515341476,3.934188158666505,4.418506561147547,4.136753143193389,3.840549766290208,3.494086511936238,4.325179051530935,4.10666174335731,4.370986285770425,4.234456494861482,3.853535644040492,4.216444739139789,4.139617989808588,4.234145512992822,3.9027950104963303,4.236254201889474,4.129960033526439,3.3139275334965625,4.1275091589303186,4.110681938103805,3.3140514241096275,3.853764072415862
3.536108042980783,3.5558025913606595,3.5946257270908655,2.9680116239832204,3.4990160210016406,3.7697599695239474,1.7940157629011881,3.4361584633472115,3.484743774623442,3.0625827076207583,4.012270209369708,3.81628621516388,3.5796824395827285,3.723708498302306,3.5327322157920165,4.0166008816529555,3.8429095347705413,4.075624956892399,3.7344855063260547,4.076106696114001,3.689277186262277,4.133695650943055,4.249467397795263,4.015295048191572,3.6234654730710196,4.253484690458035,4.456512145241406,4.261122278256134,4.061892062886823,4.08995632125726,4.271569890371681,4.127561362467455,4.191928664706053,4.140727079168051,4.105880114906037,3.934939182320817,4.200349079194704,3.9731706341006747,4.1454481034603745,3.788704695298671,4.281731553817721,4.480035920035818,4.109950889991309,3.829976455390854,3.8152335486382483,4.2077040468844755,4.33125451571751,4.347368296802998,3.9645537698842674,4.137538890318263,3.9361524968033446,3.855978789186543,3.511803137548952,3.9862613295214997,4.2017812086956114,3.5137710600215097,3.6641425279716024,3.2058449589028464,3.9994060632804938,3.4267669505139113,3.503683220374533,3.302809847868545,3.8012356133550935,4.050400970474672,4.093800447784195,4.188617046494062,3.540745658511822,3.4338075176163994,3.8643768728937826,3.6984871820685536,4.171684351206509,3.7188493407603556,3.730788892641065,3.8727192257658043,3.697934133116827,3.705347128949651,3.784936342370618,3.9089253316298564,4.540375270385334,3.848271719335358,4.250465096969856,3.6022772270691257,3.626369368652512,3.570021292396953,3.8433819250389014,3.642739246907195,4.025569685582441,3.982604775988581,3.6864082021975886,3.924834757346256,3.812494891995167,3.629158860220772,3.8372760633738587,4.179291432248329,4.171420655506398,4.00565425774414,3.588891875825256,3.928473627632866,3.6093720855827347,3.889403131423749
3.9340119056294562,3.554807225215018,3.5544135972860373,2.787849026635144,3.3805243863379655,3.7444292497907767,3.4361584633472115,1.8946082884569793,2.799375748726675,3.623789774764533,3.947242666356202,3.9380007976644067,3.5063477913067453,3.4781958844299177,3.7058954917600504,3.704667672863053,3.9027776209072638,3.5965893921489367,3.440922210260914,3.640497118470269,3.803397912231165,3.783589734038515,3.7799721126342485,3.9249908255370562,3.7287983870071884,3.7871044223959416,3.638512111098853,3.5648994127020988,4.015332627440302,4.13035024268935,3.987666159222749,4.1938189861329445,3.9950259336344014,4.069784621367536,3.8122563871033077,3.952718385124299,4.074449474356912,3.8197081214092243,3.6171877775478354,3.5785389744738647,4.047580550217146,3.857513069523095,3.9610748513932084,3.7636130648881627,3.597280826264261,3.7177392847512767,3.7379761267694875,3.626601896560653,3.7018625332933013,3.7615404217653867,3.49859755255504,3.1553794151424075,3.4322034211545143,3.904775405205073,3.699060653178554,3.544854031017322,2.7297734544180403,2.578256830641929,4.115480407072844,3.8226398057163613,3.605653813985582,3.443112735854328,3.7467899124157475,3.806910252371004,4.043939460382487,3.801170737957358,3.4251147445153456,3.7523476486078837,3.6491597213326186,3.3888552768243105,3.570670220888608,3.52196690556616,3.865156100304976,3.5416100798753116,3.742506202037827,3.9021267153101262,3.8278030595667705,3.4553641592689317,3.8887165308550116,3.986957364826563,4.173097772911507,3.7119175612415827,3.5611343862298552,3.5363508430784405,3.6186271129658603,3.624088166900932,4.287697433636194,3.5379326393120705,3.5079211010550786,3.839748928384313,3.758143557256477,3.699126233035816,3.6019726727927996,3.8099299776026827,3.650437367363584,3.8890281779526217,3.517812776428407,3.5655287368613298,3.557032370796524,3.67834872615563
3.9737101525482723,3.8283778641919985,3.4214148179637576,3.267630311976893,3.582935670572922,3.7447998700818506,3.484743774623442,2.799375748726675,1.8542622618922069,3.583810557875636,3.9470930894602088,3.753347334345177,2.902400769774012,3.5134179176310725,3.61077769695223,3.728440570713579,3.7135575346596066,3.6333922081505543,3.73534299923523,3.6627510108619155,4.022013518768353,3.9722089621887826,3.604032165282026,3.863265546052809,3.78990400437381,4.0034888365776915,3.5068017449345965,3.767169764064009,4.022329033870114,4.29070856911263,3.8925702965865296,3.829604491185467,3.941159362801187,4.217561993628057,3.819817068608239,3.413815895909819,4.164657954237972,3.7906781949347716,3.7999796443525047,3.6295329332122606,3.7277079446651107,4.065768953094461,4.044335694700183,3.526192506986,3.6749165344656864,3.500244472431127,3.3761089562949014,3.5406954678228306,3.6888687431689258,3.47482609540679,3.7072873856405355,3.62682681535301,3.4052866007944016,3.848959763396066,3.605429325424694,3.360157217055538,3.4372056056957034,2.4740192266831627,3.618308069363778,3.701968802865969,2.852539459028257,2.6178899869554013,3.487651487685233,3.7153601605309694,3.9899591405363344,3.8993188027646966,3.268269878034618,3.7239748826246077,3.7342974335135906,3.3515303754019863,3.7670886180556917,3.8829714118394856,3.5049617108504747,3.537242849518991,3.3079500005369673,3.5244669342931996,3.4752083764121435,3.664677094785951,3.733986766898251,3.849967128639934,4.005404908561069,3.151225570097681,3.3595154298432237,3.3495422358218803,4.142176955031392,3.4257482694160117,3.8904451250687466,3.5572719682450127,3.2906653505628674,3.4490719025992,3.8321052556580097,3.5416004385063564,3.039699775251933,3.6824432969009866,3.761765485001178,3.542169910668471,3.174392050275991,3.345773242212375,3.5919258828714407,3.5792746188450946
3.3779167705983943,3.6456507489330674,3.604969242154479,3.33474465567517,3.8408767999053945,3.534153619704602,3.0625827076207583,3.623789774764533,3.583810557875636,1.7524665294059418,2.935982059483018,3.2012928592265166,3.808937386614838,4.0328693870800105,3.8783239515114816,4.254255829157678,3.8635400364976493,4.220578706939287,4.22211775419956,4.274547922716464,3.906490309758449,4.362836510677254,4.1024076178751505,3.7205111520264356,4.008835009190923,3.5024038647739157,3.912157021474709,4.284859760105283,4.295946775036415,3.636194554511266,4.188910367515804,3.76996156426898,3.9336404642120706,3.9468906732743263,4.384236379628773,4.250298185056442,4.087479767551828,3.9262409070932773,3.806584360724345,3.1893781796660745,3.898677702118394,4.01558432885989,4.160372354026832,3.8422140951046067,3.872277829377383,3.6059746753553688,3.761198644130011,3.9352493747410224,4.143596863839862,4.072157087141607,4.041246937881571,4.075746764134848,3.720835535340807,3.743138445326378,4.0241417065820855,3.9503358140627314,3.6687845699910726,3.8654222318306997,4.171836954934377,3.163671092912261,3.676292054128798,3.702209453166856,4.093838709375241,4.245229602248446,4.118292476856743,4.26253841882023,3.9120717172297246,4.069661014304466,3.8006779196484914,3.8476172367517143,4.164011227701801,4.145687605795747,4.1101831051390585,3.5043278845342654,4.060106355729702,3.579811663810747,4.086772780968341,4.13968496787023,4.035413622798976,3.6944453003537205,4.120198662410509,3.976935347726212,3.7563145869163392,3.9819207443374145,3.9699147269592077,3.9415313847870492,4.095408423028503,3.938972549998354,4.0087226611440885,4.110719244129253,3.7241145301458203,4.210995380846802,4.155153294909134,3.8798119968989773,4.122354771944963,4.08963724410284,3.6818709401160055,4.133631471694709,4.010225952555762,4.223685822447622
3.8112243396775254,3.6048604688335795,3.778363234443338,3.892177675981486,3.871735695565017,4.057893006964439,4.012270209369708,3.947242666356202,3.9470930894602088,2.935982059483018,1.6024453448948508,3.563276641123974,4.077704659242655,4.399708783922034,4.332146345884561,4.4519391798300285,4.326063948882628,4.319124103635716,4.612691181511134,4.303364188857076,4.076510297245195,4.580094867842914,4.3039376049406695,3.647481770886918,3.878955411713257,3.67682036601261,4.047744265728944,3.9163462929219124,4.203447162926235,3.773565592526483,4.430304959913945,4.148670394329971,4.766191623925721,3.97214578796494,4.538718022625329,4.489308643087221,4.260633887763406,4.08102268078775,4.3809430130294755,3.976301264479572,4.424211451340107,4.418761237831226,4.570173390336375,4.558237887161018,4.249903772469702,4.185655853383801,4.090977688313053,4.199463288895992,4.59586031340088,4.281902217591824,3.794402839136904,4.214969064853229,4.009370259923979,4.39620837436852,4.372606891204825,4.208857086651932,4.1691493538298605,4.351625442674402,4.151806436706245,3.252268919375978,4.235531058169994,4.050404044351756,4.477161021641467,4.38456716348376,4.168708287599575,3.8630338273349967,4.171512638445312,4.162852396152362,4.488337773293917,3.981111570465872,4.498228441178592,4.351838126067747,4.287282149687316,4.165812604530342,3.896940093327585,3.572267414713816,4.744977113867296,4.396571713626244,4.556935119621858,3.8212286443765273,4.484740618806648,3.9642547597932136,4.306505952235153,4.167591311065344,4.594775086469473,4.1723348576319434,4.363608367811269,4.12428773373972,4.372370337764021,4.3599641350445735,4.165693261302989,3.8202672449196258,4.450290388886451,4.16415229369293,4.373606543638811,4.336339738212528,4.215652920640416,4.300634613520003,4.541808225350409,4.418450069461484
3.68905708499328,4.262134347133234,4.0524500864279185,4.172316800738671,4.103576786719666,4.4054716445003415,3.81628621516388,3.9380007976644067,3.753347334345177,3.2012928592265166,3.563276641123974,1.6768516997094167,3.8023172179824796,3.999807885588143,3.7996655408858904,3.527411897424895,3.3285585577019883,4.126004662185182,3.609883105028625,4.127306515945537,3.656702487627587,3.7208890186227417,4.123407027840629,3.119521099164203,3.5961065699575574,3.5239174705965635,4.334907950866224,3.8922255614289587,4.039798817016495,3.8838986495087777,4.32208618968699,3.8194820339476205,4.261680467896117,4.121193698519751,3.983423539749195,3.9902157798198723,3.8738140693054732,3.893733012743623,4.117492617919228,3.665166327503489,4.070005451645404,4.535204708821305,3.9502701100911652,4.257273286187991,3.669353425513017,4.064028395675491,3.8991637988516654,3.9937651341140072,4.195329678637996,3.9541370377202574,4.09142039082637,4.232223046091585,3.872133067898995,3.6697504859785677,4.069904348832482,4.3290085124794855,3.9238846959075255,4.0544999071573296,3.519598355904099,3.223932609634412,3.693799230129158,3.5065791386432132,4.320267584254276,4.244216641074091,4.402576076732022,4.107847367502267,3.874365440956453,3.9436120706487254,4.0537127201779075,3.7252852923562094,4.072266657582452,3.746553092569154,4.2775327580735265,3.565164508626858,3.2816436716945514,3.463375741681067,3.831084349633487,4.132857189551705,4.1552156019378375,4.199454855820911,4.2268372164778985,3.6712237732202024,3.6633572649388757,3.57208554159584,3.869954903281383,3.2947186438220935,3.898974049722808,4.043025948850112,4.011920904910239,3.8702761021175043,4.1197015329803985,4.204662826277031,3.8753121949232026,4.127125533880145,4.264613216169086,4.492954833532944,3.929864164290479,4.104679181534156,4.225702754046674,4.14613786480521
3.467376777869314,3.8304626485239752,3.498205344020292,3.7041550433913817,3.849022044513138,3.8123149893059924,3.5796824395827285,3.5063477913067453,2.902400769774012,3.808937386614838,4.077704659242655,3.8023172179824796,1.6927546541768423,3.289411947810057,3.419647552556426,3.5035951167564483,3.40953848632143,3.121473726869749,3.709387253611918,3.4534892579320235,3.973344549524885,3.593607991801573,3.5215673562055048,3.7126799117989107,3.413149670373979,3.699159116009255,3.5901588858793745,3.5345472602360477,3.7484492272000147,3.7045566365585882,3.6903858958045355,3.4927095346034287,3.6040938923708263,3.7783297806850538,3.5131381677986995,3.4639394209717698,3.671912579672454,3.2965741085919023,4.040836989203864,3.706393347608354,3.693547877889338,4.036942561643352,3.4647207181505317,3.4505014930413354,3.8000431481545203,3.452190514776561,3.4934300821483353,3.5256578382798582,3.8055759714608217,3.8369483359166154,3.6349126892094423,3.8143573388660306,3.3563849062187012,3.6944234917081187,3.679905269574486,3.5917682673178035,3.39538625251048,3.3997575097470074,3.5815686708641365,3.692581618055021,3.029751367087566,2.3428376408410534,3.0890533998237006,3.626037533491193,3.778519569650121,3.202158156515146,3.332730376751193,3.274494858458663,3.4068249056525106,3.1499438097369157,3.720496310840173,3.6818750509041758,3.291651672233104,3.1987786212688616,3.2689535429106606,3.328813149076949,3.3271664062908592,3.5563785564813832,3.456756727610555,3.919352530792679,3.679422579723316,3.4539835786088213,3.3123405643879646,3.3994152243200184,3.7655642057320033,3.4208543240605174,3.5704436281768923,3.067844307639529,3.278607251937852,3.685968399214213,3.4776516533930617,3.310031916343514,3.393393316821336,3.697777431688638,3.651802046755982,3.7840476117886097,3.3907416629323364,3.45550893550154,3.385671495360206,3.5021090117451115
3.760227089355955,3.7298138629798907,3.6730809942647724,3.6553093126164415,3.804718240373184,3.8299298784432603,3.723708498302306,3.4781958844299177,3.5134179176310725,4.0328693870800105,4.399708783922034,3.999807885588143,3.289411947810057,1.7944831602827196,3.5078963603190227,3.885255667091841,3.377853736843371,4.021589954993404,3.755092642436032,4.216133746567397,4.340361898538113,3.953508669890809,4.180952962832934,3.697711131949245,4.130198609122916,3.8998875632573027,4.237152219727852,4.392073069345732,3.937734426836954,3.73008733651741,4.071448041857064,3.826845774355263,3.7274174136087845,4.027820769088109,4.009522826298221,4.1373478611649634,4.082317417294252,3.9618662631900023,3.752358055552091,4.033769631746178,4.013226938822493,4.642535083094698,4.012738015475147,3.7483792979369523,3.7760669226646426,4.018642263407357,4.388760706778208,4.106053499881859,3.8428528289192445,3.8758301099567194,3.5655364720755265,3.3252853147985886,3.4401029549786397,3.8883711842131277,3.5399052042268098,3.97836849702573,3.8536325847777935,3.7027800393745407,3.76867290334239,4.064295167653838,3.8987274759776542,3.5119316457101233,3.6788906236574834,3.842696095293923,3.7420763895402516,3.7499882739285084,3.7556220031979475,3.669722534858879,4.20077116705989,3.9261959481453803,4.442178536994151,4.14324270235973,3.723247277713819,3.848546399664591,3.7153640123805745,4.019649345163814,3.8528685845738098,3.7041545036586574,3.802599008855373,3.8210159067830407,3.818841987097967,3.751055574766011,3.8643180340492456,3.475005623929875,4.414300925154933,3.57004792515153,3.5669642436026856,4.342995393234384,4.121414909454605,3.6349137692800793,3.908529549228728,3.567154152262847,3.7773610679829943,4.037682727688376,3.988625197698402,3.7577074246674296,3.679516540956568,4.036226659048733,3.7613038556048317,3.657932918089673
3.851277549680998,3.629852894856232,3.87700003212762,4.132933431860318,4.04531325056632,4.058788511689535,3.5327322157920165,3.7058954917600504,3.61077769695223,3.8783239515114816,4.332146345884561,3.7996655408858904,3.419647552556426,3.5078963603190227,1.7818046766550266,4.132437121877907,4.00278746633765,4.317853921879965,3.8221282427572976,4.392224691287807,4.1823917509812105,3.818620064181145,4.2854952533042345,4.064436423824687,4.1724828376407395,3.8536552615521305,4.125080749458276,4.5772524771909575,4.218725963898281,3.9143031558644927,4.509714223749011,4.344974145851149,3.9823462496631126,4.441834980233605,4.042210796605643,4.184704209515368,4.183887527426444,3.9231128633538654,4.234075207781223,3.9505265677577572,4.234265414470626,4.116174744219444,3.9792584281620513,3.836129631615157,4.25414246845622,4.163861380842658,4.158587307172165,4.22077929801862,4.378060523317581,4.459689706361172,4.01497381374941,4.2677558700652485,3.873564722672143,4.207943262098306,4.492786129389396,4.029638924089164,3.5870422610957733,3.673352238721144,4.177781050305847,3.8195501378881946,4.008997439293405,3.5180447786651294,3.8579651837792954,4.324173899042209,3.990168701001522,3.7480531049297166,4.053971474247187,3.98756150363737,3.977820121554688,4.059067720260651,4.056643299509113,4.162120681633975,4.277074757505603,3.6782391419472176,4.148881354912215,4.147947098309694,3.7583526693696503,4.108196207099027,4.300109934965604,3.834231587306578,4.597452119462814,3.8840248428376993,4.233071497799333,4.133853533715257,4.047670455711229,3.844305391793284,4.433022339385864,3.797668215998699,4.210377540621803,4.402807341525568,3.958629700528901,3.602758227604735,3.8475944096848402,4.34114867935771,4.413694625251973,4.222513016850451,3.586773089430653,4.127759346073535,4.098193667513732,4.34889912805305
3.2381701343902036,3.48318402083792,3.614009746555769,3.823151439985524,4.032276804879031,3.7396297363097446,4.0166008816529555,3.704667672863053,3.728440570713579,4.254255829157678,4.4519391798300285,3.527411897424895,3.5035951167564483,3.885255667091841,4.132437121877907,1.8069945724787024,3.660988133523178,3.7552022758837706,3.741379786071002,3.903830352112997,3.6998208593056843,3.6202872958427577,3.747553691461336,3.4279301459526748,3.6455290847669817,3.464176482577502,3.7927932896758736,3.6182896099924333,3.618461090898976,3.7268643418405314,3.586995119983376,3.7301636444518476,3.7546088218599163,3.544407122615408,3.682313885013969,3.441511732180895,3.3998128270769983,3.817362795899031,3.496205110664988,3.5132314790596064,3.642504765710763,3.790652014301489,3.8281185611524413,3.895021272952527,3.8563884912701782,3.7214989016466076,3.0927224146407717,3.535483733335767,3.738200311686826,3.663179198886859,3.6192784010102343,3.680648728348446,3.3292043837963523,3.9244493238145735,3.484779403928335,3.7470177569980025,3.6487295537460303,3.6846601010271485,3.527860120185289,3.435234774787178,3.352362016702164,3.326217396588276,3.5196192081033706,3.814148414368852,3.905800279026895,3.85327849175261,3.5513500081800395,3.8124175741990456,3.852017571401191,3.8226774622546316,3.692965572603682,3.693325870857218,3.803325526868423,3.4434162888563273,3.2633667984800314,3.5626230446119256,3.8015432146136723,3.8740617339351067,3.5493323662003387,3.8005641181045244,3.8380317089588423,3.409756156137866,3.3980109300287134,3.219273282000019,3.953034155917411,3.4269022562341394,3.4417465365243163,3.2644849520574724,3.668767793437727,3.596771229801825,3.5006037590048376,3.6893220113132026,3.8567088573959016,3.8649846934608023,3.8925614394186137,3.6358354970855458,3.5062239689293366,3.8041614600118976,3.7205307464599784,3.559644055819188
3.6501873037176216,4.129612360051187,4.09024568006519,3.9567077459036826,4.04450266283795,4.484265555904737,3.8429095347705413,3.9027776209072638,3.7135575346596066,3.8635400364976493,4.326063948882628,3.3285585577019883,3.40953848632143,3.377853736843371,4.00278746633765,3.660988133523178,1.7835003565442709,3.6666663185588373,3.0995635377178785,3.620682386696856,3.5920128379917977,3.8339472938200587,3.7497477596484052,3.073344596795592,4.0651616210869905,3.5242392416282216,3.85602814555891,4.089597972675773,3.3852573486476247,4.262197923627873,4.215091265846184,3.8403728074055383,3.715838942581844,4.174258461690708,4.28890681871317,3.9658200459512654,3.6550249371974335,4.359311723773013,3.954542556879963,3.9412114282619815,3.7222574124954506,4.32390143002385,3.6926543163971908,4.1027684107770375,3.896115420286684,3.78508818120257,3.5945908935241495,4.016629039075264,4.201341588941401,4.048612122639631,3.9583602489456235,4.065956736284058,3.479887874531488,3.548557474523841,3.8141138935306182,4.0146672096993505,3.7648752696281718,4.152280745285768,3.9048410818424246,3.7331294841587215,3.615590407389052,3.4440251512874864,3.829685429226549,4.409226383573942,3.9269419873584512,3.7717703468741575,4.181244044401062,3.4206219288238104,3.8409232112512117,3.5238579282058295,3.7323332797163573,3.9175647354721677,3.8530475607612624,3.700413968432657,3.7472715133380228,3.829309708000559,3.4804778852956346,3.539501235461974,3.8538419391914713,4.2130605319167405,4.355372324399992,3.1635504884641317,3.704418666404185,3.457685537108651,3.7029439807794793,3.405264495491659,3.5915745385365603,3.4675204498565444,3.7337742869483193,4.456767734446787,3.4367533912845403,3.893221781103988,4.227034056999929,4.0920233393703205,4.13443622561254,3.8358578972091966,3.904317012608106,3.8799598531267576,3.8297231881218803,3.9673192764480882
3.623573662501622,3.833666062536886,3.881511423608937,3.8203782117900746,3.827625000766903,3.7915096706281464,4.075624956892399,3.5965893921489367,3.6333922081505543,4.220578706939287,4.319124103635716,4.126004662185182,3.121473726869749,4.021589954993404,4.317853921879965,3.7552022758837706,3.6666663185588373,1.9070283195938285,3.6161843316119864,3.0321969766682693,3.649331017658437,3.799707437325521,3.1970192251415765,3.481643941824898,3.4076353432120583,3.5720572986380086,3.6246707841795254,3.424752715865495,3.3393187293641855,3.4836256170630877,3.2097159625744807,3.4663945210146063,3.647633888474824,3.170945269436992,3.4694447058307345,3.4637093950474536,3.474830897802636,3.326665965665788,3.329359692176121,3.449089171881858,3.359191499884251,3.6744172057952618,3.376026295676581,3.5195390144248178,3.4218062399299023,3.223771673314851,3.0164948294866014,3.1942495942235247,3.304419851612207,3.289421871361393,3.4083963988512793,3.6276069998967975,3.1214533511237588,3.5955480859932063,3.2613341596212133,3.2972471323340535,3.3140060674532323,3.421617145756316,3.6317341627820015,3.6815608364242673,3.335795536433924,3.1383401955357395,3.582087362636879,3.362215446189201,3.5798684028114462,3.8639352457673475,3.2282095570825575,3.5953670758936798,3.326584914803543,2.6296865838264503,3.3676916011881897,3.540559304026804,2.9114267619448992,3.213007605698444,3.4052166419031997,3.36189377807542,3.182205943756449,3.6355162549574174,3.0958109212453406,3.7428825655182383,3.5553345969352037,3.359703388583427,3.133936799836801,3.4835280276582976,3.7560974578063573,3.549657158954779,3.5252698726840936,3.1142212255822184,2.702236493594989,3.469621631606926,3.4300336544582604,3.5717467826557248,3.3540279495110283,3.3704664033228053,3.319198261641703,3.4310304545838743,3.613166989736703,3.292159080250601,2.8031099495262275,3.197556981176021
3.76189991710051,3.9850445555150884,3.8948375596741065,3.778829208227391,3.80486882300233,4.332807521820134,3.7344855063260547,3.440922210260914,3.73534299923523,4.22211775419956,4.612691181511134,3.609883105028625,3.709387253611918,3.755092642436032,3.8221282427572976,3.741379786071002,3.0995635377178785,3.6161843316119864,1.6394245041514948,4.167739540248291,3.7614552383927253,4.033802682782496,4.105513920785289,3.850034008901152,4.062915650984614,4.305170956693157,4.221031619586893,4.256675513461889,4.150506782473656,4.154122330747622,4.361548494041347,4.167674946439399,4.514472851665737,4.331526372062603,4.16632442940033,4.410935521821985,4.198045285060078,4.452138160267398,3.6877018576774456,3.4391067656396666,4.339809033156448,3.968495513159549,4.308975679586636,3.871061517232113,4.20291778538765,4.196408988181436,4.105409407279315,4.368847227584031,4.3098891472898435,4.235303952565931,3.593724112261249,3.560028438619034,3.934953649523712,4.032679551450988,3.97173386614389,4.3436520419114215,3.770505472240721,3.262085920289133,4.122214514789954,4.205211029020078,4.2925494625838105,4.200805915594229,4.049818340121145,4.399109764515726,4.530389149459263,4.116967878170413,3.6845210527195675,3.4366623475632836,3.8973404992830116,3.836056530615863,3.672155175164247,3.8444957630152428,4.163040573812529,3.2546947014506133,4.148050251071882,4.507114818902642,3.7984466875922074,3.5482297738732527,4.17881426477231,4.255070843494335,4.28851868751126,3.6189038508102365,3.9242654500522276,3.7228971594662124,3.808744887491177,3.912131801030672,4.298250920345376,3.8613808084482173,4.448085406660879,4.114529686827814,3.915616904274683,4.099486361415234,3.4031011391958015,4.229634889488882,3.8179886315894374,4.094864907907712,4.052532396804046,4.30082673812102,4.595263811779656,4.484989964168044
3.364967596117984,3.6325687714275112,3.7779148325587295,3.9138676478491843,3.6820996312401686,4.128359115464979,4.076106696114001,3.640497118470269,3.6627510108619155,4.274547922716464,4.303364188857076,4.127306515945537,3.4534892579320235,4.216133746567397,4.392224691287807,3.903830352112997,3.620682386696856,3.0321969766682693,4.167739540248291,1.6726409889403424,3.313868397917592,3.959905286459598,3.79225844156824,3.53771415611479,3.8783239981058086,3.748760740448511,3.2883189011807947,3.313895319778152,3.508753029803825,3.543290799371196,4.102510768113585,3.7227466670310667,3.963243424973649,3.791497121479059,4.01923190317279,3.8688144430341778,3.873780167644841,3.405354218803915,3.854304414533034,3.5440065346275818,3.3570740625496818,4.0581686725253805,3.9858399022539324,4.077517215151964,4.124673770503128,3.7077795639240945,3.9395948722088288,3.8636147869925317,3.8192092703011187,3.4905813181088883,3.925516782518972,4.0140184889449975,3.6977326013820804,4.1671024403414645,3.823505597561486,3.6561629635211514,3.8152374960023887,3.597521224423781,3.6932577644835973,3.5780234289139243,3.7713597021206757,3.787627266479154,3.871111460902929,3.8725969095762123,3.9854705307447804,4.226194440277418,3.2759488891146455,3.861757165579442,3.89572665452136,3.4191894812216184,3.9617188201541813,3.7836684672341248,3.5007009590543254,3.7365742595164244,4.021339069336042,3.828615880743296,3.696854246275933,3.8575340809909147,4.160750398228912,3.701902197560274,4.021413355198024,3.298255964394791,4.168106098538677,3.9230435755380193,3.9658036096740745,4.239639561312325,3.9339197657047897,3.5000529660934907,3.4169116303842304,3.9623086811140267,3.3348816900773155,3.892252645360399,3.945543237429666,4.380354432254023,3.9900398727935698,3.717340311139625,3.8337174186567897,3.660277409963722,3.4959627665747495,3.415847795573189
3.6866496496535173,3.5456245663770547,3.698232125682803,3.413720626221329,3.5899540239613703,4.005731669948086,3.689277186262277,3.803397912231165,4.022013518768353,3.906490309758449,4.076510297245195,3.656702487627587,3.973344549524885,4.340361898538113,4.1823917509812105,3.6998208593056843,3.5920128379917977,3.649331017658437,3.7614552383927253,3.313868397917592,1.8296999815828432,4.324415914949651,4.002065276799811,4.1226236099775555,4.376344108303455,4.080661678910139,3.8032122673584374,4.401769384639133,3.4492850892766316,4.337953222738014,4.1494085765169295,4.018855341555076,3.6327010700422115,4.3283243844745085,4.173863461329387,4.207729568157901,4.109385883593495,4.104726027008215,4.046394621534162,3.5341112081163972,4.042078493713529,4.020454013936534,4.124489892428336,3.7585142802103157,4.043278068379853,4.137399960479287,4.1650368671386016,4.478675004608876,4.13241098372853,3.940561226374619,4.194625033174214,4.189517463840566,4.267115958484069,4.126487971498447,4.2845438832950915,4.133754126264923,3.8205924207570408,3.9802498537560584,4.4335989669198765,4.5223710383531275,4.365058298771291,3.862035246322722,4.03482291557133,3.838274854790906,4.258279946453239,4.1413821802039825,3.5919478463954113,3.8897750223014356,3.7265992625938753,3.851990382674581,3.71472711112606,3.6185860909791896,3.7193560443072236,3.850852988178221,4.256838177707611,4.659121107060753,3.4712698141623295,4.102392189695888,4.131292023333485,4.335637693595747,4.025535772293452,4.475056667228866,4.115449288654453,4.405761846515645,4.263784242548875,4.453094641119312,4.218286199813874,4.1635268480567165,4.032564099213498,4.0805885781789835,3.990172663783789,4.188840730449012,4.030198504441516,4.232376841242541,3.9530031403311106,4.232280440465107,4.171670862465168,4.313782988291761,4.244344873190177,4.07208554840957
