0,1,2,3,4,5,6,7,8,9,10,11,12,13,14,15,16,17,18,19,20,21,22,23,24,25,26,27,28,29,30,31,32,33,34,35,36,37,38,39,40,41,42,43,44,45,46,47,48,49,50,51,52,53,54,55,56,57,58,59,60,61,62,63,64,65,66,67,68,69,70,71,72,73,74,75,76,77,78,79,80,81,82,83,84,85,86,87,88,89,90,91,92,93,94,95,96,97,98,99
1.5666566415279766,3.747469050821265,3.588927718569266,3.4635079245819056,3.7882065028909935,3.453030943985984,3.517360847743462,3.533475177642802,3.7408346388370006,3.342345135113017,3.8442933151318015,3.520534076025387,3.4930326770091567,3.6476952821711652,3.09681845224091,3.1191791774590465,3.475524795004319,3.389408018173454,3.67731131248824,3.674399485370208,3.3311342294754485,3.587596227389815,3.434785274726617,3.416066716126005,3.9352421773681745,3.6969647164506485,3.648830232493025,3.667510484119147,3.14271825305579,3.17054556784771,3.8760833482178896,3.525048406386751,3.6857138226524504,3.443649059710252,3.804027464742586,3.984602430795766,3.7061595157319744,3.5126373184181263,3.36268328031226,3.4803877116948696,3.57723143351545,3.6004469013583105,3.8193360612641496,3.2452451824449673,3.5990585640375596,3.4975877655594827,3.4333147836242404,3.234204900323857,2.939450597162951,3.3722424067420427,2.746058669354167,3.6875135352502184,3.7629373582453494,3.5749409642468737,3.8916620338289727,3.491525306077621,3.5333392972808984,3.5335538737831578,3.524570534065042,3.9751723016171945,3.744813870423908,3.383665840707081,3.310721670543169,3.150384565868396,3.1367140953095722,3.200352322186969,3.487499057499931,3.9771864911271058,3.606860241517706,3.3443637420613745,3.2606749080530926,3.629477459691276,3.661964581109686,3.2571924284592413,3.5699701084588296,3.7177424808817663,3.6117668289381233,3.6902827317596962,3.2640327999097942,3.858812830953155,3.7235290161453327,3.7584920921767786,4.037902790317468,3.801550129926069,3.793700179549277,3.6002284171118326,3.5786756030256393,3.3102157817566558,3.752716165686184,3.5015222505280645,3.964522844315274,3.742959929640632,3.607327814249369,3.5097344373087984,3.1305852155328195,3.3189960075701292,3.4933945666558732,3.4982229219783116,3.1721310119074513,3.4047304606137136
3.747469050821265,1.8216193159355416,2.9907756719058076,2.8261077944248894,2.729066407936069,3.4197354222909735,2.704241722024134,2.299771566867162,2.995856236251125,3.305055468708938,3.4908627145977587,3.3173893565040613,3.3076910098398917,3.4540465263480535,3.263854186187284,3.0631825753211,3.1757533964319653,3.360184697292342,3.4464874430939334,3.2706480186331826,3.309304192104752,3.331854703421873,3.540391164639938,3.1389177929925514,3.930646646074549,3.9662201735942224,3.4037219737347963,3.7553730267205814,3.001907700877437,3.2868528292843533,3.5612681529931223,3.3423939913733665,3.7249155436525796,3.3744446631438643,3.6390470181647605,3.3827809772200257,3.318896874591352,3.300999375316856,3.405953141629605,3.374273542599895,3.5487861736140283,3.5393253976658094,3.4742578686546266,3.3097200218489573,3.786584584663236,3.3517419557410575,3.729731040505795,3.1725704275113418,2.832269540322993,3.0040521104130873,2.9818820198581135,2.3368576323822956,2.9704130556311443,3.0386276012095013,2.92023062819803,3.457948792502174,2.644359742620811,2.374257365521463,3.773118255917937,3.58063647868023,3.850625587817394,3.3226688980611847,3.065888731273655,3.239908227049057,3.258952164872852,3.1090510440704224,3.0152491089164584,3.2627354739549164,3.439778563319771,3.3397712380845017,3.1076920632801146,3.3236033833668235,3.6478418706570235,3.2744657510247523,3.333851200621817,3.710822786293,3.2865194250749146,3.540271155241256,3.5048922715842985,3.66555283966242,3.1370684322511218,3.3622308364884113,3.433916326330351,3.3916837086939613,3.1465051456578825,3.0515443698311127,3.4755305617445034,3.623612876178873,3.1374929886803344,3.250093567843348,3.556025513016961,3.4162189242795957,3.2538890600252817,3.340650939278024,3.208694729168512,3.170029282783913,3.061567298723818,2.93875572660796,2.9118602680150416,2.985654049568204
3.588927718569266,2.9907756719058076,1.834104619247086,3.3549682876910927,3.2662298370891794,2.6918493070972627,2.9697844468859764,2.843325079746637,2.6475373964380133,3.2845593906094503,3.201798623257613,3.1046215822606906,3.2290843223767864,3.45193999076947,3.123332631348154,3.2665600145801896,2.832719199017696,3.532725966809846,3.280314974308363,3.474344274245342,3.286608351995153,3.3706826997110455,3.631776490683326,3.116852896082172,3.6834153399822096,3.3686829422504814,3.8004540567162293,3.4662338418429943,3.2811785690881017,3.130255854146112,3.377904686040073,3.6608853402586106,3.5268997958277244,3.5062822115304257,3.8301711604791495,3.3969016656852706,3.618110617132948,3.1573596925335514,3.2279503680481376,3.446464116362269,3.5209396973551383,3.3977083197475175,3.611623999996181,3.1307702125048347,3.339357798109567,3.241977943090488,3.438973738187665,3.199188856528334,2.8499636592648634,3.2441152326932787,2.889260262610947,2.7870403477348495,3.3285407910189906,3.7253429865167673,3.2037220299967593,2.6970740687846937,3.2167022899897364,3.0462682089578887,3.3144065184840565,3.2368190233626124,3.3904127655502023,3.2085704480799686,3.012969276799272,3.1678153887195633,3.004152579991335,3.195016990416108,3.247670266808735,3.6435910014851083,3.540183516209101,3.6980969640122896,3.3133497469552737,3.2556035543786286,3.5418878880166824,3.329406580560641,2.8357149105936363,3.2190851154678017,3.76525278154393,3.3856544492344267,2.780975648910108,3.5202811454602507,3.074293130984967,3.576666724663662,3.5094851664877478,3.7758015655255956,3.5038218298420225,3.2133867128869174,3.616220313539105,3.3186891575489237,3.3428688948425855,3.4425560046979977,3.314944546928674,3.4089783362248505,3.2626642631191505,3.126181319528686,3.5348742692624304,3.127707639245974,2.8834214703334093,3.388250046635947,2.9795697611633227,3.216265538155287
3.4635079245819056,2.8261077944248894,3.3549682876910927,1.75036815396958,3.3343681828749676,3.7762822573352985,3.4520947033730787,2.92326530424366,3.938620626400184,3.5940022539661802,3.5787256554772555,3.5432273017952243,3.797179822952126,3.855004836670225,3.627137550460126,3.2457439454220105,3.631697974094848,3.6126913685746813,3.752485544281493,3.9008061472764504,3.2262889274467446,3.606679633775497,3.2861669463729153,3.183778085189485,3.752836438721606,3.577602523403253,3.806157746632435,3.649320961052203,3.5690438221748715,3.681663874531745,3.8521560792865093,3.5104567427319937,3.547094724735904,3.3919268853006534,3.7479157272737837,4.299676718976666,3.872684511232502,4.077989128620829,3.4219269393894747,3.1928087847953637,3.443953515947725,3.915044703245345,3.9314686359640483,3.706514406305312,3.5543415356058583,3.736157347257337,3.5186037035896556,3.338379671914271,3.633039599635441,3.844708885645398,3.6529222652547273,3.3193567288537693,3.779945345060792,2.679541867656692,3.8749755536091617,3.853555994919353,3.470763610729182,3.2196381005842434,3.694469103982594,3.6994602497383866,3.8403688839370305,3.9239010019088827,3.670036031954614,3.7060390002204566,3.7007403492709137,3.61009835357584,3.6904680065251902,3.9388864292929795,3.7071449396755223,3.6493660491942173,3.4561146217999332,3.6592259689717688,3.739457844778204,3.588904132413363,3.7458570513806184,3.1797866966514503,3.731583659433842,3.3801010542711953,3.467555056922715,4.016888753357272,3.475616770820809,3.898072380658355,3.8890173885842443,3.467619993284367,3.6090440835301627,3.5093282216806934,3.9503479274993687,3.5984417569329556,4.182033764636601,3.7233608300629886,3.8988470566953337,3.6525975869889393,3.4996562252219334,3.6890177461467815,3.3045407375402207,3.782427615806635,3.785543951216034,3.6880174439046494,4.076743049677019,3.988482642281744
3.7882065028909935,2.729066407936069,3.2662298370891794,3.3343681828749676,1.6629215709924914,3.8111502678329088,3.9700868315087474,3.130376913325453,3.32134220982441,3.930232360389844,3.9634555969831617,4.216645994524413,4.302746713480549,4.3533978705131435,4.004464722404766,3.9455834507638348,4.135909164221916,4.113564919811993,4.387012323344784,4.618526372606729,4.165696686079996,4.050951192036127,4.257044794111703,4.101255662684463,4.619395861211003,4.027330484593731,3.719692530910125,4.2361043121014745,3.7816760479983573,3.515881487745089,3.904557969564475,4.249513525932221,4.129407934503219,4.000689632660611,4.182135521819538,4.062669988902049,3.736264927353145,3.8585145549440516,4.013082807444747,3.8186032104222045,3.6909492824205015,3.979498264487731,4.077133683313073,3.617777535939452,3.847877111619007,3.5213981612273706,3.785141285743672,3.2985597962640925,3.68637369519633,3.557419908312143,4.348389525676866,3.0910441390341536,3.4876937449895307,3.577130816168662,3.253095932043775,4.048295264634086,3.3929940519893247,2.6162204907298845,3.9605008232785313,3.907461304316582,4.027844356883388,3.980730938448182,4.168922951924717,3.8526436707138507,4.201295804240679,3.955334611315814,3.9403634011719415,4.051819383069421,3.7453434806550305,4.013689640168974,4.28577611069085,4.036423997446984,4.0709995156044565,3.775550746816087,3.927410886142189,3.960072670519785,4.174843960984129,3.700730268598248,3.876141163874705,4.199540755843403,3.921629283498287,3.9265854541492264,3.6790315268428007,3.979050663684764,3.611786533692685,3.582048203686014,4.103097415627825,3.71271680560921,4.0850955228298265,3.8874925911192784,3.8102361706562484,4.165948564395647,3.631768106048462,3.7986149756203957,3.593682760442508,3.6944948599308276,3.453911883146945,3.7064134612675423,4.004499166280747,3.5703954754583664
3.453030943985984,3.4197354222909735,2.6918493070972627,3.7762822573352985,3.8111502678329088,1.7411983128569217,3.7077030705232894,3.3799902299038083,2.984929014369384,3.2558433535546976,3.0541583010994278,2.9138565876666767,3.500296878216359,3.7375875763431226,3.2588761674987805,3.1906936543719495,3.0732177793475035,3.277200104327543,3.7026196823208295,3.4825219221982757,3.3142508871132104,3.3483147708261223,3.6632455277165032,2.9986598375108575,3.582980996824776,3.370829556379168,3.6875970559144564,3.780551158218751,3.2035707966841684,3.543671349429714,3.4334890900572272,3.5037116848289482,3.661034131782221,3.4448666285245726,3.594682343827521,3.5137121950967916,3.418170957378268,3.3296757516346425,3.4360937871443222,3.3916915089465074,3.263872569346504,3.7123109969971435,3.192224330401377,3.0544688222901546,3.1567389807404056,3.180631657179475,3.057898926543226,3.126206672688614,2.7911849680871477,3.1324735857928028,2.83424856619052,3.479614631026061,3.270703787315501,3.2911688110015285,3.2593631361607485,2.566467056334945,3.324000811341459,3.316378794806254,3.4331977082603813,3.109027401546374,3.20467404959941,3.2693336064121334,3.235158905722249,3.1699526515355028,3.1639491005393015,3.0436526938146202,3.3527476930046656,3.611437935420259,2.956010929254983,3.208772886536713,3.4126554302936203,3.3477576649238174,3.5127099952345366,3.229574869824344,2.8609648093305897,3.2223961834377044,3.36488386805036,3.4869336431185682,3.087895743726008,3.4482922887866794,3.1423753046219485,3.5600244970317676,3.4097338940904365,3.458218186893711,3.0387273329348923,3.135484104064445,3.567484634994309,3.3269353954135275,3.211196572472332,3.109571858878468,3.6703700368410326,3.2515732241093165,3.418462893843588,3.230983386388033,3.2240702841845232,2.876673191847841,2.732904707373617,2.8257743501225776,2.739227600530731,3.0740109955036052
3.517360847743462,2.704241722024134,2.9697844468859764,3.4520947033730787,3.9700868315087474,3.7077030705232894,1.921329799219093,3.253686666781367,3.1362888746178004,3.6717169219557175,3.3994277144695686,3.459814168778899,3.3851806092742653,3.708920131060755,3.6362639928286438,3.687919151167377,3.457817330427407,3.884072798905082,3.6897225616907248,3.820112926308672,3.488190883489789,3.8670895146677604,3.8110809383784967,3.4378609176363066,3.857294294967281,3.862129546817806,3.9892012327881723,3.8317346400030354,3.432675013259376,3.4849667371102115,3.7705279095441333,3.8033091283956812,3.6192159400216646,3.782290601206902,3.843074054089882,4.171005358145714,3.9044534613165127,3.461296532541927,3.519002879690716,3.533388046011701,3.5112523428293785,3.7331053393628957,3.822662989215746,3.9295603205318757,3.6443923748338607,3.8586663068288076,3.495870000174171,3.672789689169832,3.667542881183529,3.9298201143652616,3.409739849452832,3.617426342722371,3.564066259836475,3.723679946212438,3.686842254674858,3.4909359382970258,3.4380103871172243,3.4865332140707075,3.5645111279662207,3.7298796318649257,3.9715604674648457,3.69614875342794,3.481499212367198,3.7423398753083577,3.5351764517960094,3.59100958163696,3.190568630396943,3.7088059271792195,3.6590807220793424,3.745450821467314,3.3345364409840985,3.507044071901185,3.6290640465458894,3.5153299750831364,3.4087194518428587,3.571922185448623,3.853879014044801,3.2186812069412998,3.6107903646115673,3.8076126255256084,3.414851180112208,3.879782021078222,3.7783414272497526,4.0088922680827235,3.6528067057758355,3.5753683679699026,4.201708159225637,3.703924227134981,3.9911386978515777,3.936962311493034,3.7062641490006953,3.5651911286380025,3.4275854058412856,3.4610936065870286,3.7132229460076585,3.7683761460385776,3.58134677497644,3.743868384569996,3.670460325690935,3.870575419488819
3.533475177642802,2.299771566867162,2.843325079746637,2.92326530424366,3.130376913325453,3.3799902299038083,3.253686666781367,1.7650382727995781,3.1721867966187935,3.219908996598504,3.3448152522390067,3.467943772750308,3.495635851680607,3.6738961135585786,3.378780600386406,3.0183016107626255,3.1647527535157063,3.311183455700713,3.596292356753403,3.332574568679739,3.266285732717468,3.511816972709172,3.6198416957787938,3.3912100942083767,3.3020141905535723,3.4724154254649866,3.1562528490423585,4.004240087269682,3.2258824217502733,3.0120655274167203,3.589271882748328,3.4116897500931866,3.797104081294586,3.749708677068108,3.748881260429646,3.0484662894455425,3.3435916538041295,3.087829070161223,3.6186121216677325,3.1571999032677476,3.21526276684304,3.8289904635717233,3.216101514640755,3.392933449991981,2.908449639825693,3.1061215235446054,3.209940391535982,2.9400322636792358,2.7865097195842585,2.842577213006125,3.198692762381009,2.3227308807179776,3.1369073297170056,3.113777085928492,2.901359699385473,3.570033204469685,2.3084172014343793,2.429719678649068,3.742241892930003,3.5797532953448528,3.844211008062217,3.628148521442704,3.4820036144276707,3.3306741803666187,3.08214668695504,3.361422055896954,2.879315061018824,3.3787849871931197,3.446951474799021,3.23038322267294,3.104402385524045,3.2188138237257506,3.5493206375463338,3.418335541537731,3.678700068841174,3.5975719248191362,3.3869248668237173,3.4151190944099206,3.169712743845056,3.7652657618583816,3.310720250115843,3.4885126822347114,3.3840217404476602,3.1429264994718196,3.080235331938725,3.1777685418529518,3.387227770165795,3.4561490065373306,3.2755633799424078,3.5301807839824075,3.5864157966782972,3.3570519805894086,3.483828789946396,3.552564976078618,3.3130320785758376,3.352745174244649,2.9519465008875216,3.1171132240021433,3.3822361153530065,3.1040131291003816
3.7408346388370006,2.995856236251125,2.6475373964380133,3.938620626400184,3.32134220982441,2.984929014369384,3.1362888746178004,3.1721867966187935,1.641289389098899,3.7927096498455026,3.4012867027339753,3.596074523662731,3.7738976096790693,3.6784657251420168,3.653316133885151,3.5826408682574984,3.546213200670933,3.8007249281251987,3.6167015448864284,3.676269804192049,3.476473849562747,3.589320790120809,3.8083771572257037,3.7946303268487496,3.5806225629935025,3.6354490804492854,3.413346935032153,3.7228696479036536,3.6066162427258637,3.1748465770013383,3.9561171907999597,3.272505388333079,3.813283360820358,3.2614169464551312,3.6747229397556254,3.4241060882811376,3.4316968286366327,3.5537303665204467,3.8562760977207855,3.716693704554189,3.3910685584631155,3.3358200105122884,3.1727725237713087,3.51875962598473,3.894919147997511,3.2272198954505256,3.5316916728103234,3.618321404730362,3.27799342593991,3.209001784361992,3.5586581365520265,3.428391105214532,3.479832752980413,3.92937985369556,2.7616540324080407,2.833244720845352,3.3500576760653247,2.9398492654973727,3.665267523197395,3.5421637695629804,3.53219314046098,3.757609939151192,3.741279197967187,3.948269395450292,3.2774256784107973,3.640609770643974,2.968385581189019,3.499764216615621,3.324663637872149,3.587782067000826,3.278867420782532,3.365101575930883,3.7459962237953506,3.685829876501952,3.3786452859616976,3.732939411423316,3.682894068962637,3.6063929030696347,3.8115087005547266,3.722769520080885,3.3623531358926977,3.5529597166971176,3.6663488296453783,3.3191141327179485,3.362966437901943,3.6302604967976175,3.671942685072483,3.1842274547154,3.335506985205074,3.2163898129102946,3.4054987603349707,3.5248804812342796,3.5022223707291524,3.7572560532087067,3.4461729678432143,3.6223214200632143,3.083102745611613,3.33837252223898,3.253947930933539,3.4121749213628814
3.342345135113017,3.305055468708938,3.2845593906094503,3.5940022539661802,3.930232360389844,3.2558433535546976,3.6717169219557175,3.219908996598504,3.7927096498455026,1.8234361626584947,3.5533622485225913,3.329220635320971,3.9224017509440126,4.055079876645977,3.702079090217419,3.577129881095172,3.6079087546306683,3.5692090312203764,4.0521532196531105,3.9495091329856185,4.060022672714682,3.5233560282094936,3.8299951308184013,3.268563250868462,3.5290031050263155,4.139152573932622,3.7109582470551024,3.8529710295044395,3.5723765693347316,3.917374194468621,3.463316771754204,3.4915449017758244,3.6014878876266336,3.4434547190557527,3.7954929621262092,3.65403640532096,3.532469762085759,3.459688332139762,3.2859593203991713,2.9714290721696837,3.548046171006534,3.8730687492491307,3.910294265057749,3.566932242045158,3.735219507927302,3.671982937485308,3.6713396385396417,3.439448618430368,3.553080260003605,3.581951988029181,3.6481422497575124,3.9718764084670037,3.6075290531842716,3.9059736333673998,3.566720849951813,3.5309911060988286,3.9039121119605578,3.9230252027981707,2.745478813479312,3.547890615324902,3.517080751185827,3.835007295693618,3.803304921519572,3.6162111035362017,3.527888785939752,3.5388953229430276,3.7409544477431784,3.601210031410911,3.342139949526778,3.5700207723397477,3.966354235068191,3.641893909243482,3.8261205579496163,3.015564599805378,3.174045182425954,3.935544831656477,3.7575149436882382,3.869481738355589,3.3292250143941984,3.480443381292372,3.7433314712990664,3.6451999573168767,3.5221700278425407,3.4364411166580804,3.405569034976878,3.3526731640767604,3.628444328134709,3.462424483323678,3.7125340630167463,3.3951889910586184,3.796627590910229,3.2653228800500176,3.1903903612192694,3.3671796246209933,3.3000008233657656,3.5141670353930095,3.510812287585164,3.2573942615073244,3.695620269985827,3.501559538325135
3.8442933151318015,3.4908627145977587,3.201798623257613,3.5787256554772555,3.9634555969831617,3.0541583010994278,3.3994277144695686,3.3448152522390067,3.4012867027339753,3.5533622485225913,1.841901697391505,2.6375125583940062,2.9539528203727206,3.5269657985608887,3.3217058704473827,3.8105751846217455,3.1272278951923624,3.6773377050604656,3.3190202364114096,3.8815101320865346,3.3546654878206668,3.588953150369907,3.674706249861875,2.741991708401047,3.4732693339805736,3.338951482935571,3.6125636415108224,3.4924824386638473,3.3040837278979795,3.6224149903538736,3.398866591031913,3.506485237479383,3.6235695564445227,3.397710323467191,3.8530758008116184,3.883537846854349,3.524138537812248,3.8028675738088644,3.612020573410168,3.6060182817794906,3.6560753608731784,3.3257642318836598,3.383252629472142,3.4519906596595886,3.7159062961557567,3.755647323422809,3.7032051469689238,3.7443944441437274,3.6462059140238985,3.5974339920424763,3.695492443470673,3.8510727932072926,3.56552817010564,3.833275758744981,3.8404179926887823,3.439470974112311,3.807094501360188,3.8728378263820367,3.515770779998902,2.8926955497909623,3.235866374434979,3.3437937474683794,3.428378229240119,3.7125414757018023,3.682664897966691,3.4499152957292822,3.6247926516352496,3.5138948153150054,3.254817365854636,3.558605914936338,3.5623728163122417,3.431325446847088,3.525610368918254,3.488478966371839,2.8981664093038506,3.2188031479005117,3.5107209482527066,3.4771740509357487,3.5894710156944183,3.612937684372538,3.465747006427142,3.8550831662245852,3.5523022791004326,3.6089410634467947,3.6177446320635336,3.551359283015358,3.654415183911276,3.318391177867055,3.776747136471711,3.6675759494263533,3.7019216105795354,3.262042240476037,3.605359256042415,3.5236463672477503,3.6009713678462645,3.46249836414721,3.4152555066213983,3.5091164954598835,3.5423422648403746,3.5215777784390365
3.520534076025387,3.3173893565040613,3.1046215822606906,3.5432273017952243,4.216645994524413,2.9138565876666767,3.459814168778899,3.467943772750308,3.596074523662731,3.329220635320971,2.6375125583940062,1.6658345804744912,3.3309059467658786,3.684327303280003,3.4537997356409202,3.2494509431871426,3.1810675443537435,3.57607769611873,3.8781770300286067,3.3030449689625763,3.3352856487763076,3.7261836345918775,3.8292060752083867,2.3403659555602503,3.4878301253621458,3.5371034220071604,3.3650913544614878,3.7236386188935326,3.0857401450180237,3.434908496375708,3.5413602186599817,3.2240577903585628,3.6739634572715962,3.4897272271371227,3.343442424232484,3.4693561811985325,3.321626180742292,3.332720867731364,3.4706711894595488,3.437649215837342,3.190200861726954,3.3163714624634837,3.235716639030936,3.314531482660417,3.7140982714647586,3.255477057703417,3.061877156151961,3.5442760136415568,3.31115820390903,3.293382981274566,3.193365788269738,3.766207556681266,3.7034393950620896,3.203060830899472,3.739244576708545,2.9284195868400125,3.8169996505334636,3.481980426164239,3.4193911455271513,3.2285418943410535,3.099876369474726,3.268841149475306,3.6502805285393918,3.558784643584875,3.291244547642909,3.3673251855408877,3.6790554838843756,3.8275832908332776,3.4120339112001505,3.783088273537444,3.4292133495835038,3.757367124877994,3.9745426971891074,3.301836977835211,2.591331742068792,3.2512743900687937,3.2634679973608245,3.5696629667649424,3.3889478972870397,3.0648976908856547,3.2280606891958783,3.4359264329083907,3.469179547545939,3.560415908874606,3.311528069341223,3.223123473805581,3.3963744464755163,3.3331070579113375,3.4791407504400857,3.6387215575715883,3.496057378994268,3.2244782302889137,3.567719086614999,3.14881889639264,3.0613777019621926,3.475433463029957,3.1428547624456065,3.454710531845872,3.3400277056607646,3.284003433890433
3.4930326770091567,3.3076910098398917,3.2290843223767864,3.797179822952126,4.302746713480549,3.500296878216359,3.3851806092742653,3.495635851680607,3.7738976096790693,3.9224017509440126,2.9539528203727206,3.3309059467658786,1.7379862417188578,3.287090900569882,3.43714227481876,3.8846749061761665,3.2408064229479874,3.810844374744955,3.477771966600283,3.84516364343438,3.516602244683637,3.296207036527093,3.7290491016518543,3.913159536751994,3.896125439262658,4.053665511921893,3.478465732052411,4.091098498322711,3.7159546349216046,3.575788782049978,4.00825213229933,4.108275515714618,4.2901895279197655,3.5395440557479803,3.9602686056269096,3.901313548054821,3.694328909051797,3.942584632968637,3.4952693036147067,3.875338788436998,3.613250047766784,4.303226505071097,3.4453967291928036,3.8357103276593674,3.840698796967211,3.635889916334811,3.8126942007171896,3.9064172712876286,3.980020046306945,3.6903418361049707,3.885041871709905,3.7691399800447436,3.4357541719860025,3.768090439377532,3.711605730312193,3.50685888932491,3.8891508943911073,3.7214475006964176,3.770064206995012,4.071817421860486,3.854668645255418,2.808544250831249,3.1807178933170492,3.8999059051505705,3.941631873101233,3.784041496913242,3.6956435250008837,3.5430270643609907,3.6214944283425776,3.905344820471581,3.841968657948481,3.763968621026884,4.207239925306948,3.467113631964013,3.8712879578712873,4.2613847646135055,3.844809838556411,4.015430434864489,3.8626483077509137,4.002202607450882,4.10063506346006,4.039040656118766,3.8645538470509413,3.593315460654477,3.63109048731617,3.852631371397476,3.8532243084525923,3.990482887909053,3.8617333426367924,4.125085165846261,3.949213184178202,3.9292973997236587,3.286733217754057,4.120399329523148,4.195425448641128,3.7480391841686407,3.4935251779134706,3.480245891040304,3.7100231133940498,3.582673758591556
3.6476952821711652,3.4540465263480535,3.45193999076947,3.855004836670225,4.3533978705131435,3.7375875763431226,3.708920131060755,3.6738961135585786,3.6784657251420168,4.055079876645977,3.5269657985608887,3.684327303280003,3.287090900569882,1.8056820006847236,3.1935480239695133,3.9925751429395904,3.0511535287515246,4.264709318717014,3.3323295610497676,4.368039458247322,3.8132803655929757,4.100082975099551,3.7724127178633053,3.842596657560357,3.9719959432239795,4.453464868742722,3.7464932253811285,3.9421454178510196,4.060269540319651,4.159159788906865,3.6384786681911616,3.8739180326389757,4.352712728161106,4.055999439545642,4.144506809357549,3.4889346916588884,3.4437745689887276,3.8600291894738024,4.057774874124629,4.121919363418508,3.685394987057714,4.251411275133625,3.8661226835032187,3.9397064579875334,3.7985320460283365,4.092086146706475,3.720541392022527,4.1809779985490785,3.868043938623799,3.9172425787449145,3.820334604324461,3.7935333661988198,3.801687611479719,3.816639774379768,3.956519726867512,3.8994109456097714,4.020804940202105,4.0457979638332064,4.239532852655111,3.9657647875958966,4.061501207382332,2.9619315492871885,3.1913611220742117,3.049760237667425,3.216112063537966,3.220051846999396,4.4088378432764905,3.7148222896313943,3.868238002100419,4.086230737110606,4.132390256840009,3.6843523095748236,3.616832329888458,4.0211179576743925,3.961906230843224,3.9935532902982485,4.299864137764392,3.980279343257451,3.9494593777175844,4.285343442061919,4.113688754410491,3.9466466942870246,3.541014824962372,3.9607258671318903,3.7984796987485003,3.5710080603350884,3.778506924663002,3.485547819002575,3.7464187118980155,4.366109760644877,4.070906890167467,3.8182313102821164,4.054380475604634,3.8978358091425185,3.893081303811108,4.0222644475337885,4.181327804973216,4.055538332887388,3.754032379113155,3.902856835057182
3.09681845224091,3.263854186187284,3.123332631348154,3.627137550460126,4.004464722404766,3.2588761674987805,3.6362639928286438,3.378780600386406,3.653316133885151,3.702079090217419,3.3217058704473827,3.4537997356409202,3.43714227481876,3.1935480239695133,1.6454278795280814,3.7425102332529785,3.0680890556028397,4.003863376379256,3.6945567085139333,3.829547350143931,3.2427536974682627,3.31555249229086,3.7997365716528777,3.4643211094153803,3.918892984948737,3.9738662873905097,3.566745721667253,3.781233241296607,3.3082435295628496,3.596902173239664,3.4644622717661573,3.757436318572908,3.875630402904777,3.5657717187403573,3.775680475761218,3.8798774503878617,3.4171552784935217,3.514889612339517,3.633078872871003,3.7022890670172433,3.6327543157771096,3.81463093512119,3.840629356289195,3.238888985525094,3.7612157565262425,3.5213426913164665,3.533156253574456,3.532407094490874,3.4326319001969723,3.415616390351066,3.688027672156941,4.054028068107741,3.4442874458157586,3.763220091038163,3.989935429871115,4.004870224020859,3.805724716376653,3.4966655571085687,3.9862811577176145,3.642867138284809,3.753044832849632,3.581262772735108,3.649724539609295,2.9181353429450856,3.5975882334090947,2.4822135214184824,3.8640550811773133,3.6635145173376933,3.6064546340346664,3.878440730869081,3.6040814043850733,3.608020592185442,3.6768214449815457,3.628266285828543,3.522012694539897,3.773855696549263,3.778897736971763,3.5855995621384813,3.4872592412674694,3.949371471378703,4.039422094901854,3.8214674878530843,3.813912645496605,3.395050051390274,3.5927630275934663,3.246835841574371,3.6540528267065877,3.511060191392988,3.7913133286905056,3.9870893156316654,3.6454891724365295,3.764989499929868,3.627560490783758,3.602279640142963,3.793036787582394,3.090981553124894,3.2131643592955017,3.477365762313825,3.335847056434144,3.3374411501853967
3.1191791774590465,3.0631825753211,3.2665600145801896,3.2457439454220105,3.9455834507638348,3.1906936543719495,3.687919151167377,3.0183016107626255,3.5826408682574984,3.577129881095172,3.8105751846217455,3.2494509431871426,3.8846749061761665,3.9925751429395904,3.7425102332529785,1.599594921554331,2.984258901288656,2.453235475626697,3.406017151225972,3.4420762868050923,3.258083914784484,3.1279529648960516,3.0820971356176763,3.3624836426350235,3.536066997280736,3.5157232420765396,3.4255365603480614,4.002810251481672,3.111158798069669,3.3999647406118005,3.2535890867230197,3.1528663278959828,3.5701832566458576,3.011960377754412,3.029022971463367,3.1819638288460257,3.2373831864249274,3.3498806231115252,3.0884071801840642,3.4765352650318797,3.6541855729504213,3.5874048763639514,3.715533401150422,3.3416553319979982,3.4648708193388713,3.4734000729887935,3.417834201479418,3.344883145761244,2.7683957806964283,3.2535293954675844,2.788164507988285,3.2060452854430115,3.3363774493910983,3.582478550509932,3.7964329564208876,3.5778654257981444,2.7400996035811342,3.379249630451342,3.652077740351194,3.227648089827251,3.3167825208256922,3.610943065991052,3.66968834434684,3.0352905647861648,2.6677286717424256,3.260181399118971,3.451824189109015,3.587982881094702,2.8279897263531257,2.416182984424175,3.1666297448829326,3.0808945842686457,3.496289926788263,3.4970559634573717,3.217098719340833,3.4160015478828134,3.193889665766697,3.369017456487747,3.1445019820988063,3.4412096161865358,2.8850849240931242,3.4813233379324307,3.650473497710063,2.8125843392543675,2.8367758171794097,3.0494050046249948,3.24890447986555,3.5116221870192765,3.3971601506274602,3.2797210672877193,3.569355130053617,3.1762978792442795,3.2538324548967297,3.3187395182193162,3.3479299968126495,3.41050071585039,3.244616813041904,3.188977366655374,3.292955912572986,3.2321714675743953
3.475524795004319,3.1757533964319653,2.832719199017696,3.631697974094848,4.135909164221916,3.0732177793475035,3.457817330427407,3.1647527535157063,3.546213200670933,3.6079087546306683,3.1272278951923624,3.1810675443537435,3.2408064229479874,3.0511535287515246,3.0680890556028397,2.984258901288656,1.6335355889201235,3.612394885658438,2.9358536429608866,3.598570918884459,3.1819460917612594,3.408075520360473,3.2840961522337593,3.0659724058236213,3.811421847021895,3.768694231159389,3.671907634464288,3.830824849917774,3.4053487740519195,3.647989364730724,3.3827817974208934,3.8059502459521637,3.70420668107843,3.3211823807114187,3.628196887211659,3.3955829163314895,3.476847181090192,3.769947389609922,3.260699836980487,3.454189368188948,3.8174709852606914,3.7684973750088178,3.9160945745501174,3.3916638978118954,3.5911955456768885,3.8409334760460565,3.708110604218239,3.615649414139047,3.4009763461879046,3.7322814346842823,3.1137827083480603,3.707679293782879,3.237570754800571,3.9555807660746702,3.95148368983806,3.8653521964836846,3.767915374209058,3.495218697071398,3.8791132143248346,3.6152168630455574,3.4692522545800104,3.1642397279574,2.9500667463456756,3.0582284283517946,3.095450745274655,3.3927876159894756,3.884008441398788,3.60472591293262,3.7218398940835433,3.581838103380093,3.411954801194105,3.4058220599305162,3.7037018868139504,3.476238087038259,3.091752549391449,3.5105637408945825,3.6760524521309352,3.6429173639761014,3.1153642979720364,4.070298803145944,3.2729511235926063,3.995866762504801,4.014150797989228,3.3686843134587408,3.559994959388159,3.5326145434324134,3.691180934282711,3.542549731881642,3.5628508943663784,3.6361975514368075,4.015436923538546,3.586696696626966,3.2789818898609764,3.403884801121343,3.5380243936710802,3.668826123910063,3.9763019018110226,4.059500537754907,3.7430565345580806,3.8008193390034135
3.389408018173454,3.360184697292342,3.532725966809846,3.6126913685746813,4.113564919811993,3.277200104327543,3.884072798905082,3.311183455700713,3.8007249281251987,3.5692090312203764,3.6773377050604656,3.57607769611873,3.810844374744955,4.264709318717014,4.003863376379256,2.453235475626697,3.612394885658438,1.5729945070701514,3.540506934288825,3.5959880341153734,4.00997853402211,3.5570271905996886,2.9820853730307024,4.0367236543438345,4.080521300632288,3.974130870938742,3.9224354753888804,4.182465318687535,3.8827008119275277,4.0567690058813435,3.6533582706957137,3.48409298777197,3.842169190477622,3.353278052911773,3.9285324013096323,3.84411841052309,3.7748867550988416,3.5263705942212673,3.1760288371815495,3.60399599697624,3.748229379963962,3.750888100417329,3.8112123467600423,3.881122524815967,3.915835159723083,3.938555959129243,3.8026570453193442,4.1128267116699915,3.736410765000872,3.732892185834177,3.56718616063983,3.5184565293379833,4.0542608685024355,3.843167092390026,3.6246232228485957,3.9493193630890056,3.0245905809839067,3.766810111108571,4.0103198279738335,3.9528839072928657,4.186960441696499,4.2103355485268725,3.9535108924505655,3.7289516363913435,3.8412005542367758,3.916934571722685,4.041337692900179,3.680724034538246,2.814211437163141,2.113928214173355,3.765973498541803,3.5385859633308905,3.54347414665492,3.698860418574348,4.2098622852337595,3.972050554435362,4.135909654125117,3.926144744954011,3.795028000889103,3.7906694418007953,3.7132281116302015,3.547976362542815,3.8547035284792037,3.5639750215367196,3.7161962767866425,3.7467428505792415,3.7802047915029102,3.6419946992836296,3.9286909250127735,3.768639935433427,3.868313799248862,3.7110970997927573,3.586768554412914,3.60786811288131,4.1984993874275265,3.866299113729061,3.7417226956715397,3.7606485387044186,3.6311640306689186,3.5957896468458777
3.67731131248824,3.4464874430939334,3.280314974308363,3.752485544281493,4.387012323344784,3.7026196823208295,3.6897225616907248,3.596292356753403,3.6167015448864284,4.0521532196531105,3.3190202364114096,3.8781770300286067,3.477771966600283,3.3323295610497676,3.6945567085139333,3.406017151225972,2.9358536429608866,3.540506934288825,1.6595055605760278,4.212558101336937,3.5435256305468723,3.6120038606059293,3.2216541812157224,3.8885740605386436,3.698136827549817,3.878546334596094,3.712227576269402,4.201971358300821,4.0079139437410065,4.073954968447873,3.681862649063584,3.837401345224173,4.089789151450793,3.6774495939765943,3.8082518360418667,3.984514624584968,4.027885011406451,4.103504187551959,3.5562671267241663,3.8683802375294114,3.9711991698532856,3.8432197438441946,3.5595865117719017,3.9802670904332538,3.6638233965336715,4.080616282874588,3.734372568998787,4.133139857284129,4.021594665981179,3.8586572300027218,3.686751810168937,3.9208630584150606,3.7645944643825024,3.9732712567926884,4.084196284064253,3.789111754128825,4.122678560040614,3.863261465179822,3.8931654099598108,3.6716993614049342,3.9459960037056736,3.524819208336049,3.030299230060836,3.52936002109197,3.4057101272704147,3.890581819730105,4.127185821555317,3.4405494750093744,3.3705481514988485,3.84759299363377,3.6302891256928143,3.7359414177665404,3.5280157317813403,3.380544898379848,3.976213089662233,3.720710837909565,4.177311491284883,3.6297556678523617,3.612593870316891,3.9184486578480637,3.842612870605021,3.970385267858877,3.9496031235796574,3.9028016416983555,3.470816613171716,3.6074246229181677,4.1178147002332945,3.6975173428696375,3.873620831738561,3.7659200674381283,3.911860526416771,3.93580823071911,3.530910552260897,3.857018643600004,3.8876027631760603,3.9972527390046553,3.8094868210253647,3.8729413712675784,3.8327925320675202,3.8012623181359233
3.674399485370208,3.2706480186331826,3.474344274245342,3.9008061472764504,4.618526372606729,3.4825219221982757,3.820112926308672,3.332574568679739,3.676269804192049,3.9495091329856185,3.8815101320865346,3.3030449689625763,3.84516364343438,4.368039458247322,3.829547350143931,3.4420762868050923,3.598570918884459,3.5959880341153734,4.212558101336937,1.6819011083445987,3.1655502792105756,3.9085397664789023,3.9280496408875663,3.8314801798851925,3.4765815264695834,4.0104171643185325,3.6481564446084587,4.018714072623905,3.5719041952670314,3.797366459454588,4.0735057994443284,3.538944180007955,4.038870465904547,3.8207882229983037,3.768596185160267,3.8057866613531215,3.6536178487582562,3.723197940510652,3.8344470472449514,4.064277551715209,3.801968910920203,4.165156867747591,3.7786978582124915,3.3835560681049084,3.750025140383116,3.489476946582471,3.8283947440454797,3.161678201629605,3.2520079034394285,3.296396533879063,3.346208071988739,4.053273707636415,3.8341864985166594,3.970564264870467,3.9604582204166636,3.6376437183217116,3.7572366973252844,3.7462138738708304,4.042012510544271,4.29969168789595,4.390752879881985,3.9498829612919435,4.031215782962332,3.805555453653684,3.7186091344363232,3.9301922640421956,3.4052136901311214,4.083101313616936,3.670569221434449,3.5654274941452777,3.056009525462387,3.8005962758607024,4.357370438932634,3.766816804865602,3.863151667402323,4.105709751173428,3.6013330639258516,4.166646244701999,3.635844904984178,4.018226998628796,3.5610616549122804,3.637376050396648,3.6040150668225293,3.776986435728243,3.6751222019482044,3.873795258176747,3.4638845321024174,3.60267163535501,3.567341423795247,3.47165567523318,4.062660758623565,3.9748529867908537,3.9605032495389425,4.178181253832254,3.8703719331260813,3.3995340914441443,3.3725898361072497,2.965985153999718,3.247302507091574,3.407053189545647
3.3311342294754485,3.309304192104752,3.286608351995153,3.2262889274467446,4.165696686079996,3.3142508871132104,3.488190883489789,3.266285732717468,3.476473849562747,4.060022672714682,3.3546654878206668,3.3352856487763076,3.516602244683637,3.8132803655929757,3.2427536974682627,3.258083914784484,3.1819460917612594,4.00997853402211,3.5435256305468723,3.1655502792105756,1.8347572110220403,3.678791459313744,3.6023006337865926,3.775208059304213,3.8146141702205867,4.094389291685798,3.513489203570363,3.9821515024203573,3.464448600204359,3.3937922037809884,3.8353577858240278,3.7415996311029107,4.10138573052429,3.8735117562666814,3.9476075305233462,3.94067127364892,3.6714871192133764,3.4710207703542064,3.6330021867454154,3.7652665139674686,3.5670642020065886,3.804866324928869,3.664026564333545,3.440152473678718,3.372881268447481,3.659370213222161,4.027046703601985,3.345367632619705,3.3805024800543695,3.4143282455620616,3.1665889914610297,3.788570468768788,3.3571480952704698,4.2707905382481215,3.555101876305057,3.661452040511632,3.7004538499527513,3.653872770449023,3.7113373665857226,3.8834304282958123,3.9404739004350704,3.524373953382969,3.582673755735575,3.4804045744336065,3.4077692425800783,3.2602693531867724,3.5360426474881232,3.773120453905743,3.6665442318441728,3.8036962668667007,2.8172171035861817,3.842425896436822,3.709627647201622,3.517965874463405,3.6199381141044995,3.908762906501176,3.4944457476058677,3.575502527572222,3.5384002585454613,3.9528213327129578,3.549728578341677,3.705955979367452,3.693048115785227,3.864761080748868,3.263818153444581,3.794108868694834,3.8231159346265247,3.4291740856591066,3.9269992515604253,3.6707707029937935,3.673541612063996,3.6360676764825803,3.562046491641398,3.8264660549838014,3.87456109093931,3.455473960925262,3.5314770937629256,3.1443719068042766,3.282724917172732,3.376435257844182
