0,1,2,3,4,5,6,7,8,9,10,11,12,13,14,15,16,17,18,19,20,21,22,23,24,25,26,27,28,29,30,31,32,33,34,35,36,37,38,39,40,41,42,43,44,45,46,47,48,49,50,51,52,53,54,55,56,57,58,59,60,61,62,63,64,65,66,67,68,69,70,71,72,73,74,75,76,77,78,79,80,81,82,83,84,85,86,87,88,89,90,91,92,93,94,95,96,97,98,99
1.7547489331771182,3.7226491869545804,3.7574272770798753,3.771868321901929,4.076140547408292,3.8539118027237644,3.589613978842517,3.655471705293053,3.8126482517698905,3.613683098318663,3.54979954915886,3.8166185882718264,4.119137925074539,3.653480454582168,3.672115836763672,3.6209948224963306,3.728566779878204,3.8745279566839517,3.547732848028547,3.889320710535113,3.758267586149245,4.016370233777826,3.6562999102408016,3.839884377566101,4.069577471684981,3.9213685069869904,3.695761811571022,3.895605835395611,3.8997245161616836,3.9170626964764943,3.6856910630604136,3.9028981531704083,3.845550719064099,3.764398970542706,3.808544851682817,3.9785157819527677,3.8106152993235978,3.9040533787637073,3.668625473829519,3.8176220806448367,3.8887475755949277,3.883331552909268,3.834781316543993,3.98539969107983,3.717840454383889,3.8490956615061442,3.6813643431821337,3.740788553971545,3.553419082674395,3.7881675171839264,3.4561281916555995,3.9993049884014407,3.6753826204179676,3.9692497629869896,3.7636910947444995,3.899238867914597,3.8965830178145224,3.899757435543103,3.8086800168355555,3.6144748680672634,3.5673296185721193,3.995536800941613,3.9824837426751976,3.885406854207544,3.868216093052111,3.8507374815734954,3.511406749967526,3.4898352617766215,3.8416317909716104,3.8529859098210157,3.7523944453899993,3.5777083485514996,3.691908932800143,4.036866301435014,3.618684941361763,3.7162808211412517,3.4989148157271437,3.911974660045541,4.039841905503586,3.7962569557669292,3.9401423191285483,3.6867915849120516,3.6425537872333895,3.6884157601577465,3.749016171370106,3.579765360700092,3.827617736870563,3.888644687943251,3.703066828900922,3.782229115209432,3.9616539071357897,3.9700580509764634,3.5959221661387475,4.034890369349873,3.731300789581844,3.801949727882225,3.90391432216679,3.6937752781934123,3.4538245557073597,3.7342448110156647
3.7226491869545804,1.6508542865760771,3.3006776919713565,2.3906075529913013,2.862724448346734,3.491304709373463,3.5152020314840784,3.43239838406557,3.3248496103537573,3.780456323070942,3.759818412332401,3.620515867066838,4.029619912770902,3.595611836469013,3.9727613022489696,3.400832796255604,3.532275331180778,3.535750812848472,3.7530528352207146,3.6924222251502807,3.844957568094529,3.755264600097788,3.67454812339536,3.514785236540228,3.7502665228542758,3.600640785432539,3.576325214636935,3.93820275178344,3.710480384954356,3.9028019110793863,3.610947823128341,3.768342439579573,3.6994602433095474,3.7522763353714637,3.453275877408465,3.721994209244394,3.633509506480375,3.8356323022051217,3.657079751770815,3.6170065859490323,3.6498978083010205,3.7719255132149976,3.7749245622838594,3.692808036078249,3.375209869127965,3.495478770806077,3.682424262713515,4.023778577668535,3.628093629101889,3.8176692764802302,3.643634354665625,2.587071183264061,3.189396286850706,2.776321056296069,3.4118805169644317,3.911009045696303,3.6268753559092723,3.4487481635487107,3.7341177470945737,3.516364871048756,3.6246916491242667,3.9958535258828953,4.232423432571729,3.8639227856436578,3.965386405772327,3.660098395836782,3.783327944539244,3.721808078362518,3.7981777870268925,3.803472440140123,3.6163049278262953,4.07593539325792,3.72445383883816,3.8380329594512492,3.742474089660203,3.6489433443528867,3.7782379357973435,3.92524488390695,3.841956632058461,3.7466228343187375,3.7312647644698638,3.659535359605991,3.337566744767227,3.50174009259429,3.5510775686208227,3.521215535498723,3.6527370692824164,4.099812579034239,3.810874377769131,3.799951980838741,3.5161545756930495,3.770646792678643,3.6160876677645937,3.9914238450337307,3.6359346617796926,3.5893809268590555,3.44186736600534,3.774894616290289,3.8474868586953335,3.889656193402589
3.7574272770798753,3.3006776919713565,1.609575191201278,3.419454962894475,3.4525599964062357,3.261681366944811,3.9829133227854183,3.121671252607716,3.285778714454483,3.6789519774597528,3.672521964699209,3.2901673765832897,3.936900873197442,3.6740733327042356,3.697443014831544,3.451211629895771,3.372092617002096,3.434097046494926,3.87450183707787,3.5204714125369194,3.9840024343623646,3.448381270570768,3.3306959154003684,3.4707331997525595,3.697075791572773,3.487038970104703,3.6919895745127893,3.9338388489855065,3.846298771887608,4.02973515522516,3.4208192190722375,3.635570023833082,3.751528662334188,3.7517952390382017,3.3651770974101067,3.5100967793883546,3.6033712068167376,3.7752633476496467,3.622154913014265,3.980113643650777,3.6694771115350693,3.9646759716095668,3.8753438225462555,4.30920643799588,3.681427111841485,3.6704219112881917,3.974035459474804,4.052995983751807,3.820034029907051,4.175195247803723,3.8964708207804937,3.0400665361378203,3.499691599553845,3.6173798100552985,2.817067261370506,3.5105545626331276,3.212695973692589,2.9335384697992795,3.918812772006334,3.6813716005536254,3.777507779325194,3.988592991523033,3.888902767948189,3.419888494546131,3.7052008784609494,3.846264510925037,4.078426713118871,3.508921735248569,3.5977818233027623,3.1758342185735273,3.584009601643815,3.7434957022669915,3.4200623145793827,4.101523996843215,3.5245861761218324,3.8082985140323595,3.7349458735307257,3.933166141502876,3.5333759633276243,3.6646170058595215,3.4625731749401614,3.5525479449430577,3.348472263091805,3.390932807062009,3.7584970199026007,3.662176602841884,3.909436500501394,4.012364297440091,4.093413553469804,3.4288760060977777,3.680226172536035,4.007559705927124,3.8860990697632443,3.923287183950554,3.6296481088030235,4.157144513044638,3.749426205526062,3.7285108351098186,4.040112877428083,4.200872017856726
3.771868321901929,2.3906075529913013,3.419454962894475,1.629413562972913,3.0329657607274956,3.8087123552321533,3.6422291779179847,3.3259384786586077,3.3851886474986963,3.7490214575152327,3.6031755342951994,3.634686429430833,4.080311074834908,3.8884136987941518,4.173004873927476,3.3600179119811426,3.9370211696206323,3.8174398159571794,4.006829240697897,4.101592164350176,3.919615928169826,3.731819050197878,3.8920687483217256,3.7768772670491297,3.741668149215589,3.5302889485853903,3.5034340964443036,4.015356876338811,4.064737419367308,4.130747604215097,3.875024652220731,3.671170247683892,3.8241454962899994,4.217007429216197,3.590496478821104,4.081801128696149,3.8873613290649516,3.888545431949378,3.873376508044896,3.5274349816466226,3.6936747027472365,3.7375006740048144,3.7721313889146924,3.9111447987813266,3.396222696791883,3.742108365177328,3.7169926178273043,4.193290937121959,3.6304842502494625,3.955341253256902,3.8612729654724203,2.8856424632167745,3.4223549777868145,2.6689686553171112,3.453553895903605,3.801151975695376,3.5249894150778216,3.3519465766339187,3.6338138302553378,3.6344764303232395,3.906436249588446,3.9911432147432584,4.047382872774291,3.9513510024009753,3.999552765885081,3.778028676262641,3.9322416715742947,3.735507875208135,3.9477961786318723,3.8432430192349947,3.7778172856496783,4.083579849707683,3.6399655507057727,3.84586849335967,3.6474332943078873,3.563702500224447,3.8714863281055463,4.017069015289761,3.915545899669785,3.8250593105057815,3.8208152396447583,3.6168119226047244,3.3739661676080144,3.49603289525836,3.7890444935048944,3.5555242785716614,3.8709757162101224,4.238078001544607,4.117073757350397,3.7431497522061394,3.8292889020555494,3.8062925609086076,3.6441710526149462,3.9274054319840714,3.9626673544954403,3.7948772130879087,3.7446881073450458,3.972019518246914,3.8527977421253596,4.174777951561288
4.076140547408292,2.862724448346734,3.4525599964062357,3.0329657607274956,1.5546025442826272,3.4275676645305277,3.518784210293795,3.678604521660276,3.6270118390672943,3.602255550104575,3.6614795663569737,3.6297820897302766,3.6909098256955586,3.857149975125859,4.0720767101945965,3.5901926549043943,3.636290003847687,3.9908893892534407,3.9590566074035207,4.058818250786265,3.9322206064966214,3.5402689017301503,3.6845537559673787,3.7810556508488613,3.753944981257132,3.662971034026884,3.4719382457410792,3.8018235900052573,3.7958016298068302,3.914435386584252,3.694144018123793,3.7829158215756236,3.540496635468157,4.007455146790376,3.6301531009755994,4.045808381863651,3.7906617637621154,4.026212687264184,3.8238903654856826,3.64670010195018,3.805924578839729,4.062839390103171,3.7233513577840576,4.064973943195545,3.3369520539672037,3.694534304926552,3.533274950525398,3.9777475940321882,3.5678485298581304,3.9070454536140957,3.9736719207170133,3.16596680705198,3.4416005404130954,2.8203535924629866,3.4515356864819355,3.9141980271087227,3.654236832020486,3.814593165841091,3.7797150951649034,3.8567501870630596,3.7967361619909332,3.801752227789579,4.00576941025297,4.149898632221408,4.163863584364264,4.053217217787495,3.8233894110513917,4.062501580201313,4.211789233951235,4.247491369787327,4.122201595831254,3.8475207011683445,3.8815671373218934,4.291825052383309,3.9402008204383394,3.7472702429755653,3.7504759999132316,3.6739129797511643,3.6058136235240457,3.9439858475116583,3.816678979155821,3.6864897889308366,3.2687022027725527,3.4474404722675227,3.514210034230878,3.652563092055792,3.8436202930485766,3.7815575886881443,4.017678656665477,3.958137971999157,3.7992616192645317,3.861555609271492,3.735804665639911,3.916025494676612,3.7608984494005173,3.892186786100008,3.6577550508509873,3.5894941680159542,3.7548306103307376,3.986008263448106
3.8539118027237644,3.491304709373463,3.261681366944811,3.8087123552321533,3.4275676645305277,1.599326938554669,3.0677873520588914,3.046584891912649,3.3839668239627803,3.8317744889801593,3.780306131004295,3.4384486372615335,3.653842891033021,3.427633634710488,3.7303011183035637,3.144463523972074,3.4508141128851713,3.2116773712513904,3.6953511911432404,3.8406364073900434,3.701773179230683,3.6179603578978927,3.6232204871814715,3.539075409534468,3.8048388923474112,3.5075528979133455,3.370673146244034,3.6889769165840707,3.837712161552467,3.7287697655797043,3.8512300932064707,3.604218258632016,3.786434650299341,3.784584422137372,3.603374362550244,3.8516184208504614,3.5056132842338528,3.899937047260012,3.575629152210685,3.412021342871437,3.6195816387315243,3.9384182239853645,3.861206961108476,4.019797550195232,3.2832320713862124,3.5645770683483384,3.3970872117309776,3.495182721169487,3.323699583980984,3.6925416421153825,3.3579642081296197,3.473788901626041,3.4763286663848376,3.553967590866785,2.4827214598317666,3.201721376689173,3.233535148507623,3.021284543034389,3.9457914036865454,3.6400216928392077,4.027867755955266,3.788955218875357,3.5840260359046763,3.755824280939509,3.947688240389649,3.81616456899875,3.272447187206214,3.749808982205759,4.023843663064212,3.519580198888064,4.035643258602713,3.87690428414704,3.6777498223111156,3.8887911720087316,3.7489861168366456,3.745215805082356,3.851736349397656,3.590935635778259,3.6532066418562015,3.6639872771704325,3.59552340455857,3.531635281170161,3.1542104149161787,3.6756634314574765,3.362418821606817,3.5117654274414214,3.6488287883882418,3.5438203207884116,3.775465132043653,3.4276451532611243,3.518985388918293,3.854712506337164,3.501097029383932,3.980366737692557,3.5932254390752107,3.670818893723534,3.482242525429113,3.193706759128529,3.275098737963731,3.4507284445713
3.589613978842517,3.5152020314840784,3.9829133227854183,3.6422291779179847,3.518784210293795,3.0677873520588914,1.5471542924615662,3.4238718493846836,3.5359433296030427,3.5649861764610264,3.527900736425124,3.2553678251649285,3.362694266805279,3.1888689024950847,3.5970343100232003,2.6215246702313686,3.190967833636093,3.4437396518165513,3.3118751588011266,3.620713685834884,3.429995263849656,3.485744407360466,3.534516152235489,3.208589779350404,3.3823220724187872,3.2972035557234682,3.386248624622555,3.6491557752744925,3.6991473984613976,3.626532007631515,3.6139311889222285,3.2491199668332014,3.303616209124852,3.4439000703492764,3.3785450595735504,3.408754663405666,3.8138264286336554,3.371354384144277,3.068879050482178,3.0901349257525026,3.207403874056635,3.808137151254945,3.6383160295809636,3.1974550328730533,2.92051904980961,2.9514940914661048,3.0061946286720724,3.095939051467513,2.667765297711989,3.295479830538325,3.4068758428429518,3.665881627407627,3.526538984058665,3.5353385851158774,3.3641478394910194,3.4932004419685905,3.704268702484742,3.489029600096977,3.6738185032559407,3.5511517984163894,3.510750426970783,3.4339732591801564,3.5165165161015555,3.6642132606147673,3.8036832173761184,3.8358496570446836,2.670882985808383,3.302467633380819,3.550481442155707,3.608027060093972,3.9053328650421517,3.649098851622568,3.6816740063814266,3.6576340111470356,3.492292125687374,3.432872112029701,3.6814881745777472,3.802165911841162,3.3281534531798402,3.365090194719239,3.4965063331616624,3.0902007989121656,2.853104166971814,3.4771361049979177,3.309434993990868,3.378178118003553,3.6955928571769787,3.4645311795051055,3.4936939264526354,3.506892185098172,3.3726573593826554,3.531871046478287,3.2100848757676372,3.8108854192674473,3.7824770871875306,3.066977787041633,2.9176009374117595,2.9428953242001845,2.700888628997114,3.0169839725999203
3.655471705293053,3.43239838406557,3.121671252607716,3.3259384786586077,3.678604521660276,3.046584891912649,3.4238718493846836,1.7217443326668354,2.5718840308250246,3.593968525090168,3.725631685136905,3.444700585099499,3.429849324798208,3.4590177078135715,3.665267544888518,3.1286477401654427,3.286113818444631,2.9819894864578487,3.521735058481091,3.6032312791763728,3.7802381770709164,3.459796848655812,3.510078004566125,3.5628095043642345,3.4594891868508637,3.31082052599674,3.1076002407226144,3.5311007024241077,3.603308723930091,3.6282898636959042,3.41159954068975,3.224485398573515,3.678283507822912,3.4619947744627764,3.285062205626665,3.201670671719027,3.17807965628686,3.6547476412426634,3.4413926710251035,3.245936558727383,3.177338010955029,3.6701999044063327,3.4764473524274218,3.6952335205636277,3.018204589410736,3.261188569203767,3.222783815699609,3.6147932847169333,3.2928435117907418,3.631869602909043,3.3198489074165485,3.122383505830989,3.4949589157083367,3.1410378463312085,2.9152675964222934,2.791367949309832,2.596541795106137,2.568738880852108,3.549750525794424,3.3857313894162413,3.4873435075669263,3.544608183847328,3.6588216269630913,3.57364519551405,3.6112336357115753,3.684808675174548,3.425879041171911,3.3801170936236478,3.619990693230845,2.846529366460442,3.6571244460197696,3.578820254429271,3.7432501426348295,3.8052050472714942,3.6067563727536247,3.5023627548240635,3.757719787152824,3.7545109780679846,3.5652441916999695,3.2837493582105703,3.606519214608493,3.298010113542671,3.1182145802970487,3.5667405147531412,3.0939666228313585,3.4460823522843596,3.3674322126756255,3.5424895396374065,3.4711939722082743,3.3455187687728283,3.540782323111716,3.6802554185488416,3.374253859255707,3.7527147939937273,3.4310451016670593,3.5904513354816605,3.236255569179283,3.3228358966447864,3.250954248724169,3.6553989739641377
3.8126482517698905,3.3248496103537573,3.285778714454483,3.3851886474986963,3.6270118390672943,3.3839668239627803,3.5359433296030427,2.5718840308250246,1.4869625893326728,4.2599533183626885,3.8964701731539653,4.135943046163496,4.097237074227141,3.62612520078734,3.78419065151881,3.3999648232592787,3.8164247501509005,3.17197846357995,3.711417920759955,3.573892898389643,3.9806792798452806,4.299613239499222,4.1126631346794165,4.269766203881305,4.066203549943529,4.124027676539756,3.989558318018612,4.009269360113413,4.100754793501745,4.014711756724444,3.737364333252017,3.8764908067032002,3.847040155388966,4.016747361683544,4.250778576403363,3.486131243688301,4.028312212469035,4.007140881782604,4.147144263490078,3.971958425064942,3.7777989290089877,3.977375160960856,4.128736837518256,4.125817248719713,3.932004018605828,3.928509439206793,3.66660293934918,4.047192275597315,3.809503935923798,3.9909753153380807,3.9324947104663694,3.5625716041445803,3.956775817884005,3.722310654876148,3.083349949341953,3.3887130664431333,3.353289018744705,2.629036719691981,4.099141701420804,3.9572298617671473,4.130654780128918,4.113948696016322,4.208729337156424,4.121038952636317,4.244143415640952,4.1552652057376545,3.6902761486260767,4.2461149358839565,4.351164495004505,3.2296698599590576,3.900030841301807,4.311687857153723,4.302815315703855,4.102817884802279,3.9735442340587586,4.310560657065843,4.214015469825683,4.082479449349175,3.8752561089585105,3.897727439702014,4.106222269919248,3.551623531521503,3.64404590018069,4.096257462761916,3.772250966135989,3.990230755092777,3.7623469572931367,3.918289207590001,3.5203877968148083,3.3580959424845784,3.7393463340166124,4.123264330421047,3.9938441051646962,3.9369829399594725,3.872450711369317,4.080010584213039,4.057749033647664,4.022592012585824,3.8318388544883772,3.918157925326377
3.613683098318663,3.780456323070942,3.6789519774597528,3.7490214575152327,3.602255550104575,3.8317744889801593,3.5649861764610264,3.593968525090168,4.2599533183626885,1.6318661069813443,3.5227529863347082,3.101433508737857,3.7570075920261607,3.7895077882600052,3.450163431696331,3.832224992160283,3.447323600835928,3.936636672983584,3.6632019999014065,3.5414567857780304,3.511007331076692,3.2775962447063627,3.693015283284086,3.3630449019830415,3.726986582958688,3.1849948609769356,3.553534389031374,3.8817406436699784,3.5231795501245573,4.1449675171392295,3.5730332292181073,3.914696227555586,3.545317664547186,3.5097454248766335,3.3738555717783743,3.6767509231622357,3.83401325813543,4.015844955852156,3.9896094755513687,3.2879458139862585,3.6247192361572615,4.088348480461144,3.761763083406527,3.8522848036801385,3.81114573363905,3.7665336462209082,3.6260829349038555,3.958068346795308,3.4465346133364108,3.6713432663340346,3.8262562539158425,4.162759221069908,3.7086476389356595,3.9096305275337837,4.078548547966497,3.9985985211598645,4.22856430325817,3.927591863358757,3.0715225865114784,3.6272254188159754,3.0623472134068566,3.9209045335460364,3.974309571873083,3.8686600180087627,3.949520272416115,3.7915667577517,3.5210398859089045,3.381987207482089,3.705062184883425,3.970758393068453,3.588371230543239,3.904993270285632,3.68627710325933,4.084216881368898,3.385690663156672,3.472368566110579,3.6271401404165213,3.7095260789719586,3.8146033350461805,3.769230530082561,3.8472235917362863,3.6706205578844266,3.566823114164852,3.5966083243787565,3.4983815318925937,3.7358156710664923,3.6459344559983315,3.6624055027129483,3.587191374179989,3.858068321367819,3.843778904898976,4.110408312185538,3.5865087540795186,3.7922963896169617,3.8891241034541997,3.6433435127936202,3.7119291759379696,3.7420738600255556,3.5871952493355352,3.746819656622488
3.54979954915886,3.759818412332401,3.672521964699209,3.6031755342951994,3.6614795663569737,3.780306131004295,3.527900736425124,3.725631685136905,3.8964701731539653,3.5227529863347082,1.513205312776456,3.499326313138313,3.876741740103124,3.791004848453393,4.191149828668537,3.899247038893765,3.685151844446168,3.564121806379782,3.9575146827201615,3.624929583557161,4.202208351791805,3.8271734817476806,3.8691070534278453,3.907992311836862,3.270267163347983,3.7674145246820587,3.7689336585286157,4.03526607653127,3.488483588029429,4.16042650891047,3.4224984481126186,3.8299454443586067,3.753869370893918,3.636810261461488,4.059727730894206,4.211508801327876,3.6586369820299245,3.9853915208767,3.5605972599233784,3.651514536163756,4.041625274690138,3.6316625830360594,3.828030612917576,3.8791481220933526,3.9306030203441713,3.9116308574807936,3.9220822911932536,4.334064266053476,3.856720095770856,3.840255345085721,3.8040875680925206,4.49848362514783,3.924706276232596,3.933756667855978,3.9647250337140307,3.7263710933085856,4.22289506257637,4.123362742266557,3.7570726318051264,3.180830689931106,4.050789436177235,3.964170472213975,3.9871572843782466,4.239812611949344,4.246704839148662,4.072200865680508,3.8795841718270703,3.781646710028396,4.038464943081095,3.9475561988511005,3.8638272361320025,3.9312855899586707,3.7944235178026875,3.9444958705417066,3.951522320099072,3.7911540630285776,3.7194149751835166,3.8719079623161625,3.793209823492922,3.918622012403548,4.161615877235961,3.914607702810818,3.596176258651398,3.8121018712317003,3.8375332699320888,3.85439364126983,3.759183694270143,3.9919863725879283,3.941848499466368,4.0280463963259,3.8073524063774826,3.8364450621370145,3.553848562694452,3.3633675367369262,3.9467718860572694,3.9032409804171837,3.9162167931424063,4.003475709079823,3.9429286707884375,3.9972517485379795
3.8166185882718264,3.620515867066838,3.2901673765832897,3.634686429430833,3.6297820897302766,3.4384486372615335,3.2553678251649285,3.444700585099499,4.135943046163496,3.101433508737857,3.499326313138313,1.691501419453033,3.4257336731740966,3.3104062005993176,3.3665892827253794,3.652229644298738,3.226681388945926,4.028740440081755,3.62513121497805,3.5955319228503524,3.7277911753313506,3.231739664849101,3.5986847802825506,3.552416427530254,3.4514869605732064,2.8462724786426765,3.462666770938063,3.468371595577656,3.712007945881517,3.549734075510132,3.5019494745828648,3.326579087655064,3.946296634001466,3.7476059363600314,3.648785208229026,3.7090540400502565,3.692081849223222,3.7708092563019004,3.8961035174358023,3.524863054779816,3.664900023128145,3.554626464280985,3.629311024584188,3.8566972305344778,3.2259730285238026,3.4494082044141186,3.705931153998856,3.827009749464941,3.748106270032272,3.797845340299547,3.5256426796411278,3.85545616668741,3.925171067540019,3.605236029448023,3.751284617550661,3.875029424483408,3.9783476951534977,3.9162419092884706,3.3292099875949424,3.1686267182796928,3.1523495136100386,3.952872336661431,3.9076791149507826,3.614007141240361,3.6027739788788034,3.6659949066102886,3.7246010145447164,3.2717592480267537,3.8251348212320546,4.0233563890384225,3.652155591305368,3.718209973293336,3.8019860997701573,3.733592063230748,3.607626876354924,3.508339424212395,3.858466356517036,3.6822872631970722,3.5569785096768523,3.4457691270996955,3.9450479824633597,3.7081441616064597,3.0506830478086697,3.6584829628795985,3.367383033391542,3.5822154138988522,3.862267290184472,3.8369278933337467,3.78801330849878,3.9354706042960723,3.7940679242652564,4.005902484328162,3.7429041386295108,3.72007244253922,3.887254576891171,3.657546095272322,3.3121709775753794,3.633654205919749,3.758345809725445,3.8797120275792203
4.119137925074539,4.029619912770902,3.936900873197442,4.080311074834908,3.6909098256955586,3.653842891033021,3.362694266805279,3.429849324798208,4.097237074227141,3.7570075920261607,3.876741740103124,3.4257336731740966,1.7286883749011814,3.2669540457307282,3.757198662378553,3.4384363630736883,3.1682576364657047,3.7567430784928875,3.6425378161446704,3.8608999708800082,4.087004047203285,3.4236186920989566,4.1062536809721495,3.8167122844462185,3.9809768898728546,3.53999353072874,3.503976062193538,3.7038038235845248,3.9392111904267995,4.128419639166481,3.621065631287878,3.0069173907050533,3.844245385972593,3.799169491305657,3.6076020030106055,3.7086282897780776,3.79407553450313,3.5004720284155653,3.9705424913993768,3.7852311172557624,3.6122345017977753,3.659142740401572,3.5679517700104,4.032580223144454,3.235293962151128,3.7949483791192637,3.729751484966626,4.259347934884829,3.9189234602542387,4.048232269130323,3.6951723953997795,3.8438040559672606,3.941550024787509,3.257268155379268,3.4143680867353288,3.595664484467093,3.7618637987027093,3.727616432238436,3.77593958689429,3.6459151852785743,3.6154450093046564,2.448433934250089,3.10627801137439,3.577691960309861,3.8095027014375353,4.063528327739559,3.8190095806680286,3.446658805162754,3.664606723923434,3.647952195832395,3.910169184855618,3.6828722011941077,4.142183495775502,4.0971510610113215,3.7630276773649602,3.797128334152521,3.789187994128907,3.9457869666836083,3.7088698772718587,3.091741676280094,3.529319063854933,3.6170707064259995,3.3045477002162285,3.3964398658575896,3.245151581611402,3.4224207060134875,3.837158034057189,3.700960531306934,4.133430724826852,3.7981313308246345,3.731297882340997,3.664206914968127,3.928804988634347,3.9903319101138326,3.6709854332861633,4.073701930117535,3.747838939385879,3.677019540338083,3.9091853206633074,3.998974494392115
3.653480454582168,3.595611836469013,3.6740733327042356,3.8884136987941518,3.857149975125859,3.427633634710488,3.1888689024950847,3.4590177078135715,3.62612520078734,3.7895077882600052,3.791004848453393,3.3104062005993176,3.2669540457307282,1.7770567754383633,3.0299810874206465,3.425760819573897,3.0108800833505156,3.282803967560354,2.752995461406561,3.4702073406218505,3.2510267534396644,3.766624405155987,3.505327648438518,4.069389478522493,3.8923290962708146,3.7599474200540945,3.3727765386908586,3.5358929402194876,3.487189074079046,3.7624101738889744,3.197808508318511,3.23812538290116,3.474533127262709,3.5917683521559494,3.9248493637240687,3.760923815424731,3.877299805032353,3.4897930143279625,3.5451426046594263,3.469181164696533,3.6463730749655485,3.6654093336517324,3.5672147869742314,3.6910525673511145,3.2420696654198307,3.389029413781735,3.452028207679771,3.935206700582062,3.816403343413827,3.7706749763895338,3.666905316857304,3.739645865050062,3.884860585431594,3.554845031622762,3.422236866152584,3.3559482010634336,3.4813658893755552,3.604614423701746,3.7249655576919505,3.7525097513390424,4.034514725895409,3.5190803038187024,3.399234166892358,3.497548189294189,3.6508849593356714,3.688623156949291,3.900210735980317,3.2727407415768774,3.7436916360269477,3.6540362933841095,3.6102755750305047,3.8978897779094823,4.195602951834498,3.5997419402230353,3.9691027272361334,4.0386691833767285,3.690727148290731,3.920591752588669,3.473219173462593,3.4239867893830898,3.75824665429833,3.721217163892004,3.1190319233811175,3.90693934574294,3.3604134231088367,3.8099591731923197,3.9432801541090194,4.144515634051904,3.9267100256385166,3.8513752678642583,3.991906084861425,3.668108749654388,3.5412955997849904,3.682017483254428,3.771408979516429,3.8187057585689637,3.524009804828661,3.832112479514017,3.667456529059458,3.8069425636233825
3.672115836763672,3.9727613022489696,3.697443014831544,4.173004873927476,4.0720767101945965,3.7303011183035637,3.5970343100232003,3.665267544888518,3.78419065151881,3.450163431696331,4.191149828668537,3.3665892827253794,3.757198662378553,3.0299810874206465,1.5720115297008403,3.479351261231682,3.151917734310272,3.8459342231357225,3.245710118658188,3.6121197585484297,3.1853001512633923,3.325582596524518,3.1469811903217098,4.164677146429683,4.263570653931649,3.6250076391810575,3.65389932600943,3.399743625164384,3.7812734603795173,3.7484337686591425,3.4639191506703404,3.6719876873032598,3.442143897686041,3.8027607413881364,3.4461983071288085,4.006468136311586,3.75969523534032,4.055457475045249,3.9856919635097117,3.838625294682592,3.5930466107370873,3.8849688519631345,3.480542101019423,4.179703081456842,3.6879719061065757,4.075742815505307,3.414200365857236,4.160540122548691,4.284633178009644,3.997438577391643,3.8853406269327744,4.18768655350804,4.242129850882319,3.726877787180305,4.018307585559445,4.032729833306282,3.7817612697959735,3.7494152966808376,4.168715302852534,4.03439314992499,4.20195379568013,4.031717538342533,4.0884259752703365,3.9866487423321146,3.896422765047185,3.715950670718729,4.014434596378487,3.6220363197618024,4.017434999528493,3.548369065674531,4.066449174930978,3.797082861883425,3.705734957719256,4.283641163579092,4.283981445325992,4.001908389453436,3.9686574736763607,3.5210998352674245,3.7409003442921116,3.747735474673518,4.234963013633729,3.557545200958201,3.4087463880720033,3.590201574925559,3.511910564484661,3.664087814937442,3.888377166209982,3.3551505371133055,3.7786562402835986,3.901443112710997,4.102352979589984,4.109175594057065,4.2636238873054415,3.7550759298509324,3.7493840173380506,4.26343867080408,4.129362348184644,3.8572745157364614,4.023770451463042,3.930510807398145
3.6209948224963306,3.400832796255604,3.451211629895771,3.3600179119811426,3.5901926549043943,3.144463523972074,2.6215246702313686,3.1286477401654427,3.3999648232592787,3.832224992160283,3.899247038893765,3.652229644298738,3.4384363630736883,3.425760819573897,3.479351261231682,1.5903820164961961,3.7322383413338005,3.6353843666895553,3.9933195751709616,3.7225291788107295,3.932662030140213,3.724193276191043,3.90699062154768,4.164470336158407,4.084875337177207,3.831465516427876,3.8791480258889184,3.878754135902469,3.9991860462973245,4.074774591742024,3.5266868921441494,3.943770441223949,3.4700342337572634,4.048644058484565,3.6212252323223106,3.8282098143573244,3.983887256190296,4.027229900293991,3.7566622525908713,3.7919178195097825,3.6181851730883072,3.915482379254042,3.626883776491902,4.199534722209681,3.6156278216335855,3.6961707035940057,3.428681965874813,3.908051870305439,3.8268483947671643,4.082962882676429,3.7125709497821857,3.745777953869994,3.4312535537408655,3.836694737659353,3.3376860855656387,3.9840222337032114,3.491626112100955,3.215865004868418,4.178335573480649,3.944437717719165,4.258163371159602,4.093042715490773,4.170111121177815,3.9125422613270837,3.9598316053947755,4.167885538413307,3.870179996510508,3.7547245290181497,3.7953762870484717,3.4940827790785645,4.01620352023251,4.148997534559141,4.043768438550726,4.482209543719517,4.269584873874049,4.184622519229435,4.223474978962562,4.136019926387687,3.900991875506151,3.870886802636796,4.198793040245077,3.6316343779938474,3.4746182885112447,3.4416882008393066,3.796435304581344,3.650209450844047,3.7697214976974265,3.7689400424913284,3.9222955852050427,4.034826493101656,3.805063052559005,4.0170102855164584,3.989103942459787,4.168850944883313,3.889841627819028,4.169856435057925,3.6969733898161157,3.6096035265924074,3.883980608215411,3.8928622446600714
3.728566779878204,3.532275331180778,3.372092617002096,3.9370211696206323,3.636290003847687,3.4508141128851713,3.190967833636093,3.286113818444631,3.8164247501509005,3.447323600835928,3.685151844446168,3.226681388945926,3.1682576364657047,3.0108800833505156,3.151917734310272,3.7322383413338005,1.7174636838435993,3.4226219936415836,2.8621852950556255,3.435745944146694,3.649160107200801,3.198949965355549,3.2963370008059547,3.3934450501686477,3.783561189624194,3.2537818171854136,3.3767748704868463,3.4924007974331133,3.4640852567840343,3.7766307259523892,3.1521637989325666,3.0917198602804445,3.0927071991264867,2.651619460548839,3.270981673299387,3.6717322789205276,3.691160201475476,3.3611660190032455,3.439842049475183,3.463511330310337,3.3675829078750463,3.680711374342066,3.4874738295837173,3.4905006052883336,2.855228576848381,3.148828123412666,3.28256027718242,3.4936229842476387,3.688306739972959,3.6889595866165203,3.8081935357490524,3.6881072889482356,3.533012356973862,3.4154557520041697,3.795417169421887,3.714233882867727,3.813907877463623,3.719015449126357,3.919687481787296,3.7207348374445495,3.801559201521696,3.535394126193885,3.4537885926490888,3.4310599964630524,3.3882594622506472,3.454185432827997,3.5876779483581784,2.865485011796507,3.0881548469739153,3.511769978179277,3.405264645632306,3.5186471459075395,3.561399666924958,3.7993911857861637,3.6143692370225224,3.7214722724320817,3.183269721552915,3.596566193005264,3.4365122513871857,3.334670832600021,3.498698379323374,3.5502977188446763,2.589207574084193,3.2352040744804507,3.1243886049004557,3.3581019365714053,3.6349757926737882,3.453694358618855,3.654979320121098,3.6137532803915313,3.4651927279770276,3.5706445940325584,3.246185761049833,3.6639428896848583,3.864689321448032,3.3674290263297824,3.0467125276243863,3.46484749343269,3.7002804140404466,3.62895268700538
3.8745279566839517,3.535750812848472,3.434097046494926,3.8174398159571794,3.9908893892534407,3.2116773712513904,3.4437396518165513,2.9819894864578487,3.17197846357995,3.936636672983584,3.564121806379782,4.028740440081755,3.7567430784928875,3.282803967560354,3.8459342231357225,3.6353843666895553,3.4226219936415836,1.5669423518466055,3.7250027265066707,3.297382052310294,3.7347326325425487,3.8608054747165164,3.958768383505617,3.806165556760341,4.502337550324792,4.234516295671065,3.709089120415317,3.9759023031496636,3.9102708416048495,3.816097417760347,3.8083198764615163,4.042525440263418,3.776649067870444,3.380279225712012,3.963854898758432,3.677515197528464,3.5637114941380443,3.9449799729559043,3.871987888439585,3.8143437909589735,3.2573676758995824,3.928586653290107,3.8501397797469195,3.839819644685842,3.9827225339536247,3.9076790577522336,3.60168211617048,3.983106484933363,4.2129021926228285,3.769332280205368,4.411715921870523,4.026173767486025,4.285712693085684,3.9138955748906596,3.5159865867798916,3.586711721254169,3.3288923312356262,3.180445531105412,3.734134913806092,4.221853603673627,4.201954461759647,3.9205369756439112,3.888217842008569,3.647236486296707,3.949758717734011,4.159551415151749,3.8147946376762247,3.862668470732568,3.7375045785135415,2.9051928734307904,3.9050194729049372,4.060031822333561,4.226848314941731,4.018120342576949,3.891883449316698,4.1263597277047355,3.7070539193743945,4.133052379897948,3.915678055383724,4.254068876794242,3.855371584815547,3.2755478130827584,3.9705669724159884,4.052454419361546,3.8936298576958492,3.75407979281714,3.628208142643648,4.142526773341199,3.6490115610818683,3.3824201848757545,4.211257696432478,4.184857526071928,4.150420933329742,4.105488593947186,3.8502364509682314,4.0892160956569015,4.25801787463874,4.029231809722798,3.9971986860560493,3.759716665561673
3.547732848028547,3.7530528352207146,3.87450183707787,4.006829240697897,3.9590566074035207,3.6953511911432404,3.3118751588011266,3.521735058481091,3.711417920759955,3.6632019999014065,3.9575146827201615,3.62513121497805,3.6425378161446704,2.752995461406561,3.245710118658188,3.9933195751709616,2.8621852950556255,3.7250027265066707,1.660717500175696,3.4443999773729392,3.2778452433349368,3.758903354977178,3.8828105884663224,3.9762908227551015,3.747078733321234,3.5333442571632534,3.267151101760948,3.6917986814938115,3.5928212219910267,3.769941382854977,3.222412797095059,3.127276337856875,3.4981231818012923,3.2145337364326085,3.8437846742866815,3.9211478849733292,3.6418034826018046,3.641597771526956,3.5310910122591763,3.3567889591715834,3.7148580080555806,3.63807608486894,3.539190083741407,3.6759101522624023,3.188837270587366,3.307266050012678,3.4671285665733897,3.6727613254814053,3.729429621968267,3.8021994168130644,3.5403010315183483,3.647058151389964,3.864397914597169,3.5271417060732655,3.4766780600651463,3.5786472252439605,3.4723907253304556,3.392908297388527,3.8570650666037958,3.822090172077244,3.791990712366112,3.732089897415182,3.6938870274722646,3.5035357372033555,3.463735345827589,3.634842663831286,3.6768697171911056,3.1601189447645033,3.6355805158275465,3.401517780174421,3.444612099354596,3.6380805011054917,4.003793506542963,3.660632359790853,3.5722623110770537,3.8330893688830243,3.6682066252805012,3.889078603840831,3.507653803942343,3.349847021196437,3.868342133612017,3.736500980315266,3.164479692548131,3.7376913112719126,3.248978111837567,3.6323119000622763,3.4756387836709317,3.8541824275400582,4.0353743515640685,3.5488364967525667,3.90306394654413,3.7757398219058316,3.5212560980792404,3.69160239394103,3.477865763153005,3.6810274545424737,3.3014760538778467,3.6581410805477685,3.715547558348513,3.760956621235032
3.889320710535113,3.6924222251502807,3.5204714125369194,4.101592164350176,4.058818250786265,3.8406364073900434,3.620713685834884,3.6032312791763728,3.573892898389643,3.5414567857780304,3.624929583557161,3.5955319228503524,3.8608999708800082,3.4702073406218505,3.6121197585484297,3.7225291788107295,3.435745944146694,3.297382052310294,3.4443999773729392,1.4925474616072292,3.3524319891225356,4.1394432363272635,4.020214641253939,4.2016162471225105,4.595694587022381,4.1171734298749065,3.829778159460737,4.132777456158906,3.6830016994510486,4.135975561660385,3.7369101179788746,4.003739614048647,4.17290575636453,3.8148943506622843,4.001902351899482,3.684641573143538,4.038968690160291,4.4328354973070025,3.95353999138467,4.248038867082415,4.074613355639613,4.2764844266632345,4.430311684009386,4.416503425243812,4.239607741219325,4.276692442295656,3.983886773766272,3.922697333303486,4.175420456344806,3.8785383535849314,3.8031961840898583,4.15509214256762,4.336030079911887,4.194726218528999,4.219713322727651,4.121954195085159,4.1380999499319815,3.8816305048057616,4.230138650106544,3.838299268091686,4.134776044170342,4.155700013457969,4.008914860489103,4.3143719875060125,4.049255336399541,3.95531317301624,4.2077701920117745,3.7705501853599883,3.906417900662026,3.8417155879964833,3.235551083657302,4.344804212897226,4.15137969465891,4.3663309200814195,4.237548204430172,4.139099580879303,3.5759781387503415,3.900170002026816,4.329675512233945,3.8150236722283575,4.281676632654054,3.9655419364192994,4.33309437310444,3.9865490361377836,4.110816839060127,4.250024485076433,3.864355633524649,4.117322058302826,3.3352775744271965,4.194591692009915,4.340953374010001,4.182409373543528,4.301317949225139,3.766820038731911,4.042923717545262,4.379131833531763,4.425478589502164,4.029554908717389,4.168377897762471,4.072844011922323
3.758267586149245,3.844957568094529,3.9840024343623646,3.919615928169826,3.9322206064966214,3.701773179230683,3.429995263849656,3.7802381770709164,3.9806792798452806,3.511007331076692,4.202208351791805,3.7277911753313506,4.087004047203285,3.2510267534396644,3.1853001512633923,3.932662030140213,3.649160107200801,3.7347326325425487,3.2778452433349368,3.3524319891225356,1.6084899817011822,4.006636152405933,3.636107648041832,4.05694218712257,4.241402922896351,4.001391290030925,3.966410042449727,4.157415013019949,3.874567643041416,4.196769325073958,3.940482144769889,4.002192708842486,3.8397870422198603,3.9968885119703326,3.8363889977392254,4.005846469567121,4.3417448812982755,4.2369802852254566,4.306961404559737,3.9090047483136914,4.2474738920174895,4.1917823343736496,3.920844582042874,4.27571648914178,3.9723940212527533,3.9533095354873784,3.956665417199964,4.035046560222757,4.107334400708342,4.107154636913715,4.206071545596998,4.406692486229627,4.327581016656539,4.361191512409891,4.085076074735671,3.970556380685871,3.919353995621649,3.9424848638237946,4.116254044056849,4.085961212580427,3.9943974717225004,4.116066489233245,4.132606967228048,4.373242665853587,4.199146221537852,4.01591588266185,4.2688201682888165,4.185457563980326,4.382282414513477,4.025152423623091,3.7402623455974515,4.37322520638731,4.085227676331053,4.08199136889363,4.242110487699937,4.026532990868213,4.009191617337593,3.6365397691117547,3.8388465134435505,3.9370543592058276,4.130972023092059,3.972503503634833,3.899835471890188,4.0245662808697995,4.0263489595102495,4.146896005325293,4.082461650166335,4.143303337499273,4.130468099173382,4.058431688741834,4.03592142561467,4.218887606551277,4.110329592378684,4.109597488834745,3.578062717234435,4.045179325360807,4.06357569438865,4.085724486662967,4.1802994076567614,4.250680433748328
