0,1,2,3,4,5,6,7,8,9,10,11,12,13,14,15,16,17,18,19,20,21,22,23,24,25,26,27,28,29,30,31,32,33,34,35,36,37,38,39,40,41,42,43,44,45,46,47,48,49,50,51,52,53,54,55,56,57,58,59,60,61,62,63,64,65,66,67,68,69,70,71,72,73,74,75,76,77,78,79,80,81,82,83,84,85,86,87,88,89,90,91,92,93,94,95,96,97,98,99
1.608104477008601,4.410451901012648,4.232846814038497,3.882207404626153,3.888545903843115,4.00172681617591,3.695057393333531,4.009295689742702,4.1009688980926144,4.33633634739652,4.284517115068504,4.213348202471094,4.090104533067979,3.8901928786016056,3.897352615717347,3.8287376645685227,3.7850330260450313,3.917826070888771,4.302425490124139,4.252751346797896,4.154062397442557,4.0414771429094865,3.7082737406282145,4.0682441870267505,4.0613821314757645,4.152260381562108,4.06457504982063,4.143016377603871,4.020509967275552,3.85964076626631,4.103055200013708,3.867156175367678,3.82064365390667,3.7916647271914914,3.8862744749230402,3.9297245791346844,3.8467746950525608,4.014666872527599,3.856071030553797,4.214029122837812,3.710700636188756,4.570024102769133,3.824832856083729,3.8200276096396237,4.110340519840873,3.837283956365368,3.899393015974507,3.8189441601716854,3.263912389032396,3.635007120188775,3.560034037551915,4.4122584148324,4.163814798964172,4.147749304330146,4.107998378744363,3.8484622872799013,4.0697606974035105,4.114636610684449,4.330272266068544,4.330013792854008,4.461589513738542,4.009741013124353,3.866354907253987,4.041483042368462,3.9691035382518884,3.859655584815223,3.786269341173802,3.9012109372520922,4.092733395329168,4.037880296070506,4.2655723729154165,3.9235406412034375,4.047897815486006,4.073355351470071,4.089177868270242,4.3149532612070525,4.029360284987548,4.0358325478308235,4.0425893625463605,4.1972268985763375,3.6560828639749863,3.608910327503213,3.59764217453965,3.6425883035064035,3.8096215471956874,3.686126548451767,4.05171182403878,4.363093120547181,3.850004877702827,3.6484030177721363,4.0575996610910865,4.05707262601021,4.034353680317687,4.0784177862517,4.080823875254228,3.944910955698622,4.198730960074272,3.6373991875746916,3.1488255992729273,3.8775790332036664
4.410451901012648,1.6164296269331166,2.972934311573241,2.7363458179305638,2.8913234099802128,3.8921185008903265,3.738326100190403,3.300740061162402,3.916126629870166,3.592780114856546,3.609830749029472,3.843009874795245,3.7754773969282645,3.413611304646779,3.4349496857493023,3.4030146352750785,3.732706658499898,3.760390002346556,3.8472738282671197,4.263449269321566,3.879706152098114,3.6539741521437725,3.8969373894871455,3.9501256000979517,3.7553341850158124,3.9613491377739547,3.953405819583712,3.7906971941165986,3.78101323609433,3.7325483086637523,3.800538374890957,3.6243873625767584,3.7256436209048034,3.778055798355808,3.93803173931742,3.84850782638605,3.6546839184640607,3.9481877158368475,3.6271991921957416,3.841086577247609,3.9529961173966384,4.116441956934365,3.6700387343674707,3.981560075587653,3.9421308984692467,3.9094208187119794,3.895470723223014,4.040901920981314,4.003026339941661,3.93668014296805,3.6854216864461633,2.589365226083301,3.2382048930739487,2.721865126686089,3.1875190906947823,3.919244854945081,3.4266741276673915,3.4913496793163454,3.440721539077099,3.4555263572414177,3.8129143738872733,3.839499661575927,3.506265037612548,3.439571963171622,3.643515876548888,3.489772912636788,3.98334913124983,3.7260417577641047,3.6136810286106695,4.052701406738935,3.8880826713840295,3.5926327813860444,3.8366134642896785,3.939893449127328,3.917813353805171,3.8627598802809424,3.5407665073173002,3.7797207082978166,3.6677240100862876,3.721358168525252,3.6641819001391642,3.8569745108844162,3.989296469738409,3.827302956701472,3.6315650789716867,3.69176707445625,3.8955438623373277,3.8274081900388746,3.746514013054394,3.6364681692511978,3.6789499775820356,3.7091681030391843,4.019691183735147,3.8582845593363513,3.8043813310820984,3.9772024169626192,4.1067198604638495,4.133807120656623,4.090273680774048,3.994358046195096
4.232846814038497,2.972934311573241,1.7169598181381938,3.574134210362388,3.4034176989111997,3.8997219209427523,3.767475394592534,3.5605048094701615,3.5535464619382107,3.9053303080033483,4.008988100631925,3.993490633007707,3.830282497222109,3.7600078008677564,3.950498736208759,3.931110163182529,3.922237789315142,3.889159182328332,3.9174332819253648,3.9555862798113055,3.62795827314709,3.891752797156185,3.7935919544006493,3.9808257161799165,4.214401946056718,4.138483852936274,4.087070406823431,3.875661203126741,4.316081387573196,3.765770940805047,3.9292522610553533,3.745118898539367,4.051531510737146,4.123794400028028,4.129875744558649,3.6834271801965426,3.7980023221882058,4.368442151816012,3.9323502126091077,4.135620595044573,3.9878617763753827,4.150870463710378,3.838836909062964,4.0443360163255795,4.265287444863882,3.8767679323447606,4.080334663371354,3.771582278205411,3.7994070532101767,3.6724396399488275,3.791393866184498,3.2484698126253244,3.557883638066881,3.32839695444481,2.968409935934307,3.8524876508904677,3.68769465418851,3.4176540405386793,3.797189372074518,3.9937204905439683,3.9425170358423567,3.87564469177232,3.7569856194140994,3.738623795246901,3.9536430860118865,3.9114006669753745,3.9784337410650754,3.996621383596201,3.983073144374125,3.9125432066670234,3.886000883481375,4.228915936736749,4.130662363450768,3.894016836497715,3.929354879595071,3.960127320293228,4.231169288055945,4.2488278539853175,4.029863478668714,3.672772551952484,3.819135461198134,3.906099371465543,3.941522388824382,4.177156862321954,3.8649823757883306,3.9656763790705676,3.8099744665196384,3.748263021550627,3.758254078549955,3.669967502886311,4.020851732243272,4.07316390659781,4.250291478539067,4.1427376414499575,3.8781035776710517,4.067645519533556,3.895189282735002,4.026510790920888,3.7640499335475535,3.9243487892165003
3.882207404626153,2.7363458179305638,3.574134210362388,1.735721452090144,2.159346558824795,3.590305434410993,3.4468826407044535,3.097630390923969,3.6092822927502866,3.0918701201775654,3.1763923871508783,3.5239585302429997,3.5342652152710623,3.1911667153932144,3.2193858841798226,3.381732350327815,3.789625588089784,3.4779696490443794,3.6557698664163683,3.668510733667746,3.960583465337334,3.405501044272009,3.767760524239925,3.7592972870354844,3.097297851975172,3.792410740248726,3.6572007171571617,3.5149955644639475,3.585881220333893,3.309918622488454,3.5527618872214894,3.641351425310227,3.4279359386925377,3.3836609313407418,3.8758607023569422,3.6617196780321084,3.571870893693808,3.7664719581964903,3.338382246512459,3.6251730732019625,3.6836655121446125,3.7359792378002212,3.6463831516119267,3.901610583730168,4.0590562001629635,3.9003711623194626,3.7550222370371453,3.622974403860473,3.890830575014559,3.7639717044426892,3.740230914701454,3.278940614594702,3.1124192648837736,2.380333793427868,3.0741850405083393,3.7274617125830685,3.22874976750639,3.1571452034372083,3.1859772644575495,3.245221764737027,3.739718192223338,3.5569881585180347,3.5656478532826474,3.4363948230388397,3.4926624121225616,3.389915352539056,3.757349687658304,3.7345066116231735,3.423348113823022,3.6780269723313483,3.5363544205734283,3.4926726441508804,3.567575264629141,3.7518577352864466,3.768753883491735,3.478689917767755,3.355280339813475,3.6095557729986116,3.7383051030214816,3.700794527822428,3.3465581133574545,3.3617814339947185,3.8048482054744297,3.579216201845705,3.1910575397435954,3.193818423840906,3.7370123332201954,3.764167086734799,3.532173790656272,3.530140644780088,3.654784519062539,3.49623844639234,3.735475804167822,3.6141101469133035,3.392226362933096,3.7889303597829698,3.8274914386310135,3.5128759467225654,3.805521726419243,3.5812870729445963
3.888545903843115,2.8913234099802128,3.4034176989111997,2.159346558824795,1.6654963999301204,3.6371274916411434,3.680813057738793,3.241585780974985,3.712429938722505,3.2540828597216738,3.0579400702747797,3.296660548192153,3.5197113144775587,3.133830821597161,3.4099939480796295,3.5199494501453734,3.719845703630242,3.6053024503885225,3.837034657781144,3.632288021039237,3.878410367697943,3.7213004071492306,3.989750950210201,3.8744525200234783,3.467384514324793,3.632802333852431,3.871699977545391,3.5798064667434093,3.708075159126368,3.7001135267039915,3.656561852911616,3.8871252132205756,3.7094140100752546,3.525887994831589,3.883140489906345,3.595285020952931,3.4024021881753734,3.7023571842758978,3.675449913784303,3.717065804085828,3.447990802085746,3.6673892843474745,3.6064290855345646,3.8961498115667625,3.9604725109901873,4.011387452853851,3.7323066940414966,3.456161003338497,3.4669848801917884,3.660442689750644,3.668988682641944,3.4174456198359757,3.418961984822792,2.7089203762463976,3.1196109532709797,3.501534314491835,3.671854610986945,3.1565444948923616,3.20942841615737,3.1303992513452905,3.748903592879375,3.4466286400387895,3.369036108942341,3.5300300491949064,3.760919437844251,3.4351907355090443,3.9784609595354206,3.7806567470577406,3.2163860437138263,3.5167635407069873,3.7274604504544135,3.5214410559775686,3.655764088191304,3.8862539878440168,3.876183245838529,3.5797292468521262,3.3675640566586256,3.8039668751328306,3.9111370942905292,3.6685251746959033,3.2976202816601696,3.2793777080410074,3.537751493132473,3.4996085896844673,3.3454954364321057,3.237167924331308,3.7635117507220226,3.7706259507625974,3.371508821029856,3.5500687120664054,3.741941493242395,3.635408726115545,3.823733076724079,3.732963261987252,3.3423059546475025,3.763670299261633,3.9047128038759,3.660875756534278,3.797631055054213,3.7015961027560507
4.00172681617591,3.8921185008903265,3.8997219209427523,3.590305434410993,3.6371274916411434,1.6247627647896925,3.9492476493007347,4.336896046872563,3.5714687276808914,3.8385525292351783,4.011604628687482,3.955414387385148,4.145674559547203,4.054751043782795,4.040350297229912,4.0977593860423855,4.318454367766423,4.149735359139225,3.929839778783491,4.356153223343438,4.6493618079134444,4.243428437730797,4.0667610481274235,4.003638907655146,3.3164198286430153,3.9954838362520486,4.251519390097543,3.9316002200058286,3.831049408776447,3.994575530716378,4.1144304851261975,4.093065612174835,4.297845239230341,4.206726388933061,4.2773560553156935,3.7919690977229497,4.060083661238307,3.8316760536901917,3.797893038554143,3.8176824158406517,4.176202993873203,4.043688330328436,4.074210726998656,3.62870393151171,4.408297749967385,4.183964278929324,3.962111628197353,3.940467889829337,3.5964360226375467,3.695595927360245,4.104885565400107,3.970924987748134,4.16161236813937,3.9255329481252437,3.62571449387504,2.1849436433196843,4.2414418441541075,4.116454966728964,3.738729162727093,3.838134121921308,3.9905461482018505,3.9773722365371484,3.7034426585806943,3.8462902612556324,4.182857342084168,4.096237915224954,3.8354659832770057,4.06621067681954,4.201715048597634,4.139672458751,4.340241805945285,4.234200619900627,3.8134934923270625,3.6322209564280716,4.1002824619898055,3.8799067137489893,3.920489984675779,3.5778144196909922,3.973872777581299,4.2441545191241055,4.17924846969622,4.087697051920534,4.300509342563135,4.180018618857826,4.1219421474483235,3.85545254303228,3.73336022065592,3.956689046578871,3.8539937268509528,3.978134396677453,3.744764778404982,3.7879786158585187,3.607161700980891,4.41224376161375,3.8774093795954943,3.723860166573841,4.107713795303147,4.065341460956799,3.96925470394074,3.9087001341014513
3.695057393333531,3.738326100190403,3.767475394592534,3.4468826407044535,3.680813057738793,3.9492476493007347,1.513207402022971,3.6032738830508086,3.682329479797807,3.381029132340565,3.6935231467952105,3.7972775482715857,4.252143029612715,3.4874143675039355,3.3534264443661352,3.7504611377247823,3.859099194490744,4.016599805712285,4.199083857228977,3.5653592733492476,4.206916269382595,3.8975058130461995,3.3892680424124233,3.7782043116968853,3.6717031395891495,3.236820785157273,3.5550310077809772,3.8698415789976606,3.939436107002418,3.6068773257025137,3.8140179291557605,3.4189981905553997,3.7408694474760935,3.592163936183404,3.8021266319711815,3.6955180594896704,3.8160379124147945,3.4335183112109617,3.5260307601416647,3.468804162288204,3.364160081965536,3.493171818903258,3.576151253391902,3.4082711996454575,3.6419629519370575,3.909002613302264,4.107046562309569,3.4735260667156305,3.608666006335747,3.6216809358464026,4.123708799066974,3.8476144141815025,3.6855152386904,3.627862831876276,3.3638825215963832,3.9054831052973396,3.836576979494953,3.6200828040080557,3.4820250968667916,3.7093311134153693,4.092247724192364,4.168164721898716,3.8894158632010707,3.824996557353496,3.688742111472939,3.320897086832752,3.38250986713643,3.9388266776190397,3.783242081922812,4.2983276517528965,3.84495988354009,3.750069054189008,3.855037995385841,3.8012317868953285,3.9673753759007133,3.649949311689902,3.4947852147817375,3.699182794436681,3.766583748226231,3.84547143473779,3.637897196179388,3.464588254026532,3.6112415786980265,3.7142995549892546,3.3892948273612107,3.5086013412929584,3.904748115627862,3.9154641861098733,3.398575576089147,3.562973563720456,3.855122042300171,3.310811770844561,3.6590079254176544,4.064045078410007,3.719591626758193,3.431955509851655,3.988368263241562,3.708630070223761,3.7142708029444975,3.5367111233657944
4.009295689742702,3.300740061162402,3.5605048094701615,3.097630390923969,3.241585780974985,4.336896046872563,3.6032738830508086,1.6813416688035578,3.844841148522178,3.926972501752755,4.016428212027479,3.9392298864093167,3.9970635398285816,3.741351073040298,3.907002425863214,3.761557424889965,4.003319292080339,2.856133102784898,3.941508815006209,4.191005290207513,4.034598300705004,3.905396522993594,4.043086869313722,4.099556413386473,3.618216290113781,4.017758904745732,3.935032771777894,4.055214489915224,4.2506753976399745,4.075175220202399,4.15119301694371,3.745515608854943,4.041966927114927,3.6943970668722903,3.780610561495587,3.7366490478962677,4.230531152301483,3.915647109866956,3.9667688165987545,4.0237540122240265,3.7197524382631286,4.0640006970546505,3.6499788132985094,4.070011594873745,3.76784456767728,3.8396148802276917,3.953995877111488,3.6262601451246304,4.358836639827564,3.9037269269507964,4.090118418990836,3.201147990922336,3.4069871234220543,2.886408097479788,3.4109883135086436,4.329735079021672,2.739060271539746,3.396153761246748,3.8057392174686258,3.9477759513528405,4.111639303086571,4.035866499283794,3.9296640706388475,3.7723620901357315,3.958286042650209,3.845263538415952,4.005580158531662,4.064894546167026,3.5412486600816564,3.3154948947773963,3.865335220797261,3.9012055761027162,4.068942847353776,4.223704122157397,4.111839746334993,4.0369437177993674,4.174660074124535,4.071018314825358,4.107280506078456,3.8330155121884726,3.790938402319573,3.7728535017502627,3.8269657301401696,3.695109537271743,3.74617710878507,4.025191399712065,4.229888589265935,3.7232879820868345,3.7150312346372365,3.6034647800122355,3.915758651176415,3.975126871412616,3.813570565837844,4.069144782046701,3.6872074880385832,4.063731338259904,3.744812165744962,4.141143382630868,4.124069964841995,4.032500923056727
4.1009688980926144,3.916126629870166,3.5535464619382107,3.6092822927502866,3.712429938722505,3.5714687276808914,3.682329479797807,3.844841148522178,1.7267721278590773,3.9531415862946666,3.9424464412353135,3.792805100115273,3.790420569860531,3.8431230756536605,3.7843741686170613,4.2706500641956096,3.760058607832242,3.961121883596908,4.084206531069773,3.636287060253412,4.011811782830592,4.070802600756397,3.8255062940618294,3.775389673543988,3.955022439546996,3.65368036428645,3.7881462153846996,3.9119321839479237,3.8427914345738046,4.2180963869660095,3.89880228782585,3.8865955139101227,3.58479695579106,3.871923157021989,3.836246090093776,3.1291039481278595,3.554425432512452,4.033062937454878,3.8337896007150736,3.8825544135745096,3.6504806916450687,3.822455234112865,3.703989216161224,3.7274996557476707,3.6936484930966222,3.9373181855588104,4.068984248901355,4.025866662528681,3.475197239207467,3.415198023285726,4.209083875521705,4.214311207870615,4.194214627949501,3.7052650720593037,3.3109984799867416,3.706624164986241,4.196454866096013,2.9261807134845195,3.8116279640749964,3.921625182889845,3.650314205832262,3.69133809195456,3.759770221529285,3.897731093125611,3.7431224762844404,3.7627145433089932,3.7021779118785707,4.09719320338552,4.026464542249806,4.2485831079651915,4.022715574750781,3.8656993554644776,4.065647764826598,3.844035291471997,4.0327290082690626,3.605156818228031,3.978541337991587,4.138894775633241,3.7160101565020978,3.9392036767483005,3.844261811152091,3.8039176897238627,3.6447660872411065,3.9476571743396964,3.643237831340213,4.096959945263447,3.5878460231118017,3.4273101110413524,3.493337826235374,3.565214947654893,3.853905895636134,4.015169697758833,3.8415184756845835,3.7905961750015806,3.4611644985829275,3.670396924547771,3.5985049627892836,3.9962583960434457,3.860542021037422,3.5879901662364464
4.33633634739652,3.592780114856546,3.9053303080033483,3.0918701201775654,3.2540828597216738,3.8385525292351783,3.381029132340565,3.926972501752755,3.9531415862946666,1.740853192120088,3.140368166715171,3.093829314656297,3.7677843980896895,3.3222449612374625,3.36290616165163,3.9735602722721794,3.8165410058759064,3.7535870949802086,4.097272079314561,3.864972038650154,3.968351032041355,3.71903925141771,4.09212722924876,4.083708572743574,3.0469384601814444,3.7223687250756545,3.90874896165976,3.9893860485896466,3.807396571058715,3.979668380993402,3.600615866206545,3.84158231012286,3.8464236420263287,3.8899886368894645,3.9753003361795853,3.6656909104802033,4.138181910967664,3.51108625755037,3.302776783592042,3.3587073628175204,3.692169433463526,3.662120227454588,3.394481988963276,3.5140695151815593,3.8333099819182435,3.70526530257428,3.8376406518524675,3.8714678256287414,3.8875627858543553,3.6331708100337488,4.29704185542372,4.072930512637764,3.7984561986688052,3.556072366347215,3.6855543270771807,3.6396847846590523,3.8634886672130637,3.9227233777306503,2.376580727445509,3.0597136856169826,3.344834769048943,3.695134173973232,3.505516608175058,3.8737088805573623,3.840176217390862,3.5232646200855484,4.186985697340538,3.8749497803648945,3.589692823972613,3.628821952402854,4.007063574294351,3.925882465735453,3.574579938980383,3.943875695790247,3.6681545000851963,3.5851225784435767,3.263103298170696,3.8050227462172206,3.613852322962635,4.046178544940683,3.815689791218097,3.7325370007731573,3.7998535292903695,3.7279945600938755,3.7571140379341412,3.709704205739626,3.9826068087870685,3.8767012466050397,3.6779402998561097,4.080768330945033,4.030651152289682,3.336322309393075,3.6033388701492837,3.829174471877469,3.3326698010227864,3.4467695988147735,3.7077474105487673,3.6019307311838507,4.15819914420172,3.8306579370583425
4.284517115068504,3.609830749029472,4.008988100631925,3.1763923871508783,3.0579400702747797,4.011604628687482,3.6935231467952105,4.016428212027479,3.9424464412353135,3.140368166715171,1.7398835918215243,3.164043385988176,3.8909329248030735,2.619395008679024,2.8114171414838744,3.9751412590198694,4.025836618657196,3.7010185558898763,3.9151398201685903,4.168919504162035,4.251320322690858,3.839314715244389,3.837766505115309,3.8996021774320115,3.546419624420684,3.692485848114546,3.8417179271820316,3.8968394654647724,3.3226472747790043,3.8676147266107974,3.5801076045686018,3.72478527725815,3.542463535226569,3.7773750046790093,3.8026138274097607,3.663408589556538,3.6672203016550027,3.9927240010484075,3.725749181399338,3.9044627585511433,3.9007354887496097,3.97787154593058,3.608350770761874,3.8073469782652727,4.101585237767021,3.7267337565942786,3.605601701635334,3.658217550109943,3.816895199343012,3.8598302972801286,4.249334384305197,4.1500218192601315,3.62536217566969,3.485753588662159,3.81326793450457,3.8048923260330314,3.76513107324932,3.8909723655955335,3.3885881673661293,2.572337045147754,3.6516686057240233,3.8035864057919673,3.2292870816714703,2.958004733569958,3.411183983732118,2.9571334103753615,4.041216062150614,3.4907156298864415,3.7127004983383975,3.8021155281300154,4.105604904965661,3.6129981701442726,3.910599738351784,4.020883042447898,3.9043923764698296,4.075084877341265,2.9462104097373407,3.965465434799831,3.7746564878211526,3.954284857297499,3.363392488745429,3.5453060294913676,4.006339091741655,3.4300349491210627,3.4197475104855024,3.1722221388256346,3.6904587478985826,3.5498032171379186,3.6266540277187693,3.410951548132979,4.018557332480508,3.912640487787779,4.095324408717121,4.327404987469543,3.866264682430934,3.918300665456618,4.0130298039740335,3.851717966648234,4.078021680607945,3.8515862997543744
4.213348202471094,3.843009874795245,3.993490633007707,3.5239585302429997,3.296660548192153,3.955414387385148,3.7972775482715857,3.9392298864093167,3.792805100115273,3.093829314656297,3.164043385988176,1.7885719443909556,3.174166163596861,3.4928163789856916,3.6727643404241137,4.073283738697546,3.4358558849140106,3.831458145096578,3.951621183955348,3.8004059372676977,3.760978928057852,3.759212555788774,3.7954166784186127,3.5658844989883627,3.2579907730111555,3.208270051917334,3.924131797109311,3.912449112489351,3.978058013031259,3.6457044914373307,3.638510261052988,3.698481905719858,3.8185053151264285,3.7609689844248337,4.010247577338541,3.6833086852896204,3.6855009549764186,3.635842375228027,3.6220107865081093,3.244995447682475,3.766778515682646,3.609639624559363,3.731132133126693,3.648952077766221,3.8767053043219617,3.927744665145179,3.702853192718849,3.750146080900509,3.880441215796347,3.9416250759992706,4.096282166256557,3.8100622032423552,3.853659435666816,3.46320736415725,3.449431742305746,3.8381279230562253,3.9201652178683664,3.6840851113279993,3.1429114935627016,2.8752980886162947,3.0209509002905715,3.2655661916904424,3.129837270833559,3.457354547446541,3.6140126760909816,3.702991248866687,3.811374651254343,3.6500122822158216,3.9071918919600805,3.7772983383559566,3.706168735439831,3.877845512520527,3.710106481136799,3.785120132583763,3.726406870715996,3.4652355347934076,3.5644942111826694,3.6337565267664083,3.64890689933503,3.8187916708685687,3.7468437305054887,3.7258708949493378,3.5754358422158585,3.9819604554509067,3.7282053859745554,3.6291317507030603,3.9552356866221055,3.7751976165062877,3.7214037933093356,3.7704492802798697,3.7229270497398894,3.656843127382244,3.6496463976628473,3.8125594441163613,3.464359767089451,3.6710458093042866,3.7996883561496175,3.8175035257153707,3.759803461854841,4.0946437172031995
4.090104533067979,3.7754773969282645,3.830282497222109,3.5342652152710623,3.5197113144775587,4.145674559547203,4.252143029612715,3.9970635398285816,3.790420569860531,3.7677843980896895,3.8909329248030735,3.174166163596861,1.5931784986707995,3.365478170740237,3.4854208162200013,3.7660235405786464,3.4481815903591406,3.887540894392442,4.094164735128354,4.121326821229667,3.965072601122282,3.6712150779160897,3.8600828629856894,3.5518309167129827,3.6816318039012565,3.6529545206172918,3.787391002687822,4.108093398050229,3.9220236851425105,3.8813868256725086,4.2435378760727085,3.7948224491918716,3.5612985053635082,3.6386846511027127,3.8192862625905093,3.7077458370454224,3.7247414327565287,3.308308191235358,3.6780151032384456,3.6757357119173353,3.9263167271502883,4.024616808818197,3.799803299536348,3.6820717717458322,3.813069663062871,3.6295608499101837,3.7138004138130105,3.7045340362621713,4.073328018279897,3.7132045581150086,4.0316974074926355,3.9402494049796264,3.497949804493858,3.518079267246319,3.5962196179821633,3.925656670047616,3.6631379504785504,3.7503409012204694,3.6081855684309163,3.2341501465752875,3.379419902691739,1.9413186804131577,2.634988499060907,3.5210629583573403,3.864255473504182,3.5314295278018117,3.9020158358064756,3.4930002466300527,3.5500947098906166,3.7885892227606415,3.8425138563149455,3.594017506068838,3.9461398505877496,3.9542037775670313,3.6509519258737435,3.718874518510503,3.5626462073339984,4.074493594090506,3.9564541505915813,3.7690369125630596,3.1270411911581366,3.449790858767114,3.666077844283624,3.5213635484128276,3.692941504430049,3.1959058015840993,3.8171551093200593,3.9297413066089115,3.7249529418479894,3.4825889439706947,3.9516992241163895,3.4574493050468,3.7959919096774946,4.057252764658425,3.7165389162205176,3.6150898674715153,3.660558518076006,3.5989355693126197,3.881687455618085,3.859008957234555
3.8901928786016056,3.413611304646779,3.7600078008677564,3.1911667153932144,3.133830821597161,4.054751043782795,3.4874143675039355,3.741351073040298,3.8431230756536605,3.3222449612374625,2.619395008679024,3.4928163789856916,3.365478170740237,1.6671758408123172,2.075630985800444,3.864010903516828,3.614905380057392,3.6628313048715833,3.8990500685394105,3.922781026279516,3.674844500911953,3.649160182359947,3.626724931446145,3.5550009970313914,3.342264772179929,3.620722556091763,3.6038307177429574,4.0859766345644015,3.34797185355263,3.8735794734561186,3.408192136850147,3.6232275703907444,3.3077217136829713,3.558127422080048,3.604017806584151,3.6271338314129093,3.1584369729964195,3.341540646406008,3.398128424610517,3.703699087848385,3.8755168734342886,3.739043743139844,3.4934308442142465,3.745493399669058,3.82584316459839,3.7107523955008217,3.7929814509409314,3.4319203237079985,3.6541910892432106,3.632295674063745,3.862926430240141,3.6390948398260607,3.460900599292837,3.4355119312431386,3.5034923995411007,3.7046030124018885,3.7444477688471056,3.427996105243935,3.261166778837675,2.7916471164075425,3.5712754582217117,3.200588737096996,2.7520228326472638,2.514557010039804,3.174092966541032,2.211956823548871,3.701037179934125,3.633618023839628,3.319145335445962,3.7759330399129287,3.7956063957362653,3.3134895789726753,3.7136034091200725,3.5864068941255596,3.6758370518601704,3.70020975835139,2.723613569094211,3.55714319715671,3.5831941785276498,3.9243015022971854,2.772294903876945,3.3266276569664313,3.755764021221968,3.2191280626850185,2.9454967954744924,3.3666379640683286,3.1510087142838157,3.719940489726515,3.577587791306152,3.065914232779552,3.603427046859724,3.494385243161496,3.5305792542796484,3.4551216011006627,3.398933278633918,3.5883081998669,3.8733286118947086,3.6761953336230953,3.91425949879353,3.746213672511349
3.897352615717347,3.4349496857493023,3.950498736208759,3.2193858841798226,3.4099939480796295,4.040350297229912,3.3534264443661352,3.907002425863214,3.7843741686170613,3.36290616165163,2.8114171414838744,3.6727643404241137,3.4854208162200013,2.075630985800444,1.6518536048669121,3.962583852705717,3.618983695451271,3.7328044584201736,3.720124700522316,3.9680631975784713,3.601592829099601,3.4900454567971475,3.6431895517579846,3.5240731194398642,3.520074138641504,4.066567385693214,3.8417515808031726,3.805776362060602,3.5131099265787786,3.5499192961123507,3.5849417890100317,3.543761060347118,3.327306415187424,3.493686176710502,3.603597218053921,3.576314718033591,3.3328128582748224,3.548249592155506,3.5120324806791507,3.657850860532086,3.9816354334245063,3.7689242668440173,3.3910018401495026,3.7831765570258438,3.91209938380859,3.9164170960704543,3.8088872893593186,3.6434970165301936,3.5243046616872276,3.4637501771117645,4.093888279076727,3.721183539127273,3.588829994922664,3.387275342259936,3.480855700038953,3.631540504670508,3.6507971305719855,3.3482290619495334,3.312859822934485,2.970685679142088,3.8616788389436136,3.4071336045036866,3.0220584997434443,2.515468690509044,3.08539077848841,1.9260150832755811,3.918525852955344,3.497632690912015,3.555073042296641,4.0225415079912885,3.784755459432491,3.415262759458169,3.4987615622664543,3.6298427159768925,3.8866035510502908,3.8454720522225263,2.77493605763543,3.670182711986704,3.4799798023938275,3.8648984459621074,2.7877643088979265,3.4139531547645348,3.8369658210195428,3.4994145683465763,3.1073139301653314,3.0181874070708874,3.2891650257907368,3.8191185033836996,3.654368086911501,2.9651858311855825,3.7436253664082444,3.669420204123385,3.758295594830223,3.762089286358784,3.441074322442954,3.7905708819111226,4.046620968779768,3.694581085728401,3.7218005202971387,3.5796880406098475
3.8287376645685227,3.4030146352750785,3.931110163182529,3.381732350327815,3.5199494501453734,4.0977593860423855,3.7504611377247823,3.761557424889965,4.2706500641956096,3.9735602722721794,3.9751412590198694,4.073283738697546,3.7660235405786464,3.864010903516828,3.962583852705717,1.6891995905204529,4.110525569064624,4.112824138435971,4.269767116071532,4.137058167977461,4.399136741357696,4.009818229358919,4.243860629650678,3.9798853721725895,4.190863080343376,4.187173563232811,4.400790434516984,3.7198155294847135,3.962861230714812,3.6148445327908902,3.804584099306268,3.842727093892446,3.7471320981243754,4.356433546000645,4.420345798702896,3.9071329137895936,4.044270606889015,3.990831700109643,4.136984218934494,4.215901422619569,4.037617211348319,4.061947573694911,3.8114635546786393,3.765494120338394,4.1582987652796355,4.100837598839054,3.812598073506353,3.747326723260628,4.24656635906884,4.210213008933262,3.354546486034429,3.46514794096357,2.861486640658688,3.6761872343068003,4.130442921751372,4.208891532959455,3.492617270324587,3.9512846455054067,4.11842978617437,4.028437417667346,3.8730434065204498,3.69242363537033,3.894985654002159,4.289547855543562,4.212079347712495,4.231737292153832,4.093790444340966,4.087532839579235,4.063638207326945,4.182514764328066,3.9701168778169165,3.849069661634492,3.815094248157918,4.16545169600325,4.161054593503982,3.8445512653794287,4.150333156391322,4.05018751835839,3.631285833892712,3.903200336516122,4.291849365441312,4.167353082694097,4.2831410047484235,4.099010615528477,4.471582176264694,4.080790837565047,4.449606665417504,4.225588557152772,4.145457159166889,4.422104588789548,4.004195422346432,3.8996228165695808,3.97228028962482,4.1248316641349625,3.588323396158063,3.6941485301960095,4.021765739502149,4.151937392974878,3.9740367722998045,4.324051818072052
3.7850330260450313,3.732706658499898,3.922237789315142,3.789625588089784,3.719845703630242,4.318454367766423,3.859099194490744,4.003319292080339,3.760058607832242,3.8165410058759064,4.025836618657196,3.4358558849140106,3.4481815903591406,3.614905380057392,3.618983695451271,4.110525569064624,1.6851401227214635,4.230684283981431,4.134747441126087,4.04809620339236,4.209586627322828,3.9357405206325544,4.119418256886727,3.2243534590819602,4.0256190358984,3.452811097124796,4.140918943562494,4.2555944546774445,3.8083262617495817,4.286848145278788,4.126259051179464,3.718738734937798,3.760536893998626,4.0884412122001335,4.038609448571347,4.028046097833347,4.2947532751851,4.2327869681761845,3.706913810952612,3.54543214310427,3.9386936125855967,3.9951917243669923,3.4815558200356165,4.146650400708345,3.9635935528188986,3.958138629353567,3.967273319879242,4.10049159350691,4.0864198504746545,3.896225257516081,4.273572454950183,4.2450092302883,4.214290624225042,4.007771288357654,3.7674932572912847,4.074340280146244,4.175379067032277,3.9102907880310673,4.073193858759966,4.093794659321214,3.8316333045607416,3.890724992344675,3.617442886007292,4.014612181686405,4.023031392221566,4.036575158899434,4.216639135872839,3.7253705175134426,4.029703927217378,4.24402863635734,4.039689107833664,3.7385520707619833,4.303003345175795,3.6015097412798043,3.544566427815161,3.9134762071168945,4.195516416043109,3.9975974807370793,3.9266176555006194,3.97407216745434,3.8495586007330913,4.150613696250649,3.8772385911818263,3.8871164054671885,4.004081110294257,4.052394105999579,4.349291973168043,4.157880213667186,3.999183053569741,3.761543446354685,4.093482707383909,4.1152230527246045,3.8516137037719766,3.9431942757511034,3.5867152421597113,4.172667164943252,4.129784931236752,4.0752957490238595,4.287810546187314,4.017151820279417
3.917826070888771,3.760390002346556,3.889159182328332,3.4779696490443794,3.6053024503885225,4.149735359139225,4.016599805712285,2.856133102784898,3.961121883596908,3.7535870949802086,3.7010185558898763,3.831458145096578,3.887540894392442,3.6628313048715833,3.7328044584201736,4.112824138435971,4.230684283981431,1.7873300444360458,3.547134676384676,3.987078541878171,3.8482679395577315,4.339437247907581,4.1791726969399425,4.383780181106698,3.84455262783946,4.4684856503767385,4.19434098368416,4.2009328626705225,4.305707289376592,4.429419986655048,4.29227001956846,3.83561425286159,3.908981064926438,3.47973940896101,4.057580238797473,4.0838700453955985,4.573386330145676,4.13629483683906,3.888851174188803,4.401444649663093,3.997448050291242,4.358240142227476,4.0538156831912975,3.9772801469427224,3.9603060090729763,3.8011889637347567,4.007682221667946,3.8948185854773256,4.071140074438061,4.0675325665491515,3.9496388330777017,3.625577732289192,3.7493369873714797,3.519515860934629,4.255154674522551,4.239682218750789,3.1155487541880373,4.054483263844614,3.9718089355452437,3.7268321186493583,4.011368323207746,3.8900563374490367,4.0084550943565995,3.9861755474369684,4.013208998761773,4.105892507226248,4.223612526825166,4.00307855365632,3.2469071472533892,2.698904165102166,3.9802537490930137,3.793708144582507,4.076318461285131,4.352650846782951,4.415957900611596,4.099003464977278,3.8928464314436964,4.332629483186976,4.067098763240027,4.3614552841380005,3.9784162965285397,3.8499480828320585,3.768497616108837,3.509219018657154,3.7992810500337777,3.89278599879944,4.3995106787952984,3.9324150545585446,3.9739875769508264,3.986899135226147,4.27139399484713,4.146568720270447,4.340197489678204,4.387000994982194,3.77406436079458,3.9717792846627265,4.039654272291551,4.172089186655485,3.828832325771338,4.150512271673067
4.302425490124139,3.8472738282671197,3.9174332819253648,3.6557698664163683,3.837034657781144,3.929839778783491,4.199083857228977,3.941508815006209,4.084206531069773,4.097272079314561,3.9151398201685903,3.951621183955348,4.094164735128354,3.8990500685394105,3.720124700522316,4.269767116071532,4.134747441126087,3.547134676384676,1.797322872925788,4.058016239788256,3.7431524958538955,3.924420483249199,4.022928328792486,4.352492292172994,3.9666327290333183,4.471928956111162,4.516952148234597,4.242523366577087,4.256220602100189,4.177343050527476,4.432730982786176,3.800242648699615,3.873551242714079,3.988940618670286,4.293344631627603,4.040564059424342,4.018565816181187,4.08053456258427,3.967254976253756,4.049472267346792,4.115281932353294,4.480208107617777,4.033715899207704,4.2971419617145745,4.341806129983643,4.366343669890278,4.143787106328296,3.8904958463023513,4.050138694498289,3.9781576614259078,4.237108401659025,4.379055061423332,4.342954499903521,4.30424016776961,3.9984529952061862,4.226046723722362,4.6265247566491166,4.206487398741492,4.027772494070569,4.1630500608351015,4.271912782567716,3.895433571246127,4.1483405997798055,3.701562882755945,3.8490620287163595,3.877135306657269,4.358751019751419,3.3051621777314613,3.9673650732633337,3.718151907195428,3.9850020497491845,4.12529294852266,4.131283780976059,3.9607006505104945,4.261162574280193,4.214862759612188,4.018937781735659,4.137172807624049,4.160273951160125,4.153621887804297,4.2043516636083,4.038471333001713,4.203339484183475,4.0799573832308615,4.045408258807011,3.95956550777448,3.878534879365577,4.2811728908170865,3.9833303038299332,4.021866842106281,4.293476560569797,3.995966596416233,4.00543515624921,4.611427818109664,4.147564241844518,4.267520914155763,4.393646789911799,4.121492228450651,4.147879581652987,3.9339714771870615
4.252751346797896,4.263449269321566,3.9555862798113055,3.668510733667746,3.632288021039237,4.356153223343438,3.5653592733492476,4.191005290207513,3.636287060253412,3.864972038650154,4.168919504162035,3.8004059372676977,4.121326821229667,3.922781026279516,3.9680631975784713,4.137058167977461,4.04809620339236,3.987078541878171,4.058016239788256,1.7674440795940296,3.8190446731683245,3.9433357666036146,3.834853315536123,3.8274612868056113,3.730338113659774,3.920713279496519,4.05890619236477,4.0224647821872175,3.5718494695071983,3.904422121638606,4.1377767153247085,3.5832972797854823,3.5839597226054876,3.4906354200504377,4.037530488740139,3.566008942551493,3.8275067745335787,3.9770580648412555,3.593767331176389,3.8209925464445758,3.560998355587948,3.9818346827670554,3.7891596908222076,3.86643000934467,4.010536532066443,4.022802921200211,3.9331675402469877,3.4736163918692613,3.841548118111209,3.371066971654804,4.154963814913322,4.24359464960987,3.996950268859606,3.7819656574880094,3.5789388787172394,3.7750535869611728,4.272680513220353,3.6377734195954394,3.718296009492187,3.777651454789666,3.741159461141565,3.849187534596209,3.709579126742999,3.7878826751477868,3.8055445334706683,3.6651005309012565,3.902807261780242,3.9710587752594444,3.992519865622313,3.940876044352881,3.4113324745943667,3.7982663086654225,3.942578634490213,3.7350811770607364,4.063628152758522,3.7660060318947646,3.8747081288838467,4.249022496313973,3.9812707282254567,3.8576799257629024,3.8994961571559057,3.7321954721610635,3.8529303091486313,3.9769723641666914,3.771905429482085,3.7429392226643157,3.9076379547629516,3.987344694067392,3.2882541837588484,3.55577918236258,3.810932663013261,3.797098711267152,3.618639135250319,4.2516290407678055,3.443881187085546,3.854783288189738,4.145639225315425,3.9146113699975373,3.980320315987957,3.5991378970217185
4.154062397442557,3.879706152098114,3.62795827314709,3.960583465337334,3.878410367697943,4.6493618079134444,4.206916269382595,4.034598300705004,4.011811782830592,3.968351032041355,4.251320322690858,3.760978928057852,3.965072601122282,3.674844500911953,3.601592829099601,4.399136741357696,4.209586627322828,3.8482679395577315,3.7431524958538955,3.8190446731683245,1.5777375438739898,3.761030924728951,3.606812228160635,3.748430264334727,3.631657609010622,3.905548373506468,4.055907337216676,3.8792594512732994,3.825074907154263,3.8647898539144303,3.7656985754338597,3.316887499416774,3.849644573476962,3.6531434435105568,3.8791772992759816,3.4943621523915236,3.7622920853664676,3.9843286067104953,3.4067396509199606,3.739789373270315,3.666653454213109,3.9567776762277145,3.651870510381153,3.790123277754692,3.8463386752551663,4.099257030905423,3.775314700960686,3.7663552015617676,3.8545455341541226,3.581463011152351,4.068229604063286,4.082508071767288,4.036366333490281,3.7795044043244075,3.570166873161805,4.015085574742613,4.016642576075801,3.7322652094492077,3.8693743480713403,3.844180491751948,3.7509708073295167,3.799421300833074,3.8501626342035387,3.7166818077199695,3.5741661896515917,3.444256638649723,3.853801565304185,3.589964557573764,4.015354861204549,3.677301112180617,3.1066278779444496,3.7614291818750383,3.854302936659551,3.790215363185395,3.953358021093794,3.6677043923753807,3.7750514630483325,3.939302166247693,3.6478682180797084,3.5741722025351574,3.843435220668345,3.7749931578136584,3.4668627500922136,3.7615999378278877,3.7383357378192863,3.6921106480509627,3.804114252459185,3.6436305112087948,3.5236994898352987,3.5020494699847458,3.6454068760638068,3.6760976190736465,3.6296956632280386,3.9281387331547615,3.5319570212285116,3.7617931649789442,3.973440458784262,3.854282376265358,3.8880340284699693,3.670990793531602
