0,1,2,3,4,5,6,7,8,9,10,11,12,13,14,15,16,17,18,19,20,21,22,23,24,25,26,27,28,29,30,31,32,33,34,35,36,37,38,39,40,41,42,43,44,45,46,47,48,49,50,51,52,53,54,55,56,57,58,59,60,61,62,63,64,65,66,67,68,69,70,71,72,73,74,75,76,77,78,79,80,81,82,83,84,85,86,87,88,89,90,91,92,93,94,95,96,97,98,99
1.6989046059350619,4.062210710447082,4.093214955523179,4.077552880966579,4.052474076953997,4.1907113044183495,3.848157832232196,3.815479861945968,4.079004831550385,4.008623795568574,3.751662170579143,4.326139530596213,3.5668038548183336,3.6070605767718815,3.9986472215585254,3.6964918337640276,3.4738209721768927,4.231473496442853,3.4052978194041854,3.8641525523732327,3.5917648009488374,3.5501460329164276,4.050364588201892,3.8816981297465487,3.8884471455931484,4.281419722173455,4.089588705251355,3.5681955311477633,3.7749545112280516,3.8136715498274465,3.420179925832128,3.806435151665342,3.8051202851913053,3.8018101941699736,3.2144758904267583,4.471293081449989,3.9183936891965048,3.5746688689808703,3.3254793285452497,3.4811341151368547,4.138928358480076,4.049983831512053,3.6570646895934145,3.9755719177417332,4.0089208066896385,4.212476295406988,3.9496904704503604,4.023150682075765,4.102870774996354,4.340360512638132,3.3418029877044737,3.794987849029262,4.015476673695192,3.9240207912939624,4.039337438318705,4.1121118075328305,4.036916137372627,4.161237660630728,3.7553001243705237,3.7723123557178124,3.5659679266856057,3.812056103016388,3.8228805153754424,3.9034016689478777,3.868334309112285,3.7276750309588507,3.7587811717404693,3.907052958885001,3.72617697025087,3.87363569338901,3.3146107598671866,3.8571110277529574,4.068262923734856,3.4495556711766318,4.1379409013536455,3.982552020176434,3.889856635300647,4.035295104338627,3.221697005223029,3.6344219686230965,4.270419083359909,3.911733768285567,4.178425049522396,3.7056133898971697,3.958455570354281,3.9406690953447914,3.9123974267219954,3.9012745503845236,4.236019919652186,3.8301830854404333,3.6149152745210023,3.409382590555229,3.717785494477988,3.3731886178093484,3.5887261078802593,4.017722600513045,4.342644695754393,4.570331244488384,4.23011619632354,4.479111501963558
4.062210710447082,1.7886404226119008,2.8376573364574074,2.816577744817204,2.923002763012097,3.31847283263589,2.8853068054812603,3.382779545749543,3.3625940048687464,3.5011965177161803,3.139414262247539,3.4748856840568045,3.059583814384012,3.1453067300189974,3.214619795635831,2.6753893124246972,2.9039908293783996,2.932920715546246,3.0345448776590414,2.9669807794612484,3.0156212500080435,3.458280208084657,3.6553834215601633,3.7540715060083603,3.391258755453961,3.6931955851725418,3.5388694477487235,3.551304279636014,3.2593153117958495,3.6949206805201333,3.108350214012308,3.569620033853885,3.481968618587467,2.9554176198297437,3.243590582933491,3.391536687791517,3.2923043918805863,3.3841865572279755,2.99489547568503,3.2616812395631456,3.5099274489526247,3.566481320409085,3.526984006099226,3.5128277244443527,3.4396027591806737,3.6649346040020894,3.481379270387051,3.5277544166510526,3.3493737613415453,3.7405482970821686,3.1724972232582838,2.2986369798644715,2.953358608001803,2.866769731542369,2.4956199730733424,3.3589665493791565,3.074252408430965,3.204872610225687,3.3647084466712043,3.323141075040559,3.2242175189964053,3.1416975514005614,3.3275897340825353,3.270945138932436,2.8941871763828524,3.4745780003795828,3.143275773083267,2.9790967705900004,2.990495921181269,3.087978534492203,3.1926167832224635,3.731835791491457,3.7830968087606416,3.2813187031444695,3.567050509387813,3.509788283027481,3.397578808314807,3.794635627127795,3.5260448094053767,3.5548580954435445,3.710938308284932,3.5665597602426713,3.3746721451736583,3.4871511689141474,3.7234787556120903,3.5435721057036815,3.2112070889674116,3.600517401052817,3.4233276517206597,3.29745907260399,3.3180524640197264,3.090991952684139,3.2981529330389834,3.207829706999692,3.370975801437597,3.5878398424674405,3.7554258365876096,3.8628826986736,3.4990412559436037,3.892089285944574
4.093214955523179,2.8376573364574074,1.703259448762881,2.9826216231461826,3.1303849854906316,2.6711203616170405,2.6898134465545223,3.357126110420062,3.046536368213183,3.0726311193053872,3.6984469085981004,3.7518562973782323,3.592182914225093,3.4025650578997033,3.1852985097912225,3.206752577351228,3.3951501120274328,2.8444644589688357,3.416119976909414,3.451339241880359,3.267955260044638,3.284747945351362,3.47663332674613,3.6801806516375297,3.212769895813294,3.865431780665455,3.685604734745532,3.7236690037516014,3.0904046702105177,3.6065450600633673,3.2653176398862698,3.5818443997887877,3.6344051421368504,3.1442251188111183,3.788122155331086,3.44317990109318,3.6918448686651906,3.5470636388923387,3.2195780405156995,3.402446468064528,3.4096336155854057,3.395342288938802,3.5537939888476293,3.7654399200284914,3.4283708326851348,3.7512238598580225,3.3492892181768896,3.502485956624362,3.447288295391097,3.5961878181661295,3.126511531708502,2.3411630505161054,3.2031442471363065,3.2360652937318486,2.2614385619429935,2.9443496652059395,2.9407689035329843,2.8344038325636367,3.7208834409288634,3.431378573297776,3.369588657110633,3.8090249243094263,3.6452620009236583,3.3913712139675023,3.0711210815756003,3.583954048599171,3.1567638341771174,3.5581098257135277,3.617453512643411,3.307458792677646,3.592349906488578,3.625532420172216,3.546346674880347,3.385329499722321,3.2632428993382567,3.3943383542673056,3.3267756276316285,3.5129554463769024,4.0395784769754,3.4902248800071565,3.3770784042366704,3.1644446383808935,3.605308126187588,3.733616126620236,3.871868466753693,3.6554004441921903,3.524398064219904,4.0475471575594835,3.6306812473906858,3.5249706004909327,3.412553311270195,3.203736107821542,3.588807965109107,3.5405461524825435,3.548920074338453,3.746628733286466,4.015609585911538,3.784159255124317,3.587170367072811,3.712965173742695
4.077552880966579,2.816577744817204,2.9826216231461826,1.766499926113381,2.541681210428798,3.3339743173815783,3.8628335974680543,3.0949373605120725,3.0777533729884126,4.132257463663905,3.8522350298166277,4.1163244261101,3.9438469541672614,4.339364752381576,3.766036087140485,3.6324274754487273,4.142393266120977,3.7157327999835017,4.130227387221075,3.6650159692213045,3.930899714908668,4.1443852451341225,4.447686324221403,4.096462954632066,4.112489499228813,4.2696039829425665,4.091917501248135,4.4943314026728745,3.5827750206733415,4.555475866704302,3.820207985972861,4.232505529716969,4.382406070494096,3.3404486826561706,3.7279056556260763,3.708471357657771,3.885946453764574,4.552453727616153,4.258222413043047,4.510491601589818,4.285629403240242,3.8459244986976073,3.733207216934673,3.921342898607437,3.554558863981381,4.404802906631016,3.890358151082385,3.994013528071896,4.110041545837725,4.334975195920461,3.8643284659934753,3.596850531712958,3.973732639561833,2.0598585809895473,3.3060338288397393,3.735559607630531,3.2307495057089795,3.3878258753953214,4.392996816700017,3.523013558027701,3.6805069838317332,4.122818563852286,4.113528297528689,4.087568511271094,3.549710882356815,4.318777836211119,3.6993255966359953,4.0960535273532725,3.894350688327133,3.7262221767885637,3.9384223085120604,4.6055413690170255,4.674097114035626,4.069205775132123,3.981646613847086,4.1328284071556505,3.818938399870107,4.586100868734343,4.123654911476843,4.19201253472941,4.256741948498834,3.7551799948465403,3.699656046246205,3.9502170607227463,4.3754401172305295,4.234727914362353,3.637045653387404,4.348379296658012,4.0174732608793455,3.736867585863382,4.302459966693107,3.847584758232134,4.030865607454486,4.0408739282013215,3.927569043904907,3.777560512460153,4.376185530882768,4.562530587100511,3.9508252680832765,4.292771791541468
4.052474076953997,2.923002763012097,3.1303849854906316,2.541681210428798,1.8427749029416192,3.338638424937099,3.8787308544133325,3.0925258732799485,3.146330998124388,3.925780896115035,3.91168920445987,4.010729275501351,3.4529368919378034,3.7903928834487246,3.542005577970223,3.8786440933367854,3.6107617477049763,3.6904554338570135,3.5383313248673467,3.8673041355493103,3.8048041707847404,3.8669059630236213,3.928717568795769,4.155283404470448,3.978212291261135,4.022262772519236,3.837084254422801,3.808240382086466,3.536508112645449,3.97631608227391,3.515911518352177,3.721422867696498,4.101173377662532,3.3563060882806024,3.850182172048029,3.7116656656686766,3.822626169578047,4.013793289325627,4.251484418764742,3.9601736792212088,3.8712226968804355,3.954550792948958,4.110995018120536,3.667320374682963,3.9076103688407,4.006533514333839,3.974838946076289,3.94772580309114,3.5502218654546827,3.8737262173787483,3.843650936839441,3.532910396840281,3.439600343057164,2.494427252551987,3.1807011532579588,3.601645511545492,3.095786322927517,3.271405624626735,3.9447208476320337,3.5665325500333833,3.6674933590490992,3.4304864259835455,3.7427110846292515,3.646523664764574,3.4826453337709737,3.8829165962193004,3.2144288439771866,3.5543595448147225,3.572718912909318,3.7891629759264114,4.004140294443469,4.079338060573719,4.132603428942174,3.6293667837066805,3.94188665793982,3.9948850250248533,3.6275644363463337,4.044877342293719,4.116602118577255,3.7994497336621427,3.864502343605682,3.9345601575722413,3.483685133500921,3.844930582893594,3.8244728416561897,3.8292053559568675,3.6274302528814992,3.7386722236190715,3.741044961340656,3.301966020773139,3.892470858482631,3.7784063709663838,3.798747110578325,3.8779020429992115,3.731390170801105,3.7469155927056317,4.110175694348936,4.147587611332354,3.5378968973128053,3.6600812796298863
4.1907113044183495,3.31847283263589,2.6711203616170405,3.3339743173815783,3.338638424937099,1.72389193587177,2.8819562413332336,2.964144867272881,2.520627377651825,2.9563492065179324,3.5302271886022067,3.87212584303289,3.848132123233069,3.7161540658462955,3.2224482932987897,3.4725062049200894,3.887247095190058,3.4066187569843493,3.5132209391636158,3.5197458085208906,3.5370662236833303,3.269460001832526,3.3061215352706395,3.7126669637997227,3.3879934803849165,4.019078656207722,3.8072101158245366,3.8161108880552517,3.530072803292594,3.39814489464763,3.554200429693585,3.917853826631259,3.7577969539589233,3.2816481129422046,3.7988374051825398,3.120710959274889,3.7490349739493016,3.3246776697861353,3.425710914300599,3.5647338492707754,3.639992395707709,3.569490412542836,3.371225603542664,3.737593691384698,3.3943746462775963,3.62181359330768,3.5386721453516463,3.7410051078869526,3.151489142258818,3.5705314937365173,3.565639368555509,2.9077228060795353,3.32374097139952,3.2196591394485097,2.5256533849747167,2.2878291251153016,2.7152526283495937,2.717116036002953,3.630341425483496,3.444567655908046,3.515286685804351,3.8562146826206662,3.605851210980693,3.4442052468607973,3.3165970731785563,3.628701272423688,3.221646463257671,3.56232362940505,3.6648586335920634,3.7039659963714096,3.748224649850886,3.5565905125325927,3.5189171440288702,3.3212754206220945,2.998621693010387,3.313301249879662,3.3547960905554466,3.523688049814772,3.7514561558467134,3.8469268511368075,3.3575477155650377,3.4383559091085565,3.7549665144453215,3.5154845695479726,4.0609882782065725,3.69469315684958,3.689353230578243,3.817036142395216,3.200252607539558,3.459017448640512,3.7851305006571994,3.4912102465180728,3.704808001149098,3.933898751649298,3.6915819314470797,3.53939954510982,3.7047967558801473,3.7350645644467253,2.8901994131151674,3.6485355429245065
3.848157832232196,2.8853068054812603,2.6898134465545223,3.8628335974680543,3.8787308544133325,2.8819562413332336,1.86607399135864,3.3399017787760825,3.4791942778875806,3.2592699526091438,3.3845052457898066,3.4518751111034383,3.4062794628551303,3.4729138178647627,3.465445106822006,3.1248554761083014,3.6073144476693537,3.2988192097604925,3.4248354935924867,3.253047360386652,3.3394773501516726,3.4860401265845566,3.6368107760132897,3.4442077114329335,3.6324422485802215,3.4902976455641093,3.8203872867505986,3.46196499545421,3.465717421581232,3.626970884952837,3.6740841373067408,3.9052700444215898,3.442437913705834,3.422150024374089,3.743391499244358,3.386854704143146,3.348916215163122,3.217632901462685,2.95741605172537,3.126561535576974,3.2739707471055874,3.7267139503197924,4.049911172670535,3.6286400263352863,3.6853310102394645,3.6329275575143893,3.4361896137855945,3.486122055685391,3.1807992393096467,3.2491759249190584,3.7229465098468006,2.713649910272737,2.998429964434872,3.548091132355571,3.1111627308803245,3.1917596946705875,2.9113513040120917,3.340969451036005,3.415791900491488,3.4106198339927385,3.3543843690898703,3.4515873060770317,3.4434652591869375,3.553115601124715,3.275811758827484,3.7323290734741787,2.6948723887717887,3.537641420830394,3.6009675125171836,3.45984038136607,3.6248092696666245,3.682858469925341,3.8400274583436533,2.7967854596834987,3.426645150354298,3.4506845250730347,3.531904357970987,3.791429827714929,3.7733812484565528,3.9414410023632063,3.4331510370228115,3.3217539979312294,3.4659875704191325,3.7384823237982077,3.6715025186638646,3.495699768629234,3.4014060201174305,3.3536813463285764,3.3089480327067915,3.4536167061944685,3.5586951526470907,3.423460570238014,3.409846236371749,3.681539343840266,3.2486246770412537,3.8179482350365386,3.7907765461342002,3.6068603589456734,3.0779115344158905,3.3456899526316577
3.815479861945968,3.382779545749543,3.357126110420062,3.0949373605120725,3.0925258732799485,2.964144867272881,3.3399017787760825,1.7756201320511293,2.804284443844019,3.562455638451329,3.7903000180708752,3.6480740481963445,3.582564310774387,3.777156116405459,3.6673569561330175,3.5416243161045804,3.8965646247576013,3.4268613027002255,3.684910919430822,3.396843252769354,3.5521726613455598,3.5345435731526065,3.8145255101261935,3.781559691483522,3.3216810267586143,4.098007618961539,3.892186572501815,3.641775309294243,3.8078008521064817,3.9810457834979442,3.233626274338249,3.4301916385548488,3.600107827778181,3.7271047915782907,3.568132074358624,3.7212058037766784,3.9016075945594286,3.869447057378882,4.046352521179658,3.9303839912480587,3.851488809327515,3.4571464301690904,3.496284943250964,3.204866672876492,3.1249151691122186,3.4944271943597474,3.5911775387530396,3.6570633854480206,3.8108939601230705,3.991178762535662,3.5332163779115286,3.3274902841556995,3.4084844787970225,2.897817191373247,3.2218220740953645,3.15866975755163,2.8910982085369206,2.610362484692447,3.912420395373527,3.2734089737204193,3.0058496295989334,3.5143033369476577,3.4978954382059126,3.6026224713782957,3.7818041279943304,3.703642109332575,3.3138729160877407,3.6414099918221723,3.7583894545745946,3.5072064175327373,3.393637364716409,3.902612683716366,3.9296735603860298,3.3993966853681137,3.276218917924811,3.1678104101234883,3.843002606394837,3.7692281937664798,3.2851647700172326,3.7652104474509476,3.6443722077783143,3.644637299395187,3.392002731337521,3.4361910762378365,4.036109669225765,3.8017487778009666,3.885834786334289,3.8435918969450573,3.7597592837882963,3.6148385540016266,3.482578264682528,3.8946199966659174,3.8541060806039136,3.534035218995182,3.2943770892368436,3.335178711208996,3.835918980940093,3.771821193671835,3.853495299893025,4.068458910551764
4.079004831550385,3.3625940048687464,3.046536368213183,3.0777533729884126,3.146330998124388,2.520627377651825,3.4791942778875806,2.804284443844019,1.8831211467995956,3.405468149429787,3.2514649535301476,3.395476014228468,3.4674149171287394,3.458836108728644,3.285747528504764,3.487372795724989,3.4606477416711248,3.5933075821200084,3.234971478758165,3.470319719286793,3.419193643315217,3.2452575119159786,3.4361742344360273,3.4114709800713894,3.6422295245800482,3.5332346471228675,3.677250656846036,3.759688949615848,3.342798289163003,3.625077288835322,3.247389629454026,3.671972392263746,3.551225140205093,3.4650865141467544,3.5971935771572934,3.5692117906839442,3.905585617252805,3.4449523271343323,3.502912581114838,3.5928650140155676,3.4819552720045013,3.789952274321213,3.950129935996748,3.4763900467329436,3.218735779379252,3.762025306922953,3.614270333519224,3.8125130220308017,3.712447803675694,3.8208962442858545,3.246407872299627,3.436245384365396,3.4140624251008287,3.2469560446252133,3.008819035616522,3.0931206695183797,3.038501178035757,2.366811716992834,3.647461720204865,3.3018817130003737,3.2922898893538437,3.566152455167517,3.227641568584544,3.3777590452270894,3.2342580376874714,3.6396949072092144,3.288745833438473,3.4584766568086494,3.535249155969577,3.6065010575424554,3.50132205064527,3.3594290215917786,3.5526180966763854,3.2943895826681286,3.066486095153276,3.341791717974648,3.212328906780647,3.723745545020182,3.4243010317115568,3.5762310843018943,3.090023935897062,3.543538540303062,3.6197383350180976,3.5266606190974956,3.687839248879839,3.5040201651678715,3.712206325554257,3.7531241278103757,3.4183004802037193,3.5432660139966217,3.361863080987028,3.291676447067429,3.4248211879019075,3.954526473418425,3.458058326984963,3.25239653726627,4.032787842422452,3.7743859789723517,3.530744871570257,3.7515962998008154
4.008623795568574,3.5011965177161803,3.0726311193053872,4.132257463663905,3.925780896115035,2.9563492065179324,3.2592699526091438,3.562455638451329,3.405468149429787,1.8312333509668002,3.3645258589109113,3.264485598557863,3.2420441389565453,3.334211975494544,3.1391676766334724,3.2839329531690686,3.473541489045618,3.392460472927999,3.3682096905386025,3.2870710637935847,3.0656688288197342,3.345776884121363,3.3838128290318017,3.236326333518675,2.626615836635883,3.328159954977586,3.699137085894889,3.6328011307586965,3.317371312484975,3.462060837142157,3.366677665467582,3.672037749987568,3.19432129765039,3.1497172028277096,3.4901122062326837,3.776081118047834,3.4597544937715776,3.006467336419607,3.178252910566526,3.1820604455248116,3.4245345257810973,3.628217508236926,3.4020835637524867,3.4214127442573226,3.3823163924714272,3.3804653030172434,3.539741154940059,3.5350572193798295,3.746499204485994,3.4372117640644015,3.5952717946681476,3.3071689350069833,3.651890823142043,3.4751700482103303,3.150336176665373,3.1289425934326185,3.345493817260883,3.3774836575144516,2.998979505840527,3.30163833743623,3.54592563955561,3.3301538276043776,3.3439965739579387,3.174959991584717,2.980436227062886,3.3199128269885985,3.343908658531659,3.3938702241439023,3.4950907248799865,3.475404953270609,3.3185785841560307,3.4547158796404003,3.3719343476386237,3.2891992110784964,2.791464965364671,3.084391223906871,3.200646577565635,3.2699975758286275,3.6572508696694723,3.6700595799048,3.100619814604228,3.0434092607700647,3.5261758214071275,3.6466042211728835,3.557084145248381,3.3764904903041333,3.239004386974537,3.394277882779965,3.7220015254988286,3.3387273248199962,3.1414316065142005,3.4041917878826826,3.522893999245434,3.579855624690068,3.436608167506148,3.473012281883652,3.646159429424109,3.5801659431522754,3.7239959519194237,3.391357716177385
3.751662170579143,3.139414262247539,3.6984469085981004,3.8522350298166277,3.91168920445987,3.5302271886022067,3.3845052457898066,3.7903000180708752,3.2514649535301476,3.3645258589109113,1.8635071154338463,3.2875154133587827,2.965041968273226,3.21714187709723,3.143718761241413,3.226469422680914,3.107430781657972,3.5706983098129914,3.020108296412625,3.4664212099077765,3.254822620924835,3.2565671743276496,3.4695878006611154,3.1059427217452047,3.4081354476378447,3.4623683840118296,3.7767389944891265,3.8600772895255075,3.439738873021414,3.4721611908179546,3.621003927600097,3.9135630548828724,3.4147839457250444,3.2379227500405534,3.3820914810655704,3.753854990872003,3.753735790033099,3.4849578808188695,2.9270323995081737,3.146395735224687,3.306446657768021,3.499251166994932,3.4222938836609593,3.827551578476897,3.6354203658355644,4.190143588112835,3.757546181509489,3.610557327826108,3.4011450146488746,3.5171705176119907,3.4426966918841466,3.174932626411783,3.425066854699262,3.21723125468383,3.1219732355538503,3.473886193999319,3.4174903280711377,3.3406429179173367,3.4616116802930925,3.464766180436822,3.4348956557836,2.99350032387386,2.9308521403135415,3.0304105978387934,2.9582580391389017,3.5050870164074923,3.0309790891178148,3.020658085908723,3.215609979423836,3.690074158418914,3.4177225742175517,3.6506077249663633,3.4072885551306764,3.028631324947503,3.508421216302055,3.775693666440377,3.1698717824362115,3.3340907766198558,2.97798207493517,3.6323508014761625,3.6236422556396204,3.5262178509659727,3.5223415193723393,3.6294032460882235,3.4721208935158954,3.7163835057963155,3.770950373859193,3.625582239028351,3.7861161584714123,3.1698378285197975,3.4186192347310147,3.288270266081731,3.3977901537221635,3.3472449014193595,3.6654346147416437,3.858115338557614,4.169134432694032,3.948510397374801,3.3014310835321785,3.3836600204841547
4.326139530596213,3.4748856840568045,3.7518562973782323,4.1163244261101,4.010729275501351,3.87212584303289,3.4518751111034383,3.6480740481963445,3.395476014228468,3.264485598557863,3.2875154133587827,1.9063045756142312,2.8860490977782534,3.1448216238931996,3.369449841940994,3.141598563442828,3.1545950450051277,3.2668656152608375,3.0303578285487953,3.5923353869518353,3.352400781246381,3.253379476709219,3.4576782502732146,2.8817904156103085,3.2640530953572213,3.211233995453617,3.792843562683942,3.4622762452981,3.4417638542351345,3.1282170521387767,3.1464414264509903,3.644255553530005,3.3616792333640344,3.144872305955424,3.330867447042069,3.7083622947516424,3.6621647778457245,3.1105768453271687,2.9957689350919576,3.083597036962648,3.3378228349211994,3.5184169542768604,3.2944578539456577,3.5508977709209715,3.444323879789208,3.2497288915188296,3.310329058487756,3.876978817816084,3.444042059147899,3.4074779086997165,3.111020670771528,3.1287648174921125,2.967544420312916,3.4293079288144996,3.5098538232871928,3.4111027935934364,3.30895651489786,3.466114093573908,3.147083086277026,2.9914996565884673,3.0639361548602655,2.88678160951299,2.8955119570819483,3.2411390566717637,3.1832598302257913,3.4415959023989915,3.252657173199977,3.0460109591016167,3.016632417932944,3.39226205134824,3.423199589167444,3.3511289263648236,3.3767979775782857,3.1170585512476023,2.8911560541808248,2.8713901477353843,3.275728191113408,3.368914414843183,3.5647567071765267,3.556254841537347,3.0751508254027513,3.4139608473173384,3.2134445038544652,3.420721524194359,3.613518610131575,3.2863256819688274,3.6120410839670356,3.588519845383115,3.6635696146234604,3.5494575310475023,3.312132437610392,3.301273208763678,3.3322666426831558,3.6921527214113716,3.233351927282811,3.455733269749012,3.403454994688869,3.3081041491983907,3.6330852092492387,3.38948107672704
3.5668038548183336,3.059583814384012,3.592182914225093,3.9438469541672614,3.4529368919378034,3.848132123233069,3.4062794628551303,3.582564310774387,3.4674149171287394,3.2420441389565453,2.965041968273226,2.8860490977782534,1.572925909477296,3.020239486076045,3.3053611407162107,3.7654588217518996,2.615385264598515,3.493540929972083,2.6711402381449694,3.576349115897905,3.3373826656530943,3.1927565489534437,3.3479480122705674,3.261759754763059,3.7567411750211797,3.3059162425488546,3.6037634256059583,3.293884931100538,3.338264711578019,3.500997001205098,3.4738734387958186,3.871269841484417,3.821790304227986,3.4251227151173995,3.7785509783761833,3.7626001986928506,3.741964116932667,3.841984652524098,3.5103808133354337,3.504868276214787,3.609112034674245,3.6261589694147762,3.6145023795182705,3.6174998966663803,3.6235121583586234,3.6378359579474933,3.592033416375355,3.5839746506101324,3.850757667756542,3.905490824950004,3.3340174070207564,3.6096134424134054,3.5687233687524893,3.927174919664898,3.4634189490694087,3.500037131120935,4.038575988933106,3.504183302839811,3.5692805433705157,3.2500896106008805,3.2570794139597212,2.3299647326952,2.621426434388098,3.289121036046943,3.166436317376719,3.642503171228609,3.518463364832452,2.945302301050399,3.225554409743863,3.5892402946749375,3.6070625168662174,3.3178755685511643,3.613433393619906,3.714699666977344,3.6076100378931013,3.4801955309607893,3.301113419634965,3.543591942427236,3.985215159137617,3.7950984693716583,3.2865601999342977,3.6701863089692126,3.5753631778513086,3.564199207573232,3.613056337319855,3.139603928768708,3.6028679034194586,3.2218903405583514,3.7309374835264864,3.728874444430867,3.3213734051578996,3.390595380095123,3.4898890227390558,3.066320378509071,3.572779361790371,3.7085910031205964,3.750102505329881,3.6576484164403924,3.755267013253401,3.7845510560009514
3.6070605767718815,3.1453067300189974,3.4025650578997033,4.339364752381576,3.7903928834487246,3.7161540658462955,3.4729138178647627,3.777156116405459,3.458836108728644,3.334211975494544,3.21714187709723,3.1448216238931996,3.020239486076045,1.8050648797820488,2.5115576586631336,3.6052359845204176,2.8197603055353215,3.171661667366637,2.771635550924897,3.1061448999376733,2.714361358917213,3.2782741412746548,3.091749836620687,3.2544469906395355,3.604469638609669,3.6844613200367053,3.4899065933318814,3.2102958844426457,3.0129937733417456,3.1612171206888067,3.4444045432190467,3.4429063135162092,3.3035299234474054,3.234429557216102,3.3994360670657326,3.496387363655743,3.301389580026311,3.5513544481035786,3.828288006623561,3.7414647644209396,3.578274229435689,3.8259495620433226,3.7533798393422146,3.4106434136124006,3.2215653562115674,3.551815579907957,3.7454700990801544,3.531797411243957,3.8077796814081557,3.679542426786065,3.7332339266591315,3.8822565265730096,4.0624500904447505,3.949788346897746,3.4415371107175585,3.4930094089708548,3.931959510369792,3.4456180464739603,3.7293845094385185,3.531012449026516,3.6793401921282034,2.873463239419851,2.606774267706395,2.456418618857361,2.3899366671150895,2.69208905817179,4.002857472251471,2.921759773087492,2.8754796023114393,3.1718993007951055,2.875439602725347,3.5638267855316026,3.160300311975919,3.6774626113057716,3.5524854208424035,3.733694642431722,3.140060535324306,3.2813789423360435,3.4382801716026785,3.8200167680957517,3.394633804926033,3.37017852893107,3.8037830926009386,3.5938324958296923,3.8436384171342435,3.3758237609340545,3.1676688771129022,3.810335367570282,3.4964524000992037,3.99750135582648,3.706728996891073,3.864530337861196,3.8125455883039523,3.8561781272121474,3.7588850644142635,3.5543534869794,3.7728523754042396,3.766093680839697,3.6209239284079944,3.725361048231504
3.9986472215585254,3.214619795635831,3.1852985097912225,3.766036087140485,3.542005577970223,3.2224482932987897,3.465445106822006,3.6673569561330175,3.285747528504764,3.1391676766334724,3.143718761241413,3.369449841940994,3.3053611407162107,2.5115576586631336,1.7227584412928074,3.2598976194830307,2.8884814382506954,2.8521216552454067,2.747230842035703,2.6499205772168897,2.3563095029336503,3.0928806034359453,2.9708386409443475,3.517632563852463,3.156817893936538,3.383902696543426,3.0639968687902073,2.97499176357113,2.59659588709932,2.9272283097995193,3.326916329405278,3.550574422615658,2.9383273326340102,3.0596826130125137,3.071931118167198,3.7817154602429697,3.2325175835176423,3.306142088970356,3.4265787192200308,3.555321179832761,3.417836490749687,3.402185988237682,3.3671671152598357,3.229259492131653,3.037407690819498,3.5151973054529955,3.318407954432058,3.100995588823495,3.6041609161853962,3.8150051043004716,3.5516690880480315,2.990147993665105,3.038074703376124,3.3174170145584925,2.8093894772122456,3.150649309795693,3.3788993450935867,3.183587595663229,3.385117159632002,3.177325795857656,3.430420568677606,2.9247261700891687,3.0259619769819395,2.2288413010114074,2.086180643953329,2.051977784378297,3.0781265339499875,2.915948963688302,2.915079707651548,2.9137516378742827,2.7646134816603687,3.2793773011893896,2.7827845715671753,3.1379511596913034,3.3945261241508624,3.2853625188336277,2.6447506503454483,2.8323803356547668,3.394821915499596,3.7548807099627592,3.187008401295047,3.4233037953014733,3.188632319249334,3.277940313476328,3.1425194870573163,3.111831455600691,2.9989015030422506,3.5056939523318302,3.652099795958982,3.316547736404473,3.2919454347079324,3.329174819239122,3.302307780572207,3.385124382638075,3.045334703651369,3.4254013454414514,3.667509027291903,3.5876850679819667,3.7733495905296133,3.7961542795584298
3.6964918337640276,2.6753893124246972,3.206752577351228,3.6324274754487273,3.8786440933367854,3.4725062049200894,3.1248554761083014,3.5416243161045804,3.487372795724989,3.2839329531690686,3.226469422680914,3.141598563442828,3.7654588217518996,3.6052359845204176,3.2598976194830307,1.6868098042121555,3.6825901619575223,3.4466891014848215,3.6593176149347166,3.297117536202201,3.529572452900008,3.426871644025789,3.5958675050068445,3.902018253816734,3.5995477400726377,4.039442168429938,3.7257944809264467,3.869387322375338,3.754734169794773,3.593231415505954,3.7153144780207596,4.054254773799723,3.3546324613009646,3.361736742959424,3.6736132967855877,3.5445804884392857,3.8175016518278273,3.4850722984311333,3.0518067275291347,3.7022812149237394,3.7406568778153058,3.9449006538318017,3.4046160268553396,3.8142611718546084,3.323654878684582,3.8664183937962395,3.9690651418979206,3.908993190244836,3.54942202168676,3.619346429567168,3.468164142906897,2.7993766085253577,3.3628609486948315,3.454721500197627,3.2136849933022975,3.8391863102602013,3.4283405334544126,3.625271367675576,3.718418973230493,3.3823637188667344,3.319247157000719,3.7374418776599305,3.46257905614891,3.560635187626894,3.5658211228347034,3.4782022775868198,3.3540228445879308,3.5238468809940855,3.4778746921172607,3.448212738000875,3.3470924104219284,3.6146751761365583,3.44201990949785,3.5973511232126874,3.5398420687589294,3.5373309408172555,3.655786806044348,3.464346099415529,3.421629636678957,4.050301799976871,3.808067310687984,3.78596799690402,3.6376509828174406,3.849549902687647,3.8086406617968,3.6573080678343466,3.7385468574761576,3.932104746536704,3.397705248822001,3.7532456071230333,3.562998618012052,3.826009221468726,3.9316649243083255,3.793554210195085,3.986357691173258,3.9344569945911654,3.900693817595886,3.801841515961901,3.6564135147665273,3.5715855326380637
3.4738209721768927,2.9039908293783996,3.3951501120274328,4.142393266120977,3.6107617477049763,3.887247095190058,3.6073144476693537,3.8965646247576013,3.4606477416711248,3.473541489045618,3.107430781657972,3.1545950450051277,2.615385264598515,2.8197603055353215,2.8884814382506954,3.6825901619575223,1.5658580883909277,3.4400435096396964,2.312264261419587,3.6602793639488227,3.4799930204438243,3.23991830823855,3.5068218707977046,3.264566267910128,3.754569934313673,3.526848538008422,3.608811495992451,3.269894211401422,2.93000647011225,3.522769713663781,3.234087511810148,3.4058251269150444,3.7142870327204385,2.672016586627778,3.2250702730986256,3.5677517734070494,3.3777227870941333,3.4761255532044615,3.4189176004859205,3.583187284572072,3.9539377670424956,3.5520658211688194,3.6788544899341655,3.496452565307931,3.545054921037909,3.5626622332914035,3.913431059819817,3.78162761852577,3.8644412375231676,4.230576722655412,3.119201622087704,3.6073826802166353,3.6576142095699335,3.8958615861163484,3.8161718591655593,3.7455677186952414,3.826269662936116,3.649376590722914,3.5363458441232036,3.5873355319326454,3.2748620641461463,2.859320074280235,2.434854511672194,3.2214135438833726,3.165581147587644,3.559954813471165,3.898548613544787,2.848741981433714,3.015388099753825,3.573309593068022,3.7275393052313186,3.658509288048873,4.053848242916663,3.5403043544254538,3.295994034914451,3.555708687860265,3.0640486919566663,3.729855609592896,3.6356504902162996,3.151441895248991,3.2029348917159206,3.706562996116713,3.7834503098956023,3.663281076288072,4.0944143302676785,3.668687514570135,3.176051282862344,3.624479270109915,3.498402489229574,3.8469325798649914,3.6566892798666024,3.14865237681435,3.4032289657706887,3.5318858488134897,3.8002048471881245,3.465798434979708,3.9438030809896762,3.9263507740121977,3.920233721086099,4.24977858346913
4.231473496442853,2.932920715546246,2.8444644589688357,3.7157327999835017,3.6904554338570135,3.4066187569843493,3.2988192097604925,3.4268613027002255,3.5933075821200084,3.392460472927999,3.5706983098129914,3.2668656152608375,3.493540929972083,3.171661667366637,2.8521216552454067,3.4466891014848215,3.4400435096396964,1.76591837662692,3.0937074596096017,2.647893138985616,2.8571879257619512,3.3787318595979015,3.309884132872252,3.7726858023157357,3.5689779540769897,4.071637204140809,3.1314334483397683,3.289054356747687,3.220376733510892,3.66860652207267,3.4459981730914695,3.920002570869892,3.434878379441344,3.051114715369266,3.4417688136619797,3.589571935100129,3.461980695460588,4.017782128397527,3.7116359458930317,3.684223726239589,3.657762867962207,3.19829195501514,3.483217378818109,3.225008175922983,3.173389038116145,3.510490596053189,3.5314146636436883,3.317742654780044,3.647196297133677,3.595884976058115,3.430930454002921,3.135986651144096,3.352859275168243,3.2041005456082066,3.1089865077619185,3.23595684635095,3.1371932219740275,3.2771282385460894,3.724198698926865,3.375806278640049,3.332623959928004,3.658023961255079,3.5187472729585347,3.3615212215727817,3.263898855354309,3.2402678747587874,3.4012908490885745,3.344864376185582,3.031622874083465,2.4500226155510547,3.1425767658862607,3.616509304957003,3.234514491045347,3.4464268744877984,3.2414565921037504,3.4673809513952802,3.2107381835165176,3.427048144104746,3.7327217321859245,4.086199343544638,3.4016615876961076,3.581628173744606,3.495480876349156,3.5490120442924464,3.3195975038478056,3.5427388599491247,3.485716128999523,3.400451944432724,3.491293885435469,3.574497548192216,3.577917399347401,3.6833623233063864,3.6624940341392946,3.691176760905309,3.364352106142902,3.3283719975398456,3.6086061950065376,3.5903925396846064,3.835082448672999,3.7412085514734676
3.4052978194041854,3.0345448776590414,3.416119976909414,4.130227387221075,3.5383313248673467,3.5132209391636158,3.4248354935924867,3.684910919430822,3.234971478758165,3.3682096905386025,3.020108296412625,3.0303578285487953,2.6711402381449694,2.771635550924897,2.747230842035703,3.6593176149347166,2.312264261419587,3.0937074596096017,1.5214996303520831,3.671804042776949,3.243194164467826,3.4103403063315305,3.642916338636744,3.334952739176457,3.899298889613728,3.9428290052744144,3.6217174578524505,3.569298538406829,2.9890717933075646,3.54766204970204,3.435923245124437,3.6458921209106347,3.5602177272399005,3.1167085821729543,3.4308264862812146,3.9582655927041785,3.6042686308992917,3.5788388053812477,3.690584120587904,3.931223511162245,3.8122605974826254,3.4475414333746603,3.950066826053503,3.593587564882436,3.6326910413885214,3.9991078129153976,3.444611345016,3.638800042901592,3.872482224660248,4.396952112086198,3.130888725811022,3.6071257793773452,3.343342381019113,3.7497675008372764,3.59656009839297,3.7065652337059456,3.8850356996136854,3.581988725617225,4.010198083836942,3.75716395359226,3.4472931612063196,2.697629272378222,2.9038297175790366,3.1541391195858623,3.0537055082869373,3.379380006759182,3.790462915185905,2.8920250587056473,2.7089655567752304,3.306910578135667,3.5098171587106886,3.8772445484321243,3.7949394640875864,3.7757297086275483,3.700277194912951,3.869673454191318,2.9237724099810425,3.7299682291106957,3.4598608878333525,3.34023264223121,3.3374808195753207,3.622828943079262,4.098025516095255,3.75050569949521,3.7248148765423537,3.79761358139636,3.370341348879917,3.7859885735592895,3.9720108789183697,4.025616816239934,3.5879480563472725,3.2933876524158863,3.614008268144897,3.3267211035346613,4.028907894226637,3.6313238859759296,4.051853017143886,4.03571756228258,4.017875514851977,4.471517108041946
3.8641525523732327,2.9669807794612484,3.451339241880359,3.6650159692213045,3.8673041355493103,3.5197458085208906,3.253047360386652,3.396843252769354,3.470319719286793,3.2870710637935847,3.4664212099077765,3.5923353869518353,3.576349115897905,3.1061448999376733,2.6499205772168897,3.297117536202201,3.6602793639488227,2.647893138985616,3.671804042776949,1.6056113641347056,2.248416921028655,3.7730712972696705,3.453595688761728,4.010258032316096,3.8155921805763504,3.7830213307380167,3.1298683095146087,3.6004223076143655,3.2610402777797525,3.6399387620813592,3.8482909330455475,3.8336793375032077,2.7634648269111004,3.9278591594125847,3.471802588529746,3.4215263708758155,3.6332845339136988,3.217093185638539,3.4906735480521776,4.0693457997652915,3.6029306215989867,3.860506928960409,3.9199043548403663,3.8253872435915857,3.421691073165331,4.05915227959791,3.5505651321224505,3.1368391841391468,3.4754630508096613,3.764491703948081,3.644192472177594,3.299938384574758,3.535454301388063,4.071086648795189,3.2792379490714603,3.930604206867138,4.016369433652405,3.980641563077447,3.7955088532600656,3.7551159664892917,3.804706554783871,3.562781525523482,3.582873550603739,2.74845700465668,2.962986624251628,2.464956000926752,3.7468746216496336,3.4644600677571233,3.324028713631322,2.3049366583690123,2.418610281480506,3.658274674813891,3.1200635707797044,3.7581756033269595,4.01202895914525,3.9109934580597208,3.2882857714952918,3.1409484538549393,3.410252681980279,3.8525564672407966,3.7495032135566406,3.6233821387400473,3.6664801045573108,3.178793939002084,3.3719920246376502,3.5393787212602468,3.8014892500696846,3.7982269514461517,3.2560160003532848,3.760327086852865,3.5939752250095833,3.618824823751419,3.533361830536668,3.754488321071598,3.769630633288866,4.088815297806694,4.139353196473607,3.752585495702372,3.523173863507772,3.820988472348904
3.5917648009488374,3.0156212500080435,3.267955260044638,3.930899714908668,3.8048041707847404,3.5370662236833303,3.3394773501516726,3.5521726613455598,3.419193643315217,3.0656688288197342,3.254822620924835,3.352400781246381,3.3373826656530943,2.714361358917213,2.3563095029336503,3.529572452900008,3.4799930204438243,2.8571879257619512,3.243194164467826,2.248416921028655,1.4774890166756398,3.515953087159444,3.265265502225379,3.943197294976291,3.5987743087646877,4.148664306378098,3.5020677336178836,3.5445550414573366,3.115062339075755,3.306685672818038,3.5418875835031196,3.7330562663291014,3.1142238016726504,3.5915682474668458,3.493942717868921,3.866215981561978,3.7497078772934933,3.4827557556315383,3.3236274211005004,3.8842266867643045,3.563176155328648,3.913779751013538,4.003872990313961,3.661874518891381,3.3766379732154794,3.9181590662998835,3.663019203698057,3.649105827716875,4.0415431958105605,4.033809884461147,3.5596601111912585,3.3351660246402206,3.7334476618598926,4.163008069085072,3.3031844218989086,3.9467111169016516,4.010392467442617,3.8333378665216755,3.9194751766514084,3.976015250060179,4.1522443574973975,4.042244030697797,3.8312066692514803,2.8253697789513432,2.7931464309143137,2.608100307655338,3.7897019199385427,3.6036709485839413,3.3772442410154446,2.8032589167423803,2.188003625286862,3.7085341757408337,2.8826636180936207,3.93220837298937,3.979991964052042,4.034820101395557,3.1922987569851418,3.383765858034678,3.5805990035163315,3.771675059369267,3.678855062156073,3.5908167283321264,3.744671954366747,3.6093800485600376,3.6369418036297803,3.7015510892260894,3.7523495548557713,3.8959341727043904,3.8697828409990884,3.95137052781071,3.693631648080398,3.474570900930307,3.6828281428942953,3.774436900777196,3.9680901652049423,3.751824241320049,4.054925832473858,4.081855839017169,3.9981024422299116,4.15781527787921
