0,1,2,3,4,5,6,7,8,9,10,11,12,13,14,15,16,17,18,19,20,21,22,23,24,25,26,27,28,29,30,31,32,33,34,35,36,37,38,39,40,41,42,43,44,45,46,47,48,49,50,51,52,53,54,55,56,57,58,59,60,61,62,63,64,65,66,67,68,69,70,71,72,73,74,75,76,77,78,79,80,81,82,83,84,85,86,87,88,89,90,91,92,93,94,95,96,97,98,99
1.8401486538938079,3.4302753482046144,3.7337228231619175,3.6781497683801225,3.3144606312205176,3.919275053486055,3.547779541611494,3.6035298237217313,3.5843362977947737,3.91724492359989,4.186394289227326,3.9008914238228884,3.715902368485936,3.955135105533245,4.005837845874645,3.944862053491537,3.8817423022689894,3.615685535443421,3.8904289414466224,3.576880504634442,4.102511090187099,3.8504452138459593,4.2984905280663765,3.644036966635133,4.18049695782943,3.666020753069479,3.6260145863551956,3.7268824845591633,3.7147976507819793,4.041711292129598,3.9356264825612235,3.7243260562431786,3.789705232438306,3.542196313039184,3.6845808541288037,3.712866810243318,3.8439997825370216,3.722474099842414,3.760576826012409,3.722337961867269,3.6283174196223675,4.035839380270782,3.6477382138016416,3.7561428874723517,3.4051743951754943,3.6512196670021106,4.055882588787842,3.7919135137052495,3.6168018734860374,3.5299400621280768,3.6261965763854946,3.5354533808618807,3.4904936154565505,4.096444953055304,3.5000126524331074,3.712390995258546,3.616734283881778,3.5270275124730013,3.7728947672845283,3.9147352931871517,4.017936968789334,3.6529218365333063,3.8018884437343856,3.9826409492391868,4.003605843650415,3.89558176572591,3.936937965995826,3.903894504523419,3.996425491373364,3.801451166285638,4.153529765501059,3.711943473134157,4.060580486720099,3.4835290507878147,3.789414666578461,3.550350873507928,3.456836913478683,3.975931431253307,3.8195776407804436,3.8763362492677036,3.989113418989388,3.953459722506114,3.5759907779057705,3.780083834335607,3.8894347833843876,3.9316294241015184,3.888622955518947,3.613268270487754,3.74304576956916,3.789276247127087,4.014288232104899,4.0969571960323465,3.479598489108176,3.719340566061718,3.629427035876622,3.706177605692785,3.6885069050944566,3.656823980998697,3.5423584463701676,3.754443556958595
3.4302753482046144,1.7151050306240951,2.870202619732048,3.1851807926700197,3.143683464980985,3.424516934357579,3.4204118811722566,3.3283345450064306,3.2963153327501846,3.5199293030073115,3.415624155373112,3.346390255201666,2.989215161130937,3.019977805489592,3.116793304628349,2.777653551226245,3.082431557463879,2.893678510738057,2.9960160751568137,2.814704907673312,3.0579052160319833,3.3036030020800884,3.5078887481541394,3.151039865261669,3.2915307441071042,3.1562014300734718,3.3991570274510985,3.1146408748073124,3.276698962978335,3.0763552393561273,3.763831864312666,3.736627980194985,3.86561834490846,2.9476238280493425,3.5016451556333377,3.0588204440108426,3.194290045645671,3.568316846801499,3.496927573434143,3.497464971516347,3.356047876475481,3.3869384441401906,3.299211151923042,3.315047746707914,3.4219111568275093,3.2060553079592014,3.7712338436457653,3.496589480184943,3.018547575548969,2.977704668577499,3.7039285149817163,3.00560430723492,3.395760987707753,3.8321676381327054,2.897087470816328,3.382322537541705,3.347690609645414,2.9099031152846746,3.5342284846770355,3.2445452264234955,3.69158031221663,3.287635507926111,3.156044953005289,3.219634723797558,3.2131653714141244,3.117077886470798,3.621154735694654,3.292006008152347,3.0861389684100224,3.1028215316640937,3.136470084431418,3.287847766913836,3.0733977345262984,3.4135598026862723,3.5150805342461617,3.7659605846273965,3.1734915130868497,3.1316427511147653,3.621357859536262,3.682726057244076,3.2631515405678075,3.227135872131528,2.947954710583867,3.3364510216260332,3.344454078422551,3.2998118726345758,3.199766384469206,3.0361562921143768,3.126074354603814,3.3478879720444388,3.2891898500005485,3.8073138639077695,3.3529650286350456,3.3053277279255076,3.245262651991015,3.195426986048697,3.0176914466455633,3.1339154224906025,3.0780477706402185,3.157020099254565
3.7337228231619175,2.870202619732048,1.5846689806408514,3.944745031156471,3.541939132841639,3.2114907418505267,3.813073306519895,3.5076639675803403,3.3626595813455062,3.14821374414752,3.4991784827202688,3.59773186924781,3.8295829325272077,3.4290701079809107,3.1858651602779364,3.704833458549683,3.5719035401863715,3.1206446470295965,3.290370346526346,3.2267098043265094,3.4571014092905714,3.3970458202457934,3.825323492086881,3.8531710463997944,3.790964613401768,3.6224268732108396,4.0247495194725,3.7361434273022387,3.5735027652948363,3.6068277332100998,4.222247568649184,4.134767910952714,3.8194541605849164,3.3716965918193296,4.059521195014611,3.066675951712776,3.564476236863485,3.9211825421956066,3.8707120250449623,3.5254954382898327,4.251513912074899,3.733509679679322,4.207822277165504,4.144282804778452,4.075873523903559,3.8906934889217486,4.083832798950205,4.314172932850777,3.1293403551537113,3.4636330229764134,3.7204355885229488,3.3171911639015996,3.425292850228112,3.958854745166537,3.013419316648383,3.1505984353939014,3.2980021516030895,3.3106521655328462,3.542412825707411,3.516074637235799,3.0778937427584907,3.331302821888546,3.4437449268995226,3.382596205412965,3.1469720841339637,3.0984101080254343,4.170375060115856,3.169097766148091,2.9426173418565353,3.1781159067521045,3.2994582332886018,3.5994434917603915,3.053182305705792,3.658960147044048,3.59533127563677,3.7648264429029266,3.370079829994642,3.674266878593361,3.998824587402042,4.049689704028319,3.653393258513448,3.8517767630723068,4.043474760325217,3.925551341520207,4.024650557491183,3.9965917302152065,3.7480705539160573,3.7361139775351853,3.575011497879372,3.949809331200292,3.575066176627507,3.914185788892226,3.576721846366779,3.778267677594257,3.615659874272043,3.8472367364468765,3.7319016619020595,3.792089038608549,3.08403113310995,3.6255437165614564
3.6781497683801225,3.1851807926700197,3.944745031156471,1.8966086080146476,3.2401922602092963,4.018443770700229,3.601483919792486,3.2962268356246964,3.8332733878969085,3.882623214659835,3.6718521238238533,3.927697510459843,3.418234407839567,3.6139802310280738,3.652540806042106,3.2456417849827424,3.4157877515430166,3.136396054925099,3.634908655469491,3.038339459692305,3.5747499023332105,3.5552011901933596,3.6569178353679264,3.4459884496870776,3.643702656808735,3.9478438663414455,3.8446809611215347,3.6730828056402953,3.8283985512011363,3.813404882876521,3.5804723803935605,3.7312630184192264,3.747334816195803,3.1232165715989804,3.659777805409714,3.6391498508624514,3.532713387513523,3.3464916673467986,3.1384624152381746,3.5336902375176495,3.559557124130441,3.991908092216262,3.619444531934598,3.654103428878868,3.5790874429410553,3.4972994668286783,3.7952923561498104,3.5350281975998663,3.5910543260021037,3.145175771291378,3.581788170140703,3.531330635195796,3.0157403081561402,3.42228873483975,3.59692738977491,3.8865705284693104,3.2969273513512807,2.806089538363779,4.006526180360955,3.3769672565609383,3.811521691956154,3.5642816657708,3.5396749293951535,3.706309447804587,3.760936184121644,3.714878962782823,3.553416203183028,3.4567720024457933,3.156425547746291,3.191476282283586,3.6873465436996713,3.3708696604467048,3.754836086354489,3.4693460644802583,3.4196417552466967,3.949994617103068,3.8386386556505876,3.6718342765819574,3.5985586202032382,3.9853675438492226,3.5570486683692435,3.471630301686729,3.3842389310940746,3.478587867530409,3.849687367695959,3.5244720001290766,3.506013795833573,3.6452192922411473,3.4547599294764986,3.473516941553032,3.349927974080171,3.712573861473729,3.3949710356955536,3.3164228259756454,3.4083216700622208,3.497592566197892,3.6013022826254613,3.6082353436951635,3.507759859230837,3.3315805034937713
3.3144606312205176,3.143683464980985,3.541939132841639,3.2401922602092963,1.810150597519523,3.3620685128931753,3.416155441768569,3.122789236933434,3.2090505689740896,3.3218450265630644,3.4827260508893723,3.536072731253389,3.3318527974315213,3.215032854855576,3.3408881503527272,2.9350643138579127,3.4324114700319672,2.693961662065856,3.2995547083223626,2.7599258088963095,3.5006260421219855,3.5248768334514886,3.5887739567309818,3.5814680658377624,3.607453539053713,3.584737280736383,3.5787554739941436,3.0127826257836205,3.2129918636622845,3.387447463553892,3.9053563935618016,3.4116749860865987,3.780958591799034,2.822190415677117,3.6684122762915345,3.2439128017026877,3.264767641713484,3.4457323147998316,3.5355894766746054,3.6018524619461894,3.7153191905423135,3.449009514768389,3.632817646474213,3.0761762955274192,3.585081434482485,3.158674626238265,3.5569912406629007,3.4110689688288622,2.9583247072815055,3.111244559663779,3.604649435056106,2.9720883747811495,2.7796111579023575,3.441807131515541,2.91856092964808,3.048544385428505,2.926035214330801,3.055970444099958,3.4488721248617686,3.443541831613733,3.299423142151414,3.2904167326039153,3.390392195540834,3.157204073673742,3.3204792587004888,3.3204762878303544,3.7168814547561544,3.377269597299335,2.9769971472229875,2.826719980486764,3.4871229847031393,3.3420832307223116,3.2853524911403786,3.3355266023210777,3.445419407865566,3.474173320307085,3.090621704498006,3.5430464118316287,3.50265348589171,3.3464562756537366,3.358892051259684,3.505253953103177,3.5100976711080705,3.6405829845013313,3.6882167896790974,3.678365211303148,3.251895817538845,3.168574554462507,3.295219735927749,3.5862370917410527,3.506399855628779,3.3286266295947473,3.440546320063,3.3861157890060483,3.2645924082415614,3.109489460983909,3.1988222451047705,3.5794370229849153,3.005815620044611,3.1867398029671037
3.919275053486055,3.424516934357579,3.2114907418505267,4.018443770700229,3.3620685128931753,1.6694793273028776,4.12600776868898,3.9068598194201813,2.460216777270798,3.1314299254404965,4.02039822104662,3.3451310009782085,4.1636527264840835,3.629180000977245,3.5291554146714077,4.376515799114079,3.9124610802618762,3.99330553577595,3.5775682218155045,3.9476114694853712,3.843538369235741,3.9073567766129322,4.138444021853296,3.6021683642319373,4.522473506277524,3.1966438969181628,3.6844173839351684,3.6720026616731913,3.7187235227951363,3.4865093926223287,4.0118156655832085,4.0774447718326154,3.9205556856030133,4.025305933822857,3.7601492551966857,3.030620402068969,4.202860918969732,3.8238877859984157,3.8449292289098747,3.8057553582833625,3.968137108025603,3.8664564606091876,3.8678278170805998,3.7245698207516043,3.6653186511251676,3.932783485125906,3.644040135507299,4.162225604056484,3.2968358797204136,3.9337991663770264,3.790680638814352,3.325034614804625,3.406437515067494,4.053248498603619,2.7359989708983985,2.34058593412413,3.5239209406350973,3.4203687828200877,4.187063245748577,4.189497824639457,3.780741131037191,3.8028689973652163,4.038770792625728,4.013106328964904,3.924656477001108,3.6659285869256895,4.124906918018398,3.6194849966153857,4.015539002094978,4.013069991153044,4.015468120061623,3.7390206293085595,3.92762891318138,3.8419011018803695,3.6952550710630985,3.8785933069120375,3.2939081979561466,3.7927415010313132,3.900332285295422,3.8193102284398845,3.816298619068588,4.195770378360094,3.8784804839034273,4.12964553004136,3.7449379191992214,4.1582045849947855,4.220540885782241,3.62585950946231,3.7622999992430874,4.112654566172093,3.8197279011571776,4.2132262394604725,3.5208071648523487,3.916582133828023,3.8034174366776567,3.849277022753883,3.854696844924077,4.102100641414892,3.5448288865845945,4.158474407864808
3.547779541611494,3.4204118811722566,3.813073306519895,3.601483919792486,3.416155441768569,4.12600776868898,1.650731077680794,4.474145884140967,3.921505705539319,4.102960670298266,4.439963227117374,4.072154266697755,3.6091964122529574,3.848466530371994,3.628957035545107,3.690392121706984,3.620931632053477,3.7727588687358162,3.704526706564395,4.350982436585652,3.9048578689001823,3.355565076836174,3.9439614517186365,3.752642373676669,3.666375243128397,4.188764513899955,4.042639334002251,4.036305443112232,3.397053132115561,3.896321344401997,4.168020622121263,4.507702769786406,4.488128717557097,3.3680084534785837,3.4321090773758125,3.701657172938878,4.194251658059476,4.085911478178288,4.129391158742456,2.944529554986415,3.233295631591117,3.828362949359716,3.445764692348715,3.924203374389961,4.100195077623511,4.02622879472241,3.6818371824969107,3.7725360473483596,3.6277326041375253,3.755309376298178,4.215872152830442,3.4988566867706887,3.6726454882976816,4.284134382653999,3.368644393394824,3.5739320592331953,3.9447160765196885,4.438441776193827,4.338748740773352,4.379639446312818,4.233499554735488,3.6734933856388015,3.5130787045992213,3.903993201527365,3.598081988284047,3.6225275684912486,3.3200557446053263,3.5872644286979387,3.510833393293411,3.8687856759277723,3.878284638991423,3.597924389342413,3.8001941506143426,3.3309458681076367,4.211020943577002,4.138741792203344,3.5021423804565255,3.998569540597,4.015351283658038,4.125423283392243,4.028473565581002,3.9424514718349593,3.633654712364486,3.0651202287941675,3.739182625396575,2.973058080343241,4.176240290096061,3.7861245275237083,3.9633088844299436,3.89487031988763,4.122411210464636,4.173352696517577,4.033965724086842,3.5948817037882064,3.8212118586862616,4.496443886968531,3.8813853438230486,3.963194913570943,3.6820201946369515,4.20398617297071
3.6035298237217313,3.3283345450064306,3.5076639675803403,3.2962268356246964,3.122789236933434,3.9068598194201813,4.474145884140967,1.7100096842239378,3.3158595326009954,3.577982892575287,3.8869047023375374,3.7777566729528367,3.640194191637776,3.5640809368970188,3.450023526763089,3.216616247761816,3.439149534133244,2.7557048374129174,3.093822301513619,3.030958348192018,3.571629488831707,3.43850523576387,3.79812045452792,3.5920125085913606,3.92606558858304,3.577316222971155,3.5308317117524224,3.3798762311189456,3.4867583635717474,3.714263359383234,3.5220257150807415,3.508085875047389,4.048156742401309,2.9837001251186344,3.8345252904639464,3.1251414464205602,3.8026089590745187,3.669656933378603,4.006888952421587,3.4958961961442885,3.941281101888635,3.744725070081269,3.8862439910136097,3.3077424095999493,3.4212225345479355,3.5835559389571157,3.8513481284159874,3.770550281006941,3.3973388759016605,3.632675310981197,3.7425976361232673,3.175140909280523,3.368974878675324,3.852773821767273,3.147814358115147,3.286366063318501,2.1713780201891413,3.0266512909996437,3.960794196368738,4.10271779303675,3.9485740698477985,3.394439306713943,3.6465565761532623,3.765013113134327,3.5118769994346253,3.462631912290151,3.6056449459045465,3.6970400507967343,3.00124944522899,2.8770345172925733,3.6641251758214537,3.46512225064216,3.3818605864838425,3.702495829343197,3.439329261816051,3.9314425107971354,3.3606517664344704,3.9113936233476916,3.9302393575602466,4.021304983190454,3.0975151017661844,3.695487586966083,3.594872568463605,3.67996952950308,3.5642903326675275,3.939977842302619,3.7802500822583216,3.2923063075850125,3.339799245136683,3.635647750941423,3.866686848820871,3.960598845740201,3.8897220953051654,3.6324585053056198,3.707451410629062,3.5587765670399554,3.5009747951629278,3.541525022397068,3.2685986953746413,3.7651746942726136
3.5843362977947737,3.2963153327501846,3.3626595813455062,3.8332733878969085,3.2090505689740896,2.460216777270798,3.921505705539319,3.3158595326009954,1.7111021911568407,3.0394230336577768,4.1720399332565234,3.3333197318846253,3.854431528845611,3.389883251350868,3.2076089662059593,3.6631450641413106,3.5166548137561864,3.438903924768133,3.3400785104642416,3.5488790433268327,3.163270371445503,3.6847719647321253,4.142932219517677,3.1915241488617427,4.3735234359296955,3.416214978195299,3.19443119081167,3.4708242381475127,3.5339800776071977,3.248746749999848,4.148401284839105,3.865696586599717,3.9730416537745867,3.5278063680343026,3.7020295214558794,3.2083242038445126,3.9415486094527625,3.8207221376736524,3.5225521940664177,3.4489006861270752,3.8627364436715195,3.856545082157036,3.81769056509569,3.73394981122638,3.7283305357091767,3.8310967953905477,3.8646158931842014,3.998449491415515,3.0379078022440447,3.6423170181946416,3.6341830286754515,3.026652697077227,3.563325384815691,3.9415951907836617,2.9051448707350107,2.7873980689214846,3.3542281991623284,3.0680356501716983,3.4679850973766557,4.003562349608285,3.2902448902771084,3.6142885882982227,3.802689935967774,3.4924792937418707,3.4192971011215514,3.250818637947978,3.9248012875024325,3.444383887114618,3.4475648906406633,3.472968900887822,3.5962559081928718,3.6267211856244237,3.576803796143951,3.43073671557045,3.3347020636257216,3.750226134423863,3.259269651988566,3.481795131401776,3.94168185326638,3.6940237612122027,3.2213319994255247,4.109572377610513,3.743098188184667,3.648860348688765,3.424399080799318,3.942067304586146,3.9006488674557036,3.525391533789769,3.7006010918911696,3.688287306247325,3.699765717650482,3.7500380208217927,3.645269327086171,3.922353669099167,3.395767846657815,3.5863683917332674,3.5545314976237505,3.563866121058961,3.182920643146768,3.8750941886398396
3.91724492359989,3.5199293030073115,3.14821374414752,3.882623214659835,3.3218450265630644,3.1314299254404965,4.102960670298266,3.577982892575287,3.0394230336577768,1.9766734038956928,3.7287080490257227,3.08600100374796,3.53148483466391,3.271421739841902,3.13417450901473,3.4656983300251945,3.250685242030323,3.4908440860929226,3.184997159644153,3.5149126376738327,3.4058913118464464,3.5729489079949457,3.9265284416092707,3.1462111709620295,3.9213834431688657,3.279283239973526,3.226594539152149,3.6311012064404204,3.2998331547957998,3.2045955049997836,3.5051326799850306,3.746026537978374,3.671563188209501,3.3434309501046946,3.5921227645817972,3.4225316393728136,3.7492162723832445,3.733966193149094,3.37322067839933,3.126067971312525,3.300008815132025,3.8392458996443093,3.556431177054852,3.816740339828485,3.2994434529589642,3.4762447339790707,3.5791330520798397,3.3654777678987084,3.3059352557417787,3.4788522993471704,3.711875919383386,3.4246711157828327,3.0567809901240537,3.9925811075205555,2.901265714551298,3.0600680408937575,3.206470820112156,3.5114356765274444,3.4981156294464975,3.922272824003959,3.137675950092322,3.356923500121176,3.5243895626172623,3.531688366964689,3.248770673778676,3.217771983602336,3.848914053013925,3.1998600260008674,3.201610808361563,3.353611264099154,3.4963490145066687,3.4489025516888705,3.281010715437197,3.3603639482990286,3.0293448535990817,3.234663850040617,2.8990000978390453,3.2372713649235707,3.8496063542558643,3.7912709520861543,3.1359565319554923,3.482397615037067,3.5712106750388934,3.6890347954822533,3.4467848407142636,3.580078560878781,3.6296639651885387,3.4803772898525285,3.767954282921895,3.5307285346691413,3.2643872426830947,3.7938419619622494,3.360217255677197,3.613243833847475,3.4460413954663522,3.7889353253024693,3.3631105037071927,3.4478520990627795,3.262461944227658,3.544257111579751
4.186394289227326,3.415624155373112,3.4991784827202688,3.6718521238238533,3.4827260508893723,4.02039822104662,4.439963227117374,3.8869047023375374,4.1720399332565234,3.7287080490257227,1.9088838573574993,3.5205893367008803,3.3819872110679357,3.4909724561191378,3.456967790556088,3.8671770761740767,3.4571717389361583,3.8592202911008555,3.8174945914846385,3.768839626306151,4.05615249274822,3.5817442413718705,3.9965076366535697,4.217498823017946,3.7407893196039996,3.6111505282124807,3.8950995744317454,3.606766231118643,3.3581083896468016,3.6061175016603015,4.131507572014146,3.9199892248740427,3.9086991621554144,3.7712499982233636,3.7275198611568974,3.580133872635986,3.4816812282321403,3.9950058767231584,4.120879593103523,3.9349552255868603,3.7876790855786613,3.383962319628142,3.683936052722937,3.742795583318608,4.056410966207372,3.6208300705200305,3.5862604786313224,3.620369649754205,3.6138245683198513,3.516116521467816,4.0071698841753225,3.8661809502716884,3.823592290445142,3.945983085103816,3.7432676329585433,3.5627109902684335,3.8804972520071166,4.119203247188998,3.690912117417497,3.542140951443491,3.507782609982535,3.3827637758416444,3.4784342427720483,3.6074199787022514,3.9027539314962367,3.633923405016185,4.366969842295033,3.7441357121339403,3.865418188068109,3.698794856144134,3.916381029642471,3.8445951442359085,3.778717203669978,3.874338979787871,4.0551322588779595,3.554226244672709,3.728163669418346,4.045838120016879,3.8335937886245253,3.9708304174738087,4.3576765765677,4.364878247100137,3.8968614927606473,4.122141490805404,4.153973960650042,3.9833327088512833,4.136464421304806,3.9218864965844404,3.8796213580994636,4.250700717890867,4.006273733641303,3.819802954985182,4.1015655169225,4.032117635669522,3.9392107746117144,3.9451426740243676,3.807210150782135,3.8439609003056123,3.8445506329120067,3.9783083784853317
3.9008914238228884,3.346390255201666,3.59773186924781,3.927697510459843,3.536072731253389,3.3451310009782085,4.072154266697755,3.7777566729528367,3.3333197318846253,3.08600100374796,3.5205893367008803,1.7127575242738367,3.834841637575636,3.1281088766823726,3.330144926027745,4.275316823210487,3.455450588598541,4.2559330508057185,3.3049061499881307,4.1012222115081185,3.4791525277491275,3.927754850437614,4.228092557143421,3.215282569210766,4.471622707463702,3.1324571894916327,3.9196673045961106,3.798140536727186,3.910365392443071,3.2482610429525836,3.7973933221734826,4.047280251240645,4.108487010422608,4.1875945092745965,3.921523167692314,3.7733865796438866,3.546652380378656,4.185752939257397,3.8483286189030514,3.6125579390183935,4.092134377404037,3.7439911334189926,4.204513785024499,3.9357523332090243,4.425947537219101,3.843078527942909,3.7898767413592647,4.081421326954002,3.669667537102253,3.6908981343829996,4.073774601654129,3.5247742412243257,3.8632219383289907,4.043968142085413,3.017145080471444,3.5450411902753554,4.201072249648757,3.906062202403939,3.323247647065144,3.8973908048029515,3.1728193099232733,3.5141835040224247,3.507797590111698,3.6116867757605395,3.640953834803669,3.3837049019478984,3.9747078258725104,3.5432702262216247,3.9012946695510045,4.3143020216464585,3.831499704047651,3.8176209692784373,3.947938540314587,3.447520816545724,3.1516687912442656,3.6735443372762018,3.364534596372763,3.1225149206900693,3.7224414348784416,4.046566378591352,3.81539397466524,3.9240258670845334,4.083122437662365,4.123361852801814,3.8465699320626547,4.1562318107554175,3.690866928780172,3.7757765430005454,3.9070191779751613,3.7507012863745115,3.637995640933432,3.986329514441187,3.9910419637834047,3.797772524986307,3.643089062518888,4.177290954041469,3.7849081656884924,3.8303286064454483,3.7745609169679653,3.7388199500660977
3.715902368485936,2.989215161130937,3.8295829325272077,3.418234407839567,3.3318527974315213,4.1636527264840835,3.6091964122529574,3.640194191637776,3.854431528845611,3.53148483466391,3.3819872110679357,3.834841637575636,1.79466278596223,3.41462569512835,3.237727947088965,2.984252640237608,2.954027118349445,2.7998029522848515,3.4035756891541946,3.2555838109894353,3.713662642289085,3.2353508015673964,3.306392591312795,3.5698717391035033,3.7939933663175216,4.1123011775558815,3.386975967451147,3.4547764264843113,3.2050685587351637,3.459875323674234,3.903351627835471,3.634569385308885,3.508659436797112,2.537049995080833,3.3450339207589828,3.6821941855101885,3.1428392376383334,3.8348212096383607,3.7134089425397976,3.6273845853360296,3.2344018797788063,3.3061734741351945,3.1189170299819033,3.6244866806023737,3.437409198685999,3.5713332347848277,3.4605545492652103,3.378602013625067,3.171192019419154,3.41719736967079,3.7919850325354716,3.5257432937672095,3.310780710139557,3.4043459352125116,3.316546104702352,3.528942693537902,3.215696107184419,3.395851418094795,4.0847689010266075,3.6771488142899926,3.89668866680204,2.870827163850882,2.700494975912936,3.447977204834636,3.4568368108311924,3.233767177983059,3.369462595405607,3.230736166214115,3.0956617944040463,3.1198466432745304,3.3218576603568373,3.109719814780317,3.228862161211304,3.632608524486428,4.10721275339303,4.097813197962214,3.4871183417858274,3.281783304294676,3.983677979322637,3.805369790127763,3.7758788885410706,3.6728777980118306,3.236121547503845,3.4593107245471386,3.504930221261466,3.379579634935222,3.337322759085667,3.542472499048749,3.8595185535520176,3.5841795160086276,3.6217242526846722,3.936928452263457,3.541508092729481,3.820144353288453,3.687138496560942,3.5157140362630477,3.6286799816113295,3.635830450958749,3.607971863982007,3.436090148983693
3.955135105533245,3.019977805489592,3.4290701079809107,3.6139802310280738,3.215032854855576,3.629180000977245,3.848466530371994,3.5640809368970188,3.389883251350868,3.271421739841902,3.4909724561191378,3.1281088766823726,3.41462569512835,1.7324471023450505,2.213184358372255,3.9912502034173496,3.1374091802229516,3.73949184607124,2.59337725450168,3.89920722654027,2.6695988019013823,3.492759461172098,3.463689043358571,3.5607798300677986,4.289439630913588,3.6000656092382894,3.3828776472691073,3.5135144579654343,3.31767172133962,2.9359368434465263,3.9082789112162972,3.9911909919436157,3.5752149378782385,3.665541892890946,3.9349049551037605,3.6833257732842677,3.975240071985835,3.654065129808739,3.6685863061005444,3.5403798865429397,3.950771241312247,3.9542241520042807,3.86972395755653,3.781953025683655,3.773816241629372,3.886324121652503,4.114998205214179,3.608557522616418,3.45667505090034,3.4692246230422,3.5066801162896173,3.1303106246437014,3.3462287088919735,3.867656473124569,3.1857716448706195,3.693891463170655,3.4867233866733676,3.647518214160804,3.473414037269865,3.541764632139524,3.156872172695551,3.2844828838257647,3.1196848373824584,2.60779921490957,2.919151556256197,2.4892905973157395,3.978219925468975,3.120851054552752,3.4102655205267016,3.9124981744478644,3.457126920964065,3.695748874274755,3.0680677560598135,3.6004276984261017,3.614854603306982,4.034075641104693,3.3453056797946474,3.195965078971763,3.900878183279975,3.882498918398744,3.6390231651105625,3.475886543372592,3.5159548866294537,3.7781750875424946,3.631049296326872,3.6824483355238917,3.5127961545028517,3.319711758127903,3.6815739807944867,3.8743310892151626,3.4143522552384518,3.9107647352270707,3.8298426112642643,3.891560205583021,3.680465092333536,3.6941721920334634,3.5931729071447776,3.739085087007258,3.4226551609196374,3.9085778699155482
4.005837845874645,3.116793304628349,3.1858651602779364,3.652540806042106,3.3408881503527272,3.5291554146714077,3.628957035545107,3.450023526763089,3.2076089662059593,3.13417450901473,3.456967790556088,3.330144926027745,3.237727947088965,2.213184358372255,1.7852286374674828,4.155483257179409,3.0442425459602047,3.8365908485363556,2.3211638476309338,3.817843317671865,2.566556246247311,3.516252625082969,3.136382699913452,3.4681725352746136,4.030038649115593,3.6823226430383014,3.111584148396639,3.7642959421579305,3.3292036959628617,2.6521082160673406,3.877377144108687,3.949490607266729,3.809841929054146,3.520958407683208,3.5050695435898267,3.2598877417449827,3.926886061131474,3.6831033647407043,3.6733890672534906,3.296026565635701,3.7959117281515895,3.8211352170458928,3.827944359966211,3.9714333064951717,3.6379095366388117,3.743542817297888,3.712601543355377,3.4615253880205628,3.2158730364228627,3.547837488247815,3.6880476212174123,3.4408031930514746,3.568777854297679,3.7712716396168964,3.0427508375694696,3.262236482905185,3.3789748396674657,3.5194973074317346,3.798747721960174,3.6606114486397567,3.4846754151204746,3.300451394187129,2.8019726217750405,2.669334352070213,2.619580809910233,2.0952922375699976,4.096250300468419,2.8317210521322673,3.2956128394872244,4.024445847139406,3.460941072007161,3.49191489623679,2.8856587536434795,3.263234179897758,3.5599424901384196,3.855265199968842,3.267554058737587,3.036628693897823,3.9308845122401617,3.886175335730628,3.4258737408963893,3.919275758461987,3.5018556548578292,3.761183734771754,3.3180562607482926,3.851836416372235,3.8284553537533275,3.52999815309675,3.7347447888482934,3.849400280441405,3.5811789398521583,3.7677142904532097,3.579167398022048,3.6829091248947083,3.6889811786129636,3.833418347029141,3.5564950159407234,3.5799051878857506,3.303091029340983,4.126982602931094
3.944862053491537,2.777653551226245,3.704833458549683,3.2456417849827424,2.9350643138579127,4.376515799114079,3.690392121706984,3.216616247761816,3.6631450641413106,3.4656983300251945,3.8671770761740767,4.275316823210487,2.984252640237608,3.9912502034173496,4.155483257179409,1.5455072861616599,3.040778721557834,2.298125312950388,3.5018081517033317,3.029631669386301,3.390032467681949,3.2430108400249704,3.345775879840486,3.5284030628236187,3.9162455668036893,3.6768526683596345,3.506624000411994,3.368372707559454,3.419058233480808,3.530059450137215,3.4959063259525043,3.4087427974819904,3.6159183021247645,2.388679030214211,3.651279534311633,3.436358553173791,3.657815382255372,3.0542595513050124,3.1517496956706013,3.43526914427716,3.529338533443351,3.5701920610118725,3.436871890673042,3.5285273572845104,3.207953498998275,3.1595123864205474,3.624978353176009,3.52747417234127,3.522425599179532,3.282811365581332,3.5313464790639295,3.151609451961786,3.342872486944419,3.6226085791166684,3.446713592347158,3.3347824447057035,3.1642654406821373,2.7344065956483505,3.7003640920974186,3.666336221203934,3.477106523907116,2.912052728337803,3.2578893665145356,3.464686153083528,3.620799451131881,3.550688989092198,3.3106669397764334,3.507519782457445,3.1586759612197906,2.5960678373798167,3.57854002402404,3.3415650178428367,3.452591116528449,3.4672057326763976,3.597082056069539,3.796020842643002,3.5188614330162973,3.5196914723359134,3.938721604549817,3.7713656494305905,3.4160052431733603,3.490235094103854,3.106946671523098,3.2849340581824222,3.4954561108411024,3.218664602202253,3.508974007109731,3.19387926683142,3.6835267091888966,3.574633026567049,3.5925966497595434,3.726041864700788,3.530767314876083,3.6921484030406986,3.435259755667771,3.2779626489221454,3.3571978103491626,3.38304211746039,3.514836778611488,3.3102516564702182
3.8817423022689894,3.082431557463879,3.5719035401863715,3.4157877515430166,3.4324114700319672,3.9124610802618762,3.620931632053477,3.439149534133244,3.5166548137561864,3.250685242030323,3.4571717389361583,3.455450588598541,2.954027118349445,3.1374091802229516,3.0442425459602047,3.040778721557834,1.660470995836398,3.2621557358088444,3.1944253415031385,3.976974026178881,3.5109423646669344,2.870853578977239,3.4301009901097888,3.558950542643012,4.0432689660350825,3.873098026066003,3.4364496588875695,3.5519635138771357,3.61252787785295,3.4158753952892775,4.00608268179407,4.300592400644544,3.9827783168538873,2.9472840330236836,3.4154759057373054,3.8276637675249408,3.9443502401274753,4.174073548495221,4.373987192215097,3.5852279535113585,3.729800231375078,3.940842079842976,3.7890444023202683,4.123956042187158,3.8156788171394487,4.155571729934325,3.8579964258303017,4.145526933562258,4.005578777723012,4.204444160059123,4.160531260262935,3.39038033795808,3.6580811116879692,3.9209043062075564,3.5738224850173754,3.848276319929749,3.2785491516905503,4.0356837004730135,4.291727834320752,3.9961759884913106,3.922633218316573,3.0851712981794717,3.3825958754261327,3.8065288739500236,3.8088201406809645,3.4485593644398875,3.721174991104306,3.4397581589772157,3.6520402380229156,3.6704143056158087,3.9040833640365746,3.2123812366402276,3.7742251421939788,3.7211790282426387,3.6144406163083485,3.460186826934926,3.871992112673509,3.6194436076503775,4.14588146565451,4.100528021163235,3.9112883275614743,4.2415123901339715,3.639266845577873,3.779401841452294,3.8909323912097653,3.981078679178634,4.05924709275709,3.7400475155423685,4.034621574167937,4.169283565029751,4.026782270622311,3.9741817197729326,3.9509701566292614,3.9706336070740265,3.6725032839637723,4.037927777263401,3.949367071209267,4.149066215313188,4.134834258103002,4.413740081984108
3.615685535443421,2.893678510738057,3.1206446470295965,3.136396054925099,2.693961662065856,3.99330553577595,3.7727588687358162,2.7557048374129174,3.438903924768133,3.4908440860929226,3.8592202911008555,4.2559330508057185,2.7998029522848515,3.73949184607124,3.8365908485363556,2.298125312950388,3.2621557358088444,1.647621704603437,3.147859733232019,2.6307148942817316,3.4437348575765743,3.150793633146472,3.242832082300611,3.247983206818796,3.627380022581929,3.4523877759433828,3.5226623350777015,3.23491009218919,3.395263763289622,3.5547560403192207,3.7178858948345233,3.5493424580784576,3.734308509184436,2.4264438850777776,3.666593227763068,3.2548262617407926,3.264449913496352,3.2489480645682263,3.6314247720120965,3.386546719625774,3.635183912546739,3.493277680305411,3.6995348548284066,3.4832009737234766,3.6056435141272525,3.182506806717475,3.6829464136695496,3.405710869157422,3.235261667569435,3.172342665142751,3.6190719973454812,3.277651550168538,2.854173422389785,3.6751459653057874,3.2521004445616772,3.3736250094047002,2.8042034243888256,3.061799437424488,3.42810654746843,3.755004860801954,3.603249695264581,3.022043047556531,3.2013987665687327,3.196868334589908,3.234507337510015,3.074055885418547,3.241736784179578,3.0472015996950033,2.6018243739747176,2.123420301093868,3.253769938143884,3.2573352036699883,2.9342381198374774,3.215984250535281,3.336404069357234,3.4703414766930134,3.372333424391776,3.4319110013360032,3.7917438454631403,3.6934276730409943,3.084237067609913,3.2677866140859475,3.5771984079782877,3.4756453591719203,3.510992393097991,3.6914327727579535,2.9908769533819446,3.337213316094613,3.3131021049951697,3.3760224874439175,3.5604051182262997,3.2522735059557797,3.5390281746581755,3.7839590776272707,3.3383866381361256,3.23797940446311,3.380956451760726,3.54900605878829,3.215244987460062,3.0312669343717267
3.8904289414466224,2.9960160751568137,3.290370346526346,3.634908655469491,3.2995547083223626,3.5775682218155045,3.704526706564395,3.093822301513619,3.3400785104642416,3.184997159644153,3.8174945914846385,3.3049061499881307,3.4035756891541946,2.59337725450168,2.3211638476309338,3.5018081517033317,3.1944253415031385,3.147859733232019,1.7370940492827078,3.6378318192271184,2.8540471512507435,3.664580912936456,3.237797100447876,3.3502379290363256,4.03221591823382,3.8723369244858175,3.362854767581118,3.6589318862892477,3.6596675622860957,3.1841341077866088,3.9651095351981214,3.906186068492311,4.076079500545754,3.317131268459829,3.794801040288186,3.319245918226015,3.8325990489680675,3.698446413547087,3.8825195770445693,3.4678516539065005,4.053651062808512,3.9785724017465993,4.121887766890334,3.8777287724639304,4.126003914647683,4.280196458974819,4.026152026569951,3.7887649908621497,3.4541064219203177,3.868936377833378,4.076589928253685,3.3985134569128927,3.6518277382150837,3.7824915649610684,3.00387510627522,3.517160846607116,3.6056895013989614,3.5795648894167225,4.056053261345807,3.8508179911235696,3.766225447018076,3.290498378130094,2.9418517604250356,3.2763026371864084,2.8512935549377767,2.829373141232257,3.7175013775248855,3.0430849263661446,3.0940576130323953,4.039087172709778,3.903799715612161,3.343756023116207,2.9884454356548735,3.481926651825863,3.5513644385442973,4.057025270871764,3.7917660488743503,3.32936031749775,4.068643435241178,4.038570735148455,3.0855962578215967,3.977881755128463,3.6494596136884754,3.4843541752200666,3.244137298976951,3.6418004474496466,3.910860544395743,3.771215207631087,3.4984458405069954,3.713792978698944,3.7992555901964256,4.292267788397931,3.5119181835673965,3.7159557673575474,3.7022004025649005,3.950020564750749,4.0320654045189555,4.069965654457158,3.6301181878041353,4.096876229290981
3.576880504634442,2.814704907673312,3.2267098043265094,3.038339459692305,2.7599258088963095,3.9476114694853712,4.350982436585652,3.030958348192018,3.5488790433268327,3.5149126376738327,3.768839626306151,4.1012222115081185,3.2555838109894353,3.89920722654027,3.817843317671865,3.029631669386301,3.976974026178881,2.6307148942817316,3.6378318192271184,1.4592465713330947,3.7354045882570333,3.7247925542474234,3.9425173689365893,3.9418696866030105,3.9847380635344543,3.826025475105082,3.6325553363424525,3.3449977590845275,3.519771094063336,3.825638358619514,3.541998225073234,3.5385758918369055,3.6649917414350432,3.105791107714189,3.7885181285082745,3.404316601481995,3.4535871694066747,3.592076226930061,3.5214686304525222,3.536117394843929,3.6226070231358443,3.7708315289488463,3.7239669036750622,3.397638657215059,3.4214640097268663,3.143281894787424,3.657533147057638,3.4406650304096122,3.2554859874060003,3.4196747318534046,3.3255413912674245,3.254346368908042,3.0292484093567773,3.6573799546467023,3.3341537059285042,3.3406417033260922,3.204868286912172,2.738841967456847,4.043575344775013,3.9712304762943513,4.003670751541724,3.505278640093059,3.7714370066899665,3.582514553188258,3.682783608785987,3.7786335346803,3.77025544729171,3.791462538855031,3.130090033118462,2.637441318286032,3.611435864285949,3.874494274798905,3.5026466079071192,3.9172323718992255,3.5409770224763943,3.8103491912661887,3.7015403944793186,3.846484371118079,3.4079631302031173,3.5185390220954464,3.4711984198181196,3.7417998969407265,3.5462383840704526,3.721039095343179,3.7930201331776363,3.8369863065638405,3.5834361322749335,3.3045968213872157,2.985261990559448,3.8767466312985652,3.91750430347541,3.9578552075690157,3.982325368200416,3.6477335006661655,3.8267107571492507,3.1682463811990367,3.2494787662187243,3.3276193107408525,3.3047130430616676,3.208933152417104
4.102511090187099,3.0579052160319833,3.4571014092905714,3.5747499023332105,3.5006260421219855,3.843538369235741,3.9048578689001823,3.571629488831707,3.163270371445503,3.4058913118464464,4.05615249274822,3.4791525277491275,3.713662642289085,2.6695988019013823,2.566556246247311,3.390032467681949,3.5109423646669344,3.4437348575765743,2.8540471512507435,3.7354045882570333,1.8759796305240974,4.145110668855556,3.5291231558874734,3.6751903785605293,4.0790803160682,4.6016563422839285,3.708367708789973,4.169054243000286,4.07167129532998,3.2657675814056035,4.071307261592285,4.358621010408007,3.9677298160283607,3.9331812455533544,4.203058507330144,3.6335711626941087,4.326968544121928,4.184989287234951,4.034123862558776,3.912671486583238,4.110669393381139,3.999314885837306,4.077237144645884,4.652387081595532,3.988567761900571,4.696412002571923,4.291134388724077,4.275113986161002,3.9632506586893412,4.362830110511104,4.07227746775584,3.6692998444160985,3.6332187958933857,4.144120757536999,3.1988905204930855,4.11930932301976,3.9078526210574944,3.646285039590837,3.9682105154564624,3.8153922405625296,3.4667933010725926,3.9680513868024527,3.362981771847465,3.3076967907069093,2.8500717143612704,3.1862724945546392,3.8461891166288202,3.096984264308852,2.9119679474234657,3.8297665721380993,2.8882380924277125,4.050712655240976,2.9391691589320375,3.706364050268893,3.64392725068028,4.307664640183035,3.970438194863514,3.5605546395154635,4.449773692636494,4.448655048453351,3.7879867388592383,4.130273605583465,3.952255982978153,3.798393729720952,4.022056897359606,3.995590610838145,4.218032245646992,4.165229812668288,3.73302709887,3.8670821111485734,4.131723314303885,4.262388541209847,3.924234431756145,4.263347819220581,3.9952127382791858,4.338925273388744,4.5872795921775795,4.18816880556547,3.95310096482307,4.648810765713747
