0,1,2,3,4,5,6,7,8,9,10,11,12,13,14,15,16,17,18,19,20,21,22,23,24,25,26,27,28,29,30,31,32,33,34,35,36,37,38,39,40,41,42,43,44,45,46,47,48,49,50,51,52,53,54,55,56,57,58,59,60,61,62,63,64,65,66,67,68,69,70,71,72,73,74,75,76,77,78,79,80,81,82,83,84,85,86,87,88,89,90,91,92,93,94,95,96,97,98,99
1.6335154605442737,3.548307350129969,3.1397910549944217,4.024650090606638,3.988618716715629,3.4112668756505564,3.2338417209322086,3.6046439553990632,3.288941263225613,3.5500312386228723,3.386256532966224,3.746403303510936,3.902446672343533,3.6332654239887296,4.014336039773198,3.368529383853382,3.548902178306512,3.613261628077601,3.5506602985717866,3.36573314887642,3.590243924147163,4.0016265064696155,3.936306070076299,3.719220130503302,3.9176322019642584,4.024579234772797,3.8720411799156897,3.6612010112655056,3.588646454787875,3.9083027109833592,3.6427255218969297,3.315469758666677,3.484075477630019,3.590651584116588,3.6310026220715383,3.4264371282334447,3.768190538769396,3.3119152773533505,3.778453027520261,3.758383353040836,3.839049682488901,3.940308290088357,3.9238753003985165,3.4839657046151773,3.560230344100104,3.7679938754955664,3.7551548594246493,3.7859487477121503,3.239463929812696,3.761736182290381,2.500236299662728,3.2568267863594094,3.493347269588969,4.000416310917527,3.660441519443011,3.1533683684370075,3.4669173038902525,3.308524176641854,3.6698661423091656,3.7011877545410363,3.790975697590725,3.8819937306578107,4.017437852506944,3.832699503476682,3.6537540350993165,3.9266959940270816,3.805606199674055,3.776000379779335,3.9949014103385276,3.794414724566374,3.3608783378869336,3.832661696979946,3.9732551532099416,3.938420693515811,3.6528056136724754,3.8430571166571363,4.075346484489896,3.932035844112443,4.053346711764907,3.5748229252287045,4.152540655893853,3.993732312419253,3.5437000692669827,3.750228785884016,3.962393838832562,3.864879973630036,3.8899479810558,3.6358861927042567,3.57662755658304,4.113793598141403,3.529761759850912,3.999140151705483,3.9438491479096505,4.083906196628391,3.9044354053268284,3.8312486600861826,3.8253725360362263,3.815502855667142,3.3171621883226905,3.8040013480836996
3.548307350129969,1.6108492480835537,2.774769117181037,3.0709158601935136,2.7450034459701693,2.9323745408215913,2.9654162923596896,2.6599361576846348,2.847392100263136,3.3834224361211733,3.4630850923851395,3.6334783879492614,3.736931439826398,3.452269077234955,3.637929370992692,3.276466186407532,3.4977788083894086,3.101010788462685,3.4912071134866096,2.9024568067144734,3.3363144473788964,3.4609828360235197,3.8907742245612753,3.4391312883495377,4.378444200511148,4.0097948718955205,3.842296208106197,3.8327849208400755,3.6352009553859363,3.887040753180294,3.922241001930365,3.3943311170022823,3.340437340218999,3.599546737654942,3.664145638039962,3.4695832579068804,3.76179108648993,3.700500137526274,3.9609573398763107,3.8291766070780335,3.6067229356516686,3.9326784975782823,4.0536327787241815,3.8740860585387025,3.895227867890405,4.075820811681281,3.8146712856240312,3.905513884245296,3.3087860485828577,3.8062854231970125,3.335768154422274,2.156583333134759,3.2898195683429377,2.95143933087536,2.4753120361994516,2.850943445637079,2.3923523197623178,2.581627735903009,3.592776537365264,3.676564221034077,3.7551578846351004,3.6366462979582383,3.9154918798453218,3.5545347691521387,3.7207012022583617,3.628383475102115,3.556646229778804,3.459614156576532,3.444590553553573,3.2874706707063366,3.1222917209474037,3.7321053163780227,3.5774658573271547,3.8829627112201637,3.5423010129984878,4.109896627782001,3.703587612983973,3.778930577372924,4.203076203040866,3.6682141173969374,3.5106504819011395,3.8673520571837883,3.6652659602343642,3.4300311331566955,3.6452632996518295,3.768256312434023,3.755094075392842,3.9016564011124704,3.3892079869485348,3.8565213043187616,3.637817930544981,3.959215203004332,3.962939359641096,4.207608956433425,4.1379273798146805,4.013907464097569,3.98650997936037,3.9312160984153097,3.180426958659221,3.791043795147295
3.1397910549944217,2.774769117181037,1.6293185583931098,3.5006696414106164,3.433936561808841,2.359476193986093,3.1788712266717924,3.0873329831242033,2.5621842075288006,3.785755278672239,3.8773597291274564,3.869747918241952,3.6550513944498357,3.621413896942346,3.8949315867173393,3.5244036144227917,3.6942662488610596,3.2621837064627544,3.4418671701517,3.082817529054877,3.6240167098193385,3.512893868930671,3.876206469132739,3.8636722100522847,3.8727020111613246,3.8809809648275073,3.6039702527305355,3.7499780194475987,3.7207803105375095,3.9060535833666763,4.000263172153898,3.634805227957208,3.715804045387405,3.3447153475361104,3.6931338983499535,3.2387728496258466,3.6939695063296356,3.564395047382929,3.66829147962971,3.6832572530261203,3.8754644629158257,3.7133503380590076,3.7673015324573185,3.6843613973451563,3.723185521263315,3.7528934541971304,3.6561909380609086,3.6773320146645587,2.7493610662828334,3.6985553020322057,3.4806557657216,2.631793516640293,3.596950336864741,3.403334769404539,2.657524590207463,2.2247307617037655,3.1963357891693134,2.537025266778794,3.794670450001774,3.8275032426845392,3.882375092067804,3.623222812264183,3.711838555995424,3.588525721443242,3.7282859908919797,3.8117594650048914,3.7606927201785103,3.584356517322483,3.5512704883837367,3.383875247660975,3.4725656940605516,3.7243803216024443,3.7438903773286323,3.750877860785137,4.009288748523693,3.8874190777919515,3.9476211786538813,3.8797597130712975,3.992454798496463,3.7198100135660486,3.971695340880676,3.835319670509042,3.800002576167456,3.7567599924734676,3.622637913299923,3.591383042045858,3.6464683103472626,3.6262616423337044,3.1253277104907693,3.9282169163072855,3.613936897981382,3.7569376141653676,3.5662385522757742,4.062325034127089,4.056684325006203,3.8143516381022433,3.625861923145991,3.6608682964532986,2.7537198948632087,3.64728499458617
4.024650090606638,3.0709158601935136,3.5006696414106164,1.519084452551035,2.7212939271278436,3.806380792182167,3.3627394876385766,3.6369612518496197,3.649252329074079,3.519347936797318,3.6668435801994317,3.695576991833171,3.8223492436759523,3.6484741584078257,3.7882606443854043,3.0478487117207513,3.4082109017647793,3.4218385467199384,3.639330902840396,3.6058014289604636,3.400918354285518,3.4722225694860827,3.4698180403878927,3.5004290549413297,3.811054231477543,3.8491097606994233,3.5324852428678537,3.4437113460044224,3.58396894905117,3.4182485726348175,3.602851339508222,3.382594676989171,3.3942387362397626,3.2511809156975815,3.6797803143181094,3.7214394183498016,3.4962448144971767,3.4513269313797843,3.856536184298435,3.561232646944992,3.339455484070544,3.777487229486453,3.8682353762506203,3.644130511382879,3.8560266587343395,3.7677522772154357,3.3470579131119194,3.5708220105866006,3.757450736469108,3.3446593621584553,3.546838563090069,3.449942946873676,2.968462888883793,2.1010824385205433,3.6050172571749735,3.545627547193811,3.1512947724781903,3.6177862068489284,3.6157337855470915,3.799907007854709,3.634890564320694,3.9265667158710973,3.7127031700965696,3.348263916301992,3.424805788878373,3.656918994189153,3.150490198684035,3.2516703706679073,3.504382045852227,3.3764092409376376,3.335729759031305,3.572342795606314,3.3974583999666494,3.4405192856837816,3.514576591075245,3.821176325000674,3.7157646993438673,3.4263493250053836,3.9406629882569963,3.645802821617229,3.595705605507682,3.5114819392505194,3.6015932577094665,3.501925669088837,3.522970859535967,3.321390042181922,3.5789196303506885,3.6658913654325045,3.685677665939627,3.5182799776866633,3.4557809976004794,3.4879050803341647,3.8077319113892356,3.7380154355356057,3.69260227139398,3.676257026830911,3.6349958816750214,3.806328004828361,3.450518068925596,3.3902092914105206
3.988618716715629,2.7450034459701693,3.433936561808841,2.7212939271278436,1.6349389704026653,3.240781347899866,3.517970497305033,3.392371154461363,3.1343169941132065,3.487027750348007,3.395796291569555,3.4725282051772894,3.7735611387860306,3.5678395655964534,3.642292393483549,3.405193290479753,3.485268213745451,3.299184130787888,3.4349447477153836,3.1938561242267522,3.51677364444026,3.3505365059731793,3.738634893486778,3.328615925674782,4.258096620462628,3.7946618024179983,3.631245066780084,3.4916596626195737,3.3232052287775704,3.785957568760533,3.8519703890644204,3.6725184542913167,3.4635624492416692,3.2902585410385687,3.4054611450486614,3.299622114287062,3.1963506603578904,3.804001684955821,3.831224960903006,3.3951011353162324,3.478693944948064,3.7999308380738723,3.879515120372808,3.4426110232163265,3.552057802622344,3.8107297728849683,3.315254075568084,3.7239502212114575,3.531491910275227,3.3753362410071346,3.5019106403151468,3.2753431926274894,3.5311201544374784,2.2640931800690285,2.8182980861159628,3.2826445878968666,3.237570401494871,3.1382898718354495,3.706094573111861,3.5264634362622913,3.4820024554652136,3.770476317285189,3.8100851418520234,3.1305552868896664,3.315501667293213,3.48459276839526,3.3697453521244105,3.2532406579654514,3.4171591830362433,3.254502111546488,3.2589361556289216,3.5621914598911535,3.7055794575919863,3.728026128390351,3.352773450450754,3.9424991188193697,3.6414560230347486,3.83941834885509,3.915327229833505,3.9494339645345082,3.213427863675396,3.6173932579550616,3.5191294247938387,3.528954205517279,3.6467924577255157,3.66865150468799,3.3506825298866625,3.5311474074666616,3.20990635968623,3.546203571474061,3.6149383862818376,3.817834654667041,3.711132772248266,3.8679410014611704,3.7882353307401484,3.7273499123904563,4.067223308945319,3.972554498972661,3.081820808735387,3.4397369728961165
3.4112668756505564,2.9323745408215913,2.359476193986093,3.806380792182167,3.240781347899866,1.739931039282228,3.3302864176483697,3.125632775127467,2.0596828567711336,3.9276018096685164,3.819776756957936,4.045916100616328,3.949601182449463,3.891011406271631,4.073788263253621,3.6516916873315233,3.870412488362249,3.3663211168623577,3.7153935235271693,3.1263511721547705,3.819302260673731,3.59939929870863,3.8889545150040994,3.7756310211756703,4.149006786412138,3.8671209555850115,3.6262514939358126,3.8498659686571557,3.7868726515374496,3.941279995601947,3.9977226880679937,3.714742627663051,3.5686485677347166,3.633211750642846,3.90045847752556,3.1599592002377217,3.8197033847216173,3.6816404975551205,3.9758641483932853,3.8935990748730327,4.036141729756219,3.784508412119981,3.9269313415087277,3.8579021065195267,3.8184437903750545,3.955766999609249,3.974538096723062,3.9463279379279,2.9878103443046165,3.8471080007362257,3.499851859646844,2.9916879314206946,3.8083854625847424,3.7680508910027255,2.4237325953929374,2.3621098135465783,3.4619150488730432,2.2780581362149848,3.8570735502323577,3.866297607911755,3.94128105057565,3.8779598651975293,4.042084405687748,4.018627402851108,4.180692124663676,4.02615813589306,3.992466059931416,3.9681554205305094,3.810526585313222,3.591249887222584,3.7764037400395036,3.881613090572069,3.8891019812853487,3.984865594864382,3.8413101730555836,3.926972123559028,4.113663144846451,3.924224511197418,3.9575201881217694,3.9125547159903062,3.7463611930407876,4.055654185139901,3.8185277167188003,3.971293206410135,3.7006935973087103,3.9640218908817677,3.86585822372988,3.739602125826946,3.296858357104842,4.276810893865397,3.7646052566039416,3.8268086840781463,3.86840971496975,4.105078223227153,4.190588054120962,3.8742087324108434,3.794618950942797,3.873498469781254,3.075808921728176,3.863792009450643
3.2338417209322086,2.9654162923596896,3.1788712266717924,3.3627394876385766,3.517970497305033,3.3302864176483697,1.5055365122959388,2.751958574452626,3.207856526981494,3.5403826154121774,3.759330296547893,3.9908784823081693,3.7642796049311884,3.403125133764977,3.810563814606673,2.7607317811555045,3.5353320533234363,3.1209453285269606,3.258595490092374,3.199288848373393,3.1222416593353155,3.411377177581058,3.8108507759782313,3.4863329632796995,3.775395933191524,3.779858901679399,3.5904811217792574,3.7899708824741416,3.6363575229848415,3.5875429909073144,3.6637586717305424,3.2236535684693126,3.4393539639993014,3.3901590144683444,3.776438010616347,3.441475202579254,3.7159373482104026,3.32351711316672,3.737273752580057,3.541215956372595,3.8700137302820043,3.5102677225866743,3.6628224630391077,3.5698445371595366,3.5269920145825937,3.5688963905229683,3.8916399990945663,3.973834044156331,3.5349502532618193,3.8054896069263173,3.2981730101784925,2.8216889209164053,2.756122045391118,3.4371043613083314,3.28308358852304,3.5622564804642405,2.5998399439317157,3.1403854067864128,3.5715145405610453,3.9928237251886283,3.9242256056177647,3.579648245213889,3.7041633364248594,3.4286819264804134,3.331409047445835,3.816922262138722,3.3342320859706995,3.261443736627477,3.62045336872639,3.335732260889122,3.3835085430087743,3.6212041596147357,3.5447291369511404,3.398151921965031,3.6375020513008027,3.811520088376152,4.005815942391702,3.7991574871404166,3.7982559738236294,3.51495366100697,3.83150267438053,3.71339924788784,3.3842155080120637,3.591767596503594,3.7311002920533154,3.568812963547316,3.69004365519637,4.025169502315562,3.4803722322921415,3.9127593787279276,3.4876233975942506,3.6949677848212397,3.5811488170766346,3.6470615605634773,3.6344899484135884,3.751379008781784,3.5872453787693432,3.9253133440698607,3.3760435383473486,3.7421991927422336
3.6046439553990632,2.6599361576846348,3.0873329831242033,3.6369612518496197,3.392371154461363,3.125632775127467,2.751958574452626,1.6741310179415883,2.7082965072662435,3.9698663864099832,3.4566573923661994,3.8139812531975985,3.9418809584796843,3.5455068250885415,3.7144888607584803,3.57882602529892,3.597907255732036,3.1322736732339833,3.473046760285198,2.9921477198003203,3.3877764932007706,3.6602666677854487,3.8995276927801923,3.7120468611145268,4.045044323624902,3.577775595956997,3.3390751346035583,3.689325356242906,3.5101038134845846,4.000847040957331,4.036148745303011,3.365296177063569,3.5035774442749967,3.88693865196207,3.6923530773962523,3.521501278664163,3.721034246250674,3.748856689283947,3.938403051032486,3.982645776153462,3.822523141624314,4.0147763364234095,3.940742526602062,4.0720069776485674,4.0658882210044,3.5982616970724988,3.9381123084539795,3.957561587696827,3.6437373426084485,4.094505723159869,3.440496362487174,2.812967999796486,3.604296502656168,3.631772401425694,2.7319466151925873,3.4193191246813175,2.6446951349898784,2.7571411417842,3.9620135284753477,3.6832689788623036,3.847236797958568,3.8543274110975343,4.089804143240305,3.7879581535192917,3.873801877458984,3.7925533581437203,3.810880789663527,3.485633791390504,3.8863001513992734,3.404275246575773,3.3326039942518593,4.023552961030038,3.3379363012995698,3.9133113457897015,3.6884108125895136,3.800095551342065,3.7387715387464278,3.7491316763955465,4.181646192530228,3.5683969255127628,3.5089057970867983,3.7092275293481234,3.6051339203808483,3.6168517483251157,3.2707957145384845,3.6434956975839525,3.7471015864953356,3.750828074120049,3.6843552432751934,3.905367610837191,3.7046640939640674,3.8248322494639475,3.905997032480386,4.029856781832081,4.013240624652162,4.216709389062701,3.443121447516431,3.932232752808219,3.615309882040173,4.009346639273094
3.288941263225613,2.847392100263136,2.5621842075288006,3.649252329074079,3.1343169941132065,2.0596828567711336,3.207856526981494,2.7082965072662435,1.6593294150313562,3.6973937134767727,3.64475978192186,3.8507587390679046,3.850487106306447,3.562791610053152,3.769983832286978,3.566201827002324,3.902774604401033,3.398028970280829,3.55240808620511,3.077694766049674,3.534874159391648,3.6307335690950904,3.613257357063221,3.7780161521454896,4.103882144875126,3.669902889828357,3.6233491778779108,3.766570587348411,3.525880784289713,3.832650654545288,3.884104210640555,3.7676295333851164,3.6862696560217483,3.4608424388564614,3.6433480839351655,2.793827445455361,3.466864913728776,3.8170615333092366,3.6324667580928023,3.653450206566235,3.5588083839433815,3.7317493768410857,3.8381305132705177,3.7537610947747853,3.873742450762184,4.020949856210655,3.717061159010153,3.962457261554766,3.1149766499667146,3.560650891767314,3.6382992750196768,3.127759080228424,3.6704210156425514,3.7579945199593863,2.30003421936902,2.4598378734160495,3.480830229928218,1.9608608366260356,3.7685489903971323,3.6902054317676294,3.8595291026057343,3.7883252368890923,3.799186638246288,3.7996856025307326,3.671484636297735,3.6792685178651117,3.603182731271379,3.826911222956462,3.6370709444007296,3.5584301129185727,3.4272426469724437,3.9211485349129105,3.9101442913054547,3.8954930258156373,3.7445005183756552,3.7637998810413738,3.847630345333945,3.7939136647482297,3.680850061288363,3.9050688936395352,3.5020927606220615,3.6800570540049624,3.621748159426886,3.7872530639802244,3.5007016799468467,3.8601075969770746,3.5185221370086595,3.75371713584269,3.108641789591078,3.5732845740808172,3.591487286565238,3.874286218171459,3.7863788790048796,3.9639284571411713,3.915027996086866,3.634359251693237,3.92339547007097,3.99676327648919,3.06099285659614,3.595226674239526
3.5500312386228723,3.3834224361211733,3.785755278672239,3.519347936797318,3.487027750348007,3.9276018096685164,3.5403826154121774,3.9698663864099832,3.6973937134767727,1.5799051469608802,2.637038799984849,2.9877078903879553,3.0202314129337555,2.956669255363688,3.173575262572162,3.108662878014916,3.199465194825188,3.1085616649738332,3.344342575169724,3.2449658708234264,3.2018298463867225,3.2597252626076703,3.0901252469738907,2.6309227480971313,3.5461753310145476,3.4888628436537292,3.3212231064348914,3.269425251327451,3.0128488622822416,2.772137923159816,3.261710826558191,3.251739650073675,3.1115533282599697,3.1267209411921866,3.4479855325618742,3.5654079887425407,3.280935982627672,3.3269291138531267,3.412758133169105,3.258380574153695,3.2771392408488507,3.5718722560772913,3.4116188469227384,3.29310185939426,3.4502839673823544,3.5840586779025214,3.2337630461996056,3.469390262609119,3.738343218694614,3.0787031448883684,3.364092451276019,3.489116768236142,3.193203427468452,3.3347196089041664,3.749623491856098,3.5935033405487102,3.3063347778157186,3.6009163592304945,2.146876152289004,2.9956488067863045,2.87972180455605,3.171306276660536,3.0611653658609073,3.1484364272751137,3.264247988618118,3.131971261349271,3.2620431131456686,3.3429203641853364,3.2154086092112917,3.209711554289154,3.2325803600586984,3.4873702652152994,3.4261361211634576,3.235027143010253,3.149282410905838,3.6636523075560543,3.3192368589967756,3.1369431265352645,3.401121508432116,3.459439586624056,3.5330658834378807,3.2118717295475103,3.139500151761581,3.3920921983883057,3.495224024827031,3.404478684450182,3.5789679033258843,3.384322364618304,3.562003900868705,3.6792220707535837,3.2740118638318183,3.532492268096403,3.3454667556422746,3.5653563544715197,3.7357956281236713,3.437899784489604,3.585054097466012,3.642142409855418,3.5409969422243557,3.1468829480475082
3.386256532966224,3.4630850923851395,3.8773597291274564,3.6668435801994317,3.395796291569555,3.819776756957936,3.759330296547893,3.4566573923661994,3.64475978192186,2.637038799984849,1.624305170081202,3.1815385466669017,3.181136074774054,3.136126376670432,3.088828943190287,3.4732512720285245,3.321039436683617,3.292681144946474,3.561901462655794,3.0633462259345032,3.429692515609478,3.74960629656737,3.545703468142869,2.8175287699419287,3.5629802291230113,3.1984212301371326,3.7210667759674405,3.762706170382345,2.9286545984811476,3.433309293612283,3.3386718185607767,3.5009344361187775,3.4796695768936647,3.6163463730030574,3.726334928896469,3.4795707864387797,3.575855707498641,3.3110508880661595,3.7410577474860593,3.572128103685673,3.631099939976996,3.516933731476288,3.8365838085736836,3.7882988907364767,3.6603083761994006,3.7629497185552223,3.6309178009713072,3.5694365984034744,3.427366157170261,3.556590439745346,3.4907552155408386,3.5202842468061784,3.4789535147506916,3.7137971303284316,3.578437812609988,3.4996579934327765,3.484563935169594,3.477161052502565,2.956129752820198,2.6022867417431774,3.021695358293624,3.14818827657263,3.264992874699412,3.591449274905241,3.8598508678124315,3.4567992334277213,3.4974296727985292,3.6142266238720278,3.7700128096370116,3.5298447577619823,3.583590176926396,3.9907980458169785,3.7839786453245994,3.630458628301138,3.189973548487523,3.3362920647294243,3.242680900656564,3.5199677472040003,3.4336721202291742,3.587444531123745,3.3619883302039297,3.240642375977362,3.2261466603088658,3.4430213949953967,3.527317494647802,3.5399543460288787,3.8393962593185704,3.8043254525158123,3.4659525500814703,3.491272592356824,3.5091004953191147,3.824107172077987,3.773523718652551,3.581994374392979,3.8463774590720035,3.7551536343112013,3.4460431463279404,3.480988826565509,3.5093430660355915,3.4279478746492353
3.746403303510936,3.6334783879492614,3.869747918241952,3.695576991833171,3.4725282051772894,4.045916100616328,3.9908784823081693,3.8139812531975985,3.8507587390679046,2.9877078903879553,3.1815385466669017,1.5124443308637814,3.071383820992086,3.0781791901474005,3.4236542680303157,3.887849979132753,2.769663849387783,3.670167278531986,3.623918565150421,3.7822619142024156,3.371849257418026,3.3377537745879793,3.6699986983935324,2.940816143303705,3.8708461974138815,3.294947255446992,4.0293896882367575,4.216513911611627,3.1717681051444466,3.5479857310608534,3.5139473863509805,3.385784116684187,3.9533539070120765,3.8348170511585407,4.010893758620437,4.063314521288587,3.6455931574665814,3.490047777214485,3.588759212182944,3.621666703346223,3.777848129936234,3.772583353912707,3.7034506851347078,3.8354653030846517,3.872483687663453,4.328245265167753,4.117805836185816,4.17404912892086,3.8014223646037677,3.6811597381307526,3.6930284939240607,3.833929528128324,3.9910338681557413,3.7280745501266783,4.08860619900342,3.9325995110140948,3.802789802814454,4.025582826007963,3.2671360232212887,3.030597509548573,2.4372809535136506,3.1735992042438514,3.190448726733743,3.4729510568693036,3.5952032564122387,3.333144801036424,3.880278677870651,3.5358084035453774,3.9535902818475654,3.7957150852380566,3.386123095943934,3.80903972686578,3.9082103152977035,3.736341944735134,3.0071839007420897,3.5980866489185876,3.2885524851359595,3.5504154298745414,3.6344176056354036,3.631386491221033,3.957513595757029,3.710414295905734,3.9185113426615557,4.05263385736876,4.190541899173663,4.05840810340813,3.9355380094972423,4.28706381128518,3.990565803631936,3.900061707396169,3.6149801212567185,3.80798951755049,3.877401207437411,3.774205407997661,4.086669732889948,3.867849132543111,4.249990650344436,4.423224836291318,3.698155673108958,3.7890649290677714
3.902446672343533,3.736931439826398,3.6550513944498357,3.8223492436759523,3.7735611387860306,3.949601182449463,3.7642796049311884,3.9418809584796843,3.850487106306447,3.0202314129337555,3.181136074774054,3.071383820992086,1.6069339073614033,3.5803450303609976,3.7003884219972574,3.779267490518467,3.208202294060393,3.6216867411911573,3.8904186803682106,3.794510866463258,3.913548616529873,3.829419253828016,3.733008996015388,3.5370325154236357,3.7927279100440003,3.8258144341604186,3.999096516244427,4.119350062409223,3.647290400908344,3.5166780519571383,3.434097358229511,3.6878460679841516,3.7550201016064433,3.6548644393737204,3.8668480613922873,3.854417355207394,3.7996369382517776,3.5399388706646993,3.9550631683923427,3.8922060774591456,3.7970478029539114,3.8230528037219127,3.904087174905582,3.8751703362747576,3.9504751192107292,3.7848692500995926,3.670987639451099,3.7046088443060117,3.764872390205827,3.6981387533739865,3.4384297534034114,3.5703670817645925,3.7580864329392365,4.096311688841982,3.711876549736809,3.8178719666924206,3.709033645661604,3.840243869793377,3.525863576891984,3.54103759710391,3.3220620681569457,1.8523692744741065,2.1673473857519254,3.2987559947686735,3.7241281832387116,3.623359019727263,3.8719354004324384,3.670310387807542,3.914697375969772,3.702983910829924,3.7244557039716093,3.9356170356081703,3.84276919119278,3.9025554055972593,3.6057953559310603,3.765488883911739,3.5250804119445855,3.476485928313639,3.6961196928976996,3.714433286609586,3.663788633566889,3.787782341064714,3.73804497818242,3.762298164715202,3.926669321894978,3.7532140401824496,4.012523191367207,4.140643501379006,3.9544139266401417,3.8898071050914917,3.7186932693838957,4.182785435633367,3.9435859192287093,3.894829218696475,3.9282312523445153,4.068473138684892,3.9025316295865995,3.8848651073083067,3.6975241979528546,3.8162601027527012
3.6332654239887296,3.452269077234955,3.621413896942346,3.6484741584078257,3.5678395655964534,3.891011406271631,3.403125133764977,3.5455068250885415,3.562791610053152,2.956669255363688,3.136126376670432,3.0781791901474005,3.5803450303609976,1.5443823620787207,2.897610173680961,3.5483804916565624,3.501735826913512,3.3966055146529857,3.0964465125227374,3.5585772052602933,2.950934443119202,3.3866745633243123,3.3624983424413464,2.98400860782338,3.8253731073501704,3.7307642935517284,3.6006611335657226,3.5253108035896195,3.264829593005686,3.278328556163479,3.261500825010604,3.5081134892703605,3.427409605055489,3.4161016020621213,3.690917634982324,3.698799586413394,3.1390761121341373,3.216357343946707,3.5058423658692157,3.3970596865155533,3.6723760313870457,3.599236021371165,3.525752093161928,3.602881400812362,3.693472475193221,3.6065303747513604,3.6539872455995064,3.8481103029381125,4.113594806578409,3.570167720242172,3.6632840673893075,3.7484626938718724,3.715374555904053,3.7787858819549607,3.7167006773358686,3.818516756190078,3.813184597203159,3.856248117399465,3.127869684096829,3.299457217554902,2.9877508893340474,3.3131257555113875,3.3854674540674226,3.367506917761365,3.432938576440172,3.2396162048196397,3.569592322361912,3.5299632987628082,3.810309071973257,3.7412897387267487,3.342004808610026,3.551527395957419,3.6202280687785127,3.585714683626047,3.1583152625778443,3.654373710074639,3.439031466118702,3.102043451817194,3.731501073242341,3.702723300162053,4.014457255287985,3.948315834181408,3.7466572625958108,3.8737125134755366,3.7539367494829015,3.828049910310672,3.541557648586434,3.785484126178816,4.0997568974156104,3.609835906123772,3.6032092353302683,3.6121090276644217,3.471633496819985,3.765992869711838,3.7314380250344525,3.630391226851266,3.8147325132345244,3.8718393197310874,3.995960120812616,3.701844178171114
4.014336039773198,3.637929370992692,3.8949315867173393,3.7882606443854043,3.642292393483549,4.073788263253621,3.810563814606673,3.7144888607584803,3.769983832286978,3.173575262572162,3.088828943190287,3.4236542680303157,3.7003884219972574,2.897610173680961,1.7350401086772964,3.7679055763406484,3.6350146412547857,3.7458113153903416,3.7826675101161085,3.4544735740809704,3.14472404744122,4.008701400018567,3.7871016700520936,3.4793550583792867,4.05479573514564,3.75928832193451,3.725295128337485,3.660630258315529,2.6726880916865525,3.7868649223923145,3.844796323841833,3.7438619671347557,3.7358189328632867,3.756723937544397,4.027470877007198,3.698503254317359,3.597087010328146,3.8322825142945507,3.9437319654239067,3.6652553266928574,3.7584177315400566,4.073401277133416,4.076943279012,3.7490056817559325,3.8602657742119875,3.9085594851282797,3.8020580991602246,3.904688687438588,3.8140221765015063,3.64447988219363,3.5512436377065524,3.935019139497197,3.868131256785959,3.812717387594436,3.711806052415148,3.685333783621081,4.053578518285482,3.9279105552122697,3.531078685758289,3.352409337533925,3.3584117650639707,3.516936458105303,3.628944167921425,3.721704357737031,3.6722824975411372,2.431379238293115,3.534536952001941,3.885923450961696,3.93124360430244,3.8950134650847885,3.3821995624732772,4.245933558141277,4.035085179238199,3.9151375742648225,3.7906832197058318,3.9715431152098426,2.877341651215735,3.6728351532767727,3.9105529771659753,4.179086631439273,3.9316379744568644,3.6684900857152964,3.8392536945968883,3.910028579923178,3.664331097873593,3.8777075734115325,3.582034466513204,3.7174497364657584,3.6647070460341924,3.7985710060739635,3.9330883627038222,3.968089643240519,3.9806238119482993,4.13088286526764,4.073357947742631,3.7050183548790017,4.003343911567883,4.057408377346139,3.704759538201542,3.3287943885128852
3.368529383853382,3.276466186407532,3.5244036144227917,3.0478487117207513,3.405193290479753,3.6516916873315233,2.7607317811555045,3.57882602529892,3.566201827002324,3.108662878014916,3.4732512720285245,3.887849979132753,3.779267490518467,3.5483804916565624,3.7679055763406484,1.5209676730485624,3.300537413055247,3.220517266180984,3.133494241050693,3.281654855081078,3.203922111915353,3.29483857624524,3.4191544569761194,3.139506079265167,3.6434705488126258,3.403095004141805,3.6711400895822055,3.665242216307086,3.327711736135118,3.4925438795665653,3.5635676015137863,3.3762422640770637,3.2347944621547864,3.3208434480749243,3.5949285896430636,3.315973165920926,3.3438095003004724,3.372372177768074,3.718155079822268,3.20091429746009,3.25510692215988,3.506224088558906,3.5874606020714888,3.185866605491708,3.5709650576209273,3.5193814853446113,3.5481021705735745,3.4883318891776884,3.5207882540904336,3.1624183928452996,3.0765558634330152,3.009451323956796,1.986402982520006,3.4075011467077583,3.405322709786112,3.3743550286950494,2.916293603139476,3.3473731934118334,3.3156924635167333,3.32518414826804,3.3030168315315067,3.3477920174848363,3.380076356384137,3.1486964901017167,3.1920891555662,3.5072788593782667,2.3961245210697593,3.155150210785268,3.47028004112511,3.4154893188171696,3.149203230094707,3.257288539902593,3.279064514957275,2.995632069827578,3.2254664767680667,3.5201883323081797,3.5264331010121364,3.4653215824884396,3.6486468373278944,3.655142465726825,3.4943970598000815,3.4725122056531323,3.470317178293792,3.700467189564713,3.7411280148126624,3.403085720533939,3.593634649769099,3.7176660647419726,3.4478381625023045,3.2834741298950836,3.461233511308528,3.548053775880376,3.859940539652917,3.6000843392660613,3.547888160568758,3.38558593515345,3.5069861723940527,3.7648578141927707,3.28355192442018,3.3341396501868132
3.548902178306512,3.4977788083894086,3.6942662488610596,3.4082109017647793,3.485268213745451,3.870412488362249,3.5353320533234363,3.597907255732036,3.902774604401033,3.199465194825188,3.321039436683617,2.769663849387783,3.208202294060393,3.501735826913512,3.6350146412547857,3.300537413055247,1.7026554582788038,3.2636606290090424,3.288027876356172,3.2899581019160276,3.196634005612061,2.990359829897811,3.347983998525748,3.2059545821067528,3.519009761981782,3.4582289424127524,3.3965614084084352,3.559117041024755,3.4829034034464224,3.354506162286516,3.716873301214216,3.4251167073509823,3.5370175536042807,3.36606074859591,3.483473060704278,3.4174395619216495,3.2545975035229935,3.255488183194252,3.64951306618666,3.4346822183395114,3.5751054824773285,3.4866542339495448,3.564550291428894,3.5192646605583904,3.7728282009812064,3.4961111601283856,3.5531620779047812,3.7749859229286127,3.5732765201782146,3.496157219745032,3.4377804437959627,3.4410336528430876,3.4362017941828094,3.4216926179859923,3.654703859833513,3.6482766293880364,3.3719611729955963,3.6560743335337706,3.270203504114288,3.393307454896018,2.8867919462911873,2.9270850655828275,3.2460591956170917,3.1458212534491303,3.1347264265969352,3.3700176303255427,3.5609619779976223,2.8009400762604457,3.6183078848627237,3.3244709414895475,3.1719812901840734,3.264400891892462,3.2741966491636325,3.6267602458604276,3.106545190696942,3.519772543268274,3.5225264068382836,3.160939348237396,4.08805959803104,3.6096599151151616,3.7989170021024936,3.4945985336217054,3.755966277484618,3.5696241966958224,3.569346603697089,3.6023924196136994,3.479997662179336,3.639172608118925,3.51004452276037,3.597695552740278,3.4369267344992065,3.415096621847079,3.637321769314824,3.763967866176065,3.9108737445450776,3.8283741076640716,3.4840935122903587,3.635008931596069,3.50518687485113,3.4812328772484133
3.613261628077601,3.101010788462685,3.2621837064627544,3.4218385467199384,3.299184130787888,3.3663211168623577,3.1209453285269606,3.1322736732339833,3.398028970280829,3.1085616649738332,3.292681144946474,3.670167278531986,3.6216867411911573,3.3966055146529857,3.7458113153903416,3.220517266180984,3.2636606290090424,1.619340634518324,3.0777017440699814,2.614246609280114,2.7209918850718706,2.8463673036123165,2.944535984243173,2.930225790346444,3.816487970488919,3.605755538755326,3.661500517101719,3.6892898533410783,3.165484236103563,3.4687614785097995,3.7299881924494485,3.3537766944621965,3.059756864332593,2.65975283944674,3.1664694405622416,3.016985573104407,3.1951490091522428,3.3334196800775713,3.302655935553183,3.336050629357795,3.487103164832662,3.461241454087515,3.560235645386996,3.600036162351713,3.4831595389549386,3.9790248430613397,3.397412854873847,3.612487145737164,3.1058157793641312,3.2566418366498575,3.275622984575406,3.2678594337245475,3.550570706760465,3.535116082839606,3.340535597166897,3.1428348913093376,3.0728166235615175,3.2368392669946755,3.402106878971135,3.384640052214365,3.3127186237660804,3.3324007319350133,3.406369685185115,3.1755342064407612,3.0977106688902962,3.1055603489641683,3.4868617917538627,2.9230167998128556,2.9842408279468993,2.4069214686096845,3.077913987031329,3.191065013944286,3.235640025559273,3.547194864135458,3.2477766806380544,3.5853651123968393,3.3486435610988834,3.5569492206498112,3.731763454732125,3.6064305624090296,3.504932397928284,3.2779608035870154,3.3182779635722537,3.2517817885376883,3.619645289152422,3.4440334800481964,3.412651278903483,3.7900106224974257,2.9903393289063716,3.6589001513584547,3.411025445245888,3.600457880174272,3.467574546982691,3.7356238004475832,3.5397079560001043,3.7615167600272232,3.8414403130408563,3.6888203472330034,3.1013317446524247,3.3580681512752504
3.5506602985717866,3.4912071134866096,3.4418671701517,3.639330902840396,3.4349447477153836,3.7153935235271693,3.258595490092374,3.473046760285198,3.55240808620511,3.344342575169724,3.561901462655794,3.623918565150421,3.8904186803682106,3.0964465125227374,3.7826675101161085,3.133494241050693,3.288027876356172,3.0777017440699814,1.5815995787741814,3.5875732429029656,2.656463601700438,2.955858277360737,3.4664140498062985,3.1182418985780824,4.272205970784926,3.736317626076522,3.6496477046520797,3.7099964926536666,3.701106051789695,3.468791857932197,3.8998698690007125,3.659632373947071,3.5385837659453854,3.6975703083799987,3.7671084573720797,3.7302857652383805,3.557649784786258,3.7430219766549357,3.9540980806256183,3.65312900301258,3.8033683659418465,3.860534959291903,3.9576091853482467,3.854041656605798,3.817402061644689,3.7482249622687727,3.8987232516923664,3.9382140820281633,3.7511174692737734,3.8872291920561866,3.8081984205352555,3.4506576177786212,3.3631508872512232,3.8125984632614753,3.6665043541130857,3.8094294226507217,3.446259110812981,3.7617326190164837,3.7568614217585856,3.989077476083795,3.7689278359723835,3.959776262360901,4.074528378336433,3.487142441021608,3.0178932784955723,3.8122607004359246,3.6921414424684413,2.9087516735070653,3.512206208527055,3.252838969729685,3.4082776076596284,3.4082991266474862,3.3279560564552058,3.8279934931632176,3.3447003832938553,3.9168363779403843,3.9461560799290334,3.5322029594272,3.986020630285427,3.960559776095801,4.00012890120883,3.8321945693073043,3.6576434858023203,3.7234897888201552,3.8140447007457747,3.8774157826991376,3.870710510763199,3.9291592406105766,3.693403939196803,3.7762494229856176,3.5118251206039903,3.844262489530452,3.787946732088054,3.835313766168987,3.6465266108442265,3.8409629254679185,4.041074821832787,3.77885907592529,3.5824775566653497,3.6542081815027228
3.36573314887642,2.9024568067144734,3.082817529054877,3.6058014289604636,3.1938561242267522,3.1263511721547705,3.199288848373393,2.9921477198003203,3.077694766049674,3.2449658708234264,3.0633462259345032,3.7822619142024156,3.794510866463258,3.5585772052602933,3.4544735740809704,3.281654855081078,3.2899581019160276,2.614246609280114,3.5875732429029656,1.5317344810013034,3.404607311937965,3.7760925290110463,3.8167612751552094,3.484538174766278,4.028079450919171,3.505938076587147,3.6765172074044634,3.8427878482434235,3.062663705562338,3.8861233895200136,3.9867311657338997,3.940979192824509,3.757532584106951,3.626459711025224,3.6103766540313518,3.209248084119064,3.4676293182054807,3.7930073902255512,3.980004550418295,3.976759712872517,4.0022438548924155,3.9614507737966895,4.249666744693367,3.8685627512142746,3.8789009842622093,3.9820651258143114,3.9804889857375825,4.096223082374029,3.387662205903012,3.7918480472141676,3.8888546810069284,3.4867530225831094,4.08368504453632,4.062929758461798,3.499517897631575,3.455291234705768,3.663016429168157,3.3465875589636553,3.7919742198714994,3.6593360650688718,3.653074090473835,3.8493366630053227,3.9705288558961582,3.939199263407202,4.128701210274989,3.6360517122719713,3.8818588882306373,4.0701145068468945,3.917563798803296,3.570314981575913,3.0916212143822523,4.2375982741958005,3.846850000785047,4.020243517423949,3.6981645349640506,3.6945647195551605,3.370506098714896,3.6081532848240454,4.266685635672496,4.209424844091259,4.091978536015649,4.0598313679156295,3.7502933628552357,3.6687810260648304,3.6740156263852493,3.937025453369426,3.813321313728843,3.913995157374778,3.0709208512256807,3.9853772750304457,3.8074883023527204,4.045762269337276,4.065721132446852,4.162371832864956,4.236025373057755,3.951330091747202,4.001521378758865,4.133710984408501,3.3398685049889285,3.8222516235538935
3.590243924147163,3.3363144473788964,3.6240167098193385,3.400918354285518,3.51677364444026,3.819302260673731,3.1222416593353155,3.3877764932007706,3.534874159391648,3.2018298463867225,3.429692515609478,3.371849257418026,3.913548616529873,2.950934443119202,3.14472404744122,3.203922111915353,3.196634005612061,2.7209918850718706,2.656463601700438,3.404607311937965,1.4471481776418782,2.9646727575809932,3.100952251751509,2.8218901886211074,3.996093134259302,3.5329070345404983,3.494918475928175,3.633369658896099,3.225354373225863,3.461421847238883,3.649090335382178,3.2994991693878872,3.2495594929917937,3.0746723174323836,3.6114092996711635,3.4377724217413403,3.418997799716187,3.32855632002353,3.6270114818033603,3.355297021782593,3.46502567290668,3.7086504420987887,3.614037536821687,3.647154360476017,3.7174719149408735,3.7729183606323957,3.7347431168477407,3.737403472118656,3.3772968067407936,3.6414196234860485,3.460032789055291,3.165871330407613,3.1477944944517766,3.285079333325788,3.102862534495225,3.262644915111828,3.3616645813252513,3.0810826386051096,3.3199083300518164,3.47798460340947,3.4087820992045574,3.3926799981746605,3.713226132283261,3.312579457289238,2.785425498741174,3.204870477643739,3.3530749665384594,3.0574064204437033,3.3759676937289216,3.17459349779618,2.8084016769379483,3.2656218862017656,3.11312325781511,3.2984174838388283,3.246880711656679,3.7232486440060515,3.424491344564668,3.477785029856527,3.7282090455887418,3.670710089666289,3.6399600151813547,3.5831417731884705,3.6081039335723473,3.6869316710159197,3.3231454590015805,3.4997689154865754,3.4303349211500618,3.741750689967065,3.402513382441654,3.2964941388438733,3.384947910922715,3.3331495800713444,3.4078199736060224,3.8063824935220087,3.6470758724242653,3.6638641997190327,3.6286105803686692,3.9126808522620706,3.3241811030776494,3.508061513980552
