0,1,2,3,4,5,6,7,8,9,10,11,12,13,14,15,16,17,18,19,20,21,22,23,24,25,26,27,28,29,30,31,32,33,34,35,36,37,38,39,40,41,42,43,44,45,46,47,48,49,50,51,52,53,54,55,56,57,58,59,60,61,62,63,64,65,66,67,68,69,70,71,72,73,74,75,76,77,78,79,80,81,82,83,84,85,86,87,88,89,90,91,92,93,94,95,96,97,98,99
1.7823423264628648,3.987121017528905,4.104927408404473,3.8935497794804146,3.7270697517011535,3.7949374874702175,4.0799248905559535,4.206019046356432,3.8906218583627394,3.724402002317049,3.8018539150922424,4.000438010688212,4.087744701838546,4.085257573214448,3.9759353569686495,3.666960946578465,3.9294826513857424,4.058722940850531,4.265028204631205,4.016976120286789,3.9997168101848053,3.9067907581896777,3.8889356734052374,3.749152235381692,3.281571069482582,3.766506762166719,4.021389851085381,3.803346250563109,3.9760929790893997,3.8032922838506065,3.6439898165406386,3.317081829130691,3.7173941961902863,3.8555550242288747,3.882464249954423,3.862192856796511,3.7016332715723608,3.9424007938595995,3.898055813317509,3.8078020263969843,4.086771264072569,3.5717766253495222,3.827393124110082,3.6374019296334503,3.8921041213785457,3.856499010814482,3.789416865699745,3.9681988578891625,4.1512238672379995,3.8149468323743627,3.771747337304604,4.153951461522068,3.8312021930018862,3.997282445561373,3.7900776070069684,3.823121780574145,4.029917307315739,3.8458283344679582,3.9582361732093703,3.910904225126562,3.6662510510520874,4.3006445117419885,3.8166942305034537,4.009491152694824,4.112547109639385,4.011065632406482,3.9410846985715886,4.077946377511574,3.8618313262600936,3.8047954786650564,3.955798225373038,4.03446916199813,4.053787939726194,4.236868991536783,4.01344526948967,3.7913833847276557,3.7895820639453444,3.7005097990147333,3.412729398457062,3.279622246770986,3.7882606714830875,3.7094725016880425,3.9117591735616015,4.048937086063214,3.8613842351774172,3.7583305375215708,3.796054998364028,3.8092535130929317,3.8735776597365263,4.02101972763245,3.8138417724088813,3.2979727155685237,3.7305582549677134,3.886294165887368,4.107373891413256,3.5593214711541097,3.776190161927625,3.731741955023105,3.976787446768931,3.6893333799323695
3.987121017528905,1.6725943862445196,3.2570272145525694,3.1496413534880725,3.511349488947059,3.7930659688817423,3.777088467817623,3.597156261153487,4.107157688672192,3.957262741971297,3.8142035753178516,3.915952182948007,4.327644390985763,4.2809634732148405,4.121911652525319,3.3001544269302943,4.0774573666633644,3.983888436954354,3.9415470361045926,4.182907376887537,3.9057840194506137,4.02611071017481,4.031523321145508,3.84367892561077,3.9062225629214393,3.828953336489038,4.049768007887921,4.177971149463028,4.065039579663281,4.03594845590886,3.813337767522055,3.8320081377669317,3.876647446184863,4.146318583342639,3.72039666082188,4.296755740848817,4.204550896110222,3.734641787037311,3.7891788370034676,4.032272145592885,4.390049055457163,3.9437711018303654,3.9159583810123926,3.9966688208305587,4.022469066215065,4.11578628173478,4.111983257178366,4.217356391385361,4.091999169755765,4.158333738017191,3.7752169145297967,3.2117478563367805,3.7624938562264783,4.074124911666192,3.8992198965052864,3.9428310362880596,3.8326632397123492,3.804387106478299,3.6887081017021566,3.9985900568502135,3.9561028371319904,4.215256168784485,4.148968311679899,3.966462931878016,3.9700780975210512,4.114819252558418,3.9284814958399696,3.9552640740375535,3.8765919159507707,3.9454148662695374,3.8627689266321332,3.765092584002145,3.868824659792238,3.800280352601898,4.054967487168728,3.7499592939866835,3.5980652424071864,3.75678330797414,3.9167259954071545,3.828758565407263,3.7303531918662953,4.229237067149208,4.045966626968539,3.429102888560572,3.935706117749716,3.8320295728363103,3.9780139876077802,4.194939932598255,4.101270484211997,3.9263390283456485,4.13867311646177,3.8493953259535987,4.03771821586715,4.1778790751795,3.964788936767568,4.06220266045974,3.9752696230430353,4.084265445067996,3.8502715949121913,4.047159454020737
4.104927408404473,3.2570272145525694,1.655223222318831,3.8039163323282645,3.447884293413807,3.3732783027435373,3.519512814972411,3.3981669427391936,3.573821544534047,3.7714535091862045,3.6796018771060797,3.8929428091978346,4.106060999984843,3.930338820251701,4.007451670897512,3.7056621885791152,3.8209281744835537,3.719558835708227,3.738741106917366,3.736141926747969,3.6583768235960146,4.136314915461119,3.4482688107279507,3.6420294438057,3.6749163281167316,3.9188738645827357,3.906682854749216,3.8191668805415993,3.924720383447463,3.710736209121603,3.623963413263132,3.4684438693404185,3.9347302094802723,3.87163148016507,3.773150444824307,3.8343207711223077,3.688084945644886,4.10499635783023,4.124353952256156,4.112413739964374,4.042836927227299,3.8842317368167474,4.223483993426418,3.904730130555008,3.7539585604543455,3.8685859301460317,4.00387170389452,3.8178393039430483,4.033887604229812,3.9156192320261667,3.9111528030790903,2.963270507347471,3.5749258603098424,3.654295036310294,3.618599536853589,3.397223418875041,3.29322338128444,3.283889811505543,3.953522146886694,3.784220522993168,3.7676601736651447,4.238556843602266,3.7975556585337493,3.898425859108239,3.66639204736346,4.0537522524288745,3.9099344660376816,3.772889308441304,3.5671168392032935,3.4571224757836276,3.6664078607071997,3.8506615860616824,3.395896162541262,4.091075275764404,3.7503353092964122,3.9469402490912078,3.4878042260687074,3.482054107284281,3.689769191857801,3.435957539669133,3.817200736086239,3.8327560894853883,3.955232604585236,4.0824280713123295,4.032482869699672,4.054614793338289,3.724153219449709,3.9850444314210467,3.816518255069461,3.9190769042652898,3.730264055825934,3.5906692868644168,3.8769093804547965,3.7963517620475016,4.040411116945185,3.5189202476193335,3.667379684895246,3.744182476546384,3.5739761456823027,3.7792847377223215
3.8935497794804146,3.1496413534880725,3.8039163323282645,1.6403514279427283,3.3583366525652387,3.807564416225465,3.7271044895775223,4.144669576811493,4.032593804041006,4.081915333490016,3.883084486482472,3.9616637047485526,4.01779617610586,3.9607706840221666,4.11054479009165,2.9592817076028095,3.9081912858075296,3.751828606400832,3.8305938602870397,3.8669657063663405,4.039776221364917,3.6081001029574558,3.614785280028336,3.71484293416955,3.4354292409500427,3.6724515927082515,3.8426094803950046,3.957778557926723,3.6383238956916437,3.741210959719944,4.0338290410145605,3.3768147805720505,3.5344266585350343,3.591231528209567,3.6725297440315416,3.8907679370310446,3.8641771047562923,3.819691876603915,3.659707121975708,4.0897569134062195,3.8664480226652294,3.737201098965632,3.9487421485699703,4.096825438102679,3.7823053939272717,3.9261493598188344,3.929811694909587,3.9216073014564734,3.89271590552446,3.859279378401672,3.78641859937934,3.685757749945166,3.5201644791444506,3.090077190388678,3.7015652469498117,3.736174996440349,3.6432946915280064,3.906643949361122,3.92594393003539,4.148262003091893,3.890755412266613,3.988563712100062,3.7596275711432066,4.03816151578775,3.977566021538032,3.9493440930910446,3.935682606470806,3.90103033072345,3.369905379954015,3.4872001685753755,3.9264684271615895,3.438277397761125,3.515189338071944,4.0519938444845875,3.783704971689807,3.7645572096291673,3.4836547480160047,3.404886464203178,3.87679637126365,3.1421007764801563,3.3901079288791554,3.7012722347635743,3.836657895645756,3.5898878381233295,3.573668593907849,3.291154271603458,3.727485795303029,3.621546159818312,3.8047934780230537,3.9886074954072126,3.8759689798000854,3.458088471672342,3.8202389979916607,3.5914771066892537,3.787029705925584,4.093194155025034,3.66091278095259,3.5189619602815663,3.970210559046585,3.8387311039409986
3.7270697517011535,3.511349488947059,3.447884293413807,3.3583366525652387,1.7133315224819883,3.478897705073159,3.767711686538708,3.4051283843430067,3.4441598174617325,3.351051743507568,3.732056561290188,4.1745070916078175,3.8956047244386425,4.007920274306801,4.028272507961167,3.429863023549966,3.9153194440628023,3.821162447133108,3.9580938128756604,3.7758009001456765,4.071818101554812,4.019359060840218,3.360480514562675,3.764578180584116,3.5215407250281734,3.7744002252091544,3.776417854312471,3.6594425289429733,3.638953510147923,3.354818667204995,3.67438523703462,3.8210180392645405,3.97470685660411,3.879893387049861,3.6609661763760815,3.5402803026774956,3.644411966105864,3.7989944391988932,3.84817767414263,3.7357135292789105,4.255893974990756,3.6911643175377566,3.963498549789524,3.74784835412279,3.8730637469090685,3.829300884842039,4.193346872324526,3.752954010540266,3.6502561940139056,3.9578161570632684,3.73298616369551,3.517883271642446,3.8059062841053835,3.5088160828344557,3.4162757357659728,3.6962057491584766,3.6900785560903073,3.3517327333531273,3.676429426306734,3.966942075122193,4.040659881709273,3.9772883315082614,3.8125016617440446,3.8102215973349325,3.960789144778018,3.882574413729195,3.6108270234204616,4.0057166112746145,3.901047936108607,3.7618985599843895,3.7332290072995584,3.703318570627792,3.5654598372145774,3.607925900708091,3.9387709863339153,3.902565575222711,3.353365344097507,3.3810237035494812,3.634719561642589,3.599392800045774,3.671591034900849,3.5859952012339438,3.4695402064854677,3.6938953949645117,3.8023847603784375,3.5512134392541173,3.4559102552742837,3.695784132167537,3.5513102402821,3.7591948832575954,3.7782385088563966,3.4717336452509997,3.459716168006722,3.7089611096785116,3.8960068223143085,3.411238952414971,3.572747720142462,3.787335023472998,3.698129143184551,3.7533230206372954
3.7949374874702175,3.7930659688817423,3.3732783027435373,3.807564416225465,3.478897705073159,1.6688283378721414,4.096262475554794,3.0966999293285156,2.7312955344952154,3.407103845126928,3.800066735264145,3.762579598659292,3.6570848834991123,3.501050171118092,3.379912533395586,3.8182412209072756,4.040265767650407,3.6072198628018333,3.652537239141319,3.8082305477638325,3.74745142956793,3.654478821905316,3.776050827371222,3.8060022315906483,3.3999065268354043,3.8132713352549943,3.4158945418970044,3.6742217344475487,3.7436335369693152,3.6963738873459153,3.813785437587293,3.807303653529847,3.665996508930704,3.8929857301867763,3.8450106729313953,3.397388788500682,3.7398859936013826,3.93823553270657,3.9868090571671044,3.609607088463336,3.981520971979572,3.794377329237837,3.681941280348048,3.453355252002027,3.735434822032338,3.4445104435356537,3.679492968662204,3.4726163992194103,3.9653541265342485,3.89513315923407,3.954978417843142,3.4217017843306126,3.955260139863008,3.8060265569655516,2.1853342415244357,2.3278178487692434,3.352836149702649,2.490538713707986,3.3814153112099063,3.926917896866229,3.731408909483368,3.6124868147098956,3.425815767288364,3.4398204422583127,3.3584845173448388,3.1346517034885575,3.9085880892197995,3.77420305468637,3.8141501144446384,3.5669530258490387,3.5616553720996595,3.4650672968995577,3.534915117712546,3.851979712417756,3.658027646647007,3.6052927101523213,3.5025008836810394,3.298735504346306,4.000523788112089,3.6209147566319646,3.616748412612049,3.644939558873868,3.8777148999733124,3.8644819010980282,3.4247890425087477,3.6482885293057663,3.817808203117305,3.6741444252468107,3.8863265264816675,3.7573473415909864,3.8374219636135494,3.430337749346871,3.5137506788741457,3.790748484724999,3.7528831718488984,3.3150224415983236,3.5128613318483586,3.545399137324229,3.841885294764977,4.020898697709463
4.0799248905559535,3.777088467817623,3.519512814972411,3.7271044895775223,3.767711686538708,4.096262475554794,1.7312624340483422,3.759998131904506,4.135773899327788,4.0374167033066035,3.911089415845073,4.155180449400864,3.6912866596339544,3.7338805390167225,3.69894431252564,3.6015903033389667,3.5080171268070783,3.789397044794487,3.6582802934480516,3.801168304989038,3.72431330987892,3.717568948622286,3.901092942723127,3.9315011481981093,3.97776402383861,4.0780965172802475,4.090691187551187,4.291342257287686,3.732852136974645,4.2786563347981685,3.7913717296726737,3.87275158680622,3.697759018859701,3.6282593282443103,3.781033975813566,4.1332494054617035,3.987323735797068,4.288202846030893,4.148444662170719,3.958972740120463,4.014315701910125,4.109412533157951,3.8034389272421025,3.971403023483799,3.905593490393843,4.1363235544148615,4.054562017373018,4.045226588096352,3.9732537245735826,4.043173356667693,3.881626609302709,3.8332823441099655,4.114856473209596,4.185307505030536,4.049415245817258,4.1604167017475335,4.075575385707808,3.9382931411727897,3.921499686479834,4.051847323947501,3.9311070886589037,3.7569011222836806,4.000956811305631,3.9226264326586886,4.014736068131877,3.8503774558227866,3.854452520302799,3.80570802458912,3.8396025263670515,4.09021500600322,3.700028730535659,4.262449498378184,3.866244750305505,3.909361263337809,3.6819014868870923,4.283105693638689,3.782345761192276,3.84265843747029,3.7071547014703254,3.8454105961622442,4.177049116777274,4.097799926092737,4.217248570720666,3.9545384824114915,4.216354696358372,4.342360486249997,4.134303301809911,4.297519018339405,4.081892554117812,4.059452235443324,3.9730808007429017,3.8491026395822936,3.8834825641173323,4.067756392457863,4.25075430666124,3.9920909514962193,4.055717220806993,4.0172123741697545,3.9027038695783816,3.962663185138887
4.206019046356432,3.597156261153487,3.3981669427391936,4.144669576811493,3.4051283843430067,3.0966999293285156,3.759998131904506,1.6725503908503212,3.3332474186442127,3.4373469520240554,4.057762035623431,4.015641238119289,4.1422596195468016,4.026563317857679,3.8853837965794766,3.847784669420416,3.968997407119986,3.666483196839017,4.087071320247505,4.024638755915695,4.281024398364776,3.9597177703676536,3.86954724776305,3.81341716892126,3.232194067198888,3.6346171323239775,3.934810616400876,3.9913184595463433,3.7525514291350617,3.8253450422606123,3.5704096864356862,3.930021312929892,3.5841874245981553,4.11747558866463,4.02792434935883,3.8944995121185357,3.8316642853374923,3.688751288522981,3.995255163668262,3.64430827864401,3.9830456248559734,3.9537207854560616,3.793448315192704,3.4168940865075026,4.077710051798392,3.5830211692664924,3.867360041304452,3.653557694644305,3.850639330331167,3.6236096004995453,3.6727094638754867,3.2357360786880904,3.6100105959088853,4.136071649915487,3.3303739388845184,3.473098552417025,3.3947751871261906,2.953830427087775,3.473558497448903,3.936866539317865,3.908193521353297,4.107000961858557,4.049560002430924,3.825598835548906,3.8987383392586334,3.9199076472453447,3.686466793214852,4.005961097197238,3.9082572582897908,3.353444916577955,4.00102143497088,3.7450190880083385,3.7986299722034875,3.636372998919502,4.131390646265465,3.979240630528833,3.2881799462576113,3.5830941652684225,3.67275639938252,3.8623184057208695,4.049885973568732,3.6270130411047665,3.775352734139604,3.414624941864774,3.6495402876330028,3.6899503163843907,3.8183705489619233,3.6977703254438774,3.814973421813446,3.4471222973386446,3.8070468535182247,3.6630426176769806,3.507334121380668,3.8599137069377494,3.6504799815890294,3.6275571871583314,3.4716138188194874,3.3619776323079122,3.511178330449256,3.677375927061067
3.8906218583627394,4.107157688672192,3.573821544534047,4.032593804041006,3.4441598174617325,2.7312955344952154,4.135773899327788,3.3332474186442127,1.6022455676038363,3.176694854435489,3.621144387736786,3.875019896091526,3.681528576848086,3.7018617094177957,3.8426602404074734,4.003030825400055,3.8544489635832506,3.401613415162223,3.968821271538719,3.669109685052961,3.8616909312868932,3.973973081552055,3.6910325680982874,3.534422999565359,3.538602483147395,3.5691750723423703,3.606488926180716,3.845316858877825,3.8832821053800943,3.5361412670904544,3.3927229010841082,3.6108247698342586,3.6619656439955155,3.6248110244805587,3.6994678166088755,2.6665591238683453,3.484699533991171,3.77019450822194,3.6301909289899084,3.602989225316066,3.65392965981218,3.751243865828467,3.898529472041461,3.4668345177149185,3.74952977992218,3.74413663522487,3.8989467626744325,3.554427272053994,3.6297827885393406,3.785752254860587,3.9082346833907393,3.4423251550842555,4.009529406450223,3.5805654988222115,2.7225694558105453,2.4338401116266017,3.6249743630794993,2.560716252719309,3.754935435367004,3.7910481354409944,3.7868266578966137,3.8441908906699647,3.786537084374828,3.6246390753016637,3.786578707562595,3.7074002120958904,3.2192316508302934,3.8518766150358466,4.013957927916302,3.860335452033662,3.9457736006451345,3.9891688410435218,3.647961870462531,3.5310565642020073,4.043956467985665,3.622247630691285,3.5750150079003102,3.5239476380464643,3.5929794191967597,3.5677391595499865,3.640374165525229,3.669332583986742,3.724836488788302,3.950749510248979,3.5424429726132804,3.7205408618006772,3.465757426803691,3.6305716707976448,3.0120387826957575,3.693588694726178,3.5475733412961774,3.3569388082826874,3.592227929520646,3.6772807015612425,3.9537663311502045,3.21762412791753,3.5832194225281953,3.5876657097016573,3.3590626748505517,3.518057692340182
3.724402002317049,3.957262741971297,3.7714535091862045,4.081915333490016,3.351051743507568,3.407103845126928,4.0374167033066035,3.4373469520240554,3.176694854435489,1.5512905714006378,3.6590233474167064,3.356580645737239,4.062548322583381,4.067688792065191,4.013494875941485,4.099303473695507,3.97444315396151,3.9925979288899933,4.09565163933134,4.197640772217656,3.9649169314782164,4.2896686694474955,3.6141642126787836,3.810834593229671,3.6650460952222947,3.628076639672121,3.8347635609658406,3.788089836644587,4.011801700940393,3.539831901045784,4.016916164335312,3.7844099753525167,4.1635602387190405,4.176144488022955,3.9899487026303087,3.556614083389557,3.903344915762311,4.151061803621673,3.9207009025714084,3.5960377882262398,4.2213187711861595,4.199546997227581,4.199072748964539,4.11054904408873,4.089871306551042,4.103142135742023,4.164837302332473,3.9083411284731584,4.099373204877367,4.006407448204518,3.934389950168089,3.555291124959638,4.226225999453162,3.8144576430300843,3.6026241385631574,3.505319905222875,3.8840936692373056,3.5725066866362836,3.5134546542879064,3.809254376210671,3.821523344854921,3.976599110332693,3.592278539990464,3.9957645173404637,3.817438070669471,4.081294577838371,4.342431413840326,4.10189384386357,4.068235989568488,3.9914028716093974,4.078506622132935,3.824862960742024,3.775240958673204,3.6917669921609253,3.8076306506533695,3.7543985337599324,3.602015359596474,3.452594251186841,4.151691584022696,3.6858717500218123,4.261491265584559,3.918823450356722,3.992798142664653,4.020166740528748,4.0712918920548695,4.024396469067222,4.0338464251674315,3.938582185442421,3.575070257314921,3.9983792873034933,4.316857227207719,3.7695855167619206,3.541170468993195,4.131716002801127,3.9687755663578725,3.8104000098997672,3.9201067767203392,3.9790615323809106,3.6108824064790928,4.011447622358923
3.8018539150922424,3.8142035753178516,3.6796018771060797,3.883084486482472,3.732056561290188,3.800066735264145,3.911089415845073,4.057762035623431,3.621144387736786,3.6590233474167064,1.6240232740434577,3.6661274996015973,4.020917396837326,3.8641183131675922,3.980056444225422,3.8195158312598916,3.8824663396614367,3.88794765853216,4.011143856068381,3.8462467603857644,4.157390203223913,4.1414636841264985,3.9057132403604307,3.883420888164484,3.830826330179824,4.118624490626082,3.983067322479199,3.873275249324857,4.002327506412524,4.029719210771389,4.168937661651578,3.738675158857112,4.1881041326177,3.9266824777987064,3.93753513534034,4.075579723714644,3.959285585261923,4.294779765004522,4.468852088197665,3.996241293440894,4.077289934586337,4.071419297194682,4.153624013397044,3.997292568129092,4.282892721144162,4.156834801699592,4.177633461581551,3.8351908173933817,3.863548994832511,3.9116448958617784,3.9522097256610516,3.766339927253568,3.701394885645648,3.7773963091570963,4.088989990623107,4.049156961402434,3.9735566474192194,3.9833607997053333,3.786901837862858,4.164870172033239,3.575968552340101,4.107402798114647,4.11826950428236,4.155781101748597,3.8986273644918454,4.020867841285871,3.7131810171889152,4.143873080261827,3.943830682245348,3.981026034118457,4.155736646428873,4.335966281779043,3.846426956904158,4.166205891670455,4.129246970258248,4.347582765686322,3.673762058658961,3.8047084364200745,4.242216666900523,3.395354455243287,4.1666386701976466,4.049399176844068,4.038649442167664,4.010055989081371,4.06593282342502,3.9812187375687964,3.8936329461345784,4.052930201536881,3.766952872843418,3.9235362967589267,4.088269443363455,3.6993624189292236,3.781669222011119,4.313055290864656,4.177114740769778,3.9920855501634565,3.8342520497253263,3.759507108609761,3.9040279886756193,4.075875294863926
4.000438010688212,3.915952182948007,3.8929428091978346,3.9616637047485526,4.1745070916078175,3.762579598659292,4.155180449400864,4.015641238119289,3.875019896091526,3.356580645737239,3.6661274996015973,1.6682280586913516,3.642958929947074,3.8547149003027616,3.9488563477770446,4.056030083589815,3.8915754396938333,4.0650510696086135,4.091255245372972,4.200836190983716,3.8945188294750124,3.925428759307689,3.729234452532507,3.5333397631384638,3.7265401897087274,3.3188921649173877,4.182007033855725,4.0191710294164285,3.9509180393949936,3.2465111480602213,4.226296068333401,3.7917089778338506,4.029336359833688,3.807669337246474,4.097253139128627,3.8417755136827973,3.739313543432998,3.7935055386084637,3.7705829381755276,3.6618510668945334,4.188519458842405,4.156324622186408,4.094696108322562,4.1312598345733464,4.188690092703966,4.0922645198927325,3.957407265727812,4.296095442594419,3.858845754220472,3.905852885867952,3.6935816045779686,3.907786918014227,4.275391916752055,4.28446043772593,4.126866667403144,4.088157454189484,4.27292813989714,4.144447647375301,3.2538792027998173,3.8975243204795755,3.054908493152105,3.8282684022789524,3.454942267066394,4.059912092763798,3.9617194426169733,4.1094645604281475,3.948450447220464,4.16138895406417,4.010522753095289,4.251121543405203,3.8817844860016755,3.7046515106760847,3.770182879409016,3.927456576174279,3.676166962591629,3.3928287645844537,3.9109862148891232,3.543515843481522,3.9106231836399528,3.663156600089116,4.110934563503966,4.10904059832572,4.256630419038933,4.012419366175854,4.388735330376248,4.197227263418342,3.89006276437212,4.453117146929902,4.035350510019198,4.427310311995974,4.379995996384075,3.8327531278541604,3.907355092021153,4.327799928147689,4.087679423233334,4.200541641414339,4.173318291728637,4.413480658556624,3.889294376651687,3.878556815766409
4.087744701838546,4.327644390985763,4.106060999984843,4.01779617610586,3.8956047244386425,3.6570848834991123,3.6912866596339544,4.1422596195468016,3.681528576848086,4.062548322583381,4.020917396837326,3.642958929947074,1.6590426944657937,2.8722300730415165,3.154429471003022,3.572044136463036,3.0348524425214327,3.741075757609211,3.189546074753893,3.932432624174062,3.6161384066350255,3.5105817986932424,3.8289396663469986,3.756188611091596,3.4145404657559326,3.5978352915557403,3.5472546982614293,3.7716989815189357,4.121201247484106,3.604797500946087,3.6881650121869223,3.3778230502938147,3.403300554458946,3.7316990443189653,3.86282521150294,4.14183240093398,3.940427883004678,3.608551666451846,3.761185931128677,3.6626627883949907,3.7209856303704245,3.881444346305369,3.9917745283842563,3.2927293993960083,3.6673680637359247,3.36256449983877,3.6719952903443227,3.685740578581834,3.5239960112848823,3.794708138562549,3.9581707375336523,3.8888490041635713,3.7713308920137467,3.5077415827842358,3.8097686935067223,3.9948545770089234,3.750854293780676,3.732760494714652,3.376996872778612,3.2565166797067344,3.4855726898240698,2.9051075818875107,3.4261631827872217,3.037173741705419,2.927648853142624,3.061393954444248,3.655916554290764,3.2220875921341054,3.6080117197849684,3.8061016083728334,3.5571565568848063,3.4774335373422054,3.6406421470798276,3.734347655953373,3.758268543128722,3.8614822925116394,3.6611986040505604,3.498436873254691,3.605540124134774,3.481563694827219,3.7460405608952447,3.713312942796598,3.9854131834354405,3.6918163763813365,3.534221903899637,3.6506085541118525,3.7645705972883023,3.6699121436980606,4.170567844390678,3.8274315948669364,3.5436189435873677,3.201705163831715,3.4554938873631045,3.6453514240170097,3.8079783927411923,3.53713920866023,3.303290931409578,3.6025957055051476,3.4176410879690655,3.5529842255213047
4.085257573214448,4.2809634732148405,3.930338820251701,3.9607706840221666,4.007920274306801,3.501050171118092,3.7338805390167225,4.026563317857679,3.7018617094177957,4.067688792065191,3.8641183131675922,3.8547149003027616,2.8722300730415165,1.8281460707044674,2.6914955408639356,3.4527332784338385,3.0607488409237447,3.6559720273439416,3.027116118366971,3.4590189698320524,3.7541774652639153,3.4754500385198126,3.647649619599505,3.629148940564044,3.506985928103322,3.6449879635610367,3.9184568074602106,3.7684413363965095,3.5138342405941403,3.9406083530213487,3.560123294682149,3.446588192057728,3.671398740808996,3.623585789102748,3.837683244485666,3.6683627804755776,3.8256865829043196,3.694957115531893,3.6760702983533458,3.920118298372496,3.6895807615595118,3.8258727022300736,3.6704162630957993,3.3467074213766166,3.836296798266067,3.624673717862869,3.8541737046902105,3.6762162257876323,3.4173650099548674,3.751338970853132,3.5699835442674206,3.751326911816583,3.670339382562956,3.819592605028569,3.741748691256305,3.8579707593853287,3.909830316880854,3.6604898887744945,3.567521565921078,3.169906172901256,3.238438423884632,3.168079950967616,3.4964055930705613,2.5630223684413025,3.016140580801914,2.607198203806845,3.7642072352184752,2.975540979840342,3.551417401500418,3.9557324174152484,3.702720219135146,3.70151294067723,3.637647943772108,3.4537507922289175,3.574521397488862,3.7161204715234972,3.41846439984393,3.509424418062391,3.7364077325375873,3.3599000275106605,3.9002552254436083,3.8396823615940865,3.907056234425323,3.8711976337243392,3.9498661137845343,3.859173715379602,3.782702352499289,3.9472882738114072,3.690969677371105,3.7438561478405377,3.5718591221385845,3.4260934926900757,3.4374990090188464,3.4916159935859743,3.6321688050021055,3.762991360543273,3.6431034825147037,3.7387244348909303,3.55594125217385,3.7169931861441143
3.9759353569686495,4.121911652525319,4.007451670897512,4.11054479009165,4.028272507961167,3.379912533395586,3.69894431252564,3.8853837965794766,3.8426602404074734,4.013494875941485,3.980056444225422,3.9488563477770446,3.154429471003022,2.6914955408639356,1.6199974455612285,3.861227133746811,3.607750792383208,3.8530681733358265,3.405457449455408,3.708717277945594,3.65212478053479,3.79050184193804,3.716219651006166,3.980841351703846,3.6776200014521194,3.955222208897641,3.8276292907386007,3.6640735222980507,3.4821666494047516,3.3420196683757633,3.6283970653336644,3.6129251043429904,3.426476596566337,3.2952217702527213,3.690090374653442,3.6517402059147446,3.4240674955807022,3.542452901544633,3.683171873383658,3.8506829207593603,3.7857137180575746,3.7477533992418928,3.7531084810937725,3.4770551450418155,3.8593015776825,3.6394856413195975,3.908229063598076,3.574229677363548,3.922080566810098,3.7033061450377596,3.71868052494871,3.9027808685232688,3.9033473079641157,4.146245996009647,3.5880194974456154,3.7773397758835277,3.9697843738111787,4.112820234867158,3.3088637340078217,3.5727773064222026,3.425013340659872,3.2337356722056017,3.4542874199951146,2.673251469584556,2.630720437092977,2.254636616718243,3.784730759168039,3.171345313735924,3.3879764038397253,3.7973177421220714,3.6615362887191343,3.468011531847357,3.609690568676225,3.8224605617278207,3.7695080370805636,3.7679017770041345,3.5993367297077574,3.2515533736097346,3.829702834110166,3.578317701328234,3.7494107086095876,3.686336476703867,3.571155917482858,3.925256582878907,3.6643534841621284,3.6811791482938157,3.3907806922979153,3.6766634654011394,3.8596738711367378,3.7411305424979475,3.504243386284815,3.5189432989622897,3.7043556130740254,3.662046471639507,3.498134685643578,3.558302513765545,3.737643349089691,3.611622463838186,3.9414782280040765,3.7534224072989537
3.666960946578465,3.3001544269302943,3.7056621885791152,2.9592817076028095,3.429863023549966,3.8182412209072756,3.6015903033389667,3.847784669420416,4.003030825400055,4.099303473695507,3.8195158312598916,4.056030083589815,3.572044136463036,3.4527332784338385,3.861227133746811,1.6601537161130262,3.903161333106385,3.229978934078146,3.7606315598157516,3.8451893207592067,4.121759885192983,3.6327967679324398,3.781875554866559,4.191431698821515,3.5877309025993527,3.9376061710932118,4.052803681224158,3.9707802054857533,3.60253545088389,4.072190749269467,3.8310666504249244,3.547139993555692,3.8011472238613986,3.6659281991694526,3.6165276905073354,4.173426939813796,3.7887298390564594,3.686463591567974,3.9399323208546733,3.912518799471821,4.2095989524804445,3.746140514730633,3.7040767267604124,4.053470802011315,3.7231337090842938,4.155998653270283,4.1955346114501335,3.979868563282923,3.994490063738385,4.098396827173537,3.5444046662546986,3.799299628494265,3.3373720455877294,3.6299895871536303,3.8245791673728267,3.9293647750577403,3.7623711573894094,3.830129774270685,3.871325373552972,4.102596289222774,4.064319978488187,4.12391967369364,3.9701662922099357,4.179751426153971,4.083949225482633,4.0063174546714855,4.038877374956278,3.9865840542620288,3.483977709644065,3.680218522619478,3.6541447280845816,3.3758971164586553,3.3845181393409627,3.9299402970327133,4.061730712015152,3.9980933639371496,3.8713203636894686,3.488625259399673,3.810706265870223,3.3281634441589967,3.6575836751340787,3.8152724171564554,3.7145580473558764,3.689836629782051,3.7936969446452973,3.545301809368124,3.71804028219016,3.638093805080635,4.10379835851281,4.051598463940609,3.742085777033476,3.416460078307954,3.983966699130576,3.7557009709338876,3.8746589098190674,3.7133185631881194,3.869307427972853,3.70067964822558,3.7788100934300934,4.036635498124694
3.9294826513857424,4.0774573666633644,3.8209281744835537,3.9081912858075296,3.9153194440628023,4.040265767650407,3.5080171268070783,3.968997407119986,3.8544489635832506,3.97444315396151,3.8824663396614367,3.8915754396938333,3.0348524425214327,3.0607488409237447,3.607750792383208,3.903161333106385,1.6786955680548787,3.4727278824101826,2.8317518215606547,3.6859761348793256,3.4875373490238224,3.882614962655776,3.5457809205311235,3.642827458949961,3.7634647953871094,3.868414533280075,3.747840297746472,3.9073003687748606,3.734037455682702,3.905930314376603,4.048057179176741,3.69925634262867,3.6187760218487997,3.4865861925397152,3.8027560532503393,3.8613006094702196,3.765707773135716,3.872114480893069,4.122432130144861,3.8124808967311896,4.013581710513883,3.931381694940116,3.9595977936022058,4.039430591677803,3.78367852920624,3.92085797821005,4.015456771714642,3.9216614669476324,3.8844600261245184,3.93572271664108,3.959306501106106,3.7168665271904398,3.88809184116131,3.7291219709365135,3.9325736328095418,4.177299075023641,3.717405973656123,3.971941818617784,3.470676781250482,3.783730881844444,3.6009338134097773,3.8050628977717555,3.551965819546665,3.5009916371420635,3.400593736552515,3.5176098363785133,3.772829791415554,3.3829322029549607,3.536362356990034,3.6588918227677873,3.4322807850708776,3.772745876575405,3.4381070262672604,3.831486887936073,3.23781956645579,3.8025952647464023,3.4121322143796515,3.467102439147799,3.9646650875915967,3.547149894726284,3.943937592711686,4.073977238532443,4.107573506623513,4.0983753779486625,3.854082684489314,3.8606415942777197,3.812145183594638,3.9819068598616525,3.831917687087383,3.799019485763929,4.0617945312215635,3.5715136173569304,3.9071045859432902,3.8779147635601885,4.144317934344363,3.9011573319837365,3.8321553655060803,3.929293987754256,3.959238781835689,3.814791353048916
4.058722940850531,3.983888436954354,3.719558835708227,3.751828606400832,3.821162447133108,3.6072198628018333,3.789397044794487,3.666483196839017,3.401613415162223,3.9925979288899933,3.88794765853216,4.0650510696086135,3.741075757609211,3.6559720273439416,3.8530681733358265,3.229978934078146,3.4727278824101826,1.541883556783632,3.7015933699680463,3.7831929921648464,3.5037656882665176,3.758567901925729,3.8809503273471146,3.7946600304996596,3.7134479887161813,3.937314733944226,4.4245507796413985,4.18740472019769,3.8748632646930288,3.947629382188653,4.168405118890055,3.5026310030407704,4.625153472829581,3.7082235493007714,4.025815333139246,3.7469683757954164,4.063398643192476,4.306025411744978,4.16411658835582,4.2283842738029005,4.323075659645366,4.471035224701096,4.220638337307521,4.0885944333900905,4.583517388873407,4.302973529816945,4.542249508090724,4.350670413922888,3.8080535871085788,4.202031824220517,4.305836568928419,3.766221560537629,3.2326596360982642,3.919275967819573,3.8906120480996935,4.041528962374725,3.622364847291211,3.8780878876018785,3.786270611740291,4.079377808197458,3.938528318905389,4.115336995073239,3.768855209772828,4.069889300663666,3.95761766055854,3.8862642669767773,3.6499999822803493,3.7452916546317385,3.3099919874547266,3.0473458810970806,3.5577279652242404,3.8694203904679716,3.4555572348877353,3.8451036452084932,3.9212282375801677,3.7494860009777913,3.8680898671768453,3.819750727716979,4.286762847900899,3.4382119350958016,4.216489150937291,4.561044874679293,4.236044252814227,4.1178390399275004,4.4568331677762085,4.035334639541514,3.857001841519396,4.584095878996046,3.698657341375991,4.211705254263692,4.132190383445157,3.8301291812866523,3.8821013734922425,4.068740712597417,3.804954591835293,4.330650278147792,4.320949653250495,4.348865731823805,3.379661599524699,4.244287211638775
4.265028204631205,3.9415470361045926,3.738741106917366,3.8305938602870397,3.9580938128756604,3.652537239141319,3.6582802934480516,4.087071320247505,3.968821271538719,4.09565163933134,4.011143856068381,4.091255245372972,3.189546074753893,3.027116118366971,3.405457449455408,3.7606315598157516,2.8317518215606547,3.7015933699680463,1.7090011442972863,3.5542923022770077,3.063424086729379,3.7252601897363253,3.460316604255978,3.804275132755359,3.4495873934819903,3.7331235335958994,3.7436826720096357,3.7138719724457805,3.6435777711487227,3.627470794887264,3.9318158371162295,3.77249946386121,3.593674997749685,3.1593491468911874,3.8097006066322647,3.9313689561308682,3.6393016479740212,3.8333033514650894,3.9698737870514544,3.7803178067765897,3.7795054992894768,3.949004979472552,3.687816975049668,3.5271837206872543,3.512183309378302,3.372967814101611,3.7769603583848768,3.4402833356360314,3.706789647743895,3.393829713391902,3.5235717573016223,3.9649644935807484,3.8140004043537186,3.6441724021461743,3.5398082514872593,3.7754820898060713,3.8192638284975717,3.7654677082087056,3.7293158658639993,3.610114058687117,3.556680825969746,3.199356628796497,3.376336555752667,3.2065122470582472,2.947962757166945,3.035330067616669,3.6419532881856806,3.0068512919640633,3.0521091693794,3.7090784765035405,3.079938222916505,3.4563821366206984,3.2122569736745006,3.7597896350786875,3.0556850620616087,3.744204736174155,3.2754748324461906,3.2320053361455456,3.67281100299752,3.428011065310625,3.9637238308711527,3.55812800814633,3.549667369187818,3.733208605422735,3.8518070563252005,3.7422526998828616,3.6836245609235614,3.960155139988356,3.8733354471409642,3.57768271204373,3.423426330966591,3.679988665283111,3.8504825850756434,3.545279224481324,3.6300697587135304,3.8072729539128845,3.544387393871683,3.53402004110502,3.914456414533062,3.4188033467144026
4.016976120286789,4.182907376887537,3.736141926747969,3.8669657063663405,3.7758009001456765,3.8082305477638325,3.801168304989038,4.024638755915695,3.669109685052961,4.197640772217656,3.8462467603857644,4.200836190983716,3.932432624174062,3.4590189698320524,3.708717277945594,3.8451893207592067,3.6859761348793256,3.7831929921648464,3.5542923022770077,1.5573083210609517,4.024408728437455,3.5939470361024046,3.2996562758013464,3.846144315293493,3.9144913651156514,4.193735875182872,3.493324294739904,3.69064888643014,3.2926975208682596,3.966463099131713,3.969588656904625,3.8613242965070955,3.6408035266183414,3.2647159270506947,3.4593499431874557,3.5704191001216072,3.342492159223893,4.052882699841771,4.07762132629643,3.964355628818968,3.5260674130618517,3.8787062602841917,3.828103858882676,3.4911958754485934,3.5956966443889775,3.630449325471168,3.6306842573258824,3.684157714908023,3.630575999175378,3.559470656526558,4.13172813628155,4.0630341905579375,4.123979963851172,3.7889784844347165,3.984735205648038,3.890855517805232,4.221349919648917,4.114472652163622,3.922947751173548,3.982864947050309,3.9813646330107098,3.8964204196805867,3.915640699130716,3.8423647779232173,3.8690232169689276,3.7960181770831696,3.2512226334333265,4.067251015910712,4.091967281686128,4.087781916393096,3.6450819225326643,3.9087510662983402,3.79177324544979,3.838863675375443,3.7742207629781275,4.389206440135711,3.4040796065329606,3.551456090610237,3.834824006592612,3.511164907050471,3.8830666393623416,3.8625559699515195,4.140872359129985,3.9878865884379597,3.7314084575230515,3.9902395311325916,3.6119615125030933,3.970909561922062,3.2479894929884954,3.597543123871568,3.2182711161041677,3.711772237692347,3.76294335053816,3.71570890286447,4.108653555736772,3.632405843816939,3.438610825262766,3.716161848192255,3.6358045373834327,3.56116481398156
3.9997168101848053,3.9057840194506137,3.6583768235960146,4.039776221364917,4.071818101554812,3.74745142956793,3.72431330987892,4.281024398364776,3.8616909312868932,3.9649169314782164,4.157390203223913,3.8945188294750124,3.6161384066350255,3.7541774652639153,3.65212478053479,4.121759885192983,3.4875373490238224,3.5037656882665176,3.063424086729379,4.024408728437455,1.6054385493539336,4.14150964012747,3.2703557843146194,3.845546331297952,3.7026367940828298,3.7768236662674086,4.06214037282264,3.9444811495765397,3.652510292235908,3.7749062405050373,4.119255550779962,3.998594678492074,4.115063306173922,3.797805359507673,4.054991829060389,3.8595417811535357,3.8802482662893683,4.280167588202089,3.6019413075946964,4.093507511961823,4.050511758898592,4.284882735710989,4.146749940128731,4.241645223527616,4.081990614535121,4.092591022948352,4.427937389179521,4.288215602842902,4.1699364193510755,3.8857458800533005,4.026740673702396,3.967209980592304,3.917605663935622,3.774948578136298,3.9991001525653136,3.875492826042449,3.494285342196725,3.823665727277864,3.694369270797386,4.0929168051351885,3.805589316314068,4.39563539940246,3.735941347323343,4.055695399155547,3.29909335947754,3.7113037480854487,3.933243198888472,3.801667624615779,3.2989701313426267,3.255297509716261,2.8890148561800313,3.8434339863123377,3.35346549316812,4.167706423593473,3.1836920473409394,3.734254180800073,3.811861822034199,3.431699639932954,4.193508401420063,3.8824220702818324,3.893066651446659,4.114167316176019,4.260505649436947,4.079743613467764,4.215282901813007,4.175438083955207,4.190613473372633,4.1586221991774375,3.9628897965493075,4.31167812946421,4.27668962064896,3.6655847192714384,3.912675918272496,4.331075027940579,4.151009503327408,4.265735864414381,4.053289335648339,4.221428976430599,3.8513674076322855,3.9222603955938817
