0,1,2,3,4,5,6,7,8,9,10,11,12,13,14,15,16,17,18,19,20,21,22,23,24,25,26,27,28,29,30,31,32,33,34,35,36,37,38,39,40,41,42,43,44,45,46,47,48,49,50,51,52,53,54,55,56,57,58,59,60,61,62,63,64,65,66,67,68,69,70,71,72,73,74,75,76,77,78,79,80,81,82,83,84,85,86,87,88,89,90,91,92,93,94,95,96,97,98,99
1.7187763725080007,3.821628436095794,4.127172297973136,3.94161540716909,4.149350767683085,3.7597412002453843,3.796152962484317,3.901823356086923,3.906811783488446,3.912635265411808,3.692251776993352,3.9439459157836887,4.192226290006684,3.6975537895253527,3.751647257779933,3.3926895075786327,3.8386227099357684,3.887723506525962,3.7728807513743634,4.135635955065106,3.8852569427162127,4.167065592134601,4.342008551478078,3.8853920378923292,3.9646921295106745,4.034604863534506,4.171456779968303,4.182073535857709,4.25412056533662,4.092898222085193,3.926645196477112,3.776834259427582,3.8722622446951873,3.680344904730163,4.314242193762269,3.961978242473225,3.963275890979954,3.0844972190801925,3.6253091171305694,4.096066062175549,3.4851877937255202,3.9721873253480173,3.701032348021767,3.540346335381222,4.18981814592658,3.505678057760804,3.750145569847083,3.6338856872407894,3.590701977973334,3.8873178347934605,2.7396814743187408,3.946964627080671,3.859751929103194,4.059809672990369,4.007596605609228,3.748671544732411,3.9577284965012107,4.051596181088381,3.752185388606401,3.812554537034875,4.062514482069375,3.945478661897068,3.850580335281211,3.6198765189162434,3.656679624073305,3.8772521888794427,3.8239305033632163,3.8330233316629436,3.568091097188157,3.8502953906302193,4.126379490210566,4.057498443978212,4.02539131082632,4.309235755547568,3.855830987716838,3.9578205144777727,3.987448454885988,4.0992436311185685,4.1002329853957304,3.7469664375231013,3.785744066508913,4.061552522575327,4.080246310084377,4.215255677390912,3.9608968454394105,3.8184330335854617,4.077253869277441,4.038783468998469,4.274440014260562,4.299999815544071,4.0791470090683255,3.251159154960789,3.950302962401753,3.9069862361241863,4.382912485829933,3.703348083431463,4.088581338492639,4.208113701786509,3.266046599092078,4.178417122344131
3.821628436095794,1.6634944630358914,3.6741867570182327,3.218288883709048,3.740987393395128,3.292359211059818,3.2599234038511113,2.6393613412920844,3.2716416958817516,3.557404615842196,4.228280381116867,3.8064884452789474,4.027444614992223,4.304397133396976,4.166750616272427,3.2065129948073,3.886561806410856,3.2605581361025644,3.9738132179293686,3.7165675888888097,4.091055309466792,3.736263423598621,4.007692192400521,3.6835343858470635,3.4272914876934286,3.544412586464753,3.7307881044156943,3.62217947826759,3.7172736044491694,3.7409758016339185,3.6562139138515692,3.739637878663613,3.8377606307542744,3.8390482180454257,4.140635271471465,3.8309783141255576,3.939862769642405,3.910471011153865,4.207284334457335,3.8654044535264673,3.758013111229693,3.546971290828994,3.886120586142652,3.5657288985948257,3.559064434305618,3.61934268463422,3.947143908148584,3.7803313729104233,3.483922768176899,3.5719003989414237,3.4602496632599333,3.0815067584267744,3.3414317784575807,3.218798597590769,2.9746683301254984,3.4748176699545104,3.119210657705719,3.23682005387916,3.525096535572621,4.024338620674193,3.781477447966456,4.1240871499111895,4.11457741046249,4.148075048036702,3.977653923381004,4.144963295885341,3.707747183342049,4.0762753852007725,3.6606981182509464,3.478582999223265,3.8434793594248453,3.640590447781068,3.908616655459956,4.000474529609535,3.874228976741319,3.3698263490887843,3.5379659875782967,3.4314359773207044,3.7654543018751396,3.772538024112842,3.747721205564671,3.550845139710162,3.610805872084241,3.63753903020344,3.38558995152919,3.445079765792444,3.71719304379109,3.460743236505159,3.6064759755161115,3.5719704206097296,3.90886420478767,3.827603691715723,3.8597343630843968,3.802348186691623,3.6670933884532135,3.799036341734651,3.7167905838175486,3.624453221403015,3.4559404000775964,3.755995883361988
4.127172297973136,3.6741867570182327,1.622249388657848,4.0087198916999744,4.235520548667937,3.2426764501900696,3.7445570242847324,3.6609416792340044,3.690776982051745,4.423318501505493,4.434500185969196,4.040062210649466,4.3550754188171785,4.382836294132351,4.396263795589796,3.805695415388945,4.150500105876083,3.7590023924215856,4.234698648780148,3.785232538297871,4.146764969420376,4.454915529715067,4.19512259048129,4.228798986623264,3.9887805631236457,4.233515879142979,4.036866268634092,4.222348919578305,3.7977866196406618,4.476385915352732,4.273667163753136,4.452188802325598,4.320077898911591,4.258090151876698,4.1496380785917495,3.888212085053283,4.024608617095069,4.565865330857964,4.211793583015313,4.395498154184682,4.163257040740912,4.258362669232889,4.129699495046529,4.388968849708509,3.970039722111013,4.375776143407441,4.015771065710568,3.9205768961806218,3.9249095644996803,4.492567212139417,3.8801495181899455,3.592440966450193,3.942896277485503,4.0026725943638795,3.402410560242438,3.354602822170763,3.8671545643877936,3.741689103091786,4.2059299193235615,4.327359694126897,4.1040781417819145,4.301671577584662,4.481828921862365,4.392124613801324,4.31396580871994,4.213931724785841,3.851713298213458,4.249248850282073,4.24220726496258,3.8611248254328885,3.806670999390823,4.377625580221595,4.239827111953633,4.278974183605831,4.104019047987333,4.118105513847052,3.8288784674305023,4.217587748502209,4.153933126512755,4.332267898693209,4.2963003110088716,4.2755015715473625,4.217833931496137,4.331986893279648,4.237192463620136,4.1215044543270904,3.8879010010108055,4.260436405368632,3.639938713070619,4.157410044203124,4.527585908694467,4.425572239299156,4.458321828194004,4.215549609773901,4.354666141122182,4.613551246292719,4.216236893561398,4.079163242873194,3.917668996616235,4.4420513359533125
3.94161540716909,3.218288883709048,4.0087198916999744,1.5230332434609113,3.830704083531384,3.691186563555271,3.740817837864291,2.9835781359050606,3.77833823002212,3.891099946817188,4.040230762494645,3.275803033767447,3.5792626134168453,4.06884147297228,4.147747675246673,3.647817453143758,3.6800363319600553,3.376313190339488,3.65543361401646,3.7567727681830396,4.104292000114115,3.789504961661515,4.031251915348068,3.7653579814046436,3.8852876105762735,3.665773275292313,3.862747989487389,3.9835221753467382,3.7042421131183687,3.8555934548709576,3.6519161182888586,3.825258336076226,4.301264900939811,3.352934008441827,3.9670380310649196,3.727495924625677,3.937196342704995,3.525640975571062,3.6616532133813284,3.9175699412167484,3.8624143028281392,3.896381476721906,3.9324661137678616,3.9668894184290893,3.9927906979814907,3.5978959543288394,3.880575329228992,3.6845852051333,3.999415481598932,3.812724892440086,3.99300833096494,3.1674262776917645,3.162985980766267,2.20825038279074,3.325639839362373,3.733092543572257,2.9023490340760114,3.3632990407980405,3.782258487629034,3.8739704302184803,3.4261808578805413,3.544196359315989,3.8867136779412634,3.774164965144686,4.057242749250261,4.080445325265303,3.9970062762588796,3.663548642252808,3.5710806487167286,3.4365704591777373,3.993109247436332,3.955823667500201,4.072361755179966,3.732224148194754,3.9846539055520815,3.56011195848046,3.828435176696565,3.4546034607256266,3.510525663024483,3.8694655984191333,3.818289525874059,3.5681217874570166,3.9585545715283326,4.026187474851711,3.543441219932773,3.7986672646235125,3.6248025542276077,3.703182011073556,3.603361572771927,3.533221008488441,4.2442581022352055,3.7810950532447656,3.8389605836812835,3.6885460749441474,3.7996511848915033,3.868124446849772,4.004421814386949,3.8797217427428414,4.055946271216183,3.9193439865948294
4.149350767683085,3.740987393395128,4.235520548667937,3.830704083531384,1.6911112835662803,3.5777088870133884,3.927657633321923,3.847379021330805,3.871660236323484,3.894657364530007,3.9530282111868145,3.911988079473738,4.161428394266639,3.9106051348627466,3.6314218607597852,3.822935810133126,3.8485337733663836,3.856011830307884,3.842509738209296,3.8787504492851,3.9408955497695484,3.574791173922252,3.9906469092298114,3.6842076123613667,3.9712422622377264,4.068319187497695,4.227749571279888,4.075908049027043,3.8251323271327915,3.829933604784101,4.083520762524142,3.9420626895893,3.6576167166060163,3.982390875031427,3.9772744121140136,3.982001357009813,4.0991226738330395,4.051669755624159,4.00335341496412,3.7691706237513354,4.042729623015713,4.309334254714539,4.123807023324274,4.319087009463517,4.022948498421345,4.229174855386964,4.068320257960258,4.190183231659789,4.3507291438292395,4.0854802282760385,4.118461469380806,3.810199766896027,4.0185811817095365,3.5191036293422964,3.4574808088772144,3.8878675545968857,3.900817144442145,3.733110029232443,3.5508680523337635,3.769674078985656,3.8213920807756314,4.096672726015981,4.120345215918836,3.6335140934775234,3.7645800435358594,3.811190257470541,4.021393491127482,3.7118188940220764,3.6026166386223473,3.7261680977202194,3.891111401091736,3.397942918988545,3.7080749240355853,3.939119860618549,3.816753263127648,4.020802321769196,3.820842004894466,3.8623033151439867,4.055549025570642,3.952248314843287,3.927439659308406,4.09871239270248,4.106246236734372,3.6755128054663606,3.9086939365786053,3.7499806941939466,3.803654544352344,3.8380670233288474,3.889787849604988,3.7920299390500682,4.123417484766301,4.04283556293522,4.044707898994935,4.190135177763978,4.2222804762132435,4.03174091352679,3.94145889696771,3.953260156125088,4.3894080790209475,4.178991567195543
3.7597412002453843,3.292359211059818,3.2426764501900696,3.691186563555271,3.5777088870133884,1.6668210057431796,3.722522398455617,3.231579264382394,3.095654583534293,4.036641920978863,3.5805276636046384,3.598945940853761,3.6587268712481853,3.8214990360227947,3.694567987706447,3.423899145159189,3.6941158975157165,3.3516848081219903,3.9417189798852146,3.705429468620657,3.9961109831292716,3.6877213623459415,3.666854665854519,3.8878417242685215,3.8594337365928517,3.5802850767711782,3.785985438520334,3.778555394947552,3.659959470957008,3.797660844966754,3.605229409114785,3.8190020844294064,4.1604301626075575,3.654194564795641,3.8006233783191092,3.4713519667899178,3.8193202945667193,3.9401849189980918,3.892809759312063,3.9889104270426947,4.0011128911818155,3.7433480002483415,3.947418537536059,3.8237164103694505,3.6163692819621898,3.9202951426002763,3.844252693904028,3.8245097557458925,3.499533109975262,3.9465753205858394,3.7502633729625026,3.17964789904002,3.794336535012303,3.521528188729471,2.3147492475351528,3.119661340585016,3.443319098874631,3.1792889600348135,3.862089565144208,3.6150813642755044,3.7714038564478853,3.7169067901606616,3.642451924115903,3.567663016688017,3.6809358303115056,3.6515392364567925,3.7599066649542707,3.685972501373175,3.691981111930389,3.59509948124045,3.9183154610893167,3.798187171629619,3.698337206574905,3.7794788253815543,3.687512179036368,3.6706517813488406,3.62073602517882,3.761529027463381,3.8672180065943547,3.718740121881031,3.9027699216177822,3.7992572895753174,3.7906367653810924,3.9067033760466945,3.486115777505509,3.7944024094446087,3.761210826144828,3.8187146210207983,3.7479030186965723,3.7730887494896765,3.7885777830326175,3.7022323941095623,3.8604252172194164,3.7007695826899645,3.675895243055814,4.02201168886845,4.029826523165261,3.974788562725372,3.5030384769840253,3.891547101458948
3.796152962484317,3.2599234038511113,3.7445570242847324,3.740817837864291,3.927657633321923,3.722522398455617,1.6833627613398645,3.148678885219832,3.943865809387539,3.7679972883795485,3.5311436630839474,3.3415287296918996,3.5132463691084683,3.6324722258143867,3.531677114927168,2.695267563895159,3.5072700372532966,2.912568929343092,3.802903352327378,3.3792856162080964,3.4042071308403963,3.335189881459695,3.6241233473054444,3.4664517034510243,3.8747282195773707,3.1728978849262544,3.4748304160291132,3.7443229501384194,3.478218193089236,3.794754946721139,3.958281308335728,3.78343054019274,3.926882094947274,3.448053608544348,3.7829929008472867,3.4944647184448745,3.547406296315023,3.822452362629854,4.191943948060709,3.448149603379414,3.6377145745931836,3.762667477197758,3.932669804790011,3.5215338297096843,3.8733953286303606,3.6539250277183495,3.825248152657391,3.3412045770476264,3.7457078665929275,3.2868888769841793,3.4617894798480258,3.335282384488646,2.689840086084593,3.524136444605207,3.689665427355846,3.9146865942234603,3.0632001786810794,3.749110915633109,3.5316529139300026,3.620615092056412,3.437207212903271,3.5348202876904447,3.563544420200737,3.571081112461238,3.41899313333508,3.569071672229457,3.0484916877685233,3.6172513128000587,3.3183096459825645,3.0199417061822103,3.1609199399697583,3.18984874164335,3.2360464270059475,3.401112789979587,3.4488997060464155,3.2136594250531636,3.3238327671313925,3.2853989663480583,3.7862183921451367,3.7931903688729673,3.350053244512382,3.780357960925693,3.7754203401802133,3.4832740108780342,3.3113495260130557,3.561196135562036,3.7539558537604054,3.477334635408347,3.3140045203908923,3.377254991154001,3.9062824211924565,3.70842509884123,3.890806776565799,3.7288907979275137,3.36586484698912,3.5319112292636876,3.7264376887305324,3.6099193318063048,3.6625491786456688,3.475557449492768
3.901823356086923,2.6393613412920844,3.6609416792340044,2.9835781359050606,3.847379021330805,3.231579264382394,3.148678885219832,1.778871980905877,3.4667214988491977,3.663686316019214,3.8925255048175638,3.625843794043098,3.66893689599329,3.762998351290625,3.709000569929104,3.005518129216732,3.6271411456849285,2.539597322471182,3.7368033303020947,3.321661900213182,3.692274494066762,3.670207112542678,3.3555080308604004,3.5808544177020765,3.6096767621247396,3.5123603754440924,3.6818304538086166,3.7025618495831356,3.4414328554681775,3.5076206288957965,3.4994757753344286,3.4800659927498123,3.752984856356425,3.3346968733309197,3.8723221922948374,3.468251188272308,3.8223827343788255,3.4257833026763036,3.889547236375993,3.689771021448414,3.597744207527522,3.5909585605372656,3.7340445416330463,3.597185692381778,3.6267540323055587,3.388394262499975,3.7516401478401633,3.4715527359846736,3.587497944925748,3.4967181159485086,3.679908636242915,2.4646894907039583,2.784702937905702,2.8056324206127115,2.6768936368906324,3.449337778133963,2.189284518400051,2.807195252835999,3.6297573929489064,3.712803502691264,3.6652722685095185,3.6612315823345325,3.7767237224176164,3.651331090798923,3.6571272511418047,3.655165191893841,3.2316340549812623,3.7162042817908616,3.242283472789442,2.9157034902905785,3.3970156276149703,3.5495035577310037,3.4292773840900894,3.6310404815572945,3.761520016009777,3.50633180215694,3.193379977436348,3.4709658447322354,3.669291449746232,3.587232304579413,3.5265583329643935,3.4992060356780526,3.6470278907868092,3.726972038519765,3.3597014326944943,3.491799817041873,3.597353186042351,3.448701922338352,3.39479038513013,3.4864372973578472,3.8385719158373535,3.5702741823263935,3.747277873702471,3.616433465682317,3.649841304588213,3.747837780227796,3.6468169142215774,3.4978165170542033,3.5803538190289785,3.7112109765030232
3.906811783488446,3.2716416958817516,3.690776982051745,3.77833823002212,3.871660236323484,3.095654583534293,3.943865809387539,3.4667214988491977,1.7758280284602557,3.8108786551488696,3.936389132151532,3.5555400369188255,3.6744263377252313,3.7473772017564486,3.696838148399866,3.5837268895402468,3.499595594768065,3.580201592413149,3.523727314646187,3.7957712715520984,3.4128078518310407,3.6656564092266186,3.774135846418014,3.7778885115257137,3.9667329259559114,3.6251635285382253,3.650542118259516,3.3818363602027066,3.3993614503243714,3.62934658376003,3.7040052102150804,3.5130667573397067,3.6913445846825925,3.544837140815168,3.4933538342872987,3.527095377311808,3.549643430542855,3.441684933849379,3.624931244555932,3.9679011527942345,4.019412799422947,3.324516960738521,3.532222890292531,3.799487761647041,3.796749167310435,3.936606403013432,3.7252524437251617,3.8779770567849146,3.5463115570797514,3.8284240456479255,3.779891230471425,3.7432068360018715,4.017070607399401,3.428584397024533,2.9795770484821773,3.000365462130583,3.7287032171456023,2.8190492268125875,3.5481470304802705,3.8102214054002337,3.6865851505442606,3.754814678158346,3.704285651055726,3.807777918290913,3.7570022283337345,3.7180168061236043,4.16137268072254,3.6501697901365695,3.855190390344289,3.8191665731542495,3.6415222227646367,3.781167616734263,3.842608668715861,3.778591980013506,3.7896291496792203,3.7794372847263378,3.4598066973177577,3.956123977156332,3.349553712091897,3.5376590986046006,3.690876425440733,3.919182261945254,3.7576229881228205,3.7655175958407145,3.8247792846615685,3.869161265986077,3.460348332429145,3.5895994926573076,3.5241618030403923,3.6249245324139894,3.690631032481815,3.753215899756877,3.583676292493634,3.226610530817376,3.6930364270238876,3.606623693796286,3.826627236978861,4.163212077683889,3.548570975272004,3.8672342966415285
3.912635265411808,3.557404615842196,4.423318501505493,3.891099946817188,3.894657364530007,4.036641920978863,3.7679972883795485,3.663686316019214,3.8108786551488696,1.6985379766772248,3.540419071316954,3.3926038088760304,3.7363267318462645,3.871619945834144,3.8136672373640477,3.8159820542310254,3.8993389067559576,3.8741342326025285,3.8553476310128496,4.068383925482504,3.730368348945396,4.092627988429243,3.8346166744344496,3.657573980526738,3.7288791705939026,3.964594275775788,3.8245273931462167,3.5876788023037256,4.015284984964694,3.7396550842013863,4.307527209619706,3.892776251545805,3.770553407146395,4.0101495018285815,3.942652396720791,3.6408622009577987,4.066281334446478,3.8659896120106967,3.8424750685007862,3.709929319797711,4.244775717835516,3.973431916222826,3.73701298784659,3.9489637601061767,3.9333157749392593,4.148298450335561,3.923044185753814,4.195026691775862,3.8767401207059042,4.262239366874085,4.054729446329192,3.9266286349832042,4.018084232418648,3.7448419246859777,3.8129478686059293,3.8219469918090767,3.7859410467371615,3.8433358848475976,2.362064069406891,3.556947369541181,3.488421548784666,3.8309456438866034,3.768920015733392,3.889115739882792,3.804610454992298,3.8132852394483208,4.17762487044127,3.814320857871151,3.6544326889174084,3.973790221662408,3.9958736777358124,3.985100118349705,3.9537336457532266,3.941184241145733,4.147205554032741,3.731288184515286,3.9700203660614113,3.8257522010845912,3.446746004493285,3.933934858410128,3.9060993252831926,3.480592927704074,3.429158837156433,3.9185002752923057,3.800157822939697,3.5662035470130102,3.9564276772591573,3.5992429378161606,3.8884313255571152,3.789611620861258,3.9871724759117027,3.865865689685261,3.7237742019791678,3.8947539714412516,4.075143363436376,4.05418156497367,4.137634820617885,3.996966603638683,3.9749734414613638,4.3788158455822055
3.692251776993352,4.228280381116867,4.434500185969196,4.040230762494645,3.9530282111868145,3.5805276636046384,3.5311436630839474,3.8925255048175638,3.936389132151532,3.540419071316954,1.7081915004783157,2.8454231276688637,3.432652913299479,2.6759217467477567,2.734348596486472,3.7194339211304888,2.841246554847405,3.567133669204833,2.8262808622743947,3.914492408555926,3.8211183745777766,3.537123167351409,3.509339975216864,3.6994595692972654,3.8489194577684436,3.6730032548806024,3.7325990028534295,3.423950758140059,3.6119574280452547,3.3266940824899076,3.7769872245636535,3.734172740503896,3.588053646427229,3.477560062891083,3.8499985050494994,3.57191230061229,3.808186131265397,3.2311805445932125,3.5560304100671387,3.521896234000526,3.576917008555299,3.5074012465887976,3.2203720856042324,3.4603401837653567,3.9248794556636293,3.4666281872145315,3.6190285757118206,3.8461751627104204,3.833069485159185,3.7784148210111135,3.6744084903653285,3.5160799569441465,3.472547417882261,3.327003378974986,3.4284425556841054,3.7969978230311083,3.422738736144155,3.4762881395986827,3.305426788141944,2.1799689462287333,3.1939596315846175,3.513750363386405,3.228176734008379,2.349412690201709,2.7477132458402225,2.7816210719272463,3.748088458749217,2.572868359290963,3.3136966948586415,3.478859268111629,3.594547852716612,3.49208644558772,3.4341632648722427,3.743406374306075,3.6829552365412948,3.65220761779688,3.21770775622604,3.2774389253619143,3.614017174927285,3.7669485380455754,3.4485849466678613,3.4816368635362074,3.8552106360492004,3.797669573107752,3.5071869839242877,3.67662344862605,3.6895271736086435,3.485867527399165,3.7169941201077514,3.3570423849609328,3.7893333270348086,3.3060963009470616,3.7096140979652446,3.6178721972665824,3.7763540172944126,3.3951729993957906,3.7320137151733426,3.972826423578401,3.8949288749933078,3.927004743592433
3.9439459157836887,3.8064884452789474,4.040062210649466,3.275803033767447,3.911988079473738,3.598945940853761,3.3415287296918996,3.625843794043098,3.5555400369188255,3.3926038088760304,2.8454231276688637,1.6024918236376378,2.779051827935528,3.284348600012847,3.383237212492129,4.045643397611125,2.910054444220234,3.5844950068252097,3.0016269793580643,3.5091504713628314,3.61241775177577,3.364796736038951,3.644865921267537,3.676674583564298,3.7588292113103074,3.2810820367075784,3.830265658452248,3.523589374725176,3.5209530117959846,3.5614494836602595,3.9132895437171995,3.5452341595667165,3.790592562224962,3.542832116030143,3.7800545510471264,3.646353533670812,3.83163147284234,3.5183980422814147,3.768896846969236,3.8079083438214893,3.7727996798074015,3.484515449335715,3.712640949959002,3.7365500147290582,3.9050503874615994,3.7344041560834347,3.993957933008536,3.916715558588884,3.637305023568164,3.70375253707118,3.8341205624745607,3.707151541597628,3.695082963069336,3.4390753503784346,3.5998737033083543,3.914524619122383,3.4836690744119463,3.8052612827419443,3.120298210575343,2.8201054904367173,2.1965603386584536,3.0690029125121523,3.383420495574853,3.1078628651280726,3.385492099625741,3.3490955843470163,3.6186730077196083,2.912808903947629,3.545224994135001,3.5513424698682043,3.5813372911836057,3.3630834304609345,3.6758577566828428,3.8585155023857403,3.48814804854092,3.2804179764706567,3.631629183364667,3.027842698122879,3.3544977871528787,3.6323739763360465,3.5134888766001247,3.8021059316900474,4.075399342283405,3.9087469016085006,3.6510756053971907,3.9686914171686998,4.155324673816728,3.7635834375693333,3.5747646656477743,3.627059600797644,3.978605718115636,3.569291903223142,4.0339244308432445,3.788536573471878,3.8306387530807022,3.6115119845453028,3.842693307278838,4.0113245043762555,3.768674436006989,3.6934565739494527
4.192226290006684,4.027444614992223,4.3550754188171785,3.5792626134168453,4.161428394266639,3.6587268712481853,3.5132463691084683,3.66893689599329,3.6744263377252313,3.7363267318462645,3.432652913299479,2.779051827935528,1.7068136293528366,3.3808931706063365,3.608072394532421,3.3102929634817597,3.2226009309707533,3.5056686478620587,3.4823749639420645,3.7500930393068383,3.7944421135463426,3.674427262997125,3.8213223772258806,3.7744036081696497,4.048852534165386,3.336172654967049,3.9026752053924554,3.655584973256382,3.559631829223645,3.5697836446311344,3.7154482295640823,3.557109929526923,3.551685883954834,3.4719424085643316,3.7116654920440686,3.540876977241413,3.775774815644678,3.3039411880035576,3.7726430655706,4.014777416155891,3.3576155730415818,3.7882921692038276,3.5216951963757275,3.6577818648779026,3.622367542031718,3.2900276542377953,3.605533170777947,3.634914207132024,3.763907492386121,3.5243424700758057,3.700999935718665,3.5907441628968595,3.6005250463504805,3.372788284949863,3.3544468696274117,3.598454651413475,3.365620799064175,3.590980845698303,3.344491987812238,3.2595459478883635,2.6136621622094536,1.9519570767694132,2.6266525660715527,3.412965113816172,3.8321633804321866,3.510501424424709,3.723264067591973,3.416986295805106,3.459005774879082,3.5018170217297984,3.9107055770025774,3.6114355682812933,3.7910448947381963,3.8467725785073523,3.6655693709956765,3.580889654108663,3.85138523135341,3.2771554723569634,3.7026606584811512,3.649145553818611,3.449585113570663,3.578746034945154,3.6206568765245666,3.633781793900429,3.4658337440120084,3.6199145615848374,3.7501332443734072,3.4891633600158776,3.6432321014960096,3.4243618888358904,3.565137734977839,3.503421832823802,3.8374585129867405,3.5544859738318664,3.9333671695690557,3.789509236386529,3.614048103865768,3.737180421841344,3.853064018533184,3.803948169338375
3.6975537895253527,4.304397133396976,4.382836294132351,4.06884147297228,3.9106051348627466,3.8214990360227947,3.6324722258143867,3.762998351290625,3.7473772017564486,3.871619945834144,2.6759217467477567,3.284348600012847,3.3808931706063365,1.6625790523521848,1.9791283213743016,3.4015199142587194,2.7481735923336332,3.7611448239230674,2.4938544838042893,3.5896481646565452,3.60145535300418,3.84001902100087,3.667630957580742,3.9220970195857525,3.8284199404233816,3.6429364369203525,4.011916875551824,3.9469530868512694,3.8557569484812158,3.5734915589562175,3.886598229987537,3.81858057955072,3.697604006447204,3.6799960586077916,3.8755678758178433,3.812550233450131,3.8786340937232944,3.4520915182260827,3.517367086178845,3.562043459157623,3.4843290228540544,3.987649384971041,3.4872822525785208,3.435911273830509,3.7894479676875372,3.366202299306147,3.154696438858521,3.106175052222165,3.6189875521884645,3.6028891613021217,3.9449694422372388,3.612504361948643,3.5347525778695355,3.432012269017382,3.7924651728180723,3.8796023393074037,3.392522407310742,3.80684471524239,3.552622436745109,2.573299067105839,3.3478374621433438,3.609966446555989,3.1244550910614906,1.934521474817802,2.605131064755146,2.1107031291862,3.397851938947333,2.3320696961136345,3.8932507050772758,3.9228505801415268,3.761025093609312,3.8227185950228493,3.5097183047554905,3.642520340138279,3.6271195075844873,3.6326450790293086,3.6130163708750396,3.4832058636357335,3.9747527839475194,3.797052318986573,3.910804914724711,3.543808158149975,3.6372190604512897,3.906269893030915,3.445886159296051,3.5627422092567747,3.9079832012200337,3.6912247888855063,3.820971254773242,3.4708860978773277,3.700275330280414,3.6800582080819666,3.461005948852935,3.7352998955032333,3.8086554051071246,3.4742279662730735,3.667794870261339,3.549066892434889,3.7035898013334965,3.7266372693333576
3.751647257779933,4.166750616272427,4.396263795589796,4.147747675246673,3.6314218607597852,3.694567987706447,3.531677114927168,3.709000569929104,3.696838148399866,3.8136672373640477,2.734348596486472,3.383237212492129,3.608072394532421,1.9791283213743016,1.6283646697220038,3.063671512350486,2.939157614458226,3.466575179186577,2.520168362627756,3.4099248334443097,3.4848292227194206,3.7083137322149105,3.439638565881218,4.131203170545578,3.9865389628678374,3.6633493349588324,3.559259834755105,3.569478755173938,3.812836293649878,3.478661052577466,3.5742746554284595,3.6946167814142536,3.5558938638286763,3.4019754015770434,3.7536940818370836,3.3647992455463007,3.827298033939844,3.4044863079488636,3.590035979439192,3.5941226363057575,3.1939158343539105,3.660922223242399,3.3877191149027976,3.53915668478603,3.592867205880581,3.271321606548614,3.0962916378164276,3.1995233426266156,3.5987261420112975,3.7023883845978802,3.7283721278300517,3.381446436391582,3.222520921102692,3.4359278129661996,3.5012066960754127,3.6418380286422622,3.2497168646434607,3.5635715952393765,3.5672218259758224,2.6771205104454703,3.573964584217347,3.7134800585516676,3.2020895547838397,1.9401517040144964,2.3463554461046923,1.9429638180682083,3.1827501264589855,2.2724233932947695,3.736602285657254,3.5277841109000336,3.566361698884355,3.714608495940939,3.333271176583089,3.5391120150772526,3.717568989802146,3.770503969387333,3.3171185670481194,3.554381071980754,3.8459936092545473,3.7399050454933924,3.876645259306084,3.221146995077146,3.4799923958505254,3.9046080098983182,3.3522946102241282,3.65102272860944,3.7900288266011195,3.5124953250995934,3.400216881217932,3.2543514927259474,3.6327903984909184,3.7320004438361116,3.5973855234053547,3.525335942999269,3.600786851514897,3.5218261004679987,3.3264688029957963,3.407107676707381,3.6737980281083713,3.763403603365414
3.3926895075786327,3.2065129948073,3.805695415388945,3.647817453143758,3.822935810133126,3.423899145159189,2.695267563895159,3.005518129216732,3.5837268895402468,3.8159820542310254,3.7194339211304888,4.045643397611125,3.3102929634817597,3.4015199142587194,3.063671512350486,1.5643431527101315,3.82866039273141,2.8965263005030946,3.511192928683469,3.6798751039639495,3.5919200256933705,4.00449955074656,3.650175217754462,4.213271980602077,4.272124462013888,3.7059235656670904,3.6764301008377194,3.8442125731162733,3.7999510681538156,3.985277510832094,3.634144094239768,3.753975835916392,3.6955869754990642,3.1526734845032314,3.7502716398768197,3.359681647800597,3.7510295702847056,3.702746034544783,3.929112744086297,4.0573977325523085,3.454781428597682,3.748855677143334,3.677096898478921,3.5854940342712394,3.7060503242420437,3.574738299118133,3.658773359165075,3.6121717513004894,3.751083699853642,4.00309824155177,3.1782530585310473,3.2210949913388425,2.909990385653521,3.7044412141578245,3.4809172873626215,3.4842023356966383,3.100266571332551,3.4269863041542523,3.923170623544131,3.814565198326444,4.129825753703994,3.9108520441648547,3.692665776617851,3.5184278658286923,3.5403657229701344,3.5954798415499303,3.383728970087294,3.5335165416710597,3.5404212002176254,3.0375330812355683,3.483008007783115,4.063737824643274,3.7935017980617123,4.062252532490884,3.779856966666925,4.020216542687692,3.318542005519892,3.92389351979448,4.076046996540827,3.7333394544033776,4.0434001729049385,3.5583408745771354,3.758408286112227,4.062587012175205,3.67545384225114,3.7109628887474275,3.635302443097861,3.5618789992927975,3.4181310016546864,3.824857538832149,3.756157102851636,3.8112510508632353,3.9113656557142016,3.776116871389372,4.063702555356776,3.884349210568655,3.6386789152635073,3.6673918610545755,3.4332152177935362,4.098907838725915
3.8386227099357684,3.886561806410856,4.150500105876083,3.6800363319600553,3.8485337733663836,3.6941158975157165,3.5072700372532966,3.6271411456849285,3.499595594768065,3.8993389067559576,2.841246554847405,2.910054444220234,3.2226009309707533,2.7481735923336332,2.939157614458226,3.82866039273141,1.5764321312870326,3.9596155342257147,3.1181907780331986,3.7857178094514072,4.004814681572631,3.5757840385773116,3.8062275734442763,3.8070352270260224,4.113678744316354,3.74341539499687,3.9473670139260832,3.7400379108569806,3.9570110599186377,3.5231459013303774,3.9865077941921,3.985413769585681,3.8529332276285637,3.721954623120543,3.8659676143661885,3.5625771012026615,3.878373172669905,3.629145010219602,3.797180305751204,3.7844132809809854,3.797632394491842,3.9733654422751585,3.9593401262578496,3.8129493648722135,4.0877470566316125,3.914944769282141,4.000678842279574,3.6854972972375757,4.132875460364235,3.989408065400226,3.589481796030367,3.889182132033087,3.7477978169957873,3.4276336918561485,3.742796984476155,3.930155244477414,3.7220998882026004,3.8448812405208526,3.5948839456910764,2.997022239647203,3.444293700312383,3.158188066922677,3.3710615160751645,2.9548317925857557,3.0973034604471597,3.1792793925279206,3.908339775681446,2.6157750524114167,3.5906167234987754,3.841124620070149,3.781382011206111,3.5131519892403573,3.5832832026083397,3.8418600852124882,3.1290960604646703,3.8707955634730173,3.6358458402369553,3.4742102876509326,3.7488945226415087,3.931544811413619,3.9321123592735705,3.947494264060556,4.017578260444375,3.8079012086644255,3.855763068559889,3.798890745249295,3.6902763637272287,3.806197241875307,3.908041207461395,3.9070720817749685,3.8936213363424415,3.643907482392109,3.8447917766704953,3.818042361829007,3.8819950627126665,3.8710606134214105,4.117640253407515,3.9121980878427727,4.129986018829969,4.086720492530421
3.887723506525962,3.2605581361025644,3.7590023924215856,3.376313190339488,3.856011830307884,3.3516848081219903,2.912568929343092,2.539597322471182,3.580201592413149,3.8741342326025285,3.567133669204833,3.5844950068252097,3.5056686478620587,3.7611448239230674,3.466575179186577,2.8965263005030946,3.9596155342257147,1.6979493854103844,3.7509105487106615,2.875107485781996,3.588784431363708,3.5469006543913704,3.314985256054546,3.583951107804042,3.68063008701315,3.3801932065351257,3.5022498346434365,3.4047085603782787,3.064145521135664,3.6892550574109264,3.506170852736445,3.5470161492859185,3.7267183878725736,2.8443383164391514,3.809777849345071,3.5424641359192233,3.550080837949058,3.716904623365022,3.641021051119071,3.547516447596479,3.5431072348045465,3.398993113723579,3.6282828999003813,3.3417700914032267,3.4210996257037443,3.4364253745040663,3.681160410993191,3.252202669703049,3.3313168812429867,3.4295130922141634,3.369236034267757,2.693674497702832,2.737550686418031,3.105426428151328,2.9799863009793492,3.2261992082145357,2.386468466182901,3.1270077430415073,3.515722815951949,3.59168285540163,3.3821537136212267,3.6647237911791772,3.7698839481954334,3.5906633942419606,3.398380774617308,3.57188423305396,3.0328846767085893,3.616221639606631,2.879405496900498,2.088517695024621,2.964566878869916,3.5000873613639554,3.440772758843877,3.595461559973656,3.4415671473305367,3.2624302680436106,3.0997819353960208,3.4605062422871606,3.501232133986454,3.6022247788951263,3.3829828930837706,3.6190310814930755,3.760767703447377,3.7052537424290874,3.6131778737366993,3.6943672432920964,3.5267430463617035,3.4753125512352594,3.3228813487652746,3.5816062408249323,3.603212603771156,3.7236163033095497,3.434942228819093,3.510337856760939,3.398946483681591,3.36079013592703,3.639463644682645,3.5531196136555803,3.373753069437473,3.4576363098358778
3.7728807513743634,3.9738132179293686,4.234698648780148,3.65543361401646,3.842509738209296,3.9417189798852146,3.802903352327378,3.7368033303020947,3.523727314646187,3.8553476310128496,2.8262808622743947,3.0016269793580643,3.4823749639420645,2.4938544838042893,2.520168362627756,3.511192928683469,3.1181907780331986,3.7509105487106615,1.5952018510741914,3.86667682433267,3.3574419990804594,3.988312260354546,3.764501063819521,3.884630838112867,3.848377018776482,3.713811073451236,3.9153220802864577,3.790745559656884,3.6994981349707095,3.6694532233286714,3.747716000647098,3.789725268517269,3.488231655566097,3.7269772067478253,3.6820358757649956,3.3833301157119853,3.740205315828524,3.488248167171128,3.395079201281578,3.364119132718554,3.60597641882261,3.8070437839306126,3.4423869063649133,3.7487577281631745,3.396831413468719,3.5377379523825403,3.45461095721348,3.403980120231167,3.994726073950328,3.884076441066541,4.006272222724601,3.904742728214291,3.608663607162316,3.698698787388869,3.9188338605737,4.04863627715657,3.8105364186587947,3.826214743075958,3.759055552504721,3.1416730790885548,3.3561662908950263,3.4689330576578943,3.361623656224522,2.4273764856210045,2.6462380308555375,2.736701746869052,3.5034755381884075,2.4871552415205493,3.814388976725551,3.936745916046844,3.7340893991221233,3.7885170454280006,3.7375160069940554,3.5359115360032174,3.2709287877918194,3.626255922707926,3.6772886686927344,3.6886095711658475,3.8533607404825934,3.910285246942804,3.616628115426759,3.680796854582221,3.8207139667265877,3.9372494994213394,3.8225091069611916,3.757568455952867,3.828004212941638,3.711662228801207,3.627212950428401,3.5280705081994137,3.584395895084561,3.653694641567152,3.7829407858078943,3.7628254345411634,3.869382395762779,3.6667191850752463,3.6947416704111045,3.644210239749782,3.8669693433380004,3.8264772550324953
4.135635955065106,3.7165675888888097,3.785232538297871,3.7567727681830396,3.8787504492851,3.705429468620657,3.3792856162080964,3.321661900213182,3.7957712715520984,4.068383925482504,3.914492408555926,3.5091504713628314,3.7500930393068383,3.5896481646565452,3.4099248334443097,3.6798751039639495,3.7857178094514072,2.875107485781996,3.86667682433267,1.6518599997673957,3.9719972004282336,4.067035308423777,3.9967304650119266,4.077107456985699,4.220161925054634,3.754686707721477,3.850651354272121,4.075934766846106,3.5423490000091578,4.185666325286068,3.8682115715475005,3.640234305931104,4.1750459252514505,3.7372278220948276,3.9827178836503108,3.7529839719301648,3.7539220214678704,3.5847104434084494,3.6568555104400744,3.733727630447548,3.5718625248150033,3.877992450277707,3.817836703147071,3.6240958166303083,3.741602279913384,3.6840541425348405,3.82550192270418,3.331400597516364,3.2390018637946816,3.3033615270891863,3.593532470528694,3.7361484829752487,3.6203896805822917,3.861410335428856,3.607703981186958,3.45254586506237,3.68175875696625,3.8677237467880228,3.9579068637180748,3.8938478079065435,3.81094341747946,3.954843938412869,3.946693816222749,3.9521697594536436,3.8533789344296916,4.019474437610367,2.9404481598878878,3.9366547346590752,3.768743485287871,3.499992500464996,3.5090187162181556,3.893685863377044,4.091499318890452,3.8943060745932847,3.7252459651600267,3.8669765284831237,3.8013426170759823,3.850717643178731,3.91391348129106,3.6459733158776113,4.091112933248464,3.8914277462807862,4.050246268404199,3.965987163827579,3.891478336566163,3.9506354316892414,3.808056594245511,3.846862993927729,3.0932558610541454,3.7899784375252485,3.693910773355783,3.707138091240812,3.899407432258628,3.5836149073221244,3.9460837184631177,3.4432345185911606,3.536860387748359,3.4638827654380213,3.1950064258115525,2.867029151286441
3.8852569427162127,4.091055309466792,4.146764969420376,4.104292000114115,3.9408955497695484,3.9961109831292716,3.4042071308403963,3.692274494066762,3.4128078518310407,3.730368348945396,3.8211183745777766,3.61241775177577,3.7944421135463426,3.60145535300418,3.4848292227194206,3.5919200256933705,4.004814681572631,3.588784431363708,3.3574419990804594,3.9719972004282336,1.6146760302319285,4.321472057421359,3.8902398254353203,4.142010796034643,4.054314095876699,3.8065551689159354,4.147715162916893,3.920869193553621,3.565932223535612,4.091161660301436,3.943339171173342,3.766530617886476,4.09991157532983,3.88875648930176,4.024423307581094,3.859082056255418,4.137193172135029,3.7496415025971084,3.7475301268721557,4.0180277634244375,3.9992368671363017,3.8213744044042426,3.706300685961075,3.467642542744794,3.8604460818705486,3.4455634965145054,3.8778906092806484,3.883340213128107,3.706877866534705,4.0202475156908815,3.52375901685759,3.7787552098733332,3.6523550934806157,3.8454756134284276,3.782372915425218,3.7214736231322334,3.7672599234540116,3.676071163504469,3.581500854381386,3.672936397742971,3.7320920791287047,3.904571416638097,3.9620518449873194,3.684093784149148,3.3907967459403463,3.5946677052241194,3.648024849198524,3.700592809249505,3.8726448519965806,3.749525245914199,3.2523304365432963,4.246540898507247,3.9281648976469414,4.298984057703561,4.000103013933662,3.8853071654898135,3.6288768610122024,3.97547772899157,4.052092941886854,3.7919758718077103,3.9167179483460646,4.002601221855637,3.861631558180318,4.06620780388006,3.848303320095675,3.955497317457916,4.115731652988003,3.752931654806561,4.016079257163824,3.830301494052169,3.867222892075451,3.9479682161881975,3.8371992523728755,4.007547172031644,4.115942593639017,3.910159110111738,3.8942040035457044,4.215719314259492,3.608877421287349,4.0252442018249095
