0,1,2,3,4,5,6,7,8,9,10,11,12,13,14,15,16,17,18,19,20,21,22,23,24,25,26,27,28,29,30,31,32,33,34,35,36,37,38,39,40,41,42,43,44,45,46,47,48,49,50,51,52,53,54,55,56,57,58,59,60,61,62,63,64,65,66,67,68,69,70,71,72,73,74,75,76,77,78,79,80,81,82,83,84,85,86,87,88,89,90,91,92,93,94,95,96,97,98,99
2.02464720367199,3.2911358347511834,3.2464448067552496,3.151220546653796,3.5433133680916415,3.4873942459037526,3.1773124195506313,3.3036360376870846,3.5291710963247653,3.0894387883410026,3.1657221370931383,3.3683176422644645,3.3557351545090155,3.247954970324353,3.310450836874401,3.3010368163930366,3.624804449860446,3.522116479147292,3.316088410774295,3.549882107298836,3.6901885307359956,4.053931698013622,3.7227186954490517,3.4128845656942586,3.651992626370173,3.5220000197227237,3.7836216102707136,3.986635433261474,3.7537432632936745,3.3294537726907976,3.7193352959062143,3.894951023257488,3.6589380760096915,3.9769669529738665,4.019134184279361,3.360841940741013,3.716552964523343,3.156280425043259,3.5458173143185174,3.5207527926458355,3.3622180531679513,3.816861958871554,3.9229925803500745,3.449791160264029,3.4381357786792215,3.352341274828277,3.576062061816072,3.7361070193624166,3.468183542484478,3.401040611792475,3.4631122170610324,3.2387879871537018,3.2043361702076805,3.45124481099727,3.2726704242040014,3.2901521809355936,3.367394759083672,3.3355837513701228,3.27808017726608,3.6329624889570424,3.6284404713598155,3.3997638699390604,3.6576606946642998,3.404095496477452,3.3248544327589435,3.30376701155148,3.4175367885460135,3.7579297208895173,3.6197993588644124,3.527666568276028,3.4573869663131287,3.589773534090019,3.745741177729935,3.232001486046151,3.3282359886564525,3.2847168373216076,3.602518333737465,3.4728715473325558,3.581591768691754,3.8557213789557867,3.35047219252957,3.4247485994260076,3.8432470246534174,3.6752302420149316,3.6974189846862484,3.332747665669385,3.6199112656887715,3.914764099303841,3.6996132349789232,3.4292302364985394,3.3670874245872247,3.846797391019161,3.6592314480309898,3.787599898179375,3.6825420079621916,3.1867059238762803,3.630074583245022,3.4665012872715244,3.5633739221966927,3.5094043033022864
3.2911358347511834,1.9319437672910422,2.7557662646380603,3.215282550052255,3.188393946154481,3.035521700065338,3.182656265353806,3.3434377930383983,3.3132136800540297,3.0953763179154836,3.144322270100838,3.5058279738000055,3.356863640466969,2.9035391751752506,2.6591290549042035,2.574433785432799,3.3246578654222674,2.980718343855265,2.877383097611516,2.882777060160069,3.1013007412834837,3.440758739095548,2.914497886175797,3.35031948988291,3.5707571092616326,3.7707679656718445,3.4453934528830983,3.5005442188669127,3.4112178032475406,2.90283082463509,3.758277201295194,3.501168718634547,3.341317991180713,3.3592550279284885,3.6366684832514666,2.9181180051265874,3.402487851887672,3.192134904440314,2.9071533619611873,2.9160189561355594,3.102839535253662,3.8445139161696558,3.8611285770321455,3.4448227866500463,3.573644855595017,3.198607606245498,3.0692303954585056,3.6781805716624416,3.4588552387097784,3.175914661510951,3.5345038168467684,2.7669433715788405,2.63634253006997,3.366090703070501,2.785394019178972,2.9190599627358313,3.4653754325781962,2.9690914556327477,3.067757226020076,3.5821675655139558,3.6162305358843247,3.5673751868325483,3.1175096314089523,3.2241263552620496,3.088513532191395,2.659074306303005,3.041821863120907,3.7308077517350657,3.185960417936982,3.05176141160064,2.7785798699828566,3.0883418993050906,3.3535047827736344,3.2153858870357137,3.5132652767698205,3.3101910366780483,3.110576958142394,3.2527237138987237,3.44668296001184,3.5667549549614757,3.1871187602109567,2.8613952699205205,3.5871307287979484,3.400780349614491,3.450397138538756,2.6816110167128087,3.465865281941378,3.748963240900093,2.7766057559101203,3.2078088908426468,3.1782514013586023,3.561498161120149,3.459241956698014,3.9227460288704497,3.3941117118833017,3.355660996198978,3.0110812116457626,3.4391445372864635,3.4176345168760185,3.1892537131804772
3.2464448067552496,2.7557662646380603,2.03388300950821,3.3213908229916216,3.6416225769614012,3.029112626765419,3.485203533428789,3.137757627667774,2.9506919432071967,3.2580619488757994,2.9529266334090223,3.243594615842632,3.2182842527272237,2.74042021245669,2.744854741036359,2.8966759841457437,3.306972412970645,3.0473387010569457,2.9172548867027253,2.8850517269662608,2.946904554967884,3.12398889857006,2.9987948395807655,3.31876485004621,3.695459855659983,3.5586691292886874,3.1835727092625903,3.343577284943013,3.429254953687661,3.1126946142519474,3.5305589313354275,3.3717419715795804,3.4891102138552434,3.4243900869889288,3.1406797492970924,3.04177329870325,3.3150522349402776,3.2984593927578167,2.9824121400645836,3.0948484088144763,3.3489282269642286,3.748603341501902,3.4838281592419325,3.392861525678226,3.389344822249721,3.3882795996450366,3.1688579323142068,3.2363966698143027,3.255440991535298,3.313357635958505,2.999914775450433,2.4876644512011556,2.8114401287030586,3.193437526126765,2.9240507982885697,2.955024535828823,3.3546004805938345,3.0147710298460244,2.9504267326603557,3.330649674310977,3.523229431094702,3.4637440816550016,3.102625707747914,3.268530008062094,2.8507041287225685,2.78126547407127,3.2541663751946355,3.366674476873626,3.337982346378799,3.1941524943431863,3.1142374357626608,3.072717580619834,3.266630213495494,3.018864541964578,3.576229104786191,3.5377385942361084,3.2976108322378104,3.2719828578503387,3.372054531278394,3.2759337511437323,3.424854553750983,3.039050951862715,3.240863384721649,3.217889428756526,3.4128093572576086,2.707883544390731,3.3684897204630406,3.184053014738771,3.0114848148488367,3.1317874400782695,2.746264345105209,3.230176849250731,3.1913181516351345,3.6608589344197395,3.5898975854909914,3.49071480286172,3.394847988077752,2.9591042072863365,3.2872435793532837,3.352859127090819
3.151220546653796,3.215282550052255,3.3213908229916216,1.8026822086789702,3.282784475475196,3.673107485304515,3.066429396496332,3.1677974832519276,3.949130076937976,2.856403983762261,3.5353998771994726,3.701260484655242,3.2152648539601816,3.9961230141090347,3.7417239326149176,3.1751618207118626,3.6704413859881826,3.628545142264184,3.572599677380818,3.9967291162227427,4.2431972647852785,4.167652435403684,4.047751726752188,3.770455612457481,3.632466087338738,3.920542286978617,3.7650912539327437,3.868685669191507,3.9700265202383935,3.3453968046576645,4.099369896404118,3.7630882917137525,3.464079900702885,3.913824533793859,4.309528556798078,4.016159579571686,3.996574563028881,2.891915743820324,3.6954786143333735,3.6757695159795425,3.906327299114197,3.793021835019831,3.767351751209958,3.6711905927821524,3.8705801415652,4.00098222248185,4.0396853189898705,4.110808713366158,4.107373608005666,4.0920157398619805,3.794904898285683,3.519280548929894,2.872070560837021,2.579362960321341,3.226788675696962,3.650834178974755,2.93243493839953,3.023923949523058,3.78866740413643,3.795403947548944,3.9636294191490005,3.577706438364111,4.074297034783471,4.3013953212159235,3.9468206733819104,4.028601158108661,3.1128089992140815,3.575521213772797,3.918387707178539,3.523243305480631,3.674195935865463,3.9840167557489004,3.8432193881932832,3.564346215935069,3.928976955508241,3.890467237877118,3.8483413559387993,3.470536799133901,4.001744967910356,3.8994222177916726,4.052538762708928,3.5442502476887965,4.0616253844087575,4.152681652296987,3.5115945708740886,3.5933228201300493,3.614867573969444,4.042722757306171,3.7858726310454456,3.5031773094288097,3.861278394467617,4.364584285144674,4.220762769222119,3.7929013301056425,3.8982798063264372,3.623758684139396,3.8971548758691794,3.965462465478756,4.047046106716604,4.038609785650846
3.5433133680916415,3.188393946154481,3.6416225769614012,3.282784475475196,1.9641615251102835,3.441294975975561,3.59669439380986,3.3581137885811274,3.8591281844477274,3.353037226267227,3.553194163584548,3.454278223443626,3.5265431635484084,3.536375450909237,3.4564036777071028,3.536272130021237,3.689847374448073,3.6651123539059145,3.6919750934555937,3.502523987684691,3.6974038525559103,4.297511902882815,4.027920723371329,3.68881292806254,3.7921744429494124,3.876950496042884,4.076306985211463,4.120520524726322,3.6674497038665312,3.383161638199064,4.195899353323825,3.932579746350938,3.911904894595883,4.265513055759783,4.369756267167876,3.5879470106777624,3.9123440640110667,3.5808587906723797,3.859013882204271,3.9363314987355635,4.035373955324258,4.089921021341113,3.996281097285536,4.021259444856783,3.9258617020434414,3.9518412497901916,4.036271714456834,4.333460732319141,3.8726169477280337,3.941320600602239,4.2632834999585505,3.741806024622245,3.1090930766220524,3.4478388331394965,3.1458704457510875,3.672008542679017,3.486692793487254,3.2820165371656493,3.2586637965802496,3.8119099602325113,3.8164147003324542,3.828088442799596,3.6978302795264377,3.903101283694651,3.6200092282601335,3.397388961104414,3.2779713429304436,3.825056816596701,3.7635226463013116,3.5211300834041603,3.447195981463507,3.8572945244974157,3.9999950234386716,3.748602434629394,3.815288284377475,3.6851844945356214,3.6548023821406552,3.6480575776129442,4.032661038278638,3.924575917489481,3.901228969803546,3.8181806772765485,3.8413333396800247,3.904613438374069,3.621214903608216,3.6431167031367724,4.097855068899792,4.428105866144097,3.540394091811659,3.9168424937949595,3.8694793928657165,4.186373754119401,4.0509504960666955,3.828706409500267,3.8349361990012403,3.973169273116216,3.8361057545622677,4.108278805481956,3.8799549570319956,3.956295983880265
3.4873942459037526,3.035521700065338,3.029112626765419,3.673107485304515,3.441294975975561,1.9565525904733627,3.214530365117807,3.6132569337116456,3.4891084941625663,3.267806740087366,3.694477642192891,3.4752713091941865,3.4640838384649038,3.566306786042373,3.361616607704392,3.0352203439706074,3.5036667333612432,3.2824805071699994,3.197331709584907,3.109396853610218,3.580933659686839,3.522860297280649,3.2618949307486234,3.5214985845044504,3.871331643337524,3.6848893798177773,3.9012760298206173,3.6005184716704295,3.7016253601791993,3.291436113275223,3.9534343870598434,3.8892150157235204,3.581748859732379,3.4826759349127436,3.723757868168835,3.0153803107334123,3.6518526485303187,3.9197643435802694,3.8158503946910076,3.9465547122055167,3.891541824732142,3.9322596990251824,4.1336608321736845,3.8281780073434586,3.604462625709052,4.021889832863481,3.9249151866813192,3.589600183005069,3.3265911643759893,3.557343964102113,3.617471904500621,3.309168052431839,3.1545640369131434,3.677726032688856,2.6970756181719704,2.673956466783489,3.4940548827901687,3.434015549836444,3.137653038134172,3.5114645856121003,3.591346977922761,3.9592373801072744,3.884935280244217,3.869620598379971,3.4764347679668086,3.3567068300740988,3.284913710545046,3.4185255446138156,3.398403371775875,3.2158876440257194,3.1878617166721104,3.317497698411797,3.6237068342058483,3.3381341584608384,3.643598285325265,3.4946263318438975,3.351964568052399,3.3662971063128064,3.502520135314522,4.077681720097023,3.6389308142053665,3.3336444257074827,3.338836525366097,3.4230448325090843,3.604576521942191,2.762681315138002,3.889055398367377,3.5661975824418444,3.246218284179537,3.781017253412982,3.4802477984182003,4.001062471304501,3.8003191460811596,3.6847856399086325,3.847409328073936,3.7014824795296053,3.846662767250077,3.1074485179687485,3.4730455648885608,3.5187864127568242
3.1773124195506313,3.182656265353806,3.485203533428789,3.066429396496332,3.59669439380986,3.214530365117807,1.893821751845876,3.1375720285674102,3.3762567591414028,3.11333931692532,3.633941598591871,3.947480928767546,3.6599131923122408,3.572317547890875,3.3761260774707296,2.6301452030741577,3.696859672535589,2.7595375052264335,3.6318932280200715,3.351702045003829,3.4268810597349164,3.4531205369966855,3.1922296822822336,3.4028571022755414,3.750444974064937,3.9329180772158017,3.526363550893479,3.617729162428369,3.4269267042019425,3.283216012904254,4.127217547145099,3.5167896867057937,3.249625582993896,3.5092881747810147,3.4361647838429477,3.4631672934271953,3.807647438689966,3.1666244916581565,2.993831650006188,3.0850937999156414,3.508147543748305,3.8405087997697542,3.8163541173580198,3.5056549440604554,3.7570815522123886,3.565682746609034,3.44671135558681,3.670325789893073,3.5185418006431703,3.6466529250389543,3.800753914297586,2.998397244504602,3.242244170719651,3.4994352043628925,3.280818955910563,3.1080928620252593,3.2054301768015807,3.098134053048112,3.618078417725451,3.670259070635514,3.7780230645255606,3.659535929389434,3.8402249325714948,3.5407248651072005,3.5749806749614494,3.402998951438326,3.385037057087299,3.8109386475128573,3.4495491360259494,2.8697192785938483,3.29951492186995,2.9452884034576043,3.3908821980667234,3.341187001838731,3.599113660870503,3.6219583266508133,3.190438378281165,3.50265796291562,3.707343137158678,4.063399041876258,3.680572563800925,3.6363399103114826,3.714907902114148,3.2070073930304743,3.6413912452540824,3.276756919503317,3.8347460305661585,3.829563462178975,3.405631009791932,3.563199340268996,3.677340380202426,3.805851506161572,3.558427653168325,3.777919801283694,3.691979894667608,3.5999735854906687,3.57066938575678,3.35246996479466,3.493655184086508,3.6996787954622934
3.3036360376870846,3.3434377930383983,3.137757627667774,3.1677974832519276,3.3581137885811274,3.6132569337116456,3.1375720285674102,1.8842424885380324,3.247977380511775,3.1745864830976736,3.051081352546386,3.353948193940538,3.3898705881092512,3.3912223236379706,3.504268849788341,3.1622694984659794,3.210097377874818,3.2662773069301294,3.384728570582003,3.292120369950977,3.655231357884098,3.784756290556546,3.690572849401686,3.2434249357897524,3.867239028424584,3.5013231756809606,3.53974695984335,3.607120933955807,3.8859762645852616,3.4893307584654565,3.9021126257994796,3.5295971683643668,3.5407825586000614,3.8572585745707313,3.8641970011766125,3.2472224647935777,3.3954824751146324,3.5928720271174464,3.6181843064027803,3.4420255012661434,3.373060032043117,3.848591818381897,3.7690531299507932,3.6115479534031185,3.4435390062185522,3.4407007527290197,3.436080874647701,3.533734001137143,3.2402286909227325,3.2796892501433845,3.5940262018883447,3.3631890945090768,2.9924963793645474,2.9034150910764085,3.246520807048251,3.524196553850809,2.786279652028261,2.5069025161509604,3.5527551074916577,3.5576186463877533,3.5270155104575434,3.792419377231204,3.833507122457003,3.621338746695393,3.35914357674381,3.5917247270325694,3.098176017798784,3.6725945536930427,3.3700138985347614,3.2920458511391004,3.4459091326086337,3.4965085714348145,3.7321700162091647,3.3100436163973748,3.2822941115508124,3.4049835909058204,3.4738511742553007,3.4020598405618405,3.5213286826328862,3.5396871013248092,3.5509374222854833,3.2916252928333307,3.386905135066085,3.5873292278350144,3.374813010898628,3.229114884340642,3.2402549783918504,3.516497812452112,3.2674245661041885,3.5658031900308895,3.3766826467514073,4.1464015172184805,4.000572268542157,3.8821683038963277,3.3238293166373314,3.4765913773826354,3.4954459276251852,3.342719763774898,3.332095372548063,3.395277697118981
3.5291710963247653,3.3132136800540297,2.9506919432071967,3.949130076937976,3.8591281844477274,3.4891084941625663,3.3762567591414028,3.247977380511775,1.8345010855049948,3.3808393620741364,3.5195116516480485,3.789340548802565,3.8079832493273154,3.6475317856708678,3.6253726905588204,3.293226900207191,3.8251650466553824,3.128407152520428,3.607128666031916,3.7082882363045933,3.8163143253792695,3.6621885483002976,3.8456575191354805,3.696305814519598,4.170461727370351,3.6832219906851376,3.8147500128783376,3.5534616862155572,3.736032261254143,3.856792062682428,4.089502793055996,3.5856249170947927,3.6671813495230743,3.734309962047945,3.4835664569216642,3.6651723833506016,3.90288956440733,4.3634852555752985,4.306625843368391,4.24508210326463,4.214658450328806,4.157077077548024,4.47566337380104,4.253118815098879,4.1615449122559856,4.111668544411023,4.248442255045033,4.190350349873984,4.246999890606299,4.144940451780169,3.6245281346378593,3.3623241872161085,3.3143146527694674,3.8779615148328985,3.490681762460796,3.5822099541246932,3.806573176420872,3.1523584154926545,3.37861566481134,3.655096697281017,3.736790733831411,4.039603710889331,4.073863027684638,4.092642138370276,3.7125915737463138,3.7632364504970406,3.5026555129201875,3.8968810655183326,3.186051624012722,3.2950608935632224,3.3571953046414533,3.2273357184118616,3.4083977365273173,3.6508359501308076,3.747919682533219,3.827172461243082,3.352667499622772,3.563060231488212,3.8219608351145724,3.8238149872660614,3.8462791153720084,3.7185290807537617,3.6317842369672566,3.413039223422692,3.7027529606728296,3.3715415167024645,3.876417550678274,3.8078151357233505,3.732669118169635,3.7166840101829606,3.6899507971082324,4.141146961105728,4.13585785100601,4.1258095612160925,3.9855869019193615,4.252079049496954,4.031555454924141,3.899724137143808,4.285260706463784,4.091775243351556
3.0894387883410026,3.0953763179154836,3.2580619488757994,2.856403983762261,3.353037226267227,3.267806740087366,3.11333931692532,3.1745864830976736,3.3808393620741364,1.7186581797599485,3.001683187883917,3.407749787475514,3.196174883972262,3.6015477864017367,3.2857172568630273,2.9981742646264697,3.5243220299889324,3.5983187006936657,3.4946170003479273,3.737903878729591,3.7558454034805058,3.9952971450486765,3.763399777744614,3.544457687470832,3.4074423241844958,3.686984810293851,3.4979300140038116,3.5192323245135335,3.505180485032851,3.1460866709725765,3.6292908115080924,3.599666477385109,3.3224757089478247,3.8350876310525837,3.89846101588458,3.4877823502047582,3.7979005564992145,3.368517789139116,3.475453227760187,3.5722508238135577,3.756308286676808,3.6223343956880347,3.8521263423597496,3.7245289344157584,3.325895504988806,3.8421501216546265,3.9156053367538814,3.6649975400933665,3.7118140584045025,3.5797542430516884,3.6795741297013964,3.3269347598814583,3.053784865798909,3.2673048888838983,3.309451018875501,3.5743797552527417,3.4869177087122205,3.0630201180437697,2.990867188767431,3.6731299746357604,3.2938044070822325,3.509742112554836,3.5708948175972033,3.6951197542595957,3.3836568822321476,3.2749383195870685,3.3927007284645403,3.40495730095791,3.5153926170429743,3.694086592667406,3.5396433424417495,3.484692007898591,3.6636029261179868,3.0268109737877675,3.399705172253723,3.497620455411256,3.284544795091539,3.2355994396563967,3.57238377285382,3.8099120158243434,3.6573227409536835,3.5729218500067765,3.7098306589741132,3.473095610396627,3.3430272238008465,3.511077037409882,3.434851445762873,3.693735534805881,3.4889080239061983,3.645552984589539,3.470486226276651,3.79202389220677,3.7464855084202613,3.5759055537289957,3.696527103201973,3.7409750025055675,3.8455969981205236,3.4853656447747743,3.6175585683111655,3.6336594889325595
3.1657221370931383,3.144322270100838,2.9529266334090223,3.5353998771994726,3.553194163584548,3.694477642192891,3.633941598591871,3.051081352546386,3.5195116516480485,3.001683187883917,1.753668473238711,2.893730311724301,2.84135109155197,2.952376967337441,3.004707627993908,3.1705796046965986,3.3158613580278073,3.321764855809421,3.2573096787947873,3.0862762044452214,3.397362475336975,3.580101331862012,3.526380193759928,3.040072511456895,3.5226008096998984,3.2144531508319796,3.2403285936431407,3.4240127056602185,3.5922053761128434,3.1580448483134225,3.5081541417198223,3.47234135091735,3.3566989547584547,3.6000765865604647,3.482126623520639,2.997805938975864,3.239094471109057,3.159486893930478,3.2211887833668027,3.088425818184519,2.8489873328041853,3.2042265547785456,3.657438015247861,3.073114023043265,2.793003565021738,3.1056318963046965,3.1166359497788623,3.213596156388394,3.2118104461464143,2.9155439683016064,3.5358330678265237,3.1672010911770268,2.948374327944679,2.951503325727437,3.270261307578818,3.4692761882932075,3.182564346556858,2.8974493163453334,3.272150901895496,3.216567651502263,3.212323224129365,2.9970503389595726,3.337922696444557,3.316366553820881,2.9575015925671115,3.1392874560549977,3.0762841007147186,3.244479633657667,3.292562194593881,3.2656126852182785,3.225492136837619,3.5025675557397435,3.347113111480626,3.0572316958082157,3.0998209387316136,3.2173904655282577,3.1957848809689784,3.2844736235418894,2.974839424414834,3.3851385773614604,3.1514114620169007,3.00836670698905,3.263260159032277,3.504267374742919,3.1774555165484695,3.0089809228501165,3.2460086032845012,3.2045056778677963,2.973992486187286,3.207998114106366,2.9505248504291366,3.624228152751164,3.3754562731801423,3.354536152175625,3.1034897063938898,2.9727261590456955,2.991582442005224,3.0547308450816444,3.2561942504422907,2.9773185808265934
3.3683176422644645,3.5058279738000055,3.243594615842632,3.701260484655242,3.454278223443626,3.4752713091941865,3.947480928767546,3.353948193940538,3.789340548802565,3.407749787475514,2.893730311724301,1.7659045316975377,3.1399874117369255,3.77685554445309,3.799362501395316,3.5715049980933715,3.4865713327675194,3.811544793085062,3.7834994637985737,3.915457471726384,3.827018941573167,4.080160731776547,3.9901517659723296,3.1391974381268746,3.5542134589799765,3.2164541700126894,4.097292679627845,3.8836914465160235,3.9094086550525664,3.6069027039442716,4.032835662905546,3.5460850621779336,4.0347761244305955,4.097786548008061,4.294841108133095,3.821140830234745,3.8263002281319314,3.96889626749548,3.9779607100026277,4.002955915824726,3.8827377305095534,3.6575132913474313,3.606760828929307,3.971680558848936,3.653336007010992,4.106280934809818,4.061529145029711,3.5688129977611385,3.631667059240451,3.8139111582999305,3.989655953319896,3.968242105254063,3.4964388994565083,3.791417364889047,3.884408055963309,3.945392270546784,3.528906673527033,3.1818194102453377,3.460455964019379,3.3400476021166194,3.2315702422112316,3.443504283969056,3.8918035701169384,4.195069023383204,3.6513715587266646,3.9559506908672737,3.746931171439175,3.5379240270926955,3.7110703760088746,3.6742597394077383,3.7772096796185455,3.7834202480408945,3.9739059877306118,3.2222851596463107,3.317208049971124,3.393852351708977,3.648225892117569,3.4734010946753635,3.1852484299296244,3.587303252687239,3.5838296795812945,3.924850068275986,3.8526881984350556,3.818774451211532,3.7097090862237776,3.7997520801841076,3.8163148673259806,3.856455340336529,3.8446645232407715,3.815127591972179,3.9068778974727283,3.7940773054030688,3.9201704337272094,3.7073319679612977,3.552759066764254,3.9221763989779475,4.098023340858298,3.7038259553605473,3.700613414626613,3.9149424715903516
3.3557351545090155,3.356863640466969,3.2182842527272237,3.2152648539601816,3.5265431635484084,3.4640838384649038,3.6599131923122408,3.3898705881092512,3.8079832493273154,3.196174883972262,2.84135109155197,3.1399874117369255,1.800389669415627,3.530529757493267,3.523536136471758,3.4243308419424716,3.303628883361308,3.502920626669676,3.6695266005109395,3.437293090345562,3.7517673465080845,3.8179744604080113,3.885047196620138,3.2805236683454977,3.714520964759261,3.4887293914183273,3.6079421807178917,3.4677435104068466,3.4895467547896217,3.1044839502612516,3.84382182192254,3.74536233202787,3.7343672382721436,3.6556011951464513,3.7119061775835953,3.594832084167677,3.7190227453296645,3.41268368886305,3.558577052527708,3.4027990853046246,3.61322054508736,3.564564915891216,3.9121567922689984,3.6121374669384516,3.416650825989677,3.8786143191768305,3.897100538477141,3.9545090087996395,3.570709694459532,3.665982563317839,4.245318787694141,3.6264198207924356,3.50342432845142,3.5119591647718096,3.6692356387844054,3.618247206722682,3.408781476672647,3.291949397004103,3.4270031797788048,3.406907358883462,3.562636156937585,2.6673961448429635,3.3827807366297074,3.7816748115340557,3.461947883255122,3.5731454360784483,3.379776339222504,3.3871126588225637,3.1520534375228997,3.1944754494535763,3.23176101592947,3.393631791624195,3.434136961753464,3.313073074095182,3.3554186281918286,3.469226301741659,3.1612533250395103,3.3350544912819,3.369808794826315,3.807589168527147,3.390991313780951,3.1837449419500325,3.408152944468511,3.371840686693602,3.3499667012722294,3.477224885791488,3.6448934676110536,3.6931926580370806,3.192384124203549,3.134431503622649,3.7590723565032103,3.8742377828291965,3.5425660495588756,3.628423272752637,3.421155802193444,3.57044507671973,3.801895563199296,3.7196791168659584,3.6005225594030232,3.5672919116663775
3.247954970324353,2.9035391751752506,2.74042021245669,3.9961230141090347,3.536375450909237,3.566306786042373,3.572317547890875,3.3912223236379706,3.6475317856708678,3.6015477864017367,2.952376967337441,3.77685554445309,3.530529757493267,1.9414031190953993,2.241372466892595,3.320803138198189,3.279982455403081,3.2891183560592947,3.172439974514465,3.700863767798283,2.798658176602174,3.2524208811803765,3.2911804290568782,3.195731072454811,3.8083305120044186,3.758132166020606,3.5147257312134963,3.495599410955328,3.698548349622254,2.8703788765708027,3.751164588933388,3.590880534748506,3.966379210085842,3.524056449058124,3.3997852655641685,3.495030528665767,3.5238855456495073,3.5854352189136462,3.1360311237923333,3.264957779423027,3.2089101787662226,3.8705048586898756,3.8332699008661364,3.336906343680986,3.3055513045120746,3.051531409545657,3.1478195686100165,3.454468916620017,3.5502199933627074,3.387712206732018,3.5661535514903555,3.1530681561928238,3.136463971717095,3.48985001504449,3.562405724886035,3.6878601209781983,3.4600272050817056,3.07366429179314,3.2968164557848922,3.6945749353473767,3.5044281515521516,3.5225319568801434,3.058461648111538,3.2457565549421665,2.7137573996337383,2.514360733462362,3.734212691092592,3.419132276427354,3.359171714844643,3.5645685798162248,3.403336666856432,3.4269850689216956,3.416756011110311,3.1427858867401843,3.4030488908669017,3.4835796807817108,3.4982061527335415,3.227799662682762,3.581964570645444,3.4949203595545684,3.5311226499445985,3.450038937459751,3.8305615854216044,3.775078165652777,3.8641374748965474,3.26438184335574,3.7049460279359576,3.3894288041883724,3.8524222622898963,3.810509297866976,2.996763780235229,3.3344583944516346,3.3735196293639755,3.788561083308537,3.5387495118401198,3.3721669116768864,3.1335206606502064,3.3408878302298715,3.7084062386791903,3.539548251682358
3.310450836874401,2.6591290549042035,2.744854741036359,3.7417239326149176,3.4564036777071028,3.361616607704392,3.3761260774707296,3.504268849788341,3.6253726905588204,3.2857172568630273,3.004707627993908,3.799362501395316,3.523536136471758,2.241372466892595,1.733629915753796,2.9426680933262035,3.1523604698206187,3.2982560242255508,3.1834738310436714,3.228125983078007,2.768346215418392,3.6522921642665587,3.3502376856527327,3.1679774728249077,3.7433039821322813,3.7714695500448694,3.360537272487836,3.5908779813697733,3.5673111625702907,2.7529519301848198,3.7391406009931156,3.4946209979741623,3.6896911806205375,3.6346336181435106,3.580978119246801,3.07086492395928,3.4969953082549736,3.3601235689912294,2.951659515624423,3.012645489440633,3.164167619765376,3.9004910223520977,4.040733261486916,3.408842049774532,3.1103186119534527,2.9945416342433107,3.0200670657393585,3.8343845949458415,3.5203976947613103,3.2327840961081535,4.07020627007513,2.902178726419925,2.912508302456366,3.658980193906984,3.179631453481625,3.3040115891499005,3.6463043395243524,3.0084474623515245,2.8128823293540868,3.5917411847771783,3.7005552597386684,3.624702764976922,3.0112433035010113,3.143382642329483,2.525005077747716,2.153861509453162,3.298551230442453,3.4788520524775364,3.3309130531852325,3.4915296488569334,3.260648041260794,3.6903453877096504,3.751237564709849,3.548448791827149,3.437086214795565,3.5298077371138072,3.4042229379051725,3.2871210822404917,3.7125204425108547,3.558533055535345,3.6024068564802483,3.3741275881936437,3.9703187080873086,3.817784021702159,3.6674872819518938,3.069999144908527,3.453371048129597,3.5299282219413644,3.3386015380285516,3.8430878057250353,2.980245525259994,3.2646648378097383,3.2465395184579404,3.681316664218806,3.7285682011288657,3.2084915825650735,2.894927430177945,3.551120001123331,3.2917250386994263,3.2000161042572444
3.3010368163930366,2.574433785432799,2.8966759841457437,3.1751618207118626,3.536272130021237,3.0352203439706074,2.6301452030741577,3.1622694984659794,3.293226900207191,2.9981742646264697,3.1705796046965986,3.5715049980933715,3.4243308419424716,3.320803138198189,2.9426680933262035,1.8108342171281406,3.1706355989973356,2.780446065299025,3.0551731801917446,2.961157474143713,3.0753081502836563,3.3061535057792226,2.9590843778820086,2.9591104879393457,3.6966704263542893,3.493154438358651,3.427052037331233,3.3782541862581272,3.3635626432635175,2.9234077741506983,3.751053074790194,3.2467143341560707,3.018750376682885,3.2045976449992915,3.393698692397277,3.1655885969722277,3.371927373421383,3.284023965723062,3.1497077303775374,3.2680315853971313,3.4328449900814513,3.692473235231818,3.8288378560372367,3.5954665289917247,3.3854600517990106,3.5304694528043994,3.3707139064677105,3.3202119652792894,3.2682166969140645,3.2450716046312773,3.2958976394517943,2.7557441635632487,3.144145358554251,3.5303335456821046,3.0682720247165265,3.0580640813238724,3.45249823556448,2.8809280751719495,3.07155211526672,3.352867189482851,3.4023807706026505,3.761400955605424,3.684767664513534,3.6141224690511793,3.4152644364942573,3.265061565263863,3.180936335903911,3.694110420723383,3.1280192495549426,2.928833219322266,2.8578463357958683,3.258676255260376,3.02555399461633,2.79338048631836,3.1298209115983573,3.3964415507593526,3.1482968106713645,2.854831830934431,3.809808556965703,3.7128070094976473,3.2261877767920493,3.366067806888408,3.6433070161032695,3.3658854609859197,3.44511944752071,2.9689035560357864,3.511482092074315,3.5251835564522853,3.187450572825973,3.0873121356138737,3.4727639645549213,3.7250300390268145,3.410908195066251,3.9411165498675573,3.520508443622621,3.5782603977702037,3.625346277252118,3.0622490017458577,3.3136414317137626,3.301632187294797
3.624804449860446,3.3246578654222674,3.306972412970645,3.6704413859881826,3.689847374448073,3.5036667333612432,3.696859672535589,3.210097377874818,3.8251650466553824,3.5243220299889324,3.3158613580278073,3.4865713327675194,3.303628883361308,3.279982455403081,3.1523604698206187,3.1706355989973356,1.8571620961304653,2.9843208426516754,2.997229669893551,3.9953192858168505,3.319473094871425,3.5088789891103334,3.959906860559162,3.1527931411421926,4.091416255833879,3.924386549321422,4.272678223432137,3.74520969130168,3.7138267013138253,3.4914128485992895,4.348200591389511,3.796869348725573,3.9442424214018295,3.3354743848857478,3.792132997696015,3.975439669085882,4.097497291913478,4.041849026732986,4.14530841252419,4.2485979893279096,4.436841147583031,3.8229980111127206,4.057680657319274,3.9857783641712623,3.942832680157265,4.4284690582395125,4.6664899804257445,4.294222758237534,3.9807568453385547,4.3279920059745605,4.205329638158227,3.607335702043011,3.7084291546627,3.978222181407834,3.8499041820081437,4.000151188892732,3.90240757249858,3.415890419428512,3.3028841844306016,3.778544325260099,3.7597392104160137,3.9359737477085344,4.11517770973566,4.2447650641402666,3.5734031333572305,3.9442706239969265,3.958571860862441,3.577917218426614,3.126905319889041,3.5555429166094177,3.639771144423897,3.72975873984017,3.4971772367636347,3.6195637920236425,3.5064656709155275,3.6864972814733785,3.432938390974743,3.051501563284904,3.9693333214496835,3.8531150220367056,3.7624633648636427,3.8731955767594797,3.9704821582436427,3.9390714098883644,3.9067387028857277,3.9195755883039385,4.163011419017428,4.248174534494038,3.963022938836393,3.89380156008847,4.1294185994712835,3.8453862547999207,3.9921081986425606,4.127229840206963,3.5251671808473253,4.118837957655704,4.559181225860495,4.251133047304412,4.087854675087239,4.29799337648186
3.522116479147292,2.980718343855265,3.0473387010569457,3.628545142264184,3.6651123539059145,3.2824805071699994,2.7595375052264335,3.2662773069301294,3.128407152520428,3.5983187006936657,3.321764855809421,3.811544793085062,3.502920626669676,3.2891183560592947,3.2982560242255508,2.780446065299025,2.9843208426516754,1.7934322532661084,3.5834519614785925,3.9784530324230847,3.4346287190577494,3.6089953217534605,3.3938721625080372,3.4028358977999313,4.136619038774132,3.96502183535074,4.03880593250343,3.4758896640082133,3.7223997945126652,3.468573400703098,3.7321115448236903,3.442059794558938,3.6532107652563703,3.3726902451022798,3.5810725182747865,4.040080272120083,4.309130675680982,4.116336764960685,3.8777963425745106,3.729771935554341,4.332398014349002,4.211125043896042,4.30420459657551,4.399250046364282,4.36407530825068,4.474692495483483,4.333835495779738,4.126861540390964,3.9832355416239724,4.173368715199619,3.8446661636861603,3.1376954931315377,3.4672486961856994,3.68890210425611,3.4178239047484293,3.7080150965527086,3.410887893636639,2.9300460980790537,3.4906742774469772,3.9373205453864593,3.8883346079280403,3.702459161277824,3.910113149247929,4.016969854372752,3.5582754565782135,3.7879193760020873,4.016100925284354,3.7409997317120176,2.9533269745886552,2.534325629690605,3.1270178170623457,3.0357181429559317,3.1201581558464473,3.4827950492012465,3.7717824410292033,3.8609637627005813,3.3737601409663136,3.2780830088056416,3.766551673249314,3.484202422924698,3.674235352567133,3.5896775062140978,4.098692542325485,3.8632248300808105,4.062625894934279,3.5155092304404234,4.2465225567428915,3.9965373419201042,3.9154044386440057,3.455891901361869,3.8693211871571895,3.5622554190271982,3.6690056092915673,4.129240832050661,3.4074504495119187,4.257806235110359,4.44207568080083,4.008278837300263,4.075638947859305,4.175830847247037
3.316088410774295,2.877383097611516,2.9172548867027253,3.572599677380818,3.6919750934555937,3.197331709584907,3.6318932280200715,3.384728570582003,3.607128666031916,3.4946170003479273,3.2573096787947873,3.7834994637985737,3.6695266005109395,3.172439974514465,3.1834738310436714,3.0551731801917446,2.997229669893551,3.5834519614785925,1.828884249858587,3.75394477173227,3.5457933422387273,3.4694743961509142,3.6002325776249866,3.195996809167402,3.71123520672262,3.785011839934472,3.7859818095065405,3.302413597591907,3.5748394743941736,3.446222509664595,3.949140717417484,3.7629041457379646,3.7222241297591396,3.2019641048641834,3.50097970749649,3.4130963823155818,3.57934591837537,3.414445505843837,3.7404922455505996,3.6565203698542246,3.6295370788160914,3.90046982658028,3.968319674784568,3.64788415903673,3.637662343669765,3.748737456431399,3.8810344503784173,3.7515388899779643,3.60133358322431,3.632559011474127,3.7802833110459897,3.4163068222797413,3.3351523686822775,3.5367777329951733,3.5016092147009488,3.691685888719133,3.64072154586248,3.4046723265147825,3.389298131550475,3.509850922417906,3.8095340185559596,3.9182807328354676,3.557407324846152,3.6859402698673116,3.1652788310259057,3.4697917718842115,3.483258894849191,3.764521915499961,3.2990653839550146,3.5803101842852745,3.7069723610856853,3.488895200508895,3.685588906124785,3.362458851721598,3.5674310347702978,3.5346720700335843,3.375758795577884,3.290237056895694,3.717229654404532,3.814956085228765,3.5700983740122867,3.5040169754967816,3.864986264409844,3.648789043668748,3.5771713715738254,3.4945897590510673,3.641990561114266,3.5023947055126583,3.649132362391054,3.671637624541848,3.4772210369291354,4.051627373766875,3.8645551908327014,4.208907634211334,3.623182712506373,3.519422394473436,3.9071086765918928,3.5144107544710472,3.728893724467308,3.678584218152489
3.549882107298836,2.882777060160069,2.8850517269662608,3.9967291162227427,3.502523987684691,3.109396853610218,3.351702045003829,3.292120369950977,3.7082882363045933,3.737903878729591,3.0862762044452214,3.915457471726384,3.437293090345562,3.700863767798283,3.228125983078007,2.961157474143713,3.9953192858168505,3.9784530324230847,3.75394477173227,1.8167148578236392,3.402439316532269,3.379848011204574,3.1717891790445476,3.0217228924762285,3.7301343104365636,3.5858138477844945,2.777259027259053,3.1491415965613108,3.18910082818072,3.543599440077797,3.7432782733230847,3.571247802416542,3.6747440784157015,3.351000539289208,3.238114192701341,2.5718483131900496,2.8090016602890113,3.4212788137081973,3.424971050305408,3.3029186520929987,2.898532112851977,3.4466520053788696,3.8285910533665284,3.2995251444199374,3.1703489385318284,2.9758679313183283,2.9772282242320887,2.9633442289271015,2.836924819021254,2.74086402426104,3.3088641224569844,3.4452017262660815,3.3918173615517095,3.398472229550458,3.4331910662738125,2.9742548198844214,3.3488088700964127,3.372929957027051,3.401800977736143,3.542963470033369,3.666479887772135,3.486142092384404,3.3232814119202243,3.3605768134365066,3.352223292004546,3.3048189756830486,3.1326858390266166,3.962294289292545,3.248245797940646,2.936478725108761,2.7000661450605,3.216729719331207,3.1152231474799463,3.1663832749674223,3.130355089338091,3.4338405572120103,2.922419965265556,3.2422949871548368,3.2146592590865346,3.5877416541835605,3.0356355822954377,2.886633227457017,3.319507036610046,3.2543467777821684,3.3894240066058767,2.6656800059346613,3.118966199169561,3.1383638444787696,2.3946710257734165,2.930240877563856,3.4251765727569277,3.7120435223193065,3.559421512103493,3.6152772503566286,3.290459252634975,3.26368530698643,3.088801802718861,2.677257824969986,2.8469745551538996,2.9186746996200683
3.6901885307359956,3.1013007412834837,2.946904554967884,4.2431972647852785,3.6974038525559103,3.580933659686839,3.4268810597349164,3.655231357884098,3.8163143253792695,3.7558454034805058,3.397362475336975,3.827018941573167,3.7517673465080845,2.798658176602174,2.768346215418392,3.0753081502836563,3.319473094871425,3.4346287190577494,3.5457933422387273,3.402439316532269,1.8685644741550813,3.2005865896030063,2.9727723546434803,3.5649710889002453,3.8654182730696602,4.023002527668862,3.784551879049122,3.517030397146635,3.7264295242093244,2.889720398160458,4.327244943427958,3.5411414653363074,3.6474085476853872,3.327589585911653,3.546268019085832,3.82706413285781,4.0265347715391275,3.431070349068301,3.348048932954406,3.264056248694623,3.8707032117065987,3.8939786915846724,3.7380599397823424,4.103482037023442,4.155370209953813,3.8965383289344446,3.668012687844693,4.073892717565627,3.9745622173415813,3.9672123811278133,4.148171124017716,3.2945552326181806,3.377340967935013,3.998589334770684,3.4377519328554262,3.5123389190151495,3.6725527701555096,3.0564118908608453,3.211535053220307,3.9069168977093827,3.6211420529409164,3.8560601925424494,3.4611897434438483,3.3588570795145563,3.0966384574937673,2.7942009690819245,3.6921124028516963,3.7596908239645273,3.38358884916906,3.2673579176971357,3.2286726107154027,3.4403914054183495,3.5397873679207663,3.4396640758770465,3.750807366713716,3.705452077143117,3.5004232917308817,3.113376076549536,4.130313940575238,3.7399088392427977,3.693165868662594,3.8613585725365054,4.033889309989647,3.6144857454544868,3.8368984178474315,3.6524552676135515,4.193256485328946,4.086680830509032,3.905529116027034,3.721101723982368,4.0114642499235105,3.442068587487733,3.63268214030401,3.8804624346290124,3.8351509299529396,4.065912278501809,3.9587116145395793,4.037430966454315,3.8947821814481145,3.897346169187256
