0,1,2,3,4,5,6,7,8,9,10,11,12,13,14,15,16,17,18,19,20,21,22,23,24,25,26,27,28,29,30,31,32,33,34,35,36,37,38,39,40,41,42,43,44,45,46,47,48,49,50,51,52,53,54,55,56,57,58,59,60,61,62,63,64,65,66,67,68,69,70,71,72,73,74,75,76,77,78,79,80,81,82,83,84,85,86,87,88,89,90,91,92,93,94,95,96,97,98,99
1.7780178262647603,3.633221458246992,3.9760722723973485,3.4217665023021793,3.1898040704774253,3.7677296556209154,4.026665357156415,3.9993858315822526,3.8354366662883543,4.273375785767072,4.6507696933372165,4.155690221815971,4.034287152356973,4.308625032104119,3.9130931070671413,3.9325117333920616,4.138791297640577,4.253007290306091,3.8310109668137833,4.00262173080464,4.221089356352087,3.9005500092033962,4.1706114450206835,3.955136861708154,4.363322789179206,4.042307342526415,3.6856219175817624,3.938072783831997,3.733844174591218,4.0510382092681105,4.190110393426825,3.580138627414112,3.5234094620575824,4.213627328134121,4.30181833247979,4.249129267542795,4.444743326591732,3.4578764974036647,4.098997762051585,4.382907619733086,3.721929703015062,4.482273696368381,3.9707634154871996,3.8740510728058624,3.9064677632017495,2.977194358632593,3.96344267074982,3.3679961871516215,4.1365425097174,4.210303134486245,3.6520598097800794,3.7511509457729844,3.773180074137376,3.708996041126321,3.862637822715275,3.815010973829141,3.7200353880269796,3.657120457206007,3.9572972927529837,4.1045926099016725,3.977564448680976,3.99525462532193,3.9754270720575624,4.431561408416097,4.104868726475399,3.874703325757338,3.7149469316811157,4.112783181035482,3.830566497666924,3.706233110683346,4.364915305469561,3.6827017192046703,3.7992892615917393,4.111030454835379,3.926776152095991,4.344986571449285,4.3838113516770765,4.027705926016382,4.167322688908994,3.6332349402432316,3.9700302546872845,3.8806141933064353,4.296479132093567,3.8674669355907283,4.190009674334909,4.068522787849232,4.464056506871182,4.3541327802239795,3.8091965315571756,4.3101080624287,3.4919443541190667,3.8050074138031715,4.201638731798789,4.138305410137388,3.7021467606312317,4.413988366955705,3.8206660707002222,4.1679153334347845,4.144380575770276,4.664928195735889
3.633221458246992,1.6865803775184103,2.7916387379812884,2.6995907650564237,2.710907174059704,3.280662995236538,2.6786825489150132,2.9819463782158215,3.246110243211204,3.0247811226098476,3.7594465875014547,3.8053715401259263,3.274130277598859,3.743406408233157,3.7911033939026915,2.8963551052590057,3.2556799362275295,3.4884747977021657,3.5816848718321745,3.6414607602326226,3.592418769434951,3.219698712199926,3.6048298572775384,3.3200624290015575,3.251679157337813,3.556158253204397,3.2528778363619306,3.5596907914957567,3.5345516495137987,3.480869551901612,3.305003432125637,3.282214402805125,3.392814475878139,3.2512690603298315,3.480565020050652,3.694143440691067,3.487066280990288,2.9377776609126935,3.323622604663357,3.3411638398404766,3.2881763298319835,3.732678146633015,3.064870924602036,3.468728600974385,3.203976966104111,3.1257957792757622,3.480420829000078,3.494484304975448,3.70853436408635,3.424832756320256,3.5927020225159536,2.959363540839573,3.2038317122448547,3.247518488024525,2.9770289806198558,3.3238981138276142,3.320066021236703,3.247034157206694,3.313230776143143,3.6228713351015425,3.35815841204007,3.48893932252517,3.4120995711530533,3.5267120386421604,3.9341529481474855,3.7049524168160284,3.731615673456792,3.7721312443814132,3.486121889807154,3.3006549947921693,3.886536297214045,3.5105530220586796,3.43646797344614,3.486988978992112,3.087506780023154,3.692095197903671,3.7219634240663724,3.210343972471557,3.2752136783563204,3.400289568135339,3.1215366721304214,3.062645678782642,3.187599340140512,3.3849543947738057,3.276523742695493,2.9528890850803857,3.7746728580557174,3.5213126565492785,3.604716300056776,3.3647179474632107,3.3659447691210382,3.402322613466473,3.101300718110707,3.4380183032779628,3.5179986768009766,3.603974109904347,3.478693677051205,3.631742684262349,3.664472528943552,3.6758673715035877
3.9760722723973485,2.7916387379812884,1.7365464303727616,3.968731480370778,3.5466587244740437,3.072009996886912,3.3759513300255346,3.9288951798200733,3.4976199380213573,3.8843331621903627,3.9446991395209996,3.7113559019156925,3.533397630759517,3.767506475354826,3.5850986794043633,3.7600979803275973,3.7618141276201595,3.7031332440724305,3.795136166587913,3.9025652401163455,3.7589507090324368,3.7961436683911622,4.008475109559228,3.927493421520685,3.4253742695644256,3.823743694081452,3.9533275819485634,3.975320435837646,4.300656058836369,3.807786820822022,4.140992370562416,3.730188687057707,3.7341406516327855,3.568691204060338,4.028478532122127,3.938570299604492,4.013658221980901,3.5176961595419085,3.5918427061785203,3.883476001331419,3.578880958376876,3.870842633979667,3.5138642953428554,3.8463119794452694,3.9251519157348476,3.5566854435682074,3.744973086779001,3.8170421601037323,3.6945179023917167,3.643088526554038,4.147957301563642,3.522087605383682,4.3061470246117475,4.052371235794874,2.854680423792378,2.8772533761756676,4.193074624243841,3.5553429949834223,3.8571074514019204,3.987296303008221,3.795654354415434,3.559443543275568,3.6504856793770792,3.790856417196998,4.120263692341512,3.862731093373012,3.97972529535978,3.902339225944809,4.232916290157283,3.899241622862153,3.8531083636142056,3.9064835131802633,3.6103155234187434,3.545611568787585,3.558567112190761,3.7920759826968826,4.478687990094915,3.358952040155316,4.333180542923961,3.788395552636198,3.4277641177334606,4.144607857644821,3.972213431152155,3.9735853771618523,3.726244535684577,3.9879590859591243,3.990161348871685,4.026364651355929,3.7718167275885737,3.8975640020291653,4.252135043464761,4.19643842037824,3.7080633108074545,4.017387291922286,4.339188038270442,4.2181945240092835,3.7772477472606574,3.999156805414968,3.7947851786577793,4.056712492659725
3.4217665023021793,2.6995907650564237,3.968731480370778,1.5331562019924114,2.4540387229302643,4.065931783589345,3.487961550320389,3.333679090845618,3.8775558645891715,3.875314243315407,3.899011571060871,3.5908042089127736,3.9866038198133937,4.221028905283968,4.314925700415716,3.752327579945378,4.048432265766142,4.040480504206743,3.974477230893366,4.025409879967835,4.4522199651362815,3.8285313290281926,4.1441395820627696,4.03555137016756,4.254737851567145,3.997933600943782,3.858315332991282,4.461123527382252,4.174787602131522,3.8498884570804663,3.364313465213313,3.760908075117932,3.858541521115482,3.7735176559956805,3.9552151990880793,4.067057016258826,3.745971859804682,3.106603377804787,3.75836133367658,4.087066357245785,3.663129960686363,4.139090843370944,3.3921098772748373,4.2014199535262495,3.737717719495789,3.518093797023649,4.228631319260024,4.021468954308021,3.912997875664777,3.7712157315562895,4.044173081750214,3.273691464911105,3.5700971877561862,3.3175910196732405,3.3882090708899093,3.859335514508756,4.031538083475841,3.6249400338381053,3.9634959796310305,4.053845659857777,4.014683468758634,4.059271042110898,4.1805242082475305,4.094313221677789,4.2315183732799575,3.8609265765527074,3.835706348078966,3.7492180735017158,3.9442881998302375,3.9601070687729516,4.0077208120725905,3.4859457207432336,3.918902384951236,3.9689287805299256,3.919295111819966,4.086105679001109,4.239458625262224,3.963152278559468,3.347476421865266,3.8509695505485966,3.814099393834128,3.7567827863768453,3.469065325770115,3.9721310210817444,4.092040535719394,4.042922741747137,3.9279078747243847,4.07746351515056,3.9565740046758626,3.9708781734464926,3.8610049804058466,3.8951610704517834,3.8074050856652892,4.005640045039186,4.205148217338141,4.036889099735552,3.9395842670164885,3.772205777215217,3.904991611838158,3.7215676228939625
3.1898040704774253,2.710907174059704,3.5466587244740437,2.4540387229302643,1.549765706910597,3.160597549697578,3.3969610085221076,2.9715085588545076,3.7506606198508186,3.9897194713390074,3.6924501285855986,3.536763213134814,3.548247385962744,3.6721858225045727,3.5689136299171205,3.321346007379391,3.6192667073345373,3.4246003781891123,3.4251724821205562,3.4824948538476663,3.447080366215189,3.341518574062346,3.4526567143346294,3.674427044724005,3.330545171853349,3.7251264886867066,3.1945859315114538,3.7521637746629057,3.4710859570688597,3.120121897199027,3.4259292326069257,3.255207407909207,3.1598868866319654,3.1109401863001533,3.4482622546771187,3.6443179176890386,3.4141844749131574,3.00299637565861,3.747108785597428,4.173321138352156,3.3542415406877297,3.889071061277959,3.2521090146936666,3.352516762734686,3.4513302416119735,3.198114347018262,3.1810947963147624,3.280450334298332,3.615962335056142,3.4711471758635652,3.7941026035200114,2.752623952151786,3.164465291081288,3.0975933760725667,3.066867578021868,3.0303257538481514,2.945381334663543,2.8544112032660602,3.2804736258370117,4.068945144203743,3.512203240028571,3.4855921688624787,3.522881295474183,3.5556472878186125,3.5843435110984663,3.476083072653767,3.3339437016451368,3.7635959088220003,3.386124279373496,3.2956578170937547,3.6382750335851557,2.8152709651150114,3.0278023147253066,3.4826078792619026,3.367108539902367,4.025089226249028,3.8801619867983512,3.2270941121145205,3.3707817470988504,3.557545448298105,3.314586749066906,3.240446837414335,3.2339556272305243,3.488567958411803,3.7003407806894937,3.0125401176946855,3.5430184354390897,3.4807840764422764,3.10966128198915,3.5766770255512235,3.39713169161006,3.587391176042729,3.5892362806682607,3.5004815521504455,3.31924228606447,3.271675835614129,3.5457481063151035,3.583836761667922,3.636055697011631,3.506169463894656
3.7677296556209154,3.280662995236538,3.072009996886912,4.065931783589345,3.160597549697578,1.5986386987334458,3.5549187420535877,3.625042939361153,3.4311250134002536,3.860142077416076,3.6594020998237298,3.650017055615466,2.9689893753165983,3.5638912500365536,3.7356377340569558,3.723654888829053,3.388429143742606,3.8795202131058564,3.865509186550082,3.7608447882849654,3.5717377619410056,3.145072392129731,3.7604121981010223,3.3465509818720633,3.4702025372093703,3.693703591412069,3.6969430161039485,3.184786268016353,3.605957823614198,3.3387300273703024,3.7995464750396053,3.4522719211344848,3.473455435633996,4.037821401282225,3.8299998832338513,3.7361583471081077,3.7873804122170496,3.355785234945404,3.869123011891125,3.8373613172513608,3.701290817625499,4.019119795431176,3.605595740477498,3.464223014213175,3.6026876969825596,3.242673094408923,3.4401055648891083,3.75093512570855,3.5292982915797677,3.357639041292778,3.771252188541616,3.1744652416743513,3.706876998149743,3.4484059319870948,2.71954253733457,2.4203944466533414,3.3888311690808024,3.427016989685787,3.7459998229401075,3.6674433976575402,3.211743881948078,3.113462972911701,3.077566268965458,3.314022518741475,3.7626719946669027,3.6561432129875326,3.562466628531225,3.647445074659483,4.055491217390779,3.859408872005997,3.542118078086538,3.868051002752522,3.962262585743979,3.5428661040162073,3.301774856070979,3.7049928802740446,3.8794648947447463,3.162477853596888,3.773353969447261,3.580736270696867,3.440868330219381,3.7120168981680473,3.495410042437091,3.8162450849513996,3.7027548239801793,3.8345855295160614,3.786884855310633,3.332679024881973,3.9252029431209485,3.373597193437408,3.596870610475332,3.335119538277096,3.4783730508508666,3.7511048166761003,3.551975890192953,3.51920733591683,3.5422283695682255,3.5955433694009593,3.6752937330552173,3.9874176481503882
4.026665357156415,2.6786825489150132,3.3759513300255346,3.487961550320389,3.3969610085221076,3.5549187420535877,1.5823523879160364,2.7760423837478148,3.3494114164550104,3.5044291087927144,3.4614871569650427,3.6950230217808704,3.388979054076605,3.4940300688377874,3.557819093165456,3.3616143760162664,3.4667063615706057,3.495723357411534,3.1759115476586355,3.4456111463716153,3.8727344985347427,3.828394213766324,3.252838718837246,3.2757004557215614,3.5470561423749625,3.727969190083306,3.867012310331557,3.6500283262650557,3.766088370096622,3.075246383883909,3.7777978734360804,4.079044905959478,3.916410573138609,3.408050240102346,3.7339401562650996,3.6062124577385553,3.7848282927827737,3.8060818978396673,3.4154569742779275,3.0927237710258226,3.313191239310475,3.720561025001539,3.259616709733971,3.9308430554371787,3.6826993026274133,3.9311162168583422,3.336607291937886,4.096884691980075,3.4151495359818407,3.2549285523595572,4.3813165980003985,3.008149486500643,3.841479387055184,4.270474102824061,3.199247853812258,3.128977127882675,3.738896379237275,3.4487295215810234,3.7269197599286352,4.092463633425525,3.535147603708045,3.2736788767617475,3.5869461064144397,3.7475842907545345,3.8170338679479503,3.4491589812014936,3.5197691622087808,3.79097563159688,3.551069834505499,3.5344580045028327,3.919207675446728,3.5871132001901453,3.601176545180803,3.3119002165361473,3.048355866577623,3.7645671083693717,3.8197407210781735,3.4772604416553765,3.97334246422407,4.19178240087452,3.034470586875447,3.951445404675688,3.986909512366875,3.491288562600017,3.8434288697254453,3.7846365471284322,3.9833678362125937,3.860503792075617,3.7281661357419793,3.5683869059052507,4.299433709391932,4.2114851809171,3.202261071006845,3.95043784619511,4.2112713286196195,4.018963643552251,4.134453773604632,3.912614624857523,3.601509842498509,3.7891629482993014
3.9993858315822526,2.9819463782158215,3.9288951798200733,3.333679090845618,2.9715085588545076,3.625042939361153,2.7760423837478148,1.7328244313001633,2.968674960852453,3.1551636817795474,3.3523791725857235,3.504567262782328,3.3128332010602737,3.537687503849644,3.435303342082949,2.9529284248234973,3.236056625527522,3.35234086573467,3.189810366525992,3.179075882831707,3.0983827360556244,3.138207325466748,3.228942668814703,3.175623006403118,3.0977905491198885,3.181081267328539,3.253092602409047,3.2144355358421417,3.2727150145075257,3.302058613844959,3.119851356812379,2.9716160524415014,3.1611963215278864,3.131069294649919,3.371159456719244,3.6091462675899906,3.3098909037369197,3.117695270207293,3.15597382471662,3.0781871586042864,3.3915127950432202,3.2563341526590603,2.748009969732608,3.2172921613899974,3.3033071026144594,3.4105362993040873,3.242814825764433,3.4835617944208033,3.3271832476035663,3.3892904867716442,3.416345607224479,2.659449697103875,3.0094346323374155,3.0774578654079074,3.077874989185005,2.970481331789121,2.467052455644712,2.635511375370824,3.116406049760557,3.4699501929860856,3.202224186574915,3.148376377995447,3.159523432321561,3.243690686256294,3.371190147970847,3.2741764962506883,3.2016462754594657,3.456916724733284,2.9843857623237744,3.0017518710721856,3.5675627578250184,2.95296417538959,3.403828970674614,3.3702698654383814,3.0774306451773383,3.3067765820447796,3.3589369003950034,3.1490800702787,3.112870028176471,3.3224012277062065,3.097512528398764,3.0364616216661595,3.163573975350636,3.085480732940188,3.0099717830809603,3.2535374313046215,3.421473808423763,3.102546645826823,3.2987548303576757,3.20216422676783,3.096070066828313,2.969803403553971,3.1088161659734976,3.0670370119685524,2.906402825058251,3.220418887261986,3.4226062272170474,3.2626431932632496,3.441353152484511,3.6186183093989612
3.8354366662883543,3.246110243211204,3.4976199380213573,3.8775558645891715,3.7506606198508186,3.4311250134002536,3.3494114164550104,2.968674960852453,1.743812488800842,3.248389878476075,4.3488402035124825,3.9840325319983148,3.772025483010654,4.071334114848427,4.092852010949469,3.9310011436737806,3.944769666885486,4.178332787785913,4.111610256085581,3.7546759332964252,4.22178944653271,3.825653974840378,3.9140886019912013,3.9888736860486023,4.018361689799259,4.04301103555786,3.624691298069452,3.949476687439326,4.051843225722572,4.076221369395129,4.366835724649409,4.0515653148720805,4.108749492696138,4.282131468764521,3.9532216535126126,3.709905745954031,4.188974253024402,4.258083506002211,3.8737453427570867,3.6722895010500967,4.065798274733222,4.1595164698626625,3.92389741924793,3.7633388927769955,3.835338875486307,3.7916557667736623,4.0493301647880955,3.7928687880724428,3.7761253238226935,3.8145421661223233,4.188694287089913,3.966925876637348,4.064454864092292,4.529148697494416,3.4654244091928077,3.4622345882606456,4.0117084611085545,3.741698520425445,3.7922763255813394,4.153367436651902,3.75877996099845,3.8414460771632273,3.8362583046037577,4.134360442235928,4.1183877095703405,4.121893858815781,3.9886745213978747,4.234772032500387,4.14925789566467,3.822250928195567,4.520950696790404,4.424163038570799,4.03239326012357,3.785317850240229,3.8061975693402452,4.167267788207251,4.32669454013956,4.30242919971865,4.261817136420874,4.016488905054779,3.789883395493642,4.120003978268143,4.333467362726708,3.938949166421924,3.8853198666497746,4.1422512801363,4.378853586031387,4.364660863875103,3.8594987019354092,3.9792117302898524,3.714715469596109,3.916834357324722,3.767939530611702,4.166537458528328,4.362329505576428,4.174329485086334,3.8932048585914067,3.7939947104692093,3.8430791622657323,3.9863277784667632
4.273375785767072,3.0247811226098476,3.8843331621903627,3.875314243315407,3.9897194713390074,3.860142077416076,3.5044291087927144,3.1551636817795474,3.248389878476075,1.8500813882331872,3.8310861240779275,3.8104147584523944,2.893747299559391,3.480989286650335,3.6990797956360177,3.068428588782595,3.3376641576489305,3.6806419339069634,3.6353622283535243,3.5990670169384904,3.591559247070837,3.5130166289569744,3.723597597386367,3.679171599546336,3.175485335342683,3.559136779304766,3.2187032165905514,3.645665099378268,3.9123969812920794,3.7465420153185005,3.808030424071911,3.7507332657283374,3.4752959622714856,3.5467732753423524,3.0987511981048907,3.8598307503900986,3.803939185190447,3.45125528596136,3.0505033053287796,3.0987920082419547,3.775524288383728,3.657090341826446,3.358492518361138,3.5331753089078446,3.515659204054554,3.5302461707064485,3.5740589483613854,3.4926804903299824,3.7963823863355195,3.7623535044042153,3.703758712358974,3.434578351959209,3.510924949926659,3.479560158350799,3.621052546165387,3.5492046594846696,3.4514365444976205,3.5135789107663773,3.2585975061506267,3.8491315644348276,3.400723830676814,3.2224528954578844,2.961859110023851,3.2997571340787917,3.9382923456984464,3.888492450085452,3.5389650384354416,3.991104831946009,3.909071712808033,3.721693706479789,4.000010501633547,3.738974413312033,3.807667728326407,3.655417363012497,3.4384032815391166,3.5213130967074022,4.069836003091674,3.478540368059522,3.8583749703060097,3.7856165579024266,3.406887086797865,3.7515699250547745,3.7739898179353792,3.5256805404905487,3.1830467095995663,3.396551985295008,3.9798909755733667,3.7397473530586884,3.573288938993011,3.325862344552923,3.7249221278106552,3.286189931007182,3.3426164295278764,3.846787574619491,3.7687148050378734,3.8500045413373223,3.5796941266201987,3.5759305629583604,3.6993415127164155,3.8852315969679343
4.6507696933372165,3.7594465875014547,3.9446991395209996,3.899011571060871,3.6924501285855986,3.6594020998237298,3.4614871569650427,3.3523791725857235,4.3488402035124825,3.8310861240779275,1.71917977125602,3.334741322756184,3.7736134579284166,3.7291280196411023,3.7319166609696834,3.9860373139313743,3.876173299920034,4.103488749675935,3.9751359217953723,3.872006975177708,3.65337011667278,4.192980606810174,3.9286546191980904,3.6470766003426425,3.7474824944111718,3.621607455652938,3.952841122954799,4.19382803957804,4.080362111214972,3.9445438090662974,4.2014054168716815,4.315253275721172,4.209750235306485,4.200431072643393,4.341615548598896,4.028572893793677,3.7499917994217697,4.170764429310106,3.7692941778681557,3.505001341802655,3.9611603693211883,4.131210844241032,3.933567148826902,4.283372801151432,4.278458169461769,4.184371084937613,4.02696580139706,4.299191420233666,3.811018872496688,4.053290223487104,4.075015836151727,3.9908090525615245,4.112287586124863,4.004895446205366,4.2892662323283846,4.017528061957712,3.890708925363574,4.19818227562743,3.7250957937223226,4.115696265761495,3.4768644223569467,3.8114473956018267,3.9747943373040115,4.01198558869319,4.032990890879052,3.9277040524846707,4.257815160005453,4.223667217468811,3.9062531341889475,3.9892704839194413,3.917307357193528,4.365364386192362,3.9291817195781724,3.883662285712839,3.587643271699451,4.314221387558423,4.157277630792229,3.89430815524637,4.141444377302516,4.25610483258914,3.6216018417963167,3.835605521342748,3.84046035575591,4.1516253231890285,3.8334023596219926,4.073582293686094,3.5366922572054946,4.166514702405528,4.030814916036619,3.486186226340167,4.120569526569611,4.023151164975098,3.6090502495634387,4.1154405104960885,4.23056025215707,4.4278037234859084,4.196034362301196,3.907925860849747,3.9976853152089404,4.092404802327292
4.155690221815971,3.8053715401259263,3.7113559019156925,3.5908042089127736,3.536763213134814,3.650017055615466,3.6950230217808704,3.504567262782328,3.9840325319983148,3.8104147584523944,3.334741322756184,1.679842462917902,3.742623409847986,3.1856005264882996,3.077322533745493,3.6300697054000945,3.2107757829270107,3.781576574584333,3.301575761185773,3.692112614946245,3.3755017206620406,3.8344150369244243,3.3605845079306818,3.0167935269073607,4.119801495803102,3.2754776362292466,3.6917657640535735,4.16669408820632,3.6539373361660488,3.747600801230696,3.9933137939107426,3.844564021030515,4.115474283383698,3.9431178313750963,4.260850861585493,4.103531448507496,4.141472964482462,3.849985281963196,3.8889745594216603,3.5170743668474826,3.924972403991608,3.8667411278892794,3.723053944420004,4.117585730124775,3.777192359125661,3.9337605932486204,3.6479939192554416,4.099572621914843,3.888300565908539,3.6182825384221355,3.9100364327344215,3.827102322332697,3.6873222709971185,3.716005959009004,4.202279619409577,4.154947068836847,3.866402382341147,4.00022279231293,3.400208985854096,4.179515652920821,3.311977347333393,3.3807996332488663,3.492091089631558,3.3215494439337303,3.581416495378699,2.965869323272367,3.938819610897096,3.873505599419681,3.9389645859493614,4.011375986950314,3.61003456531164,3.8660494469295363,3.4908735341570125,3.3767617509372645,3.569926750371398,4.227958514140256,3.932657440962568,3.6292666299908536,4.214257741827974,3.933679854774988,3.669177466037187,3.856818676865077,3.893009172135273,3.9534748409828424,3.9867993068252425,3.694653595600494,3.885200432865564,4.250873970372066,3.9292741096691453,3.805422657693087,3.8673587826904905,3.783669454764648,3.3315490998888153,3.8515232000591495,4.0947036525437825,3.8475207645406067,3.908317760176773,3.7079854936129313,3.936711598293664,3.9060874207394676
4.034287152356973,3.274130277598859,3.533397630759517,3.9866038198133937,3.548247385962744,2.9689893753165983,3.388979054076605,3.3128332010602737,3.772025483010654,2.893747299559391,3.7736134579284166,3.742623409847986,1.690720522246084,2.712235696274827,3.229016859082613,3.4715317645553694,3.4405419067751484,3.569633127029133,3.410054284088354,3.2179528772949904,3.5027078217371868,3.2926814344973874,3.358807529108514,3.3318741201702045,3.6026714549689247,3.154242632667687,3.3218080070811307,3.4809702939803904,3.4590418992237146,2.9202126646478432,3.5756544488946065,3.669838286360871,3.689007037725879,3.4863158590865644,3.3868538607947234,3.344567633551679,3.616048708914868,3.4468609905286485,3.4350025350808777,3.5006324387410492,3.2988024207908073,3.6449205732626084,3.3336699487539247,3.5066439071410844,3.1269437447174244,3.3292475576148024,2.9598932311137425,3.655981224865243,3.241917421539516,3.220647837172735,3.769212693933219,3.2486968243992997,3.987747008431725,3.5533539601699364,3.1288590820556332,3.0611022734340034,3.490770143602481,3.500399855609457,3.7102390713744686,3.5190202003779483,3.2748463756251254,2.4202312741774525,2.7893948840766147,3.1437173917108945,3.5674436541318344,3.4637477775702608,3.632277916105748,3.920139714684693,4.043380237935964,3.762794542945632,3.746771346202007,3.707572190009636,3.4004555422598814,3.5926736324194932,3.552129639990336,3.660162718340169,3.689930882823367,3.4188874924804753,3.59081947843104,3.615880565837284,3.4126535868371266,3.1772815259595326,3.1596951302143785,3.3830973541080867,3.4798123373314356,3.222885046447401,3.812784220751886,3.5923391340736206,3.512347316261421,3.5017879162325367,3.837032786831913,3.2913952107403945,3.5445722530420536,3.4793881472112997,3.882514307688864,3.710977497138047,3.7287339922637113,3.44348407123541,3.397103850985967,3.542118327976303
4.308625032104119,3.743406408233157,3.767506475354826,4.221028905283968,3.6721858225045727,3.5638912500365536,3.4940300688377874,3.537687503849644,4.071334114848427,3.480989286650335,3.7291280196411023,3.1856005264882996,2.712235696274827,1.7153503778454149,3.1430460751904072,3.26526681417235,3.975501642192974,3.5534489242282263,3.635968898275357,3.28721119544504,3.7802436356699767,3.563300924277367,3.355496746178683,4.103733640030406,3.9843738743678596,3.969951430906144,3.6930446223972484,3.740059484184752,4.301292065623106,2.8994506008879246,3.742469580368176,3.85413514073979,3.686870004440018,3.7378572233556677,3.917742712398275,3.103811531660495,3.9865899481431324,3.5875664766158195,3.528163867884672,3.8596978190879927,3.437625061428893,4.0975994682847,3.8563252316942944,3.5954334320013595,3.5229722813015694,3.685577982293681,3.348084858130093,3.8946702859914457,3.0984224118123436,3.0878332112210116,3.524341504368907,3.4113382848900673,4.089454030059946,3.8175899304721583,3.831532790752016,3.5437498756365886,3.8876332221315386,4.205703348534476,4.16525131073103,3.977972679475003,3.732753092476674,2.732914348548135,3.2695170185549647,2.8275286981351297,3.4478880614560543,3.434618637788532,4.156834701348744,4.029099027535024,4.006374319980512,3.95226422045,3.897382191520587,4.025089570034675,3.7910854806877325,4.061202133670231,4.137682758851503,3.9454984064798926,4.524473353136977,3.519728252174073,3.788888415177831,3.889771914384474,3.600313627013836,3.915337108955805,3.7056755273757136,3.954412809837635,4.114036485154908,3.844352758963267,3.9520148173909857,3.8772409944289605,4.065464984227393,3.9356316370009963,4.087213438952707,3.454869272631475,3.9471328087351396,3.951085378916364,4.272011104651282,3.5559070153492724,4.111539358734547,3.6305732586306525,3.3957959165818066,3.1761986802928464
3.9130931070671413,3.7911033939026915,3.5850986794043633,4.314925700415716,3.5689136299171205,3.7356377340569558,3.557819093165456,3.435303342082949,4.092852010949469,3.6990797956360177,3.7319166609696834,3.077322533745493,3.229016859082613,3.1430460751904072,1.8471888228588456,3.9521884097243665,3.370320548570219,3.731069153819527,3.199819740920416,3.677509660150045,3.018540499549033,3.484643715304058,3.151602374889421,3.3174351745040487,3.6974173675787525,3.457607444508776,3.569579562394002,3.5683037479586748,3.8534408328155085,3.5153004281566838,4.356489865473239,3.7754710146951274,3.924888010534817,3.916081318924037,3.9764359097339383,4.087729992591742,3.9608402724304486,4.104612199641026,3.9899523731977915,3.993731006924825,4.040768186475458,4.267708425141166,4.267052509997209,4.031318020231936,4.013638412604601,4.133874864384115,3.33692336118382,4.036271371553126,4.03094973168644,3.835370461900994,3.693248253487023,3.586550865415547,3.9104149042512306,3.7907093079010044,3.6005798527792536,3.699142412895891,3.60037392117621,3.5509254613251913,3.7151594795839817,3.7970365527389642,3.38085332281445,3.1848300242677223,3.3013653453426195,3.2140148474693238,3.202233191293857,2.856193888927839,3.9445930927489936,3.6873254835613145,3.8026618666633114,3.762418945931875,3.0021622642063077,3.6155840307622706,2.854989409960696,3.388838642145825,3.4499274192743563,4.125085391701123,3.920366816660896,3.3143589469201866,4.603883862881554,3.861592717253507,3.615327937212899,3.559948199438064,3.483266188298683,3.6577086016964864,3.6268164885213983,3.6378720121275894,3.8204427955766107,3.899957282341667,3.3172795976806206,3.7973848395917,3.9594564194744324,3.6775156933357587,3.335773119195891,4.347073772745835,3.647595197407003,3.972515194331627,3.955097497022651,3.5990580672751387,3.9993093442182563,3.878273726066991
3.9325117333920616,2.8963551052590057,3.7600979803275973,3.752327579945378,3.321346007379391,3.723654888829053,3.3616143760162664,2.9529284248234973,3.9310011436737806,3.068428588782595,3.9860373139313743,3.6300697054000945,3.4715317645553694,3.26526681417235,3.9521884097243665,1.7719807410246682,3.1657946463174906,3.4142694498703574,3.6151808564735624,3.3659812468592896,3.5539750756974016,3.4283931304617914,3.2852506162171724,3.2915918850885064,3.412301384104379,3.466805821818224,3.288636606856706,3.5854988873466453,3.669073635363438,3.3922488473369183,3.4697408826317835,3.314026189774673,3.081563457520224,3.3700575039310112,2.7810829709189786,3.5983883191452946,3.6394239671516235,3.309368955977817,2.9598388543177805,3.0670626383735686,3.503650167377072,3.9616780674738803,2.9818044463775126,3.7371459917940664,3.2578961669068387,3.2994619721298575,2.9904144255856466,3.4852862224057484,3.5917226114728766,3.4872145084806214,3.520752075783225,3.1050244977202945,3.304067717709853,3.9790900712770836,3.230302044327787,3.659176373992281,3.5258809014448618,3.4392217966247864,3.4200123768208766,3.6697947448608708,3.323946411635354,3.339904918797729,3.217763407066087,2.8434209771127645,3.3904068457334158,3.397198981169061,3.706956056707446,3.7791749478011267,3.730545399190608,3.739225079495143,3.6567317098187573,3.8377616825571326,3.4548951113312953,3.63723148616887,3.2602879653503627,3.4537568079954517,3.781888401738143,3.4100952053841107,3.7164637640842195,3.587376386782785,3.435283290188905,3.2821701533354344,3.430955467918118,3.184974810084978,3.4052450335683706,2.7827610792657094,3.675210264320466,3.2587293040446963,3.5484140695262836,3.714956318515161,3.4579569993628865,3.2719620089996932,3.2879902898565105,3.6043357778800713,3.7897021953920587,3.8433315267154793,3.656807576017304,3.752492975433223,3.651524396318588,3.5754696706024762
4.138791297640577,3.2556799362275295,3.7618141276201595,4.048432265766142,3.6192667073345373,3.388429143742606,3.4667063615706057,3.236056625527522,3.944769666885486,3.3376641576489305,3.876173299920034,3.2107757829270107,3.4405419067751484,3.975501642192974,3.370320548570219,3.1657946463174906,1.7502190608100203,3.2556474901525365,3.037244787451567,3.35173224245828,3.394086052266578,3.1984674368013457,3.2334993494170248,2.621571672105038,3.7117699677549187,2.7598884697418584,3.224725238382639,3.569248119813388,3.7296425572269167,3.6375587017821442,3.293043002348965,3.45846021517534,3.2262942696642076,3.2531509928418703,3.2163217291495654,3.873448890239205,3.8036723294196992,3.086838162539211,3.2239087486986158,3.076273866195226,3.4062409756205363,3.2683590863464285,3.3638887909594346,3.3375318826600044,3.2777146310182768,3.2531285137042687,3.0111787241574186,3.4897055806255954,3.730290308195382,3.223335763659905,3.727174322800858,3.662169526835889,3.3182135338019814,3.4303714970830943,3.4759117706853604,3.6050054072618094,3.300851065797055,3.3470518029814116,3.3358960469250043,3.7473599660181915,3.173471427642077,3.2777990436313384,3.2703711048384974,3.5936601183395744,3.535496266086251,3.358148178152452,3.7915568907914525,3.7369661301245265,3.64844550379027,3.3514895161052314,3.6550141604165227,3.6729500685245773,3.319533519839234,3.4408660331960257,3.166390678146035,3.6809230382305187,3.7644195912177842,3.391435410123755,3.5109572724494003,3.7365012316998394,3.296907451755064,3.3525051683535425,3.7487268278829817,3.096062147647132,3.2109380914123093,3.0490372616839894,4.050695659177369,3.9005019867443713,3.613372616311234,3.4665952135632025,3.3245188453259105,3.4379213269458315,2.9712924362982425,3.2637633468351774,3.1511568130873253,3.5992925846948833,3.300242749483497,3.520177907243493,3.9596002758749536,4.026965171601838
4.253007290306091,3.4884747977021657,3.7031332440724305,4.040480504206743,3.4246003781891123,3.8795202131058564,3.495723357411534,3.35234086573467,4.178332787785913,3.6806419339069634,4.103488749675935,3.781576574584333,3.569633127029133,3.5534489242282263,3.731069153819527,3.4142694498703574,3.2556474901525365,1.826069031190999,3.086112346500525,2.9192158282190355,3.722011207069381,3.3358769703370537,3.016323492854193,3.6688172351534645,3.4854954967761214,3.925577625085597,3.2498991605146825,3.8629889005438285,4.06553617523441,3.1000800194099076,3.676380795280516,3.776182270653084,3.8647234579333163,2.5260367666476764,3.491745452821894,3.129961526444006,3.4327326138028083,3.9155591252159203,3.3969570261897624,3.7689468450458707,3.2965202070463393,3.897803171036041,3.956790207640767,3.9338075869420193,3.5590507943977294,3.951862281557087,3.06626118965415,3.816325588833686,3.2214563950610735,3.3767842926977116,4.188983802934163,3.706688771177684,3.666531069135628,3.768193541552696,4.002846441738556,3.7489724884649127,3.9582710382146344,4.03103210544287,3.529876779659437,4.361146442887435,3.993616582965614,3.7175655491351005,4.013670243370386,3.7207323432972155,3.3970688434349303,3.5335510752232695,3.771595705836997,4.031851872540911,3.7866033195392483,3.479277228172621,3.6003782629913865,4.145883366913642,3.4392552096116535,3.7422693842104415,3.742049949058771,3.9480570081965425,3.8550590900370687,3.620043031133,3.862258416032438,3.9560459954230875,3.6838322568443695,3.7053459491570546,3.6513813964714017,3.8571691528104552,3.9257113473413394,3.5569188933677234,3.726304367152463,3.9667770936466358,3.2772971371897017,3.8979187459229614,3.893601018174896,4.048711861762405,3.5065653691645005,3.936664009171315,4.1744406174176545,4.033753756186796,4.03089170766665,3.8676356165616808,3.2690515782798157,3.4461032570347934
3.8310109668137833,3.5816848718321745,3.795136166587913,3.974477230893366,3.4251724821205562,3.865509186550082,3.1759115476586355,3.189810366525992,4.111610256085581,3.6353622283535243,3.9751359217953723,3.301575761185773,3.410054284088354,3.635968898275357,3.199819740920416,3.6151808564735624,3.037244787451567,3.086112346500525,1.927271622214034,3.7780446045209857,3.1679245793380963,3.610357985067652,3.1546390386438543,3.356690900899499,3.8505650842225796,3.748958022150754,3.935399209065953,4.034652827426644,3.8529551191343705,3.455777628969239,3.7045957158354277,3.9113781307608044,3.8555736038686397,3.255849271833629,4.170529790644985,4.220259308905357,3.9393022217718587,3.8693676596028563,3.9085541877964887,3.3907170320286015,3.6415316906900115,3.874693792339697,3.975944018331814,4.1114770365912765,4.147444518293472,3.804696013395066,3.454438449065689,3.9384712671332056,4.154183811047402,4.05970259259653,3.82267319970297,3.45808892936233,3.507704182646045,3.934004404601178,3.782358363593683,3.3799875564796653,3.7979155900448305,3.627653024984988,3.607536292481912,3.9516365338511723,3.6848403644579037,3.764560964395647,4.062818679029501,3.875563473162684,3.8584726029320415,3.283005825070338,3.7670489559208726,3.6643286940252255,3.3399023354985404,3.1644376697227043,3.500157916432136,3.8010464274871922,3.4258231576038165,3.4925344195731314,3.7550969666644747,4.193274186760717,4.118982908985629,3.6155779402240924,3.928168584621937,3.8186079326475686,3.650664395917799,3.799153287415465,3.9811200752843887,3.9071075354231777,4.18949438193855,3.987848993910585,4.034233663201362,4.210697759794885,3.5970962731464846,3.7687673253241454,3.7238205834443314,3.9862487883161255,3.2772843871655164,4.077866615959891,4.22737151355319,4.313463931804613,4.115534315966072,4.002774903132769,4.340831797090591,4.43350822902717
4.00262173080464,3.6414607602326226,3.9025652401163455,4.025409879967835,3.4824948538476663,3.7608447882849654,3.4456111463716153,3.179075882831707,3.7546759332964252,3.5990670169384904,3.872006975177708,3.692112614946245,3.2179528772949904,3.28721119544504,3.677509660150045,3.3659812468592896,3.35173224245828,2.9192158282190355,3.7780446045209857,1.720052085362927,3.7651981884206123,3.843613341951942,3.5281046932867985,3.6108691560394037,3.706258286467535,3.6452555389505665,3.2945321583429696,3.5128228426325876,3.3891038062709335,3.3598206344202883,3.5110321955416612,3.736961356398499,3.8231139829789957,3.860496696043142,3.911164178162825,2.9330366557378404,3.865648291634282,3.8728404327389474,3.9745015825030787,3.814761252553866,2.982946590821672,3.925938016772889,3.393515031366732,3.601671030857486,2.9960914657518227,3.428936706175168,3.107883691910391,3.2555415071923495,2.9845827978257597,2.969655381920714,3.9960344041008384,3.258258065538821,3.7311307698641394,3.5846104255383495,3.426072799610647,3.3319816475934854,3.4409749020491427,3.4393525925869084,3.6896674354138512,4.022333246163353,3.6203326870076014,3.4877423914231223,3.804737689895333,3.617964288087664,3.559421492015058,3.835517383586837,3.7321668216665147,4.078628996475633,4.006340359790937,3.9214308390973063,4.01778119615479,3.902268812741031,3.7621534246768977,3.530015174455699,3.4435929805370744,3.9952156396241043,3.6107195398169134,3.7010246115665297,3.695655075328282,3.8764063068064862,3.277060443946857,3.5085588582658134,3.61039034501973,3.6251059976810605,3.712461959244307,3.5975410742396523,3.8377121783708454,3.860344056286254,3.4178281247057836,3.4870571967495363,3.7412729857147276,3.853270394561165,3.7313445608062508,3.38697010375792,3.985863218677975,3.8926621164503703,3.7701761478069677,3.602606254524945,2.823953612846641,3.1250247338249406
4.221089356352087,3.592418769434951,3.7589507090324368,4.4522199651362815,3.447080366215189,3.5717377619410056,3.8727344985347427,3.0983827360556244,4.22178944653271,3.591559247070837,3.65337011667278,3.3755017206620406,3.5027078217371868,3.7802436356699767,3.018540499549033,3.5539750756974016,3.394086052266578,3.722011207069381,3.1679245793380963,3.7651981884206123,1.8945572492050067,3.534640741929343,3.1954628920406,3.2328728681693515,3.7756396810675468,3.2442176070102753,3.763299216500927,3.719029990723086,3.644124520119692,3.4863800014358177,4.006813896760976,3.629666727053593,4.007479826572697,3.733473346455198,3.984067399267521,3.9307889903017266,4.079630763283699,4.093418147608951,3.757806816539312,3.7449370826734336,3.68964669313358,3.880153194094014,3.609143913488339,3.9582690906413798,3.8002401698599995,3.8596160371212527,3.3623784930809304,3.8001380788024632,4.006168876352617,3.763338283161711,3.881264112523587,3.2826636061891707,3.721488467632588,4.038828025872822,3.6665730169871074,3.7927814692812922,3.0924568792260536,3.1729944112787845,3.480896544334237,3.802986751232591,3.503329927349313,3.439238443737827,3.5072412880246806,3.3940956466430254,3.647493627771803,2.97586502294933,3.8709924494897616,3.8863113883685516,3.310813972962081,3.303400419901613,2.862620482425753,3.5682392065736472,3.310408484518792,3.5082192833134704,3.4285684463816217,3.681832149524293,3.8553381745679953,3.1939347814565164,3.9262190557049315,3.8055037171201027,3.834228479211637,3.645867654620611,3.6723811142190703,3.788045140345829,3.550797207426451,3.779484359665162,3.831197096487216,3.851194261621896,3.486367062968471,3.911500267665848,3.9673538445406664,3.5665435409988397,3.4842440001889456,3.789917820167894,3.413243255251753,3.773592673788801,3.803270866416354,3.425850016478104,4.061373135386946,3.9386753354031363
