0,1,2,3,4,5,6,7,8,9,10,11,12,13,14,15,16,17,18,19,20,21,22,23,24,25,26,27,28,29,30,31,32,33,34,35,36,37,38,39,40,41,42,43,44,45,46,47,48,49,50,51,52,53,54,55,56,57,58,59,60,61,62,63,64,65,66,67,68,69,70,71,72,73,74,75,76,77,78,79,80,81,82,83,84,85,86,87,88,89,90,91,92,93,94,95,96,97,98,99
1.8457933742264097,2.769084190775262,2.8589517286994335,2.8944808817285534,3.193872391830279,3.087929774823378,2.9502800148235,3.0264866520286016,3.1261827754337475,3.2042257221755506,3.7450264727945366,3.5337085874272387,3.4228232474155598,3.363784887253585,2.942698219905461,2.7015229215711627,3.583296509452719,2.670958543520133,3.212929850102497,2.795328587054979,3.0721562678178564,3.2706394656687463,2.945006017549666,3.525245577343553,3.5236957011141796,3.5580694442848015,3.1013072271119175,3.4039043533310007,3.387591828138651,3.056689375841414,3.613125770266729,2.9396898444621087,3.2571334266329717,3.034372037638368,3.307097928724186,3.1124694921214053,3.20021243352264,3.1850956263189576,3.533729144156984,3.399011000005341,3.467697769785632,3.262909347298836,3.2116763245179407,3.190595147217135,3.2135705319496544,3.4947430194889018,3.061500119586421,3.416112484779262,2.892934244590867,3.1631729779942086,2.7488702381155306,2.8099589018194893,2.9785621724562876,3.1173001741165622,3.1718006139549315,3.059795492253241,3.14356815625466,3.133999945579186,3.636152336466125,3.7904661759112313,3.5221065207110316,3.5694801770618603,3.433036063026256,3.4659499552090334,3.366282495373353,3.1082233814592435,3.1219274935408325,3.735786343103256,3.26029175360587,2.7500070613311056,2.8623940549109355,3.498667279753648,3.195901792526646,3.2673613211222206,3.4536645974912674,3.8983939495254947,3.269977011976589,3.380704191573454,3.3835014476830603,3.520010769262942,3.56184673417689,3.1633625931108553,3.1889880467136558,3.372960682400504,3.1344991734231176,3.143894668618547,3.127225696823551,3.467349020960341,3.000578212965366,3.164286934747027,3.5962108589270807,3.3026943158617854,3.305843322552424,3.5169077995397964,3.1176485197732946,3.1583433887825056,3.2654862267453315,3.1241217353333237,2.9673875605352484,3.198309235712349
2.769084190775262,1.6892778500493477,2.366214959023448,2.9555593325649556,2.691518801525006,2.825242726738126,2.8330202706514696,3.253095160033528,3.006749208678651,3.404165694475091,4.170734954833904,3.944587448709358,3.745677207340234,3.0194699477772526,2.5687092211690716,2.4778504416934033,3.4077363684468662,2.8018192655508436,3.2522515205145908,2.776929763661798,3.533451996500209,3.5888073454269844,3.1071405237389103,3.8595020671451254,4.011650982820768,4.07538816676964,2.954934922146063,3.8332625370451012,3.2862787749134337,2.9745526292078996,3.958284874509247,3.0790806796184067,3.3170520834732637,3.3986177038112366,3.400786130407166,3.2299070033057253,3.272967047251322,3.4876726418993793,3.454860093959586,3.4268331858537606,3.4864953319930123,3.402618092988837,3.0317232146954654,3.494211341489433,3.6864587396675232,3.1646045889508447,2.823947224730321,3.1989302815825607,3.5509843141483413,3.6061743401641633,3.0067522430207574,2.183838170086645,2.6279283620717226,2.6623405459567544,2.5940500097340355,2.9849292446786544,3.6781452015297753,3.4348243715041886,3.5797938487346936,4.22204776328652,3.7317010867331946,4.01787385360791,3.632102839065938,3.4604251402833923,3.0126039315789224,2.439676752666989,3.4336146237450658,3.2817285791931434,3.3332231240626835,2.8372137893051543,2.3317084663317797,3.69880367745878,3.056127379430287,3.3346153278691952,3.7163163257264133,4.2659490867523955,3.293340847856418,3.4127920584087152,3.377524453998383,3.3520437671255947,4.077558603268533,3.76701194626197,3.177433281508808,3.571967061557627,3.337774988149106,3.3575233195344145,3.224406427630942,3.859930820461165,2.91062452227556,3.5853924278452616,3.4709877090571846,3.2410255731553974,3.2053612683742596,4.117688499797196,3.2402439525621913,3.2688813531487044,3.0506729859374566,3.040864012982053,3.1939547581427257,3.4746263365011156
2.8589517286994335,2.366214959023448,1.5917018278861024,3.0570372258352045,3.063320366060497,2.5025638952730866,2.932684182359092,2.4997425914259552,2.5900092230669856,3.438980189531669,4.010937574249098,3.9180938863316985,3.7489799985372554,3.1651879854919773,2.9254221537003513,2.9258426020906123,3.6936988313943195,2.905323858894493,3.1725383741025452,2.7032619083524025,3.229695559238792,3.4326176710736442,3.0617324177680656,4.020857668229277,3.4265160129077783,3.6415238603250617,3.1077048839688737,3.4835327438375696,3.195188389060718,3.2895769747375234,3.358152906319275,2.9237859261467576,3.6738430753244784,3.330786603383122,3.2626498650386457,3.0838515278162313,3.226073001248008,3.2463237310937103,3.155314079341404,3.3958768906609014,3.8388672562340553,3.424749542407472,3.4511620375190097,3.681155913878936,3.802786472636282,3.5299450199321165,3.445877140617659,3.541349614886292,3.39599613228097,3.5067258016946323,2.6291348484603154,2.0892898391516956,2.8031626319252894,3.3006660367280642,2.245093149287116,2.2952081493491003,2.9182023647727844,2.902944869218994,3.8320735973731015,4.278973986362538,3.826723665866194,3.4672331666656757,3.572824843324377,3.4646332244688858,3.2021287319298497,2.909424624121399,3.3476950366833234,3.6378626697336793,3.2756431252169214,2.7875213063790847,2.230598069309769,3.3347363130141146,2.904620164050247,3.2591557609397457,3.521294062349792,3.785962687692277,3.0750379468604105,3.292970660934342,3.3591199108772347,3.7732689278002995,3.5736569556811872,3.636972674316177,3.34909910592019,3.663405403353292,3.128150491593496,3.168947123264338,2.9757575175609423,3.6183401711822456,2.58490742829328,3.3081138111452475,3.77220916947778,3.42773920562202,3.2628245105060927,3.522543276110781,3.033377235777633,3.3608016810786316,3.0545417343770835,3.214138636311946,3.087143358241305,3.280649283447082
2.8944808817285534,2.9555593325649556,3.0570372258352045,1.8379797214655658,3.3376064449298615,3.207577328852628,3.0234811162757373,3.0131008374139814,2.9222352162301144,3.1864252975572818,3.8891744892731817,3.733375628459549,3.719283503776822,3.3646698040696275,3.5413344317670803,2.950801056067206,3.695036585347931,3.1512302647015833,3.5699217790231565,3.244126880213478,3.919263694688451,3.1674621026670144,3.330125186635965,3.5161216794206527,3.6745321187385027,3.640780930837785,3.012299021503028,3.2337687739616303,3.456199869102049,3.129870601983396,4.063733081618267,3.039751459366263,3.335997091132825,3.121173570532685,3.1026130558693024,3.3746382541354385,3.6241537545009193,3.4006779144921886,3.4686735307661345,3.214705215987926,3.5630323516744795,3.702871542596441,3.3953065524338655,4.091770331735665,3.4904732451442415,3.766545734358872,3.187336609258364,3.464772856978174,3.702797498898415,3.6312474969823754,3.6575302500602858,3.059913059370041,3.120325804631215,2.890826204519694,3.087711508328071,3.171155458718871,3.209186773393388,2.9892260915574216,3.7256436469655054,4.088408319013349,3.7067340093135432,3.322693179435667,3.307281527479167,3.465232595545002,3.5071633538640903,3.2346782685096085,3.4424359484861777,3.6609492058916886,3.200759832170319,3.0096139458164743,3.0484926427879424,3.1926191402337984,3.204010747547188,3.145179516643361,3.555546621537669,3.977815160099836,3.4774476558502383,3.18370067869758,3.5718627330596573,3.726376318721037,3.481591297138316,3.5450382428218523,3.293386708841969,3.2189842366397983,3.327598863244341,3.1517977845437963,3.257898301377832,3.435478918574501,3.2685951981427053,3.6724767121036037,3.4219841354963787,3.4425760526204554,3.6605731590900277,3.4724471349758774,3.677589813862774,3.7327908465105204,3.5563044611361097,3.4653819449113232,3.4985100854287747,3.4972702363062855
3.193872391830279,2.691518801525006,3.063320366060497,3.3376064449298615,1.8261464924140214,2.8466627824979525,2.8660790809865757,3.562522301969937,3.207484282073262,3.7471902093217704,3.142144267950723,4.0898187006428275,3.630001710128757,3.635164232430531,3.188083700542369,3.0611283515086956,4.05843908260594,3.2286745248030466,4.028539295302902,2.7630083045241194,3.561159304091602,3.867530514205359,3.5298671653424525,3.8568364927270133,3.8167152636038857,3.944739585843389,3.6005978808174275,3.757232129392235,3.551919612613672,3.348640988043494,4.2015200496222915,3.1204765937593106,3.5178565740872862,3.4625542811282943,3.858922227580663,2.811569978651411,3.1600267360457424,3.2916873811233582,3.6017810180518794,3.595453170432064,3.543890152248083,3.4991044751783646,3.43665866526141,3.680099296228121,3.6160109238838536,3.217255350413971,3.1280023510525226,3.693744955858839,3.288686876119072,3.385458327346888,3.5362215724166224,3.047068764712135,3.01835624613162,2.607032482950323,2.8264539376901427,3.2631154723599294,3.848749790458134,3.6708395537324603,4.2665733859523955,4.015916534141542,3.9962262656111154,3.491546932000747,3.7080323864922775,3.6419477869888417,3.294367824986361,2.74301874426817,3.010439293321726,3.8710899793944153,3.7771019227843095,3.5025651361733847,2.975521745195464,3.6935269747134245,3.634583668409553,3.804502399283943,3.860672038038481,4.04811803949601,3.665786266664143,3.7039663695391423,3.553606407839234,3.733814606970608,3.992469786543681,3.3903784854620937,3.5739293088154973,3.883121701414238,3.560231771328038,3.398696509430529,3.336444517219721,4.002090005027344,3.3402996358291404,3.409515203911033,3.7384115410203487,4.047202304020372,3.428615167073571,3.1881949812900046,3.5988878811397287,3.5182758770505087,2.9423199725286535,3.5943378833881225,3.089154979154628,3.31603231497848
3.087929774823378,2.825242726738126,2.5025638952730866,3.207577328852628,2.8466627824979525,1.6169748646854283,2.9688496144332195,2.712609159310372,2.641326650056987,3.0126910549732924,3.60343783058604,3.547029257042414,3.326962479094654,3.155330133624995,2.9429603168890184,3.00974398529411,3.5217014002788267,2.795292447989021,2.9942344442007,2.5682878288941238,2.9998582796668996,3.1591620584618902,2.8076949005654646,3.6361121743555875,3.077787276346652,3.452309938499402,3.150469960424867,3.1974483327240066,3.209200571931415,2.8670308131674167,3.5509423754025677,2.946089426575266,3.2713556675206052,3.1460342971364454,3.1594239709600345,2.9851321279694987,2.856623948150026,3.07701049900831,2.978525892920008,2.757690432949753,3.260584881206303,3.2482704624717016,3.1864267580470367,3.3907147620297793,3.3907002200250473,3.1520847285536493,3.098535932189631,2.9425338962024967,2.6866038320373966,2.9298812502053426,2.7764115066275346,2.650166682904443,3.093234885945274,3.3133362411196314,1.8162465165774528,1.954442145176649,3.0482345677901352,3.0212336323015747,3.681220181362409,3.5424481583923613,3.3930537568467063,3.319447844836126,3.356722454888607,3.240317486574537,3.177423267269049,2.981616639990385,2.9729128541869585,3.4640832523801577,3.0032018582032354,2.870602861910324,2.5164524967728705,3.2454491749644223,2.9160031529199144,2.9778733906340893,3.499888735775164,3.5535737544421266,3.1818186027632,3.1212226106810257,3.278096278267032,3.3403139775835067,3.1931197243613316,3.2592382508596933,3.1907817660940863,3.278767266976466,2.963092584410861,2.891269210404985,2.8216587879443287,3.216759584860074,2.601625856170227,2.9549429986780074,3.40167105860206,3.460608841779397,3.122233538200955,3.1948052971187475,2.9398615030312834,3.1497814793660024,2.9155180963872205,3.0269885751188355,2.629861288192219,3.1665228842840354
2.9502800148235,2.8330202706514696,2.932684182359092,3.0234811162757373,2.8660790809865757,2.9688496144332195,1.8857997375070825,2.3628415199043116,2.581561692272187,2.968125583034688,3.6204456988130405,3.33809354566257,3.1531832537220725,2.900062629411999,2.9087359426593573,2.3193217043009247,3.1550326404330113,2.536860783126135,2.765709106930084,2.7018064964027677,3.228766522723813,2.852881001082279,2.899399485822465,3.3160630091404046,3.252660120193711,3.1540366468810577,3.011425148003459,3.118151697178386,3.125176695156451,2.832606581661315,3.2529477463856766,2.4916884429510837,2.8728349098869326,2.7151417596809244,2.8839902295151214,2.7118317185900773,2.7857533096639813,2.7265849020519353,2.921338066967625,2.6995400545785135,2.975592423595033,3.0648060731807236,2.9553157385820574,3.169688198794168,3.0582915999006848,2.795410990226534,2.596100831109775,2.7943881238722734,2.9166683404125866,2.840292590466034,2.7834128494099293,2.174710665278364,2.1816076083854608,2.4171111540442265,2.5975134629707313,2.7654113632507413,2.449808229974452,2.527990966496939,3.1214029621873896,3.399428740194002,3.0989659001180843,3.0380514887224557,3.1190780385701786,3.0277005819868683,2.7477963649234254,2.6327460762068005,2.9148447667328488,2.96391215058986,3.0899905788977717,2.652731709163651,2.466737811274661,3.095350407856051,2.8957858703672623,2.834766525073989,3.0872402676269957,3.3733288844373104,3.1344756239752085,3.040404789757047,2.8485302651652864,3.058511901990533,3.0340694739350083,3.124643189976622,3.0928893826430532,2.9889467046363487,3.085113484006037,2.8758899828368354,2.86181490971129,3.2172545294495865,2.61043032675811,2.997298022985314,3.1614835967684445,3.096980174737783,3.0411781631496777,2.9069392645446634,3.0356758527086214,3.074211418731639,2.7926879288389683,3.034642090676954,2.92693927763437,2.851214268274159
3.0264866520286016,3.253095160033528,2.4997425914259552,3.0131008374139814,3.562522301969937,2.712609159310372,2.3628415199043116,1.7055558351776847,2.529937141610438,2.8652879800478464,3.446947858288501,3.290992029160767,3.32571204450428,3.0452772182343777,3.1567403551896165,2.8504701603003952,3.2893950053712673,2.9260426930750345,2.90710930203926,3.0204138064998567,3.3211336357762935,3.2718751161082276,3.1706604353936036,3.518340781448202,3.197158020217974,3.1333092324886076,3.2452655764953104,3.1928955638167675,3.207844557140755,3.3123708731596575,3.216113232700385,2.6899971022635785,3.353756999430549,3.174387804069007,3.28754664340275,3.3688877147162413,3.2004618318813884,2.884491516597452,3.176414622847151,3.010151261700168,3.4293292214984934,3.6725290478247494,3.355635388159837,3.181211757462992,3.2764744111144024,3.3060329023081696,3.4739117973537725,3.2804433634387777,3.4081958199051257,3.4619531441820786,3.3369768095864893,2.4310117095149057,2.7835472475548375,3.164268653282734,2.6133599963848453,2.5442162602575,2.1199751824697732,2.312070883347751,3.5995323230692726,3.664448156129321,3.7611750828869286,3.4228099169157598,3.1219166317474523,3.140390984565524,3.074993263745213,2.9303297903683014,3.140140461285476,3.3098333234452864,3.1533165377797854,3.0104143282259073,2.598408435311619,3.1379545103039876,3.0668634121582277,2.936996939768475,3.356071694276106,3.6218052455215535,3.0526470473983487,3.132019989084402,3.3895241174069555,3.4787749907155137,3.1536814787337852,3.3219546928498143,3.105725136298168,3.3009489165830397,3.095297106062145,3.200908478268964,3.1872061080368397,3.3072141051280948,2.914463239924223,3.2882419125081084,3.38793128207429,3.3451619375384554,3.430255832910094,3.372506939429368,3.3444216624540046,3.1697607010743134,3.1680817854107928,3.1725820813727537,3.1921513472604763,3.381137037743366
3.1261827754337475,3.006749208678651,2.5900092230669856,2.9222352162301144,3.207484282073262,2.641326650056987,2.581561692272187,2.529937141610438,1.6650198386811599,3.4011979925967637,4.046058592813574,3.9820256239188803,3.794794015733716,3.092469054484995,3.3110043177540036,2.981449322508346,3.7289707822215834,3.1283869874696753,3.345954180454214,3.1863403619758106,3.508288135561797,3.499152254754156,3.5334654698724313,3.633191816823729,3.59725076782193,3.793619337205575,3.282477631655268,3.685494197917734,3.3213933262003685,3.691903825589272,3.7732662444534824,2.942186588588318,3.377501045552295,3.2564393980294755,3.3713092316949322,3.17162362192011,3.4631984046996096,3.158848683121363,3.1697386954083244,3.238930054883243,3.4355850993545745,3.4959424229118268,3.11275887789078,3.579439684764934,3.3611076803036197,3.3153021460229426,3.3619484432952014,3.3419805807310743,3.6452077671095733,3.493578161422891,3.5311222677216563,2.615613556131574,2.9793594500419696,3.127675825192477,2.5893947590964284,2.553869094863192,3.0172816079774165,2.4911179333048628,3.8822578027795402,3.8673781990137224,3.9942495399017406,3.9142561786317893,3.478514400511532,3.351882081239742,3.1216585203088583,2.973191998998742,3.3189634271279598,3.5180342875857393,3.465839468907519,3.1996289502195183,2.720083125189554,3.625100301803127,3.3417366518371643,3.2867904847715166,3.625985305706119,3.8992588178641716,3.288098234657234,3.6238414869905933,3.486036544483514,3.440508584711573,3.562505751364462,3.5497870738187,3.063080256794475,3.433688686030325,3.2689486661327067,3.416572524931884,3.391505291224326,3.584684878577633,3.008151187725157,3.4808620560355883,3.510603025972981,3.4619687739496587,3.101667398170657,3.665868453009143,3.418948546881139,3.332299522838756,3.1344837922723765,3.418244294550162,3.5039562724405684,3.515090624856858
3.2042257221755506,3.404165694475091,3.438980189531669,3.1864252975572818,3.7471902093217704,3.0126910549732924,2.968125583034688,2.8652879800478464,3.4011979925967637,1.9507589967874939,3.7063282539874587,3.483192207790478,3.4307046734468103,3.6187545914265606,3.3275159247830324,3.0187455115308586,3.4526211144727674,3.3018931342551707,3.298784230172397,3.2647488904139386,3.2073505774454714,3.096176141426384,3.1644385002521562,3.5376875492358715,3.730255120739255,3.4912314990835207,2.918138910575942,3.15746334798436,3.358427627215321,3.1029458586720593,3.788238544044295,3.1782849110870464,3.528143098416639,3.2600607687674863,3.1270276757408677,3.4775643996384513,3.338383473429394,3.4852292251537773,3.659742461935398,3.3450036657795397,3.828381788918553,3.502128269740988,3.427503628125317,3.6633355391893687,3.6617333141375563,3.7716502228943516,3.4445382005062575,3.449583579210949,3.5440138284345815,3.512431577212498,3.3921783078239045,3.3437277967285413,3.5360307055296674,3.40422063579481,3.1538149208402824,3.1133596417435037,3.6194923549963,3.4888626096344426,3.938947163402946,3.8620313976665943,3.5153732800417554,3.4305662205290464,3.386860842557356,3.4839036043410627,3.314490807177804,3.2189288207896025,3.5346897903779833,3.664546334690873,3.3985218647716215,3.061361586469908,3.181251180369031,3.1827787866625923,2.983002060922163,3.212312679953659,3.2733481629709757,3.8908291529454733,3.3165279477910428,3.2281505678536315,3.593322028491524,3.858738020765483,3.2294921380645243,3.385825824852739,3.1995445264426143,2.975601556166925,3.0784101311833263,2.9885861620195757,3.2312487192534536,3.233702286753152,3.1687759298172606,3.070783657066587,3.8242048361870813,3.9523156001630433,3.703549158842642,3.4104434614633545,3.5100200382825544,3.491173385958711,3.493889865593739,3.2404893547421723,3.3829885307578427,3.341704600331369
3.7450264727945366,4.170734954833904,4.010937574249098,3.8891744892731817,3.142144267950723,3.60343783058604,3.6204456988130405,3.446947858288501,4.046058592813574,3.7063282539874587,1.867564926196565,3.731590178309878,3.9030271409635278,4.071180479518081,4.040659278679674,3.6401315014435314,3.8530663196632444,3.783978184293485,3.754230599800093,3.7675815166252353,4.003066965600645,3.7905140759735962,3.9860918789212536,4.242359098946829,3.9920593942086815,3.7717923975292145,3.9789085239945123,3.8999036430106964,4.395902917585553,3.6952581566990457,3.872172978870208,3.4473041159489504,3.4920592234334618,3.941552893561644,4.018640754889342,3.7149985721397845,3.8184125857243223,3.642094107907133,3.6824350965419295,3.8873878476843347,3.4560857581082933,3.948163304069861,3.763611485276982,3.6244241966911503,4.076364856994095,3.251472498345833,3.8154401083437803,3.4261133288729138,3.654850373378883,3.5663969412882923,4.0568017555499525,3.9335793294529857,4.294853495735481,3.759289208199588,3.876443811875358,3.8596927432997674,3.934252298355478,3.951698390195965,4.370898777198508,4.117231923278323,3.9128475581972233,4.055276813938111,3.524705635036434,3.6840151568180217,3.759619359034111,3.978870378326514,4.049965417601553,3.7879388797096185,4.359081405447775,3.9134276731157223,3.973683522491966,4.099198314874516,4.356798921315542,4.279643511695845,4.195087467118674,4.053244325117444,4.522414334051576,4.234805848745238,3.613576232446301,4.179351844149778,4.173573726047548,4.185429293968306,4.057860648555755,4.262434398947119,3.8418172390077046,4.055977657897585,4.194174706116208,4.019226086034852,3.9438128485556945,3.90120512244688,4.223757405537658,4.5105344958469376,3.935510288635015,4.183764303466981,4.05174007354475,4.004683691731881,3.503030809167193,3.8200908366135624,3.9038099434188682,4.156261408384942
3.5337085874272387,3.944587448709358,3.9180938863316985,3.733375628459549,4.0898187006428275,3.547029257042414,3.33809354566257,3.290992029160767,3.9820256239188803,3.483192207790478,3.731590178309878,1.6153875191977076,3.8738967418446126,3.2660582075259095,3.5237304498892437,3.740087414912179,2.8254792654956713,3.83563878833648,3.651287574746122,3.776026255742692,3.6597827177987896,3.5742796456531964,3.7844537063364183,3.2696755709221774,3.288323582874785,2.961464132229526,3.6577516374644987,3.1448162440682195,3.504895315871597,3.5804524034390086,4.016688272640755,3.7932603622966607,3.8580473920679776,3.999383505262122,3.3554575125971096,3.882740907544945,3.612234234958294,3.9016937615895744,4.341354668402098,4.171139311577073,3.5724711691959414,4.19765848506041,3.959680831888838,4.07217741273134,3.8871219815122227,4.026200931156783,3.7032297379966947,3.6415697003071448,3.7579842913942856,3.526549528962883,3.9550474191198144,3.7107616925612947,3.563159937510314,3.7617537476613943,4.078425028740621,4.090955225931259,3.956347266988745,3.9756003214722275,3.734511722156373,4.3156390414421315,3.264160951707256,4.157796164662063,3.7509156954802885,4.069654275782043,3.7915080808760244,3.5284046662775097,4.0286701320106815,3.939280681080967,3.4347172926597924,3.801949316419002,3.6337042750742756,3.2240651270995992,3.282367904802762,3.6604086346325664,3.1689903822795285,3.7517939821609967,3.4181379021016727,2.931666203339633,3.7150989768254736,4.034027705572084,3.157031537333458,3.9138353141803734,3.661547066999661,3.0850937906287954,4.128457668799211,3.6375563708425385,3.5113954686737934,3.418990914326304,3.911507305417738,4.149499800472728,3.683469413372291,4.025062968160863,4.312250426885437,3.7715348224032237,3.8917739045379536,4.179380602319591,4.223282646638583,3.7205464498770873,3.7458985259739226,3.891333443813428
3.4228232474155598,3.745677207340234,3.7489799985372554,3.719283503776822,3.630001710128757,3.326962479094654,3.1531832537220725,3.32571204450428,3.794794015733716,3.4307046734468103,3.9030271409635278,3.8738967418446126,1.7519719635679676,3.6014578813913283,3.7828641381234993,3.837114281084563,3.509380303235392,3.915374482305293,3.334847516896461,3.8506381970096974,3.73521878249716,3.5258497710168255,3.7507193147601745,3.839429983444884,3.518283707687357,3.67078228800697,3.535008646669847,3.667888851101362,3.4760223556337593,3.700663495072352,3.7593209978513658,3.539497699880381,3.683895496736157,3.817626154618615,3.551864724852778,4.054622340638895,4.040572271481335,3.4102344519146546,3.4596030088649066,3.37024664698693,3.7270933334579253,3.835220321444743,3.6896577321748,3.764536754632084,3.4294920592556615,3.666969503403336,3.724429525640381,3.5213914954038312,4.114528066785646,3.9496304570357488,4.175933839818171,3.863071334878849,4.039323986372226,3.8533389293229754,3.5615454504980253,3.458386699812833,3.4477001370706937,3.698934185527965,3.614689810962561,4.182555047009287,2.916683295043926,2.677857429280116,3.3510486653350084,3.592725552043613,3.4194780994693934,3.512463028731464,3.8259023521592606,3.7011688806937864,3.8132383906194973,3.929804267068579,3.493520071984077,3.557629912707662,3.638133799787896,3.337798494460284,3.665318883154718,3.6225172230383738,3.5068401755869227,3.612967429373566,4.076702498682213,3.6103779884302964,3.565234300398365,3.875957299333068,3.773062527225185,3.7489253905956677,3.538724399238469,3.759615353580045,4.017609566985953,3.942246231277387,3.84807805956037,3.492748917880279,3.6994934437537474,3.5163726159493867,3.626941074352906,3.8445482969109537,3.682918722239926,3.933005878206759,3.7474167689106994,3.745964303539041,4.061614557768444,4.149940102327879
3.363784887253585,3.0194699477772526,3.1651879854919773,3.3646698040696275,3.635164232430531,3.155330133624995,2.900062629411999,3.0452772182343777,3.092469054484995,3.6187545914265606,4.071180479518081,3.2660582075259095,3.6014578813913283,1.8733550285201463,3.171422042198699,3.625882943120987,3.018288696704075,3.4325446780059106,2.790070661576688,3.3618617308864724,3.359780344500491,3.5780987719486745,3.4183934378932013,3.8965648837412536,3.846257889038096,3.8740303257133597,3.1599593791898,3.489324791154392,3.486267110595914,3.4950790610982057,3.9969665869907423,3.4021752184646217,3.708989549850598,3.5116978151093647,3.3251988685358542,3.523798434627235,3.714409555781603,3.6334337407547563,3.632453866316506,3.330853267005333,3.898810142058306,3.8995530544156334,3.64263883620133,3.969287783872881,3.904174795232535,3.759447708000593,3.509650738445015,3.490972041106866,3.7280539983342558,3.684820771325988,3.2478497384180893,3.114676321483075,3.2153720759994613,3.7322458303530484,3.1451001457528234,3.3567425680499974,3.6746113666191484,3.5648826671330385,3.8408646569810916,3.8053816843699533,3.7537184513815043,3.7041245544492134,3.5530453106270055,3.1597809634683145,2.7719669839310863,2.6212152792892884,3.3415185671375056,3.60082075324872,3.3005512232807748,3.3306019358604178,2.783414360945432,3.714415377501885,3.0408221481081297,3.2786880773969567,3.7295186606818223,4.0300012599472375,3.259371406046676,3.2995108901317507,3.6724256730495686,3.7776710709820795,3.6448385130356464,3.6787986418376857,3.285444212520248,3.3530524850459744,3.621039848513493,3.3452737946925994,3.212304904854308,3.573595976841631,3.3769842184929666,3.5712371246683423,3.445582048751242,3.197077776424832,3.4887266993224046,3.8299722624367103,3.7023135829978955,3.6544636537030315,3.336871664412273,3.3045175446803343,3.499400724606774,3.603873317744393
2.942698219905461,2.5687092211690716,2.9254221537003513,3.5413344317670803,3.188083700542369,2.9429603168890184,2.9087359426593573,3.1567403551896165,3.3110043177540036,3.3275159247830324,4.040659278679674,3.5237304498892437,3.7828641381234993,3.171422042198699,1.6351558548172576,2.8139290412311397,3.547297373513347,3.1250992755311704,3.2968281073128747,2.9517764131923534,2.88188101940048,3.773015342260242,3.186019923214433,4.013761998382308,3.5211515613012616,3.996692713140925,3.362486193192433,3.787219988081683,3.16784175996781,3.1359814016297722,4.09801198835179,3.589804252899854,3.5192701710445347,3.5294814991415793,3.6280196468330046,3.6252858170786895,3.8021223779716506,3.660545452807032,3.91927320630146,3.9577279210825673,3.918068892201418,3.9734647317980163,3.748145306811384,4.067078308467519,3.9469000264921705,3.9093159457611963,3.573436282482125,3.9006962130423775,3.515743633059793,3.7637275204648244,3.4055084533047677,3.0484092615513823,2.948767363790453,3.430561445213116,3.3974849660312,3.534839757590213,3.797272495988536,3.6591521175852537,3.917624789210781,4.373151178098801,3.906950704780064,3.8473400290541995,3.8172795182381494,4.351066135118495,3.7309333249468226,3.002414912730755,3.7902604451983386,4.039275964656756,3.492254253374691,3.0569520338552167,2.7381118661308266,3.3696669970143667,2.916440265580712,3.6065712764490736,3.645450952024127,4.24152910548771,2.915792893423023,3.279721588460381,3.9927619713431133,3.844646046100653,4.122687782355791,4.129871998852525,4.017137844927243,3.9731187250946958,3.833169662070591,3.7875762561274655,3.401550129558093,4.134295380164108,3.610482684553903,3.749899985382922,4.155976920745292,3.770641308397377,4.02552913588403,3.9477857584398124,3.9532706141728733,4.077154251423615,4.120372376652995,3.8605677873786806,3.3231587574196233,3.859461909437463
2.7015229215711627,2.4778504416934033,2.9258426020906123,2.950801056067206,3.0611283515086956,3.00974398529411,2.3193217043009247,2.8504701603003952,2.981449322508346,3.0187455115308586,3.6401315014435314,3.740087414912179,3.837114281084563,3.625882943120987,2.8139290412311397,1.8369329882380185,3.468894463053166,2.5281454245982142,3.55016109933083,2.7694606426641415,3.5150474665794156,3.3909926473587353,3.0338495767254385,3.885990529813506,3.436186227114446,3.519488904690118,3.344214637742973,3.593978302760965,3.201743035553216,3.0466677750629705,3.8681497999101087,2.7704545582497517,2.8406074825496836,3.1326703033543333,3.5398419692112038,3.1180332752319275,3.546529484150862,3.3843428361713928,3.720443490428581,3.6094878383741684,3.5023679802307086,3.3434019173224905,3.5481196673717634,4.170482410727516,3.838336996072734,3.7402762307394513,3.1264651537788,3.5573000189201744,3.3823608656417594,3.525312749010442,3.2143651747633686,2.5528403524000605,2.7639972634163597,2.8101923731082272,2.887622243096401,3.1269377073188145,3.334729276299462,3.196170299056366,3.7221814503848925,3.7979819573399265,3.7051456687922406,3.439172692786959,3.5978180436100193,3.9863020044734703,3.75669983874067,3.305728073539909,3.695590483062708,3.859820344053799,3.625566992725731,2.9373032648485795,2.767672548712188,3.4079058847720765,3.0227442879509816,3.340531696136654,3.258710296217901,3.8681781766117957,3.3290501404449877,3.2114029199428336,3.7688256947607055,3.4952182690992477,3.5211343463703093,3.927239861679467,3.6943603541593566,3.793269222813636,3.7787171976889327,3.4349514592722015,3.4893952679355627,3.76091188389065,3.1690429236719084,3.4990680196314203,3.8772701326665335,3.6221921706363487,3.6702100116983973,3.4117658646084017,3.4245024503781094,4.023551213102559,3.7600054292006293,3.702273947674591,3.2620831008564193,3.7095404186967103
3.583296509452719,3.4077363684468662,3.6936988313943195,3.695036585347931,4.05843908260594,3.5217014002788267,3.1550326404330113,3.2893950053712673,3.7289707822215834,3.4526211144727674,3.8530663196632444,2.8254792654956713,3.509380303235392,3.018288696704075,3.547297373513347,3.468894463053166,1.802083710957589,3.326602397331531,2.750411434946263,3.759567659386754,3.3665200216933853,3.0666717996731125,3.188722920273734,3.3472884320130585,3.251814796909272,3.495690029155149,3.4633748468008223,3.3024018712783447,3.5981839240757183,3.251694519646405,3.947614761299724,3.514430499494401,3.8927125457065013,3.26049679722814,3.1146466480772466,3.8702947302908655,3.8359948028535262,3.573531575503431,4.0310421939060985,3.8684760680602794,3.9628824363876145,4.161247837010587,3.8311064645777146,4.073074751201194,3.70123822794368,3.8317828508133966,3.340462889440426,3.7465934916426717,3.864226804036671,4.0424430221282925,4.117364820897802,3.2038255643637803,3.27420583741448,3.477897541380466,3.567077655425768,3.621385845880358,3.3593325341873257,3.539811067971083,4.050310497801208,4.2925758352941425,3.4116167598275795,4.0480411318607326,3.5481837054939986,3.7649452741455316,3.608607351499258,3.30247029576479,3.563272122910964,3.902324963284806,3.3314180486861815,3.5869360862079986,3.548040666171192,3.293130149062534,2.9692842520664815,3.119885369409786,2.958817509961209,3.9658029984793846,3.4135770984760896,3.0122143936270245,3.780665966887992,3.60248662057656,3.7969307102273513,4.1715565378986845,3.9303883266636293,3.4719692843137504,4.049349985493997,3.639787217527171,3.515049007145986,3.841509032618115,3.931456054520227,4.058979943752317,3.7187082800065183,3.6210742266596374,3.9537185150356216,3.971257579934444,3.8731376852042354,3.964333365118613,3.853674533992904,3.9670719527905685,3.913345101454592,4.117318696055823
2.670958543520133,2.8018192655508436,2.905323858894493,3.1512302647015833,3.2286745248030466,2.795292447989021,2.536860783126135,2.9260426930750345,3.1283869874696753,3.3018931342551707,3.783978184293485,3.83563878833648,3.915374482305293,3.4325446780059106,3.1250992755311704,2.5281454245982142,3.326602397331531,1.7575520226703696,3.2365056332905815,2.620765234573294,3.2927025517215616,2.800949324744565,2.606469976106661,3.7183967286091737,3.3996423122376744,3.588657474195711,3.065375035396213,3.3786976951589485,3.5142063967515496,3.0099932160802045,3.622928886288796,3.0407995550787947,3.3381545667788664,2.4460471318068526,2.9227331472308755,2.937604360262973,3.5276082308459555,3.3652110500289325,3.8347514644358864,3.6049541089519734,3.616254198893362,3.527628796390056,3.403919451001102,3.5531584464766834,3.3897952059806005,3.502068216464626,2.893860618825657,3.48617337899179,3.161258679568325,3.3774051138091115,2.821631744509259,2.4272971253378715,2.881909604223347,3.170040556155043,2.975480419065285,2.9532447186985675,3.387167672524113,3.2704422026698805,3.5845384549105535,4.047095566498775,3.7807230184460283,3.7485831877399662,3.7394784548191975,3.7117581191425586,3.568903147317808,3.2868184161532725,3.371766810759608,3.640238936471484,3.1717461233069244,2.3394294740471953,2.760235504630194,3.1493157836397407,2.9285072434666164,3.2882911126900076,3.540992780620485,3.984316860650235,3.4875150292098067,3.1964217578587424,3.438737935884955,3.723969212306305,3.755235570436528,3.468510771822877,3.263194440119442,3.4460566125930194,3.426390936362087,3.0771331106411615,3.464401509733366,3.6458566245294746,2.904503843092325,3.5462270891263312,3.8269605156651405,3.466687814335158,3.5256025271802733,3.6515083475785257,3.4446079362995783,3.530631098364271,3.3613339510469777,3.3654040073331464,3.038142491819489,3.3634861239560903
3.212929850102497,3.2522515205145908,3.1725383741025452,3.5699217790231565,4.028539295302902,2.9942344442007,2.765709106930084,2.90710930203926,3.345954180454214,3.298784230172397,3.754230599800093,3.651287574746122,3.334847516896461,2.790070661576688,3.2968281073128747,3.55016109933083,2.750411434946263,3.2365056332905815,1.6278521052847215,3.377175566653892,2.7276476402295584,2.9496112807529324,2.552457564467027,3.5388297250979086,3.441253031834388,3.9714477637948886,3.381525036740525,3.4753418871207398,3.4226872075389037,2.998237872374002,3.6829007394199613,3.6173555352360647,3.640807446497967,3.0586940961812363,3.299575144847873,3.729319758533336,3.5757787326311066,3.5111031582592833,3.6938193812169455,3.5077488198423525,3.759234924154621,3.769402736292019,3.700899886692827,3.875880833789504,3.6125962145824224,3.624275713934379,3.207328511262976,3.1312132667283685,3.3453876925862804,3.774938434236676,3.208476509432321,2.9316295095563008,2.9144343352542745,3.2359493905925145,3.4238395156475403,3.36849229846438,3.2439433412344063,3.24115293131897,3.4455137453975198,3.8919835840800294,3.4455887850682436,3.4867731610857327,3.3013647665833563,3.1382004246535673,2.981112025023831,2.7522368021805397,3.842713354305543,2.8825554833420366,3.109244807454843,2.992256036195941,3.2602944583980475,3.3516803800796633,2.886477489536368,3.362890652266796,3.513290076925201,3.990777372840981,3.3660742155584265,3.3836749424883257,3.6739666654774665,3.460317041934334,3.8200118386524617,4.1108876193883255,4.072759125300015,3.9836803905793703,3.7399263948604116,3.67613129855886,3.4954805276638106,3.8639789184463273,3.5605989014162924,3.765931787429208,3.720355083181081,3.195841303531315,3.7345552919652065,3.5486440742936503,3.7799597812847603,3.8409274149544412,3.6835579794247986,3.8420349331051864,3.5191428931513355,3.7505794750476116
2.795328587054979,2.776929763661798,2.7032619083524025,3.244126880213478,2.7630083045241194,2.5682878288941238,2.7018064964027677,3.0204138064998567,3.1863403619758106,3.2647488904139386,3.7675815166252353,3.776026255742692,3.8506381970096974,3.3618617308864724,2.9517764131923534,2.7694606426641415,3.759567659386754,2.620765234573294,3.377175566653892,1.732276014173898,3.18230064917339,3.4923593851302086,3.0838770978796854,3.3689966574704053,3.1282286208604253,3.217729551082969,3.0015885081363542,3.162882783456699,3.03599753960301,3.207511012290493,3.285025695228888,2.906946232220487,3.0230479704851403,3.105122872191824,3.2822549342065934,2.4338551646822033,3.0221224099945654,2.849421600473617,3.212508793719834,2.7647017440064787,3.4068606368046455,2.79159801434399,2.981047106213814,3.003614393937086,3.055131696122233,3.2125107913647546,3.1711614032071136,3.38199424974231,2.6949382617330957,2.803860777582583,2.7176352674284248,2.6336414897970486,2.881541301498114,3.1822290502055597,2.6076502284882586,2.7849695154026914,3.043368026839705,3.1620367935701066,3.8067158185371257,3.5750010515462036,3.8976315891387574,3.3047500510885746,3.3740251349145565,3.369774479098751,3.3093029261695612,3.0574036259365904,2.7754822038546374,3.6089336074768394,3.2450397603445684,2.759514334985507,2.5504181514587856,3.38458813522107,3.1231720042027744,2.9947563923870604,3.60637403614965,3.5475544690985794,2.7765033893967668,3.1911494985486666,3.133587134701501,3.3523126243541466,3.160537943625006,2.959993729583333,2.7340463456281294,3.024902388007735,3.153759061739267,2.649445591050826,2.677369418091622,2.864424855405894,2.539821594756054,2.8960003034298354,3.359141635316783,3.5244979321247447,3.0629755143333326,3.0431177797540405,2.812789223573924,2.8849077246120074,3.015506501188777,2.7785570457869087,2.2503362015378374,2.659769431094139
3.0721562678178564,3.533451996500209,3.229695559238792,3.919263694688451,3.561159304091602,2.9998582796668996,3.228766522723813,3.3211336357762935,3.508288135561797,3.2073505774454714,4.003066965600645,3.6597827177987896,3.73521878249716,3.359780344500491,2.88188101940048,3.5150474665794156,3.3665200216933853,3.2927025517215616,2.7276476402295584,3.18230064917339,1.7445038100244996,3.2687141692586152,2.8565279719827874,3.5172967586678463,3.3572814497384327,4.005048123543359,3.4050881264889283,3.4804906555351955,3.136898181617515,3.29432531711665,3.84940815597221,3.910450574711731,3.912632897096436,3.3133208140608064,3.5442377436531993,3.8279011377035888,3.6043008694773975,3.6371355596974406,3.805374824127123,3.6796650935372766,4.060603388103677,3.959810055162834,3.9264935928934803,3.875023031083228,3.649395647679081,3.873948266782087,3.5690418275817013,3.4535680822349346,3.452547320207497,3.7211471518545127,3.30277129652804,3.5184957447721974,3.3428211691413794,3.5600297995396906,3.577208829048091,3.588958780596049,3.7207235531368084,3.815547846964905,3.7919356364093044,3.62305272866526,3.7088018737130004,3.7181705884582943,3.6948485046666493,3.8118660725244142,3.3812192810456865,3.270315397154919,3.851193800837267,3.392200789606628,3.073610098931865,3.157430821072244,3.31957351572642,3.343085445246418,2.864683993971238,3.512440795995269,3.2560562013155843,4.051635509077413,3.1634892509796972,3.603239634119013,3.789386148271636,3.8737649625066934,3.7714688796535505,3.8141014832268736,3.6944930535499765,3.870719000663105,3.54635789302232,3.571948726666349,3.184385171059731,3.617187137797639,3.7183243460487208,3.7838393959510674,3.851381282294807,3.8788649283049863,3.8765513333694277,3.7445848887114774,3.923292485995175,3.6498564556613227,3.799378011125526,3.354533129169181,3.521157336887142,3.850774444034878
