0,1,2,3,4,5,6,7,8,9,10,11,12,13,14,15,16,17,18,19,20,21,22,23,24,25,26,27,28,29,30,31,32,33,34,35,36,37,38,39,40,41,42,43,44,45,46,47,48,49,50,51,52,53,54,55,56,57,58,59,60,61,62,63,64,65,66,67,68,69,70,71,72,73,74,75,76,77,78,79,80,81,82,83,84,85,86,87,88,89,90,91,92,93,94,95,96,97,98,99
1.6095436210690452,4.065264116864143,3.940812373667369,3.9726676222159556,4.102407169232485,4.087123301755409,3.7215203938161694,3.78257036704956,3.9552540713785707,3.9549512721761144,4.076872010095793,4.062529301739222,4.349720564822317,4.1864067756777406,4.151342603463943,3.960614875774621,3.922693392980722,4.157355973310593,3.933951402064652,3.23935502143748,3.9583016611775848,3.9942846158469454,3.897516703390954,3.8951125046883117,4.034538671668863,4.080322353327219,4.254335204413249,4.239534166662808,3.9421355930688797,4.176035802197996,4.240250133866045,4.0782680834455896,4.344791177741989,4.1290577103964194,3.88825028371631,4.119885116016926,4.095443241755431,4.27434007789785,4.056613173473862,4.224263368671002,4.223363115057099,4.386573390388703,4.351528699783048,4.056677510078153,4.440927728503587,4.321608420990196,4.18462182984539,4.310792651475791,3.681098063593366,3.947693057242641,3.397751136745832,3.983652757661662,3.861908389216415,3.7012952991233052,4.132196895632248,4.195977752136893,4.124129295921768,4.0253312387735365,4.1172673091452285,3.7281485325479324,3.8636791128574672,4.266312363724862,3.9586601002661035,3.898413328914788,4.339567099755164,4.162904256505361,3.8304329166288302,3.991876289804229,3.893973186015354,4.449453973899427,3.9106704574289775,4.4206128953159345,4.121209963695927,4.181561813913013,4.136223702565492,4.001897079115365,3.644720134624772,3.8584698742409187,4.2361583938952,4.0376286027176125,4.372962270445215,4.099029477956934,3.8420850797199777,4.335025909414095,3.93756467450669,3.884521119923716,3.7366227364442213,4.114618567194967,3.866523538159309,4.014462728232844,3.7579528141946543,4.432222214645877,4.407156777666428,3.7565695103454995,4.229195983243476,3.7693179227816715,3.951461655989787,3.7490945953565147,3.7133246794337187,3.6940577546978846
4.065264116864143,1.4557949460672552,3.1247465315185523,2.5967505182144603,3.4624862463987367,3.4912655657552465,3.6114426338278762,2.922393281056875,3.6264424252989884,3.570993594725817,3.6192326312511427,3.6559027711543153,3.766677808039871,3.694010391679259,3.7787635467631433,3.0884449079194587,3.6841241056653087,3.557466152961449,3.7222011733767753,3.089359960903927,3.5097525853568743,3.603354515869689,3.6052303180069347,3.6327528240320253,3.631679558090428,4.0350661911386805,3.870665744841021,3.740253295009629,3.9006291095978813,4.058045051462576,3.5111450479107775,3.7186490051437664,4.026006017219486,3.5616567586179197,3.587900293940906,3.932837775303434,4.229907201106573,3.555239720539747,3.5864536783717944,3.732326172015455,3.707111724059744,3.755886577789568,3.4747447176173574,3.599173704940861,3.914670048280968,3.69074370462188,4.007512022566089,3.913522790064308,3.833192975845044,4.042610602194582,3.5788855592706317,2.853806102720664,3.1795882745197646,3.331115002478486,3.702732794957086,3.442204179602245,3.382794774230411,3.7456353248471665,3.57300616740101,3.7281046805542224,3.696103917320237,3.7751557137214973,3.337516930923228,3.458448081264025,3.478512923183465,3.642579811617462,3.7242623847451437,3.8927338264426425,3.5063612457108864,3.537670637743988,3.3475940170096843,3.542371600039687,3.713266419020432,3.7996745229528783,3.6573800773970624,3.4318005754826135,3.8267213914935585,3.4828226752424083,3.529115660710769,3.6073465275207406,3.801308796833651,3.8992586910651474,3.5212576032255285,3.5403892387991105,3.8102669049042763,3.5644818866355106,3.9413712657988125,3.443439849480441,3.7500655588647045,3.7343286951328496,3.7513596763712087,3.953698755711703,3.873934755211058,3.4363700086601274,3.569754734419285,3.4435936859885254,3.5982634769119666,3.746125179398652,3.6047654479739233,3.9555900842575795
3.940812373667369,3.1247465315185523,1.6322296798295797,3.640775232084484,2.865300811707992,2.6826202048142305,3.744714210087563,3.095951164575232,3.5495714671123206,3.359446895524747,3.5426700421963635,3.3417092964523385,3.669796917190323,3.7375318467685745,3.9070037990897615,3.5043729464221167,3.9554674149718014,3.666157427774595,3.838317517819413,3.4186780003390775,3.582496243594572,3.613952842441102,3.52076408824416,3.6610575539391244,3.554903375644543,3.6358271231222443,3.7179054975896073,3.6428587161309856,3.978095200825474,3.723126939657112,3.467503139220006,3.988539633011641,3.826683484727581,3.562315189577957,3.6609403467030996,3.596303405906808,3.7969338986094923,3.7787826634491366,3.715637182284292,3.563521710046934,3.9724018988461376,3.5021288540273425,3.646052959914798,3.697436101682939,3.373822418400913,3.849221665702208,3.791561568901851,3.6687893137210525,3.6641989100404238,3.7932739302367193,3.7748931554797873,2.913953048959933,3.328677927858512,3.667603493603503,2.995414987763379,2.6822998732582994,3.3403159281469836,3.5323175682699124,3.5081844489948373,3.481594157352534,3.3794067427509424,3.6884633995069933,3.208384890993723,3.486177562844023,3.7291208590769465,3.7745017173697444,3.5220444783281284,4.070463076855859,3.325360666040031,3.6806454663693953,3.7030909667482685,3.5419812941575013,3.6882732604480677,3.737631117417392,3.735448164740155,3.5961921157993153,3.951025026576008,3.7994285383292574,3.5885095286983297,4.106911066202916,4.034072032905562,3.71789959330014,3.556900679659481,3.7473427250143616,3.607288711216069,3.4438915740210083,3.76015126260645,3.85106255692074,3.6084107145152284,3.620528108996052,3.809550972197192,3.870939018144803,3.7852387814764024,3.3792109298378983,3.5631652340960196,3.702233748818797,3.5288840526484604,3.821247687668894,3.592320783006525,3.84824070661817
3.9726676222159556,2.5967505182144603,3.640775232084484,1.4787453236589871,3.852337742895436,3.7410350925676856,3.811522447014499,2.575279357286758,3.667359227588926,4.097754806992802,4.045250568094887,4.070121788509684,4.223984888105591,3.7488841170897365,3.91476099195246,3.7912855977629247,3.7031622023216664,3.393717440611927,3.8285604351905484,3.3061006364067915,3.657551440732432,3.8116370663615626,3.729646794717144,3.918565597704711,3.815234812563164,4.156880859441739,4.258716168980081,4.307792161428281,4.064407487891141,4.082960757392385,4.144213806731642,4.1274023499483885,4.261098125183229,3.914693826709168,3.99237132122477,4.023998257420813,4.156539482690284,4.122208981423005,3.91512775707622,4.234060036466413,3.780481675748906,4.327528674148202,4.041795823847783,4.012196022675865,4.095639389186316,4.258951368694387,4.094568193478893,4.004718762428728,3.946221853448712,3.828284673706162,3.8938633665285454,3.4489532814762494,3.3039021033157225,3.5560018998745377,3.842161019932197,3.6494853948438073,3.035298461076044,3.722186273030814,4.039700265060567,4.047184180865964,4.118676864213604,4.134712845127528,3.7937965144293795,3.738144692433863,3.650047239580656,3.891806556098815,3.5320438071182942,4.292656253364316,4.030947990400706,3.402087583769128,3.6878152528937718,3.8860881549227146,3.814970709448551,3.8196076169866413,3.754702161342025,3.316939496525429,3.9504635846656764,3.579442646747214,4.040838654202877,3.8639749949381073,3.995154123136768,3.9774062079462373,4.032400043429494,3.92033691145917,4.027856062804872,3.890811417563764,4.2065934731348396,3.783831848925646,3.904094358188977,4.108774204325917,3.7390864059005966,4.102518456855125,4.174637398776215,3.7520842429127614,4.0405456184201025,3.6924739519418224,4.137903388240864,3.668895175612105,4.047149190145586,3.8507415488007335
4.102407169232485,3.4624862463987367,2.865300811707992,3.852337742895436,1.5224326721853185,2.7692038477209495,3.900695940402996,3.2074815581859966,3.1849187272214206,3.968110399325085,3.8281325176931658,3.9763404636520083,3.8324576922364226,3.625708304116264,3.791741638126318,3.614173841956117,3.7513330866879,3.580822297970372,3.8238960043755017,3.610925550410301,3.398699421120374,3.4604394328757033,3.9634523914568134,3.9526725481798435,3.9869639608952907,3.4071074754040387,3.7372458611647823,3.6896362557340314,3.9010026262382897,3.694188620143938,4.056246680520293,3.860072835536892,4.312220118388228,3.6611341065544742,3.8420604806857535,3.9416867939605003,4.128943902817134,3.75476145861243,3.6109121673868114,3.883757752787219,3.71541611447038,4.054247167080897,3.710776768824489,3.7464616875737433,3.934290659071361,3.8151057212947816,3.8348729481895747,3.726944825637436,3.7243443568025176,3.5279735400374728,3.746004803083789,3.210235536984373,3.4812726910499303,3.05952096595122,2.459865152342301,3.178904162534501,3.5844244420210862,3.3882822747747254,3.9223484904036625,4.062537134482999,3.9488648963131574,3.8287636777264393,3.6856233646947167,3.4572116111537454,3.8156200355359178,3.7666690040942497,3.4882337751271044,3.8924128393953197,3.8512284016236285,3.4771082909629603,3.5086549139534617,3.442831490491913,3.6461485963252316,3.8094775150677562,3.5231268003659046,3.7892392525826795,3.6331074190355532,3.7573525546965723,3.8506406390949577,3.899026352603725,3.934471140482797,4.206104301427506,4.018306353660837,3.969302234292674,3.849639909414492,3.887495875649377,4.170803059446245,3.7943647096849835,3.959118997645295,4.201385910402798,3.9782755579589693,3.7354721272189724,3.6958024896103074,3.641624244092153,3.914218407930804,3.550825460518008,3.7459933544377244,3.928761064774141,3.7388407211004044,3.8936184243672787
4.087123301755409,3.4912655657552465,2.6826202048142305,3.7410350925676856,2.7692038477209495,1.651569187918598,3.7522776614766737,3.336973677472993,2.744307947583113,3.820191182997897,3.6839834755917273,3.86885655880358,3.7411630804447316,3.752845047156485,3.507788183647716,3.8478835922308696,3.9431710097675015,3.6726557643292845,3.6526997810807784,3.689186589381598,3.5555116428880837,3.7748665969469246,3.777514401620853,3.6273877231295866,3.5082028138433574,3.6872445039208426,3.646262886283194,3.7199638040387217,3.8425479705668453,3.875318384933506,3.621985422448123,4.004875061954018,3.907267235833008,3.9791115204654672,3.7650598807784488,3.7530385427242354,4.034791809787876,3.858009034858232,3.7349948355038425,3.8069637654439448,3.81803231032441,3.7538436322638487,3.7087105951699435,3.693309983868644,3.7615419048301715,3.792178164479541,3.81941899735557,3.823809142725467,3.541676270738026,3.7769845566749387,3.830060874867452,3.66080067616193,3.621739911182018,3.9531641833521904,3.2190035922036917,2.984889675965164,3.6727947371121306,3.218606347647942,3.930411437694943,3.999376373828314,3.6883063068999653,3.828411609682378,3.8328565387130715,3.707920690914761,3.9042539810838486,3.468444700752481,3.718147935435886,3.987912520757822,3.7032378397857073,3.778788908076203,3.621643582637252,3.8079190950626063,3.8915338061215308,3.8973197226222767,3.665480852657239,3.7088024034381553,3.8732733496318636,3.7008736914635474,3.5700505268035294,4.054868802989502,3.7014921582265585,3.723294085136729,3.7909931962227503,3.919533243375579,3.938826647574481,3.490704889443372,4.108823646326575,3.942096181852509,3.7551651950436016,3.68495208508355,3.749345203983356,3.9581731368168027,4.0151763915301055,3.601113179822522,3.9913720024859916,3.9842046650403464,3.953276416187251,3.9450475684269564,3.6835631442532137,3.8272044433022856
3.7215203938161694,3.6114426338278762,3.744714210087563,3.811522447014499,3.900695940402996,3.7522776614766737,1.6759260573460022,3.5902491317577434,3.6764989720394294,3.602485142853943,3.8253655794440964,3.5015640427761814,3.746654332624957,3.7574227051014906,3.8794163942443918,3.4584854218790877,4.024324882840214,3.9729675586377313,4.020534552276238,3.4401093333709514,3.5846540186959377,3.9702533601688113,3.6311125493962755,4.116855684117549,3.785337096461822,3.9945462160863054,3.840994741346397,3.80658536482666,3.8371931040166425,4.178159214852444,3.48849585022375,3.6932222241091948,3.9896167688945225,4.079849517837442,3.883275097592108,3.9033125176904715,3.717916212774464,3.799201699884281,3.688870003311355,3.316070262678704,4.066902852979968,3.8710220831982736,3.930447416197469,3.684644559804733,3.7999445616199394,3.752756460020424,3.9336926824161416,3.526030925640769,3.9605877888656815,3.5083483910846884,3.8523894486196286,3.709094150301776,3.318475215486088,3.80314040173402,3.7903740814255973,3.886253195273957,3.668713752836246,3.7813359440303786,3.645780906000066,3.766577193684949,3.5388888596873604,3.6420832962789067,3.5702723827271736,3.4345537144467797,3.723194027343545,3.830274520414269,3.1986436659361046,3.739154435216439,3.722073416730709,3.9164544612072567,3.6337725086453188,3.9040721808924075,3.716772636769989,3.0656797275568612,4.064618168541495,3.8616119034272596,3.8152266117302878,3.913641418165258,3.7888790531138166,3.748767524330901,3.958399399030334,3.4652219395579342,3.8726566560207787,3.938377300989524,3.8292656224328825,4.078919783397146,3.760327630798297,3.7702028840455837,3.757186058501535,3.8568210730987826,3.652351807230947,3.252735110489835,3.584815190326484,3.5396442550330263,4.117278662803633,3.690150481716501,3.8385867741319974,3.646028770738693,3.8576715277210445,3.61658657393398
3.78257036704956,2.922393281056875,3.095951164575232,2.575279357286758,3.2074815581859966,3.336973677472993,3.5902491317577434,1.3944174453282745,3.540762946346853,3.9086980760538337,3.9686263888946556,3.5245653079065193,4.055430488956008,4.126878136728132,3.945514648680292,4.038306062688009,3.7975486735732873,3.324443572120465,3.834917152351849,3.2994067157282094,3.9939920755026255,4.215792123642884,3.831592358650422,4.427376909520291,3.7299144976697773,4.173024202481147,3.9666482798295717,3.874263326373127,4.141383186004391,4.26708944290209,3.957059604178049,3.9706598413862717,4.1016300107713315,4.086045596100461,4.214563299115468,3.9827272638186675,4.343168886101087,3.905684739809469,3.945543173654078,4.273413221110005,3.9244115109649362,3.893191098847469,4.226003832623184,3.740745198509113,3.991337903616914,3.994356729137173,4.210696334886698,3.6519755881038107,3.9678281023957456,3.9185747258799393,3.6949290614474486,3.431594537308265,3.377797515987386,3.747362124344068,3.683196485650706,3.806614299123073,3.032362041904022,3.7911429036485877,3.723440873395557,3.875355579058845,3.461754127207234,4.03779619663166,3.7186384022206718,3.821889209899354,4.0427195557190325,3.867817058453321,3.693308101522251,4.099904264524834,3.8802444637347753,3.1934401697095063,3.9144929442542744,4.0464089498196865,3.986602377099284,3.9365070990121973,4.181570713553241,3.4617475997315963,4.076846240545921,3.8908177412156966,4.022882456919616,3.8586774640225268,3.608559882118183,3.54438969265006,4.111086449109838,3.940610673656106,4.099900568077518,4.226077880634314,4.3965383701590826,3.507837427316606,3.7460697434020456,4.018418639363301,3.827958828938983,4.004858378912431,3.8458353706879174,3.724840500486816,3.902092743493751,3.889598724116695,4.107156418262201,4.069719871777699,4.172764362855108,4.1486696872161755
3.9552540713785707,3.6264424252989884,3.5495714671123206,3.667359227588926,3.1849187272214206,2.744307947583113,3.6764989720394294,3.540762946346853,1.6647416914935222,3.320790806239449,3.2565377833703626,3.40638340312267,3.401740593752026,3.4358588479374483,3.401781973838972,3.60067162474332,3.3659164311167364,3.5621549360539704,3.3241559714762516,3.3896524743248007,3.1239797095360498,3.588822616674433,3.60130434534994,3.8282381328492514,3.309428735088489,3.5046943025804547,3.230696669583399,3.7798186683424553,3.409410674629154,3.5519141250020945,3.329808764702034,3.5649464628792673,3.5554552149124095,3.659712823396164,3.538789791183453,3.6673525956891706,3.7614174365093263,3.457203475104483,3.3295479405077577,3.3188782526248137,3.4579376173104124,3.449689662446587,3.3573872624875203,3.4372475950166455,3.356274844775453,3.4146389790570733,3.5882083026372844,3.4786858592834333,3.3768467614002042,3.539838185054793,3.5009864802224766,3.429877605442626,3.5265040492937807,3.4537394442136664,3.589629397494648,3.058310958721593,3.5741880979927867,2.563654129001563,3.367819126421413,3.448644427998016,3.2714234510017923,3.391247790244979,3.447786994022329,3.2970234499566815,3.6506301730456285,3.3302279418572747,3.407041772926195,3.7730112941215572,3.53352813681327,3.470401030506953,3.299040996445247,3.6378190030631434,3.53977637555873,3.11810378931432,3.5618834351843804,3.5184247527462458,3.491813696347618,3.455081652592425,3.3405559370555324,3.4030663600635367,3.5576487880648027,3.6046570822357547,3.4178351673134646,3.644014558595506,3.376128002442477,3.4054087510603845,3.60374237828969,3.693428443759289,3.5534247204452925,3.458501867323648,3.259426997321739,3.308297634993138,3.1713560911630556,3.2293018208800106,3.7827332205023483,3.347152372656245,3.3862982416017045,3.5026884651613326,3.624359914989416,3.504139035781678
3.9549512721761144,3.570993594725817,3.359446895524747,4.097754806992802,3.968110399325085,3.820191182997897,3.602485142853943,3.9086980760538337,3.320790806239449,1.4318301449759074,3.679777135606151,3.335953046301562,3.800870611713812,3.849945998409654,3.8499816679665653,3.9331093328271587,3.6749300973278176,3.488880515592593,3.7169814014670584,4.161137589504054,3.7135069382262533,3.8542669754576835,3.8357291881339983,3.885974780573075,3.79859314907307,3.9736770308975307,3.6108523724032495,3.878746193323342,4.074546381809124,3.94019431306105,3.632525366835048,3.794069990503153,3.3173712577017427,3.7337070838502315,4.268137153282255,3.709322629217256,4.097867208838749,3.751401377697223,3.4627563585555765,3.1512647515169627,3.8509653590857926,3.760139362865989,3.926022941181015,3.5371059566935745,4.106050840598686,3.5161536389982677,3.6609137754633303,3.8527243157117166,3.796609604353892,3.8302532217423253,3.9936733618591322,3.8953091144729584,3.7303745561926442,3.994452923804682,4.019856387636486,3.5198171044401314,3.9901976971166095,3.6083164522103224,2.3466807770298304,3.341834614008193,3.238719180712142,3.848088698444365,3.876900903158178,4.1243492876337084,3.897671894896276,3.9046413713281853,3.656261886395276,3.967608297351932,3.5320743476514718,3.512458022428363,3.6453790478155588,3.7782614643933656,4.108399843807235,3.0816414358224775,4.389330510865147,4.027470702016722,4.014976507468879,4.11514418626674,3.8632515130038554,3.495117241661547,4.21441019912699,3.637725784201853,4.108664450037216,3.9185120392954187,4.241284656692912,3.79824647949903,4.00990062690274,4.083308728533011,3.669105478835703,3.500772920260578,3.5237426011607873,3.330314303696423,2.987278376777333,3.7198270396335227,3.734299956116106,3.7116405341252343,3.826448005554853,4.160806315464413,3.6470714252274044,3.982610419930719
4.076872010095793,3.6192326312511427,3.5426700421963635,4.045250568094887,3.8281325176931658,3.6839834755917273,3.8253655794440964,3.9686263888946556,3.2565377833703626,3.679777135606151,1.6620160267422632,3.1085921147347886,3.2126880645491247,3.5632648807402467,3.0420914564397505,3.97436418887315,4.227283534530425,3.953539413171521,3.8331618286044997,4.169637438006692,3.4639218371402967,3.82800446501863,3.748294570186331,3.9459851938580184,3.410126919875127,3.760618196904667,3.8571303889989195,3.679203364502979,3.9652769581689373,4.027681591273716,3.6832369772639617,3.8727441805735636,3.5833972334134896,3.8897335547495366,3.8006327741498462,3.944155779643345,3.885112380863593,3.7747516067359976,3.6134332186131575,3.8562286065936844,3.8507872694644436,3.6648768714213724,3.765967862792589,3.452525773206593,3.33532413871424,3.6460487576547194,3.8515026459208572,3.7497209506552713,3.7611232059759745,3.887950711776846,3.6189163468410452,3.571306828464459,3.7642208742664125,3.487433739500722,3.8102329271704307,3.72732040679229,3.810278623293598,3.8155260461794764,3.42636513792659,3.0518850017883126,2.9138145214190185,3.266054804358509,3.6574776210382085,3.746685598566342,3.8726663357626143,3.398557808021804,3.869162663589166,3.6762803271886333,3.5861755726183335,3.914350548734386,3.7687686078584433,3.8071603993781196,3.566960618698386,3.798175438914236,4.001340710397465,3.717930128361156,3.7737912166246685,3.6097185893528128,3.9385793047177176,3.9021034069695193,3.8512699104049593,4.003857057314826,3.793403607656666,3.773920441751254,3.783624742972871,4.117939649261562,4.0786558029245485,3.6134847083862818,4.05827520330388,3.8929654479639857,3.8218274603778424,3.810616286236848,3.8447758331491,3.596477058747103,3.8119472533663536,3.705676904922914,3.7258534891939723,4.078417362305729,3.95278246879784,4.086349693278212
4.062529301739222,3.6559027711543153,3.3417092964523385,4.070121788509684,3.9763404636520083,3.86885655880358,3.5015640427761814,3.5245653079065193,3.40638340312267,3.335953046301562,3.1085921147347886,1.556442036800058,3.211022871811918,3.7699428783232705,4.0678353457190415,4.091639868680754,3.979108522873879,3.9204342655976268,4.029143135638155,4.065161686353926,4.0051970854032195,4.367080449980271,3.8486091576661767,3.7240981755177525,3.7579859349619804,3.9236684928256063,4.0684272834097905,3.956993402755035,4.085091467593087,3.9382188351815595,3.9292796673098986,4.27030518616213,3.8721528202689126,4.157918800166993,4.348978530399953,3.9073449531745283,4.219689523023991,3.809964323260103,3.773592576525802,4.069414209511555,3.8368537643587546,3.9444453063922857,3.8392712172335144,3.7251080742971894,4.317710043077206,3.722409144129568,4.050136815978917,4.074604245149278,3.8683684588012017,3.9599316979900836,3.993248561981224,4.113109262334687,4.139039685135662,3.7640240442224737,3.8641545370556902,3.9074020008452583,4.0529352136798895,3.8049227158480736,3.386476655036693,3.4490820364667565,2.4331570616395455,3.3744975270994715,3.673215742745894,3.8789108687050553,4.129415554470786,4.083294893683753,4.405191205423203,4.270693814499555,3.4554277404510927,3.6737257451220438,4.130589025652083,4.131662749468149,3.8980576804609908,4.302880008317701,4.032135923660473,3.798555808783325,3.9881832357336493,3.8063494608908535,4.196244566861821,4.228666362209402,3.854781617377064,3.8247140297974753,4.368577218191113,3.8104467953715875,3.813715653023282,4.0827677741086035,4.036887900076706,3.842601208397004,4.224240262243954,4.1279993945606765,4.129392605362283,3.850344688545166,3.9384234532323505,3.666895613564398,4.108587414617501,3.912862379068544,3.8772416864467565,4.299993057211372,4.044805506938224,4.321399466148807
4.349720564822317,3.766677808039871,3.669796917190323,4.223984888105591,3.8324576922364226,3.7411630804447316,3.746654332624957,4.055430488956008,3.401740593752026,3.800870611713812,3.2126880645491247,3.211022871811918,1.470537868608329,3.6990008802284766,3.9911541143284337,3.9428341899422286,3.9679831907051746,3.935914239310454,4.02010176853195,4.234643851654963,3.500476562171171,3.825123770383901,3.9601238421091125,3.729777001266553,3.9043933174706367,3.6282660203343418,3.732036972396506,3.6107954652003236,3.928443904800575,3.9615685633051383,3.6992005082803,3.8375569069068436,3.5803888370535017,3.957973123604279,4.227880201691574,3.6233163242712974,3.903712659530947,3.56448069146635,3.373790874818643,4.000346768247823,3.324974819741494,3.9360605156981787,3.679659535312385,3.3937667728515737,3.9656169933142515,3.53983693622785,3.86865347819885,4.037193515521485,3.918822165716056,3.8553918459398426,4.06388656410635,3.9199104046230793,3.492512020942618,4.043428026861456,3.7934704706544204,3.585672614071114,3.7964191604366047,3.8861308054584556,3.7050922899834275,3.5724353042425885,3.0486930889511763,1.9712765203324762,3.553318821214373,3.835618696975052,3.946340573257696,3.9344009469746783,3.9204625925383474,4.269802694165161,3.637295333785455,3.910181081044654,3.6410749768978476,3.859967712643425,3.4231202712060056,3.9709915027394334,3.6884205526912646,3.7923794224666763,3.9038294762702717,3.7790123424568423,4.097366079331386,3.952175062329813,3.7427558704641615,4.0255971944997055,4.096963721197348,3.805034052999196,3.6217054918300393,3.906503896875681,3.970778841669528,3.817123876992392,3.966478823288741,4.057854992921141,3.7678447518238025,3.874514283581219,3.869554400350512,3.651599404533043,3.7412636708973217,3.898996213947137,3.777284966809841,4.099562707190893,3.9600791114695406,4.166940700043211
4.1864067756777406,3.694010391679259,3.7375318467685745,3.7488841170897365,3.625708304116264,3.752845047156485,3.7574227051014906,4.126878136728132,3.4358588479374483,3.849945998409654,3.5632648807402467,3.7699428783232705,3.6990008802284766,1.7449228425502163,3.805161804052214,3.6063542045105215,3.7276536369381823,3.4245840035475226,3.648611253327088,3.7321116908801586,3.8752593788755756,3.7902569383494207,3.4503311645575985,3.8248091308604826,3.8385470029729816,3.9281839404474646,4.091912541841241,3.6942274835130977,4.2689457517241545,3.6421054382403444,3.6773995872072143,4.0771705270061025,4.149163899470986,3.554607984161151,3.662713150185888,3.7895668026359735,4.091666523248238,4.164581655107419,3.979590235407655,3.9002194459169592,4.1152360943028485,4.061590144652066,3.6617776034973546,3.9486880001541262,3.821455912073572,4.034631379766074,3.8196310168992924,4.017131178998317,3.898477010948898,3.9279491195231278,4.022113986578645,3.959388658268767,3.614896752514539,3.874927544431946,4.198515008676725,3.868655234543761,3.933343419793207,3.5825666780643295,4.068024944179266,3.8244747061584006,3.765461089695901,3.9191293015640776,3.3566458748438674,2.7298373933947397,3.4784509459080346,3.7981195405556343,3.7528489255736557,3.9234428179292253,3.6855757665728612,3.72646611087055,4.016462901235914,3.5452598273178504,3.815647579993678,4.038160754181723,4.269673008714762,4.085361390071215,4.042546957410398,4.0323986633677364,3.8750697512908667,3.961695557510901,3.7942182839163787,3.972292258887082,4.1353081363819735,4.029905284777623,4.0393962618150265,3.885671989086435,4.159037410802456,3.9244641261028765,4.052525090978096,4.123963636460215,4.212963402484055,4.150406451893308,4.181969780051156,3.5983568490424354,3.9084023700694233,4.128601036659144,4.277183207962421,4.225491638612872,4.121146898075818,4.1786455254287365
4.151342603463943,3.7787635467631433,3.9070037990897615,3.91476099195246,3.791741638126318,3.507788183647716,3.8794163942443918,3.945514648680292,3.401781973838972,3.8499816679665653,3.0420914564397505,4.0678353457190415,3.9911541143284337,3.805161804052214,1.6674624232726158,3.798885666484192,3.4616141732726886,3.376800640404231,3.2248080227251057,3.2996819393320886,3.5341875745030484,3.816976446138423,3.953087923810373,4.0622783874533095,3.870585842991324,4.004231010408493,3.7387583148594667,3.34558186694001,3.620281797869335,3.7176056879157295,3.415124614499448,3.6665272707357177,3.8453197507964005,3.306404690003203,3.7134206322072068,3.9274115688247346,3.8399770392209907,3.5783889924205776,3.6372328518525006,3.716040840288018,3.8547762137265016,3.682690098391716,3.8012297357001628,3.587856600563536,3.8557539603847686,3.6562477311768427,3.9766670214286113,3.947514629730135,3.4849528197273902,3.7756743247408204,3.7450879114288513,3.548783448828994,3.562190918986301,3.6695902828733167,3.785324759667421,3.3646634632479593,3.62963218501335,3.5860828439005035,3.4592128923084533,3.482968730255074,3.4822596831044437,3.6472789227524562,3.5016461847668756,3.848677280438433,3.8087386730445054,2.4250095552206146,3.814451049511164,3.658968078328622,3.3566164729645234,3.548727205591392,3.4865944872732215,3.8526521056200043,3.97467228955009,3.5762076950394928,4.1533062777182295,3.86789831105438,3.644555245920423,3.6367184087941333,3.5265251804361983,3.8162268364093985,3.722570412054296,3.809498139813006,3.693939740861439,3.62662945308528,3.9122932522805782,3.798438969007873,3.8787569243659403,3.700073334965145,3.7940915334029492,3.415722195833314,4.069391199809979,3.72770712204615,3.625763625068166,3.8720778939241645,3.6539393415850987,3.609549462734345,3.695588950260959,4.002246716692556,3.4710336005052396,3.8102287686673586
3.960614875774621,3.0884449079194587,3.5043729464221167,3.7912855977629247,3.614173841956117,3.8478835922308696,3.4584854218790877,4.038306062688009,3.60067162474332,3.9331093328271587,3.97436418887315,4.091639868680754,3.9428341899422286,3.6063542045105215,3.798885666484192,1.6153116405071963,3.8791698207351257,3.819494522391881,3.6904785593636533,3.414508980925005,3.679969109377348,3.940978707174261,3.7643138837061687,3.600524423012386,3.4451776967147727,4.050720689851038,3.7486738326607196,3.805798352418913,4.166777997384944,3.7530452352042207,3.405698270665967,3.9613059353441042,3.658326081090106,3.944874591556447,4.06745570947971,3.9567711034336246,3.7859958057109546,3.593606705534376,3.701750883386997,3.4398320937893394,3.546774108877794,3.8658343101767194,3.522457575958635,3.7709033255728244,3.738323618429672,3.7944083448117696,3.631082091157869,3.7004208570092256,3.9562296090963405,3.8045984583996866,3.6207341707737664,3.284596156828097,3.2558657523548336,3.6690738173937314,3.776697693996091,3.527212680311173,3.759379957065981,3.612602375717505,3.9225945196785634,3.6755664453803463,3.708341094932891,3.82309770170601,3.8129531331584983,3.456239348583458,3.8594754047516098,4.052343401717679,3.6713269814014815,3.749975113120394,3.8392815889764083,4.174620800208876,4.078240976901677,3.8692453647133784,4.14700395935932,3.619073412340782,3.969045951315667,3.7281080391547454,4.005743387055989,3.9257071240488126,3.4063332463694733,4.107525509362673,3.7030553205804906,3.774403396602868,3.874372419568549,4.1672266475240285,3.7422987453577634,3.849124040630103,3.770869198904343,3.862833559636023,3.91627403437466,4.045395070308342,3.984423626774571,3.9467329358152017,3.9486477727213103,3.5402339335805366,3.7256972257177776,4.016350679050257,3.8801043084335283,3.937828675085365,3.917265462603619,3.8878670449520496
3.922693392980722,3.6841241056653087,3.9554674149718014,3.7031622023216664,3.7513330866879,3.9431710097675015,4.024324882840214,3.7975486735732873,3.3659164311167364,3.6749300973278176,4.227283534530425,3.979108522873879,3.9679831907051746,3.7276536369381823,3.4616141732726886,3.8791698207351257,1.592192987418902,3.7878732364624175,2.418375030039383,3.452814569018135,3.7068773217185846,3.625898981700959,4.159995264067779,3.9196002322209287,3.9757439924666182,4.145614290152494,3.9597812251229407,4.005061092148157,3.8096700055871806,3.9965876877198676,3.862340989777096,3.8571834702674304,4.005614930052343,3.628092453965487,3.749146418985863,4.290400382603442,4.179519896383371,3.9703592622258417,3.8675330148526723,3.8301748849748147,3.884269419919755,4.064547479478435,4.189290120177195,3.8469868369676954,4.2939769604265114,4.202638071264372,3.9431185165797467,3.74890797547969,3.834821759910128,4.1594845656338695,3.7698881588579605,4.006210626866925,3.8209546071432663,3.935150777715959,4.070324407270738,3.878432918737435,3.8833205468844514,4.004436711593942,4.056719989034837,4.132085766123552,4.391823088622367,3.9650305720422656,4.056722913067086,4.067300793225228,4.2481797053222135,3.937542231083005,3.757465289231981,3.7271267815356617,3.8549130881519797,3.975038166986876,3.563144526619252,3.8854393148271864,4.053002504271633,3.866533338821921,4.365614581254801,4.384663340593012,3.6380223054197134,3.975957645718973,3.5751132370360548,3.875861515223163,4.365295607934218,3.982078522773431,3.861549114569669,4.0948882244920854,3.670966846745445,3.817294777915003,3.638397342510297,4.172382315455555,3.60880700799612,3.6874882583469093,3.6307210124236082,4.182624876326905,3.956451158569247,3.858412729128366,4.092713413350137,3.4826637073263216,3.964661041411256,3.620946688891925,3.5166782870925433,3.5781871815889623
4.157355973310593,3.557466152961449,3.666157427774595,3.393717440611927,3.580822297970372,3.6726557643292845,3.9729675586377313,3.324443572120465,3.5621549360539704,3.488880515592593,3.953539413171521,3.9204342655976268,3.935914239310454,3.4245840035475226,3.376800640404231,3.819494522391881,3.7878732364624175,1.4933231738771555,3.541610748603705,3.5984985078654326,3.8363790625045056,3.8433116522055584,3.3815088792651813,3.908341244741301,3.825065843635643,4.071533167171188,4.1078974697611415,3.952658452475724,4.207865188877354,3.7383868063278753,3.761606578368906,4.231005508294367,3.8254486504551424,2.984875911706705,3.6177983823500686,4.139335062443294,4.1111748015746254,3.780761212583365,3.5015199056006816,3.719969734501042,3.9377293280795014,4.148591961170769,3.929719641094203,3.7724990692689917,4.065864465319452,3.612497043124113,3.805970836170127,4.097563927826232,3.900589764334964,3.8362975199768825,4.321903336250035,4.261655615465468,4.0563647052395835,3.8946346437299626,4.052629596303763,3.97564474943515,3.964085218821778,3.9001472844798535,3.91966742167782,3.9550118608347473,4.127442649833712,3.9377720001362277,3.734665282583487,3.5059135899293397,3.5357782206288175,3.8242711151083375,3.883001962212814,3.577940437541328,3.6126065036636024,2.963938911376665,4.062259256764292,3.9557000412869856,3.814893286932774,4.021906457697339,4.098851916550658,3.977401440360346,4.132872865215968,3.9918531712650513,3.747503685136183,4.103876903449847,3.7497173899023943,3.874860621503717,3.945988561523413,3.773342286749371,4.014926030348688,3.588662886502108,3.9237916558481114,3.9080230396092657,3.93260911742363,3.8507378090296824,3.7479198358806545,3.8406193801875697,3.436597050199618,3.7582134870385087,3.8969193431786913,3.92069360492417,3.6730389321061776,3.63086577503863,3.7733128653360293,3.7475972580822057
3.933951402064652,3.7222011733767753,3.838317517819413,3.8285604351905484,3.8238960043755017,3.6526997810807784,4.020534552276238,3.834917152351849,3.3241559714762516,3.7169814014670584,3.8331618286044997,4.029143135638155,4.02010176853195,3.648611253327088,3.2248080227251057,3.6904785593636533,2.418375030039383,3.541610748603705,1.5697907593388087,3.5991359210290605,3.8457571879741677,3.9720808000577357,4.17883779193756,3.9626594146133853,3.9519364029637267,4.2019372529439325,4.184011997962224,4.089035372079221,3.8971027452870066,3.9464478642854672,3.704018042522228,4.006845289533067,3.9696325118708407,3.5076393965091084,3.916993816253784,4.069969624105424,4.227554983411317,3.958132148218058,4.0631658804690645,3.9484288641782928,4.108096292251762,3.9778858425572587,4.157975277225328,3.750616173041293,4.155488743573139,3.9202340044245294,3.9761821761111893,4.05261412461274,3.969689340196057,3.940718437688574,3.8752120830729146,3.986249012831902,3.9993691233826936,3.8953882821991397,4.139768914630323,3.778117154998978,3.8965452213799443,3.922996807816852,3.930411653899843,3.7766067561695333,3.8834867151468098,3.83021744628599,3.9505139704432097,3.723367966597743,3.8482758248661,3.3542685260945655,3.821987787181468,2.9318654073042167,3.826655794912589,4.106567464744236,4.03182545110974,3.870413331079092,4.139238279485546,4.127190443610627,4.175070010602304,4.045874005138059,3.4142847442402036,3.972457201340073,3.3573019163336184,4.242143204099416,3.7408362712017222,4.000953968087619,3.891615183025493,3.92976762687592,3.8321336916491346,3.6490392379657366,3.630552777318627,4.062199294428913,3.6358711303832814,3.5137950221703727,3.8203062573491153,4.164763152875194,3.9521074864302026,3.733705210932632,3.7484947741429036,3.4838320548884,3.7517709625452005,3.8159980772468254,3.6950251582159965,3.7691087943070474
3.23935502143748,3.089359960903927,3.4186780003390775,3.3061006364067915,3.610925550410301,3.689186589381598,3.4401093333709514,3.2994067157282094,3.3896524743248007,4.161137589504054,4.169637438006692,4.065161686353926,4.234643851654963,3.7321116908801586,3.2996819393320886,3.414508980925005,3.452814569018135,3.5984985078654326,3.5991359210290605,1.4527938546811325,3.535805044643264,3.6395325138352286,3.561496376921536,3.9548914506015933,3.4769226762708203,3.740156159547586,3.617135092725975,3.753208940955454,3.0093969219819736,3.849460568796784,3.9450057096139304,4.0097851105655415,3.8379398678648147,3.6438713115963575,3.7953301050705757,3.8325719771378286,3.696245983213479,3.6988661740215587,3.8266914620315386,3.832489471129829,3.6688840851803723,4.060096059189468,3.8015402158328317,3.6290120693500905,3.9091463386354315,3.4868501480469694,3.737811214142584,3.8212751828368194,3.0745464149652686,3.5462997781874552,3.428286469959408,3.7738401431934503,3.566629470042037,3.9310516997911713,4.070948764879225,3.70701992094274,3.6548188479898847,3.4063077733731277,3.7400419981579525,3.8511217641833135,3.841607495920342,3.8545398216868403,3.7160725345541805,3.2961868169567676,3.526663338726208,3.6204286917748822,2.9522368511365435,3.5316397339407297,3.5704397714778056,3.490694309322618,3.440471254078748,3.5362469289213787,3.894660484785422,3.364528147138948,4.182551488308693,3.551076583595654,3.225314183804948,3.7507449627487173,3.8385281986379547,3.8051793839508523,3.8810687142678852,3.453637108776296,3.322877482844831,3.569942697187058,3.6078632451979367,3.609884111185063,3.395810632044328,3.7169911653299423,3.253257511127505,3.5692763355776997,3.317944174028011,3.824998303525374,3.9002402492227235,3.4828927153835894,3.4905826767019685,3.4015368278434606,3.4344631772350325,3.1438132436076303,3.183417690299223,3.5240422359304926
3.9583016611775848,3.5097525853568743,3.582496243594572,3.657551440732432,3.398699421120374,3.5555116428880837,3.5846540186959377,3.9939920755026255,3.1239797095360498,3.7135069382262533,3.4639218371402967,4.0051970854032195,3.500476562171171,3.8752593788755756,3.5341875745030484,3.679969109377348,3.7068773217185846,3.8363790625045056,3.8457571879741677,3.535805044643264,1.5126607524013265,3.605920142914939,3.980858654521144,4.005330330765713,3.90589765396408,3.7497396254461655,4.170560655877648,4.210429398550774,3.9047629912324706,4.107798688978638,3.7582703698403734,4.293582002371752,3.8219735627384352,3.887604120748889,3.665275106141138,4.312224633555578,4.179155491842573,4.254134520938014,3.957717502921543,4.047339521736738,3.864671549639363,4.0019308225351224,3.670936219976623,4.068936581598861,4.132612957829189,4.06040855329827,3.7570564919046054,4.324706709825813,3.895209663676398,3.87035378147875,3.9622317215510536,3.7908288963403103,4.033883815119704,3.816008976573679,3.7383926478498823,3.9277284655673737,4.027294745284154,3.5948110095885113,3.9898162516734383,4.017628278311271,4.149646986652751,3.922674622477513,4.068655257226035,3.949714419249293,3.710643112548867,3.9576133366351387,3.6564372421254143,4.305801423709455,4.066481047027643,4.144180472704847,2.690157333640494,3.5354063088165706,4.070261755531018,3.9570354031916732,3.893640564760295,4.1236845423544635,3.459921036460172,4.137157273505973,3.886217604584182,4.091701845437737,4.1324614571364515,4.047225987968961,4.005621064998523,4.051584189794699,3.3191455380164325,3.860346670555579,4.123226873132356,4.1721020472279475,3.8184961573357112,3.912532808873094,3.7155077987377716,4.37187213766385,4.027406762122169,4.005112893739224,3.9975504188625415,3.8533710171681506,4.113486597386577,4.016437865635598,3.877507564991691,3.98403117510064
