0,1,2,3,4,5,6,7,8,9,10,11,12,13,14,15,16,17,18,19,20,21,22,23,24,25,26,27,28,29,30,31,32,33,34,35,36,37,38,39,40,41,42,43,44,45,46,47,48,49,50,51,52,53,54,55,56,57,58,59,60,61,62,63,64,65,66,67,68,69,70,71,72,73,74,75,76,77,78,79,80,81,82,83,84,85,86,87,88,89,90,91,92,93,94,95,96,97,98,99
1.700193453240303,3.1298417730666372,3.1052918210550033,3.041467797654549,3.4176309543639185,3.136824092703142,3.10408880099664,3.1786410939265433,3.1377951679527682,2.5060796598881216,3.1363552659646516,2.623096594666614,3.129474031236046,3.3302404891793027,3.3464456041094572,2.977913071938994,3.482253396325155,3.1275647815301966,3.3682823693462267,3.371704486121795,3.108337766243201,3.3323263698790817,3.4012460321997016,3.1292755903063045,2.946188065405931,2.9932041047989664,3.3151223707205735,3.178045971106318,3.3163879901305857,3.2345524303538027,3.359966005763741,2.500705505626947,3.021140695368874,3.2085557521426322,3.098772249161213,3.4747942092235977,3.299564763934452,2.4813791100722646,2.972172568388069,3.032342260369497,3.2983632725505663,2.8484735685126124,2.913016212392291,3.1490511867956705,3.184194934037113,3.181739619679529,3.3993891605847586,3.3571726058857054,2.9886476511610027,3.1168912277545844,2.972903310542143,3.08419898879652,2.9280062701850036,3.4265705146309706,3.130609104746798,2.900004600808932,3.2461909473845334,3.198137324453526,2.7016227757888815,2.664450035668144,2.954962395442957,3.11147569989379,3.1747476949394313,3.0176401426080526,3.538553505317714,3.2964029528585783,3.430013310144608,3.4903943403110547,3.3833921453067766,3.0388198253180048,3.4975083602780135,2.920312058355598,3.384112039714952,2.969914509931802,2.656823073748066,2.803583072183694,3.2048161991375137,3.1067666832901932,3.6823302947002343,3.301995482761461,3.155693652101981,3.4414943186553684,3.1230110611488313,3.054639814100931,3.123063692814757,3.3986079876677153,3.1641080189094546,3.1247765433618087,3.498386687764635,3.2312605232094374,3.1703507933451225,3.213613297546625,3.4206837843913087,3.2356289620016554,3.1244972414398635,3.0898015995991264,3.0654098957328206,3.504586923105452,2.7456978047433864,3.0991328030395713
3.1298417730666372,1.7878990308959979,2.913091593822231,3.112658821269181,2.8927896186799287,3.0215419883972805,3.147470241558785,2.911032039773385,3.24109694213265,2.8680643946712974,3.281059066049995,2.799748870123425,3.1772167875257127,3.4925772388467484,3.221243136064939,2.8837394132099368,3.3236921822948964,2.8084569561141097,3.2081006638355767,2.8567730467482253,2.9521612020664483,3.26217461540872,2.9791064703528094,2.9812488193657916,3.276441375057553,2.8804360755274487,3.1022824617322966,3.212773559196585,3.041620761149477,2.725169971192225,3.4953070193364133,2.9534006241395514,3.6369075996435267,2.8073166005298704,3.0534225733611735,3.068388825049724,3.2191284341363864,3.5086116798088343,3.2812931532567062,3.158824974963835,3.3583160792712787,3.3450448347669477,3.0999714325368894,3.5541978382502464,3.3768998584541836,3.147017347613294,3.380244260218025,3.319179655683408,3.1496373957159216,3.2995199566894264,2.9707842656232057,2.0710836399251713,2.4812580836477394,2.725356675133202,2.390627301494554,3.1897650550923116,2.6269994371617567,2.809446137133416,2.7846957881958625,2.805824855353334,2.87254116007283,3.2554755877839305,3.1932210390736375,3.155735827665205,3.210962426654162,3.173649812618359,2.8113377417226846,3.0615658821366867,3.000674313503204,2.356278084725367,3.057692467301288,3.2902557304718942,3.0527667838360233,2.986606344923834,2.8888559605266053,3.0025297162269124,3.10509297547584,2.7601815521633566,3.736203371386349,3.081369804115262,3.1458620817084113,3.0781985334873583,3.145163114514514,3.1776035997969734,3.289390002455879,3.0850041237369177,3.416509676077186,3.1272696453758955,3.0851289873678724,2.9902667563003598,3.340437171180431,3.028123050922225,3.095981212099404,3.3084684855859927,3.0517484662243555,3.4278334754945847,3.3835226745976104,3.376270030237433,3.301017910525171,3.487714521726768
3.1052918210550033,2.913091593822231,1.8694838988625309,3.5619113676435723,3.8417433377979693,2.4739846261509255,2.771513806867286,3.2070409016757297,3.1358025419979754,2.8522286233607907,3.523075508993588,2.9238475451248758,3.250950472131611,3.455279346611526,3.229822286863631,3.0900756068422455,3.222699373343616,3.1803138756893294,3.287869499205005,2.975130034528746,3.110865137758539,3.2830484344219215,3.5968480490454215,3.324466851015918,3.709832402777589,3.0767190840667973,3.808339186419046,3.261625282218233,2.74955372295574,3.019928964279361,3.3753007531655865,3.0309123728823577,3.4378142180951565,3.329406907405009,3.3591374179680864,3.0942934545816283,3.3825146285550294,3.298509675564501,3.2088182027686556,2.907437126187617,3.8875198841407603,3.1048032947183883,3.3260678222111304,3.514742873161085,3.590453525380282,3.4863212825685825,3.468091576905959,3.5457031449346896,3.2094169342771255,3.4584523136769967,3.0975155644506094,2.8969810866466594,3.1912585724715075,3.4969238377547707,2.840119481195525,2.6710808671107102,3.259481830070802,3.294784265504546,2.8300051519372005,3.3958457874958268,2.7931965818938806,3.2774627433774426,2.9627558479566036,3.5321851959627115,3.61535878597682,3.419258667224339,3.0840800004166296,3.3963107600116134,3.3100993353771955,3.0848313734409882,3.129844491866696,3.1108849750156913,3.325657597180469,3.27526164047279,3.09141123068975,3.0301409142422497,3.037532226310322,3.1390762607355307,3.69977150476712,3.1399394237390172,3.0813598258723474,3.3634522891985164,3.4557913874836346,3.50396266302452,3.496684806646521,3.257584119907352,3.7198967031392383,3.41205700631973,3.108380026564329,3.3523721970323535,3.4551994817359732,3.4362797600118604,3.5937176356076628,3.4234274199407912,3.550491176552754,3.2743024744434885,3.3615324268951143,3.4710466638810233,3.0798392659752354,3.537079953377785
3.041467797654549,3.112658821269181,3.5619113676435723,1.6180407921489548,3.5374263728853905,3.296183046463198,3.132157229825704,3.271748807613063,3.2647045847687837,3.1884690440733334,3.418589269588499,3.395339575416443,3.46574625776897,3.4963744064829756,3.5831531164893042,2.8172972582337685,3.2530809381621952,3.3375814616833868,3.3573942156234726,3.335276105333089,3.6010529775434876,3.314605435041442,3.316103244033832,3.526735354910787,3.5223811665425964,3.332115969612055,2.814816508980316,3.3097705899886076,3.5712111538890277,3.350313918610007,3.54738156742426,3.313717298126215,3.226351516019685,3.351891916996642,3.4230327433543724,3.2752999842707036,3.135919867770856,3.356776075462704,3.5815671963812172,3.6242961224618684,3.476286569426619,3.3935513943709608,3.3683729144159837,3.2353689983000393,3.120838701200783,3.230130426763979,3.6515517121900083,3.603149336762909,3.201807924264774,3.0736169322601747,3.542513492267469,3.027114995081199,3.335779983778983,2.779986330354196,3.2350739530351533,3.384554182566614,3.1336689052920184,3.163009361902726,3.2816512134698805,3.2624626811056494,3.296612825636824,3.3993002591541606,3.2970705382889585,3.386894097812979,3.5235685792050195,3.534980750625667,3.2159128824641465,3.205064207719232,3.4502838735857093,3.200280645478057,3.529791215251633,3.4639425842742764,3.550745489620267,3.5588177537164287,3.3454065586351285,3.333973522244131,3.417475740473764,3.3315489055765153,3.271241718338225,3.434088969823922,3.4826548582534262,3.259810319451475,2.8040090252149072,2.752429511677556,2.6381195866672833,3.1187115454658674,3.0132983582689454,3.162352124440881,3.443240576531793,3.411524686616069,3.1868667547813874,3.297221801288035,3.559842809725099,3.7393498662533173,3.5312475949267017,3.1910519162833793,2.974645845279577,3.3541585869434787,3.301437868296499,3.175175455785369
3.4176309543639185,2.8927896186799287,3.8417433377979693,3.5374263728853905,1.6944226438101104,3.4577270478268938,3.6494557367956655,4.0149831745555336,3.7895144930199924,3.6643576855382554,3.7139668121769813,3.4679308972062954,4.01617770209947,3.828397471214525,3.60433659817504,3.9306637570444583,3.8789987656576237,3.390665856838782,3.7459042069823183,3.225081530648506,3.514226257498248,3.493088035384011,3.7040025866675146,3.3027989279940377,4.09704502583083,3.8445588542930857,3.2874096551190894,3.1602676593189396,3.242262743476573,3.4350351451726975,3.7777434196913102,3.4031628913571246,3.904192845219074,3.3326763864862654,3.628128539140643,2.9847577846973428,3.192336314351524,3.9703487422907147,3.958527376240758,3.2835616233895,3.9286895492849774,3.8361523037472915,3.805781833644202,3.6402431557720925,3.77766945927961,3.578577129326325,3.7716643513776287,3.6531293245260312,3.4511068377006358,3.5943417191073674,3.612905491227878,3.3695687509447523,3.4354155953343395,3.3224872315197453,3.142592092033349,3.535112500277714,3.861696314289783,3.815664244043854,3.6991294206000758,4.026059858056613,3.8680003192030203,3.9067932232187275,3.892265033044489,3.8695015019505554,3.9456408515163583,3.693725718841168,3.529941509991413,3.6568192321664816,3.3117081385764657,3.3776792242002127,3.5042259042071158,3.4045677580184055,3.584176008236362,3.4838260099683604,3.378341055251267,3.9968008386746177,3.4366082103700704,3.2749620476396535,3.5393947535579473,3.312938398306036,3.265013278383132,3.566633579630416,3.6527899007047724,3.528179464775824,3.3920392736674168,3.863677688635652,3.3462356448510264,3.7338913511591745,2.890865611662994,3.3735614928217332,3.761987476313262,3.565723429055938,4.047449268775202,3.938499213410333,3.9241773632170918,3.734502479488569,3.6459146516882237,3.826728824318139,3.4255812580672997,3.704729737970204
3.136824092703142,3.0215419883972805,2.4739846261509255,3.296183046463198,3.4577270478268938,2.028101272173116,3.123637970295169,3.1142407205624165,2.8536374235886064,2.6848248698795896,3.2342808430340377,2.8597422780610486,3.0949712431730574,3.123183144625718,3.0395740522930086,3.1838866061127082,3.2261226569096535,2.8937896669387313,3.2489403042474665,3.0013338185034115,3.0883625478769443,3.1078699953514737,3.3201285625952015,3.3589578310784955,3.763425350822213,3.153886785997966,3.5907698279235363,3.350562487252129,2.7823897668065873,3.004385356556844,3.519019350230881,3.1944305789563474,3.3670946860804354,2.865574048145611,3.1724951238143215,2.983130362678073,3.2731991942585847,3.1954053859337113,2.940518803793843,2.820474876799318,3.5151289330859887,3.352624715790033,3.223626880379785,3.32101996527631,3.4918700719841644,3.436805053276553,3.311006946094326,3.4099942442438995,2.8589699692782964,3.337900025839956,3.150527333388825,2.86750183008309,3.047849337252379,3.179020625574903,2.751041028870309,2.2977345398127667,3.2717438607733613,2.9968501349271937,2.7984618004823356,3.1938067898335385,3.114067722664928,3.1193032374186225,2.867144389549871,3.1425777086955793,3.2342232659036236,2.996213062942356,3.2054820004315814,3.649666788265679,3.3083360781539946,2.982581841216907,3.0051698657607555,3.354236425276155,3.5256055014147902,3.0415648968413556,3.0337664242528777,3.1421010482886254,3.1056598023729163,3.094175308676921,3.7441070129245926,3.434446337507758,3.0241748991584942,3.2592266111204897,3.3189656298700405,3.36426777995391,3.38736685142041,3.0758720034163445,3.4101552741849126,3.402558741846236,2.9457089942614583,3.2923192025771426,3.599572148383384,3.427886701161912,3.3722922357383798,3.6791060739885535,3.372334951569617,3.2928257369651885,3.3949386726576747,3.3604210668837924,2.771115926835903,3.5224700938662203
3.10408880099664,3.147470241558785,2.771513806867286,3.132157229825704,3.6494557367956655,3.123637970295169,1.807050205484717,3.1962204645300805,3.556754527532319,3.1649281340566873,3.5918982236952037,3.3298978253972082,3.6489677307483985,3.782646371541876,3.6389288144656593,2.8625454237624433,3.3422222172989047,3.5735501197134987,3.4960313079105507,3.433458284017489,3.361413564799791,3.38834085655971,3.7203033594240664,3.372922820689021,4.100908773006571,3.6456358039511896,3.6177809043458136,3.481114745338852,3.6027474922762965,3.59125801934709,3.7207600063943795,3.7631623117601216,3.453919280049084,3.7255442807362353,3.6497694456923933,3.6219185443737314,3.874497265337492,3.6767159222283508,3.479198703247489,3.4760375539425237,3.8858963187876756,3.6490078300621533,3.225137313645119,3.625031439961452,3.227544028487627,3.539465055140483,3.6356851169689595,3.8832870417652594,3.313122414801492,3.653797498171026,3.5378956237306802,3.5673912162727945,3.7592148546073663,3.0301603950721376,3.7333504549963483,3.332509589487082,3.302110111041262,3.315875245092493,3.2158317297475305,3.754321129153646,3.256274543599395,3.7242633079127567,3.4154492842113755,3.7575960763713505,3.60889893476915,3.7339253870696147,3.020179056177327,3.69169165067132,3.5595157740388856,3.694243274683193,3.419810422203443,3.4330982573488185,3.8531738236533646,3.453808720335006,3.1682768592861335,3.448443007892428,3.2070162800016364,3.590293655504913,3.6772443450120824,3.7247270920403324,3.5862240048477965,3.861932384518137,3.087375815240977,3.1032074320552825,3.3068721211101533,3.400134326243261,3.8430742320944398,3.52587399749205,3.7099778358173574,3.6768404104199828,3.5545354019048245,3.5437994479012973,3.675125551645087,3.4380627722259893,3.5055025749537005,3.5576404915846727,3.150287675799602,3.8742140446091278,3.170255846708147,3.914847789396332
3.1786410939265433,2.911032039773385,3.2070409016757297,3.271748807613063,4.0149831745555336,3.1142407205624165,3.1962204645300805,1.8384041827770847,2.871072056631602,3.104308188179446,3.5218253582571615,3.0920157353009374,3.3058533909871057,3.4390268578171796,3.2863932709023462,3.219391508380211,3.4737599257933076,3.2346313778448477,2.968863927752346,3.2037149779489957,3.194171539523243,3.359506532881366,3.5686368722645048,3.674725430450418,3.4476197440347605,3.265867841519409,3.5640100607069414,3.587170579404859,3.4295616536135793,3.4326996183040928,3.1719489529210985,3.0906720024884264,3.3492563303510012,3.545559583664263,3.383077630214156,3.3230353079300685,3.564163847747667,3.484342195685192,3.528523634488176,3.3193940173209704,3.903727228089032,3.422988162580358,3.0240353350196014,3.456278684043959,3.3608140079146405,3.5139466872197227,3.755503402105017,3.803165177625294,3.3340149383305855,3.5641773137995156,3.296649027486931,3.2855223721987565,3.580006458896154,3.1673653561324167,3.261817351217135,2.9923744591166295,2.5680168256244746,2.2220260343041423,3.110257205527442,3.314105037852188,3.4619142582251947,3.327241761685987,3.1939406144593834,3.361328693240142,3.5321662914779526,3.386827974327542,3.3974896658971785,3.784257046107789,3.859557938881765,3.1780352925127002,3.1338228076523458,3.7573709644508213,3.74141809608366,3.315997599316327,3.232406327562442,3.4000858498418363,3.4232062195387196,3.5087339958448065,3.9467317505331594,3.395253926980387,3.4863887930722797,3.7696504784565774,3.284217772969927,3.301797189678183,3.295277886486061,3.5391285971431117,3.4120223246210553,3.795888474391316,3.4183943227523037,3.762723803490012,3.8275449831527375,3.3431327823511103,3.779333520008334,3.6107683335329708,3.397560355511672,3.4192857160259074,3.442253804485561,3.8038377812204374,3.0989468972688052,3.6921097538248695
3.1377951679527682,3.24109694213265,3.1358025419979754,3.2647045847687837,3.7895144930199924,2.8536374235886064,3.556754527532319,2.871072056631602,1.9673570288817117,3.0296070532662753,3.599433314023773,2.8302301910416543,2.9976979328496083,3.1298836992489547,3.0851102615044814,3.303204876598099,3.376782670407948,3.1907270620323303,3.0448813896952776,3.0421456474891264,2.9351542376214512,3.2018367136885098,3.396863553002093,3.263245062118381,3.388161007709912,3.17591085759805,3.618732462607043,3.2714755193049054,3.201869238809894,2.934691961106947,3.2719821684759434,2.8131382847145043,3.6770163268606573,3.328919990860275,3.3416392808258353,2.984776461068541,3.2372403860301326,3.3871896248023123,3.399196358906413,3.3338383440184693,3.668931834829137,3.217899243117168,3.0087998243349103,3.1888071454659777,2.9731484401756814,3.1705496793379773,3.3603426679380792,3.186684095702576,3.1184664970321245,3.33523693370882,3.151743023419342,3.1080530179707977,3.429046537480317,3.53244302559841,3.2103029732833983,2.527984664893476,3.314154000606685,2.7420677653821124,2.8399960730015916,3.257453951077786,3.1350937918987407,3.066051512489781,2.9652704444243825,2.9347744537603315,3.113193825458052,3.2156646850928157,3.4094460122720354,3.708373881350474,3.705177189996361,3.3137530430569826,3.2266615657626496,3.319302984917976,3.344775556609693,3.1521054939028255,3.227088068340823,3.166307477456283,3.22317170932807,3.3170532266429453,3.68374842418422,3.18009560041023,3.3976747059824457,3.457288533005649,3.194432642419013,3.289720131261119,3.3421385613440733,3.5678068360267137,3.4290379429496602,3.3486385631120528,3.0517483742808182,3.3478094875600055,3.5540483840029418,3.1286638241499283,3.61261525181066,3.68959693433458,3.2831242105994614,3.3472467186298953,3.363644437695741,3.4090310127608814,3.1110506930304695,3.4634698205898014
2.5060796598881216,2.8680643946712974,2.8522286233607907,3.1884690440733334,3.6643576855382554,2.6848248698795896,3.1649281340566873,3.104308188179446,3.0296070532662753,1.61874136233818,3.050717013745606,2.4671868399297057,2.766956383477617,3.124645070833781,3.132815100607182,3.148893343615024,3.104594124003481,2.5709659736527812,2.8741237518267435,2.819975403148103,2.9410015111798886,2.8079281686064426,2.6049518693811358,3.1267442389361366,3.1918897151673558,2.9810547532410596,2.9107657634900805,2.7167742687248464,2.749809913077011,3.0038371946112354,3.6352085422808718,3.0647231740494454,3.487621940779204,2.6114058127109985,2.5368511319582647,2.767071450465224,2.7938612081675913,3.457070666387542,2.769632443266589,2.53860325295974,3.1123305851834036,3.3182097771514116,2.9779876644068466,3.3829218831381747,3.320732270226908,2.8489750582570257,2.8355816729474967,3.4524896296063448,2.658621683734709,2.9824777350741014,2.934445378043095,2.966164535143019,3.242522208242339,3.290461100774062,3.058166374141022,2.9903969485858926,3.1858544229925307,2.9255130597150023,2.1550259047397917,2.967035512369828,2.522853584131617,2.990853096542287,2.954370157213655,2.994055522839779,3.134655198675222,3.278737017820846,2.9578673395863704,3.2303469726088734,2.952497360473716,2.8968638490663756,2.864788497394116,3.100055234810396,3.5819949966120053,2.370411172428033,2.7991463716489484,2.7413828094974053,2.936324187679237,3.0451821614670394,3.6352083837750717,3.219888875952329,3.3764305683143854,3.470716078141679,3.3121596978144288,3.24825301364341,3.2994371937937896,3.09008286518814,2.8091948080845017,3.270559470296553,2.9535069167195322,3.300236416230511,3.801406105476788,3.1812456579117563,2.965943985480101,3.2545040705809916,3.0573896997577346,3.449729887596511,3.092866454256902,3.306490373438419,2.910965910070635,3.297073706833923
3.1363552659646516,3.281059066049995,3.523075508993588,3.418589269588499,3.7139668121769813,3.2342808430340377,3.5918982236952037,3.5218253582571615,3.599433314023773,3.050717013745606,1.8802473096682573,2.8978871900701746,3.285337259004716,3.50812069895944,3.449615504379824,3.829692784225396,3.683704078880971,3.762180171017358,3.427695242110179,3.718700205328257,3.33282305033394,3.284851656472269,3.7064982106268456,3.676150014097976,3.567404090169818,3.394951318915305,3.3615507506713347,3.3639802662593112,3.7838299398282107,3.5427619599423665,3.6290328639471654,3.434495781250541,3.635779810977979,3.687323234625033,3.199110753391205,3.4962058008539905,3.4807238950057093,3.5766619088027967,3.5913971921013794,3.1634641642153523,3.896121503731368,3.401745238390049,2.993029366998916,3.4151422454347546,3.3843094800404643,3.5363667823828817,3.29151694811544,3.614186388238374,3.1838438642035256,3.492684533783634,3.568718025323459,3.6465338139041026,3.8440224117661272,3.8446274158108813,3.7518780710121367,3.3669771899530305,3.7787184402480847,3.7144880860130085,2.8954092195291437,3.504156865335569,3.349648957791305,3.4510458202789773,3.633251172525763,3.4191144460324603,4.0607803255299935,3.4911523344060518,3.7695611030138143,3.7894187209350227,3.674288521099755,3.7906262824743795,3.865488941638575,3.5312834514002596,3.5220401960689713,3.381533949918708,3.202812655287825,3.4537084496806076,3.6217304149312026,3.6362212399410203,3.9969974458181694,3.7850204797173186,3.543276130114587,3.6998902495516157,3.132664169399928,3.1827538729094575,3.4684440888977868,3.677787036516211,3.4821739518575012,3.785368691282124,3.6856959797970745,3.5192335557295116,3.5203822808573713,3.6034415469191123,3.9224474081132468,3.823336614462922,3.326058186640115,3.245597018193439,3.622683396140481,3.951376260019646,2.9359429424429546,3.6340189361437547
2.623096594666614,2.799748870123425,2.9238475451248758,3.395339575416443,3.4679308972062954,2.8597422780610486,3.3298978253972082,3.0920157353009374,2.8302301910416543,2.4671868399297057,2.8978871900701746,1.7132496195715172,2.8656787619345603,3.2577852571907493,3.0183640950525663,3.2005287342875377,3.2368321609150197,3.6369197174908563,3.101094796565919,3.259920676245208,2.875685923199367,2.955859900704569,3.2855934114115515,3.1208985127547035,3.198044596922545,2.976664386057235,3.3917863644864092,3.0801998750871125,3.142068760978262,2.9794759118320533,3.34053951135183,3.1006147132338255,3.4913513492929535,3.6861424375666645,3.1236296405969286,3.2752986874514156,3.416102879463732,3.252439879362665,3.4269702961161084,2.7196145130118627,3.5470214199099592,3.376962950002332,3.171390045511367,3.484443786416188,3.4676954867536423,3.316459352309245,3.367635823771536,3.2607101460356014,3.0356742311174116,3.2203160096449577,2.9619847252479143,3.253908734676701,3.564814870966259,3.43213951117936,3.2927247781065283,2.869133244810274,3.3783953022747224,3.106324371412164,2.1988632941845054,2.9682139223888626,2.574183372794144,2.9539783083516835,2.737098722761752,2.825496071706533,3.3957407703846103,3.06077372966461,3.5241473172043896,3.228975272947516,3.510580129725889,3.514490389351818,3.445702842510041,2.95452150121677,3.492053707256966,2.935402829781509,2.5588449723989695,3.01469963760353,3.109191432168633,3.1107631247992305,3.442525312824221,3.260954131462233,3.581517458851459,3.164511581959955,3.315008346208164,3.3955926783494434,3.517344831749903,3.4831644442436325,3.341239323268805,3.2559934654197984,3.3759441506683325,3.4943607916071953,3.541498175473563,3.398942505737502,3.3180904082846645,3.4466354441850826,3.3072714168511945,3.5624638597219644,3.5115728138397797,3.5022732395367733,3.132790460732574,3.2952549840907985
3.129474031236046,3.1772167875257127,3.250950472131611,3.46574625776897,4.01617770209947,3.0949712431730574,3.6489677307483985,3.3058533909871057,2.9976979328496083,2.766956383477617,3.285337259004716,2.8656787619345603,1.6593359698175765,3.441948369865195,3.142919338161932,3.4510270652587893,3.453484552758076,3.584593738688232,2.8059370721587507,3.7504150122592383,3.3458700384212405,3.432837256035439,3.8536453241566067,3.8449473821760636,3.253938337447785,3.7134023324045664,4.014204134137967,3.64283649467816,3.9109498614630476,3.2930461218435116,3.9165362006266697,3.307468056049021,3.993659089914462,3.8263475750349882,3.7368420102798563,3.78229177111106,3.979239775998417,3.3678599370076534,3.5613063629228656,3.5918311097003017,3.936069647814892,3.5531525762154006,3.375128899998712,3.3758972261275173,3.4325898242439172,3.681227103658117,3.7644514268947127,3.5276366376261215,3.471946702136349,3.741596072151303,3.086411200965685,3.27959775857245,3.643523366070566,3.911052001932578,3.376822634944162,3.1431523245753414,3.1435530911642484,3.163115549395248,2.835776702506323,2.975615364317114,2.6727592703413676,2.5034985974434543,2.87234040107461,2.775310642348826,3.593276031359769,3.1254738091387666,3.850531940251454,3.686149701404518,3.7575251425005693,3.296082424919084,3.7147379698722665,3.6093923521366307,4.090288133730486,3.6685456833152066,3.31124209384141,3.393396882154398,3.4721135506710303,3.6379305437585017,3.483433301094709,3.495974019600292,3.662051714451009,3.805288952474781,3.830691304015241,3.810647887479436,3.8047388420111603,3.7580551866378418,3.986608491365132,3.8005654134447613,3.8864598819617036,3.828402967948477,3.8049990408026497,3.3598919823143225,3.5982380587908462,3.615676035880773,3.482972915106932,3.4488119700923106,3.826770488065905,3.736332903948105,3.341402540048767,3.787267632124791
3.3302404891793027,3.4925772388467484,3.455279346611526,3.4963744064829756,3.828397471214525,3.123183144625718,3.782646371541876,3.4390268578171796,3.1298836992489547,3.124645070833781,3.50812069895944,3.2577852571907493,3.441948369865195,1.9919301632257689,2.69992003360817,3.910358721458807,3.5623011779984837,3.4576664203334277,2.850306015732214,3.4846462418623387,3.026617754871645,3.377296724408277,3.1343037668682454,3.96752930030518,3.6932041299425693,4.033124809293582,4.006059657839952,3.569964671588287,3.388938794913696,3.3599304855565513,3.9931939404174353,3.4555446439789805,4.128104081111697,3.663347140865898,3.7455987681566416,3.5991721999943587,3.7795204003862035,3.5316449874143383,3.8261604059320313,3.808175452440996,4.123679474220849,3.4619551465596254,3.5093594433643176,3.6608049446704274,3.668145016164772,3.7650593253196885,3.4372068198076984,3.0273606378187026,3.797523516203843,3.8556372784326784,3.084961519089499,3.477414241458367,3.7332544256800957,3.8099455805120925,3.48694223804313,3.275208632873026,3.564734420890753,3.509582669022372,3.188334217537324,3.648157566116374,3.428218839000682,2.9552397106185517,2.8961474942210983,2.7890957989715033,2.9081551661769516,2.5487971724374177,3.8904658479797516,3.339526363702181,3.586937605625096,3.5509504417396256,3.334841597650949,3.7563059839180575,3.2524383722890278,3.6581331275293665,3.6811974974173767,3.7678059566725572,3.5510441406150948,3.680532266080448,3.6220318238160907,3.5304720423922613,3.9559734149786028,4.077268061848553,3.7820123678525226,3.7971435062871968,3.9375144006742238,3.988636301963316,4.006000047437023,3.99831791920273,3.5479930530692765,3.9699723907071083,3.649620931368473,3.0707855904647974,3.471252188225622,3.6760790003778205,3.5496574742258447,3.8673042292024227,4.006124726190878,3.7685101819605027,3.6478405210246105,3.7616320956637965
3.3464456041094572,3.221243136064939,3.229822286863631,3.5831531164893042,3.60433659817504,3.0395740522930086,3.6389288144656593,3.2863932709023462,3.0851102615044814,3.132815100607182,3.449615504379824,3.0183640950525663,3.142919338161932,2.69992003360817,1.6245535757737444,3.859112209536812,3.4389803033191284,2.9507095763013282,2.8059232779962806,3.2947421404571755,2.523615614061839,3.5635075140389194,2.80157287282316,3.513716970849165,3.6611702943081617,3.907964114972638,4.175033540249045,3.2702906083904835,2.929944705421593,2.9174641107959634,3.938683093442812,3.5034744675755802,4.1065543272368386,3.1300294001667925,3.370469282806122,3.499024783936676,3.412339253031323,3.585784091048426,3.9597321071521354,3.418732837489082,3.7661006219808675,3.261500825330297,3.580655917660068,3.959748104465614,4.004434413221418,3.7619464178713016,3.4575613604605993,2.9956176551483686,3.4703432641016403,3.739955724674372,3.0055848904872042,3.049705968101284,3.134142931754116,3.8481610836607922,2.877866139347165,2.9051556156086047,3.482625716841511,3.323848744867448,2.745117028064059,3.4147703341326534,3.1412537538507705,2.912173254525815,2.8625996423602578,2.784760618961176,2.9773700327797097,1.9581333766890026,3.5112116578484183,3.3219999864780085,3.3032614948161547,3.0609517330193707,2.624897804601847,3.5128618738387454,3.1353594648018244,3.1830598519385975,3.1938273676670907,3.6263158710606107,3.0479695707097676,3.55718511573556,3.8552190098830645,3.8018102015631188,3.657481306742994,4.036280531457253,4.214436109534613,4.048413726360714,4.315772734311609,4.144640349553539,3.9570703491098667,3.6316919889751365,3.239463838782629,3.8344571559907243,3.7268746311194163,3.3681255798962324,3.8393429356895723,3.4113542718442433,3.273255029850569,3.8245844144819063,4.52264352196779,4.084897399695983,3.5809498508201045,4.007294906529518
2.977913071938994,2.8837394132099368,3.0900756068422455,2.8172972582337685,3.9306637570444583,3.1838866061127082,2.8625454237624433,3.219391508380211,3.303204876598099,3.148893343615024,3.829692784225396,3.2005287342875377,3.4510270652587893,3.910358721458807,3.859112209536812,1.8561731491725315,3.4611283317460044,3.6137588652004236,3.6104231443793933,3.6977770405542434,3.4859414680996155,3.9223699071214098,3.5186033698099464,3.8931968433452155,3.8743124475630872,3.788764123093478,3.360259261345997,3.8025760226209835,3.954309122260128,3.5307925122791572,4.330306596180355,3.1890985159378293,3.792138441112797,3.8707560927894993,3.738940575453558,3.8041758978193125,3.851237039529317,3.8044335679578882,3.5661275490017017,3.5038676987575577,3.679085631009554,3.9340431874392343,3.647124362465723,4.213189195285111,3.946893321369422,3.4937760267786375,3.9944553206210185,3.8432695762313083,3.5368372492359064,3.7333489343395407,3.6756171716650075,3.271494038157526,3.8552834140490986,3.293734607427199,3.5065781758135603,3.7130234116581664,3.027816772048696,3.2146332416112973,3.1881894257881385,3.5768796034631065,3.5602031053265772,3.98476772171249,3.60340686780526,3.852385249560156,3.922362088866149,3.5300496723375154,3.4993707478952807,3.414215173883602,3.895569153980106,3.3213582289194323,3.606534401814779,3.7008081028173065,4.06432650586851,3.7655899261536456,3.4297873383272846,3.4279529638035298,3.5558485775909596,3.818279220938298,3.788497615966435,3.5036554221200715,3.8288029894104803,3.7127615682372603,3.744532072953184,3.2961348406014377,3.381259704478012,3.480570769867076,3.896361033487231,3.584073938852172,4.058383897906693,4.117255393830744,3.8121369480874434,3.770742114457273,3.738985327547695,3.8584773320242856,3.5778999698514196,4.23747206590729,3.4655222455393133,3.678360855405628,3.7094095881330444,3.780540524026385
3.482253396325155,3.3236921822948964,3.222699373343616,3.2530809381621952,3.8789987656576237,3.2261226569096535,3.3422222172989047,3.4737599257933076,3.376782670407948,3.104594124003481,3.683704078880971,3.2368321609150197,3.453484552758076,3.5623011779984837,3.4389803033191284,3.4611283317460044,1.8282473288540977,3.4697019654919927,3.329160586241162,3.4742164136637177,3.704646997657767,3.6320374664434074,3.400436651088263,3.319319811168169,3.8465639020192244,3.3597190173313574,3.8392883952952555,3.7286027910308865,3.9133792538911774,3.4319084720861857,3.8376130554031107,3.68267162686421,3.457140942638338,3.6139289605506484,3.75659922274554,3.611142341416552,3.812197939304596,3.848024002903058,3.47797596854216,3.470210811334202,3.905018334154966,3.914702787145663,3.4889322524213813,3.712979442647502,3.6879217527766346,3.689677584009473,3.79780192537401,3.7443197820336045,3.4743211453276315,3.7580808071263774,3.658566729816262,3.459376558256778,3.597827548943198,3.6647913740484945,3.644399656792305,3.5534708220319438,3.4355111942205214,3.2982970479907396,3.4593685324995347,3.646706513791005,3.7947382203409075,3.743009541716044,3.3400307824627506,3.6384766681840546,3.6772766636131164,3.601078556450915,3.2882544892837324,3.7607277251889446,3.6751696066391415,3.52746477659147,3.5525797889064497,3.788923354800889,3.651203059915568,3.4085103301200554,3.518269680527205,3.872728152061173,3.5344507537625462,3.501491757194688,3.901572875148393,3.6483848678979367,3.3997047419078203,3.6245591883657613,3.561769093802469,3.5583545900407296,3.6127568010164066,3.3894068386227976,3.8836005681002237,3.449682575961794,3.6755287066132896,3.707920144887662,3.6035006600905444,3.3875835765026334,3.6468028039992224,3.7735904157800255,3.6377753236089876,3.550322167877219,3.522639003091393,3.6498392491114084,3.4541238587330447,3.8046722547699443
3.1275647815301966,2.8084569561141097,3.1803138756893294,3.3375814616833868,3.390665856838782,2.8937896669387313,3.5735501197134987,3.2346313778448477,3.1907270620323303,2.5709659736527812,3.762180171017358,3.6369197174908563,3.584593738688232,3.4576664203334277,2.9507095763013282,3.6137588652004236,3.4697019654919927,1.7296709422722525,3.4752915834697284,2.841486315129913,3.1047493811520352,3.477393189652915,3.1084718287097086,3.148055320903858,3.7921435521632287,3.233714130375584,3.6537948276852306,3.0302254813126726,3.1026021106449777,3.0005118561984334,3.549574383308212,2.9502879475229236,3.561209249770515,2.1693137370980913,2.965664435762701,2.862533909113165,3.191256568803149,3.3430876073790277,3.2632625320934325,3.04162812309196,3.3949655154191394,3.4407754962300325,3.353667333837156,3.353756143595675,3.2474243855955947,3.358483595937596,3.3974544552174253,3.4475752454033386,3.1791168193418207,3.336688159966091,3.1787265970339775,2.8572559188139897,2.7966179260243327,3.425457570225021,3.022040645380347,2.957342862390779,3.274818830806813,3.216859954244188,2.8211012914199216,3.4696946443477437,3.136203696653294,3.3893335126131525,3.024663172993101,3.3845730485069834,3.3770921366097535,3.4852737361996162,3.0939407499423828,3.5484828032426727,2.9837717037385016,2.6143098098345656,2.9429835891410274,3.1788991799534343,3.509760186822656,2.808772670842376,3.0334563654417535,3.1817424574410498,3.0513323335997162,3.098341043942708,3.7466937793321344,3.2984237341185807,3.1621353321830123,3.470074564200057,3.5114527419689807,3.582657599479993,3.677647301587587,3.5852418164681876,3.6462611376350766,3.2937330662254602,2.895553446173911,3.3189490758971822,3.863017204684577,3.2750409129466918,3.264919301805532,3.496993483344916,3.3293163654679994,3.33786023879675,3.677305168731918,3.431448475690531,3.2820921468210176,3.6228526330192605
3.3682823693462267,3.2081006638355767,3.287869499205005,3.3573942156234726,3.7459042069823183,3.2489403042474665,3.4960313079105507,2.968863927752346,3.0448813896952776,2.8741237518267435,3.427695242110179,3.101094796565919,2.8059370721587507,2.850306015732214,2.8059232779962806,3.6104231443793933,3.329160586241162,3.4752915834697284,1.6710654248313408,3.900805957224527,2.968342516926011,3.853689300750035,3.08795972030498,3.6359269587803897,3.5082187863881056,3.8073803342720316,3.444847491141213,3.6748455224963754,3.3484844069626045,3.359036738901566,3.6987382731166862,3.1889043928472964,4.327802480173347,3.357406803083604,3.4206151180801476,3.8573929349942273,3.5188645250775075,4.127847547849463,4.310318735560491,4.011643671008004,4.132285431937854,3.700406227267854,3.621977996179553,3.780072890421411,3.733082729550787,3.895164478955964,3.8920722809073784,3.3183312664024722,3.8413758900263635,4.133069941669443,3.195556691588688,3.2797224041864257,3.4796005605153244,3.9392649747029265,3.404717258295947,3.671708705363401,3.285931661535053,3.2297103448078213,3.233393226427978,3.3316579609565142,3.189994767905871,2.9280099404259134,3.313182933992636,2.8601120617424414,2.9151688751095803,2.9582644160204072,3.917661357052374,3.0394782597537326,3.6474446520678603,3.3068596199060645,3.6722495520305034,3.5801234029530193,3.591845836650929,3.3671896597936066,3.702097813544449,3.868952345443011,3.5358848986254103,3.5944283810330613,4.097125610763899,3.5917531994427154,4.05958351103071,3.901287965105567,4.304236834629174,3.8001474920750997,3.8051675965824243,3.9045140782634467,3.9173165008661073,3.918956974335096,3.822354183335353,3.8034868454113058,3.9059861641890254,3.3022437735258587,3.939845436396621,3.208515698266622,3.4121763474881592,3.9738134630423145,4.185912985036423,3.737033749619789,4.152553506791776,4.099730023203517
3.371704486121795,2.8567730467482253,2.975130034528746,3.335276105333089,3.225081530648506,3.0013338185034115,3.433458284017489,3.2037149779489957,3.0421456474891264,2.819975403148103,3.718700205328257,3.259920676245208,3.7504150122592383,3.4846462418623387,3.2947421404571755,3.6977770405542434,3.4742164136637177,2.841486315129913,3.900805957224527,1.6947004740171345,2.9004829261694876,3.374475660265224,3.0279917508009784,3.167563442788039,3.575579671486757,3.1664366632096708,3.7203501770311678,3.43128166794006,2.8431186036251637,3.1734762145108797,3.4698756290816894,3.119407152955888,3.8004212918407076,2.9947573336625757,3.3561848923682853,2.505665639091697,3.2404550725652603,3.4115012489451084,3.4188953919347367,3.018190768026869,3.379689502111804,3.4274733614540907,3.7455753731819796,3.9512059633137278,3.883344018712783,3.442395397617546,3.5845148440449277,3.6296418202193985,3.0367470973353106,3.0570790449826317,3.099322500997846,2.915396906064717,3.1951999879328667,3.554545205812648,2.9634986884699925,3.0407265159294274,3.447498316469555,3.088845691375332,2.72031567869048,3.1317953087492767,3.1050860228511725,3.5242219104527748,3.013202733047381,3.295498347217616,3.3748249343358534,3.5531182693091443,2.8044653448738344,3.604307863372475,3.4683152907285777,2.9057999110434576,2.5460004246298023,3.2588560256903256,3.5289712190694518,3.015735550169022,2.855280601601777,3.2159920604746586,2.983491981861167,3.1702227844680317,3.917006582103592,3.4833065573336004,3.3303561746271866,3.447801152117221,3.959107198456145,4.064915196655078,3.916739438706819,3.3509065552702997,3.45407591835814,3.6691150643331016,2.4945731716740513,3.297220972938018,4.208301770302698,3.7839824161301774,3.4919803551364,3.963690363542572,3.7438471469233945,4.083285449859608,3.688218447494377,3.2359347203125317,3.14648517462524,3.3469289980289427
3.108337766243201,2.9521612020664483,3.110865137758539,3.6010529775434876,3.514226257498248,3.0883625478769443,3.361413564799791,3.194171539523243,2.9351542376214512,2.9410015111798886,3.33282305033394,2.875685923199367,3.3458700384212405,3.026617754871645,2.523615614061839,3.4859414680996155,3.704646997657767,3.1047493811520352,2.968342516926011,2.9004829261694876,1.6764128475920435,3.669926528279408,3.035440424870286,3.3810812838161484,3.5173816833048765,3.609773607389159,4.032673946821535,3.4290105591878226,3.15059031083756,2.903447199340864,4.224604851585674,3.4729596936699743,3.5516222256716206,3.5787105031863202,3.3763176555514107,3.4646055455496048,3.6126599012162393,3.737500117821581,3.819942211398375,3.3812418805245406,3.786004795622829,4.247851857849803,3.56708294450258,4.142545619085086,4.203313681941045,3.7764454705587456,3.7712952724225564,2.960384793378505,3.451369526212594,3.7591914405569624,3.6417519036176547,3.3032890270048276,3.656818035674133,3.540386336183376,3.365259505478744,3.369793892622314,3.7181785645355383,3.354859161348122,2.7359759567938853,3.2954548856350456,3.0915402971600026,3.3935389813110644,3.1902933692445377,2.995591492292108,3.1220840967011854,2.8746997145568853,3.516262052655412,3.109267015071852,3.5593625446989177,3.6451817528275665,2.9216902663985067,3.329423355683312,3.367059153149488,3.3845792676599094,3.082449830011569,3.570685838844532,3.2036005585154133,3.426350338427581,4.2500137969817215,3.8452327088488834,3.9894837438730493,3.7939771831643925,4.046431857547911,4.082192675377523,4.113083291741115,3.8009892982870483,3.7947891336086648,3.6503277003351617,3.531246599190819,3.856706344999798,3.9628191154078585,3.656957681367509,3.5095129570653585,3.8610900179659002,3.4666618026266165,4.151174713443839,4.134835198207527,3.778887130583209,3.448527598071346,3.9308901698637326
