0,1,2,3,4,5,6,7,8,9,10,11,12,13,14,15,16,17,18,19,20,21,22,23,24,25,26,27,28,29,30,31,32,33,34,35,36,37,38,39,40,41,42,43,44,45,46,47,48,49,50,51,52,53,54,55,56,57,58,59,60,61,62,63,64,65,66,67,68,69,70,71,72,73,74,75,76,77,78,79,80,81,82,83,84,85,86,87,88,89,90,91,92,93,94,95,96,97,98,99
1.5755762310468158,3.7241182812091456,4.044970363429001,3.9776541633329217,3.898264738072851,3.788154534643758,4.008607855558509,3.902728386714367,4.026826281983537,3.554820049354118,3.9816695351391744,3.735490811606403,3.9395897404813045,3.826650048773145,3.898749039022212,3.7916678357343967,3.9213379031081437,3.591950855172272,3.614312539555471,3.670539437199852,3.733076451949489,3.711462258843828,3.839177574507751,4.122597093521504,3.7913697274757516,3.8023493819090186,3.831527671771619,4.037235030390132,3.7800990057402326,3.7726124032900294,3.522132807538751,4.1576689150721196,3.592086371602717,3.8239294743675636,4.085653172770916,3.9340362072574617,3.9009671794544984,4.213065662275067,3.836315269245538,3.7517378772665055,4.1190340622896295,3.897414538151998,3.9798389298235355,3.9882583861571037,3.811817634670764,4.08366311192504,4.059613125564374,3.913179518386312,3.6963213479042936,3.9432299279178284,3.1478307073574174,3.7860116787237668,3.59731162060531,3.7659137428952394,3.9317801526717058,4.034880167982652,3.7126532519823074,3.835369313037506,3.783283181383153,3.9012066662042955,4.023629083814519,3.761338618290077,3.6341965808616052,3.6335376638056283,3.865159866533653,3.7819195464566517,4.06049477122602,3.9014425473471652,3.6400189839079142,3.6323936907671803,3.810441303365113,3.8241289931499844,3.8297748262552815,4.000501688995678,3.7009329059270684,3.8880245885363833,3.7597181061311042,3.8054079812175354,3.22186661589289,4.179324167127327,3.737409890383865,3.8813390448487755,3.942870598607567,4.0372343094270216,3.758376069528784,3.7744465451237192,4.001311728929349,4.0506560147614215,3.978193071886492,3.9343307237454037,3.289801750110856,4.022069237950877,3.8844094600623857,3.5271583333584315,3.8133252463299048,3.8856176147382384,4.252585031898434,3.993238051193463,3.749571565422495,4.128503834601611
3.7241182812091456,1.7710899051492675,3.206621292017433,3.0810377659138704,3.6388315399881126,3.374699886269461,3.151048035786739,2.941758170613519,3.2602806553259795,3.738976743201783,3.882446570362771,3.5741926846162904,3.7868953912150096,3.8933943972119445,3.837905219258221,3.3232824570985944,3.853817652200571,3.21773136157913,3.981132850570604,3.02254034341462,3.7901644139279846,3.8766270105975047,3.91851373040288,3.6367259579518563,3.7204919624187704,3.918404883617782,3.6385382169062632,3.849670605407294,3.8412988174526763,3.657782450450268,3.8546931508972127,3.8701136391669575,3.425652508388352,3.3517118832307644,3.8347093292241223,3.306299558827861,3.4836944123342026,4.048128471916189,3.7212405704377316,2.865190651446737,3.4147154050408735,3.7211661805830696,3.8910096431307157,3.961424387432174,3.6800032287543614,3.783529169216379,3.710378738885066,3.766125544832863,3.297645467386069,3.4349128261016855,3.522210654198351,2.6131069520384105,2.975649423189474,3.495825156376982,3.2684677282002883,3.3956857974854815,2.9390830131053107,3.3567872180244196,3.5967594305806188,3.799945606765142,3.7130055997721922,3.944951826424259,3.7897306445908914,3.8994716055836687,4.067253159925333,3.8305912035800835,3.50123456510728,4.0596932885333565,3.7507967438149454,3.7255430947582564,3.9928667731166008,3.9189264428026784,3.7090043745536305,3.541750871556603,3.6065635678768704,3.649407564261485,4.086318229694504,3.778555031200306,4.044089385243285,3.688493899008538,3.7418191925924575,3.702253851506327,3.888589280024726,3.9135049194070493,3.8245181051633157,3.7357100294265533,3.8426610208840475,4.011935117713459,3.360666133729423,3.486253879479263,3.6073182264677772,3.697395965914979,3.95276301589303,4.009868911493201,3.8001857110691044,3.8698520458779377,3.9816971716037317,3.77984612410641,3.5138339732724106,3.663828453847235
4.044970363429001,3.206621292017433,1.7277325640799832,3.733435054631004,3.6529906577341116,3.5330168613308732,3.5308312957362635,3.271092789146795,3.0987439733588906,3.555870610312529,3.6536501318317804,3.5462386493267224,3.6863468145554434,3.762325748039569,4.014219712288464,3.9143044352948015,3.912626601148593,3.445464976092159,3.801192017230053,3.4946624633632584,3.9286374079962543,3.8762611918688705,4.1974643122704505,3.7985623472254253,3.5090504408042245,3.57680683635805,3.984344609519731,3.8606402938764037,3.8023743681107147,3.9445967973578053,3.8906399906974096,3.960640185398192,3.69972565400122,3.3567195825619027,4.063750270682392,3.5228199749796714,3.490032162940436,4.239299384144181,3.9539638009005706,3.646684227052645,3.818564481561883,3.9676894019413855,4.0644462842833855,3.7009702007485976,3.8340167263063094,3.9471002611915966,4.085224454599966,3.669063645094605,3.3517322768961955,3.4777095687279433,3.928941990827082,3.2724046665970414,3.710203406764684,3.67502908658256,3.242343384536529,3.1731492145829754,3.506869447509179,3.202760961481101,3.7399160975134556,3.8185639718236914,3.9630706264223114,4.104873739117804,3.8147769449707583,3.89806851584957,3.8387323433028606,4.141598551923717,3.6284576912086584,3.9374558191811606,3.5957823470646084,3.736392946861892,4.110902641251715,4.0005970320755475,4.115510366884632,4.292205942652307,3.6448289997679906,3.8369445632803414,3.9349500837521734,4.0306866380006205,3.9613044429952637,3.78074098333484,3.79061188593032,3.5773154397830877,3.8718175449193026,4.198631231091796,3.8981980640955936,4.027840400975396,3.7027468134994805,4.155459818241114,3.4220654377074293,3.818863853136647,3.450083008482258,3.810885106235974,4.1088033440579785,3.762540262989172,3.869520082452547,3.534205671325285,3.9177602220267116,3.9661759044581673,3.3926682358863327,3.4706305641783
3.9776541633329217,3.0810377659138704,3.733435054631004,1.690499223114185,3.5248124159995697,3.4057356046416776,3.273386858823012,3.343155531254016,3.6338099820820156,3.910119044143331,4.125647849711558,4.089819942603811,4.03146964210182,4.026647181745817,4.003003896506637,3.856525402986195,4.094150163352569,3.763059002219395,4.274116295737208,3.4469264570602034,4.029119897835226,4.328986094029747,4.0289148120481375,4.109072025961996,4.151791002836848,4.19675572808007,4.317065672424901,4.274137016780048,4.260658354453363,4.039786117916826,3.9765688301555886,3.8940191256329375,3.7912299226881796,3.863164339177406,4.45863241028435,3.753394454385126,3.8323851959948216,3.673543176146528,3.5935153640416537,3.4595233320994607,4.008489440601874,3.939032963977729,4.167944419534018,3.96916924679991,3.9167163219484333,4.290170547066577,4.19036432184117,4.302703685963351,3.4089489323323323,3.6706904531751676,3.803813388288628,3.0471551998545765,3.267745726256177,2.9346717235604793,3.6011435701404646,3.300392581241413,3.3488718428148863,3.7442126393540685,3.9217258812844293,4.0236822591820625,4.386055514687487,3.985211222372081,4.152091962085119,3.986778628705432,3.9626015377164627,3.9766567564348265,3.514508498640862,3.9820788598698753,3.8406508365084395,3.8163945187032446,3.9818880222259185,3.98271295517501,3.895608620977934,3.797911986469379,4.115432318871462,4.138663116247664,4.155444932255928,4.091067336814018,4.080649436901723,3.834517811652352,4.087340967474809,4.028242750222096,3.919982432569334,4.181930608775673,4.122170890745199,3.8589888260530962,4.047881283555687,4.302655545888201,3.5256397667359898,3.8735927346719388,3.8752857157632343,3.852092066436022,3.8032342392155876,3.9817647262758475,3.930882935945368,4.1401847014179785,4.1748233522579605,4.0281621240755054,3.4213138122864653,3.7316731220359602
3.898264738072851,3.6388315399881126,3.6529906577341116,3.5248124159995697,1.7669600028521837,3.4071306327012563,4.118135969016936,3.9372850183773527,3.878432016758525,4.063169146021749,3.7749943346411317,4.0804361406238145,3.4742303272650576,3.5845708862681027,3.677116378701602,3.992968513133167,3.7486882706106996,3.899717919709373,3.773968704799982,3.9605296784383217,3.89496035712644,3.7180358414528007,3.751504367368153,4.104867467084795,4.23978378803536,4.069218282222078,3.9681246974253703,4.123029116797679,3.9808468250430797,3.7423319347583783,4.1304481368026265,4.12961637250345,3.893267893036559,3.9011463431670177,3.9683913899656607,3.9741001929102104,3.788167743288357,3.779170450748034,4.075235301928179,4.207002826716599,4.277702309616648,4.079814438025308,4.078831007620001,3.994534535968343,3.9337074949447284,4.126266057069478,4.242509738304657,4.137688205192412,3.874271114862106,4.002333968381333,3.6906771784833157,3.5503913670166085,3.835142553869937,2.9124073775707724,3.086631721717665,3.7669213495211915,4.0278845534643075,3.476282599566323,3.8593407496515524,4.050457455001008,3.6766931317553744,3.5372061873703884,3.631992606723232,3.6947810477161727,3.947229939484728,3.724979807679027,4.031416180329483,3.469055010662723,3.6393757417257913,3.8383364797115544,3.8377375932119033,3.8817353038195037,3.823073308894652,4.267422918933923,3.946451528642185,3.8564847268945206,3.952646016715276,3.81011465578348,4.211875120128776,4.036321907720884,4.100313495019717,3.940597781465251,3.8760508828231512,4.06169492492626,3.8751926859231904,3.8637747376649347,4.076162019633097,4.18708462864281,3.69470712460365,4.2110957449811375,3.613163680127072,4.079230660369596,3.9972756023329503,3.8128399427914768,4.008624605042395,4.061124989626765,4.223185672031723,4.1575817240600585,3.664846099701937,3.8453626575680406
3.788154534643758,3.374699886269461,3.5330168613308732,3.4057356046416776,3.4071306327012563,1.676100778786993,3.404636813486243,3.7148509070778606,3.670649860716224,3.9710846535544437,4.112956050352523,3.975157741546256,3.9555194906477644,3.8650761696284306,3.8999216736980715,3.8691093465432704,3.7478643588176848,4.054388003936382,3.8968363809319397,3.719562265250759,3.817624060928122,4.092526738883313,3.8883986704657083,4.057391924194718,3.8678586850253995,4.0170573056844425,3.687071901407179,3.7920185214162165,4.2148215338377595,3.893688263645137,4.041592713038853,4.117300305842871,3.9224808338569437,4.0554114844696985,4.077705420444354,3.612273375356068,3.9730830112148743,3.8274966452269767,3.7868279878821736,3.574483891199105,4.084463163107137,3.2856571194961677,3.844943997819884,3.5435713048094715,3.858170511295097,3.863467719442374,4.335737352886194,3.955641865402712,3.776137485747703,3.911279293099033,3.820658749163407,3.1802316183408545,3.7637205430162024,3.508849950918407,2.8699072702302084,2.8776637393324576,3.993094856639142,3.8731105527540652,3.901417120180978,3.9954890684001443,3.9770437538314236,3.9725303423193834,3.9092026596723217,3.71338257699873,3.818939276428506,3.701786181518452,3.7842805630257197,3.5629196014997366,3.9037213183668253,3.9398495158832283,3.756984667324151,4.3707345453222395,3.9767503203953973,3.890977171880934,4.137881940871625,4.03839652739254,3.868487521972584,3.95694109092523,4.122064869042911,4.131503524257528,4.171445747045193,4.305314433021254,3.8461990655918314,3.9497873668466528,3.8364093657376404,4.274336341988377,4.178355401909045,3.870906411411568,3.6790938949053387,4.150679230518315,3.932229813154492,4.170373095788054,3.6973777541429214,3.675737708816108,4.132899814546527,3.780908583841829,4.003644712592119,3.9858407598453334,3.6207829166068763,3.811038747826856
4.008607855558509,3.151048035786739,3.5308312957362635,3.273386858823012,4.118135969016936,3.404636813486243,1.6586678921253681,3.6213032720745493,3.832998203450046,3.651094603753929,4.325194854111706,3.9840311122560728,4.113667982142932,4.260638068153258,4.257369497034703,3.9123910183394175,4.097850067438064,3.6769793246822675,4.04221256587041,3.6885201024184053,4.356063596953919,4.27045203361179,4.163178540554401,4.330402070442275,3.7400158216696178,4.379459099877031,4.117398091911945,4.098853567149099,4.063659828504218,4.05361642267812,4.181961632376556,4.280108355231144,4.154661630982422,3.9493398193746367,4.119301223380515,3.64541352201163,4.024730282179603,4.097481724197459,3.492776432622671,3.008440831490844,3.6877090595055506,4.106415722593581,4.401861238907717,3.7391095774942724,3.883597466404025,4.097281239563987,4.332241743343908,4.365836816331106,3.6650777203800846,3.57467136859737,4.311927427050796,3.447111277733967,3.687888694014101,3.9745700205230867,4.022442576758641,3.6988998504892168,3.042916038651401,4.099287807483935,4.033154100321511,3.819036826568254,4.280529014213158,3.9428155298444545,4.324433398081206,4.331319801473671,4.2112804813860665,4.321013478788117,3.2620506732699894,4.289196702784269,4.088195859424844,3.7770492073788873,4.467374939127845,4.128623287827773,4.40229376476896,3.9527803843981526,4.241676372496362,4.372546524272261,4.13625834418073,4.15993277390622,4.568952430724616,3.9334057943491496,4.30640473005424,4.08765976523773,4.153759069845571,4.202724245536847,4.057861784909083,4.376848026924797,4.301581544705871,4.168558550273306,3.8140686330497826,4.041393654900918,3.831240468090407,4.035350944691341,3.537847325388067,4.292618492558134,4.182137179008196,3.9000384197720432,4.305665689872873,4.468109996764285,3.7001840325994135,3.567516683794393
3.902728386714367,2.941758170613519,3.271092789146795,3.343155531254016,3.9372850183773527,3.7148509070778606,3.6213032720745493,1.6219171336060383,3.3705477777418333,3.6907021090001626,3.8293977011596234,3.6910302687691847,4.0310253947775925,4.0081808003647845,3.9902644234283136,3.7360292403329707,3.787827374383624,3.2883299478317234,3.842090728508987,3.6463764903407334,4.001089132873433,3.866791466297464,4.1212765480873665,3.7518088499978615,4.0774044128093205,3.6925320196055726,4.064138389755292,3.9679867652653997,3.728368218451045,4.059202406262748,3.9827945313800392,4.2330677929933715,4.008317267537765,3.593236433530465,4.124276066903775,3.8482378111778464,3.6858244767962844,4.1177250891653845,3.8434460355454556,3.4704940748568647,4.069400306536436,3.870651785719858,3.9923002817366218,3.782662181077678,3.726927277974522,4.045946212825222,4.035031993954609,3.9626895524176207,3.603731173817907,3.7628233639552304,3.688391436492313,3.2596190428180254,3.433900346937364,3.7201368079591663,3.721005188276835,3.299657902675695,2.681801504742795,3.0544467689749895,3.639404176820917,3.7918887149998164,4.071895670664165,4.237465000374418,3.6770134363701277,3.9852984489552963,3.8442223708735437,4.246557833255555,3.865212386245451,3.9056298512301693,3.653133297050881,3.4001817719232457,4.223231204142306,4.07990741416091,3.9493663345187784,3.8495969637699132,3.6284585331259556,3.6076227630006117,3.889494457384464,3.874727927670967,4.096452712813679,4.181425211522958,3.914280330632383,3.8844554102369804,4.025878199186273,4.25484686382198,4.076492525387407,4.129751352521116,4.034990072434291,3.7981461995319226,3.468697760372275,4.193308938765372,3.412629745663943,4.0134812035901835,3.773202207344866,3.866308031890712,3.9221440965380974,3.9357916975779603,4.02237578637493,4.204033738126854,3.4998325000430968,3.83828124565632
4.026826281983537,3.2602806553259795,3.0987439733588906,3.6338099820820156,3.878432016758525,3.670649860716224,3.832998203450046,3.3705477777418333,1.7049519895138487,3.7092221207486955,3.748630636694586,3.7098163097561976,3.7012618198770104,3.6688543997820906,3.6743209409328608,3.71917607176034,3.5289392378819375,3.0581858900600296,3.7230652532065593,3.206127195676229,3.705600081745519,3.561266141838576,3.658738612126891,3.196251549099709,3.9521292666941408,3.5803870870216885,3.7107901246648223,3.8148896678035604,3.561802284399408,3.705634171397905,3.6667492332650355,3.989013094389063,3.8908216831528266,3.1925873581300865,3.6637076927352106,3.115271396990478,3.2504860270077485,4.379604393666063,4.112587879664832,3.329696202680374,3.4094560699006022,3.7334682642180024,3.7175821067615904,3.754403637845321,3.5419754074218592,3.792670775628966,3.9907635333049916,3.8714188327414703,3.797877852149634,3.4070711952897894,3.8203687297619253,3.537353201599703,3.6958093799384115,3.7084841402668105,2.7629764175312377,3.330310275346873,3.4756824553018446,2.638117525477302,4.014294549257549,3.9116400616248166,3.9067587329049034,3.8080731748406205,3.688205172222424,3.900680120606283,3.9134954267305573,3.8162810967042495,3.6434972492200495,3.762096776961345,3.3681365045642666,3.4887924407411437,3.763797914220316,3.759140838562306,3.782487726009564,3.654164690838604,3.1846313072196275,3.4451899207929593,3.6085705025395383,3.631047982304051,3.970271793395284,3.879032356755725,3.3572128858217796,3.4131768723582216,3.9981070462671893,3.881210911562687,3.7920667458210993,3.8515476617886026,3.389412678738984,4.014348630978315,2.904343661193369,3.561723481815564,3.6662153134740847,3.929950279084175,4.069761644982233,4.113766433301795,3.862516700168102,3.940038245895019,4.090061348518214,4.080618140062627,3.504639475690007,3.233767898358012
3.554820049354118,3.738976743201783,3.555870610312529,3.910119044143331,4.063169146021749,3.9710846535544437,3.651094603753929,3.6907021090001626,3.7092221207486955,1.765195597024822,4.004206647844797,3.26346740880977,3.7231775752749914,3.975560341373185,3.8133065986145724,4.20335536493617,3.8018404762407227,3.958991292315197,3.8708413869092655,4.18783120601704,3.9482119352762814,4.001112740220876,3.991398665241511,4.014896827018688,3.62809116467662,3.759493618453044,4.069091239322729,4.069090441944592,4.07969292602582,3.9772101015170302,4.201305153623915,4.18258821403201,3.7818911252985528,3.9702409762352664,4.184036107424904,4.173612415388839,4.4178035512816285,3.953028875221232,3.72172553658468,3.7964497880326116,4.420411687671426,3.7221951285782047,4.363104928730782,4.1309159243781295,4.263991656300552,4.178703055263584,3.951056046510458,4.137843260592162,3.622747903147369,4.223932581791969,4.178475353979369,4.0375934539717475,4.126086175212309,3.8638388590785824,4.0053483988347,3.8376641010450117,3.8000349525627035,4.180400433640823,3.6513607239969033,3.726378308353573,3.746426405483619,3.803657952182852,4.08118196215145,3.9839852635383948,4.147454532648967,3.935430253279418,4.0087264599009975,3.9678976612295873,4.102187097514311,3.901326678240664,4.16747376292493,4.0731662758279965,4.137334001346498,4.192938401345086,4.014868638152875,4.30871921996848,4.286216209567053,4.134567278842246,4.293916387772171,4.3356354385247675,4.192576725683651,4.197526918239553,4.259875615320309,4.30556396247311,4.234785270490264,4.232191012034318,4.435045129310614,4.518479563413291,4.218188298792886,4.226224601208583,3.640763674848761,4.150495173558301,3.8364675030487048,4.318339270589948,3.979239080710015,4.2617041475505895,4.046441131216467,4.21335819027668,3.8335681566945476,4.191969652630556
3.9816695351391744,3.882446570362771,3.6536501318317804,4.125647849711558,3.7749943346411317,4.112956050352523,4.325194854111706,3.8293977011596234,3.748630636694586,4.004206647844797,1.762935357645367,3.472905391403772,3.7109083981627182,3.5360786593502334,3.524683859713332,4.047802396623774,3.47619164889625,3.581349084228206,3.4767574545530526,3.705851692445586,3.478471253052222,3.7177622138871596,3.95653212145354,3.124656688982977,3.745268710571704,3.7264158513287056,3.7174829077902554,3.9645066462030916,3.5551352847717927,3.728577642267063,4.182087023952255,3.8040124024732935,3.805694955445584,3.555475902593029,3.7743231151248637,3.9247976668103712,3.925476709845861,3.6218912160907086,4.084955827739344,3.9053382901810076,3.909389980705113,3.661946277558651,3.6342573572973684,3.7892294016606725,3.564904948599264,4.149720238288003,4.096431510899735,4.0921077866058395,4.078694944323154,4.188546422441419,3.7933556348542803,3.957325997961105,3.951622575245779,4.076846242892519,3.947846641640712,4.102908233312849,3.8107090537641573,3.915466221736018,4.041997277574064,3.9305349809471917,3.628491269146137,4.0628357774172,3.417912855330145,3.631014651427896,3.6864552800342887,3.5387367935940333,4.18473608340875,3.9271516868415817,3.662193777966166,3.6386020491261855,3.6995192457474704,3.9954961228987598,3.7297155573095586,4.069048658381658,3.4804614613423657,3.4048080319494796,3.5428247712935708,3.723522345770374,3.9299011484554263,3.6264264995294178,3.769563060568958,3.81539291192296,3.72111221544218,4.0242814813163035,3.586222570925112,3.7860912072083583,3.9049694977121,3.924697523224523,3.892623997886402,3.9198406666801717,3.625050251736689,3.866237264133877,4.040197445368492,4.079147873491072,3.917426663775315,3.749199653014296,4.236385866815504,3.9328472142237545,4.078711241483153,4.270935102852115
3.735490811606403,3.5741926846162904,3.5462386493267224,4.089819942603811,4.0804361406238145,3.975157741546256,3.9840311122560728,3.6910302687691847,3.7098163097561976,3.26346740880977,3.472905391403772,1.689141649219465,3.8031966307940115,3.6339727833639675,3.615055337489036,4.087829300832873,3.833605735140195,3.845517391907608,3.7284955837494715,3.958757331853499,3.8779429096998816,3.6211978417926214,3.8828998891626485,3.4528069738814207,4.057923737245685,3.5000642850859247,3.8295603323003937,4.3503665946335435,4.380248748080225,3.7337002253766682,4.121915406556546,3.988200282331104,3.8687689449617833,3.8647558145472463,3.6459421893362807,4.186166487695044,4.231738871075984,4.243187398207,3.8483551669837017,3.864913072495068,4.058161104365213,3.9011347588658745,3.981051302050553,3.915871372205507,3.756794975529138,3.757156773698951,3.9741341823205922,3.846106912570942,3.749530336532747,4.267344682858435,3.855811878529089,4.192231815180427,3.958339633601477,4.1385944643628,3.91600775825862,3.9956632315107927,4.084382229358553,4.246350525376866,3.4601540534518964,3.275934699425664,3.2475734264707534,3.984866803145563,3.4583044562385656,3.530301817764838,3.599608146852242,3.975812306804012,4.02130214517619,3.765301449321645,3.9691103579048135,3.7627932494931784,3.9511529360942013,3.662929517900578,3.8071838274346375,3.803465448116152,3.2799189968502107,3.672343893191699,4.2127208401351774,3.8261408640613594,4.101204375762398,3.8342692736441046,4.03075238863658,4.241194833256293,3.6536697435378533,3.8045405916283666,3.827272287786851,3.8132596516520847,4.450243821485051,4.1305462370966275,4.256976429224509,4.419209690892481,3.600322609115651,3.9788699989891887,4.120200175554683,3.842398214927653,3.581987499935601,3.743362428794239,3.744214722201653,3.9610138890555704,3.8134979612029927,4.238598266408175
3.9395897404813045,3.7868953912150096,3.6863468145554434,4.03146964210182,3.4742303272650576,3.9555194906477644,4.113667982142932,4.0310253947775925,3.7012618198770104,3.7231775752749914,3.7109083981627182,3.8031966307940115,1.716616950511197,2.8952384561085847,3.395150308894706,3.8513718601120854,2.777192636378837,3.351539890763812,3.138070620998297,3.64451957057559,3.2367618565895584,2.84350303668129,3.5053077520584033,3.9232841935815452,4.111443098069311,3.7363501537791723,3.7269622677289713,3.683112409606819,3.7104863094119285,3.568143580600777,3.683290754158061,4.027907251414582,3.7692263401797494,3.1835012979421013,3.6265398693160775,4.066041021885116,3.970575461663591,4.102779551701399,3.74229582619194,4.3058619525408215,3.99818685473718,3.7765767972249558,3.598213429643606,3.8197048016517363,3.5424702568812845,3.504398272928729,3.7622977726442404,3.610199463960214,3.9617655478483433,4.069356647043126,3.423500015841756,3.827508874200146,4.034417739801132,3.7807879312757042,3.3329374446224267,3.5346161806788183,3.9222432702336802,3.782474456182775,3.7753122708109976,3.723857937909406,3.5577350585734098,2.7981970618539145,3.1427300679157546,3.417067781150074,3.6990842380959355,3.511118680626757,4.040569311640135,3.1486161122403953,3.3943436224004735,3.4110085394089493,3.544776521803669,3.5607287098566873,3.5817069309667153,4.291765952853818,3.71683437566806,3.842602795857979,3.5352917296126085,3.6557820196947852,3.8107015457887115,3.775194627089543,4.103728287652168,3.771852942300404,3.713200695133546,3.864161659785486,3.780421032320434,3.9213717302952276,3.8115608681775304,4.097777090755615,3.846371246202192,4.22819374896442,3.396243522695113,4.015824779148163,4.164826720294282,3.8077170402641647,3.86472792383503,3.7114497730469322,3.6808821972318646,3.8419548263375205,3.7048887445706757,3.868568660768739
3.826650048773145,3.8933943972119445,3.762325748039569,4.026647181745817,3.5845708862681027,3.8650761696284306,4.260638068153258,4.0081808003647845,3.6688543997820906,3.975560341373185,3.5360786593502334,3.6339727833639675,2.8952384561085847,1.6109261763037788,2.4998168135456775,4.130477008912239,3.1892799194223103,3.473101968163997,2.9404941873971246,3.7040934587618577,2.6607258251736248,3.3257338514876387,2.6787262301370895,3.995227354265033,4.13484891058954,3.7883927239592383,3.455027380930763,3.5307612138938045,3.6605331127854472,2.970471630656112,3.8175048598609327,3.973570347149433,3.910431095761328,3.184591481479778,3.4207529344110714,3.9767120590246536,3.8128091864965525,3.9713748421916413,3.932723517180288,4.1585137851428255,4.052728190627406,4.101781671411025,3.8033497205490594,3.641108937790812,3.5634945307502703,3.776142626253094,3.8636717509891256,3.764218694402475,3.8214033232692812,3.822751753012635,3.7545642495609206,3.9054721711067293,3.9307969865834136,3.762416387257031,3.6533942948184124,3.6552490713351435,4.052194936161482,4.117584932787564,4.224659439606157,4.045288028961411,3.6716438943052765,3.089848329267466,2.8966129568576573,2.8911048312630263,2.968466519182282,2.586892104934386,3.9099200987381897,3.198796369519961,3.514320434335334,3.5140675774021473,2.959489795120404,4.024089429301738,3.020513582184407,4.512476725194017,3.699796102526842,4.0304775397126615,3.8187911640123353,3.3310856575478125,3.8258894820875264,3.749194805112405,4.064993693162932,3.890924062382605,3.7228354733040776,3.8200455774230337,3.7852960777604125,3.9129406849476194,3.968013986584687,4.1245609005457835,3.7737223599331458,4.256878855181015,3.6095896217198162,4.004442329452403,4.370456673839665,3.815972073026273,3.872083905825898,3.9346102506935603,4.076475226718789,3.8721335654850595,3.5999837754792923,3.827166627405256
3.898749039022212,3.837905219258221,4.014219712288464,4.003003896506637,3.677116378701602,3.8999216736980715,4.257369497034703,3.9902644234283136,3.6743209409328608,3.8133065986145724,3.524683859713332,3.615055337489036,3.395150308894706,2.4998168135456775,1.6716514219240013,3.6058197237625724,3.6767936199084303,3.3516420102693703,3.349433200352075,3.696697540376715,2.941904592928503,3.6061746384231523,2.7499052584433925,3.8518101094500183,4.008800137363821,3.963416525895068,3.447418885066257,3.617575853486351,3.880835020935153,2.9456291102431478,4.026345001463273,4.1936617358264,3.5929279775741634,3.4734812356453495,3.604859725141943,3.9518044687281937,4.161157786181862,4.047428897805236,4.014737095565797,3.887810975413546,3.913958981460255,3.7396759158791104,4.0943321064589515,3.5415099066178217,3.826989596091821,3.600692730511563,3.7436820739751053,3.6119531319408846,3.843906666375097,4.022133074114171,3.7729567537016746,3.667517601094349,3.7963644447208447,3.7846068457016093,3.910517029018286,3.724279772977827,3.704099660610302,4.125123270017617,4.150944523539493,3.786502791436772,3.348749341369357,3.2476390740508916,2.982729659105508,3.073040236530267,3.1634096199038213,2.455826818307955,3.797943804048376,3.2333609272185786,3.62730582273925,3.2941318226351983,3.2048604708325397,3.808811053775753,2.9066067563637863,3.966510018279323,3.4348561923533505,3.9230880713983516,4.058889775456241,3.4423086123834943,3.8624758881289516,4.13590975082865,3.924368926486066,3.9689093980871237,3.9181293447051098,3.752363102266447,3.5816034765870657,3.7914488809857074,4.167557339623635,3.998420740688092,3.9170246568714804,4.101738254144126,3.6001207926651704,3.8542727680640634,3.8613167940511763,3.8468037165164044,3.940078879617199,3.732855303471702,3.8466013399224805,3.619105912387186,3.7702275197577197,3.8753107252205172
3.7916678357343967,3.3232824570985944,3.9143044352948015,3.856525402986195,3.992968513133167,3.8691093465432704,3.9123910183394175,3.7360292403329707,3.71917607176034,4.20335536493617,4.047802396623774,4.087829300832873,3.8513718601120854,4.130477008912239,3.6058197237625724,1.6774294472251723,3.8874492127533657,3.725261862171247,3.978659568482235,3.7630891776958437,3.9926322810603008,3.7005519183266546,4.075459500190932,3.9590507254292655,3.949224070686321,3.9694996834667338,3.8079781490381945,3.8415355607999704,4.063667942233162,3.809051157740155,3.933834381524266,3.8316815142290546,3.5142976114727262,3.8131283300474847,3.8238444837116896,4.1058591774446995,4.157807174623726,3.804292008899609,3.974534756731759,3.7123521459977122,3.840673108963679,3.9974339258308405,4.033184195837256,3.802385794375512,3.7907095650367637,3.9588242839543835,3.8539950580511606,3.85228490703158,3.9546072528016123,3.970466533039172,3.52337376899787,3.460862517079943,3.385766491160034,3.5373504086452625,3.9165744030154297,4.05569887218023,3.857839016510572,4.05601866955124,4.068160368418812,3.9800928864530696,3.874651734677271,4.049866174641355,3.9468125360233492,4.012973662339663,4.301188357529299,3.9729244392154093,3.9247577236593054,4.039837964267202,3.919148883560838,3.9123717496424693,4.17546597392759,3.648083363289781,3.9062395441194293,4.004087180967652,3.894137187441064,3.7694574318330463,4.046275129039382,4.089321762621248,3.801837749623666,3.7118754160584335,4.162737043948521,4.122092530065615,3.8184463950968968,3.870360741182551,3.7775773834502067,3.8946276200780314,4.1998869076737035,4.045038913363454,4.168533787658894,4.03252255423071,3.3376207665160145,3.8802958533751957,3.6443513348853487,4.042632555803462,3.9259429322456634,3.7722932616570732,4.069934677249668,4.0200737655742635,3.7582245423582648,3.911901865749246
3.9213379031081437,3.853817652200571,3.912626601148593,4.094150163352569,3.7486882706106996,3.7478643588176848,4.097850067438064,3.787827374383624,3.5289392378819375,3.8018404762407227,3.47619164889625,3.833605735140195,2.777192636378837,3.1892799194223103,3.6767936199084303,3.8874492127533657,1.7824664447594887,3.3383819914898023,3.160986690561784,3.6074676819675884,3.2208929198595118,3.057808885500337,3.7541002876488605,3.463122480964316,3.811546467702595,3.7919011771484468,3.221404152642666,3.539654875753063,3.4048035189781896,3.5821985866403887,3.660746752936152,3.779528580660562,3.579086853432064,3.2695374823267205,3.5350135250591013,3.7185437702837922,3.9275562455315227,3.618949185058346,3.984086534989871,3.8135133291920504,3.699763528421769,3.7251600713839688,3.791081663604139,3.8913630420561973,3.1966360506035287,3.652839809394862,3.785411198581984,3.728522430808492,3.610785528687952,3.6493684521688214,3.4012311247037506,3.755066174784987,3.9192143271877122,3.902988186817023,3.6468195453961814,3.7483292017759875,3.590869091946302,3.774301607924183,3.813072446669106,3.6413586926832457,3.506908422910044,3.242216618758997,3.2472827859005085,3.4302663349246263,3.6308636032131725,3.382167398548422,3.599287240807244,3.2388622789305606,3.425969258282466,3.312084438928391,3.241264768221876,3.6448630512601246,3.5329429453198795,3.8112996642564982,3.382973105765501,3.7723458077976484,3.253455446580628,3.468253353971149,3.6464113814783556,3.7392897715096534,3.578627465050695,3.5768705843216733,3.3685007429247396,3.681578284143358,3.240970234055858,3.6626207915990663,3.785645054256297,3.947041116209786,3.5680334681638173,3.727005036446975,3.3159355229364667,4.0284443268982635,3.718941084471908,3.4953940190039883,3.610713165484972,3.920437583877069,3.9609177326192864,3.7756142313370264,3.56367467705113,3.571500986814635
3.591950855172272,3.21773136157913,3.445464976092159,3.763059002219395,3.899717919709373,4.054388003936382,3.6769793246822675,3.2883299478317234,3.0581858900600296,3.958991292315197,3.581349084228206,3.845517391907608,3.351539890763812,3.473101968163997,3.3516420102693703,3.725261862171247,3.3383819914898023,1.67870877355481,3.2401880352007213,2.754146843722401,3.327873766411224,3.401299427385941,3.4870523698912352,3.508578756383266,4.10843513121145,3.8543488750359516,3.8268584090407276,3.5836829849017575,3.451146587722203,3.8309200633025924,3.9695584059607905,3.783180741555707,3.935058329996664,2.318524698254863,3.727646748322968,2.9930296997163235,3.617330512796769,3.919578799040524,4.1251609059078955,3.4744782396339513,3.254628069726025,3.763087010985346,3.792371619869753,3.5636833906331193,3.3446047045334435,3.9194835955605125,4.149116138494496,3.5478242620973472,3.845195728769984,3.2689963848219734,3.8190929974659187,3.4306745145106277,3.2874376514051082,3.6662426250782385,3.5489332592451515,3.641448912633509,3.10000469312178,3.640722663687008,3.9103443534968343,3.853554133495388,3.86378907003868,3.274896413787527,3.4775184230932554,3.6715781635700546,3.6471325300359347,3.6084934782061913,3.3407652809489505,3.5708234604182447,3.3601418002260997,2.832833548687517,3.618897125556455,3.7390657751836818,3.463132748591015,3.7461867226800423,3.732295978037428,3.676951310150803,3.488658020726584,3.7624269458830097,4.119619538729449,3.5748650179408834,4.089909359512746,3.5377185789300256,3.624043628202887,3.861726285951574,3.8998550413735344,4.102589640045398,3.9090191533786105,3.936406581339051,2.9734858896676313,3.7987654325873987,3.801339010430725,3.7906960671249403,4.147264995673173,3.707105125338455,3.9403454574604186,3.852341345852308,4.029336369482997,3.8791558043136787,3.5530650555546406,3.301981059345372
3.614312539555471,3.981132850570604,3.801192017230053,4.274116295737208,3.773968704799982,3.8968363809319397,4.04221256587041,3.842090728508987,3.7230652532065593,3.8708413869092655,3.4767574545530526,3.7284955837494715,3.138070620998297,2.9404941873971246,3.349433200352075,3.978659568482235,3.160986690561784,3.2401880352007213,1.7953468593763737,3.8076502226227227,3.078194943415457,3.022587836216428,3.2294240949110034,4.01872163986947,4.128374570446705,3.5967972879721097,3.8500313310348213,3.791108583013119,3.3296979287905244,3.5285184314429934,4.003692622805263,4.252786816896544,3.915584446192816,3.172610201228575,3.4150738009910615,4.181480320747648,3.8833360648061466,4.120596598293461,3.9749898171501528,4.088283197003622,4.337163499235014,3.8343905022206113,3.8124534543301207,3.9200075572045265,3.4377329237855077,4.109855820614381,3.9949944704662492,4.0662393401044525,3.8177476653124107,4.167272220807785,3.9486439897994066,3.9692890386990416,4.168220262873132,3.8244943114073986,3.97591578148823,3.7222235062297506,4.029198609758013,4.281906551550629,4.120669309839603,4.018410394346833,3.890363117990441,3.6078922505333457,3.26223929771021,3.3062733607595995,2.9908022917143837,3.2524109459551753,4.191919911814852,2.969153565242253,3.366702329439625,3.338164482115277,3.0738873664207502,3.76184926864223,3.3341383229205186,4.341105280581454,3.773937078696458,4.034546983267739,3.3466299597921885,3.6610237484949764,3.94267809498557,4.103046259542915,3.9215006621925403,3.9824340553138016,3.593656980002182,3.8726581416638504,3.9192196931939405,4.107620635501743,4.0735662746211165,4.112976319652325,3.9117952540207392,4.2582363578470135,3.8534281775741888,4.0901645334101815,4.031565836875324,3.9106140912256655,4.097328632720286,3.9066214326380764,4.239048016918123,4.031809020375195,3.8275140138440604,4.042684487013099
3.670539437199852,3.02254034341462,3.4946624633632584,3.4469264570602034,3.9605296784383217,3.719562265250759,3.6885201024184053,3.6463764903407334,3.206127195676229,4.18783120601704,3.705851692445586,3.958757331853499,3.64451957057559,3.7040934587618577,3.696697540376715,3.7630891776958437,3.6074676819675884,2.754146843722401,3.8076502226227227,1.711955533804295,3.5941580040926477,3.7481127804458034,3.9936864080077177,3.50408424401207,4.032383893163112,3.9779708467945167,3.7023273330318887,3.7204022840764104,3.663889907420609,3.7581850019549625,3.9379101566267343,4.286167073621102,3.6058754905694,3.0473326474962588,3.7214856697042493,2.981505848863008,3.5763759622514284,3.852200581827774,3.8649938210374293,3.453404007311217,3.2410975695914295,3.809406496334789,3.7291322098129367,3.3917473119082313,3.577739117437487,3.8453675463717025,3.8704527942102462,3.6464113377108918,3.6079861817459453,3.0042856304175536,3.7364670771051527,3.3149830248128485,3.283382218115221,3.7043867359260805,3.3330040431433696,3.478311056497014,3.3451091848189347,3.8641470108040123,3.9791213043634914,4.085516747582849,4.0913547582698415,3.521297220624662,3.810338007039023,4.038958692593326,4.037659235447885,3.8222686491781195,3.27035539631928,3.978531123095257,3.788059706321919,3.6316595154148392,3.86701970035488,3.85282776521514,3.925361831278491,4.0845457501323335,3.9422920747212635,3.8193516456123042,3.8718285246565487,3.942044790364533,3.8158308832693684,3.890529083399019,3.907884087527148,3.781977285412075,3.659663676512996,3.794138619300169,3.79775056981007,3.7998442135033113,3.9857253342565584,3.9454489688670114,3.0264226406168873,3.6590193412985275,3.5457063957101194,4.031697074724583,4.013372508547641,3.648645693798337,3.700374041218169,3.4600291853678384,4.121119506968123,3.963403821839664,3.499116348333672,3.404679256557639
3.733076451949489,3.7901644139279846,3.9286374079962543,4.029119897835226,3.89496035712644,3.817624060928122,4.356063596953919,4.001089132873433,3.705600081745519,3.9482119352762814,3.478471253052222,3.8779429096998816,3.2367618565895584,2.6607258251736248,2.941904592928503,3.9926322810603008,3.2208929198595118,3.327873766411224,3.078194943415457,3.5941580040926477,1.727080901761788,3.584176412377121,3.3597282859042856,3.583614186044092,4.263951531184674,3.8719744508650615,3.46410732660912,3.805939932267378,3.4098031488748597,3.436870117341444,3.8126740876185345,3.832634485808847,3.6729200316754813,3.0303980620951845,3.6094391184449015,3.7241561818450184,3.644468868274203,4.08377512514407,3.979892678033844,4.091192671314289,3.665856370204708,3.8773435210275147,3.743610315045045,3.6294679724760286,3.2502018193685873,3.743871005562606,3.634903534479593,3.5607523256717037,3.733029593757259,3.6978949049242598,3.4174354340642483,3.7935081819962093,3.745081184990924,3.977699912847365,3.5977643918959576,3.6490941921163267,3.6493862561796977,3.7350808834729157,4.113012415365448,4.2152835567789015,3.8122432183920933,3.428171006995375,3.3105348851150938,3.5944907751735804,3.6423569241413727,2.96526919353612,3.7614609630729423,3.7713369201537152,3.482457394186644,3.6734691562513184,2.8035601488514783,3.8318797297362166,3.4487572016895283,4.01069050804759,3.554031788569573,3.820236058083955,3.636779925813953,3.3640914308194856,3.813107387096104,3.7545818281868364,3.7654943310835463,3.776091763727448,3.499271619967756,3.7739548667286473,3.510726729497318,3.792347086096737,3.9594890852273554,3.9091517255838157,3.5619824284120845,3.7723103612843394,3.462616035389601,3.7751838002355362,4.393460606478448,3.979321895567416,4.066945545027321,3.732896762651181,3.994135247275094,3.3112517668267007,3.8045048996206527,3.8240563189596424
