0,1,2,3,4,5,6,7,8,9,10,11,12,13,14,15,16,17,18,19,20,21,22,23,24,25,26,27,28,29,30,31,32,33,34,35,36,37,38,39,40,41,42,43,44,45,46,47,48,49,50,51,52,53,54,55,56,57,58,59,60,61,62,63,64,65,66,67,68,69,70,71,72,73,74,75,76,77,78,79,80,81,82,83,84,85,86,87,88,89,90,91,92,93,94,95,96,97,98,99
1.6114973738557716,3.338771088989827,3.3399486204183275,3.5695695146920876,3.3331296637199226,3.5598063033330027,3.3420613574363727,3.332046884925732,3.460938150294923,3.7311956715781207,3.7909440088696074,3.8056136366714055,3.4536366752791077,3.671557344126457,3.478909094919624,3.068746612670954,3.5813195811942453,3.107410516467894,3.8363195611971634,3.630998221965961,3.6186806767646416,3.571725955548553,3.5287282824233843,3.934370346914094,3.7643209947370284,3.5765337778289013,3.921099992109445,3.93827591715769,3.3331317569690286,3.718299316792693,3.889292420850749,3.6287551542656487,3.7031432002394378,3.7359140216333246,3.7159769156055797,3.3712091529873365,4.039910638382808,3.87735661560579,4.037495569762557,4.114668534603752,4.051562714369326,3.704257354957474,3.8490667524603324,3.785050872892142,3.477109630576098,3.7099382879706213,3.791125938999466,3.9823714009425766,3.571034577499677,3.758160313104631,3.0966846980921767,3.283654496869099,3.025833600604702,3.355807036167129,3.6004338033814514,3.4546454322068665,3.10924419594658,3.5424253591563404,3.833987736062299,3.697126579812781,3.834329334400091,3.3860735760271963,3.621535975021474,3.4048031161755548,3.7757803941073442,3.384133633293706,3.4383117031340524,3.809970395897726,3.4512855559512734,2.9290214721595347,3.261146889266232,3.4678780845893713,3.329827970088058,4.086769844965949,3.7711403846101814,3.9182300983922067,3.489098188843474,3.5787598840667076,4.045483347667643,3.8658033432228165,3.9466221180844054,4.228887873163193,3.7758771631390142,3.535873731012053,3.7999135050818293,4.08782261533841,3.9089819716459577,3.925817863371149,3.806039849451243,3.827509333750933,3.920791284866313,3.732556503084568,3.883024216290211,4.046147615386498,3.8630868351372305,4.12938768454128,4.138295062745079,4.2059184970433146,3.416423349004666,3.815464100714201
3.338771088989827,1.4441789347465774,2.8650539836131275,2.1781044396632696,2.186669028266573,3.2011653648492695,3.4270522190721477,2.273938009104179,3.2259209165798035,4.0886774426210595,4.119612434289344,3.826859699126878,3.733429301596776,4.005477388050309,3.946790352344091,3.4657778060465465,3.8420819708093457,2.810832935263668,3.7662198432296536,3.6647591148661154,3.4733678474823284,3.8825814007956585,3.8245611331966427,3.734574177435823,3.8946371807069626,3.3069507014237844,4.041291394439871,3.9527039588441677,3.277198170344386,4.029108369156134,3.467356017179354,3.713646432347539,3.811696214349345,3.5395901489069117,3.940720376327682,3.567880667298413,4.134505175452312,4.351946170494704,4.0257104894059665,4.156504189369563,3.986910722358765,4.330116178646974,3.9930744050224853,4.173009949922311,3.6786675478022217,3.909415207536303,3.654114621676215,3.8198703789989894,3.496353081046073,3.872618354479223,3.2649800911564544,2.4489831464945677,3.4921250600357197,2.01468201267201,3.0082368472013705,3.139334528783267,2.3757776883938577,2.9881742605652035,4.135600563329317,3.8251462230365085,3.6737350281283225,3.753267885360633,3.745170735810376,4.184428427777882,3.8890865129943912,3.922724041817003,3.8198343978430342,4.014868368880482,3.29607509769007,3.0512654338166034,3.097509442991369,3.44252355590452,3.579962186071867,3.9227455682766763,3.706302298727573,3.8706946711672066,3.4234296161539137,3.4843785359543626,3.7789591256944295,3.7249888326492475,3.6959321714374176,4.110732174622892,3.832616545598871,3.213857700162772,3.5514560576158103,3.9911399055930254,4.001929470869202,4.04026104152277,3.836681376338727,3.7343761863661467,3.8841548138819033,4.1633973874458015,4.134243828920822,3.7550777750247746,3.9912238580995645,4.101974466363734,4.241824012423496,4.143188391103883,4.064855635782636,3.9372887068540208
3.3399486204183275,2.8650539836131275,1.6256792025191282,2.935064181944251,2.3441209714435023,2.2715440098078807,3.085439932470865,2.488926120178253,2.4274181355676903,3.5739965928570934,3.745516011344098,3.8815238839747526,3.704561902108861,3.9701348631228726,3.6265449346530674,3.46804532546621,3.889045042853496,3.0187904689434917,3.876370647577592,3.3992889963017205,3.512805634312542,3.7821553116951465,3.5613174590429173,3.281672834679553,3.73572748895541,3.104513654020943,3.531056459713493,3.8239824235077204,2.8382494153922004,3.64428553085531,3.468978261604847,3.421520668362025,3.292048620591362,3.4039381791010968,3.6529689008069854,3.0007278417041254,3.6732235762975622,3.487736590249675,3.4406064890612473,3.454231828782721,3.510223331156487,4.047575329992807,3.628131773119707,3.6061237275876876,3.7957548490766846,3.6809462972856584,3.480225376763212,3.6331737966920814,3.3669267518575534,3.480591675062419,3.4262818468280325,2.777255226150833,3.3846037416005434,2.7202916156442534,2.143820371113482,2.5937297424137222,2.7205827598847465,2.483255154978699,3.4325263981063223,3.5270216091016993,3.6562792010088416,3.7036656594045176,3.461615249183882,3.7842352266114228,3.7110843695146567,3.6753327481103497,3.3270029871350295,4.102088712326699,3.174609465782513,3.0572402667765397,3.0896889263685567,3.3564613234745937,3.232742466093363,3.403457920032022,3.519206514574043,3.5682882911157523,2.8436612604566527,2.7098177440398556,3.7242237493350525,3.5756546059560685,3.104821895543308,3.354198201450926,3.5793874125352874,3.1486503249920323,3.0221127442837012,3.5530186236268317,3.593498251813327,3.3786395405728222,3.4971542284880606,3.3105802439453718,3.601254568549729,3.5863549710985714,3.648884793997857,3.7668920728643625,3.782395080039098,3.376400691513741,3.640133549059755,3.390362366116812,3.6828896014454964,3.5233413100994055
3.5695695146920876,2.1781044396632696,2.935064181944251,1.6093634137222685,2.6057790353404964,3.6051916696859956,3.3590669984071155,2.569981250009351,3.4562411685283267,3.8969216038761094,3.756127534908431,3.90847308057801,3.9176953058043016,4.033128849984431,3.5773339306498095,3.304234609612809,3.936620412381001,2.9032753354262764,3.6435917265295963,3.90005731268249,3.3343711865337466,3.6005847372398625,3.7741333342831402,3.7271351130111094,3.909206914113664,3.4279335343835977,3.772640773931138,3.7338737794887478,3.039743662732227,3.9086135489894254,3.474608691020914,3.426043321951679,3.4153111905693687,3.708668053449554,3.641776473804627,3.8828814876823254,4.029948763657395,3.856135363041283,3.7126269673258308,3.9496558757984506,3.8427719122109454,4.087209725805943,3.7574605041471325,3.659991770393354,3.560047230879037,3.691206123336883,3.738687315880445,3.8122532212069773,3.4871901153566944,3.9330798711935135,3.1127130826903637,2.822931799219073,3.3758269532249554,1.8615053176918817,3.408490965346603,3.3597609486475637,2.373617632193018,3.2424591488995245,3.823326836142652,3.850039407627096,3.749503802389064,3.841912109155061,3.7191060627931933,3.9725079223968094,4.008151090992225,3.7968013102807863,3.417416219872273,3.812800940157007,3.3640887737049874,2.820639572922557,3.014095805524264,3.3540213439135758,3.5307959670541886,3.88528372065431,3.935332103464279,3.776085237103782,3.240290236126986,3.75003219207803,3.62877726564477,3.497773672904034,3.4701239940871575,3.754798495668267,3.3775309627285544,2.9982138898974244,3.5157352257489682,3.656504536346196,3.79306111445117,3.791556611790712,3.918759017388945,3.4923242168558533,3.9090581256890227,3.9052843732081213,3.7362684700652404,3.6621755519825623,3.7018248343548934,3.7137974185695075,3.5268119057614693,4.140144504051784,3.5659093771814625,4.168727903237165
3.3331296637199226,2.186669028266573,2.3441209714435023,2.6057790353404964,1.4396188580724882,2.7564872195673953,3.2843384809733056,2.27061278234354,2.777167351448126,3.800559438304229,4.075517750542441,3.8053069644028743,3.346596806642342,3.728475024623781,3.566070213485659,3.5174299757483207,3.5701908618102807,2.922728815590491,3.537618257370455,3.317965707037689,3.3841029594266185,3.782716646065338,3.612493701809002,3.4864334624720295,3.7034614097725025,3.1788025213030435,3.5965246842071714,3.46549629855797,3.142348447996035,3.9558450113175674,3.5017219139263647,3.5880797482863183,3.6375765059939322,3.646201382495237,3.5327512670718773,3.161498164340567,3.649950661769205,4.000541649454997,3.6514538113613484,3.9906441990897905,3.703285724156394,3.9178350418320327,3.7890592346610825,3.545843682924341,3.495857445905836,3.4170311862770864,3.452670833264743,3.400597076965009,3.135150640998666,3.5317885767618757,3.4140527031554484,2.5360895345748196,3.558206204080763,2.274966769324319,2.4370754432377226,2.984388226052159,2.5044485646613266,2.4317590029385068,3.959900545737683,3.6534920691283634,3.5736822633594674,3.408723226794774,3.439168762941977,3.705588736474551,3.6567971695981663,3.6396688551352403,3.5444522822804823,3.6841118756837474,3.150835714486934,3.0834698886482736,3.3417566894636788,3.454763496525857,3.475051413462853,3.552987783366693,3.435313543263922,3.573799448843373,3.1580692004473043,3.348749534854829,3.7645063794572455,3.6960941911639487,3.288794023061332,3.606660062037672,3.620623487711697,3.002496692569955,3.1156792255451484,3.498875132559943,3.773472449878665,3.578752211700628,3.4841500401746663,3.531032692324726,3.6772855218816876,3.7935835832400637,3.5912222039852044,3.422580222166916,3.734784628043692,3.780396013857663,3.7691846252027967,3.687875074355685,3.4517398952706224,3.567250748413995
3.5598063033330027,3.2011653648492695,2.2715440098078807,3.6051916696859956,2.7564872195673953,1.7449213229990526,3.381575498305105,2.7799910601409232,2.364832312476237,3.778391621920797,4.103845918607373,3.759259973888452,3.9492721859887547,4.082605490378456,4.035239042989044,3.6038783315743705,3.6978355405884558,3.3600928221693978,4.035404371409606,3.6293623071477605,3.6773670975705626,3.8511732650887023,3.8198531801520974,3.3494032630340618,3.8097253139613443,3.1642034036007325,3.4826616268181967,3.7103073766583687,2.9072172416803137,3.7827551436172393,3.5595691378797705,3.610256276914353,3.476958780723202,3.641922818688785,3.7754103900086755,3.3953316886191054,3.8728289245729113,3.6452515141434736,3.7274208505541466,3.65528134484471,3.90528255019839,3.700358689147544,3.7221259826442363,3.88074248212399,3.7320460193079943,3.6106663400457872,3.5482425903205277,3.4987092888280475,3.4640331598973306,3.9484039292568527,3.569529359655029,3.0125784639068405,3.489586294899437,3.037198760912065,2.131472876132991,2.4509833157340157,2.988904962880434,2.495486952479282,3.722940027750313,3.7869492033450953,3.6924341760549853,3.9624095584637606,3.584168743073514,4.001433557951368,3.9097222245019987,4.009674450427369,3.543556889625521,4.110314264652903,3.447176735703781,3.4216819994936682,3.288827723715164,3.437166174080478,3.441256618368718,3.6341765367738508,3.5743619867556315,3.622321222749259,2.99657831015782,2.7339521068509334,3.8178558074915663,3.7459981485272347,3.273323072177904,3.6943733690681984,4.031831994157582,3.5193599829649953,3.0485923828593284,3.6408929194547888,3.8036527998201453,3.3826093457958417,3.7224478229554583,3.337663591916031,3.790804843922026,3.6727982284156804,3.8584953924722587,3.6700774482613405,3.8094537981763557,3.6609511464665196,3.7685913599701046,3.6306632826288006,3.7165548704377063,3.9900719596520657
3.3420613574363727,3.4270522190721477,3.085439932470865,3.3590669984071155,3.2843384809733056,3.381575498305105,1.454127391882468,2.9629996515854007,3.5334182478129526,3.5496234261177975,3.8917944033697403,3.8268869308404354,3.788397433996112,3.8939172649063867,3.478549777769566,3.479947487454235,3.770032494117965,3.1592047009994033,3.763291345945348,3.5020578465156675,3.206097011550505,4.056453749158877,3.5351313217820066,3.043605287946765,3.5747158860481267,3.5314756621022454,3.699419809217963,4.142428855623346,2.9969406934019234,3.795948477483827,3.3074253604379327,3.328437914021934,3.2775676760232373,3.791432025439215,3.689575238489072,3.97955165789524,4.148963256959254,3.30019649693457,3.7980207509324857,3.43823475929763,3.8828531733784772,3.9617408760916764,3.953644737158258,4.046494794921966,3.3308642926711416,3.984161290366362,3.503848506352562,4.262528828371922,3.623615157054808,3.949720918192317,3.3153669177786425,3.00508026047944,2.8428331811436296,3.095538769999972,3.501259857497686,3.1143560195085844,2.8526547676815843,3.2585970169629763,3.657808502261533,3.6112629339228994,3.6840024676058984,3.8222402865446683,3.8768044119232274,3.636064934099434,3.5013144537139755,3.4713387078260047,2.6829370497943046,3.9222773832898516,3.3447586378847314,2.877968102671036,2.832325981928011,3.2645744496636837,3.0235684328522137,3.8498731190861646,3.6853959849224704,3.6100147063016887,3.2776859554356155,3.178847816072535,3.1707077330525517,3.4688003207172815,2.9382383534869096,3.7240723014460433,3.6431022025047692,2.6673757362243125,3.480384314758838,3.503539348396218,3.6444739146397014,3.961497670514853,3.712435645315371,3.3615057616549255,3.345938642866455,3.4280620650676994,3.7492064009793316,4.019927981228665,3.932639394385495,3.8972992224113736,3.6249360117000355,3.671010519833053,3.5330973849846767,3.7522605884861835
3.332046884925732,2.273938009104179,2.488926120178253,2.569981250009351,2.27061278234354,2.7799910601409232,2.9629996515854007,1.5794582216568052,2.8997339505473945,3.781487291419462,4.0607715482894315,3.803890428687424,3.5677753220061548,4.161888400358303,4.062000318985344,3.336577752571025,3.631454050936676,2.5707968137350155,3.8627569403793127,3.8516961109741765,3.5334895064938223,3.8328264886707535,3.6631997741084925,3.5322537734778794,3.439287531013314,3.317235253874774,3.9235373228061055,3.884817784731878,2.9255366247379766,4.13319916271867,3.7007292392923956,3.8413783297085495,3.6769085889209316,3.940743500412118,3.9382575667167092,3.8540779452272322,4.241998170253719,4.042406619876327,3.601240937037692,3.910187299906865,4.0420200451499,4.269915920208325,3.996260157787724,3.9518412510411722,3.799928411809483,3.922288946588387,3.714482565437443,3.903044809531192,3.480678553604558,4.140236768474846,3.138416309804346,2.245643749862758,3.2822574182937534,2.3445059477391066,2.775280018315656,2.8269116706260653,1.8228026720855757,2.5570104641782896,4.035544377406451,3.7475246703271106,3.847434321216256,3.629529605782467,3.2668682361170123,4.0663052274431575,3.864249658800445,3.964417366191317,3.5239994575945723,3.9802010226468063,3.4056787048204904,2.847076758453817,3.171981788876528,3.4463887734687946,3.5960614263222577,3.64820461853379,3.540944336561493,3.8395007073316574,3.158898169608597,3.31460142534275,3.9543486793633815,3.786501760150075,3.4891864011142086,3.9596789245253223,3.7921609754013583,3.3433830249249423,3.2734082636078248,3.924297031804359,3.9647683477394184,3.8473208320476426,3.975532154207934,3.52463504940176,4.138735227749756,3.8766981126309794,3.7716825723148886,3.914600270576293,3.9348566167491903,3.9886257579780886,4.2493961528680115,4.226905255415201,3.90098612660112,4.328882855984911
3.460938150294923,3.2259209165798035,2.4274181355676903,3.4562411685283267,2.777167351448126,2.364832312476237,3.5334182478129526,2.8997339505473945,1.6019373247096724,3.9847306031515117,4.031054826311448,3.571965212494936,3.5105356608850062,3.854610673850265,3.8946539649445664,3.585434217660172,3.6494899271784678,3.1811731321017747,4.013259608450333,3.2873286706096425,3.5786003623891403,3.89350155809188,3.7392132514987066,3.401319562723378,3.5191486605489146,3.0366954517613953,3.3344574331302166,3.743406303604596,2.7878741220670755,3.831960841126259,3.7389367368325015,3.340934918006549,3.4557569306052587,3.79967705620494,3.7776173225879788,3.0964947617851837,3.7119039035414536,3.857974359062193,3.75012069193388,4.025976824954726,3.817046477355842,3.8643003462291077,3.798295872494536,3.5711428440700033,3.702624863710908,3.6012132988653525,3.624198243128527,3.5778487145459152,3.7282702194936386,3.701352571907304,3.4858361347126463,2.8108879959500355,3.5343308224263783,3.13374604957863,2.29711591366405,2.8760638645123326,2.8421795152560305,1.9358861777285614,4.002197881530211,3.6510650831087017,3.516644378703877,3.4379282903174606,3.2278117875243533,4.040895192702731,3.603519776142593,3.8562779020184466,3.2847992358782787,4.022806988816426,3.764945825359032,3.3326433645337747,3.165674613364692,3.4811572351651905,3.3584437150033604,3.7800421086486375,3.2345718627913995,3.6992578932851763,2.7822178921264555,2.603863042339825,3.8059478052435756,3.546461160854306,3.3444759980407373,3.67624044321183,3.759130930750396,3.2837112390307452,2.988553228339505,3.48836277550558,3.4977471206215345,2.979524871123487,3.447187394815655,3.1951514151805926,3.8691148822500465,3.9038822504468254,3.8907744452530273,3.691136888998037,3.6332116581647425,3.7264663680575825,3.3788652498770926,3.6032650387457537,3.7922786520716105,3.791650556652312
3.7311956715781207,4.0886774426210595,3.5739965928570934,3.8969216038761094,3.800559438304229,3.778391621920797,3.5496234261177975,3.781487291419462,3.9847306031515117,1.6606356774280402,3.8094183672312516,3.4287536420313516,3.909837172035394,3.6301432547124697,3.593492850920134,3.947623096691026,3.9908513798904157,3.807796495396205,3.981937121808685,3.93084260413886,3.8361866509853053,3.994467275444185,3.932553948703561,3.613903218920452,3.4309826859063906,3.793958862374265,4.156473138811194,4.2141544818246635,3.9674756745941497,4.087349418048186,3.9483061343169368,3.6916540456887104,3.678883080228925,4.071131441087,4.129171233555398,3.813938110495766,3.6721397359390804,4.000920769528435,4.108734080291735,3.7955145442572156,3.97223939876982,3.978992985867413,4.209919223813091,3.696415014594731,3.632837185838545,3.858536100639338,3.8253176623347187,4.052534023027057,4.053484245424381,3.79506585720118,3.6861984581551743,3.879685614129436,3.6903358613199124,3.889644729042474,4.084772936098312,3.847434642555986,3.711632577634442,4.000495278971652,2.7703203913070595,3.843330002752498,3.686034471214973,4.170332471064974,3.9124103515227264,3.875762751619065,3.806169386384626,3.6435903812532846,3.881093401085018,4.260132504207797,3.81330788229611,3.92504823056092,3.8643246004486653,4.068235014197115,3.838505089883065,3.509172636890887,3.6943195383283296,3.679501216049402,3.759537838002241,3.961868389594231,4.117015765892633,3.7631604899831808,3.8257378274841276,3.837098608193275,4.1715683927716025,3.837065803982104,4.137005017476428,3.810163461846267,3.6100653011494277,4.004544995766481,3.6207025917914994,3.885145901632591,3.602771756752098,3.7317129032103824,3.9125418249404,4.01898850724003,3.9129365259456113,3.8794299524484237,3.9576808138477477,3.887016240519892,3.972377374049073,3.6127444122123404
3.7909440088696074,4.119612434289344,3.745516011344098,3.756127534908431,4.075517750542441,4.103845918607373,3.8917944033697403,4.0607715482894315,4.031054826311448,3.8094183672312516,1.8017165657238552,3.8119432590820264,4.226402116890891,4.157752707527502,3.879418942069844,4.1631133168093735,4.450678019400921,4.288484852852883,4.223392290468071,4.05818829421124,4.128178987364197,4.08045004870795,4.00470854456365,3.8770789447173444,4.074323345472499,3.9131275419367686,4.179518453955847,4.123083728761347,4.130361854930354,3.9663890603364464,3.8409577016698937,3.8106502396777593,3.6943460754959703,4.46356791585728,4.3777340478698035,4.021670605158921,3.9895736207401566,3.8710464657633152,4.411472536797651,4.185980325349283,3.9901144020935635,3.859671462762514,4.398029590561058,3.7933072837020227,3.836803794876041,3.7669442948695897,3.7561683935597876,3.983389770293617,4.082585239381485,4.0033250845141835,4.223230437889016,4.2591400451981505,3.9994023044708578,4.224991867160453,4.2194758740678,4.070720154257002,4.220982018058396,4.105086079041465,3.719384459659573,3.6063280098758983,3.9505086427750853,4.333850811823525,3.9686805831404377,4.2355575309734705,4.077352357728933,3.8302976706256486,4.003967097596049,4.428768017849942,4.520138548914674,4.1089282673037975,3.937464085150432,4.37156927555229,4.065309478250251,3.9994750197179347,3.7008792866006903,3.7254728720314345,4.052241799036035,4.197651843049749,3.812370873288835,3.7837144367114908,4.1431147409315345,4.0043492664801565,3.7405699748278876,4.466620396059086,4.238999409071869,4.260482214036291,3.985154856471946,4.181637248323663,4.110545169760104,4.2567707515466555,3.5714295925049906,3.939364233366119,4.100320240495908,3.6085553598917173,4.196155221730572,3.9829866228569655,4.097812616643188,3.767439501295342,3.966884451487896,3.9398137938898836
3.8056136366714055,3.826859699126878,3.8815238839747526,3.90847308057801,3.8053069644028743,3.759259973888452,3.8268869308404354,3.803890428687424,3.571965212494936,3.4287536420313516,3.8119432590820264,1.7113241747931272,3.2042222631329333,3.521954401367445,3.64315296052329,3.749699035877007,3.3515327141763898,4.0048436330850175,3.429540394359159,4.165928881539751,3.660733619690639,3.805541740894737,4.027447760906103,3.864614859208235,3.764354561307218,4.102385199563801,4.215343476682232,4.1934716611344,4.11983758085986,4.00111185793281,4.215064891696567,3.5464521607684523,3.7917164637661207,3.809441887653219,3.9314956261571714,4.224763849242314,4.001511467419488,3.7243529240635644,4.155063417698092,3.9372011320385454,4.184979553693566,3.750059025873186,3.8699309348661712,4.164083492338258,4.139029333707255,4.082807181424185,4.094069084136923,3.839255627312846,4.244231974158844,4.210087585662836,3.9624482690376177,4.253521802286348,3.987255210068853,3.734470475431179,4.519389206156746,4.190726450859398,4.023644579031426,4.367503954039136,3.701138935059135,3.792873527694535,3.435763568553271,3.294639954915275,4.16141306676633,3.831113777414763,4.030081478294603,3.66687944381589,4.033727140887489,3.709983960975986,4.071346578032874,3.9800558844496483,3.889375695745897,4.200310174141011,4.323408136634404,3.775558875237618,3.5928121456601683,4.079688836434621,4.318564321951527,4.22719223386746,4.2558838332914615,3.729174355001563,4.151755492759415,3.7674934558496407,4.159600107466662,4.255550859638318,4.549048577994627,3.995951035999025,3.7568266171892786,4.081894763816649,3.9624721753801064,4.061705187810365,3.8036528235967317,4.1971118262602385,3.887608357381297,3.8189388335955745,3.992140621419559,3.8158864114999456,3.909938275354149,3.919572451430468,3.80440998998892,4.078307545614227
3.4536366752791077,3.733429301596776,3.704561902108861,3.9176953058043016,3.346596806642342,3.9492721859887547,3.788397433996112,3.5677753220061548,3.5105356608850062,3.909837172035394,4.226402116890891,3.2042222631329333,1.695701929250584,3.470232585877086,3.3831457982139392,3.5207363104788154,3.1626911443618253,3.7934275262659787,3.5236039154814613,3.908028319951147,3.5245809891041717,3.7557237670785617,3.6113633967146432,3.914053073387618,3.6665239863574,3.9469413817727586,3.7863233428885446,4.199137929078457,4.109041521859039,3.885892654617688,3.628210173915088,3.5612083066296734,3.5139456265898374,3.662594064518008,3.909728265802067,3.8753258393126444,3.980195820624489,3.6378111334265735,3.7018855298343367,3.613077840818321,4.140539774213546,3.872394679280279,3.7054056303170118,3.9086477017378813,4.01881132901628,4.021341651191528,3.9158197131396912,3.8278897974553554,3.8725585466502332,3.823135650262635,3.8285623945270406,3.9995068691167606,3.4375651210626144,3.852255041846273,3.8821189160201306,3.9624867236509314,3.8687080206080657,3.7321225370508344,3.6179318479026827,3.8541905434222383,3.7066156321920642,2.126855279301564,3.5093316838325017,3.349927646700849,3.3943802487931425,3.4075783849990295,3.8054703656104327,3.3402464381402615,3.4985207768694555,3.7512898878598366,3.8557661905339136,3.8854778478840597,3.6152792976963437,3.5903591437290543,3.6950007540789107,4.139095399639269,3.9705390411297925,4.067232709174581,3.5252375806332616,3.299026419565581,4.116221330727978,3.77583409691652,3.7629992702545523,4.000901138627581,3.9925841909896995,4.023147988449288,3.938855145066668,3.709317377930469,3.902946542813991,3.9724716413885868,3.5740661487154335,3.4244397026692805,3.741975946405056,3.9375745669799675,3.952422086337577,3.4383179551007457,3.5743531863860953,3.5851375011773885,3.8721738917661503,3.693400408548632
3.671557344126457,4.005477388050309,3.9701348631228726,4.033128849984431,3.728475024623781,4.082605490378456,3.8939172649063867,4.161888400358303,3.854610673850265,3.6301432547124697,4.157752707527502,3.521954401367445,3.470232585877086,1.7037070023872802,2.7876762334566694,3.4474849588892202,3.743597732278694,3.7344178416063403,2.8561036800871378,4.0400339447384885,3.280501315383013,3.607332555433089,3.5082162183838377,4.26674979511623,3.820028418309221,3.897955220336094,4.111221352556206,3.9610328589330774,4.016562469731888,3.468739345597828,3.8203944382955894,3.9912854431101974,3.701761124901229,3.7301403387320415,3.5584219507069745,4.077885642415481,4.340422006484228,3.7934594946982862,4.091005211434193,3.7921535568593643,4.066584663104974,3.7610456201597016,3.6555373257175465,3.9197714832195745,3.8846696414292756,3.7816784324166575,3.6954396200417783,3.7334451419156265,4.1578602401921225,4.021289886673834,4.053237561036782,4.002077118160786,3.5189271057008598,3.7754806951565927,4.137542828900745,4.045526858540578,3.928489174504436,4.1712868548218625,3.770410703245963,3.7853169837837286,4.122016674322557,3.5724671559170216,3.2180588387784046,3.1571907193246704,3.604210224985742,3.001772331599062,4.108065528831388,3.2336858242591955,3.6054655809911837,3.8424720795434784,4.137251788769725,3.96140126486039,3.773095582851223,4.162730552149649,4.04744532440592,3.9589726069730253,4.139350217288428,4.156368944063016,3.9796799035556742,3.87407890365105,4.157006187410691,4.20575682617399,4.025147511441508,4.010449988815399,4.160454720826341,4.32496515954523,4.24343852383659,4.11840782421104,4.058352134572856,4.091233091068002,3.968856161331131,3.91144775514852,4.25834514692295,4.08100983405001,4.344447023444278,4.301434241612402,4.116567003515078,4.0450732977749295,4.1297351108997615,3.992019389630259
3.478909094919624,3.946790352344091,3.6265449346530674,3.5773339306498095,3.566070213485659,4.035239042989044,3.478549777769566,4.062000318985344,3.8946539649445664,3.593492850920134,3.879418942069844,3.64315296052329,3.3831457982139392,2.7876762334566694,1.753676414467981,3.4899335256221073,3.8631929553172517,3.337091892579102,3.1175840068474754,3.6521167092970277,3.026821182290841,3.639448963662473,3.072415606630672,3.887895949060991,4.001380339113376,4.035664009874687,3.883046959224157,4.046267743745011,4.000521912072521,3.5750331925629397,3.60336353471899,3.803522523768472,3.3540204357621834,3.393327395088542,3.8438587254121916,3.5888470200345717,3.9994760682964694,3.6846331273716615,4.069445301434128,3.8569357631098007,3.8238927138447574,3.84316124998818,3.7937778900127546,3.7892105228677,3.8891306656964475,3.798829502907284,3.8129070350091614,3.9392722762152745,4.049590341054309,3.7009797690534323,3.9643286959683883,3.757643865374656,3.1669962833431935,3.670078223844192,3.6443009980269934,3.8678878544649384,3.7134663992048047,3.6600400887242803,3.6009039482484213,3.4777800007037656,3.850100965244217,3.3097455602211023,3.501427312150254,3.313789775055391,3.384648733536143,2.467345216438299,3.648894441035751,3.68755495273236,3.367446542660797,3.570986626085102,3.626122238777089,3.932709839954934,3.6434119371071256,3.98314558209824,3.8430369273185625,3.6973913457800602,3.9936214011000635,3.7403885640043737,3.983983046258015,3.9160649230733746,3.732512955128087,3.658585038380354,3.9949466081076324,3.936001808269988,3.8245195074376506,3.7044458043552426,3.9287847575998955,3.8701118327835986,3.6772999047316066,3.8965899748627697,3.549648769976129,3.67012275007294,4.110184415095113,4.075994529844742,3.798560609921705,3.92553556514864,3.7218633007087565,3.722823025700579,4.185119033034316,3.654489788606409
3.068746612670954,3.4657778060465465,3.46804532546621,3.304234609612809,3.5174299757483207,3.6038783315743705,3.479947487454235,3.336577752571025,3.585434217660172,3.947623096691026,4.1631133168093735,3.749699035877007,3.5207363104788154,3.4474849588892202,3.4899335256221073,1.7185194377238733,3.784524126476326,3.0128875674972164,3.4979402811701013,3.8198437188993934,3.3669892604129297,3.2119538649869237,3.428588483896832,3.822076520764998,4.019562116272711,3.7470688266172627,3.8259664900877106,3.6585438147692204,3.6458785150720896,3.4840001171387454,4.129962950799965,3.689247563268304,2.9158335154706045,3.0054110087463526,3.0949291980122235,3.773042181576287,4.030482428948378,3.5756223217876166,4.115744494043178,3.7579233846151867,3.988120085586616,3.9529175307734863,2.9708178703365977,3.7059711752588083,3.7525292699329365,3.6490583352305737,3.8946425568348686,3.5773403435106648,3.8045099053301215,3.890297252817659,3.23557069287631,3.2737970044277884,2.804970275942432,3.3172580005464507,3.8442078299982123,3.7597080711015716,3.268869121660027,3.8130101622549613,3.5804113409402,3.639361226691166,3.8844094539713376,3.7136609327567096,3.713705897874214,3.6915446940655157,3.696088266899302,3.3506013378182242,3.6864124205614583,3.8351227698876604,3.4889409211719085,3.1826075417333572,3.4806810889524744,3.734478106310957,3.6525084161968926,4.025273785328732,3.76338000114591,3.793202453114269,3.7935191674461364,3.769053019156383,4.001442403694705,3.6004584989922535,3.91084571886391,4.159770502909851,3.8886021637431134,3.6501113795743763,3.971424429677116,4.01429075068495,3.9132829873433628,4.096027373075375,3.7416885441794645,3.9840390048748886,4.093466821621052,3.7307946292940612,4.114753441663432,4.005316209121307,4.08752659336413,3.722614119861502,4.12876202162312,3.9492762527841174,3.695928266145628,3.8198480495122373
3.5813195811942453,3.8420819708093457,3.889045042853496,3.936620412381001,3.5701908618102807,3.6978355405884558,3.770032494117965,3.631454050936676,3.6494899271784678,3.9908513798904157,4.450678019400921,3.3515327141763898,3.1626911443618253,3.743597732278694,3.8631929553172517,3.784524126476326,1.6795655220533225,3.680034236584298,3.259700680062371,3.8236092300785085,3.6699529449686117,3.3134976011430863,3.828746678969322,3.3402883460831365,3.982823874321943,3.8983788288208903,3.5992786729784734,3.943187640175705,4.004665506143386,3.9322794364918976,3.8846517489462795,3.7069343376306443,3.5492271767380767,3.897059679593159,4.040260943140265,3.9518813760828047,3.9706523519876264,3.961581339953343,3.856064515160029,4.0093062378905815,3.854285478961858,3.9921547065024066,3.8665288559337534,3.8610672683393656,3.5762705986775374,3.595388523577971,3.8115790698374,3.8444836713291592,4.093004146013591,4.167679946180053,3.9629364900488873,3.9893652181686736,3.6321166022078697,3.574617101271815,3.922237275916513,3.8840170846813944,3.6481989181884904,3.859439784840185,3.714522594339321,4.076063337404133,3.9011728950501365,3.265107348833022,3.4916860938291934,3.8036365468270716,3.455102525596537,3.867106999384239,3.405054092046598,2.9638969285924373,3.6132235650389743,3.6096059764234187,3.6337436559887695,3.888303435415749,3.52556808184018,3.9222320724557607,3.4836326435368887,3.9444083156750893,3.830274430661339,3.9162899584350845,3.8295724635451616,3.856829235061181,3.463268539111298,3.4651260002125737,4.005282648703777,3.7468622433545753,4.097867607814303,3.8087261341874608,3.985094838505917,3.8184755417951233,3.8462012527654177,3.712460451961675,3.6059076716937954,3.919861860966381,3.809344597432884,3.7697581268427016,3.820057426115747,4.023385707212273,3.721374250519609,3.6263710082993312,4.033767177601043,4.081957517167267
3.107410516467894,2.810832935263668,3.0187904689434917,2.9032753354262764,2.922728815590491,3.3600928221693978,3.1592047009994033,2.5707968137350155,3.1811731321017747,3.807796495396205,4.288484852852883,4.0048436330850175,3.7934275262659787,3.7344178416063403,3.337091892579102,3.0128875674972164,3.680034236584298,1.7146746081075575,3.422565162576503,3.6499729422124596,2.9437020289016003,3.610061663549956,3.089782910724922,3.803549373450185,3.8672886368536585,3.5524123899592155,3.9825514571166374,3.9031864293651597,3.4827438499986787,3.99087176649476,3.864278262191107,3.5941930786270544,3.654370617197509,3.1120292278665196,3.5262527449644434,3.6944019560472787,3.93361513011644,3.867646058716942,3.907197398941579,4.0298471998526635,3.9183650469359277,3.8463865943706597,3.576160025352303,3.779072126219614,3.932490490782143,3.7103852895399574,3.779298234504602,3.701814187153761,3.6334171504550836,3.920407655326456,3.4193234279802693,2.765326270456001,2.792025624214402,2.6178861547027252,3.3941185685540796,3.6013771179757557,2.448602265762392,3.3842259059184285,3.8467332545132433,3.8491343056206766,3.793293779877341,3.7850307972824404,3.419867189103331,3.6488465494208464,3.3550079666111703,3.387528256917329,3.607848834105204,3.7851628125260492,2.9056585732097826,2.3373077285892396,3.0178059592504294,3.78161660037099,3.1417334632461373,3.8898814759927283,3.6295476635667754,3.849432575670238,3.6729612586370104,3.7357360492880547,3.845158903156333,3.7228131973764893,3.7214257616535313,3.7245880021057602,3.593736338096923,3.2721847508159296,3.7019193098548206,3.636352214162002,3.935527445532592,3.8003014598372586,3.750668047838235,3.925758256627119,3.7931136241851005,3.9388909449968756,4.0194554146267825,3.7127252463044806,3.914061177868547,3.9605148436186672,3.9000394691734797,3.7156009455778722,3.956193660748782,3.835339373247356
3.8363195611971634,3.7662198432296536,3.876370647577592,3.6435917265295963,3.537618257370455,4.035404371409606,3.763291345945348,3.8627569403793127,4.013259608450333,3.981937121808685,4.223392290468071,3.429540394359159,3.5236039154814613,2.8561036800871378,3.1175840068474754,3.4979402811701013,3.259700680062371,3.422565162576503,1.7023131027831144,3.6322277838895447,2.814999322072347,3.679200558778781,3.4402533563367985,3.97313496855814,4.139037463543122,3.884980448086613,4.081171543844235,3.9056130601671923,3.767977504279768,3.7762114785740617,3.5887349320439776,3.7990045379625634,3.678372044599037,3.4894403463321404,3.726487980749489,3.82276958251813,3.979412323521869,3.619182281981692,3.9039560009456413,3.728372502335421,3.966916850014849,3.992379880801552,3.6574143893008526,3.8702946436225063,3.8352475875421583,3.954762382482164,3.6174382625456505,3.8824036019682064,3.9965412812603742,3.958056385789821,4.079968662425165,3.8366634560673574,3.400419476570768,3.587897143674807,3.909172485271249,3.8152892256885442,3.6167195321172754,3.901266767843121,3.5157651777970145,3.858583096380006,3.745024753132633,3.381547141547384,3.3814132038623064,3.1445357680038577,3.457382345217503,3.0088240821321244,3.885940545597991,3.173177197808488,2.9853923825520594,3.475544572574872,3.6371281301744336,3.8420628517874884,3.758357053385399,3.918366961991204,3.7188823111662774,4.131289699134038,3.837812356939224,3.875383244066087,3.734432816123423,3.938136553658141,3.9223537952575955,3.8475922308184303,3.7329822429903845,3.7011159226468,3.8763867971553743,3.9125404909910424,3.8274226679552372,4.01280872795097,3.743201457324833,3.8894189412682882,3.84496394788727,3.9999537081073133,3.9202304706311484,4.180106465826967,3.9483109164660863,3.8386697826814027,4.191252077251906,3.9437590283007915,3.9483906034142553,3.90182604721582
3.630998221965961,3.6647591148661154,3.3992889963017205,3.90005731268249,3.317965707037689,3.6293623071477605,3.5020578465156675,3.8516961109741765,3.2873286706096425,3.93084260413886,4.05818829421124,4.165928881539751,3.908028319951147,4.0400339447384885,3.6521167092970277,3.8198437188993934,3.8236092300785085,3.6499729422124596,3.6322277838895447,1.6317063813776695,3.46206733766905,4.08918098311716,3.8941883254005587,3.8451816037195585,3.6340131086547274,3.793957338229083,3.796467280328625,4.202427883748363,3.688100925860166,4.3153730192968585,3.807245719872054,3.7131721826289334,3.606969743654712,3.8479368596034242,3.962185750003486,3.299377655679426,3.8966388154697884,3.7734628944009385,3.826652030555269,4.056291908911481,3.875189494726718,3.892638374250778,3.9726102565443617,4.062769443794381,3.9181212156782426,3.7816241159642616,3.7854410272265984,3.638661311867386,3.5608458581720734,3.9564332264035245,3.8583538264045956,3.5560905624022947,3.572981323537512,3.3408418127165778,3.7451299635475253,3.649000382056794,3.543099500873527,3.727579378560402,3.742032253938002,3.8889613963922502,3.7121251197008376,3.803069857408375,3.9816744373355495,3.7896348825753536,3.8041750397723924,3.426373639958093,3.367056148967019,4.108215873147021,3.820098567146153,3.393480373914419,3.2088460612426855,3.9857192423552745,3.551432562799717,3.894544997656378,3.9617195711409137,3.8858826020937998,3.5440050046852933,3.9180453111472544,3.848600915153959,3.624038289444921,3.731451235072425,3.6336318068034763,3.726980526560809,3.774335813270632,3.5670652798100058,3.6039846408178713,3.6864747520706476,3.7228637915421743,3.2076004231068462,3.6680928219051543,3.639682062578751,3.894770906460448,3.8502223978311374,4.131545844213373,3.908223988928575,4.014163295194189,3.726794290579798,3.3737750610907913,3.751911931154228,3.9114138543724764
3.6186806767646416,3.4733678474823284,3.512805634312542,3.3343711865337466,3.3841029594266185,3.6773670975705626,3.206097011550505,3.5334895064938223,3.5786003623891403,3.8361866509853053,4.128178987364197,3.660733619690639,3.5245809891041717,3.280501315383013,3.026821182290841,3.3669892604129297,3.6699529449686117,2.9437020289016003,2.814999322072347,3.46206733766905,1.494328305189432,3.457864167884415,3.363200944149454,4.006528674472459,4.095429696084521,3.7178532848079797,4.075436218215261,4.231375976248702,3.6160054291678687,4.1714623066290955,3.8146908259879857,3.748007211008062,3.541275047877555,3.156427973812665,3.4667708616937256,4.282392637096961,4.284976293363453,4.03472565521629,4.083266004273628,4.25540480321253,4.406871273316168,3.8622478232936057,3.601187951579865,4.107073294019664,3.955731660091656,4.236762095214814,4.160478811739526,4.019236918076724,4.075085597689574,4.315775193517477,3.9849158209462012,3.6921999714187654,3.2623637918598702,3.4918061332850616,4.012496295276088,3.8318166190124616,3.5935152091077267,3.7948119433532352,3.790766732464262,3.9135694228824374,4.128917318097362,3.886927134775326,3.8438707088817754,3.772158877770659,3.597261914096528,3.2025413814750823,4.0218028711886395,3.5552530452800983,3.240659847443348,3.256260336556518,3.1616880159262797,3.719338946859994,3.581872927353479,4.112174776138927,3.972738588193749,3.9660583761498196,3.9657386789873934,3.9542267480214344,4.046416556554519,4.124333766659336,4.105247327022089,4.28619636874297,3.8226114308579895,3.630892406927584,4.060713438839219,4.113191608222613,4.145716518029305,4.296349412664447,4.386488405479986,4.011347159171906,4.275503695550296,4.242101522144152,4.173594921588813,4.2061809822394745,3.9837925322572625,4.412937765110622,4.3358510418592395,4.154196230630702,4.17016210591789,4.470580437562001
