0,1,2,3,4,5,6,7,8,9,10,11,12,13,14,15,16,17,18,19,20,21,22,23,24,25,26,27,28,29,30,31,32,33,34,35,36,37,38,39,40,41,42,43,44,45,46,47,48,49,50,51,52,53,54,55,56,57,58,59,60,61,62,63,64,65,66,67,68,69,70,71,72,73,74,75,76,77,78,79,80,81,82,83,84,85,86,87,88,89,90,91,92,93,94,95,96,97,98,99
1.4716232492900585,3.854001639527115,4.090493630848393,3.7229157077481787,3.8955498606657173,3.6736392511844613,4.0408712592852085,4.044828971522384,3.8949461673398273,3.6410069398121467,3.99768510534654,4.119886328812507,4.3164698108959545,4.291935300687797,4.232893361658288,3.8400125473654447,4.222241289965822,3.932431534350564,4.15310656186568,3.6595839958899625,4.129703155425784,4.275362170444982,4.524195727361871,3.9771723000536654,4.035863513446205,4.0545082683133815,4.355606633858645,4.038331213054008,4.2833753106490455,4.139340600360714,3.5518965823901483,3.88893666744257,3.518292754940304,4.080228925126551,4.372641935632303,3.5293993800514563,4.021911811621228,3.6644518810617632,4.036658270872491,4.186389431165149,3.6169735937232774,4.028715583053483,4.2912631700827975,4.166077693113444,4.027223469555733,4.315697649140329,4.102635948997159,3.936429856204678,3.4070401963387935,3.6686972278613204,3.7827255739645076,3.9605572873947996,4.025714372292624,4.030479985787152,3.922330121145921,3.6275089527644533,3.770845975339453,4.013795769803879,4.03103104143129,4.2005744751427345,4.337004117817854,4.006424610347776,4.286159530410798,3.9362649015018527,4.2516237358524736,3.935745516145705,3.7398318377120114,4.181859507000092,4.183050141388651,4.128153944238951,3.927716229299074,4.422204515742018,4.209492058246103,4.361360356240598,4.001591661434601,4.040670241701735,4.087862005701974,4.392792701073975,3.793013813650861,3.690582921915356,4.0886129351911595,3.9514695082763236,4.05195134162973,4.2656098628788195,4.294818838994216,3.9524936387060214,3.921985096600401,4.296160707441077,3.506161612803772,3.8163012272586023,4.02584926237028,3.6924923126479365,3.9047780152672766,3.944973453064101,3.8749001500675844,3.943178617005729,4.427504307528137,4.08780839189089,3.248353818437164,3.4668639114616657
3.854001639527115,1.5755135862148273,3.4525266272125448,2.4413346238521645,3.5105986947924297,3.4283471532496836,2.7697990644824744,2.9726194423258927,3.6343455541132093,4.035347080224074,3.923291185383347,3.981091549188964,3.8823140400670777,3.9581837985819797,4.080835962847486,2.908102502782473,3.5351128384525428,3.5656532492077786,3.811129821238687,3.8422197586303524,3.824086465122292,3.6960558875347056,3.7240231365775416,3.8149383430094352,4.08297626675239,4.032273989393679,3.710102565577723,3.9210752040297665,4.111034216937049,3.9442793700283576,3.623982663123515,3.954628721063165,3.724230303175947,3.8656858642418905,3.7037556667439944,3.8326017788714286,4.037247992991787,3.672143641181267,3.5453599497371524,3.5560624586676286,3.6622298791784806,3.8233420203901693,4.137917635682715,3.747451854613343,3.604291075993768,3.7695199532344446,3.5646528414014256,3.448311131602924,3.929646432451746,3.8384827147192695,4.110566707914896,2.558143767952311,3.348194997918711,3.487936260167979,3.552416171216514,3.4246790341437707,2.8054030357139306,3.504199375007956,3.9789726037797024,3.8365958101806887,4.047428789433071,4.041653262989751,4.072958739938507,4.080091199214903,4.232180601209394,3.9171387264767326,3.3707798157953928,3.960152859312105,3.861619397588719,3.6805469592105453,4.057165902128049,4.091347750791722,3.7551654705031465,3.7969754495923254,3.852272901721614,3.7725644219334957,3.9340241319805522,3.823256903474318,3.702660542047494,3.9335963192487045,4.1001896167145215,4.049662133397149,4.045202758304975,4.184486563800182,4.014632055782566,3.862017374776708,3.707176712386869,3.785924362357524,3.9290731766367477,3.9530113719389375,4.045517785642344,4.099255988338338,4.037338508019348,3.9154333229214204,4.01824682068393,3.9626622724593994,3.7316942289172483,3.928853396281217,3.882426573202594,4.0073084694751735
4.090493630848393,3.4525266272125448,1.6820995372602552,3.074799423261555,3.5475219395268227,3.0297182213879084,3.1269661799850037,2.633697722023604,3.4919020969432477,3.5865965362639107,4.021959834371409,3.520805830663584,3.4714881158533832,3.791724791027962,3.6084998483196626,3.11676252838937,3.245479016025973,2.9782681626186935,3.6242511446254513,3.3488849277287467,3.3244267347492795,3.4926972008885566,3.4204078618025906,3.490816930117264,3.8470773885969654,3.752056707225931,3.2835004088955366,3.7140576263620515,3.53673073221983,3.6847801273386254,3.4086070199871332,3.5334708151849794,3.332960485485753,3.3459257316601496,3.284366563734076,3.5571318115485724,3.6362003699727454,3.613852266220745,3.6056931711388795,3.6098657256197324,3.53800393244354,3.550579541303058,3.428633235535385,3.693018951002669,3.491118042994944,3.5703604909047133,3.4384423145661205,3.5315131843022742,3.370495135658191,3.6227271608568934,3.5896471185113867,2.94620932475066,3.28783849694421,3.6176699495110913,3.0925188744318777,2.660241137431872,3.2950305047666406,2.934191440657161,3.631072159049218,3.790443569756168,3.813686448478127,3.6045643201750197,3.757975374774478,4.024698386668142,3.908799806808742,3.4402948660323323,3.5270432887351304,3.7329993850080734,3.1694375825790226,3.292443627284655,3.689664976088751,3.250522239544966,3.473053062476867,3.49194663070457,3.553118361886289,3.502888721545045,3.4508316519486124,3.1692964723838934,3.449054907251731,3.706017359721277,3.53978672890253,3.6948734456712082,3.1779238683160385,3.3609372653091514,3.142576681706953,3.4830295402513056,3.5500519921532496,3.371082296111948,3.328588931370097,3.6720033769632847,3.541128301796312,3.29887894279787,3.566714386048679,3.613644912678614,3.2946079028551467,3.823023385458509,3.337838772909967,3.6066766561437427,3.2557988566244513,3.5887833716208126
3.7229157077481787,2.4413346238521645,3.074799423261555,1.460676112081378,3.6105103604884583,3.4539926918054324,2.7537382979813287,3.038454103496534,3.8998822904128954,3.8275993776805466,4.268470778300599,4.0431542303216865,4.033507318588857,3.7888320866657987,3.8701941727151588,2.845880722947671,3.67768716292997,3.6858226534924508,4.103974539339493,3.861186537309784,3.936136332388337,3.7769248875083883,3.6245144749374707,3.5531242487127312,4.282867432246573,4.266142465845663,4.16026337746393,3.882715877950206,4.006415920092217,3.6580903841911065,3.576017565768636,3.75747228720607,3.6576136409971545,3.5162375619376527,3.7648142009528445,4.101237182231817,4.154771626073386,3.7950273560323433,4.041432899338969,3.7458011459771945,3.6804979564039564,3.849859236370707,3.9508718296857435,4.1965525975915865,3.9778424547525484,4.205482750227156,3.9028590717999476,3.9761858510268726,4.03543189793386,3.895818148990322,3.8687813739904335,3.2132409479744397,3.620039945685504,3.980461912047246,3.6382342535704164,3.53572026746113,2.9659328968763865,3.628135575218806,4.173139368943882,4.357943074986379,3.9887021211057387,4.2037407408529335,4.114726499795797,4.232674504034374,4.154896391144837,4.009231210813218,3.4901010461113473,4.275879415252499,3.6341733787847996,3.7372810182895333,4.246456076174465,4.274145282495169,4.1721295538340994,3.7924676421107293,4.219136940527235,3.991240473317938,3.9087282516160187,4.080217820940807,3.709516900186242,3.8626503967486134,4.069821911739734,3.7864781730050567,3.931574520659273,4.108184045490163,4.169857731735135,4.15014557444072,3.966828164364789,4.253148822285043,4.152824568262015,4.123462739739609,4.1698242738533535,4.178832500655205,4.289603290447688,3.9942606769878357,4.0217135837061315,3.9738142937092586,4.182864331313375,4.242519256033727,4.118504639903285,4.247709699067337
3.8955498606657173,3.5105986947924297,3.5475219395268227,3.6105103604884583,1.627323677198133,3.6589196442087926,3.8746250964864024,3.6867325885077515,3.6861974027986597,3.866109703004022,4.168758403846968,3.7836245335232044,3.8486210726766044,4.009868181456666,3.941064564051431,3.5989586320189364,3.935500915288573,3.4628848975983257,3.8521605305605178,3.7210251123817084,3.58024868002536,3.8819885962426217,3.8399778566827822,3.6716821178008807,3.812853692427387,4.109772799024177,4.208459976235487,4.0557250984971756,3.805887494042179,3.7673016807347657,3.4618511551700544,4.023106121255981,3.754384299601335,3.7033786899851973,4.06995260125025,3.4505836609076925,3.7778647136004357,4.014599009615222,4.049733296341865,3.783492659536123,3.679343022237959,3.796544047980226,4.124071436207415,3.9044288382788355,3.946594563229329,4.175744479097433,4.074041739899307,4.056453257132607,3.8879200591740557,3.630139518113284,4.2010891948499465,3.341266473743446,3.8662680704238226,3.3078338399203635,3.1286413032409848,4.0172969790915865,3.507311411834803,3.847042130747492,4.1403707014575275,4.086203189117634,4.085037176800273,4.029427015154064,4.103242667671461,4.315241190627585,4.122865785270426,3.9600632070787514,3.8425606603798337,3.9048862488504628,3.6981530520542476,3.435315657849548,3.937027012496409,3.873798032906711,3.5933133167653484,3.716630862017397,3.922776862765788,4.156504716329108,4.10121064661295,3.719184476695551,3.3916985912564357,3.946780870201197,3.9483447862396717,3.8594365993582627,3.899480339643278,3.875881350622437,3.988290575123396,3.76423134191617,3.885736235231599,3.9246301894496614,3.683368313032239,4.176889171176425,4.071536762384343,4.000940825406223,4.183159253890715,4.146324636732355,4.032962739784402,4.068136461796258,4.196681969666618,4.063111707834795,3.6163584655416403,3.7136163608146897
3.6736392511844613,3.4283471532496836,3.0297182213879084,3.4539926918054324,3.6589196442087926,1.6693709096567007,3.3630245299907857,3.449162087269953,2.725755272488775,3.602555751524409,4.023258322292138,3.606954431719581,3.733859686899647,3.8774872280115273,3.885168117385378,3.2631704145393883,3.7689686341153026,3.6290004157519453,3.94865820782718,3.4791869695282034,3.9604718921688717,3.9440087760802536,3.7150705007744858,3.7203666991851794,3.7750831972548844,3.8582328887005035,3.8496902560275643,4.024997011147865,3.7554001345685992,3.669376953464527,3.6151533502643227,3.754101276375835,3.564335936409285,3.7951925227214556,3.9871818577284346,3.475741045706553,3.381393122495073,3.5129623651263953,3.551804781976801,3.4861944277609918,3.3730173104028003,3.6909075455522062,3.830096441733533,3.892454006625169,3.567914710987909,3.6944172457748876,3.706723667428321,3.5876267013976393,3.34889906610906,3.5011141879948253,3.801812815965945,3.479964604770499,3.6082802424761566,3.5517544359979656,2.7178253513124275,2.8532105848949154,3.5099775590621536,3.106030039496989,3.617168091569923,3.8028597038497147,3.738197261416299,3.826025482364033,3.8507991268951813,3.9332632730398127,3.9646340933992703,3.833747638027625,3.763259917000517,4.09858072666982,3.963825118033642,3.6741643868085463,3.9999910194722714,3.8477700626175584,3.8063285332183514,3.560694012204746,3.625386412671725,3.7697590152367715,3.6774716405699324,3.7366019499058916,3.799996841027858,3.74100665095172,3.8667919540303215,3.696852384988524,3.7850608753840773,4.017143382622045,3.96158516460854,3.7136156516522187,3.4737014582044563,3.6103902834401542,3.525996887315813,3.5411540037320934,3.7145164102578643,3.782510866331394,3.896543775950101,3.787795160477597,3.6629154223289837,3.8345779492807845,3.54718991427847,3.8642535694971025,3.3780865801725177,3.6844853684647103
4.0408712592852085,2.7697990644824744,3.1269661799850037,2.7537382979813287,3.8746250964864024,3.3630245299907857,1.5601915066768717,2.998088159994139,3.853305126736285,3.8295835192566337,3.86094589408036,3.9229868248758533,3.9320076173957514,4.489850231080247,3.944875440160298,3.16103372088139,3.8856955353908957,3.788817601446895,4.306156672978668,3.7931719287733903,4.170290121591185,3.832192552496447,4.121709400705717,3.82378215544874,3.7792480497260947,3.906798010946492,3.979660784241365,4.2274137407128025,4.12129693783165,4.076425867277746,3.9217089659269813,3.9278228724860456,3.849134567089392,3.6975551086346328,3.977780821605174,3.8044301611340363,3.62303705187654,3.7256648369171192,3.6782730541103743,3.3799497728578203,3.5191143023593625,3.4155182035244653,4.2298728967105665,4.080776774598373,4.001427264739201,4.0195716037425955,3.742309173022827,3.850729058018584,3.8184895721634193,3.7381799418131347,4.060831592308122,2.9164368692025993,3.4431068045708204,3.9431642692503317,3.656356377713574,3.3672053576928365,3.1634612249416305,3.3679164678406677,3.7883017174042415,4.186494019900726,3.731022004168877,3.666067913852213,4.119025388473706,3.9827719849968166,4.195777456591639,3.9114607452124432,3.576430593936445,4.288011316470404,3.7897525621725445,4.0058290675849735,4.155728029617554,4.068548514907504,4.017045898192612,3.713718263620182,3.7416036191365682,3.847736278274168,3.97270781365609,4.079076174141675,3.9808198832683126,3.842936278892716,3.9938426209428943,3.6473037632325562,3.98294380825268,4.090220810823103,3.986775732755623,3.6913145540081866,3.9564692380412874,4.002343560099678,3.7394441938083527,4.118426174442272,3.982712911972479,4.086156361606638,4.172012152475755,3.6433160258822346,3.7100830710576487,3.809581242707725,4.006517440882974,4.022673481304971,3.9636855433698415,3.852125514581791
4.044828971522384,2.9726194423258927,2.633697722023604,3.038454103496534,3.6867325885077515,3.449162087269953,2.998088159994139,1.5085303270247117,4.197498438326493,4.145473301886778,4.4327823540298965,4.3174777671812565,4.050779376771028,4.124153639910971,4.437291851562271,3.4609164236504792,3.8844082293440363,3.4810284359792942,4.164099311204439,4.49748454328947,3.7950330950243587,4.0876949343531175,4.186089534619755,3.6506082013335033,4.387696170121145,4.399014414301279,4.19254281612132,3.8988249756794815,4.02001065029982,4.343090804217291,3.9542579703558207,3.92816224091739,3.8059366633235188,3.791792548375471,4.158434250146549,4.255182477051991,4.124554462686146,3.9721218711678867,4.103441956257681,4.067492227945381,3.833762810097826,3.992278377530533,3.9512265390514183,4.327288286933046,4.004768666761627,4.251837489853399,3.8467728764116047,3.7147728457771922,4.428890228483824,4.191904622326051,4.188394480547183,3.044750443879391,3.853185143595531,4.321010327021946,3.8509666375386904,3.7626690708252712,3.070826409865818,3.572508725311671,4.227886989434331,4.4685741421946785,4.249846922028472,3.7502238938727075,4.158496295531743,3.918639773372554,4.061593562781253,3.9769947993430943,4.192891225016815,4.421278324510911,3.9232396057297514,3.740991963249331,3.9936571768331435,4.23520686579211,4.007967105251867,4.296072108319762,3.742770345659507,4.1626318799426665,3.7790603161426826,4.0707300689208985,3.841205902256805,4.064865468766717,4.1260418915643555,3.4506412644210114,3.919282943989869,3.863970322217754,4.155334143312872,3.8783437894345956,4.058897484536632,3.868075925569083,4.379099068228631,3.9951874431988315,3.813731835084396,4.328801150337061,4.248020077559689,4.127436725658133,3.913142713799666,4.184946347556865,4.31093971288393,3.9843962126186123,4.375865639123878,4.205634906974753
3.8949461673398273,3.6343455541132093,3.4919020969432477,3.8998822904128954,3.6861974027986597,2.725755272488775,3.853305126736285,4.197498438326493,1.7736685590776722,3.8957431462124483,4.095044912893842,3.749923449929062,4.011222409471773,3.8706585150990787,4.373619543708117,3.688220937976136,4.0278543765743455,3.8787497379958777,4.117388267493968,3.5312688563865278,4.051078148150889,3.859639819298108,3.755778466684794,3.95844400799646,3.658039577555437,3.9687326216024883,3.8340059479630653,4.0252193915232235,3.8426655381362593,3.852550337348709,3.802689189250403,3.7918087887852003,3.8808909321699483,3.807147703550082,3.8208919397925056,3.8000410068899555,4.035920112198828,4.029894097259001,4.084679357768887,3.876841290067406,3.9607546156684212,3.8462574986886056,4.108831721805522,4.169184649782592,3.9709769165885844,3.958678144900795,3.881422675222841,3.9444194985232293,3.7688034649037947,3.970175461421389,3.9865083802302608,3.9693558880121964,3.7866869863194963,4.07029854107136,3.1647361517443473,3.3742327177686446,3.90163451486261,2.970884471378617,3.970024528954343,3.9569592298850496,3.911499986190627,3.950401538307571,4.018463118618975,3.78508197713467,4.151333732988497,4.217484541847937,3.5226279370343514,3.80578872516598,3.9165591836714606,3.817170207383336,3.883150598624636,3.9580428382829558,3.7858694283805674,3.8653214196317465,3.8259362851838947,3.8425373716458853,3.616909268762623,3.7810467269383943,3.7876697469646716,3.434108551636458,3.8147553328543626,4.058301413608116,4.046805165177336,3.976599694746158,3.942255438756553,3.8541855439086206,4.062496580494748,3.7866386323330454,3.9731727086284505,3.9490870921266334,3.9898180044058993,3.719908118161697,4.032385395297806,3.9923492074058666,3.901861342470693,4.223286889184164,3.8538020415410723,3.8183030357424577,3.595261160371527,4.0132050394435845
3.6410069398121467,4.035347080224074,3.5865965362639107,3.8275993776805466,3.866109703004022,3.602555751524409,3.8295835192566337,4.145473301886778,3.8957431462124483,1.7033043679010749,4.207854418205525,3.9146770783929976,3.4783607670715275,3.775411167773224,3.9430235920176107,3.8515047974899503,4.033723374027531,4.412195286308284,4.047871078515071,4.172266723149125,3.7442710207832675,4.024982243353336,3.729863590351516,3.233797480838107,3.643651454369296,3.937327833868429,4.029709922593224,4.09967673538044,3.774043558081838,3.736715347789959,3.7984820147291734,3.8481919318177815,3.8676428259022773,3.960940405367694,4.3809916388067975,3.9690511423323134,4.094320920743153,3.7701753086082554,3.970138288684996,4.061774103558769,3.7012181782790994,3.6253805950317113,4.307087590326665,3.996744158280381,4.229078161972321,4.231267756841635,4.027645397537122,4.112993344776379,3.9331037866171106,3.752096538663273,3.9388778920402885,3.8580332024951556,3.891847852106472,4.086317575298415,3.934810117052164,3.6717671321216567,3.8139869125680566,3.7196630851723618,3.8343330042299497,4.161643336566765,4.1560882171965,4.060526147546768,3.934022442718594,3.9701672247756394,3.9963751747941165,3.9484948823880996,3.8244276861448947,4.113506252362716,4.019811876664849,4.255756645928014,4.0469356642684025,4.190720174067567,3.7895167345394345,4.020480552970591,3.981920187254422,3.840993581976795,3.879654021004977,3.8998414452546575,3.7836022879942983,3.9102611383322263,3.79562326531873,3.8065330217235323,4.26073830622284,4.03442202118637,4.171464779290606,4.05930468031618,3.9363928054878725,4.224018654966402,4.110872768074007,3.752550330570367,4.045460191075764,3.9756162177587133,3.987883495095808,3.990407565096192,3.937499234109538,3.795852817233668,4.28714307418286,4.163090265185221,4.156408834827061,3.915687007682098
3.99768510534654,3.923291185383347,4.021959834371409,4.268470778300599,4.168758403846968,4.023258322292138,3.86094589408036,4.4327823540298965,4.095044912893842,4.207854418205525,1.6709493073759032,3.7917509680006725,4.125207835189941,3.8746599425944988,4.066049716874243,4.210879126075384,3.997231480383313,4.442007446982576,3.9252471595648717,4.306263715597706,3.705114686344811,3.9552645973905487,4.108754056561775,4.045416668983945,4.118511978073103,4.056096750815717,4.187785926284266,4.321859992442092,3.816197530680465,4.140428250065723,3.7741017696603056,3.9817818447388773,3.8462971207359975,4.191931389540766,3.9278767205722147,4.47047898632072,4.344832565187249,3.941358872159832,4.18177610535573,4.24930665586238,4.38773689289903,3.94020783560086,4.526954750568317,4.151429992749437,4.291371698014324,4.424772272693164,4.287555263212306,4.204983345966886,4.5100506484603935,4.319862531469496,4.232225198447732,4.30995308234635,4.1257681712752,4.1618095456975235,4.129573796196825,3.934791848244015,4.326184550697092,4.1154317326042245,4.297897496643235,3.5752408355409107,4.261894815765669,4.061834776333528,3.9267655154137677,4.101080744694593,4.3295836153528615,4.195211817032899,4.532035525807573,3.9877904253089995,4.026678907249303,4.3363433508678,3.7434296460115273,4.29249303138126,4.13714464159687,4.300396939907132,4.130334155756325,3.7777102191870666,3.896152527678175,3.887639067261572,4.070877577115436,3.7748464734943705,3.8410340056905015,3.999523199820577,4.292267993612603,4.158338640691965,3.8545518960894323,4.091533501610427,4.081097864893408,3.7281244863191016,4.304997350999502,3.7354590324124555,4.256379046053815,4.2671024770284145,4.341841401365254,4.08977275532144,4.115429635857054,4.066612781506255,4.095168064308799,4.101806642399126,4.411021469220504,4.185149927148003
4.119886328812507,3.981091549188964,3.520805830663584,4.0431542303216865,3.7836245335232044,3.606954431719581,3.9229868248758533,4.3174777671812565,3.749923449929062,3.9146770783929976,3.7917509680006725,1.6796442174326662,3.3362137967439844,3.3102411214396756,3.533567210836642,3.5026314593569494,3.6142454617010373,3.359646043131228,3.5679691626522434,3.453020574238023,3.459533632711685,3.6514636370929567,3.4887403744474987,3.3993406218676125,3.382953233936355,3.4581630720909504,3.421817393426096,3.3863611051485356,3.344872050223619,3.098132562153,3.215036288608159,3.3507992315047086,3.4870396571029416,3.2484163389072274,3.365111272122416,3.1842670332186396,3.255168054554277,3.293249491092593,3.6722203126790305,3.6160863693121765,3.1640436158915874,3.5374312035773614,3.766785202698484,3.760378572240286,3.4095952495273005,3.488431692478301,3.3446770168245163,3.5703362091007196,3.4460298090127854,3.014515205070699,3.666435972119595,3.652261407750299,3.2718954745091957,3.4777674896054735,3.573113665038549,3.4740088163320872,3.43772867090928,3.641729531265344,3.492097320043866,3.673169793873225,3.3665703074705076,3.231948569974722,3.407215323114372,3.5779987032479723,3.4538038294154676,3.5968296904189505,3.2631686250146186,3.459083224184346,3.2104905711926053,3.2871534059524525,3.4919179590298697,3.2587098391649083,3.2667928831148916,3.49958847199612,3.2916316711256757,3.545533406445899,3.444493035239017,3.302729770774977,3.2135891036341335,3.1683575793777714,3.4438662981816317,3.3986696250300645,3.3687914705067983,3.204072707167162,3.1525693281052107,3.310322674516584,3.2666799773991193,3.321295787858988,3.272642937738535,3.786644255742565,3.301623548081779,3.150199923115528,3.3432111607241244,3.8477413115901347,3.4913493096186814,3.6587743448937613,3.5334122240339196,3.3975408052739335,3.5497094715944364,3.0946336134037433
4.3164698108959545,3.8823140400670777,3.4714881158533832,4.033507318588857,3.8486210726766044,3.733859686899647,3.9320076173957514,4.050779376771028,4.011222409471773,3.4783607670715275,4.125207835189941,3.3362137967439844,1.656459368850076,3.8778166267388072,3.7695681780808243,3.8046959866060455,3.4965859099041015,3.7024146897877466,3.863666985235073,3.8067155426087704,3.857954792519627,3.68331868385095,3.4953899148664087,3.9595782806710327,4.114506213211114,4.0914354304809315,3.7551425124465836,3.7020640486637904,4.015597657076466,3.5384319338642087,3.466673845530519,3.648295705220355,3.8273674009752203,3.807149480804801,3.906807797837988,3.681323670469448,3.69538646289421,3.81582547560208,3.897512738684004,3.9938593178639,3.8397789878270947,3.670264088422146,4.023820025339951,3.7951411452278707,3.9819005874283175,3.812051589886464,3.5604133405307055,3.7436393937656343,3.9215894791930315,3.8399724044120616,3.676997740835442,3.8616207713112387,3.8809404280623294,3.9517254806027453,3.9529536593822776,4.045232472042522,4.202821613292577,4.349692332645807,3.7819697828936376,4.0276344129951465,4.086368591670926,3.8639366782412825,3.5923511465899627,4.117580536528235,4.102038707989532,4.027950764674459,3.628722947874114,3.7665743490131742,3.5534845761932754,3.7569158564109317,4.00730454504992,3.9982585472736454,3.7818232954619697,3.8384699160844153,3.9215709355741675,4.023628704971786,4.25281757144436,3.7890365921326574,3.507685511215832,3.8784870892964234,3.6635844957144337,3.7023897813127045,3.8954799041456853,3.557505695459162,3.798997591885141,3.7024735596968528,3.6498661627724855,3.791077125549077,3.840615945073462,3.846696213465219,3.7309189926374526,3.7124402677751474,3.624411810947757,4.1177266723668735,3.878931981771959,3.852409683790454,3.925729791053579,3.84458943849393,3.999060043416258,3.8530600339126844
4.291935300687797,3.9581837985819797,3.791724791027962,3.7888320866657987,4.009868181456666,3.8774872280115273,4.489850231080247,4.124153639910971,3.8706585150990787,3.775411167773224,3.8746599425944988,3.3102411214396756,3.8778166267388072,1.5781551066213764,3.451898604683755,3.942547726693822,3.700690223548728,3.9113750422981273,3.7531587950366236,4.260954424285933,3.2876017366173267,4.122962755779546,3.5154888272679172,4.0672939284831395,4.03678031456886,3.852541753373676,3.945191853761952,3.653324737789414,4.054302853267581,3.3916015738479195,3.800419274224518,3.8615298012871757,3.821090690305511,3.9347660780771316,4.318427035143699,3.8023643202330173,3.7104381680414047,3.8354639684517755,3.858505723079424,3.932181922430061,3.5810302886207324,4.282169236199052,4.23463400812722,4.209917289859363,3.9917638189703957,4.031591786821432,4.012553946161766,3.7532923942375223,4.152973108740079,3.636418483908473,4.09955753109468,4.070998585841489,4.411507245752863,3.6611093841575597,3.6618305177671484,3.7005217410517712,4.21103845243113,4.065148182793306,3.8983549577810996,4.097198315248147,3.6893677012002706,3.928127641976361,3.3045292125143018,3.7671410234325133,3.6914338056469758,3.3203052683511287,3.8580092377571527,4.126659165695799,4.134530492741883,3.9346181892110597,3.8044126936993266,4.229708893657362,3.854675026608026,4.116862185933443,3.8221397695764514,4.004005075022468,3.6111512848126717,3.209305295217099,3.88534833395308,4.11036494612849,4.00049806429823,3.753417162926837,4.326504407970441,4.347425546001976,4.263736923896525,4.0768672480744375,3.8951973597037357,3.72008150043899,3.850034125217084,3.895767711027612,4.065130931399519,3.8270622490753214,3.842857347334417,4.334438288750417,4.371338542452231,4.1638663022012645,3.9462868441034034,4.127807972711754,3.8655304173982272,3.7178356369702317
4.232893361658288,4.080835962847486,3.6084998483196626,3.8701941727151588,3.941064564051431,3.885168117385378,3.944875440160298,4.437291851562271,4.373619543708117,3.9430235920176107,4.066049716874243,3.533567210836642,3.7695681780808243,3.451898604683755,1.5473868900953653,3.5140986043098845,3.98149855752343,3.663825377783053,3.913672240402187,3.86615020152498,3.443989823259686,4.095726643892795,3.653231903908764,3.9316997938692837,3.8870695532452206,3.9592062778967714,3.9452122278403894,3.708518791065002,3.297525850074376,3.1565328197988025,3.7362676750374955,3.7169053675125245,3.713477181820423,3.791368066051201,3.940704033976718,3.7961129290571756,3.8693844863690656,3.8080919533595075,3.8297428416880654,3.732880472755642,3.7368966461633475,4.077785962636882,3.9713113511909346,4.21634423588533,4.064662324912758,3.9224328232240295,3.8343102952904893,3.7110312691464387,3.568717000776838,3.7321539441140734,4.348125809245725,3.872476531550284,3.789353591812331,4.291024741270517,4.064786677141281,3.8269295895790765,3.9545769329449505,4.125404846465453,3.736234353135369,4.307492803756931,3.6412582888469305,3.8463175884452014,3.5710710732817796,3.8089147650049706,3.567146989712815,2.7540445013609958,3.8642423193503364,3.913394563696687,3.741065027797076,3.6431958880896547,3.72512858792398,3.806787365008564,3.616717851901098,3.9249698711254224,3.8712118098643367,4.10893763145913,3.4370675859025988,3.370035353888937,3.777864835676651,3.904245346271747,3.8384171212082143,3.9837402849775434,4.110992926521579,4.122499871285691,4.016322192709024,3.8675979158498186,3.8429197602607297,3.8650263312400344,3.5536809182976126,3.9214082545092164,4.162983984108671,3.744516891351089,4.18305994246816,4.073137655591519,3.7327090661378595,3.9360221537765967,3.8813392140777827,3.8106728870550626,3.7645778789246798,3.7220730634362655
3.8400125473654447,2.908102502782473,3.11676252838937,2.845880722947671,3.5989586320189364,3.2631704145393883,3.16103372088139,3.4609164236504792,3.688220937976136,3.8515047974899503,4.210879126075384,3.5026314593569494,3.8046959866060455,3.942547726693822,3.5140986043098845,1.5210893374603645,3.3530391216332487,3.2521181943392,3.6828826110258435,3.4247438215247357,3.8896313205707376,3.595366637560828,3.6943586832687827,3.6258117523891573,3.8855731717106896,3.7924822363338206,3.8229012967082463,3.9359730363654863,3.752337483916974,3.7588269980361013,3.683397983983052,3.7524028637855302,3.076483617145968,3.128638414710664,3.761320876807442,3.438828542728068,4.020740446624867,3.345975143330413,3.560298868105215,3.594578754774867,3.2686212466727866,3.991515100320085,3.581807064909466,3.6963216857687677,3.6166144153213913,3.645956197635334,3.5693234354441588,3.6393111061961827,3.4687374151533725,3.4256335388689454,3.8052169927730843,3.295065647626374,3.1473473589841903,3.799678688707271,3.4246449367408167,3.446066728689096,3.3916107084405946,3.836663070392221,3.639774414681254,4.173691579044684,3.960352327867571,3.9104045731890027,4.017861951258392,4.004303400886878,3.990750395973671,3.83793189833958,3.792422100930654,3.6232076371918875,3.1169739501700144,3.1192861707328676,3.891393687499574,3.883907817951444,3.480463426376012,3.879646017697183,3.7486434123668824,3.8164926394131484,3.7778138134697734,3.6960704544685457,3.867460521976973,3.9798267004382653,3.883625916639828,3.5492963432164073,3.8290206883994116,4.058083962969978,3.740465354553731,3.518985219122501,3.8705386376015625,3.5024907208645604,3.2957439883641744,3.737465516889642,3.8937158462401227,4.004757414317831,3.9253203425016263,3.920093110401536,3.992657478085812,3.931800240536144,3.6515464382679097,3.747327656531874,3.4009352539537017,3.4814307390981836
4.222241289965822,3.5351128384525428,3.245479016025973,3.67768716292997,3.935500915288573,3.7689686341153026,3.8856955353908957,3.8844082293440363,4.0278543765743455,4.033723374027531,3.997231480383313,3.6142454617010373,3.4965859099041015,3.700690223548728,3.98149855752343,3.3530391216332487,1.6538868320100952,3.7710242537951735,3.4640937701218504,3.9041433059789536,3.3384701124704725,3.8861666949852602,3.7117767439607143,3.740279115909534,4.174193651462757,4.147837608923866,3.585647845833429,4.037062906757908,3.813953872887205,3.798719054724549,4.104217226243446,3.8972291170339757,3.6769112939428683,3.5832953281649704,3.750201333282353,3.761313746686127,4.018218017034248,4.047538567341055,3.9669642735612367,3.5847139513909383,3.6711380390004815,3.9330142961197425,4.168244672679897,3.9761828438229214,4.004198842918659,3.7597423309612372,3.72630490030338,3.742924107224201,3.75315258921564,3.95206866425421,3.9779709252654842,4.088463405279485,3.8347993498546775,4.108917239225051,3.783657637004674,4.035241795974576,4.018322244139335,4.096084502061326,4.203254754771521,4.280928747203907,4.209459586620897,4.2328228394685565,3.570411487626978,3.7317594397813685,3.808195790174538,3.9381321399579816,3.9764654145741947,3.5020907192743227,3.4553813233022153,3.895319386287579,3.6873841523711754,4.149508157820227,4.059219849795227,3.998810475870316,3.805826179137545,4.030120008125286,3.8485795314741984,3.7341027787668533,4.232257850316058,3.9012714321328406,4.257350883629083,3.951160511755548,4.180306216417662,4.237716649235687,3.935456250278564,4.221516583095847,4.000573059546566,3.7740054126711438,3.937311003891525,4.056347278007507,4.144214446060395,3.763945487266864,3.90979560383241,3.9569179212172094,4.121482999273539,3.8170041116404065,3.854494617712451,4.110402916187797,3.7502803774185005,3.9975801477648023
3.932431534350564,3.5656532492077786,2.9782681626186935,3.6858226534924508,3.4628848975983257,3.6290004157519453,3.788817601446895,3.4810284359792942,3.8787497379958777,4.412195286308284,4.442007446982576,3.359646043131228,3.7024146897877466,3.9113750422981273,3.663825377783053,3.2521181943392,3.7710242537951735,1.5942032062705418,3.7558104622189776,3.583821263381099,3.6802140331252837,3.9907790792786626,3.9973973884879546,3.928990710241775,4.030429019763234,4.049616444172928,4.0856261062563615,4.0409206229562065,3.8217009259312116,3.8563380167973693,3.77047343532138,3.9864536690209817,3.43551894166582,3.063983964282814,3.754469706921117,3.8335354539681346,3.7295069822694664,3.8502361436387935,3.9642958466541334,3.872103238155977,3.3989742716086,3.9313237908307914,3.7531827811946408,4.040636208811837,3.7097954032537137,4.23525355551769,3.926490459554588,3.4077559489000717,3.8491019994036875,3.815659257764137,3.9642001573294143,3.6638833443486254,3.7721661591243034,3.840133563291573,3.5309843126004083,3.9479298963035108,3.798408541359946,3.831004970419833,3.73644401925383,4.002993246733458,3.8924508280573447,3.8041679606729217,3.9311244700420875,4.149843242661011,3.9844890892199167,3.9321200258368147,3.9960910060879304,3.720404304840634,3.020837386302873,2.6101186887594725,3.7815170125864666,3.9170559867822776,3.5545152715290222,3.6490482647277234,3.885536629080375,3.879558371538083,3.6424606115778806,3.6530116670769224,3.944558091190152,3.983519022123361,4.022754491277936,3.54229807036085,3.8637203226646646,3.758236355911526,3.8408143560041355,3.7979746625199153,3.903666797480226,3.968209142899209,3.708258997419006,4.064648366133617,4.190266968238228,3.758027788135893,3.9338621625564425,3.971484368257974,3.9051288950651792,4.166205806660202,4.20835383900797,3.855006794242144,3.9060535918905983,3.806417778219694
4.15310656186568,3.811129821238687,3.6242511446254513,4.103974539339493,3.8521605305605178,3.94865820782718,4.306156672978668,4.164099311204439,4.117388267493968,4.047871078515071,3.9252471595648717,3.5679691626522434,3.863666985235073,3.7531587950366236,3.913672240402187,3.6828826110258435,3.4640937701218504,3.7558104622189776,1.6250054842128692,4.339862492296238,3.389929219779009,3.898929067555679,3.3330634409223654,3.4862061248824303,3.632273687114573,3.9774655189642636,3.5905826360255335,3.8027927906058188,3.9906208108674783,3.4313562910731483,3.5439326651558343,3.4540383065550433,4.002168723668924,4.001614875553123,3.9373382528529635,4.026317158143307,3.7799221201077318,3.9086204742003527,3.6472388816014747,3.554673801736576,3.815229289304789,3.8562405812763356,3.950367361745324,3.8932548362234773,3.7468224417850737,3.763423554208832,3.9386525089821958,3.766085815666476,3.789256244457731,3.9468928640122685,4.196613693124051,3.581921385781027,3.255983929845914,3.7495692655971524,3.404855015722551,3.5182771717788746,3.6793086663018544,3.2941707150396424,3.461063724325122,3.4907521021377366,3.951200655584822,3.8506184127687573,3.594715014920216,3.672260686431914,3.2992103773329173,3.702391956599518,3.769770788169274,3.1867702312983375,3.5893898436710736,3.7090370089096574,3.9134593444854615,3.5298757687152147,3.4193074643233667,3.6364454504886896,3.760464060782542,3.7486979641927807,3.6392093756038477,3.463176099395173,3.8531390856694188,3.4419453163086327,3.8401622593386078,3.8250038187665414,4.077504235213243,4.11619854418869,3.857475868104262,3.8045355083284242,3.662312200878146,3.526604147147931,4.018457964829699,3.6888215475268487,3.879941079482614,3.272204067084718,3.731213939161538,3.552383255814615,3.859453113854282,3.8351902257460346,3.600321908414252,3.5997253515324394,4.004027585395381,3.821372618186999
3.6595839958899625,3.8422197586303524,3.3488849277287467,3.861186537309784,3.7210251123817084,3.4791869695282034,3.7931719287733903,4.49748454328947,3.5312688563865278,4.172266723149125,4.306263715597706,3.453020574238023,3.8067155426087704,4.260954424285933,3.86615020152498,3.4247438215247357,3.9041433059789536,3.583821263381099,4.339862492296238,1.6755866345954038,3.4184074948443195,3.450321017991572,3.5694331744130907,4.0633388690239185,3.6442581722170497,3.7261647437686554,3.605123233068318,3.8367892310130114,3.340107380295345,3.4657607355342885,3.8067112535167467,3.8974733511937094,3.4928573838402315,3.1709550971926475,3.239904289569118,2.8635548050414346,3.286564727448438,3.990033692410298,3.7701854949956726,3.93511378312288,3.427223965682207,3.982300639645574,3.8022931505523534,3.927968564691052,3.7194847373301223,3.668996596516694,3.4601499650725813,3.3930209394507314,3.210017906351609,3.2884407821507406,3.6677430159614093,3.967879711531687,3.6592624695767157,3.7192822975804685,3.4864972726291814,3.5853213397089925,4.021142612000925,3.6494518170299943,3.5998544577624023,3.883203479699715,3.6071012136198553,4.103960044083752,3.919079778202416,4.074841286185963,3.8802590980339575,4.083926622232693,3.335438995569087,3.9027322442587136,3.276726533042699,3.593371749723094,3.806530779867758,3.734886573487235,4.022430261733479,3.787460915432221,3.7257316387412187,4.219474550979867,3.910337196844312,3.6609932769637963,3.691515009166557,3.7047641874805994,3.664802563850667,3.4598399044932227,3.5416765470661575,3.64075002756936,3.3582360638324427,3.4797376956373514,3.6116038992926547,3.5799669591726007,2.717297775276454,3.6447493454344224,3.79458586566977,3.506789399426549,3.7516645147378407,3.759202923914098,3.732757181177414,3.863641948468166,3.7234795705533106,3.695449105855237,3.133606343055737,3.288857139097085
4.129703155425784,3.824086465122292,3.3244267347492795,3.936136332388337,3.58024868002536,3.9604718921688717,4.170290121591185,3.7950330950243587,4.051078148150889,3.7442710207832675,3.705114686344811,3.459533632711685,3.857954792519627,3.2876017366173267,3.443989823259686,3.8896313205707376,3.3384701124704725,3.6802140331252837,3.389929219779009,3.4184074948443195,1.7122291354800176,3.606342754349801,3.24935635947883,3.727350294283175,3.647529040902486,3.7866303603385667,3.4165616125300002,3.6399949493434614,3.272276420653533,3.2987718143748657,3.1781435075305673,3.4684729451987955,3.4587344885355527,3.482933779970021,3.582037490244513,3.6956735616866445,3.925717298178238,3.656861843190133,3.327168300479259,3.680483083476024,3.7058645678715894,3.5681076887573933,3.8226545160448446,3.843195822105069,3.8944296437639907,3.921962367286028,3.7019243946237905,3.8799177181068303,3.727197886527916,3.7554252931082988,3.8050089052986062,3.9022914680251817,3.595431966200554,3.984657223484445,3.76034870191449,3.800298955363203,3.9077419098216004,4.093878686761081,3.9731778841188627,3.7290364240069094,3.6775748101617167,3.8857279991760354,3.860184901453098,3.967409485438218,3.419507601065076,3.363967534579226,3.6290563178363846,3.602274659206765,3.266622469845634,3.565434400992593,3.4468651818931217,3.888145448351654,3.6984766259756605,3.826899835330703,3.456061042063366,3.72767015832739,3.6799825113532334,3.470204369458325,3.355839285922188,3.4297184496222566,3.5124195034002663,3.7631404627944005,3.499468970401742,3.6997838052923253,3.281932672055483,3.6243270058633836,3.900095160130459,4.072610679062516,3.6074083252104603,3.6179147796989235,3.787622696477795,3.614578545598819,3.619064862571415,4.0702846431521715,3.636361281171369,3.9862084623804837,3.7671934007098926,3.866494204262396,3.7251949275261675,3.7002276302648864
