0,1,2,3,4,5,6,7,8,9,10,11,12,13,14,15,16,17,18,19,20,21,22,23,24,25,26,27,28,29,30,31,32,33,34,35,36,37,38,39,40,41,42,43,44,45,46,47,48,49,50,51,52,53,54,55,56,57,58,59,60,61,62,63,64,65,66,67,68,69,70,71,72,73,74,75,76,77,78,79,80,81,82,83,84,85,86,87,88,89,90,91,92,93,94,95,96,97,98,99
1.562671559456975,3.5553624457536355,3.3941309014086447,4.134282520403899,3.480717218218225,3.534376492227671,4.211442891370855,4.105363960068677,3.9875605758449724,3.7437952361308944,3.481270951625675,3.772492797547517,4.130808270699901,3.9328845008104474,4.1210079182397745,3.3951473470040963,4.235580040384188,4.093468597042471,4.077311621280978,3.974020380219328,3.874340450910844,4.113650465433508,4.078123589364525,4.1838999770123895,3.8887610545541347,4.313102385194266,3.981971602567114,3.6169219733751126,3.7950347121564603,4.0178455891233575,3.9414966837024226,3.561035740543952,3.7915968198937438,4.060209607091443,4.06774896986284,3.9217460142866045,3.837588512587744,3.6074507867915897,3.7973829853063403,3.8278079874550426,4.0146670734138326,3.4703961501383693,4.0658696700839805,3.69363260857572,3.59085916221546,4.029316933103565,4.254157014563414,4.201726243393545,3.3915177934521963,3.981113335023322,3.0253305489273474,3.2815814587097507,3.9203544548244276,3.7602524762838545,3.854746839293354,3.6962091699813446,4.340016075353338,4.196743928630259,3.175493372555215,3.1184219249271634,3.737325091332023,3.927787143022741,3.7939838938082038,3.9280328136799296,4.004003259588561,3.989557664894955,3.7720465301363606,4.308185254072196,4.065821984397606,4.0160746274823635,3.9042126359641207,4.243634314726261,4.02435680359426,3.873331630221247,3.825688431526555,3.7381653182947137,3.4946426461120073,4.048980895128216,3.9924312654809913,3.870862974019395,3.9038582981586054,3.9433304995530354,3.9706958743485674,4.167944609961489,4.239336963332204,4.1647840710343145,3.8959070817621417,3.9195296000162676,4.0323606886227985,4.060720259347092,3.43761297007051,3.5770352398221354,3.9192645936178634,3.7382513503982207,3.9018239329779245,3.9832197102410825,4.0493012847634,4.347191788096986,3.5553254777428718,3.9066042518123103
3.5553624457536355,1.697341554424818,3.0702435397197645,2.4692587620132396,2.8967200055311464,3.2849999257601548,2.9655635239282603,2.6115326555595413,2.7113557370187205,3.590824360445053,3.527692168563877,3.623439197186977,3.497337817308842,3.4768265198425765,3.448507183942953,2.60539608094113,3.5862099249801136,2.680494989505175,3.3389165458803474,3.1571944139732926,3.229538312617871,3.2508935444037137,3.4262626900611157,3.5627930865143855,3.4596001119595066,3.807695644305618,3.447056876646161,3.4510890398052334,3.139221923831657,3.609333346625981,3.6347633658935785,3.757149576744939,3.0839713658553816,3.109697673129612,3.1445072191699825,3.2241845050580578,3.5205723698314926,3.3827607726490454,3.284847660593158,3.407384321029394,3.2969997623813514,3.8768634513695384,3.5834009460929677,3.6519593153346146,3.132908755363337,3.3185652670368935,3.3282347364147045,3.4639969333450873,2.951895634482349,3.428156376075699,3.1465893235189872,2.724831225089918,2.577543922799071,2.5851642632825635,3.247081391688644,3.4383500529662583,3.0009019868302436,2.862140157351958,3.6695082189143107,3.629855845718633,3.484279336029107,3.470497856922391,3.520703687726568,3.5540097760287543,3.2846141667982063,3.370379072640904,3.1982624612096444,3.3542123781691657,3.144383548596472,2.7683689989125257,3.062398367068917,2.7742429388809193,3.2908890491021343,3.4369773675256297,3.5458598195408735,3.231780740398551,3.667165976578231,3.0855379625485115,3.6085141044773446,3.5414654826688174,3.3933944585173994,3.425641126185946,3.2913123090102823,3.2517386658397225,3.223636666110974,3.1802969855145857,3.314805831877842,3.394130218598745,3.118939389622809,3.718605525979029,2.914935967343664,3.6112482969674917,2.9571870865141263,3.5849167414762246,3.3678241343829005,3.2905063559546672,3.347953087766029,3.5055905203469373,3.035305169367057,3.2225407824857717
3.3941309014086447,3.0702435397197645,1.521727850915255,3.89925731734937,2.776484121658583,2.7262452807419293,3.743567372185981,3.279373997462079,3.2831576691639874,3.9542951094106074,3.933697785928626,4.057399153870933,4.325223567695953,4.0626934119186755,4.266593327378754,3.2377098185192295,4.199509378068513,3.255985495443047,4.111224891281992,3.9210099808170766,3.871387652694705,3.8546225501658604,3.800875046451995,3.9981505334963354,3.9082357900438613,4.172682551222849,3.9320586903379153,4.000763785505366,3.937088628735665,3.8718201919859805,4.284238991319918,4.06992066991475,4.271385691974415,3.770226196768016,3.936065907955365,3.688110998029438,4.159570817277346,4.131400458907968,3.9274314384872184,3.419932965067252,4.362346318316924,3.7511747544024474,4.003085301890503,4.125848515942367,4.195287521004344,4.255704668189413,4.031011830800627,3.989306769130427,4.1978967861197445,4.515067374430473,3.5134834725869424,2.8347812482223538,3.394749397771475,3.441926662621387,3.4732939624237797,2.7846220918240645,3.3379318977320542,3.0462227555895254,3.8621045043507096,3.884867224430105,4.0771545747225035,4.201674500193773,3.826699606617842,4.003771901718159,4.006936486758886,4.203910943143886,4.360681530394393,4.180549189714095,3.5095518778938892,3.142652099778943,3.6322105415909705,3.720879847657978,3.7648925705103338,3.9105818590878743,4.03092433525729,3.8508478445868914,3.7108096210450365,3.717950707492846,3.991610958197899,4.137494944751612,3.9723816927417337,3.7771449615192347,3.9127511938766286,3.8713992379725135,3.9745686456753697,4.121679689445662,4.295882565462132,3.596492652649702,3.4899171762734844,3.9829064422285616,3.988043699901403,4.097077629129027,4.055222589919211,4.0926881343831,4.064636428866826,4.346758670906826,4.313497633955298,4.099432648480112,3.9371881874900843,4.2681635193938225
4.134282520403899,2.4692587620132396,3.89925731734937,1.773926656159779,3.3378995460375265,3.680591518850723,2.9257242987557444,3.0835368761765167,3.1758085895510484,3.846307808132914,3.8286300899923527,3.855088876587132,3.689273865505532,3.432147859267045,3.2654835461128786,2.88567267456044,3.564478297253417,2.5762073890399644,3.512057733330836,2.873798272229556,3.082664845122542,3.8518088255947807,3.366152730084737,3.7949568114696417,3.8026358346895757,3.846958697327414,3.4852314482947677,3.705953885360715,3.464103927010091,3.9121837595895386,3.716907488097841,3.9570003711946913,3.4934426236213754,3.008120525923781,3.273843625878466,3.361714547499304,3.7297843106906976,3.8184659974975563,3.889431110519897,3.728776211419524,3.687871075480978,3.645571207775026,3.942215846286232,3.6181370830413537,3.3897381519210206,3.712980525695582,3.7888138432972513,3.4877694267534025,3.3540677803343466,3.798747246239359,3.175962166684242,3.1654890413268717,2.727023315207439,2.9897430351029133,3.326950161544883,3.7487558330838424,3.26898659440979,3.322940332449053,3.6845337534488043,3.847737155707966,3.7192799172482127,3.6348863906628774,3.5801598009436826,3.4221086527757225,3.0523282326683594,3.239386652887067,3.543080679256427,3.3262851718295448,3.1990964459343374,2.7817621489705107,2.80457525419487,3.092592334770936,3.4069745828593243,3.8687832032247442,3.6565454535849793,3.671052065436836,3.5804583380853336,3.5105608323258046,3.982152732714396,3.755981943627935,3.631669593020701,3.4623392982285384,3.3649607756940907,3.488105087954974,3.733466979443834,3.4512811629708566,3.637345749228449,3.786267639397266,3.324068944865632,3.828716620367662,3.2820373833737992,3.6456168077379614,3.3419536108724643,3.5070932574193048,3.537500090810359,3.3754059611619156,3.513023429868722,3.539247023110015,3.393460133567144,3.3056244444912597
3.480717218218225,2.8967200055311464,2.776484121658583,3.3378995460375265,1.6491685677615668,3.003183893108258,3.47890928257838,3.2608687829208525,3.0036726495535775,3.900515273778469,4.090165461682783,4.024742333447539,3.5944793946625366,3.697404690183765,3.7498591169191138,3.0642784306374433,3.777426390378351,3.4264686715626893,3.6685598370786714,3.690455656665232,3.631026540054471,3.8109633015111357,3.6178863706484794,3.8923598617945854,3.6184532508097944,4.209312608107065,3.479744045394396,3.8874096878425997,3.610917593178235,3.520856679919254,4.019568895479741,3.9284017633462134,3.402753390806962,3.5433180265632362,3.7609459229315374,3.1158312976262637,3.8958896724343837,3.560634137591069,3.7871451830343883,3.4602907134461254,3.4313092311145903,3.722725987142879,3.8835913963049125,4.088378131493729,3.362268634418947,3.4890071054894882,3.683225390836163,3.759019975075384,3.289941058696473,3.3532178872299045,3.284832982019817,3.110393237995364,3.0518526672037836,2.5931697933189954,3.0196333541848013,3.433010945255681,3.573827188741441,3.207002236489926,3.6633904731428,3.8341330534987055,3.898291337174905,3.496879314568264,3.6317217017507533,3.8354268245118135,3.6436299577024056,3.5938251981864853,3.4042999671517142,3.805898646254161,3.4879834261560654,3.418162477650566,3.6625790764357893,3.3501978006096014,3.7991260674010405,3.7570348085538443,3.828978421106895,3.7329562188903194,4.175883287820667,3.5193045721783793,4.017982807248672,3.7102888909241587,3.7767876797777675,3.615776221861088,3.7362552100128776,3.662710208101993,3.775939815238599,3.4412043090398257,3.696364065990702,3.939647678343276,3.2535462960291865,3.9878453837829615,3.2208642390189404,3.4162404229965557,3.468577578052106,4.042364442643175,4.0546582949840015,3.8368515776693277,3.5947593410976006,3.8346951313316593,3.3067429325014404,3.3586857596694353
3.534376492227671,3.2849999257601548,2.7262452807419293,3.680591518850723,3.003183893108258,1.5329544494480718,3.929819290927534,3.639619073168724,3.4048748120644894,3.6401075499234357,3.6959014255558698,4.270668169374726,4.454097396631314,3.9376736668636587,4.098237630226507,3.2314793841250506,4.168749676044171,3.504838068591475,4.092713835461072,3.9145594652777396,4.13145814728318,4.085311262583988,3.931146200332658,3.978646963467713,4.050768110119558,4.469595821273352,4.046427113323697,4.304206968131465,4.01306334159916,4.218975418620495,3.897072721005734,3.8626862802165127,3.610805769204556,3.343839924408226,3.907642040305769,3.571973084537234,4.134134844507434,4.205007291092955,4.10409090964018,3.8932452572478033,4.160804902246991,3.962768360171855,4.270087338768422,3.862808678100892,4.00300546404527,4.189322390284821,3.9216664563636243,3.79211591971422,3.5943355639951764,4.315306979051217,3.6680880952052934,3.3569655657193205,3.657870830498155,3.6087981644379195,3.229859825528532,2.589985412354525,4.081097102615459,3.2566958121124,3.6043647013459705,3.6671110028433334,3.8837647097860377,4.115693406286327,4.210720292721583,3.8767157202715175,3.973356915821196,3.9393912856260203,4.113289127231054,3.91867146705717,4.011787389406046,3.6668499459565753,3.894816544045313,3.8812045182512205,3.8738059469458963,3.9832043842686478,4.150280449473283,3.58435054031307,4.007029303940155,4.1476572611646985,3.9049909648355543,3.892276120298828,4.356539951899501,3.8563731013342815,3.599320605157327,4.158626308547335,4.220263002514054,4.062817165881554,3.930929529830613,3.9005880023834174,3.6456365413163048,4.20158322672393,3.6976439153980607,4.0995394937157,3.8314408368480537,3.6050936435321486,4.315974607687256,4.14620802143111,4.294533879393027,4.108482611946335,3.7835289419177944,3.9814500780145243
4.211442891370855,2.9655635239282603,3.743567372185981,2.9257242987557444,3.47890928257838,3.929819290927534,1.7295376714759871,3.571269693548766,3.5643682721900016,3.7766644074286257,3.8263935002381917,3.8666182915130105,3.9715158786635345,3.5064785200680832,3.860830493723374,3.1842053173053877,3.786456255568152,3.0789343386880863,3.579117638087432,3.414527508332425,3.443628444679425,4.260173896024272,3.5069023791689435,4.05611948581719,3.8251938134503183,3.881239755914436,3.6051851844731178,3.7542731752568836,3.9102887494751557,3.934436451609668,3.6182939983345714,3.984700027275543,3.9312001213471337,3.7750009741085533,3.943747579203669,3.6521618039717354,4.06780649719577,4.162529214801085,4.284155200506631,3.93365935027455,3.900138996729851,3.7998300164771575,4.283678046970354,3.9713886441603106,3.8409450824425364,4.102955475252419,3.95759024246648,3.5121931899338157,3.4893954096956215,3.719091479712887,3.598434264779745,3.334092661574025,3.0934536067432865,3.401373137951762,3.7144343958236905,3.7418651437460166,3.614276269564628,3.359110279095269,3.7006842740241153,3.688783572685964,4.041272936933427,3.927487073420229,3.903509991187625,3.796943116887711,3.7635418149881197,3.8827507779272086,3.784298500493216,3.8308951730583134,3.5128634560942023,3.19837125898081,3.1502984022817566,3.537644647263839,3.706815133676742,4.234756887417521,3.611943335273207,3.5029533106045307,3.9622517269133284,3.5956355033279954,4.083072992819209,4.064583066226491,3.7254976186283435,3.5852994557357176,3.519767868640315,3.882532808018327,3.7755513875835094,3.7181401931230904,4.038081657842763,3.6914492936701,3.6891865342266867,3.7565671680333055,3.629340331954216,3.7184455808754904,3.6418021333651227,3.578735639461821,3.938264836892805,3.949331192247246,3.8827101806222166,3.579972013940915,3.499198023711041,3.4121534221082666
4.105363960068677,2.6115326555595413,3.279373997462079,3.0835368761765167,3.2608687829208525,3.639619073168724,3.571269693548766,1.7222062639242501,2.511114932283225,3.832307771332428,3.739326284313936,3.9447978373361003,3.8862432177578143,3.4490669735338817,3.7901309740668796,3.2487047227304653,3.5410843149967413,2.8127951652662557,3.418450729163172,3.522843824569859,3.149621940990438,3.7545907898212065,3.5357528173956747,3.9965492934227944,3.7514330652201897,4.03836574486992,3.4414713820409757,3.7977508685416606,3.562674093889263,3.7114646087736443,3.884068435271181,4.026725053352741,3.7313286720674657,3.4849785658347274,3.5265978595572016,3.3110670484420104,3.930306138864449,3.862208345580584,3.796107490716365,3.5586082764733646,3.9107552928717255,3.8725177527909125,3.780622589849601,3.972566665943758,3.70234386777026,3.5744318817076715,3.687762282663939,3.780966456435126,3.6502763438778176,3.829649359205687,3.687312467956607,3.0513359432167206,3.030172170761874,3.222394188753118,3.190334128277611,3.3863062658934084,2.610649123987543,2.4462319864510293,3.959646101310221,4.0945780769142,3.722372176136989,3.6908925566286657,3.7860522601385607,3.6473315113106235,3.4742599500359597,3.8513499716295243,3.8826487487517363,3.674513294694641,3.552154232497983,3.0441872374845267,3.2076734443100987,3.186679491591335,3.56292090405772,3.929404419127459,3.945076703401819,3.788894437013486,3.670593632358284,3.601207839565941,3.740807078993873,3.9234512334473375,3.804715988235928,3.9910324814127254,3.681849268724581,3.529859456404961,3.491824554394732,3.7112876354320377,3.9863475673515385,3.778251358309836,3.4021276537323457,3.9542593078281527,3.781112038644996,3.7124294406652143,3.53370936301398,3.4156828444059277,3.7384350516623965,3.8961464645603487,3.6335912327577913,3.6722111545926523,3.7236607480603134,3.7137585810768834
3.9875605758449724,2.7113557370187205,3.2831576691639874,3.1758085895510484,3.0036726495535775,3.4048748120644894,3.5643682721900016,2.511114932283225,1.554755312423674,3.7382838949498054,3.8646981391578845,3.8516799192339137,3.8856716058873433,3.6933752086585736,3.930582465988353,3.4738435719620897,3.88128919013578,3.0374329554278505,4.035703659331247,3.640723721553726,3.803307239870948,3.7734947694974688,3.7137294996626995,3.7711899910625415,3.820860250868459,3.8613731511911573,3.620489872697105,3.760265304871711,3.720036826089697,3.8019799164277486,3.853225879344467,3.9021830201059164,3.600551807279223,3.415017097695641,3.676351019860837,3.112818597582238,3.7995815211979007,3.8392150978784163,3.7664860252823193,3.660241389359552,3.7498430780084555,3.8138355164551867,3.9170227813543605,4.008397474859105,3.8516582697482122,3.794017518030322,3.84387919637666,4.047930555416374,3.5380217595281405,3.6617056038052005,3.7498714809698837,3.226756659570678,3.465493332003395,3.2722911675155393,2.807034015567972,3.262684700561532,3.104978723628651,2.234813847643612,3.947701716131277,4.047548623284351,3.9645283887709737,3.9642575287639694,3.8513774747161214,3.898731332110652,3.926472571025048,3.950925325503422,3.9120558617418335,3.7386938478694396,3.340850541177084,3.1947971938250315,3.5201840363488386,3.2971908326631194,3.7166245775120617,3.7840033347076885,3.707048652068377,3.774611701823667,3.908597604837026,3.3823826790886637,3.874059366602527,3.842301543141734,3.6313537666231683,3.6393157217181713,3.7306447888233136,3.6051830171668593,3.477175550736306,3.589973368938023,3.68981526971191,3.6339714196788875,3.064233913379085,3.8555150201949053,3.757428977291578,3.9670411044545655,3.6936992923281218,3.6294963396318645,3.9362752683007294,3.809659829351937,3.8220809695904854,3.8975547998759104,3.6753382803136434,3.595292210509616
3.7437952361308944,3.590824360445053,3.9542951094106074,3.846307808132914,3.900515273778469,3.6401075499234357,3.7766644074286257,3.832307771332428,3.7382838949498054,1.835539689776452,3.175427733657681,3.396599051200281,4.206697143082835,3.7855160222031126,3.8485480476471285,3.4024433968924943,4.333387037563213,3.814198234976606,4.033436048478618,4.250032271469213,4.1888792305080855,4.120834204731678,3.985406426446119,4.1268847681311,3.608293338817873,3.9983896813018336,4.01489868179791,3.9513806991137996,4.275757131172526,4.08866922681109,3.7739000286673376,3.5846829539039655,3.9666660030156975,3.963176962211918,4.079676625983482,4.1876696486599,3.8934429841366742,4.109146004820056,4.08486446413896,4.056213346422354,3.959318755246772,3.4768023111744655,4.019657892257754,3.658998367853621,3.826060390192595,4.16048242866597,3.9989520998382657,3.989340869024087,3.744253811237264,4.042098801003365,3.737125528958456,3.6810983373549764,3.9387808702545577,3.8781791100440097,4.165460178945139,4.025515140818473,4.04024745582081,3.885812991838783,2.7148215169494967,3.1387307403384486,3.5355933269504356,3.9815738772959173,4.040598556425001,3.813551095254946,4.057793818383359,3.757064747817344,3.882167452440168,4.276954523701003,4.014639981369822,3.90487009789826,4.126635374826339,3.990663781077329,4.025259513861457,4.217407577436459,3.668046370818072,3.4959218918997625,4.0223230470424,4.134116541536985,4.399244193254006,4.10222737503968,3.9723323041843694,3.73060427735248,3.9072948550597437,4.149849279375889,4.04841708882732,4.130531114214197,4.094132932843244,3.744917988244461,4.12932293223758,3.941632402773511,4.004425310584813,3.525473101781703,3.82582942131144,3.786460300281371,4.120154916608976,3.95828727382438,4.068966436557305,4.048351530693719,4.026820389987932,4.012526628510762
3.481270951625675,3.527692168563877,3.933697785928626,3.8286300899923527,4.090165461682783,3.6959014255558698,3.8263935002381917,3.739326284313936,3.8646981391578845,3.175427733657681,1.5617111233126098,3.2234870188988642,3.9449778851366086,3.982632784141943,4.103713023217967,3.749909559860948,4.1884070427861735,3.79491257027568,4.006129999139368,4.012523444651162,4.103462035570098,4.279807531819546,4.092350023573191,4.224233223814111,3.0051554827303564,4.081558693163627,4.099465283393842,3.999672970627262,4.156865176813305,3.9346574780871855,3.865390703791531,3.517675235908471,3.7921244623876103,4.092060777977047,3.9667744325742635,4.003984939745339,4.052360786340702,4.011298784443438,3.7243618331857413,3.905592529585697,4.217873806488626,4.059818299510616,3.8669775738783847,3.9035724853369302,4.050888879606533,4.018343674111838,3.8076989979111664,3.9847731604642846,3.9219359123084527,4.3257136083849455,3.8295344743230224,3.741856788934208,3.7520976987841212,3.807760458656985,4.013936446286314,3.8103333409346747,3.942836537934341,3.9648196375196676,3.162887934567088,2.6509599288414365,3.369200835235806,4.079634625346345,3.9202238324727343,4.001198498176849,4.202000951023867,3.9195788394892497,4.208280351659821,4.026981639549269,3.98874868976545,3.6436136245674264,4.001449684229195,4.16329715883362,3.978025792057664,3.858946855192782,3.6270343206656106,3.239604251079928,3.738949239526969,4.043081742762739,4.200430646877336,4.040957020562563,3.9176548965747577,4.0961680507186955,4.138707379000111,3.913696978031913,4.117251201752549,4.148074380739768,4.3224858071272765,4.011864536597624,4.028682270651291,4.24629515641774,3.9821090301630853,3.629983329210271,3.874886183585174,3.9073700166245864,4.127491907248355,4.1705144728867145,4.231722478980006,4.157576918927871,3.8859766689519826,4.235625774191614
3.772492797547517,3.623439197186977,4.057399153870933,3.855088876587132,4.024742333447539,4.270668169374726,3.8666182915130105,3.9447978373361003,3.8516799192339137,3.396599051200281,3.2234870188988642,1.6061895150023155,4.103871047071815,3.5122218507827725,3.7584717450986473,3.6995307598800524,3.834695325200006,4.080768801878373,3.9989449661823837,4.203161216388286,3.990484619256339,4.514407000786524,3.9762410094988154,4.237138398283408,3.575843717394568,3.818115216101,4.084658252526797,3.8109617618536133,3.760529049789663,3.862040076662175,3.9449221768153926,3.6395536076279162,4.210139506735273,4.057858205209612,4.113196921922813,4.309970643068434,3.921481843564874,4.077774158001459,3.905057618045875,4.123581342215323,4.169784275801811,3.825325116331993,4.280608243233823,3.885606593124531,4.044527697607396,4.337111053098264,4.278465006115539,4.188952433067003,3.6727876433291864,4.251027879276965,4.174421397881292,3.9357090527912195,4.131567220742543,4.2224584604859,4.081805735108079,4.061419200422897,4.05636506889826,3.9442300341443217,3.3127080112022425,3.1990938165524314,3.3372292102043963,3.72275493143125,3.73200586165937,3.771872922486847,4.122711891104561,3.734134955692793,3.8708342284609722,4.191824046932257,4.068050998586103,4.071892716928355,4.096265722821417,4.18531576539666,3.970992937577827,3.8808017405892046,3.737536645705809,3.3717947079729544,3.726713306710535,4.309302486131648,4.072670220566896,4.044459202726378,3.9112978213196152,4.009340708744715,3.954980659005527,4.29356867795261,4.414851664159558,4.445488766975492,3.9020163733220725,4.075315539745721,4.1363000232170695,4.281256058556848,4.187811201110367,3.791629739908675,3.920095805168791,3.932207142410508,4.251019008978442,4.0574445585708805,4.346345449504274,4.230867513344806,3.950559025918432,4.093867137454731
4.130808270699901,3.497337817308842,4.325223567695953,3.689273865505532,3.5944793946625366,4.454097396631314,3.9715158786635345,3.8862432177578143,3.8856716058873433,4.206697143082835,3.9449778851366086,4.103871047071815,1.6771938523707484,3.189328968365711,3.228437619868677,3.541866814086043,3.3642202659653933,3.727215049213064,3.4074286604308117,3.815804188873955,3.462985072573797,3.826357332478352,3.5835125035561775,4.042040834692802,3.42224780222792,3.7587146165688945,3.7539640916117034,3.57381547647992,3.7631207643076583,3.4121454047374966,3.50936019459556,3.6472700879356554,3.3083828245818907,3.8036869885881357,3.66986617435303,3.5506245222408177,3.5394527785880356,3.6881824760954887,3.5556105366098016,3.9030807276257367,3.38456230618914,3.4118893263269334,3.513501136852056,3.580665744400604,3.494887752694987,3.4256000760648138,3.3640094810919283,3.6528325423939476,3.4092912140242118,3.263284548499829,3.773513879437816,3.803330628235095,3.616407487288439,3.6473030090524063,3.6288343509236993,3.6514590770116073,3.5337244664420995,3.5806268154363465,3.797404277145073,3.9006901506108593,3.45932236350734,2.8098486199724326,3.4554922785898614,3.143348421946825,3.4717677321684146,3.2348331966424735,3.4848080284924934,3.337567245622272,3.971545377905857,3.8656245574370653,3.7508066519407155,4.009221509360701,4.0385930831467665,3.438900125172858,3.7571304960371976,3.387945282612174,3.801871305933346,4.076337975901057,3.388526579176546,3.531312180336078,3.7048106174133864,3.8175076918492716,3.603229964013663,3.9032210905271043,3.7305760976,3.797275452652622,3.754536383592277,3.9240001377536458,3.7418267060491313,3.7878767901594657,3.6447582376716574,3.8301156529515885,3.4658887213253924,3.657954807497609,3.8761161241360953,3.4122598240750692,3.4823531303515,3.7795141388347573,3.4337267633093433,3.5302491040968227
3.9328845008104474,3.4768265198425765,4.0626934119186755,3.432147859267045,3.697404690183765,3.9376736668636587,3.5064785200680832,3.4490669735338817,3.6933752086585736,3.7855160222031126,3.982632784141943,3.5122218507827725,3.189328968365711,1.8025789925006872,2.8325071747316617,3.4427934541819196,3.2888284735584454,3.7810158202761115,3.215924377484826,3.6340648145870436,3.371524710537313,3.673087741406813,3.2923980003523,3.9758706075557617,3.6511043535292407,3.977726474785728,3.7294762634116037,3.396957978506086,3.7124583840932512,3.8122620615795264,3.532441209890194,3.7221481619943675,3.708349231015122,3.6623071801013958,3.09519642106489,3.56949194990481,3.666155023578381,3.495547800727085,3.5186878821865664,3.3585565631050174,3.5488376823703787,3.677542372935353,3.6555569072086747,3.218024109786643,3.410199051499842,3.5312814191027826,3.5175458067110266,3.4118816708016535,3.562652517876501,3.6766400550204485,3.362701467221004,3.5711145948129013,3.6031606569224355,3.486895551094738,3.493813663347309,3.675149737874362,3.6925808426187348,3.564964669439159,3.561351239045613,3.3848021205552055,3.618575078745978,3.385708989275182,3.1867166390879818,2.6596263204116597,3.2926833570418954,2.9630915776687927,3.6210765596042607,3.790402536113126,3.7967482113128366,3.7324664697291374,3.553580801413283,3.4092437803984796,3.5384033859034334,3.7465556784324594,3.701761584143347,3.606099678788237,3.7097524854923103,3.50287543486716,3.8102106085517957,3.610997140179207,3.6725387101852704,3.59017989997132,3.687780867846628,3.6814795079775227,3.69687336171682,3.379034586606627,3.7278895203401876,3.4997415936934937,3.6870992806652705,3.7456761728720114,3.5539604501819975,3.5392070209429325,3.2874048660392017,3.806520146676243,3.690366424593549,3.0577349382152716,3.399881730049222,3.4531404667440615,3.6225138663510648,3.547773821425345
4.1210079182397745,3.448507183942953,4.266593327378754,3.2654835461128786,3.7498591169191138,4.098237630226507,3.860830493723374,3.7901309740668796,3.930582465988353,3.8485480476471285,4.103713023217967,3.7584717450986473,3.228437619868677,2.8325071747316617,1.6492480210458285,3.6408656561636104,3.4168783304458215,3.5291787763776834,3.5068517011245777,3.2077404271716654,3.2656806584329425,3.6873331834498817,2.8978344139829173,4.300473752971657,3.9508722679363357,4.030458779187577,3.4669267488807938,3.7847272404594383,3.727730780407741,3.6931048986677935,3.5093005675349,4.013382636039949,3.8185834180312,3.69706699463463,2.9928180269725546,3.7555898020850647,4.195381456243451,3.823689184683377,3.8953143595946287,3.873462871889468,3.7072139954782695,3.957667645425419,3.9264635721769294,3.4160470746204172,3.627608488624817,3.550152050486378,3.674057732042958,3.2911632976422456,3.819794161545853,3.8353429338205878,3.550982578151751,3.8114737937300127,3.7071483034985366,3.678007373318101,3.5359256101084475,3.661512180535743,3.730094833090501,3.7096978183716325,3.7885641191574297,3.7002676430898185,3.9490877399262914,3.4715791642517284,3.3878347825511548,3.231844239805569,3.1543201870658377,2.03370600685077,3.7157635324074243,3.7554530551107317,3.7401840424685724,3.5454268940523246,3.1541468987714016,3.277389762818171,2.9125083542928047,3.8718983234733697,4.023250792404746,3.7683889607136205,3.7089940151459957,3.623778785845404,4.036028360105888,3.7852697377658395,3.9071385818485913,3.7492844427893135,3.638922806475765,3.802955877380864,3.723240687871928,3.2662548745815276,4.106135909243142,3.9121825383253306,3.8373423044148014,4.01978765681254,3.7648908159885797,3.705392747233828,3.6297161850610644,3.785423963914348,3.7094191512285324,3.248607792346759,3.434954245492324,3.4836758965726715,3.749485758364955,3.523274426856562
3.3951473470040963,2.60539608094113,3.2377098185192295,2.88567267456044,3.0642784306374433,3.2314793841250506,3.1842053173053877,3.2487047227304653,3.4738435719620897,3.4024433968924943,3.749909559860948,3.6995307598800524,3.541866814086043,3.4427934541819196,3.6408656561636104,1.681656461808986,3.8852311568563507,2.9220514664386545,3.6821759140462476,3.383458812969419,3.505392482236349,3.601090605063987,3.693974513770809,3.9495389054351717,3.5341031601255852,3.8903769824161993,3.4757146930051808,3.7122068166907294,4.088772023718796,3.89443596395983,4.005424033716749,3.6818990314890674,3.279188063684054,3.1488510957090887,3.5268476459998244,3.4552686926306206,3.665637535906943,3.450737561132772,3.5661887775950385,3.648517238818367,3.563305503142949,3.820366155981138,3.996109575634356,3.9606797192993097,3.3186114765522783,3.8750439372185093,3.8999209989578025,3.7936558831422427,3.1768170197429426,3.696693679183014,3.0792303380359796,3.1582494044512193,2.639235998729133,2.9943425855018124,3.497751649645124,3.666724232263959,3.399728096960212,3.573239029015019,3.439322995319998,3.8238102492497217,3.5932961647687023,3.65913536993887,4.026903620601711,3.8397966215844686,3.747625980242925,3.711661522653968,3.3244656479325485,3.6771820094918244,3.1632305359581108,2.755783407783499,3.3871272133837556,3.1123698460056244,3.6362437533222494,3.6636598879001747,3.6143148175725215,3.727769571262742,3.68672392842756,3.3292635658635996,4.009825895622251,3.6058165029548594,3.503286135089249,3.1279970346495696,3.406179924934555,3.318358926492052,3.5530788734360415,3.5041492607039904,3.716974946581639,3.3311722287214027,3.3495909933639343,3.7764022279308014,2.8468654498354775,3.5889215227863307,3.25058214213882,3.7445324435747143,3.761634462292125,3.73329270672436,3.694793044685681,3.4298561442368873,3.252553489248426,3.4379267394447997
4.235580040384188,3.5862099249801136,4.199509378068513,3.564478297253417,3.777426390378351,4.168749676044171,3.786456255568152,3.5410843149967413,3.88128919013578,4.333387037563213,4.1884070427861735,3.834695325200006,3.3642202659653933,3.2888284735584454,3.4168783304458215,3.8852311568563507,1.5999302758299732,3.352232652588375,3.01671077503523,3.6209061561053755,2.955666400510427,3.255105603498529,3.4257772511749884,3.8475015452782917,3.9119214560392663,3.8883432758256204,3.4848280324986263,3.7984082172563496,3.4629975924243737,3.7841133240873663,3.8552318016213154,3.5533983384138943,3.964921818739845,3.466007831543425,3.2994103104071697,3.798146662150434,3.9990287057141463,4.1493630437172735,4.116185770805702,3.8729758303639326,4.164696368256929,3.916823925041364,3.647847590128272,4.037580530569287,3.482568271608582,4.145083286268796,3.766343020696603,3.670833695423629,3.7869304321666397,4.221127307033806,3.6807160808206576,3.7282348977296014,3.327397984814232,3.702200975787727,3.560620680764264,3.8221009940178723,3.76914984853988,3.6379947965256947,3.9013558859583646,3.897271307332359,3.903761800844373,3.667485473975596,3.490377383729054,3.2768219546462825,3.1191881075436627,3.2465395190010193,3.9800243059025235,3.220848130408977,3.5259536377666687,3.369969819900783,3.3656334671681583,3.1595974633722355,3.414976146903802,3.9812690528819403,3.8298277797829954,3.5911137671101288,3.6113561641247878,3.5461879417124544,4.071990480784576,3.6033744940887518,3.7370390159750926,3.5138723301080406,3.556662783421951,3.5480239225569936,3.617764822549097,3.650749094625804,3.7968759333604276,3.5774484540857765,3.6437225983390102,3.6531726529377946,3.6412668756501883,3.905925385097982,3.7263751963490797,3.533663602916757,3.53185675737503,3.8517448495795827,3.7128124982973816,3.5605812659208333,3.834607531201349,3.8194697679943985
4.093468597042471,2.680494989505175,3.255985495443047,2.5762073890399644,3.4264686715626893,3.504838068591475,3.0789343386880863,2.8127951652662557,3.0374329554278505,3.814198234976606,3.79491257027568,4.080768801878373,3.727215049213064,3.7810158202761115,3.5291787763776834,2.9220514664386545,3.352232652588375,1.5719156997414871,3.2844797659606253,2.9059167084521302,2.9662173128921387,3.750103555085343,3.189584518934798,3.702428836578339,3.8191805953686226,3.778786928940521,3.4647884524579022,3.4939230154815624,3.4217417376590036,3.5614387421481344,3.7621898607320534,4.0152410881147285,3.6592229174891955,3.045068614999873,3.3096185600926464,3.507593020979265,3.9385776118473843,3.9059410887524257,3.7219209758016722,3.506307650831878,3.687516919970199,3.7222272614820175,3.7668729860677552,3.646521707202619,3.17172279478175,3.6593053216418623,3.585741892670823,3.5309236361294034,3.4189337883443853,3.641822145695662,3.0975818791413237,3.2603632686801474,2.720542727798583,3.0248903005087415,3.1965682671977036,3.667028668969607,3.068341920286559,3.1513659689073634,3.6969861419382073,3.704721672925431,3.690962102650311,3.5797866680677917,3.6010639304203846,3.4614966083309984,3.093034216647565,3.4308094171850194,3.6562042051247894,3.1968315378326206,2.6589871049233307,2.111424036080811,2.7970120326304677,2.6755896668373427,3.1337733908268475,4.0247075586846215,3.47547881399457,3.5559740696422497,3.3935055712491677,3.120932681318331,3.3508904411634752,3.8238992276197883,3.50402032105844,3.322334479876472,3.4231893388424712,3.169562121445441,3.488842650366288,3.5728517294713025,3.482156750356447,3.32297892161694,3.101840348957359,4.003303546588396,3.276425242003465,3.5421762085197117,3.4494312387290686,3.613933859734732,3.6043702625399283,3.4599922097522784,3.476582377498563,3.392864052568625,3.280976829613807,3.2839161142612743
4.077311621280978,3.3389165458803474,4.111224891281992,3.512057733330836,3.6685598370786714,4.092713835461072,3.579117638087432,3.418450729163172,4.035703659331247,4.033436048478618,4.006129999139368,3.9989449661823837,3.4074286604308117,3.215924377484826,3.5068517011245777,3.6821759140462476,3.01671077503523,3.2844797659606253,1.7223876082207326,3.9207972458906895,2.667989286942777,3.9541921611641153,3.366168161423648,4.008034671984397,3.9215779828886594,3.9949968810240883,3.9291521645419953,3.9309071965904883,3.3282649496278625,4.159660908540022,3.9707062510080626,3.8619691329816233,3.9425327948638333,3.629927959147762,3.763132834222084,3.72128803105179,4.238032282596922,3.920883738345178,4.127405893170983,4.2124969598079085,4.277462575875935,4.067646561668943,4.200850230814057,4.268571416243603,3.8034951029517443,4.242597241564988,4.063982389599234,4.155641998427288,3.4236226897653186,4.154933114507866,3.693971570592707,3.8753338152666155,3.415748850473061,3.8300956136774524,3.7826226603354853,3.996582552380268,3.471664477483527,3.638444885881617,4.237041598742026,3.930985457835382,4.03500042061098,3.744278059227026,3.7385123442787522,3.1695489399775147,2.9226710024255373,3.4360679083143753,3.992907702749724,3.4257967143645778,3.6633261388184772,3.3903821938271625,3.481588544295277,3.5807277832945066,3.540312149470785,3.9859641431145896,3.760367623712313,3.7610076701130692,3.6837689668546116,3.9735234987485692,3.672923760904858,3.7586698559801586,3.816459078974141,3.917436027568039,4.07878332065143,3.6882969990421692,3.707554244070312,3.9044364345439706,3.8425178377635834,4.032798273600951,3.776797322877692,3.969709875702339,3.852358143900126,3.8214097861675262,3.7654439878687787,3.745368754286727,3.9908952247240284,4.117437009525295,4.30832531670656,4.105630166441506,3.595613293319276,3.683631480726889
3.974020380219328,3.1571944139732926,3.9210099808170766,2.873798272229556,3.690455656665232,3.9145594652777396,3.414527508332425,3.522843824569859,3.640723721553726,4.250032271469213,4.012523444651162,4.203161216388286,3.815804188873955,3.6340648145870436,3.2077404271716654,3.383458812969419,3.6209061561053755,2.9059167084521302,3.9207972458906895,1.7620780651542625,2.9730558891587044,3.601872356255977,3.314550282963703,3.5312639054757744,3.521297527505279,3.959900578468424,2.9127363808313125,3.6042575139627435,3.3356822866772777,3.4978533207664864,3.6343546548217387,3.7407595938337916,3.419926612133993,2.8914195551100623,3.115614008546589,3.0080856450445115,3.339268834274223,3.6409269197928036,3.5661179878821367,3.7268930972707195,3.224835152262398,3.7654240680281252,3.670128652949482,3.5201871142037264,3.061783849590542,3.5210945825924185,3.5696020254511125,3.087583931240182,3.205515662702685,3.2528632583551147,3.1397360190587134,3.242631006533797,3.2563779116040075,3.295566764567664,3.59278461085584,3.6038398293927347,3.6434651311588544,3.5847274186477325,3.8073346086733144,3.713072752664401,3.622652892256403,3.5952673932975423,3.52885980197077,3.4955701451691867,3.168815229340298,3.3502761317367913,3.352425839156853,3.292739589534272,3.166865555241264,2.9894008433233945,2.6421429254448765,3.2559911355076987,3.218217688081886,3.610229262061396,3.6888622352977154,3.542239016297181,3.766454453356767,3.387246063043274,3.491915912982628,3.7344755666207416,3.316133336736698,3.1025280076403603,3.128137647253724,3.4096765438229375,3.4262293532089383,3.3809444890978098,3.438804982927419,3.282382102874065,2.9056009065464843,3.5254897613890384,3.4469067391144206,3.6341556163622495,3.4156572329767116,3.6524627901692215,3.6520848576256224,3.4763949081632806,3.3236295011706685,3.0656146310602805,2.9046000940712156,2.9633840517289514
3.874340450910844,3.229538312617871,3.871387652694705,3.082664845122542,3.631026540054471,4.13145814728318,3.443628444679425,3.149621940990438,3.803307239870948,4.1888792305080855,4.103462035570098,3.990484619256339,3.462985072573797,3.371524710537313,3.2656806584329425,3.505392482236349,2.955666400510427,2.9662173128921387,2.667989286942777,2.9730558891587044,1.6277282014311782,3.665480366066126,3.1530394139887585,3.899593465648966,3.6694449136953504,3.8650047942087493,3.6617917925856784,3.7510000666317755,3.0328934467741253,3.6592248044324696,3.4987340796350703,3.9188865698582993,3.326462503477737,3.0884752808077636,3.427309937173153,3.454130478795453,3.8039878691017313,3.468716778345929,3.355053399127575,3.2116191326230945,3.403511805938014,3.716844691978062,3.5356460433979486,3.6902110925538962,3.3797691725115397,3.4326544562868233,3.300975887455426,3.433848901993093,3.4106242773777953,3.5106754685139783,3.2556220085462924,3.3454150183337963,2.954618129839287,3.2508667612997915,3.6815761461069116,3.685891483844326,3.529576855595699,3.4710189365599704,3.7805219611507126,3.7845650922463476,3.4759543357687948,3.2822386539513793,3.2871005371336435,3.1896336203534625,2.5484723422739237,3.1259597106687123,3.6677694242090237,2.935431430988944,3.1795038822449593,2.953990149468811,2.818582498849455,3.02125369988731,3.2370967871943255,3.911178079122528,3.547748818307969,3.613422789486015,3.5782756074604203,3.643609005800242,3.7173277088676753,3.810176051972257,3.34711351662659,3.4974418462830523,3.411365158217552,3.162355662006728,3.3159094970274707,3.2791085914014855,3.4931710847989836,3.769736712265994,3.502593232011848,3.6929245892293907,3.5351632522466288,3.7302032912033103,3.5098601067724458,3.6255971262590023,3.687945899605963,3.6442752687361573,3.590346812947605,3.4424096628014627,3.1901472555424144,3.36982121223259
