0,1,2,3,4,5,6,7,8,9,10,11,12,13,14,15,16,17,18,19,20,21,22,23,24,25,26,27,28,29,30,31,32,33,34,35,36,37,38,39,40,41,42,43,44,45,46,47,48,49,50,51,52,53,54,55,56,57,58,59,60,61,62,63,64,65,66,67,68,69,70,71,72,73,74,75,76,77,78,79,80,81,82,83,84,85,86,87,88,89,90,91,92,93,94,95,96,97,98,99
1.6420733341468923,3.5321611390724703,3.808698716880163,3.5805708024960126,3.7906645043884493,3.568670106595654,3.748114898789328,3.534630127415085,3.7807127991951885,3.761801604846695,3.5069972336506674,3.5295069835414483,3.533229428903609,3.571719493323982,4.1495292872236025,3.2766746750387856,3.9056593721479613,3.951870002469622,3.308351389514233,3.2510576405965006,3.3936657684876588,3.882907525570536,3.7462766052327936,3.854897791072421,3.5661884738844174,3.344824126135756,3.602158778516498,4.043121932044175,3.4231869507237254,3.4395718035797214,3.5502825905084063,3.0754721346176286,3.781272279396748,3.804742345875469,3.5147917944741356,3.634664273444076,3.5764504752387447,3.916814225715484,3.845406877989683,3.5388548364741212,3.3935329638117944,3.76694643657797,3.8009765461462397,3.4497833091083727,3.622910546748071,3.407088445562043,3.7044698833604173,3.1663189023930385,3.0114536546144883,3.792164976771176,3.31437871646206,3.8793933252998385,3.6637817917400004,3.7257345792196004,3.8092484672352476,3.605550940074644,3.753820940043435,3.6712838457113017,3.6935279405829426,3.6786377269720987,3.801560097487165,3.709740135594972,3.7112419175708817,3.7047425536359775,3.8803463790226562,3.801636665489178,4.084084371350328,3.3918583811796714,3.3502231939970493,3.9000295829349665,3.2640668418476806,3.482116529818954,3.690402242637953,3.6407360012602745,3.7545028512240903,3.53296714354528,3.8140028305881883,3.8398104267541653,3.4993203810501536,3.4495656119928837,3.6557580286357902,3.710267425940242,3.6119709621091736,3.6070470065510842,3.852531099606951,3.4343698832958394,3.8687009918528807,4.1655031572826156,3.8787540897687345,3.909599311350993,3.8022591734645386,4.213833158449917,3.672538954704148,3.6190371594599338,3.4935609242272547,3.306866479663078,3.5457461476210996,4.017440441310608,3.2938317848165006,3.942742592428246
3.5321611390724703,1.718221279075608,3.871842277807194,3.594994864898257,3.3855217849632684,3.9672827403156306,3.4403632187290674,3.550352819204592,3.4245946347332934,4.247820624968857,4.315288274131092,4.018060454971855,4.608348234772847,4.323511464914848,4.242806922805918,3.4547979263352913,3.6967560669704764,3.9618271550171777,4.137390577460324,3.924179631847267,3.429335088588933,4.0200260222928375,3.715009783506966,3.7832516174733914,3.8758002041066684,3.827137740251318,4.160349250903213,3.8141661420847806,3.9542754669011484,3.733696706648397,4.524568238521516,4.031892024032839,4.091233194211627,4.420235190976544,4.449634807543911,4.077685562699829,3.95390820435324,4.104453514550725,4.099219729295919,3.171669375177364,4.029585864136636,4.342326383225638,4.619145098279439,4.2925028063335136,4.005058086979824,4.242934748720261,4.504175859946756,3.8611120443345928,4.3275589490080915,3.8585866275792355,4.157058239190223,3.39890466668656,3.8261906771972622,3.2880186754918914,3.645010205788948,4.173672219994805,4.25918794839147,3.5715572887429383,4.264712679536316,4.4895519022148935,4.5227766398377165,4.2017859546747856,4.367465640772725,4.7394692044198665,4.0854359367052835,4.217159533491778,4.033010707666043,4.388361306269909,4.3587769292870275,4.257848212235723,4.024223611213273,3.681427604839106,3.6770855466522474,3.5684494044893005,4.127349756506337,4.114009828413006,3.791514780783185,4.069714413683541,4.3802320705262305,4.330493046835129,4.087098802275072,3.7505968450421614,3.7289141284342286,3.933606383173694,4.150574529535858,3.7205996832830386,3.9117978308472994,3.9556242067782104,4.642371555292542,3.6201562687621216,3.9756399329370926,4.440202269624869,3.89872372938594,3.9831185046058373,3.8804600794077313,4.2445420752977,4.2783179733184085,3.861053118213937,4.19817559119942,3.7982858935683077
3.808698716880163,3.871842277807194,1.652805858649895,3.9854127416316296,3.894377825251406,3.5698783303168944,4.668472659715271,4.274993693376884,4.114347373797112,3.950870942561757,3.951606767492024,3.5708253763496804,4.197094374570337,3.8316297731295674,4.104388133388355,4.124588612481156,4.354888858307711,4.054381347531813,3.847235535722046,4.516300000809548,4.206795886011088,4.163249348650746,3.950432365656838,4.247606295389281,4.11684503582873,4.110564382885389,4.354877941731931,4.198521757765918,3.8920204849114257,4.125191349288654,4.199897625814572,4.056112580105109,4.56151328009057,3.934426191506478,4.188556967060238,4.369895029431943,4.400557846165776,3.9614429340491735,3.9276205380876545,3.8680069494729516,3.839185859682786,3.954761663325511,3.9380861724773957,4.387194399258311,4.450739877527478,4.306815772836528,3.5342606944170485,3.8280089865884284,4.479816024176485,4.804513475869389,4.164779824817086,3.5209011865983193,3.864667260032129,4.1543562240334,3.348023708017979,3.6504556110610356,3.8633962640348027,3.92121531810207,4.208560674981429,4.148544868738108,4.128022178202429,4.3394416787790595,4.302263843415235,4.235217542049085,4.277561190403824,4.159485809192762,4.3143174331338425,4.022230086423989,4.040866016812572,3.8250397156680727,4.201481822812701,4.380464871822426,3.7874586331723936,3.9266040815630285,4.289660876704645,3.945539176608685,4.133936160617889,3.9952432388265215,4.04042198015874,4.000181843276919,4.343364618025138,4.514768906306083,4.598981886961324,4.401624309927451,4.357996385338933,4.341356104489182,4.316083815008114,4.569073091211308,4.4043639742444185,4.145716982016619,4.12861707410178,3.986672310004379,4.069179692004492,4.023530009098024,4.491963889721729,3.965285259544896,3.8743119701298374,3.7317286445699343,4.448620973368826,4.585101460492615
3.5805708024960126,3.594994864898257,3.9854127416316296,1.607186580803797,3.585538311225693,3.5291504215036014,3.1816837099725737,3.1848676975713324,3.211544117570449,3.422875550587219,3.3993309479151264,3.366497622157051,3.046743130486798,3.1705198846889546,3.5856136909507224,2.996152638861584,3.3302369264770286,3.246758658500321,3.6207825327568344,3.095492929262464,3.2852597629492455,3.3132476601940306,3.093800659565791,3.2888669656362564,3.1270406609199886,3.137656220628353,3.3308006269184016,3.3449754696889324,3.456072686247181,3.311320797975261,3.5336953255942394,3.772159221325736,3.523759403988161,3.3571692907265542,3.0326871860078546,3.429194078131879,3.034058150706084,3.6124871947841513,3.0245735325659946,3.001830244161778,3.0574056959257807,3.2109006964816618,3.3211511026750395,3.246481471539869,3.2883261037103466,3.171128478951287,3.164892782746441,2.9122151577752233,3.491205255888555,3.245153980592478,3.6920292872953393,3.4935958087914796,2.769071628867942,2.652767796127412,3.393422669071933,3.6926238663089133,3.1878564359801067,3.1471786669642476,3.7468796008278096,3.5460488373398253,3.7745406948670985,3.23834901118461,3.2427994266518554,3.3245552616714718,3.4882355650251515,3.4545342573638393,3.31456431720464,3.516702110580461,3.368155661872813,3.589385250323231,3.350134521038699,2.954223246754222,3.1299179174771345,2.945759908426748,3.4628814455012926,3.1759885082202253,3.547546389056697,3.67091801752377,3.4783272689015265,3.3984605985653507,3.267044307371228,3.2340279006068946,2.9509321504484225,3.082747481375011,3.2942230902902776,3.193495765439845,3.306309401397517,3.3006954789154217,3.679632620625415,3.0216502991646084,2.912152346387483,3.581611799723482,3.136776857796566,3.2273054778131582,3.0338740603932566,3.3160934343769175,3.291326128849487,3.2904377682193253,3.4437135720245466,3.3299842139186895
3.7906645043884493,3.3855217849632684,3.894377825251406,3.585538311225693,1.6533049670735216,3.806317714682309,3.7927082152285707,3.8844954826257396,3.3241323850828257,3.768583839197559,4.1231766717805876,3.973077462196232,4.014245475892855,4.2132010969258396,3.8553874354719277,4.269955312486944,3.7613392554860505,3.9870335218053325,4.010119510426421,3.8290822097241866,3.9768299567741323,4.148021172159326,3.7127253802512086,4.001975984077295,3.675707074569104,3.5231832709830506,4.205132042234386,4.574092062326784,4.034745540904898,3.8525668384269727,3.9032849966546075,4.195981480568598,3.7013388194638748,4.105684768998903,4.204299197834958,3.8684466391888774,3.975591755225174,3.980495197474498,3.9963028666861664,3.9036030611024164,4.22114404622974,4.074248451510446,4.061940716088376,3.718539427615261,3.683878500819347,3.7995962339716423,4.2037564605745725,3.8145480173805364,4.05735684048907,3.7148499211266586,3.8091414885924095,3.049088935322482,3.8394851663597556,3.4300881379827968,2.551067479886682,3.86352497440568,4.068001019853259,3.66761580861916,3.7087604342313467,3.9288935067368476,4.081843680396706,4.026648235704353,4.139166500255115,4.223026239114403,4.051475092438862,4.148205086602242,4.024896183909809,3.8776274560393933,3.7695961580620816,3.762550267018755,4.0879637278216165,3.995807375093216,4.118100396164841,3.949384598266045,4.1992217284698565,4.1042929636899315,3.857929132977384,4.1723022659933955,3.5484741023227366,4.067564548839002,4.004893303373149,3.5981387165827536,4.030717854649867,3.9197425249637856,4.370737125077469,3.456302875209967,3.9135440416825915,4.2633815684298915,3.949210375005607,3.6363525707257502,4.083485118688837,3.741973438843953,3.8664416645543893,4.069410893047837,4.1365546388412975,3.743846154299782,3.9467925571083917,3.9200244731562006,3.93856569834147,3.650671828145044
3.568670106595654,3.9672827403156306,3.5698783303168944,3.5291504215036014,3.806317714682309,1.713352666955293,4.295310719203274,3.897709684523512,3.8099131446036676,3.82847455731686,4.131821215479552,3.9429191908720433,4.074599243135824,3.994961553291918,4.062602307692498,3.990756560860794,3.9697613727294403,3.8181252585991174,4.04156965655244,4.22321427146075,3.937395980905031,3.6962538629133666,3.8669343073686573,4.240543669532116,3.907284270039751,4.255157077413574,3.638129404711083,3.9447039410376936,4.021931072459057,4.074974742151169,3.580233268527249,4.541971576505406,4.370970676920064,3.735448514501127,4.141284883159091,4.229781883150739,4.0413943043275165,4.119234228614019,3.8563478770510624,4.207872386178039,3.631137930275104,3.714843152167594,3.6907208411575767,3.954969236984399,3.926544918484754,4.082954824313287,3.8979621747843516,3.799659544610043,4.1399061946211875,4.201185283532568,3.996718701737004,3.443995102532007,4.087441053044725,3.6776685869900163,2.5256756864038405,3.1425464952658415,4.1346485236317125,3.532064903428425,3.665012421209379,3.7832611682281727,3.6817628379527094,4.131310114432552,3.962532615786701,3.987497915375353,4.141821315275352,4.045577338926531,4.139022007241219,4.0583278135644125,3.8258512388764916,3.7965441060812384,4.1504103526108915,4.082468265161078,3.8702349560442606,4.34359469971241,4.105146330418336,4.171120755211537,4.2050199336683205,4.209492550690431,3.9279886915113473,4.083180727240921,4.058289586709688,4.033103247919765,3.941779242865824,4.094300149599089,3.7496197487429876,4.031267110745123,4.2274753757201005,3.614715478466107,4.16166038820226,4.140887879935601,4.069319396637783,3.9282324159243283,4.134838365086934,4.0505700852215325,3.6434839594455517,3.9530745107766605,3.7442939121987435,3.3081004282761777,4.481348798501636,4.297162741650262
3.748114898789328,3.4403632187290674,4.668472659715271,3.1816837099725737,3.7927082152285707,4.295310719203274,1.6659321930501927,2.4007830173301636,3.0301916888001443,3.853719806395654,4.097784846612924,4.2259222422470755,3.9532756976427916,4.254915901341322,4.136395992242526,3.4127280424343174,3.4414526505869945,3.144205023532935,3.8935976705546342,2.929180501550532,3.445906673924849,3.6535073968314107,3.0183432072296985,3.5154007046989215,3.7528230759363153,3.5650217088522265,3.927812143352576,3.8206896819630276,4.07771391415642,3.623710641228177,3.924067008099899,3.7986291679583584,3.784170707166226,3.849138325902024,4.078682855661527,3.321393974667825,3.715358868111587,3.542243264992261,3.4808383248629364,3.359889176814979,3.7692883758191296,4.411212843221345,4.091508225041877,3.4893710573663226,3.263769596486647,3.5849546815557605,4.431016411287137,3.854549066232565,3.807659825877736,2.6963183376021274,3.7757930278215808,3.5846623140331,3.6083778310012318,3.6084111806268324,3.6260576130279767,3.7693551184279,3.507662152143566,3.4624691538759214,3.9834622113277938,3.841079523656353,4.3793499044021535,3.907344012251843,4.299059415113583,4.367718637917044,4.157254509078708,4.356058205202761,3.3010577553074336,3.8527900096729604,3.689291019078523,3.6613201579597074,3.865243163633971,3.818512744061402,3.5651492594210286,3.7241168042512167,4.146743309875492,4.013080234372634,3.4785373212784756,4.203398591306904,3.5027809416744757,3.50828289453972,3.9087927933596567,3.3632492677733445,3.295922754101887,3.207742620672886,4.038388440893382,3.358051445545332,3.58794756809886,3.6021383944998147,3.798938445845407,3.5436583309042837,3.7815120110972362,3.5859093818989494,3.752427607472519,4.076924385242774,4.164602479688563,3.683316504783292,3.775625040405432,3.667321770692027,3.5740793935110946,2.7222931482087143
3.534630127415085,3.550352819204592,4.274993693376884,3.1848676975713324,3.8844954826257396,3.897709684523512,2.4007830173301636,1.816365006718036,2.8565974816778423,3.6261414623783073,3.56639704160333,3.794260675327081,3.4224232724287758,4.027370980181729,3.6764848027832677,2.9856668880721706,3.2092919797095605,2.7296154264542207,3.318633782237617,2.76917805825951,3.0951128458626065,3.5177840341770046,3.0029719346317307,3.2727716162896408,3.440686624105633,3.3303572303506743,3.6211451445583824,3.403486613268112,3.468212505759351,3.3055573068870223,3.720242828122603,3.1059704928009544,3.409350302783884,3.5191759532830855,3.5940670936296475,2.9887742255284158,3.229549335813834,3.786713177956115,3.8013833780291106,3.25773725633688,3.361344261426878,3.6720285550284215,3.3380610463216365,3.1709588355932303,3.123406015395153,3.0704905395939956,3.6240699305269892,3.5474954966311314,3.231924713867699,3.0085740683084095,3.4778391516527796,3.0564478354478983,3.0483587784146664,3.467892609439269,3.2062966938362996,3.2290443721339264,2.983796819155884,2.8836451792899385,3.619168015784912,3.3475377822113788,3.741945049985802,3.607311885159285,3.4972045953421538,3.482760884490319,3.742760670662842,3.6549393222528983,3.3488114958387807,3.5563733452041997,3.3395111021744235,3.3767889860839344,3.2431176378808195,3.467822882045279,3.195846883143195,3.7228895072189556,3.7246164392245245,3.5585106720578925,2.9517606049770726,3.5766756902857657,3.7309834649949454,3.3643753039222455,3.3945974862361874,3.2542479665586277,3.154166613063934,3.1653676226423224,3.549376589588597,3.1998106400549267,3.4509127296847835,3.216674835516859,3.2039123528920244,3.3399524218235346,3.870663630924175,3.719550562394074,3.8656293849548056,3.788603945582735,3.7913306354070864,3.3591387988091186,3.242862264529011,3.3459095357415527,3.352354970124473,3.3741385617841333
3.7807127991951885,3.4245946347332934,4.114347373797112,3.211544117570449,3.3241323850828257,3.8099131446036676,3.0301916888001443,2.8565974816778423,1.7436509561444393,3.2343975254522275,3.6943401619282965,3.677742438082678,3.7606922568476246,3.611369689700631,3.270759463956924,3.412628700655479,3.4315746367545614,3.2869639599301954,3.6173395872541043,2.530830176317975,3.4227124230688712,3.5549224215423245,3.161501622619288,3.763730993650319,3.5664052789330873,3.3875101223510375,3.6690859457497176,3.538860718899358,3.6279937879021724,3.1906304605940825,3.6698466061216237,3.4607851768027915,3.616952750176935,3.4935923116297034,3.3265746649625245,2.748981803284139,3.0124054445446635,3.676617335889234,3.093251133999947,3.2419725646934245,3.445275614181349,3.7312797008536345,3.4686956508659486,3.124959340857493,3.4003896881775404,3.1865561344357882,3.694460716411568,3.4713943307245994,3.309909290069383,2.8103814117804817,3.3905176086637505,3.386756135443752,3.4666967407623694,3.3598232159764487,3.1722004883534645,2.9451337909379465,3.6626849778568906,2.990356357788259,3.482697131559223,3.4576275961852496,3.8201494072407134,3.809636486275822,3.5592854702181405,3.502283195063316,3.497409650815407,3.45061280330093,3.4303845847379493,3.6448467710326615,3.234959733458122,3.4984871425722117,3.239684118486089,3.540498322875605,3.462550633556559,3.4101473513952048,3.8117535688068207,3.683673472007799,2.9560219257027693,3.7433205318658245,3.575565160494689,3.4816859552873023,3.3115990044413737,2.9331303506965707,3.396030321438287,3.1789613553992595,3.978530728479808,2.649810657180866,3.0051027952298934,3.444293666568946,3.187935627196725,3.137124382886603,3.547861431503401,3.7625420794718254,3.452263606117383,3.937243769049129,3.8234191403598117,3.3556566204792158,3.5282021026789083,2.9467634143888257,3.482456332804973,2.8127589511015527
3.761801604846695,4.247820624968857,3.950870942561757,3.422875550587219,3.768583839197559,3.82847455731686,3.853719806395654,3.6261414623783073,3.2343975254522275,1.3837983067716546,4.25136495059366,3.0762289831756595,4.035008406538156,3.365843752202169,3.4787472103100825,3.8133663204974626,3.883622564814556,3.8815902101275537,3.0723146266021244,3.529102235879432,3.7953988851953717,3.901820915388422,3.385925951491747,3.599853182122263,2.97363750754909,3.8050122031115805,3.4130145951054778,3.523752468931626,3.4140337459547654,3.5131831889741894,3.8158020293518042,3.5771714527084533,3.7813463248063024,3.5160752295786675,3.424377424777384,3.8287553823821727,3.0010639667606456,3.6124355927159937,3.51069643566545,3.4732750320006547,3.231597955501802,3.1023151363721033,3.7639418942956873,3.2658209454428473,3.678465463394767,3.15469793464567,3.42620500992164,3.3874417627607762,3.7186150909695095,3.4200346426394015,3.1933994868170816,3.8271992595069984,3.9050660727921325,3.520198881619524,3.3366926816305833,3.6113926487285015,3.843470358594557,3.7078861976878623,2.7853647124544256,3.7174075352034865,2.9687355354473235,3.9908763292790375,3.2640688377648197,2.9143794799780585,2.927010269695694,3.338666975507414,3.582328275653558,3.2700921108016536,3.7633457300379565,3.5563965946886946,3.7605080894209335,3.855724507468921,3.1663283808835394,3.153141106762072,3.3968665016127098,3.163791714082369,3.6076442936252984,3.3077986781429187,3.3873039865807693,2.9340279247672902,3.6751109240007507,3.4080602553834947,3.6417138668348974,3.676206017022677,3.6268517653243086,3.416654531817089,2.777404734835085,3.4946987675567667,3.7740397840929534,3.5125612618059616,2.937459997084246,3.500744713777527,3.3104373884634604,3.1793797218315216,3.0386032287659166,2.720622944024694,2.7455069946781046,3.1872116358051854,3.7023847904821343,3.271587600996595
3.5069972336506674,4.315288274131092,3.951606767492024,3.3993309479151264,4.1231766717805876,4.131821215479552,4.097784846612924,3.56639704160333,3.6943401619282965,4.25136495059366,1.721473384491198,4.103493705652419,3.6650613217125327,3.9500980547042,4.372839222958235,4.30148318780533,4.0638480478082055,3.9478869583813037,4.307535621377075,3.9522576672547576,4.27619426784074,4.041259965869932,4.07548403561072,4.299016869743712,3.980232012339282,4.178084555614652,4.008290062629877,4.320032869300362,4.271403816262768,3.723993724334552,3.770484318739033,4.357971724508662,4.242559366914934,3.7966170047974166,3.68864368573695,4.380143437721144,4.069038871823399,3.983112787628964,3.8234302062428647,4.269623681979871,3.802894949401795,4.154997454536622,3.638602913921753,3.898156223057454,4.007666399282877,3.8040447348139934,3.875310526698862,3.916815566295896,4.1100045337791915,4.08615940613738,4.058589853560696,4.17987732303873,3.9458025994009205,3.987390919061396,4.335626726247836,4.372258502388732,4.597137937713602,4.045425076891609,3.6839723034513803,4.0056522474200555,4.040830251324691,3.5917157858400093,3.941555482642817,4.0645034179833255,4.426727288629822,4.213436145443287,4.497502986561928,3.870205096930372,3.7079245163186116,4.0028838163948235,4.025802609282835,3.6509097129514183,3.9057049058509365,3.8041965828262896,4.243096463676584,4.157798243742252,4.332001124018507,4.111685503948995,4.0811454341732585,4.325233471696484,4.2050762736553295,4.096739326422408,4.096304076227429,4.0969537139512004,4.425795968965342,4.023188962387932,4.20227614979041,4.366803539690007,4.224375984085138,4.448542930442101,3.957038128860154,3.9693088315080147,3.784822785655804,4.387145867695963,3.938911331944344,3.9853413994276754,3.857461484646818,4.431215475667208,4.4252256597694855,4.297836952001127
3.5295069835414483,4.018060454971855,3.5708253763496804,3.366497622157051,3.973077462196232,3.9429191908720433,4.2259222422470755,3.794260675327081,3.677742438082678,3.0762289831756595,4.103493705652419,1.8141820234703905,3.1729131208269754,3.4434540910315032,3.6947895830091912,3.6324446821837584,3.5575068368790563,3.630785217420458,3.969100812955897,3.633240310419867,3.420595014484014,4.11880176573962,3.7434215038414154,3.7874041935008904,3.6996126655475345,3.6757980964321675,3.8017592685965904,3.6793510229044566,3.4565227520267277,3.75999651935986,3.5353699273691337,3.8582175060437596,3.9559917870824046,3.4153398427541526,3.589209392713351,3.779310165511218,3.7527820363121953,3.440641750650859,3.3785206044275173,3.4432484395558993,3.229629894520382,3.3501557489461726,3.6088104132176717,3.6211092207537208,3.387637760926925,3.56487154832786,3.2432767282734516,2.826179772212909,3.7645305579852453,3.716712667511973,3.709934210718982,3.482891434598981,3.526960773314986,3.5935220936447623,3.3289072404443893,3.445669231451542,3.8561713677248255,3.1894999108923163,3.3636531309317026,3.4331106711116255,3.2511440273567542,3.317775929975462,3.077775924194999,3.0706676880407278,3.2958855858578513,3.473791067538551,3.8534879745609576,3.42422753744356,3.6843424521250308,3.429692443260128,3.81378107654866,3.7056072316347968,3.5735021749167992,3.177761278615535,3.1450003343263435,3.3658164902889114,3.4910874509621945,3.8524812535074955,3.744718857885033,3.700147114260624,4.004582315689361,3.354515709317015,3.263730233773978,3.203458518232571,3.6449753202488107,3.243734170000656,3.9491676111141034,3.553982370464282,3.8167104280559854,3.318137607508695,3.560697008073136,3.520301339581497,3.4620621919979073,3.6534870571124705,2.976965183980257,3.786316552707135,3.629797627029526,3.4011576135878494,3.7230650585316267,3.849452251012636
3.533229428903609,4.608348234772847,4.197094374570337,3.046743130486798,4.014245475892855,4.074599243135824,3.9532756976427916,3.4224232724287758,3.7606922568476246,4.035008406538156,3.6650613217125327,3.1729131208269754,1.5818508838212237,2.893441780292751,2.986055023946875,3.0224317637519267,3.0134699272752785,3.2310416084471796,3.054205653462787,3.0555777121008214,3.2587417181597518,3.5863274371383067,3.0247991732522688,3.0043934238362686,3.0753538667958615,3.3769748683222183,3.277232370863823,3.4299986204142745,3.5259476589823104,3.2073088504515703,3.060126271291047,3.5204161821401954,3.4158803792733115,3.4231598575053797,3.2698316065387343,3.4048543311181096,3.49282797171744,3.5946904487662756,3.2034466042064444,2.8852747627041713,3.4577663163846744,3.556446827100755,3.6431998728186468,3.30190652187265,3.2200939751315443,3.325738805916211,3.425562853145527,3.671246432382325,3.5880701038688056,3.4323144386914093,3.329133331606081,3.316207668655304,2.8795181085159602,3.2081509727224398,3.3733275445854645,3.1606323243268246,3.140103089971958,3.2853249219033533,3.3023102755698583,3.0124169759623953,2.9453926389221143,2.1531801551612078,2.2036060613976165,2.643890769523593,3.4496361341181747,3.0649447428357677,3.3300179016269413,3.327928411280296,3.1454922909628427,3.083775326618419,3.3453289965301507,3.3433499165667535,2.8795420659333986,2.722424848131739,3.356306998230489,3.6249666658814608,3.2508314118673387,3.421438929489671,3.4190606809332564,3.4892654219183954,3.4690441280457693,3.074652671853873,2.9546089836952074,3.164907701966838,3.2254174920026912,3.1227288388475754,3.5969588425418695,3.349312325105513,3.2773735488056874,2.7825667485614782,3.5080370078363057,3.3693554926089244,2.9591956721492196,3.484898148826047,3.4093575609251294,3.506615484223583,3.445821751729435,3.1006342890143523,3.5157944946767627,3.541786975214939
3.571719493323982,4.323511464914848,3.8316297731295674,3.1705198846889546,4.2132010969258396,3.994961553291918,4.254915901341322,4.027370980181729,3.611369689700631,3.365843752202169,3.9500980547042,3.4434540910315032,2.893441780292751,1.6593036768520395,3.0233128797679356,3.356911179842106,3.786703637004187,3.744425705864959,3.0458479818483064,3.4670804012598295,3.4219183887601217,3.676652039140015,3.4758175635455997,3.4728455681273673,3.1920111132583573,3.56597692462266,3.1368124648521185,3.461125898800005,3.5010669219190684,3.834178436401057,3.585279014341618,3.85576641047164,3.647507389367129,3.222949154527943,3.706816285404199,3.735109249706492,3.9851605997722563,3.5348114420202092,3.0439425654442394,3.232484399632051,3.1993171344815297,3.3486127069771485,3.464324243571366,3.6800975950393515,3.480944438192782,3.3988505345600677,3.402199356045005,3.3232075701675847,3.9251337181430235,3.778512301866526,3.812685949412175,3.7166974754256525,3.419159136003794,3.4928048178075017,3.729842440129218,3.582397458491171,3.530856100300652,3.5493017166865117,3.2623020773279956,3.4079373039958902,3.3479257512587886,3.5164010346360755,3.012098518915343,2.573396224076131,3.120787986234511,2.7312094514386285,3.527053921883389,3.3917640418195045,3.3982631991465757,3.4601123149403445,3.308542487341803,3.522485547608428,3.4180820342389495,3.1623522508984174,3.594708418135176,3.2936338636955487,3.5239525494362076,3.5241197835858245,3.7542281119151553,3.626396822761109,3.8084321149345857,3.535773263732753,3.5159366745893124,3.446659933623875,3.6770893930267117,3.5023559251482865,3.937053667715828,3.8452500127315727,3.644806744827422,3.7898246519229377,3.339270424878604,3.4306822988205683,3.087730479406078,3.5195178655846084,3.170495571317638,3.5625268484883508,3.2448492616859803,3.810611369338073,3.633674963190587,3.716950564734754
4.1495292872236025,4.242806922805918,4.104388133388355,3.5856136909507224,3.8553874354719277,4.062602307692498,4.136395992242526,3.6764848027832677,3.270759463956924,3.4787472103100825,4.372839222958235,3.6947895830091912,2.986055023946875,3.0233128797679356,1.757165047161951,3.7352728408873332,3.779886599864453,3.365376112696541,3.7379611206374057,3.362981601617192,3.4296869633884883,3.7320574633685406,3.2585261270915047,3.617985838248204,3.388197410401163,3.42696507199805,3.580940372945833,3.8901527617406266,3.7060109555131437,3.6648770692317316,3.6715951208822903,3.7963678267793926,3.799534135178983,3.460521567396872,3.5588739668220355,3.559974118568064,3.445251754963089,3.5799626922656653,3.412483090329607,3.4098084175126937,3.635899656060824,3.686057333830055,3.4664150544793886,3.5909554763132516,3.8964818611677945,3.381957060147291,3.4776470970115776,3.428330909048885,3.8988294760674624,3.4979964041789198,3.82487494886704,3.924953221358717,3.7810722730393342,3.6815657163496005,3.4678742071759467,3.6481323834138237,3.891740910469134,3.600416514383917,3.322676289861335,3.7482289103609827,3.7053271934695986,3.507200780068433,3.148814995489661,2.9634810826501607,3.195816868274879,2.4799628823079987,3.700357666502878,3.532200810968542,3.4352300128473647,3.247422305218019,3.5438001413567974,3.7152392983517264,3.5524741563956734,3.301136678725968,3.6396436073151412,3.4340212633805627,3.5623826900179574,3.606747695172425,3.810540562440142,3.768219343808309,3.51431183856018,3.6378464396298784,3.7362116098002796,3.502546401640838,3.771411205731736,3.5530902779541047,3.6054677411076463,3.8516435363083326,3.4116971260631908,3.3360919707525705,3.7553656032373133,3.711368977113489,3.429593640519703,3.7514906417650997,3.7563104440506727,3.44559472875247,3.281334524855992,3.4441639500086816,3.804056740844345,3.3331138971599046
3.2766746750387856,3.4547979263352913,4.124588612481156,2.996152638861584,4.269955312486944,3.990756560860794,3.4127280424343174,2.9856668880721706,3.412628700655479,3.8133663204974626,4.30148318780533,3.6324446821837584,3.0224317637519267,3.356911179842106,3.7352728408873332,1.8272862898970494,3.433429326038782,3.4195421799892816,3.421992240541794,3.431375847372022,3.297994898700318,3.6577225549277386,3.097761280446644,3.452419501998004,3.3581551035218524,3.664133163485323,3.897162269766938,3.7107671180370487,3.9095336037613277,3.481654378107012,3.4326014093667694,3.62731475047641,3.593909731274652,3.67015678406866,3.7572210753959085,3.587574928901657,3.6594548519563435,4.0703196777303035,3.8100300332510515,3.1872172049393,3.908161154771657,3.6124771310925774,3.717937927720371,3.4369754404726605,3.54233700628413,3.6812737262677757,3.8214294453010322,3.44407726319964,3.585087617310745,3.5713935867167854,4.089892168810006,3.578352891057386,3.4075766583523857,3.3390662682071977,3.8050662438610106,3.759961614785974,3.642846616372124,3.2917197157263884,3.710458765656597,3.5662097699016835,3.257571625329201,3.4928416642425284,3.257177858611138,3.555630885196402,3.405577278364569,3.5617078957563253,3.571644018981828,3.30749941332051,3.887478097245171,3.7544164390295816,3.643076593931453,3.6597333099060663,3.511525939517727,3.3437305336323013,3.5941405066168235,3.836830999830791,3.41569996920324,3.6663870304444592,3.3817411301246323,3.911086491145388,3.9204407132162324,3.411128216635669,3.1270624768598148,3.6264703041845103,3.3538399842533155,3.5715815868770413,3.623673719842223,3.4551777451028456,3.783919690479507,3.268590848632758,3.755763793778878,3.446864735042991,3.4013734844419026,3.7379785700168595,3.66354632038113,3.546799310381254,3.7302846100467377,3.476818112604445,3.7696412297105693,3.7217259962859597
3.9056593721479613,3.6967560669704764,4.354888858307711,3.3302369264770286,3.7613392554860505,3.9697613727294403,3.4414526505869945,3.2092919797095605,3.4315746367545614,3.883622564814556,4.0638480478082055,3.5575068368790563,3.0134699272752785,3.786703637004187,3.779886599864453,3.433429326038782,1.7756308448891505,3.5591644216354723,3.6376498953275704,3.306469776787407,3.324362837690731,3.243217643120067,3.224636847946093,2.9993531186873357,3.4939625199542865,3.3697024734967003,3.9127566950656174,3.786270321479707,3.625004848569774,3.469865819132745,3.8805778151488197,3.972925188808966,3.670055528550041,3.5086923384448254,3.8731468621608656,3.4791400817741867,3.870448060306349,3.585172787612242,3.7728068702962663,3.1656472474143573,3.4385942327406593,3.4806538770372377,4.0570288170152295,3.900695594146306,3.7517394774603727,3.841179444080984,3.7836981950528483,3.6464320447047527,4.025182227115355,3.446329312108692,4.1592702217318305,3.7956808404960967,3.707713179082743,3.19638891790846,4.012684861068466,4.102723785255304,3.8269824349538433,3.364514615710105,3.741951288461376,3.760792848486659,3.4767062433951232,3.749855781934796,3.6501522630798,3.3924991193264846,3.39845509458621,3.674528061378939,3.702273988107782,3.319287246298983,2.8286940088348405,3.600817868992302,3.4928164990017314,3.528210122517543,3.4025550107232485,3.2618570212455085,3.150310021415466,3.473547010949129,3.5320306898535887,4.066884658102679,3.794260415154985,4.078384985214672,2.7964633273071184,3.4601649102577245,3.7984492060257087,3.5808491671556437,3.7849090664355103,3.5058651651974424,4.0303183042142905,3.730296994949677,3.8534685218251,3.4046080648657404,3.795394736165766,3.4452384084146837,3.8089112943210095,3.7845260846416133,3.7548434581597405,3.754591801748228,3.6931163231694644,3.446679946527441,4.106875848636965,3.538075182386903
3.951870002469622,3.9618271550171777,4.054381347531813,3.246758658500321,3.9870335218053325,3.8181252585991174,3.144205023532935,2.7296154264542207,3.2869639599301954,3.8815902101275537,3.9478869583813037,3.630785217420458,3.2310416084471796,3.744425705864959,3.365376112696541,3.4195421799892816,3.5591644216354723,1.7472462806299855,3.348200927156769,3.4997777284888363,3.7361186308237477,3.041844138747996,3.0069030590486165,3.6845390984091746,3.4916798793344066,3.726007141077572,3.7348842747393203,3.725707633398507,3.74376869442965,3.707099018104646,3.776588830248664,3.9094902002447123,3.752879903981519,3.5460501079742075,3.679663189596233,3.2783861785981996,3.5509777947496914,3.8371871153343733,3.737916768912895,3.596035337620473,3.346824629226596,3.834279453847725,3.7776862731939707,3.7435197415065833,3.382698717910946,3.704527647695427,3.509245737001988,3.790997287417011,3.9533916165979046,3.5677014254694805,3.857861573940166,3.554925760427779,3.089048297651777,3.652917681397316,3.9623981936556465,4.081664623143656,3.349532332998838,3.136736984962868,3.6897705651425916,3.807584156764359,3.735739808040527,3.5787165095673235,3.393561404134457,3.462397564964534,3.4901450180164155,3.301690965254481,3.806581669114931,3.8408213271650467,3.454323259252848,3.5315187887481665,3.739522970743717,3.7605646314637715,3.4630458480956348,3.673425644637255,3.713840937272242,3.6589905638503044,3.5321131253160356,3.8068538099489837,3.780731832620108,3.8502431422474217,3.603715537533089,3.6377020652769794,3.178245638669512,3.661131854437846,3.8603851915097174,3.7698370831182864,3.4816943866987664,3.602910472526247,3.66211315967956,4.161749762804595,3.7353562489503633,3.682822942060471,3.5530981227877834,3.877075247638411,3.9933704472668095,3.726141397217993,3.7155849889110537,3.390646728380041,3.7704573824198784,3.6885423232061894
3.308351389514233,4.137390577460324,3.847235535722046,3.6207825327568344,4.010119510426421,4.04156965655244,3.8935976705546342,3.318633782237617,3.6173395872541043,3.0723146266021244,4.307535621377075,3.969100812955897,3.054205653462787,3.0458479818483064,3.7379611206374057,3.421992240541794,3.6376498953275704,3.348200927156769,1.7943102531966666,3.360535700731028,3.355773420414855,3.128989023238775,3.2477527904048724,3.4606440384270227,3.5806446770873555,3.525931791954141,3.6349999972728373,3.819910216591096,4.013955255087888,3.680128366763862,3.9020560213050173,3.4605394239381435,3.8453531447770426,3.524983871435633,3.5053412048231958,3.5258992177327437,3.4454496395203096,3.868061263106273,3.346473974950553,3.7679219528891905,3.346442675609383,3.6488619324118106,3.5944195199943567,3.488189257182099,3.610200543090327,3.3419621002925846,3.7714156759697692,3.913482269885462,3.6031627380186135,3.4011462099197973,3.472832774677259,3.7957424805426614,3.285315100912412,3.6488669352013092,3.9542953540689196,3.7790921998466773,3.7535092276010356,3.629530653167175,3.69525602765519,3.8274241258683914,3.7970919707331294,3.420315188975624,3.2261366282566177,3.497481866039964,3.7923486651425002,3.329911096170761,3.5926210967069054,3.9522650012366976,3.602924715770063,3.7958771439479335,3.6449434191840084,3.5349974919276135,3.533506913560438,3.7676493168564518,3.716595105406304,3.5624311448371935,3.6110255738895547,3.7819277634131683,4.085655396511475,2.986655432898846,3.6045664860722764,3.444607599725461,3.4346947672081485,3.419649864264275,3.7836045456097005,3.5327288701251756,3.6074186894334748,3.523837120285131,3.6939351068110566,4.046660848443916,3.5500128609848987,3.7205107221699936,3.9620590212675126,3.6950323753531182,3.7593130228258187,3.3829396549546287,3.6054675551787687,3.686424494410867,3.642662625465685,3.6324083593071985
3.2510576405965006,3.924179631847267,4.516300000809548,3.095492929262464,3.8290822097241866,4.22321427146075,2.929180501550532,2.76917805825951,2.530830176317975,3.529102235879432,3.9522576672547576,3.633240310419867,3.0555777121008214,3.4670804012598295,3.362981601617192,3.431375847372022,3.306469776787407,3.4997777284888363,3.360535700731028,1.578161219743302,3.0323792787067867,3.3717948610351054,3.187874112290973,3.2683520895249427,3.071716228252961,3.572953530282095,3.4152827094476943,3.4583563083813744,3.407579580495946,2.9553821978162302,3.4322382783258925,3.2476806015702495,3.633559205547201,2.8559505391068805,2.7853307590823615,3.049817119083317,3.000673137206428,3.4493007418494006,3.837466310531147,3.34740884422611,3.3582728104299853,3.6133841875916874,3.3890236345918745,3.114383964040913,3.334472365949826,3.024871970818222,3.1464357488243953,3.4327055986808888,3.130392754867407,2.761302699375013,3.2314254153652002,3.5956723428766835,2.7837563527893203,2.9477094679825258,3.5111251848082654,3.1799894793751515,3.146882376821824,3.316506951779034,3.4211997305372353,3.259701739592784,3.3503094299258005,3.654440474189103,3.362098147433395,3.0315331913497205,3.3842455356133825,3.4691618763948107,3.1064672871572268,3.232648298128298,3.1506946734178025,3.0435259909309216,2.6067348081389663,3.167143274567453,3.222527126621798,3.3884168227343108,3.3880363156528124,3.4137338638228516,3.0098465415981144,3.701462946611768,3.5275202438321314,3.2253082911244735,3.348063496958783,3.29458901202936,3.4573358887081445,3.076149547916311,3.9046655781649817,2.609782857338129,3.4108396435937713,3.473376490096719,3.063645970489347,3.5134454915267046,3.742956828556313,3.275595678761216,3.54459262235399,3.5517434033046174,3.374144891874024,3.078262089273356,2.818144514694937,3.2471284000022034,3.0824338798032422,2.9236099036071734
3.3936657684876588,3.429335088588933,4.206795886011088,3.2852597629492455,3.9768299567741323,3.937395980905031,3.445906673924849,3.0951128458626065,3.4227124230688712,3.7953988851953717,4.27619426784074,3.420595014484014,3.2587417181597518,3.4219183887601217,3.4296869633884883,3.297994898700318,3.324362837690731,3.7361186308237477,3.355773420414855,3.0323792787067867,1.6751028692170153,3.558004844729122,3.513307294535141,3.6279905777701167,3.37804395214239,3.3629805151707792,3.8905698159233943,3.582515756474601,3.931185742741939,3.482185535163623,3.757451461517616,3.564431281079967,4.165934353005389,3.7778863814191426,3.5883124899114,4.060940813232394,3.7534977475282005,3.8378977459598573,3.5675859242285037,3.733695237303315,3.5995270936705617,3.9987937594049883,3.6845136995538255,3.8824470387309353,3.4782916346733734,3.9448624414517233,3.9123376408067636,3.846142576203207,3.936525017579934,3.463328049020022,4.104957375083906,3.9021146429597486,3.679870493493372,3.5293682054391997,4.009763499765543,4.173371491206933,3.967316038690182,3.788200034385373,3.648154279254292,3.9139335480389708,4.02172791826806,4.023047778990474,3.9629882902913125,4.105281401919207,3.829996647678942,3.7886730753885107,3.5806164875011626,4.095395399937721,3.363278328144854,4.1490886117043715,3.3428325506975614,3.3624845771151515,3.1294134448650186,3.7108350048553915,4.107090684531043,3.6346741379166985,3.8184511788456468,3.920214308268567,3.649626645248763,4.098621239134794,3.7008509119679776,3.3441064652403494,3.0529692098194645,3.22364586944085,3.651131759331477,3.3641142463107685,3.809632581326948,3.3745521723756196,4.363090502011779,3.165201465426341,3.8305335456420333,3.8850925755604826,3.887581473563279,3.584994169851233,3.7120457684235837,3.7922921051212,3.641483172652107,3.400413249100899,3.8230236306267824,3.555236557801352
