0,1,2,3,4,5,6,7,8,9,10,11,12,13,14,15,16,17,18,19,20,21,22,23,24,25,26,27,28,29,30,31,32,33,34,35,36,37,38,39,40,41,42,43,44,45,46,47,48,49,50,51,52,53,54,55,56,57,58,59,60,61,62,63,64,65,66,67,68,69,70,71,72,73,74,75,76,77,78,79,80,81,82,83,84,85,86,87,88,89,90,91,92,93,94,95,96,97,98,99
1.679507622680989,3.2307409571943637,3.1533996571924234,3.289199852956675,3.179158722402811,3.124360875494252,2.620142981875984,2.9177514733804246,2.8566225890002537,3.3822671988304682,3.4825132620195425,3.5786872440043784,3.5845243888384823,3.663699150565398,3.105617060698366,2.966172921010067,3.7391817572214046,3.5437788437484588,3.7609778615798306,3.1281892345591533,3.4419834395053512,3.8026647471470327,3.4892562000684206,3.671169602918711,3.179491741250051,3.8070465844180177,2.953622095896918,3.415002157915337,3.2978718491743213,3.0963005952063547,3.2591862631324675,3.2605287474512497,3.6735629979897126,3.622554655115351,3.8462207694903747,3.1174932408681206,3.525386063081968,2.849239206398641,3.527363942482998,2.9831981680357376,3.320342645744004,3.4867024446016632,3.5208813147612528,2.9741936372190887,3.226460956485716,2.988109645347398,3.4246976175605286,3.174891033668748,3.322812751898267,3.218318279404198,3.207686878416908,2.9415539897233236,2.976198681519733,3.047886657722687,3.036237586734409,3.0758748455420846,3.004209611419066,2.9428049753901546,3.1759289418961183,3.1754415909040277,2.9422772837164413,3.0014607485752416,3.2874177029066707,3.115953415514622,3.3331617583884325,3.020659832205458,2.963696506649439,3.194507465670824,3.5374523592697917,3.426876828160812,3.45542302302332,3.5029208979242217,3.161200786987196,3.2396735844731097,2.8248735351791323,3.4635944485299035,3.5453061291983676,3.2307348904353903,3.591993083287818,3.722109677360012,3.4086957389232393,3.443471779989431,3.5145680301253743,3.452073610990804,3.1669275465947155,3.4444928061811764,3.7653956107234525,3.707199025226919,3.283933806606227,3.128067847829516,3.885742093788922,3.1385067754498763,3.2328466814182,3.0546199583460045,3.042422170592351,3.3127294423914897,3.0371515794705872,3.2410241217783757,3.243306683432313,3.280493828970909
3.2307409571943637,1.6965449163219877,3.1958532354236118,2.9063812758218015,2.330640538067332,3.1607127008141016,2.755502592095571,2.9424779976165194,2.8190719286446804,2.5323633402109316,4.073421692689973,3.2564609346265385,2.8379685729240443,3.2824630573406077,2.7530293749178036,2.3181607051197592,3.125812467701238,2.862850750176328,3.284544449950164,3.043554119645973,2.909994325599222,3.1504905303599218,2.6811730964540565,2.8641207097614427,3.0617147566920706,3.314648314860419,2.543106271611786,3.08908166964659,3.20295855857451,2.528404002755411,3.943269531466313,3.41163915722997,3.4601955949711622,2.8940142762675003,3.042411750280892,3.16819210086248,3.4681433547692655,3.198712908335247,2.7124101457456424,2.68951791026121,3.055311371215297,3.2181697510844605,3.144313477097144,3.1380097467450696,3.208284170661541,3.044320117086385,3.104649279768953,3.411675151690776,3.3909198084411787,3.1140176577829606,3.496318795834418,2.756541178234136,2.783814874651962,2.532612556517941,2.6213422384734066,3.2875145400106462,3.2000449611014985,3.150956591898068,3.3855881362399924,3.563344243695826,3.203368685869005,3.1856516185943997,3.278581893705824,3.276988653122132,3.135934032947606,2.683821642549427,3.196365852285677,3.5280282713672393,3.3577292488399832,3.6831517674447207,3.1156526020670383,3.5402708231407436,3.119232729356568,3.59784434284425,3.7649185537997685,3.8979758633559816,3.2494109947463747,3.271621637279005,3.3902276855030413,3.593149667678736,3.606749827691435,3.562689563650408,3.7909152538797826,3.5071177262447573,3.055840298586595,3.548379013408407,3.733390996783519,3.858148827771017,3.0916671197062766,3.42816580848585,3.6447918946370472,3.3860162056058414,3.5666160568685785,3.6056480862908944,3.2800579168635893,3.1179919148914426,3.04033610020741,3.530999791160929,3.5377376948134733,3.2768426033395497
3.1533996571924234,3.1958532354236118,1.6650874372718518,3.4283527489667076,3.0479007681845007,2.206325603368989,2.6678753623288367,2.8092639947030027,2.823139175401503,3.3245238195819975,4.176218592590522,3.5481220833082308,3.5462450899222047,3.5399837491457067,2.949643870964198,2.892480300898799,3.596117949631958,3.100947662425708,3.730150697824285,3.0926848848824897,3.070513056747024,3.5179999031255447,3.2247558572883928,3.317829176552268,3.2553961145127457,3.6801696561608885,3.102816944718275,2.9794284173817727,2.7955458518348415,3.21917589518876,4.001567281278142,3.52441023117073,3.9384537210410127,3.605228230045842,3.6382256510827484,3.537687886639064,3.838013519094856,3.3998098075218266,3.7675669079367773,3.3903251003628467,3.4957954419888715,3.526819936861286,3.5367171486555904,3.5909222209895284,3.483775093874762,3.5903619194671115,3.288276114808896,3.503468220100838,3.5481636367533578,3.626412539483013,3.640370108615239,3.0776941047145927,2.950698198629965,3.108320526185321,2.20608368878726,2.3660924830567405,3.1906919445287665,2.778815973703246,3.60744309777646,3.2818694789677902,3.129748255738466,3.80055684808948,3.351113591266143,3.7973895162534372,3.2258378764839,2.9045519549310654,3.2270045536402914,3.7047668003729006,3.272795029061707,3.4219835259571756,2.8894925661087596,3.326229092953774,3.2783251303266554,3.3462982294522257,3.5797008987544094,3.362424886561127,3.2104085918842142,3.4597431520084014,3.937840911566268,3.206319576539757,3.4962489557496683,3.824317031089672,3.8147831149091997,3.5655676286364644,3.2299646010116896,3.415074265141255,3.797545854102939,3.550533116758151,3.637202961359855,3.7023661856744394,3.2816141835184482,3.167770427183197,3.416432927165533,3.4467560797191323,3.3416748205218334,3.6671804012260645,3.1914329995282444,3.525810671732775,3.6167695125858623,3.6555392207532984
3.289199852956675,2.9063812758218015,3.4283527489667076,1.737638561295177,2.5028743228687227,3.262733498411245,2.8526481732544675,2.8530279948401196,2.8908553337660785,2.6883680990898315,3.2502275575225776,3.027898831768261,2.8123670735490816,3.395728008300269,2.912629524961624,2.504140837224399,3.0132249868777756,3.118843436263316,3.4268230798428143,3.2060813562183306,2.8960581092260416,3.6489656239608763,3.2225865941117813,2.947316760921009,2.9086968318789843,3.5524835030446793,2.4872367112352713,3.190426093233315,3.3070886222487608,2.815350364258776,3.555742430283789,3.0526901776482545,3.2068946364015036,3.55528356585993,3.334178128671069,3.1139587874873795,3.6051020329911343,2.596664618520061,2.7881580560910564,2.7038477787229414,3.236062988794128,3.0433348119158543,3.3739415917636575,3.2293911056450337,3.253252684281058,3.105192374926217,3.323812899911741,3.397458299175494,3.5353779048153933,3.3705829451041494,3.3200701428999304,3.4008302420289374,3.0436664276826333,2.094282627563128,2.867284788370355,3.4473862306039997,3.4404960323991336,3.140126544504279,2.977106656440152,3.015475616581563,2.853597313731323,2.906812268565945,3.0957733020135985,2.884704611337065,3.159417156724509,2.860954567018063,3.58420549895556,2.9786815246982723,3.4051587561248535,3.3639988650462462,3.1959075562109924,3.3136388836600847,3.070313017531761,3.430118142828529,3.142956758901617,3.1152693758336283,3.4057620674435842,2.9557778557018044,3.4115490702239586,3.3705907532582806,3.529249997029163,3.87703747844213,3.50133286519144,3.098456287601119,2.6578333944070387,3.401482078125497,3.679036213995819,3.656797646646247,3.3023417721112844,3.205053071880416,3.67781019149383,3.486596650861042,3.130936522978767,2.997279206155441,3.142778761986146,2.968380165426576,2.5073089213839945,3.38062471705495,3.512116373147633,3.32127949259425
3.179158722402811,2.330640538067332,3.0479007681845007,2.5028743228687227,1.7106832349812644,3.1135608441727656,3.0786361578426438,2.7741512186977886,2.794012622931595,2.9474562307679557,3.7389240870972187,3.3124735741317233,3.0683316997433776,3.418103231388898,2.9584369194228852,2.6068773254471567,3.303417665653395,3.185041819087419,3.4544493288190132,3.026215337555434,2.9188812848719845,3.4774418193560357,3.216762404185051,3.159513672005994,3.39150070658368,3.5618996036655335,2.4704336674064877,3.351059703275258,3.3070059560172385,2.8650383581988303,3.729997812439728,3.449078878404754,3.6648535325377587,3.4869775813912107,3.38680899991626,3.4844075264977077,3.519897841007051,3.2184462207125653,3.0293579836043723,2.893543441941263,2.80675789282792,3.363070782955494,3.33233845212666,3.599094498722011,3.4185111630646317,3.08623408174566,3.1795223463684907,3.4632544429158045,3.505694373451023,3.446692875847184,3.8898517186616903,3.078862615747363,2.9050077052289964,2.2800985279433843,2.4968262534351537,3.3006660040712483,3.3956372366215373,3.1011786588307286,3.290356119948389,3.5983615832833693,3.256943503229191,3.328086322237734,3.2739500609291485,3.3745191747662404,3.127268735635898,2.9188812163106097,3.565839174467395,3.533587685864405,3.6993218030412747,3.6299040010466,3.052250826048213,3.5752296872122495,3.318193942993479,3.581879974249927,3.6118404582911934,3.490471310783642,3.527012385522898,3.1668835521206478,3.476150240764928,3.6542897541177695,3.787837298182552,3.7611375363875488,3.802220695898351,3.3331825700740523,2.9687690507638136,3.5919678953435383,3.783217112815496,3.8648395381479057,3.1954888010399496,3.484160096041169,3.9399297146381516,3.66954127099733,3.534361199084489,3.5535954229915236,3.2792351247647926,3.3590321284641345,2.3927894080993153,3.6630318277966234,3.6643155270080183,3.390983935042954
3.124360875494252,3.1607127008141016,2.206325603368989,3.262733498411245,3.1135608441727656,1.610684280283311,2.7632594083169253,2.688585245663716,2.7168832460229524,3.176331651974575,3.8362935596858794,3.44711409560721,3.332743314910148,3.343642370901113,2.83383248506749,2.655805812993876,3.541051804682959,2.9986136215170744,3.5596362916616346,2.7535880177715812,3.003767666702771,3.426558658885876,3.0960289010426556,3.2352480172445657,3.315654677897448,3.2510461416757166,3.0705010568450124,3.1626038616070153,2.728968717060172,3.004280129197978,3.6797098142152653,3.2752074458991585,3.8825296034855166,3.542226476597914,3.576471114585126,3.2673414057176267,3.921040517971076,3.038799693606951,3.543810607554145,3.193505127861323,3.4717360874049334,3.4523892253710917,3.6661332610719466,3.5500264754013537,3.4007189216643656,3.699249439415079,3.566405822067853,3.6816380900404284,3.0423426181127176,3.4916604043045325,3.474644150065209,3.1192834939368703,3.193412924886297,3.095179824079411,2.1229157419415,2.1722512443720188,3.0881197668999247,2.798586966984999,3.5218144662403983,3.50101237421801,3.3884259524926867,3.780644531225422,3.240184649390032,3.7410243770668226,3.2767331078131186,2.7664769142997616,3.299829218584661,3.749440756435876,3.4810143707605214,3.4703684733846987,2.781210439092099,3.506316120895189,3.391093522299334,3.509104676311662,3.849125748874881,3.5282584017911374,3.0799039901864784,3.309349469895775,3.4514356548467773,3.0695627135720347,3.52385154104364,3.623682304927485,3.362235894218965,3.4456910525203184,3.0501887300777146,3.189675648983416,3.6762749187355093,3.414103156916932,3.246170745643222,3.5959862664236755,3.389912989258138,3.3054612565763852,3.4398119276361814,3.3205858102463366,3.23035871508247,3.497971816224205,3.031215007388209,3.4866749663575303,3.200803408104759,3.4217535551121534
2.620142981875984,2.755502592095571,2.6678753623288367,2.8526481732544675,3.0786361578426438,2.7632594083169253,1.5820455156371345,2.2988075254305573,2.5815880510519453,2.968670251392058,3.606113982651991,3.2653002143660013,3.1662437694398107,3.5614626002215686,2.8918643417965013,2.5780434412433357,3.429481074301243,2.9745838640953766,3.5252429273806127,3.004527110321481,3.0376713897972194,3.511988131201191,3.6332015931912576,3.1781803476129773,2.927629990475705,3.519604210195079,2.7066389989970094,3.2872431470600265,3.003586693476997,3.079053326928432,3.5941936800268004,3.1326244554562837,3.674420555661709,3.486174147416454,3.504140120971996,3.3642405383478535,3.4276694584976037,2.4647337301166306,3.332600501327642,2.462969360688136,3.0651233135008717,3.3823809685713426,3.4351918279105385,2.964972814454881,3.230399300839746,2.748253834722678,3.3729255372269313,3.4665644340370196,3.455802333541827,3.3181668463684426,3.3158342982851474,3.3234607062248616,3.0287444803966013,2.5965909658755995,3.0115605963363525,3.0435881044773203,2.5800494953394377,2.5512047223959797,3.4526380517871362,3.5766626469838534,3.496179095236788,3.236864280240656,3.239886631483533,3.4406350951397267,3.2692162927755195,2.950757177146491,2.9632786887334275,3.52747579038395,3.2278040520944016,3.309991384474022,3.0714568611293473,3.162342499734542,3.078327345175332,3.395589633263926,3.4876191753834496,3.362265800868836,3.2543761312684456,2.7956414187765164,3.6699594233943604,3.4650485666803545,3.1068731619791397,3.1000784867486932,3.5177108593888575,3.3463650058259873,2.8582870777566574,3.3257379288304016,3.3662172440938924,3.2402062615680376,3.469576459497179,3.570768185826161,3.4357788301143923,3.334099184577139,3.633071900844957,2.97523090815948,3.4446753158265593,3.2992476120164715,2.7705802800381267,3.4301577898189337,3.664653354884537,3.5596831768229884
2.9177514733804246,2.9424779976165194,2.8092639947030027,2.8530279948401196,2.7741512186977886,2.688585245663716,2.2988075254305573,1.697227645248363,2.2138337242568937,2.978554147010912,3.7136455364119585,3.3786924113685415,3.2509837163017288,3.5581608763652226,2.825770698689424,2.497478863982049,3.5142272042686695,2.974345631294863,3.6712018824838544,2.6592323809429024,3.0699547066228066,3.330954059486211,3.485260470675331,3.1478813358036404,2.9100268020495563,3.6187881914307427,2.6595835373884156,3.2223932049015507,2.6824161101545445,2.9337259732798673,3.364106895898119,3.111119346794103,3.49774902080166,3.3767106448698545,3.418900686036998,2.8701816204051616,3.5248105108855143,2.7272973890782874,3.1761799084259947,2.5640987419649433,2.9329232342602607,3.2929699100417604,3.253135764339847,2.976626341524572,3.179813479709379,2.5150430590039288,3.299401543012691,3.1716717451382133,3.0038239251599053,2.9273555968091065,3.4829900346581155,2.9611064344118008,2.7143237960299524,2.5425870617335393,2.545488401092931,2.6933866736721743,2.5479628892088093,2.1692852514928433,3.0532437349830377,3.0937289898182825,2.771281268972387,3.1621618983101656,2.9721021521594513,3.2250698643377285,2.89544647819484,2.702192861600479,2.8543431352138207,3.316374807535487,3.469997814799148,3.513289568608743,2.972042275064822,3.2949206073671484,3.262302045915876,3.0462693749374674,3.0794872214646083,3.501574850372968,3.0745945964144767,2.861563245689176,3.277562695377452,3.5128026918072797,3.526116716056618,3.3430429254901597,3.0916027058774707,3.402240070852827,2.8032434298374445,3.2105767519084836,3.5880239546515016,3.557149734544696,2.9153832213359117,3.131248505419721,3.5932152922467653,3.2350463214092984,2.995288146241326,2.985982116768123,2.7903661564315594,3.181866526222358,2.3604187829269407,3.2310717206304793,3.0790912712206437,2.9556689820604922
2.8566225890002537,2.8190719286446804,2.823139175401503,2.8908553337660785,2.794012622931595,2.7168832460229524,2.5815880510519453,2.2138337242568937,1.5940078803810693,3.007060583393165,3.220249394550369,2.912165755686716,3.113915142940645,3.5297922356066427,2.346372977918603,2.615052467813529,3.4128798872531,2.8684415563369057,3.665596153964122,2.8990745788200263,2.7396230418230907,3.4609911624445178,3.326245056673641,3.013705473874006,3.2109398232748796,3.5287696657768612,2.4996249208818995,3.012704153068416,2.855737879607071,2.7606140597789324,3.4143683674684366,3.0452745016585627,3.868610523029788,3.416842278596564,3.529436604389944,2.7807225583388564,3.140143015459626,2.703222722988205,2.964531640211353,2.500539518192223,3.081311892127187,3.2482666991269338,3.121961537370673,2.988514714575402,3.2281861227965813,2.7981850077629713,3.3951216431452615,3.493720999523343,3.3015616033994686,3.083002235659049,3.225926268790067,2.712948482496652,2.3286885475775474,2.480488743713917,2.4522503223873917,2.408760198314901,2.3536111121715915,2.015546014465288,2.9310393266742585,3.0858409272773906,2.7025281624692647,2.775061334952997,2.769063201139357,2.793086163780682,2.709411234253015,2.230906798207578,2.756980300578015,3.005824894619718,3.2714849193254802,3.258080441066556,2.7789034753462047,3.270070506975272,2.9173553359799604,3.319576323631031,3.3387463109693956,3.153566449765888,3.3619433480075673,2.6908277865399977,3.3477368581141937,3.3820995508995817,3.6097885093447233,3.5393585511350296,3.1873426161306524,3.159213749288264,2.936073917282257,3.395574882553374,3.488595627962272,3.281617371638442,3.5689794913511435,3.563434241244283,3.4267787112660786,2.9787866990001355,3.1001757855906007,2.8669550032839766,3.0593272836802967,3.101760571466746,2.5563739549405065,3.787826445854645,3.4685959522319347,3.5595351610767283
3.3822671988304682,2.5323633402109316,3.3245238195819975,2.6883680990898315,2.9474562307679557,3.176331651974575,2.968670251392058,2.978554147010912,3.007060583393165,1.5253772949464486,3.5626364025753587,2.605754283409335,2.6195033724279972,3.1842868995379328,2.6705657145079864,2.400419926439913,2.8003633318115315,3.1070335153085042,3.2504991935116117,3.284043680284952,2.4705855042519644,3.0047344706331365,2.6749381054386574,2.329615054508256,2.539226826536321,2.704568354864336,2.791057428693204,3.0893683058926458,2.979555990559682,2.613897655447437,3.9807356866852834,3.6698512932171665,3.126040442475447,3.0504559844682118,2.8989085655543367,3.5966057219346497,3.6069995011941365,2.9394039296988144,2.658356388999074,2.7667096860480846,3.533260474372307,2.9874007460682748,3.0155922632825387,3.330648722788655,3.479013429370778,3.248113662995676,3.0183569575751865,3.4329618848723733,3.7310611808581786,3.5449266080282356,3.4951215247505147,3.5123291025179806,3.204805083969748,2.9078834363666415,2.9390793321723585,3.5647190513941447,3.5800556332904296,3.3728458816311204,3.5180469811281307,3.426369488729491,3.263362808265839,3.399645628739209,3.1135852075717816,3.413442453485843,3.3578595705968786,2.712932191894281,3.7071846967286874,3.4633981089500536,3.6507841231078078,3.8754229905094744,3.1570758726010153,3.5864023460105194,3.1542558860092313,3.74985382305135,3.558420961721216,3.557328281335949,3.447709658859018,3.131308780741751,3.873551554556272,3.788669189783584,3.867926050107419,3.980404805451175,3.6508929658037648,3.737413140487257,3.2196075383094014,3.5583800485669883,3.521854099732421,3.710826482804171,3.6689698383368867,3.4896547434432788,3.655602474091004,3.7694425400756986,3.7091762253054914,3.3795789316231803,3.410591896027552,3.6123436703745524,3.226112138385141,3.554063741032686,3.7257353684700956,3.7182342886397763
3.4825132620195425,4.073421692689973,4.176218592590522,3.2502275575225776,3.7389240870972187,3.8362935596858794,3.606113982651991,3.7136455364119585,3.220249394550369,3.5626364025753587,1.745823498619343,2.9580377100643296,3.7332707869205546,3.9995789003516884,3.664668389397116,3.5842926191025977,3.7600540084371374,3.7415535124715076,3.840872120347459,3.7470111682741933,3.7400667409256028,4.103509822106303,3.752015926351175,3.4840538337347584,3.9371147468338306,3.7227286375169233,3.6393757597477436,3.7843798252241236,3.6069783904049633,3.7223312854750334,3.34212671539218,3.6926351705528146,4.311337521735821,3.865152161343158,4.0930022467508795,3.6069687396365055,4.000058788925639,3.2687992118046956,3.968886076114396,3.3615218592776004,3.5797795633685157,4.031529732102408,3.7565278761698035,3.457601867315467,3.496640963206628,3.5257059934320236,3.7684640030968395,4.039275144843223,3.963895365135716,3.612381066308861,3.8388775872890957,3.7389764669134737,3.765327510679367,3.743312842719689,3.5970933152573674,3.654918886934462,3.588820015570653,3.6379833058383353,3.6187952010037447,3.6256132638766148,3.4891907137742626,3.450910796727282,3.5902072990085565,3.5380968874557905,3.643812874641726,3.6370462609492282,3.449095209646876,3.5617298640530253,3.919068510887156,3.8441869228657457,3.7289155171929895,3.915991891061677,3.4065312898059807,3.7610213929893694,3.5715282979750396,3.745518690623991,3.8705687464957967,3.688824253762115,3.611121192073466,3.9526504585874465,3.835787019783168,3.6177436689250233,3.325771034243065,3.752257053373153,3.7838333069609136,3.3085405034348074,4.134266216553658,3.8361809184240387,3.972739588723691,3.735558091529043,3.9716766364157574,3.497659319936116,3.6834599927158513,3.4190513381545857,3.539270805095942,3.6827157379287754,3.547418063340753,3.786733828386373,3.979994636752096,3.863228877150693
3.5786872440043784,3.2564609346265385,3.5481220833082308,3.027898831768261,3.3124735741317233,3.44711409560721,3.2653002143660013,3.3786924113685415,2.912165755686716,2.605754283409335,2.9580377100643296,1.5743242521409586,2.769704085141551,3.1077301533950665,2.786834700971606,2.879468683878,2.9369405049519948,3.215271886379701,3.097412989882144,3.214105857656392,2.490293513795771,3.354735111050984,2.8637009315741326,2.2917889022970006,3.6355016794406443,2.8741560488833415,3.0401553744659022,3.221485706158063,3.4121117860337464,2.712927952371494,3.900193505166321,3.9377000111983045,3.690596264497654,3.3051526427054188,3.2935800512389246,3.584800721687834,3.520581721412939,3.3991792243615864,3.207689343544673,3.012287203566634,3.147400341597252,3.351102634618101,3.4065189956356945,3.4954518299628625,3.4332450856034864,3.4015477451613543,3.165737680573608,3.4708239474526867,3.873171559936054,3.512694287466832,3.825551391763336,3.284394053301799,2.964375401633643,3.3809001924680566,2.7477461404895953,3.4637010130024937,3.854718964276943,3.6574354254606667,3.1375948863667023,3.048174244483351,2.714619977118581,3.089458065217209,3.366359331163312,3.4616442292988654,3.148725293338424,2.8292428335524114,3.6788756339510122,3.524791316457298,3.4997286679720756,3.759794046212011,3.0555139548702837,3.520772123066013,3.224486133458455,3.40139376886144,3.7045804644763964,3.530102340684575,3.7691223839782304,3.355633050793496,4.014606912458296,3.686389887298055,3.822378497671316,3.7883908875318615,3.6289057429155256,3.7561161147217397,3.475373251880547,3.2701318067435508,3.459456043480492,3.6569836929175263,3.4495370354703856,3.506895227947463,3.874515229482069,3.5145347689370006,3.124084479394186,3.551249969133574,3.1292199837612698,3.519855441649818,3.2871495815987957,3.499248152265832,4.114615761674588,3.6885054110557727
3.5845243888384823,2.8379685729240443,3.5462450899222047,2.8123670735490816,3.0683316997433776,3.332743314910148,3.1662437694398107,3.2509837163017288,3.113915142940645,2.6195033724279972,3.7332707869205546,2.769704085141551,1.7731487020139447,2.9117442142717604,2.5248996236039036,2.6804274107716863,2.500486528669963,2.906356585785854,2.901387538958529,2.8409866126979315,2.607350231460362,3.0856451307051596,2.794521612438218,2.860262866551196,3.0747596124687515,3.1006158266776396,3.0097816701280498,2.7911724879225694,2.9159376986044165,2.5317943369895386,3.2900141653856867,3.221532664225194,2.959147305411818,2.862104010046626,2.893154611429813,3.1444230247860796,3.0496374979926877,2.8978944932135993,2.86844029580311,3.0054956748445565,3.078043804940987,2.816161369121158,2.8192323320086112,3.249160615353617,2.9908443405056135,3.299542017256092,2.6483429847022064,2.9318577259524874,3.047012794211567,3.2641694113527815,3.3765854727462288,3.1658040548967654,3.001812616107253,3.070754561926273,2.711801677285339,2.986782015461188,3.281221816632341,3.1387179578146496,3.105306243564409,3.0937758364072527,2.814005389487562,2.897536067898272,2.9740890021667963,3.119048306966371,2.89588879553732,2.6113356290735377,3.01610024235335,3.091739094721124,3.216154888963933,3.2098456506582935,2.7585696958958503,3.0783371995710147,2.9097259674369855,3.059293443309339,3.0507485082709724,3.1391277692225708,3.1596693504521083,3.1850689423864225,3.2987239807749895,3.239925847255629,3.2448060044072684,3.381012530611497,3.2471510840037734,3.23137302758684,3.3362114984173354,3.0253753499903606,3.1252538587017087,3.3873059090558115,3.0866342740605583,2.7023480999618767,3.3698417706532275,3.4091392928402904,3.1547227921782093,3.0628237973849055,2.8315096738974472,3.0790530628689097,3.18698929917565,3.052408235920527,3.163337156524583,3.1026877969904656
3.663699150565398,3.2824630573406077,3.5399837491457067,3.395728008300269,3.418103231388898,3.343642370901113,3.5614626002215686,3.5581608763652226,3.5297922356066427,3.1842868995379328,3.9995789003516884,3.1077301533950665,2.9117442142717604,1.7474429783277836,2.7302248489606615,3.1157338266929537,2.6545430472722717,3.1369264853053855,2.3235472894914766,3.0227563897200698,2.9409629351937205,3.506330976677269,2.7757016226340663,3.202543380560131,3.6511647749509475,3.617438556110805,3.214239875229794,3.222880895925679,2.882536371528759,2.4812936692055088,3.9958350883745797,3.5440004651827106,3.826102646097977,3.3213667263445252,3.661928407811266,3.483738682760344,3.9087488230590353,3.5341183008805372,3.3268918112431636,3.3622453366404836,3.5812369125084595,3.5234296442430373,3.521925711055059,3.4856205971985155,3.519475144184796,3.4408449827060155,3.4759447816405915,3.502733353566039,3.493368794376117,3.532015335283615,3.5143239899565666,3.350376589533867,3.1074698816894335,3.289579758886422,2.989332431563539,3.134407604946591,3.656728179100881,3.331917226311017,3.5690685802241413,3.723673897415649,3.2113905929632165,3.3509812031727377,2.852529779010488,3.425717336457108,2.6905000286902143,2.8328885562420028,3.294548582530047,3.3436483953889247,3.3915134888349256,3.574014821831141,2.875169732195334,3.5751570491694644,3.0917886412789413,3.4207690510272033,3.5757313195417284,3.6372696642467863,3.1430438176172615,3.4172155888401905,3.624356679951192,3.2350106743506037,3.771018394756255,3.744228996261334,3.6934042542731897,3.704826965684155,3.456139571714353,3.2609418562862995,3.966197656170122,3.5701108639868644,3.389069073851301,3.7966579945077825,3.5279073732818493,3.2472045456297645,3.6394184293745475,3.7444141691315505,3.5710756954871004,3.394984576566174,3.3398227559982567,3.2170050111916284,3.422960954882125,3.561795425086919
3.105617060698366,2.7530293749178036,2.949643870964198,2.912629524961624,2.9584369194228852,2.83383248506749,2.8918643417965013,2.825770698689424,2.346372977918603,2.6705657145079864,3.664668389397116,2.786834700971606,2.5248996236039036,2.7302248489606615,1.553265608559514,3.030074709155397,3.5412474206605653,3.007083211180719,3.5265947220972063,2.6894021618626596,2.566049345948534,3.3212326670669845,3.209745489886115,3.4888011563462,3.5083101151697464,3.6822942623464576,3.0130909833164377,3.242631528071103,2.602805978768761,2.604929062706369,3.520506080248005,3.5127779409239746,3.8617814940287696,3.4753070696995008,3.8327361874842616,2.9253759786633187,3.615939900831867,3.223710069483267,3.1455828689840053,2.71429340965329,3.417368070142398,3.254467482196789,3.5246272469790916,3.0070812949469348,3.378502203619011,3.1657120419221827,3.486028723638544,3.4713984215027915,3.2428741280124407,3.1300308219578143,3.3013731532099713,3.1168045226443715,2.8777196810729944,3.310998385877863,2.6986378056237856,2.7763970625656595,3.2545899794598285,2.7580091835756435,3.280492790010612,3.633221828559509,3.088423862105943,2.98493399347065,2.6937376222553366,3.087136818658684,2.6339003238008756,1.6923017162642318,3.0166258516592532,3.431556276122332,3.655130419232382,3.487168224693726,2.413365378669957,3.545875070930211,3.1965389338743093,3.6317369452584476,3.8803453700504367,3.562139562244594,3.144455552026001,3.1243322673867713,3.5058223305679928,3.4150674277904436,3.8826732508483466,3.657439828919081,3.5958073798521304,3.5229690043035493,3.174445446073979,3.584958311900938,3.7826216579864287,3.8205113814196667,3.478484960964135,3.7166584373736713,3.676049746706012,3.3962727450799326,3.6880997521270165,3.2704168921212333,3.314067592816175,3.1372433877742507,3.274702881154533,3.397618945271776,3.3029718371354324,3.5540605076710876
2.966172921010067,2.3181607051197592,2.892480300898799,2.504140837224399,2.6068773254471567,2.655805812993876,2.5780434412433357,2.497478863982049,2.615052467813529,2.400419926439913,3.5842926191025977,2.879468683878,2.6804274107716863,3.1157338266929537,3.030074709155397,1.735605784142853,2.495941281745829,2.728258167706854,2.7927545386662818,2.74912431356556,2.472852718788363,2.7317395274590597,2.693476575139876,2.7546217607420065,2.3307233520384436,3.1553288368615995,2.7214380111353744,3.0638620425205993,2.6497487707247034,2.4942070390966307,3.4013581060672555,3.039817055382857,3.0061249967677868,2.624418545540072,2.811582295658529,3.1562706827582456,3.217142829942087,2.6217626231750906,2.611325881048602,2.408284225615219,2.9462306369823135,2.8687898302220844,2.8943835093715258,2.757783173663374,3.1068873903707224,2.925371437518049,2.786103965078018,3.2113580360944542,3.3313929357419667,3.0568446111113987,3.1480378880271065,2.923632344169274,2.768399856173928,2.6984298540282894,2.5483135404633686,2.7047178808183707,2.8205973570703113,2.4738442542902477,3.215011373350474,3.226909188188616,2.933445790269122,2.849035256197204,2.7977191821846925,3.2666124663939984,2.7562762087593047,2.2711116786131837,2.690549414350308,3.3869592895044818,3.3275055059187877,3.5009368311679907,2.6480878264839056,3.3646486855828908,3.1342114381265254,3.114704265101171,3.279246348226224,3.3762110355233443,2.8735782279621387,2.99948030814258,3.3616550357269595,3.2928411690009183,3.390633394993036,3.253907751575502,3.586440687384592,3.390376633628769,2.9072382490700686,3.284284349756596,3.1312656571805095,3.4551225585383123,3.2155237147275058,3.375888584940005,3.224193999241694,2.9833119080337593,3.340053682949827,2.889122669920301,3.2679446542424517,3.018889339283795,2.7011221815772157,3.231707904610643,3.414773019833715,3.346375899631719
3.7391817572214046,3.125812467701238,3.596117949631958,3.0132249868777756,3.303417665653395,3.541051804682959,3.429481074301243,3.5142272042686695,3.4128798872531,2.8003633318115315,3.7600540084371374,2.9369405049519948,2.500486528669963,2.6545430472722717,3.5412474206605653,2.495941281745829,1.7043003876583585,3.0955259753794104,2.362357950871891,3.166992615952323,2.597091972650371,3.0274316873052087,2.7369461557019625,2.710303754996836,3.0853325733100454,3.126274047151137,2.916042778281457,3.1151978283802566,3.2478264612242587,2.5211621794309336,3.687982414078405,3.438433240885281,2.9756755271877946,2.6428708018295937,2.9518397030896835,3.42319732413269,3.4283889042391373,3.352377383127886,2.9319668297149124,3.0592876159126092,2.9470852171707462,3.0568313577521553,2.930681549502936,3.3030027957461523,3.3071143325063694,3.1191030677323055,2.7741078608334693,3.3247490478912662,3.2850853526499377,3.3114659702690097,3.4476271863071966,3.087969844912208,2.638161583886822,2.948248096645816,2.9822143956997165,3.078006435675671,3.1515851143144116,3.0154303021630597,3.3594250656056204,3.1434531060651767,2.9034496614329792,3.2266892790801367,3.0857811220246494,3.6721328813495027,3.085969685639551,2.8710747745005816,3.1618043968845324,3.3497771757021826,3.1410041446312826,3.5067819877519386,3.039998340331706,3.375868841961177,3.25932703979844,3.404155897439614,3.1762815374019815,3.323810203867736,3.452031735792258,3.3161905891586825,3.302656241751879,3.5607423303933095,3.654087077486166,3.3488769906905347,3.6786901124650395,3.446898020571253,3.285583699818881,3.3290777667651192,3.38288482514609,3.4367537954218923,3.3269970376294102,3.2500966148373913,3.8428473923074935,3.2339556707490176,3.286715030094737,3.191351915991585,3.0000680801931394,3.0406760714774697,3.039813542356288,3.224486213199029,3.0906949205617025,2.9327786883517066
3.5437788437484588,2.862850750176328,3.100947662425708,3.118843436263316,3.185041819087419,2.9986136215170744,2.9745838640953766,2.974345631294863,2.8684415563369057,3.1070335153085042,3.7415535124715076,3.215271886379701,2.906356585785854,3.1369264853053855,3.007083211180719,2.728258167706854,3.0955259753794104,1.730609292512541,3.6702267447119223,2.6639913653076817,2.8325564081761816,3.5648536173465257,3.3162358506589906,3.1595081133384397,3.8654656501977773,3.581726990180709,3.3382570445484383,3.3754781304334722,2.8632818267375413,3.1199377794632865,4.29129471593158,4.08405457849287,3.750172906594479,3.4859585494637,3.5726575427478564,3.4141446682811,3.46336058211482,3.8599594548083824,3.669844829367171,3.360312403739546,3.232371738869291,3.478391629631015,3.759862227547575,3.6316508743569993,3.5698273985535867,3.507658266163293,3.3607155011574017,3.429271607255407,3.4023534732702294,3.6051713989352936,3.832134418806599,3.430501883528648,3.2588349628279634,3.29275948838252,2.8158249151565347,3.052375324900598,3.4056895869622874,3.108727814502225,3.333763264158498,3.5580672309214387,3.24234326176719,3.708604494858597,2.922864173978767,3.3010700792624084,2.9998958276026513,2.988501174224754,3.592951639944232,3.4551211893112224,3.7547711044174608,3.391522345612703,2.723327086400733,3.6728142800047916,3.1069044424658103,3.571854930778387,3.7435943304936528,3.588288421564254,3.3579722880654583,3.0925250239586823,3.977453899934744,3.72388066537988,3.9939887768622646,3.8389450053085805,4.059248034939689,3.7565559541549316,3.484549623225944,3.830436164481654,3.6290000428377645,4.062949081960545,3.174955183602074,3.4803841069138333,3.9120076147840335,3.948374210652314,3.5366215521655415,3.7351773376065482,3.460751911730705,3.68091494650745,3.6645905821272042,3.6986582071944656,3.213661608796784,3.49414912478348
3.7609778615798306,3.284544449950164,3.730150697824285,3.4268230798428143,3.4544493288190132,3.5596362916616346,3.5252429273806127,3.6712018824838544,3.665596153964122,3.2504991935116117,3.840872120347459,3.097412989882144,2.901387538958529,2.3235472894914766,3.5265947220972063,2.7927545386662818,2.362357950871891,3.6702267447119223,1.742383358307733,2.9358391782310047,2.700770889646669,2.9219993201104875,2.6204908215521074,2.7851384512004267,3.7785143106168535,3.4501256721375126,3.0257958778372704,3.1989385999734017,3.0473710303408343,2.484303341825193,3.9531204968047686,3.665811194357575,3.569801069882194,2.6224181685647077,3.1371756603092122,3.3139394175592427,3.6486501811351917,3.3884771189445155,3.0225936225288406,3.160326145457832,3.1748392702400285,2.932090119370828,3.0663246892327067,3.3486376910445763,3.2681743825362637,3.2353661610758504,3.117621555391262,3.5381388901369655,3.6870454811054207,3.541985303772415,3.694835617101334,3.236195960245107,2.99847615983159,3.404747719822287,2.9638750171743737,3.2009617342219494,3.606216790621743,3.2273332909124086,3.3536839339125506,3.8963385212074297,3.0782951345557903,3.3258583483759097,2.8743035211626253,3.4704236877366013,2.6716610498477733,2.810216266347517,3.3395017633770974,3.195887968530647,2.9924077654583368,3.324547164963393,2.6450727344095077,3.3920128917865764,3.074269249624772,3.4134716017165183,3.6023027388329125,3.4437051745790153,3.2318478807249664,3.3025734960306807,3.6684478076886493,3.236867226087149,3.754214157453676,3.6267957302438223,3.8689097781583213,3.5098605409045693,3.4138712641452167,3.352938988220999,3.588946218015395,3.5892989101777206,3.4149128562856426,4.025829833881765,3.361001051935751,2.974465176993917,3.4152933741719167,3.8064807018162905,3.6038731492571343,3.3266327187353317,3.327294374194646,3.358563307842117,3.7477876493661992,3.710822959582896
3.1281892345591533,3.043554119645973,3.0926848848824897,3.2060813562183306,3.026215337555434,2.7535880177715812,3.004527110321481,2.6592323809429024,2.8990745788200263,3.284043680284952,3.7470111682741933,3.214105857656392,2.8409866126979315,3.0227563897200698,2.6894021618626596,2.74912431356556,3.166992615952323,2.6639913653076817,2.9358391782310047,1.547944077659092,2.798893095218783,3.3312845345367257,3.214301688043985,3.3883781347804556,3.5900344368472688,3.4454763668943618,3.2259554314739067,3.3367419437534713,2.783959879730792,2.8787278308967506,3.8712842620634422,3.6696609002698297,3.9334837858147713,3.417570611547981,3.6920326503487453,2.8765805773060427,3.8495843956292974,3.4899771975385736,3.6646176153997785,2.919845772344769,2.9417931390825363,3.7044836079089536,3.981615726011678,3.2244905880386594,3.4984678264443327,3.382289992201473,3.398695721567482,3.252942850641912,2.901984612369374,2.9565189258284903,3.613493647976687,2.6323642801175744,2.9180263569621454,3.4944937651933747,2.546106862717926,3.005228373609537,3.271006599819399,3.071483287432858,3.1448501177643773,3.528945975037853,3.3546257325941253,3.28040453845781,3.1998145249708134,3.35086654655201,3.1172588277830156,2.7870883580297017,3.549951792627058,3.6318744531632365,3.517309976339107,3.759034192009694,2.5931476463350682,3.580318848315599,3.3420818064184172,3.6983061398285493,3.9164196442537897,3.8760925278300973,3.432093331059734,3.1003312412076514,3.673271803584891,3.671664889286463,3.767227423955701,3.243419982222807,3.8015989935673877,3.506258630932213,3.2211767756892686,3.619123547212934,3.5546608050076918,3.7797163064449357,2.948099559240411,3.5182431947020607,3.312331418707245,3.220514242485861,3.5194428746764057,3.430612470968278,3.288575864236449,3.4006455288461575,3.523933394417754,3.434036285404945,3.124939496814336,2.9271103506598233
3.4419834395053512,2.909994325599222,3.070513056747024,2.8960581092260416,2.9188812848719845,3.003767666702771,3.0376713897972194,3.0699547066228066,2.7396230418230907,2.4705855042519644,3.7400667409256028,2.490293513795771,2.607350231460362,2.9409629351937205,2.566049345948534,2.472852718788363,2.597091972650371,2.8325564081761816,2.700770889646669,2.798893095218783,1.6683237890176985,3.171786782618963,2.728645026962167,2.5779575410997086,3.439603153565118,3.174192187261815,2.704893820042841,3.102737037696015,3.0266643241820206,2.3731937922663393,3.5406089975421424,3.3562990181593952,3.2096988369546575,3.0116231436697523,3.218344826672151,3.0792428644167695,3.380572882559771,3.0704859032266745,2.707340551437298,2.620590008701003,3.2223669001867394,2.9480303727394146,3.0295649954142307,3.028508170059463,3.2591794267156247,2.948386213541407,3.120675256268157,3.3106708919831243,3.07513361247892,3.2469603853056754,3.363719920546685,3.1534668913175965,2.859912789182792,2.9946624852353114,2.7608782507015173,3.299101022000823,3.561146965766696,3.2740166558823005,3.188010920910007,3.322164380729399,2.7075077091000126,3.0731107943194313,2.932036503151753,3.023960767361357,2.824619883578246,2.381800545635489,3.356316442256552,2.9347916209735816,3.144073128404864,3.124917309385829,2.336099016354431,3.0801498648025367,2.8538285077711287,3.2898263472002927,3.1722746764317793,3.254862845083264,3.282119581137632,2.9688951576319775,3.4893938685941905,3.2400796119562942,3.570858641460798,3.7525400605693457,3.3452244008747583,3.3509115995690517,3.0149206939237465,3.3623101693662427,3.5417370117788938,3.741291262447833,3.1222974530453516,3.235891667690806,3.5912655621459,3.3243012281698077,3.048135272838831,3.4766867780137876,2.8146530813969832,3.0873474497874747,2.979802165646525,3.402603712705223,3.3139565895480225,3.3830963716831945
