0,1,2,3,4,5,6,7,8,9,10,11,12,13,14,15,16,17,18,19,20,21,22,23,24,25,26,27,28,29,30,31,32,33,34,35,36,37,38,39,40,41,42,43,44,45,46,47,48,49,50,51,52,53,54,55,56,57,58,59,60,61,62,63,64,65,66,67,68,69,70,71,72,73,74,75,76,77,78,79,80,81,82,83,84,85,86,87,88,89,90,91,92,93,94,95,96,97,98,99
0.89056873,-0.049710996,0.24731849,-0.36170506,0.043690152,0.21195355,0.2946092,-0.4211023,-0.10970087,-0.2647707,-0.4605314,-0.6574298,-0.6682211,-0.71510416,-0.6585536,-0.010079896,-0.7725946,-0.41282687,-0.7646107,-0.1894926,-0.56273353,-0.06435845,0.17778797,-0.7016666,-0.07288058,-0.6068958,-0.594442,-0.06968109,-0.747166,0.52095467,0.5033156,0.74452305,0.5366876,-0.5158061,-0.3990144,0.16169588,-0.48945367,0.815501,0.0632384,0.25357056,0.51718104,0.77799153,0.75771385,0.4934448,0.3028101,0.38552818,0.41141045,0.5113025,0.5080658,0.5146568,0.39606273,-0.19765854,-0.46802062,-0.3939259,0.33604372,-0.08175118,-0.39004368,-0.37680253,-0.34917587,0.15906864,-0.64774,-0.6492375,-0.63152856,-0.46176314,-0.62619597,-0.6246962,-0.339158,-0.7010895,-0.6114221,-0.58524644,-0.39582354,-0.6325972,-0.34282202,-0.32282704,-0.70919067,-0.5328126,-0.7133094,-0.7604689,0.41003734,0.5855851,-0.6745645,0.17515056,0.65608656,-0.54781395,-0.78856754,-0.37175214,-0.6957879,-0.14271186,-0.13078144,-0.58562446,-0.13320586,0.5571728,-0.037407294,0.68937653,0.35190353,0.35285467,0.1888281,-0.10067609,0.48133898,0.49134368
-0.049710996,0.90369946,0.73680127,0.57711613,0.65551674,0.64784086,0.61492586,0.728711,0.67845243,0.5938307,0.2060952,0.41317934,0.22402202,0.2207455,0.15662636,0.74166036,0.25618353,0.3537101,0.30064806,0.15178055,0.13922445,0.1602002,-0.40976456,0.33009574,0.49729905,0.5213048,-0.0071016094,-0.3865751,0.28663337,-0.16902673,0.04630407,0.08308494,-0.17303064,0.00798239,0.15106183,0.19881639,-0.3203259,-0.16853225,0.21725464,0.07373744,-0.53694844,-0.027675956,-0.197043,-0.29606307,-0.31666943,-0.478832,-0.56903696,-0.512056,-0.20572612,-0.43406552,0.49816734,0.85715055,0.71079814,0.6519657,0.701959,0.6480876,0.7407688,0.6929924,0.5880371,0.2899027,0.5060438,0.27576584,0.46517247,0.5296991,0.54162073,0.35768235,0.53865504,0.47320092,0.36089292,0.5167292,0.24018611,0.4390394,0.2823825,0.7247601,0.42286956,0.59951234,0.3557161,0.2826916,0.044312008,0.35565072,0.36270446,-0.52323925,0.095041074,0.36347377,0.21083394,0.17514117,-0.12247293,-0.52383006,0.26549378,0.5629376,0.031232521,0.2849716,0.55648994,0.21412434,0.39644605,-0.2549466,-0.42466545,-0.16282274,-0.11908714,-0.44326937
0.24731849,0.73680127,0.9381157,0.2028815,0.63818145,0.8893677,0.7714393,0.52706563,0.749508,0.29992536,0.14944626,0.15541366,-0.02917843,-0.1397496,-0.14511426,0.58168185,-0.087840274,0.2490297,-0.020800248,0.22293648,-0.06693061,-0.15457104,-0.42439532,0.019025426,0.36273527,0.19595592,-0.3734377,-0.53083605,0.045419425,-0.168203,0.383995,0.26988542,-0.13840976,-0.34542865,-0.2602166,0.4705617,-0.45109808,0.07134539,-0.07903447,-0.049735766,-0.29167458,0.2360087,-0.037183452,0.037714463,-0.36802936,-0.32770848,-0.45320338,-0.254965,0.22461472,-0.092450276,0.6418419,0.6531176,0.4649936,0.2703602,0.8723587,0.7923059,0.57662016,0.5933183,0.40022618,0.42247808,0.22953059,0.04492464,0.16237924,0.19625658,0.24540427,0.056987673,0.5303359,0.1335254,-0.043161318,0.26116538,0.18241501,0.038673308,-0.007564846,0.45074585,0.13297021,0.31659994,0.13877016,-0.060423408,0.38005668,0.55399406,-0.046908975,-0.49647963,0.19007567,-0.08344522,-0.20126823,-0.1636166,-0.39218056,-0.5780108,0.3703836,0.22211123,0.068310626,0.49504483,0.26105875,0.47610012,0.33642006,0.04475048,-0.32665282,-0.17227527,0.30238473,-0.10313542
-0.36170506,0.57711613,0.2028815,0.8768858,0.45592773,0.070055604,0.19384998,0.56996405,0.24614218,0.54823554,0.06757727,0.38398603,0.33591276,0.48319653,0.33878052,0.4672184,0.44788855,0.20875579,0.4363671,-0.08565539,0.18718202,0.36938846,-0.08743102,0.39768296,0.25012678,0.5190753,0.47873688,0.087418355,0.33320415,-0.045349836,-0.43294337,-0.18294014,-0.14707735,0.38770458,0.5829954,-0.21871725,0.109088466,-0.3114676,0.4638561,0.21146366,-0.39936608,-0.28690928,-0.20653006,-0.43577975,0.039443374,-0.24354728,-0.28806832,-0.39798886,-0.538781,-0.48454267,-0.0064606005,0.62658036,0.6135093,0.8267322,0.18430021,0.15165046,0.54098207,0.41705465,0.44472364,-0.13418469,0.47662413,0.33800384,0.48676735,0.5918947,0.5377683,0.4544056,0.28334978,0.5666804,0.61757016,0.48736408,0.07759638,0.6455155,0.5154908,0.616797,0.4366233,0.5267668,0.33246687,0.4704604,-0.4578384,-0.101019844,0.6010279,-0.11039241,0.0059024952,0.72203743,0.5819204,0.5573698,0.2985301,-0.04326559,-0.018277543,0.58839035,0.059905455,-0.12520263,0.5835778,-0.21318418,0.32162076,-0.37715578,-0.13196245,0.07264529,-0.50249183,-0.48694742
0.043690152,0.65551674,0.63818145,0.45592773,0.8583493,0.58499455,0.6694572,0.493729,0.59991944,0.2938448,0.109156296,0.16481768,0.029820561,0.07407439,0.03640712,0.40077057,0.0250081,0.19262874,0.09017925,0.21661496,0.026741555,-0.103351995,-0.20682442,0.06514116,0.19158304,0.20530769,0.0585516,-0.11896078,0.13764021,-0.07106294,0.18608865,0.04112194,-0.16926765,-0.15029347,0.012661597,0.38076216,0.0043363767,-0.01235355,0.08193196,0.13929856,-0.15733029,0.14440325,-0.057807144,0.116880454,-0.05912065,-0.07403125,-0.24887636,-0.118260555,0.16495173,0.012860935,0.29378825,0.5881834,0.5248253,0.46780768,0.63681626,0.566371,0.5254115,0.507517,0.42388198,0.15635884,0.25277868,0.070415534,0.16850649,0.25180593,0.29797918,0.1861741,0.52466536,0.21489573,0.033667848,0.26568353,0.17207089,0.10224779,0.06480294,0.4195004,0.14649841,0.30601957,0.19181508,0.08229886,0.15676971,0.24385208,0.008335052,-0.23386198,0.07266752,0.08173819,0.038262483,0.024734182,-0.016425598,-0.15538907,0.32484484,0.21777532,0.34187925,0.3442125,0.31474948,0.22421572,0.34786743,0.15478936,-0.004984896,0.052030288,0.18464477,0.010226862
0.21195355,0.64784086,0.8893677,0.070055604,0.58499455,0.9429635,0.7406356,0.49580875,0.7856071,0.19792455,0.21957085,0.17618492,-0.0022633327,-0.14867505,-0.120040506,0.4788875,-0.08296159,0.30032584,0.002287336,0.34730262,-0.0034544514,-0.26946297,-0.45253956,0.040424414,0.31609392,0.17799431,-0.41132277,-0.5851731,0.10374063,-0.26994348,0.4664145,0.21255738,-0.23880002,-0.38881385,-0.38719302,0.58948207,-0.4084562,0.015754048,-0.26240057,-0.15626724,-0.2832752,0.20357704,-0.13012302,0.08781381,-0.46573895,-0.34516641,-0.46887034,-0.24381754,0.32337666,-0.037831545,0.61496663,0.5538949,0.4166263,0.12588713,0.82239246,0.8558091,0.5480842,0.6049639,0.36063844,0.44922167,0.22901796,0.06860036,0.14612776,0.123623736,0.23466226,0.053895153,0.5906684,0.114564314,-0.11622249,0.2627711,0.27548915,-0.030652178,-0.09178448,0.35962844,0.14467277,0.2862675,0.19526947,-0.05135777,0.48278686,0.54124486,-0.10455342,-0.5239134,0.062025793,-0.2070196,-0.23135218,-0.259376,-0.36933398,-0.5734339,0.4753005,0.18921553,0.09616629,0.48970962,0.110512674,0.43603945,0.20841172,0.106695764,-0.33143902,-0.15723462,0.39990744,-0.041396603
0.2946092,0.61492586,0.7714393,0.19384998,0.6694572,0.7406356,0.88267803,0.42280424,0.6668428,0.12720701,-0.044529937,-0.052728076,-0.11122772,-0.11463912,-0.12894207,0.45791006,-0.151496,0.27909982,-0.07102016,0.33439612,-0.05962889,-0.08215159,-0.0856975,-0.12627697,0.064588875,-0.00708336,-0.19039305,-0.26642412,-0.015175694,0.042818815,0.41265205,0.2706745,-0.07542228,-0.2070323,-0.13353689,0.5976349,-0.22780477,0.18192807,-0.06798807,0.10859378,-0.02849124,0.29141337,0.10959801,0.17057458,-0.13189948,-0.093063794,-0.16001363,0.01148244,0.37686402,0.12160383,0.48580948,0.46707582,0.32547837,0.19153598,0.74835783,0.66320276,0.48415342,0.49659312,0.1820341,0.17405123,0.05525428,-0.062828824,0.036857113,0.1539533,0.15857866,0.037506275,0.5154143,0.048077583,-0.10415785,0.22425176,0.2207472,-0.07862986,0.07634685,0.26404375,-0.03763213,0.07883872,0.050451092,-0.10401619,0.40146324,0.4644823,-0.16869493,-0.25157198,0.19543982,-0.18141507,-0.22749963,-0.0767325,-0.27271962,-0.38511342,0.49769247,0.058380514,0.06519492,0.36823064,0.1384674,0.3295612,0.21756451,0.14064619,-0.1136428,0.10932632,0.43525925,0.111690775
-0.4211023,0.728711,0.52706563,0.56996405,0.493729,0.49580875,0.42280424,0.9328637,0.7420753,0.54166704,0.4157675,0.64985156,0.5323309,0.52264506,0.45074376,0.6533576,0.600731,0.6387446,0.64100397,0.3545914,0.43227324,0.17398459,-0.39891678,0.61193794,0.36871555,0.69899344,0.22146586,-0.37960345,0.62872684,-0.4382145,-0.17273839,-0.21875776,-0.47147834,0.2994977,0.27737236,0.22738029,-0.08296718,-0.54397106,0.03316058,-0.15102188,-0.70372987,-0.44198465,-0.56734514,-0.54709804,-0.52500224,-0.6602933,-0.68872076,-0.6815953,-0.36500055,-0.6265897,0.3239248,0.772717,0.7931552,0.6359855,0.4246683,0.6779295,0.91682386,0.88783514,0.5708489,0.1628362,0.7221217,0.5715822,0.705269,0.6643747,0.77056825,0.6035125,0.7070842,0.743305,0.613204,0.805887,0.5105627,0.6560452,0.46984386,0.7089791,0.70226586,0.7035719,0.6747626,0.6021426,-0.10423103,0.1394036,0.62901354,-0.54878736,-0.29542953,0.49142742,0.5210903,0.3272491,0.206166,-0.47088367,0.4624442,0.7487174,-0.050287317,-0.0786648,0.36806387,-0.17902657,0.024218822,-0.46667373,-0.53780866,-0.009075388,-0.24654463,-0.6236245
-0.10970087,0.67845243,0.749508,0.24614218,0.59991944,0.7856071,0.6668428,0.7420753,0.92147654,0.3096633,0.40697825,0.4341491,0.28903133,0.17011884,0.1658796,0.5230866,0.24700542,0.5320653,0.31888407,0.46814093,0.24102367,-0.16153756,-0.46415946,0.32698396,0.30350623,0.41582215,-0.14256892,-0.5344774,0.4092121,-0.42531496,0.24343315,-0.02062714,-0.42656058,-0.10380484,-0.15535742,0.5656327,-0.2014185,-0.28543562,-0.23013481,-0.18915804,-0.48327985,-0.118347876,-0.39722675,-0.15546814,-0.567816,-0.511047,-0.60581756,-0.44422552,0.108195394,-0.26194587,0.48501068,0.6540895,0.61009,0.31969345,0.6652045,0.88069403,0.7828318,0.8411188,0.47171348,0.3686043,0.48646006,0.34415895,0.42310542,0.35008895,0.5095645,0.32833374,0.75058746,0.41631484,0.15842673,0.55207694,0.47607303,0.22950101,0.097038254,0.4999274,0.43233338,0.48062006,0.48136044,0.2618807,0.3118302,0.36203772,0.18462478,-0.5903379,-0.20267273,0.018347066,0.085365884,-0.08930157,-0.08108145,-0.54868925,0.6002375,0.42803574,0.08638823,0.21741128,0.1455465,0.13699374,0.03196023,-0.098502815,-0.43825996,-0.08151298,0.2135596,-0.26033318
-0.2647707,0.5938307,0.29992536,0.54823554,0.2938448,0.19792455,0.12720701,0.54166704,0.3096633,0.88124037,0.34691763,0.6429887,0.3748836,0.44366914,0.41988468,0.6695761,0.50313866,0.32927674,0.49333054,0.09556769,0.379744,0.4414053,-0.43040204,0.624979,0.701283,0.7571286,0.16871135,-0.21716143,0.43724644,-0.13278222,-0.14812848,-0.039213423,0.01809777,0.26389575,0.37245038,-0.12599644,-0.22272192,-0.2875253,0.5048723,0.2601506,-0.7172744,-0.14824633,-0.27171212,-0.5221735,-0.25281686,-0.6136769,-0.59729725,-0.7184602,-0.55756104,-0.6977109,0.30439204,0.74121845,0.6662903,0.6861536,0.31276587,0.2604367,0.49283892,0.4588643,0.7076937,0.33909422,0.6759418,0.41715217,0.6134325,0.637505,0.60015976,0.5151247,0.27961528,0.59342545,0.53324425,0.4899915,0.25671118,0.611336,0.24283725,0.8234767,0.6342077,0.75678253,0.46880215,0.48445016,-0.12158306,0.14055187,0.59300816,-0.57134485,0.0035560518,0.5844008,0.41493887,0.20274477,0.083499104,-0.41131094,0.02487757,0.7278509,-0.026299166,0.15072027,0.79109037,0.06979284,0.39877447,-0.4552125,-0.5735624,-0.42799622,-0.50772536,-0.70421875
-0.4605314,0.2060952,0.14944626,0.06757727,0.109156296,0.21957085,-0.044529937,0.4157675,0.40697825,0.34691763,0.82798254,0.75184155,0.592865,0.41451705,0.45521384,0.15561047,0.47398493,0.37998587,0.50349915,0.32103646,0.46981698,-0.116166025,-0.5477609,0.62940705,0.3799894,0.6369166,0.055867385,-0.29523373,0.5997155,-0.52994865,-0.03634885,-0.29778922,-0.4415139,0.027572196,-0.1058034,0.1710527,0.0341352,-0.5640632,-0.26792777,-0.30364722,-0.6079894,-0.36637408,-0.6450848,-0.28733686,-0.60705364,-0.55397654,-0.6230819,-0.6025821,-0.18760179,-0.41398087,0.131608,0.3538934,0.46713713,0.1995841,0.11626946,0.4123326,0.38894486,0.496697,0.53615963,0.4743703,0.69685376,0.6234133,0.5991248,0.34276205,0.52994895,0.48199534,0.41050935,0.5159987,0.22721079,0.42077518,0.43789563,0.33885413,-0.08893152,0.38720518,0.68014085,0.6092865,0.6483304,0.5319564,0.067991525,0.0034066834,0.35380706,-0.57149184,-0.5530955,0.14137109,0.32850337,-0.17656589,0.18055554,-0.2177737,0.23467624,0.5109154,0.11595935,-0.013176864,0.04915322,-0.08903822,-0.1397682,-0.15694344,-0.44665897,-0.33091363,-0.14550114,-0.4047558
-0.6574298,0.41317934,0.15541366,0.38398603,0.16481768,0.17618492,-0.052728076,0.64985156,0.4341491,0.6429887,0.75184155,0.955025,0.71598387,0.67444074,0.6890614,0.43624848,0.7755791,0.57802284,0.7894903,0.3621701,0.6848968,0.17326868,-0.57027,0.8959618,0.5575515,0.91200805,0.2804541,-0.29237974,0.81286514,-0.57017076,-0.25359428,-0.40737402,-0.46449044,0.3352444,0.23444232,0.016406914,0.019685287,-0.73100245,0.008937733,-0.21109706,-0.8686819,-0.55253756,-0.7583116,-0.60757667,-0.61827457,-0.7753984,-0.78881043,-0.8681601,-0.5279378,-0.7576119,0.14110412,0.60092807,0.7194848,0.5303267,0.1093168,0.4143018,0.60131127,0.64550626,0.7140707,0.36898392,0.9101404,0.7459471,0.82556325,0.65016806,0.79116565,0.7257618,0.507038,0.8025109,0.59648913,0.6967685,0.5724337,0.68962014,0.22904718,0.68498147,0.92677087,0.8555987,0.8432467,0.7864514,-0.12723847,-0.0754887,0.70877695,-0.67615104,-0.5352736,0.5183662,0.6329721,0.13291351,0.34788245,-0.3145974,0.25346982,0.8224347,0.029656263,-0.15882157,0.35502166,-0.24655282,-0.05517608,-0.4672604,-0.64519477,-0.3318342,-0.45636344,-0.7456203
-0.6682211,0.22402202,-0.02917843,0.33591276,0.029820561,-0.0022633327,-0.11122772,0.5323309,0.28903133,0.3748836,0.592865,0.71598387,0.918955,0.75447536,0.68094313,0.24909222,0.70418847,0.5190111,0.7186229,0.27396545,0.55671644,0.23171207,-0.23249516,0.7061646,0.18229789,0.6799189,0.47067857,-0.03584499,0.725396,-0.42287165,-0.36293995,-0.47644287,-0.47917706,0.46662223,0.3579973,-0.008949612,0.25071403,-0.7110355,-0.07348717,-0.21370578,-0.5937898,-0.6585804,-0.7038835,-0.55529356,-0.47721803,-0.529686,-0.494203,-0.59199446,-0.47487056,-0.5856307,-0.09417803,0.35805273,0.52229714,0.4020096,-0.11983763,0.25829434,0.4956468,0.5114608,0.43383503,0.094455816,0.76392365,0.90727186,0.824092,0.6479504,0.73043704,0.7197716,0.4278034,0.77164316,0.6260277,0.67068416,0.46864143,0.6726234,0.38992724,0.4609766,0.7676474,0.6158326,0.72321,0.7820091,-0.2470761,-0.25229734,0.6860872,-0.35409886,-0.65847456,0.51388115,0.69321823,0.3345412,0.47385883,-0.072512135,0.2534678,0.69144285,-0.07323288,-0.41199493,0.116696455,-0.48941553,-0.26313874,-0.44466,-0.40193784,0.027292084,-0.40804517,-0.5741382
-0.71510416,0.2207455,-0.1397496,0.48319653,0.07407439,-0.14867505,-0.11463912,0.52264506,0.17011884,0.44366914,0.41451705,0.67444074,0.75447536,0.921579,0.85265416,0.29672566,0.8268231,0.5848062,0.82531106,0.3355951,0.69901186,0.41353655,-0.02216108,0.7539777,0.14993802,0.6985378,0.7125912,0.18541765,0.79179096,-0.28699005,-0.47134024,-0.50646657,-0.4122276,0.6858387,0.62174606,-0.08430881,0.3608126,-0.7069274,0.1043767,-0.03962984,-0.55520177,-0.66220766,-0.6244848,-0.59675026,-0.2656844,-0.4634685,-0.37421167,-0.54358417,-0.5725573,-0.6220041,-0.17461857,0.35449696,0.5571592,0.53122914,-0.2065391,0.1299477,0.49182472,0.45052743,0.4086545,-0.114387035,0.72499955,0.7379359,0.7855933,0.74431455,0.8000063,0.8510215,0.41079727,0.8457309,0.75950474,0.73912627,0.55836177,0.76752365,0.57522947,0.4875461,0.7858585,0.6130891,0.76154125,0.8927176,-0.3642659,-0.33390483,0.7883062,-0.25377855,-0.56257915,0.6570904,0.8413208,0.5242488,0.5956083,0.034930997,0.25288075,0.72118646,-0.05812072,-0.5046839,0.2159484,-0.6055232,-0.20606121,-0.493237,-0.32903826,0.17056927,-0.50687397,-0.62000954
-0.6585536,0.15662636,-0.14511426,0.33878052,0.03640712,-0.120040506,-0.12894207,0.45074376,0.1658796,0.41988468,0.45521384,0.6890614,0.68094313,0.85265416,0.8948934,0.26321793,0.80996734,0.62339747,0.8209475,0.46369374,0.7824386,0.33845896,-0.0645984,0.77561724,0.18831441,0.68203175,0.60829145,0.13441859,0.8174194,-0.29931736,-0.34258062,-0.46029598,-0.37799403,0.6120277,0.4991785,0.014014291,0.30599314,-0.6799947,0.025645822,-0.057390813,-0.5607676,-0.58008105,-0.61309826,-0.53089786,-0.30966395,-0.49677855,-0.39605692,-0.5482402,-0.46762684,-0.58406126,-0.10058381,0.30414265,0.5141351,0.42490244,-0.17797306,0.14128125,0.41764337,0.42165256,0.41519895,-0.020004567,0.7069728,0.66699153,0.72820544,0.6599676,0.7494515,0.83278334,0.40850085,0.78506655,0.6504924,0.6846415,0.64666724,0.6658018,0.44794673,0.4377339,0.78102994,0.5891907,0.7870965,0.86127293,-0.2239654,-0.26527888,0.6928624,-0.32081878,-0.54237455,0.5174695,0.738519,0.35599664,0.52509165,-0.0012229718,0.3096785,0.6652321,-0.023876345,-0.41652048,0.16483125,-0.5102917,-0.21674347,-0.42098647,-0.37885407,0.083972014,-0.40943336,-0.5777634
-0.010079896,0.74166036,0.58168185,0.4672184,0.40077057,0.4788875,0.45791006,0.6533576,0.5230866,0.6695761,0.15561047,0.43624848,0.24909222,0.29672566,0.26321793,0.87428623,0.35531914,0.4717574,0.3825968,0.246663,0.2747811,0.4263373,-0.3000813,0.42910266,0.5522139,0.5731329,-0.012251755,-0.3709811,0.32352725,-0.049510494,0.031172622,0.21618262,-0.0138685815,0.20179471,0.27676252,0.15961346,-0.43547195,-0.117440864,0.33995497,0.21259016,-0.6006198,-0.01811123,-0.12539077,-0.475964,-0.3139416,-0.61938345,-0.53811616,-0.581864,-0.32279038,-0.588514,0.5678313,0.7774291,0.6062709,0.5702939,0.54976934,0.4871219,0.6443863,0.5985836,0.50596625,0.28046304,0.5129504,0.28828248,0.51017344,0.6045219,0.5565307,0.4183381,0.41899592,0.50736064,0.46378833,0.55847263,0.33957967,0.5052019,0.36997223,0.7297856,0.4744175,0.59084326,0.37423554,0.3320701,0.07368596,0.43836698,0.4606096,-0.5886486,0.13694556,0.4031944,0.21511862,0.21376683,-0.15107873,-0.65486467,0.29013023,0.6225275,-0.25762165,0.22239158,0.63007396,0.19971398,0.3296076,-0.47325876,-0.6340232,-0.22533634,-0.2226411,-0.6126241
-0.7725946,0.25618353,-0.087840274,0.44788855,0.0250081,-0.08296159,-0.151496,0.600731,0.24700542,0.50313866,0.47398493,0.7755791,0.70418847,0.8268231,0.80996734,0.35531914,0.9599528,0.6872464,0.94779813,0.4075148,0.7829592,0.3511594,-0.19173759,0.8809453,0.26690802,0.79000944,0.5726465,-0.032544125,0.8795397,-0.4502141,-0.46700257,-0.5341877,-0.46892926,0.6881229,0.5409352,-0.060844373,0.25994867,-0.798028,0.087734416,-0.124492116,-0.72063106,-0.736248,-0.73038113,-0.72508824,-0.41491973,-0.6523604,-0.5544412,-0.71895754,-0.62892735,-0.76259756,-0.08230984,0.41699412,0.6210425,0.52675015,-0.16792813,0.20636287,0.5633408,0.5459301,0.4603883,-0.077070385,0.77488035,0.69688904,0.7809448,0.6840638,0.80350566,0.7877986,0.45960492,0.8573533,0.79974586,0.80192614,0.64109373,0.7977189,0.5544224,0.5528333,0.8688984,0.6880001,0.8525305,0.88292617,-0.33631325,-0.29533476,0.8469045,-0.38836074,-0.5504629,0.65236795,0.8230362,0.45952725,0.60030353,-0.13073464,0.3135097,0.7950636,-0.09826995,-0.49023074,0.25911936,-0.5891629,-0.25724506,-0.60744166,-0.51298565,0.048365988,-0.5478523,-0.7501992
-0.41282687,0.3537101,0.2490297,0.20875579,0.19262874,0.30032584,0.27909982,0.6387446,0.5320653,0.32927674,0.37998587,0.57802284,0.5190111,0.5848062,0.62339747,0.4717574,0.6872464,0.9108739,0.7327708,0.751678,0.71418345,0.20518032,-0.1281136,0.6553416,0.16282827,0.5737264,0.2570471,-0.24696618,0.7560994,-0.36625737,-0.040028047,-0.21761282,-0.42671826,0.48124957,0.24792382,0.45548683,0.06565161,-0.5475849,-0.13648775,-0.11320011,-0.57774407,-0.46709326,-0.56267583,-0.5233316,-0.5147466,-0.6554313,-0.50432956,-0.55077004,-0.18373984,-0.52585495,0.26531783,0.41503394,0.54371417,0.28965312,0.15928568,0.52639914,0.65999544,0.68858373,0.32025242,0.03646627,0.59471494,0.5256927,0.61677134,0.5407727,0.6931303,0.6416568,0.68373215,0.6705719,0.5475006,0.80575264,0.8345103,0.5178416,0.4674399,0.44690895,0.67921495,0.49572372,0.755111,0.64326525,0.099508286,0.11046467,0.5566705,-0.4690584,-0.41699734,0.25695992,0.46521705,0.22823828,0.3070817,-0.40100634,0.7361444,0.6129221,-0.17106071,-0.24893941,0.083049245,-0.32986814,-0.31705433,-0.45913896,-0.5876193,0.1605946,-0.05221299,-0.5226507
-0.7646107,0.30064806,-0.020800248,0.4363671,0.09017925,0.002287336,-0.07102016,0.64100397,0.31888407,0.49333054,0.50349915,0.7894903,0.7186229,0.82531106,0.8209475,0.3825968,0.94779813,0.7327708,0.9608046,0.47279644,0.80390954,0.29968128,-0.22188199,0.8844684,0.2788923,0.7940266,0.5494378,-0.07347055,0.9099585,-0.49688435,-0.4090735,-0.52906436,-0.5123637,0.65338105,0.5012474,0.01747536,0.24926442,-0.8124995,0.027205057,-0.1705938,-0.73445,-0.7252199,-0.7584656,-0.69364595,-0.460587,-0.6735996,-0.58647966,-0.72444046,-0.5713012,-0.74427927,-0.036498778,0.45114434,0.6580124,0.5257846,-0.09964869,0.29579824,0.6133652,0.6019925,0.4941852,-0.032304857,0.7940029,0.7144059,0.8003219,0.6936598,0.8354701,0.813478,0.53563255,0.8732712,0.77822304,0.83155763,0.6951937,0.78021884,0.54119754,0.56957674,0.8874408,0.70664763,0.88767827,0.88890994,-0.28021404,-0.24653837,0.83061695,-0.4263262,-0.5643915,0.61841834,0.80831456,0.42879176,0.57287836,-0.16936885,0.38027656,0.79777145,-0.061185718,-0.45825207,0.23052266,-0.5597236,-0.25858533,-0.5695772,-0.5235334,0.05438553,-0.47939205,-0.7325145
-0.1894926,0.15178055,0.22293648,-0.08565539,0.21661496,0.34730262,0.33439612,0.3545914,0.46814093,0.09556769,0.32103646,0.3621701,0.27396545,0.3355951,0.46369374,0.246663,0.4075148,0.751678,0.47279644,0.92029464,0.6325806,-0.048545837,-0.057845492,0.41880673,0.029398732,0.28341502,0.08220717,-0.18031496,0.5790125,-0.2776866,0.25303912,-0.12077967,-0.33006835,0.22111475,-0.030497668,0.6726715,0.09880325,-0.3397672,-0.32375145,-0.08068222,-0.29861736,-0.19679944,-0.3810596,-0.14080207,-0.4055012,-0.41336858,-0.30800736,-0.26717955,0.20012864,-0.159264,0.2844873,0.18593702,0.32419348,0.003852854,0.21055482,0.50091773,0.40733045,0.49656668,0.19919331,0.11680769,0.3407453,0.28531757,0.32154775,0.23464805,0.4218436,0.43444324,0.61776316,0.3650077,0.15704761,0.52336633,0.8364787,0.13118249,0.15485534,0.18596593,0.42750257,0.23268977,0.58495176,0.3843985,0.38572568,0.17601484,0.16805777,-0.37076515,-0.33142126,-0.14250836,0.14212218,-0.09568864,0.16525096,-0.27492028,0.7901491,0.27328363,0.04693325,-0.06300237,-0.13799354,-0.14260447,-0.3066435,-0.08287886,-0.38333473,0.16193771,0.30073643,-0.15506108
-0.56273353,0.13922445,-0.06693061,0.18718202,0.026741555,-0.0034544514,-0.05962889,0.43227324,0.24102367,0.379744,0.46981698,0.6848968,0.55671644,0.69901186,0.7824386,0.2747811,0.7829592,0.71418345,0.80390954,0.6325806,0.8749047,0.22262293,-0.14161438,0.7798526,0.2296104,0.6481271,0.41189313,-0.025274826,0.8308139,-0.36771783,-0.17918241,-0.37056816,-0.35993773,0.5159628,0.32852373,0.18718606,0.20927978,-0.6354336,-0.066158995,-0.08524679,-0.59087205,-0.4995652,-0.60536087,-0.48948577,-0.39305255,-0.57638675,-0.45667124,-0.57062024,-0.32756025,-0.5540793,0.0487545,0.2857108,0.4825772,0.29792973,-0.08814395,0.24143475,0.41599065,0.4555478,0.3990235,0.070053175,0.65288246,0.55405056,0.62521815,0.5116078,0.66853756,0.71328247,0.46772176,0.68242604,0.5332241,0.6600625,0.77071714,0.5430423,0.32909492,0.39911875,0.7593367,0.5481189,0.8055612,0.75289273,-0.03662871,-0.12198348,0.59007144,-0.42173475,-0.48710054,0.3448092,0.58158016,0.18344572,0.4358429,-0.13944808,0.4493453,0.60383844,-0.008675479,-0.29582393,0.106798545,-0.39246255,-0.2556319,-0.37603903,-0.47738203,0.011414622,-0.2530937,-0.5456102
-0.06435845,0.1602002,-0.15457104,0.36938846,-0.103351995,-0.26946297,-0.08215159,0.17398459,-0.16153756,0.4414053,-0.116166025,0.17326868,0.23171207,0.41353655,0.33845896,0.4263373,0.3511594,0.20518032,0.29968128,-0.048545837,0.22262293,0.8855052,0.2959911,0.2910546,0.14016107,0.3301455,0.35336858,0.24912375,0.13653277,0.3794701,-0.37586853,0.19777466,0.31555045,0.5999655,0.666564,-0.29075563,-0.05543208,0.02414539,0.6032429,0.45188418,-0.21165168,-0.11535655,0.13400857,-0.55520713,0.16347072,-0.21696845,0.035741303,-0.22015695,-0.5513952,-0.48727384,0.066683434,0.19415972,0.11126375,0.3686425,-0.14252383,-0.25683236,0.10736436,0.020462116,0.04429844,-0.114681676,0.22610731,0.2097534,0.3458352,0.49849963,0.27777857,0.3340419,-0.15205207,0.33070526,0.54951847,0.28491017,0.06936382,0.47612065,0.52628297,0.32615077,0.2606631,0.20090711,0.09819455,0.33196855,-0.36002377,0.066533715,0.5056223,-0.02088579,0.117744744,0.53317887,0.35981962,0.47631276,0.14376593,-0.09773472,-0.08496797,0.38724247,-0.5252228,-0.25127307,0.47222367,-0.16773748,0.11961056,-0.608995,-0.28741917,0.02969724,-0.50063336,-0.50883895
0.17778797,-0.40976456,-0.42439532,-0.08743102,-0.20682442,-0.45253956,-0.0856975,-0.39891678,-0.46415946,-0.43040204,-0.5477609,-0.57027,-0.23249516,-0.02216108,-0.0645984,-0.3000813,-0.19173759,-0.1281136,-0.22188199,-0.057845492,-0.14161438,0.2959911,0.89671415,-0.39503437,-0.65628815,-0.52314997,0.33249348,0.6280653,-0.29167926,0.56056815,-0.15309913,0.12364578,0.26446,0.33418518,0.3372111,-0.06201031,0.36147216,0.31825507,0.13658977,0.3116076,0.6328404,0.083074674,0.43974596,0.15052329,0.56938547,0.5635579,0.75903344,0.6207432,0.13749006,0.37418044,-0.34285548,-0.54211557,-0.501636,-0.24421278,-0.41977638,-0.50094134,-0.3882771,-0.4628308,-0.6331655,-0.62561595,-0.5339904,-0.29716468,-0.35897237,-0.1661239,-0.32945073,-0.16829637,-0.30915636,-0.2873508,-0.041356165,-0.21832386,-0.15139373,-0.18780074,0.28176823,-0.48909807,-0.46177703,-0.6114047,-0.38333565,-0.18471365,-0.20157517,-0.17214593,-0.1666282,0.67309505,0.15105025,-0.06768526,-0.036474705,0.33642143,0.17216957,0.46951175,-0.018643023,-0.40081584,-0.22426769,-0.35568607,-0.2638243,-0.29526913,-0.1898438,0.046154868,0.47536388,0.6121604,0.11054704,0.36480924
-0.7016666,0.33009574,0.019025426,0.39768296,0.06514116,0.040424414,-0.12627697,0.61193794,0.32698396,0.624979,0.62940705,0.8959618,0.7061646,0.7539777,0.77561724,0.42910266,0.8809453,0.6553416,0.8844684,0.41880673,0.7798526,0.2910546,-0.39503437,0.94926435,0.4706086,0.8881246,0.39859366,-0.17853841,0.86571515,-0.49870992,-0.34185207,-0.4356664,-0.41228947,0.5198314,0.38756534,-0.021814346,0.10560954,-0.7499784,0.088406906,-0.1336356,-0.8364879,-0.6189218,-0.7337494,-0.69201255,-0.5210989,-0.76160264,-0.6973487,-0.83316416,-0.59700865,-0.80211794,0.06772013,0.51586866,0.6700218,0.5240743,-0.026398033,0.3003139,0.5655657,0.5869659,0.613557,0.20690443,0.8645064,0.7162583,0.8114326,0.6734929,0.79673094,0.77126014,0.46616262,0.82910097,0.6983942,0.74697995,0.63957477,0.7423126,0.37293285,0.6369897,0.9292585,0.7974849,0.86798215,0.84480554,-0.20679669,-0.15134764,0.7838912,-0.57859975,-0.5206244,0.5777736,0.7168251,0.26011863,0.45846605,-0.2611417,0.28653455,0.8198496,-0.059676517,-0.29583767,0.34075344,-0.37936613,-0.14389956,-0.56321126,-0.6350932,-0.20114097,-0.51787376,-0.78898644
-0.07288058,0.49729905,0.36273527,0.25012678,0.19158304,0.31609392,0.064588875,0.36871555,0.30350623,0.701283,0.3799894,0.5575515,0.18229789,0.14993802,0.18831441,0.5522139,0.26690802,0.16282827,0.2788923,0.029398732,0.2296104,0.14016107,-0.65628815,0.4706086,0.8638999,0.62701964,-0.19335827,-0.431149,0.27110666,-0.23369381,0.09103439,0.0821378,0.02561031,-0.11520201,-0.015225593,-0.09476117,-0.4759352,-0.1577597,0.25237796,0.03682154,-0.67889416,0.060803503,-0.21523601,-0.3101533,-0.36006072,-0.60290384,-0.6744402,-0.6769432,-0.3570949,-0.5515168,0.46333227,0.65777487,0.54253846,0.43012962,0.43374828,0.3051992,0.3355565,0.35829183,0.69231045,0.55319583,0.5611731,0.25401288,0.42539954,0.38110197,0.39605552,0.287839,0.18478838,0.36501956,0.23630208,0.26146504,0.14932993,0.3677392,-0.08254641,0.6808351,0.49519804,0.6851659,0.3399596,0.25469095,0.114020154,0.2951919,0.33150008,-0.6757698,0.11446224,0.30701432,0.11970696,-0.12967679,-0.21721551,-0.49774498,-0.083743684,0.5454883,0.060878243,0.4070482,0.6214658,0.37632775,0.4725333,-0.23004577,-0.5778122,-0.6676295,-0.3265271,-0.555472
-0.6068958,0.5213048,0.19595592,0.5190753,0.20530769,0.17799431,-0.00708336,0.69899344,0.41582215,0.7571286,0.6369166,0.91200805,0.6799189,0.6985378,0.68203175,0.5731329,0.79000944,0.5737264,0.7940266,0.28341502,0.6481271,0.3301455,-0.52314997,0.8881246,0.62701964,0.9584587,0.32335293,-0.26813596,0.77116084,-0.47461915,-0.32666248,-0.33708155,-0.37290558,0.40559724,0.37930351,-0.07594148,-0.054237086,-0.67739046,0.18588385,-0.08724988,-0.90404296,-0.5234618,-0.67057824,-0.69692934,-0.5415501,-0.79860544,-0.78453386,-0.9022809,-0.6420852,-0.85243404,0.20354977,0.7054893,0.77227104,0.66426516,0.15962659,0.38225222,0.652652,0.6517695,0.7417048,0.3136707,0.90949285,0.70973223,0.84137166,0.73949414,0.8214185,0.74340785,0.48092347,0.8379122,0.70268536,0.7349906,0.5201259,0.78968406,0.36298853,0.7910726,0.92044806,0.8996297,0.8012832,0.78823334,-0.2153672,-0.034755796,0.79655147,-0.6626693,-0.3894384,0.65808135,0.67874265,0.28140873,0.32068273,-0.36870742,0.19925532,0.8939945,-0.04816011,-0.13498206,0.5197871,-0.21918511,0.07759617,-0.5713237,-0.6732589,-0.31192982,-0.5604333,-0.84483457
-0.594442,-0.0071016094,-0.3734377,0.47873688,0.0585516,-0.41132277,-0.19039305,0.22146586,-0.14256892,0.16871135,0.055867385,0.2804541,0.47067857,0.7125912,0.60829145,-0.012251755,0.5726465,0.2570471,0.5494378,0.08220717,0.41189313,0.35336858,0.33249348,0.39859366,-0.19335827,0.32335293,0.8796923,0.5433563,0.47639364,-0.0072208364,-0.5475185,-0.4969764,-0.24830467,0.6695421,0.69253767,-0.23616506,0.6023177,-0.47053427,0.20139566,0.102230385,-0.11720497,-0.5231598,-0.3247677,-0.3218828,0.1575889,0.003245187,0.058394864,-0.12113416,-0.44872075,-0.28071576,-0.48315042,0.050652705,0.27116224,0.43208075,-0.4004358,-0.2095166,0.19110417,0.096801594,0.10347973,-0.4741211,0.33943373,0.41788715,0.4255135,0.47920483,0.46595103,0.56733906,0.14445817,0.5447889,0.6003303,0.43047336,0.23062304,0.5610373,0.5582478,0.17593594,0.3941564,0.24537681,0.40148062,0.6353787,-0.5247994,-0.5288016,0.5712861,0.23265406,-0.3566257,0.59638023,0.7448683,0.6293459,0.66513836,0.43509078,0.039085798,0.3795157,0.07725082,-0.5752808,0.089666545,-0.6736036,-0.14383432,-0.2678111,0.13256985,0.43115512,-0.4455636,-0.27048457
-0.06968109,-0.3865751,-0.53083605,0.087418355,-0.11896078,-0.5851731,-0.26642412,-0.37960345,-0.5344774,-0.21716143,-0.29523373,-0.29237974,-0.03584499,0.18541765,0.13441859,-0.3709811,-0.032544125,-0.24696618,-0.07347055,-0.18031496,-0.025274826,0.24912375,0.6280653,-0.17853841,-0.431149,-0.26813596,0.5433563,0.83171666,-0.13326946,0.42098668,-0.31394792,-0.10997515,0.15828657,0.31732064,0.41598475,-0.2919969,0.4956846,0.1097365,0.18779793,0.27489993,0.4674562,-0.023775712,0.24970685,0.13607307,0.57695913,0.5390014,0.6138555,0.45376518,-0.06822188,0.25533664,-0.51092774,-0.4239809,-0.3152386,-0.022890732,-0.48322615,-0.57364756,-0.4025652,-0.47149193,-0.3099094,-0.46617472,-0.27010137,-0.10659374,-0.17380269,-0.035284385,-0.16437209,0.024215769,-0.31856227,-0.10982326,0.03593846,-0.21509892,-0.1879509,-0.029453645,0.19396397,-0.32460546,-0.23553278,-0.32539803,-0.21601236,0.0348723,-0.36015666,-0.37406957,-0.0275142,0.59932196,0.0020403368,0.1415453,0.20325735,0.33453542,0.3253858,0.66696227,-0.24292187,-0.22970793,0.067765884,-0.3210741,-0.11768562,-0.33551928,-0.019533748,0.12211809,0.5427892,0.41946155,-0.13444972,0.26420325
-0.747166,0.28663337,0.045419425,0.33320415,0.13764021,0.10374063,-0.015175694,0.62872684,0.4092121,0.43724644,0.5997155,0.81286514,0.725396,0.79179096,0.8174194,0.32352725,0.8795397,0.7560994,0.9099585,0.5790125,0.8308139,0.13653277,-0.29167926,0.86571515,0.27110666,0.77116084,0.47639364,-0.13326946,0.96122426,-0.5819287,-0.28326857,-0.56119764,-0.6002152,0.5202569,0.34258258,0.1683787,0.25163245,-0.83470154,-0.14417346,-0.2593707,-0.71924853,-0.68968034,-0.8173697,-0.574934,-0.5506505,-0.6686685,-0.6258701,-0.7011451,-0.41735205,-0.6487515,0.0036833794,0.4332186,0.6611364,0.4367391,-0.027970064,0.40037838,0.6149616,0.64159656,0.52342427,0.06888514,0.8132128,0.73034847,0.78314865,0.6381238,0.8270767,0.8093142,0.6249791,0.8493986,0.6591551,0.81057274,0.7714938,0.6880994,0.41976613,0.5203977,0.89358056,0.703514,0.94670254,0.87384164,-0.13614067,-0.22456801,0.7221429,-0.4864694,-0.6447598,0.47541454,0.7344954,0.28192827,0.5371652,-0.16851726,0.47837806,0.7458463,0.0454383,-0.3801769,0.11844821,-0.50118434,-0.29843822,-0.43274254,-0.5084502,0.044868413,-0.32868472,-0.6323999
0.52095467,-0.16902673,-0.168203,-0.045349836,-0.07106294,-0.26994348,0.042818815,-0.4382145,-0.42531496,-0.13278222,-0.52994865,-0.57017076,-0.42287165,-0.28699005,-0.29931736,-0.049510494,-0.4502141,-0.36625737,-0.49688435,-0.2776866,-0.36771783,0.3794701,0.56056815,-0.49870992,-0.23369381,-0.47461915,-0.0072208364,0.42098668,-0.5819287,0.8112055,0.040758163,0.50046766,0.62531364,0.033399824,0.2151808,-0.1620487,-0.060130768,0.6652008,0.42115247,0.5563289,0.55084556,0.49601194,0.75252104,0.23508239,0.6071335,0.49300587,0.6437493,0.5503983,0.12511434,0.3383706,-0.015997456,-0.2919179,-0.4770831,-0.13923569,-0.09462483,-0.4718389,-0.45640093,-0.521822,-0.4069665,-0.17242219,-0.5399049,-0.4535051,-0.43868458,-0.1876908,-0.4619728,-0.33867052,-0.49047625,-0.46714026,-0.24858329,-0.45808566,-0.40381342,-0.31946027,0.010306374,-0.28741515,-0.562082,-0.5054926,-0.6235418,-0.44522142,-0.044433918,0.15895586,-0.3382113,0.42109907,0.50676066,-0.11893636,-0.34313807,0.07195297,-0.22580743,0.19863692,-0.27898505,-0.426749,-0.2504784,0.101953365,0.115237415,0.22259611,0.2531265,0.10370481,0.3315866,0.12503454,0.07297523,0.3166426
0.5033156,0.04630407,0.383995,-0.43294337,0.18608865,0.4664145,0.41265205,-0.17273839,0.24343315,-0.14812848,-0.03634885,-0.25359428,-0.36293995,-0.47134024,-0.34258062,0.031172622,-0.46700257,-0.040028047,-0.4090735,0.25303912,-0.17918241,-0.37586853,-0.15309913,-0.34185207,0.09103439,-0.32666248,-0.5475185,-0.31394792,-0.28326857,0.040758163,0.87615395,0.32795012,0.15895692,-0.54034865,-0.56099457,0.5408859,-0.32967314,0.38750124,-0.28100944,0.044250846,0.201058,0.5443494,0.27012515,0.5046679,-0.09753777,0.076247066,0.015502922,0.23083603,0.6299933,0.41558412,0.41166037,-0.0131200105,-0.13366814,-0.3536957,0.46588182,0.31289983,-0.1016548,-0.004191975,0.005804605,0.37768966,-0.25921488,-0.32030284,-0.32714915,-0.31373423,-0.27961338,-0.29769185,0.12182711,-0.3933311,-0.59123206,-0.26924902,0.054992117,-0.5562376,-0.48137033,-0.12868339,-0.31974828,-0.21535015,-0.2252214,-0.46400237,0.8183484,0.41586164,-0.5935982,-0.2093803,0.23050223,-0.6575504,-0.65458274,-0.59685874,-0.50252175,-0.30528265,0.26045668,-0.36369985,0.18799925,0.55091363,-0.14025588,0.552189,0.119807996,0.4768976,-0.030846521,-0.19781902,0.6195744,0.40282583
0.74452305,0.08308494,0.26988542,-0.18294014,0.04112194,0.21255738,0.2706745,-0.21875776,-0.02062714,-0.039213423,-0.29778922,-0.40737402,-0.47644287,-0.50646657,-0.46029598,0.21618262,-0.5341877,-0.21761282,-0.52906436,-0.12077967,-0.37056816,0.19777466,0.12364578,-0.4356664,0.0821378,-0.33708155,-0.4969764,-0.10997515,-0.56119764,0.50046766,0.32795012,0.84673446,0.5087758,-0.30377036,-0.20868975,0.1101345,-0.5077385,0.6788388,0.19645363,0.2906087,0.27196506,0.61253405,0.63535595,0.19168568,0.17181784,0.14038457,0.23485082,0.2706702,0.26999503,0.22850126,0.52726114,-0.008737164,-0.29324347,-0.19538707,0.33341318,-0.02831287,-0.20882349,-0.20024627,-0.22391444,0.22643349,-0.42245886,-0.45406544,-0.3938498,-0.24237457,-0.42187536,-0.43280748,-0.2668939,-0.48742637,-0.37078935,-0.3757943,-0.25558218,-0.38964176,-0.16542183,-0.121888146,-0.46193326,-0.32488334,-0.5256458,-0.5429544,0.25480914,0.6541618,-0.41968974,0.0022027032,0.5718757,-0.33237788,-0.6083528,-0.2446318,-0.58000034,-0.2772923,-0.068220444,-0.33212593,-0.28707784,0.48214382,0.14316094,0.61056125,0.31723267,0.04689178,-0.049330994,-0.16579165,0.27299452,0.19877721
0.5366876,-0.17303064,-0.13840976,-0.14707735,-0.16926765,-0.23880002,-0.07542228,-0.47147834,-0.42656058,0.01809777,-0.4415139,-0.46449044,-0.47917706,-0.4122276,-0.37799403,-0.0138685815,-0.46892926,-0.42671826,-0.5123637,-0.33006835,-0.35993773,0.31555045,0.26446,-0.41228947,0.02561031,-0.37290558,-0.24830467,0.15828657,-0.6002152,0.62531364,0.15895692,0.5087758,0.80686915,-0.108497724,0.032123435,-0.22081868,-0.27202606,0.6836952,0.48097765,0.56802756,0.37934244,0.56633437,0.7340264,0.19121054,0.49680072,0.3194148,0.43075103,0.34842682,0.06170601,0.23874448,0.071985245,-0.212836,-0.43991643,-0.15243347,-0.027912017,-0.46619046,-0.49455047,-0.5270867,-0.27099547,0.006171966,-0.48715347,-0.5020732,-0.44062078,-0.2531297,-0.49874675,-0.4187308,-0.5796069,-0.5095105,-0.31457892,-0.52064574,-0.43428403,-0.36790454,-0.20190915,-0.17194898,-0.51257926,-0.39363867,-0.6172599,-0.5122456,0.07965607,0.20516935,-0.36000988,0.20675528,0.5911702,-0.17299259,-0.46132267,-0.16201684,-0.36374688,-0.021938145,-0.3805979,-0.38456038,-0.22460657,0.2507469,0.28250512,0.3739937,0.3141474,0.07474655,0.12345801,-0.24375914,-0.007920162,0.20411482
-0.5158061,0.00798239,-0.34542865,0.38770458,-0.15029347,-0.38881385,-0.2070323,0.2994977,-0.10380484,0.26389575,0.027572196,0.3352444,0.46662223,0.6858387,0.6120277,0.20179471,0.6881229,0.48124957,0.65338105,0.22111475,0.5159628,0.5999655,0.33418518,0.5198314,-0.11520201,0.40559724,0.6695421,0.31732064,0.5202569,0.033399824,-0.54034865,-0.30377036,-0.108497724,0.9028876,0.75431967,-0.17120177,0.37770057,-0.43348488,0.32609653,0.21024713,-0.28976616,-0.5695763,-0.29493254,-0.6376072,0.035517,-0.26333198,-0.039328173,-0.28686255,-0.5603274,-0.5146983,-0.26417595,0.07759814,0.23223394,0.36190137,-0.41074085,-0.17865321,0.2636019,0.1878925,0.011680959,-0.43924195,0.36196128,0.41728914,0.4826694,0.5244465,0.48348314,0.54892266,0.13539666,0.56886494,0.7345871,0.55918205,0.37821087,0.6329576,0.6889454,0.24773495,0.47235626,0.24844536,0.44826066,0.6310798,-0.46124434,-0.3364243,0.6965589,0.061464284,-0.29070422,0.602582,0.69457966,0.64587694,0.59835356,0.099791855,0.19619833,0.4920848,-0.3325096,-0.6525908,0.19140476,-0.6856681,-0.29619968,-0.616157,-0.20535743,0.35423252,-0.49292874,-0.5121084
-0.3990144,0.15106183,-0.2602166,0.5829954,0.012661597,-0.38719302,-0.13353689,0.27737236,-0.15535742,0.37245038,-0.1058034,0.23444232,0.3579973,0.62174606,0.4991785,0.27676252,0.5409352,0.24792382,0.5012474,-0.030497668,0.32852373,0.666564,0.3372111,0.38756534,-0.015225593,0.37930351,0.69253767,0.41598475,0.34258258,0.2151808,-0.56099457,-0.20868975,0.032123435,0.75431967,0.8787013,-0.35847926,0.30055958,-0.2593683,0.5332138,0.3399248,-0.21067864,-0.3919423,-0.12735277,-0.53037167,0.22463706,-0.119901024,0.03269305,-0.2258729,-0.6367879,-0.46571106,-0.270158,0.19330232,0.27259642,0.5349181,-0.29544577,-0.25854176,0.22960192,0.1028968,0.09070557,-0.4297762,0.30256817,0.31002486,0.42412722,0.5658896,0.4350881,0.48652905,0.016431078,0.51087224,0.7074339,0.43970773,0.13720585,0.6296109,0.6687937,0.33361077,0.35623318,0.27011222,0.27248406,0.5408144,-0.5641442,-0.30119327,0.6514286,0.14381573,-0.08899896,0.70883834,0.66780055,0.70494056,0.48373514,0.17181714,-0.044144355,0.46887547,-0.21725306,-0.4802688,0.4003016,-0.51762223,0.016450807,-0.5302564,-0.068863876,0.2792771,-0.6067939,-0.4690352
