0,1,2,3,4,5,6,7,8,9,10,11,12,13,14,15,16,17,18,19,20,21,22,23,24,25,26,27,28,29,30,31,32,33,34,35,36,37,38,39,40,41,42,43,44,45,46,47,48,49,50,51,52,53,54,55,56,57,58,59,60,61,62,63,64,65,66,67,68,69,70,71,72,73,74,75,76,77,78,79,80,81,82,83,84,85,86,87,88,89,90,91,92,93,94,95,96,97,98,99
0.92863816,-0.30523342,-0.22517146,-0.20825212,-0.15288517,-0.35068694,-0.31975782,-0.28356093,-0.1922923,-0.67592144,0.009347161,-0.7704916,-0.4646471,-0.5114754,-0.16304183,0.5314394,-0.38269776,0.5849891,-0.30303308,0.65109074,0.0077334964,0.19242965,0.042741038,-0.7399493,0.05294545,-0.6672667,-0.047976803,-0.19717522,-0.43620843,0.08271863,0.4018758,0.5290555,0.4556325,0.4797288,0.6447886,0.27196062,-0.5417867,0.55820394,0.31313455,0.1427466,0.55850375,-0.029331677,0.47390687,0.39597648,0.43404967,0.3780191,0.6407286,0.7131629,0.7498777,0.5605048,0.47474432,-0.44723058,-0.23965439,-0.16696449,-0.4630003,0.017565781,-0.3948405,-0.5827344,-0.19670483,-0.13688973,-0.70919555,-0.49849787,-0.37650082,0.061333075,-0.33565703,-0.055315685,-0.33439705,-0.043076284,-0.19184896,-0.033534855,-0.2934788,-0.25912067,-0.10246868,-0.40116364,-0.68633825,-0.5429963,-0.59178364,-0.6355633,0.20151654,0.42301744,-0.38645372,0.11101186,-0.12323916,-0.3677799,-0.52913785,-0.4391615,-0.6488211,-0.5944248,-0.27888525,-0.40105528,0.3833531,0.26051927,-0.63929486,-0.057331506,-0.35145932,0.08180127,-0.38048446,0.507882,0.5932435,0.46532053
-0.30523342,0.9610869,0.57072806,0.93369263,0.86531985,0.6860793,0.6444547,0.85438246,0.7845784,0.1645731,-0.13225324,0.2965544,0.2750695,0.21800558,0.0341309,0.23736814,0.28700796,0.097394876,0.06705552,0.11134566,0.07679179,0.23794276,0.20436902,0.36989254,-0.6304591,0.26748413,-0.369824,-0.2562889,0.39669585,-0.17632096,-0.5181509,-0.3528619,-0.44535798,-0.3168707,-0.45956331,0.30917493,0.062468417,-0.37703562,-0.39803588,0.3963312,-0.5033122,-0.6163764,-0.5939114,-0.45431805,-0.35250407,-0.37556148,-0.50246465,-0.41143942,-0.023871217,-0.2727921,0.214163,0.9125762,0.8435498,0.9235443,0.7519423,0.682551,0.8615407,0.7840704,-0.39806992,-0.32187015,0.31956714,0.23388335,0.56049716,0.31505,0.26580757,0.1661813,0.37698433,0.07779062,0.1186547,0.39292097,0.7629768,0.42092663,0.20476559,0.4192325,0.4761113,-0.030826563,0.49994838,0.4421992,-0.43554878,-0.35952836,0.1305792,-0.5294622,-0.23098278,0.061173722,0.20916685,0.05427838,0.17217785,0.009261616,0.48155978,0.32219166,-0.5194652,-0.48660567,0.1709218,-0.5519734,-0.23239756,-0.4729507,-0.14447954,-0.3566864,0.15818219,-0.07400207
-0.22517146,0.57072806,0.8986155,0.5060506,0.64412284,0.78040683,0.5363802,0.59817684,0.6728052,0.017040871,-0.030607823,0.3171294,-0.018488685,-0.092695735,-0.2983359,-0.118078716,-0.1048367,-0.11897765,-0.22556132,-0.00039627217,-0.24822447,0.029070985,-0.044845372,0.28114396,-0.26380634,0.24410677,-0.5360112,-0.45302922,-0.06245992,-0.30369112,-0.5988374,-0.6468713,-0.6474848,-0.49432936,-0.4835512,0.24084203,-0.2124069,-0.5223668,-0.5512097,-0.025402805,-0.48568428,-0.27503556,-0.5939188,-0.35299867,-0.55836487,-0.42890632,-0.50211877,-0.4143477,0.12703721,-0.2538485,0.02071543,0.62518823,0.50793886,0.5168995,0.74083173,0.67290425,0.5928194,0.60523283,-0.13618806,0.07052759,0.4332624,0.031114288,0.14587499,-0.11904471,-0.16445063,-0.17538297,0.3063864,-0.40475553,-0.037369303,0.14918788,0.45869783,0.24607497,-0.089250706,0.39082065,0.3636738,0.2598011,0.16623306,0.29776937,-0.6032784,-0.6807504,0.0901562,-0.4719082,-0.4451567,0.006366455,0.06163409,0.0032162657,-0.009087287,-0.017280787,0.31338936,0.2739469,-0.5807987,-0.57093996,0.0068413983,-0.35721576,-0.035212234,-0.2484035,-0.1730788,-0.30221015,0.25806117,-0.118283704
-0.20825212,0.93369263,0.5060506,0.95110893,0.87097955,0.61523175,0.56942385,0.79411787,0.7417271,0.081822544,-0.08554778,0.22379254,0.275514,0.22824576,0.08043443,0.3190694,0.3051213,0.1503348,0.09746527,0.19131315,0.14660363,0.25819784,0.23809916,0.2798567,-0.68912137,0.18306682,-0.33289528,-0.27220497,0.36132896,-0.13503098,-0.4444428,-0.26479858,-0.3595852,-0.26287797,-0.38894427,0.32093853,0.007062637,-0.28595597,-0.33390683,0.39154077,-0.4075461,-0.68003,-0.5367571,-0.38020253,-0.2657683,-0.29406777,-0.40746048,-0.29508126,0.05889102,-0.18017013,0.26442903,0.85495114,0.8083997,0.94107854,0.6797799,0.65744805,0.7953222,0.6988925,-0.4524334,-0.3575204,0.24857256,0.23066266,0.57323146,0.39062843,0.29739574,0.24078181,0.29990175,0.1482434,0.05879827,0.35295027,0.73417574,0.3561213,0.21610704,0.31666893,0.39667502,-0.1578399,0.4396906,0.36868745,-0.40372813,-0.2795085,0.0519595,-0.55071056,-0.25729954,-0.025872048,0.14508536,-0.04181224,0.0901963,-0.09417261,0.4194983,0.24200234,-0.4734766,-0.470721,0.0778065,-0.6107968,-0.33820817,-0.46038866,-0.1605022,-0.33940333,0.21031852,-0.0040899934
-0.15288517,0.86531985,0.64412284,0.87097955,0.90223604,0.67979574,0.5550885,0.77572364,0.7617062,0.04275173,-0.017408054,0.18233293,0.18294956,0.11491448,-0.026288753,0.2646376,0.19122595,0.13201706,0.00604573,0.19936356,0.0543876,0.21091068,0.1532867,0.19577204,-0.5963125,0.117567986,-0.44362456,-0.39370614,0.19704247,-0.15608749,-0.45516458,-0.31566375,-0.3987622,-0.33442786,-0.3899148,0.31115967,-0.13515331,-0.27661228,-0.34619784,0.37578416,-0.37527448,-0.61502725,-0.5113083,-0.30808148,-0.29075885,-0.26376888,-0.3748933,-0.26710582,0.1599179,-0.10927224,0.2112594,0.81591564,0.7420074,0.86939156,0.70611095,0.7252293,0.7679626,0.6662519,-0.39981008,-0.23088281,0.24532795,0.14317696,0.468086,0.29039323,0.13328998,0.14819063,0.27280816,-0.024793204,-0.045305196,0.27491903,0.6621269,0.28015846,0.07596043,0.29342708,0.30556935,-0.1218843,0.29792422,0.28210163,-0.4446845,-0.36416936,-0.03345241,-0.58021927,-0.3727032,-0.11022782,0.035882864,-0.10751192,-0.020001715,-0.17552793,0.37264174,0.2179642,-0.47728884,-0.49170685,0.00821105,-0.573477,-0.27758825,-0.38084614,-0.17317382,-0.34634465,0.28441435,0.04181864
-0.35068694,0.6860793,0.78040683,0.61523175,0.67979574,0.93046284,0.790416,0.80052155,0.804312,0.11890903,-0.29499882,0.4064963,0.07289048,-0.030785795,-0.28760344,-0.015329726,-0.03363594,0.038828835,-0.2327888,0.00605541,-0.28062212,0.22168262,0.11564216,0.52981627,-0.34014106,0.4546507,-0.46129417,-0.23770785,0.2887745,-0.33006832,-0.76427674,-0.714646,-0.7789891,-0.32178748,-0.46359757,0.3726554,0.01446337,-0.6949478,-0.6782589,0.12138493,-0.7179613,-0.29222345,-0.72577786,-0.6308626,-0.7081613,-0.6577555,-0.6923415,-0.6061881,-0.051143866,-0.5214133,0.16166747,0.78811324,0.7221997,0.5978279,0.9054748,0.7319404,0.7935116,0.8142648,-0.22217351,-0.121763654,0.41293538,0.09178638,0.25530142,-0.10536486,-0.043642834,-0.21502438,0.49810654,-0.320045,0.27980474,0.46595496,0.66163445,0.57142156,0.14344871,0.6529448,0.6015841,0.3724381,0.4790329,0.55531406,-0.6720396,-0.70143414,0.36633897,-0.4380803,-0.27423212,0.289303,0.28132522,0.24664974,0.21900615,0.24662358,0.5481966,0.44018745,-0.71333396,-0.5721198,0.20024025,-0.38635325,-0.008436146,-0.5149827,-0.29341525,-0.20271158,0.18940723,-0.3081542
-0.31975782,0.6444547,0.5363802,0.56942385,0.5550885,0.790416,0.9377029,0.83356655,0.77769685,0.10007197,-0.56563616,0.35828575,0.061867647,-0.046759576,-0.2679073,0.13765739,-0.03963591,0.24457818,-0.28863332,0.0945175,-0.2905606,0.3889994,0.23945269,0.63166463,-0.3473714,0.54451144,-0.3247288,-0.0010939108,0.5483906,-0.33892348,-0.78258747,-0.6190844,-0.7433064,-0.034953605,-0.3055946,0.5094804,0.1977,-0.7208414,-0.70016146,0.21098709,-0.80722773,-0.24821956,-0.72531974,-0.8303132,-0.73094577,-0.7937361,-0.73800826,-0.66035265,-0.14980543,-0.68952036,0.38651097,0.7604697,0.81286526,0.5397862,0.8116771,0.6623465,0.81613135,0.8317497,-0.2941532,-0.34948215,0.25302118,0.063870646,0.25984156,-0.10326915,0.039153505,-0.2622499,0.6143575,-0.19131458,0.5949782,0.7572039,0.74268925,0.82789457,0.371274,0.8233283,0.7028203,0.3936689,0.6722076,0.6699599,-0.60487956,-0.54477817,0.6020399,-0.2653271,-0.027741803,0.5431842,0.45040968,0.45042995,0.37558845,0.44829482,0.702031,0.52242124,-0.683758,-0.46062136,0.30162695,-0.3340224,-0.02316815,-0.7226,-0.42707145,0.03479456,0.16905609,-0.40627417
-0.28356093,0.85438246,0.59817684,0.79411787,0.77572364,0.80052155,0.83356655,0.9428076,0.84413767,0.110672414,-0.35070845,0.29649863,0.14079326,0.059701733,-0.16340676,0.2208963,0.09609855,0.1895622,-0.13656017,0.11889977,-0.14240493,0.3372699,0.20338415,0.48606896,-0.49132,0.37255386,-0.41798878,-0.17196867,0.45180795,-0.27859455,-0.6648362,-0.48768654,-0.613129,-0.18884379,-0.38687044,0.4329292,0.07958096,-0.5331279,-0.5449818,0.39335352,-0.6551285,-0.4407364,-0.67201865,-0.6488991,-0.5692489,-0.5798648,-0.6347752,-0.5397464,-0.06404414,-0.47298864,0.33104885,0.90299267,0.8886517,0.7777668,0.8328134,0.73023117,0.92094475,0.84881246,-0.36144286,-0.3445552,0.2628206,0.115048744,0.40164086,0.086478174,0.10392614,-0.07911137,0.5133167,-0.10548873,0.33344722,0.59351,0.77339935,0.62920815,0.25033176,0.6359157,0.5689601,0.16735733,0.57307076,0.53709626,-0.5506718,-0.4610719,0.34171247,-0.43069518,-0.17984062,0.25813863,0.30420417,0.22645026,0.23360184,0.19086543,0.60130656,0.43771458,-0.61424655,-0.46350247,0.2326495,-0.45660025,-0.14083266,-0.6188172,-0.30379647,-0.17278934,0.1969457,-0.2237685
-0.1922923,0.7845784,0.6728052,0.7417271,0.7617062,0.804312,0.77769685,0.84413767,0.95207745,-0.1219672,-0.42824066,0.18031067,-0.044147678,-0.126995,-0.3420524,0.15748245,-0.09432092,0.17779171,-0.3340298,0.27753428,-0.2862697,0.17446516,0.045532726,0.4046219,-0.5917521,0.24998291,-0.5590046,-0.39125997,0.34387875,-0.47509095,-0.7543718,-0.54818213,-0.6839357,-0.25534314,-0.43806034,0.6278236,0.10579157,-0.54989564,-0.6591202,0.19759263,-0.5989349,-0.5880197,-0.7679554,-0.64347094,-0.5970395,-0.63242805,-0.6464964,-0.52736664,0.13578528,-0.33700782,0.41756183,0.81220365,0.7970346,0.7301625,0.80650043,0.8698839,0.8402798,0.8179004,-0.58682144,-0.48247737,0.15586458,-0.055127878,0.23928699,-0.016267914,-0.068306,-0.21101603,0.6245465,-0.22697723,0.31089902,0.5480302,0.69935757,0.5761863,0.119104415,0.6522095,0.5206382,0.051897317,0.46447378,0.39901793,-0.65503323,-0.56258535,0.35800254,-0.36046407,-0.22931571,0.26432472,0.3579675,0.25192407,0.25984496,0.09323044,0.7192355,0.5506917,-0.67775786,-0.64103,0.13059317,-0.57067615,-0.17048013,-0.6106181,-0.34197438,-0.078483164,0.43552148,-0.00399429
-0.67592144,0.1645731,0.017040871,0.081822544,0.04275173,0.11890903,0.10007197,0.110672414,-0.1219672,0.87785,0.28193575,0.6850352,0.65500724,0.72359926,0.50564003,-0.2598983,0.6117983,-0.39545614,0.6324113,-0.64352363,0.34407592,0.062334128,0.20956558,0.51902676,0.15943603,0.56830657,0.33813363,0.44880253,0.3524598,0.37288886,0.029081024,-0.1658004,-0.05084474,-0.22365972,-0.29953527,-0.5529923,0.29100603,-0.21632698,0.10528967,0.13774766,-0.3017712,0.27098384,-0.035412177,-0.06929991,-0.058565468,-0.0062642796,-0.264611,-0.36001575,-0.7413296,-0.42363435,-0.48977074,0.24710849,0.11723191,0.06360638,0.22957838,-0.28453445,0.18779223,0.2824689,0.51773965,0.39994153,0.6551281,0.66243714,0.49164224,0.17740142,0.5183679,0.35611773,-0.020011352,0.26533103,0.04465968,-0.06144461,0.1908555,0.100614056,0.22218065,0.08885665,0.42543495,0.4855912,0.45654166,0.5436593,0.17435905,-0.011473362,0.12762724,-0.09619341,0.21888515,0.13896963,0.22245282,0.19345537,0.32760853,0.47267473,-0.11657131,0.019868527,0.005038849,0.14644946,0.5756279,0.30170286,0.36514175,0.14552394,0.46930164,-0.44943625,-0.76492226,-0.5457252
0.009347161,-0.13225324,-0.030607823,-0.08554778,-0.017408054,-0.29499882,-0.56563616,-0.35070845,-0.42824066,0.28193575,0.8852082,0.079982944,0.38906318,0.42835498,0.5108167,-0.05296108,0.43810225,-0.30273372,0.604509,-0.2631026,0.5306752,-0.091245174,0.08990644,-0.36687696,0.12199901,-0.19896731,0.25343254,-0.0141394315,-0.4171285,0.55628526,0.5459621,0.2963788,0.46816024,-0.25981465,0.018150568,-0.6472504,-0.39165214,0.43842608,0.51688594,0.02885808,0.45345482,0.08643226,0.4630503,0.71796274,0.5072197,0.69828755,0.50029904,0.46774238,0.034233443,0.44463652,-0.5288115,-0.21856031,-0.36094418,-0.050203435,-0.272456,-0.3489839,-0.34682015,-0.3972475,0.43529195,0.6027032,0.29311374,0.39643326,0.26085967,0.37855062,0.25089473,0.5564211,-0.65264237,0.23994851,-0.7597694,-0.7144773,-0.27322215,-0.6919859,-0.19869469,-0.73822546,-0.40439296,-0.17772077,-0.39508247,-0.25356898,0.3331497,0.23820062,-0.7413398,-0.3157,-0.30309755,-0.7034062,-0.5467838,-0.6419108,-0.4609905,-0.43913615,-0.73490095,-0.60020626,0.3529153,0.2229545,-0.2163632,0.0972532,-0.06802818,0.59585226,0.43106282,-0.4979673,-0.29533,0.08475554
-0.7704916,0.2965544,0.3171294,0.22379254,0.18233293,0.4064963,0.35828575,0.29649863,0.18031067,0.6850352,0.079982944,0.9294776,0.59012944,0.55796707,0.30909353,-0.35764372,0.48440278,-0.40204674,0.35759827,-0.52459854,0.18288855,0.07743192,0.26183766,0.7393172,-0.09728088,0.8067094,0.2051784,0.32843643,0.43398756,0.10319367,-0.39474258,-0.56124824,-0.4569869,-0.34432125,-0.49786064,-0.25200564,0.34240454,-0.6365254,-0.38089642,-0.2118509,-0.6252337,0.051940758,-0.44722712,-0.37995654,-0.39098823,-0.38783056,-0.5513701,-0.5893461,-0.60545504,-0.62361467,-0.37707496,0.43465,0.3018937,0.19509678,0.50413585,0.025569493,0.35679364,0.5376953,0.27102786,0.26018196,0.85706306,0.6546953,0.52724206,0.13755657,0.48231882,0.22515526,0.15942262,0.17187592,0.21645823,0.10341364,0.4347952,0.34340972,0.35872638,0.34847873,0.73958915,0.6046728,0.60771143,0.76949286,-0.23225005,-0.43882963,0.34909213,-0.28752846,0.080825955,0.35926127,0.37926275,0.29602826,0.46772325,0.5747358,0.1763654,0.19556756,-0.4344718,-0.3309608,0.44127014,-0.031167772,0.19536895,-0.14519373,0.1979982,-0.46744692,-0.5023112,-0.61698675
-0.4646471,0.2750695,-0.018488685,0.275514,0.18294956,0.07289048,0.061867647,0.14079326,-0.044147678,0.65500724,0.38906318,0.59012944,0.92786855,0.86871946,0.75923824,0.09937446,0.82922244,-0.102310896,0.75320023,-0.27318197,0.6525686,0.3279701,0.5614466,0.3580324,-0.24647677,0.4824831,0.5072609,0.48256576,0.45294863,0.5665631,0.044594876,-0.027704347,0.047464162,-0.040135697,-0.12865251,-0.3657439,0.18259428,-0.12557611,0.09115937,0.18949682,-0.18597192,-0.10495803,-0.029834827,0.022736827,0.13028656,0.11609785,-0.05645872,-0.06322394,-0.43306327,-0.22375858,-0.27871597,0.28120565,0.21791723,0.27230242,0.19321595,-0.15885577,0.1704005,0.22466701,0.21627131,0.19341502,0.5496603,0.89565253,0.8013745,0.59233254,0.7562278,0.7119545,-0.21307942,0.59053826,-0.055665508,-0.03461349,0.36384133,0.08134279,0.45944023,-0.10953821,0.34438673,0.10526337,0.46582115,0.5163808,0.08541231,0.04344868,-0.07194887,-0.4013933,0.05000118,-0.039658748,0.056034096,-0.11184447,0.15487185,0.21381718,-0.14821681,-0.20265901,-0.099815756,-0.024481736,0.22008125,-0.120563686,-0.107164405,-0.028601661,0.26347387,-0.47496152,-0.5026226,-0.37543833
-0.5114754,0.21800558,-0.092695735,0.22824576,0.11491448,-0.030785795,-0.046759576,0.059701733,-0.126995,0.72359926,0.42835498,0.55796707,0.86871946,0.91793835,0.77001727,-0.009517234,0.8592441,-0.24103014,0.80415475,-0.37445563,0.63902795,0.15479323,0.408831,0.33488107,-0.15662673,0.40408945,0.49816906,0.44187137,0.4124957,0.5323068,0.15137735,0.05262708,0.15256965,-0.12906131,-0.19514276,-0.46220392,0.25925767,-0.030287717,0.19984835,0.18488203,-0.09558616,-0.069841236,0.039275613,0.105129495,0.2080949,0.21157047,-0.024640994,-0.08165681,-0.5054371,-0.14017278,-0.37247065,0.22231945,0.12226373,0.20299026,0.11305528,-0.24300517,0.113224655,0.17443599,0.2699209,0.21931061,0.5444477,0.84185654,0.7335714,0.5590904,0.7538502,0.69867635,-0.18398553,0.59756094,-0.10714316,-0.14167497,0.24674442,-0.028565183,0.3230701,-0.15909025,0.29472393,0.08544281,0.4119315,0.42448103,0.23051172,0.12767011,-0.09783678,-0.2669158,0.14688012,-0.05944918,0.11026864,-0.05898446,0.2257995,0.20756215,-0.17043391,-0.14780252,0.033936612,0.06602229,0.33561692,0.011787664,0.040581495,0.12925561,0.46496606,-0.4959486,-0.5914577,-0.29089376
-0.16304183,0.0341309,-0.2983359,0.08043443,-0.026288753,-0.28760344,-0.2679073,-0.16340676,-0.3420524,0.50564003,0.5108167,0.30909353,0.75923824,0.77001727,0.89871967,0.22796886,0.82663107,-0.00090132747,0.81469774,-0.15720704,0.8185905,0.28644913,0.54120606,0.038341317,-0.14403899,0.17933492,0.62818277,0.4875275,0.25406733,0.67717165,0.40787113,0.33731955,0.4181711,0.13675727,0.12473961,-0.4598992,0.045495287,0.23601037,0.39163995,0.17645533,0.16093564,-0.050413564,0.29910755,0.32837898,0.48492765,0.42462012,0.2998193,0.2897302,-0.26025265,0.07970637,-0.23252368,-0.043360256,-0.049663335,0.08343409,-0.1730353,-0.38570657,-0.15324412,-0.15656032,0.24651963,0.22361064,0.29766184,0.72498447,0.6622609,0.7247447,0.7679601,0.84052396,-0.46682853,0.7618001,-0.20361316,-0.2080869,0.119193465,-0.17561677,0.4252587,-0.44069934,0.019136734,-0.14431538,0.17239258,0.20556432,0.39081,0.38018858,-0.296807,-0.25658888,0.12824373,-0.23818094,-0.17048919,-0.31231105,-0.07237032,-0.03032155,-0.40503937,-0.46011737,0.22249982,0.1992266,0.020155668,-0.022505945,-0.19526419,0.17261727,0.29392388,-0.32985193,-0.44330922,-0.16905881
0.5314394,0.23736814,-0.118078716,0.3190694,0.2646376,-0.015329726,0.13765739,0.2208963,0.15748245,-0.2598983,-0.05296108,-0.35764372,0.09937446,-0.009517234,0.22796886,0.9292894,0.18338212,0.82546604,0.0731353,0.6360847,0.36244443,0.689021,0.5791193,-0.26977628,-0.36393064,-0.19963816,0.14745384,0.1375624,0.18314368,0.30814904,0.15452111,0.3973926,0.2645323,0.5972431,0.5517436,0.34022993,-0.33059698,0.28290927,0.14678738,0.5280336,0.15948601,-0.31220454,0.19315347,0.043690972,0.28658223,0.16348895,0.36043137,0.47304365,0.4253685,0.17452085,0.5991061,0.09950115,0.33026272,0.3413511,-0.023655724,0.23090559,0.113577075,-0.08702767,-0.31776327,-0.32793748,-0.40236667,0.019755997,0.27493796,0.4919781,0.21804881,0.33894318,-0.2089631,0.36052138,0.060959034,0.35529345,0.31285328,0.18587632,0.40659162,-0.14240351,-0.2026796,-0.48591214,0.032496557,-0.048362724,0.04611352,0.35760802,-0.19739771,-0.27362886,-0.084029466,-0.18800078,-0.3202193,-0.35423344,-0.41195372,-0.32392678,-0.03961473,-0.3375367,0.06801922,0.106590524,-0.3835124,-0.3612625,-0.54677534,-0.3477291,-0.45956963,0.2613395,0.39092386,0.12809458
-0.38269776,0.28700796,-0.1048367,0.3051213,0.19122595,-0.03363594,-0.03963591,0.09609855,-0.09432092,0.6117983,0.43810225,0.48440278,0.82922244,0.8592441,0.82663107,0.18338212,0.9243467,-0.07196473,0.8305303,-0.21867591,0.7486695,0.2863316,0.5252614,0.22836336,-0.28332204,0.34479278,0.49560374,0.41837466,0.40361634,0.5744764,0.17985228,0.13143532,0.19455245,-0.03503771,-0.08408885,-0.39955145,0.13595006,0.033853307,0.22007436,0.2464189,-0.068983905,-0.17038605,0.066834226,0.12904659,0.28766498,0.2407219,0.047683775,0.048286617,-0.38428336,-0.094834864,-0.25515437,0.24654895,0.19896865,0.30884552,0.096092135,-0.20417447,0.12508374,0.14018878,0.17923689,0.14625672,0.46179396,0.79928505,0.80530894,0.70526546,0.8094146,0.8059548,-0.28424352,0.689873,-0.13778955,-0.09301627,0.32335484,-0.018530639,0.43440193,-0.22880025,0.23580159,-0.047403112,0.38436845,0.4019242,0.20651335,0.19233355,-0.17767265,-0.38583714,0.071530096,-0.14541739,-0.012230463,-0.20369506,0.08558605,0.08246134,-0.20930967,-0.2754906,0.024367824,0.037161544,0.17742307,-0.13756496,-0.17031893,0.03300314,0.29646736,-0.4891101,-0.49340677,-0.26179287
0.5849891,0.097394876,-0.11897765,0.1503348,0.13201706,0.038828835,0.24457818,0.1895622,0.17779171,-0.39545614,-0.30273372,-0.40204674,-0.102310896,-0.24103014,-0.00090132747,0.82546604,-0.07196473,0.9424318,-0.18275036,0.68575203,0.11689673,0.70281124,0.51915914,-0.17755128,-0.2446919,-0.12299454,0.11997799,0.17968461,0.20504144,0.13874552,0.003332255,0.25505197,0.11165159,0.7225268,0.6303636,0.4950725,-0.26546347,0.11790696,-0.03077136,0.3922277,0.04644673,-0.16240324,0.10860106,-0.13835728,0.09111478,-0.053811625,0.2588512,0.3583812,0.44159144,0.022833755,0.7222628,0.017713774,0.30402195,0.17196354,-0.013096595,0.2599693,0.07282502,-0.08461441,-0.3409422,-0.39369124,-0.4940248,-0.14992641,0.058418877,0.23757279,0.02019097,0.051654898,-0.06740238,0.18092716,0.28816882,0.50582737,0.26048502,0.3575758,0.4242868,0.060065836,-0.12443511,-0.31982654,0.052373543,-0.0065382663,-0.079285175,0.23568991,0.04107195,-0.10790032,-0.008775007,0.04874163,-0.19313511,-0.14884996,-0.31469858,-0.14852148,0.100083426,-0.20051798,-0.016416848,0.07302405,-0.36817086,-0.2893936,-0.46259928,-0.46437168,-0.6225804,0.5013039,0.48223424,0.043466073
-0.30303308,0.06705552,-0.22556132,0.09746527,0.00604573,-0.2327888,-0.28863332,-0.13656017,-0.3340298,0.6324113,0.604509,0.35759827,0.75320023,0.80415475,0.81469774,0.0731353,0.8305303,-0.18275036,0.8995812,-0.3414436,0.72132015,0.14972845,0.36663213,0.047488727,-0.036043357,0.17470326,0.5278436,0.41435412,0.18274607,0.6603596,0.41781923,0.28233975,0.40420067,-0.05002614,0.0007445272,-0.609827,0.03821038,0.24437791,0.4446651,0.23782417,0.1675791,0.022464197,0.31522745,0.3726759,0.43999234,0.47542787,0.24992716,0.19027796,-0.38396534,0.0740761,-0.42077348,0.009762861,-0.07235725,0.087336965,-0.12610692,-0.3966756,-0.10132359,-0.10094241,0.3652883,0.33117294,0.38315433,0.7216566,0.6302982,0.5999881,0.67959034,0.76358753,-0.4427172,0.607002,-0.31748882,-0.3255239,0.049817234,-0.27785325,0.21925396,-0.44414386,0.0011961863,-0.0721007,0.1462403,0.16801736,0.39949936,0.32935876,-0.35099706,-0.24681672,0.07894581,-0.3020159,-0.15431842,-0.2899062,-0.030974548,-0.007206957,-0.44409636,-0.3951362,0.25579447,0.24010074,0.15812516,0.09124081,-0.032186672,0.28597486,0.4654362,-0.49584576,-0.5875828,-0.1840105
0.65109074,0.11134566,-0.00039627217,0.19131315,0.19936356,0.00605541,0.0945175,0.11889977,0.27753428,-0.64352363,-0.2631026,-0.52459854,-0.27318197,-0.37445563,-0.15720704,0.6360847,-0.21867591,0.68575203,-0.3414436,0.87201554,0.018988568,0.35264626,0.22526804,-0.3452319,-0.43858272,-0.35208338,-0.120935686,-0.20593883,0.0040093376,-0.09286851,-0.05194153,0.2212843,0.08064306,0.42598346,0.3974232,0.66361076,-0.22324294,0.17509824,-0.114264816,0.12752724,0.16112448,-0.47422597,-0.029847575,-0.03030752,0.12814006,-0.026088245,0.23715511,0.3810656,0.7105068,0.30406553,0.73634505,-0.02278509,0.18961455,0.2152859,-0.05913096,0.41034728,0.027551526,-0.09403968,-0.64507425,-0.5355755,-0.5466966,-0.30481082,-0.07018401,0.2136664,-0.1304072,0.0010622562,0.03629899,0.10703327,0.10709904,0.32249308,0.18054068,0.15085761,0.17794442,-0.023204377,-0.22203863,-0.5608199,-0.12977175,-0.2543378,-0.14307588,0.13500242,-0.06321838,-0.06240361,-0.10934356,-0.08085111,-0.1601974,-0.20762181,-0.27873176,-0.38966,0.2092858,-0.063130505,-0.05831077,-0.1827593,-0.50239336,-0.46711332,-0.5285071,-0.33665663,-0.51881176,0.45662498,0.78437525,0.43816644
0.0077334964,0.07679179,-0.24822447,0.14660363,0.0543876,-0.28062212,-0.2905606,-0.14240493,-0.2862697,0.34407592,0.5306752,0.18288855,0.6525686,0.63902795,0.8185905,0.36244443,0.7486695,0.11689673,0.72132015,0.018988568,0.8593802,0.32018244,0.55500436,-0.10766437,-0.23809758,0.05443442,0.5421111,0.35413218,0.16534206,0.6433414,0.42980826,0.39757067,0.46769133,0.16701776,0.19536605,-0.3520355,-0.10664975,0.30899656,0.38701946,0.19210519,0.23272073,-0.16963828,0.31962222,0.36071765,0.5313126,0.46956098,0.39229894,0.40029484,-0.060150173,0.19299328,-0.1064279,-0.03905293,-0.0032914754,0.15864803,-0.18908145,-0.278421,-0.14999495,-0.19864947,0.13137089,0.16121843,0.20458415,0.6146773,0.6427753,0.78620577,0.72645056,0.85685,-0.5233035,0.75346893,-0.26131725,-0.19162507,0.12875217,-0.21618241,0.40875384,-0.51205045,-0.080063,-0.30364498,0.07734578,0.10140111,0.35463443,0.41289562,-0.40101397,-0.3212571,0.030926524,-0.34629422,-0.27842885,-0.44070992,-0.20426798,-0.20297848,-0.4148398,-0.5380597,0.23517591,0.14418715,-0.15442905,-0.1565228,-0.3433733,0.13231559,0.18481518,-0.28062567,-0.25513828,-0.05843784
0.19242965,0.23794276,0.029070985,0.25819784,0.21091068,0.22168262,0.3889994,0.3372699,0.17446516,0.062334128,-0.091245174,0.07743192,0.3279701,0.15479323,0.28644913,0.689021,0.2863316,0.70281124,0.14972845,0.35264626,0.32018244,0.9350054,0.80672127,0.14005168,-0.20228226,0.29041618,0.3338387,0.45272976,0.38587052,0.4136421,-0.10163636,0.03025449,-0.043658014,0.5868499,0.46029145,0.18802632,-0.25198916,-0.13572574,-0.09827515,0.4287147,-0.20585145,-0.025130358,0.030076528,-0.21691507,-0.046953622,-0.105053514,0.107547894,0.17998168,0.088598445,-0.2892835,0.39297736,0.23193276,0.43992388,0.27194417,0.23776695,0.17689855,0.22784962,0.1253848,-0.0015817257,-0.05883322,-0.010171072,0.3028043,0.41927975,0.37592924,0.3311832,0.29191893,-0.17653441,0.28125322,0.27019683,0.4777164,0.45998487,0.45026883,0.617102,0.10310476,0.16694489,0.0258994,0.32735762,0.4044062,-0.16001357,0.05698753,0.06585024,-0.40355164,-0.10086334,0.075509734,-0.18094909,-0.17080562,-0.23852195,0.08654138,-0.015323194,-0.3116527,-0.19575019,0.034737453,-0.19342527,-0.26578957,-0.37731367,-0.48048973,-0.50670075,0.14847833,0.08467129,-0.40751082
0.042741038,0.20436902,-0.044845372,0.23809916,0.1532867,0.11564216,0.23945269,0.20338415,0.045532726,0.20956558,0.08990644,0.26183766,0.5614466,0.408831,0.54120606,0.5791193,0.5252614,0.51915914,0.36663213,0.22526804,0.55500436,0.80672127,0.9356047,0.20065412,-0.3113694,0.40428197,0.51128256,0.56530803,0.45304042,0.52233845,-0.037395567,0.033331737,0.013726017,0.48592418,0.35931647,0.0387511,-0.1266945,-0.15071839,-0.07067892,0.23473665,-0.21388736,-0.09830254,0.013863612,-0.12720823,0.06707235,-0.03517506,0.10594215,0.17801462,-0.020459251,-0.27095053,0.2429653,0.18779273,0.35219806,0.2525801,0.1612829,0.028965557,0.12746876,0.09030021,0.009538265,-0.013217075,0.17675479,0.56218636,0.62498444,0.59904087,0.5927603,0.552356,-0.29932567,0.5558492,0.2005224,0.33642843,0.4728468,0.3598137,0.7498749,-0.03419338,0.24469046,-0.004582119,0.39252663,0.47631893,-0.088554926,0.0722296,0.011152929,-0.46249524,-0.0364307,0.058308177,-0.16017738,-0.21755582,-0.13871765,0.11667323,-0.09323312,-0.39959326,-0.19888273,-0.06780392,-0.19746496,-0.32614562,-0.46850878,-0.3992951,-0.36808136,-0.022525212,-0.059191942,-0.41887736
-0.7399493,0.36989254,0.28114396,0.2798567,0.19577204,0.52981627,0.63166463,0.48606896,0.4046219,0.51902676,-0.36687696,0.7393172,0.3580324,0.33488107,0.038341317,-0.26977628,0.22836336,-0.17755128,0.047488727,-0.3452319,-0.10766437,0.14005168,0.20065412,0.916748,-0.14484975,0.8367821,0.0701202,0.34293258,0.6637037,-0.15219906,-0.6268078,-0.637784,-0.6382905,-0.1555465,-0.44623762,0.11033311,0.5668894,-0.78049845,-0.5693707,-0.093025535,-0.8003613,0.006335529,-0.62284666,-0.7152368,-0.60073143,-0.6914064,-0.76441675,-0.7942253,-0.62489736,-0.8080491,-0.06422196,0.5362786,0.4883746,0.22575518,0.61599565,0.2134858,0.5439847,0.7235913,0.026430797,-0.105064124,0.5778294,0.39549923,0.36529648,-0.085250035,0.30413437,-0.089754686,0.52392554,0.023906387,0.5927435,0.4846421,0.5470362,0.6781455,0.4190539,0.7154583,0.88843805,0.6483462,0.80630875,0.84667635,-0.35238558,-0.48540425,0.7093321,-0.063651964,0.27058464,0.6985091,0.68151766,0.6418779,0.7110032,0.78952104,0.5631039,0.53051037,-0.5481142,-0.34685704,0.61246157,-0.033390466,0.27698556,-0.434879,0.01420083,-0.15872857,-0.33166847,-0.59934366
0.05294545,-0.6304591,-0.26380634,-0.68912137,-0.5963125,-0.34014106,-0.3473714,-0.49132,-0.5917521,0.15943603,0.12199901,-0.09728088,-0.24647677,-0.15662673,-0.14403899,-0.36393064,-0.28332204,-0.2446919,-0.036043357,-0.43858272,-0.23809758,-0.20228226,-0.3113694,-0.14484975,0.9326581,-0.079868294,0.13263445,0.22374406,-0.36684945,0.14264095,0.40817547,0.14828463,0.25610173,0.087759495,0.24283354,-0.48074126,-0.09964407,0.22447294,0.37472385,-0.06954262,0.24633989,0.87214845,0.50200415,0.30163732,0.09866813,0.23674774,0.23500952,0.094440185,-0.24851334,-0.009240818,-0.36165023,-0.540024,-0.5641804,-0.6996842,-0.40673792,-0.5456481,-0.46980757,-0.4630841,0.71355224,0.55957,-0.07149391,-0.21048075,-0.5284041,-0.5199077,-0.35729033,-0.34778628,-0.19165312,-0.34497988,-0.0659572,-0.2719788,-0.60634875,-0.26033133,-0.31150985,-0.1554005,-0.30939,0.40842712,-0.35995537,-0.23564294,0.4000315,0.22605014,-0.033112377,0.4831683,0.22590826,0.012964366,-0.14070198,0.12017043,-0.11881118,0.20060621,-0.4344504,-0.14593975,0.4802774,0.60330933,0.19386229,0.8200536,0.58197474,0.49849367,0.27475643,0.20201612,-0.38780403,-0.20206621
-0.6672667,0.26748413,0.24410677,0.18306682,0.117567986,0.4546507,0.54451144,0.37255386,0.24998291,0.56830657,-0.19896731,0.8067094,0.4824831,0.40408945,0.17933492,-0.19963816,0.34479278,-0.12299454,0.17470326,-0.35208338,0.05443442,0.29041618,0.40428197,0.8367821,-0.079868294,0.92703056,0.25211,0.48825735,0.60576034,0.045692697,-0.523095,-0.6009744,-0.56298757,-0.04671481,-0.30270392,-0.026654556,0.40097195,-0.7610571,-0.5148299,-0.16392659,-0.7411767,0.10131998,-0.49453032,-0.5893867,-0.5240505,-0.5786236,-0.60565186,-0.61825883,-0.5828422,-0.8050189,-0.13106343,0.4301134,0.3996286,0.14714633,0.5429592,0.087033436,0.39759028,0.5727607,0.18650863,0.09190074,0.6654267,0.5358215,0.43349785,0.030216523,0.41007456,0.062263384,0.28436202,0.121938266,0.5046818,0.38983032,0.5125571,0.6081376,0.53420484,0.5477629,0.8279114,0.67691267,0.7407793,0.8828659,-0.33132827,-0.46456298,0.583823,-0.20743191,0.17581427,0.595566,0.47881237,0.45634663,0.52966106,0.74134004,0.3385296,0.26556897,-0.53197736,-0.3119697,0.43207464,-0.048736446,0.15966985,-0.3924954,-0.05721117,-0.19587064,-0.389217,-0.7416725
-0.047976803,-0.369824,-0.5360112,-0.33289528,-0.44362456,-0.46129417,-0.3247288,-0.41798878,-0.5590046,0.33813363,0.25343254,0.2051784,0.5072609,0.49816906,0.62818277,0.14745384,0.49560374,0.11997799,0.5278436,-0.120935686,0.5421111,0.3338387,0.51128256,0.0701202,0.13263445,0.25211,0.8617429,0.7499132,0.28465295,0.6239747,0.4052382,0.31286165,0.39714047,0.46800953,0.40467632,-0.34934765,0.17558163,0.16611075,0.33222976,-0.05134497,0.16894074,0.26932573,0.41312858,0.2507715,0.4045158,0.3037244,0.3538376,0.30650058,-0.28789353,-0.047053427,-0.15141784,-0.3798939,-0.2912168,-0.33663684,-0.39334297,-0.5896107,-0.42656547,-0.36424428,0.32314584,0.1927371,0.08929271,0.51293755,0.30865702,0.3806342,0.5248921,0.50419253,-0.4254619,0.59042233,0.07856554,-0.084555656,-0.11242901,-0.052729797,0.46511957,-0.32882625,-0.0044290666,0.042838708,0.15920345,0.19040829,0.3866865,0.38369557,-0.034079965,0.075328976,0.32959965,0.06369002,-0.069209225,-0.06835777,0.04375991,0.23726735,-0.3696589,-0.4207151,0.2727607,0.33415157,0.026590696,0.20362988,-0.05774707,0.12604633,0.13109978,0.038748447,-0.42229176,-0.27385437
-0.19717522,-0.2562889,-0.45302922,-0.27220497,-0.39370614,-0.23770785,-0.0010939108,-0.17196867,-0.39125997,0.44880253,-0.0141394315,0.32843643,0.48256576,0.44187137,0.4875275,0.1375624,0.41837466,0.17968461,0.41435412,-0.20593883,0.35413218,0.45272976,0.56530803,0.34293258,0.22374406,0.48825735,0.7499132,0.93191123,0.48923028,0.532869,0.17265269,0.11215603,0.16168284,0.52186596,0.36896372,-0.28113714,0.2648548,-0.089783244,0.15430778,0.08804275,-0.11285639,0.41031134,0.25397426,-0.070759565,0.111477226,0.019358182,0.103551075,0.029565552,-0.4965569,-0.39728668,-0.093035504,-0.18509012,-0.06836943,-0.29233092,-0.15760925,-0.4952564,-0.1855656,-0.115285374,0.4063766,0.16459173,0.14901373,0.48113418,0.28599608,0.18688887,0.47412175,0.29107136,-0.2046685,0.4245016,0.35083148,0.19002146,0.045538552,0.26514214,0.556607,0.012165678,0.2386952,0.32149464,0.39954907,0.45555788,0.24588513,0.24127114,0.25523067,0.09563291,0.3846004,0.33428496,0.13074653,0.18472847,0.20021273,0.525053,-0.1757683,-0.22570308,0.119135246,0.35066426,0.23719028,0.28409427,0.09926514,-0.08513391,0.024832293,0.12585059,-0.52796334,-0.57230306
-0.43620843,0.39669585,-0.06245992,0.36132896,0.19704247,0.2887745,0.5483906,0.45180795,0.34387875,0.3524598,-0.4171285,0.43398756,0.45294863,0.4124957,0.25406733,0.18314368,0.40361634,0.20504144,0.18274607,0.0040093376,0.16534206,0.38587052,0.45304042,0.6637037,-0.36684945,0.60576034,0.28465295,0.48923028,0.9034964,0.046112474,-0.39308614,-0.22377625,-0.31560802,0.22842264,-0.116346054,0.25255886,0.57924604,-0.45726147,-0.32948166,0.20340222,-0.5488496,-0.20248616,-0.4092431,-0.5988132,-0.25821137,-0.4716409,-0.47700158,-0.45251942,-0.45013672,-0.58306897,0.24361193,0.45906785,0.5396631,0.31904072,0.40104684,0.14933127,0.47367552,0.56300616,-0.2166322,-0.4279307,0.20955473,0.42095932,0.50867194,0.25743872,0.50893146,0.17783588,0.39685503,0.39697003,0.6208725,0.59840715,0.5823397,0.68705505,0.62047875,0.5383652,0.69182575,0.2169926,0.8444425,0.70879614,-0.14574932,-0.08612467,0.5899664,-0.043748353,0.38007307,0.5841154,0.58032966,0.48006022,0.5925294,0.5876685,0.5256244,0.3650331,-0.35167408,-0.16549692,0.4475559,-0.18302843,-0.018703569,-0.5432359,-0.09694138,0.025746716,-0.19045442,-0.3826542
0.08271863,-0.17632096,-0.30369112,-0.13503098,-0.15608749,-0.33006832,-0.33892348,-0.27859455,-0.47509095,0.37288886,0.55628526,0.10319367,0.5665631,0.5323068,0.67717165,0.30814904,0.5744764,0.13874552,0.6603596,-0.09286851,0.6433414,0.4136421,0.52233845,-0.15219906,0.14264095,0.045692697,0.6239747,0.532869,0.046112474,0.8286476,0.53466415,0.4029619,0.5033015,0.3118707,0.4116702,-0.4988215,-0.22292416,0.3587531,0.51714003,0.2765777,0.32789302,0.24011403,0.5444423,0.4880251,0.49348438,0.5602215,0.5232814,0.4945331,-0.10988508,0.15950434,-0.22553658,-0.22737136,-0.19593985,-0.10900948,-0.29234767,-0.4410851,-0.31474233,-0.3886363,0.4350052,0.40623105,0.13404587,0.54923874,0.4025221,0.47052994,0.46818012,0.6151277,-0.6226201,0.48161727,-0.30271262,-0.27035972,-0.10876341,-0.26693574,0.26022407,-0.5433002,-0.23988453,-0.08710923,-0.05508902,0.029820412,0.3802888,0.40626788,-0.43872052,-0.227121,-0.0028527468,-0.35131717,-0.4150835,-0.4344234,-0.3376699,-0.10275316,-0.6251285,-0.6356813,0.34356713,0.4078955,-0.11987114,0.14246038,-0.1341071,0.26926187,0.1864388,-0.1779013,-0.38109457,-0.20113091
0.4018758,-0.5181509,-0.5988374,-0.4444428,-0.45516458,-0.76427674,-0.78258747,-0.6648362,-0.7543718,0.029081024,0.5459621,-0.39474258,0.044594876,0.15137735,0.40787113,0.15452111,0.17985228,0.003332255,0.41781923,-0.05194153,0.42980826,-0.10163636,-0.037395567,-0.6268078,0.40817547,-0.523095,0.4052382,0.17265269,-0.39308614,0.53466415,0.93465495,0.80623585,0.89193904,0.2449989,0.48527843,-0.53175974,-0.26162475,0.8426757,0.8718612,0.19087674,0.78498936,0.306706,0.8634799,0.79488385,0.8102933,0.84344447,0.7979568,0.7057482,0.09346902,0.6062666,-0.21597242,-0.6505707,-0.6224202,-0.42279798,-0.7662152,-0.6433461,-0.6725806,-0.7851831,0.3799703,0.33852923,-0.32762885,0.0007541124,-0.118227854,0.23052728,0.08618496,0.35970092,-0.64090407,0.31385148,-0.48700315,-0.54316705,-0.594562,-0.6803863,-0.2058912,-0.78183156,-0.71897227,-0.39100462,-0.5646409,-0.58551896,0.78115356,0.78139305,-0.5974252,0.2736072,0.15051295,-0.53759784,-0.49883574,-0.4487413,-0.45734432,-0.40221024,-0.73287266,-0.5844333,0.8442856,0.710821,-0.18552679,0.43855694,0.04201316,0.6436921,0.39542127,0.06435685,-0.22968775,0.28740782
0.5290555,-0.3528619,-0.6468713,-0.26479858,-0.31566375,-0.714646,-0.6190844,-0.48768654,-0.54818213,-0.1658004,0.2963788,-0.56124824,-0.027704347,0.05262708,0.33731955,0.3973926,0.13143532,0.25505197,0.28233975,0.2212843,0.39757067,0.03025449,0.033331737,-0.637784,0.14828463,-0.6009744,0.31286165,0.11215603,-0.22377625,0.4029619,0.80623585,0.916857,0.87418115,0.39209074,0.5393224,-0.22652967,-0.19441593,0.85366327,0.7779209,0.32919207,0.736001,0.060087748,0.7388915,0.62955165,0.7830578,0.7247287,0.74563926,0.70458394,0.2275719,0.61210465,0.10405415,-0.5232267,-0.41203374,-0.24262573,-0.71431935,-0.44934058,-0.5157737,-0.67498636,0.058875658,-0.020502638,-0.5463138,-0.113425195,-0.08134271,0.3151388,0.10773519,0.33674213,-0.4769562,0.38685256,-0.3241464,-0.28985202,-0.422945,-0.4911655,-0.08617252,-0.6503723,-0.67975485,-0.5992017,-0.4523616,-0.58363044,0.69548607,0.8568727,-0.50214726,0.26106444,0.18313766,-0.4558343,-0.40712887,-0.39741963,-0.40556496,-0.45302463,-0.49878433,-0.4731351,0.75464034,0.6163255,-0.2359038,0.22902049,-0.15302947,0.3872496,0.19410372,0.21969405,-0.0011763768,0.41914827
0.4556325,-0.44535798,-0.6474848,-0.3595852,-0.3987622,-0.7789891,-0.7433064,-0.613129,-0.6839357,-0.05084474,0.46816024,-0.4569869,0.047464162,0.15256965,0.4181711,0.2645323,0.19455245,0.11165159,0.40420067,0.08064306,0.46769133,-0.043658014,0.013726017,-0.6382905,0.25610173,-0.56298757,0.39714047,0.16168284,-0.31560802,0.5033015,0.89193904,0.87418115,0.93024516,0.3141364,0.51485145,-0.41095752,-0.22450688,0.86994827,0.8502352,0.23196325,0.7936076,0.18027422,0.8266021,0.7583953,0.84483147,0.82571274,0.7951695,0.7433644,0.15504834,0.63192856,-0.09831336,-0.6027396,-0.5440083,-0.33027333,-0.77191985,-0.5897295,-0.6237841,-0.7594484,0.23506704,0.16967298,-0.41036052,-0.01943827,-0.074724734,0.3197528,0.12762633,0.40692264,-0.60179836,0.39282387,-0.44426572,-0.4609949,-0.52079105,-0.6270578,-0.12846038,-0.7689762,-0.70593214,-0.52031803,-0.5094029,-0.5895505,0.75340164,0.8357346,-0.58203125,0.24245608,0.1671147,-0.52339077,-0.4745685,-0.45709205,-0.4409176,-0.44522208,-0.6516753,-0.5641822,0.8058804,0.66560376,-0.2360149,0.32228494,-0.08099863,0.55244964,0.30718607,0.107780755,-0.14039004,0.3663683
0.4797288,-0.3168707,-0.49432936,-0.26287797,-0.33442786,-0.32178748,-0.034953605,-0.18884379,-0.25534314,-0.22365972,-0.25981465,-0.34432125,-0.040135697,-0.12906131,0.13675727,0.5972431,-0.03503771,0.7225268,-0.05002614,0.42598346,0.16701776,0.5868499,0.48592418,-0.1555465,0.087759495,-0.04671481,0.46800953,0.52186596,0.22842264,0.3118707,0.2449989,0.39209074,0.3141364,0.93530655,0.79862314,0.21081913,-0.07019921,0.21200317,0.17785496,0.2096764,0.17202933,0.19139391,0.3852436,0.019396039,0.2620716,0.08839009,0.3990273,0.4248622,0.16546509,-0.01750018,0.47779208,-0.3585807,-0.06383342,-0.26436,-0.3479219,-0.20657209,-0.29026547,-0.37192583,-0.038729064,-0.2175405,-0.50203085,-0.08006388,-0.06973824,0.13970846,0.08273657,0.061253563,-0.20350268,0.27243644,0.34483734,0.35263044,-0.05121552,0.24455601,0.4415028,-0.06847647,-0.18067105,-0.15143485,0.023598036,-0.018836932,0.20184474,0.41861272,0.122437306,0.18764716,0.27543062,0.18443295,-0.11371046,-0.012390019,-0.1758641,0.089542106,-0.100706674,-0.29103357,0.22699082,0.35490072,-0.21834275,0.06889839,-0.22051588,-0.23301315,-0.4107191,0.5894095,0.1475721,-0.09484303
0.6447886,-0.45956331,-0.4835512,-0.38894427,-0.3899148,-0.46359757,-0.3055946,-0.38687044,-0.43806034,-0.29953527,0.018150568,-0.49786064,-0.12865251,-0.19514276,0.12473961,0.5517436,-0.08408885,0.6303636,0.0007445272,0.3974232,0.19536605,0.46029145,0.35931647,-0.44623762,0.24283354,-0.30270392,0.40467632,0.36896372,-0.116346054,0.4116702,0.48527843,0.5393224,0.51485145,0.79862314,0.90868986,0.019887825,-0.33501863,0.4661165,0.40715426,0.22023752,0.4666198,0.2782519,0.6215918,0.336609,0.4320564,0.3877864,0.6723825,0.67170006,0.31808788,0.2690537,0.310966,-0.53896296,-0.30021495,-0.3621738,-0.52699906,-0.3071099,-0.49138838,-0.62679327,0.11566758,0.025534471,-0.55159235,-0.15807575,-0.19656831,0.106850535,-0.057322912,0.088784665,-0.4495473,0.17521475,0.0128397085,0.044746626,-0.2916661,-0.11284363,0.18971404,-0.37802523,-0.5020961,-0.26382193,-0.31100625,-0.31640488,0.31803995,0.51514536,-0.21580625,0.16002384,0.08383885,-0.15915363,-0.42736608,-0.2916478,-0.4726816,-0.2011927,-0.40493745,-0.52151793,0.4206816,0.49356496,-0.3955521,0.15739718,-0.22416537,0.043193083,-0.3034,0.4935935,0.15294614,0.055984676
