0,1,2,3,4,5,6,7,8,9,10,11,12,13,14,15,16,17,18,19,20,21,22,23,24,25,26,27,28,29,30,31,32,33,34,35,36,37,38,39,40,41,42,43,44,45,46,47,48,49,50,51,52,53,54,55,56,57,58,59,60,61,62,63,64,65,66,67,68,69,70,71,72,73,74,75,76,77,78,79,80,81,82,83,84,85,86,87,88,89,90,91,92,93,94,95,96,97,98,99
0.9466315,0.47755307,0.482939,-0.25373018,-0.3113332,0.67690015,0.49581498,0.4680562,0.5172206,0.34824005,0.17070258,0.11593259,0.049715824,0.40541774,0.44977438,0.5396561,-0.21839745,0.4005472,0.36024803,0.47982168,0.39468056,-0.44400853,0.34347343,-0.113862835,0.6445298,0.21657652,-0.36964893,-0.6426405,-0.5139101,0.42091572,0.7410709,0.81588197,0.4922098,-0.08387607,-0.5151418,-0.24117276,-0.5183819,0.64314127,0.6264328,0.63704324,-0.28742397,0.14978087,-0.4322384,-0.22007361,-0.6861496,-0.23694521,-0.2562639,-0.25126308,0.21225815,-0.23734346,0.91528594,0.53105474,0.51019627,-0.07802138,0.5134202,0.6403873,0.50717026,0.4824517,0.27023214,-0.21789192,0.18427098,0.18528822,0.35298172,0.36558843,0.35624117,0.43513316,0.79936075,0.055248268,0.08890778,0.3201691,0.35833374,-0.69517475,0.3482046,0.5940496,0.03975377,0.1065433,-0.37150878,0.29619005,0.6545814,0.71762455,-0.089596234,-0.41290554,-0.5390891,-0.2018409,0.20214784,-0.33490258,-0.4643166,-0.70028126,-0.26692978,-0.36547953,0.31017092,0.2972977,0.73804283,0.3581839,-0.46100044,-0.483991,-0.21007314,-0.32722032,0.301552,-0.27779675
0.47755307,0.977114,0.956123,0.43357563,0.20091382,0.892071,0.9676547,0.96950173,0.9612975,0.6022122,0.5159518,0.42292523,0.70218474,0.8105481,0.8061886,0.9515272,0.41175222,0.94155514,0.8065015,0.66444355,0.7907127,-0.35951418,0.7906155,0.3311571,0.53645027,0.627529,0.016516555,-0.37689045,0.0007006051,0.6521615,0.41737527,0.1260339,0.46238872,0.6126143,-0.24755242,-0.65152204,-0.77794564,0.5912414,0.33282518,0.65547353,-0.70667,-0.43472686,-0.33902085,-0.74789035,-0.5442663,-0.6033659,-0.6160643,-0.52870965,-0.348252,-0.6812719,0.39920574,0.9528165,0.85249597,-0.25165027,0.93009627,0.8846339,0.9733702,0.9630941,0.42752546,0.033856217,0.5874946,0.7456472,0.8175945,0.718167,0.7665094,0.76413274,0.54748213,0.6844574,0.5943166,0.8353015,0.76466584,-0.4081794,0.8139181,0.7347487,0.5384418,0.5949817,0.20510961,0.67464685,0.31057328,0.02376683,0.3532477,-0.73678315,-0.56456554,0.48408943,0.7090472,-0.6372631,-0.8063908,-0.55870354,-0.66279703,-0.49723983,-0.41026193,0.24928346,0.47809148,-0.031338748,-0.11012696,-0.8650179,-0.69139075,-0.6988591,-0.33418718,-0.76941025
0.482939,0.956123,0.96039236,0.42946136,0.20275158,0.8977325,0.948767,0.95101124,0.9423977,0.58048886,0.49151474,0.4034438,0.6809392,0.78839254,0.7878433,0.9416125,0.4068588,0.93659806,0.78917694,0.6828471,0.7766076,-0.3626348,0.7786174,0.3286562,0.5260521,0.6116307,0.02598321,-0.35771286,0.0298482,0.649595,0.41060573,0.121281944,0.49506986,0.6166924,-0.2392658,-0.6488192,-0.7606346,0.5689028,0.30487275,0.6389663,-0.71359897,-0.46641105,-0.37303182,-0.75674,-0.54834086,-0.60845655,-0.6249318,-0.5188676,-0.3501756,-0.6858076,0.40341258,0.9416052,0.8450601,-0.23610625,0.9244033,0.8926667,0.9548812,0.9452307,0.40927485,0.01954837,0.5722193,0.7253448,0.8045628,0.70548046,0.75586104,0.74833107,0.5472517,0.6698351,0.59905463,0.8420767,0.7558327,-0.38275594,0.8062466,0.72462904,0.53531253,0.58820426,0.22873963,0.6747296,0.2992963,0.018230265,0.35885853,-0.7102412,-0.54039544,0.4990431,0.71776086,-0.6077628,-0.78751886,-0.53209233,-0.63972783,-0.4764135,-0.39247108,0.21159624,0.46544558,-0.046363167,-0.1124985,-0.8639669,-0.68459094,-0.667305,-0.3244055,-0.7649554
-0.25373018,0.43357563,0.42946136,0.880377,0.6748376,0.2762713,0.36896208,0.39282522,0.36144808,0.03462643,0.086857334,-0.00853117,0.66505694,0.462012,0.4075211,0.33922485,0.37937132,0.45614132,0.44288075,0.39211965,0.3787614,0.28632587,0.503157,0.10430285,-0.22734316,0.22945827,0.6041837,0.39042246,0.5024691,0.32876658,-0.37589353,-0.50981987,-0.08258645,0.626668,0.45642018,-0.22542858,-0.17251107,0.12026793,-0.032152873,-0.019878533,-0.2819838,-0.5390957,0.25990325,-0.477043,0.21761416,-0.11117272,-0.13778006,-0.03629937,-0.3258533,-0.27885455,-0.3667177,0.3445171,0.22927761,0.18390302,0.3316409,0.32327607,0.38978392,0.37904394,-0.13050666,-0.14976498,0.17295422,0.6554854,0.52073544,0.3272435,0.37861934,0.35537177,-0.16580471,0.6558113,0.2891397,0.43497312,0.3362213,0.12250193,0.43745112,0.07261699,0.236607,0.29803872,0.46095186,0.37284005,-0.44748795,-0.6456523,0.09647971,-0.3818916,-0.12626666,0.54724944,0.39834023,-0.20148082,-0.31805336,0.19674776,-0.32800472,-0.3712963,-0.6238718,0.026209082,-0.20772806,-0.5986388,0.022679823,-0.37280947,-0.28937957,-0.29833183,-0.5777024,-0.38081372
-0.3113332,0.20091382,0.20275158,0.6748376,0.8250041,0.058269735,0.14668348,0.16566475,0.11619493,-0.21258706,-0.1489183,-0.19622865,0.35058573,0.112252116,0.053115096,0.093724,0.15188701,0.22083479,0.08996409,0.22290424,0.019910317,0.33044565,0.11969687,-0.097684644,-0.39180392,-0.12191661,0.37032616,0.3473399,0.3404764,-0.07288739,-0.45218968,-0.48094875,-0.06528156,0.4414968,0.49774832,0.047902465,0.12449191,-0.04305317,-0.047512777,-0.22232746,0.018980265,-0.39656702,0.29219157,-0.15271308,0.34925884,0.095400244,0.0906267,0.16073613,-0.08472636,0.0073886146,-0.39807418,0.15246278,0.0014118087,0.36611086,0.153163,0.107770115,0.16620943,0.15994757,-0.29358658,-0.18155901,-0.098337024,0.31738472,0.15911199,-0.022758665,0.020978281,-0.0016864096,-0.15602438,0.30922565,0.061665244,0.27382135,-0.020512978,0.28051132,0.06200181,-0.16557226,-0.033484496,-0.050389968,0.22748701,-0.03810746,-0.46131587,-0.5591057,-0.0254133,0.007834422,0.19267842,0.35778356,0.06634923,0.1563491,0.03672229,0.319586,0.045110725,-0.06926444,-0.30831635,-0.25193107,-0.29530352,-0.47866845,0.036151215,-0.02722955,0.014286308,0.053496845,-0.24054527,-0.048731904
0.67690015,0.892071,0.8977325,0.2762713,0.058269735,0.9563672,0.8792119,0.8708717,0.8897387,0.52996284,0.40298536,0.30156147,0.5518971,0.761194,0.7666056,0.89037216,0.20431504,0.8424716,0.7322379,0.73833454,0.72602034,-0.36944693,0.74123025,0.16055559,0.5790187,0.5202959,-0.04012687,-0.45141825,-0.15401056,0.66194034,0.52266675,0.36454222,0.48819202,0.43692067,-0.3005375,-0.5368949,-0.7403048,0.6819817,0.48674238,0.6826246,-0.60556364,-0.28878814,-0.37345323,-0.63846767,-0.5998585,-0.4868087,-0.5100473,-0.4262768,-0.15411991,-0.56352997,0.5979036,0.89480144,0.791847,-0.1502209,0.8774929,0.9382166,0.8931261,0.874282,0.35798916,-0.1218105,0.4652809,0.64544344,0.74529696,0.6530107,0.6892033,0.72061086,0.6766591,0.5468006,0.4400503,0.7306294,0.68287754,-0.575969,0.7329328,0.7253989,0.37919584,0.46277004,0.025627442,0.6176128,0.40386754,0.23746806,0.17528339,-0.7223569,-0.6405484,0.27735162,0.59296644,-0.58318985,-0.7658044,-0.63199466,-0.5824398,-0.56761247,-0.21554515,0.28379798,0.58052087,0.028166607,-0.31318063,-0.8233371,-0.56757665,-0.6305204,-0.15238088,-0.65984845
0.49581498,0.9676547,0.948767,0.36896208,0.14668348,0.8792119,0.98139274,0.97955483,0.96649116,0.65814424,0.5656123,0.48522198,0.6795174,0.8005464,0.8012072,0.963063,0.44133884,0.94108486,0.8083234,0.6039411,0.80106527,-0.43688482,0.7675127,0.38975438,0.6027272,0.6645115,-0.07332089,-0.4413937,-0.037093002,0.64463365,0.47777832,0.15666609,0.5158898,0.58920866,-0.33692673,-0.6992315,-0.8110198,0.58392525,0.31214547,0.69770247,-0.7475068,-0.41082066,-0.41042572,-0.7580687,-0.6096427,-0.66515666,-0.6722093,-0.59822893,-0.388668,-0.72181237,0.43397182,0.95334446,0.8809699,-0.32496873,0.9285871,0.8650402,0.9736794,0.96956503,0.49651837,0.113820866,0.6361017,0.7150761,0.80580413,0.7356788,0.78213346,0.77064013,0.56905884,0.6638893,0.6335312,0.8387371,0.7836113,-0.4094911,0.81843525,0.7755121,0.5862452,0.632558,0.2058155,0.6809698,0.38231754,0.08110193,0.4174466,-0.71989906,-0.5539847,0.48816285,0.73245776,-0.65480083,-0.81527984,-0.60522556,-0.6757041,-0.43479502,-0.388182,0.26094496,0.5235936,0.056067526,-0.04954963,-0.8714311,-0.72554827,-0.7111584,-0.3161866,-0.7895179
0.4680562,0.96950173,0.95101124,0.39282522,0.16566475,0.8708717,0.97955483,0.9838448,0.9647883,0.65643054,0.5714611,0.4915111,0.6925919,0.80028355,0.800934,0.9634841,0.46621788,0.94773316,0.8113394,0.60639125,0.8047086,-0.4210238,0.774367,0.40858176,0.58399117,0.6718322,-0.04844598,-0.41460016,-0.00087461434,0.64524025,0.45510685,0.12449475,0.50623095,0.6184803,-0.31499523,-0.706136,-0.8051503,0.56594634,0.28064215,0.6852802,-0.75573635,-0.4362424,-0.41003454,-0.77146196,-0.59538645,-0.6740463,-0.68140817,-0.5978785,-0.40840358,-0.7321193,0.401867,0.951586,0.8818828,-0.32869667,0.92741895,0.85956633,0.9738503,0.9695634,0.49732408,0.12658888,0.64272153,0.7220427,0.810146,0.736562,0.78699535,0.76867354,0.5475613,0.68045014,0.6519326,0.8503653,0.78981096,-0.37601495,0.8231479,0.7709658,0.6031214,0.6459893,0.2386041,0.68806005,0.36041462,0.048116412,0.43335718,-0.7170878,-0.5417933,0.5165927,0.74823964,-0.65347904,-0.8142179,-0.5791444,-0.6789298,-0.42893052,-0.41108865,0.2612593,0.5018086,0.03572213,-0.029896086,-0.8751715,-0.7385899,-0.7096749,-0.34031022,-0.80030185
0.5172206,0.9612975,0.9423977,0.36144808,0.11619493,0.8897387,0.96649116,0.9647883,0.9722383,0.6770729,0.5861354,0.4986564,0.6856836,0.8208755,0.8171215,0.95718646,0.4270377,0.92497545,0.8211255,0.5978573,0.8090152,-0.4357922,0.77718246,0.38300377,0.6254569,0.67714417,-0.084428184,-0.4647175,-0.0795476,0.66526717,0.5063038,0.1908519,0.49327576,0.5612473,-0.35624933,-0.6962992,-0.8292406,0.6264496,0.36382598,0.7265451,-0.73593956,-0.35704917,-0.38326,-0.7422395,-0.61793554,-0.65297043,-0.65711796,-0.6051065,-0.3725908,-0.710853,0.45952564,0.9528444,0.88230944,-0.3215625,0.92706954,0.87203866,0.9675646,0.96564245,0.5153171,0.11695411,0.6455728,0.7211637,0.8157263,0.7511039,0.7897123,0.7862638,0.58511466,0.6672337,0.61601114,0.81458217,0.7866591,-0.46320486,0.82080364,0.7906107,0.5782406,0.6343914,0.16565512,0.6886696,0.40856677,0.11796344,0.38729757,-0.7544813,-0.6073314,0.44670016,0.71734285,-0.68807346,-0.83721846,-0.64321136,-0.7038678,-0.4780406,-0.38715744,0.31089967,0.55271,0.0806461,-0.07119967,-0.8739659,-0.72759223,-0.7433107,-0.3161992,-0.7887276
0.34824005,0.6022122,0.58048886,0.03462643,-0.21258706,0.52996284,0.65814424,0.65643054,0.6770729,0.95030504,0.90015435,0.889166,0.57300234,0.6824463,0.6955425,0.7022263,0.6333892,0.6292063,0.7432352,0.044358928,0.77059263,-0.60977685,0.58812904,0.75970006,0.82392263,0.8939807,-0.3943091,-0.6187106,-0.18062016,0.56445706,0.668431,0.18393856,0.44342464,0.37913996,-0.6749723,-0.862501,-0.86852837,0.45329165,0.1756369,0.81395245,-0.80420804,-0.06364307,-0.42257106,-0.6498538,-0.74976546,-0.8519132,-0.81607676,-0.90354234,-0.6230775,-0.8185202,0.389514,0.6258786,0.7994757,-0.7488173,0.58744663,0.47500914,0.6390215,0.6438967,0.88949287,0.6460376,0.91112375,0.5110202,0.65378284,0.78262764,0.7815995,0.73584044,0.39933938,0.5480739,0.7710682,0.5674125,0.80968076,-0.33452028,0.7326695,0.84757996,0.8273772,0.8390132,0.19188108,0.66486883,0.6400452,0.26134306,0.6816051,-0.6115486,-0.5187092,0.41593412,0.71154046,-0.8067417,-0.78045523,-0.7206402,-0.78752524,-0.14773566,-0.35349092,0.54633313,0.6496829,0.5071913,0.33565682,-0.71441746,-0.84822506,-0.7980335,-0.35823768,-0.79778236
0.17070258,0.5159518,0.49151474,0.086857334,-0.1489183,0.40298536,0.5656123,0.5714611,0.5861354,0.90015435,0.9330912,0.91372204,0.58440506,0.6301225,0.62932354,0.6092168,0.695936,0.55664265,0.703001,-0.06138949,0.71807194,-0.5311892,0.5432935,0.79980415,0.6953625,0.8813609,-0.30867556,-0.49751353,-0.099772856,0.48782182,0.5109335,0.020527394,0.3124606,0.40120196,-0.5704758,-0.81944597,-0.7837553,0.31906414,0.057844155,0.68389404,-0.7462709,-0.085632466,-0.32957786,-0.60287607,-0.588451,-0.80563426,-0.7589903,-0.8620409,-0.6619965,-0.76839125,0.21678495,0.5331746,0.7163502,-0.7382203,0.49171555,0.35538563,0.5462081,0.5567707,0.8745316,0.7136867,0.9105727,0.49864006,0.59895825,0.73063105,0.7362896,0.67106605,0.22439148,0.5623311,0.76219,0.4972747,0.753405,-0.22236337,0.67886513,0.72783816,0.83631766,0.836567,0.25246736,0.6113129,0.5007516,0.12698504,0.6957052,-0.551817,-0.42768568,0.43209982,0.67239046,-0.77679574,-0.71110356,-0.6007991,-0.7629484,-0.09542071,-0.42442533,0.4944206,0.49294692,0.43036687,0.40478554,-0.62462544,-0.82473695,-0.7700156,-0.4143595,-0.75167984
0.11593259,0.42292523,0.4034438,-0.00853117,-0.19622865,0.30156147,0.48522198,0.4915111,0.4986564,0.889166,0.91372204,0.95064265,0.47783488,0.50087506,0.51097053,0.5301299,0.707556,0.47766924,0.5931722,-0.18218853,0.62465143,-0.5474846,0.42038804,0.85089123,0.69135594,0.84646904,-0.40528008,-0.512732,-0.10560873,0.3751291,0.5148035,0.010336875,0.34194434,0.34649706,-0.60997087,-0.8071854,-0.71995354,0.2183044,-0.04162371,0.6410868,-0.71782255,-0.046728823,-0.35842115,-0.53784245,-0.59065104,-0.8213453,-0.76783216,-0.8739804,-0.67967474,-0.7492802,0.18081605,0.44881094,0.6622195,-0.7992461,0.41724765,0.24968094,0.45661008,0.47630322,0.8983567,0.8109634,0.8960308,0.36846212,0.47923166,0.6406282,0.64606905,0.5660161,0.18539435,0.45305294,0.7632439,0.44243047,0.6829756,-0.11661376,0.5861542,0.68657446,0.84864473,0.81573606,0.25180063,0.52847314,0.5288323,0.14432238,0.7641289,-0.4205109,-0.3055781,0.4277383,0.6318556,-0.6949856,-0.61322916,-0.5577105,-0.67815816,0.06754644,-0.3604464,0.43295777,0.45862103,0.5118607,0.5126252,-0.5318975,-0.78814614,-0.675194,-0.3615495,-0.69298327
0.049715824,0.70218474,0.6809392,0.66505694,0.35058573,0.5518971,0.6795174,0.6925919,0.6856836,0.57300234,0.58440506,0.47783488,0.9103301,0.8320595,0.7995922,0.6952273,0.6563207,0.7221014,0.85253143,0.38316867,0.8090378,-0.18391253,0.79619837,0.48958892,0.306229,0.6955844,0.278381,-0.05513512,0.29430676,0.6477473,0.10041804,-0.26249877,0.16184522,0.72455096,-0.05294925,-0.6776445,-0.67327726,0.37049198,0.07166492,0.4512356,-0.69682324,-0.48111188,-0.10383076,-0.7726173,-0.27024323,-0.57221556,-0.5840852,-0.5341561,-0.59985954,-0.69207597,-0.030402659,0.6364979,0.66463995,-0.27023676,0.5961209,0.5549787,0.6834885,0.67124665,0.4052612,0.20937607,0.663414,0.8819399,0.8525715,0.78025055,0.8139885,0.78244936,0.101237714,0.89710474,0.67064506,0.66916203,0.7748946,-0.17568794,0.80657005,0.5556562,0.6420977,0.717417,0.47314057,0.7278116,0.0054723984,-0.31984603,0.42686903,-0.721254,-0.46647382,0.6419765,0.7315947,-0.67573196,-0.7613546,-0.28857154,-0.7613811,-0.46876544,-0.7089685,0.37224385,0.21874891,-0.21679771,0.11394605,-0.7479983,-0.7260398,-0.74501246,-0.6799046,-0.78348655
0.40541774,0.8105481,0.78839254,0.462012,0.112252116,0.761194,0.8005464,0.80028355,0.8208755,0.6824463,0.6301225,0.50087506,0.8320595,0.9600492,0.94815886,0.8381958,0.5154797,0.7970984,0.94969094,0.5283878,0.9254278,-0.3843076,0.886019,0.41391933,0.5548575,0.7460048,0.09684994,-0.32407808,0.03957547,0.8039605,0.40923053,0.117669545,0.34140712,0.6001859,-0.29427034,-0.7163447,-0.8414203,0.6189772,0.32854635,0.68578833,-0.7504636,-0.3308525,-0.27249923,-0.7860292,-0.53400016,-0.6132387,-0.6356312,-0.60462844,-0.46142167,-0.72571135,0.33553338,0.76895726,0.8095671,-0.31712896,0.72575784,0.73990285,0.80647445,0.7879786,0.50906414,0.13022357,0.702406,0.8794301,0.9407271,0.8968197,0.91279733,0.9320084,0.41402495,0.8418213,0.6475495,0.7091922,0.8769816,-0.47499275,0.89386237,0.75162977,0.61222875,0.7170894,0.27432948,0.8180715,0.2916958,0.02617678,0.34973264,-0.8562995,-0.69092345,0.48988608,0.75153434,-0.79215086,-0.90478694,-0.57046694,-0.8316057,-0.60201526,-0.5137146,0.54250276,0.5241576,-0.014978336,-0.07620271,-0.88099957,-0.7501989,-0.8420976,-0.5088289,-0.8306627
0.44977438,0.8061886,0.7878433,0.4075211,0.053115096,0.7666056,0.8012072,0.800934,0.8171215,0.6955425,0.62932354,0.51097053,0.7995922,0.94815886,0.9659173,0.8454218,0.5135205,0.79416156,0.9504909,0.52354,0.9407226,-0.44746888,0.8833834,0.4291206,0.59666884,0.7552062,0.047131434,-0.35700405,0.037952732,0.82444656,0.4543258,0.15524945,0.40507185,0.5733885,-0.36022168,-0.74561197,-0.8563199,0.62220395,0.32435763,0.7126057,-0.7835119,-0.33559564,-0.35681376,-0.8040931,-0.5895865,-0.64847666,-0.67686236,-0.63201916,-0.4755759,-0.75439334,0.38873297,0.76877165,0.8232614,-0.35429966,0.72196794,0.74593854,0.80325925,0.78407145,0.5220486,0.13713747,0.70923185,0.85799223,0.94251657,0.9242271,0.9328965,0.9569235,0.45569727,0.82667494,0.66705275,0.7143301,0.9030235,-0.47817928,0.90674293,0.7868966,0.6243111,0.72688437,0.28789777,0.8412905,0.33565533,0.07570803,0.37527305,-0.84125733,-0.68594384,0.49269897,0.7749882,-0.78193295,-0.90435624,-0.5888499,-0.8222151,-0.5652164,-0.48151314,0.54475373,0.5664974,0.026965775,-0.06808393,-0.89721525,-0.7600241,-0.82662034,-0.4829555,-0.8407188
0.5396561,0.9515272,0.9416125,0.33922485,0.093724,0.89037216,0.963063,0.9634841,0.95718646,0.7022263,0.6092168,0.5301299,0.6952273,0.8381958,0.8454218,0.97849405,0.47156355,0.94244754,0.8497445,0.60526687,0.8532027,-0.4862228,0.80502564,0.4348814,0.65723103,0.7171111,-0.09698718,-0.47589248,-0.038854443,0.69794583,0.5330394,0.19726104,0.54611343,0.5991012,-0.38978434,-0.7530358,-0.86081535,0.6029364,0.31367305,0.7464923,-0.80034244,-0.4107833,-0.46619862,-0.7997446,-0.67436326,-0.7164127,-0.72791857,-0.6501696,-0.42424095,-0.775313,0.48325458,0.94348335,0.9154551,-0.37566674,0.9187721,0.8762575,0.9593225,0.9512877,0.5464394,0.13680992,0.6811633,0.7322137,0.8394542,0.7913585,0.8343632,0.82154226,0.60200346,0.69109404,0.6839537,0.8555788,0.84043217,-0.4262388,0.86154485,0.83139277,0.6304868,0.68160737,0.2244307,0.7357707,0.4350064,0.123105824,0.4520619,-0.7485688,-0.5861081,0.507006,0.77624375,-0.69988877,-0.8592044,-0.64019096,-0.7208352,-0.442754,-0.37799782,0.3292146,0.5838105,0.096741065,-0.04772146,-0.91355425,-0.7717274,-0.7455768,-0.3259213,-0.8372283
-0.21839745,0.41175222,0.4068588,0.37937132,0.15188701,0.20431504,0.44133884,0.46621788,0.4270377,0.6333892,0.695936,0.707556,0.6563207,0.5154797,0.5135205,0.47156355,0.9157234,0.5285758,0.6246763,-0.04065174,0.641287,-0.28985018,0.51766884,0.8430861,0.30374736,0.75364715,0.03723373,-0.042360537,0.41017747,0.39401245,0.06326638,-0.4526345,0.22259378,0.67134994,-0.1900363,-0.7811762,-0.5524208,-0.046741564,-0.39189804,0.32472885,-0.7460876,-0.49383885,-0.27714658,-0.7070069,-0.299806,-0.7662399,-0.75244915,-0.6964023,-0.85761994,-0.7804783,-0.21756318,0.37622583,0.5602212,-0.612681,0.35129428,0.19829962,0.4109484,0.42915663,0.57922447,0.6297419,0.7702515,0.5408337,0.5646098,0.6302722,0.67073977,0.5553963,-0.13226706,0.6774063,0.85907656,0.5680771,0.70170295,0.24515933,0.65232,0.47145426,0.86794406,0.82527876,0.6679156,0.59945726,0.04843064,-0.38124537,0.81383073,-0.36708137,-0.09091146,0.7794161,0.75156933,-0.53751636,-0.53473616,-0.123731874,-0.624081,0.05259485,-0.6265249,0.20300923,0.06850283,0.009991777,0.5439732,-0.5406019,-0.77998066,-0.5567304,-0.65343463,-0.7360177
0.4005472,0.94155514,0.93659806,0.45614132,0.22083479,0.8424716,0.94108486,0.94773316,0.92497545,0.6292063,0.55664265,0.47766924,0.7221014,0.7970984,0.79416156,0.94244754,0.5285758,0.958479,0.8191662,0.61444545,0.8130125,-0.38132524,0.7941017,0.4398365,0.5220729,0.67508614,0.019357458,-0.3285655,0.10341277,0.65175104,0.3740157,0.031726576,0.489972,0.6946541,-0.25107375,-0.72661424,-0.7850148,0.48766315,0.18237177,0.62389994,-0.7824534,-0.5373051,-0.4215063,-0.8202256,-0.55322087,-0.6900209,-0.7039499,-0.58704615,-0.46752977,-0.76041454,0.33036703,0.92283666,0.871436,-0.31690764,0.89941007,0.84156066,0.9374407,0.93215764,0.46303028,0.12122249,0.642279,0.74543035,0.8162853,0.7398244,0.79684395,0.7661527,0.47108245,0.71903396,0.695884,0.8844949,0.80146897,-0.28739825,0.8406445,0.7358016,0.6302985,0.6696607,0.33173376,0.71155775,0.2752612,-0.04592526,0.4699226,-0.69440395,-0.48539442,0.5962478,0.7806052,-0.62997055,-0.8034549,-0.494865,-0.68014926,-0.41134638,-0.45678407,0.20742922,0.42135823,-0.0522821,-0.016345037,-0.8793861,-0.75695384,-0.6898178,-0.40003705,-0.8248867
0.36024803,0.8065015,0.78917694,0.44288075,0.08996409,0.7322379,0.8083234,0.8113394,0.8211255,0.7432352,0.703001,0.5931722,0.85253143,0.94969094,0.9504909,0.8497445,0.6246763,0.8191662,0.97690105,0.4730778,0.9641636,-0.4474873,0.89212406,0.5379942,0.58526325,0.8167654,0.05926171,-0.33396095,0.09737761,0.80754447,0.41541648,0.05776074,0.3825043,0.6538142,-0.34157228,-0.80648667,-0.8759554,0.5535247,0.22437325,0.69979835,-0.82856846,-0.39765683,-0.34769422,-0.8473252,-0.57742524,-0.71472275,-0.7336184,-0.6926907,-0.57605743,-0.8134041,0.30620348,0.77132654,0.84912467,-0.4300376,0.72555256,0.71690077,0.8060926,0.79320693,0.58018523,0.23849387,0.77749467,0.87827176,0.944083,0.9347751,0.95522565,0.94866693,0.38709918,0.86982465,0.75115424,0.75635266,0.934003,-0.38694316,0.9320686,0.7878381,0.7145823,0.8023149,0.36885905,0.85508895,0.31053007,-0.007655911,0.47796938,-0.83398837,-0.64291143,0.5830411,0.82470834,-0.8160622,-0.91841185,-0.5596043,-0.86410105,-0.5202567,-0.55507207,0.5348922,0.51152366,0.021369226,0.029948851,-0.90268993,-0.8276783,-0.8573486,-0.55362964,-0.8910711
0.47982168,0.66444355,0.6828471,0.39211965,0.22290424,0.73833454,0.6039411,0.60639125,0.5978573,0.044358928,-0.06138949,-0.18218853,0.38316867,0.5283878,0.52354,0.60526687,-0.04065174,0.61444545,0.4730778,0.8824415,0.44704866,-0.042012773,0.5841371,-0.21760282,0.10981276,0.116269484,0.3140982,-0.016453505,0.111715436,0.5049882,0.09962372,0.17460115,0.26979244,0.38130355,0.12994635,-0.16509752,-0.34119558,0.43747836,0.33028448,0.24338803,-0.28981996,-0.44532174,-0.1938036,-0.46137708,-0.1948328,-0.0940105,-0.14935765,0.030462012,0.089323714,-0.22778031,0.3490433,0.624037,0.43070593,0.26281366,0.6145278,0.7678958,0.6345064,0.5978801,-0.1575415,-0.5403229,0.027216796,0.5317134,0.54747146,0.356512,0.40547246,0.458569,0.41703084,0.41555488,0.123893276,0.5404528,0.3716623,-0.37146738,0.48614925,0.31056443,0.008664414,0.10983425,0.0893045,0.42162293,-0.050026637,-0.032665834,-0.15626243,-0.49893022,-0.39338318,0.20877337,0.3468966,-0.20962873,-0.44608313,-0.1847649,-0.26212886,-0.5936856,-0.1429896,-0.016152557,0.1899054,-0.42762566,-0.54188967,-0.5712874,-0.19978338,-0.27501154,-0.09863986,-0.35590377
0.39468056,0.7907127,0.7766076,0.3787614,0.019910317,0.72602034,0.80106527,0.8047086,0.8090152,0.77059263,0.71807194,0.62465143,0.8090378,0.9254278,0.9407226,0.8532027,0.641287,0.8130125,0.9641636,0.44704866,0.9768362,-0.50975025,0.8766202,0.5771606,0.633809,0.83530617,-0.01201736,-0.3729584,0.09282938,0.8093039,0.46591634,0.08684607,0.44832224,0.6343994,-0.41094786,-0.84606,-0.89204735,0.53147906,0.19294229,0.72446215,-0.8697743,-0.39530778,-0.43968594,-0.8646168,-0.6392062,-0.76750594,-0.7914622,-0.7342539,-0.60379374,-0.85374105,0.34503695,0.76104736,0.86636114,-0.4881937,0.7162874,0.70411456,0.79367745,0.78211665,0.61479867,0.27863812,0.80347586,0.8339193,0.92867935,0.94964993,0.968411,0.9525851,0.41216967,0.8407261,0.7879335,0.76093554,0.9576176,-0.37043756,0.93677807,0.82240367,0.74914217,0.8254243,0.3851472,0.87163806,0.36035597,0.03956336,0.5304996,-0.8050285,-0.62271166,0.59523773,0.8513475,-0.8096973,-0.9150691,-0.5768218,-0.85735464,-0.46147782,-0.5194021,0.5286275,0.5468395,0.08015554,0.060181163,-0.9133111,-0.84970176,-0.84269655,-0.5312907,-0.9088539
-0.44400853,-0.35951418,-0.3626348,0.28632587,0.33044565,-0.36944693,-0.43688482,-0.4210238,-0.4357922,-0.60977685,-0.5311892,-0.5474846,-0.18391253,-0.3843076,-0.44746888,-0.4862228,-0.28985018,-0.38132524,-0.4474873,-0.042012773,-0.50975025,0.7365935,-0.28707686,-0.4317997,-0.65243626,-0.49994236,0.5037933,0.5961904,0.24530762,-0.30302748,-0.60025394,-0.37336203,-0.4589513,-0.10080336,0.6699506,0.53954214,0.5753298,-0.25353754,-0.10851787,-0.5736676,0.5118786,0.014745077,0.5660407,0.34815425,0.6780618,0.587217,0.58450854,0.5883437,0.24831602,0.5085522,-0.4936325,-0.41556895,-0.5793683,0.523369,-0.3912198,-0.33138752,-0.40556723,-0.41923887,-0.5964439,-0.3748466,-0.556244,-0.19628194,-0.36083466,-0.50750744,-0.50387466,-0.48523796,-0.47250175,-0.20157322,-0.48889494,-0.35349834,-0.54776174,0.23260209,-0.4225429,-0.6151643,-0.48835948,-0.4597482,-0.0033825673,-0.3641793,-0.57686853,-0.424286,-0.43262246,0.26138237,0.25518766,-0.14352465,-0.4105244,0.41876963,0.4492196,0.57325035,0.3767097,-0.071608305,-0.08508942,-0.24612856,-0.56897813,-0.49476296,-0.09738605,0.4544434,0.4706605,0.39333594,-0.08006539,0.4474877
0.34347343,0.7906155,0.7786174,0.503157,0.11969687,0.74123025,0.7675127,0.774367,0.77718246,0.58812904,0.5432935,0.42038804,0.79619837,0.886019,0.8833834,0.80502564,0.51766884,0.7941017,0.89212406,0.5841371,0.8766202,-0.28707686,0.92335933,0.40186238,0.44962072,0.71627104,0.23433779,-0.16807508,0.19643465,0.8381038,0.29418644,0.018507758,0.29908264,0.63747203,-0.17238815,-0.69591415,-0.7748256,0.51169884,0.20519799,0.5837349,-0.76087403,-0.4486602,-0.28211424,-0.83570206,-0.46734047,-0.58987665,-0.6260273,-0.5355004,-0.4948957,-0.7314538,0.25735083,0.7360488,0.7566627,-0.27317467,0.6917668,0.73384345,0.7732301,0.75022507,0.4024431,0.045386482,0.6305698,0.84512603,0.90378296,0.836449,0.86977047,0.86897683,0.31305665,0.8239766,0.63665795,0.7153469,0.84545267,-0.37263173,0.904962,0.679806,0.59611243,0.7128535,0.39392495,0.85527027,0.16348287,-0.09057844,0.34473997,-0.8341558,-0.6447157,0.5546503,0.7874195,-0.7336893,-0.8649761,-0.42302182,-0.7971586,-0.61927986,-0.5666736,0.45305774,0.38417986,-0.17199302,-0.106145754,-0.88620484,-0.74200344,-0.7818194,-0.58246183,-0.8380788
-0.113862835,0.3311571,0.3286562,0.10430285,-0.097684644,0.16055559,0.38975438,0.40858176,0.38300377,0.75970006,0.79980415,0.85089123,0.48958892,0.41391933,0.4291206,0.4348814,0.8430861,0.4398365,0.5379942,-0.21760282,0.5771606,-0.4317997,0.40186238,0.94675374,0.49097866,0.80299747,-0.23499805,-0.24620065,0.20562181,0.33587646,0.27855408,-0.2540564,0.3095432,0.47217947,-0.43115562,-0.8174696,-0.59286976,-0.014905245,-0.33772582,0.44276804,-0.74777055,-0.26170066,-0.36215872,-0.60914385,-0.44658476,-0.83507967,-0.8007208,-0.8112598,-0.839783,-0.7870408,-0.0634472,0.33124694,0.56213653,-0.7973499,0.30748373,0.13102336,0.35122317,0.37808448,0.75047225,0.8059524,0.8418999,0.36382508,0.43996674,0.59185636,0.612093,0.4933464,-0.04418652,0.5032346,0.8451221,0.4607035,0.6631162,0.16626996,0.5786065,0.55375206,0.9117374,0.8499609,0.5304681,0.5438372,0.29217243,-0.1378049,0.8881567,-0.3061213,-0.11115093,0.6353397,0.700282,-0.5662176,-0.50890386,-0.28182423,-0.6119175,0.18306753,-0.48790717,0.28006467,0.21865304,0.3055017,0.6431813,-0.48381564,-0.7869793,-0.5614389,-0.51954544,-0.69811845
0.6445298,0.53645027,0.5260521,-0.22734316,-0.39180392,0.5790187,0.6027272,0.58399117,0.6254569,0.82392263,0.6953625,0.69135594,0.306229,0.5548575,0.59666884,0.65723103,0.30374736,0.5220729,0.58526325,0.10981276,0.633809,-0.65243626,0.44962072,0.49097866,0.95539516,0.6852392,-0.59816396,-0.79940975,-0.45141125,0.49592876,0.90367466,0.5616345,0.56001425,0.11031589,-0.80567867,-0.68710756,-0.80383086,0.5824289,0.40963322,0.894817,-0.6444908,0.16369161,-0.4973541,-0.4576279,-0.87632334,-0.69386125,-0.66853106,-0.770606,-0.31759134,-0.6364752,0.69958913,0.594162,0.7351602,-0.608125,0.56420225,0.51385194,0.58418703,0.58422863,0.7856177,0.43018308,0.7022203,0.30932516,0.50333977,0.6438037,0.6295614,0.6284006,0.6517741,0.2873367,0.54437125,0.45178354,0.6586687,-0.5228082,0.5760025,0.87108517,0.57373136,0.5908831,-0.10325,0.50988823,0.87588835,0.6082252,0.45541358,-0.5180596,-0.5548671,0.12145675,0.5216532,-0.66267157,-0.68052864,-0.85314244,-0.6076101,-0.14014956,-0.017371424,0.53834724,0.8360666,0.68733525,0.11327605,-0.6284205,-0.636629,-0.64617753,-0.032951824,-0.6109443
0.21657652,0.627529,0.6116307,0.22945827,-0.12191661,0.5202959,0.6645115,0.6718322,0.67714417,0.8939807,0.8813609,0.84646904,0.6955844,0.7460048,0.7552062,0.7171111,0.75364715,0.67508614,0.8167654,0.116269484,0.83530617,-0.49994236,0.71627104,0.80299747,0.6852392,0.9522859,-0.15628502,-0.40319517,0.053543944,0.6732185,0.4895048,0.002450572,0.37233463,0.5269716,-0.504931,-0.9038516,-0.8582556,0.37703913,0.041316118,0.71427107,-0.86687905,-0.23609166,-0.38025174,-0.7738889,-0.626102,-0.85269976,-0.8361974,-0.8621261,-0.7493348,-0.8800189,0.22116946,0.61735004,0.7881558,-0.71640134,0.5751718,0.48121542,0.6445564,0.6471153,0.81126094,0.5980794,0.91836953,0.63945514,0.7419356,0.8382201,0.8526099,0.7923444,0.23509756,0.704855,0.83590436,0.6145127,0.87022877,-0.24266985,0.8319861,0.7878412,0.88422525,0.9289911,0.4010702,0.78832823,0.43512684,0.044210777,0.71274257,-0.6894592,-0.53014225,0.564601,0.8215691,-0.8440943,-0.83129466,-0.5688029,-0.8685429,-0.24694733,-0.55352783,0.554796,0.48124856,0.2793646,0.3372555,-0.7770454,-0.90860564,-0.8466265,-0.5766013,-0.8850567
-0.36964893,0.016516555,0.02598321,0.6041837,0.37032616,-0.04012687,-0.07332089,-0.04844598,-0.084428184,-0.3943091,-0.30867556,-0.40528008,0.278381,0.09684994,0.047131434,-0.09698718,0.03723373,0.019357458,0.05926171,0.3140982,-0.01201736,0.5037933,0.23433779,-0.23499805,-0.59816396,-0.15628502,0.86757326,0.7237003,0.5930286,0.18259874,-0.662007,-0.49402744,-0.35496294,0.29899675,0.6828484,0.20540679,0.24898781,-0.12773927,-0.17557791,-0.42772645,0.11451356,-0.3863348,0.3406919,-0.13909234,0.5346746,0.308955,0.2596121,0.40733525,-0.03482549,0.13665828,-0.5004406,-0.092115074,-0.24000317,0.41382635,-0.09574182,0.0144685265,-0.041907858,-0.07123692,-0.51758194,-0.42030114,-0.25933382,0.31645083,0.16256447,-0.025429174,-0.005014616,0.005254565,-0.43925762,0.32891876,-0.12935309,0.009616466,-0.057209652,0.17718773,0.08745673,-0.36826795,-0.16912681,-0.059925374,0.3868704,0.14677519,-0.74567306,-0.65424633,-0.2605746,-0.14746675,-0.030584173,0.2368584,0.034115076,0.10589768,0.04050566,0.5356586,-0.006792223,-0.39954877,-0.4444349,-0.10315192,-0.53300786,-0.81467575,-0.20640299,-0.013748872,0.106622875,0.033206455,-0.4501791,0.014569517
-0.6426405,-0.37689045,-0.35771286,0.39042246,0.3473399,-0.45141825,-0.4413937,-0.41460016,-0.4647175,-0.6187106,-0.49751353,-0.512732,-0.05513512,-0.32407808,-0.35700405,-0.47589248,-0.042360537,-0.3285655,-0.33396095,-0.016453505,-0.3729584,0.5961904,-0.16807508,-0.24620065,-0.79940975,-0.40319517,0.7237003,0.9088835,0.6797992,-0.20596565,-0.8328497,-0.6401286,-0.43396473,0.09617122,0.74418706,0.40405148,0.5885219,-0.4806215,-0.4565425,-0.7141726,0.35485017,-0.30374676,0.40873754,0.14916196,0.73002064,0.45511323,0.41171187,0.55487084,0.010554762,0.34416983,-0.7227361,-0.47200066,-0.56278896,0.41331363,-0.44829816,-0.3856119,-0.4331699,-0.43508664,-0.63683677,-0.3098753,-0.45887822,-0.068734206,-0.24067412,-0.37252277,-0.3543591,-0.37304872,-0.6693941,-0.009725056,-0.2724799,-0.26776934,-0.3744045,0.51693773,-0.28359878,-0.6525434,-0.296874,-0.27420595,0.40600544,-0.17948559,-0.8339722,-0.72257465,-0.22661164,0.28787303,0.3923786,0.17081815,-0.18736947,0.43522322,0.43847582,0.8302393,0.33588168,0.027100064,-0.2546891,-0.31940377,-0.7645459,-0.72667575,0.020065626,0.37109166,0.36698952,0.4124806,-0.29726797,0.32019675
-0.5139101,0.0007006051,0.0298482,0.5024691,0.3404764,-0.15401056,-0.037093002,-0.00087461434,-0.0795476,-0.18062016,-0.099772856,-0.10560873,0.29430676,0.03957547,0.037952732,-0.038854443,0.41017747,0.10341277,0.09737761,0.111715436,0.09282938,0.24530762,0.19643465,0.20562181,-0.45141125,0.053543944,0.5930286,0.6797992,0.929725,0.121029854,-0.60038805,-0.6839936,-0.06772594,0.4574142,0.4532067,-0.117793925,0.15666705,-0.3834048,-0.5937089,-0.37686285,-0.1818217,-0.642032,-0.0013008355,-0.34546164,0.34472728,-0.07713559,-0.1312824,0.09043874,-0.43201557,-0.18440734,-0.599631,-0.0975921,-0.088154845,0.033343054,-0.0898824,-0.090363905,-0.05251986,-0.044398643,-0.26874393,-0.025028989,0.012472258,0.26435313,0.16182181,0.076833166,0.12566179,0.047964215,-0.48092636,0.3770089,0.26755083,0.18276972,0.13144426,0.55792904,0.18621646,-0.21091835,0.22251932,0.21953481,0.8053084,0.25036392,-0.63245916,-0.76712936,0.26290286,0.030881457,0.2707247,0.6276022,0.33852977,0.114523515,0.046988524,0.60616034,-0.029659262,0.052095823,-0.49575168,-0.2175846,-0.54018354,-0.6299759,0.22873224,-0.0733093,-0.121452644,0.07325953,-0.54066044,-0.17039764
0.42091572,0.6521615,0.649595,0.32876658,-0.07288739,0.66194034,0.64463365,0.64524025,0.66526717,0.56445706,0.48782182,0.3751291,0.6477473,0.8039605,0.82444656,0.69794583,0.39401245,0.65175104,0.80754447,0.5049882,0.8093039,-0.30302748,0.8381038,0.33587646,0.49592876,0.6732185,0.18259874,-0.20596565,0.121029854,0.88370746,0.37905294,0.18242007,0.29523897,0.4378541,-0.2547175,-0.6375406,-0.73033595,0.54030526,0.2628073,0.60683775,-0.6980938,-0.25998172,-0.28634676,-0.7363738,-0.5012244,-0.5220136,-0.56770444,-0.48902476,-0.41320542,-0.664279,0.35428184,0.5990441,0.6588393,-0.2891262,0.55910736,0.64588624,0.6462344,0.61945164,0.3877412,0.012432512,0.5697735,0.7201822,0.8172544,0.7975227,0.8084172,0.82802546,0.33952734,0.7032738,0.5376905,0.5510808,0.7902017,-0.45079783,0.834973,0.67521715,0.5170128,0.6572269,0.31488678,0.85509646,0.25869823,0.06406547,0.26879442,-0.80028,-0.6821592,0.4105889,0.7218345,-0.70537174,-0.8109859,-0.45150155,-0.7477944,-0.5908516,-0.4467154,0.5551687,0.4561572,-0.056227937,-0.12548277,-0.8196861,-0.65420616,-0.72900087,-0.50429755,-0.7533201
0.7410709,0.41737527,0.41060573,-0.37589353,-0.45218968,0.52266675,0.47777832,0.45510685,0.5063038,0.668431,0.5109335,0.5148035,0.10041804,0.40923053,0.4543258,0.5330394,0.06326638,0.3740157,0.41541648,0.09962372,0.46591634,-0.60025394,0.29418644,0.27855408,0.90367466,0.4895048,-0.662007,-0.8328497,-0.60038805,0.37905294,0.9568929,0.72502613,0.5221114,-0.09060476,-0.7904258,-0.49312776,-0.6692629,0.5819138,0.50751275,0.8271316,-0.459857,0.30206248,-0.4582965,-0.2681638,-0.8418376,-0.5108787,-0.48871213,-0.6035663,-0.08656193,-0.44048977,0.8066212,0.49178547,0.60190165,-0.45633364,0.4652409,0.46076527,0.46709967,0.46442476,0.6474571,0.2652714,0.49844646,0.13664058,0.33590066,0.47569853,0.44976324,0.47891957,0.7106932,0.077891186,0.32576954,0.2967763,0.47346696,-0.5949449,0.3971138,0.76536036,0.34844863,0.37108546,-0.305217,0.3421397,0.91903096,0.765537,0.25485373,-0.40108865,-0.51446354,-0.10235395,0.31830385,-0.5141665,-0.53457105,-0.84774244,-0.43338877,-0.12221978,0.19341634,0.47489414,0.84916794,0.7326069,-0.032476682,-0.4845495,-0.43056235,-0.48776555,0.18120739,-0.41472507
0.81588197,0.1260339,0.121281944,-0.50981987,-0.48094875,0.36454222,0.15666609,0.12449475,0.1908519,0.18393856,0.020527394,0.010336875,-0.26249877,0.117669545,0.15524945,0.19726104,-0.4526345,0.031726576,0.05776074,0.17460115,0.08684607,-0.37336203,0.018507758,-0.2540564,0.5616345,0.002450572,-0.49402744,-0.6401286,-0.6839936,0.18242007,0.72502613,0.93565005,0.3171297,-0.4394269,-0.5482472,0.0036162073,-0.27509522,0.5244981,0.64195323,0.4946829,-0.0040124077,0.46995366,-0.27796614,0.12424871,-0.54644763,-0.014819158,-0.0133855855,-0.10779984,0.40003857,0.03677328,0.85771275,0.2030071,0.20731002,-0.02208054,0.1840534,0.31110406,0.1712603,0.14447133,0.18760748,-0.1936067,-0.014115174,-0.13992783,0.02809814,0.108467884,0.05828087,0.15884715,0.6866629,-0.27120402,-0.18936628,-0.04807166,0.063270554,-0.67392707,0.021395236,0.38337582,-0.19369176,-0.13927667,-0.5941104,0.02112484,0.68579143,0.8737403,-0.25982675,-0.17116404,-0.4129827,-0.51232266,-0.1128099,-0.15452167,-0.18767056,-0.62705934,-0.038464345,-0.18514952,0.52450013,0.2926448,0.68657315,0.5319808,-0.40002948,-0.14994417,0.0508622,-0.116566606,0.49701858,0.030294422
0.4922098,0.46238872,0.49506986,-0.08258645,-0.06528156,0.48819202,0.5158898,0.50623095,0.49327576,0.44342464,0.3124606,0.34194434,0.16184522,0.34140712,0.40507185,0.54611343,0.22259378,0.489972,0.3825043,0.26979244,0.44832224,-0.4589513,0.29908264,0.3095432,0.56001425,0.37233463,-0.35496294,-0.43396473,-0.06772594,0.29523897,0.5221114,0.3171297,0.70144457,0.19783694,-0.47276825,-0.49542156,-0.48417422,0.30797517,0.1359098,0.5205523,-0.5275433,-0.21993718,-0.5347529,-0.42306012,-0.62431264,-0.5526579,-0.56862605,-0.46249843,-0.20222203,-0.503453,0.49294883,0.5028433,0.56470335,-0.32518706,0.5068592,0.48181817,0.4836901,0.49847424,0.3691471,0.14800249,0.40375578,0.21287476,0.36138448,0.4217363,0.45173407,0.41844982,0.551138,0.21071696,0.46516764,0.51025414,0.49531382,-0.12342461,0.4308918,0.6143773,0.410502,0.36242884,0.12897259,0.363064,0.49170953,0.30677223,0.40601218,-0.19289693,-0.13112295,0.29390633,0.47931734,-0.23156619,-0.37797746,-0.40080023,-0.23215276,0.07772424,0.06203547,0.052467242,0.5006621,0.29844534,0.0695084,-0.48976022,-0.40005,-0.2327384,0.095951036,-0.43186963
-0.08387607,0.6126143,0.6166924,0.626668,0.4414968,0.43692067,0.58920866,0.6184803,0.5612473,0.37913996,0.40120196,0.34649706,0.72455096,0.6001859,0.5733885,0.5991012,0.67134994,0.6946541,0.6538142,0.38130355,0.6343994,-0.10080336,0.63747203,0.47217947,0.11031589,0.5269716,0.29899675,0.09617122,0.4574142,0.4378541,-0.09060476,-0.4394269,0.19783694,0.8491419,0.09538339,-0.5964416,-0.4822206,0.07066931,-0.21593815,0.21528131,-0.63727367,-0.71865106,-0.19796318,-0.7427252,-0.14832474,-0.5440339,-0.5633458,-0.40886253,-0.58578134,-0.6366575,-0.1568565,0.5601477,0.5748368,-0.19716357,0.53551006,0.46929875,0.5856858,0.5848149,0.23875234,0.1509249,0.5053673,0.6881802,0.65182817,0.5601335,0.63069725,0.5555135,0.0018747435,0.7408675,0.67686963,0.72595894,0.633809,0.13879456,0.66831607,0.3775818,0.59748375,0.60020334,0.5846431,0.57337725,-0.15925041,-0.48268622,0.4908238,-0.44592726,-0.13828573,0.74767506,0.6823901,-0.40867686,-0.5458429,-0.046174295,-0.5241654,-0.21792391,-0.5897075,0.021220483,-0.02430603,-0.35614967,0.14238422,-0.6171684,-0.6305597,-0.47972393,-0.5620123,-0.68090284
-0.5151418,-0.24755242,-0.2392658,0.45642018,0.49774832,-0.3005375,-0.33692673,-0.31499523,-0.35624933,-0.6749723,-0.5704758,-0.60997087,-0.05294925,-0.29427034,-0.36022168,-0.38978434,-0.1900363,-0.25107375,-0.34157228,0.12994635,-0.41094786,0.6699506,-0.17238815,-0.43115562,-0.80567867,-0.504931,0.6828484,0.74418706,0.4532067,-0.2547175,-0.7904258,-0.5482472,-0.47276825,0.09538339,0.8740955,0.5126963,0.576668,-0.3550239,-0.2547373,-0.6912702,0.4505369,-0.27888602,0.48654646,0.22204646,0.75282073,0.5631108,0.53524476,0.6477208,0.20746812,0.45769125,-0.6057701,-0.31826088,-0.50688434,0.60433316,-0.29611832,-0.23614828,-0.3061648,-0.31740165,-0.69621027,-0.46615863,-0.5592056,-0.051030885,-0.24233004,-0.44816607,-0.41771132,-0.41250026,-0.52476597,-0.049279466,-0.39651117,-0.19703388,-0.45554549,0.35772288,-0.3271609,-0.66954505,-0.44537613,-0.4231251,0.16340664,-0.2930553,-0.8042223,-0.63480127,-0.4056269,0.24368751,0.3190485,0.023910632,-0.31678244,0.45034033,0.41862518,0.70020854,0.37559438,-0.10306131,-0.1646702,-0.4070543,-0.7159884,-0.7558143,-0.18189873,0.36436027,0.4337778,0.40548754,-0.14326158,0.38257045
-0.24117276,-0.65152204,-0.6488192,-0.22542858,0.047902465,-0.5368949,-0.6992315,-0.706136,-0.6962992,-0.862501,-0.81944597,-0.8071854,-0.6776445,-0.7163447,-0.74561197,-0.7530358,-0.7811762,-0.72661424,-0.80648667,-0.16509752,-0.84606,0.53954214,-0.69591415,-0.8174696,-0.68710756,-0.9038516,0.20540679,0.40405148,-0.117793925,-0.6375406,-0.49312776,0.0036162073,-0.49542156,-0.5964416,0.5126963,0.96337116,0.847256,-0.32196173,0.040669348,-0.7068914,0.9417143,0.34990242,0.50603056,0.8360114,0.69158256,0.9257691,0.92474353,0.88759685,0.7845736,0.9535057,-0.24543059,-0.64678776,-0.83193254,0.70990384,-0.6154641,-0.506552,-0.6675836,-0.6767609,-0.773659,-0.56842124,-0.8982898,-0.62372506,-0.73410165,-0.8319154,-0.8618115,-0.78272736,-0.29511124,-0.69433343,-0.91263545,-0.70682764,-0.89517784,0.13222773,-0.8379543,-0.82167447,-0.91059625,-0.9173306,-0.47113913,-0.7801844,-0.4507476,-0.025084997,-0.7930716,0.6093055,0.42237145,-0.66538167,-0.8778739,0.74965316,0.795058,0.5273129,0.7934513,0.13269746,0.50577754,-0.46712476,-0.4878854,-0.27674696,-0.37641713,0.80646586,0.9159448,0.7671304,0.5273538,0.9126025
