0,1,2,3,4,5,6,7,8,9,10,11,12,13,14,15,16,17,18,19,20,21,22,23,24,25,26,27,28,29,30,31,32,33,34,35,36,37,38,39,40,41,42,43,44,45,46,47,48,49,50,51,52,53,54,55,56,57,58,59,60,61,62,63,64,65,66,67,68,69,70,71,72,73,74,75,76,77,78,79,80,81,82,83,84,85,86,87,88,89,90,91,92,93,94,95,96,97,98,99
0.8689187,0.71591043,0.045718126,0.5826744,0.6439543,0.6844959,0.70798194,0.6365856,0.83033824,0.6994171,0.49300686,0.6522871,-0.78410935,-0.65105,-0.7055485,0.5544222,-0.6658361,-0.11242431,-0.13491611,-0.6523377,-0.13279825,-0.7290468,-0.48271644,0.2533704,0.6598572,0.74649954,-0.7540158,-0.7840985,-0.62723464,-0.57676303,-0.50445855,0.3644394,-0.107035376,-0.6671218,-0.6603706,-0.45054555,-0.58945096,0.30555367,0.5908628,0.5654608,-0.36553353,-0.18834415,-0.6056162,-0.58778673,-0.5833605,-0.6924207,-0.68125594,-0.78587306,-0.49965513,-0.63435686,-0.14917181,0.6786922,0.5762665,0.59257823,0.68706095,0.65174174,0.66020036,0.6558827,0.23912108,0.4586822,0.40461564,-0.7135967,-0.7117233,-0.6097899,-0.21887788,-0.53144556,0.3231017,-0.5144876,-0.53037876,-0.42157006,-0.20480582,-0.6842843,-0.63746464,0.1145167,-0.55054903,-0.18387091,-0.6841156,-0.49924207,0.18691942,-0.24427646,-0.37319028,-0.63620335,-0.48720056,-0.24386078,-0.23298559,0.09127879,-0.704842,-0.70199496,-0.6826216,-0.24013144,-0.06914446,0.081677236,-0.064963154,-0.4606174,0.10264864,-0.10850432,-0.025548361,-0.6931111,-0.53364193,-0.6576655
0.71591043,0.9394959,0.43631423,0.9001583,0.9174533,0.5235214,0.92466724,0.9241465,0.7528804,0.6984588,0.2509609,0.5136831,-0.7049005,-0.80653584,-0.6407429,0.78674346,-0.51661885,-0.007005235,0.0638805,-0.6163608,-0.17689598,-0.5974819,-0.36815816,0.23960483,0.5590606,0.7603298,-0.66629195,-0.6140988,-0.50933933,-0.55174017,-0.7835707,0.49287903,-0.0868355,-0.483787,-0.48014402,-0.60114175,-0.5672865,0.6280426,0.7043339,0.66646457,-0.42393148,0.023860916,-0.42723066,-0.62149215,-0.43527848,-0.67384833,-0.7411249,-0.7433522,-0.66586006,-0.6161854,-0.49418724,0.5944646,0.4303783,0.90188515,0.81815857,0.52726495,0.8840188,0.90772367,-0.0689713,0.35893047,0.15812202,-0.54558057,-0.56404257,-0.62516165,-0.25791085,-0.7268164,0.106445424,-0.28282332,-0.42783973,-0.41533065,-0.35188594,-0.68890893,-0.77873254,-0.17494994,-0.56664693,0.039009623,-0.5559204,-0.38119453,-0.18346699,-0.5764317,-0.18577752,-0.61167383,-0.56857085,-0.10104963,-0.14594528,0.38259003,-0.6417787,-0.54416883,-0.6874051,-0.37670562,-0.40094078,-0.27908313,-0.40974796,-0.61487204,0.10714842,-0.2837689,0.13429962,-0.62323725,-0.6859618,-0.6379863
0.045718126,0.43631423,0.89883685,0.5583588,0.4948274,-0.060991965,0.44433194,0.51744294,0.07522188,0.04657296,-0.35803318,-0.27204952,-0.0023643244,-0.2718758,0.14424935,0.47082242,0.1092757,0.12644824,0.25137907,-0.042742584,-0.11522421,-0.006893152,0.1533411,-0.339201,-0.14075816,0.036185734,-0.050519664,0.1263492,0.17843042,0.11426593,-0.535012,0.47029805,0.0989688,0.19375521,0.09159207,-0.31096384,0.03757835,0.5508288,0.33807087,0.19345039,-0.12757537,0.3032088,0.1548713,-0.13127884,0.1865288,-0.05990587,-0.20263278,0.023503657,-0.26038092,0.062138766,-0.62780106,-0.010784473,-0.17499045,0.5469879,0.3492501,0.04461248,0.44788712,0.49628446,-0.5977844,-0.21124649,-0.53590596,0.18402189,0.10692087,-0.00037076138,0.03574064,-0.34857914,-0.34868634,0.3602389,0.04769367,-0.07314099,-0.22667241,-0.19933319,-0.31931782,-0.5130568,-0.21392892,0.2630365,0.11348583,0.22157618,-0.6254767,-0.60124105,0.058303744,-0.086323775,-0.17747524,0.13352168,0.01788258,0.48235825,0.035296075,0.12060708,-0.036395583,-0.3266664,-0.5622378,-0.6186496,-0.57104003,-0.3638562,-0.115597695,-0.3428353,0.26639938,0.092453875,-0.268577,0.06464795
0.5826744,0.9001583,0.5583588,0.9755617,0.9549091,0.38052392,0.90458745,0.9645323,0.6227118,0.5834291,0.07288134,0.33986473,-0.62297916,-0.80593264,-0.55160046,0.7724061,-0.40832567,-0.023768697,0.11346732,-0.57940567,-0.2180233,-0.48503304,-0.2908954,0.10626769,0.4347446,0.66594934,-0.5540224,-0.47203332,-0.4355297,-0.49052548,-0.85631996,0.5269643,-0.07037137,-0.39748347,-0.34943613,-0.6418433,-0.51803553,0.67405283,0.6345775,0.58583546,-0.46763158,0.11327681,-0.29529,-0.5744051,-0.32912242,-0.60011804,-0.716503,-0.6515041,-0.67976636,-0.5516486,-0.62566394,0.44898716,0.2752789,0.96379507,0.74417436,0.3940316,0.8513876,0.89577806,-0.25014704,0.19754276,-0.034482744,-0.4369837,-0.48273134,-0.58230615,-0.2797337,-0.7596991,-0.06345476,-0.17387842,-0.36930007,-0.42291868,-0.4251588,-0.6337699,-0.785617,-0.3330034,-0.56075245,0.13197708,-0.48197785,-0.2848847,-0.34985393,-0.67651176,-0.16211571,-0.5935813,-0.5333778,-0.025987465,-0.085262544,0.45721114,-0.5663681,-0.40616035,-0.65182054,-0.47660008,-0.52741075,-0.43083176,-0.5665438,-0.6125176,0.07488495,-0.35611153,0.17738885,-0.53286016,-0.7028892,-0.5743563
0.6439543,0.9174533,0.4948274,0.9549091,0.9698261,0.49069524,0.91405064,0.96143335,0.7124374,0.60508966,0.1959278,0.42387164,-0.67453086,-0.8192312,-0.6007558,0.7458572,-0.49407664,0.011317523,0.057413004,-0.58692074,-0.1867262,-0.5877975,-0.390531,0.1455682,0.45170662,0.6910759,-0.65223587,-0.57328945,-0.47493428,-0.54402995,-0.84073794,0.49614045,-0.15923664,-0.44581997,-0.4665274,-0.5861162,-0.5324013,0.5956099,0.63084203,0.5772155,-0.4328401,0.0094238585,-0.4089201,-0.639346,-0.4123459,-0.66940904,-0.73716176,-0.70550287,-0.64588,-0.5713863,-0.5326779,0.5470123,0.38730884,0.9561853,0.8025453,0.50375634,0.877153,0.9176148,-0.12759541,0.29605013,0.07388763,-0.5087303,-0.5356446,-0.58999753,-0.2484979,-0.72308165,0.058259174,-0.25440615,-0.4094481,-0.4026959,-0.35739708,-0.70548046,-0.8070054,-0.21476027,-0.5896028,0.020243352,-0.5282611,-0.38806444,-0.23862699,-0.59129715,-0.190546,-0.59735614,-0.6015091,-0.13603139,-0.18323511,0.359371,-0.6017114,-0.51793563,-0.6601778,-0.41029185,-0.42142123,-0.31593335,-0.47172052,-0.643754,0.024870422,-0.37490362,0.09583901,-0.60771215,-0.6739772,-0.60079175
0.6844959,0.5235214,-0.060991965,0.38052392,0.49069524,0.94734985,0.4709152,0.4491021,0.86697966,0.3673272,0.73161507,0.5945668,-0.63265944,-0.46091497,-0.5260133,0.17472371,-0.7792234,0.09691997,-0.37715,-0.37076372,-0.036925554,-0.89910567,-0.7341069,0.09405862,0.28761086,0.42785996,-0.8694438,-0.8430791,-0.40880764,-0.46985337,-0.32829964,0.16392963,-0.53468955,-0.51436454,-0.9024792,0.01297957,-0.26011965,-0.14443979,0.2757069,0.18441968,-0.015788604,-0.5288358,-0.8348586,-0.6011462,-0.57308996,-0.65702343,-0.45853114,-0.6108906,-0.07473603,-0.3166446,0.20244606,0.75423586,0.74304616,0.41306674,0.69803774,0.8963784,0.5208546,0.53920823,0.53781474,0.6034692,0.52318406,-0.674384,-0.5958835,-0.31213695,0.020355202,-0.16690964,0.6334491,-0.5936484,-0.5029479,-0.15066779,0.1250987,-0.7568737,-0.5224482,0.48296398,-0.5232664,-0.64047885,-0.5355654,-0.7223673,0.46613574,0.1714983,-0.38466585,-0.3301142,-0.6209154,-0.6876575,-0.6680709,-0.39777154,-0.43770197,-0.8664358,-0.3424562,0.09086488,0.35531908,0.46212965,0.25030065,-0.4622516,-0.31743738,-0.245237,-0.34870505,-0.661514,-0.12545793,-0.36424518
0.70798194,0.92466724,0.44433194,0.90458745,0.91405064,0.4709152,0.9633302,0.92930233,0.73658586,0.71675676,0.19187298,0.49285966,-0.7243743,-0.8157496,-0.6617701,0.8207215,-0.4654391,0.019521795,0.1599873,-0.64646995,-0.12942976,-0.5836503,-0.3515817,0.21446446,0.57611126,0.76761377,-0.66145384,-0.61459726,-0.5704786,-0.6043106,-0.8162991,0.48218864,-0.061606437,-0.49895218,-0.45941487,-0.6351673,-0.6505625,0.66230404,0.7229581,0.6841725,-0.51027304,0.026107056,-0.41199315,-0.6517093,-0.47419643,-0.7127316,-0.80410814,-0.7738431,-0.6992905,-0.680555,-0.550877,0.57805264,0.3959858,0.9052406,0.79857147,0.4889915,0.8939859,0.9039955,-0.12778333,0.29733586,0.119095966,-0.5412626,-0.57017565,-0.6326474,-0.23757315,-0.77542925,0.045223594,-0.22948709,-0.37917805,-0.40396452,-0.37711835,-0.7018096,-0.77636486,-0.23775527,-0.5393692,0.06461801,-0.58118355,-0.37155008,-0.22647044,-0.6361846,-0.17409293,-0.6738559,-0.57406676,-0.07932852,-0.12415514,0.41919583,-0.71096945,-0.5349909,-0.7346019,-0.47110382,-0.47416848,-0.34307694,-0.48395038,-0.67053103,0.10791165,-0.32489783,0.11149131,-0.65948474,-0.705667,-0.6966491
0.6365856,0.9241465,0.51744294,0.9645323,0.96143335,0.4491021,0.92930233,0.97683537,0.68904126,0.61998826,0.14381868,0.40492046,-0.6723525,-0.8228605,-0.60159373,0.77944815,-0.45436114,0.008773983,0.112079754,-0.60228467,-0.18004572,-0.5552869,-0.35487288,0.14006095,0.46733063,0.7019292,-0.6269281,-0.54814965,-0.48448893,-0.5503348,-0.8559397,0.51879925,-0.11101709,-0.443751,-0.42825562,-0.6227965,-0.5621183,0.6465373,0.6531192,0.60192096,-0.47684652,0.05081799,-0.37115628,-0.63152003,-0.40182388,-0.6660848,-0.7570451,-0.7065035,-0.6751935,-0.5953792,-0.57826006,0.5193651,0.35169578,0.96155614,0.78836477,0.46278676,0.882015,0.91819793,-0.18176058,0.252213,0.035190534,-0.49318415,-0.528054,-0.59468627,-0.2540226,-0.7568457,0.007581088,-0.21630254,-0.3844447,-0.41017383,-0.3903957,-0.68968165,-0.7995186,-0.26954433,-0.5735816,0.06814338,-0.52523667,-0.3527371,-0.28229553,-0.63613874,-0.17199664,-0.62305707,-0.5895674,-0.091928706,-0.13947342,0.40939888,-0.62095404,-0.48583192,-0.6807549,-0.46001172,-0.48010466,-0.37324995,-0.52731884,-0.6538162,0.051137626,-0.37269387,0.12146413,-0.6011111,-0.69596815,-0.6206145
0.83033824,0.7528804,0.07522188,0.6227118,0.7124374,0.86697966,0.73658586,0.68904126,0.98240465,0.625592,0.6682117,0.72409153,-0.7679199,-0.6615494,-0.6991479,0.47790444,-0.7282491,0.1399202,-0.13722256,-0.53565884,0.017379936,-0.9080699,-0.6930523,0.26361358,0.5126428,0.67430615,-0.9445522,-0.9248322,-0.5953048,-0.66714036,-0.554384,0.24834925,-0.40387404,-0.60537493,-0.8764769,-0.25100654,-0.53877753,0.17158365,0.53350556,0.4636309,-0.2569691,-0.4238034,-0.82679665,-0.75793636,-0.7037038,-0.8360303,-0.70378566,-0.809811,-0.36767167,-0.5857064,-0.044323202,0.8326031,0.7548435,0.64496136,0.8418594,0.8638113,0.7520466,0.7534754,0.4037587,0.6168278,0.52656376,-0.7238054,-0.66614187,-0.47939426,-0.0340606,-0.4247722,0.53464496,-0.5060042,-0.4647357,-0.2246382,-0.011207033,-0.8497531,-0.66951764,0.3092423,-0.5367273,-0.44013846,-0.65056527,-0.71234435,0.28364354,-0.118941024,-0.27113056,-0.5287097,-0.7197505,-0.52294993,-0.5236452,-0.11357121,-0.6821314,-0.9048403,-0.5811397,-0.09502948,0.072884,0.22000206,0.021596206,-0.6420796,-0.15775348,-0.31028956,-0.24632677,-0.810935,-0.39164963,-0.6192369
0.6994171,0.6984588,0.04657296,0.5834291,0.60508966,0.3673272,0.71675676,0.61998826,0.625592,0.8975776,0.30665445,0.68952435,-0.6216748,-0.6057878,-0.6325767,0.7242975,-0.406954,-0.10463097,0.07154323,-0.55421734,-0.07091531,-0.41114795,-0.19232069,0.5335958,0.80886626,0.81484187,-0.48799542,-0.5571164,-0.5706837,-0.49340487,-0.4534484,0.26584738,0.18751028,-0.4865174,-0.3365234,-0.5482322,-0.59686935,0.5807946,0.722234,0.80918777,-0.32312882,0.0905625,-0.314075,-0.40250635,-0.39157,-0.51661843,-0.5897851,-0.69287455,-0.6112654,-0.6588154,-0.30484337,0.5068929,0.39119536,0.5827699,0.5520705,0.35363835,0.6251867,0.60440797,0.11796582,0.45606676,0.4021892,-0.49380574,-0.49969482,-0.6306498,-0.25948015,-0.59238666,0.16872711,-0.28324288,-0.34990656,-0.37183726,-0.26683083,-0.4385612,-0.5276511,-0.04259859,-0.28800422,0.16798195,-0.51086515,-0.27294225,-0.027177952,-0.45096654,-0.08565987,-0.5271214,-0.31233191,0.0944635,0.10108949,0.41098577,-0.64772594,-0.43276656,-0.65256095,-0.22127058,-0.29976386,-0.17221971,-0.1639545,-0.36019012,0.4067126,0.08353336,0.24174476,-0.5341804,-0.5915255,-0.65007865
0.49300686,0.2509609,-0.35803318,0.07288134,0.1959278,0.73161507,0.19187298,0.14381868,0.6682117,0.30665445,0.9059645,0.69089824,-0.3379411,-0.15678933,-0.35484707,-0.021882256,-0.52341366,0.24419338,-0.28914672,-0.063607596,0.23434103,-0.64164865,-0.5572609,0.40615016,0.25600782,0.31030443,-0.6591433,-0.67768645,-0.27253225,-0.35505962,0.016956493,-0.15706836,-0.43153828,-0.2964698,-0.74887496,0.2725392,-0.13257086,-0.3187837,0.1507213,0.13239893,0.21993102,-0.5875008,-0.78033,-0.4370842,-0.5270439,-0.46670014,-0.1798552,-0.38929275,0.09923859,-0.20337465,0.49704355,0.6766441,0.7809714,0.10696876,0.47656375,0.73499954,0.2698891,0.26121014,0.82781494,0.74960005,0.7900355,-0.43857527,-0.30388498,-0.07805421,0.21821682,0.16383031,0.82075965,-0.44681132,-0.21051612,0.13720587,0.43183973,-0.45506483,-0.17910752,0.7804565,-0.1311365,-0.59843177,-0.28968006,-0.60655177,0.6095569,0.42925364,-0.027085835,-0.022890508,-0.49449015,-0.6231991,-0.572711,-0.49415904,-0.2715991,-0.74084723,-0.10764618,0.443341,0.576803,0.64821273,0.56921816,-0.2431128,-0.22878319,-0.07801216,-0.4002481,-0.4989013,0.09185285,-0.2310003
0.6522871,0.5136831,-0.27204952,0.33986473,0.42387164,0.5945668,0.49285966,0.40492046,0.72409153,0.68952435,0.69089824,0.8933762,-0.54861784,-0.42645854,-0.60611886,0.3765628,-0.51353997,0.08398902,-0.09526804,-0.3598454,0.12160741,-0.57887566,-0.44452387,0.6468782,0.6464368,0.6664349,-0.63620216,-0.71804917,-0.5296128,-0.54265344,-0.21469367,-0.056596488,-0.15009977,-0.46261978,-0.5976168,-0.13672775,-0.46204102,0.12411538,0.4590224,0.5370254,-0.074784,-0.29021624,-0.6058369,-0.4736315,-0.55145353,-0.5751735,-0.45222977,-0.65847206,-0.28962,-0.5412315,0.12982838,0.66276526,0.6754774,0.3586191,0.5452707,0.57204294,0.48348802,0.45899183,0.58796006,0.7311964,0.7701874,-0.5384786,-0.46034223,-0.4348522,-0.0432638,-0.24335006,0.5754132,-0.42108798,-0.29836857,-0.12227795,0.09494912,-0.48841465,-0.38169414,0.4433983,-0.16000213,-0.23158604,-0.47198698,-0.5346173,0.36495382,0.002378686,-0.013439434,-0.31738588,-0.4390455,-0.28141713,-0.23328356,-0.058216095,-0.5541683,-0.67584825,-0.4609918,0.13662684,0.16073722,0.2803213,0.24449876,-0.33249912,0.15302089,0.035259567,-0.10991392,-0.64123976,-0.27799794,-0.55454475
-0.78410935,-0.7049005,-0.0023643244,-0.62297916,-0.67453086,-0.63265944,-0.7243743,-0.6723525,-0.7679199,-0.6216748,-0.3379411,-0.54861784,0.93349975,0.78492767,0.85548633,-0.49925712,0.75405204,0.27430433,0.20727769,0.8377849,0.3397768,0.7234901,0.5707268,-0.13090567,-0.6375443,-0.76520085,0.710392,0.7714597,0.7269511,0.68422997,0.60745245,-0.39529374,0.21460852,0.7967367,0.59784216,0.5620991,0.65848744,-0.30556172,-0.44930005,-0.4670105,0.5221242,0.14288282,0.54459465,0.5886726,0.5648011,0.70777094,0.7588808,0.88073575,0.56509227,0.71666515,0.23773131,-0.57951367,-0.45858553,-0.6247478,-0.62197,-0.53879756,-0.6348995,-0.6422371,-0.10798803,-0.30995047,-0.275738,0.8607975,0.8783855,0.7833974,0.4554273,0.69983923,-0.16201502,0.6731148,0.68656707,0.60013324,0.45341548,0.7159305,0.7485455,0.06340815,0.70434535,0.19070983,0.8284545,0.58891714,-0.17082882,0.2937678,0.56600475,0.7970334,0.48108304,0.22543865,0.20820992,-0.06756334,0.76385546,0.66284645,0.8237554,0.4510554,0.15451527,-0.03689388,0.24554804,0.4537273,-0.09544532,0.13694748,0.0368231,0.7690442,0.6065874,0.7549289
-0.65105,-0.80653584,-0.2718758,-0.80593264,-0.8192312,-0.46091497,-0.8157496,-0.8228605,-0.6615494,-0.6057878,-0.15678933,-0.42645854,0.78492767,0.9006119,0.7478219,-0.64786583,0.60031986,0.24120128,0.10507304,0.7585261,0.35648766,0.5799942,0.45004535,-0.099752285,-0.5371815,-0.74055445,0.60605925,0.5928072,0.61593723,0.6101567,0.79408306,-0.49073952,0.15618955,0.6194051,0.42756337,0.6841697,0.5985501,-0.5351478,-0.52473795,-0.52956235,0.5321237,-0.032245874,0.38151443,0.59043634,0.42248905,0.6480918,0.7587862,0.784626,0.6898515,0.6546258,0.52152014,-0.4457921,-0.3032021,-0.7998696,-0.6584399,-0.412928,-0.720694,-0.7605989,0.12458527,-0.24763504,-0.07472019,0.65340096,0.70580065,0.7616837,0.45984477,0.7948673,0.032418188,0.46122742,0.5862037,0.60156685,0.5233286,0.69124126,0.853739,0.27461734,0.6845614,-0.035831217,0.69747937,0.4493587,0.17148432,0.55913246,0.3949834,0.7305826,0.5362596,0.0850447,0.11635099,-0.3148839,0.6706865,0.4995257,0.7953974,0.51878226,0.4175106,0.2706611,0.4791417,0.52916265,-0.11142119,0.27547216,-0.10618757,0.6700932,0.7312454,0.6908963
-0.7055485,-0.6407429,0.14424935,-0.55160046,-0.6007558,-0.5260133,-0.6617701,-0.60159373,-0.6991479,-0.6325767,-0.35484707,-0.60611886,0.85548633,0.7478219,0.9080873,-0.4676587,0.65418756,0.21510786,0.122733176,0.78236246,0.21376057,0.63237256,0.5335129,-0.3108318,-0.66238153,-0.7888329,0.64705706,0.7309142,0.7740426,0.75205433,0.5470344,-0.24732725,0.206489,0.75547695,0.5336083,0.5377219,0.7348311,-0.2599162,-0.39373004,-0.46670634,0.5310601,0.18018398,0.5258911,0.6012696,0.61833996,0.7083132,0.7368853,0.88075197,0.5966091,0.79942846,0.17784408,-0.5544125,-0.47005266,-0.5545366,-0.5443373,-0.4441371,-0.5763438,-0.5639082,-0.18308875,-0.3300766,-0.37562656,0.8075952,0.80086195,0.77381676,0.4257434,0.66304886,-0.18614367,0.632962,0.5663461,0.5278902,0.3877134,0.6351035,0.6674365,0.0048811533,0.5740223,0.15322162,0.79978895,0.58677363,-0.21417844,0.25920147,0.42839724,0.77251935,0.4736837,0.18836798,0.14793326,-0.061923385,0.8049201,0.62573344,0.8444406,0.40740392,0.13054599,-0.063561946,0.20649198,0.40859058,-0.15229745,0.14085163,0.103822894,0.79515654,0.6154909,0.8346182
0.5544222,0.78674346,0.47082242,0.7724061,0.7458572,0.17472371,0.8207215,0.77944815,0.47790444,0.7242975,-0.021882256,0.3765628,-0.49925712,-0.64786583,-0.4676587,0.90187657,-0.2006655,-0.054713324,0.27382636,-0.51123834,-0.12453088,-0.25628537,-0.014143125,0.27537292,0.6006032,0.69602907,-0.35462767,-0.32873335,-0.4037368,-0.368631,-0.6637722,0.4772246,0.27321443,-0.3051552,-0.13237226,-0.699352,-0.5395074,0.8292351,0.77686733,0.7791654,-0.43068233,0.29504156,-0.0998578,-0.38365722,-0.22727944,-0.4368975,-0.60584843,-0.55762,-0.7200015,-0.5669982,-0.63254046,0.34440243,0.15577564,0.7597481,0.5768584,0.20080467,0.73152894,0.73270917,-0.2906646,0.1687352,-0.0064031435,-0.29150635,-0.35548866,-0.5563692,-0.24826339,-0.72525823,-0.13985327,-0.014388152,-0.22584438,-0.3705476,-0.40789676,-0.3985993,-0.58587384,-0.3920563,-0.33189243,0.37466526,-0.37046725,-0.052732926,-0.41201946,-0.7504534,-0.011205187,-0.5203027,-0.30344784,0.25524443,0.1925917,0.6683781,-0.5505295,-0.21847665,-0.6109165,-0.42883274,-0.6212715,-0.5343462,-0.5045566,-0.45070386,0.33916456,-0.108425684,0.3782814,-0.37194818,-0.7029688,-0.55166173
-0.6658361,-0.51661885,0.1092757,-0.40832567,-0.49407664,-0.7792234,-0.4654391,-0.45436114,-0.7282491,-0.406954,-0.52341366,-0.51353997,0.75405204,0.60031986,0.65418756,-0.2006655,0.92305815,0.34688932,0.5836257,0.622396,0.45031872,0.7595433,0.6488446,-0.053505786,-0.43211645,-0.5459274,0.6791905,0.72444475,0.48354557,0.44553524,0.3642155,-0.2732535,0.34947863,0.68273354,0.67379075,0.26202595,0.2784465,-0.0019243159,-0.2243984,-0.2290143,0.15668441,0.21795823,0.5798211,0.4061946,0.37783703,0.51484114,0.47541964,0.6620243,0.2254245,0.36819974,-0.034101926,-0.5355021,-0.5191723,-0.4214668,-0.54583323,-0.6480931,-0.42019558,-0.46830052,-0.33862257,-0.46527484,-0.3682618,0.7908721,0.77793235,0.6087817,0.42832345,0.39108166,-0.36248446,0.80360997,0.7984802,0.5508983,0.28009248,0.6353268,0.6470321,-0.20261154,0.68355966,0.37072012,0.66821843,0.62948114,-0.34741303,-0.023447163,0.62128973,0.50435907,0.41153923,0.3976499,0.35627615,0.21621495,0.44129646,0.6595603,0.52833813,0.11605229,-0.17732848,-0.31425923,-0.06148853,0.2610979,0.024360761,-0.01479418,0.055612646,0.6007558,0.3185535,0.43115824
-0.11242431,-0.007005235,0.12644824,-0.023768697,0.011317523,0.09691997,0.019521795,0.008773983,0.1399202,-0.10463097,0.24419338,0.08398902,0.27430433,0.24120128,0.21510786,-0.054713324,0.34688932,0.9182599,0.52750504,0.4737149,0.7712772,-0.088435054,-0.08231193,0.14945418,-0.3019735,-0.212448,-0.22610185,-0.10083504,0.13034248,-0.10848929,0.023828108,-0.30759972,-0.3009635,0.37543613,-0.24926569,0.46880943,-0.021725342,-0.19022891,0.025253884,-0.1058494,0.18108371,-0.46426153,-0.3227258,-0.34019578,-0.3182115,-0.24979025,0.019990636,0.10455713,0.239765,0.045209333,0.20844018,0.2811659,0.3063584,-0.0015012864,0.2088061,0.2610794,0.16634338,0.12111628,0.25532,0.15222466,0.21451437,0.27352852,0.38890097,0.54535794,0.74960977,0.348284,0.36530784,0.47508237,0.646682,0.7572733,0.6532653,-0.11640205,0.24283037,0.39155298,0.40298152,-0.3628298,0.29952234,-0.13183331,0.10717357,0.1953816,0.5837855,0.3197063,-0.37521708,-0.41953224,-0.45549476,-0.25686425,-0.008898391,-0.2583692,0.30166984,0.30797023,0.18820769,0.15463209,0.1835179,-0.37074882,-0.48080522,-0.4891296,-0.54199135,-0.11038249,0.32948792,0.06651066
-0.13491611,0.0638805,0.25137907,0.11346732,0.057413004,-0.37715,0.1599873,0.112079754,-0.13722256,0.07154323,-0.28914672,-0.09526804,0.20727769,0.10507304,0.122733176,0.27382636,0.5836257,0.52750504,0.88709044,0.1853139,0.5231637,0.27919844,0.32883573,0.1691542,-0.034043357,-0.011293781,0.1342621,0.17596717,0.013210302,-0.09576656,-0.10095808,-0.072540395,0.19648895,0.28152916,0.2347968,-0.049873546,-0.3046206,0.28772646,0.18658099,0.16492848,-0.23545556,0.036784627,0.1536426,-0.14589532,-0.15366559,-0.0986688,-0.1127622,0.04825031,-0.19908455,-0.21916616,-0.20267282,0.005881626,-0.09385837,0.105685756,0.01218686,-0.22136767,0.19547886,0.1075314,-0.28375205,-0.27769756,-0.148211,0.324369,0.34089822,0.22175431,0.3654911,-0.08380481,-0.17484412,0.5974141,0.63507676,0.42019078,0.13277037,0.13679162,0.2375082,-0.21482511,0.37014633,0.22575796,0.22878997,0.26160836,-0.25055867,-0.27616563,0.5024077,-0.0011034727,-0.021910751,0.2138097,0.17302532,0.32451704,-0.18628418,0.1531452,0.0082116015,-0.179195,-0.34371266,-0.3572576,-0.2803976,-0.214401,0.005448709,-0.2727202,-0.099845074,0.029880334,-0.07388064,-0.1580685
-0.6523377,-0.6163608,-0.042742584,-0.57940567,-0.58692074,-0.37076372,-0.64646995,-0.60228467,-0.53565884,-0.55421734,-0.063607596,-0.3598454,0.8377849,0.7585261,0.78236246,-0.51123834,0.622396,0.4737149,0.1853139,0.89240354,0.4693978,0.48764485,0.3446647,-0.045922406,-0.6237868,-0.72080433,0.47073704,0.5407495,0.67080283,0.568904,0.5788414,-0.47271815,0.011350157,0.7486966,0.32978815,0.70945907,0.621471,-0.41121835,-0.39351726,-0.45388064,0.6002762,-0.07616705,0.2744893,0.4061318,0.377805,0.5237233,0.6892332,0.7644075,0.6455641,0.6825441,0.37501937,-0.3541546,-0.20098826,-0.5697917,-0.44124553,-0.27098393,-0.5077591,-0.5205096,0.12890449,-0.07817766,-0.05568272,0.7423479,0.81802565,0.85090315,0.63037133,0.7846856,0.115126655,0.60960054,0.69370794,0.75236964,0.6565244,0.5294118,0.6954498,0.32424045,0.6937446,-0.056721374,0.77593505,0.37089455,-0.005981774,0.43362692,0.6283356,0.8437329,0.2756633,-0.026906107,-0.051649928,-0.25419968,0.6900184,0.38777876,0.8527186,0.6217223,0.3228807,0.15449078,0.40927082,0.3006909,-0.26152432,0.020903869,-0.15295371,0.5994783,0.69950974,0.7128191
-0.13279825,-0.17689598,-0.11522421,-0.2180233,-0.1867262,-0.036925554,-0.12942976,-0.18004572,0.017379936,-0.07091531,0.23434103,0.12160741,0.3397768,0.35648766,0.21376057,-0.12453088,0.45031872,0.7712772,0.5231637,0.4693978,0.9050054,0.03642622,0.020183135,0.23690179,-0.19477716,-0.21142367,-0.08913931,-0.04165198,0.060520798,-0.097164035,0.18727633,-0.4045637,-0.1542336,0.33771807,-0.13221142,0.4636566,-0.0883459,-0.23312423,0.001065643,-0.088197365,0.12879494,-0.47157198,-0.26059747,-0.24631307,-0.35566133,-0.17073782,0.07677914,0.14627083,0.22279006,-0.01135487,0.30165163,0.17582823,0.22809124,-0.19902289,0.004447973,0.11275059,-0.00072769215,-0.08500601,0.3147076,0.13204652,0.29774684,0.31994104,0.42657158,0.5560019,0.77452016,0.421359,0.34214193,0.5000578,0.7084433,0.7768047,0.6831671,0.025171764,0.40207645,0.44232947,0.54770994,-0.28416505,0.2797831,-0.05404853,0.16867745,0.26281983,0.6247851,0.329282,-0.22865382,-0.27624986,-0.29572618,-0.24033,-0.04153368,-0.17989236,0.31059855,0.34099692,0.20993413,0.18162692,0.30113357,-0.23670037,-0.34748584,-0.3359324,-0.5206063,-0.05914551,0.3464069,0.030692834
-0.7290468,-0.5974819,-0.006893152,-0.48503304,-0.5877975,-0.89910567,-0.5836503,-0.5552869,-0.9080699,-0.41114795,-0.64164865,-0.57887566,0.7234901,0.5799942,0.63237256,-0.25628537,0.7595433,-0.088435054,0.27919844,0.48764485,0.03642622,0.94164896,0.7673775,-0.051550746,-0.32773134,-0.49802932,0.9223554,0.8945514,0.53658825,0.61221457,0.4741882,-0.2001805,0.5431315,0.5957367,0.9084508,0.12889071,0.42369086,0.032183673,-0.32044524,-0.23002747,0.2118214,0.52373385,0.8395283,0.7067627,0.6572784,0.7774785,0.61880195,0.71782136,0.21162742,0.4610949,-0.04662338,-0.7398744,-0.68410444,-0.50767684,-0.7309381,-0.8656144,-0.5931376,-0.61247754,-0.41326827,-0.5143094,-0.43952793,0.72472894,0.6635891,0.39141312,0.038171798,0.31531322,-0.50977683,0.56731033,0.5006816,0.22340694,-0.0021569328,0.8309295,0.6164049,-0.34548083,0.56784093,0.58355284,0.63216984,0.7627907,-0.35846323,-0.028597716,0.3867711,0.4736457,0.68948746,0.6365313,0.623808,0.31037903,0.5774667,0.8997272,0.48854512,0.08303816,-0.18689948,-0.3296439,-0.06885285,0.58941954,0.31390035,0.34138682,0.36685053,0.761887,0.25520936,0.5077468
-0.48271644,-0.36815816,0.1533411,-0.2908954,-0.390531,-0.7341069,-0.3515817,-0.35487288,-0.6930523,-0.19232069,-0.5572609,-0.44452387,0.5707268,0.45004535,0.5335129,-0.014143125,0.6488446,-0.08231193,0.32883573,0.3446647,0.020183135,0.7673775,0.7966869,-0.01165534,-0.13406608,-0.31640244,0.74500644,0.7348609,0.43923026,0.5548666,0.33578044,0.02169477,0.64172786,0.48705184,0.75885814,-0.033930276,0.29014564,0.22738175,-0.04535138,-0.008191769,0.1219022,0.54405725,0.72787565,0.58576894,0.5463866,0.6432713,0.46327966,0.566152,0.05168251,0.33378452,-0.14179367,-0.54508394,-0.54466873,-0.31712937,-0.5135852,-0.682421,-0.3736908,-0.39952254,-0.43584734,-0.4344673,-0.4060401,0.60889816,0.54043704,0.28656703,0.02892653,0.16863687,-0.45107055,0.5299914,0.41756678,0.1366606,-0.054786418,0.7011597,0.4879602,-0.37464163,0.4263394,0.607741,0.5201173,0.7694824,-0.395015,-0.15411833,0.31884822,0.33720464,0.613783,0.65648913,0.62690026,0.44610363,0.42503646,0.76286215,0.3453611,0.016466118,-0.2728845,-0.3958196,-0.11395083,0.4623261,0.36232793,0.31517708,0.45367855,0.68039393,0.085539594,0.3893145
0.2533704,0.23960483,-0.339201,0.10626769,0.1455682,0.09405862,0.21446446,0.14006095,0.26361358,0.5335958,0.40615016,0.6468782,-0.13090567,-0.099752285,-0.3108318,0.27537292,-0.053505786,0.14945418,0.1691542,-0.045922406,0.23690179,-0.051550746,-0.01165534,0.87112105,0.51457554,0.4875723,-0.15144068,-0.25749564,-0.21805188,-0.2839716,0.07640536,-0.2750898,0.13346487,-0.120759554,-0.10294349,-0.062412508,-0.3061001,0.1673153,0.28427964,0.46710533,0.016995734,0.018807651,-0.16737416,-0.10737304,-0.25424743,-0.18273875,-0.120912515,-0.31773132,-0.24280769,-0.38209587,0.17033997,0.34455287,0.4152427,0.1253579,0.18761034,0.09720762,0.23867846,0.1875432,0.4409836,0.46867064,0.62227833,-0.14188674,-0.049191505,-0.2335136,-0.0040343595,-0.061288252,0.40776488,-0.09105727,0.07976701,0.10944305,0.1629101,0.012645027,0.006552494,0.32465303,0.22511452,0.1346926,-0.05594854,-0.11675817,0.20237723,0.008010544,0.33944666,-0.021559887,-0.07456513,0.12812513,0.16999286,0.15110283,-0.2904751,-0.20823005,-0.20528445,0.26162535,0.107128724,0.15668972,0.23383716,0.023598343,0.4298945,0.24267605,0.08502111,-0.25047636,-0.1750877,-0.3577116
0.6598572,0.5590606,-0.14075816,0.4347446,0.45170662,0.28761086,0.57611126,0.46733063,0.5126428,0.80886626,0.25600782,0.6464368,-0.6375443,-0.5371815,-0.66238153,0.6006032,-0.43211645,-0.3019735,-0.034043357,-0.6237868,-0.19477716,-0.32773134,-0.13406608,0.51457554,0.8960883,0.8085865,-0.36318362,-0.49172753,-0.58321106,-0.45228106,-0.3118828,0.23965743,0.26449314,-0.5783917,-0.24225414,-0.58124864,-0.59655094,0.48668766,0.58890295,0.7334604,-0.36754528,0.15462255,-0.2124832,-0.2567718,-0.338544,-0.40213773,-0.5194869,-0.6741515,-0.6008624,-0.67094076,-0.1979096,0.40862978,0.31422824,0.43217826,0.37916523,0.22728102,0.45586473,0.43222094,0.122519,0.3537451,0.38627866,-0.55038357,-0.5696608,-0.7130928,-0.41131467,-0.5758867,0.10879131,-0.41822416,-0.4422072,-0.49005878,-0.3596697,-0.29937255,-0.44263673,-0.06671861,-0.30407727,0.2078036,-0.55013376,-0.21173206,0.06505024,-0.34983575,-0.22800776,-0.5767207,-0.12564608,0.20299411,0.24404994,0.38300654,-0.6350626,-0.33212465,-0.6847252,-0.25423202,-0.2230182,-0.08867238,-0.1131088,-0.15964523,0.5552195,0.2684583,0.30243185,-0.47049433,-0.5939465,-0.65726686
0.74649954,0.7603298,0.036185734,0.66594934,0.6910759,0.42785996,0.76761377,0.7019292,0.67430615,0.81484187,0.31030443,0.6664349,-0.76520085,-0.74055445,-0.7888329,0.69602907,-0.5459274,-0.212448,-0.011293781,-0.72080433,-0.21142367,-0.49802932,-0.31640244,0.4875723,0.8085865,0.9169193,-0.5555811,-0.62537324,-0.65547544,-0.6240701,-0.5554277,0.34908178,0.06786993,-0.65387094,-0.40058294,-0.65954626,-0.69718415,0.5390649,0.6273452,0.724897,-0.48938695,0.057978936,-0.37293273,-0.49433088,-0.48379084,-0.60460085,-0.69958544,-0.82560635,-0.73097396,-0.77859503,-0.302442,0.56222486,0.44266158,0.66642433,0.6068609,0.3849933,0.6791692,0.67178,0.09296954,0.3886199,0.36712345,-0.66018903,-0.6698823,-0.79066354,-0.42870146,-0.7137448,0.15820317,-0.47513145,-0.49796098,-0.51857036,-0.4024368,-0.5174719,-0.6453066,-0.09236271,-0.48624167,0.1126533,-0.65211254,-0.36171845,0.016661955,-0.43108767,-0.25106275,-0.6940616,-0.36496615,0.054735318,0.076043814,0.36316085,-0.7466978,-0.4982765,-0.8102007,-0.34460607,-0.27521062,-0.13079262,-0.24533749,-0.37026092,0.39008212,0.0017577568,0.20251259,-0.6478088,-0.73599505,-0.7865718
-0.7540158,-0.66629195,-0.050519664,-0.5540224,-0.65223587,-0.8694438,-0.66145384,-0.6269281,-0.9445522,-0.48799542,-0.6591433,-0.63620216,0.710392,0.60605925,0.64705706,-0.35462767,0.6791905,-0.22610185,0.1342621,0.47073704,-0.08913931,0.9223554,0.74500644,-0.15144068,-0.36318362,-0.5555811,0.96805614,0.9163543,0.56904495,0.6737273,0.53738844,-0.19376394,0.5356513,0.565177,0.9178028,0.14920098,0.5092377,-0.04619574,-0.41289195,-0.31375924,0.26046795,0.55188465,0.8751089,0.80037165,0.74557436,0.85210156,0.6816005,0.7567837,0.28601912,0.5400782,0.001595737,-0.79881656,-0.7313955,-0.5761306,-0.7986647,-0.8795049,-0.6871249,-0.689975,-0.41062707,-0.5570996,-0.48079848,0.68240386,0.61336553,0.3777256,-0.059777405,0.34587932,-0.53328675,0.46303642,0.3921724,0.13904768,-0.056052003,0.8663486,0.61973166,-0.35058123,0.50376683,0.5548848,0.6199583,0.75781316,-0.31270033,0.044266127,0.24662864,0.48621833,0.76747066,0.62975407,0.62536573,0.24044618,0.6471027,0.9347557,0.51104033,0.089983314,-0.11598642,-0.25950286,-0.029682491,0.6851022,0.32029969,0.43846953,0.39939827,0.81681144,0.30336457,0.57714117
-0.7840985,-0.6140988,0.1263492,-0.47203332,-0.57328945,-0.8430791,-0.61459726,-0.54814965,-0.9248322,-0.5571164,-0.67768645,-0.71804917,0.7714597,0.5928072,0.7309142,-0.32873335,0.72444475,-0.10083504,0.17596717,0.5407495,-0.04165198,0.8945514,0.7348609,-0.25749564,-0.49172753,-0.62537324,0.9163543,0.95614445,0.6526637,0.7114701,0.44586617,-0.13242844,0.45709804,0.6578114,0.8815732,0.17695943,0.5668893,-0.021070909,-0.3925429,-0.3549771,0.2791321,0.50920224,0.84186244,0.7290945,0.74516237,0.82480156,0.67569983,0.8123696,0.29662716,0.60934603,-0.071303256,-0.78439206,-0.73212945,-0.49424887,-0.71036047,-0.81309485,-0.61221415,-0.60265267,-0.4819458,-0.5793997,-0.57682145,0.76754606,0.6987654,0.4712332,0.045803398,0.36281618,-0.54678315,0.5711366,0.462801,0.22020683,-0.0036514995,0.8009518,0.58694553,-0.37274623,0.48736137,0.52063006,0.68851316,0.76420176,-0.41457152,-0.0063739102,0.31911978,0.54280555,0.6689855,0.5614836,0.53162277,0.24842589,0.702369,0.9227623,0.582135,0.0942352,-0.16640607,-0.33302128,-0.09412636,0.5740026,0.16631937,0.26294628,0.36000854,0.8416874,0.3169438,0.6436627
-0.62723464,-0.50933933,0.17843042,-0.4355297,-0.47493428,-0.40880764,-0.5704786,-0.48448893,-0.5953048,-0.5706837,-0.27253225,-0.5296128,0.7269511,0.61593723,0.7740426,-0.4037368,0.48354557,0.13034248,0.013210302,0.67080283,0.060520798,0.53658825,0.43923026,-0.21805188,-0.58321106,-0.65547544,0.56904495,0.6526637,0.78375614,0.6900424,0.46142274,-0.16114056,0.14867085,0.6481646,0.45364857,0.45533216,0.70365864,-0.24759069,-0.35991973,-0.42054886,0.4986868,0.21661791,0.46203807,0.5449377,0.5992681,0.656314,0.67789704,0.7769562,0.50261956,0.7421512,0.18537803,-0.4377207,-0.34431165,-0.4356178,-0.41541022,-0.35292134,-0.46983922,-0.44773573,-0.14732642,-0.26500684,-0.3360999,0.65474063,0.6750602,0.6287179,0.26835486,0.5671774,-0.1129269,0.45060617,0.41394567,0.39265728,0.29934317,0.5836147,0.5317899,0.023064889,0.38847613,0.14191937,0.7232274,0.5132341,-0.16622776,0.25186658,0.31465858,0.68315125,0.42618614,0.16279823,0.12811007,-0.061507117,0.7615572,0.5650204,0.73981524,0.38469648,0.17697498,-0.001460565,0.1946282,0.41849,-0.10556094,0.1220468,0.13273582,0.7259358,0.4924869,0.75532377
-0.57676303,-0.55174017,0.11426593,-0.49052548,-0.54402995,-0.46985337,-0.6043106,-0.5503348,-0.66714036,-0.49340487,-0.35505962,-0.54265344,0.68422997,0.6101567,0.75205433,-0.368631,0.44553524,-0.10848929,-0.09576656,0.568904,-0.097164035,0.61221457,0.5548666,-0.2839716,-0.45228106,-0.6240701,0.6737273,0.7114701,0.6900424,0.84350413,0.5218508,-0.060268514,0.3624974,0.6068742,0.56558293,0.3483708,0.7449274,-0.16234191,-0.29839462,-0.33206785,0.54331213,0.36211458,0.5897046,0.71705866,0.7325443,0.79947895,0.742785,0.79866993,0.49894768,0.7701401,0.12665512,-0.5565069,-0.47769827,-0.49996617,-0.5304449,-0.45583034,-0.56907415,-0.53969127,-0.20552485,-0.2824167,-0.3708555,0.62697756,0.5903091,0.51879627,0.11861643,0.505998,-0.22983867,0.38345537,0.2687605,0.21245822,0.15167132,0.64470357,0.5233326,-0.085955545,0.36013648,0.2563591,0.64334875,0.6109735,-0.1924623,0.19561124,0.15199862,0.63574123,0.57956266,0.30111676,0.27482352,0.03404194,0.785848,0.67471176,0.68642026,0.32758328,0.10504633,-0.06148953,0.18571308,0.5473485,0.051353604,0.35565752,0.32930475,0.8140222,0.46722674,0.78499365
-0.50445855,-0.7835707,-0.535012,-0.85631996,-0.84073794,-0.32829964,-0.8162991,-0.8559397,-0.554384,-0.4534484,0.016956493,-0.21469367,0.60745245,0.79408306,0.5470344,-0.6637722,0.3642155,0.023828108,-0.10095808,0.5788414,0.18727633,0.4741882,0.33578044,0.07640536,-0.3118828,-0.5554277,0.53738844,0.44586617,0.46142274,0.5218508,0.8817076,-0.53742576,0.16109724,0.41190964,0.342018,0.6315604,0.5320806,-0.60141456,-0.50434744,-0.43824917,0.5575688,-0.026991498,0.29085267,0.61573696,0.37802544,0.6248807,0.7264751,0.62454927,0.6563698,0.5535431,0.64253783,-0.35953403,-0.17290035,-0.845502,-0.65974045,-0.3522612,-0.74836016,-0.78763247,0.33060503,-0.052957937,0.14588003,0.41864508,0.4847619,0.5430471,0.257554,0.7416264,0.16633949,0.15883178,0.3372743,0.41941723,0.44797844,0.6593089,0.76522255,0.3957492,0.57761765,-0.07999076,0.508036,0.31071997,0.3596775,0.6575078,0.20688902,0.63296026,0.58826995,0.082920484,0.13793196,-0.38197392,0.57104146,0.3948369,0.6523973,0.56306005,0.55805135,0.4643834,0.6341044,0.64850974,0.06728382,0.48762465,-0.052189402,0.55137646,0.68306506,0.57502663
0.3644394,0.49287903,0.47029805,0.5269643,0.49614045,0.16392963,0.48218864,0.51879925,0.24834925,0.26584738,-0.15706836,-0.056596488,-0.39529374,-0.49073952,-0.24732725,0.4772246,-0.2732535,-0.30759972,-0.072540395,-0.47271815,-0.4045637,-0.2001805,0.02169477,-0.2750898,0.23965743,0.34908178,-0.19376394,-0.13242844,-0.16114056,-0.060268514,-0.53742576,0.77012813,0.16078627,-0.24389458,-0.059779122,-0.61626714,-0.20552829,0.46060926,0.41176584,0.29478306,-0.31030783,0.2387675,-0.017686915,-0.19976684,-0.029535621,-0.17573723,-0.34359628,-0.2709159,-0.48424256,-0.22807589,-0.47718716,0.120467834,-0.038220413,0.51162726,0.34090057,0.14666662,0.40839374,0.44215629,-0.4301148,-0.14841378,-0.34135762,-0.26172602,-0.3718098,-0.41538113,-0.3186301,-0.5348155,-0.287186,-0.15977702,-0.3778618,-0.4904235,-0.4600229,-0.31052935,-0.49841976,-0.4615301,-0.59134495,0.20361923,-0.3246822,0.045017254,-0.32769418,-0.51306576,-0.40837216,-0.45264965,-0.1435359,0.14380221,0.07050105,0.39963254,-0.25810602,-0.048767276,-0.42840382,-0.46422035,-0.40837616,-0.35823935,-0.41912758,-0.19299492,0.04367854,-0.14837539,0.3079238,-0.117020436,-0.55108356,-0.24258515
-0.107035376,-0.0868355,0.0989688,-0.07037137,-0.15923664,-0.53468955,-0.061606437,-0.11101709,-0.40387404,0.18751028,-0.43153828,-0.15009977,0.21460852,0.15618955,0.206489,0.27321443,0.34947863,-0.3009635,0.19648895,0.011350157,-0.1542336,0.5431315,0.64172786,0.13346487,0.26449314,0.06786993,0.5356513,0.45709804,0.14867085,0.3624974,0.16109724,0.16078627,0.81504476,0.16967168,0.60380816,-0.33688498,0.04176344,0.46037322,0.24112585,0.33607823,-0.016156811,0.6147437,0.608405,0.47887045,0.42245185,0.45728904,0.20604509,0.23472413,-0.2071676,0.049841933,-0.2662725,-0.3553164,-0.4298309,-0.09852372,-0.328021,-0.52167773,-0.15789413,-0.18765059,-0.39101154,-0.24280317,-0.24968289,0.30116352,0.20566854,-0.09234829,-0.19495411,-0.1283811,-0.40980262,0.27722073,0.109284475,-0.15683085,-0.2605108,0.48690355,0.21181688,-0.43096322,0.21108085,0.6829783,0.21023357,0.6178634,-0.36479047,-0.35934484,0.09982462,0.05234715,0.5484569,0.73182046,0.7095309,0.6206435,0.13601641,0.5704822,0.0255416,-0.120024115,-0.3904285,-0.43618187,-0.15712853,0.3655518,0.59879875,0.47006238,0.6361991,0.4482567,-0.17230475,0.110320434
-0.6671218,-0.483787,0.19375521,-0.39748347,-0.44581997,-0.51436454,-0.49895218,-0.443751,-0.60537493,-0.4865174,-0.2964698,-0.46261978,0.7967367,0.6194051,0.75547695,-0.3051552,0.68273354,0.37543613,0.28152916,0.7486966,0.33771807,0.5957367,0.48705184,-0.120759554,-0.5783917,-0.65387094,0.565177,0.6578114,0.6481646,0.6068742,0.41190964,-0.24389458,0.16967168,0.82693255,0.4838785,0.4877444,0.578936,-0.14651136,-0.25825346,-0.31794974,0.49590558,0.1433354,0.44934696,0.4426722,0.48541206,0.57308805,0.6370047,0.7560282,0.47943515,0.6348571,0.105266005,-0.43168205,-0.35931045,-0.3990013,-0.39513266,-0.385594,-0.39602757,-0.3985669,-0.1515795,-0.21902546,-0.27113038,0.7699655,0.7937809,0.7102129,0.4667936,0.549875,-0.12032734,0.67380536,0.6527926,0.5903979,0.4070375,0.54008555,0.57323897,0.021435872,0.5790946,0.1526086,0.74858713,0.50168085,-0.22327293,0.16067427,0.55458117,0.7141055,0.29384267,0.1255284,0.08384073,-0.0068581672,0.663545,0.54569465,0.7346182,0.38400155,0.051589973,-0.11854942,0.124210924,0.2597556,-0.17553979,-0.012197861,0.02304923,0.65522987,0.5262091,0.6691792
-0.6603706,-0.48014402,0.09159207,-0.34943613,-0.4665274,-0.9024792,-0.45941487,-0.42825562,-0.8764769,-0.3365234,-0.74887496,-0.5976168,0.59784216,0.42756337,0.5336083,-0.13237226,0.67379075,-0.24926569,0.2347968,0.32978815,-0.13221142,0.9084508,0.75885814,-0.10294349,-0.24225414,-0.40058294,0.9178028,0.8815732,0.45364857,0.56558293,0.342018,-0.059779122,0.60380816,0.4838785,0.95571434,-0.058023944,0.34899512,0.1824642,-0.24521747,-0.1383309,0.08523165,0.65013933,0.9046159,0.7016133,0.6911088,0.7480672,0.51018405,0.62443805,0.073223844,0.381647,-0.21354523,-0.7658144,-0.7588309,-0.37833875,-0.6864893,-0.8979043,-0.5122658,-0.516767,-0.5634308,-0.581095,-0.5473523,0.6346624,0.5402608,0.22967651,-0.14766753,0.12975924,-0.65261745,0.4934433,0.35838044,0.02601311,-0.2105632,0.78289247,0.46977663,-0.52785915,0.4241727,0.6931331,0.5308544,0.7696569,-0.48005602,-0.19271061,0.2591781,0.32719237,0.69628334,0.72883105,0.71973294,0.44523138,0.50539523,0.9295659,0.34230244,-0.08803672,-0.34369588,-0.47204313,-0.24414574,0.5514286,0.4082818,0.36196306,0.49384373,0.7307985,0.10169089,0.4233653
