0,1,2,3,4,5,6,7,8,9,10,11,12,13,14,15,16,17,18,19,20,21,22,23,24,25,26,27,28,29,30,31,32,33,34,35,36,37,38,39,40,41,42,43,44,45,46,47,48,49,50,51,52,53,54,55,56,57,58,59,60,61,62,63,64,65,66,67,68,69,70,71,72,73,74,75,76,77,78,79,80,81,82,83,84,85,86,87,88,89,90,91,92,93,94,95,96,97,98,99
0.924263,0.69707304,0.6084421,0.60448086,0.5575844,0.45240858,0.8471209,0.6385545,0.5297208,0.030504309,-0.03207118,-0.0735724,0.07352395,0.030936947,-0.06769201,0.72977906,0.03398513,0.673282,0.024707792,0.62373996,-0.020469153,-0.5425286,-0.05123142,-0.13424158,-0.5091059,-0.50883883,-0.6757169,-0.80624956,0.29313585,-0.59819406,-0.22649178,-0.36509204,0.034224108,0.33687857,-0.24676448,0.6301282,0.1351983,-0.13695954,-0.16814187,0.089505255,0.343072,-0.5125209,-0.5924598,-0.15209663,-0.22544667,-0.24465457,0.123477764,0.18001926,0.77606094,0.4700965,0.70217633,0.59575784,0.6391737,0.52688646,0.39406872,0.4485855,0.62898135,0.4459043,-0.12361221,0.12205131,0.11733429,0.24828535,0.08212711,0.09067149,-0.022848245,-0.05294882,0.62237096,0.17411712,0.21929419,0.6083263,0.11203599,0.039773084,0.23609543,-0.59161806,-0.058769364,-0.32405314,0.31307012,-0.45017642,-0.23867038,-0.31222945,0.046885677,0.12448366,-0.1810818,0.25175896,-0.6376884,0.15892951,0.2611984,-0.76541686,0.434362,-0.21828409,-0.40327802,-0.2996455,-0.549375,-0.44790882,-0.46702856,-0.17800196,-0.34937304,0.15965876,0.860093,0.37543556
0.69707304,0.97256774,0.87352175,0.9196099,0.9103719,0.7519096,0.5925174,0.8957943,0.8553891,0.32934308,0.028883057,0.1992538,0.29759428,0.26584378,0.14822742,0.9186801,0.31698138,0.90116054,0.28997403,0.5278498,0.18751079,-0.33466232,0.1271705,-0.049794056,-0.54261637,-0.23975706,-0.87419605,-0.49037957,0.24162842,-0.15342796,-0.5668417,-0.74654233,-0.01860847,0.76102895,-0.13122012,0.36506784,-0.24495311,-0.36744472,0.098984055,0.40178275,0.1370683,-0.81921756,-0.64613795,-0.56589305,-0.5693689,-0.6350049,-0.11300056,-0.218315,0.3840429,0.074815646,0.8291057,0.93882203,0.9145223,0.89274967,0.7397181,0.76090074,0.91062486,0.8573483,0.23544359,0.39558452,0.36916023,0.43364978,0.4176221,0.3156815,0.15688556,0.1342985,0.36670208,0.3923971,0.61908877,0.914266,0.30259603,0.47708058,0.61047685,-0.30610484,0.121993616,-0.03672762,0.39892676,-0.1028903,-0.4608506,-0.6260868,0.28219807,0.5064323,-0.2762532,0.64721596,-0.67621607,0.35332456,-0.14353421,-0.79873383,0.058000732,-0.0046889465,-0.35635966,0.03520702,-0.24207552,-0.7079487,-0.14422327,-0.58735025,-0.6878897,-0.18768594,0.5647507,0.01652977
0.6084421,0.87352175,0.9487637,0.7677435,0.8036685,0.8931912,0.4941851,0.7930153,0.91537786,0.3831538,0.10223111,0.43924204,0.4461285,0.488411,0.36916673,0.77937853,0.5343285,0.75244796,0.51404995,0.556922,0.40309408,-0.11049053,0.3408869,0.21192005,-0.31962752,0.029930744,-0.89480394,-0.39905715,0.39965916,-0.0289829,-0.63741046,-0.77189595,-0.25797442,0.7030623,-0.29291758,0.15082347,-0.39440444,-0.49254742,-0.09785528,0.22417574,-0.13366991,-0.71664524,-0.7303041,-0.62726444,-0.6447597,-0.7420887,-0.38591415,-0.36639512,0.2962741,-0.12642065,0.79395103,0.90869284,0.8572716,0.7544075,0.88515735,0.8977765,0.8063855,0.8798919,0.4160748,0.55140185,0.5676387,0.5649132,0.6009108,0.51212966,0.37363386,0.3465003,0.13198611,0.59163404,0.6995891,0.8457937,0.5112144,0.6076447,0.6770122,-0.18890728,0.37739545,0.23357633,0.5863552,0.13472013,-0.5687738,-0.7149712,0.49368268,0.33340478,-0.5054426,0.51590425,-0.6710781,0.094361916,-0.2377531,-0.7923262,-0.13585852,0.03039548,-0.5434,0.15833989,-0.22675763,-0.66080546,0.00086806016,-0.68650365,-0.7920561,-0.36469236,0.524029,-0.18806663
0.60448086,0.9196099,0.7677435,0.9700201,0.9281734,0.63559926,0.51234627,0.90613496,0.7686337,0.31664002,0.00034849346,0.094476834,0.2272011,0.16084662,0.053664483,0.87991023,0.2097517,0.91294885,0.17577446,0.3858093,0.06761137,-0.34191722,0.009455418,-0.18709946,-0.59669703,-0.29086807,-0.7797495,-0.40389824,0.08171837,-0.111683175,-0.4797894,-0.6742718,0.12622878,0.78008366,0.020183872,0.38060945,-0.19889617,-0.259736,0.21526402,0.45102346,0.20926374,-0.7809694,-0.4959308,-0.5124227,-0.49371666,-0.5461172,-9.5912255e-05,-0.1718645,0.3131143,0.09381291,0.76401305,0.8938608,0.84423524,0.9394345,0.62444246,0.63975674,0.9184443,0.8073838,0.16707018,0.30486134,0.26120913,0.33571023,0.32391357,0.21508053,0.046527557,0.03579213,0.36238033,0.27334988,0.5576616,0.8956127,0.16791971,0.41908163,0.54679334,-0.29981932,-0.014448654,-0.12438084,0.2406233,-0.15865873,-0.36022156,-0.52763367,0.14399815,0.5893383,-0.13312675,0.70842636,-0.6082927,0.47224492,-0.16096556,-0.69705117,0.06709362,-0.033522654,-0.18787116,0.05031696,-0.18190013,-0.6587969,-0.15004991,-0.51371086,-0.5841328,-0.13898957,0.45769364,0.040528845
0.5575844,0.9103719,0.8036685,0.9281734,0.9522877,0.6993439,0.44866234,0.85245985,0.803213,0.33749777,0.028344791,0.2240504,0.2978254,0.26766363,0.15941362,0.85676616,0.33233055,0.85623515,0.30529365,0.42084226,0.2077511,-0.22224358,0.14699972,-0.035247672,-0.47362626,-0.14178242,-0.794009,-0.33578378,0.16417596,-0.014872542,-0.5632342,-0.7449315,0.014884609,0.8153275,-0.026894998,0.26188573,-0.2983163,-0.37086105,0.13377047,0.40010762,0.079303354,-0.7771697,-0.5398308,-0.58184165,-0.58176756,-0.6383059,-0.12934147,-0.27877808,0.23168492,-0.026077753,0.761825,0.9121314,0.87230444,0.93462396,0.6978428,0.7049577,0.87276375,0.8367889,0.26439142,0.3856027,0.36188048,0.40874487,0.4213006,0.3130976,0.16235194,0.14122751,0.25603676,0.38595685,0.67020375,0.8804858,0.30289596,0.54068196,0.64493394,-0.23763978,0.1318278,0.026533818,0.34641004,-0.014701874,-0.44444394,-0.622953,0.29705143,0.58447766,-0.22028315,0.7244969,-0.58288205,0.40472096,-0.24093565,-0.68238795,-0.037222844,0.028676573,-0.28473967,0.07835494,-0.16984913,-0.66429806,-0.015476992,-0.59814966,-0.66969717,-0.23348215,0.4124276,-0.07214369
0.45240858,0.7519096,0.8931912,0.63559926,0.6993439,0.93522763,0.36465868,0.668411,0.8769462,0.35850477,0.088291615,0.51084936,0.4376699,0.5282927,0.4211814,0.6399424,0.5859935,0.60797143,0.5751964,0.50699186,0.47393948,0.055155892,0.42904562,0.32580763,-0.15939441,0.18145475,-0.80168307,-0.243785,0.4249035,0.07144958,-0.6211561,-0.736109,-0.33876002,0.64302874,-0.27008137,0.013501943,-0.43773144,-0.5208092,-0.15214802,0.1536197,-0.25408772,-0.60885215,-0.66234684,-0.61327195,-0.61789864,-0.74103296,-0.46899682,-0.41452032,0.16977745,-0.23633447,0.67963505,0.8178103,0.75766593,0.63802314,0.9242461,0.90171003,0.6845094,0.8362968,0.47412428,0.559988,0.5976716,0.53575826,0.627653,0.5381315,0.423082,0.39812633,-0.01269426,0.6210723,0.7019501,0.73912346,0.56197304,0.65191555,0.66103476,-0.08764915,0.47609374,0.36755604,0.6146265,0.25819436,-0.5596599,-0.7121103,0.5757076,0.25433207,-0.5549262,0.43656176,-0.58919257,-0.018762816,-0.26757067,-0.69009936,-0.22616543,0.04803841,-0.53867996,0.2412749,-0.15510961,-0.5910619,0.103188574,-0.69403875,-0.7948152,-0.4465166,0.4080329,-0.28903598
0.8471209,0.5925174,0.4941851,0.51234627,0.44866234,0.36465868,0.95313597,0.57200825,0.423927,-0.14899409,-0.29641506,-0.25569034,-0.16684015,-0.15530768,-0.20278436,0.64719355,-0.15034832,0.6212131,-0.14707357,0.73602176,-0.0992789,-0.47310606,-0.080141686,-0.17387001,-0.6060549,-0.596467,-0.5633115,-0.71582794,0.35762283,-0.76094246,-0.004400216,-0.1473048,0.06125322,0.2196857,-0.13554806,0.7747687,0.39443287,0.028142361,-0.16358559,0.06179352,0.4972465,-0.36737812,-0.45877838,0.039260633,0.0149610555,-0.07867204,0.28885704,0.41164207,0.871299,0.65564823,0.5670038,0.4583918,0.5173765,0.41706324,0.289477,0.31793082,0.5627199,0.34081945,-0.26513907,-0.103132784,-0.08782549,0.017065726,-0.11193024,-0.08782831,-0.140638,-0.16183522,0.7081337,-0.0078084767,0.05420085,0.5088175,0.029222436,-0.089057714,0.067313984,-0.61978805,-0.14752728,-0.4568128,0.2725066,-0.58659935,-0.02945151,-0.11757557,-0.032460384,-0.05481749,-0.21572922,0.074767165,-0.68968797,0.039238743,0.47586143,-0.7461597,0.61807376,-0.35749125,-0.30392057,-0.22037819,-0.492539,-0.3394332,-0.636942,-0.013690427,-0.25263226,0.23341143,0.89638966,0.5268651
0.6385545,0.8957943,0.7930153,0.90613496,0.85245985,0.668411,0.57200825,0.9579962,0.7997514,0.3303269,-0.03785891,0.1069251,0.22285347,0.17307255,0.067648634,0.85460114,0.20817262,0.9218513,0.17156675,0.43961477,0.065081656,-0.32046157,0.029873846,-0.1759792,-0.617859,-0.30406055,-0.80617166,-0.44370487,0.14571974,-0.1879636,-0.42477658,-0.6097666,0.07064398,0.7248069,-0.034154598,0.42100364,-0.15031296,-0.19620323,0.18015423,0.41614556,0.21471527,-0.7281381,-0.5186607,-0.48016518,-0.43139473,-0.52883136,-0.008233094,-0.12249343,0.3786766,0.13366032,0.7596392,0.8726655,0.8111069,0.8559954,0.6556325,0.67542034,0.9489617,0.8279413,0.1785841,0.30474526,0.27581942,0.3368774,0.33350945,0.2330426,0.068946935,0.061325043,0.37457255,0.28545147,0.5035213,0.91304207,0.17952701,0.38331202,0.49622083,-0.305143,-0.0046324525,-0.13453695,0.2894528,-0.19798753,-0.31786332,-0.4667946,0.14425579,0.4671451,-0.22127603,0.5900676,-0.6881799,0.35368887,-0.090528026,-0.7659129,0.10599898,-0.100121334,-0.20309213,0.1400293,-0.17436299,-0.6216045,-0.23835224,-0.500981,-0.59068334,-0.15300138,0.52215743,0.062353574
0.5297208,0.8553891,0.91537786,0.7686337,0.803213,0.8769462,0.423927,0.7997514,0.952608,0.49650353,0.17529655,0.48875844,0.49832153,0.5395269,0.42724532,0.7463871,0.5746892,0.73647946,0.55494213,0.5073961,0.43513077,-0.11608841,0.37693086,0.21098155,-0.33204392,0.039592996,-0.87687945,-0.35412377,0.40709007,0.058554724,-0.6780832,-0.78498554,-0.3004403,0.7070278,-0.3038938,0.091828346,-0.43939966,-0.48392648,0.055974036,0.3744353,-0.138282,-0.77218413,-0.7279376,-0.71567076,-0.64403486,-0.7990707,-0.40819383,-0.43535858,0.19484049,-0.179065,0.7301537,0.90885806,0.8385149,0.761194,0.8851993,0.91677475,0.81391,0.91087896,0.5176363,0.6215974,0.62128067,0.59632504,0.6603131,0.570099,0.43476385,0.40679723,0.11584115,0.62079155,0.72497165,0.8506899,0.5370461,0.6221261,0.7195231,-0.04603299,0.39984798,0.26223022,0.5990838,0.18603998,-0.5357136,-0.70150805,0.50211275,0.4113782,-0.47340113,0.5376881,-0.6047203,0.14595935,-0.24632311,-0.7543827,-0.16579789,0.14324191,-0.47853523,0.26586458,-0.04990392,-0.62818915,0.043184213,-0.76141876,-0.81110555,-0.36549544,0.45332086,-0.20237541
0.030504309,0.32934308,0.3831538,0.31664002,0.33749777,0.35850477,-0.14899409,0.3303269,0.49650353,0.85513324,0.6207942,0.6423832,0.745399,0.6978996,0.6509125,0.2012016,0.6292622,0.24997507,0.6010055,-0.02805122,0.44895738,-0.06055861,0.36915666,0.19916299,-0.077769995,0.23758306,-0.3853799,-0.09357664,0.20942278,0.46645886,-0.5422598,-0.4681833,-0.39532346,0.34212422,-0.38660493,-0.3314183,-0.61167234,-0.26655132,0.4013961,0.51912665,-0.32190758,-0.49973184,-0.4409074,-0.7148624,-0.47614306,-0.6306278,-0.5163337,-0.6432239,-0.30748916,-0.4818526,0.21510732,0.4604674,0.3638634,0.3410824,0.42299664,0.5396238,0.34183592,0.49863955,0.74054635,0.7749444,0.7203431,0.69715285,0.75471926,0.7122272,0.6239536,0.62630373,-0.1852797,0.62435853,0.5037079,0.41301066,0.4765938,0.42930627,0.5849589,0.5226145,0.40042335,0.39465302,0.39666295,0.44924456,-0.30153298,-0.35334182,0.32714838,0.41775325,-0.17597055,0.31332898,-0.008404312,0.16710547,-0.38491398,-0.22040308,-0.42178386,0.5278007,-0.14340974,0.46683952,0.46784055,-0.14809032,0.30016083,-0.65413976,-0.43349898,-0.2636498,-0.06625437,-0.3352021
-0.03207118,0.028883057,0.10223111,0.00034849346,0.028344791,0.088291615,-0.29641506,-0.03785891,0.17529655,0.6207942,0.8056177,0.60527545,0.7288095,0.6478903,0.58071625,-0.060577042,0.56611323,-0.08738771,0.546928,-0.16406077,0.4140715,-0.10216448,0.3114484,0.2701651,0.20953393,0.2994668,-0.1340421,-0.12128499,0.11604323,0.43955988,-0.4669705,-0.30942035,-0.38508397,0.028142616,-0.501411,-0.47372034,-0.59113055,-0.30447033,0.20005602,0.23592329,-0.42892894,-0.26083988,-0.3532002,-0.5202701,-0.45521247,-0.44056886,-0.54149723,-0.6415468,-0.34886044,-0.4973909,0.027886817,0.1539934,0.11158304,0.027463783,0.14694175,0.2790874,-0.023090247,0.1460472,0.5872228,0.6993941,0.6326071,0.66876674,0.6233286,0.6246096,0.5956876,0.55420333,-0.2451241,0.54419243,0.29923794,0.06319809,0.40097395,0.23836736,0.39843857,0.47627366,0.40244904,0.4254359,0.29286623,0.494258,-0.33880857,-0.2636261,0.2736816,0.24017206,-0.02013821,0.119010136,0.29689857,0.08073013,-0.37130108,0.042717844,-0.42959934,0.6062053,-0.23618627,0.06812036,0.30348265,0.006490321,0.4045177,-0.41215828,-0.17893901,-0.13025236,-0.15088865,-0.31829733
-0.0735724,0.1992538,0.43924204,0.094476834,0.2240504,0.51084936,-0.25569034,0.1069251,0.48875844,0.6423832,0.60527545,0.96891856,0.82284856,0.9451438,0.8955438,0.042637564,0.94758534,0.010665452,0.9415746,0.1347563,0.83309186,0.3711658,0.7681086,0.7198657,0.37065324,0.70722556,-0.36855564,0.08443577,0.4838729,0.61509013,-0.6635107,-0.5569217,-0.74408317,0.30250418,-0.56936437,-0.67226946,-0.81857693,-0.60200256,-0.11498369,0.054263286,-0.7876657,-0.3042733,-0.5603776,-0.71001893,-0.6467571,-0.7523229,-0.92908597,-0.81288815,-0.41116577,-0.7783049,0.1854215,0.39053154,0.32976604,0.16427125,0.57995117,0.6423768,0.14177653,0.4641668,0.87321013,0.87384737,0.9283749,0.7850598,0.91134644,0.91202074,0.8760696,0.8528761,-0.5810609,0.90260917,0.68294966,0.27890083,0.82477033,0.6964159,0.7020962,0.5227846,0.8528745,0.85778236,0.695446,0.8173256,-0.5759703,-0.62021625,0.76481986,0.1027167,-0.56939054,0.15666276,-0.010863556,-0.28808933,-0.55964816,-0.20497462,-0.70909107,0.50353515,-0.57597834,0.44523457,0.27605885,-0.17050761,0.6108267,-0.74477935,-0.6184134,-0.59948254,-0.12422476,-0.70025337
0.07352395,0.29759428,0.4461285,0.2272011,0.2978254,0.4376699,-0.16684015,0.22285347,0.49832153,0.745399,0.7288095,0.82284856,0.9050715,0.85151076,0.7810736,0.16096386,0.80639577,0.15129048,0.7853167,0.064154856,0.6381761,0.07249482,0.56067187,0.46387672,0.17922479,0.4507449,-0.42020857,-0.12411319,0.3367985,0.50811726,-0.6575234,-0.56489486,-0.5499207,0.33815417,-0.5509689,-0.4862256,-0.7558216,-0.48999637,0.07164855,0.22893843,-0.5746371,-0.42945647,-0.56837213,-0.7233985,-0.6478589,-0.7069571,-0.73495734,-0.7536466,-0.30068004,-0.61921597,0.27976286,0.4495727,0.38962793,0.2697423,0.49873242,0.60309696,0.24645525,0.47389793,0.7850329,0.8784317,0.87073046,0.87339556,0.8643221,0.847724,0.7633781,0.73901254,-0.35667628,0.81235373,0.61386126,0.3613097,0.6539546,0.5608091,0.6687361,0.44308788,0.6335077,0.6212435,0.5588821,0.61662495,-0.527561,-0.5427598,0.55007255,0.28954366,-0.34538287,0.26911426,-0.013931035,-0.032962337,-0.49430627,-0.2427395,-0.5653453,0.52859414,-0.42972076,0.34017473,0.2559535,-0.19281554,0.4767025,-0.6944375,-0.52442706,-0.41031015,-0.03260263,-0.5104337
0.030936947,0.26584378,0.488411,0.16084662,0.26766363,0.5282927,-0.15530768,0.17307255,0.5395269,0.6978996,0.6478903,0.9451438,0.85151076,0.96193933,0.8918034,0.120101936,0.9405097,0.083748356,0.9291947,0.18640186,0.8009174,0.233401,0.7267729,0.6632633,0.26651037,0.59178543,-0.44519454,-0.07161336,0.5043637,0.5298939,-0.6893211,-0.5881183,-0.739751,0.30206925,-0.6443825,-0.56634253,-0.7887987,-0.5907792,-0.060142234,0.12177692,-0.7034013,-0.3890794,-0.63959205,-0.73813653,-0.65214884,-0.77611166,-0.8858493,-0.78942764,-0.31718057,-0.686828,0.23119566,0.440797,0.38208258,0.21358073,0.59080815,0.672974,0.20716147,0.49926662,0.8718793,0.9081421,0.9492592,0.83396125,0.9236592,0.92961514,0.8847084,0.849879,-0.45009607,0.9148172,0.6683073,0.33973882,0.814952,0.6461655,0.70988584,0.4863884,0.8102893,0.76972353,0.7152384,0.7292094,-0.5817243,-0.6160861,0.71773887,0.14091767,-0.54085344,0.1696984,-0.05579099,-0.22312906,-0.49499953,-0.281475,-0.6148938,0.5254626,-0.5890909,0.39892954,0.2660024,-0.2021363,0.5118792,-0.7567082,-0.62728083,-0.5139311,-0.012421442,-0.5998337
-0.06769201,0.14822742,0.36916673,0.053664483,0.15941362,0.4211814,-0.20278436,0.067648634,0.42724532,0.6509125,0.58071625,0.8955438,0.7810736,0.8918034,0.9337522,0.011628146,0.8703531,-0.026123516,0.8682163,0.18961394,0.83371305,0.3047852,0.7829714,0.70462406,0.30265942,0.6146947,-0.30652457,0.0233728,0.56915003,0.53557295,-0.56603026,-0.4494699,-0.79134524,0.19861367,-0.62466526,-0.59507596,-0.69045526,-0.4746601,-0.02034385,0.1282275,-0.6655805,-0.26912105,-0.5490739,-0.63334733,-0.51804096,-0.6653429,-0.8403061,-0.7111416,-0.3686524,-0.662921,0.08475293,0.3184664,0.28105378,0.10430239,0.48686677,0.56540585,0.10313586,0.39501476,0.8508769,0.8193393,0.8711436,0.75018954,0.85610497,0.9013928,0.9208778,0.91230285,-0.46204025,0.86444414,0.60200787,0.2333995,0.8370406,0.59330857,0.6574049,0.5652132,0.82256544,0.76837337,0.73045295,0.7415579,-0.43277544,-0.4852391,0.7218838,0.055199392,-0.5196843,0.05316172,0.03667597,-0.29275715,-0.3999768,-0.18633941,-0.5706489,0.5447371,-0.52142817,0.4509039,0.36708352,-0.035166446,0.52056813,-0.66151094,-0.52542776,-0.44622833,-0.07602075,-0.55634916
0.72977906,0.9186801,0.77937853,0.87991023,0.85676616,0.6399424,0.64719355,0.85460114,0.7463871,0.2012016,-0.060577042,0.042637564,0.16096386,0.120101936,0.011628146,0.9417113,0.17051601,0.89796555,0.14643922,0.54649585,0.07974257,-0.37760192,0.043787085,-0.1298087,-0.5985204,-0.3454545,-0.79462695,-0.5086892,0.19501585,-0.2617539,-0.45371002,-0.6439963,0.07879986,0.7058033,-0.04814265,0.48056358,-0.10033515,-0.2879004,0.08158387,0.34421682,0.25939393,-0.74098253,-0.5643613,-0.42859983,-0.4686119,-0.50187445,0.029536914,-0.07409747,0.46509612,0.2037002,0.8007707,0.8556403,0.87917924,0.8379431,0.60955024,0.6262342,0.8675976,0.7439294,0.07890842,0.24454731,0.21703303,0.3063221,0.26142043,0.17735586,0.024285516,0.0040453346,0.4424347,0.25419492,0.51632106,0.86022246,0.19322558,0.37067053,0.5033933,-0.4098053,0.008971652,-0.16542763,0.30506238,-0.23024309,-0.37964806,-0.53709114,0.18299723,0.4493727,-0.21001104,0.5973108,-0.67451257,0.356445,-0.05097173,-0.7747757,0.17575797,-0.097122155,-0.30434883,-0.06387104,-0.3047071,-0.66903025,-0.22191653,-0.44632638,-0.58291614,-0.10549368,0.5990969,0.122882575
0.03398513,0.31698138,0.5343285,0.2097517,0.33233055,0.5859935,-0.15034832,0.20817262,0.5746892,0.6292622,0.56611323,0.94758534,0.80639577,0.9405097,0.8703531,0.17051601,0.97431207,0.12570465,0.9668448,0.22640789,0.83998984,0.30243227,0.7656698,0.7036195,0.29513216,0.6401559,-0.47276106,-0.006805972,0.51439863,0.5529436,-0.7239915,-0.6411047,-0.72642237,0.39022166,-0.5721626,-0.57626307,-0.8033187,-0.65576553,-0.121731676,0.09602033,-0.7238474,-0.40111142,-0.6342019,-0.75005996,-0.700279,-0.8114078,-0.90219337,-0.8009113,-0.32671148,-0.7158942,0.28337842,0.4913888,0.4441035,0.27238345,0.64384556,0.70506597,0.24742186,0.54394275,0.8538251,0.87728804,0.93203175,0.8015341,0.9132129,0.90945303,0.86320895,0.8259728,-0.48625752,0.9193475,0.7444261,0.3801257,0.84716654,0.7309141,0.75716394,0.44419408,0.8463143,0.81235766,0.73339605,0.7655325,-0.6278241,-0.68930453,0.7882867,0.17059024,-0.5849998,0.2403804,-0.10645597,-0.2214829,-0.53938156,-0.30224472,-0.6497718,0.4795919,-0.6282406,0.38344994,0.21019047,-0.26865992,0.5685477,-0.7903941,-0.6960815,-0.5869355,-0.019635389,-0.65029585
0.673282,0.90116054,0.75244796,0.91294885,0.85623515,0.60797143,0.6212131,0.9218513,0.73647946,0.24997507,-0.08738771,0.010665452,0.15129048,0.083748356,-0.026123516,0.89796555,0.12570465,0.9609898,0.0924372,0.44613153,-0.0017138766,-0.35799408,-0.04145097,-0.23188572,-0.64569473,-0.37801003,-0.77427644,-0.46578237,0.101144314,-0.24983329,-0.3868043,-0.5864944,0.15834126,0.73652196,0.034836635,0.48696896,-0.092256606,-0.1739628,0.16467896,0.39888352,0.29168233,-0.71571934,-0.47907072,-0.41649562,-0.40730906,-0.46483666,0.081652716,-0.0516954,0.43315604,0.2071388,0.7830039,0.8468241,0.8225272,0.86197436,0.5874903,0.59821653,0.9274153,0.76903164,0.07855509,0.22077504,0.18565214,0.27138746,0.24077049,0.14935048,-0.018406162,-0.028098986,0.4373544,0.21243256,0.47947937,0.9026327,0.11442573,0.34649277,0.4584546,-0.39133227,-0.07883502,-0.21448478,0.22503412,-0.2823397,-0.29886156,-0.45281702,0.090871975,0.48437917,-0.16568524,0.6242348,-0.70297265,0.4029462,-0.070040956,-0.7637055,0.16726735,-0.15931779,-0.18092133,0.043393612,-0.25353175,-0.6403326,-0.2704904,-0.435301,-0.54785764,-0.10908139,0.5476026,0.11804226
0.024707792,0.28997403,0.51404995,0.17577446,0.30529365,0.5751964,-0.14707357,0.17156675,0.55494213,0.6010055,0.546928,0.9415746,0.7853167,0.9291947,0.8682163,0.14643922,0.9668448,0.0924372,0.9706363,0.2502389,0.8575896,0.32018143,0.78711605,0.7395934,0.30781275,0.6528082,-0.45333403,0.0015577208,0.54533654,0.54148084,-0.71880245,-0.6281452,-0.7512666,0.35004508,-0.5918807,-0.58432007,-0.78455704,-0.6671616,-0.14535674,0.068096235,-0.72863185,-0.37590253,-0.63822824,-0.72736955,-0.68701303,-0.79844904,-0.9085023,-0.78677076,-0.32246202,-0.70697916,0.24880911,0.46219456,0.4253883,0.2378719,0.63155115,0.69167125,0.21437193,0.51901853,0.84065807,0.8576603,0.9192915,0.78165686,0.8972606,0.8926282,0.8625096,0.8266334,-0.48565573,0.9096328,0.73108816,0.34972322,0.86262274,0.7238036,0.74420285,0.43880334,0.870994,0.8239544,0.7499845,0.7748213,-0.6297503,-0.6904589,0.8090714,0.1281228,-0.6005375,0.201426,-0.08552505,-0.25849265,-0.51508063,-0.28881943,-0.6372652,0.48984852,-0.65894794,0.35271373,0.2063126,-0.24766271,0.57063085,-0.7721174,-0.6850169,-0.5749358,-0.013493168,-0.64181197
0.62373996,0.5278498,0.556922,0.3858093,0.42084226,0.50699186,0.73602176,0.43961477,0.5073961,-0.02805122,-0.16406077,0.1347563,0.064154856,0.18640186,0.18961394,0.54649585,0.22640789,0.44613153,0.2502389,0.91631097,0.37433207,-0.12028871,0.39528722,0.3219443,-0.31228173,-0.16295263,-0.55035436,-0.49007422,0.7166329,-0.41586232,-0.22986111,-0.30849665,-0.37554806,0.23038466,-0.36388344,0.3933136,0.1210323,-0.22884035,-0.25189474,0.018561194,0.15003079,-0.3526515,-0.6279278,-0.1482206,-0.15724665,-0.31530434,-0.11279251,0.12562314,0.5737123,0.30470437,0.43243736,0.48216957,0.5632489,0.33967674,0.4603458,0.4775241,0.45784774,0.4187932,0.08411834,0.16263433,0.23637217,0.22667639,0.19223468,0.24217263,0.25498632,0.2284084,0.37892336,0.3355856,0.34529465,0.47748685,0.47689062,0.23706454,0.34163946,-0.30325738,0.3476358,0.014102061,0.647321,-0.11901152,-0.19705188,-0.35084096,0.44192982,-0.147015,-0.5264351,0.0008749538,-0.5670323,-0.22677734,0.31486988,-0.69038165,0.3139584,-0.102801844,-0.5821402,-0.06376153,-0.29240257,-0.26902196,-0.26279128,-0.26143253,-0.47320437,-0.002227012,0.71814764,0.2114485
-0.020469153,0.18751079,0.40309408,0.06761137,0.2077511,0.47393948,-0.0992789,0.065081656,0.43513077,0.44895738,0.4140715,0.83309186,0.6381761,0.8009174,0.83371305,0.07974257,0.83998984,-0.0017138766,0.8575896,0.37433207,0.92922574,0.38248217,0.8703759,0.83070326,0.31519002,0.6408557,-0.31545928,0.04335915,0.6918237,0.46838868,-0.5709857,-0.48387802,-0.8174676,0.22870994,-0.57754034,-0.53089714,-0.61254346,-0.56148106,-0.16905034,0.019996827,-0.6348126,-0.24943623,-0.56867754,-0.5610864,-0.51345336,-0.6486591,-0.8112912,-0.6211989,-0.28201103,-0.5920576,0.12983225,0.34166747,0.35228527,0.13096622,0.526496,0.5652247,0.11565995,0.40258408,0.7492998,0.70732474,0.78991026,0.6507035,0.7640338,0.8049979,0.8560666,0.8254299,-0.42876253,0.8284695,0.66460264,0.25058782,0.9176722,0.6611946,0.6845671,0.43673116,0.90704334,0.79056776,0.8093711,0.7412816,-0.47192764,-0.5655018,0.85225475,-0.011225253,-0.61163557,0.053160444,-0.03239691,-0.36173093,-0.33725217,-0.23024362,-0.50165504,0.46672863,-0.637843,0.33143076,0.23461278,-0.081560165,0.5398004,-0.6308639,-0.580421,-0.44856846,0.001795951,-0.53205276
-0.5425286,-0.33466232,-0.11049053,-0.34191722,-0.22224358,0.055155892,-0.47310606,-0.32046157,-0.11608841,-0.06055861,-0.10216448,0.3711658,0.07249482,0.233401,0.3047852,-0.37760192,0.30243227,-0.35799408,0.32018143,-0.12028871,0.38248217,0.89334023,0.44636756,0.5230979,0.5466664,0.7613014,0.24503985,0.6529734,0.12292311,0.49569243,0.036121186,0.051458992,-0.30546197,0.015860775,0.096284196,-0.58789164,-0.292629,-0.11975749,-0.30812216,-0.40857798,-0.57651937,0.41651243,0.21936306,0.017866865,-0.027869087,-0.055140793,-0.433461,-0.23572564,-0.4857286,-0.5663717,-0.25985125,-0.19383007,-0.21697702,-0.25522572,0.09994076,0.0021869203,-0.28710186,-0.044942096,0.27723125,0.066149145,0.18593456,-0.0057779276,0.19870326,0.20291898,0.26934814,0.29003194,-0.7336062,0.23000655,0.20358044,-0.20637178,0.31726068,0.4072181,0.09990825,0.28382915,0.46813536,0.6405812,0.16652772,0.58241266,-0.05419457,-0.09023538,0.4390719,-0.29636848,-0.3724234,-0.1579856,0.11893038,-0.48991936,-0.33623397,0.27084392,-0.54188764,-0.072823554,-0.07600383,0.40682894,0.15268326,0.18434417,0.49834374,-0.10283474,-0.11545523,-0.48758864,-0.48261577,-0.6182237
-0.05123142,0.1271705,0.3408869,0.009455418,0.14699972,0.42904562,-0.080141686,0.029873846,0.37693086,0.36915666,0.3114484,0.7681086,0.56067187,0.7267729,0.7829714,0.043787085,0.7656698,-0.04145097,0.78711605,0.39528722,0.8703759,0.44636756,0.87586695,0.82632434,0.32130918,0.6352738,-0.2673529,0.085807756,0.7126872,0.4134143,-0.46182376,-0.3903675,-0.8068638,0.17364517,-0.5400351,-0.49981958,-0.52529645,-0.4725052,-0.20293865,-0.029729094,-0.6010369,-0.15808906,-0.5094962,-0.45964235,-0.41425094,-0.57444096,-0.7677103,-0.5418775,-0.2530411,-0.53998876,0.06680241,0.2756343,0.29342258,0.063110426,0.47525576,0.50389826,0.07111828,0.347107,0.6862555,0.6160543,0.71663123,0.56788933,0.6843391,0.7319386,0.7990055,0.7815529,-0.43098018,0.7607199,0.6054438,0.20347187,0.87323964,0.6218923,0.5989666,0.42145056,0.8810547,0.7610266,0.787406,0.69543946,-0.38726872,-0.4874777,0.8269515,-0.12224159,-0.6486966,-0.034131203,-0.054110415,-0.44815335,-0.27934048,-0.21378422,-0.4625773,0.37297732,-0.5972356,0.36822665,0.22278237,-0.0325107,0.48886466,-0.5543834,-0.5358408,-0.43502104,-0.0018736849,-0.5040852
-0.13424158,-0.049794056,0.21192005,-0.18709946,-0.035247672,0.32580763,-0.17387001,-0.1759792,0.21098155,0.19916299,0.2701651,0.7198657,0.46387672,0.6632633,0.70462406,-0.1298087,0.7036195,-0.23188572,0.7395934,0.3219443,0.83070326,0.5230979,0.82632434,0.9286537,0.50830764,0.72086084,-0.11401662,0.16598052,0.6530077,0.4016261,-0.3914286,-0.29038227,-0.7988013,0.011129912,-0.52510184,-0.58478117,-0.48329455,-0.50903356,-0.38954502,-0.24330646,-0.68073833,0.020707726,-0.40773752,-0.32055444,-0.36133152,-0.44300562,-0.77457076,-0.49147713,-0.2855266,-0.56593055,-0.035441004,0.1042131,0.13333438,-0.12121418,0.36888003,0.3754903,-0.12456579,0.16731,0.5797016,0.5065267,0.6243092,0.46287143,0.5733133,0.6278213,0.7162976,0.69612074,-0.5242021,0.67101514,0.47268045,0.0019180197,0.8057779,0.5315001,0.4560628,0.37543797,0.90621567,0.8114215,0.7128844,0.7370331,-0.39398974,-0.44161594,0.8291738,-0.28452674,-0.62672114,-0.18794,0.059908252,-0.58683974,-0.25348014,-0.06662782,-0.4893351,0.3367466,-0.6262982,0.22057082,0.12742612,0.04088962,0.5359438,-0.4176429,-0.41996905,-0.4457531,-0.07065686,-0.5384114
-0.5091059,-0.54261637,-0.31962752,-0.59669703,-0.47362626,-0.15939441,-0.6060549,-0.617859,-0.33204392,-0.077769995,0.20953393,0.37065324,0.17922479,0.26651037,0.30265942,-0.5985204,0.29513216,-0.64569473,0.30781275,-0.31228173,0.31519002,0.5466664,0.32130918,0.50830764,0.82495415,0.71401036,0.39407504,0.46956903,-0.01042217,0.48415065,-0.009821877,0.11153456,-0.3048542,-0.30339378,-0.14204329,-0.709723,-0.34515348,-0.22770528,-0.39381516,-0.5332863,-0.6763313,0.46038723,0.18257226,0.07134022,-0.08569352,0.03667318,-0.48704797,-0.33012885,-0.5070501,-0.5716686,-0.37725627,-0.4098435,-0.42269713,-0.5071238,-0.12610616,-0.16743663,-0.59449494,-0.3348174,0.19189298,0.11295423,0.19527769,0.0855805,0.16992678,0.18898976,0.2613146,0.26300874,-0.70327854,0.19623089,-0.0133014005,-0.50348747,0.2116859,0.1549041,-0.03588448,0.3131348,0.43099004,0.6198237,0.04817481,0.61253524,-0.15388486,-0.04644177,0.29732352,-0.33135676,-0.13154055,-0.2979868,0.45804238,-0.42835343,-0.33540922,0.49153602,-0.5467846,0.16684215,-0.14852063,0.013941794,0.061943352,0.27133927,0.5596043,0.04981925,0.12217397,-0.2884739,-0.5185745,-0.5299922
-0.50883883,-0.23975706,0.029930744,-0.29086807,-0.14178242,0.18145475,-0.596467,-0.30406055,0.039592996,0.23758306,0.2994668,0.70722556,0.4507449,0.59178543,0.6146947,-0.3454545,0.6401559,-0.37801003,0.6528082,-0.16295263,0.6408557,0.7613014,0.6352738,0.72086084,0.71401036,0.9514587,0.0921275,0.55020726,0.2144709,0.71953964,-0.3169927,-0.22186989,-0.5446199,0.06341408,-0.22268704,-0.86107075,-0.65471506,-0.42447215,-0.2882805,-0.2905922,-0.85476166,0.1759632,-0.059620686,-0.30855867,-0.36163837,-0.36067706,-0.76835144,-0.6264127,-0.6544682,-0.8465805,-0.18057974,-0.04588344,-0.085707515,-0.18797913,0.25306326,0.21712488,-0.26076907,0.07848127,0.585208,0.4555422,0.5423374,0.35445625,0.539206,0.53357625,0.5739427,0.5726961,-0.87088835,0.5420817,0.41500315,-0.13557862,0.56415474,0.5750165,0.36149064,0.51088166,0.72979057,0.90526605,0.36415607,0.87186074,-0.3388663,-0.3566729,0.6458442,-0.14069068,-0.42713442,-0.052496046,0.24477749,-0.45123893,-0.5703799,0.23959686,-0.8039536,0.28410852,-0.29922387,0.38650072,0.26191542,0.09258738,0.75789964,-0.37984833,-0.28600496,-0.6221812,-0.5229527,-0.8164754
-0.6757169,-0.87419605,-0.89480394,-0.7797495,-0.794009,-0.80168307,-0.5633115,-0.80617166,-0.87687945,-0.3853799,-0.1340421,-0.36855564,-0.42020857,-0.44519454,-0.30652457,-0.79462695,-0.47276106,-0.77427644,-0.45333403,-0.55035436,-0.31545928,0.24503985,-0.2673529,-0.11401662,0.39407504,0.0921275,0.9109809,0.5221819,-0.3493362,0.11952777,0.61727744,0.7294828,0.20223609,-0.6741763,0.26938218,-0.23733328,0.3461259,0.43342504,0.04586195,-0.26053768,0.037667323,0.73980224,0.7305025,0.6132107,0.5937738,0.7012143,0.29229513,0.30341572,-0.3660404,0.036214054,-0.7980035,-0.88839054,-0.84054136,-0.756886,-0.7924716,-0.8344737,-0.81692886,-0.8284236,-0.35389382,-0.52973187,-0.5286554,-0.5422734,-0.54593253,-0.4666986,-0.30698305,-0.28525388,-0.22555543,-0.5407563,-0.63294005,-0.8449387,-0.42620653,-0.5018789,-0.61922836,0.24521995,-0.28396982,-0.1235546,-0.5263332,-0.02053722,0.5506618,0.6610547,-0.39364126,-0.34765598,0.42736998,-0.5064765,0.67945945,-0.14211223,0.1760269,0.83357924,0.036090873,0.0022668429,0.51813036,-0.07446563,0.2704779,0.65924585,0.10564536,0.6597781,0.7528214,0.29231393,-0.5968771,0.107010536
-0.80624956,-0.49037957,-0.39905715,-0.40389824,-0.33578378,-0.243785,-0.71582794,-0.44370487,-0.35412377,-0.09357664,-0.12128499,0.08443577,-0.12411319,-0.07161336,0.0233728,-0.5086892,-0.006805972,-0.46578237,0.0015577208,-0.49007422,0.04335915,0.6529734,0.085807756,0.16598052,0.46956903,0.55020726,0.5221819,0.8843411,-0.27929074,0.57797015,0.17787054,0.2088539,0.04092866,-0.070099756,0.396142,-0.53821176,-0.16191998,0.070477754,0.056945905,-0.15476413,-0.33238614,0.44754094,0.5813252,0.11882745,0.138048,0.16185723,-0.10272998,-0.15707007,-0.6808037,-0.45731294,-0.48684984,-0.39561188,-0.42719513,-0.31506592,-0.18961585,-0.30238587,-0.4297206,-0.24500787,0.09551429,-0.14689142,-0.11143261,-0.2631298,-0.07614799,-0.1083549,-0.0285144,-0.0009627156,-0.61327577,-0.12620577,-0.020897062,-0.394186,-0.06862508,0.16859153,-0.109738395,0.37901998,0.087244146,0.35506606,-0.2575195,0.42252362,0.15149367,0.16200498,0.062289212,-0.036127325,0.0882466,-0.039581172,0.41765964,-0.09871733,-0.3166225,0.59730124,-0.42983228,0.03243783,0.34654397,0.30893058,0.3582449,0.28398433,0.48896384,0.09362923,0.1955364,-0.24475098,-0.7628771,-0.42829543
0.29313585,0.24162842,0.39965916,0.08171837,0.16417596,0.4249035,0.35762283,0.14571974,0.40709007,0.20942278,0.11604323,0.4838729,0.3367985,0.5043637,0.56915003,0.19501585,0.51439863,0.101144314,0.54533654,0.7166329,0.6918237,0.12292311,0.7126872,0.6530077,-0.01042217,0.2144709,-0.3493362,-0.27929074,0.9210494,-0.06338142,-0.28274176,-0.24487919,-0.76360214,0.027923483,-0.6092654,-0.047281746,-0.12572016,-0.28018847,-0.19709098,0.018267425,-0.2086654,-0.20589533,-0.62034893,-0.25985512,-0.17955886,-0.40262127,-0.46784458,-0.17085278,0.1926442,-0.06291213,0.13827623,0.28819704,0.34704757,0.06681423,0.42138988,0.47027496,0.17888243,0.3097761,0.4307053,0.41047865,0.5062892,0.4130335,0.45316756,0.54215574,0.6329725,0.60034,0.029552829,0.57255805,0.3780514,0.25646263,0.74749595,0.32325655,0.42821866,0.16161339,0.6774602,0.38721037,0.8364629,0.29139647,-0.1999873,-0.3110832,0.6548991,-0.28190768,-0.6189352,-0.21277724,-0.23169348,-0.45408946,0.17606282,-0.43713146,0.02937986,0.22509515,-0.6296456,0.17682798,0.07685944,-0.00946829,0.053195655,-0.35706374,-0.4326738,-0.10326138,0.40751004,-0.052797414
-0.59819406,-0.15342796,-0.0289829,-0.111683175,-0.014872542,0.07144958,-0.76094246,-0.1879636,0.058554724,0.46645886,0.43955988,0.61509013,0.50811726,0.5298939,0.53557295,-0.2617539,0.5529436,-0.24983329,0.54148084,-0.41586232,0.46838868,0.49569243,0.4134143,0.4016261,0.48415065,0.71953964,0.11952777,0.57797015,-0.06338142,0.9149693,-0.38651186,-0.28849828,-0.30596173,0.20454879,-0.041795354,-0.809728,-0.6945424,-0.33266187,0.20018345,0.16350533,-0.64192903,-0.039665133,0.056279555,-0.47115266,-0.40746212,-0.4130098,-0.5853864,-0.73177713,-0.85869724,-0.84797865,-0.19974081,0.020996401,-0.03265356,-0.012263436,0.16688728,0.17085905,-0.16370225,0.14321864,0.63377357,0.49983937,0.49346966,0.37624907,0.54905176,0.4853531,0.49642244,0.49183732,-0.7168238,0.43531573,0.4418956,-0.052133344,0.38129845,0.5319742,0.42016286,0.6815182,0.48077917,0.69793797,0.13793913,0.8008007,-0.27154183,-0.28806916,0.42134756,0.31308764,-0.05501587,0.25130987,0.425482,0.036362555,-0.66393906,0.35927546,-0.7699891,0.53490484,0.0146843735,0.41433924,0.53593916,0.05827649,0.7955905,-0.44111657,-0.21080676,-0.4716495,-0.70961213,-0.700637
-0.22649178,-0.5668417,-0.63741046,-0.4797894,-0.5632342,-0.6211561,-0.004400216,-0.42477658,-0.6780832,-0.5422598,-0.4669705,-0.6635107,-0.6575234,-0.6893211,-0.56603026,-0.45371002,-0.7239915,-0.3868043,-0.71880245,-0.22986111,-0.5709857,0.036121186,-0.46182376,-0.3914286,-0.009821877,-0.3169927,0.61727744,0.17787054,-0.28274176,-0.38651186,0.9029152,0.84836245,0.41353348,-0.55938345,0.39187083,0.29562888,0.7235449,0.75464994,-0.054114845,-0.31863278,0.42300582,0.68693256,0.6585081,0.8207339,0.8430438,0.8511903,0.6207312,0.74686635,0.1925844,0.5142561,-0.48586723,-0.6653569,-0.6477238,-0.5210289,-0.6645901,-0.7264637,-0.45109734,-0.6490823,-0.6463961,-0.7688323,-0.73503673,-0.69978833,-0.7515166,-0.6587436,-0.5579424,-0.50758696,0.19913149,-0.6904543,-0.7528326,-0.55048954,-0.5982108,-0.6557698,-0.7395444,-0.23321202,-0.5581048,-0.51244485,-0.5206804,-0.5111011,0.75612736,0.82604396,-0.60068965,-0.46848226,0.36460805,-0.5073198,0.19837187,-0.14175723,0.559713,0.4155621,0.4679773,-0.47419548,0.54632616,-0.06652481,-0.08301209,0.57985353,-0.43368292,0.8055388,0.73697615,0.48895332,-0.09509464,0.4536448
-0.36509204,-0.74654233,-0.77189595,-0.6742718,-0.7449315,-0.736109,-0.1473048,-0.6097666,-0.78498554,-0.4681833,-0.30942035,-0.5569217,-0.56489486,-0.5881183,-0.4494699,-0.6439963,-0.6411047,-0.5864944,-0.6281452,-0.30849665,-0.48387802,0.051458992,-0.3903675,-0.29038227,0.11153456,-0.22186989,0.7294828,0.2088539,-0.24487919,-0.28849828,0.84836245,0.92301637,0.28292838,-0.71250784,0.26282907,0.14951387,0.6490054,0.6983988,-0.023278024,-0.32064497,0.3136956,0.75015485,0.6543717,0.7846643,0.8488406,0.8320173,0.51875347,0.641682,0.060410064,0.40568438,-0.65272677,-0.82017577,-0.795042,-0.7042502,-0.76386124,-0.79227996,-0.6451551,-0.77924144,-0.54209685,-0.67228234,-0.651965,-0.636732,-0.6813887,-0.5765346,-0.44662446,-0.39941302,0.10274856,-0.63743895,-0.8001241,-0.7198504,-0.53981936,-0.6980102,-0.7599678,-0.051070806,-0.46573305,-0.41076404,-0.49352852,-0.3845632,0.750889,0.8570286,-0.5646134,-0.51724213,0.3771774,-0.6316873,0.37330383,-0.2045735,0.5302474,0.55103266,0.39750904,-0.2964728,0.52741766,-0.06502092,0.04688698,0.6908817,-0.33349591,0.7853037,0.7850065,0.49366173,-0.2025354,0.40697706
0.034224108,-0.01860847,-0.25797442,0.12622878,0.014884609,-0.33876002,0.06125322,0.07064398,-0.3004403,-0.39532346,-0.38508397,-0.74408317,-0.5499207,-0.739751,-0.79134524,0.07879986,-0.72642237,0.15834126,-0.7512666,-0.37554806,-0.8174676,-0.30546197,-0.8068638,-0.7988013,-0.3048542,-0.5446199,0.20223609,0.04092866,-0.76360214,-0.30596173,0.41353348,0.28292838,0.92232215,0.04310222,0.69267595,0.4694401,0.44859022,0.41391388,0.15637307,0.015529456,0.56979907,0.12062052,0.54285586,0.4148432,0.3311023,0.49714965,0.7471119,0.49346322,0.19886985,0.46499786,0.050421134,-0.14722307,-0.15358582,0.099209905,-0.37601286,-0.4409331,0.04252782,-0.22361974,-0.671466,-0.6213842,-0.70161885,-0.5467567,-0.6514269,-0.721835,-0.8124129,-0.78835225,0.3803191,-0.7107504,-0.4106455,-0.07410408,-0.81751263,-0.41250432,-0.4441772,-0.4768349,-0.8417684,-0.68808913,-0.78794825,-0.6314874,0.3423118,0.38316047,-0.7316951,0.2724439,0.64895916,0.25362337,-0.0047154413,0.55138844,0.14940082,0.19027293,0.37660402,-0.41918686,0.61089313,-0.31777573,-0.2848263,-0.040926315,-0.35949975,0.48831126,0.43869334,0.34826028,-0.045728914,0.40887076
0.33687857,0.76102895,0.7030623,0.78008366,0.8153275,0.64302874,0.2196857,0.7248069,0.7070278,0.34212422,0.028142616,0.30250418,0.33815417,0.30206925,0.19861367,0.7058033,0.39022166,0.73652196,0.35004508,0.23038466,0.22870994,0.015860775,0.17364517,0.011129912,-0.30339378,0.06341408,-0.6741763,-0.070099756,0.027923483,0.20454879,-0.55938345,-0.71250784,0.04310222,0.8997805,0.108000174,0.060465693,-0.4382255,-0.37500334,0.10374093,0.28876573,-0.08280724,-0.62498647,-0.38296306,-0.5952693,-0.6001338,-0.6453413,-0.22163531,-0.37443408,0.020250285,-0.23215881,0.6758336,0.80770075,0.76290506,0.80899954,0.6644687,0.6478082,0.7545142,0.77980417,0.33895332,0.40271375,0.3987618,0.4036951,0.47046167,0.34308183,0.17869826,0.16855086,0.012877194,0.41220665,0.7303683,0.7923513,0.30231085,0.67426664,0.66029346,-0.146445,0.1872822,0.18185744,0.26026064,0.1456243,-0.4589174,-0.62905765,0.33918583,0.5970968,-0.22318321,0.77806497,-0.50601196,0.37706152,-0.44661802,-0.5355862,-0.25847295,-0.011633768,-0.20239827,0.21169767,-0.101982184,-0.6131655,0.1766108,-0.62948203,-0.6684023,-0.4060623,0.17735133,-0.2966168
-0.24676448,-0.13122012,-0.29291758,0.020183872,-0.026894998,-0.27008137,-0.13554806,-0.034154598,-0.3038938,-0.38660493,-0.501411,-0.56936437,-0.5509689,-0.6443825,-0.62466526,-0.04814265,-0.5721626,0.034836635,-0.5918807,-0.36388344,-0.57754034,0.096284196,-0.5400351,-0.52510184,-0.14204329,-0.22268704,0.26938218,0.396142,-0.6092654,-0.041795354,0.39187083,0.26282907,0.69267595,0.108000174,0.8351046,0.22824799,0.3377625,0.3360924,0.1353086,-0.03718325,0.35839796,0.23662186,0.6320143,0.3543711,0.30369103,0.39583367,0.5614085,0.36151737,-0.06275554,0.22693941,-0.114523605,-0.20397347,-0.21302515,0.030373838,-0.2861248,-0.40643242,-0.05312436,-0.17962576,-0.47960314,-0.5931975,-0.61432505,-0.5827737,-0.5381315,-0.62113404,-0.65515363,-0.6171764,0.07052404,-0.6060629,-0.25020254,-0.1267825,-0.6077793,-0.15674566,-0.33577913,-0.25857407,-0.5937309,-0.40676624,-0.6523417,-0.351788,0.33585662,0.3086822,-0.477406,0.19843085,0.4037234,0.22480299,0.003673488,0.35888284,-0.0031469064,0.28740618,0.13957152,-0.4094493,0.5853939,-0.036590505,-0.07747492,-0.0019440525,-0.11931951,0.35487753,0.3050642,0.086270876,-0.2910354,0.14852995
