0,1,2,3,4,5,6,7,8,9,10,11,12,13,14,15,16,17,18,19,20,21,22,23,24,25,26,27,28,29,30,31,32,33,34,35,36,37,38,39,40,41,42,43,44,45,46,47,48,49,50,51,52,53,54,55,56,57,58,59,60,61,62,63,64,65,66,67,68,69,70,71,72,73,74,75,76,77,78,79,80,81,82,83,84,85,86,87,88,89,90,91,92,93,94,95,96,97,98,99
0.95997673,0.31882167,0.6449479,0.18776661,0.27060968,0.5096186,0.6621573,0.33672962,0.111315124,-0.47851735,-0.4188347,-0.6861968,-0.69266057,-0.55623996,-0.6477166,0.6790484,-0.79562724,-0.3658027,-0.79548573,-0.7557125,-0.78172874,-0.21604125,0.085286684,-0.6132736,0.43580294,-0.26461947,-0.15445793,-0.1849584,-0.798646,0.08843815,-0.042206857,0.17713228,0.609782,-0.8035539,-0.18389556,-0.30381614,-0.31692523,0.5992051,0.7197425,0.40148377,-0.3103314,0.03973491,-0.2227303,-0.19432631,-0.22992358,0.16018279,0.012336275,0.17232862,0.33103472,-0.41662002,0.84216833,0.40027922,0.20032257,0.17828892,0.44504148,0.516552,0.3721664,0.13029632,-0.15360095,-0.15974322,-0.61319846,-0.81581104,-0.8523973,-0.8895929,-0.79563725,-0.72486734,0.4614211,-0.84177816,-0.64898676,-0.4233638,-0.82707554,-0.35103923,-0.20717418,0.33180672,-0.5810175,0.027637308,-0.81946445,-0.20137858,-0.035943672,0.17176983,-0.53342694,-0.54757494,-0.2400561,-0.31554958,-0.21368003,-0.3970382,-0.4210112,-0.24501759,-0.4186031,-0.0555929,0.27096987,0.77977276,0.42646903,0.08486365,-0.18700488,-0.24301459,0.12578467,-0.01704373,0.09918564,-0.27114102
0.31882167,0.9723913,0.7806444,0.91582143,0.95030934,0.7842603,0.7300787,0.93249357,0.8061552,-0.4735953,-0.60310555,-0.49605572,-0.54085267,-0.4745145,-0.49996996,0.7678894,-0.5356831,0.55408037,-0.370137,0.14813605,-0.21395457,-0.6840905,-0.5325394,-0.6235588,-0.420363,-0.85961634,-0.6850952,-0.70793223,-0.45436978,-0.56922126,-0.72838944,-0.63813627,-0.19487067,-0.12954322,-0.68074596,0.42434883,-0.7490585,-0.30720323,0.31774223,0.15290356,-0.028245708,-0.8154626,-0.79743016,-0.75263184,-0.7774827,-0.5396731,-0.5859097,-0.5110763,0.54689366,-0.40520358,0.31297,0.9452905,0.85691905,0.9346596,0.8791262,0.798357,0.93219596,0.86389375,0.010868809,-0.22266108,0.03060919,-0.27015394,-0.27865493,-0.07626114,0.07909809,-0.44628182,0.5643421,-0.1831159,0.15055004,0.41718882,0.018113459,-0.6751205,-0.5451102,0.11459835,-0.13003284,-0.71052366,-0.52280134,-0.70209837,-0.7167131,-0.62327754,-0.21179937,0.06983863,-0.7729831,-0.72607756,-0.7137265,-0.56728435,-0.7993313,-0.75498927,0.27029517,-0.071419664,-0.39506024,-0.011646556,0.22118509,-0.78191817,-0.8130704,-0.76089334,-0.5726696,-0.6533885,0.39332402,-0.32315686
0.6449479,0.7806444,0.9227138,0.67318034,0.73505497,0.8319927,0.8592135,0.8205143,0.65917516,-0.44787318,-0.5039752,-0.5960027,-0.7019019,-0.6045563,-0.6374159,0.85022396,-0.7794069,0.22681046,-0.6696303,-0.2034199,-0.4894078,-0.6725465,-0.3778456,-0.67676383,-0.026653768,-0.7540513,-0.6148337,-0.6471218,-0.68311846,-0.38894767,-0.6087704,-0.42825055,0.093375355,-0.48657733,-0.6513483,0.23488128,-0.7241547,0.053853028,0.6352514,0.40788454,-0.075337194,-0.5732578,-0.7405992,-0.7074653,-0.7352453,-0.34299827,-0.45067126,-0.31374407,0.6142721,-0.40391922,0.58403647,0.81189704,0.6532283,0.68221134,0.8428065,0.8681048,0.8301821,0.6872847,0.07744084,-0.074773,-0.16403906,-0.48630643,-0.5673095,-0.42392564,-0.26800334,-0.61269164,0.69343364,-0.5136069,-0.20024762,0.085734695,-0.32705474,-0.686208,-0.5232308,0.34208944,-0.29516524,-0.39855057,-0.73534167,-0.6251842,-0.6013192,-0.38233304,-0.35988188,-0.1702096,-0.7408564,-0.7178234,-0.66081643,-0.61664826,-0.7675824,-0.7065699,0.072454266,0.04024145,-0.14513876,0.39505,0.45414507,-0.53271174,-0.6734475,-0.7288227,-0.37553924,-0.49706578,0.421328,-0.25228766
0.18776661,0.91582143,0.67318034,0.93937165,0.9181676,0.6849305,0.64377123,0.88834476,0.79162455,-0.4023144,-0.5581695,-0.39798012,-0.45438495,-0.415042,-0.42199308,0.681841,-0.42010868,0.6372175,-0.25298926,0.27446908,-0.11427966,-0.6589623,-0.5732336,-0.52064985,-0.5004804,-0.8325253,-0.68278885,-0.7042168,-0.34821153,-0.6146341,-0.7186405,-0.64729524,-0.26005924,0.011941136,-0.6632763,0.4875374,-0.7110256,-0.3688298,0.21857807,0.10097292,0.03491509,-0.8296618,-0.7700636,-0.7277399,-0.74973035,-0.5921031,-0.6129564,-0.5666686,0.49938434,-0.323044,0.20568606,0.87392724,0.86153793,0.9396055,0.7985165,0.70638067,0.88257134,0.85339105,0.032674283,-0.20107457,0.13221641,-0.15200654,-0.16125831,0.05374884,0.1965999,-0.35497606,0.51694846,-0.037688885,0.2756453,0.51067203,0.14209086,-0.6107216,-0.5173547,0.08401976,-0.025355775,-0.72855276,-0.41019648,-0.6964588,-0.7088517,-0.63463295,-0.11454967,0.17551064,-0.73638076,-0.66831994,-0.69705254,-0.4978614,-0.74375284,-0.73538375,0.3492217,-0.04663887,-0.39044535,-0.116581395,0.17394665,-0.7946539,-0.7753763,-0.72539234,-0.61801386,-0.67196155,0.40260696,-0.26191562
0.27060968,0.95030934,0.73505497,0.9181676,0.9560494,0.75502676,0.68355274,0.9016932,0.7954087,-0.4866299,-0.6215415,-0.4817145,-0.48978293,-0.42248443,-0.4549703,0.7221167,-0.47801873,0.56016934,-0.3058526,0.17200562,-0.16643493,-0.6416825,-0.5187154,-0.6183932,-0.47730893,-0.8364916,-0.6509899,-0.67134327,-0.40067044,-0.55814445,-0.6950023,-0.6182653,-0.21148449,-0.09315515,-0.6420369,0.4058547,-0.71178544,-0.33714747,0.24133825,0.077063285,-0.063738815,-0.8121027,-0.7609259,-0.71078146,-0.73470867,-0.5276803,-0.56605124,-0.50246364,0.50648504,-0.40586042,0.27243167,0.9260373,0.85682344,0.9382407,0.85341704,0.76426065,0.9025177,0.8575493,-0.032820188,-0.28003663,0.03040449,-0.24683243,-0.23070192,-0.038832135,0.113681346,-0.4067437,0.51209307,-0.1424816,0.17583841,0.42839783,0.05588109,-0.6406207,-0.5149841,0.06676535,-0.13460085,-0.7530028,-0.475181,-0.6733391,-0.68105626,-0.6130937,-0.21594048,0.07362054,-0.73109686,-0.6887084,-0.6771006,-0.5307331,-0.7652446,-0.71697736,0.2633955,-0.12320343,-0.41296577,-0.06367713,0.15890689,-0.7790047,-0.79658395,-0.71665955,-0.5627265,-0.6357602,0.3606187,-0.3409422
0.5096186,0.7842603,0.8319927,0.6849305,0.75502676,0.91663015,0.73796487,0.77944577,0.74447036,-0.43870193,-0.49208206,-0.49916852,-0.49222147,-0.3787836,-0.42734438,0.7200784,-0.5885726,0.24152717,-0.44907653,-0.10687467,-0.25224602,-0.6027333,-0.33826163,-0.7282697,-0.19354862,-0.7431283,-0.53826344,-0.55180967,-0.458711,-0.3507986,-0.5344065,-0.41649812,0.03344732,-0.4311896,-0.58349216,0.22877595,-0.6536591,-0.08940117,0.4049198,0.1627399,-0.24654818,-0.6183541,-0.6956605,-0.6323073,-0.6599823,-0.32232782,-0.41017744,-0.29581526,0.5868391,-0.45878062,0.48476738,0.82340527,0.65894985,0.70441186,0.895443,0.8886334,0.7892957,0.7521812,-0.004570977,-0.22013196,-0.12663731,-0.35609835,-0.38680422,-0.27845818,-0.092352055,-0.41033632,0.5397999,-0.43619943,-0.19314235,0.064854234,-0.15715834,-0.6849474,-0.47814208,0.21401146,-0.36944327,-0.55285156,-0.5360073,-0.5439916,-0.53319246,-0.3651458,-0.46931958,-0.2430762,-0.6818603,-0.70524615,-0.58964646,-0.5847626,-0.707288,-0.6155239,0.065967396,-0.17594671,-0.24641985,0.22710489,0.26658517,-0.5919535,-0.71328676,-0.6472571,-0.3641668,-0.47495845,0.37765473,-0.3435851
0.6621573,0.7300787,0.8592135,0.64377123,0.68355274,0.73796487,0.9118258,0.79245675,0.59887505,-0.41133803,-0.48897225,-0.5823115,-0.74067223,-0.6661238,-0.6784638,0.8750671,-0.7697865,0.2466186,-0.68515444,-0.19097792,-0.5476805,-0.6587514,-0.41512644,-0.58924496,0.030102205,-0.72683334,-0.6386,-0.67089987,-0.7175096,-0.4263087,-0.58973825,-0.35895228,0.15543869,-0.43594328,-0.6406956,0.26262045,-0.7060697,0.15724152,0.7210181,0.5215909,0.016502984,-0.5311934,-0.71182,-0.6860227,-0.72019756,-0.38449353,-0.48117012,-0.3515457,0.6499003,-0.3007373,0.6266485,0.7504434,0.63730884,0.6496055,0.7563492,0.798244,0.80324006,0.630178,0.12995231,0.0055071097,-0.13713893,-0.48340705,-0.5757679,-0.4162695,-0.2908578,-0.6406183,0.7854078,-0.45828456,-0.14951938,0.13107595,-0.3420558,-0.6155984,-0.5022583,0.46873516,-0.1998105,-0.32065862,-0.74696726,-0.64506936,-0.5788878,-0.31574643,-0.25825244,-0.09219287,-0.7063006,-0.65445846,-0.66642535,-0.55521894,-0.740576,-0.7131902,0.12009069,0.17120066,0.010567219,0.4724538,0.590821,-0.46665537,-0.59804785,-0.70371175,-0.40627182,-0.50664663,0.5015295,-0.13191748
0.33672962,0.93249357,0.8205143,0.88834476,0.9016932,0.77944577,0.79245675,0.97929054,0.8222582,-0.37824297,-0.5256218,-0.45319247,-0.60046345,-0.5580037,-0.5537584,0.79972136,-0.59000516,0.5922591,-0.4426314,0.1830365,-0.25624496,-0.7774232,-0.62078714,-0.55804116,-0.333879,-0.8969258,-0.7806555,-0.803159,-0.49930823,-0.6475356,-0.7958059,-0.67425394,-0.19910735,-0.12049273,-0.7755821,0.50284266,-0.8204298,-0.26155064,0.4175955,0.3048491,0.08949167,-0.8299504,-0.8678933,-0.83863866,-0.85947555,-0.62298274,-0.675223,-0.5918708,0.6000862,-0.3427221,0.3333599,0.9088836,0.83735013,0.8989401,0.8663355,0.82727134,0.96989596,0.87159896,0.15170795,-0.07226759,0.117743775,-0.23702475,-0.31890327,-0.07798518,0.07954323,-0.47678643,0.6677658,-0.18191284,0.17598368,0.44587708,0.020561166,-0.7172885,-0.62703323,0.21681644,-0.049170487,-0.6163401,-0.5565427,-0.78468686,-0.78878856,-0.63341796,-0.15101683,0.13394745,-0.8506819,-0.776959,-0.80085635,-0.61938125,-0.837887,-0.84209144,0.35863256,0.07079186,-0.33345547,0.06832891,0.34103283,-0.7890259,-0.8173653,-0.8425132,-0.6502497,-0.7277197,0.48406708,-0.23011258
0.111315124,0.8061552,0.65917516,0.79162455,0.7954087,0.74447036,0.59887505,0.8222582,0.9115027,-0.19406992,-0.33760828,-0.20008773,-0.3082425,-0.2814057,-0.25989497,0.5669545,-0.326169,0.6148579,-0.17787401,0.3545396,0.053598266,-0.7061434,-0.5937472,-0.45085257,-0.4461298,-0.8050035,-0.69690317,-0.69342923,-0.19202507,-0.6090342,-0.70976835,-0.6492191,-0.29402992,-0.0020005144,-0.7074553,0.5766525,-0.68851227,-0.39164788,0.19565514,0.12235145,0.043379016,-0.81057036,-0.7900701,-0.74963105,-0.76404047,-0.6196228,-0.635128,-0.5931771,0.5752887,-0.24119714,0.15047503,0.78464866,0.7506808,0.8053396,0.8093866,0.77817655,0.809817,0.9031284,0.21298298,-0.04469401,0.29346353,0.03494609,-0.050397895,0.16095027,0.3257422,-0.17076507,0.50457907,-0.019985463,0.23008564,0.43911263,0.26691237,-0.65587103,-0.55317754,0.14645144,0.007822068,-0.6324901,-0.25506252,-0.6663006,-0.7132876,-0.56720054,-0.1487291,0.14488927,-0.77077186,-0.7125431,-0.70860976,-0.5226727,-0.67577136,-0.7213464,0.45004147,-0.024054524,-0.36093864,-0.101065904,0.2000475,-0.7951265,-0.7688471,-0.7363517,-0.64184487,-0.68220437,0.50040495,-0.16042143
-0.47851735,-0.4735953,-0.44787318,-0.4023144,-0.4866299,-0.43870193,-0.41133803,-0.37824297,-0.19406992,0.9193323,0.86806786,0.85271645,0.4896567,0.31335947,0.46934733,-0.55368644,0.45398587,0.05701815,0.32556474,0.41410744,0.4769032,0.014812868,-0.12000403,0.6591921,0.28515935,0.31891018,0.02715303,0.0786249,0.5201277,-0.057150155,0.13870281,0.08762853,-0.12734462,0.3370728,0.005332984,0.29658556,0.21282858,-0.027050322,-0.17808405,0.13108438,0.3808094,0.2266101,0.1564847,0.09729791,0.13327101,-0.13847993,-0.094956696,-0.14779899,-0.17740805,0.47631407,-0.39353365,-0.5298736,-0.43277714,-0.4114843,-0.46970657,-0.34090233,-0.4190179,-0.26869673,0.6520715,0.7236756,0.672505,0.7347106,0.397511,0.44579366,0.4017783,0.5574869,-0.18614835,0.34291732,0.18209302,0.008562745,0.4179898,0.16192243,-0.025017142,0.07734351,0.44858748,0.5227374,0.57385993,0.11944789,0.09983795,0.22051632,0.33908582,0.2726975,0.11771189,0.16681936,0.070323884,0.1287514,0.37765494,0.14506151,0.38113493,0.36929262,0.26091403,-0.085117206,0.0058122203,0.19980699,0.30882847,0.13878326,-0.10672614,-0.0050507965,0.06226213,0.46091503
-0.4188347,-0.60310555,-0.5039752,-0.5581695,-0.6215415,-0.49208206,-0.48897225,-0.5256218,-0.33760828,0.86806786,0.9285667,0.8176395,0.5239585,0.39461553,0.5165619,-0.6350647,0.46710017,-0.14983413,0.32310414,0.24650425,0.44548082,0.16179344,0.07463211,0.6551144,0.387329,0.4606716,0.20619515,0.252799,0.525254,0.14270946,0.28369862,0.20982543,-0.065086186,0.2235647,0.15956451,0.102171615,0.33495015,0.053881057,-0.20161983,0.104539156,0.27469796,0.38931167,0.29990163,0.24415708,0.287937,0.06750406,0.09650943,0.05415024,-0.2677257,0.4346645,-0.3821839,-0.63558686,-0.58614314,-0.56762385,-0.55942786,-0.42219535,-0.55490476,-0.42152762,0.5628798,0.6477301,0.52712727,0.6381648,0.34857488,0.32923895,0.2669237,0.57073563,-0.29687703,0.24214965,0.024257828,-0.17108715,0.29778838,0.24036247,0.09815994,0.033791266,0.32852453,0.6209949,0.57331944,0.2895117,0.2505936,0.321135,0.25482005,0.1330032,0.2584232,0.26484692,0.23542275,0.18532771,0.48908156,0.30469197,0.2103152,0.29258233,0.25552857,-0.029140484,-0.04780291,0.34239435,0.4143794,0.27883464,0.097969085,0.18277532,-0.059006475,0.41982135
-0.6861968,-0.49605572,-0.5960027,-0.39798012,-0.4817145,-0.49916852,-0.5823115,-0.45319247,-0.20008773,0.85271645,0.8176395,0.93789786,0.68586814,0.5257093,0.65801823,-0.7025418,0.6711362,0.109553516,0.5811784,0.53560925,0.68648803,0.15703994,-0.047062084,0.6914191,0.0623041,0.3787815,0.15093334,0.21286085,0.73834777,0.003342758,0.20408496,0.07892892,-0.25322104,0.5003903,0.14110436,0.26906413,0.33558342,-0.19342259,-0.43877625,-0.09807561,0.31024557,0.20858599,0.25927725,0.21557792,0.2526946,-0.08987914,-0.0026281846,-0.10257997,-0.2743665,0.47407368,-0.5721431,-0.5571284,-0.42081296,-0.40249744,-0.51602775,-0.45488185,-0.48849306,-0.26818907,0.51200145,0.536091,0.6886556,0.84291744,0.6134817,0.62443125,0.5774263,0.733816,-0.37825477,0.5184697,0.29941785,0.08381395,0.5947008,0.26492715,0.10220441,-0.08620769,0.45787346,0.3695866,0.76962304,0.23754282,0.17656624,0.18496108,0.362886,0.3107733,0.237546,0.26603043,0.19830257,0.2545871,0.4851494,0.27296665,0.3827047,0.19921651,0.12158066,-0.33103353,-0.20276403,0.15951677,0.3249182,0.25843984,-0.059744745,0.06614733,-0.01957506,0.4094103
-0.69266057,-0.54085267,-0.7019019,-0.45438495,-0.48978293,-0.49222147,-0.74067223,-0.60046345,-0.3082425,0.4896567,0.5239585,0.68586814,0.9202917,0.8627015,0.87860906,-0.80242,0.8628619,-0.14164849,0.82925004,0.3258177,0.7971356,0.5202061,0.35827005,0.46956378,-0.1944511,0.53046227,0.5459565,0.5962441,0.8734255,0.37929374,0.4635846,0.24945298,-0.21652395,0.3943647,0.5090518,-0.10404663,0.5889927,-0.27925688,-0.7267896,-0.52809656,-0.10610117,0.3032484,0.520067,0.52727735,0.5670775,0.29980052,0.40483707,0.2817093,-0.3839779,0.28172535,-0.58962286,-0.5542017,-0.42902005,-0.44596273,-0.5269642,-0.55628335,-0.6125475,-0.3636751,0.00421229,0.0010916032,0.30527723,0.6554815,0.72637814,0.56694984,0.5083156,0.85670984,-0.6384964,0.47201997,0.12795757,-0.11979516,0.52845466,0.43217012,0.44956082,-0.28477573,0.1585976,0.12106258,0.8666921,0.5989244,0.44428438,0.2763865,0.120672286,0.028332762,0.5248235,0.45713863,0.557207,0.46012008,0.63475347,0.61680627,0.0007611811,-0.24402565,-0.057918895,-0.506228,-0.49080658,0.23743443,0.37021887,0.5609298,0.31717342,0.4161405,-0.2587409,0.14549465
-0.55623996,-0.4745145,-0.6045563,-0.415042,-0.42248443,-0.3787836,-0.6661238,-0.5580037,-0.2814057,0.31335947,0.39461553,0.5257093,0.8627015,0.91536,0.8664295,-0.7170101,0.7716593,-0.26129326,0.75789666,0.16667026,0.73622155,0.55622125,0.49774456,0.2859341,-0.23711114,0.49020007,0.63316375,0.6690936,0.79827535,0.51715565,0.49451274,0.2845469,-0.15396598,0.22147533,0.5577823,-0.23757645,0.57764846,-0.2555681,-0.7019179,-0.5834754,-0.29089376,0.2878421,0.51909554,0.5496676,0.5828768,0.45163202,0.53110266,0.43485004,-0.346035,0.147901,-0.48766592,-0.46049392,-0.37085447,-0.3993405,-0.4305529,-0.47302547,-0.5533121,-0.33465207,-0.1516032,-0.15691312,0.119913906,0.5165279,0.6433207,0.43661746,0.4009841,0.8035677,-0.6195203,0.3303371,-0.021977836,-0.24304397,0.41251302,0.38479418,0.5087166,-0.26498553,-0.026108187,0.011947894,0.76524305,0.66699713,0.47769743,0.29423726,-0.043547615,-0.14280325,0.529163,0.419383,0.61687016,0.43553185,0.59356165,0.66296995,-0.16300529,-0.38294882,-0.11759988,-0.4635543,-0.50061655,0.22264063,0.30758947,0.57542956,0.4544589,0.520447,-0.29132724,0.018034555
-0.6477166,-0.49996996,-0.6374159,-0.42199308,-0.4549703,-0.42734438,-0.6784638,-0.5537584,-0.25989497,0.46934733,0.5165619,0.65801823,0.87860906,0.8664295,0.93081826,-0.7624302,0.8011458,-0.15448642,0.77405536,0.2992313,0.8119342,0.46370125,0.3745268,0.40884233,-0.19634798,0.47132364,0.52141726,0.5691448,0.8610903,0.39769894,0.44651783,0.24701875,-0.18541834,0.33347112,0.45952454,-0.09688591,0.5410979,-0.25134516,-0.67790365,-0.49832886,-0.13808744,0.26732028,0.46311337,0.4754961,0.512668,0.31771988,0.40915293,0.30202582,-0.31988424,0.26622775,-0.5422319,-0.50555813,-0.38689578,-0.4139751,-0.47091568,-0.49082822,-0.5635321,-0.31980425,0.024818305,0.013838726,0.29671288,0.65541863,0.7051382,0.54424787,0.51314336,0.8915664,-0.5842266,0.4270565,0.08477229,-0.14972503,0.5244009,0.37284988,0.43690684,-0.21348113,0.12251943,0.09323781,0.84099036,0.58402693,0.42399573,0.29362956,0.07008472,-0.014673127,0.4662014,0.39757133,0.5233248,0.41640455,0.5939194,0.5780161,-0.008291982,-0.25279537,-0.036320094,-0.45659962,-0.4311466,0.20944923,0.32554424,0.50843513,0.328457,0.4156996,-0.2112819,0.14374264
0.6790484,0.7678894,0.85022396,0.681841,0.7221167,0.7200784,0.8750671,0.79972136,0.5669545,-0.55368644,-0.6350647,-0.7025418,-0.80242,-0.7170101,-0.7624302,0.92806125,-0.79577494,0.25749952,-0.6971423,-0.23123041,-0.62911034,-0.60188556,-0.3985102,-0.6369591,-0.028141273,-0.7172413,-0.60551107,-0.6463927,-0.7861868,-0.4176705,-0.5768875,-0.36117086,0.16257267,-0.41642654,-0.58656037,0.20043656,-0.68174446,0.14239937,0.67650604,0.4423071,-0.015214479,-0.53093517,-0.6696707,-0.6437564,-0.68055636,-0.35779646,-0.44750333,-0.3322112,0.5788673,-0.35531932,0.62549615,0.785403,0.673028,0.684477,0.7582941,0.76158524,0.8172841,0.6214467,-0.013297133,-0.13799751,-0.24872434,-0.59793913,-0.62224865,-0.47412306,-0.36270684,-0.74346364,0.72573066,-0.45871866,-0.11826526,0.16003926,-0.40636653,-0.5759554,-0.47619998,0.36392853,-0.23195678,-0.39635205,-0.8172881,-0.63779473,-0.5604004,-0.35776138,-0.25469232,-0.08699697,-0.6607543,-0.61244655,-0.62902784,-0.52401114,-0.7511708,-0.6902831,0.057917643,0.10029237,-0.04365423,0.4272589,0.49897164,-0.46207243,-0.5930468,-0.66769874,-0.38150215,-0.49294418,0.4085322,-0.21441358
-0.79562724,-0.5356831,-0.7794069,-0.42010868,-0.47801873,-0.5885726,-0.7697865,-0.59000516,-0.326169,0.45398587,0.46710017,0.6711362,0.8628619,0.7716593,0.8011458,-0.79577494,0.9358189,0.0062850574,0.8880738,0.45015532,0.7595341,0.5295999,0.2467828,0.5788512,-0.2785464,0.54388154,0.4907546,0.5312556,0.8635863,0.2549201,0.40587425,0.1976288,-0.29336476,0.58530486,0.5108244,-0.0088047,0.60586035,-0.32332882,-0.7469959,-0.5123831,0.058306783,0.28246516,0.53892696,0.5256209,0.55910873,0.18786609,0.329089,0.16544819,-0.40463698,0.39409125,-0.67624044,-0.5715172,-0.38115385,-0.41687283,-0.5799798,-0.6410525,-0.6070226,-0.3615127,-0.017374862,0.016567752,0.35423398,0.6874156,0.8059834,0.6707088,0.56380117,0.79669476,-0.6166214,0.65032774,0.34026664,0.07916766,0.5965469,0.5345249,0.45280427,-0.29675385,0.33478922,0.10713002,0.8761371,0.5272472,0.39477572,0.19381508,0.33167675,0.24130732,0.54855645,0.54385495,0.53351307,0.5665099,0.6592402,0.5785825,0.11747484,-0.122844815,-0.04634262,-0.6101568,-0.47795564,0.22880977,0.42357814,0.5643712,0.21454316,0.3466708,-0.22114462,0.24015161
-0.3658027,0.55408037,0.22681046,0.6372175,0.56016934,0.24152717,0.2466186,0.5922591,0.6148579,0.05701815,-0.14983413,0.109553516,-0.14164849,-0.26129326,-0.15448642,0.25749952,0.0062850574,0.9518325,0.10799438,0.7822629,0.20887756,-0.58367383,-0.7734813,0.073611945,-0.5377525,-0.5815823,-0.6967342,-0.69684684,0.04388752,-0.8015946,-0.72254306,-0.7332524,-0.5842717,0.5899775,-0.61319435,0.7963331,-0.51221293,-0.5833447,-0.0464233,0.10476458,0.5014663,-0.73376894,-0.61832356,-0.6426497,-0.6366689,-0.8328661,-0.7471465,-0.81703734,0.28891274,0.11576481,-0.28734604,0.45261002,0.5840673,0.63923824,0.38672566,0.32213485,0.5520358,0.6502942,0.32564458,0.16695634,0.6180026,0.35940957,0.273901,0.5723392,0.60494477,-0.0068720374,0.32802486,0.51931345,0.7871914,0.88002264,0.5910094,-0.32904023,-0.4760751,-0.017743796,0.5381985,-0.45707357,0.04145999,-0.6646097,-0.7185298,-0.6966278,0.4310639,0.70673907,-0.5966902,-0.41580927,-0.6393715,-0.23560452,-0.43491364,-0.65240276,0.76947296,0.29447713,-0.35763782,-0.45458674,0.07547316,-0.71991783,-0.51371074,-0.60459673,-0.815181,-0.7440905,0.41833293,0.1170629
-0.79548573,-0.370137,-0.6696303,-0.25298926,-0.3058526,-0.44907653,-0.68515444,-0.4426314,-0.17787401,0.32556474,0.32310414,0.5811784,0.82925004,0.75789666,0.77405536,-0.6971423,0.8880738,0.10799438,0.91741216,0.4986765,0.78059244,0.45914745,0.19752666,0.44641852,-0.4422413,0.40769544,0.42279032,0.45980024,0.84039783,0.19753283,0.300444,0.07374663,-0.37432683,0.5896095,0.43743217,0.03999786,0.50353694,-0.45051575,-0.78176653,-0.58270395,-0.0048545366,0.121034086,0.42969185,0.42990464,0.46064115,0.12816827,0.2706884,0.11093828,-0.33876473,0.28950852,-0.67107856,-0.40695065,-0.22074078,-0.2444317,-0.42561206,-0.51924,-0.45832258,-0.20503277,-0.09160583,-0.11267654,0.3488575,0.661705,0.8135804,0.7041085,0.6266509,0.76801956,-0.5675905,0.65669775,0.386374,0.16323736,0.65069485,0.43723232,0.40277892,-0.33548757,0.29561812,-0.088429496,0.83405447,0.4576201,0.2866919,0.06063387,0.2704348,0.24568263,0.44590855,0.43683666,0.45750517,0.4944803,0.5395656,0.49477327,0.13699493,-0.21635959,-0.18759854,-0.6978811,-0.51655424,0.063743636,0.26910916,0.4713192,0.15036705,0.27122125,-0.1907475,0.12562072
-0.7557125,0.14813605,-0.2034199,0.27446908,0.17200562,-0.10687467,-0.19097792,0.1830365,0.3545396,0.41410744,0.24650425,0.53560925,0.3258177,0.16667026,0.2992313,-0.23123041,0.45015532,0.7822629,0.4986765,0.9695733,0.6147038,-0.2910052,-0.5652149,0.41026986,-0.5132058,-0.2201965,-0.38639194,-0.35450727,0.50566643,-0.56981486,-0.41164172,-0.5294157,-0.6535752,0.7940096,-0.3261757,0.7208899,-0.15816599,-0.64595926,-0.39129305,-0.1053441,0.5052668,-0.46267936,-0.2845095,-0.3197875,-0.29091245,-0.6460775,-0.51125884,-0.64149314,0.041288838,0.33279687,-0.61326504,0.039906576,0.23281689,0.27337715,0.0045607416,-0.0483523,0.13091385,0.351928,0.41403455,0.29889587,0.8162607,0.74643064,0.6422553,0.87808466,0.87985504,0.45114994,-0.026108965,0.7673304,0.8154242,0.7497415,0.8789527,-0.052305013,-0.22804862,-0.13324517,0.66629386,-0.2329486,0.5142547,-0.31651714,-0.41988027,-0.4578438,0.53652644,0.7228193,-0.2688123,-0.1198749,-0.31593692,0.031700917,-0.036207546,-0.29071078,0.7683913,0.24491158,-0.28113902,-0.6532866,-0.13752803,-0.4791485,-0.20726085,-0.26686886,-0.61466384,-0.4843712,0.26519284,0.2691815
-0.78172874,-0.21395457,-0.4894078,-0.11427966,-0.16643493,-0.25224602,-0.5476805,-0.25624496,0.053598266,0.4769032,0.44548082,0.68648803,0.7971356,0.73622155,0.8119342,-0.62911034,0.7595341,0.20887756,0.78059244,0.6147038,0.94571507,0.16209641,0.03913934,0.34570915,-0.42465007,0.1635063,0.19689468,0.24907972,0.87356806,0.056610446,0.13774243,-0.07811148,-0.42413235,0.5035927,0.15015112,0.21048938,0.25016844,-0.5334408,-0.7242304,-0.50254464,-0.03494916,-0.081938535,0.14874485,0.16317186,0.20263843,-0.032299247,0.06885789,-0.043156683,-0.2352866,0.17147253,-0.62947035,-0.2610036,-0.1297252,-0.10512744,-0.2400399,-0.28836232,-0.28188568,0.0026533436,0.14819548,0.04637958,0.53358746,0.7810837,0.7642524,0.76684725,0.8016721,0.8501817,-0.47259527,0.55845517,0.3336721,0.1559964,0.7970129,0.12919497,0.14922577,-0.28323254,0.2368427,-0.14942229,0.83177423,0.26339597,0.11026369,-0.0035164598,0.12174465,0.1798995,0.16073573,0.12900506,0.20403773,0.20685992,0.33110565,0.26361278,0.2682387,-0.23565161,-0.25432935,-0.64301825,-0.46775615,-0.14447948,0.029100098,0.20531514,-0.030000385,0.06122501,-0.09357375,0.057761207
-0.21604125,-0.6840905,-0.6725465,-0.6589623,-0.6416825,-0.6027333,-0.6587514,-0.7774232,-0.7061434,0.014812868,0.16179344,0.15703994,0.5202061,0.55622125,0.46370125,-0.60188556,0.5295999,-0.58367383,0.45914745,-0.2910052,0.16209641,0.9570204,0.7385924,0.32731342,0.08048765,0.83106315,0.9046854,0.89428544,0.37780726,0.7343372,0.7411063,0.6162392,0.14654344,0.060369197,0.9526761,-0.61438644,0.8491435,0.16046974,-0.44079268,-0.43780482,-0.24611257,0.718606,0.915889,0.9096148,0.91656053,0.74187624,0.823252,0.7077468,-0.46525735,0.23331466,-0.27177152,-0.6390389,-0.561304,-0.65629894,-0.6580498,-0.71763575,-0.7518001,-0.7114862,-0.47462487,-0.2815737,-0.35459152,0.031995423,0.32983983,0.007868901,-0.17068398,0.33663744,-0.59255457,0.16799772,-0.1741119,-0.39495045,-0.11977321,0.7833212,0.78694165,-0.20703867,-0.07072271,0.31797302,0.41514117,0.85438335,0.7573246,0.49217236,0.089651495,-0.18222764,0.9175997,0.8369874,0.92379415,0.74058485,0.7817918,0.9132952,-0.49643224,-0.23178469,0.15034217,-0.1686073,-0.35947415,0.6830708,0.72079366,0.9045018,0.766812,0.8266165,-0.45187184,0.09988094
0.085286684,-0.5325394,-0.3778456,-0.5732336,-0.5187154,-0.33826163,-0.41512644,-0.62078714,-0.5937472,-0.12000403,0.07463211,-0.047062084,0.35827005,0.49774456,0.3745268,-0.3985102,0.2467828,-0.7734813,0.19752666,-0.5652149,0.03913934,0.7385924,0.94650215,0.01512684,0.17217742,0.618431,0.8685986,0.8427124,0.17251006,0.9373917,0.69378436,0.6284018,0.30775416,-0.3098635,0.76791155,-0.74315566,0.6543863,0.28498954,-0.23926277,-0.33426213,-0.46811393,0.6136305,0.6866078,0.7205464,0.73385024,0.9430095,0.9239536,0.94049037,-0.3231808,0.011275917,-0.009047115,-0.45476067,-0.48176455,-0.5606538,-0.44434568,-0.45621303,-0.5787592,-0.60834056,-0.48725772,-0.34104323,-0.54127955,-0.18189722,0.064360626,-0.26838064,-0.35695317,0.21734741,-0.43864453,-0.18778661,-0.49807554,-0.64237624,-0.33735597,0.48525602,0.7392953,-0.07556374,-0.37559533,0.23778659,0.17211542,0.8459722,0.70274985,0.55147487,-0.23840488,-0.49363953,0.69132996,0.54136467,0.81475747,0.4817343,0.573118,0.7909582,-0.69357365,-0.34396493,0.14676917,0.07388969,-0.2375493,0.60172105,0.49865448,0.70419693,0.9420196,0.90202415,-0.43155944,-0.06158539
-0.6132736,-0.6235588,-0.67676383,-0.52064985,-0.6183932,-0.7282697,-0.58924496,-0.55804116,-0.45085257,0.6591921,0.6551144,0.6914191,0.46956378,0.2859341,0.40884233,-0.6369591,0.5788512,0.073611945,0.44641852,0.41026986,0.34570915,0.32731342,0.01512684,0.9047042,0.16192925,0.56287515,0.24222666,0.2584738,0.48910362,0.04756082,0.21025498,0.13994123,-0.25423607,0.59043103,0.31006938,0.19442533,0.4890828,-0.057826065,-0.26771176,0.08514984,0.5879195,0.38897198,0.43486664,0.34884155,0.3751646,-0.01231801,0.11150774,-0.02868661,-0.28541204,0.7093903,-0.59027374,-0.6906736,-0.4918476,-0.5332768,-0.7118317,-0.66396797,-0.5930524,-0.48167813,0.3730916,0.5657779,0.5110255,0.6258527,0.53847367,0.51265717,0.31553653,0.47189835,-0.25545585,0.624665,0.43545014,0.20776933,0.37187034,0.5692954,0.29788634,0.018752009,0.6905656,0.5649259,0.5912164,0.30390638,0.20681086,0.14974174,0.7173193,0.5627928,0.4138159,0.54325134,0.33572274,0.53362256,0.6203495,0.354881,0.34749445,0.52767944,0.23621818,-0.2774537,-0.019848438,0.378403,0.5809211,0.394374,0.0574904,0.20771338,-0.006215405,0.6341286
0.43580294,-0.420363,-0.026653768,-0.5004804,-0.47730893,-0.19354862,0.030102205,-0.333879,-0.4461298,0.28515935,0.387329,0.0623041,-0.1944511,-0.23711114,-0.19634798,-0.028141273,-0.2785464,-0.5377525,-0.4422413,-0.5132058,-0.42465007,0.08048765,0.17217742,0.16192925,0.93066907,0.33953136,0.12341826,0.13163921,-0.2879375,0.22835505,0.3445369,0.48075366,0.5461698,-0.43447086,0.10353807,-0.29926014,0.13226953,0.6944008,0.4595542,0.4428935,0.04358594,0.5807222,0.2392405,0.1942111,0.18757613,0.252997,0.1484206,0.24110582,-0.13774306,0.064735144,0.37617868,-0.37806898,-0.5178649,-0.516112,-0.30255616,-0.12438995,-0.32182524,-0.48840904,0.26131555,0.44694623,-0.18587273,-0.23479842,-0.49740088,-0.5508548,-0.5767548,-0.22458972,0.04636652,-0.47649276,-0.50778323,-0.5280043,-0.554048,0.075571306,-0.03846834,0.21939334,-0.15237556,0.7469884,-0.23113647,0.11994223,0.33046573,0.52172494,-0.11145161,-0.3026009,0.18388623,0.13729805,0.11164892,-0.07695791,0.1713385,0.14495254,-0.27106142,0.27742296,0.5541591,0.6992978,0.28927892,0.5969816,0.4170639,0.17334127,0.25395605,0.21481602,-0.122054145,0.15670855
-0.26461947,-0.85961634,-0.7540513,-0.8325253,-0.8364916,-0.7431283,-0.72683334,-0.8969258,-0.8050035,0.31891018,0.4606716,0.3787815,0.53046227,0.49020007,0.47132364,-0.7172413,0.54388154,-0.5815823,0.40769544,-0.2201965,0.1635063,0.83106315,0.618431,0.56287515,0.33953136,0.9440406,0.7971072,0.8087599,0.41678274,0.639702,0.75224376,0.66118085,0.17849365,0.12067498,0.8322021,-0.4967986,0.8675324,0.27457044,-0.34698674,-0.23414528,-0.025805123,0.85842454,0.9126664,0.87361705,0.8821076,0.6272321,0.701048,0.59402025,-0.50051284,0.42020243,-0.31211117,-0.8302462,-0.76371527,-0.83916056,-0.8159516,-0.7955657,-0.88480985,-0.8389786,-0.17197528,0.08151057,-0.15690826,0.18297032,0.31603384,0.041608796,-0.15386617,0.3892008,-0.5746244,0.20619938,-0.14653195,-0.40595824,-0.09425877,0.8044102,0.6872194,-0.12875846,0.10271871,0.6257168,0.4881989,0.79127467,0.76231533,0.5860772,0.23146698,-0.07719648,0.89485604,0.8570937,0.8390027,0.71767247,0.86743903,0.85951257,-0.34407943,0.018157484,0.33474973,-0.043933813,-0.25167495,0.82758284,0.8734488,0.87802887,0.66424835,0.75146943,-0.39343017,0.31261054
-0.15445793,-0.6850952,-0.6148337,-0.68278885,-0.6509899,-0.53826344,-0.6386,-0.7806555,-0.69690317,0.02715303,0.20619515,0.15093334,0.5459565,0.63316375,0.52141726,-0.60551107,0.4907546,-0.6967342,0.42279032,-0.38639194,0.19689468,0.9046854,0.8685986,0.24222666,0.12341826,0.7971072,0.9735617,0.9601587,0.38060492,0.8703824,0.77976876,0.647445,0.20058611,-0.06972858,0.91622335,-0.6921736,0.82684076,0.18775958,-0.4362598,-0.45207912,-0.36789784,0.71362823,0.870437,0.89093006,0.9041524,0.86460066,0.91238284,0.840566,-0.46469754,0.14430174,-0.2144697,-0.6241727,-0.59500724,-0.6763875,-0.6235373,-0.66038233,-0.74887514,-0.7153003,-0.4682597,-0.29464108,-0.40336525,0.0084698815,0.2756124,-0.06602324,-0.20084754,0.3789245,-0.6115093,0.03760741,-0.32418007,-0.5383956,-0.16634698,0.67790556,0.80654407,-0.20676424,-0.20809595,0.31474435,0.40067613,0.9295285,0.79013807,0.55781657,-0.06526709,-0.33923304,0.87457967,0.7377543,0.9502877,0.64694047,0.75540936,0.94748783,-0.5922795,-0.3243436,0.13791598,-0.10681391,-0.3763805,0.67634445,0.6557207,0.88076043,0.87939054,0.9089463,-0.5021702,0.022400342
-0.1849584,-0.70793223,-0.6471218,-0.7042168,-0.67134327,-0.55180967,-0.67089987,-0.803159,-0.69342923,0.0786249,0.252799,0.21286085,0.5962441,0.6690936,0.5691448,-0.6463927,0.5312556,-0.69684684,0.45980024,-0.35450727,0.24907972,0.89428544,0.8427124,0.2584738,0.13163921,0.8087599,0.9601587,0.9678726,0.43478703,0.8465602,0.8021085,0.6630142,0.20598604,-0.06331832,0.907522,-0.6751509,0.8284377,0.1794357,-0.47026527,-0.4811533,-0.38828456,0.7170915,0.87282896,0.89675814,0.9137774,0.8392799,0.886127,0.813508,-0.48951745,0.14280333,-0.23212722,-0.6496261,-0.61870694,-0.6947484,-0.63860536,-0.6697725,-0.77522564,-0.7195219,-0.43940482,-0.27655235,-0.36050516,0.06083601,0.29876387,-0.034760613,-0.164607,0.43158937,-0.6487519,0.04818858,-0.32930365,-0.55389607,-0.12463021,0.66393065,0.7820597,-0.22555709,-0.21206975,0.3207346,0.4516142,0.9236001,0.80513465,0.576993,-0.08359806,-0.35244793,0.8815321,0.7323234,0.94391835,0.62968,0.7714769,0.9542748,-0.5764055,-0.34438652,0.14685722,-0.11837685,-0.40822047,0.6757281,0.65935594,0.8926012,0.8524682,0.88955265,-0.50946516,0.019121658
-0.798646,-0.45436978,-0.68311846,-0.34821153,-0.40067044,-0.458711,-0.7175096,-0.49930823,-0.19202507,0.5201277,0.525254,0.73834777,0.8734255,0.79827535,0.8610903,-0.7861868,0.8635863,0.04388752,0.84039783,0.50566643,0.87356806,0.37780726,0.17251006,0.48910362,-0.2879375,0.41678274,0.38060492,0.43478703,0.9480773,0.19324444,0.34131265,0.11885896,-0.3096889,0.5166726,0.36182743,0.06632414,0.47682267,-0.38270405,-0.756991,-0.53177786,-0.0138682835,0.17307064,0.39540058,0.39390004,0.4319954,0.110703796,0.22590911,0.09216517,-0.34708604,0.30613893,-0.65376663,-0.49107224,-0.33543605,-0.33893564,-0.46588525,-0.50145996,-0.5237873,-0.24524099,0.08442811,0.057191826,0.457335,0.76470447,0.7933696,0.7123501,0.67675143,0.88150203,-0.59945416,0.58399177,0.2811343,0.04335831,0.6884545,0.358661,0.32049,-0.30560532,0.26981425,0.04757333,0.9236744,0.44581807,0.3205529,0.17142326,0.19930178,0.16503568,0.40060464,0.37273908,0.40541524,0.40216494,0.5506625,0.47111407,0.16189846,-0.19858493,-0.08521475,-0.59596163,-0.49367705,0.111456886,0.28974217,0.43759647,0.12652066,0.24364448,-0.18587181,0.16953482
0.08843815,-0.56922126,-0.38894767,-0.6146341,-0.55814445,-0.3507986,-0.4263087,-0.6475356,-0.6090342,-0.057150155,0.14270946,0.003342758,0.37929374,0.51715565,0.39769894,-0.4176705,0.2549201,-0.8015946,0.19753283,-0.56981486,0.056610446,0.7343372,0.9373917,0.04756082,0.22835505,0.639702,0.8703824,0.8465602,0.19324444,0.9518171,0.7173847,0.65786695,0.33215812,-0.32532215,0.7579545,-0.7359725,0.66361964,0.31677788,-0.22795033,-0.3049322,-0.46227604,0.64429367,0.6925372,0.72610044,0.73938084,0.94332695,0.9198618,0.942201,-0.3192305,0.032612108,0.00066929427,-0.4882077,-0.5214647,-0.60182965,-0.46579778,-0.4619038,-0.60878503,-0.63178957,-0.43057436,-0.27627233,-0.5101168,-0.14777604,0.061830036,-0.26885888,-0.35485125,0.24560407,-0.43840164,-0.20321378,-0.5274663,-0.68196553,-0.333596,0.484011,0.7371832,-0.05473224,-0.3733918,0.29445744,0.19521695,0.85170126,0.7188041,0.59745634,-0.24743101,-0.512566,0.6962125,0.5435513,0.81270343,0.4694779,0.5934254,0.7966213,-0.6839068,-0.3192929,0.19428878,0.11411055,-0.2178082,0.63025206,0.5185867,0.709407,0.9415705,0.90599644,-0.41830078,-0.028492017
-0.042206857,-0.72838944,-0.6087704,-0.7186405,-0.6950023,-0.5344065,-0.58973825,-0.7958059,-0.70976835,0.13870281,0.28369862,0.20408496,0.4635846,0.49451274,0.44651783,-0.5768875,0.40587425,-0.72254306,0.300444,-0.41164172,0.13774243,0.7411063,0.69378436,0.21025498,0.3445369,0.75224376,0.77976876,0.8021085,0.34131265,0.7173847,0.9432477,0.8091193,0.4622865,-0.1580123,0.75605834,-0.6834572,0.7105451,0.4158589,-0.33280873,-0.38587794,-0.41738355,0.7870778,0.80004483,0.8255421,0.8331851,0.7245482,0.7184044,0.6916932,-0.5176883,0.06788774,-0.014463977,-0.67369723,-0.65640855,-0.72310656,-0.63548243,-0.6159085,-0.7708287,-0.7392471,-0.3299069,-0.185714,-0.36932635,-0.03151625,0.09715554,-0.16624153,-0.25462598,0.32029492,-0.6160131,-0.089528225,-0.42165285,-0.626649,-0.21976398,0.5501126,0.56745255,-0.18394655,-0.2870996,0.42094994,0.35427576,0.74926573,0.928355,0.7429977,-0.18918924,-0.44598037,0.8049337,0.63946486,0.7583567,0.4641133,0.6602042,0.8025309,-0.58548576,-0.3423261,0.39630577,0.10720438,-0.34314626,0.76841164,0.6804496,0.8100841,0.72003055,0.7315037,-0.5138828,-0.012365771
0.17713228,-0.63813627,-0.42825055,-0.64729524,-0.6182653,-0.41649812,-0.35895228,-0.67425394,-0.6492191,0.08762853,0.20982543,0.07892892,0.24945298,0.2845469,0.24701875,-0.36117086,0.1976288,-0.7332524,0.07374663,-0.5294157,-0.07811148,0.6162392,0.6284018,0.13994123,0.48075366,0.66118085,0.647445,0.6630142,0.11885896,0.65786695,0.8091193,0.8946168,0.6709343,-0.2921839,0.6291076,-0.62833995,0.6065882,0.6568824,-0.046740558,-0.15466145,-0.3377156,0.77744913,0.682984,0.6953313,0.6912811,0.67097247,0.6421568,0.64686865,-0.31714505,0.11007097,0.22897843,-0.5734025,-0.56107163,-0.66191524,-0.52238756,-0.462729,-0.64433384,-0.6769941,-0.24135487,-0.110641256,-0.41218033,-0.18083479,-0.09525755,-0.33718532,-0.4245608,0.13694617,-0.3756827,-0.22938478,-0.4973197,-0.64616776,-0.38983932,0.4707359,0.4794991,0.03567037,-0.29216006,0.47656977,0.15682337,0.6370111,0.80833185,0.8340373,-0.21041103,-0.4644973,0.66984284,0.5467379,0.62389636,0.3816304,0.551632,0.66181266,-0.5504674,-0.19608417,0.62207365,0.37004423,-0.08975602,0.78095233,0.6470561,0.6792226,0.66945446,0.6619522,-0.32822165,0.082712784
0.609782,-0.19487067,0.093375355,-0.26005924,-0.21148449,0.03344732,0.15543869,-0.19910735,-0.29402992,-0.12734462,-0.065086186,-0.25322104,-0.21652395,-0.15396598,-0.18541834,0.16257267,-0.29336476,-0.5842717,-0.37432683,-0.6535752,-0.42413235,0.14654344,0.30775416,-0.25423607,0.5461698,0.17849365,0.20058611,0.20598604,-0.3096889,0.33215812,0.4622865,0.6709343,0.8911553,-0.5898876,0.17488942,-0.48075,0.104508236,0.792409,0.35307848,0.12487818,-0.397813,0.44555384,0.20654008,0.24280384,0.21280849,0.38315806,0.25918648,0.36883336,-0.03995113,-0.19449395,0.68354404,-0.12404643,-0.21722808,-0.2738915,-0.06638468,0.02847106,-0.16532454,-0.30258352,-0.14620924,-0.10774678,-0.49758166,-0.50059193,-0.54936945,-0.6504773,-0.6244011,-0.27783418,0.023004822,-0.58263284,-0.63280785,-0.6014826,-0.6170955,-0.0074761724,0.0452709,0.18392342,-0.48948532,0.28010297,-0.31356284,0.16179815,0.4600495,0.65627384,-0.4652028,-0.5952003,0.19304535,0.06646615,0.15037647,-0.09592995,0.038675252,0.17604929,-0.49293214,-0.17272756,0.6215646,0.70796573,0.15500194,0.48250574,0.22982362,0.2105287,0.3549486,0.26954216,-0.12959164,-0.108688146
-0.8035539,-0.12954322,-0.48657733,0.011941136,-0.09315515,-0.4311896,-0.43594328,-0.12049273,-0.0020005144,0.3370728,0.2235647,0.5003903,0.3943647,0.22147533,0.33347112,-0.41642654,0.58530486,0.5899775,0.5896095,0.7940096,0.5035927,0.060369197,-0.3098635,0.59043103,-0.43447086,0.12067498,-0.06972858,-0.06331832,0.5166726,-0.32532215,-0.1580123,-0.2921839,-0.5898876,0.9129061,0.027241614,0.47132015,0.1573551,-0.53316915,-0.49960572,-0.18853447,0.5170505,-0.15789092,0.069298536,0.019200603,0.044499584,-0.3778323,-0.21943477,-0.38756135,-0.19880712,0.449786,-0.7089969,-0.2318792,0.012947528,0.013051455,-0.31398684,-0.39976662,-0.16231777,0.01573523,0.17599729,0.19728015,0.60734504,0.6406467,0.675336,0.8041169,0.67077243,0.42712808,-0.21575618,0.86326396,0.8494658,0.6908238,0.7124955,0.3073669,0.08059169,-0.22529182,0.7248843,-0.059390485,0.56344104,-0.03589207,-0.15656337,-0.3157213,0.7129297,0.7771287,0.08726022,0.24794811,0.02033961,0.35199034,0.2538646,0.023424089,0.57046866,0.28390753,-0.19035015,-0.70435154,-0.24313721,-0.17137681,0.12088692,0.074382864,-0.32806388,-0.17549507,0.04985094,0.33489412
-0.18389556,-0.68074596,-0.6513483,-0.6632763,-0.6420369,-0.58349216,-0.6406956,-0.7755821,-0.7074553,0.005332984,0.15956451,0.14110436,0.5090518,0.5577823,0.45952454,-0.58656037,0.5108244,-0.61319435,0.43743217,-0.3261757,0.15015112,0.9526761,0.76791155,0.31006938,0.10353807,0.8322021,0.91622335,0.907522,0.36182743,0.7579545,0.75605834,0.6291076,0.17488942,0.027241614,0.9623866,-0.6392856,0.8481927,0.18625283,-0.42837805,-0.42988884,-0.2745447,0.7278307,0.9151318,0.91346014,0.92142934,0.76591134,0.8380461,0.73429453,-0.45687708,0.21352816,-0.24106863,-0.63059175,-0.5641057,-0.6601715,-0.64548296,-0.69961405,-0.7463368,-0.7138259,-0.47919542,-0.2885638,-0.38055217,0.0062480825,0.30095634,-0.025553204,-0.19863829,0.32744658,-0.5810484,0.13125995,-0.21115649,-0.4290163,-0.14737669,0.77290595,0.7982195,-0.19669701,-0.103520006,0.3245812,0.39946973,0.8671329,0.76960206,0.51092565,0.054055087,-0.22180623,0.91806495,0.8270472,0.92928886,0.7221279,0.77572745,0.919926,-0.52293587,-0.24703845,0.1629892,-0.13643382,-0.35211504,0.6922168,0.71188986,0.906019,0.78789616,0.8431375,-0.45455065,0.08809216
