0,1,2,3,4,5,6,7,8,9,10,11,12,13,14,15,16,17,18,19,20,21,22,23,24,25,26,27,28,29,30,31,32,33,34,35,36,37,38,39,40,41,42,43,44,45,46,47,48,49,50,51,52,53,54,55,56,57,58,59,60,61,62,63,64,65,66,67,68,69,70,71,72,73,74,75,76,77,78,79,80,81,82,83,84,85,86,87,88,89,90,91,92,93,94,95,96,97,98,99
0.92321926,0.44293377,0.09277113,0.2500375,-0.5307556,-0.39063537,0.43336654,0.31945902,0.35549486,0.08725729,-0.36581156,-0.19642992,-0.029517466,0.019983722,-0.029482212,0.31823623,0.14498577,0.28034407,0.118298866,-0.047652036,-0.046586387,0.10878426,0.015870549,0.06893021,-0.15184093,-0.3216404,-0.3093295,-0.39094955,-0.006847432,-0.036109045,0.4968779,0.13632478,0.54361904,0.24354467,0.14512837,0.4324409,0.07687151,0.4228347,0.507137,0.115124434,0.5031959,0.36903954,0.35076666,0.22293186,0.33008477,0.38273036,0.2825107,0.39900506,0.13818477,0.28699374,0.5325611,0.43229884,0.32108164,-0.52475303,-0.49196357,0.26404262,0.4555027,0.5314978,0.68592393,0.44823194,0.09342401,0.029825443,0.07584314,0.026699018,-0.017123992,-0.013436742,0.30582476,0.13465852,-0.014135799,0.2666191,-0.13065621,0.0073140813,-0.113895014,0.14051338,0.1290636,0.14632243,-0.2560274,-0.1732916,0.27572888,0.28347147,-0.07679916,0.37025595,0.48434234,0.0077032316,-0.44595784,-0.03770005,-0.13591884,-0.42281264,0.12974577,0.21723154,0.686307,0.5437267,0.18765955,0.5085378,0.25704432,0.12039681,0.27502513,0.40606484,0.31968156,0.27676922
0.44293377,0.9034911,0.14852923,0.71280897,-0.011747686,-0.097963974,0.5564028,0.5314652,0.46150005,-0.23887815,-0.26481244,0.09288036,0.27237448,0.3546123,0.40076256,0.7848336,0.42406446,0.56212574,0.5052868,0.46920115,0.4215544,0.3672916,0.38882077,0.39040646,-0.5135775,0.14370257,0.3783447,0.3040415,0.5361831,0.42377627,0.31324273,0.06921218,0.3892358,0.4848914,0.47279912,0.2005244,0.25663677,0.18757358,0.601097,0.29603717,0.42596412,0.46208715,0.46069843,0.42621472,0.07685563,0.4508323,0.4946733,0.44505715,0.16597024,0.017732773,0.35534704,0.6300124,0.6016493,0.2670143,-0.1918496,0.37402335,0.54884446,0.5385026,0.13600054,-0.29411906,-0.051540792,0.11642417,0.27268553,0.3085261,0.3875097,0.3599941,0.37401614,0.31925648,0.28990388,0.5005462,0.35866502,0.13291922,0.25090414,0.30020356,0.25311133,-0.13344175,0.28967014,0.36292806,0.005530425,0.13704339,0.27813736,0.2879439,0.11679746,0.26202914,0.11032252,0.26161337,-0.023940798,0.12635738,0.1797673,0.2109721,0.39392084,0.1729752,0.37703583,-0.076270215,0.044620924,-0.10265845,0.17394362,0.31757897,0.17757146,-0.02689367
0.09277113,0.14852923,0.89939976,0.49534798,-0.41549867,0.20833457,0.73016536,0.75224054,0.7800653,0.6501855,0.5024569,0.8078463,0.7784648,0.6852901,0.6200578,0.3771761,0.7075715,0.633122,0.60774124,0.42085207,0.6293845,0.7474913,0.6646401,0.7364541,-0.21269894,0.7254965,-0.15014164,0.4259533,0.54939437,0.64600646,-0.38626844,-0.69273955,-0.5214277,0.6120097,0.5469395,-0.29637292,-0.37428683,-0.6499319,0.43607998,0.85063094,0.19617923,-0.16417746,0.37346697,0.3177931,-0.6984161,0.13776858,0.45249382,0.14108253,0.46585435,-0.4529591,-0.4853319,0.626933,0.58618355,0.012143422,-0.4067278,0.832177,0.69203866,0.67985785,-0.1267377,0.005172694,0.7237795,0.82878715,0.77543783,0.73244,0.6606946,0.67370176,0.76305383,0.7837187,0.70648164,0.6502241,0.6290542,0.7880273,0.71816385,0.8198286,0.8216778,0.4668184,0.5473327,0.60500956,-0.70971566,-0.7251074,0.6509044,-0.00458188,-0.4868005,0.7688758,0.1693791,0.53438807,-0.57121956,0.5451772,-0.24991131,0.6571369,-0.2274153,-0.55799484,0.6824987,-0.5821712,0.45915133,-0.1869277,-0.39451295,-0.17625786,-0.07242822,-0.5092647
0.2500375,0.71280897,0.49534798,0.90280056,-0.17742254,-0.029038211,0.75357544,0.81040716,0.72652596,-0.011824508,-0.10689874,0.5026736,0.67682266,0.72096133,0.7422314,0.79622626,0.7541305,0.7772921,0.76717806,0.6731868,0.7413521,0.71871895,0.7326032,0.70214653,-0.64934087,0.5129686,0.27524894,0.5381778,0.76664317,0.7483854,0.031894475,-0.37116557,-0.012011407,0.71883416,0.6779097,-0.10110508,-0.024741462,-0.29646116,0.7167119,0.6811707,0.42644584,0.2674423,0.5529593,0.6042766,-0.37014523,0.48315966,0.69869065,0.46437716,0.21895438,-0.3184055,-0.07910373,0.81798494,0.8342595,0.34999323,-0.3686901,0.68563986,0.76834,0.70693284,-8.416374e-05,-0.33418235,0.36885607,0.5631412,0.6758799,0.70533305,0.7372986,0.7251159,0.7010051,0.69877064,0.6589254,0.7485181,0.70803595,0.5644656,0.6657558,0.69139975,0.6471947,0.13707381,0.5491084,0.70289767,-0.4154377,-0.3432272,0.6419613,0.20634589,-0.20153359,0.66158783,0.26153415,0.57298255,-0.37994033,0.45922774,-0.035769492,0.54539716,0.15887551,-0.21378466,0.7257143,-0.45861226,0.29679292,-0.22048044,-0.05220922,0.1389374,-0.021300513,-0.38451362
-0.5307556,-0.011747686,-0.41549867,-0.17742254,0.92012566,0.49765605,-0.47659618,-0.47197574,-0.4682716,-0.41350815,0.10788649,-0.27333796,-0.3932367,-0.35522643,-0.24979153,-0.14718947,-0.45249355,-0.34860218,-0.29359573,0.038852584,-0.19681536,-0.4448029,-0.32378745,-0.38661924,0.19334202,-0.12765181,0.46869716,0.17901176,-0.1582609,-0.23866291,0.012057955,0.43572938,0.020439547,-0.37319338,-0.31044775,0.014802732,0.29035443,0.14307629,-0.46090788,-0.48619848,-0.36791256,0.015436472,-0.37330842,-0.13117549,0.18231317,-0.27014112,-0.37075818,-0.2835669,0.018737046,0.11990919,0.06948995,-0.4424775,-0.36094147,0.58219993,0.80461776,-0.45139977,-0.5186733,-0.5280768,-0.44405127,-0.46041405,-0.56760997,-0.514905,-0.47854054,-0.4077524,-0.28688255,-0.3136211,-0.58175397,-0.4966343,-0.32621306,-0.38054985,-0.16164544,-0.46071875,-0.3072791,-0.51982915,-0.50383896,-0.47684938,-0.0028386386,-0.14442733,0.24277374,0.3144344,-0.2802086,-0.17954382,-0.1296468,-0.39471203,0.21884483,-0.24658406,0.52073,0.091532394,0.20733169,-0.52104086,-0.26338658,-0.05335024,-0.47064286,-0.057432998,-0.49375045,0.15551548,0.012451366,-0.13887472,0.07081994,0.12681986
-0.39063537,-0.097963974,0.20833457,-0.029038211,0.49765605,0.8670874,-0.045699887,-0.074411124,-0.0139251,0.19431323,0.5573697,0.1905578,-0.03474587,-0.09848864,-0.07779225,-0.1382807,-0.17546186,-0.089695126,-0.13007393,0.11582182,0.008518288,-0.11248452,-0.104821675,-0.06659134,0.33933008,0.22975169,0.06932293,0.23710933,-0.06891932,-0.042177614,-0.2678153,-0.010592619,-0.4355013,-0.13604198,-0.18669951,-0.18606049,-0.10917786,-0.2974614,-0.34882876,-0.0069138873,-0.38283056,-0.2753706,-0.34167057,-0.09895388,-0.30214065,-0.39696968,-0.30996254,-0.38724065,0.37211397,-0.15983786,-0.23872797,-0.166294,-0.14808668,0.41521418,0.5474283,0.06460182,-0.13581628,-0.11222269,-0.40489554,-0.16033855,-0.011165722,-0.014222901,-0.09083138,-0.08487482,-0.06119875,-0.07730732,-0.1520904,-0.09060229,0.0038424833,-0.08172417,0.0595802,-0.012370115,-0.008685468,-0.049733866,0.017562656,-0.022962742,0.13989401,0.008284485,-0.17577344,-0.16744173,-0.031120919,-0.28471524,-0.5143647,0.006132832,0.07877286,-0.10427934,0.1061854,0.30273426,-0.055383988,-0.16642855,-0.51115,-0.36882997,-0.17334032,-0.3516051,-0.25935942,0.09700836,-0.40822536,-0.41731802,0.059046563,-0.19487813
0.43336654,0.5564028,0.73016536,0.75357544,-0.47659618,-0.045699887,0.9245926,0.90173125,0.8826032,0.35885286,0.10362243,0.60456705,0.72213054,0.71548384,0.67943597,0.6844667,0.7813746,0.81212944,0.7291021,0.53214484,0.6890391,0.7717894,0.7122028,0.75623333,-0.47059864,0.540269,-0.019365275,0.3669806,0.6649014,0.69440854,-0.05181241,-0.5050627,-0.12294769,0.7468331,0.6589796,-0.07239087,-0.18425861,-0.3509254,0.726246,0.80838144,0.45451516,0.12700434,0.567159,0.48914307,-0.45038182,0.4215924,0.65635914,0.41717145,0.37297595,-0.3099019,-0.1358898,0.8596488,0.79471505,0.012508603,-0.5597854,0.85787183,0.8953769,0.88683844,0.12404472,-0.024346309,0.5817294,0.6991298,0.75362456,0.7354539,0.70757866,0.70337135,0.83904874,0.78810465,0.68367326,0.80167115,0.6456922,0.6746242,0.66705436,0.811767,0.79184926,0.34899998,0.47947058,0.60433257,-0.50412285,-0.45550036,0.622252,0.20498864,-0.22165218,0.71196914,0.08688663,0.5393815,-0.5321511,0.3698376,-0.10434468,0.6653873,0.14581795,-0.24588148,0.75062215,-0.38477635,0.42769092,-0.21495837,-0.1579409,0.0973245,0.040452357,-0.37556148
0.31945902,0.5314652,0.75224054,0.81040716,-0.47197574,-0.074411124,0.90173125,0.9591629,0.9010048,0.31721222,0.08010678,0.693352,0.8308943,0.8232472,0.78601825,0.7046833,0.87302554,0.84868956,0.81216097,0.599768,0.7712157,0.86534286,0.8146317,0.82957333,-0.57760036,0.64390576,0.04030467,0.4867414,0.7589003,0.8031759,-0.14737104,-0.6199707,-0.2122629,0.80426186,0.7358613,-0.18626226,-0.21420231,-0.47717345,0.75846064,0.8832321,0.4409163,0.11752101,0.60952973,0.562462,-0.5499508,0.44182837,0.724741,0.43059695,0.30590028,-0.40978605,-0.2585074,0.8996103,0.8660258,0.11015247,-0.5926651,0.8859568,0.9226991,0.8757288,0.04268478,-0.129757,0.6500627,0.80231315,0.86114097,0.8451813,0.8100997,0.81035054,0.9033697,0.8851234,0.7893031,0.84777075,0.7448305,0.7845881,0.78705025,0.89038783,0.85751283,0.36984634,0.586149,0.73293126,-0.6096804,-0.5722575,0.7426103,0.18173186,-0.28623787,0.8228203,0.22331972,0.65859294,-0.59347343,0.5035987,-0.16294602,0.74661905,0.08378035,-0.342071,0.85842776,-0.5114458,0.5135739,-0.27707842,-0.1760087,0.0625577,-0.0669769,-0.47332317
0.35549486,0.46150005,0.7800653,0.72652596,-0.4682716,-0.0139251,0.8826032,0.9010048,0.9410451,0.36426717,0.18155405,0.6743969,0.78061354,0.7669561,0.7278564,0.63843393,0.8249063,0.8528732,0.77468246,0.61378324,0.7212646,0.83788586,0.76405096,0.7705728,-0.53231084,0.6136695,0.0015325106,0.4414673,0.70889044,0.75437427,-0.1632044,-0.6210017,-0.16687249,0.8243402,0.7287421,-0.03699805,-0.10435627,-0.42764604,0.76726365,0.85479856,0.5333886,0.16823721,0.64995825,0.5970743,-0.48868304,0.49912298,0.7305009,0.49664032,0.4902305,-0.25522768,-0.2688505,0.86770433,0.8344791,-0.00031089317,-0.539243,0.9165598,0.898655,0.8938465,-0.0016177762,-0.082522176,0.6163968,0.76868415,0.8186449,0.79686475,0.7537925,0.75088626,0.88957167,0.85055196,0.7850219,0.85965335,0.69611526,0.7698741,0.7424983,0.8314005,0.7965602,0.28244618,0.5512117,0.67222166,-0.6069063,-0.56684244,0.7282498,0.32378116,-0.24513386,0.79194045,0.1908153,0.6705235,-0.48764065,0.46979558,-0.003943622,0.7788459,0.15147226,-0.36136103,0.8276242,-0.45519555,0.5580459,-0.079157725,-0.08062351,0.17473203,0.12408376,-0.32222757
0.08725729,-0.23887815,0.6501855,-0.011824508,-0.41350815,0.19431323,0.35885286,0.31721222,0.36426717,0.86476374,0.52795637,0.4968462,0.35817635,0.23111454,0.13444638,-0.097068146,0.24621269,0.149487,0.10784757,-0.07837505,0.16788134,0.29296088,0.1863029,0.32971996,0.27907887,0.36859506,-0.4901358,-0.023566669,0.011244957,0.13554384,-0.28502712,-0.41876253,-0.5432278,0.13048176,0.06462003,-0.31294906,-0.5607947,-0.44942287,-0.028153729,0.46657848,-0.13791552,-0.41435903,-0.05470521,-0.14838159,-0.50364286,-0.27038318,-0.05401282,-0.24677664,0.26366168,-0.3721903,-0.32761458,0.15275978,0.059611544,-0.27186418,-0.27040946,0.44679403,0.27627644,0.31322396,0.074374415,0.40131062,0.59813225,0.5100793,0.36264104,0.29754847,0.2064238,0.21856517,0.36007228,0.36485386,0.254807,0.18629631,0.16738078,0.43423015,0.28179365,0.46330687,0.52505946,0.5738232,0.12397684,0.09972747,-0.39100617,-0.47671586,0.18868114,-0.24739897,-0.3525089,0.3592248,-0.1799697,0.058226474,-0.48664495,0.13873602,-0.3957692,0.27684936,-0.34759003,-0.31272,0.20935631,-0.2437503,0.19942793,-0.17116292,-0.5103587,-0.38712925,-0.14925694,-0.3959998
-0.36581156,-0.26481244,0.5024569,-0.10689874,0.10788649,0.5573697,0.10362243,0.08010678,0.18155405,0.52795637,0.8925061,0.53587985,0.28364792,0.14951898,0.13629475,-0.1315912,0.113059744,0.07300058,0.09185195,0.1457189,0.1852255,0.18862836,0.16085997,0.23279078,0.26287198,0.5202489,0.0035599992,0.32460514,0.113404796,0.17771699,-0.51632094,-0.33165857,-0.60214823,0.08024656,0.089693636,-0.1999127,-0.16427681,-0.48225135,-0.19941607,0.30433455,-0.197141,-0.30553502,-0.083153486,-0.12688048,-0.45085955,-0.26533198,-0.108030185,-0.2503829,0.4888418,-0.19214275,-0.5044101,-0.0483198,-0.072093695,0.08115015,0.23807552,0.27321076,-0.0027369005,0.021380797,-0.51888984,-0.097487405,0.24967767,0.32059762,0.20658128,0.18411088,0.17401724,0.16670313,0.11140452,0.19289635,0.250934,0.08352247,0.21989557,0.311452,0.27998847,0.2195184,0.24142925,0.093920276,0.37418222,0.2173726,-0.4736899,-0.48245913,0.2164011,-0.17656416,-0.5177069,0.24993208,0.20754904,0.16054608,-0.0489287,0.4202694,-0.03632088,0.14063624,-0.5378834,-0.6389164,0.051634245,-0.45733777,0.052851662,0.040878966,-0.35707235,-0.31016147,0.05176381,-0.22884956
-0.19642992,0.09288036,0.8078463,0.5026736,-0.27333796,0.1905578,0.60456705,0.693352,0.6743969,0.4968462,0.53587985,0.93990594,0.88452494,0.7877076,0.75785905,0.40388077,0.7850294,0.62845623,0.710436,0.54237586,0.7426107,0.8191091,0.785115,0.8164929,-0.34885243,0.9014824,0.11668877,0.6641691,0.7039379,0.78733677,-0.54852426,-0.7599088,-0.6131836,0.63999903,0.656196,-0.42174757,-0.28206936,-0.7612049,0.3991691,0.85902804,0.14914969,-0.14136879,0.42379564,0.348733,-0.76075536,0.16864091,0.5119711,0.15747815,0.36173534,-0.53264433,-0.67164326,0.5627926,0.577273,0.23158154,-0.32732207,0.74015796,0.5783172,0.5145661,-0.4243422,-0.28748766,0.6649556,0.85539097,0.8321973,0.8201826,0.78573096,0.79300135,0.7165574,0.8112625,0.79595685,0.63956004,0.76244235,0.8428652,0.8548082,0.80747175,0.78040195,0.32887456,0.74827945,0.7940893,-0.8240882,-0.82210684,0.78122497,-0.02580792,-0.56941557,0.8366587,0.4571635,0.6781249,-0.49430975,0.736763,-0.22666913,0.6557629,-0.36568874,-0.75240093,0.7214258,-0.7858154,0.46936643,-0.2694735,-0.344553,-0.18143809,-0.1859638,-0.58360356
-0.029517466,0.27237448,0.7784648,0.67682266,-0.3932367,-0.03474587,0.72213054,0.8308943,0.78061354,0.35817635,0.28364792,0.88452494,0.97488505,0.9182625,0.8894139,0.57648337,0.932387,0.77094495,0.85663164,0.6394925,0.838586,0.9340681,0.91622806,0.9115225,-0.5786452,0.8474611,0.13865817,0.6647557,0.8300419,0.90677994,-0.41346717,-0.7863306,-0.43955415,0.77697176,0.78628755,-0.3449867,-0.21148366,-0.69275475,0.6244606,0.9337154,0.34594482,0.012876909,0.601843,0.5245774,-0.7080071,0.3874825,0.71259916,0.36742273,0.29204547,-0.49280372,-0.57446235,0.7381668,0.76153094,0.21580653,-0.51083577,0.80826926,0.7335659,0.6535623,-0.27724937,-0.31288558,0.6902467,0.9077095,0.9403828,0.9391678,0.9032694,0.9148458,0.8490313,0.9240353,0.8697628,0.77571136,0.8496138,0.8931398,0.93311274,0.8987483,0.85261774,0.32352448,0.7514342,0.88295436,-0.7893716,-0.7860024,0.85954154,0.11336638,-0.44171143,0.9109612,0.45215374,0.77711034,-0.55968237,0.7020694,-0.19151723,0.7670554,-0.15339236,-0.6313193,0.87486804,-0.7268874,0.57406735,-0.2943961,-0.20707434,-0.020122774,-0.1648599,-0.5546049
0.019983722,0.3546123,0.6852901,0.72096133,-0.35522643,-0.09848864,0.71548384,0.8232472,0.7669561,0.23111454,0.14951898,0.7877076,0.9182625,0.9664329,0.94582975,0.61923647,0.91689587,0.80253106,0.88938147,0.70267564,0.87713563,0.89746445,0.936746,0.8715178,-0.65126383,0.7591499,0.18617785,0.6364497,0.85186565,0.9179932,-0.27278155,-0.6930443,-0.3015458,0.7845079,0.78833354,-0.24485895,-0.12253094,-0.5856091,0.6785795,0.8699006,0.42276478,0.11150278,0.6342534,0.6050309,-0.59754574,0.47588962,0.7667167,0.45978397,0.26271677,-0.41321218,-0.47734913,0.75130594,0.7906333,0.22864759,-0.5042507,0.7695135,0.7362321,0.65604156,-0.21938637,-0.33301702,0.6100029,0.82704234,0.90891063,0.9526248,0.94675905,0.9592558,0.8252768,0.88763964,0.8431233,0.7970828,0.8817258,0.8156723,0.9292265,0.8520824,0.79955405,0.24968523,0.7107719,0.8825415,-0.6826505,-0.6757436,0.8374162,0.19281805,-0.34365875,0.8576415,0.42394727,0.77343583,-0.5099719,0.6359112,-0.10143408,0.74618375,-0.045363486,-0.5368279,0.86247003,-0.648634,0.550177,-0.23365507,-0.10168764,0.07897641,-0.102201045,-0.48129338
-0.029482212,0.40076256,0.6200578,0.7422314,-0.24979153,-0.07779225,0.67943597,0.78601825,0.7278564,0.13444638,0.13629475,0.75785905,0.8894139,0.94582975,0.9646616,0.66319203,0.89660394,0.8079258,0.90765285,0.7649342,0.8976054,0.872452,0.93935406,0.8527539,-0.69561094,0.75722814,0.3069564,0.6989788,0.8879194,0.932028,-0.2576505,-0.6366611,-0.25254235,0.78651977,0.80939853,-0.21357532,-0.031536162,-0.5448687,0.6780455,0.8205064,0.43759125,0.17414394,0.64975667,0.6360445,-0.5499393,0.5066267,0.780635,0.49329892,0.26437214,-0.37662178,-0.45361137,0.7302118,0.78745365,0.31425202,-0.4243386,0.7241639,0.69336784,0.61270595,-0.3001746,-0.44320875,0.5211053,0.7639918,0.86196584,0.91980445,0.9479035,0.9544788,0.7729162,0.83901614,0.83081174,0.7907469,0.9031518,0.7603943,0.9185798,0.79354614,0.73594296,0.14337891,0.7451246,0.909202,-0.65697324,-0.6249235,0.83707833,0.22949001,-0.33680457,0.82402784,0.49159724,0.7882875,-0.42048034,0.6619174,-0.028246462,0.7074363,-0.037735574,-0.5422446,0.8311662,-0.6667162,0.49362385,-0.204497,-0.046823606,0.12496118,-0.06698894,-0.4415434
0.31823623,0.7848336,0.3771761,0.79622626,-0.14718947,-0.1382807,0.6844667,0.7046833,0.63843393,-0.097068146,-0.1315912,0.40388077,0.57648337,0.61923647,0.66319203,0.8899736,0.688713,0.7565868,0.7489122,0.637941,0.6693886,0.64569753,0.6647499,0.6464194,-0.65666056,0.43679112,0.40339237,0.49497163,0.75227475,0.68281025,0.12803623,-0.21049905,0.17144501,0.70361763,0.70652413,0.057289146,0.16156551,-0.08953044,0.7168992,0.56212187,0.4971001,0.4147331,0.6196311,0.5427773,-0.15661633,0.5483664,0.6818168,0.52924424,0.2159312,-0.15593253,0.08028989,0.7562586,0.747565,0.27269736,-0.33549565,0.56657887,0.675753,0.63672024,-0.017473353,-0.39671063,0.17090508,0.41392165,0.55615366,0.58856416,0.6542397,0.63223743,0.59225166,0.5835823,0.57415783,0.6974993,0.61585903,0.42970893,0.56089866,0.54239094,0.4821005,-0.03115778,0.53181374,0.6281809,-0.27534464,-0.16814208,0.5600281,0.30559638,-0.031137483,0.540926,0.27802223,0.5289139,-0.18973783,0.3523869,0.119405694,0.4548741,0.27440658,-0.107403874,0.6144851,-0.32257628,0.24681604,-0.18374631,0.11586486,0.29039592,0.08810385,-0.22427382
0.14498577,0.42406446,0.7075715,0.7541305,-0.45249355,-0.17546186,0.7813746,0.87302554,0.8249063,0.24621269,0.113059744,0.7850294,0.932387,0.91689587,0.89660394,0.688713,0.96772337,0.8448225,0.90468013,0.67425066,0.84036493,0.94581103,0.9262186,0.9085529,-0.697796,0.7488519,0.17098948,0.60192156,0.8634896,0.91386545,-0.24644959,-0.69948447,-0.23716184,0.8434746,0.8470011,-0.19939026,-0.10635965,-0.53416747,0.7630308,0.9065162,0.49823043,0.17248207,0.71758795,0.61086226,-0.566365,0.5377907,0.8148793,0.52288234,0.2709293,-0.38585317,-0.40953237,0.831349,0.8463146,0.14061123,-0.59663194,0.81433076,0.8057469,0.7336134,-0.15213594,-0.3019523,0.61485934,0.8464377,0.9180565,0.9232481,0.9018601,0.91114557,0.87635475,0.9152646,0.85585463,0.8324055,0.829019,0.83954656,0.89445674,0.8733033,0.81169355,0.24877894,0.6949455,0.86350894,-0.6850729,-0.6557442,0.83962667,0.24525163,-0.28523102,0.876686,0.3868798,0.7843803,-0.522732,0.5986818,-0.09145392,0.7812713,0.053189173,-0.4743702,0.90006584,-0.6036988,0.5921202,-0.25504318,-0.06348945,0.14404127,-0.07140973,-0.44934648
0.28034407,0.56212574,0.633122,0.7772921,-0.34860218,-0.089695126,0.81212944,0.84868956,0.8528732,0.149487,0.07300058,0.62845623,0.77094495,0.80253106,0.8079258,0.7565868,0.8448225,0.9387741,0.8613301,0.7582793,0.809702,0.8488383,0.8280716,0.7726568,-0.69058347,0.6156925,0.22666173,0.5434401,0.81567395,0.82546175,-0.11192089,-0.54719245,-0.03584599,0.9061569,0.83594126,0.037324425,0.07626526,-0.3457715,0.8212087,0.7856519,0.62412214,0.30709136,0.750227,0.6896852,-0.38666856,0.6326022,0.8294096,0.62973803,0.44251174,-0.18420294,-0.2337115,0.8525324,0.87271947,0.11622615,-0.48198202,0.81187594,0.82815963,0.8057486,-0.1129075,-0.28859505,0.45972085,0.68282217,0.78685045,0.8039303,0.8049811,0.8021108,0.83000267,0.8138299,0.82597005,0.91267025,0.7778075,0.7150288,0.7799475,0.7510009,0.6935282,0.09210095,0.625057,0.75849295,-0.56123817,-0.48713258,0.7936778,0.45336723,-0.17720883,0.77387273,0.33593786,0.76703906,-0.34954312,0.49997628,0.14642231,0.76543295,0.22015506,-0.37208003,0.829392,-0.47385103,0.5201058,-0.04632028,0.084509626,0.3251658,0.16951904,-0.25033295
0.118298866,0.5052868,0.60774124,0.76717806,-0.29359573,-0.13007393,0.7291021,0.81216097,0.77468246,0.10784757,0.09185195,0.710436,0.85663164,0.88938147,0.90765285,0.7489122,0.90468013,0.8613301,0.9299389,0.76056385,0.85926795,0.8868778,0.91238785,0.85285556,-0.73863995,0.71174264,0.336407,0.65466094,0.90149903,0.91513264,-0.17368478,-0.5791713,-0.1156407,0.8507709,0.8642187,-0.080676556,0.07504982,-0.42128128,0.764426,0.8124821,0.5499753,0.2942934,0.74641204,0.65589845,-0.44805437,0.6004418,0.83139193,0.5846455,0.32875913,-0.2711777,-0.34116724,0.7987721,0.83322096,0.24470177,-0.4631124,0.7473262,0.74700713,0.68289083,-0.24386021,-0.42616364,0.450598,0.71944743,0.83129704,0.87210137,0.8945896,0.89617205,0.791224,0.82978415,0.8234662,0.8326299,0.8421004,0.7398141,0.85775054,0.7656077,0.6940216,0.07607323,0.7184374,0.8685367,-0.602334,-0.54159784,0.8190315,0.3385263,-0.22496155,0.79924667,0.45402396,0.7876853,-0.3516543,0.59700453,0.06792877,0.71864486,0.109515,-0.4593028,0.83581215,-0.57808816,0.51576114,-0.15076391,0.05797094,0.24599841,0.046182763,-0.34215325
-0.047652036,0.46920115,0.42085207,0.6731868,0.038852584,0.11582182,0.53214484,0.599768,0.61378324,-0.07837505,0.1457189,0.54237586,0.6394925,0.70267564,0.7649342,0.637941,0.67425066,0.7582793,0.76056385,0.89204353,0.78594077,0.67718625,0.75377864,0.62006843,-0.65705144,0.59295416,0.4591171,0.65770185,0.7845633,0.7763924,-0.14327577,-0.41379976,-0.026949164,0.74198794,0.7103803,0.09431924,0.27692252,-0.33038443,0.62872624,0.58051157,0.5347774,0.3168757,0.6196742,0.6985333,-0.3234864,0.604421,0.7371988,0.59569836,0.4683296,-0.07475777,-0.3007846,0.6199565,0.7168735,0.38447118,-0.121359184,0.5843369,0.5494014,0.51032466,-0.40624726,-0.55176175,0.21125622,0.4838894,0.6031034,0.67355824,0.72723466,0.7245909,0.57821125,0.6033446,0.71305037,0.73197424,0.78680074,0.5363914,0.7131135,0.52444935,0.46089566,-0.18469459,0.6476789,0.754678,-0.49375457,-0.4003328,0.7213365,0.45007616,-0.25814083,0.6157576,0.48957843,0.73249257,-0.07615093,0.58632904,0.3204741,0.58509624,0.11303845,-0.4831661,0.65158176,-0.5514357,0.33084178,0.12142119,0.16914947,0.34258685,0.26056105,-0.14568666
-0.046586387,0.4215544,0.6293845,0.7413521,-0.19681536,0.008518288,0.6890391,0.7712157,0.7212646,0.16788134,0.1852255,0.7426107,0.838586,0.87713563,0.8976054,0.6693886,0.84036493,0.809702,0.85926795,0.78594077,0.9298687,0.825851,0.89395344,0.8216522,-0.6132329,0.74989045,0.29604703,0.6815804,0.8416656,0.88267815,-0.23679025,-0.5899755,-0.27260345,0.7708073,0.7616667,-0.23011494,-0.072016224,-0.5366583,0.62742996,0.79096735,0.3907825,0.10837494,0.5749654,0.5897094,-0.5626701,0.44498014,0.72072667,0.444696,0.2922788,-0.40470034,-0.43040645,0.70665085,0.7579696,0.3468812,-0.3608489,0.7191435,0.6786191,0.61025274,-0.3056817,-0.4171272,0.5032655,0.7206248,0.8077215,0.8592231,0.8912258,0.89641815,0.7409718,0.7934096,0.81207204,0.79316324,0.91973007,0.7165204,0.8862127,0.7764807,0.7313124,0.16099453,0.72692835,0.85896796,-0.63981754,-0.5939944,0.8120302,0.20770898,-0.3953746,0.7878677,0.45274958,0.74743253,-0.4276722,0.63896775,-0.034231246,0.6738644,-0.08743684,-0.5570996,0.77346104,-0.6792186,0.39901,-0.21701042,-0.11628258,0.07629288,-0.061263774,-0.47211406
0.10878426,0.3672916,0.7474913,0.71871895,-0.4448029,-0.11248452,0.7717894,0.86534286,0.83788586,0.29296088,0.18862836,0.8191091,0.9340681,0.89746445,0.872452,0.64569753,0.94581103,0.8488383,0.8868778,0.67718625,0.825851,0.9653904,0.9084211,0.88612044,-0.6718241,0.7830472,0.15305029,0.6217868,0.8480262,0.90300655,-0.32267323,-0.75648737,-0.28964114,0.8699682,0.85921884,-0.20029396,-0.09971714,-0.58846754,0.7442214,0.9185734,0.49430448,0.15453896,0.72086054,0.62357056,-0.5970948,0.5238031,0.8028146,0.5044286,0.34970644,-0.37506717,-0.47220683,0.8204626,0.8413197,0.13123791,-0.56517065,0.8419765,0.801584,0.73624367,-0.21162705,-0.30211553,0.63833547,0.8748665,0.9311843,0.9200878,0.8808603,0.8888889,0.88730097,0.932902,0.90126103,0.85123503,0.81870013,0.88867843,0.9026283,0.8732176,0.81437856,0.25049675,0.72588336,0.8598579,-0.73899555,-0.71733385,0.88151824,0.27453423,-0.3092614,0.91673154,0.4304245,0.8301678,-0.5018136,0.6487813,-0.06467676,0.8272283,0.022367673,-0.54051644,0.9192295,-0.6370953,0.64546746,-0.19452871,-0.06966795,0.14419185,-0.040991306,-0.44157726
0.015870549,0.38882077,0.6646401,0.7326032,-0.32378745,-0.104821675,0.7122028,0.8146317,0.76405096,0.1863029,0.16085997,0.785115,0.91622806,0.936746,0.93935406,0.6647499,0.9262186,0.8280716,0.91238785,0.75377864,0.89395344,0.9084211,0.9535373,0.8837732,-0.69678766,0.7689512,0.24727482,0.66915286,0.8868885,0.9299381,-0.2723543,-0.6725904,-0.2588114,0.81797934,0.82873774,-0.19700614,-0.048986316,-0.55237436,0.7127006,0.8586658,0.47936583,0.16269393,0.68760216,0.62970364,-0.5740607,0.5394835,0.8089286,0.5222559,0.29391104,-0.37399107,-0.47240597,0.7577673,0.8085629,0.2426436,-0.4854508,0.76518476,0.72491527,0.6519413,-0.2708488,-0.39517826,0.5618925,0.8008859,0.88597035,0.92586565,0.9325961,0.9412782,0.8151655,0.8695311,0.8512187,0.8143156,0.8919531,0.7984647,0.92308986,0.8249607,0.76579165,0.172981,0.7322284,0.9010664,-0.6890727,-0.65976536,0.85634804,0.25962168,-0.33944252,0.8472347,0.45540446,0.80197775,-0.45323586,0.6385913,-0.02612402,0.7469761,-0.012720055,-0.557923,0.8570913,-0.6606256,0.53468555,-0.20561779,-0.040512633,0.14512262,-0.042125084,-0.43400133
0.06893021,0.39040646,0.7364541,0.70214653,-0.38661924,-0.06659134,0.75623333,0.82957333,0.7705728,0.32971996,0.23279078,0.8164929,0.9115225,0.8715178,0.8527539,0.6464194,0.9085529,0.7726568,0.85285556,0.62006843,0.8216522,0.88612044,0.8837732,0.92160505,-0.56460536,0.7761101,0.15646958,0.6041565,0.81844485,0.865556,-0.27583152,-0.65099114,-0.32922873,0.7520647,0.76996696,-0.2858338,-0.19361688,-0.572956,0.6389596,0.8888471,0.35963255,0.061118394,0.58750117,0.48271364,-0.61404675,0.39134306,0.69349587,0.384307,0.2639046,-0.4662345,-0.4235891,0.75046265,0.74762493,0.1819678,-0.50952595,0.7825527,0.7375467,0.67293483,-0.20232892,-0.28965518,0.60905254,0.82379794,0.87188965,0.8744044,0.86462605,0.8758668,0.80447924,0.85725415,0.7940482,0.7525712,0.809883,0.7913173,0.86516434,0.8541024,0.81014794,0.29611135,0.7015301,0.82804215,-0.68479455,-0.6564999,0.7710514,0.10452852,-0.37629753,0.8321079,0.34980494,0.6899036,-0.52980626,0.6023464,-0.17951015,0.67856,-0.09677786,-0.5301312,0.8045096,-0.64612067,0.46478057,-0.3344478,-0.19784012,0.0037455596,-0.14270596,-0.5292051
-0.15184093,-0.5135775,-0.21269894,-0.64934087,0.19334202,0.33933008,-0.47059864,-0.57760036,-0.53231084,0.27907887,0.26287198,-0.34885243,-0.5786452,-0.65126383,-0.69561094,-0.65666056,-0.697796,-0.69058347,-0.73863995,-0.65705144,-0.6132329,-0.6718241,-0.69678766,-0.56460536,0.90697056,-0.38457084,-0.4290828,-0.48360723,-0.7543405,-0.7183634,0.021434456,0.3684798,-0.21150349,-0.7257477,-0.7314539,-0.15314549,-0.33923107,0.131168,-0.7823683,-0.4984467,-0.663992,-0.5012595,-0.74892867,-0.6878127,0.1158413,-0.7715968,-0.8466076,-0.7482492,-0.12398821,-0.01521602,0.12421006,-0.67705536,-0.7641512,-0.18374039,0.3849585,-0.45583028,-0.5664706,-0.48767895,0.13916335,0.44946513,-0.15104663,-0.4160903,-0.5786607,-0.6211824,-0.64513946,-0.6469947,-0.58941174,-0.5865297,-0.613937,-0.65587604,-0.5930923,-0.48395354,-0.5963183,-0.4664591,-0.35859033,0.17684841,-0.49635622,-0.68320286,0.3598559,0.268418,-0.63593507,-0.5120108,-0.038674336,-0.5444289,-0.41521734,-0.69879663,0.099861786,-0.3729546,-0.27870676,-0.5728897,-0.39591357,0.1990941,-0.7010946,0.29759908,-0.43089217,-0.025131729,-0.38065138,-0.51030385,-0.1404908,0.026821824
-0.3216404,0.14370257,0.7254965,0.5129686,-0.12765181,0.22975169,0.540269,0.64390576,0.6136695,0.36859506,0.5202489,0.9014824,0.8474611,0.7591499,0.75722814,0.43679112,0.7488519,0.6156925,0.71174264,0.59295416,0.74989045,0.7830472,0.7689512,0.7761101,-0.38457084,0.93637586,0.2864695,0.7727488,0.73386097,0.7933606,-0.56240594,-0.7018733,-0.5903363,0.63270223,0.66890025,-0.44242004,-0.19282237,-0.7429991,0.36462733,0.7977092,0.10845192,-0.08843362,0.40771914,0.35678953,-0.717005,0.15661305,0.4909839,0.14365277,0.32431746,-0.5338947,-0.6706456,0.5179174,0.5594248,0.36708882,-0.21060903,0.66968644,0.5135499,0.4359676,-0.5402045,-0.4407258,0.5657803,0.79085076,0.7849235,0.7806597,0.7730708,0.77528286,0.6448819,0.7620169,0.79971945,0.6147764,0.77301806,0.80021954,0.84582007,0.73339283,0.71021044,0.23194626,0.82861197,0.8309656,-0.80601877,-0.77918184,0.8018649,-0.03049069,-0.57560444,0.8150481,0.5950803,0.70873487,-0.38521004,0.81771135,-0.17656113,0.6120964,-0.40031558,-0.7789788,0.69228697,-0.8384516,0.41930562,-0.2707012,-0.30119503,-0.17087448,-0.20216909,-0.58298767
-0.3093295,0.3783447,-0.15014164,0.27524894,0.46869716,0.06932293,-0.019365275,0.04030467,0.0015325106,-0.4901358,0.0035599992,0.11668877,0.13865817,0.18617785,0.3069564,0.40339237,0.17098948,0.22666173,0.336407,0.4591171,0.29604703,0.15305029,0.24727482,0.15646958,-0.4290828,0.2864695,0.88752085,0.61992157,0.493671,0.3407275,-0.07571536,0.09651024,0.18029317,0.24536858,0.36481315,0.09566939,0.5536476,0.065242745,0.18149275,0.0105318315,0.16429743,0.43734694,0.31016394,0.2609836,0.106011726,0.2884925,0.26301968,0.24970065,0.0866901,0.101813845,-0.02498665,0.11424889,0.20911351,0.5466418,0.3005172,-0.04018706,-0.02418273,-0.07751469,-0.5520054,-0.7941996,-0.39037275,-0.08073344,0.055626035,0.1231868,0.2546145,0.2267897,-0.036812566,0.0503534,0.21593821,0.17036007,0.29919726,0.012011448,0.20663066,-0.0755755,-0.14266872,-0.5582739,0.5226214,0.4208024,-0.06942666,0.051169805,0.28300706,0.23708497,0.0037043677,0.109149694,0.63457245,0.34692532,0.4503227,0.43966177,0.37868756,0.009176309,0.030505426,-0.1980192,0.11592396,-0.29672718,-0.019618068,0.052906662,0.3361747,0.26733124,0.14165714,0.07983356
-0.39094955,0.3040415,0.4259533,0.5381778,0.17901176,0.23710933,0.3669806,0.4867414,0.4414673,-0.023566669,0.32460514,0.6641691,0.6647557,0.6364497,0.6989788,0.49497163,0.60192156,0.5434401,0.65466094,0.65770185,0.6815804,0.6217868,0.66915286,0.6041565,-0.48360723,0.7727488,0.61992157,0.906622,0.76107824,0.7426652,-0.44085926,-0.46152255,-0.34366542,0.5545554,0.61764604,-0.2742923,0.11110936,-0.52915883,0.34296066,0.5548133,0.12661372,0.13410458,0.4032911,0.4148534,-0.47566694,0.24164294,0.4787746,0.21401075,0.2559379,-0.3434857,-0.48896962,0.44063812,0.523175,0.61464477,0.020863932,0.46300268,0.37545753,0.2848032,-0.6178785,-0.70480573,0.23761025,0.5322427,0.58674836,0.62532777,0.68356085,0.66808796,0.449291,0.5662359,0.6727793,0.51854706,0.70508343,0.57726467,0.70599717,0.5005766,0.45363516,-0.08674722,0.8325081,0.8178211,-0.61861,-0.5361434,0.70776445,0.06880841,-0.43460608,0.6322582,0.75032747,0.66323596,-0.08146575,0.8364246,0.051053014,0.43541694,-0.26574072,-0.6348774,0.5599559,-0.7642902,0.27547917,-0.14827915,-0.06950616,-0.015047056,-0.08967612,-0.39238375
-0.006847432,0.5361831,0.54939437,0.76664317,-0.1582609,-0.06891932,0.6649014,0.7589003,0.70889044,0.011244957,0.113404796,0.7039379,0.8300419,0.85186565,0.8879194,0.75227475,0.8634896,0.81567395,0.90149903,0.7845633,0.8416656,0.8480262,0.8868885,0.81844485,-0.7543405,0.73386097,0.493671,0.76107824,0.93460673,0.913439,-0.23315117,-0.5457821,-0.12733988,0.8122909,0.8493964,-0.10900592,0.13207176,-0.42948154,0.7151549,0.7624468,0.48483348,0.31751812,0.70127934,0.6434788,-0.43154132,0.5696049,0.7944392,0.55661935,0.30344525,-0.27182034,-0.34681967,0.75308096,0.80166507,0.36215812,-0.34099215,0.67998105,0.6809607,0.6018419,-0.35570163,-0.5714389,0.38701993,0.67443776,0.7887198,0.8248543,0.86845887,0.8664532,0.72363424,0.7792365,0.8027953,0.7790267,0.8373585,0.7018287,0.84459126,0.71315366,0.63663375,-0.014666681,0.790339,0.9034256,-0.6133827,-0.52579844,0.81332314,0.3064246,-0.27263704,0.7744472,0.5775772,0.7922075,-0.25908598,0.6743164,0.10373639,0.65871155,0.056822907,-0.4965022,0.79743135,-0.63477457,0.4613005,-0.16656333,0.06886823,0.2382307,0.032152012,-0.3348871
-0.036109045,0.42377627,0.64600646,0.7483854,-0.23866291,-0.042177614,0.69440854,0.8031759,0.75437427,0.13554384,0.17771699,0.78733677,0.90677994,0.9179932,0.932028,0.68281025,0.91386545,0.82546175,0.91513264,0.7763924,0.88267815,0.90300655,0.9299381,0.865556,-0.7183634,0.7933606,0.3407275,0.7426652,0.913439,0.9504272,-0.3152439,-0.66566896,-0.2616204,0.8228932,0.8453438,-0.19602299,0.005163952,-0.5645826,0.70020455,0.84175974,0.4579075,0.1964927,0.6865151,0.6461165,-0.56445867,0.52534115,0.80068314,0.5119052,0.32786363,-0.35990167,-0.47760856,0.7617459,0.81689525,0.32616043,-0.4103735,0.75589335,0.71001875,0.63712156,-0.34096703,-0.48550966,0.5183603,0.7869213,0.8731071,0.9063772,0.92121994,0.9254368,0.79572845,0.85865176,0.86108667,0.8061969,0.88178444,0.79628044,0.9131863,0.7981255,0.73558116,0.11653727,0.7900035,0.9297027,-0.70590174,-0.6596299,0.8685836,0.25786716,-0.35224998,0.85623324,0.5334267,0.82177645,-0.38432354,0.70970225,0.007284387,0.73415446,-0.027457098,-0.5832827,0.8559291,-0.6987231,0.524974,-0.17780955,-0.026147952,0.1490189,-0.03308828,-0.42456204
0.4968779,0.31324273,-0.38626844,0.031894475,0.012057955,-0.2678153,-0.05181241,-0.14737104,-0.1632044,-0.28502712,-0.51632094,-0.54852426,-0.41346717,-0.27278155,-0.2576505,0.12803623,-0.24644959,-0.11192089,-0.17368478,-0.14327577,-0.23679025,-0.32267323,-0.2723543,-0.27583152,0.021434456,-0.56240594,-0.07571536,-0.44085926,-0.23315117,-0.3152439,0.7757469,0.57694864,0.6242914,-0.17486696,-0.1788838,0.33295703,0.15092039,0.63770944,0.07682153,-0.3583476,0.14635772,0.30867594,-0.0007792907,0.03871782,0.55176866,0.12560979,-0.06708409,0.1336374,-0.15268226,0.2998832,0.68962026,-0.035875723,-0.079429075,-0.11865614,-0.03237283,-0.24804519,-0.060921963,0.0022940468,0.5051521,0.19290298,-0.38325912,-0.4666676,-0.3601306,-0.32296404,-0.27531925,-0.28330874,-0.23769867,-0.32989746,-0.39599138,-0.14099315,-0.2963934,-0.47194558,-0.41374648,-0.3188463,-0.31910786,-0.13693824,-0.46080977,-0.39164725,0.6610098,0.6717697,-0.40278977,0.14718972,0.52470106,-0.38694918,-0.41019472,-0.36298966,0.14705732,-0.5659106,0.114079125,-0.29804713,0.48155266,0.6743934,-0.25812894,0.59351176,-0.19178297,0.10323027,0.26955584,0.24539113,0.16252607,0.3114466
0.13632478,0.06921218,-0.69273955,-0.37116557,0.43572938,-0.010592619,-0.5050627,-0.6199707,-0.6210017,-0.41876253,-0.33165857,-0.7599088,-0.7863306,-0.6930443,-0.6366611,-0.21049905,-0.69948447,-0.54719245,-0.5791713,-0.41379976,-0.5899755,-0.75648737,-0.6725904,-0.65099114,0.3684798,-0.7018733,0.09651024,-0.46152255,-0.5457821,-0.66566896,0.57694864,0.90848297,0.54284686,-0.6028706,-0.547804,0.30843204,0.27542126,0.7404717,-0.4265238,-0.7719585,-0.24185714,0.17072958,-0.4135862,-0.3702585,0.69695616,-0.25844997,-0.5345813,-0.24788636,-0.25185868,0.40099147,0.69540113,-0.52158964,-0.56702834,0.0046446845,0.4469993,-0.680529,-0.5573804,-0.4868547,0.22775093,0.08112234,-0.74356294,-0.85478246,-0.7957108,-0.7563316,-0.65312374,-0.67594075,-0.73697543,-0.783211,-0.75940126,-0.5924469,-0.61933494,-0.85559916,-0.7610314,-0.7575679,-0.7334922,-0.377658,-0.55555314,-0.6652601,0.8213463,0.8694571,-0.7410754,-0.09018053,0.46190193,-0.78711814,-0.33849674,-0.68369216,0.5229806,-0.6092655,0.18173935,-0.7484335,0.19461155,0.64386266,-0.74916947,0.62837195,-0.60329264,0.14409089,0.21332964,0.062097967,0.14227763,0.43329993
0.54361904,0.3892358,-0.5214277,-0.012011407,0.020439547,-0.4355013,-0.12294769,-0.2122629,-0.16687249,-0.5432278,-0.60214823,-0.6131836,-0.43955415,-0.3015458,-0.25254235,0.17144501,-0.23716184,-0.03584599,-0.1156407,-0.026949164,-0.27260345,-0.28964114,-0.2588114,-0.32922873,-0.21150349,-0.5903363,0.18029317,-0.34366542,-0.12733988,-0.2616204,0.6242914,0.54284686,0.91148883,-0.03231026,-0.020685297,0.6904633,0.6087928,0.79177046,0.26389828,-0.43219656,0.47660968,0.6568911,0.2764562,0.20640609,0.77175426,0.4691673,0.13991186,0.4625842,-0.015808396,0.66230106,0.69702196,0.016324645,0.0032447707,-0.24815491,-0.019541387,-0.29562214,-0.072183646,-0.011981245,0.36381036,0.021243747,-0.55720705,-0.52475166,-0.38624328,-0.35463965,-0.2938804,-0.31271705,-0.21859443,-0.3451187,-0.32966664,-0.07394761,-0.34250408,-0.46637714,-0.42224246,-0.44080138,-0.4989466,-0.48751628,-0.35277992,-0.32779986,0.6255863,0.68597794,-0.3202926,0.5372275,0.741799,-0.42108226,-0.18778509,-0.15003942,0.4724611,-0.5171167,0.54958224,-0.16875723,0.78625715,0.6670785,-0.20055535,0.6659389,-0.008465527,0.37758845,0.71423596,0.68683946,0.49370968,0.6673614
0.24354467,0.4848914,0.6120097,0.71883416,-0.37319338,-0.13604198,0.7468331,0.80426186,0.8243402,0.13048176,0.08024656,0.63999903,0.77697176,0.7845079,0.78651977,0.70361763,0.8434746,0.9061569,0.8507709,0.74198794,0.7708073,0.8699682,0.81797934,0.7520647,-0.7257477,0.63270223,0.24536858,0.5545554,0.8122909,0.8228932,-0.17486696,-0.6028706,-0.03231026,0.94467103,0.87242866,0.07028748,0.13551807,-0.35815012,0.82914776,0.77521354,0.6682337,0.35037538,0.8119584,0.7142638,-0.3646298,0.68276787,0.85755277,0.67531836,0.44898176,-0.13204104,-0.29204607,0.8293206,0.8648989,0.06569077,-0.49521786,0.7869786,0.79139787,0.7627579,-0.16549025,-0.31471127,0.45261705,0.70230323,0.79651046,0.799351,0.78134274,0.7791392,0.83265316,0.82338965,0.86482215,0.90100986,0.74548686,0.7580565,0.7841151,0.72296524,0.65403646,0.046352837,0.6477411,0.7662066,-0.59629166,-0.52684474,0.8408265,0.5227398,-0.13205622,0.8010905,0.4112516,0.8387363,-0.30575952,0.5341456,0.20951241,0.8207008,0.25749433,-0.3979117,0.85701394,-0.47330153,0.61823416,0.021337261,0.17174044,0.39604524,0.20387904,-0.19387567
0.14512837,0.47279912,0.5469395,0.6779097,-0.31044775,-0.18669951,0.6589796,0.7358613,0.7287421,0.06462003,0.089693636,0.656196,0.78628755,0.78833354,0.80939853,0.70652413,0.8470011,0.83594126,0.8642187,0.7103803,0.7616667,0.85921884,0.82873774,0.76996696,-0.7314539,0.66890025,0.36481315,0.61764604,0.8493964,0.8453438,-0.1788838,-0.547804,-0.020685297,0.87242866,0.9056273,0.016945487,0.18571417,-0.32935452,0.7681934,0.74631935,0.6047962,0.39405173,0.8092258,0.656373,-0.3425902,0.6502392,0.82567716,0.6297096,0.35097897,-0.15327194,-0.29833198,0.75942934,0.7968935,0.15244986,-0.44584286,0.69280916,0.6929872,0.6416688,-0.2570355,-0.43250802,0.36748654,0.6648153,0.7749184,0.7883497,0.7936119,0.7927713,0.7519562,0.78203833,0.82104075,0.81258357,0.7418868,0.7234886,0.78451777,0.6744446,0.5895847,-0.01908905,0.7045743,0.80665827,-0.5697484,-0.4904855,0.8213638,0.45545417,-0.10897595,0.7736387,0.5036452,0.8200103,-0.23286986,0.5685506,0.18693024,0.7360623,0.21060848,-0.4112054,0.81369865,-0.49008432,0.58219916,-0.038799174,0.19889039,0.3657646,0.13244887,-0.21246752
0.4324409,0.2005244,-0.29637292,-0.10110508,0.014802732,-0.18606049,-0.07239087,-0.18626226,-0.03699805,-0.31294906,-0.1999127,-0.42174757,-0.3449867,-0.24485895,-0.21357532,0.057289146,-0.19939026,0.037324425,-0.080676556,0.09431924,-0.23011494,-0.20029396,-0.19700614,-0.2858338,-0.15314549,-0.44242004,0.09566939,-0.2742923,-0.10900592,-0.19602299,0.33295703,0.30843204,0.6904633,0.07028748,0.016945487,0.8936343,0.70525014,0.6120734,0.2814002,-0.3080608,0.5874818,0.55824184,0.33103383,0.26629463,0.6119566,0.514252,0.19796337,0.52976686,0.39664894,0.8393764,0.4254893,0.02917213,0.03261746,-0.36897218,0.0684715,-0.12221496,-0.03718161,0.065367736,0.13171124,0.054784097,-0.41428936,-0.37405545,-0.29214257,-0.27743128,-0.25630233,-0.26027328,-0.11179966,-0.25644523,-0.19498253,0.019944279,-0.26784372,-0.3172527,-0.32035574,-0.36747926,-0.43136328,-0.56659,-0.25574285,-0.2682777,0.36593404,0.4352523,-0.20479168,0.69584453,0.52905893,-0.32991076,-0.15137413,-0.007030419,0.5461364,-0.36838597,0.7525747,0.016225291,0.71017885,0.3660677,-0.13054602,0.5325874,0.119123414,0.65219414,0.72018385,0.7539497,0.79770476,0.8298962
0.07687151,0.25663677,-0.37428683,-0.024741462,0.29035443,-0.10917786,-0.18425861,-0.21420231,-0.10435627,-0.5607947,-0.16427681,-0.28206936,-0.21148366,-0.12253094,-0.031536162,0.16156551,-0.10635965,0.07626526,0.07504982,0.27692252,-0.072016224,-0.09971714,-0.048986316,-0.19361688,-0.33923107,-0.19282237,0.5536476,0.11110936,0.13207176,0.005163952,0.15092039,0.27542126,0.6087928,0.13551807,0.18571417,0.70525014,0.9223239,0.48385456,0.25575894,-0.28692883,0.50250024,0.66650844,0.39960262,0.32340005,0.5654404,0.540439,0.26412553,0.5313916,0.30846614,0.72555685,0.2644293,0.0037498875,0.06748201,-0.0024044141,0.25811988,-0.19458038,-0.12689176,-0.08635121,-0.25510418,-0.42003784,-0.5685674,-0.34840894,-0.21974258,-0.17674914,-0.09536961,-0.11122915,-0.1620275,-0.20834556,-0.055379964,0.03545323,-0.096759856,-0.245413,-0.15204579,-0.38554895,-0.48498785,-0.8154793,0.06411475,0.007037431,0.22881389,0.35156024,-0.026473984,0.64593863,0.41834927,-0.22340837,0.2873398,0.18669447,0.71850777,-0.039743267,0.82133675,-0.009522589,0.5414232,0.13317512,-0.07089215,0.2591351,0.107013315,0.5613219,0.78583384,0.7415474,0.6578675,0.7107041
0.4228347,0.18757358,-0.6499319,-0.29646116,0.14307629,-0.2974614,-0.3509254,-0.47717345,-0.42764604,-0.44942287,-0.48225135,-0.7612049,-0.69275475,-0.5856091,-0.5448687,-0.08953044,-0.53416747,-0.3457715,-0.42128128,-0.33038443,-0.5366583,-0.58846754,-0.55237436,-0.572956,0.131168,-0.7429991,0.065242745,-0.52915883,-0.42948154,-0.5645826,0.63770944,0.7404717,0.79177046,-0.35815012,-0.32935452,0.6120734,0.48385456,0.88897717,-0.09830452,-0.6618717,0.16298425,0.44973996,-0.06710079,-0.13305435,0.83948684,0.115431316,-0.23118289,0.12510347,-0.10621441,0.6474664,0.7616435,-0.29076773,-0.34381077,-0.30034772,0.1790701,-0.5337273,-0.3481771,-0.25318664,0.3854592,0.1527345,-0.67902976,-0.7369144,-0.65428096,-0.6363882,-0.57423747,-0.5876776,-0.5116499,-0.6231289,-0.6161918,-0.38758463,-0.60131216,-0.7146043,-0.6874541,-0.6658297,-0.68450904,-0.44394594,-0.5431124,-0.60837364,0.7854235,0.82943046,-0.61146414,0.28549588,0.71836674,-0.6798893,-0.3429242,-0.47123104,0.55299723,-0.67292714,0.42452312,-0.4732166,0.5809071,0.72474986,-0.53194284,0.784006,-0.2647329,0.3319378,0.54000396,0.44903976,0.3970759,0.66397154
0.507137,0.601097,0.43607998,0.7167119,-0.46090788,-0.34882876,0.726246,0.75846064,0.76726365,-0.028153729,-0.19941607,0.3991691,0.6244606,0.6785795,0.6780455,0.7168992,0.7630308,0.8212087,0.764426,0.62872624,0.62742996,0.7442214,0.7127006,0.6389596,-0.7823683,0.36462733,0.18149275,0.34296066,0.7151549,0.70020455,0.07682153,-0.4265238,0.26389828,0.82914776,0.7681934,0.2814002,0.25575894,-0.09830452,0.9387706,0.6360401,0.8097738,0.5100915,0.8342691,0.73823047,-0.12719983,0.82052517,0.892154,0.81170756,0.35584694,0.069662176,-0.0066393614,0.86135,0.8693131,-0.07936826,-0.5936034,0.68945646,0.8028712,0.78439426,0.1139512,-0.17214006,0.33819526,0.5476862,0.6690692,0.6736329,0.6543851,0.66141576,0.7791365,0.7032993,0.6648372,0.8045347,0.5784636,0.58007634,0.6022843,0.6169683,0.53052187,-0.0043511167,0.43246222,0.607722,-0.3558119,-0.28692994,0.64012265,0.61429596,0.12233403,0.6262471,0.20818132,0.6873245,-0.23861593,0.28302643,0.2757539,0.72544,0.5570375,-0.100102276,0.78291,-0.18066493,0.5953201,0.08750698,0.3464836,0.57771873,0.30360276,0.008496848
0.115124434,0.29603717,0.85063094,0.6811707,-0.48619848,-0.0069138873,0.80838144,0.8832321,0.85479856,0.46657848,0.30433455,0.85902804,0.9337154,0.8699006,0.8205064,0.56212187,0.9065162,0.7856519,0.8124821,0.58051157,0.79096735,0.9185734,0.8586658,0.8888471,-0.4984467,0.7977092,0.0105318315,0.5548133,0.7624468,0.84175974,-0.3583476,-0.7719585,-0.43219656,0.77521354,0.74631935,-0.3080608,-0.28692883,-0.6618717,0.6360401,0.96065426,0.34747878,-0.0211237,0.5788673,0.4965236,-0.6993832,0.35194367,0.6798732,0.3392576,0.34958816,-0.48611623,-0.4963785,0.7898181,0.7752975,0.10643145,-0.56751204,0.8830224,0.8133695,0.7592025,-0.1402394,-0.15783508,0.74572515,0.9212998,0.93349075,0.90675575,0.85111594,0.8608029,0.89668393,0.9331713,0.8475509,0.7968863,0.78593624,0.8934734,0.8780431,0.92946535,0.8986037,0.41752142,0.6741214,0.7968005,-0.7615597,-0.76421565,0.81094867,0.10100162,-0.4194484,0.90250504,0.31036395,0.7146596,-0.62495303,0.6218691,-0.22353369,0.7820388,-0.11008151,-0.55286777,0.8661822,-0.65348756,0.5860581,-0.28316388,-0.26486415,-0.041748706,-0.13083836,-0.54836684
0.5031959,0.42596412,0.19617923,0.42644584,-0.36791256,-0.38283056,0.45451516,0.4409163,0.5333886,-0.13791552,-0.197141,0.14914969,0.34594482,0.42276478,0.43759125,0.4971001,0.49823043,0.62412214,0.5499753,0.5347774,0.3907825,0.49430448,0.47936583,0.35963255,-0.663992,0.10845192,0.16429743,0.12661372,0.48483348,0.4579075,0.14635772,-0.24185714,0.47660968,0.6682337,0.6047962,0.5874818,0.50250024,0.16298425,0.8097738,0.34747878,0.9517703,0.59162855,0.7985604,0.6846385,0.16295156,0.9113283,0.802979,0.9251654,0.43202633,0.4243524,0.08919035,0.6086404,0.63785964,-0.281503,-0.43261302,0.4403737,0.53546166,0.5624068,0.08083173,-0.10415602,0.09850769,0.2733689,0.39029992,0.40647346,0.39541978,0.40382457,0.5316888,0.4167848,0.44215727,0.6067656,0.34094965,0.32614636,0.35034633,0.29249278,0.19823216,-0.26333508,0.20919922,0.36378348,-0.1526728,-0.071538135,0.42600954,0.8213294,0.3035727,0.33712846,0.12040874,0.56786424,0.055740416,0.04991495,0.5726683,0.58885634,0.71981025,0.014495269,0.5399615,0.076884076,0.5316992,0.39069247,0.62886477,0.8218354,0.5765823,0.37922734
0.36903954,0.46208715,-0.16417746,0.2674423,0.015436472,-0.2753706,0.12700434,0.11752101,0.16823721,-0.41435903,-0.30553502,-0.14136879,0.012876909,0.11150278,0.17414394,0.4147331,0.17248207,0.30709136,0.2942934,0.3168757,0.10837494,0.15453896,0.16269393,0.061118394,-0.5012595,-0.08843362,0.43734694,0.13410458,0.31751812,0.1964927,0.30867594,0.17072958,0.6568911,0.35037538,0.39405173,0.55824184,0.66650844,0.44973996,0.5100915,-0.0211237,0.59162855,0.8029896,0.59083307,0.46995425,0.4774378,0.62760925,0.45918226,0.6045723,0.22472063,0.5091555,0.34846684,0.3218116,0.34280682,-0.02157102,-0.07752032,0.070342764,0.20248497,0.23076597,0.034820862,-0.29441014,-0.32443696,-0.113440424,0.04184651,0.06935059,0.13422985,0.110658914,0.124650784,0.070056364,0.12780191,0.26702237,0.058175042,-0.017245771,0.025453564,-0.09526934,-0.18612698,-0.49980712,0.13398968,0.16426376,0.21221317,0.29963613,0.15219705,0.61442816,0.52517766,0.03768472,0.23495016,0.29565543,0.4054312,0.0011848677,0.5823849,0.18178312,0.66980636,0.26649266,0.20637105,0.25143215,0.30974388,0.3540173,0.7029431,0.717359,0.4860058,0.49177077
0.35076666,0.46069843,0.37346697,0.5529593,-0.37330842,-0.34167057,0.567159,0.60952973,0.64995825,-0.05470521,-0.083153486,0.42379564,0.601843,0.6342534,0.64975667,0.6196311,0.71758795,0.750227,0.74641204,0.6196742,0.5749654,0.72086054,0.68760216,0.58750117,-0.74892867,0.40771914,0.31016394,0.4032911,0.70127934,0.6865151,-0.0007792907,-0.4135862,0.2764562,0.8119584,0.8092258,0.33103383,0.39960262,-0.06710079,0.8342691,0.5788673,0.7985604,0.59083307,0.91039324,0.70555854,-0.031918794,0.81400526,0.8487157,0.8097538,0.40123618,0.17314248,-0.083085485,0.7144376,0.7450093,-0.108065635,-0.4712364,0.5837009,0.63601494,0.61913383,-0.08607014,-0.29195678,0.22836152,0.50159925,0.6223273,0.6279167,0.6220668,0.6254656,0.67072916,0.6413783,0.67112637,0.72885233,0.5390265,0.57200587,0.5976303,0.49829316,0.39317918,-0.16770151,0.50173867,0.62079763,-0.35648105,-0.2812397,0.6609125,0.683073,0.18406641,0.59901065,0.3662138,0.7461899,-0.049280204,0.3378322,0.41282362,0.70063335,0.52270013,-0.18086588,0.725744,-0.18175805,0.647235,0.20994723,0.48534966,0.65727615,0.36941525,0.11623971
0.22293186,0.42621472,0.3177931,0.6042766,-0.13117549,-0.09895388,0.48914307,0.562462,0.5970743,-0.14838159,-0.12688048,0.348733,0.5245774,0.6050309,0.6360445,0.5427773,0.61086226,0.6896852,0.65589845,0.6985333,0.5897094,0.62357056,0.62970364,0.48271364,-0.6878127,0.35678953,0.2609836,0.4148534,0.6434788,0.6461165,0.03871782,-0.3702585,0.20640609,0.7142638,0.656373,0.26629463,0.32340005,-0.13305435,0.73823047,0.4965236,0.6846385,0.46995425,0.70555854,0.8262095,-0.11982344,0.7317114,0.777543,0.7200972,0.39543307,0.11229195,-0.11362441,0.64544296,0.7402126,0.12825109,-0.27789193,0.54899156,0.5805452,0.5524719,-0.093339875,-0.30350244,0.21330005,0.43477163,0.5476688,0.5937772,0.6029205,0.5957779,0.6025939,0.5754715,0.6300855,0.68999547,0.5806658,0.50727916,0.5648123,0.4554,0.3772421,-0.16277424,0.4225341,0.5976054,-0.31300536,-0.27214226,0.625664,0.59648716,0.05553489,0.5538853,0.32301223,0.6828406,-0.08676737,0.3763025,0.37191024,0.62752384,0.4269538,-0.18934499,0.6783916,-0.24548988,0.5224446,0.260226,0.3856199,0.5278564,0.3528102,0.0572197
0.33008477,0.07685563,-0.6984161,-0.37014523,0.18231317,-0.30214065,-0.45038182,-0.5499508,-0.48868304,-0.50364286,-0.45085955,-0.76075536,-0.7080071,-0.59754574,-0.5499393,-0.15661633,-0.566365,-0.38666856,-0.44805437,-0.3234864,-0.5626701,-0.5970948,-0.5740607,-0.61404675,0.1158413,-0.717005,0.106011726,-0.47566694,-0.43154132,-0.56445867,0.55176866,0.69695616,0.77175426,-0.3646298,-0.3425902,0.6119566,0.5654404,0.83948684,-0.12719983,-0.6993832,0.16295156,0.4774378,-0.031918794,-0.11982344,0.87671703,0.1384214,-0.23032509,0.13002306,-0.12368979,0.68633467,0.66945064,-0.35905376,-0.37868625,-0.26946592,0.21727069,-0.5825042,-0.4218554,-0.34410465,0.2870795,0.09824375,-0.69836605,-0.745224,-0.66518795,-0.6428437,-0.58809733,-0.60247004,-0.5439259,-0.6380838,-0.59357667,-0.4072342,-0.60657406,-0.6865125,-0.6815199,-0.71455604,-0.74502575,-0.5238322,-0.5083364,-0.5855913,0.7487472,0.7851882,-0.56506664,0.33856505,0.7315172,-0.6762613,-0.22057945,-0.4060799,0.624897,-0.6082281,0.48646277,-0.4452961,0.57241565,0.6771679,-0.52745456,0.76244485,-0.19194724,0.39983323,0.62870574,0.48951814,0.4251001,0.7244477
0.38273036,0.4508323,0.13776858,0.48315966,-0.27014112,-0.39696968,0.4215924,0.44182837,0.49912298,-0.27038318,-0.26533198,0.16864091,0.3874825,0.47588962,0.5066267,0.5483664,0.5377907,0.6326022,0.6004418,0.604421,0.44498014,0.5238031,0.5394835,0.39134306,-0.7715968,0.15661305,0.2884925,0.24164294,0.5696049,0.52534115,0.12560979,-0.25844997,0.4691673,0.68276787,0.6502392,0.514252,0.540439,0.115431316,0.82052517,0.35194367,0.9113283,0.62760925,0.81400526,0.7317114,0.1384214,0.95352477,0.8491534,0.94465864,0.34897393,0.3701738,0.035130836,0.6068162,0.67531794,-0.1278119,-0.39357358,0.4084227,0.5080865,0.510623,-0.009189008,-0.25364247,0.0615788,0.2821874,0.41287786,0.44708842,0.45774445,0.46327758,0.5221807,0.43426448,0.47763482,0.60433495,0.41063082,0.33939484,0.40664577,0.29913288,0.19016433,-0.31851208,0.29797667,0.45752585,-0.1796791,-0.098605804,0.4874193,0.804067,0.28342545,0.3743287,0.24009252,0.6211278,0.07496548,0.15177345,0.55480003,0.5874826,0.68373936,-0.02938021,0.57661176,-0.014791852,0.51918614,0.34875208,0.6375244,0.81054246,0.49420875,0.32481837
0.2825107,0.4946733,0.45249382,0.69869065,-0.37075818,-0.30996254,0.65635914,0.724741,0.7305009,-0.05401282,-0.108030185,0.5119711,0.71259916,0.7667167,0.780635,0.6818168,0.8148793,0.8294096,0.83139193,0.7371988,0.72072667,0.8028146,0.8089286,0.69349587,-0.8466076,0.4909839,0.26301968,0.4787746,0.7944392,0.80068314,-0.06708409,-0.5345813,0.13991186,0.85755277,0.82567716,0.19796337,0.26412553,-0.23118289,0.892154,0.6798732,0.802979,0.45918226,0.8487157,0.777543,-0.23032509,0.8491534,0.9573548,0.8417546,0.3530447,0.008857034,-0.20485176,0.7975236,0.86018074,0.027107436,-0.5292205,0.671149,0.7291399,0.6852567,-0.095629886,-0.32373273,0.36320108,0.6090679,0.7274029,0.754503,0.7513757,0.7584952,0.77161926,0.7413734,0.75123614,0.81194365,0.6975334,0.6504599,0.72085285,0.6379925,0.54823625,-0.056401588,0.5495199,0.734019,-0.4794009,-0.4169218,0.7448288,0.6142628,-0.0048190095,0.69171053,0.36163437,0.7961666,-0.23171847,0.42610097,0.2876308,0.7657844,0.4228108,-0.28383806,0.8246192,-0.34836927,0.6126315,0.090516426,0.34275663,0.55292404,0.26113588,-0.057586838
0.39900506,0.44505715,0.14108253,0.46437716,-0.2835669,-0.38724065,0.41717145,0.43059695,0.49664032,-0.24677664,-0.2503829,0.15747815,0.36742273,0.45978397,0.49329892,0.52924424,0.52288234,0.62973803,0.5846455,0.59569836,0.444696,0.5044286,0.5222559,0.384307,-0.7482492,0.14365277,0.24970065,0.21401075,0.55661935,0.5119052,0.1336374,-0.24788636,0.4625842,0.67531836,0.6297096,0.52976686,0.5313916,0.12510347,0.81170756,0.3392576,0.9251654,0.6045723,0.8097538,0.7200972,0.13002306,0.94465864,0.8417546,0.9564547,0.36742038,0.38071722,0.042185426,0.5932751,0.659907,-0.14642026,-0.39315993,0.40392053,0.50384355,0.5094598,0.0014685937,-0.23699868,0.049156953,0.2618916,0.3968752,0.4344262,0.44404078,0.44484684,0.513262,0.4222364,0.46655095,0.61006606,0.40149087,0.32575896,0.38929683,0.2908905,0.1863569,-0.319758,0.27908856,0.4279942,-0.16338325,-0.09466665,0.4718513,0.80695397,0.2802308,0.3533433,0.21167096,0.6099371,0.07071249,0.12614045,0.5602405,0.57981515,0.67904675,-0.033552326,0.5584407,0.0030789413,0.5057766,0.3538097,0.6339463,0.8073523,0.5123036,0.33040354
0.13818477,0.16597024,0.46585435,0.21895438,0.018737046,0.37211397,0.37297595,0.30590028,0.4902305,0.26366168,0.4888418,0.36173534,0.29204547,0.26271677,0.26437214,0.2159312,0.2709293,0.44251174,0.32875913,0.4683296,0.2922788,0.34970644,0.29391104,0.2639046,-0.12398821,0.32431746,0.0866901,0.2559379,0.30344525,0.32786363,-0.15268226,-0.25185868,-0.015808396,0.44898176,0.35097897,0.39664894,0.30846614,-0.10621441,0.35584694,0.34958816,0.43202633,0.22472063,0.40123618,0.39543307,-0.12368979,0.34897393,0.3530447,0.36742038,0.9090984,0.27855292,-0.16295537,0.3422438,0.3502841,-0.06806068,0.08597614,0.50041056,0.33996338,0.414114,-0.3047882,-0.105503336,0.123906836,0.28483722,0.2826292,0.27466038,0.26413327,0.259393,0.356584,0.3071365,0.39040667,0.44030732,0.287052,0.32228756,0.29067114,0.22840334,0.20594563,-0.22790223,0.30179667,0.26456904,-0.32170415,-0.25558394,0.3294933,0.44095546,-0.16618924,0.30066362,0.11080031,0.38669932,0.15127215,0.29147798,0.46891272,0.4079935,0.15225375,-0.33662373,0.30022246,-0.19691631,0.292738,0.48108208,0.16097823,0.319723,0.6205504,0.22776964
0.28699374,0.017732773,-0.4529591,-0.3184055,0.11990919,-0.15983786,-0.3099019,-0.40978605,-0.25522768,-0.3721903,-0.19214275,-0.53264433,-0.49280372,-0.41321218,-0.37662178,-0.15593253,-0.38585317,-0.18420294,-0.2711777,-0.07475777,-0.40470034,-0.37506717,-0.37399107,-0.4662345,-0.01521602,-0.5338947,0.101813845,-0.3434857,-0.27182034,-0.35990167,0.2998832,0.40099147,0.66230106,-0.13204104,-0.15327194,0.8393764,0.72555685,0.6474664,0.069662176,-0.48611623,0.4243524,0.5091555,0.17314248,0.11229195,0.68633467,0.3701738,0.008857034,0.38071722,0.27855292,0.92933154,0.40498924,-0.20492426,-0.18685745,-0.38520914,0.19785464,-0.3316405,-0.26410857,-0.17043662,0.08456184,0.06431574,-0.52464974,-0.50753367,-0.4528283,-0.44168544,-0.42354923,-0.42337734,-0.3123464,-0.430786,-0.3510698,-0.1945841,-0.4356768,-0.4446583,-0.46568078,-0.55134547,-0.604895,-0.62161756,-0.34971374,-0.39978945,0.4458031,0.49720746,-0.35105103,0.5958714,0.55522186,-0.48309514,-0.13707414,-0.13494799,0.66784704,-0.4175658,0.7511639,-0.15005644,0.6222282,0.38786185,-0.31176722,0.59112465,0.035907038,0.68904805,0.73445356,0.6865649,0.7441253,0.90857434
0.5325611,0.35534704,-0.4853319,-0.07910373,0.06948995,-0.23872797,-0.1358898,-0.2585074,-0.2688505,-0.32761458,-0.5044101,-0.67164326,-0.57446235,-0.47734913,-0.45361137,0.08028989,-0.40953237,-0.2337115,-0.34116724,-0.3007846,-0.43040645,-0.47220683,-0.47240597,-0.4235891,0.12421006,-0.6706456,-0.02498665,-0.48896962,-0.34681967,-0.47760856,0.68962026,0.69540113,0.69702196,-0.29204607,-0.29833198,0.4254893,0.2644293,0.7616435,-0.0066393614,-0.4963785,0.08919035,0.34846684,-0.083085485,-0.11362441,0.66945064,0.035130836,-0.20485176,0.042185426,-0.16295537,0.40498924,0.8345556,-0.12329049,-0.20544016,-0.18634087,0.05734465,-0.35590434,-0.15013114,-0.07474172,0.5166971,0.2269377,-0.50795156,-0.6124129,-0.5258336,-0.5179546,-0.4615553,-0.4874298,-0.36478347,-0.4844396,-0.54659516,-0.27681923,-0.5023689,-0.6095135,-0.6070119,-0.46941862,-0.4720491,-0.21845746,-0.51600426,-0.5355237,0.7275219,0.7707293,-0.5538315,0.11776699,0.5900557,-0.5554418,-0.43438596,-0.49790597,0.30861515,-0.62734365,0.1878736,-0.42903304,0.49702024,0.7636586,-0.41074806,0.68684334,-0.3026519,0.118962266,0.31573325,0.24442524,0.22204529,0.42939165
0.43229884,0.6300124,0.626933,0.81798494,-0.4424775,-0.166294,0.8596488,0.8996103,0.86770433,0.15275978,-0.0483198,0.5627926,0.7381668,0.75130594,0.7302118,0.7562586,0.831349,0.8525324,0.7987721,0.6199565,0.70665085,0.8204626,0.7577673,0.75046265,-0.67705536,0.5179174,0.11424889,0.44063812,0.75308096,0.7617459,-0.035875723,-0.52158964,0.016324645,0.8293206,0.75942934,0.02917213,0.0037498875,-0.29076773,0.86135,0.7898181,0.6086404,0.3218116,0.7144376,0.64544296,-0.35905376,0.6068162,0.7975236,0.5932751,0.3422438,-0.20492426,-0.12329049,0.9314239,0.89987385,0.04717094,-0.58665395,0.82211787,0.9051435,0.8709208,0.08852014,-0.16460705,0.5050121,0.68306893,0.77382183,0.7649299,0.73713505,0.73344254,0.859184,0.81385183,0.7387326,0.84262,0.6637886,0.6981218,0.6929035,0.7760674,0.7304958,0.1954926,0.5246571,0.6803813,-0.49549592,-0.43817192,0.69788694,0.37392634,-0.113961905,0.74127567,0.20379063,0.6570724,-0.4255718,0.42321193,0.028591586,0.72845817,0.2970541,-0.20725381,0.839486,-0.37846914,0.52407014,-0.11796467,0.05048899,0.27817518,0.104618564,-0.26473314
0.32108164,0.6016493,0.58618355,0.8342595,-0.36094147,-0.14808668,0.79471505,0.8660258,0.8344791,0.059611544,-0.072093695,0.577273,0.76153094,0.7906333,0.78745365,0.747565,0.8463146,0.87271947,0.83322096,0.7168735,0.7579696,0.8413197,0.8085629,0.74762493,-0.7641512,0.5594248,0.20911351,0.523175,0.80166507,0.81689525,-0.079429075,-0.56702834,0.0032447707,0.8648989,0.7968935,0.03261746,0.06748201,-0.34381077,0.8693131,0.7752975,0.63785964,0.34280682,0.7450093,0.7402126,-0.37868625,0.67531794,0.86018074,0.659907,0.3502841,-0.18685745,-0.20544016,0.89987385,0.9442208,0.13973777,-0.5286482,0.7935147,0.8609767,0.8092902,-0.023747038,-0.274849,0.4834431,0.68629557,0.7919024,0.79938877,0.78394675,0.7763827,0.84829414,0.8202284,0.7944933,0.8670682,0.7310026,0.72031546,0.75069076,0.7615223,0.6962513,0.11677946,0.5768601,0.75063264,-0.5422292,-0.47782308,0.76786506,0.43003315,-0.14456627,0.7706847,0.31736976,0.7514197,-0.38872892,0.49396738,0.103365615,0.7653819,0.28818026,-0.28969553,0.87535113,-0.4447772,0.55220103,-0.062302146,0.10942597,0.33044136,0.12103379,-0.2553668
-0.52475303,0.2670143,0.012143422,0.34999323,0.58219993,0.41521418,0.012508603,0.11015247,-0.00031089317,-0.27186418,0.08115015,0.23158154,0.21580653,0.22864759,0.31425202,0.27269736,0.14061123,0.11622615,0.24470177,0.38447118,0.3468812,0.13123791,0.2426436,0.1819678,-0.18374039,0.36708882,0.5466418,0.61464477,0.36215812,0.32616043,-0.11865614,0.0046446845,-0.24815491,0.06569077,0.15244986,-0.36897218,-0.0024044141,-0.30034772,-0.07936826,0.10643145,-0.281503,-0.02157102,-0.108065635,0.12825109,-0.26946592,-0.1278119,0.027107436,-0.14642026,-0.06806068,-0.38520914,-0.18634087,0.04717094,0.13973777,0.9051085,0.40788573,0.026087169,-0.022926956,-0.11439331,-0.4652803,-0.6265081,-0.10646299,0.05666071,0.1143497,0.1813521,0.29949474,0.2728294,-0.04666616,0.09198044,0.19603306,0.079056,0.38669157,0.070730574,0.28029835,0.09649468,0.101903915,-0.14095014,0.44572783,0.42784956,-0.18726453,-0.11849226,0.23541185,-0.2802163,-0.4064144,0.18470354,0.44699228,0.16520354,0.04681304,0.52077824,-0.09784756,-0.11345142,-0.41687086,-0.32381263,0.08214104,-0.54624844,-0.26141238,-0.2332417,-0.2394259,-0.28548992,-0.26835227,-0.40107512
-0.49196357,-0.1918496,-0.4067278,-0.3686901,0.80461776,0.5474283,-0.5597854,-0.5926651,-0.539243,-0.27040946,0.23807552,-0.32732207,-0.51083577,-0.5042507,-0.4243386,-0.33549565,-0.59663194,-0.48198202,-0.4631124,-0.121359184,-0.3608489,-0.56517065,-0.4854508,-0.50952595,0.3849585,-0.21060903,0.3005172,0.020863932,-0.34099215,-0.4103735,-0.03237283,0.4469993,-0.019541387,-0.49521786,-0.44584286,0.0684715,0.25811988,0.1790701,-0.5936034,-0.56751204,-0.43261302,-0.07752032,-0.4712364,-0.27789193,0.21727069,-0.39357358,-0.5292205,-0.39315993,0.08597614,0.19785464,0.05734465,-0.58665395,-0.5286482,0.40788573,0.90354824,-0.50641435,-0.6220598,-0.5893606,-0.41091302,-0.28490356,-0.5607912,-0.5681279,-0.58677405,-0.5384704,-0.44830424,-0.4716388,-0.66820335,-0.60018605,-0.44058233,-0.5002747,-0.32536027,-0.5289484,-0.4435674,-0.61615133,-0.57766294,-0.44362772,-0.14285988,-0.32482067,0.28569174,0.3236649,-0.41009367,-0.19853821,-0.1164472,-0.49833018,0.08866844,-0.3776374,0.5657352,-0.02413179,0.21061008,-0.581485,-0.3087008,-0.02268613,-0.603751,0.033260662,-0.51321846,0.24225426,-0.018118631,-0.18200332,0.13424793,0.21237034
0.26404262,0.37402335,0.832177,0.68563986,-0.45139977,0.06460182,0.85787183,0.8859568,0.9165598,0.44679403,0.27321076,0.74015796,0.80826926,0.7695135,0.7241639,0.56657887,0.81433076,0.81187594,0.7473262,0.5843369,0.7191435,0.8419765,0.76518476,0.7825527,-0.45583028,0.66968644,-0.04018706,0.46300268,0.67998105,0.75589335,-0.24804519,-0.680529,-0.29562214,0.7869786,0.69280916,-0.12221496,-0.19458038,-0.5337273,0.68945646,0.8830224,0.4403737,0.070342764,0.5837009,0.54899156,-0.5825042,0.4084227,0.671149,0.40392053,0.50041056,-0.3316405,-0.35590434,0.82211787,0.7935147,0.026087169,-0.50641435,0.9363296,0.8652781,0.85137075,-0.047134887,-0.07088592,0.67282623,0.8204591,0.8389637,0.8095302,0.7537301,0.7568295,0.8845402,0.8672724,0.79708934,0.824371,0.70067465,0.81381667,0.76641977,0.8596482,0.8359506,0.35345387,0.57317054,0.6817212,-0.6647398,-0.64558804,0.7367879,0.22793788,-0.3438457,0.82223904,0.20799237,0.66169065,-0.53560376,0.52568364,-0.08513657,0.77401173,0.035413343,-0.43811405,0.8221204,-0.520527,0.5617069,-0.107066505,-0.18235853,0.0648447,0.061221417,-0.40210944
0.4555027,0.54884446,0.69203866,0.76834,-0.5186733,-0.13581628,0.8953769,0.9226991,0.898655,0.27627644,-0.0027369005,0.5783172,0.7335659,0.7362321,0.69336784,0.675753,0.8057469,0.82815963,0.74700713,0.5494014,0.6786191,0.801584,0.72491527,0.7375467,-0.5664706,0.5135499,-0.02418273,0.37545753,0.6809607,0.71001875,-0.060921963,-0.5573804,-0.072183646,0.79139787,0.6929872,-0.03718161,-0.12689176,-0.3481771,0.8028712,0.8133695,0.53546166,0.20248497,0.63601494,0.5805452,-0.4218554,0.5080865,0.7291399,0.50384355,0.33996338,-0.26410857,-0.15013114,0.9051435,0.8609767,-0.022926956,-0.6220598,0.8652781,0.94924647,0.9132483,0.15473175,-0.029437372,0.596773,0.72678745,0.78759396,0.7616284,0.7155966,0.7134895,0.8887583,0.8283913,0.72511077,0.83034396,0.6391867,0.7172039,0.6821047,0.82195675,0.78817594,0.3291862,0.47980237,0.62488574,-0.5186493,-0.47893226,0.67233706,0.29742688,-0.15643774,0.74966836,0.12907533,0.6099905,-0.5226011,0.38764024,-0.06409214,0.7422637,0.23909971,-0.21496776,0.8239635,-0.3651347,0.53143835,-0.15627582,-0.05942384,0.1843971,0.05480595,-0.324999
0.5314978,0.5385026,0.67985785,0.70693284,-0.5280768,-0.11222269,0.88683844,0.8757288,0.8938465,0.31322396,0.021380797,0.5145661,0.6535623,0.65604156,0.61270595,0.63672024,0.7336134,0.8057486,0.68289083,0.51032466,0.61025274,0.73624367,0.6519413,0.67293483,-0.48767895,0.4359676,-0.07751469,0.2848032,0.6018419,0.63712156,0.0022940468,-0.4868547,-0.011981245,0.7627579,0.6416688,0.065367736,-0.08635121,-0.25318664,0.78439426,0.7592025,0.5624068,0.23076597,0.61913383,0.5524719,-0.34410465,0.510623,0.6852567,0.5094598,0.414114,-0.17043662,-0.07474172,0.8709208,0.8092902,-0.11439331,-0.5893606,0.85137075,0.9132483,0.93568283,0.19825572,0.048974503,0.54811656,0.65794015,0.71222353,0.68226147,0.636345,0.6341504,0.84689486,0.76175416,0.66396654,0.8070545,0.5632384,0.6541394,0.602095,0.7590245,0.725606,0.299994,0.40588817,0.5316545,-0.44452548,-0.40376443,0.59479415,0.34174266,-0.099926755,0.6713458,0.046479896,0.55103624,-0.4671073,0.29509175,0.0038042609,0.70927304,0.29578757,-0.15128377,0.75606775,-0.2647416,0.50861603,-0.07216908,-0.021558106,0.22793192,0.15841746,-0.23096693
0.68592393,0.13600054,-0.1267377,-8.416374e-05,-0.44405127,-0.40489554,0.12404472,0.04268478,-0.0016177762,0.074374415,-0.51888984,-0.4243422,-0.27724937,-0.21938637,-0.3001746,-0.017473353,-0.15213594,-0.1129075,-0.24386021,-0.40624726,-0.3056817,-0.21162705,-0.2708488,-0.20232892,0.13916335,-0.5402045,-0.5520054,-0.6178785,-0.35570163,-0.34096703,0.5051521,0.22775093,0.36381036,-0.16549025,-0.2570355,0.13171124,-0.25510418,0.3854592,0.1139512,-0.1402394,0.08083173,0.034820862,-0.08607014,-0.093339875,0.2870795,-0.009189008,-0.095629886,0.0014685937,-0.3047882,0.08456184,0.5166971,0.08852014,-0.023747038,-0.4652803,-0.41091302,-0.047134887,0.15473175,0.19825572,0.92031413,0.6568519,0.09435776,-0.15360019,-0.1594111,-0.20168293,-0.2650292,-0.26649073,0.019277586,-0.12207881,-0.31702232,-0.09210223,-0.36023644,-0.21255061,-0.3476861,-0.029650211,0.0012491168,0.3615536,-0.5561976,-0.4450305,0.42188448,0.3565089,-0.35857466,-0.016256686,0.43138796,-0.2271542,-0.61071134,-0.37470016,-0.2709346,-0.60038596,-0.22446531,-0.08324644,0.40878367,0.68068886,-0.087119356,0.5808337,-0.009887306,-0.09773614,0.008134088,0.037921935,-0.06810071,0.107420005
0.44823194,-0.29411906,0.005172694,-0.33418235,-0.46041405,-0.16033855,-0.024346309,-0.129757,-0.082522176,0.40131062,-0.097487405,-0.28748766,-0.31288558,-0.33301702,-0.44320875,-0.39671063,-0.3019523,-0.28859505,-0.42616364,-0.55176175,-0.4171272,-0.30211553,-0.39517826,-0.28965518,0.44946513,-0.4407258,-0.7941996,-0.70480573,-0.5714389,-0.48550966,0.19290298,0.08112234,0.021243747,-0.31471127,-0.43250802,0.054784097,-0.42003784,0.1527345,-0.17214006,-0.15783508,-0.10415602,-0.29441014,-0.29195678,-0.30350244,0.09824375,-0.25364247,-0.32373273,-0.23699868,-0.105503336,0.06431574,0.2269377,-0.16460705,-0.274849,-0.6265081,-0.28490356,-0.07088592,-0.029437372,0.048974503,0.6568519,0.9079366,0.21126345,-0.08791817,-0.21501502,-0.27676883,-0.3914272,-0.37544638,-0.06570071,-0.18741493,-0.34662706,-0.23486233,-0.44403905,-0.16780317,-0.37921202,-0.07503396,-0.004876987,0.45548087,-0.58468634,-0.56782246,0.26502508,0.1412006,-0.40687227,-0.13488106,0.20579712,-0.25640303,-0.6507301,-0.4381532,-0.28842822,-0.5489755,-0.27163225,-0.092342794,0.12034849,0.40188196,-0.22589074,0.4875848,0.0017251073,0.01519796,-0.17615424,-0.14750087,-0.03897701,0.08520339
0.09342401,-0.051540792,0.7237795,0.36885607,-0.56760997,-0.011165722,0.5817294,0.6500627,0.6163968,0.59813225,0.24967767,0.6649556,0.6902467,0.6100029,0.5211053,0.17090508,0.61485934,0.45972085,0.450598,0.21125622,0.5032655,0.63833547,0.5618925,0.60905254,-0.15104663,0.5657803,-0.39037275,0.23761025,0.38701993,0.5183603,-0.38325912,-0.74356294,-0.55720705,0.45261705,0.36748654,-0.41428936,-0.5685674,-0.67902976,0.33819526,0.74572515,0.09850769,-0.32443696,0.22836152,0.21330005,-0.69836605,0.0615788,0.36320108,0.049156953,0.123906836,-0.52464974,-0.50795156,0.5050121,0.4834431,-0.10646299,-0.5607912,0.67282623,0.596773,0.54811656,0.09435776,0.21126345,0.88398623,0.81384873,0.72464186,0.67977077,0.569238,0.58652157,0.71169305,0.7253988,0.5984191,0.5089609,0.51310086,0.75062704,0.6363554,0.79872334,0.81977344,0.68318594,0.36832252,0.47646213,-0.6479056,-0.7398256,0.5589472,-0.10938108,-0.4154153,0.6953359,0.055855013,0.43286023,-0.7371512,0.41011018,-0.45020258,0.6244042,-0.2250685,-0.41549048,0.64085937,-0.47530305,0.4640802,-0.2916028,-0.4308083,-0.26915145,-0.3049118,-0.563635
0.029825443,0.11642417,0.82878715,0.5631412,-0.514905,-0.014222901,0.6991298,0.80231315,0.76868415,0.5100793,0.32059762,0.85539097,0.9077095,0.82704234,0.7639918,0.41392165,0.8464377,0.68282217,0.71944743,0.4838894,0.7206248,0.8748665,0.8008859,0.82379794,-0.4160903,0.79085076,-0.08073344,0.5322427,0.67443776,0.7869213,-0.4666676,-0.85478246,-0.52475166,0.70230323,0.6648153,-0.37405545,-0.34840894,-0.7369144,0.5476862,0.9212998,0.2733689,-0.113440424,0.50159925,0.43477163,-0.745224,0.2821874,0.6090679,0.2618916,0.28483722,-0.50753367,-0.6124129,0.68306893,0.68629557,0.05666071,-0.5681279,0.8204591,0.72678745,0.65794015,-0.15360019,-0.08791817,0.81384873,0.9546186,0.92029643,0.88450295,0.7985928,0.8083083,0.86099,0.9132185,0.82854974,0.7204754,0.73835915,0.9222686,0.8609307,0.91257346,0.88569087,0.48264444,0.6370089,0.75931853,-0.8093904,-0.84245276,0.8053234,0.061578482,-0.44678882,0.89164305,0.34223455,0.7084,-0.6476767,0.6367527,-0.2757101,0.7902819,-0.18079394,-0.59262776,0.8476726,-0.6588942,0.6187321,-0.26941845,-0.28505167,-0.10215458,-0.19586566,-0.55393887
0.07584314,0.27268553,0.77543783,0.6758799,-0.47854054,-0.09083138,0.75362456,0.86114097,0.8186449,0.36264104,0.20658128,0.8321973,0.9403828,0.90891063,0.86196584,0.55615366,0.9180565,0.78685045,0.83129704,0.6031034,0.8077215,0.9311843,0.88597035,0.87188965,-0.5786607,0.7849235,0.055626035,0.58674836,0.7887198,0.8731071,-0.3601306,-0.7957108,-0.38624328,0.79651046,0.7749184,-0.29214257,-0.21974258,-0.65428096,0.6690692,0.93349075,0.39029992,0.04184651,0.6223273,0.5476688,-0.66518795,0.41287786,0.7274029,0.3968752,0.2826292,-0.4528283,-0.5258336,0.77382183,0.7919024,0.1143497,-0.58677405,0.8389637,0.78759396,0.71222353,-0.1594111,-0.21501502,0.72464186,0.92029643,0.96623653,0.9446659,0.88326573,0.89308083,0.8995675,0.955669,0.87884027,0.8050281,0.8110372,0.91289794,0.91107166,0.9172077,0.869508,0.36374855,0.68843806,0.83552,-0.758088,-0.7641624,0.859714,0.16827932,-0.36621568,0.9178155,0.39198655,0.77979684,-0.5883093,0.6460379,-0.17706923,0.8190461,-0.063893095,-0.5426587,0.9091936,-0.65005744,0.6370646,-0.25717705,-0.16668522,0.02597411,-0.1338144,-0.5106472
0.026699018,0.3085261,0.73244,0.70533305,-0.4077524,-0.08487482,0.7354539,0.8451813,0.79686475,0.29754847,0.18411088,0.8201826,0.9391678,0.9526248,0.91980445,0.58856416,0.9232481,0.8039303,0.87210137,0.67355824,0.8592231,0.9200878,0.92586565,0.8744044,-0.6211824,0.7806597,0.1231868,0.62532777,0.8248543,0.9063772,-0.32296404,-0.7563316,-0.35463965,0.799351,0.7883497,-0.27743128,-0.17674914,-0.6363882,0.6736329,0.90675575,0.40647346,0.06935059,0.6279167,0.5937772,-0.6428437,0.44708842,0.754503,0.4344262,0.27466038,-0.44168544,-0.5179546,0.7649299,0.79938877,0.1813521,-0.5384704,0.8095302,0.7616284,0.68226147,-0.20168293,-0.27676883,0.67977077,0.88450295,0.9446659,0.97027326,0.92958975,0.9440962,0.8677978,0.92816174,0.8760518,0.81015694,0.86680424,0.87301654,0.9396002,0.89189965,0.8436923,0.31372926,0.7117876,0.8737433,-0.73084176,-0.732846,0.86451447,0.1835146,-0.36710533,0.90015864,0.42060196,0.79648995,-0.5566691,0.655976,-0.13659626,0.79588675,-0.06158451,-0.5545329,0.8954772,-0.6628877,0.6014596,-0.2396029,-0.13926458,0.05365451,-0.1194878,-0.50308466
-0.017123992,0.3875097,0.6606946,0.7372986,-0.28688255,-0.06119875,0.70757866,0.8100997,0.7537925,0.2064238,0.17401724,0.78573096,0.9032694,0.94675905,0.9479035,0.6542397,0.9018601,0.8049811,0.8945896,0.72723466,0.8912258,0.8808603,0.9325961,0.86462605,-0.64513946,0.7730708,0.2546145,0.68356085,0.86845887,0.92121994,-0.27531925,-0.65312374,-0.2938804,0.78134274,0.7936119,-0.25630233,-0.09536961,-0.57423747,0.6543851,0.85111594,0.39541978,0.13422985,0.6220668,0.6029205,-0.58809733,0.45774445,0.7513757,0.44404078,0.26413327,-0.42354923,-0.4615553,0.73713505,0.78394675,0.29949474,-0.44830424,0.7537301,0.7155966,0.636345,-0.2650292,-0.3914272,0.569238,0.7985928,0.88326573,0.92958975,0.9503979,0.9528644,0.794513,0.8604582,0.83666575,0.7913465,0.8970448,0.7885847,0.9236101,0.82741016,0.7775723,0.21587944,0.7404705,0.89553046,-0.67186785,-0.6504626,0.83491534,0.18249643,-0.3623796,0.845746,0.46230572,0.7752252,-0.46628278,0.66632444,-0.09066765,0.71503174,-0.06930025,-0.5506414,0.8377192,-0.6706601,0.5046178,-0.23644896,-0.10918766,0.06932772,-0.10352602,-0.48632604
-0.013436742,0.3599941,0.67370176,0.7251159,-0.3136211,-0.07730732,0.70337135,0.81035054,0.75088626,0.21856517,0.16670313,0.79300135,0.9148458,0.9592558,0.9544788,0.63223743,0.91114557,0.8021108,0.89617205,0.7245909,0.89641815,0.8888889,0.9412782,0.8758668,-0.6469947,0.77528286,0.2267897,0.66808796,0.8664532,0.9254368,-0.28330874,-0.67594075,-0.31271705,0.7791392,0.7927713,-0.26027328,-0.11122915,-0.5876776,0.66141576,0.8608029,0.40382457,0.110658914,0.6254656,0.5957779,-0.60247004,0.46327758,0.7584952,0.44484684,0.259393,-0.42337734,-0.4874298,0.73344254,0.7763827,0.2728294,-0.4716388,0.7568295,0.7134895,0.6341504,-0.26649073,-0.37544638,0.58652157,0.8083083,0.89308083,0.9440962,0.9528644,0.9674446,0.80196315,0.8704362,0.839012,0.79203635,0.90170664,0.7996959,0.93374383,0.840106,0.78585327,0.22465543,0.72952545,0.89578235,-0.6848584,-0.66977835,0.8405624,0.18028444,-0.3662813,0.8475442,0.4533406,0.77539265,-0.4888028,0.65169424,-0.094890065,0.72397864,-0.07789984,-0.560803,0.8463973,-0.6734562,0.514929,-0.24932015,-0.10780389,0.06360684,-0.1099368,-0.49000007
0.30582476,0.37401614,0.76305383,0.7010051,-0.58175397,-0.1520904,0.83904874,0.9033697,0.88957167,0.36007228,0.11140452,0.7165574,0.8490313,0.8252768,0.7729162,0.59225166,0.87635475,0.83000267,0.791224,0.57821125,0.7409718,0.88730097,0.8151655,0.80447924,-0.58941174,0.6448819,-0.036812566,0.449291,0.72363424,0.79572845,-0.23769867,-0.73697543,-0.21859443,0.83265316,0.7519562,-0.11179966,-0.1620275,-0.5116499,0.7791365,0.89668393,0.5316888,0.124650784,0.67072916,0.6025939,-0.5439259,0.5221807,0.77161926,0.513262,0.356584,-0.3123464,-0.36478347,0.859184,0.84829414,-0.04666616,-0.66820335,0.8845402,0.8887583,0.84689486,0.019277586,-0.06570071,0.71169305,0.86099,0.8995675,0.8677978,0.794513,0.80196315,0.95453733,0.9206604,0.8362407,0.8528446,0.72235274,0.8556434,0.8102343,0.897542,0.8553808,0.36063814,0.5693759,0.7218149,-0.67170537,-0.6618352,0.79400766,0.31339282,-0.24025972,0.8557124,0.24539933,0.73998183,-0.570925,0.5067175,-0.07531685,0.85793686,0.13925539,-0.3875937,0.9041076,-0.48628056,0.6596329,-0.14670202,-0.07032196,0.1683588,0.014241994,-0.37539977
0.13465852,0.31925648,0.7837187,0.69877064,-0.4966343,-0.09060229,0.78810465,0.8851234,0.85055196,0.36485386,0.19289635,0.8112625,0.9240353,0.88763964,0.83901614,0.5835823,0.9152646,0.8138299,0.82978415,0.6033446,0.7934096,0.932902,0.8695311,0.85725415,-0.5865297,0.7620169,0.0503534,0.5662359,0.7792365,0.85865176,-0.32989746,-0.783211,-0.3451187,0.82338965,0.78203833,-0.25644523,-0.20834556,-0.6231289,0.7032993,0.9331713,0.4167848,0.070056364,0.6413783,0.5754715,-0.6380838,0.43426448,0.7413734,0.4222364,0.3071365,-0.430786,-0.4844396,0.81385183,0.8202284,0.09198044,-0.60018605,0.8672724,0.8283913,0.76175416,-0.12207881,-0.18741493,0.7253988,0.9132185,0.955669,0.92816174,0.8604582,0.8704362,0.9206604,0.9665559,0.886673,0.8329513,0.79127324,0.91429925,0.8918445,0.91801107,0.87154615,0.36366075,0.6723869,0.81582123,-0.7449713,-0.7401693,0.8595584,0.20109066,-0.3399734,0.9216458,0.37207228,0.78568983,-0.58523697,0.62963736,-0.15163055,0.83892155,-0.015019333,-0.5068119,0.9217147,-0.61979795,0.6501187,-0.23175369,-0.14987676,0.056400213,-0.10124883,-0.48743078
-0.014135799,0.28990388,0.70648164,0.6589254,-0.32621306,0.0038424833,0.68367326,0.7893031,0.7850219,0.254807,0.250934,0.79595685,0.8697628,0.8431233,0.83081174,0.57415783,0.85585463,0.82597005,0.8234662,0.71305037,0.81207204,0.90126103,0.8512187,0.7940482,-0.613937,0.79971945,0.21593821,0.6727793,0.8027953,0.86108667,-0.39599138,-0.75940126,-0.32966664,0.86482215,0.82104075,-0.19498253,-0.055379964,-0.6161918,0.6648372,0.8475509,0.44215727,0.12780191,0.67112637,0.6300855,-0.59357667,0.47763482,0.75123614,0.46655095,0.39040667,-0.3510698,-0.54659516,0.7387326,0.7944933,0.19603306,-0.44058233,0.79708934,0.72511077,0.66396654,-0.31702232,-0.34662706,0.5984191,0.82854974,0.87884027,0.8760518,0.83666575,0.839012,0.8362407,0.886673,0.9504124,0.848873,0.82144475,0.88242054,0.89293385,0.806347,0.7549212,0.19514711,0.7467754,0.84723085,-0.7670001,-0.7319727,0.93321323,0.31776237,-0.3541662,0.90454936,0.5370923,0.88301504,-0.41884002,0.71249986,0.01888328,0.84286416,-0.032213125,-0.60374737,0.88364565,-0.6838919,0.62757486,-0.09855162,-0.045714393,0.14511758,-0.003556801,-0.40639997
0.2666191,0.5005462,0.6502241,0.7485181,-0.38054985,-0.08172417,0.80167115,0.84777075,0.85965335,0.18629631,0.08352247,0.63956004,0.77571136,0.7970828,0.7907469,0.6974993,0.8324055,0.91267025,0.8326299,0.73197424,0.79316324,0.85123503,0.8143156,0.7525712,-0.65587604,0.6147764,0.17036007,0.51854706,0.7790267,0.8061969,-0.14099315,-0.5924469,-0.07394761,0.90100986,0.81258357,0.019944279,0.03545323,-0.38758463,0.8045347,0.7968863,0.6067656,0.26702237,0.72885233,0.68999547,-0.4072342,0.60433495,0.81194365,0.61006606,0.44030732,-0.1945841,-0.27681923,0.84262,0.8670682,0.079056,-0.5002747,0.824371,0.83034396,0.8070545,-0.09210223,-0.23486233,0.5089609,0.7204754,0.8050281,0.81015694,0.7913465,0.79203635,0.8528446,0.8329513,0.848873,0.9249179,0.76354337,0.75334215,0.78705907,0.7672231,0.7157567,0.15023312,0.6099912,0.7448765,-0.58798856,-0.52382255,0.8146189,0.44646,-0.18525776,0.7985754,0.33158314,0.7834672,-0.381837,0.51122373,0.12775493,0.8061222,0.21271864,-0.37959287,0.8487656,-0.47537225,0.5634541,-0.021278393,0.06628707,0.30684102,0.15498395,-0.2610619
-0.13065621,0.35866502,0.6290542,0.70803595,-0.16164544,0.0595802,0.6456922,0.7448305,0.69611526,0.16738078,0.21989557,0.76244235,0.8496138,0.8817258,0.9031518,0.61585903,0.829019,0.7778075,0.8421004,0.78680074,0.91973007,0.81870013,0.8919531,0.809883,-0.5930923,0.77301806,0.29919726,0.70508343,0.8373585,0.88178444,-0.2963934,-0.61933494,-0.34250408,0.74548686,0.7418868,-0.26784372,-0.096759856,-0.60131216,0.5784636,0.78593624,0.34094965,0.058175042,0.5390265,0.5806658,-0.60657406,0.41063082,0.6975334,0.40149087,0.287052,-0.4356768,-0.5023689,0.6637886,0.7310026,0.38669157,-0.32536027,0.70067465,0.6391867,0.5632384,-0.36023644,-0.44403905,0.51310086,0.73835915,0.8110372,0.86680424,0.8970448,0.90170664,0.72235274,0.79127324,0.82144475,0.76354337,0.9395217,0.73555285,0.90101886,0.76822865,0.7305763,0.17038953,0.744442,0.87190807,-0.67529994,-0.64027715,0.8260241,0.16602984,-0.44706494,0.797018,0.4880912,0.75729144,-0.42536223,0.6803808,-0.05140636,0.66697156,-0.1539962,-0.6170322,0.7690938,-0.7298204,0.39592716,-0.21243379,-0.14543219,0.034037974,-0.09682671,-0.5034872
0.0073140813,0.13291922,0.7880273,0.5644656,-0.46071875,-0.012370115,0.6746242,0.7845881,0.7698741,0.43423015,0.311452,0.8428652,0.8931398,0.8156723,0.7603943,0.42970893,0.83954656,0.7150288,0.7398141,0.5363914,0.7165204,0.88867843,0.7984647,0.7913173,-0.48395354,0.80021954,0.012011448,0.57726467,0.7018287,0.79628044,-0.47194558,-0.85559916,-0.46637714,0.7580565,0.7234886,-0.3172527,-0.245413,-0.7146043,0.58007634,0.8934734,0.32614636,-0.017245771,0.57200587,0.50727916,-0.6865125,0.33939484,0.6504599,0.32575896,0.32228756,-0.4446583,-0.6095135,0.6981218,0.72031546,0.070730574,-0.5289484,0.81381667,0.7172039,0.6541394,-0.21255061,-0.16780317,0.75062704,0.9222686,0.91289794,0.87301654,0.7885847,0.7996959,0.8556434,0.91429925,0.88242054,0.75334215,0.73555285,0.9533597,0.8634863,0.86422014,0.8297571,0.38266975,0.6779522,0.78005683,-0.80634785,-0.8288877,0.861892,0.16183107,-0.39007574,0.920978,0.42775846,0.78597605,-0.558901,0.6869625,-0.1717624,0.8313712,-0.120697975,-0.59279037,0.8750488,-0.6650622,0.6871832,-0.18071425,-0.18861192,-0.006705705,-0.12838441,-0.49152142
-0.113895014,0.25090414,0.71816385,0.6657558,-0.3072791,-0.008685468,0.66705436,0.78705025,0.7424983,0.28179365,0.27998847,0.8548082,0.93311274,0.9292265,0.9185798,0.56089866,0.89445674,0.7799475,0.85775054,0.7131135,0.8862127,0.9026283,0.92308986,0.86516434,-0.5963183,0.84582007,0.20663066,0.70599717,0.84459126,0.9131863,-0.41374648,-0.7610314,-0.42224246,0.7841151,0.78451777,-0.32035574,-0.15204579,-0.6874541,0.6022843,0.8780431,0.35034633,0.025453564,0.5976303,0.5648123,-0.6815199,0.40664577,0.72085285,0.38929683,0.29067114,-0.46568078,-0.6070119,0.6929035,0.75069076,0.28029835,-0.4435674,0.76641977,0.6821047,0.602095,-0.3476861,-0.37921202,0.6363554,0.8609307,0.91107166,0.9396002,0.9236101,0.93374383,0.8102343,0.8918445,0.89293385,0.78705907,0.90101886,0.8634863,0.9647275,0.85003465,0.80709314,0.2568752,0.7728206,0.9031875,-0.7788842,-0.7679595,0.89664197,0.16757041,-0.4457088,0.89231116,0.5198419,0.8230531,-0.4983908,0.7317633,-0.11580211,0.769475,-0.16705161,-0.6641089,0.8554627,-0.7521286,0.5520364,-0.23189023,-0.15513697,0.013887092,-0.1344564,-0.52725816
0.14051338,0.30020356,0.8198286,0.69139975,-0.51982915,-0.049733866,0.811767,0.89038783,0.8314005,0.46330687,0.2195184,0.80747175,0.8987483,0.8520824,0.79354614,0.54239094,0.8733033,0.7510009,0.7656077,0.52444935,0.7764807,0.8732176,0.8249607,0.8541024,-0.4664591,0.73339283,-0.0755755,0.5005766,0.71315366,0.7981255,-0.3188463,-0.7575679,-0.44080138,0.72296524,0.6744446,-0.36747926,-0.38554895,-0.6658297,0.6169683,0.92946535,0.29249278,-0.09526934,0.49829316,0.4554,-0.71455604,0.29913288,0.6379925,0.2908905,0.22840334,-0.55134547,-0.46941862,0.7760674,0.7615223,0.09649468,-0.61615133,0.8596482,0.82195675,0.7590245,-0.029650211,-0.07503396,0.79872334,0.91257346,0.9172077,0.89189965,0.82741016,0.840106,0.897542,0.91801107,0.806347,0.7672231,0.76822865,0.86422014,0.85003465,0.9662336,0.9428663,0.52437663,0.6118579,0.75429654,-0.72705376,-0.7425078,0.7691232,0.03400099,-0.42935455,0.8724911,0.24003786,0.65416497,-0.7108622,0.5759079,-0.32281578,0.7599241,-0.12450181,-0.4848607,0.8503249,-0.6260631,0.5309002,-0.36143208,-0.33022827,-0.10944414,-0.22126044,-0.6072615
0.1290636,0.25311133,0.8216778,0.6471947,-0.50383896,0.017562656,0.79184926,0.85751283,0.7965602,0.52505946,0.24142925,0.78040195,0.85261774,0.79955405,0.73594296,0.4821005,0.81169355,0.6935282,0.6940216,0.46089566,0.7313124,0.81437856,0.76579165,0.81014794,-0.35859033,0.71021044,-0.14266872,0.45363516,0.63663375,0.73558116,-0.31910786,-0.7334922,-0.4989466,0.65403646,0.5895847,-0.43136328,-0.48498785,-0.68450904,0.53052187,0.8986037,0.19823216,-0.18612698,0.39317918,0.3772421,-0.74502575,0.19016433,0.54823625,0.1863569,0.20594563,-0.604895,-0.4720491,0.7304958,0.6962513,0.101903915,-0.57766294,0.8359506,0.78817594,0.725606,0.0012491168,-0.004876987,0.81977344,0.88569087,0.869508,0.8436923,0.7775723,0.78585327,0.8553808,0.87154615,0.7549212,0.7157567,0.7305763,0.8297571,0.80709314,0.9428663,0.9522713,0.5906143,0.5607034,0.6929685,-0.7132074,-0.73524654,0.7156843,-0.057631187,-0.4736175,0.8292362,0.18770218,0.5807989,-0.75713694,0.5382646,-0.4004295,0.7093656,-0.19967456,-0.47869405,0.79353064,-0.615216,0.4669287,-0.40311116,-0.42905048,-0.2156243,-0.2823056,-0.65538347
0.14632243,-0.13344175,0.4668184,0.13707381,-0.47684938,-0.022962742,0.34899998,0.36984634,0.28244618,0.5738232,0.093920276,0.32887456,0.32352448,0.24968523,0.14337891,-0.03115778,0.24877894,0.09210095,0.07607323,-0.18469459,0.16099453,0.25049675,0.172981,0.29611135,0.17684841,0.23194626,-0.5582739,-0.08674722,-0.014666681,0.11653727,-0.13693824,-0.377658,-0.48751628,0.046352837,-0.01908905,-0.56659,-0.8154793,-0.44394594,-0.0043511167,0.41752142,-0.26333508,-0.49980712,-0.16770151,-0.16277424,-0.5238322,-0.31851208,-0.056401588,-0.319758,-0.22790223,-0.62161756,-0.21845746,0.1954926,0.11677946,-0.14095014,-0.44362772,0.35345387,0.3291862,0.299994,0.3615536,0.45548087,0.68318594,0.48264444,0.36374855,0.31372926,0.21587944,0.22465543,0.36063814,0.36366075,0.19514711,0.15023312,0.17038953,0.38266975,0.2568752,0.52437663,0.5906143,0.8768661,0.0034217502,0.084705494,-0.28498515,-0.40395036,0.15720545,-0.42806008,-0.29042494,0.33843005,-0.23657906,-0.023624398,-0.75838345,0.06540786,-0.7110324,0.2218557,-0.31769928,-0.07757492,0.2585097,-0.20712158,0.12955837,-0.48257855,-0.6119865,-0.540997,-0.53582364,-0.61126244
-0.2560274,0.28967014,0.5473327,0.5491084,-0.0028386386,0.13989401,0.47947058,0.586149,0.5512117,0.12397684,0.37418222,0.74827945,0.7514342,0.7107719,0.7451246,0.53181374,0.6949455,0.625057,0.7184374,0.6476789,0.72692835,0.72588336,0.7322284,0.7015301,-0.49635622,0.82861197,0.5226214,0.8325081,0.790339,0.7900035,-0.46080977,-0.55555314,-0.35277992,0.6477411,0.7045743,-0.25574285,0.06411475,-0.5431124,0.43246222,0.6741214,0.20919922,0.13398968,0.50173867,0.4225341,-0.5083364,0.29797667,0.5495199,0.27908856,0.30179667,-0.34971374,-0.51600426,0.5246571,0.5768601,0.44572783,-0.14285988,0.57317054,0.47980237,0.40588817,-0.5561976,-0.58468634,0.36832252,0.6370089,0.68843806,0.7117876,0.7404705,0.72952545,0.5693759,0.6723869,0.7467754,0.6099912,0.744442,0.6779522,0.7728206,0.6118579,0.5607034,0.0034217502,0.86847013,0.83713305,-0.6876365,-0.606563,0.7683123,0.13400687,-0.41005266,0.7122495,0.69886196,0.71878004,-0.16847727,0.79222274,0.035934202,0.54389477,-0.2254522,-0.64680594,0.64006317,-0.74646,0.3743354,-0.17760845,-0.066736326,0.024357721,-0.06319776,-0.39827377
-0.1732916,0.36292806,0.60500956,0.70289767,-0.14442733,0.008284485,0.60433257,0.73293126,0.67222166,0.09972747,0.2173726,0.7940893,0.88295436,0.8825415,0.909202,0.6281809,0.86350894,0.75849295,0.8685367,0.754678,0.85896796,0.8598579,0.9010664,0.82804215,-0.68320286,0.8309656,0.4208024,0.8178211,0.9034256,0.9297027,-0.39164725,-0.6652601,-0.32779986,0.7662066,0.80665827,-0.2682777,0.007037431,-0.60837364,0.607722,0.7968005,0.36378348,0.16426376,0.62079763,0.5976054,-0.5855913,0.45752585,0.734019,0.4279942,0.26456904,-0.39978945,-0.5355237,0.6803813,0.75063264,0.42784956,-0.32482067,0.6817212,0.62488574,0.5316545,-0.4450305,-0.56782246,0.47646213,0.75931853,0.83552,0.8737433,0.89553046,0.89578235,0.7218149,0.81582123,0.84723085,0.7448765,0.87190807,0.78005683,0.9031875,0.75429654,0.6929685,0.084705494,0.83713305,0.95320755,-0.72368765,-0.6814186,0.8649024,0.19453643,-0.4031395,0.83429825,0.6371368,0.8189729,-0.33418578,0.7884855,-0.019067269,0.68383694,-0.12597248,-0.631817,0.813844,-0.7647426,0.488738,-0.20936543,-0.062310398,0.08076878,-0.10069833,-0.46754432
0.27572888,0.005530425,-0.70971566,-0.4154377,0.24277374,-0.17577344,-0.50412285,-0.6096804,-0.6069063,-0.39100617,-0.4736899,-0.8240882,-0.7893716,-0.6826505,-0.65697324,-0.27534464,-0.6850729,-0.56123817,-0.602334,-0.49375457,-0.63981754,-0.73899555,-0.6890727,-0.68479455,0.3598559,-0.80601877,-0.06942666,-0.61861,-0.6133827,-0.70590174,0.6610098,0.8213463,0.6255863,-0.59629166,-0.5697484,0.36593404,0.22881389,0.7854235,-0.3558119,-0.7615597,-0.1526728,0.21221317,-0.35648105,-0.31300536,0.7487472,-0.1796791,-0.4794009,-0.16338325,-0.32170415,0.4458031,0.7275219,-0.49549592,-0.5422292,-0.18726453,0.28569174,-0.6647398,-0.5186493,-0.44452548,0.42188448,0.26502508,-0.6479056,-0.8093904,-0.758088,-0.73084176,-0.67186785,-0.6848584,-0.67170537,-0.7449713,-0.7670001,-0.58798856,-0.67529994,-0.80634785,-0.7788842,-0.72705376,-0.7132074,-0.28498515,-0.6876365,-0.72368765,0.89685756,0.8661541,-0.7464335,-0.013509471,0.5984616,-0.772122,-0.44770774,-0.6759571,0.434673,-0.73059034,0.1775857,-0.6598924,0.34680462,0.7580129,-0.68224555,0.7683205,-0.4565403,0.20185369,0.30063558,0.14008053,0.15615854,0.50416136
0.28347147,0.13704339,-0.7251074,-0.3432272,0.3144344,-0.16744173,-0.45550036,-0.5722575,-0.56684244,-0.47671586,-0.48245913,-0.82210684,-0.7860024,-0.6757436,-0.6249235,-0.16814208,-0.6557442,-0.48713258,-0.54159784,-0.4003328,-0.5939944,-0.71733385,-0.65976536,-0.6564999,0.268418,-0.77918184,0.051169805,-0.5361434,-0.52579844,-0.6596299,0.6717697,0.8694571,0.68597794,-0.52684474,-0.4904855,0.4352523,0.35156024,0.82943046,-0.28692994,-0.76421565,-0.071538135,0.29963613,-0.2812397,-0.27214226,0.7851882,-0.098605804,-0.4169218,-0.09466665,-0.25558394,0.49720746,0.7707293,-0.43817192,-0.47782308,-0.11849226,0.3236649,-0.64558804,-0.47893226,-0.40376443,0.3565089,0.1412006,-0.7398256,-0.84245276,-0.7641624,-0.732846,-0.6504626,-0.66977835,-0.6618352,-0.7401693,-0.7319727,-0.52382255,-0.64027715,-0.8288877,-0.7679595,-0.7425078,-0.73524654,-0.40395036,-0.606563,-0.6814186,0.8661541,0.92702323,-0.71520877,0.06376397,0.61246294,-0.76888347,-0.3935266,-0.62839353,0.5258915,-0.68600416,0.2662664,-0.6562424,0.38337886,0.7440048,-0.6703309,0.7373505,-0.47315156,0.21440113,0.36009452,0.21855785,0.22983743,0.53460723
-0.07679916,0.27813736,0.6509044,0.6419613,-0.2802086,-0.031120919,0.622252,0.7426103,0.7282498,0.18868114,0.2164011,0.78122497,0.85954154,0.8374162,0.83707833,0.5600281,0.83962667,0.7936778,0.8190315,0.7213365,0.8120302,0.88151824,0.85634804,0.7710514,-0.63593507,0.8018649,0.28300706,0.70776445,0.81332314,0.8685836,-0.40278977,-0.7410754,-0.3202926,0.8408265,0.8213638,-0.20479168,-0.026473984,-0.61146414,0.64012265,0.81094867,0.42600954,0.15219705,0.6609125,0.625664,-0.56506664,0.4874193,0.7448288,0.4718513,0.3294933,-0.35105103,-0.5538315,0.69788694,0.76786506,0.23541185,-0.41009367,0.7367879,0.67233706,0.59479415,-0.35857466,-0.40687227,0.5589472,0.8053234,0.859714,0.86451447,0.83491534,0.8405624,0.79400766,0.8595584,0.93321323,0.8146189,0.8260241,0.861892,0.89664197,0.7691232,0.7156843,0.15720545,0.7683123,0.8649024,-0.7464335,-0.71520877,0.94598466,0.31118077,-0.3377425,0.88469446,0.5947584,0.8988066,-0.38338768,0.7333416,0.028290285,0.81509686,-0.048612107,-0.61364734,0.8612251,-0.6920871,0.61757296,-0.10796629,-0.012994941,0.15906367,-0.04207533,-0.41100746
0.37025595,0.2879439,-0.00458188,0.20634589,-0.17954382,-0.28471524,0.20498864,0.18173186,0.32378116,-0.24739897,-0.17656416,-0.02580792,0.11336638,0.19281805,0.22949001,0.30559638,0.24525163,0.45336723,0.3385263,0.45007616,0.20770898,0.27453423,0.25962168,0.10452852,-0.5120108,-0.03049069,0.23708497,0.06880841,0.3064246,0.25786716,0.14718972,-0.09018053,0.5372275,0.5227398,0.45545417,0.69584453,0.64593863,0.28549588,0.61429596,0.10100162,0.8213294,0.61442816,0.683073,0.59648716,0.33856505,0.804067,0.6142628,0.80695397,0.44095546,0.5958714,0.11776699,0.37392634,0.43003315,-0.2802163,-0.19853821,0.22793788,0.29742688,0.34174266,-0.016256686,-0.13488106,-0.10938108,0.061578482,0.16827932,0.1835146,0.18249643,0.18028444,0.31339282,0.20109066,0.31776237,0.44646,0.16602984,0.16183107,0.16757041,0.03400099,-0.057631187,-0.42806008,0.13400687,0.19453643,-0.013509471,0.06376397,0.31118077,0.9206671,0.3956519,0.15325636,0.189524,0.50450474,0.29433444,0.0056659556,0.7360091,0.47098517,0.7027919,0.051316842,0.34175467,0.1928825,0.4678268,0.5642617,0.7458677,0.8704833,0.6661993,0.55846894
0.48434234,0.11679746,-0.4868005,-0.20153359,-0.1296468,-0.5143647,-0.22165218,-0.28623787,-0.24513386,-0.3525089,-0.5177069,-0.56941557,-0.44171143,-0.34365875,-0.33680457,-0.031137483,-0.28523102,-0.17720883,-0.22496155,-0.25814083,-0.3953746,-0.3092614,-0.33944252,-0.37629753,-0.038674336,-0.57560444,0.0037043677,-0.43460608,-0.27263704,-0.35224998,0.52470106,0.46190193,0.741799,-0.13205622,-0.10897595,0.52905893,0.41834927,0.71836674,0.12233403,-0.4194484,0.3035727,0.52517766,0.18406641,0.05553489,0.7315172,0.28342545,-0.0048190095,0.2802308,-0.16618924,0.55522186,0.5900557,-0.113961905,-0.14456627,-0.4064144,-0.1164472,-0.3438457,-0.15643774,-0.099926755,0.43138796,0.20579712,-0.4154153,-0.44678882,-0.36621568,-0.36710533,-0.3623796,-0.3662813,-0.24025972,-0.3399734,-0.3541662,-0.18525776,-0.44706494,-0.39007574,-0.4457088,-0.42935455,-0.4736175,-0.29042494,-0.41005266,-0.4031395,0.5984616,0.61246294,-0.3377425,0.3956519,0.84453225,-0.39452818,-0.18895796,-0.19294748,0.3625391,-0.5293537,0.35993648,-0.16198356,0.6668782,0.6643657,-0.21975484,0.7168765,0.102011204,0.30775842,0.62795055,0.5314857,0.31267035,0.5935189
0.0077032316,0.26202914,0.7688758,0.66158783,-0.39471203,0.006132832,0.71196914,0.8228203,0.79194045,0.3592248,0.24993208,0.8366587,0.9109612,0.8576415,0.82402784,0.540926,0.876686,0.77387273,0.79924667,0.6157576,0.7878677,0.91673154,0.8472347,0.8321079,-0.5444289,0.8150481,0.109149694,0.6322582,0.7744472,0.85623324,-0.38694918,-0.78711814,-0.42108226,0.8010905,0.7736387,-0.32991076,-0.22340837,-0.6798893,0.6262471,0.90250504,0.33712846,0.03768472,0.59901065,0.5538853,-0.6762613,0.3743287,0.69171053,0.3533433,0.30066362,-0.48309514,-0.5554418,0.74127567,0.7706847,0.18470354,-0.49833018,0.82223904,0.74966836,0.6713458,-0.2271542,-0.25640303,0.6953359,0.89164305,0.9178155,0.90015864,0.845746,0.8475442,0.8557124,0.9216458,0.90454936,0.7985754,0.797018,0.920978,0.89231116,0.8724911,0.8292362,0.33843005,0.7122495,0.83429825,-0.772122,-0.76888347,0.88469446,0.15325636,-0.39452818,0.9433285,0.4512896,0.8029398,-0.55833304,0.7015345,-0.16720574,0.8061464,-0.11099722,-0.57635164,0.89114714,-0.690391,0.62974215,-0.2258117,-0.18373579,-0.009531556,-0.14822526,-0.5336362
-0.44595784,0.11032252,0.1693791,0.26153415,0.21884483,0.07877286,0.08688663,0.22331972,0.1908153,-0.1799697,0.20754904,0.4571635,0.45215374,0.42394727,0.49159724,0.27802223,0.3868798,0.33593786,0.45402396,0.48957843,0.45274958,0.4304245,0.45540446,0.34980494,-0.41521734,0.5950803,0.63457245,0.75032747,0.5775772,0.5334267,-0.41019472,-0.33849674,-0.18778509,0.4112516,0.5036452,-0.15137413,0.2873398,-0.3429242,0.20818132,0.31036395,0.12040874,0.23495016,0.3662138,0.32301223,-0.22057945,0.24009252,0.36163437,0.21167096,0.11080031,-0.13707414,-0.43438596,0.20379063,0.31736976,0.44699228,0.08866844,0.20799237,0.12907533,0.046479896,-0.61071134,-0.6507301,0.055855013,0.34223455,0.39198655,0.42060196,0.46230572,0.4533406,0.24539933,0.37207228,0.5370923,0.33158314,0.4880912,0.42775846,0.5198419,0.24003786,0.18770218,-0.23657906,0.69886196,0.6371368,-0.44770774,-0.3935266,0.5947584,0.189524,-0.18895796,0.4512896,0.85998863,0.6183461,0.15046655,0.70628285,0.1912453,0.34244365,-0.15256491,-0.49214298,0.39242297,-0.5603384,0.29907724,0.0098674,0.16217038,0.13218993,-0.03861454,-0.162676
-0.03770005,0.26161337,0.53438807,0.57298255,-0.24658406,-0.10427934,0.5393815,0.65859294,0.6705235,0.058226474,0.16054608,0.6781249,0.77711034,0.77343583,0.7882875,0.5289139,0.7843803,0.76703906,0.7876853,0.73249257,0.74743253,0.8301678,0.80197775,0.6899036,-0.69879663,0.70873487,0.34692532,0.66323596,0.7922075,0.82177645,-0.36298966,-0.68369216,-0.15003942,0.8387363,0.8200103,-0.007030419,0.18669447,-0.47123104,0.6873245,0.7146596,0.56786424,0.29565543,0.7461899,0.6828406,-0.4060799,0.6211278,0.7961666,0.6099371,0.38669932,-0.13494799,-0.49790597,0.6570724,0.7514197,0.16520354,-0.3776374,0.66169065,0.6099905,0.55103624,-0.37470016,-0.4381532,0.43286023,0.7084,0.77979684,0.79648995,0.7752252,0.77539265,0.73998183,0.78568983,0.88301504,0.7834672,0.75729144,0.78597605,0.8230531,0.65416497,0.5807989,-0.023624398,0.71878004,0.8189729,-0.6759571,-0.62839353,0.8988066,0.50450474,-0.19294748,0.8029398,0.6183461,0.93093926,-0.21045704,0.67113423,0.23189825,0.8146747,0.1208399,-0.55057657,0.82606876,-0.5812584,0.65769625,0.07674553,0.21000442,0.35685322,0.14291456,-0.19441861
-0.13591884,-0.023940798,-0.57121956,-0.37994033,0.52073,0.1061854,-0.5321511,-0.59347343,-0.48764065,-0.48664495,-0.0489287,-0.49430975,-0.55968237,-0.5099719,-0.42048034,-0.18973783,-0.522732,-0.34954312,-0.3516543,-0.07615093,-0.4276722,-0.5018136,-0.45323586,-0.52980626,0.099861786,-0.38521004,0.4503227,-0.08146575,-0.25908598,-0.38432354,0.14705732,0.5229806,0.4724611,-0.30575952,-0.23286986,0.5461364,0.71850777,0.55299723,-0.23861593,-0.62495303,0.055740416,0.4054312,-0.049280204,-0.08676737,0.624897,0.07496548,-0.23171847,0.07071249,0.15127215,0.66784704,0.30861515,-0.4255718,-0.38872892,0.04681304,0.5657352,-0.53560376,-0.5226011,-0.4671073,-0.2709346,-0.28842822,-0.7371512,-0.6476767,-0.5883093,-0.5566691,-0.46628278,-0.4888028,-0.570925,-0.58523697,-0.41884002,-0.381837,-0.42536223,-0.558901,-0.4983908,-0.7108622,-0.75713694,-0.75838345,-0.16847727,-0.33418578,0.434673,0.5258915,-0.38338768,0.29433444,0.3625391,-0.55833304,0.15046655,-0.21045704,0.8799402,-0.20083779,0.64294934,-0.4073497,0.25805506,0.20467606,-0.50368047,0.37134403,-0.21361366,0.49807099,0.5656254,0.4039917,0.5027072,0.68596476
-0.42281264,0.12635738,0.5451772,0.45922774,0.091532394,0.30273426,0.3698376,0.5035987,0.46979558,0.13873602,0.4202694,0.736763,0.7020694,0.6359112,0.6619174,0.3523869,0.5986818,0.49997628,0.59700453,0.58632904,0.63896775,0.6487813,0.6385913,0.6023464,-0.3729546,0.81771135,0.43966177,0.8364246,0.6743164,0.70970225,-0.5659106,-0.6092655,-0.5171167,0.5341456,0.5685506,-0.36838597,-0.039743267,-0.67292714,0.28302643,0.6218691,0.04991495,0.0011848677,0.3378322,0.3763025,-0.6082281,0.15177345,0.42610097,0.12614045,0.29147798,-0.4175658,-0.62734365,0.42321193,0.49396738,0.52077824,-0.02413179,0.52568364,0.38764024,0.29509175,-0.60038596,-0.5489755,0.41011018,0.6367527,0.6460379,0.655976,0.66632444,0.65169424,0.5067175,0.62963736,0.71249986,0.51122373,0.6803808,0.6869625,0.7317633,0.5759079,0.5382646,0.06540786,0.79222274,0.7884855,-0.73059034,-0.68600416,0.7333416,0.0056659556,-0.5293537,0.7015345,0.70628285,0.67113423,-0.20083779,0.89428735,-0.04366407,0.5033986,-0.36480856,-0.7109823,0.59656847,-0.8043563,0.35848963,-0.14669275,-0.18046866,-0.123599455,-0.13735092,-0.45659477
0.12974577,0.1797673,-0.24991131,-0.035769492,0.20733169,-0.055383988,-0.10434468,-0.16294602,-0.003943622,-0.3957692,-0.03632088,-0.22666913,-0.19151723,-0.10143408,-0.028246462,0.119405694,-0.09145392,0.14642231,0.06792877,0.3204741,-0.034231246,-0.06467676,-0.02612402,-0.17951015,-0.27870676,-0.17656113,0.37868756,0.051053014,0.10373639,0.007284387,0.114079125,0.18173935,0.54958224,0.20951241,0.18693024,0.7525747,0.82133675,0.42452312,0.2757539,-0.22353369,0.5726683,0.5823849,0.41282362,0.37191024,0.48646277,0.55480003,0.2876308,0.5602405,0.46891272,0.7511639,0.1878736,0.028591586,0.103365615,-0.09784756,0.21061008,-0.08513657,-0.06409214,0.0038042609,-0.22446531,-0.27163225,-0.45020258,-0.2757101,-0.17706923,-0.13659626,-0.09066765,-0.094890065,-0.07531685,-0.15163055,0.01888328,0.12775493,-0.05140636,-0.1717624,-0.11580211,-0.32281578,-0.4004295,-0.7110324,0.035934202,-0.019067269,0.1775857,0.2662664,0.028290285,0.7360091,0.35993648,-0.16720574,0.1912453,0.23189825,0.64294934,-0.04366407,0.89032173,0.10844331,0.5407944,0.07052373,-0.028356437,0.25551876,0.16766238,0.6715297,0.7375633,0.75385463,0.75951654,0.71990836
0.21723154,0.2109721,0.6571369,0.54539716,-0.52104086,-0.16642855,0.6653873,0.74661905,0.7788459,0.27684936,0.14063624,0.6557629,0.7670554,0.74618375,0.7074363,0.4548741,0.7812713,0.76543295,0.71864486,0.58509624,0.6738644,0.8272283,0.7469761,0.67856,-0.5728897,0.6120964,0.009176309,0.43541694,0.65871155,0.73415446,-0.29804713,-0.7484335,-0.16875723,0.8207008,0.7360623,0.016225291,-0.009522589,-0.4732166,0.72544,0.7820388,0.58885634,0.18178312,0.70063335,0.62752384,-0.4452961,0.5874826,0.7657844,0.57981515,0.4079935,-0.15005644,-0.42903304,0.72845817,0.7653819,-0.11345142,-0.581485,0.77401173,0.7422637,0.70927304,-0.08324644,-0.092342794,0.6244042,0.7902819,0.8190461,0.79588675,0.71503174,0.72397864,0.85793686,0.83892155,0.84286416,0.8061222,0.66697156,0.8313712,0.769475,0.7599241,0.7093656,0.2218557,0.54389477,0.68383694,-0.6598924,-0.6562424,0.81509686,0.47098517,-0.16198356,0.8061464,0.34244365,0.8146747,-0.4073497,0.5033986,0.10844331,0.90709394,0.18874691,-0.43196592,0.853148,-0.43914443,0.72162473,0.05716555,0.1106555,0.31671202,0.140504,-0.20792098
0.686307,0.39392084,-0.2274153,0.15887551,-0.26338658,-0.51115,0.14581795,0.08378035,0.15147226,-0.34759003,-0.5378834,-0.36568874,-0.15339236,-0.045363486,-0.037735574,0.27440658,0.053189173,0.22015506,0.109515,0.11303845,-0.08743684,0.022367673,-0.012720055,-0.09677786,-0.39591357,-0.40031558,0.030505426,-0.26574072,0.056822907,-0.027457098,0.48155266,0.19461155,0.78625715,0.25749433,0.21060848,0.71017885,0.5414232,0.5809071,0.5570375,-0.11008151,0.71981025,0.66980636,0.52270013,0.4269538,0.57241565,0.68373936,0.4228108,0.67904675,0.15225375,0.6222282,0.49702024,0.2970541,0.28818026,-0.41687086,-0.3087008,0.035413343,0.23909971,0.29578757,0.40878367,0.12034849,-0.2250685,-0.18079394,-0.063893095,-0.06158451,-0.06930025,-0.07789984,0.13925539,-0.015019333,-0.032213125,0.21271864,-0.1539962,-0.120697975,-0.16705161,-0.12450181,-0.19967456,-0.31769928,-0.2254522,-0.12597248,0.34680462,0.38337886,-0.048612107,0.7027919,0.6668782,-0.11099722,-0.15256491,0.1208399,0.25805506,-0.36480856,0.5407944,0.18874691,0.9166913,0.50818443,0.14012963,0.5399744,0.3003924,0.42266938,0.7281116,0.7881483,0.5385449,0.6087575
0.5437267,0.1729752,-0.55799484,-0.21378466,-0.05335024,-0.36882997,-0.24588148,-0.342071,-0.36136103,-0.31272,-0.6389164,-0.75240093,-0.6313193,-0.5368279,-0.5422446,-0.107403874,-0.4743702,-0.37208003,-0.4593028,-0.4831661,-0.5570996,-0.54051644,-0.557923,-0.5301312,0.1990941,-0.7789788,-0.1980192,-0.6348774,-0.4965022,-0.5832827,0.6743934,0.64386266,0.6670785,-0.3979117,-0.4112054,0.3660677,0.13317512,0.72474986,-0.100102276,-0.55286777,0.014495269,0.26649266,-0.18086588,-0.18934499,0.6771679,-0.02938021,-0.28383806,-0.033552326,-0.33662373,0.38786185,0.7636586,-0.20725381,-0.28969553,-0.32381263,-0.02268613,-0.43811405,-0.21496776,-0.15128377,0.68068886,0.40188196,-0.41549048,-0.59262776,-0.5426587,-0.5545329,-0.5506414,-0.560803,-0.3875937,-0.5068119,-0.60374737,-0.37959287,-0.6170322,-0.59279037,-0.6641089,-0.4848607,-0.47869405,-0.07757492,-0.64680594,-0.631817,0.7580129,0.7440048,-0.61364734,0.051316842,0.6643657,-0.57635164,-0.49214298,-0.55057657,0.20467606,-0.7109823,0.07052373,-0.43196592,0.50818443,0.88812727,-0.4308279,0.7951401,-0.21499261,0.09360039,0.30777895,0.20784712,0.10011794,0.4231748
0.18765955,0.37703583,0.6824987,0.7257143,-0.47064286,-0.17334032,0.75062215,0.85842776,0.8276242,0.20935631,0.051634245,0.7214258,0.87486804,0.86247003,0.8311662,0.6144851,0.90006584,0.829392,0.83581215,0.65158176,0.77346104,0.9192295,0.8570913,0.8045096,-0.7010946,0.69228697,0.11592396,0.5599559,0.79743135,0.8559291,-0.25812894,-0.74916947,-0.20055535,0.85701394,0.81369865,-0.13054602,-0.07089215,-0.53194284,0.78291,0.8661822,0.5399615,0.20637105,0.725744,0.6783916,-0.52745456,0.57661176,0.8246192,0.5584407,0.30022246,-0.31176722,-0.41074806,0.839486,0.87535113,0.08214104,-0.603751,0.8221204,0.8239635,0.75606775,-0.087119356,-0.22589074,0.64085937,0.8476726,0.9091936,0.8954772,0.8377192,0.8463973,0.9041076,0.9217147,0.88364565,0.8487656,0.7690938,0.8750488,0.8554627,0.8503249,0.79353064,0.2585097,0.64006317,0.813844,-0.68224555,-0.6703309,0.8612251,0.34175467,-0.21975484,0.89114714,0.39242297,0.82606876,-0.50368047,0.59656847,-0.028356437,0.853148,0.14012963,-0.4308279,0.95196795,-0.5469026,0.6940055,-0.12485338,0.013607262,0.2150224,-0.011971455,-0.36948746
0.5085378,-0.076270215,-0.5821712,-0.45861226,-0.057432998,-0.3516051,-0.38477635,-0.5114458,-0.45519555,-0.2437503,-0.45733777,-0.7858154,-0.7268874,-0.648634,-0.6667162,-0.32257628,-0.6036988,-0.47385103,-0.57808816,-0.5514357,-0.6792186,-0.6370953,-0.6606256,-0.64612067,0.29759908,-0.8384516,-0.29672718,-0.7642902,-0.63477457,-0.6987231,0.59351176,0.62837195,0.6659389,-0.47330153,-0.49008432,0.5325874,0.2591351,0.784006,-0.18066493,-0.65348756,0.076884076,0.25143215,-0.18175805,-0.24548988,0.76244485,-0.014791852,-0.34836927,0.0030789413,-0.19691631,0.59112465,0.68684334,-0.37846914,-0.4447772,-0.54624844,0.033260662,-0.520527,-0.3651347,-0.2647416,0.5808337,0.4875848,-0.47530305,-0.6588942,-0.65005744,-0.6628877,-0.6706601,-0.6734562,-0.48628056,-0.61979795,-0.6838919,-0.47537225,-0.7298204,-0.6650622,-0.7521286,-0.6260631,-0.615216,-0.20712158,-0.74646,-0.7647426,0.7683205,0.7373505,-0.6920871,0.1928825,0.7168765,-0.690391,-0.5603384,-0.5812584,0.37134403,-0.8043563,0.25551876,-0.43914443,0.5399744,0.7951401,-0.5469026,0.9110975,-0.20656121,0.33162358,0.42050424,0.3280115,0.3157193,0.6365236
0.25704432,0.044620924,0.45915133,0.29679292,-0.49375045,-0.25935942,0.42769092,0.5135739,0.5580459,0.19942793,0.052851662,0.46936643,0.57406735,0.550177,0.49362385,0.24681604,0.5921202,0.5201058,0.51576114,0.33084178,0.39901,0.64546746,0.53468555,0.46478057,-0.43089217,0.41930562,-0.019618068,0.27547917,0.4613005,0.524974,-0.19178297,-0.60329264,-0.008465527,0.61823416,0.58219916,0.119123414,0.107013315,-0.2647329,0.5953201,0.5860581,0.5316992,0.30974388,0.647235,0.5224446,-0.19194724,0.51918614,0.6126315,0.5057766,0.292738,0.035907038,-0.3026519,0.52407014,0.55220103,-0.26141238,-0.51321846,0.5617069,0.53143835,0.50861603,-0.009887306,0.0017251073,0.4640802,0.6187321,0.6370646,0.6014596,0.5046178,0.514929,0.6596329,0.6501187,0.62757486,0.5634541,0.39592716,0.6871832,0.5520364,0.5309002,0.4669287,0.12955837,0.3743354,0.488738,-0.4565403,-0.47315156,0.61757296,0.4678268,0.102011204,0.62974215,0.29907724,0.65769625,-0.21361366,0.35848963,0.16766238,0.72162473,0.3003924,-0.21499261,0.6940055,-0.20656121,0.80547214,0.20814322,0.28271848,0.3853513,0.17508152,0.010473055
0.12039681,-0.10265845,-0.1869277,-0.22048044,0.15551548,0.09700836,-0.21495837,-0.27707842,-0.079157725,-0.17116292,0.040878966,-0.2694735,-0.2943961,-0.23365507,-0.204497,-0.18374631,-0.25504318,-0.04632028,-0.15076391,0.12142119,-0.21701042,-0.19452871,-0.20561779,-0.3344478,-0.025131729,-0.2707012,0.052906662,-0.14827915,-0.16656333,-0.17780955,0.10323027,0.14409089,0.37758845,0.021337261,-0.038799174,0.65219414,0.5613219,0.3319378,0.08750698,-0.28316388,0.39069247,0.3540173,0.20994723,0.260226,0.39983323,0.34875208,0.090516426,0.3538097,0.48108208,0.68904805,0.118962266,-0.11796467,-0.062302146,-0.2332417,0.24225426,-0.107066505,-0.15627582,-0.07216908,-0.09773614,0.01519796,-0.2916028,-0.26941845,-0.25717705,-0.2396029,-0.23644896,-0.24932015,-0.14670202,-0.23175369,-0.09855162,-0.021278393,-0.21243379,-0.18071425,-0.23189023,-0.36143208,-0.40311116,-0.48257855,-0.17760845,-0.20936543,0.20185369,0.21440113,-0.10796629,0.5642617,0.30775842,-0.2258117,0.0098674,0.07674553,0.49807099,-0.14669275,0.6715297,0.05716555,0.42266938,0.09360039,-0.12485338,0.33162358,0.20814322,0.8094278,0.56151664,0.5566083,0.69699454,0.68260694
0.27502513,0.17394362,-0.39451295,-0.05220922,0.012451366,-0.40822536,-0.1579409,-0.1760087,-0.08062351,-0.5103587,-0.35707235,-0.344553,-0.20707434,-0.10168764,-0.046823606,0.11586486,-0.06348945,0.084509626,0.05797094,0.16914947,-0.11628258,-0.06966795,-0.040512633,-0.19784012,-0.38065138,-0.30119503,0.3361747,-0.06950616,0.06886823,-0.026147952,0.26955584,0.21332964,0.71423596,0.17174044,0.19889039,0.72018385,0.78583384,0.54000396,0.3464836,-0.26486415,0.62886477,0.7029431,0.48534966,0.3856199,0.62870574,0.6375244,0.34275663,0.6339463,0.16097823,0.73445356,0.31573325,0.05048899,0.10942597,-0.2394259,-0.018118631,-0.18235853,-0.05942384,-0.021558106,0.008134088,-0.17615424,-0.4308083,-0.28505167,-0.16668522,-0.13926458,-0.10918766,-0.10780389,-0.07032196,-0.14987676,-0.045714393,0.06628707,-0.14543219,-0.18861192,-0.15513697,-0.33022827,-0.42905048,-0.6119865,-0.066736326,-0.062310398,0.30063558,0.36009452,-0.012994941,0.7458677,0.62795055,-0.18373579,0.16217038,0.21000442,0.5656254,-0.18046866,0.7375633,0.1106555,0.7281116,0.30777895,0.013607262,0.42050424,0.28271848,0.56151664,0.91614574,0.84784657,0.5915626,0.7297849
0.40606484,0.31757897,-0.17625786,0.1389374,-0.13887472,-0.41731802,0.0973245,0.0625577,0.17473203,-0.38712925,-0.31016147,-0.18143809,-0.020122774,0.07897641,0.12496118,0.29039592,0.14404127,0.3251658,0.24599841,0.34258685,0.07629288,0.14419185,0.14512262,0.0037455596,-0.51030385,-0.17087448,0.26733124,-0.015047056,0.2382307,0.1490189,0.24539113,0.062097967,0.68683946,0.39604524,0.3657646,0.7539497,0.7415474,0.44903976,0.57771873,-0.041748706,0.8218354,0.717359,0.65727615,0.5278564,0.48951814,0.81054246,0.55292404,0.8073523,0.319723,0.6865649,0.24442524,0.27817518,0.33044136,-0.28548992,-0.18200332,0.0648447,0.1843971,0.22793192,0.037921935,-0.14750087,-0.26915145,-0.10215458,0.02597411,0.05365451,0.06932772,0.06360684,0.1683588,0.056400213,0.14511758,0.30684102,0.034037974,-0.006705705,0.013887092,-0.10944414,-0.2156243,-0.540997,0.024357721,0.08076878,0.14008053,0.21855785,0.15906367,0.8704833,0.5314857,-0.009531556,0.13218993,0.35685322,0.4039917,-0.123599455,0.75385463,0.31671202,0.7881483,0.20784712,0.2150224,0.3280115,0.3853513,0.5566083,0.84784657,0.9418112,0.668007,0.6597935
0.31968156,0.17757146,-0.07242822,-0.021300513,0.07081994,0.059046563,0.040452357,-0.0669769,0.12408376,-0.14925694,0.05176381,-0.1859638,-0.1648599,-0.102201045,-0.06698894,0.08810385,-0.07140973,0.16951904,0.046182763,0.26056105,-0.061263774,-0.040991306,-0.042125084,-0.14270596,-0.1404908,-0.20216909,0.14165714,-0.08967612,0.032152012,-0.03308828,0.16252607,0.14227763,0.49370968,0.20387904,0.13244887,0.79770476,0.6578675,0.3970759,0.30360276,-0.13083836,0.5765823,0.4860058,0.36941525,0.3528102,0.4251001,0.49420875,0.26113588,0.5123036,0.6205504,0.7441253,0.22204529,0.104618564,0.12103379,-0.26835227,0.13424793,0.061221417,0.05480595,0.15841746,-0.06810071,-0.03897701,-0.3049118,-0.19586566,-0.1338144,-0.1194878,-0.10352602,-0.1099368,0.014241994,-0.10124883,-0.003556801,0.15498395,-0.09682671,-0.12838441,-0.1344564,-0.22126044,-0.2823056,-0.53582364,-0.06319776,-0.10069833,0.15615854,0.22983743,-0.04207533,0.6661993,0.31267035,-0.14822526,-0.03861454,0.14291456,0.5027072,-0.13735092,0.75951654,0.140504,0.5385449,0.10011794,-0.011971455,0.3157193,0.17508152,0.69699454,0.5915626,0.668007,0.8770738,0.70774853
0.27676922,-0.02689367,-0.5092647,-0.38451362,0.12681986,-0.19487813,-0.37556148,-0.47332317,-0.32222757,-0.3959998,-0.22884956,-0.58360356,-0.5546049,-0.48129338,-0.4415434,-0.22427382,-0.44934648,-0.25033295,-0.34215325,-0.14568666,-0.47211406,-0.44157726,-0.43400133,-0.5292051,0.026821824,-0.58298767,0.07983356,-0.39238375,-0.3348871,-0.42456204,0.3114466,0.43329993,0.6673614,-0.19387567,-0.21246752,0.8298962,0.7107041,0.66397154,0.008496848,-0.54836684,0.37922734,0.49177077,0.11623971,0.0572197,0.7244477,0.32481837,-0.057586838,0.33040354,0.22776964,0.90857434,0.42939165,-0.26473314,-0.2553668,-0.40107512,0.21237034,-0.40210944,-0.324999,-0.23096693,0.107420005,0.08520339,-0.563635,-0.55393887,-0.5106472,-0.50308466,-0.48632604,-0.49000007,-0.37539977,-0.48743078,-0.40639997,-0.2610619,-0.5034872,-0.49152142,-0.52725816,-0.6072615,-0.65538347,-0.61126244,-0.39827377,-0.46754432,0.50416136,0.53460723,-0.41100746,0.55846894,0.5935189,-0.5336362,-0.162676,-0.19441861,0.68596476,-0.45659477,0.71990836,-0.20792098,0.6087575,0.4231748,-0.36948746,0.6365236,0.010473055,0.68260694,0.7297849,0.6597935,0.70774853,0.93479824
