0,1,2,3,4,5,6,7,8,9,10,11,12,13,14,15,16,17,18,19,20,21,22,23,24,25,26,27,28,29,30,31,32,33,34,35,36,37,38,39,40,41,42,43,44,45,46,47,48,49,50,51,52,53,54,55,56,57,58,59,60,61,62,63,64,65,66,67,68,69,70,71,72,73,74,75,76,77,78,79,80,81,82,83,84,85,86,87,88,89,90,91,92,93,94,95,96,97,98,99
0.73623,0.3244635,0.29750293,0.10259645,-0.0964905,0.010698754,0.08341077,0.22584933,0.056517307,0.05625222,0.28509164,0.103235245,0.4516889,0.42343098,0.41907233,0.29924726,0.2940622,0.21775271,0.34875327,-0.00647333,0.32723945,-0.0639147,-0.0059389304,-0.28795087,0.14652945,-0.17661753,-0.41935307,-0.33663845,0.0064373733,-0.07518226,0.19606495,-0.13140923,0.2776696,-0.25530687,-0.3851553,-0.39778966,-0.40132952,-0.061661944,-0.08837704,-0.54386085,-0.3747669,-0.4432695,-0.36998922,-0.20688008,-0.44059896,-0.28765455,-0.37102047,-0.30255443,-0.0532651,-0.27659774,0.48092204,0.311333,0.52622604,-0.03705608,0.11998807,0.26054788,0.2975446,0.09720583,0.1373876,0.31986845,0.16756463,0.4267364,0.41132116,0.5751783,0.5928217,0.49210113,-0.2804614,0.4248891,-0.34810162,0.2599132,0.3538804,-0.18710499,0.09111343,-0.029774476,0.25440857,-0.35594997,-0.17094815,-0.0982423,0.38824463,0.20299053,-0.5935083,-0.44347233,-0.34412622,-0.38851887,-0.5703498,-0.5114825,-0.38579574,-0.4763524,-0.40806407,-0.43677256,0.06375353,0.1799309,-0.11483058,-0.16771133,-0.43841776,-0.23564681,-0.37933892,-0.30795583,0.09189673,-0.26089242
0.3244635,0.95167583,0.87045264,0.6127571,0.4840114,0.5243225,0.7698272,0.9087247,0.75816476,-0.06726411,-0.42682207,-0.357269,0.0043886025,-0.32744947,-0.2181032,0.86176145,-0.1553312,0.8366848,-0.2831785,0.6772393,0.41858643,0.6227441,0.6420849,0.30545235,0.29198974,0.51494277,-0.55385184,0.10264826,0.5924145,0.6063583,-0.2560964,-0.42351,-0.07579125,0.28078136,-0.057397135,-0.015219258,-0.76429236,-0.3500353,-0.61750257,-0.34151632,-0.73491436,-0.5303459,-0.55613625,-0.7208986,-0.6785182,-0.6511359,-0.6940854,-0.7662009,-0.3249802,-0.69588673,0.56753844,0.9088535,0.7882157,0.15979151,0.6060673,0.8275814,0.9095297,0.67354286,-0.13667363,-0.24801545,0.07738651,-0.16273662,0.0012617399,0.25752607,0.3334444,-0.056622356,0.29444394,0.12151556,0.09514087,0.8514721,0.67538786,0.3741879,0.45558578,0.20385414,0.2411893,0.26195154,0.3354715,0.4244945,0.1884259,-0.26840264,-0.28179765,-0.8743195,-0.8516293,0.3273242,-0.6506845,-0.7697208,-0.7981484,-0.41508263,-0.46273926,-0.8077729,-0.6844497,-0.40473413,-0.7147261,-0.7468237,-0.8216966,-0.7062316,-0.6899427,-0.78164685,0.0040989006,-0.7314582
0.29750293,0.87045264,0.95332855,0.44731906,0.32721847,0.7121289,0.740301,0.82536453,0.7284559,-0.06893514,-0.31274366,-0.28107488,-0.0022408338,-0.29142416,-0.13221478,0.7087314,-0.16075419,0.70003057,-0.2677483,0.6572577,0.26355278,0.4518051,0.47404012,0.13038269,0.14335734,0.39951098,-0.48195148,0.10716674,0.6352747,0.41383463,-0.42222697,-0.6107712,-0.23912191,0.13681969,-0.20761591,0.05051505,-0.60926545,-0.5417092,-0.70969725,-0.39650726,-0.6379196,-0.541701,-0.58755153,-0.56660426,-0.6379759,-0.55454624,-0.6481636,-0.6556479,-0.06731168,-0.5198743,0.41327238,0.8797505,0.66776735,-0.025144,0.7967677,0.91939604,0.85475904,0.65229475,-0.07528128,-0.1465939,0.14453705,-0.09592195,0.060574826,0.25193083,0.36207584,0.020860262,0.30378705,0.1706388,0.025413591,0.75991833,0.65895677,0.28313118,0.35241127,0.21450618,0.29003674,0.2414241,0.42546067,0.29913366,0.072975524,-0.45497173,-0.33565992,-0.77655315,-0.7835336,0.2094003,-0.5738882,-0.71205556,-0.6441783,-0.2777114,-0.3029185,-0.6927806,-0.6892757,-0.42442888,-0.69491696,-0.71683514,-0.7180524,-0.53208,-0.54782486,-0.6243676,0.27149802,-0.5448266
0.10259645,0.6127571,0.44731906,0.8837477,0.8191026,0.18078047,0.6149036,0.6939075,0.6490828,-0.32137454,-0.7034005,-0.6573838,-0.4323636,-0.5144801,-0.55344117,0.63483477,-0.510984,0.5806495,-0.5826985,0.6020808,0.1129507,0.60104465,0.5137994,0.4143034,0.19580014,0.5128931,-0.042297095,0.15267155,0.38059235,0.6777736,0.09512272,-0.009347959,-0.15131438,0.35509363,0.43032205,0.35941657,-0.38624233,0.12684955,-0.19876981,0.064088866,-0.28964448,0.039853103,-0.021436164,-0.42093956,-0.19564067,-0.21543379,-0.21061303,-0.3844489,-0.31548595,-0.37747645,0.29878026,0.633783,0.49743283,0.6883162,0.2627877,0.37839478,0.644927,0.58891666,-0.4384187,-0.6480559,-0.44049007,-0.5694519,-0.43334526,-0.23213117,-0.18423969,-0.46289158,0.43367594,-0.400027,0.060574405,0.52230966,0.22919554,0.19977438,0.1623547,-0.0728488,-0.28350872,0.12053138,0.18959868,0.27633673,0.12876506,-0.09125206,-0.022664977,-0.46562558,-0.49946332,0.39198405,-0.20217195,-0.33470148,-0.43713188,-0.0936017,-0.12814179,-0.40684628,-0.48489082,-0.4890293,-0.507631,-0.35407397,-0.38193834,-0.42396367,-0.2965936,-0.5476389,-0.1674763,-0.46263877
-0.0964905,0.4840114,0.32721847,0.8191026,0.9208954,0.18062666,0.5682311,0.5932244,0.63941026,-0.2537551,-0.7676895,-0.6407782,-0.5954339,-0.6167548,-0.66316056,0.5076958,-0.6220473,0.45864904,-0.6952975,0.5821302,0.02206999,0.5637652,0.47189966,0.5374775,0.22203569,0.5649796,0.11261971,0.3273626,0.3911931,0.7121009,0.15492441,0.12454241,-0.2281444,0.36803776,0.5237155,0.49505827,-0.22905356,0.1936622,-0.115188316,0.2919755,-0.1538397,0.22967109,0.089734785,-0.30036765,-0.050470613,-0.107189626,-0.08072211,-0.2858327,-0.30209628,-0.27085817,0.1479682,0.5281547,0.34606653,0.7490099,0.22373077,0.277914,0.53544337,0.60639274,-0.39227474,-0.77228713,-0.48927307,-0.7388953,-0.5247581,-0.39791116,-0.37072933,-0.60127175,0.50027597,-0.53111887,0.12566102,0.38858384,0.11475849,0.21910328,0.12636489,0.007847685,-0.33087358,0.23664683,0.25883585,0.3180247,0.116966724,-0.09850125,0.16932276,-0.29980758,-0.35623395,0.46320158,0.0040714415,-0.17380457,-0.2908371,0.09206262,0.017422002,-0.23849842,-0.43508017,-0.47402483,-0.38340557,-0.24153554,-0.22769934,-0.30424643,-0.15347637,-0.43027955,-0.21221246,-0.36235142
0.010698754,0.5243225,0.7121289,0.18078047,0.18062666,0.9140687,0.58121026,0.5000491,0.59254545,0.07913134,-0.21283758,-0.09841621,-0.14257795,-0.33108035,-0.118945196,0.2698963,-0.28265643,0.3208134,-0.35410678,0.5532138,-0.025797086,0.12343022,0.2054404,0.0751389,0.068770036,0.31245604,-0.18878308,0.36632365,0.6729121,0.16423756,-0.39972496,-0.5575775,-0.47813448,-0.089808874,-0.31937766,0.29499796,-0.18171322,-0.6392326,-0.6686534,-0.07185009,-0.34092283,-0.25091055,-0.49392325,-0.14076331,-0.3811559,-0.3050595,-0.4229682,-0.3412736,0.29907745,-0.13491797,-0.009021403,0.5535723,0.22550252,-0.17120668,0.85639644,0.7496623,0.5353924,0.5440295,0.13075109,-0.15025768,0.22457509,-0.18126252,0.07867068,0.038762286,0.17108107,-0.0253218,0.41892925,0.11499048,0.07349471,0.43187463,0.47831547,0.23084858,0.21856607,0.3505097,0.31465375,0.40026486,0.6306866,0.2216191,-0.000621998,-0.61994517,-0.04878973,-0.36148703,-0.39391404,0.16822317,-0.12165168,-0.32520598,-0.21889696,0.15415835,0.13963369,-0.2493225,-0.5388071,-0.36670297,-0.40179905,-0.41529477,-0.34373266,-0.09191321,-0.13135517,-0.15326595,0.52353454,-0.12922329
0.08341077,0.7698272,0.740301,0.6149036,0.5682311,0.58121026,0.9137093,0.85426223,0.8586819,-0.16409598,-0.56095314,-0.45108694,-0.22223905,-0.5366975,-0.3769046,0.6554377,-0.4460461,0.72388285,-0.5291018,0.849187,0.24617511,0.58528507,0.64962935,0.43107408,0.26640496,0.6132009,-0.30616271,0.40559584,0.78748345,0.61221623,-0.253598,-0.37882847,-0.34093487,0.2945323,0.029959902,0.32141277,-0.5087786,-0.3811618,-0.64887726,-0.003234805,-0.53011405,-0.29228008,-0.44340646,-0.51134646,-0.48773086,-0.48314244,-0.5400066,-0.6090466,-0.17853832,-0.4842442,0.30652884,0.7591479,0.52290666,0.21780431,0.6079582,0.717801,0.8234682,0.74526936,-0.20616679,-0.46467543,-0.036375586,-0.3869548,-0.139825,-0.018787628,0.102310434,-0.24189238,0.62570393,-0.05324919,0.24741837,0.7574934,0.63375086,0.4632839,0.46237007,0.16154465,0.116675034,0.41632307,0.6329333,0.5163189,0.098752186,-0.4065929,0.007972841,-0.6187711,-0.65601754,0.47178206,-0.31078756,-0.48086345,-0.55040634,-0.06770553,-0.11074835,-0.5268896,-0.7390995,-0.5576096,-0.68304676,-0.61023855,-0.58904254,-0.4800814,-0.41978735,-0.53175163,0.08703464,-0.5174696
0.22584933,0.9087247,0.82536453,0.6939075,0.5932244,0.5000491,0.85426223,0.9684938,0.8340037,-0.16896677,-0.5648267,-0.47621274,-0.13788748,-0.4664299,-0.35543692,0.8382262,-0.31739342,0.85589296,-0.4320761,0.790436,0.36243224,0.6930475,0.70964164,0.41038465,0.28273413,0.59365493,-0.4476735,0.2097599,0.66538715,0.67724776,-0.2468811,-0.39747733,-0.18514274,0.3654536,0.0644943,0.14578152,-0.7,-0.31654343,-0.6259713,-0.18688199,-0.66034436,-0.43244642,-0.47723275,-0.69204825,-0.6001081,-0.5909288,-0.62510544,-0.72971874,-0.32831094,-0.6466427,0.49982432,0.8904692,0.7263682,0.26068377,0.5771215,0.7737488,0.9353998,0.72531694,-0.2551332,-0.409208,-0.043773048,-0.31014764,-0.13135718,0.10036523,0.19750497,-0.20110676,0.46100324,-0.023782881,0.18249878,0.8658509,0.65710163,0.4374978,0.47219664,0.132488,0.11753102,0.3160537,0.43376386,0.482742,0.13650402,-0.29684243,-0.154998,-0.8042177,-0.82415795,0.43772295,-0.53480065,-0.6706748,-0.7351308,-0.3056407,-0.3418762,-0.7293469,-0.73716724,-0.51064336,-0.76480067,-0.7387618,-0.75316906,-0.6731101,-0.6127943,-0.7434864,-0.018286696,-0.6898928
0.056517307,0.75816476,0.7284559,0.6490828,0.63941026,0.59254545,0.8586819,0.8340037,0.9201588,-0.08217591,-0.5720599,-0.40841582,-0.28090483,-0.5177541,-0.39845282,0.63275254,-0.48419422,0.6607137,-0.55527353,0.795015,0.22890201,0.54648113,0.590757,0.4828018,0.33495903,0.63468695,-0.2543847,0.44260436,0.7735551,0.6368439,-0.14642002,-0.26976067,-0.35022944,0.22511502,0.053779304,0.3391526,-0.4694386,-0.32065213,-0.57757866,0.05623798,-0.49976733,-0.21213534,-0.40312552,-0.47756675,-0.47340423,-0.45196873,-0.50871044,-0.60488224,-0.1948742,-0.46268332,0.3139003,0.77664554,0.5425976,0.3015706,0.6216533,0.70990336,0.8190006,0.83736515,-0.14922696,-0.5160285,-0.06811429,-0.45421082,-0.15491349,-0.058320507,0.046137273,-0.27259535,0.584076,-0.11208612,0.18142429,0.68719447,0.5757586,0.39729738,0.42951295,0.22594917,0.10294253,0.42579475,0.6199835,0.4988095,0.1642336,-0.3342247,0.0064098197,-0.6016507,-0.64029694,0.44062686,-0.27741808,-0.49153477,-0.51521134,-0.038832515,-0.103179544,-0.4997689,-0.64784,-0.47821862,-0.5927533,-0.56399405,-0.5554996,-0.44833535,-0.3949414,-0.5416659,0.053853888,-0.50610214
0.05625222,-0.06726411,-0.06893514,-0.32137454,-0.2537551,0.07913134,-0.16409598,-0.16896677,-0.08217591,0.89961916,0.44054818,0.7408594,0.5088111,0.38148665,0.41970176,-0.0972026,0.43568122,-0.07504,0.48484236,-0.2590377,0.4906383,-0.20473489,0.021358637,0.2137523,0.48874944,0.033002328,-0.4471118,0.27978602,0.05276445,-0.03591477,0.2915709,0.32870495,0.37302756,-0.26970497,-0.48962617,-0.4871654,-0.20158313,-0.05902586,-0.0208496,0.10576693,-0.35937792,-0.22287607,-0.4363578,-0.090141505,-0.3943994,-0.40957618,-0.37202883,-0.2938532,-0.21567829,-0.2765817,0.26561582,-0.15536769,0.080394775,-0.38341033,-0.087334394,0.007830873,-0.13421382,-0.0068843476,0.8223487,0.37718862,0.67971206,0.32482857,0.6493178,0.49487573,0.40798098,0.4435064,-0.29387927,0.55362844,0.14635488,-0.03848866,0.27274063,0.22918798,0.43540514,0.6892996,0.7113637,0.35880607,0.10184108,0.3608619,0.5142862,0.3577297,0.12919083,-0.10327891,0.03113018,-0.047508072,-0.13478535,-0.14907134,-0.16179876,-0.18612644,-0.28353876,-0.1080872,0.34262326,0.64621735,0.44864196,0.03346269,-0.20442012,-0.101538956,-0.2663527,0.0027490086,-0.22598928,-0.17957693
0.28509164,-0.42682207,-0.31274366,-0.7034005,-0.7676895,-0.21283758,-0.56095314,-0.5648267,-0.5720599,0.44054818,0.92819,0.7734647,0.7194245,0.8575119,0.8517343,-0.46431565,0.70537674,-0.5019201,0.842729,-0.66949564,0.13513891,-0.6691355,-0.5483701,-0.51674616,0.056193594,-0.5439943,-0.17621183,-0.3117218,-0.38458675,-0.6709702,0.19397959,0.1224578,0.3948309,-0.611352,-0.65658754,-0.63485825,0.15766433,-0.028474208,0.24577194,-0.33853143,0.07054363,-0.19939356,-0.15653872,0.30758405,-0.06534746,0.061440654,-0.0035835472,0.19371937,0.1931416,0.19364801,0.020818975,-0.45118323,-0.18138093,-0.5999263,-0.23420593,-0.26948613,-0.469409,-0.44740587,0.5924816,0.85085857,0.5378735,0.8201844,0.7308123,0.58595395,0.5356933,0.8046993,-0.652532,0.66743183,-0.34606507,-0.43610725,-0.057184696,-0.37124264,-0.098736644,0.10058667,0.4694246,-0.33474472,-0.30061835,-0.31938925,0.22711083,0.35375768,-0.3423002,0.21118325,0.33399293,-0.66468644,-0.105626576,0.029955918,0.21725255,-0.2156639,-0.15111217,0.16606611,0.61801666,0.70238894,0.5498253,0.3501653,0.15188171,0.29565752,0.08581829,0.3440364,0.103182875,0.28495944
0.103235245,-0.357269,-0.28107488,-0.6573838,-0.6407782,-0.09841621,-0.45108694,-0.47621274,-0.40841582,0.7408594,0.7734647,0.9332991,0.6785291,0.67891675,0.7062451,-0.3846357,0.6467157,-0.36499974,0.7468846,-0.5378103,0.32719237,-0.50416446,-0.305634,-0.13895127,0.30260542,-0.29847515,-0.31999812,0.05326068,-0.18463373,-0.42471057,0.23005861,0.25254035,0.4008025,-0.44899583,-0.6383734,-0.6117271,0.039621048,-0.08609811,0.12271728,-0.06524232,-0.10677424,-0.22964346,-0.31435436,0.16253227,-0.21394673,-0.16646771,-0.17099978,-0.018407315,-0.0044454867,-0.00077775086,0.10343994,-0.4224176,-0.13104413,-0.6248033,-0.22597617,-0.19099584,-0.4131453,-0.30290598,0.80899847,0.6916813,0.7077116,0.63513637,0.7641146,0.57531846,0.4837339,0.6768633,-0.5295595,0.687995,-0.030238753,-0.30916756,0.09996569,-0.029554982,0.19873516,0.4303301,0.66101,0.062368836,-0.08881342,0.048803594,0.3726613,0.3955984,-0.033640288,0.1319224,0.25904253,-0.35902867,-0.074099615,0.0066675832,0.093881994,-0.16671109,-0.18801704,0.099848405,0.5587729,0.77261,0.58270675,0.24145506,0.025917886,0.14871539,-0.055907212,0.25284764,-0.07360637,0.108990744
0.4516889,0.0043886025,-0.0022408338,-0.4323636,-0.5954339,-0.14257795,-0.22223905,-0.13788748,-0.28090483,0.5088111,0.7194245,0.6785291,0.9396695,0.72203183,0.7886212,0.028880507,0.80697083,0.030468728,0.86299413,-0.36505288,0.592822,-0.21978807,-0.045647334,-0.21185929,0.32558852,-0.23537901,-0.6558563,-0.2523104,-0.1559479,-0.2986269,0.0827137,0.017260524,0.59289765,-0.2857264,-0.6705848,-0.85234857,-0.38268405,-0.12273598,-0.04358644,-0.46575075,-0.43671823,-0.60699916,-0.51144516,-0.21655229,-0.5091677,-0.4452486,-0.47454694,-0.3233498,-0.22183873,-0.3454963,0.4444473,-0.114370055,0.23679894,-0.6053039,-0.17257077,0.036739238,-0.09036372,-0.26077867,0.5761833,0.80106354,0.71852076,0.854414,0.82543665,0.86019427,0.8027142,0.83272755,-0.5730448,0.86303407,-0.08393137,0.073028564,0.38478714,0.03124459,0.33625054,0.22013459,0.7063917,-0.09914978,-0.21171172,0.076327935,0.393543,0.38921052,-0.36376882,-0.2785118,-0.11704847,-0.34713137,-0.52104276,-0.37381995,-0.31916624,-0.5759881,-0.57129955,-0.33237648,0.2917027,0.60373616,0.1974805,-0.07542309,-0.37110054,-0.23322177,-0.43730366,-0.12562346,-0.14748669,-0.2468958
0.42343098,-0.32744947,-0.29142416,-0.5144801,-0.6167548,-0.33108035,-0.5366975,-0.4664299,-0.5177541,0.38148665,0.8575119,0.67891675,0.72203183,0.9503189,0.8630421,-0.32864097,0.68416864,-0.42727637,0.83729196,-0.66517353,0.20841178,-0.60730875,-0.50982636,-0.49165392,0.13601165,-0.5354215,-0.19235548,-0.4061994,-0.42801997,-0.53820926,0.3707209,0.25082883,0.51872766,-0.6154637,-0.57608044,-0.68937755,0.05710812,0.14429635,0.3685069,-0.42474645,0.03451734,-0.19615677,-0.105099946,0.21982723,-0.09140113,0.053536043,-0.012498394,0.12078394,0.044113707,0.095726036,0.17624557,-0.34142247,0.003192768,-0.3841319,-0.30303198,-0.2720455,-0.3663153,-0.35684735,0.51682615,0.79546404,0.41961187,0.7917348,0.69439113,0.63823605,0.56122434,0.8257675,-0.732049,0.6287788,-0.507197,-0.3868152,-0.053862326,-0.47259465,-0.12836456,-0.0051271925,0.38418546,-0.4892037,-0.43439758,-0.33840877,0.373811,0.52145326,-0.5082432,0.0985212,0.24711928,-0.752211,-0.23867954,-0.102756515,0.10074857,-0.36534894,-0.29988384,0.04815965,0.66272795,0.7275003,0.5210209,0.3460315,0.070826955,0.19305381,-0.012137595,0.16922235,-0.044033516,0.1568908
0.41907233,-0.2181032,-0.13221478,-0.55344117,-0.66316056,-0.118945196,-0.3769046,-0.35543692,-0.39845282,0.41970176,0.8517343,0.7062451,0.7886212,0.8630421,0.94828826,-0.2669219,0.68398285,-0.31419635,0.82070243,-0.5128434,0.2683253,-0.56673706,-0.40426898,-0.47407028,0.16092995,-0.44549072,-0.31101394,-0.30498362,-0.24545325,-0.53779083,0.19892338,0.055950623,0.43190765,-0.61582625,-0.73236865,-0.67528504,-0.026916375,-0.079484105,0.13588873,-0.4576758,-0.093989044,-0.32812208,-0.29285634,0.16266441,-0.228284,-0.07938773,-0.1750992,0.02076597,0.104145244,0.028915528,0.17205152,-0.25716424,0.021297613,-0.5571777,-0.12417536,-0.095045894,-0.25789252,-0.28614464,0.5886781,0.8317185,0.58574283,0.840744,0.80843365,0.73438334,0.6983695,0.92588294,-0.59032863,0.7751491,-0.39164007,-0.2397553,0.1313883,-0.32784742,0.00859681,0.09319076,0.55291927,-0.33111405,-0.2370018,-0.22673376,0.3515234,0.32843155,-0.47427326,0.0066663455,0.16116503,-0.6602447,-0.28063875,-0.16886547,0.02004467,-0.34217748,-0.28839588,-0.02307095,0.48786455,0.61640096,0.40109432,0.22791594,-0.03895995,0.15181766,-0.07109981,0.16550219,0.09381953,0.11135252
0.29924726,0.86176145,0.7087314,0.63483477,0.5076958,0.2698963,0.6554377,0.8382262,0.63275254,-0.0972026,-0.46431565,-0.3846357,0.028880507,-0.32864097,-0.2669219,0.92202145,-0.077343926,0.8693805,-0.22093679,0.5736286,0.4937242,0.7310085,0.71981406,0.37243783,0.2956584,0.5090421,-0.5759114,0.0020980504,0.41671586,0.67851347,-0.18652162,-0.2742887,0.097447515,0.434456,0.10111199,-0.11467327,-0.83208144,-0.14088428,-0.46225375,-0.29285967,-0.72793114,-0.50068504,-0.43774188,-0.81273794,-0.6179625,-0.6513539,-0.634565,-0.7615981,-0.51028043,-0.78522277,0.6162413,0.78938675,0.7696719,0.23830828,0.361683,0.63945544,0.80142283,0.5151037,-0.22150421,-0.25298965,0.02486366,-0.16106439,-0.069833435,0.23549563,0.28010103,-0.109078705,0.20887208,0.061671354,0.16396612,0.8349023,0.58708596,0.4227956,0.47305626,0.12977934,0.15693486,0.23014563,0.1469507,0.44789642,0.16961373,-0.11541401,-0.21468103,-0.8587864,-0.81643623,0.39418846,-0.6764635,-0.7216631,-0.8562801,-0.5313019,-0.58334017,-0.8358058,-0.6236614,-0.34753296,-0.68035936,-0.7195747,-0.8145294,-0.8181097,-0.76130235,-0.8418343,-0.23294069,-0.8232782
0.2940622,-0.1553312,-0.16075419,-0.510984,-0.6220473,-0.28265643,-0.4460461,-0.31739342,-0.48419422,0.43568122,0.70537674,0.6467157,0.80697083,0.68416864,0.68398285,-0.077343926,0.9065954,-0.11177179,0.8696268,-0.56885695,0.42121553,-0.2480847,-0.16609326,-0.2917804,0.1484243,-0.32614917,-0.50556993,-0.40431485,-0.40517962,-0.35266387,0.038055394,0.07227568,0.64131594,-0.21867952,-0.4714517,-0.8609127,-0.25655597,0.0117287235,0.1354672,-0.44156724,-0.26445854,-0.44202775,-0.27080745,-0.13738333,-0.29154658,-0.27109772,-0.25243056,-0.1346679,-0.20555432,-0.23349282,0.29258418,-0.26346183,0.08635932,-0.5517634,-0.2970198,-0.14363262,-0.26930654,-0.44670767,0.47534648,0.8128614,0.61288214,0.80436075,0.658777,0.7093374,0.60864615,0.6989893,-0.70428455,0.6872822,-0.122514114,-0.09612095,0.104742266,-0.07173507,0.1382263,0.14208686,0.52725184,-0.15935975,-0.44166848,-0.08601203,0.20680833,0.3669573,-0.31121248,-0.13153571,0.027035818,-0.35804927,-0.41318607,-0.22596484,-0.20270109,-0.53731775,-0.54222953,-0.21549042,0.37690103,0.59907603,0.29483038,0.036299676,-0.1966238,-0.16326633,-0.3282046,-0.052019686,-0.21634021,-0.152815
0.21775271,0.8366848,0.70003057,0.5806495,0.45864904,0.3208134,0.72388285,0.85589296,0.6607137,-0.07504,-0.5019201,-0.36499974,0.030468728,-0.42727637,-0.31419635,0.8693805,-0.11177179,0.96195346,-0.2627563,0.6812909,0.5334528,0.79966754,0.8401444,0.47765964,0.30042005,0.57710016,-0.6235615,0.14251065,0.52737427,0.67860997,-0.2957303,-0.35252264,0.026686478,0.54588497,0.07667751,-0.05607859,-0.8360574,-0.27178878,-0.6078675,-0.1837132,-0.7691818,-0.56490016,-0.5260818,-0.8393161,-0.65941256,-0.7338606,-0.6939126,-0.8042661,-0.5047349,-0.7970964,0.59261847,0.74040174,0.7036071,0.1269001,0.36531508,0.65065825,0.7920277,0.49888027,-0.21875168,-0.2961375,0.09016207,-0.18469462,-0.069072776,0.19474047,0.25779927,-0.1583501,0.3448127,0.07320896,0.38226,0.9362802,0.68537784,0.61527723,0.6162738,0.18501222,0.20687985,0.39999515,0.31004968,0.5943576,0.11236602,-0.18752596,-0.045566212,-0.8313732,-0.8298488,0.5624287,-0.6151984,-0.65674984,-0.8403228,-0.44795066,-0.50398886,-0.8092662,-0.7090031,-0.39638495,-0.7473483,-0.80582464,-0.8309203,-0.83581305,-0.76727855,-0.78225625,-0.20418777,-0.8126466
0.34875327,-0.2831785,-0.2677483,-0.5826985,-0.6952975,-0.35410678,-0.5291018,-0.4320761,-0.55527353,0.48484236,0.842729,0.7468846,0.86299413,0.83729196,0.82070243,-0.22093679,0.8696268,-0.2627563,0.9571619,-0.65244746,0.3844674,-0.4221112,-0.30338812,-0.3572057,0.20124054,-0.4355717,-0.41970873,-0.38597387,-0.43448305,-0.4681608,0.2096606,0.18291901,0.64117146,-0.3889951,-0.57326126,-0.85482126,-0.12956962,0.052390225,0.23595172,-0.41908526,-0.15849236,-0.36921698,-0.24682811,0.021043167,-0.22594798,-0.1731923,-0.17561078,-0.042150274,-0.12335714,-0.10867037,0.2556229,-0.36211377,0.026567647,-0.5461033,-0.36673623,-0.24368817,-0.36367288,-0.46515727,0.55737656,0.8688296,0.60504496,0.86927056,0.7354299,0.7284601,0.631222,0.80769914,-0.7521223,0.7395222,-0.23853232,-0.2347013,0.060727708,-0.19461751,0.075423636,0.10354024,0.5337082,-0.2690966,-0.43814182,-0.15264392,0.31999412,0.48629618,-0.3520944,-0.01446981,0.15646556,-0.519601,-0.33727756,-0.15042034,-0.07082245,-0.47766298,-0.45704448,-0.08600562,0.54217356,0.7182987,0.432743,0.1845277,-0.084131174,-0.006098641,-0.20699939,0.07652431,-0.18357362,-0.020525474
-0.00647333,0.6772393,0.6572577,0.6020808,0.5821302,0.5532138,0.849187,0.790436,0.795015,-0.2590377,-0.66949564,-0.5378103,-0.36505288,-0.66517353,-0.5128434,0.5736286,-0.56885695,0.6812909,-0.65244746,0.9156632,0.121755295,0.5933589,0.64445055,0.4365144,0.13359016,0.59552383,-0.18197355,0.4249729,0.7618146,0.57135785,-0.30409217,-0.41307443,-0.45032352,0.3750419,0.14135954,0.48018774,-0.38742137,-0.37829065,-0.64921224,0.12122446,-0.4114341,-0.19743387,-0.338062,-0.43226856,-0.3619113,-0.3874616,-0.42208228,-0.49149078,-0.08275524,-0.36166418,0.18107216,0.66522264,0.3820271,0.24994469,0.5652426,0.6269018,0.7350883,0.64980197,-0.31426972,-0.5920041,-0.14655271,-0.501114,-0.28850764,-0.20299837,-0.061102666,-0.4014755,0.74799794,-0.21053264,0.35887212,0.7149116,0.54257613,0.50186545,0.41754407,0.116058916,-0.0243152,0.45014507,0.66990566,0.4946708,-0.031116012,-0.47105923,0.16041777,-0.48383877,-0.57018566,0.57759225,-0.15405023,-0.31522876,-0.4197678,0.07732197,0.055378787,-0.39658672,-0.757143,-0.64169633,-0.68996227,-0.5820306,-0.46147925,-0.392807,-0.2910394,-0.40672976,0.16122057,-0.39444935
0.32723945,0.41858643,0.26355278,0.1129507,0.02206999,-0.025797086,0.24617511,0.36243224,0.22890201,0.4906383,0.13513891,0.32719237,0.592822,0.20841178,0.2683253,0.4937242,0.42121553,0.5334528,0.3844674,0.121755295,0.8914649,0.35670772,0.54898393,0.39887464,0.63012123,0.3099299,-0.80056167,0.111204445,0.22343113,0.36324483,0.17023356,0.14412358,0.53607225,0.13829401,-0.30815566,-0.5981612,-0.7626693,-0.040946014,-0.23963194,-0.1557702,-0.7626358,-0.59052324,-0.60860527,-0.64793694,-0.7147854,-0.7764227,-0.71832097,-0.7396494,-0.65807414,-0.79246616,0.69952416,0.26466185,0.55843574,-0.17780879,-0.0812559,0.25992334,0.33698374,0.1754955,0.38857916,0.23473178,0.5478348,0.31915426,0.52200127,0.6421607,0.59231555,0.38523585,-0.14946716,0.5708722,0.2666089,0.52388006,0.6377217,0.4900287,0.72782266,0.41348892,0.6199179,0.315813,0.07831581,0.6038677,0.5472168,0.37827504,-0.06276188,-0.62200546,-0.47824508,0.21266066,-0.61404455,-0.5587952,-0.72561014,-0.6266513,-0.70905507,-0.6495129,-0.07521953,0.3175034,-0.11014076,-0.41688526,-0.70896745,-0.6751981,-0.7679956,-0.5444459,-0.49788377,-0.72540283
-0.0639147,0.6227441,0.4518051,0.60104465,0.5637652,0.12343022,0.58528507,0.6930475,0.54648113,-0.20473489,-0.6691355,-0.50416446,-0.21978807,-0.60730875,-0.56673706,0.7310085,-0.2480847,0.79966754,-0.4221112,0.5933589,0.35670772,0.91829556,0.80679035,0.60282713,0.19933504,0.61896574,-0.36774546,0.19766332,0.37827095,0.73625445,-0.25931346,-0.16664895,-0.031540796,0.7522531,0.4101873,0.114922255,-0.62986577,-0.06784761,-0.40947172,0.063366175,-0.5334561,-0.27858686,-0.21533461,-0.7417693,-0.371736,-0.5263722,-0.4221154,-0.61524534,-0.5589063,-0.6584361,0.40412015,0.545768,0.48892194,0.31789187,0.13731122,0.39970535,0.59583795,0.37837082,-0.40573654,-0.4984558,-0.14806138,-0.4142785,-0.3644508,-0.11611624,-0.08798104,-0.45913348,0.3926312,-0.23014465,0.4970888,0.72708,0.40099585,0.6179278,0.48277354,0.061248887,-0.07164127,0.4299621,0.21648285,0.56012267,-0.08446931,-0.14136496,0.21331641,-0.60023236,-0.6512823,0.7181352,-0.35616204,-0.39627606,-0.64368343,-0.24762107,-0.35092154,-0.60284925,-0.6497462,-0.4623081,-0.6626633,-0.6463536,-0.5900686,-0.7400279,-0.59098506,-0.6736714,-0.36826652,-0.7031551
-0.0059389304,0.6420849,0.47404012,0.5137994,0.47189966,0.2054404,0.64962935,0.70964164,0.590757,0.021358637,-0.5483701,-0.305634,-0.045647334,-0.50982636,-0.40426898,0.71981406,-0.16609326,0.8401444,-0.30338812,0.64445055,0.54898393,0.80679035,0.9178111,0.6716785,0.3793061,0.6519233,-0.53034544,0.3407057,0.5095558,0.7141423,-0.19885004,-0.14183919,0.03982813,0.63524234,0.19579092,0.023594715,-0.71594286,-0.15805393,-0.50700337,0.122701064,-0.6696085,-0.39882052,-0.4191087,-0.7605705,-0.5359201,-0.68412113,-0.59110725,-0.72512764,-0.5911354,-0.7488268,0.47228438,0.5228368,0.5061934,0.15199716,0.17102334,0.44644886,0.6067413,0.41499275,-0.16054611,-0.39978796,0.096508294,-0.29099104,-0.11403812,0.06843804,0.09447731,-0.277752,0.438774,-0.0032764329,0.6037618,0.8008584,0.60366046,0.7639215,0.70544636,0.25253826,0.17830613,0.5785512,0.37262094,0.7454003,0.11353108,-0.10100347,0.2675565,-0.6373689,-0.6436125,0.7451571,-0.38545862,-0.42562354,-0.7145878,-0.288368,-0.38455302,-0.6282091,-0.622494,-0.33490586,-0.5796597,-0.665389,-0.6751056,-0.7571812,-0.65794694,-0.63051736,-0.36533937,-0.75067663
-0.28795087,0.30545235,0.13038269,0.4143034,0.5374775,0.0751389,0.43107408,0.41038465,0.4828018,0.2137523,-0.51674616,-0.13895127,-0.21185929,-0.49165392,-0.47407028,0.37243783,-0.2917804,0.47765964,-0.3572057,0.4365144,0.39887464,0.60282713,0.6716785,0.8968639,0.49823886,0.66241974,-0.22379534,0.615034,0.42620584,0.70515656,0.12852705,0.2821927,0.00031306955,0.48529387,0.31179863,0.1730178,-0.36486965,0.0687466,-0.20166878,0.52933514,-0.3814685,0.003071669,-0.1626026,-0.45880657,-0.2803865,-0.43182552,-0.31494123,-0.49262866,-0.57900816,-0.50573087,0.26673323,0.22156003,0.22180137,0.28411466,-0.045449115,0.13610801,0.30787688,0.3964958,0.015343545,-0.5259662,0.01568806,-0.48854822,-0.17066441,-0.1725895,-0.20315447,-0.40989375,0.41898227,-0.17956579,0.6000018,0.42004532,0.3176096,0.67321485,0.610246,0.36616027,0.084594354,0.6647662,0.3972717,0.7621625,0.2106026,0.11552158,0.55287117,-0.2844268,-0.3081686,0.7190641,-0.0063670985,-0.105930194,-0.38100967,0.009632118,-0.13709797,-0.26804197,-0.28918916,-0.10233161,-0.16406247,-0.30612862,-0.32778472,-0.46598017,-0.35775733,-0.36005664,-0.5209199,-0.5113587
0.14652945,0.29198974,0.14335734,0.19580014,0.22203569,0.068770036,0.26640496,0.28273413,0.33495903,0.48874944,0.056193594,0.30260542,0.32558852,0.13601165,0.16092995,0.2956584,0.1484243,0.30042005,0.20124054,0.13359016,0.63012123,0.19933504,0.3793061,0.49823886,0.80977297,0.42483413,-0.47812742,0.3844753,0.29534888,0.3851735,0.3813964,0.34374243,0.29568827,-0.07114424,-0.2533032,-0.31373388,-0.47351795,0.023153968,-0.12797374,0.09427948,-0.5497705,-0.23121372,-0.46313733,-0.3503305,-0.56332445,-0.5552447,-0.56190425,-0.5852566,-0.52211076,-0.5569535,0.49675253,0.20060208,0.39984173,0.026968755,-0.040865213,0.18337291,0.2670782,0.34982288,0.41543043,0.024267048,0.36539513,0.057643943,0.43119666,0.40707406,0.34580612,0.24080575,-0.037284285,0.3858217,0.12801243,0.29464102,0.4689038,0.33376384,0.57383585,0.3974973,0.5081252,0.3207156,0.21905994,0.56332636,0.60513234,0.37166625,0.03935369,-0.4176756,-0.31482184,0.1490855,-0.2987962,-0.40036967,-0.46395835,-0.25264567,-0.42020816,-0.39350563,0.017361218,0.28626928,0.056383975,-0.1376349,-0.49079758,-0.3775001,-0.4762951,-0.35433048,-0.4312657,-0.5143749
-0.17661753,0.51494277,0.39951098,0.5128931,0.5649796,0.31245604,0.6132009,0.59365493,0.63468695,0.033002328,-0.5439943,-0.29847515,-0.23537901,-0.5354215,-0.44549072,0.5090421,-0.32614917,0.57710016,-0.4355717,0.59552383,0.3099299,0.61896574,0.6519233,0.66241974,0.42483413,0.7784121,-0.24644662,0.5197481,0.52877104,0.6592611,-0.07156478,-0.033610195,-0.1737211,0.39708537,0.18260276,0.22231084,-0.43342495,-0.1577811,-0.41922337,0.25653484,-0.462675,-0.091814786,-0.30651322,-0.4599862,-0.37330574,-0.46440452,-0.4327894,-0.5570979,-0.40626025,-0.5088538,0.23261957,0.4675386,0.34384772,0.25193682,0.2595274,0.40372527,0.5239029,0.53082,-0.0993986,-0.4907253,-0.016096584,-0.46029744,-0.19004802,-0.10615514,-0.073309325,-0.35207897,0.44913548,-0.12148075,0.39121145,0.54792464,0.4269048,0.5488856,0.48275805,0.21659943,0.113407575,0.54808307,0.43513632,0.598578,0.13244398,-0.17248449,0.2764089,-0.45702615,-0.47946727,0.5859201,-0.13396725,-0.30095857,-0.46447194,0.012459045,-0.13633941,-0.39182907,-0.53428596,-0.36040533,-0.4337987,-0.4071154,-0.46965528,-0.45532537,-0.3846205,-0.4536987,-0.25352502,-0.5283508
-0.41935307,-0.55385184,-0.48195148,-0.042297095,0.11261971,-0.18878308,-0.30616271,-0.4476735,-0.2543847,-0.4471118,-0.17621183,-0.31999812,-0.6558563,-0.19235548,-0.31101394,-0.5759114,-0.50556993,-0.6235615,-0.41970873,-0.18197355,-0.80056167,-0.36774546,-0.53034544,-0.22379534,-0.47812742,-0.24644662,0.95305777,0.0028032614,-0.26009887,-0.26618108,0.14668174,0.20950684,-0.431015,-0.15465726,0.46072066,0.63900703,0.8414495,0.3258068,0.4748844,0.40585673,0.88788176,0.82508886,0.7924955,0.7198473,0.8542873,0.8904054,0.8565101,0.8115313,0.49293864,0.8102089,-0.72878087,-0.40562445,-0.6389707,0.38851517,-0.15592025,-0.49094066,-0.4441138,-0.1657874,-0.37172848,-0.34907186,-0.64826673,-0.42660725,-0.5629879,-0.73521125,-0.72514594,-0.4455515,0.19173479,-0.66358864,-0.25543034,-0.6467902,-0.7418519,-0.4954353,-0.695959,-0.42087665,-0.70524615,-0.3029023,-0.08807103,-0.51201975,-0.38490987,-0.14295185,0.2244457,0.7586237,0.64571464,-0.16502783,0.7611763,0.70634675,0.7897442,0.67939365,0.73520803,0.7764332,0.2384154,-0.21846317,0.30897376,0.6198484,0.84941745,0.7340679,0.85284054,0.60421735,0.24529016,0.73679173
-0.33663845,0.10264826,0.10716674,0.15267155,0.3273626,0.36632365,0.40559584,0.2097599,0.44260436,0.27978602,-0.3117218,0.05326068,-0.2523104,-0.4061994,-0.30498362,0.0020980504,-0.40431485,0.14251065,-0.38597387,0.4249729,0.111204445,0.19766332,0.3407057,0.615034,0.3844753,0.5197481,0.0028032614,0.84755725,0.5742134,0.3206656,0.05635085,0.11096467,-0.33132505,0.0738437,-0.0055804737,0.37827933,0.009870278,-0.22386225,-0.33358568,0.5999761,-0.15129033,0.14131346,-0.22087497,-0.030007914,-0.15642156,-0.2232165,-0.2099519,-0.2384379,-0.06952351,-0.10258463,-0.062180266,0.07622322,-0.073039815,0.051857706,0.20118296,0.15859911,0.15896097,0.40253896,0.20415944,-0.43260828,0.12769464,-0.4356152,-0.016379865,-0.23495027,-0.20299165,-0.27662012,0.52974486,-0.08968018,0.4432373,0.18072239,0.28045222,0.49678743,0.45753232,0.4087463,0.19041015,0.66790557,0.67436045,0.5791062,0.16666204,-0.13368076,0.5475617,-0.0021050056,-0.06048314,0.5025823,0.3062168,0.08707842,-0.008353325,0.3931131,0.27493793,0.07464501,-0.20612219,-0.11720839,-0.016201427,-0.080377825,-0.051037047,0.0052715633,0.025681335,0.05327604,-0.03823865,-0.07895193
0.0064373733,0.5924145,0.6352747,0.38059235,0.3911931,0.6729121,0.78748345,0.66538715,0.7735551,0.05276445,-0.38458675,-0.18463373,-0.1559479,-0.42801997,-0.24545325,0.41671586,-0.40517962,0.52737427,-0.43448305,0.7618146,0.22343113,0.37827095,0.5095558,0.42620584,0.29534888,0.52877104,-0.26009887,0.5742134,0.8981489,0.4315538,-0.21190557,-0.334265,-0.41751626,0.11102324,-0.16076073,0.33278972,-0.35237187,-0.48287207,-0.6692375,0.1345855,-0.4545179,-0.26039958,-0.5127631,-0.33945394,-0.47980064,-0.44849968,-0.5202431,-0.528598,-0.02280051,-0.34239388,0.20792955,0.58634496,0.35798004,0.017414188,0.6186667,0.6618247,0.6532687,0.6897075,0.045381267,-0.36711562,0.12691276,-0.3131708,0.021858472,-0.0009671957,0.12534492,-0.1366218,0.6265435,0.056436908,0.29309914,0.59928834,0.64241564,0.47188485,0.5009454,0.32587254,0.2660951,0.5126201,0.8170843,0.5411002,0.15411186,-0.37110227,0.1260803,-0.45604348,-0.5067013,0.40627167,-0.15355346,-0.35148644,-0.36850291,0.09447591,0.047778767,-0.34903753,-0.5685516,-0.3733152,-0.4698903,-0.50301194,-0.4656657,-0.29181606,-0.28064483,-0.3074509,0.21190535,-0.3330079
-0.07518226,0.6063583,0.41383463,0.6777736,0.7121009,0.16423756,0.61221623,0.67724776,0.6368439,-0.03591477,-0.6709702,-0.42471057,-0.2986269,-0.53820926,-0.53779083,0.67851347,-0.35266387,0.67860997,-0.4681608,0.57135785,0.36324483,0.73625445,0.7141423,0.70515656,0.3851735,0.6592611,-0.26618108,0.3206656,0.4315538,0.8382536,0.033330616,0.07812008,-0.01986225,0.49133295,0.38294908,0.17592362,-0.55267715,0.07563672,-0.28593257,0.20911041,-0.47134256,-0.092571475,-0.17217322,-0.6222598,-0.33928967,-0.45963538,-0.37735766,-0.59169173,-0.5734212,-0.61217785,0.38070786,0.5640888,0.505576,0.47067133,0.17319418,0.37152886,0.60276127,0.5558265,-0.23657273,-0.59285235,-0.1745934,-0.5223702,-0.30085433,-0.12725581,-0.12590769,-0.43516052,0.399064,-0.24971873,0.3347087,0.60694134,0.36169392,0.4946515,0.46310478,0.18950227,-0.023860607,0.43790027,0.27271557,0.5687053,0.15491953,-0.017121334,0.19180408,-0.55009073,-0.55822337,0.6215503,-0.25431246,-0.39295778,-0.59141195,-0.18076517,-0.30123955,-0.5207666,-0.49734837,-0.3398077,-0.46311682,-0.4751914,-0.5146232,-0.62322617,-0.50677764,-0.6462631,-0.4121396,-0.6687944
0.19606495,-0.2560964,-0.42222697,0.09512272,0.15492441,-0.39972496,-0.253598,-0.2468811,-0.14642002,0.2915709,0.19397959,0.23005861,0.0827137,0.3707209,0.19892338,-0.18652162,0.038055394,-0.2957303,0.2096606,-0.30409217,0.17023356,-0.25931346,-0.19885004,0.12852705,0.3813964,-0.07156478,0.14668174,0.05635085,-0.21190557,0.033330616,0.8888243,0.76832926,0.362904,-0.31912678,0.036562786,-0.1364966,0.14467046,0.5911608,0.56478155,0.2544782,0.16499403,0.33547437,0.21569006,0.21811546,0.11626568,0.16868335,0.17121175,0.1219707,-0.22175646,0.07266352,0.17558867,-0.24179786,0.016422283,0.36863655,-0.43743837,-0.42218876,-0.23431787,0.014262417,0.25652936,-0.0045290054,-0.103907645,0.0007787924,0.1678166,0.07759488,-0.027559426,0.14715302,-0.23108627,0.0070285853,-0.25136605,-0.34947425,-0.19636664,-0.25908434,-0.039744526,0.07023767,-0.028275553,-0.20522247,-0.21910897,-0.01147419,0.5651665,0.6731851,-0.014130223,0.20963073,0.30452278,-0.25973368,0.13676447,0.118560106,0.13925081,-0.058888882,-0.05899273,0.20583683,0.58987856,0.50917214,0.54678774,0.476913,0.21149275,0.18177344,0.1248468,0.09253393,-0.37694186,0.07163371
-0.13140923,-0.42351,-0.6107712,-0.009347959,0.12454241,-0.5575775,-0.37882847,-0.39747733,-0.26976067,0.32870495,0.1224578,0.25254035,0.017260524,0.25082883,0.055950623,-0.2742887,0.07227568,-0.35252264,0.18291901,-0.41307443,0.14412358,-0.16664895,-0.14183919,0.2821927,0.34374243,-0.033610195,0.20950684,0.11096467,-0.334265,0.07812008,0.76832926,0.9284327,0.40929985,-0.12260938,0.22461529,-0.13050687,0.20045485,0.68043685,0.6614932,0.43531168,0.24554178,0.4367119,0.3566186,0.20705053,0.25750065,0.20589241,0.30399844,0.19501877,-0.3625843,0.072239295,0.016698536,-0.43505496,-0.16312295,0.34064487,-0.6350691,-0.6135241,-0.42013085,-0.1434128,0.2318638,-0.06448589,-0.096905485,-0.07828069,0.040356696,-0.06731471,-0.2147325,-0.01861397,-0.23815283,-0.11804093,-0.05297181,-0.44290656,-0.3378119,-0.118388936,-0.019331276,0.09280631,-0.09889298,-0.056645077,-0.2822199,0.06853346,0.41319698,0.6955307,0.2562073,0.34300202,0.4092579,-0.06650843,0.27509212,0.29907572,0.20613383,0.008524091,-0.034979448,0.30119953,0.61338973,0.50416785,0.6290722,0.5027652,0.31414095,0.15172367,0.15808651,0.15924,-0.5967332,0.07304895
0.2776696,-0.07579125,-0.23912191,-0.15131438,-0.2281444,-0.47813448,-0.34093487,-0.18514274,-0.35022944,0.37302756,0.3948309,0.4008025,0.59289765,0.51872766,0.43190765,0.097447515,0.64131594,0.026686478,0.64117146,-0.45032352,0.53607225,-0.031540796,0.03982813,0.00031306955,0.29568827,-0.1737211,-0.431015,-0.33132505,-0.41751626,-0.01986225,0.362904,0.40929985,0.84625614,-0.046585254,-0.14587614,-0.7346908,-0.35509127,0.40257967,0.35250813,-0.21332291,-0.27025735,-0.22852033,-0.106848724,-0.24614726,-0.21482462,-0.26301467,-0.18026471,-0.18985868,-0.48581785,-0.37284184,0.39333946,-0.18523431,0.20631234,-0.09530109,-0.4849569,-0.26417595,-0.18370882,-0.3120044,0.3208723,0.45270777,0.33214957,0.48427862,0.40778634,0.5519223,0.42659146,0.44655067,-0.54825723,0.43372056,-0.072251216,-0.03770336,0.049809553,-0.013031108,0.17276311,0.1340663,0.32288954,-0.15909499,-0.505056,0.048219312,0.38705003,0.5783792,-0.16823643,-0.16680188,0.015045333,-0.18549794,-0.3740651,-0.19390765,-0.31946382,-0.58431447,-0.6138835,-0.25005132,0.3753953,0.54573303,0.31643897,0.09191849,-0.21548013,-0.29228118,-0.3814873,-0.20355868,-0.526474,-0.32398948
-0.25530687,0.28078136,0.13681969,0.35509363,0.36803776,-0.089808874,0.2945323,0.3654536,0.22511502,-0.26970497,-0.611352,-0.44899583,-0.2857264,-0.6154637,-0.61582625,0.434456,-0.21867952,0.54588497,-0.3889951,0.3750419,0.13829401,0.7522531,0.63524234,0.48529387,-0.07114424,0.39708537,-0.15465726,0.0738437,0.11102324,0.49133295,-0.31912678,-0.12260938,-0.046585254,0.87227386,0.55037326,0.16523074,-0.35354272,0.031923912,-0.2250351,0.21695739,-0.24575189,-0.10693912,0.043307193,-0.5293893,-0.07520118,-0.2844872,-0.12313259,-0.2991749,-0.41217643,-0.39441746,0.13180757,0.20114727,0.13617857,0.22258732,-0.095152736,0.074171275,0.24697733,0.03425609,-0.47895488,-0.45342237,-0.22847149,-0.39130783,-0.49630916,-0.3221894,-0.31015873,-0.56934726,0.33759105,-0.37010145,0.58698136,0.4574138,0.10035336,0.58231354,0.30716628,-0.029862903,-0.24697933,0.36986804,0.06526865,0.39393127,-0.32928154,-0.13549504,0.4057299,-0.25842965,-0.35688305,0.73126787,-0.08182932,-0.04717006,-0.35371065,-0.08766112,-0.1489988,-0.2973421,-0.48700106,-0.40598637,-0.47618175,-0.45664454,-0.26896295,-0.5275707,-0.33419523,-0.375778,-0.34234706,-0.42705482
-0.3851553,-0.057397135,-0.20761591,0.43032205,0.5237155,-0.31937766,0.029959902,0.0644943,0.053779304,-0.48962617,-0.65658754,-0.6383734,-0.6705848,-0.57608044,-0.73236865,0.10111199,-0.4714517,0.07667751,-0.57326126,0.14135954,-0.30815566,0.4101873,0.19579092,0.31179863,-0.2533032,0.18260276,0.46072066,-0.0055804737,-0.16076073,0.38294908,0.036562786,0.22461529,-0.14587614,0.55037326,0.91975933,0.47770748,0.15938544,0.46387076,0.28992122,0.3888876,0.33618093,0.48551223,0.61735773,-0.04266732,0.48429006,0.33086884,0.46711522,0.21815877,-0.20363548,0.094667375,-0.21767202,-0.012165187,-0.14035723,0.64446735,-0.26327997,-0.28354788,-0.02923727,-0.0045199865,-0.6655503,-0.654227,-0.71602607,-0.65598094,-0.83268005,-0.7103239,-0.73269117,-0.7812264,0.28585103,-0.80695933,0.19121367,-0.048212446,-0.44147545,0.057632554,-0.23841304,-0.3138609,-0.7349094,-0.001380959,-0.16068698,-0.021325983,-0.3706228,-0.017151408,0.3696695,0.19394056,0.07755406,0.41605702,0.31789792,0.31931722,0.12334095,0.21208382,0.1957945,0.16580385,-0.1679422,-0.39979818,-0.15541425,0.044540796,0.26604566,-0.053914443,0.18646136,-0.07534231,-0.3207842,-0.0024646092
