0,1,2,3,4,5,6,7,8,9,10,11,12,13,14,15,16,17,18,19,20,21,22,23,24,25,26,27,28,29,30,31,32,33,34,35,36,37,38,39,40,41,42,43,44,45,46,47,48,49,50,51,52,53,54,55,56,57,58,59,60,61,62,63,64,65,66,67,68,69,70,71,72,73,74,75,76,77,78,79,80,81,82,83,84,85,86,87,88,89,90,91,92,93,94,95,96,97,98,99
0.8562688,-0.5598196,-0.61833966,-0.45548874,-0.76124614,-0.3636346,0.03101686,-0.586777,-0.72932494,-0.44422382,-0.48025352,-0.62881905,-0.6209855,-0.78329206,-0.61624014,-0.2196353,-0.5894828,-0.2829684,-0.6499833,0.62566996,-0.6103277,0.45126575,-0.45960587,-0.47750562,-0.1441289,-0.7594559,-0.029916022,-0.5420281,-0.059147254,-0.7479986,0.7293558,0.81539476,0.60792804,-0.06565814,-0.078710824,0.83846134,0.6477276,0.64478564,0.56995606,0.70694125,0.7959581,0.18736029,0.7075824,0.48167315,0.54983807,0.65492594,0.74935585,0.70290446,0.7786481,0.74180335,0.81599885,-0.4939701,-0.56560194,-0.729878,-0.6727277,-0.30188307,-0.68428385,-0.6740576,-0.16561729,-0.15009964,-0.5047259,-0.61727464,-0.75495213,-0.75792253,-0.70819867,-0.64709234,0.644086,-0.5971945,-0.57765996,-0.31994867,-0.4961303,-0.6173036,-0.60112214,-0.30605525,-0.5749365,-0.67669034,-0.55965203,-0.7820351,0.609713,0.6017793,-0.5598552,0.50772977,-0.3551481,-0.513024,-0.74868715,-0.08983368,0.5874443,-0.16972363,0.79366875,-0.029255036,0.3992101,0.53144103,0.2838648,0.13233088,-0.46883127,0.38138497,0.31457573,0.6111489,0.78155506,0.7221813
-0.5598196,0.9317128,0.8151149,0.6771855,0.8017309,0.6619481,0.028444566,0.6659138,0.8636109,0.11508633,0.08228844,0.22602433,0.34569252,0.5626033,0.3429043,0.14275461,0.2532489,0.15618056,0.29960316,-0.84044963,0.29645124,-0.3353544,0.10440887,0.111769035,-0.16768341,0.43242204,-0.34595034,0.12401937,-0.44750887,0.5691322,-0.37812042,-0.51545376,-0.2781505,0.0011334941,-0.13030434,-0.65884763,-0.5442045,-0.3609973,-0.190533,-0.3989654,-0.6910095,-0.40722266,-0.47983515,-0.28039408,-0.48403925,-0.434753,-0.52352166,-0.78353286,-0.6054801,-0.5536838,-0.51920986,0.8893727,0.67533314,0.7430619,0.8401172,0.51215744,0.72233826,0.85142946,-0.16959706,-0.22581129,0.16011314,0.35545576,0.555843,0.5624572,0.47430128,0.333416,-0.73871684,0.2908122,0.3107893,0.19116771,0.11434767,0.47626233,0.24570456,0.001708664,0.23800966,0.35803872,0.1829963,0.48717183,-0.32443857,-0.31503385,0.22990942,-0.2920272,0.33994594,0.502334,0.45423523,0.24949823,-0.46289986,-0.0014973776,-0.7342907,-0.08723241,-0.18590096,-0.23026347,-0.049850203,0.020459875,0.45384872,-0.28313947,-0.10015185,-0.5403245,-0.70744234,-0.54098046
-0.61833966,0.8151149,0.86754555,0.63621986,0.79555595,0.67670655,0.17261615,0.75114685,0.84421504,0.32581484,0.19165647,0.41602445,0.5168462,0.6582152,0.47324997,0.37563887,0.5091344,0.38187665,0.53137875,-0.6818625,0.5466297,-0.23020022,0.38731915,0.38042825,-0.0023963451,0.57560813,-0.24362965,0.19343433,-0.21016178,0.6616652,-0.49667236,-0.63840234,-0.26383743,0.21141618,0.12379618,-0.7306912,-0.70297384,-0.57438654,-0.4432683,-0.6107835,-0.7842879,-0.38977408,-0.58426476,-0.52218986,-0.6349069,-0.6355681,-0.6912429,-0.78537804,-0.72197425,-0.71517026,-0.6520619,0.78441966,0.6454315,0.73524046,0.85901606,0.5979577,0.7716105,0.8267314,-0.1066271,-0.077083275,0.35859707,0.5151362,0.69129264,0.7261363,0.5978632,0.48337168,-0.77157074,0.5359025,0.52721643,0.40743044,0.38670945,0.621752,0.49903476,0.009210335,0.50271904,0.5483496,0.4060561,0.63608754,-0.5418999,-0.55426013,0.4670959,-0.4983949,0.1856695,0.5321945,0.61944366,0.11112578,-0.64638484,-0.050994273,-0.77686083,-0.21404186,-0.4482625,-0.47494513,-0.3060608,-0.17247811,0.3862545,-0.5051098,-0.35654837,-0.70873165,-0.7533957,-0.7103962
-0.45548874,0.6771855,0.63621986,0.84589005,0.61802566,0.2723385,0.094121285,0.7508627,0.74499625,-0.012406843,-0.24429828,0.016539853,0.14924529,0.31821728,0.030735442,0.4041118,0.36898994,0.38467938,0.37882477,-0.64641047,0.27157268,0.064356476,0.16077515,0.2518296,-0.37191373,0.26393792,-0.5888429,-0.12783436,-0.3392681,0.29810596,-0.23085725,-0.48827112,0.054225095,0.3318373,0.17974293,-0.6185308,-0.5306796,-0.49466583,-0.3193136,-0.48063964,-0.64711154,-0.46847034,-0.27541077,-0.41316038,-0.59268343,-0.53486234,-0.52754754,-0.7030575,-0.6264329,-0.57284355,-0.5099225,0.732262,0.6760857,0.66331077,0.60809314,0.20402539,0.7220584,0.71935546,-0.50426966,-0.5230038,-0.07322061,0.1480139,0.357687,0.42227715,0.20159286,0.06832553,-0.6817274,0.40855956,0.49579895,0.4522841,0.1393187,0.6087983,0.31261075,-0.14418891,0.32114428,0.31043026,0.3170397,0.42224503,-0.42451733,-0.3860178,0.39884052,-0.16110918,0.32983863,0.6959141,0.47275674,0.35915798,-0.44578493,0.102366,-0.6151863,-0.24154237,-0.23956412,-0.40362486,-0.29460016,-1.346122e-05,0.4531561,-0.43329406,-0.24863333,-0.54229677,-0.71256435,-0.5733281
-0.76124614,0.8017309,0.79555595,0.61802566,0.9044862,0.5915972,0.0031885575,0.69388247,0.8723817,0.37506503,0.34182948,0.50736976,0.5511639,0.77931976,0.56456935,0.23147315,0.48440018,0.26604146,0.5424582,-0.79881895,0.5292634,-0.42429274,0.34232533,0.34368598,0.07404293,0.6709239,-0.1541434,0.3863873,-0.20412078,0.746575,-0.6323465,-0.7284161,-0.4865952,0.054293923,-0.0003205072,-0.82431436,-0.66303897,-0.56351405,-0.43429595,-0.6190276,-0.83208936,-0.2665637,-0.66776454,-0.43955374,-0.58158857,-0.61414844,-0.71538985,-0.8317013,-0.7657442,-0.72188526,-0.73366106,0.7407671,0.65577066,0.789474,0.86209905,0.4558257,0.76318276,0.83380735,0.039832234,0.011786343,0.41220063,0.55183196,0.7385935,0.7541024,0.6713109,0.5822568,-0.78894037,0.50936323,0.50300884,0.30017996,0.36570343,0.61581075,0.48786134,0.17667611,0.4723534,0.6114216,0.4225499,0.72596836,-0.529096,-0.52670306,0.4535386,-0.46699035,0.35375807,0.55415106,0.675681,0.1680713,-0.58487964,0.09174487,-0.8533812,-0.049224615,-0.36247313,-0.43339843,-0.20882924,-0.059432555,0.5050916,-0.38940692,-0.25376165,-0.65685844,-0.8175981,-0.7082342
-0.3636346,0.6619481,0.67670655,0.2723385,0.5915972,0.8721388,0.30017966,0.46204218,0.59862006,0.29115576,0.38579142,0.4264373,0.55126226,0.55565053,0.58285975,0.09988147,0.21220891,0.16473605,0.23889601,-0.48535997,0.4083521,-0.3902021,0.23644829,0.120585606,0.1429106,0.43741527,0.013503555,0.15230638,-0.29610652,0.63129616,-0.34205532,-0.37696248,-0.3433416,-0.04518973,-0.12290427,-0.41397893,-0.5308814,-0.23707078,-0.13947675,-0.28721836,-0.46938044,-0.30694973,-0.49481428,-0.28716636,-0.34054738,-0.31527784,-0.3866604,-0.47887182,-0.38209426,-0.4035958,-0.3558625,0.597298,0.46416342,0.5613574,0.7156362,0.729197,0.54770017,0.6549444,0.2210019,0.22714043,0.48078203,0.56216437,0.62902135,0.59201014,0.644621,0.525949,-0.5335903,0.24024105,0.14401707,0.11598915,0.27056932,0.18717691,0.2678961,-0.080998965,0.2583899,0.2933427,0.03116374,0.32520542,-0.24729043,-0.33115977,0.10513077,-0.5474697,-0.119934425,0.04217968,0.2668364,-0.24605855,-0.51139075,-0.40077868,-0.59278345,-0.24945234,-0.3147606,-0.16494271,-0.048818987,-0.2598043,0.012863636,-0.31262457,-0.21954672,-0.52316135,-0.41130972,-0.40715796
0.03101686,0.028444566,0.17261615,0.094121285,0.0031885575,0.30017966,0.8787047,0.43468124,0.13438241,0.13649228,0.017376952,0.21327016,0.38598108,0.023517378,0.18922207,0.56569093,0.37267554,0.65773904,0.3030132,0.22850262,0.45372778,0.37908173,0.50462055,0.40338516,-0.009857173,0.081495315,-0.02964025,-0.3444969,-0.03955391,0.16375071,-0.009255656,-0.13782944,0.19070518,0.5953649,0.5217481,-0.061300106,-0.5037459,-0.32885578,-0.31593585,-0.29075032,-0.10574484,-0.5003687,-0.048499472,-0.52764475,-0.3587236,-0.33899537,-0.20215565,0.03338263,-0.1514495,-0.2673741,-0.13379645,0.10772547,0.3225433,0.25394592,0.15830827,0.41463435,0.38057768,0.25093836,-0.032362025,0.08657285,0.34674117,0.3749556,0.27884686,0.30701333,0.27937353,0.16262403,-0.2198665,0.3896482,0.28851187,0.5697409,0.4694734,0.08796388,0.4038332,-0.64539737,0.4063986,0.037859194,0.08472328,-0.037235394,-0.3496905,-0.47363675,0.24434495,-0.5786537,-0.67392206,-0.11889449,0.027548894,-0.634682,-0.58457035,-0.76102805,-0.22179618,-0.8394535,-0.5734442,-0.4041806,-0.54166365,-0.74396557,-0.57250655,-0.64095634,-0.67999434,-0.5108002,-0.09096451,-0.31757647
-0.586777,0.6659138,0.75114685,0.7508627,0.69388247,0.46204218,0.43468124,0.9429617,0.8190552,0.30822867,0.041841127,0.3856446,0.5283676,0.53428155,0.35889488,0.6825367,0.7070327,0.7057957,0.69729125,-0.5178925,0.67300403,0.09396838,0.5828097,0.6193613,-0.14465742,0.5451427,-0.40235847,-0.007888752,-0.109732,0.55908763,-0.45100233,-0.72479314,-0.078375205,0.5786631,0.471425,-0.7644554,-0.8451134,-0.77757376,-0.65486234,-0.77191585,-0.8027273,-0.6060809,-0.5085154,-0.7592533,-0.8145269,-0.81469107,-0.7788161,-0.7364924,-0.80914664,-0.82636607,-0.730273,0.702369,0.7823846,0.80432475,0.73178434,0.48927158,0.9064156,0.82261956,-0.30339143,-0.22655028,0.3320827,0.5185845,0.6663277,0.73250556,0.5393119,0.38929445,-0.7916944,0.7403035,0.74989784,0.73732376,0.56437767,0.75036824,0.68301094,-0.22303483,0.6898721,0.56599474,0.56443983,0.6165604,-0.72905695,-0.75013435,0.67414284,-0.58837104,0.046076637,0.6568617,0.6800293,0.007835509,-0.80855143,-0.17090358,-0.7905849,-0.51836616,-0.6316477,-0.7220993,-0.6253895,-0.40009,0.27426326,-0.7739904,-0.6468965,-0.85258853,-0.813798,-0.83747005
-0.72932494,0.8636109,0.84421504,0.74499625,0.8723817,0.59862006,0.13438241,0.8190552,0.94964623,0.28223288,0.19681543,0.41070938,0.52080727,0.6925684,0.4669348,0.34982333,0.519544,0.37544203,0.55883527,-0.80157435,0.53579485,-0.3023922,0.35937542,0.37803417,-0.09254135,0.6190586,-0.30757454,0.21477471,-0.25922176,0.6879013,-0.5550196,-0.7334672,-0.34933394,0.19097462,0.09589341,-0.82960224,-0.73631966,-0.6178607,-0.4627257,-0.6537615,-0.8510783,-0.47238302,-0.6251745,-0.5231036,-0.66735864,-0.67194927,-0.7316879,-0.8600158,-0.8035146,-0.7639947,-0.7420491,0.844082,0.7886609,0.87224734,0.87127393,0.50292766,0.8748547,0.92612255,-0.15161997,-0.15748909,0.33279634,0.5218754,0.71544474,0.7440028,0.6267022,0.48170155,-0.829398,0.54980576,0.56197006,0.41238594,0.37580156,0.66256475,0.5094401,0.03441452,0.501637,0.5618826,0.43500775,0.6724824,-0.57688016,-0.57189775,0.49286592,-0.48150426,0.3132456,0.63080364,0.66978073,0.17472067,-0.66602397,0.0006772964,-0.86644244,-0.18720502,-0.40155554,-0.49177858,-0.29966772,-0.15616325,0.46836716,-0.4992482,-0.3356179,-0.7212141,-0.8649199,-0.7552273
-0.44422382,0.11508633,0.32581484,-0.012406843,0.37506503,0.29115576,0.13649228,0.30822867,0.28223288,0.77283525,0.6322083,0.76083815,0.6916237,0.61136055,0.67969555,0.32413918,0.61097354,0.37070987,0.6090674,-0.08122714,0.71728635,-0.23496658,0.6390768,0.5859734,0.5761898,0.64507234,0.2357561,0.4547822,0.31767404,0.57116497,-0.5817987,-0.55332315,-0.37961772,0.19376522,0.26743796,-0.49307007,-0.54230034,-0.56442916,-0.61026734,-0.6136203,-0.52545255,0.05696047,-0.6080172,-0.56853884,-0.48057,-0.58534133,-0.62861,-0.3390234,-0.5210555,-0.57784104,-0.54473066,0.025845528,0.1118477,0.29479367,0.38742834,0.29967391,0.33714473,0.24933493,0.44161052,0.5582992,0.73644984,0.6725047,0.65432334,0.66384006,0.64623773,0.6881628,-0.32664162,0.60633934,0.50188375,0.35247982,0.6770674,0.43407375,0.648293,0.29178017,0.6613156,0.69143915,0.5151053,0.6086384,-0.5670228,-0.60739034,0.54879117,-0.63861066,-0.1593076,0.133402,0.5704494,-0.27641732,-0.54328394,-0.039290227,-0.46293628,-0.11002976,-0.58304685,-0.5426951,-0.44250107,-0.31958517,0.107087165,-0.46896797,-0.5151411,-0.5547056,-0.3958319,-0.5801452
-0.48025352,0.08228844,0.19165647,-0.24429828,0.34182948,0.38579142,0.017376952,0.041841127,0.19681543,0.6322083,0.9257433,0.8290885,0.7028169,0.66392833,0.8222247,-0.08283884,0.34540337,0.026702954,0.38295096,-0.10081707,0.5351727,-0.60309875,0.4294265,0.31663883,0.6368085,0.64758164,0.605179,0.7032362,0.29525012,0.675107,-0.6439725,-0.43130022,-0.7318455,-0.21362853,-0.080366105,-0.3427596,-0.32779056,-0.27146935,-0.33002317,-0.3494268,-0.3188817,0.19550656,-0.6134788,-0.23399049,-0.12872511,-0.26733708,-0.38079584,-0.1686652,-0.28714946,-0.32108885,-0.42526692,-0.049864396,0.028175851,0.24335015,0.3269752,0.30902073,0.16429448,0.17946945,0.8020166,0.8100549,0.8185129,0.70578676,0.6309241,0.5631308,0.7414955,0.8022467,-0.17000973,0.32082674,0.17218813,-0.035160147,0.50289494,0.09813679,0.41986722,0.3873623,0.39608872,0.5058273,0.2736038,0.48635298,-0.3158483,-0.36609554,0.24461672,-0.575798,-0.10337766,-0.1767923,0.37137216,-0.4075169,-0.34308845,-0.10225825,-0.38137722,0.11280684,-0.34203082,-0.22806618,-0.06351267,-0.26318765,-0.019998416,-0.12682414,-0.2117081,-0.2988489,-0.20288813,-0.31303638
-0.62881905,0.22602433,0.41602445,0.016539853,0.50736976,0.4264373,0.21327016,0.3856446,0.41070938,0.76083815,0.8290885,0.9414894,0.8696412,0.78357995,0.8732259,0.29455474,0.6764219,0.39085817,0.6980685,-0.17442375,0.8142281,-0.41100502,0.7174834,0.6336286,0.59938955,0.8038728,0.4166756,0.6361993,0.3786167,0.78321147,-0.7677967,-0.6954818,-0.63098615,0.14910018,0.24243295,-0.59877396,-0.6424032,-0.62209594,-0.6567774,-0.6830795,-0.59713537,-0.018162467,-0.7484604,-0.5934942,-0.48356757,-0.6251638,-0.6824765,-0.3945216,-0.59238064,-0.64388335,-0.68324167,0.12382054,0.26495808,0.46633786,0.50748837,0.42309356,0.45939025,0.39197505,0.588383,0.67676395,0.90499246,0.8592367,0.8253844,0.8060337,0.85704213,0.8792763,-0.4222752,0.6651497,0.53502333,0.3525114,0.76664543,0.43546295,0.72886086,0.29058334,0.71923614,0.7279302,0.565615,0.70399994,-0.64414364,-0.7006,0.57967854,-0.78723,-0.12790316,0.11814447,0.6499709,-0.39574838,-0.6508241,-0.12744962,-0.60820514,-0.13051234,-0.64276206,-0.5893524,-0.42486036,-0.45172918,0.072488815,-0.4873386,-0.5400044,-0.62115455,-0.48370057,-0.6448628
-0.6209855,0.34569252,0.5168462,0.14924529,0.5511639,0.55126226,0.38598108,0.5283676,0.52080727,0.6916237,0.7028169,0.8696412,0.956256,0.749837,0.84469485,0.39105725,0.6864734,0.4937336,0.6933298,-0.23873618,0.8413083,-0.3263061,0.73091143,0.63774186,0.43804485,0.7572171,0.2825232,0.46525034,0.23856436,0.8009405,-0.7081598,-0.7023028,-0.5404275,0.25087318,0.29319054,-0.6262321,-0.7538816,-0.65021634,-0.64620477,-0.6995709,-0.63742864,-0.2490302,-0.74374855,-0.66148967,-0.5701704,-0.6717519,-0.7065151,-0.4560471,-0.63133144,-0.69175506,-0.6998209,0.2750478,0.43631223,0.5861733,0.5918988,0.5513228,0.5941608,0.52680576,0.45147043,0.533083,0.8729564,0.9473263,0.8854306,0.84741175,0.889696,0.84139305,-0.5200933,0.6908821,0.563838,0.45001668,0.7759431,0.46212545,0.74268514,0.10406342,0.7328849,0.67115057,0.5218985,0.66011965,-0.6605725,-0.7401061,0.5754913,-0.84881616,-0.19742799,0.16779733,0.62624407,-0.4350822,-0.7678833,-0.29184464,-0.68658066,-0.31380644,-0.68640983,-0.6158973,-0.47482425,-0.56938374,0.0128644,-0.600548,-0.62052,-0.73188555,-0.54599386,-0.6992166
-0.78329206,0.5626033,0.6582152,0.31821728,0.77931976,0.55565053,0.023517378,0.53428155,0.6925684,0.61136055,0.66392833,0.78357995,0.749837,0.9131357,0.80885303,0.21738298,0.60555506,0.28359833,0.66056776,-0.562567,0.69752544,-0.52025944,0.5402849,0.50343156,0.40769655,0.8436655,0.20488352,0.6643625,0.09731405,0.8694136,-0.79004216,-0.7775901,-0.6699809,0.030035319,0.06605723,-0.78786105,-0.6659633,-0.6191378,-0.56758726,-0.6919166,-0.7798981,-0.06850255,-0.77743906,-0.50406873,-0.5305182,-0.6388968,-0.753414,-0.6711363,-0.7357899,-0.7287755,-0.7750865,0.4597914,0.45007348,0.659927,0.7540287,0.46169,0.62642556,0.64406824,0.37186033,0.39100558,0.70344424,0.7471187,0.8466844,0.84423447,0.8291857,0.823652,-0.6594523,0.60548747,0.536224,0.28587532,0.58125615,0.55928653,0.63478506,0.333697,0.6191468,0.754622,0.5465046,0.8159213,-0.6137776,-0.6310801,0.5468035,-0.6459005,0.19921258,0.36647514,0.7426231,-0.07705193,-0.61780703,0.0720003,-0.7936696,-0.0031321058,-0.5089011,-0.520796,-0.29154527,-0.19413316,0.3723477,-0.4018271,-0.35976014,-0.6500281,-0.7043278,-0.7174747
-0.61624014,0.3429043,0.47324997,0.030735442,0.56456935,0.58285975,0.18922207,0.35889488,0.4669348,0.67969555,0.8222247,0.8732259,0.84469485,0.80885303,0.93172115,0.15079838,0.52194995,0.26092428,0.5624992,-0.28782928,0.70934165,-0.51510876,0.5786892,0.4604892,0.5680248,0.7583837,0.42781526,0.6253096,0.16727252,0.8345625,-0.7107736,-0.6176676,-0.6722354,0.0022244062,0.069232866,-0.56806135,-0.59770584,-0.47884756,-0.48419678,-0.5526647,-0.5627475,-0.022140859,-0.7224663,-0.45602435,-0.3877448,-0.5004342,-0.5908468,-0.41025692,-0.5287763,-0.56904423,-0.610366,0.23137745,0.29286218,0.4989776,0.58949715,0.5127768,0.45726764,0.46075067,0.6241747,0.6618073,0.8708526,0.8424328,0.8245809,0.7851809,0.8771143,0.90324044,-0.46039885,0.5176378,0.37937906,0.21168599,0.62853754,0.31964475,0.58855873,0.2323053,0.57249874,0.63053054,0.38741744,0.63526356,-0.5035475,-0.5784129,0.4065725,-0.7505369,-0.10652502,0.03988081,0.54532045,-0.39645493,-0.59773624,-0.19534557,-0.6378669,-0.10853225,-0.5349056,-0.4207502,-0.25323102,-0.38433883,0.04552705,-0.37348828,-0.4027061,-0.57346773,-0.45926386,-0.56831014
-0.2196353,0.14275461,0.37563887,0.4041118,0.23147315,0.09988147,0.56569093,0.6825367,0.34982333,0.32413918,-0.08283884,0.29455474,0.39105725,0.21738298,0.15079838,0.9157693,0.76074064,0.895578,0.69831663,0.0529178,0.67213696,0.5473313,0.7302308,0.7677022,-0.014704963,0.33432078,-0.29476184,-0.17761609,0.22707936,0.22833961,-0.25116464,-0.4960307,0.2636021,0.8876715,0.82796884,-0.4313265,-0.6729109,-0.75566316,-0.7353466,-0.7012291,-0.4892572,-0.40322906,-0.21598037,-0.8294503,-0.7197373,-0.7465904,-0.60783756,-0.3199438,-0.5579543,-0.64165604,-0.4859119,0.2131834,0.38367993,0.36846083,0.31269708,0.27634844,0.56160057,0.35405326,-0.3208186,-0.135493,0.28421497,0.36145008,0.40312153,0.511407,0.2660134,0.19884762,-0.4545126,0.7784077,0.7720774,0.8995619,0.6702498,0.64029014,0.72525275,-0.33965722,0.75157464,0.47066414,0.60897243,0.41025347,-0.72674453,-0.76741725,0.73400307,-0.54294443,-0.30268764,0.46180797,0.5169248,-0.19526315,-0.6915006,-0.21692124,-0.403457,-0.6772928,-0.76304996,-0.81411827,-0.8728017,-0.520975,-0.016040318,-0.8566928,-0.8457414,-0.7158225,-0.4636442,-0.67569774
-0.5894828,0.2532489,0.5091344,0.36898994,0.48440018,0.21220891,0.37267554,0.7070327,0.519544,0.61097354,0.34540337,0.6764219,0.6864734,0.60555506,0.52194995,0.76074064,0.9769733,0.8010387,0.94756037,-0.14015487,0.9136367,0.11260699,0.9019767,0.9410405,0.24108702,0.73737776,0.0043974956,0.31231403,0.42983496,0.586833,-0.6660429,-0.8176726,-0.21624205,0.6630427,0.70430875,-0.72535145,-0.8160177,-0.95258987,-0.9551541,-0.95071715,-0.7423525,-0.2864253,-0.59262234,-0.897917,-0.7975625,-0.9207228,-0.86517704,-0.51503414,-0.79984033,-0.861848,-0.8024014,0.24913238,0.45811033,0.54645395,0.5002335,0.34418172,0.6718935,0.48148394,0.007840688,0.1766671,0.60592604,0.65953934,0.7182481,0.8019302,0.62514764,0.5858947,-0.565769,0.9714625,0.9294259,0.82417625,0.896065,0.7959465,0.9574102,0.03168267,0.96546304,0.80034935,0.8690272,0.77081066,-0.91424894,-0.93785,0.93628204,-0.736572,-0.09139633,0.54718184,0.83804095,-0.18912107,-0.8132367,-0.04913474,-0.64249694,-0.41234773,-0.84068155,-0.9514019,-0.8505254,-0.52424026,0.20368204,-0.8220465,-0.8355534,-0.8097943,-0.67798865,-0.8749074
-0.2829684,0.15618056,0.38187665,0.38467938,0.26604146,0.16473605,0.65773904,0.7057957,0.37544203,0.37070987,0.026702954,0.39085817,0.4937336,0.28359833,0.26092428,0.895578,0.8010387,0.94490093,0.74134433,0.06015899,0.7445334,0.47537333,0.7969357,0.8101735,0.026303517,0.408442,-0.16919093,-0.11082191,0.2624615,0.32493186,-0.30827025,-0.5447855,0.16425055,0.88378024,0.83879894,-0.46150625,-0.7347266,-0.78406173,-0.76870596,-0.73759466,-0.50425816,-0.45439386,-0.2826938,-0.86153233,-0.7193298,-0.76584786,-0.62808025,-0.31308398,-0.5761111,-0.669389,-0.54165816,0.21200371,0.44050717,0.42787713,0.3413643,0.33954465,0.6086362,0.39712694,-0.21791476,-0.026956385,0.3993011,0.46660212,0.48360687,0.5836205,0.38463375,0.30237794,-0.46714902,0.8158046,0.7822919,0.91949874,0.7475219,0.6154897,0.7823839,-0.3815183,0.80055624,0.4936666,0.62391376,0.43256426,-0.76317716,-0.82506156,0.74842834,-0.6498449,-0.36677295,0.40287638,0.5380215,-0.31256235,-0.76651525,-0.32931867,-0.4575522,-0.7347944,-0.81638855,-0.84212977,-0.89460516,-0.6471771,-0.102442294,-0.89094543,-0.8991525,-0.75827694,-0.47410965,-0.70159674
-0.6499833,0.29960316,0.53137875,0.37882477,0.5424582,0.23889601,0.3030132,0.69729125,0.55883527,0.6090674,0.38295096,0.6980685,0.6933298,0.66056776,0.5624992,0.69831663,0.94756037,0.74134433,0.9456663,-0.21152389,0.891834,0.03168775,0.86386263,0.89909136,0.26324347,0.7795311,0.041542303,0.38773078,0.39616236,0.64172596,-0.7109539,-0.8411888,-0.2911663,0.58597213,0.6337286,-0.7638502,-0.80659604,-0.93574715,-0.9277617,-0.9441018,-0.77231055,-0.2504025,-0.6237476,-0.8528622,-0.7636961,-0.9017863,-0.8718369,-0.5527356,-0.8194629,-0.8659494,-0.83100927,0.28520408,0.46532887,0.5769088,0.54280496,0.3334064,0.6817157,0.51466745,0.041495234,0.18885185,0.6158804,0.66916454,0.7428692,0.8187607,0.6530267,0.6230346,-0.6033279,0.94114757,0.9019276,0.76464105,0.85975623,0.7899215,0.93224335,0.087399095,0.933818,0.8192174,0.85804003,0.8103454,-0.9008855,-0.9183643,0.91071784,-0.720657,-0.014752078,0.5539261,0.85721743,-0.15272959,-0.7892504,0.012751881,-0.68061566,-0.3460498,-0.80743414,-0.91703236,-0.79107916,-0.47407794,0.24431282,-0.7680206,-0.7755513,-0.7969686,-0.70973885,-0.87552595
0.62566996,-0.84044963,-0.6818625,-0.64641047,-0.79881895,-0.48535997,0.22850262,-0.5178925,-0.80157435,-0.08122714,-0.10081707,-0.17442375,-0.23873618,-0.562567,-0.28782928,0.0529178,-0.14015487,0.06015899,-0.21152389,0.936976,-0.15400216,0.49675196,0.054997228,0.020306898,0.15644985,-0.40628964,0.3207077,-0.24062625,0.4362138,-0.51545584,0.3902859,0.48749954,0.38522553,0.20216331,0.30585104,0.66204196,0.3872589,0.26327798,0.104528725,0.32299274,0.66709775,0.22507451,0.4919902,0.11615972,0.36189723,0.33233726,0.4656874,0.7888291,0.57855874,0.48337063,0.5092319,-0.78550494,-0.58110666,-0.68096244,-0.74176776,-0.2744118,-0.600033,-0.74819505,0.12575401,0.23644616,-0.06588218,-0.25187635,-0.468956,-0.45854113,-0.40307015,-0.30129242,0.64303756,-0.16866699,-0.22150919,-0.00641495,0.020761557,-0.43840677,-0.12415649,-0.22551912,-0.11396438,-0.3426205,-0.15126364,-0.50547373,0.21652308,0.16393557,-0.15932734,0.10780994,-0.5833678,-0.5372962,-0.45821398,-0.45034143,0.283371,-0.24656446,0.66921234,-0.19843167,-0.013548432,0.102884606,-0.1327391,-0.24853413,-0.6264475,0.07637046,-0.124013305,0.3673393,0.7037075,0.4514351
-0.6103277,0.29645124,0.5466297,0.27157268,0.5292634,0.4083521,0.45372778,0.67300403,0.53579485,0.71728635,0.5351727,0.8142281,0.8413083,0.69752544,0.70934165,0.67213696,0.9136367,0.7445334,0.891834,-0.15400216,0.972773,-0.04762791,0.9215092,0.8817999,0.3873263,0.79011184,0.14171854,0.3797139,0.3818064,0.7185021,-0.7161753,-0.79913837,-0.3511621,0.55023474,0.59610105,-0.7015772,-0.8542936,-0.8730731,-0.882,-0.89124686,-0.7266749,-0.29708436,-0.6894721,-0.87565637,-0.7520715,-0.8701801,-0.84555525,-0.49912325,-0.75848264,-0.83529663,-0.7922623,0.26454306,0.45459178,0.5792587,0.5726168,0.50137687,0.6719395,0.5228311,0.2185722,0.37937754,0.7876146,0.8200244,0.83633065,0.8794271,0.78047323,0.74408424,-0.58062756,0.91451263,0.8172797,0.72531354,0.9315455,0.683633,0.9392486,0.042115327,0.9409405,0.79450744,0.76121795,0.7552093,-0.8652955,-0.92856145,0.8321271,-0.87326884,-0.20789987,0.37839395,0.78210294,-0.3669234,-0.86675525,-0.20894417,-0.68972826,-0.43857384,-0.8722002,-0.8737134,-0.7623429,-0.6194358,0.081071526,-0.80776143,-0.8333206,-0.84340894,-0.6371562,-0.8510965
0.45126575,-0.3353544,-0.23020022,0.064356476,-0.42429274,-0.3902021,0.37908173,0.09396838,-0.3023922,-0.23496658,-0.60309875,-0.41100502,-0.3263061,-0.52025944,-0.51510876,0.5473313,0.11260699,0.47537333,0.03168775,0.49675196,-0.04762791,0.9326277,0.13964492,0.20434576,-0.25406808,-0.395145,-0.30792665,-0.58700883,0.117168635,-0.5066356,0.4433898,0.24840063,0.7533164,0.68149626,0.61992073,0.28825969,0.03538545,-0.09143478,-0.11393322,0.011574854,0.24389708,-0.15213895,0.4961596,-0.21682116,-0.09635545,-0.052567847,0.13399827,0.29849067,0.1503745,0.088985085,0.2399162,-0.20928541,-0.11112282,-0.27304542,-0.34923834,-0.18436113,-0.09012206,-0.27047968,-0.5563209,-0.40774938,-0.34844953,-0.34856957,-0.39097804,-0.2720636,-0.48626322,-0.47778058,0.1488801,0.11761105,0.17609274,0.4707477,0.051373634,0.048472177,0.05656801,-0.50950223,0.088417664,-0.21430573,0.06431624,-0.31012213,-0.075374246,-0.096293256,0.15166,0.10215172,-0.3506101,0.07617829,-0.1650191,-0.07139554,-0.008600923,-0.14358906,0.31688696,-0.4878046,-0.20467983,-0.21532929,-0.4662019,-0.19273433,-0.28684795,-0.31208196,-0.35003966,-0.013821002,0.20401204,0.05615173
-0.45960587,0.10440887,0.38731915,0.16077515,0.34232533,0.23644829,0.50462055,0.5828097,0.35937542,0.6390768,0.4294265,0.7174834,0.73091143,0.5402849,0.5786892,0.7302308,0.9019767,0.7969357,0.86386263,0.054997228,0.9215092,0.13964492,0.9502417,0.9082114,0.36287838,0.68121207,0.17844579,0.28654355,0.49440545,0.5608498,-0.5969421,-0.6900507,-0.19583693,0.6517828,0.71796274,-0.5579934,-0.76405275,-0.8411505,-0.8792175,-0.835387,-0.5822762,-0.23995277,-0.52398986,-0.8631415,-0.67999613,-0.80663604,-0.7389883,-0.32705802,-0.6399584,-0.7349336,-0.67568254,0.0968048,0.33369458,0.4258986,0.39416772,0.39376104,0.5536076,0.35752964,0.1665476,0.35202438,0.70596427,0.70555305,0.6877845,0.7548279,0.63941497,0.6158942,-0.4346841,0.89504075,0.7987394,0.77142537,0.93367803,0.61155427,0.9250376,-0.05908174,0.9261813,0.7032705,0.7498307,0.6337347,-0.8385547,-0.9071479,0.8251318,-0.81802595,-0.33055437,0.29888755,0.68826705,-0.43245217,-0.798051,-0.2451175,-0.53130275,-0.5047795,-0.8846345,-0.8802669,-0.8355663,-0.6664376,-0.048946373,-0.8107693,-0.87930644,-0.760888,-0.49384555,-0.75900704
-0.47750562,0.111769035,0.38042825,0.2518296,0.34368598,0.120585606,0.40338516,0.6193613,0.37803417,0.5859734,0.31663883,0.6336286,0.63774186,0.50343156,0.4604892,0.7677022,0.9410405,0.8101735,0.89909136,0.020306898,0.8817999,0.20434576,0.9082114,0.9480905,0.271389,0.6525144,0.050617427,0.25290373,0.5052273,0.48760456,-0.59467494,-0.7224531,-0.13352734,0.6994008,0.7565191,-0.60515714,-0.7475555,-0.90264565,-0.9343702,-0.8900627,-0.63146067,-0.24060208,-0.50344074,-0.880172,-0.7298855,-0.8623903,-0.7829467,-0.37854978,-0.6991823,-0.77761614,-0.70984674,0.11359156,0.34540644,0.42313963,0.37082207,0.2726452,0.56511307,0.35296178,0.01233791,0.21064976,0.58512115,0.60396636,0.6303905,0.71685874,0.54264605,0.5215161,-0.45727304,0.93532693,0.8857581,0.8190421,0.8949253,0.71996284,0.9304863,-0.0060777715,0.94180095,0.73411006,0.83440125,0.68139756,-0.8760665,-0.9059538,0.9063505,-0.7083045,-0.19194016,0.45047897,0.75519145,-0.2543882,-0.7617661,-0.076790124,-0.5184139,-0.4383495,-0.841922,-0.93052065,-0.871305,-0.56491864,0.08263045,-0.81152743,-0.85526156,-0.7434136,-0.55693245,-0.7977885
-0.1441289,-0.16768341,-0.0023963451,-0.37191373,0.07404293,0.1429106,-0.009857173,-0.14465742,-0.09254135,0.5761898,0.6368085,0.59938955,0.43804485,0.40769655,0.5680248,-0.014704963,0.24108702,0.026303517,0.26324347,0.15644985,0.3873263,-0.25406808,0.36287838,0.271389,0.7647468,0.39443418,0.48755717,0.49752983,0.28141183,0.362122,-0.3584324,-0.1734785,-0.3533314,-0.09488588,0.02927508,-0.12116907,-0.1313569,-0.14432746,-0.25063416,-0.19921014,-0.11952728,0.41073853,-0.31185076,-0.14984092,-0.027598199,-0.13431188,-0.21990055,0.041991588,-0.107273534,-0.1652217,-0.16222197,-0.29812026,-0.27601096,-0.091980085,0.09270182,0.13230564,-0.107948855,-0.12407088,0.65917873,0.711748,0.6143043,0.42992866,0.34232616,0.33364734,0.39704925,0.5718374,-0.0013251184,0.21155971,0.08291134,-0.040620133,0.38448793,0.010813101,0.30395806,0.32104808,0.3011046,0.41553456,0.19273186,0.31053334,-0.17699108,-0.22666171,0.17308703,-0.39281967,-0.22898397,-0.25886965,0.199592,-0.3607157,-0.13601999,-0.026664412,-0.11530348,0.07222019,-0.30129498,-0.16665807,-0.09446725,-0.102093674,-0.07689054,-0.06533767,-0.17925842,-0.14365917,0.016212657,-0.16052215
-0.7594559,0.43242204,0.57560813,0.26393792,0.6709239,0.43741527,0.081495315,0.5451427,0.6190586,0.64507234,0.64758164,0.8038728,0.7572171,0.8436655,0.7583837,0.33432078,0.73737776,0.408442,0.7795311,-0.40628964,0.79011184,-0.395145,0.68121207,0.6525144,0.39443418,0.884588,0.25934997,0.666073,0.3056607,0.81767225,-0.8216605,-0.8257891,-0.6254333,0.1801452,0.24930663,-0.78044283,-0.69965297,-0.7281599,-0.7181512,-0.79306555,-0.7659109,-0.074585766,-0.7578908,-0.6088555,-0.57892066,-0.72417176,-0.79356843,-0.59859324,-0.75663894,-0.77176934,-0.80969584,0.34759232,0.42531058,0.61120474,0.6531362,0.41268873,0.6127747,0.56334513,0.33988732,0.4032845,0.7139568,0.74550784,0.83057773,0.8466958,0.8021998,0.79693824,-0.59438765,0.73202807,0.66613185,0.41498375,0.7109517,0.62948024,0.762578,0.31419343,0.7420885,0.7935206,0.6820947,0.8475382,-0.7190116,-0.7357224,0.6791126,-0.68511134,0.13698213,0.3896426,0.8037554,-0.11831854,-0.66994333,0.07413566,-0.7378698,-0.05572946,-0.6078507,-0.66013765,-0.43582678,-0.30023825,0.3196372,-0.4941133,-0.49026757,-0.6747823,-0.68631756,-0.76673377
-0.029916022,-0.34595034,-0.24362965,-0.5888429,-0.1541434,0.013503555,-0.02964025,-0.40235847,-0.30757454,0.2357561,0.605179,0.4166756,0.2825232,0.20488352,0.42781526,-0.29476184,0.0043974956,-0.16919093,0.041542303,0.3207077,0.14171854,-0.30792665,0.17844579,0.050617427,0.48755717,0.25934997,0.8477806,0.5191008,0.3552165,0.24629751,-0.24404842,-0.0037034573,-0.4682085,-0.27425963,-0.0914972,0.14072964,0.11433772,0.121389106,-0.016163096,0.0761592,0.20624544,0.36587173,-0.09605074,0.14195214,0.33941117,0.17763013,0.12217997,0.37020123,0.19170761,0.15040529,0.050221253,-0.4216671,-0.32370543,-0.1893718,-0.166614,0.052129023,-0.27987581,-0.28019994,0.66210073,0.6800192,0.4566824,0.28038946,0.13916926,0.07314746,0.28669915,0.39603454,0.26530683,-0.048772145,-0.1859126,-0.2623748,0.22249898,-0.33080888,0.08300486,0.18172784,0.03862752,0.0612055,-0.018489294,0.031579174,0.06344165,-0.010942762,-0.09166859,-0.24627572,-0.19993639,-0.51668143,-0.056886144,-0.48239505,0.060665067,-0.12433249,0.10913492,0.15957887,-0.064092666,0.09530555,0.1082751,-0.19062057,-0.32583117,0.21598056,0.013591604,0.16733918,0.28772843,0.14898226
-0.5420281,0.12401937,0.19343433,-0.12783436,0.3863873,0.15230638,-0.3444969,-0.007888752,0.21477471,0.4547822,0.7032362,0.6361993,0.46525034,0.6643625,0.6253096,-0.17761609,0.31231403,-0.11082191,0.38773078,-0.24062625,0.3797139,-0.58700883,0.28654355,0.25290373,0.49752983,0.666073,0.5191008,0.8647609,0.31153676,0.5954221,-0.6617103,-0.4844045,-0.71787256,-0.29700863,-0.14413929,-0.4356724,-0.18933626,-0.27697706,-0.32117125,-0.35275367,-0.38488615,0.37537056,-0.51733494,-0.09948076,-0.05511266,-0.24261908,-0.3813647,-0.2655899,-0.354109,-0.32838297,-0.44762304,-0.0040581655,-0.027974617,0.19996792,0.30208632,0.07599859,0.11102561,0.15376872,0.54057395,0.5314197,0.5360164,0.4561326,0.49476948,0.46879447,0.54551935,0.6382159,-0.19062275,0.2734539,0.20681003,-0.11397763,0.3381111,0.21601951,0.3441208,0.5532752,0.31883675,0.54192936,0.37408462,0.59276396,-0.2939802,-0.2846448,0.28477848,-0.31049338,0.28674838,0.0655794,0.48806202,-0.01707502,-0.1557616,0.29713,-0.3532769,0.40113837,-0.17205283,-0.19709712,0.021147745,0.061926756,0.3014766,0.049667552,0.0009952956,-0.1495824,-0.29565585,-0.30541113
-0.059147254,-0.44750887,-0.21016178,-0.3392681,-0.20412078,-0.29610652,-0.03955391,-0.109732,-0.25922176,0.31767404,0.29525012,0.3786167,0.23856436,0.09731405,0.16727252,0.22707936,0.42983496,0.2624615,0.39616236,0.4362138,0.3818064,0.117168635,0.49440545,0.5052273,0.28141183,0.3056607,0.3552165,0.31153676,0.7464078,0.054659735,-0.32381922,-0.22416806,-0.10056728,0.2519729,0.41302335,-0.042451728,-0.08980313,-0.34343567,-0.48458317,-0.33378327,-0.020596808,0.20382813,-0.124547705,-0.30476463,-0.10528147,-0.25183257,-0.20512651,0.20135492,-0.09948075,-0.14608993,-0.19781162,-0.45647112,-0.27134687,-0.20906202,-0.22116339,-0.14869785,-0.14041632,-0.29889292,0.1884119,0.3538173,0.33321792,0.21547905,0.123901606,0.16265863,0.12693335,0.22497562,0.19085138,0.39059958,0.3524744,0.25838628,0.5006584,0.19080296,0.43657315,0.24849477,0.45164964,0.35989773,0.49985144,0.27392322,-0.368283,-0.36016536,0.45799807,-0.22635047,-0.13566193,0.013260639,0.30177343,-0.18263727,-0.1197119,0.1480225,0.1135705,0.041697312,-0.3547259,-0.4228983,-0.4146937,-0.23116079,-0.04244879,-0.19165567,-0.3565786,-0.047086924,0.0637307,-0.1568284
-0.7479986,0.5691322,0.6616652,0.29810596,0.746575,0.63129616,0.16375071,0.55908763,0.6879013,0.57116497,0.675107,0.78321147,0.8009405,0.8694136,0.8345625,0.22833961,0.586833,0.32493186,0.64172596,-0.51545584,0.7185021,-0.5066356,0.5608498,0.48760456,0.362122,0.81767225,0.24629751,0.5954221,0.054659735,0.90959024,-0.7622533,-0.75521576,-0.67330486,0.065731764,0.092214346,-0.74833864,-0.70967734,-0.5922129,-0.54083425,-0.66127,-0.73677963,-0.17840339,-0.7521626,-0.51282084,-0.5115937,-0.6160049,-0.70970184,-0.6094178,-0.69991004,-0.7089646,-0.738801,0.48214155,0.5116178,0.7022457,0.7552421,0.55404145,0.66063267,0.67665446,0.3885592,0.4147588,0.7403679,0.8008988,0.87339777,0.8600023,0.87927544,0.83678514,-0.64564013,0.5907397,0.4961825,0.30036432,0.6058326,0.48839158,0.63154244,0.1895288,0.6112369,0.67210627,0.46792835,0.73984635,-0.58965325,-0.6435913,0.49569625,-0.72426033,0.07453633,0.26951057,0.67239785,-0.21644974,-0.6812382,-0.11662091,-0.8048942,-0.11897312,-0.53454494,-0.50000644,-0.29371852,-0.33788705,0.22312513,-0.4351787,-0.40754172,-0.6753589,-0.669757,-0.70261145
0.7293558,-0.37812042,-0.49667236,-0.23085725,-0.6323465,-0.34205532,-0.009255656,-0.45100233,-0.5550196,-0.5817987,-0.6439725,-0.7677967,-0.7081598,-0.79004216,-0.7107736,-0.25116464,-0.6660429,-0.30827025,-0.7109539,0.3902859,-0.7161753,0.4433898,-0.5969421,-0.59467494,-0.3584324,-0.8216605,-0.24404842,-0.6617103,-0.32381922,-0.7622533,0.82535297,0.7921692,0.6252333,-0.0885487,-0.1712287,0.7208508,0.61200213,0.6688663,0.66146326,0.73009545,0.6921525,0.05406108,0.7376317,0.53925115,0.50944597,0.65634024,0.72421426,0.551016,0.6822256,0.68769693,0.771004,-0.2923624,-0.36952513,-0.5608657,-0.56948185,-0.3474313,-0.54503846,-0.50022846,-0.3282047,-0.38154274,-0.65935326,-0.69733477,-0.7693478,-0.7724675,-0.75812495,-0.7318965,0.50580287,-0.6556568,-0.5980836,-0.3315915,-0.6460138,-0.5687866,-0.6898831,-0.37641382,-0.6745384,-0.7401562,-0.6471919,-0.7944862,0.6623556,0.67066926,-0.61902225,0.6022239,-0.18596195,-0.36250788,-0.7575856,0.0712803,0.58603585,-0.13637404,0.66212654,-0.037362985,0.51222044,0.59241736,0.37345296,0.24771333,-0.33330715,0.40795672,0.4130489,0.5828097,0.61600417,0.6726493
0.81539476,-0.51545376,-0.63840234,-0.48827112,-0.7284161,-0.37696248,-0.13782944,-0.72479314,-0.7334672,-0.55332315,-0.43130022,-0.6954818,-0.7023028,-0.7775901,-0.6176676,-0.4960307,-0.8176726,-0.5447855,-0.8411888,0.48749954,-0.79913837,0.24840063,-0.6900507,-0.7224531,-0.1734785,-0.8257891,-0.0037034573,-0.4844045,-0.22416806,-0.75521576,0.7921692,0.9158096,0.47786927,-0.34365362,-0.3677246,0.8659699,0.786878,0.8511008,0.79081374,0.88836575,0.857455,0.29237872,0.7385436,0.72594845,0.72888255,0.83975255,0.8752294,0.7150527,0.86618274,0.86623,0.8988762,-0.48202157,-0.60238713,-0.7286891,-0.6894419,-0.3577584,-0.7634083,-0.6846214,-0.07429439,-0.1304342,-0.5826056,-0.6903393,-0.8132484,-0.85155404,-0.7353869,-0.6716138,0.68666375,-0.82033396,-0.7987641,-0.57911,-0.7124299,-0.77526456,-0.80891526,-0.2083093,-0.8018397,-0.79809415,-0.769493,-0.8632829,0.82462704,0.81241715,-0.790141,0.653342,-0.20694308,-0.6058674,-0.87197506,-0.007135255,0.75440836,-0.098442405,0.8028965,0.15884963,0.64122176,0.77153635,0.5626675,0.3334747,-0.41566968,0.6282722,0.5726079,0.7632713,0.82281256,0.8635396
0.60792804,-0.2781505,-0.26383743,0.054225095,-0.4865952,-0.3433416,0.19070518,-0.078375205,-0.34933394,-0.37961772,-0.7318455,-0.63098615,-0.5404275,-0.6699809,-0.6722354,0.2636021,-0.21624205,0.16425055,-0.2911663,0.38522553,-0.3511621,0.7533164,-0.19583693,-0.13352734,-0.3533314,-0.6254333,-0.4682085,-0.71787256,-0.10056728,-0.67330486,0.6252333,0.47786927,0.864431,0.3959852,0.29095846,0.45651102,0.26548663,0.20780739,0.19818994,0.3075436,0.38737607,-0.105335146,0.59430695,0.07561904,0.07993434,0.20498472,0.34386927,0.3140562,0.34958452,0.31599534,0.47529733,-0.17030396,-0.20047095,-0.3932641,-0.4007227,-0.21225783,-0.25181326,-0.32645047,-0.5755898,-0.50512993,-0.56193244,-0.549133,-0.56982434,-0.5010072,-0.66602814,-0.66311085,0.25164512,-0.19746113,-0.11013625,0.18072191,-0.278161,-0.11294913,-0.2672783,-0.4141017,-0.23636353,-0.41021067,-0.2156105,-0.50044155,0.22859105,0.23332553,-0.14273776,0.36736462,-0.22267073,0.016734473,-0.39362094,0.11408447,0.24297404,-0.08097214,0.46249616,-0.2925396,0.112332866,0.104229316,-0.13227428,0.078875825,-0.18208459,-0.04687083,-0.028483931,0.19900402,0.3392785,0.2945909
-0.06565814,0.0011334941,0.21141618,0.3318373,0.054293923,-0.04518973,0.5953649,0.5786631,0.19097462,0.19376522,-0.21362853,0.14910018,0.25087318,0.030035319,0.0022244062,0.8876715,0.6630427,0.88378024,0.58597213,0.20216331,0.55023474,0.68149626,0.6517828,0.6994008,-0.09488588,0.1801452,-0.27425963,-0.29700863,0.2519729,0.065731764,-0.0885487,-0.34365362,0.3959852,0.9426545,0.86151254,-0.2711063,-0.5484729,-0.6514839,-0.6425593,-0.5773426,-0.32318896,-0.3866837,-0.04291763,-0.7416897,-0.598413,-0.62011707,-0.45543608,-0.15622044,-0.40539205,-0.49476093,-0.345645,0.088712834,0.2948997,0.22702724,0.13475837,0.15442349,0.43781298,0.20864446,-0.38794637,-0.19447118,0.16375883,0.22176263,0.23209894,0.34977078,0.113211624,0.047851782,-0.31228065,0.6785283,0.6823778,0.88071203,0.5823306,0.5171301,0.6245724,-0.43822253,0.6505637,0.32077414,0.52425253,0.24299955,-0.62493014,-0.6703623,0.64710104,-0.44007477,-0.36087105,0.37419707,0.37574583,-0.21444023,-0.5808824,-0.2462058,-0.2451593,-0.70369637,-0.6874467,-0.7360003,-0.8573087,-0.5193205,-0.13187662,-0.7941855,-0.8041765,-0.58809936,-0.3101809,-0.5312271
-0.078710824,-0.13030434,0.12379618,0.17974293,-0.0003205072,-0.12290427,0.5217481,0.471425,0.09589341,0.26743796,-0.080366105,0.24243295,0.29319054,0.06605723,0.069232866,0.82796884,0.70430875,0.83879894,0.6337286,0.30585104,0.59610105,0.61992073,0.71796274,0.7565191,0.02927508,0.24930663,-0.0914972,-0.14413929,0.41302335,0.092214346,-0.1712287,-0.3677246,0.29095846,0.86151254,0.89281374,-0.2537344,-0.5094445,-0.6654451,-0.69305027,-0.59475666,-0.2884667,-0.23714393,-0.07539499,-0.7217169,-0.5374674,-0.6054808,-0.4625392,-0.07348795,-0.3802877,-0.47700185,-0.3583962,-0.05819457,0.17270917,0.1522203,0.061803695,0.09386707,0.34662813,0.09562822,-0.25024763,-0.04579413,0.24919052,0.25972807,0.24465877,0.35945112,0.13833112,0.12932715,-0.23607653,0.70397294,0.6885381,0.8301159,0.6529088,0.4804423,0.67663735,-0.32444632,0.6957154,0.372922,0.58961666,0.28409368,-0.6489315,-0.6958723,0.68489146,-0.46837848,-0.3660999,0.2957391,0.4069226,-0.28304207,-0.5404201,-0.18165734,-0.19482201,-0.60811937,-0.7128337,-0.76100725,-0.8623718,-0.5162357,-0.15972027,-0.73929614,-0.800264,-0.535452,-0.25298735,-0.5132078
