0,1,2,3,4,5,6,7,8,9,10,11,12,13,14,15,16,17,18,19,20,21,22,23,24,25,26,27,28,29,30,31,32,33,34,35,36,37,38,39,40,41,42,43,44,45,46,47,48,49,50,51,52,53,54,55,56,57,58,59,60,61,62,63,64,65,66,67,68,69,70,71,72,73,74,75,76,77,78,79,80,81,82,83,84,85,86,87,88,89,90,91,92,93,94,95,96,97,98,99
0.7969387,-0.32941797,-0.3548025,-0.315337,-0.2862514,-0.27110317,-0.4815287,-0.38318214,-0.4249739,-0.5267471,-0.27419397,-0.66478467,-0.5747963,-0.22795929,-0.28634948,-0.44445828,-0.55506474,-0.45732272,-0.38488036,-0.5207642,-0.4499414,-0.53598315,0.3823012,-0.6102452,-0.094682835,-0.6766997,0.5234641,-0.012973775,-0.58606625,0.6692089,0.5091743,0.1376941,0.10390054,-0.4405668,-0.49625254,-0.44900745,-0.4957008,-0.16846144,-0.38558853,-0.4386205,-0.5117289,-0.2103726,-0.5744568,-0.41174242,-0.33949137,0.6423703,0.14092457,0.646572,-0.42997497,-0.46826437,0.47519562,-0.3791104,-0.33394197,-0.28388584,-0.27848795,-0.37976462,-0.40614903,-0.4015774,0.06845835,-0.019309605,-0.421547,-0.36647886,-0.073452696,0.033978015,-0.22964503,-0.11902713,-0.3651001,-0.30404705,-0.33977878,-0.30792344,-0.46527606,-0.5068028,0.19663715,-0.08539198,-0.4803127,-0.24080098,-0.6083215,0.61050224,0.5355515,0.3137027,-0.41940093,-0.39877015,0.21324223,-0.14998502,0.5979017,-0.0046923487,-0.37427565,0.6497444,-0.44692922,-0.38722396,0.56253237,-0.23686257,-0.119618505,0.121467546,-0.10086501,-0.07290672,0.61606556,0.69317925,-0.46697283,-0.46372437
-0.32941797,0.9461439,0.903893,0.9158144,0.9289112,0.86567366,0.8307234,0.8653802,0.8216544,0.6982505,-0.12354157,0.43409717,0.47802156,0.43324995,0.47980815,0.8674591,0.5046561,0.7259994,0.55337834,0.70058453,0.62236917,0.48156148,0.12454707,0.7526524,0.00082698837,0.3834777,-0.48145196,0.055964317,0.7338442,-0.40791494,-0.45113638,-0.15346906,0.3667697,0.64315486,0.4770835,0.7494664,0.5589826,0.17528416,0.7729749,0.76829326,0.6962904,-0.0022558765,0.2758309,-0.13632353,0.051429626,-0.5899521,0.111690834,-0.38490635,0.70272577,0.6198973,-0.07771185,0.91921496,0.8482914,0.880159,0.8977702,0.73446095,0.8687213,0.8377247,-0.19358616,-0.39352745,0.10205958,0.14504808,0.2680614,0.17615771,0.5267397,0.36750513,0.471789,0.40752944,0.6115836,0.6540538,0.65665627,0.49719328,0.38368255,0.30498266,0.21051034,-0.14197613,0.6811607,-0.30386055,-0.55755436,-0.39530945,0.4368134,0.5057332,-0.395242,0.08604011,-0.57192516,0.34894735,0.5045342,-0.618199,0.67568684,0.44509357,-0.50953937,-0.035357885,0.1604826,-0.37001544,-0.30253333,-0.5221975,-0.59533656,-0.49651033,0.6020833,0.66016257
-0.3548025,0.903893,0.9559876,0.9204139,0.89600503,0.91813606,0.88545334,0.9219517,0.8963195,0.7099332,-0.16956444,0.41341817,0.46791384,0.44018304,0.48596975,0.8644916,0.49222016,0.72737503,0.5365188,0.71226776,0.6384487,0.4760437,0.15469058,0.73255265,-0.030831143,0.36526287,-0.5065197,-0.0282819,0.7173625,-0.3865998,-0.49520075,-0.28858706,0.26598132,0.6231934,0.44101524,0.7636659,0.49617463,0.04213362,0.80886126,0.8229538,0.6947137,-0.111793585,0.22152159,-0.15145719,-0.022200288,-0.57510626,0.15682049,-0.35338134,0.7761997,0.6300855,-0.07639302,0.9347942,0.8977222,0.8825168,0.90545464,0.81296855,0.89832115,0.9115863,-0.19278142,-0.39223647,0.081495345,0.11767909,0.23517615,0.14901854,0.5127648,0.3692149,0.52966267,0.36881757,0.577914,0.6327207,0.665154,0.44792733,0.34950042,0.38736618,0.19822922,-0.15063667,0.66274345,-0.2900495,-0.6244887,-0.5111875,0.40206003,0.47549695,-0.54377216,0.03771431,-0.62651825,0.25309992,0.41293722,-0.6061113,0.6659117,0.39788097,-0.53622127,-0.07052671,0.283561,-0.41872483,-0.370207,-0.5516077,-0.6002418,-0.48852128,0.6282493,0.64458156
-0.315337,0.9158144,0.9204139,0.9514749,0.9159861,0.8791804,0.81928724,0.88417196,0.83095515,0.7067227,-0.11326398,0.41039884,0.42754358,0.40866548,0.45444274,0.8265458,0.44447365,0.6715275,0.50220084,0.64408153,0.5849619,0.4175765,0.1155052,0.70393205,0.024411619,0.3365133,-0.46531695,-0.037016492,0.67274487,-0.36525357,-0.43881226,-0.2489923,0.24366607,0.57010305,0.39740896,0.7102764,0.47105208,0.0907924,0.77273333,0.7780665,0.64301157,-0.07579058,0.202218,-0.16667955,-0.02641788,-0.5345504,0.0996031,-0.34143448,0.7157493,0.57931197,-0.042578008,0.91220856,0.8539154,0.9202415,0.89181113,0.7564411,0.8683039,0.86073136,-0.14447509,-0.33988845,0.12025915,0.10070921,0.21896188,0.137927,0.48800626,0.35103488,0.49666128,0.34371272,0.54166317,0.58885276,0.61506385,0.41021103,0.33703575,0.37287605,0.21911292,-0.1148667,0.6280406,-0.26992708,-0.55846226,-0.45658195,0.37339556,0.4294055,-0.48560065,0.017325997,-0.5703323,0.24596184,0.40705422,-0.5771364,0.6108132,0.38290924,-0.48276335,-0.036857113,0.27053162,-0.36527818,-0.3199157,-0.5372339,-0.55185354,-0.4625327,0.5825745,0.5977565
-0.2862514,0.9289112,0.89600503,0.9159861,0.9427555,0.8654323,0.79438376,0.85385454,0.7984643,0.6797559,-0.1169698,0.4028389,0.43389928,0.41939777,0.4604299,0.8377559,0.45242503,0.68801606,0.52955157,0.65591055,0.5832428,0.42262393,0.13963293,0.7177656,0.017935663,0.32651222,-0.44669443,0.03646084,0.69241846,-0.35957333,-0.40540916,-0.13791281,0.37154162,0.6029467,0.42564172,0.71948195,0.512944,0.1605587,0.7447906,0.7336086,0.6496849,-0.0025007813,0.215351,-0.1919328,-0.003930711,-0.5395769,0.09175013,-0.33983254,0.67709696,0.5750421,-0.053448647,0.8953437,0.8179842,0.88148004,0.8972813,0.71502155,0.8531847,0.81926966,-0.16268681,-0.3754673,0.101648785,0.1117116,0.25630933,0.17271551,0.51035064,0.36175358,0.44676393,0.3784746,0.5818043,0.63145024,0.618291,0.44859752,0.39453322,0.309967,0.19736084,-0.14089577,0.6352703,-0.2672904,-0.51108915,-0.3707342,0.4013697,0.46668342,-0.3846426,0.050848864,-0.5223098,0.34174877,0.47058696,-0.5779456,0.63863605,0.41879094,-0.48315802,-0.05907327,0.14515635,-0.34984288,-0.31947976,-0.5522971,-0.5428319,-0.4459079,0.5719229,0.6216675
-0.27110317,0.86567366,0.91813606,0.8791804,0.8654323,0.95410216,0.8506813,0.90905505,0.9004048,0.6654482,-0.20812368,0.30685133,0.33547214,0.34264272,0.38732874,0.830042,0.3768137,0.6818801,0.44391954,0.67058825,0.5424999,0.3586907,0.19418734,0.6952017,0.00041107833,0.22067437,-0.39223075,-0.09789218,0.65904665,-0.30221975,-0.41809285,-0.20536613,0.328664,0.57636404,0.3594796,0.7798377,0.43252856,0.047738858,0.74588484,0.7859257,0.6630894,-0.102878906,0.10925163,-0.29040515,-0.09180313,-0.47496524,0.15377459,-0.24501103,0.7949562,0.60411227,-0.010540187,0.8821428,0.8491374,0.83452195,0.9116137,0.8401321,0.87499964,0.8972896,-0.16161823,-0.4082045,0.032457575,-0.0402663,0.14789979,0.07552622,0.43366992,0.28856245,0.54557884,0.2643808,0.5145619,0.59960395,0.57786924,0.36252707,0.36977273,0.41728225,0.09433998,-0.18816248,0.57608056,-0.2460219,-0.56226593,-0.42428616,0.33593333,0.42325926,-0.51154387,-0.066775665,-0.5189761,0.28307828,0.3876158,-0.5519724,0.66159797,0.40065372,-0.5357446,-0.12961957,0.22355503,-0.39994806,-0.43374294,-0.65559053,-0.49628222,-0.37516308,0.6550497,0.6345641
-0.4815287,0.8307234,0.88545334,0.81928724,0.79438376,0.8506813,0.9689259,0.8910346,0.9277165,0.6902642,-0.20503408,0.46609664,0.5595306,0.40473896,0.46313506,0.9148836,0.61907864,0.82398915,0.5692592,0.8691362,0.7010908,0.6311258,0.08734707,0.8315424,-0.089710474,0.5070403,-0.5141716,0.04457959,0.84177685,-0.52412003,-0.6562083,-0.27067882,0.28666228,0.75193787,0.6321857,0.889078,0.6612804,0.09346128,0.84891117,0.9061443,0.8598372,-0.061349615,0.4208024,0.008241156,0.19196293,-0.6919478,0.2546984,-0.45258474,0.84887385,0.79593515,-0.19852415,0.8949972,0.88608944,0.7741635,0.81903017,0.84369576,0.8805168,0.90324974,-0.32414335,-0.4667212,0.072082326,0.1473926,0.19454095,0.08529383,0.4708636,0.2992645,0.6594901,0.39815685,0.6287273,0.6957936,0.7257621,0.60624504,0.26282388,0.36493295,0.17348851,-0.18045364,0.7717345,-0.4572392,-0.7657066,-0.54690176,0.57508844,0.64623636,-0.4836205,0.15711159,-0.7010169,0.35377628,0.5647309,-0.7151114,0.83027923,0.5871057,-0.6732429,-0.06274006,0.2518407,-0.48549658,-0.28668776,-0.4493068,-0.7162498,-0.6141676,0.7552724,0.8023605
-0.38318214,0.8653802,0.9219517,0.88417196,0.85385454,0.90905505,0.8910346,0.95465755,0.91331035,0.6979642,-0.1759541,0.40298238,0.4429024,0.3888023,0.43925416,0.8584211,0.47905195,0.7287116,0.50560284,0.7253585,0.6117602,0.46898007,0.1333397,0.7558893,-0.018564735,0.35554138,-0.4564557,-0.030310614,0.72604907,-0.39482415,-0.5146481,-0.24596694,0.27497458,0.6345533,0.4601568,0.7956623,0.5174449,0.0702429,0.8040868,0.83884394,0.72395635,-0.08003526,0.24784498,-0.15357949,0.028416846,-0.56220496,0.16806635,-0.34358686,0.7939205,0.655303,-0.11824248,0.8995499,0.8670685,0.8455258,0.88134474,0.8321526,0.9151905,0.93240225,-0.20570087,-0.40635884,0.08303984,0.06851475,0.18517523,0.09561964,0.46785748,0.31484902,0.5732382,0.33469552,0.5630324,0.63264954,0.64170724,0.45910773,0.33218575,0.3957689,0.16838789,-0.15705098,0.6614647,-0.3241537,-0.64375794,-0.484891,0.43023783,0.49849343,-0.49192923,0.035111897,-0.5942088,0.29797426,0.44859773,-0.61647475,0.6942898,0.46523494,-0.5878856,-0.08045542,0.25894383,-0.41927227,-0.35142398,-0.55855143,-0.58476937,-0.48012835,0.6640653,0.66733015
-0.4249739,0.8216544,0.8963195,0.83095515,0.7984643,0.9004048,0.9277165,0.91331035,0.9695013,0.71504366,-0.16463907,0.4174782,0.42620784,0.2953961,0.35935402,0.85962385,0.4722873,0.7256018,0.4440621,0.7698513,0.5810416,0.47971213,0.06557223,0.77863574,0.01437237,0.38125247,-0.45413014,-0.09199186,0.7448529,-0.46092576,-0.5439064,-0.24761942,0.2522447,0.63263816,0.48397934,0.8636726,0.53600705,0.07961719,0.7905941,0.8725321,0.7734921,-0.053719006,0.29029167,-0.075561866,0.085476115,-0.58179104,0.18157749,-0.3650089,0.8981173,0.73362225,-0.10243142,0.8732262,0.8667846,0.785697,0.85310614,0.91612643,0.8702145,0.92630917,-0.1985191,-0.38637275,0.10302341,0.012746116,0.078255415,-0.02089638,0.37533593,0.21494454,0.6893922,0.25944966,0.50832987,0.59334236,0.6127753,0.4802562,0.22050585,0.45690727,0.14742197,-0.12180738,0.6611979,-0.4299456,-0.6837605,-0.4977559,0.43461514,0.5117426,-0.52035713,-0.0013813544,-0.62757444,0.27175778,0.46304774,-0.66702914,0.7512841,0.51939535,-0.63684464,-0.046058353,0.30076137,-0.40119827,-0.31464797,-0.5104076,-0.6007234,-0.5145055,0.7833411,0.7447795
-0.5267471,0.6982505,0.7099332,0.7067227,0.6797559,0.6654482,0.6902642,0.6979642,0.71504366,0.939881,0.4037187,0.7481309,0.43097413,0.15271524,0.22609419,0.6820807,0.36697233,0.47576368,0.31601888,0.51117134,0.37236148,0.32341993,-0.44273472,0.7621914,0.47374964,0.5134598,-0.6528011,-0.27948844,0.62113297,-0.74006414,-0.28326288,0.009616844,0.05005136,0.40471256,0.2959041,0.6377491,0.37642175,0.34707165,0.5695686,0.68075037,0.5400801,0.37423328,0.3465039,0.14110644,0.04124128,-0.65592754,-0.38246655,-0.6889682,0.7211391,0.48211187,-0.05825203,0.7101387,0.6718086,0.69312656,0.69400996,0.7461539,0.69269407,0.6807492,0.26910746,0.12537165,0.6132642,0.16011399,-0.055082947,-0.15183434,0.22639728,0.07743825,0.62201643,0.16542035,0.31210524,0.32612583,0.4246958,0.4244194,-0.1282372,0.5386776,0.5700538,0.41608047,0.5932698,-0.68432415,-0.4052403,-0.18534556,0.27162594,0.25655493,-0.3796228,-0.17693502,-0.64703834,0.009584428,0.3222302,-0.83181894,0.4884864,0.40271938,-0.48178166,0.45884913,0.3694339,0.07371135,0.024678944,-0.31103587,-0.60353637,-0.70392597,0.7113333,0.5370461
-0.27419397,-0.12354157,-0.16956444,-0.11326398,-0.1169698,-0.20812368,-0.20503408,-0.1759541,-0.16463907,0.4037187,0.9290587,0.58104265,0.060815684,-0.25292772,-0.21486284,-0.170843,-0.09734371,-0.27949822,-0.18921947,-0.2696237,-0.26714128,-0.16233225,-0.8015817,0.09392376,0.6970675,0.27601177,-0.3401299,-0.3187159,-0.08830283,-0.48410282,0.3217343,0.3538187,-0.22884369,-0.27134988,-0.21803272,-0.18423954,-0.16611883,0.40693748,-0.27070853,-0.18254271,-0.2442777,0.65635574,0.15706968,0.38673156,0.0046290476,-0.16178347,-0.84461594,-0.5231217,-0.061690405,-0.23937424,-0.020863127,-0.15816206,-0.19384155,-0.09854406,-0.12293263,-0.04435018,-0.16030629,-0.19025579,0.7254437,0.78135437,0.85583186,0.21956173,-0.24871081,-0.27321717,-0.24773192,-0.25429586,0.019779963,-0.15101835,-0.25229007,-0.34705836,-0.23180571,0.002673841,-0.5560765,0.19125253,0.70164883,0.8797372,-0.00987165,-0.45951557,0.2814148,0.3883475,-0.17717151,-0.31305617,0.11804961,-0.23670578,-0.10017614,-0.37201396,-0.14400457,-0.3039654,-0.26499695,-0.081472844,0.07526624,0.7659333,0.14215152,0.6980579,0.47229487,0.27626535,-0.05997525,-0.3289552,0.07870125,-0.17945805
-0.66478467,0.43409717,0.41341817,0.41039884,0.4028389,0.30685133,0.46609664,0.40298238,0.4174782,0.7481309,0.58104265,0.9420578,0.6678364,0.27934122,0.34505823,0.50285804,0.5711323,0.4467343,0.4477402,0.4616937,0.44252402,0.51455504,-0.58960974,0.6883844,0.35771227,0.78248566,-0.7718663,-0.036746364,0.61086667,-0.86614645,-0.33749774,0.06895642,-0.015604351,0.4336155,0.43979585,0.42314562,0.46160662,0.39303446,0.3820771,0.43249887,0.44986546,0.48560977,0.5805259,0.4562377,0.24008247,-0.77616346,-0.4700075,-0.9060718,0.4113775,0.3763073,-0.34097332,0.45819587,0.4000644,0.39112383,0.37534717,0.39912573,0.4599778,0.3971877,0.20001638,0.24523199,0.7318458,0.5512665,0.15175575,0.04323443,0.3042598,0.18632849,0.33111048,0.39705878,0.3964846,0.31839818,0.47686273,0.5634803,-0.21613349,0.1904104,0.8022995,0.5289446,0.67112595,-0.7261002,-0.37318224,-0.109151185,0.4055949,0.33088642,-0.18443874,0.11730392,-0.68349016,-0.021256514,0.35825497,-0.8102541,0.39545447,0.33847374,-0.44477803,0.5566803,0.16236244,0.1333636,0.22438559,0.034902506,-0.71157527,-0.86492914,0.47857976,0.420083
-0.5747963,0.47802156,0.46791384,0.42754358,0.43389928,0.33547214,0.5595306,0.4429024,0.42620784,0.43097413,0.060815684,0.6678364,0.94507307,0.7047139,0.73994136,0.61425257,0.9188369,0.7463877,0.83169025,0.7064681,0.83048713,0.87009835,-0.03249447,0.64992106,-0.25199476,0.85191864,-0.717245,0.38910824,0.76853466,-0.612331,-0.6718104,-0.20630096,0.14376935,0.75183856,0.7577729,0.45995897,0.6939259,0.105226584,0.55841184,0.46638846,0.6205673,0.060460813,0.6508535,0.36502358,0.33877146,-0.83579516,0.08720751,-0.7084406,0.3059854,0.5170198,-0.55858827,0.53318095,0.4716638,0.38346443,0.36678207,0.25780326,0.54597557,0.45046034,-0.4024217,-0.26591033,0.20262396,0.7855438,0.6111206,0.5030509,0.69864494,0.5976926,0.09695028,0.8052504,0.76985073,0.68589604,0.8288975,0.7112061,0.2349717,-0.1929177,0.5292244,-0.03816302,0.8497641,-0.38008356,-0.62002313,-0.42299348,0.6816398,0.6609829,-0.22798376,0.5454347,-0.74292684,0.23810966,0.5098107,-0.62478006,0.571549,0.33586112,-0.5338682,0.047398,-0.07390373,-0.4009307,-0.06527862,0.007213665,-0.8539691,-0.7933347,0.2794388,0.50598794
-0.22795929,0.43324995,0.44018304,0.40866548,0.41939777,0.34264272,0.40473896,0.3888023,0.2953961,0.15271524,-0.25292772,0.27934122,0.7047139,0.96497107,0.9509666,0.4747099,0.703197,0.66565686,0.8849515,0.5314626,0.8166462,0.633739,0.4153213,0.35490486,-0.51120985,0.45867187,-0.5227901,0.44532585,0.55412257,-0.1435526,-0.57559836,-0.36000082,0.16668144,0.6394664,0.5107689,0.2707421,0.4801612,-0.18608066,0.527876,0.30822286,0.40892473,-0.31451365,0.22182308,-0.066600055,-0.0044776946,-0.5435591,0.28295055,-0.29519817,0.10520129,0.31163055,-0.48292056,0.46359026,0.3838389,0.37599897,0.33808893,0.0834538,0.5018756,0.37498146,-0.5405262,-0.4522321,-0.16696104,0.6414108,0.8779293,0.848964,0.93595386,0.9310508,-0.19277433,0.87093675,0.78339255,0.7218837,0.81453514,0.3945673,0.604511,-0.3479753,0.25130263,-0.38091645,0.63670063,0.12824434,-0.5076056,-0.4920941,0.48842382,0.5226761,-0.3199942,0.4711148,-0.5264119,0.22377393,0.3159342,-0.26808196,0.39418572,0.0407499,-0.37682915,-0.32562017,-0.15251987,-0.6290871,-0.44019526,-0.22733313,-0.6143131,-0.41028145,-0.03653966,0.2750743
-0.28634948,0.47980815,0.48596975,0.45444274,0.4604299,0.38732874,0.46313506,0.43925416,0.35935402,0.22609419,-0.21486284,0.34505823,0.73994136,0.9509666,0.9671922,0.5290632,0.7350709,0.70347595,0.89868855,0.5794713,0.847722,0.66056347,0.3679334,0.42158306,-0.46571591,0.50011355,-0.5703754,0.414064,0.6065962,-0.2111942,-0.5990163,-0.35164696,0.1750795,0.6711186,0.5380185,0.3349058,0.5123887,-0.14577276,0.5731987,0.3648309,0.46576238,-0.27019355,0.26969284,-0.04576279,0.010994036,-0.5999852,0.25972423,-0.35134393,0.17504527,0.36269784,-0.4981094,0.51191854,0.43245274,0.41851366,0.38567254,0.15067074,0.551764,0.42936584,-0.5130648,-0.44034588,-0.11497958,0.6430532,0.8373015,0.8024418,0.931919,0.92058027,-0.12203598,0.8585993,0.79267514,0.73679286,0.8452328,0.42893946,0.5680291,-0.30084744,0.2850669,-0.3457144,0.67615557,0.050584424,-0.5384239,-0.5056259,0.5017185,0.5496106,-0.34202173,0.4428023,-0.58504534,0.21806982,0.3475911,-0.34452543,0.43808365,0.08379923,-0.42987856,-0.28686634,-0.123044714,-0.6117068,-0.42905557,-0.2396813,-0.6615385,-0.4718815,0.039155457,0.331173
-0.44445828,0.8674591,0.8644916,0.8265458,0.8377559,0.830042,0.9148836,0.8584211,0.85962385,0.6820807,-0.170843,0.50285804,0.61425257,0.4747099,0.5290632,0.9556909,0.6675198,0.8699616,0.6567992,0.8737792,0.734022,0.66434073,0.110317566,0.8646313,-0.0851499,0.53168666,-0.5460176,0.13954173,0.8794737,-0.53559375,-0.6262812,-0.13567391,0.43699896,0.81837416,0.6818055,0.86872387,0.7124641,0.18484484,0.8273215,0.8451059,0.8637394,0.025941983,0.43785724,-0.040878512,0.190168,-0.7404027,0.20780131,-0.4930017,0.75577986,0.75784624,-0.22491619,0.899626,0.85593265,0.7743484,0.8327254,0.75186384,0.88900757,0.8466829,-0.3337003,-0.4860663,0.08579058,0.2288601,0.30911863,0.19860506,0.561468,0.3761448,0.5527829,0.50807995,0.7297113,0.7815989,0.76861846,0.6797544,0.38064277,0.2674768,0.21239737,-0.1864087,0.8120569,-0.43380454,-0.70498765,-0.43719327,0.6362351,0.70342314,-0.36412668,0.23659033,-0.66599596,0.4784798,0.6423147,-0.73341477,0.84811634,0.61254126,-0.65046847,-0.059363022,0.10131096,-0.47024822,-0.29319847,-0.48757344,-0.74520254,-0.62895495,0.6891741,0.7944878
-0.55506474,0.5046561,0.49222016,0.44447365,0.45242503,0.3768137,0.61907864,0.47905195,0.4722873,0.36697233,-0.09734371,0.5711323,0.9188369,0.703197,0.7350709,0.6675198,0.96370786,0.8169192,0.8490951,0.79021,0.8703607,0.9338046,0.085224204,0.6645964,-0.37937772,0.8217514,-0.6468854,0.45413187,0.8136176,-0.55562377,-0.76409066,-0.25066066,0.22449891,0.83319414,0.8486779,0.5338646,0.7627748,0.040746428,0.6105192,0.5232829,0.7089542,-0.037933774,0.6623013,0.3173688,0.37826872,-0.82219756,0.25838497,-0.6293564,0.34327817,0.60007715,-0.56990427,0.56657314,0.5159133,0.3938297,0.39357737,0.28862602,0.58024716,0.49109012,-0.54546154,-0.4177186,0.06912136,0.72502077,0.6160859,0.5034832,0.69879735,0.5882224,0.14667156,0.8144289,0.8222343,0.7625582,0.86558056,0.77446896,0.31490982,-0.19660842,0.39043826,-0.18385237,0.8711536,-0.34817562,-0.7034646,-0.49076456,0.7736937,0.77395684,-0.22751112,0.62890434,-0.7192783,0.37089247,0.5863044,-0.592776,0.6683606,0.42822868,-0.57563514,-0.08088482,-0.0981141,-0.5261645,-0.12669623,-0.043714095,-0.8544579,-0.7453757,0.30730328,0.5795214
-0.45732272,0.7259994,0.72737503,0.6715275,0.68801606,0.6818801,0.82398915,0.7287116,0.7256018,0.47576368,-0.27949822,0.4467343,0.7463877,0.66565686,0.70347595,0.8699616,0.8169192,0.9711913,0.8297758,0.9217435,0.87387025,0.80839497,0.2648996,0.7838209,-0.34211147,0.6007946,-0.57010275,0.32463577,0.9001089,-0.45789084,-0.76148903,-0.22368158,0.44154057,0.94417715,0.79608893,0.78297067,0.7681458,0.03558483,0.77040446,0.7192744,0.8618834,-0.10647571,0.46991813,-0.010690885,0.2127604,-0.7754735,0.34672463,-0.4687029,0.58938116,0.7315779,-0.44013336,0.7683872,0.7206763,0.6025733,0.66861093,0.5563506,0.8062571,0.72608674,-0.5510539,-0.59617525,-0.049329523,0.4130817,0.534049,0.42427236,0.7187948,0.5606601,0.34662002,0.7116099,0.87961066,0.91551095,0.896531,0.7261096,0.5036677,0.0065506166,0.19569801,-0.33399665,0.8643067,-0.3042903,-0.77165794,-0.51907015,0.744291,0.8186588,-0.34771323,0.43253136,-0.68635607,0.51827466,0.6521303,-0.63994575,0.8582008,0.5454175,-0.6968153,-0.23806018,-0.07450315,-0.64631,-0.38756347,-0.40527266,-0.80830634,-0.6212993,0.51728284,0.7491498
-0.38488036,0.55337834,0.5365188,0.50220084,0.52955157,0.44391954,0.5692592,0.50560284,0.4440621,0.31601888,-0.18921947,0.4477402,0.83169025,0.8849515,0.89868855,0.6567992,0.8490951,0.8297758,0.9654975,0.723091,0.8982464,0.7956544,0.29099008,0.5869566,-0.43344897,0.6323755,-0.61726403,0.48164213,0.7578894,-0.36341435,-0.67746526,-0.22730626,0.33374214,0.823365,0.71389675,0.48187262,0.682292,-5.2605756e-05,0.62489736,0.460105,0.6258646,-0.13085625,0.43239784,0.043030247,0.16533977,-0.73296773,0.25723103,-0.48098475,0.2687656,0.49817288,-0.54032946,0.58362085,0.50292414,0.45167783,0.45726758,0.23320334,0.62908906,0.4936351,-0.5552138,-0.49076882,-0.048318423,0.6790995,0.8164511,0.7327876,0.90170085,0.8144452,-0.00921939,0.91719615,0.90761995,0.8529269,0.90658665,0.6350565,0.57029337,-0.27544236,0.3210135,-0.31280676,0.8117557,-0.111557335,-0.621498,-0.4540373,0.6751087,0.7111059,-0.25401416,0.55233127,-0.6310736,0.3986609,0.53521967,-0.4835956,0.6136211,0.29471004,-0.52626896,-0.22232254,-0.19416285,-0.6066792,-0.34716663,-0.23986733,-0.7735331,-0.5916653,0.18553987,0.49371812
-0.5207642,0.70058453,0.71226776,0.64408153,0.65591055,0.67058825,0.8691362,0.7253585,0.7698513,0.51117134,-0.2696237,0.4616937,0.7064681,0.5314626,0.5794713,0.8737792,0.79021,0.9217435,0.723091,0.9716065,0.81124055,0.8142718,0.16167825,0.820291,-0.29117325,0.62871367,-0.527727,0.277842,0.9163662,-0.5347084,-0.7881106,-0.22106124,0.41419226,0.9075717,0.8304256,0.86454976,0.8157886,0.09491661,0.7844305,0.78391683,0.9354532,-0.061080877,0.5588997,0.105336905,0.33995712,-0.77732784,0.37656456,-0.4922964,0.6918957,0.8445075,-0.40348104,0.7561339,0.7311831,0.58100414,0.6530133,0.6357368,0.77861834,0.7379147,-0.5309174,-0.5746101,-0.018419113,0.3280083,0.38259572,0.25988626,0.5809109,0.41064626,0.50780964,0.5982816,0.78491104,0.8281262,0.8319448,0.76864994,0.36397052,0.09366989,0.16154335,-0.28789118,0.8561853,-0.4372618,-0.81448936,-0.5294369,0.7547477,0.83962804,-0.324417,0.4098124,-0.6965195,0.5200685,0.70675766,-0.689041,0.9163766,0.65363514,-0.71725273,-0.16770515,0.011547569,-0.59684813,-0.272367,-0.31995896,-0.80230963,-0.6543336,0.6515156,0.8505
-0.4499414,0.62236917,0.6384487,0.5849619,0.5832428,0.5424999,0.7010908,0.6117602,0.5810416,0.37236148,-0.26714128,0.44252402,0.83048713,0.8166462,0.847722,0.734022,0.8703607,0.87387025,0.8982464,0.81124055,0.96771455,0.83791226,0.29055044,0.64132094,-0.45532218,0.64940774,-0.6147177,0.39687392,0.81327105,-0.39480913,-0.7657119,-0.38300085,0.24076468,0.84141743,0.7486184,0.5847802,0.7013308,-0.08918508,0.7213891,0.59667116,0.7121305,-0.22768,0.46647346,0.08235964,0.19891545,-0.75115633,0.35373175,-0.46690544,0.42209023,0.6106733,-0.5054797,0.68103886,0.6268827,0.5332471,0.53244054,0.38469714,0.70139337,0.6184075,-0.59277713,-0.5382795,-0.07791504,0.5945622,0.67856205,0.5892806,0.82454294,0.7289517,0.15300035,0.81646454,0.8583655,0.834656,0.9597031,0.64022434,0.4858647,-0.14233921,0.27273625,-0.34270164,0.84981906,-0.17923272,-0.7427956,-0.61477983,0.681231,0.7275349,-0.39458266,0.5053031,-0.7233078,0.33882082,0.52480596,-0.52959245,0.6807349,0.33825022,-0.6005802,-0.24803962,-0.033784885,-0.66848606,-0.36675113,-0.24880204,-0.8122971,-0.6258353,0.30903077,0.5801505
-0.53598315,0.48156148,0.4760437,0.4175765,0.42262393,0.3586907,0.6311258,0.46898007,0.47971213,0.32341993,-0.16233225,0.51455504,0.87009835,0.633739,0.66056347,0.66434073,0.9338046,0.80839497,0.7956544,0.8142718,0.83791226,0.9572524,0.096791066,0.6617641,-0.41125304,0.7969668,-0.5566562,0.4606403,0.8098612,-0.53171015,-0.7924768,-0.26306987,0.2312035,0.8336799,0.8886384,0.56673133,0.7923101,0.037859082,0.61623466,0.5500356,0.74921393,-0.06909464,0.70128834,0.35004693,0.4558097,-0.78604114,0.34894353,-0.5811824,0.36622757,0.65693736,-0.5277056,0.54989386,0.5152364,0.3685621,0.37264287,0.3031593,0.55698955,0.49197513,-0.59830046,-0.4609546,0.01569555,0.6590531,0.54838324,0.4322374,0.6281837,0.5042324,0.21875831,0.7573075,0.7878592,0.7405253,0.8305344,0.79954374,0.28634033,-0.17889,0.30672765,-0.23160845,0.85187554,-0.36097902,-0.7319031,-0.5079295,0.8068894,0.80986387,-0.1916991,0.6689321,-0.67847663,0.41391915,0.62967557,-0.56527257,0.70854855,0.5011283,-0.56267613,-0.10240133,-0.07229906,-0.54802537,-0.07587994,0.010271872,-0.81978464,-0.71329147,0.34608582,0.63049215
0.3823012,0.12454707,0.15469058,0.1155052,0.13963293,0.19418734,0.08734707,0.1333397,0.06557223,-0.44273472,-0.8015817,-0.58960974,-0.03249447,0.4153213,0.3679334,0.110317566,0.085224204,0.2648996,0.29099008,0.16167825,0.29055044,0.096791066,0.92018354,-0.17160851,-0.7112038,-0.3412047,0.27318168,0.35755643,0.030166144,0.6027174,-0.21537083,-0.29566857,0.2850323,0.24948499,0.1076398,0.04942094,0.06985709,-0.45017317,0.1936254,0.024692051,0.094824046,-0.6792079,-0.3199566,-0.5451525,-0.19181997,0.20518526,0.6849741,0.542871,-0.098024905,0.06318793,-0.03553786,0.12364475,0.11606875,0.095475316,0.12873709,-0.089011654,0.15863484,0.12481609,-0.64564997,-0.6993853,-0.81000173,-0.08739176,0.4567271,0.5122958,0.41952175,0.456177,-0.2919988,0.2913083,0.33825696,0.39449555,0.2701189,-0.099072784,0.7244223,-0.33389446,-0.5719999,-0.8596895,-0.0040764883,0.6668661,-0.16733643,-0.3028238,0.10392487,0.22389305,-0.12360759,0.23130485,0.1529764,0.33373833,0.053312473,0.40050158,0.14104344,-0.12370165,-0.033994302,-0.8306251,-0.262133,-0.6796643,-0.61838984,-0.37062287,0.09617783,0.39959753,-0.27446365,0.011527661
-0.6102452,0.7526524,0.73255265,0.70393205,0.7177656,0.6952017,0.8315424,0.7558893,0.77863574,0.7621914,0.09392376,0.6883844,0.64992106,0.35490486,0.42158306,0.8646313,0.6645964,0.7838209,0.5869566,0.820291,0.64132094,0.6617641,-0.17160851,0.93668824,0.1117578,0.66315734,-0.61598134,0.10552904,0.8832864,-0.7388581,-0.57760954,0.03287142,0.3735556,0.7554959,0.6925547,0.835212,0.7322972,0.37171632,0.7155503,0.7693888,0.8259002,0.2898087,0.5768597,0.16361281,0.30711913,-0.815519,-0.02279314,-0.6862877,0.7291315,0.7256094,-0.3188848,0.7751469,0.71948814,0.65231055,0.71890914,0.707288,0.7962147,0.73987776,-0.16399848,-0.27497768,0.3318568,0.29295963,0.19443958,0.06433842,0.43933016,0.23710623,0.59362507,0.45326012,0.6431143,0.6722892,0.6870029,0.7515974,0.16331062,0.27314132,0.38802314,0.067317285,0.8229182,-0.66662675,-0.63830405,-0.28271753,0.63266104,0.66939783,-0.23096247,0.20185888,-0.67581993,0.42334986,0.6766161,-0.86332214,0.811419,0.67607796,-0.68483317,0.1816223,0.0735922,-0.25479984,-0.08229662,-0.32192773,-0.7704562,-0.7585682,0.7482989,0.792497
-0.094682835,0.00082698837,-0.030831143,0.024411619,0.017935663,0.00041107833,-0.089710474,-0.018564735,0.01437237,0.47374964,0.6970675,0.35771227,-0.25199476,-0.51120985,-0.46571591,-0.0851499,-0.37937772,-0.34211147,-0.43344897,-0.29117325,-0.45532218,-0.41125304,-0.7112038,0.1117578,0.91171885,-0.03897752,-0.12292365,-0.5100697,-0.15125355,-0.36868227,0.46694767,0.44985706,-0.10480399,-0.36343646,-0.3721105,-0.023998998,-0.26537997,0.48280013,-0.18602097,-0.009110298,-0.19926602,0.64827156,-0.044500478,0.11376506,-0.1111057,0.020733403,-0.7623702,-0.29443657,0.1465993,-0.19004174,0.31447837,-0.0416174,-0.03733551,0.053539805,0.065186486,0.20089012,-0.06438254,-0.039659835,0.80853385,0.6595953,0.7013475,-0.22598568,-0.54636776,-0.55500853,-0.45482445,-0.49160117,0.30797064,-0.46742278,-0.4194947,-0.42063698,-0.40430537,-0.12353082,-0.5299257,0.52185315,0.37213522,0.75287163,-0.17489833,-0.46209428,0.34920225,0.47564352,-0.3218559,-0.40470567,0.101068646,-0.5231528,0.051515836,-0.26547343,-0.15635075,-0.2843066,-0.20441851,0.04473802,0.13962045,0.7315557,0.27563068,0.73072433,0.38698286,-0.005325526,0.12814489,-0.13196456,0.27717707,-0.09569736
-0.6766997,0.3834777,0.36526287,0.3365133,0.32651222,0.22067437,0.5070403,0.35554138,0.38125247,0.5134598,0.27601177,0.78248566,0.85191864,0.45867187,0.50011355,0.53168666,0.8217514,0.6007946,0.6323755,0.62871367,0.64940774,0.7969668,-0.3412047,0.66315734,-0.03897752,0.92632276,-0.69333494,0.27725795,0.7098869,-0.7749618,-0.59206903,-0.102988355,0.045392103,0.62287974,0.7224175,0.4362878,0.6619222,0.2374707,0.4580306,0.4475579,0.59023523,0.24318203,0.7690625,0.5818641,0.47717887,-0.82174873,-0.06467054,-0.831963,0.31867328,0.5173975,-0.49579525,0.44372338,0.39694282,0.30447283,0.27963674,0.2753874,0.4370903,0.3735546,-0.19533,-0.049851708,0.42915857,0.7293131,0.3614357,0.23941907,0.44329002,0.32603952,0.24244079,0.61249256,0.5820161,0.483426,0.6489568,0.7427865,-0.059541136,-0.0618608,0.6228204,0.20316114,0.78579915,-0.60633594,-0.550786,-0.306567,0.64211595,0.5908671,-0.122321896,0.48924482,-0.7111211,0.16658375,0.4999804,-0.6879374,0.5101963,0.4145291,-0.47881317,0.30779725,0.0504145,-0.15690434,0.1961983,0.19074959,-0.8016491,-0.86804044,0.37092966,0.5122241
0.5234641,-0.48145196,-0.5065197,-0.46531695,-0.44669443,-0.39223075,-0.5141716,-0.4564557,-0.45413014,-0.6528011,-0.3401299,-0.7718663,-0.717245,-0.5227901,-0.5703754,-0.5460176,-0.6468854,-0.57010275,-0.61726403,-0.527727,-0.6147177,-0.5566562,0.27318168,-0.61598134,-0.12292365,-0.69333494,0.892598,0.11391133,-0.6168505,0.674207,0.45486107,0.19741064,0.06344629,-0.52802944,-0.4175207,-0.40481335,-0.3810601,-0.06351824,-0.46267998,-0.46253896,-0.4634092,-0.14024416,-0.36287954,-0.19682616,0.031999804,0.7973694,0.27105227,0.7628535,-0.39845896,-0.3423205,0.32866576,-0.5318256,-0.48189068,-0.43614823,-0.41280457,-0.38079154,-0.5254176,-0.467398,-0.033963118,-0.09107599,-0.52685654,-0.5844717,-0.3703866,-0.27240783,-0.5166233,-0.43783277,-0.2186526,-0.5364345,-0.53380126,-0.4616163,-0.6352867,-0.46058074,0.0077655623,-0.16770324,-0.72532177,-0.31327575,-0.7010956,0.45378032,0.5051445,0.34127754,-0.42671233,-0.3665448,0.4547763,-0.16053236,0.7834636,0.083208956,-0.21209069,0.7106749,-0.40565205,-0.18973872,0.46645164,-0.29044366,-0.213054,0.15051702,0.10113464,0.15897876,0.79605114,0.80612403,-0.34222043,-0.34872067
-0.012973775,0.055964317,-0.0282819,-0.037016492,0.03646084,-0.09789218,0.04457959,-0.030310614,-0.09199186,-0.27948844,-0.3187159,-0.036746364,0.38910824,0.44532585,0.414064,0.13954173,0.45413187,0.32463577,0.48164213,0.277842,0.39687392,0.4606403,0.35755643,0.10552904,-0.5100697,0.27725795,0.11391133,0.87727946,0.29299343,0.069394924,-0.25057048,0.11877796,0.39079332,0.38707995,0.53725076,0.06707733,0.5378473,0.2320574,0.17734775,-0.044962674,0.23948433,0.003123154,0.4658974,0.20223883,0.5495491,-0.1520342,0.4425987,0.0042101936,-0.2131562,0.23954514,-0.302783,0.03449672,-0.046059914,-0.057274617,-0.033830695,-0.27026603,0.06241197,-0.05351974,-0.6344172,-0.5188135,-0.40109295,0.38712892,0.55280566,0.50803614,0.45214874,0.4095081,-0.30003184,0.5589275,0.47162706,0.42013812,0.38001442,0.39262673,0.4697762,-0.66699374,-0.18031213,-0.5119799,0.29921746,0.12647815,-0.09502199,-0.016598769,0.3784737,0.441221,0.43257505,0.57284534,0.036368772,0.47298658,0.51985383,0.058777995,0.25670433,0.1822496,-0.07085627,-0.30566835,-0.5552653,-0.32746673,0.07246047,0.25462252,-0.15282924,-0.055194624,-0.15511289,0.23732798
-0.58606625,0.7338442,0.7173625,0.67274487,0.69241846,0.65904665,0.84177685,0.72604907,0.7448529,0.62113297,-0.08830283,0.61086667,0.76853466,0.55412257,0.6065962,0.8794737,0.8136176,0.9001089,0.7578894,0.9163662,0.81327105,0.8098612,0.030166144,0.8832864,-0.15125355,0.7098869,-0.6168505,0.29299343,0.9606536,-0.650231,-0.70863706,-0.093374535,0.42990226,0.8825118,0.8218332,0.830968,0.83801883,0.25446874,0.76144373,0.7476301,0.8881533,0.11761409,0.6267801,0.16827567,0.36791503,-0.852329,0.19432539,-0.62859154,0.6635686,0.78829074,-0.43213886,0.7690521,0.71670276,0.6082462,0.67407686,0.6157681,0.7894149,0.72358316,-0.41062638,-0.45936227,0.13856116,0.42146498,0.40866965,0.27488598,0.6134525,0.43256405,0.46557504,0.63829076,0.79558307,0.8099999,0.841502,0.8061426,0.3236562,0.07828138,0.31321204,-0.1462029,0.90751463,-0.5304339,-0.7341387,-0.4192611,0.7368784,0.79347587,-0.24981847,0.38580585,-0.7217593,0.4924881,0.73927236,-0.7822664,0.87058395,0.64442146,-0.71501714,-0.01317187,-0.036422316,-0.46420693,-0.18581383,-0.28714946,-0.845926,-0.7501995,0.6519469,0.82456553
0.6692089,-0.40791494,-0.3865998,-0.36525357,-0.35957333,-0.30221975,-0.52412003,-0.39482415,-0.46092576,-0.74006414,-0.48410282,-0.86614645,-0.612331,-0.1435526,-0.2111942,-0.53559375,-0.55562377,-0.45789084,-0.36341435,-0.5347084,-0.39480913,-0.53171015,0.6027174,-0.7388581,-0.36868227,-0.7749618,0.674207,0.069394924,-0.650231,0.95213807,0.3793972,-0.10271074,-0.035255853,-0.45954537,-0.51856375,-0.5277071,-0.52857876,-0.45205072,-0.41484648,-0.5184082,-0.56221443,-0.521257,-0.67078173,-0.4992272,-0.35456765,0.78863424,0.34397092,0.89371955,-0.508187,-0.4900412,0.2741199,-0.44749063,-0.41570368,-0.3414715,-0.34973806,-0.46635315,-0.4325497,-0.40327406,-0.1408443,-0.1705865,-0.6649268,-0.41174433,-0.011407665,0.122425646,-0.1708536,-0.02420853,-0.515589,-0.2843601,-0.345442,-0.30231687,-0.4284343,-0.6439731,0.2893076,-0.28405976,-0.64789224,-0.4838658,-0.65946966,0.8537487,0.4277962,0.10877834,-0.46448845,-0.41146708,0.12667567,-0.13251796,0.65957826,-0.07285699,-0.44521236,0.85872066,-0.5035168,-0.5111129,0.46022943,-0.56971425,-0.20123097,-0.11922744,-0.2966899,-0.068122014,0.7094382,0.8773707,-0.61418307,-0.5429652
0.5091743,-0.45113638,-0.49520075,-0.43881226,-0.40540916,-0.41809285,-0.6562083,-0.5146481,-0.5439064,-0.28326288,0.3217343,-0.33749774,-0.6718104,-0.57559836,-0.5990163,-0.6262812,-0.76409066,-0.76148903,-0.67746526,-0.7881106,-0.7657119,-0.7924768,-0.21537083,-0.57760954,0.46694767,-0.59206903,0.45486107,-0.25057048,-0.70863706,0.3793972,0.8927516,0.44070256,-0.13054797,-0.76272535,-0.7378676,-0.5930053,-0.66432416,0.1801584,-0.6365226,-0.60609484,-0.7495738,0.2729,-0.47712183,-0.14873691,-0.2583946,0.6494551,-0.43045032,0.39968753,-0.43771327,-0.65230316,0.51607436,-0.5340531,-0.5333519,-0.37496725,-0.3824747,-0.3778965,-0.5577669,-0.55576885,0.58656204,0.5085568,0.09531643,-0.4077358,-0.45106575,-0.34354845,-0.5602455,-0.45708406,-0.30881473,-0.60338473,-0.69097376,-0.68257415,-0.7495464,-0.63207185,-0.27384907,0.010519873,-0.1594404,0.307046,-0.7266137,0.24391508,0.85093284,0.6509203,-0.7297038,-0.77122295,0.3666958,-0.5199901,0.6223613,-0.33888525,-0.50159574,0.4652786,-0.6966585,-0.48998004,0.6009457,0.25554004,-0.076558605,0.6670004,0.2567572,0.15790348,0.7117001,0.55332816,-0.3638318,-0.6003671
0.1376941,-0.15346906,-0.28858706,-0.2489923,-0.13791281,-0.20536613,-0.27067882,-0.24596694,-0.24761942,0.009616844,0.3538187,0.06895642,-0.20630096,-0.36000082,-0.35164696,-0.13567391,-0.25066066,-0.22368158,-0.22730626,-0.22106124,-0.38300085,-0.26306987,-0.29566857,0.03287142,0.44985706,-0.102988355,0.19741064,0.11877796,-0.093374535,-0.10271074,0.44070256,0.92555135,0.4206059,-0.14457563,-0.072880425,-0.057613507,0.0037013683,0.64684725,-0.30861115,-0.2698098,-0.14119756,0.716676,0.086710975,0.019364163,0.18741322,0.111253045,-0.39042684,-0.05823964,-0.17203906,-0.17129597,0.14122109,-0.25875515,-0.31366238,-0.24205673,-0.11857031,-0.15792388,-0.20171879,-0.31823635,0.31881738,0.20548025,0.22284806,-0.14700133,-0.20134285,-0.21063364,-0.26256323,-0.32771748,-0.043802842,-0.18065155,-0.1542508,-0.14537248,-0.32539856,0.071092635,-0.049263086,-0.07161549,-0.014211982,0.25988325,-0.17950341,-0.21589933,0.49812895,0.78157,-0.09660262,-0.114470854,0.652809,-0.12301394,0.37876707,0.28955936,0.20654505,-0.05164364,-0.0603255,0.17912886,0.16450773,0.31892985,-0.44109994,0.50518835,0.31944636,0.06617459,0.23985842,0.1031977,0.059691418,-0.006408131
0.10390054,0.3667697,0.26598132,0.24366607,0.37154162,0.328664,0.28666228,0.27497458,0.2522447,0.05005136,-0.22884369,-0.015604351,0.14376935,0.16668144,0.1750795,0.43699896,0.22449891,0.44154057,0.33374214,0.41419226,0.24076468,0.2312035,0.2850323,0.3735556,-0.10480399,0.045392103,0.06344629,0.39079332,0.42990226,-0.035255853,-0.13054797,0.4206059,0.8202725,0.49202418,0.41535535,0.4642499,0.47333574,0.3449977,0.22999752,0.19429128,0.43233168,0.21576929,0.15176377,-0.23866394,0.18899794,-0.19882175,0.19907069,0.00048614386,0.20043115,0.3482949,-0.009181468,0.2932699,0.21481237,0.21208102,0.3730267,0.18014455,0.34964374,0.21161476,-0.31912944,-0.48505592,-0.21400228,-0.040003665,0.25397474,0.20671552,0.29669997,0.1506545,0.08202443,0.2954733,0.46535033,0.53158015,0.29766017,0.40729702,0.528885,-0.177919,-0.21805331,-0.35491383,0.2996858,-0.05335125,-0.065779544,0.21184024,0.35620266,0.46438813,0.31171608,0.19756326,0.07067894,0.69892037,0.5885634,-0.20306468,0.5360356,0.42426515,-0.2038431,-0.23476622,-0.52620405,-0.2192451,-0.15925744,-0.30695003,-0.15301278,-0.01798098,0.27932838,0.48390085
-0.4405668,0.64315486,0.6231934,0.57010305,0.6029467,0.57636404,0.75193787,0.6345533,0.63263816,0.40471256,-0.27134988,0.4336155,0.75183856,0.6394664,0.6711186,0.81837416,0.83319414,0.94417715,0.823365,0.9075717,0.84141743,0.8336799,0.24948499,0.7554959,-0.36343646,0.62287974,-0.52802944,0.38707995,0.8825118,-0.45954537,-0.76272535,-0.14457563,0.49202418,0.96535754,0.8436525,0.74438775,0.79870915,0.07987252,0.7052938,0.64728504,0.8539903,-0.059832327,0.51457703,0.035541765,0.27890098,-0.771646,0.35382855,-0.47640544,0.5071058,0.7140539,-0.4633958,0.67939556,0.6291754,0.50029105,0.5755342,0.457595,0.7242547,0.63253844,-0.58084416,-0.592649,-0.05804854,0.44730505,0.55257154,0.4384904,0.6898343,0.5288402,0.30580527,0.73400396,0.8899597,0.91236174,0.8638402,0.7796244,0.49676353,-0.07224294,0.18291199,-0.3302971,0.8511932,-0.31005263,-0.7417965,-0.44592208,0.8071567,0.87022483,-0.23185393,0.52894557,-0.62336904,0.59421885,0.7015911,-0.6086767,0.86453223,0.5964761,-0.65968764,-0.22638568,-0.15845504,-0.6290766,-0.31753322,-0.32341042,-0.79213405,-0.6125556,0.4716676,0.743513
-0.49625254,0.4770835,0.44101524,0.39740896,0.42564172,0.3594796,0.6321857,0.4601568,0.48397934,0.2959041,-0.21803272,0.43979585,0.7577729,0.5107689,0.5380185,0.6818055,0.8486779,0.79608893,0.71389675,0.8304256,0.7486184,0.8886384,0.1076398,0.6925547,-0.3721105,0.7224175,-0.4175207,0.53725076,0.8218332,-0.51856375,-0.7378676,-0.072880425,0.41535535,0.8436525,0.9445299,0.6404518,0.867602,0.20350377,0.5968437,0.5534781,0.80275583,0.052540965,0.73638713,0.3174063,0.5718105,-0.7301334,0.3865564,-0.5151566,0.39224443,0.71259606,-0.48142564,0.5224361,0.485438,0.33963528,0.3827989,0.31932697,0.5418675,0.4701454,-0.6244701,-0.54935235,-0.05716859,0.5004846,0.4573468,0.33545935,0.5375593,0.3777337,0.2886901,0.6749557,0.7633965,0.7452932,0.7508032,0.8578215,0.31893736,-0.18241413,0.1525177,-0.28922158,0.8114956,-0.40917325,-0.6722774,-0.3623656,0.8283967,0.86564565,-0.005171897,0.6560817,-0.5396434,0.6052302,0.77395123,-0.55821323,0.7854086,0.65393686,-0.556079,-0.1176237,-0.19920552,-0.5086411,-0.022360433,-0.011661868,-0.7322351,-0.6323458,0.42944884,0.7237655
-0.44900745,0.7494664,0.7636659,0.7102764,0.71948195,0.7798377,0.889078,0.7956623,0.8636726,0.6377491,-0.18423954,0.42314562,0.45995897,0.2707421,0.3349058,0.86872387,0.5338646,0.78297067,0.48187262,0.86454976,0.5847802,0.56673133,0.04942094,0.835212,-0.023998998,0.4362878,-0.40481335,0.06707733,0.830968,-0.5277071,-0.5930053,-0.057613507,0.4642499,0.74438775,0.6404518,0.96051973,0.69866836,0.23905922,0.746491,0.82671374,0.8921686,0.08314375,0.4263871,-0.006807871,0.2622269,-0.6395788,0.23894559,-0.4058584,0.8504759,0.83808804,-0.19022633,0.7798124,0.761513,0.6496256,0.7597718,0.81195855,0.79154223,0.7998168,-0.29611185,-0.46515682,0.06697362,0.0227407,0.10428042,-0.011202147,0.364605,0.17112742,0.70688593,0.31556576,0.58218944,0.67154783,0.6240511,0.64498603,0.25255126,0.3253886,0.07741819,-0.16644044,0.70784056,-0.5261065,-0.6879318,-0.36478162,0.57657903,0.682564,-0.29816034,0.124559686,-0.5682343,0.49786067,0.6674839,-0.7107738,0.89647603,0.70610225,-0.6789209,-0.05439289,0.089655265,-0.40835023,-0.24359095,-0.4402201,-0.62958336,-0.54015815,0.8408754,0.89101106
