0,1,2,3,4,5,6,7,8,9,10,11,12,13,14,15,16,17,18,19,20,21,22,23,24,25,26,27,28,29,30,31,32,33,34,35,36,37,38,39,40,41,42,43,44,45,46,47,48,49,50,51,52,53,54,55,56,57,58,59,60,61,62,63,64,65,66,67,68,69,70,71,72,73,74,75,76,77,78,79,80,81,82,83,84,85,86,87,88,89,90,91,92,93,94,95,96,97,98,99
0.96801174,0.94893193,0.9558072,0.8599807,0.83018625,0.8518102,0.918854,0.69146657,0.3264648,0.9637368,0.93363327,0.9321786,0.70682704,-0.38990837,-0.20619512,0.9304528,0.58589566,-0.061957013,-0.09514147,-0.19268878,-0.05795175,0.39918408,-0.4536056,0.8807709,0.92356914,0.89921725,-0.82997566,-0.8963438,-0.3820015,-0.256287,-0.59670806,0.49095494,-0.2383308,-0.1345073,-0.74946445,-0.1504404,-0.4928063,0.671446,-0.6889022,0.9302212,0.5609189,0.8553264,0.42194706,-0.1470404,-0.34839678,-0.89933777,-0.91438884,-0.93106186,0.7624675,-0.07504483,0.88725984,0.8716327,0.6841208,0.6538574,0.66220164,0.6176446,-0.32278562,-0.27498704,-0.9153843,-0.9358065,-0.83553106,-0.5440753,0.124233395,0.6860643,0.721136,0.26695436,-0.37018776,-0.24152526,-0.104765944,-0.038187362,0.10875508,-0.7742862,0.29876974,-0.71613204,-0.5784011,-0.54008365,-0.44849813,-0.39937562,-0.019011848,0.9195758,-0.30663434,-0.05699437,-0.54763305,-0.8317541,-0.854763,-0.20335877,-0.2691062,-0.91843635,-0.3376785,-0.36483812,-0.050275445,0.28941333,-0.78473955,0.17123312,-0.8440882,-0.46213144,-0.8850762,-0.35037047,0.27605295,-0.2626735
0.94893193,0.9784517,0.97236997,0.91102654,0.8861282,0.90038097,0.9561304,0.75496095,0.37236866,0.966483,0.933227,0.9262471,0.7214672,-0.39488733,-0.22477643,0.95155185,0.6020038,-0.0450874,-0.0817139,-0.19841868,-0.06529955,0.42660338,-0.46235758,0.90869355,0.9252858,0.89337885,-0.8205644,-0.90642494,-0.38649833,-0.26886034,-0.63136685,0.5166594,-0.23412666,-0.11652413,-0.7362244,-0.12127179,-0.48497415,0.69241357,-0.6847886,0.9576651,0.60901433,0.8603082,0.43657297,-0.15419152,-0.36443818,-0.90776575,-0.898934,-0.930004,0.79168904,-0.04919053,0.9092066,0.9049308,0.73309886,0.71727926,0.7152433,0.6584971,-0.29968286,-0.2508074,-0.88488674,-0.9056243,-0.8167589,-0.55057406,0.11536704,0.68359774,0.7221021,0.25730255,-0.36160368,-0.25892836,-0.12033227,-0.02768362,0.11208072,-0.77377915,0.29335034,-0.7107681,-0.58738333,-0.507933,-0.46115583,-0.40973908,-0.0380553,0.9217954,-0.32526,-0.05765441,-0.56202245,-0.83699346,-0.8690694,-0.21493101,-0.2698034,-0.92681533,-0.33544552,-0.37319225,-0.017677806,0.31777442,-0.7638047,0.19483575,-0.8326956,-0.4801805,-0.8981024,-0.37091315,0.31888834,-0.25585622
0.9558072,0.97236997,0.9822854,0.88418657,0.8519474,0.86776924,0.9365809,0.70901835,0.31446844,0.9721752,0.95394033,0.9461302,0.75116444,-0.44736266,-0.27168134,0.9377068,0.57491535,-0.10453397,-0.13757525,-0.2545943,-0.12075679,0.44749004,-0.5110896,0.8880374,0.93320197,0.91695434,-0.79782856,-0.8872314,-0.4358151,-0.31524944,-0.589981,0.48176044,-0.29367262,-0.1716128,-0.7147032,-0.17686728,-0.5297395,0.64364487,-0.71883345,0.9422068,0.5595228,0.87518704,0.47557378,-0.100176826,-0.30926844,-0.89177877,-0.92391956,-0.94055545,0.77257717,-0.103297606,0.9153536,0.8895372,0.7055967,0.6750995,0.67022014,0.62208176,-0.36217833,-0.31382388,-0.90256727,-0.92326105,-0.84760904,-0.5944333,0.06745026,0.6515359,0.6904367,0.2078904,-0.41844624,-0.3043232,-0.17063552,-0.08853873,0.054679453,-0.8013942,0.24860576,-0.7554567,-0.63199073,-0.48051095,-0.5044536,-0.45277792,0.016557649,0.9397438,-0.37168813,-0.11642924,-0.51369613,-0.80900705,-0.8455404,-0.258328,-0.3203406,-0.9121971,-0.39161456,-0.4239961,0.0056908512,0.35514182,-0.76776063,0.23541443,-0.813092,-0.42817712,-0.88106567,-0.40363002,0.2758163,-0.31013307
0.8599807,0.91102654,0.88418657,0.9586605,0.948749,0.95079416,0.9513623,0.878266,0.5684756,0.8830117,0.8137305,0.8110204,0.6068058,-0.20600286,-0.06670526,0.93583226,0.66780865,0.17223772,0.11785945,-0.00829684,0.11318779,0.35403168,-0.27822983,0.92241263,0.83992195,0.7690749,-0.83606535,-0.9052757,-0.20401444,-0.11651866,-0.7213193,0.59671533,-0.005696918,0.103734955,-0.73967063,0.1003741,-0.30462766,0.7984766,-0.51379013,0.9393394,0.7625023,0.76941097,0.3004399,-0.31256872,-0.49997106,-0.89834315,-0.7670263,-0.84113145,0.82577324,0.16576374,0.84468585,0.9098137,0.8138794,0.84990203,0.84145683,0.76784337,-0.06846731,-0.018594304,-0.77258724,-0.7932851,-0.68345225,-0.39687976,0.23542,0.7194779,0.7652844,0.39109302,-0.15070096,-0.11536629,0.03234029,0.17193015,0.28996956,-0.65993905,0.39819854,-0.5317199,-0.42737964,-0.55001116,-0.30125836,-0.2694291,-0.20635056,0.81472814,-0.17256904,0.12828384,-0.67503905,-0.87759185,-0.89651996,-0.08653912,-0.079615936,-0.9101331,-0.12633437,-0.19327833,-0.05370859,0.19402075,-0.69100523,0.070495486,-0.84346616,-0.6171416,-0.9000821,-0.27256045,0.4791066,-0.046803042
0.83018625,0.8861282,0.8519474,0.948749,0.9606067,0.95622396,0.93774295,0.90581584,0.6244432,0.8502292,0.7710844,0.7693229,0.5624646,-0.1375936,-0.0007633569,0.9179804,0.6969367,0.23539063,0.18129776,0.049131826,0.17374209,0.29636574,-0.21400379,0.92159605,0.8009261,0.71896183,-0.84117013,-0.90275806,-0.1351141,-0.052685875,-0.74906945,0.57778007,0.034231953,0.16624439,-0.75579023,0.16582486,-0.23014918,0.81720465,-0.46439773,0.92373276,0.80403614,0.722348,0.23678663,-0.36957124,-0.5438429,-0.89003015,-0.7271491,-0.81112325,0.82683635,0.23132488,0.8266344,0.9088082,0.8338443,0.87682974,0.87360775,0.80343854,-0.0096416,0.039377213,-0.7369257,-0.7488451,-0.6300566,-0.33555967,0.29020378,0.7373318,0.7862955,0.44130462,-0.08743565,-0.048077434,0.09204388,0.22263932,0.3383683,-0.6120819,0.4477491,-0.4732036,-0.36335343,-0.57938945,-0.2353701,-0.20794332,-0.2661615,0.7709808,-0.11021893,0.18324651,-0.70918536,-0.88266724,-0.89434624,-0.027531676,-0.006148108,-0.90158284,-0.069875784,-0.12552431,-0.080062374,0.13624054,-0.6652766,0.0072659897,-0.8480818,-0.6612067,-0.89164615,-0.22231492,0.53063107,0.018433735
0.8518102,0.90038097,0.86776924,0.95079416,0.95622396,0.97364247,0.9510838,0.9091273,0.6395047,0.8640518,0.7852589,0.7744962,0.58636355,-0.13706227,-0.0035750822,0.93469626,0.74637735,0.24318254,0.2029621,0.03807168,0.17096071,0.29068068,-0.21855432,0.95144534,0.80119574,0.7221365,-0.87596405,-0.9373591,-0.1314348,-0.06586224,-0.7322352,0.5571897,0.044086285,0.18564957,-0.7764925,0.18499768,-0.22388387,0.8183869,-0.4516769,0.94037724,0.8223963,0.72707236,0.24022137,-0.35950983,-0.5353873,-0.9284079,-0.7562425,-0.8450884,0.8685318,0.24742639,0.85526705,0.939057,0.86235976,0.8902123,0.89171267,0.84306437,-0.0148594,0.03502301,-0.76068366,-0.7627919,-0.6575072,-0.35675743,0.28121328,0.74124277,0.79120994,0.43506962,-0.08889007,-0.049799576,0.08676117,0.21011478,0.33080596,-0.64240915,0.44518125,-0.485175,-0.37180072,-0.5930111,-0.2340861,-0.22447217,-0.24590123,0.7780938,-0.117735684,0.17100745,-0.71543443,-0.9160464,-0.9276794,-0.045558322,0.009201463,-0.9356406,-0.07369183,-0.125783,-0.07348596,0.13358477,-0.66301537,0.0024920246,-0.88425994,-0.6589339,-0.92745084,-0.25095892,0.57452947,0.033136893
0.918854,0.9561304,0.9365809,0.9513623,0.93774295,0.9510838,0.97969675,0.8431519,0.5162276,0.9352969,0.8745073,0.8690777,0.6626382,-0.26946425,-0.11424501,0.96677154,0.6845505,0.104852125,0.06343122,-0.08012075,0.05576405,0.36607695,-0.34328994,0.9492521,0.8829012,0.8255019,-0.8649602,-0.9401716,-0.2600726,-0.16857487,-0.69597995,0.55905455,-0.089100495,0.041500118,-0.7678168,0.03573943,-0.3596861,0.77436996,-0.57501423,0.97333246,0.7296121,0.8121021,0.34424475,-0.263947,-0.46015155,-0.93636334,-0.84061587,-0.9027873,0.846601,0.104454316,0.89427835,0.9358095,0.808669,0.8153532,0.81406844,0.7606823,-0.1583428,-0.10590553,-0.8413259,-0.8544296,-0.75393254,-0.46279532,0.19814914,0.72444636,0.7676439,0.35527372,-0.22294858,-0.15791826,-0.017516565,0.09435313,0.22970626,-0.7208508,0.3743677,-0.60869503,-0.48927867,-0.56634676,-0.35311925,-0.32326663,-0.14351232,0.87045646,-0.2223187,0.05991661,-0.6521985,-0.89500046,-0.9184761,-0.13221812,-0.12584871,-0.9500325,-0.20350051,-0.250502,-0.0477397,0.22791271,-0.7347368,0.10015233,-0.87394476,-0.58288425,-0.9318911,-0.3184288,0.45369285,-0.10819304
0.69146657,0.75496095,0.70901835,0.878266,0.90581584,0.9091273,0.8431519,0.9427248,0.7723093,0.70795166,0.60429436,0.6010761,0.41910136,0.060908455,0.16078743,0.81983733,0.72961587,0.43465498,0.37957066,0.22308369,0.3361329,0.17733142,-0.020779913,0.85835564,0.65034246,0.5430125,-0.8017453,-0.83204985,0.06443733,0.09713461,-0.7537652,0.5511689,0.23468007,0.38028228,-0.7167498,0.38788173,-0.021329511,0.8387956,-0.25851578,0.821353,0.8875098,0.5621741,0.06541912,-0.49276435,-0.63069606,-0.8164347,-0.56153816,-0.6736735,0.8092449,0.43613166,0.71114236,0.8446467,0.83966804,0.92005634,0.9224533,0.863502,0.20420955,0.25360924,-0.5833558,-0.58210444,-0.46344703,-0.17236155,0.37887976,0.71012914,0.75743705,0.5289749,0.1260123,0.10776514,0.23663887,0.3779108,0.4693232,-0.4627709,0.5134372,-0.2726453,-0.1789111,-0.5753435,-0.049935333,-0.06003461,-0.3974092,0.6066289,0.051420912,0.33865163,-0.7590414,-0.8554673,-0.8491569,0.093657166,0.19879487,-0.815048,0.1364949,0.0665922,-0.11845356,-0.014034739,-0.53314614,-0.13383655,-0.802158,-0.7359295,-0.82426697,-0.12352519,0.67602324,0.23746547
0.3264648,0.37236866,0.31446844,0.5684756,0.6244432,0.6395047,0.5162276,0.7723093,0.9435969,0.32410008,0.17943266,0.17668107,0.016033571,0.5012382,0.52633786,0.48784685,0.6896361,0.79605424,0.7579775,0.59307516,0.66100645,-0.15350825,0.42633092,0.5938381,0.25336152,0.100255534,-0.6316926,-0.57485807,0.51609546,0.44873494,-0.65774655,0.3681823,0.5562962,0.7722278,-0.599473,0.77829504,0.4517342,0.7619653,0.18386856,0.4924376,0.8890008,0.12315049,-0.35301962,-0.70579934,-0.7446197,-0.5432422,-0.14312375,-0.29012674,0.60031223,0.80388105,0.35966203,0.5629153,0.663711,0.7681289,0.8184942,0.8242972,0.60857534,0.6419916,-0.21397582,-0.1702659,-0.037650585,0.24214557,0.57409155,0.59453726,0.6291524,0.67637026,0.55748975,0.48244014,0.5630458,0.64296293,0.6745914,-0.05916854,0.6396057,0.20422107,0.26845706,-0.58224505,0.4028523,0.3213788,-0.6359831,0.16517809,0.4224962,0.6334101,-0.7769251,-0.6785221,-0.6168041,0.39427117,0.63715625,-0.5232135,0.5556935,0.49769217,-0.28368133,-0.41158128,-0.23655733,-0.5065569,-0.62293804,-0.7886605,-0.55051184,0.17898454,0.85035646,0.6797793
0.9637368,0.966483,0.9721752,0.8830117,0.8502292,0.8640518,0.9352969,0.70795166,0.32410008,0.98628956,0.9515059,0.95957255,0.72029936,-0.41628176,-0.23526466,0.9416857,0.5579926,-0.07322247,-0.11856494,-0.21296364,-0.08048168,0.43535846,-0.4748383,0.87888896,0.9558166,0.93190736,-0.8129058,-0.88903713,-0.4038592,-0.27382994,-0.61896217,0.5275767,-0.2600754,-0.15099704,-0.7367097,-0.16414888,-0.51360476,0.67809534,-0.7182382,0.9420881,0.5655396,0.88244426,0.4387584,-0.13734075,-0.35264254,-0.8908809,-0.91263425,-0.92778134,0.75678027,-0.08533108,0.8976085,0.8761774,0.6857539,0.66823566,0.6643667,0.6135582,-0.33344808,-0.2856863,-0.9182909,-0.9427341,-0.8400071,-0.56223834,0.10393758,0.6761411,0.7108934,0.24618016,-0.38362414,-0.27075285,-0.13021882,-0.051019244,0.092844576,-0.7776125,0.28368887,-0.73834825,-0.6065434,-0.5223174,-0.4746104,-0.4150132,-0.021150496,0.9486103,-0.33521268,-0.07434532,-0.5459107,-0.82126975,-0.8503097,-0.21498053,-0.29305255,-0.91131186,-0.3559497,-0.387958,-0.048581596,0.31486523,-0.8085389,0.19589096,-0.82545924,-0.4591932,-0.88081384,-0.3631897,0.26754826,-0.2829825
0.93363327,0.933227,0.95394033,0.8137305,0.7710844,0.7852589,0.8745073,0.60429436,0.17943266,0.9515059,0.9785591,0.96239007,0.8205573,-0.5747646,-0.4104862,0.88385344,0.4920749,-0.24855386,-0.2755471,-0.3908558,-0.26454067,0.5382081,-0.63910866,0.8169074,0.92658937,0.94861287,-0.70462334,-0.81236374,-0.57101166,-0.45497864,-0.47160566,0.43360305,-0.39584684,-0.29593432,-0.6099466,-0.30490112,-0.6415423,0.5310149,-0.7598699,0.88610256,0.44167453,0.9039233,0.5950805,0.04723718,-0.16256917,-0.829721,-0.94384885,-0.9342871,0.7196233,-0.2326773,0.89810514,0.83046854,0.63804495,0.5843233,0.567706,0.51856023,-0.481145,-0.43177497,-0.898824,-0.93417776,-0.9057652,-0.7101946,-0.080711395,0.5375879,0.57441795,0.05953429,-0.54376674,-0.44172782,-0.31337535,-0.21769169,-0.0803023,-0.86282265,0.098774046,-0.8426868,-0.74347246,-0.35982877,-0.6326203,-0.58062613,0.16350998,0.96126026,-0.50105,-0.2570504,-0.3778509,-0.72068834,-0.77409816,-0.39653206,-0.45829993,-0.84776366,-0.5123505,-0.5609735,0.10806841,0.479245,-0.73583734,0.37067723,-0.7310389,-0.28722614,-0.8235246,-0.5148528,0.16997364,-0.4424139
0.9321786,0.9262471,0.9461302,0.8110204,0.7693229,0.7744962,0.8690777,0.6010761,0.17668107,0.95957255,0.96239007,0.9811409,0.7588359,-0.53804743,-0.36170828,0.8775966,0.43978226,-0.21515495,-0.26101995,-0.33325714,-0.21208273,0.5157781,-0.5839944,0.79126215,0.9563577,0.9683411,-0.7059802,-0.796508,-0.5292126,-0.3844915,-0.52220404,0.49340105,-0.3742643,-0.28780144,-0.6278483,-0.30363357,-0.6249926,0.567317,-0.77787554,0.87874854,0.43524563,0.9077959,0.548802,-0.011765133,-0.22083633,-0.80781084,-0.9113873,-0.89948124,0.67235416,-0.22704342,0.8623775,0.80073845,0.5931866,0.5656706,0.54648364,0.48776937,-0.4495635,-0.40144306,-0.9038165,-0.9420408,-0.8699306,-0.64696574,-0.01906334,0.57329386,0.6063167,0.11441352,-0.5015393,-0.3901839,-0.25487393,-0.16600464,-0.03183026,-0.80353576,0.1567581,-0.8129374,-0.6995021,-0.40287685,-0.58565915,-0.508794,0.09408836,0.9648433,-0.44563475,-0.19626546,-0.4199,-0.71512794,-0.75885886,-0.3198313,-0.43439978,-0.829082,-0.4671203,-0.5098553,0.018436696,0.4270866,-0.7889973,0.31860644,-0.7241541,-0.3328907,-0.8006482,-0.43282998,0.13209452,-0.4218213
0.70682704,0.7214672,0.75116444,0.6068058,0.5624646,0.58636355,0.6626382,0.41910136,0.016033571,0.72029936,0.8205573,0.7588359,0.94323456,-0.735946,-0.67498195,0.66905046,0.40224743,-0.43814325,-0.4033556,-0.6307044,-0.5405123,0.68685484,-0.82163537,0.6492366,0.6876004,0.7750081,-0.43095303,-0.5888081,-0.7519072,-0.7568209,-0.13209046,0.22556154,-0.44278395,-0.37164745,-0.26472667,-0.3806762,-0.71540713,0.23055393,-0.59434175,0.67898226,0.26761794,0.78195643,0.7970779,0.37979648,0.19508705,-0.63945174,-0.82839155,-0.8160839,0.65415806,-0.33299643,0.78614116,0.67623746,0.56926996,0.45254642,0.4122728,0.382054,-0.56817174,-0.5385635,-0.68909633,-0.73659444,-0.8937638,-0.9058076,-0.4476576,0.169355,0.21665418,-0.30576578,-0.6754491,-0.712161,-0.6128335,-0.4378711,-0.35305983,-0.9295518,-0.29214555,-0.851759,-0.88651764,0.003848119,-0.81900775,-0.84380305,0.46239138,0.8084359,-0.73883295,-0.5273543,-0.038624287,-0.4873352,-0.5890502,-0.72767365,-0.6162863,-0.6358899,-0.66082025,-0.76899046,0.44676667,0.7185176,-0.42648417,0.6438351,-0.47882858,0.05156387,-0.65119445,-0.806692,0.13560164,-0.56532514
-0.38990837,-0.39488733,-0.44736266,-0.20600286,-0.1375936,-0.13706227,-0.26946425,0.060908455,0.5012382,-0.41628176,-0.5747646,-0.53804743,-0.735946,0.94875044,0.90705293,-0.2781666,0.09440009,0.829962,0.800126,0.90205663,0.8789759,-0.62988216,0.93255293,-0.19305097,-0.43842536,-0.59090257,-0.015657756,0.15676755,0.9193671,0.85758406,-0.21781003,0.005389195,0.72001827,0.7622736,-0.11977274,0.74866724,0.83158004,0.24440877,0.6290802,-0.2840675,0.2686599,-0.5971538,-0.8496945,-0.6886053,-0.5706314,0.20745647,0.5885154,0.49431968,-0.1834243,0.7265663,-0.46701258,-0.2568726,-0.106778234,0.034638263,0.10085499,0.13272563,0.83151424,0.8289646,0.44806778,0.50776225,0.6790935,0.86569,0.70164,0.1993143,0.17406985,0.65480953,0.89330435,0.88905406,0.8765975,0.7690612,0.72035396,0.69426596,0.59650296,0.83301985,0.8944688,-0.3447892,0.91293836,0.85577184,-0.7014735,-0.58901393,0.9068153,0.8461071,-0.40036565,0.0080676135,0.12434761,0.7920394,0.8834086,0.22457175,0.89352965,0.9475447,-0.4976061,-0.83458334,0.241911,-0.828578,0.0331249,-0.46249896,0.2165451,0.73438287,0.36444104,0.8640817
-0.20619512,-0.22477643,-0.27168134,-0.06670526,-0.0007633569,-0.0035750822,-0.11424501,0.16078743,0.52633786,-0.23526466,-0.4104862,-0.36170828,-0.67498195,0.90705293,0.9711769,-0.123833194,0.16113384,0.8109197,0.769994,0.90482605,0.9319354,-0.6458771,0.8884603,-0.06169393,-0.2535245,-0.42073315,-0.18434396,-0.0045545357,0.88827026,0.9023845,-0.38449627,0.06732806,0.61610365,0.6805407,-0.32114452,0.67771256,0.74896467,0.37622994,0.4334705,-0.12785278,0.32503605,-0.45649642,-0.85810566,-0.7906736,-0.7145685,0.0602018,0.42974293,0.34171557,-0.1105254,0.6618144,-0.3271308,-0.121830925,-0.051429614,0.10651389,0.18030691,0.2018565,0.7343627,0.7459655,0.2712699,0.3315848,0.5641895,0.8362697,0.8510736,0.405048,0.3713192,0.79318845,0.8077772,0.9510826,0.9599699,0.77099454,0.7742031,0.6080425,0.7635368,0.6992525,0.8496018,-0.5071539,0.89047176,0.88275355,-0.7817886,-0.42727387,0.94209015,0.8818831,-0.55625,-0.13380682,-0.0049525006,0.8671174,0.837687,0.06659298,0.8239299,0.9298403,-0.6284678,-0.8534651,0.044988345,-0.8851116,-0.12614971,-0.5959017,0.08074114,0.7897509,0.34016716,0.79651046
0.9304528,0.95155185,0.9377068,0.93583226,0.9179804,0.93469626,0.96677154,0.81983733,0.48784685,0.9416857,0.88385344,0.8775966,0.66905046,-0.2781666,-0.123833194,0.9732656,0.67778337,0.0865515,0.047486693,-0.07711433,0.053342998,0.39046946,-0.35340178,0.94354534,0.89244044,0.83936477,-0.8674618,-0.9407809,-0.27949244,-0.18049918,-0.6770371,0.5811672,-0.089295775,0.018033924,-0.7702917,0.0027866354,-0.38569814,0.775275,-0.5807746,0.96977234,0.70789534,0.82244,0.36375436,-0.24782023,-0.44594976,-0.9401686,-0.85289586,-0.9095856,0.831517,0.08372106,0.884078,0.92080826,0.7887137,0.7854232,0.78669566,0.7333385,-0.1634827,-0.11477168,-0.85708976,-0.8774421,-0.77084893,-0.4693799,0.19182663,0.7248004,0.76931417,0.3508035,-0.2305429,-0.16867311,-0.01979807,0.0999971,0.23371711,-0.7308346,0.36664665,-0.6137191,-0.49762335,-0.56980026,-0.36840528,-0.3329175,-0.12525155,0.87652147,-0.22550255,0.06475705,-0.6463959,-0.8981632,-0.92050296,-0.14131421,-0.14681847,-0.95206475,-0.20598277,-0.26018053,-0.04743535,0.23727912,-0.74432254,0.10839368,-0.882902,-0.5699071,-0.9358471,-0.31819957,0.4193715,-0.12803778
0.58589566,0.6020038,0.57491535,0.66780865,0.6969367,0.74637735,0.6845505,0.72961587,0.6896361,0.5579926,0.4920749,0.43978226,0.40224743,0.09440009,0.16113384,0.67778337,0.8344628,0.40145162,0.42562604,0.17635953,0.29433963,0.08646649,-0.011944277,0.7824756,0.45921105,0.37615573,-0.7432662,-0.7642802,0.08868657,0.026259862,-0.49162412,0.2542277,0.2359646,0.4138302,-0.6232439,0.41231674,0.04299117,0.65203786,-0.08777673,0.6780845,0.76764834,0.38748938,0.038141258,-0.34878698,-0.461543,-0.76883304,-0.51710945,-0.6354903,0.80021405,0.44559395,0.6333878,0.7523489,0.7570543,0.7406441,0.7924013,0.82518774,0.18493138,0.22272676,-0.48673254,-0.456749,-0.43984872,-0.19556516,0.28536296,0.56491864,0.59823537,0.4159366,0.122609094,0.112178266,0.20617063,0.27772078,0.3664201,-0.4820938,0.3961246,-0.1994606,-0.14257771,-0.48680454,-0.010717652,-0.10612976,-0.22752169,0.45211244,0.05798248,0.25879884,-0.6073147,-0.7874142,-0.7820593,-0.00022145291,0.25250563,-0.7441818,0.12569486,0.08166172,-0.009796037,-0.05436012,-0.33049637,-0.14837131,-0.7508136,-0.54851985,-0.7674985,-0.21268563,0.7193767,0.28134403
-0.061957013,-0.0450874,-0.10453397,0.17223772,0.23539063,0.24318254,0.104852125,0.43465498,0.79605424,-0.07322247,-0.24855386,-0.21515495,-0.43814325,0.829962,0.8109197,0.0865515,0.40145162,0.9599351,0.9007754,0.87667465,0.88212585,-0.43339738,0.79400736,0.18436912,-0.11261738,-0.28758615,-0.32868457,-0.19131264,0.8372145,0.756125,-0.49377215,0.2550157,0.7380704,0.9008595,-0.3874576,0.8874097,0.7549756,0.5692737,0.4761818,0.08670438,0.63602823,-0.28068528,-0.6974349,-0.8055801,-0.7541038,-0.1430319,0.2900185,0.15957014,0.1815692,0.9019511,-0.09964267,0.12434214,0.27029306,0.4125292,0.47849303,0.4950661,0.8502199,0.8709074,0.1532008,0.20389716,0.39107203,0.6496811,0.7111213,0.42069966,0.42710757,0.7457956,0.85708666,0.77645814,0.81333107,0.8186095,0.7961967,0.39197755,0.68946445,0.6147543,0.6690669,-0.5307147,0.765151,0.6890935,-0.7843199,-0.2555987,0.7486826,0.8518218,-0.66185904,-0.3424002,-0.23681769,0.686147,0.8864843,-0.12297563,0.8603004,0.83417726,-0.48090196,-0.7318523,-0.0052931383,-0.77990794,-0.30285448,-0.7083324,-0.14452612,0.54429364,0.6660415,0.9075618
-0.09514147,-0.0817139,-0.13757525,0.11785945,0.18129776,0.2029621,0.06343122,0.37957066,0.7579775,-0.11856494,-0.2755471,-0.26101995,-0.4033556,0.800126,0.769994,0.047486693,0.42562604,0.9007754,0.91302097,0.8053056,0.82103205,-0.4354505,0.75210035,0.16628562,-0.17526896,-0.33620322,-0.30597687,-0.17209727,0.80790424,0.68446946,-0.38776708,0.13198136,0.7034677,0.88618994,-0.3378685,0.87028754,0.7491214,0.48449135,0.51675785,0.045951426,0.59275043,-0.3238318,-0.66441023,-0.71907306,-0.65615946,-0.13629875,0.28605467,0.15649843,0.19465557,0.8734757,-0.10420055,0.11307664,0.2644676,0.3702734,0.4459888,0.49345148,0.7949288,0.8107018,0.17253608,0.23623398,0.3719778,0.59733486,0.63485295,0.35082614,0.35278255,0.6640357,0.80909866,0.7389418,0.75679487,0.7279732,0.70779717,0.35562024,0.61053157,0.6015084,0.64208305,-0.47338992,0.73922324,0.6248553,-0.6768817,-0.29334557,0.70860434,0.7695823,-0.58407295,-0.32144105,-0.22318396,0.6028306,0.8658607,-0.1082335,0.80134404,0.79635227,-0.4061984,-0.7038593,0.06544549,-0.74178886,-0.2830255,-0.62110317,-0.13671574,0.4566785,0.68413603,0.88509
-0.19268878,-0.19841868,-0.2545943,-0.00829684,0.049131826,0.03807168,-0.08012075,0.22308369,0.59307516,-0.21296364,-0.3908558,-0.33325714,-0.6307044,0.90205663,0.90482605,-0.07711433,0.17635953,0.87667465,0.8053056,0.96083707,0.93894076,-0.53152347,0.8948802,-0.03176574,-0.22429621,-0.38887507,-0.178621,-0.009745659,0.87319374,0.86729294,-0.40669486,0.21516836,0.7292134,0.76799953,-0.28548107,0.74359936,0.74265826,0.43462712,0.49037883,-0.0926883,0.40749884,-0.4045238,-0.79325235,-0.7820371,-0.7140796,0.04840965,0.43711355,0.3362381,-0.05965533,0.7457161,-0.3129942,-0.09774355,0.015986592,0.1864253,0.23650151,0.24216655,0.84525824,0.85806,0.2741723,0.31270704,0.5418044,0.8050665,0.78181434,0.3753419,0.35925102,0.7755302,0.8878145,0.8672896,0.9039221,0.8730237,0.8413062,0.5851507,0.7054583,0.71537507,0.8052062,-0.4843321,0.8452934,0.8298395,-0.78447217,-0.38842303,0.88387024,0.93130636,-0.5641155,-0.15769637,-0.04024719,0.8196428,0.86047494,0.05719955,0.91065073,0.9165371,-0.55528456,-0.79931027,0.048060186,-0.8245046,-0.1266996,-0.61811644,0.05623579,0.7334999,0.39549795,0.84981143
-0.05795175,-0.06529955,-0.12075679,0.11318779,0.17374209,0.17096071,0.05576405,0.3361329,0.66100645,-0.08048168,-0.26454067,-0.21208273,-0.5405123,0.8789759,0.9319354,0.053342998,0.29433963,0.88212585,0.82103205,0.93894076,0.9758875,-0.51816314,0.8467483,0.10541184,-0.100821555,-0.2778871,-0.32339486,-0.1571829,0.8483565,0.8660461,-0.5203962,0.23651534,0.67181855,0.75120956,-0.43575162,0.7353692,0.69461894,0.5378576,0.38224208,0.042593867,0.49864715,-0.30511445,-0.77594054,-0.8458092,-0.8064257,-0.093078494,0.30511612,0.2020027,0.05395648,0.7407176,-0.17941889,0.038256496,0.12010948,0.2861066,0.34911638,0.35214365,0.7822466,0.80427635,0.14542778,0.19136453,0.43426597,0.75163066,0.8567978,0.5116496,0.494819,0.8571396,0.8237181,0.8903476,0.9470921,0.86289096,0.8690653,0.48197085,0.80205864,0.61763406,0.7530494,-0.5878084,0.81655645,0.8069021,-0.825619,-0.27432972,0.88696426,0.93926835,-0.68267274,-0.2952329,-0.17269745,0.824847,0.8392037,-0.089094564,0.85297495,0.8913176,-0.60103923,-0.7928131,-0.06522169,-0.8487276,-0.27226442,-0.7197824,-0.08169859,0.71484995,0.45372587,0.8207021
0.39918408,0.42660338,0.44749004,0.35403168,0.29636574,0.29068068,0.36607695,0.17733142,-0.15350825,0.43535846,0.5382081,0.5157781,0.68685484,-0.62988216,-0.6458771,0.39046946,0.08646649,-0.43339738,-0.4354505,-0.53152347,-0.51816314,0.7678039,-0.6729953,0.32140055,0.4475348,0.5549972,-0.094426095,-0.24719767,-0.70056057,-0.68449605,0.048235625,0.279836,-0.27881092,-0.36470678,0.05615005,-0.4020558,-0.6432502,0.034361124,-0.36407834,0.3839035,0.054878972,0.5887972,0.7592968,0.4437189,0.33470613,-0.30541134,-0.5047254,-0.47835428,0.33114392,-0.36570945,0.43825722,0.3296293,0.2896679,0.22222683,0.1346089,0.06702834,-0.41454026,-0.40143126,-0.38569713,-0.4751096,-0.6224371,-0.71973246,-0.53663284,-0.097421825,-0.048494708,-0.40745524,-0.5275799,-0.7124321,-0.6097241,-0.32206762,-0.31581795,-0.6443163,-0.45345834,-0.61860585,-0.72778535,0.22623587,-0.7551833,-0.7403884,0.46131715,0.56790435,-0.6529425,-0.45110005,0.17292663,-0.1745207,-0.28527308,-0.6711196,-0.60738444,-0.30327678,-0.50284505,-0.6767874,0.47046524,0.7163099,-0.20451608,0.6846987,-0.1397295,0.19739631,-0.3324625,-0.6645272,-0.104206376,-0.5412902
-0.4536056,-0.46235758,-0.5110896,-0.27822983,-0.21400379,-0.21855432,-0.34328994,-0.020779913,0.42633092,-0.4748383,-0.63910866,-0.5839944,-0.82163537,0.93255293,0.8884603,-0.35340178,-0.011944277,0.79400736,0.75210035,0.8948802,0.8467483,-0.6729953,0.9668002,-0.28190774,-0.47969645,-0.6334064,0.05870667,0.23735599,0.93414736,0.89086163,-0.18003769,0.0097709745,0.7113671,0.718029,-0.06462694,0.71008074,0.84556884,0.19060749,0.6387758,-0.35837302,0.17976546,-0.6354791,-0.8811265,-0.6791284,-0.5397226,0.29149085,0.6530655,0.57068944,-0.29138383,0.6934535,-0.54188955,-0.34280413,-0.20204791,-0.05301055,0.011566684,0.03689609,0.82821167,0.81686944,0.5006226,0.55622727,0.7479856,0.92092663,0.6861341,0.145008,0.11561758,0.62240875,0.9010422,0.8887605,0.8560344,0.74570763,0.68373036,0.7743459,0.5761299,0.8736547,0.9306066,-0.3179782,0.9390559,0.9082153,-0.70303863,-0.6369252,0.90190935,0.82300246,-0.34773663,0.09385501,0.21551308,0.83423424,0.87560713,0.30671102,0.8938793,0.9574027,-0.5361926,-0.8636788,0.2627623,-0.84191704,0.10921797,-0.41836703,0.30519354,0.8012105,0.28071064,0.851653
0.8807709,0.90869355,0.8880374,0.92241263,0.92159605,0.95144534,0.9492521,0.85835564,0.5938381,0.87888896,0.8169074,0.79126215,0.6492366,-0.19305097,-0.06169393,0.94354534,0.7824756,0.18436912,0.16628562,-0.03176574,0.10541184,0.32140055,-0.28190774,0.9757852,0.80388105,0.73962784,-0.8904309,-0.96171826,-0.18879807,-0.1420568,-0.6560343,0.5023567,0.0070638694,0.1464088,-0.7685372,0.14255878,-0.2700916,0.7756468,-0.4576851,0.946077,0.78366756,0.7404121,0.2925719,-0.28268564,-0.46268517,-0.963785,-0.8124759,-0.89899325,0.9064717,0.2049751,0.8831502,0.95217264,0.8589963,0.8481215,0.86375344,0.83987796,-0.07387395,-0.02583114,-0.7946124,-0.79493535,-0.72166085,-0.4301585,0.21538357,0.7123083,0.7534822,0.37132344,-0.14968565,-0.10587181,0.022777135,0.13768166,0.26511148,-0.7131008,0.3808102,-0.53795075,-0.42764258,-0.565605,-0.29051596,-0.30209056,-0.14648634,0.8002302,-0.17285897,0.0998552,-0.6655909,-0.9293567,-0.94915617,-0.12557161,-0.03243834,-0.9658765,-0.13346982,-0.1863136,-0.020554004,0.17515825,-0.6496624,0.050863866,-0.9024004,-0.5935472,-0.9604346,-0.33356664,0.5731572,-0.009324064
0.92356914,0.9252858,0.93320197,0.83992195,0.8009261,0.80119574,0.8829012,0.65034246,0.25336152,0.9558166,0.92658937,0.9563577,0.6876004,-0.43842536,-0.2535245,0.89244044,0.45921105,-0.11261738,-0.17526896,-0.22429621,-0.100821555,0.4475348,-0.47969645,0.80388105,0.9640884,0.93958914,-0.7449067,-0.8164956,-0.4256122,-0.26824328,-0.6055473,0.5512721,-0.2910996,-0.20517564,-0.68527675,-0.22140989,-0.53723115,0.6387698,-0.7419652,0.8894112,0.49834862,0.88688844,0.4524775,-0.122771114,-0.33168438,-0.81539446,-0.8691502,-0.87045026,0.66819406,-0.14327773,0.8430823,0.807404,0.60591733,0.6053822,0.58943915,0.525845,-0.35891372,-0.31051362,-0.8948153,-0.9275822,-0.81074685,-0.5473837,0.091106355,0.6398215,0.6766751,0.22457898,-0.40277165,-0.2855607,-0.14523576,-0.0621309,0.073204674,-0.7325064,0.26380482,-0.7436621,-0.60968316,-0.49146885,-0.48794055,-0.4013024,-0.019570664,0.9444229,-0.34495085,-0.08500715,-0.5104279,-0.7504944,-0.77753735,-0.20170313,-0.33630627,-0.84026325,-0.37010586,-0.40416527,-0.073970266,0.33169186,-0.8218131,0.2136401,-0.75599056,-0.4314142,-0.80723774,-0.32764366,0.1704221,-0.3278741
0.89921725,0.89337885,0.91695434,0.7690749,0.71896183,0.7221365,0.8255019,0.5430125,0.100255534,0.93190736,0.94861287,0.9683411,0.7750081,-0.59090257,-0.42073315,0.83936477,0.37615573,-0.28758615,-0.33620322,-0.38887507,-0.2778871,0.5549972,-0.6334064,0.73962784,0.93958914,0.9724552,-0.6412972,-0.7403618,-0.58960783,-0.4386734,-0.46379435,0.48145616,-0.41337943,-0.35610104,-0.5687071,-0.37149757,-0.6712761,0.49935538,-0.7881104,0.83699286,0.36635238,0.90911573,0.592765,0.05921954,-0.15001757,-0.75579613,-0.8959342,-0.87101007,0.62119406,-0.29762453,0.8346414,0.75218487,0.5469502,0.5083629,0.482938,0.41511336,-0.49902213,-0.4525215,-0.8815223,-0.927674,-0.8742387,-0.68145186,-0.08687413,0.5058242,0.54402196,0.04279923,-0.5540925,-0.4530641,-0.31930676,-0.21778978,-0.09104787,-0.80505943,0.08455719,-0.8386551,-0.7388648,-0.33877182,-0.6407509,-0.55536807,0.15345156,0.9598739,-0.50273985,-0.25691444,-0.34050834,-0.65336615,-0.70504177,-0.37042332,-0.5034693,-0.77953386,-0.5171687,-0.5700723,0.07250878,0.48311317,-0.7635381,0.3862276,-0.66534185,-0.26021653,-0.7496445,-0.46274644,0.055236988,-0.48968202
-0.82997566,-0.8205644,-0.79782856,-0.83606535,-0.84117013,-0.87596405,-0.8649602,-0.8017453,-0.6316926,-0.8129058,-0.70462334,-0.7059802,-0.43095303,-0.015657756,-0.18434396,-0.8674618,-0.7432662,-0.32868457,-0.30597687,-0.178621,-0.32339486,-0.094426095,0.05870667,-0.8904309,-0.7449067,-0.6412972,0.9597025,0.9310937,-0.029700276,-0.11512102,0.7368701,-0.4869374,-0.086631596,-0.2417579,0.88611525,-0.23083007,0.09282833,-0.84132797,0.4025157,-0.86748195,-0.77492255,-0.6163714,-0.04679294,0.4830022,0.6436008,0.9050561,0.7058568,0.7868171,-0.78415895,-0.3051963,-0.76451397,-0.86063325,-0.74112844,-0.7546588,-0.8082746,-0.80148023,-0.037117034,-0.08813234,0.7683238,0.7427625,0.5773517,0.1964044,-0.45785683,-0.8338084,-0.86018,-0.585178,-0.0119026825,-0.1535324,-0.2720667,-0.27740282,-0.424608,0.52815723,-0.60960734,0.38094354,0.21116653,0.76889944,0.050357196,0.038552597,0.34106684,-0.6880764,-0.06543263,-0.2942606,0.80345416,0.9376466,0.89666736,-0.13994244,-0.16199684,0.9137989,-0.03521607,-0.0412723,0.284249,0.08917932,0.70084536,0.22308117,0.9458622,0.7287638,0.8873717,0.06133799,-0.55261934,-0.14591901
-0.8963438,-0.90642494,-0.8872314,-0.9052757,-0.90275806,-0.9373591,-0.9401716,-0.83204985,-0.57485807,-0.88903713,-0.81236374,-0.796508,-0.5888081,0.15676755,-0.0045545357,-0.9407809,-0.7642802,-0.19131264,-0.17209727,-0.009745659,-0.1571829,-0.24719767,0.23735599,-0.96171826,-0.8164956,-0.7403618,0.9310937,0.98551,0.14724804,0.07039606,0.69552577,-0.50005156,0.017101435,-0.12682565,0.8328682,-0.119891666,0.251589,-0.80009055,0.49361318,-0.942328,-0.76143897,-0.72528195,-0.22894122,0.3434413,0.526398,0.9724743,0.81118405,0.8900572,-0.8640559,-0.18681255,-0.86124814,-0.93380934,-0.80919945,-0.8008604,-0.8321128,-0.81282425,0.09070675,0.041509464,0.8218956,0.812641,0.70136225,0.3701129,-0.3010411,-0.77817726,-0.81318986,-0.44410962,0.1380501,0.03243041,-0.0927854,-0.1503027,-0.29770803,0.66784704,-0.46737397,0.51944196,0.3793236,0.6596277,0.23202929,0.22410351,0.2005069,-0.7919005,0.10963445,-0.14047319,0.71893513,0.94727266,0.9497943,0.040852472,0.005512375,0.9809482,0.121610895,0.13665009,0.12806615,-0.097027734,0.70491886,0.028719552,0.9340918,0.6397245,0.95804596,0.23974411,-0.52454174,0.004769604
-0.3820015,-0.38649833,-0.4358151,-0.20401444,-0.1351141,-0.1314348,-0.2600726,0.06443733,0.51609546,-0.4038592,-0.57101166,-0.5292126,-0.7519072,0.9193671,0.88827026,-0.27949244,0.08868657,0.8372145,0.80790424,0.87319374,0.8483565,-0.70056057,0.93414736,-0.18879807,-0.4256122,-0.58960783,-0.029700276,0.14724804,0.97145736,0.87635964,-0.23461959,-0.020985099,0.690531,0.77878577,-0.14125277,0.7849296,0.8948213,0.24844822,0.60967433,-0.2805745,0.27586496,-0.5920695,-0.8897374,-0.7226461,-0.5860573,0.20403683,0.5794367,0.4847416,-0.18589479,0.76771426,-0.43464968,-0.23516384,-0.10415542,0.03483784,0.11197689,0.16025926,0.81263375,0.8086494,0.42348737,0.5017401,0.6835309,0.8676902,0.706305,0.1997411,0.17431894,0.6384934,0.88432276,0.90271604,0.85320985,0.710026,0.6653779,0.69535804,0.6169525,0.8196542,0.889572,-0.3867153,0.95581686,0.881323,-0.7300489,-0.577447,0.87344897,0.7982025,-0.41504496,0.0031148405,0.12821552,0.8114395,0.9238348,0.22148946,0.8720366,0.9487716,-0.56431913,-0.8950753,0.21080996,-0.8814621,0.017269103,-0.47574842,0.21721877,0.744908,0.40713507,0.89815974
-0.256287,-0.26886034,-0.31524944,-0.11651866,-0.052685875,-0.06586224,-0.16857487,0.09713461,0.44873494,-0.27382994,-0.45497864,-0.3844915,-0.7568209,0.85758406,0.9023845,-0.18049918,0.026259862,0.756125,0.68446946,0.86729294,0.8660461,-0.68449605,0.89086163,-0.1420568,-0.26824328,-0.4386734,-0.11512102,0.07039606,0.87635964,0.9605977,-0.38316905,0.09651181,0.5760135,0.61325604,-0.27001357,0.6195728,0.7366837,0.33383715,0.39577082,-0.18728486,0.23960784,-0.4707669,-0.87343144,-0.79868793,-0.7024822,0.14167511,0.4848044,0.41202113,-0.21709791,0.60480165,-0.383484,-0.19282912,-0.13983011,0.029810984,0.10157149,0.10824702,0.70063484,0.7062236,0.30251706,0.35865268,0.6298959,0.88847625,0.8368405,0.36989996,0.3322011,0.76214683,0.78933346,0.91686964,0.9055033,0.726328,0.7200326,0.69554967,0.7581572,0.7126818,0.8542572,-0.49368116,0.8922076,0.9442779,-0.8029854,-0.45215037,0.89526266,0.83737135,-0.5135056,-0.052013583,0.08217651,0.93496925,0.79834414,0.14120322,0.79229677,0.9087428,-0.6771785,-0.8663764,0.02741526,-0.87413883,-0.048362747,-0.5703888,0.16822472,0.87892973,0.24141976,0.7542769
-0.59670806,-0.63136685,-0.589981,-0.7213193,-0.74906945,-0.7322352,-0.69597995,-0.7537652,-0.65774655,-0.61896217,-0.47160566,-0.52220404,-0.13209046,-0.21781003,-0.38449627,-0.6770371,-0.49162412,-0.49377215,-0.38776708,-0.40669486,-0.5203962,0.048235625,-0.18003769,-0.6560343,-0.6055473,-0.46379435,0.7368701,0.69552577,-0.23461959,-0.38316905,0.896965,-0.5285837,-0.18856883,-0.32651404,0.76559544,-0.3387589,-0.074744776,-0.8278171,0.31224394,-0.6758938,-0.71580863,-0.4324848,0.17636278,0.70270896,0.8234136,0.64431655,0.40474305,0.48269558,-0.5188227,-0.38269028,-0.5010972,-0.6331847,-0.54224193,-0.6810564,-0.70463693,-0.6352086,-0.23390917,-0.28836212,0.5167719,0.50779593,0.265656,-0.09591286,-0.6448727,-0.81986177,-0.8374616,-0.7313442,-0.21412562,-0.35310513,-0.48151153,-0.48308462,-0.590112,0.19562456,-0.7454359,0.14476874,-0.038125444,0.70960224,-0.1645128,-0.24415362,0.6309315,-0.4824784,-0.2893204,-0.5175868,0.8538904,0.7320459,0.6724814,-0.41031742,-0.27937478,0.6661657,-0.24851862,-0.26041713,0.44090018,0.253811,0.6249762,0.36908996,0.7076831,0.8477131,0.63194406,-0.23628864,-0.4311218,-0.2808526
0.49095494,0.5166594,0.48176044,0.59671533,0.57778007,0.5571897,0.55905455,0.5511689,0.3681823,0.5275767,0.43360305,0.49340105,0.22556154,0.005389195,0.06732806,0.5811672,0.2542277,0.2550157,0.13198136,0.21516836,0.23651534,0.279836,0.0097709745,0.5023567,0.5512721,0.48145616,-0.4869374,-0.50005156,-0.020985099,0.09651181,-0.5285837,0.7661006,0.24678583,0.16996412,-0.42349765,0.10674264,-0.13322671,0.6507459,-0.1938671,0.55983955,0.51349807,0.5075869,0.121425346,-0.31788248,-0.42854565,-0.48105276,-0.33948725,-0.39570767,0.3882128,0.18954496,0.38856888,0.4632153,0.4161533,0.51813954,0.48293132,0.38275206,0.16824628,0.19418794,-0.4416238,-0.5009346,-0.33409077,-0.080226734,0.22788501,0.45528924,0.5095473,0.3669854,0.12124284,0.009034337,0.15134798,0.36176193,0.3839405,-0.2522468,0.31400657,-0.18561383,-0.15382886,-0.4028018,-0.09292832,-0.014522125,-0.26271853,0.4954762,0.016805626,0.30444118,-0.5137093,-0.5445818,-0.5283417,0.10575319,0.044228837,-0.49277845,0.14749837,0.02733778,-0.13307483,0.03149075,-0.48551524,-0.0396579,-0.4920683,-0.4982164,-0.4950921,0.012296306,0.19949365,0.08080529
-0.2383308,-0.23412666,-0.29367262,-0.005696918,0.034231953,0.044086285,-0.089100495,0.23468007,0.5562962,-0.2600754,-0.39584684,-0.3742643,-0.44278395,0.72001827,0.61610365,-0.089295775,0.2359646,0.7380704,0.7034677,0.7292134,0.67181855,-0.27881092,0.7113671,0.0070638694,-0.2910996,-0.41337943,-0.086631596,0.017101435,0.690531,0.5760135,-0.18856883,0.24678583,0.8065859,0.7417153,-0.09568331,0.69901705,0.63222575,0.33802396,0.6252444,-0.09571099,0.43218887,-0.35234475,-0.5123642,-0.50494087,-0.422248,0.04746848,0.42132735,0.30263466,0.045518212,0.72815454,-0.26829433,-0.0671458,0.15043905,0.24251266,0.27361906,0.2823336,0.7995422,0.79418314,0.31768817,0.34530938,0.44366482,0.58857644,0.4264387,0.12554058,0.14069098,0.4767833,0.7969874,0.5649081,0.5955068,0.7075274,0.63238454,0.42701876,0.37819004,0.6678252,0.6157904,-0.25679272,0.6364461,0.55038714,-0.4912659,-0.38610774,0.60045606,0.68570507,-0.36288804,-0.13050964,-0.056118716,0.49254853,0.7373616,0.07509387,0.7899089,0.70444274,-0.1933276,-0.541625,0.20958246,-0.552889,-0.07961253,-0.41157553,0.031062154,0.4150539,0.47662997,0.76233923
-0.1345073,-0.11652413,-0.1716128,0.103734955,0.16624439,0.18564957,0.041500118,0.38028228,0.7722278,-0.15099704,-0.29593432,-0.28780144,-0.37164745,0.7622736,0.6805407,0.018033924,0.4138302,0.9008595,0.88618994,0.76799953,0.75120956,-0.36470678,0.718029,0.1464088,-0.20517564,-0.35610104,-0.2417579,-0.12682565,0.77878577,0.61325604,-0.32651404,0.16996412,0.7417153,0.9393821,-0.2522504,0.91032803,0.7571162,0.4536269,0.5793519,0.018883124,0.6020348,-0.3243975,-0.6045476,-0.65366,-0.57970834,-0.09804394,0.3167429,0.18151708,0.20021059,0.92580837,-0.114835896,0.09519288,0.28594548,0.38890517,0.45140126,0.4969836,0.8368583,0.84567225,0.21683148,0.2771423,0.37826633,0.55185163,0.52473414,0.25212154,0.2639243,0.56238616,0.82523227,0.6504822,0.65969443,0.7068461,0.6560352,0.3372886,0.50848866,0.6127923,0.5976137,-0.3876183,0.6950442,0.55969363,-0.6252142,-0.3054908,0.61987424,0.7157843,-0.51972115,-0.27939993,-0.19414772,0.5192491,0.8611779,-0.063065454,0.8084359,0.7487774,-0.32160714,-0.6412208,0.1233218,-0.6700946,-0.23301241,-0.56306934,-0.10949899,0.37988287,0.72744584,0.9057175
-0.74946445,-0.7362244,-0.7147032,-0.73967063,-0.75579023,-0.7764925,-0.7678168,-0.7167498,-0.599473,-0.7367097,-0.6099466,-0.6278483,-0.26472667,-0.11977274,-0.32114452,-0.7702917,-0.6232439,-0.3874576,-0.3378685,-0.28548107,-0.43575162,0.05615005,-0.06462694,-0.7685372,-0.68527675,-0.5687071,0.88611525,0.8328682,-0.14125277,-0.27001357,0.76559544,-0.42349765,-0.09568331,-0.2522504,0.90119755,-0.253229,0.019326119,-0.80944157,0.40289384,-0.76638365,-0.6845972,-0.5164921,0.08843774,0.58716834,0.72387373,0.7892882,0.59891474,0.6686499,-0.6429438,-0.2999966,-0.6416073,-0.7439211,-0.59100866,-0.6498963,-0.70857066,-0.6990261,-0.08798595,-0.13476779,0.6951657,0.66459906,0.44425905,0.044360355,-0.60124624,-0.8811936,-0.88632405,-0.6938784,-0.089291416,-0.29877907,-0.41276258,-0.34855667,-0.49841058,0.37079105,-0.7267914,0.28021592,0.07680425,0.80781037,-0.08713553,-0.12742154,0.4596507,-0.5920478,-0.21150124,-0.4024965,0.82967246,0.84271735,0.781484,-0.3078564,-0.23290789,0.80707824,-0.113987386,-0.1711793,0.42576268,0.22990209,0.69575787,0.34526023,0.8539072,0.76780427,0.763147,-0.11309018,-0.45992655,-0.20069465
