0,1,2,3,4,5,6,7,8,9,10,11,12,13,14,15,16,17,18,19,20,21,22,23,24,25,26,27,28,29,30,31,32,33,34,35,36,37,38,39,40,41,42,43,44,45,46,47,48,49,50,51,52,53,54,55,56,57,58,59,60,61,62,63,64,65,66,67,68,69,70,71,72,73,74,75,76,77,78,79,80,81,82,83,84,85,86,87,88,89,90,91,92,93,94,95,96,97,98,99
0.97024524,0.4512732,0.7391547,0.40619457,0.21093383,0.8756337,0.5152159,0.5360427,0.7196349,-0.13904284,-0.070735924,-0.22700077,0.24252944,0.056848053,0.08933064,0.48593935,0.016818352,0.37955886,0.18775564,0.7956703,0.16406682,0.026678238,0.43951008,-0.5064575,0.33565724,-0.6295599,0.4680243,-0.1062368,-0.18296507,0.28726426,0.3128183,0.6040808,0.7704115,0.049441196,-0.21108764,-0.03709984,0.002230958,0.5823959,0.025963427,0.36601353,0.28852397,-0.2788875,-0.22760208,0.6151493,0.0035561174,0.21831082,0.14894843,0.012435303,0.7909011,0.67256176,0.37640297,0.49799016,0.3502221,0.3155636,0.40878958,0.8186896,0.3571552,0.32948124,0.06564194,0.12247572,0.11377742,-0.107456386,-0.15846142,0.058393583,0.065228395,0.15049607,0.6786933,-0.044741478,-0.2993905,0.24337466,0.25113362,-0.19533482,-0.009777353,0.18028146,0.032945495,-0.33330023,0.030695416,-0.105202764,0.50195104,0.4922362,-0.60255206,-0.24400182,-0.25830185,-0.26503026,-0.243763,-0.22934428,-0.30779332,-0.4850821,-0.19327691,-0.32193118,0.2647018,0.4537303,-0.27852118,0.013695477,-0.43938828,0.37745935,0.49014992,-0.020376382,0.8222682,0.6085141
0.4512732,0.92424875,0.15003598,0.7581897,0.8714161,0.63505,0.066154234,0.36906725,0.25161153,-0.28367478,-0.6712049,-0.647552,-0.109456405,-0.67016786,-0.63509774,0.8813387,-0.5849424,0.82917523,-0.6008167,0.7154212,-0.4977098,0.50813025,0.59752953,0.29176903,-0.05411957,-0.015415987,0.48693973,0.25739956,-0.33634833,0.49424076,0.73753107,0.6832371,0.42144537,0.61567354,0.4260047,0.34021115,0.47343653,0.010693326,0.5612905,0.73111343,0.7083814,0.5171018,0.5007175,0.045322906,0.6938791,0.5241577,0.39525682,0.4646067,0.50555956,0.5526868,-0.05734057,0.40191746,-0.21325834,0.8402518,0.81651366,0.3249917,0.20516573,0.58508134,-0.5791781,-0.6218066,-0.6087916,-0.39489758,-0.6853992,-0.6665901,-0.67514163,-0.6285857,0.305695,-0.705248,0.5030066,0.75452244,-0.49657163,0.60839957,0.23183706,0.12358917,-0.46036047,-0.5674534,-0.4237337,-0.35505325,0.6811007,0.45480025,0.25652093,0.5336792,0.52636945,0.57003117,-0.14601968,0.50227726,0.41043824,0.16060561,0.529695,0.42679554,0.5045086,-0.06419232,0.28274226,0.71252525,0.36092448,0.32139543,0.64814806,0.53430986,0.7286343,0.6929599
0.7391547,0.15003598,0.94522166,0.11795085,-0.097850256,0.54994047,0.74471575,0.62393486,0.7033918,0.1965094,0.26577306,0.20896265,-0.025125815,0.30274838,0.4312666,0.17888469,0.15917891,0.18388139,0.4506076,0.43143138,0.5759192,-0.4932761,0.046877485,-0.44959313,0.5782445,-0.39585397,-0.08819042,-0.4429526,0.3187539,-0.22020367,-0.16610226,0.093679786,0.3872951,-0.44816244,-0.6663619,-0.41351438,-0.28123784,0.55652714,-0.40077633,0.041023634,-0.21440461,-0.6067523,-0.6132033,0.36658674,-0.40212238,-0.34356362,-0.4085327,-0.51978564,0.34111688,0.17084879,0.026556179,0.73406565,0.74925184,0.14291012,0.30372092,0.8911538,0.7209406,0.48547673,0.22853428,0.47093296,0.45246074,-0.056360956,0.3225506,0.28819835,0.33433646,0.40934515,0.8598813,0.3157797,-0.4134944,0.14153917,0.6168644,-0.3424561,0.18651411,0.3759664,0.53428936,0.17628323,0.54110605,0.37365836,0.01659059,-0.044138867,-0.649827,-0.58980364,-0.59967124,-0.5192884,0.19833335,-0.6097035,-0.4206854,-0.724944,-0.32072824,-0.6240034,-0.28612116,0.1286489,-0.6071262,-0.3857314,-0.34666097,0.0050677243,0.024490353,-0.531359,0.4689124,0.11669348
0.40619457,0.7581897,0.11795085,0.8675669,0.74009424,0.5201279,0.18072775,0.47369957,0.38281453,-0.08064496,-0.47031432,-0.5118185,0.066305555,-0.43822485,-0.4521398,0.7149382,-0.36663172,0.5842911,-0.4010536,0.57791454,-0.36448932,0.49003896,0.47717613,0.1170647,0.12402964,-0.10898063,0.47418433,0.24097107,-0.27849966,0.47611657,0.75864506,0.6613115,0.5422332,0.5629747,0.36933386,0.20926109,0.41473067,0.25851512,0.6034337,0.7621761,0.69994664,0.4105751,0.4689231,0.23145217,0.65965873,0.5301385,0.38548034,0.43884593,0.5292778,0.60031843,-0.028930683,0.28013676,-0.16087538,0.7060582,0.5698745,0.22026394,0.1297459,0.44433504,-0.33815122,-0.4882005,-0.4645698,-0.18755358,-0.5653429,-0.4333621,-0.4744274,-0.42814654,0.24133316,-0.5345336,0.29454783,0.47835463,-0.38143456,0.3998655,-0.0671608,0.010564681,-0.40217346,-0.5534868,-0.3723562,-0.3377825,0.73212457,0.4261836,0.108915806,0.42988458,0.46116716,0.42647868,-0.08978884,0.4438024,0.32643226,0.07473302,0.2806752,0.36963713,0.49313086,0.08566549,0.18985468,0.62317413,0.18123975,0.47817805,0.6805426,0.48310703,0.6043789,0.6803876
0.21093383,0.8714161,-0.097850256,0.74009424,0.93743914,0.45089,-0.1385433,0.20923373,0.031334244,-0.33076873,-0.77773595,-0.7086766,-0.18826692,-0.79782254,-0.7842765,0.82419133,-0.68639696,0.7966602,-0.7683531,0.55928314,-0.6686188,0.61415845,0.5569241,0.47830033,-0.21247241,0.14064002,0.44966006,0.35216296,-0.38540626,0.503827,0.7671988,0.61095756,0.26753995,0.7210133,0.5997382,0.431858,0.5503164,-0.17921785,0.6583446,0.7151613,0.7417316,0.7027626,0.67642134,-0.12407853,0.822989,0.58043766,0.4552201,0.5791518,0.34976414,0.44787505,-0.15957834,0.25156257,-0.4066425,0.8504549,0.7694483,0.08231348,0.060807437,0.5064804,-0.6979242,-0.78337944,-0.75962174,-0.4333768,-0.7668226,-0.7943325,-0.8167957,-0.7867559,0.08953327,-0.8205402,0.6719998,0.75643945,-0.6904203,0.7577113,0.23748623,0.018544942,-0.58949184,-0.58407515,-0.5470741,-0.43009776,0.642929,0.4016385,0.49403584,0.7196598,0.7155944,0.7554163,-0.13197356,0.6885847,0.5659251,0.36609364,0.6627883,0.6233376,0.52956194,-0.19525951,0.4407003,0.8309442,0.5351045,0.2856535,0.62349653,0.662229,0.56920266,0.62413925
0.8756337,0.63505,0.54994047,0.5201279,0.45089,0.9318049,0.31265962,0.4427967,0.5727231,-0.27640206,-0.3304913,-0.4467848,0.1826132,-0.23598023,-0.21578166,0.6702842,-0.21450505,0.5750154,-0.12345113,0.88858247,-0.13036835,0.27292758,0.5618,-0.25225222,0.14430578,-0.46614748,0.6045755,0.08405184,-0.33781755,0.44866014,0.5235455,0.73784775,0.72264636,0.32659048,0.07986106,0.20911932,0.22844374,0.36992222,0.2576176,0.51105076,0.51141953,0.041973025,0.06265947,0.48176134,0.28087306,0.41422015,0.35009912,0.25848514,0.81651306,0.7471037,0.36282557,0.43218988,0.09374856,0.48460257,0.5613064,0.68492496,0.2306736,0.3661912,-0.18208058,-0.17640123,-0.18353622,-0.20326886,-0.42879742,-0.22862019,-0.2283175,-0.15716308,0.5396639,-0.32874364,-0.023150496,0.4370107,-0.05593779,0.087540135,0.055758506,0.19763666,-0.23113377,-0.5030507,-0.21666011,-0.286608,0.65144694,0.61722374,-0.3212237,0.0643903,0.04947863,0.039422855,-0.34619015,0.060337067,-0.048638802,-0.22231701,0.10194764,-0.030419681,0.46342042,0.38039988,-0.0117114745,0.30617833,-0.20064497,0.42891133,0.60481757,0.25540948,0.91100335,0.7508601
0.5152159,0.066154234,0.74471575,0.18072775,-0.1385433,0.31265962,0.86180395,0.71813005,0.72087705,0.49164677,0.43861422,0.40197527,0.06186511,0.4159989,0.53874356,0.0840776,0.2943677,0.04845448,0.52503574,0.22074491,0.67514145,-0.5078673,-0.08058046,-0.35999945,0.74908787,-0.1978093,-0.2170686,-0.3434979,0.49796724,-0.2653057,-0.16749889,-0.020578219,0.30773255,-0.48206407,-0.67679155,-0.50212723,-0.23168057,0.6163572,-0.3122821,0.10851191,-0.23282933,-0.594704,-0.5529156,0.33040485,-0.39373994,-0.40325212,-0.49187213,-0.57447183,0.19194117,0.06191726,-0.108218536,0.61809766,0.7582808,0.08795835,0.160147,0.6509721,0.67051196,0.4499203,0.3729513,0.54961526,0.5420524,0.15278456,0.45778218,0.3990948,0.43264997,0.49064422,0.7141113,0.44500828,-0.42010248,0.0065780003,0.66204023,-0.3674561,0.031888448,0.369796,0.6365174,0.30407107,0.6388552,0.48414987,-0.019041564,-0.20728917,-0.5857148,-0.60092604,-0.5837022,-0.5182619,0.36893916,-0.6120489,-0.31329423,-0.6340815,-0.38432944,-0.5845008,-0.36727154,0.07890529,-0.62444794,-0.39878088,-0.2784123,0.06685501,-0.061639555,-0.59229946,0.265481,-0.0025800765
0.5360427,0.36906725,0.62393486,0.47369957,0.20923373,0.4427967,0.71813005,0.9006096,0.7534529,0.3363712,0.13057284,0.086080134,-0.08136965,0.10031469,0.20249943,0.3651281,-0.032359835,0.31927744,0.19439696,0.38165495,0.35507184,-0.22732714,0.02119105,-0.16123495,0.59983903,-0.14431205,-0.059120566,-0.26600593,0.30014896,-0.1226883,0.16546509,0.20012444,0.3854944,-0.14957765,-0.39411804,-0.255452,0.020893121,0.48870766,0.0001775194,0.39868495,0.10709588,-0.26326135,-0.23240915,0.23393333,-0.035429955,-0.17058234,-0.26102766,-0.30269337,0.31938365,0.2595461,-0.13753955,0.6380083,0.5079794,0.35288686,0.39935625,0.5987606,0.608909,0.6229122,0.08311188,0.19578,0.18960285,-0.05203903,0.094118625,0.086135015,0.103855684,0.16197433,0.6334242,0.08645172,-0.180621,0.2390459,0.32718372,-0.0829124,-0.05662572,0.33125147,0.31846592,-0.010970978,0.34536704,0.20206963,0.27462763,-0.0033337353,-0.35948172,-0.26636276,-0.23670313,-0.19928733,0.2127668,-0.2841378,-0.04973899,-0.49644822,-0.105694175,-0.2605261,-0.07956157,0.06851415,-0.37090886,-0.033677123,-0.071078464,0.20563483,0.15558082,-0.2904585,0.44173044,0.2656237
0.7196349,0.25161153,0.7033918,0.38281453,0.031334244,0.5727231,0.72087705,0.7534529,0.8937166,0.29120076,0.27222404,0.13996288,0.22798738,0.3114256,0.3626203,0.2787528,0.19668548,0.15411319,0.3986373,0.47773582,0.43535542,-0.19735959,0.0897371,-0.4619094,0.6310979,-0.3772224,0.1419564,-0.17854759,0.16722949,0.017475452,0.15269649,0.31504348,0.5968646,-0.17972627,-0.422386,-0.2015471,0.0008880361,0.6768216,-0.030868758,0.34797472,0.10078815,-0.41692945,-0.3395025,0.55416113,-0.15263487,-0.068168074,-0.12683272,-0.2524467,0.538501,0.44047466,0.19031692,0.4941486,0.514839,0.16219628,0.2089908,0.6783105,0.4478327,0.35880634,0.3150186,0.3666166,0.35633022,0.14127594,0.15033472,0.30448198,0.30828848,0.37751794,0.628039,0.23696107,-0.45883274,0.016266717,0.4571214,-0.3546704,-0.2253494,0.34663668,0.31138498,-0.046034634,0.30892625,0.14389905,0.34442878,0.18697312,-0.631332,-0.42432088,-0.38644856,-0.4283035,0.018052293,-0.40021127,-0.23250768,-0.5529452,-0.3325423,-0.39801645,0.026379723,0.39908645,-0.37194943,-0.15270872,-0.4037457,0.38997144,0.24206787,-0.28846157,0.5288096,0.3631122
-0.13904284,-0.28367478,0.1965094,-0.08064496,-0.33076873,-0.27640206,0.49164677,0.3363712,0.29120076,0.8349265,0.64880264,0.7180508,0.13268924,0.47976643,0.5750104,-0.28221363,0.44418523,-0.31211066,0.48539317,-0.3501814,0.6205611,-0.49809322,-0.40051395,-0.036174685,0.6536876,0.31039384,-0.497468,-0.059183538,0.6967133,-0.36341965,-0.3279482,-0.39423913,-0.15468448,-0.5105488,-0.5033926,-0.39469105,-0.07090984,0.3463293,-0.23207012,-0.041933224,-0.4028706,-0.39915007,-0.36131406,0.069598064,-0.37332025,-0.5066613,-0.585253,-0.5679924,-0.28283447,-0.33290863,-0.35996032,0.16198471,0.4967794,-0.21107936,-0.23291701,0.056474812,0.32006866,0.10236941,0.53120136,0.5725492,0.5958659,0.5119481,0.65739125,0.4756282,0.50112045,0.49037462,0.19185741,0.6042206,-0.3069104,-0.31060293,0.5373713,-0.31489694,-0.11684748,0.3796971,0.6656276,0.6307045,0.65729266,0.64061326,-0.31505758,-0.5638118,-0.19884828,-0.44632524,-0.39486474,-0.38446677,0.5417056,-0.4520599,-0.002945424,-0.1844249,-0.30591947,-0.3115455,-0.54954875,-0.14024174,-0.32479227,-0.40338686,-0.038486447,0.03245387,-0.36536264,-0.58306384,-0.31637812,-0.38137603
-0.070735924,-0.6712049,0.26577306,-0.47031432,-0.77773595,-0.3304913,0.43861422,0.13057284,0.27222404,0.64880264,0.931529,0.8464143,0.31419218,0.8679038,0.8939265,-0.64410526,0.7724222,-0.6983578,0.8541814,-0.44985408,0.81982934,-0.6478395,-0.5367398,-0.48448735,0.56254536,-0.07844925,-0.4635396,-0.2780238,0.5815318,-0.46925068,-0.62860227,-0.511908,-0.09314339,-0.73628366,-0.69496155,-0.4946974,-0.4097279,0.45553905,-0.5322692,-0.4215174,-0.64608526,-0.7506788,-0.68036,0.27541772,-0.75615335,-0.59830445,-0.54546994,-0.659444,-0.23746598,-0.34118134,0.042203914,-0.054937676,0.5821359,-0.658242,-0.6448065,0.070147544,0.13512915,-0.2977525,0.8436476,0.88980186,0.8802388,0.6399441,0.8521514,0.86816454,0.8876344,0.8758385,0.11267857,0.91160214,-0.7288264,-0.7127602,0.81122327,-0.7773174,-0.31468558,0.22353776,0.7394054,0.6539498,0.7006918,0.5832082,-0.48735946,-0.44657922,-0.5734513,-0.78145206,-0.7504283,-0.8009926,0.31057388,-0.7508745,-0.4697036,-0.4330717,-0.70405895,-0.64824456,-0.5683706,0.22074339,-0.5109396,-0.78902435,-0.52118003,-0.06477819,-0.5309986,-0.74713004,-0.4377554,-0.515097
-0.22700077,-0.647552,0.20896265,-0.5118185,-0.7086766,-0.4467848,0.40197527,0.086080134,0.13996288,0.7180508,0.8464143,0.91670424,0.12074128,0.7100674,0.79426193,-0.63663965,0.62754965,-0.61327124,0.7059821,-0.55816966,0.78396857,-0.73254144,-0.61955017,-0.23625314,0.54850507,0.18259007,-0.64383876,-0.26377523,0.73590356,-0.5850609,-0.69402444,-0.6564946,-0.32352468,-0.78340846,-0.7051651,-0.50392956,-0.35025227,0.28228438,-0.57288575,-0.4553102,-0.73313427,-0.6573383,-0.6457311,0.045319863,-0.71928406,-0.7255614,-0.7097471,-0.7551676,-0.43900326,-0.5371932,-0.22842848,0.032970686,0.5876603,-0.57303053,-0.5247052,0.019204842,0.24902137,-0.15729983,0.70737237,0.8140178,0.81885135,0.5736624,0.8880596,0.70606315,0.7435968,0.72466856,0.11529422,0.8430095,-0.53642076,-0.5695155,0.7408438,-0.5804893,-0.11471279,0.3465619,0.81433403,0.81218135,0.78827643,0.73570764,-0.6311184,-0.6637869,-0.3610123,-0.69790965,-0.6702193,-0.6557461,0.49688357,-0.70487905,-0.28799647,-0.32421893,-0.5131833,-0.56085116,-0.7357518,-0.07060102,-0.46548438,-0.7416798,-0.25032642,-0.20346732,-0.6492137,-0.8032298,-0.5393206,-0.64807594
0.24252944,-0.109456405,-0.025125815,0.066305555,-0.18826692,0.1826132,0.06186511,-0.08136965,0.22798738,0.13268924,0.31419218,0.12074128,0.88940644,0.39065504,0.27789652,-0.06461918,0.54181474,-0.3051321,0.35662523,0.15134494,0.11866392,0.24918279,0.25334293,-0.49232972,0.20577051,-0.33363807,0.48457122,0.43241906,-0.23288678,0.47600365,0.21683307,0.35642594,0.5222383,0.12888783,0.099851415,0.12532127,0.15547591,0.5034623,0.23650843,0.18395025,0.1941098,-0.14307354,0.012949845,0.71448237,0.0022565452,0.38868606,0.37275988,0.2550085,0.46821257,0.45858017,0.52126074,-0.38784572,-0.05718459,-0.25071096,-0.40207198,-0.032472298,-0.42081594,-0.549958,0.5519415,0.26872802,0.2810368,0.5991156,0.05659657,0.41818178,0.3728295,0.3821194,-0.11378822,0.27953756,-0.44170293,-0.4684587,0.1680027,-0.4418217,-0.46786445,-0.030506473,-0.078026265,-0.11259632,-0.13529575,-0.13002133,0.32578254,0.3840362,-0.41631675,-0.15435301,-0.12171564,-0.29940423,-0.31673032,-0.058530245,-0.16500974,0.07923653,-0.43934846,-0.09399437,0.313183,0.6340855,0.07946614,-0.06857841,-0.5960331,0.5813366,0.3177154,0.146918,0.12743895,0.2889461
0.056848053,-0.67016786,0.30274838,-0.43822485,-0.79782254,-0.23598023,0.4159989,0.10031469,0.3114256,0.47976643,0.8679038,0.7100674,0.39065504,0.96855646,0.9216231,-0.64059186,0.8101785,-0.728454,0.94213665,-0.35685757,0.80475634,-0.5810389,-0.4260071,-0.69019055,0.48708087,-0.33020294,-0.32060102,-0.34198403,0.40040708,-0.38485065,-0.5849097,-0.4003816,0.06645642,-0.68782663,-0.6730634,-0.52411735,-0.51415586,0.54511833,-0.5390184,-0.44217187,-0.59145993,-0.8117893,-0.7039991,0.4111863,-0.7652035,-0.48510045,-0.4148094,-0.5693308,-0.094739705,-0.20428091,0.2269446,-0.100084096,0.56667286,-0.66809404,-0.6981325,0.117079526,0.06885129,-0.38947088,0.85853696,0.88300514,0.85530734,0.556601,0.7801323,0.95902723,0.9534535,0.95141906,0.1333545,0.8921124,-0.8385948,-0.76833886,0.8297355,-0.9048902,-0.38774955,0.028252108,0.64041996,0.49136627,0.59752715,0.4323954,-0.40257993,-0.28796816,-0.71911263,-0.81877244,-0.7888113,-0.8798975,0.167462,-0.7498099,-0.6410333,-0.5420801,-0.84659153,-0.71417785,-0.445679,0.38009766,-0.56490535,-0.8278699,-0.7232553,-0.04333301,-0.40457845,-0.6736808,-0.3561489,-0.41764995
0.08933064,-0.63509774,0.4312666,-0.4521398,-0.7842765,-0.21578166,0.53874356,0.20249943,0.3626203,0.5750104,0.8939265,0.79426193,0.27789652,0.9216231,0.9663015,-0.60526097,0.78276205,-0.6495452,0.940803,-0.3409709,0.9064306,-0.72443026,-0.46610883,-0.6227522,0.5972256,-0.24394621,-0.44553053,-0.42509228,0.56045336,-0.49564868,-0.6644619,-0.4733922,0.0005047703,-0.80769455,-0.81131846,-0.621755,-0.55549943,0.55455106,-0.64703727,-0.4660707,-0.68699205,-0.8817408,-0.8098712,0.34467492,-0.8353226,-0.63065255,-0.5869218,-0.7263894,-0.15861174,-0.29397118,0.08327636,0.07965078,0.7150103,-0.6033045,-0.57720006,0.2352712,0.26416874,-0.21848892,0.83269125,0.94238436,0.916736,0.52399576,0.86784244,0.9149328,0.9398179,0.95083666,0.28531688,0.9284118,-0.80233526,-0.66069734,0.9184902,-0.85198796,-0.22684032,0.17856094,0.79792273,0.6226795,0.7568544,0.5969399,-0.4883593,-0.42125827,-0.7230376,-0.89518905,-0.8729837,-0.9030726,0.32061622,-0.8574976,-0.6327399,-0.6168592,-0.7998806,-0.79902196,-0.5983572,0.2432392,-0.67045414,-0.8760251,-0.63071895,-0.1338895,-0.48688298,-0.81526643,-0.33383936,-0.4848583
0.48593935,0.8813387,0.17888469,0.7149382,0.82419133,0.6702842,0.0840776,0.3651281,0.2787528,-0.28221363,-0.64410526,-0.63663965,-0.06461918,-0.64059186,-0.60526097,0.9029448,-0.5358114,0.8304168,-0.57089484,0.751138,-0.4762749,0.5222167,0.62532836,0.2594508,-0.048304092,-0.0544441,0.52483344,0.26531613,-0.338327,0.52047336,0.72646916,0.70252955,0.4522304,0.6172806,0.42131335,0.36150903,0.46719414,0.022837752,0.55263925,0.72612643,0.71869504,0.4945705,0.4792479,0.07867814,0.66392815,0.53756166,0.4277628,0.47361612,0.5459955,0.58044165,0.003111668,0.39422172,-0.20038104,0.7804604,0.8010295,0.35494974,0.1906505,0.553836,-0.5362139,-0.58540285,-0.5811604,-0.35954148,-0.6815268,-0.6387366,-0.6373255,-0.59154236,0.31649137,-0.67519903,0.47312707,0.7463614,-0.46514526,0.5792959,0.22707765,0.14519732,-0.4521944,-0.5758866,-0.41880938,-0.36511993,0.69563234,0.494771,0.21745066,0.5108383,0.49439597,0.5393817,-0.20072456,0.4723062,0.3765881,0.15446042,0.5109781,0.39807504,0.5292611,-0.0024868583,0.2723239,0.69387,0.32157034,0.32838386,0.6332403,0.5317552,0.7643086,0.7089324
0.016818352,-0.5849424,0.15917891,-0.36663172,-0.68639696,-0.21450505,0.2943677,-0.032359835,0.19668548,0.44418523,0.7724222,0.62754965,0.54181474,0.8101785,0.78276205,-0.5358114,0.8431557,-0.65601075,0.7905103,-0.30295292,0.6620078,-0.3864352,-0.2313309,-0.5906965,0.41946152,-0.254672,-0.1582857,-0.076733574,0.28892577,-0.15489909,-0.4349724,-0.25968307,0.119280785,-0.5117986,-0.4856825,-0.40353796,-0.37053758,0.50140744,-0.35257858,-0.31902584,-0.4469223,-0.6473179,-0.52266634,0.44526052,-0.60218084,-0.2830753,-0.2547679,-0.38314742,-0.031252198,-0.11609965,0.24123868,-0.22066675,0.41423002,-0.6008541,-0.6670707,-0.00048870733,-0.0783726,-0.487148,0.81553537,0.76618886,0.74239963,0.6263366,0.67003894,0.8263341,0.8153111,0.8126669,0.009848578,0.7913183,-0.69511384,-0.70489466,0.6866616,-0.753211,-0.33083057,-0.034641694,0.5128352,0.42454574,0.46133238,0.35627943,-0.29057902,-0.19140407,-0.59409976,-0.6656525,-0.645183,-0.7197406,0.107747406,-0.59359896,-0.5239133,-0.31285292,-0.74955285,-0.57619154,-0.32026637,0.3762434,-0.42704898,-0.6588393,-0.644663,0.059181944,-0.27634758,-0.50096244,-0.3257097,-0.32880634
0.37955886,0.82917523,0.18388139,0.5842911,0.7966602,0.5750154,0.04845448,0.31927744,0.15411319,-0.31211066,-0.6983578,-0.61327124,-0.3051321,-0.728454,-0.6495452,0.8304168,-0.65601075,0.9114867,-0.6466671,0.6564059,-0.48094732,0.40416935,0.5244919,0.4100185,-0.117900416,0.084385164,0.33949548,0.13789815,-0.2420932,0.3525164,0.5781646,0.5347409,0.23420542,0.5218232,0.36171496,0.31067705,0.38388056,-0.1606457,0.41862118,0.58140045,0.5762159,0.5068946,0.431302,-0.15439643,0.5916311,0.37747276,0.27661896,0.3594985,0.3513841,0.37522134,-0.15878463,0.50193053,-0.156048,0.7776396,0.8838276,0.3540098,0.31046414,0.67000234,-0.6736996,-0.6147728,-0.6159786,-0.5030981,-0.634466,-0.73240286,-0.7110636,-0.6709038,0.33737972,-0.7010839,0.5951935,0.8726953,-0.47723734,0.6941777,0.43215677,0.18282315,-0.3786276,-0.46023244,-0.33787012,-0.26803762,0.5137726,0.34224957,0.3392775,0.5196327,0.48538426,0.5951216,-0.09245893,0.4452985,0.3949259,0.14779153,0.6309426,0.38984156,0.37727076,-0.21850261,0.23955399,0.66314536,0.49259475,0.09418107,0.46572435,0.44314426,0.6692474,0.5435198
0.18775564,-0.6008167,0.4506076,-0.4010536,-0.7683531,-0.12345113,0.52503574,0.19439696,0.3986373,0.48539317,0.8541814,0.7059821,0.35662523,0.94213665,0.940803,-0.57089484,0.7905103,-0.6466671,0.9658668,-0.25454333,0.862672,-0.6442238,-0.37698013,-0.7351141,0.56234753,-0.39179727,-0.31314325,-0.4068722,0.4410894,-0.39969397,-0.5949099,-0.36038238,0.13133422,-0.74301535,-0.7603574,-0.59477997,-0.55583096,0.6115156,-0.6013047,-0.42763662,-0.6128531,-0.88219213,-0.7859446,0.45800763,-0.799428,-0.52310145,-0.47607338,-0.6390047,-0.035189934,-0.17279297,0.21043244,0.050127935,0.6778505,-0.59442043,-0.58976316,0.26603016,0.20210117,-0.27698466,0.8455024,0.91502184,0.884966,0.4989363,0.7990005,0.93713117,0.94322586,0.9604908,0.28718504,0.8881058,-0.8600708,-0.6858469,0.8949627,-0.9037577,-0.28871816,0.091176376,0.7115943,0.50782835,0.67165554,0.4944506,-0.38888836,-0.29161566,-0.79663026,-0.8845802,-0.8591055,-0.9204836,0.21297644,-0.8227917,-0.69454956,-0.6399243,-0.8595389,-0.80094826,-0.4869134,0.3690874,-0.658599,-0.85732865,-0.74011934,-0.05569323,-0.37282437,-0.7363292,-0.24984011,-0.3836553
0.7956703,0.7154212,0.43143138,0.57791454,0.55928314,0.88858247,0.22074491,0.38165495,0.47773582,-0.3501814,-0.44985408,-0.55816966,0.15134494,-0.35685757,-0.3409709,0.751138,-0.30295292,0.6564059,-0.25454333,0.92547846,-0.26092106,0.39883053,0.65473264,-0.1539388,0.047365345,-0.41867298,0.6637282,0.14973329,-0.42203593,0.53553057,0.61719215,0.79782254,0.6996414,0.44597793,0.20500658,0.26869828,0.2771089,0.27267188,0.35831618,0.5749163,0.60850036,0.16992569,0.1888031,0.4158817,0.39575464,0.51978076,0.44096756,0.3742882,0.8076709,0.76546896,0.33530957,0.38623565,-0.023771081,0.55769306,0.63122725,0.59343636,0.17359449,0.37786824,-0.28619403,-0.30625954,-0.31834295,-0.27154619,-0.54736376,-0.34972394,-0.35284805,-0.2794237,0.45080054,-0.4537174,0.105876766,0.5250046,-0.18797353,0.22366387,0.106173664,0.11072609,-0.3419819,-0.5865897,-0.3292446,-0.37113374,0.7098079,0.6653397,-0.19218057,0.19448707,0.17242578,0.18214133,-0.38609463,0.1908873,0.024918545,-0.10913333,0.19171283,0.07990874,0.55024976,0.32869017,0.07178508,0.43494183,-0.098894365,0.4174861,0.6623399,0.37491316,0.91519165,0.7901353
0.16406682,-0.4977098,0.5759192,-0.36448932,-0.6686188,-0.13036835,0.67514145,0.35507184,0.43535542,0.6205611,0.81982934,0.78396857,0.11866392,0.80475634,0.9064306,-0.4762749,0.6620078,-0.48094732,0.862672,-0.26092106,0.95547605,-0.8069117,-0.44433317,-0.5216377,0.6961648,-0.17606893,-0.5213289,-0.5018863,0.6783917,-0.5614173,-0.6565087,-0.4712226,-0.017393278,-0.8545561,-0.89587927,-0.69911385,-0.55501723,0.547984,-0.68515646,-0.40582216,-0.6982372,-0.8832436,-0.846647,0.27325064,-0.8131558,-0.71666753,-0.71989155,-0.8312516,-0.17360261,-0.32967097,-0.084138155,0.31639272,0.8417492,-0.43972677,-0.36205193,0.3860721,0.4919024,0.027583512,0.7175349,0.90942824,0.8893976,0.4041342,0.86870724,0.7918744,0.83180183,0.8624993,0.47441024,0.863577,-0.7009865,-0.46687162,0.9415256,-0.7197977,-0.03930592,0.29222327,0.8948909,0.67568517,0.87088895,0.7131239,-0.49064672,-0.5049275,-0.687793,-0.8965883,-0.87930316,-0.8434851,0.46397758,-0.88808197,-0.5788579,-0.68341804,-0.6958991,-0.82392156,-0.69370115,0.08715804,-0.7542064,-0.832994,-0.4873091,-0.19049318,-0.4825325,-0.88834167,-0.23769528,-0.47643664
0.026678238,0.50813025,-0.4932761,0.49003896,0.61415845,0.27292758,-0.5078673,-0.22732714,-0.19735959,-0.49809322,-0.6478395,-0.73254144,0.24918279,-0.5810389,-0.72443026,0.5222167,-0.3864352,0.40416935,-0.6442238,0.39883053,-0.8069117,0.9397721,0.6087663,0.25511694,-0.5106156,-0.04792808,0.7296691,0.61786544,-0.74462974,0.7671727,0.7759657,0.67208636,0.335217,0.92226696,0.89281315,0.66408205,0.55714965,-0.22903416,0.81275016,0.56342405,0.83332145,0.76603734,0.8295969,0.06408927,0.78811234,0.8833494,0.88555765,0.93775976,0.4215238,0.57008713,0.32839304,-0.38875464,-0.7674942,0.38173932,0.23597515,-0.31498116,-0.58631325,-0.16554272,-0.45524052,-0.74826175,-0.7495066,-0.15180066,-0.8360983,-0.55743426,-0.61468244,-0.6356642,-0.4296735,-0.70652425,0.48833013,0.30824062,-0.7848723,0.49785864,-0.17291799,-0.32935542,-0.88953805,-0.7734257,-0.8824253,-0.777262,0.6916771,0.6998949,0.4364835,0.7798562,0.7638787,0.66890633,-0.5808468,0.81039953,0.42717966,0.6063473,0.45305192,0.7088223,0.84980834,0.23518978,0.67442536,0.7884116,0.19216312,0.4395514,0.6417956,0.93031687,0.35411152,0.6330278
0.43951008,0.59752953,0.046877485,0.47717613,0.5569241,0.5618,-0.08058046,0.02119105,0.0897371,-0.40051395,-0.5367398,-0.61955017,0.25334293,-0.4260071,-0.46610883,0.62532836,-0.2313309,0.5244919,-0.37698013,0.65473264,-0.44433317,0.6087663,0.8053586,-0.016763203,-0.16865164,-0.29965153,0.7101383,0.3675022,-0.5466194,0.69484496,0.63013476,0.73391575,0.53995883,0.6138381,0.4778818,0.29029194,0.25356954,0.10334243,0.4835264,0.47853208,0.638282,0.37549058,0.4212802,0.2979981,0.53062475,0.70138437,0.60264874,0.60356915,0.59292346,0.61736906,0.28585485,0.073162034,-0.265148,0.4879184,0.43541947,0.18031767,-0.113836884,0.09046422,-0.3288876,-0.46310022,-0.4728282,-0.19516617,-0.61149925,-0.40573072,-0.44001612,-0.39707655,0.11738935,-0.51528937,0.29384315,0.44036564,-0.39043674,0.34197867,0.1543923,-0.19827092,-0.5209768,-0.6030348,-0.51898724,-0.45448977,0.63403916,0.62202024,0.045481123,0.4038722,0.3733105,0.3767183,-0.3549629,0.42187953,0.08184779,0.18996146,0.22062942,0.26269287,0.59775156,0.19185683,0.20534274,0.5345745,-0.0007449966,0.3181582,0.6657752,0.6051196,0.6129545,0.6353835
-0.5064575,0.29176903,-0.44959313,0.1170647,0.47830033,-0.25225222,-0.35999945,-0.16123495,-0.4619094,-0.036174685,-0.48448735,-0.23625314,-0.49232972,-0.69019055,-0.6227522,0.2594508,-0.5906965,0.4100185,-0.7351141,-0.1539388,-0.5216377,0.25511694,-0.016763203,0.9252595,-0.31322134,0.7728144,-0.19156076,0.2659438,0.06492106,0.0019915586,0.19617042,-0.11442852,-0.547232,0.36087382,0.45323882,0.34227875,0.42171717,-0.66949856,0.32543093,0.18922547,0.2017977,0.69283557,0.5536256,-0.7180516,0.49510118,0.06393317,0.016102722,0.22716105,-0.42106086,-0.30558118,-0.57756114,0.031215169,-0.41043848,0.3698055,0.41154623,-0.3554265,0.0054307366,0.32927543,-0.60557574,-0.60070205,-0.5695377,-0.25491536,-0.34105146,-0.69417036,-0.6703354,-0.7177172,-0.27715907,-0.52668107,0.7970521,0.5201441,-0.61256135,0.8045244,0.39151293,0.1704136,-0.27736157,0.0108698215,-0.23726228,-0.024977678,-0.047952816,-0.23058563,0.8706751,0.66157913,0.6458632,0.75848067,0.2126615,0.56421876,0.71795803,0.60013884,0.7855215,0.6471263,0.00991519,-0.6705247,0.48687887,0.5532311,0.90980315,-0.21249305,-0.08876844,0.33608407,-0.14869702,-0.08631033
0.33565724,-0.05411957,0.5782445,0.12402964,-0.21247241,0.14430578,0.74908787,0.59983903,0.6310979,0.6536876,0.56254536,0.54850507,0.20577051,0.48708087,0.5972256,-0.048304092,0.41946152,-0.117900416,0.56234753,0.047365345,0.6961648,-0.5106156,-0.16865164,-0.31322134,0.8412223,-0.050875865,-0.25558484,-0.16645473,0.5832881,-0.23838335,-0.19022071,-0.09824267,0.2391105,-0.50641894,-0.6384616,-0.469113,-0.12844881,0.64785874,-0.25489587,0.110998616,-0.2792162,-0.5636393,-0.5013671,0.37436596,-0.37286574,-0.4049546,-0.5267273,-0.5798951,0.10313592,-0.004174197,-0.17938009,0.44259062,0.6939204,-0.015365975,-0.01470544,0.46034622,0.53194994,0.29354697,0.5154666,0.60306305,0.61852777,0.38610741,0.5669527,0.48355335,0.50872225,0.5482995,0.5569446,0.5471331,-0.45461994,-0.1705526,0.66157013,-0.4085266,-0.08061251,0.42137408,0.67486894,0.43323702,0.6650085,0.58075154,-0.079954095,-0.32365662,-0.5208783,-0.58410347,-0.5397774,-0.5234207,0.44666475,-0.5769428,-0.19931585,-0.47190607,-0.42494768,-0.5038419,-0.43787748,0.058531396,-0.5156134,-0.42220658,-0.26359788,0.17491443,-0.08365951,-0.5993996,0.0919689,-0.08313561
-0.6295599,-0.015415987,-0.39585397,-0.10898063,0.14064002,-0.46614748,-0.1978093,-0.14431205,-0.3772224,0.31039384,-0.07844925,0.18259007,-0.33363807,-0.33020294,-0.24394621,-0.0544441,-0.254672,0.084385164,-0.39179727,-0.41867298,-0.17606893,-0.04792808,-0.29965153,0.7728144,-0.050875865,0.9098908,-0.4367439,0.24194756,0.4093609,-0.21641572,-0.090451285,-0.38504553,-0.66239727,0.027284704,0.17521824,0.17332625,0.34760404,-0.49006277,0.112930834,0.017080123,-0.10086742,0.40309858,0.29564103,-0.61363125,0.1996111,-0.22287229,-0.27302623,-0.0763569,-0.5969416,-0.5187673,-0.6405411,-0.02334383,-0.18330988,0.07568389,0.11337699,-0.38121808,0.041944727,0.18574923,-0.21248582,-0.21532609,-0.16814913,0.100416064,0.064582855,-0.33463246,-0.2952342,-0.35517752,-0.25709417,-0.12523511,0.50797045,0.19511917,-0.28196284,0.49491686,0.2492477,0.3597508,0.07248649,0.38088214,0.10675874,0.29756725,-0.30497253,-0.517358,0.6959761,0.36495078,0.37129134,0.44864193,0.4106052,0.27195272,0.64154303,0.5126635,0.5348308,0.44124204,-0.30100822,-0.63730913,0.34895906,0.22711563,0.75167763,-0.18053561,-0.34404844,0.004903052,-0.39934415,-0.3501389
0.4680243,0.48693973,-0.08819042,0.47418433,0.44966006,0.6045755,-0.2170686,-0.059120566,0.1419564,-0.497468,-0.4635396,-0.64383876,0.48457122,-0.32060102,-0.44553053,0.52483344,-0.1582857,0.33949548,-0.31314325,0.6637282,-0.5213289,0.7296691,0.7101383,-0.19156076,-0.25558484,-0.4367439,0.928606,0.4881582,-0.7608022,0.8197974,0.7238736,0.85312057,0.6922872,0.69907105,0.5748496,0.51063406,0.40133357,0.15624687,0.59093094,0.5171682,0.7423283,0.37680227,0.46361643,0.50473446,0.5427947,0.8514787,0.8256202,0.7520832,0.77973074,0.83516663,0.6099242,-0.22378391,-0.45816696,0.30528402,0.21243422,0.07921982,-0.43319356,-0.19372723,-0.2007693,-0.44154322,-0.44735044,-0.05052886,-0.6928356,-0.2944963,-0.3461678,-0.32071352,-0.08525838,-0.4901423,0.10462867,0.1892403,-0.43547195,0.15218386,-0.22794242,-0.21309188,-0.68616974,-0.75568056,-0.7027907,-0.6850084,0.7830814,0.8701394,-0.052346688,0.4015233,0.38987112,0.2796521,-0.6783129,0.46023872,0.077408455,0.24012536,0.12420153,0.3204196,0.8319116,0.5605763,0.3909669,0.54157025,-0.22932714,0.6112688,0.76325655,0.70574486,0.6322909,0.8004757
-0.1062368,0.25739956,-0.4429526,0.24097107,0.35216296,0.08405184,-0.3434979,-0.26600593,-0.17854759,-0.059183538,-0.2780238,-0.26377523,0.43241906,-0.34198403,-0.42509228,0.26531613,-0.076733574,0.13789815,-0.4068722,0.14973329,-0.5018863,0.61786544,0.3675022,0.2659438,-0.16645473,0.24194756,0.4881582,0.8081652,-0.34152502,0.624069,0.5248737,0.41448498,0.16309153,0.600711,0.64472103,0.53383434,0.5985762,-0.07644952,0.6212222,0.42343494,0.51242125,0.57262766,0.61202776,0.15483922,0.5675601,0.615292,0.54411644,0.6164272,0.23747575,0.33822453,0.11920746,-0.38891584,-0.5394226,0.1602036,0.040958866,-0.31802368,-0.49594396,-0.26972923,-0.09098141,-0.4094888,-0.36521578,0.30042207,-0.41626996,-0.30656075,-0.34291217,-0.37701777,-0.36525187,-0.3497821,0.30794042,0.06322846,-0.5152715,0.33052614,-0.14946249,0.076823086,-0.49809682,-0.26665992,-0.5154729,-0.29998794,0.41373026,0.34337348,0.37238216,0.54849136,0.5651614,0.45972323,-0.25890344,0.56766057,0.49108383,0.6622812,0.32068205,0.57352436,0.479922,0.13352956,0.6156394,0.54428214,0.18700287,0.4770642,0.39809915,0.61298966,0.12621553,0.3723749
-0.18296507,-0.33634833,0.3187539,-0.27849966,-0.38540626,-0.33781755,0.49796724,0.30014896,0.16722949,0.6967133,0.5815318,0.73590356,-0.23288678,0.40040708,0.56045336,-0.338327,0.28892577,-0.2420932,0.4410894,-0.42203593,0.6783917,-0.74462974,-0.5466194,0.06492106,0.5832881,0.4093609,-0.7608022,-0.34152502,0.87655675,-0.65053463,-0.576258,-0.6284036,-0.4197473,-0.7087847,-0.6848936,-0.5146352,-0.2561503,0.14266324,-0.50594145,-0.2850535,-0.6412707,-0.47886872,-0.5351178,-0.210474,-0.53576577,-0.78760403,-0.8439758,-0.80036217,-0.5085486,-0.59718204,-0.55548203,0.38647276,0.6451646,-0.1996463,-0.09559225,0.17047365,0.5713296,0.29290384,0.35724157,0.58882797,0.5997571,0.26485848,0.7444675,0.38560688,0.43507844,0.43732285,0.3291879,0.58579344,-0.21605739,-0.15195024,0.59588575,-0.22616369,0.19585985,0.4757207,0.82771176,0.79303956,0.8298613,0.80844104,-0.5812563,-0.77346945,-0.13184214,-0.5205313,-0.496229,-0.38971224,0.6985374,-0.57392913,-0.073456116,-0.31477845,-0.1974446,-0.4249906,-0.79923403,-0.41318434,-0.457937,-0.52051395,0.12148485,-0.32803068,-0.6001743,-0.77488875,-0.38631892,-0.5928422
0.28726426,0.49424076,-0.22020367,0.47611657,0.503827,0.44866014,-0.2653057,-0.1226883,0.017475452,-0.36341965,-0.46925068,-0.5850609,0.47600365,-0.38485065,-0.49564868,0.52047336,-0.15489909,0.3525164,-0.39969397,0.53553057,-0.5614173,0.7671727,0.69484496,0.0019915586,-0.23838335,-0.21641572,0.8197974,0.624069,-0.65053463,0.8554493,0.7319777,0.7667997,0.5501791,0.74102855,0.66291046,0.5022073,0.4757242,0.08224319,0.6656749,0.5473858,0.7382287,0.49754393,0.5858252,0.3858776,0.6280881,0.8511669,0.7772759,0.77708566,0.61159444,0.6912371,0.43127576,-0.25423834,-0.5059109,0.34858584,0.21726136,-0.06489858,-0.44298217,-0.18063363,-0.21902622,-0.498241,-0.4873377,0.033695627,-0.65810204,-0.3582657,-0.41368404,-0.39403704,-0.16735703,-0.5090574,0.24952547,0.22226055,-0.51307285,0.28243673,-0.13710582,-0.18458481,-0.6713475,-0.64763904,-0.68133336,-0.59375453,0.7089383,0.7066417,0.12851876,0.51214457,0.50177944,0.41328707,-0.5078603,0.56128263,0.2442778,0.42009425,0.21762832,0.4403556,0.7488159,0.36014956,0.45766526,0.6086989,-0.051540364,0.5633454,0.7110293,0.74776644,0.49817443,0.69037473
0.3128183,0.73753107,-0.16610226,0.75864506,0.7671988,0.5235455,-0.16749889,0.16546509,0.15269649,-0.3279482,-0.62860227,-0.69402444,0.21683307,-0.5849097,-0.6644619,0.72646916,-0.4349724,0.5781646,-0.5949099,0.61719215,-0.6565087,0.7759657,0.63013476,0.19617042,-0.19022071,-0.090451285,0.7238736,0.5248737,-0.576258,0.7319777,0.9151919,0.80867267,0.5451594,0.82532275,0.68831027,0.5545108,0.62980026,0.029981013,0.7992465,0.7876893,0.8890775,0.6471621,0.7091278,0.22843812,0.8213061,0.7988839,0.7123629,0.7506889,0.6175299,0.73288786,0.2112043,-0.038390115,-0.51366746,0.6183733,0.4823841,0.010937152,-0.24611416,0.16996479,-0.43263382,-0.68053055,-0.65825474,-0.16698283,-0.80143934,-0.5644053,-0.61490864,-0.595584,-0.057382356,-0.70565796,0.41363642,0.4503454,-0.64632654,0.4950456,-0.1461678,-0.056779385,-0.7125796,-0.74406147,-0.69613016,-0.61405945,0.8567975,0.6741681,0.2783795,0.66272235,0.679229,0.5965252,-0.40061736,0.68806565,0.4581051,0.3840446,0.43074775,0.6030799,0.77803516,0.23975891,0.53063804,0.8038943,0.19464406,0.61815804,0.78909457,0.7788055,0.62192255,0.8152764
0.6040808,0.6832371,0.093679786,0.6613115,0.61095756,0.73784775,-0.020578219,0.20012444,0.31504348,-0.39423913,-0.511908,-0.6564946,0.35642594,-0.4003816,-0.4733922,0.70252955,-0.25968307,0.5347409,-0.36038238,0.79782254,-0.4712226,0.67208636,0.73391575,-0.11442852,-0.09824267,-0.38504553,0.85312057,0.41448498,-0.6284036,0.7667997,0.80867267,0.925669,0.75284266,0.6825901,0.49420094,0.44399434,0.44823313,0.24036053,0.6130791,0.68374014,0.8003144,0.3813123,0.45111138,0.49266884,0.61144996,0.78441644,0.7092662,0.6574433,0.83955264,0.8813489,0.45054305,0.044884205,-0.32126153,0.52070796,0.4452479,0.2591362,-0.17399812,0.1074829,-0.27699804,-0.46757466,-0.46692565,-0.146496,-0.70567775,-0.386346,-0.4263045,-0.37595618,0.1375301,-0.5510558,0.16782466,0.37581253,-0.41172677,0.25986582,-0.12181808,-0.060379967,-0.5953522,-0.7486335,-0.597926,-0.58487916,0.8673352,0.8020905,-0.051532935,0.40330076,0.4021178,0.32909513,-0.52139926,0.4393061,0.16404535,0.14742035,0.20396018,0.3130325,0.7727236,0.4485657,0.3193575,0.60119295,-0.10749009,0.63506734,0.82746464,0.64253324,0.79693305,0.890384
0.7704115,0.42144537,0.3872951,0.5422332,0.26753995,0.72264636,0.30773255,0.3854944,0.5968646,-0.15468448,-0.09314339,-0.32352468,0.5222383,0.06645642,0.0005047703,0.4522304,0.119280785,0.23420542,0.13133422,0.6996414,-0.017393278,0.335217,0.53995883,-0.547232,0.2391105,-0.66239727,0.6922872,0.16309153,-0.4197473,0.5501791,0.5451594,0.75284266,0.92609006,0.31212306,0.089370474,0.087284856,0.13755694,0.628963,0.32263273,0.5024324,0.5094303,-0.08261458,0.04771992,0.76638806,0.2285885,0.524642,0.4546464,0.3216758,0.8715755,0.83761203,0.54130703,0.12332179,0.058272615,0.27885783,0.18760121,0.45465565,-0.016954433,0.028217291,0.13450532,-0.018156089,-0.021251598,0.06302728,-0.312278,0.0804847,0.041917533,0.103230104,0.34982154,-0.11453074,-0.29077566,0.047956206,0.054738566,-0.2114993,-0.29541284,-0.07938163,-0.23730597,-0.5299916,-0.25485566,-0.34667614,0.7028931,0.6657493,-0.522395,-0.056770403,-0.0340088,-0.14747846,-0.37989002,0.021933101,-0.21853665,-0.2526028,-0.26735836,-0.10926824,0.5325568,0.63264096,-0.071389996,0.18004686,-0.5281926,0.6199993,0.690614,0.27184254,0.70832527,0.7323352
0.049441196,0.61567354,-0.44816244,0.5629747,0.7210133,0.32659048,-0.48206407,-0.14957765,-0.17972627,-0.5105488,-0.73628366,-0.78340846,0.12888783,-0.68782663,-0.80769455,0.6172806,-0.5117986,0.5218232,-0.74301535,0.44597793,-0.8545561,0.92226696,0.6138381,0.36087382,-0.50641894,0.027284704,0.69907105,0.600711,-0.7087847,0.74102855,0.82532275,0.6825901,0.31212306,0.9528223,0.90434754,0.68741107,0.6232255,-0.27788603,0.8380307,0.63748443,0.86820334,0.8341875,0.8732708,-0.005047658,0.8576697,0.8609812,0.8418155,0.91815794,0.41728312,0.56325185,0.23311903,-0.26996845,-0.7610363,0.49788684,0.38187042,-0.25436226,-0.47952747,-0.011164388,-0.56065476,-0.82826555,-0.8230747,-0.24543408,-0.8868383,-0.6724629,-0.72333086,-0.7353748,-0.3592729,-0.7988976,0.5807357,0.4398134,-0.84390724,0.61706376,-0.08732234,-0.2390454,-0.8941405,-0.7796078,-0.87544036,-0.75854,0.7231232,0.6718493,0.5149131,0.8445133,0.8347334,0.76108,-0.52348083,0.860049,0.527977,0.6199435,0.5597069,0.77074385,0.83436286,0.14435638,0.7050632,0.87031126,0.32223558,0.4304538,0.6608679,0.9356152,0.42349142,0.66427326
-0.21108764,0.4260047,-0.6663619,0.36933386,0.5997382,0.07986106,-0.67679155,-0.39411804,-0.422386,-0.5033926,-0.69496155,-0.7051651,0.099851415,-0.6730634,-0.81131846,0.42131335,-0.4856825,0.36171496,-0.7603574,0.20500658,-0.89587927,0.89281315,0.4778818,0.45323882,-0.6384616,0.17521824,0.5748496,0.64472103,-0.6848936,0.66291046,0.68831027,0.49420094,0.089370474,0.90434754,0.9689374,0.71524566,0.6008908,-0.44402432,0.7871032,0.46163934,0.7396622,0.88457274,0.9064975,-0.15692744,0.8165369,0.799281,0.80225945,0.9144728,0.20036185,0.37026381,0.15487708,-0.4663929,-0.87339824,0.34625018,0.21119125,-0.4858566,-0.62850463,-0.18168938,-0.5472376,-0.82955766,-0.816327,-0.18112256,-0.8138863,-0.6515051,-0.7064497,-0.74449897,-0.5803947,-0.75406635,0.624879,0.31942713,-0.8986476,0.6229666,-0.09469061,-0.30996287,-0.9009848,-0.6583908,-0.88905656,-0.721298,0.5307765,0.5327349,0.6540352,0.8948625,0.88304675,0.7981752,-0.48593235,0.91010356,0.57617646,0.76528,0.587203,0.84520996,0.74389374,0.037021764,0.79672796,0.8168118,0.39205325,0.30904683,0.5057358,0.9369824,0.17427337,0.47427177
