0,1,2,3,4,5,6,7,8,9,10,11,12,13,14,15,16,17,18,19,20,21,22,23,24,25,26,27,28,29,30,31,32,33,34,35,36,37,38,39,40,41,42,43,44,45,46,47,48,49,50,51,52,53,54,55,56,57,58,59,60,61,62,63,64,65,66,67,68,69,70,71,72,73,74,75,76,77,78,79,80,81,82,83,84,85,86,87,88,89,90,91,92,93,94,95,96,97,98,99
0.90038306,0.084074594,-0.10789271,0.055836003,0.08099988,-0.18629226,0.34833,0.039860666,-0.08627351,-0.6138108,-0.5401572,-0.507186,0.14278416,-0.39208275,-0.42640257,0.25756675,-0.25870055,0.31054455,-0.26178643,0.1673097,-0.2588358,-0.47529992,-0.07932758,-0.33918965,-0.721791,-0.7657374,-0.46673423,-0.5044101,-0.46579432,-0.44804636,-0.47113,-0.19036275,0.047159865,0.24513182,-0.28639007,0.17578337,-0.25834513,0.24027042,-0.33137774,-0.15756378,0.34719762,-0.36000544,-0.24713323,-0.01979243,-0.34818104,-0.01649205,-0.33578718,0.2932285,0.49427283,0.55487007,0.7414129,0.2617963,0.42270356,0.3238873,-0.14766186,-0.20269808,0.43918937,0.024110345,-0.5327089,-0.43475506,-0.73912126,0.74598753,-0.17280772,-0.35671502,-0.28358778,-0.427063,0.40559095,0.21230778,-0.17551847,0.45614845,-0.14663987,0.2895524,-0.27033594,0.2052876,-0.3669511,-0.65960133,-0.52816653,-0.622567,-0.39660627,0.21710542,-0.5963745,0.42492038,-0.363122,-0.381832,-0.6223143,-0.12927695,-0.36992234,-0.41438287,0.4835076,-0.25577345,0.478294,0.25306684,-0.028481338,0.17544235,-0.5101496,0.012954,-0.16516386,-0.20411092,0.64552957,0.63102347
0.084074594,0.955066,0.5481297,0.7820885,0.58133733,0.30692923,0.5358922,0.6032853,0.6939128,0.34253007,0.041266903,0.18793231,0.23490483,0.6367385,0.5778087,0.84821653,0.62722576,0.53256035,0.5374525,0.68647146,0.59880424,-0.18536578,0.49352792,0.53729343,0.2689768,0.09465009,0.528959,0.55060256,0.5171188,0.4425549,-0.22996415,-0.14238122,0.8758856,0.43384257,0.6401728,0.57801867,0.60915416,0.17799152,0.25518003,0.5125159,0.37931594,-0.46725652,0.3033895,0.03374994,0.39640087,0.28711638,-0.06745903,0.1758972,0.2761192,0.14939278,0.10249876,0.8781531,0.7588587,0.7614815,0.59455335,0.5047063,0.5912199,0.6797003,0.36868936,0.024155706,0.27595186,0.19825396,0.47077847,0.6239909,0.7668042,0.57043356,0.5734441,0.63101864,0.7172657,0.47776854,0.7287934,0.5629996,0.57827306,0.075953834,0.46982706,0.40917873,0.475228,0.37370422,-0.30239987,-0.09348929,0.32872587,0.4374441,0.44772977,0.62397027,0.49892196,0.67884433,0.5531218,0.6254523,0.57963514,0.20797196,0.60097456,0.49431437,0.16133226,-0.3282885,0.4478499,0.19986816,0.4397344,0.6457507,0.36918476,0.06412111
-0.10789271,0.5481297,0.9176585,0.4061488,0.3167259,0.75996107,0.44263542,0.41853738,0.49457413,0.52779853,0.4441537,0.5534387,0.44935665,0.5168201,0.48429376,0.5249364,0.4961217,0.05711823,0.11576321,0.15859333,0.17843924,0.2043545,0.63994455,0.56813604,0.43485796,0.39745516,0.18857607,0.37674165,0.346854,0.5664097,0.20045793,0.2280341,0.37522,-0.079613626,0.2695824,0.20284212,0.33068353,0.45926678,0.35998037,0.7770144,-0.03636425,-0.031181566,0.25724456,-0.34626457,0.025609042,-0.18686669,0.093586564,-0.27354017,0.21382684,-0.14444277,0.074423656,0.5621947,0.37466466,0.33250463,0.676149,0.84206593,0.31335807,0.43451035,0.5652247,0.40782112,0.40989387,0.053884987,0.57516944,0.55690527,0.5589423,0.5226347,0.34874338,0.49150264,0.43700063,0.077846155,0.32559496,0.36332875,0.62094176,0.37118226,0.5422456,0.4480875,0.4552047,0.45248067,0.12057868,0.013855822,0.4281817,0.027955038,0.19405445,0.3270852,0.30576837,0.45683008,0.45637596,0.30843621,0.14940494,0.43751836,0.36133516,0.5147514,0.48816705,-0.12633057,0.43734926,-0.24643195,-0.05554364,0.22744524,0.25528955,-0.16548279
0.055836003,0.7820885,0.4061488,0.94664425,0.86249495,0.29848862,0.5812336,0.86027217,0.86337054,0.105304025,-0.1393112,-0.0491082,-0.018597368,0.38922298,0.33465695,0.7659092,0.38224941,0.745661,0.51168317,0.7651509,0.57095754,-0.10322441,0.23801798,0.31951642,0.0779874,0.014237082,0.5476335,0.38559696,0.356684,0.21749398,-0.23265493,-0.34002316,0.76018596,0.695402,0.71721894,0.8186946,0.5078218,0.00506508,0.30454886,0.33941752,0.6445365,-0.22356357,0.490274,0.322976,0.614234,0.5345094,0.0695576,0.3716312,0.44988546,0.3677337,-0.07950033,0.6818607,0.68957686,0.86249727,0.70997834,0.3524257,0.7054354,0.89114904,0.11693117,-0.17986034,0.14883335,-0.008324005,0.18612611,0.38750607,0.59439325,0.29824317,0.6617054,0.39039567,0.6424568,0.66493726,0.655243,0.5110611,0.30555117,-0.20286162,0.1857538,0.20952466,0.23315553,0.123942286,-0.31170505,-0.31374255,0.18277125,0.63882846,0.6288972,0.71976197,0.42373356,0.5244529,0.3592466,0.5342781,0.75622773,0.0860916,0.37390006,0.13133079,-0.14425978,-0.22861356,0.24848263,0.44777393,0.5890893,0.5633317,0.45522743,0.23562253
0.08099988,0.58133733,0.3167259,0.86249495,0.9474347,0.30011284,0.546458,0.9244448,0.85878754,-0.08263492,-0.24960177,-0.20599683,-0.17427763,0.15805173,0.11729811,0.6180747,0.1452457,0.7590097,0.39665526,0.68623745,0.4420414,-0.05747454,0.044912595,0.10198669,-0.08677907,-0.07591654,0.4341915,0.18968101,0.16996717,0.012608896,-0.15885675,-0.35994345,0.5691196,0.7417092,0.6224047,0.8543011,0.35626352,-0.039340883,0.29644495,0.2116895,0.72490865,-0.03427488,0.533908,0.4369614,0.63283515,0.58584,0.13779065,0.44604152,0.5357146,0.4724671,-0.124748915,0.47050723,0.5397358,0.7805724,0.71965635,0.24440223,0.6696165,0.9127175,-0.07710395,-0.28883398,0.014163685,-0.10331357,-0.048277453,0.16727191,0.38452494,0.06738956,0.6137342,0.17855188,0.4704963,0.67755246,0.49361604,0.38375413,0.06668115,-0.34237456,-0.053225633,0.020363027,0.018680006,-0.08773723,-0.23268193,-0.33907813,0.017311538,0.68080026,0.630813,0.63807034,0.26999247,0.32334122,0.16757691,0.36090377,0.75904095,-0.023954276,0.20177236,-0.055970617,-0.3029316,-0.10079667,0.06333801,0.5193076,0.564311,0.4030107,0.48647094,0.33908957
-0.18629226,0.30692923,0.75996107,0.29848862,0.30011284,0.91953814,0.21620673,0.39548147,0.4777972,0.493775,0.573179,0.5907067,0.4496336,0.36291224,0.37051982,0.2517149,0.32830548,-0.08518765,-0.007380184,-0.015461149,0.0036889762,0.4299298,0.519843,0.4772223,0.45460528,0.52786374,0.1153823,0.27892232,0.25164,0.54258186,0.25271943,0.14014539,0.1843817,-0.121793434,0.20159978,0.22728565,0.30583385,0.5454885,0.58998466,0.7515359,0.0467941,0.3417139,0.4964226,-0.36034152,0.039622266,-0.14641315,0.40761364,-0.2872103,0.34191406,0.009352834,-0.16797754,0.28494227,0.055272132,0.13119574,0.72527874,0.80875075,0.11238642,0.42408437,0.534931,0.55898035,0.4700722,-0.14995012,0.44377953,0.42781612,0.3650452,0.38464046,0.13261105,0.15206197,0.18457773,-0.09328548,0.09928796,0.07307322,0.3661095,0.24458788,0.38504526,0.3939376,0.34624892,0.36554334,0.117213964,-0.17491513,0.41909063,0.071726196,0.10195243,0.19724107,0.1973016,0.19648498,0.41182247,0.1752471,0.0697136,0.55314076,0.02931735,0.22060408,0.4490732,-0.1861443,0.28690207,-0.3095625,-0.12747818,0.00515866,0.28194213,0.008839073
0.34833,0.5358922,0.44263542,0.5812336,0.546458,0.21620673,0.92838085,0.60559404,0.43222442,-0.14449668,-0.30204916,-0.17227697,0.081583604,0.042500615,-0.04757353,0.76177,0.13225566,0.5986866,0.03032003,0.4220871,0.121524915,-0.24041092,0.20825991,0.08473476,-0.22609031,-0.2924511,-0.019017346,-0.08604357,-0.08620293,-0.032033034,-0.16573524,-0.023131773,0.39298028,0.3817321,0.2016751,0.3957394,-0.03600337,0.038389616,-0.1946103,0.26849395,0.2872124,-0.34421283,-0.00786948,0.07154445,0.09057777,0.036808066,-0.34852877,0.09061864,0.3238107,0.17732085,0.38446224,0.6499685,0.79664695,0.73623013,0.39359424,0.27456558,0.88004744,0.50927687,-0.12860045,-0.31424358,-0.27758744,0.3547173,0.18462147,0.099773765,0.2504363,-0.014117658,0.89879864,0.5674379,0.43428412,0.7053758,0.2790584,0.7387396,0.30300292,0.24413547,0.10932693,-0.16546993,-0.09817259,-0.15970162,-0.118288465,-0.023229467,-0.09047994,0.36231467,0.24993822,0.3025418,-0.052768424,0.41894436,-0.081592426,0.031625815,0.60932577,-0.061236348,0.5934405,0.31745818,0.044108234,0.19380218,0.016651118,0.18000922,0.08841198,0.16920102,0.5074029,0.13335711
0.039860666,0.6032853,0.41853738,0.86027217,0.9244448,0.39548147,0.60559404,0.95218956,0.858655,-0.0035355208,-0.16002125,-0.10595685,-0.113071874,0.18861905,0.1402331,0.6571127,0.17421228,0.70489407,0.3244109,0.6196706,0.38979512,-0.0066981134,0.12193471,0.15139998,-0.018140413,-0.0021481318,0.39481568,0.19401118,0.16419056,0.081286624,-0.07840084,-0.2630226,0.5482476,0.64401245,0.58846486,0.7960044,0.31972733,0.021933869,0.30845612,0.31067944,0.6235347,-0.0035860473,0.51101613,0.35172606,0.5724361,0.47861686,0.12234178,0.32507455,0.4984237,0.38084632,-0.10929069,0.5117513,0.5683538,0.7832756,0.758741,0.34915078,0.6957808,0.8955765,0.007035978,-0.20266166,0.06678139,-0.11279394,0.03787507,0.21592349,0.41297507,0.11227162,0.6564525,0.23997302,0.4859498,0.6459079,0.4652033,0.42064986,0.15327065,-0.2330449,0.032168046,0.06650114,0.056256406,-0.030422946,-0.1438136,-0.33519456,0.07031788,0.58825195,0.6117643,0.62727356,0.26941574,0.34985113,0.18072811,0.33589348,0.7046075,0.036092702,0.22293675,0.0050593074,-0.20760822,-0.0719857,0.10800947,0.43405724,0.4722405,0.3559535,0.464019,0.24257787
-0.08627351,0.6939128,0.49457413,0.86337054,0.85878754,0.4777972,0.43222442,0.858655,0.951935,0.22945042,0.037879895,0.09732649,0.017596494,0.4523087,0.42009848,0.62211037,0.40576386,0.60246396,0.52547383,0.6713463,0.5613034,0.05773461,0.27274662,0.38176346,0.21720663,0.19472,0.59540826,0.4699564,0.4399369,0.31301206,-0.08823416,-0.28411365,0.6807957,0.60517865,0.72695017,0.81642884,0.5935019,0.11360261,0.49137372,0.4394256,0.6147871,-0.026230522,0.6222447,0.26928842,0.63801724,0.5231463,0.26175082,0.31278872,0.47469756,0.34826446,-0.22999412,0.54711926,0.48550004,0.7048632,0.8474335,0.47991347,0.5247973,0.91972756,0.2486712,0.0014385541,0.31810504,-0.16920295,0.19964111,0.45657462,0.6167719,0.3760272,0.48465955,0.27556714,0.5918728,0.48608086,0.6226014,0.34243464,0.28915095,-0.24153176,0.22353008,0.33396918,0.32896677,0.22842677,-0.21749811,-0.3247512,0.29405624,0.5910663,0.642575,0.72236913,0.49641004,0.465456,0.46902084,0.576111,0.63575643,0.21467626,0.22247154,0.09712885,-0.07921726,-0.29223198,0.3100416,0.3721158,0.56774664,0.5367594,0.40152845,0.21349587
-0.6138108,0.34253007,0.52779853,0.105304025,-0.08263492,0.493775,-0.14449668,-0.0035355208,0.22945042,0.93549615,0.80541027,0.86598027,0.45847458,0.7780008,0.8003007,0.092202194,0.71041834,-0.32878575,0.3289529,-0.032492213,0.31460485,0.413514,0.62477183,0.79918385,0.9075903,0.8373095,0.46862245,0.74196804,0.69878376,0.8641671,0.24203226,0.19149522,0.31084567,-0.3314621,0.35203022,-0.08212106,0.5677346,0.22043288,0.5069788,0.6587064,-0.323947,0.07516834,0.2981694,-0.40050864,0.12261099,-0.17330518,0.3060428,-0.4392869,-0.2504128,-0.47128353,-0.43050954,0.23362699,-0.0924319,-0.11577706,0.3878539,0.6606067,-0.2703508,0.10657873,0.91183114,0.75832593,0.8772706,-0.2930575,0.71522975,0.7791437,0.6563133,0.82439697,-0.2158334,0.27396575,0.41021943,-0.42531857,0.34453496,-0.00039043557,0.69087017,0.24163303,0.7847066,0.89559853,0.8428571,0.8992264,0.09928906,-0.15035933,0.8199606,-0.28180176,0.16511215,0.3549749,0.66326153,0.45123598,0.7494525,0.5796869,-0.3086639,0.6422598,-0.0060881833,0.27381536,0.5287059,-0.46784997,0.7229599,-0.3294133,0.03560441,0.34545606,-0.29909745,-0.47316796
-0.5401572,0.041266903,0.4441537,-0.1393112,-0.24960177,0.573179,-0.30204916,-0.16002125,0.037879895,0.80541027,0.95904243,0.90142816,0.5371262,0.508518,0.55730027,-0.16544546,0.45156452,-0.5802753,-0.01026272,-0.3555681,-0.052998148,0.5419005,0.51862246,0.62402177,0.7931299,0.8398355,0.14452174,0.47059953,0.4262452,0.74974215,0.29471457,0.2272692,-0.01482174,-0.5570937,0.043035407,-0.25640398,0.33825424,0.3858757,0.5617289,0.65271,-0.41505116,0.32400185,0.2837088,-0.6264481,-0.15780452,-0.40488416,0.41756845,-0.6341077,-0.16753626,-0.40930885,-0.4206602,-0.026539877,-0.36617684,-0.3614802,0.27992094,0.6158135,-0.4442944,-0.064266704,0.81709135,0.93476105,0.77026916,-0.3117616,0.6024071,0.55837,0.34403375,0.585568,-0.39780456,0.0022208681,0.03972894,-0.6254518,-0.022733904,-0.26816118,0.43400228,0.3156247,0.6003902,0.69850206,0.6124774,0.70068264,0.14562473,-0.21551265,0.6780294,-0.37877393,-0.1581817,0.0028033776,0.34744298,0.11104595,0.5580248,0.24346441,-0.47327876,0.70154977,-0.24115719,0.11559985,0.59379673,-0.46520066,0.44740707,-0.6068785,-0.295945,-0.038279735,-0.24755865,-0.3559795
-0.507186,0.18793231,0.5534387,-0.0491082,-0.20599683,0.5907067,-0.17227697,-0.10595685,0.09732649,0.86598027,0.90142816,0.94033414,0.59541947,0.62655836,0.66084206,-0.01434857,0.5912805,-0.49094486,0.08484754,-0.24293321,0.061581064,0.48125827,0.6427064,0.73486197,0.8362523,0.82525754,0.22402194,0.5580627,0.5228884,0.8308072,0.25694978,0.23861052,0.12721929,-0.5077891,0.12641889,-0.21767347,0.40652248,0.38195425,0.51122415,0.72423685,-0.41334915,0.19794774,0.26204127,-0.60966134,-0.11272868,-0.3833635,0.33743003,-0.5976994,-0.18191794,-0.45119637,-0.34185845,0.13268948,-0.20983142,-0.25067887,0.33648363,0.6932428,-0.33740026,-0.00938453,0.8763306,0.889562,0.79226255,-0.21959937,0.7316853,0.67701197,0.4816623,0.6942755,-0.2757088,0.19723535,0.2038843,-0.5321448,0.11159367,-0.07779865,0.6040298,0.39789966,0.72625166,0.7666251,0.7102977,0.7887296,0.13017452,-0.16668934,0.7478771,-0.35362825,-0.075805515,0.11769493,0.43960613,0.29428017,0.6318277,0.35141772,-0.40416235,0.722991,-0.06760481,0.2617707,0.66274476,-0.4449075,0.571523,-0.5575782,-0.22525686,0.09238241,-0.22182217,-0.40287736
0.14278416,0.23490483,0.44935665,-0.018597368,-0.17427763,0.4496336,0.081583604,-0.113071874,0.017596494,0.45847458,0.5371262,0.59541947,0.8811467,0.40077704,0.39473647,0.15307787,0.49784663,-0.28810894,-0.07234476,-0.11363628,-0.12593062,0.19441772,0.66296566,0.5933699,0.34819895,0.32075703,-0.06805697,0.24656986,0.2559796,0.58262986,-0.185271,0.010827307,0.18693067,-0.3321838,-0.029463813,-0.10142446,0.2685913,0.5270417,0.27992016,0.64658535,-0.1493673,-0.09024757,0.1149491,-0.6854356,-0.37338322,-0.3838067,0.15942228,-0.33976328,0.20905082,-0.025962697,0.19022653,0.31908685,0.084226616,-0.040173426,0.2168916,0.5466356,-0.046363786,-0.020591188,0.5200461,0.6000924,0.28921303,0.3498528,0.7226421,0.5143681,0.31560364,0.41453344,0.017131656,0.4326122,0.12984107,-0.21066383,0.019355997,0.22444633,0.47652534,0.6654346,0.56943417,0.33403113,0.39159316,0.40592623,-0.23398238,-0.072710626,0.42221028,-0.021760868,-0.35128826,-0.12686846,0.042273697,0.29417095,0.4218599,0.094509415,-0.050282963,0.6440226,0.3351357,0.4412999,0.7713368,-0.28962493,0.29521662,-0.5720689,-0.32278746,-0.024653682,0.26863247,0.07936833
-0.39208275,0.6367385,0.5168201,0.38922298,0.15805173,0.36291224,0.042500615,0.18861905,0.4523087,0.7780008,0.508518,0.62655836,0.40077704,0.9383429,0.90608144,0.3760106,0.878024,0.040055726,0.6541449,0.39498436,0.64199126,0.14829516,0.65947866,0.8410188,0.73492306,0.5735496,0.6916889,0.8865726,0.86308527,0.7913391,-0.008673134,-0.028737187,0.63362956,0.044615164,0.61031055,0.22363047,0.79564655,0.15911055,0.4354012,0.6064775,-0.01646595,-0.2666077,0.29092664,-0.18759383,0.31598485,0.11956364,0.17282236,-0.08876593,-0.07577671,-0.22983772,-0.26278478,0.49446115,0.23799519,0.21323565,0.48045725,0.5903489,-0.0074928566,0.33458504,0.7807913,0.47827312,0.7377474,-0.08780704,0.69397134,0.88844776,0.883597,0.91039276,0.029093541,0.5226206,0.69943947,-0.07831884,0.70085126,0.25466222,0.76271856,0.14459194,0.7862248,0.8502134,0.8964919,0.8472691,-0.14642319,-0.099534385,0.7443781,0.04007473,0.3629775,0.5868896,0.7930183,0.68141055,0.8671683,0.8180448,0.05187446,0.5042869,0.28431648,0.41977996,0.37654623,-0.55113405,0.7598002,-0.06757142,0.35388032,0.6860877,-0.08668189,-0.27242392
-0.42640257,0.5778087,0.48429376,0.33465695,0.11729811,0.37051982,-0.04757353,0.1402331,0.42009848,0.8003007,0.55730027,0.66084206,0.39473647,0.90608144,0.931597,0.29901078,0.8347807,-0.04030873,0.62086445,0.32419503,0.5969032,0.18266356,0.61421084,0.81826854,0.76697576,0.6172495,0.67858255,0.8914894,0.860425,0.7947075,0.011779495,-0.014418399,0.59026146,-0.012672485,0.5791824,0.19972867,0.80609155,0.1838691,0.48524427,0.5893886,-0.038183928,-0.19739726,0.31869936,-0.20275357,0.30499977,0.10670282,0.23457047,-0.12220919,-0.08647922,-0.2240403,-0.3048473,0.4322787,0.15232748,0.13878705,0.46273,0.585384,-0.08957747,0.2977324,0.80927455,0.53119797,0.78065836,-0.1333516,0.66997993,0.863752,0.83818305,0.9154075,-0.05661305,0.4299393,0.62218654,-0.16637602,0.6426025,0.1618624,0.70732725,0.123955086,0.76486564,0.869643,0.9039966,0.8627693,-0.13131636,-0.09835977,0.75502336,0.017408885,0.32735392,0.541816,0.78698903,0.62059206,0.88723755,0.8020073,-0.0025092862,0.539142,0.21477391,0.38447213,0.39537364,-0.56611586,0.74521303,-0.09268625,0.32776523,0.64246213,-0.115983255,-0.263228
0.25756675,0.84821653,0.5249364,0.7659092,0.6180747,0.2517149,0.76177,0.6571127,0.62211037,0.092202194,-0.16544546,-0.01434857,0.15307787,0.3760106,0.29901078,0.9490241,0.40956345,0.6336708,0.3124209,0.63464105,0.41096717,-0.30249786,0.37983358,0.3240676,0.0034386006,-0.14360778,0.27847221,0.25500196,0.23360258,0.20925549,-0.24898084,-0.11301682,0.727488,0.4546581,0.46087497,0.5389734,0.31932646,0.12976164,0.022654112,0.40750268,0.37374738,-0.5108048,0.13474455,0.05092012,0.25207713,0.17840481,-0.27504334,0.15409276,0.32148165,0.18075374,0.30456024,0.88748,0.8999183,0.8636756,0.51768786,0.41145593,0.8119037,0.6560267,0.11944567,-0.1843721,-0.021329751,0.32682002,0.3376282,0.3836546,0.5650778,0.3073779,0.79795885,0.655732,0.62241495,0.6574298,0.5734619,0.68866503,0.47145972,0.14909361,0.29202604,0.12208247,0.19813432,0.10045834,-0.25776356,-0.053710632,0.086521864,0.43902016,0.36485955,0.4916714,0.23622313,0.5826856,0.25641775,0.3658241,0.66735053,0.029494898,0.6826529,0.4744053,0.07621701,-0.114528656,0.23020408,0.20591319,0.29372162,0.4608367,0.47994357,0.11102411
-0.25870055,0.62722576,0.4961217,0.38224941,0.1452457,0.32830548,0.13225566,0.17421228,0.40576386,0.71041834,0.45156452,0.5912805,0.49784663,0.878024,0.8347807,0.40956345,0.9341086,0.095120035,0.626605,0.4242045,0.60567456,0.13614364,0.72130036,0.8699883,0.64628994,0.49625555,0.6296013,0.8157641,0.81860554,0.7717389,-0.1233062,-0.08823655,0.62809086,0.08110979,0.5875784,0.21475142,0.7400979,0.14853907,0.3521592,0.6160919,0.013289807,-0.34492815,0.23993456,-0.23062095,0.24310991,0.09396301,0.12396638,-0.059487566,-0.01604539,-0.17707685,-0.15587999,0.5255277,0.30858368,0.24721476,0.4332447,0.56219935,0.06773193,0.29992926,0.7140176,0.43082708,0.63146245,0.04980647,0.76241153,0.89117503,0.8604897,0.8413478,0.123331636,0.64957035,0.7386449,0.011573655,0.6912482,0.40547252,0.8035718,0.2822399,0.8243729,0.7683984,0.8415811,0.7918829,-0.23585165,-0.10649125,0.73857,0.090226285,0.30450207,0.5576188,0.7202114,0.746548,0.8087213,0.7650095,0.11974633,0.5366435,0.39672017,0.44061536,0.4488026,-0.4938881,0.7441184,-0.09169754,0.32465178,0.67100847,0.010685697,-0.20130703
0.31054455,0.53256035,0.05711823,0.745661,0.7590097,-0.08518765,0.5986866,0.70489407,0.60246396,-0.32878575,-0.5802753,-0.49094486,-0.28810894,0.040055726,-0.04030873,0.6336708,0.095120035,0.9599282,0.45172077,0.80613494,0.49234188,-0.3378823,-0.06411525,-0.05919599,-0.34866616,-0.4096052,0.34763578,0.05619915,0.07934976,-0.2244646,-0.361387,-0.43551856,0.5484302,0.8707532,0.52802277,0.7571602,0.2237138,-0.23152488,-0.074903615,-0.06733413,0.7130579,-0.35806486,0.19870706,0.5389748,0.52241653,0.6130611,-0.17128251,0.6070739,0.4329632,0.4954185,0.13682632,0.48292717,0.6877815,0.8135154,0.38368687,-0.06619836,0.75652623,0.67432934,-0.33298337,-0.5977792,-0.27899808,0.14766943,-0.16581644,0.026934184,0.28936166,-0.07685134,0.70832705,0.3291877,0.5146818,0.90075755,0.5423362,0.54338,0.02478891,-0.3093115,-0.14968242,-0.19062486,-0.12594354,-0.2599426,-0.34796906,-0.1644569,-0.1845629,0.6921421,0.54324657,0.5451442,0.15228418,0.35307235,-0.011796925,0.28495154,0.83125234,-0.28687125,0.38475305,-0.0058537736,-0.45552933,-0.0002556946,-0.05486071,0.6176898,0.6036044,0.46800196,0.47794795,0.3740331
-0.26178643,0.5374525,0.11576321,0.51168317,0.39665526,-0.007380184,0.03032003,0.3244109,0.52547383,0.3289529,-0.01026272,0.08484754,-0.07234476,0.6541449,0.62086445,0.3124209,0.626605,0.45172077,0.94740915,0.7512741,0.9158515,-0.026700897,0.26243025,0.49384832,0.34801114,0.20872317,0.86831665,0.7498541,0.78148985,0.34453136,-0.16522485,-0.32384387,0.6355867,0.54739046,0.79586285,0.51603496,0.7578988,-0.19440487,0.2836795,0.13959718,0.38180333,-0.3257326,0.31432626,0.37101316,0.6586225,0.6341659,0.15938595,0.44440907,0.033081558,0.0959274,-0.30055803,0.331837,0.29276648,0.3783961,0.37646452,0.14761469,0.12368499,0.44411016,0.30815122,-0.059070062,0.42952853,-0.1713595,0.22262682,0.57743245,0.72373426,0.569091,0.12387407,0.3575844,0.7608616,0.2745725,0.8769955,0.28092903,0.42436403,-0.29578826,0.39396587,0.53811795,0.5964258,0.48615718,-0.25483826,-0.08475186,0.46080673,0.37229407,0.65543014,0.7717056,0.79970336,0.61997676,0.63062936,0.87308586,0.34394637,0.1281654,0.22032598,0.10420667,-0.15403396,-0.40153202,0.5663844,0.45029038,0.8012167,0.8980948,-0.043908183,-0.028713625
0.1673097,0.68647146,0.15859333,0.7651509,0.68623745,-0.015461149,0.4220871,0.6196706,0.6713463,-0.032492213,-0.3555681,-0.24293321,-0.11363628,0.39498436,0.32419503,0.63464105,0.4242045,0.80613494,0.7512741,0.9476756,0.7752321,-0.29138106,0.15048155,0.2528152,-0.056685448,-0.18914944,0.62617314,0.42089692,0.45304698,0.06384992,-0.39418083,-0.45542514,0.74568415,0.82082796,0.72457397,0.77656627,0.57060015,-0.13248564,0.11742699,0.09649336,0.67913836,-0.4724763,0.28746843,0.45090383,0.6089985,0.6720599,-0.046645235,0.59942067,0.36755705,0.42851454,0.03133715,0.5759,0.6513716,0.75317526,0.46628898,0.09688161,0.5794565,0.68541825,-0.026514579,-0.36984634,0.02520645,0.121577576,0.07115586,0.34930688,0.5879009,0.275852,0.5402776,0.46036288,0.72098064,0.7063936,0.8114038,0.5246754,0.25546098,-0.26515692,0.13981852,0.15132973,0.23391959,0.07898252,-0.44279778,-0.11717215,0.113257185,0.6842071,0.60607433,0.70419014,0.46791524,0.5690912,0.3578133,0.6261473,0.7536842,-0.062894255,0.45703578,0.15590726,-0.26994056,-0.2611491,0.24863133,0.5619655,0.75475526,0.7572801,0.38559833,0.30064026
-0.2588358,0.59880424,0.17843924,0.57095754,0.4420414,0.0036889762,0.121524915,0.38979512,0.5613034,0.31460485,-0.052998148,0.061581064,-0.12593062,0.64199126,0.5969032,0.41096717,0.60567456,0.49234188,0.9158515,0.7752321,0.95099044,-0.085516624,0.24124908,0.4552794,0.3270707,0.1774823,0.8467531,0.72664595,0.7481097,0.31523383,-0.12388098,-0.2523218,0.66958266,0.5569001,0.7929939,0.53205156,0.7240201,-0.21564955,0.22716697,0.14467317,0.3590331,-0.37344787,0.26514965,0.37682968,0.663393,0.5988111,0.07386849,0.4213093,0.004534453,0.053337183,-0.2577332,0.40480188,0.3746766,0.44365323,0.40328112,0.16873838,0.2066181,0.48783493,0.28703782,-0.100700736,0.39990735,-0.15707937,0.19758824,0.559879,0.73608077,0.5619924,0.1965316,0.39646173,0.78525203,0.32423395,0.9020445,0.32039702,0.43718958,-0.30160898,0.37474045,0.52246845,0.57315683,0.46032327,-0.20425291,-0.05045162,0.41793066,0.34770942,0.6875713,0.7949834,0.7844959,0.63701177,0.59397244,0.85000336,0.37686604,0.06410284,0.26144996,0.16643308,-0.1840998,-0.36132047,0.55188835,0.46195135,0.78721994,0.9086578,-0.03632365,-0.07601985
-0.47529992,-0.18536578,0.2043545,-0.10322441,-0.05747454,0.4299298,-0.24041092,-0.0066981134,0.05773461,0.413514,0.5419005,0.48125827,0.19441772,0.14829516,0.18266356,-0.30249786,0.13614364,-0.3378823,-0.026700897,-0.29138106,-0.085516624,0.80630565,0.20508626,0.2946874,0.48790073,0.64773065,0.15044764,0.19299829,0.18779607,0.39397764,0.39403668,0.15455636,-0.15247907,-0.23421717,0.12089394,-0.08862548,0.14717904,0.16190116,0.53642666,0.3336727,-0.13628988,0.6509704,0.4882769,-0.12017104,0.1442258,-0.036241412,0.6238961,-0.22133735,-0.011314661,-0.16082366,-0.5607471,-0.2812103,-0.45961988,-0.3339923,0.26566684,0.3039183,-0.35495043,6.438047e-05,0.38006032,0.52139735,0.5018491,-0.48196948,0.21685803,0.22388673,0.05839354,0.17236817,-0.30590382,-0.22059265,-0.026988104,-0.3961237,-0.14581127,-0.22528714,0.113790795,0.03970335,0.24273948,0.35318387,0.24966016,0.33544964,0.2917362,-0.20978013,0.46679348,-0.1567395,0.101880535,0.10165365,0.22364475,0.003805194,0.23984775,0.09228363,-0.3227361,0.48245034,-0.42670584,-0.25859946,0.24602872,-0.04239998,0.2735387,-0.16145898,-0.05584146,-0.111486904,-0.18589339,-0.14483443
-0.07932758,0.49352792,0.63994455,0.23801798,0.044912595,0.519843,0.20825991,0.12193471,0.27274662,0.62477183,0.51862246,0.6427064,0.66296566,0.65947866,0.61421084,0.37983358,0.72130036,-0.06411525,0.26243025,0.15048155,0.24124908,0.20508626,0.83752173,0.74088323,0.528896,0.43679237,0.2511827,0.5139871,0.50529057,0.70979345,0.022058886,0.10306066,0.413037,-0.13958009,0.27454573,0.06335888,0.46936858,0.42353204,0.33360294,0.7321734,-0.11344835,-0.18070097,0.19835067,-0.48729676,-0.060949024,-0.20124969,0.11162099,-0.24465398,0.09459619,-0.17749454,0.05676132,0.5017847,0.266643,0.16000673,0.43150455,0.67926455,0.0878219,0.20478734,0.6531898,0.52669835,0.4778211,0.2000697,0.7376759,0.714961,0.6265483,0.6509712,0.14235371,0.5991081,0.4784299,-0.060087476,0.37276283,0.33838737,0.7099713,0.47036582,0.7048259,0.5648365,0.615692,0.60620224,-0.079168856,-0.011384303,0.5587858,-0.01408081,0.03408534,0.2523185,0.3777416,0.52269673,0.5957227,0.41319984,0.03613598,0.54036045,0.4011725,0.5384098,0.6119288,-0.32549238,0.5410465,-0.36031538,-0.03608909,0.31351215,0.15994248,-0.13727532
-0.33918965,0.53729343,0.56813604,0.31951642,0.10198669,0.4772223,0.08473476,0.15139998,0.38176346,0.79918385,0.62402177,0.73486197,0.5933699,0.8410188,0.81826854,0.3240676,0.8699883,-0.05919599,0.49384832,0.2528152,0.4552794,0.2946874,0.74088323,0.91412103,0.7496937,0.63779634,0.5488833,0.77978057,0.7725886,0.8523498,-0.03455341,-0.0142144635,0.5310803,-0.07027231,0.5043844,0.15401328,0.7023046,0.24001528,0.4591626,0.71697706,-0.07155248,-0.1467112,0.32644638,-0.3544041,0.17849669,-0.020150764,0.25497937,-0.217358,-0.0002199919,-0.21452561,-0.25531662,0.44024622,0.17282698,0.13349788,0.4969771,0.6659838,-0.024541518,0.27627409,0.8034154,0.61133826,0.72362685,-0.034641225,0.8343953,0.89420843,0.79390764,0.83764005,0.040602393,0.5500487,0.6255725,-0.12749274,0.5405462,0.30977356,0.78783983,0.36064118,0.86010534,0.80215025,0.8471409,0.8317204,-0.17292996,-0.19640991,0.8161924,0.021124564,0.22610211,0.4750114,0.67636895,0.6746675,0.8129518,0.67640996,0.014287116,0.6939907,0.2747348,0.38565445,0.5697445,-0.5024841,0.7308167,-0.22197533,0.18454607,0.52017653,-0.0011847969,-0.21589178
-0.721791,0.2689768,0.43485796,0.0779874,-0.08677907,0.45460528,-0.22609031,-0.018140413,0.21720663,0.9075903,0.7931299,0.8362523,0.34819895,0.73492306,0.76697576,0.0034386006,0.64628994,-0.34866616,0.34801114,-0.056685448,0.3270707,0.48790073,0.528896,0.7496937,0.93985695,0.8836061,0.51975393,0.7441027,0.6960002,0.8182936,0.312683,0.18027249,0.2559698,-0.31741697,0.38239747,-0.09378408,0.55659634,0.12548456,0.55440015,0.5900996,-0.31529945,0.17113388,0.34498686,-0.30669975,0.20169139,-0.104079925,0.38557166,-0.40004057,-0.29791608,-0.48989254,-0.5684947,0.112497486,-0.1977256,-0.17530268,0.3543018,0.5742077,-0.3502422,0.08520569,0.8810824,0.73452854,0.9137323,-0.44135022,0.6249896,0.735721,0.612866,0.7806153,-0.2983672,0.15509626,0.370808,-0.47211635,0.32373995,-0.09308959,0.6138121,0.13527484,0.7277294,0.89814925,0.8240187,0.8882932,0.1649403,-0.18092135,0.8261944,-0.30347288,0.2309035,0.38342583,0.7008152,0.39554003,0.727674,0.5877005,-0.36373615,0.6132768,-0.1415659,0.14171422,0.43541205,-0.45431542,0.7223904,-0.26083118,0.09256072,0.34299612,-0.3959102,-0.50737596
-0.7657374,0.09465009,0.39745516,0.014237082,-0.07591654,0.52786374,-0.2924511,-0.0021481318,0.19472,0.8373095,0.8398355,0.82525754,0.32075703,0.5735496,0.6172495,-0.14360778,0.49625555,-0.4096052,0.20872317,-0.18914944,0.1774823,0.64773065,0.43679237,0.63779634,0.8836061,0.95583546,0.4177763,0.60788727,0.5628466,0.74900675,0.40240926,0.18119623,0.080708556,-0.34716934,0.29995131,-0.098019324,0.4514956,0.1648592,0.63682723,0.56908476,-0.29632205,0.41463706,0.45600617,-0.3047743,0.1934842,-0.11625984,0.54544467,-0.4412792,-0.23037799,-0.42673942,-0.6885233,-0.06457676,-0.36779344,-0.27706653,0.38330495,0.5538666,-0.4144125,0.08055951,0.80938506,0.7875732,0.89140904,-0.58221245,0.5128523,0.60057145,0.44741958,0.6310174,-0.36858138,-0.050657824,0.21752504,-0.52771485,0.151456,-0.2306557,0.45633125,0.074125506,0.598894,0.7985548,0.68856835,0.77348924,0.23076624,-0.28747243,0.78118086,-0.30022135,0.18370393,0.2989483,0.58457404,0.22897345,0.6144219,0.45240128,-0.4120131,0.6457176,-0.35312802,-0.055200744,0.39468956,-0.40932786,0.5877143,-0.2930838,0.010734312,0.16877887,-0.37857276,-0.4432048
-0.46673423,0.528959,0.18857607,0.5476335,0.4341915,0.1153823,-0.019017346,0.39481568,0.59540826,0.46862245,0.14452174,0.22402194,-0.06805697,0.6916889,0.67858255,0.27847221,0.6296013,0.34763578,0.86831665,0.62617314,0.8467531,0.15044764,0.2511827,0.5488833,0.51975393,0.4177763,0.96061873,0.8207145,0.80606765,0.45957914,-0.03680711,-0.2813517,0.6428412,0.4672811,0.8707758,0.5074179,0.7913068,-0.22518283,0.44075918,0.22387743,0.33102646,-0.12237722,0.49230373,0.37092322,0.7747369,0.6288811,0.30198377,0.34682906,-0.016739711,0.0051725786,-0.5411627,0.2848277,0.18273596,0.3263452,0.48342326,0.24017164,0.052336894,0.507197,0.4296354,0.08620466,0.6035425,-0.35904577,0.26063704,0.63279784,0.7387663,0.6239275,0.054824702,0.24431056,0.7229599,0.14780696,0.78359807,0.18633327,0.4225986,-0.34535682,0.44784492,0.6763203,0.6690221,0.59027284,-0.17813797,-0.25362223,0.5866546,0.30271918,0.7435279,0.8494353,0.8974179,0.60533226,0.6923499,0.9102674,0.24979836,0.23717235,0.065059274,-0.0012862347,-0.111230895,-0.40138137,0.6530231,0.45092374,0.80282724,0.83553994,-0.13463953,-0.11759934
-0.5044101,0.55060256,0.37674165,0.38559696,0.18968101,0.27892232,-0.08604357,0.19401118,0.4699564,0.74196804,0.47059953,0.5580627,0.24656986,0.8865726,0.8914894,0.25500196,0.8157641,0.05619915,0.7498541,0.42089692,0.72664595,0.19299829,0.5139871,0.77978057,0.7441027,0.60788727,0.8207145,0.95272595,0.9196265,0.72631776,0.00045198202,-0.11707068,0.6050799,0.1238848,0.7005656,0.27723622,0.8497741,0.02480347,0.48831353,0.4733437,0.05361411,-0.17133893,0.38325542,-0.026544245,0.47383678,0.2802828,0.28174347,0.014787028,-0.10657816,-0.194502,-0.43922418,0.3533127,0.117012665,0.15835333,0.46533546,0.48111087,-0.10216883,0.34703618,0.7309407,0.4243228,0.78728855,-0.25637987,0.56237596,0.8335359,0.8439631,0.8657649,-0.07139371,0.36461365,0.68077445,-0.11007339,0.71892834,0.14827132,0.6454671,-0.03527046,0.70779574,0.8754983,0.8969325,0.84331834,-0.14939852,-0.16835311,0.7637966,0.07683849,0.4758742,0.6730617,0.89475834,0.63764733,0.87656695,0.902323,0.032927245,0.47184506,0.13814692,0.2368048,0.24031836,-0.5619878,0.772143,0.07257543,0.5077832,0.7456627,-0.18071672,-0.2595235
-0.46579432,0.5171188,0.346854,0.356684,0.16996717,0.25164,-0.08620293,0.16419056,0.4399369,0.69878376,0.4262452,0.5228884,0.2559796,0.86308527,0.860425,0.23360258,0.81860554,0.07934976,0.78148985,0.45304698,0.7481097,0.18779607,0.50529057,0.7725886,0.6960002,0.5628466,0.80606765,0.9196265,0.93452346,0.6928537,-0.02903492,-0.123835705,0.57682186,0.153473,0.6867916,0.2797051,0.83916295,0.019163303,0.45214897,0.44736904,0.070713066,-0.20132244,0.33982486,-0.024179384,0.4445202,0.28874242,0.2588222,0.05079202,-0.08779767,-0.16053057,-0.40158796,0.32903975,0.119599104,0.14844435,0.43654498,0.44161212,-0.09672581,0.31982484,0.68973994,0.39483523,0.7403397,-0.21373811,0.55920863,0.8196467,0.82808197,0.8341985,-0.06276414,0.40406603,0.70396215,-0.07877298,0.74311423,0.18356493,0.6413891,-0.00816499,0.7024183,0.83671296,0.87300014,0.8149838,-0.18315896,-0.12035395,0.7541453,0.106692985,0.45726022,0.65629506,0.87112963,0.65469706,0.85717857,0.8926208,0.054017663,0.47291696,0.15985516,0.23781332,0.23740873,-0.54440874,0.749527,0.07453319,0.51222694,0.7678625,-0.1520907,-0.21924837
-0.44804636,0.4425549,0.5664097,0.21749398,0.012608896,0.54258186,-0.032033034,0.081286624,0.31301206,0.8641671,0.74974215,0.8308072,0.58262986,0.7913391,0.7947075,0.20925549,0.7717389,-0.2244646,0.34453136,0.06384992,0.31523383,0.39397764,0.70979345,0.8523498,0.8182936,0.74900675,0.45957914,0.72631776,0.6928537,0.8970928,0.10443305,0.069013886,0.409517,-0.22980592,0.4037965,0.037946697,0.620082,0.3044645,0.55175924,0.75081503,-0.1801258,0.013377975,0.3568628,-0.42293516,0.11546613,-0.12328266,0.32871675,-0.34567404,-0.0681546,-0.3074934,-0.33245468,0.34090438,0.022686511,0.009093678,0.4601711,0.6945195,-0.15666327,0.20246513,0.87106276,0.73090017,0.80022335,-0.14950307,0.77689576,0.8322545,0.70533663,0.81669104,-0.10125941,0.3840327,0.46049863,-0.2995327,0.3861791,0.11846417,0.7098981,0.32557362,0.81070936,0.832399,0.82200956,0.8416543,-0.046417642,-0.2028414,0.80267346,-0.11504213,0.14724913,0.36261916,0.6173495,0.51276195,0.77823985,0.58510274,-0.14657193,0.6993115,0.120972544,0.32860565,0.58752203,-0.50063,0.6952243,-0.32203463,0.060125124,0.36584398,-0.10049239,-0.3003443
-0.47113,-0.22996415,0.20045793,-0.23265493,-0.15885675,0.25271943,-0.16573524,-0.07840084,-0.08823416,0.24203226,0.29471457,0.25694978,-0.185271,-0.008673134,0.011779495,-0.24898084,-0.1233062,-0.361387,-0.16522485,-0.39418083,-0.12388098,0.39403668,0.022058886,-0.03455341,0.312683,0.40240926,-0.03680711,0.00045198202,-0.02903492,0.10443305,0.87142026,0.5435293,-0.2975362,-0.372176,-0.10690127,-0.31267715,-0.16497451,0.07237406,0.17770219,0.09156917,-0.4150217,0.4651411,0.053639743,-0.0185849,0.028688269,-0.21636575,0.20300087,-0.31021723,-0.33875924,-0.47669724,-0.27247065,-0.2622537,-0.35670844,-0.35163218,0.04726639,0.16519018,-0.30354667,-0.15210685,0.19187981,0.22292161,0.278219,-0.47096103,-0.07374321,-0.053355034,-0.08693034,0.048618335,-0.29275846,-0.26777235,-0.12709397,-0.38898593,-0.19730254,-0.30831742,0.07501847,-0.08354114,0.020505065,0.18218908,0.06391468,0.17046902,0.77260023,0.20526706,0.13522352,-0.47542,0.12180643,0.0074877087,0.100672446,-0.1294437,-0.03853686,-0.0844842,-0.48722875,0.0065448005,-0.372136,-0.034579564,0.020756535,0.24968478,0.15684146,-0.117020056,-0.18112542,-0.16554156,-0.43316042,-0.4973269
-0.19036275,-0.14238122,0.2280341,-0.34002316,-0.35994345,0.14014539,-0.023131773,-0.2630226,-0.28411365,0.19149522,0.2272692,0.23861052,0.010827307,-0.028737187,-0.014418399,-0.11301682,-0.08823655,-0.43551856,-0.32384387,-0.45542514,-0.2523218,0.15455636,0.10306066,-0.0142144635,0.18027249,0.18119623,-0.2813517,-0.11707068,-0.123835705,0.069013886,0.5435293,0.7901502,-0.26929176,-0.54144037,-0.32929388,-0.50162137,-0.2762788,0.18377209,-0.071904436,0.11500323,-0.5660181,0.15416756,-0.23118153,-0.24535266,-0.31537107,-0.49313602,-0.081067465,-0.43189898,-0.36079532,-0.51474226,0.11148388,-0.057340574,-0.14434266,-0.307108,-0.14813803,0.15021703,-0.19902249,-0.33199963,0.16303846,0.19748959,0.08357935,-0.074270435,0.08485253,-0.058820587,-0.116990805,0.046783462,-0.15477441,-0.01537628,-0.14404859,-0.35813493,-0.25323725,-0.09004975,0.18049341,0.26818624,0.12960918,0.06404207,0.024841385,0.11727339,0.61658037,0.40885448,0.054820146,-0.5167749,-0.14116511,-0.21501252,-0.09404604,-0.034534164,-0.09147046,-0.21496497,-0.4739902,0.022128152,-0.025056599,0.25766397,0.25928938,0.306876,0.13183707,-0.30574316,-0.4083234,-0.22287074,-0.31701773,-0.46333653
0.047159865,0.8758856,0.37522,0.76018596,0.5691196,0.1843817,0.39298028,0.5482476,0.6807957,0.31084567,-0.01482174,0.12721929,0.18693067,0.63362956,0.59026146,0.727488,0.62809086,0.5484302,0.6355867,0.74568415,0.66958266,-0.15247907,0.413037,0.5310803,0.2559698,0.080708556,0.6428412,0.6050799,0.57682186,0.409517,-0.2975362,-0.26929176,0.91834605,0.5287345,0.7296237,0.63640827,0.6943043,0.08932883,0.30778694,0.40279603,0.4850098,-0.44221464,0.37825,0.17716545,0.5132396,0.46777287,0.044655066,0.3382355,0.287973,0.24580888,0.0021305913,0.76460016,0.6656679,0.71733224,0.53551805,0.3737647,0.4889188,0.6608627,0.32574767,-0.03641317,0.29065484,0.1495776,0.39019647,0.61277676,0.7547829,0.56264025,0.47063595,0.54318917,0.71238005,0.45757467,0.76516247,0.4915609,0.49206775,-0.03728401,0.4289145,0.4158017,0.4902733,0.370278,-0.40216804,-0.118560955,0.3429209,0.530537,0.51051295,0.6632618,0.5661874,0.6668618,0.5950796,0.7058484,0.6016182,0.20906883,0.5359684,0.37090832,0.078421175,-0.3595242,0.46135825,0.33146787,0.5974784,0.72261167,0.33100742,0.15839282
0.24513182,0.43384257,-0.079613626,0.695402,0.7417092,-0.121793434,0.3817321,0.64401245,0.60517865,-0.3314621,-0.5570937,-0.5077891,-0.3321838,0.044615164,-0.012672485,0.4546581,0.08110979,0.8707532,0.54739046,0.82082796,0.5569001,-0.23421717,-0.13958009,-0.07027231,-0.31741697,-0.34716934,0.4672811,0.1238848,0.153473,-0.22980592,-0.372176,-0.54144037,0.5287345,0.94935036,0.6057222,0.82310474,0.33528894,-0.25023985,0.0789423,-0.14918342,0.82099384,-0.2198754,0.3542167,0.65913916,0.65552425,0.7912463,0.04730754,0.7506523,0.4791512,0.60871637,-0.02182372,0.32132512,0.5017813,0.6960672,0.37684727,-0.14654787,0.57104635,0.656577,-0.33542052,-0.5718976,-0.20036851,0.033095337,-0.24841665,0.02055775,0.26486546,-0.07797123,0.51422423,0.16396955,0.4564489,0.7735927,0.5545682,0.38218895,-0.0919981,-0.45886016,-0.20421112,-0.15250574,-0.101097345,-0.24226564,-0.38756597,-0.2090212,-0.14303541,0.76987946,0.59729373,0.57216215,0.22948074,0.2930931,0.05775433,0.3585602,0.80199695,-0.22909534,0.2281062,-0.15287387,-0.5164317,-0.060457118,-0.033365607,0.7178259,0.743593,0.5159756,0.4339618,0.47771138
-0.28639007,0.6401728,0.2695824,0.71721894,0.6224047,0.20159978,0.2016751,0.58846486,0.72695017,0.35203022,0.043035407,0.12641889,-0.029463813,0.61031055,0.5791824,0.46087497,0.5875784,0.52802277,0.79586285,0.72457397,0.7929939,0.12089394,0.27454573,0.5043844,0.38239747,0.29995131,0.8707758,0.7005656,0.6867916,0.4037965,-0.10690127,-0.32929388,0.7296237,0.6057222,0.9213255,0.67511296,0.74658597,-0.14162269,0.44969824,0.2894606,0.5059022,-0.11217934,0.58556384,0.4188521,0.8030027,0.6843569,0.3044682,0.43054903,0.19549394,0.18141653,-0.43031374,0.4269721,0.3604144,0.5345075,0.60675883,0.2856337,0.28208068,0.6804757,0.32480344,-0.0129554495,0.4731193,-0.25055143,0.26298574,0.5884422,0.72100127,0.5228114,0.2766401,0.31308913,0.7414806,0.35571063,0.7750474,0.34111142,0.4029368,-0.3059073,0.37771678,0.5321523,0.53850037,0.4456794,-0.23019099,-0.2943449,0.4925695,0.48930174,0.7738446,0.8700938,0.78241616,0.6326332,0.61539,0.82476115,0.46615282,0.23696661,0.1806762,0.027638242,-0.10711594,-0.3255823,0.5591768,0.51538473,0.8111495,0.78953356,0.093319826,0.048830956
0.17578337,0.57801867,0.20284212,0.8186946,0.8543011,0.22728565,0.3957394,0.7960044,0.81642884,-0.08212106,-0.25640398,-0.21767347,-0.10142446,0.22363047,0.19972867,0.5389734,0.21475142,0.7571602,0.51603496,0.77656627,0.53205156,-0.08862548,0.06335888,0.15401328,-0.09378408,-0.098019324,0.5074179,0.27723622,0.2797051,0.037946697,-0.31267715,-0.50162137,0.63640827,0.82310474,0.67511296,0.932793,0.50249904,0.022275513,0.37076825,0.17831111,0.85378605,-0.09225971,0.57825315,0.44404113,0.63047564,0.70154005,0.22631183,0.59045124,0.63694507,0.6363437,-0.110467255,0.44065684,0.49412552,0.7402822,0.6618207,0.18265367,0.5696367,0.8484707,-0.060919218,-0.26244184,0.029685449,-0.03299409,-0.03300792,0.23015457,0.4177841,0.1199462,0.51205766,0.175984,0.47566718,0.65279925,0.5645398,0.33307165,0.02070867,-0.36439362,-0.034540668,0.051393755,0.08031814,-0.05908432,-0.4176196,-0.32268363,0.04716015,0.8139751,0.5665303,0.6076504,0.30560774,0.33309245,0.2822982,0.44684958,0.80845106,0.035197552,0.22713882,-0.06080099,-0.28968188,-0.2406817,0.0746402,0.5258684,0.6515395,0.4942038,0.5482904,0.50870425
