0,1,2,3,4,5,6,7,8,9,10,11,12,13,14,15,16,17,18,19,20,21,22,23,24,25,26,27,28,29,30,31,32,33,34,35,36,37,38,39,40,41,42,43,44,45,46,47,48,49,50,51,52,53,54,55,56,57,58,59,60,61,62,63,64,65,66,67,68,69,70,71,72,73,74,75,76,77,78,79,80,81,82,83,84,85,86,87,88,89,90,91,92,93,94,95,96,97,98,99
0.93433017,0.39479595,0.44410068,-0.025720539,0.13495243,0.4606098,0.4872076,0.37847567,0.6894895,-0.0022968983,0.21049261,-0.26780355,-0.17748433,0.26790756,0.1327399,0.10896998,-0.5916587,0.4317991,0.19765338,0.38056973,0.078890055,-0.78135574,-0.47890776,-0.85735494,-0.32789725,-0.57173777,-0.33241183,-0.63781965,0.055871096,-0.66692835,0.3986823,0.20887244,0.03757862,-0.08494617,-0.865434,0.34969363,0.15347712,0.3427759,0.09998353,0.1405251,0.21013887,0.036045916,-0.093853034,0.5321701,0.091901496,0.08015875,-0.3827665,0.09840372,0.68259573,0.40463552,0.8612299,0.5856386,0.41146064,-0.12190626,0.043185838,0.790513,0.35545278,0.5131769,0.13314831,0.28521454,-0.4452978,0.014190003,0.4874659,0.6999227,0.2987889,0.21604544,0.7522778,0.13332489,-0.6101005,0.47701383,0.47562754,-0.76145774,-0.45528316,-0.4434086,-0.50637543,-0.37724733,-0.59077907,-0.46868342,0.21367088,0.3413031,-0.846786,0.078556746,-0.11120309,-0.8448559,-0.8036207,-0.30985904,0.15306842,-0.44352746,0.25993145,-0.019097347,0.23837751,0.5340023,-0.14266598,0.09450899,-0.64912045,0.4567383,-0.06316948,0.04265063,0.6734961,0.3663532
0.39479595,0.96408945,0.9187768,0.6937549,0.5316882,0.7415887,0.8901559,0.9478268,0.7208223,0.32835287,0.3406754,0.10021798,-0.07030831,0.35147935,0.3729055,0.8692427,-0.0816253,0.94637585,0.12507948,-0.38595954,0.44207343,-0.23961127,0.24591221,-0.3483305,0.24048248,0.12781017,-0.8078853,-0.59514296,0.3888706,-0.045599896,-0.33358002,0.3304435,-0.6015866,-0.15220602,-0.1678311,-0.36798188,-0.55647814,-0.4896105,-0.6904739,-0.40019965,-0.60624945,-0.62804866,-0.6799482,-0.3953771,-0.59009695,-0.70158887,-0.74388677,-0.6637052,-0.1701302,-0.48179728,0.2547494,0.9015335,0.91314024,0.4732145,0.49280274,0.6869539,0.9555064,0.7968428,0.3764461,0.24504752,0.007929533,0.03248851,0.302778,0.17306401,0.34067684,0.3212521,0.13739063,0.27977273,-0.0619635,0.7939384,0.058515422,-0.0022111982,0.2440449,0.25659135,0.11524339,0.33125234,0.278466,0.12024004,-0.34149578,0.39743358,-0.15038832,-0.59207183,-0.69634223,-0.1708689,-0.08983651,-0.5197321,-0.4999234,-0.8327996,-0.40963882,-0.7015161,-0.548878,0.7536405,-0.5332042,-0.1772497,-0.23010877,-0.44679278,-0.7098751,-0.72754365,-0.17735335,-0.4929552
0.44410068,0.9187768,0.95352966,0.61276627,0.53080904,0.7867433,0.86394584,0.9158187,0.78747964,0.35347745,0.35839495,0.12010054,-0.07904066,0.33415192,0.35835457,0.8394474,-0.09103747,0.9026151,0.12826231,-0.3670132,0.43431538,-0.26582742,0.18301514,-0.3526857,0.26092988,0.1341731,-0.79261315,-0.5268314,0.39586216,-0.05406881,-0.3216957,0.30686897,-0.62257963,-0.20325166,-0.19185424,-0.33965105,-0.5312371,-0.49407017,-0.69681466,-0.3935207,-0.6000173,-0.5962029,-0.69645214,-0.35371208,-0.57768965,-0.6896609,-0.76019466,-0.66164815,-0.12630396,-0.4539498,0.299963,0.92018247,0.8630404,0.39291012,0.49777532,0.7554817,0.9104326,0.8203833,0.4068788,0.28626904,0.030321864,0.025954217,0.30488452,0.18441267,0.33008608,0.30843693,0.13222905,0.27981585,-0.1137571,0.75238276,0.060421098,-0.03474033,0.2312502,0.24009795,0.1191383,0.3478701,0.2625632,0.12453611,-0.35110205,0.3874551,-0.17288746,-0.6026305,-0.70361197,-0.19778514,-0.10028848,-0.541747,-0.4620217,-0.76280236,-0.39000803,-0.6961442,-0.5499412,0.7519688,-0.49588692,-0.15977961,-0.24806026,-0.41912353,-0.708078,-0.7084939,-0.13155098,-0.46525222
-0.025720539,0.6937549,0.61276627,0.8205499,0.5752754,0.51192415,0.57318497,0.70605934,0.3721196,0.2041581,0.069331765,0.04422797,-0.17900926,0.038380805,0.11807336,0.71555793,0.007071673,0.69295627,-0.17650294,-0.4306016,0.20231208,-0.013575743,0.4249941,-0.029298829,0.2817743,0.24038693,-0.54288745,-0.34471554,0.15123767,0.11232851,-0.39982212,0.16704386,-0.4558316,0.059603553,0.1905307,-0.36763963,-0.46997762,-0.5699891,-0.6540283,-0.3856187,-0.5688887,-0.5690625,-0.48487228,-0.59288776,-0.45804244,-0.61721814,-0.41256145,-0.5729306,-0.38880688,-0.56088185,-0.061052613,0.5650349,0.64747787,0.6477571,0.5590363,0.27721018,0.7153361,0.5598761,0.19593,-0.05392369,0.05143413,-0.16121897,-0.064578414,-0.22226037,0.011611438,0.046747513,-0.09107728,-0.00074664317,0.24381804,0.59300464,-0.18344349,0.26247668,0.31038857,0.3621682,0.17644295,0.3720832,0.4381014,0.16157873,-0.26244932,0.16065794,0.1659596,-0.46398437,-0.480414,0.21019301,0.22075622,-0.19531885,-0.40945435,-0.5808897,-0.3554491,-0.53670007,-0.5061101,0.4272151,-0.37480634,-0.01971246,0.16608691,-0.57473975,-0.5394052,-0.6330688,-0.389595,-0.54345864
0.13495243,0.5316882,0.53080904,0.5752754,0.96923894,0.7847611,0.31935674,0.6323998,0.6143557,-0.26907116,-0.44104937,-0.48562017,-0.72924995,-0.43737096,-0.39080793,0.4391451,-0.44321483,0.61511457,-0.57222366,0.045674503,-0.2427406,-0.38322604,0.31081104,-0.2093817,-0.0890733,-0.13073853,-0.22154228,-0.3434506,-0.33260447,-0.27893287,-0.12738326,-0.24426925,-0.073422834,0.42363012,0.07919212,0.15234554,0.024724066,-0.40937045,-0.56122494,-0.48908818,-0.14368452,-0.37112117,-0.10804253,-0.28949648,-0.020859376,-0.21619028,-0.039396815,-0.14805728,0.00664798,-0.15758458,0.24363759,0.58118224,0.40205976,0.7914305,0.93906105,0.46222007,0.5577613,0.7810703,-0.24938492,-0.4829256,-0.421691,-0.6999503,-0.46411636,-0.37958002,-0.41532007,-0.40935624,0.19548377,-0.45543578,0.30630487,0.7442447,0.036786612,-0.027738223,-0.061848797,-0.070369005,-0.3119775,-0.032041576,0.07142462,-0.2954532,0.091105595,-0.25042018,-0.051122468,-0.0038687838,-0.047441766,0.16735935,0.07240827,0.2760483,0.07347032,-0.29120034,0.1766038,-0.092926286,-0.12981062,0.14456734,-0.39867634,0.3977695,0.32292196,-0.19749382,-0.116511784,-0.19138768,0.011134421,-0.104257375
0.4606098,0.7415887,0.7867433,0.51192415,0.7847611,0.9338929,0.605981,0.8022964,0.87209284,-0.005597757,-0.06997592,-0.28056842,-0.50246704,-0.087301455,-0.082947806,0.5866115,-0.4226048,0.7820416,-0.2516412,-0.027510975,0.023880288,-0.5162818,0.09352423,-0.43728817,-0.00718314,-0.14258058,-0.4920439,-0.5082407,-0.034816533,-0.34092975,-0.099646084,0.006135107,-0.2744056,0.11265297,-0.21766311,0.045941927,-0.1436763,-0.35988778,-0.581722,-0.39779547,-0.26715216,-0.4040202,-0.34835392,-0.17325038,-0.2041396,-0.36590508,-0.39980146,-0.32083082,0.110476285,-0.16977534,0.45158207,0.84429604,0.62900364,0.5310978,0.7477858,0.7787915,0.73614156,0.91843295,0.042700894,-0.09221326,-0.32807612,-0.40538067,-0.053197727,-0.0029251631,-0.061574243,-0.09820887,0.32212347,-0.13867927,-0.035275433,0.80399114,0.13371722,-0.2123683,-0.061519362,-0.04262348,-0.24404335,0.046420723,0.012596773,-0.2351473,-0.01680286,0.068869434,-0.27966753,-0.22139508,-0.31410915,-0.15859345,-0.15940863,-0.12359044,-0.08306453,-0.5273234,0.022820462,-0.31666934,-0.23759046,0.48214117,-0.42075896,0.21902657,-0.03266078,-0.16698441,-0.34314913,-0.3715027,0.11405712,-0.15040985
0.4872076,0.8901559,0.86394584,0.57318497,0.31935674,0.605981,0.93131906,0.84169745,0.6511777,0.47135237,0.53474295,0.23683015,0.11102234,0.5099308,0.508706,0.80349886,-0.03565281,0.8577486,0.2880985,-0.39288783,0.52273905,-0.24249542,0.08559726,-0.41394162,0.2896219,0.110319614,-0.85384756,-0.5886166,0.5092157,-0.06081883,-0.26931447,0.47573808,-0.6268933,-0.31033105,-0.30835193,-0.39049298,-0.5823228,-0.3636033,-0.5595691,-0.22216818,-0.5901471,-0.55307066,-0.72292876,-0.28119683,-0.61051,-0.68748903,-0.84197724,-0.66607213,-0.10356517,-0.42234537,0.3001477,0.8433062,0.90343845,0.24572007,0.25804603,0.68228644,0.8762351,0.656621,0.53142583,0.46135598,0.08832517,0.22861832,0.51383173,0.3653553,0.49301887,0.47488233,0.16249499,0.4180159,-0.25498974,0.6628461,0.060995113,-0.08860616,0.20920084,0.25525177,0.15825427,0.34587878,0.21096045,0.15366709,-0.36170927,0.5587124,-0.24560606,-0.6362255,-0.75842404,-0.33217952,-0.2117748,-0.6824932,-0.52603596,-0.85514426,-0.45690745,-0.7307602,-0.5172525,0.86193836,-0.41059825,-0.26615047,-0.4059285,-0.37292075,-0.745926,-0.7305126,-0.11214842,-0.4538238
0.37847567,0.9478268,0.9158187,0.70605934,0.6323998,0.8022964,0.84169745,0.9694931,0.75547445,0.26463732,0.2351492,0.019208247,-0.18603802,0.21910967,0.24677262,0.835235,-0.1575191,0.94439113,-0.0075060064,-0.3383406,0.32804635,-0.28439838,0.24141291,-0.34664056,0.21706861,0.09381631,-0.7471469,-0.56356066,0.27678052,-0.09379813,-0.30153203,0.2625956,-0.5471389,-0.08372158,-0.14012292,-0.2898984,-0.47872713,-0.5009844,-0.70018804,-0.4053437,-0.5582853,-0.5962796,-0.61794573,-0.3891974,-0.5145178,-0.6501877,-0.66045547,-0.6113091,-0.14157763,-0.44453228,0.2723449,0.9110409,0.8692338,0.53199077,0.5938486,0.70249367,0.95072067,0.8500006,0.3091453,0.14871106,-0.05721823,-0.08855715,0.18994832,0.08350758,0.21001415,0.20046575,0.15365894,0.15092179,-0.029598523,0.8175817,0.027666949,-0.017156359,0.18928885,0.22197506,0.048857123,0.29878196,0.25306958,0.049619306,-0.2741448,0.31352222,-0.14463028,-0.526361,-0.62157655,-0.12877047,-0.06525459,-0.41497493,-0.41619793,-0.77171326,-0.32360715,-0.6290515,-0.50285125,0.7039362,-0.49926722,-0.059200153,-0.13731685,-0.42276675,-0.64243877,-0.6787872,-0.14693606,-0.44658816
0.6894895,0.7208223,0.78747964,0.3721196,0.6143557,0.87209284,0.6511777,0.75547445,0.94188327,0.024142629,0.07756037,-0.27088466,-0.3999793,0.07612471,0.028301988,0.4951517,-0.5149288,0.7627349,-0.08184636,0.0853913,0.07671335,-0.6529139,-0.10862072,-0.6335466,-0.09701431,-0.28951174,-0.5236757,-0.6135726,0.025664162,-0.4753232,0.06234851,0.12901336,-0.21489866,0.007768644,-0.47489142,0.13520378,-0.08119399,-0.1461336,-0.39485997,-0.2342238,-0.14654988,-0.28771845,-0.3214792,0.04815783,-0.15147635,-0.2602681,-0.467468,-0.23114386,0.31361222,0.0031359633,0.64701146,0.8707597,0.63897735,0.33122495,0.5474633,0.901169,0.7015798,0.8762054,0.12513062,0.07424211,-0.37935412,-0.2588763,0.18632178,0.27561283,0.09740622,0.048293456,0.49936175,-0.019551182,-0.26334852,0.7774577,0.26717627,-0.424519,-0.19628078,-0.16763344,-0.34169924,-0.07893363,-0.19054279,-0.32694495,0.044708665,0.21938898,-0.5091872,-0.16525815,-0.31407472,-0.4330601,-0.40500456,-0.2369698,-0.037320577,-0.56907773,0.079398245,-0.27118888,-0.1018179,0.5917106,-0.35275236,0.16553268,-0.27150804,0.026522966,-0.29967588,-0.28252038,0.3103026,-0.0020814836
-0.0022968983,0.32835287,0.35347745,0.2041581,-0.26907116,-0.005597757,0.47135237,0.26463732,0.024142629,0.9258421,0.81229794,0.8153725,0.6017172,0.5234336,0.5935896,0.469671,0.5289479,0.21284667,0.40036228,-0.6909382,0.53217673,0.3753568,-0.0026231892,0.20434307,0.7776761,0.5824315,-0.55730236,0.16044419,0.64040864,0.4624186,-0.38192016,0.6232437,-0.7154064,-0.74850863,0.13003743,-0.61786497,-0.63790417,-0.35853884,-0.34510106,0.15318885,-0.66311103,-0.27795497,-0.669842,-0.38521218,-0.60935277,-0.6237067,-0.66762406,-0.71289873,-0.4354381,-0.5338411,-0.26232618,0.20301348,0.3533712,-0.2679246,-0.24793471,0.073956676,0.34582186,-0.012763273,0.8944201,0.77271295,0.72684085,0.5731356,0.51008767,0.14954622,0.44821513,0.48318696,-0.36447963,0.51250833,-0.3191775,-0.13980761,-0.46233487,0.29895404,0.4563976,0.6993352,0.66688436,0.7499167,0.51384234,0.6078509,-0.53907514,0.6260408,0.21021882,-0.7693856,-0.7106391,-0.0055861054,0.2244258,-0.7600013,-0.5655097,-0.30055285,-0.66881126,-0.66214013,-0.62173337,0.59152186,0.14878362,-0.40136766,-0.16450366,-0.5116389,-0.6857618,-0.6640867,-0.44363672,-0.58034027
0.21049261,0.3406754,0.35839495,0.069331765,-0.44104937,-0.06997592,0.53474295,0.2351492,0.07756037,0.81229794,0.9510574,0.7695689,0.73728323,0.7954308,0.8071859,0.41280523,0.4674841,0.22504273,0.6995568,-0.5363574,0.71465474,0.24335358,-0.12236473,-0.015856054,0.5437342,0.3961936,-0.5928935,-0.050989144,0.79773605,0.3434046,-0.2562869,0.66686547,-0.6309241,-0.76675045,-0.15462223,-0.57847923,-0.6212704,-0.1495975,-0.1729087,0.18349618,-0.5400319,-0.22972715,-0.6461425,-0.16070727,-0.6171984,-0.53816086,-0.7609508,-0.6012619,-0.25325397,-0.38422352,-0.07962349,0.24992245,0.42151308,-0.4318446,-0.44442892,0.18798156,0.3246946,-0.041476868,0.83250517,0.9127045,0.61794704,0.78101844,0.7945257,0.50387996,0.7483872,0.75414264,-0.18206823,0.75768965,-0.44576737,-0.101634696,-0.1315215,0.11026461,0.3792118,0.4765372,0.56616175,0.5455806,0.31415975,0.5490412,-0.51740694,0.7310487,-0.013867353,-0.69652766,-0.71645886,-0.27306175,-0.051258907,-0.9036409,-0.5824739,-0.42028564,-0.65322614,-0.6527417,-0.5053302,0.64323163,0.009307453,-0.5645919,-0.5040232,-0.3292551,-0.65625626,-0.57921904,-0.2585398,-0.44796935
-0.26780355,0.10021798,0.12010054,0.04422797,-0.48562017,-0.28056842,0.23683015,0.019208247,-0.27088466,0.8153725,0.7695689,0.9465325,0.79624426,0.5650797,0.658749,0.3402884,0.7941644,-0.036030658,0.5243113,-0.7441592,0.6191013,0.6658553,0.13178375,0.4759482,0.7613808,0.74989253,-0.3765478,0.37786362,0.71443903,0.72136545,-0.4864288,0.50230116,-0.67865324,-0.7440695,0.3362349,-0.74372184,-0.678703,-0.36854237,-0.2562337,0.10684075,-0.66095304,-0.2233043,-0.5913551,-0.4458705,-0.6461383,-0.5763941,-0.52446014,-0.65972584,-0.6027913,-0.598227,-0.53756595,-0.07274771,0.15210825,-0.37806156,-0.42747116,-0.21670285,0.111341566,-0.30685806,0.75412405,0.71264875,0.8940663,0.7155136,0.45612636,0.06385939,0.5046668,0.5548397,-0.6182611,0.62360716,-0.1219174,-0.39410636,-0.44324404,0.5264782,0.64030266,0.741868,0.8631916,0.7879193,0.643481,0.81678176,-0.63823414,0.48845506,0.4491728,-0.7451386,-0.64394724,0.20175835,0.42134267,-0.6921264,-0.6289382,-0.09984039,-0.7714546,-0.6281105,-0.6523532,0.31940547,0.13272636,-0.5771,-0.09514227,-0.5732279,-0.610808,-0.58898526,-0.60393983,-0.63887525
-0.17748433,-0.07030831,-0.07904066,-0.17900926,-0.72924995,-0.50246704,0.11102234,-0.18603802,-0.3999793,0.6017172,0.73728323,0.79624426,0.9496384,0.7003623,0.7293616,0.117302746,0.7165607,-0.18484095,0.73023534,-0.49455914,0.6445459,0.57717586,0.013330111,0.32975304,0.4481427,0.5072169,-0.22784832,0.24982251,0.71612257,0.57903695,-0.30120888,0.43068922,-0.42913342,-0.60743403,0.112927526,-0.6070512,-0.52191156,-0.067707255,0.059023276,0.20652293,-0.39490074,-0.06636271,-0.39356253,-0.16617118,-0.48734567,-0.33457428,-0.40614846,-0.3896472,-0.3932771,-0.3509267,-0.42240596,-0.21723399,0.049987286,-0.54300475,-0.69503796,-0.2861366,-0.08649315,-0.49327433,0.56206954,0.6957356,0.71728456,0.90645355,0.5982474,0.31513318,0.6583382,0.67766607,-0.44072843,0.74032664,-0.17306653,-0.47294092,-0.16296452,0.33385116,0.46454656,0.45340094,0.69207776,0.48279116,0.37162757,0.67193663,-0.5208416,0.44750094,0.27193815,-0.50684226,-0.46478534,-0.0009443341,0.1665895,-0.6395987,-0.52465016,-0.0675001,-0.6390874,-0.43846917,-0.38999102,0.19948143,0.10344223,-0.6757109,-0.33418912,-0.2985834,-0.4126359,-0.34253207,-0.4002325,-0.40317544
0.26790756,0.35147935,0.33415192,0.038380805,-0.43737096,-0.087301455,0.5099308,0.21910967,0.07612471,0.5234336,0.7954308,0.5650797,0.7003623,0.95669854,0.9110712,0.38470334,0.38648045,0.2614995,0.8767812,-0.37084323,0.8400336,0.15468535,-0.019835215,-0.15030748,0.22775348,0.22600226,-0.5502079,-0.29661304,0.83676803,0.26195478,-0.21578568,0.5475543,-0.48233342,-0.52153933,-0.2856804,-0.5470953,-0.59329486,-0.03765869,-0.06638317,0.012138816,-0.42361903,-0.2457533,-0.54612994,-0.06729612,-0.6082551,-0.44919184,-0.7010921,-0.46006674,-0.16149093,-0.30701667,0.0052629844,0.2619195,0.48390734,-0.32139313,-0.45313004,0.2085864,0.30321568,-0.04272527,0.5508369,0.74415004,0.41093045,0.8078013,0.8643534,0.6683087,0.93490815,0.9180652,-0.077624165,0.901843,-0.27667725,0.036624387,0.23732361,0.044809923,0.35532543,0.21733648,0.43804336,0.30454266,0.19086519,0.4722132,-0.47643954,0.62537086,-0.09969603,-0.54902375,-0.6371027,-0.3471219,-0.20466661,-0.81621534,-0.60566247,-0.51165515,-0.6138428,-0.6095115,-0.38324073,0.52321184,-0.2781566,-0.68564284,-0.6658397,-0.21860546,-0.5710162,-0.47548074,-0.16727912,-0.3744576
0.1327399,0.3729055,0.35835457,0.11807336,-0.39080793,-0.082947806,0.508706,0.24677262,0.028301988,0.5935896,0.8071859,0.658749,0.7293616,0.9110712,0.9575505,0.47126496,0.5142863,0.27444607,0.8332322,-0.5060085,0.8941718,0.29459935,0.11052951,0.0022227294,0.3542168,0.39083016,-0.57915926,-0.1918127,0.89718366,0.41453165,-0.37098205,0.5325697,-0.59287244,-0.55267733,-0.11655988,-0.6688839,-0.6977326,-0.20334546,-0.21221396,-0.09621982,-0.55996233,-0.34770942,-0.64364815,-0.2406561,-0.71245396,-0.57674706,-0.73253715,-0.5778003,-0.3279202,-0.4621752,-0.14672063,0.24983078,0.49718392,-0.25442293,-0.39062345,0.13537017,0.33608145,-0.052012127,0.5953847,0.7299701,0.5309193,0.80208886,0.77567375,0.51087904,0.89532137,0.92385125,-0.24120411,0.90108365,-0.16704847,0.017654065,0.11875636,0.20652658,0.5009967,0.35481757,0.5741202,0.45208517,0.3608317,0.59839904,-0.6012643,0.5976838,0.06593834,-0.661632,-0.72114754,-0.18167345,-0.01790449,-0.83150923,-0.69773555,-0.5034617,-0.72482055,-0.7075045,-0.53013694,0.51268095,-0.31270483,-0.73930323,-0.55028605,-0.38605893,-0.6690654,-0.58094746,-0.3324592,-0.5195307
0.10896998,0.8692427,0.8394474,0.71555793,0.4391451,0.5866115,0.80349886,0.835235,0.4951517,0.469671,0.41280523,0.3402884,0.117302746,0.38470334,0.47126496,0.9504513,0.23218256,0.8187035,0.1767447,-0.64009666,0.571704,0.09502061,0.45260698,-0.033665087,0.4612336,0.44331646,-0.81348395,-0.35422063,0.5331698,0.288205,-0.59901613,0.30693245,-0.78817344,-0.25034076,0.12533206,-0.632836,-0.7649845,-0.7205255,-0.82537353,-0.50745934,-0.8354114,-0.7468785,-0.82533765,-0.6570129,-0.79228336,-0.8883076,-0.77480924,-0.847499,-0.476924,-0.7465909,-0.08436142,0.7368446,0.8465301,0.46493727,0.4396803,0.45339495,0.86963046,0.60487914,0.45939344,0.2809324,0.29689842,0.15434411,0.24188372,-0.022712339,0.36468995,0.38874704,-0.21628484,0.3824236,0.12835924,0.6026908,-0.1138414,0.32448152,0.53111416,0.50425303,0.4279673,0.5966766,0.5833518,0.4246372,-0.5836922,0.3356276,0.1745263,-0.7894723,-0.8375521,0.11043982,0.22467649,-0.57780206,-0.6933043,-0.7477899,-0.65405405,-0.86761403,-0.78889596,0.6600716,-0.5549302,-0.3594545,-0.08745743,-0.7218632,-0.86376905,-0.88594365,-0.48065263,-0.75497454
-0.5916587,-0.0816253,-0.09103747,0.007071673,-0.44321483,-0.4226048,-0.03565281,-0.1575191,-0.5149288,0.5289479,0.4674841,0.7941644,0.7165607,0.38648045,0.5142863,0.23218256,0.93060696,-0.20551822,0.41295454,-0.7100421,0.5346155,0.8820953,0.40033567,0.7345048,0.61712873,0.8297273,-0.14141202,0.51372504,0.5788294,0.8819752,-0.597902,0.21556038,-0.5227417,-0.4530007,0.6141505,-0.76815385,-0.6269479,-0.442452,-0.23580202,-0.087576546,-0.60480857,-0.21433502,-0.42205095,-0.57196593,-0.5889777,-0.48713887,-0.24235198,-0.5326831,-0.76522315,-0.65353805,-0.7857226,-0.30123115,-0.03655424,-0.21997337,-0.35174632,-0.49904996,-0.07533692,-0.46679825,0.41464502,0.3707351,0.8496145,0.5886794,0.16252188,-0.21321985,0.34999767,0.42007652,-0.8169049,0.5183018,0.26847997,-0.4733531,-0.40182066,0.75388235,0.7451904,0.6927078,0.8975936,0.71571183,0.74879897,0.8638892,-0.6408359,0.14965314,0.7248516,-0.5945681,-0.46519327,0.5208521,0.65963787,-0.38972604,-0.6036835,0.09068896,-0.7451411,-0.50461054,-0.61658716,-0.03760983,0.007989001,-0.59365237,0.1339792,-0.6415067,-0.45241588,-0.46653187,-0.7605673,-0.670257
0.4317991,0.94637585,0.9026151,0.69295627,0.61511457,0.7820416,0.8577486,0.94439113,0.7627349,0.21284667,0.22504273,-0.036030658,-0.18484095,0.2614995,0.27444607,0.8187035,-0.20551822,0.96490175,0.039867625,-0.27879304,0.34858567,-0.34307498,0.21771005,-0.42699727,0.12692949,0.012015887,-0.75217056,-0.65859735,0.28865883,-0.15060484,-0.26113778,0.24848327,-0.5064917,-0.047222823,-0.22021732,-0.2613993,-0.45668042,-0.44186425,-0.6539905,-0.41717297,-0.5093452,-0.60490805,-0.5989152,-0.3288529,-0.5027385,-0.6175909,-0.6655123,-0.5638312,-0.080965295,-0.39251637,0.3350696,0.91604173,0.898761,0.5326948,0.56039464,0.72393465,0.938632,0.8443202,0.26580372,0.14175601,-0.11820802,-0.06634444,0.23683837,0.16399147,0.2621913,0.24420774,0.22325593,0.18886644,-0.035108328,0.85811913,0.13218713,-0.084804446,0.14758688,0.14002869,-0.007844281,0.21578306,0.18311295,0.0025280283,-0.24539793,0.31332415,-0.21147135,-0.48265263,-0.60385007,-0.20089114,-0.15576625,-0.41919488,-0.4031757,-0.82199913,-0.2958601,-0.61159384,-0.451671,0.706823,-0.56027734,-0.08992939,-0.2241045,-0.36527538,-0.62310004,-0.6473042,-0.08329272,-0.3993768
0.19765338,0.12507948,0.12826231,-0.17650294,-0.57222366,-0.2516412,0.2880985,-0.0075060064,-0.08184636,0.40036228,0.6995568,0.5243113,0.73023534,0.8767812,0.8332322,0.1767447,0.41295454,0.039867625,0.932226,-0.24263227,0.77580893,0.20665245,-0.062171005,-0.07430193,0.10867721,0.19381009,-0.34139264,-0.15450317,0.76505554,0.2874487,-0.16254458,0.38671482,-0.33161753,-0.46353722,-0.26936942,-0.4510474,-0.45741332,0.07514405,0.08915402,0.03526686,-0.26955128,-0.107986465,-0.39822066,0.04951439,-0.48460317,-0.28053403,-0.52832127,-0.285191,-0.09763846,-0.17623955,-0.042194914,0.05802429,0.2691301,-0.45152307,-0.5819671,0.068265565,0.07018028,-0.23385814,0.40850887,0.6621124,0.39497182,0.8157337,0.7850072,0.64100873,0.89655066,0.85740983,-0.10338509,0.8959074,-0.22881833,-0.14327317,0.3051688,0.024419293,0.312287,0.1144589,0.40688482,0.18930255,0.107653126,0.44787768,-0.43317884,0.46458757,-0.070379175,-0.3976959,-0.48323667,-0.32199842,-0.19307151,-0.6920119,-0.4833937,-0.29845423,-0.5122029,-0.44412917,-0.25281066,0.31637335,-0.2103743,-0.7093508,-0.65798914,-0.09512031,-0.40318567,-0.2791556,-0.100242496,-0.239388
0.38056973,-0.38595954,-0.3670132,-0.4306016,0.045674503,-0.027510975,-0.39288783,-0.3383406,0.0853913,-0.6909382,-0.5363574,-0.7441592,-0.49455914,-0.37084323,-0.5060085,-0.64009666,-0.7100421,-0.27879304,-0.24263227,0.9138246,-0.555791,-0.6392819,-0.4358124,-0.5083084,-0.79179,-0.8161335,0.5285226,-0.20831853,-0.5945672,-0.7211876,0.6561667,-0.43150008,0.7642908,0.5055977,-0.5252499,0.8606391,0.8347222,0.6613358,0.58925927,0.18170257,0.87360704,0.46053225,0.680442,0.7706121,0.77099144,0.78928953,0.5425693,0.8538544,0.80898964,0.86217475,0.5882483,-0.172782,-0.38474515,-0.10043676,-0.022909138,0.11903079,-0.41077453,-0.0186529,-0.60710835,-0.4134984,-0.758067,-0.41319948,-0.18627575,0.22963786,-0.31573,-0.37534887,0.6614133,-0.4352719,-0.1754875,0.034917187,0.52470064,-0.70668864,-0.73577595,-0.84622836,-0.834159,-0.8755677,-0.8466388,-0.77908486,0.65041363,-0.37288624,-0.5977558,0.845871,0.7300483,-0.43799222,-0.599438,0.5493264,0.77150315,0.3180782,0.8540198,0.77449584,0.8290378,-0.36307213,0.10504372,0.42472655,-0.17843801,0.839388,0.73809147,0.8168757,0.81207144,0.8804877
0.078890055,0.44207343,0.43431538,0.20231208,-0.2427406,0.023880288,0.52273905,0.32804635,0.07671335,0.53217673,0.71465474,0.6191013,0.6445459,0.8400336,0.8941718,0.571704,0.5346155,0.34858567,0.77580893,-0.555791,0.9329299,0.33016908,0.2719138,0.062653765,0.35060072,0.4625514,-0.60681003,-0.18719083,0.8866267,0.47754738,-0.50342554,0.4075863,-0.6558492,-0.4609902,-0.005733543,-0.72715306,-0.76330626,-0.35685235,-0.35173982,-0.28569317,-0.65075123,-0.46813875,-0.7074467,-0.36447608,-0.7928363,-0.66763365,-0.7377922,-0.6455817,-0.4090148,-0.56830585,-0.19328855,0.3104605,0.5428841,-0.11051033,-0.23534337,0.16082205,0.40337497,0.032434225,0.5163634,0.6113099,0.5245366,0.70372653,0.6533971,0.383734,0.8484777,0.8604117,-0.32227385,0.88014567,-0.008697636,0.10791673,0.13735184,0.29865772,0.5958912,0.38101494,0.61151874,0.49564123,0.45874852,0.6475954,-0.68540907,0.46288055,0.15972176,-0.7121277,-0.77605677,-0.06285304,0.08736542,-0.7814315,-0.75297207,-0.5220294,-0.77335244,-0.7796037,-0.6331867,0.4692366,-0.46273983,-0.7737714,-0.47197905,-0.4976923,-0.7351794,-0.6508838,-0.41207916,-0.6147031
-0.78135574,-0.23961127,-0.26582742,-0.013575743,-0.38322604,-0.5162818,-0.24249542,-0.28439838,-0.6529139,0.3753568,0.24335358,0.6658553,0.57717586,0.15468535,0.29459935,0.09502061,0.8820953,-0.34307498,0.20665245,-0.6392819,0.33016908,0.94708854,0.43619332,0.8611203,0.56096494,0.80708915,0.04979314,0.6266719,0.37829125,0.87691045,-0.5676476,0.06288625,-0.3692413,-0.2933466,0.758045,-0.66500837,-0.48303378,-0.42880824,-0.1837123,-0.0978775,-0.49009138,-0.14353617,-0.2441646,-0.5891239,-0.4334702,-0.36066437,-0.012894799,-0.40006992,-0.7963498,-0.60023046,-0.8955565,-0.46735257,-0.21120948,-0.12658729,-0.29571232,-0.6864735,-0.22345313,-0.55575776,0.23597024,0.15216553,0.77545655,0.40935838,-0.084285155,-0.41837323,0.121459454,0.19337213,-0.87295794,0.3005586,0.40735972,-0.5564015,-0.48131007,0.81466657,0.69729674,0.6608157,0.831958,0.64473534,0.7483367,0.7892624,-0.52191156,-0.029644683,0.8388765,-0.43709517,-0.26552787,0.6921767,0.7800922,-0.15289539,-0.4653855,0.25323495,-0.610357,-0.3266338,-0.51372105,-0.25400704,0.0892632,-0.4460858,0.35395613,-0.61484313,-0.27941227,-0.33226076,-0.789374,-0.598131
-0.47890776,0.24591221,0.18301514,0.4249941,0.31081104,0.09352423,0.08559726,0.24141291,-0.10862072,-0.0026231892,-0.12236473,0.13178375,0.013330111,-0.019835215,0.11052951,0.45260698,0.40033567,0.21771005,-0.062171005,-0.4358124,0.2719138,0.43619332,0.76683563,0.4429,0.2149409,0.49395493,-0.16727094,0.07030753,0.19084701,0.5216261,-0.62177074,-0.20280078,-0.37291148,0.17197262,0.5684089,-0.5051633,-0.46225137,-0.6436275,-0.55498093,-0.5946413,-0.5305929,-0.50595564,-0.35121983,-0.6827778,-0.4775797,-0.51997375,-0.11932658,-0.43075487,-0.623389,-0.6373385,-0.5052799,0.066458896,0.23541619,0.53262234,0.34689063,-0.21790081,0.25050035,0.07721305,-0.100121364,-0.25703466,0.25958952,-0.061111834,-0.3105184,-0.47364628,-0.005137051,0.03499084,-0.5347983,0.09960607,0.65049946,0.17219207,-0.088909954,0.6086608,0.59459835,0.35509267,0.44085282,0.39073157,0.6405864,0.4543803,-0.44758815,-0.25925693,0.6015787,-0.3681085,-0.31747648,0.60918283,0.6009296,0.026136274,-0.42784613,-0.15301317,-0.43497568,-0.42560506,-0.5472534,-0.12090036,-0.4709053,-0.28566122,0.31815177,-0.65964305,-0.39436695,-0.438538,-0.6141367,-0.6036289
-0.85735494,-0.3483305,-0.3526857,-0.029298829,-0.2093817,-0.43728817,-0.41394162,-0.34664056,-0.6335466,0.20434307,-0.015856054,0.4759482,0.32975304,-0.15030748,0.0022227294,-0.033665087,0.7345048,-0.42699727,-0.07430193,-0.5083084,0.062653765,0.8611203,0.4429,0.93959945,0.49451435,0.7317493,0.23640089,0.7460779,0.10281421,0.78127587,-0.49437124,-0.12121062,-0.21789938,-0.12380776,0.8682114,-0.47068715,-0.27638787,-0.42370015,-0.17681293,-0.110682756,-0.3518626,-0.050227214,-0.05792472,-0.5669878,-0.22416764,-0.20582265,0.21942401,-0.24410433,-0.73012584,-0.4930701,-0.8870467,-0.5317241,-0.38124815,-0.02602395,-0.09856743,-0.7119673,-0.317236,-0.50670564,0.054360747,-0.09615022,0.62789917,0.12663153,-0.3680624,-0.65297186,-0.18100762,-0.09616304,-0.8519807,0.013300977,0.5064478,-0.55064285,-0.53780204,0.80502486,0.57186604,0.5763103,0.67532015,0.5494685,0.69634527,0.62522686,-0.36045396,-0.24800006,0.8848753,-0.25481045,-0.057126667,0.8247118,0.8577743,0.11725213,-0.25411558,0.436468,-0.39636916,-0.13248467,-0.39088136,-0.42707163,0.1655564,-0.19321917,0.5809704,-0.5426686,-0.093908295,-0.17097583,-0.72139305,-0.4683253
-0.32789725,0.24048248,0.26092988,0.2817743,-0.0890733,-0.00718314,0.2896219,0.21706861,-0.09701431,0.7776761,0.5437342,0.7613808,0.4481427,0.22775348,0.3542168,0.4612336,0.61712873,0.12692949,0.10867721,-0.79179,0.35060072,0.56096494,0.2149409,0.49451435,0.8900653,0.7663912,-0.39764988,0.3813062,0.45376354,0.6261227,-0.51452136,0.4226663,-0.6890842,-0.5989169,0.4814729,-0.66104937,-0.6249976,-0.5605049,-0.4773367,0.033002563,-0.7309278,-0.28870648,-0.5810995,-0.6113629,-0.57992655,-0.63736784,-0.45059624,-0.7326251,-0.6583037,-0.6790817,-0.5117378,0.07505141,0.20429504,-0.07416363,-0.03377285,-0.12638777,0.2749003,-0.03236065,0.70462304,0.47252113,0.77236223,0.33979344,0.14456312,-0.25004697,0.15525298,0.21827556,-0.5924449,0.27307785,-0.030324169,-0.1973653,-0.67530876,0.5703617,0.5878802,0.84177864,0.7551431,0.8689784,0.7247189,0.6748572,-0.5279168,0.37482923,0.5161527,-0.7471801,-0.60675704,0.36034063,0.5661402,-0.5022646,-0.535288,-0.11763938,-0.66631013,-0.60408103,-0.7036828,0.3442114,0.16959536,-0.26710546,0.22680432,-0.6888326,-0.6054994,-0.6710509,-0.66068304,-0.6940707
-0.57173777,0.12781017,0.1341731,0.24038693,-0.13073853,-0.14258058,0.110319614,0.09381631,-0.28951174,0.5824315,0.3961936,0.74989253,0.5072169,0.22600226,0.39083016,0.44331646,0.8297273,0.012015887,0.19381009,-0.8161335,0.4625514,0.80708915,0.49395493,0.7317493,0.7663912,0.92218935,-0.26711726,0.49539155,0.5069525,0.8661722,-0.7077865,0.20104945,-0.67667663,-0.44532418,0.7111939,-0.78889334,-0.6947011,-0.6722876,-0.5107929,-0.22975081,-0.7717867,-0.38832095,-0.55759066,-0.7553844,-0.6573888,-0.66006565,-0.3300289,-0.7103629,-0.8360224,-0.7968013,-0.7587291,-0.08026277,0.111306846,0.016914986,-0.035073012,-0.3421694,0.15080181,-0.19215876,0.46241128,0.28678483,0.8246322,0.36292952,-7.5172866e-05,-0.3992843,0.18926081,0.25349703,-0.8420676,0.36439377,0.31607193,-0.27262932,-0.5360825,0.80340075,0.7979206,0.81094414,0.89782774,0.8569039,0.882319,0.8532721,-0.66927004,0.11598766,0.76674664,-0.72803116,-0.5738479,0.6251657,0.77982426,-0.3767311,-0.63662827,-0.0165321,-0.7622192,-0.6252736,-0.78469026,0.074320085,-0.04847584,-0.43921608,0.30399936,-0.80866396,-0.59436953,-0.6361927,-0.829745,-0.8031206
-0.33241183,-0.8078853,-0.79261315,-0.54288745,-0.22154228,-0.4920439,-0.85384756,-0.7471469,-0.5236757,-0.55730236,-0.5928935,-0.3765478,-0.22784832,-0.5502079,-0.57915926,-0.81348395,-0.14141202,-0.75217056,-0.34139264,0.5285226,-0.60681003,0.04979314,-0.16727094,0.23640089,-0.39764988,-0.26711726,0.8732037,0.45346302,-0.5995324,-0.12465233,0.37142313,-0.48827365,0.70408297,0.39171112,0.14999282,0.53461474,0.6883862,0.44609135,0.584815,0.23673426,0.6910439,0.58191645,0.77058595,0.3955797,0.70510125,0.7578224,0.843842,0.75216293,0.26433808,0.5463035,-0.12630513,-0.73283726,-0.840842,-0.1994822,-0.1971224,-0.54749984,-0.7993974,-0.539334,-0.58901393,-0.500803,-0.24430163,-0.31941658,-0.505043,-0.2833966,-0.52912164,-0.5174812,-0.0073547326,-0.49186087,0.1791355,-0.5243124,0.029645268,-0.06646013,-0.3396632,-0.39593542,-0.32233536,-0.47457469,-0.35580453,-0.31045175,0.46463096,-0.55899704,0.08559565,0.7347745,0.8106805,0.1963673,0.048563838,0.7281674,0.6379031,0.78262115,0.5925305,0.8000927,0.62003076,-0.80650955,0.3774045,0.3550186,0.3438275,0.4928707,0.80358326,0.7975791,0.2698352,0.5800602
-0.63781965,-0.59514296,-0.5268314,-0.34471554,-0.3434506,-0.5082407,-0.5886166,-0.56356066,-0.6135726,0.16044419,-0.050989144,0.37786362,0.24982251,-0.29661304,-0.1918127,-0.35422063,0.51372504,-0.65859735,-0.15450317,-0.20831853,-0.18719083,0.6266719,0.07030753,0.7460779,0.3813062,0.49539155,0.45346302,0.91038877,-0.090578735,0.52504313,-0.20277092,-0.16839182,-0.0021466152,-0.2004804,0.617572,-0.1195468,0.07130933,-0.13772172,0.09093045,0.18370274,-0.027805634,0.24011305,0.15698378,-0.18819217,0.104058705,0.10753441,0.37107313,0.039533302,-0.36526948,-0.11330542,-0.63923615,-0.6585067,-0.64820445,-0.31037688,-0.25977778,-0.6449041,-0.55743676,-0.59322226,0.04715646,-0.036753844,0.49912566,0.055800103,-0.35776752,-0.5081008,-0.31759602,-0.25773442,-0.6150626,-0.1512582,0.16529107,-0.7451757,-0.5107434,0.4656169,0.2575984,0.3871141,0.43802848,0.3395982,0.34934914,0.3725006,-0.13891192,-0.2714367,0.59176797,-0.0058546374,0.18849717,0.5593165,0.62552625,0.2064263,0.08963186,0.6903746,-0.07190423,0.17777765,-0.09230332,-0.48679447,0.48137823,-0.0011773529,0.4803384,-0.17254972,0.17429388,0.15089193,-0.3567403,-0.097385176
0.055871096,0.3888706,0.39586216,0.15123767,-0.33260447,-0.034816533,0.5092157,0.27678052,0.025664162,0.64040864,0.79773605,0.71443903,0.71612257,0.83676803,0.89718366,0.5331698,0.5788294,0.28865883,0.76505554,-0.5945672,0.8866267,0.37829125,0.19084701,0.10281421,0.45376354,0.5069525,-0.5995324,-0.090578735,0.91323966,0.5122999,-0.49656624,0.46716624,-0.6984049,-0.5818639,0.0042553116,-0.72028065,-0.7456243,-0.34765548,-0.33147097,-0.16440186,-0.6560645,-0.42807,-0.7255325,-0.35925943,-0.7747282,-0.6667175,-0.7523291,-0.6631861,-0.42148447,-0.5561973,-0.22954568,0.25999475,0.49481565,-0.20790145,-0.30926967,0.12491778,0.36466533,-0.028364256,0.6295448,0.70694137,0.6163298,0.75493056,0.67794657,0.37652734,0.8186886,0.84552324,-0.3473812,0.8633174,-0.10131933,0.005598228,0.014480663,0.29936877,0.5889474,0.4555952,0.663476,0.5618733,0.46975648,0.6804342,-0.7059248,0.5266258,0.17277458,-0.73975825,-0.7863834,-0.06693649,0.11530007,-0.82958573,-0.72981477,-0.45912486,-0.7721846,-0.7718774,-0.64083207,0.5041063,-0.33291942,-0.76142895,-0.46301255,-0.5025823,-0.74507624,-0.6475955,-0.4210295,-0.6074662
-0.66692835,-0.045599896,-0.05406881,0.11232851,-0.27893287,-0.34092975,-0.06081883,-0.09379813,-0.4753232,0.4624186,0.3434046,0.72136545,0.57903695,0.26195478,0.41453165,0.288205,0.8819752,-0.15060484,0.2874487,-0.7211876,0.47754738,0.87691045,0.5216261,0.78127587,0.6261227,0.8661722,-0.12465233,0.52504313,0.5122999,0.9336595,-0.66750586,0.12680694,-0.534239,-0.3470048,0.7145897,-0.7570305,-0.62028,-0.55469763,-0.3518439,-0.22864425,-0.64228344,-0.28889436,-0.42331484,-0.67334044,-0.5806619,-0.53331494,-0.20555839,-0.5562922,-0.8211262,-0.717903,-0.8273196,-0.2672414,-0.022641126,-0.040639725,-0.18074898,-0.5046707,-0.029215183,-0.38429868,0.3309285,0.23754388,0.8154949,0.43375593,0.005919668,-0.36007574,0.24083096,0.31407893,-0.87967515,0.4105016,0.39493728,-0.39189786,-0.41386628,0.8276656,0.8197976,0.7036519,0.89162683,0.7402935,0.82825017,0.8804213,-0.64239717,0.051537182,0.7961737,-0.59413046,-0.44491467,0.6471405,0.76893675,-0.29787037,-0.59081864,0.090245,-0.717597,-0.51123995,-0.67142516,-0.090669826,-0.08069639,-0.5236085,0.26712137,-0.7225226,-0.4665166,-0.4921413,-0.81937253,-0.7194316
0.3986823,-0.33358002,-0.3216957,-0.39982212,-0.12738326,-0.099646084,-0.26931447,-0.30153203,0.06234851,-0.38192016,-0.2562869,-0.4864288,-0.30120888,-0.21578568,-0.37098205,-0.59901613,-0.597902,-0.26113778,-0.16254458,0.6561667,-0.50342554,-0.5676476,-0.62177074,-0.49437124,-0.51452136,-0.7077865,0.37142313,-0.20277092,-0.49656624,-0.66750586,0.8759005,0.03333527,0.69599175,0.18399648,-0.57055193,0.6867423,0.65921843,0.8039441,0.69749653,0.5222328,0.7464931,0.65738213,0.6594727,0.772071,0.68322957,0.74048054,0.4151718,0.6700964,0.7264844,0.7873039,0.55794764,-0.15015954,-0.3280451,-0.27819878,-0.20155458,0.1182284,-0.3405849,-0.06400135,-0.29112622,-0.13066426,-0.54771453,-0.2278679,0.05575659,0.380174,-0.21369383,-0.26265562,0.6486403,-0.34481776,-0.4289776,-0.07044777,0.2648864,-0.6342947,-0.7037436,-0.60022193,-0.6795945,-0.6728047,-0.79044515,-0.66569424,0.78486335,0.036810048,-0.6133161,0.6608822,0.6148435,-0.52365565,-0.63139784,0.34248888,0.60557604,0.22234738,0.6650646,0.66576314,0.7797288,-0.14474927,0.38081047,0.53505135,-0.13052937,0.8118733,0.67356336,0.6424067,0.7194972,0.7690823
0.20887244,0.3304435,0.30686897,0.16704386,-0.24426925,0.006135107,0.47573808,0.2625956,0.12901336,0.6232437,0.66686547,0.50230116,0.43068922,0.5475543,0.5325697,0.30693245,0.21556038,0.24848327,0.38671482,-0.43150008,0.4075863,0.06288625,-0.20280078,-0.12121062,0.4226663,0.20104945,-0.48827365,-0.16839182,0.46716624,0.12680694,0.03333527,0.82401896,-0.37506023,-0.55438477,-0.18148626,-0.38274825,-0.42804247,0.018470475,-0.043647245,0.27651632,-0.3666047,-0.043276727,-0.3740699,-0.082977414,-0.38097453,-0.34926492,-0.54104745,-0.44501454,-0.14959323,-0.24266374,0.031551473,0.25869393,0.3741934,-0.24316409,-0.26671708,0.19173852,0.33358508,0.07417154,0.6578852,0.6585104,0.39195156,0.4726076,0.62063587,0.4130001,0.46437162,0.48837808,-0.0052434243,0.42206234,-0.42463446,-0.0016401522,-0.20637614,0.0366182,0.17811447,0.36228645,0.33047187,0.3849548,0.16550013,0.30255502,-0.13421345,0.7847119,-0.107607424,-0.48524824,-0.46720684,-0.26348522,-0.13090856,-0.62891024,-0.3950065,-0.38506916,-0.43923134,-0.44243264,-0.27539223,0.5777552,0.11614731,-0.16944021,-0.24690855,-0.18495871,-0.41553468,-0.46157187,-0.15779036,-0.29376388
0.03757862,-0.6015866,-0.62257963,-0.4558316,-0.073422834,-0.2744056,-0.6268933,-0.5471389,-0.21489866,-0.7154064,-0.6309241,-0.67865324,-0.42913342,-0.48233342,-0.59287244,-0.78817344,-0.5227417,-0.5064917,-0.33161753,0.7642908,-0.6558492,-0.3692413,-0.37291148,-0.21789938,-0.6890842,-0.67667663,0.70408297,-0.0021466152,-0.6984049,-0.534239,0.69599175,-0.37506023,0.91904205,0.53419966,-0.24979368,0.75560635,0.8223188,0.7221138,0.7249761,0.3059911,0.89229715,0.62694156,0.8887664,0.65277255,0.829651,0.8941367,0.78549206,0.8925235,0.58347726,0.78431535,0.28732616,-0.4558316,-0.5989465,-0.08611138,-0.11013944,-0.21975386,-0.59947956,-0.25726613,-0.6734612,-0.5215299,-0.61687905,-0.41895527,-0.33037165,0.033214662,-0.46199772,-0.4814735,0.4523031,-0.53209317,-0.006292803,-0.19097781,0.31116027,-0.43068194,-0.65386915,-0.7027037,-0.6908233,-0.79604506,-0.69472826,-0.66565347,0.7633569,-0.39624083,-0.320931,0.91052246,0.89915484,-0.15932551,-0.36856374,0.73234487,0.7415893,0.5128753,0.7921665,0.890007,0.8815187,-0.589924,0.2805224,0.52884156,0.1312375,0.75970894,0.90323746,0.8633146,0.58578414,0.802539
-0.08494617,-0.15220602,-0.20325166,0.059603553,0.42363012,0.11265297,-0.31033105,-0.08372158,0.007768644,-0.74850863,-0.76675045,-0.7440695,-0.60743403,-0.52153933,-0.55267733,-0.25034076,-0.4530007,-0.047222823,-0.46353722,0.5055977,-0.4609902,-0.2933466,0.17197262,-0.12380776,-0.5989169,-0.44532418,0.39171112,-0.2004804,-0.5818639,-0.3470048,0.18399648,-0.55438477,0.53419966,0.7944593,0.010554222,0.47266945,0.48106325,0.13291046,0.10356246,-0.28910625,0.45650488,0.03891446,0.4785442,0.13457717,0.4310177,0.40507323,0.5445291,0.5099149,0.24472778,0.3210134,0.14925689,-0.09618592,-0.16562608,0.49407578,0.38678634,-0.078804806,-0.14341104,0.120041355,-0.74888635,-0.7615145,-0.6332928,-0.60541797,-0.55987996,-0.280241,-0.46922126,-0.4827649,0.26228708,-0.50786495,0.4397248,0.26996636,0.32515895,-0.15352993,-0.31085548,-0.50377697,-0.5512574,-0.57339704,-0.30386755,-0.49807817,0.38726324,-0.5892287,-0.061631396,0.6053539,0.5430665,0.1648073,-0.052780565,0.70193136,0.42442635,0.14849527,0.54115254,0.48758715,0.4303121,-0.46001098,-0.23005605,0.33587286,0.25301307,0.27385017,0.4961983,0.4572057,0.25433964,0.3725861
-0.865434,-0.1678311,-0.19185424,0.1905307,0.07919212,-0.21766311,-0.30835193,-0.14012292,-0.47489142,0.13003743,-0.15462223,0.3362349,0.112927526,-0.2856804,-0.11655988,0.12533206,0.6141505,-0.22021732,-0.26936942,-0.5252499,-0.005733543,0.758045,0.5684089,0.8682114,0.4814729,0.7111939,0.14999282,0.617572,0.0042553116,0.7145897,-0.57055193,-0.18148626,-0.24979368,0.010554222,0.94897085,-0.45405123,-0.29946166,-0.58307844,-0.3730301,-0.28327265,-0.42302132,-0.19910753,-0.11263485,-0.70817065,-0.26613736,-0.30491185,0.19687252,-0.31730634,-0.7798448,-0.5845233,-0.8490591,-0.3608452,-0.23305994,0.26909134,0.172576,-0.6128769,-0.12975416,-0.27872312,-0.018739995,-0.25356898,0.5067888,-0.08437414,-0.5282607,-0.8017967,-0.31005692,-0.22272763,-0.8178204,-0.12836893,0.63525236,-0.31233752,-0.5566888,0.82831454,0.5806724,0.59298384,0.59990346,0.56010944,0.75887275,0.54875785,-0.34758586,-0.31713185,0.90323377,-0.27295643,-0.0889207,0.9174864,0.92502147,0.19676952,-0.26401898,0.30884844,-0.36290276,-0.17493172,-0.45523646,-0.37760788,0.03763085,-0.08489838,0.7125043,-0.6497159,-0.14848523,-0.26343596,-0.7702093,-0.5417188
