0,1,2,3,4,5,6,7,8,9,10,11,12,13,14,15,16,17,18,19,20,21,22,23,24,25,26,27,28,29,30,31,32,33,34,35,36,37,38,39,40,41,42,43,44,45,46,47,48,49,50,51,52,53,54,55,56,57,58,59,60,61,62,63,64,65,66,67,68,69,70,71,72,73,74,75,76,77,78,79,80,81,82,83,84,85,86,87,88,89,90,91,92,93,94,95,96,97,98,99
0.937819,0.41208258,0.6958115,0.40136486,0.2289912,0.7007588,0.29244053,0.66016376,0.60403943,-0.4105479,0.080243506,-0.3590412,-0.11273871,0.14136209,-0.0832091,-0.06680493,-0.50592875,0.3355139,0.11953416,0.6091471,0.15699366,-0.17110342,0.13615921,-0.59180975,-0.28987586,-0.3062656,0.38825428,-0.031379577,-0.025478292,-0.2664643,-0.14498456,-0.31601956,-0.09245451,-0.02582549,-0.66202927,0.6222975,0.21551593,-0.08151466,-0.26930463,0.09575547,0.21638036,-0.17162481,-0.43089914,0.6250769,0.106131375,0.15126368,-0.21986121,0.61399853,0.6782559,0.58345556,0.63664573,0.4625138,-0.45112854,0.3642438,0.51317525,0.5824196,0.5686933,0.6283575,-0.31632528,-0.068121254,-0.27158242,-0.10399809,-0.064964086,0.08767279,0.0001891451,-0.16525584,0.121731475,-0.11663267,-0.34699947,0.2363584,0.22027975,-0.6045035,0.17173997,-0.07342511,-0.48455822,-0.27668992,0.051355407,-0.17058551,0.26127654,-0.35407358,-0.52819186,-0.15859766,-0.18021253,-0.6260346,0.1887895,-0.20768905,0.321778,0.00031857938,0.7282217,0.09535208,-0.20156229,-0.24905717,-0.25471085,-0.2627824,-0.30860877,0.58885646,-0.108101875,0.35998064,0.6739961,0.5633421
0.41208258,0.9508542,0.7447568,0.65670586,0.564873,0.45513564,0.02169496,0.7735056,0.5148988,-0.117795765,0.14839688,0.027201517,0.07216684,-0.10707466,-0.041322976,0.1090741,-0.018620726,0.2206317,-0.053479698,-0.10429688,-0.004253814,0.093563214,-0.07906134,-0.037501592,0.030970179,0.15752354,-0.27444178,-0.12154077,0.096105896,-0.10119896,-0.28070474,-0.17751305,-0.1531965,0.012473792,-0.10285933,-0.09185513,-0.08192636,-0.3836371,-0.18288022,-0.17825387,-0.22739875,-0.10373974,-0.25781503,-0.00040057953,-0.22817327,-0.3381818,-0.23202577,-0.068303384,0.027065068,-0.09361553,0.12288473,0.7083291,0.1978187,0.66746056,0.55322057,0.46799856,0.69201756,0.701382,-0.05284147,0.08261326,0.018895464,0.0713865,0.066591844,-0.09096113,0.0009398055,-0.120518774,-0.021575777,0.036492288,-0.051460482,0.14241591,-0.029284688,0.02333673,-0.075531006,-0.029099885,-0.005539815,0.09732944,0.3159259,-0.0055949036,-0.22713074,-0.17132953,-0.06829794,-0.05153422,-0.09398799,-0.04497563,-0.17676589,-0.05755692,0.012047647,-0.06060551,0.10171863,-0.10709627,-0.06686105,-0.09512162,-0.100054204,-0.096542284,0.077150315,0.07053994,-0.14744556,-0.024796028,0.07986093,-0.015173262
0.6958115,0.7447568,0.94116646,0.4937041,0.5915184,0.78209186,-0.0826592,0.72494864,0.7764356,-0.16783181,0.33787012,0.030603826,0.17270118,-0.11739628,-0.16329484,-0.22040519,-0.23771328,0.056956165,-0.12754962,0.1998119,-0.09547223,-0.24110475,-0.1922886,-0.25466052,0.023299985,-0.00059077935,0.039384067,0.13963726,0.24915838,-0.3294435,-0.15513863,-0.15111661,-0.39550018,-0.27131978,-0.53418577,0.31845486,0.20703185,-0.3392221,-0.41156644,-0.25749063,-0.18233186,0.016552188,-0.56436574,0.30331665,-0.29256856,-0.23778242,-0.48110753,0.23822868,0.41685492,0.23823643,0.52755857,0.73938966,-0.21911898,0.57770824,0.7684765,0.7589611,0.5858046,0.838807,-0.002681142,0.20763272,0.08696499,0.20660675,0.22033484,-0.19723889,-0.1235846,-0.25878236,-0.04038905,-0.09835837,-0.43832356,-0.041152574,-0.07837708,-0.42727354,-0.1562882,-0.01688647,-0.0980005,0.06580949,0.3937176,-0.008315375,-0.10431533,-0.16522142,-0.32363904,-0.30653477,-0.3459741,-0.47913468,0.03882503,-0.3227225,0.31244332,-0.009363285,0.40654904,-0.08486315,-0.15982781,-0.010754207,-0.10804057,-0.021686653,0.011450373,0.26962307,-0.22373557,0.10510096,0.4586378,0.30183923
0.40136486,0.65670586,0.4937041,0.9027889,0.4323212,0.347535,0.43107376,0.6465728,0.33852044,-0.5142906,-0.3711947,-0.4814124,-0.24191068,-0.075734735,0.04364217,0.24508175,-0.38856447,0.3992471,-0.011588292,0.22954696,0.10985799,0.089831844,0.11150576,-0.3816371,-0.4800284,-0.28267747,0.039170608,-0.23419991,-0.12011689,-0.009070336,-0.22252128,-0.3026974,0.15534869,0.20019165,-0.052990697,0.09109933,0.09237947,-0.07069866,0.14390877,0.25704387,0.3029425,-0.29046488,0.1242264,0.26399302,0.21130402,0.12700364,0.24056214,0.21678162,0.2344718,0.26475626,0.017853526,0.55360687,0.22160983,0.7690073,0.36603972,0.30422816,0.702659,0.52005076,-0.47519156,-0.45874614,-0.4684948,-0.25898325,-0.24627614,0.06714854,-0.059453845,-0.054584898,0.47370797,-0.16563979,0.06511525,0.32398477,0.21695477,0.044953503,0.13896096,0.05923817,-0.45061606,-0.43627906,-0.108357996,-0.15681887,-0.0814274,-0.2960711,0.12856099,0.41825843,0.3553291,0.09539613,0.19009814,0.38766366,0.19495067,0.052280314,0.39048332,0.3909841,0.25191814,-0.22979105,-0.06793578,-0.25014448,0.11612961,0.37146297,0.30905345,0.43990862,0.27127796,0.31549546
0.2289912,0.564873,0.5915184,0.4323212,0.92362446,0.6254407,-0.41399875,0.34441543,0.68216467,-0.0010126447,0.2900635,0.24293065,0.31720942,-0.63525575,-0.4128703,-0.50579274,-0.21844774,-0.40949032,-0.66238713,-0.043680433,-0.6101619,-0.5528427,-0.6877581,0.014761828,0.11292097,0.010322405,-0.09486164,0.43659616,0.6141126,-0.49611777,0.24104623,0.2897771,-0.61793,-0.5656154,-0.31637186,0.19257152,0.5287031,-0.19090062,-0.33876756,-0.44111404,-0.22204825,0.35955787,-0.35120624,0.046887346,-0.5064945,-0.29572988,-0.37691304,-0.06694735,0.28346404,0.1305623,0.363104,0.7630937,0.079306275,0.744086,0.76690805,0.7049431,0.32293752,0.70318556,0.29746813,0.17243852,0.26743776,0.41335917,0.34562463,-0.6590885,-0.6077442,-0.51127195,0.20374586,-0.48726547,-0.5996556,-0.512779,-0.53466326,-0.29474938,-0.64683676,0.34054083,0.16759841,0.10357246,0.3653612,-0.10213333,-0.2853034,0.2871253,0.19745833,-0.11638287,-0.23510079,-0.2107155,0.24795267,-0.14073786,0.5650912,0.030788183,0.19753644,0.17398009,0.3546142,0.4697291,0.32224804,0.4337832,0.5717593,-0.046703573,0.07268664,0.14267221,0.35378012,0.28215218
0.7007588,0.45513564,0.78209186,0.347535,0.6254407,0.96353227,-0.14638925,0.50024444,0.9155848,-0.21455024,0.2846526,-0.056250326,0.13372555,-0.27934742,-0.31725442,-0.49008077,-0.51072776,-0.16103098,-0.3433882,0.41281915,-0.313878,-0.5608144,-0.37481385,-0.36914676,-0.10529436,-0.22130392,0.27809244,0.3896563,0.41250286,-0.48124653,0.15325496,0.055431075,-0.5107795,-0.4863582,-0.6969515,0.6203321,0.5419401,-0.05367203,-0.37092656,-0.19877505,0.0107907895,0.21133119,-0.5364269,0.45784456,-0.27995408,-0.0297592,-0.4340405,0.39239228,0.68749213,0.51111007,0.73184985,0.7178607,-0.36164445,0.56348634,0.88085264,0.92782307,0.41299108,0.83249474,0.030715825,0.104008384,0.023139913,0.20863548,0.21162423,-0.3575411,-0.41657197,-0.4336735,0.19876942,-0.4385751,-0.7041434,-0.2709439,-0.21093047,-0.66149205,-0.31971794,0.23862067,-0.1904008,-0.10702728,0.2659869,-0.10869192,0.036438957,0.031354457,-0.23220126,-0.22755036,-0.32723212,-0.59251106,0.35786062,-0.26938963,0.63435197,0.09905319,0.63618183,0.19209158,0.10069737,0.22867656,0.1394189,0.1857258,0.15584183,0.3445148,-0.0037514488,0.33334836,0.73026514,0.59402907
0.29244053,0.02169496,-0.0826592,0.43107376,-0.41399875,-0.14638925,0.94129264,0.3009696,-0.2518475,-0.6260484,-0.7408409,-0.8537111,-0.5727163,0.5144354,0.38401198,0.6639375,-0.34913033,0.7984816,0.57958984,0.4647235,0.6646547,0.48788884,0.74840915,-0.5454718,-0.71663857,-0.49908435,0.32165366,-0.6288859,-0.68962896,0.36993778,-0.37040836,-0.5758819,0.7737154,0.71673274,0.11988422,0.11290765,-0.23801133,0.24231993,0.49747545,0.77726626,0.7033949,-0.656498,0.47715995,0.38278857,0.81749725,0.5920626,0.67402035,0.43647203,0.1520795,0.342766,-0.17808282,-0.16660978,0.036634676,0.08208537,-0.3155063,-0.28345433,0.40566966,-0.12248509,-0.82969093,-0.730348,-0.83182025,-0.674775,-0.60360837,0.66077155,0.44190893,0.3597126,0.40424988,0.19326729,0.5244329,0.8036432,0.73338914,0.16609707,0.7417127,-0.22291686,-0.75844836,-0.7160203,-0.6125399,-0.21204129,0.32094142,-0.5952456,-0.10712562,0.5714947,0.6238623,0.15906113,0.108247876,0.5313761,-0.2053204,0.021930806,0.36309093,0.37051585,-0.016135879,-0.67337954,-0.34760606,-0.69150937,-0.4418363,0.5471039,0.3293134,0.44346982,0.10124023,0.2280353
0.66016376,0.7735056,0.72494864,0.6465728,0.34441543,0.50024444,0.3009696,0.96489006,0.51684165,-0.2764069,-0.0131121455,-0.22562736,-0.21286327,0.000735939,-0.13102423,0.29523933,-0.1604415,0.49260932,0.113837756,0.18958864,0.13546103,0.19563667,0.12811172,-0.19089462,-0.18920076,0.03842739,-0.14722541,-0.32150668,-0.024544325,-0.15333384,-0.2314254,-0.23506717,0.068578064,0.23493564,-0.15745282,0.09417832,-0.13786097,-0.23454003,-0.13006473,0.07080298,-0.030924603,-0.20730896,-0.22114134,0.146093,-0.02920017,-0.17608133,-0.121614836,0.11834873,0.1736776,0.07982497,0.28947157,0.6692333,0.119444184,0.5678067,0.5011625,0.46180913,0.8885406,0.70629376,-0.2735415,-0.08749075,-0.24190614,-0.20460883,-0.2275618,0.055844396,0.053776413,-0.19376987,0.03523169,0.0017312329,0.017138211,0.39596075,0.15208432,-0.091570266,0.109600246,0.005319638,-0.21078421,-0.10871126,0.09312053,-0.2602958,0.09589863,-0.2578779,-0.20654969,-0.004000648,-0.0713816,-0.15926507,-0.20448357,-0.05072344,-0.043436058,-0.23399723,0.34485853,-0.051841646,-0.1389122,-0.26505786,-0.1917856,-0.259058,-0.24103212,0.20975631,-0.18445122,0.055227585,0.22333011,0.10899575
0.60403943,0.5148988,0.7764356,0.33852044,0.68216467,0.9155848,-0.2518475,0.51684165,0.95473605,-0.08060174,0.35153866,0.08939856,0.15041292,-0.3927005,-0.4202296,-0.4592294,-0.37064698,-0.21491948,-0.42228475,0.24660197,-0.41431743,-0.5133708,-0.4751039,-0.16762106,0.019050203,-0.0398856,0.0701295,0.3827241,0.5104442,-0.50599325,0.2256431,0.1940833,-0.54442096,-0.488958,-0.548064,0.4562794,0.4620133,-0.08578615,-0.37439185,-0.28276837,-0.14811513,0.31677094,-0.5202662,0.253314,-0.43190482,-0.19860844,-0.48795077,0.18156579,0.5238894,0.3178314,0.6848358,0.7974367,-0.19189475,0.58268905,0.933249,0.94176745,0.44731483,0.8733692,0.15346155,0.18406524,0.12435645,0.24444982,0.19965826,-0.4673701,-0.48539677,-0.51865107,0.12248248,-0.45974377,-0.6721184,-0.3306652,-0.3386179,-0.5376538,-0.44573638,0.33603734,-0.012052088,0.025172455,0.33030367,-0.14168626,0.007737915,0.16970947,-0.124355614,-0.2598622,-0.38892218,-0.4768824,0.21528746,-0.29650488,0.5385779,0.009217057,0.47919148,0.09977354,0.13310005,0.33081472,0.23581928,0.2972443,0.20040974,0.14203766,-0.07454793,0.1769025,0.59138507,0.42983925
-0.4105479,-0.117795765,-0.16783181,-0.5142906,-0.0010126447,-0.21455024,-0.6260484,-0.2764069,-0.08060174,0.87845486,0.5757473,0.78972936,0.4129864,-0.20322634,-0.16616875,-0.2129618,0.5167842,-0.46140468,-0.25871128,-0.66452944,-0.38381845,-0.037671365,-0.3731352,0.6694697,0.7958194,0.6221901,-0.42899442,0.23633635,0.2869712,-0.011132259,0.34012067,0.51516926,-0.26511517,-0.26275977,0.2382126,-0.3978362,-0.20707758,-0.0029817661,-0.12429301,-0.46766222,-0.58865213,0.5434091,-0.11154016,-0.5486102,-0.4981346,-0.43994862,-0.33273065,-0.56580955,-0.48337424,-0.58436096,-0.033661257,-0.03955913,0.1389025,-0.35202485,-0.02770304,-0.079119116,-0.32951438,-0.12060829,0.78406787,0.6967833,0.7367058,0.4425761,0.3898735,-0.261582,-0.09169759,-0.08436981,-0.507826,0.1155987,-0.064433165,-0.4158107,-0.559345,0.18580559,-0.42051253,0.17707929,0.74171007,0.74165916,0.25284225,0.18621364,0.053052202,0.5452643,0.006693536,-0.37248492,-0.34946808,0.12736979,-0.3882329,-0.32806563,-0.2849338,-0.07149489,-0.6319705,-0.48343405,-0.05337415,0.49276483,0.3074252,0.54951364,0.20981744,-0.65613806,-0.3181854,-0.62063414,-0.4624369,-0.55051404
0.080243506,0.14839688,0.33787012,-0.3711947,0.2900635,0.2846526,-0.7408409,-0.0131121455,0.35153866,0.5757473,0.908795,0.77302134,0.5738263,-0.19950485,-0.23798203,-0.5267697,0.324502,-0.51485837,-0.27571788,-0.31012112,-0.37531847,-0.35067117,-0.4838034,0.3477447,0.745518,0.4523728,-0.20042577,0.4343052,0.49552307,-0.34680402,0.1432465,0.30755764,-0.67165005,-0.57158625,-0.34393966,0.023012519,0.081712246,-0.36207825,-0.6228156,-0.74007094,-0.7046333,0.4430493,-0.68792915,-0.16461167,-0.6963203,-0.56092125,-0.8019823,-0.206377,-0.016264198,-0.24086754,0.37369227,0.20968056,-0.2802797,-0.14468652,0.3573753,0.35102487,-0.21120048,0.24694073,0.71824926,0.8642843,0.8104042,0.63094217,0.6216968,-0.39370048,-0.12411851,-0.22066626,-0.6072647,0.081848,-0.48359057,-0.51843065,-0.4918049,-0.32211933,-0.4691012,-0.041175693,0.6046076,0.7408752,0.6492978,0.21241099,-0.14283994,0.3234285,-0.3385613,-0.78086483,-0.7553549,-0.4253794,-0.23442942,-0.74215394,0.07854082,-0.101439685,-0.2264245,-0.5784405,-0.33363587,0.39881498,0.05864539,0.42324033,0.11577905,-0.32404107,-0.56444025,-0.4801274,-0.0049583223,-0.1949254
-0.3590412,0.027201517,0.030603826,-0.4814124,0.24293065,-0.056250326,-0.8537111,-0.22562736,0.08939856,0.78972936,0.77302134,0.97807753,0.5786872,-0.36559665,-0.31720692,-0.40650505,0.60189426,-0.6076043,-0.39594162,-0.64622176,-0.5161344,-0.20714691,-0.5811579,0.7165338,0.8805019,0.68194926,-0.5158454,0.36450645,0.54977417,-0.27081603,0.24256782,0.5009119,-0.5814373,-0.4698405,0.07100048,-0.33983675,-0.061036833,-0.3447487,-0.48250535,-0.7848872,-0.82708097,0.5448388,-0.42180866,-0.56209743,-0.7674215,-0.7127068,-0.63524604,-0.6040175,-0.41775715,-0.5992125,0.017207567,0.07891095,0.08313772,-0.21939747,0.14802423,0.08895475,-0.35847706,0.019932473,0.88989675,0.85184336,0.9222775,0.64233744,0.5674989,-0.50380385,-0.20555028,-0.25366738,-0.64266056,0.07050048,-0.26053268,-0.59557676,-0.6609662,0.03461277,-0.6093873,0.076521605,0.89699674,0.8843161,0.59432095,0.16092983,-0.2706905,0.52803165,0.011517084,-0.62880135,-0.6352632,-0.04930146,-0.42298853,-0.5868031,-0.1255101,-0.20624754,-0.59051824,-0.62071896,-0.17504689,0.51852006,0.20909047,0.56113636,0.27039415,-0.6952671,-0.5274918,-0.7029583,-0.38430142,-0.5237229
-0.11273871,0.07216684,0.17270118,-0.24191068,0.31720942,0.13372555,-0.5727163,-0.21286327,0.15041292,0.4129864,0.5738263,0.5786872,0.9114438,-0.18418723,-0.042040832,-0.5452931,0.17284071,-0.5867621,-0.35303253,-0.3111059,-0.3623972,-0.43758345,-0.45234543,0.14626545,0.57169676,0.14234802,0.044434093,0.48151338,0.33800066,-0.2426288,0.07738015,0.16839194,-0.5253524,-0.58899605,-0.27129906,-0.021100855,0.2673589,-0.24784064,-0.39525443,-0.5843793,-0.35224643,0.3025313,-0.36933494,-0.020461773,-0.3687725,-0.22725287,-0.4235571,-0.05211259,-0.007835541,-0.09664463,0.12731567,0.10285002,-0.26980573,-0.038350068,0.21013677,0.19909248,-0.34462434,0.06983084,0.5915334,0.59235775,0.71135867,0.87372077,0.86993706,-0.3299177,-0.12355964,-0.03192635,-0.3242312,0.10872337,-0.43520135,-0.5502034,-0.43475747,-0.24638301,-0.39725038,-0.14101633,0.3871054,0.47622404,0.3959719,0.28897965,-0.2701049,0.18220338,-0.20271191,-0.46249604,-0.36192602,-0.28993857,0.031723227,-0.4047653,0.2221568,0.13705105,-0.27964365,-0.29270616,-0.10563221,0.3601132,0.028932044,0.34972382,0.40103188,-0.15187877,-0.21488628,-0.20052245,-0.033901393,-0.08452708
0.14136209,-0.10707466,-0.11739628,-0.075734735,-0.63525575,-0.27934742,0.5144354,0.000735939,-0.3927005,-0.20322634,-0.19950485,-0.36559665,-0.18418723,0.91691715,0.7112677,0.4513178,0.045446962,0.5141539,0.8570527,0.14557487,0.8595834,0.50923324,0.7995118,-0.3381198,-0.1970274,-0.16773343,0.26583737,-0.39871106,-0.7595179,0.560007,-0.5530222,-0.60131854,0.5132384,0.46624768,0.023903344,-0.081952356,-0.47482076,0.02871722,0.2731938,0.41264352,0.25938445,-0.5462065,0.1490896,0.26291627,0.547158,0.3527065,0.24530461,0.3358084,-0.0322105,0.07549011,-0.17232898,-0.44696546,-0.2560457,-0.41419,-0.4734232,-0.40197134,-0.03685715,-0.3657717,-0.47388107,-0.1588191,-0.31650567,-0.31700736,-0.1516734,0.8593832,0.8420558,0.74809915,-0.13750988,0.6873667,0.4896298,0.6386187,0.77710116,0.1695614,0.82940054,-0.5365708,-0.4119681,-0.18018615,-0.16237326,0.35032097,0.10752345,-0.5780872,-0.46596658,0.07452168,0.24845982,0.023251176,-0.09220072,0.13101658,-0.4098387,0.19766992,0.0010415512,-0.13988541,-0.4742025,-0.63058877,-0.4954571,-0.61087763,-0.5361469,0.40099424,-0.028713387,0.072199315,-0.10443998,-0.064933404
-0.0832091,-0.041322976,-0.16329484,0.04364217,-0.4128703,-0.31725442,0.38401198,-0.13102423,-0.4202296,-0.16616875,-0.23798203,-0.31720692,-0.042040832,0.7112677,0.91310304,0.31729937,0.005528087,0.29325718,0.6215366,-0.035277184,0.6743336,0.3750593,0.6110004,-0.30213755,-0.18295324,-0.21714747,0.24728322,-0.22654882,-0.69917274,0.6435245,-0.4907226,-0.49662375,0.41676036,0.3039317,0.119551085,-0.19628939,-0.3185417,0.07962054,0.4019842,0.34892958,0.2818619,-0.4326164,0.29085946,0.18900204,0.50283635,0.3827261,0.32984722,0.23362279,-0.09182353,0.046974033,-0.34005773,-0.3771825,-0.11215316,-0.21592465,-0.4349901,-0.39217734,-0.1315481,-0.38334098,-0.401509,-0.21543048,-0.26639816,-0.19017376,-0.015979555,0.72290075,0.6664094,0.88310957,0.054156072,0.5749725,0.44589168,0.4384446,0.62387985,0.30302128,0.6634755,-0.42800346,-0.38147128,-0.1955862,-0.16173127,0.5151401,-0.117524326,-0.46162292,-0.1961084,0.26300216,0.42743438,0.22049907,0.10458657,0.3403676,-0.25626484,0.42890543,-0.105183706,0.056717396,-0.18882784,-0.43278545,-0.29208195,-0.43062395,-0.16546476,0.35341078,0.24157563,0.19767147,-0.14138436,-0.03164483
-0.06680493,0.1090741,-0.22040519,0.24508175,-0.50579274,-0.49008077,0.6639375,0.29523933,-0.4592294,-0.2129618,-0.5267697,-0.40650505,-0.5452931,0.4513178,0.31729937,0.9617713,0.24255379,0.82726324,0.6284693,-0.078051046,0.6254004,0.8838748,0.718249,0.052046508,-0.31457978,0.105461426,-0.29306328,-0.84818846,-0.6418952,0.48952508,-0.42172343,-0.39871508,0.80154145,0.92890537,0.5945397,-0.449384,-0.73919064,-0.010363931,0.44073167,0.52664876,0.18688072,-0.56010294,0.49361813,-0.22575298,0.49392152,0.078017026,0.5384226,-0.15859684,-0.46179357,-0.3200953,-0.508223,-0.23392557,0.44784027,-0.111240774,-0.48986542,-0.5365378,0.3835289,-0.2556009,-0.51313806,-0.40883926,-0.50626683,-0.63663626,-0.6253365,0.62250656,0.58801425,0.37129787,-0.03388428,0.46024138,0.87719923,0.84993625,0.5698807,0.6203931,0.64401186,-0.24537528,-0.21898565,-0.21682009,-0.3878522,-0.16898315,0.15834352,-0.38199437,0.04637168,0.40803063,0.44105673,0.51102364,-0.48184496,0.39749056,-0.7337125,-0.27664384,-0.18696788,-0.102141775,-0.1980061,-0.6343672,-0.35318354,-0.5907053,-0.52936435,-0.02014044,-0.03500805,-0.14337555,-0.47551233,-0.41069233
-0.50592875,-0.018620726,-0.23771328,-0.38856447,-0.21844774,-0.51072776,-0.34913033,-0.1604415,-0.37064698,0.5167842,0.324502,0.60189426,0.17284071,0.045446962,0.005528087,0.24255379,0.9045481,-0.046218567,0.14986473,-0.6641667,0.04665708,0.42603946,-0.01115261,0.7378622,0.5479338,0.69663,-0.6996466,-0.24535072,0.047026053,0.09651007,-0.19934416,0.11304012,-0.019186791,0.17789263,0.51853585,-0.6965192,-0.58746684,-0.4363468,-0.19056618,-0.38938975,-0.66950965,0.002896187,-0.063429564,-0.7308891,-0.38086998,-0.64191884,-0.22915146,-0.71172214,-0.78302443,-0.8431816,-0.46063048,-0.2679988,0.36365622,-0.39973682,-0.33603764,-0.4198777,-0.23315346,-0.32657945,0.40970582,0.47176635,0.48874944,0.1643137,0.11523684,-0.0015739426,0.32234806,0.11809172,-0.6959034,0.48795265,0.39883643,0.004669635,-0.116922066,0.49542743,-0.071790434,-0.24954334,0.7091516,0.6570411,0.3747396,0.07207156,-0.34569722,0.1573693,0.058598913,-0.3681776,-0.33556357,0.32037592,-0.7601441,-0.32314998,-0.648795,-0.430833,-0.76124454,-0.71932006,-0.40774557,-0.0394906,-0.16636467,0.017387819,-0.16668367,-0.69570386,-0.5848429,-0.8126941,-0.77672565,-0.846994
0.3355139,0.2206317,0.056956165,0.3992471,-0.40949032,-0.16103098,0.7984816,0.49260932,-0.21491948,-0.46140468,-0.51485837,-0.6076043,-0.5867621,0.5141539,0.29325718,0.82726324,-0.046218567,0.95565236,0.67129993,0.28331944,0.69876647,0.71338487,0.7742278,-0.28350413,-0.48922896,-0.1337769,-0.00800675,-0.77172995,-0.63371915,0.34443456,-0.4966683,-0.57045263,0.7127671,0.83574617,0.21758737,-0.09270404,-0.5359154,-0.05134924,0.2892404,0.5809148,0.33477068,-0.65873164,0.27267146,0.13964537,0.55733263,0.20852757,0.41688603,0.20442075,-0.06873494,0.039857842,-0.18774039,-0.09228204,0.1522524,0.02609066,-0.28130797,-0.2802525,0.5455793,-0.036810793,-0.69903696,-0.4764396,-0.647248,-0.6717676,-0.63408697,0.6462177,0.55924904,0.30373743,0.06708598,0.36766535,0.6439351,0.9239137,0.698714,0.27011067,0.7314291,-0.31131506,-0.48450214,-0.39897743,-0.3541039,-0.19925493,0.23340431,-0.5826194,-0.1941587,0.32103336,0.3545227,0.16965598,-0.276782,0.29642624,-0.47990358,-0.21519005,0.1944806,0.0015825815,-0.2933944,-0.75589395,-0.4907571,-0.7351246,-0.65471065,0.3214553,-0.038462833,0.09845334,-0.08888303,-0.062236756
0.11953416,-0.053479698,-0.12754962,-0.011588292,-0.66238713,-0.3433882,0.57958984,0.113837756,-0.42228475,-0.25871128,-0.27571788,-0.39594162,-0.35303253,0.8570527,0.6215366,0.6284693,0.14986473,0.67129993,0.9410451,0.1301993,0.9144912,0.6744788,0.8531629,-0.23023465,-0.25854394,-0.06362678,0.07882959,-0.5869504,-0.7478783,0.54162276,-0.6349821,-0.6256917,0.5866748,0.6426178,0.16485548,-0.1769556,-0.61619663,-0.07857539,0.24990752,0.43490914,0.1911243,-0.6495202,0.16671194,0.12134935,0.51164824,0.21287292,0.27084562,0.20328684,-0.15583825,-0.054048866,-0.27746084,-0.44655234,-0.08398181,-0.38247728,-0.5105032,-0.46525425,0.08143772,-0.35375744,-0.54742014,-0.22495353,-0.4019291,-0.47465777,-0.3429737,0.8465136,0.8730098,0.6664891,-0.18513525,0.6943393,0.63514173,0.7619374,0.83390784,0.28910822,0.85638165,-0.54781735,-0.35913864,-0.17922801,-0.14580801,0.20076144,0.05254767,-0.60831916,-0.37041909,0.092224695,0.22091083,0.12342104,-0.27125454,0.13078335,-0.55294466,-0.0021513326,-0.029354267,-0.21192172,-0.5283747,-0.74070776,-0.56585574,-0.7169758,-0.6751288,0.29354724,-0.1350088,-0.037595898,-0.21707803,-0.188918
0.6091471,-0.10429688,0.1998119,0.22954696,-0.043680433,0.41281915,0.4647235,0.18958864,0.24660197,-0.66452944,-0.31012112,-0.64622176,-0.3111059,0.14557487,-0.035277184,-0.078051046,-0.6641667,0.28331944,0.1301993,0.90836346,0.21208332,-0.2510199,0.22089948,-0.748688,-0.6171261,-0.65669,0.6562085,0.004581428,-0.1302999,-0.21171078,-0.07763981,-0.34778163,0.07467566,0.028685058,-0.5759907,0.7662114,0.41080102,0.13344719,-0.07311697,0.34538034,0.575594,-0.30391148,-0.14541417,0.75142455,0.40153039,0.5066847,0.11766623,0.77165604,0.7811352,0.81742454,0.44649184,0.02954999,-0.49184477,0.15526807,0.14844193,0.2577697,0.20524997,0.19152188,-0.5459784,-0.44124383,-0.54431397,-0.29846323,-0.24128713,0.13116878,-0.050209895,-0.11100048,0.40315488,-0.26648825,-0.27380076,0.22224107,0.36319572,-0.5950014,0.28219604,-0.0785988,-0.69834244,-0.63841057,-0.24583864,-0.25692663,0.25473565,-0.39632306,-0.294397,0.10079108,0.080513775,-0.5215398,0.48771074,0.039821632,0.46537337,0.067080624,0.82973933,0.41929036,-0.0045495657,-0.31037498,-0.23552975,-0.36923632,-0.2822532,0.7098386,0.19465859,0.61985767,0.7330072,0.75153327
0.15699366,-0.004253814,-0.09547223,0.10985799,-0.6101619,-0.313878,0.6646547,0.13546103,-0.41431743,-0.38381845,-0.37531847,-0.5161344,-0.3623972,0.8595834,0.6743336,0.6254004,0.04665708,0.69876647,0.9144912,0.21208332,0.9590793,0.63462937,0.8771606,-0.36044014,-0.39080226,-0.20451583,0.18845505,-0.5854416,-0.79415756,0.554844,-0.6903763,-0.7144385,0.61369205,0.64507276,0.12645182,-0.12090627,-0.52806866,-0.0684333,0.29817095,0.509476,0.31716484,-0.72483283,0.21707717,0.2279075,0.61165,0.32374477,0.35469002,0.30783886,-0.07827217,0.05733239,-0.30297694,-0.41362292,-0.104865015,-0.26806384,-0.49411964,-0.443339,0.12562427,-0.33798555,-0.65955997,-0.34257364,-0.5026077,-0.49416584,-0.3494981,0.86698705,0.85577655,0.70209503,-0.055924274,0.6762214,0.6268494,0.78941834,0.90299284,0.25787884,0.8994279,-0.5747811,-0.49223748,-0.3121981,-0.21771398,0.2063053,0.007562518,-0.6980798,-0.33053666,0.19836694,0.3269355,0.12132588,-0.1431314,0.23214984,-0.45342022,0.07316966,0.06706706,-0.07682198,-0.46364906,-0.79417765,-0.6004805,-0.7859161,-0.62161165,0.42165434,-0.015115797,0.11117973,-0.13731383,-0.07372004
-0.17110342,0.093563214,-0.24110475,0.089831844,-0.5528427,-0.5608144,0.48788884,0.19563667,-0.5133708,-0.037671365,-0.35067117,-0.20714691,-0.43758345,0.50923324,0.3750593,0.8838748,0.42603946,0.71338487,0.6744788,-0.2510199,0.63462937,0.9587722,0.70490015,0.2014528,-0.10893141,0.28804302,-0.397221,-0.7541014,-0.63185596,0.5843117,-0.4918192,-0.3813873,0.6996279,0.84574354,0.6298671,-0.57435995,-0.8702236,-0.12167427,0.37098297,0.38869134,-0.024388025,-0.48174116,0.3884883,-0.35444862,0.34405002,-0.072212555,0.37491122,-0.28681323,-0.5999056,-0.49321398,-0.5582446,-0.31274945,0.4286571,-0.262777,-0.5399615,-0.5826042,0.23690331,-0.33996117,-0.3741944,-0.20961043,-0.31931162,-0.5383822,-0.5099287,0.6307099,0.6689164,0.45257217,-0.24010903,0.5898645,0.90864253,0.77504826,0.53723717,0.6941401,0.63097733,-0.3150722,-0.039863884,0.01166838,-0.21104959,0.051229484,0.037533037,-0.3551064,0.024630954,0.255067,0.30494836,0.54210365,-0.5956727,0.27515846,-0.8536035,-0.20402506,-0.35516447,-0.28668344,-0.34482574,-0.6029992,-0.3655485,-0.54438645,-0.540115,-0.14103284,-0.15972857,-0.3290107,-0.60325515,-0.5752704
0.13615921,-0.07906134,-0.1922886,0.11150576,-0.6877581,-0.37481385,0.74840915,0.12811172,-0.4751039,-0.3731352,-0.4838034,-0.5811579,-0.45234543,0.7995118,0.6110004,0.718249,-0.01115261,0.7742278,0.8531629,0.22089948,0.8771606,0.70490015,0.96354264,-0.3537311,-0.41059107,-0.20475462,0.19246387,-0.61978114,-0.8568694,0.6290065,-0.599281,-0.68513227,0.74845344,0.74545056,0.20085126,-0.111418866,-0.5679096,0.051034182,0.41380805,0.6261096,0.39858532,-0.67182577,0.3408705,0.22101313,0.70455104,0.40614322,0.47460884,0.29954588,-0.095130116,0.06471096,-0.3200907,-0.4485752,-0.058232553,-0.3116005,-0.5565016,-0.5084073,0.15258908,-0.3784021,-0.6841642,-0.41862047,-0.57740515,-0.59067506,-0.46432632,0.88416505,0.78228897,0.64230245,0.0054025464,0.58137345,0.69891244,0.8632972,0.8467765,0.31290817,0.9367126,-0.48547083,-0.5282916,-0.35613602,-0.37427884,0.17293888,0.19124988,-0.6756583,-0.28568798,0.31323028,0.4402256,0.19546463,-0.14633429,0.33653912,-0.51178896,0.1089413,0.07240475,-0.008565443,-0.38462847,-0.79721016,-0.5296222,-0.7727248,-0.6375438,0.41151977,0.06586859,0.12817518,-0.1566003,-0.07889934
-0.59180975,-0.037501592,-0.25466052,-0.3816371,0.014761828,-0.36914676,-0.5454718,-0.19089462,-0.16762106,0.6694697,0.3477447,0.7165338,0.14626545,-0.3381198,-0.30213755,0.052046508,0.7378622,-0.28350413,-0.23023465,-0.748688,-0.36044014,0.2014528,-0.3537311,0.9592191,0.59242415,0.7615491,-0.8118421,-0.026955012,0.32633144,-0.034746952,0.23358756,0.5271989,-0.16315788,-0.00783428,0.5800969,-0.64870334,-0.37848973,-0.15584707,-0.08060977,-0.42241377,-0.6933127,0.38838157,0.013922295,-0.89812756,-0.5798007,-0.6803483,-0.2295138,-0.9085973,-0.75057685,-0.8591101,-0.32010257,-0.029424144,0.553523,-0.22976685,-0.10328467,-0.20175335,-0.18823816,-0.14903152,0.61841035,0.46723217,0.546954,0.2016264,0.08019398,-0.33112025,-0.12007592,-0.21208453,-0.48113608,0.08301933,0.20193851,-0.2752157,-0.48977005,0.4788947,-0.44272643,0.22402199,0.86877143,0.66739905,0.2785246,-0.06196662,-0.18675533,0.5632135,0.37016827,-0.228481,-0.3121187,0.4342447,-0.62636584,-0.2176337,-0.45714664,-0.38050354,-0.73040867,-0.49829286,-0.0002118469,0.37725443,0.29344046,0.430966,0.124390274,-0.9232354,-0.37902635,-0.7733381,-0.68797463,-0.77119946
-0.28987586,0.030970179,0.023299985,-0.4800284,0.11292097,-0.10529436,-0.71663857,-0.18920076,0.019050203,0.7958194,0.745518,0.8805019,0.57169676,-0.1970274,-0.18295324,-0.31457978,0.5479338,-0.48922896,-0.25854394,-0.6171261,-0.39080226,-0.10893141,-0.41059107,0.59242415,0.914051,0.6464752,-0.3852604,0.30398458,0.35617587,-0.14069352,0.17345871,0.36915252,-0.4334262,-0.36458004,0.05453691,-0.32248586,-0.1481094,-0.27533844,-0.38428837,-0.65157723,-0.7123879,0.4901476,-0.35763785,-0.44261697,-0.5900775,-0.56457615,-0.53987443,-0.46930328,-0.40061903,-0.540955,0.007734248,0.02613461,-0.034224782,-0.2949855,0.05959247,0.015843704,-0.3233279,-0.030889723,0.81973374,0.8566631,0.87129796,0.6041709,0.56392294,-0.3214568,-0.06609462,-0.109382436,-0.661169,0.20744175,-0.17882237,-0.4554562,-0.5492575,0.027458232,-0.4447814,-0.022021249,0.7661008,0.86056924,0.4652542,0.24144596,-0.11879136,0.4009199,-0.13754065,-0.58831584,-0.53923845,-0.07071957,-0.4217782,-0.5334971,-0.20510599,-0.103301816,-0.5722294,-0.6338757,-0.25379574,0.39816236,0.11454676,0.46174073,0.16862735,-0.56433356,-0.501605,-0.6585406,-0.38714296,-0.5122982
-0.3062656,0.15752354,-0.00059077935,-0.28267747,0.010322405,-0.22130392,-0.49908435,0.03842739,-0.0398856,0.6221901,0.4523728,0.68194926,0.14234802,-0.16773343,-0.21714747,0.105461426,0.69663,-0.1337769,-0.06362678,-0.65669,-0.20451583,0.28804302,-0.20475462,0.7615491,0.6464752,0.87411094,-0.73076224,-0.061162703,0.23859677,0.021015557,0.023031158,0.30283737,-0.17631817,0.019508572,0.38180846,-0.54777586,-0.4947211,-0.34591296,-0.2260068,-0.45295852,-0.7916851,0.28632587,-0.21277857,-0.711436,-0.5776822,-0.7280974,-0.41280815,-0.72570574,-0.6449423,-0.7985467,-0.1884901,0.05037983,0.34537876,-0.22611448,-0.009120541,-0.09523581,-0.050124362,-0.007551598,0.53743136,0.5801463,0.5531342,0.1721395,0.103584275,-0.20352761,0.04677234,-0.14349483,-0.66632235,0.22319543,0.19939432,-0.120838225,-0.35669264,0.3716452,-0.28466243,0.031852357,0.76250744,0.7617644,0.4241686,0.096309885,-0.13930875,0.33748525,0.09096045,-0.4010355,-0.43347007,0.2467476,-0.70499784,-0.3720749,-0.52673686,-0.3137047,-0.6124168,-0.669928,-0.29148155,0.18674353,0.08648452,0.2452479,-0.07137355,-0.7110164,-0.5548476,-0.8113433,-0.5882658,-0.74407804
0.38825428,-0.27444178,0.039384067,0.039170608,-0.09486164,0.27809244,0.32165366,-0.14722541,0.0701295,-0.42899442,-0.20042577,-0.5158454,0.044434093,0.26583737,0.24728322,-0.29306328,-0.6996466,-0.00800675,0.07882959,0.6562085,0.18845505,-0.397221,0.19246387,-0.8118421,-0.3852604,-0.73076224,0.9421208,0.26959857,-0.22129607,0.00031888857,-0.02329195,-0.34020603,0.04492925,-0.20573953,-0.61552083,0.68575954,0.50640327,0.29176816,0.06530634,0.3099536,0.65547884,-0.15452865,-0.013778325,0.8545027,0.5142337,0.73476577,0.17672825,0.875512,0.73540986,0.8454615,0.33457622,-0.15184516,-0.7090454,-0.02423361,0.015774991,0.13525441,-0.16190593,-0.03674224,-0.3583529,-0.2918828,-0.3237635,-0.0015432881,0.11553377,0.21778685,0.009115914,0.1820184,0.40365505,-0.14557034,-0.35136035,0.016362982,0.2962234,-0.56863296,0.28353965,-0.15944284,-0.69309235,-0.5247153,-0.29011285,0.15212357,0.24556974,-0.3707819,-0.37493604,0.11778796,0.2270638,-0.4908146,0.69553596,0.12471741,0.5325792,0.48083866,0.5990473,0.46608967,0.053718336,-0.15594171,-0.141207,-0.20508581,0.0117813395,0.7878599,0.38706678,0.6922524,0.64738333,0.74048376
-0.031379577,-0.12154077,0.13963726,-0.23419991,0.43659616,0.3896563,-0.6288859,-0.32150668,0.3827241,0.23633635,0.4343052,0.36450645,0.48151338,-0.39871106,-0.22654882,-0.84818846,-0.24535072,-0.77172995,-0.5869504,0.004581428,-0.5854416,-0.7541014,-0.61978114,-0.026955012,0.30398458,-0.061162703,0.26959857,0.8724363,0.5228818,-0.25504017,0.37344542,0.34187886,-0.69138634,-0.8363799,-0.47616994,0.3612857,0.6225519,0.064851746,-0.27457836,-0.42069215,-0.16234443,0.5617211,-0.35601977,0.16949615,-0.41740364,-0.024496313,-0.44216472,0.11252001,0.36759987,0.25570005,0.36149502,0.17757338,-0.40035322,0.06425606,0.41363537,0.44905648,-0.40715677,0.19647709,0.4682884,0.34984016,0.44898185,0.54173917,0.55770564,-0.5249295,-0.53872406,-0.26578274,0.0592146,-0.43420446,-0.7307956,-0.7748964,-0.5209842,-0.45028043,-0.5519182,0.26122504,0.19272615,0.22299223,0.31903437,0.34012622,-0.14717753,0.34880745,0.045572132,-0.28474057,-0.302024,-0.34588104,0.47823772,-0.2519258,0.62917626,0.4170236,0.12760001,0.1432216,0.22941226,0.58624375,0.40349102,0.56859744,0.53868866,0.007226834,0.13732833,0.14803562,0.38353968,0.3442093
-0.025478292,0.096105896,0.24915838,-0.12011689,0.6141126,0.41250286,-0.68962896,-0.024544325,0.5104442,0.2869712,0.49552307,0.54977417,0.33800066,-0.7595179,-0.69917274,-0.6418952,0.047026053,-0.63371915,-0.7478783,-0.1302999,-0.79415756,-0.63185596,-0.8568694,0.32633144,0.35617587,0.23859677,-0.22129607,0.5228818,0.90170944,-0.69702756,0.480248,0.57600033,-0.7428059,-0.6436892,-0.2524259,0.18244305,0.49158484,-0.1828174,-0.5375888,-0.6259086,-0.4441248,0.57799375,-0.4682033,-0.19394155,-0.721951,-0.47662365,-0.55015755,-0.27004442,0.12293188,-0.059278525,0.37234432,0.4341271,0.017359456,0.26497382,0.5570806,0.52733904,-0.07078439,0.41556314,0.6101328,0.42874607,0.5253916,0.4902948,0.36026478,-0.87809324,-0.7230312,-0.7202576,-0.1083054,-0.53844976,-0.66425025,-0.74674225,-0.7518642,-0.3782044,-0.8549756,0.40052605,0.5200845,0.36586,0.41670114,-0.2668616,-0.19530758,0.56095016,0.20391859,-0.4263904,-0.579163,-0.29579407,0.03659649,-0.4663335,0.4503692,-0.24580026,0.015346486,-0.093560815,0.22184491,0.632842,0.3757764,0.6237056,0.42481804,-0.38879788,-0.2269156,-0.1915187,0.18778542,0.07133372
-0.2664643,-0.10119896,-0.3294435,-0.009070336,-0.49611777,-0.48124653,0.36993778,-0.15333384,-0.50599325,-0.011132259,-0.34680402,-0.27081603,-0.2426288,0.560007,0.6435245,0.48952508,0.09651007,0.34443456,0.54162276,-0.21171078,0.554844,0.5843117,0.6290065,-0.034746952,-0.14069352,0.021015557,0.00031888857,-0.25504017,-0.69702756,0.8815793,-0.34603643,-0.33719993,0.56485045,0.46299195,0.4337204,-0.37391457,-0.5127067,0.22577676,0.6116996,0.47494555,0.19786671,-0.26724404,0.48062533,-0.09855291,0.4485698,0.28792974,0.44079363,-0.048764177,-0.32734394,-0.20069909,-0.49194834,-0.38510436,0.15812759,-0.28401,-0.5048395,-0.4995845,-0.09577481,-0.44744855,-0.35317647,-0.26759896,-0.31008106,-0.37250417,-0.24371976,0.67703855,0.53917694,0.67405856,0.06657641,0.43327272,0.65029323,0.48692825,0.4969303,0.58438516,0.60562336,-0.17274232,-0.22851656,-0.113649935,-0.26349,0.5130049,0.01643211,-0.28722057,0.079245344,0.43707892,0.5300211,0.54646283,-0.04250957,0.51072717,-0.4614396,0.45230412,-0.25061637,0.08075519,-0.04862423,-0.34459585,-0.056170218,-0.31402776,-0.1597509,0.09457105,0.31353053,0.04776646,-0.34176713,-0.24759194
-0.14498456,-0.28070474,-0.15513863,-0.22252128,0.24104623,0.15325496,-0.37040836,-0.2314254,0.2256431,0.34012067,0.1432465,0.24256782,0.07738015,-0.5530222,-0.4907226,-0.42172343,-0.19934416,-0.4966683,-0.6349821,-0.07763981,-0.6903763,-0.4918192,-0.599281,0.23358756,0.17345871,0.023031158,-0.02329195,0.37344542,0.480248,-0.34603643,0.9254084,0.80335176,-0.25462988,-0.39578125,-0.014249386,0.17582569,0.4020108,0.52687085,0.07007086,-0.12669602,0.013196521,0.66889346,0.096632056,-0.13500242,-0.2774781,0.023422651,-0.01749677,-0.17144191,0.11827408,0.077484295,0.33144957,0.21535537,0.12286335,0.07219099,0.26246053,0.26127976,-0.115496986,0.1303339,0.46671742,0.11296419,0.21148068,0.17914501,0.07172455,-0.5168209,-0.67905676,-0.50267214,0.25408745,-0.61881506,-0.42972225,-0.5458851,-0.6589875,-0.17588827,-0.6246686,0.69987494,0.24781972,0.052653506,-0.19283825,-0.32132542,0.3979774,0.7831056,0.24980956,0.07086177,-0.056429204,-0.00243553,0.22672832,0.02272392,0.33237016,-0.027946953,0.025772355,0.26999235,0.59418285,0.76951456,0.68218917,0.7612647,0.4242313,-0.31073877,0.23028415,0.056412525,0.15976256,0.15695864
-0.31601956,-0.17751305,-0.15111661,-0.3026974,0.2897771,0.055431075,-0.5758819,-0.23506717,0.1940833,0.51516926,0.30755764,0.5009119,0.16839194,-0.60131854,-0.49662375,-0.39871508,0.11304012,-0.57045263,-0.6256917,-0.34778163,-0.7144385,-0.3813873,-0.68513227,0.5271989,0.36915252,0.30283737,-0.34020603,0.34187886,0.57600033,-0.33719993,0.80335176,0.94671005,-0.37191063,-0.40925837,0.14308783,-0.09398392,0.22636577,0.30846184,-0.051579185,-0.34761414,-0.31309402,0.6980014,0.014122394,-0.43345997,-0.5256777,-0.30045837,-0.19784592,-0.47827578,-0.14334005,-0.24435696,0.18419427,0.22189558,0.28764668,0.0274584,0.24530855,0.2092739,-0.16394956,0.118412495,0.63133657,0.30105206,0.41885126,0.28304148,0.1544501,-0.5780404,-0.60475194,-0.4886507,0.019799061,-0.46930104,-0.3396019,-0.60651183,-0.7354696,0.0023763208,-0.7185329,0.6515735,0.5393551,0.31154478,0.053323567,-0.24691403,0.17217594,0.92648065,0.33412564,-0.08036969,-0.20987691,0.12602699,-0.018097604,-0.1113911,0.16244462,-0.15424746,-0.23622006,0.02221603,0.48560238,0.818619,0.6714891,0.8335773,0.44377682,-0.5902807,0.028069118,-0.22491488,-0.081393585,-0.12637648
-0.09245451,-0.1531965,-0.39550018,0.15534869,-0.61793,-0.5107795,0.7737154,0.068578064,-0.54442096,-0.26511517,-0.67165005,-0.5814373,-0.5253524,0.5132384,0.41676036,0.80154145,-0.019186791,0.7127671,0.5866748,0.07467566,0.61369205,0.6996279,0.74845344,-0.16315788,-0.4334262,-0.17631817,0.04492925,-0.69138634,-0.7428059,0.56485045,-0.25462988,-0.37191063,0.93697643,0.8236431,0.4978299,-0.26659966,-0.5264343,0.32767066,0.65371305,0.74071455,0.5174638,-0.48521167,0.6933336,0.0030463925,0.7508894,0.4569563,0.76194435,0.08544256,-0.27354112,-0.0496224,-0.44101733,-0.36458695,0.27301943,-0.19487593,-0.57478595,-0.5759845,0.2144748,-0.39611292,-0.5785407,-0.55489784,-0.61894524,-0.6362982,-0.59104073,0.69547826,0.51841974,0.459418,0.20622921,0.342129,0.7711247,0.7706566,0.59290475,0.50943077,0.6976243,-0.14793584,-0.43819934,-0.43028218,-0.67508346,-0.10802015,0.36691657,-0.3658958,0.028451093,0.58775806,0.6695442,0.47009122,-0.16159798,0.5834427,-0.54586184,-0.017732345,-0.06648448,0.17587166,-0.009517785,-0.54153633,-0.22360867,-0.52116144,-0.3983706,0.1779331,0.25900862,0.12782194,-0.31576657,-0.17634118
-0.02582549,0.012473792,-0.27131978,0.20019165,-0.5656154,-0.4863582,0.71673274,0.23493564,-0.488958,-0.26275977,-0.57158625,-0.4698405,-0.58899605,0.46624768,0.3039317,0.92890537,0.17789263,0.83574617,0.6426178,0.028685058,0.64507276,0.84574354,0.74545056,-0.00783428,-0.36458004,0.019508572,-0.20573953,-0.8363799,-0.6436892,0.46299195,-0.39578125,-0.40925837,0.8236431,0.947738,0.53586125,-0.3773511,-0.691699,0.035196796,0.43912512,0.5890916,0.25644952,-0.5787158,0.49966782,-0.15059185,0.5405882,0.1535573,0.5503843,-0.076467246,-0.3872407,-0.22942585,-0.4570145,-0.30282587,0.37626064,-0.17199606,-0.5267707,-0.55276984,0.33444035,-0.31022912,-0.5674542,-0.45575178,-0.55566293,-0.6779144,-0.67069185,0.63410413,0.5744926,0.3587672,0.00061451015,0.41701162,0.8427204,0.8595636,0.6093,0.5529123,0.6760275,-0.24559483,-0.27525693,-0.28299224,-0.43478325,-0.19756341,0.21636665,-0.403345,0.018697562,0.40402055,0.4450015,0.45148164,-0.42083728,0.39379242,-0.68691754,-0.28824878,-0.114675745,-0.05164767,-0.21672505,-0.654446,-0.3765399,-0.6183897,-0.57544714,0.04613982,-0.014742341,-0.08723373,-0.4021136,-0.33233744
-0.66202927,-0.10285933,-0.53418577,-0.052990697,-0.31637186,-0.6969515,0.11988422,-0.15745282,-0.548064,0.2382126,-0.34393966,0.07100048,-0.27129906,0.023903344,0.119551085,0.5945397,0.51853585,0.21758737,0.16485548,-0.5759907,0.12645182,0.6298671,0.20085126,0.5800969,0.05453691,0.38180846,-0.61552083,-0.47616994,-0.2524259,0.4337204,-0.014249386,0.14308783,0.4978299,0.53586125,0.9475161,-0.77953815,-0.5991735,0.120333984,0.4965766,0.2259146,-0.10795447,-0.07309628,0.6293938,-0.7150867,0.09842833,-0.16336283,0.45363605,-0.69037306,-0.8301952,-0.7018434,-0.72571397,-0.26642925,0.76404655,-0.1830545,-0.49702793,-0.59354347,-0.029720863,-0.41872483,-0.010358737,-0.18078241,-0.0911722,-0.3156852,-0.37305647,0.19136906,0.21272574,0.18301901,-0.064125545,0.22814414,0.7428535,0.27701354,0.035719085,0.8750012,0.11198782,0.115424275,0.2995076,0.11018604,-0.26828364,-0.077898756,-0.037854895,0.17825261,0.53140783,0.41063038,0.3958161,0.85423744,-0.47332662,0.41398025,-0.662662,-0.21969825,-0.64995867,-0.094019055,0.1529904,-0.046585828,0.15295863,-0.009447512,0.0075862054,-0.5590621,0.078148045,-0.3962952,-0.7962438,-0.6946139
