0,1,2,3,4,5,6,7,8,9,10,11,12,13,14,15,16,17,18,19,20,21,22,23,24,25,26,27,28,29,30,31,32,33,34,35,36,37,38,39,40,41,42,43,44,45,46,47,48,49,50,51,52,53,54,55,56,57,58,59,60,61,62,63,64,65,66,67,68,69,70,71,72,73,74,75,76,77,78,79,80,81,82,83,84,85,86,87,88,89,90,91,92,93,94,95,96,97,98,99
0.93452275,0.002218224,0.22354138,0.21222612,-0.009598127,0.48948187,0.62733245,0.22827576,0.24190216,0.03672045,0.6589285,0.39014328,-0.4407108,-0.20048489,-0.14134124,0.61072445,-0.060131248,0.23822732,0.03099478,-0.24312806,0.16737998,0.1303058,-0.18839906,-0.2642183,-0.004748848,0.5939138,0.1624515,-0.76835203,-0.27673987,-0.8101542,0.5504491,0.5312163,0.53016466,-0.07242963,-0.47558886,0.1103835,-0.118524656,0.07971282,0.15801747,0.15852961,0.38380134,-0.39729786,0.41111356,0.57661396,0.4752592,0.21983305,0.15745798,0.2161866,0.6683724,0.39594376,0.16597584,-0.14992519,0.2376565,0.051703002,-0.022838142,0.30254132,-0.064031556,0.091595136,0.17938188,0.43446743,0.30396903,0.50439626,0.11568019,0.26387694,0.4766865,0.046093065,0.05021535,-0.07434067,-0.55989265,-0.33997494,-0.06742822,-0.5991971,-0.6061453,0.19007093,-0.17718673,-0.0026751454,-0.14640412,-0.7880924,0.4739648,-0.011226628,-0.55249983,0.0935348,0.3630241,-0.34363902,-0.59408474,-0.7006929,-0.2041763,-0.387596,-0.24348363,0.20299974,0.08335012,0.05675847,0.4767715,-0.050254326,-0.21524191,0.31421393,-0.13737287,-0.11563763,0.6439157,0.58157635
0.002218224,0.95499295,0.82636416,0.69862235,0.9183767,0.5991854,-0.19024426,0.57930356,0.12993239,-0.051227875,-0.22756714,-0.31148088,0.008049166,-0.06864914,-0.21683577,0.021301476,-0.23379669,-0.15034103,-0.34740824,-0.016691146,-0.24706638,-0.11747103,-0.057923004,-0.45174772,-0.008103786,0.37947172,-0.30974513,-0.10917091,-0.37497526,0.044902325,0.1784905,-0.09180406,0.030487496,-0.13099144,-0.3215825,0.06991231,-0.7847855,0.026074158,-0.012085089,-0.069630116,-0.29269218,0.24925399,0.008082098,-0.10268727,0.1411514,-0.21940199,-0.24520206,-0.163747,-0.06222301,-0.16594884,0.057045415,0.89204645,0.37059346,0.51612854,0.8795674,0.6432569,0.8969177,0.904433,-0.024350367,0.015187155,0.03293951,0.061582748,-0.16982847,-0.12253453,-0.12123668,-0.20459154,0.46712732,-0.037615184,-0.2229088,0.07733599,-0.051849,0.34153533,0.16787098,-0.0021432582,-0.0115444055,0.024419636,-0.1890743,-0.0076565356,0.19481246,-0.47235724,-0.14428893,-0.319691,0.21858329,0.048997067,-0.16041042,0.072341494,-0.2556914,-0.23143934,0.29785895,-0.16458106,-0.32004052,-0.05462495,0.11574541,-0.062176175,0.049163185,0.0069426135,-0.15722549,-0.19179574,0.06731118,-0.1976473
0.22354138,0.82636416,0.93652225,0.7714596,0.82915455,0.70783967,-0.06619866,0.5729701,0.047326826,0.044262905,0.049460866,-0.17235294,-0.19348577,-0.17718437,-0.30571163,0.23928916,-0.2885707,-0.21082771,-0.32071367,-0.24843003,-0.2831161,-0.18455575,-0.24904382,-0.56789964,0.07129547,0.54486716,-0.35261482,-0.34106708,-0.5078782,-0.22830552,0.48302138,0.1294291,0.31783065,-0.30678868,-0.54636097,-0.04431625,-0.8037921,0.14891833,0.11661164,0.057394776,-0.24979796,0.20442097,0.16863124,0.19209209,0.39988965,-0.19088534,-0.31091166,-0.1809272,0.04844981,-0.1669339,-0.0236189,0.71925825,0.25472587,0.530341,0.7941656,0.6942966,0.7470271,0.83273065,0.1087334,0.21757793,0.17138648,0.2803468,-0.1261814,-0.012107199,0.028246367,-0.22162366,0.4381764,-0.099155575,-0.35857236,-0.05533143,-0.118502125,0.23684357,-0.06311181,0.1583409,-0.0049028136,0.111792594,-0.2646522,-0.21543235,0.48411155,-0.5618652,-0.12990195,-0.2335597,0.4661102,0.15506375,-0.22010024,-0.10549304,-0.1990434,-0.3561212,0.118646115,0.06840761,-0.25627428,0.036621243,0.3681606,0.08123424,0.09575765,0.25382018,-0.11084797,-0.23162872,0.18262097,-0.07390192
0.21222612,0.69862235,0.7714596,0.8927231,0.74081767,0.5592193,-0.05245786,0.45045298,-0.030312039,0.07950812,0.15816206,-0.2155783,-0.340236,-0.26307786,-0.34023035,0.25733095,-0.32841694,-0.2937487,-0.31566155,-0.3446026,-0.35944957,-0.3053309,-0.3845931,-0.63497335,0.0651419,0.34834266,-0.36387038,-0.42806435,-0.52882755,-0.30804324,0.5198882,0.1635859,0.43484357,-0.47776818,-0.60294616,-0.12553214,-0.66950524,0.18635026,0.15277033,0.11916043,-0.2343869,0.100473486,0.15592666,0.2674644,0.43719965,-0.14803378,-0.34841156,-0.19256324,0.033840224,-0.18908662,-0.09138444,0.5799272,0.0489408,0.54402506,0.677769,0.55429435,0.6024419,0.76358837,0.13209413,0.25134063,0.17238426,0.27649873,-0.10802932,0.02075426,0.031640977,-0.24247706,0.27096587,-0.20906298,-0.34123135,-0.062270995,-0.17318718,0.13065472,-0.16780144,0.19231838,-0.008424918,0.12050783,-0.33727258,-0.23778777,0.5166315,-0.553534,0.020974256,-0.08685948,0.5383403,0.2663613,-0.062066138,-0.099147916,-0.08117577,-0.3545249,0.016804492,0.2708242,-0.12154569,0.05669018,0.43140164,0.09438334,0.09883726,0.36129072,0.03531617,-0.16694689,0.11685965,-0.011466729
-0.009598127,0.9183767,0.82915455,0.74081767,0.9643077,0.6200307,-0.12043732,0.6412444,0.16796759,-0.16572,-0.14597112,-0.43176407,-0.14486066,-0.23223625,-0.3717821,-0.06597504,-0.3938907,-0.107867755,-0.48321277,-0.012941511,-0.4105318,-0.09042144,-0.0285302,-0.54296285,-0.13837987,0.3536886,-0.22336403,-0.08894884,-0.51325417,0.00961078,0.23792306,-0.17763075,0.023442356,-0.23476017,-0.2778058,0.12471413,-0.80765045,-0.09324006,-0.13329771,-0.1831528,-0.21718813,0.1448587,0.10153817,0.0034100506,0.24263789,-0.08816711,-0.17172043,-0.06625887,-0.015271256,-0.10529871,0.10071126,0.89183176,0.30235058,0.64644325,0.91597074,0.6578636,0.88523614,0.88974804,-0.14521787,-0.077198416,-0.098285854,-0.022511523,-0.30356878,-0.25071383,-0.25129357,-0.3683498,0.3806926,-0.1968013,-0.30231345,0.1925502,-0.2234503,0.30851257,0.21885404,-0.10411458,-0.1507013,-0.09664774,-0.34449357,0.068298504,0.26999784,-0.5913477,-0.11928447,-0.15166563,0.33990145,0.10962902,-0.012134158,0.17042416,-0.3177361,-0.11056323,0.35474062,-0.09557065,-0.17511809,-0.18248121,0.051371656,-0.1251003,-0.040563744,0.1613839,0.028154917,-0.036919504,0.09073527,-0.11901331
0.48948187,0.5991854,0.70783967,0.5592193,0.6200307,0.93134487,0.38645855,0.7376225,0.48009685,-0.21962407,0.1909346,-0.20836166,-0.39401585,-0.4007618,-0.47783512,0.1937903,-0.44484907,0.1693744,-0.47817308,0.066459544,-0.29931247,0.10169615,0.040427,-0.47254562,-0.24492957,0.5877017,-0.024163134,-0.4106991,-0.58219874,-0.43277955,0.4504301,0.0030901805,0.17632887,-0.18309006,-0.35246795,0.37226316,-0.6099335,-0.17063168,-0.14971082,-0.22681299,0.09259279,-0.1590696,0.31503376,0.31920516,0.42431507,0.10367882,0.074320436,0.12174878,0.51162547,0.34022224,0.4000742,0.55107343,0.3846593,0.5626323,0.62801653,0.85352015,0.6135862,0.6706717,-0.15657148,0.022220433,-0.06325347,0.12166934,-0.3339657,-0.21118915,-0.060065255,-0.38324505,0.47838095,-0.21922179,-0.50366616,0.15833206,-0.29837885,-0.08079822,-0.030060563,-0.10063549,-0.308524,-0.2008807,-0.41663313,-0.25029543,0.4349785,-0.49415076,-0.46946847,0.040963516,0.44389397,-0.13218218,-0.24992576,-0.12569533,-0.41850117,-0.16800235,0.35817373,-0.020229353,-0.02807932,-0.2172741,0.16799945,-0.24236982,-0.31757843,0.31903756,0.018587487,0.08497396,0.6369286,0.39877498
0.62733245,-0.19024426,-0.06619866,-0.05245786,-0.12043732,0.38645855,0.9234148,0.40412593,0.6529804,-0.49677604,0.5641605,-0.053832002,-0.63468945,-0.5960407,-0.49512273,0.046993926,-0.47114426,0.6403068,-0.3914146,0.25361153,-0.17984962,0.52331215,0.33193913,-0.18173605,-0.6025051,0.31685206,0.63334423,-0.36986047,-0.4628548,-0.6082921,0.26454663,-0.06096524,0.053076252,-0.024838302,0.10383195,0.6045784,0.0487014,-0.5330041,-0.4647827,-0.43906903,0.73119235,-0.7868775,0.5478476,0.5314038,0.3932529,0.6821828,0.66964763,0.6626177,0.86705196,0.8110496,0.5741356,-0.15253633,0.1537607,0.30777255,-0.067688935,0.25892848,-0.102271274,-0.09993412,-0.45741248,-0.21236438,-0.36260527,-0.09115754,-0.40427914,-0.322734,-0.11552045,-0.42163062,-0.1537351,-0.42705894,-0.5694748,0.26511723,-0.5096387,-0.6748666,-0.12180905,-0.4013397,-0.6735455,-0.59615177,-0.51475614,-0.2674668,0.24730828,-0.11569364,-0.6111263,0.5939512,0.30890948,-0.4198063,-0.09181756,-0.15805441,-0.534111,0.2482549,0.23452887,0.06308537,0.5241349,-0.5096117,-0.12907405,-0.5132851,-0.6953825,0.42186683,0.3744147,0.53151274,0.76940745,0.8756732
0.22827576,0.57930356,0.5729701,0.45045298,0.6412444,0.7376225,0.40412593,0.9252647,0.6156503,-0.50299877,0.16603783,-0.4147773,-0.42093968,-0.5880225,-0.68104553,-0.15401193,-0.67340374,0.42926544,-0.74450976,0.3239274,-0.4663145,0.41489986,0.380319,-0.38675517,-0.58331704,0.5396657,0.29191685,-0.1100764,-0.7418963,-0.22061706,0.29095337,-0.3775818,-0.08607517,-0.060458194,0.036402207,0.60425293,-0.6633873,-0.5260501,-0.5344062,-0.570824,0.3199584,-0.32222247,0.5091055,0.2672071,0.44458857,0.3829292,0.3807765,0.4219393,0.4410849,0.41886795,0.4962613,0.6595707,0.4075541,0.74886864,0.67485636,0.68725765,0.6925243,0.6105319,-0.5399025,-0.37229615,-0.44212425,-0.16131274,-0.62049127,-0.5781144,-0.46206206,-0.68283486,0.3098296,-0.360516,-0.45988423,0.52714825,-0.5439801,0.03380756,0.3394339,-0.45616233,-0.5730727,-0.5611022,-0.62962246,0.107230425,0.33082977,-0.65492356,-0.43832576,0.28963792,0.45528227,-0.07146894,0.07231663,0.27018,-0.6964722,0.22389123,0.621969,-0.16158253,0.23020276,-0.5934608,-0.15682602,-0.46704167,-0.51398873,0.39731038,0.3281201,0.42289937,0.4991181,0.37536103
0.24190216,0.12993239,0.047326826,-0.030312039,0.16796759,0.48009685,0.6529804,0.6156503,0.90882766,-0.68392324,0.12588671,-0.3694591,-0.33322275,-0.48845398,-0.45394525,-0.30207372,-0.48617697,0.69707584,-0.5363997,0.67922616,-0.24540278,0.563086,0.644758,-0.09593042,-0.7273624,0.21538386,0.5575954,0.016107729,-0.39470676,-0.17349029,-0.039693557,-0.4681732,-0.39714146,0.19005638,0.36223853,0.88390815,-0.17572676,-0.7230351,-0.6777893,-0.7392669,0.52224886,-0.5871473,0.33599672,0.1326553,0.14073606,0.5451468,0.67296076,0.5830262,0.70178187,0.81182426,0.7674111,0.23606908,0.44038123,0.4372617,0.2299375,0.44653752,0.2792492,0.16281494,-0.67249787,-0.52971005,-0.5824798,-0.3998269,-0.5490039,-0.55376834,-0.41585332,-0.5000914,0.14399925,-0.3304463,-0.38875675,0.5913168,-0.4442852,-0.3392967,0.38242257,-0.65403575,-0.68418354,-0.6944659,-0.43736756,0.18504167,-0.012026553,-0.17602646,-0.67133856,0.42441642,0.095346205,-0.4895314,0.055880353,0.22641623,-0.6602445,0.4176218,0.70479727,-0.36826587,0.33464897,-0.6664141,-0.49784493,-0.74879146,-0.8109574,0.17143905,0.32689345,0.60960174,0.70037663,0.6426816
0.03672045,-0.051227875,0.044262905,0.07950812,-0.16572,-0.21962407,-0.49677604,-0.50299877,-0.68392324,0.8984359,-0.074035235,0.5597505,0.399441,0.6018722,0.5452595,0.62738657,0.61758953,-0.6581572,0.6270534,-0.5875182,0.43108642,-0.63358617,-0.6962292,0.22655067,0.87600917,-0.03715187,-0.71168995,-0.27998868,0.4869629,-0.037420347,0.103864335,0.62225854,0.51469725,-0.03567683,-0.5616429,-0.74397975,0.12941068,0.86872864,0.8662268,0.86829895,-0.5999515,0.63533294,-0.4180661,-0.16399889,-0.16177636,-0.7426995,-0.75588286,-0.7486795,-0.46240097,-0.6228421,-0.6034565,-0.23252538,-0.14576116,-0.5473801,-0.2687428,-0.20268425,-0.20941883,-0.036644638,0.8373325,0.74198055,0.80527693,0.62272453,0.6658559,0.72224176,0.65863883,0.64367616,0.29343432,0.61410093,0.47493666,-0.6731379,0.65586567,0.2910495,-0.5007372,0.8602731,0.86281824,0.8681305,0.61161906,-0.39506215,0.028349638,0.22290125,0.47799182,-0.616166,-0.14060476,0.3852068,-0.32728314,-0.43591186,0.70339257,-0.71651274,-0.6020589,0.30959177,-0.5588616,0.82463515,0.6853306,0.7250637,0.7688656,-0.29243055,-0.59650356,-0.7746295,-0.3484211,-0.49005127
0.6589285,-0.22756714,0.049460866,0.15816206,-0.14597112,0.1909346,0.5641605,0.16603783,0.12588671,-0.074035235,0.90205294,0.30800295,-0.6024524,-0.39790994,-0.28549653,0.4132533,-0.22697425,0.2907622,-0.038163796,-0.27353758,0.02321672,0.23791197,-0.123056024,-0.24137741,-0.1844404,0.4552185,0.33868486,-0.5820085,-0.41518086,-0.68489134,0.65969175,0.38243842,0.58694386,-0.18011776,-0.28331605,0.06695524,-0.012421172,-0.05175304,-0.0011764234,0.043551914,0.56328815,-0.5323654,0.6728145,0.758368,0.7235812,0.459278,0.27859908,0.40541536,0.50231856,0.28887948,0.0019559555,-0.3075854,-0.03747692,0.16805601,-0.15273745,-0.017842984,-0.25117975,-0.11766158,0.018746644,0.2664941,0.08542242,0.42886287,0.019645203,0.108146206,0.23776947,-0.14372076,-0.30850214,-0.25726464,-0.4742443,-0.12114875,-0.27627826,-0.5262439,-0.4472062,0.019241232,-0.31769672,-0.18190338,-0.33951437,-0.5040848,0.62341464,-0.14613667,-0.25544688,0.43495113,0.62741774,-0.018263632,-0.13806978,-0.36156282,-0.20997895,-0.09576619,-0.284209,0.3662194,0.43082058,-0.11962949,0.38469136,-0.033074237,-0.26629627,0.6399002,0.2969836,0.16310188,0.36332357,0.5569545
0.39014328,-0.31148088,-0.17235294,-0.2155783,-0.43176407,-0.20836166,-0.053832002,-0.4147773,-0.3694591,0.5597505,0.30800295,0.8390414,0.27979875,0.5171353,0.54148316,0.63390005,0.63182503,-0.07804556,0.68382955,-0.3420968,0.6863036,-0.113232,-0.31287265,0.3761675,0.5575686,0.24635626,-0.15756604,-0.34595725,0.4293599,-0.21136142,0.15119433,0.64334315,0.44504336,0.32703108,-0.31664646,-0.38386095,0.21630943,0.53575706,0.6006315,0.6055469,-0.005910689,0.16701277,-0.019382823,0.055363566,0.02770881,-0.2805282,-0.22191288,-0.22255641,-0.052852906,-0.20971009,-0.36649656,-0.45876503,0.143137,-0.61585224,-0.47539875,-0.3563112,-0.42142105,-0.29848427,0.6055219,0.64396644,0.66236806,0.66576767,0.6656541,0.6914052,0.7091811,0.6477467,-0.00046407757,0.5558363,0.19520342,-0.6266954,0.58084476,-0.13826805,-0.5064786,0.5341394,0.49714953,0.5169901,0.56840897,-0.52729654,0.07216923,0.4041906,-0.025935952,-0.39184716,-0.09976383,-0.05582481,-0.53101075,-0.5791784,0.29705197,-0.5176429,-0.5707377,0.022350678,-0.28773728,0.52742785,0.50123835,0.40027624,0.35878572,-0.1884679,-0.5046668,-0.55480194,-0.06398563,-0.12468313
-0.4407108,0.008049166,-0.19348577,-0.340236,-0.14486066,-0.39401585,-0.63468945,-0.42093968,-0.33322275,0.399441,-0.6024524,0.27979875,0.941158,0.8388771,0.75209486,-0.016907804,0.7411766,-0.21822675,0.58445513,0.15248767,0.5952698,-0.20432249,0.02928044,0.60556436,0.50101805,-0.2356858,-0.356182,0.41915226,0.76358485,0.64965945,-0.5473011,0.012666925,-0.31555128,0.5907931,0.15550637,-0.25908148,0.14576608,0.34972948,0.3559209,0.30850708,-0.473217,0.6180637,-0.5823053,-0.74357206,-0.63651764,-0.6008894,-0.355016,-0.47100627,-0.5754154,-0.43860704,-0.28032327,0.013416614,0.29692382,-0.6005185,-0.17122434,-0.32670054,-0.018996801,-0.08589387,0.35008886,0.12903917,0.32422638,0.06513193,0.5133463,0.37309754,0.23107773,0.6458229,0.26632634,0.73357403,0.6713089,-0.23498324,0.749455,0.45405832,0.21158321,0.24438322,0.6291131,0.4717313,0.8122828,0.2358956,-0.5569136,0.48459893,0.19144508,-0.71783876,-0.6627791,-0.048870828,-0.20462106,0.042259045,0.34878117,-0.20834818,-0.055547394,-0.51598924,-0.6112007,0.41912532,-0.11103262,0.23508587,0.44258142,-0.76431763,-0.6253541,-0.5215615,-0.47997248,-0.7006423
-0.20048489,-0.06864914,-0.17718437,-0.26307786,-0.23223625,-0.4007618,-0.5960407,-0.5880225,-0.48845398,0.6018722,-0.39790994,0.5171353,0.8388771,0.9434649,0.89496964,0.2799996,0.90491897,-0.3643734,0.8106767,-0.12229908,0.7499221,-0.38069803,-0.2587596,0.51491654,0.71304476,-0.17243424,-0.48115352,0.12661456,0.8321583,0.4060513,-0.3376798,0.35963762,-0.0071368674,0.4737686,-0.13711923,-0.4744671,0.22159764,0.59890467,0.6263492,0.57848835,-0.50748765,0.621976,-0.59044755,-0.5755663,-0.52489936,-0.68375945,-0.5167724,-0.58815515,-0.5126392,-0.5077889,-0.4594615,-0.16656291,0.20974585,-0.7362584,-0.28376183,-0.37691575,-0.18348233,-0.1241575,0.6219404,0.45267862,0.6123332,0.35093004,0.76796734,0.6774545,0.5583501,0.86669457,0.19669607,0.78236496,0.58159333,-0.55047596,0.8841278,0.27020454,-0.14037055,0.5053239,0.766906,0.6927749,0.9206101,-0.08465789,-0.39203936,0.6144409,0.18737404,-0.79046977,-0.57272744,-0.07050811,-0.41487977,-0.28798386,0.5223001,-0.4739427,-0.36749053,-0.3182049,-0.6919385,0.65701056,0.19604117,0.40871525,0.5728024,-0.6992013,-0.75835115,-0.735837,-0.4477287,-0.64801
-0.14134124,-0.21683577,-0.30571163,-0.34023035,-0.3717821,-0.47783512,-0.49512273,-0.68104553,-0.45394525,0.5452595,-0.28549653,0.54148316,0.75209486,0.89496964,0.9476033,0.2763316,0.9253201,-0.30916935,0.88213885,-0.12722927,0.78043455,-0.35280487,-0.24720311,0.5076051,0.66492283,-0.24986312,-0.38145193,0.09005725,0.86502695,0.33553213,-0.33132255,0.4013875,0.0056809746,0.4591344,-0.101862654,-0.4475671,0.35683393,0.5602807,0.60133946,0.5586617,-0.4038934,0.48146504,-0.5635909,-0.49750984,-0.5077079,-0.5840235,-0.43505225,-0.5111196,-0.41292167,-0.41554117,-0.43614167,-0.3240716,0.15541324,-0.7920017,-0.4177758,-0.47406566,-0.33689797,-0.2600505,0.6078112,0.4566303,0.5882871,0.33092827,0.8125557,0.7232781,0.6060889,0.9162748,0.041355513,0.7019462,0.5111325,-0.56970036,0.86317134,0.08745343,-0.19850126,0.45658278,0.68779296,0.6465477,0.9064155,-0.12903182,-0.3825047,0.7283429,0.13400638,-0.6790159,-0.56415343,-0.16184884,-0.40510434,-0.34316623,0.5382559,-0.422983,-0.42417628,-0.28538364,-0.59475684,0.6419579,0.16144043,0.35271853,0.48726144,-0.6461002,-0.68704295,-0.66369313,-0.40016574,-0.52569324
0.61072445,0.021301476,0.23928916,0.25733095,-0.06597504,0.1937903,0.046993926,-0.15401193,-0.30207372,0.62738657,0.4132533,0.63390005,-0.016907804,0.2799996,0.2763316,0.89553607,0.37438822,-0.28185973,0.4441707,-0.56073064,0.4096107,-0.3561005,-0.60591125,-0.038347002,0.5956334,0.4148707,-0.39889282,-0.7506151,0.1199384,-0.5686367,0.44991958,0.7654148,0.7407863,-0.06487313,-0.74560034,-0.4245106,-0.059594464,0.6528058,0.7063116,0.7000584,-0.16159269,0.1812127,0.004829409,0.24510852,0.22102201,-0.37282118,-0.43678418,-0.36858502,0.1122835,-0.19843605,-0.30241835,-0.19672225,0.104947254,-0.29227227,-0.13712704,0.08879751,-0.13185753,0.1173116,0.7007148,0.8199813,0.7724493,0.7943915,0.53598505,0.68249273,0.77271473,0.47438115,0.24288648,0.37163574,-0.043564,-0.67295843,0.42444342,-0.17357817,-0.7301177,0.7193335,0.47012788,0.60023284,0.32013977,-0.78851885,0.35376087,0.10211631,-0.043445617,-0.38469082,0.17811972,0.051153474,-0.6130452,-0.7403041,0.31582385,-0.79055935,-0.5464952,0.31377903,-0.3467793,0.5980335,0.8183752,0.43532783,0.36507016,0.017726459,-0.50074816,-0.62481105,0.16858661,0.022245266
-0.060131248,-0.23379669,-0.2885707,-0.32841694,-0.3938907,-0.44484907,-0.47114426,-0.67340374,-0.48617697,0.61758953,-0.22697425,0.63182503,0.7411766,0.90491897,0.9253201,0.37438822,0.9499859,-0.32549566,0.8997201,-0.17532516,0.81871974,-0.3702696,-0.29707998,0.5245574,0.7187953,-0.1707787,-0.4214074,0.00019007036,0.85636336,0.25950664,-0.2644408,0.47187608,0.09739062,0.4503444,-0.17738909,-0.4845951,0.34366316,0.6233547,0.6602509,0.6288326,-0.41192803,0.5060978,-0.5394836,-0.45268995,-0.46246225,-0.61378086,-0.4682958,-0.53723,-0.39333826,-0.42528677,-0.4540459,-0.35631084,0.16367093,-0.8170433,-0.44692743,-0.45374668,-0.3599635,-0.2612471,0.66706145,0.5356522,0.65864074,0.42560965,0.8376019,0.7672919,0.6729951,0.926121,0.10256575,0.7588395,0.525668,-0.6254803,0.8887782,0.08767372,-0.2783106,0.54269874,0.7387855,0.6978338,0.9269649,-0.21069291,-0.32606587,0.7060616,0.14406002,-0.7090024,-0.5282571,-0.12866971,-0.46662417,-0.41562244,0.56223595,-0.5061535,-0.47414252,-0.23330233,-0.61125624,0.6891005,0.25683305,0.40763485,0.53242075,-0.6280424,-0.7322361,-0.7184208,-0.36243826,-0.5059381
0.23822732,-0.15034103,-0.21082771,-0.2937487,-0.107867755,0.1693744,0.6403068,0.42926544,0.69707584,-0.6581572,0.2907622,-0.07804556,-0.21822675,-0.3643734,-0.30916935,-0.28185973,-0.32549566,0.92505777,-0.33475298,0.6148853,0.0033663933,0.8481132,0.7695824,0.14153898,-0.7154425,0.31902117,0.83005136,0.10699599,-0.27817354,-0.10160355,-0.09479513,-0.38752347,-0.366742,0.45083767,0.54511803,0.780021,-0.005326301,-0.74019367,-0.68952256,-0.6816768,0.8044818,-0.6677617,0.54759616,0.16659391,0.1796811,0.7146809,0.87841356,0.8102636,0.57954496,0.7086717,0.56852007,-0.0054929648,0.45706305,0.23418248,-0.03325332,0.031934228,0.017779805,-0.1591104,-0.65419114,-0.5049584,-0.5454548,-0.2880116,-0.3986475,-0.46819246,-0.34020078,-0.36984444,-0.1780065,-0.22779289,-0.33296788,0.4847716,-0.38276818,-0.3832554,0.34872302,-0.67802167,-0.69645256,-0.7483845,-0.32472962,0.14290628,-0.06286982,-0.018564273,-0.6633028,0.4599092,0.04635111,-0.5188502,-0.003750165,0.18710896,-0.7390937,0.5082313,0.4805555,-0.44102666,0.45473316,-0.6914258,-0.5055323,-0.66820735,-0.7445067,0.14645928,0.3278215,0.5900897,0.46957403,0.53901184
0.03099478,-0.34740824,-0.32071367,-0.31566155,-0.48321277,-0.47817308,-0.3914146,-0.74450976,-0.5363997,0.6270534,-0.038163796,0.68382955,0.58445513,0.8106767,0.88213885,0.4441707,0.8997201,-0.33475298,0.936145,-0.29799604,0.80097747,-0.38326576,-0.39279684,0.44268537,0.7141259,-0.16140491,-0.3657475,-0.108486935,0.7864789,0.1232388,-0.13772136,0.58232534,0.23756728,0.32630467,-0.24282247,-0.5445252,0.4039603,0.6545795,0.70507205,0.6761959,-0.3223616,0.3985295,-0.44542658,-0.27713513,-0.33232516,-0.52266186,-0.44672015,-0.48192966,-0.33469838,-0.407422,-0.5159145,-0.48997048,0.036140993,-0.8194938,-0.5330464,-0.5258075,-0.4976954,-0.35960388,0.7142711,0.61523104,0.7125931,0.50011635,0.8767228,0.8324388,0.73992544,0.9236298,-0.061409242,0.65104836,0.4151938,-0.6964283,0.82928216,-0.041646346,-0.41445118,0.5710128,0.69825685,0.70042944,0.8360913,-0.332388,-0.20515762,0.7096864,0.15867352,-0.5833308,-0.41204715,-0.11120625,-0.44850022,-0.49712533,0.5802717,-0.50683624,-0.6148264,-0.08130847,-0.49912792,0.70787644,0.35708773,0.4606881,0.51605713,-0.47991538,-0.63667625,-0.68583566,-0.35064858,-0.3990423
-0.24312806,-0.016691146,-0.24843003,-0.3446026,-0.012941511,0.066459544,0.25361153,0.3239274,0.67922616,-0.5875182,-0.27353758,-0.3420968,0.15248767,-0.12229908,-0.12722927,-0.56073064,-0.17532516,0.6148853,-0.29799604,0.90299726,-0.053533874,0.54738617,0.79601896,0.30802852,-0.59205985,-0.117170714,0.49473712,0.47928,0.02349275,0.35020608,-0.47172752,-0.67324823,-0.74260783,0.51162434,0.6989419,0.77361864,0.0664522,-0.6873222,-0.6684575,-0.7291639,0.3288036,-0.30171657,0.049166925,-0.31035605,-0.25459713,0.33710903,0.5960728,0.42824957,0.2770092,0.5475263,0.6004963,0.17118543,0.43366054,0.14236067,0.049813442,0.09057198,0.17450571,-0.056335818,-0.6588217,-0.6955079,-0.6282103,-0.57921034,-0.39362603,-0.53557813,-0.51802284,-0.2781152,0.10733725,-0.0407027,0.07265933,0.6565105,-0.19139262,-0.013632823,0.6956732,-0.6902385,-0.4470281,-0.58698153,-0.08560337,0.5648427,-0.41322818,0.082892224,-0.41049695,0.21383384,-0.29480982,-0.4075294,0.2153774,0.49954104,-0.47312856,0.56289995,0.7567921,-0.6310666,0.1709587,-0.57611775,-0.7664612,-0.66904455,-0.61018264,-0.19738601,0.19581291,0.53274757,0.26546767,0.21060345
0.16737998,-0.24706638,-0.2831161,-0.35944957,-0.4105318,-0.29931247,-0.17984962,-0.4663145,-0.24540278,0.43108642,0.02321672,0.6863036,0.5952698,0.7499221,0.78043455,0.4096107,0.81871974,0.0033663933,0.80097747,-0.053533874,0.88950837,-0.056645557,-0.07804602,0.5305542,0.5117,0.08389529,-0.11824379,-0.08683239,0.68663704,0.09204818,-0.168726,0.441445,0.091325566,0.6130802,-0.0905657,-0.23240444,0.2725126,0.42037526,0.48807505,0.44694084,-0.08210806,0.23634626,-0.23381704,-0.27948833,-0.27562287,-0.3522802,-0.16493452,-0.24222386,-0.12345058,-0.16793552,-0.2760191,-0.35688162,0.3831975,-0.7276589,-0.4443419,-0.4042309,-0.33600312,-0.28353077,0.50376844,0.4640544,0.5592761,0.45288864,0.73225546,0.6728748,0.6483631,0.8052612,0.034828685,0.6845057,0.314756,-0.5283008,0.7577636,-0.10473272,-0.23849326,0.3650064,0.49139446,0.47285473,0.7856302,-0.2887782,-0.2281881,0.6377102,-0.16719766,-0.5558753,-0.40689543,-0.3180564,-0.5649786,-0.45513335,0.2633333,-0.40897116,-0.3612663,-0.35514653,-0.4589287,0.4776876,0.19154322,0.20689154,0.26530498,-0.49214873,-0.6467421,-0.5580752,-0.12973881,-0.26879525
0.1303058,-0.11747103,-0.18455575,-0.3053309,-0.09042144,0.10169615,0.52331215,0.41489986,0.563086,-0.63358617,0.23791197,-0.113232,-0.20432249,-0.38069803,-0.35280487,-0.3561005,-0.3702696,0.8481132,-0.38326576,0.54738617,-0.056645557,0.8829305,0.75976753,0.14409904,-0.7025318,0.297274,0.8273089,0.2028912,-0.3198407,-0.01599316,-0.11114573,-0.4374308,-0.38072044,0.41449058,0.58594275,0.6829303,-0.068499975,-0.744708,-0.7049777,-0.6765753,0.77204174,-0.5763805,0.56424785,0.1433517,0.17997545,0.7179786,0.8506223,0.81939805,0.41631225,0.56600636,0.46421665,0.048893504,0.358917,0.25502968,0.006547058,-0.032255262,0.040602587,-0.17167023,-0.6711283,-0.5436386,-0.5791663,-0.3180865,-0.45497862,-0.53113496,-0.42792785,-0.4368111,-0.2431607,-0.2531012,-0.29365999,0.49651057,-0.420863,-0.2522238,0.40166235,-0.6805153,-0.6834074,-0.75747,-0.36648804,0.22580363,-0.06740613,-0.10793772,-0.5225348,0.45792252,0.05241386,-0.3751619,0.08822414,0.27182648,-0.7389219,0.56829834,0.43927774,-0.40257704,0.47625464,-0.72118896,-0.52003294,-0.5716202,-0.64113283,0.16432774,0.37809223,0.592885,0.30837524,0.40137243
-0.18839906,-0.057923004,-0.24904382,-0.3845931,-0.0285302,0.040427,0.33193913,0.380319,0.644758,-0.6962292,-0.123056024,-0.31287265,0.02928044,-0.2587596,-0.24720311,-0.60591125,-0.29707998,0.7695824,-0.39279684,0.79601896,-0.07804602,0.75976753,0.91199666,0.2518808,-0.7186562,0.056785643,0.7056648,0.50247693,-0.14159873,0.29989648,-0.37820315,-0.6688503,-0.69828683,0.51986766,0.77714324,0.7685304,-0.00095621916,-0.80460733,-0.7825928,-0.80087876,0.55390656,-0.42817223,0.29853374,-0.14455086,-0.09147756,0.55894566,0.7691698,0.6583333,0.29238796,0.553301,0.5584451,0.16204286,0.39973235,0.22492352,0.060614176,0.0033750122,0.1465509,-0.122685455,-0.75835025,-0.74895966,-0.7121552,-0.5664204,-0.48460087,-0.6275042,-0.5913916,-0.40110356,-0.10249302,-0.16794091,-0.078479975,0.6687789,-0.3239296,-0.054758713,0.67815524,-0.8007386,-0.6049652,-0.7485613,-0.23519517,0.5329851,-0.31090504,0.0014558396,-0.45769864,0.35531884,-0.17558077,-0.40637267,0.22077134,0.508386,-0.6588398,0.6903994,0.67168975,-0.61622906,0.3470147,-0.72540784,-0.78230834,-0.6610761,-0.6451111,-0.0527483,0.33064842,0.61627054,0.21820597,0.24626654
-0.2642183,-0.45174772,-0.56789964,-0.63497335,-0.54296285,-0.47254562,-0.18173605,-0.38675517,-0.09593042,0.22655067,-0.24137741,0.3761675,0.60556436,0.51491654,0.5076051,-0.038347002,0.5245574,0.14153898,0.44268537,0.30802852,0.5305542,0.14409904,0.2518808,0.86403394,0.2067058,-0.22029968,0.06287917,0.35617694,0.63968843,0.37876695,-0.4838718,-0.09019306,-0.30969822,0.63155246,0.42092615,0.0070595536,0.46078867,0.06736758,0.08958525,0.106081605,-0.02225906,0.20973825,-0.25078684,-0.43730736,-0.4495625,-0.19251454,0.07101659,-0.09306312,-0.23999608,-0.03535884,-0.041715015,-0.36278915,0.16638146,-0.5989899,-0.5413682,-0.46965626,-0.35824054,-0.4804856,0.08911473,-0.062463358,0.07455887,-0.0063316203,0.29368347,0.14394051,0.10516365,0.41090268,0.09455585,0.5923995,0.62784547,-0.0155883655,0.4670511,0.18256167,0.19448653,0.067659244,0.35319608,0.14653566,0.5901405,0.2200771,-0.49189556,0.4621362,0.108784504,-0.24233632,-0.5461957,-0.06065608,-0.032266505,0.10541638,0.20296986,0.06381342,0.016441192,-0.32387966,-0.16150081,0.15133797,-0.20499897,0.056790665,0.1420623,-0.4987278,-0.29091945,-0.12360385,-0.21458544,-0.2557793
-0.004748848,-0.008103786,0.07129547,0.0651419,-0.13837987,-0.24492957,-0.6025051,-0.58331704,-0.7273624,0.87600917,-0.1844404,0.5575686,0.50101805,0.71304476,0.66492283,0.5956334,0.7187953,-0.7154425,0.7141259,-0.59205985,0.5117,-0.7025318,-0.7186562,0.2067058,0.9672692,-0.07212928,-0.77690196,-0.2319909,0.58183765,0.05892052,0.038373,0.65941894,0.4678678,-0.011645705,-0.5833827,-0.7954206,0.123049214,0.9373675,0.9381423,0.89523077,-0.69050723,0.7236353,-0.5406862,-0.26600802,-0.2637083,-0.8270463,-0.8313817,-0.8180337,-0.5238481,-0.69634515,-0.66708404,-0.20308256,-0.12601174,-0.6209329,-0.23198813,-0.21508023,-0.19799745,-0.0068984856,0.92137325,0.7880573,0.8745522,0.6072249,0.7556726,0.80911374,0.7259508,0.758641,0.2726734,0.6408533,0.47060448,-0.7531059,0.7672544,0.29790744,-0.5004645,0.87087464,0.91324604,0.958345,0.7049565,-0.39123228,-0.03847096,0.33337423,0.44872656,-0.7400613,-0.24677554,0.29314357,-0.40427488,-0.4797981,0.7521041,-0.7445888,-0.6378194,0.20407689,-0.69351315,0.91526437,0.6538626,0.765188,0.8169948,-0.40171453,-0.71015954,-0.86988187,-0.41266817,-0.58702165
0.5939138,0.37947172,0.54486716,0.34834266,0.3536886,0.5877017,0.31685206,0.5396657,0.21538386,-0.03715187,0.4552185,0.24635626,-0.2356858,-0.17243424,-0.24986312,0.4148707,-0.1707787,0.31902117,-0.16140491,-0.117170714,0.08389529,0.297274,0.056785643,-0.22029968,-0.07212928,0.8898375,0.13825357,-0.43944472,-0.4710899,-0.43712968,0.51714844,0.24925154,0.38375407,0.12406432,-0.33588588,0.18457782,-0.5791975,-0.0149739515,0.018022515,-0.00519258,0.32606936,-0.15230808,0.5663059,0.38599512,0.5575671,0.15671334,0.15357453,0.25854284,0.34005314,0.14237629,0.055058654,0.32411772,0.47632426,0.26688173,0.36676872,0.38357532,0.37184185,0.40191543,0.042632207,0.25277606,0.17323925,0.46598464,-0.032078862,0.047413357,0.17519745,-0.14024444,0.19263394,0.01564953,-0.44357067,-0.09729286,-0.111577295,-0.09275505,-0.15205239,0.031554956,-0.2002795,-0.107805625,-0.22057593,-0.41626567,0.4923698,-0.36336675,-0.46034735,-0.058389813,0.46311542,-0.10807413,-0.44745946,-0.28797728,-0.46517155,-0.2520436,0.025136221,-0.07360815,-0.008561678,-0.12051752,0.350654,-0.04499639,-0.14624235,0.30656195,-0.10056962,-0.10150097,0.3742327,0.22721341
0.1624515,-0.30974513,-0.35261482,-0.36387038,-0.22336403,-0.024163134,0.63334423,0.29191685,0.5575954,-0.71168995,0.33868486,-0.15756604,-0.356182,-0.48115352,-0.38145193,-0.39889282,-0.4214074,0.83005136,-0.3657475,0.49473712,-0.11824379,0.8273089,0.7056648,0.06287917,-0.77690196,0.13825357,0.9513367,0.16089296,-0.32796907,-0.10008897,-0.09778922,-0.4023023,-0.34914786,0.26112387,0.60367,0.65792894,0.11971784,-0.7896151,-0.75447845,-0.68112904,0.87927985,-0.7593127,0.5727458,0.2554691,0.19338225,0.87451744,0.92852926,0.9188708,0.5079893,0.65093786,0.48652178,-0.14118597,0.15491816,0.25215167,-0.13229993,-0.13954481,-0.15379459,-0.33005434,-0.7164944,-0.5681829,-0.6446807,-0.40109324,-0.46937025,-0.52761304,-0.42805117,-0.4483724,-0.4842252,-0.43130332,-0.39335382,0.47930247,-0.52541095,-0.46531457,0.2807064,-0.71803486,-0.78721416,-0.8243122,-0.4414209,0.17691448,-0.049345054,-0.005848507,-0.49631697,0.6482444,0.08655664,-0.43417752,0.15659796,0.22510561,-0.68297076,0.6457453,0.33723557,-0.24655648,0.65883476,-0.74586105,-0.5489428,-0.62436867,-0.70197344,0.25084493,0.51529133,0.6977136,0.33790213,0.5547427
-0.76835203,-0.10917091,-0.34106708,-0.42806435,-0.08894884,-0.4106991,-0.36986047,-0.1100764,0.016107729,-0.27998868,-0.5820085,-0.34595725,0.41915226,0.12661456,0.09005725,-0.7506151,0.00019007036,0.10699599,-0.108486935,0.47928,-0.08683239,0.2028912,0.50247693,0.35617694,-0.2319909,-0.43944472,0.16089296,0.919413,0.23729762,0.80201334,-0.5937258,-0.640608,-0.730427,0.28459346,0.7179222,0.16984361,0.14878452,-0.35834953,-0.40753573,-0.41548514,-0.08900902,0.18588111,-0.23212308,-0.5057637,-0.44179356,0.037696905,0.18526447,0.08939591,-0.4207141,-0.10756026,0.077692345,0.1003085,-0.06283523,-0.03988094,-0.02849702,-0.28291923,0.026946347,-0.22602308,-0.39685583,-0.6260822,-0.4853222,-0.60993123,-0.22942589,-0.41591138,-0.5699072,-0.12531567,-0.117707804,0.023025468,0.4027421,0.46090418,-0.030580372,0.43198043,0.71200776,-0.44750473,-0.07060612,-0.2605275,0.08570962,0.80198216,-0.49833816,0.10483253,0.24227166,0.03614565,-0.40157825,0.060334004,0.4863987,0.6886528,-0.050521817,0.59286726,0.38123935,-0.4193194,0.06909397,-0.28215837,-0.69607306,-0.1729365,-0.03983098,-0.29936045,0.18289125,0.29927152,-0.42697883,-0.37332743
-0.27673987,-0.37497526,-0.5078782,-0.52882755,-0.51325417,-0.58219874,-0.4628548,-0.7418963,-0.39470676,0.4869629,-0.41518086,0.4293599,0.76358485,0.8321583,0.86502695,0.1199384,0.85636336,-0.27817354,0.7864789,0.02349275,0.68663704,-0.3198407,-0.14159873,0.63968843,0.58183765,-0.4710899,-0.32796907,0.23729762,0.95028055,0.41366667,-0.5205036,0.2266087,-0.17244524,0.45580202,0.083822906,-0.36071503,0.52653533,0.45354298,0.48559433,0.45917058,-0.40686214,0.4529103,-0.67689884,-0.5974313,-0.68291736,-0.5427878,-0.3523289,-0.49062192,-0.4118449,-0.3201804,-0.30797857,-0.4240347,0.02914847,-0.8270178,-0.5463932,-0.51842105,-0.44542304,-0.41290334,0.4782996,0.27743793,0.43396187,0.115510136,0.6593356,0.56470764,0.44574144,0.8114478,0.05191022,0.66682494,0.63697314,-0.4225282,0.7901303,0.10852264,-0.09072086,0.37612057,0.65380573,0.5607481,0.8748605,0.031812727,-0.55987096,0.7744289,0.2129668,-0.5665839,-0.7209785,-0.14555818,-0.24239144,-0.19890934,0.56836694,-0.2630637,-0.3118574,-0.26383454,-0.5035266,0.5591987,-0.0011922437,0.28427315,0.43362665,-0.72234076,-0.5959045,-0.5098072,-0.38098472,-0.47477424
-0.8101542,0.044902325,-0.22830552,-0.30804324,0.00961078,-0.43277955,-0.6082921,-0.22061706,-0.17349029,-0.037420347,-0.68489134,-0.21136142,0.64965945,0.4060513,0.33553213,-0.5686367,0.25950664,-0.10160355,0.1232388,0.35020608,0.09204818,-0.01599316,0.29989648,0.37876695,0.05892052,-0.43712968,-0.10008897,0.80201334,0.41366667,0.90752065,-0.5967953,-0.46771222,-0.62410426,0.3541406,0.519629,-0.03310448,0.0602592,-0.09093977,-0.14021078,-0.17008404,-0.33487487,0.43589368,-0.40563837,-0.65387017,-0.52838963,-0.25316095,-0.092382886,-0.17823493,-0.61738783,-0.3422832,-0.12639737,0.18107969,0.03908537,-0.19319898,0.035140485,-0.29301313,0.10569583,-0.070623316,-0.12145935,-0.37961605,-0.21617171,-0.40789315,0.02365428,-0.15621448,-0.34268945,0.13576269,0.019870922,0.24907187,0.5290416,0.24492116,0.25134397,0.54736686,0.6181312,-0.20019436,0.20150515,0.034876905,0.34507352,0.71841216,-0.5220655,0.19530255,0.3119827,-0.26959813,-0.48322788,0.09452303,0.31961563,0.55557376,0.12548044,0.3294978,0.25094798,-0.4606223,-0.21504703,-0.03122443,-0.50933504,0.010618481,0.18845797,-0.46192297,-0.08003366,-0.011170792,-0.57792175,-0.6301693
0.5504491,0.1784905,0.48302138,0.5198882,0.23792306,0.4504301,0.26454663,0.29095337,-0.039693557,0.103864335,0.65969175,0.15119433,-0.5473011,-0.3376798,-0.33132255,0.44991958,-0.2644408,-0.09479513,-0.13772136,-0.47172752,-0.168726,-0.11114573,-0.37820315,-0.4838718,0.038373,0.51714844,-0.09778922,-0.5937258,-0.5205036,-0.5967953,0.9526889,0.43083352,0.69274575,-0.4551094,-0.5829046,-0.13520159,-0.34644312,0.17601106,0.17559235,0.17352916,0.121639326,-0.14707659,0.5032282,0.77389276,0.8264222,0.10977678,-0.12743893,0.040967606,0.2874604,-0.0015515017,-0.08122036,0.04899261,-0.07768281,0.33882987,0.21864566,0.32206437,0.10028302,0.27042103,0.19118729,0.38333225,0.22862357,0.51865673,0.016056553,0.13877773,0.20936179,-0.18160272,0.016153613,-0.22547355,-0.46383223,-0.18564883,-0.23438454,-0.17448989,-0.42885292,0.2045997,-0.1072302,0.056591503,-0.34987003,-0.48815078,0.9196727,-0.38729936,-0.06376904,0.18527594,0.8288518,0.23911038,-0.13428533,-0.31921387,-0.03893682,-0.2887557,-0.24741924,0.44832885,0.18897624,0.0796648,0.57178843,0.19085123,-0.008123562,0.727489,0.17891267,-0.047880217,0.27940226,0.32667005
0.5312163,-0.09180406,0.1294291,0.1635859,-0.17763075,0.0030901805,-0.06096524,-0.3775818,-0.4681732,0.62225854,0.38243842,0.64334315,0.012666925,0.35963762,0.4013875,0.7654148,0.47187608,-0.38752347,0.58232534,-0.67324823,0.441445,-0.4374308,-0.6688503,-0.09019306,0.65941894,0.24925154,-0.4023023,-0.640608,0.2266087,-0.46771222,0.43083352,0.87787133,0.713915,-0.14241204,-0.7190825,-0.5809134,0.07008605,0.7094412,0.75972044,0.7537739,-0.19661468,0.21218392,-0.077415176,0.25818285,0.17334965,-0.36747652,-0.48489445,-0.39296454,-0.00096302293,-0.3078708,-0.4583248,-0.32674158,-0.054925088,-0.400289,-0.23415932,-0.08804663,-0.2977131,-0.03288963,0.76679075,0.8434814,0.7981349,0.7533214,0.6483346,0.7773725,0.822062,0.58922845,-0.012731136,0.30093962,-0.080667384,-0.8093138,0.4572538,-0.25337812,-0.8053833,0.7200854,0.48714736,0.6518458,0.3767445,-0.7803931,0.33134234,0.23893353,0.03731732,-0.37749302,0.13866207,0.00087714195,-0.5955787,-0.7945719,0.4319492,-0.72126293,-0.74455565,0.34990424,-0.3299572,0.6729934,0.77097464,0.5262246,0.45086086,0.014922763,-0.4854341,-0.6621604,0.0024217856,-0.056806892
0.53016466,0.030487496,0.31783065,0.43484357,0.023442356,0.17632887,0.053076252,-0.08607517,-0.39714146,0.51469725,0.58694386,0.44504336,-0.31555128,-0.0071368674,0.0056809746,0.7407863,0.09739062,-0.366742,0.23756728,-0.74260783,0.091325566,-0.38072044,-0.69828683,-0.30969822,0.4678678,0.38375407,-0.34914786,-0.730427,-0.17244524,-0.62410426,0.69274575,0.713915,0.9247114,-0.4055233,-0.78304696,-0.505717,-0.14032719,0.58698493,0.5998747,0.6162978,-0.10348779,0.08952673,0.21334678,0.5265523,0.51702374,-0.19280356,-0.42308754,-0.26906124,0.05012074,-0.27534437,-0.41016048,-0.1819221,-0.19024962,-0.035314076,-0.046535894,0.064186335,-0.12802877,0.1261532,0.60234797,0.7506853,0.6334139,0.748042,0.3683225,0.52857304,0.5844738,0.20646977,0.01371198,0.05650861,-0.20193113,-0.5580259,0.11866288,-0.14686747,-0.7159556,0.6344657,0.29885468,0.4782595,0.0024415343,-0.695127,0.6275753,-0.16800402,0.15048964,-0.09833938,0.5164019,0.3167293,-0.30543765,-0.57279104,0.2977641,-0.6180577,-0.60431695,0.59092176,-0.080711156,0.4747025,0.86096454,0.5014686,0.35053784,0.39526576,-0.13947809,-0.42273018,0.050670873,0.071109265
-0.07242963,-0.13099144,-0.30678868,-0.47776818,-0.23476017,-0.18309006,-0.024838302,-0.060458194,0.19005638,-0.03567683,-0.18011776,0.32703108,0.5907931,0.4737686,0.4591344,-0.06487313,0.4503444,0.45083767,0.32630467,0.51162434,0.6130802,0.41449058,0.51986766,0.63155246,-0.011645705,0.12406432,0.26112387,0.28459346,0.45580202,0.3541406,-0.4551094,-0.14241204,-0.4055233,0.9084133,0.42526948,0.3029445,0.10068396,-0.1459101,-0.09082167,-0.13095431,0.18320526,0.039818868,-0.06402197,-0.45188496,-0.3487114,-0.029752266,0.2959482,0.15390548,-0.021275181,0.14163885,0.13789693,-0.054587267,0.603879,-0.40008235,-0.21474724,-0.25814515,-0.04301162,-0.19126788,-0.07477717,-0.1280936,0.008384455,-0.002687391,0.23958129,0.09135306,0.083409235,0.35987234,0.1302931,0.5276513,0.3041266,0.046224475,0.43542737,0.042399094,0.31933364,-0.17526577,0.096798345,-0.061634824,0.50110614,0.1667501,-0.44622663,0.420936,-0.36065793,-0.3116379,-0.4945091,-0.41877633,-0.27959454,0.045037404,-0.20550829,0.06411931,0.22051053,-0.7147903,-0.227233,-0.06446343,-0.32552707,-0.25058448,-0.14067374,-0.52498007,-0.3648765,-0.0926101,-0.007926743,-0.15470183
-0.47558886,-0.3215825,-0.54636097,-0.60294616,-0.2778058,-0.35246795,0.10383195,0.036402207,0.36223853,-0.5616429,-0.28331605,-0.31664646,0.15550637,-0.13711923,-0.101862654,-0.74560034,-0.17738909,0.54511803,-0.24282247,0.6989419,-0.0905657,0.58594275,0.77714324,0.42092615,-0.5833827,-0.33588588,0.60367,0.7179222,0.083822906,0.519629,-0.5829046,-0.7190825,-0.78304696,0.42526948,0.9392071,0.5273332,0.29341272,-0.70140266,-0.7066362,-0.6749667,0.39301997,-0.28325218,0.06547813,-0.29566547,-0.3181131,0.45505106,0.6436814,0.5168903,0.010060539,0.34325904,0.37950647,-0.07362147,0.06612505,0.032178976,-0.19311482,-0.30405948,-0.12479699,-0.41262814,-0.69338757,-0.7938615,-0.7198545,-0.69411635,-0.4088735,-0.5889276,-0.63872486,-0.29759943,-0.28188717,-0.13213205,0.1838395,0.62364066,-0.26015624,0.050238192,0.6773869,-0.7060837,-0.4388927,-0.6270658,-0.10799455,0.6934819,-0.49975386,0.15110269,-0.09884222,0.37206766,-0.347561,-0.21508771,0.4401418,0.61793345,-0.36363602,0.78153443,0.5075606,-0.4649536,0.38282198,-0.60162425,-0.84635746,-0.49125987,-0.44209528,-0.16446158,0.37479436,0.6110848,-0.076519735,0.0627002
