0,1,2,3,4,5,6,7,8,9,10,11,12,13,14,15,16,17,18,19,20,21,22,23,24,25,26,27,28,29,30,31,32,33,34,35,36,37,38,39,40,41,42,43,44,45,46,47,48,49,50,51,52,53,54,55,56,57,58,59,60,61,62,63,64,65,66,67,68,69,70,71,72,73,74,75,76,77,78,79,80,81,82,83,84,85,86,87,88,89,90,91,92,93,94,95,96,97,98,99
0.9334251,0.6616348,0.8511776,0.11689344,0.5600906,0.757035,0.8360376,0.70896924,0.7362641,0.77544487,0.70797,0.6905672,-0.39487702,-0.7916607,-0.75647867,0.4065499,-0.8016634,-0.6282052,-0.8103345,-0.7102822,-0.8114434,-0.70890933,-0.79543287,0.508798,0.76548004,0.51589847,-0.80370986,-0.85769284,-0.7487305,-0.7681987,-0.7386327,-0.4457968,-0.6669133,-0.7896652,-0.8483408,0.6844991,-0.8118293,0.63326263,0.647895,0.75452554,0.43969795,0.51673704,-0.46604136,-0.7944653,-0.77234346,-0.7250517,-0.7182471,-0.8068696,0.73630774,0.59924585,-0.35328645,0.84124124,0.7442411,0.6553811,0.78251696,0.79862577,0.6937497,0.7481796,0.7474208,0.6857716,0.6581185,-0.5220548,-0.70040226,-0.75922513,-0.78024787,-0.73259676,0.7893524,-0.8291755,-0.8784505,-0.7267132,-0.8013462,-0.84597355,-0.77312124,0.79307544,0.23496214,0.71701336,-0.7680998,-0.7764059,-0.7043675,-0.31420225,-0.79595757,-0.41750234,-0.8325355,-0.81558686,-0.8086299,-0.7382514,-0.774089,-0.8612031,0.5337319,0.6998833,-0.37245023,0.7412174,0.7481942,0.34771127,-0.2772807,-0.7843592,-0.7010319,-0.7698541,0.78904283,0.655259
0.6616348,0.87596905,0.74733675,0.5615236,0.81850123,0.6697286,0.51680017,0.72670615,0.6087651,0.36465496,0.39704266,0.3929137,-0.11265327,-0.40802315,-0.41054302,0.5572927,-0.4461097,-0.23255147,-0.40194917,-0.26841947,-0.39964002,-0.3711362,-0.44695044,0.22485471,0.4729127,0.2811799,-0.483247,-0.53588337,-0.33098888,-0.46401957,-0.44306725,-0.30577156,-0.4283291,-0.44642216,-0.6356466,0.45854408,-0.5413771,0.15756513,0.17624372,0.3112964,0.13031694,0.106606185,-0.54445463,-0.55567706,-0.4944728,-0.5350502,-0.55754393,-0.47970307,0.61419404,0.20443285,-0.083428,0.81707287,0.62033606,0.8385145,0.71000916,0.6943157,0.7445016,0.65236044,0.39531726,0.39901033,0.36197755,-0.21268213,-0.39215556,-0.3863286,-0.40040225,-0.39603674,0.3737167,-0.4198572,-0.47180066,-0.3278189,-0.40410292,-0.46740067,-0.41392124,0.37441415,0.18678722,0.43488845,-0.34402132,-0.46582532,-0.43680274,-0.23000064,-0.45016056,-0.46914184,-0.5548689,-0.61828876,-0.41995937,-0.5008767,-0.5226084,-0.51658595,0.37422934,0.33846694,-0.34648192,0.292024,0.29594234,-0.090346634,-0.45799515,-0.52106607,-0.51176655,-0.4484213,0.6490315,0.25373834
0.8511776,0.74733675,0.9434794,0.18095784,0.7011,0.8956121,0.6992401,0.8353327,0.86379814,0.67554057,0.7150356,0.6949044,-0.30218858,-0.68770933,-0.7020838,0.33150935,-0.6002387,-0.38693458,-0.61047393,-0.54769874,-0.70777273,-0.5176413,-0.74436206,0.4999907,0.75217843,0.57197917,-0.7502254,-0.8003604,-0.6128758,-0.74713117,-0.73187625,-0.5973281,-0.7271508,-0.6078487,-0.81547344,0.7541491,-0.7238842,0.37882322,0.41134876,0.5763392,0.43918103,0.34543324,-0.59043217,-0.7468823,-0.73075354,-0.78006136,-0.7847327,-0.75897056,0.8453008,0.52123106,-0.43322402,0.8675804,0.6268456,0.7143251,0.9079734,0.9086672,0.7924217,0.8729967,0.7007334,0.7097199,0.6654616,-0.4391023,-0.68397295,-0.6813387,-0.68339205,-0.69338447,0.64392173,-0.6411127,-0.70022345,-0.50848484,-0.7131605,-0.666703,-0.71675324,0.6386758,0.37754655,0.72434926,-0.63141906,-0.75228137,-0.7306729,-0.5089954,-0.6242866,-0.37094873,-0.79720795,-0.80901223,-0.7092298,-0.77832556,-0.7000809,-0.78680134,0.63432264,0.6277764,-0.5769949,0.51355106,0.577324,0.10572697,-0.41394427,-0.77265656,-0.76618063,-0.7441714,0.87746084,0.56411767
0.11689344,0.5615236,0.18095784,0.8741107,0.591707,0.11864885,0.04024824,0.24564129,0.021399364,-0.2272743,-0.20945504,-0.18570551,0.16590181,0.15677431,0.17212306,0.61279047,-0.034538735,0.08127245,0.06242587,0.23285085,0.20366448,-0.008994436,0.1628052,-0.2193166,-0.117005564,-0.23824896,0.105490774,0.0737506,0.21389645,0.13343506,0.17779157,0.24953699,0.1911442,-0.01974881,-0.10227544,-0.14282553,-0.058081698,-0.17549932,-0.20816255,-0.19133075,-0.32382086,-0.21905547,-0.22633973,-0.039148584,0.06026151,0.038339913,-0.0038675312,0.12748706,0.060672488,-0.29683134,0.4387828,0.3592763,0.34926212,0.58479065,0.16618067,0.13655064,0.33312196,0.08496776,-0.18582708,-0.20391902,-0.20962301,0.16952553,0.18231353,0.19320561,0.16500494,0.18591356,-0.1684447,0.07165149,0.056259103,0.064084746,0.20871577,0.011991297,0.18646747,-0.17136003,-0.10701516,-0.1700274,0.21685135,0.13614102,0.18538672,0.27603927,-0.023814242,-0.367284,0.04216846,-0.0815741,0.16831662,0.09659952,-0.052670125,0.093896456,-0.124825746,-0.21320859,0.13298413,-0.11642621,-0.2318701,-0.2309842,-0.28584296,0.06696636,0.057614237,0.16026853,0.07273053,-0.2728214
0.5600906,0.81850123,0.7011,0.591707,0.8686019,0.66422653,0.3786168,0.6900461,0.59290785,0.23125017,0.32664162,0.3089323,-0.042203747,-0.2767122,-0.28953895,0.48072052,-0.33589268,-0.09739016,-0.26203954,-0.10456422,-0.26547125,-0.2683537,-0.32220852,0.13586439,0.37889302,0.21225224,-0.34874663,-0.4171856,-0.17306906,-0.3562118,-0.3173951,-0.26693025,-0.3582065,-0.32783478,-0.5622425,0.41653568,-0.43475932,0.0014064563,0.009366794,0.15111054,0.05288474,-0.020391457,-0.56626034,-0.43690473,-0.36240628,-0.4685256,-0.5060633,-0.350528,0.61424446,0.117707536,-0.014487976,0.7456787,0.49144223,0.79203296,0.6879584,0.67999226,0.70812684,0.626702,0.29494822,0.32253146,0.271217,-0.12012628,-0.2977356,-0.26802683,-0.27547193,-0.28439707,0.22588229,-0.28993562,-0.34895873,-0.20374133,-0.26941603,-0.35534817,-0.29452813,0.213252,0.16590348,0.3330331,-0.18943508,-0.3605548,-0.3277604,-0.21422747,-0.35701227,-0.47548908,-0.4459717,-0.56864595,-0.27828455,-0.42895812,-0.4142483,-0.3846342,0.35421193,0.21844342,-0.32850435,0.13117738,0.13196726,-0.1986481,-0.51613104,-0.40407658,-0.45405245,-0.3341927,0.6312112,0.1508054
0.757035,0.6697286,0.8956121,0.11864885,0.66422653,0.9313564,0.5545901,0.76834375,0.8585941,0.5523057,0.64831984,0.6114365,-0.21762842,-0.5664025,-0.5873199,0.1797551,-0.51326644,-0.295278,-0.49630457,-0.4283762,-0.59434086,-0.452177,-0.63020647,0.39990512,0.6526023,0.5048824,-0.62428445,-0.6923603,-0.49656743,-0.64036435,-0.6248587,-0.60965085,-0.6591879,-0.5182911,-0.7378551,0.7180573,-0.61438805,0.23661482,0.2711906,0.43246675,0.37320387,0.22336194,-0.5861647,-0.6303921,-0.61258805,-0.6981225,-0.7148867,-0.6374609,0.86424065,0.44727376,-0.3951377,0.7755046,0.47000006,0.61546564,0.9186206,0.91789114,0.7103238,0.8449274,0.60739446,0.63892627,0.58306754,-0.34447554,-0.58490044,-0.5707283,-0.5685815,-0.5826974,0.5085517,-0.53408515,-0.59856135,-0.4185452,-0.5980227,-0.5766736,-0.6052904,0.5029509,0.33185506,0.63335896,-0.5101359,-0.6461407,-0.6350713,-0.5373714,-0.5483273,-0.35009474,-0.6901753,-0.7435689,-0.58201045,-0.6951325,-0.58671474,-0.666559,0.601187,0.5152168,-0.57166505,0.36654246,0.44483942,0.007764565,-0.4337955,-0.6657305,-0.6902759,-0.63362455,0.8706436,0.47671777
0.8360376,0.51680017,0.6992401,0.04024824,0.3786168,0.5545901,0.899325,0.6241619,0.58782613,0.8387282,0.6881293,0.70033,-0.4531402,-0.8329963,-0.8045292,0.47404054,-0.6814828,-0.5790318,-0.7814176,-0.7489089,-0.8370504,-0.5757805,-0.836425,0.6094701,0.78688824,0.5700645,-0.8491825,-0.8297695,-0.777593,-0.8005193,-0.7899536,-0.3919348,-0.66932744,-0.68264717,-0.7184723,0.62668407,-0.74508387,0.72547305,0.7631223,0.8622463,0.52896696,0.60576695,-0.30672824,-0.7666889,-0.790648,-0.71777225,-0.6682497,-0.8465714,0.53079295,0.62708974,-0.42348564,0.7266103,0.76271987,0.5612849,0.5911731,0.59032845,0.6147804,0.6216361,0.7595234,0.70041084,0.6938565,-0.56539845,-0.73874414,-0.7965526,-0.8153918,-0.784076,0.8783901,-0.7755627,-0.79394186,-0.6482105,-0.8370901,-0.73171276,-0.8193886,0.8863258,0.31273144,0.7603551,-0.79750067,-0.8016827,-0.7483245,-0.27545425,-0.6430443,-0.1925733,-0.80285084,-0.67909205,-0.8593521,-0.7331116,-0.7247133,-0.86254406,0.50321114,0.783429,-0.35157174,0.81938666,0.8480257,0.4382729,-0.10064196,-0.7836356,-0.6901945,-0.81143844,0.61098343,0.6895385
0.70896924,0.72670615,0.8353327,0.24564129,0.6900461,0.76834375,0.6241619,0.9057003,0.81943035,0.5951723,0.68347764,0.6688272,-0.31858814,-0.6035088,-0.6528511,0.38321766,-0.36683768,-0.13986728,-0.4263479,-0.3769642,-0.5967337,-0.26524955,-0.67689645,0.5356413,0.7306279,0.6242515,-0.68674576,-0.71137244,-0.4670497,-0.7165193,-0.69590366,-0.56308746,-0.7255063,-0.37811822,-0.72058386,0.7370405,-0.6234491,0.21563402,0.26850703,0.47116265,0.4420204,0.2760035,-0.6307851,-0.67249477,-0.6736835,-0.79954815,-0.80290747,-0.7051233,0.7362727,0.47110593,-0.42974785,0.79429674,0.57106346,0.70812786,0.78181684,0.7783208,0.8638016,0.85256267,0.638005,0.70156324,0.6498219,-0.4312135,-0.6864258,-0.6236564,-0.60836077,-0.6596551,0.55252993,-0.45545927,-0.49615029,-0.26716736,-0.61567986,-0.4454518,-0.6636288,0.5381976,0.51485837,0.7214565,-0.49440652,-0.7197432,-0.7121847,-0.5154953,-0.4050057,-0.2562464,-0.736693,-0.7470252,-0.6242009,-0.7829249,-0.6061591,-0.6993238,0.68287957,0.60532236,-0.6403326,0.3780004,0.45588794,-0.014183142,-0.45466977,-0.72909284,-0.7925308,-0.7100606,0.77107185,0.48950717
0.7362641,0.6087651,0.86379814,0.021399364,0.59290785,0.8585941,0.58782613,0.81943035,0.91831154,0.6393918,0.7603283,0.7239648,-0.29807463,-0.63610655,-0.6792476,0.14179258,-0.42663673,-0.20730548,-0.47487152,-0.43562734,-0.65456736,-0.3430091,-0.7146876,0.5539079,0.75228786,0.66156256,-0.69452333,-0.7301465,-0.52045715,-0.7378577,-0.71006346,-0.6780485,-0.7506993,-0.43128663,-0.7200887,0.8231869,-0.5973992,0.24476461,0.30070794,0.48742375,0.52866066,0.31405827,-0.57578325,-0.6396363,-0.65744865,-0.79855967,-0.79636526,-0.7176321,0.84362394,0.56291455,-0.52554595,0.73531115,0.4516375,0.56545126,0.851413,0.86111605,0.7512224,0.9005543,0.6986481,0.7640841,0.7071626,-0.42381752,-0.70305204,-0.6628276,-0.644595,-0.68704355,0.5750166,-0.5156486,-0.560888,-0.33989727,-0.6702858,-0.51256263,-0.7016767,0.5596155,0.5036632,0.7527441,-0.5413954,-0.7419145,-0.72998536,-0.62703836,-0.46642756,-0.19161776,-0.7307445,-0.7493116,-0.65138584,-0.80151117,-0.5714109,-0.7148193,0.74046415,0.6360041,-0.66962004,0.38711807,0.49638456,0.058209773,-0.3830954,-0.71963304,-0.7973881,-0.73491323,0.8609216,0.57684946
0.77544487,0.36465496,0.67554057,-0.2272743,0.23125017,0.5523057,0.8387282,0.5951723,0.6393918,0.9486144,0.84164274,0.8553221,-0.4608198,-0.88431436,-0.87592363,0.22862223,-0.5878562,-0.5165464,-0.755267,-0.7827906,-0.9072772,-0.48822254,-0.9113269,0.7786175,0.8872682,0.7541025,-0.8869123,-0.8283742,-0.8010186,-0.8687593,-0.853745,-0.53772175,-0.7585118,-0.5980667,-0.65652597,0.74028695,-0.65881896,0.7140262,0.77621794,0.8884946,0.710436,0.7164792,-0.22807416,-0.701406,-0.7844411,-0.7833204,-0.7090636,-0.903713,0.55851245,0.76347494,-0.6215854,0.6211229,0.610096,0.38902807,0.56894356,0.58037543,0.54943293,0.64845824,0.8938416,0.8556503,0.85845625,-0.5778853,-0.8207607,-0.8773554,-0.8732462,-0.8706678,0.9105449,-0.75397974,-0.75797784,-0.5897599,-0.9141712,-0.6691484,-0.909387,0.91635096,0.49771926,0.885615,-0.82562494,-0.86696875,-0.8257232,-0.44334874,-0.5534636,0.03489311,-0.7948545,-0.6405902,-0.90903616,-0.8167743,-0.6290804,-0.871457,0.636675,0.8893877,-0.47022128,0.8015088,0.8901472,0.5374161,0.04074435,-0.7850814,-0.7652645,-0.8996068,0.62640643,0.8025105
0.70797,0.39704266,0.7150356,-0.20945504,0.32664162,0.64831984,0.6881293,0.68347764,0.7603283,0.84164274,0.9098874,0.88870275,-0.38621503,-0.7879241,-0.82076335,0.09816427,-0.42112067,-0.29390335,-0.5814645,-0.6041353,-0.8114817,-0.3259099,-0.8550775,0.7946075,0.88600457,0.8378467,-0.80990946,-0.76385766,-0.66166115,-0.8450308,-0.8161764,-0.66272295,-0.7869966,-0.43161744,-0.6203562,0.844398,-0.5531545,0.45888314,0.53248405,0.6930628,0.75740993,0.59389555,-0.32906812,-0.6182475,-0.7131356,-0.8250487,-0.7649903,-0.8396509,0.66782415,0.7593919,-0.68439263,0.6019852,0.46139276,0.39004594,0.64747095,0.6521188,0.6145091,0.7526668,0.8700095,0.9183161,0.8953487,-0.50976014,-0.8152498,-0.81695783,-0.79206896,-0.8314965,0.760852,-0.60430527,-0.6132334,-0.40280315,-0.82913196,-0.52539134,-0.85807127,0.7441469,0.6451445,0.9031154,-0.6876382,-0.842633,-0.82255197,-0.6188539,-0.4121951,0.107089296,-0.74609303,-0.6429641,-0.8067362,-0.8554996,-0.52547705,-0.7900942,0.778057,0.8425164,-0.6255317,0.5717552,0.7033377,0.36188734,-0.06447374,-0.746567,-0.8238609,-0.86971045,0.71298885,0.7671905
0.6905672,0.3929137,0.6949044,-0.18570551,0.3089323,0.6114365,0.70033,0.6688272,0.7239648,0.8553221,0.88870275,0.91542274,-0.38224155,-0.78525007,-0.8175708,0.13922718,-0.4096009,-0.3030698,-0.5816977,-0.62978494,-0.80908114,-0.31965947,-0.8519369,0.8107723,0.89517164,0.84340906,-0.8197778,-0.7619291,-0.6705413,-0.8365151,-0.8275464,-0.645438,-0.7889713,-0.4319437,-0.61623394,0.7988944,-0.5634974,0.47465682,0.5434681,0.705819,0.72973835,0.60836345,-0.31411782,-0.6281092,-0.7268866,-0.818025,-0.75707537,-0.84858644,0.6197251,0.7206548,-0.6820806,0.5950692,0.478864,0.39580363,0.6152108,0.62263,0.60422796,0.72117704,0.8841383,0.91474926,0.91025054,-0.50012827,-0.80531704,-0.81018096,-0.78443515,-0.8275343,0.76186574,-0.5947572,-0.6019708,-0.4028618,-0.82704234,-0.51258314,-0.8542871,0.75835216,0.6572107,0.91152775,-0.696723,-0.83404154,-0.82857776,-0.5936766,-0.3944505,0.104375534,-0.74833655,-0.6279757,-0.8122164,-0.8464267,-0.5315973,-0.7895472,0.7354993,0.8405434,-0.62331015,0.5797436,0.7135977,0.36688745,-0.045563787,-0.75064266,-0.81450224,-0.87119496,0.6667787,0.73208475
-0.39487702,-0.11265327,-0.30218858,0.16590181,-0.042203747,-0.21762842,-0.4531402,-0.31858814,-0.29807463,-0.4608198,-0.38621503,-0.38224155,0.8365201,0.49107248,0.50296044,-0.15152249,0.2525483,0.12737545,0.3525439,0.3029089,0.4441589,0.13068894,0.45413077,-0.3694002,-0.4532954,-0.39580277,0.43868417,0.445369,0.39418393,0.4887676,0.46729866,0.2011633,0.43183637,0.21274891,0.39260036,-0.40222526,0.38793355,-0.3520823,-0.34818032,-0.4455216,-0.34242094,-0.3292219,0.27441436,0.39647627,0.4365872,0.4577062,0.46437755,0.45071286,-0.22614793,-0.38523242,0.28593427,-0.27468938,-0.31155956,-0.14160612,-0.22483,-0.23990606,-0.32134256,-0.31495658,-0.4042133,-0.4009232,-0.37287197,0.7243311,0.6051914,0.5100368,0.514461,0.51154315,-0.45823646,0.37765276,0.34286088,0.18927348,0.45477813,0.28242272,0.47021773,-0.4582603,-0.22503716,-0.4672257,0.41681755,0.4963993,0.45568445,0.17750157,0.27119467,0.054292783,0.47446856,0.43693084,0.4452476,0.47984684,0.3801428,0.45888945,-0.37735122,-0.466708,0.25843662,-0.40790358,-0.42550284,-0.18426166,0.16820706,0.46464688,0.45526305,0.46369117,-0.27796227,-0.39162463
-0.7916607,-0.40802315,-0.68770933,0.15677431,-0.2767122,-0.5664025,-0.8329963,-0.6035088,-0.63610655,-0.88431436,-0.7879241,-0.78525007,0.49107248,0.952775,0.9247364,-0.28547925,0.6128141,0.5013181,0.79141843,0.76235473,0.9335238,0.48473644,0.9263184,-0.72616845,-0.84691656,-0.70381165,0.88737476,0.84070647,0.79741144,0.8943981,0.82457083,0.49095178,0.724451,0.59090495,0.66738963,-0.7309815,0.6688521,-0.6876118,-0.73626506,-0.8475801,-0.6821228,-0.6812101,0.25223497,0.7145557,0.7821851,0.7803072,0.7114509,0.89536864,-0.5750331,-0.73464346,0.55096406,-0.6472346,-0.6414116,-0.42999208,-0.5869339,-0.59919167,-0.57260394,-0.6493577,-0.8314597,-0.8023441,-0.78772736,0.6050658,0.8460269,0.9421352,0.94491136,0.91911024,-0.8806478,0.79379594,0.7699671,0.57427967,0.9397471,0.6727037,0.92814875,-0.88017637,-0.44379956,-0.8483267,0.82235134,0.8942831,0.7930412,0.39312872,0.58424664,0.015426464,0.80020136,0.6596668,0.91636765,0.81540394,0.6340149,0.8839601,-0.62911433,-0.86199915,0.4269802,-0.772777,-0.8443561,-0.5138814,0.0039658234,0.78882265,0.7624414,0.8984016,-0.6433337,-0.777281
-0.75647867,-0.41054302,-0.7020838,0.17212306,-0.28953895,-0.5873199,-0.8045292,-0.6528511,-0.6792476,-0.87592363,-0.82076335,-0.8175708,0.50296044,0.9247364,0.9545412,-0.25330508,0.5185102,0.3949656,0.70464766,0.715817,0.9115561,0.38790005,0.93473625,-0.76731265,-0.87946075,-0.77053887,0.89582074,0.8435872,0.76438177,0.92776084,0.85207975,0.5473386,0.7763318,0.50750756,0.66339123,-0.76813906,0.65992457,-0.6084745,-0.66767913,-0.8091439,-0.7097619,-0.6580354,0.30261216,0.71799976,0.7966497,0.83350015,0.7646432,0.9104051,-0.5916486,-0.72858584,0.60873085,-0.64051074,-0.6014572,-0.42718813,-0.6038083,-0.61423934,-0.6136829,-0.69319594,-0.83846706,-0.845997,-0.82120174,0.6136482,0.88422555,0.9326886,0.9216862,0.95881855,-0.84961474,0.70907235,0.6962453,0.47538212,0.92603207,0.592106,0.9403995,-0.8473345,-0.5378078,-0.8908318,0.79323834,0.92684877,0.83369106,0.46543196,0.50913924,-0.02803054,0.8132782,0.6690742,0.9092388,0.8647554,0.62839776,0.88290656,-0.69001096,-0.8706395,0.52150655,-0.70903826,-0.80034983,-0.44491678,0.044985056,0.8126579,0.8210337,0.9262482,-0.6569818,-0.760304
0.4065499,0.5572927,0.33150935,0.61279047,0.48072052,0.1797551,0.47404054,0.38321766,0.14179258,0.22862223,0.09816427,0.13922718,-0.15152249,-0.28547925,-0.25330508,0.8587834,-0.30153313,-0.20089696,-0.31522053,-0.19122128,-0.23165627,-0.21217822,-0.25907177,0.12115672,0.2500933,0.04122774,-0.32563576,-0.31187028,-0.21310031,-0.26185673,-0.21984798,0.16484523,-0.113247156,-0.2902593,-0.34464356,0.07040519,-0.37847093,0.27769756,0.25471878,0.3007213,-0.04591886,0.1715906,-0.1990127,-0.37788504,-0.32491964,-0.2614014,-0.24841294,-0.30507872,0.11069676,0.018688796,0.20513046,0.5347252,0.67800725,0.64259386,0.24489565,0.22674455,0.46654186,0.22654955,0.18090849,0.11573992,0.11654848,-0.1789149,-0.20412767,-0.23187353,-0.26387253,-0.22952095,0.29996717,-0.2876453,-0.29144084,-0.21874365,-0.23225166,-0.2798354,-0.23679689,0.31729144,0.024849527,0.20284942,-0.22992088,-0.2583252,-0.1781452,0.2500327,-0.24861723,-0.31383628,-0.31573457,-0.29109997,-0.28490853,-0.22132854,-0.36461562,-0.32768086,0.037893124,0.21070541,0.06987362,0.35395795,0.25386423,0.08416242,-0.165274,-0.2915207,-0.22320803,-0.2494089,0.18453187,0.0793011
-0.8016634,-0.4461097,-0.6002387,-0.034538735,-0.33589268,-0.51326644,-0.6814828,-0.36683768,-0.42663673,-0.5878562,-0.42112067,-0.4096009,0.2525483,0.6128141,0.5185102,-0.30153313,0.9293305,0.8270072,0.8354322,0.6850915,0.6533469,0.87346673,0.56697834,-0.21898359,-0.49023387,-0.16795899,0.5838423,0.65643823,0.67839646,0.5003211,0.5009359,0.2155096,0.38583705,0.89293766,0.67798305,-0.38589883,0.6783651,-0.67858756,-0.65178674,-0.64888036,-0.19738948,-0.38762137,0.24188946,0.61732185,0.5689175,0.3996358,0.4026882,0.5681147,-0.5017234,-0.4187224,0.13224526,-0.6355497,-0.6149669,-0.4456957,-0.54118645,-0.56371176,-0.36279428,-0.43056828,-0.5206201,-0.37683523,-0.3765634,0.36339343,0.41684824,0.5411329,0.59648764,0.48029646,-0.65373945,0.8415562,0.9037472,0.8808051,0.6192384,0.91746354,0.5374844,-0.6643297,0.140648,-0.41455114,0.6779647,0.50752294,0.4384985,0.073181175,0.84837997,0.49736297,0.61814857,0.6128507,0.6235869,0.42558962,0.6453284,0.6647217,-0.18901664,-0.45108366,0.057496473,-0.7154952,-0.6645432,-0.38631773,0.14318866,0.54586107,0.3701184,0.50124526,-0.5517678,-0.49058157
-0.6282052,-0.23255147,-0.38693458,0.08127245,-0.09739016,-0.295278,-0.5790318,-0.13986728,-0.20730548,-0.5165464,-0.29390335,-0.3030698,0.12737545,0.5013181,0.3949656,-0.20089696,0.8270072,0.9184548,0.7548233,0.6999662,0.56138957,0.8439432,0.45337316,-0.1494533,-0.3578624,-0.054705642,0.47641915,0.5207634,0.65536606,0.35386738,0.4012947,0.10733413,0.24429545,0.8641881,0.48660153,-0.18741758,0.54642904,-0.696631,-0.6844888,-0.6224669,-0.122964166,-0.38153055,0.00044521922,0.49882603,0.45866287,0.21168813,0.18705654,0.45740348,-0.2738736,-0.31782633,0.10252279,-0.43478793,-0.4984246,-0.24356863,-0.3247818,-0.3412574,-0.1335326,-0.21259333,-0.42033505,-0.2466181,-0.27836153,0.22536239,0.25969926,0.41246498,0.46874964,0.35030243,-0.59344065,0.73479235,0.80610836,0.89307904,0.52593243,0.82850766,0.422051,-0.6177511,0.23498745,-0.28753453,0.64793503,0.35808426,0.32709515,-0.03318388,0.73155737,0.36758962,0.46318316,0.39348572,0.5343308,0.24118277,0.5298249,0.54529786,0.00639382,-0.35528505,-0.08914018,-0.6971453,-0.6458572,-0.4353816,-0.07109852,0.41098267,0.18105793,0.37722632,-0.3207569,-0.3913231
-0.8103345,-0.40194917,-0.61047393,0.06242587,-0.26203954,-0.49630457,-0.7814176,-0.4263479,-0.47487152,-0.755267,-0.5814645,-0.5816977,0.3525439,0.79141843,0.70464766,-0.31522053,0.8354322,0.7548233,0.9077975,0.7696577,0.8110057,0.7465697,0.74167377,-0.44674054,-0.64889264,-0.38723418,0.7298313,0.742363,0.7754023,0.6709386,0.65059793,0.30009833,0.50610304,0.80309266,0.6542126,-0.51249236,0.66594875,-0.7617643,-0.76914144,-0.79473054,-0.42464593,-0.56531805,0.1707111,0.6575996,0.66214347,0.54015326,0.49764717,0.7242904,-0.49501327,-0.5798757,0.3094288,-0.62781245,-0.6526874,-0.41697538,-0.52375543,-0.54099643,-0.4108985,-0.4849555,-0.6762258,-0.55823314,-0.56491697,0.46501493,0.60256684,0.73770356,0.7762431,0.6774026,-0.80280733,0.8954657,0.89295316,0.8081849,0.79236794,0.8508351,0.72367084,-0.8108717,-0.0837521,-0.6020136,0.7868889,0.6731838,0.5908586,0.17240375,0.7588575,0.2541041,0.6908591,0.6043758,0.78064835,0.5751263,0.6339633,0.7754784,-0.34122822,-0.6543358,0.1581628,-0.80826104,-0.8050997,-0.52532935,-0.00014554989,0.64422953,0.5125589,0.68168104,-0.55823153,-0.6445532
-0.7102822,-0.26841947,-0.54769874,0.23285085,-0.10456422,-0.4283762,-0.7489089,-0.3769642,-0.43562734,-0.7827906,-0.6041353,-0.62978494,0.3029089,0.76235473,0.715817,-0.19122128,0.6850915,0.6999662,0.7696577,0.85092646,0.81236553,0.6309085,0.7624193,-0.52544165,-0.67617804,-0.464047,0.77158,0.74730307,0.83185077,0.6831158,0.7209331,0.38134196,0.5773299,0.71651316,0.5740285,-0.4806254,0.64375305,-0.7219587,-0.77690226,-0.8196254,-0.46797258,-0.57583046,0.088303365,0.67337364,0.7092439,0.54343903,0.4764606,0.76455545,-0.4063859,-0.56510234,0.47182608,-0.5276652,-0.5577562,-0.280775,-0.45252147,-0.46099022,-0.34475416,-0.45019418,-0.6912228,-0.5999944,-0.6247826,0.4221356,0.60672534,0.7136907,0.73699427,0.69039154,-0.81390375,0.75311494,0.7894558,0.7265148,0.8063867,0.7344587,0.7449821,-0.8299037,-0.17271636,-0.6488495,0.84417,0.684436,0.66915655,0.2650446,0.6344441,0.1097931,0.6942446,0.5229632,0.81518483,0.58137643,0.641667,0.7942618,-0.32648033,-0.67391247,0.25510082,-0.7815578,-0.826457,-0.48358577,-0.09471492,0.6869989,0.52185225,0.7181847,-0.47071487,-0.6151706
-0.8114434,-0.39964002,-0.70777273,0.20366448,-0.26547125,-0.59434086,-0.8370504,-0.5967337,-0.65456736,-0.9072772,-0.8114817,-0.80908114,0.4441589,0.9335238,0.9115561,-0.23165627,0.6533469,0.56138957,0.8110057,0.81236553,0.9653838,0.54227024,0.9410713,-0.7286382,-0.85587573,-0.7039957,0.90465844,0.85840094,0.84010994,0.8881064,0.8418473,0.535427,0.738519,0.6436732,0.67916936,-0.73847866,0.6846648,-0.7084775,-0.7658335,-0.8683913,-0.69236755,-0.68358386,0.23482788,0.7297411,0.79747987,0.7719283,0.69813097,0.91146815,-0.60029984,-0.75006115,0.5902678,-0.65359354,-0.627272,-0.41487023,-0.61366063,-0.6249927,-0.55322826,-0.66228664,-0.8552654,-0.8197499,-0.8116604,0.57121325,0.8243966,0.91816235,0.92013025,0.90197694,-0.8992921,0.8088958,0.80497736,0.6304333,0.9645973,0.7163683,0.9343781,-0.9007635,-0.42907876,-0.8538463,0.86304593,0.88783264,0.81069136,0.43157285,0.6195477,0.01679584,0.80687827,0.656095,0.93587786,0.80563086,0.65361077,0.9020909,-0.61981666,-0.8658807,0.4412134,-0.79133487,-0.8735224,-0.52761763,-0.021647826,0.796996,0.750811,0.90597665,-0.66680336,-0.79649806
-0.70890933,-0.3711362,-0.5176413,-0.008994436,-0.2683537,-0.452177,-0.5757805,-0.26524955,-0.3430091,-0.48822254,-0.3259099,-0.31965947,0.13068894,0.48473644,0.38790005,-0.21217822,0.87346673,0.8439432,0.7465697,0.6309085,0.54227024,0.90173703,0.44708404,-0.108645365,-0.37988085,-0.06153757,0.47371018,0.557006,0.60401547,0.37113002,0.40401936,0.16572236,0.28553498,0.89062357,0.6005981,-0.2749411,0.60827625,-0.6089469,-0.58030653,-0.5567452,-0.0917113,-0.29959717,0.18526264,0.53993136,0.47656396,0.27789193,0.28701887,0.4560621,-0.43656054,-0.31777507,0.07367965,-0.54766685,-0.5147307,-0.3571563,-0.47791064,-0.49945182,-0.25614533,-0.34205496,-0.42620006,-0.26836053,-0.27670658,0.24064067,0.2845192,0.4052477,0.46171123,0.34657666,-0.5511972,0.7490715,0.8431115,0.8796362,0.5062091,0.87557274,0.4129066,-0.5667993,0.23469353,-0.2987995,0.60158694,0.37864873,0.34018743,0.034454975,0.81192434,0.5238863,0.52158356,0.527665,0.5131996,0.29970208,0.58815295,0.5646163,-0.06875547,-0.32673794,-0.0070635583,-0.6325908,-0.57627636,-0.32280964,0.13031597,0.4479079,0.25148448,0.38355148,-0.47513765,-0.3855127
-0.79543287,-0.44695044,-0.74436206,0.1628052,-0.32220852,-0.63020647,-0.836425,-0.67689645,-0.7146876,-0.9113269,-0.8550775,-0.8519369,0.45413077,0.9263184,0.93473625,-0.25907177,0.56697834,0.45337316,0.74167377,0.7624193,0.9410713,0.44708404,0.97699195,-0.78386533,-0.90577525,-0.77699697,0.93681836,0.8774705,0.79329693,0.9449781,0.87234485,0.56636256,0.79345787,0.56560814,0.6928774,-0.7894765,0.6921159,-0.64397156,-0.7053335,-0.84215593,-0.7231245,-0.68282723,0.2965594,0.74613184,0.81904936,0.8519152,0.77389264,0.9519379,-0.63299626,-0.75660956,0.616406,-0.6826186,-0.6323393,-0.46121168,-0.64727414,-0.6584532,-0.6331425,-0.72702503,-0.8775577,-0.87670934,-0.853953,0.5801065,0.8724421,0.9284322,0.91848254,0.9362591,-0.88345385,0.743492,0.74560225,0.5372927,0.95284146,0.6465163,0.9725404,-0.88261604,-0.53509843,-0.91017675,0.8225444,0.9412816,0.8501331,0.4775185,0.5581552,-0.0016459236,0.83362746,0.6879772,0.9479044,0.88059145,0.656075,0.9186251,-0.6979464,-0.8934766,0.5242099,-0.74600327,-0.8383086,-0.47380137,0.0330138,0.83227086,0.8355096,0.96236455,-0.6967063,-0.79297507
0.508798,0.22485471,0.4999907,-0.2193166,0.13586439,0.39990512,0.6094701,0.5356413,0.5539079,0.7786175,0.7946075,0.8107723,-0.3694002,-0.72616845,-0.76731265,0.12115672,-0.21898359,-0.1494533,-0.44674054,-0.52544165,-0.7286382,-0.108645365,-0.78386533,0.8485788,0.8035289,0.8346318,-0.7342982,-0.6286454,-0.5747226,-0.7698544,-0.7545196,-0.5359819,-0.6899437,-0.2293045,-0.41063082,0.69813836,-0.3826384,0.4208845,0.5045256,0.6574365,0.75945807,0.6016217,-0.13628367,-0.47683117,-0.61260337,-0.7252733,-0.6330898,-0.7658276,0.41695273,0.68932766,-0.66784,0.41288328,0.37383652,0.24885063,0.4066614,0.4038869,0.47509825,0.5577807,0.77432835,0.84091413,0.8377449,-0.4505899,-0.75661874,-0.7667793,-0.7279782,-0.7845379,0.70635104,-0.4563145,-0.42800677,-0.22270933,-0.7575203,-0.3125486,-0.79723006,0.6940445,0.70369124,0.8468138,-0.60550034,-0.7659198,-0.75877595,-0.5165381,-0.18843397,0.35316882,-0.61192197,-0.42817998,-0.739501,-0.75706637,-0.35756722,-0.673411,0.6795649,0.8166393,-0.545938,0.5113189,0.65254986,0.3901484,0.12810862,-0.63568604,-0.7247101,-0.8051018,0.47166488,0.69279575
0.76548004,0.4729127,0.75217843,-0.117005564,0.37889302,0.6526023,0.78688824,0.7306279,0.75228786,0.8872682,0.88600457,0.89517164,-0.4532954,-0.84691656,-0.87946075,0.2500933,-0.49023387,-0.3578624,-0.64889264,-0.67617804,-0.85587573,-0.37988085,-0.90577525,0.8035289,0.9506651,0.832278,-0.8892528,-0.8387054,-0.71738255,-0.9029925,-0.86674905,-0.60168374,-0.8226551,-0.504706,-0.7161964,0.8091124,-0.6729176,0.5474578,0.607219,0.7644881,0.70263255,0.64772403,-0.38479745,-0.72336733,-0.8062769,-0.89071715,-0.83609784,-0.9141617,0.64707506,0.7212572,-0.6316612,0.6811247,0.59889346,0.48335236,0.66537356,0.6742457,0.67966163,0.7672243,0.8909031,0.9120224,0.891817,-0.5797477,-0.8710414,-0.86534166,-0.8480135,-0.8881625,0.8145534,-0.66122735,-0.67211235,-0.45645413,-0.8743824,-0.58375716,-0.9066857,0.8131327,0.6231346,0.94773805,-0.74625605,-0.901591,-0.8590082,-0.5266999,-0.48609433,-0.013972408,-0.8322376,-0.72364455,-0.87220895,-0.91384995,-0.640756,-0.866215,0.73947656,0.8648127,-0.60326827,0.65832114,0.76757383,0.3901056,-0.11477242,-0.8261277,-0.8818711,-0.929257,0.70715,0.74330026
0.51589847,0.2811799,0.57197917,-0.23824896,0.21225224,0.5048824,0.5700645,0.6242515,0.66156256,0.7541025,0.8378467,0.84340906,-0.39580277,-0.70381165,-0.77053887,0.04122774,-0.16795899,-0.054705642,-0.38723418,-0.464047,-0.7039957,-0.06153757,-0.77699697,0.8346318,0.832278,0.90557235,-0.7260078,-0.63849485,-0.53315955,-0.7921392,-0.77734154,-0.650422,-0.771641,-0.17966777,-0.46027613,0.78096426,-0.39389622,0.31388453,0.4008057,0.58348405,0.7706541,0.5307051,-0.2642309,-0.49867246,-0.6274284,-0.79495156,-0.7221724,-0.7634417,0.52446043,0.6912918,-0.7367164,0.45262444,0.3331706,0.2797662,0.49963018,0.4999017,0.5559392,0.66223,0.78975147,0.886882,0.8665607,-0.48743474,-0.800827,-0.76057565,-0.71509796,-0.79794407,0.65627694,-0.4030683,-0.38704383,-0.149241,-0.73619324,-0.2806828,-0.7940706,0.6358862,0.78308475,0.88280606,-0.5655448,-0.7872578,-0.8004995,-0.6460691,-0.15663655,0.30461234,-0.640821,-0.5057636,-0.7099235,-0.8219619,-0.37101766,-0.67138714,0.77994764,0.80538005,-0.6800331,0.42656893,0.58519346,0.28178042,-0.006878989,-0.66721344,-0.80180204,-0.8173331,0.57084966,0.68145657
-0.80370986,-0.483247,-0.7502254,0.105490774,-0.34874663,-0.62428445,-0.8491825,-0.68674576,-0.69452333,-0.8869123,-0.80990946,-0.8197778,0.43868417,0.88737476,0.89582074,-0.32563576,0.5838423,0.47641915,0.7298313,0.77158,0.90465844,0.47371018,0.93681836,-0.7342982,-0.8892528,-0.7260078,0.9561282,0.899277,0.79761463,0.9102572,0.8765434,0.533447,0.78935206,0.59891456,0.7296094,-0.7335497,0.7485379,-0.636302,-0.6973351,-0.8379314,-0.6394174,-0.6379849,0.34136307,0.8061843,0.8607955,0.8390145,0.7744121,0.9555851,-0.60708934,-0.68894416,0.5806097,-0.7110578,-0.6724226,-0.49803025,-0.64655113,-0.652801,-0.6499357,-0.7182143,-0.84172934,-0.8322984,-0.81471694,0.5650472,0.8393874,0.87771356,0.8737641,0.8910541,-0.87128836,0.7266458,0.7489717,0.55445206,0.91436684,0.66229177,0.92746717,-0.87709475,-0.49053532,-0.87971973,0.8255727,0.90808725,0.849509,0.43819347,0.5787397,0.08935564,0.86477757,0.7149439,0.94561017,0.8608606,0.72479653,0.9355689,-0.63283515,-0.8485668,0.51705176,-0.7487768,-0.82536304,-0.41022065,0.09738421,0.86674285,0.82169175,0.93629,-0.6716109,-0.72790694
-0.85769284,-0.53588337,-0.8003604,0.0737506,-0.4171856,-0.6923603,-0.8297695,-0.71137244,-0.7301465,-0.8283742,-0.76385766,-0.7619291,0.445369,0.84070647,0.8435872,-0.31187028,0.65643823,0.5207634,0.742363,0.74730307,0.85840094,0.557006,0.8774705,-0.6286454,-0.8387054,-0.63849485,0.899277,0.93554443,0.79001355,0.8691325,0.8419436,0.5336194,0.7694833,0.67093897,0.80252033,-0.7253227,0.82169795,-0.60668695,-0.6489836,-0.7844446,-0.5526799,-0.5510856,0.43727472,0.84690464,0.8565197,0.8097919,0.77827084,0.89650476,-0.6688986,-0.6397264,0.52136207,-0.7592176,-0.6746235,-0.5379946,-0.7130838,-0.7240411,-0.67372334,-0.7519391,-0.79091525,-0.77193296,-0.7429053,0.577463,0.80167454,0.8215092,0.82889485,0.8335154,-0.82296884,0.7445016,0.791492,0.6058229,0.8614537,0.7280063,0.86031395,-0.82597685,-0.383518,-0.8152,0.81292665,0.87062645,0.81434846,0.42998594,0.67763245,0.2513728,0.8836092,0.7812928,0.89162254,0.8263862,0.8002758,0.9442628,-0.60542965,-0.7723277,0.5092063,-0.7204095,-0.7752407,-0.3291222,0.22620526,0.8747865,0.7929557,0.8715367,-0.732772,-0.6852226
-0.7487305,-0.33098888,-0.6128758,0.21389645,-0.17306906,-0.49656743,-0.777593,-0.4670497,-0.52045715,-0.8010186,-0.66166115,-0.6705413,0.39418393,0.79741144,0.76438177,-0.21310031,0.67839646,0.65536606,0.7754023,0.83185077,0.84010994,0.60401547,0.79329693,-0.5747226,-0.71738255,-0.53315955,0.79761463,0.79001355,0.918798,0.7330276,0.76888084,0.44882727,0.6394906,0.69825065,0.61786735,-0.5661514,0.6761484,-0.705474,-0.7567009,-0.82051057,-0.53237396,-0.58766943,0.15917754,0.7075851,0.74030304,0.6058701,0.5468918,0.79057336,-0.48627114,-0.6162884,0.5173427,-0.5865693,-0.58914083,-0.34708887,-0.5178964,-0.5320891,-0.4304001,-0.5302528,-0.7232067,-0.65720654,-0.66599065,0.5081903,0.6691797,0.75747824,0.7752706,0.7405226,-0.82747316,0.7616346,0.7961046,0.6961864,0.83649147,0.7302536,0.7774378,-0.83623844,-0.24399169,-0.7003139,0.92025936,0.73428214,0.722608,0.33795968,0.6481646,0.10587135,0.73788255,0.57230055,0.8351182,0.63743925,0.669334,0.8278499,-0.4219193,-0.7206314,0.33649254,-0.7692224,-0.8230715,-0.4646899,-0.03594701,0.7336755,0.5844883,0.7551973,-0.5485042,-0.67119193
-0.7681987,-0.46401957,-0.74713117,0.13343506,-0.3562118,-0.64036435,-0.8005193,-0.7165193,-0.7378577,-0.8687593,-0.8450308,-0.8365151,0.4887676,0.8943981,0.92776084,-0.26185673,0.5003211,0.35386738,0.6709386,0.6831158,0.8881064,0.37113002,0.9449781,-0.7698544,-0.9029925,-0.7921392,0.9102572,0.8691325,0.7330276,0.9723812,0.86065507,0.5740864,0.809652,0.49523044,0.7026528,-0.80682504,0.68763113,-0.56573915,-0.622553,-0.78144896,-0.7080667,-0.63621753,0.36884886,0.7400193,0.80923337,0.8890747,0.8219701,0.93096375,-0.64079106,-0.72865385,0.61127925,-0.6787083,-0.6065216,-0.4719737,-0.6550964,-0.6637417,-0.6743611,-0.75341594,-0.8476709,-0.87408257,-0.83634984,0.60756326,0.89966536,0.9116131,0.89336497,0.9362798,-0.8307905,0.68033373,0.6813605,0.4475161,0.90678596,0.5828823,0.94864404,-0.82692254,-0.57481086,-0.91094536,0.76461786,0.9693922,0.8504863,0.5004049,0.509308,0.008223383,0.834599,0.7128025,0.90664005,0.9136081,0.6539327,0.8989308,-0.73629594,-0.8700537,0.5721204,-0.67938924,-0.771919,-0.3977647,0.11130822,0.83617616,0.87824094,0.952476,-0.7024927,-0.7545711
-0.7386327,-0.44306725,-0.73187625,0.17779157,-0.3173951,-0.6248587,-0.7899536,-0.69590366,-0.71006346,-0.853745,-0.8161764,-0.8275464,0.46729866,0.82457083,0.85207975,-0.21984798,0.5009359,0.4012947,0.65059793,0.7209331,0.8418473,0.40401936,0.87234485,-0.7545196,-0.86674905,-0.77734154,0.8765434,0.8419436,0.76888084,0.86065507,0.9478162,0.6626125,0.858763,0.5318347,0.6980332,-0.7593213,0.69185233,-0.5363269,-0.61990285,-0.7863604,-0.6703781,-0.55270815,0.3933401,0.7763823,0.84676385,0.8234232,0.7766272,0.88810956,-0.6140218,-0.6849338,0.7168262,-0.6669025,-0.5801336,-0.45111036,-0.6391946,-0.6431508,-0.6458852,-0.7274916,-0.8184222,-0.8411355,-0.82852983,0.58515596,0.83245194,0.8294382,0.8180329,0.85167795,-0.8317159,0.6504149,0.67594135,0.48329234,0.8580594,0.5889385,0.86625206,-0.82645786,-0.55842054,-0.88034874,0.7935109,0.8612504,0.9365901,0.59153044,0.5037835,0.03696093,0.85456914,0.69532406,0.8653507,0.84138834,0.6866914,0.8666613,-0.67739785,-0.8364436,0.6578281,-0.6615627,-0.7741519,-0.27961066,0.15911525,0.86596024,0.8119347,0.88384926,-0.67304146,-0.71911097
-0.4457968,-0.30577156,-0.5973281,0.24953699,-0.26693025,-0.60965085,-0.3919348,-0.56308746,-0.6780485,-0.53772175,-0.66272295,-0.645438,0.2011633,0.49095178,0.5473386,0.16484523,0.2155096,0.10733413,0.30009833,0.38134196,0.535427,0.16572236,0.56636256,-0.5359819,-0.60168374,-0.650422,0.533447,0.5336194,0.44882727,0.5740864,0.6626125,0.85287184,0.72105634,0.2522668,0.45473173,-0.68736315,0.3567954,-0.10606165,-0.2067017,-0.38925746,-0.5445938,-0.19570236,0.37276518,0.45599946,0.5154036,0.6016387,0.5872094,0.56480896,-0.6251791,-0.50857127,0.73371434,-0.43597922,-0.15180168,-0.24148014,-0.58653367,-0.59022397,-0.475482,-0.649793,-0.5781544,-0.6708534,-0.6414585,0.3072781,0.57403845,0.5345679,0.5038034,0.5637679,-0.4635217,0.33487236,0.3765527,0.20469847,0.55526674,0.31321073,0.5688783,-0.43789917,-0.5148855,-0.63801956,0.4729566,0.57485294,0.6947858,0.8185237,0.24100968,-0.056430977,0.56269693,0.49719948,0.5158523,0.6224222,0.3630743,0.5343673,-0.63113546,-0.5429429,0.7406881,-0.22495577,-0.39660668,0.045169123,0.21630518,0.5812773,0.6142994,0.5941465,-0.6249578,-0.5031022
-0.6669133,-0.4283291,-0.7271508,0.1911442,-0.3582065,-0.6591879,-0.66932744,-0.7255063,-0.7506993,-0.7585118,-0.7869966,-0.7889713,0.43183637,0.724451,0.7763318,-0.113247156,0.38583705,0.24429545,0.50610304,0.5773299,0.738519,0.28553498,0.79345787,-0.6899437,-0.8226551,-0.771641,0.78935206,0.7694833,0.6394906,0.809652,0.858763,0.72105634,0.8692623,0.41800183,0.68209887,-0.77079165,0.6267179,-0.36472744,-0.45122054,-0.64720684,-0.61944246,-0.4265362,0.50187194,0.7083737,0.7833078,0.8213525,0.80411255,0.80728006,-0.6455654,-0.61122346,0.7151637,-0.6260057,-0.45906454,-0.41376626,-0.66759133,-0.6617118,-0.6561227,-0.7614144,-0.7530953,-0.81689626,-0.7862719,0.5417576,0.8014041,0.75031507,0.72627544,0.7859007,-0.70871204,0.52387726,0.55953884,0.34036765,0.7561021,0.472498,0.7837528,-0.700547,-0.5912419,-0.8450985,0.6604376,0.8072187,0.8712014,0.68597233,0.4125706,0.05102928,0.81071544,0.7048204,0.7616316,0.8395679,0.6282265,0.7827159,-0.70848095,-0.7515521,0.7518639,-0.5036102,-0.63732463,-0.11779418,0.2924164,0.8148031,0.8239032,0.82295597,-0.69314593,-0.63218665
-0.7896652,-0.44642216,-0.6078487,-0.01974881,-0.32783478,-0.5182911,-0.68264717,-0.37811822,-0.43128663,-0.5980667,-0.43161744,-0.4319437,0.21274891,0.59090495,0.50750756,-0.2902593,0.89293766,0.8641881,0.80309266,0.71651316,0.6436732,0.89062357,0.56560814,-0.2293045,-0.504706,-0.17966777,0.59891456,0.67093897,0.69825065,0.49523044,0.5318347,0.2522668,0.41800183,0.93430483,0.6896112,-0.36857527,0.7005957,-0.66102356,-0.65136325,-0.65464336,-0.19236249,-0.37627906,0.25726455,0.65913975,0.59995043,0.40774673,0.40606195,0.58014536,-0.49183,-0.3886112,0.1801039,-0.6389219,-0.6126383,-0.4430983,-0.5483945,-0.5639551,-0.36390358,-0.4392871,-0.5328242,-0.39138654,-0.39739633,0.3298967,0.40830624,0.515514,0.5656158,0.4680994,-0.65479684,0.8011627,0.886219,0.90261286,0.61290216,0.9096284,0.53090787,-0.6720749,0.12102991,-0.4280307,0.69608045,0.50038415,0.46912575,0.11118916,0.8308872,0.506157,0.6341113,0.6143193,0.6285268,0.42541522,0.67854035,0.6734286,-0.16820179,-0.44678202,0.106393866,-0.7079703,-0.670244,-0.34046406,0.1646601,0.5793232,0.37980497,0.5076495,-0.53810596,-0.4610022
-0.8483408,-0.6356466,-0.81547344,-0.10227544,-0.5622425,-0.7378551,-0.7184723,-0.72058386,-0.7200887,-0.65652597,-0.6203562,-0.61623394,0.39260036,0.66738963,0.66339123,-0.34464356,0.67798305,0.48660153,0.6542126,0.5740285,0.67916936,0.6005981,0.6928774,-0.41063082,-0.7161964,-0.46027613,0.7296094,0.80252033,0.61786735,0.7026528,0.6980332,0.45473173,0.68209887,0.6896112,0.90430504,-0.6345664,0.81336486,-0.4485853,-0.45788807,-0.60092115,-0.31964636,-0.34212992,0.6570745,0.7969398,0.76127124,0.73409337,0.77533686,0.7291078,-0.7061035,-0.45330957,0.33435443,-0.79243886,-0.6369961,-0.61846244,-0.75720036,-0.7698209,-0.699424,-0.73979795,-0.64754045,-0.61549306,-0.5728238,0.5074051,0.6683389,0.64702517,0.6671599,0.65203416,-0.6474525,0.6788049,0.7510481,0.59250957,0.6733458,0.73164165,0.67105883,-0.6511643,-0.2231157,-0.66133887,0.63698614,0.70832086,0.67813456,0.359433,0.71720266,0.545111,0.83618164,0.88271195,0.6975936,0.7338258,0.7903539,0.7857151,-0.5055098,-0.5716685,0.4757774,-0.57588446,-0.590842,-0.10429075,0.52142996,0.78392744,0.7210777,0.69719017,-0.75249535,-0.49892706
0.6844991,0.45854408,0.7541491,-0.14282553,0.41653568,0.7180573,0.62668407,0.7370405,0.8231869,0.74028695,0.844398,0.7988944,-0.40222526,-0.7309815,-0.76813906,0.07040519,-0.38589883,-0.18741758,-0.51249236,-0.4806254,-0.73847866,-0.2749411,-0.7894765,0.69813836,0.8091124,0.78096426,-0.7335497,-0.7253227,-0.5661514,-0.80682504,-0.7593213,-0.68736315,-0.77079165,-0.36857527,-0.6345664,0.9056093,-0.52735555,0.34538418,0.40400302,0.58540905,0.7164484,0.45253927,-0.4392708,-0.58278775,-0.6514938,-0.81847906,-0.7856934,-0.76481116,0.75536644,0.7337061,-0.6267868,0.62154853,0.41140032,0.4298219,0.7092178,0.725096,0.66691756,0.8071871,0.77892005,0.8547381,0.7977718,-0.512838,-0.79970217,-0.7755718,-0.74669313,-0.7855595,0.66806376,-0.55197334,-0.55716336,-0.31270435,-0.7552748,-0.47811723,-0.79411817,0.64411366,0.6118987,0.8315342,-0.59410024,-0.8104147,-0.77607757,-0.64578366,-0.3985396,0.04888802,-0.71706504,-0.6807211,-0.72210073,-0.8416543,-0.48525026,-0.73272145,0.8421649,0.7766955,-0.6545239,0.4612577,0.5914581,0.22663003,-0.19834542,-0.7115659,-0.82364845,-0.80463046,0.78445053,0.73113364
