0,1,2,3,4,5,6,7,8,9,10,11,12,13,14,15,16,17,18,19,20,21,22,23,24,25,26,27,28,29,30,31,32,33,34,35,36,37,38,39,40,41,42,43,44,45,46,47,48,49,50,51,52,53,54,55,56,57,58,59,60,61,62,63,64,65,66,67,68,69,70,71,72,73,74,75,76,77,78,79,80,81,82,83,84,85,86,87,88,89,90,91,92,93,94,95,96,97,98,99
0.90403956,0.6496788,0.66720456,0.23600423,0.65770817,0.56833124,0.6722398,0.56342256,0.60781753,-0.40726358,0.1915454,-0.100458965,0.5773169,0.022379516,0.14024688,0.7145964,-0.14362456,-0.49973243,-0.10419891,0.6972031,0.11471419,-0.78056526,-0.66869515,-0.24749468,-0.17966565,0.36205232,-0.12712665,-0.13022944,0.67895424,-0.52224207,0.23297964,0.026484922,-0.5888803,-0.839555,-0.7568223,0.5729382,0.17940514,-0.17409971,-0.032362215,0.437661,-0.6995058,0.5261457,-0.27610898,0.8522334,-0.20085609,-0.1030502,-0.67826945,-0.5453272,0.70323575,0.5305942,0.7878158,0.71445763,0.5622524,0.528947,0.526916,0.5912079,0.6070353,0.58506536,-0.2654555,0.37289828,0.21787317,0.6354528,0.61223173,0.26681402,-0.18015584,-0.008877909,0.8155134,0.1007778,-0.642944,-0.47039595,0.48521855,-0.7140025,-0.6859522,0.41152674,-0.32129955,-0.39159897,0.65452135,-0.51060563,-0.045743223,-0.17745699,-0.6891034,-0.8332539,-0.4028957,-0.72611654,-0.3400321,-0.706771,0.13375507,-0.23711145,0.6749785,0.055359058,-0.4658171,0.24760379,-0.032754213,-0.49910453,-0.27413142,0.68112695,-0.1427014,-0.36391658,0.7117418,0.7040497
0.6496788,0.95710266,0.88979155,0.68897825,0.9443244,0.8860009,0.19183612,0.8765385,0.8741799,-0.7913516,-0.2482166,-0.54638004,0.31453145,0.09691246,0.53598976,0.26997572,-0.25806618,-0.010433624,-0.18884496,0.77452993,0.39522558,-0.47173846,-0.2173643,-0.61505103,-0.6168156,-0.13013951,-0.4497375,0.21833636,0.7811518,-0.04399728,0.5802383,-0.47307438,-0.6450462,-0.52802664,-0.5755407,0.7369745,0.34881294,-0.43433228,-0.47275257,-0.1535951,-0.7517091,0.32577115,-0.5990372,0.59157485,-0.33877075,-0.25788647,-0.4120823,-0.2598015,0.89744365,0.16131516,0.41216838,0.9152236,0.12738666,0.88208616,0.8876817,0.86956495,0.9012438,0.88672566,-0.7487948,0.11567481,-0.26622364,0.33127117,0.6052608,0.6450846,0.21897471,0.43865,0.43794197,0.017797153,-0.39109242,0.106683746,0.7370961,-0.31621027,-0.25320148,-0.15221411,-0.6555979,-0.6907855,0.8463497,0.014481954,0.26610187,-0.5772605,-0.6468431,-0.58968717,-0.5747013,-0.46032768,-0.22852522,-0.33121723,0.30275488,0.046431705,0.8480264,-0.27036273,-0.7846378,-0.33098888,-0.5602443,-0.11107114,-0.6454984,0.32868627,-0.21927908,-0.086799875,0.8826598,0.4202019
0.66720456,0.88979155,0.96221423,0.5566811,0.90956247,0.93912315,0.25053233,0.8633907,0.94971114,-0.7909602,-0.14392641,-0.46071804,0.42029896,0.12398133,0.6021767,0.31357846,-0.24665226,-0.08457233,-0.17472908,0.8196608,0.43051904,-0.53009236,-0.2748605,-0.5896739,-0.64398926,-0.036427688,-0.45485055,0.23163845,0.8421438,-0.05194097,0.5343755,-0.5265759,-0.75158286,-0.57908344,-0.619485,0.7268194,0.2666167,-0.54425305,-0.5126631,-0.09541225,-0.82053965,0.38269722,-0.65815926,0.61614096,-0.43222955,-0.31845814,-0.47003227,-0.317609,0.942247,0.16101626,0.49581206,0.95521694,0.22216074,0.8108593,0.9224589,0.9419838,0.93723714,0.952137,-0.7063551,0.24633074,-0.1694729,0.4339872,0.7368206,0.7382176,0.2654343,0.5152252,0.50763166,0.07194358,-0.39988607,0.08464387,0.8347509,-0.34298956,-0.25233585,-0.06434319,-0.6125947,-0.65315056,0.91655624,0.0107702585,0.18251312,-0.61001444,-0.6960783,-0.62739277,-0.6550815,-0.4959382,-0.24584964,-0.3756315,0.20981231,0.017450985,0.8720111,-0.22766086,-0.78555965,-0.2850523,-0.5092268,-0.18322071,-0.67875624,0.33063418,-0.2463161,-0.12145294,0.92539275,0.42009783
0.23600423,0.68897825,0.5566811,0.8474529,0.6468594,0.6330408,-0.2719102,0.617064,0.5819985,-0.6355442,-0.5229639,-0.71689606,-0.10208471,-0.10155995,0.4427835,-0.16903457,-0.39723852,0.31106243,-0.35060284,0.47921616,0.22561762,0.020205328,0.20264196,-0.66691697,-0.52889663,-0.49294716,-0.460986,0.4324058,0.43419564,0.30840158,0.6669066,-0.4881496,-0.25838754,-0.07204723,-0.11068803,0.47944045,0.37027535,-0.26508826,-0.46545756,-0.50268465,-0.36650813,0.07017357,-0.47039133,0.19607058,-0.15387797,-0.16288204,0.04131728,0.12959902,0.5831819,-0.19975972,-0.045472745,0.563239,-0.34038997,0.77729744,0.67373735,0.5988093,0.61087096,0.6070969,-0.7467973,-0.244755,-0.6136948,-0.12896396,0.19659337,0.47830945,0.18254945,0.4290656,-0.025977831,-0.28725436,-0.17903844,0.41128206,0.4862684,0.15023622,0.08238946,-0.4686231,-0.72264314,-0.6168437,0.53776693,0.36779803,0.5593686,-0.4452151,-0.23837951,-0.10827607,-0.28741354,0.010343243,0.05582481,0.15044127,0.35955727,0.38391402,0.5609941,-0.22392902,-0.58299404,-0.5861565,-0.64718896,0.31764352,-0.54642296,0.036615208,-0.07957015,0.20740168,0.5781186,0.020310074
0.65770817,0.9443244,0.90956247,0.6468594,0.9548101,0.9006471,0.2198402,0.8885777,0.8931414,-0.78845644,-0.2024303,-0.49771202,0.3607862,0.1437053,0.5635921,0.29683638,-0.21377686,-0.028637143,-0.15052277,0.7719094,0.42927915,-0.50383925,-0.23866853,-0.58256817,-0.6182505,-0.080393866,-0.42958927,0.19501404,0.8002263,-0.05995306,0.54674715,-0.4839545,-0.68372947,-0.550219,-0.6132945,0.7319227,0.31020007,-0.47160703,-0.48422486,-0.13544512,-0.78257865,0.34133613,-0.6203841,0.5927759,-0.38094902,-0.28762376,-0.44771332,-0.30030504,0.90488446,0.16859865,0.44051722,0.9326767,0.16574402,0.8641363,0.8964562,0.8850404,0.9180914,0.9053211,-0.73221004,0.16637072,-0.2136178,0.37698352,0.6520755,0.6753837,0.24502215,0.46257484,0.4508136,0.06728818,-0.37970936,0.092987776,0.76022625,-0.34575808,-0.25655347,-0.13576458,-0.6196419,-0.65799904,0.8647573,-0.00051368587,0.20412892,-0.60371196,-0.6700765,-0.61622095,-0.6148392,-0.49560568,-0.2581612,-0.36715326,0.26067415,0.004768382,0.84410894,-0.2928604,-0.79672265,-0.312933,-0.55324054,-0.1615398,-0.6572261,0.3085016,-0.25089005,-0.1217542,0.8880384,0.42032287
0.56833124,0.8860009,0.93912315,0.6330408,0.9006471,0.9813014,0.09892289,0.8630525,0.9614464,-0.8250047,-0.2526624,-0.5602689,0.31638288,0.095735736,0.6500865,0.1700679,-0.29837027,0.033367828,-0.22572362,0.78364414,0.4365095,-0.40376735,-0.1455977,-0.67810977,-0.68876207,-0.16931957,-0.5464951,0.31284177,0.7866579,0.07165263,0.6069147,-0.60542995,-0.6934893,-0.46063626,-0.51385653,0.70438147,0.27382994,-0.5573643,-0.5781369,-0.2473183,-0.77209985,0.3316054,-0.6979896,0.5018963,-0.4535074,-0.35338044,-0.35786545,-0.21792883,0.93006563,0.03852564,0.36365992,0.92672837,0.07128118,0.8344017,0.97079885,0.9637104,0.93323135,0.97040594,-0.79026616,0.15535526,-0.30278164,0.3125127,0.6726209,0.77648705,0.31761795,0.5883777,0.36479056,0.0038408148,-0.33579588,0.21691337,0.8364389,-0.20684919,-0.13807832,-0.20928308,-0.69259703,-0.6951183,0.89290416,0.1406933,0.27558845,-0.6702068,-0.64303327,-0.5139807,-0.66228116,-0.37947154,-0.19092563,-0.24293652,0.22094586,0.11146998,0.85001916,-0.29368398,-0.8200004,-0.42699224,-0.62263983,-0.052931927,-0.74295497,0.20867583,-0.25620326,-0.046362776,0.9068257,0.30324656
0.6722398,0.19183612,0.25053233,-0.2719102,0.2198402,0.09892289,0.9279442,0.17441896,0.1703017,0.07235671,0.6072692,0.4475422,0.7048714,0.21932593,-0.122581705,0.86946833,0.23589012,-0.6222221,0.24009416,0.3332978,0.08931403,-0.80270606,-0.7500676,0.2814054,0.20120347,0.7261553,0.23624918,-0.49895483,0.36318177,-0.7438074,-0.26035255,0.4027517,-0.35208762,-0.73845845,-0.7262765,0.21683036,-0.12960725,0.06656571,0.34851345,0.80053675,-0.42497957,0.41372347,0.034771476,0.6433981,-0.11892432,-0.029093217,-0.7227267,-0.66939294,0.25361598,0.656477,0.7766814,0.30120933,0.8158032,0.02226737,0.034118168,0.13838896,0.18214762,0.14194791,0.25639254,0.60364443,0.6988611,0.7783755,0.48764852,-0.06435548,-0.24873751,-0.29193103,0.79138017,0.3870606,-0.4162105,-0.7087258,0.14507675,-0.8685334,-0.7038238,0.7066797,0.239957,0.11049482,0.25380224,-0.7755153,-0.45948952,0.11997842,-0.5077036,-0.7387476,-0.2181842,-0.7821331,-0.42314905,-0.843953,-0.16472554,-0.6046512,0.24381885,0.1297412,-0.09371483,0.614958,0.37791198,-0.7742834,0.06563065,0.554742,-0.1509696,-0.5592776,0.2657333,0.65158266
0.56342256,0.8765385,0.8633907,0.617064,0.8885777,0.8630525,0.17441896,0.90831125,0.86436903,-0.7910073,-0.24222086,-0.4756701,0.32697076,0.29713878,0.6555244,0.22437596,-0.082414046,0.10328918,-0.009420062,0.7129219,0.5764233,-0.43344948,-0.1185174,-0.5397843,-0.6662619,-0.14975384,-0.44281343,0.148183,0.7803546,0.008399612,0.55464876,-0.49537122,-0.625646,-0.4395988,-0.5699501,0.7357768,0.32076186,-0.4063713,-0.4417133,-0.18784261,-0.7138641,0.22523858,-0.6005908,0.49112484,-0.3751398,-0.2735186,-0.3731927,-0.23773828,0.84957105,0.17929125,0.33058164,0.880733,0.10156136,0.80242205,0.8611777,0.841794,0.89524555,0.8779968,-0.75095654,0.14850302,-0.21383569,0.34875733,0.62920666,0.7253599,0.40848738,0.5509808,0.36691082,0.19891006,-0.19831796,0.21364291,0.77345586,-0.29905385,-0.11987506,-0.22755681,-0.53635216,-0.65581036,0.8295203,0.06260659,0.19850488,-0.6253832,-0.63792837,-0.5441402,-0.6482012,-0.45570397,-0.26472682,-0.31148398,0.27543813,-0.052643977,0.81789225,-0.39542538,-0.7919326,-0.34536082,-0.5811428,-0.12888353,-0.6753331,0.17473838,-0.23681429,-0.071784124,0.8279167,0.40328398
0.60781753,0.8741799,0.94971114,0.5819985,0.8931414,0.9614464,0.1703017,0.86436903,0.9770617,-0.8120853,-0.18413861,-0.49613705,0.39120373,0.13808094,0.6701962,0.23010528,-0.25644267,-0.010967638,-0.18163349,0.80838704,0.47464716,-0.46290278,-0.19846193,-0.63798475,-0.6838751,-0.10181546,-0.5336399,0.26654786,0.82451034,0.019318605,0.5803491,-0.5849868,-0.73504746,-0.50831044,-0.57030976,0.72088724,0.25394446,-0.5658404,-0.5554322,-0.1851447,-0.8022698,0.36109602,-0.70530504,0.5401275,-0.48536342,-0.36839208,-0.41511932,-0.27444962,0.9425429,0.09413491,0.423183,0.9391386,0.14376971,0.8098706,0.94591916,0.9652514,0.94085556,0.97408557,-0.7551304,0.23043652,-0.22479546,0.39127415,0.73701924,0.79792565,0.33549356,0.5970524,0.42524707,0.06840291,-0.34072322,0.17558154,0.8690045,-0.26756188,-0.17142747,-0.15276715,-0.64569163,-0.67740524,0.9177773,0.088386126,0.21903124,-0.66482204,-0.68705076,-0.5638958,-0.7028115,-0.43887025,-0.23667109,-0.30635074,0.1947439,0.048120476,0.86870146,-0.2914207,-0.81705105,-0.36932012,-0.5837791,-0.122616485,-0.7460641,0.23347321,-0.27864927,-0.093703784,0.92263716,0.35423273
-0.40726358,-0.7913516,-0.7909602,-0.6355442,-0.78845644,-0.8250047,0.07235671,-0.7910073,-0.8120853,0.9084272,0.484898,0.67673993,-0.09016792,-0.20425878,-0.66446984,-0.0018839124,0.16364053,-0.24187426,0.09917998,-0.63574815,-0.49627137,0.21777062,-0.06310435,0.64065653,0.8039811,0.3916254,0.44338053,-0.337349,-0.71993864,-0.24525383,-0.65582705,0.6363457,0.5459373,0.25540596,0.32927275,-0.74367195,-0.48062116,0.43732065,0.55624473,0.37628758,0.58309865,-0.04662254,0.57054704,-0.38379234,0.23516658,0.15441704,0.15190274,0.0004194561,-0.7790357,-0.062957674,-0.14944121,-0.7756696,0.11721051,-0.7554219,-0.84729147,-0.7919675,-0.8048724,-0.81864935,0.83752847,0.09493562,0.4654268,-0.096153446,-0.48054692,-0.76206017,-0.48110914,-0.6401564,-0.19494414,-0.07446932,0.11072753,-0.3909258,-0.7312608,0.05132188,-0.078301616,0.3766231,0.62342715,0.75536686,-0.77074933,-0.2829768,-0.34105498,0.6341075,0.4561168,0.3392564,0.52445877,0.20194817,0.07601334,0.06948008,-0.4488401,-0.17949691,-0.7868973,0.33845106,0.7137133,0.45936614,0.6132804,-0.09723181,0.6197332,-0.14354756,0.08373143,-0.17065549,-0.7602745,-0.29460472
0.1915454,-0.2482166,-0.14392641,-0.5229639,-0.2024303,-0.2526624,0.6072692,-0.24222086,-0.18413861,0.484898,0.9243709,0.7745654,0.6286436,-0.008330778,-0.28028992,0.51896167,0.13579354,-0.6461918,0.10647261,-0.046089664,-0.18760142,-0.52378297,-0.6383601,0.44448182,0.5217755,0.8409667,0.21885191,-0.4035393,-0.07779311,-0.6594559,-0.5610095,0.3948402,-0.17315471,-0.44482708,-0.42969728,-0.33810246,-0.58837926,-0.058581106,0.26533023,0.62993777,-0.17417651,0.47768372,0.03087082,0.20624939,-0.32539472,-0.31221443,-0.5750619,-0.66629267,-0.13587335,0.18375565,0.5082437,-0.10439071,0.66838354,-0.3220024,-0.32654086,-0.17529714,-0.17962776,-0.20439094,0.5910208,0.7644437,0.8374741,0.6312622,0.30516374,-0.2843604,-0.40150222,-0.37703496,0.40260524,0.17110749,-0.32535064,-0.6629914,-0.12367503,-0.5478154,-0.55258703,0.6364769,0.41904718,0.56220675,-0.1095708,-0.6146939,-0.6088645,0.19098999,-0.25981098,-0.37222427,-0.092958756,-0.50092053,-0.40690726,-0.5943972,-0.61113095,-0.5018934,-0.23406404,0.18053362,0.160682,0.50069785,0.41082022,-0.691335,0.12670054,0.15890315,-0.3677581,-0.68820274,-0.12539575,0.106905
-0.100458965,-0.54638004,-0.46071804,-0.71689606,-0.49771202,-0.5602689,0.4475422,-0.4756701,-0.49613705,0.67673993,0.7745654,0.9273601,0.34461913,0.19657631,-0.3973638,0.3450153,0.4553994,-0.41066402,0.40786988,-0.40327996,-0.13102004,-0.24426425,-0.3856315,0.72367966,0.62286603,0.71016467,0.42554212,-0.5713024,-0.34720778,-0.53644276,-0.74219286,0.5473716,0.14021061,-0.11179711,-0.1474424,-0.48243445,-0.5366975,0.20696475,0.4676579,0.5809457,0.17807817,0.113882914,0.3227902,-0.09653373,-0.061252356,-0.074597284,-0.3003754,-0.43064523,-0.47981352,0.2253679,0.20255432,-0.43361372,0.5129795,-0.62582505,-0.61544806,-0.5156449,-0.48699677,-0.5163491,0.77547514,0.53144735,0.84119076,0.36921945,-0.023585808,-0.46691826,-0.24737978,-0.46726394,0.12631653,0.37010247,0.0669358,-0.53369915,-0.40401733,-0.3812948,-0.28663662,0.51511717,0.74981034,0.7284349,-0.44628102,-0.552534,-0.70523095,0.35804772,0.032298945,-0.09368537,0.12645689,-0.27699268,-0.31465077,-0.39419296,-0.5304557,-0.60169965,-0.5190953,0.083466336,0.42298925,0.58594036,0.55271006,-0.5726352,0.39066607,-0.05188643,-0.21044388,-0.5211226,-0.47794124,0.018411204
0.5773169,0.31453145,0.42029896,-0.10208471,0.3607862,0.31638288,0.7048714,0.32697076,0.39120373,-0.09016792,0.6286436,0.34461913,0.91886526,0.15732548,0.1948458,0.6414387,0.025735648,-0.53804916,0.04876715,0.47746062,0.20507494,-0.7897552,-0.676406,0.00015576696,0.015955241,0.6398625,-0.11668415,-0.23904464,0.47373015,-0.58607054,-0.079683825,0.044700645,-0.57986045,-0.7218206,-0.78119075,0.20365638,-0.29203287,-0.29624525,-0.021054892,0.48380065,-0.63689953,0.59146285,-0.38018164,0.559386,-0.52957726,-0.45120496,-0.7747445,-0.7552893,0.43484503,0.3133549,0.71543026,0.46179312,0.6829617,0.20924252,0.25005376,0.38651168,0.39802063,0.373173,0.031375814,0.80988383,0.59715545,0.9072389,0.75093246,0.23813638,-0.10423845,0.04417425,0.6627352,0.26241046,-0.46016115,-0.46282962,0.4348371,-0.7054858,-0.59161174,0.4728706,-0.011523254,0.0336239,0.46159643,-0.5143572,-0.3623768,-0.2022281,-0.6691265,-0.7067959,-0.51935494,-0.7679232,-0.5240717,-0.7513096,-0.34600848,-0.459723,0.35541466,-0.026885001,-0.36266828,0.25140026,0.022671439,-0.70633405,-0.33745912,0.32783037,-0.44656312,-0.63749194,0.4427686,0.404051
0.022379516,0.09691246,0.12398133,-0.10155995,0.1437053,0.095735736,0.21932593,0.29713878,0.13808094,-0.20425878,-0.008330778,0.19657631,0.15732548,0.97350556,0.39721358,0.11319949,0.8227568,0.29028302,0.8633045,-0.05961264,0.73429656,-0.17359355,0.09871477,0.24724707,-0.25934327,0.011221087,0.079802506,-0.48531914,0.22170007,-0.08061637,-0.06708551,0.01596268,-0.108930126,0.009864658,-0.275248,0.3019681,0.091537654,0.115436986,0.12726383,0.046459597,-0.0899501,-0.29776305,0.007328217,-0.041112687,-0.07432633,0.0035050893,-0.13602051,-0.13692707,0.06480044,0.4226297,-0.07848635,0.12862879,0.121695854,-0.04407396,0.09015529,0.038637154,0.15960446,0.13776097,-0.13320583,0.11484808,0.26525274,0.22399385,0.18184721,0.2971863,0.67877173,0.26870883,0.006391826,0.90030444,0.5528296,0.17449239,0.17793754,-0.29120642,0.20898658,-0.19981836,0.40449822,-0.06639999,0.0875253,-0.12980786,-0.37377405,-0.23569,-0.24325323,-0.20245683,-0.37840307,-0.32425952,-0.39660075,-0.25999233,0.10455289,-0.6398839,0.13819379,-0.5960998,-0.23236352,0.081236444,-0.12866719,-0.31267777,-0.10346597,-0.2520057,-0.15720636,-0.09594536,0.024531811,0.33578813
0.14024688,0.53598976,0.6021767,0.4427835,0.5635921,0.6500865,-0.122581705,0.6555244,0.6701962,-0.66446984,-0.28028992,-0.3973638,0.1948458,0.39721358,0.9223749,-0.14459021,0.013264687,0.38964593,0.08024308,0.46908265,0.72162294,-0.101631105,0.2272672,-0.4879474,-0.71412563,-0.31871238,-0.4843368,0.2744426,0.58124703,0.32815307,0.5442423,-0.63766885,-0.4563943,-0.053340413,-0.25359154,0.49397773,0.17005262,-0.42534906,-0.4925961,-0.43316257,-0.4681844,0.006008057,-0.6238581,0.08658485,-0.44674742,-0.3740404,-0.092570886,-0.025094453,0.5704924,-0.11588475,-0.028383626,0.57194346,-0.1497258,0.5266534,0.65950817,0.6460496,0.6638041,0.6785262,-0.6980186,0.12179479,-0.27544588,0.17132449,0.55066687,0.8607677,0.7054306,0.8654077,0.0023768973,0.25108534,0.17313302,0.5638341,0.76886725,0.05434718,0.30543643,-0.4528152,-0.39704698,-0.5010422,0.6380359,0.40226406,0.20958677,-0.67227554,-0.40235326,-0.16776066,-0.6590054,-0.14729965,-0.17803566,0.013674829,0.14667605,0.043039,0.56734955,-0.47317678,-0.6612322,-0.53666663,-0.64094156,0.07179466,-0.70949805,-0.22932532,-0.26565322,0.09223465,0.5502395,0.053748578
0.7145964,0.26997572,0.31357846,-0.16903457,0.29683638,0.1700679,0.86946833,0.22437596,0.23010528,-0.0018839124,0.51896167,0.3450153,0.6414387,0.11319949,-0.14459021,0.89332765,0.12875654,-0.6378411,0.14115205,0.4002285,0.019411724,-0.8010239,-0.75475395,0.2011378,0.16113673,0.6821171,0.23757648,-0.39818096,0.41130668,-0.71107376,-0.19742718,0.3508559,-0.38457704,-0.77363884,-0.7128904,0.24897063,-0.05706668,0.0400472,0.2897208,0.76427674,-0.45209372,0.44096917,0.015783558,0.71227187,-0.07180822,0.010188096,-0.71087784,-0.6314397,0.32374734,0.6219398,0.7899178,0.3678627,0.78704,0.119417064,0.10904883,0.20613648,0.24813074,0.2048023,0.18393764,0.51022273,0.5965513,0.7187386,0.46857888,-0.06016331,-0.29971218,-0.30692464,0.8235718,0.28586525,-0.49933076,-0.7178158,0.162565,-0.84345204,-0.7350143,0.6955298,0.1367395,0.03521786,0.311306,-0.7396727,-0.38661355,0.10901202,-0.495445,-0.75659114,-0.1742095,-0.7557446,-0.36725163,-0.8170073,-0.0901172,-0.4906218,0.3062185,0.19750813,-0.11785275,0.5763931,0.34714872,-0.7162376,0.06593846,0.6337411,-0.09680562,-0.50061774,0.33218563,0.65511715
-0.14362456,-0.25806618,-0.24665226,-0.39723852,-0.21377686,-0.29837027,0.23589012,-0.082414046,-0.25644267,0.16364053,0.13579354,0.4553994,0.025735648,0.8227568,0.013264687,0.12875654,0.9578364,0.16161989,0.9419267,-0.37979862,0.43535,-0.06624396,0.058202915,0.5671102,0.07666163,0.16001263,0.38347977,-0.6383552,-0.115709595,-0.18925141,-0.39992613,0.31892097,0.1646094,0.122810185,-0.08907523,0.0021252849,-0.019411597,0.3334502,0.39083385,0.2433691,0.20561293,-0.38327387,0.34583458,-0.17863756,0.16229248,0.19293162,-0.045158125,-0.091970526,-0.308514,0.44782528,-0.14506176,-0.23980893,0.17415619,-0.39896595,-0.30721238,-0.35539263,-0.23803362,-0.26613885,0.2579428,0.057372842,0.4382119,0.108727664,-0.11905773,-0.107537195,0.42124432,-0.09059541,-0.069375545,0.85307133,0.5916729,-0.042389188,-0.22242655,-0.26976866,0.15854573,-0.0025832877,0.71026385,0.25549847,-0.28834403,-0.27528217,-0.54408735,0.08732732,0.027654752,-0.043391716,-0.027674366,-0.19542718,-0.2904517,-0.22070459,0.023129856,-0.68678826,-0.2223154,-0.38263535,0.14960122,0.3385486,0.21503511,-0.34506795,0.2870847,-0.23427236,-0.015785556,-0.115356475,-0.341379,0.24551113
-0.49973243,-0.010433624,-0.08457233,0.31106243,-0.028637143,0.033367828,-0.6222221,0.10328918,-0.010967638,-0.24187426,-0.6461918,-0.41066402,-0.53804916,0.29028302,0.38964593,-0.6378411,0.16161989,0.89647126,0.18748108,-0.18301824,0.41659355,0.65912944,0.8403037,-0.18335225,-0.4093637,-0.7442292,-0.16136846,0.23755327,-0.10024926,0.7045728,0.3711568,-0.33212763,0.314765,0.69550455,0.5138813,0.111899585,0.32253873,0.12845469,-0.14459935,-0.6388725,0.36425272,-0.61172354,0.009271094,-0.54545516,0.19511184,0.18147491,0.6659462,0.65933996,-0.11655145,-0.2776022,-0.7311686,-0.13098909,-0.6829792,0.0640524,0.09833319,-0.039188504,-0.0042178156,0.013567688,-0.39685902,-0.55392915,-0.5905026,-0.56634617,-0.3141513,0.2754212,0.6268681,0.46474344,-0.61723924,0.08881648,0.6841757,0.8285041,0.047100425,0.62533826,0.8024796,-0.7154017,-0.089327335,-0.28803432,-0.09812355,0.68211734,0.4086607,-0.17395109,0.36464864,0.57056373,0.035684835,0.55591136,0.32170525,0.6685357,0.3607158,0.27863607,-0.010043511,-0.31948954,-0.052883122,-0.5049672,-0.38770854,0.62168336,-0.114745125,-0.549584,0.24283642,0.6142576,-0.1384535,-0.2913521
-0.10419891,-0.18884496,-0.17472908,-0.35060284,-0.15052277,-0.22572362,0.24009416,-0.009420062,-0.18163349,0.09917998,0.10647261,0.40786988,0.04876715,0.8633045,0.08024308,0.14115205,0.9419267,0.18748108,0.9720712,-0.32085854,0.49824655,-0.08578445,0.060253486,0.5265957,0.014692921,0.1344626,0.33828306,-0.62395334,-0.041970618,-0.1731062,-0.33970827,0.26887715,0.11053051,0.10134325,-0.123795785,0.07243551,0.022957515,0.30062807,0.34884882,0.21374765,0.16047163,-0.38402745,0.30088788,-0.14903806,0.14025298,0.18537682,-0.056106575,-0.09212577,-0.23715994,0.47103256,-0.11812578,-0.16631472,0.17298949,-0.3344397,-0.23401374,-0.28375232,-0.16427484,-0.1905669,0.19108167,0.055929676,0.40447098,0.12903273,-0.06382818,-0.034953214,0.4664531,-0.028167766,-0.04533683,0.88081086,0.58582497,-0.0091465935,-0.15159406,-0.2787912,0.16248024,-0.035372674,0.66289467,0.18533126,-0.21903247,-0.2599049,-0.5186447,0.038960878,-0.019402731,-0.07781856,-0.09109013,-0.21891735,-0.30124685,-0.2312489,0.053404585,-0.68837,-0.14891168,-0.423311,0.092089765,0.31420422,0.16840523,-0.33881116,0.22453009,-0.22223148,-0.023484617,-0.103226826,-0.26999447,0.28870565
0.6972031,0.77452993,0.8196608,0.47921616,0.7719094,0.78364414,0.3332978,0.7129219,0.80838704,-0.63574815,-0.046089664,-0.40327996,0.47746062,-0.05961264,0.46908265,0.4002285,-0.37979862,-0.18301824,-0.32085854,0.8751332,0.2754986,-0.523719,-0.33549565,-0.5526786,-0.501068,0.045992933,-0.39397037,0.26380384,0.7920855,-0.10610594,0.54252654,-0.37886292,-0.6502671,-0.5946295,-0.5724682,0.65267503,0.261441,-0.41831505,-0.36609703,0.04785808,-0.7285547,0.43328297,-0.5635818,0.66917205,-0.33540457,-0.23160031,-0.44867736,-0.29762727,0.84934926,0.18208645,0.58114886,0.83267677,0.28267777,0.72055304,0.7609756,0.8151463,0.79809546,0.7997041,-0.5620866,0.28957486,-0.110651284,0.4902408,0.7192031,0.60541487,0.07331293,0.39817205,0.60279274,-0.07851315,-0.51850677,-0.025158951,0.759217,-0.34629485,-0.33470488,0.11494692,-0.60806525,-0.5972166,0.8459587,-0.049048573,0.26912647,-0.40766072,-0.6066662,-0.5884666,-0.5144794,-0.45644325,-0.122054175,-0.37065333,0.1957016,0.10703935,0.8216156,0.02472828,-0.6248895,-0.14749736,-0.3261487,-0.16448453,-0.5657164,0.4599738,-0.122234955,-0.09975507,0.8614856,0.43672422
0.11471419,0.39522558,0.43051904,0.22561762,0.42927915,0.4365095,0.08931403,0.5764233,0.47464716,-0.49627137,-0.18760142,-0.13102004,0.20507494,0.73429656,0.72162294,0.019411724,0.43535,0.41659355,0.49824655,0.2754986,0.88925636,-0.15452135,0.21344823,-0.14045928,-0.569626,-0.18752396,-0.16857028,-0.091798775,0.48724502,0.1646795,0.30501914,-0.32686725,-0.29463404,-0.020139448,-0.30428886,0.47780383,0.19051331,-0.12125913,-0.14603595,-0.17091843,-0.29826176,-0.18804586,-0.31244624,0.05497776,-0.22868875,-0.13331144,-0.10390569,-0.050767973,0.38002303,0.1922603,-0.051019005,0.41879466,-0.0065900143,0.30504993,0.4421337,0.39828262,0.49006605,0.48018828,-0.4861619,0.10735747,-0.035057884,0.2307012,0.41525578,0.6445646,0.762764,0.61979854,0.046003383,0.6066091,0.40029013,0.42926106,0.5374144,-0.13515523,0.30297804,-0.33655265,-0.016697437,-0.35149208,0.43363872,0.17078233,-0.04966686,-0.4765026,-0.33185488,-0.20151743,-0.5407565,-0.25694898,-0.2424837,-0.12612058,0.18933631,-0.29545528,0.4323815,-0.50562596,-0.4907486,-0.23313063,-0.40053248,-0.11216263,-0.42344832,-0.23547766,-0.13988358,0.060278602,0.3461513,0.24719563
-0.78056526,-0.47173846,-0.53009236,0.020205328,-0.50383925,-0.40376735,-0.80270606,-0.43344948,-0.46290278,0.21777062,-0.52378297,-0.24426425,-0.7897552,-0.17359355,-0.101631105,-0.8010239,-0.06624396,0.65912944,-0.08578445,-0.523719,-0.15452135,0.97642356,0.8272954,-0.0050399527,0.017871616,-0.6723298,-0.00458917,0.2965387,-0.5905436,0.7091248,0.08710135,-0.09229575,0.6590459,0.9170918,0.9233862,-0.34571558,0.11373062,0.2874471,0.02749012,-0.5553844,0.75153345,-0.60481876,0.32134256,-0.7932655,0.40544918,0.31621116,0.9241907,0.83936614,-0.5400194,-0.5020054,-0.8516644,-0.5878959,-0.77891326,-0.3265503,-0.3395186,-0.4494921,-0.48472053,-0.44473928,0.034588654,-0.67761916,-0.5703579,-0.84406924,-0.70717263,-0.19650242,0.1839201,0.07755737,-0.8063699,-0.30090508,0.59124076,0.62650555,-0.40646514,0.90004647,0.77157587,-0.5192252,0.04732555,0.05563764,-0.5420059,0.6649531,0.4177029,0.21328205,0.73900795,0.92267585,0.4736951,0.9244508,0.61038977,0.93627,0.17437567,0.50504494,-0.45553967,0.054870278,0.41719675,-0.34421843,-0.04677736,0.81209296,0.26006985,-0.5632057,0.42184913,0.6831014,-0.54337287,-0.60952425
-0.66869515,-0.2173643,-0.2748605,0.20264196,-0.23866853,-0.1455977,-0.7500676,-0.1185174,-0.19846193,-0.06310435,-0.6383601,-0.3856315,-0.676406,0.09871477,0.2272672,-0.75475395,0.058202915,0.8403037,0.060253486,-0.33549565,0.21344823,0.8272954,0.936877,-0.12984473,-0.26853138,-0.7576947,-0.09612209,0.34077597,-0.30655608,0.8087373,0.2706986,-0.28532323,0.46579322,0.8371293,0.7243241,-0.10264686,0.22488981,0.17930046,-0.1016442,-0.65487957,0.5395423,-0.65955436,0.1155538,-0.6980917,0.29432335,0.24578589,0.8233794,0.79362094,-0.30960757,-0.44787264,-0.83420646,-0.33228657,-0.7629763,-0.09930589,-0.07674086,-0.20596752,-0.20092565,-0.17588618,-0.2348722,-0.63668376,-0.63611925,-0.7177753,-0.4798386,0.11951761,0.49979502,0.36667657,-0.7409269,-0.08349612,0.7016273,0.82158256,-0.11810914,0.798224,0.8718307,-0.6721366,-0.044162117,-0.14102808,-0.2814874,0.7741473,0.45218307,-0.035355464,0.5663781,0.76361775,0.23257592,0.755118,0.5098296,0.8371296,0.27245426,0.43140966,-0.21572158,-0.15552004,0.14561713,-0.49578893,-0.2681461,0.75666493,0.02781938,-0.6038439,0.35110915,0.7135582,-0.3242287,-0.49720088
-0.24749468,-0.61505103,-0.5896739,-0.66691697,-0.58256817,-0.67810977,0.2814054,-0.5397843,-0.63798475,0.64065653,0.44448182,0.72367966,0.00015576696,0.24724707,-0.4879474,0.2011378,0.5671102,-0.18335225,0.5265957,-0.5526786,-0.14045928,-0.0050399527,-0.12984473,0.85885084,0.5333105,0.46761018,0.6591363,-0.5197346,-0.43917584,-0.32209742,-0.72156274,0.5672096,0.3618077,0.12480374,0.102170244,-0.43932742,-0.2489827,0.4056451,0.5600103,0.5061383,0.4380895,-0.22786999,0.5795171,-0.20766199,0.32381162,0.2962467,-0.013888771,-0.10555087,-0.6349436,0.2763489,-0.03346704,-0.57243425,0.32801086,-0.6902295,-0.70174146,-0.6819437,-0.6125277,-0.65537214,0.75406635,0.12719558,0.61894196,0.062399812,-0.3184107,-0.57089925,-0.14447741,-0.51489043,-0.01585222,0.3984964,0.2972852,-0.38850313,-0.58405894,-0.19983909,-0.057751033,0.40084246,0.8445791,0.6625271,-0.5922837,-0.3975508,-0.5919949,0.48370296,0.3263675,0.1210005,0.41141725,-0.029224599,-0.05253859,-0.16492742,-0.2065478,-0.46201682,-0.5921294,0.1576509,0.60300547,0.6045024,0.6476981,-0.34558082,0.6574853,-0.042009525,0.13355513,-0.17985345,-0.64166963,0.026553277
-0.17966565,-0.6168156,-0.64398926,-0.52889663,-0.6182505,-0.68876207,0.20120347,-0.6662619,-0.6838751,0.8039811,0.5217755,0.62286603,0.015955241,-0.25934327,-0.71412563,0.16113673,0.07666163,-0.4093637,0.014692921,-0.501068,-0.569626,0.017871616,-0.26853138,0.5333105,0.88501954,0.45127445,0.35285708,-0.40996373,-0.63278943,-0.43721628,-0.6152468,0.69862306,0.4386478,0.026284218,0.12558715,-0.6443324,-0.48365855,0.41196397,0.55112743,0.45542365,0.40445474,0.11866735,0.50952804,-0.18888703,0.14447522,0.074717745,-0.037897807,-0.16784236,-0.61191416,0.029962333,0.029669955,-0.60782826,0.20752048,-0.60189766,-0.71926093,-0.6558747,-0.6754034,-0.68384933,0.76238,0.16675878,0.48545498,0.012939757,-0.39532417,-0.7764996,-0.63094133,-0.7357033,-0.04229361,-0.119477764,-0.11863255,-0.5594195,-0.68714166,-0.1377007,-0.32395846,0.4352541,0.49649426,0.66106737,-0.6573112,-0.45936644,-0.34844428,0.57928455,0.2463454,0.12312555,0.42927143,0.015249731,-0.062007893,-0.117712736,-0.46605083,-0.25250235,-0.6576523,0.29250664,0.56587076,0.4699003,0.55197537,-0.22387835,0.53464127,0.0069816266,-0.035257924,-0.33422905,-0.59625906,-0.15460645
0.36205232,-0.13013951,-0.036427688,-0.49294716,-0.080393866,-0.16931957,0.7261553,-0.14975384,-0.10181546,0.3916254,0.8409667,0.71016467,0.6398625,0.011221087,-0.31871238,0.6821171,0.16001263,-0.7442292,0.1344626,0.045992933,-0.18752396,-0.6723298,-0.7576947,0.46761018,0.45127445,0.93240976,0.3473559,-0.40859088,0.05700902,-0.72895336,-0.5831448,0.39916468,-0.25795627,-0.59596884,-0.54818386,-0.22868386,-0.47110903,-0.06046769,0.27521086,0.7432438,-0.2671742,0.45053777,0.050015114,0.3913654,-0.21633711,-0.18426043,-0.6916797,-0.7188409,-0.039800644,0.31991136,0.65121794,0.012379346,0.80961037,-0.23733479,-0.24152054,-0.10180952,-0.08376299,-0.12292059,0.56090486,0.7124322,0.8405972,0.67443264,0.3447845,-0.28180146,-0.43361574,-0.42907274,0.5705166,0.21532999,-0.414828,-0.77748275,-0.08464815,-0.69312155,-0.67099124,0.74683577,0.41344014,0.5056094,-0.0042768945,-0.7042794,-0.6549192,0.19683716,-0.30177164,-0.5250255,-0.04374483,-0.6166011,-0.41527593,-0.73301196,-0.48895305,-0.5209673,-0.13380715,0.24455261,0.13749212,0.59521013,0.48046517,-0.79054934,0.18173096,0.3676929,-0.29093516,-0.68724453,-0.028497804,0.25952587
-0.12712665,-0.4497375,-0.45485055,-0.460986,-0.42958927,-0.5464951,0.23624918,-0.44281343,-0.5336399,0.44338053,0.21885191,0.42554212,-0.11668415,0.079802506,-0.4843368,0.23757648,0.38347977,-0.16136846,0.33828306,-0.39397037,-0.16857028,-0.00458917,-0.09612209,0.6591363,0.35285708,0.3473559,0.8060153,-0.25133917,-0.27058303,-0.1884546,-0.5385954,0.42367828,0.31163937,0.07055529,0.12895934,-0.29746768,0.021671018,0.37200373,0.46800527,0.45991296,0.39128697,-0.30767345,0.54823923,-0.039251626,0.50836915,0.5003431,0.026008017,0.027173072,-0.508467,0.26827747,0.027261432,-0.45033512,0.30377537,-0.49797037,-0.5507835,-0.5605994,-0.49929687,-0.55333114,0.5848308,-0.08409139,0.3759027,-0.040759955,-0.33104193,-0.5097717,-0.17578603,-0.46590132,0.09227013,0.22179228,0.17372195,-0.35551158,-0.494564,-0.1599857,-0.065438576,0.4109846,0.62862206,0.46617162,-0.43517613,-0.2784493,-0.35793144,0.46595362,0.42878866,0.0885269,0.5580648,0.035739798,0.1544052,-0.11464197,0.048410907,-0.18847272,-0.4477712,0.34019837,0.5874301,0.54857767,0.6475755,-0.21499538,0.68381643,0.1877901,0.34850097,0.01476144,-0.5118108,0.08454208
-0.13022944,0.21833636,0.23163845,0.4324058,0.19501404,0.31284177,-0.49895483,0.148183,0.26654786,-0.337349,-0.4035393,-0.5713024,-0.23904464,-0.48531914,0.2744426,-0.39818096,-0.6383552,0.23755327,-0.62395334,0.26380384,-0.091798775,0.2965387,0.34077597,-0.5197346,-0.40996373,-0.40859088,-0.25133917,0.89994967,0.15956596,0.594421,0.45329815,-0.62164354,-0.12683588,0.18213195,0.2721122,0.035316564,0.16637254,-0.39971447,-0.5284753,-0.5030892,-0.088975295,-0.015591679,-0.38811794,-0.06281728,-0.048542436,-0.07945378,0.28076297,0.36006254,0.22357547,-0.60431087,-0.17797904,0.18655042,-0.35893226,0.3640543,0.34844083,0.33442593,0.26312122,0.28348297,-0.4114493,-0.26433572,-0.6181788,-0.30583793,0.07170709,0.34194797,0.05806379,0.4335692,-0.17140068,-0.595427,-0.1366776,0.45771742,0.3199228,0.52094615,0.30955267,-0.27246737,-0.5874812,-0.28334856,0.30211297,0.6854527,0.5605351,-0.24898577,0.21196869,0.27809867,0.07238277,0.42083663,0.4578341,0.4771744,0.16594467,0.80888665,0.18808743,0.2632169,-0.15338194,-0.5492979,-0.32728124,0.52270925,-0.2865969,-0.019123377,0.16621551,0.42888457,0.23516034,-0.42240214
0.67895424,0.7811518,0.8421438,0.43419564,0.8002263,0.7866579,0.36318177,0.7803546,0.82451034,-0.71993864,-0.07779311,-0.34720778,0.47373015,0.22170007,0.58124703,0.41130668,-0.115709595,-0.10024926,-0.041970618,0.7920855,0.48724502,-0.5905436,-0.30655608,-0.43917584,-0.63278943,0.05700902,-0.27058303,0.15956596,0.89677364,-0.10709281,0.46845853,-0.4384028,-0.7070477,-0.5909898,-0.6475297,0.73207754,0.33695024,-0.43100923,-0.36954963,0.0542102,-0.75249857,0.2994675,-0.5499754,0.66954076,-0.30582833,-0.19527933,-0.50542915,-0.34031948,0.8318641,0.2972774,0.5391196,0.8503313,0.33473033,0.69084823,0.76687926,0.8027923,0.82993007,0.81426543,-0.5905478,0.279105,-0.04392532,0.511185,0.74447453,0.68786395,0.2975875,0.49166393,0.5910996,0.2022641,-0.33218163,0.028736744,0.79807913,-0.42884147,-0.2592391,0.055052683,-0.4495578,-0.5744318,0.87754965,-0.0572981,0.09899855,-0.51342356,-0.6294513,-0.6412478,-0.56322193,-0.5365772,-0.22831124,-0.44965822,0.2952794,-0.049824283,0.8276738,-0.13991675,-0.6605731,-0.12981144,-0.3419247,-0.27668083,-0.5403795,0.4159366,-0.14009729,-0.1163727,0.82692254,0.5222424
-0.52224207,-0.04399728,-0.05194097,0.30840158,-0.05995306,0.07165263,-0.7438074,0.008399612,0.019318605,-0.24525383,-0.6594559,-0.53644276,-0.58607054,-0.08061637,0.32815307,-0.71107376,-0.18925141,0.7045728,-0.1731062,-0.10610594,0.1646795,0.7091248,0.8087373,-0.32209742,-0.43721628,-0.72895336,-0.1884546,0.594421,-0.10709281,0.9143306,0.40227842,-0.5166556,0.23323789,0.6685817,0.62658167,-0.002917175,0.25679418,-0.07899226,-0.33100778,-0.68491054,0.322349,-0.5014717,-0.09018395,-0.50772184,0.19549492,0.17083544,0.7176801,0.75469846,-0.09071798,-0.53727686,-0.6523919,-0.118414,-0.6787076,0.08007008,0.13394378,0.032849744,0.0035820482,0.03734099,-0.37536722,-0.57605267,-0.72461295,-0.63501215,-0.27265775,0.2949903,0.46629906,0.5045184,-0.57354397,-0.24348682,0.48316473,0.8110112,0.09788576,0.79401433,0.80529463,-0.5886113,-0.26407585,-0.26756346,-0.030849548,0.8861607,0.5525272,-0.15726984,0.4752025,0.6482751,0.16056329,0.7194945,0.58005965,0.80601436,0.29038757,0.63523304,-0.029286124,-0.0052380245,0.023833381,-0.5649835,-0.32003072,0.76886904,-0.108154476,-0.42607135,0.36976886,0.7512926,-0.09986463,-0.49211553
0.23297964,0.5802383,0.5343755,0.6669066,0.54674715,0.6069147,-0.26035255,0.55464876,0.5803491,-0.65582705,-0.5610095,-0.74219286,-0.079683825,-0.06708551,0.5442423,-0.19742718,-0.39992613,0.3711568,-0.33970827,0.54252654,0.30501914,0.08710135,0.2706986,-0.72156274,-0.6152468,-0.5831448,-0.5385954,0.45329815,0.46845853,0.40227842,0.8543586,-0.49049976,-0.22843155,-0.005077113,-0.036129378,0.57080185,0.4714827,-0.20458508,-0.40314507,-0.45991778,-0.29516077,0.019960249,-0.4145119,0.18229425,-0.08397331,-0.05729445,0.14365013,0.2575812,0.56595206,-0.10794106,-0.05156675,0.51596063,-0.35911864,0.63896954,0.63848305,0.5886396,0.56547415,0.58716935,-0.75189143,-0.25868118,-0.6421931,-0.09796607,0.2499044,0.5778799,0.30938837,0.56247103,0.030754624,-0.23733564,-0.08436579,0.50462306,0.566383,0.22568396,0.20553577,-0.4139411,-0.71551573,-0.73955643,0.55017483,0.44183123,0.67532,-0.3650036,-0.21855749,-0.036390625,-0.3090557,0.09369211,0.18465796,0.24072002,0.45018,0.42713025,0.63231945,-0.12964204,-0.50412273,-0.50521475,-0.53921694,0.43234628,-0.5087401,0.07666492,0.09700484,0.3631555,0.5805756,0.12046582
0.026484922,-0.47307438,-0.5265759,-0.4881496,-0.4839545,-0.60542995,0.4027517,-0.49537122,-0.5849868,0.6363457,0.3948402,0.5473716,0.044700645,0.01596268,-0.63766885,0.3508559,0.31892097,-0.33212763,0.26887715,-0.37886292,-0.32686725,-0.09229575,-0.28532323,0.5672096,0.69862306,0.39916468,0.42367828,-0.62164354,-0.4384028,-0.5166556,-0.49049976,0.8889152,0.44727096,-0.06238797,0.00979141,-0.31560034,-0.19018449,0.6518032,0.7589884,0.6081218,0.38409293,0.005116105,0.6556194,-0.0034046592,0.35159418,0.31998703,-0.066225484,-0.14173649,-0.49835634,0.42856184,0.11293909,-0.48436293,0.2800221,-0.53880495,-0.6316923,-0.6072353,-0.58057487,-0.59968674,0.65098405,0.06890917,0.49347115,0.093159035,-0.3584519,-0.6989877,-0.4535243,-0.7182708,0.13866982,0.15496428,-0.022655787,-0.5802304,-0.61630046,-0.3268291,-0.34587234,0.477328,0.5489987,0.44158527,-0.56279606,-0.6158931,-0.3236695,0.61914957,0.1468293,-0.038515072,0.3738627,-0.13538048,-0.08873513,-0.2545065,-0.16741115,-0.43790916,-0.4383093,0.21478482,0.5028827,0.64246947,0.61274457,-0.28557438,0.6031008,0.1750825,0.142683,-0.2500673,-0.47996423,0.23028758
-0.5888803,-0.6450462,-0.75158286,-0.25838754,-0.68372947,-0.6934893,-0.35208762,-0.625646,-0.73504746,0.5459373,-0.17315471,0.14021061,-0.57986045,-0.108930126,-0.4563943,-0.38457704,0.1646094,0.314765,0.11053051,-0.6502671,-0.29463404,0.6590459,0.46579322,0.3618077,0.4386478,-0.25795627,0.31163937,-0.12683588,-0.7070477,0.23323789,-0.22843155,0.44727096,0.8517949,0.6511527,0.688004,-0.4807707,-0.017361829,0.6566351,0.50123286,-0.05585058,0.8120057,-0.47196403,0.64142287,-0.5869138,0.5421525,0.44937748,0.643975,0.5339803,-0.73986936,-0.13462698,-0.59016526,-0.76654816,-0.42170292,-0.5604651,-0.6561849,-0.7365792,-0.73851454,-0.72875154,0.40926418,-0.49745727,-0.14426619,-0.58995926,-0.78179604,-0.58472997,-0.1417383,-0.37956774,-0.5327941,-0.13111323,0.4368831,0.12049581,-0.6974813,0.45459417,0.36860245,-0.123350665,0.37048465,0.32502884,-0.76566404,0.1447705,0.121744975,0.54122233,0.6833837,0.6635251,0.61853576,0.59209335,0.3800679,0.5322052,0.04079985,0.12569675,-0.64401734,0.16911344,0.62719226,0.122376725,0.31917882,0.42205983,0.5726602,-0.30279288,0.39506823,0.36292443,-0.7316365,-0.33160537
-0.839555,-0.52802664,-0.57908344,-0.07204723,-0.550219,-0.46063626,-0.73845845,-0.4395988,-0.50831044,0.25540596,-0.44482708,-0.11179711,-0.7218206,0.009864658,-0.053340413,-0.77363884,0.122810185,0.69550455,0.10134325,-0.5946295,-0.020139448,0.9170918,0.8371293,0.12480374,0.026284218,-0.59596884,0.07055529,0.18213195,-0.5909898,0.6685817,-0.005077113,-0.06238797,0.6511527,0.953939,0.86473817,-0.36995912,0.07313408,0.29825515,0.07112904,-0.5129584,0.766832,-0.6710104,0.33631796,-0.84287584,0.3697327,0.29422477,0.86727273,0.76559734,-0.6024329,-0.44375286,-0.87681985,-0.634709,-0.7148689,-0.4054134,-0.4013577,-0.5112757,-0.5203025,-0.49130905,0.08890621,-0.59869635,-0.44066697,-0.7679666,-0.6776421,-0.18463598,0.29601562,0.099754184,-0.8206513,-0.11525512,0.7176894,0.6290103,-0.4150161,0.82345474,0.8107462,-0.52154875,0.19814014,0.1358504,-0.58038855,0.62247837,0.27656713,0.20275357,0.7343239,0.9090812,0.42959708,0.84767956,0.5074204,0.8603244,0.13808337,0.3491271,-0.50884837,-0.03603515,0.42688227,-0.29417253,-0.02455847,0.69583523,0.27891123,-0.6494123,0.35740155,0.6156974,-0.61108994,-0.5870468
-0.7568223,-0.5755407,-0.619485,-0.11068803,-0.6132945,-0.51385653,-0.7262765,-0.5699501,-0.57030976,0.32927275,-0.42969728,-0.1474424,-0.78119075,-0.275248,-0.25359154,-0.7128904,-0.08907523,0.5138813,-0.123795785,-0.5724682,-0.30428886,0.9233862,0.7243241,0.102170244,0.12558715,-0.54818386,0.12895934,0.2721122,-0.6475297,0.62658167,-0.036129378,0.00979141,0.688004,0.86473817,0.9524216,-0.42648417,0.09443946,0.32531235,0.10437466,-0.4156931,0.8014438,-0.57631755,0.42464703,-0.73806775,0.4799897,0.41103402,0.88678706,0.80235803,-0.62578475,-0.45314303,-0.7605841,-0.6777014,-0.66546917,-0.43781656,-0.46257263,-0.5504571,-0.59825754,-0.55919874,0.18748075,-0.6565105,-0.47772306,-0.8229797,-0.7520127,-0.32969064,0.03536315,-0.06631003,-0.7192646,-0.35162774,0.512608,0.46968785,-0.5099816,0.84919673,0.67128694,-0.35106128,0.12738302,0.15740071,-0.61765116,0.565534,0.3549301,0.35307297,0.808556,0.91148204,0.6022662,0.92737055,0.66235423,0.8860667,0.14563733,0.50947887,-0.54045796,0.22193268,0.55894035,-0.18715574,0.13190196,0.7469168,0.40677047,-0.44326305,0.500612,0.6561421,-0.62280107,-0.5807917
