0,1,2,3,4,5,6,7,8,9,10,11,12,13,14,15,16,17,18,19,20,21,22,23,24,25,26,27,28,29,30,31,32,33,34,35,36,37,38,39,40,41,42,43,44,45,46,47,48,49,50,51,52,53,54,55,56,57,58,59,60,61,62,63,64,65,66,67,68,69,70,71,72,73,74,75,76,77,78,79,80,81,82,83,84,85,86,87,88,89,90,91,92,93,94,95,96,97,98,99
0.84976935,0.6512,0.34750465,0.6889883,0.1719096,0.22420508,0.44689816,0.5050375,0.09518343,-0.4654104,-0.3069803,-0.6239865,-0.4801315,-0.34511,-0.2823404,0.72188944,-0.031406425,0.49662286,0.3387847,0.118224114,0.41422176,-0.00074164127,-0.08819027,-0.627787,0.25129744,-0.7770204,-0.6190172,-0.75548947,-0.20473735,-0.72970104,0.5606787,0.77968764,0.45082796,0.3164655,-0.4122563,-0.33025676,-0.64389837,0.576589,0.26947632,0.15964416,-0.11288817,-0.60166717,-0.09395598,-0.53800756,-0.3939402,-0.17716452,0.076043785,-0.13133445,-0.028427556,-0.33514735,0.7440903,0.5630356,0.70729125,0.6399021,0.23852174,0.17235062,0.5858941,0.2638257,-0.42864132,-0.21193838,-0.5733712,-0.31152576,-0.6963577,-0.22813107,0.22868824,-0.5067818,-0.1685686,0.21429504,-0.010445019,0.46390525,0.38066536,-0.1797061,-0.15889597,-0.25419536,-0.6720321,-0.7639174,-0.6675812,-0.75593793,-0.104242936,0.7542453,-0.675462,0.016721388,-0.61929333,-0.30707198,-0.7869437,-0.34057248,-0.66549355,-0.745223,-0.4323296,-0.46297705,0.67666405,0.71010137,0.16245791,-0.5448729,-0.65530896,-0.4829243,-0.46575817,-0.3247977,-0.0051679662,-0.35311535
0.6512,0.96897364,0.7015008,0.81674695,0.64204323,0.5724837,0.7854117,0.85269845,0.5268713,-0.66291225,-0.34009552,-0.76834524,-0.5027069,-0.80888367,-0.6027795,0.8816849,-0.36774313,0.692139,0.07633199,0.6189499,0.45499167,-0.2758854,-0.24107328,-0.83342934,-0.2734552,-0.8283511,-0.76119375,-0.8321204,0.12716825,-0.9217987,0.7537143,0.4475274,0.088423386,0.17088982,-0.5835607,-0.011007756,-0.5196796,0.19235782,-0.14030626,0.12124249,-0.31614876,-0.7109796,-0.4222992,-0.5871073,-0.44743526,-0.5767538,-0.2954275,-0.3155065,0.30121067,-0.16774139,0.40145996,0.9481602,0.8709191,0.8721665,0.6285752,0.5004714,0.93318284,0.72036624,-0.6358216,-0.20467332,-0.673964,-0.22158936,-0.8561778,-0.61945695,-0.07715457,-0.7441913,0.09653357,-0.1198045,-0.17394575,0.5256158,0.45514485,-0.34622478,-0.32634872,-0.0006349671,-0.65585023,-0.78547823,-0.64273393,-0.91087663,-0.12620164,0.48337328,-0.49316147,-0.039653037,-0.55551594,-0.36253953,-0.6499729,-0.28676635,-0.5708481,-0.8292118,-0.10683416,-0.29242298,0.32064646,0.35819873,-0.15036307,-0.32607806,-0.54413766,-0.56428194,-0.549947,-0.44770652,0.25489,-0.18715529
0.34750465,0.7015008,0.9426454,0.38908207,0.8379769,0.89215004,0.59293646,0.7788478,0.8327873,-0.4462902,-0.12570077,-0.48424506,-0.32601637,-0.68252516,-0.3994663,0.48867124,-0.4392452,0.50528365,-0.09405841,0.7938982,0.3641652,-0.46692622,-0.30923033,-0.57789004,-0.41905338,-0.54371285,-0.57613504,-0.58004355,0.40735242,-0.61741996,0.5506356,0.11200707,-0.27038494,-0.07650427,-0.63717985,0.38097817,-0.17789534,-0.17465955,-0.4176846,-0.032490857,-0.44186473,-0.56697774,-0.61601996,-0.33819497,-0.33404058,-0.6853266,-0.54097456,-0.4196545,0.70046616,0.11945036,0.044207558,0.7081418,0.511138,0.49969625,0.8959123,0.8693211,0.7036071,0.88227594,-0.36904645,-0.0035565635,-0.4002536,-0.08774674,-0.5368542,-0.52220297,-0.16605769,-0.4643439,0.067327514,-0.27137172,-0.31517053,0.21050704,0.4810586,-0.53585494,-0.3849629,0.115180455,-0.33446974,-0.5373422,-0.22774625,-0.6456771,-0.0032533063,0.14419311,-0.33995998,-0.25794473,-0.37900782,-0.4528054,-0.4010972,-0.3259763,-0.30676877,-0.6200904,0.15644483,-0.23684767,0.011942081,0.14334297,-0.2578574,-0.110286266,-0.3899532,-0.3766542,-0.48841983,-0.48709178,0.60792994,0.003079688
0.6889883,0.81674695,0.38908207,0.9215618,0.30536282,0.2619972,0.7166366,0.5788351,0.20326361,-0.5212916,-0.27812955,-0.68790054,-0.37793928,-0.6378325,-0.54317886,0.8663852,-0.29808182,0.5003712,0.07052018,0.33358064,0.26595166,-0.15544498,-0.23700042,-0.71095824,-0.057381168,-0.773679,-0.62523365,-0.7437302,-0.048749097,-0.8242252,0.6870204,0.58764327,0.32460928,0.19273472,-0.3902878,-0.22782421,-0.5598976,0.4258236,0.15884835,0.31120622,-0.055112526,-0.5561155,-0.11859947,-0.51621914,-0.3259223,-0.27913633,0.0048690573,-0.20611158,0.00051697274,-0.23081282,0.5312934,0.79647195,0.8070816,0.8928311,0.27295417,0.16797704,0.74169374,0.37768298,-0.54000676,-0.1900016,-0.57889616,-0.15982242,-0.74969137,-0.5263305,-0.07328577,-0.70268106,0.17610733,-0.07437651,-0.12860268,0.47858286,0.21501645,-0.17803875,-0.2997239,0.022818217,-0.6373677,-0.6994884,-0.71723306,-0.80602264,-0.05682155,0.6248791,-0.42749333,0.17644025,-0.46093336,-0.22625834,-0.6235113,-0.10928206,-0.53169143,-0.71136856,-0.19454595,-0.17737941,0.4474601,0.40540567,0.09247095,-0.31972176,-0.4484626,-0.4489346,-0.37043822,-0.31332392,0.01645812,-0.17068103
0.1719096,0.64204323,0.8379769,0.30536282,0.92604136,0.8328493,0.58562565,0.77397794,0.8724171,-0.3225733,0.002005578,-0.32518178,-0.25963455,-0.7255573,-0.3758037,0.3947273,-0.5038967,0.44435656,-0.21503711,0.8529718,0.2888416,-0.5222537,-0.34532607,-0.44726545,-0.5167472,-0.3806684,-0.5238238,-0.41713467,0.5444437,-0.5040815,0.50788033,-0.12228487,-0.4804987,-0.19507751,-0.63307583,0.45412934,-0.07058781,-0.40406775,-0.6201167,-0.098527625,-0.52454466,-0.48322672,-0.7193972,-0.24885446,-0.3148082,-0.7850138,-0.7100129,-0.49312425,0.68125117,0.16298783,-0.16436416,0.6805862,0.41964477,0.43616855,0.8827386,0.7971008,0.6730424,0.9196645,-0.25902978,0.13059936,-0.24657959,-0.04309826,-0.445204,-0.5786399,-0.27227953,-0.40888357,0.15372881,-0.38678354,-0.35729825,0.117959574,0.43209344,-0.55222535,-0.41117597,0.22968245,-0.13649441,-0.36178544,-0.053055577,-0.5221219,0.010686907,-0.063217774,-0.15747729,-0.34534317,-0.27009815,-0.44767794,-0.23725736,-0.29687577,-0.19069967,-0.48955733,0.26250023,-0.12797552,-0.24539,-0.096525565,-0.38702592,0.06125123,-0.2251308,-0.30669048,-0.4438563,-0.5176107,0.54569775,0.055440567
0.22420508,0.5724837,0.89215004,0.2619972,0.8328493,0.95011616,0.55218244,0.6768557,0.8964182,-0.26373094,0.08963436,-0.2931044,-0.16423285,-0.63063174,-0.2793882,0.31495422,-0.5329467,0.31655693,-0.26922315,0.8289337,0.21054542,-0.60821664,-0.43578792,-0.39850855,-0.4464532,-0.4086066,-0.4555928,-0.42862368,0.5789703,-0.45776272,0.51670444,-0.021624174,-0.43727303,-0.29667872,-0.67405814,0.5141639,-0.021920271,-0.31965852,-0.50457793,0.011423069,-0.4259377,-0.47455978,-0.6558476,-0.15707219,-0.2264574,-0.6652284,-0.6135634,-0.53278804,0.79229414,0.27343243,-0.11199033,0.59187484,0.32876363,0.3885715,0.87656385,0.9040222,0.56465226,0.85797143,-0.17082958,0.20380974,-0.18246877,0.04887912,-0.3713726,-0.5238197,-0.27697766,-0.32796878,0.17051113,-0.4133981,-0.47262096,-0.0102601275,0.4009012,-0.6548605,-0.4987399,0.27122575,-0.1256986,-0.3892915,-0.022932325,-0.5069765,0.1514991,0.050369907,-0.23539945,-0.3155596,-0.26649654,-0.54121053,-0.28519037,-0.28250167,-0.15690473,-0.4983461,0.27799445,-0.14051169,-0.13899133,0.004750312,-0.21726575,0.043502465,-0.24521102,-0.20682111,-0.36603823,-0.55372167,0.6817136,0.14894702
0.44689816,0.7854117,0.59293646,0.7166366,0.58562565,0.55218244,0.93124044,0.63073236,0.58471906,-0.37538,-0.0031314688,-0.57478476,-0.16235952,-0.8573332,-0.62632585,0.65396035,-0.70240116,0.28098172,-0.37611753,0.6897725,0.0038076404,-0.62710416,-0.62310994,-0.60342705,-0.43771696,-0.6760329,-0.42968464,-0.59738284,0.3947617,-0.733511,0.83921456,0.29044467,-0.03214797,-0.24676192,-0.5683241,0.26892206,-0.15782547,0.08773537,-0.067288645,0.49537665,0.0077741765,-0.4153,-0.25429583,-0.17043695,-0.02813254,-0.35131684,-0.19548948,-0.54837215,0.4082471,0.2519603,0.12096177,0.8083837,0.5669954,0.8029604,0.47599912,0.43521702,0.70705473,0.6100905,-0.35226703,0.046924114,-0.37135595,0.08593664,-0.6111301,-0.82718414,-0.48407257,-0.71423763,0.5271411,-0.5163919,-0.5527359,0.12105358,0.08876009,-0.5224204,-0.67327726,0.4486187,-0.3778636,-0.5438949,-0.4593838,-0.72864205,0.31236792,0.42230082,-0.20225942,0.17666656,-0.1928323,-0.43171093,-0.3936774,0.07117045,-0.18793228,-0.586909,0.24822563,0.10942136,0.14046304,0.077429235,0.1501492,0.07095504,-0.14988656,-0.12971547,-0.1312094,-0.5245843,0.38210592,0.2726121
0.5050375,0.85269845,0.7788478,0.5788351,0.77397794,0.6768557,0.63073236,0.9415361,0.6489991,-0.6136837,-0.29031307,-0.62574345,-0.5287983,-0.7343353,-0.42351097,0.7142203,-0.28608698,0.72545993,0.12673505,0.6765944,0.5760117,-0.28286135,-0.16132152,-0.73047024,-0.3052093,-0.6993354,-0.7737099,-0.73181003,0.234174,-0.79206216,0.6160772,0.2690642,-0.14333858,0.12758541,-0.6744735,0.08250663,-0.46298358,-0.056316312,-0.40228677,-0.13809544,-0.5604255,-0.749688,-0.64367735,-0.5690888,-0.5333872,-0.74296033,-0.5403898,-0.3610944,0.4076882,-0.17346397,0.24991368,0.84231734,0.75913185,0.66292906,0.78845286,0.6268306,0.88569057,0.84578073,-0.54595995,-0.119449705,-0.5841403,-0.27284595,-0.7682755,-0.5072044,0.027269531,-0.56011283,-0.07139781,-0.06829041,-0.14404383,0.45539987,0.6353421,-0.43387172,-0.25728616,-0.08691397,-0.5103692,-0.70903087,-0.40709293,-0.80505866,-0.19203445,0.28495756,-0.5047455,-0.32188755,-0.5829953,-0.45020428,-0.60156995,-0.48318824,-0.57134104,-0.7884536,-0.11805114,-0.42585176,0.14512227,0.28201038,-0.35789704,-0.30641896,-0.5713911,-0.58936375,-0.65657437,-0.5265157,0.29336128,-0.2606426
0.09518343,0.5268713,0.8327873,0.20326361,0.8724171,0.8964182,0.58471906,0.6489991,0.96853334,-0.182183,0.19798739,-0.21115544,-0.08322947,-0.68380886,-0.29000437,0.23682338,-0.64154303,0.2194636,-0.41606873,0.8986734,0.09776843,-0.7267828,-0.5326903,-0.31699055,-0.5727585,-0.3224829,-0.35610065,-0.31393316,0.7155555,-0.38485503,0.53336585,-0.16222635,-0.5668365,-0.43804783,-0.6849215,0.6281767,0.11686082,-0.46160507,-0.5927269,0.0605082,-0.3926828,-0.38337383,-0.6714531,-0.021344684,-0.108771,-0.66405606,-0.67231345,-0.628105,0.817523,0.40011454,-0.2740792,0.5708412,0.23691419,0.35879523,0.84735,0.84487605,0.52212226,0.8735167,-0.08518317,0.2910632,-0.07999923,0.11237931,-0.30135483,-0.61860156,-0.41439176,-0.3126868,0.3027587,-0.55257463,-0.5817634,-0.13112605,0.31920308,-0.7227551,-0.59211063,0.41535738,0.0033985502,-0.2797703,0.08779088,-0.42795822,0.26673433,-0.054494582,-0.09922017,-0.31026292,-0.13280728,-0.5716087,-0.16498622,-0.19236907,-0.020435218,-0.39990628,0.40945065,-0.011306584,-0.29118735,-0.16719493,-0.21941003,0.21429706,-0.089548856,-0.07384507,-0.24823469,-0.6022166,0.6875303,0.28382552
-0.4654104,-0.66291225,-0.4462902,-0.5212916,-0.3225733,-0.26373094,-0.37538,-0.6136837,-0.182183,0.9000168,0.75177693,0.83002985,0.48646188,0.4112324,0.41883636,-0.691429,-0.068859175,-0.75844,-0.43570516,-0.2772202,-0.6408062,-0.17709944,-0.26287574,0.8315414,0.22780043,0.6695216,0.58837366,0.73006713,0.26983836,0.73074734,-0.27110332,-0.40587407,-0.279585,-0.5450491,0.19533205,0.23200443,0.54369605,-0.29143134,-0.0111060385,0.15366742,0.27429745,0.5684496,0.21668315,0.67138994,0.46172804,0.3461854,0.05653111,-0.17832564,-0.04241535,0.36488336,-0.4126475,-0.6374371,-0.7570791,-0.51242036,-0.4130865,-0.28326988,-0.7034662,-0.43817565,0.8654915,0.6308969,0.8747449,0.25412795,0.7121725,0.16218331,-0.26325935,0.486129,0.23351547,-0.2742092,-0.28149164,-0.7253251,-0.4919566,-0.09066889,-0.18123443,0.36080623,0.80461264,0.7191185,0.6745666,0.69329304,0.49245277,-0.3239827,0.48674154,-0.030349132,0.5344712,-0.024136953,0.5047592,0.260707,0.5850223,0.6525709,0.2772773,0.3890143,-0.4264655,-0.41732335,0.25717556,0.52305293,0.60961473,0.65079814,0.51768386,0.0019267541,-0.038074575,0.37647635
-0.3069803,-0.34009552,-0.12570077,-0.27812955,0.002005578,0.08963436,-0.0031314688,-0.29031307,0.19798739,0.75177693,0.94471633,0.67315495,0.49081427,0.08440598,0.35414279,-0.48079214,-0.393048,-0.6790465,-0.6368365,0.10526932,-0.58454776,-0.54522574,-0.56870955,0.61060745,0.051920973,0.37131786,0.34331578,0.46615553,0.6412705,0.46079838,0.05945097,-0.34212047,-0.5181548,-0.81300133,-0.22899297,0.39634627,0.48004952,-0.40893027,-0.23071934,0.28823358,0.08842287,0.29378724,-0.11015594,0.6367395,0.37359655,0.062368087,-0.23664993,-0.5322299,0.24254107,0.51259863,-0.4358672,-0.31119746,-0.5486307,-0.23759344,-0.09546675,0.027188718,-0.40463376,-0.07003386,0.7935045,0.87902445,0.82328296,0.3735882,0.50112534,-0.13028845,-0.42325673,0.3526541,0.39786065,-0.52974224,-0.64563775,-0.81175745,-0.30011582,-0.4962114,-0.5296135,0.5932909,0.74163675,0.4521575,0.6606202,0.38581613,0.6569793,-0.18136325,0.29777974,-0.21812858,0.35678557,-0.42101932,0.2763646,0.12727542,0.46038252,0.33750847,0.35134587,0.3035309,-0.4795624,-0.39622772,0.23935656,0.54617417,0.48344558,0.6082336,0.3999929,-0.38717306,0.18281396,0.4819969
-0.6239865,-0.76834524,-0.48424506,-0.68790054,-0.32518178,-0.2931044,-0.57478476,-0.62574345,-0.21115544,0.83002985,0.67315495,0.94940066,0.48880208,0.5576236,0.6017816,-0.8021873,0.11610596,-0.67693096,-0.28489393,-0.31782997,-0.4865815,-0.00457649,-0.016031303,0.89534014,0.23013093,0.80804765,0.5626859,0.81980884,0.23958072,0.86136067,-0.51938105,-0.5747192,-0.4197034,-0.4338087,0.26255056,0.1800677,0.5248568,-0.45956993,-0.19126505,-0.13141194,0.06930862,0.5499097,0.08504218,0.5962628,0.3174906,0.23953673,-0.08813226,-0.030488309,-0.07433978,0.2379649,-0.50720704,-0.7403649,-0.80472165,-0.694556,-0.36848867,-0.2769965,-0.75203836,-0.43134087,0.82711434,0.5965463,0.89502245,0.24743967,0.80867827,0.37438846,-0.08874342,0.69637704,0.024549084,-0.12218808,-0.08776241,-0.66006464,-0.34637883,0.026378226,0.060166605,0.19902417,0.86790144,0.794129,0.8346092,0.8217732,0.2650298,-0.54366016,0.49871957,-0.23302819,0.4873314,0.06084821,0.57852423,0.11599107,0.54511786,0.7142738,0.20053524,0.2634768,-0.56939566,-0.4826364,0.010018949,0.4601163,0.5620936,0.54434603,0.40336806,0.11041103,-0.109425604,0.21728927
-0.4801315,-0.5027069,-0.32601637,-0.37793928,-0.25963455,-0.16423285,-0.16235952,-0.5287983,-0.08322947,0.48646188,0.49081427,0.48880208,0.83385676,0.27373296,0.23939537,-0.5588689,-0.18856077,-0.7010063,-0.507706,-0.10075885,-0.61740124,-0.24885713,-0.26023442,0.52752894,-0.09548423,0.4581697,0.5668513,0.50061065,0.2913546,0.54546773,-0.20618851,-0.33956474,-0.23590861,-0.5315225,0.19440116,0.29038426,0.55918986,-0.21875025,0.07594434,0.3508771,0.39016187,0.4924313,0.23822317,0.59967214,0.5149151,0.38256437,0.16416496,-0.11504081,0.053452373,0.49890104,-0.4520086,-0.43921202,-0.6123545,-0.35019642,-0.32028285,-0.15984239,-0.536636,-0.31865782,0.4867393,0.37825918,0.5830312,0.7059823,0.64529413,0.085703984,-0.35427853,0.37125885,0.40660203,-0.35591617,-0.32232863,-0.61480856,-0.49579275,-0.057911202,-0.19420457,0.50239825,0.50945705,0.5150705,0.45283931,0.52741414,0.44295517,-0.22789934,0.4636209,0.18737936,0.5169617,0.019935261,0.49383074,0.45831415,0.60492235,0.517869,0.41135943,0.5053318,-0.318128,-0.3964026,0.3426322,0.4656185,0.5782813,0.6108367,0.6084639,0.0952587,0.09769419,0.5500786
-0.34511,-0.80888367,-0.68252516,-0.6378325,-0.7255573,-0.63063174,-0.8573332,-0.7343353,-0.68380886,0.4112324,0.08440598,0.5576236,0.27373296,0.94404125,0.7077812,-0.6387359,0.67197526,-0.41486773,0.31729,-0.7858712,-0.12210412,0.567937,0.5006552,0.6210618,0.5818606,0.5814127,0.47604185,0.5473174,-0.40522808,0.7205534,-0.7433803,-0.103722036,0.1684497,0.15869609,0.52877295,-0.34711385,0.12565663,0.09342791,0.27093756,-0.2794699,0.16888615,0.4289015,0.39824426,0.24572928,0.13367113,0.5389775,0.37341586,0.49025977,-0.49812758,-0.2057226,-0.002927372,-0.8473332,-0.57864845,-0.7435066,-0.61318773,-0.54149944,-0.7732416,-0.7416813,0.41391936,0.029426025,0.41011202,0.04354001,0.6237768,0.8536365,0.49076524,0.7491443,-0.45574206,0.5217334,0.44311357,-0.20383981,-0.15861335,0.456199,0.5616617,-0.38443047,0.3523363,0.47902644,0.4040786,0.6941416,-0.14588372,-0.19122061,0.1367521,-0.06914923,0.19425207,0.34682927,0.29945832,-0.0071479734,0.17478862,0.550105,-0.30858248,-0.084044576,0.024532005,0.050331585,0.09700947,-0.08366506,0.15349638,0.2401562,0.25551158,0.45554265,-0.4532013,-0.20654029
-0.2823404,-0.6027795,-0.3994663,-0.54317886,-0.3758037,-0.2793882,-0.62632585,-0.42351097,-0.29000437,0.41883636,0.35414279,0.6017816,0.23939537,0.7077812,0.91930056,-0.54938745,0.43782437,-0.3469486,0.1895065,-0.44007438,0.0031034052,0.23718861,0.26239905,0.5368093,0.4815748,0.41504717,0.19328792,0.39112085,0.025473438,0.5780489,-0.49327743,-0.14423166,-0.22846046,-0.13371542,0.041959003,-0.21431533,0.03297126,-0.18461913,-0.12607773,-0.3391108,-0.21040028,0.116172895,-0.07842891,0.21314374,-0.07194801,0.14062726,-0.08577067,0.098514885,-0.23451187,-0.14877534,-0.08102394,-0.6332203,-0.45414537,-0.5882008,-0.26682395,-0.22818783,-0.5515466,-0.36597955,0.502857,0.38427305,0.4966213,0.09121433,0.50201535,0.6654364,0.4358626,0.82533634,-0.43778938,0.32428873,0.11431826,-0.3612435,0.14297913,-0.008480238,0.27888307,-0.23690507,0.4315704,0.30084687,0.6012162,0.4977997,-0.017016953,-0.14994779,-0.08310825,-0.5165248,-0.038508732,-0.14682022,0.06622373,-0.34574354,0.0013834182,0.27917993,-0.3479355,-0.31134638,-0.14263408,0.0525359,-0.07500993,-0.077564955,-0.004491193,0.17169079,0.022579953,-0.0023482232,-0.3107156,-0.23386748
0.72188944,0.8816849,0.48867124,0.8663852,0.3947273,0.31495422,0.65396035,0.7142203,0.23682338,-0.691429,-0.48079214,-0.8021873,-0.5588689,-0.6387359,-0.54938745,0.9449173,-0.17201573,0.71043724,0.2589863,0.35224956,0.49347365,-0.033397652,-0.0576203,-0.84171927,-0.08008316,-0.8337837,-0.74480397,-0.8382534,-0.14490613,-0.9037336,0.6338907,0.5910547,0.3317302,0.36773837,-0.40446055,-0.28159943,-0.6723312,0.4137115,0.0770505,0.09507829,-0.22357538,-0.67938256,-0.22945642,-0.68185854,-0.48676056,-0.39567637,-0.07943113,-0.1140284,0.024581308,-0.3652802,0.5825184,0.84457755,0.9226796,0.8558007,0.39759475,0.25874054,0.8556068,0.48388812,-0.7020246,-0.35496756,-0.7547608,-0.30967864,-0.86671925,-0.44398654,0.09287586,-0.7096578,-0.023623822,0.08988479,0.033680476,0.6673591,0.4110029,-0.11113334,-0.13239492,-0.1804944,-0.7692795,-0.8043957,-0.77124715,-0.8807194,-0.2694311,0.5813327,-0.541337,0.0721101,-0.59341264,-0.18754143,-0.68784475,-0.2649725,-0.6697339,-0.80406046,-0.29533693,-0.34993613,0.49550605,0.48752224,-0.08678612,-0.47070402,-0.60659593,-0.6330469,-0.5435629,-0.26872844,0.018785622,-0.338632
-0.031406425,-0.36774313,-0.4392452,-0.29808182,-0.5038967,-0.5329467,-0.70240116,-0.28608698,-0.64154303,-0.068859175,-0.393048,0.11610596,-0.18856077,0.67197526,0.43782437,-0.17201573,0.9249958,0.17767489,0.79314435,-0.70582116,0.403629,0.84343034,0.8067794,0.13773051,0.56542826,0.21432361,0.009735284,0.12919755,-0.688472,0.26578832,-0.59521735,0.13331318,0.36179262,0.6490636,0.4184267,-0.62184,-0.33223516,0.25619432,0.20837113,-0.5706383,-0.14174616,0.025485089,0.20795678,-0.29215512,-0.3117547,0.23060277,0.25483018,0.62840426,-0.5898539,-0.644454,0.32987958,-0.43748227,-0.04497163,-0.41853625,-0.3553754,-0.4332796,-0.281012,-0.46472493,-0.072675765,-0.3691574,-0.11993243,-0.29907268,0.1365524,0.7986413,0.8108727,0.40741706,-0.7778862,0.87355006,0.79798615,0.37079507,0.23281199,0.6036893,0.8181746,-0.81097746,-0.12423499,0.062310677,-0.00065980153,0.2725703,-0.5994251,-0.04678177,-0.19452788,-0.1601888,-0.21284354,0.40178025,-0.055013053,-0.3215233,-0.30067223,0.14010513,-0.62967634,-0.4577968,0.27803367,0.34693903,-0.20341724,-0.4862607,-0.29715407,-0.29935506,-0.226785,0.45946914,-0.57103056,-0.6618617
0.49662286,0.692139,0.50528365,0.5003712,0.44435656,0.31655693,0.28098172,0.72545993,0.2194636,-0.75844,-0.6790465,-0.67693096,-0.7010063,-0.41486773,-0.3469486,0.71043724,0.17767489,0.9475953,0.5633316,0.27388453,0.8018291,0.27082455,0.35850912,-0.74806744,-0.08005626,-0.5874676,-0.7781229,-0.6936664,-0.27785194,-0.7029842,0.23196742,0.33585826,0.1663515,0.62811136,-0.27450812,-0.3075141,-0.6780915,0.16180247,-0.20353442,-0.44160825,-0.5667274,-0.7064097,-0.42627102,-0.8435947,-0.7315265,-0.590836,-0.2991337,0.1409789,0.031226426,-0.58462024,0.4552716,0.65328044,0.81174314,0.5008589,0.530811,0.33508605,0.76595604,0.5244223,-0.75024295,-0.51405364,-0.7835132,-0.5083569,-0.7503293,-0.11417821,0.40236104,-0.45475423,-0.43659368,0.37971178,0.40949407,0.8280181,0.66541374,0.08461825,0.2731399,-0.540691,-0.70042944,-0.67224,-0.56421304,-0.6774084,-0.66191757,0.22047377,-0.52988154,-0.23724839,-0.6693849,-0.013364021,-0.56422055,-0.534166,-0.7245697,-0.6893313,-0.41010177,-0.58006126,0.3214588,0.43509102,-0.5161771,-0.6065872,-0.720737,-0.8532973,-0.79169726,-0.077783376,-0.02240624,-0.62916553
0.3387847,0.07633199,-0.09405841,0.07052018,-0.21503711,-0.26922315,-0.37611753,0.12673505,-0.41606873,-0.43570516,-0.6368365,-0.28489393,-0.507706,0.31729,0.1895065,0.2589863,0.79314435,0.5633316,0.9557969,-0.45547354,0.7196459,0.7653326,0.7469365,-0.28072912,0.50273484,-0.21206808,-0.38336325,-0.3129107,-0.69756997,-0.18610913,-0.2698888,0.4156055,0.46336025,0.8104087,0.13744938,-0.68453664,-0.64633155,0.40800923,0.17529717,-0.5790317,-0.32541463,-0.36147678,0.01291501,-0.6359935,-0.5748209,-0.035717253,0.13692816,0.5221174,-0.46829057,-0.79676414,0.5934293,-0.014089875,0.3852747,-0.03340393,-0.050045118,-0.19891723,0.1521919,-0.13679564,-0.4261487,-0.5335016,-0.50128114,-0.50523615,-0.31310558,0.5591788,0.8705069,0.06921508,-0.843871,0.9090862,0.7691775,0.668406,0.52209646,0.45461896,0.70370364,-0.9257085,-0.48655224,-0.36494195,-0.34460747,-0.18628514,-0.7198744,0.22874671,-0.52228874,-0.21724848,-0.5532198,0.23355916,-0.4325238,-0.5393952,-0.6556364,-0.3009881,-0.7776329,-0.7034737,0.51449674,0.6179483,-0.2881724,-0.7412253,-0.65266085,-0.632552,-0.55058956,0.24285993,-0.47752,-0.8419062
0.118224114,0.6189499,0.7938982,0.33358064,0.8529718,0.8289337,0.6897725,0.6765944,0.8986734,-0.2772202,0.10526932,-0.31782997,-0.10075885,-0.7858712,-0.44007438,0.35224956,-0.70582116,0.27388453,-0.45547354,0.94346356,0.07869487,-0.69733185,-0.52685744,-0.4203782,-0.66451275,-0.37730604,-0.39216876,-0.37248337,0.6522528,-0.48282582,0.5669641,-0.15998635,-0.50428635,-0.38570783,-0.61333287,0.5783864,0.07444744,-0.41297978,-0.5472296,0.12202091,-0.34275603,-0.3896774,-0.61849976,-0.09805721,-0.12287566,-0.66273296,-0.61635923,-0.5720766,0.74645066,0.36683947,-0.2637421,0.67265344,0.3386492,0.48742637,0.7917765,0.7694143,0.6093077,0.85345113,-0.21612981,0.19182304,-0.17989509,0.11777398,-0.3788457,-0.71181345,-0.49340492,-0.43784398,0.40311766,-0.60856485,-0.5465332,-0.027543966,0.24062677,-0.6193243,-0.5742427,0.45919108,-0.08970756,-0.31256193,-0.05116595,-0.49706656,0.2086165,-0.047280133,-0.055604234,-0.18484509,-0.11308156,-0.45814294,-0.15118214,-0.08466898,-0.0311695,-0.42323065,0.4346502,0.06837631,-0.2851546,-0.209627,-0.24398181,0.21021199,-0.06789267,-0.12775931,-0.23909865,-0.5094916,0.645052,0.29511315
0.41422176,0.45499167,0.3641652,0.26595166,0.2888416,0.21054542,0.0038076404,0.5760117,0.09776843,-0.6408062,-0.58454776,-0.4865815,-0.61740124,-0.12210412,0.0031034052,0.49347365,0.403629,0.8018291,0.7196459,0.07869487,0.91511637,0.38329664,0.48304504,-0.56860554,0.14130536,-0.47701308,-0.7051506,-0.57457846,-0.29738533,-0.501035,0.053757906,0.3345663,0.109547734,0.6065504,-0.29419655,-0.4043233,-0.69042563,0.12635915,-0.22583708,-0.5939122,-0.6513599,-0.69073474,-0.4500702,-0.75806993,-0.75280654,-0.5036106,-0.3049079,0.18738478,-0.06582856,-0.65526474,0.46769875,0.3937113,0.6398384,0.24620965,0.43571588,0.24571061,0.5518156,0.3866977,-0.5701834,-0.3955745,-0.6354392,-0.46835846,-0.5814936,0.19025125,0.6577244,-0.13190468,-0.6841574,0.5927173,0.46562797,0.688766,0.8072373,0.055993788,0.405381,-0.70792615,-0.57298225,-0.61701065,-0.34962034,-0.5111433,-0.65951407,0.2150636,-0.65084594,-0.46593228,-0.7341335,-0.1160462,-0.604797,-0.72963786,-0.78004944,-0.6205542,-0.6114952,-0.78704935,0.34084427,0.5351602,-0.51349795,-0.6920092,-0.78862494,-0.78445673,-0.79040194,-0.110817075,-0.16149142,-0.758218
-0.00074164127,-0.2758854,-0.46692622,-0.15544498,-0.5222537,-0.60821664,-0.62710416,-0.28286135,-0.7267828,-0.17709944,-0.54522574,-0.00457649,-0.24885713,0.567937,0.23718861,-0.033397652,0.84343034,0.27082455,0.7653326,-0.69733185,0.38329664,0.9740031,0.8892445,0.027645396,0.47942448,0.187509,-0.017677858,0.081517264,-0.83171844,0.1742351,-0.6067345,0.14469731,0.4829565,0.79546726,0.5831698,-0.6979692,-0.38668877,0.3351392,0.29042375,-0.5361211,-0.06741543,0.041038066,0.31330264,-0.4034921,-0.33006033,0.23807952,0.348059,0.7897781,-0.68034804,-0.7292919,0.36924306,-0.32416296,0.0675173,-0.28182498,-0.40417933,-0.5034429,-0.19531617,-0.49909773,-0.24639189,-0.5334139,-0.24151492,-0.34999424,0.05299921,0.7055281,0.7075139,0.24486685,-0.67128766,0.81387687,0.92940664,0.5452907,0.11587544,0.81429946,0.9082278,-0.79194033,-0.24989316,0.05462291,-0.18261173,0.22321169,-0.73312926,-0.068035096,-0.09741855,0.039045393,-0.17419073,0.6349759,0.00093249534,-0.18021718,-0.29741842,0.13959417,-0.57572424,-0.33552527,0.2944795,0.2892987,-0.24688002,-0.49885505,-0.2666652,-0.39215463,-0.23126568,0.6518184,-0.6150144,-0.67006576
-0.08819027,-0.24107328,-0.30923033,-0.23700042,-0.34532607,-0.43578792,-0.62310994,-0.16132152,-0.5326903,-0.26287574,-0.56870955,-0.016031303,-0.26023442,0.5006552,0.26239905,-0.0576203,0.8067794,0.35850912,0.7469365,-0.52685744,0.48304504,0.8892445,0.95209634,-0.020793226,0.31875387,0.19492128,-0.08466659,0.06421007,-0.69002604,0.15580612,-0.63425994,0.00026766025,0.26826817,0.75225043,0.481373,-0.5549145,-0.34256643,0.12552266,0.051454537,-0.6902044,-0.25374204,-0.04537928,0.097959876,-0.4333927,-0.41066918,0.04692337,0.13929228,0.74902964,-0.5042278,-0.67920697,0.23019274,-0.27312905,0.07362102,-0.32327214,-0.20158708,-0.31667447,-0.123378605,-0.30903214,-0.2949196,-0.50808984,-0.2637874,-0.31705788,0.040524743,0.70664907,0.71857965,0.30583486,-0.71983504,0.7747133,0.9035115,0.53827465,0.2683859,0.7099091,0.9403188,-0.7912228,-0.22345516,0.034808785,-0.07905667,0.20427099,-0.7944456,-0.20092869,-0.11710766,-0.13736953,-0.22574529,0.54962564,0.0146467,-0.29253578,-0.30936992,0.0995787,-0.5161371,-0.40322116,0.15337603,0.21515003,-0.44104207,-0.49522904,-0.31471908,-0.44662607,-0.32808876,0.58746207,-0.4896915,-0.67294455
-0.627787,-0.83342934,-0.57789004,-0.71095824,-0.44726545,-0.39850855,-0.60342705,-0.73047024,-0.31699055,0.8315414,0.61060745,0.89534014,0.52752894,0.6210618,0.5368093,-0.84171927,0.13773051,-0.74806744,-0.28072912,-0.4203782,-0.56860554,0.027645396,-0.020793226,0.92872024,0.2426106,0.8283007,0.6933893,0.85403407,0.13304806,0.892809,-0.5260554,-0.5167148,-0.26635584,-0.3968996,0.3745249,0.17044756,0.5857091,-0.32689762,-0.006439243,-0.01884438,0.25384933,0.6806295,0.27251947,0.67345464,0.45981395,0.4236192,0.108448744,0.03530576,-0.14331739,0.29313987,-0.4883337,-0.8128688,-0.86384046,-0.72958684,-0.49246985,-0.36995953,-0.83595586,-0.54900384,0.8136734,0.48567677,0.85711944,0.2725014,0.84703517,0.39569333,-0.11840933,0.65492356,0.07058707,-0.10677205,-0.072190545,-0.6726121,-0.47972107,0.105255485,0.06822653,0.21304145,0.8332676,0.8293304,0.760995,0.8674965,0.32173347,-0.49098545,0.5487449,-0.04398764,0.5903418,0.15781671,0.6405511,0.26796663,0.6283406,0.79393786,0.23419055,0.3637197,-0.47261333,-0.46299475,0.16121563,0.500259,0.63292164,0.636484,0.54146564,0.21183243,-0.1373725,0.29622018
0.25129744,-0.2734552,-0.41905338,-0.057381168,-0.5167472,-0.4464532,-0.43771696,-0.3052093,-0.5727585,0.22780043,0.051920973,0.23013093,-0.09548423,0.5818606,0.4815748,-0.08008316,0.56542826,-0.08005626,0.50273484,-0.66451275,0.14130536,0.47942448,0.31875387,0.2426106,0.87222934,0.046559647,-0.036046,0.05271791,-0.44256735,0.20595077,-0.24097812,0.43171528,0.4034865,0.28286657,0.116166785,-0.59894025,-0.38146943,0.43493807,0.3628416,-0.15561152,0.00012956536,-0.04766138,0.23128486,-0.12528914,-0.20222148,0.30053103,0.28772283,0.21020527,-0.52387834,-0.48358035,0.52541363,-0.38359556,-0.044017337,-0.1992996,-0.42145872,-0.41954356,-0.30264723,-0.5000911,0.23834284,0.06783454,0.12585439,-0.21829656,0.11103138,0.546406,0.5845258,0.31420982,-0.5115326,0.58485353,0.335254,0.059250645,0.10469362,0.21699572,0.31227434,-0.49771428,-0.013816451,-0.022381958,-0.007238079,0.14206652,-0.15922445,0.3360988,-0.3385138,-0.16208568,-0.25506455,0.003874379,-0.2971969,-0.3279877,-0.33256498,-0.00069536676,-0.6426213,-0.4239723,0.42876816,0.5037847,0.20046446,-0.40700006,-0.27697447,-0.11194224,-0.13739547,0.047087967,-0.47714627,-0.49129355
-0.7770204,-0.8283511,-0.54371285,-0.773679,-0.3806684,-0.4086066,-0.6760329,-0.6993354,-0.3224829,0.6695216,0.37131786,0.80804765,0.4581697,0.5814127,0.41504717,-0.8337837,0.21432361,-0.5874676,-0.21206808,-0.37730604,-0.47701308,0.187509,0.19492128,0.8283007,0.046559647,0.9673542,0.70251906,0.9254,0.016555546,0.90731627,-0.7134649,-0.7162287,-0.29740494,-0.20637503,0.5861677,0.18963183,0.6176976,-0.4464556,-0.112888105,-0.21316841,0.18631046,0.73216045,0.26199144,0.5614965,0.39884266,0.33156276,0.066089734,0.2618521,-0.14146474,0.21293361,-0.6040418,-0.77352834,-0.83051777,-0.7795851,-0.43185264,-0.34712842,-0.77884924,-0.50310105,0.61295956,0.24643391,0.71392465,0.19931886,0.8437615,0.42472118,-0.10847894,0.6225228,0.031724222,-0.058521673,0.16103372,-0.47180638,-0.48058832,0.3454287,0.29131594,0.120145425,0.7639655,0.9340608,0.7189362,0.9389707,0.07635361,-0.7569959,0.7116966,0.008652093,0.6648544,0.44052672,0.8266213,0.3276549,0.6764282,0.9018413,0.31843776,0.432674,-0.60826707,-0.62928355,-0.09236531,0.50259537,0.6792017,0.5154245,0.48049706,0.4599948,-0.12616393,0.23981261
-0.6190172,-0.76119375,-0.57613504,-0.62523365,-0.5238238,-0.4555928,-0.42968464,-0.7737099,-0.35610065,0.58837366,0.34331578,0.5626859,0.5668513,0.47604185,0.19328792,-0.74480397,0.009735284,-0.7781229,-0.38336325,-0.39216876,-0.7051506,-0.017677858,-0.08466659,0.6933893,-0.036046,0.70251906,0.95165306,0.7772268,-0.0029161375,0.7366977,-0.4263537,-0.44649655,-0.0038522845,-0.33138174,0.59038234,0.29628164,0.7621719,-0.12627491,0.29776737,0.28990164,0.67163396,0.88186955,0.61628443,0.8053718,0.819972,0.70981467,0.46606076,0.17176247,-0.1206376,0.52689433,-0.5084579,-0.7140899,-0.8290479,-0.6276128,-0.6018248,-0.4217425,-0.79518723,-0.61067915,0.5458904,0.12232914,0.5901327,0.33537525,0.742712,0.22194375,-0.31845555,0.38990688,0.33320653,-0.20912868,-0.089019075,-0.60604537,-0.7266953,0.25269395,0.018275,0.35782117,0.60059005,0.768819,0.44920328,0.7706241,0.44898996,-0.40729845,0.6855416,0.4425821,0.8140621,0.39150783,0.7645534,0.6852267,0.8170777,0.8531166,0.4606883,0.67143035,-0.306753,-0.5063887,0.3979389,0.6076633,0.78463566,0.8207869,0.8503262,0.42802417,-0.015253895,0.58912563
-0.75548947,-0.8321204,-0.58004355,-0.7437302,-0.41713467,-0.42862368,-0.59738284,-0.73181003,-0.31393316,0.73006713,0.46615553,0.81980884,0.50061065,0.5473174,0.39112085,-0.8382534,0.12919755,-0.6936664,-0.3129107,-0.37248337,-0.57457846,0.081517264,0.06421007,0.85403407,0.05271791,0.9254,0.7772268,0.9508811,0.08201953,0.89591277,-0.60210705,-0.67581964,-0.2805702,-0.3198958,0.54552466,0.23536468,0.6761538,-0.41268694,-0.04807771,-0.065463655,0.29981637,0.787832,0.3227162,0.6789682,0.5241883,0.40985313,0.12491539,0.15625222,-0.1402665,0.3197019,-0.613527,-0.77810407,-0.8674018,-0.74341756,-0.49097466,-0.3842674,-0.80995774,-0.5352026,0.6797813,0.30929923,0.76438177,0.22673686,0.83962387,0.33691406,-0.20523563,0.585809,0.13594386,-0.15130758,0.030582786,-0.5863771,-0.5611376,0.25644696,0.1579023,0.23180996,0.80103374,0.93355113,0.71276516,0.9229326,0.24073428,-0.67637706,0.7243788,0.07095373,0.7200334,0.36636817,0.81972706,0.40490854,0.7349713,0.92230195,0.3602603,0.5022161,-0.5841549,-0.63233006,0.04387989,0.5818088,0.7457645,0.64443314,0.5970628,0.39275035,-0.11734372,0.35039306
-0.20473735,0.12716825,0.40735242,-0.048749097,0.5444437,0.5789703,0.3947617,0.234174,0.7155555,0.26983836,0.6412705,0.23958072,0.2913546,-0.40522808,0.025473438,-0.14490613,-0.688472,-0.27785194,-0.69756997,0.6522528,-0.29738533,-0.83171844,-0.69002604,0.13304806,-0.44256735,0.016555546,-0.0029161375,0.08201953,0.92649245,0.02176179,0.36222076,-0.370674,-0.73525226,-0.8115566,-0.5857308,0.64794713,0.3819644,-0.60525286,-0.5604715,0.2236965,-0.19956835,-0.06733082,-0.51609915,0.3843276,0.17735559,-0.38323712,-0.589415,-0.7297298,0.6360681,0.5969061,-0.52069104,0.18131566,-0.17907469,0.09361382,0.44729894,0.5043647,0.095097855,0.5019982,0.36815065,0.6705214,0.40757832,0.3671161,0.11426975,-0.49547592,-0.55873895,0.029638853,0.48478758,-0.72302,-0.79230046,-0.5813483,0.013074074,-0.7725898,-0.7033147,0.68181,0.4322006,0.09577701,0.45162916,-0.044465154,0.568135,-0.17841572,0.14101097,-0.3248941,0.16332957,-0.62450457,0.09468308,-0.008137639,0.2828684,-0.04100842,0.49178088,0.21526863,-0.52494526,-0.41233313,-0.030108722,0.49938732,0.27276403,0.34250093,0.122961685,-0.60589325,0.5050705,0.5140958
-0.72970104,-0.9217987,-0.61741996,-0.8242252,-0.5040815,-0.45776272,-0.733511,-0.79206216,-0.38485503,0.73074734,0.46079838,0.86136067,0.54546773,0.7205534,0.5780489,-0.9037336,0.26578832,-0.7029842,-0.18610913,-0.48282582,-0.501035,0.1742351,0.15580612,0.892809,0.20595077,0.90731627,0.7366977,0.89591277,0.02176179,0.97232085,-0.7058057,-0.5826485,-0.24734467,-0.2715669,0.5220064,0.13743153,0.59691185,-0.3482735,-0.009273695,-0.13391386,0.2435317,0.7215297,0.3097434,0.62495315,0.43441528,0.44711822,0.14871517,0.21501398,-0.18659148,0.23452611,-0.52553076,-0.88787836,-0.9005991,-0.8454033,-0.5171014,-0.39752972,-0.8893019,-0.6013423,0.71022165,0.33379233,0.77874005,0.28037226,0.9050424,0.52857566,-0.034711726,0.74243975,-0.020610426,-0.007460676,0.08836518,-0.58924496,-0.46536866,0.25982308,0.24641377,0.108288474,0.7759669,0.8703599,0.7579675,0.9567654,0.17905644,-0.5958321,0.5883645,-0.02787007,0.6025014,0.30885744,0.72062695,0.27860892,0.6403372,0.86585426,0.2175581,0.35371086,-0.48482794,-0.48066196,0.06797378,0.44352046,0.62058806,0.58979,0.53234434,0.38145924,-0.1696739,0.24235609
0.5606787,0.7537143,0.5506356,0.6870204,0.50788033,0.51670444,0.83921456,0.6160772,0.53336585,-0.27110332,0.05945097,-0.51938105,-0.20618851,-0.7433803,-0.49327743,0.6338907,-0.59521735,0.23196742,-0.2698888,0.5669641,0.053757906,-0.6067345,-0.63425994,-0.5260554,-0.24097812,-0.7134649,-0.4263537,-0.60210705,0.36222076,-0.7058057,0.88442904,0.41880703,0.046299107,-0.24956805,-0.6482313,0.2004579,-0.21154058,0.18839926,0.006414708,0.49097735,-0.008269009,-0.44029337,-0.24703115,-0.14562958,-0.040713146,-0.291843,-0.17019738,-0.6095996,0.36113447,0.21641181,0.23042953,0.72513056,0.54202765,0.732847,0.43570232,0.40182567,0.6410048,0.557992,-0.24602354,0.111017324,-0.3217131,-0.007872557,-0.60589415,-0.7403647,-0.35179994,-0.66562307,0.39802235,-0.39706612,-0.57036763,0.048349425,0.1504838,-0.5940783,-0.70373154,0.36801705,-0.3407294,-0.5910401,-0.4417919,-0.73826504,0.35348114,0.549771,-0.33659625,0.07858887,-0.26739922,-0.54931676,-0.5090939,-0.030010976,-0.26066133,-0.63011587,0.10723537,-0.016397467,0.24913815,0.23725474,0.26290473,-0.0020839684,-0.22702675,-0.11367652,-0.15033418,-0.64615893,0.34271848,0.19999027
0.77968764,0.4475274,0.11200707,0.58764327,-0.12228487,-0.021624174,0.29044467,0.2690642,-0.16222635,-0.40587407,-0.34212047,-0.5747192,-0.33956474,-0.103722036,-0.14423166,0.5910547,0.13331318,0.33585826,0.4156055,-0.15998635,0.3345663,0.14469731,0.00026766025,-0.5167148,0.43171528,-0.7162287,-0.44649655,-0.67581964,-0.370674,-0.5826485,0.41880703,0.93581086,0.66463244,0.3622923,-0.24729785,-0.5018879,-0.64079785,0.793152,0.5417705,0.25500008,0.09513563,-0.46437994,0.15429273,-0.45840117,-0.27948463,0.11598167,0.35107034,0.00593218,-0.23803559,-0.36938047,0.8316636,0.35134724,0.5842036,0.4958918,-0.027227845,-0.057645984,0.3778413,-0.001652418,-0.38562027,-0.28322652,-0.53755426,-0.21024352,-0.5578017,-0.02524925,0.34868747,-0.37126255,-0.20751426,0.36143202,0.068953454,0.41370112,0.26107413,-0.035067458,-0.052234273,-0.32104605,-0.66938615,-0.7096107,-0.6874162,-0.619115,-0.091724455,0.88365674,-0.6770684,0.15577105,-0.5577389,-0.20412722,-0.75447017,-0.2329876,-0.6273933,-0.6253762,-0.54992247,-0.43280178,0.8596654,0.82674074,0.38144836,-0.60044986,-0.61321133,-0.3807212,-0.29656926,-0.19659446,-0.17105666,-0.3560596
0.45082796,0.088423386,-0.27038494,0.32460928,-0.4804987,-0.43727303,-0.03214797,-0.14333858,-0.5668365,-0.279585,-0.5181548,-0.4197034,-0.23590861,0.1684497,-0.22846046,0.3317302,0.36179262,0.1663515,0.46336025,-0.50428635,0.109547734,0.4829565,0.26826817,-0.26635584,0.4034865,-0.29740494,-0.0038522845,-0.2805702,-0.73525226,-0.24734467,0.046299107,0.66463244,0.9450062,0.5795066,0.3699987,-0.5424062,-0.3736027,0.8831507,0.8408186,0.24707325,0.47299886,0.048615526,0.6528514,-0.27549022,0.027724333,0.518505,0.7675227,0.42735064,-0.52197766,-0.35994798,0.6575704,0.018803434,0.28869456,0.19691479,-0.4277711,-0.41515273,0.033236478,-0.42114216,-0.35293406,-0.5788444,-0.45470414,-0.25581604,-0.25562316,0.19150272,0.3188877,-0.29233778,-0.16297059,0.47902197,0.40673852,0.45545846,-0.14673857,0.49289846,0.28287935,-0.3803412,-0.546292,-0.28152704,-0.67059326,-0.2005448,-0.19045231,0.5546844,-0.23373309,0.5636231,-0.121730134,0.38294184,-0.26182786,0.1912209,-0.26797307,-0.12948325,-0.38616693,-0.07493114,0.7523763,0.5476098,0.4365083,-0.40513462,-0.23749405,-0.17533132,0.0379116,0.3542567,-0.34438622,-0.24891838
0.3164655,0.17088982,-0.07650427,0.19273472,-0.19507751,-0.29667872,-0.24676192,0.12758541,-0.43804783,-0.5450491,-0.81300133,-0.4338087,-0.5315225,0.15869609,-0.13371542,0.36773837,0.6490636,0.62811136,0.8104087,-0.38570783,0.6065504,0.79546726,0.75225043,-0.3968996,0.28286657,-0.20637503,-0.33138174,-0.3198958,-0.8115566,-0.2715669,-0.24956805,0.3622923,0.5795066,0.9507827,0.34854537,-0.6271739,-0.58151084,0.47110134,0.28234732,-0.45792705,-0.15871073,-0.24806702,0.17171451,-0.6820975,-0.48894334,0.010787586,0.27441788,0.65701365,-0.4654566,-0.7466795,0.5574361,0.10973275,0.4622493,0.094334856,-0.08194167,-0.21186812,0.2419281,-0.14131632,-0.604517,-0.7512022,-0.64121306,-0.5207457,-0.36945212,0.38562685,0.64239156,-0.16459936,-0.61140615,0.753459,0.8456867,0.8336861,0.30216557,0.66770244,0.7308328,-0.80432737,-0.6050112,-0.31904614,-0.5437727,-0.2141785,-0.7884637,0.15089504,-0.31626874,0.10101034,-0.39221585,0.5124408,-0.26888108,-0.2509287,-0.52331793,-0.23021281,-0.55322134,-0.43606526,0.48770326,0.46143168,-0.27991515,-0.6427897,-0.5095399,-0.65433294,-0.46044058,0.47771132,-0.39186597,-0.70274746
-0.4122563,-0.5835607,-0.63717985,-0.3902878,-0.63307583,-0.67405814,-0.5683241,-0.6744735,-0.6849215,0.19533205,-0.22899297,0.26255056,0.19440116,0.52877295,0.041959003,-0.40446055,0.4184267,-0.27450812,0.13744938,-0.61333287,-0.29419655,0.5831698,0.481373,0.3745249,0.116166785,0.5861677,0.59038234,0.54552466,-0.5857308,0.5220064,-0.6482313,-0.24729785,0.3699987,0.34854537,0.94451076,-0.20724037,0.27702808,0.16101721,0.43105918,-0.06802188,0.4855464,0.66487247,0.68897635,0.20779741,0.34114864,0.602525,0.5932292,0.7037921,-0.4876694,-0.093206815,-0.1311463,-0.5585289,-0.42413938,-0.46564937,-0.64304745,-0.58171046,-0.56299055,-0.6965442,0.06260445,-0.388271,0.1420985,0.00058722775,0.47566217,0.45414084,0.07505651,0.2384777,-0.04239042,0.25816017,0.56346333,0.0760429,-0.5509721,0.82523286,0.57475674,-0.17164725,0.15196365,0.57563376,0.031469774,0.61667824,-0.23243225,-0.38049313,0.5439607,0.53428906,0.5237725,0.8803185,0.6199116,0.52393246,0.42140326,0.6880725,0.094055176,0.41334653,-0.058415256,-0.2714125,0.072587535,0.15378764,0.43353456,0.23637795,0.43199444,0.8698271,-0.32728615,0.043413542
