0,1,2,3,4,5,6,7,8,9,10,11,12,13,14,15,16,17,18,19,20,21,22,23,24,25,26,27,28,29,30,31,32,33,34,35,36,37,38,39,40,41,42,43,44,45,46,47,48,49,50,51,52,53,54,55,56,57,58,59,60,61,62,63,64,65,66,67,68,69,70,71,72,73,74,75,76,77,78,79,80,81,82,83,84,85,86,87,88,89,90,91,92,93,94,95,96,97,98,99
0.87467426,0.0372867,0.009620472,-0.21129236,-0.046027757,0.22437483,0.037174903,-0.2252701,-0.013972371,0.114404365,-0.26348478,-0.24357721,-0.059350647,0.054374486,0.007202833,-0.14397417,-0.4466694,0.5404264,-0.13407877,0.7320001,0.032313287,-0.59996974,-0.046734735,-0.20939414,-0.20462295,-0.088549145,0.6218319,0.07667618,0.28694886,-0.55583525,0.20373103,-0.4667331,0.037185665,0.51161975,-0.16186035,0.84568596,0.6389471,-0.19501977,-0.55583423,-0.107168496,0.3007236,-0.22293991,-0.40199655,0.40886825,0.43956006,0.011548305,0.1036112,0.15140414,0.8378252,0.5809343,0.5928589,-0.07971567,0.32795703,0.017059814,-0.093591675,0.32127884,-0.22810853,-0.07773329,-0.051977664,0.18916205,0.028011888,0.1404894,0.06728176,0.07587135,0.26089743,0.06930035,0.22679982,0.20760438,0.33348805,0.6391113,0.3635632,-0.07691912,0.36852634,-0.0745447,0.05483669,0.12695357,0.10431683,0.16755676,0.3490798,0.07067931,0.5652354,0.30075967,0.38883695,0.21112618,0.81621504,0.43296555,0.7569865,0.2750227,0.8197663,0.20266408,0.313529,-0.17364936,-0.1437571,-0.109664604,-0.42007428,0.53447354,0.2739739,0.37209356,0.8469801,0.5963446
0.0372867,0.9492376,0.43216443,0.88841426,0.91951257,0.30676514,0.66421515,0.6853529,0.603219,0.67138344,0.16149536,0.5177269,0.4473198,0.45256227,0.43102857,0.61594677,0.41312456,0.35696644,0.43618202,0.2623372,0.47139156,0.0024576331,0.5233363,0.3147661,-0.108158104,0.0994065,-0.08387461,-0.03450267,0.15021287,0.29981452,-0.3245948,-0.22115374,-0.64401644,0.18915933,-0.096732415,-0.03607157,-0.27025902,0.12394038,0.14923903,0.29329294,0.02716396,-0.25376347,-0.08494882,-0.32269743,-0.26558566,0.0019263914,0.013397075,-0.18097144,-0.010398635,-0.033159953,0.25697452,0.7007104,0.7863387,0.93175167,0.5517453,0.3388738,0.7206248,0.83241594,0.45767498,0.4420324,0.4356218,0.34679955,0.33387607,0.45669508,0.47519898,0.44857255,0.6523116,0.47412264,0.39023685,0.45640564,0.48457724,0.27368122,0.38810167,0.35929757,0.4327082,-0.02302665,0.2866944,0.29852897,-0.090139836,-0.1682396,0.06822327,0.0072869854,0.048520256,0.0445053,0.18571462,0.10448672,-0.22560513,-0.5849716,0.18861878,0.12902805,-0.13645604,0.1738933,0.05393712,-0.31107277,0.030164286,-0.17117077,0.06150096,-0.11760192,-0.035522476,0.0094507085
0.009620472,0.43216443,0.94222224,0.46838567,0.51553744,0.8671338,0.86007833,0.71353656,0.87704414,0.7060746,-0.22115815,0.85675234,0.8176377,0.90455395,0.87671286,0.8254756,0.7093401,0.66220975,0.8589523,0.3146019,0.87471527,0.45784009,0.5463722,0.8237532,0.63863134,0.8099439,-0.28725028,0.5965405,0.7390596,0.60475254,-0.7369695,-0.67089105,-0.7615577,0.56255805,0.6603364,0.014480371,-0.06643172,-0.645327,-0.43463224,0.8218709,-0.6533021,-0.79230905,-0.6755133,-0.7588991,-0.6732498,-0.74203646,-0.7266722,-0.77688766,0.15198743,-0.516291,0.32889992,0.80440056,0.5840294,0.37468302,0.9101798,0.84285223,0.67718506,0.63540065,0.85564166,0.50885236,0.89888275,0.82337224,0.9190172,0.88819814,0.8256552,0.8763452,0.68126225,0.73061717,0.74291307,0.47977698,0.7076541,0.7652629,0.7410583,0.87695456,0.8607737,0.7213386,0.8778609,0.8424598,-0.6481061,-0.8375777,-0.09346378,-0.69285345,-0.5898776,0.4336635,0.065195434,-0.40411806,-0.100824125,-0.2336683,0.12685253,-0.6562921,-0.7204137,-0.5180298,-0.70492864,-0.8465569,-0.63445616,-0.6178049,-0.65855163,-0.6421995,-0.059224837,-0.4774298
-0.21129236,0.88841426,0.46838567,0.9531665,0.9038907,0.28177124,0.67559046,0.7805484,0.6494367,0.62904793,0.22738534,0.6272947,0.4734301,0.47611144,0.45362127,0.6807331,0.56756496,0.2113929,0.52417964,0.01998205,0.48443985,0.22985463,0.51539224,0.41612655,0.019201558,0.19566575,-0.31633312,-0.031049337,0.10461916,0.47768742,-0.4298246,-0.10711576,-0.6694702,0.06350529,0.020928973,-0.29966915,-0.46645844,0.0993409,0.25583106,0.3683666,-0.1577937,-0.23158586,-0.014419439,-0.5149269,-0.45282543,-0.090114616,-0.10559626,-0.300731,-0.26069376,-0.27607417,0.117409125,0.74670947,0.6685464,0.8847626,0.618397,0.2820227,0.8158859,0.8642773,0.50502795,0.42256412,0.46681398,0.32033777,0.36852783,0.47448462,0.4126161,0.45062253,0.5653743,0.43185925,0.31650966,0.24966243,0.37040132,0.32707965,0.28427583,0.42977244,0.43806416,0.00062783714,0.30018267,0.2796055,-0.26984984,-0.25851005,-0.13778156,-0.16273814,-0.14202008,0.0073092594,-0.0926003,-0.106864184,-0.46257728,-0.6617168,-0.07871895,-0.017891768,-0.2944379,0.15918612,0.025967903,-0.3257423,0.094940305,-0.40914595,-0.11461118,-0.30312866,-0.30578244,-0.24145962
-0.046027757,0.91951257,0.51553744,0.9038907,0.9350114,0.37858057,0.72899187,0.7425025,0.67584157,0.69751376,0.119706124,0.62044835,0.53745854,0.5345295,0.5238545,0.70325804,0.533005,0.36651254,0.5466192,0.21131586,0.5637545,0.12376015,0.56185025,0.4365697,0.0267084,0.22891864,-0.20012318,0.05932799,0.23068139,0.4077384,-0.44901606,-0.25148007,-0.7229247,0.20293361,0.021436203,-0.116785415,-0.3121181,0.030863961,0.121661976,0.40561786,-0.11032826,-0.33432305,-0.13919637,-0.45207548,-0.40136725,-0.10834876,-0.1092737,-0.30115062,-0.08155061,-0.172102,0.21749401,0.7595779,0.7792656,0.9095142,0.63136685,0.39733714,0.77058387,0.8516656,0.5453069,0.42820913,0.5340972,0.4249678,0.4409907,0.5355222,0.53512084,0.5330626,0.68090105,0.51569957,0.43862176,0.4177122,0.5135573,0.36979347,0.4280195,0.47829324,0.52466416,0.07700013,0.37973997,0.3845508,-0.22708154,-0.28123492,0.014912292,-0.1263932,-0.09467149,0.085896865,0.0938333,-0.017078089,-0.3000412,-0.57730436,0.106466405,0.002827893,-0.2562741,0.10939874,-0.031832945,-0.3997438,-0.022772808,-0.30786425,-0.070765264,-0.2425135,-0.13903168,-0.13053301
0.22437483,0.30676514,0.8671338,0.28177124,0.37858057,0.95563954,0.7761045,0.5006615,0.7820657,0.6171938,-0.4592857,0.6923628,0.7979777,0.86867714,0.87609047,0.72477144,0.5711799,0.80620015,0.77265286,0.5414523,0.8744941,0.2995919,0.5270011,0.76910925,0.6230664,0.787248,-0.10559133,0.73534876,0.8779118,0.42169023,-0.6643636,-0.8243433,-0.67408776,0.72864854,0.65525407,0.2719695,0.23658103,-0.72192013,-0.6365524,0.7989502,-0.51143944,-0.8737828,-0.7989177,-0.5606379,-0.5160057,-0.7041021,-0.6738994,-0.6800239,0.39145517,-0.32096088,0.3665322,0.65574765,0.5829393,0.25357854,0.79465055,0.93589675,0.462984,0.45866758,0.76430434,0.32806802,0.8725373,0.8761215,0.9324033,0.8565283,0.8857371,0.8856404,0.71866846,0.7466094,0.84131926,0.6193862,0.8116881,0.78469265,0.8548254,0.83666974,0.86785567,0.77887976,0.9287548,0.91239965,-0.5484273,-0.7717533,0.18706352,-0.57724524,-0.4678952,0.6013282,0.29280317,-0.2331962,0.1791654,0.048800316,0.3483841,-0.58907723,-0.54583454,-0.53569865,-0.7170647,-0.8270243,-0.75040275,-0.38976276,-0.5399672,-0.4732168,0.18723057,-0.28204474
0.037174903,0.66421515,0.86007833,0.67559046,0.72899187,0.7761045,0.94408995,0.8127115,0.914224,0.8086254,-0.10018803,0.8332654,0.78965706,0.8815378,0.83264184,0.8662169,0.7071059,0.66894627,0.8510187,0.36853194,0.8487228,0.36872053,0.6742726,0.72837645,0.42045063,0.6174463,-0.2057924,0.4494964,0.61936533,0.57866013,-0.6453685,-0.5973634,-0.80558,0.5458046,0.4617229,0.013842855,-0.1233743,-0.3968504,-0.2534084,0.7119797,-0.42516065,-0.6822287,-0.51092875,-0.67286134,-0.569569,-0.5090765,-0.49510866,-0.6041384,0.12442906,-0.35452622,0.3233762,0.90510345,0.77631164,0.61658597,0.9019929,0.77269745,0.810199,0.80914587,0.81106114,0.52127033,0.82387304,0.75813967,0.8190863,0.8806553,0.81686103,0.8469043,0.7830453,0.8049655,0.7583632,0.5853524,0.73983145,0.7175058,0.7340398,0.7789553,0.7988426,0.49827245,0.7685787,0.74819434,-0.47810027,-0.6620079,0.004499453,-0.46328485,-0.3622526,0.41051865,0.1510315,-0.17735028,-0.14928871,-0.3192401,0.19393906,-0.39940065,-0.5390575,-0.26952717,-0.48183614,-0.7126246,-0.4327287,-0.49489403,-0.4192452,-0.45758462,-0.03266128,-0.30990213
-0.2252701,0.6853529,0.71353656,0.7805484,0.7425025,0.5006615,0.8127115,0.9334576,0.821381,0.6739178,0.19097322,0.7856686,0.59512764,0.6914481,0.61760145,0.7592864,0.676883,0.3222406,0.7251648,0.0015403174,0.63136053,0.4356984,0.50865614,0.5777693,0.28639215,0.44697803,-0.36962527,0.14393514,0.28885987,0.6169273,-0.5391383,-0.26442474,-0.6941618,0.20451143,0.3069221,-0.3049494,-0.45479196,-0.16228586,0.07989952,0.54105574,-0.43303677,-0.40671962,-0.21229196,-0.7158452,-0.58973247,-0.37226546,-0.38636082,-0.5296628,-0.21405573,-0.4714379,0.17661361,0.8668319,0.6007811,0.6522329,0.81995034,0.49030393,0.92455006,0.8730077,0.6658826,0.553761,0.6275146,0.48170364,0.59202754,0.68196726,0.53154176,0.6156553,0.546754,0.5644413,0.4456887,0.26608402,0.4213148,0.496346,0.40020737,0.6086465,0.5727833,0.26221082,0.51302695,0.46633136,-0.44498038,-0.5356348,-0.2981334,-0.43041313,-0.37533614,0.110683866,-0.16332015,-0.30045667,-0.45872325,-0.59578866,-0.12279774,-0.3227764,-0.56299675,-0.122467265,-0.29001713,-0.52661145,-0.1467655,-0.61161005,-0.40185922,-0.51537836,-0.3207659,-0.43953937
-0.013972371,0.603219,0.87704414,0.6494367,0.67584157,0.7820657,0.914224,0.821381,0.9179778,0.7481301,-0.11369273,0.8419704,0.7822904,0.8809316,0.8353398,0.8472303,0.7197859,0.612751,0.8509548,0.29240453,0.84504527,0.41586506,0.61354655,0.74897397,0.48359993,0.66550505,-0.27419356,0.46889257,0.62590563,0.60568684,-0.67522943,-0.5725829,-0.7960241,0.4973089,0.50818086,-0.049832463,-0.15256768,-0.44172195,-0.251068,0.7419723,-0.5001193,-0.69654846,-0.530711,-0.7192576,-0.62594825,-0.5662364,-0.55345666,-0.6570085,0.06692785,-0.43634552,0.28677377,0.8820013,0.69275284,0.56478435,0.9161398,0.77012825,0.8049768,0.7834262,0.80773365,0.4927378,0.83099014,0.7501503,0.83758634,0.86424446,0.7923093,0.84078276,0.7290778,0.7489836,0.72260666,0.4960215,0.6922535,0.71477914,0.69811976,0.8042265,0.80224234,0.54971945,0.7843949,0.7551706,-0.5463366,-0.705027,-0.05988267,-0.53735346,-0.4524743,0.38823992,0.06258515,-0.27011293,-0.1854859,-0.33701655,0.11001698,-0.47472787,-0.60133696,-0.30891418,-0.52019626,-0.73908246,-0.45208067,-0.5595729,-0.49508134,-0.536235,-0.101538435,-0.39555907
0.114404365,0.67138344,0.7060746,0.62904793,0.69751376,0.6171938,0.8086254,0.6739178,0.7481301,0.8524903,0.03525676,0.7438551,0.7126415,0.73469317,0.71135396,0.7414981,0.5852288,0.6060582,0.68694973,0.38880074,0.73425794,0.23172614,0.69926643,0.5813023,0.20609668,0.4287107,-0.060232483,0.27634215,0.45559198,0.49610835,-0.46219158,-0.4630587,-0.7063676,0.43475962,0.22618124,0.040783077,-0.18305632,-0.19343224,-0.10452461,0.54968774,-0.21344224,-0.4954223,-0.3557531,-0.4856168,-0.38437366,-0.27945536,-0.27462292,-0.3826403,0.122438475,-0.16450584,0.28791606,0.80823183,0.76615036,0.61300594,0.7385241,0.6196188,0.6963942,0.7172463,0.73420954,0.52870196,0.69893634,0.6688862,0.6557534,0.74825394,0.7320951,0.7296194,0.7616521,0.7220166,0.642709,0.60163623,0.6909443,0.5688731,0.6744932,0.6273628,0.68728125,0.31194535,0.6021873,0.6285726,-0.2669393,-0.4528323,0.00090582576,-0.25665927,-0.15711445,0.22565278,0.21999273,-0.0021722615,-0.16024801,-0.35082394,0.25808987,-0.17328651,-0.37071866,-0.12165375,-0.2979659,-0.5535977,-0.28148252,-0.3156704,-0.19667584,-0.2569666,0.021773057,-0.12333268
-0.26348478,0.16149536,-0.22115815,0.22738534,0.119706124,-0.4592857,-0.10018803,0.19097322,-0.11369273,0.03525676,0.8423895,-0.022466118,-0.3029511,-0.23037347,-0.35162878,-0.16049942,-0.087697595,-0.42763352,-0.15767184,-0.48085883,-0.35080397,0.079539396,0.0005367147,-0.390831,-0.44878083,-0.49024206,0.0075413417,-0.7006252,-0.6929838,0.12039735,0.37914062,0.5551234,0.2050606,-0.44446245,-0.43066013,-0.44410694,-0.6729045,0.63226426,0.69900584,-0.4538501,0.16693622,0.6088171,0.62925214,0.03459589,0.19276297,0.43291068,0.38043788,0.3394525,-0.4697253,0.029040916,-0.06347512,0.0811509,-0.06994624,0.15083137,-0.12178117,-0.4374825,0.23975943,0.17839141,-0.20788029,0.32975727,-0.3893767,-0.43841672,-0.4129345,-0.20406286,-0.41957247,-0.34966302,-0.28422445,-0.14549144,-0.41186643,-0.2517009,-0.44677645,-0.3783,-0.43562698,-0.40753713,-0.4509815,-0.6008294,-0.5073568,-0.49566197,0.3359493,0.32175726,-0.56744903,0.27724528,0.26512083,-0.55252814,-0.3425143,0.08511209,-0.55125165,-0.4968388,-0.35977602,0.3230803,0.054377027,0.31212014,0.36520043,0.41944748,0.5617894,-0.07057915,0.23141706,0.16041768,-0.32148194,0.008103595
-0.24357721,0.5177269,0.85675234,0.6272947,0.62044835,0.6923628,0.8332654,0.7856686,0.8419704,0.7438551,-0.022466118,0.93124545,0.8207663,0.82676077,0.82909673,0.85302866,0.8305212,0.442748,0.8454737,0.08154282,0.8289014,0.578438,0.6210451,0.8281545,0.5741265,0.7176986,-0.4657878,0.46316126,0.53860664,0.76992476,-0.7335826,-0.43142754,-0.76724565,0.30479428,0.5558717,-0.28084,-0.3568707,-0.4197932,-0.119695894,0.7909127,-0.61123043,-0.62100035,-0.4301806,-0.81503093,-0.75055265,-0.58864737,-0.61356235,-0.71628046,-0.16091748,-0.61005425,0.15096784,0.8441848,0.5503726,0.4784727,0.88105404,0.6456757,0.77033114,0.7010644,0.86052704,0.4849492,0.83637136,0.73517305,0.7987961,0.8101456,0.71825093,0.81432796,0.6490144,0.6490154,0.58347666,0.2916925,0.5860983,0.7252441,0.5871616,0.8429727,0.79900146,0.54140913,0.7469677,0.71835244,-0.6507336,-0.72034276,-0.27959478,-0.658775,-0.5932512,0.2586722,-0.16671655,-0.44259667,-0.41718638,-0.41727644,-0.12519777,-0.5548676,-0.7142278,-0.29580486,-0.4805133,-0.7215098,-0.35591882,-0.7048105,-0.5939772,-0.6609582,-0.33949846,-0.58153784
-0.059350647,0.4473198,0.8176377,0.4734301,0.53745854,0.7979777,0.78965706,0.59512764,0.7822904,0.7126415,-0.3029511,0.8207663,0.9175691,0.8262524,0.8975159,0.8261473,0.7572725,0.6224667,0.78987384,0.3516271,0.9002062,0.4275618,0.6976977,0.8631015,0.5894474,0.7498981,-0.30262345,0.6528428,0.7302649,0.640252,-0.730381,-0.61048335,-0.75840724,0.4838944,0.5686646,-0.019427761,-0.05319462,-0.5248252,-0.33890188,0.8364652,-0.47527438,-0.74165,-0.58266264,-0.63915956,-0.6344069,-0.56622267,-0.5709373,-0.64218223,0.08576044,-0.42362434,0.11426508,0.72769445,0.59653014,0.40664738,0.8021876,0.7466618,0.5741695,0.55654716,0.8379661,0.28821844,0.89304584,0.88211334,0.8614229,0.8160796,0.8449844,0.8876404,0.7701215,0.6894084,0.71527517,0.4600749,0.76609993,0.79971695,0.77047896,0.8639915,0.8993398,0.6359334,0.84773546,0.8548381,-0.58707154,-0.6875104,0.037571557,-0.57247967,-0.49074346,0.43448633,0.07979698,-0.27872235,-0.1314616,-0.14250624,0.120841265,-0.4902816,-0.5689402,-0.32615063,-0.5014342,-0.7621637,-0.49396473,-0.48829037,-0.47418,-0.5065638,-0.11246157,-0.38453692
0.054374486,0.45256227,0.90455395,0.47611144,0.5345295,0.86867714,0.8815378,0.6914481,0.8809316,0.73469317,-0.23037347,0.82676077,0.8262524,0.9385023,0.8944723,0.83574575,0.7128754,0.70815194,0.8775587,0.37656018,0.896358,0.44084132,0.63034105,0.7965507,0.5821729,0.7450097,-0.23205799,0.6034225,0.7369174,0.59641397,-0.6840123,-0.66371053,-0.75168216,0.6073791,0.6148332,0.042738587,-0.024206337,-0.55911374,-0.398289,0.7923176,-0.5393249,-0.77027357,-0.6252613,-0.6912291,-0.60871994,-0.6403668,-0.634192,-0.6863537,0.16971803,-0.42675012,0.3101926,0.8197677,0.6497977,0.4006072,0.8961675,0.8460655,0.67285156,0.6384461,0.835191,0.44707292,0.8721256,0.83115804,0.90783453,0.92355454,0.8510092,0.90521413,0.73533666,0.81168544,0.80158186,0.5490104,0.75475967,0.7980166,0.7863444,0.84171456,0.849972,0.652018,0.8699541,0.84827375,-0.5674921,-0.7474257,-0.0031857742,-0.5849097,-0.47961473,0.5043113,0.12114298,-0.26838702,-0.084013596,-0.14791425,0.17532471,-0.55643475,-0.6023446,-0.40799642,-0.6170968,-0.7735889,-0.56439424,-0.5312741,-0.54653263,-0.52704173,-0.015958631,-0.38693628
0.007202833,0.43102857,0.87671286,0.45362127,0.5238545,0.87609047,0.83264184,0.61760145,0.8353398,0.71135396,-0.35162878,0.82909673,0.8975159,0.8944723,0.9557675,0.8374078,0.74036455,0.68567836,0.83406854,0.39278403,0.9478556,0.4221452,0.65339345,0.87523115,0.64365506,0.8012742,-0.30473182,0.6996741,0.8011738,0.61183274,-0.7458707,-0.6712508,-0.78327703,0.55442774,0.6240914,0.031644296,0.008415194,-0.6049694,-0.4291367,0.8671731,-0.53488916,-0.80862904,-0.6679865,-0.66442955,-0.65227437,-0.64573574,-0.6476065,-0.70453596,0.15046702,-0.44779098,0.22550915,0.7568596,0.61651814,0.38401383,0.85646236,0.8290126,0.59279466,0.56988484,0.8567102,0.33411258,0.92445445,0.89737606,0.9265078,0.8808887,0.8902782,0.9451239,0.78359234,0.74123883,0.77886534,0.50450057,0.8031194,0.8293346,0.81706786,0.89649594,0.92365426,0.70492065,0.91499746,0.9103848,-0.62226105,-0.7337235,0.06427836,-0.6213248,-0.5325158,0.5005075,0.110280365,-0.31534153,-0.07423763,-0.10815975,0.15671265,-0.5582541,-0.5990559,-0.388917,-0.58161473,-0.8123162,-0.576396,-0.5073478,-0.5380501,-0.54794526,-0.05948939,-0.4077363
-0.14397417,0.61594677,0.8254756,0.6807331,0.70325804,0.72477144,0.8662169,0.7592864,0.8472303,0.7414981,-0.16049942,0.85302866,0.8261473,0.83574575,0.8374078,0.9128324,0.83039314,0.55368376,0.86476207,0.23871575,0.8491168,0.5031067,0.68606114,0.8190735,0.5196278,0.67527056,-0.38662407,0.51195633,0.61365104,0.688127,-0.7554829,-0.50766075,-0.8111809,0.4480198,0.54283404,-0.14615278,-0.18696147,-0.4059432,-0.1853795,0.78481233,-0.500794,-0.6851171,-0.4625408,-0.75464475,-0.7068019,-0.5432944,-0.54862046,-0.6623955,-0.036719322,-0.49481207,0.14639026,0.83702266,0.67358977,0.58934575,0.862357,0.6952073,0.7441164,0.73278177,0.8217113,0.34597412,0.8273437,0.7567506,0.8002931,0.81643885,0.774186,0.8333979,0.75131714,0.7293088,0.7093508,0.4298934,0.68571424,0.7845267,0.67795414,0.8277633,0.82099503,0.5227946,0.76315033,0.73692834,-0.61739135,-0.6767769,-0.027147356,-0.5480182,-0.48789716,0.445903,-0.020863526,-0.27693662,-0.26143557,-0.2832738,0.024858728,-0.47700578,-0.57167673,-0.21742539,-0.44148508,-0.69205254,-0.35350722,-0.6059886,-0.49716628,-0.54759,-0.20873016,-0.45562166
-0.4466694,0.41312456,0.7093401,0.56756496,0.533005,0.5711799,0.7071059,0.676883,0.7197859,0.5852288,-0.087697595,0.8305212,0.7572725,0.7128754,0.74036455,0.83039314,0.91877705,0.29445028,0.81063837,-0.06147109,0.737391,0.71049196,0.6161007,0.82400006,0.57941335,0.6647775,-0.5828073,0.4700026,0.46345493,0.82380295,-0.75018346,-0.28705773,-0.6631869,0.22664332,0.5954052,-0.4375448,-0.36989796,-0.3274411,0.0010027708,0.75577676,-0.5698904,-0.5348464,-0.27749544,-0.8091595,-0.78298765,-0.5107862,-0.54923797,-0.64224416,-0.32821256,-0.66057396,-0.1039881,0.7158255,0.40856034,0.4002859,0.76939017,0.49874032,0.6562407,0.58552617,0.7474725,0.188674,0.72418547,0.63114357,0.69451237,0.69422114,0.58010685,0.71567416,0.5405598,0.55870163,0.50811446,0.12066591,0.46879542,0.75651634,0.47101444,0.7695443,0.7099483,0.44888198,0.6511203,0.6127508,-0.6883132,-0.6353771,-0.24729258,-0.61277837,-0.58454555,0.3422727,-0.33501008,-0.4138564,-0.48863852,-0.25286615,-0.29086643,-0.5322182,-0.611697,-0.15343677,-0.35634127,-0.55977297,-0.1896857,-0.7334931,-0.56013656,-0.61031497,-0.49166954,-0.63323885
0.5404264,0.35696644,0.66220975,0.2113929,0.36651254,0.80620015,0.66894627,0.3222406,0.612751,0.6060582,-0.42763352,0.442748,0.6224667,0.70815194,0.68567836,0.55368376,0.29445028,0.94278437,0.56968755,0.81741285,0.70454705,-0.026923694,0.52668357,0.49017546,0.29865262,0.49650264,0.278395,0.576985,0.7746165,0.12482967,-0.39991906,-0.8564819,-0.5298872,0.8473606,0.380185,0.59096235,0.45607138,-0.52971536,-0.6571884,0.5358046,-0.15632209,-0.74467385,-0.7245699,-0.22379649,-0.15587375,-0.43191928,-0.3699302,-0.366821,0.6778705,0.08960843,0.49133575,0.5316365,0.707634,0.31068876,0.5759381,0.8445473,0.3086145,0.39038742,0.57459366,0.29543364,0.6713171,0.75482285,0.7234132,0.71992594,0.8298977,0.7318891,0.73793906,0.75652117,0.85743487,0.87229156,0.8524886,0.6063174,0.88262874,0.58296764,0.69567275,0.56389105,0.72823036,0.7719145,-0.19199122,-0.51934487,0.4494421,-0.20842952,-0.07650656,0.5922039,0.66254735,0.16303016,0.4629748,0.16728048,0.69913137,-0.26388603,-0.21051565,-0.40846384,-0.5490526,-0.62857115,-0.68851316,-0.018065087,-0.1892969,-0.092155896,0.5406153,0.13417025
-0.13407877,0.43618202,0.8589523,0.52417964,0.5466192,0.77265286,0.8510187,0.7251648,0.8509548,0.68694973,-0.15767184,0.8454737,0.78987384,0.8775587,0.83406854,0.86476207,0.81063837,0.56968755,0.92378974,0.19891259,0.83057714,0.598147,0.6263789,0.81400645,0.60218436,0.7323108,-0.3666672,0.5513217,0.6397579,0.70303047,-0.72969985,-0.54404277,-0.7160256,0.51791835,0.6678945,-0.14661482,-0.14878781,-0.49595344,-0.2534976,0.78503597,-0.59851277,-0.7013091,-0.49556893,-0.7986465,-0.7055929,-0.6402819,-0.6439166,-0.70690423,-0.010272241,-0.5512221,0.19646013,0.81064546,0.5642667,0.40474945,0.88425374,0.73723716,0.70263696,0.6496172,0.817031,0.3691893,0.81887746,0.7445709,0.8392673,0.8671088,0.7472571,0.83651125,0.64682364,0.76243186,0.73268336,0.40133226,0.63936454,0.8162384,0.6679754,0.8225754,0.789076,0.5905216,0.7929939,0.7519824,-0.64952874,-0.7600404,-0.10956627,-0.62140596,-0.54080856,0.5113766,-0.06247377,-0.32863525,-0.2286791,-0.18083608,-0.0070987646,-0.6032064,-0.6320239,-0.3397047,-0.5605897,-0.69491816,-0.43389836,-0.66790974,-0.61035335,-0.5899775,-0.1903911,-0.51436096
0.7320001,0.2623372,0.3146019,0.01998205,0.21131586,0.5414523,0.36853194,0.0015403174,0.29240453,0.38880074,-0.48085883,0.08154282,0.3516271,0.37656018,0.39278403,0.23871575,-0.06147109,0.81741285,0.19891259,0.95692253,0.42293814,-0.4009695,0.33560935,0.18099454,0.016794585,0.20234859,0.51308405,0.42393935,0.60934365,-0.24589425,-0.121506974,-0.73318386,-0.30248028,0.7301868,0.06380013,0.8215177,0.6655822,-0.35232317,-0.65038323,0.25325957,0.19356635,-0.53464335,-0.60885394,0.17282338,0.17371613,-0.13824409,-0.0633378,-0.052357905,0.83583283,0.4416585,0.46664494,0.21505886,0.6037899,0.22316433,0.21289283,0.6060244,0.0051373662,0.15180509,0.26450127,0.12106101,0.3931264,0.52255106,0.4176664,0.39810452,0.6260914,0.44520283,0.60550404,0.5069262,0.6556946,0.8520077,0.7306924,0.30563638,0.721256,0.2814242,0.44836262,0.35445672,0.45542073,0.5343221,0.1089593,-0.17749739,0.6912739,0.12299055,0.22437973,0.4658048,0.8867438,0.3970319,0.7052272,0.2957217,0.90093493,0.0640256,0.14185163,-0.23315471,-0.28708097,-0.38462245,-0.5684265,0.37020364,0.15197049,0.2225813,0.762095,0.48026454
0.032313287,0.47139156,0.87471527,0.48443985,0.5637545,0.8744941,0.8487228,0.63136053,0.84504527,0.73425794,-0.35080397,0.8289014,0.9002062,0.896358,0.9478556,0.8491168,0.737391,0.70454705,0.83057714,0.42293814,0.9538017,0.40060517,0.67148155,0.87217915,0.6243045,0.79061425,-0.29211634,0.69246495,0.8003725,0.5990304,-0.7494678,-0.69246924,-0.8074765,0.57137865,0.60561407,0.052473776,0.015976902,-0.5997157,-0.42893165,0.8658731,-0.5175523,-0.81610817,-0.6714673,-0.6598849,-0.65072644,-0.63263357,-0.63405335,-0.6984792,0.17254356,-0.42732367,0.25378513,0.77036506,0.65583706,0.42365313,0.8606399,0.83470273,0.60901785,0.5998001,0.86471987,0.35421473,0.92899144,0.9017227,0.920079,0.8815956,0.90516734,0.9455955,0.81659544,0.75755024,0.7927881,0.53722936,0.8265163,0.8286573,0.8316761,0.8987309,0.9297237,0.69939274,0.9109055,0.91021913,-0.6130915,-0.7313473,0.09266287,-0.60315096,-0.51673776,0.50607073,0.1409474,-0.29228666,-0.056413494,-0.13003464,0.18826485,-0.53860706,-0.5801984,-0.3670222,-0.56430155,-0.8191087,-0.5778613,-0.49188393,-0.52305114,-0.53958845,-0.036095228,-0.3859548
-0.59996974,0.0024576331,0.45784009,0.22985463,0.12376015,0.2995919,0.36872053,0.4356984,0.41586506,0.23172614,0.079539396,0.578438,0.4275618,0.44084132,0.4221452,0.5031067,0.71049196,-0.026923694,0.598147,-0.4009695,0.40060517,0.8807847,0.31564403,0.5632689,0.5367745,0.49048668,-0.5470501,0.28959626,0.18363369,0.75947714,-0.49253774,-0.0055804765,-0.27493808,0.017767891,0.6076256,-0.60462713,-0.44842952,-0.22161663,0.14182313,0.47615808,-0.6184616,-0.24162856,-0.035745993,-0.7096971,-0.62553424,-0.44881538,-0.5017159,-0.50460804,-0.50270724,-0.71566737,-0.29562986,0.40607786,-0.037416622,0.0039913226,0.4945531,0.21518756,0.40326786,0.24146307,0.45884776,0.026749726,0.3856662,0.30710214,0.4260016,0.42449063,0.20069876,0.39026216,0.08377525,0.28283706,0.20050628,-0.2217038,0.057723284,0.53152287,0.12461685,0.47381526,0.3518681,0.2942382,0.37192434,0.3047064,-0.5848749,-0.52138114,-0.50496733,-0.596964,-0.5843593,0.20268282,-0.6022377,-0.47096992,-0.5739419,-0.11229615,-0.5555978,-0.59639114,-0.5918197,-0.19569393,-0.3339514,-0.28626633,-0.029037286,-0.7602922,-0.6205206,-0.5654197,-0.60969484,-0.7186941
-0.046734735,0.5233363,0.5463722,0.51539224,0.56185025,0.5270011,0.6742726,0.50865614,0.61354655,0.69926643,0.0005367147,0.6210451,0.6976977,0.63034105,0.65339345,0.68606114,0.6161007,0.52668357,0.6263789,0.33560935,0.67148155,0.31564403,0.8399838,0.5403415,0.16476525,0.30696845,-0.011804934,0.3322719,0.40517232,0.54737383,-0.3807402,-0.38005143,-0.5321824,0.39940146,0.21734118,-0.030932495,-0.14160506,-0.037396777,0.015060844,0.46969187,-0.039181735,-0.38217118,-0.18255657,-0.34234357,-0.2743672,-0.09442505,-0.110800974,-0.19993801,0.025390455,-0.07449998,-0.040593855,0.6659058,0.6455177,0.49005795,0.5774406,0.502989,0.5354871,0.5460958,0.59707344,0.1937924,0.57314634,0.6399996,0.55902857,0.6624382,0.6416684,0.6695021,0.693658,0.6896278,0.60344577,0.5139549,0.638733,0.6169173,0.6333853,0.50931144,0.60498846,0.17465633,0.5233971,0.5644347,-0.15002483,-0.3109402,0.072283655,-0.10490581,-0.020105295,0.31545618,0.16810432,0.16463353,-0.18563859,-0.095511645,0.18512318,-0.05155144,-0.21417055,0.01525746,-0.1446888,-0.34768385,-0.099143,-0.20014697,-0.03624766,-0.06699952,-0.044155236,-0.036971733
-0.20939414,0.3147661,0.8237532,0.41612655,0.4365697,0.76910925,0.72837645,0.5777693,0.74897397,0.5813023,-0.390831,0.8281545,0.8631015,0.7965507,0.87523115,0.8190735,0.82400006,0.49017546,0.81400645,0.18099454,0.87217915,0.5632689,0.5403415,0.9558218,0.7650498,0.88113135,-0.54713047,0.71935767,0.74771917,0.6878686,-0.8621973,-0.539258,-0.7484447,0.39393595,0.71642053,-0.16611469,-0.07924064,-0.6440445,-0.359859,0.93395174,-0.6652559,-0.78683305,-0.61507446,-0.7738688,-0.8251307,-0.7212131,-0.73989475,-0.80667263,-0.04693862,-0.64384365,0.065280065,0.6660036,0.4309286,0.28799152,0.8103392,0.7025287,0.533834,0.48163208,0.83483624,0.19313101,0.8994492,0.8198112,0.8675792,0.7688782,0.7643614,0.8482088,0.6473967,0.5833678,0.648196,0.25688934,0.6510893,0.8325801,0.6579268,0.9383658,0.8949326,0.7458458,0.86380637,0.82769525,-0.8038395,-0.7687545,-0.03831311,-0.7528894,-0.71892375,0.47316265,-0.12763494,-0.5078984,-0.20823798,-0.115732774,-0.0765714,-0.67221427,-0.66573226,-0.3737037,-0.559485,-0.7954054,-0.5125487,-0.65933096,-0.6698262,-0.7031367,-0.27232054,-0.60957766
-0.20462295,-0.108158104,0.63863134,0.019201558,0.0267084,0.6230664,0.42045063,0.28639215,0.48359993,0.20609668,-0.44878083,0.5741265,0.5894474,0.5821729,0.64365506,0.5196278,0.57941335,0.29865262,0.60218436,0.016794585,0.6243045,0.5367745,0.16476525,0.7650498,0.86680263,0.86625403,-0.53385514,0.7006984,0.65695715,0.49743366,-0.7108826,-0.42175558,-0.4443594,0.2753827,0.7817822,-0.15120839,0.041539058,-0.7529198,-0.4579485,0.7821925,-0.76254785,-0.68561196,-0.59767497,-0.6602901,-0.71689504,-0.7991822,-0.82129073,-0.7898164,-0.04086125,-0.68148047,0.024414036,0.3461367,0.024373017,-0.13235788,0.57991123,0.54405123,0.22700872,0.117948666,0.5934602,0.019072117,0.6835294,0.597815,0.7134422,0.5451691,0.50218827,0.6128021,0.28487176,0.3076744,0.42919725,0.0012618876,0.3758536,0.6537672,0.42876026,0.7653221,0.6622908,0.7931713,0.72358435,0.6613045,-0.7901944,-0.72017723,-0.110632926,-0.82549953,-0.8057401,0.41714275,-0.24863884,-0.64395106,-0.095735595,0.097507834,-0.18569091,-0.80873084,-0.64503956,-0.50545716,-0.62621903,-0.6693299,-0.55690444,-0.61957747,-0.77885175,-0.7266767,-0.24790287,-0.6669849
-0.088549145,0.0994065,0.8099439,0.19566575,0.22891864,0.787248,0.6174463,0.44697803,0.66550505,0.4287107,-0.49024206,0.7176986,0.7498981,0.7450097,0.8012742,0.67527056,0.6647775,0.49650264,0.7323108,0.20234859,0.79061425,0.49048668,0.30696845,0.88113135,0.86625403,0.9690655,-0.4889099,0.76847386,0.80053496,0.5357641,-0.8103212,-0.6038716,-0.6391406,0.43715885,0.8087791,-0.029811982,0.07920733,-0.8446563,-0.5677274,0.9104665,-0.7879262,-0.8310188,-0.7546936,-0.7362652,-0.77879393,-0.88260424,-0.8839299,-0.89158976,0.100807205,-0.6617301,0.18142167,0.5261338,0.27040225,0.06655836,0.74114776,0.7280836,0.38428307,0.30706292,0.7675047,0.19794357,0.85836434,0.77049243,0.8601326,0.7053356,0.7079829,0.7775635,0.49966723,0.4821694,0.6071575,0.22158197,0.5806027,0.75341976,0.61592305,0.9088948,0.8382675,0.8974531,0.8719729,0.8192457,-0.8312235,-0.8421538,-0.040866323,-0.8650441,-0.8176603,0.48444185,-0.08069717,-0.6279859,-0.034878477,-0.010865523,-0.017279528,-0.82749295,-0.72892094,-0.583909,-0.7299787,-0.8496181,-0.69977343,-0.64055604,-0.8044516,-0.77889884,-0.14521359,-0.63225937
0.6218319,-0.08387461,-0.28725028,-0.31633312,-0.20012318,-0.10559133,-0.2057924,-0.36962527,-0.27419356,-0.060232483,0.0075413417,-0.4657878,-0.30262345,-0.23205799,-0.30473182,-0.38662407,-0.5828073,0.278395,-0.3666672,0.51308405,-0.29211634,-0.5470501,-0.011804934,-0.54713047,-0.53385514,-0.4889099,0.86324793,-0.20978275,-0.09478593,-0.5608581,0.5584091,-0.1726815,0.35074836,0.32430434,-0.40124935,0.6772703,0.46603453,0.21086687,-0.19308886,-0.51183665,0.58894646,0.19555473,0.027752597,0.6475978,0.7611005,0.40745628,0.4749846,0.5694443,0.6327785,0.78175205,0.21439186,-0.26032156,0.1412226,-0.103551984,-0.37388462,-0.0054603238,-0.32644466,-0.2056666,-0.36588907,0.025812268,-0.34746256,-0.15384272,-0.282547,-0.17784947,-0.07454267,-0.24504063,-0.025383389,0.061450288,0.05523741,0.45778233,0.059954733,-0.30181098,0.09428415,-0.471435,-0.31145078,-0.28165388,-0.26271963,-0.17810556,0.686393,0.35586405,0.3875562,0.6231389,0.70235336,0.02109514,0.68253344,0.67266464,0.60084015,0.29455563,0.6672309,0.4922648,0.50532854,-0.022192147,0.09078191,0.2971734,-0.06053146,0.69635,0.5605408,0.68916917,0.7465013,0.7830931
0.07667618,-0.03450267,0.5965405,-0.031049337,0.05932799,0.73534876,0.4494964,0.14393514,0.46889257,0.27634215,-0.7006252,0.46316126,0.6528428,0.6034225,0.6996741,0.51195633,0.4700026,0.576985,0.5513217,0.42393935,0.69246495,0.28959626,0.3322719,0.71935767,0.7006984,0.76847386,-0.20978275,0.8700976,0.84745294,0.30470225,-0.6176008,-0.6597971,-0.44208193,0.5617759,0.6896388,0.2274991,0.38893116,-0.7548071,-0.6540526,0.75472486,-0.46185505,-0.7830112,-0.72222406,-0.40870506,-0.47749722,-0.6543444,-0.6391223,-0.598312,0.31250677,-0.32169262,0.051228244,0.29318422,0.25082183,-0.058573253,0.5073114,0.6858542,0.0947147,0.07849404,0.5513489,-0.123631105,0.70566595,0.7368221,0.7447654,0.5765948,0.67859554,0.6922627,0.49862158,0.45507982,0.6487546,0.34479842,0.63135326,0.71432257,0.6729766,0.7228689,0.7381944,0.77811843,0.7943903,0.7807318,-0.57754815,-0.62754464,0.31151536,-0.56321514,-0.5110737,0.6243602,0.1641052,-0.27488667,0.2636514,0.3618951,0.22064134,-0.58338225,-0.3853258,-0.45611358,-0.5829591,-0.6597328,-0.65894896,-0.29011205,-0.5025759,-0.41433796,0.10892543,-0.2938181
0.28694886,0.15021287,0.7390596,0.10461916,0.23068139,0.8779118,0.61936533,0.28885987,0.62590563,0.45559198,-0.6929838,0.53860664,0.7302649,0.7369174,0.8011738,0.61365104,0.46345493,0.7746165,0.6397579,0.60934365,0.8003725,0.18363369,0.40517232,0.74771917,0.65695715,0.80053496,-0.09478593,0.84745294,0.9502156,0.27455872,-0.6668894,-0.83185995,-0.59579563,0.7205945,0.6618732,0.3839395,0.45048124,-0.8150265,-0.7790339,0.79864854,-0.45213735,-0.908265,-0.8694246,-0.43342823,-0.47064653,-0.70385563,-0.6661638,-0.6516049,0.48931783,-0.25349456,0.3219426,0.458114,0.4636032,0.11649081,0.64012367,0.85663813,0.24203958,0.2596922,0.66941714,0.10496095,0.8225516,0.84071505,0.86274695,0.7214288,0.8353399,0.80855846,0.66414744,0.6124748,0.79236346,0.567665,0.79507315,0.74758035,0.8230798,0.80244315,0.84357595,0.8393229,0.89822656,0.8922889,-0.5594388,-0.70125186,0.37998715,-0.5511778,-0.46402103,0.68033254,0.36088145,-0.21617675,0.35708323,0.24703808,0.41100207,-0.57305443,-0.42587793,-0.53215945,-0.6764616,-0.8002998,-0.80232006,-0.2627221,-0.4931008,-0.42000782,0.27505976,-0.21416123
-0.55583525,0.29981452,0.60475254,0.47768742,0.4077384,0.42169023,0.57866013,0.6169273,0.60568684,0.49610835,0.12039735,0.76992476,0.640252,0.59641397,0.61183274,0.688127,0.82380295,0.12482967,0.70303047,-0.24589425,0.5990304,0.75947714,0.54737383,0.6878686,0.49743366,0.5357641,-0.5608581,0.30470225,0.27455872,0.8785048,-0.56819654,-0.10964581,-0.50351894,0.057791695,0.50711143,-0.5826728,-0.54122615,-0.19960809,0.16619861,0.59505856,-0.54438233,-0.32219952,-0.09181018,-0.7418914,-0.67793894,-0.4039448,-0.45552373,-0.5299604,-0.48209673,-0.6644784,-0.2555797,0.63089246,0.24978748,0.27308166,0.65807915,0.3445723,0.6136436,0.48878694,0.6399087,0.20688339,0.57501143,0.49827695,0.56020427,0.58775455,0.417389,0.5848752,0.3695845,0.4451763,0.32315874,-0.032245774,0.28334975,0.61891925,0.3113129,0.61706984,0.54652894,0.30173576,0.5039077,0.45757002,-0.57123995,-0.5378768,-0.4609531,-0.57002056,-0.54654133,0.14766711,-0.4776219,-0.42865652,-0.6487361,-0.3086626,-0.4412186,-0.47832745,-0.6162303,-0.12431753,-0.28047454,-0.4057724,-0.035957597,-0.7270864,-0.53015137,-0.5662235,-0.6032026,-0.6548706
0.20373103,-0.3245948,-0.7369695,-0.4298246,-0.44901606,-0.6643636,-0.6453685,-0.5391383,-0.67522943,-0.46219158,0.37914062,-0.7335826,-0.730381,-0.6840123,-0.7458707,-0.7554829,-0.75018346,-0.39991906,-0.72969985,-0.121506974,-0.7494678,-0.49253774,-0.3807402,-0.8621973,-0.7108826,-0.8103212,0.5584091,-0.6176008,-0.6668894,-0.56819654,0.8692306,0.4785955,0.71136564,-0.33628982,-0.66545284,0.16681564,0.054262742,0.617113,0.3373364,-0.8611014,0.64539677,0.73549294,0.5632739,0.76222587,0.8105989,0.70129037,0.71279716,0.7968731,0.055950414,0.6414935,-0.07684627,-0.58084655,-0.37187347,-0.3083045,-0.7374389,-0.60794854,-0.5077882,-0.45956373,-0.7356373,-0.15687051,-0.8076041,-0.6822016,-0.75651556,-0.6448302,-0.6520053,-0.7214536,-0.5465214,-0.4599619,-0.55374706,-0.18038513,-0.54407287,-0.72897,-0.52609676,-0.8603722,-0.8020623,-0.6795765,-0.7610682,-0.6986705,0.80286837,0.7274549,0.02051411,0.71725905,0.69442475,-0.44111013,0.15252715,0.5164375,0.1728077,0.15781197,0.09502646,0.64457905,0.61352134,0.32999125,0.50385535,0.7316757,0.46160522,0.65006065,0.65533894,0.7088524,0.26744634,0.602368
-0.4667331,-0.22115374,-0.67089105,-0.10711576,-0.25148007,-0.8243433,-0.5973634,-0.26442474,-0.5725829,-0.4630587,0.5551234,-0.43142754,-0.61048335,-0.66371053,-0.6712508,-0.50766075,-0.28705773,-0.8564819,-0.54404277,-0.73318386,-0.69246924,-0.0055804765,-0.38005143,-0.539258,-0.42175558,-0.6038716,-0.1726815,-0.6597971,-0.83185995,-0.10964581,0.4785955,0.8979926,0.506612,-0.8029696,-0.48378068,-0.5581167,-0.4978755,0.67664003,0.75360763,-0.5949816,0.2900545,0.80854064,0.81565523,0.28596997,0.24151152,0.5708474,0.5045998,0.48377585,-0.6514727,0.038061902,-0.39511985,-0.44304007,-0.55197954,-0.18225968,-0.55812657,-0.84563786,-0.23466465,-0.27753985,-0.5494136,-0.20007305,-0.70276666,-0.7552589,-0.75305164,-0.6642113,-0.7909524,-0.7014035,-0.6386557,-0.6242688,-0.78823006,-0.721165,-0.7851752,-0.5937574,-0.8210795,-0.6266397,-0.72013414,-0.6906855,-0.7702366,-0.7850491,0.33775136,0.6062232,-0.40169358,0.3594972,0.24145103,-0.5816036,-0.55194736,0.024836883,-0.46628928,-0.18217553,-0.6023356,0.41003612,0.32488117,0.5552461,0.67057025,0.71198535,0.7959446,0.11318958,0.33135375,0.23292857,-0.4733065,-0.0053470153
0.037185665,-0.64401644,-0.7615577,-0.6694702,-0.7229247,-0.67408776,-0.80558,-0.6941618,-0.7960241,-0.7063676,0.2050606,-0.76724565,-0.75840724,-0.75168216,-0.78327703,-0.8111809,-0.6631869,-0.5298872,-0.7160256,-0.30248028,-0.8074765,-0.27493808,-0.5321824,-0.7484447,-0.4443594,-0.6391406,0.35074836,-0.44208193,-0.59579563,-0.50351894,0.71136564,0.506612,0.84952354,-0.36209378,-0.4113503,0.03541238,0.117173895,0.41372883,0.23842183,-0.7560572,0.4263427,0.6690629,0.5100095,0.63724697,0.6438924,0.51422244,0.5042263,0.6378027,-0.043943916,0.41159657,-0.31143296,-0.77283156,-0.686798,-0.624434,-0.8027974,-0.65012455,-0.6861067,-0.7131711,-0.7672147,-0.41365212,-0.81646156,-0.7097961,-0.74591696,-0.72743815,-0.7566022,-0.77751446,-0.7594398,-0.597172,-0.61864626,-0.43351868,-0.6896455,-0.63452005,-0.63173103,-0.7913846,-0.80281794,-0.5152024,-0.71948147,-0.6973778,0.5671319,0.59383976,-0.05790272,0.4994466,0.44847298,-0.30611908,-0.07719369,0.2991222,0.17008516,0.35067695,-0.111139566,0.3824972,0.50230145,0.18502492,0.3593039,0.71328986,0.38904062,0.47849607,0.42316204,0.51996875,0.123407036,0.37375736
0.51161975,0.18915933,0.56255805,0.06350529,0.20293361,0.72864854,0.5458046,0.20451143,0.4973089,0.43475962,-0.44446245,0.30479428,0.4838944,0.6073791,0.55442774,0.4480198,0.22664332,0.8473606,0.51791835,0.7301868,0.57137865,0.017767891,0.39940146,0.39393595,0.2753827,0.43715885,0.32430434,0.5617759,0.7205945,0.057791695,-0.33628982,-0.8029696,-0.36209378,0.901908,0.4372342,0.5969654,0.5383121,-0.52467775,-0.6686592,0.4384805,-0.14367814,-0.6942518,-0.6619767,-0.18097115,-0.08751839,-0.4321732,-0.3574995,-0.31347218,0.6790849,0.10668738,0.40477836,0.39559415,0.54283255,0.15812881,0.46356085,0.7715446,0.18236357,0.2507648,0.43844956,0.14816697,0.53590846,0.6303296,0.63367677,0.6235049,0.6901606,0.6027419,0.5666796,0.68622756,0.8077582,0.76313317,0.71075773,0.5739243,0.76616883,0.47588152,0.56399244,0.52535653,0.6400608,0.6549966,-0.17060912,-0.49585584,0.4538887,-0.17283434,-0.044819288,0.68469316,0.60079694,0.19572103,0.52778745,0.32856658,0.64597106,-0.30037794,-0.15705678,-0.43978894,-0.57664776,-0.5100718,-0.6550535,-0.0023999298,-0.20165613,-0.03719714,0.5612875,0.14302447
-0.16186035,-0.096732415,0.6603364,0.020928973,0.021436203,0.65525407,0.4617229,0.3069221,0.50818086,0.22618124,-0.43066013,0.5558717,0.5686646,0.6148332,0.6240914,0.54283404,0.5954052,0.380185,0.6678945,0.06380013,0.60561407,0.6076256,0.21734118,0.71642053,0.7817822,0.8087791,-0.40124935,0.6896388,0.6618732,0.50711143,-0.66545284,-0.48378068,-0.4113503,0.4372342,0.8884877,-0.09075633,0.10001175,-0.7274273,-0.46977317,0.72107005,-0.74599814,-0.6813343,-0.580539,-0.67231786,-0.6490136,-0.7997655,-0.8066066,-0.7443148,0.03514176,-0.6297535,0.017158419,0.3732322,0.07374363,-0.12383053,0.5879021,0.59850264,0.2495825,0.13633756,0.5692673,-0.00233514,0.6393831,0.5943023,0.71567506,0.58544016,0.5055485,0.6062104,0.2734459,0.4158584,0.52514017,0.09675644,0.38405627,0.70728445,0.4633008,0.71397233,0.6221864,0.7492037,0.71119165,0.649197,-0.73518765,-0.7754981,-0.09294881,-0.7605909,-0.7134296,0.55404025,-0.18903452,-0.5162067,-0.032580204,0.18993862,-0.115512565,-0.8342098,-0.63336366,-0.56270653,-0.70734435,-0.62135977,-0.56844395,-0.63062453,-0.7884548,-0.645713,-0.16032508,-0.61097914
0.84568596,-0.03607157,0.014480371,-0.29966915,-0.116785415,0.2719695,0.013842855,-0.3049494,-0.049832463,0.040783077,-0.44410694,-0.28084,-0.019427761,0.042738587,0.031644296,-0.14615278,-0.4375448,0.59096235,-0.14661482,0.8215177,0.052473776,-0.60462713,-0.030932495,-0.16611469,-0.15120839,-0.029811982,0.6772703,0.2274991,0.3839395,-0.5826728,0.16681564,-0.5581167,0.03541238,0.5969654,-0.09075633,0.97016305,0.81136453,-0.2822895,-0.67058694,-0.06610961,0.31422484,-0.29364604,-0.48576838,0.44007388,0.4421679,-0.014569902,0.07329935,0.14953998,0.9427431,0.60631806,0.47761834,-0.14131281,0.28505218,-0.059535474,-0.11722557,0.36191386,-0.30762064,-0.1579206,-0.07950503,0.013892902,0.058288127,0.19518596,0.10629152,0.06422919,0.2861812,0.0860107,0.2410813,0.19385844,0.36555508,0.65212226,0.40561455,-0.02154466,0.41494063,-0.04586202,0.101014376,0.21324098,0.15933031,0.22950076,0.31076926,0.020680327,0.68666834,0.2822244,0.3671658,0.3252946,0.8930013,0.44758153,0.89863914,0.41159686,0.89774287,0.16358827,0.31252772,-0.27041882,-0.22035933,-0.1395016,-0.5121395,0.57843834,0.2654696,0.38435176,0.9258808,0.63562727
