0,1,2,3,4,5,6,7,8,9,10,11,12,13,14,15,16,17,18,19,20,21,22,23,24,25,26,27,28,29,30,31,32,33,34,35,36,37,38,39,40,41,42,43,44,45,46,47,48,49,50,51,52,53,54,55,56,57,58,59,60,61,62,63,64,65,66,67,68,69,70,71,72,73,74,75,76,77,78,79,80,81,82,83,84,85,86,87,88,89,90,91,92,93,94,95,96,97,98,99
0.78630775,-0.11470821,0.12260327,-0.18888673,-0.29138973,-0.14297089,-0.3727844,-0.4732579,-0.35367072,0.48494247,0.024689082,-0.19842009,-0.17190278,-0.11381757,-0.06506847,-0.18128651,-0.23581916,-0.24075085,-0.6475544,-0.40176153,-0.4175055,-0.5349895,-0.47654295,-0.123680845,0.22469465,-0.53163606,-0.275044,-0.41923207,0.41778222,-0.5510702,0.13417044,0.16416153,0.20414221,0.30554485,-0.0024912956,-0.16066071,0.4006646,0.6184836,0.46725726,0.56395054,0.5181005,-0.50600886,-0.009485119,0.48076415,0.21964917,0.53537196,0.15692832,0.22985157,-0.030522987,0.48352268,-0.14459702,-0.26090023,-0.58934176,-0.29465914,-0.2025754,-0.24722883,-0.3013859,-0.20001806,-0.20323811,-0.091116846,-0.23406105,-0.08277461,0.059055395,-0.026902003,0.03021793,-0.04752381,0.048840947,-0.26028484,-0.5950616,-0.5175197,-0.49792495,-0.63426733,-0.04111589,-0.4086452,-0.3108536,-0.35094774,-0.2468215,-0.3701148,0.05641879,0.4284558,-0.62904674,-0.42820096,-0.5289141,-0.45633563,-0.058463633,-0.556166,0.3497854,-0.59717256,0.39074028,-0.2819099,0.14064175,-0.22840548,-0.009528767,-0.6213545,-0.5270651,0.48602313,0.3034807,-0.52198756,-0.07112737,0.45247355
-0.11470821,0.92784363,0.45577317,0.6007558,0.5188061,-0.7710711,0.19906545,-0.00047658803,-0.6297052,-0.41043666,-0.6614138,-0.6039326,-0.7981912,-0.8558849,-0.8660967,0.70216554,-0.76036066,0.8065491,0.3273613,0.5917248,0.773136,0.47701508,-0.50697315,-0.65169847,-0.64223313,-0.30314147,0.7128337,-0.27432656,0.2459299,-0.19833377,0.7324482,-0.75316447,0.7455685,0.6669836,0.871681,-0.832011,0.26366013,0.19673428,0.5775056,0.33993202,0.19878463,0.37032235,0.6305047,0.077842936,0.7048441,0.25270882,0.8250319,0.74405575,-0.56866854,0.07885404,0.23939866,-0.069455214,0.40946907,0.23267257,-0.63383794,-0.67450225,-0.19319987,-0.6120224,-0.69625306,-0.8488518,-0.7852973,-0.86095965,-0.8825067,-0.88713545,-0.8529501,-0.8680111,0.7387308,-0.77471733,0.43220437,0.21217781,0.48852035,0.25703958,-0.87917197,-0.33806667,-0.7025093,-0.39912325,0.56250113,-0.64824367,0.6998488,-0.57257384,0.4596948,0.7843424,0.62457955,0.7406765,0.8632396,0.11243962,0.48372626,0.47479492,-0.006250982,0.7495791,0.48205698,-0.5053911,-0.38542408,0.2362974,0.3675619,0.10472298,0.44527447,0.6498543,-0.42664152,0.2330071
0.12260327,0.45577317,0.6499707,0.55483747,0.5141962,-0.31417152,0.36285192,0.1842174,-0.30829063,-0.39632806,-0.5879396,-0.6672832,-0.62074184,-0.58803236,-0.5934602,0.60529035,-0.611465,0.5745139,-0.051183194,0.4570784,0.40555805,-0.08937305,-0.53197134,-0.6853327,-0.5290908,-0.5323048,0.112622805,-0.5030485,0.37767768,-0.5402092,0.6206345,-0.5158435,0.57495356,0.48598152,0.4313163,-0.53416425,0.32328948,0.4063155,0.50607884,0.29180753,0.25410318,-0.10118955,0.024793437,0.17986739,0.3642913,0.310588,0.45868233,0.668119,-0.020248562,0.31650892,0.4875541,0.29672068,0.15952602,0.43129918,-0.14554861,-0.25469545,0.18238735,-0.052972943,-0.67307854,-0.60776854,-0.63402086,-0.574251,-0.54916525,-0.5791055,-0.5954195,-0.5800528,0.43804058,-0.47176355,0.17635015,0.29948246,0.40566495,-0.17664757,-0.60859036,-0.6254849,-0.6111239,-0.58361304,0.1316541,-0.6472219,0.2581797,-0.32917696,-0.032006137,0.324628,0.022463903,0.18941021,0.4239813,-0.29487333,0.37936053,-0.09776257,0.19705756,0.10845637,0.028996866,-0.6796775,-0.6350687,-0.27098924,-0.26808038,0.19749519,0.18696341,0.1592792,0.14353152,0.41815177
-0.18888673,0.6007558,0.55483747,0.90441436,0.885573,-0.3568894,0.6816252,0.5145024,-0.22769547,-0.7592181,-0.6625499,-0.56184304,-0.5644795,-0.5473743,-0.65060776,0.8843945,-0.5507944,0.8105471,0.43567732,0.6931783,0.78218436,0.33418685,-0.22576082,-0.6860029,-0.69548315,-0.21151876,0.30177173,-0.3238995,0.0043681096,-0.24124421,0.5380901,-0.6311686,0.6024971,0.27756867,0.5103012,-0.57071567,-0.03292523,0.04878506,0.2285023,-0.07597518,-0.17735073,0.24366567,0.051161475,-0.26550794,0.19461721,-0.08893424,0.44061464,0.54858965,-0.1666806,-0.10039058,0.74458784,0.54430985,0.6310102,0.7480788,-0.11294915,-0.22893485,0.41288802,-0.030140301,-0.5939636,-0.64646184,-0.54642534,-0.5657767,-0.6149813,-0.5960449,-0.73128676,-0.63131595,0.33143738,-0.34390432,0.64609826,0.6554342,0.75996643,0.30003557,-0.6243262,-0.43463457,-0.51168287,-0.36420354,0.10522145,-0.45482457,0.17066203,-0.69615257,0.4311995,0.6774719,0.3745994,0.55319583,0.43165183,0.16851589,0.09849668,0.28980765,-0.2221135,0.2625687,-0.110286504,-0.5700383,-0.7272133,0.11819917,0.040368784,-0.23819697,-0.09196401,0.5758611,0.051549852,0.032720935
-0.29138973,0.5188061,0.5141962,0.885573,0.92584115,-0.2195501,0.7562653,0.62701154,-0.068073586,-0.81147546,-0.6063231,-0.48691887,-0.4575834,-0.44999757,-0.55792785,0.8577783,-0.4505732,0.78127146,0.49532077,0.7278023,0.7762029,0.33845603,-0.10721241,-0.6235924,-0.67625237,-0.11783551,0.23748142,-0.24489486,-0.07188323,-0.15373076,0.4433967,-0.5643842,0.4905967,0.15788007,0.41161793,-0.44862044,-0.11055344,-0.06038931,0.09940329,-0.21239004,-0.29226947,0.2921603,-0.054825135,-0.36249617,0.056461662,-0.2091578,0.32127044,0.4515418,-0.03751465,-0.16527104,0.7915244,0.6408564,0.6983517,0.82492363,0.039344586,-0.07800463,0.52171624,0.11602176,-0.5078171,-0.5458364,-0.43681586,-0.46049577,-0.5344087,-0.50086486,-0.66333,-0.542065,0.24493068,-0.21332107,0.7118138,0.75798726,0.82245696,0.36664945,-0.5322503,-0.37040278,-0.39956886,-0.2894171,0.085046604,-0.3413853,0.06888552,-0.6994471,0.46958137,0.66976213,0.3798145,0.5445818,0.34315357,0.21767162,-0.0045658005,0.32795203,-0.26369834,0.20691022,-0.20420307,-0.5077786,-0.7249483,0.18519956,0.054962438,-0.33350682,-0.20851594,0.583439,0.18045618,-0.04742255
-0.14297089,-0.7710711,-0.31417152,-0.3568894,-0.2195501,0.93544173,0.07931873,0.3128909,0.87126434,0.10360353,0.5495399,0.53536505,0.7380533,0.7753054,0.76478136,-0.46468216,0.71687603,-0.55252266,-0.06675427,-0.26989755,-0.5014516,-0.31984958,0.58748245,0.53308594,0.42854965,0.39777964,-0.6103572,0.34028924,-0.33469963,0.28468823,-0.6782416,0.6030178,-0.72058535,-0.69552004,-0.7910435,0.8453804,-0.3553866,-0.36713028,-0.6828853,-0.54240984,-0.3777201,-0.13049093,-0.68296826,-0.2736954,-0.78663,-0.43192515,-0.8165475,-0.6754223,0.77388954,-0.18953478,0.023279412,0.34287006,-0.08344623,0.064295106,0.87232864,0.9063964,0.43249494,0.8283804,0.63397855,0.76750755,0.7458556,0.7815334,0.7379521,0.7788451,0.6990688,0.762164,-0.6269635,0.81002736,-0.11972669,0.14512336,-0.12585655,-0.035703775,0.7556937,0.33684564,0.70341647,0.40376866,-0.4001937,0.6522982,-0.7452258,0.3502898,-0.21104191,-0.51418483,-0.4084165,-0.49954793,-0.74521744,0.038339246,-0.554263,-0.23229478,-0.07908899,-0.60867167,-0.5500524,0.43250692,0.21334577,-0.03026237,-0.24384269,-0.28362584,-0.56275475,-0.4059258,0.6939909,-0.3129775
-0.3727844,0.19906545,0.36285192,0.6816252,0.7562653,0.07931873,0.94688463,0.8768059,0.21240942,-0.8550205,-0.43645132,-0.2809825,-0.17341149,-0.114579976,-0.21753521,0.6802329,-0.11713987,0.5134244,0.5585577,0.5997658,0.58425736,0.29361212,0.17804626,-0.39083382,-0.5354601,0.07689507,-0.026421525,-0.17220534,-0.33926237,-0.014023474,0.22391157,-0.42343703,0.23229066,-0.22880307,0.025708968,-0.12975052,-0.40511334,-0.2894103,-0.23743045,-0.5181211,-0.54945064,0.115594044,-0.39373672,-0.54028094,-0.2687215,-0.46923226,-0.07638884,0.12504295,0.120439515,-0.3854602,0.7994472,0.85670936,0.6999128,0.87534726,0.3027892,0.19562866,0.8366896,0.44327387,-0.2659406,-0.2317,-0.12970094,-0.1494192,-0.21483946,-0.17978834,-0.3371263,-0.19780032,-0.11397515,0.1487929,0.7404243,0.9009908,0.79288965,0.41949582,-0.20401502,-0.2117185,-0.09193164,-0.10330985,-0.18292707,-0.056365736,-0.18115653,-0.7009452,0.45192692,0.4657585,0.2519809,0.3557037,-0.01099578,0.31263024,-0.3655821,0.20065196,-0.46205246,-0.08123727,-0.55362177,-0.3355609,-0.67634857,0.18543385,-0.025917828,-0.5558506,-0.5473596,0.48239636,0.32807449,-0.29970223
-0.4732579,-0.00047658803,0.1842174,0.5145024,0.62701154,0.3128909,0.8768059,0.9434113,0.4557582,-0.7682948,-0.19043353,-0.019544192,0.08942446,0.1420143,0.03246978,0.47971168,0.1492559,0.32303095,0.61116636,0.49103233,0.4500037,0.30672133,0.43044835,-0.13656913,-0.34512332,0.30291486,-0.111387715,0.051669084,-0.49550098,0.20381317,-0.034144823,-0.1946804,-0.03040918,-0.45553327,-0.1848101,0.13572949,-0.5512084,-0.48151267,-0.4918593,-0.7132108,-0.70001733,0.19015759,-0.49622595,-0.65988547,-0.4865416,-0.64737344,-0.31083044,-0.1272082,0.28237557,-0.51015097,0.69642854,0.86275685,0.7105535,0.8050858,0.50978345,0.43635565,0.8826686,0.6083373,0.007354801,0.03123858,0.14543536,0.10222101,0.009758262,0.06634134,-0.09763247,0.05031017,-0.2852986,0.40588504,0.72961605,0.8995695,0.7315053,0.5077218,0.044625785,0.020765705,0.17883795,0.13683614,-0.2246702,0.21573718,-0.36611837,-0.57722306,0.4806446,0.35752004,0.2430776,0.28586534,-0.1870057,0.43566063,-0.5492461,0.25761047,-0.53094417,-0.15195072,-0.62821114,-0.080018304,-0.47214222,0.31022295,0.05775463,-0.6756004,-0.6875154,0.43458176,0.43851686,-0.46401358
-0.35367072,-0.6297052,-0.30829063,-0.22769547,-0.068073586,0.87126434,0.21240942,0.4557582,0.92289436,-0.071986735,0.510718,0.5701412,0.71272624,0.7199978,0.6844226,-0.32708895,0.71457267,-0.3911962,0.19407001,-0.10332343,-0.2751065,-0.06685375,0.70451087,0.52432483,0.32932448,0.56335616,-0.42081904,0.47611743,-0.4761222,0.46759903,-0.672778,0.50245917,-0.70309985,-0.7322067,-0.68090904,0.80290407,-0.48257414,-0.559217,-0.7833986,-0.69896877,-0.5507957,0.116174325,-0.5884136,-0.45575148,-0.7983923,-0.5984502,-0.7679206,-0.6815097,0.6945454,-0.36539373,0.092081025,0.41291422,0.17102745,0.18685193,0.85965395,0.90009105,0.5042943,0.8073771,0.65070236,0.7115936,0.74427414,0.71226096,0.6331202,0.6903868,0.5955286,0.6820986,-0.5791154,0.8117995,0.12743069,0.32106566,0.07878807,0.21761498,0.68059766,0.44754028,0.7315498,0.51808196,-0.2752167,0.7196048,-0.7073342,0.159775,0.058502495,-0.2763909,-0.14838232,-0.2506694,-0.6320534,0.27098578,-0.63172704,0.03382349,-0.24085724,-0.42310685,-0.53200454,0.49078274,0.19888657,0.22370067,-0.01244722,-0.45842898,-0.62604916,-0.13936582,0.64463544,-0.46223646
0.48494247,-0.41043666,-0.39632806,-0.7592181,-0.81147546,0.10360353,-0.8550205,-0.7682948,-0.071986735,0.9369433,0.58343256,0.40098345,0.3357743,0.31047863,0.39949435,-0.7749021,0.2803162,-0.69195986,-0.61564034,-0.7510822,-0.7422273,-0.41081497,-0.06557908,0.5094073,0.70600915,-0.015272474,-0.1871832,0.16875753,0.22168663,0.0135961035,-0.38623124,0.5894072,-0.35149115,0.030293763,-0.23973233,0.29706746,0.2747492,0.2319609,0.08376911,0.3906477,0.43435055,-0.24933746,0.18115282,0.45700598,0.05917064,0.37033206,-0.1341885,-0.28816056,-0.0033827787,0.31331795,-0.7399342,-0.7094574,-0.7532817,-0.814752,-0.1366837,-0.031898122,-0.65071666,-0.24688047,0.4042341,0.40795034,0.2911214,0.3283713,0.425758,0.37857962,0.5189901,0.38582963,-0.10449974,0.043310203,-0.7926932,-0.8675002,-0.87092185,-0.47922707,0.39776117,0.24142137,0.23698032,0.18804255,-0.04554347,0.18233225,-0.032198742,0.7976337,-0.5541643,-0.6360374,-0.4197237,-0.5261581,-0.23147467,-0.3326847,0.18572077,-0.3494957,0.38147974,-0.14564362,0.35737744,0.42273468,0.68456113,-0.26324955,-0.11692916,0.45820886,0.35955125,-0.62305987,-0.20899181,0.2002306
0.024689082,-0.6614138,-0.5879396,-0.6625499,-0.6063231,0.5495399,-0.43645132,-0.19043353,0.510718,0.58343256,0.8779477,0.83485234,0.7696773,0.71156824,0.7562234,-0.7582154,0.76571,-0.7491889,-0.11636086,-0.60052806,-0.6196821,-0.10958975,0.5741295,0.8478137,0.8022311,0.57545036,-0.2714106,0.603685,-0.34739995,0.526054,-0.802348,0.7518682,-0.74216235,-0.5643163,-0.59586334,0.7344179,-0.2963313,-0.36747968,-0.5709308,-0.30100524,-0.21132192,0.027046815,-0.16539228,-0.12706594,-0.50825155,-0.28770724,-0.6147391,-0.7696049,0.26265863,-0.23372644,-0.5111586,-0.26085043,-0.3075171,-0.4490403,0.36551052,0.48046052,-0.119434446,0.27827126,0.8409873,0.80270845,0.7719483,0.7099831,0.7171202,0.7173567,0.78069335,0.73595446,-0.5303283,0.60365486,-0.34007683,-0.34712738,-0.5231447,0.016774492,0.7411858,0.6824661,0.76454055,0.6991339,-0.19649208,0.7467696,-0.4498502,0.5755925,-0.1650949,-0.5393399,-0.230595,-0.40983987,-0.57919526,0.16411501,-0.42170584,-0.04488057,-0.07797073,-0.2894398,-0.095849484,0.81739706,0.7353363,0.16050646,0.118492275,-0.14751533,-0.24514236,-0.3725557,0.08171292,-0.37889752
-0.19842009,-0.6039326,-0.6672832,-0.56184304,-0.48691887,0.53536505,-0.2809825,-0.019544192,0.5701412,0.40098345,0.83485234,0.9502901,0.83336216,0.7616781,0.7715748,-0.658934,0.8575788,-0.66416216,0.16398436,-0.49653766,-0.43635035,0.14660566,0.7744664,0.91656125,0.7237015,0.7902961,-0.15868285,0.75109553,-0.586455,0.7411435,-0.8424507,0.6759815,-0.7706598,-0.7084404,-0.58300006,0.7519927,-0.5249667,-0.6113979,-0.7497065,-0.5251355,-0.4558401,0.19909704,-0.15286388,-0.36078382,-0.59226745,-0.51805604,-0.65889114,-0.8724738,0.16176245,-0.49554312,-0.45638454,-0.18028347,-0.07692261,-0.31923124,0.37364468,0.49523032,0.013654391,0.30124006,0.93571174,0.827737,0.8601496,0.74048185,0.703952,0.7298487,0.7628312,0.75144494,-0.6149758,0.70085835,-0.08883277,-0.16618611,-0.36043102,0.29382482,0.76760215,0.84709525,0.8728386,0.85943663,-0.20299754,0.89666986,-0.46563548,0.36363482,0.09809083,-0.36850703,-0.021019552,-0.22244209,-0.58433735,0.43367448,-0.61140513,0.16759071,-0.34584725,-0.20535642,-0.185317,0.9268346,0.74532086,0.39896518,0.3299109,-0.39616492,-0.40078428,-0.13374875,-0.0018716231,-0.6227237
-0.17190278,-0.7981912,-0.62074184,-0.5644795,-0.4575834,0.7380533,-0.17341149,0.08942446,0.71272624,0.3357743,0.7696773,0.83336216,0.95103335,0.92408895,0.9019184,-0.66836494,0.906044,-0.7264236,0.025817834,-0.49756205,-0.55716956,-0.095522165,0.77511287,0.8377766,0.66034865,0.65130913,-0.44195718,0.5964962,-0.5130417,0.568272,-0.8586439,0.7488867,-0.82631385,-0.79038143,-0.7799399,0.8918571,-0.48815277,-0.5181693,-0.789436,-0.56207544,-0.44983178,0.008198591,-0.43368012,-0.3341447,-0.7559775,-0.5127929,-0.81824756,-0.9024604,0.41800466,-0.3791702,-0.3026546,0.010610463,-0.14381409,-0.21275952,0.5907294,0.68261313,0.1894845,0.5375856,0.89831316,0.92565066,0.95117986,0.9172352,0.871562,0.9087118,0.8546951,0.89825916,-0.74003434,0.86007166,-0.16100228,-0.08971258,-0.34581542,0.12899144,0.91833067,0.6635895,0.888862,0.69950044,-0.38790405,0.8916765,-0.65006244,0.42228073,-0.09051851,-0.5260525,-0.2607479,-0.42789656,-0.77549815,0.26693633,-0.64669096,-0.06956632,-0.2470479,-0.4689022,-0.3916564,0.76756966,0.5735704,0.18510103,0.046861157,-0.3623489,-0.5270935,-0.32405627,0.2701138,-0.52365804
-0.11381757,-0.8558849,-0.58803236,-0.5473743,-0.44999757,0.7753054,-0.114579976,0.1420143,0.7199978,0.31047863,0.71156824,0.7616781,0.92408895,0.9731234,0.93104553,-0.64796007,0.8851074,-0.75763494,-0.015489047,-0.5238255,-0.5976087,-0.17134984,0.74420977,0.7803184,0.6513875,0.56975293,-0.57313436,0.4760874,-0.5192058,0.47173727,-0.8226316,0.7520839,-0.7919114,-0.830778,-0.85749114,0.9028068,-0.51025325,-0.46567228,-0.777315,-0.5673505,-0.46354586,-0.11468646,-0.5535177,-0.33696586,-0.8058759,-0.5177799,-0.87091917,-0.89393175,0.4626999,-0.3694543,-0.23219182,0.09001893,-0.17229342,-0.15721214,0.6344235,0.70859087,0.27559856,0.613889,0.8362738,0.9222034,0.9215261,0.959664,0.9395444,0.9620377,0.87545216,0.93664384,-0.8094536,0.89970803,-0.17885171,-0.062118806,-0.35592157,0.06967408,0.96531796,0.566219,0.84571946,0.6176768,-0.516753,0.8455993,-0.69273275,0.42582852,-0.15881921,-0.5803801,-0.34809494,-0.5000967,-0.8531723,0.20901524,-0.6841394,-0.18621224,-0.25546992,-0.5841516,-0.4894412,0.67985725,0.487593,0.08402014,-0.07406099,-0.37163013,-0.59510577,-0.3901983,0.33584985,-0.5150266
-0.06506847,-0.8660967,-0.5934602,-0.65060776,-0.55792785,0.76478136,-0.21753521,0.03246978,0.6844226,0.39949435,0.7562234,0.7715748,0.9019184,0.93104553,0.9756267,-0.7378225,0.9101471,-0.8246856,-0.1193258,-0.5702307,-0.6928935,-0.24004667,0.6851859,0.82650685,0.69287705,0.53822225,-0.54843473,0.48959613,-0.42273724,0.45346782,-0.8032022,0.7467241,-0.8296145,-0.77120996,-0.8764262,0.9086997,-0.41778085,-0.40890065,-0.7216352,-0.47524434,-0.3400247,-0.18451276,-0.5137721,-0.20444915,-0.7162267,-0.4086322,-0.87749636,-0.87796175,0.45460916,-0.2755324,-0.35231474,-0.009049049,-0.28883517,-0.2796253,0.5831579,0.677368,0.17797649,0.56731164,0.84885955,0.95258844,0.9121119,0.9171654,0.9148096,0.930497,0.9424541,0.9630134,-0.7569605,0.84899306,-0.29668242,-0.16955334,-0.4440341,-0.030946461,0.9449524,0.5827402,0.86659503,0.6080866,-0.4353126,0.82611334,-0.62057364,0.49654853,-0.24105054,-0.66518563,-0.39783424,-0.5750907,-0.8196039,0.11661103,-0.6068913,-0.24386561,-0.14993896,-0.57233787,-0.4273819,0.70422876,0.5538664,0.026066307,-0.09511501,-0.24996221,-0.4904393,-0.466497,0.30568123,-0.4269659
-0.18128651,0.70216554,0.60529035,0.8843945,0.8577783,-0.46468216,0.6802329,0.47971168,-0.32708895,-0.7749021,-0.7582154,-0.658934,-0.66836494,-0.64796007,-0.7378225,0.94654953,-0.6489872,0.86794317,0.44456673,0.7446798,0.8385055,0.37287998,-0.3087256,-0.7661345,-0.77480674,-0.29004788,0.36134037,-0.41102666,0.050546296,-0.28385675,0.6605824,-0.7311688,0.6986991,0.35977262,0.5926255,-0.6746911,0.010319269,0.09119117,0.3222775,-0.0023317651,-0.12843397,0.2209898,0.1211879,-0.21538144,0.31170672,-0.028381791,0.533031,0.6437079,-0.24522732,-0.075769514,0.7137164,0.49545985,0.6290023,0.72516793,-0.21045093,-0.33881378,0.36754695,-0.12437902,-0.7006227,-0.74637896,-0.6526639,-0.6642971,-0.7114333,-0.69755864,-0.80893445,-0.72307324,0.41671744,-0.44555545,0.6637983,0.64933884,0.77448773,0.3088643,-0.7177788,-0.49788266,-0.61056113,-0.44228053,0.16526952,-0.55239934,0.30088794,-0.7663828,0.45439947,0.74236065,0.43740276,0.6166291,0.534076,0.14785142,0.16527733,0.30581397,-0.21058282,0.34090447,-0.046311725,-0.6515436,-0.7633268,0.11653696,0.07162902,-0.19747736,-0.016141385,0.63078177,-0.02547936,0.074208274
-0.23581916,-0.76036066,-0.611465,-0.5507944,-0.4505732,0.71687603,-0.11713987,0.1492559,0.71457267,0.2803162,0.76571,0.8575788,0.906044,0.8851074,0.9101471,-0.6489872,0.9597621,-0.7158502,0.107151434,-0.45101,-0.51675856,-0.006160899,0.8182316,0.872056,0.6470572,0.72500443,-0.37942818,0.64697933,-0.5800448,0.6497617,-0.82783115,0.6658405,-0.840569,-0.8359047,-0.7983403,0.8758903,-0.5591581,-0.6017747,-0.8348074,-0.62241495,-0.50568414,0.0064775157,-0.4338142,-0.37006992,-0.73150396,-0.56396794,-0.85810375,-0.9217061,0.35441005,-0.46488678,-0.3172273,0.030194892,-0.09234087,-0.19159958,0.5628265,0.66390634,0.2366143,0.5369056,0.9079565,0.9279338,0.94012153,0.8603176,0.8216481,0.8536248,0.870577,0.89265674,-0.75528455,0.85823536,-0.09288633,-0.034629725,-0.3026976,0.20365095,0.87897503,0.73739654,0.94204164,0.7608836,-0.3508018,0.9254524,-0.5911574,0.32688126,-0.011101801,-0.49121886,-0.18812248,-0.3839947,-0.7539847,0.33193702,-0.7104295,-0.019037876,-0.33169004,-0.4379698,-0.4413553,0.8045467,0.5789592,0.2510149,0.11534437,-0.42062402,-0.5631176,-0.24972104,0.21899399,-0.60241234
-0.24075085,0.8065491,0.5745139,0.8105471,0.78127146,-0.55252266,0.5134244,0.32303095,-0.3911962,-0.69195986,-0.7491889,-0.66416216,-0.7264236,-0.75763494,-0.8246856,0.86794317,-0.7158502,0.9402094,0.41981846,0.7868917,0.8730001,0.4026922,-0.39629537,-0.7608211,-0.7904604,-0.29540497,0.51560044,-0.32830042,0.17856434,-0.24602485,0.680949,-0.750071,0.69530094,0.51000994,0.7365376,-0.7273397,0.16527587,0.12493551,0.4208624,0.11849944,0.0039830673,0.35409993,0.31866938,-0.10416259,0.4525244,0.079333395,0.66577697,0.7134094,-0.28748828,0.031517584,0.5669069,0.3105229,0.59943044,0.5693847,-0.31848592,-0.41731253,0.1477372,-0.27691245,-0.71336746,-0.8069885,-0.7109618,-0.75381553,-0.8231549,-0.79670036,-0.8774843,-0.81624854,0.6050478,-0.582608,0.6154549,0.5336846,0.7498733,0.2982567,-0.8155794,-0.44800162,-0.65331507,-0.45485365,0.40858328,-0.5983075,0.43735462,-0.6908957,0.48149022,0.8185297,0.5363375,0.70675886,0.7033415,0.11770398,0.33990878,0.42417935,-0.0618888,0.53703034,0.18540458,-0.6205466,-0.6446396,0.1925352,0.20024842,-0.060589593,0.18382867,0.66222346,-0.08996457,0.18990687
-0.6475544,0.3273613,-0.051183194,0.43567732,0.49532077,-0.06675427,0.5585577,0.61116636,0.19407001,-0.61564034,-0.11636086,0.16398436,0.025817834,-0.015489047,-0.1193258,0.44456673,0.107151434,0.41981846,0.96718097,0.45806694,0.69642735,0.8635284,0.53007007,0.027911993,-0.27332258,0.5959796,0.41631305,0.35692513,-0.6930469,0.5941776,-0.03212893,-0.27420998,0.04146219,-0.34112626,0.16252354,-0.053744152,-0.66225755,-0.70345724,-0.46036682,-0.6674268,-0.76291394,0.6208205,0.07898305,-0.7713047,-0.20983152,-0.72747684,-0.024950061,-0.15518373,-0.23372662,-0.78221023,0.32238415,0.36984098,0.8461808,0.4859454,0.06210679,0.075269535,0.42898706,0.08234387,0.09566182,-0.083723724,0.09227983,-0.07749881,-0.18960255,-0.13165013,-0.22297576,-0.119311556,-0.0930707,0.18778725,0.9005201,0.6739652,0.6609709,0.93857825,-0.110763155,0.39016432,0.18465099,0.42463028,0.10283396,0.3057116,-4.914502e-05,-0.70901,0.92966074,0.6950407,0.7653141,0.7364148,0.14591938,0.8613454,-0.5078162,0.7653585,-0.7617136,0.3937991,-0.1942557,0.20756745,-0.09505525,0.8067446,0.6732408,-0.78584063,-0.4632072,0.8543341,-0.13252346,-0.7002074
-0.40176153,0.5917248,0.4570784,0.6931783,0.7278023,-0.26989755,0.5997658,0.49103233,-0.10332343,-0.7510822,-0.60052806,-0.49653766,-0.49756205,-0.5238255,-0.5702307,0.7446798,-0.45101,0.7868917,0.45806694,0.8366922,0.7527802,0.35484463,-0.17303771,-0.57961166,-0.7248454,-0.115563154,0.37572384,-0.15246314,0.07022319,-0.08944246,0.501493,-0.64017415,0.43550545,0.28650507,0.4798803,-0.45059204,0.051280554,-0.059968147,0.17318249,-0.10141164,-0.13424665,0.32435554,0.0994045,-0.1877397,0.22617999,-0.08275455,0.38264453,0.4975807,-0.06163755,-0.03923131,0.55941737,0.44474167,0.6326381,0.60541546,-0.06099498,-0.1380941,0.32535785,0.0019080203,-0.5086607,-0.5584854,-0.46377495,-0.53375024,-0.6332,-0.5794195,-0.6427362,-0.5678321,0.43648604,-0.3131572,0.64096177,0.65459895,0.79669154,0.33289123,-0.5987737,-0.29687238,-0.38427812,-0.30840272,0.3669684,-0.35807425,0.25550178,-0.65559757,0.4810006,0.69405794,0.4619249,0.5861633,0.5103385,0.16112746,0.15687257,0.40038228,-0.08962427,0.38618895,-0.0113692,-0.47664857,-0.5870408,0.23879614,0.1756502,-0.16100502,0.0020217882,0.5893599,0.12195842,0.091606155
-0.4175055,0.773136,0.40555805,0.78218436,0.7762029,-0.5014516,0.58425736,0.4500037,-0.2751065,-0.7422273,-0.6196821,-0.43635035,-0.55716956,-0.5976087,-0.6928935,0.8385055,-0.51675856,0.8730001,0.69642735,0.7527802,0.96982133,0.67470086,-0.10293539,-0.5623039,-0.6971911,0.008073222,0.58621275,-0.109932475,-0.14112937,0.04674967,0.5182804,-0.684483,0.5753294,0.27705336,0.6516439,-0.6017963,-0.13430035,-0.1675384,0.16545284,-0.14052221,-0.2803448,0.5230976,0.31935364,-0.37509447,0.29203326,-0.2149212,0.5280323,0.48642978,-0.37798852,-0.28762835,0.5286103,0.34273672,0.7886412,0.5867286,-0.27743334,-0.34195256,0.23812586,-0.2396209,-0.5107495,-0.669662,-0.52029777,-0.6212301,-0.71352625,-0.6729998,-0.7704557,-0.6844412,0.4365669,-0.3985338,0.8211576,0.637861,0.8092534,0.6049416,-0.6770022,-0.1775671,-0.44186378,-0.17255108,0.35006446,-0.34725577,0.37386245,-0.8083169,0.74696636,0.9251418,0.7406981,0.8616065,0.61803824,0.4496463,0.074031144,0.64270055,-0.35333228,0.6020815,0.105500534,-0.3770522,-0.49896997,0.4786303,0.4443891,-0.34935543,-0.018739171,0.8548124,-0.19158863,-0.13350847
-0.5349895,0.47701508,-0.08937305,0.33418685,0.33845603,-0.31984958,0.29361212,0.30672133,-0.06685375,-0.41081497,-0.10958975,0.14660566,-0.095522165,-0.17134984,-0.24004667,0.37287998,-0.006160899,0.4026922,0.8635284,0.35484463,0.67470086,0.94114316,0.37452555,0.041020826,-0.2291032,0.5364291,0.6267599,0.3744638,-0.56452644,0.59651256,0.053668186,-0.33954918,0.139894,-0.13623863,0.35446066,-0.21923037,-0.50398254,-0.59084344,-0.25847661,-0.4180064,-0.54725564,0.65406525,0.39346248,-0.5712699,0.06561443,-0.51481986,0.18746583,-0.050389476,-0.511239,-0.69024885,0.06682716,0.03641216,0.6935021,0.23211968,-0.25415817,-0.20986083,0.099639624,-0.2601884,0.045633055,-0.19902432,-0.02952572,-0.21949688,-0.31486565,-0.27510947,-0.2967556,-0.2447775,0.08017858,-0.0482266,0.7468609,0.3978035,0.47663975,0.8801707,-0.23466939,0.4321309,0.074448794,0.4082288,0.27576467,0.20455325,0.2478796,-0.63137645,0.90061796,0.71242416,0.84503514,0.79083925,0.33721274,0.8214438,-0.30558306,0.81801593,-0.67032623,0.6022513,0.09966249,0.24290775,0.07818934,0.817781,0.8119812,-0.5926527,-0.17377913,0.86807853,-0.4479894,-0.6000041
-0.47654295,-0.50697315,-0.53197134,-0.22576082,-0.10721241,0.58748245,0.17804626,0.43044835,0.70451087,-0.06557908,0.5741295,0.7744664,0.77511287,0.74420977,0.6851859,-0.3087256,0.8182316,-0.39629537,0.53007007,-0.17303771,-0.10293539,0.37452555,0.9467929,0.70795023,0.41750884,0.8748193,-0.15354171,0.6787,-0.8306063,0.78978956,-0.7309669,0.44648093,-0.66045606,-0.8773553,-0.5849143,0.7051697,-0.8003978,-0.827904,-0.9311446,-0.8545964,-0.8075354,0.2941173,-0.35202003,-0.7080699,-0.7623491,-0.8356527,-0.72441804,-0.84019554,0.21292853,-0.76902294,-0.058532797,0.23885304,0.3287841,0.109063104,0.52762735,0.6088381,0.42660442,0.5185578,0.78786504,0.72014093,0.82506585,0.70719886,0.6164273,0.67242837,0.59419215,0.68026316,-0.69161165,0.8189118,0.3386538,0.29900044,0.066208154,0.59227574,0.6957403,0.7656957,0.8417121,0.81823075,-0.2973329,0.9060277,-0.5582973,-0.038956057,0.40758276,-0.085227415,0.1685324,0.01510267,-0.5919486,0.6750825,-0.85340154,0.33409822,-0.64696443,-0.21141075,-0.48011833,0.7440193,0.40383807,0.5634477,0.3820935,-0.749264,-0.7259306,0.17613447,0.15613648,-0.8446158
-0.123680845,-0.65169847,-0.6853327,-0.6860029,-0.6235924,0.53308594,-0.39083382,-0.13656913,0.52432483,0.5094073,0.8478137,0.91656125,0.8377766,0.7803184,0.82650685,-0.7661345,0.872056,-0.7608211,0.027911993,-0.57961166,-0.5623039,0.041020826,0.70795023,0.95580405,0.7610253,0.71230495,-0.19925229,0.7089548,-0.4837483,0.67797196,-0.8154496,0.6937804,-0.7943164,-0.66585046,-0.63089526,0.76974237,-0.4270857,-0.5188122,-0.68263835,-0.41859272,-0.33061898,0.086996794,-0.13904256,-0.21693198,-0.5227783,-0.39845532,-0.6743618,-0.87127465,0.15764388,-0.38626078,-0.5748135,-0.2782429,-0.22067595,-0.45690387,0.32876977,0.4617672,-0.08250004,0.25403652,0.92622495,0.8635856,0.86255807,0.76045746,0.74286455,0.76056874,0.836637,0.8015953,-0.6002549,0.6796862,-0.23251396,-0.29496288,-0.48771358,0.16775665,0.8003138,0.820119,0.87281877,0.803621,-0.18808267,0.8673986,-0.4074668,0.45757484,-0.027734157,-0.4840749,-0.11022824,-0.3300863,-0.59445953,0.31752974,-0.537386,0.054531537,-0.23818044,-0.2420311,-0.14300206,0.91058815,0.8018334,0.29549277,0.261919,-0.26074046,-0.3082378,-0.25618163,-0.031621616,-0.52335304
0.22469465,-0.64223313,-0.5290908,-0.69548315,-0.67625237,0.42854965,-0.5354601,-0.34512332,0.32932448,0.70600915,0.8022311,0.7237015,0.66034865,0.6513875,0.69287705,-0.77480674,0.6470572,-0.7904604,-0.27332258,-0.7248454,-0.6971911,-0.2291032,0.41750884,0.7610253,0.8675364,0.38783664,-0.3354678,0.41900146,-0.24788651,0.34756058,-0.70231396,0.75391525,-0.6108302,-0.46070164,-0.55790675,0.6211726,-0.19938973,-0.18946594,-0.4128527,-0.12690303,-0.07726205,-0.13820854,-0.12972917,-0.0007745428,-0.399133,-0.13284726,-0.5212411,-0.66775453,0.17253222,-0.11920816,-0.5527416,-0.35417274,-0.45667762,-0.5309713,0.23387432,0.32922703,-0.21984716,0.14614308,0.72491014,0.7191856,0.65457517,0.64636564,0.69595826,0.6765703,0.7434064,0.6846373,-0.5012162,0.4953304,-0.47989094,-0.5037223,-0.6628295,-0.13282603,0.6986025,0.52374095,0.62001216,0.5597907,-0.3042505,0.59966886,-0.3866378,0.64316934,-0.31091344,-0.61983097,-0.34653488,-0.4932374,-0.5630856,0.03601858,-0.31910592,-0.21034098,-0.01722552,-0.33847788,-0.041934676,0.7023115,0.70415187,-0.008124851,-0.011300328,-0.025226671,-0.14129782,-0.4770609,-0.022505678,-0.2578902
-0.53163606,-0.30314147,-0.5323048,-0.21151876,-0.11783551,0.39777964,0.07689507,0.30291486,0.56335616,-0.015272474,0.57545036,0.7902961,0.65130913,0.56975293,0.53822225,-0.29004788,0.72500443,-0.29540497,0.5959796,-0.115563154,0.008073222,0.5364291,0.8748193,0.71230495,0.38783664,0.95328367,0.11158678,0.80236137,-0.78174806,0.9105994,-0.66131806,0.355286,-0.59715927,-0.71754855,-0.37513834,0.56278634,-0.72047174,-0.8485378,-0.8286334,-0.74992025,-0.71891856,0.48708054,-0.07375333,-0.6395201,-0.5503117,-0.7527801,-0.5290561,-0.7438909,0.03406896,-0.7657905,-0.19330049,0.054012466,0.36374593,0.0075834114,0.33821893,0.43856412,0.23050229,0.28832754,0.7593664,0.59561217,0.7127582,0.52547085,0.43048602,0.48326716,0.47682905,0.5197896,-0.50262886,0.6340973,0.36744902,0.22213641,0.073505454,0.6851933,0.52709293,0.8739149,0.77994955,0.8837559,-0.056187272,0.8594303,-0.3531329,-0.08748151,0.5279386,0.054266915,0.36698413,0.18396538,-0.36630353,0.7587807,-0.71976197,0.52933234,-0.62874126,0.04832074,-0.25060523,0.81223494,0.5214247,0.718243,0.6103046,-0.67863345,-0.5267966,0.3231068,-0.047535695,-0.82496417
-0.275044,0.7128337,0.112622805,0.30177173,0.23748142,-0.6103572,-0.026421525,-0.111387715,-0.42081904,-0.1871832,-0.2714106,-0.15868285,-0.44195718,-0.57313436,-0.54843473,0.36134037,-0.37942818,0.51560044,0.41631305,0.37572384,0.58621275,0.6267599,-0.15354171,-0.19925229,-0.3354678,0.11158678,0.8444461,0.17657785,0.013638345,0.23979782,0.3774278,-0.4976434,0.37163484,0.41631016,0.69138634,-0.53605545,0.08236018,-0.10989805,0.2784039,0.16956721,0.055226076,0.5365149,0.7132507,-0.0066066068,0.5558405,0.07154412,0.6047173,0.36340603,-0.58520186,-0.13796507,-0.106484994,-0.2878326,0.34228617,-0.020366246,-0.5605966,-0.5289357,-0.32749513,-0.6018154,-0.26186445,-0.50132024,-0.41124606,-0.5906839,-0.6465977,-0.626073,-0.51741856,-0.5743618,0.53994167,-0.5359429,0.37376368,0.0588658,0.28187528,0.42615598,-0.5864566,0.14726797,-0.28681946,0.033384133,0.61411285,-0.22586745,0.6037333,-0.42239475,0.5492621,0.64029604,0.6852881,0.6779443,0.6984807,0.34614098,0.28556073,0.63899446,-0.14165917,0.7706546,0.50740886,-0.029636173,0.054011203,0.49228284,0.6496514,-0.0037647025,0.38605684,0.63040173,-0.5465523,-0.035403438
-0.41923207,-0.27432656,-0.5030485,-0.3238995,-0.24489486,0.34028924,-0.17220534,0.051669084,0.47611743,0.16875753,0.603685,0.75109553,0.5964962,0.4760874,0.48959613,-0.41102666,0.64697933,-0.32830042,0.35692513,-0.15246314,-0.109932475,0.3744638,0.6787,0.7089548,0.41900146,0.80236137,0.17657785,0.83723205,-0.496943,0.80559653,-0.62685704,0.37422138,-0.608205,-0.493433,-0.2607265,0.5268524,-0.41703838,-0.6544843,-0.63293064,-0.48407894,-0.41472983,0.48231366,0.09882213,-0.35486844,-0.36457765,-0.47641736,-0.39509702,-0.63551575,0.05600296,-0.47649327,-0.3573009,-0.17418492,0.15611559,-0.18820843,0.2403845,0.36308175,-0.033750355,0.15274972,0.73432064,0.5648904,0.6405939,0.45186183,0.36770922,0.41448104,0.4653795,0.46033305,-0.2907598,0.46579897,0.13315608,0.0021739225,-0.0778694,0.46888706,0.4618942,0.82753265,0.7117054,0.7730571,0.1564287,0.75107336,-0.23142016,0.11575638,0.34641182,-0.034215886,0.28078687,0.09932771,-0.24011366,0.5258485,-0.4391115,0.46830976,-0.31264156,0.13904217,0.0003745819,0.7900453,0.61596584,0.6028384,0.5723077,-0.37123692,-0.22872904,0.16554289,-0.06134481,-0.5509394
0.41778222,0.2459299,0.37767768,0.0043681096,-0.07188323,-0.33469963,-0.33926237,-0.49550098,-0.4761222,0.22168663,-0.34739995,-0.586455,-0.5130417,-0.5192058,-0.42273724,0.050546296,-0.5800448,0.17856434,-0.6930469,0.07022319,-0.14112937,-0.56452644,-0.8306063,-0.4837483,-0.24788651,-0.78174806,0.013638345,-0.496943,0.95029587,-0.7087694,0.5041807,-0.23014507,0.3641619,0.7771214,0.37679902,-0.41990554,0.91683203,0.786628,0.78869957,0.8220596,0.87676173,-0.31752294,0.24878919,0.810246,0.60946167,0.86178905,0.5132179,0.6448356,0.021908347,0.9250597,-0.073087856,-0.3069529,-0.48478597,-0.24003115,-0.33831698,-0.38880342,-0.47160316,-0.34648073,-0.5454599,-0.4403152,-0.5732366,-0.45942533,-0.39283878,-0.42628273,-0.3284003,-0.4311748,0.6103776,-0.6323372,-0.5250999,-0.40135396,-0.2092226,-0.7335273,-0.4542309,-0.6257099,-0.59428596,-0.72716886,0.34837976,-0.70298105,0.40371618,0.30012596,-0.5814545,-0.13754106,-0.34607202,-0.22980559,0.4138272,-0.81737936,0.8644135,-0.4164905,0.8564893,0.077131346,0.46509373,-0.57432127,-0.22989324,-0.6208638,-0.44735324,0.8633262,0.7274196,-0.40799743,0.034142144,0.94205886
-0.5510702,-0.19833377,-0.5402092,-0.24124421,-0.15373076,0.28468823,-0.014023474,0.20381317,0.46759903,0.0135961035,0.526054,0.7411435,0.568272,0.47173727,0.45346782,-0.28385675,0.6497617,-0.24602485,0.5941776,-0.08944246,0.04674967,0.59651256,0.78978956,0.67797196,0.34756058,0.9105994,0.23979782,0.80559653,-0.7087694,0.92412233,-0.58179414,0.27798474,-0.54560333,-0.59891576,-0.2584238,0.4784544,-0.6273414,-0.82197237,-0.7374412,-0.65283763,-0.6273236,0.53695923,0.080107965,-0.5519619,-0.41366848,-0.6713315,-0.41850632,-0.676706,-0.06087073,-0.71126044,-0.28650832,-0.058799043,0.35142952,-0.10481015,0.21531636,0.32761735,0.08612996,0.15348077,0.7023921,0.51706177,0.63102,0.432596,0.33232135,0.39627475,0.41108143,0.43033287,-0.37129545,0.5181488,0.3564805,0.1522542,0.05346402,0.6963029,0.42890942,0.8807721,0.7126977,0.8403226,0.09938342,0.78107715,-0.21134615,-0.08468765,0.5803057,0.11929614,0.45657653,0.2700342,-0.23012103,0.7490042,-0.6012372,0.606078,-0.56370735,0.19676588,-0.098736316,0.7903801,0.5683745,0.76857316,0.7084315,-0.5874755,-0.38851404,0.35733956,-0.15394732,-0.7577796
0.13417044,0.7324482,0.6206345,0.5380901,0.4433967,-0.6782416,0.22391157,-0.034144823,-0.672778,-0.38623124,-0.802348,-0.8424507,-0.8586439,-0.8226316,-0.8032022,0.6605824,-0.82783115,0.680949,-0.03212893,0.501493,0.5182804,0.053668186,-0.7309669,-0.8154496,-0.70231396,-0.66131806,0.3774278,-0.62685704,0.5041807,-0.58179414,0.896724,-0.77267957,0.79458493,0.7248536,0.6836983,-0.8228828,0.45747676,0.513101,0.74944067,0.5259098,0.43038738,-0.10079943,0.34086823,0.34023148,0.721369,0.49774963,0.72464967,0.84800637,-0.39518845,0.3655625,0.32067487,0.043983556,0.12201591,0.23386377,-0.555504,-0.644715,-0.11510599,-0.4709345,-0.87654936,-0.8526591,-0.86828196,-0.82346284,-0.7818776,-0.81388324,-0.7685468,-0.79743725,0.66112244,-0.77622175,0.15865226,0.12842579,0.3496971,-0.15293887,-0.82144094,-0.672298,-0.82982993,-0.72639155,0.33785862,-0.84602225,0.6399561,-0.45198974,0.05983904,0.46999115,0.20657901,0.36318457,0.6920591,-0.28891855,0.59197557,-0.0004104902,0.22978431,0.3882228,0.29460979,-0.79016304,-0.6088198,-0.23198137,-0.106942885,0.34751016,0.4641197,0.2907852,-0.23915714,0.5016192
0.16416153,-0.75316447,-0.5158435,-0.6311686,-0.5643842,0.6030178,-0.42343703,-0.1946804,0.50245917,0.5894072,0.7518682,0.6759815,0.7488867,0.7520839,0.7467241,-0.7311688,0.6658405,-0.750071,-0.27420998,-0.64017415,-0.684483,-0.33954918,0.44648093,0.6937804,0.75391525,0.355286,-0.4976434,0.37422138,-0.23014507,0.27798474,-0.77267957,0.86110705,-0.6764289,-0.52536744,-0.63925576,0.7359482,-0.18995428,-0.20481807,-0.48774916,-0.22547486,-0.14203747,-0.1123378,-0.30684766,-0.076402046,-0.5819012,-0.20325825,-0.61465347,-0.69664186,0.4023062,-0.07503514,-0.3756085,-0.18189025,-0.38180792,-0.3725917,0.45011076,0.5222231,-0.06403513,0.36273742,0.7229707,0.77403706,0.7191421,0.77780986,0.7957202,0.79213345,0.7467368,0.74747145,-0.5532892,0.61644065,-0.43429765,-0.36358806,-0.55382824,-0.16187793,0.7883613,0.43124473,0.6380329,0.48302138,-0.36450022,0.6229464,-0.57738644,0.6806248,-0.34865737,-0.6258956,-0.4240303,-0.53408355,-0.6713684,-0.016143413,-0.35433996,-0.2522204,0.04011022,-0.45640835,-0.15011679,0.61095357,0.5743141,-0.05483239,-0.13694973,-0.07267892,-0.2542448,-0.5420209,0.24049257,-0.22477359
0.20414221,0.7455685,0.57495356,0.6024971,0.4905967,-0.72058535,0.23229066,-0.03040918,-0.70309985,-0.35149115,-0.74216235,-0.7706598,-0.82631385,-0.7919114,-0.8296145,0.6986991,-0.840569,0.69530094,0.04146219,0.43550545,0.5753294,0.139894,-0.66045606,-0.7943164,-0.6108302,-0.59715927,0.37163484,-0.608205,0.3641619,-0.54560333,0.79458493,-0.6764289,0.8752314,0.67236793,0.72170055,-0.8522519,0.34215367,0.46877632,0.70692563,0.46462286,0.3096111,-0.02156468,0.3646381,0.19786328,0.6448126,0.39879712,0.75946844,0.8109093,-0.4636702,0.24462071,0.3660431,0.04844726,0.19054718,0.2849536,-0.56287134,-0.6699743,-0.093878984,-0.5023079,-0.83166784,-0.86169636,-0.84640735,-0.7904545,-0.75160146,-0.78571224,-0.8056524,-0.8135028,0.5784683,-0.7448659,0.22957136,0.13252315,0.3393531,-0.048596174,-0.7999425,-0.6495062,-0.8431264,-0.63396156,0.20397829,-0.80730575,0.5499239,-0.4554606,0.13010496,0.5199975,0.25037313,0.42626,0.65945005,-0.16707173,0.50103533,0.05784875,0.07922354,0.3760932,0.28890967,-0.72139734,-0.5849067,-0.16404232,-0.06440514,0.216796,0.38613963,0.3584528,-0.30624664,0.38065168
0.30554485,0.6669836,0.48598152,0.27756867,0.15788007,-0.69552004,-0.22880307,-0.45553327,-0.7322067,0.030293763,-0.5643163,-0.7084404,-0.79038143,-0.830778,-0.77120996,0.35977262,-0.8359047,0.51000994,-0.34112626,0.28650507,0.27705336,-0.13623863,-0.8773553,-0.66585046,-0.46070164,-0.71754855,0.41631016,-0.493433,0.7771214,-0.59891576,0.7248536,-0.52536744,0.67236793,0.951824,0.76809365,-0.7703874,0.7905699,0.69004256,0.9088502,0.82686913,0.75037944,-0.023207646,0.5952411,0.640515,0.8501347,0.77984655,0.85323024,0.84943986,-0.34923136,0.66990983,-0.007005571,-0.3513838,-0.18249574,-0.1307603,-0.640432,-0.6935016,-0.5384615,-0.6642528,-0.74366856,-0.77229196,-0.8316546,-0.7875255,-0.73992634,-0.7752906,-0.6861712,-0.780247,0.8331131,-0.9028294,-0.19471575,-0.27018052,0.020740695,-0.39137718,-0.7868153,-0.6005546,-0.81579864,-0.70524156,0.54753447,-0.85175693,0.68539315,-0.04142835,-0.18522088,0.29324752,0.082963146,0.21940401,0.76535034,-0.502275,0.8958608,-0.044714887,0.5840371,0.4783883,0.6616734,-0.6395431,-0.29392257,-0.31475145,-0.08732329,0.68874335,0.8105061,0.038762424,-0.29240125,0.7650692
-0.0024912956,0.871681,0.4313163,0.5103012,0.41161793,-0.7910435,0.025708968,-0.1848101,-0.68090904,-0.23973233,-0.59586334,-0.58300006,-0.7799399,-0.85749114,-0.8764262,0.5926255,-0.7983403,0.7365376,0.16252354,0.4798803,0.6516439,0.35446066,-0.5849143,-0.63089526,-0.55790675,-0.37513834,0.69138634,-0.2607265,0.37679902,-0.2584238,0.6836983,-0.63925576,0.72170055,0.76809365,0.9374804,-0.83495665,0.4111697,0.3196306,0.6740569,0.4924125,0.3456911,0.36087212,0.7140908,0.21641907,0.7558958,0.391063,0.90745306,0.7627647,-0.5453959,0.22347885,0.13196626,-0.20311633,0.2599782,0.08987953,-0.6586497,-0.70640594,-0.36781472,-0.6955269,-0.67443454,-0.8430142,-0.7890332,-0.8433279,-0.85516095,-0.8639184,-0.84004146,-0.8780583,0.7793902,-0.83905184,0.25986367,0.034224357,0.3338436,0.11800416,-0.8636788,-0.35894325,-0.7368399,-0.43241498,0.5828059,-0.6832768,0.69215685,-0.3952198,0.31127095,0.6774207,0.5148528,0.63493943,0.86310875,-0.004211652,0.6210472,0.40157878,0.14570236,0.7304459,0.6055285,-0.48317057,-0.29054025,0.14315405,0.31025022,0.25788578,0.58024484,0.50439847,-0.44857505,0.3567813
