0,1,2,3,4,5,6,7,8,9,10,11,12,13,14,15,16,17,18,19,20,21,22,23,24,25,26,27,28,29,30,31,32,33,34,35,36,37,38,39,40,41,42,43,44,45,46,47,48,49,50,51,52,53,54,55,56,57,58,59,60,61,62,63,64,65,66,67,68,69,70,71,72,73,74,75,76,77,78,79,80,81,82,83,84,85,86,87,88,89,90,91,92,93,94,95,96,97,98,99
0.7584548,0.2680148,-0.41776812,-0.14354862,-0.4859587,-0.31884414,0.37577784,-0.475378,-0.50788414,-0.7292321,-0.54463434,-0.62334764,-0.5786737,-0.6984056,-0.67597973,-0.25926542,-0.46371752,-0.46812397,-0.5740642,-0.34805253,-0.74135363,-0.51935196,-0.46154517,-0.64533913,-0.50657976,-0.6071129,0.56492424,0.32948554,-0.6385572,0.24490371,0.58346653,0.55942583,-0.20213243,-0.4651751,0.34018597,0.5396445,0.587035,0.24684358,0.53981924,0.49390018,0.7306366,0.6069381,0.6738639,0.5915414,0.5522227,0.69269955,0.7609904,0.6083795,0.31817096,0.6273805,0.6699265,-0.2312103,0.34576523,0.3980374,-0.47808504,-0.46496946,-0.032041952,-0.5093012,-0.5446392,-0.5702057,-0.67178285,-0.4336899,-0.39041406,-0.57066095,-0.44485813,-0.58685064,0.61028206,-0.505253,-0.39364153,-0.33744502,-0.5936741,-0.32775858,-0.48198724,0.39507568,-0.731556,-0.66184866,-0.6764666,-0.33647823,0.5920083,0.578905,-0.45704788,0.56821716,0.49589074,0.1482063,0.51994824,0.35231167,0.5310298,0.588959,0.093193755,0.48741075,0.47155225,0.4582364,0.1936244,0.6019162,0.62531483,0.6706109,0.7458484,0.67274964,0.2757287,0.6210011
0.2680148,0.890263,-0.12198538,0.5768775,0.023382522,-0.3852321,0.36827046,0.09344824,-0.34581727,-0.18314095,-0.5582979,-0.31039304,-0.12514403,-0.23483896,-0.34052637,0.18492886,-0.07211983,-0.00780872,-0.08427666,-0.024834914,-0.11238687,-0.14227529,-0.05061786,0.014498689,-0.12789705,-0.35930184,0.40530056,-0.18040627,-0.41223574,0.03945401,0.48112753,0.31693658,0.05923468,-0.015036928,0.43094063,-0.13618505,-0.04747191,0.33881092,0.31091744,0.44867736,0.19108376,0.22408842,0.44378954,0.05277986,0.35296068,0.18852319,0.22070938,-0.047481738,-0.39965028,-0.03624823,0.21277176,0.34458745,0.53142935,0.51385486,-0.22053248,-0.48627752,0.65926445,-0.24843258,-0.19380727,-0.43395078,-0.20134164,-0.11550015,-0.32432073,-0.1460399,-0.113238126,-0.2738518,-0.01046977,0.120414115,0.09561802,0.075402334,-0.04240624,0.0057954914,0.037427843,0.21242002,-0.02308931,-0.11906695,-0.21831465,-0.12957454,0.40714914,0.282692,0.07692412,0.21256495,0.42547154,0.23123805,0.5414212,0.26955804,-0.12808785,0.082553826,-0.31369308,0.3357314,0.38658443,0.41345173,0.6429759,0.45296037,0.48139453,0.13503386,0.3195929,0.073852934,-0.5342144,-0.02555415
-0.41776812,-0.12198538,0.8685071,-0.12211367,0.41178736,0.77823794,-0.46080482,0.16196568,0.8069282,0.5530852,0.6776471,0.8161111,0.3524347,0.6793139,0.710987,-0.26805812,-0.0638271,-0.077071816,0.12450068,-0.21555473,0.5340002,-0.010873206,-0.14754081,0.12832856,0.59526664,0.7106801,-0.40416348,0.21616456,0.5001311,0.4005466,-0.23785532,-0.05903073,-0.0458866,-0.095006526,-0.5661682,-0.11390057,-0.026580952,0.11129397,-0.06937577,0.050072186,-0.23037943,-0.008130794,-0.26741326,-0.034692764,-0.19718698,-0.119447835,-0.29654974,-0.35960543,0.22629118,-0.04882714,-0.2652356,0.19814171,-0.3500854,-0.35442102,0.7850884,0.70221806,0.039302588,0.8182553,0.85828495,0.617651,0.7381351,0.171226,0.7405009,0.47303605,0.7893412,0.76978576,-0.6479514,0.037617914,-0.23632966,-0.24505635,0.1992067,-0.31202042,-0.107854456,-0.39316702,0.36161855,0.2217519,0.36619088,0.72943985,-0.1753478,-0.12706804,-0.16766118,-0.7460844,-0.49967062,-0.68248415,-0.4311845,-0.7122371,0.0046550306,-0.31773585,-0.1782302,-0.5615401,-0.34321785,-0.09475231,-0.15907365,-0.23854297,-0.6196543,-0.17139468,-0.3156731,-0.5461705,0.10611644,-0.10572967
-0.14354862,0.5768775,-0.12211367,0.8719537,0.42838752,-0.3599283,0.4511923,0.6036634,-0.16925001,0.31382495,-0.29300296,-0.10731879,0.4173443,0.19149029,0.01309493,0.6901214,0.54865336,0.59862405,0.5529159,0.48422468,0.3909613,0.5134634,0.54961056,0.56457114,0.1354292,-0.16577837,-0.06904853,-0.60297,0.04009287,-0.50527674,-0.13675314,-0.2768981,0.44892558,0.5906921,0.41292745,-0.6094372,-0.6376527,0.039604943,-0.11073527,-0.10263029,-0.3466181,-0.3673092,-0.01067408,-0.56385624,-0.20415314,-0.46041727,-0.3078075,-0.28392386,-0.7176979,-0.6143464,-0.39562446,0.607128,0.23792946,0.21015447,-0.041885998,-0.21356472,0.6796967,-0.079640776,-0.10644081,-0.03894137,0.11710234,0.38526207,-0.1854293,0.33909467,-0.08700583,-0.071974315,-0.2088624,0.67180276,0.63629293,0.60198784,0.471941,0.55935,0.55582446,-0.008778557,0.5077372,0.48077643,0.3345325,-0.2838541,-0.25045514,-0.34827918,0.635821,0.011171344,0.093339175,0.47558394,0.09388142,0.21110165,-0.6857859,-0.39794177,-0.36648095,0.0539762,-0.049361907,-0.20099142,0.3621201,-0.15108761,0.08598576,-0.5161753,-0.32577837,-0.3918751,-0.72058046,-0.61960304
-0.4859587,0.023382522,0.41178736,0.42838752,0.83876413,0.34166056,0.15150264,0.79666615,0.510458,0.64718497,0.32535198,0.44366908,0.7835079,0.6651894,0.5381742,0.52440035,0.664665,0.67967784,0.7610381,0.5259084,0.75457513,0.6665511,0.5800861,0.6496797,0.43561533,0.37801147,-0.47960177,-0.48949617,0.57266176,-0.39501256,-0.5713395,-0.5717704,0.3699718,0.65599394,0.013074554,-0.53102964,-0.65086794,-0.2627545,-0.3532061,-0.40227032,-0.55379736,-0.54207337,-0.39789104,-0.69632334,-0.52009094,-0.6420527,-0.5562637,-0.27987975,-0.29105937,-0.6008066,-0.5957111,0.7091384,-0.13892859,-0.14003585,0.5961703,0.51325035,0.46172607,0.54371023,0.4329142,0.5024087,0.6046854,0.7045958,0.41473037,0.709931,0.41302016,0.4446649,-0.39136752,0.72194564,0.5384172,0.58097017,0.7251412,0.47230762,0.534703,-0.41623694,0.7201373,0.6437454,0.7265078,0.0851084,-0.63768256,-0.59137064,0.5476558,-0.4352354,-0.42178142,0.07404587,-0.45537174,-0.3981437,-0.61820114,-0.72861934,-0.16412976,-0.5235864,-0.37526476,-0.55057216,-0.1326212,-0.5942073,-0.5689542,-0.7358583,-0.69583905,-0.72873104,-0.26239917,-0.6759869
-0.31884414,-0.3852321,0.77823794,-0.3599283,0.34166056,0.9457069,-0.4161006,0.08548571,0.8355969,0.43149877,0.73023844,0.76955855,0.35754877,0.64255714,0.7059908,-0.34076464,-0.074223086,-0.129112,0.09281908,-0.23638241,0.4417653,-0.01853621,-0.161791,-0.022336153,0.4901749,0.6690454,-0.42384887,0.28895202,0.5200114,0.39542338,-0.31251597,-0.0832063,-0.0937436,-0.14885612,-0.5936886,0.0412773,0.08978874,-0.049701646,-0.09521282,-0.09475528,-0.13559102,0.009023132,-0.26969332,0.045185335,-0.19972764,-0.03348881,-0.19003716,-0.067617714,0.49576986,0.10501338,-0.17537162,0.063816704,-0.46197593,-0.40191627,0.8161086,0.857221,-0.1728738,0.81736255,0.76860195,0.64510053,0.67202836,0.23695427,0.8424709,0.47550273,0.7624395,0.76575136,-0.44059283,-0.068595804,-0.33789375,-0.28453857,0.1413316,-0.36167324,-0.17680548,-0.5223092,0.2147873,0.106100306,0.34026408,0.67040676,-0.25214216,-0.12079727,-0.29596925,-0.72526026,-0.51162016,-0.6992923,-0.5472222,-0.8415568,0.14689925,-0.3113736,-0.05816035,-0.70349276,-0.40386406,-0.2172719,-0.4917689,-0.35281014,-0.73264164,-0.10482728,-0.3014586,-0.43438512,0.42758554,0.010282991
0.37577784,0.36827046,-0.46080482,0.4511923,0.15150264,-0.4161006,0.87056315,0.31388018,-0.45300254,-0.19771054,-0.5118845,-0.5596161,0.14493161,-0.25875247,-0.41419035,0.5882708,0.4018125,0.3741148,0.28723374,0.31976658,-0.15069538,0.3348289,0.3144883,0.043153323,-0.18276167,-0.6144793,0.10650157,-0.3112254,-0.30858487,-0.50759065,0.030802432,-0.109921545,0.455079,0.36984053,0.6082566,-0.1708789,-0.20843765,0.046629116,0.24417129,0.01849452,0.20743245,0.030301109,0.41293257,-0.20800875,-0.05128456,-0.040446967,0.27540565,0.3996634,-0.21657798,-0.12094292,-0.002496589,0.40966386,0.23452076,0.28875297,-0.27274564,-0.29454643,0.35650814,-0.40614474,-0.5294383,-0.24215469,-0.36314106,0.24099441,-0.3241279,0.06408635,-0.47903028,-0.48807138,0.4059938,0.3245293,0.3819475,0.44867206,0.045438588,0.435345,0.17896304,0.17515144,-0.088192254,0.05677329,-0.09109733,-0.7003392,-0.092843704,-0.15981449,0.32407779,0.42453724,0.21327296,0.59378254,0.15566316,0.3488568,-0.28512496,-0.051040187,-0.24912414,0.24980989,0.064450495,-0.21260878,0.07426441,0.042315688,0.3251796,-0.1386993,0.08793775,0.06489072,-0.14397098,-0.16958757
-0.475378,0.09344824,0.16196568,0.6036634,0.79666615,0.08548571,0.31388018,0.9165274,0.29312754,0.6213934,0.15449369,0.25216135,0.82254016,0.5796124,0.4076716,0.7609534,0.848719,0.8732739,0.8954898,0.7279458,0.7446897,0.84432137,0.7911898,0.7868155,0.34727916,0.21517882,-0.4446959,-0.69476146,0.509042,-0.6464902,-0.61904716,-0.6801516,0.50684214,0.8578075,0.21034957,-0.6737885,-0.8280026,-0.35375732,-0.451758,-0.5394652,-0.6418799,-0.6844581,-0.41738403,-0.8644838,-0.5715741,-0.7792784,-0.6140342,-0.28694114,-0.51655614,-0.77640784,-0.6761503,0.7554383,-0.06839848,-0.0741848,0.40900218,0.33196998,0.5266619,0.33005244,0.21538955,0.39303106,0.47712266,0.79132044,0.2151739,0.70315444,0.20264845,0.27859706,-0.311527,0.88878536,0.7710984,0.80166066,0.8140083,0.72211134,0.7376897,-0.38425368,0.7788703,0.73905265,0.7619617,-0.14921016,-0.72450423,-0.69330674,0.76232725,-0.2805836,-0.3120823,0.35426491,-0.39137584,-0.19133127,-0.80667377,-0.77427626,-0.20288062,-0.42483908,-0.3604743,-0.63605654,-0.108663805,-0.6541822,-0.45209974,-0.8615439,-0.76273143,-0.6956758,-0.43615073,-0.8316486
-0.50788414,-0.34581727,0.8069282,-0.16925001,0.510458,0.8355969,-0.45300254,0.29312754,0.92442584,0.60700905,0.75372195,0.8283024,0.51473105,0.7660706,0.797423,-0.15447253,0.12055862,0.0937338,0.2974249,-0.01123645,0.6378782,0.17746535,0.048086677,0.25128192,0.5665814,0.75123745,-0.512439,0.07648793,0.68102205,0.22325674,-0.46369445,-0.25200385,-0.008152755,0.07844444,-0.55242693,-0.15541932,-0.14783943,-0.13061719,-0.26997328,-0.24018094,-0.38107437,-0.22763349,-0.47954717,-0.20231798,-0.3394115,-0.28501502,-0.43919525,-0.30876547,0.23932636,-0.15076146,-0.3797251,0.2136657,-0.4414822,-0.4249612,0.83857524,0.83309543,-0.03449799,0.89488393,0.8198532,0.6980487,0.776631,0.37548998,0.8068757,0.5933616,0.8097088,0.8150264,-0.576261,0.16309097,-0.089247525,-0.061723858,0.37937164,-0.14555496,0.057337172,-0.5348929,0.46478236,0.3345243,0.56046087,0.6615981,-0.4137856,-0.28839868,-0.035192586,-0.75112915,-0.56398165,-0.56118345,-0.58637273,-0.7694603,-0.077497825,-0.47289097,-0.013536586,-0.7078514,-0.45115572,-0.3151061,-0.3827749,-0.49138087,-0.8035754,-0.33894065,-0.5081172,-0.60434234,0.18520638,-0.2230137
-0.7292321,-0.18314095,0.5530852,0.31382495,0.64718497,0.43149877,-0.19771054,0.6213934,0.60700905,0.94607836,0.6562193,0.72788084,0.7467981,0.8782662,0.8186705,0.39132392,0.5844084,0.5320791,0.7096466,0.30488333,0.8563359,0.62650454,0.49600738,0.6713005,0.7880464,0.625312,-0.7796172,-0.30874628,0.7371106,-0.2862764,-0.71485794,-0.6233854,0.51470876,0.52748793,-0.42955893,-0.7195406,-0.6496731,-0.05572053,-0.36250585,-0.41908708,-0.69913614,-0.5446578,-0.59942776,-0.6287813,-0.72061145,-0.7310889,-0.7498837,-0.6320811,-0.3250278,-0.6738663,-0.8596739,0.43398067,-0.55767286,-0.57820725,0.6237391,0.6107857,0.117409065,0.63062334,0.65134454,0.78839123,0.8298953,0.5372916,0.5708757,0.81387126,0.4982109,0.70340097,-0.7726207,0.61178815,0.41752422,0.36145282,0.605808,0.3531462,0.44962513,-0.38643146,0.8183749,0.83566415,0.71829724,0.33341986,-0.7148438,-0.7484076,0.5086121,-0.72676945,-0.6628612,-0.19592774,-0.70525455,-0.45131996,-0.622049,-0.67535496,-0.38571438,-0.5636684,-0.72802067,-0.63069785,-0.2610335,-0.6585691,-0.7029269,-0.7755703,-0.81455326,-0.89882237,-0.3056894,-0.715129
-0.54463434,-0.5582979,0.6776471,-0.29300296,0.32535198,0.73023844,-0.5118845,0.15449369,0.75372195,0.6562193,0.93721265,0.828833,0.41015863,0.73535144,0.81748235,-0.16228199,0.112127595,0.025804367,0.25077927,-0.14126942,0.52706695,0.17610657,-0.0040169302,0.15816298,0.686419,0.7281476,-0.7384405,0.21017547,0.64662504,0.16819529,-0.55421317,-0.34064072,0.16994551,0.022241537,-0.78534186,-0.20393765,-0.096926294,0.011172138,-0.163125,-0.21912438,-0.3318892,-0.16185832,-0.49796885,-0.12992835,-0.5421873,-0.2909987,-0.41871744,-0.34989858,0.2721237,-0.12501146,-0.49955684,0.01826994,-0.72815156,-0.72855383,0.6739358,0.7821734,-0.36665875,0.71304655,0.76148087,0.86238277,0.74446034,0.20982686,0.7534225,0.5620128,0.5975578,0.7728942,-0.5943217,0.059679832,-0.13750502,-0.16224289,0.18689334,-0.15209466,-0.063666,-0.32954875,0.37581825,0.40623984,0.39956796,0.5720316,-0.46513975,-0.43161333,-0.043108735,-0.7480222,-0.75966406,-0.63217366,-0.7822317,-0.62936586,-0.051514473,-0.34130284,-0.1338737,-0.57579106,-0.67259586,-0.4378109,-0.50689477,-0.4617599,-0.74511766,-0.3219629,-0.48981732,-0.6023493,0.26830384,-0.17939961
-0.62334764,-0.31039304,0.8161111,-0.10731879,0.44366908,0.76955855,-0.5596161,0.25216135,0.8283024,0.72788084,0.828833,0.96661484,0.49460495,0.8433633,0.8955189,-0.15621424,0.103722304,0.06307103,0.29002815,-0.10353832,0.6986066,0.16800989,0.05081269,0.29235506,0.70294833,0.85913885,-0.60027397,0.0717199,0.66142833,0.24996963,-0.44310135,-0.27512452,0.05529433,0.050770327,-0.6873826,-0.30678898,-0.21468315,-0.027117401,-0.27422494,-0.20367712,-0.45736182,-0.23568946,-0.50701404,-0.20409298,-0.39501497,-0.3268754,-0.5217689,-0.4772464,0.12610184,-0.2375615,-0.46980068,0.15183488,-0.51674074,-0.5043609,0.7925372,0.77203476,-0.060658634,0.826643,0.90768874,0.77378154,0.9011524,0.29155532,0.7990785,0.6176921,0.8044517,0.91242754,-0.77343845,0.17422268,-0.092677,-0.11585866,0.34476584,-0.16716364,0.071832485,-0.5252096,0.53657895,0.41844115,0.51922536,0.7566421,-0.3875223,-0.34160715,-0.01301637,-0.8947811,-0.6195961,-0.66395295,-0.6322925,-0.76262265,-0.15907586,-0.4942764,-0.21980333,-0.70877707,-0.53724116,-0.2961772,-0.33938432,-0.45471194,-0.7754009,-0.36691076,-0.5424607,-0.686761,0.05332374,-0.29508156
-0.5786737,-0.12514403,0.3524347,0.4173443,0.7835079,0.35754877,0.14493161,0.82254016,0.51473105,0.7467981,0.41015863,0.49460495,0.9227839,0.7803463,0.6513498,0.5906765,0.7693621,0.7405096,0.867605,0.5610181,0.8378246,0.78933334,0.6991758,0.70115364,0.5143291,0.419086,-0.6144385,-0.53526586,0.6601214,-0.48213905,-0.72889256,-0.68463075,0.48093283,0.7250188,-0.06595609,-0.65007186,-0.7311469,-0.32825947,-0.45781758,-0.5730024,-0.65502596,-0.64176214,-0.50979537,-0.76962364,-0.63861644,-0.7398764,-0.6426047,-0.29092228,-0.31360042,-0.693941,-0.73212767,0.63468534,-0.30511886,-0.28131887,0.5962998,0.57670796,0.35505694,0.5434415,0.42674968,0.6139579,0.66551214,0.8395589,0.4976133,0.8501276,0.40805846,0.53601354,-0.4514768,0.7804809,0.5822951,0.6197862,0.77386844,0.54496396,0.6327607,-0.549898,0.78420174,0.73856264,0.79785025,0.084684856,-0.7999524,-0.7284152,0.60021174,-0.5357831,-0.48407757,0.08528021,-0.6055176,-0.44811237,-0.70287895,-0.82089764,-0.26281512,-0.644646,-0.55026364,-0.7204429,-0.35220438,-0.7666779,-0.6732581,-0.8416536,-0.8285004,-0.80361533,-0.25083327,-0.77917004
-0.6984056,-0.23483896,0.6793139,0.19149029,0.6651894,0.64255714,-0.25875247,0.5796124,0.7660706,0.8782662,0.73535144,0.8433633,0.7803463,0.96679354,0.9214978,0.23658326,0.47276586,0.4208237,0.6326865,0.20647207,0.8746072,0.52031755,0.38794667,0.54982394,0.7600419,0.72058827,-0.73736787,-0.22404538,0.7624179,-0.10916543,-0.67047006,-0.5246274,0.36008832,0.40341985,-0.49351507,-0.5775703,-0.51951355,-0.114944,-0.36953485,-0.4014789,-0.61906004,-0.4719819,-0.5658003,-0.5220909,-0.61345756,-0.59664667,-0.6662693,-0.49157697,-0.11718224,-0.52472305,-0.71764714,0.4269326,-0.5320836,-0.5118206,0.7756759,0.763458,0.1296238,0.78855836,0.7768493,0.83321774,0.9074693,0.58696914,0.7692763,0.85425556,0.69242346,0.8602419,-0.76056635,0.5110166,0.24976355,0.2392529,0.58723485,0.18198267,0.35640606,-0.57486355,0.7480545,0.6792636,0.72082686,0.49965644,-0.6642463,-0.6264125,0.322493,-0.8571166,-0.66146064,-0.36432776,-0.7286605,-0.68246603,-0.48431784,-0.7187319,-0.3443273,-0.7460563,-0.68416166,-0.5810193,-0.38887337,-0.6729945,-0.82569563,-0.67538595,-0.76892936,-0.88237023,-0.13120528,-0.600116
-0.67597973,-0.34052637,0.710987,0.01309493,0.5381742,0.7059908,-0.41419035,0.4076716,0.797423,0.8186705,0.81748235,0.8955189,0.6513498,0.9214978,0.95934075,0.04925903,0.30689543,0.25049794,0.4785022,0.05549211,0.78681165,0.36951065,0.23416382,0.41507238,0.7426628,0.7771635,-0.713017,-0.06777002,0.73803043,0.035674218,-0.6129744,-0.43404996,0.23553266,0.24153298,-0.6301585,-0.440264,-0.3688373,-0.08930802,-0.3388089,-0.3441183,-0.5506643,-0.374825,-0.57417655,-0.36921823,-0.5479211,-0.47905356,-0.60556996,-0.4727648,0.019512223,-0.38774264,-0.6272681,0.25237322,-0.5952611,-0.5726001,0.7667633,0.7827858,-0.034436382,0.79882026,0.81976604,0.8430768,0.89481056,0.45362657,0.8101668,0.7600628,0.73098356,0.91641665,-0.7567693,0.33706123,0.08202603,0.06507856,0.45922995,0.023120645,0.21781999,-0.55499196,0.63301843,0.5669202,0.62793577,0.6125852,-0.5750898,-0.52282655,0.15930903,-0.8864222,-0.6713693,-0.5051217,-0.7364117,-0.71463335,-0.31388173,-0.59782267,-0.27041408,-0.7396004,-0.66895217,-0.49229962,-0.44102556,-0.60822326,-0.82448053,-0.5324585,-0.68165135,-0.78602785,-0.008438667,-0.45603135
-0.25926542,0.18492886,-0.26805812,0.6901214,0.52440035,-0.34076464,0.5882708,0.7609534,-0.15447253,0.39132392,-0.16228199,-0.15621424,0.5906765,0.23658326,0.04925903,0.9433532,0.8777987,0.8757956,0.8127129,0.7478925,0.4351399,0.84622395,0.82017803,0.6873627,0.14787765,-0.17547938,-0.32014385,-0.7156782,0.22427301,-0.865566,-0.49127156,-0.65235364,0.66464263,0.87449706,0.43010357,-0.6802937,-0.79781485,-0.22738317,-0.28094605,-0.45596704,-0.4752717,-0.5917784,-0.21095021,-0.79607475,-0.53366816,-0.708294,-0.42904788,-0.15332419,-0.6535909,-0.7533082,-0.60992324,0.6080762,0.00092141796,-0.016125947,-0.024993787,-0.047099013,0.4438278,-0.11936782,-0.21638218,0.13069369,0.1009946,0.5958928,-0.18470302,0.46675768,-0.28152516,-0.13343504,-0.039596096,0.83854854,0.87299263,0.8681499,0.6056471,0.87423056,0.7187038,-0.039195545,0.5718396,0.6830218,0.4931826,-0.55989033,-0.61838174,-0.68383837,0.85769117,0.085453294,-0.12598737,0.6665505,-0.21338663,0.23750523,-0.82252634,-0.52684706,-0.2611606,-0.04700825,-0.28145874,-0.60976374,0.016478676,-0.46366945,-0.07881251,-0.7586527,-0.5716771,-0.45196098,-0.5140333,-0.77381796
-0.46371752,-0.07211983,-0.0638271,0.54865336,0.664665,-0.074223086,0.4018125,0.848719,0.12055862,0.5844084,0.112127595,0.103722304,0.7693621,0.47276586,0.30689543,0.8777987,0.9690506,0.9378326,0.9392623,0.78528976,0.63694364,0.95896286,0.888353,0.7742882,0.309354,0.08110671,-0.52101004,-0.7004378,0.46575296,-0.8391495,-0.7113513,-0.803278,0.65581274,0.9371052,0.23336792,-0.7143575,-0.8517185,-0.36984015,-0.4455975,-0.63145334,-0.6291939,-0.72853744,-0.42375183,-0.89396787,-0.69540435,-0.83842677,-0.6009331,-0.22583139,-0.5455552,-0.81149817,-0.75407314,0.6115649,-0.1950934,-0.20630115,0.21684843,0.24045132,0.32214063,0.13191395,0.021661194,0.38399732,0.33216476,0.746219,0.072875954,0.6506372,-0.055210717,0.118315056,-0.18444644,0.8863673,0.8626303,0.8673844,0.7348045,0.8677392,0.76394445,-0.24681774,0.7062318,0.7951441,0.6879227,-0.36894524,-0.81678987,-0.8263811,0.860513,-0.1419986,-0.35606802,0.49432957,-0.45663577,-0.013162393,-0.84496343,-0.69552016,-0.20587802,-0.30572963,-0.46383446,-0.789109,-0.21262002,-0.7005802,-0.3769034,-0.8979962,-0.7758278,-0.6232583,-0.38905483,-0.8520507
-0.46812397,-0.00780872,-0.077071816,0.59862405,0.67967784,-0.129112,0.3741148,0.8732739,0.0937338,0.5320791,0.025804367,0.06307103,0.7405096,0.4208237,0.25049794,0.8757956,0.9378326,0.97770876,0.91955703,0.86960214,0.63812876,0.93208814,0.909826,0.83879614,0.21610245,0.08394221,-0.4076529,-0.78561455,0.45599017,-0.84005165,-0.6478591,-0.7742057,0.5442814,0.9698757,0.32973057,-0.689749,-0.88583016,-0.45620936,-0.53099614,-0.6561229,-0.682217,-0.78390664,-0.46040314,-0.9378414,-0.6104176,-0.8583232,-0.64098734,-0.26921225,-0.62403667,-0.8487464,-0.6954986,0.6332661,-0.04612204,-0.07688359,0.19362366,0.16832542,0.42926496,0.11178422,-0.0033228386,0.27235645,0.29936552,0.749108,-0.0066087823,0.57732725,-0.04828715,0.07642892,-0.16182014,0.9222543,0.92453134,0.93353486,0.8121252,0.9059878,0.8405585,-0.26344395,0.74352187,0.7673128,0.72485816,-0.36497453,-0.7636238,-0.7482792,0.90423703,-0.07921259,-0.24466103,0.5740037,-0.3392445,0.030913733,-0.86616004,-0.71117294,-0.09340611,-0.27875882,-0.3271211,-0.6901484,-0.10254323,-0.66992813,-0.32973236,-0.8966271,-0.7682964,-0.57417834,-0.47502756,-0.86675745
-0.5740642,-0.08427666,0.12450068,0.5529159,0.7610381,0.09281908,0.28723374,0.8954898,0.2974249,0.7096466,0.25077927,0.29002815,0.867605,0.6326865,0.4785022,0.8127129,0.9392623,0.91955703,0.975855,0.74833405,0.7730857,0.9465233,0.86957777,0.8267741,0.4307279,0.2540616,-0.5904659,-0.68366367,0.5953572,-0.7343054,-0.7589028,-0.80391467,0.617495,0.91437227,0.112210885,-0.7618542,-0.87821907,-0.37060136,-0.5018128,-0.6475661,-0.7118927,-0.7582071,-0.5084451,-0.91540754,-0.71471643,-0.87314904,-0.69221854,-0.32746598,-0.5239003,-0.84478796,-0.80509603,0.66132295,-0.24404275,-0.25352013,0.39258528,0.3834724,0.3674124,0.31829357,0.21609798,0.50110817,0.5101238,0.8123504,0.24153347,0.76256275,0.13864183,0.31098107,-0.34976712,0.9110215,0.815821,0.8241475,0.8144802,0.793346,0.77822185,-0.38125747,0.8175428,0.8457471,0.7908407,-0.17691319,-0.8519937,-0.83617103,0.8259079,-0.32874954,-0.42572135,0.35430002,-0.53248584,-0.18411799,-0.8620882,-0.7982951,-0.24193642,-0.45544502,-0.5250921,-0.7904,-0.24744666,-0.7649784,-0.51875955,-0.94736695,-0.86152,-0.7532934,-0.39983952,-0.8971113
-0.34805253,-0.024834914,-0.21555473,0.48422468,0.5259084,-0.23638241,0.31976658,0.7279458,-0.01123645,0.30488333,-0.14126942,-0.10353832,0.5610181,0.20647207,0.05549211,0.7478925,0.78528976,0.86960214,0.74833405,0.91530263,0.47794914,0.78043973,0.83966094,0.7526522,-0.07609554,-0.011149362,-0.15374964,-0.77763903,0.34354857,-0.7833442,-0.4979124,-0.65418684,0.28731713,0.86667,0.46468762,-0.46081054,-0.7638968,-0.59691614,-0.60648805,-0.6736035,-0.61980224,-0.7801485,-0.44415992,-0.840007,-0.39616224,-0.74436146,-0.5575608,-0.14335357,-0.5600805,-0.72739077,-0.47957695,0.48060662,0.15809257,0.12561592,0.042227358,0.024000624,0.4012571,-0.008091748,-0.16279155,0.037493195,0.10192037,0.6487112,-0.17471334,0.33819407,-0.13392991,-0.09093544,0.0418977,0.7869569,0.8682512,0.90021336,0.7655338,0.8519534,0.8181866,-0.23657787,0.6066489,0.5611984,0.6450299,-0.41816023,-0.6197114,-0.54785645,0.8132609,0.11487629,-0.020544836,0.6694412,-0.13704993,0.13016963,-0.7159879,-0.5776341,0.19485834,-0.18431792,-0.08119826,-0.5126633,-0.051359218,-0.57737124,-0.20119473,-0.72806776,-0.6387366,-0.3231849,-0.39655104,-0.71197176
-0.74135363,-0.11238687,0.5340002,0.3909613,0.75457513,0.4417653,-0.15069538,0.7446897,0.6378782,0.8563359,0.52706695,0.6986066,0.8378246,0.8746072,0.78681165,0.4351399,0.63694364,0.63812876,0.7730857,0.47794914,0.96155095,0.67483056,0.61722386,0.77619004,0.60206246,0.64937127,-0.59980106,-0.50287074,0.7525157,-0.31841707,-0.66944504,-0.633563,0.32861686,0.6256208,-0.22269674,-0.6825997,-0.7401581,-0.31606364,-0.57567745,-0.554943,-0.7965008,-0.69551885,-0.64496696,-0.7413759,-0.5770345,-0.7682628,-0.807444,-0.53911525,-0.3676816,-0.7414477,-0.748852,0.5377134,-0.30296338,-0.3022337,0.6839503,0.6121501,0.35050058,0.67031455,0.6377765,0.649941,0.8328512,0.70717025,0.55932534,0.8061502,0.5853198,0.70986044,-0.6926542,0.7242672,0.5111738,0.5047771,0.8038871,0.4292397,0.63090146,-0.61547166,0.9007826,0.7607297,0.86011267,0.34996969,-0.71554494,-0.6598158,0.5524869,-0.70810044,-0.4884705,-0.08269331,-0.5793899,-0.5453329,-0.6853634,-0.8374102,-0.2376934,-0.71450853,-0.5277449,-0.57832235,-0.24753958,-0.73938334,-0.7453822,-0.81918776,-0.876284,-0.8612377,-0.3507328,-0.79268265
-0.51935196,-0.14227529,-0.010873206,0.5134634,0.6665511,-0.01853621,0.3348289,0.84432137,0.17746535,0.62650454,0.17610657,0.16800989,0.78933334,0.52031755,0.36951065,0.84622395,0.95896286,0.93208814,0.9465233,0.78043973,0.67483056,0.9710613,0.8920729,0.7982543,0.33786115,0.15341195,-0.55843276,-0.69447744,0.532551,-0.8170196,-0.7549397,-0.82936347,0.631461,0.9314703,0.16786978,-0.72251844,-0.8619336,-0.4042833,-0.49522835,-0.6821821,-0.6770263,-0.76437116,-0.49823487,-0.9046992,-0.72150326,-0.86829317,-0.6563585,-0.26547533,-0.5252011,-0.82704806,-0.7839469,0.57584894,-0.23978733,-0.25186282,0.25803408,0.29475653,0.28509307,0.18967494,0.08077526,0.4277709,0.39182222,0.7573421,0.12131262,0.67343456,-0.0031464072,0.17929834,-0.22567198,0.8843256,0.85388756,0.8565198,0.7638534,0.856634,0.7757246,-0.29072607,0.7436692,0.8213005,0.7268722,-0.310701,-0.8512008,-0.8477448,0.85729617,-0.19738531,-0.39335132,0.45260715,-0.5054108,-0.06464452,-0.8450154,-0.7221577,-0.18559979,-0.35873204,-0.5006622,-0.81136763,-0.2616214,-0.7470048,-0.44170728,-0.91910285,-0.8216977,-0.6553703,-0.3670156,-0.86687756
-0.46154517,-0.05061786,-0.14754081,0.54961056,0.5800861,-0.161791,0.3144883,0.7911898,0.048086677,0.49600738,-0.0040169302,0.05081269,0.6991758,0.38794667,0.23416382,0.82017803,0.888353,0.909826,0.86957777,0.83966094,0.61722386,0.8920729,0.939109,0.82424974,0.14569499,0.089231595,-0.3505386,-0.7922101,0.43608278,-0.80982566,-0.61402524,-0.7448643,0.4555043,0.91544074,0.32732567,-0.67206264,-0.8769633,-0.5219506,-0.6138257,-0.72027683,-0.70932084,-0.82081866,-0.4808669,-0.90373814,-0.543386,-0.8379225,-0.65814584,-0.24677588,-0.614881,-0.8513493,-0.65354353,0.50261116,-0.020607574,-0.038477946,0.13428542,0.12697145,0.375315,0.067404024,-0.035447486,0.21837579,0.2733482,0.72171456,-0.030322338,0.52168447,-0.066807896,0.074667126,-0.14382623,0.8724604,0.88858217,0.88844395,0.79684794,0.8770463,0.8787743,-0.32613665,0.72243714,0.7126148,0.70618117,-0.34442925,-0.7354028,-0.7014642,0.86158824,-0.08376014,-0.16456994,0.575187,-0.30180812,0.023346206,-0.8459976,-0.6941083,-0.07557155,-0.30722317,-0.29387003,-0.6529479,-0.15662615,-0.6830213,-0.31937236,-0.85400194,-0.7654632,-0.51820767,-0.4568926,-0.85957676
-0.64533913,0.014498689,0.12832856,0.56457114,0.6496797,-0.022336153,0.043153323,0.7868155,0.25128192,0.6713005,0.15816298,0.29235506,0.70115364,0.54982394,0.41507238,0.6873627,0.7742882,0.83879614,0.8267741,0.7526522,0.77619004,0.7982543,0.82424974,0.93511707,0.30993238,0.33680978,-0.39300048,-0.743253,0.55038637,-0.64009535,-0.5913168,-0.7066945,0.36938363,0.83739597,0.13763879,-0.72983795,-0.9036596,-0.411789,-0.6555129,-0.62301594,-0.8471495,-0.8375733,-0.6149794,-0.90187883,-0.5387492,-0.8915807,-0.821531,-0.5387453,-0.67993474,-0.91099095,-0.7237042,0.5280497,-0.05215861,-0.09835917,0.300907,0.2241588,0.42766467,0.26720995,0.23252401,0.3247606,0.48779467,0.65428126,0.087757275,0.57730275,0.18462715,0.2840548,-0.43089175,0.857863,0.8237908,0.7807963,0.8549274,0.7459487,0.8442414,-0.34871146,0.88712156,0.7923161,0.79723215,-0.044886783,-0.6820723,-0.6728983,0.837954,-0.28484792,-0.25213504,0.36093628,-0.31587264,-0.09657362,-0.8566571,-0.74250525,-0.081804186,-0.3746538,-0.31479633,-0.533808,-0.0015580021,-0.6503867,-0.42433462,-0.87586737,-0.8324493,-0.65208495,-0.58761954,-0.89359
-0.50657976,-0.12789705,0.59526664,0.1354292,0.43561533,0.4901749,-0.18276167,0.34727916,0.5665814,0.7880464,0.686419,0.70294833,0.5143291,0.7600419,0.7426628,0.14787765,0.309354,0.21610245,0.4307279,-0.07609554,0.60206246,0.33786115,0.14569499,0.30993238,0.86974514,0.5185735,-0.7541596,0.056483544,0.5220841,-0.011683682,-0.5112071,-0.36901543,0.51097393,0.20260665,-0.5948612,-0.5276958,-0.3217442,0.2919985,0.03223455,-0.054485917,-0.33522174,-0.16335833,-0.30992144,-0.2650327,-0.60729814,-0.3978179,-0.4178343,-0.46527463,-0.06661857,-0.3409096,-0.6728848,0.28448963,-0.65865356,-0.66503644,0.5713575,0.58724236,-0.059389357,0.58275425,0.6558581,0.80589724,0.7384449,0.2549786,0.61116236,0.69348323,0.45476907,0.65913975,-0.7181562,0.29739377,0.07805888,0.015298115,0.22716299,0.030844968,0.0655599,-0.16430978,0.5195729,0.62199235,0.3826151,0.39176017,-0.4734999,-0.5620982,0.19823489,-0.7150744,-0.6931572,-0.4439414,-0.66529846,-0.43564293,-0.34280694,-0.39196992,-0.53404725,-0.40591276,-0.73591673,-0.46871144,-0.22294518,-0.36800417,-0.56247914,-0.47445446,-0.50906235,-0.76694953,-0.10240401,-0.4070415
-0.6071129,-0.35930184,0.7106801,-0.16577837,0.37801147,0.6690454,-0.6144793,0.21517882,0.75123745,0.625312,0.7281476,0.85913885,0.419086,0.72058827,0.7771635,-0.17547938,0.08110671,0.08394221,0.2540616,-0.011149362,0.64937127,0.15341195,0.089231595,0.33680978,0.5185735,0.8660953,-0.46650755,0.0013076644,0.62230563,0.21087259,-0.39557105,-0.28614813,-0.08913941,0.07649277,-0.5728901,-0.22139604,-0.22346649,-0.19020525,-0.41125625,-0.29148036,-0.51122403,-0.32896444,-0.570364,-0.2379376,-0.319183,-0.35082257,-0.5631888,-0.4467932,0.08865553,-0.25830215,-0.39932567,0.068453625,-0.37601927,-0.38960564,0.69056034,0.6726588,-0.08196739,0.7263918,0.8094229,0.6363014,0.79152834,0.26647866,0.6501033,0.46689117,0.72126067,0.7947509,-0.65518665,0.15599203,-0.04484517,-0.065335274,0.3808372,-0.11716111,0.1424131,-0.52012044,0.5298629,0.35382324,0.5378866,0.693908,-0.35101315,-0.276733,0.020599106,-0.7531012,-0.5074068,-0.5546866,-0.5154174,-0.66852343,-0.14173616,-0.4605946,-0.01850171,-0.652565,-0.3872168,-0.22745076,-0.28891078,-0.4515887,-0.7246223,-0.34911925,-0.53508866,-0.5585649,0.04372712,-0.28440988
0.56492424,0.40530056,-0.40416348,-0.06904853,-0.47960177,-0.42384887,0.10650157,-0.4446959,-0.512439,-0.7796172,-0.7384405,-0.60027397,-0.6144385,-0.73736787,-0.713017,-0.32014385,-0.52101004,-0.4076529,-0.5904659,-0.15374964,-0.59980106,-0.55843276,-0.3505386,-0.39300048,-0.7541596,-0.46650755,0.9313259,0.08726345,-0.61605084,0.29997802,0.7566698,0.6278932,-0.6080927,-0.40072632,0.53201616,0.53755283,0.43415105,-0.0225975,0.15210041,0.3408901,0.44188496,0.3520527,0.47283235,0.44188482,0.83407557,0.5698441,0.50665885,0.37433743,0.06315218,0.43945312,0.77985847,-0.29732183,0.7580346,0.7611381,-0.5050561,-0.6307873,0.20806092,-0.48632777,-0.51219535,-0.8870429,-0.65920883,-0.4104599,-0.5536753,-0.7377369,-0.29047844,-0.55981207,0.5266961,-0.40595135,-0.2609505,-0.22379693,-0.33692193,-0.27009273,-0.20160516,0.19202289,-0.5276763,-0.72126484,-0.4851125,-0.15486798,0.7156409,0.7817818,-0.35666507,0.59186375,0.82334256,0.25157404,0.8699013,0.36034244,0.42450696,0.4775722,0.3700959,0.44204062,0.83635664,0.7406271,0.46208882,0.5922117,0.64500946,0.62345004,0.661133,0.752885,-0.015572935,0.50109565
0.32948554,-0.18040627,0.21616456,-0.60297,-0.48949617,0.28895202,-0.3112254,-0.69476146,0.07648793,-0.30874628,0.21017547,0.0717199,-0.53526586,-0.22404538,-0.06777002,-0.7156782,-0.7004378,-0.78561455,-0.68366367,-0.77763903,-0.50287074,-0.69447744,-0.7922101,-0.743253,0.056483544,0.0013076644,0.08726345,0.8554304,-0.2410621,0.6786001,0.35635468,0.5440234,-0.24287006,-0.7815608,-0.4734491,0.54648757,0.7796563,0.49664795,0.576453,0.56793,0.6172127,0.73070073,0.34104532,0.7857113,0.28389788,0.6814507,0.5446012,0.2094518,0.65055954,0.7487745,0.42778903,-0.49743667,-0.2643784,-0.23781642,-0.016890943,0.07182953,-0.5617943,0.03187812,0.12329695,0.031308126,-0.1420937,-0.5968268,0.17998731,-0.32781112,0.085106134,0.041823,0.06766283,-0.7786802,-0.8032903,-0.8198813,-0.73515475,-0.75892466,-0.8186648,0.29368234,-0.62217677,-0.5133257,-0.58441716,0.32151055,0.4854199,0.45771593,-0.7506845,-0.025424726,-0.08080362,-0.60030395,0.03487919,-0.098875016,0.7558423,0.6030116,0.008922813,0.19021764,0.014034453,0.38286415,-0.065916084,0.4775336,0.12380394,0.6793505,0.5877852,0.3506004,0.55232716,0.7417059
-0.6385572,-0.41223574,0.5001311,0.04009287,0.57266176,0.5200114,-0.30858487,0.509042,0.68102205,0.7371106,0.64662504,0.66142833,0.6601214,0.7624179,0.73803043,0.22427301,0.46575296,0.45599017,0.5953572,0.34354857,0.7525157,0.532551,0.43608278,0.55038637,0.5220841,0.62230563,-0.61605084,-0.2410621,0.81566465,-0.21124929,-0.7229959,-0.56615436,0.2481407,0.45164436,-0.38220167,-0.39725387,-0.4867564,-0.29274324,-0.49267495,-0.5429882,-0.6481519,-0.5726768,-0.67740434,-0.54499805,-0.5790759,-0.6361033,-0.68215644,-0.4017747,-0.08379912,-0.49590617,-0.6649347,0.26565558,-0.48486602,-0.49114373,0.6187066,0.6784456,-0.049177013,0.65429676,0.5824777,0.70724285,0.70302534,0.5487458,0.58171576,0.67325085,0.52855027,0.6470693,-0.52717435,0.44836068,0.30834758,0.30830532,0.60456216,0.2719773,0.40562978,-0.4648382,0.6731584,0.62523794,0.74698305,0.34442657,-0.71373796,-0.59848523,0.3646463,-0.5928326,-0.5570471,-0.18055254,-0.6503899,-0.4917306,-0.4092123,-0.61631644,0.02093158,-0.6207205,-0.57902056,-0.5893991,-0.4260468,-0.7320844,-0.77093947,-0.6473932,-0.76971686,-0.67512345,-0.02533824,-0.52567637
0.24490371,0.03945401,0.4005466,-0.50527674,-0.39501256,0.39542338,-0.50759065,-0.6464902,0.22325674,-0.2862764,0.16819529,0.24996963,-0.48213905,-0.10916543,0.035674218,-0.865566,-0.8391495,-0.84005165,-0.7343054,-0.7833442,-0.31841707,-0.8170196,-0.80982566,-0.64009535,-0.011683682,0.21087259,0.29997802,0.6786001,-0.21124929,0.92971295,0.5361029,0.685425,-0.5755152,-0.8439338,-0.4192096,0.55222905,0.72082317,0.36493382,0.3659246,0.5695782,0.47118396,0.6413165,0.2975359,0.76188445,0.5439712,0.70527136,0.43009514,0.09037489,0.5691218,0.6870876,0.5660401,-0.42445582,0.027521918,0.063751005,0.14615732,0.08819404,-0.22915748,0.2149058,0.32559007,-0.08494746,0.022688178,-0.5254875,0.28039134,-0.3225938,0.41069227,0.24185395,-0.11133722,-0.73511434,-0.8597071,-0.8557416,-0.5502144,-0.8963886,-0.6969073,-0.008989694,-0.47575325,-0.6191374,-0.44049948,0.64778495,0.64061093,0.6774734,-0.8353033,-0.21643698,0.11950127,-0.7253797,0.22313824,-0.328153,0.7332638,0.44207847,0.04581608,-0.019904228,0.2531037,0.6362788,0.08597539,0.4974919,0.060527757,0.70981085,0.5530741,0.31372666,0.37643707,0.6797161
0.58346653,0.48112753,-0.23785532,-0.13675314,-0.5713395,-0.31251597,0.030802432,-0.61904716,-0.46369445,-0.71485794,-0.55421317,-0.44310135,-0.72889256,-0.67047006,-0.6129744,-0.49127156,-0.7113513,-0.6478591,-0.7589028,-0.4979124,-0.66944504,-0.7549397,-0.61402524,-0.5913168,-0.5112071,-0.39557105,0.7566698,0.35635468,-0.7229959,0.5361029,0.9094919,0.7666616,-0.52283984,-0.6428803,0.25834218,0.52688825,0.5973683,0.31189707,0.44969037,0.6515782,0.6219727,0.6290303,0.63115585,0.6716606,0.79238594,0.7482877,0.6475062,0.30672395,0.18111263,0.59670496,0.7961972,-0.33892733,0.577078,0.5738522,-0.44306314,-0.5783982,0.103008956,-0.4364345,-0.32931912,-0.70268744,-0.5438653,-0.6293392,-0.4222306,-0.7224717,-0.21860875,-0.43585715,0.3508822,-0.587114,-0.5088795,-0.51777065,-0.58940166,-0.52991056,-0.48541063,0.32627368,-0.6396217,-0.75355643,-0.70136684,0.016150638,0.8988044,0.829005,-0.55971587,0.42191622,0.6385957,-0.061688364,0.76069254,0.28979963,0.5521041,0.6134792,0.06372732,0.49415252,0.70966053,0.8438015,0.52632946,0.8031223,0.67927253,0.77700245,0.8161243,0.68697995,0.031857003,0.6374835
0.55942583,0.31693658,-0.05903073,-0.2768981,-0.5717704,-0.0832063,-0.109921545,-0.6801516,-0.25200385,-0.6233854,-0.34064072,-0.27512452,-0.68463075,-0.5246274,-0.43404996,-0.65235364,-0.803278,-0.7742057,-0.80391467,-0.65418684,-0.633563,-0.82936347,-0.7448643,-0.7066945,-0.36901543,-0.28614813,0.6278932,0.5440234,-0.56615436,0.685425,0.7666616,0.8429079,-0.50215405,-0.77498066,0.024367813,0.607901,0.7380872,0.4174921,0.5197165,0.6742796,0.6713784,0.72414714,0.57759964,0.793993,0.74565685,0.8228175,0.6715385,0.3168462,0.377357,0.72297204,0.75803715,-0.40106037,0.3381366,0.37051135,-0.2910679,-0.37029546,-0.057520118,-0.24672675,-0.1769336,-0.5096657,-0.43139514,-0.62769544,-0.1837949,-0.59910583,-0.050087504,-0.25050873,0.2579319,-0.7151235,-0.699234,-0.68226933,-0.6642219,-0.70782584,-0.63724226,0.2822685,-0.67809874,-0.767404,-0.67738307,0.19415182,0.81345654,0.8224777,-0.7201563,0.2560805,0.4972018,-0.27721402,0.5891706,0.11910291,0.7053957,0.6440884,0.07320202,0.36812025,0.5269647,0.7734127,0.33995402,0.7341156,0.50648713,0.83402514,0.8026248,0.6209786,0.21412802,0.74156594
-0.20213243,0.05923468,-0.0458866,0.44892558,0.3699718,-0.0937436,0.455079,0.50684214,-0.008152755,0.51470876,0.16994551,0.05529433,0.48093283,0.36008832,0.23553266,0.66464263,0.65581274,0.5442814,0.617495,0.28731713,0.32861686,0.631461,0.4555043,0.36938363,0.51097393,-0.08913941,-0.6080927,-0.24287006,0.2481407,-0.5755152,-0.52283984,-0.50215405,0.90199625,0.53732324,-0.041157395,-0.6237804,-0.49759057,0.2261411,0.11679139,-0.13424774,-0.2158531,-0.21226932,-0.06577976,-0.46366167,-0.6630621,-0.48584157,-0.2414917,-0.17814097,-0.3398847,-0.47738373,-0.67537695,0.44192928,-0.44712812,-0.4402604,0.08307457,0.14922307,0.07539815,0.014772873,-0.0009396039,0.44991922,0.22223347,0.34129086,0.09489731,0.56051564,-0.18747346,0.051925372,-0.2104283,0.53297275,0.48618138,0.44337076,0.23464698,0.51364195,0.2735774,0.15745053,0.38106638,0.6717582,0.2571826,-0.3497595,-0.559638,-0.7154341,0.5483414,-0.14021531,-0.44237947,0.23179784,-0.47043297,0.12182456,-0.5588113,-0.29289928,-0.52178437,-0.008400972,-0.6240312,-0.6450553,-0.11687617,-0.33361375,-0.1460778,-0.575801,-0.42310646,-0.5490191,-0.24146104,-0.53149563
-0.4651751,-0.015036928,-0.095006526,0.5906921,0.65599394,-0.14885612,0.36984053,0.8578075,0.07844444,0.52748793,0.022241537,0.050770327,0.7250188,0.40341985,0.24153298,0.87449706,0.9371052,0.9698757,0.91437227,0.86667,0.6256208,0.9314703,0.91544074,0.83739597,0.20260665,0.07649277,-0.40072632,-0.7815608,0.45164436,-0.8439338,-0.6428803,-0.77498066,0.53732324,0.97327757,0.32254687,-0.6887255,-0.88549197,-0.45431083,-0.53585964,-0.65953493,-0.68115056,-0.78681004,-0.4638964,-0.9347314,-0.6057359,-0.8605789,-0.642026,-0.27253348,-0.6264875,-0.8474991,-0.6931142,0.6150553,-0.048664846,-0.07568325,0.16813937,0.1560363,0.40973014,0.09576721,-0.018706378,0.26367494,0.28564572,0.7347716,-0.025359038,0.5615604,-0.06402606,0.06461738,-0.1503809,0.91458654,0.9273672,0.93075955,0.80107445,0.9104122,0.83958507,-0.2472178,0.7387191,0.7648637,0.7133821,-0.3745284,-0.7600448,-0.7504123,0.9082176,-0.07192178,-0.23803991,0.57384115,-0.33688185,0.041562535,-0.866225,-0.6981484,-0.08452018,-0.2667275,-0.3267058,-0.68645966,-0.10256692,-0.66666067,-0.32056925,-0.89216596,-0.7674053,-0.5613847,-0.469916,-0.8630354
0.34018597,0.43094063,-0.5661682,0.41292745,0.013074554,-0.5936886,0.6082566,0.21034957,-0.55242693,-0.42955893,-0.78534186,-0.6873826,-0.06595609,-0.49351507,-0.6301585,0.43010357,0.23336792,0.32973057,0.112210885,0.46468762,-0.22269674,0.16786978,0.32732567,0.13763879,-0.5948612,-0.5728901,0.53201616,-0.4734491,-0.38220167,-0.4192096,0.25834218,0.024367813,-0.041157395,0.32254687,0.8789213,0.014820125,-0.20088452,-0.27295956,-0.081116736,-0.07632144,0.07963089,-0.13788044,0.27574638,-0.21249804,0.29919243,-0.012421561,0.17044607,0.32917202,-0.35940135,-0.14319924,0.25859213,0.23250437,0.67852914,0.6782305,-0.43201107,-0.542001,0.49149275,-0.5219079,-0.6439117,-0.6630621,-0.529312,0.14663163,-0.60328645,-0.28200132,-0.47735044,-0.6359724,0.5354893,0.27791202,0.4322572,0.49261874,0.17406249,0.43172234,0.3623839,0.107698604,-0.07203083,-0.1462591,-0.060510986,-0.61206913,0.121214226,0.15762895,0.3182841,0.61999273,0.59869313,0.74208444,0.5526593,0.44750947,-0.21850121,0.0010819895,0.1746587,0.31087953,0.52574897,0.13492528,0.32204092,0.1369319,0.48870105,-0.015621021,0.15486178,0.3465497,-0.29151464,-0.11842107
