0,1,2,3,4,5,6,7,8,9,10,11,12,13,14,15,16,17,18,19,20,21,22,23,24,25,26,27,28,29,30,31,32,33,34,35,36,37,38,39,40,41,42,43,44,45,46,47,48,49,50,51,52,53,54,55,56,57,58,59,60,61,62,63,64,65,66,67,68,69,70,71,72,73,74,75,76,77,78,79,80,81,82,83,84,85,86,87,88,89,90,91,92,93,94,95,96,97,98,99
0.950337,0.59145653,0.42816374,0.5540745,0.3978486,0.22813171,0.593835,0.722861,0.4443359,-0.40988111,-0.59315765,-0.4654434,-0.43832564,-0.5580826,-0.68256307,0.7032832,-0.43962926,0.355084,-0.4536817,-0.057313137,-0.5757706,-0.5073961,-0.3671903,-0.30781382,-0.06103494,-0.5325496,-0.2286652,-0.739274,-0.2588898,-0.6537867,0.24865583,0.6968914,0.6026925,-0.4816928,-0.31704202,0.102859735,-0.34638172,0.43241918,0.026079763,0.179943,-0.047161862,-0.5806024,0.095572166,0.39595187,0.3791387,0.26310414,-0.3974403,-0.423191,0.5959428,0.010327619,0.47169244,0.8290764,0.6927277,0.27626276,0.4173056,0.23551467,0.7352622,0.559445,-0.49568635,-0.3289801,-0.3035621,-0.5076548,-0.46304145,-0.41518033,-0.508833,-0.6132207,0.48203632,-0.25703534,-0.5782855,0.33542556,-0.41553593,-0.15327802,-0.3842395,0.31405818,-0.3093652,-0.14119841,-0.57390165,-0.67191637,0.38926065,0.5669718,0.07451771,-0.23295444,0.14848769,0.216663,0.054408398,-0.13347839,-0.4168927,-0.5315929,-0.08923252,0.12438887,-0.16008273,0.048781857,0.06370886,-0.030787237,-0.20804587,0.30956417,0.40525973,-0.2984656,0.60754967,-0.04548127
0.59145653,0.95466775,0.1830936,0.19413751,-0.20232983,-0.28428298,0.81351066,0.4651,-0.13518104,-0.1940634,-0.08452238,0.012292161,0.21017832,0.045131404,-0.1668745,0.71722007,0.2366792,0.6661248,0.21642125,-0.4565336,0.06656995,0.13012129,0.25700217,0.18285343,0.23581478,-0.0045722723,0.11463718,-0.19640861,-0.29659215,0.0077480897,0.04525766,0.27630192,0.33218354,-0.052046716,-0.069416985,-0.45901525,-0.66364,0.37127972,0.1621904,0.300525,0.077344485,-0.18785557,0.077391416,0.46700853,0.30333567,0.30796754,-0.13379002,-0.10521496,0.13823828,-0.01369886,0.29319865,0.8149481,0.83949053,0.1492694,-0.08534004,-0.24262536,0.8839799,0.054651007,-0.3372231,0.25153264,0.18677594,0.08634634,0.13618103,0.17782241,0.08104248,-0.05320679,0.60952485,0.44847515,0.019862361,0.5721535,0.06936692,0.27435884,0.20872974,0.31387994,0.221212,0.21887663,-0.15430936,-0.037029356,0.25476706,0.2702506,-0.015542128,-0.60930055,-0.1425929,0.1120557,0.051187277,-0.4175296,-0.6917072,-0.50778276,-0.53831947,0.14994797,-0.28103024,0.099075645,0.03788948,-0.11714575,-0.16475804,0.35700637,0.39950782,-0.22694282,0.08060534,-0.008261319
0.42816374,0.1830936,0.9380784,0.14280546,0.45000994,0.7199606,0.038912438,0.5604775,0.68807626,-0.59210336,-0.43856078,-0.4477284,-0.29754955,-0.26279485,-0.25797856,0.20720622,-0.42684174,-0.02737581,-0.40128398,-0.2575201,-0.38083196,-0.54585725,-0.49802926,-0.18059686,-0.30559105,-0.06699997,-0.45170552,-0.23558334,0.0170228,-0.40338868,-0.4099524,0.44295216,0.54900235,-0.657956,-0.70968246,-0.15155879,-0.39537895,-0.31790522,-0.6474342,-0.51177686,-0.7099552,-0.4083932,-0.27228153,-0.20417413,-0.004910818,-0.29173088,-0.7993978,-0.7342918,0.27268577,-0.5465802,-0.20226863,0.37371606,0.03104542,-0.3951125,0.7470816,0.7465136,0.2705145,0.7751639,-0.50823003,-0.28906557,-0.20791802,-0.16413482,-0.16131781,-0.20014897,-0.19936864,-0.2739805,-0.28492445,-0.26615566,-0.13275304,-0.16485882,-0.4412628,-0.22845641,-0.32795745,-0.29095578,-0.2305755,0.016151568,-0.1426521,-0.43220186,0.00063103763,-0.20565255,0.44984186,-0.44971585,0.09759943,0.3262102,0.4100271,-0.28756633,-0.38944265,0.16693904,-0.29015422,-0.5457196,-0.51888853,-0.56796587,-0.5893117,-0.27219784,-0.6775653,-0.16481817,-0.2304303,-0.6889863,0.22003421,-0.5955787
0.5540745,0.19413751,0.14280546,0.92457104,0.66308373,0.21447332,0.41916633,0.6804947,0.418804,-0.19127047,-0.5157658,-0.4562983,-0.5412241,-0.45735353,-0.47568044,0.4966352,-0.5296974,-0.031154646,-0.42633677,0.21971147,-0.482247,-0.6065231,-0.41024697,-0.27872002,-0.3837628,-0.77990174,-0.3775301,-0.73318535,0.24165468,-0.741706,0.09903355,0.4952901,0.5677645,-0.37898037,0.05361688,0.25621563,0.16527225,0.4228551,0.11615126,0.2626197,0.17338963,-0.75513244,0.66650856,-0.019802522,0.7433156,-0.18434373,-0.16691488,-0.43494558,0.3153829,0.1481534,0.09323988,0.33828816,0.34565318,0.41870975,0.42924136,0.16748646,0.30880252,0.47790533,-0.2077864,-0.31087273,-0.24906605,-0.5340625,-0.37689078,-0.34885016,-0.37116364,-0.4671474,0.33339113,-0.4427709,-0.6324232,-0.06969498,-0.36749154,-0.51896536,-0.67392635,0.4126258,-0.14452222,-0.49487108,-0.23441271,-0.67011416,0.78651506,0.35068023,0.16092753,0.2713676,0.70989776,0.5234462,-0.2094793,0.02214028,0.09414303,-0.26791105,0.19284716,0.2761103,-0.19109674,0.032284696,0.16558903,0.57515013,0.35015005,-0.15324214,0.042170078,-0.16880399,0.32601395,0.102660716
0.3978486,-0.20232983,0.45000994,0.66308373,0.94782573,0.69249123,-0.07159859,0.57018423,0.7706125,-0.3480946,-0.5988739,-0.6132939,-0.71748245,-0.5482253,-0.44834915,0.118483454,-0.8081168,-0.42058524,-0.6956915,0.28858185,-0.6602856,-0.89100766,-0.79273623,-0.51655567,-0.59674525,-0.6944877,-0.6059658,-0.63842237,0.27933514,-0.8185012,-0.07906956,0.4733042,0.5196544,-0.6598691,-0.3395544,0.40199655,0.26328793,0.013279978,-0.2846486,-0.1897364,-0.22848324,-0.68339455,0.32321578,-0.35501283,0.3734648,-0.41866273,-0.43773836,-0.6313013,0.4049182,-0.10173361,-0.10174048,0.08938267,-0.1207844,0.107727386,0.7870458,0.6382359,-0.042199247,0.7558183,-0.24362081,-0.5501498,-0.43608785,-0.58250594,-0.48269966,-0.49720764,-0.47853196,-0.50368834,-0.18720862,-0.79254574,-0.6659016,-0.46224567,-0.6138192,-0.7155067,-0.873312,0.018358834,-0.44076836,-0.5520459,-0.28308922,-0.7788944,0.4529636,0.10293606,0.2804982,0.3072777,0.6527675,0.45372,-0.051675394,0.100398466,0.22872628,0.077830695,0.31030643,-0.11558377,-0.20032693,-0.24432325,-0.14201388,0.34937102,0.027968727,-0.38651553,-0.27207705,-0.31868076,0.4008919,-0.16788715
0.22813171,-0.28428298,0.7199606,0.21447332,0.69249123,0.9632628,-0.30754754,0.40080136,0.84579706,-0.39763924,-0.4669824,-0.48152256,-0.5608884,-0.47487262,-0.34745938,-0.047757793,-0.71402323,-0.38274264,-0.6883136,0.057168104,-0.6037481,-0.6973052,-0.7296495,-0.31896818,-0.39117616,-0.22720538,-0.57271636,-0.2831594,0.18117444,-0.58653367,-0.2764604,0.45304146,0.4709585,-0.6553079,-0.54763645,0.20753068,0.037188098,-0.3431431,-0.6150686,-0.5263369,-0.62897456,-0.40623468,-0.17300248,-0.37677407,-0.02854282,-0.4120217,-0.6992251,-0.7037672,0.2813421,-0.4654059,-0.25986403,0.008780394,-0.32555625,-0.3675007,0.874184,0.93702805,-0.15170377,0.8052697,-0.26351935,-0.50354254,-0.36902478,-0.37200284,-0.4158046,-0.47466993,-0.44286412,-0.43808424,-0.46967536,-0.65345275,-0.31582206,-0.41697568,-0.6170684,-0.4061849,-0.57834876,-0.26852182,-0.36962402,-0.1458681,-0.17779893,-0.54292643,0.033022292,-0.18976018,0.48176008,0.037878267,0.28512293,0.35729307,0.3627121,0.10003984,0.030343946,0.3999799,0.10168826,-0.46454704,-0.27019304,-0.5257646,-0.44962132,-0.026978474,-0.43244457,-0.2930627,-0.35039502,-0.5039927,0.298507,-0.5190284
0.593835,0.81351066,0.038912438,0.41916633,-0.07159859,-0.30754754,0.9366565,0.54057163,-0.07623239,-0.07270991,-0.19991091,-0.05708493,0.005184221,-0.13615404,-0.32215872,0.83123493,0.08541628,0.651889,0.07474385,-0.25774926,-0.047740214,0.07772194,0.2572401,0.24563584,0.21872225,-0.17896172,0.054396547,-0.3294805,-0.11675009,-0.17247452,0.17003128,0.400218,0.4478923,-0.024969686,0.13321106,-0.27793705,-0.4258595,0.57535875,0.32878757,0.51114094,0.24146676,-0.33219254,0.3496955,0.48695385,0.5266998,0.27301964,-0.088638805,-0.12724915,0.07533267,0.09567961,0.27710077,0.71678406,0.87439215,0.27624077,-0.080677524,-0.27507895,0.80661345,0.065260425,-0.2676709,0.11324897,0.08867581,-0.123276524,-0.047590483,-0.0034227278,-0.07888294,-0.21751693,0.7717416,0.32302755,-0.08373063,0.60758495,0.064071685,0.24455585,0.11674105,0.5673531,0.27620524,0.14201367,-0.08597321,-0.12156639,0.50209546,0.38066742,0.0881972,-0.3231516,0.08952065,0.2670254,0.021666393,-0.20961809,-0.48613447,-0.48347336,-0.34045625,0.3921205,-0.23501551,0.17438945,0.23343095,0.203648,0.1300217,0.35450017,0.4476183,-0.14065503,0.08467221,0.10574798
0.722861,0.4651,0.5604775,0.6804947,0.57018423,0.40080136,0.54057163,0.9401569,0.5766412,-0.5551704,-0.6903428,-0.61245763,-0.54381275,-0.5031613,-0.5791994,0.6895377,-0.53924465,0.2670718,-0.47505063,-0.12515603,-0.5131234,-0.59073937,-0.36656195,-0.13013287,-0.33072025,-0.48564506,-0.54736483,-0.6512157,0.15225124,-0.70713127,-0.19029742,0.7043413,0.8296601,-0.52232844,-0.27938366,-0.07920085,-0.2817664,0.17109072,-0.27353588,-0.046348434,-0.30450624,-0.83177936,0.3513149,-0.035571456,0.61938757,-0.26120326,-0.6162019,-0.7501518,0.22466193,-0.2785999,-0.04296674,0.599874,0.4950418,0.043454915,0.6095201,0.4019183,0.58691067,0.7096508,-0.60761684,-0.40496188,-0.36750996,-0.5057883,-0.39207095,-0.38270098,-0.38270062,-0.5388937,0.24101761,-0.27771288,-0.37696326,0.15744674,-0.4082427,-0.28229925,-0.4644987,0.20017129,-0.11535816,-0.2006323,-0.19406524,-0.64867663,0.63262653,0.1436769,0.45015848,-0.2511071,0.4910872,0.6166681,0.1633226,-0.25537294,-0.35461813,-0.18289074,-0.21912694,-0.10381028,-0.57989997,-0.35865244,-0.25623053,0.2033886,-0.15985213,-0.12255485,-0.042767238,-0.62596476,0.23883066,-0.3286097
0.4443359,-0.13518104,0.68807626,0.418804,0.7706125,0.84579706,-0.07623239,0.5766412,0.931628,-0.46458593,-0.6566266,-0.6430596,-0.7014471,-0.6131443,-0.52041614,0.14519024,-0.7945441,-0.2598841,-0.7503326,0.16465035,-0.69124126,-0.8129127,-0.7124443,-0.39156848,-0.4307831,-0.4519974,-0.54836535,-0.52024543,0.17181647,-0.7449613,-0.13264412,0.57592905,0.5718399,-0.7267478,-0.55736965,0.3065884,0.05185013,-0.094134815,-0.44555944,-0.31577605,-0.46454424,-0.57964885,-0.01564061,-0.23704848,0.1431692,-0.29440582,-0.6695141,-0.7107514,0.4016282,-0.29819137,-0.08657718,0.18400374,-0.08436456,-0.14172186,0.85515654,0.8230233,0.04922521,0.88737977,-0.38122904,-0.6286648,-0.4775592,-0.5452095,-0.5394287,-0.57047707,-0.5428058,-0.575616,-0.21324784,-0.69208217,-0.4889956,-0.29285318,-0.5946541,-0.46954972,-0.64436305,-0.06748996,-0.443469,-0.28988624,-0.28479463,-0.70224607,0.20351475,0.056031454,0.41194803,0.0741083,0.39562148,0.37170693,0.23395967,0.07087834,0.013819538,0.17217787,0.17518657,-0.2610284,-0.26213428,-0.37202018,-0.28332317,0.061219566,-0.29375678,-0.20521502,-0.1706962,-0.44570482,0.42563224,-0.36131698
-0.40988111,-0.1940634,-0.59210336,-0.19127047,-0.3480946,-0.39763924,-0.07270991,-0.5551704,-0.46458593,0.9425575,0.68536115,0.7513515,0.37753177,0.2361623,0.2933657,-0.15587758,0.3268155,-0.19194761,0.24531057,0.01748883,0.23523691,0.52594244,0.28269416,0.3735773,0.5713323,0.24014953,0.45396587,0.41184312,-0.09819925,0.36943626,0.43251154,-0.30490047,-0.3710933,0.35442328,0.53870493,0.070694864,0.26101544,0.36505705,0.616166,0.5499104,0.5609633,0.5982294,0.044965625,0.3100651,-0.17874256,0.3301974,0.5196879,0.52338165,-0.15034324,0.31073052,0.12696825,-0.33402717,-0.15070388,0.06600736,-0.46041012,-0.39028412,-0.36782244,-0.6016134,0.8630016,0.5043574,0.55921423,0.32724184,0.21210635,0.18734542,0.09890513,0.23200715,0.24584574,0.19092053,0.1165999,0.00976604,0.13239168,0.3552534,0.2440699,0.46842,0.4465722,0.31532633,0.1258932,0.454474,-0.1074165,0.06933047,-0.17284799,0.46115983,-0.20935644,-0.18524674,-0.0020563677,0.5986236,0.2720674,0.1561125,0.22221303,0.5779315,0.6324737,0.5296944,0.63674617,0.34660277,0.5031053,0.35554522,0.31782383,0.6196542,-0.099834844,0.39075723
-0.59315765,-0.08452238,-0.43856078,-0.5157658,-0.5988739,-0.4669824,-0.19991091,-0.6903428,-0.6566266,0.68536115,0.94249856,0.89126265,0.7646556,0.666872,0.68377215,-0.35896075,0.6735644,-0.13281143,0.6230037,-0.23876724,0.6080189,0.71174943,0.43360275,0.41913393,0.4555415,0.5932649,0.523608,0.73094755,-0.10473188,0.75494224,0.028785624,-0.60661435,-0.55961525,0.47446725,0.39586756,-0.27557695,0.0059747733,-0.04167656,0.30919933,0.17280112,0.29115087,0.7710778,-0.17726941,0.11467621,-0.3629182,0.17881268,0.50271034,0.55523247,-0.30304512,0.122400135,-0.08105088,-0.3470181,-0.26191145,-0.12791577,-0.5604989,-0.4401583,-0.342337,-0.7234805,0.7136768,0.7961685,0.758706,0.73704743,0.64408946,0.6013027,0.53785837,0.6473216,-0.06935504,0.52021354,0.4617191,-0.06524746,0.35085326,0.39475465,0.4840908,0.005824592,0.52553904,0.4111159,0.31978646,0.7140629,-0.37719864,-0.2893371,-0.25360623,0.03474257,-0.42233497,-0.31578904,0.00081607886,0.15038261,0.063485764,0.20215209,-0.11029309,0.1501789,0.3668022,0.27496505,0.22389385,-0.023434382,0.16577229,0.16238803,0.037197683,0.42087957,-0.3456499,0.20405915
-0.4654434,0.012292161,-0.4477284,-0.4562983,-0.6132939,-0.48152256,-0.05708493,-0.61245763,-0.6430596,0.7513515,0.89126265,0.9424822,0.7050842,0.5265747,0.53001904,-0.18006524,0.6154125,-0.014643402,0.5268846,-0.2984015,0.49423915,0.7347454,0.44980228,0.49917364,0.617265,0.579986,0.51536113,0.66370606,-0.190645,0.6676781,0.14712998,-0.44945157,-0.4361344,0.45918453,0.44591564,-0.28919253,-0.061332263,0.10495804,0.39352283,0.30293846,0.336667,0.74603605,-0.16768247,0.27742207,-0.31250662,0.29127902,0.45134565,0.51934683,-0.2647385,0.10708474,0.011801267,-0.23105898,-0.12253755,-0.14037366,-0.5457238,-0.44033903,-0.22998083,-0.70125014,0.73230803,0.7798139,0.74509394,0.6459875,0.51940644,0.4778582,0.38839597,0.49535954,0.09794803,0.5063273,0.4083169,0.092948906,0.26883155,0.51244885,0.492087,0.1858401,0.5826258,0.52566963,0.23590478,0.67083097,-0.29939362,-0.18275765,-0.1838324,0.03629571,-0.45805612,-0.2502026,0.100407824,0.26106712,-0.021234825,0.171348,-0.13826942,0.26421034,0.41340476,0.32282844,0.3229047,0.024257693,0.179643,0.32666206,0.19603339,0.41737577,-0.27872083,0.19290066
-0.43832564,0.21017832,-0.29754955,-0.5412241,-0.71748245,-0.5608884,0.005184221,-0.54381275,-0.7014471,0.37753177,0.7646556,0.7050842,0.93375397,0.7918676,0.71644044,-0.2339678,0.866507,0.12503414,0.82033724,-0.34691882,0.7626611,0.726344,0.57216215,0.3964772,0.35644603,0.62494576,0.5854455,0.6929848,-0.16087228,0.8512559,-0.10594131,-0.6523433,-0.53738356,0.47828197,0.23777883,-0.46011084,-0.23321629,-0.08981107,0.23022163,0.098076284,0.21092135,0.6643908,-0.22253893,0.15129748,-0.3165936,0.21938771,0.4543535,0.5430049,-0.2953995,0.11321868,-0.055847645,-0.11029999,-0.031272896,-0.07791591,-0.6173477,-0.52714133,-0.04028324,-0.6803453,0.37092984,0.7909373,0.7160732,0.85474396,0.7890816,0.77318084,0.7184603,0.74699605,-0.00896157,0.7642183,0.57833755,0.0795221,0.5287228,0.40070778,0.619882,-0.13162218,0.4833505,0.37406746,0.34241098,0.7217436,-0.39816576,-0.28383526,-0.31788945,-0.29607064,-0.48017663,-0.37040552,-0.060349982,-0.21982531,-0.15825859,-0.007737904,-0.32542485,0.022754718,0.12053639,0.2005063,0.05723294,-0.24899174,-0.012529885,0.15244782,0.058125354,0.28280658,-0.3985877,0.17571194
-0.5580826,0.045131404,-0.26279485,-0.45735353,-0.5482253,-0.47487262,-0.13615404,-0.5031613,-0.6131443,0.2361623,0.666872,0.5265747,0.7918676,0.9708926,0.9108243,-0.41852778,0.7939013,-0.07401761,0.88638663,-0.20386031,0.8947909,0.558474,0.5170542,0.27479264,0.040310573,0.51128155,0.45466757,0.6631174,0.07166511,0.8343958,-0.31689152,-0.79992527,-0.5726307,0.40688878,0.15638363,-0.4112162,-0.088371575,-0.25375593,0.098421216,-0.04165633,0.14248832,0.5346984,-0.0684308,-0.17070453,-0.24362469,-0.06481051,0.45225346,0.45605075,-0.38372523,0.111097604,-0.26608533,-0.28932077,-0.22394651,-0.035631947,-0.53110594,-0.47647685,-0.19338413,-0.59101,0.27979577,0.69148064,0.61225355,0.7929981,0.9264405,0.925068,0.9333629,0.94666076,-0.20611209,0.66468537,0.57393444,-0.18724243,0.61815834,0.14352357,0.50007904,-0.2855223,0.38839918,0.12021235,0.50019944,0.67744064,-0.34426248,-0.42841068,-0.31491297,-0.23424757,-0.25878486,-0.31339335,-0.2309723,-0.37063938,-0.0040605995,0.07345278,-0.25401902,-0.09393524,-0.03554355,0.08639465,-0.074514024,-0.16808742,0.071919635,-0.18514581,-0.22266261,0.22217098,-0.5346549,0.15923049
-0.68256307,-0.1668745,-0.25797856,-0.47568044,-0.44834915,-0.34745938,-0.32215872,-0.5791994,-0.52041614,0.2933657,0.68377215,0.53001904,0.71644044,0.9108243,0.962801,-0.5724227,0.6928451,-0.26344332,0.77971685,-0.09622529,0.8290229,0.4971731,0.4074102,0.23645833,-0.025567241,0.49670023,0.40673262,0.70129406,0.17416266,0.7943705,-0.32603842,-0.8322985,-0.6125207,0.3692972,0.15788028,-0.281651,0.07487531,-0.33694398,0.047621466,-0.114789814,0.10627526,0.5651802,-0.07144846,-0.28804323,-0.2979802,-0.15807864,0.44265854,0.4418919,-0.3878124,0.09750353,-0.3477406,-0.4592847,-0.42118305,-0.09162359,-0.4535746,-0.3630852,-0.3965302,-0.54909,0.38684094,0.6246178,0.5896712,0.7629721,0.8536085,0.8334497,0.87081087,0.9406252,-0.3574772,0.5166694,0.5483407,-0.359204,0.5512175,0.05279643,0.41033858,-0.33528268,0.35161304,0.07035465,0.54449165,0.6595987,-0.37345192,-0.50168216,-0.26153988,-0.07547718,-0.18332551,-0.29118755,-0.20615599,-0.24222174,0.16334124,0.22684613,-0.112856746,-0.123625234,0.024633884,0.052534968,-0.08500819,-0.087865606,0.11104163,-0.27436718,-0.32698047,0.25425643,-0.52116495,0.14301692
0.7032832,0.71722007,0.20720622,0.4966352,0.118483454,-0.047757793,0.83123493,0.6895377,0.14519024,-0.15587758,-0.35896075,-0.18006524,-0.2339678,-0.41852778,-0.5724227,0.9517712,-0.20164275,0.6264586,-0.24689755,-0.32441473,-0.34949046,-0.08812018,0.042921215,0.21892814,0.22944914,-0.22230127,-0.20541099,-0.4551267,-0.12726955,-0.42394805,0.11138637,0.6716203,0.6980148,-0.16668549,0.07529932,-0.2522285,-0.44906294,0.4905533,0.11833004,0.3550838,0.015824812,-0.48801035,0.28917423,0.43515152,0.5589552,0.17046002,-0.35633212,-0.3972365,0.11492704,-0.14471895,0.20825043,0.7192819,0.7905141,0.08301241,0.18042764,-0.001598196,0.77608407,0.28795654,-0.33156282,-0.07587403,-0.08155303,-0.32610083,-0.3066951,-0.2885648,-0.36293426,-0.5029425,0.67239213,0.09506628,-0.19456473,0.6153,-0.23185408,0.23260105,-0.054577544,0.546136,0.21954283,0.20511195,-0.20629531,-0.31033653,0.57416755,0.32608926,0.32722825,-0.30520278,0.1492621,0.45914105,0.25266564,-0.06646253,-0.53209597,-0.3255794,-0.35038072,0.24341841,-0.29945618,-0.039980292,0.089948446,0.20151497,-0.025026547,0.34894425,0.3905997,-0.35488173,0.18318932,-0.14636272
-0.43962926,0.2366792,-0.42684174,-0.5296974,-0.8081168,-0.71402323,0.08541628,-0.53924465,-0.7945441,0.3268155,0.6735644,0.6154125,0.866507,0.7939013,0.6928451,-0.20164275,0.9508446,0.25879458,0.90031195,-0.22676,0.8499027,0.78281987,0.7370665,0.41461316,0.3349536,0.5820333,0.6523142,0.6464828,-0.10019344,0.8782835,-0.055967227,-0.6874293,-0.5899471,0.6035311,0.31947827,-0.41002947,-0.17455912,-0.023150846,0.31193423,0.18014085,0.31710044,0.62552,-0.12647322,0.1966376,-0.24102622,0.2710992,0.5534815,0.64195967,-0.36242723,0.23150723,-0.0017348821,-0.11638333,0.06776776,0.044324562,-0.7701124,-0.6869398,0.023950664,-0.75956285,0.27525416,0.7079239,0.6068166,0.76815313,0.7587124,0.76974857,0.75325227,0.75415045,0.10689709,0.84685665,0.6190876,0.21100527,0.7106119,0.43278605,0.7286227,-0.089353696,0.465622,0.31051183,0.40046942,0.7515001,-0.3440668,-0.18762499,-0.39435697,-0.28131986,-0.44943178,-0.42770666,-0.16995509,-0.29356462,-0.113539875,-0.12896176,-0.2724124,0.10753982,0.09833093,0.27156326,0.12109692,-0.24368618,0.097315714,0.16687265,0.11830975,0.35676336,-0.45052415,0.293113
0.355084,0.6661248,-0.02737581,-0.031154646,-0.42058524,-0.38274264,0.651889,0.2670718,-0.2598841,-0.19194761,-0.13281143,-0.014643402,0.12503414,-0.07401761,-0.26344332,0.6264586,0.25879458,0.9480683,0.16935667,-0.34358382,0.088260844,0.3630724,0.5027121,0.38656318,0.3667131,0.20969278,0.09435503,-0.06498678,-0.20196494,0.09829958,0.04088398,0.28604054,0.25799313,0.27525464,0.16103598,-0.4049906,-0.5223814,0.21996042,0.087247744,0.20778649,0.013928407,-0.09925698,0.018188197,0.44315305,0.23365524,0.29761618,-0.0928493,0.005106207,-0.1666336,-0.09800184,0.20534194,0.5288627,0.72734916,-0.007830923,-0.27734095,-0.32054913,0.70521307,-0.11539812,-0.39045918,0.06292808,-0.05473625,-0.027939562,-0.06369606,-0.019881453,-0.028213313,-0.14762753,0.5522753,0.5025689,0.270558,0.8693576,0.23496878,0.54788613,0.4810611,0.22725329,0.27404308,0.38446242,0.009213954,0.12735426,0.17226383,0.18576759,0.09784126,-0.53724265,-0.23186788,0.084413156,0.19498527,-0.30185091,-0.5748366,-0.36661327,-0.46953583,0.08335317,-0.2749582,-0.02933738,-0.036104724,-0.18892717,-0.14795074,0.3833025,0.3617185,-0.21033087,-0.10820396,-0.080463454
-0.4536817,0.21642125,-0.40128398,-0.42633677,-0.6956915,-0.6883136,0.07474385,-0.47505063,-0.7503326,0.24531057,0.6230037,0.5268846,0.82033724,0.88638663,0.77971685,-0.24689755,0.90031195,0.16935667,0.96729416,-0.18247664,0.91988015,0.6802404,0.69440997,0.3425773,0.15660858,0.48108828,0.57489324,0.5898523,0.007265231,0.84925777,-0.1594851,-0.7491369,-0.57755136,0.5381789,0.28709722,-0.41673172,-0.13047531,-0.0684736,0.27226472,0.14253417,0.30546832,0.51804334,0.002710863,0.035940357,-0.1455715,0.11878852,0.5569851,0.5804408,-0.3953465,0.24402855,-0.09425993,-0.15220827,0.022347014,0.107006684,-0.7170119,-0.68325526,-0.0033052317,-0.7023238,0.21684663,0.6862633,0.5778504,0.7426394,0.8482547,0.87103885,0.8763946,0.8546825,0.045276914,0.80485564,0.58490443,0.07391408,0.7431382,0.2734725,0.6330111,-0.134973,0.43098137,0.15064947,0.4694618,0.69887483,-0.26005697,-0.24368805,-0.39925945,-0.2686847,-0.29775202,-0.36622965,-0.28694972,-0.40047765,-0.06623696,-0.13727303,-0.26585954,0.07538593,-0.005355947,0.2269833,0.06626463,-0.16615732,0.16719171,-0.016194444,-0.020231593,0.31035018,-0.51353973,0.29749438
-0.057313137,-0.4565336,-0.2575201,0.21971147,0.28858185,0.057168104,-0.25774926,-0.12515603,0.16465035,0.01748883,-0.23876724,-0.2984015,-0.34691882,-0.20386031,-0.09622529,-0.32441473,-0.22676,-0.34358382,-0.18247664,0.9235363,-0.115244314,-0.33148342,-0.17134291,-0.4259565,-0.4037481,-0.49379382,0.16551504,-0.29869407,0.31058168,-0.23974395,0.31428325,-0.14932047,-0.26133078,0.0038235101,0.07021114,0.8309641,0.7391082,0.17520183,0.25626555,0.13274805,0.38568658,-0.107059315,0.25082707,-0.07278778,0.06539345,0.08976002,0.3686139,0.27322268,0.3050319,0.5836424,0.23593074,-0.3028912,-0.19662184,0.5172771,-0.04650636,-0.035919543,-0.31899044,0.037782796,0.07812618,-0.39024368,-0.29478484,-0.33000296,-0.27577433,-0.23280935,-0.15370414,-0.1052624,-0.042065572,-0.42571974,-0.40378034,-0.29852667,0.13927105,-0.5064561,-0.30446747,0.0031723464,-0.41726315,-0.6271508,-0.05716606,-0.30194837,0.09658095,0.36546516,-0.33703253,0.6521371,0.36389357,-0.22615549,-0.45087385,0.18987934,0.7279435,-0.18253279,0.842939,0.27806127,0.30884296,0.340835,0.32268015,0.22556776,0.44387057,-0.11749757,0.066597685,0.47738853,0.33505857,0.5403534
-0.5757706,0.06656995,-0.38083196,-0.482247,-0.6602856,-0.6037481,-0.047740214,-0.5131234,-0.69124126,0.23523691,0.6080189,0.49423915,0.7626611,0.8947909,0.8290229,-0.34949046,0.8499027,0.088260844,0.91988015,-0.115244314,0.9567506,0.6671611,0.6981299,0.37659407,0.094660684,0.52423227,0.53505796,0.654864,0.12441535,0.86575747,-0.23603964,-0.7929599,-0.5946044,0.55217004,0.27089128,-0.3620333,-0.035701513,-0.17226297,0.19109511,0.060279474,0.23793861,0.53266025,-0.0047736336,-0.077020645,-0.18501031,0.016820539,0.5256074,0.555254,-0.47251156,0.1957613,-0.21808884,-0.29127353,-0.11144447,0.01831447,-0.68156934,-0.6109189,-0.13710138,-0.6693584,0.2373495,0.61559594,0.5415696,0.7301604,0.828695,0.84498847,0.897843,0.8855351,-0.07292476,0.75079995,0.66432893,-0.014538454,0.78196156,0.24864495,0.64539564,-0.19538122,0.437423,0.14350906,0.5799661,0.7401221,-0.29191548,-0.346308,-0.3135507,-0.20537406,-0.24509461,-0.3327664,-0.24061012,-0.36987966,0.028632183,-0.0019814041,-0.20503265,0.022086037,-0.028118178,0.15069778,0.0022239632,-0.12651414,0.16718605,-0.106777884,-0.121558785,0.2925238,-0.5860271,0.24842438
-0.5073961,0.13012129,-0.54585725,-0.6065231,-0.89100766,-0.6973052,0.07772194,-0.59073937,-0.8129127,0.52594244,0.71174943,0.7347454,0.726344,0.558474,0.4971731,-0.08812018,0.78281987,0.3630724,0.6802404,-0.33148342,0.6671611,0.95830053,0.80349314,0.680848,0.64566755,0.7385195,0.53420985,0.71586204,-0.14934033,0.8092196,0.044617333,-0.4819792,-0.4560325,0.7165225,0.51928544,-0.442127,-0.17506042,0.017290974,0.32495493,0.25602072,0.27947843,0.6996032,-0.16032496,0.2910806,-0.26577437,0.29839313,0.44303188,0.5993563,-0.53944963,0.06085031,-0.04088496,-0.21904388,0.041332714,-0.18342775,-0.7852783,-0.63637316,-0.060166284,-0.81327814,0.4191671,0.6359994,0.540843,0.62105674,0.4983341,0.4923141,0.47968158,0.51849866,0.18873706,0.77291036,0.7031908,0.41415578,0.56900346,0.7374264,0.8330889,0.09581269,0.6397536,0.6221242,0.41311055,0.82899165,-0.3114851,-0.2180327,-0.14602213,-0.1801419,-0.52833277,-0.2886391,0.12202448,0.032506447,-0.13499624,0.08941311,-0.29709893,0.19351338,0.19387937,0.21102664,0.18936156,-0.13492392,0.122314274,0.32795966,0.2084865,0.33370474,-0.5188259,0.15303999
-0.3671903,0.25700217,-0.49802926,-0.41024697,-0.79273623,-0.7296495,0.2572401,-0.36656195,-0.7124443,0.28269416,0.43360275,0.44980228,0.57216215,0.5170542,0.4074102,0.042921215,0.7370665,0.5027121,0.69440997,-0.17134291,0.6981299,0.80349314,0.92149734,0.60568225,0.41129327,0.5321028,0.493115,0.5164476,0.015192766,0.6985241,0.0077091744,-0.42861354,-0.35788795,0.656739,0.45467353,-0.37271798,-0.143002,0.0932201,0.336792,0.3049986,0.31376386,0.4340672,0.051360376,0.24755728,-0.03731788,0.23685654,0.4220578,0.5257543,-0.5487374,0.1626201,-0.04281615,-0.09714377,0.23385575,0.0064222068,-0.780414,-0.6950189,0.12159698,-0.68135476,0.14603817,0.43818188,0.3545245,0.4531117,0.45243257,0.47494024,0.5209922,0.4862802,0.31228125,0.788872,0.6691172,0.4877716,0.73355913,0.60449624,0.82251847,0.13847178,0.55035114,0.39949983,0.49262694,0.7077952,-0.11952077,-0.112797484,-0.13843893,-0.23373407,-0.31115115,-0.21726869,-0.02499874,-0.18193243,-0.13537426,-0.10369553,-0.26325554,0.24618143,-0.006950261,0.20648304,0.16989869,-0.044244677,0.2227529,0.21834835,0.18886013,0.25743973,-0.5328697,0.22808498
-0.30781382,0.18285343,-0.18059686,-0.27872002,-0.51655567,-0.31896818,0.24563584,-0.13013287,-0.39156848,0.3735773,0.41913393,0.49917364,0.3964772,0.27479264,0.23645833,0.21892814,0.41461316,0.38656318,0.3425773,-0.4259565,0.37659407,0.680848,0.60568225,0.91449666,0.52207625,0.640674,0.16357903,0.5555851,0.14090163,0.44139397,-0.19325703,-0.072720364,0.08432169,0.4085377,0.42909467,-0.50550234,-0.2307707,0.01098638,0.07325098,0.17665401,-0.009154746,0.30948737,0.030929953,0.16253108,0.054418154,-0.0073338742,-0.03403284,0.065265656,-0.603479,-0.29330802,-0.35702896,-0.111994445,0.08412944,-0.44322428,-0.33304602,-0.22633813,0.037172176,-0.37037438,0.26449573,0.41420043,0.42726123,0.38606775,0.28436244,0.2275019,0.25296196,0.22045836,0.19836299,0.58577037,0.66688645,0.40178484,0.29697716,0.67251426,0.60888374,0.25810137,0.811552,0.69151497,0.5466169,0.5956384,0.04893122,-0.39376593,0.4097798,-0.2076045,-0.17211002,0.2515639,0.4826134,0.09801613,-0.23704371,0.3587814,-0.38790798,0.10710052,-0.17261302,-0.15393972,-0.0069420673,0.17031991,0.050751805,0.20520768,0.06162647,-0.08301193,-0.52457035,-0.20476967
-0.06103494,0.23581478,-0.30559105,-0.3837628,-0.59674525,-0.39117616,0.21872225,-0.33072025,-0.4307831,0.5713323,0.4555415,0.617265,0.35644603,0.040310573,-0.025567241,0.22944914,0.3349536,0.3667131,0.15660858,-0.4037481,0.094660684,0.64566755,0.41129327,0.52207625,0.9493192,0.497122,0.36447728,0.3547548,-0.5027581,0.35279316,0.4153501,0.05075525,-0.10116033,0.30936882,0.2781874,-0.26414743,-0.32176176,0.3420697,0.40718484,0.43877482,0.22728997,0.54217476,-0.34541607,0.6407979,-0.31337595,0.5835174,0.13572025,0.34175313,-0.14150946,-0.024338815,0.29589552,0.12583426,0.25635156,-0.21593916,-0.44067678,-0.31799412,0.122669026,-0.46533486,0.40489787,0.38118,0.3540995,0.23698622,0.042692896,0.02550251,-0.08674791,-0.019932497,0.43670046,0.3998642,0.28412545,0.5583818,0.05086784,0.82525915,0.55083275,0.42822063,0.42696267,0.74864364,-0.08686994,0.4574396,-0.25753188,0.14655107,-0.0045424635,-0.113802776,-0.64439356,-0.21492702,0.371912,0.41126812,-0.3308589,-0.0036363779,-0.24048612,0.37864587,0.42347497,0.32679933,0.3972693,-0.11238885,-0.022393212,0.7230694,0.5781104,0.26694945,-0.04396257,0.052846495
-0.5325496,-0.0045722723,-0.06699997,-0.77990174,-0.6944877,-0.22720538,-0.17896172,-0.48564506,-0.4519974,0.24014953,0.5932649,0.579986,0.62494576,0.51128155,0.49670023,-0.22230127,0.5820333,0.20969278,0.48108828,-0.49379382,0.52423227,0.7385195,0.5321028,0.640674,0.497122,0.9530687,0.27436298,0.82915556,-0.08189413,0.73824215,-0.30227792,-0.36189657,-0.28375328,0.42643958,0.14061597,-0.5445808,-0.32292357,-0.42324078,-0.19183998,-0.23748735,-0.2592397,0.6452157,-0.4835508,0.025109313,-0.47155732,0.017498095,0.004993551,0.22388159,-0.5370006,-0.3804568,-0.33155668,-0.25338852,-0.22009799,-0.64800894,-0.38054138,-0.15754305,-0.16126898,-0.44796747,0.23965466,0.48953763,0.4439413,0.64270425,0.47317076,0.41494203,0.43848002,0.47385508,-0.23746225,0.6219979,0.8175177,0.20408233,0.33949855,0.6744071,0.7359967,-0.26755723,0.5358891,0.7357269,0.46137208,0.75963485,-0.5188929,-0.56600547,0.18242037,-0.40095323,-0.56599665,-0.15266514,0.46560234,-0.058857307,-0.2713163,0.43196648,-0.4556851,-0.28998566,-0.070029475,-0.23648986,-0.28119013,-0.37853384,-0.34371406,0.13751519,-0.10233112,-0.066297084,-0.5341225,-0.31508347
-0.2286652,0.11463718,-0.45170552,-0.3775301,-0.6059658,-0.57271636,0.054396547,-0.54736483,-0.54836535,0.45396587,0.523608,0.51536113,0.5854455,0.45466757,0.40673262,-0.20541099,0.6523142,0.09435503,0.57489324,0.16551504,0.53505796,0.53420985,0.493115,0.16357903,0.36447728,0.27436298,0.85157156,0.37195873,-0.16044328,0.6014812,0.3794933,-0.545046,-0.6223931,0.39335704,0.20283526,0.10690874,0.09223153,0.315703,0.59858024,0.4386297,0.57181,0.6214639,-0.16716427,0.47373593,-0.32668844,0.6113446,0.62382126,0.7608031,0.064399034,0.56655115,0.39638364,-0.05191285,0.105509914,0.30330545,-0.6806863,-0.5755025,-0.026255876,-0.6208205,0.38911211,0.46291733,0.47054708,0.4697051,0.41314688,0.45007342,0.38940942,0.45761245,0.2782029,0.4920804,0.2104162,0.1504765,0.5647801,0.29017347,0.5129287,0.1311891,0.19125356,0.13699776,0.109711036,0.46997902,-0.34473068,0.25843218,-0.5529183,0.08781767,-0.40878296,-0.60214996,-0.24502629,0.05089262,0.14125477,-0.3022911,0.19807057,0.4363703,0.46061143,0.6188904,0.49688798,-0.14853716,0.24447766,0.45695725,0.48239166,0.684111,0.023000177,0.6129819
-0.739274,-0.19640861,-0.23558334,-0.73318535,-0.63842237,-0.2831594,-0.3294805,-0.6512157,-0.52024543,0.41184312,0.73094755,0.66370606,0.6929848,0.6631174,0.70129406,-0.4551267,0.6464828,-0.06498678,0.5898523,-0.29869407,0.654864,0.71586204,0.5164476,0.5555851,0.3547548,0.82915556,0.37195873,0.92725766,0.046563555,0.8256584,-0.2843989,-0.6117271,-0.4931056,0.4524594,0.20473298,-0.40432346,-0.06929919,-0.39071637,-0.04279674,-0.14594953,-0.06754333,0.7363919,-0.3489002,-0.11534661,-0.48826885,-0.03927821,0.23806855,0.38187748,-0.553003,-0.17323479,-0.3919501,-0.47909737,-0.41174525,-0.46972498,-0.46638107,-0.24997589,-0.39956543,-0.56980383,0.4471882,0.5708748,0.5587925,0.7377237,0.61007774,0.55492437,0.5865093,0.6628799,-0.31350535,0.5683367,0.76592743,-0.065592706,0.44179106,0.4842627,0.65211487,-0.25613487,0.52326417,0.5273057,0.56157476,0.82537967,-0.5284593,-0.5988025,0.014612154,-0.1573199,-0.43141177,-0.23126629,0.24521096,0.006136582,0.0044859867,0.45934382,-0.2485621,-0.16116232,0.07624925,-0.0817052,-0.13310665,-0.19843157,-0.08383541,-0.00059750676,-0.17712161,0.1617375,-0.5792112,-0.09483574
-0.2588898,-0.29659215,0.0170228,0.24165468,0.27933514,0.18117444,-0.11675009,0.15225124,0.17181647,-0.09819925,-0.10473188,-0.190645,-0.16087228,0.07166511,0.17416266,-0.12726955,-0.10019344,-0.20196494,0.007265231,0.31058168,0.12441535,-0.14934033,0.015192766,0.14090163,-0.5027581,-0.08189413,-0.16044328,0.046563555,0.8639145,-0.089789,-0.44475394,-0.122191384,0.1319117,0.048605964,0.18374112,0.14675285,0.4387037,-0.22571582,-0.2244119,-0.19007179,-0.07611998,-0.26997048,0.46460116,-0.46743572,0.39100903,-0.52614754,-0.0460995,-0.20204957,-0.25126392,-0.0439987,-0.5497399,-0.3788878,-0.2874571,-0.03153415,0.14216635,0.14384055,-0.27832887,0.14960189,-0.007118032,-0.12549716,-0.02008097,-0.021392222,0.059933536,0.025738962,0.18765321,0.12534162,-0.27418104,-0.102419466,0.14468917,-0.34183642,0.18601224,-0.3596704,-0.15801787,-0.11465276,0.19536844,-0.27380574,0.57278407,-0.032144397,0.37564623,-0.37611723,0.33536536,0.25942528,0.65483546,0.42960912,0.0021874525,-0.096475944,0.4453907,0.32865977,0.2354776,-0.11494501,-0.38188478,-0.33843952,-0.24462992,0.4552822,0.27217236,-0.49954206,-0.43057996,-0.14753234,-0.25452542,-0.048468135
-0.6537867,0.0077480897,-0.40338868,-0.741706,-0.8185012,-0.58653367,-0.17247452,-0.70713127,-0.7449613,0.36943626,0.75494224,0.6676781,0.8512559,0.8343958,0.7943705,-0.42394805,0.8782835,0.09829958,0.84925777,-0.23974395,0.86575747,0.8092196,0.6985241,0.44139397,0.35279316,0.73824215,0.6014812,0.8256584,-0.089789,0.9798759,-0.13411379,-0.781341,-0.6976374,0.59487015,0.24537833,-0.40371126,-0.1237144,-0.23974973,0.17302945,0.01578642,0.17454651,0.7802006,-0.29170564,0.04784801,-0.46925786,0.16803052,0.4916416,0.64109087,-0.46234798,0.107752964,-0.12852669,-0.3233198,-0.1828275,-0.15996644,-0.72091687,-0.5571139,-0.21061203,-0.7551296,0.3650065,0.67163205,0.5877125,0.8022462,0.7569951,0.75476664,0.7677883,0.81784165,-0.12191713,0.7600282,0.73276895,0.06952238,0.679591,0.47370315,0.776013,-0.2392388,0.44106936,0.39515838,0.4814672,0.86512196,-0.55321854,-0.36098164,-0.32455963,-0.2477069,-0.5471091,-0.48429465,-0.06997459,-0.2013528,-0.04601344,0.10726641,-0.25173327,-0.025291413,0.13604656,0.17210789,0.02125898,-0.31591523,0.005973519,0.08171339,-0.027719855,0.3434434,-0.5418808,0.17739831
0.24865583,0.04525766,-0.4099524,0.09903355,-0.07906956,-0.2764604,0.17003128,-0.19029742,-0.13264412,0.43251154,0.028785624,0.14712998,-0.10594131,-0.31689152,-0.32603842,0.11138637,-0.055967227,0.04088398,-0.1594851,0.31428325,-0.23603964,0.044617333,0.0077091744,-0.19325703,0.4153501,-0.30227792,0.3794933,-0.2843989,-0.44475394,-0.13411379,0.8910862,0.09484334,-0.21550977,0.044589296,0.15808113,0.45280233,0.18075359,0.691863,0.7063997,0.66321146,0.63140404,0.20506418,-0.044013545,0.62466514,-0.12582469,0.72014546,0.40523255,0.4624954,0.42179745,0.5795988,0.7583952,0.16998592,0.28904122,0.49625456,-0.2635571,-0.2945565,0.081250004,-0.21524462,0.29975113,-0.063278936,-0.029900387,-0.2699685,-0.32163846,-0.26548114,-0.38984776,-0.29884577,0.5619459,-0.16484194,-0.46315145,0.25963348,-0.0602023,0.144021,-0.010764748,0.5236021,-0.21716362,-0.044738363,-0.523545,-0.11213015,-0.056998976,0.7771349,-0.47858983,0.4152875,-0.25520813,-0.42993617,-0.2508766,0.496061,0.14129704,-0.46411604,0.43952674,0.69237804,0.7388474,0.77346206,0.7946546,0.07471685,0.35236695,0.6206999,0.7300039,0.65980583,0.5043326,0.5950611
0.6968914,0.27630192,0.44295216,0.4952901,0.4733042,0.45304146,0.400218,0.7043413,0.57592905,-0.30490047,-0.60661435,-0.44945157,-0.6523433,-0.79992527,-0.8322985,0.6716203,-0.6874293,0.28604054,-0.7491369,-0.14932047,-0.7929599,-0.4819792,-0.42861354,-0.072720364,0.05075525,-0.36189657,-0.545046,-0.6117271,-0.122191384,-0.781341,0.09484334,0.92412865,0.80730116,-0.44016194,-0.19413966,0.062231667,-0.24372277,0.2368525,-0.20529449,0.015768943,-0.29548097,-0.6083313,0.07798655,0.21120042,0.35787672,-0.004589754,-0.6477561,-0.65541565,0.3015558,-0.34145278,0.1451735,0.5178534,0.39890778,-0.1280477,0.59231716,0.4868643,0.44683993,0.63931286,-0.3771799,-0.49511108,-0.4428535,-0.64967316,-0.7096025,-0.715785,-0.7566342,-0.8376208,0.28455484,-0.44186446,-0.43279797,0.3231046,-0.6359767,0.0009814207,-0.40298814,0.31435323,-0.1427629,0.08920582,-0.43043357,-0.6261164,0.45648563,0.27070266,0.5001867,-0.08629137,0.2285538,0.5251501,0.4163871,0.18173045,-0.3286345,-0.06025258,-0.091993146,-0.0076450557,-0.23362339,-0.2650736,-0.0952,0.1362203,-0.24185908,0.2148374,0.21127081,-0.48772436,0.41749388,-0.37946105
0.6026925,0.33218354,0.54900235,0.5677645,0.5196544,0.4709585,0.4478923,0.8296601,0.5718399,-0.3710933,-0.55961525,-0.4361344,-0.53738356,-0.5726307,-0.6125207,0.6980148,-0.5899471,0.25799313,-0.57755136,-0.26133078,-0.5946044,-0.4560325,-0.35788795,0.08432169,-0.10116033,-0.28375328,-0.6223931,-0.4931056,0.1319117,-0.6976374,-0.21550977,0.80730116,0.9553593,-0.46965283,-0.16273813,-0.15859526,-0.29841065,0.101665564,-0.34708023,-0.07232935,-0.41000974,-0.71213305,0.23354074,-0.0024927394,0.5393828,-0.28201395,-0.7532933,-0.8356328,0.10131756,-0.4968332,-0.17301337,0.473572,0.35625333,-0.23142046,0.65615785,0.522521,0.44640267,0.68412447,-0.42143673,-0.35542423,-0.29327756,-0.4807858,-0.46052015,-0.48743623,-0.49679324,-0.6265274,0.19805288,-0.29847765,-0.24938783,0.1986728,-0.5419527,-0.061690878,-0.3946002,0.26573795,0.061957926,0.0948411,-0.12764451,-0.5325376,0.5814167,0.0038216794,0.69475627,-0.20128557,0.4113034,0.7556046,0.46904534,-0.00987406,-0.37125114,0.09971231,-0.27007326,-0.12216604,-0.52345145,-0.4773547,-0.2775374,0.26784855,-0.23223911,-0.02127882,-0.029560864,-0.6965889,0.17349514,-0.5186317
-0.4816928,-0.052046716,-0.657956,-0.37898037,-0.6598691,-0.6553079,-0.024969686,-0.52232844,-0.7267478,0.35442328,0.47446725,0.45918453,0.47828197,0.40688878,0.3692972,-0.16668549,0.6035311,0.27525464,0.5381789,0.0038235101,0.55217004,0.7165225,0.656739,0.4085377,0.30936882,0.42643958,0.39335704,0.4524594,0.048605964,0.59487015,0.044589296,-0.44016194,-0.46965283,0.83163,0.616941,-0.16192818,0.12768331,-0.025952633,0.28198582,0.16915923,0.3470919,0.45137912,0.08747238,0.11151175,-0.0450783,0.15183043,0.5620988,0.5887548,-0.46704137,0.21393844,-0.021308377,-0.33086526,-0.015810424,0.06377224,-0.7366446,-0.63778055,-0.14347395,-0.73943216,0.2821817,0.367351,0.23774257,0.35184893,0.30992848,0.32030544,0.36706555,0.40335763,0.10565144,0.518988,0.47130525,0.31773236,0.5419393,0.42159218,0.5853679,-0.011521999,0.3903066,0.24580552,0.36383817,0.58770466,-0.107574925,-0.11226982,-0.2358892,0.041353993,-0.2203103,-0.22677949,-0.119868286,-0.013401885,0.13722593,-0.026230145,-0.032472312,0.16029608,0.171086,0.19498155,0.1615845,-0.012944015,0.30683059,0.099844754,0.06311579,0.3586659,-0.41898137,0.26871556
-0.31704202,-0.069416985,-0.70968246,0.05361688,-0.3395544,-0.54763645,0.13321106,-0.27938366,-0.55736965,0.53870493,0.39586756,0.44591564,0.23777883,0.15638363,0.15788028,0.07529932,0.31947827,0.16103598,0.28709722,0.07021114,0.27089128,0.51928544,0.45467353,0.42909467,0.2781874,0.14061597,0.20283526,0.20473298,0.18374112,0.24537833,0.15808113,-0.19413966,-0.16273813,0.616941,0.8478681,-0.017453449,0.28719872,0.2658062,0.4419103,0.42021284,0.5081104,0.21327472,0.4393783,0.15338163,0.27513096,0.07856531,0.5137395,0.4049865,-0.36175978,0.25956765,-0.028582461,-0.29097778,0.05624677,0.18550512,-0.53807825,-0.54775333,-0.14835039,-0.6017955,0.44981733,0.32291135,0.25666618,0.14735791,0.1017631,0.104985826,0.12931797,0.15649503,0.2960313,0.26538604,0.2004036,0.2595157,0.29389983,0.29099584,0.25880507,0.3607524,0.5077773,0.13337733,0.29469854,0.33727938,0.3287778,7.505575e-05,-0.056307122,0.3316243,0.11740729,0.11541299,-0.10465786,0.2596202,0.2675552,0.0053877602,0.12251309,0.42154384,0.22477356,0.26059657,0.37241346,0.4531479,0.59654,0.114941195,0.12222558,0.35848537,-0.27881068,0.33187002
