0,1,2,3,4,5,6,7,8,9,10,11,12,13,14,15,16,17,18,19,20,21,22,23,24,25,26,27,28,29,30,31,32,33,34,35,36,37,38,39,40,41,42,43,44,45,46,47,48,49,50,51,52,53,54,55,56,57,58,59,60,61,62,63,64,65,66,67,68,69,70,71,72,73,74,75,76,77,78,79,80,81,82,83,84,85,86,87,88,89,90,91,92,93,94,95,96,97,98,99
0.95008165,0.2857374,0.4068663,0.41316336,0.29109,-0.17100877,0.5826431,0.28766596,0.28278798,0.7103003,0.4329266,0.32283753,0.4291649,-0.32912737,-0.6326693,0.82282066,-0.4683687,-0.5649601,-0.35385787,-0.6659612,-0.8305243,-0.52529585,-0.79274344,0.25241983,0.68474555,-0.19737451,-0.8602958,-0.6786233,-0.69996214,-0.7247549,0.5895752,0.74768084,0.8408146,-0.8165818,-0.8060989,-0.2650562,-0.52876294,0.802974,0.5763843,0.6702014,-0.20513672,0.55292976,0.21195766,-0.61036515,-0.7332419,-0.4947245,-0.75242424,-0.81148857,-0.4120826,-0.20662221,0.9217831,0.47647512,0.5840051,0.37982476,0.15315121,0.15216646,0.30145615,0.13679853,0.55515265,0.17495051,0.2742796,0.36040875,-0.36096078,-0.4789843,-0.6227524,-0.5727949,0.26081803,-0.55694383,-0.77936625,-0.73844385,-0.8826295,-0.5814458,-0.8180588,0.66932535,-0.25398028,-0.054577738,-0.71166754,-0.5983907,0.8271285,0.8181541,-0.49034545,-0.6220138,-0.59488046,-0.7582567,-0.8790908,-0.73561585,-0.54100585,-0.79587954,-0.37383333,0.0022232342,0.8130207,0.89605343,0.7233926,0.5171737,-0.4152457,-0.57311726,-0.58100414,-0.7953968,-0.4016208,-0.12529388
0.2857374,0.9466562,0.62673926,0.9212222,0.8975954,-0.42468965,0.55086577,0.9030248,0.5353974,-0.12135704,-0.3236813,-0.4624776,0.12062814,0.28958663,-0.4660483,0.5065524,-0.12971136,0.33348018,0.16438681,-0.11998728,-0.28412896,-0.57862186,-0.5111968,-0.47119993,-0.20179039,-0.8106103,-0.25686616,-0.73702943,-0.69901854,-0.58098984,0.6947273,0.656227,0.4870036,-0.33939373,-0.42754722,0.020293396,-0.70453835,0.45788032,0.5136411,0.44844702,0.18506849,0.30113876,0.2717761,-0.45598352,-0.060474254,0.23062241,0.0022044745,0.033809386,-0.364828,0.11518325,0.23581561,0.5746385,0.55882585,0.9328633,-0.18178383,-0.34338832,0.88256216,0.852548,-0.2832885,-0.45960224,-0.3176034,0.021916443,-0.29587054,0.08329007,-0.20673436,-0.5149371,0.69277215,-0.42953825,-0.59950936,0.078203306,-0.40927228,-0.7426301,-0.38538742,0.037697896,-0.6554945,-0.7233393,-0.678092,-0.6991116,0.45152405,0.5645703,-0.65116286,-0.2281989,-0.012574949,-0.3446054,-0.37104866,-0.10370146,-0.7071138,-0.38704446,0.050178073,-0.26166958,0.45539224,0.21876228,0.4895622,-0.17686027,-0.23778722,-0.15598565,0.16249791,-0.051832654,-0.4379226,0.16178052
0.4068663,0.62673926,0.9001769,0.6139711,0.7327661,0.097363606,0.7698196,0.6562574,0.8154907,0.13586923,-0.0398036,-0.27099645,-0.03629462,0.072136775,-0.44202358,0.47391135,-0.46480405,0.106670365,-0.22260472,-0.0778313,-0.43503493,-0.7579069,-0.5840644,-0.10930775,0.0016324483,-0.55944926,-0.31199092,-0.6625602,-0.5375029,-0.6660155,0.4150619,0.47772247,0.44746512,-0.42668492,-0.4317075,0.2888142,-0.4037573,0.36280382,0.42940426,0.45986158,0.24592361,0.25413162,0.051419526,-0.4211055,-0.23357603,-0.061020095,-0.17230588,-0.15546602,0.07623935,0.13426478,0.3470335,0.800125,0.7343355,0.60541046,0.3717717,0.20960586,0.68055475,0.7174001,-0.05812925,-0.33377564,-0.31765574,-0.14340943,-0.4630466,-0.18909898,-0.40732718,-0.4673228,0.6777956,-0.64212036,-0.6105119,-0.090185314,-0.47262692,-0.7326889,-0.53384,0.4699965,-0.5185398,-0.49703392,-0.47412673,-0.70595825,0.35060886,0.4747329,-0.41873765,-0.15402639,-0.14655688,-0.3577637,-0.45656854,-0.21056224,-0.39289004,-0.4801446,0.19738325,0.07582141,0.40063643,0.30772293,0.5370042,-0.027190037,-0.26818103,-0.26564378,-0.123129755,-0.20606023,-0.019278755,0.17062175
0.41316336,0.9212222,0.6139711,0.95410526,0.88055646,-0.47163194,0.55750704,0.86763334,0.48694783,-0.017148718,-0.258973,-0.41298318,0.1475404,0.1683011,-0.58935136,0.59620714,-0.23784259,0.21067287,0.08145708,-0.17985123,-0.43329382,-0.61330974,-0.6377616,-0.43205866,-0.099624485,-0.8024981,-0.3517861,-0.7982516,-0.7819334,-0.6459255,0.77226365,0.74029577,0.6121608,-0.4359156,-0.5092678,0.0054350877,-0.7314595,0.5679687,0.6168081,0.56596243,0.20890701,0.4454457,0.38158584,-0.46188393,-0.11965486,0.18589213,-0.09435812,-0.09259972,-0.43525857,0.1542865,0.34571564,0.5673126,0.5479009,0.94025254,-0.20749313,-0.34879678,0.8398618,0.788252,-0.20631719,-0.4542126,-0.29163957,0.04392079,-0.3802817,-0.037184328,-0.33397654,-0.6290159,0.721103,-0.5284535,-0.71604437,-0.06732194,-0.543216,-0.8032979,-0.51376677,0.117482446,-0.7071881,-0.71294105,-0.7645205,-0.7577008,0.56996614,0.64572835,-0.7226124,-0.2887041,-0.040217545,-0.4364327,-0.48841548,-0.1801467,-0.73768497,-0.45175356,0.035736576,-0.21209672,0.57405066,0.33413315,0.5989713,-0.024052648,-0.20732836,-0.16232733,0.10784594,-0.15152481,-0.46200553,0.20848948
0.29109,0.8975954,0.7327661,0.88055646,0.93206227,-0.2794184,0.6227839,0.88003874,0.64280856,-0.10416076,-0.32310727,-0.48916888,-0.0030997312,0.19802758,-0.5089843,0.48780134,-0.28369272,0.32461226,0.0076435334,-0.030182911,-0.34110618,-0.65776783,-0.5567242,-0.41547534,-0.20232192,-0.7815273,-0.21709682,-0.7160822,-0.6569966,-0.6050385,0.61873627,0.59235764,0.47290638,-0.3163834,-0.38078564,0.17813641,-0.60058284,0.40236273,0.500059,0.4580104,0.29862368,0.3399073,0.25206682,-0.39016277,-0.022906968,0.19379061,0.014932981,0.036202937,-0.19846483,0.19022773,0.21540943,0.6611568,0.5932139,0.8790107,-0.026606116,-0.18743199,0.8630999,0.8792819,-0.29777676,-0.52587795,-0.4031359,-0.10348229,-0.41781104,-0.025603559,-0.30792093,-0.56235534,0.7601944,-0.5540322,-0.61835396,0.06822421,-0.421684,-0.7679253,-0.43928665,0.14428394,-0.68776226,-0.7155901,-0.60887134,-0.7296355,0.39724994,0.4968574,-0.5971134,-0.13410547,0.042515386,-0.29797256,-0.36523712,-0.055664353,-0.59646356,-0.35370433,0.17940511,-0.108186066,0.41361916,0.18820934,0.5105233,-0.11938234,-0.18319857,-0.113950804,0.1325661,-0.0385997,-0.25002778,0.22457415
-0.17100877,-0.42468965,0.097363606,-0.47163194,-0.2794184,0.9464484,0.08256172,-0.41405421,0.22327653,0.18445939,0.32302484,0.29186112,-0.24318075,-0.25270787,0.26807564,-0.29441667,-0.22143126,-0.14528301,-0.47060823,0.1584184,0.10360685,0.025986727,0.23989356,0.56714004,0.1611566,0.5511794,0.16305378,0.43185258,0.47766662,0.18122005,-0.5617479,-0.55713505,-0.4132285,0.22250763,0.29296413,0.30157882,0.57341516,-0.5259869,-0.5110836,-0.38986126,-0.072618924,-0.25972095,-0.4429074,0.15657654,-0.05141536,-0.4336002,-0.054131433,-0.041801676,0.79220486,-0.19354424,-0.10128008,0.12539735,0.09895238,-0.47164592,0.83487976,0.8354566,-0.31220454,-0.23271407,0.25594202,0.26893687,0.08385557,-0.21015075,-0.03151004,-0.25495598,-0.06564814,0.28773868,-0.28986388,-0.02281085,0.3376391,0.015739884,0.22331198,0.36705709,0.11225717,0.3618493,0.47380978,0.51932985,0.5567304,0.320718,-0.4327415,-0.4356463,0.6274821,0.29322374,-0.073505946,0.31680834,0.22651199,0.08327408,0.5967245,0.1637916,0.12685005,0.43598026,-0.46346387,-0.21068722,-0.32311797,-0.015959548,-0.012822324,-0.15180108,-0.36939627,-0.043666113,0.6894052,-0.25412884
0.5826431,0.55086577,0.7698196,0.55750704,0.6227839,0.08256172,0.8695352,0.5764661,0.7294793,0.41112578,0.25500578,0.048969813,0.21490733,-0.018736348,-0.43415028,0.6461648,-0.38313723,-0.07771807,-0.25226134,-0.38693345,-0.52027273,-0.68247277,-0.60817206,0.12842529,0.32350445,-0.3708853,-0.5547142,-0.6569338,-0.5844896,-0.6997558,0.4495964,0.5524426,0.5185583,-0.5839777,-0.60172427,0.034743287,-0.46985817,0.46006846,0.381899,0.4356482,-0.06528334,0.25322518,-0.042860143,-0.6138027,-0.5204267,-0.3359454,-0.45851552,-0.43205506,-0.075157456,-0.16943257,0.56187093,0.8095081,0.8403287,0.5653844,0.38171852,0.27931678,0.62959546,0.5597942,0.26009625,-0.02114159,0.0072240913,0.1295936,-0.33739603,-0.23362854,-0.42911312,-0.42557734,0.45355982,-0.5549486,-0.6285771,-0.27341628,-0.59077245,-0.62576914,-0.5897746,0.6111702,-0.27998403,-0.251662,-0.5379912,-0.6338736,0.47026813,0.5974872,-0.34720466,-0.375612,-0.4249749,-0.49672627,-0.5954449,-0.46535206,-0.47294492,-0.6651877,-0.111112714,0.013822934,0.46931428,0.48707494,0.5537559,0.039780647,-0.4639913,-0.54690564,-0.4028808,-0.48672116,-0.19589242,-0.11814326
0.28766596,0.9030248,0.6562574,0.86763334,0.88003874,-0.41405421,0.5764661,0.9522729,0.59220666,-0.12742329,-0.2821617,-0.45358163,0.15388647,0.3921265,-0.39308107,0.5032383,-0.07158598,0.36161804,0.2458317,-0.14563909,-0.23755461,-0.57759213,-0.47390628,-0.49487072,-0.20754619,-0.8308793,-0.2607666,-0.76014596,-0.6880569,-0.5877084,0.6778536,0.66073406,0.46728063,-0.3787586,-0.44960085,-0.0054652486,-0.724762,0.479169,0.52482873,0.44196182,0.15502101,0.2389023,0.22553092,-0.49639145,-0.10323225,0.24389443,-0.009341388,0.03833653,-0.37335435,0.11509899,0.22483563,0.61144286,0.5873489,0.89288366,-0.18330613,-0.32448524,0.91790473,0.8837623,-0.2727949,-0.42120594,-0.28755403,0.05929092,-0.21479163,0.17371956,-0.1320982,-0.4394325,0.6918947,-0.37705895,-0.5885285,0.09288396,-0.3763935,-0.7482778,-0.33992797,0.028715633,-0.6406355,-0.742187,-0.68103284,-0.7031745,0.43398264,0.5780071,-0.67029357,-0.2796954,-0.059263375,-0.38449386,-0.36967486,-0.13764185,-0.730032,-0.43970317,0.026818983,-0.33180505,0.45558017,0.23270108,0.49641943,-0.24001744,-0.30276915,-0.17939204,0.1656141,-0.041900102,-0.46810496,0.16684686
0.28278798,0.5353974,0.8154907,0.48694783,0.64280856,0.22327653,0.7294793,0.59220666,0.8645944,0.081686646,0.0055995733,-0.21224122,-0.023588978,0.18384601,-0.22159037,0.3715545,-0.28219938,0.19732356,-0.15272772,-0.08680442,-0.22915468,-0.6386769,-0.36220792,-0.048249498,-0.021975435,-0.4341548,-0.23636375,-0.5114796,-0.38131118,-0.5458949,0.25239423,0.31450444,0.242894,-0.2981581,-0.3151117,0.20485786,-0.323699,0.18408221,0.17826103,0.21706241,0.06620261,0.013885983,-0.17052662,-0.4629311,-0.23855916,-0.13647556,-0.12037546,-0.06573942,0.17938998,-0.0629623,0.26314527,0.77961147,0.73918766,0.50010467,0.44195807,0.30269665,0.6582027,0.6634865,-0.060812,-0.21733946,-0.24169964,-0.110424176,-0.28192592,-0.053314008,-0.2251522,-0.2544859,0.49974793,-0.458391,-0.3988734,0.045283325,-0.28169534,-0.54141283,-0.32887122,0.3888063,-0.32232237,-0.36427578,-0.31788656,-0.53905076,0.1781657,0.34788293,-0.2344698,-0.13004084,-0.20229061,-0.23289157,-0.29702693,-0.15758105,-0.31922522,-0.43010825,0.09374476,0.018045962,0.20185408,0.16585101,0.3135592,-0.2345145,-0.38871977,-0.36256465,-0.17976043,-0.14350688,0.01709271,-0.0317073
0.7103003,-0.12135704,0.13586923,-0.017148718,-0.10416076,0.18445939,0.41112578,-0.12742329,0.081686646,0.9327337,0.7800263,0.7349409,0.4680783,-0.44339845,-0.319812,0.5484263,-0.34373206,-0.73368156,-0.44802374,-0.6972653,-0.6340506,-0.19667968,-0.46807477,0.6942601,0.89663327,0.32989365,-0.74188614,-0.2416584,-0.28015363,-0.37404102,0.20550871,0.32265955,0.44267458,-0.64792186,-0.616578,-0.30440584,-0.12653984,0.43824422,0.19180395,0.35507607,-0.43553847,0.3535794,-0.021223255,-0.41847816,-0.79572994,-0.7384276,-0.8591797,-0.8987721,-0.14810741,-0.4244769,0.7628958,0.26907593,0.4109421,-0.03684855,0.38958862,0.45021287,-0.06528277,-0.25334287,0.8482792,0.5649166,0.5950829,0.46854737,-0.13339268,-0.51443803,-0.49428105,-0.23008418,-0.18204108,-0.29091984,-0.4406234,-0.77500474,-0.6544839,-0.11592219,-0.58567417,0.7428045,0.2523178,0.4604,-0.29649293,-0.15108751,0.4914645,0.44244218,-0.03883885,-0.56124616,-0.7019751,-0.5653039,-0.6605319,-0.7514888,-0.14008084,-0.6207814,-0.4839812,0.1255294,0.44038793,0.69222075,0.4000222,0.52125514,-0.34047043,-0.61307853,-0.79249954,-0.85474366,-0.14994004,-0.38243592
0.4329266,-0.3236813,-0.0398036,-0.258973,-0.32310727,0.32302484,0.25500578,-0.2821617,0.0055995733,0.7800263,0.8821849,0.8493439,0.45254177,-0.2541938,0.022175588,0.3022556,-0.048272505,-0.5729792,-0.2726012,-0.59578174,-0.29887375,0.041373134,-0.117140606,0.7704623,0.7937335,0.51652616,-0.5353229,0.017126068,-0.0030912731,-0.12665276,-0.050540414,0.056466118,0.12267824,-0.41579747,-0.39641047,-0.31550854,0.03325158,0.18597189,-0.06629231,0.09254411,-0.536854,0.023307351,-0.25949797,-0.3240921,-0.70119834,-0.69719493,-0.7050799,-0.7023566,-0.009347104,-0.51613677,0.51167256,0.11206728,0.26523802,-0.25905812,0.42161667,0.49522585,-0.21815242,-0.3930161,0.8335798,0.7484733,0.7223961,0.4867624,0.15494543,-0.2597502,-0.17415151,0.1064971,-0.4012441,0.03634496,-0.10167405,-0.5378256,-0.32354406,0.17715658,-0.24682426,0.57388306,0.537664,0.6420836,-0.031694923,0.11387314,0.20219187,0.19432342,0.22392228,-0.4406302,-0.6539546,-0.345007,-0.37099463,-0.6158902,0.028525192,-0.44638437,-0.4855836,0.07922723,0.15835701,0.45471245,0.1320627,0.29914153,-0.33734262,-0.5614009,-0.7220274,-0.6725623,-0.06123703,-0.4816869
0.32283753,-0.4624776,-0.27099645,-0.41298318,-0.48916888,0.29186112,0.048969813,-0.45358163,-0.21224122,0.7349409,0.8493439,0.93063617,0.4695909,-0.27850938,0.12646061,0.17433707,0.054348662,-0.6096921,-0.20353773,-0.5850761,-0.18264708,0.2427049,0.029931009,0.78815854,0.7864343,0.66082346,-0.44726247,0.18622959,0.13398445,0.05084455,-0.13418005,-0.07331009,0.0019423189,-0.31571767,-0.28283954,-0.421461,0.1382178,0.08237253,-0.18533802,-0.03489477,-0.6109308,-0.012023582,-0.2521173,-0.20999198,-0.6377744,-0.6761787,-0.65995324,-0.66413563,-0.045829453,-0.5608535,0.42179096,-0.085746065,0.0794259,-0.4040685,0.31322515,0.43156922,-0.39139917,-0.5748588,0.84613705,0.83664834,0.8028016,0.5323049,0.27405703,-0.2193501,-0.075887345,0.22230771,-0.5834214,0.1833227,0.042503774,-0.53039,-0.20548093,0.35645652,-0.10854986,0.44454724,0.66222763,0.77223873,0.08506046,0.3015174,0.12827909,0.063264005,0.31847745,-0.41146624,-0.61388314,-0.26108506,-0.2540877,-0.55584383,0.13325015,-0.31950152,-0.55544585,0.047789328,0.050420593,0.3743258,-0.021377688,0.30103022,-0.26442355,-0.49168777,-0.6816295,-0.6155366,-0.07255493,-0.53458065
0.4291649,0.12062814,-0.03629462,0.1475404,-0.0030997312,-0.24318075,0.21490733,0.15388647,-0.023588978,0.4680783,0.45254177,0.4695909,0.91980946,0.2196503,0.026422841,0.42201197,0.31936067,-0.35733503,0.30952948,-0.8068396,-0.17922139,0.076527104,-0.1375046,0.17243725,0.527803,0.031937897,-0.5427537,-0.25845096,-0.28066897,-0.16449574,0.40797693,0.4375409,0.27211958,-0.5830251,-0.58984196,-0.7256255,-0.41996515,0.47870576,0.17406206,0.17631604,-0.67100954,0.11660868,0.017886164,-0.49990696,-0.65437454,-0.29112694,-0.5859904,-0.5021916,-0.55535704,-0.5229385,0.49126726,0.13710147,0.2882877,0.19951952,-0.10779668,-0.03514215,0.1884241,-0.048107266,0.5511109,0.55110574,0.65619993,0.8957986,0.42003408,0.17607655,0.10106258,0.084079474,-0.2587523,0.2033188,-0.27635568,-0.44262186,-0.3632003,-0.040414833,-0.15000544,0.12778097,0.18144003,0.18234903,-0.4107039,-0.027652932,0.45330313,0.48611897,-0.2916594,-0.7844306,-0.6998348,-0.6012986,-0.42262363,-0.67824984,-0.4631871,-0.58059645,-0.76924354,-0.5776274,0.36734754,0.49997398,0.24221751,0.010242271,-0.52855384,-0.51918817,-0.37300086,-0.5250504,-0.6453662,-0.45626414
-0.32912737,0.28958663,0.072136775,0.1683011,0.19802758,-0.25270787,-0.018736348,0.3921265,0.18384601,-0.44339845,-0.2541938,-0.27850938,0.2196503,0.9023869,0.4627927,-0.15617749,0.67411923,0.51406157,0.79970384,-0.0041980385,0.5496853,0.1310086,0.37136132,-0.49181044,-0.42058456,-0.36929122,0.23985054,-0.08858575,0.025034608,0.12726761,0.09445887,0.069391735,-0.26005834,0.05539965,0.022821756,-0.22100177,-0.28290305,-0.010076721,-0.00490464,-0.18010718,-0.16251808,-0.40513027,-0.14683731,-0.1517585,0.111137465,0.44640207,0.29262018,0.4554962,-0.21765472,-0.03403527,-0.33792672,0.06702246,0.034943346,0.2629524,-0.29550338,-0.3170171,0.37214708,0.3738317,-0.32870987,-0.020636484,-0.029596161,0.22160017,0.5668682,0.83670247,0.6926657,0.42232987,0.03828585,0.49790752,0.19170006,0.46477437,0.37915596,-0.0038911798,0.4911629,-0.48662257,-0.06580897,-0.36112764,-0.0660236,0.03403903,-0.16509739,0.023126446,-0.2158772,-0.16680753,-0.011906177,-0.028127711,0.26522171,0.0751829,-0.3017184,-0.035480678,-0.12870145,-0.67539793,-0.13360178,-0.24400577,-0.12723175,-0.6469686,-0.2634562,0.05493283,0.41319817,0.3672126,-0.39030766,-0.00034544396
-0.6326693,-0.4660483,-0.44202358,-0.58935136,-0.5089843,0.26807564,-0.43415028,-0.39308107,-0.22159037,-0.319812,0.022175588,0.12646061,0.026422841,0.4627927,0.9383305,-0.6371087,0.6762614,0.22366759,0.474487,0.13715306,0.80093384,0.6054647,0.8593091,0.03745962,-0.22387525,0.42418823,0.49018142,0.64449704,0.714743,0.6545794,-0.5839128,-0.61848223,-0.7805951,0.42899126,0.45862854,-0.1698513,0.4356084,-0.5695125,-0.619069,-0.6924816,-0.3427369,-0.68243086,-0.47525844,0.26770937,0.17722979,0.12097192,0.2853582,0.41396987,0.2555592,-0.22254607,-0.552824,-0.38310096,-0.37354589,-0.50914097,0.007513182,0.100083835,-0.3625629,-0.32330483,-0.0649201,0.36504102,0.21556285,0.10863612,0.75006545,0.6148534,0.78824425,0.922877,-0.60355884,0.80198526,0.76353204,0.4147538,0.76165104,0.7010067,0.82766056,-0.43862188,0.58221465,0.36598194,0.6401339,0.6981659,-0.6425785,-0.57059586,0.5042384,0.13550597,0.019464213,0.37938243,0.6486275,0.21732539,0.43705684,0.3722909,-0.14430735,-0.30079818,-0.66477704,-0.50805676,-0.67411435,-0.52122235,-0.05972156,0.1317025,0.1739238,0.39361608,0.1402866,-0.2564783
0.82282066,0.5065524,0.47391135,0.59620714,0.48780134,-0.29441667,0.6461648,0.5032383,0.3715545,0.5484263,0.3022556,0.17433707,0.42201197,-0.15617749,-0.6371087,0.8784589,-0.36499637,-0.30968484,-0.20544901,-0.6155256,-0.7280791,-0.57471156,-0.7654046,0.09586828,0.519067,-0.3713727,-0.8036684,-0.7634357,-0.7986424,-0.7665597,0.68398374,0.8004536,0.795477,-0.741258,-0.7766804,-0.26153612,-0.6874193,0.7666663,0.5660949,0.6332017,-0.1864953,0.47412604,0.18416616,-0.7068517,-0.6409288,-0.3796469,-0.62141293,-0.6634409,-0.49377787,-0.23291436,0.80461454,0.5348124,0.6688495,0.5837201,0.035318412,-0.014509544,0.51918197,0.3489641,0.41285145,0.07129903,0.20355582,0.34958243,-0.32611358,-0.33262986,-0.5193362,-0.59221655,0.3769225,-0.5247006,-0.7722298,-0.52704823,-0.8078336,-0.65881777,-0.7397523,0.55314493,-0.33528477,-0.2069203,-0.7918731,-0.6771529,0.79009783,0.8396929,-0.54108965,-0.57887197,-0.4959011,-0.68571264,-0.7973124,-0.6255797,-0.69114476,-0.76929176,-0.343613,-0.08407305,0.774425,0.78453004,0.68342906,0.30031237,-0.46417785,-0.591294,-0.46088934,-0.67530817,-0.51226044,-0.154742
-0.4683687,-0.12971136,-0.46480405,-0.23784259,-0.28369272,-0.22143126,-0.38313723,-0.07158598,-0.28219938,-0.34373206,-0.048272505,0.054348662,0.31936067,0.67411923,0.6762614,-0.36499637,0.92285806,0.31624043,0.8074903,-0.08710698,0.6970326,0.5776001,0.67149085,-0.22209114,-0.22478445,0.10744926,0.28687987,0.324875,0.3368985,0.483912,-0.14637248,-0.21932447,-0.4972222,0.23426977,0.21384585,-0.47155637,-0.026537005,-0.21398646,-0.3138092,-0.44417238,-0.43079352,-0.49965692,-0.22513698,0.018181982,0.09881757,0.27499643,0.23561966,0.3598211,-0.25758678,-0.27187574,-0.41095242,-0.37260044,-0.30090153,-0.14943326,-0.40893385,-0.32131127,-0.07539415,-0.12706527,-0.08595273,0.33582366,0.31950948,0.39738375,0.8451568,0.81467146,0.8392272,0.68112254,-0.44695038,0.8438581,0.5247245,0.3934438,0.5686744,0.4755772,0.72468555,-0.60198265,0.36572647,0.12254846,0.22116318,0.48155773,-0.31046313,-0.22990873,0.12463145,-0.12395967,-0.034739483,0.15022607,0.45769465,0.10214743,-0.03719472,0.18155104,-0.36093062,-0.62770665,-0.3416766,-0.30436265,-0.44512734,-0.5361967,-0.16909677,0.052060485,0.28526127,0.32799655,-0.35851943,-0.2600829
-0.5649601,0.33348018,0.106670365,0.21067287,0.32461226,-0.14528301,-0.07771807,0.36161804,0.19732356,-0.73368156,-0.5729792,-0.6096921,-0.35733503,0.51406157,0.22366759,-0.30968484,0.31624043,0.8947155,0.41464835,0.5429032,0.5375206,-0.016432721,0.33664194,-0.55464613,-0.7539196,-0.42591774,0.5102827,0.019296309,0.071346335,0.1124094,-0.09262861,-0.16674608,-0.34212205,0.50753224,0.43423042,0.28203642,-0.099107295,-0.33280167,-0.13211203,-0.25651294,0.3260969,-0.39651614,-0.14749725,0.09527996,0.5681902,0.52866846,0.69257474,0.73684734,0.11059349,0.23295707,-0.6083906,0.0021130177,-0.067755654,0.2424156,-0.26408345,-0.36644202,0.3291174,0.46628326,-0.6961797,-0.45954067,-0.46239823,-0.36342782,0.1019993,0.5173019,0.42920354,0.15097572,0.30684128,0.20671278,0.31733763,0.8220146,0.5274,-0.047587205,0.45543766,-0.50154763,-0.21442041,-0.4797845,0.13575739,-0.05377778,-0.3948102,-0.25281605,0.025697183,0.46116078,0.5387559,0.4788589,0.5091258,0.6165296,-0.057456166,0.3880297,0.4101386,-0.08880629,-0.33461532,-0.546139,-0.28517812,-0.5983777,0.103257865,0.303017,0.5746064,0.6621563,0.030770406,0.21432635
-0.35385787,0.16438681,-0.22260472,0.08145708,0.0076435334,-0.47060823,-0.25226134,0.2458317,-0.15272772,-0.44802374,-0.2726012,-0.20353773,0.30952948,0.79970384,0.474487,-0.20544901,0.8074903,0.41464835,0.9429817,-0.05128915,0.55425113,0.36164615,0.44176346,-0.517348,-0.37625787,-0.27210316,0.25325376,0.02166916,0.05768869,0.28283405,0.1185611,0.06199561,-0.2579417,0.08746603,0.057738602,-0.39597684,-0.2716241,0.025247034,0.014527036,-0.17129967,-0.21475163,-0.33304977,0.009690223,-0.039665677,0.15718588,0.5166166,0.29958427,0.43119532,-0.42193964,-0.0293944,-0.3499351,-0.20408851,-0.20900503,0.16178113,-0.55931705,-0.5294647,0.20073596,0.16057432,-0.3009593,0.047753163,0.08867095,0.33321792,0.671342,0.85883915,0.7436335,0.4383699,-0.102263466,0.6410955,0.24608824,0.38297284,0.388128,0.14002478,0.556032,-0.6565663,-0.016591905,-0.2676612,-0.0648267,0.18350062,-0.119100705,-0.0016355328,-0.23850289,-0.21320042,0.0258797,-0.024813496,0.2950313,0.08241016,-0.30125895,0.06574023,-0.24004981,-0.7559606,-0.097599104,-0.22977442,-0.1703917,-0.518927,-0.13266733,0.1656312,0.48524356,0.38174614,-0.5156414,0.011604621
-0.6659612,-0.11998728,-0.0778313,-0.17985123,-0.030182911,0.1584184,-0.38693345,-0.14563909,-0.08680442,-0.6972653,-0.59578174,-0.5850761,-0.8068396,-0.0041980385,0.13715306,-0.6155256,-0.08710698,0.5429032,-0.05128915,0.9558476,0.4051748,0.09175435,0.3221072,-0.34854025,-0.7493283,-0.07428685,0.7595043,0.36643332,0.38712406,0.35078666,-0.44389695,-0.53690124,-0.44129086,0.7535428,0.75054115,0.7384131,0.45367366,-0.59800935,-0.21796319,-0.277215,0.7394552,-0.23143151,0.02525705,0.6505184,0.8639662,0.5270139,0.81435287,0.7454319,0.536297,0.6251378,-0.73197174,-0.28307396,-0.46156457,-0.20783126,-0.05511284,-0.11767643,-0.20527872,0.067965545,-0.7380398,-0.6099691,-0.68932056,-0.79236996,-0.24978353,0.06537724,0.13808468,0.06607802,0.23538548,0.004236008,0.42565656,0.6291966,0.5573834,0.13629356,0.37549776,-0.39386374,-0.18222526,-0.2648626,0.48948532,0.15308224,-0.6125742,-0.63258517,0.2863111,0.8660423,0.85158956,0.73026735,0.62062705,0.8573783,0.48882133,0.7622329,0.83695006,0.42156819,-0.50392413,-0.7158898,-0.35835403,-0.15025063,0.65692234,0.71734047,0.6242044,0.7574507,0.62547445,0.55507314
-0.8305243,-0.28412896,-0.43503493,-0.43329382,-0.34110618,0.10360685,-0.52027273,-0.23755461,-0.22915468,-0.6340506,-0.29887375,-0.18264708,-0.17922139,0.5496853,0.80093384,-0.7280791,0.6970326,0.5375206,0.55425113,0.4051748,0.93188614,0.58190846,0.88513637,-0.24087504,-0.5479448,0.20662674,0.69819796,0.61939406,0.6584054,0.6792655,-0.5509893,-0.6312185,-0.826082,0.64832807,0.6489165,-0.0047463216,0.3774516,-0.66397655,-0.5915572,-0.70742834,-0.08315409,-0.69575065,-0.37623182,0.37628117,0.48541424,0.39739978,0.5994216,0.7081692,0.23922788,-0.03087886,-0.7899575,-0.4292997,-0.4673683,-0.36578855,-0.1945155,-0.15576741,-0.23712268,-0.14055589,-0.4014954,0.055543922,-0.05884113,-0.11139016,0.6372601,0.7075481,0.8262846,0.7682476,-0.38868064,0.76498985,0.81096774,0.7028991,0.90322137,0.62290525,0.9191183,-0.6677952,0.37904122,0.116115645,0.6276075,0.61460173,-0.73796165,-0.6512115,0.44692105,0.37649867,0.34327865,0.5847045,0.8180915,0.52640516,0.3910891,0.58759177,0.09622575,-0.25714728,-0.73448724,-0.7209356,-0.7293334,-0.65981746,0.11226836,0.34785184,0.47007844,0.6806748,0.16147599,-0.06997126
-0.52529585,-0.57862186,-0.7579069,-0.61330974,-0.65776783,0.025986727,-0.68247277,-0.57759213,-0.6386769,-0.19667968,0.041373134,0.2427049,0.076527104,0.1310086,0.6054647,-0.57471156,0.5776001,-0.016432721,0.36164615,0.09175435,0.58190846,0.85610104,0.7123774,0.095231086,-0.08283926,0.54867196,0.42657244,0.7189318,0.62713015,0.7739856,-0.4120242,-0.5352874,-0.586333,0.44064444,0.4560336,-0.29757553,0.4277296,-0.44793233,-0.4611955,-0.5103162,-0.28324664,-0.32353443,-0.07625181,0.43191552,0.25143635,0.14502886,0.22612993,0.26633292,0.010950764,-0.14645553,-0.43842888,-0.66811645,-0.63079584,-0.56660163,-0.24080357,-0.121852264,-0.57955205,-0.59301513,0.03463126,0.36871102,0.32957333,0.19195625,0.6016876,0.35084563,0.55157614,0.6199163,-0.6874734,0.7418128,0.6753826,0.18006295,0.58137476,0.78362995,0.6623409,-0.5011103,0.5597801,0.48316473,0.5349583,0.8061874,-0.43079337,-0.53316593,0.42989552,0.1323531,0.12607259,0.36282575,0.55566376,0.22334221,0.41290516,0.493432,-0.21467492,-0.20619348,-0.48837137,-0.40038073,-0.5684756,-0.1345905,0.21821135,0.2695766,0.20167916,0.30259937,0.042930104,-0.18984637
-0.79274344,-0.5111968,-0.5840644,-0.6377616,-0.5567242,0.23989356,-0.60817206,-0.47390628,-0.36220792,-0.46807477,-0.117140606,0.029931009,-0.1375046,0.37136132,0.8593091,-0.7654046,0.67149085,0.33664194,0.44176346,0.3221072,0.88513637,0.7123774,0.9568318,-0.012577517,-0.3700889,0.4615147,0.65560734,0.780877,0.79042244,0.78953993,-0.65288913,-0.7468202,-0.87148523,0.65174794,0.6617769,-0.08449108,0.52326,-0.7232054,-0.70979404,-0.7891508,-0.22270197,-0.6925355,-0.4213533,0.42825466,0.40107453,0.21572995,0.4665557,0.5616501,0.3026748,-0.15529825,-0.71646565,-0.54383576,-0.53934103,-0.569402,-0.089488395,-0.0022305457,-0.45589316,-0.37949187,-0.1976048,0.25245708,0.11217307,-0.031839892,0.6908337,0.58454025,0.78673136,0.84942174,-0.62390983,0.82972425,0.8947084,0.56523335,0.88999224,0.8045454,0.92317414,-0.58360624,0.58997995,0.37373364,0.7462452,0.7971679,-0.74847996,-0.7260293,0.61760014,0.35493016,0.25287503,0.6043408,0.82073945,0.4477356,0.53442436,0.6014751,-0.020003075,-0.17705426,-0.78544915,-0.6758388,-0.8062526,-0.5331658,0.12170899,0.2831373,0.30848897,0.55935264,0.23431972,-0.20983815
0.25241983,-0.47119993,-0.10930775,-0.43205866,-0.41547534,0.56714004,0.12842529,-0.49487072,-0.048249498,0.6942601,0.7704623,0.78815854,0.17243725,-0.49181044,0.03745962,0.09586828,-0.22209114,-0.55464613,-0.517348,-0.34854025,-0.24087504,0.095231086,-0.012577517,0.92077833,0.70299256,0.72008383,-0.33190635,0.27082095,0.21751212,0.028448801,-0.3050531,-0.23705462,-0.06945492,-0.16241032,-0.11518854,-0.08927311,0.34335756,-0.116586134,-0.29625046,-0.10970622,-0.39253783,0.0034246398,-0.31490374,-0.08651026,-0.49556714,-0.74752855,-0.5568191,-0.5941519,0.28690332,-0.45620924,0.33955023,0.031674817,0.14602734,-0.44935697,0.58138514,0.6511432,-0.40166804,-0.505738,0.75835884,0.6532451,0.5775356,0.22550327,0.009074401,-0.44812763,-0.2616097,0.12193319,-0.4703192,-0.031934123,0.07909629,-0.43575823,-0.1691288,0.34496152,-0.17433652,0.59598947,0.63669795,0.7877345,0.24554095,0.2747472,-0.035933178,-0.09142846,0.49177086,-0.12884328,-0.44493705,-0.05484589,-0.17603089,-0.3698894,0.34491646,-0.17277531,-0.2785795,0.37145364,-0.09222264,0.24518886,-0.06380799,0.3388865,-0.1452002,-0.43596575,-0.7218412,-0.5442483,0.2726351,-0.4704746
0.68474555,-0.20179039,0.0016324483,-0.099624485,-0.20232192,0.1611566,0.32350445,-0.20754619,-0.021975435,0.89663327,0.7937335,0.7864343,0.527803,-0.42058456,-0.22387525,0.519067,-0.22478445,-0.7539196,-0.37625787,-0.7493283,-0.5479448,-0.08283926,-0.3700889,0.70299256,0.9312136,0.39227885,-0.7360419,-0.1602312,-0.21896404,-0.29445937,0.19194774,0.28561777,0.40227392,-0.6116841,-0.58619726,-0.4385222,-0.113139406,0.41894594,0.112009,0.27306843,-0.54504454,0.26551878,-0.058993958,-0.42450342,-0.8106576,-0.75504935,-0.8548976,-0.88902897,-0.20181906,-0.52423614,0.7564932,0.19052446,0.35741878,-0.10549093,0.3400727,0.40984267,-0.140267,-0.35882953,0.8977107,0.6669148,0.6925278,0.5397834,0.0034784358,-0.44234464,-0.39499688,-0.13175939,-0.31163508,-0.16874361,-0.3389588,-0.7574096,-0.58237505,-0.0012385341,-0.48707107,0.65702224,0.35217884,0.54541314,-0.26102498,-0.041738756,0.5020883,0.42688507,0.01075377,-0.58524716,-0.73291796,-0.5384605,-0.60545665,-0.75345755,-0.1324488,-0.5939073,-0.5915271,0.06070513,0.42233124,0.69372165,0.33301687,0.4868521,-0.39359382,-0.6400561,-0.80044496,-0.83784324,-0.21525311,-0.47860098
-0.19737451,-0.8106103,-0.55944926,-0.8024981,-0.7815273,0.5511794,-0.3708853,-0.8308793,-0.4341548,0.32989365,0.51652616,0.66082346,0.031937897,-0.36929122,0.42418823,-0.3713727,0.10744926,-0.42591774,-0.27210316,-0.07428685,0.20662674,0.54867196,0.4615147,0.72008383,0.39227885,0.96163774,0.10441129,0.72879094,0.65229595,0.5301817,-0.6069714,-0.62243795,-0.4702513,0.2525721,0.30337548,-0.13670263,0.6534724,-0.4698319,-0.59886014,-0.47011963,-0.3871569,-0.2555435,-0.3384982,0.30045453,-0.12527934,-0.4670272,-0.19065496,-0.20409456,0.37814075,-0.37848732,-0.08767179,-0.41713965,-0.3378656,-0.79873693,0.3682782,0.4941185,-0.7604619,-0.80677724,0.51117814,0.6481627,0.51950806,0.1350291,0.31272924,-0.18323578,0.12026678,0.48646766,-0.7944921,0.38804275,0.5490378,-0.17409453,0.29892397,0.7827618,0.30318266,0.13332988,0.827813,0.9253205,0.6394464,0.7289082,-0.37696934,-0.50338787,0.73686147,0.11398605,-0.1708687,0.28885657,0.2851166,-0.039292492,0.6588017,0.27068326,-0.230344,0.2786555,-0.462734,-0.14348125,-0.48841384,0.17552277,0.09098337,-0.08449127,-0.38969797,-0.14123479,0.39524636,-0.42897537
-0.8602958,-0.25686616,-0.31199092,-0.3517861,-0.21709682,0.16305378,-0.5547142,-0.2607666,-0.23636375,-0.74188614,-0.5353229,-0.44726247,-0.5427537,0.23985054,0.49018142,-0.8036684,0.28687987,0.5102827,0.25325376,0.7595043,0.69819796,0.42657244,0.65560734,-0.33190635,-0.7360419,0.10441129,0.9262423,0.6043607,0.63356304,0.6634556,-0.52446544,-0.67430246,-0.70427775,0.7826815,0.79544246,0.40177536,0.5351806,-0.720816,-0.41813362,-0.5197165,0.39664698,-0.39518097,-0.042252954,0.70242155,0.81643116,0.60088485,0.7988479,0.83986735,0.4592362,0.40271002,-0.8699826,-0.4206977,-0.58536917,-0.33406252,-0.1285758,-0.1439474,-0.2906886,-0.07920347,-0.65220463,-0.34603387,-0.4482342,-0.49400377,0.16952115,0.3577777,0.46862134,0.42181787,-0.10011932,0.38347998,0.65927553,0.6616999,0.7764988,0.44867247,0.6858791,-0.62305164,0.06958674,-0.07364005,0.6484196,0.49281335,-0.7387315,-0.762857,0.37418526,0.680779,0.6954001,0.71331,0.82347417,0.77219117,0.5445136,0.81683874,0.5114886,0.08008297,-0.6947863,-0.8412579,-0.5821136,-0.3643423,0.54489523,0.7061651,0.68775064,0.84993744,0.48201996,0.32197076
-0.6786233,-0.73702943,-0.6625602,-0.7982516,-0.7160822,0.43185258,-0.6569338,-0.76014596,-0.5114796,-0.2416584,0.017126068,0.18622959,-0.25845096,-0.08858575,0.64449704,-0.7634357,0.324875,0.019296309,0.02166916,0.36643332,0.61939406,0.7189318,0.780877,0.27082095,-0.1602312,0.72879094,0.6043607,0.9511198,0.8878367,0.83098876,-0.75073755,-0.8564279,-0.78729105,0.6693928,0.7075845,0.05666517,0.7963331,-0.78220886,-0.7415049,-0.7303978,-0.11836911,-0.44193348,-0.29818457,0.62539256,0.38680562,0.0145866135,0.34403557,0.35741895,0.4803477,-0.093191385,-0.58289504,-0.6134303,-0.63069874,-0.77445173,0.095127456,0.2054992,-0.7263153,-0.6399178,-0.029947514,0.27336013,0.12632594,-0.14849436,0.39931893,0.1377233,0.4282275,0.6521386,-0.69930863,0.58449316,0.83357996,0.29593775,0.71314025,0.8855132,0.67940056,-0.3437333,0.6529041,0.6062098,0.87516135,0.8796884,-0.7163809,-0.8273418,0.76480484,0.4666037,0.2733804,0.64848244,0.7183615,0.43329382,0.807722,0.69506013,0.07052092,0.17948411,-0.78168136,-0.611918,-0.76843643,-0.1493799,0.3498693,0.33460712,0.11942664,0.3949654,0.5104841,-0.18297307
-0.69996214,-0.69901854,-0.5375029,-0.7819334,-0.6569966,0.47766662,-0.5844896,-0.6880569,-0.38131118,-0.28015363,-0.0030912731,0.13398445,-0.28066897,0.025034608,0.714743,-0.7986424,0.3368985,0.071346335,0.05768869,0.38712406,0.6584054,0.62713015,0.79042244,0.21751212,-0.21896404,0.65229595,0.63356304,0.8878367,0.93364394,0.7868295,-0.7937277,-0.8684393,-0.8299868,0.62569314,0.67929876,0.13351017,0.81976855,-0.7917005,-0.7152311,-0.72294843,-0.07558972,-0.5295725,-0.357341,0.6183721,0.375946,0.061798006,0.35149223,0.4002102,0.5446197,-0.029126048,-0.6270103,-0.5175543,-0.5654663,-0.7474714,0.16142744,0.2500078,-0.6512426,-0.539766,-0.08469878,0.23215978,0.059367992,-0.18058738,0.41787133,0.22298379,0.48199332,0.7119004,-0.6241554,0.582008,0.8240962,0.34200847,0.74466705,0.815784,0.70715773,-0.3272803,0.6055682,0.52079654,0.9063932,0.8173187,-0.77882445,-0.83183,0.7299969,0.44731668,0.25093922,0.6042725,0.7175269,0.40924668,0.828779,0.64933574,0.13636714,0.12684426,-0.80488443,-0.64804435,-0.7399677,-0.22894898,0.30165797,0.34516233,0.1558949,0.42908362,0.5513565,-0.10921242
-0.7247549,-0.58098984,-0.6660155,-0.6459255,-0.6050385,0.18122005,-0.6997558,-0.5877084,-0.5458949,-0.37404102,-0.12665276,0.05084455,-0.16449574,0.12726761,0.6545794,-0.7665597,0.483912,0.1124094,0.28283405,0.35078666,0.6792655,0.7739856,0.78953993,0.028448801,-0.29445937,0.5301817,0.6634556,0.83098876,0.7868295,0.9004354,-0.5711252,-0.724506,-0.7485974,0.61122966,0.65036607,-0.03525508,0.6222259,-0.6625675,-0.55733204,-0.6208805,-0.07053231,-0.3809193,-0.10536346,0.6351685,0.4665301,0.2661404,0.42384166,0.47433317,0.27320647,0.029523855,-0.65218186,-0.6352533,-0.683399,-0.6032517,-0.13445675,-0.04118084,-0.58519435,-0.507389,-0.1715152,0.17542616,0.07261391,-0.067668885,0.48383266,0.32502133,0.5450922,0.6448778,-0.5970145,0.6624905,0.7640595,0.33813643,0.71388763,0.80062014,0.7362578,-0.5411157,0.4847316,0.40126938,0.71998894,0.8543688,-0.64010906,-0.7444892,0.5258453,0.3578532,0.3219434,0.5396139,0.7211349,0.42222798,0.6138482,0.6777804,0.042285632,-0.06888309,-0.6846876,-0.63546973,-0.66644436,-0.20862645,0.38547787,0.46558625,0.35013705,0.50353146,0.2984211,-0.043383114
0.5895752,0.6947273,0.4150619,0.77226365,0.61873627,-0.5617479,0.4495964,0.6778536,0.25239423,0.20550871,-0.050540414,-0.13418005,0.40797693,0.09445887,-0.5839128,0.68398374,-0.14637248,-0.09262861,0.1185611,-0.44389695,-0.5509893,-0.4120242,-0.65288913,-0.3050531,0.19194774,-0.6069714,-0.52446544,-0.75073755,-0.7937277,-0.5711252,0.8726389,0.8335647,0.73155516,-0.6035681,-0.6383703,-0.28559047,-0.7565467,0.75280297,0.69372654,0.64363337,-0.010058785,0.5701831,0.50514996,-0.4922148,-0.3239438,0.07017445,-0.3067903,-0.32626975,-0.6432029,0.016932707,0.54874146,0.43237418,0.45565355,0.7659453,-0.2758028,-0.3457959,0.6459699,0.5129456,0.05870656,-0.19589835,-0.007972851,0.31714892,-0.24406768,-0.07237406,-0.33656543,-0.5825089,0.49942285,-0.40334082,-0.7540661,-0.33371362,-0.68386525,-0.68329465,-0.56304765,0.16792765,-0.57091343,-0.50552106,-0.84815884,-0.62986475,0.7593466,0.7811985,-0.7820296,-0.5221221,-0.24413022,-0.6281596,-0.6288735,-0.40885496,-0.78577733,-0.55857587,-0.25002322,-0.34589204,0.7389933,0.57175463,0.6781508,0.18604684,-0.24974972,-0.2445561,-0.031944405,-0.35296294,-0.63669616,0.091171935
0.74768084,0.656227,0.47772247,0.74029577,0.59235764,-0.55713505,0.5524426,0.66073406,0.31450444,0.32265955,0.056466118,-0.07331009,0.4375409,0.069391735,-0.61848223,0.8004536,-0.21932447,-0.16674608,0.06199561,-0.53690124,-0.6312185,-0.5352874,-0.7468202,-0.23705462,0.28561777,-0.62243795,-0.67430246,-0.8564279,-0.8684393,-0.724506,0.8335647,0.942677,0.8444715,-0.73440444,-0.77024937,-0.3049563,-0.81439495,0.8809389,0.7399012,0.71822876,-0.06086946,0.5162322,0.39153573,-0.6294982,-0.46817073,-0.055399723,-0.4425485,-0.46440172,-0.6662853,-0.02818789,0.6911186,0.4830418,0.5493113,0.7317297,-0.23583527,-0.28277677,0.6324463,0.48352432,0.15964898,-0.1264307,0.05435881,0.3476451,-0.27047443,-0.12355764,-0.3891602,-0.60372007,0.5226878,-0.4598202,-0.82307655,-0.43312353,-0.76231563,-0.7668271,-0.6604902,0.28153723,-0.5690308,-0.48962325,-0.9100429,-0.7331846,0.84230745,0.90042806,-0.79810476,-0.614414,-0.3675046,-0.7400648,-0.7544176,-0.5436951,-0.83791965,-0.72635615,-0.28666008,-0.30995214,0.85657364,0.71898806,0.7645285,0.226042,-0.37887615,-0.36561954,-0.15725878,-0.47912425,-0.67243135,0.074743256
0.8408146,0.4870036,0.44746512,0.6121608,0.47290638,-0.4132285,0.5185583,0.46728063,0.242894,0.44267458,0.12267824,0.0019423189,0.27211958,-0.26005834,-0.7805951,0.795477,-0.4972222,-0.34212205,-0.2579417,-0.44129086,-0.826082,-0.586333,-0.87148523,-0.06945492,0.40227392,-0.4702513,-0.70427775,-0.78729105,-0.8299868,-0.7485974,0.73155516,0.8444715,0.94219595,-0.6974736,-0.7105637,-0.12865624,-0.6349923,0.8468726,0.7384536,0.7813953,0.075864136,0.65941095,0.44331783,-0.5023074,-0.44970083,-0.17874971,-0.4886896,-0.57522607,-0.5076517,0.06416692,0.7761977,0.43647617,0.4879248,0.5654899,-0.0906917,-0.13284919,0.44073802,0.31954503,0.23459435,-0.15825203,-0.0033846695,0.188113,-0.5050378,-0.4314134,-0.6360142,-0.7540419,0.52203655,-0.6519151,-0.8560815,-0.5753722,-0.8647469,-0.75106025,-0.8266094,0.4626071,-0.55989933,-0.36462682,-0.82965994,-0.73870516,0.85715246,0.83695453,-0.6902065,-0.4762178,-0.30130422,-0.6766205,-0.81946266,-0.50697285,-0.65416116,-0.6500797,-0.15808284,-0.012779962,0.88376105,0.781492,0.79564464,0.49167782,-0.21275091,-0.32522613,-0.2705549,-0.5622292,-0.43796742,0.14202367
-0.8165818,-0.33939373,-0.42668492,-0.4359156,-0.3163834,0.22250763,-0.5839777,-0.3787586,-0.2981581,-0.64792186,-0.41579747,-0.31571767,-0.5830251,0.05539965,0.42899126,-0.741258,0.23426977,0.50753224,0.08746603,0.7535428,0.64832807,0.44064444,0.65174794,-0.16241032,-0.6116841,0.2525721,0.7826815,0.6693928,0.62569314,0.61122966,-0.6035681,-0.73440444,-0.6974736,0.92373866,0.8903147,0.3797719,0.5517707,-0.79151094,-0.5631452,-0.61495185,0.3222909,-0.4326972,-0.18897057,0.61332995,0.77557695,0.3519037,0.76630425,0.7277696,0.4773026,0.21716288,-0.7978225,-0.50247186,-0.5771931,-0.43497837,-0.09779027,-0.092982575,-0.39938426,-0.20382218,-0.50919497,-0.23050845,-0.31492835,-0.5047353,0.14922023,0.24537745,0.40889645,0.39262468,-0.20247789,0.38810614,0.75055265,0.6953183,0.7870325,0.5446749,0.66387755,-0.52798605,0.24121879,0.10901668,0.6999916,0.51773995,-0.7409806,-0.78073406,0.5817597,0.8176789,0.7277201,0.89110106,0.83031493,0.8533951,0.5930893,0.8618516,0.4789398,0.2944519,-0.72798854,-0.7792664,-0.6865248,-0.30593526,0.4886344,0.53573716,0.4787138,0.7319064,0.5202236,0.13417079
-0.8060989,-0.42754722,-0.4317075,-0.5092678,-0.38078564,0.29296413,-0.60172427,-0.44960085,-0.3151117,-0.616578,-0.39641047,-0.28283954,-0.58984196,0.022821756,0.45862854,-0.7766804,0.21384585,0.43423042,0.057738602,0.75054115,0.6489165,0.4560336,0.6617769,-0.11518854,-0.58619726,0.30337548,0.79544246,0.7075845,0.67929876,0.65036607,-0.6383703,-0.77024937,-0.7105637,0.8903147,0.9119078,0.3854602,0.61775297,-0.7995444,-0.57777166,-0.61762494,0.3070027,-0.4379297,-0.19662395,0.65814465,0.7617384,0.33140087,0.7478622,0.7100105,0.5366342,0.22978388,-0.77833223,-0.512458,-0.59477985,-0.50940275,-0.025553834,-0.012649845,-0.464441,-0.2690458,-0.48204738,-0.20487367,-0.30873284,-0.50783527,0.14054796,0.20583203,0.3935104,0.4181783,-0.2452776,0.3921715,0.7636336,0.63811445,0.781235,0.57034755,0.6599518,-0.5050211,0.26758194,0.15326004,0.73961365,0.56227845,-0.747439,-0.808779,0.5953447,0.80336195,0.6937313,0.8606999,0.8220196,0.82247525,0.655232,0.8606191,0.47412187,0.29668015,-0.7351705,-0.77169585,-0.6888659,-0.27013767,0.50248677,0.55826056,0.46144888,0.7222165,0.5825459,0.14782262
