0,1,2,3,4,5,6,7,8,9,10,11,12,13,14,15,16,17,18,19,20,21,22,23,24,25,26,27,28,29,30,31,32,33,34,35,36,37,38,39,40,41,42,43,44,45,46,47,48,49,50,51,52,53,54,55,56,57,58,59,60,61,62,63,64,65,66,67,68,69,70,71,72,73,74,75,76,77,78,79,80,81,82,83,84,85,86,87,88,89,90,91,92,93,94,95,96,97,98,99
0.9144601,0.7273098,0.11989954,0.8547429,0.39001283,-0.33513382,0.8798809,0.6068771,-0.3032019,0.88153565,-0.74404764,-0.76904535,-0.58255243,-0.41919714,-0.8359447,0.9238401,-0.79345685,-0.49998006,0.13829795,-0.54162407,0.43900597,-0.6075789,0.15678117,-0.8218076,-0.3232304,-0.65882194,-0.43230826,-0.7291056,-0.62843865,-0.5834792,-0.90902853,0.86454415,0.9150467,0.7052817,-0.40318686,-0.42716378,-0.37871015,0.88084716,0.8957265,0.8496187,0.553776,-0.68482506,0.525455,-0.3023009,0.749637,-0.47503453,-0.43872008,-0.119092226,-0.39599273,-0.21886697,-0.8857714,-0.39926863,-0.8491486,-0.111069,-0.4135267,-0.6433724,-0.6288698,0.22763312,-0.7702702,0.79263085,-0.058849096,-0.5084255,-0.19254619,-0.48735458,-0.8466401,-0.83546805,-0.70109475,-0.8178746,-0.59561324,-0.4828691,-0.781855,-0.7835682,-0.696255,-0.20873764,-0.47454792,0.44373065,-0.72264254,0.42831594,-0.76288927,-0.89189047,-0.17800835,-0.18746975,0.7496106,0.9081135,0.8944754,0.88156974,-0.46219534,0.022497365,-0.46449268,-0.2506446,-0.88311595,-0.8562503,-0.74916774,-0.7881813,-0.79702175,-0.35324627,0.8535775,0.57920456,-0.2838385,-0.46889827
0.7273098,0.8298995,0.3680249,0.6786769,0.69344914,-0.056278184,0.6451409,0.70086026,0.031150084,0.6948986,-0.46201319,-0.47220117,-0.22619233,-0.15780735,-0.65131277,0.71411985,-0.5451298,-0.44457227,0.26735288,-0.3080655,0.1353374,-0.24029808,0.2695395,-0.5924053,0.059949357,-0.294605,-0.02764365,-0.3976239,-0.4309533,-0.24473691,-0.7117766,0.6909554,0.6951848,0.43057275,-0.0025825426,-0.2204994,-0.14797992,0.6592264,0.6712208,0.6386419,0.31666225,-0.30431473,0.63480014,0.07858581,0.7493884,-0.100690655,-0.057089344,0.18999062,-0.14687939,-0.10157196,-0.6746906,-0.044125445,-0.6051606,0.20275354,-0.09707006,-0.3793526,-0.29008788,0.4606604,-0.48648563,0.6978811,0.27736342,-0.21688092,-0.02552523,-0.32842237,-0.7356934,-0.66213053,-0.5485761,-0.634241,-0.5662158,-0.4463587,-0.66731036,-0.49327654,-0.481578,0.09845672,-0.19569248,0.65293974,-0.53613627,0.49355787,-0.51800114,-0.6759081,-0.09895322,-0.23670137,0.6934464,0.73986,0.69130474,0.6601931,-0.21620736,0.33418044,-0.27377972,-0.17728737,-0.6728632,-0.62496287,-0.53127956,-0.4746793,-0.49822205,0.03771711,0.666149,0.58863795,-0.06473373,-0.32562602
0.11989954,0.3680249,0.9336963,-0.1605519,0.5666393,0.77832127,-0.123484015,0.14519425,0.7460824,0.07058859,0.23519742,0.25319412,0.42404324,0.2889232,0.18300879,0.021197481,0.1213582,0.3683548,0.11064628,0.56664896,0.2351613,0.369196,0.48219758,0.23341405,0.5592974,0.33346167,0.23574886,0.2789995,0.47913808,0.30270576,0.013845498,-0.0020276215,-0.018613245,0.23674688,0.4181097,0.6499046,0.62351704,-0.1560682,-0.05718217,-0.07023141,-0.024513617,0.27441964,0.30375952,0.4206987,0.10814316,0.07017858,0.1680592,0.06587472,0.6484022,0.37865895,0.033346634,0.65578914,0.10720902,-0.038801864,0.73266625,0.5365347,0.31606296,0.82290757,0.26785988,0.16717146,0.4855512,0.55528605,0.6222605,0.23429601,0.07183694,0.17874107,-0.09444119,0.13703737,0.3028289,0.3992615,0.21712786,0.2291026,0.33715284,0.21140303,0.5935718,0.45822567,0.37049505,0.2687008,-0.15242897,0.01864763,0.66985416,0.40545392,0.2910418,0.037411235,-0.09576007,-0.14529234,0.5901657,0.39377177,0.5802407,0.38905627,0.012657005,-0.009318836,-0.06293939,0.13494028,0.1230979,0.17130062,-0.18210758,-0.04493811,0.6670786,0.22867161
0.8547429,0.6786769,-0.1605519,0.972118,0.3164466,-0.5980487,0.9326705,0.6859585,-0.52707976,0.83605945,-0.8264083,-0.8549501,-0.6986234,-0.5494885,-0.95301485,0.9121176,-0.8559908,-0.7065508,0.08842166,-0.7839769,0.20485806,-0.7009523,-0.06494857,-0.9381218,-0.47057998,-0.73494065,-0.41962862,-0.8054639,-0.85636616,-0.6706475,-0.92375064,0.8851414,0.92122054,0.5380875,-0.47659248,-0.6846395,-0.6349455,0.95587504,0.90315795,0.8680141,0.5093189,-0.7222805,0.46996742,-0.38955167,0.7954203,-0.4032163,-0.41055587,-0.070308454,-0.6361486,-0.41159892,-0.8954761,-0.5803067,-0.8717544,0.05194996,-0.64646316,-0.8360249,-0.66698253,-0.006304941,-0.86560464,0.7323277,-0.18467411,-0.7199811,-0.4815449,-0.64755815,-0.9273956,-0.95322454,-0.6587813,-0.90187615,-0.79973304,-0.7060681,-0.93110085,-0.8670526,-0.8679093,-0.21104237,-0.71087295,0.35001546,-0.9161863,0.33523408,-0.6745703,-0.8930276,-0.50884926,-0.44180685,0.6817985,0.9104874,0.9521569,0.9556855,-0.6996558,-0.059233166,-0.70178056,-0.47848278,-0.8802246,-0.8281932,-0.699607,-0.78983414,-0.80147433,-0.3029946,0.9567833,0.6552375,-0.5372669,-0.5877068
0.39001283,0.69344914,0.5666393,0.3164466,0.8846627,0.28571504,0.2531856,0.64146656,0.3929367,0.3633855,-0.019143526,-0.004520678,0.23342097,0.14773932,-0.27278173,0.33534268,-0.13026433,-0.24678433,0.32168943,0.056532733,-0.18200792,0.22315666,0.3207811,-0.17066696,0.46412647,0.18209368,0.39166477,0.07257874,-0.08974418,0.17297083,-0.31568068,0.3413634,0.28547803,0.06440924,0.42953908,0.06761598,0.14112018,0.26083148,0.2896807,0.2953124,0.037495486,0.17599821,0.6042309,0.46259552,0.5505703,0.30060297,0.3392713,0.41787523,0.16866964,0.0459693,-0.27099335,0.3798341,-0.17053367,0.45258963,0.2893047,0.020194868,0.1528134,0.60783875,-0.032193176,0.47485787,0.583773,0.14900494,0.16759855,-0.08445155,-0.4250707,-0.29950005,-0.24375385,-0.26875257,-0.3763994,-0.27653313,-0.36309963,-0.04548514,-0.12272164,0.4065028,0.19312051,0.74290776,-0.18039863,0.43705222,-0.16375913,-0.26592162,0.055959508,-0.21108842,0.48459956,0.39966363,0.299283,0.26327288,0.10893611,0.5741799,0.015596993,-0.00977727,-0.27273187,-0.20935631,-0.15967155,-0.023638535,-0.03848,0.4126825,0.2960453,0.44907624,0.19612432,-0.104658216
-0.33513382,-0.056278184,0.77832127,-0.5980487,0.28571504,0.9349377,-0.55391264,-0.23364407,0.8510065,-0.36473012,0.6031213,0.6313573,0.6866342,0.5124067,0.6075665,-0.44065422,0.53678757,0.6387376,0.07450037,0.838241,0.07213113,0.64726126,0.41442877,0.6492544,0.6830661,0.6329931,0.41330945,0.62443286,0.7912375,0.5800056,0.48230255,-0.44700778,-0.47099635,-0.08411684,0.5802829,0.859238,0.817371,-0.59038126,-0.48661956,-0.4745909,-0.21488309,0.58737826,0.021112146,0.5418724,-0.315653,0.278529,0.3702333,0.1276944,0.8391194,0.5476613,0.47324845,0.8177179,0.5236419,-0.039029274,0.91145396,0.84370613,0.5834468,0.6395644,0.64308393,-0.22477952,0.48960307,0.7885655,0.7267554,0.5253698,0.51717854,0.6043441,0.28185076,0.5644046,0.6275232,0.6624305,0.62090385,0.6198915,0.6960086,0.3085615,0.8290508,0.19627264,0.73835427,0.050536722,0.24545687,0.46029952,0.7762513,0.54671544,-0.10577273,-0.42131555,-0.54253817,-0.58106,0.82123244,0.3521073,0.81557953,0.5718112,0.4510697,0.41732126,0.324462,0.5166105,0.5136273,0.31152055,-0.6100811,-0.33622998,0.81192255,0.5055294
0.8798809,0.6451409,-0.123484015,0.9326705,0.2531856,-0.55391264,0.9540327,0.6209306,-0.5013578,0.84773314,-0.8327565,-0.8809936,-0.7555904,-0.6014929,-0.92205,0.92462766,-0.88224447,-0.5918479,0.013306672,-0.7295284,0.34227255,-0.75967526,-0.08341384,-0.9159386,-0.52913296,-0.7972633,-0.54414284,-0.8542459,-0.79910195,-0.7353567,-0.92490554,0.89239424,0.93518525,0.6316136,-0.57175094,-0.605693,-0.583739,0.9458921,0.92337704,0.8906932,0.58884084,-0.79734147,0.39295918,-0.46778974,0.74409354,-0.5228979,-0.522205,-0.20375276,-0.5718149,-0.3157818,-0.89267635,-0.579404,-0.872926,-0.063475795,-0.62395155,-0.79008806,-0.6856108,0.038169928,-0.8649126,0.7301124,-0.26459846,-0.72306544,-0.44906765,-0.624857,-0.87831664,-0.91684324,-0.64888537,-0.884413,-0.6969168,-0.5907095,-0.8641944,-0.8854811,-0.8486681,-0.24877843,-0.6890457,0.27445883,-0.8655554,0.2726427,-0.714182,-0.8966975,-0.4080237,-0.29629803,0.697505,0.9032604,0.9350376,0.94547,-0.65606594,-0.16826285,-0.62174964,-0.36230093,-0.8803552,-0.83880967,-0.71088433,-0.81797564,-0.83017313,-0.39516535,0.92314243,0.57629645,-0.46359414,-0.5120982
0.6068771,0.70086026,0.14519425,0.6859585,0.64146656,-0.23364407,0.6209306,0.84580445,-0.07117135,0.5445665,-0.4132976,-0.458905,-0.29281098,-0.34059453,-0.66616344,0.60153043,-0.54161394,-0.5329887,0.0757066,-0.45273456,-0.1757316,-0.28404957,-0.0979357,-0.5810036,-0.06954311,-0.30889392,0.0060075624,-0.40375268,-0.58115363,-0.32352585,-0.61469233,0.61774915,0.5763245,0.16937706,-0.044189315,-0.3654186,-0.3390956,0.6215724,0.5914679,0.6083,0.29952097,-0.273277,0.47296965,0.04492112,0.7257421,0.025803506,0.0051469356,0.18832216,-0.28083414,-0.15899873,-0.5459208,-0.08981308,-0.4733021,0.49514198,-0.2257469,-0.44354615,-0.15826224,0.30569723,-0.4504338,0.54339415,0.13151754,-0.406008,-0.36082578,-0.49248368,-0.7065264,-0.6822923,-0.3292113,-0.6451417,-0.7020019,-0.5743363,-0.7196737,-0.49353266,-0.62306106,0.2472395,-0.35284466,0.49169046,-0.6438725,0.21678436,-0.31316927,-0.54515344,-0.38889825,-0.4191379,0.58199835,0.6339241,0.6198907,0.62056756,-0.37831014,0.1626947,-0.3840125,-0.24919097,-0.52963865,-0.44713688,-0.31631705,-0.3315854,-0.36336726,0.18120724,0.64455914,0.54929185,-0.21249966,-0.29761145
-0.3032019,0.031150084,0.7460824,-0.52707976,0.3929367,0.8510065,-0.5013578,-0.07117135,0.88652766,-0.36158186,0.6085224,0.6140001,0.65650284,0.41659254,0.5432862,-0.42538977,0.49556303,0.57039785,0.023203164,0.7451093,-0.09571549,0.63377804,0.23975481,0.6131834,0.65924275,0.61899173,0.44859928,0.6004422,0.67132086,0.53368354,0.4652543,-0.40353274,-0.46472108,-0.17430526,0.5867239,0.76901597,0.69688535,-0.5520359,-0.45410472,-0.4081716,-0.15031564,0.5884522,0.027758135,0.5672951,-0.22988921,0.36129403,0.43765584,0.16127875,0.7908543,0.53896505,0.48622036,0.84727603,0.5577598,0.18127438,0.86738884,0.80440825,0.67474306,0.6898408,0.64482844,-0.20862153,0.48670858,0.6745206,0.545804,0.4279768,0.46327752,0.5326393,0.36896813,0.51051354,0.50341195,0.55922186,0.5279734,0.59754944,0.5797292,0.4703967,0.75243545,0.23253661,0.6319064,-0.04077596,0.30961412,0.4736383,0.6215088,0.4419437,-0.060581833,-0.40137923,-0.5200037,-0.542403,0.7125698,0.3175786,0.7472731,0.5607939,0.46898144,0.46861488,0.41376796,0.57140964,0.5679851,0.43604034,-0.56279576,-0.2680383,0.75827116,0.51718515
0.88153565,0.6948986,0.07058859,0.83605945,0.3633855,-0.36473012,0.84773314,0.5445665,-0.36158186,0.9195787,-0.70072305,-0.7103553,-0.5193052,-0.320983,-0.8182144,0.9101217,-0.73012817,-0.5624914,0.24941033,-0.5534736,0.4196512,-0.53928065,0.22182292,-0.79666066,-0.24724841,-0.58932364,-0.36503494,-0.66547054,-0.6168237,-0.51026785,-0.90052015,0.83789754,0.90326244,0.6773581,-0.348795,-0.47873187,-0.3883012,0.87467754,0.8981867,0.8363852,0.50065196,-0.63592106,0.5542245,-0.26273033,0.72544,-0.41952726,-0.3778811,-0.046931576,-0.44892383,-0.29674208,-0.88208914,-0.44018304,-0.858407,-0.13870622,-0.43980932,-0.6715083,-0.68854576,0.115454815,-0.7386701,0.8383631,0.0163382,-0.46407977,-0.16428132,-0.44407392,-0.85303247,-0.82249427,-0.73270476,-0.79647356,-0.6228242,-0.5398537,-0.7876645,-0.7414917,-0.6674196,-0.22558743,-0.45369744,0.49514014,-0.7041037,0.50898755,-0.76876783,-0.884531,-0.20759884,-0.2532427,0.69718945,0.90136784,0.8841412,0.87341446,-0.4654014,0.1104514,-0.5272399,-0.3044754,-0.88049686,-0.8518107,-0.7531439,-0.7837891,-0.7895646,-0.3352189,0.85403275,0.6085835,-0.35124516,-0.5281633
-0.74404764,-0.46201319,0.23519742,-0.8264083,-0.019143526,0.6031213,-0.8327565,-0.4132976,0.6085224,-0.70072305,0.9116263,0.9103545,0.79307705,0.5732248,0.82366455,-0.8162009,0.849306,0.53112626,0.05109393,0.7315801,-0.41784638,0.8023805,0.03971512,0.8990831,0.62957704,0.83324313,0.6170478,0.86956906,0.7367284,0.7273251,0.83363104,-0.7803627,-0.8509413,-0.60404426,0.64875877,0.61087775,0.5968397,-0.84253395,-0.7771821,-0.714172,-0.39383084,0.7945922,-0.26361436,0.58667004,-0.6008837,0.61218107,0.619421,0.27807456,0.612604,0.42681444,0.8382373,0.676034,0.8594675,0.23998532,0.67527443,0.78523177,0.7408209,0.14699183,0.9160212,-0.5443015,0.43482488,0.68506444,0.3970308,0.5584327,0.7586395,0.8066062,0.67461705,0.7950356,0.5728618,0.4974419,0.73648995,0.86783975,0.7431027,0.51488537,0.7429801,-0.061579462,0.78860795,-0.24163878,0.6961993,0.84336126,0.3962947,0.28161886,-0.5331235,-0.7797221,-0.848858,-0.8497913,0.6647982,0.25538793,0.6273732,0.5007111,0.83246434,0.8370669,0.76528925,0.84507644,0.8578257,0.5472977,-0.8337727,-0.4475106,0.50803727,0.5642891
-0.76904535,-0.47220117,0.25319412,-0.8549501,-0.004520678,0.6313573,-0.8809936,-0.458905,0.6140001,-0.7103553,0.9103545,0.95714045,0.8672485,0.68397,0.85263205,-0.8323772,0.8979214,0.5077478,0.15553048,0.76167035,-0.41866153,0.87536067,0.16871059,0.91144425,0.71236026,0.9056219,0.69714475,0.9342867,0.784474,0.8223055,0.84367573,-0.80731416,-0.8609575,-0.6190638,0.72936666,0.6212116,0.6430954,-0.8657745,-0.81044257,-0.77150303,-0.50853866,0.8650405,-0.20638551,0.6471299,-0.60506797,0.6660693,0.67552686,0.36139202,0.6195519,0.37106895,0.8267841,0.68058103,0.83967954,0.20849842,0.70439595,0.79393876,0.7158432,0.122140065,0.9219909,-0.5436096,0.5069128,0.7733407,0.49093407,0.61122876,0.75787,0.83469176,0.6115032,0.81843406,0.5776216,0.48325178,0.7547053,0.9066386,0.8075521,0.45458788,0.7831168,-0.01741588,0.82781637,-0.13193251,0.6864399,0.8348185,0.41790497,0.243393,-0.5594656,-0.7879249,-0.85976547,-0.871215,0.70916146,0.36938167,0.620683,0.42848787,0.82069176,0.81443036,0.71946526,0.8437459,0.8525811,0.5652605,-0.84383094,-0.4286291,0.50898033,0.51537573
-0.58255243,-0.22619233,0.42404324,-0.6986234,0.23342097,0.6866342,-0.7555904,-0.29281098,0.65650284,-0.5193052,0.79307705,0.8672485,0.92948294,0.78101766,0.7098174,-0.6453953,0.81380343,0.3820541,0.37473053,0.74278545,-0.36832744,0.9143944,0.416255,0.7665272,0.8518337,0.91206366,0.79576045,0.90437317,0.7286974,0.8785744,0.67120504,-0.6267644,-0.6782383,-0.492931,0.84941137,0.5956649,0.68107927,-0.70724595,-0.655336,-0.6508714,-0.50008464,0.8794169,0.0833853,0.76782024,-0.3829956,0.70946413,0.7481197,0.5297461,0.629706,0.31974018,0.6398289,0.7241826,0.67000264,0.24243483,0.7486443,0.7248298,0.6341107,0.26511586,0.80366516,-0.31509516,0.70702505,0.8342584,0.62153906,0.61091495,0.56617594,0.689028,0.3987914,0.694063,0.44053814,0.36301568,0.5958992,0.83917785,0.7766489,0.44687188,0.8152194,0.25935093,0.7326687,0.15005833,0.53101945,0.65266955,0.44871965,0.15579507,-0.35951105,-0.5804624,-0.68461895,-0.70975316,0.71998096,0.62251264,0.56732523,0.33432555,0.6329981,0.6313325,0.5340494,0.72894645,0.7348728,0.6122427,-0.66917014,-0.20495689,0.5331533,0.39512426
-0.41919714,-0.15780735,0.2889232,-0.5494885,0.14773932,0.5124067,-0.6014929,-0.34059453,0.41659254,-0.320983,0.5732248,0.68397,0.78101766,0.882017,0.56876206,-0.4573069,0.7153338,0.23588744,0.6035222,0.58113825,-0.16808453,0.7642962,0.6012763,0.57242465,0.7177329,0.72917795,0.6588105,0.74515676,0.59076613,0.8160506,0.51372206,-0.4363501,-0.4750455,-0.28854728,0.71436834,0.4008389,0.5441818,-0.51845646,-0.47379506,-0.5134712,-0.43098968,0.7204671,0.22416352,0.6209167,-0.29019594,0.55860794,0.6174965,0.5763912,0.47017774,0.16978678,0.44389057,0.50702316,0.44854245,0.048263226,0.55089974,0.51462066,0.35562745,0.09169184,0.5940578,-0.12780896,0.6613426,0.73805606,0.6613455,0.66207457,0.42262304,0.55282307,0.18692167,0.6006386,0.34969056,0.24317582,0.46202606,0.70610845,0.7149282,0.23356192,0.6746545,0.2984962,0.59120387,0.40063816,0.35059,0.46081814,0.37275237,0.08761122,-0.29833698,-0.39339286,-0.49962592,-0.5171809,0.5694444,0.66449594,0.3851813,0.1741237,0.4323597,0.40694916,0.30278307,0.4970851,0.51560724,0.40201002,-0.47599578,0.0069963057,0.39085865,0.23306602
-0.8359447,-0.65131277,0.18300879,-0.95301485,-0.27278173,0.6075665,-0.92205,-0.66616344,0.5432862,-0.8182144,0.82366455,0.85263205,0.7098174,0.56876206,0.97129476,-0.89740026,0.8569484,0.6908901,-0.045214795,0.7829349,-0.22825864,0.71026117,0.08385751,0.927678,0.49677235,0.74272954,0.44693345,0.80748206,0.8515348,0.6863011,0.9165621,-0.8668008,-0.90409505,-0.5348645,0.50203884,0.6871794,0.64095604,-0.9402973,-0.8873911,-0.8556826,-0.49289346,0.73762846,-0.4311084,0.4190076,-0.77900237,0.43126902,0.4477908,0.114478424,0.65196645,0.43167043,0.8771282,0.6029431,0.86131144,-0.021924326,0.6576041,0.8327581,0.678819,0.042715583,0.86008066,-0.7081207,0.22719108,0.7264553,0.49285278,0.6559275,0.92110765,0.97112787,0.6615727,0.89818126,0.78865886,0.6894118,0.9310769,0.86625993,0.8668697,0.2584741,0.7185899,-0.30766135,0.91302836,-0.30067667,0.68345225,0.87807673,0.50469905,0.43945277,-0.66804874,-0.89553523,-0.9346055,-0.94029534,0.7023345,0.09912492,0.7042663,0.4824251,0.864805,0.81857455,0.70065624,0.7941026,0.802847,0.3355989,-0.93790364,-0.620574,0.55604446,0.59977764
0.9238401,0.71411985,0.021197481,0.9121176,0.33534268,-0.44065422,0.92462766,0.60153043,-0.42538977,0.9101217,-0.8162009,-0.8323772,-0.6453953,-0.4573069,-0.89740026,0.97119737,-0.84194964,-0.58483,0.14656942,-0.64095044,0.43906128,-0.66467345,0.13572188,-0.8972459,-0.38473564,-0.7148003,-0.46617922,-0.78497016,-0.7056085,-0.6305398,-0.95888394,0.9025905,0.9692688,0.71170187,-0.4611553,-0.53417647,-0.47280118,0.94274044,0.93588203,0.87931186,0.5424222,-0.7357776,0.52235883,-0.36823305,0.77342045,-0.50336707,-0.4730476,-0.12029091,-0.5033636,-0.32128185,-0.9476954,-0.51385164,-0.92077607,-0.13774954,-0.52322656,-0.7408163,-0.72159225,0.111301735,-0.847819,0.8150779,-0.11790834,-0.57759845,-0.26321456,-0.5406949,-0.9011227,-0.89483464,-0.75787723,-0.87028044,-0.6626339,-0.55934834,-0.8441191,-0.84337044,-0.75619376,-0.28957972,-0.5733999,0.4142982,-0.79464436,0.45009002,-0.8053584,-0.95255244,-0.27816144,-0.27065063,0.7446511,0.94723326,0.95141214,0.94422877,-0.5515841,0.0013554343,-0.5700327,-0.36293006,-0.94448745,-0.9138824,-0.8083817,-0.8521841,-0.8610779,-0.39650294,0.92406106,0.6223401,-0.3935934,-0.5544906
-0.79345685,-0.5451298,0.1213582,-0.8559908,-0.13026433,0.53678757,-0.88224447,-0.54161394,0.49556303,-0.73012817,0.849306,0.8979214,0.81380343,0.7153338,0.8569484,-0.84194964,0.9238465,0.49477935,0.21703924,0.7006428,-0.39644754,0.82243764,0.1665551,0.87332577,0.62397337,0.83675164,0.6393174,0.88985264,0.73981667,0.8105861,0.865561,-0.79551655,-0.85557973,-0.61865175,0.66495466,0.53799105,0.564866,-0.8548287,-0.8138329,-0.7851112,-0.5202398,0.828316,-0.23860157,0.57436204,-0.6527027,0.62958515,0.64231753,0.37132704,0.56020117,0.3300155,0.82827115,0.59591746,0.82683456,0.15237412,0.60949004,0.7364377,0.6593249,-0.0132197235,0.87082744,-0.5691049,0.43685317,0.7240812,0.47132635,0.6901916,0.78805375,0.8433386,0.6280696,0.8611327,0.59139717,0.47096765,0.76421285,0.9071336,0.8193276,0.39240322,0.71242195,-0.09743427,0.797899,-0.119569555,0.71105516,0.83814496,0.35062018,0.22620633,-0.6277241,-0.8006567,-0.8612267,-0.8565848,0.6331272,0.32288828,0.5604768,0.37818992,0.82075405,0.80838954,0.7102173,0.817162,0.83366716,0.50333947,-0.8283441,-0.39420938,0.45161057,0.50779116
-0.49998006,-0.44457227,0.3683548,-0.7065508,-0.24678433,0.6387376,-0.5918479,-0.5329887,0.57039785,-0.5624914,0.53112626,0.5077478,0.3820541,0.23588744,0.6908901,-0.58483,0.49477935,0.89964706,-0.29898366,0.72181976,0.2001771,0.35138738,0.0006739553,0.669232,0.21966273,0.36341935,0.030881533,0.4357841,0.72651875,0.3168903,0.62108207,-0.5523391,-0.5764841,-0.079398125,0.17561328,0.7793008,0.6187966,-0.6715899,-0.58813703,-0.54428625,-0.042509247,0.3494259,-0.41979545,0.16439793,-0.59255123,0.01380001,0.08039388,-0.25374666,0.7230855,0.6706477,0.60588336,0.5548546,0.61580366,-0.27199656,0.62037396,0.77208227,0.5338869,0.34270108,0.58890265,-0.53918976,-0.03299542,0.5177772,0.46753633,0.50630224,0.74920475,0.71272635,0.5311309,0.66847616,0.8690033,0.8915367,0.79970497,0.55313814,0.6460366,0.14513355,0.58435196,-0.37334526,0.73778814,-0.3892907,0.37223595,0.5867914,0.68151104,0.80391115,-0.319332,-0.6223817,-0.66573405,-0.6647879,0.64436114,-0.2103054,0.81412065,0.7023219,0.5866096,0.53065765,0.4602276,0.5149828,0.5137234,0.056780912,-0.72943234,-0.6097901,0.7076429,0.7018628
0.13829795,0.26735288,0.11064628,0.08842166,0.32168943,0.07450037,0.013306672,0.0757066,0.023203164,0.24941033,0.05109393,0.15553048,0.37473053,0.6035222,-0.045214795,0.14656942,0.21703924,-0.29898366,0.8631567,0.049695738,-0.08373594,0.3538234,0.61588144,-0.04046379,0.44376642,0.28656512,0.4627387,0.26375625,0.011623941,0.4705283,-0.07901439,0.15817463,0.12634924,0.0026759012,0.4676988,-0.12000783,0.10251392,0.12018295,0.12484197,0.058850106,-0.14571103,0.29533082,0.57470894,0.42760187,0.24036272,0.38758206,0.43694943,0.6666759,0.014752306,-0.10940266,-0.13870469,0.108881444,-0.12576956,0.107308924,0.08803302,-0.079355,-0.1096027,-0.009311169,0.04572403,0.37458235,0.6090384,0.28796792,0.37139213,0.31700373,-0.20242248,-0.068303905,-0.24202299,0.031969644,-0.21964788,-0.29298213,-0.17204696,0.18481189,0.18332094,0.13354151,0.21646544,0.5558708,-0.021533094,0.70962,-0.039888874,-0.11145458,-0.016591486,-0.25863653,0.100606605,0.21457943,0.12891285,0.116914734,0.08863811,0.7125662,-0.13465473,-0.15202408,-0.14495012,-0.13738808,-0.14113721,-0.0013313578,0.0111158425,0.25816503,0.17510179,0.51974505,-0.000354097,-0.1490871
-0.54162407,-0.3080655,0.56664896,-0.7839769,0.056532733,0.838241,-0.7295284,-0.45273456,0.7451093,-0.5534736,0.7315801,0.76167035,0.74278545,0.58113825,0.7829349,-0.64095044,0.7006428,0.72181976,0.049695738,0.91126245,-0.007657162,0.70719725,0.32656398,0.8031956,0.6487087,0.71151423,0.44650745,0.73743063,0.8868673,0.6635647,0.6806167,-0.62869006,-0.65729916,-0.23907088,0.5756273,0.8694707,0.8454832,-0.75917935,-0.66136956,-0.6431501,-0.28562385,0.6805519,-0.13441631,0.54104924,-0.50568676,0.356302,0.43060648,0.14087024,0.8420825,0.5997635,0.65300894,0.7667497,0.67934597,-0.06044735,0.8434173,0.88491964,0.64297813,0.42985678,0.77241945,-0.41459394,0.4170592,0.8273704,0.7065927,0.6249251,0.7089602,0.7828864,0.4573341,0.73346245,0.74689054,0.7310083,0.7835538,0.7572173,0.8162862,0.3097195,0.85230935,0.010968871,0.8677278,-0.07146314,0.42394167,0.6448463,0.7462938,0.5781681,-0.3131519,-0.6271831,-0.7282809,-0.7513214,0.8697729,0.27094972,0.8601268,0.61800313,0.6341983,0.59352887,0.48701385,0.6582869,0.65847635,0.3465947,-0.7765554,-0.45611584,0.7877821,0.62463856
0.43900597,0.1353374,0.2351613,0.20485806,-0.18200792,0.07213113,0.34227255,-0.1757316,-0.09571549,0.4196512,-0.41784638,-0.41866153,-0.36832744,-0.16808453,-0.22825864,0.43906128,-0.39644754,0.2001771,-0.08373594,-0.007657162,0.9235138,-0.42527428,0.28798038,-0.3009376,-0.2654683,-0.46163505,-0.6228212,-0.4507509,0.013530586,-0.37625945,-0.41752902,0.35027435,0.4615323,0.7823397,-0.46473032,0.12015712,0.087216794,0.31911087,0.3884455,0.30546284,0.34654194,-0.5359483,0.0384695,-0.42216906,0.068329796,-0.7298083,-0.6166254,-0.51565695,0.045930844,0.09003598,-0.4465816,-0.20749801,-0.47676337,-0.81281215,-0.058038373,-0.1123524,-0.4991993,0.16653703,-0.39600092,0.30094385,-0.26209077,-0.06106562,0.2905088,-0.0013799844,-0.18106875,-0.20067042,-0.46055996,-0.24007654,0.22923876,0.2801804,-0.054711718,-0.39286005,-0.08840742,-0.5458852,-0.066412605,-0.044659086,-0.056692094,0.18349503,-0.62720376,-0.4684764,0.44164455,0.4890217,0.3100057,0.36779213,0.3437075,0.33108345,0.015209876,-0.23452283,0.08438517,0.14469692,-0.46771652,-0.5490007,-0.5737374,-0.5735388,-0.56734204,-0.6819048,0.23451878,-0.06272026,0.12382972,-0.08875351
-0.6075789,-0.24029808,0.369196,-0.7009523,0.22315666,0.64726126,-0.75967526,-0.28404957,0.63377804,-0.53928065,0.8023805,0.87536067,0.9143944,0.7642962,0.71026117,-0.66467345,0.82243764,0.35138738,0.3538234,0.70719725,-0.42527428,0.92040056,0.35130978,0.77004564,0.8271609,0.9152839,0.8205771,0.9133432,0.6975467,0.87457144,0.6920517,-0.63824695,-0.6980337,-0.5382899,0.85620284,0.5565238,0.6320672,-0.71797085,-0.6702377,-0.6577377,-0.5015196,0.8946783,0.06991988,0.7762413,-0.37822413,0.74887115,0.7673414,0.5456121,0.59064984,0.29597166,0.65894616,0.70536053,0.6926069,0.2913882,0.7191409,0.70949924,0.6469246,0.23505592,0.8117634,-0.33686203,0.6913228,0.8035114,0.57002157,0.58959514,0.5695572,0.68676317,0.43689573,0.69557667,0.41820815,0.33322096,0.588349,0.83955514,0.74888587,0.46642658,0.77969044,0.2404337,0.71409625,0.118124574,0.56360394,0.6737679,0.3919096,0.122198865,-0.37695912,-0.5939057,-0.6936327,-0.717041,0.6828767,0.6032896,0.5398712,0.31599337,0.65150964,0.6520388,0.56100446,0.74836123,0.75891477,0.64265454,-0.6728016,-0.20708963,0.492208,0.38948733
0.15678117,0.2695395,0.48219758,-0.06494857,0.3207811,0.41442877,-0.08341384,-0.0979357,0.23975481,0.22182292,0.03971512,0.16871059,0.416255,0.6012763,0.08385751,0.13572188,0.1665551,0.0006739553,0.61588144,0.32656398,0.28798038,0.35130978,0.9397765,0.054362543,0.53889084,0.30315048,0.32196495,0.2618035,0.32591343,0.44792372,-0.09120327,0.08610624,0.122608185,0.26323152,0.42097843,0.25231013,0.44502935,-0.0010532681,0.04254509,-0.072696626,-0.23994617,0.2772834,0.5520978,0.38461345,0.15274724,0.12997462,0.22264619,0.384061,0.29127842,-0.009645928,-0.16228086,0.25173864,-0.16031218,-0.2619903,0.36542535,0.16747874,-0.1289466,0.2639035,0.05725033,0.32920387,0.5638651,0.5662031,0.737564,0.35847485,-0.084046945,0.0765959,-0.42958242,0.07737137,0.10640444,0.06234584,0.05327911,0.17497611,0.37019897,-0.15409729,0.4220156,0.53832084,0.24051562,0.76266015,-0.26458308,-0.15003553,0.45119774,0.077067874,0.17667523,0.16613126,0.05779835,0.009706834,0.3994012,0.69724226,0.18099278,-0.042801827,-0.1875045,-0.24759944,-0.35475147,-0.093478784,-0.09435539,0.02958802,0.022192795,0.2502413,0.28303218,-0.12556764
-0.8218076,-0.5924053,0.23341405,-0.9381218,-0.17066696,0.6492544,-0.9159386,-0.5810036,0.6131834,-0.79666066,0.8990831,0.91144425,0.7665272,0.57242465,0.927678,-0.8972459,0.87332577,0.669232,-0.04046379,0.8031956,-0.3009376,0.77004564,0.054362543,0.96429837,0.5739744,0.8049669,0.51870227,0.85928845,0.84635437,0.71384764,0.9057908,-0.867067,-0.91978085,-0.5702753,0.57291555,0.7020309,0.66214764,-0.9386813,-0.86970806,-0.8187102,-0.4562909,0.7781806,-0.39245552,0.5002799,-0.7347836,0.5075026,0.51891714,0.14886174,0.6727034,0.4639888,0.89927423,0.66575754,0.8972675,0.074297346,0.70382476,0.85818696,0.7380194,0.116338894,0.9247422,-0.6648712,0.31162596,0.73678005,0.47445214,0.62241983,0.8808092,0.92011213,0.69938004,0.8793762,0.7342975,0.65201813,0.8792782,0.8922015,0.8349228,0.38247377,0.7604598,-0.22010998,0.8974451,-0.3109739,0.7031995,0.89858663,0.49894074,0.41482377,-0.6252366,-0.8820882,-0.93870634,-0.94318485,0.72965103,0.1456509,0.71874017,0.53788304,0.8886278,0.8612813,0.75662595,0.8470338,0.8563926,0.4342565,-0.93963087,-0.5970773,0.5734848,0.62201905
-0.3232304,0.059949357,0.5592974,-0.47057998,0.46412647,0.6830661,-0.52913296,-0.06954311,0.65924275,-0.24724841,0.62957704,0.71236026,0.8518337,0.7177329,0.49677235,-0.38473564,0.62397337,0.21966273,0.44376642,0.6487087,-0.2654683,0.8271609,0.53889084,0.5739744,0.8926129,0.8125917,0.7635296,0.77179956,0.61250925,0.77809036,0.42263526,-0.38693863,-0.43194515,-0.29658574,0.84059936,0.53064215,0.6480324,-0.4831897,-0.4163112,-0.4160692,-0.37994257,0.75412726,0.31324732,0.7731869,-0.11981203,0.6318613,0.6832232,0.55186296,0.5674509,0.24873981,0.40126872,0.68669766,0.45009568,0.24733812,0.72676915,0.6022264,0.49159327,0.40858597,0.6464666,-0.042175066,0.81964576,0.7826673,0.6404525,0.46781203,0.31156296,0.46985334,0.16854075,0.4700808,0.2614351,0.22004437,0.37616324,0.66510826,0.6129639,0.42973775,0.7702967,0.5107391,0.5754004,0.34551737,0.29077646,0.416013,0.45220038,0.08255138,-0.103663,-0.3064561,-0.44197357,-0.48339075,0.6674393,0.7340205,0.48168093,0.26813436,0.39386478,0.39484215,0.3167506,0.53807354,0.5435234,0.5619122,-0.4473059,-0.014840808,0.49707103,0.23987485
-0.65882194,-0.294605,0.33346167,-0.73494065,0.18209368,0.6329931,-0.7972633,-0.30889392,0.61899173,-0.58932364,0.83324313,0.9056219,0.91206366,0.72917795,0.74272954,-0.7148003,0.83675164,0.36341935,0.28656512,0.71151423,-0.46163505,0.9152839,0.30315048,0.8049669,0.8125917,0.9460208,0.81243896,0.9328706,0.71576357,0.8670246,0.72551095,-0.6948905,-0.746781,-0.593318,0.8384156,0.55733085,0.63202715,-0.75783646,-0.71429265,-0.6947306,-0.5470167,0.89662313,0.0043289233,0.75567895,-0.4297114,0.7500732,0.7618377,0.5136715,0.5769786,0.27641046,0.70179665,0.69261146,0.72879493,0.294702,0.70877165,0.71972406,0.66795444,0.19493647,0.8448898,-0.3942487,0.6606184,0.79536647,0.5281322,0.5576074,0.6035179,0.7177448,0.46870875,0.71004856,0.42921364,0.34282586,0.61434364,0.85446113,0.75644064,0.4599142,0.7776179,0.18427867,0.7371074,0.05157113,0.59123707,0.71511006,0.37816888,0.102840036,-0.43037975,-0.6479655,-0.7361551,-0.75994754,0.6864755,0.56084466,0.54139936,0.30637005,0.6955801,0.6977209,0.6009208,0.77454674,0.78525615,0.63772565,-0.7131934,-0.26055416,0.47007555,0.38940758
-0.43230826,-0.02764365,0.23574886,-0.41962862,0.39166477,0.41330945,-0.54414284,0.0060075624,0.44859928,-0.36503494,0.6170478,0.69714475,0.79576045,0.6588105,0.44693345,-0.46617922,0.6393174,0.030881533,0.4627387,0.44650745,-0.6228212,0.8205771,0.32196495,0.51870227,0.7635296,0.81243896,0.9369737,0.78201556,0.40808946,0.803569,0.4807263,-0.40947914,-0.49997187,-0.584833,0.8784048,0.272773,0.41956127,-0.4697432,-0.4699574,-0.45707715,-0.4649074,0.83145577,0.30909184,0.8290249,-0.080261,0.8844429,0.87670803,0.7614373,0.35621822,0.12151535,0.4609391,0.5566954,0.5048093,0.5353093,0.50237215,0.43507934,0.5489462,0.1739335,0.6114154,-0.16408056,0.7335682,0.594671,0.35083544,0.36562422,0.28177652,0.4165237,0.2965657,0.44100827,0.053986914,-0.015290549,0.26866883,0.66412663,0.5056927,0.5061911,0.5536346,0.40006799,0.41476884,0.25531605,0.4980714,0.48441482,0.07593302,-0.20804492,-0.2019698,-0.37556842,-0.45941746,-0.47485924,0.46074253,0.7275193,0.26354003,0.061474863,0.4641836,0.5008552,0.4505384,0.640367,0.6391548,0.787778,-0.39259684,0.101077706,0.25923795,0.19971347
-0.7291056,-0.3976239,0.2789995,-0.8054639,0.07257874,0.62443286,-0.8542459,-0.40375268,0.6004422,-0.66547054,0.86956906,0.9342867,0.90437317,0.74515676,0.80748206,-0.78497016,0.88985264,0.4357841,0.26375625,0.73743063,-0.4507509,0.9133432,0.2618035,0.85928845,0.77179956,0.9328706,0.78201556,0.9536994,0.7509748,0.8728216,0.7974763,-0.7565435,-0.8141333,-0.6192961,0.80521345,0.58206743,0.63897336,-0.81869686,-0.77677834,-0.7541477,-0.5438446,0.90702665,-0.081559926,0.7191905,-0.5186846,0.7328181,0.75255924,0.47647423,0.6003989,0.3273328,0.77099407,0.68594825,0.78826314,0.25951645,0.70004237,0.7528532,0.69515514,0.12948082,0.88041335,-0.47867942,0.59297514,0.79775006,0.5255759,0.6184896,0.6920805,0.787395,0.54024076,0.78370094,0.5062004,0.4084025,0.6905186,0.8972908,0.8027761,0.45084828,0.7827358,0.08396186,0.7862853,-0.019259652,0.6571301,0.7841675,0.38667077,0.16153184,-0.508053,-0.7278774,-0.8067639,-0.8232769,0.69940805,0.48967937,0.57608175,0.3512935,0.76400816,0.76257646,0.66375923,0.8207201,0.8317111,0.6190275,-0.78257674,-0.3303573,0.48833188,0.45891237
-0.62843865,-0.4309533,0.47913808,-0.85636616,-0.08974418,0.7912375,-0.79910195,-0.58115363,0.67132086,-0.6168237,0.7367284,0.784474,0.7286974,0.59076613,0.8515348,-0.7056085,0.73981667,0.72651875,0.011623941,0.8868673,0.013530586,0.6975467,0.32591343,0.84635437,0.61250925,0.71576357,0.40808946,0.7509748,0.9430967,0.66633785,0.7328292,-0.7156385,-0.7171174,-0.27521262,0.5299658,0.8377885,0.8212316,-0.8203422,-0.7328646,-0.7293582,-0.38999966,0.67511797,-0.22438699,0.46880952,-0.6225774,0.31817406,0.3775311,0.0767187,0.7725588,0.5007378,0.692044,0.6869912,0.6968517,-0.17193082,0.7961391,0.87229604,0.58756876,0.29176778,0.7797016,-0.49658516,0.34949356,0.8408988,0.7130272,0.6388937,0.77733576,0.85480595,0.44166243,0.7788563,0.80569506,0.75471675,0.8565305,0.77256155,0.86795604,0.1814048,0.8317884,-0.09152264,0.93423045,-0.10244798,0.4329188,0.6868626,0.7531416,0.5644262,-0.42823327,-0.70363474,-0.7818912,-0.81545144,0.85016954,0.22483408,0.81641483,0.5533849,0.67018235,0.6136676,0.48251092,0.6432885,0.65147173,0.25129983,-0.8350756,-0.55358887,0.7031192,0.55627185
-0.5834792,-0.24473691,0.30270576,-0.6706475,0.17297083,0.5800056,-0.7353567,-0.32352585,0.53368354,-0.51026785,0.7273251,0.8223055,0.8785744,0.8160506,0.6863011,-0.6305398,0.8105861,0.3168903,0.4705283,0.6635647,-0.37625945,0.87457144,0.44792372,0.71384764,0.77809036,0.8670246,0.803569,0.8728216,0.66633785,0.9017168,0.6613194,-0.5954107,-0.6579808,-0.4962487,0.82653475,0.49367806,0.60624224,-0.67627937,-0.64307475,-0.6471358,-0.51458776,0.86581284,0.12865192,0.74545646,-0.35132915,0.72633624,0.7564528,0.61002326,0.54942286,0.2607544,0.6170274,0.62931067,0.6350294,0.24439722,0.6437909,0.6398171,0.568918,0.13759685,0.7441995,-0.30936447,0.67144406,0.78812236,0.59879494,0.6357111,0.5487576,0.6635611,0.37256858,0.6885563,0.39223787,0.29461473,0.5590428,0.82011175,0.7596458,0.38083863,0.7339343,0.2376115,0.67964685,0.20954812,0.5350366,0.63407105,0.35422885,0.07934386,-0.3694111,-0.558311,-0.6590016,-0.67539275,0.6479265,0.638713,0.48560062,0.23476356,0.60802543,0.6030153,0.49799696,0.69754267,0.7088852,0.59992105,-0.6248783,-0.11934708,0.44861013,0.35460573
-0.90902853,-0.7117766,0.013845498,-0.92375064,-0.31568068,0.48230255,-0.92490554,-0.61469233,0.4652543,-0.90052015,0.83363104,0.84367573,0.67120504,0.51372206,0.9165621,-0.95888394,0.865561,0.62108207,-0.07901439,0.6806167,-0.41752902,0.6920517,-0.09120327,0.9057908,0.42263526,0.72551095,0.4807263,0.7974763,0.7328292,0.6613194,0.97125155,-0.88877714,-0.96570563,-0.6906945,0.4866178,0.5668745,0.5071849,-0.94160223,-0.92301977,-0.8646524,-0.50540274,0.7428315,-0.5041833,0.40027934,-0.7782073,0.51396954,0.50310785,0.16019537,0.5564955,0.38982165,0.9556354,0.55058575,0.93366194,0.13512813,0.553769,0.7685305,0.7360073,-0.08133017,0.86547816,-0.79568887,0.16164312,0.60935354,0.32139125,0.6171628,0.91921103,0.911417,0.7850116,0.9032948,0.69212824,0.59060585,0.8650676,0.87309885,0.7883503,0.34474957,0.6107211,-0.3943735,0.8127076,-0.416757,0.8187312,0.9573858,0.31050307,0.32068995,-0.74032134,-0.9449377,-0.9611043,-0.9438776,0.58779734,0.030952433,0.61197376,0.4205953,0.9506732,0.92213345,0.82430685,0.87428,0.8799908,0.4232699,-0.9274056,-0.58430916,0.45254856,0.6141554
0.86454415,0.6909554,-0.0020276215,0.8851414,0.3413634,-0.44700778,0.89239424,0.61774915,-0.40353274,0.83789754,-0.7803627,-0.80731416,-0.6267644,-0.4363501,-0.8668008,0.9025905,-0.79551655,-0.5523391,0.15817463,-0.62869006,0.35027435,-0.63824695,0.08610624,-0.867067,-0.38693863,-0.6948905,-0.40947914,-0.7565435,-0.7156385,-0.5954107,-0.88877714,0.8896173,0.9015155,0.6287296,-0.4244758,-0.5256375,-0.4720997,0.89646953,0.8787434,0.83914167,0.5520291,-0.6836897,0.5096283,-0.31381077,0.7671728,-0.42072886,-0.39698276,-0.048775144,-0.46771598,-0.24518263,-0.8674401,-0.46219265,-0.83667994,-0.024854418,-0.5129845,-0.71432674,-0.6168802,0.117436625,-0.8087901,0.74272984,-0.12083273,-0.5858208,-0.29601797,-0.4957729,-0.85332966,-0.86561555,-0.6498488,-0.81704795,-0.65970284,-0.54951143,-0.82266295,-0.79138273,-0.7362149,-0.20041026,-0.5727956,0.38080218,-0.79881203,0.40176058,-0.6890067,-0.87144613,-0.3178441,-0.27098066,0.71658933,0.88920367,0.89856625,0.89933574,-0.5462129,-0.00078143645,-0.5425601,-0.32619864,-0.8610448,-0.82503915,-0.7073098,-0.7585045,-0.77625716,-0.29713997,0.8846143,0.6368922,-0.3582191,-0.46033835
0.9150467,0.6951848,-0.018613245,0.92122054,0.28547803,-0.47099635,0.93518525,0.5763245,-0.46472108,0.90326244,-0.8509413,-0.8609575,-0.6782383,-0.4750455,-0.90409505,0.9692688,-0.85557973,-0.5764841,0.12634924,-0.65729916,0.4615323,-0.6980337,0.122608185,-0.91978085,-0.43194515,-0.746781,-0.49997187,-0.8141333,-0.7171174,-0.6579808,-0.96570563,0.9015155,0.985658,0.72712004,-0.49570358,-0.5507169,-0.49450287,0.9565475,0.9325009,0.8728465,0.5439708,-0.7657448,0.5005271,-0.4090378,0.7600478,-0.5358054,-0.515309,-0.15099418,-0.5297915,-0.3391251,-0.96621627,-0.55184746,-0.9431412,-0.16879368,-0.55572546,-0.7651667,-0.74927866,0.062441863,-0.88002396,0.7911336,-0.16549706,-0.6027118,-0.27356422,-0.5424264,-0.8970091,-0.8991923,-0.7695841,-0.8728966,-0.65118814,-0.5472635,-0.8393117,-0.86598694,-0.76282233,-0.34170297,-0.6018368,0.37171853,-0.80502534,0.43177298,-0.8162013,-0.97,-0.2854426,-0.26327,0.73020804,0.9500287,0.9638925,0.9577358,-0.57610387,-0.038184322,-0.5847496,-0.380835,-0.9631866,-0.93313503,-0.82645065,-0.88122547,-0.8889163,-0.4400295,0.93485296,0.61205566,-0.4185782,-0.56761646
0.7052817,0.43057275,0.23674688,0.5380875,0.06440924,-0.08411684,0.6316136,0.16937706,-0.17430526,0.6773581,-0.60404426,-0.6190638,-0.492931,-0.28854728,-0.5348645,0.71170187,-0.61865175,-0.079398125,0.0026759012,-0.23907088,0.7823397,-0.5382899,0.26323152,-0.5702753,-0.29658574,-0.593318,-0.584833,-0.6192961,-0.27521262,-0.4962487,-0.6906945,0.6287296,0.72712004,0.86971223,-0.46654642,-0.10261853,-0.10434438,0.6137277,0.6652092,0.5930299,0.4945014,-0.65435183,0.2842188,-0.36299157,0.40289897,-0.65885055,-0.5688873,-0.3633045,-0.1215576,0.022198282,-0.6995676,-0.28316495,-0.6955737,-0.5614116,-0.21288382,-0.35719937,-0.580441,0.25637418,-0.60099554,0.5664053,-0.17485426,-0.2643746,0.105570555,-0.20018755,-0.5040736,-0.5154,-0.59584105,-0.53212607,-0.12389736,-0.022655318,-0.3908216,-0.60725963,-0.37685066,-0.3994137,-0.2453475,0.1748294,-0.36886883,0.31234628,-0.7559078,-0.71597457,0.22581446,0.25575694,0.5573536,0.65212744,0.6445871,0.62172925,-0.18615903,-0.13521342,-0.13230902,0.042341884,-0.7158693,-0.7477182,-0.70270133,-0.71904683,-0.72048414,-0.55190897,0.5567233,0.23619002,-0.011181552,-0.21922994
-0.40318686,-0.0025825426,0.4181097,-0.47659248,0.42953908,0.5802829,-0.57175094,-0.044189315,0.5867239,-0.348795,0.64875877,0.72936666,0.84941137,0.71436834,0.50203884,-0.4611553,0.66495466,0.17561328,0.4676988,0.5756273,-0.46473032,0.85620284,0.42097843,0.57291555,0.84059936,0.8384156,0.8784048,0.80521345,0.5299658,0.82653475,0.4866178,-0.4244758,-0.49570358,-0.46654642,0.90913904,0.43239236,0.5558139,-0.5118213,-0.48186558,-0.4783159,-0.42026454,0.8346784,0.30695355,0.8439099,-0.108749375,0.8056147,0.83223295,0.687644,0.51203525,0.24240667,0.46761745,0.67301834,0.51867414,0.42251456,0.64607334,0.55705655,0.5801909,0.3356438,0.6553706,-0.13955636,0.7788768,0.71065694,0.50308996,0.462489,0.33508226,0.47390622,0.27676368,0.49515808,0.18742692,0.13453652,0.353602,0.69849753,0.59362173,0.5001707,0.6835902,0.43612313,0.51638573,0.280429,0.4420247,0.48681805,0.2820153,-0.028383974,-0.15876383,-0.38298467,-0.48341826,-0.50740385,0.58885384,0.7415432,0.41085178,0.19946606,0.4619018,0.48919812,0.4207049,0.63680005,0.63383853,0.7293326,-0.4497072,0.04214465,0.4253521,0.28197074
-0.42716378,-0.2204994,0.6499046,-0.6846395,0.06761598,0.859238,-0.605693,-0.3654186,0.76901597,-0.47873187,0.61087775,0.6212116,0.5956649,0.4008389,0.6871794,-0.53417647,0.53799105,0.7793008,-0.12000783,0.8694707,0.12015712,0.5565238,0.25231013,0.7020309,0.53064215,0.55733085,0.272773,0.58206743,0.8377885,0.49367806,0.5668745,-0.5256375,-0.5507169,-0.10261853,0.43239236,0.9304956,0.83360445,-0.6682422,-0.5655625,-0.5391171,-0.17073172,0.52616376,-0.16259986,0.42397273,-0.44118083,0.18597308,0.26640287,-0.03863508,0.86706793,0.65042603,0.5600768,0.75699675,0.59871495,-0.124559835,0.83399665,0.8672452,0.6112814,0.5562415,0.6619159,-0.38303986,0.28191137,0.7251214,0.65585613,0.5089881,0.64394623,0.6905817,0.40813112,0.62570286,0.7535274,0.78857315,0.73419964,0.6204151,0.71358657,0.2523752,0.7804165,-0.036379497,0.79450834,-0.1520499,0.3063518,0.54415405,0.7957041,0.6730236,-0.1908614,-0.539703,-0.6346034,-0.6561244,0.84502435,0.127829,0.90611786,0.66087496,0.5385435,0.49498123,0.3991056,0.5524738,0.55167466,0.23982292,-0.7000363,-0.48574707,0.83124197,0.63224006
-0.37871015,-0.14797992,0.62351704,-0.6349455,0.14112018,0.817371,-0.583739,-0.3390956,0.69688535,-0.3883012,0.5968397,0.6430954,0.68107927,0.5441818,0.64095604,-0.47280118,0.564866,0.6187966,0.10251392,0.8454832,0.087216794,0.6320672,0.44502935,0.66214764,0.6480324,0.63202715,0.41956127,0.63897336,0.8212316,0.60624224,0.5071849,-0.4720997,-0.49450287,-0.10434438,0.5558139,0.83360445,0.9241834,-0.6069188,-0.51331604,-0.51255196,-0.22911249,0.6001744,0.039421514,0.5447464,-0.33625495,0.30506197,0.38541228,0.16472232,0.7858302,0.550011,0.48615465,0.6996373,0.5178726,-0.102444574,0.7951513,0.7791289,0.51527035,0.47356954,0.6347083,-0.2604655,0.4488547,0.7983325,0.7428572,0.51949096,0.5415517,0.6379633,0.2750644,0.57455146,0.6336278,0.6367096,0.6446713,0.62294114,0.7294902,0.2217355,0.79986787,0.13724235,0.7645843,0.0789448,0.25718802,0.47888798,0.75935864,0.52593446,-0.1413396,-0.45630553,-0.56323195,-0.59788406,0.90883255,0.35171717,0.80246586,0.53532374,0.46357334,0.41930574,0.30913535,0.51523644,0.5130936,0.3049279,-0.6193392,-0.32738447,0.73871624,0.5114487
0.88084716,0.6592264,-0.1560682,0.95587504,0.26083148,-0.59038126,0.9458921,0.6215724,-0.5520359,0.87467754,-0.84253395,-0.8657745,-0.70724595,-0.51845646,-0.9402973,0.94274044,-0.8548287,-0.6715899,0.12018295,-0.75917935,0.31911087,-0.71797085,-0.0010532681,-0.9386813,-0.4831897,-0.75783646,-0.4697432,-0.81869686,-0.8203422,-0.67627937,-0.94160223,0.89646953,0.9565475,0.6137277,-0.5118213,-0.6682422,-0.6069188,0.98033935,0.93306494,0.885183,0.5392451,-0.76128566,0.46326065,-0.42015022,0.7692741,-0.46659255,-0.46381736,-0.10265775,-0.6277165,-0.40075028,-0.9243363,-0.6125953,-0.9064306,-0.051406037,-0.6534187,-0.83839774,-0.7317647,-0.0317238,-0.87932646,0.76464176,-0.19452637,-0.6957624,-0.42159015,-0.5973558,-0.9174741,-0.9396155,-0.70079315,-0.8921528,-0.75060666,-0.66158766,-0.9043046,-0.8739375,-0.8373219,-0.28210905,-0.6902158,0.33403873,-0.8859897,0.3705887,-0.73300576,-0.92442125,-0.44346493,-0.3833989,0.68747854,0.9335537,0.9665575,0.97736114,-0.67657804,-0.06598362,-0.6875645,-0.44964534,-0.9132931,-0.87068605,-0.74977696,-0.8382386,-0.8447006,-0.3784148,0.9628495,0.64385426,-0.52661926,-0.59104264
0.8957265,0.6712208,-0.05718217,0.90315795,0.2896807,-0.48661956,0.92337704,0.5914679,-0.45410472,0.8981867,-0.7771821,-0.81044257,-0.655336,-0.47379506,-0.8873911,0.93588203,-0.8138329,-0.58813703,0.12484197,-0.66136956,0.3884455,-0.6702377,0.04254509,-0.86970806,-0.4163112,-0.71429265,-0.4699574,-0.77677834,-0.7328646,-0.64307475,-0.92301977,0.8787434,0.9325009,0.6652092,-0.48186558,-0.5655625,-0.51331604,0.93306494,0.9446538,0.8979837,0.58307266,-0.74266267,0.46629602,-0.37991112,0.7419214,-0.47724435,-0.46468472,-0.1346507,-0.533321,-0.30243397,-0.89371467,-0.5291369,-0.8694798,-0.09222288,-0.55905104,-0.75278413,-0.69643426,0.059956662,-0.8097857,0.7895449,-0.13890857,-0.6268499,-0.33439696,-0.54919124,-0.8761718,-0.88872766,-0.6802553,-0.853739,-0.67125505,-0.57740283,-0.8421744,-0.8262001,-0.78345907,-0.22436737,-0.5897298,0.3757233,-0.8073064,0.37701797,-0.74071515,-0.8973939,-0.32179374,-0.27524495,0.6972097,0.9136743,0.9254267,0.9288011,-0.5865786,-0.052167416,-0.59192234,-0.32556224,-0.8877252,-0.8493347,-0.7274622,-0.8092707,-0.8201472,-0.37590775,0.9033847,0.602447,-0.42909685,-0.5187499
0.8496187,0.6386419,-0.07023141,0.8680141,0.2953124,-0.4745909,0.8906932,0.6083,-0.4081716,0.8363852,-0.714172,-0.77150303,-0.6508714,-0.5134712,-0.8556826,0.87931186,-0.7851112,-0.54428625,0.058850106,-0.6431501,0.30546284,-0.6577377,-0.072696626,-0.8187102,-0.4160692,-0.6947306,-0.45707715,-0.7541477,-0.7293582,-0.6471358,-0.8646524,0.83914167,0.8728465,0.5930299,-0.4783159,-0.5391171,-0.51255196,0.885183,0.8979837,0.8961419,0.6199239,-0.71460587,0.40204147,-0.3629385,0.7104497,-0.43598124,-0.42491618,-0.15062931,-0.49606597,-0.22881058,-0.81705487,-0.4753455,-0.78496313,-0.0035755858,-0.53688455,-0.7078863,-0.5976253,0.09049953,-0.7515304,0.7327007,-0.16236956,-0.6510012,-0.39978436,-0.5518882,-0.828356,-0.8573215,-0.56810665,-0.81821597,-0.658604,-0.55620706,-0.8134774,-0.7929392,-0.7897967,-0.12964116,-0.57998407,0.32725832,-0.7941251,0.26769346,-0.6513963,-0.8218068,-0.34836745,-0.25336435,0.6681292,0.85799587,0.8723343,0.88296187,-0.57917273,-0.10654388,-0.55455697,-0.2543079,-0.80662084,-0.7573384,-0.6207172,-0.72725034,-0.73822105,-0.30665562,0.85614055,0.5578946,-0.3981344,-0.4291135
0.553776,0.31666225,-0.024513617,0.5093189,0.037495486,-0.21488309,0.58884084,0.29952097,-0.15031564,0.50065196,-0.39383084,-0.50853866,-0.50008464,-0.43098968,-0.49289346,0.5424222,-0.5202398,-0.042509247,-0.14571103,-0.28562385,0.34654194,-0.5015196,-0.23994617,-0.4562909,-0.37994257,-0.5470167,-0.4649074,-0.5438446,-0.38999966,-0.51458776,-0.50540274,0.5520291,0.5439708,0.4945014,-0.42026454,-0.17073172,-0.22911249,0.5392451,0.58307266,0.6199239,0.76583266,-0.5716205,0.09452972,-0.2516645,0.36266184,-0.37546176,-0.35131842,-0.29252636,-0.13760026,0.23940516,-0.44600803,-0.21327251,-0.39709687,-0.09677169,-0.28778738,-0.33116037,-0.2591616,0.20730257,-0.40505758,0.3758803,-0.23270467,-0.49325758,-0.26687038,-0.27818474,-0.39474925,-0.4897018,-0.124560386,-0.452003,-0.20251167,-0.09063458,-0.38903886,-0.49256852,-0.50844806,0.08248535,-0.31504726,0.021389607,-0.44840205,-0.08130151,-0.34860212,-0.461178,-0.05854684,0.21834996,0.47546762,0.49039042,0.49604857,0.53236526,-0.27568683,-0.3311615,-0.12879291,0.23723578,-0.44042253,-0.39331403,-0.2505773,-0.3915006,-0.40761167,-0.17445329,0.46945736,0.21465752,-0.046552323,0.08354515
-0.68482506,-0.30431473,0.27441964,-0.7222805,0.17599821,0.58737826,-0.79734147,-0.273277,0.5884522,-0.63592106,0.7945922,0.8650405,0.8794169,0.7204671,0.73762846,-0.7357776,0.828316,0.3494259,0.29533082,0.6805519,-0.5359483,0.8946783,0.2772834,0.7781806,0.75412726,0.89662313,0.83145577,0.90702665,0.67511797,0.86581284,0.7428315,-0.6836897,-0.7657448,-0.65435183,0.8346784,0.52616376,0.6001744,-0.76128566,-0.74266267,-0.71460587,-0.5716205,0.92152184,0.006993141,0.7580525,-0.40280193,0.79306316,0.7971422,0.579139,0.5676807,0.2905222,0.7221575,0.68266416,0.74941504,0.36694703,0.66860884,0.69585663,0.7078202,0.17076738,0.81785727,-0.4534865,0.62206364,0.75543964,0.4871872,0.5625982,0.6122669,0.71269745,0.5058137,0.71739554,0.40216917,0.31773552,0.60233414,0.8567145,0.74949634,0.47256887,0.7213229,0.1434477,0.7006437,0.03946842,0.6586171,0.73790455,0.30069092,0.063092574,-0.43147188,-0.6683563,-0.7474804,-0.75930834,0.6559348,0.54959285,0.5262141,0.25913507,0.71709704,0.72465885,0.6341487,0.8089329,0.8120457,0.6881255,-0.70357764,-0.2027798,0.4634171,0.4200272
0.525455,0.63480014,0.30375952,0.46996742,0.6042309,0.021112146,0.39295918,0.47296965,0.027758135,0.5542245,-0.26361436,-0.20638551,0.0833853,0.22416352,-0.4311084,0.52235883,-0.23860157,-0.41979545,0.57470894,-0.13441631,0.0384695,0.06991988,0.5520978,-0.39245552,0.31324732,0.0043289233,0.30909184,-0.081559926,-0.22438699,0.12865192,-0.5041833,0.5096283,0.5005271,0.2842188,0.30695355,-0.16259986,0.039421514,0.46326065,0.46629602,0.40204147,0.09452972,0.006993141,0.8328858,0.36472315,0.6550393,0.21077958,0.25912482,0.53081584,-0.07012761,-0.09087951,-0.5145648,0.029993573,-0.46246713,0.17730993,-0.0012639202,-0.2779934,-0.23115517,0.30046067,-0.2875603,0.6129423,0.5193879,0.05556919,0.21722296,-0.08124572,-0.5893158,-0.4502843,-0.52060914,-0.41024703,-0.4736825,-0.4294076,-0.5094656,-0.2195956,-0.18660933,0.0800101,0.004396746,0.72480893,-0.32678795,0.71792614,-0.35901725,-0.4995454,-0.037203997,-0.2731606,0.55925226,0.5788843,0.5016863,0.46876204,-0.019269196,0.6503105,-0.21654019,-0.21622908,-0.51532966,-0.48408198,-0.45046157,-0.28225505,-0.3070482,0.24510998,0.507911,0.64856887,-0.030626021,-0.27105594
-0.3023009,0.07858581,0.4206987,-0.38955167,0.46259552,0.5418724,-0.46778974,0.04492112,0.5672951,-0.26273033,0.58667004,0.6471299,0.76782024,0.6209167,0.4190076,-0.36823305,0.57436204,0.16439793,0.42760187,0.54104924,-0.42216906,0.7762413,0.38461345,0.5002799,0.7731869,0.75567895,0.8290249,0.7191905,0.46880952,0.74545646,0.40027934,-0.31381077,-0.4090378,-0.36299157,0.8439099,0.42397273,0.5447464,-0.42015022,-0.37991112,-0.3629385,-0.2516645,0.7580525,0.36472315,0.8696399,-0.0025306456,0.76896834,0.80946165,0.6622019,0.4967907,0.31978154,0.39331335,0.6416415,0.45526376,0.4258686,0.6061583,0.50936437,0.54736304,0.3804394,0.5899028,-0.06921725,0.737305,0.62825525,0.45968953,0.38216734,0.25330004,0.39532664,0.24950235,0.41100278,0.14635706,0.118574716,0.28230855,0.61921674,0.5139277,0.5132156,0.63249195,0.46500334,0.44648635,0.28191563,0.40035748,0.4086473,0.26832855,0.027546365,-0.020765543,-0.28217262,-0.40036595,-0.41782773,0.5675911,0.70218813,0.4048518,0.24698058,0.3926978,0.42193025,0.38056323,0.5938162,0.58229804,0.7471256,-0.37133962,0.108128294,0.42661342,0.3157525
0.749637,0.7493884,0.10814316,0.7954203,0.5505703,-0.315653,0.74409354,0.7257421,-0.22988921,0.72544,-0.6008837,-0.60506797,-0.3829956,-0.29019594,-0.77900237,0.77342045,-0.6527027,-0.59255123,0.24036272,-0.50568676,0.068329796,-0.37822413,0.15274724,-0.7347836,-0.11981203,-0.4297114,-0.080261,-0.5186846,-0.6225774,-0.35132915,-0.7782073,0.7671728,0.7600478,0.40289897,-0.108749375,-0.44118083,-0.33625495,0.7692741,0.7419214,0.7104497,0.36266184,-0.40280193,0.6550393,-0.0025306456,0.86237866,-0.092834316,-0.0722493,0.22397235,-0.3690153,-0.21733499,-0.75276136,-0.2587645,-0.6974966,0.23516655,-0.34962046,-0.5951146,-0.4080584,0.23990247,-0.6377442,0.6892891,0.12930492,-0.42270458,-0.23006155,-0.48766053,-0.8355173,-0.7887076,-0.58370566,-0.75812066,-0.72008884,-0.6112576,-0.805627,-0.62441516,-0.62970066,0.00051673595,-0.41859,0.5468832,-0.7114638,0.4650895,-0.5292944,-0.74941087,-0.32598913,-0.39012223,0.72299945,0.8005832,0.783599,0.7713886,-0.40092313,0.2557542,-0.47400475,-0.3467951,-0.74247485,-0.68667805,-0.5811112,-0.55595815,-0.57834303,0.028276721,0.7927234,0.68713605,-0.28553092,-0.42106038
-0.47503453,-0.100690655,0.07017858,-0.4032163,0.30060297,0.278529,-0.5228979,0.025803506,0.36129403,-0.41952726,0.61218107,0.6660693,0.70946413,0.55860794,0.43126902,-0.50336707,0.62958515,0.01380001,0.38758206,0.356302,-0.7298083,0.74887115,0.12997462,0.5075026,0.6318613,0.7500732,0.8844429,0.7328181,0.31817406,0.72633624,0.51396954,-0.42072886,-0.5358054,-0.65885055,0.8056147,0.18597308,0.30506197,-0.46659255,-0.47724435,-0.43598124,-0.37546176,0.79306316,0.21077958,0.76896834,-0.092834316,0.9282667,0.8827759,0.7455387,0.27703738,0.14668463,0.5115758,0.48356372,0.5561587,0.6324322,0.39056548,0.3798852,0.57617867,0.059771974,0.6027749,-0.23298475,0.61296785,0.45506376,0.17659235,0.31868088,0.3042599,0.4011659,0.41153747,0.44602656,0.016340435,-0.05894832,0.24878013,0.64607793,0.43185416,0.5640652,0.4494632,0.28921545,0.35136992,0.11308457,0.60759944,0.5333944,-0.06848963,-0.23412567,-0.2296786,-0.40608174,-0.4722861,-0.4689349,0.3593027,0.602551,0.20034857,0.06298412,0.52010804,0.5727773,0.5488908,0.69163835,0.6874819,0.83335197,-0.3923934,0.09946053,0.17708577,0.2551561
-0.43872008,-0.057089344,0.1680592,-0.41055587,0.3392713,0.3702333,-0.522205,0.0051469356,0.43765584,-0.3778811,0.619421,0.67552686,0.7481197,0.6174965,0.4477908,-0.4730476,0.64231753,0.08039388,0.43694943,0.43060648,-0.6166254,0.7673414,0.22264619,0.51891714,0.6832232,0.7618377,0.87670803,0.75255924,0.3775311,0.7564528,0.50310785,-0.39698276,-0.515309,-0.5688873,0.83223295,0.26640287,0.38541228,-0.46381736,-0.46468472,-0.42491618,-0.35131842,0.7971422,0.25912482,0.80946165,-0.0722493,0.8827759,0.8850127,0.7362248,0.35818732,0.21783799,0.49151725,0.5401455,0.54339075,0.56589943,0.46562386,0.42800424,0.5801877,0.16318603,0.61866534,-0.1919687,0.6632328,0.52791345,0.2909107,0.38464278,0.31680757,0.4147938,0.38457006,0.4651062,0.071424745,0.010576902,0.28208435,0.6639933,0.46945238,0.5656643,0.515501,0.3355098,0.38966125,0.17313644,0.56249595,0.51707184,0.04411602,-0.13971215,-0.17743468,-0.3825906,-0.4688621,-0.4738912,0.42739642,0.63514704,0.2767521,0.14311329,0.49644276,0.54741555,0.51414895,0.6762245,0.66993356,0.8168278,-0.39607644,0.10568179,0.2728779,0.29602343
-0.119092226,0.18999062,0.06587472,-0.070308454,0.41787523,0.1276944,-0.20375276,0.18832216,0.16127875,-0.046931576,0.27807456,0.36139202,0.5297461,0.5763912,0.114478424,-0.12029091,0.37132704,-0.25374666,0.6666759,0.14087024,-0.51565695,0.5456121,0.384061,0.14886174,0.55186296,0.5136715,0.7614373,0.47647423,0.0767187,0.61002326,0.16019537,-0.048775144,-0.15099418,-0.3633045,0.687644,-0.03863508,0.16472232,-0.10265775,-0.1346507,-0.15062931,-0.29252636,0.579139,0.53081584,0.6622019,0.22397235,0.7455387,0.7362248,0.88679343,0.10801879,-0.02253529,0.12569568,0.28632846,0.16897315,0.5130023,0.19735767,0.07859968,0.2503775,0.0599249,0.2589216,0.11096585,0.64392704,0.3343043,0.23056126,0.24797848,-0.048527993,0.08330235,0.039643817,0.15996253,-0.24612829,-0.31936643,-0.070024915,0.37296766,0.23440361,0.37083417,0.25813964,0.50333303,0.062081702,0.48983902,0.2979328,0.16186956,-0.16490182,-0.38224855,0.024458576,-0.027493477,-0.10617122,-0.108748734,0.17931774,0.7448857,-0.035363726,-0.1632846,0.13333347,0.18146211,0.16652872,0.3373311,0.33116505,0.64587235,-0.025287412,0.43749797,0.04809036,0.0050170342
-0.39599273,-0.14687939,0.6484022,-0.6361486,0.16866964,0.8391194,-0.5718149,-0.28083414,0.7908543,-0.44892383,0.612604,0.6195519,0.629706,0.47017774,0.65196645,-0.5033636,0.56020117,0.7230855,0.014752306,0.8420825,0.045930844,0.59064984,0.29127842,0.6727034,0.5674509,0.5769786,0.35621822,0.6003989,0.7725588,0.54942286,0.5564955,-0.46771598,-0.5297915,-0.1215576,0.51203525,0.86706793,0.7858302,-0.6277165,-0.533321,-0.49606597,-0.13760026,0.5676807,-0.07012761,0.4967907,-0.3690153,0.27703738,0.35818732,0.10801879,0.91383636,0.68429476,0.5475743,0.8036075,0.60063654,-0.004250812,0.83266723,0.841609,0.6497506,0.57611716,0.65680456,-0.3347608,0.36848336,0.7135242,0.6569793,0.5627523,0.60287815,0.65169764,0.4270408,0.6262818,0.6831608,0.72363114,0.6781728,0.64014935,0.70187783,0.36072892,0.777334,0.044715945,0.73348975,-0.07320141,0.35722265,0.5341939,0.71638143,0.6153734,-0.15290391,-0.49408096,-0.6044489,-0.6187383,0.7977865,0.21221535,0.8727356,0.6466105,0.5290977,0.49934304,0.42582056,0.58436346,0.57884353,0.32968444,-0.6525786,-0.35124063,0.8799013,0.6665342
-0.21886697,-0.10157196,0.37865895,-0.41159892,0.0459693,0.5476613,-0.3157818,-0.15899873,0.53896505,-0.29674208,0.42681444,0.37106895,0.31974018,0.16978678,0.43167043,-0.32128185,0.3300155,0.6706477,-0.10940266,0.5997635,0.09003598,0.29597166,-0.009645928,0.4639888,0.24873981,0.27641046,0.12151535,0.3273328,0.5007378,0.2607544,0.38982165,-0.24518263,-0.3391251,0.022198282,0.24240667,0.65042603,0.550011,-0.40075028,-0.30243397,-0.22881058,0.23940516,0.2905222,-0.09087951,0.31978154,-0.21733499,0.14668463,0.21783799,-0.02253529,0.68429476,0.8596002,0.40796602,0.5623801,0.47428757,0.024974898,0.5276105,0.59967184,0.53010845,0.48005122,0.46130934,-0.24924198,0.11732503,0.34648603,0.33533123,0.3507112,0.46124566,0.4347825,0.4861949,0.4293776,0.5389016,0.61111474,0.49005365,0.4023973,0.40650702,0.3794654,0.49020875,-0.08699043,0.46903086,-0.23255774,0.30079785,0.39210144,0.49605846,0.6441753,0.02358152,-0.3352526,-0.41639897,-0.38894984,0.5583259,-0.058160707,0.7150463,0.7004541,0.40150556,0.40221554,0.4097,0.4596951,0.445843,0.28642252,-0.4472896,-0.23335275,0.6792295,0.76038426
-0.8857714,-0.6746906,0.033346634,-0.8954761,-0.27099335,0.47324845,-0.89267635,-0.5459208,0.48622036,-0.88208914,0.8382373,0.8267841,0.6398289,0.44389057,0.8771282,-0.9476954,0.82827115,0.60588336,-0.13870469,0.65300894,-0.4465816,0.65894616,-0.16228086,0.89927423,0.40126872,0.70179665,0.4609391,0.77099407,0.692044,0.6170274,0.9556354,-0.8674401,-0.96621627,-0.6995676,0.46761745,0.5600768,0.48615465,-0.9243363,-0.89371467,-0.81705487,-0.44600803,0.7221575,-0.5145648,0.39331335,-0.75276136,0.5115758,0.49151725,0.12569568,0.5475743,0.40796602,0.98347443,0.56362426,0.9500128,0.19142088,0.5539212,0.75928676,0.7612027,-0.018829823,0.86554074,-0.7774249,0.15492767,0.561473,0.2583463,0.54489696,0.8937298,0.873819,0.81496215,0.8617276,0.6559442,0.56615263,0.8269247,0.84135824,0.72946334,0.40325645,0.59241915,-0.37546802,0.7756466,-0.46778196,0.83047056,0.981995,0.2906778,0.31613892,-0.7032182,-0.93485093,-0.95124376,-0.9290445,0.56343305,-0.0029214323,0.60084045,0.4544112,0.9813018,0.94831604,0.8581892,0.87721795,0.8856943,0.4407312,-0.917927,-0.5995628,0.44895995,0.618727
-0.39926863,-0.044125445,0.65578914,-0.5803067,0.3798341,0.8177179,-0.579404,-0.08981308,0.84727603,-0.44018304,0.676034,0.68058103,0.7241826,0.50702316,0.6029431,-0.51385164,0.59591746,0.5548546,0.108881444,0.7667497,-0.20749801,0.70536053,0.25173864,0.66575754,0.68669766,0.69261146,0.5566954,0.68594825,0.6869912,0.62931067,0.55058575,-0.46219265,-0.55184746,-0.28316495,0.67301834,0.75699675,0.6996373,-0.6125953,-0.5291369,-0.4753455,-0.21327251,0.68266416,0.029993573,0.6416415,-0.2587645,0.48356372,0.5401455,0.28632846,0.8036075,0.5623801,0.56362426,0.88425106,0.6330174,0.2650489,0.84952176,0.8123926,0.73655236,0.62013674,0.7058971,-0.27411145,0.53584826,0.7047827,0.5568775,0.50063616,0.5202407,0.59223056,0.44827336,0.59233814,0.50012434,0.53285503,0.5681379,0.6841524,0.6353998,0.5380835,0.7698226,0.21409088,0.6568686,-0.024306376,0.43464625,0.5587344,0.5507294,0.39345193,-0.12589705,-0.46844336,-0.59183466,-0.6081108,0.726218,0.37189177,0.7472826,0.5394442,0.5551897,0.5599695,0.5040822,0.66960377,0.66251355,0.5374383,-0.61132896,-0.23527494,0.7651128,0.5711123
-0.8491486,-0.6051606,0.10720902,-0.8717544,-0.17053367,0.5236419,-0.872926,-0.4733021,0.5577598,-0.858407,0.8594675,0.83967954,0.67000264,0.44854245,0.86131144,-0.92077607,0.82683456,0.61580366,-0.12576956,0.67934597,-0.47676337,0.6926069,-0.16031218,0.8972675,0.45009568,0.72879493,0.5048093,0.78826314,0.6968517,0.6350294,0.93366194,-0.83667994,-0.9431412,-0.6955737,0.51867414,0.59871495,0.5178726,-0.9064306,-0.8694798,-0.78496313,-0.39709687,0.74941504,-0.46246713,0.45526376,-0.6974966,0.5561587,0.54339075,0.16897315,0.60063654,0.47428757,0.9500128,0.6330174,0.95985746,0.2664386,0.6038953,0.7900784,0.81732905,0.077830605,0.88461816,-0.74069923,0.21091285,0.5796763,0.26802897,0.5471794,0.86816305,0.8563004,0.8345325,0.85318464,0.63820946,0.56813025,0.80640966,0.85534406,0.72325265,0.49664396,0.624874,-0.30796355,0.77082705,-0.45852113,0.83960783,0.9511201,0.3035053,0.3262078,-0.6382617,-0.89983165,-0.93387663,-0.9110862,0.5949876,0.031188332,0.64067423,0.5062958,0.95128953,0.9463737,0.8801112,0.90916437,0.91511655,0.5176344,-0.9008949,-0.5567908,0.50671875,0.6682327
-0.111069,0.20275354,-0.038801864,0.05194996,0.45258963,-0.039029274,-0.063475795,0.49514198,0.18127438,-0.13870622,0.23998532,0.20849842,0.24243483,0.048263226,-0.021924326,-0.13774954,0.15237412,-0.27199656,0.107308924,-0.06044735,-0.81281215,0.2913882,-0.2619903,0.074297346,0.24733812,0.294702,0.5353093,0.25951645,-0.17193082,0.24439722,0.13512813,-0.024854418,-0.16879368,-0.5614116,0.42251456,-0.124559835,-0.102444574,-0.051406037,-0.09222288,-0.0035755858,-0.09677169,0.36694703,0.17730993,0.4258686,0.23516655,0.6324322,0.56589943,0.5130023,-0.004250812,0.024974898,0.19142088,0.2650489,0.2664386,0.92391735,0.06447963,0.024531338,0.44484705,0.13666326,0.22003554,-0.042247273,0.32109472,-0.056241415,-0.30424485,-0.10771291,-0.083101496,-0.050290357,0.31504893,0.01340761,-0.39044997,-0.36909565,-0.18446107,0.20084032,-0.09672415,0.620722,0.0072444985,0.26631576,-0.14811537,-0.0643043,0.44698292,0.20868511,-0.4399169,-0.44536912,0.02897375,-0.06356941,-0.0839474,-0.057880655,-0.061163157,0.27664328,-0.092549615,-0.08963691,0.21575552,0.32166678,0.40567052,0.41185674,0.39320815,0.68486035,0.0118522085,0.2884438,-0.04058689,0.09772396
-0.4135267,-0.09707006,0.73266625,-0.64646316,0.2893047,0.91145396,-0.62395155,-0.2257469,0.86738884,-0.43980932,0.67527443,0.70439595,0.7486443,0.55089974,0.6576041,-0.52322656,0.60949004,0.62037396,0.08803302,0.8434173,-0.058038373,0.7191409,0.36542535,0.70382476,0.72676915,0.70877165,0.50237215,0.70004237,0.7961391,0.6437909,0.553769,-0.5129845,-0.55572546,-0.21288382,0.64607334,0.83399665,0.7951513,-0.6534187,-0.55905104,-0.53688455,-0.28778738,0.66860884,-0.0012639202,0.6061583,-0.34962046,0.39056548,0.46562386,0.19735767,0.83266723,0.5276105,0.5539212,0.84952176,0.6038953,0.06447963,0.9335284,0.8669833,0.6588733,0.6110096,0.7133423,-0.2851908,0.52953553,0.79997253,0.6853111,0.54231095,0.5632199,0.6493149,0.36119646,0.6170316,0.6049772,0.62600625,0.6437068,0.690315,0.7191086,0.38925278,0.84125143,0.19058616,0.7556644,0.012886714,0.33987722,0.54455245,0.7102901,0.47183752,-0.17297459,-0.4939515,-0.61201024,-0.6456521,0.81384444,0.37927887,0.80100274,0.5531062,0.53315264,0.5133775,0.4209318,0.60660833,0.6097834,0.41288435,-0.6598181,-0.33788633,0.78542626,0.5209518
-0.6433724,-0.3793526,0.5365347,-0.8360249,0.020194868,0.84370613,-0.79008806,-0.44354615,0.80440825,-0.6715083,0.78523177,0.79393876,0.7248298,0.51462066,0.8327581,-0.7408163,0.7364377,0.77208227,-0.079355,0.88491964,-0.1123524,0.70949924,0.16747874,0.85818696,0.6022264,0.71972406,0.43507934,0.7528532,0.87229604,0.6398171,0.7685305,-0.71432674,-0.7651667,-0.35719937,0.55705655,0.8672452,0.7791289,-0.83839774,-0.75278413,-0.7078863,-0.33116037,0.69585663,-0.2779934,0.50936437,-0.5951146,0.3798852,0.42800424,0.07859968,0.841609,0.59967184,0.75928676,0.8123926,0.7900784,0.024531338,0.8669833,0.94472367,0.75154054,0.43377072,0.8258885,-0.54684764,0.34121656,0.773841,0.60111874,0.60952264,0.7914886,0.83105147,0.5848477,0.78992116,0.7753837,0.766638,0.8356782,0.7961108,0.8105657,0.37828073,0.82645255,-0.1055181,0.8738084,-0.24288914,0.5401972,0.75154287,0.6857959,0.57116175,-0.40263858,-0.73320603,-0.8186623,-0.8332832,0.81630707,0.15987039,0.8637279,0.6345599,0.7431923,0.71462643,0.61644393,0.7472175,0.7493041,0.37891406,-0.854908,-0.5535062,0.7826922,0.66631687
-0.6288698,-0.29008788,0.31606296,-0.66698253,0.1528134,0.5834468,-0.6856108,-0.15826224,0.67474306,-0.68854576,0.7408209,0.7158432,0.6341107,0.35562745,0.678819,-0.72159225,0.6593249,0.5338869,-0.1096027,0.64297813,-0.4991993,0.6469246,-0.1289466,0.7380194,0.49159327,0.66795444,0.5489462,0.69515514,0.58756876,0.568918,0.7360073,-0.6168802,-0.74927866,-0.580441,0.5801909,0.6112814,0.51527035,-0.7317647,-0.69643426,-0.5976253,-0.2591616,0.7078202,-0.23115517,0.54736304,-0.4080584,0.57617867,0.5801877,0.2503775,0.6497506,0.53010845,0.7612027,0.73655236,0.81732905,0.44484705,0.6588733,0.75154054,0.8750957,0.35218644,0.76614285,-0.5546324,0.30544955,0.51755095,0.2457445,0.41021657,0.66076815,0.6681219,0.7130042,0.6734638,0.47968155,0.4753909,0.621577,0.73230237,0.58226633,0.60989213,0.59950125,-0.07819972,0.6221769,-0.3546708,0.71617115,0.75926924,0.28220788,0.28717294,-0.33889657,-0.68063915,-0.74220836,-0.7306323,0.5735493,0.13498193,0.6444298,0.4843961,0.7622841,0.7887919,0.756918,0.8371046,0.82833695,0.62998325,-0.7152561,-0.3539391,0.5835322,0.6422571
0.22763312,0.4606604,0.82290757,-0.006304941,0.60783875,0.6395644,0.038169928,0.30569723,0.6898408,0.115454815,0.14699183,0.122140065,0.26511586,0.09169184,0.042715583,0.111301735,-0.0132197235,0.34270108,-0.009311169,0.42985678,0.16653703,0.23505592,0.2639035,0.116338894,0.40858597,0.19493647,0.1739335,0.12948082,0.29176778,0.13759685,-0.08133017,0.117436625,0.062441863,0.25637418,0.3356438,0.5562415,0.47356954,-0.0317238,0.059956662,0.09049953,0.20730257,0.17076738,0.30046067,0.3804394,0.23990247,0.059771974,0.16318603,0.0599249,0.57611716,0.48005122,-0.018829823,0.62013674,0.077830605,0.13666326,0.6110096,0.43377072,0.35218644,0.9072926,0.16846946,0.19591123,0.36241382,0.3379974,0.39597172,0.11157803,-0.021505157,0.038186077,-0.008494253,0.020918805,0.18833783,0.34593952,0.086258024,0.112930536,0.15072285,0.33150005,0.43781316,0.41808736,0.19600427,0.1246887,-0.11739741,-0.044171274,0.5126042,0.39965218,0.42813772,0.13343029,0.008602328,-0.023821022,0.43928427,0.25720984,0.51606977,0.43204162,-0.034179777,-0.025204571,-0.009550732,0.13976778,0.116101354,0.26136184,-0.056053914,0.039849047,0.61851376,0.3121514
-0.7702702,-0.48648563,0.26785988,-0.86560464,-0.032193176,0.64308393,-0.8649126,-0.4504338,0.64482844,-0.7386701,0.9160212,0.9219909,0.80366516,0.5940578,0.86008066,-0.847819,0.87082744,0.58890265,0.04572403,0.77241945,-0.39600092,0.8117634,0.05725033,0.9247422,0.6464666,0.8448898,0.6114154,0.88041335,0.7797016,0.7441995,0.86547816,-0.8087901,-0.88002396,-0.60099554,0.6553706,0.6619159,0.6347083,-0.87932646,-0.8097857,-0.7515304,-0.40505758,0.81785727,-0.2875603,0.5899028,-0.6377442,0.6027749,0.61866534,0.2589216,0.65680456,0.46130934,0.86554074,0.7058971,0.88461816,0.22003554,0.7133423,0.8258885,0.76614285,0.16846946,0.9371532,-0.57959366,0.41878816,0.7184687,0.43696308,0.59276056,0.79717785,0.8442179,0.69763595,0.8297157,0.6220019,0.55044425,0.78377867,0.8866089,0.78128004,0.502751,0.7677261,-0.093439065,0.82708067,-0.25416368,0.7108985,0.8677225,0.4324165,0.32471013,-0.55155694,-0.8123332,-0.88452774,-0.8844537,0.7021781,0.2467666,0.6712816,0.52294236,0.8611989,0.8581154,0.77795136,0.8663285,0.8782053,0.5438446,-0.8724076,-0.489368,0.5574159,0.6018654
0.79263085,0.6978811,0.16717146,0.7323277,0.47485787,-0.22477952,0.7301124,0.54339415,-0.20862153,0.8383631,-0.5443015,-0.5436096,-0.31509516,-0.12780896,-0.7081207,0.8150779,-0.5691049,-0.53918976,0.37458235,-0.41459394,0.30094385,-0.33686203,0.32920387,-0.6648712,-0.042175066,-0.3942487,-0.16408056,-0.47867942,-0.49658516,-0.30936447,-0.79568887,0.74272984,0.7911336,0.5664053,-0.13955636,-0.38303986,-0.2604655,0.76464176,0.7895449,0.7327007,0.3758803,-0.4534865,0.6129423,-0.06921725,0.6892891,-0.23298475,-0.1919687,0.11096585,-0.3347608,-0.24924198,-0.7774249,-0.27411145,-0.74069923,-0.042247273,-0.2851908,-0.54684764,-0.5546324,0.19591123,-0.57959366,0.8417724,0.22528233,-0.29845518,-0.034950722,-0.32820255,-0.7892432,-0.7217332,-0.66914004,-0.6858854,-0.588022,-0.5250962,-0.7162346,-0.57655764,-0.530729,-0.077245325,-0.28581065,0.6165509,-0.5904427,0.58476096,-0.6573821,-0.7740759,-0.13475081,-0.26249272,0.6384308,0.81867224,0.7765249,0.75844496,-0.332021,0.29430014,-0.44088432,-0.24232584,-0.7764629,-0.7409375,-0.6478044,-0.64057213,-0.64986503,-0.17665261,0.7517568,0.615031,-0.2567265,-0.47089618
-0.058849096,0.27736342,0.4855512,-0.18467411,0.583773,0.48960307,-0.26459846,0.13151754,0.48670858,0.0163382,0.43482488,0.5069128,0.70702505,0.6613426,0.22719108,-0.11790834,0.43685317,-0.03299542,0.6090384,0.4170592,-0.26209077,0.6913228,0.5638651,0.31162596,0.81964576,0.6606184,0.7335682,0.59297514,0.34949356,0.67144406,0.16164312,-0.12083273,-0.16549706,-0.17485426,0.7788768,0.28191137,0.4488547,-0.19452637,-0.13890857,-0.16236956,-0.23270467,0.62206364,0.5193879,0.737305,0.12930492,0.61296785,0.6632328,0.64392704,0.36848336,0.11732503,0.15492767,0.53584826,0.21091285,0.32109472,0.52953553,0.34121656,0.30544955,0.36241382,0.41878816,0.22528233,0.88897794,0.60136926,0.51804817,0.35335696,0.02382851,0.19361418,-0.010911845,0.23151636,-0.021065153,-0.050178595,0.082293436,0.46331316,0.38974565,0.42866334,0.5829043,0.6852397,0.29987487,0.5266146,0.13949342,0.17044799,0.2643878,-0.099865414,0.07570607,-0.033170834,-0.16408809,-0.19698754,0.45257252,0.83068526,0.23009644,0.13080488,0.14930315,0.17429525,0.14072058,0.3469227,0.34461397,0.55876666,-0.14623313,0.26046833,0.31329864,0.06875677
-0.5084255,-0.21688092,0.55528605,-0.7199811,0.14900494,0.7885655,-0.72306544,-0.406008,0.6745206,-0.46407977,0.68506444,0.7733407,0.8342584,0.73805606,0.7264553,-0.57759845,0.7240812,0.5177772,0.28796792,0.8273704,-0.06106562,0.8035114,0.5662031,0.73678005,0.7826673,0.79536647,0.594671,0.79775006,0.8408988,0.78812236,0.60935354,-0.5858208,-0.6027118,-0.2643746,0.71065694,0.7251214,0.7983325,-0.6957624,-0.6268499,-0.6510012,-0.49325758,0.75543964,0.05556919,0.62825525,-0.42270458,0.45506376,0.52791345,0.3343043,0.7135242,0.34648603,0.561473,0.7047827,0.5796763,-0.056241415,0.79997253,0.773841,0.51755095,0.3379974,0.7184687,-0.29845518,0.60136926,0.9208764,0.80010694,0.62395084,0.58789206,0.7147864,0.2610581,0.6772929,0.59930253,0.5383142,0.67744946,0.75954044,0.8379928,0.21497734,0.85329866,0.20623115,0.81323063,0.19453086,0.3526377,0.5637659,0.67722213,0.3496402,-0.3063251,-0.5422338,-0.6505414,-0.69171816,0.81597984,0.5353006,0.6806109,0.37435746,0.54155046,0.49676672,0.35908788,0.5854591,0.5931288,0.36841446,-0.6806847,-0.3017208,0.63634825,0.37880388
-0.19254619,-0.02552523,0.6222605,-0.4815449,0.16759855,0.7267554,-0.44906765,-0.36082578,0.545804,-0.16428132,0.3970308,0.49093407,0.62153906,0.6613455,0.49285278,-0.26321456,0.47132635,0.46753633,0.37139213,0.7065927,0.2905088,0.57002157,0.737564,0.47445214,0.6404525,0.5281322,0.35083544,0.5255759,0.7130272,0.59879494,0.32139125,-0.29601797,-0.27356422,0.105570555,0.50308996,0.65585613,0.7428572,-0.42159015,-0.33439696,-0.39978436,-0.26687038,0.4871872,0.21722296,0.45968953,-0.23006155,0.17659235,0.2909107,0.23056126,0.6569793,0.33533123,0.2583463,0.5568775,0.26802897,-0.30424485,0.6853111,0.60111874,0.2457445,0.39597172,0.43696308,-0.034950722,0.51804817,0.80010694,0.91191787,0.58354574,0.36917603,0.49316055,-0.019095112,0.46784383,0.54214406,0.515664,0.5033426,0.5079033,0.7043958,0.009058862,0.7314918,0.281161,0.645825,0.39953244,0.029118482,0.25626582,0.74736565,0.43595833,-0.06019214,-0.2500096,-0.36363924,-0.4061562,0.7257252,0.5077022,0.60489017,0.3408863,0.23142081,0.16367872,0.032978233,0.27037188,0.27494764,0.11340952,-0.4232318,-0.13681158,0.6231835,0.27497128
-0.48735458,-0.32842237,0.23429601,-0.64755815,-0.08445155,0.5253698,-0.624857,-0.49248368,0.4279768,-0.44407392,0.5584327,0.61122876,0.61091495,0.66207457,0.6559275,-0.5406949,0.6901916,0.50630224,0.31700373,0.6249251,-0.0013799844,0.58959514,0.35847485,0.62241983,0.46781203,0.5576074,0.36562422,0.6184896,0.6388937,0.6357111,0.6171628,-0.4957729,-0.5424264,-0.20018755,0.462489,0.5089881,0.51949096,-0.5973558,-0.54919124,-0.5518882,-0.27818474,0.5625982,-0.08124572,0.38216734,-0.48766053,0.31868088,0.38464278,0.24797848,0.5627523,0.3507112,0.54489696,0.50063616,0.5471794,-0.10771291,0.54231095,0.60952264,0.41021657,0.11157803,0.59276056,-0.32820255,0.35335696,0.62395084,0.58354574,0.77335393,0.61466235,0.65582657,0.3775199,0.7326587,0.5981029,0.5116269,0.64217585,0.69672817,0.7303089,0.20001471,0.62336004,-0.024742989,0.65291655,0.09258528,0.41363513,0.54940724,0.44778776,0.37744403,-0.38188064,-0.52986455,-0.6045612,-0.59584075,0.55227923,0.27459246,0.5308366,0.37114877,0.5311921,0.49088544,0.40490624,0.5205817,0.53400016,0.2145221,-0.60010386,-0.22234605,0.50644827,0.44122255
-0.8466401,-0.7356934,0.07183694,-0.9273956,-0.4250707,0.51717854,-0.87831664,-0.7065264,0.46327752,-0.85303247,0.7586395,0.75787,0.56617594,0.42262304,0.92110765,-0.9011227,0.78805375,0.74920475,-0.20242248,0.7089602,-0.18106875,0.5695572,-0.084046945,0.8808092,0.31156296,0.6035179,0.28177652,0.6920805,0.77733576,0.5487576,0.91921103,-0.85332966,-0.8970091,-0.5040736,0.33508226,0.64394623,0.5415517,-0.9174741,-0.8761718,-0.828356,-0.39474925,0.6122669,-0.5893158,0.25330004,-0.8355173,0.3042599,0.31680757,-0.048527993,0.60287815,0.46124566,0.8937298,0.5202407,0.86816305,-0.083101496,0.5632199,0.7914886,0.66076815,-0.021505157,0.79717785,-0.7892432,0.02382851,0.58789206,0.36917603,0.61466235,0.9621089,0.93074113,0.7338384,0.891528,0.8282862,0.74473405,0.9347696,0.79862225,0.79630053,0.20828557,0.60430384,-0.50225216,0.851532,-0.46514916,0.69697434,0.88813984,0.4514649,0.51139396,-0.7030096,-0.91612786,-0.9288782,-0.9150994,0.6084317,-0.11986891,0.68524724,0.5183029,0.88400555,0.8329333,0.73059535,0.76364183,0.7759205,0.2257163,-0.9295515,-0.69219387,0.5210648,0.6486648
-0.83546805,-0.66213053,0.17874107,-0.95322454,-0.29950005,0.6043441,-0.91684324,-0.6822923,0.5326393,-0.82249427,0.8066062,0.83469176,0.689028,0.55282307,0.97112787,-0.89483464,0.8433386,0.71272635,-0.068303905,0.7828864,-0.20067042,0.68676317,0.0765959,0.92011213,0.46985334,0.7177448,0.4165237,0.787395,0.85480595,0.6635611,0.911417,-0.86561555,-0.8991923,-0.5154,0.47390622,0.6905817,0.6379633,-0.9396155,-0.88872766,-0.8573215,-0.4897018,0.71269745,-0.4502843,0.39532664,-0.7887076,0.4011659,0.4147938,0.08330235,0.65169764,0.4347825,0.873819,0.59223056,0.8563004,-0.050290357,0.6493149,0.83105147,0.6681219,0.038186077,0.8442179,-0.7217332,0.19361418,0.7147864,0.49316055,0.65582657,0.93074113,0.9768621,0.65894556,0.89763916,0.80574155,0.7101356,0.9429951,0.8530515,0.86428106,0.23060176,0.7067352,-0.33733568,0.9141617,-0.31786692,0.6680844,0.8726181,0.51673436,0.45824963,-0.66873264,-0.89794505,-0.93304855,-0.93829525,0.69809353,0.067921035,0.710637,0.4853195,0.85892403,0.8100133,0.6891383,0.7778778,0.7895409,0.3090363,-0.93868446,-0.6354839,0.55976284,0.6031256
-0.70109475,-0.5485761,-0.09444119,-0.6587813,-0.24375385,0.28185076,-0.64888537,-0.3292113,0.36896813,-0.73270476,0.67461705,0.6115032,0.3987914,0.18692167,0.6615727,-0.75787723,0.6280696,0.5311309,-0.24202299,0.4573341,-0.46055996,0.43689573,-0.42958242,0.69938004,0.16854075,0.46870875,0.2965657,0.54024076,0.44166243,0.37256858,0.7850116,-0.6498488,-0.7695841,-0.59584105,0.27676368,0.40813112,0.2750644,-0.70079315,-0.6802553,-0.56810665,-0.124560386,0.5058137,-0.52060914,0.24950235,-0.58370566,0.41153747,0.38457006,0.039643817,0.4270408,0.4861949,0.81496215,0.44827336,0.8345325,0.31504893,0.36119646,0.5848477,0.7130042,-0.008494253,0.69763595,-0.66914004,-0.010911845,0.2610581,-0.019095112,0.3775199,0.7338384,0.65894556,0.8901224,0.6887015,0.4958833,0.45395583,0.6316724,0.64994305,0.47060782,0.51665723,0.37592375,-0.41865516,0.5299117,-0.60517585,0.78774726,0.8138621,0.0948447,0.29761505,-0.5226788,-0.7521282,-0.75103486,-0.7061757,0.34851104,-0.21071765,0.48077115,0.48968932,0.82475275,0.8566268,0.86203945,0.7851263,0.7897487,0.42780066,-0.7091728,-0.45838633,0.35499567,0.66576195
-0.8178746,-0.634241,0.13703737,-0.90187615,-0.26875257,0.5644046,-0.884413,-0.6451417,0.51051354,-0.79647356,0.7950356,0.81843406,0.694063,0.6006386,0.89818126,-0.87028044,0.8611327,0.66847616,0.031969644,0.73346245,-0.24007654,0.69557667,0.07737137,0.8793762,0.4700808,0.71004856,0.44100827,0.78370094,0.7788563,0.6885563,0.9032948,-0.81704795,-0.8728966,-0.53212607,0.49515808,0.62570286,0.57455146,-0.8921528,-0.853739,-0.81821597,-0.452003,0.71739554,-0.41024703,0.41100278,-0.75812066,0.44602656,0.4651062,0.15996253,0.6262818,0.4293776,0.8617276,0.59233814,0.85318464,0.01340761,0.6170316,0.78992116,0.6734638,0.020918805,0.8297157,-0.6858854,0.23151636,0.6772929,0.46784383,0.7326587,0.891528,0.89763916,0.6887015,0.9264034,0.7516304,0.6559198,0.87184405,0.8712667,0.8388183,0.30307966,0.6820108,-0.30296263,0.8391685,-0.27821863,0.7069799,0.8639294,0.44164282,0.41688284,-0.66470313,-0.86253893,-0.90254366,-0.88939,0.63879347,0.09778717,0.65979767,0.47787225,0.85080504,0.8180578,0.7205708,0.79173577,0.80504405,0.344422,-0.88769555,-0.5418912,0.5377747,0.60878235
-0.59561324,-0.5662158,0.3028289,-0.79973304,-0.3763994,0.6275232,-0.6969168,-0.7020019,0.50341195,-0.6228242,0.5728618,0.5776216,0.44053814,0.34969056,0.78865886,-0.6626339,0.59139717,0.8690033,-0.21964788,0.74689054,0.22923876,0.41820815,0.10640444,0.7342975,0.2614351,0.42921364,0.053986914,0.5062004,0.80569506,0.39223787,0.69212824,-0.65970284,-0.65118814,-0.12389736,0.18742692,0.7535274,0.6336278,-0.75060666,-0.67125505,-0.658604,-0.20251167,0.40216917,-0.4736825,0.14635706,-0.72008884,0.016340435,0.071424745,-0.24612829,0.6831608,0.5389016,0.6559442,0.50012434,0.63820946,-0.39044997,0.6049772,0.7753837,0.47968155,0.18833783,0.6220019,-0.588022,-0.021065153,0.59930253,0.54214406,0.5981029,0.8282862,0.80574155,0.4958833,0.7516304,0.9419729,0.90083665,0.8829936,0.6183366,0.74760556,0.01055931,0.6186081,-0.41963142,0.8244062,-0.33308053,0.37159577,0.6410532,0.7043288,0.7466782,-0.45541102,-0.7011,-0.7368254,-0.7402278,0.66321874,-0.162449,0.7744484,0.6134313,0.6345151,0.56644416,0.4522403,0.51580256,0.53024626,-0.012798075,-0.7943185,-0.67641616,0.6407164,0.61516345
-0.4828691,-0.4463587,0.3992615,-0.7060681,-0.27653313,0.6624305,-0.5907095,-0.5743363,0.55922186,-0.5398537,0.4974419,0.48325178,0.36301568,0.24317582,0.6894118,-0.55934834,0.47096765,0.8915367,-0.29298213,0.7310083,0.2801804,0.33322096,0.06234584,0.65201813,0.22004437,0.34282586,-0.015290549,0.4084025,0.75471675,0.29461473,0.59060585,-0.54951143,-0.5472635,-0.022655318,0.13453652,0.78857315,0.6367096,-0.66158766,-0.57740283,-0.55620706,-0.09063458,0.31773552,-0.4294076,0.118574716,-0.6112576,-0.05894832,0.010576902,-0.31936643,0.72363114,0.61111474,0.56615263,0.53285503,0.56813025,-0.36909565,0.62600625,0.766638,0.4753909,0.34593952,0.55044425,-0.5250962,-0.050178595,0.5383142,0.515664,0.5116269,0.74473405,0.7101356,0.45395583,0.6559198,0.90083665,0.93731505,0.81008327,0.52249336,0.65769744,0.04340127,0.5896212,-0.3744326,0.7528209,-0.35582107,0.29929936,0.54962957,0.7361127,0.8150617,-0.31184673,-0.6042756,-0.64356786,-0.64911366,0.6534643,-0.20905274,0.80944574,0.6611012,0.5452038,0.48345917,0.38679045,0.45248753,0.45729706,-0.027119746,-0.7200544,-0.64751446,0.7008562,0.6381533
-0.781855,-0.66731036,0.21712786,-0.93110085,-0.36309963,0.62090385,-0.8641944,-0.7196737,0.5279734,-0.7876645,0.73648995,0.7547053,0.5958992,0.46202606,0.9310769,-0.8441191,0.76421285,0.79970497,-0.17204696,0.7835538,-0.054711718,0.588349,0.05327911,0.8792782,0.37616324,0.61434364,0.26866883,0.6905186,0.8565305,0.5590428,0.8650676,-0.82266295,-0.8393117,-0.3908216,0.353602,0.73419964,0.6446713,-0.9043046,-0.8421744,-0.8134774,-0.38903886,0.60233414,-0.5094656,0.28230855,-0.805627,0.24878013,0.28208435,-0.070024915,0.6781728,0.49005365,0.8269247,0.5681379,0.80640966,-0.18446107,0.6437068,0.8356782,0.621577,0.086258024,0.78377867,-0.7162346,0.082293436,0.67744946,0.5033426,0.64217585,0.9347696,0.9429951,0.6316724,0.87184405,0.8829936,0.81008327,0.96537733,0.7837583,0.83987015,0.14848086,0.681321,-0.41291505,0.9082727,-0.37441456,0.58513415,0.8194629,0.5983869,0.58728707,-0.6260432,-0.86440486,-0.89530927,-0.89872444,0.6962291,-0.057725426,0.7580911,0.5548275,0.8093758,0.75071883,0.6302744,0.7044288,0.7167964,0.17561693,-0.92341995,-0.6965807,0.60320365,0.63266194
-0.7835682,-0.49327654,0.2291026,-0.8670526,-0.04548514,0.6198915,-0.8854811,-0.49353266,0.59754944,-0.7414917,0.86783975,0.9066386,0.83917785,0.70610845,0.86625993,-0.84337044,0.9071336,0.55313814,0.18481189,0.7572173,-0.39286005,0.83955514,0.17497611,0.8922015,0.66510826,0.85446113,0.66412663,0.8972908,0.77256155,0.82011175,0.87309885,-0.79138273,-0.86598694,-0.60725963,0.69849753,0.6204151,0.62294114,-0.8739375,-0.8262001,-0.7929392,-0.49256852,0.8567145,-0.2195956,0.61921674,-0.62441516,0.64607793,0.6639933,0.37296766,0.64014935,0.4023973,0.84135824,0.6841524,0.85534406,0.20084032,0.690315,0.7961108,0.73230237,0.112930536,0.8866089,-0.57655764,0.46331316,0.75954044,0.5079033,0.69672817,0.79862225,0.8530515,0.64994305,0.8712667,0.6183366,0.52249336,0.7837583,0.92977375,0.837162,0.4418067,0.7628616,-0.07536308,0.8203696,-0.13904507,0.72046137,0.85065085,0.4089535,0.27779564,-0.5787424,-0.80347633,-0.8780154,-0.87117577,0.68834543,0.33290848,0.63486195,0.43362403,0.8349222,0.82526994,0.73177016,0.8507302,0.86338675,0.5399811,-0.84941226,-0.4126978,0.54080015,0.5627659
-0.696255,-0.481578,0.33715284,-0.8679093,-0.12272164,0.6960086,-0.8486681,-0.62306106,0.5797292,-0.6674196,0.7431027,0.8075521,0.7766489,0.7149282,0.8668697,-0.75619376,0.8193276,0.6460366,0.18332094,0.8162862,-0.08840742,0.74888587,0.37019897,0.8349228,0.6129639,0.75644064,0.5056927,0.8027761,0.86795604,0.7596458,0.7883503,-0.7362149,-0.76282233,-0.37685066,0.59362173,0.71358657,0.7294902,-0.8373219,-0.78345907,-0.7897967,-0.50844806,0.74949634,-0.18660933,0.5139277,-0.62970066,0.43185416,0.46945238,0.23440361,0.70187783,0.40650702,0.72946334,0.6353998,0.72325265,-0.09672415,0.7191086,0.8105657,0.58226633,0.15072285,0.78128004,-0.530729,0.38974565,0.8379928,0.7043958,0.7303089,0.79630053,0.86428106,0.47060782,0.8388183,0.74760556,0.65769744,0.83987015,0.837162,0.915465,0.18440236,0.7838005,-0.098143324,0.8834835,-0.023102265,0.52416635,0.7333312,0.6082548,0.43610236,-0.5156718,-0.7417376,-0.8158394,-0.8311127,0.76998526,0.30913317,0.71265244,0.42720985,0.7110906,0.6586691,0.52161837,0.68860626,0.69618344,0.32167786,-0.8286778,-0.45830876,0.6191438,0.51839286
-0.20873764,0.09845672,0.21140303,-0.21104237,0.4065028,0.3085615,-0.24877843,0.2472395,0.4703967,-0.22558743,0.51488537,0.45458788,0.44687188,0.23356192,0.2584741,-0.28957972,0.39240322,0.14513355,0.13354151,0.3097195,-0.5458852,0.46642658,-0.15409729,0.38247377,0.42973775,0.4599142,0.5061911,0.45084828,0.1814048,0.38083863,0.34474957,-0.20041026,-0.34170297,-0.3994137,0.5001707,0.2523752,0.2217355,-0.28210905,-0.22436737,-0.12964116,0.08248535,0.47256887,0.0800101,0.5132156,0.00051673595,0.5640652,0.5656643,0.37083417,0.36072892,0.3794654,0.40325645,0.5380835,0.49664396,0.620722,0.38925278,0.37828073,0.60989213,0.33150005,0.502751,-0.077245325,0.42866334,0.21497734,0.009058862,0.20001471,0.20828557,0.23060176,0.51665723,0.30307966,0.01055931,0.04340127,0.14848086,0.4418067,0.18440236,0.8126323,0.37229794,0.24674419,0.19665813,-0.12152478,0.4888993,0.40816838,-0.009561095,0.012916675,-0.019502383,-0.2285904,-0.31031018,-0.2811443,0.26391035,0.25443846,0.2873729,0.3547472,0.42057067,0.5073669,0.58465487,0.5818464,0.57770085,0.6434015,-0.26014563,0.07878199,0.31349963,0.42295706
-0.47454792,-0.19569248,0.5935718,-0.71087295,0.19312051,0.8290508,-0.6890457,-0.35284466,0.75243545,-0.45369744,0.7429801,0.7831168,0.8152194,0.6746545,0.7185899,-0.5733999,0.71242195,0.58435196,0.21646544,0.85230935,-0.066412605,0.77969044,0.4220156,0.7604598,0.7702967,0.7776179,0.5536346,0.7827358,0.8317884,0.7339343,0.6107211,-0.5727956,-0.6018368,-0.2453475,0.6835902,0.7804165,0.79986787,-0.6902158,-0.5897298,-0.57998407,-0.31504726,0.7213229,0.004396746,0.63249195,-0.41859,0.4494632,0.515501,0.25813964,0.777334,0.49020875,0.59241915,0.7698226,0.624874,0.0072444985,0.84125143,0.82645255,0.59950125,0.43781316,0.7677261,-0.28581065,0.5829043,0.85329866,0.7314918,0.62336004,0.60430384,0.7067352,0.37592375,0.6820108,0.6186081,0.5896212,0.681321,0.7628616,0.7838005,0.37229794,0.89073056,0.1940307,0.8033592,0.08176158,0.38656926,0.5910287,0.6882784,0.44393533,-0.26396614,-0.54103696,-0.6606819,-0.6879405,0.8260003,0.44094974,0.75303596,0.5462966,0.5757025,0.54947495,0.44953233,0.6356343,0.6404389,0.4156794,-0.693841,-0.32630682,0.71257424,0.5081749
0.44373065,0.65293974,0.45822567,0.35001546,0.74290776,0.19627264,0.27445883,0.49169046,0.23253661,0.49514014,-0.061579462,-0.01741588,0.25935093,0.2984962,-0.30766135,0.4142982,-0.09743427,-0.37334526,0.5558708,0.010968871,-0.044659086,0.2404337,0.53832084,-0.22010998,0.5107391,0.18427867,0.40006799,0.08396186,-0.09152264,0.2376115,-0.3943735,0.38080218,0.37171853,0.1748294,0.43612313,-0.036379497,0.13724235,0.33403873,0.3757233,0.32725832,0.021389607,0.1434477,0.72480893,0.46500334,0.5468832,0.28921545,0.3355098,0.50333303,0.044715945,-0.08699043,-0.37546802,0.21409088,-0.30796355,0.26631576,0.19058616,-0.1055181,-0.07819972,0.41808736,-0.093439065,0.6165509,0.6852397,0.20623115,0.281161,-0.024742989,-0.50225216,-0.33733568,-0.41865516,-0.30296263,-0.41963142,-0.3744326,-0.41291505,-0.07536308,-0.098143324,0.24674419,0.1940307,0.87507117,-0.18823871,0.67487556,-0.30229646,-0.3637403,0.06120266,-0.2687195,0.45861825,0.47731146,0.3739728,0.336612,0.096963786,0.72833705,-0.11314555,-0.10424785,-0.3768825,-0.33799452,-0.30264017,-0.15418541,-0.16554308,0.3063092,0.38007933,0.54307806,0.06426458,-0.25211382
-0.72264254,-0.53613627,0.37049505,-0.9161863,-0.18039863,0.73835427,-0.8655554,-0.6438725,0.6319064,-0.7041037,0.78860795,0.82781637,0.7326687,0.59120387,0.91302836,-0.79464436,0.797899,0.73778814,-0.021533094,0.8677278,-0.056692094,0.71409625,0.24051562,0.8974451,0.5754004,0.7371074,0.41476884,0.7862853,0.93423045,0.67964685,0.8127076,-0.79881203,-0.80502534,-0.36886883,0.51638573,0.79450834,0.7645843,-0.8859897,-0.8073064,-0.7941251,-0.44840205,0.7006437,-0.32678795,0.44648635,-0.7114638,0.35136992,0.38966125,0.062081702,0.73348975,0.46903086,0.7756466,0.6568686,0.77082705,-0.14811537,0.7556644,0.8738084,0.6221769,0.19600427,0.82708067,-0.5904427,0.29987487,0.81323063,0.645825,0.65291655,0.851532,0.9141617,0.5299117,0.8391685,0.8244062,0.7528209,0.9082727,0.8203696,0.8834835,0.19665813,0.8033592,-0.18823871,0.96172965,-0.19022137,0.5258591,0.7727356,0.6823176,0.5349685,-0.5388028,-0.79587734,-0.86013794,-0.8838227,0.8077205,0.16460773,0.78613704,0.5394816,0.7555437,0.70269465,0.56899524,0.7056759,0.71475065,0.26897183,-0.89696455,-0.61387205,0.65228105,0.5733551
0.42831594,0.49355787,0.2687008,0.33523408,0.43705222,0.050536722,0.2726427,0.21678436,-0.04077596,0.50898755,-0.24163878,-0.13193251,0.15005833,0.40063816,-0.30067667,0.45009002,-0.119569555,-0.3892907,0.70962,-0.07146314,0.18349503,0.118124574,0.76266015,-0.3109739,0.34551737,0.05157113,0.25531605,-0.019259652,-0.10244798,0.20954812,-0.416757,0.40176058,0.43177298,0.31234628,0.280429,-0.1520499,0.0789448,0.3705887,0.37701797,0.26769346,-0.08130151,0.03946842,0.71792614,0.28191563,0.4650895,0.11308457,0.17313644,0.48983902,-0.07320141,-0.23255774,-0.46778196,-0.024306376,-0.45852113,-0.0643043,0.012886714,-0.24288914,-0.3546708,0.1246887,-0.25416368,0.58476096,0.5266146,0.19453086,0.39953244,0.09258528,-0.46514916,-0.31786692,-0.60517585,-0.27821863,-0.33308053,-0.35582107,-0.37441456,-0.13904507,-0.023102265,-0.12152478,0.08176158,0.67487556,-0.19022137,0.9010448,-0.41039282,-0.4491309,0.07166104,-0.26518396,0.36951905,0.49347734,0.41553673,0.3760169,0.019627597,0.6950817,-0.21660906,-0.291772,-0.480246,-0.49298158,-0.5204357,-0.33365303,-0.33736068,0.0314366,0.40817347,0.56469023,-0.0526313,-0.37641606
-0.76288927,-0.51800114,-0.15242897,-0.6745703,-0.16375913,0.24545687,-0.714182,-0.31316927,0.30961412,-0.76876783,0.6961993,0.6864399,0.53101945,0.35059,0.68345225,-0.8053584,0.71105516,0.37223595,-0.039888874,0.42394167,-0.62720376,0.56360394,-0.26458308,0.7031995,0.29077646,0.59123707,0.4980714,0.6571301,0.4329188,0.5350366,0.8187312,-0.6890067,-0.8162013,-0.7559078,0.4420247,0.3063518,0.25718802,-0.73300576,-0.74071515,-0.6513963,-0.34860212,0.6586171,-0.35901725,0.40035748,-0.5292944,0.60759944,0.56249595,0.2979328,0.35722265,0.30079785,0.83047056,0.43464625,0.83960783,0.44698292,0.33987722,0.5401972,0.71617115,-0.11739741,0.7108985,-0.6573821,0.13949342,0.3526377,0.029118482,0.41363513,0.69697434,0.6680844,0.78774726,0.7069799,0.37159577,0.29929936,0.58513415,0.72046137,0.52416635,0.4888993,0.38656926,-0.30229646,0.5258591,-0.41039282,0.8580889,0.836638,-0.018340323,0.043132074,-0.58175635,-0.76468533,-0.7712885,-0.7335056,0.34385747,0.026723912,0.38492012,0.26856312,0.8394495,0.8610375,0.82598794,0.823848,0.8347341,0.54456997,-0.69270474,-0.3233115,0.26037383,0.5246205
-0.89189047,-0.6759081,0.01864763,-0.8930276,-0.26592162,0.46029952,-0.8966975,-0.54515344,0.4736383,-0.884531,0.84336126,0.8348185,0.65266955,0.46081814,0.87807673,-0.95255244,0.83814496,0.5867914,-0.11145458,0.6448463,-0.4684764,0.6737679,-0.15003553,0.89858663,0.416013,0.71511006,0.48441482,0.7841675,0.6868626,0.63407105,0.9573858,-0.87144613,-0.97,-0.71597457,0.48681805,0.54415405,0.47888798,-0.92442125,-0.8973939,-0.8218068,-0.461178,0.73790455,-0.4995454,0.4086473,-0.74941087,0.5333944,0.51707184,0.16186956,0.5341939,0.39210144,0.981995,0.5587344,0.9511201,0.20868511,0.54455245,0.75154287,0.75926924,-0.044171274,0.8677225,-0.7740759,0.17044799,0.5637659,0.25626582,0.54940724,0.88813984,0.8726181,0.8138621,0.8639294,0.6410532,0.54962957,0.8194629,0.85065085,0.7333312,0.40816838,0.5910287,-0.3637403,0.7727356,-0.4491309,0.836638,0.98592365,0.27283502,0.29038337,-0.7126714,-0.9352976,-0.95116234,-0.92881167,0.5585033,0.023518732,0.5860157,0.43437958,0.98190045,0.95020616,0.8599409,0.88436794,0.8915287,0.45899314,-0.91369027,-0.57852036,0.43356895,0.610027
-0.17800835,-0.09895322,0.66985416,-0.50884926,0.055959508,0.7762513,-0.4080237,-0.38889825,0.6215088,-0.20759884,0.3962947,0.41790497,0.44871965,0.37275237,0.50469905,-0.27816144,0.35062018,0.68151104,-0.016591486,0.7462938,0.44164455,0.3919096,0.45119774,0.49894074,0.45220038,0.37816888,0.07593302,0.38667077,0.7531416,0.35422885,0.31050307,-0.3178441,-0.2854426,0.22581446,0.2820153,0.7957041,0.75935864,-0.44346493,-0.32179374,-0.34836745,-0.05854684,0.30069092,-0.037203997,0.26832855,-0.32598913,-0.06848963,0.04411602,-0.16490182,0.71638143,0.49605846,0.2906778,0.5507294,0.3035053,-0.4399169,0.7102901,0.6857959,0.28220788,0.5126042,0.4324165,-0.13475081,0.2643878,0.67722213,0.74736565,0.44778776,0.4514649,0.51673436,0.0948447,0.44164282,0.7043288,0.7361127,0.5983869,0.4089535,0.6082548,-0.009561095,0.6882784,0.06120266,0.6823176,0.07166104,-0.018340323,0.27283502,0.90861326,0.7008231,-0.030908186,-0.2975313,-0.3981413,-0.43387902,0.74462146,0.14898127,0.7480624,0.56077385,0.26517576,0.19233412,0.08341394,0.24834064,0.24840103,-0.035160188,-0.49352038,-0.40323287,0.70586294,0.41461736
-0.18746975,-0.23670137,0.40545392,-0.44180685,-0.21108842,0.54671544,-0.29629803,-0.4191379,0.4419437,-0.2532427,0.28161886,0.243393,0.15579507,0.08761122,0.43945277,-0.27065063,0.22620633,0.80391115,-0.25863653,0.5781681,0.4890217,0.122198865,0.077067874,0.41482377,0.08255138,0.102840036,-0.20804492,0.16153184,0.5644262,0.07934386,0.32068995,-0.27098066,-0.26327,0.25575694,-0.028383974,0.6730236,0.52593446,-0.3833989,-0.27524495,-0.25336435,0.21834996,0.063092574,-0.2731606,0.027546365,-0.39012223,-0.23412567,-0.13971215,-0.38224855,0.6153734,0.6441753,0.31613892,0.39345193,0.3262078,-0.44536912,0.47183752,0.57116175,0.28717294,0.39965218,0.32471013,-0.26249272,-0.099865414,0.3496402,0.43595833,0.37744403,0.51139396,0.45824963,0.29761505,0.41688284,0.7466782,0.8150617,0.58728707,0.27779564,0.43610236,0.012916675,0.44393533,-0.2687195,0.5349685,-0.26518396,0.043132074,0.29038337,0.7008231,0.880784,-0.04519237,-0.32017374,-0.37028432,-0.37409434,0.5192171,-0.27066946,0.70208395,0.688555,0.2951668,0.24572963,0.19499093,0.21689016,0.23212516,-0.13494666,-0.4600159,-0.4636126,0.6267735,0.5879353
0.7496106,0.6934464,0.2910418,0.6817985,0.48459956,-0.10577273,0.697505,0.58199835,-0.060581833,0.69718945,-0.5331235,-0.5594656,-0.35951105,-0.29833698,-0.66804874,0.7446511,-0.6277241,-0.319332,0.100606605,-0.3131519,0.3100057,-0.37695912,0.17667523,-0.6252366,-0.103663,-0.43037975,-0.2019698,-0.508053,-0.42823327,-0.3694111,-0.74032134,0.71658933,0.73020804,0.5573536,-0.15876383,-0.1908614,-0.1413396,0.68747854,0.6972097,0.6681292,0.47546762,-0.43147188,0.55925226,-0.020765543,0.72299945,-0.2296786,-0.17743468,0.024458576,-0.15290391,0.02358152,-0.7032182,-0.12589705,-0.6382617,0.02897375,-0.17297459,-0.40263858,-0.33889657,0.42813772,-0.55155694,0.6384308,0.07570607,-0.3063251,-0.06019214,-0.38188064,-0.7030096,-0.66873264,-0.5226788,-0.66470313,-0.45541102,-0.31184673,-0.6260432,-0.5787424,-0.5156718,-0.019502383,-0.26396614,0.45861825,-0.5388028,0.36951905,-0.58175635,-0.7126714,-0.030908186,-0.04519237,0.78999776,0.7332121,0.7049298,0.6843877,-0.21144111,0.13514538,-0.21879244,-0.056813337,-0.7038566,-0.6689255,-0.5680436,-0.53359663,-0.5663366,-0.06858765,0.66498995,0.5014931,-0.049720414,-0.21853423
0.9081135,0.73986,0.037411235,0.9104874,0.39966363,-0.42131555,0.9032604,0.6339241,-0.40137923,0.90136784,-0.7797221,-0.7879249,-0.5804624,-0.39339286,-0.89553523,0.94723326,-0.8006567,-0.6223817,0.21457943,-0.6271831,0.36779213,-0.5939057,0.16613126,-0.8820882,-0.3064561,-0.6479655,-0.37556842,-0.7278774,-0.70363474,-0.558311,-0.9449377,0.88920367,0.9500287,0.65212744,-0.38298467,-0.539703,-0.45630553,0.9335537,0.9136743,0.85799587,0.49039042,-0.6683563,0.5788843,-0.28217262,0.8005832,-0.40608174,-0.3825906,-0.027493477,-0.49408096,-0.3352526,-0.93485093,-0.46844336,-0.89983165,-0.06356941,-0.4939515,-0.73320603,-0.68063915,0.13343029,-0.8123332,0.81867224,-0.033170834,-0.5422338,-0.2500096,-0.52986455,-0.91612786,-0.89794505,-0.7521282,-0.86253893,-0.7011,-0.6042756,-0.86440486,-0.80347633,-0.7417376,-0.2285904,-0.54103696,0.47731146,-0.79587734,0.49347734,-0.76468533,-0.9352976,-0.2975313,-0.32017374,0.7332121,0.9467179,0.940959,0.9320204,-0.53406864,0.08662231,-0.5796514,-0.38141537,-0.9306201,-0.8887019,-0.778882,-0.8069111,-0.82560587,-0.31161943,0.92128325,0.6610058,-0.39257836,-0.5616082
0.8944754,0.69130474,-0.09576007,0.9521569,0.299283,-0.54253817,0.9350376,0.6198907,-0.5200037,0.8841412,-0.848858,-0.85976547,-0.68461895,-0.49962592,-0.9346055,0.95141214,-0.8612267,-0.66573405,0.12891285,-0.7282809,0.3437075,-0.6936327,0.05779835,-0.93870634,-0.44197357,-0.7361551,-0.45941746,-0.8067639,-0.7818912,-0.6590016,-0.9611043,0.89856625,0.9638925,0.6445871,-0.48341826,-0.6346034,-0.56323195,0.9665575,0.9254267,0.8723343,0.49604857,-0.7474804,0.5016863,-0.40036595,0.783599,-0.4722861,-0.4688621,-0.10617122,-0.6044489,-0.41639897,-0.95124376,-0.59183466,-0.93387663,-0.0839474,-0.61201024,-0.8186623,-0.74220836,0.008602328,-0.88452774,0.7765249,-0.16408809,-0.6505414,-0.36363924,-0.6045612,-0.9288782,-0.93304855,-0.75103486,-0.90254366,-0.7368254,-0.64356786,-0.89530927,-0.8780154,-0.8158394,-0.31031018,-0.6606819,0.3739728,-0.86013794,0.41553673,-0.7712885,-0.95116234,-0.3981413,-0.37028432,0.7049298,0.940959,0.9794654,0.9666693,-0.6386181,-0.026265804,-0.66414946,-0.46372202,-0.9426096,-0.9047226,-0.79365116,-0.8597717,-0.8699862,-0.3840055,0.96033597,0.6464996,-0.50365084,-0.6185326
0.88156974,0.6601931,-0.14529234,0.9556855,0.26327288,-0.58106,0.94547,0.62056756,-0.542403,0.87341446,-0.8497913,-0.871215,-0.70975316,-0.5171809,-0.94029534,0.94422877,-0.8565848,-0.6647879,0.116914734,-0.7513214,0.33108345,-0.717041,0.009706834,-0.94318485,-0.48339075,-0.75994754,-0.47485924,-0.8232769,-0.81545144,-0.67539275,-0.9438776,0.89933574,0.9577358,0.62172925,-0.50740385,-0.6561244,-0.59788406,0.97736114,0.9288011,0.88296187,0.53236526,-0.75930834,0.46876204,-0.41782773,0.7713886,-0.4689349,-0.4738912,-0.108748734,-0.6187383,-0.38894984,-0.9290445,-0.6081108,-0.9110862,-0.057880655,-0.6456521,-0.8332832,-0.7306323,-0.023821022,-0.8844537,0.75844496,-0.19698754,-0.69171816,-0.4061562,-0.59584075,-0.9150994,-0.93829525,-0.7061757,-0.88939,-0.7402278,-0.64911366,-0.89872444,-0.87117577,-0.8311127,-0.2811443,-0.6879405,0.336612,-0.8838227,0.3760169,-0.7335056,-0.92881167,-0.43387902,-0.37409434,0.6843877,0.9320204,0.9666693,0.9792765,-0.67012715,-0.06848502,-0.6767705,-0.44584256,-0.9186493,-0.8764629,-0.75515866,-0.84079087,-0.84904253,-0.37933692,0.96152735,0.6381235,-0.514129,-0.58513117
-0.46219534,-0.21620736,0.5901657,-0.6996558,0.10893611,0.82123244,-0.65606594,-0.37831014,0.7125698,-0.4654014,0.6647982,0.70916146,0.71998096,0.5694444,0.7023345,-0.5515841,0.6331272,0.64436114,0.08863811,0.8697729,0.015209876,0.6828767,0.3994012,0.72965103,0.6674393,0.6864755,0.46074253,0.69940805,0.85016954,0.6479265,0.58779734,-0.5462129,-0.57610387,-0.18615903,0.58885384,0.84502435,0.90883255,-0.67657804,-0.5865786,-0.57917273,-0.27568683,0.6559348,-0.019269196,0.5675911,-0.40092313,0.3593027,0.42739642,0.17931774,0.7977865,0.5583259,0.56343305,0.726218,0.5949876,-0.061163157,0.81384444,0.81630707,0.5735493,0.43928427,0.7021781,-0.332021,0.45257252,0.81597984,0.7257252,0.55227923,0.6084317,0.69809353,0.34851104,0.63879347,0.66321874,0.6534643,0.6962291,0.68834543,0.76998526,0.26391035,0.8260003,0.096963786,0.8077205,0.019627597,0.34385747,0.5585033,0.74462146,0.5192171,-0.21144111,-0.53406864,-0.6386181,-0.67012715,0.9297859,0.34190756,0.8162385,0.5493793,0.54352796,0.5039703,0.3923128,0.58791125,0.5868179,0.34790912,-0.68678606,-0.37685913,0.74141085,0.5440867
0.022497365,0.33418044,0.39377177,-0.059233166,0.5741799,0.3521073,-0.16826285,0.1626947,0.3175786,0.1104514,0.25538793,0.36938167,0.62251264,0.66449594,0.09912492,0.0013554343,0.32288828,-0.2103054,0.7125662,0.27094972,-0.23452283,0.6032896,0.69724226,0.1456509,0.7340205,0.56084466,0.7275193,0.48967937,0.22483408,0.638713,0.030952433,-0.00078143645,-0.038184322,-0.13521342,0.7415432,0.127829,0.35171717,-0.06598362,-0.052167416,-0.10654388,-0.3311615,0.54959285,0.6503105,0.70218813,0.2557542,0.602551,0.63514704,0.7448857,0.21221535,-0.058160707,-0.0029214323,0.37189177,0.031188332,0.27664328,0.37927887,0.15987039,0.13498193,0.25720984,0.2467666,0.29430014,0.83068526,0.5353006,0.5077022,0.27459246,-0.11986891,0.067921035,-0.21071765,0.09778717,-0.162449,-0.20905274,-0.057725426,0.33290848,0.30913317,0.25443846,0.44094974,0.72833705,0.16460773,0.6950817,0.026723912,0.023518732,0.14898127,-0.27066946,0.13514538,0.08662231,-0.026265804,-0.06848502,0.34190756,0.94510657,0.06929611,-0.1075112,-0.0100839175,0.005628249,-0.050138995,0.19193074,0.19015276,0.4946065,-0.003278655,0.39923126,0.17131156,-0.113265224
-0.46449268,-0.27377972,0.5802407,-0.70178056,0.015596993,0.81557953,-0.62174964,-0.3840125,0.7472731,-0.5272399,0.6273732,0.620683,0.56732523,0.3851813,0.7042663,-0.5700327,0.5604768,0.81412065,-0.13465473,0.8601268,0.08438517,0.5398712,0.18099278,0.71874017,0.48168093,0.54139936,0.26354003,0.57608175,0.81641483,0.48560062,0.61197376,-0.5425601,-0.5847496,-0.13230902,0.41085178,0.90611786,0.80246586,-0.6875645,-0.59192234,-0.55455697,-0.12879291,0.5262141,-0.21654019,0.4048518,-0.47400475,0.20034857,0.2767521,-0.035363726,0.8727356,0.7150463,0.60084045,0.7472826,0.64067423,-0.092549615,0.80100274,0.8637279,0.6444298,0.51606977,0.6712816,-0.44088432,0.23009644,0.6806109,0.60489017,0.5308366,0.68524724,0.710637,0.48077115,0.65979767,0.7744484,0.80944574,0.7580911,0.63486195,0.71265244,0.2873729,0.75303596,-0.11314555,0.78613704,-0.21660906,0.38492012,0.5860157,0.7480624,0.70208395,-0.21879244,-0.5796514,-0.66414946,-0.6767705,0.8162385,0.06929611,0.92872924,0.6887278,0.58303237,0.5458538,0.4637916,0.59484994,0.5880599,0.2639083,-0.7216697,-0.49503243,0.8447198,0.70877516
-0.2506446,-0.17728737,0.38905627,-0.47848278,-0.00977727,0.5718112,-0.36230093,-0.24919097,0.5607939,-0.3044754,0.5007111,0.42848787,0.33432555,0.1741237,0.4824251,-0.36293006,0.37818992,0.7023219,-0.15202408,0.61800313,0.14469692,0.31599337,-0.042801827,0.53788304,0.26813436,0.30637005,0.061474863,0.3512935,0.5533849,0.23476356,0.4205953,-0.32619864,-0.380835,0.042341884,0.19946606,0.66087496,0.53532374,-0.44964534,-0.32556224,-0.2543079,0.23723578,0.25913507,-0.21622908,0.24698058,-0.3467951,0.06298412,0.14311329,-0.1632846,0.6466105,0.7004541,0.4544112,0.5394442,0.5062958,-0.08963691,0.5531062,0.6345599,0.4843961,0.43204162,0.52294236,-0.24232584,0.13080488,0.37435746,0.3408863,0.37114877,0.5183029,0.4853195,0.48968932,0.47787225,0.6134313,0.6611012,0.5548275,0.43362403,0.42720985,0.3547472,0.5462966,-0.10424785,0.5394816,-0.291772,0.26856312,0.43437958,0.56077385,0.688555,-0.056813337,-0.38141537,-0.46372202,-0.44584256,0.5493793,-0.1075112,0.6887278,0.80746186,0.44726962,0.44131023,0.44169626,0.4498996,0.44833922,0.18277645,-0.51546335,-0.36707532,0.6264453,0.6741472
-0.88311595,-0.6728632,0.012657005,-0.8802246,-0.27273187,0.4510697,-0.8803552,-0.52963865,0.46898144,-0.88049686,0.83246434,0.82069176,0.6329981,0.4323597,0.864805,-0.94448745,0.82075405,0.5866096,-0.14495012,0.6341983,-0.46771652,0.65150964,-0.1875045,0.8886278,0.39386478,0.6955801,0.4641836,0.76400816,0.67018235,0.60802543,0.9506732,-0.8610448,-0.9631866,-0.7158693,0.4619018,0.5385435,0.46357334,-0.9132931,-0.8877252,-0.80662084,-0.44042253,0.71709704,-0.51532966,0.3926978,-0.74247485,0.52010804,0.49644276,0.13333347,0.5290977,0.40150556,0.9813018,0.5551897,0.95128953,0.21575552,0.53315264,0.7431923,0.7622841,-0.034179777,0.8611989,-0.7764629,0.14930315,0.54155046,0.23142081,0.5311921,0.88400555,0.85892403,0.82475275,0.85080504,0.6345151,0.5452038,0.8093758,0.8349222,0.7110906,0.42057067,0.5757025,-0.3768825,0.7555437,-0.480246,0.8394495,0.98190045,0.26517576,0.2951668,-0.7038566,-0.9306201,-0.9426096,-0.9186493,0.54352796,-0.0100839175,0.58303237,0.44726962,0.9839423,0.95275736,0.8677417,0.8800273,0.8875903,0.4535641,-0.9053981,-0.58601826,0.43104655,0.6161996
-0.8562503,-0.62496287,-0.009318836,-0.8281932,-0.20935631,0.41732126,-0.83880967,-0.44713688,0.46861488,-0.8518107,0.8370669,0.81443036,0.6313325,0.40694916,0.81857455,-0.9138824,0.80838954,0.53065765,-0.13738808,0.59352887,-0.5490007,0.6520388,-0.24759944,0.8612813,0.39484215,0.6977209,0.5008552,0.76257646,0.6136676,0.6030153,0.92213345,-0.82503915,-0.93313503,-0.7477182,0.48919812,0.49498123,0.41930574,-0.87068605,-0.8493347,-0.7573384,-0.39331403,0.72465885,-0.48408198,0.42193025,-0.68667805,0.5727773,0.54741555,0.18146211,0.49934304,0.40221554,0.94831604,0.5599695,0.9463737,0.32166678,0.5133775,0.71462643,0.7887919,-0.025204571,0.8581154,-0.7409375,0.17429525,0.49676672,0.16367872,0.49088544,0.8329333,0.8100133,0.8566268,0.8180578,0.56644416,0.48345917,0.75071883,0.82526994,0.6586691,0.5073669,0.54947495,-0.33799452,0.70269465,-0.49298158,0.8610375,0.95020616,0.19233412,0.24572963,-0.6689255,-0.8887019,-0.9047226,-0.8764629,0.5039703,0.005628249,0.5458538,0.44131023,0.95275736,0.9649652,0.9053753,0.9018326,0.9090735,0.5222181,-0.8583685,-0.528922,0.40179226,0.61772954
-0.74916774,-0.53127956,-0.06293939,-0.699607,-0.15967155,0.324462,-0.71088433,-0.31631705,0.41376796,-0.7531439,0.76528925,0.71946526,0.5340494,0.30278307,0.70065624,-0.8083817,0.7102173,0.4602276,-0.14113721,0.48701385,-0.5737374,0.56100446,-0.35475147,0.75662595,0.3167506,0.6009208,0.4505384,0.66375923,0.48251092,0.49799696,0.82430685,-0.7073098,-0.82645065,-0.70270133,0.4207049,0.3991056,0.30913535,-0.74977696,-0.7274622,-0.6207172,-0.2505773,0.6341487,-0.45046157,0.38056323,-0.5811112,0.5488908,0.51414895,0.16652872,0.42582056,0.4097,0.8581892,0.5040822,0.8801112,0.40567052,0.4209318,0.61644393,0.756918,-0.009550732,0.77795136,-0.6478044,0.14072058,0.35908788,0.032978233,0.40490624,0.73059535,0.6891383,0.86203945,0.7205708,0.4522403,0.38679045,0.6302744,0.73177016,0.52161837,0.58465487,0.44953233,-0.30264017,0.56899524,-0.5204357,0.82598794,0.8599409,0.08341394,0.19499093,-0.5680436,-0.778882,-0.79365116,-0.75515866,0.3923128,-0.050138995,0.4637916,0.44169626,0.8677417,0.9053753,0.91398364,0.85033846,0.8586082,0.53634375,-0.73953307,-0.42793742,0.3407674,0.61071914
-0.7881813,-0.4746793,0.13494028,-0.78983414,-0.023638535,0.5166105,-0.81797564,-0.3315854,0.57140964,-0.7837891,0.84507644,0.8437459,0.72894645,0.4970851,0.7941026,-0.8521841,0.817162,0.5149828,-0.0013313578,0.6582869,-0.5735388,0.74836123,-0.093478784,0.8470338,0.53807354,0.77454674,0.640367,0.8207201,0.6432885,0.69754267,0.87428,-0.7585045,-0.88122547,-0.71904683,0.63680005,0.5524738,0.51523644,-0.8382386,-0.8092707,-0.72725034,-0.3915006,0.8089329,-0.28225505,0.5938162,-0.55595815,0.69163835,0.6762245,0.3373311,0.58436346,0.4596951,0.87721795,0.66960377,0.90916437,0.41185674,0.60660833,0.7472175,0.8371046,0.13976778,0.8663285,-0.64057213,0.3469227,0.5854591,0.27037188,0.5205817,0.76364183,0.7778778,0.7851263,0.79173577,0.51580256,0.45248753,0.7044288,0.8507302,0.68860626,0.5818464,0.6356343,-0.15418541,0.7056759,-0.33365303,0.823848,0.88436794,0.24834064,0.21689016,-0.53359663,-0.8069111,-0.8597717,-0.84079087,0.58791125,0.19193074,0.59484994,0.4498996,0.8800273,0.9018326,0.85033846,0.9294539,0.924669,0.6563593,-0.8122333,-0.40342718,0.48869812,0.6287272
-0.79702175,-0.49822205,0.1230979,-0.80147433,-0.03848,0.5136273,-0.83017313,-0.36336726,0.5679851,-0.7895646,0.8578257,0.8525811,0.7348728,0.51560724,0.802847,-0.8610779,0.83366716,0.5137234,0.0111158425,0.65847635,-0.56734204,0.75891477,-0.09435539,0.8563926,0.5435234,0.78525615,0.6391548,0.8317111,0.65147173,0.7088852,0.8799908,-0.77625716,-0.8889163,-0.72048414,0.63383853,0.55167466,0.5130936,-0.8447006,-0.8201472,-0.73822105,-0.40761167,0.8120457,-0.3070482,0.58229804,-0.57834303,0.6874819,0.66993356,0.33116505,0.57884353,0.445843,0.8856943,0.66251355,0.91511655,0.39320815,0.6097834,0.7493041,0.82833695,0.116101354,0.8782053,-0.64986503,0.34461397,0.5931288,0.27494764,0.53400016,0.7759205,0.7895409,0.7897487,0.80504405,0.53024626,0.45729706,0.7167964,0.86338675,0.69618344,0.57770085,0.6404389,-0.16554308,0.71475065,-0.33736068,0.8347341,0.8915287,0.24840103,0.23212516,-0.5663366,-0.82560587,-0.8699862,-0.84904253,0.5868179,0.19015276,0.5880599,0.44833922,0.8875903,0.9090735,0.8586082,0.924669,0.9354465,0.64286625,-0.82413507,-0.41877395,0.4837085,0.6247558
-0.35324627,0.03771711,0.17130062,-0.3029946,0.4126825,0.31152055,-0.39516535,0.18120724,0.43604034,-0.3352189,0.5472977,0.5652605,0.6122427,0.40201002,0.3355989,-0.39650294,0.50333947,0.056780912,0.25816503,0.3465947,-0.6819048,0.64265454,0.02958802,0.4342565,0.5619122,0.63772565,0.787778,0.6190275,0.25129983,0.59992105,0.4232699,-0.29713997,-0.4400295,-0.55190897,0.7293326,0.23982292,0.3049279,-0.3784148,-0.37590775,-0.30665562,-0.17445329,0.6881255,0.24510998,0.7471256,0.028276721,0.83335197,0.8168278,0.64587235,0.32968444,0.28642252,0.4407312,0.5374383,0.5176344,0.68486035,0.41288435,0.37891406,0.62998325,0.26136184,0.5438446,-0.17665261,0.55876666,0.36841446,0.11340952,0.2145221,0.2257163,0.3090363,0.42780066,0.344422,-0.012798075,-0.027119746,0.17561693,0.5399811,0.32167786,0.6434015,0.4156794,0.3063092,0.26897183,0.0314366,0.54456997,0.45899314,-0.035160188,-0.13494666,-0.06858765,-0.31161943,-0.3840055,-0.37933692,0.34790912,0.4946065,0.2639083,0.18277645,0.4535641,0.5222181,0.53634375,0.6563593,0.64286625,0.87797225,-0.32329482,0.12836906,0.26234466,0.33932453
0.8535775,0.666149,-0.18210758,0.9567833,0.2960453,-0.6100811,0.92314243,0.64455914,-0.56279576,0.85403275,-0.8337727,-0.84383094,-0.66917014,-0.47599578,-0.93790364,0.92406106,-0.8283441,-0.72943234,0.17510179,-0.7765554,0.23451878,-0.6728016,0.022192795,-0.93963087,-0.4473059,-0.7131934,-0.39259684,-0.78257674,-0.8350756,-0.6248783,-0.9274056,0.8846143,0.93485296,0.5567233,-0.4497072,-0.7000363,-0.6193392,0.9628495,0.9033847,0.85614055,0.46945736,-0.70357764,0.507911,-0.37133962,0.7927234,-0.3923934,-0.39607644,-0.025287412,-0.6525786,-0.4472896,-0.917927,-0.61132896,-0.9008949,0.0118522085,-0.6598181,-0.854908,-0.7152561,-0.056053914,-0.8724076,0.7517568,-0.14623313,-0.6806847,-0.4232318,-0.60010386,-0.9295515,-0.93868446,-0.7091728,-0.88769555,-0.7943185,-0.7200544,-0.92341995,-0.84941226,-0.8286778,-0.26014563,-0.693841,0.38007933,-0.89696455,0.40817347,-0.69270474,-0.91369027,-0.49352038,-0.4600159,0.66498995,0.92128325,0.96033597,0.96152735,-0.68678606,-0.003278655,-0.7216697,-0.51546335,-0.9053981,-0.8583685,-0.73953307,-0.8122333,-0.82413507,-0.32329482,0.9717449,0.67878884,-0.55754584,-0.6227953
0.57920456,0.58863795,-0.04493811,0.6552375,0.44907624,-0.33622998,0.57629645,0.54929185,-0.2680383,0.6085835,-0.4475106,-0.4286291,-0.20495689,0.0069963057,-0.620574,0.6223401,-0.39420938,-0.6097901,0.51974505,-0.45611584,-0.06272026,-0.20708963,0.2502413,-0.5970773,-0.014840808,-0.26055416,0.101077706,-0.3303573,-0.55358887,-0.11934708,-0.58430916,0.6368922,0.61205566,0.23619002,0.04214465,-0.48574707,-0.32738447,0.64385426,0.602447,0.5578946,0.21465752,-0.2027798,0.64856887,0.108128294,0.68713605,0.09946053,0.10568179,0.43749797,-0.35124063,-0.23335275,-0.5995628,-0.23527494,-0.5567908,0.2884438,-0.33788633,-0.5535062,-0.3539391,0.039849047,-0.489368,0.615031,0.26046833,-0.3017208,-0.13681158,-0.22234605,-0.69219387,-0.6354839,-0.45838633,-0.5418912,-0.67641616,-0.64751446,-0.6965807,-0.4126978,-0.45830876,0.07878199,-0.32630682,0.54307806,-0.61387205,0.56469023,-0.3233115,-0.57852036,-0.40323287,-0.4636126,0.5014931,0.6610058,0.6464996,0.6381235,-0.37685913,0.39923126,-0.49503243,-0.36707532,-0.58601826,-0.528922,-0.42793742,-0.40342718,-0.41877395,0.12836906,0.67878884,0.78787667,-0.29972365,-0.3654409
-0.2838385,-0.06473373,0.6670786,-0.5372669,0.19612432,0.81192255,-0.46359414,-0.21249966,0.75827116,-0.35124516,0.50803727,0.50898033,0.5331533,0.39085865,0.55604446,-0.3935934,0.45161057,0.7076429,-0.000354097,0.7877821,0.12382972,0.492208,0.28303218,0.5734848,0.49707103,0.47007555,0.25923795,0.48833188,0.7031192,0.44861013,0.45254856,-0.3582191,-0.4185782,-0.011181552,0.4253521,0.83124197,0.73871624,-0.52661926,-0.42909685,-0.3981344,-0.046552323,0.4634171,-0.030626021,0.42661342,-0.28553092,0.17708577,0.2728779,0.04809036,0.8799013,0.6792295,0.44895995,0.7651128,0.50671875,-0.04058689,0.78542626,0.7826922,0.5835322,0.61851376,0.5574159,-0.2567265,0.31329864,0.63634825,0.6231835,0.50644827,0.5210648,0.55976284,0.35499567,0.5377747,0.6407164,0.7008562,0.60320365,0.54080015,0.6191438,0.31349963,0.71257424,0.06426458,0.65228105,-0.0526313,0.26037383,0.43356895,0.70586294,0.6267735,-0.049720414,-0.39257836,-0.50365084,-0.514129,0.74141085,0.17131156,0.8447198,0.6264453,0.43104655,0.40179226,0.3407674,0.48869812,0.4837085,0.26234466,-0.55754584,-0.29972365,0.8973203,0.63458943
-0.46889827,-0.32562602,0.22867161,-0.5877068,-0.104658216,0.5055294,-0.5120982,-0.29761145,0.51718515,-0.5281633,0.5642891,0.51537573,0.39512426,0.23306602,0.59977764,-0.5544906,0.50779116,0.7018628,-0.1490871,0.62463856,-0.08875351,0.38948733,-0.12556764,0.62201905,0.23987485,0.38940758,0.19971347,0.45891237,0.55627185,0.35460573,0.6141554,-0.46033835,-0.56761646,-0.21922994,0.28197074,0.63224006,0.5114487,-0.59104264,-0.5187499,-0.4291135,0.08354515,0.4200272,-0.27105594,0.3157525,-0.42106038,0.2551561,0.29602343,0.0050170342,0.6665342,0.76038426,0.618727,0.5711123,0.6682327,0.09772396,0.5209518,0.66631687,0.6422571,0.3121514,0.6018654,-0.47089618,0.06875677,0.37880388,0.27497128,0.44122255,0.6486648,0.6031256,0.66576195,0.60878235,0.61516345,0.6381533,0.63266194,0.5627659,0.51839286,0.42295706,0.5081749,-0.25211382,0.5733551,-0.37641606,0.5246205,0.610027,0.41461736,0.5879353,-0.21853423,-0.5616082,-0.6185326,-0.58513117,0.5440867,-0.113265224,0.70877516,0.6741472,0.6161996,0.61772954,0.61071914,0.6287272,0.6247558,0.33932453,-0.6227953,-0.3654409,0.63458943,0.84378594
