0,1,2,3,4,5,6,7,8,9,10,11,12,13,14,15,16,17,18,19,20,21,22,23,24,25,26,27,28,29,30,31,32,33,34,35,36,37,38,39,40,41,42,43,44,45,46,47,48,49,50,51,52,53,54,55,56,57,58,59,60,61,62,63,64,65,66,67,68,69,70,71,72,73,74,75,76,77,78,79,80,81,82,83,84,85,86,87,88,89,90,91,92,93,94,95,96,97,98,99
0.94320667,0.1711618,0.5738557,0.20089763,0.30874062,0.52017057,0.6723255,0.63742685,0.71907675,0.09014964,-0.41714692,-0.5638575,-0.54672694,-0.28211993,-0.19358116,0.67725235,0.1551942,0.5699358,-0.055005122,0.6902571,0.61933017,-0.07383915,0.53287995,-0.6836686,-0.4241635,-0.68612725,-0.4247808,-0.21717456,0.53872585,-0.079855174,-0.46291655,0.2093299,0.44120905,0.5948435,-0.2869767,0.553399,0.46510956,0.20250344,0.02893865,0.12881556,0.26635993,-0.28329438,-0.24502324,0.37043715,0.3072684,0.1290923,0.0143473195,0.44175583,0.84883803,0.68639815,0.7900131,0.43642747,0.65121925,0.34281474,0.43705928,0.70099676,0.7831176,0.6157963,-0.10046943,-0.20306267,-0.34251,-0.5694252,-0.36271596,-0.13503101,0.30138165,-0.31574684,0.7701505,-0.008715757,0.22502789,0.75735295,0.60776526,-0.038234226,0.7888669,-0.17709234,-0.37999663,-0.6854161,0.6163087,-0.29194713,-0.045001857,0.13883348,-0.24726391,0.6488492,0.4413529,0.32668355,0.2268978,0.5970064,0.711895,-0.1387593,0.7761169,0.5082257,0.4326506,-0.17554733,-0.19708893,-0.32487768,-0.20274179,0.41919476,0.37871617,0.7141108,0.8754868,0.743036
0.1711618,0.9559062,0.77781284,0.9213841,0.8449923,0.77910376,0.36705568,0.5681107,0.5142933,-0.24730828,-0.2845374,-0.5112698,-0.15677895,-0.22577406,-0.29990816,0.4426015,-0.5933924,-0.3762576,-0.32343602,-0.08452863,-0.15084904,-0.130322,-0.009771222,-0.47738376,-0.07217449,0.014546773,0.2715494,0.29661256,0.26913357,0.3008136,-0.07269075,0.5657663,0.5863139,-0.27406132,-0.22875199,-0.032559365,0.3010558,0.46849197,0.39800894,0.16261813,0.21499297,0.52067643,0.29970086,0.15769583,0.24910864,0.3873279,0.3253678,0.30070448,0.1344702,0.20678915,-0.115852624,0.8795025,0.5365223,0.80875087,0.8286647,0.61867595,0.5420903,0.6581185,-0.06529321,-0.3717031,-0.6392908,-0.37361574,-0.08971819,-0.3217486,-0.41828614,-0.43014663,-0.0005352851,-0.71568763,-0.36377096,-0.20613462,-0.2586922,-0.68982977,-0.11805059,-0.12077551,-0.6044937,-0.3137661,-0.15875664,0.31464988,0.23875344,0.50380915,-0.522349,-0.048274882,0.09225406,-0.18465501,0.1335941,-0.017410688,0.04485729,0.20473184,-0.08598535,-0.042181067,-0.21651208,0.2833755,0.2607054,0.4200456,-0.1952214,0.14881644,0.3422181,0.06657142,0.06023346,0.08447385
0.5738557,0.77781284,0.96362555,0.76418114,0.7669885,0.92256653,0.57622075,0.83659077,0.83387345,-0.083021134,-0.37397093,-0.63308036,-0.38528812,-0.27561563,-0.32807398,0.6779102,-0.38571644,0.025946047,-0.2325573,0.2665022,0.20166898,-0.20056635,0.2160603,-0.6787293,-0.22370118,-0.31606996,-0.043003604,0.086348206,0.4911268,0.1321795,-0.2890717,0.47098085,0.61191756,0.11078657,-0.3805342,0.28114867,0.43684584,0.3960302,0.24328727,0.17192097,0.24310243,0.21066323,0.045106463,0.26291555,0.2910311,0.2999087,0.19708106,0.3985855,0.5128869,0.45931178,0.30603403,0.88355047,0.7220066,0.7352152,0.9147209,0.88061416,0.86402726,0.9130298,-0.042716563,-0.3488189,-0.604344,-0.5619079,-0.21010822,-0.27084225,-0.13259,-0.48480362,0.37514415,-0.503834,-0.110499345,0.24682346,0.118596464,-0.50413454,0.28582734,-0.1329101,-0.6084484,-0.5287832,0.25215006,0.10291882,0.10386005,0.40083832,-0.48293197,0.27741733,0.26490283,0.016577926,0.1725961,0.27180207,0.3886662,0.058971085,0.32816768,0.21152118,0.042712867,0.11701685,0.08725302,0.12339221,-0.23432428,0.27782166,0.3952881,0.37626714,0.4771176,0.40730017
0.20089763,0.9213841,0.76418114,0.93866485,0.88250625,0.77641535,0.41436055,0.5323798,0.5232769,-0.260693,-0.35495242,-0.5777196,-0.25739646,-0.3347522,-0.38527912,0.45811886,-0.48301837,-0.35309166,-0.40295592,0.001315412,-0.084470555,-0.1448365,0.053671144,-0.46338782,-0.16903654,-0.08615601,0.26523346,0.31857747,0.3450209,0.31511766,-0.17240334,0.6183361,0.63151085,-0.24997637,-0.19237977,0.029971996,0.37999028,0.50754166,0.4047887,0.1413528,0.2934475,0.51446456,0.32358158,0.24114111,0.34973416,0.43639827,0.35774085,0.3740236,0.19445,0.2776318,-0.108100295,0.87650186,0.60516775,0.8481654,0.82667494,0.61877394,0.54952216,0.64840114,-0.06749403,-0.4503279,-0.6419145,-0.44858116,-0.19975474,-0.4074936,-0.4741519,-0.5275894,0.08849163,-0.7254733,-0.38180143,-0.16583589,-0.1821154,-0.6342729,-0.053010516,-0.105854794,-0.5843955,-0.3642457,-0.12904657,0.22451675,0.29267836,0.57444316,-0.47073996,0.053821683,0.21181977,-0.057976328,0.22686931,0.09652145,0.12732922,0.20857468,-0.008712269,0.06741592,-0.0891543,0.26963335,0.32942486,0.45648697,-0.11405294,0.24935801,0.4155549,0.15649071,0.11603609,0.17001395
0.30874062,0.8449923,0.7669885,0.88250625,0.9586902,0.82153654,0.60936487,0.45947507,0.61847854,-0.39188373,-0.6012621,-0.76882136,-0.50993466,-0.57895434,-0.50875235,0.46552977,-0.29306895,-0.31497407,-0.6168848,0.2550686,0.1195772,-0.089126065,0.30349398,-0.5297461,-0.42310926,-0.28767312,0.3275373,0.45794892,0.56348205,0.4683351,-0.35608643,0.76606506,0.7639854,-0.21479267,-0.06747376,0.24294515,0.6342627,0.6799612,0.53379434,0.13677567,0.5503254,0.5705869,0.4597628,0.5085214,0.60826147,0.6410172,0.5463841,0.6144181,0.39762098,0.5253229,-0.07445437,0.89433634,0.73084366,0.9364606,0.8350693,0.7072662,0.6076121,0.6530987,-0.19303869,-0.6575936,-0.7516382,-0.6744797,-0.4737059,-0.6317967,-0.575397,-0.6919065,0.30912697,-0.79771936,-0.5028147,-0.08902678,0.0110421,-0.60008764,0.16741231,-0.19589126,-0.6448499,-0.53921074,-0.06381001,0.033353407,0.47311985,0.7367426,-0.44990668,0.2780797,0.47787786,0.18210964,0.50774145,0.3488167,0.36883652,0.33863333,0.1929551,0.30757502,0.16772065,0.21248737,0.43928474,0.5401047,0.0015867765,0.5230895,0.65680933,0.4037627,0.29670438,0.41374218
0.52017057,0.77910376,0.92256653,0.77641535,0.82153654,0.9581277,0.60255337,0.73679066,0.8280486,-0.17354977,-0.45266026,-0.687958,-0.4637975,-0.39789617,-0.3892631,0.60297656,-0.32010174,-0.048097804,-0.3666235,0.31975013,0.23392245,-0.1839596,0.270266,-0.6328542,-0.3102637,-0.33383128,0.07023889,0.20036739,0.57136476,0.23605658,-0.35288936,0.5599602,0.6609767,0.030694105,-0.2909299,0.334361,0.5364886,0.48734665,0.32052478,0.14125222,0.35886753,0.30677396,0.16291091,0.3730228,0.4156016,0.41565534,0.3053981,0.4854146,0.5255125,0.51851875,0.20946622,0.8907782,0.7375212,0.79252565,0.9356171,0.8744763,0.81904685,0.8811151,-0.096138656,-0.45948756,-0.6440429,-0.638191,-0.33099282,-0.40881014,-0.2539788,-0.56963974,0.40340114,-0.578789,-0.23344173,0.18304355,0.14593677,-0.50949824,0.28791746,-0.15696076,-0.6042675,-0.5522121,0.20303522,0.05533795,0.2288367,0.5002134,-0.45399094,0.3145178,0.36004657,0.111738145,0.3016302,0.33681583,0.43448842,0.14856724,0.34143066,0.28262845,0.12412511,0.116342545,0.19273116,0.23805967,-0.14745,0.38550138,0.49120283,0.4265092,0.47008556,0.45224375
0.6723255,0.36705568,0.57622075,0.41436055,0.60936487,0.60255337,0.9020036,0.38395393,0.6186585,-0.37413073,-0.7867775,-0.87696815,-0.675338,-0.60595334,-0.44282967,0.57245773,0.11106439,0.09581879,-0.4970342,0.6363989,0.47089955,0.15920262,0.68447554,-0.75378597,-0.7034515,-0.6957988,0.036960695,0.28234184,0.6656238,0.41921097,-0.4554752,0.7155053,0.7771911,0.20233138,0.0406172,0.4563083,0.7703436,0.70911604,0.5678048,0.22389814,0.7186185,0.2563156,0.35984504,0.68867666,0.69540346,0.647701,0.5595529,0.8223171,0.77822447,0.8672837,0.32827953,0.60949457,0.7312427,0.65949535,0.525357,0.68530715,0.62905145,0.5060383,-0.367526,-0.65175545,-0.6914898,-0.7485422,-0.6308002,-0.5692066,-0.26213366,-0.6218842,0.6806415,-0.5162892,-0.30000347,0.3268616,0.37151337,-0.38257986,0.62307477,-0.3675328,-0.6870619,-0.8801638,0.15616183,-0.3029185,0.49317843,0.65268004,-0.4627598,0.63828754,0.67409396,0.38256297,0.6226065,0.6694338,0.70550895,0.2613588,0.58358455,0.57082224,0.46730942,0.028101252,0.21312414,0.2581193,-0.10189143,0.735544,0.80785525,0.8070433,0.7010646,0.80420244
0.63742685,0.5681107,0.83659077,0.5323798,0.45947507,0.73679066,0.38395393,0.9610768,0.7345699,0.1323528,-0.10280749,-0.36358932,-0.1494721,0.05477143,-0.06280345,0.7061707,-0.3562899,0.29229736,0.1491437,0.1760284,0.1983568,-0.15078877,0.10858509,-0.6347163,0.015187124,-0.20658398,-0.31060657,-0.21931675,0.26330638,-0.13127515,-0.115868,0.1277717,0.37643796,0.3650155,-0.44598675,0.16482243,0.12691881,0.0740863,-0.04658342,0.091710135,-0.07264346,-0.12075767,-0.280455,-0.023175538,-0.04828141,-0.042546406,-0.11230138,0.11577569,0.42473698,0.2582107,0.5233992,0.6710597,0.53252304,0.43055466,0.7221863,0.749051,0.8468751,0.8449538,0.018147508,-0.03389282,-0.3919351,-0.31037718,0.06285054,0.08256601,0.23651218,-0.17104827,0.2712331,-0.16364908,0.22411428,0.43627197,0.12517549,-0.33687204,0.28047743,-0.11968893,-0.45165223,-0.3915729,0.39207715,0.20803209,-0.20521387,0.017314598,-0.42338252,0.14894947,-0.010590646,-0.17068568,-0.17845982,0.07400958,0.23405138,-0.17363787,0.28203982,0.0063116816,-0.1258048,-0.04058135,-0.28462332,-0.24353151,-0.41446498,-0.019857792,0.06541045,0.20554456,0.44516745,0.24150944
0.71907675,0.5142933,0.83387345,0.5232769,0.61847854,0.8280486,0.6186585,0.7345699,0.9423068,0.015122677,-0.41425386,-0.61854637,-0.57425416,-0.37865174,-0.29977947,0.59650874,-0.09417787,0.25641212,-0.24472144,0.5641259,0.5122822,-0.3001464,0.35252738,-0.59402657,-0.3524242,-0.49112016,-0.16842616,-0.00018725253,0.67925537,0.041761015,-0.5142339,0.3637722,0.5202993,0.27714542,-0.4007654,0.5767614,0.55501,0.32058358,0.10144587,0.12864394,0.30352515,0.013322713,-0.09459804,0.40803105,0.38817286,0.25969523,0.115918085,0.450065,0.7168882,0.6004942,0.48891798,0.7052179,0.7165985,0.6047307,0.77290565,0.8978847,0.8811025,0.8820553,-0.017220909,-0.3449683,-0.4742947,-0.6782174,-0.38942474,-0.31603774,0.019541867,-0.47129908,0.63935864,-0.29216212,-0.012114112,0.48677695,0.47221437,-0.23127842,0.53792655,-0.080686375,-0.42133322,-0.55463123,0.5401991,-0.14761361,0.061646607,0.31942278,-0.2637345,0.51107645,0.4380883,0.27739996,0.2889455,0.4939649,0.64155376,-0.023057792,0.6254251,0.4599365,0.33117026,0.0019656427,0.06763749,-0.04890967,-0.081737176,0.42570078,0.4265359,0.5737276,0.7054,0.61056674
0.09014964,-0.24730828,-0.083021134,-0.260693,-0.39188373,-0.17354977,-0.37413073,0.1323528,0.015122677,0.923982,0.6534364,0.4760818,0.21132421,0.38093483,0.054364026,0.084852844,0.04619506,0.4408841,0.42789286,-0.10444555,0.0016922506,-0.5982865,-0.50162685,0.31525797,0.47375908,0.032238975,-0.7198813,-0.8053305,-0.29545552,-0.8977839,-0.18621531,-0.62877476,-0.5609722,0.33847043,-0.5445938,0.060999073,-0.44303,-0.73019624,-0.7380453,0.23271328,-0.65940714,-0.65066093,-0.7710501,-0.55609643,-0.49069446,-0.80697787,-0.8689308,-0.65719694,-0.10853254,-0.39027745,0.2861212,-0.33299547,-0.11632314,-0.40725213,-0.15826687,-0.12046325,0.0247607,0.025781699,0.799942,0.7180356,0.6622348,0.33925036,0.38586354,0.61999714,0.5559442,0.25127593,0.066286996,0.66975176,0.7398332,0.41350418,0.24477682,0.5394526,0.01564511,0.7313994,0.5936527,0.43884796,0.45380667,-0.25541863,-0.85021436,-0.55272794,0.5542801,0.07881565,-0.24714693,0.032861702,-0.5687145,-0.08630571,-0.045448624,-0.7900206,0.1722832,0.0337179,-0.016217671,0.19844513,-0.11342827,-0.51064503,0.2568187,-0.4904791,-0.61858803,-0.23432778,0.030106857,-0.15836263
-0.41714692,-0.2845374,-0.37397093,-0.35495242,-0.6012621,-0.45266026,-0.7867775,-0.10280749,-0.41425386,0.6534364,0.9361,0.85393256,0.7222402,0.75367206,0.4217249,-0.301381,-0.25006184,0.07022969,0.6636267,-0.63185894,-0.45744678,-0.33459982,-0.7963412,0.5546067,0.8315308,0.6014304,-0.3434556,-0.5802757,-0.6989782,-0.67647266,0.38247764,-0.7643633,-0.7678219,-0.017831067,-0.37090358,-0.4171428,-0.82572854,-0.808498,-0.6617508,0.02695921,-0.87829465,-0.4337166,-0.6071371,-0.8500174,-0.84067625,-0.8413391,-0.7886591,-0.92210776,-0.63813776,-0.83578306,-0.092599824,-0.5043491,-0.6076305,-0.6383795,-0.383398,-0.48808587,-0.404411,-0.28228122,0.59502923,0.854753,0.7230916,0.7758174,0.78705573,0.8008735,0.48752803,0.6344624,-0.5530648,0.61119986,0.55280995,-0.09949962,-0.2947556,0.3493513,-0.5312226,0.5368974,0.6222377,0.79675967,0.010487889,0.24133782,-0.753664,-0.7314831,0.39793494,-0.52617997,-0.7399844,-0.46029454,-0.81396437,-0.6486262,-0.61499524,-0.5478476,-0.42824686,-0.537302,-0.5404388,0.12555802,-0.29154873,-0.4206022,-0.008717224,-0.8619385,-0.8930162,-0.7464155,-0.5214528,-0.7095555
-0.5638575,-0.5112698,-0.63308036,-0.5777196,-0.76882136,-0.687958,-0.87696815,-0.36358932,-0.61854637,0.4760818,0.85393256,0.96270144,0.7315582,0.7359413,0.5635734,-0.5632954,-0.08060378,0.052575734,0.65271306,-0.5857092,-0.3929363,-0.16379833,-0.6806656,0.7054148,0.74503225,0.6486056,-0.20256414,-0.43323946,-0.70353496,-0.53528166,0.4788156,-0.8214237,-0.85738224,-0.057398506,-0.114666775,-0.4161889,-0.8243679,-0.79406136,-0.63363624,-0.15006186,-0.78608793,-0.41815895,-0.4958117,-0.74950486,-0.79182005,-0.7601676,-0.6656271,-0.8760329,-0.7067977,-0.8475914,-0.17504308,-0.7228937,-0.8088168,-0.80663157,-0.6298895,-0.7070624,-0.63239074,-0.53027165,0.3944849,0.76553166,0.78014755,0.8320845,0.7173219,0.72617394,0.46328068,0.75679624,-0.61569715,0.664633,0.4450053,-0.18425167,-0.27960798,0.45158654,-0.5401653,0.3857852,0.7108763,0.849764,-0.05740397,0.24908663,-0.6029496,-0.7785194,0.46797174,-0.5879607,-0.7278031,-0.41711172,-0.715799,-0.6656062,-0.6560881,-0.3945859,-0.48929685,-0.56261075,-0.46886337,-0.029097302,-0.34256,-0.42170334,0.032413714,-0.7912594,-0.8757281,-0.7676593,-0.60497665,-0.75169504
-0.54672694,-0.15677895,-0.38528812,-0.25739646,-0.50993466,-0.4637975,-0.675338,-0.1494721,-0.57425416,0.21132421,0.7222402,0.7315582,0.9471107,0.83817255,0.55978453,-0.36010528,-0.4413288,-0.20888023,0.66719764,-0.8203964,-0.652689,0.077448845,-0.6774138,0.34864482,0.78046155,0.743479,-0.003549868,-0.2618729,-0.7950239,-0.28864402,0.7531172,-0.50990987,-0.54870033,-0.22093207,-0.12331742,-0.703442,-0.8296375,-0.48935544,-0.26253638,0.031567108,-0.69902873,-0.09569895,-0.23792368,-0.7890843,-0.8351016,-0.54839265,-0.41368675,-0.7378479,-0.7463181,-0.8010434,-0.27210975,-0.38784084,-0.706254,-0.55591565,-0.38662583,-0.54761636,-0.52122605,-0.38431767,0.17624545,0.6396251,0.40774992,0.8873116,0.87700987,0.70728344,0.2884158,0.7026491,-0.8079593,0.2945313,0.24399137,-0.40317407,-0.65133214,-0.047697775,-0.72238743,0.13456474,0.2504806,0.6163442,-0.381217,0.5526192,-0.4087301,-0.55370903,-0.02463416,-0.7910882,-0.90313715,-0.79068077,-0.7708458,-0.8672128,-0.828706,-0.19514145,-0.73324513,-0.8129998,-0.8202355,0.14288649,-0.3692268,-0.20169407,-0.34403837,-0.8403357,-0.72579443,-0.81403923,-0.69256973,-0.82306886
-0.28211993,-0.22577406,-0.27561563,-0.3347522,-0.57895434,-0.39789617,-0.60595334,0.05477143,-0.37865174,0.38093483,0.75367206,0.7359413,0.83817255,0.93561804,0.65732044,-0.20942077,-0.35524738,0.09986447,0.8451817,-0.619043,-0.41581893,-0.005278471,-0.5844584,0.2571066,0.7858896,0.6066679,-0.24183786,-0.47735435,-0.6838919,-0.4603972,0.6437816,-0.6583692,-0.581612,0.06264098,-0.25745913,-0.50319725,-0.82546973,-0.62136143,-0.44569457,0.0034478086,-0.78868604,-0.35811967,-0.4973563,-0.8081143,-0.9096432,-0.69954294,-0.5932841,-0.7728394,-0.5454079,-0.71290416,0.053870596,-0.38453186,-0.6256558,-0.6194593,-0.34382638,-0.40295792,-0.31243628,-0.2181206,0.22017205,0.7377839,0.47596532,0.8023669,0.8874078,0.83362186,0.5821182,0.77582926,-0.6061567,0.5003869,0.4784626,-0.08490239,-0.39723527,0.087814584,-0.48048544,0.14229354,0.29924992,0.5389998,-0.066521384,0.49262846,-0.5886023,-0.7324162,0.013282896,-0.6410576,-0.88964844,-0.72192657,-0.8530444,-0.7616663,-0.6579046,-0.36595747,-0.48483008,-0.7142869,-0.7206404,0.005830037,-0.5674954,-0.48366582,-0.4152794,-0.85553056,-0.8017487,-0.69213784,-0.44871742,-0.6822061
-0.19358116,-0.29990816,-0.32807398,-0.38527912,-0.50875235,-0.3892631,-0.44282967,-0.06280345,-0.29977947,0.054364026,0.4217249,0.5635734,0.55978453,0.65732044,0.85809296,-0.3680813,-0.15453738,0.1142456,0.65158606,-0.28111842,-0.07376384,0.12789539,-0.2280347,0.20250605,0.46438366,0.5018464,0.010707755,-0.16552153,-0.3380735,-0.13239786,0.5170917,-0.5340059,-0.4326943,0.04215616,-0.06782323,-0.20036265,-0.5178371,-0.39607003,-0.29103088,-0.23783273,-0.4623282,-0.26554984,-0.3351492,-0.39455026,-0.5987584,-0.3878526,-0.30510405,-0.44729882,-0.33296984,-0.43164763,0.12973651,-0.36183867,-0.6003569,-0.5378376,-0.37496275,-0.33199626,-0.29530364,-0.2368115,-0.15372536,0.39766413,0.2603012,0.531369,0.53748196,0.48763037,0.5133031,0.7878333,-0.43653274,0.3881859,0.2107916,-0.06676883,-0.1655373,0.06986832,-0.25665703,-0.17405216,0.20278087,0.35507417,0.045367487,0.44468778,-0.28566644,-0.620938,-0.054448977,-0.52716875,-0.6391356,-0.51435333,-0.48086947,-0.5753103,-0.43186098,-0.07593115,-0.31215978,-0.5410142,-0.45599467,-0.2610145,-0.58338785,-0.48427066,-0.4041093,-0.4867046,-0.5217525,-0.455928,-0.2797795,-0.47254616
0.67725235,0.4426015,0.6779102,0.45811886,0.46552977,0.60297656,0.57245773,0.7061707,0.59650874,0.084852844,-0.301381,-0.5632954,-0.36010528,-0.20942077,-0.3680813,0.90663433,-0.028741531,0.3792855,-0.07267453,0.33093074,0.24504375,0.007671746,0.33828384,-0.66263473,-0.25081864,-0.5317941,-0.42008987,-0.23330444,0.28290224,-0.104486525,-0.27892584,0.30252174,0.5014163,0.49480882,-0.15598923,0.1766586,0.27476618,0.21845321,0.097094536,0.2453365,0.16758987,-0.1297275,-0.08958453,0.1333373,0.21055253,0.08948584,0.0360471,0.31252283,0.53038263,0.44107157,0.48176342,0.5726368,0.713508,0.47728354,0.5819954,0.62044877,0.76132953,0.6247127,0.010964597,-0.181589,-0.3857745,-0.42527616,-0.17841944,-0.05958654,0.068106025,-0.42989802,0.4706576,-0.17362182,0.23672484,0.54009825,0.22726318,-0.19325268,0.48624927,-0.07022007,-0.46763796,-0.58628976,0.29459777,-0.11149998,-0.05284275,0.23197359,-0.30400568,0.43942165,0.2965027,0.1373415,0.034376897,0.37882227,0.38909322,-0.17953825,0.41817984,0.27692515,0.17189565,0.064335786,-0.06162021,-0.063907795,-0.16497579,0.20979396,0.2829997,0.43557113,0.54074216,0.46322703
0.1551942,-0.5933924,-0.38571644,-0.48301837,-0.29306895,-0.32010174,0.11106439,-0.3562899,-0.09417787,0.04619506,-0.25006184,-0.08060378,-0.4413288,-0.35524738,-0.15453738,-0.028741531,0.8823232,0.5149006,-0.17206511,0.5645958,0.5182876,0.16660148,0.5045895,0.19126692,-0.44536722,-0.49123132,-0.28873116,-0.11587003,0.23053965,-0.06429814,-0.36372906,-0.14042604,-0.11166077,0.46837556,0.45561463,0.4112938,0.23005125,-0.08595964,-0.16029385,-0.14324065,0.2877245,-0.40167886,-0.034215372,0.3208773,0.3506487,0.027869869,0.03798819,0.21604805,0.27917793,0.28343022,0.21905342,-0.44352204,0.07866931,-0.23855594,-0.380374,-0.20603198,-0.09169808,-0.30217916,-0.059579976,-0.13907129,0.23402444,-0.21728027,-0.47908556,-0.18054467,0.11005363,-0.11104526,0.46522135,0.38143384,0.202672,0.44940832,0.5891801,0.6458059,0.56678075,0.028742969,0.33106795,-0.12711884,0.32887477,-0.57696235,0.083094075,-0.049209516,0.49150994,0.53972703,0.5155424,0.67487246,0.34699562,0.54768676,0.41326702,-0.09068504,0.4676174,0.52319014,0.7149092,-0.29781175,0.05349928,-0.14679447,0.48504844,0.3793233,0.17053388,0.39389455,0.30991173,0.3894971
0.5699358,-0.3762576,0.025946047,-0.35309166,-0.31497407,-0.048097804,0.09581879,0.29229736,0.25641212,0.4408841,0.07022969,0.052575734,-0.20888023,0.09986447,0.1142456,0.3792855,0.5149006,0.95611453,0.37173563,0.50027657,0.59010965,-0.036113646,0.31356657,-0.10228531,-0.059240565,-0.42866725,-0.7485256,-0.6089034,0.13908789,-0.49699336,-0.27188122,-0.44782102,-0.1801055,0.89968,-0.070471,0.39796752,-0.07107138,-0.4129293,-0.5264821,-0.04967406,-0.1815997,-0.8167523,-0.6104298,-0.06762784,-0.117270544,-0.4254787,-0.44882852,-0.1055212,0.40573007,0.15334071,0.7345664,-0.22613019,0.16461307,-0.29675937,-0.102639295,0.11531004,0.35697025,0.15779161,0.1196893,0.23566192,0.2638237,-0.086500525,-0.051417887,0.30581704,0.65339047,0.1344962,0.47782236,0.6360047,0.714856,0.8869096,0.6466149,0.57428616,0.6523471,0.08687616,0.25644326,-0.1354958,0.73770595,-0.31175494,-0.44773364,-0.4683428,0.3046366,0.43705174,0.13347808,0.31366527,-0.18805698,0.31915343,0.35651976,-0.49021024,0.5748701,0.2794701,0.3728933,-0.36697483,-0.44969445,-0.6989474,0.04220148,-0.017115299,-0.20661071,0.2792567,0.5163982,0.30522463
-0.055005122,-0.32343602,-0.2325573,-0.40295592,-0.6168848,-0.3666235,-0.4970342,0.1491437,-0.24472144,0.42789286,0.6636267,0.65271306,0.66719764,0.8451817,0.65158606,-0.07267453,-0.17206511,0.37173563,0.9032354,-0.38171035,-0.1580536,0.023293788,-0.38917083,0.15963063,0.65856326,0.41400105,-0.4271233,-0.5879656,-0.5556199,-0.5328673,0.5048624,-0.72577834,-0.5605321,0.3296923,-0.22880352,-0.31132257,-0.74596477,-0.66745305,-0.5401349,-0.051884945,-0.74044615,-0.56426835,-0.6248251,-0.7154746,-0.83696336,-0.73463714,-0.6412345,-0.6939343,-0.34305286,-0.5593904,0.30238104,-0.39582533,-0.5087155,-0.64347005,-0.3392022,-0.30288005,-0.15599129,-0.1417999,0.16524562,0.7108859,0.46154287,0.67055565,0.75536835,0.8212539,0.73610616,0.7592234,-0.39392817,0.6257859,0.6240187,0.19225657,-0.15506184,0.22209758,-0.21277589,0.09003413,0.30874702,0.40976715,0.16189548,0.35553488,-0.64971805,-0.81019676,0.058617324,-0.45013568,-0.7488843,-0.5585568,-0.808834,-0.585649,-0.474589,-0.44521868,-0.25724432,-0.56466734,-0.5364218,-0.15789478,-0.70059574,-0.67431384,-0.40549937,-0.7500646,-0.76404184,-0.51990914,-0.2282278,-0.5018726
0.6902571,-0.08452863,0.2665022,0.001315412,0.2550686,0.31975013,0.6363989,0.1760284,0.5641259,-0.10444555,-0.63185894,-0.5857092,-0.8203964,-0.619043,-0.28111842,0.33093074,0.5645958,0.50027657,-0.38171035,0.9620054,0.87436604,-0.03563256,0.7440282,-0.34855467,-0.7062601,-0.7667103,-0.19620341,0.058283903,0.77238476,0.13837755,-0.6936408,0.26963526,0.38490102,0.47620094,0.065889806,0.8205681,0.7045011,0.3095951,0.087305985,-0.053197205,0.568117,-0.19364111,-0.005797623,0.6999728,0.6485786,0.3602237,0.2403351,0.62814236,0.83397454,0.78580517,0.5454005,0.20345813,0.5697216,0.30300525,0.21666324,0.4936018,0.51923287,0.33590388,-0.22504453,-0.4792893,-0.28323123,-0.73909557,-0.75468445,-0.4884884,0.05561582,-0.42817342,0.8857844,-0.013544068,-0.011525344,0.64889073,0.8546746,0.21668324,0.88543546,-0.17981738,-0.14713454,-0.6072377,0.62573576,-0.56507516,0.24140424,0.2863884,0.07349097,0.81523466,0.7761984,0.7327994,0.6230035,0.82386935,0.8706323,0.050543487,0.87783575,0.7884552,0.82410693,-0.29929736,0.08639616,-0.12782533,0.23088342,0.7410828,0.5774865,0.832596,0.826074,0.84607047
0.61933017,-0.15084904,0.20166898,-0.084470555,0.1195772,0.23392245,0.47089955,0.1983568,0.5122822,0.0016922506,-0.45744678,-0.3929363,-0.652689,-0.41581893,-0.07376384,0.24504375,0.5182876,0.59010965,-0.1580536,0.87436604,0.8973065,-0.07602875,0.6374955,-0.2471143,-0.51308364,-0.59933746,-0.26457337,-0.060567558,0.68278956,0.027237397,-0.56560796,0.070047885,0.2214559,0.52906466,0.011317189,0.7907788,0.52536714,0.14147083,-0.07461554,-0.079113685,0.38622567,-0.33371335,-0.1657882,0.540845,0.45564827,0.18016976,0.07639511,0.43785828,0.7130461,0.6126485,0.576393,0.09975744,0.4223737,0.16440552,0.14620206,0.40950853,0.47763032,0.32000512,-0.17843536,-0.3196771,-0.16069508,-0.57570803,-0.5717659,-0.31215855,0.23926364,-0.20777246,0.7607128,0.14918983,0.12977098,0.6770083,0.84348774,0.30887866,0.81264496,-0.13158605,-0.018731175,-0.4463375,0.7081804,-0.40298045,0.091477334,0.07123372,0.13549693,0.66584074,0.58610475,0.6063693,0.43589836,0.6527303,0.7324679,-0.059628237,0.79827,0.6334952,0.69685006,-0.3173454,-0.056122154,-0.29255807,0.1864135,0.56273615,0.3769055,0.6533243,0.72924745,0.6770889
-0.07383915,-0.130322,-0.20056635,-0.1448365,-0.089126065,-0.1839596,0.15920262,-0.15078877,-0.3001464,-0.5982865,-0.33459982,-0.16379833,0.077448845,-0.005278471,0.12789539,0.007671746,0.16660148,-0.036113646,0.023293788,-0.03563256,-0.07602875,0.90878063,0.44107735,-0.22446032,-0.2561713,-0.03280397,0.2865522,0.35431337,-0.12631086,0.51578,0.44496167,0.20551842,0.2384177,0.07003794,0.6571211,-0.32273346,0.009243477,0.3228661,0.40496686,-0.25673306,0.30852437,0.20049125,0.45661983,0.17791116,0.09467791,0.3641119,0.50982195,0.32045463,-0.04230235,0.14240782,-0.060114086,-0.06481058,-0.10843201,-0.068261154,-0.20676637,-0.19719654,-0.16827452,-0.28319985,-0.67009914,-0.30165714,-0.28626096,0.043879405,-0.05675589,-0.13281697,-0.14739066,0.06468202,-0.18676656,-0.18182096,-0.22773328,-0.15180936,-0.29047388,-0.21940452,0.029574769,-0.6681006,-0.37239712,-0.3014979,-0.4091556,0.22270003,0.49299008,0.11129223,-0.39871514,-0.15193054,-0.025235739,-0.17496485,0.14757966,-0.071578145,-0.17286086,0.45992345,-0.25731516,-0.22845587,-0.09339848,-0.3161643,-0.2944234,0.14072922,-0.35008764,0.14096582,0.22780663,0.060547963,-0.10581843,-0.016888706
0.53287995,-0.009771222,0.2160603,0.053671144,0.30349398,0.270266,0.68447554,0.10858509,0.35252738,-0.50162685,-0.7963412,-0.6806656,-0.6774138,-0.5844584,-0.2280347,0.33828384,0.5045895,0.31356657,-0.38917083,0.7440282,0.6374955,0.44107735,0.91869116,-0.48274392,-0.7776225,-0.6603826,0.06774384,0.3291133,0.6114361,0.47457802,-0.34644383,0.45727536,0.5643101,0.37547594,0.4400869,0.4619864,0.65702,0.53762776,0.38546804,-0.17697081,0.7172631,0.062194906,0.33438903,0.73134494,0.67077744,0.5960472,0.5660993,0.77870417,0.6789386,0.7769939,0.36202896,0.26048586,0.5001423,0.34714633,0.17703128,0.37417135,0.3988952,0.18908107,-0.61031413,-0.6643537,-0.51280403,-0.65944785,-0.7029668,-0.5727095,-0.14166611,-0.41232383,0.6220867,-0.24072856,-0.22634578,0.40023547,0.48559177,-0.052993454,0.7207165,-0.5612279,-0.42675513,-0.73939484,0.22962481,-0.29590356,0.54813707,0.41505668,-0.2403033,0.5843398,0.67269987,0.49982917,0.64854443,0.6550088,0.62678254,0.36227244,0.54809546,0.52822345,0.6151092,-0.38470042,-0.023972776,0.069905475,-0.029299151,0.74747586,0.6896103,0.74185693,0.614375,0.70724374
-0.6836686,-0.47738376,-0.6787293,-0.46338782,-0.5297461,-0.6328542,-0.75378597,-0.6347163,-0.59402657,0.31525797,0.5546067,0.7054148,0.34864482,0.2571066,0.20250605,-0.66263473,0.19126692,-0.10228531,0.15963063,-0.34855467,-0.2471143,-0.22446032,-0.48274392,0.92372346,0.40340406,0.4589821,0.00013108493,-0.14446536,-0.39916578,-0.30864215,0.12785126,-0.54654443,-0.7043687,-0.22406183,0.11981861,-0.15624474,-0.45925394,-0.54514575,-0.46103418,-0.16542958,-0.40206563,-0.1972059,-0.17839354,-0.369837,-0.31665194,-0.43252453,-0.38344583,-0.5850718,-0.63216794,-0.6475435,-0.4291817,-0.679816,-0.59979975,-0.5454473,-0.57466733,-0.7013934,-0.6872874,-0.5912361,0.38822085,0.41368178,0.6786991,0.505836,0.26190382,0.27114293,0.06006407,0.38443065,-0.4216302,0.45776772,0.15806928,-0.28413728,-0.093096815,0.5614427,-0.42974275,0.47128114,0.80310965,0.8006107,-0.09033814,-0.058508486,-0.27608022,-0.408283,0.7056431,-0.31888598,-0.2737093,0.037068464,-0.25867483,-0.32730705,-0.42547417,-0.21436921,-0.35078764,-0.19105716,-0.06198867,0.050036564,0.13402852,-0.052486055,0.505509,-0.39225245,-0.5342254,-0.56547457,-0.5795722,-0.55012023
-0.4241635,-0.07217449,-0.22370118,-0.16903654,-0.42310926,-0.3102637,-0.7034515,0.015187124,-0.3524242,0.47375908,0.8315308,0.74503225,0.78046155,0.7858896,0.46438366,-0.25081864,-0.44536722,-0.059240565,0.65856326,-0.7062601,-0.51308364,-0.2561713,-0.7776225,0.40340406,0.87781024,0.67870486,-0.20000486,-0.45129484,-0.6664062,-0.53015935,0.49914724,-0.6148251,-0.61220706,-0.11893067,-0.356062,-0.485929,-0.7928827,-0.6492097,-0.4858199,0.055796966,-0.81206787,-0.25805196,-0.47616142,-0.8241846,-0.8265855,-0.70906353,-0.6405963,-0.8421904,-0.6619855,-0.8166864,-0.13762596,-0.3095774,-0.56008697,-0.48655343,-0.22988728,-0.38781843,-0.3360551,-0.17321345,0.44702542,0.7312404,0.5221863,0.76100004,0.8348446,0.74067044,0.3895923,0.62945634,-0.6513816,0.3993811,0.40844005,-0.21944568,-0.4414224,0.10124239,-0.6267208,0.3907582,0.39637387,0.69429755,-0.10648522,0.4337443,-0.6307645,-0.61672604,0.15753394,-0.6550447,-0.8174965,-0.63376135,-0.816098,-0.75757396,-0.6880487,-0.42658204,-0.54587936,-0.6566535,-0.69183314,0.19472156,-0.28768104,-0.3148082,-0.17247045,-0.8597446,-0.81450105,-0.79183525,-0.5714203,-0.76328194
-0.68612725,0.014546773,-0.31606996,-0.08615601,-0.28767312,-0.33383128,-0.6957988,-0.20658398,-0.49112016,0.032238975,0.6014304,0.6486056,0.743479,0.6066679,0.5018464,-0.5317941,-0.49123132,-0.42866725,0.41400105,-0.7667103,-0.59933746,-0.03280397,-0.6603826,0.4589821,0.67870486,0.89168596,0.30724192,0.044942655,-0.5670067,-0.0673618,0.64485574,-0.37095883,-0.4608848,-0.47497123,-0.06436796,-0.56743836,-0.62799704,-0.34021378,-0.17469761,-0.1948173,-0.53836715,0.13748296,-0.06477611,-0.56671625,-0.6139146,-0.32697612,-0.23021728,-0.6056555,-0.78545713,-0.7665863,-0.4533527,-0.24389538,-0.66318876,-0.35709158,-0.24516572,-0.47352457,-0.52231836,-0.30504656,0.09451112,0.39087552,0.30380583,0.6765621,0.6677315,0.4069954,0.040485553,0.5736079,-0.84398687,0.0737693,-0.056772426,-0.6126157,-0.6459792,-0.12363276,-0.8098317,0.07547444,0.23912317,0.6733716,-0.41029653,0.6186707,-0.20642945,-0.38349608,-0.0087986635,-0.8460962,-0.7614352,-0.66773,-0.5294608,-0.83083725,-0.7899569,0.030741308,-0.78153706,-0.75729406,-0.72417253,0.07384278,-0.17821553,-0.01660012,-0.21338242,-0.65776706,-0.58511883,-0.8292066,-0.77106065,-0.8432917
-0.4247808,0.2715494,-0.043003604,0.26523346,0.3275373,0.07023889,0.036960695,-0.31060657,-0.16842616,-0.7198813,-0.3434556,-0.20256414,-0.003549868,-0.24183786,0.010707755,-0.42008987,-0.28873116,-0.7485256,-0.4271233,-0.19620341,-0.26457337,0.2865522,0.06774384,0.00013108493,-0.20000486,0.30724192,0.9137745,0.8408891,0.12291951,0.7788034,0.25311136,0.4923352,0.32352912,-0.7235751,0.31410068,-0.17800082,0.2824964,0.5526923,0.59233665,-0.2652139,0.4317302,0.7666639,0.7008754,0.37170058,0.31701368,0.64607453,0.6865075,0.36917394,-0.19995248,0.079891086,-0.5588811,0.23196137,-0.12411673,0.32008028,0.08818488,-0.04421657,-0.26864997,-0.13042575,-0.49803776,-0.51466143,-0.45006466,-0.12190567,-0.1857522,-0.51736057,-0.6178241,-0.11564694,-0.33433506,-0.6591524,-0.8411144,-0.74572563,-0.43567738,-0.52855474,-0.3925823,-0.44201037,-0.3522144,-0.060664427,-0.5819157,0.34196562,0.6934948,0.4810614,-0.37236744,-0.33290535,0.048345596,-0.17639679,0.42607147,-0.16656473,-0.17749217,0.74423665,-0.422272,-0.1879368,-0.16588318,-0.010543242,0.26668578,0.59604704,-0.11525655,0.27608198,0.40133536,-0.08354339,-0.33947372,-0.13169818
-0.21717456,0.29661256,0.086348206,0.31857747,0.45794892,0.20036739,0.28234184,-0.21931675,-0.00018725253,-0.8053305,-0.5802757,-0.43323946,-0.2618729,-0.47735435,-0.16552153,-0.23330444,-0.11587003,-0.6089034,-0.5879656,0.058283903,-0.060567558,0.35431337,0.3291133,-0.14446536,-0.45129484,0.044942655,0.8408891,0.92433065,0.3343441,0.8820915,0.059502013,0.6461558,0.50133246,-0.56419945,0.40235287,-0.0074250186,0.49436384,0.69614834,0.68885237,-0.27276793,0.63532275,0.7600355,0.77548075,0.5810919,0.5462761,0.8137712,0.8236357,0.6078527,0.048196197,0.33986795,-0.43149436,0.34573352,0.1020266,0.45887405,0.19721448,0.1284936,-0.08321816,-0.015408334,-0.5928891,-0.697234,-0.58381593,-0.3725363,-0.4318413,-0.7016233,-0.68376184,-0.33688003,-0.06581365,-0.7232806,-0.86592185,-0.5549396,-0.24366826,-0.5138558,-0.12617838,-0.53784406,-0.4602673,-0.3043121,-0.4699703,0.16614711,0.82379425,0.62870276,-0.41443527,-0.07560643,0.3019103,0.054556943,0.63954616,0.11043217,0.06701034,0.830758,-0.18146884,0.05434937,0.077260405,-0.0980949,0.31523025,0.63248837,-0.06275629,0.51472723,0.61797297,0.19912788,-0.094342515,0.13807243
0.53872585,0.26913357,0.4911268,0.3450209,0.56348205,0.57136476,0.6656238,0.26330638,0.67925537,-0.29545552,-0.6989782,-0.70353496,-0.7950239,-0.6838919,-0.3380735,0.28290224,0.23053965,0.13908789,-0.5556199,0.77238476,0.68278956,-0.12631086,0.6114361,-0.39916578,-0.6664062,-0.5670067,0.12291951,0.3343441,0.8847343,0.3575856,-0.6310207,0.5121907,0.5567019,0.121526726,-0.014863654,0.7487158,0.81372595,0.5339385,0.30236453,-0.02431238,0.66478956,0.17775686,0.22207609,0.7641769,0.73500925,0.5781474,0.44307166,0.7152953,0.72924936,0.76893795,0.2811065,0.50736153,0.6336715,0.59035575,0.49254084,0.6545438,0.5766629,0.5188347,-0.2670313,-0.64891976,-0.5194411,-0.8231758,-0.7526226,-0.6764836,-0.22581056,-0.5513704,0.71594167,-0.37199473,-0.3200971,0.33131748,0.6059241,-0.12623051,0.6271323,-0.21618491,-0.34429896,-0.59433085,0.40788156,-0.34211555,0.42247808,0.5218388,-0.12208933,0.6350794,0.73281324,0.57311237,0.70608413,0.68654,0.7677709,0.25094748,0.67281365,0.6715456,0.63854706,-0.1063714,0.28091466,0.16936141,0.17955777,0.7727673,0.7038133,0.72594035,0.6658233,0.7407124
-0.079855174,0.3008136,0.1321795,0.31511766,0.4683351,0.23605658,0.41921097,-0.13127515,0.041761015,-0.8977839,-0.67647266,-0.53528166,-0.28864402,-0.4603972,-0.13239786,-0.104486525,-0.06429814,-0.49699336,-0.5328673,0.13837755,0.027237397,0.51578,0.47457802,-0.30864215,-0.53015935,-0.0673618,0.7788034,0.8820915,0.3575856,0.9434493,0.099913426,0.690593,0.59832346,-0.41620088,0.4901948,-0.0067731133,0.5304802,0.77252316,0.75126636,-0.2573444,0.7092297,0.7277013,0.80086446,0.6285977,0.5660001,0.8573693,0.8951801,0.7010841,0.15627456,0.4435146,-0.30435157,0.3887542,0.1745078,0.470259,0.21145132,0.17556337,0.005591622,0.016247587,-0.75449604,-0.7557405,-0.67834884,-0.40522844,-0.45299712,-0.6948508,-0.6262965,-0.33652645,-0.0042321137,-0.7312889,-0.8180092,-0.44069147,-0.21619439,-0.56469977,-0.0054257456,-0.69064176,-0.6019907,-0.45531774,-0.4522832,0.17837182,0.87433314,0.6411873,-0.53394157,-0.022955123,0.32102963,0.027191572,0.6421578,0.15635803,0.1190414,0.84840196,-0.12562433,0.056939926,0.08877918,-0.14830643,0.20431125,0.5776448,-0.19646572,0.56377566,0.68121064,0.2890259,0.009731665,0.22031829
-0.46291655,-0.07269075,-0.2890717,-0.17240334,-0.35608643,-0.35288936,-0.4554752,-0.115868,-0.5142339,-0.18621531,0.38247764,0.4788156,0.7531172,0.6437816,0.5170917,-0.27892584,-0.36372906,-0.27188122,0.5048624,-0.6936408,-0.56560796,0.44496167,-0.34644383,0.12785126,0.49914724,0.64485574,0.25311136,0.059502013,-0.6310207,0.099913426,0.87188673,-0.26158038,-0.2649766,-0.2224566,0.1631518,-0.71195936,-0.62269926,-0.19146928,0.030831082,-0.17823924,-0.40386504,0.10314841,0.048149645,-0.5225074,-0.6054728,-0.20690301,-0.044227026,-0.4098602,-0.6039379,-0.56257325,-0.26728913,-0.2276023,-0.59463465,-0.39977998,-0.2963354,-0.44130582,-0.42983,-0.34165078,-0.2528696,0.3000047,0.08619027,0.6447314,0.65130377,0.4199371,0.09878297,0.5583918,-0.78496975,0.049451225,-0.020222127,-0.46215934,-0.71320474,-0.2603448,-0.616908,-0.27217078,-0.04188013,0.33047473,-0.5149663,0.6571834,-0.08122406,-0.36125624,-0.30312985,-0.78611326,-0.7625636,-0.7705219,-0.514785,-0.7686581,-0.7644007,0.16133194,-0.7499484,-0.82953656,-0.76605797,-0.108589135,-0.43346158,-0.080511056,-0.5492105,-0.59509677,-0.45063138,-0.63508666,-0.61082655,-0.6929754
0.2093299,0.5657663,0.47098085,0.6183361,0.76606506,0.5599602,0.7155053,0.1277717,0.3637722,-0.62877476,-0.7643633,-0.8214237,-0.50990987,-0.6583692,-0.5340059,0.30252174,-0.14042604,-0.44782102,-0.72577834,0.26963526,0.070047885,0.20551842,0.45727536,-0.54654443,-0.6148251,-0.37095883,0.4923352,0.6461558,0.5121907,0.690593,-0.26158038,0.9575281,0.8197042,-0.3227352,0.19059773,0.15278889,0.7327889,0.89775276,0.8275437,0.20326829,0.7860178,0.7319244,0.7460621,0.6669495,0.73569846,0.85934234,0.8077538,0.80538976,0.4014148,0.64979696,-0.2075328,0.67300546,0.58824456,0.7952726,0.5307724,0.495584,0.3323565,0.31764644,-0.40582126,-0.7628827,-0.77636576,-0.63414466,-0.58069396,-0.743912,-0.7068,-0.69522,0.30653167,-0.86190104,-0.6955536,-0.23682572,-0.060917564,-0.64548135,0.17479485,-0.366921,-0.7357465,-0.66253144,-0.3231476,-0.105443865,0.7422185,0.91929924,-0.5305588,0.32075697,0.56957746,0.2128935,0.70273924,0.4248144,0.39356992,0.5593852,0.14719847,0.36536658,0.24262464,0.23188758,0.5213228,0.71419656,-0.015162617,0.6871627,0.8611645,0.52724946,0.26634702,0.5014312
0.44120905,0.5863139,0.61191756,0.63151085,0.7639854,0.6609767,0.7771911,0.37643796,0.5202993,-0.5609722,-0.7678219,-0.85738224,-0.54870033,-0.581612,-0.4326943,0.5014163,-0.11166077,-0.1801055,-0.5605321,0.38490102,0.2214559,0.2384177,0.5643101,-0.7043687,-0.61220706,-0.4608848,0.32352912,0.50133246,0.5567019,0.59832346,-0.2649766,0.8197042,0.87976426,-0.05794578,0.12896277,0.2242027,0.7035272,0.7979504,0.6873184,0.061300818,0.70546615,0.52791274,0.54847896,0.64229596,0.66554844,0.7636744,0.69812596,0.80063426,0.5438266,0.71406186,0.086954266,0.7528395,0.6830621,0.78786904,0.6166601,0.64143026,0.5489985,0.48341882,-0.45808497,-0.71383953,-0.8186085,-0.68875295,-0.5513575,-0.64372647,-0.48095593,-0.627296,0.41117582,-0.74647915,-0.50547457,0.01779896,0.05857434,-0.5991649,0.358006,-0.4742741,-0.7903681,-0.7656604,-0.101797536,-0.04989284,0.60904396,0.7447283,-0.6038573,0.37445712,0.54382944,0.19487405,0.6037694,0.46488035,0.46490997,0.46957427,0.27954543,0.35942692,0.2552175,0.012313747,0.24968101,0.44676822,-0.18190333,0.658631,0.8006161,0.59755206,0.43904677,0.5763068
0.5948435,-0.27406132,0.11078657,-0.24997637,-0.21479267,0.030694105,0.20233138,0.3650155,0.27714542,0.33847043,-0.017831067,-0.057398506,-0.22093207,0.06264098,0.04215616,0.49480882,0.46837556,0.89968,0.3296923,0.47620094,0.52906466,0.07003794,0.37547594,-0.22406183,-0.11893067,-0.47497123,-0.7235751,-0.56419945,0.121526726,-0.41620088,-0.2224566,-0.3227352,-0.05794578,0.935628,-0.00034845434,0.31672502,-0.04088118,-0.2966207,-0.396271,-0.009074139,-0.11006141,-0.7213383,-0.49677584,-0.0391515,-0.07126351,-0.33533114,-0.34553593,-0.02089623,0.42756402,0.21094105,0.7184508,-0.11402525,0.26301062,-0.19528908,-0.019979242,0.17590511,0.42100644,0.20603196,0.0389408,0.17067173,0.1519921,-0.12193602,-0.06627833,0.26263103,0.5751256,0.059148453,0.47136682,0.52629113,0.66791224,0.86369884,0.5597236,0.45078063,0.65270567,0.000596568,0.11085833,-0.24844654,0.62946177,-0.26201212,-0.35483795,-0.36023486,0.16727188,0.4359673,0.15138182,0.26907873,-0.16782549,0.32788703,0.33823392,-0.42598775,0.5359631,0.2584286,0.3414949,-0.30802965,-0.4314766,-0.5947169,-0.025925435,0.01982101,-0.11978023,0.3131882,0.522069,0.33314633
-0.2869767,-0.22875199,-0.3805342,-0.19237977,-0.06747376,-0.2909299,0.0406172,-0.44598675,-0.4007654,-0.5445938,-0.37090358,-0.114666775,-0.12331742,-0.25745913,-0.06782323,-0.15598923,0.45561463,-0.070471,-0.22880352,0.065889806,0.011317189,0.6571211,0.4400869,0.11981861,-0.356062,-0.06436796,0.31410068,0.40235287,-0.014863654,0.4901948,0.1631518,0.19059773,0.12896277,-0.00034845434,0.89941037,-0.15553826,0.10766713,0.27278307,0.31614333,-0.26659158,0.41660595,0.19356112,0.5316183,0.28456682,0.3067669,0.3944767,0.51392174,0.31558356,-0.13330528,0.09137653,-0.29120106,-0.2197509,-0.09014304,-0.05239631,-0.2935138,-0.36095804,-0.32997304,-0.44705778,-0.5080366,-0.3979472,-0.15332708,-0.06622583,-0.29951847,-0.34350073,-0.35145468,-0.10026144,-0.12236955,-0.13012391,-0.27830917,-0.19629854,-0.11730261,0.064418495,0.03735507,-0.3969424,-0.06483417,-0.12934567,-0.35790896,-0.019278454,0.5396017,0.20296952,-0.005093633,-0.008597169,0.22556034,0.17777869,0.34582233,0.093259245,-0.10275548,0.41508543,-0.19890466,-0.0022449142,0.20995463,-0.25296998,0.048402686,0.3120553,0.12806407,0.28197673,0.27636272,0.05597779,-0.20366491,-0.016765758
