0,1,2,3,4,5,6,7,8,9,10,11,12,13,14,15,16,17,18,19,20,21,22,23,24,25,26,27,28,29,30,31,32,33,34,35,36,37,38,39,40,41,42,43,44,45,46,47,48,49,50,51,52,53,54,55,56,57,58,59,60,61,62,63,64,65,66,67,68,69,70,71,72,73,74,75,76,77,78,79,80,81,82,83,84,85,86,87,88,89,90,91,92,93,94,95,96,97,98,99
0.8083985,0.45306706,0.055392906,0.34891355,0.37023643,-0.12883079,0.25580457,0.59713215,0.07468471,-0.2959866,-0.68828917,-0.6731975,-0.41455793,0.08590537,-0.08405018,0.5156202,0.13537583,0.5790335,0.29256812,0.528035,0.2512326,0.16876161,0.3906309,-0.45463917,-0.5587686,-0.51165605,0.39748272,-0.5080664,-0.07293282,-0.32143915,-0.0959782,-0.14384294,0.42867875,0.4570195,0.37345392,0.27598977,0.32217145,-0.1085242,-0.09068079,0.24951583,0.32769743,-0.12359584,0.24668401,0.03866837,0.32524526,0.37907487,0.37857705,0.45254916,0.11180025,0.20953256,-0.085059226,0.33990973,0.051371016,0.29286098,0.11340703,-0.1901862,0.55522895,0.26850235,-0.48792547,-0.007204895,-0.07562114,-0.27101615,-0.376433,-0.14888313,-0.13531202,-0.1468109,0.0875704,-0.009494691,0.3150563,0.53389895,0.025524823,-0.42795032,0.24029279,-0.16346727,-0.3434602,-0.17722954,-0.091903925,0.06599235,0.072771385,-0.19735461,0.32931417,0.2899515,0.2794361,0.33560476,0.3126863,0.35148615,0.24607289,0.33752066,0.18630187,0.1141888,-0.15473166,-0.2909742,-0.32036495,0.19949104,0.19925858,0.08036439,0.25815302,0.3194267,-0.07946901,0.05214309
0.45306706,0.88161075,-0.15859973,0.7118815,0.47093174,-0.34493855,0.306934,0.46815366,-0.1255655,-0.26436567,-0.7140622,-0.64895326,-0.1764183,0.3505401,0.16263011,0.560361,0.16383012,0.40577853,0.3628801,0.50413525,0.40567797,0.14324656,0.3466692,-0.3563586,-0.6085299,-0.61889184,0.24807307,-0.30018532,0.16431847,-0.15884712,-0.16515806,0.20014751,0.22687581,0.38760746,0.41613567,0.11341136,0.37660354,0.1261899,0.093354285,0.33042452,0.33904988,-0.20079324,0.10980174,-0.19746304,0.05360207,0.35635173,0.2868138,0.3516999,0.14336854,0.3041039,0.090647556,0.21633533,0.3741074,0.752089,-0.0906543,-0.39681104,0.55503714,0.09797104,-0.41438657,-0.20980209,-0.12799263,-0.21366015,-0.041208778,0.18412024,0.16014364,0.092463166,0.14787422,0.070347145,0.24740213,0.32138348,0.23482975,-0.46741736,0.38889486,0.039388273,-0.41429144,-0.569458,0.027501397,0.071941204,0.10809548,-0.029378776,0.08962275,0.07387327,0.036787104,0.10184945,0.124128714,0.2316715,0.0426687,0.026260102,0.036340874,0.01916614,0.056028955,-0.12128319,-0.25749946,-0.049652927,0.011724394,-0.104262754,0.11750306,0.17285128,0.039131306,0.09197031
0.055392906,-0.15859973,0.92003274,-0.46578395,0.34080186,0.72843575,-0.27313912,0.44710296,0.8459238,0.08955622,0.053073492,-0.031421095,0.25077412,0.3336316,0.28668553,-0.46208155,0.36184344,0.1325487,0.4239117,-0.17919561,0.48028564,0.16773146,0.0053800656,0.027100911,-0.05314222,0.3413274,-0.36998057,0.08964193,0.40358073,0.029307367,-0.19876583,0.03627849,-0.25558615,-0.22905955,-0.4916466,-0.27075842,-0.6812381,-0.2394557,-0.5715138,-0.6918093,-0.65774655,-0.55012995,-0.48675737,-0.34449926,-0.49777085,-0.5687833,-0.4398576,-0.5516329,-0.296113,-0.69110644,-0.23386413,0.5832586,-0.43581408,-0.3252929,0.8192371,0.67754996,0.18108244,0.6861657,-0.2645746,-0.08089535,0.056462236,0.10452272,0.20234424,0.39320838,0.4524989,0.35645884,-0.5747499,0.5553504,0.2902733,0.32375106,0.5581572,0.039593443,0.002625354,-0.31598696,0.30378586,-0.09881422,0.6245216,0.2408576,-0.34746468,-0.18640506,-0.2429004,-0.40488976,-0.4307837,-0.4523375,-0.3717514,-0.4695527,-0.45032185,-0.38911998,-0.3839665,-0.46425623,-0.43762726,-0.3038284,-0.43484807,-0.40802586,-0.43887317,-0.50485486,-0.5320064,-0.39538628,-0.09774987,-0.530422
0.34891355,0.7118815,-0.46578395,0.9432547,0.057873942,-0.6136621,0.5571309,0.21297976,-0.3749172,-0.13615349,-0.47818875,-0.4874999,-0.078374356,0.09166126,0.06812593,0.6320739,-0.21165946,0.051057708,-0.040844902,0.5831176,0.12784185,-0.20866711,-0.012126798,-0.43517315,-0.45349705,-0.7683646,0.070429474,-0.3194029,0.14551222,-0.29519784,0.0012737503,0.24428809,0.20204566,0.12032808,0.28343123,0.25141853,0.52780926,0.42659104,0.20089301,0.42299867,0.34433228,-0.12730579,0.035259977,0.08488037,0.13568428,0.34776148,0.17609283,0.3582724,0.46059278,0.6252222,0.04628737,-0.03457223,0.6962565,0.74843645,-0.48483455,-0.5026588,0.41780764,-0.093832836,-0.17010412,0.13623321,0.14977744,0.07337989,0.089980654,0.04818144,0.04071581,-0.020776484,0.5154527,-0.019714344,-0.15667704,-0.01813516,0.10285872,-0.44946504,0.03472233,0.47383884,-0.18193991,-0.28688353,-0.050279498,-0.08079854,0.42047507,0.053255826,0.07723154,0.13880241,0.08782492,0.17657338,0.10062531,0.2575482,0.3004135,0.19056761,0.39725316,0.32812858,0.14962214,0.058497414,0.19044471,0.12562263,0.12776525,0.24377587,0.24408561,0.17045972,0.3756313,0.5148101
0.37023643,0.47093174,0.34080186,0.057873942,0.92480636,0.37225854,-0.37321633,0.50630265,0.27076736,-0.49435216,-0.64405906,-0.61458766,-0.29622304,0.28724664,-0.012412881,-0.017751833,0.29651028,0.61594623,0.47656694,0.23526871,0.39704,0.26551253,0.46501923,-0.17998922,-0.3840152,-0.17299055,0.30429885,-0.18528345,-0.03499542,0.045770355,0.0030069049,0.19680795,-0.10447624,0.4304217,0.2499292,-0.06740511,-0.051083732,-0.4991625,-0.18836725,-0.09533426,0.09455325,-0.09497975,0.10796474,-0.47411004,-0.057092458,0.16531044,0.2984277,0.14940137,-0.28893137,-0.34261048,0.33188617,0.65296566,-0.18002382,0.3982421,0.56866884,0.17102756,0.49433577,0.3077441,-0.21627669,-0.53256875,-0.461656,-0.4290393,-0.31855178,0.04749567,0.094949216,-0.008898103,-0.2482093,0.07003705,0.76319575,0.6556093,0.22018674,-0.061306886,0.6297854,-0.5428013,-0.39993855,-0.39965343,0.08058219,0.16215865,-0.1891065,0.18673651,0.29669252,0.17323223,0.14064653,0.13126466,0.2786954,0.2322757,-0.13383436,-0.23429675,-0.32255605,-0.15257606,0.16156062,0.02182693,-0.57077104,0.0020096966,0.083176434,-0.41246986,0.04797103,0.27754575,-0.37172246,-0.49711227
-0.12883079,-0.34493855,0.72843575,-0.6136621,0.37225854,0.961705,-0.6550872,0.11742251,0.6192073,-0.10125637,0.12132598,0.037670985,0.06831781,0.008750686,-0.019697987,-0.7468265,0.0593837,0.038331475,0.091008246,-0.25610307,0.115999825,-0.030593678,-0.05470869,0.11452502,0.20749585,0.3949449,-0.22318234,0.21952295,0.07211428,0.20807403,0.19111677,0.11641082,-0.5236081,-0.22971624,-0.43540674,-0.27233863,-0.6670959,-0.4714839,-0.4274639,-0.67070955,-0.52216285,-0.16712528,-0.31632268,-0.30872434,-0.33386666,-0.41004506,-0.2393345,-0.4358939,-0.33451575,-0.7507045,0.16912465,0.53538203,-0.5031712,-0.30245897,0.8223295,0.8342166,-0.0025079926,0.38953742,0.20379758,-0.23355734,-0.16932154,-0.008237068,-0.025677357,0.06382622,0.16815299,0.0781939,-0.38013476,0.19797856,0.38449413,0.2335453,0.25663918,0.4050757,0.11911208,-0.39058256,0.23939231,0.12771434,0.34662127,0.2166056,-0.20962358,0.21212763,0.06602059,-0.0814353,-0.1051721,-0.17843948,-0.036269505,-0.17451563,-0.27448118,-0.3676827,-0.34608772,-0.19526398,0.0063409647,0.14194596,-0.2126528,-0.08097835,-0.085565835,-0.3558194,-0.22834268,-0.06003649,-0.17556906,-0.54398215
0.25580457,0.306934,-0.27313912,0.5571309,-0.37321633,-0.6550872,0.96561515,0.30487007,-0.067677215,0.1641002,-0.109216616,-0.15014209,0.12760547,0.06746805,0.12835598,0.6487335,-0.022089094,-0.040635943,0.03840705,0.48651126,0.11903499,-0.08418181,-0.17385119,-0.398198,-0.48006016,-0.47332805,-0.13532367,-0.25371101,0.37664446,-0.51688945,-0.25490248,-0.2563992,0.47108752,-0.066606164,0.034843925,0.41768795,0.44176218,0.55117357,-0.051185552,0.27073038,0.10710055,-0.36190227,-0.11051808,0.41710767,0.16063537,0.05954943,-0.1518099,0.1417681,0.5684505,0.6758868,-0.5795859,-0.17865428,0.5564549,0.14689179,-0.47982824,-0.44396406,0.31239963,0.2003111,-0.4607098,0.5574057,0.5420269,0.32694215,0.23902325,0.12553541,0.072213314,0.058168825,0.33951086,0.30125585,-0.4403932,-0.08328675,0.16599718,-0.57045126,-0.44102746,0.5674461,0.14139566,-0.05444023,0.13709675,-0.14698847,0.31352162,-0.5269839,-0.18681127,-0.124054514,-0.1427325,-0.033297576,-0.23476988,-0.10450101,0.29942122,0.35771936,0.53472,0.16306892,-0.45614165,-0.45993754,0.15794235,-0.04930628,-0.12902865,0.36958256,-0.02220085,-0.20719516,0.48957738,0.6483747
0.59713215,0.46815366,0.44710296,0.21297976,0.50630265,0.11742251,0.30487007,0.96464056,0.56474113,-0.27450007,-0.5793313,-0.6369126,-0.07602233,0.32585123,0.10303113,0.30734256,0.35589093,0.58670074,0.57277966,0.5259888,0.5532518,0.2065098,0.20532387,-0.536711,-0.748896,-0.35013658,-0.007128558,-0.40536818,0.3953845,-0.4491953,-0.3015854,-0.15245321,0.24245083,0.20867176,-0.014098316,0.23856118,0.042130157,-0.15370798,-0.5273,-0.18958549,-0.11845343,-0.61661756,-0.18861213,-0.14039621,-0.05247637,-0.07678097,-0.06792459,-0.0018214036,0.088556804,-0.02993548,-0.35146958,0.6791706,0.056737572,0.18963996,0.46120748,0.10450915,0.7869944,0.77137053,-0.6882651,0.09016408,0.15859802,-0.013575753,-0.062945865,0.2081218,0.23074168,0.079853386,-0.17811781,0.5544112,0.42825785,0.6907351,0.4822827,-0.52639717,0.07723634,-0.16855286,-0.03355127,-0.27338064,0.40619546,0.04787969,-0.08698598,-0.412068,0.057589427,-0.06604391,-0.12415284,-0.053609423,-0.0891581,-0.068907715,0.019671308,0.011055693,0.051910527,-0.15528578,-0.5002777,-0.54796565,-0.537369,-0.124314986,-0.16581707,-0.20832467,-0.18054453,-0.08414102,0.01050682,-0.10494329
0.07468471,-0.1255655,0.8459238,-0.3749172,0.27076736,0.6192073,-0.067677215,0.56474113,0.94112283,0.028359707,0.045824345,-0.063687764,0.28578132,0.28380427,0.22555202,-0.371652,0.32024798,0.13254419,0.41153532,-0.012629857,0.46496725,0.08626339,-0.12898777,-0.14901367,-0.20518517,0.23661697,-0.45062354,0.029216874,0.52316093,-0.19075644,-0.21850249,-0.06626022,-0.22452697,-0.28865382,-0.5510976,-0.0859439,-0.55129886,-0.20629708,-0.72034705,-0.71616316,-0.6763425,-0.66404885,-0.56285936,-0.22860135,-0.44770467,-0.61033607,-0.5342074,-0.5704227,-0.12143089,-0.5222326,-0.35409963,0.6476462,-0.24599253,-0.30961582,0.75241005,0.6446885,0.34360892,0.83136415,-0.32210153,0.102034375,0.23388341,0.22774607,0.2392952,0.37302393,0.4330746,0.28963453,-0.458251,0.7043108,0.23800896,0.35016394,0.6183412,-0.08308862,-0.1661821,-0.18481854,0.40429592,-0.04023415,0.694612,0.110413656,-0.25735432,-0.29409283,-0.24503666,-0.4038816,-0.44612554,-0.44839463,-0.42386428,-0.50085396,-0.30207974,-0.34061617,-0.2019753,-0.3826114,-0.54641294,-0.39075562,-0.39771947,-0.36744997,-0.43967,-0.3905594,-0.5411103,-0.44330746,0.04366503,-0.35037738
-0.2959866,-0.26436567,0.08955622,-0.13615349,-0.49435216,-0.10125637,0.1641002,-0.27450007,0.028359707,0.9040787,0.5253345,0.5647511,0.49953085,0.27247503,0.5711677,-0.05885728,0.20402439,-0.4680618,0.006763,-0.55452335,0.16962658,0.17582712,-0.051324654,0.5392175,0.39971706,0.39301148,-0.3645308,0.41548198,0.31568015,0.38793653,-0.33044127,0.037069943,0.1084981,-0.36415112,-0.2554229,-0.5151477,-0.41277173,0.6213601,0.24934685,-0.03917805,-0.34517166,-0.17368813,-0.24341515,0.01063568,-0.40937287,-0.32864332,-0.40081042,-0.33726755,-0.12949689,-0.17242454,-0.4448101,-0.49977142,-0.1847072,-0.3657268,-0.18400335,-0.04914698,-0.53398234,-0.13159263,-0.12600319,0.14880094,0.26620772,0.2825399,0.5828862,0.48585647,0.446734,0.5795169,-0.27681628,0.13964704,-0.53201145,-0.5023454,0.21463871,0.13262306,-0.19152892,0.25071263,0.31349015,-0.08382015,0.2909512,0.37772453,-0.10994893,-0.32289606,-0.57629085,-0.5817072,-0.52229744,-0.5189817,-0.54688096,-0.52185076,-0.49657962,-0.063672975,-0.2540871,-0.36830133,-0.38773096,-0.27000037,0.1866284,-0.5126598,-0.51949435,-0.13769126,-0.41873586,-0.5301043,0.1625768,-0.037649713
-0.68828917,-0.7140622,0.053073492,-0.47818875,-0.64405906,0.12132598,-0.109216616,-0.5793313,0.045824345,0.5253345,0.94832253,0.8883605,0.5375869,-0.12380387,0.15218523,-0.514556,-0.119953826,-0.66125214,-0.33441317,-0.6252315,-0.23405612,-0.18416011,-0.48488945,0.44976428,0.65973455,0.62574804,-0.5230383,0.42941716,0.13141897,0.21640304,-0.05162414,0.02002413,-0.30173683,-0.590475,-0.5323863,-0.2825115,-0.4276505,0.24110618,0.002625864,-0.33700746,-0.48081586,-0.0049294606,-0.3459009,0.06295081,-0.3567063,-0.5378759,-0.5533713,-0.5721562,-0.068194896,-0.2249304,-0.19107923,-0.44976568,-0.15754418,-0.58817816,-0.12296632,0.24820536,-0.6349952,-0.1868819,0.36912584,0.2793398,0.33315757,0.46101803,0.46939743,0.16610461,0.15712467,0.22174683,-0.15458146,0.08825639,-0.50666416,-0.6022951,0.009886963,0.35887378,-0.49811852,0.2410497,0.54514694,0.34795892,0.18121693,-0.076137215,-0.13164918,-0.00046966108,-0.45353964,-0.40750203,-0.39891487,-0.43713218,-0.47856218,-0.52615404,-0.25609636,-0.22461101,-0.13024825,-0.1750651,-0.1280976,0.0898035,0.3788017,-0.2570668,-0.3288859,-0.03417638,-0.38212425,-0.48950326,0.1887719,0.011958035
-0.6731975,-0.64895326,-0.031421095,-0.4874999,-0.61458766,0.037670985,-0.15014209,-0.6369126,-0.063687764,0.5647511,0.8883605,0.9409988,0.46849757,-0.046740144,0.20398831,-0.41205722,-0.0076110763,-0.58567333,-0.25011632,-0.7027793,-0.21161202,-0.0077590197,-0.3057002,0.58741,0.7191235,0.6825717,-0.36662006,0.4654559,0.027230762,0.3274094,-0.10253118,0.00018298533,-0.17893514,-0.42163664,-0.3475707,-0.34398896,-0.35673505,0.24388838,0.1645806,-0.1826112,-0.33313996,0.13765836,-0.18887168,0.040056422,-0.3033022,-0.4168591,-0.39819843,-0.4400233,-0.18142536,-0.22414827,-0.16333121,-0.56473637,-0.24002284,-0.5807829,-0.1865989,0.09034642,-0.7438717,-0.30985522,0.31777194,0.14325422,0.17805946,0.2995435,0.39563516,0.172617,0.13018352,0.24733955,-0.24378641,-0.027696952,-0.48675343,-0.5986954,-0.0869273,0.34154695,-0.35807353,0.12524238,0.3619939,0.24711117,0.057032894,-0.065552115,-0.2115491,-0.029048748,-0.4673526,-0.405308,-0.35842645,-0.4106061,-0.43078023,-0.47681212,-0.32723123,-0.21771926,-0.23142737,-0.26539928,-0.08439545,0.053131312,0.28322893,-0.29993162,-0.32803327,-0.07888226,-0.35566175,-0.45133674,0.02544968,-0.0762651
-0.41455793,-0.1764183,0.25077412,-0.078374356,-0.29622304,0.06831781,0.12760547,-0.07602233,0.28578132,0.49953085,0.5375869,0.46849757,0.8564526,0.3245021,0.5221462,-0.30676243,0.1056066,-0.4662837,0.054791182,-0.35215592,0.33026943,-0.13383521,-0.45090106,0.17913085,0.2783374,0.3223821,-0.7816751,0.22874671,0.59867215,0.011483124,-0.35732737,0.34338343,-0.3429989,-0.60567564,-0.63457274,-0.3713926,-0.4676764,0.41348013,-0.22159487,-0.49109808,-0.6875353,-0.52605724,-0.7037876,-0.301162,-0.7442586,-0.7376119,-0.7886007,-0.758072,-0.019856138,-0.26287434,-0.2822724,-0.102068976,0.1150431,-0.15278137,0.016819123,0.21683615,-0.13854583,0.17379452,0.0015308729,0.3057516,0.5133918,0.6339801,0.7902405,0.61921436,0.63659245,0.5664678,-0.2759376,0.52195954,-0.35036656,-0.35759228,0.57070863,-0.03991557,-0.41280892,0.33197093,0.5976777,-0.06000191,0.6326813,-0.055649072,-0.19230774,-0.08006318,-0.6640667,-0.70301616,-0.7726157,-0.75082874,-0.7952039,-0.7702903,-0.46319264,-0.52050644,-0.2503878,-0.40457332,-0.32241887,-0.10984529,0.10354407,-0.58263564,-0.68106544,-0.38088644,-0.712805,-0.7486353,0.33259332,-0.065525495
0.08590537,0.3505401,0.3336316,0.09166126,0.28724664,0.008750686,0.06746805,0.32585123,0.28380427,0.27247503,-0.12380387,-0.046740144,0.3245021,0.92432743,0.7790446,0.12487367,0.7250303,0.15317911,0.7602985,-0.2077334,0.83041674,0.5552616,0.3696301,0.24555266,-0.15767564,0.15414286,-0.16000605,0.096799165,0.4731772,0.15943924,-0.58100075,0.31504604,0.0598181,0.11006803,0.02860101,-0.42257482,-0.28156787,0.23265377,-0.025433233,-0.11101526,-0.23915613,-0.4015153,-0.23414978,-0.5158367,-0.56380427,-0.2532472,-0.21710652,-0.2725981,-0.3159693,-0.3051236,-0.15297243,0.12264946,-0.09419741,0.17146021,0.20078936,-0.101194024,0.10527538,0.22544391,-0.54978216,-0.38605183,-0.14408663,-0.13670924,0.4168121,0.7824367,0.7116109,0.761184,-0.58605236,0.39706814,0.10205448,0.09791702,0.5996878,-0.29603487,0.32411087,-0.20558819,-0.17523251,-0.7985824,0.45933276,0.20126143,-0.44497442,-0.23211804,-0.60046506,-0.67340326,-0.6358936,-0.6305057,-0.52524126,-0.5046885,-0.7216766,-0.4792977,-0.5798105,-0.73465765,-0.30908674,-0.396774,-0.5652664,-0.79460144,-0.710834,-0.65607643,-0.6018677,-0.5258047,-0.16609882,-0.42646044
-0.08405018,0.16263011,0.28668553,0.06812593,-0.012412881,-0.019697987,0.12835598,0.10303113,0.22555202,0.5711677,0.15218523,0.20398831,0.5221462,0.7790446,0.9464967,0.012734892,0.5224726,-0.18255976,0.4927367,-0.36806455,0.6974103,0.3632215,0.14579767,0.3792176,0.07924931,0.23853764,-0.37548286,0.26670766,0.5479425,0.2831629,-0.50839424,0.36614862,-0.02648801,-0.18502861,-0.17762326,-0.56250334,-0.432688,0.51138216,0.06811537,-0.1566476,-0.40016448,-0.43241298,-0.3848173,-0.38965288,-0.6718005,-0.38634026,-0.4113145,-0.41540813,-0.22752336,-0.29051268,-0.24957505,-0.09853971,-0.051179815,0.039777085,0.05282261,-0.04331026,-0.1290758,0.116634235,-0.37805873,-0.19684227,0.048284963,0.09899588,0.6616005,0.8550483,0.8107919,0.91940606,-0.48236996,0.38732755,-0.21292567,-0.21426031,0.61530006,-0.14682856,0.114606194,0.06775269,0.08250461,-0.6243266,0.5350164,0.32654327,-0.3024253,-0.229137,-0.7289034,-0.78504515,-0.7457067,-0.7336169,-0.6610185,-0.6261319,-0.7517796,-0.4344728,-0.50452405,-0.65857196,-0.34271884,-0.31317705,-0.24463156,-0.81836843,-0.7687417,-0.5329059,-0.6421331,-0.6452284,0.059911445,-0.27357328
0.5156202,0.560361,-0.46208155,0.6320739,-0.017751833,-0.7468265,0.6487335,0.30734256,-0.371652,-0.05885728,-0.514556,-0.41205722,-0.30676243,0.12487367,0.012734892,0.96276945,0.17233095,0.39966553,0.22581348,0.46338052,0.12315063,0.28078982,0.39966866,-0.27867198,-0.53377855,-0.5453858,0.4711393,-0.42608792,-0.07216355,-0.29293495,-0.30314824,-0.25124228,0.760635,0.5406951,0.63352805,0.34779066,0.68825614,0.27415818,0.3054793,0.7020122,0.62587965,0.05135484,0.44982767,0.22636136,0.44211733,0.5617492,0.44623274,0.62570405,0.25656202,0.63632846,-0.25751972,-0.22980905,0.31419343,0.37214893,-0.48313576,-0.7739774,0.31355768,-0.10377606,-0.56501466,0.10905466,0.02677096,-0.23709273,-0.22601463,-0.08514787,-0.1849928,-0.10081312,0.22405475,-0.13571873,-0.0453811,0.19789988,-0.1762205,-0.6090756,0.13257997,0.10283107,-0.46318567,-0.28817344,-0.31687066,-0.07613443,0.11412451,-0.4082628,0.10374865,0.18373096,0.20796603,0.29440078,0.18387765,0.3019863,0.27604857,0.47850734,0.28531027,0.11047265,-0.18017103,-0.41497982,-0.13287026,0.08973786,0.11544264,0.24111196,0.27240664,0.19501683,0.0053247586,0.35324508
0.13537583,0.16383012,0.36184344,-0.21165946,0.29651028,0.0593837,-0.022089094,0.35589093,0.32024798,0.20402439,-0.119953826,-0.0076110763,0.1056066,0.7250303,0.5224726,0.17233095,0.9513238,0.41755962,0.8651228,-0.2923565,0.6591836,0.8515339,0.6000214,0.31746215,-0.14995506,0.35873276,0.123176545,0.04704144,0.21914372,0.18236932,-0.6899942,-0.09773693,0.34083077,0.3776222,0.2127366,-0.31690413,-0.19419879,-0.07664171,-0.04727746,-0.0073988065,-0.06366881,-0.2298907,0.079761244,-0.40529642,-0.2903974,-0.12541413,-0.014241664,-0.10248675,-0.5249121,-0.37449354,-0.29035634,0.09617645,-0.41916412,-0.14901616,0.3061275,-0.16833001,0.02044437,0.24105519,-0.692273,-0.3615595,-0.23940185,-0.33025917,0.0797791,0.5135946,0.40279728,0.4912925,-0.78825533,0.29304683,0.28275347,0.3203323,0.3063967,-0.27760842,0.3733226,-0.5504283,-0.3104634,-0.58762723,0.21453947,0.15251014,-0.6846832,-0.4808812,-0.42861444,-0.49906135,-0.42313275,-0.42697167,-0.3597339,-0.3929219,-0.6407921,-0.2854205,-0.6397949,-0.8006875,-0.47237402,-0.636904,-0.7891163,-0.6510887,-0.57425904,-0.631871,-0.51264185,-0.41427803,-0.50521225,-0.60258746
0.5790335,0.40577853,0.1325487,0.051057708,0.61594623,0.038331475,-0.040635943,0.58670074,0.13254419,-0.4680618,-0.66125214,-0.58567333,-0.4662837,0.15317911,-0.18255976,0.39966553,0.41755962,0.9557365,0.5288011,0.34696507,0.26895946,0.4716807,0.619336,-0.29854184,-0.5108737,-0.19492888,0.58225787,-0.4996265,-0.23121509,-0.21911162,-0.2572951,-0.26247406,0.45369315,0.7559061,0.52133596,0.23754635,0.31254885,-0.5026271,-0.09913651,0.23009548,0.41022515,0.009767231,0.43000102,-0.2167694,0.3101638,0.35677218,0.5046214,0.41964906,-0.19420075,-0.037153874,-0.001317652,0.41061768,-0.24814945,0.16010554,0.33687487,-0.18306711,0.5123497,0.26206616,-0.53041375,-0.24796174,-0.31167787,-0.49697888,-0.5720465,-0.178862,-0.21205442,-0.23823369,-0.24962762,-0.018887617,0.7301643,0.8581338,-0.09120942,-0.40356094,0.4723674,-0.63247895,-0.5532207,-0.22348315,-0.2139161,-0.090129025,-0.31953198,-0.22672611,0.3526821,0.29621023,0.28601998,0.3064504,0.33389035,0.321666,0.09027048,0.13361436,-0.12719059,-0.13818142,-0.13730086,-0.37110668,-0.6600318,0.124142036,0.15030754,-0.2265019,0.14115348,0.30826598,-0.4842118,-0.33204
0.29256812,0.3628801,0.4239117,-0.040844902,0.47656694,0.091008246,0.03840705,0.57277966,0.41153532,0.006763,-0.33441317,-0.25011632,0.054791182,0.7602985,0.4927367,0.22581348,0.8651228,0.5288011,0.9559428,-0.041319035,0.7693912,0.73571736,0.56650287,0.08829463,-0.37098134,0.13700882,0.11358566,-0.100656115,0.3090424,-0.0052740127,-0.6221627,-0.0046893433,0.27602556,0.39832598,0.19699785,-0.18932413,-0.12659745,-0.1259359,-0.18868361,-0.06452057,-0.0712267,-0.34678018,-0.006078408,-0.44024852,-0.28523293,-0.10534787,-0.0093381405,-0.07931049,-0.38633713,-0.3134639,-0.23389594,0.3345397,-0.2662781,0.055173855,0.39938515,-0.097200185,0.29968867,0.40789163,-0.7424277,-0.3722255,-0.22451288,-0.31850678,0.057265952,0.516616,0.43806982,0.46317142,-0.6733993,0.3951236,0.40682328,0.47447264,0.43915668,-0.38656506,0.40080884,-0.50762093,-0.3183221,-0.67142653,0.31291926,0.11970272,-0.5636184,-0.3988822,-0.3337931,-0.4315924,-0.38721555,-0.37673864,-0.30054992,-0.31999478,-0.53574204,-0.30280498,-0.53134495,-0.7032409,-0.43381885,-0.6028987,-0.8495951,-0.58676434,-0.52412415,-0.62039423,-0.46727479,-0.33601803,-0.41065234,-0.53956765
0.528035,0.50413525,-0.17919561,0.5831176,0.23526871,-0.25610307,0.48651126,0.5259888,-0.012629857,-0.55452335,-0.6252315,-0.7027793,-0.35215592,-0.2077334,-0.36806455,0.46338052,-0.2923565,0.34696507,-0.041319035,0.9388187,-0.04549793,-0.30988112,-0.09587516,-0.82020456,-0.7492268,-0.79793775,0.17552921,-0.48941904,0.057572234,-0.6450746,0.22850943,-0.122514784,0.1741505,0.1841537,0.18122135,0.6991811,0.5707408,-0.057340752,-0.24580604,0.19027898,0.30800277,-0.17653774,0.05927153,0.3007169,0.4304423,0.34962565,0.22856924,0.39187312,0.60636985,0.59320545,0.0006169602,0.41062716,0.57716066,0.4896442,-0.0928728,-0.13022497,0.7640938,0.3283426,-0.17137647,0.26013616,0.1787704,0.02498885,-0.28465015,-0.29843158,-0.26194587,-0.41288146,0.5823318,0.121862255,0.17355108,0.39605135,0.023185145,-0.42497373,-0.08787516,0.273008,-0.10187284,0.03208028,-0.05676455,-0.21157598,0.49564213,-0.027397525,0.43943137,0.4629966,0.38146514,0.46731442,0.36199832,0.44775057,0.6702622,0.36362898,0.6670162,0.5377777,0.041133743,-0.012810217,0.06068465,0.4669851,0.41656476,0.4341489,0.42050993,0.3926849,0.3524493,0.537819
0.2512326,0.40567797,0.48028564,0.12784185,0.39704,0.115999825,0.11903499,0.5532518,0.46496725,0.16962658,-0.23405612,-0.21161202,0.33026943,0.83041674,0.6974103,0.12315063,0.6591836,0.26895946,0.7693912,-0.04549793,0.9254477,0.45148098,0.2912699,0.022266647,-0.31336296,0.04771745,-0.23204678,-0.06670702,0.5587282,-0.001758894,-0.5949146,0.2885622,0.04881147,0.06635963,-0.08969167,-0.32818174,-0.31337833,0.15989843,-0.23013586,-0.24527493,-0.3413274,-0.60428333,-0.355842,-0.54188156,-0.5809523,-0.33381385,-0.29627377,-0.32720852,-0.23115109,-0.33039078,-0.23633908,0.34397662,-0.06859699,0.18801218,0.3649332,0.031204429,0.34163773,0.46505797,-0.62714523,-0.23506388,0.008845021,-0.019043382,0.40365228,0.7482817,0.72307706,0.68385684,-0.56075287,0.555197,0.21297419,0.28881237,0.7199029,-0.41254407,0.23918426,-0.18917519,-0.049880043,-0.6858467,0.58903265,0.18056639,-0.4138612,-0.2794202,-0.499284,-0.6148236,-0.6241325,-0.5926734,-0.52264327,-0.4977582,-0.62017345,-0.4590517,-0.4864292,-0.6674471,-0.43005636,-0.47072446,-0.59579265,-0.7080804,-0.67783177,-0.6663563,-0.6197618,-0.50922036,-0.07655757,-0.40982217
0.16876161,0.14324656,0.16773146,-0.20866711,0.26551253,-0.030593678,-0.08418181,0.2065098,0.08626339,0.17582712,-0.18416011,-0.0077590197,-0.13383521,0.5552616,0.3632215,0.28078982,0.8515339,0.4716807,0.73571736,-0.30988112,0.45148098,0.95979506,0.78155077,0.42386788,-0.08860141,0.33758643,0.43014413,0.07496557,-0.05310213,0.31481555,-0.5518505,-0.22596331,0.5094152,0.5853377,0.47616756,-0.28340387,-0.035827816,-0.12537771,0.20465437,0.26628956,0.22894886,0.0818769,0.3989148,-0.25817084,-0.012928782,0.17383792,0.2948873,0.19011205,-0.5611821,-0.2759763,-0.19357076,-0.072154135,-0.5173262,-0.1606066,0.17627627,-0.30928272,-0.12681481,0.0052110683,-0.6199846,-0.46585786,-0.43020397,-0.5511426,-0.16035147,0.2817325,0.15619564,0.3197843,-0.6779145,-0.009354162,0.30953252,0.29697934,0.0030895777,-0.15755147,0.5285536,-0.636546,-0.5219771,-0.5245844,-0.090020105,0.25768346,-0.5993005,-0.4437186,-0.22463374,-0.25423706,-0.14532349,-0.15972406,-0.07947005,-0.117911704,-0.5097011,-0.0392135,-0.58369637,-0.64899385,-0.32272643,-0.56457686,-0.71656513,-0.4468246,-0.329966,-0.45884797,-0.22761631,-0.14568345,-0.63670564,-0.5632032
0.3906309,0.3466692,0.0053800656,-0.012126798,0.46501923,-0.05470869,-0.17385119,0.20532387,-0.12898777,-0.051324654,-0.48488945,-0.3057002,-0.45090106,0.3696301,0.14579767,0.39966866,0.6000214,0.619336,0.56650287,-0.09587516,0.2912699,0.78155077,0.9526919,0.2778395,-0.16276795,0.04080929,0.7213106,-0.042045936,-0.3053375,0.34973574,-0.28204286,-0.14156276,0.52852416,0.79328525,0.7374459,-0.18809909,0.16661854,-0.212928,0.38408062,0.48229754,0.52526915,0.29101396,0.6331104,-0.22017157,0.23999825,0.5183156,0.6509913,0.52189887,-0.46310633,-0.14552902,0.08353915,-0.009294224,-0.4488416,0.107521,0.13520882,-0.37293342,-0.006733458,-0.14241913,-0.47638777,-0.6118047,-0.63711977,-0.76359475,-0.43219614,0.035469398,-0.062332682,0.082535595,-0.4016124,-0.29128265,0.4728219,0.42239374,-0.20322037,-0.10805948,0.77096045,-0.65853125,-0.7628679,-0.50882,-0.34208623,0.3285757,-0.36867237,-0.21444538,0.12828577,0.114777915,0.21445322,0.19291982,0.30684987,0.29774892,-0.2629709,0.14649262,-0.43428606,-0.34524363,-0.008382085,-0.31989014,-0.60337126,-0.12220615,0.028306866,-0.2916724,0.14637555,0.26490676,-0.6361388,-0.46966097
-0.45463917,-0.3563586,0.027100911,-0.43517315,-0.17998922,0.11452502,-0.398198,-0.536711,-0.14901367,0.5392175,0.44976428,0.58741,0.17913085,0.24555266,0.3792176,-0.27867198,0.31746215,-0.29854184,0.08829463,-0.82020456,0.022266647,0.42386788,0.2778395,0.9095613,0.6199026,0.64982253,0.03299488,0.6074264,-0.10329321,0.7664877,-0.15939972,0.080730096,-0.030457724,-0.022310155,0.06232169,-0.653544,-0.40926784,0.13562039,0.43957663,0.050804824,-0.07581919,0.29420653,0.14297758,-0.19590186,-0.27052778,-0.07892045,0.00083967275,-0.14754957,-0.5626268,-0.42905623,0.055852577,-0.47659373,-0.50402,-0.34195346,-0.03492764,-0.038912803,-0.77311444,-0.43752855,0.110350445,-0.40266517,-0.33896732,-0.21612489,0.20612234,0.29619366,0.21598172,0.39979798,-0.47119996,-0.22191554,-0.15017095,-0.4050564,-0.113212295,0.4558201,0.29468787,-0.258283,-0.112081766,-0.19287387,-0.082320586,0.37960124,-0.35707632,0.00033302442,-0.37738398,-0.35012776,-0.24114618,-0.31463924,-0.19672048,-0.24609467,-0.6167672,-0.20049208,-0.61091685,-0.46727356,0.049818885,0.021979183,-0.052987628,-0.40255618,-0.29957443,-0.3197288,-0.2279581,-0.23072913,-0.35699695,-0.44068074
-0.5587686,-0.6085299,-0.05314222,-0.45349705,-0.3840152,0.20749585,-0.48006016,-0.748896,-0.20518517,0.39971706,0.65973455,0.7191235,0.2783374,-0.15767564,0.07924931,-0.53377855,-0.14995506,-0.5108737,-0.37098134,-0.7492268,-0.31336296,-0.08860141,-0.16276795,0.6199026,0.8752266,0.60779643,-0.18664837,0.4119257,-0.22901125,0.5445856,0.09722622,0.18700263,-0.30950463,-0.31604314,-0.23399447,-0.49286997,-0.43527067,0.09073319,0.31785893,-0.123954475,-0.20921503,0.34710938,-0.026770126,-0.11073294,-0.24904402,-0.21872282,-0.16106278,-0.30180895,-0.32374018,-0.36073542,0.20537385,-0.49029332,-0.36548093,-0.39115334,-0.087114304,0.18284549,-0.76018745,-0.49780118,0.5325744,-0.10113468,-0.07575923,0.11114223,0.19902347,0.0033395924,0.011585576,0.13950214,-0.17099285,-0.32523996,-0.26869738,-0.5250571,-0.22544098,0.5288137,-0.0697115,-0.026465423,0.19626671,0.23625833,-0.123144075,0.10934807,-0.17802681,0.3097269,-0.20421095,-0.15582207,-0.12765715,-0.20529568,-0.13660169,-0.20699483,-0.3231511,-0.1917821,-0.33700597,-0.12717292,0.24715412,0.36935118,0.34939837,-0.12365074,-0.07977788,-0.10237831,-0.11753161,-0.13751131,-0.10005537,-0.21195504
-0.51165605,-0.61889184,0.3413274,-0.7683646,-0.17299055,0.3949449,-0.47332805,-0.35013658,0.23661697,0.39301148,0.62574804,0.6825717,0.3223821,0.15414286,0.23853764,-0.5453858,0.35873276,-0.19492888,0.13700882,-0.79793775,0.04771745,0.33758643,0.04080929,0.64982253,0.60779643,0.9292265,-0.19103767,0.42558518,-0.010315811,0.43576074,-0.24097143,-0.047935195,-0.17752235,-0.1574678,-0.2572611,-0.4789467,-0.5503054,-0.16370095,-0.020405572,-0.350318,-0.38190758,0.0741462,-0.104223266,-0.25265563,-0.37126395,-0.4401943,-0.29065523,-0.46709713,-0.5629277,-0.63121265,-0.098981544,-0.19458374,-0.6308027,-0.65860325,0.2923732,0.28430036,-0.5802351,-0.070276655,0.10391249,-0.16760305,-0.09990534,0.005233241,0.18358505,0.22411409,0.18653205,0.29544705,-0.655386,0.04691899,-0.014244046,-0.17855681,0.0098222345,0.3732345,-0.011415448,-0.39780155,0.16482617,0.06677247,0.12932414,0.060919262,-0.57463455,-0.079757534,-0.38238746,-0.41614664,-0.35847354,-0.4363243,-0.36161038,-0.48293442,-0.55283,-0.36184722,-0.59973407,-0.5635732,-0.17491873,-0.110954694,-0.19158085,-0.4139052,-0.40349025,-0.43712896,-0.4725119,-0.41334504,-0.36280677,-0.56628406
0.39748272,0.24807307,-0.36998057,0.070429474,0.30429885,-0.22318234,-0.13532367,-0.007128558,-0.45062354,-0.3645308,-0.5230383,-0.36662006,-0.7816751,-0.16000605,-0.37548286,0.4711393,0.123176545,0.58225787,0.11358566,0.17552921,-0.23204678,0.43014413,0.7213106,0.03299488,-0.18664837,-0.19103767,0.9704822,-0.21676415,-0.6863272,0.14534459,0.10231387,-0.34224886,0.5582758,0.85384345,0.89221483,0.22733474,0.5485524,-0.3669629,0.47100413,0.7158483,0.86907,0.65091246,0.9162512,0.14689848,0.7137908,0.8442135,0.93629384,0.8583416,-0.17945361,0.23605308,0.28324503,-0.11715251,-0.24243009,0.15386027,-0.13658698,-0.48059922,-0.009259471,-0.37798864,-0.14925554,-0.41879177,-0.63206744,-0.78742075,-0.80397874,-0.51800656,-0.60569435,-0.4510507,0.08307035,-0.6443816,0.40434718,0.36324877,-0.66082793,-0.034262717,0.6017181,-0.5033922,-0.82712525,-0.10469137,-0.77144325,0.055267587,-0.04388204,-0.019569803,0.5451447,0.6115918,0.6991769,0.6751924,0.72959816,0.7242218,0.27394676,0.48334375,0.0179317,0.18588777,0.30091944,-0.018221214,-0.26020706,0.4170987,0.5467436,0.19993836,0.62919956,0.6821053,-0.553152,-0.09384939
-0.5080664,-0.30018532,0.08964193,-0.3194029,-0.18528345,0.21952295,-0.25371101,-0.40536818,0.029216874,0.41548198,0.42941716,0.4654559,0.22874671,0.096799165,0.26670766,-0.42608792,0.04704144,-0.4996265,-0.100656115,-0.48941904,-0.06670702,0.07496557,-0.042045936,0.6074264,0.4119257,0.42558518,-0.21676415,0.8138828,0.13710335,0.5861447,0.18541569,0.06264195,-0.28497264,-0.3557353,-0.22820993,-0.42683524,-0.4385848,0.18178526,0.17720246,-0.12527773,-0.263099,0.088865176,-0.12131558,0.077595115,-0.25148895,-0.16960141,-0.2054525,-0.24231935,-0.21553141,-0.2850497,0.012723647,-0.21341056,-0.19955915,-0.2475323,0.015827887,0.19505742,-0.5570346,-0.16856322,0.27207497,-0.20122272,-0.14027321,0.031084519,0.33374688,0.26313728,0.25656354,0.32015923,-0.13078256,0.002473007,-0.25857866,-0.46714616,0.07714969,0.61879253,0.06938436,0.101681605,0.21497813,-0.04066652,0.16389194,0.4800431,0.072217844,0.061870568,-0.23828082,-0.26545408,-0.1728745,-0.23517871,-0.15523231,-0.20642205,-0.3622133,-0.13115013,-0.2390995,-0.12387652,0.08514906,0.16712561,0.18785024,-0.23106667,-0.14948425,-0.021961039,-0.108557664,-0.17011729,0.008259492,-0.13189003
-0.07293282,0.16431847,0.40358073,0.14551222,-0.03499542,0.07211428,0.37664446,0.3953845,0.52316093,0.31568015,0.13141897,0.027230762,0.59867215,0.4731772,0.5479425,-0.07216355,0.21914372,-0.23121509,0.3090424,0.057572234,0.5587282,-0.05310213,-0.3053375,-0.10329321,-0.22901125,-0.010315811,-0.6863272,0.13710335,0.88600016,-0.1668011,-0.30027753,0.19392374,-0.19190556,-0.4990039,-0.55281556,-0.14945209,-0.36638257,0.4095605,-0.42562962,-0.46088403,-0.6426163,-0.7796922,-0.72522736,-0.14102034,-0.6117878,-0.588974,-0.707462,-0.57399297,0.15802708,-0.117066085,-0.45900226,0.2706362,0.26722217,0.03357767,0.17430255,0.22413191,0.26897514,0.57155883,-0.32017732,0.2540437,0.47878873,0.5068695,0.70638716,0.68392956,0.7157446,0.57331216,-0.18015298,0.7813066,-0.22940987,-0.0818163,0.81209064,-0.20232758,-0.3091545,0.37007713,0.50543773,-0.27340424,0.83089894,0.15230618,0.02420279,-0.29169512,-0.5429974,-0.63756824,-0.68569756,-0.6253221,-0.67675006,-0.63200897,-0.33808643,-0.35598743,-0.04581902,-0.3155791,-0.49594724,-0.3229602,-0.07354846,-0.5474153,-0.60887396,-0.25856906,-0.59937143,-0.64001584,0.41998017,0.047360722
-0.32143915,-0.15884712,0.029307367,-0.29519784,0.045770355,0.20807403,-0.51688945,-0.4491953,-0.19075644,0.38793653,0.21640304,0.3274094,0.011483124,0.15943924,0.2831629,-0.29293495,0.18236932,-0.21911162,-0.0052740127,-0.6450746,-0.001758894,0.31481555,0.34973574,0.7664877,0.5445856,0.43576074,0.14534459,0.5861447,-0.1668011,0.91728926,0.10144806,0.21200559,-0.12794888,0.031312138,0.13405992,-0.68039,-0.3806396,0.074216574,0.48196143,0.10198141,0.010961,0.3652863,0.19463855,-0.18990129,-0.18477675,0.09713027,0.16926157,0.012451099,-0.5231246,-0.4452002,0.25461406,-0.3022065,-0.45667198,-0.113659486,0.04232997,0.030410476,-0.62882566,-0.4432218,0.23003212,-0.51989937,-0.47089964,-0.31099606,0.07732996,0.17389819,0.16687453,0.3089533,-0.28901193,-0.34611976,0.0079761045,-0.29421553,-0.117111735,0.60948056,0.48255482,-0.25301456,-0.16841319,-0.20226198,-0.10829583,0.59953755,-0.124906905,0.20445539,-0.08375932,-0.107584484,-0.005947009,-0.09544651,0.0718501,0.018392755,-0.4847116,-0.11201981,-0.5373067,-0.24045059,0.27235332,0.21590227,-8.427072e-05,-0.19346218,-0.06081566,-0.22799289,0.020101234,0.06551188,-0.33460408,-0.42960632
-0.0959782,-0.16515806,-0.19876583,0.0012737503,0.0030069049,0.19111677,-0.25490248,-0.3015854,-0.21850249,-0.33044127,-0.05162414,-0.10253118,-0.35732737,-0.58100075,-0.50839424,-0.30314824,-0.6899942,-0.2572951,-0.6221627,0.22850943,-0.5949146,-0.5518505,-0.28204286,-0.15939972,0.09722622,-0.24097143,0.10231387,0.18541569,-0.30027753,0.10144806,0.87930334,0.03670192,-0.3921125,-0.20194596,-0.05252041,0.22749667,0.08503285,-0.18588886,0.047020905,0.0057061734,0.14808309,0.3604018,0.119982734,0.387558,0.3714186,0.29652673,0.22945115,0.22937763,0.2765343,0.18600553,0.4734624,0.10310531,0.17810778,0.1266716,-0.055578686,0.28292888,-0.067122184,-0.20685422,0.66268325,-0.025044618,-0.16347843,-0.033112593,-0.2801548,-0.5112474,-0.42201912,-0.47004694,0.62936145,-0.36346787,-0.02642668,-0.17506194,-0.33446205,0.52985674,0.0030855117,0.24413098,0.083878264,0.40798843,-0.2638093,0.15038463,0.61687195,0.52526677,0.5681985,0.5998786,0.59789675,0.56054705,0.5936286,0.56457436,0.5131328,0.2850235,0.45544156,0.72708416,0.5888443,0.6633178,0.5197408,0.6670728,0.69680643,0.5694438,0.6451141,0.60052276,0.2245115,0.3466999
-0.14384294,0.20014751,0.03627849,0.24428809,0.19680795,0.11641082,-0.2563992,-0.15245321,-0.06626022,0.037069943,0.02002413,0.00018298533,0.34338343,0.31504604,0.36614862,-0.25124228,-0.09773693,-0.26247406,-0.0046893433,-0.122514784,0.2885622,-0.22596331,-0.14156276,0.080730096,0.18700263,-0.047935195,-0.34224886,0.06264195,0.19392374,0.21200559,0.03670192,0.8609359,-0.5305682,-0.26149702,-0.2095152,-0.39760223,-0.2869156,0.1955541,0.083027795,-0.22400494,-0.27082932,-0.14898935,-0.37836605,-0.49850762,-0.55579126,-0.23703703,-0.23484382,-0.32197705,-0.06592837,-0.20264375,0.45327055,0.07511042,0.20271665,0.46386445,0.019310022,0.12466599,0.0025735497,-0.14674477,0.28257832,-0.2530982,-0.069310725,0.16411164,0.43200448,0.39108494,0.45808053,0.38761485,-0.009784646,0.029444177,-0.024576845,-0.22427233,0.39246413,0.06208179,0.17107576,0.17417467,0.072942674,-0.31601542,0.28125256,0.04533816,-0.016089099,0.541695,-0.22963463,-0.2721403,-0.33529884,-0.35769856,-0.22675665,-0.19230327,-0.35613406,-0.51798826,-0.28793925,-0.13338456,0.37717068,0.46160245,0.11589281,-0.27293566,-0.23646472,-0.35820574,-0.23203227,-0.15827975,0.1655072,-0.12748826
0.42867875,0.22687581,-0.25558615,0.20204566,-0.10447624,-0.5236081,0.47108752,0.24245083,-0.22452697,0.1084981,-0.30173683,-0.17893514,-0.3429989,0.0598181,-0.02648801,0.760635,0.34083077,0.45369315,0.27602556,0.1741505,0.04881147,0.5094152,0.52852416,-0.030457724,-0.30950463,-0.17752235,0.5582758,-0.28497264,-0.19190556,-0.12794888,-0.3921125,-0.5305682,0.94690657,0.5932158,0.6172479,0.22438115,0.49811238,0.11227614,0.2896308,0.6316896,0.5598889,0.14136258,0.56700784,0.26646435,0.48947543,0.48975003,0.45583928,0.57945055,0.012983447,0.3702017,-0.43184602,-0.29628187,-0.09199439,-0.073763534,-0.29466802,-0.62690187,0.07220522,-0.08154374,-0.6216872,0.11480011,-0.0219182,-0.32537448,-0.34410357,-0.15456767,-0.27069148,-0.1248122,-0.050337262,-0.17005861,0.014852423,0.25205755,-0.31801695,-0.4202727,0.13713348,-0.16292375,-0.42267227,-0.105248906,-0.37439245,0.023454607,-0.115065694,-0.6296326,0.10359754,0.15122387,0.22576594,0.2829386,0.17423806,0.2328173,0.16385353,0.5466533,0.115378864,-0.05757568,-0.38730204,-0.61379105,-0.25064552,0.056823753,0.06682132,0.1686885,0.20194857,0.1428191,-0.22792608,0.11092451
0.4570195,0.38760746,-0.22905955,0.12032808,0.4304217,-0.22971624,-0.066606164,0.20867176,-0.28865382,-0.36415112,-0.590475,-0.42163664,-0.60567564,0.11006803,-0.18502861,0.5406951,0.3776222,0.7559061,0.39832598,0.1841537,0.06635963,0.5853377,0.79328525,-0.022310155,-0.31604314,-0.1574678,0.85384345,-0.3557353,-0.4990039,0.031312138,-0.20194596,-0.26149702,0.5932158,0.95621866,0.8597457,0.16957909,0.49451846,-0.36635685,0.3362735,0.6158024,0.7526289,0.40963095,0.77371585,-0.10221641,0.49725842,0.6653999,0.79069966,0.70083416,-0.24785358,0.14082044,0.16171601,-0.004427113,-0.24610153,0.21250966,-0.026193721,-0.5157169,0.16038337,-0.20192078,-0.39756206,-0.4327811,-0.55390203,-0.7280415,-0.66527665,-0.28119594,-0.38497272,-0.2693187,-0.14775577,-0.40546018,0.5251678,0.5371757,-0.42004734,-0.2842229,0.6276622,-0.6065587,-0.8406677,-0.30309102,-0.5755402,-0.057518452,-0.28497618,-0.1409437,0.34723628,0.3764875,0.43776205,0.43348294,0.48731065,0.49135512,0.08120234,0.263019,-0.15590584,-0.08381525,0.10344216,-0.22189146,-0.51384413,0.16484666,0.27043784,-0.088470854,0.34430444,0.44977605,-0.6002831,-0.25077337
0.37345392,0.41613567,-0.4916466,0.28343123,0.2499292,-0.43540674,0.034843925,-0.014098316,-0.5510976,-0.2554229,-0.5323863,-0.3475707,-0.63457274,0.02860101,-0.17762326,0.63352805,0.2127366,0.52133596,0.19699785,0.18122135,-0.08969167,0.47616756,0.7374459,0.06232169,-0.23399447,-0.2572611,0.89221483,-0.22820993,-0.55281556,0.13405992,-0.05252041,-0.2095152,0.6172479,0.8597457,0.9695944,0.17025825,0.61456144,-0.1347615,0.58685946,0.8278882,0.90016997,0.572312,0.8620464,0.080839105,0.5970665,0.83121824,0.8806081,0.8430714,-0.11606104,0.3515393,0.22798982,-0.24975973,-0.08124346,0.31163326,-0.3109536,-0.6791387,-0.0060100006,-0.4460026,-0.25448543,-0.43122578,-0.5795008,-0.7313202,-0.60839885,-0.3180353,-0.4364043,-0.27500463,0.08107486,-0.5804168,0.278679,0.25574,-0.54817486,-0.18864128,0.609741,-0.36959177,-0.875815,-0.31181514,-0.7093047,0.035917666,-0.052379966,-0.05296263,0.343799,0.43844086,0.5228897,0.52033687,0.5633894,0.6065209,0.16571127,0.4071464,-0.019021507,0.08515613,0.2660806,-0.071066454,-0.2594138,0.24304116,0.37477273,0.12592353,0.512548,0.5402913,-0.46351507,-0.024866609
