0,1,2,3,4,5,6,7,8,9,10,11,12,13,14,15,16,17,18,19,20,21,22,23,24,25,26,27,28,29,30,31,32,33,34,35,36,37,38,39,40,41,42,43,44,45,46,47,48,49,50,51,52,53,54,55,56,57,58,59,60,61,62,63,64,65,66,67,68,69,70,71,72,73,74,75,76,77,78,79,80,81,82,83,84,85,86,87,88,89,90,91,92,93,94,95,96,97,98,99
0.90666914,-0.066153824,-0.11687761,-0.10850622,-0.17552376,0.003468751,-0.26638407,-0.33262405,-0.24627593,0.5347942,0.530806,0.4994473,0.1738519,-0.103695184,0.06586272,-0.23580515,-0.6875806,-0.539808,-0.20821843,-0.3755527,-0.69089204,-0.048410684,-0.6221031,-0.13365534,0.66067314,0.40947744,-0.3779638,0.45898956,0.15213802,0.1353069,0.21161243,0.7037736,0.57122934,-0.3051018,0.35495245,0.44145542,0.5681697,0.883033,0.3956797,-0.16259399,0.5090917,0.64625406,0.47706532,0.5682428,0.3348205,0.49723887,0.31154874,0.16603342,0.54615957,0.50452644,0.78167397,-0.056395523,-0.57378507,-0.1602251,-0.14823674,0.078653485,-0.37341672,-0.41643232,0.47890162,0.5087546,0.4073093,0.10164394,-0.22032231,0.01769467,-0.1027323,0.019874102,-0.2791374,-0.11653962,-0.6336833,-0.6353191,-0.46448833,-0.40479088,-0.6838681,-0.19141431,0.04319918,0.33364445,-0.54638416,-0.10593785,0.047128886,0.7226523,-0.6557654,-0.010536598,-0.48454323,-0.13099344,-0.6353246,-0.3121193,0.26938137,0.38948363,0.15526251,0.020240523,0.2779618,0.7626834,0.07989253,0.0019489126,0.2869399,0.5953083,0.3476858,-0.13737345,0.44372845,0.45211142
-0.066153824,0.96371526,0.9089749,0.869277,0.912383,0.80077827,0.87817633,0.88511777,0.55999947,-0.59358764,-0.6006944,-0.47454226,-0.7871851,-0.8508676,-0.83377904,0.9098611,0.2714529,0.69427043,-0.8119916,0.7710457,-0.1708194,0.8061619,0.3953004,0.6593766,-0.15199485,0.08054438,0.4358384,-0.5692005,0.15735301,-0.81934595,-0.312456,0.1833595,-0.021067457,0.59142244,0.18616083,0.2989723,-0.0992682,-0.18253255,-0.5233251,0.85776114,-0.12542662,-0.4748038,-0.550747,-0.6556542,-0.3241508,-0.6574031,-0.09693727,0.5339755,0.21331787,-0.29252,0.2688639,0.9450051,0.6198913,0.77434355,0.87195206,0.6760452,0.8415576,0.6580117,-0.6201155,-0.5641333,-0.64621854,-0.7543427,-0.66755164,-0.80798995,-0.8251581,-0.8468558,0.766628,-0.77190083,0.5973406,0.471092,-0.6022484,0.6230309,0.27899033,0.76342845,-0.110422224,0.011484523,-0.07244102,-0.610118,-0.0005222107,0.12334346,0.2309887,-0.28235543,0.17044161,0.088471994,0.28729126,0.25542223,0.07575305,-0.3768967,0.31894308,-0.11642432,-0.6737752,-0.2813243,-0.70335484,-0.2526738,-0.05709909,-0.53566206,-0.6495703,0.33771008,0.30224612,-0.14444956
-0.11687761,0.9089749,0.95474213,0.77548414,0.87025267,0.88634384,0.8366307,0.88999134,0.712885,-0.62087536,-0.6168959,-0.49221057,-0.73911303,-0.7743442,-0.78693694,0.8692335,0.3328184,0.7139565,-0.7314298,0.7856941,-0.067192696,0.73186535,0.4225359,0.58229566,-0.21489611,0.025766946,0.3927947,-0.60837066,0.10982869,-0.7855563,-0.23360352,0.09227722,-0.09206289,0.56111413,0.1276817,0.30809134,-0.14660966,-0.24727333,-0.56947523,0.7853174,-0.16973847,-0.4822932,-0.5539662,-0.6412425,-0.31082898,-0.6620084,-0.13826469,0.49996746,0.26338404,-0.26818398,0.19008672,0.9116936,0.60134554,0.65426886,0.9236299,0.7916845,0.82712775,0.7748159,-0.6405641,-0.58184147,-0.6473503,-0.69287026,-0.6053115,-0.73718905,-0.7548464,-0.7957397,0.7181096,-0.6986461,0.6061434,0.48477745,-0.52756876,0.5402858,0.30819905,0.6875738,-0.122396216,-0.06361437,-0.07608968,-0.5879283,0.054830402,0.030775761,0.16702649,-0.33930176,0.14576598,-0.029713256,0.23972003,0.1786146,-0.013619583,-0.453954,0.30690372,-0.20123705,-0.7190671,-0.3313606,-0.75821626,-0.22549483,-0.1918684,-0.53490657,-0.6833738,0.27855068,0.3738396,-0.12706071
-0.10850622,0.869277,0.77548414,0.9329712,0.8756174,0.6367171,0.87029374,0.81784755,0.36640593,-0.6435502,-0.6562675,-0.5688487,-0.7818881,-0.84957767,-0.849243,0.8938026,0.17719534,0.7166519,-0.80007446,0.77580845,-0.19938287,0.8406249,0.3723017,0.61454666,-0.24047747,-0.036236033,0.41302958,-0.5868952,0.19680665,-0.80062294,-0.24880543,0.16580024,0.11325965,0.72273797,0.33496833,0.2156677,-0.08007229,-0.18416588,-0.38927567,0.83659005,-0.008321829,-0.5490376,-0.47835204,-0.69313586,-0.19397886,-0.6118947,0.07485848,0.61866647,0.10015932,-0.2997886,0.22139743,0.83501256,0.68519485,0.86393154,0.7278507,0.47985944,0.8259653,0.5103984,-0.67502916,-0.63594043,-0.7124874,-0.74179256,-0.71509975,-0.86460876,-0.8475344,-0.8527345,0.8247102,-0.8211348,0.66428155,0.57207024,-0.60250556,0.7467804,0.25180787,0.7462515,-0.25608063,-0.070805,-0.07863776,-0.6180487,0.08584998,0.10331471,0.4239571,-0.043227434,0.3557722,0.30651623,0.3874007,0.48717412,0.15905465,-0.36457106,0.34343427,0.12207999,-0.5108787,-0.353547,-0.6191959,-0.11281358,0.10736122,-0.53321815,-0.5265827,0.52456665,0.17077604,-0.1566988
-0.17552376,0.912383,0.87025267,0.8756174,0.9246357,0.7564033,0.880461,0.8773458,0.5524418,-0.67628133,-0.68357503,-0.57236093,-0.8029214,-0.8135123,-0.82161605,0.90128124,0.3127532,0.75557554,-0.7580128,0.8130268,-0.07097538,0.7857679,0.43462545,0.6180579,-0.28403968,-0.039032344,0.4476558,-0.63788456,0.22601476,-0.8178544,-0.2946817,0.076026365,-0.04014722,0.6730793,0.18061817,0.2883446,-0.10244274,-0.2761765,-0.523522,0.83183837,-0.102077104,-0.5799452,-0.589182,-0.6960047,-0.2880348,-0.6770179,-0.046424955,0.56147826,0.16774914,-0.28449172,0.15915808,0.89216876,0.6887176,0.7951876,0.83912253,0.6204933,0.8524432,0.662357,-0.69699776,-0.65168583,-0.71492326,-0.757774,-0.65465915,-0.8054351,-0.7931775,-0.8218857,0.80578136,-0.7550877,0.6811348,0.5749102,-0.5123633,0.67449,0.33689305,0.7551223,-0.17639771,-0.098828025,0.027009506,-0.61052966,0.03762219,0.017507792,0.36317962,-0.16604841,0.2866939,0.13679557,0.37735173,0.36829358,0.124079354,-0.43635595,0.37497726,-0.009170437,-0.6276879,-0.3993112,-0.68013346,-0.18800329,-0.07683805,-0.55457926,-0.6266068,0.43980116,0.26373982,-0.12866911
0.003468751,0.80077827,0.88634384,0.6367171,0.7564033,0.91640687,0.700226,0.76576155,0.74107575,-0.5232476,-0.5201183,-0.41595426,-0.64217323,-0.69116324,-0.69356656,0.7369736,0.24137382,0.59938335,-0.6576638,0.70008504,-0.09423432,0.6163994,0.28462458,0.4502906,-0.16036561,0.015273903,0.26015562,-0.5259378,0.15470798,-0.7007428,-0.114457175,0.11171697,-0.04094883,0.47435987,0.14255027,0.40283662,-0.032452174,-0.15248829,-0.4996935,0.6426784,-0.07022742,-0.35640192,-0.44543043,-0.48553234,-0.19914705,-0.5330818,-0.08259985,0.4861871,0.39283884,-0.11336577,0.23762101,0.8113495,0.46604586,0.5037714,0.8792566,0.8474791,0.68779737,0.73811126,-0.5462902,-0.4900604,-0.5552281,-0.5976733,-0.5717424,-0.64287686,-0.6791768,-0.7024392,0.5940058,-0.62967426,0.4774055,0.377303,-0.496451,0.37908027,0.17543593,0.53672385,-0.1290488,-0.080156654,-0.13561405,-0.5704204,0.11355342,0.06319231,0.033337794,-0.30662397,0.07153896,-0.1260049,0.10242396,0.08689968,0.023282045,-0.41972497,0.34762326,-0.19015178,-0.6299334,-0.24494743,-0.7214664,-0.16017067,-0.22598028,-0.3822729,-0.58041596,0.2399568,0.49776688,0.00774967
-0.26638407,0.87817633,0.8366307,0.87029374,0.880461,0.700226,0.9594192,0.92688024,0.523416,-0.7503723,-0.7677504,-0.6651442,-0.7788489,-0.7875396,-0.83569807,0.9418378,0.33106261,0.84213567,-0.69695926,0.84660447,-0.016356928,0.7656864,0.46310097,0.55368495,-0.3969649,-0.16163693,0.39080518,-0.73614836,0.16145334,-0.8458662,-0.256992,-0.025133338,-0.060627833,0.72794694,0.15774363,0.17913705,-0.17815457,-0.3641182,-0.5105444,0.81467706,-0.11588234,-0.6848748,-0.61301005,-0.7514146,-0.29241544,-0.7120193,-0.031513885,0.5631117,0.11128561,-0.31699082,0.058467235,0.8670502,0.80116004,0.7895592,0.7973974,0.5502981,0.9438681,0.6692052,-0.7677364,-0.7354002,-0.78424174,-0.71447396,-0.65203106,-0.80390847,-0.7778335,-0.82618475,0.88586736,-0.72131777,0.7788059,0.68118083,-0.47384822,0.71670985,0.36212593,0.76589274,-0.2561338,-0.21008524,-0.0022204304,-0.6501491,0.08046965,-0.08773093,0.4212426,-0.1336178,0.33001268,0.13647142,0.36862612,0.4178636,0.056179065,-0.55234814,0.33930403,0.012787448,-0.61431473,-0.5034547,-0.68294525,-0.1671964,-0.14900652,-0.61145985,-0.6556896,0.4657343,0.21564037,-0.16301727
-0.33262405,0.88511777,0.88999134,0.81784755,0.8773458,0.76576155,0.92688024,0.9629547,0.64427316,-0.75369966,-0.76018214,-0.638744,-0.7686709,-0.73986983,-0.7957815,0.9305352,0.45046335,0.85002935,-0.65677905,0.8535832,0.07802112,0.7377436,0.55093735,0.58960223,-0.40198964,-0.115025,0.45327228,-0.7304554,0.076413825,-0.8164085,-0.29610187,-0.07864407,-0.19016339,0.66600233,0.05921071,0.1302201,-0.2823096,-0.44968396,-0.6095185,0.8165936,-0.2500394,-0.6723641,-0.65644276,-0.7823852,-0.37653083,-0.7651824,-0.16456784,0.47178555,0.07201627,-0.3941755,-0.0074798036,0.8833115,0.7821336,0.72731376,0.8585998,0.6427986,0.93927795,0.7733983,-0.76261973,-0.7207861,-0.7626879,-0.70413554,-0.5708451,-0.74700475,-0.7209701,-0.78771186,0.8280313,-0.66867316,0.7781926,0.6677965,-0.40719497,0.67393464,0.45694715,0.75074,-0.17978132,-0.17524579,0.045889422,-0.5759873,0.0324493,-0.14291424,0.38407665,-0.25805908,0.2943314,0.06328972,0.4072104,0.32207882,-0.062828876,-0.55300266,0.26142296,-0.13180025,-0.7211298,-0.5280198,-0.72251177,-0.21373901,-0.22260937,-0.68203986,-0.7332784,0.36085132,0.20061326,-0.2394422
-0.24627593,0.55999947,0.712885,0.36640593,0.5524418,0.74107575,0.523416,0.64427316,0.88409936,-0.51643896,-0.4921348,-0.3940729,-0.46372598,-0.3825876,-0.4438695,0.53149235,0.47912228,0.5726422,-0.3253429,0.6142031,0.2643026,0.3436283,0.40196294,0.29802525,-0.30957985,-0.09167604,0.25070325,-0.52420056,0.05577131,-0.50774825,-0.10105975,-0.18303949,-0.3578852,0.31282502,-0.15970948,0.23110285,-0.1922515,-0.40305746,-0.58580816,0.42387825,-0.27655873,-0.3997627,-0.50142926,-0.45001298,-0.2777782,-0.54225516,-0.27954143,0.2188136,0.24472648,-0.16391794,-0.09218551,0.58468395,0.4238948,0.25234917,0.73561144,0.7479713,0.567417,0.8265742,-0.500692,-0.45666134,-0.46722996,-0.40081424,-0.25722393,-0.35406518,-0.3621645,-0.43566835,0.42504582,-0.30366042,0.47754025,0.39423534,-0.11057102,0.2271757,0.35112953,0.38070178,-0.029760942,-0.18447052,0.09666833,-0.34250325,0.06427664,-0.2253115,0.048252568,-0.37109137,0.06228056,-0.3007529,0.14111266,-0.052197356,-0.13126396,-0.48382157,0.2200099,-0.3189018,-0.6449733,-0.38846904,-0.5980549,-0.13962021,-0.46294457,-0.41196865,-0.5928185,0.063154966,0.36409247,-0.050380047
0.5347942,-0.59358764,-0.62087536,-0.6435502,-0.67628133,-0.5232476,-0.7503723,-0.75369966,-0.51643896,0.9622243,0.95620334,0.9208541,0.6590073,0.5315802,0.6776444,-0.73541135,-0.39225167,-0.8973074,0.41782188,-0.8602426,-0.28130504,-0.5499515,-0.52007324,-0.2759413,0.7349317,0.5265862,-0.2926044,0.86680615,-0.15941274,0.6978183,0.014661566,0.3362714,0.13523284,-0.81418246,-0.12784174,-0.014887675,0.2719607,0.5976001,0.4802236,-0.5443144,0.104024515,0.84262383,0.55877036,0.76743066,0.09623427,0.65150523,-0.07727441,-0.54036343,0.024173532,0.27931714,0.2855593,-0.56923366,-0.83821124,-0.5763631,-0.60523283,-0.40063733,-0.79491603,-0.6599922,0.9578285,0.9482331,0.9319974,0.56165004,0.5074562,0.6587554,0.5637102,0.6361598,-0.78243935,0.5565015,-0.8996755,-0.87625736,0.17166412,-0.65369785,-0.44527727,-0.4943534,0.50312567,0.54805636,-0.10981019,0.568776,-0.31115597,0.39699152,-0.603938,-0.087259755,-0.6039233,-0.11973169,-0.47292268,-0.55951226,0.013333759,0.72556126,-0.31662554,-0.15367348,0.46282595,0.81219053,0.65171087,-0.10737883,0.2857228,0.6049846,0.5301758,-0.5868734,-0.09210378,0.1558266
0.530806,-0.6006944,-0.6168959,-0.6562675,-0.68357503,-0.5201183,-0.7677504,-0.76018214,-0.4921348,0.95620334,0.9663354,0.9286361,0.66195226,0.5352267,0.68361235,-0.74403363,-0.3755067,-0.90171623,0.42498994,-0.85817057,-0.27055418,-0.5560621,-0.5066586,-0.27632195,0.7455623,0.52886105,-0.2816375,0.87913275,-0.17431238,0.7061256,0.030306932,0.3256299,0.14395615,-0.8193442,-0.12558955,-0.013023305,0.25598776,0.5855571,0.47086465,-0.54557526,0.09101516,0.8510842,0.56500745,0.76951015,0.10025609,0.65471333,-0.09095183,-0.54534274,0.024789713,0.2749477,0.27109784,-0.5795957,-0.8485982,-0.5878984,-0.6051787,-0.3926978,-0.81041956,-0.6486479,0.9592563,0.9526275,0.9410401,0.56130797,0.5213894,0.6673938,0.57381815,0.6398775,-0.8055135,0.56103206,-0.9076403,-0.8823036,0.17728898,-0.6667968,-0.43527773,-0.5120153,0.5198941,0.55237967,-0.11203471,0.57677275,-0.29732627,0.38978827,-0.6104716,-0.10224079,-0.5983078,-0.123486504,-0.4598152,-0.57218045,-0.0064851204,0.74152887,-0.336439,-0.16951151,0.4635916,0.81184006,0.6504287,-0.11495112,0.27829656,0.59963775,0.5333384,-0.595848,-0.09394359,0.14107892
0.4994473,-0.47454226,-0.49221057,-0.5688487,-0.57236093,-0.41595426,-0.6651442,-0.638744,-0.3940729,0.9208541,0.9286361,0.9614098,0.54955256,0.4305067,0.5971838,-0.6315391,-0.24383402,-0.8343422,0.315232,-0.77550375,-0.24996978,-0.4551523,-0.38875115,-0.09822631,0.8091325,0.66720897,-0.14226444,0.8480679,-0.21740305,0.60771215,-0.1371247,0.3766184,0.011916668,-0.8370544,-0.21938968,-0.008665235,0.16630149,0.5335379,0.30261862,-0.3980738,-0.06644948,0.82301676,0.42548156,0.6607195,-0.0876949,0.505212,-0.26705694,-0.58492184,-0.0022884104,0.14067122,0.30770147,-0.44743523,-0.80294454,-0.5015516,-0.47936428,-0.2902252,-0.7094854,-0.53608197,0.92883277,0.9435679,0.9195621,0.44216153,0.49069303,0.5950592,0.48848534,0.5465751,-0.74354446,0.49172467,-0.866421,-0.88219726,0.12657098,-0.6042663,-0.32504874,-0.3643788,0.6533374,0.68282235,-0.048343316,0.55770874,-0.43289435,0.43038014,-0.62095416,-0.28621298,-0.66782564,-0.15762177,-0.40197325,-0.65047467,-0.059265886,0.74241453,-0.36745507,-0.32678562,0.2736399,0.82458985,0.5568663,-0.275985,0.24135312,0.46697038,0.3613886,-0.68526316,-0.10573583,0.03915158
0.1738519,-0.7871851,-0.73911303,-0.7818881,-0.8029214,-0.64217323,-0.7788489,-0.7686709,-0.46372598,0.6590073,0.66195226,0.54955256,0.91807586,0.7772789,0.7647822,-0.80266804,-0.32588148,-0.70301974,0.7427919,-0.78460264,0.019300606,-0.7399423,-0.45982257,-0.6386512,0.23991182,-0.0046463655,-0.434604,0.59205353,-0.20369127,0.76497126,0.30419737,-0.1324499,0.10072906,-0.62457746,-0.13566378,-0.26243675,0.12296507,0.25453007,0.5618323,-0.78965855,0.15933461,0.5531603,0.5862715,0.6917193,0.29657966,0.68960726,0.101291806,-0.5066579,-0.12278569,0.31494987,-0.17500989,-0.7599664,-0.6164236,-0.7176502,-0.71880007,-0.5293148,-0.75992084,-0.57962716,0.67688715,0.6366581,0.69973326,0.8946649,0.63110375,0.77427334,0.7429259,0.76534784,-0.74278176,0.7313683,-0.6438414,-0.535813,0.44148257,-0.6420094,-0.34762368,-0.7296709,0.12893575,0.04858424,-0.07724154,0.56074363,-0.013404984,-0.07041124,-0.3591697,0.1967732,-0.2842765,-0.12108214,-0.36722702,-0.3349305,-0.11963598,0.3873902,-0.35398176,0.031471934,0.6327923,0.36460155,0.63677716,0.16910237,0.051534876,0.5461496,0.625467,-0.3898285,-0.19188076,0.1554484
-0.103695184,-0.8508676,-0.7743442,-0.84957767,-0.8135123,-0.69116324,-0.7875396,-0.73986983,-0.3825876,0.5315802,0.5352267,0.4305067,0.7772789,0.94785166,0.90007436,-0.8313571,-0.079503044,-0.6000253,0.90780103,-0.71653575,0.33800575,-0.83189136,-0.25004378,-0.6345337,0.050803,-0.118946776,-0.31004554,0.50307417,-0.24645242,0.82997453,0.21496522,-0.3720732,-0.1694117,-0.62952846,-0.34692264,-0.3802146,-0.05380349,-0.01936197,0.4114461,-0.81411684,-0.052665584,0.3901133,0.4237873,0.57684886,0.15006405,0.5539559,-0.06260523,-0.6405478,-0.27506632,0.19143799,-0.45108834,-0.8220682,-0.50194675,-0.74415076,-0.723649,-0.5762244,-0.7269764,-0.46360642,0.57369155,0.5102791,0.61697495,0.7543237,0.7909125,0.90135896,0.93122613,0.9195048,-0.7404907,0.8900516,-0.5005756,-0.39143932,0.72450763,-0.5885612,-0.095496394,-0.70573664,0.18715706,-0.048244603,0.17823112,0.6886974,-0.087121606,-0.30707592,-0.18292792,0.15788297,-0.1829925,-0.14733356,-0.1909,-0.31227854,-0.21131709,0.29252982,-0.40366882,-0.020997439,0.52415645,0.15642393,0.6700405,0.1420578,-0.0820857,0.39198703,0.5165007,-0.4208694,-0.32011396,0.043472968
0.06586272,-0.83377904,-0.78693694,-0.849243,-0.82161605,-0.69356656,-0.83569807,-0.7957815,-0.4438695,0.6776444,0.68361235,0.5971838,0.7647822,0.90007436,0.95823836,-0.86915004,-0.14810103,-0.72821116,0.826846,-0.800828,0.20194256,-0.81813765,-0.3261696,-0.5541525,0.25637168,0.07884531,-0.3055943,0.6396415,-0.22133175,0.86118585,0.13055053,-0.17328021,-0.1316435,-0.74488664,-0.34958643,-0.27518937,0.045466673,0.15447646,0.42623648,-0.78332317,-0.038869355,0.5360496,0.45901528,0.66594326,0.108629495,0.59877545,-0.10687582,-0.6744422,-0.20221359,0.22451937,-0.25975564,-0.8077663,-0.64228886,-0.74373144,-0.737484,-0.56413966,-0.80017054,-0.54738563,0.71237993,0.6578873,0.73830366,0.71341336,0.7780287,0.9110861,0.91754055,0.95961344,-0.8062569,0.865343,-0.6488782,-0.56059617,0.64060426,-0.65280515,-0.17903806,-0.67049295,0.3185105,0.13396257,0.15150127,0.7112586,-0.20119831,-0.10543293,-0.31762588,0.07202083,-0.33341447,-0.16978392,-0.2807628,-0.4234205,-0.13582589,0.44383603,-0.38665438,-0.08438413,0.5151716,0.35666263,0.71888006,0.041018933,0.0016291467,0.47674,0.5371491,-0.5145418,-0.27412537,0.086504035
-0.23580515,0.9098611,0.8692335,0.8938026,0.90128124,0.7369736,0.9418378,0.9305352,0.53149235,-0.73541135,-0.74403363,-0.6315391,-0.80266804,-0.8313571,-0.86915004,0.96864605,0.31956694,0.8245506,-0.76541895,0.8453819,-0.08249664,0.83152187,0.4971164,0.6317563,-0.33009687,-0.07091428,0.44347107,-0.69183946,0.08711013,-0.84404624,-0.26620647,0.04893703,-0.028575609,0.7215348,0.2115171,0.1457284,-0.23379642,-0.32897425,-0.5243354,0.8675103,-0.16168672,-0.62852097,-0.5751843,-0.7843964,-0.29739827,-0.7266834,-0.054031536,0.5657793,0.07766842,-0.38847753,0.116408624,0.89557874,0.76884294,0.8085059,0.8251718,0.5973171,0.9285386,0.6763842,-0.75500447,-0.7081342,-0.7748846,-0.74936986,-0.66270584,-0.8475894,-0.8264416,-0.86881375,0.8610771,-0.7849523,0.758711,0.65015984,-0.54918563,0.73796666,0.37854263,0.78014976,-0.24302211,-0.12032439,-0.06411138,-0.61733264,0.085049495,-0.021371614,0.3952796,-0.1864112,0.3376899,0.18760642,0.40738857,0.40909383,-0.0068868957,-0.48885864,0.2756837,-0.043931242,-0.65387297,-0.46118438,-0.72448856,-0.16532275,-0.06340405,-0.6535754,-0.6799618,0.4404739,0.18729943,-0.23918623
-0.6875806,0.2714529,0.3328184,0.17719534,0.3127532,0.24137382,0.33106261,0.45046335,0.47912228,-0.39225167,-0.3755067,-0.24383402,-0.32588148,-0.079503044,-0.14810103,0.31956694,0.90215826,0.47587776,-0.036959916,0.42790473,0.64807487,0.13916016,0.7185787,0.43097335,-0.31789067,0.015030032,0.5582896,-0.34161732,-0.1656022,-0.23455489,-0.47201103,-0.43019253,-0.7785963,0.09174557,-0.56426257,-0.18754107,-0.5641347,-0.7550143,-0.69859684,0.38143808,-0.7515788,-0.47074652,-0.67071986,-0.56503683,-0.65151787,-0.6682005,-0.67362285,-0.2570483,-0.35899234,-0.5740266,-0.49577034,0.2761734,0.4233482,0.19821185,0.37425655,0.22863567,0.41058382,0.5870313,-0.33304772,-0.3265639,-0.274178,-0.30063954,0.19481465,-0.06264235,0.002342778,-0.1309756,0.24877429,0.02581944,0.47735244,0.4001548,0.35488945,0.31052148,0.7654062,0.42142397,0.32786107,0.02449752,0.61380464,0.10812973,-0.31162393,-0.45429143,0.36632258,-0.432382,0.14737152,-0.09297943,0.54455316,-0.032457974,-0.28261572,-0.25965306,-0.11443022,-0.40336394,-0.63068914,-0.4833082,-0.20388705,-0.323709,-0.38258684,-0.65417755,-0.6166243,-0.14992517,-0.25040573,-0.4661589
-0.539808,0.69427043,0.7139565,0.7166519,0.75557554,0.59938335,0.84213567,0.85002935,0.5726422,-0.8973074,-0.90171623,-0.8343422,-0.70301974,-0.6000253,-0.72821116,0.8245506,0.47587776,0.9532019,-0.4805116,0.88683105,0.26269537,0.6321942,0.5914983,0.40645152,-0.66856825,-0.40236595,0.37124795,-0.8503332,0.09878102,-0.75139606,-0.15055251,-0.30638856,-0.21312454,0.788404,0.06852131,-0.0004981777,-0.34782472,-0.6290666,-0.5671563,0.6640705,-0.21865022,-0.8393532,-0.64458907,-0.83710647,-0.24492553,-0.7556858,-0.04065033,0.49180382,-0.043418698,-0.38053095,-0.25636554,0.6770004,0.88986146,0.6526499,0.69660604,0.47347522,0.8806969,0.7268126,-0.89259243,-0.87399065,-0.87678266,-0.61125743,-0.50122374,-0.69019866,-0.6059017,-0.69355047,0.8350307,-0.58469945,0.9274883,0.8713212,-0.22137469,0.7161173,0.52948004,0.6250348,-0.37956452,-0.42946872,0.13262442,-0.55148923,0.19792563,-0.37325418,0.5914493,-0.03218547,0.52759635,0.1261585,0.5021406,0.5136167,-0.07722801,-0.69761753,0.27013993,0.048265044,-0.582345,-0.7686477,-0.67376065,-0.021825712,-0.27991465,-0.7075083,-0.65379274,0.51480144,0.08989398,-0.23986283
-0.20821843,-0.8119916,-0.7314298,-0.80007446,-0.7580128,-0.6576638,-0.69695926,-0.65677905,-0.3253429,0.41782188,0.42498994,0.315232,0.7427919,0.90780103,0.826846,-0.76541895,-0.036959916,-0.4805116,0.94470596,-0.6170158,0.4238578,-0.8326017,-0.20757736,-0.67248905,-0.10049339,-0.2575326,-0.32556504,0.36966318,-0.16926757,0.743778,0.2175216,-0.50105256,-0.22034495,-0.5284676,-0.39213717,-0.34913695,-0.040232405,-0.13394973,0.36265093,-0.7956904,-0.02888003,0.2449255,0.32992205,0.51507807,0.15295866,0.49022555,-0.033027746,-0.5863662,-0.24986103,0.215108,-0.55328614,-0.78199077,-0.3850629,-0.7014584,-0.67889875,-0.5554913,-0.6249312,-0.38499418,0.46609133,0.3938315,0.514908,0.73824626,0.7589314,0.8630197,0.89356923,0.85630035,-0.62752044,0.87811244,-0.3830648,-0.25788525,0.7816614,-0.5360564,-0.051294774,-0.65080047,0.101897575,-0.18682997,0.25168917,0.5974735,-0.040041476,-0.44273174,-0.09959912,0.21888041,-0.10737823,-0.17998064,-0.15160522,-0.2337008,-0.15655562,0.15489979,-0.29390746,0.049213782,0.5154619,0.01192275,0.64044917,0.17491326,-0.20009303,0.37179798,0.4874187,-0.31844833,-0.2880198,0.09862938
-0.3755527,0.7710457,0.7856941,0.77580845,0.8130268,0.70008504,0.84660447,0.8535832,0.6142031,-0.8602426,-0.85817057,-0.77550375,-0.78460264,-0.71653575,-0.800828,0.8453819,0.42790473,0.88683105,-0.6170158,0.9357946,0.16059,0.7017606,0.5295297,0.48406374,-0.54223484,-0.28854984,0.3806378,-0.8098588,0.2367653,-0.8189457,-0.15421242,-0.13531394,-0.14538118,0.7885235,0.12675598,0.20251024,-0.18852432,-0.47460526,-0.60884446,0.71807224,-0.13037735,-0.7552108,-0.6517774,-0.78398466,-0.21077056,-0.74056077,-0.0036045113,0.5884701,0.11771411,-0.28360683,-0.060889043,0.7552409,0.8043681,0.6876688,0.77082276,0.5826616,0.8609905,0.73561746,-0.8651904,-0.82919955,-0.85898685,-0.70808667,-0.6156194,-0.7763258,-0.7153391,-0.77821887,0.836656,-0.69221663,0.84464943,0.76571995,-0.34720224,0.6861352,0.44436723,0.66468006,-0.33396938,-0.34680077,0.10753444,-0.6331444,0.20012218,-0.2005426,0.49744228,-0.061205905,0.45981693,0.07003859,0.43027323,0.46791035,0.0675085,-0.6421133,0.40253145,0.04951705,-0.61877155,-0.64100075,-0.74445724,-0.032496184,-0.24877968,-0.6212474,-0.65579927,0.53127766,0.23527156,-0.124470755
-0.69089204,-0.1708194,-0.067192696,-0.19938287,-0.07097538,-0.09423432,-0.016356928,0.07802112,0.2643026,-0.28130504,-0.27055418,-0.24996978,0.019300606,0.33800575,0.20194256,-0.08249664,0.64807487,0.26269537,0.4238578,0.16059,0.8727369,-0.27276945,0.42615038,-0.080462635,-0.5156912,-0.34072965,0.19233063,-0.26683694,-0.024910988,0.057408698,-0.12505606,-0.6509713,-0.69354475,0.0003557084,-0.5845215,-0.19730487,-0.3539538,-0.71332717,-0.36924767,-0.113825515,-0.45603445,-0.42563567,-0.41749364,-0.22919078,-0.2783574,-0.3117012,-0.38508603,-0.32701224,-0.3042062,-0.20781118,-0.7076596,-0.15962775,0.27948472,-0.14308468,-0.0066693984,-0.06854454,0.08719401,0.31713995,-0.21009758,-0.25124952,-0.13074398,0.05903527,0.40818197,0.2847662,0.36854523,0.24744794,0.018239917,0.37896323,0.3370682,0.34474576,0.6961603,0.035634674,0.54229724,0.026039984,0.12129086,-0.3220937,0.65159976,0.20169145,-0.07770176,-0.64638436,0.36860728,-0.05300381,0.22557981,-0.20177919,0.3510989,0.009964165,-0.15305138,-0.3124693,-0.03988263,-0.09436283,-0.19279847,-0.5445973,0.076555945,-0.020520005,-0.4791031,-0.30005512,-0.23399028,-0.06119837,-0.24335173,-0.17997177
-0.048410684,0.8061619,0.73186535,0.8406249,0.7857679,0.6163994,0.7656864,0.7377436,0.3436283,-0.5499515,-0.5560621,-0.4551523,-0.7399423,-0.83189136,-0.81813765,0.83152187,0.13916016,0.6321942,-0.8326017,0.7017606,-0.27276945,0.907418,0.41303465,0.68549895,-0.094441645,0.11960155,0.45155638,-0.45396513,-0.007943341,-0.6979152,-0.19971564,0.26439843,0.19607736,0.655997,0.42156905,0.116894364,-0.20019068,-0.10173564,-0.36490244,0.83857894,-0.094946444,-0.39144996,-0.34334248,-0.6888478,-0.17031261,-0.5699596,0.03784897,0.56585515,0.026912207,-0.40981364,0.30533922,0.76574016,0.56753516,0.7698202,0.68021715,0.49358046,0.7224449,0.47338074,-0.5922918,-0.5388275,-0.62719345,-0.7187254,-0.6586381,-0.8555683,-0.83838725,-0.8341431,0.6919997,-0.8458586,0.57061565,0.48059744,-0.67043996,0.71735346,0.2606851,0.6585089,-0.21271177,0.09582008,-0.20391545,-0.48974967,0.10884789,0.21121308,0.3402121,-0.13359375,0.34419274,0.39970893,0.4110558,0.43395215,-0.008678018,-0.20681873,0.16643456,-0.0035852366,-0.5084656,-0.24436766,-0.6330482,-0.07344495,0.2559908,-0.5629978,-0.5105691,0.41372895,0.10416885,-0.3036944
-0.6221031,0.3953004,0.4225359,0.3723017,0.43462545,0.28462458,0.46310097,0.55093735,0.40196294,-0.52007324,-0.5066586,-0.38875115,-0.45982257,-0.25004378,-0.3261696,0.4971164,0.7185787,0.5914983,-0.20757736,0.5295297,0.42615038,0.41303465,0.881323,0.5491247,-0.32146674,0.016934635,0.64412403,-0.3845561,-0.3350373,-0.3110895,-0.38083607,-0.2948717,-0.4825943,0.31743684,-0.21500877,-0.33827573,-0.6983537,-0.68062925,-0.60420936,0.53431773,-0.68415684,-0.48874316,-0.53073835,-0.7220789,-0.5299084,-0.6710907,-0.49243757,-0.054559514,-0.44714087,-0.7200476,-0.37251142,0.37348884,0.55276823,0.3802324,0.42397666,0.22378081,0.5258858,0.5534016,-0.4903962,-0.4659229,-0.43915728,-0.4210687,0.015692327,-0.28385335,-0.20701298,-0.30579144,0.37342364,-0.20059593,0.60428244,0.5277137,0.0809632,0.53885734,0.8263782,0.46024945,0.12031833,0.046176508,0.33475906,0.05511277,-0.15458933,-0.32825953,0.4824369,-0.35698336,0.33665204,0.20525596,0.6708481,0.18783525,-0.42220762,-0.21560104,-0.23642716,-0.33614254,-0.6140312,-0.52638435,-0.3577758,-0.21932572,-0.10452449,-0.7834877,-0.6017562,0.010963578,-0.31450874,-0.6342038
-0.13365534,0.6593766,0.58229566,0.61454666,0.6180579,0.4502906,0.55368495,0.58960223,0.29802525,-0.2759413,-0.27632195,-0.09822631,-0.6386512,-0.6345337,-0.5541525,0.6317563,0.43097335,0.40645152,-0.67248905,0.48406374,-0.080462635,0.68549895,0.5491247,0.9129812,0.18265854,0.49591303,0.67110384,-0.17308691,-0.15912089,-0.49056584,-0.574656,0.28577265,-0.21334097,0.23518887,-0.023329915,0.022814132,-0.35768723,-0.17825009,-0.5504187,0.819142,-0.5177817,-0.20882082,-0.48159528,-0.6181315,-0.5812615,-0.6437963,-0.4647775,0.09488791,-0.19358774,-0.63301754,0.22260948,0.63068175,0.33621323,0.5979502,0.5581577,0.36957183,0.5266387,0.41263053,-0.2893672,-0.22767475,-0.29878074,-0.6615939,-0.2906115,-0.5539808,-0.5562053,-0.58699733,0.41576827,-0.5395606,0.3434133,0.19396912,-0.39365226,0.54756105,0.46652427,0.7023173,0.31528705,0.4835984,0.14545038,-0.13832529,-0.33026657,0.24522445,0.21616948,-0.5085708,0.04658154,0.25839594,0.46174043,0.06544559,-0.11943278,0.07231815,-0.07600951,-0.3597943,-0.68051493,-0.036826704,-0.39506668,-0.4330469,0.18742473,-0.63381493,-0.6250385,-0.042936727,-0.13913444,-0.5144409
0.66067314,-0.15199485,-0.21489611,-0.24047747,-0.28403968,-0.16036561,-0.3969649,-0.40198964,-0.30957985,0.7349317,0.7455623,0.8091325,0.23991182,0.050803,0.25637168,-0.33009687,-0.31789067,-0.66856825,-0.10049339,-0.54223484,-0.5156912,-0.094441645,-0.32146674,0.18265854,0.94851005,0.83454084,-0.0312054,0.71811277,-0.19504566,0.32319364,-0.17986482,0.71536815,0.19197597,-0.6250411,0.009784736,0.12888646,0.19617969,0.7037579,0.19998664,-0.06890972,-0.029439325,0.77848154,0.35723978,0.4664185,-0.09733706,0.33881265,-0.20827225,-0.30620527,0.10153097,0.04816398,0.6535815,-0.13877004,-0.6991104,-0.23528935,-0.23344368,-0.057108913,-0.48002017,-0.4338314,0.70584875,0.75197893,0.6684778,0.12140517,0.14774033,0.21930227,0.11224583,0.18896246,-0.5016159,0.09614903,-0.7509569,-0.82221794,-0.2649591,-0.39982516,-0.35156757,-0.11240351,0.5456682,0.7979156,-0.25098926,0.31192005,-0.3683939,0.74951816,-0.6321607,-0.38800752,-0.62826526,-0.05943603,-0.37556005,-0.55871046,-0.011842259,0.70989174,-0.26363626,-0.3636626,0.07086347,0.8946874,0.2653073,-0.2935624,0.3930503,0.33982092,0.17798954,-0.56384826,0.010396522,-0.010566505
0.40947744,0.08054438,0.025766946,-0.036236033,-0.039032344,0.015273903,-0.16163693,-0.115025,-0.09167604,0.5265862,0.52886105,0.66720897,-0.0046463655,-0.118946776,0.07884531,-0.07091428,0.015030032,-0.40236595,-0.2575326,-0.28854984,-0.34072965,0.11960155,0.016934635,0.49591303,0.83454084,0.96346104,0.29438788,0.5629133,-0.3031481,0.13820851,-0.4437393,0.5967416,-0.04520313,-0.5073117,-0.111111246,0.03911724,-0.07887557,0.40126157,-0.116767794,0.22298625,-0.3468215,0.5708235,0.06575237,0.14537905,-0.414095,0.015933624,-0.48732996,-0.336885,-0.056957904,-0.27179337,0.51471466,0.0865718,-0.45358425,-0.019912703,0.012185396,0.074048266,-0.219041,-0.15250668,0.5070218,0.56768054,0.4864921,-0.10945027,0.13040192,0.064024106,-0.025480332,0.012024593,-0.3198899,-0.019118642,-0.49235454,-0.609256,-0.26234204,-0.14550915,-0.014689077,0.14431357,0.6909373,0.9293996,-0.07248221,0.3069958,-0.5134343,0.618282,-0.43799713,-0.6145046,-0.5322204,0.026009992,-0.078776956,-0.51115745,-0.15204993,0.6454698,-0.34342992,-0.54864156,-0.24337232,0.68887985,0.09649396,-0.49097356,0.33532017,-0.010173004,-0.11727414,-0.58601093,-0.10063426,-0.28152025
-0.3779638,0.4358384,0.3927947,0.41302958,0.4476558,0.26015562,0.39080518,0.45327228,0.25070325,-0.2926044,-0.2816375,-0.14226444,-0.434604,-0.31004554,-0.3055943,0.44347107,0.5582896,0.37124795,-0.32556504,0.3806378,0.19233063,0.45155638,0.64412403,0.67110384,-0.0312054,0.29438788,0.794705,-0.12809427,-0.21363062,-0.24806099,-0.5038452,-0.03712866,-0.3264997,0.19170102,-0.13226299,-0.15737072,-0.4604203,-0.41397932,-0.4862393,0.57862943,-0.56623125,-0.25697446,-0.42474777,-0.55146056,-0.5146133,-0.5228268,-0.4373733,-0.07060168,-0.37680528,-0.6265263,-0.13123015,0.39495552,0.3443792,0.43325078,0.4018862,0.18767354,0.40517643,0.38606012,-0.27885252,-0.2425142,-0.25116614,-0.43498278,-0.009248268,-0.29980123,-0.24632168,-0.3236535,0.26838398,-0.26346987,0.38234162,0.27366436,-0.055392496,0.47965065,0.61481005,0.47231823,0.29791063,0.326796,0.3137774,0.11440542,-0.30341762,-0.055958375,0.37572265,-0.3517893,0.20148006,0.28425318,0.6363758,0.13113002,-0.19759402,0.08305298,-0.17061242,-0.29427707,-0.51817155,-0.2450748,-0.23520711,-0.28013337,0.14674105,-0.5968459,-0.44327572,-0.042075533,-0.31381643,-0.5511395
0.45898956,-0.5692005,-0.60837066,-0.5868952,-0.63788456,-0.5259378,-0.73614836,-0.7304554,-0.52420056,0.86680615,0.87913275,0.8480679,0.59205353,0.50307417,0.6396415,-0.69183946,-0.34161732,-0.8503332,0.36966318,-0.8098588,-0.26683694,-0.45396513,-0.3845561,-0.17308691,0.71811277,0.5629133,-0.12809427,0.91853285,-0.27381063,0.72148466,-0.0015280659,0.32976243,0.16803083,-0.7449102,-0.024857767,-0.12010932,0.14624086,0.54069215,0.46623087,-0.47261587,0.02695386,0.8244892,0.59086657,0.6682946,0.089319214,0.6242591,-0.08416881,-0.51922435,-0.10046452,0.1394648,0.24861369,-0.5650401,-0.7945682,-0.5107122,-0.59241796,-0.41859412,-0.77797663,-0.63963294,0.86253977,0.8601074,0.8470093,0.49124295,0.5087273,0.5998739,0.52680767,0.6005299,-0.7799305,0.4915112,-0.83162767,-0.7996004,0.1377819,-0.5327767,-0.3203175,-0.4907239,0.46994206,0.612359,-0.118551515,0.6451906,-0.29497975,0.38833594,-0.4853226,-0.087926276,-0.4555473,0.07120478,-0.28675872,-0.450203,-0.06730067,0.83028805,-0.41617084,-0.16539118,0.4372452,0.74125457,0.60660625,-0.0748486,0.43708485,0.50147355,0.53270864,-0.5439622,-0.20280987,0.0077247196
0.15213802,0.15735301,0.10982869,0.19680665,0.22601476,0.15470798,0.16145334,0.076413825,0.05577131,-0.15941274,-0.17431238,-0.21740305,-0.20369127,-0.24645242,-0.22133175,0.08711013,-0.1656022,0.09878102,-0.16926757,0.2367653,-0.024910988,-0.007943341,-0.3350373,-0.15912089,-0.19504566,-0.3031481,-0.21363062,-0.27381063,0.9108246,-0.35005823,0.06602566,0.036914214,0.08803735,0.26616648,0.03005304,0.7237101,0.71955216,0.14315982,-0.0017707124,0.0008722134,0.52338487,-0.25060648,-0.22843987,0.13317749,0.22845903,0.004461967,0.36296225,0.40177268,0.5451476,0.5866281,0.14253846,0.14496975,0.086263396,0.193614,0.13349353,0.10943931,0.11688392,0.028514255,-0.16415721,-0.198656,-0.20423727,-0.18534715,-0.41082102,-0.21862495,-0.24245837,-0.20585346,0.30509764,-0.19947273,0.087562986,0.11619641,-0.043375023,0.0019504414,-0.31767172,0.17133418,-0.19117236,-0.3731125,0.21520299,-0.5302903,0.10373525,0.0361153,0.102071464,0.39002395,0.05038251,-0.22915745,-0.19753198,0.19817063,0.8271618,-0.30657217,0.83779836,0.5187968,0.109840035,-0.07106066,-0.030055579,0.09489834,-0.21000738,0.3293437,0.0943321,0.45102426,0.45579165,0.680983
0.1353069,-0.81934595,-0.7855563,-0.80062294,-0.8178544,-0.7007428,-0.8458662,-0.8164085,-0.50774825,0.6978183,0.7061256,0.60771215,0.76497126,0.82997453,0.86118585,-0.84404624,-0.23455489,-0.75139606,0.743778,-0.8189457,0.057408698,-0.6979152,-0.3110895,-0.49056584,0.32319364,0.13820851,-0.24806099,0.72148466,-0.35005823,0.9138875,0.21498874,-0.09033309,0.05352317,-0.68586755,-0.13829948,-0.37260473,-0.016764093,0.22642279,0.5219083,-0.73885036,-0.0061600106,0.62241054,0.6107817,0.64566875,0.21023911,0.6631956,-0.015310824,-0.6109794,-0.2806885,0.14719392,-0.17709394,-0.8077966,-0.6573263,-0.6974445,-0.75285125,-0.57835704,-0.82482433,-0.60498106,0.7139995,0.66924214,0.7365164,0.7062424,0.73253703,0.8209983,0.8188726,0.8571329,-0.8329414,0.75206184,-0.66625863,-0.56663084,0.49586093,-0.57972956,-0.19504254,-0.7213309,0.247006,0.2247916,0.0076473653,0.76409125,-0.0960554,-0.017570525,-0.28556976,0.11630012,-0.22399372,0.041789327,-0.19119373,-0.32606363,-0.22064163,0.5726545,-0.50651693,-0.054216705,0.5871783,0.39352655,0.6884332,0.15253353,0.22622664,0.45998466,0.6147517,-0.4628412,-0.34736645,-0.030916344
0.21161243,-0.312456,-0.23360352,-0.24880543,-0.2946817,-0.114457175,-0.256992,-0.29610187,-0.10105975,0.014661566,0.030306932,-0.1371247,0.30419737,0.21496522,0.13055053,-0.26620647,-0.47201103,-0.15055251,0.2175216,-0.15421242,-0.12505606,-0.19971564,-0.38083607,-0.574656,-0.17986482,-0.4437393,-0.5038452,-0.0015280659,0.06602566,0.21498874,0.926583,-0.059464037,0.5151395,0.13587312,0.45988497,0.006541648,0.24710898,0.24608228,0.458773,-0.45881268,0.5460502,0.17385727,0.5583085,0.31563374,0.80853724,0.47824085,0.6256962,0.2797101,0.19959812,0.44341058,0.021466501,-0.3121953,-0.14575249,-0.31826448,-0.25337803,-0.055404916,-0.25921175,-0.2052258,-0.011102881,-0.022801371,-0.013823132,0.34493285,-0.068448275,0.09026565,0.096431956,0.15267712,-0.16291949,0.040895186,-0.12859654,0.0054089697,-0.02478142,-0.2549597,-0.412193,-0.54146004,-0.5950459,-0.4437216,-0.43827432,-0.087876484,0.78026927,-0.042140935,-0.13112019,0.48448807,0.25543264,-6.254879e-05,-0.2863038,0.16976324,0.03145034,-0.13495025,0.08882836,0.35413182,0.52116346,-0.0373521,-0.016863108,0.735757,0.059017304,0.41880828,0.4753064,0.26468778,0.19689396,0.33004665
0.7037736,0.1833595,0.09227722,0.16580024,0.076026365,0.11171697,-0.025133338,-0.07864407,-0.18303949,0.3362714,0.3256299,0.3766184,-0.1324499,-0.3720732,-0.17328021,0.04893703,-0.43019253,-0.30638856,-0.50105256,-0.13531394,-0.6509713,0.26439843,-0.2948717,0.28577265,0.71536815,0.5967416,-0.03712866,0.32976243,0.036914214,-0.09033309,-0.059464037,0.9621126,0.42739874,-0.15837169,0.31549,0.31132895,0.307216,0.7448036,0.097005755,0.20674255,0.19769168,0.47720894,0.21912302,0.19022608,0.05276283,0.1437937,0.064996764,0.17333125,0.27421394,0.09377305,0.8660307,0.17718327,-0.37316394,0.13086832,0.041560575,0.13179286,-0.12847167,-0.26399958,0.27196312,0.32744554,0.20769453,-0.2108058,-0.31394622,-0.25268447,-0.3364725,-0.22989659,-0.08329368,-0.3606202,-0.41254058,-0.4794196,-0.5836204,-0.09307946,-0.40162772,0.11122452,0.16897124,0.5422276,-0.40551123,-0.12800936,-0.083007574,0.94541705,-0.4315821,-0.21310416,-0.34605682,0.044027288,-0.31344044,-0.21623638,0.17457053,0.3997373,0.034795165,-0.12076996,-0.016021153,0.6726016,-0.089065164,-0.14604191,0.39872456,0.21423362,0.03974367,-0.14380243,0.19607514,0.0857514
0.57122934,-0.021067457,-0.09206289,0.11325965,-0.04014722,-0.04094883,-0.060627833,-0.19016339,-0.3578852,0.13523284,0.14395615,0.011916668,0.10072906,-0.1694117,-0.1316435,-0.028575609,-0.7785963,-0.21312454,-0.22034495,-0.14538118,-0.69354475,0.19607736,-0.4825943,-0.21334097,0.19197597,-0.04520313,-0.3264997,0.16803083,0.08803735,0.05352317,0.5151395,0.42739874,0.92116976,0.21314073,0.8302045,0.10387156,0.3941771,0.6127995,0.5972475,-0.10816754,0.6935793,0.31351107,0.63629365,0.2605111,0.6938177,0.47752368,0.7609419,0.4861659,0.25003177,0.35374704,0.4889447,-0.04269144,-0.16055806,0.086674795,-0.14478216,-0.06757647,-0.14550936,-0.39234975,0.07768246,0.090977505,-0.0012123496,0.09743321,-0.38413388,-0.231929,-0.27624524,-0.14125212,3.1915028e-05,-0.32932442,-0.20040871,-0.12167823,-0.5474171,0.024729509,-0.5663424,-0.25786287,-0.516168,-0.032656908,-0.69455975,-0.19130607,0.47189373,0.41487914,-0.13279758,0.4800689,0.1675967,0.3737643,-0.24623871,0.3212459,0.20815378,0.18558773,0.11528517,0.46081835,0.49379188,0.28319415,-0.025358072,0.4855421,0.56620586,0.39879754,0.4887077,0.38815814,0.20475194,0.27647638
-0.3051018,0.59142244,0.56111413,0.72273797,0.6730793,0.47435987,0.72794694,0.66600233,0.31282502,-0.81418246,-0.8193442,-0.8370544,-0.62457746,-0.62952846,-0.74488664,0.7215348,0.09174557,0.788404,-0.5284676,0.7885235,0.0003557084,0.655997,0.31743684,0.23518887,-0.6250411,-0.5073117,0.19170102,-0.7449102,0.26616648,-0.68586755,0.13587312,-0.15837169,0.21314073,0.93329704,0.45198208,0.10263322,-0.06303209,-0.34030914,-0.21907045,0.5378412,0.18261868,-0.71583146,-0.33484948,-0.6666508,0.15760411,-0.4738956,0.3959906,0.7335604,0.06351072,-0.1395829,-0.07873185,0.55258405,0.77331054,0.66979384,0.5330888,0.32538903,0.7266772,0.46385676,-0.83672595,-0.8316169,-0.85757005,-0.5397219,-0.6589377,-0.77703416,-0.69618833,-0.71079755,0.79939014,-0.70515835,0.8064414,0.8127593,-0.3736928,0.7253345,0.22071487,0.45405018,-0.65867424,-0.51015854,-0.081653275,-0.6339955,0.46276414,-0.21624577,0.62962776,0.35631558,0.6937175,0.35835305,0.41671127,0.7657353,0.18101284,-0.58397835,0.4159471,0.43627787,-0.2252756,-0.6658187,-0.5772588,0.30056813,0.02349457,-0.44098046,-0.31595606,0.7977781,0.14852756,-0.031762853
0.35495245,0.18616083,0.1276817,0.33496833,0.18061817,0.14255027,0.15774363,0.05921071,-0.15970948,-0.12784174,-0.12558955,-0.21938968,-0.13566378,-0.34692264,-0.34958643,0.2115171,-0.56426257,0.06852131,-0.39213717,0.12675598,-0.5845215,0.42156905,-0.21500877,-0.023329915,0.009784736,-0.111111246,-0.13226299,-0.024857767,0.03005304,-0.13829948,0.45988497,0.31549,0.8302045,0.45198208,0.91022277,0.076377645,0.21072894,0.38942295,0.39352828,0.12458257,0.5430036,0.09835143,0.4460203,-0.029310897,0.59121716,0.23666295,0.70098794,0.6038109,0.1639641,0.14231025,0.39478585,0.14413938,0.07934859,0.27541095,0.070471734,0.09241244,0.09179245,-0.14695358,-0.195471,-0.17629361,-0.25383818,-0.12357941,-0.48704588,-0.4644863,-0.46051127,-0.36051852,0.20290673,-0.5335811,0.07300138,0.13272619,-0.60544586,0.2665126,-0.34739658,-0.08290306,-0.60053736,-0.08870274,-0.623744,-0.2827211,0.5601889,0.308361,0.08898327,0.44072402,0.37032014,0.48670828,-0.008369219,0.4934994,0.12861231,0.0636561,0.12539874,0.4289418,0.31724367,0.032670826,-0.23812552,0.48957646,0.55116606,0.13736333,0.2822377,0.5132097,0.1588749,0.09386262
