0,1,2,3,4,5,6,7,8,9,10,11,12,13,14,15,16,17,18,19,20,21,22,23,24,25,26,27,28,29,30,31,32,33,34,35,36,37,38,39,40,41,42,43,44,45,46,47,48,49,50,51,52,53,54,55,56,57,58,59,60,61,62,63,64,65,66,67,68,69,70,71,72,73,74,75,76,77,78,79,80,81,82,83,84,85,86,87,88,89,90,91,92,93,94,95,96,97,98,99
0.908586,0.4428943,0.217148,0.33221197,0.43208832,0.24007541,0.029905045,0.16192842,-0.018088099,-0.17879266,0.2265284,-0.28260556,-0.18010882,-0.5629029,-0.66102386,0.51590735,-0.40926754,-0.5492743,-0.6788465,-0.32636052,-0.3157025,-0.028778013,-0.578799,-0.27805543,-0.14802115,-0.25694245,0.3707844,-0.06770694,-0.72540414,-0.031993516,0.593469,0.6835934,0.58993614,-0.4182086,0.20590076,0.08473197,-0.5136106,0.6086921,0.63443696,0.41556272,0.17694119,0.24099237,0.36625656,0.36563197,0.46414375,0.33284014,0.34737223,0.22787257,0.3427608,-0.043086763,0.7493252,0.35856438,0.34708306,0.31283516,-0.0027302832,0.06431275,-0.24437255,0.055818282,-0.3729526,-0.3497859,-0.35244638,-0.23811367,-0.59184766,-0.14724696,-0.5065703,-0.45919794,-0.40979782,-0.41497558,-0.7236601,-0.7135173,-0.3473897,-0.28238416,-0.73904026,-0.30905133,-0.48645002,-0.41816396,-0.76519954,-0.54195344,0.4974161,0.6237687,-0.5966613,-0.34502596,0.18332106,-0.30072296,-0.28318328,-0.22627199,-0.5620724,-0.32505986,-0.36552846,-0.36331296,0.14060578,0.42819676,-0.0041855047,-0.18770888,-0.35321587,0.3579379,0.1196103,-0.09952997,-0.115620315,-0.11114234
0.4428943,0.9753592,0.75005716,0.9041054,0.91911983,0.7198099,0.6208247,0.845934,0.44281262,-0.6723239,-0.23653454,-0.6527467,-0.7839278,-0.3293695,-0.12252111,0.9028981,-0.83739996,0.056753613,-0.7178492,0.10544056,0.22876255,-0.62190604,-0.25338486,-0.59977114,-0.74381167,-0.6421266,0.4503687,-0.6976105,-0.45606163,-0.40763694,-0.03806626,0.1417936,0.050078336,-0.32257795,0.0011696704,0.37960202,-0.15144111,-0.13470489,0.1887095,0.33945698,0.5221731,-0.3294386,0.05901806,0.18139797,0.56675947,0.35731077,0.26015994,0.37886938,0.7098515,0.12763575,0.30231836,0.9301245,0.7902292,0.87950695,0.53014,0.49269685,0.42587703,0.5439838,-0.8370267,-0.65342605,-0.7735022,-0.86957765,-0.8594374,0.11324624,-0.18968272,-0.05715388,-0.28343397,-0.6714244,-0.74602807,-0.24963784,0.17203891,-0.8547579,-0.3334068,-0.42292273,-0.789086,-0.852047,-0.34197807,-0.7376896,-0.08535804,-0.045574605,-0.6721555,-0.23285896,0.22925466,-0.3740818,-0.21961859,-0.18317442,-0.25635368,-0.47764912,0.11581467,-0.24556081,-0.58635926,-0.37652728,-0.5312408,-0.57300115,-0.6806849,0.060651988,0.11333076,0.11352481,0.4035398,0.031522617
0.217148,0.75005716,0.94542325,0.7321386,0.70203197,0.9143437,0.6652998,0.8153204,0.7137165,-0.5653788,-0.30865657,-0.5724505,-0.74014163,-0.12028547,0.22462307,0.675318,-0.758801,0.42189354,-0.4723825,0.5260885,0.5855059,-0.73169947,-0.093549274,-0.5254723,-0.6609073,-0.60710144,0.1394162,-0.69914234,-0.044226896,-0.58730483,-0.19757962,-0.1751774,-0.2897575,-0.26503253,-0.30150902,0.32067037,0.035923257,-0.35855958,-0.08769995,0.06486694,0.34124827,-0.5409773,-0.30617595,-0.11494087,0.26214787,0.052284226,-0.0943196,0.09310295,0.6940925,0.15705949,0.0050755516,0.82964116,0.6842513,0.6526145,0.8555691,0.78007823,0.61415243,0.74141264,-0.62096775,-0.45621487,-0.5700835,-0.7357497,-0.5757134,0.18915966,0.05711131,0.27399868,-0.07073371,-0.4971433,-0.43076408,0.10557182,0.54679036,-0.7316999,-0.05939948,-0.17180592,-0.5086952,-0.6533737,0.06847697,-0.5425174,-0.22758177,-0.26967067,-0.37872687,-0.12932216,0.034220815,-0.3696754,-0.11765413,-0.20108348,-0.046119027,-0.46339235,0.46653298,-0.04047601,-0.6322691,-0.45387015,-0.48547763,-0.51747197,-0.6183164,-0.18810391,-0.098002285,0.029395778,0.65903616,0.06884218
0.33221197,0.9041054,0.7321386,0.9613387,0.93946636,0.6935402,0.5730294,0.8198172,0.3909703,-0.7219199,-0.3571518,-0.6726364,-0.7924751,-0.28287226,-0.05187337,0.7897495,-0.8010962,0.12814398,-0.6344588,0.12836063,0.24931659,-0.69532,-0.29266396,-0.59687316,-0.7417324,-0.65260196,0.3408573,-0.7737161,-0.32264364,-0.50633043,-0.1592255,-0.010769014,-0.059371985,-0.25318632,-0.07518069,0.38382185,-0.008538993,-0.27619427,0.03312023,0.18086524,0.47923952,-0.40829176,-0.04047764,0.093867876,0.467898,0.2485672,0.15665245,0.3009649,0.6957981,0.18487763,0.16044539,0.8579994,0.68434453,0.9256265,0.53016716,0.46407253,0.42421705,0.4891765,-0.80835676,-0.6401191,-0.7434029,-0.85214436,-0.8089144,0.10795657,-0.13029252,-0.037200026,-0.20137176,-0.64161044,-0.66187704,-0.15282257,0.20483111,-0.88391185,-0.233948,-0.37817144,-0.75216895,-0.79357713,-0.22369535,-0.7300134,-0.16333438,-0.18685894,-0.5806869,-0.15898915,0.2143681,-0.32073307,-0.23457241,-0.1442329,-0.10848653,-0.47330943,0.18137297,-0.16748,-0.6051513,-0.43722102,-0.5361569,-0.54230547,-0.63985944,-0.018954232,0.03262053,0.11899035,0.45961487,0.097435474
0.43208832,0.91911983,0.70203197,0.93946636,0.9609982,0.67142725,0.5319069,0.78329927,0.33765805,-0.70064366,-0.2888856,-0.66002035,-0.7703303,-0.37836286,-0.15255386,0.8244352,-0.8017639,0.011165572,-0.7156007,0.045602426,0.1527088,-0.62561005,-0.35603052,-0.5720932,-0.7120162,-0.63611364,0.40967923,-0.71224916,-0.4213146,-0.4293819,-0.054401897,0.10709868,0.06827056,-0.27168986,0.013005316,0.4034022,-0.07406336,-0.15405269,0.15240756,0.28177735,0.51774776,-0.30702674,0.07370557,0.19931874,0.5490023,0.32879162,0.2561004,0.36402112,0.7195674,0.1863653,0.2590376,0.8513228,0.67932427,0.91689837,0.46637803,0.4195935,0.33524182,0.43323612,-0.84064436,-0.68037426,-0.7783172,-0.850718,-0.87549543,0.030990861,-0.24493423,-0.12998927,-0.26154053,-0.7033841,-0.74978286,-0.2720032,0.101060525,-0.87368095,-0.36106747,-0.42446342,-0.8022337,-0.8217361,-0.3391263,-0.755488,-0.062091146,-0.08681071,-0.6346935,-0.18413372,0.26386172,-0.31951404,-0.26429027,-0.1446788,-0.17473388,-0.45664263,0.102332845,-0.21079004,-0.5501638,-0.3628354,-0.4992202,-0.51717395,-0.6374109,0.08251351,0.094749294,0.12824646,0.40514228,0.09802349
0.24007541,0.7198099,0.9143437,0.6935402,0.67142725,0.9263845,0.6086113,0.7689902,0.68853474,-0.5492543,-0.27588937,-0.5638746,-0.69998944,-0.124037385,0.21135816,0.6328862,-0.7606774,0.3736832,-0.47884655,0.49418822,0.5647591,-0.71273184,-0.10637924,-0.5428213,-0.64035034,-0.59428656,0.12781239,-0.669098,-0.07824136,-0.54602236,-0.17282511,-0.14968829,-0.2940923,-0.3165266,-0.31233108,0.27585047,0.00031118747,-0.33971542,-0.077433646,0.05342503,0.30050635,-0.52999616,-0.2954778,-0.115174,0.2390744,0.05274801,-0.091519386,0.08287325,0.6615756,0.121277556,0.04371563,0.8031745,0.64719665,0.61831284,0.8449822,0.77035254,0.5676646,0.72471744,-0.5982243,-0.4403598,-0.5440963,-0.6976677,-0.57185113,0.18971343,0.04988888,0.26841038,-0.12158313,-0.47423786,-0.44470072,0.062292427,0.5219438,-0.7174804,-0.09800351,-0.20246603,-0.50651944,-0.6429758,0.042020395,-0.5165918,-0.20934789,-0.23673874,-0.4109173,-0.18224661,0.0026695714,-0.4134528,-0.14382608,-0.24084136,-0.074667595,-0.48844337,0.41862416,-0.09212067,-0.6127732,-0.42717183,-0.48965603,-0.5360087,-0.63487995,-0.18912022,-0.105681404,-0.009393616,0.6134575,0.038467556
0.029905045,0.6208247,0.6652998,0.5730294,0.5319069,0.6086113,0.8552163,0.80033475,0.66681767,-0.2833423,-0.08645006,-0.24589816,-0.5151117,0.008361794,0.3313856,0.5991242,-0.5260282,0.47861564,-0.24766198,0.43465203,0.57417107,-0.50194436,0.11580396,-0.34862766,-0.43949908,-0.27464834,0.01821981,-0.61066675,0.008867179,-0.42070955,-0.32697615,-0.19329196,-0.37132487,-0.19184057,-0.3273776,0.10782689,-0.027082454,-0.35013437,-0.16646346,0.05023473,0.204799,-0.37803686,-0.2952937,-0.24277139,0.05465912,-0.08636789,-0.1744355,-0.023007765,0.38812298,-0.06673334,-0.032006644,0.7216447,0.6472743,0.5228795,0.64100665,0.5736512,0.75627065,0.7110919,-0.37069193,-0.16636418,-0.29804,-0.5490856,-0.3641945,0.25296718,0.19736665,0.33110237,-0.06749488,-0.26409358,-0.18973422,0.24268144,0.51862055,-0.5189799,0.075949654,-0.15820983,-0.23527893,-0.395522,0.1779269,-0.35014278,-0.42604345,-0.29006863,-0.24914154,-0.17782596,-0.15109122,-0.34794167,-0.1621881,-0.2597167,-0.07565302,-0.45708513,0.34506753,-0.1057096,-0.62310576,-0.41597825,-0.49097884,-0.41154557,-0.42632324,-0.34495005,-0.21822335,-0.07687232,0.45210713,-0.122258395
0.16192842,0.845934,0.8153204,0.8198172,0.78329927,0.7689902,0.80033475,0.9534523,0.6575806,-0.5553375,-0.2432826,-0.50582623,-0.74217486,-0.09950128,0.2319254,0.77451384,-0.7690915,0.38516176,-0.4620294,0.3775704,0.5335824,-0.69776845,-0.0058531514,-0.557636,-0.6824517,-0.52509725,0.16662583,-0.77239245,-0.15027472,-0.51000965,-0.31139362,-0.15590347,-0.3145051,-0.3019718,-0.28269908,0.22884245,-0.03626268,-0.39543736,-0.13060312,0.10303234,0.34115404,-0.4964354,-0.243976,-0.13868004,0.25423336,0.06351504,-0.05149155,0.12563156,0.59146166,0.013641914,0.0447814,0.90415514,0.75391877,0.7710455,0.71322995,0.642685,0.69600236,0.73273975,-0.654804,-0.42096713,-0.5682839,-0.7937521,-0.642854,0.25449616,0.09369598,0.25588292,-0.19122641,-0.4787687,-0.45489228,0.073158115,0.46956936,-0.79314756,-0.05978693,-0.34526348,-0.5270976,-0.6745835,0.021970801,-0.547087,-0.38816297,-0.31600052,-0.47956526,-0.24459532,-0.03245509,-0.43714553,-0.24197632,-0.28660077,-0.11925344,-0.55868375,0.30588743,-0.19855447,-0.7667748,-0.541401,-0.65347755,-0.6004834,-0.64924335,-0.26259562,-0.13502498,-0.023955759,0.51913524,-0.06794889
-0.018088099,0.44281262,0.7137165,0.3909703,0.33765805,0.68853474,0.66681767,0.6575806,0.90729725,-0.2659005,-0.15053356,-0.29358461,-0.441458,0.23295546,0.4698025,0.4227922,-0.53385925,0.5985166,-0.101839125,0.68912554,0.80368304,-0.5812067,0.27973846,-0.45637763,-0.4582157,-0.37107995,-0.109010294,-0.49935728,0.11386411,-0.4479648,-0.27333602,-0.2820983,-0.5090231,-0.32880595,-0.5228311,-0.016177472,-0.08573757,-0.359537,-0.20987508,-0.09043645,0.026489597,-0.5721843,-0.52714735,-0.41888148,-0.08920004,-0.17137258,-0.347782,-0.15987086,0.29669714,-0.13679224,-0.07250196,0.62459373,0.57966256,0.29849398,0.7846798,0.82082164,0.7322777,0.8905195,-0.24488083,-0.04017464,-0.17767453,-0.41484347,-0.17527297,0.44906867,0.41360497,0.6092695,-0.045913175,-0.06525779,-0.07152824,0.32923573,0.7711314,-0.42731512,0.20292306,-0.06269789,-0.1142371,-0.34612122,0.30656812,-0.18498047,-0.37714148,-0.26260018,-0.22033975,-0.23396102,-0.30280474,-0.46215785,-0.02799393,-0.34485897,-0.116151944,-0.46304435,0.45332372,-0.10371239,-0.5575448,-0.38250193,-0.45314744,-0.49436843,-0.51483035,-0.44674918,-0.2527755,-0.1698902,0.49121085,-0.18770513
-0.17879266,-0.6723239,-0.5653788,-0.7219199,-0.70064366,-0.5492543,-0.2833423,-0.5553375,-0.2659005,0.8449502,0.63492227,0.8209075,0.7137728,0.084012546,0.07682039,-0.54116064,0.6585822,-0.12638961,0.48560953,-0.15614736,-0.19692485,0.68872094,0.21781194,0.61632276,0.79466593,0.8212266,-0.34483975,0.637658,0.22814554,0.493782,0.12371218,0.12316069,0.016748894,0.1154274,0.023447618,-0.46149415,-0.11892134,0.3005708,-0.01738464,-0.06343733,-0.4702077,0.5220307,0.0986154,-0.09396602,-0.4770196,-0.3257028,-0.1780295,-0.36234623,-0.58969116,-0.33552912,-0.001460391,-0.6291716,-0.5105598,-0.68806446,-0.39566058,-0.40977937,-0.25277567,-0.3246066,0.7444818,0.6521528,0.7360988,0.7386083,0.5930689,-0.18616578,0.0063154646,0.009984155,-0.0024537332,0.46232715,0.51703626,0.059809484,-0.20969155,0.7309142,0.03453189,0.15750128,0.726991,0.75330937,0.18073803,0.6038639,0.02591341,0.1946488,0.44653508,-0.05226566,-0.35582384,0.112048134,-0.047897074,-0.07287645,-0.018400041,0.21074057,-0.2565297,-0.020095594,0.38901237,0.44427586,0.32852158,0.4386692,0.5300803,-0.09680667,-0.20431827,-0.29307878,-0.42876217,-0.2617698
0.2265284,-0.23653454,-0.30865657,-0.3571518,-0.2888856,-0.27588937,-0.08645006,-0.2432826,-0.15053356,0.63492227,0.891631,0.63322455,0.46373093,-0.24869333,-0.15067662,-0.0753302,0.27169847,-0.36953104,0.033114757,-0.30948472,-0.2505588,0.5930723,0.045060717,0.38974884,0.58647776,0.64918023,-0.08481996,0.513613,-0.22865829,0.535707,0.3620878,0.5331039,0.23972341,-0.21729201,0.1020551,-0.44807172,-0.48474884,0.52840626,0.2885848,0.20400345,-0.34053475,0.60935867,0.3082857,0.118318014,-0.1593509,-0.13612755,0.030318543,-0.20463106,-0.3335291,-0.492822,0.38421947,-0.23430896,-0.19611362,-0.33647645,-0.2587715,-0.30514607,-0.26082635,-0.1296546,0.3475958,0.3679172,0.38929632,0.39214605,0.0767246,-0.25204408,-0.29770398,-0.12493723,-0.45382228,0.083406925,0.009309666,-0.37561512,-0.34007353,0.39606258,-0.4331348,-0.27219743,0.32161397,0.33878243,-0.22369,0.3267134,0.15574747,0.43963528,-0.041827008,-0.423774,-0.35003042,-0.23519102,-0.39647812,-0.3742443,-0.4200501,-0.11200301,-0.5109466,-0.41982684,0.1566748,0.44874167,0.022534177,0.120210186,0.13685392,0.02798079,-0.216925,-0.4611132,-0.49958366,-0.4858824
-0.28260556,-0.6527467,-0.5724505,-0.6726364,-0.66002035,-0.5638746,-0.24589816,-0.50582623,-0.29358461,0.8209075,0.63322455,0.91070616,0.6819533,0.07966018,0.15300357,-0.53832614,0.6601224,-0.091686465,0.48913366,-0.17657681,-0.18874845,0.6810659,0.24656945,0.6678916,0.80248165,0.88838303,-0.36451048,0.59114116,0.28172302,0.49974722,0.0042496547,0.05617507,-0.058222033,0.16349567,0.022796575,-0.44924647,-0.04448381,0.2003977,-0.106654316,-0.08700025,-0.45938522,0.5379768,0.099764496,-0.11286559,-0.50416905,-0.36991194,-0.19579205,-0.3650421,-0.59412503,-0.33016092,-0.09075473,-0.6185522,-0.53514284,-0.62304103,-0.39777762,-0.4654318,-0.21101452,-0.34614965,0.7252058,0.6491669,0.7172588,0.6903454,0.56986594,-0.23004434,0.0020830892,0.01986291,-0.006481113,0.42323652,0.5374047,0.09861001,-0.2172125,0.69241595,0.06140486,0.11748108,0.7238347,0.763525,0.24826013,0.62434405,-0.093475595,0.06942851,0.4735732,-0.03899601,-0.36970812,0.13311061,-0.1230872,-0.067447126,0.059647124,0.20213819,-0.25440097,-0.014714861,0.28715315,0.33514035,0.25037456,0.43951243,0.55008435,-0.14143124,-0.2577697,-0.29832405,-0.4252622,-0.26353908
-0.18010882,-0.7839278,-0.74014163,-0.7924751,-0.7703303,-0.69998944,-0.5151117,-0.74217486,-0.441458,0.7137728,0.46373093,0.6819533,0.8669477,0.19354087,-0.05442962,-0.6596067,0.73542583,-0.27324146,0.562897,-0.29357398,-0.3515732,0.702359,0.19715345,0.51355326,0.74507904,0.6876336,-0.32155275,0.70773077,0.14905444,0.52478004,0.18936262,0.14424112,0.1495223,0.121442996,0.07711919,-0.45077485,-0.11294248,0.36825058,0.031166602,-0.12587616,-0.49351674,0.48198318,0.11854921,-0.081706576,-0.4462541,-0.24624194,-0.12181754,-0.30525023,-0.67565566,-0.27475786,0.014448539,-0.771984,-0.6135299,-0.7478965,-0.5792426,-0.526129,-0.4419305,-0.49307692,0.7785294,0.66898185,0.75484365,0.87110186,0.6772127,-0.070418954,0.07452983,-0.05475439,0.033850715,0.6076235,0.5186879,-0.008236596,-0.3191715,0.796298,0.094803356,0.19746622,0.69949675,0.753432,0.084558934,0.625475,0.13990101,0.27272904,0.40696645,-0.003452239,-0.2713546,0.18607858,0.044610504,0.010728048,-0.02457022,0.29839486,-0.356365,-0.014642483,0.5813067,0.523008,0.44109517,0.44004065,0.53636,-0.012280693,-0.10631206,-0.22696403,-0.5386563,-0.19884777
-0.5629029,-0.3293695,-0.12028547,-0.28287226,-0.37836286,-0.124037385,0.008361794,-0.09950128,0.23295546,0.084012546,-0.24869333,0.07966018,0.19354087,0.8342021,0.5439129,-0.34900403,0.19092709,0.45797405,0.61901206,0.38656482,0.42641842,-0.10584684,0.6669077,-0.10999589,-0.06254554,0.025103796,-0.27390772,0.013852739,0.4163204,0.0055128937,-0.44810057,-0.5445308,-0.48534814,0.04065547,-0.32003516,-0.1782973,0.20383567,-0.38102883,-0.37959006,-0.30103207,-0.21501744,-0.39984846,-0.4411273,-0.50994945,-0.39408812,-0.17201713,-0.3064028,-0.16719699,-0.35045904,-0.10604358,-0.38418433,-0.18221092,-0.075768694,-0.28930807,0.08262338,0.20465598,0.3081975,0.19287816,0.37250867,0.4769302,0.38870108,0.26381156,0.56325275,0.61008865,0.77629495,0.6416477,0.2785313,0.63667834,0.53789747,0.56517875,0.4951058,0.2076731,0.69835615,0.25450402,0.42974654,0.26407984,0.5499083,0.4238831,-0.43767583,-0.3488063,0.244373,0.08308387,-0.2960386,0.0049429936,0.3637404,0.012608757,0.2154716,0.09479797,0.26799738,0.1229706,-0.01700862,-0.24360774,-0.008128199,-0.080635056,0.06598369,-0.41425115,-0.039146185,0.019926941,0.08354468,-0.067192815
-0.66102386,-0.12252111,0.22462307,-0.05187337,-0.15255386,0.21135816,0.3313856,0.2319254,0.4698025,0.07682039,-0.15067662,0.15300357,-0.05442962,0.5439129,0.90618825,-0.19052924,0.021733984,0.75820345,0.48919255,0.6443213,0.724103,-0.27471602,0.5937488,0.021565534,-0.06594989,0.08115241,-0.42714784,-0.1903683,0.6733632,-0.18086642,-0.6475713,-0.6990839,-0.82301414,0.07183844,-0.5019957,-0.12776868,0.36672115,-0.6855621,-0.65595865,-0.39340934,-0.20856881,-0.4556607,-0.58799964,-0.5579827,-0.48842514,-0.45087647,-0.5284894,-0.35246664,-0.09821151,-0.08656464,-0.6064687,0.039363194,-0.01266015,-0.08564284,0.4639699,0.38992554,0.56361425,0.42334735,0.20286039,0.30802596,0.22981754,-0.005853585,0.32995337,0.31016707,0.58303773,0.75292575,0.2031523,0.26380247,0.4935258,0.6860895,0.70586455,-0.02621071,0.5926274,0.12776464,0.35868186,0.17458436,0.8184894,0.36417997,-0.67060906,-0.6806582,0.3228667,0.031813297,-0.42626435,-0.111259304,0.045212585,-0.13018018,0.3922696,-0.07977103,0.5025535,0.15052381,-0.45884496,-0.53808427,-0.3081668,-0.15401669,-0.035643276,-0.59783983,-0.3555505,-0.14147611,0.34679943,-0.0729382
0.51590735,0.9028981,0.675318,0.7897495,0.8244352,0.6328862,0.5991242,0.77451384,0.4227922,-0.54116064,-0.0753302,-0.53832614,-0.6596067,-0.34900403,-0.19052924,0.91878295,-0.76372445,-0.016750816,-0.70357025,0.04030211,0.16609952,-0.4819892,-0.22573303,-0.5314345,-0.62976694,-0.52384603,0.4639529,-0.58106005,-0.5340978,-0.28984225,0.05791138,0.26777145,0.1285439,-0.35432082,0.04202788,0.30298883,-0.2742764,0.0020881314,0.29219806,0.40609318,0.47624305,-0.209834,0.13433331,0.20197773,0.5566156,0.37359,0.29517904,0.36861044,0.6187704,0.0363132,0.4238991,0.88221705,0.79247934,0.771979,0.4516783,0.43889165,0.3858996,0.52721447,-0.73293304,-0.55871975,-0.6687132,-0.75510263,-0.7991282,0.11264368,-0.20957458,-0.09128807,-0.327306,-0.5958814,-0.7286985,-0.3068896,0.106631935,-0.7350161,-0.385148,-0.41417813,-0.707458,-0.7673564,-0.4185344,-0.68324447,-0.015004202,0.110976994,-0.676947,-0.2864877,0.19393167,-0.39654243,-0.21693885,-0.22172418,-0.3684408,-0.47327006,0.021564178,-0.30540907,-0.47873572,-0.23341134,-0.45429927,-0.51537085,-0.6223727,0.0883196,0.118953824,0.066142194,0.29915845,-0.05105187
-0.40926754,-0.83739996,-0.758801,-0.8010962,-0.8017639,-0.7606774,-0.5260282,-0.7690915,-0.53385925,0.6585822,0.27169847,0.6601224,0.73542583,0.19092709,0.021733984,-0.76372445,0.9158552,-0.099892326,0.62332094,-0.20512137,-0.3579877,0.7186752,0.1713703,0.7064413,0.75820553,0.6875459,-0.30675393,0.69073653,0.39538604,0.43662304,0.08428226,-0.047234647,0.09234799,0.49246478,0.19417004,-0.21862473,0.19891685,0.18456012,-0.087529786,-0.17343171,-0.3374769,0.4783699,0.12533104,0.02975405,-0.41040182,-0.24980918,-0.10481721,-0.24070978,-0.6074478,-0.0046190303,-0.28144157,-0.8609072,-0.713575,-0.7425386,-0.61030304,-0.6187136,-0.40071002,-0.6320635,0.7340984,0.5179566,0.6530575,0.7792009,0.75556266,-0.25969052,0.036970902,-0.12922992,0.34969354,0.52143514,0.6977105,0.23687543,-0.30820215,0.8474549,0.2908507,0.44331378,0.6915828,0.8061989,0.262889,0.6402093,0.15530558,0.08331332,0.70466846,0.36862722,-0.03713341,0.5376409,0.24851596,0.34394026,0.30051768,0.59180456,-0.1065872,0.34461966,0.58466065,0.35789788,0.5771706,0.68231785,0.77725935,0.112335555,0.0058208015,0.04247098,-0.3704787,0.102583915
-0.5492743,0.056753613,0.42189354,0.12814398,0.011165572,0.3736832,0.47861564,0.38516176,0.5985166,-0.12638961,-0.36953104,-0.091686465,-0.27324146,0.45797405,0.75820345,-0.016750816,-0.099892326,0.91177845,0.2838719,0.80389947,0.7857392,-0.4338899,0.434739,-0.08587824,-0.24399877,-0.1533202,-0.29647595,-0.40415496,0.6547631,-0.4328121,-0.598481,-0.729702,-0.72356963,0.18849033,-0.446665,0.12515989,0.44860816,-0.703223,-0.5553192,-0.29323506,0.042467505,-0.5552449,-0.6038188,-0.47233826,-0.30621862,-0.31836915,-0.44738695,-0.20742396,0.13830093,0.15429197,-0.6211324,0.21841303,0.20550579,0.08010078,0.5860039,0.56055194,0.7265207,0.52079225,0.01781825,0.095153555,0.01804959,-0.19841525,0.22951749,0.30287945,0.55037475,0.65347797,0.43653458,0.12253962,0.41858044,0.8073578,0.80902445,-0.14047804,0.6448856,0.3364526,0.18288124,0.02131533,0.7664477,0.09692628,-0.5577223,-0.65503275,0.347519,0.2578266,-0.1707317,0.04537818,0.24518406,0.07929659,0.4514765,-0.02768451,0.7609721,0.38390422,-0.44140148,-0.57540625,-0.18886319,-0.08821404,-0.031937465,-0.4673639,-0.19993278,0.10223372,0.61115605,0.16808808
-0.6788465,-0.7178492,-0.4723825,-0.6344588,-0.7156007,-0.47884655,-0.24766198,-0.4620294,-0.101839125,0.48560953,0.033114757,0.48913366,0.562897,0.61901206,0.48919255,-0.70357025,0.62332094,0.2838719,0.8670469,0.17383963,0.15790193,0.30540967,0.5545771,0.3011361,0.45413888,0.4566801,-0.5482898,0.36308822,0.57157797,0.20552982,-0.29602528,-0.4451878,-0.37882823,0.21301186,-0.28524232,-0.40885544,0.21246344,-0.21724167,-0.46999106,-0.48269552,-0.50419813,-0.034386996,-0.3614326,-0.4510907,-0.676782,-0.46123108,-0.45204693,-0.4422577,-0.6436215,-0.21040383,-0.4908777,-0.60805285,-0.5162074,-0.62139106,-0.22966823,-0.18111396,0.018741045,-0.17280312,0.7024369,0.6976064,0.70231986,0.6414449,0.8223679,0.26491213,0.5671097,0.44518635,0.27855012,0.74820757,0.81438315,0.5375079,0.20888428,0.60770106,0.6326997,0.3132124,0.75936496,0.68805707,0.59884393,0.71918154,-0.2888626,-0.28065598,0.5633888,0.13690248,-0.40765595,0.17520785,0.19423434,0.03945428,0.291548,0.2591372,0.08453452,0.17246595,0.1975563,-0.010065149,0.17184871,0.25414526,0.4135779,-0.3701114,-0.25362438,-0.1624943,-0.19909465,-0.13262726
-0.32636052,0.10544056,0.5260885,0.12836063,0.045602426,0.49418822,0.43465203,0.3775704,0.68912554,-0.15614736,-0.30948472,-0.17657681,-0.29357398,0.38656482,0.6443213,0.04030211,-0.20512137,0.80389947,0.17383963,0.894178,0.81669474,-0.4726339,0.3404313,-0.16563958,-0.27803743,-0.25510544,-0.24387878,-0.37118158,0.53763056,-0.46293265,-0.389616,-0.5791936,-0.6261358,0.062217698,-0.46572125,0.13508302,0.31726405,-0.541956,-0.39530748,-0.24497046,0.036493983,-0.5672249,-0.60256976,-0.43060812,-0.23651591,-0.2662632,-0.43125206,-0.2041752,0.2143929,0.145949,-0.440096,0.2805371,0.26297817,0.050616916,0.6781658,0.6942378,0.65966123,0.6119096,-0.016029637,0.045700334,-0.023384426,-0.2057935,0.15318255,0.30582267,0.49257344,0.6472371,0.37110275,0.07895461,0.28988934,0.6701524,0.8464621,-0.17383143,0.5041747,0.32956955,0.11214797,-0.05668954,0.6386007,0.024780612,-0.3703283,-0.45976266,0.23709473,0.1787367,-0.16205549,-0.061162367,0.2612878,0.0039266413,0.31118953,-0.08411004,0.75832075,0.32995617,-0.34893036,-0.42204332,-0.14096785,-0.14291647,-0.13437593,-0.39284998,-0.17755482,0.05353608,0.6275172,0.13702515
-0.3157025,0.22876255,0.5855059,0.24931659,0.1527088,0.5647591,0.57417107,0.5335824,0.80368304,-0.19692485,-0.2505588,-0.18874845,-0.3515732,0.42641842,0.724103,0.16609952,-0.3579877,0.7857392,0.15790193,0.81669474,0.95004773,-0.57922196,0.4358443,-0.34942317,-0.37368476,-0.2781281,-0.321833,-0.47602344,0.41673216,-0.46177462,-0.48950976,-0.56614476,-0.7380595,-0.1955857,-0.64466804,-0.07300607,0.14004931,-0.5872489,-0.48137137,-0.31333822,-0.096725374,-0.6759734,-0.7020754,-0.5900384,-0.31420004,-0.3479545,-0.5249787,-0.302647,0.1538373,-0.111926645,-0.36153132,0.4217075,0.3594255,0.16770999,0.75122577,0.7634089,0.7570424,0.77569807,-0.07981691,0.109254286,-0.026812075,-0.28686905,0.043909445,0.48330998,0.58899283,0.7953793,0.097454906,0.10362907,0.19038692,0.57816714,0.9198714,-0.31520215,0.44414443,0.044616267,0.07961754,-0.1580804,0.6048739,0.023378156,-0.55823904,-0.50354785,0.012132805,-0.12288335,-0.40684605,-0.36003876,0.022263557,-0.29150945,0.12368178,-0.36638403,0.5832602,0.023623867,-0.5676973,-0.510157,-0.43238926,-0.41982293,-0.37870634,-0.6047466,-0.3541805,-0.18391041,0.5185138,-0.14054915
-0.028778013,-0.62190604,-0.73169947,-0.69532,-0.62561005,-0.71273184,-0.50194436,-0.69776845,-0.5812067,0.68872094,0.5930723,0.6810659,0.702359,-0.10584684,-0.27471602,-0.4819892,0.7186752,-0.4338899,0.30540967,-0.4726339,-0.57922196,0.89726925,0.041902132,0.6866406,0.75417626,0.72721815,-0.009019846,0.7962551,-0.02327304,0.68640494,0.37136477,0.40688968,0.4044934,0.27706483,0.42533398,-0.22145194,-0.1418382,0.5230753,0.29287544,0.18480021,-0.22125521,0.7443192,0.48285925,0.3195516,-0.10700062,0.0175038,0.20117874,-0.026597422,-0.5053077,-0.14127079,0.14344856,-0.691485,-0.5489322,-0.61438036,-0.6873535,-0.6993139,-0.5543237,-0.62924093,0.55138195,0.36677217,0.48847592,0.6670359,0.43545508,-0.4026841,-0.3061902,-0.36302084,-0.0065328637,0.27578166,0.31145626,-0.20129171,-0.5900531,0.7519312,-0.15089297,0.13812959,0.45674294,0.6021078,-0.15404242,0.5039557,0.36089382,0.4273819,0.36821765,0.10574612,0.029222691,0.34593558,0.049202897,0.17848223,-0.05307727,0.47129777,-0.42989707,0.0392466,0.5824041,0.5316541,0.49929208,0.57148296,0.6194551,0.33345005,0.1339276,-0.031523388,-0.57336134,-0.061912414
-0.578799,-0.25338486,-0.093549274,-0.29266396,-0.35603052,-0.10637924,0.11580396,-0.0058531514,0.27973846,0.21781194,0.045060717,0.24656945,0.19715345,0.6669077,0.5937488,-0.22573303,0.1713703,0.434739,0.5545771,0.3404313,0.4358443,0.041902132,0.8642913,0.022526395,-0.02338934,0.17368084,-0.12806837,0.13287899,0.32140514,0.24395317,-0.3845142,-0.34683287,-0.4702724,0.009186903,-0.1806288,-0.20254129,0.05522097,-0.31942207,-0.26637933,-0.109053805,-0.15549068,-0.23793751,-0.2487017,-0.33452576,-0.2645498,-0.07468648,-0.18067367,-0.078584604,-0.36442572,-0.24118114,-0.29567254,-0.10166186,0.0026394401,-0.2705046,0.09832828,0.16139093,0.34132898,0.26635033,0.30867928,0.41934574,0.3232909,0.18656984,0.4509779,0.45818582,0.5912254,0.6421449,0.08150087,0.47585794,0.45518404,0.4601397,0.42252094,0.2140334,0.52437323,0.089582935,0.36760783,0.19296703,0.47905052,0.51196575,-0.4358541,-0.26125592,0.17351799,-0.036177747,-0.31634066,-0.06947594,0.2519286,-0.075339615,0.08486703,0.11315136,0.16885227,-0.006089708,-0.15821388,-0.3327342,-0.13846788,-0.13307527,0.041508608,-0.32983476,0.007494272,-0.039242834,-0.035985604,-0.20408392
-0.27805543,-0.59977114,-0.5254723,-0.59687316,-0.5720932,-0.5428213,-0.34862766,-0.557636,-0.45637763,0.61632276,0.38974884,0.6678916,0.51355326,-0.10999589,0.021565534,-0.5314345,0.7064413,-0.08587824,0.3011361,-0.16563958,-0.34942317,0.6866406,0.022526395,0.8849938,0.7189181,0.71516275,-0.09646042,0.5650259,0.3778616,0.43868005,0.06962024,0.026700024,0.11553632,0.5618964,0.37684256,0.02175602,0.2865886,0.146302,0.02755252,0.09586526,-0.066052064,0.6222744,0.33519825,0.24714044,-0.17863062,-0.10093953,0.09669542,-0.04030286,-0.30386794,0.15077326,-0.24067539,-0.6555759,-0.5671516,-0.51810485,-0.44297165,-0.5585517,-0.30519265,-0.5692029,0.5110679,0.2574029,0.4084703,0.5169373,0.4566815,-0.60714924,-0.3010878,-0.27371478,0.3278945,0.11030792,0.4708265,0.15019539,-0.3543902,0.65486133,0.05150429,0.38497755,0.4687928,0.6485713,0.20154023,0.44408086,0.13634124,0.023732103,0.6743,0.42232072,0.13095698,0.5784457,0.13755196,0.41360575,0.37918192,0.5826267,0.0012557553,0.40906933,0.4035202,0.25388852,0.52143866,0.7419319,0.7899289,0.24336866,0.096589394,0.16164783,-0.18658064,0.24100077
-0.14802115,-0.74381167,-0.6609073,-0.7417324,-0.7120162,-0.64035034,-0.43949908,-0.6824517,-0.4582157,0.79466593,0.58647776,0.80248165,0.74507904,-0.06254554,-0.06594989,-0.62976694,0.75820553,-0.24399877,0.45413888,-0.27803743,-0.37368476,0.75417626,-0.02338934,0.7189181,0.92959666,0.8202237,-0.41237986,0.6876613,0.24988268,0.44229054,0.2371003,0.16137585,0.14658374,0.23279062,0.070558496,-0.4243974,-0.041859034,0.37546867,-0.0002268583,-0.1357523,-0.50102717,0.6214471,0.14391412,0.0029599462,-0.48675287,-0.38613516,-0.19593382,-0.4204983,-0.5815806,-0.22555372,-0.054004192,-0.7630242,-0.6751416,-0.7104493,-0.5166562,-0.57528603,-0.44142333,-0.5364618,0.7476744,0.5740108,0.70509887,0.7830432,0.585845,-0.3878335,-0.15041742,-0.18581685,0.06383441,0.39961958,0.52773523,-0.0010007839,-0.3666944,0.79506856,-0.035058443,0.22774474,0.70860976,0.82083,0.12755217,0.56446016,0.19595855,0.23979446,0.54714656,0.060701195,-0.24766743,0.26056546,-0.09557839,0.03022481,0.06657187,0.30392706,-0.2948377,0.08233257,0.53093123,0.5490348,0.46143138,0.5847792,0.6502236,0.028005853,-0.23250626,-0.2738034,-0.47048673,-0.14881492
-0.25694245,-0.6421266,-0.60710144,-0.65260196,-0.63611364,-0.59428656,-0.27464834,-0.52509725,-0.37107995,0.8212266,0.64918023,0.88838303,0.6876336,0.025103796,0.08115241,-0.52384603,0.6875459,-0.1533202,0.4566801,-0.25510544,-0.2781281,0.72721815,0.17368084,0.71516275,0.8202237,0.92595136,-0.32222784,0.6059804,0.25619107,0.51858145,0.054616153,0.111293465,0.02069315,0.21165664,0.09920432,-0.4118807,-0.031165423,0.24844211,-0.055317722,-0.039332345,-0.41422474,0.605015,0.18318805,-0.036297698,-0.44709772,-0.32482857,-0.12854758,-0.3219329,-0.5741291,-0.29034573,-0.080345966,-0.64261097,-0.5651728,-0.5973421,-0.45379108,-0.54407537,-0.27966928,-0.42646915,0.6941682,0.5870222,0.67186725,0.6779936,0.5228118,-0.32928425,-0.099511564,-0.079302385,-0.0074017514,0.35699582,0.4948725,0.03846711,-0.3089506,0.6958554,-0.00262166,0.10987724,0.6767272,0.7457473,0.18877134,0.58480847,-0.027714599,0.09729678,0.4760715,-0.005879041,-0.29503715,0.19161804,-0.1445565,-0.021822643,0.07146324,0.2524646,-0.2937125,0.0014306384,0.32080394,0.3615344,0.28855628,0.48637038,0.5853583,-0.064962864,-0.21030314,-0.26232243,-0.45882958,-0.2212447
0.3707844,0.4503687,0.1394162,0.3408573,0.40967923,0.12781239,0.01821981,0.16662583,-0.109010294,-0.34483975,-0.08481996,-0.36451048,-0.32155275,-0.27390772,-0.42714784,0.4639529,-0.30675393,-0.29647595,-0.5482898,-0.24387878,-0.321833,-0.009019846,-0.12806837,-0.09646042,-0.41237986,-0.32222784,0.9221991,-0.0957924,-0.49415392,0.19652289,0.1957142,0.37187642,0.49098468,0.13119872,0.7221142,0.6155902,-0.017458966,0.20489708,0.6083298,0.75433767,0.76000786,0.17235488,0.6834495,0.641912,0.8861221,0.900892,0.86945176,0.89223397,0.45565853,0.40166473,0.3835266,0.3326525,0.4036205,0.41411722,-0.09374386,-0.04124608,-0.094326675,-0.08965942,-0.51654327,-0.5854633,-0.58298564,-0.4356593,-0.5017879,-0.16928189,-0.41035596,-0.41560638,0.0038807616,-0.48896345,-0.58558625,-0.36983538,-0.33255088,-0.31002074,-0.30758858,-0.048285678,-0.6459403,-0.54566246,-0.5442116,-0.44457787,0.27967346,0.27737945,-0.36129725,0.1869049,0.70659924,0.20861506,0.29736573,0.38718307,-0.09706794,0.24307787,-0.044909995,0.07904653,0.05194866,-0.07023485,0.1349967,-0.00011215126,-0.063361876,0.62032247,0.78872895,0.6155232,0.10631598,0.3698964
-0.06770694,-0.6976105,-0.69914234,-0.7737161,-0.71224916,-0.669098,-0.61066675,-0.77239245,-0.49935728,0.637658,0.513613,0.59114116,0.70773077,0.013852739,-0.1903683,-0.58106005,0.69073653,-0.40415496,0.36308822,-0.37118158,-0.47602344,0.7962551,0.13287899,0.5650259,0.6876613,0.6059804,-0.0957924,0.8824742,0.016272724,0.6705223,0.4375512,0.3631576,0.35698277,0.18186262,0.30979854,-0.30216685,-0.17093527,0.5048177,0.2516625,0.057450246,-0.3176064,0.5804726,0.34769827,0.2509032,-0.16682288,-0.007957043,0.11063935,-0.0972368,-0.5521769,-0.17828023,0.0992208,-0.73209304,-0.60578394,-0.7189219,-0.6249453,-0.5759851,-0.5940868,-0.5663221,0.5636687,0.40445304,0.5098861,0.69963187,0.5061809,-0.2705219,-0.18478097,-0.19784096,-0.024746463,0.3771257,0.3503127,-0.17003092,-0.4646071,0.774206,-0.075457126,0.15305616,0.476179,0.57353187,-0.1089856,0.60153294,0.41137934,0.4522442,0.34507456,0.05102503,-0.053228863,0.27014354,0.105048224,0.1220392,-0.0884539,0.44489098,-0.39221293,0.009215608,0.6132562,0.5001273,0.48531163,0.458207,0.5347761,0.30462527,0.117371485,-0.09223525,-0.5796052,-0.10344991
-0.72540414,-0.45606163,-0.044226896,-0.32264364,-0.4213146,-0.07824136,0.008867179,-0.15027472,0.11386411,0.22814554,-0.22865829,0.28172302,0.14905444,0.4163204,0.6733632,-0.5340978,0.39538604,0.6547631,0.57157797,0.53763056,0.41673216,-0.02327304,0.32140514,0.3778616,0.24988268,0.25619107,-0.49415392,0.016272724,0.94709677,-0.18361156,-0.5139785,-0.74891907,-0.62078154,0.48308048,-0.29281953,0.033240564,0.6713559,-0.58249545,-0.6289378,-0.4509876,-0.17748946,-0.2074482,-0.46836486,-0.38372105,-0.54065084,-0.48897198,-0.49082184,-0.36621302,-0.16219804,0.23172992,-0.8059428,-0.35616422,-0.35767412,-0.33790725,0.18140101,0.090368256,0.28649247,-0.014399427,0.42653972,0.31133974,0.36627737,0.26100367,0.58287084,-0.04384035,0.4001786,0.4160269,0.5891156,0.30577016,0.7397125,0.7899464,0.46077168,0.3036118,0.66456234,0.54415417,0.5284959,0.5006789,0.88395756,0.42200458,-0.3904701,-0.640578,0.76186323,0.4747432,-0.14450899,0.37798867,0.27974442,0.29059112,0.73421645,0.3136208,0.6156696,0.5858476,-0.047137417,-0.29369232,0.17822269,0.358797,0.44766825,-0.34017885,-0.23004137,0.10203698,0.3639033,0.29796058
-0.031993516,-0.40763694,-0.58730483,-0.50633043,-0.4293819,-0.54602236,-0.42070955,-0.51000965,-0.4479648,0.493782,0.535707,0.49974722,0.52478004,0.0055128937,-0.18086642,-0.28984225,0.43662304,-0.4328121,0.20552982,-0.46293265,-0.46177462,0.68640494,0.24395317,0.43868005,0.44229054,0.51858145,0.19652289,0.6705223,-0.18361156,0.8548676,0.27300978,0.418581,0.32124612,0.06699051,0.46231365,-0.19385381,-0.21730894,0.41608945,0.31694227,0.29617238,-0.09506217,0.55833304,0.53404844,0.33461422,0.08610733,0.23351035,0.35817385,0.1776257,-0.40812603,-0.21192262,0.23893616,-0.46409556,-0.37122798,-0.41104835,-0.5599136,-0.5460367,-0.47176486,-0.4466353,0.31596285,0.24974924,0.28872025,0.42918906,0.21435967,-0.20176448,-0.2342428,-0.18267131,-0.2363816,0.177511,0.07286155,-0.32194507,-0.5055889,0.48546487,-0.20271936,-0.13043042,0.21927103,0.2891253,-0.23742542,0.46268636,0.19740865,0.36036426,0.050465122,-0.10804298,0.005233039,0.11718789,-0.002217467,0.03332978,-0.17280261,0.32500342,-0.5021678,-0.19260287,0.33832246,0.27213013,0.21270189,0.22565249,0.3236267,0.30467683,0.25176916,-0.03499796,-0.57480943,-0.17293862
0.593469,-0.03806626,-0.19757962,-0.1592255,-0.054401897,-0.17282511,-0.32697615,-0.31139362,-0.27333602,0.12371218,0.3620878,0.0042496547,0.18936262,-0.44810057,-0.6475713,0.05791138,0.08428226,-0.598481,-0.29602528,-0.389616,-0.48950976,0.37136477,-0.3845142,0.06962024,0.2371003,0.054616153,0.1957142,0.4375512,-0.5139785,0.27300978,0.8903004,0.7551344,0.692639,-0.17023562,0.28446323,-0.08153218,-0.500332,0.76688117,0.6106584,0.26442182,-0.06263536,0.4149544,0.3925874,0.4784447,0.27622068,0.22351602,0.27423126,0.073776536,-0.017355744,-0.098491155,0.54713833,-0.1201521,-0.077011965,-0.1589317,-0.3301903,-0.24397914,-0.53101003,-0.25855994,-0.033479962,-0.12696543,-0.058048777,0.17647946,-0.14993528,-0.24165264,-0.48121202,-0.4656522,-0.29468465,-0.10339464,-0.31376058,-0.5848814,-0.48761886,0.21484068,-0.533273,-0.12316485,-0.13221338,-0.03235174,-0.64906013,-0.066975705,0.78584886,0.7915052,-0.21744353,-0.17325214,0.15505153,-0.041870803,-0.08423951,-0.072236836,-0.49215782,0.052795544,-0.44108272,-0.2220289,0.46559304,0.6060053,0.27566004,0.104805425,-0.007195633,0.51092887,0.15441965,-0.1114661,-0.38250926,-0.1063277
0.6835934,0.1417936,-0.1751774,-0.010769014,0.10709868,-0.14968829,-0.19329196,-0.15590347,-0.2820983,0.12316069,0.5331039,0.05617507,0.14424112,-0.5445308,-0.6990839,0.26777145,-0.047234647,-0.729702,-0.4451878,-0.5791936,-0.56614476,0.40688968,-0.34683287,0.026700024,0.16137585,0.111293465,0.37187642,0.3631576,-0.74891907,0.418581,0.7551344,0.9278012,0.7474885,-0.29111665,0.4098118,-0.096783355,-0.6498512,0.8026355,0.71729255,0.48086065,0.047252513,0.5415138,0.5954211,0.5431917,0.4152274,0.37499028,0.46479094,0.23351489,0.0152238235,-0.22461964,0.7410209,0.04058222,0.064769894,0.019531755,-0.36175084,-0.30501044,-0.47723895,-0.21946569,-0.14988258,-0.16606988,-0.14313269,0.048668683,-0.35922867,-0.26746914,-0.5835431,-0.5224955,-0.5165417,-0.23585767,-0.514127,-0.7735441,-0.614794,0.075331375,-0.7248223,-0.38700798,-0.26548648,-0.16771469,-0.82200205,-0.14845154,0.62043643,0.8100799,-0.44724736,-0.36245984,0.13857119,-0.18463993,-0.2631119,-0.19099706,-0.66128135,-0.07819101,-0.65275484,-0.4471266,0.31127012,0.54024214,0.0950946,-0.027843982,-0.11191859,0.49893594,0.20456454,-0.14250058,-0.49365857,-0.25668532
0.58993614,0.050078336,-0.2897575,-0.059371985,0.06827056,-0.2940923,-0.37132487,-0.3145051,-0.5090231,0.016748894,0.23972341,-0.058222033,0.1495223,-0.48534814,-0.82301414,0.1285439,0.09234799,-0.72356963,-0.37882823,-0.6261358,-0.7380595,0.4044934,-0.4702724,0.11553632,0.14658374,0.02069315,0.49098468,0.35698277,-0.62078154,0.32124612,0.692639,0.7474885,0.8794803,0.017049173,0.6094557,0.17371596,-0.33323848,0.7186991,0.7142533,0.4809147,0.24072286,0.54316187,0.6711143,0.65880334,0.5170809,0.49630046,0.59078896,0.40382,0.07013896,0.11652729,0.59176505,-0.11284882,-0.030103173,0.0013598795,-0.5284084,-0.45145345,-0.5913724,-0.47071952,-0.13504593,-0.28270045,-0.18655387,0.07993716,-0.24860051,-0.32882866,-0.59193194,-0.72556376,-0.16204265,-0.21125132,-0.42175224,-0.64406216,-0.7209892,0.13593155,-0.5489692,-0.07428084,-0.30532262,-0.11199422,-0.78417385,-0.24481347,0.7272039,0.7432571,-0.24097773,0.031083465,0.4643439,0.19395761,0.039750054,0.2043898,-0.33775938,0.22760992,-0.48219794,-0.09708138,0.52056605,0.5523027,0.38774204,0.24027526,0.13245213,0.6900712,0.4407011,0.20228866,-0.36113372,0.13282818
-0.4182086,-0.32257795,-0.26503253,-0.25318632,-0.27168986,-0.3165266,-0.19184057,-0.3019718,-0.32880595,0.1154274,-0.21729201,0.16349567,0.121442996,0.04065547,0.07183844,-0.35432082,0.49246478,0.18849033,0.21301186,0.062217698,-0.1955857,0.27706483,0.009186903,0.5618964,0.23279062,0.21165664,0.13119872,0.18186262,0.48308048,0.06699051,-0.17023562,-0.29111665,0.017049173,0.870906,0.4467405,0.48975405,0.6449226,-0.22114095,-0.08673583,0.096032694,0.3454921,0.22908635,0.22283596,0.28639644,0.09444943,0.12379862,0.20811112,0.24940911,0.037917025,0.5979518,-0.48443294,-0.39353424,-0.2930069,-0.17483333,-0.25800607,-0.3386957,-0.05709658,-0.45943946,0.15817437,-0.111554,0.018960338,0.1421747,0.33038196,-0.41635007,-0.13214925,-0.24576823,0.70319355,-0.02623652,0.40608984,0.421696,-0.13384366,0.33327878,0.35285318,0.60551584,0.1441173,0.31843668,0.30510598,0.13414869,0.06201697,-0.24846771,0.6852274,0.8278215,0.5421343,0.85369784,0.4957869,0.8003638,0.6828804,0.7386304,0.41580433,0.7794262,0.26525941,-0.12375359,0.52076167,0.6830983,0.7000617,0.33611235,0.37855077,0.6317159,0.23732877,0.6824596
0.20590076,0.0011696704,-0.30150902,-0.07518069,0.013005316,-0.31233108,-0.3273776,-0.28269908,-0.5228311,0.023447618,0.1020551,0.022796575,0.07711919,-0.32003516,-0.5019957,0.04202788,0.19417004,-0.446665,-0.28524232,-0.46572125,-0.64466804,0.42533398,-0.1806288,0.37684256,0.070558496,0.09920432,0.7221142,0.30979854,-0.29281953,0.46231365,0.28446323,0.4098118,0.6094557,0.4467405,0.94000447,0.53388035,0.12517315,0.3326156,0.5818043,0.67573345,0.59479034,0.55244654,0.85905516,0.7635193,0.6811501,0.7412813,0.85529625,0.75250494,0.1679016,0.45141762,0.24772495,-0.16615543,-0.053962223,0.03862616,-0.48809588,-0.49268883,-0.4221118,-0.5488529,-0.15200537,-0.37263113,-0.268486,-0.020679697,-0.166113,-0.49139068,-0.5690172,-0.6402241,0.16519111,-0.3209267,-0.2628921,-0.33480784,-0.638682,0.13649586,-0.2765246,0.15538006,-0.3111185,-0.09231689,-0.4631489,-0.1294726,0.42805493,0.33345583,0.041009966,0.4148708,0.75051343,0.554176,0.34387857,0.607673,0.10746055,0.59010017,-0.15878156,0.28113264,0.38207233,0.1614218,0.46741587,0.4439333,0.40864706,0.7575973,0.76305497,0.63506436,-0.12803951,0.4750749
