0,1,2,3,4,5,6,7,8,9,10,11,12,13,14,15,16,17,18,19,20,21,22,23,24,25,26,27,28,29,30,31,32,33,34,35,36,37,38,39,40,41,42,43,44,45,46,47,48,49,50,51,52,53,54,55,56,57,58,59,60,61,62,63,64,65,66,67,68,69,70,71,72,73,74,75,76,77,78,79,80,81,82,83,84,85,86,87,88,89,90,91,92,93,94,95,96,97,98,99
0.7887805,0.5434906,-0.2857452,0.5949325,0.3620396,-0.42212918,0.5006138,0.54161763,0.41470087,0.31071728,0.33124647,0.27043065,0.36557126,0.37370187,0.124633074,0.6463243,0.5064051,0.559643,0.47313887,0.3928242,0.441503,0.4178255,0.3671087,0.5049307,-0.13529219,-0.042603772,0.22575921,-0.003776717,0.5012603,-0.17019841,0.63775957,0.51147854,0.7553306,0.5946437,0.59057325,0.7246492,0.5209199,0.542472,0.6843481,0.51682556,0.75386024,0.4197232,0.5591111,-0.10693267,0.53112674,0.33807603,0.60226727,0.65396893,0.16375497,0.41442138,-0.16399056,-0.42678887,-0.19446908,-0.38963503,-0.34238803,-0.5357446,-0.30763596,0.102420986,-0.76894295,-0.6402343,-0.77494603,-0.7308527,-0.7435684,-0.68006456,-0.6926215,-0.3309914,0.47588617,-0.6668196,-0.26774412,0.2072595,0.041052572,-0.4993083,-0.22865094,-0.7749356,-0.7567775,-0.7491449,0.16041616,-0.40217292,0.581119,-0.49473697,-0.3305832,0.13216811,0.38406858,-0.39099592,-0.26663578,-0.071915716,0.49574685,-0.3806565,0.68783116,-0.23307908,-0.44956887,-0.5788779,-0.554402,-0.60609585,-0.6016879,-0.13803044,0.034512553,0.046276916,0.33479485,0.27656
0.5434906,0.8625452,0.13152333,0.78369194,0.5373379,-0.11744654,0.7124553,0.73613954,0.6210315,0.516883,0.458155,0.48944995,0.44834644,0.45106864,0.31024772,0.80276704,0.56518066,0.71112144,0.544531,0.4438422,0.6169251,0.5264858,0.53652006,0.5948161,-0.0053545246,0.08413784,-0.21557136,-0.18775943,0.5130854,-0.12620169,0.5703968,0.48760343,0.60151815,0.6395348,0.52688354,0.5933104,0.084629446,0.5536833,0.5891963,0.6742394,0.6090872,0.18092526,0.4471774,-0.28595513,0.17843482,-0.14371864,0.505578,0.5918473,0.28862816,0.26815122,-0.14287671,0.03977207,0.03404936,-0.36953288,0.15457216,-0.26897746,0.13224146,0.58060104,-0.44420546,-0.46931314,-0.45529318,-0.5799141,-0.5948852,-0.57051146,-0.56657845,-0.06323612,0.45924097,-0.46774906,-0.11490519,0.3675227,0.16511899,-0.3061667,0.00091588474,-0.4970107,-0.4368051,-0.58123624,0.14524698,-0.18682148,0.554966,-0.53557235,-0.25297403,-0.21620518,-0.06129591,-0.4951141,-0.5086104,-0.21898356,0.14527828,-0.57936645,0.5418953,-0.29720822,-0.44433147,-0.5291787,-0.4878354,-0.70635486,-0.6744948,-0.39761555,-0.37658817,-0.20414957,0.39306217,0.035976686
-0.2857452,0.13152333,0.9057827,-0.0777501,-0.05413992,0.7854836,0.20246565,0.050088942,0.024128167,0.40131453,0.4468425,0.40549067,0.18125054,0.13076025,0.20081379,0.019632623,-0.06482899,-0.10302777,0.08632771,-0.45840847,0.043541618,0.038065888,0.02809627,-0.10495338,0.5575005,0.10347621,-0.68536097,-0.34877998,-0.34723717,0.14854422,-0.06072,0.25776103,-0.20767698,-0.17561036,-0.27540046,-0.45938054,-0.6037688,0.13518399,-0.05104316,0.117172316,-0.24109632,-0.16811714,-0.096665524,0.36695606,-0.46053278,-0.43321764,-0.31155917,-0.42456472,0.48265773,0.03720001,0.10728717,0.49553275,-0.19065301,-0.19673803,0.71179926,0.6190343,0.05134431,0.13368824,0.5534774,0.5074278,0.5396078,0.23846248,0.15946129,0.2350569,0.10438852,0.26350433,-0.40217322,0.1111396,-0.30310234,-0.3612727,-0.3883537,-0.17535198,-0.2347048,0.2644347,0.19995447,0.31277728,-0.5209932,0.11293766,0.013195783,0.11916212,-0.3851723,-0.8131057,-0.71142614,-0.48672757,-0.59718835,-0.68124104,-0.7073419,-0.35332873,-0.53613895,-0.56629115,0.15428397,0.3329651,0.0022482881,-0.095742255,-0.25914702,0.2076149,-0.7751305,-0.78749573,0.2987541,-0.12676027
0.5949325,0.78369194,-0.0777501,0.8838221,0.68660855,-0.36168307,0.7772914,0.83692217,0.74586844,0.5180637,0.32386336,0.5046713,0.5672812,0.5866893,0.46267655,0.8732723,0.7268285,0.8489998,0.6790123,0.607591,0.7608976,0.67437875,0.69359374,0.75443184,-0.2463663,0.15589109,-0.086932845,0.022589512,0.7144997,-0.020485625,0.6779301,0.4430853,0.7178862,0.80335444,0.70345706,0.73518926,0.20567468,0.6262646,0.68083954,0.7702392,0.7154623,0.344491,0.58660054,-0.3977604,0.32826146,-0.02188233,0.699157,0.774081,0.06539503,0.22221726,-0.28506768,-0.12104443,0.033029135,-0.43734002,0.018038657,-0.50877976,0.15541275,0.6057789,-0.58167255,-0.6838969,-0.5521235,-0.5666343,-0.55733895,-0.5459019,-0.5171796,0.06910205,0.50420755,-0.40164036,0.038547527,0.54382145,0.30475622,-0.18249577,0.15315536,-0.54787534,-0.4624341,-0.722139,0.37540102,-0.042569604,0.66073155,-0.6773974,-0.083894394,-0.05666527,0.14535475,-0.36975676,-0.39250466,-0.01974051,0.33213955,-0.45286447,0.6931008,-0.1320686,-0.54860556,-0.6712047,-0.5606586,-0.65302193,-0.60345745,-0.50476366,-0.19374812,0.000110939494,0.20211253,-0.04501103
0.3620396,0.5373379,-0.05413992,0.68660855,0.8610719,-0.35533082,0.7324847,0.8042207,0.8058332,0.5405724,0.1431219,0.56582856,0.68813443,0.7286818,0.71627295,0.7318746,0.82662165,0.83281493,0.7615851,0.5951278,0.8385188,0.8023089,0.8396362,0.8316879,-0.37603286,0.4255391,-0.05583389,0.40633267,0.8041985,0.38400817,0.6724287,0.27286208,0.6192613,0.8336221,0.7781681,0.63495076,0.1655484,0.6266775,0.6264316,0.7702006,0.5810081,0.52712333,0.6750069,-0.37465975,0.39951828,0.010008832,0.7779144,0.750493,-0.26070482,-0.013487793,-0.5091884,-0.11221079,-0.027264565,-0.47063348,0.18313701,-0.5561341,0.26076904,0.5773631,-0.41581726,-0.6852608,-0.3287469,-0.26965436,-0.22678292,-0.24208666,-0.20083848,0.45387104,0.2013142,-0.06512806,0.27537012,0.6412918,0.37478805,0.123126954,0.38872123,-0.3519824,-0.23743686,-0.6090958,0.59584486,0.3884954,0.68295324,-0.72830385,0.19585061,-0.05804328,0.26753846,-0.16635379,-0.23211679,0.14907157,0.3019548,-0.081128895,0.60048676,0.0653659,-0.57867384,-0.6474482,-0.51705784,-0.32343704,-0.3219322,-0.47470474,-0.077628165,0.12934867,-0.17877814,-0.335289
-0.42212918,-0.11744654,0.7854836,-0.36168307,-0.35533082,0.88780934,-0.14858636,-0.30489844,-0.276241,0.064401984,0.24975812,0.07853613,-0.13049895,-0.19701524,-0.09676881,-0.31731427,-0.39553228,-0.4374134,-0.2426753,-0.6142524,-0.30879006,-0.3031069,-0.32001078,-0.43990886,0.5624447,-0.06870031,-0.5155324,-0.39327732,-0.6083517,0.029728675,-0.37441757,0.06029934,-0.4647102,-0.4949962,-0.5565627,-0.6703851,-0.5595945,-0.18381853,-0.34775585,-0.2480348,-0.46164125,-0.3282677,-0.3691792,0.47424465,-0.5423571,-0.3313769,-0.5806207,-0.67559457,0.4747319,0.028279211,0.34382558,0.5419431,-0.09667846,0.07781994,0.56977403,0.7941073,0.0022363649,-0.080071196,0.6610019,0.70831716,0.62764174,0.38209987,0.30555984,0.36181688,0.22901705,0.09828074,-0.43158305,0.20736405,-0.29984885,-0.52900743,-0.43628848,-0.1377378,-0.3126221,0.42683733,0.3221073,0.53893673,-0.64798963,-0.0042080777,-0.29314536,0.42532283,-0.34121105,-0.6047644,-0.66463554,-0.26714748,-0.33918148,-0.57823795,-0.6883873,-0.18872231,-0.7159752,-0.4440865,0.42465103,0.5877508,0.26648134,0.1443522,-0.014974784,0.38433447,-0.56428134,-0.66546357,0.27934974,0.0129668955
0.5006138,0.7124553,0.20246565,0.7772914,0.7324847,-0.14858636,0.9588171,0.9225661,0.78492814,0.83753836,0.56776214,0.8361062,0.8559531,0.84822226,0.7320882,0.9081102,0.8622774,0.8481014,0.8898978,0.34407455,0.878597,0.8668605,0.8424748,0.8427886,-0.024643127,0.33597788,-0.38214135,0.05876977,0.6429857,0.20392251,0.8345641,0.6649606,0.7652911,0.83943737,0.73588246,0.5820378,0.04421377,0.8775527,0.8291186,0.94631064,0.7041471,0.51725674,0.760077,-0.11874187,0.31756055,-0.08173951,0.7147869,0.65975916,0.1374198,0.24814641,-0.4565384,-0.16988629,-0.31627786,-0.73276985,0.22416678,-0.4381466,-0.018300854,0.4809252,-0.3929401,-0.5642545,-0.34175515,-0.44119453,-0.4870842,-0.39639202,-0.47196108,0.3158743,0.15716362,-0.3525177,-0.15114804,0.33368954,0.0146277,-0.29137528,0.0022106366,-0.5570912,-0.48414207,-0.69833106,0.2154673,0.12290287,0.8628026,-0.77492094,-0.262785,-0.44809917,-0.013211953,-0.64020777,-0.6909983,-0.32830012,0.083831295,-0.5142184,0.4985985,-0.40980494,-0.6424537,-0.6112505,-0.74403644,-0.6479763,-0.74039423,-0.28240782,-0.4804821,-0.32549107,0.20863506,-0.16460924
0.54161763,0.73613954,0.050088942,0.83692217,0.8042207,-0.30489844,0.9225661,0.95930976,0.82263494,0.75580746,0.45317623,0.7559132,0.8085732,0.8196238,0.7147933,0.92565644,0.90893793,0.92844796,0.87382334,0.5201903,0.9151776,0.8898226,0.8915434,0.9119451,-0.154923,0.39740536,-0.22951204,0.1763235,0.77642417,0.23032692,0.8342376,0.5549679,0.7802489,0.91532123,0.82181466,0.6953561,0.13408214,0.82606804,0.81704414,0.9351717,0.72244966,0.5367969,0.7710326,-0.2947067,0.40856075,-0.075118914,0.7977475,0.77752376,-0.015393498,0.13922903,-0.5145089,-0.2008045,-0.2005737,-0.6595793,0.13780004,-0.56045085,0.079114124,0.538152,-0.4993378,-0.68911326,-0.43599316,-0.49814123,-0.5018923,-0.4607763,-0.4742757,0.29862267,0.23336792,-0.34523684,0.0014978363,0.5071688,0.18478772,-0.17407683,0.1525305,-0.5665071,-0.47444642,-0.73610765,0.4021572,0.17457546,0.844877,-0.8347224,-0.10070899,-0.2785304,0.12513551,-0.4881418,-0.5295663,-0.12929258,0.20154293,-0.40286782,0.6304202,-0.22939837,-0.7148968,-0.7328639,-0.72228897,-0.6297935,-0.6501131,-0.42952418,-0.3295068,-0.124931045,0.0784639,-0.24674495
0.41470087,0.6210315,0.024128167,0.74586844,0.8058332,-0.276241,0.78492814,0.82263494,0.8511805,0.56520486,0.21233469,0.5795078,0.70060134,0.7389284,0.69776344,0.7778108,0.79935753,0.83419883,0.78463805,0.55664605,0.8442211,0.7721652,0.8096986,0.78943217,-0.33971977,0.277536,-0.15326795,0.22126657,0.7389012,0.26508674,0.6852725,0.36395365,0.6454698,0.8135754,0.7269696,0.62240267,0.116285816,0.65595704,0.65552187,0.79636467,0.6399932,0.48605868,0.65666115,-0.31813604,0.30304798,0.027810171,0.74164677,0.7382176,-0.08555477,0.14254329,-0.36056218,-0.029426888,-0.029430466,-0.44653806,0.23547256,-0.46503222,0.24634886,0.6280621,-0.4044121,-0.6569526,-0.33296883,-0.2890647,-0.28065974,-0.24443343,-0.22466388,0.4069429,0.29070204,-0.10440394,0.18728228,0.57806647,0.34695485,0.011474858,0.30527008,-0.37310308,-0.2775297,-0.6499908,0.46665904,0.26559633,0.6840473,-0.6713089,0.054524533,-0.14427991,0.14245987,-0.2864807,-0.36911908,0.012807678,0.26123536,-0.25458765,0.5646776,-0.062397487,-0.506039,-0.5773131,-0.52568495,-0.40088177,-0.4324056,-0.44416195,-0.18006796,0.008187437,-0.0037974915,-0.1972034
0.31071728,0.516883,0.40131453,0.5180637,0.5405724,0.064401984,0.83753836,0.75580746,0.56520486,0.9599967,0.73205256,0.94620806,0.83750314,0.7912475,0.6894802,0.7189033,0.73439455,0.6289362,0.7895085,0.03969913,0.71398985,0.7898186,0.7237675,0.6979972,0.2721802,0.4893847,-0.48750645,0.0757615,0.4141348,0.32339025,0.76003414,0.7072519,0.6138764,0.6432018,0.5757859,0.33210987,-0.081369445,0.86838627,0.7540356,0.831144,0.49863657,0.48265186,0.6965063,0.12510745,0.27044517,-0.18974158,0.52470136,0.38333803,0.17978036,0.13665858,-0.5130606,-0.1817833,-0.55456245,-0.8389461,0.29238436,-0.2733611,-0.18393862,0.20991144,-0.1911438,-0.29838914,-0.12545641,-0.34069732,-0.4125674,-0.30691645,-0.44529456,0.3243636,-0.20799148,-0.3429898,-0.3319057,0.052404158,-0.28186557,-0.3631733,-0.17839852,-0.4866262,-0.44268864,-0.48329556,0.00011031795,0.17664582,0.8148696,-0.6933008,-0.38328505,-0.6816138,-0.14462142,-0.7416846,-0.76786304,-0.5221187,-0.17985526,-0.43158042,0.23941879,-0.5691466,-0.6253803,-0.46446812,-0.7418215,-0.56218934,-0.71990657,-0.037882444,-0.64766943,-0.5367608,0.17737004,-0.26952243
0.33124647,0.458155,0.4468425,0.32386336,0.1431219,0.24975812,0.56776214,0.45317623,0.21233469,0.73205256,0.89828664,0.6815183,0.49162334,0.41834798,0.2292634,0.5086495,0.37115052,0.3096214,0.4446146,-0.2392573,0.3266638,0.40479577,0.30525535,0.33622953,0.601491,0.20110056,-0.40909922,-0.23461212,0.043585457,-0.0140282735,0.5424691,0.7529759,0.4718268,0.31676582,0.26992422,0.16785643,-0.02288915,0.6481354,0.585917,0.5273576,0.36283192,0.24668062,0.43060946,0.35226807,0.18638164,-0.14992948,0.19833905,0.09855747,0.5049628,0.2782462,-0.23661405,-0.16584104,-0.5816727,-0.6699658,0.16011094,-0.029087894,-0.45120203,-0.06506946,-0.14905736,-0.059220172,-0.1707676,-0.4850517,-0.5841472,-0.46632808,-0.6394671,-0.1449506,-0.17805643,-0.61399436,-0.68226147,-0.31575543,-0.57133174,-0.6902447,-0.5778572,-0.53031063,-0.58244246,-0.3326105,-0.39802748,-0.26785186,0.5675905,-0.40210772,-0.70839894,-0.6633363,-0.23518983,-0.84660685,-0.7662165,-0.72947216,-0.23473294,-0.5620235,0.091501005,-0.7871798,-0.43155086,-0.25127965,-0.59117603,-0.6258639,-0.7932683,0.24199224,-0.66840357,-0.68784773,0.50212175,0.041659445
0.27043065,0.48944995,0.40549067,0.5046713,0.56582856,0.07853613,0.8361062,0.7559132,0.5795078,0.94620806,0.6815183,0.9583208,0.8526723,0.81517565,0.7393831,0.70315766,0.74372333,0.6364879,0.80235535,0.051771373,0.7371605,0.8060515,0.753191,0.70510054,0.24826075,0.5033382,-0.509276,0.11157833,0.42561033,0.37572694,0.7458075,0.66561115,0.5868238,0.6480886,0.57323813,0.30547875,-0.117522016,0.85465103,0.7305635,0.83302265,0.46673292,0.4816963,0.6891942,0.10147825,0.24873558,-0.21110596,0.5264115,0.382551,0.13278514,0.08868091,-0.52939636,-0.14882255,-0.53240854,-0.8224275,0.34807348,-0.2615133,-0.12537071,0.24344996,-0.1355885,-0.2878905,-0.07551603,-0.27730596,-0.34105933,-0.23911151,-0.36774433,0.40947065,-0.23926443,-0.26803428,-0.2702816,0.092278704,-0.23961383,-0.29136175,-0.107682735,-0.42470372,-0.3825217,-0.4503877,0.03919632,0.25515503,0.80069155,-0.6917455,-0.3239919,-0.68763894,-0.15532327,-0.6961907,-0.7457179,-0.48710006,-0.19176584,-0.38992488,0.21802066,-0.52865666,-0.6158353,-0.4448075,-0.71160245,-0.5120659,-0.66935813,-0.058715656,-0.6360699,-0.5133174,0.11971537,-0.32203043
0.36557126,0.44834644,0.18125054,0.5672812,0.68813443,-0.13049895,0.8559531,0.8085732,0.70060134,0.83750314,0.49162334,0.8526723,0.95087963,0.93749255,0.8438357,0.7434475,0.8576214,0.7271271,0.92541385,0.19579044,0.8384378,0.89133954,0.8396784,0.7998033,-0.039130755,0.4369766,-0.33961555,0.2595039,0.5820483,0.41789597,0.8289472,0.6253551,0.71076083,0.7732859,0.71710074,0.45829576,0.06728404,0.8957281,0.81690705,0.89018655,0.62274075,0.6598917,0.81716466,0.043619476,0.3765394,0.03413764,0.7070154,0.5610429,-0.0071248338,0.18031189,-0.55676556,-0.2868473,-0.50928324,-0.8072232,0.21789005,-0.4482839,-0.13601172,0.26680243,-0.29301596,-0.50381356,-0.21260868,-0.269283,-0.31237966,-0.20175563,-0.301605,0.48563525,-0.09630778,-0.2106803,-0.14809975,0.22157383,-0.090799786,-0.21898696,-0.0031525837,-0.48916322,-0.4295931,-0.62037355,0.2203351,0.3005145,0.8762451,-0.7465949,-0.21213636,-0.46475473,0.07946232,-0.57074,-0.6158409,-0.30719697,0.05337601,-0.29825807,0.3682527,-0.3803962,-0.6138457,-0.514621,-0.7371942,-0.43168724,-0.59514606,-0.102338165,-0.39905566,-0.29958293,0.026778394,-0.2468172
0.37370187,0.45106864,0.13076025,0.5866893,0.7286818,-0.19701524,0.84822226,0.8196238,0.7389284,0.7912475,0.41834798,0.81517565,0.93749255,0.95204735,0.865903,0.75055784,0.88378346,0.7599416,0.93294764,0.27394968,0.86492956,0.90895057,0.8689439,0.8303218,-0.13398415,0.4522926,-0.28479636,0.3176715,0.6455585,0.43525836,0.8180237,0.5622939,0.7137023,0.8049112,0.75079644,0.4926306,0.09306757,0.8712778,0.7961339,0.8886942,0.6267903,0.66737705,0.81895816,-0.031471018,0.3988819,0.04721508,0.7436786,0.6098945,-0.08538242,0.13919738,-0.5591077,-0.2863078,-0.44107458,-0.76707023,0.19511767,-0.49994344,-0.067729786,0.3128128,-0.3263046,-0.5571358,-0.23046379,-0.24731009,-0.28477043,-0.18984291,-0.2767597,0.5201154,-0.060616422,-0.16312274,-0.05646482,0.3097415,-0.0011415841,-0.14632842,0.082442954,-0.47118205,-0.39178485,-0.63501054,0.31208485,0.34816337,0.86611456,-0.75990945,-0.119706616,-0.38761973,0.12766835,-0.49015415,-0.5402823,-0.21287534,0.109145574,-0.24525055,0.41429344,-0.28812122,-0.6198699,-0.54257107,-0.7160743,-0.39563403,-0.53976417,-0.17558838,-0.324625,-0.21009928,-0.042145263,-0.28086984
0.124633074,0.31024772,0.20081379,0.46267655,0.71627295,-0.09676881,0.7320882,0.7147933,0.69776344,0.6894802,0.2292634,0.7393831,0.8438357,0.865903,0.94242287,0.58848554,0.7863959,0.67144775,0.82867193,0.2800768,0.81624776,0.8368689,0.8461828,0.7445252,-0.20420653,0.51294106,-0.35407525,0.37969288,0.59446305,0.5706721,0.6251862,0.33579966,0.47470462,0.6889925,0.61883163,0.3128069,-0.11812642,0.6960161,0.5801272,0.76907426,0.39716303,0.53378874,0.65597796,-0.12720576,0.21119912,-0.11365933,0.61612356,0.4844864,-0.23303676,-0.0672538,-0.53521174,-0.0705856,-0.2719983,-0.6039779,0.36587805,-0.3565469,0.18359914,0.41302788,-0.089353874,-0.42120546,0.024522,0.019085629,0.008062052,0.07289508,0.022725226,0.7536884,-0.17330244,0.13915007,0.18006347,0.3967279,0.1465096,0.14370751,0.3193526,-0.1711014,-0.0804659,-0.41183743,0.39923042,0.6076994,0.690469,-0.64498556,0.11370641,-0.3981238,0.012190791,-0.29271492,-0.41384172,-0.09090638,-0.038737085,-0.077643916,0.24765481,-0.10741,-0.48157734,-0.410038,-0.5082553,-0.18287753,-0.3001162,-0.27115297,-0.3136418,-0.14432329,-0.24526778,-0.46834254
0.6463243,0.80276704,0.019632623,0.8732723,0.7318746,-0.31731427,0.9081102,0.92565644,0.7778108,0.7189033,0.5086495,0.70315766,0.7434475,0.75055784,0.58848554,0.9645654,0.84171546,0.89837104,0.8264741,0.5013263,0.8478349,0.8093128,0.79271924,0.84384906,-0.116111055,0.25225392,-0.1989842,0.040272735,0.71632606,0.06112796,0.83823675,0.62972724,0.83197427,0.88003737,0.7869677,0.74165785,0.20255022,0.82156384,0.8431871,0.90459394,0.79763925,0.49297017,0.7456441,-0.25525033,0.41135716,-0.011155954,0.76849246,0.77963054,0.123037934,0.28511363,-0.40460938,-0.22662842,-0.21304998,-0.64150566,0.041929487,-0.54600036,-0.0063563203,0.5088192,-0.5826025,-0.69444203,-0.54617333,-0.6150024,-0.63466156,-0.5769145,-0.6018281,0.11874499,0.365372,-0.48897657,-0.1177653,0.43551087,0.13309139,-0.3189237,0.019796748,-0.6684069,-0.59581816,-0.799449,0.29560792,-0.028593373,0.8341671,-0.7928271,-0.23519662,-0.2470848,0.12245831,-0.5674027,-0.57731014,-0.196531,0.25832334,-0.53116286,0.6734155,-0.31603783,-0.67669845,-0.71622825,-0.7400719,-0.73974836,-0.75789464,-0.38149902,-0.34204826,-0.16335386,0.25295323,-0.0703771
0.5064051,0.56518066,-0.06482899,0.7268285,0.82662165,-0.39553228,0.8622774,0.90893793,0.79935753,0.73439455,0.37115052,0.74372333,0.8576214,0.88378346,0.7863959,0.84171546,0.9696968,0.9005184,0.90884054,0.5127144,0.9166266,0.9515438,0.93327296,0.9537287,-0.23269129,0.51207757,-0.09300102,0.39986512,0.824586,0.41051024,0.87765425,0.50547487,0.79740906,0.9390936,0.90044916,0.70417297,0.22311303,0.85151863,0.8443965,0.9200232,0.71583045,0.68746096,0.86561453,-0.25749555,0.5532326,0.0508978,0.8813944,0.80405813,-0.19655386,0.06272708,-0.6386123,-0.3571499,-0.32068765,-0.72198504,0.06237124,-0.67586744,0.0053205034,0.3991242,-0.52533454,-0.7416785,-0.43765187,-0.43537325,-0.4272264,-0.38925454,-0.3989353,0.38742352,0.11238428,-0.277471,0.04960873,0.5106134,0.18043326,-0.090766154,0.19471957,-0.57987624,-0.47755858,-0.7435476,0.5080662,0.30338734,0.8851311,-0.87764347,-0.008200747,-0.19954784,0.29730475,-0.38699728,-0.41171277,-0.021024216,0.27554333,-0.19765934,0.6471106,-0.13368532,-0.7656362,-0.7506669,-0.7477081,-0.4898348,-0.52813673,-0.36500973,-0.19471931,-0.005395351,-0.09554608,-0.32038358
0.559643,0.71112144,-0.10302777,0.8489998,0.83281493,-0.4374134,0.8481014,0.92844796,0.83419883,0.6289362,0.3096214,0.6364879,0.7271271,0.7599416,0.67144775,0.89837104,0.9005184,0.9605558,0.8236855,0.66845036,0.90292597,0.85792935,0.8806224,0.9219521,-0.3055583,0.38777393,-0.07225926,0.26695442,0.86765754,0.23585905,0.8040799,0.44094157,0.7679366,0.9389906,0.86273104,0.7817192,0.21069059,0.74531204,0.7736938,0.8817278,0.73319733,0.5321679,0.75254834,-0.43771273,0.46453717,-0.026191413,0.8488384,0.8640739,-0.14314386,0.08172848,-0.51246214,-0.22816063,-0.08153264,-0.5642425,0.05073873,-0.6501305,0.16365935,0.58190393,-0.5826108,-0.7843343,-0.5171252,-0.5100305,-0.48383647,-0.47822887,-0.4425522,0.27600273,0.34151444,-0.3057012,0.14498046,0.63928735,0.35441947,-0.058311738,0.27726647,-0.557978,-0.43776155,-0.76120067,0.5571681,0.19894284,0.7942852,-0.83057964,0.046962924,-0.095137246,0.2562486,-0.3293447,-0.36547384,0.055064753,0.32660806,-0.2973978,0.73660934,-0.052558172,-0.711334,-0.78858286,-0.66258454,-0.57636267,-0.5403416,-0.5471711,-0.17223889,0.062676504,-0.01516998,-0.25940007
0.47313887,0.544531,0.08632771,0.6790123,0.7615851,-0.2426753,0.8898978,0.87382334,0.78463805,0.7895085,0.4446146,0.80235535,0.92541385,0.93294764,0.82867193,0.8264741,0.90884054,0.8236855,0.9544178,0.3452067,0.89429915,0.9197754,0.88324046,0.86837685,-0.15700267,0.40124756,-0.25524238,0.26855427,0.69402504,0.35670304,0.8611518,0.5993972,0.7803739,0.85990417,0.7994611,0.5879867,0.14913434,0.8902916,0.8465515,0.9267717,0.7108965,0.6686152,0.84280217,-0.08566877,0.43197995,0.07128546,0.7951864,0.68928504,-0.03606291,0.20333944,-0.5340759,-0.30046505,-0.4010978,-0.76290953,0.15484822,-0.54292876,-0.06942227,0.3670257,-0.41849107,-0.6329286,-0.33824196,-0.3480826,-0.38296208,-0.2931859,-0.36426172,0.43558443,0.06264309,-0.2543396,-0.078889266,0.35603133,0.031960353,-0.1984348,0.06597577,-0.54827267,-0.46924114,-0.71931326,0.32742637,0.25657734,0.89216256,-0.7962816,-0.15703824,-0.34512925,0.15536952,-0.52328485,-0.5614521,-0.20868033,0.17666331,-0.31886703,0.5086015,-0.30147982,-0.65004444,-0.60458297,-0.7484715,-0.48827624,-0.6067051,-0.22614622,-0.31401062,-0.1938417,0.034508448,-0.21345001
0.3928242,0.4438422,-0.45840847,0.607591,0.5951278,-0.6142524,0.34407455,0.5201903,0.55664605,0.03969913,-0.2392573,0.051771373,0.19579044,0.27394968,0.2800768,0.5013263,0.5127144,0.66845036,0.3452067,0.9433556,0.54145074,0.4282449,0.52956444,0.5867455,-0.6011194,0.20598146,0.31662297,0.3346765,0.8043313,0.11170446,0.3547234,-0.12741815,0.39650518,0.6298933,0.6069527,0.71017206,0.25706106,0.18675654,0.3049886,0.3950016,0.41839427,0.21644871,0.33459038,-0.8048612,0.35168803,-0.02682861,0.6154345,0.77578753,-0.43657345,-0.1870212,-0.27602932,-0.090502575,0.42612123,-0.0036399048,-0.15327081,-0.5971476,0.48560715,0.5835495,-0.556369,-0.7316428,-0.5135666,-0.35001713,-0.22979127,-0.3571692,-0.16077778,0.12297323,0.53808904,-0.048994005,0.58296835,0.87933874,0.7922568,0.35198265,0.63776565,-0.23617193,-0.10315315,-0.49022233,0.814331,0.21470055,0.29802018,-0.49760026,0.5065423,0.43160987,0.41502655,0.26741385,0.23290424,0.5928304,0.4945235,0.063503966,0.74939823,0.50135887,-0.4289379,-0.6425447,-0.19379634,-0.2506198,-0.022687746,-0.795673,0.29754406,0.5839248,-0.280765,-0.2617669
0.441503,0.6169251,0.043541618,0.7608976,0.8385188,-0.30879006,0.878597,0.9151776,0.8442211,0.71398985,0.3266638,0.7371605,0.8384378,0.86492956,0.81624776,0.8478349,0.9166266,0.90292597,0.89429915,0.54145074,0.9462075,0.91272056,0.92721117,0.90943575,-0.2703734,0.44711345,-0.21578196,0.29530734,0.8019169,0.37071854,0.79887056,0.4641207,0.71498823,0.9013057,0.8189553,0.6429355,0.085766464,0.79489887,0.76382965,0.9088855,0.6669297,0.57414675,0.7712692,-0.32082158,0.3915873,-0.06084684,0.8087471,0.76358294,-0.14471415,0.0694938,-0.5352082,-0.1664931,-0.18076895,-0.6401241,0.18793815,-0.5607965,0.16877764,0.55778486,-0.424416,-0.6897378,-0.34138665,-0.3439712,-0.33807582,-0.30158812,-0.3121236,0.4700488,0.16770184,-0.16666238,0.13130383,0.5706764,0.25967184,-0.015262568,0.2769602,-0.45893767,-0.35097247,-0.6889701,0.49452883,0.34595585,0.8169825,-0.8133594,0.030149367,-0.25294822,0.14849584,-0.3839273,-0.45282218,-0.043007456,0.19022842,-0.27000895,0.58456314,-0.11987865,-0.65907025,-0.67534244,-0.658895,-0.48485368,-0.51699924,-0.45517755,-0.27249342,-0.059558026,-0.062112145,-0.32897627
0.4178255,0.5264858,0.038065888,0.67437875,0.8023089,-0.3031069,0.8668605,0.8898226,0.7721652,0.7898186,0.40479577,0.8060515,0.89133954,0.90895057,0.8368689,0.8093128,0.9515438,0.85792935,0.9197754,0.4282449,0.91272056,0.9674146,0.9401028,0.9316485,-0.15531172,0.5608138,-0.18960151,0.3944468,0.7724421,0.46514815,0.86004764,0.5225071,0.7388766,0.8956567,0.847409,0.6095316,0.13448457,0.8629811,0.81914437,0.91848546,0.644603,0.67097735,0.8454371,-0.19628403,0.49042368,-0.02581784,0.8217249,0.7164421,-0.18740764,0.017362205,-0.6663189,-0.30878973,-0.36686566,-0.75704104,0.15072633,-0.6033252,0.00877071,0.37603086,-0.4193985,-0.65304303,-0.32675636,-0.36473304,-0.3630998,-0.31478107,-0.3460461,0.46381876,-0.012157227,-0.22197375,0.035245344,0.4510206,0.12034668,-0.08232261,0.18273872,-0.517815,-0.41685718,-0.66872966,0.45373905,0.3731457,0.88345766,-0.8583014,-0.018578203,-0.3086483,0.21116278,-0.41987935,-0.460474,-0.08962639,0.16154097,-0.19427122,0.5459378,-0.18003765,-0.75137115,-0.70011085,-0.7408172,-0.4593417,-0.52516544,-0.3192117,-0.2781487,-0.091878444,-0.119985595,-0.39031655
0.3671087,0.53652006,0.02809627,0.69359374,0.8396362,-0.32001078,0.8424748,0.8915434,0.8096986,0.7237675,0.30525535,0.753191,0.8396784,0.8689439,0.8461828,0.79271924,0.93327296,0.8806224,0.88324046,0.52956444,0.92721117,0.9401028,0.9649031,0.93019485,-0.24406251,0.57240385,-0.18553835,0.4135061,0.81398094,0.48088145,0.78259885,0.40655845,0.66925585,0.89327693,0.8290767,0.60389984,0.06714385,0.78318226,0.73552084,0.88986206,0.588965,0.58930516,0.77588654,-0.33401686,0.42415744,-0.11187049,0.8032673,0.73355454,-0.26274097,-0.071495295,-0.6415591,-0.2009353,-0.2123268,-0.6560506,0.1945468,-0.583378,0.18030028,0.49918446,-0.37931624,-0.6578299,-0.28137714,-0.29929996,-0.27956316,-0.2585541,-0.261577,0.5336423,0.04306697,-0.116065726,0.18826643,0.57607675,0.27146485,0.0627791,0.33339223,-0.4123913,-0.29487172,-0.6178659,0.5532583,0.45730793,0.8123448,-0.8374692,0.11857353,-0.25216785,0.18204048,-0.31042898,-0.3826974,0.018787762,0.1503785,-0.14961639,0.5523402,-0.054492317,-0.71339065,-0.6995282,-0.651492,-0.41417146,-0.43781054,-0.46154124,-0.2504776,-0.010508746,-0.19667949,-0.46591058
0.5049307,0.5948161,-0.10495338,0.75443184,0.8316879,-0.43990886,0.8427886,0.9119451,0.78943217,0.6979972,0.33622953,0.70510054,0.7998033,0.8303218,0.7445252,0.84384906,0.9537287,0.9219521,0.86837685,0.5867455,0.90943575,0.9316485,0.93019485,0.96828187,-0.25222725,0.5328259,-0.05202562,0.41089812,0.860687,0.390766,0.8517971,0.4484784,0.7696911,0.94665813,0.9031912,0.73435694,0.22458118,0.8051189,0.80821127,0.8947987,0.69021314,0.6329215,0.82774293,-0.35537982,0.5549703,-0.009772636,0.8772212,0.8286079,-0.24388212,-0.0076058037,-0.6542176,-0.32867593,-0.23845984,-0.6699391,0.042485144,-0.6955504,0.081669495,0.4446827,-0.54564416,-0.758169,-0.4600637,-0.46793526,-0.4398523,-0.43278533,-0.41013452,0.3536761,0.14714968,-0.27945694,0.12006351,0.5853773,0.2596023,-0.03900564,0.26144662,-0.56640136,-0.4503537,-0.7282344,0.5681071,0.30957758,0.84901536,-0.8886786,0.060550258,-0.14861023,0.3023578,-0.32773897,-0.35209024,0.052459672,0.2885469,-0.17151856,0.69111353,-0.0630582,-0.79303586,-0.79965127,-0.7227754,-0.5103792,-0.4994141,-0.45548528,-0.1671404,0.061342992,-0.132179,-0.3685588
-0.13529219,-0.0053545246,0.5575005,-0.2463663,-0.37603286,0.5624447,-0.024643127,-0.154923,-0.33971977,0.2721802,0.601491,0.24826075,-0.039130755,-0.13398415,-0.20420653,-0.116111055,-0.23269129,-0.3055583,-0.15700267,-0.6011194,-0.2703734,-0.15531172,-0.24406251,-0.25222725,0.88189626,0.12154037,-0.34725446,-0.3345868,-0.49494207,-0.05064819,-0.076176986,0.34521323,-0.16477832,-0.31897765,-0.32490498,-0.40914553,-0.28879535,0.075798094,-0.034664273,-0.08867535,-0.26483962,-0.19447643,-0.14331609,0.47480297,-0.16926324,-0.31344342,-0.40774328,-0.5108939,0.47267938,0.008585906,0.04624887,0.08493638,-0.4082771,-0.24733678,0.19770911,0.43370724,-0.3778705,-0.34281301,0.29348618,0.53789806,0.26849666,-0.10150926,-0.18308884,-0.12437852,-0.28085768,-0.25790894,-0.45672452,-0.31118447,-0.62506545,-0.63025546,-0.68181646,-0.47575063,-0.6013857,-0.048266776,-0.13339283,0.2829017,-0.6633725,-0.24671878,-0.036301285,0.14255479,-0.57084215,-0.60783744,-0.47235772,-0.5126669,-0.4369655,-0.6661364,-0.5644101,-0.26614794,-0.4304386,-0.6140138,0.014489548,0.23110366,-0.07932782,-0.21979243,-0.32408515,0.42655072,-0.57541144,-0.67379427,0.37083566,0.015549257
-0.042603772,0.08413784,0.10347621,0.15589109,0.4255391,-0.06870031,0.33597788,0.39740536,0.277536,0.4893847,0.20110056,0.5033382,0.4369766,0.4522926,0.51294106,0.25225392,0.51207757,0.38777393,0.40124756,0.20598146,0.44711345,0.5608138,0.57240385,0.5328259,0.12154037,0.89553195,0.010310292,0.60822374,0.44081435,0.69886,0.39565966,0.10943718,0.18005916,0.42079973,0.46948105,0.17123134,-0.055424146,0.39703453,0.32195702,0.4024876,0.0052471776,0.37981808,0.4397956,-0.19020315,0.41079032,-0.29478526,0.38569734,0.24825664,-0.47917622,-0.5818697,-0.6848639,-0.15210506,-0.28114462,-0.45952892,0.23602664,-0.3179473,0.11009216,0.065488435,-0.043599114,-0.20338815,0.03947798,-0.1011311,-0.027177978,-0.102909826,-0.07058522,0.4152409,-0.5050883,0.028478,0.20113942,0.3063437,0.06804711,0.24094734,0.29995942,-0.111677125,-0.03486283,-0.068585485,0.43267018,0.6085496,0.42032778,-0.5193021,0.27997652,-0.25476435,0.16907704,-0.02376683,-0.035848275,0.124802485,-0.14751488,0.313099,0.18107441,0.1013467,-0.61625373,-0.44906348,-0.33655706,-0.0605329,-0.028994447,-0.21574914,-0.15785715,0.06028106,-0.5216018,-0.7716769
0.22575921,-0.21557136,-0.68536097,-0.086932845,-0.05583389,-0.5155324,-0.38214135,-0.22951204,-0.15326795,-0.48750645,-0.40909922,-0.509276,-0.33961555,-0.28479636,-0.35407525,-0.1989842,-0.09300102,-0.07225926,-0.25524238,0.31662297,-0.21578196,-0.18960151,-0.18553835,-0.05202562,-0.34725446,0.010310292,0.8881363,0.4456998,0.20027357,-0.0028339075,-0.05410878,-0.30774736,0.064946584,0.006712574,0.15999821,0.32051343,0.637491,-0.2667956,-0.06988459,-0.28900793,0.07445724,0.18601772,0.017008005,-0.23549432,0.5148972,0.43995634,0.17186867,0.2440649,-0.4370122,-0.14188957,-0.06651243,-0.38955182,0.13480432,0.2669988,-0.5070379,-0.41100937,-0.13323224,-0.255293,-0.48255646,-0.32228035,-0.47938937,-0.23775181,-0.13663466,-0.2453382,-0.09702336,-0.37228787,0.21385437,-0.14348376,0.21804586,0.21672197,0.27765483,0.1387487,0.14385802,-0.2098244,-0.1738641,-0.12969051,0.42049697,-0.121253416,-0.1420723,0.031426765,0.33578122,0.7695129,0.73641634,0.52947676,0.68867326,0.62901145,0.6123122,0.50998914,0.4117505,0.52511334,-0.08549073,-0.20164672,0.12336936,0.20621827,0.36400756,-0.04415322,0.7553634,0.7357997,-0.29405743,0.09992919
-0.003776717,-0.18775943,-0.34877998,0.022589512,0.40633267,-0.39327732,0.05876977,0.1763235,0.22126657,0.0757615,-0.23461212,0.11157833,0.2595039,0.3176715,0.37969288,0.040272735,0.39986512,0.26695442,0.26855427,0.3346765,0.29530734,0.3944468,0.4135061,0.41089812,-0.3345868,0.60822374,0.4456998,0.9204472,0.503669,0.673012,0.28843257,-0.16485591,0.18592376,0.358695,0.4924571,0.2861998,0.3288014,0.17828333,0.20970845,0.17805418,0.091162845,0.53480583,0.41969532,-0.20824172,0.58027303,0.21268335,0.48035687,0.3673746,-0.7373792,-0.43248564,-0.5738553,-0.34206674,-0.16556966,-0.20009938,-0.049361914,-0.52342063,0.05454701,-0.052577708,-0.24291688,-0.3964467,-0.12927893,0.022456594,0.12914774,0.045772318,0.14419201,0.37215352,-0.2864198,0.19276023,0.40797266,0.40266266,0.2756998,0.41144568,0.43275118,-0.09600067,-0.000659907,-0.15379143,0.6662497,0.58333564,0.26468563,-0.3716423,0.51458627,0.27450612,0.6083592,0.36640626,0.39429092,0.5117519,0.3114499,0.65969837,0.32373017,0.46053475,-0.4229725,-0.390527,-0.17231989,0.28116062,0.3277768,-0.14404511,0.41246647,0.5187633,-0.7096423,-0.50026965
0.5012603,0.5130854,-0.34723717,0.7144997,0.8041985,-0.6083517,0.6429857,0.77642417,0.7389012,0.4141348,0.043585457,0.42561033,0.5820483,0.6455585,0.59446305,0.71632606,0.824586,0.86765754,0.69402504,0.8043313,0.8019169,0.7724421,0.81398094,0.860687,-0.49494207,0.44081435,0.20027357,0.503669,0.9467948,0.34788352,0.7004695,0.18956664,0.67750394,0.8794954,0.87078255,0.8103688,0.3273328,0.5759549,0.65115225,0.71558595,0.63881624,0.56298256,0.69847524,-0.57585084,0.5770972,0.07277107,0.8651221,0.9022321,-0.42257568,-0.0956663,-0.55395216,-0.3033095,0.018932454,-0.41337833,-0.08063381,-0.75989175,0.2411224,0.4989013,-0.6300914,-0.8519453,-0.5497678,-0.43098277,-0.35724723,-0.40649042,-0.30050328,0.29282552,0.32811117,-0.16814291,0.36597413,0.7816503,0.5370266,0.16847888,0.47559336,-0.47480267,-0.3412248,-0.69827527,0.7833318,0.31980693,0.66412413,-0.78350174,0.30655208,0.17105019,0.47420025,-0.030651992,-0.050537497,0.36457762,0.47429484,0.007958122,0.80445755,0.23818165,-0.69542336,-0.7976526,-0.53911793,-0.36549678,-0.26611388,-0.61601484,0.11797362,0.38049155,-0.26969525,-0.34401482
-0.17019841,-0.12620169,0.14854422,-0.020485625,0.38400817,0.029728675,0.20392251,0.23032692,0.26508674,0.32339025,-0.0140282735,0.37572694,0.41789597,0.43525836,0.5706721,0.06112796,0.41051024,0.23585905,0.35670304,0.11170446,0.37071854,0.46514815,0.48088145,0.390766,-0.05064819,0.69886,-0.0028339075,0.673012,0.34788352,0.87238264,0.2517249,-0.041332696,0.0543989,0.28551394,0.34666634,0.0008638529,-0.08557673,0.27519584,0.17240204,0.27513048,-0.0806707,0.4382931,0.3736601,-0.06149979,0.28324264,-0.12449257,0.3028627,0.12938324,-0.51813066,-0.4901526,-0.5034569,-0.046092704,-0.24600011,-0.33338547,0.3447668,-0.18231295,0.15486601,0.04601422,0.10917196,-0.114674896,0.23025875,0.21815869,0.27577415,0.2284379,0.2421693,0.61456114,-0.5617198,0.32383212,0.3107302,0.2546078,0.1126151,0.37947392,0.3804313,0.094722226,0.17663634,0.036659166,0.42569077,0.74726504,0.30097234,-0.32839644,0.37173295,-0.21072316,0.16200872,0.11226467,0.053866275,0.15408657,-0.15293431,0.44724673,5.2614603e-05,0.17624773,-0.34181303,-0.18387239,-0.16246858,0.24759458,0.18236715,-0.09717105,-0.05497137,0.085158974,-0.60204816,-0.6794746
0.63775957,0.5703968,-0.06072,0.6779301,0.6724287,-0.37441757,0.8345641,0.8342376,0.6852725,0.76003414,0.5424691,0.7458075,0.8289472,0.8180237,0.6251862,0.83823675,0.87765425,0.8040799,0.8611518,0.3547234,0.79887056,0.86004764,0.78259885,0.8517971,-0.076176986,0.39565966,-0.05410878,0.28843257,0.7004695,0.2517249,0.9653098,0.67793727,0.9187943,0.8697746,0.87199855,0.73203504,0.38255858,0.9234227,0.95715916,0.88091636,0.8212323,0.7397144,0.9156438,-0.042068027,0.64921707,0.20225352,0.8498039,0.7565539,-0.0017423783,0.26324993,-0.5879883,-0.52421355,-0.52106136,-0.83722836,-0.08754471,-0.6777474,-0.29103014,0.1723498,-0.6435515,-0.71494746,-0.5737616,-0.60394025,-0.62874174,-0.54880184,-0.6180103,0.13745283,0.11293398,-0.5272809,-0.2321738,0.28261226,-0.06729953,-0.38998917,-0.10712817,-0.79163826,-0.7244173,-0.8301099,0.29501742,0.025628647,0.95022845,-0.8616533,-0.27387747,-0.23436305,0.33406568,-0.5716501,-0.5202992,-0.20490256,0.32184118,-0.32892185,0.663234,-0.352441,-0.79037577,-0.7347315,-0.8822458,-0.61423564,-0.7070524,-0.14673793,-0.23225102,-0.13580583,0.12307283,-0.09901817
0.51147854,0.48760343,0.25776103,0.4430853,0.27286208,0.06029934,0.6649606,0.5549679,0.36395365,0.7072519,0.7529759,0.66561115,0.6253551,0.5622939,0.33579966,0.62972724,0.50547487,0.44094157,0.5993972,-0.12741815,0.4641207,0.5225071,0.40655845,0.4484784,0.34521323,0.10943718,-0.30774736,-0.16485591,0.18956664,-0.041332696,0.67793727,0.84527373,0.6682457,0.4718194,0.4220944,0.341402,0.17065294,0.75673056,0.7246747,0.64579874,0.5848408,0.41760564,0.5892203,0.34073406,0.29634085,0.09774916,0.39164168,0.2940072,0.46352416,0.4603637,-0.1961228,-0.30987903,-0.5972543,-0.703743,0.021804001,-0.20496556,-0.5160892,-0.04109705,-0.33172822,-0.24783628,-0.33352894,-0.5086685,-0.6218382,-0.46798134,-0.6393504,-0.09219886,-0.0016175255,-0.62318975,-0.65773404,-0.23084417,-0.48736858,-0.7251161,-0.55314225,-0.6642761,-0.6976464,-0.5453898,-0.2744379,-0.29046664,0.6983811,-0.49663296,-0.7021326,-0.50077236,-0.055189762,-0.83449626,-0.74255884,-0.6419454,0.0042812554,-0.5742544,0.24605781,-0.7472613,-0.4384962,-0.31195167,-0.6855458,-0.6257317,-0.8293088,0.22217768,-0.5067836,-0.55540407,0.5013672,0.1860321
0.7553306,0.60151815,-0.20767698,0.7178862,0.6192613,-0.4647102,0.7652911,0.7802489,0.6454698,0.6138764,0.4718268,0.5868238,0.71076083,0.7137023,0.47470462,0.83197427,0.79740906,0.7679366,0.7803739,0.39650518,0.71498823,0.7388766,0.66925585,0.7696911,-0.16477832,0.18005916,0.064946584,0.18592376,0.67750394,0.0543989,0.9187943,0.6682457,0.96863997,0.83420753,0.8377625,0.8183979,0.5368611,0.83965325,0.93734103,0.8075196,0.9213558,0.7092265,0.8607194,-0.053247947,0.66060317,0.3666426,0.84250295,0.802735,0.08170879,0.4393459,-0.43237877,-0.5586738,-0.44238257,-0.71477985,-0.23111121,-0.70393646,-0.35608807,0.15985946,-0.7762523,-0.783574,-0.74041414,-0.6955979,-0.7295737,-0.63476336,-0.6840271,-0.05257065,0.32904226,-0.6222265,-0.2759536,0.265917,-0.030515213,-0.47975495,-0.1782352,-0.88040113,-0.8223406,-0.9257655,0.26599124,-0.18105301,0.8805772,-0.77745605,-0.33532304,-0.061449558,0.43238622,-0.5433295,-0.45919126,-0.16224222,0.4963392,-0.3853584,0.75222325,-0.33157846,-0.69567055,-0.7139797,-0.83561945,-0.6470165,-0.72007823,-0.12447296,-0.10231173,-0.051436435,0.2523536,0.12925877
0.5946437,0.6395348,-0.17561036,0.80335444,0.8336221,-0.4949962,0.83943737,0.91532123,0.8135754,0.6432018,0.31676582,0.6480886,0.7732859,0.8049112,0.6889925,0.88003737,0.9390936,0.9389906,0.85990417,0.6298933,0.9013057,0.8956567,0.89327693,0.94665813,-0.31897765,0.42079973,0.006712574,0.358695,0.8794954,0.28551394,0.8697746,0.4718194,0.83420753,0.9715359,0.9246409,0.81294096,0.3168109,0.7987753,0.8381797,0.89366895,0.78150415,0.6543882,0.83914435,-0.35114583,0.58028907,0.10225309,0.9128382,0.8911703,-0.18421975,0.113604456,-0.5768586,-0.3677659,-0.20815852,-0.63742435,-0.026752826,-0.73225397,0.03583761,0.45842022,-0.64326864,-0.8313617,-0.56457675,-0.5288278,-0.50752354,-0.48603407,-0.4634701,0.26292676,0.28696018,-0.34017783,0.08732229,0.5839009,0.27939236,-0.10477154,0.21869594,-0.63532853,-0.51715106,-0.8156706,0.5609045,0.19423538,0.8519765,-0.8703308,0.016037405,-0.06901556,0.36024636,-0.33905977,-0.3468276,0.056246147,0.39211768,-0.23403066,0.7639301,-0.06842762,-0.7610281,-0.81216943,-0.73093426,-0.54080915,-0.5351623,-0.44658762,-0.10489778,0.09382063,-0.048656262,-0.23295438
0.59057325,0.52688354,-0.27540046,0.70345706,0.7781681,-0.5565627,0.73588246,0.82181466,0.7269696,0.5757859,0.26992422,0.57323813,0.71710074,0.75079644,0.61883163,0.7869677,0.90044916,0.86273104,0.7994611,0.6069527,0.8189553,0.847409,0.8290767,0.9031912,-0.32490498,0.46948105,0.15999821,0.4924571,0.87078255,0.34666634,0.87199855,0.4220944,0.8377625,0.9246409,0.9623085,0.8291607,0.45190048,0.7639233,0.83268243,0.80846214,0.7679312,0.73328626,0.87236214,-0.30801237,0.7101948,0.20366958,0.94096994,0.8830209,-0.2765562,0.06867884,-0.6278014,-0.47656012,-0.27832517,-0.6373466,-0.12243067,-0.7967006,-0.059282027,0.306565,-0.70218736,-0.8465492,-0.6154164,-0.55151117,-0.51211226,-0.5069,-0.4735737,0.20237032,0.21556562,-0.36630148,0.082235485,0.547637,0.24949336,-0.1012644,0.19611248,-0.68137085,-0.5648738,-0.80928123,0.5973389,0.19659233,0.8402681,-0.8647402,0.051059853,0.031579316,0.5097484,-0.25998068,-0.22542456,0.13180864,0.47691673,-0.08429248,0.79484,-0.008388541,-0.7901832,-0.8251951,-0.7344998,-0.46491915,-0.4560275,-0.3604824,0.01998521,0.19490844,-0.12517391,-0.2311819
