0,1,2,3,4,5,6,7,8,9,10,11,12,13,14,15,16,17,18,19,20,21,22,23,24,25,26,27,28,29,30,31,32,33,34,35,36,37,38,39,40,41,42,43,44,45,46,47,48,49,50,51,52,53,54,55,56,57,58,59,60,61,62,63,64,65,66,67,68,69,70,71,72,73,74,75,76,77,78,79,80,81,82,83,84,85,86,87,88,89,90,91,92,93,94,95,96,97,98,99
0.9566246,0.7465646,0.34451926,0.69351906,0.7187374,0.071460366,0.43907753,0.6632745,-0.4029182,-0.73863935,-0.4925515,-0.586236,-0.33743668,-0.34824485,-0.42098594,0.7147479,0.11125933,0.78730917,0.38266116,0.47210634,-0.41959417,0.29698294,0.543242,-0.5908637,-0.6722906,-0.51030636,-0.50185275,-0.5837673,-0.4452545,-0.39168033,0.034480907,0.26347864,0.33101887,0.6763768,0.13405494,-0.5013333,-0.50870615,-0.3580531,-0.5091012,-0.23889896,0.11507931,-0.12614253,-0.07084284,-0.18895866,-0.16120261,0.043294154,0.47806066,0.47631675,0.3520679,-0.099035166,0.8834622,0.7628068,0.62745404,0.7114704,0.54202163,-0.13355212,0.7632545,-0.3730179,-0.6242584,-0.4236151,-0.53432846,-0.3167516,-0.46715713,-0.37350017,-0.24296615,-0.41695446,0.7218272,0.2440261,0.5969284,0.7954669,0.47951627,0.42130777,0.5823797,-0.51097286,-0.68418753,-0.6426045,-0.6349835,-0.56266713,0.017286018,0.09366212,-0.4761232,-0.010777723,-0.039032012,0.367716,-0.66143835,0.36366403,-0.5044465,-0.6309738,0.33372942,0.26917928,0.6992826,-0.39559257,-0.6032522,0.4538989,0.21074201,0.3520186,0.1822977,0.71829116,0.7261164,0.23991668
0.7465646,0.95055753,0.516975,0.7621185,0.8872315,0.28939492,0.41500744,0.8197767,-0.1303139,-0.59483707,-0.53440636,-0.5754911,-0.46715724,-0.46171916,-0.4957738,0.6107633,-0.07827574,0.68922365,0.1643795,0.4496659,-0.4680134,0.22765987,0.30980974,-0.37811035,-0.46291316,-0.26026487,-0.23446652,-0.58134127,-0.34387314,-0.32800752,-0.15818834,0.13708508,0.2547223,0.5864054,0.091304906,-0.24526578,-0.2927861,-0.21675995,-0.31349462,-0.2637251,0.118137434,-0.09494279,-0.027064003,-0.30644023,0.0427458,0.04655071,0.41175014,0.33317208,0.37371156,0.039504312,0.74127316,0.9326999,0.5537926,0.8326972,0.7170905,0.06349299,0.79951364,-0.10220896,-0.6220529,-0.5575659,-0.555412,-0.4789182,-0.51027834,-0.48708382,-0.30802682,-0.49661413,0.5625539,0.043450464,0.5306581,0.69931006,0.2941959,0.31066394,0.3688481,-0.33743757,-0.5895282,-0.39616632,-0.38362402,-0.41084468,-0.110894114,-0.0057623684,-0.27610072,0.0705031,0.18483877,0.40150082,-0.3842858,0.3675623,-0.2850384,-0.54979,0.43613866,0.27814215,0.47202653,-0.3269164,-0.3795141,0.36534587,0.219119,0.22653028,0.25648886,0.5262673,0.6116961,0.2750998
0.34451926,0.516975,0.93763316,0.14726093,0.5290286,0.82958686,0.080087565,0.64314866,0.51849484,-0.10863975,-0.43016228,-0.4050941,-0.5091624,-0.43916303,-0.4026472,0.03248807,-0.34824347,0.27453732,-0.22516534,0.66644573,-0.23192315,-0.2642123,-0.14972696,0.058551215,-0.037030596,-0.11370776,0.13062605,-0.4771921,0.31403807,-0.5422367,-0.40165067,-0.28562957,0.14189482,0.21964929,-0.19352448,0.36234206,0.3103856,0.17711493,0.1448779,-0.227521,0.40837312,-0.37130567,-0.17160365,-0.22381553,0.44111076,-0.23217535,0.033604424,0.30171323,0.695963,0.46725464,0.17125142,0.5488467,-0.041670814,0.24905115,0.7961863,0.7347076,0.41620862,0.5381522,-0.284091,-0.4359706,-0.35407406,-0.48474324,-0.46312112,-0.46268064,-0.26040965,-0.43462306,0.12873583,-0.34769827,0.20739958,0.21214649,0.061376177,-0.23747478,0.10008627,-0.07031768,-0.2422958,-0.059648562,0.2873811,-0.46645153,-0.2877075,-0.25549766,0.16240606,0.5051432,0.54115033,0.028182484,0.1953902,0.08995852,0.34340242,-0.13000521,0.7779785,0.5734699,0.35520303,0.20154041,0.22706279,-0.15374613,-0.09196097,0.316065,0.015586197,0.3348931,0.61807907,0.5801815
0.69351906,0.7621185,0.14726093,0.9463893,0.6755351,-0.070823774,0.67568004,0.65616775,-0.43683165,-0.5774558,-0.29360634,-0.4090938,-0.25662243,-0.30076352,-0.3619763,0.86122143,0.281751,0.773743,0.4893304,0.07338373,-0.41321045,0.61037445,0.51067615,-0.34683263,-0.3740962,-0.072085366,-0.4347743,-0.45459217,-0.6325381,0.015893118,0.17846826,0.39333266,0.17777115,0.69936085,0.33497313,-0.56182,-0.6278395,-0.51028824,-0.5544212,0.014783873,-0.23667598,0.26644698,0.12295296,-0.4823832,-0.34852576,0.043692753,0.46162987,0.01965652,-0.07049449,-0.35916606,0.852504,0.7821028,0.8554134,0.90528905,0.37694144,-0.33100677,0.81090033,-0.41823226,-0.5465554,-0.40273726,-0.42643076,-0.30638802,-0.3217551,-0.3123644,-0.080133304,-0.32943195,0.76181185,0.41635627,0.70585585,0.84044373,0.45216322,0.701059,0.505923,-0.15900624,-0.4231291,-0.26421937,-0.60966134,-0.08211784,0.15579003,0.21846099,-0.27495325,-0.32392946,-0.14526117,0.6448792,-0.56207085,0.5196032,-0.6185181,-0.7105395,0.06045863,-0.12254642,0.33038354,-0.5164523,-0.62744284,0.64732933,0.4041451,-0.13586456,0.12635474,0.2835217,0.2859497,-0.13760753
0.7187374,0.8872315,0.5290286,0.6755351,0.9405166,0.33419475,0.27478606,0.7161321,-0.09013705,-0.67848545,-0.71021736,-0.7257595,-0.63166404,-0.6220666,-0.6468094,0.54512763,-0.26774672,0.6133073,-0.022545544,0.5492679,-0.6272708,0.19375542,0.2733555,-0.3721373,-0.51353216,-0.3077019,-0.081870966,-0.41796765,-0.38367528,-0.28433207,-0.14296184,0.21276626,0.41667396,0.5721161,0.1978787,-0.13714184,-0.17985108,-0.039787553,-0.12502897,-0.21427596,0.31661505,-0.050754167,0.1411126,-0.13408485,0.22129717,0.25207698,0.5576894,0.485948,0.49703437,0.22165418,0.6629522,0.8619385,0.44735467,0.76379216,0.78003436,0.10673624,0.66544664,-0.07243596,-0.72933066,-0.70954347,-0.70806885,-0.6252575,-0.67563593,-0.64629376,-0.53150827,-0.6552236,0.47579178,-0.15318945,0.39565146,0.5973066,0.1022017,0.19720611,0.25287116,-0.36653674,-0.72757727,-0.45096624,-0.39367902,-0.45504192,-0.063204974,0.073523074,-0.3018607,0.2207966,0.33537948,0.39794233,-0.3379467,0.41282555,-0.19667162,-0.3702302,0.49132356,0.4033905,0.46202224,-0.3721184,-0.26725072,0.400015,0.33014205,0.31221235,0.43899667,0.609689,0.66032016,0.4232478
0.071460366,0.28939492,0.82958686,-0.070823774,0.33419475,0.91162646,-0.08284378,0.41498291,0.6732355,0.07735866,-0.3588832,-0.3071495,-0.49457574,-0.4178154,-0.3571393,-0.17514226,-0.4469211,0.021672,-0.40645638,0.55380625,-0.19740033,-0.33849353,-0.32753074,0.2298845,0.14770898,0.018952895,0.32539484,-0.23959291,0.406621,-0.39060724,-0.34238917,-0.2875046,0.1372557,0.031527452,-0.15514842,0.5396604,0.48256528,0.34958106,0.36367086,-0.09962472,0.4418589,-0.2734449,-0.041208524,-0.11575034,0.55753756,-0.1561048,-0.024317183,0.2083281,0.62522805,0.5579345,-0.10211944,0.30273956,-0.24067244,0.026010666,0.6721206,0.82910204,0.14812264,0.68273425,-0.14854783,-0.39203173,-0.26584163,-0.46972597,-0.4084798,-0.4321461,-0.28253308,-0.3918187,-0.10046463,-0.4990295,-0.00801088,-0.05150008,-0.16032131,-0.38729966,-0.12968436,0.082876146,-0.09886478,0.11477719,0.45515275,-0.30850822,-0.21033657,-0.19549581,0.28670007,0.5496903,0.61719525,-0.05566178,0.380441,0.022335198,0.5033734,0.09623434,0.685363,0.52464557,0.15059568,0.28567788,0.44594747,-0.22993754,-0.06535235,0.22070768,0.030004842,0.13516578,0.41164857,0.54907304
0.43907753,0.41500744,0.080087565,0.67568004,0.27478606,-0.08284378,0.9161056,0.51994556,-0.32285753,-0.24545234,0.033073567,-0.14869836,-0.07628979,-0.12747236,-0.1804834,0.76960427,0.6040599,0.748335,0.70440394,-0.08083597,-0.109489255,0.7051606,0.5260927,0.07767494,0.06771061,0.30688494,-0.39702225,-0.35055426,-0.39998457,0.15245423,0.23736337,0.24154016,-0.103292026,0.7086842,0.37417966,-0.46083066,-0.5714288,-0.724012,-0.58631086,0.3298814,-0.42897606,0.41400522,0.067380704,-0.8030076,-0.55409336,-0.32659963,0.22344667,-0.38372564,-0.31430113,-0.52804035,0.6331707,0.4813162,0.7973062,0.5737413,0.118012756,-0.2930194,0.708869,-0.30681726,-0.29477143,-0.16236684,-0.17383872,-0.15163079,-0.091366194,-0.123171024,0.297242,-0.12478674,0.8125794,0.66336083,0.8716674,0.7940466,0.68651116,0.83881056,0.6960786,0.29249606,0.03491637,0.17444345,-0.31852293,0.25520033,0.1463168,0.10505385,0.17111492,-0.42332256,-0.27957246,0.7256253,-0.28067738,0.5954698,-0.52131,-0.6481812,0.031709574,-0.30529517,0.15982418,-0.41241676,-0.5111004,0.5358651,0.3033381,-0.5075042,-0.3211751,-0.06911623,0.0046459194,-0.35255748
0.6632745,0.8197767,0.64314866,0.65616775,0.7161321,0.41498291,0.51994556,0.9258174,0.054088023,-0.36681184,-0.3558626,-0.41814762,-0.37173915,-0.3504699,-0.37570482,0.5383837,0.036824945,0.694894,0.2343877,0.44710493,-0.27471983,0.15348111,0.20584512,-0.1788347,-0.23785472,-0.114046834,-0.25212196,-0.7076731,-0.11655846,-0.43132693,-0.22480115,-0.070129596,0.07312803,0.5607654,-0.034655534,-0.13338485,-0.19965321,-0.2777189,-0.33631822,-0.21959698,0.034783714,-0.17462009,-0.1841865,-0.5194532,-0.011830642,-0.25434172,0.18793628,0.15084665,0.34645483,0.01018401,0.65138054,0.8700313,0.50523806,0.69858,0.6777928,0.22780117,0.8505447,0.083553515,-0.44486347,-0.40519127,-0.38028404,-0.39128977,-0.3845485,-0.37350696,-0.085900515,-0.37207744,0.5802349,0.121595845,0.64122534,0.70316803,0.44430482,0.30200362,0.45150828,-0.14478007,-0.33271182,-0.18432355,-0.14797117,-0.3570791,-0.17720678,-0.14156567,-0.03899695,0.0938004,0.1899849,0.3715506,-0.20963979,0.3380568,-0.15471956,-0.580457,0.5398218,0.26915798,0.4611808,-0.13605374,-0.2640829,0.21617913,0.071770504,0.12324919,-0.010039499,0.3766364,0.56087154,0.24712512
-0.4029182,-0.1303139,0.51849484,-0.43683165,-0.09013705,0.6732355,-0.32285753,0.054088023,0.95486695,0.4757576,-0.045425985,0.06346436,-0.20370036,-0.12928227,-0.04540313,-0.56334776,-0.49048996,-0.37793082,-0.5839732,0.28404716,0.09111488,-0.54178655,-0.63360983,0.4876513,0.43936074,0.22041261,0.51369345,-0.01440314,0.6579059,-0.27169588,-0.3964558,-0.5026779,-0.07025973,-0.34209454,-0.31766242,0.7827654,0.7467061,0.5317728,0.5888339,-0.066544846,0.34993488,-0.30097234,-0.09690519,-0.004544655,0.6001481,-0.21216469,-0.33922267,-0.030930664,0.38549477,0.57762504,-0.5478883,-0.11696845,-0.56412256,-0.35474506,0.27682734,0.7965028,-0.23392998,0.93452394,0.24209714,-0.05766026,0.0879396,-0.18447167,-0.0655325,-0.12689894,-0.08590137,-0.077566594,-0.4716825,-0.5733796,-0.29903102,-0.4439274,-0.3487329,-0.60099417,-0.38052016,0.29657054,0.28166553,0.39146566,0.7954669,-0.06593159,-0.247938,-0.27963865,0.5121042,0.569744,0.61431015,-0.2975472,0.7078715,-0.19964626,0.7705786,0.41262525,0.48934245,0.39959016,-0.12534392,0.5567653,0.75813496,-0.5205306,-0.23404232,0.09418631,-0.06503713,-0.18854162,0.029309727,0.41777667
-0.73863935,-0.59483707,-0.10863975,-0.5774558,-0.67848545,0.07735866,-0.24545234,-0.36681184,0.4757576,0.93637663,0.7078579,0.76965344,0.5118606,0.5405208,0.60880005,-0.63514745,0.08808871,-0.6298304,-0.1552518,-0.41049957,0.6463282,-0.3954066,-0.5864359,0.51261455,0.7006409,0.41767567,0.17416221,0.13209079,0.63662356,0.049165107,-0.059365753,-0.44169044,-0.46014392,-0.643875,-0.4241563,0.3915248,0.4019885,0.18302366,0.23826298,0.05613496,-0.28390604,-0.13670975,-0.28280264,-0.052150693,-0.008412433,-0.4721104,-0.7600511,-0.5686401,-0.3065784,-0.047312453,-0.6961945,-0.55606866,-0.5015415,-0.5971867,-0.45711368,0.29514468,-0.46787688,0.47342566,0.8400696,0.6396604,0.7698457,0.49842852,0.6434814,0.563524,0.55542827,0.60749197,-0.5528402,-0.018564032,-0.35554147,-0.59664905,-0.13802394,-0.358567,-0.37371922,0.45564115,0.85365415,0.6290418,0.7072054,0.36487922,-0.033627648,-0.18653762,0.49794883,-0.033208817,-0.040374927,-0.44450057,0.5656744,-0.4844193,0.44631523,0.3161987,-0.19304356,-0.24660319,-0.4221437,0.67805165,0.4966257,-0.56894904,-0.43605995,-0.27051204,-0.49255818,-0.68782187,-0.55493957,-0.2667625
-0.4925515,-0.53440636,-0.43016228,-0.29360634,-0.71021736,-0.3588832,0.033073567,-0.3558626,-0.045425985,0.7078579,0.95630693,0.9224203,0.8556682,0.8409473,0.850932,-0.2862325,0.56878316,-0.37581247,0.36661083,-0.70399565,0.8085988,-0.09853679,-0.18003649,0.17727135,0.46718404,0.29936823,-0.27610344,0.0027276422,0.32186484,0.16641945,0.12252094,-0.26600114,-0.6427795,-0.47965753,-0.37970096,-0.1735237,-0.13942774,-0.30389762,-0.3031379,-0.0003965851,-0.70543325,-0.04639972,-0.4441621,-0.17575145,-0.554551,-0.55261385,-0.7418204,-0.6858703,-0.6643497,-0.5820609,-0.3404823,-0.4838252,-0.1236096,-0.38878775,-0.72343206,-0.19064133,-0.25293496,-0.03370362,0.8232449,0.8713435,0.9117403,0.817575,0.90639627,0.85930425,0.85139835,0.87267816,-0.2452474,0.5112833,-0.09612666,-0.2826578,0.24539971,0.072566465,-0.06203886,0.26408106,0.82429993,0.4086262,0.25935015,0.44888502,0.009236448,-0.17495275,0.18109873,-0.5350911,-0.5910021,-0.32970494,0.1034528,-0.469834,-0.08461864,-0.080420196,-0.5707462,-0.6421398,-0.38139063,0.3733093,-0.064380914,-0.3639291,-0.4799856,-0.39542103,-0.65655965,-0.66204727,-0.6366524,-0.67956674
-0.586236,-0.5754911,-0.4050941,-0.4090938,-0.7257595,-0.3071495,-0.14869836,-0.41814762,0.06346436,0.76965344,0.9224203,0.958006,0.8477697,0.8504485,0.87656224,-0.44494915,0.4113762,-0.5166068,0.1915257,-0.6735726,0.8155825,-0.25473064,-0.33029303,0.17802002,0.45649776,0.24684992,-0.17078263,0.038435493,0.4230026,0.11237931,0.03573922,-0.35288233,-0.63408023,-0.62100446,-0.4845274,-0.045249827,0.0057233623,-0.1405734,-0.15705703,-0.09067614,-0.60873103,-0.14239697,-0.46067834,-0.03509209,-0.40570742,-0.49476177,-0.7936528,-0.6163629,-0.58284724,-0.44480675,-0.45961273,-0.53508544,-0.27998382,-0.47231913,-0.7102064,-0.098652065,-0.36501312,0.06981526,0.8830541,0.8920681,0.94707876,0.8259944,0.91095895,0.8688818,0.77658397,0.885666,-0.4124024,0.3408172,-0.25973102,-0.42982262,0.096039064,-0.107455514,-0.22919123,0.21559672,0.8156002,0.40098035,0.3568205,0.3961771,-0.043898784,-0.21736968,0.1715269,-0.4168588,-0.48274451,-0.46779153,0.1887762,-0.58702934,0.05171664,0.04267029,-0.5365262,-0.5518165,-0.41549337,0.48197794,0.075094864,-0.48142728,-0.5319734,-0.28706807,-0.5747121,-0.6574477,-0.6241265,-0.58175147
-0.33743668,-0.46715724,-0.5091624,-0.25662243,-0.63166404,-0.49457574,-0.07628979,-0.37173915,-0.20370036,0.5118606,0.8556682,0.8477697,0.9776349,0.95259404,0.91326684,-0.26090395,0.5411652,-0.34615734,0.38490462,-0.66544795,0.78559786,-0.16149327,-0.0985565,-0.11753854,0.16459966,0.009514454,-0.41757923,-0.06492387,0.23248881,0.04757476,0.10250827,-0.22415641,-0.5760906,-0.49631584,-0.46882713,-0.32256567,-0.24182291,-0.2998171,-0.3922279,-0.20956077,-0.66592884,-0.1924833,-0.53599024,0.021373233,-0.5884374,-0.43549994,-0.67960835,-0.46040714,-0.6005801,-0.6021913,-0.21631463,-0.4329097,-0.11077561,-0.3319136,-0.7429296,-0.30570626,-0.23747721,-0.19303067,0.7448366,0.9293974,0.86675346,0.9560123,0.9328152,0.9605621,0.77082676,0.9264897,-0.24217713,0.51464665,-0.15628237,-0.24518615,0.25716162,0.036226783,-0.060956713,-0.04571594,0.6019567,0.11032655,0.06265356,0.24686676,-0.022295803,-0.17250864,-0.11458827,-0.5494977,-0.68654394,-0.44637468,-0.120675415,-0.57595825,-0.20239016,-0.13831325,-0.6313443,-0.59538835,-0.23914921,0.31175953,-0.21151595,-0.36002925,-0.53429425,-0.15693107,-0.5207392,-0.43675417,-0.48802444,-0.6328165
-0.34824485,-0.46171916,-0.43916303,-0.30076352,-0.6220666,-0.4178154,-0.12747236,-0.3504699,-0.12928227,0.5405208,0.8409473,0.8504485,0.95259404,0.9787657,0.93721426,-0.32377535,0.4776048,-0.37866583,0.3220425,-0.6033542,0.80365163,-0.25333002,-0.16475673,-0.111670956,0.1671839,-0.022436585,-0.39044446,-0.108176544,0.30818477,-0.030713817,0.032057762,-0.31140614,-0.5827934,-0.5380187,-0.5455257,-0.2559685,-0.16815196,-0.24747708,-0.34729373,-0.26733756,-0.6096039,-0.27875206,-0.58925605,0.04441739,-0.5214454,-0.46423507,-0.7271723,-0.42217582,-0.5227968,-0.5306362,-0.25392044,-0.4225846,-0.17394283,-0.35795745,-0.6914005,-0.21881047,-0.24552315,-0.11253759,0.76581323,0.93357027,0.88116056,0.9439275,0.92843556,0.9763502,0.7571388,0.9442432,-0.28980812,0.44815752,-0.19459897,-0.2836057,0.22736904,-0.048285306,-0.09209546,-0.071599215,0.60212135,0.09314992,0.12655354,0.1800406,-0.07296581,-0.23280196,-0.10129218,-0.47115976,-0.62351525,-0.51684594,-0.07390331,-0.62910557,-0.12623177,-0.10699879,-0.55850303,-0.52263683,-0.21334168,0.3805309,-0.15150493,-0.43599468,-0.5956141,-0.09492475,-0.5231319,-0.40858543,-0.43775284,-0.5595244
-0.42098594,-0.4957738,-0.4026472,-0.3619763,-0.6468094,-0.3571393,-0.1804834,-0.37570482,-0.04540313,0.60880005,0.850932,0.87656224,0.91326684,0.93721426,0.96400815,-0.40237653,0.41558903,-0.4467717,0.23805158,-0.5900558,0.8156574,-0.3057447,-0.2420393,-0.039319694,0.23479804,0.03216701,-0.30106777,-0.06855717,0.37225038,-0.021339238,-0.010248408,-0.34847474,-0.5884758,-0.5941186,-0.5624317,-0.15880033,-0.07618852,-0.17015404,-0.25858763,-0.25616816,-0.5670345,-0.2851624,-0.571963,0.06176547,-0.44281667,-0.46121576,-0.7588583,-0.43618459,-0.49480182,-0.45859632,-0.33899996,-0.46080333,-0.2520498,-0.41543904,-0.67627895,-0.14395025,-0.30319563,-0.026454503,0.80377555,0.9233981,0.899389,0.90342593,0.92008543,0.94097877,0.7426939,0.96089154,-0.365202,0.37357897,-0.25453702,-0.35661834,0.1600807,-0.1216778,-0.16008508,-0.022388307,0.65087247,0.15807901,0.21703856,0.2071375,-0.09938067,-0.25129506,-0.037541766,-0.4091456,-0.54707694,-0.5468209,0.021157837,-0.6493408,-0.03565875,-0.03520207,-0.5193577,-0.49004713,-0.2620138,0.43469697,-0.05482824,-0.49272692,-0.6085919,-0.09932235,-0.51069975,-0.44914442,-0.46378052,-0.52031803
0.7147479,0.6107633,0.03248807,0.86122143,0.54512763,-0.17514226,0.76960427,0.5383837,-0.56334776,-0.63514745,-0.2862325,-0.44494915,-0.26090395,-0.32377535,-0.40237653,0.9702315,0.39599556,0.8392131,0.5988852,0.04533971,-0.4507981,0.7815662,0.65666693,-0.3122027,-0.36303028,-0.048729848,-0.4981472,-0.33473408,-0.74255675,0.12495962,0.36383668,0.55191666,0.2590794,0.81697965,0.5158391,-0.65223396,-0.7240344,-0.6026226,-0.5951716,0.21085256,-0.23717454,0.4293877,0.2567583,-0.49285644,-0.4559695,0.07244779,0.56977224,0.00056195864,-0.14297366,-0.42561,0.8819256,0.64130116,0.93385893,0.7892134,0.2685011,-0.44638407,0.76189846,-0.54914606,-0.5809753,-0.4058582,-0.47376677,-0.30840385,-0.3481509,-0.3301167,-0.06881318,-0.35766628,0.89016616,0.53280747,0.78587055,0.8937335,0.528681,0.8373226,0.63123226,-0.08556033,-0.42394972,-0.25923765,-0.71495783,-0.020545717,0.31187052,0.3671411,-0.24852726,-0.37655056,-0.22534636,0.7650623,-0.6383752,0.64972246,-0.7235497,-0.7006186,-0.0036334335,-0.16223583,0.37349373,-0.6135744,-0.69194555,0.7934419,0.53426784,-0.21691051,0.07294793,0.2935372,0.24693403,-0.19015187
0.11125933,-0.07827574,-0.34824347,0.281751,-0.26774672,-0.4469211,0.6040599,0.036824945,-0.49048996,0.08808871,0.56878316,0.4113762,0.5411652,0.4776048,0.41558903,0.39599556,0.9453073,0.3104638,0.8885356,-0.51605886,0.43510228,0.48409596,0.47449023,-0.026029302,0.14406334,0.23341087,-0.57865536,-0.17539558,-0.18794714,0.2517822,0.3025289,0.12568304,-0.43759573,0.21563277,0.06087684,-0.631976,-0.6527509,-0.8208903,-0.7373678,0.19929734,-0.74918187,0.25074947,-0.2505073,-0.5039592,-0.89356095,-0.48198843,-0.21806824,-0.55454326,-0.6498269,-0.8539145,0.3195532,-0.007284986,0.505125,0.14465287,-0.43972984,-0.49443072,0.29526752,-0.47470492,0.21225414,0.45672736,0.38480175,0.47673246,0.5088531,0.48502648,0.70451176,0.46661687,0.45765457,0.91511786,0.50204825,0.39404392,0.6961323,0.6751393,0.5313775,0.1758996,0.3884344,0.16789797,-0.26452157,0.38380688,0.121424906,-0.0023081033,0.01871828,-0.7672223,-0.7968625,0.24580559,-0.3383491,0.07197428,-0.5947796,-0.533765,-0.47318977,-0.670983,-0.08351079,-0.21305904,-0.61033607,0.19231376,-0.11382531,-0.49640858,-0.6250961,-0.31632754,-0.32434946,-0.73877573
0.78730917,0.68922365,0.27453732,0.773743,0.6133073,0.021672,0.748335,0.694894,-0.37793082,-0.6298304,-0.37581247,-0.5166068,-0.34615734,-0.37866583,-0.4467717,0.8392131,0.3104638,0.94937885,0.52930844,0.31062663,-0.38220847,0.5623851,0.6242404,-0.24694785,-0.35917407,-0.092336364,-0.40370464,-0.46993917,-0.48687708,-0.12801917,0.08686636,0.27630788,0.18220142,0.86660945,0.34770522,-0.4541673,-0.5264791,-0.5448147,-0.5235669,0.084199265,-0.053208247,0.17158775,0.07191068,-0.51867366,-0.29791513,-0.06990974,0.47615892,0.12659845,0.09932655,-0.23488209,0.8434149,0.7321724,0.7841269,0.73043215,0.43749252,-0.21800257,0.84126896,-0.3592654,-0.62668467,-0.43693405,-0.5152266,-0.37579614,-0.41966096,-0.39101398,-0.08071556,-0.41388994,0.8921782,0.41794026,0.84544843,0.9298121,0.6225656,0.67909265,0.7478118,-0.10783362,-0.4387247,-0.27208617,-0.51320505,-0.18578538,0.028210757,0.08218621,-0.13368565,-0.13939364,-0.083216615,0.6663799,-0.46988648,0.63204014,-0.49986935,-0.63237226,0.2946816,0.08586947,0.4881775,-0.5215623,-0.56659335,0.5681226,0.34123522,-0.045647983,0.013717363,0.43008763,0.45635146,0.04278905
0.38266116,0.1643795,-0.22516534,0.4893304,-0.022545544,-0.40645638,0.70440394,0.2343877,-0.5839732,-0.1552518,0.36661083,0.1915257,0.38490462,0.3220425,0.23805158,0.5988852,0.8885356,0.52930844,0.9550715,-0.34627193,0.25276083,0.55264854,0.5957683,-0.20646226,-0.07015071,0.07339461,-0.6816671,-0.34073067,-0.33755004,0.12244188,0.28714752,0.20509759,-0.30423298,0.4075926,0.11151442,-0.7453252,-0.769478,-0.88127524,-0.84775174,0.11397086,-0.6644361,0.20945525,-0.24029252,-0.5340283,-0.8783971,-0.41260993,-0.044781134,-0.37580463,-0.5081512,-0.8248782,0.5646283,0.23136142,0.67225325,0.3602215,-0.25005272,-0.51673853,0.5087452,-0.5638207,-0.015440134,0.27710116,0.17657429,0.32435143,0.31548828,0.32258287,0.55819225,0.28692365,0.655303,0.9207135,0.6500279,0.6141623,0.7868363,0.76288766,0.66360486,0.0060584163,0.13963804,-0.042532627,-0.45384115,0.19671863,0.10237855,0.020981276,-0.14010979,-0.72046506,-0.74420255,0.3584246,-0.51730275,0.1976748,-0.7166718,-0.6955379,-0.33928546,-0.54712284,0.120370984,-0.3498481,-0.759917,0.32985985,-0.030036438,-0.36262235,-0.49815395,-0.08032724,-0.09395197,-0.61609393
0.47210634,0.4496659,0.66644573,0.07338373,0.5492679,0.55380625,-0.08083597,0.44710493,0.28404716,-0.41049957,-0.70399565,-0.6735726,-0.66544795,-0.6033542,-0.5900558,0.04533971,-0.51605886,0.31062663,-0.34627193,0.9212535,-0.43642005,-0.27216095,0.012444694,-0.090665415,-0.32754633,-0.3569479,0.19553237,-0.26904884,0.13336585,-0.5617383,-0.35385883,-0.15250021,0.39759845,0.31908286,-0.02862346,0.34173715,0.33013535,0.32560098,0.2735632,-0.20060354,0.7504434,-0.371679,0.016248556,0.11730744,0.5796591,0.11865543,0.33555987,0.68339604,0.85577923,0.6809305,0.20267098,0.44081664,-0.10276912,0.17015782,0.7310052,0.49260187,0.2697882,0.29700676,-0.5101608,-0.5689844,-0.59981537,-0.58716327,-0.6869733,-0.62358767,-0.56267154,-0.6279462,0.15662721,-0.49274397,0.10997076,0.2000139,-0.033001892,-0.28960538,0.16396967,-0.24650672,-0.55939865,-0.34301764,0.063668475,-0.645308,-0.25810727,-0.15644266,-0.004066223,0.72703797,0.6077188,0.032929864,0.07582096,0.22123878,0.31977373,0.09188156,0.8318525,0.8463982,0.54765844,0.011934423,0.2129341,-0.039987963,0.066517174,0.5847367,0.31641066,0.687864,0.80175817,0.85269374
-0.41959417,-0.4680134,-0.23192315,-0.41321045,-0.6272708,-0.19740033,-0.109489255,-0.27471983,0.09111488,0.6463282,0.8085988,0.8155825,0.78559786,0.80365163,0.8156574,-0.4507981,0.43510228,-0.38220847,0.25276083,-0.43642005,0.88561785,-0.3557644,-0.20594858,0.1469144,0.3679762,0.16396803,-0.17431808,-0.08361073,0.54747695,-0.08837518,-0.17096384,-0.5133233,-0.69293827,-0.52685356,-0.5969975,-0.010989042,0.043872647,-0.20107754,-0.2133744,-0.20278816,-0.47718483,-0.34559473,-0.64354646,-0.044358358,-0.36414558,-0.59789896,-0.8129107,-0.44527543,-0.38017505,-0.36785913,-0.3898715,-0.42141217,-0.31467187,-0.45933503,-0.55672276,0.007932425,-0.25232834,0.111803025,0.7502717,0.8475201,0.84088707,0.77000403,0.8280034,0.80697584,0.754061,0.8157513,-0.33013183,0.34651566,-0.17059912,-0.3364907,0.23660576,-0.16067585,-0.0222992,0.11771164,0.71716917,0.2977696,0.39983928,0.23202637,-0.28417468,-0.4500203,0.17289713,-0.30118752,-0.46635613,-0.5259736,0.20659077,-0.5814629,0.10331158,0.012999739,-0.30486888,-0.3776516,-0.27178398,0.43550354,0.032842126,-0.6187382,-0.70668817,-0.10840711,-0.61854875,-0.44942695,-0.38387853,-0.41648766
0.29698294,0.22765987,-0.2642123,0.61037445,0.19375542,-0.33849353,0.7051606,0.15348111,-0.54178655,-0.3954066,-0.09853679,-0.25473064,-0.16149327,-0.25333002,-0.3057447,0.7815662,0.48409596,0.5623851,0.55264854,-0.27216095,-0.3557644,0.9448688,0.58431566,0.022946157,-0.019058732,0.3067264,-0.25354815,0.0968978,-0.7442576,0.5577212,0.54070103,0.64450336,0.15469335,0.65860206,0.752722,-0.54859126,-0.6448337,-0.56915057,-0.41055617,0.5811913,-0.35317802,0.79514587,0.5184184,-0.4916941,-0.49603054,0.1522272,0.5350313,-0.31184724,-0.46283603,-0.5105705,0.5324486,0.24555089,0.7801959,0.49480283,-0.046900395,-0.5724969,0.40436944,-0.5479133,-0.4128297,-0.3052075,-0.32351726,-0.23459077,-0.20233858,-0.23037219,0.024023287,-0.24341518,0.69122505,0.5437644,0.6109913,0.60810745,0.33627468,0.86969316,0.45704633,0.28712866,-0.12521449,0.09626806,-0.568413,0.4253567,0.43914917,0.45362782,0.0050942264,-0.51177853,-0.3069607,0.83209825,-0.38782072,0.69967425,-0.65499806,-0.41796964,-0.28913492,-0.4352929,-0.042976093,-0.6631466,-0.53062546,0.81296015,0.645263,-0.6022651,0.0010626096,-0.11419747,-0.20657393,-0.443672
0.543242,0.30980974,-0.14972696,0.51067615,0.2733555,-0.32753074,0.5260927,0.20584512,-0.63360983,-0.5864359,-0.18003649,-0.33029303,-0.0985565,-0.16475673,-0.2420393,0.65666693,0.47449023,0.6242404,0.5957683,0.012444694,-0.20594858,0.58431566,0.81486595,-0.26324785,-0.32998478,-0.06355783,-0.34058428,-0.06590448,-0.5449829,0.18926519,0.21928072,0.39459527,0.063791975,0.61037445,0.43004584,-0.6075157,-0.6413378,-0.6065227,-0.5276705,0.19251943,-0.16698828,0.31674993,0.13358447,-0.22428757,-0.4719661,0.09548445,0.45441678,0.07604225,-0.15367551,-0.41598535,0.6208217,0.3225879,0.61252064,0.42987534,0.046297148,-0.50876355,0.43307775,-0.6237488,-0.503608,-0.21421784,-0.3555695,-0.12728229,-0.1983875,-0.1592268,-0.015242213,-0.20477599,0.6671883,0.5188987,0.5375484,0.63032603,0.49874115,0.6530032,0.61857015,-0.11803082,-0.34353632,-0.2753709,-0.6189654,0.051784962,0.057509214,0.097019486,-0.24173947,-0.37659553,-0.40916327,0.50257033,-0.5029565,0.4619716,-0.6459445,-0.41217244,-0.109706,-0.19603306,0.17996204,-0.6803189,-0.68045855,0.51275265,0.2570291,-0.13564898,-0.0063018235,0.27835333,0.17630857,-0.2118028
-0.5908637,-0.37811035,0.058551215,-0.34683263,-0.3721373,0.2298845,0.07767494,-0.1788347,0.4876513,0.51261455,0.17727135,0.17802002,-0.11753854,-0.111670956,-0.039319694,-0.3122027,-0.026029302,-0.24694785,-0.20646226,-0.090665415,0.1469144,0.022946157,-0.26324785,0.95951664,0.81677794,0.7924295,0.55708027,0.3845237,0.36107528,0.32909238,-0.05482745,-0.21975195,-0.23556918,-0.09942616,0.17772466,0.5734095,0.46880308,0.13056318,0.44058532,0.552835,0.029813685,0.32841495,0.2397604,-0.3238572,0.19274944,-0.20976025,-0.19547582,-0.5153568,-0.15924986,0.18868747,-0.5573894,-0.3575738,-0.27535552,-0.3874918,-0.1197124,0.27973843,-0.2953017,0.46269006,0.21609604,-0.013517073,0.119182765,-0.16665065,0.04693849,-0.08272573,0.150298,-0.02230711,-0.20413163,-0.15569563,-0.03681604,-0.30938947,-0.1374494,-0.08471238,-0.08513427,0.8786514,0.5780109,0.8640927,0.6717408,0.5761657,-0.035785228,-0.09910585,0.9010768,0.17109779,0.26375216,0.15429309,0.7811536,0.21063253,0.49525344,0.43012935,0.13916191,-0.030672878,-0.46168956,0.17104293,0.57480013,-0.18311521,0.062003314,-0.5486042,-0.28877205,-0.5853214,-0.45190698,-0.04319025
-0.6722906,-0.46291316,-0.037030596,-0.3740962,-0.51353216,0.14770898,0.06771061,-0.23785472,0.43936074,0.7006409,0.46718404,0.45649776,0.16459966,0.1671839,0.23479804,-0.36303028,0.14406334,-0.35917407,-0.07015071,-0.32754633,0.3679762,-0.019058732,-0.32998478,0.81677794,0.89933646,0.76783055,0.36625707,0.28102344,0.42060617,0.33582252,0.02405034,-0.25448555,-0.38449353,-0.27638066,0.005212579,0.4285726,0.34909266,0.04235399,0.28747767,0.4580531,-0.22570796,0.2623131,0.060658112,-0.33362395,-0.0035271386,-0.37365064,-0.426956,-0.68549454,-0.33922377,-0.034219,-0.5785036,-0.42051744,-0.26578775,-0.42412898,-0.28705025,0.23467833,-0.31639206,0.4270243,0.47547027,0.26765198,0.41552478,0.11066112,0.33391535,0.19993784,0.40241125,0.25684258,-0.27530938,0.021716872,-0.08137351,-0.36968592,-0.074623294,-0.06646921,-0.15161401,0.8148056,0.78383255,0.88414717,0.66813594,0.6291297,0.028951567,-0.094388306,0.7805053,-0.0487293,0.044464193,0.0091150105,0.68379545,-0.0152224675,0.38849926,0.29109952,-0.074557155,-0.25650057,-0.52229065,0.31593537,0.4762661,-0.2760873,-0.095308185,-0.59784585,-0.46068537,-0.75454736,-0.5911751,-0.27603948
-0.51030636,-0.26026487,-0.11370776,-0.072085366,-0.3077019,0.018952895,0.30688494,-0.114046834,0.22041261,0.41767567,0.29936823,0.24684992,0.009514454,-0.022436585,0.03216701,-0.048729848,0.23341087,-0.092336364,0.07339461,-0.3569479,0.16396803,0.3067264,-0.06355783,0.7924295,0.76783055,0.9392611,0.3808546,0.3433939,0.106833845,0.55448323,0.033559248,-0.07526603,-0.3630094,0.02327682,0.28714865,0.26067913,0.14627022,-0.17196256,0.15864623,0.57640016,-0.29253086,0.5224427,0.25295344,-0.49906856,-0.107718855,-0.2013672,-0.14566416,-0.7232281,-0.45812005,-0.1544542,-0.3360274,-0.22942042,0.024830777,-0.14403734,-0.21686712,-0.0062675136,-0.11945419,0.20135635,0.16401002,0.032308478,0.1640158,-0.08216893,0.15942329,0.012222385,0.29210424,0.071170375,-0.023999622,0.13808034,0.14482862,-0.10426866,0.011067178,0.2388241,0.012928786,0.85185516,0.5974825,0.8718276,0.42945626,0.7986275,-0.003811555,-0.072404146,0.74025965,-0.19451997,-0.011739977,0.3432755,0.5533622,0.2856808,0.17475453,0.16462731,-0.12661628,-0.3666469,-0.6129385,-0.076157555,0.25319812,0.016899252,0.13734527,-0.7911341,-0.32640427,-0.72316337,-0.6251344,-0.37405708
-0.50185275,-0.23446652,0.13062605,-0.4347743,-0.081870966,0.32539484,-0.39702225,-0.25212196,0.51369345,0.17416221,-0.27610344,-0.17078263,-0.41757923,-0.39044446,-0.30106777,-0.4981472,-0.57865536,-0.40370464,-0.6816671,0.19553237,-0.17431808,-0.25354815,-0.34058428,0.55708027,0.36625707,0.3808546,0.8824738,0.5496675,0.28286192,0.23816338,-0.29791176,-0.17227115,0.0643481,-0.22635692,0.14478645,0.7469119,0.70064056,0.5681701,0.7852273,0.23910567,0.49727422,0.12580663,0.37560943,0.2348145,0.67609835,0.31439966,0.08298071,0.05735188,0.2577281,0.6333187,-0.6093775,-0.2783033,-0.550173,-0.36327958,0.15266165,0.3791511,-0.47644222,0.48997194,-0.06853789,-0.31846648,-0.2162293,-0.40569916,-0.28396195,-0.36846146,-0.41857147,-0.31729913,-0.49004814,-0.6792153,-0.4420933,-0.51347715,-0.60271096,-0.47742373,-0.42540327,0.38177687,0.07075916,0.39369562,0.541255,0.23809534,-0.1933207,-0.13206519,0.46879256,0.51206076,0.57284784,-0.05632776,0.71002567,0.069297925,0.66336024,0.72050047,0.26184642,0.31266096,-0.43825823,0.06004162,0.6911512,-0.2527055,0.116292626,-0.05239917,0.2831828,-0.18131718,-0.15199453,0.36949587
-0.5837673,-0.58134127,-0.4771921,-0.45459217,-0.41796765,-0.23959291,-0.35055426,-0.7076731,-0.01440314,0.13209079,0.0027276422,0.038435493,-0.06492387,-0.108176544,-0.06855717,-0.33473408,-0.17539558,-0.46993917,-0.34073067,-0.26904884,-0.08361073,0.0968978,-0.06590448,0.3845237,0.28102344,0.3433939,0.5496675,0.8976522,-0.09473933,0.65831673,0.18443897,0.24086708,0.08594366,-0.2466808,0.41264245,0.2614488,0.25164747,0.31077832,0.5180345,0.49487987,0.16397926,0.4777454,0.55315375,0.33173004,0.20467743,0.47452956,0.1959732,-0.1016877,-0.23324993,0.17069472,-0.54742134,-0.63738304,-0.35703817,-0.47936034,-0.36678195,-0.1867488,-0.6937926,-0.038452715,0.05513732,-0.044710435,-0.029569086,-0.074472964,-0.0073600328,-0.064573325,-0.23281048,-0.054842178,-0.3998344,-0.27388528,-0.476614,-0.52486396,-0.5366186,-0.15678698,-0.35589075,0.34970337,0.1493594,0.2973074,0.115995914,0.49916816,0.1756883,0.21149021,0.20901072,0.043115333,0.074337184,0.009770279,0.35592175,0.07838783,0.18843174,0.63207984,-0.33660465,-0.1435705,-0.54203904,-0.16975802,0.32874227,0.028519634,0.265031,-0.29204214,0.2334754,-0.32373202,-0.4991355,-0.098754354
-0.4452545,-0.34387314,0.31403807,-0.6325381,-0.38367528,0.406621,-0.39998457,-0.11655846,0.6579059,0.63662356,0.32186484,0.4230026,0.23248881,0.30818477,0.37225038,-0.74255675,-0.18794714,-0.48687708,-0.33755004,0.13336585,0.54747695,-0.7442576,-0.5449829,0.36107528,0.42060617,0.106833845,0.28286192,-0.09473933,0.9066338,-0.3963896,-0.50487685,-0.73648417,-0.41855526,-0.56319046,-0.65918374,0.60785866,0.63144004,0.32213432,0.33669868,-0.27709863,0.13547939,-0.5864767,-0.52839065,0.08268912,0.30666807,-0.48810428,-0.7046724,-0.088637,0.24101228,0.33075356,-0.6210185,-0.31618357,-0.6991146,-0.5760572,-0.040072776,0.6278118,-0.34214333,0.670385,0.5475184,0.40594852,0.47218478,0.2686454,0.34024668,0.3141975,0.27041066,0.34330612,-0.5546406,-0.30467367,-0.37321562,-0.53587645,-0.10642022,-0.6557331,-0.25846344,0.14437458,0.5039602,0.31895226,0.8022287,-0.09268619,-0.45775792,-0.5516599,0.4030352,0.37784338,0.214122,-0.6356564,0.6239619,-0.5295495,0.68007874,0.36119115,0.2947719,0.2403034,-0.1365931,0.6624963,0.57454145,-0.8391629,-0.6783445,0.19275194,-0.37332016,-0.21227455,-0.025266707,0.23056729
-0.39168033,-0.32800752,-0.5422367,0.015893118,-0.28433207,-0.39060724,0.15245423,-0.43132693,-0.27169588,0.049165107,0.16641945,0.11237931,0.04757476,-0.030713817,-0.021339238,0.12495962,0.2517822,-0.12801917,0.12244188,-0.5617383,-0.08837518,0.5577212,0.18926519,0.32909238,0.33582252,0.55448323,0.23816338,0.65831673,-0.3963896,0.93083817,0.404773,0.44448245,-0.04327085,0.048389964,0.60785127,-0.14000788,-0.19712833,-0.17257324,0.06537402,0.61286294,-0.29761213,0.80364454,0.5739603,-0.07685487,-0.2248382,0.31026947,0.24613553,-0.45444524,-0.60609484,-0.3150453,-0.16990456,-0.35526103,0.16161299,-0.07806443,-0.4059342,-0.46493027,-0.28561586,-0.2957423,-0.0182047,-0.04254496,0.0007152378,-0.026839862,0.09369931,0.01052208,0.031935345,0.0230351,-0.0013943074,0.19772115,-0.042003945,-0.10681444,-0.19341047,0.37789416,-0.10472645,0.47296786,0.22197817,0.41346705,-0.14075616,0.7807571,0.31698588,0.31195053,0.18807766,-0.43533656,-0.24139175,0.3988259,0.07827225,0.3019775,-0.23709655,0.18192977,-0.55992967,-0.5647756,-0.6179099,-0.4351391,-0.07774559,0.383137,0.4220134,-0.67673403,0.043035127,-0.52490294,-0.6724427,-0.53041637
0.034480907,-0.15818834,-0.40165067,0.17846826,-0.14296184,-0.34238917,0.23736337,-0.22480115,-0.3964558,-0.059365753,0.12252094,0.03573922,0.10250827,0.032057762,-0.010248408,0.36383668,0.3025289,0.08686636,0.28714752,-0.35385883,-0.17096384,0.54070103,0.21928072,-0.05482745,0.02405034,0.033559248,-0.29791176,0.18443897,-0.50487685,0.404773,0.8682557,0.68654364,0.3674337,0.19839913,0.49172187,-0.4340089,-0.44856483,-0.16861023,-0.18066524,0.47179112,-0.2589782,0.5605771,0.43963587,-0.07956815,-0.37844157,0.16470116,0.3033557,-0.19416153,-0.40290862,-0.3759799,0.20274392,-0.14801635,0.38274384,0.0904574,-0.2908069,-0.42097434,-0.014773289,-0.40418887,0.03891391,0.028761342,-0.00048429891,0.08582713,0.031281,0.050677955,0.06761961,0.031100892,0.2827646,0.35499394,0.15316078,0.15902808,0.052159406,0.44252726,0.09550966,0.14990866,0.026480949,0.0061219526,-0.43629616,0.20819256,0.78209984,0.7555078,-0.11830582,-0.36379153,-0.23557189,0.34872723,-0.36053455,0.25544006,-0.48445374,-0.16134684,-0.4312766,-0.3541735,0.09280673,-0.11292996,-0.24775818,0.59567326,0.49648526,-0.32410657,0.005477743,-0.12343627,-0.26593107,-0.3694569
0.26347864,0.13708508,-0.28562957,0.39333266,0.21276626,-0.2875046,0.24154016,-0.070129596,-0.5026779,-0.44169044,-0.26600114,-0.35288233,-0.22415641,-0.31140614,-0.34847474,0.55191666,0.12568304,0.27630788,0.20509759,-0.15250021,-0.5133233,0.64450336,0.39459527,-0.21975195,-0.25448555,-0.07526603,-0.17227115,0.24086708,-0.73648417,0.44448245,0.68654364,0.86907005,0.5373445,0.41447073,0.6845419,-0.47980064,-0.5036091,-0.14832121,-0.14660616,0.4268551,-0.051472045,0.6359738,0.6296195,0.031313512,-0.21050608,0.48429692,0.6561745,0.0761113,-0.21085826,-0.23063897,0.40235323,0.117330685,0.5092281,0.3497131,0.0034164907,-0.4681679,0.12562756,-0.50818884,-0.37996846,-0.361492,-0.38174623,-0.2393162,-0.3208289,-0.28904915,-0.2857369,-0.31391132,0.39022607,0.1990068,0.19844806,0.31469715,-0.047876075,0.49253333,0.110579364,-0.016923588,-0.37166744,-0.20010835,-0.66155124,0.121062845,0.6707383,0.7264234,-0.29143143,-0.2869819,-0.12266129,0.51014125,-0.48723322,0.44539556,-0.5728383,-0.1833368,-0.3147133,-0.2206071,0.12029858,-0.4760201,-0.3740398,0.77845323,0.6808344,-0.20613259,0.31846493,0.11267994,-0.045242567,-0.19553033
0.33101887,0.2547223,0.14189482,0.17777115,0.41667396,0.1372557,-0.103292026,0.07312803,-0.07025973,-0.46014392,-0.6427795,-0.63408023,-0.5760906,-0.5827934,-0.5884758,0.2590794,-0.43759573,0.18220142,-0.30423298,0.39759845,-0.69293827,0.15469335,0.063791975,-0.23556918,-0.38449353,-0.3630094,0.0643481,0.08594366,-0.41855526,-0.04327085,0.3674337,0.5373445,0.85470873,0.31361133,0.43402278,0.0019961402,-0.0038283167,0.36272258,0.2667107,0.15697336,0.50924575,0.20228472,0.54723334,0.26910084,0.3739403,0.5382422,0.667913,0.528816,0.39945316,0.39464504,0.2589512,0.21899079,0.13898991,0.23580503,0.39138013,0.028430318,0.067195825,-0.0765763,-0.46140572,-0.59090763,-0.60766417,-0.50978875,-0.6559704,-0.5811158,-0.66138566,-0.5992074,0.17962334,-0.36716533,-0.013984026,0.1506572,-0.29688567,-0.01655376,-0.05517084,-0.19861726,-0.6182252,-0.39120436,-0.3770802,-0.38033795,0.49312228,0.6020198,-0.254496,0.3673246,0.4393425,0.26110235,-0.2467446,0.35450083,-0.07729254,0.08273801,0.23313224,0.42319548,0.4349062,-0.1381317,0.06764225,0.50041723,0.5855268,0.30074197,0.5570488,0.48598403,0.40096194,0.45556402
0.6763768,0.5864054,0.21964929,0.69936085,0.5721161,0.031527452,0.7086842,0.5607654,-0.34209454,-0.643875,-0.47965753,-0.62100446,-0.49631584,-0.5380187,-0.5941186,0.81697965,0.21563277,0.86660945,0.4075926,0.31908286,-0.52685356,0.65860206,0.61037445,-0.09942616,-0.27638066,0.02327682,-0.22635692,-0.2466808,-0.56319046,0.048389964,0.19839913,0.41447073,0.31361133,0.9202157,0.5650086,-0.34613344,-0.44090533,-0.4281627,-0.3385622,0.30602682,0.05909769,0.37825978,0.32951987,-0.4746766,-0.186152,0.09144907,0.6344627,0.121506795,0.09761444,-0.12505972,0.73562914,0.61271584,0.73949564,0.6468433,0.42744857,-0.22222912,0.6982138,-0.33649778,-0.7024795,-0.5812985,-0.6422967,-0.52876174,-0.55517983,-0.5420431,-0.22660278,-0.5576378,0.8536899,0.30135465,0.77502626,0.836217,0.46520036,0.6744548,0.6722404,0.048685282,-0.45932996,-0.17293915,-0.4932467,-0.0700241,0.16067047,0.23513922,-0.02715918,-0.06319827,0.036294986,0.78235567,-0.3624535,0.77847064,-0.4370601,-0.4639355,0.29289547,0.11997458,0.40165567,-0.58734256,-0.43583956,0.6785281,0.5417727,-0.14462137,0.12016906,0.3769855,0.3751722,0.08637015
0.13405494,0.091304906,-0.19352448,0.33497313,0.1978787,-0.15514842,0.37417966,-0.034655534,-0.31766242,-0.4241563,-0.37970096,-0.4845274,-0.46882713,-0.5455257,-0.5624317,0.5158391,0.06087684,0.34770522,0.11151442,-0.02862346,-0.5969975,0.752722,0.43004584,0.17772466,0.005212579,0.28714865,0.14478645,0.41264245,-0.65918374,0.60785127,0.49172187,0.6845419,0.43402278,0.5650086,0.9298209,-0.17055109,-0.26771674,-0.1290786,0.07050915,0.71206784,0.08609161,0.8290204,0.8206337,-0.1727967,-0.048803464,0.46565682,0.7422778,-0.051064342,-0.1746251,-0.046762526,0.26226622,0.07611941,0.4540413,0.27162907,0.08522302,-0.35625124,0.10704242,-0.3382169,-0.5260916,-0.55753505,-0.56167287,-0.51139003,-0.48718256,-0.52059525,-0.3618686,-0.51668084,0.4394042,0.08747427,0.30044466,0.32285517,-0.064407855,0.5247623,0.21476346,0.33708993,-0.28215215,0.109208584,-0.40589407,0.35543206,0.47422984,0.56271696,0.10603173,-0.11476986,0.08224745,0.7445305,-0.13826567,0.7342249,-0.32078838,-0.0058507756,-0.091033876,-0.09515305,-0.06266412,-0.59886587,-0.15045905,0.7612679,0.8076587,-0.42794806,0.28743464,-0.003347082,-0.11915813,-0.085116014
