0,1,2,3,4,5,6,7,8,9,10,11,12,13,14,15,16,17,18,19,20,21,22,23,24,25,26,27,28,29,30,31,32,33,34,35,36,37,38,39,40,41,42,43,44,45,46,47,48,49,50,51,52,53,54,55,56,57,58,59,60,61,62,63,64,65,66,67,68,69,70,71,72,73,74,75,76,77,78,79,80,81,82,83,84,85,86,87,88,89,90,91,92,93,94,95,96,97,98,99
0.86275077,0.65827537,0.49049002,0.580296,0.54369646,0.5121994,0.45194072,0.6060394,0.4023974,-0.142322,-0.070806235,-0.06567912,-0.10930443,-0.12396832,0.4035245,0.71519315,0.10568463,0.712263,0.6446817,0.5962934,0.705986,0.255872,0.5549425,-0.014457556,-0.28572872,-0.0044148965,0.14383782,0.10707192,0.6089016,0.40244043,0.24458382,0.69767904,-0.045006346,0.63654613,-0.28657556,-0.010153618,-0.32590282,-0.087061584,-0.43204224,-0.25303578,-0.17449829,-0.17524154,-0.14564626,-0.105933726,-0.13232002,-0.19234121,-0.16166835,-0.024347477,0.25842065,-0.1511505,0.8010399,0.6546446,0.7387389,0.5793584,0.45821136,0.36606324,0.66512215,0.4486075,-0.17651477,-0.14444347,-0.078276746,-0.09208822,-0.079707265,-0.2818466,0.5839347,-0.09351641,0.6968271,0.45439845,0.6185116,0.69095814,0.69096065,0.100191385,0.62653863,-0.28684613,0.12634005,-0.10925448,0.51542175,0.29165348,0.05228126,0.40380347,0.09319556,-0.45786697,-0.23837692,-0.4803569,-0.36776692,-0.26887172,-0.41063058,-0.46988404,0.13272466,-0.4634109,-0.23832643,-0.10176407,-0.5186981,-0.08106868,-0.15379737,-0.28024814,-0.2891773,-0.17770481,0.22627014,-0.19088413
0.65827537,0.9360744,0.757731,0.85724413,0.84819824,0.74909997,0.5197035,0.88799,0.6715292,-0.46271706,-0.35538447,-0.30731437,-0.3819993,-0.3254464,0.36146826,0.7878058,0.026894605,0.8853512,0.7620826,0.81968,0.86626774,0.07455219,0.5970374,-0.029513512,-0.5503028,-0.110893466,0.020450495,-0.11138917,0.69233096,0.3579639,0.2566059,0.5748179,-0.17381498,0.7408759,-0.55509067,0.28891554,-0.27609944,-0.22036633,-0.5477419,-0.4200558,-0.20759183,-0.5431019,-0.30266142,-0.15504718,-0.25246072,-0.273596,-0.30464944,-0.0914071,0.13970627,-0.16113865,0.7360351,0.9289962,0.88322103,0.84555423,0.76479876,0.56332743,0.9157562,0.738984,-0.5078592,-0.45373228,-0.2666635,-0.34349334,-0.20592485,-0.41803294,0.71886384,-0.21834049,0.68899596,0.55066216,0.7063858,0.9203757,0.8713571,0.0031699426,0.77230775,-0.40956166,0.011030339,-0.27846754,0.66002995,0.3192442,-0.01210211,0.05532579,0.07327436,-0.54378676,-0.36488914,-0.65466905,-0.4484972,-0.47499377,-0.39038908,-0.68086195,0.3416143,-0.52773255,-0.42402107,-0.3801456,-0.63736826,-0.37501436,-0.4769982,-0.3535295,-0.35571676,-0.2802577,0.08768992,-0.22037564
0.49049002,0.757731,0.9389889,0.63094616,0.652869,0.9204198,0.37638646,0.86828244,0.910964,-0.3618673,-0.22808129,-0.1861668,-0.25904664,-0.24955112,0.31436288,0.5458844,-0.0073552663,0.7232852,0.56030023,0.7289221,0.6661558,0.014731709,0.611697,0.0004899474,-0.37603334,-0.002890544,0.10731682,-0.124388665,0.6079387,0.35468948,0.1131655,0.4459435,-0.29151702,0.49494684,-0.6167899,0.360591,-0.29102576,-0.28374353,-0.55718505,-0.41562504,-0.2954875,-0.5147401,-0.39457506,-0.21138933,-0.3314305,-0.34953925,-0.40611118,-0.17166318,0.09019312,-0.2151553,0.609753,0.81319785,0.65629596,0.60733724,0.9081734,0.8403982,0.7905951,0.9139384,-0.39631385,-0.3323998,-0.13243443,-0.2270858,0.023398891,-0.32554364,0.6442374,-0.16233003,0.48102117,0.500464,0.49456048,0.7766907,0.68663263,0.068059415,0.7687354,-0.2895709,0.06133273,-0.16287217,0.580183,0.475084,-0.22505066,-0.13783167,0.05236132,-0.614471,-0.46241897,-0.56322587,-0.31684655,-0.5291483,-0.3979821,-0.6527935,0.3177456,-0.46020737,-0.50308156,-0.4077863,-0.510442,-0.50538087,-0.5093547,-0.40979663,-0.4173298,-0.37114698,0.056962054,-0.27353793
0.580296,0.85724413,0.63094616,0.9059367,0.82514083,0.6227697,0.43346536,0.76767254,0.5443245,-0.41183686,-0.35796157,-0.24980663,-0.32735574,-0.33345723,0.27946666,0.74597526,0.08384707,0.78784907,0.68802726,0.7105286,0.77784884,0.08546585,0.49784356,0.022897962,-0.49650237,-0.08105132,-0.02999259,-0.14248818,0.5953667,0.28160095,0.18738276,0.53742665,-0.19556633,0.675538,-0.5127592,0.26055014,-0.2475422,-0.19496629,-0.49729985,-0.36240107,-0.21508509,-0.5358415,-0.30919686,-0.19128223,-0.26875073,-0.28489998,-0.3132909,-0.13228714,0.070429675,-0.16995493,0.6583502,0.8309631,0.82468027,0.8817841,0.64288586,0.4172226,0.81132066,0.6175774,-0.4452703,-0.42055804,-0.21217558,-0.28897515,-0.19003563,-0.4230034,0.63318557,-0.23204273,0.6205963,0.4917801,0.6791613,0.8235285,0.7830893,0.044002146,0.6675396,-0.32598054,0.049386285,-0.22001338,0.59253955,0.28539023,-0.0065372023,0.04337445,0.12463835,-0.47548407,-0.33529398,-0.55408084,-0.37756687,-0.39167237,-0.33773923,-0.59960485,0.2994453,-0.4388982,-0.39476037,-0.33578876,-0.5445626,-0.33817202,-0.3948068,-0.35415727,-0.34261313,-0.27334914,0.017593652,-0.21720362
0.54369646,0.84819824,0.652869,0.82514083,0.88246226,0.66041553,0.5922958,0.7801903,0.5828591,-0.46827322,-0.40151483,-0.42497045,-0.5085018,-0.2579763,0.3833421,0.69616425,-0.12659407,0.78011346,0.66000825,0.80196154,0.79221964,-0.04928748,0.4632799,-0.11953115,-0.6207191,-0.27695832,-0.027414503,-0.075250976,0.6423868,0.350641,0.38629663,0.4927709,0.009312395,0.6969068,-0.4238754,0.40216458,-0.05071658,-0.015655674,-0.3377527,-0.27386835,0.0043737506,-0.47603753,-0.12139831,0.009543272,-0.07309174,-0.076003045,-0.13142832,0.071297795,0.23158789,0.058642793,0.5830364,0.82168436,0.7751144,0.81504357,0.6659776,0.43290782,0.8120391,0.64507055,-0.5718614,-0.53656787,-0.43071723,-0.4774642,-0.35889637,-0.3477088,0.6211097,-0.08503044,0.6661273,0.42114365,0.5611438,0.8172239,0.8050616,-0.16097474,0.6486188,-0.45004466,-0.18012308,-0.41854125,0.60402125,0.17040008,0.18758786,0.10306071,-0.07899326,-0.33282596,-0.16090757,-0.65012443,-0.46473467,-0.42141977,-0.16955563,-0.59169793,0.4688362,-0.44204336,-0.22239643,-0.27459964,-0.55527854,-0.22217298,-0.4769367,-0.13925986,-0.13064334,-0.06510886,0.19131035,-0.00022810092
0.5121994,0.74909997,0.9204198,0.6227697,0.66041553,0.932441,0.46862665,0.8661718,0.8912295,-0.3624368,-0.2013101,-0.23418707,-0.31018308,-0.17031915,0.39946637,0.53756094,-0.08448358,0.72757363,0.5750991,0.7591347,0.6861446,-0.020891864,0.62434673,-0.07575868,-0.4193352,-0.070072174,0.14197356,-0.05254489,0.63264036,0.4073997,0.21902287,0.44293225,-0.18153885,0.5084492,-0.5640586,0.34600815,-0.23182425,-0.22176135,-0.50985193,-0.40181637,-0.19443132,-0.4436462,-0.2938648,-0.10235727,-0.2263209,-0.24993467,-0.31096017,-0.062287122,0.19054076,-0.124031544,0.6122538,0.81257397,0.65708935,0.5979322,0.896369,0.8390295,0.79446423,0.9014951,-0.42183787,-0.31882226,-0.19548151,-0.27574265,-0.037144285,-0.24246152,0.67712885,-0.07326455,0.5135224,0.5111592,0.4635867,0.77498907,0.71371484,-0.019669032,0.77088755,-0.3696068,-0.0058179563,-0.24353445,0.5727231,0.41669756,-0.1400289,-0.07024725,-0.043470252,-0.58119863,-0.39742455,-0.6226334,-0.38440445,-0.5662031,-0.36386564,-0.6617886,0.3429836,-0.4943183,-0.43785393,-0.38439363,-0.55384046,-0.44392616,-0.52974737,-0.31427222,-0.3351739,-0.29073358,0.15960343,-0.18608838
0.45194072,0.5197035,0.37638646,0.43346536,0.5922958,0.46862665,0.8548817,0.4907733,0.34786677,-0.25182465,-0.15861876,-0.47603396,-0.55206716,0.23066449,0.69260967,0.42332697,-0.40754855,0.5298492,0.5066517,0.68122375,0.5993566,-0.08351881,0.40245995,-0.37212914,-0.55983305,-0.51272464,0.21725759,0.39545232,0.5883235,0.59815586,0.7496784,0.31852102,0.52213156,0.5761274,0.017539352,0.3319544,0.342391,0.31888908,0.05586152,-0.057492718,0.5012437,-0.028206253,0.40920272,0.5345813,0.48064053,0.45669657,0.39899966,0.5843891,0.6609447,0.50189936,0.36379772,0.48304713,0.45561492,0.4148721,0.4391952,0.26592764,0.5188389,0.3707706,-0.4426468,-0.33858913,-0.6125499,-0.55769265,-0.4615836,0.160045,0.53507155,0.41519395,0.5633018,0.3322198,0.19354749,0.5055912,0.62448364,-0.45511976,0.45588216,-0.6021888,-0.4442311,-0.62066555,0.4452464,-0.05989618,0.52391267,0.3072846,-0.44934732,0.011047094,0.23657839,-0.63086104,-0.5411939,-0.33291718,0.15609725,-0.34061956,0.44960648,-0.41147846,0.18337953,-0.0648971,-0.4767667,0.15976694,-0.3909205,0.37186682,0.33229107,0.3755799,0.5938699,0.41634905
0.6060394,0.88799,0.86828244,0.76767254,0.7801903,0.8661718,0.4907733,0.95400155,0.8028107,-0.457442,-0.2864267,-0.27646172,-0.33247453,-0.27501124,0.37833807,0.70218253,-0.0060915886,0.8677552,0.731157,0.8210703,0.833223,0.022175413,0.63209426,-0.06944241,-0.5072228,-0.08657672,0.051772177,-0.1109298,0.6812856,0.3682394,0.23752888,0.48860294,-0.22686508,0.6582807,-0.63526154,0.2773645,-0.3112985,-0.30417418,-0.61822236,-0.508888,-0.23757716,-0.5638724,-0.35407645,-0.14294967,-0.27473938,-0.29621157,-0.35441586,-0.09857677,0.16792157,-0.18332985,0.7183354,0.9371333,0.82779825,0.75320995,0.8730258,0.71101165,0.9299218,0.84567034,-0.48492128,-0.37443596,-0.21258968,-0.2913627,-0.10581331,-0.32114702,0.77492696,-0.18496567,0.5872325,0.62050825,0.6361805,0.9108142,0.8564017,0.005470904,0.81953865,-0.4393651,0.05082819,-0.26778662,0.6223576,0.37122846,-0.13185674,-0.09353967,0.036513485,-0.6449384,-0.46130556,-0.7002751,-0.4767893,-0.5991814,-0.45439354,-0.7488413,0.28365365,-0.5938357,-0.5232245,-0.49268097,-0.6790897,-0.4935311,-0.5812685,-0.38778445,-0.40736488,-0.35649097,0.0838483,-0.25908068
0.4023974,0.6715292,0.910964,0.5443245,0.5828591,0.8912295,0.34786677,0.8028107,0.92738533,-0.32279384,-0.19518836,-0.14484555,-0.22585236,-0.16998017,0.30771446,0.4549209,-0.011114992,0.6328577,0.47466722,0.66289765,0.58165336,0.007832406,0.58697784,0.018982373,-0.33290035,0.01791332,0.15778741,-0.088925794,0.55466473,0.35718307,0.08536922,0.37194723,-0.26967946,0.40715617,-0.55908763,0.35948452,-0.24287456,-0.26045966,-0.49419868,-0.35846847,-0.2694896,-0.46128196,-0.35988933,-0.19226769,-0.30416274,-0.32259047,-0.37393552,-0.15553427,0.07525657,-0.1970129,0.51761395,0.73591334,0.5590136,0.52458596,0.88651156,0.8470439,0.7050795,0.9074801,-0.37381798,-0.28616703,-0.09524608,-0.19530377,0.05971063,-0.2560952,0.59038633,-0.10953091,0.3957315,0.45253354,0.41333807,0.6892674,0.6011623,0.067852415,0.7233788,-0.24108107,0.059614033,-0.14418525,0.52136016,0.47696736,-0.24021272,-0.18018618,0.03601091,-0.56653416,-0.43478042,-0.49993676,-0.25766698,-0.49833024,-0.34614044,-0.5850306,0.31213927,-0.38995838,-0.477754,-0.3909074,-0.44125754,-0.49401033,-0.47217926,-0.37467402,-0.38383487,-0.34652522,0.0570686,-0.24518943
-0.142322,-0.46271706,-0.3618673,-0.41183686,-0.46827322,-0.3624368,-0.25182465,-0.457442,-0.32279384,0.8056242,0.673299,0.61455595,0.38384855,0.42071432,0.07056629,-0.35414618,0.19550367,-0.48095545,-0.35454383,-0.5053808,-0.48283044,0.33961964,0.0060328543,0.29364607,0.6830519,0.46144366,0.3855723,0.3219603,-0.19354741,0.15942667,-0.29305348,0.015245091,-0.011797954,-0.39967728,0.4150285,-0.16741651,0.06157864,0.17897058,0.29945245,0.3952402,-0.06104312,0.57906294,0.0965209,-0.058384843,0.02007781,-0.0015241825,0.07311252,-0.09042467,-0.06830113,-0.03975888,-0.19810301,-0.4734438,-0.43271023,-0.40005735,-0.38991106,-0.13892661,-0.46984202,-0.37674737,0.7161147,0.6457292,0.41895714,0.3571006,0.3705786,0.24918199,-0.30466968,0.28378683,-0.17667356,-0.21673542,-0.285575,-0.49953327,-0.5070597,0.3334207,-0.22312893,0.4992959,0.25607195,0.5463468,-0.18527557,0.17833474,-0.117959596,0.23566788,0.17331663,0.2358727,0.13803148,0.55189,0.45637587,0.4320628,0.16911337,0.52012825,-0.20192707,0.4064263,0.25191456,0.46298102,0.5049825,0.30315757,0.5403125,0.08350691,0.08571631,0.07860641,0.018247597,0.031585313
-0.070806235,-0.35538447,-0.22808129,-0.35796157,-0.40151483,-0.2013101,-0.15861876,-0.2864267,-0.19518836,0.673299,0.8579027,0.5362445,0.36535826,0.43653584,0.17148155,-0.33655214,0.08558889,-0.3287278,-0.20261586,-0.37671164,-0.35405242,0.20827225,0.05152688,0.044158917,0.6224725,0.3682316,0.30312085,0.31358606,-0.15817896,0.13674966,-0.123377256,-0.08229933,-0.010653381,-0.36667764,0.22779149,-0.31409806,-0.038889505,0.0024931976,0.07931906,0.10161686,-0.035300463,0.52247643,0.061409317,0.098793134,0.07184414,0.04462661,0.04509903,0.017881546,0.13162054,-0.0060579916,-0.055452548,-0.33356944,-0.30807433,-0.34872106,-0.25140226,-0.014255861,-0.29281035,-0.2706197,0.72090375,0.7666272,0.38769886,0.34947038,0.38086826,0.42948526,-0.045613334,0.32283813,-0.1904534,0.07440707,-0.2505538,-0.36174217,-0.31288028,0.23212367,-0.09191687,0.20056155,0.2956099,0.43211377,-0.22690973,0.09346081,-0.21592495,0.097683735,0.02736852,-0.019844918,-0.041060805,0.25295034,0.15349472,0.08429373,-0.029801268,0.24339068,-0.35612231,0.047989167,0.07190021,0.20451546,0.19288321,0.11728059,0.25187773,0.08252022,0.014099579,-0.032410514,0.105945386,0.0064788954
-0.06567912,-0.30731437,-0.1861668,-0.24980663,-0.42497045,-0.23418707,-0.47603396,-0.27646172,-0.14484555,0.61455595,0.5362445,0.8550494,0.6085329,0.17907289,-0.11699355,-0.14854783,0.6080843,-0.29281583,-0.17302325,-0.48718876,-0.34823823,0.59846807,0.17519666,0.6043384,0.72929734,0.80337834,0.42132288,0.15925826,-0.1615188,0.07028207,-0.64249504,0.0629755,-0.44402483,-0.29325813,0.1388574,-0.26059583,-0.3366632,-0.24936897,-0.10440995,0.13803306,-0.52760327,0.28247195,-0.32044992,-0.4887879,-0.40143514,-0.4611616,-0.30891067,-0.49919727,-0.433361,-0.52077264,-0.016903054,-0.28390136,-0.22656772,-0.24280986,-0.21224743,-0.0020983517,-0.3084954,-0.18202327,0.7135587,0.6451995,0.74670506,0.60342264,0.6748182,-0.0018077381,-0.19646886,-0.06510541,-0.20458129,-0.01711724,0.064724624,-0.30491894,-0.4062933,0.7437645,-0.026456475,0.6606796,0.6635679,0.843894,-0.0698166,0.49408257,-0.5318795,-0.015125714,0.62034965,-0.12641802,-0.29851255,0.60230136,0.5938567,0.40433836,-0.1943458,0.39736813,-0.41155416,0.3383129,-0.18984382,0.1810106,0.42364186,-0.06840053,0.5428175,-0.4130417,-0.40424418,-0.3895333,-0.3810864,-0.45404065
-0.10930443,-0.3819993,-0.25904664,-0.32735574,-0.5085018,-0.31018308,-0.55206716,-0.33247453,-0.22585236,0.38384855,0.36535826,0.6085329,0.91304696,0.12463902,-0.23588754,-0.22437058,0.48638505,-0.31624538,-0.2194606,-0.5178253,-0.36880228,0.3294977,-0.03514588,0.3088423,0.52075243,0.5605099,0.12690613,-0.011714542,-0.31777793,-0.17896909,-0.5661771,-0.08910142,-0.40687835,-0.36822253,0.0056955433,-0.47285992,-0.39222452,-0.35928053,-0.19842614,-0.061048146,-0.47246718,0.11610332,-0.33199817,-0.3898208,-0.36720932,-0.40592682,-0.29697764,-0.42575756,-0.35320136,-0.4696368,-0.03807772,-0.3300443,-0.24827172,-0.29194605,-0.31132877,-0.10489455,-0.3316304,-0.25871256,0.59728056,0.5916002,0.8124393,0.8804078,0.7340269,0.12495979,-0.16095921,-0.123697855,-0.33078963,0.056677926,-0.0047418107,-0.3351751,-0.38725853,0.54738545,-0.14787072,0.44529745,0.681056,0.6144351,-0.2790994,0.2617376,-0.5629791,-0.12578082,0.46483624,-0.2089802,-0.3547898,0.43161052,0.35739213,0.18020302,-0.28346178,0.20702365,-0.56717074,0.130947,-0.25884944,-0.009927509,0.25545,-0.16515005,0.36646974,-0.39323625,-0.4110561,-0.4249453,-0.37531173,-0.43053183
-0.12396832,-0.3254464,-0.24955112,-0.33345723,-0.2579763,-0.17031915,0.23066449,-0.27501124,-0.16998017,0.42071432,0.43653584,0.17907289,0.12463902,0.82294583,0.5168894,-0.31944132,-0.16640592,-0.30324116,-0.1376673,-0.20189732,-0.23775461,0.15947893,0.13695365,-0.12469903,0.24178532,-0.023159731,0.534585,0.69846404,-0.036855184,0.49561167,0.30024412,-0.14113699,0.4557686,-0.18653716,0.505335,-0.09756536,0.37706387,0.30402368,0.38083404,0.24232224,0.42142674,0.54084986,0.5132806,0.5059631,0.5331212,0.47863287,0.5031083,0.47681674,0.41914982,0.3947037,-0.18592532,-0.34323707,-0.3428654,-0.3497287,-0.18483031,-0.07439364,-0.2944354,-0.23629788,0.3551741,0.44562632,0.039895453,0.101548605,0.16528092,0.6846861,0.022778325,0.7144083,-0.12194739,0.053834613,-0.36911997,-0.3688016,-0.23457968,-0.09159063,-0.060263284,-0.014066733,-0.061909236,0.016573122,-0.16100377,0.005944376,0.2095374,0.1755467,-0.25804833,0.27400002,0.30591896,0.13210225,0.05746673,0.11652869,0.30716655,0.34898376,-0.12547891,0.056031995,0.3519436,0.2011089,0.1635665,0.35473236,0.18090288,0.46232533,0.39585793,0.36335945,0.34808016,0.35430932
0.4035245,0.36146826,0.31436288,0.27946666,0.3833421,0.39946637,0.69260967,0.37833807,0.30771446,0.07056629,0.17148155,-0.11699355,-0.23588754,0.5168894,0.8521912,0.29106003,-0.22241035,0.3814783,0.42777646,0.4818102,0.43637857,0.13410765,0.5347324,-0.22278142,-0.22972076,-0.22054648,0.49467903,0.58486205,0.5366518,0.7177785,0.5831859,0.28912142,0.41724896,0.38781396,0.11278117,0.15655278,0.2620322,0.24215841,0.036461312,-0.003064815,0.35865998,0.16692159,0.34301102,0.46192044,0.41021317,0.35816732,0.33039477,0.49197853,0.6199528,0.37844366,0.36088884,0.34165126,0.32448488,0.25498182,0.36759287,0.31166774,0.38475835,0.2962552,-0.07618441,0.046407837,-0.27337676,-0.25336146,-0.09966383,0.3589297,0.55047625,0.56473166,0.43941227,0.41460901,0.12082519,0.33465475,0.45690566,-0.19799006,0.4844321,-0.38815913,-0.16319248,-0.3144015,0.35890752,0.15024303,0.3049742,0.29189283,-0.3140931,-0.07267263,0.12416351,-0.42539898,-0.34309176,-0.25516737,0.08918206,-0.17876278,0.23122893,-0.34016347,0.12171763,-0.0074269376,-0.33095235,0.13996947,-0.19831933,0.28535312,0.22983795,0.26136243,0.54275036,0.305935
0.71519315,0.7878058,0.5458844,0.74597526,0.69616425,0.53756094,0.42332697,0.70218253,0.4549209,-0.35414618,-0.33655214,-0.14854783,-0.22437058,-0.31944132,0.29106003,0.901775,0.258537,0.8414751,0.7870158,0.6913134,0.83922815,0.30541682,0.58486724,0.15528911,-0.44538796,0.033137,0.08573827,-0.03856746,0.6815217,0.33067226,0.13574249,0.5988573,-0.20367065,0.8211801,-0.4039276,0.18435965,-0.330464,-0.23355877,-0.5186952,-0.32759798,-0.27941108,-0.44474536,-0.29554898,-0.2600972,-0.28492466,-0.33692265,-0.2769903,-0.16933855,0.041059025,-0.27769387,0.7384329,0.77045876,0.86149603,0.74022216,0.5579041,0.3457674,0.7580542,0.5328793,-0.37785178,-0.3577065,-0.12169942,-0.19650155,-0.1368446,-0.48335755,0.6072593,-0.28895393,0.7145397,0.5032154,0.8313214,0.8236091,0.7877304,0.17642723,0.68423736,-0.25367385,0.15962487,-0.115392365,0.6868566,0.338167,-0.02296241,0.1558181,0.29408854,-0.4685802,-0.35060138,-0.4700237,-0.30575013,-0.24292201,-0.4043916,-0.5016165,0.2198582,-0.40374225,-0.38998783,-0.289496,-0.53344893,-0.27787066,-0.24569133,-0.42981327,-0.41475546,-0.3001868,0.0013776934,-0.31867468
0.10568463,0.026894605,-0.0073552663,0.08384707,-0.12659407,-0.08448358,-0.40754855,-0.0060915886,-0.011114992,0.19550367,0.08558889,0.6080843,0.48638505,-0.16640592,-0.22241035,0.258537,0.8906347,0.07924682,0.18751658,-0.20732403,0.038808398,0.6833397,0.28181314,0.732954,0.35550553,0.7623863,0.25320637,-0.06039698,0.043314178,-0.013041993,-0.6652521,0.13354033,-0.6190294,0.10728268,-0.116508305,-0.17678005,-0.5216902,-0.5089714,-0.3961987,-0.104748175,-0.70513034,-0.15425108,-0.53601515,-0.7029483,-0.6116793,-0.689217,-0.48601794,-0.66318023,-0.61412686,-0.75080645,0.19265488,0.038073964,0.15455641,0.089824334,-0.016155219,0.00511178,-0.004528657,0.013878612,0.3355518,0.2955746,0.682426,0.50644714,0.56282735,-0.32178402,0.00830624,-0.41727573,-0.007828454,0.18427688,0.5109974,0.060884833,-0.06896563,0.8308803,0.18540761,0.5308801,0.76467323,0.71831024,0.19629678,0.545774,-0.6001686,-0.2008748,0.8843596,-0.32875413,-0.530737,0.39913076,0.4606074,0.2963139,-0.40345153,0.14486176,-0.36554384,0.17976707,-0.48670253,-0.15464687,0.15476818,-0.3418576,0.3590575,-0.70886135,-0.68051934,-0.61934114,-0.62167966,-0.716216
0.712263,0.8853512,0.7232852,0.78784907,0.78011346,0.72757363,0.5298492,0.8677552,0.6328577,-0.48095545,-0.3287278,-0.29281583,-0.31624538,-0.30324116,0.3814783,0.8414751,0.07924682,0.9568002,0.84765756,0.83539844,0.9285557,0.1122784,0.6137073,-0.050307628,-0.56203777,-0.10400132,0.02299218,-0.0764979,0.73316455,0.35134655,0.2848022,0.53251445,-0.17201722,0.8114039,-0.56375575,0.19232908,-0.3324534,-0.3048052,-0.62221336,-0.51247525,-0.21389997,-0.5430881,-0.3041227,-0.12730947,-0.23395014,-0.27036923,-0.29390177,-0.07127275,0.19383153,-0.1900335,0.7825107,0.90468776,0.9183271,0.7796006,0.7318369,0.5251334,0.9080368,0.70036846,-0.49109918,-0.38509548,-0.22452521,-0.28142664,-0.17762887,-0.35745955,0.78573906,-0.22839868,0.6884004,0.6503506,0.7660612,0.9438859,0.9286957,0.018102985,0.7855494,-0.4777631,0.08100586,-0.28233027,0.68059313,0.29136387,-0.050627507,0.007121482,0.0981683,-0.6072649,-0.42756212,-0.7068996,-0.5240667,-0.5322129,-0.47478494,-0.7214602,0.23448813,-0.62329495,-0.49020433,-0.48097652,-0.73450124,-0.4201032,-0.5157524,-0.38099575,-0.40222424,-0.3301198,0.09009498,-0.2708425
0.6446817,0.7620826,0.56030023,0.68802726,0.66000825,0.5750991,0.5066517,0.731157,0.47466722,-0.35454383,-0.20261586,-0.17302325,-0.2194606,-0.1376673,0.42777646,0.7870158,0.18751658,0.84765756,0.8848825,0.6988658,0.8527802,0.25398082,0.6127839,-0.0070381616,-0.44043756,-0.021122895,0.14855193,0.09971052,0.65214777,0.3870671,0.29074845,0.403072,-0.112930745,0.774693,-0.41102296,0.019921364,-0.30637956,-0.33643836,-0.5918384,-0.5112309,-0.17303741,-0.406167,-0.2099972,-0.055335328,-0.13558815,-0.20463786,-0.17944749,0.0045737224,0.20825846,-0.19102879,0.7094313,0.77052826,0.83790374,0.6821548,0.59135485,0.38420248,0.7869973,0.5371546,-0.3346769,-0.18592015,-0.11876729,-0.18039544,-0.08738282,-0.15733826,0.78173774,-0.12457751,0.5791699,0.7180351,0.7521292,0.8117455,0.83685887,0.100050315,0.72696507,-0.45746654,0.18563382,-0.18653491,0.5777255,0.2668234,-0.0696718,-0.019075878,0.16617954,-0.57337403,-0.42000633,-0.6229129,-0.48748064,-0.4571194,-0.46809447,-0.59929323,0.047472663,-0.62752664,-0.48149824,-0.51000917,-0.7223683,-0.37014598,-0.4166841,-0.34061813,-0.3873284,-0.31973612,0.060944617,-0.28899276
0.5962934,0.81968,0.7289221,0.7105286,0.80196154,0.7591347,0.68122375,0.8210703,0.66289765,-0.5053808,-0.37671164,-0.48718876,-0.5178253,-0.20189732,0.4818102,0.6913134,-0.20732403,0.83539844,0.6988658,0.9254458,0.84233725,-0.10763214,0.5224164,-0.2188335,-0.67779016,-0.35048175,0.0017619058,-0.020779558,0.755007,0.41125455,0.47115755,0.4724848,0.05424842,0.736861,-0.4510107,0.44690818,-0.026160203,-0.019045778,-0.36029276,-0.32152018,0.06263677,-0.45724958,-0.084552854,0.10245001,-0.015809998,-0.018446438,-0.09539518,0.15585834,0.3834232,0.11300013,0.6197659,0.8220352,0.77073133,0.6941643,0.749073,0.5477273,0.83061254,0.71261746,-0.61786264,-0.53705853,-0.4752234,-0.48794937,-0.36425096,-0.26257104,0.6943613,-0.013413968,0.7038527,0.48668748,0.52852553,0.84876525,0.86780417,-0.24778378,0.6985974,-0.5582851,-0.22376043,-0.51778674,0.6810347,0.15279998,0.18307406,0.083161086,-0.17866477,-0.37605077,-0.1744258,-0.7549542,-0.56588703,-0.52825606,-0.18112008,-0.66746783,0.5057356,-0.53166837,-0.23954864,-0.33269858,-0.64193773,-0.2565942,-0.58249056,-0.09656024,-0.10780031,-0.04778775,0.33712506,0.043549206
0.705986,0.86626774,0.6661558,0.77784884,0.79221964,0.6861446,0.5993566,0.833223,0.58165336,-0.48283044,-0.35405242,-0.34823823,-0.36880228,-0.23775461,0.43637857,0.83922815,0.038808398,0.9285557,0.8527802,0.84233725,0.9403696,0.104181655,0.60375714,-0.10031227,-0.59873974,-0.17511675,0.05387631,0.003564848,0.7431742,0.38984993,0.37444627,0.50670934,-0.07173669,0.84297013,-0.47971058,0.21910256,-0.23039752,-0.21726097,-0.53729326,-0.45843163,-0.110730216,-0.49306828,-0.19574217,-0.02923549,-0.12941313,-0.16631866,-0.18351518,0.031476125,0.2580028,-0.09846759,0.74592465,0.8650541,0.89878726,0.7658503,0.69335186,0.46308726,0.87835306,0.64327985,-0.5099523,-0.4112815,-0.29677504,-0.33876175,-0.24710649,-0.29684186,0.76903135,-0.14760655,0.70719236,0.64143133,0.7388131,0.91081977,0.92273986,-0.04569476,0.7540012,-0.517991,0.008390024,-0.34638542,0.6773304,0.22726993,0.04915248,0.061066564,0.046893448,-0.52365947,-0.33429357,-0.716329,-0.5488681,-0.5017172,-0.38769484,-0.67851627,0.26929462,-0.61422276,-0.3983977,-0.43986112,-0.7292985,-0.33944958,-0.5037866,-0.279544,-0.3027243,-0.2312352,0.16581598,-0.18059656
0.255872,0.07455219,0.014731709,0.08546585,-0.04928748,-0.020891864,-0.08351881,0.022175413,0.007832406,0.33961964,0.20827225,0.59846807,0.3294977,0.15947893,0.13410765,0.30541682,0.6833397,0.1122784,0.25398082,-0.10763214,0.104181655,0.84810257,0.47455016,0.66010606,0.376013,0.6572632,0.59465617,0.36387417,0.2172127,0.37928262,-0.34748954,0.29216215,-0.26915187,0.2056598,0.16328497,-0.11254337,-0.28530005,-0.20779054,-0.17431764,0.089987725,-0.42116928,0.15978628,-0.18216166,-0.41284442,-0.26445758,-0.38792104,-0.16230994,-0.33342728,-0.29536608,-0.49251813,0.25250402,0.049127318,0.16210678,0.07639396,0.027368391,0.06013117,0.014832529,0.02345232,0.35364962,0.32736456,0.49933612,0.3259551,0.42334378,-0.13438213,0.08278984,-0.06231469,0.15639316,0.1777283,0.4235357,0.061647028,-0.01406366,0.70274717,0.2854066,0.45537937,0.5610597,0.6179701,0.2927172,0.5759978,-0.28662342,0.109299794,0.66355765,-0.167704,-0.25750145,0.37771386,0.43478626,0.36780518,-0.2329828,0.28618592,-0.22863626,0.20365052,-0.21506664,0.06616051,0.16219509,-0.027142335,0.46950567,-0.4252782,-0.40997118,-0.31888813,-0.28190303,-0.47075498
0.5549425,0.5970374,0.611697,0.49784356,0.4632799,0.62434673,0.40245995,0.63209426,0.58697784,0.0060328543,0.05152688,0.17519666,-0.03514588,0.13695365,0.5347324,0.58486724,0.28181314,0.6137073,0.6127839,0.5224164,0.60375714,0.47455016,0.85044944,0.26300377,-0.11036718,0.2640528,0.5538597,0.34106275,0.64370716,0.6733484,0.08528462,0.49112314,-0.17205161,0.524646,-0.2257572,0.15299502,-0.25083393,-0.2167783,-0.42695633,-0.20771204,-0.28085816,-0.15542601,-0.21875766,-0.17838256,-0.1993902,-0.29376838,-0.22517964,-0.113725774,0.12428458,-0.2575677,0.6163631,0.6130395,0.5912099,0.48079985,0.62681746,0.5722681,0.6011386,0.60294044,-0.061509937,0.02356571,0.10675153,-0.02521613,0.21253689,-0.110673815,0.62572134,0.08264303,0.5015831,0.54888296,0.5613446,0.60375357,0.5636008,0.3409706,0.7826477,-0.073442906,0.29369044,0.11662998,0.59723264,0.62864757,-0.19105422,0.062176716,0.26572084,-0.50165737,-0.3897322,-0.28514642,-0.0848078,-0.20812246,-0.35041213,-0.29515296,0.1054745,-0.2993247,-0.39446375,-0.23665434,-0.34615606,-0.27282608,-0.113202244,-0.3794425,-0.40108103,-0.31487262,0.0639459,-0.31506392
-0.014457556,-0.029513512,0.0004899474,0.022897962,-0.11953115,-0.07575868,-0.37212914,-0.06944241,0.018982373,0.29364607,0.044158917,0.6043384,0.3088423,-0.12469903,-0.22278142,0.15528911,0.732954,-0.050307628,-0.0070381616,-0.2188335,-0.10031227,0.66010606,0.26300377,0.8805318,0.42275766,0.7262121,0.35744214,0.0062352126,0.051545516,0.08221441,-0.6870508,0.16130154,-0.5171824,0.029644469,0.056463487,0.1238471,-0.27489465,-0.22737658,-0.10845613,0.21834931,-0.58888555,-0.0107613355,-0.40364757,-0.69175625,-0.5255507,-0.58663666,-0.38367218,-0.62374586,-0.6575421,-0.60666376,0.018928457,-0.04951311,0.0016097336,0.022625744,-0.0064497297,0.04366404,-0.120452546,0.026050353,0.30800837,0.15294209,0.5351826,0.30689877,0.43477082,-0.42461082,-0.20902911,-0.31125468,0.0093481,-0.09854233,0.33898985,-0.04895162,-0.22139713,0.7772721,0.11334571,0.7221792,0.53324,0.7260177,0.25326717,0.59662664,-0.42137665,-0.08632998,0.78969634,-0.0625345,-0.27558482,0.59378415,0.69699633,0.5267333,-0.1185388,0.38208625,-0.061990645,0.48653597,-0.23783994,0.122622505,0.4390049,-0.13741201,0.52009755,-0.54206866,-0.4641827,-0.39376897,-0.52959466,-0.5229211
-0.28572872,-0.5503028,-0.37603334,-0.49650237,-0.6207191,-0.4193352,-0.55983305,-0.5072228,-0.33290035,0.6830519,0.6224725,0.72929734,0.52075243,0.24178532,-0.22972076,-0.44538796,0.35550553,-0.56203777,-0.44043756,-0.67779016,-0.59873974,0.376013,-0.11036718,0.42275766,0.85343033,0.64229417,0.27499843,0.14104919,-0.41038215,-0.0765392,-0.5435616,-0.14701821,-0.2303988,-0.55113196,0.32173496,-0.32652307,-0.17205086,-0.09130737,0.14738667,0.26858783,-0.28473997,0.47799018,-0.100865126,-0.27390563,-0.18065897,-0.21030346,-0.10952289,-0.3187565,-0.33313757,-0.30202204,-0.26842618,-0.52064276,-0.5034753,-0.49039316,-0.42908037,-0.15628612,-0.5402969,-0.3820899,0.73824507,0.68047696,0.5958315,0.49134576,0.5040475,0.13897136,-0.4279566,0.020519469,-0.41500932,-0.26117298,-0.2748915,-0.56201243,-0.63806653,0.50614834,-0.31037453,0.62298733,0.41817838,0.7246698,-0.3441639,0.22893038,-0.36623627,0.01849088,0.34820938,0.10722036,-0.05690893,0.66919196,0.58343315,0.45867056,-0.027351134,0.53880984,-0.43161106,0.44125694,0.051571786,0.3219544,0.539104,0.11963561,0.57920766,-0.13563633,-0.13499203,-0.15401566,-0.27364522,-0.23330769
-0.0044148965,-0.110893466,-0.002890544,-0.08105132,-0.27695832,-0.070072174,-0.51272464,-0.08657672,0.01791332,0.46144366,0.3682316,0.80337834,0.5605099,-0.023159731,-0.22054648,0.033137,0.7623863,-0.10400132,-0.021122895,-0.35048175,-0.17511675,0.6572632,0.2640528,0.7262121,0.64229417,0.9193066,0.348197,0.0070532747,-0.07110222,0.014839542,-0.742013,0.09406584,-0.64256287,-0.14829886,-0.06518379,-0.21602614,-0.50045544,-0.4524169,-0.31887472,-0.009003197,-0.7163247,0.052763876,-0.5267883,-0.67865366,-0.5976025,-0.6663267,-0.5050268,-0.6733364,-0.58510256,-0.72087383,0.10014628,-0.08288324,-0.038464263,-0.071396664,-0.028848033,0.11317176,-0.12748326,-0.0018818546,0.5821172,0.5113982,0.77538407,0.56931627,0.6919577,-0.20848122,-0.08650094,-0.29489464,-0.15205593,0.101826094,0.2804318,-0.10340738,-0.2491855,0.87045085,0.12419717,0.6570788,0.7677064,0.88886344,0.06810996,0.61802197,-0.68129283,-0.19855702,0.7777934,-0.3135426,-0.50191426,0.5241057,0.57789874,0.3206715,-0.36983228,0.24457768,-0.40828252,0.26778847,-0.4300924,-0.016954163,0.3059805,-0.29030442,0.44965416,-0.6429391,-0.62561685,-0.59624845,-0.55832994,-0.66527104
0.14383782,0.020450495,0.10731682,-0.02999259,-0.027414503,0.14197356,0.21725759,0.051772177,0.15778741,0.3855723,0.30312085,0.42132288,0.12690613,0.534585,0.49467903,0.08573827,0.25320637,0.02299218,0.14855193,0.0017619058,0.05387631,0.59465617,0.5538597,0.35744214,0.27499843,0.348197,0.8874071,0.7083673,0.27133825,0.7176416,0.032758057,0.16559187,0.13624889,0.119283415,0.37618962,0.06368844,0.097494744,0.06994423,0.1149469,0.22373623,0.009565866,0.3793295,0.21281093,0.05068996,0.15758473,0.053369433,0.20050794,0.110470116,0.12069321,-0.042722397,0.102056995,-0.0008911833,-0.014491948,-0.06805836,0.15853323,0.2397447,-0.0111963,0.11959504,0.28316495,0.30787197,0.21305516,0.09735676,0.31494856,0.2312029,0.14715827,0.40340126,0.12129088,0.15084681,0.072840065,-0.02648881,-0.04547615,0.35131252,0.32985505,0.25006932,0.1946649,0.3134175,0.24809662,0.5075042,-0.034365565,0.13602091,0.18464503,0.015088825,0.016310874,0.23756382,0.30907387,0.26989612,0.058711387,0.3375519,-0.017950412,0.16241097,0.04260345,0.13586342,0.1645085,0.15111357,0.32990205,0.007559865,-0.014784844,0.040481083,0.11646508,-0.0637079
0.10707192,-0.11138917,-0.124388665,-0.14248818,-0.075250976,-0.05254489,0.39545232,-0.1109298,-0.088925794,0.3219603,0.31358606,0.15925826,-0.011714542,0.69846404,0.58486205,-0.03856746,-0.06039698,-0.0764979,0.09971052,-0.020779558,0.003564848,0.36387417,0.34106275,0.0062352126,0.14104919,0.0070532747,0.7083673,0.87053156,0.18423128,0.6631229,0.38042945,0.06608352,0.50835073,0.07689877,0.55778897,-0.06763238,0.3132132,0.28943133,0.32826123,0.24615654,0.40392888,0.5320182,0.55406284,0.45130628,0.5364309,0.45331556,0.55167913,0.50087744,0.40638953,0.31471783,-0.013633299,-0.15150319,-0.12160415,-0.1793164,-0.059013464,-0.0028830555,-0.115949966,-0.122570895,0.19340461,0.2891543,-0.05711861,-0.047132593,0.05223883,0.49646586,0.110835716,0.595108,0.092785664,0.093708694,-0.15202121,-0.16166344,-0.056130916,-0.034374658,0.115991354,-0.03907322,-0.08420959,-0.011894711,0.055717096,0.11748073,0.28582743,0.29489717,-0.17110598,0.23162703,0.309828,0.07737696,0.05051848,0.17995927,0.23000006,0.3217584,-0.03761301,0.040952817,0.32305625,0.19860199,0.055905677,0.39375737,0.23637442,0.38344935,0.34070277,0.3618291,0.36276868,0.27378574
0.6089016,0.69233096,0.6079387,0.5953667,0.6423868,0.63264036,0.5883235,0.6812856,0.55466473,-0.19354741,-0.15817896,-0.1615188,-0.31777793,-0.036855184,0.5366518,0.6815217,0.043314178,0.73316455,0.65214777,0.755007,0.7431742,0.2172127,0.64370716,0.051545516,-0.41038215,-0.07110222,0.27133825,0.18423128,0.8372077,0.5553654,0.29751015,0.50566936,-0.009377297,0.7063037,-0.27358562,0.40761018,-0.054257914,-0.018773062,-0.3112814,-0.15753111,-0.050953932,-0.25326744,-0.10542202,-0.018558402,-0.07621078,-0.11659057,-0.10884876,0.047051676,0.29678905,-0.0027946576,0.6103629,0.6822101,0.6839339,0.5823983,0.6246667,0.48836237,0.6811945,0.59607124,-0.32642698,-0.2782145,-0.23285489,-0.3016665,-0.1421645,-0.2258785,0.61793923,0.06783649,0.7078428,0.45707184,0.5788832,0.7238929,0.72311544,0.028709866,0.7075107,-0.2898392,-0.01259646,-0.22201845,0.7474214,0.35409167,0.08660637,0.16479066,0.055252958,-0.33173126,-0.19781044,-0.49500722,-0.29919633,-0.2701341,-0.167665,-0.42320997,0.41706663,-0.3430168,-0.22277224,-0.18830073,-0.43941134,-0.18577993,-0.2884068,-0.18027294,-0.1860322,-0.09297626,0.2834435,-0.053825155
0.40244043,0.3579639,0.35468948,0.28160095,0.350641,0.4073997,0.59815586,0.3682394,0.35718307,0.15942667,0.13674966,0.07028207,-0.17896909,0.49561167,0.7177785,0.33067226,-0.013041993,0.35134655,0.3870671,0.41125455,0.38984993,0.37928262,0.6733484,0.08221441,-0.0765392,0.014839542,0.7176416,0.6631229,0.5553654,0.8807496,0.37667382,0.3775112,0.3084351,0.3918968,0.21528567,0.22043099,0.20093521,0.23305762,0.0676993,0.14397284,0.20259786,0.23160028,0.2919349,0.24648038,0.2927241,0.20435122,0.27920327,0.33590987,0.3918152,0.19232696,0.34496015,0.32331955,0.2946822,0.23677674,0.40658945,0.3737472,0.33403975,0.34818196,-0.01959309,0.041612193,-0.14402309,-0.20346588,0.01874888,0.19251835,0.431618,0.48007125,0.44228536,0.2891761,0.1906572,0.3072364,0.3463914,0.04515175,0.5414686,-0.098504886,-0.06317547,-0.07809226,0.44404894,0.38481218,0.22192775,0.32586467,-0.08074554,-0.04168076,0.10780588,-0.17163421,-0.04197942,0.0031762142,0.08922368,0.026020233,0.25925103,-0.10172874,0.11539126,0.1096504,-0.13365081,0.18117741,0.04412078,0.14633954,0.123026825,0.1977573,0.3905658,0.15581919
0.24458382,0.2566059,0.1131655,0.18738276,0.38629663,0.21902287,0.7496784,0.23752888,0.08536922,-0.29305348,-0.123377256,-0.64249504,-0.5661771,0.30024412,0.5831859,0.13574249,-0.6652521,0.2848022,0.29074845,0.47115755,0.37444627,-0.34748954,0.08528462,-0.6870508,-0.5435616,-0.742013,0.032758057,0.38042945,0.29751015,0.37667382,0.9304979,0.057460465,0.73485136,0.3475947,0.16843855,0.097913325,0.45376098,0.4037306,0.21526276,-0.07824811,0.7483097,0.12794708,0.6385147,0.80399334,0.7330134,0.73843026,0.63645923,0.8307867,0.79263705,0.703063,0.13249624,0.22863391,0.21122453,0.16792691,0.17793298,0.02612143,0.28979602,0.09491563,-0.43536797,-0.27854368,-0.7351148,-0.5756874,-0.6083675,0.39478648,0.3648758,0.49376237,0.31518495,0.1958301,-0.11400994,0.24306336,0.42716992,-0.741727,0.14167064,-0.7661402,-0.63928163,-0.78841144,0.078881115,-0.4436242,0.6605446,0.31968293,-0.7330408,0.17747845,0.43077236,-0.636938,-0.67719245,-0.374358,0.24616088,-0.28466493,0.28384626,-0.46154088,0.36273956,-0.043073874,-0.48502403,0.31847367,-0.43683922,0.63195306,0.579738,0.57597685,0.6959928,0.6147566
0.69767904,0.5748179,0.4459435,0.53742665,0.4927709,0.44293225,0.31852102,0.48860294,0.37194723,0.015245091,-0.08229933,0.0629755,-0.08910142,-0.14113699,0.28912142,0.5988573,0.13354033,0.53251445,0.403072,0.4724848,0.50670934,0.29216215,0.49112314,0.16130154,-0.14701821,0.09406584,0.16559187,0.06608352,0.50566936,0.3775112,0.057460465,0.84911764,-0.05586087,0.48558134,-0.16344489,0.15657131,-0.20361483,0.10935652,-0.20217648,0.058741063,-0.20903525,-0.08222197,-0.1325424,-0.25101367,-0.18459198,-0.23808247,-0.17673807,-0.13715522,0.08101499,-0.15233584,0.65509915,0.5476497,0.5760733,0.5361584,0.39351302,0.35636717,0.5141429,0.4168601,-0.098011486,-0.1919254,-0.032305274,-0.09666282,-0.054244697,-0.44944623,0.32461762,-0.09395263,0.6713722,0.14705412,0.5043874,0.5515605,0.4701317,0.18801408,0.51799583,0.016939221,0.06752833,0.031683356,0.48642683,0.3877445,0.114564195,0.53644955,0.15725732,-0.24320933,-0.06715569,-0.20167539,-0.06307602,0.022328153,-0.21053666,-0.22551425,0.31004858,-0.11981687,-0.033559058,0.2088399,-0.17552118,0.08325793,0.09295748,-0.24873197,-0.20259461,-0.059939597,0.18150023,-0.11810429
-0.045006346,-0.17381498,-0.29151702,-0.19556633,0.009312395,-0.18153885,0.52213156,-0.22686508,-0.26967946,-0.011797954,-0.010653381,-0.44402483,-0.40687835,0.4557686,0.41724896,-0.20367065,-0.6190294,-0.17201722,-0.112930745,0.05424842,-0.07173669,-0.26915187,-0.17205161,-0.5171824,-0.2303988,-0.64256287,0.13624889,0.50835073,-0.009377297,0.3084351,0.73485136,-0.05586087,0.913516,0.032113876,0.57310057,0.09143934,0.67142165,0.6829722,0.6296116,0.32614776,0.8790555,0.46517056,0.8828422,0.8235855,0.8902004,0.8895283,0.8664666,0.8665314,0.64317894,0.7972897,-0.2477365,-0.24250734,-0.23670343,-0.20528862,-0.2216202,-0.2899462,-0.18865985,-0.28959113,-0.18573423,-0.14567697,-0.6107202,-0.4342692,-0.5352264,0.47684672,-0.103473805,0.60776556,0.08229374,-0.22128329,-0.44374597,-0.22789094,-0.048828494,-0.6777226,-0.2532561,-0.4003433,-0.6852295,-0.57996976,-0.16508394,-0.5142786,0.7987741,0.4697578,-0.6913216,0.5963003,0.76019776,-0.17189133,-0.29180893,0.0687446,0.56703043,0.20164035,0.2535263,-0.0066765863,0.7236105,0.35102278,-0.0057255225,0.6765978,-0.012260107,0.8420061,0.8305973,0.8208214,0.6408818,0.7636897
0.63654613,0.7408759,0.49494684,0.675538,0.6969068,0.5084492,0.5761274,0.6582807,0.40715617,-0.39967728,-0.36667764,-0.29325813,-0.36822253,-0.18653716,0.38781396,0.8211801,0.10728268,0.8114039,0.774693,0.736861,0.84297013,0.2056598,0.524646,0.029644469,-0.55113196,-0.14829886,0.119283415,0.07689877,0.7063037,0.3918968,0.3475947,0.48558134,0.032113876,0.87326026,-0.2685057,0.2471824,-0.114417285,-0.085768215,-0.3523197,-0.2579159,-0.03671278,-0.3646859,-0.07353318,-0.020195823,-0.04909222,-0.09258756,-0.0669495,0.06686794,0.20916206,-0.05272378,0.62509704,0.71191776,0.7965534,0.66636187,0.52311933,0.28169525,0.71187305,0.4880653,-0.47864377,-0.4207381,-0.3035525,-0.34871304,-0.29455155,-0.31604624,0.60481447,-0.11514357,0.69385266,0.47199214,0.70502853,0.7741125,0.7983738,-0.01238533,0.62439513,-0.3877039,-0.020752463,-0.30566502,0.67699546,0.19256946,0.1701003,0.1597043,0.10691233,-0.31914976,-0.17598742,-0.5371289,-0.3952753,-0.27566493,-0.22824973,-0.46146244,0.3091238,-0.41302454,-0.2391567,-0.2778621,-0.5551406,-0.16347699,-0.3009293,-0.19860414,-0.1939384,-0.10074943,0.15379536,-0.111939654
-0.28657556,-0.55509067,-0.6167899,-0.5127592,-0.4238754,-0.5640586,0.017539352,-0.63526154,-0.55908763,0.4150285,0.22779149,0.1388574,0.0056955433,0.505335,0.11278117,-0.4039276,-0.116508305,-0.56375575,-0.41102296,-0.4510107,-0.47971058,0.16328497,-0.2257572,0.056463487,0.32173496,-0.06518379,0.37618962,0.55778897,-0.27358562,0.21528567,0.16843855,-0.16344489,0.57310057,-0.2685057,0.8539949,-0.031235904,0.5220413,0.55621266,0.7251982,0.5984367,0.5149206,0.6899287,0.68173695,0.39761543,0.5905192,0.5527509,0.6732309,0.43833765,0.14235461,0.4078944,-0.49877447,-0.6385417,-0.57480687,-0.5224903,-0.5633062,-0.48891705,-0.6291531,-0.5865207,0.2787344,0.20590022,-0.087606885,-0.030982208,-0.1090045,0.37648016,-0.50790167,0.46319997,-0.20694622,-0.48443067,-0.47996202,-0.62493765,-0.54311025,-0.12969911,-0.47632033,0.24832508,-0.27101395,0.058317907,-0.2755207,-0.21663219,0.475564,0.37000957,-0.16584253,0.72633827,0.6692278,0.48671997,0.35141182,0.599427,0.57662165,0.72184724,0.0051617557,0.50805163,0.6903689,0.56854165,0.51462066,0.7063638,0.5443349,0.583241,0.60463125,0.6106205,0.2248258,0.4481522
