0,1,2,3,4,5,6,7,8,9,10,11,12,13,14,15,16,17,18,19,20,21,22,23,24,25,26,27,28,29,30,31,32,33,34,35,36,37,38,39,40,41,42,43,44,45,46,47,48,49,50,51,52,53,54,55,56,57,58,59,60,61,62,63,64,65,66,67,68,69,70,71,72,73,74,75,76,77,78,79,80,81,82,83,84,85,86,87,88,89,90,91,92,93,94,95,96,97,98,99
0.9193283,0.0062726634,0.11740844,0.22759122,0.043100223,0.06789225,0.33946577,0.27252844,-0.20671384,-0.12894966,-0.082345344,-0.2453684,0.22657475,0.14038752,0.20913044,0.5007863,0.057404775,0.36790067,-0.08810445,0.55993897,0.23933649,0.03121084,0.5798284,-0.15308721,0.20896289,-0.38081917,-0.11910568,-0.5519698,-0.04586126,0.030412748,0.13028838,-0.15776451,-0.47743356,0.0721735,0.3147359,-0.6832947,-0.73637044,-0.19580081,-0.12692168,-0.044461448,-0.14318094,-0.1809486,-0.09525508,-0.29292625,-0.14545552,-0.035388768,-0.032711152,0.14737314,0.21704274,-0.22366658,0.5427588,0.49513564,0.37490702,0.19603357,0.038699783,0.1514833,0.4228227,-0.2038304,0.21641207,-0.19559461,-0.25220823,0.0012919415,0.052149836,0.061849378,0.07668705,0.24234796,0.10544659,-0.107693434,0.03170081,0.28629696,0.5848396,0.18628299,0.5704635,-0.01669225,-0.35041034,-0.1883575,-0.31831557,-0.330137,-0.13871391,-0.041627422,-0.2978486,-0.6176324,-0.8139456,-0.07489501,-0.56272525,-0.5015919,-0.49563026,-0.7129812,-0.27656513,-0.5982709,0.12255002,0.44440907,0.08474828,-0.259439,-0.48739472,-0.30142108,-0.441795,-0.43978393,0.26459724,-0.4340627
0.0062726634,0.83545136,0.7997862,0.54800045,0.7354076,0.70441234,0.31605804,0.6000447,0.5608089,0.12660134,-0.21760806,-0.039694227,-0.58902943,-0.5576935,-0.5124706,0.05689,0.19381624,0.3159384,-0.60329145,0.289631,-0.24117765,0.4048725,-0.30605784,0.55638874,0.49404708,0.58066964,-0.27792236,0.3689993,0.63412666,-0.32694337,-0.4472313,-0.43573397,-0.26560453,0.08565219,-0.19230965,0.41600347,0.102532946,-0.49060965,-0.20706186,0.062743716,-0.51572305,-0.2165481,-0.41226935,-0.38753423,-0.466529,-0.55449295,-0.5520314,-0.6073048,-0.017490733,-0.3357954,0.021659192,0.36184472,0.11585966,0.60139614,0.7558388,0.7388904,0.2794188,0.46929073,0.28309727,-0.32675898,0.027676031,-0.604328,-0.5398397,-0.61265206,-0.6417626,-0.50320435,0.05802688,-0.6177123,0.06867121,0.19047506,0.07527651,0.33033815,-0.3929538,0.6229551,0.57200676,0.6763742,0.3295077,0.5418341,-0.545827,-0.6064069,0.5174679,-0.30793348,0.06517182,0.08890122,0.533857,0.16170433,0.5346881,0.09361474,0.61804736,0.5176471,-0.65098506,-0.15307125,-0.0013051453,-0.52059567,-0.120507225,-0.45564622,-0.4019553,-0.41946626,0.25759113,-0.119216725
0.11740844,0.7997862,0.9280543,0.53801715,0.86714274,0.8612864,0.21550961,0.5435989,0.6065718,0.2522348,-0.2631485,-0.03725214,-0.6280349,-0.61168754,-0.54953206,-0.0035612348,0.1484741,0.2766084,-0.6985682,0.4046655,-0.333336,0.3986578,-0.3201728,0.60905087,0.6258782,0.5434178,-0.40867236,0.28414243,0.72896314,-0.4040559,-0.49992114,-0.5576773,-0.375625,0.005889856,-0.23926684,0.37312838,0.06828828,-0.5234446,-0.09156442,0.22757174,-0.6156159,-0.30207697,-0.5454657,-0.44615436,-0.51975644,-0.6335037,-0.63513887,-0.58740175,0.14284293,-0.32364297,0.012938028,0.32060686,0.051158275,0.6699355,0.89606035,0.8702426,0.21308577,0.51763594,0.43019676,-0.3363152,0.0071608266,-0.6786255,-0.6236378,-0.70330846,-0.71347487,-0.55005646,0.20221527,-0.71445155,-0.019553568,0.11151518,0.0660455,0.35295522,-0.3790449,0.72811806,0.6275537,0.69090706,0.32310843,0.4457909,-0.62116975,-0.6875738,0.50263035,-0.36744452,0.012775038,0.092139825,0.4919363,0.17473719,0.5866505,-0.03603129,0.6621944,0.513483,-0.62528956,-0.017064847,0.16053987,-0.59888625,-0.1863159,-0.4935391,-0.40492517,-0.3634093,0.46675465,-0.035045955
0.22759122,0.54800045,0.53801715,0.8343528,0.5197592,0.4390304,0.4629377,0.56999874,0.36053878,0.10642636,-0.18801957,-0.08314063,-0.38311398,-0.33622444,-0.24051723,0.24762237,0.05045333,0.37327328,-0.54562914,0.34291214,0.068244845,0.23729458,-0.027828012,0.2808837,0.5798233,0.45924273,-0.07715711,0.10463536,0.5225215,-0.15301758,-0.22693609,-0.38749582,-0.32791048,0.02460863,0.070342556,0.10342607,-0.17809218,-0.4426821,-0.18666072,0.05582352,-0.47442597,-0.12569754,-0.2731343,-0.37493905,-0.35722515,-0.4148004,-0.40201673,-0.47205317,-0.1666434,-0.34491992,0.12623887,0.45218658,0.22647983,0.5038542,0.46947083,0.48700047,0.3821473,0.27732396,0.42707032,-0.312853,0.004845713,-0.51502013,-0.36299026,-0.42393494,-0.47565278,-0.22868192,-0.07888113,-0.6306826,-0.024087887,0.23321958,0.44716185,0.28429562,-0.20684364,0.5365492,0.21481903,0.59282076,0.22812523,0.51285076,-0.5174203,-0.52035356,0.20232332,-0.67777306,-0.30569428,-0.12120256,0.3284973,-0.20382538,0.22841501,-0.21888539,0.34938943,0.16034815,-0.65208364,0.13808966,0.10028559,-0.5241412,-0.32264227,-0.48413312,-0.55443394,-0.68366563,-0.013639454,-0.3104604
0.043100223,0.7354076,0.86714274,0.5197592,0.9563091,0.8264667,0.13373548,0.50116044,0.54923904,0.29594722,-0.41156507,-0.12094804,-0.74953675,-0.77114755,-0.697402,-0.058246493,0.15990873,0.27274317,-0.8518063,0.46406075,-0.5115789,0.4730597,-0.45393908,0.7422704,0.67034173,0.5537727,-0.55462897,0.31110698,0.82478714,-0.55527484,-0.6395011,-0.6995144,-0.45279765,0.0071113445,-0.33191413,0.41336954,0.091843486,-0.60933876,-0.0358286,0.3704918,-0.730491,-0.40017366,-0.67518175,-0.53211176,-0.6286275,-0.76664674,-0.75790745,-0.6842864,0.063864596,-0.38218358,-0.009896178,0.21476425,0.030001182,0.7273542,0.89322424,0.79922235,0.14392647,0.44197986,0.4813379,-0.42617106,-0.05964856,-0.8107823,-0.7879679,-0.8641332,-0.86744833,-0.70320296,0.34285498,-0.83082545,-0.002560367,0.093106404,-0.037748426,0.4543903,-0.4479081,0.8694126,0.7463703,0.74323124,0.33496606,0.39765877,-0.711907,-0.80051935,0.6157987,-0.31977537,0.090116695,0.23137665,0.537573,0.35391027,0.68505526,0.037027694,0.7983994,0.62296844,-0.5978541,-0.015208421,0.26674315,-0.65831006,-0.05593806,-0.56095064,-0.42168397,-0.3158903,0.5370544,0.027855866
0.06789225,0.70441234,0.8612864,0.4390304,0.8264667,0.9437134,-0.040328816,0.29610732,0.73885226,0.504915,-0.07346597,0.22197449,-0.52231294,-0.46511585,-0.40483218,-0.24509385,-0.12192868,-3.369432e-05,-0.6053479,0.23665088,-0.25124216,0.2302987,-0.33085465,0.46452826,0.7291409,0.6102439,-0.27485985,0.22791925,0.6689205,-0.24115942,-0.32346025,-0.41321036,-0.1763553,-0.22154467,-0.17667137,0.47484165,0.22959158,-0.28326225,0.18385766,0.44309098,-0.48964596,-0.09295208,-0.41595525,-0.21028997,-0.30062583,-0.4684877,-0.47873282,-0.39510566,0.34787518,-0.06991781,-0.2261571,0.07618547,-0.22873378,0.46408662,0.9034579,0.894117,-0.07194994,0.6805155,0.5974515,-0.089683995,0.24743718,-0.5533186,-0.48818493,-0.6039779,-0.61363995,-0.43631804,0.1199455,-0.69524103,-0.2886763,-0.18206558,-0.021272007,0.10714786,-0.5022559,0.6948576,0.55686486,0.7100922,0.29468995,0.44455498,-0.4620251,-0.5569623,0.33373022,-0.25588462,0.12304977,-0.07947004,0.5348335,0.13526712,0.61901176,-0.045937907,0.56255734,0.5089827,-0.60015357,0.1735062,0.37877262,-0.40932447,-0.18521145,-0.26293254,-0.1628112,-0.14808054,0.42558563,0.20720218
0.33946577,0.31605804,0.21550961,0.4629377,0.13373548,-0.040328816,0.87601095,0.73664606,-0.18626688,-0.58602464,-0.35865524,-0.5479284,-0.1965487,-0.2299058,-0.19666615,0.6792264,0.5102786,0.7422027,-0.22698775,0.46045154,0.07059411,0.30137676,0.17739394,0.21199033,-0.068172485,-0.083621085,-0.17454106,0.017524756,0.19211774,-0.24072398,-0.28814024,-0.34005472,-0.50686353,0.4882056,0.00060162926,-0.29979724,-0.47926348,-0.5926858,-0.7020837,-0.5411469,-0.3013094,-0.44134784,-0.2399157,-0.5625075,-0.47682,-0.34487742,-0.31834173,-0.43784532,-0.4241326,-0.5882596,0.6400382,0.76137364,0.7584801,0.5135968,0.05873173,0.08035311,0.8249158,-0.24451981,-0.23755822,-0.5732676,-0.47942734,-0.30090982,-0.23520882,-0.17449808,-0.18781167,-0.13661209,0.036242373,-0.13868451,0.5508251,0.7351317,0.53820944,0.50461143,0.30768982,0.09944375,0.015308431,0.026809042,0.13055694,0.11594236,-0.4247232,-0.34502253,0.24655293,-0.5596843,-0.5009704,0.1586079,-0.13311568,-0.24098125,-0.1509799,-0.24639279,0.15172455,-0.1562959,-0.23159277,-0.2887002,-0.4952737,-0.52999353,-0.29958665,-0.60381174,-0.72610724,-0.7738181,0.011698194,-0.681411
0.27252844,0.6000447,0.5435989,0.56999874,0.50116044,0.29610732,0.73664606,0.9197867,0.020905856,-0.44744223,-0.48612958,-0.5707033,-0.4721916,-0.5602283,-0.5165671,0.60704756,0.63622427,0.8093444,-0.5578592,0.60657203,-0.25142196,0.59511185,-0.023602799,0.57178915,0.16032225,0.14701875,-0.41055572,0.22968888,0.49298504,-0.46893722,-0.57634646,-0.5794883,-0.63342357,0.53910947,-0.12320767,-0.069054544,-0.392654,-0.7930921,-0.6713655,-0.35973603,-0.5495543,-0.53430426,-0.48034203,-0.74322987,-0.7094146,-0.63588583,-0.604228,-0.6896483,-0.39126346,-0.7354092,0.5873817,0.7779325,0.6839056,0.7700285,0.41768044,0.39638984,0.7996484,-0.09707406,-0.09459232,-0.7035506,-0.48013103,-0.5776514,-0.5491549,-0.52278954,-0.5468581,-0.45047075,0.1647915,-0.43472862,0.5710534,0.73544765,0.33519247,0.70704836,0.1114293,0.4191114,0.37421405,0.3219042,0.22418222,0.26180285,-0.67555135,-0.6243844,0.56876135,-0.52438384,-0.34533644,0.3781473,0.11445141,0.0729827,0.1433031,-0.04096764,0.49670506,0.1843231,-0.39708203,-0.35780272,-0.38958868,-0.7277219,-0.16176675,-0.78464365,-0.81921613,-0.77601236,0.24630412,-0.63789773
-0.20671384,0.5608089,0.6065718,0.36053878,0.54923904,0.73885226,-0.18626688,0.020905856,0.9374764,0.6568228,0.2145051,0.5617036,-0.3701564,-0.18259491,-0.14653963,-0.49944407,-0.4229071,-0.3337605,-0.30284172,-0.18521374,0.019544538,-0.085206896,-0.40422845,0.16966105,0.6359589,0.75240517,0.10022034,0.29125464,0.48454472,0.04964322,-0.02908528,-0.07142776,0.25527725,-0.43712586,-0.0973302,0.6785318,0.55552983,0.08160733,0.357903,0.42777723,-0.18457484,0.22634861,-0.0906989,0.18038057,0.07805836,-0.12994471,-0.15172547,-0.17552254,0.38000357,0.27798933,-0.58883446,-0.18628377,-0.49970126,0.11228515,0.66793984,0.6920649,-0.34223866,0.9007646,0.58541864,0.26482436,0.59662205,-0.3005417,-0.18376629,-0.31695938,-0.34062558,-0.20921472,-0.16322686,-0.49507463,-0.5425356,-0.47017616,-0.06188048,-0.2808581,-0.7256756,0.4902436,0.3969506,0.7082976,0.38912418,0.6294936,-0.17106062,-0.28817475,0.09706907,-0.0901597,0.34710187,-0.41067988,0.692367,-0.004978859,0.64859396,0.05271789,0.35548815,0.51403713,-0.6864761,0.18481812,0.39630586,-0.0914668,-0.17572647,0.09631024,0.17005122,0.046189938,0.06815897,0.43857166
-0.12894966,0.12660134,0.2522348,0.10642636,0.29594722,0.504915,-0.58602464,-0.44744223,0.6568228,0.9616577,0.35340813,0.6985676,-0.056048974,0.082263954,0.13479425,-0.6793761,-0.72860473,-0.6520269,-0.117512874,-0.27817622,0.09987855,-0.34042895,-0.23878372,-0.107499614,0.6534573,0.4838184,0.19450817,0.0009560925,0.26135743,0.23378119,0.23448503,0.07107514,0.36954743,-0.686735,0.04990813,0.4706198,0.514098,0.39869952,0.8066039,0.81957173,-0.003997728,0.39192653,0.05477214,0.41092983,0.34347796,0.11911279,0.10003491,0.20799789,0.54580915,0.55599934,-0.73084164,-0.5425571,-0.7568754,-0.19617009,0.3832459,0.39956123,-0.70152664,0.6857334,0.789382,0.5156574,0.6752875,-0.0455127,0.035190098,-0.09123367,-0.09378544,0.043432496,-0.08738938,-0.34347492,-0.8218194,-0.79482603,-0.12676544,-0.4953243,-0.5809758,0.3424772,0.115861736,0.4470288,0.17732662,0.2913937,0.08768253,-0.02095994,-0.25293437,0.02275732,0.3004011,-0.49955267,0.41887465,-0.049216963,0.43542442,-0.099701315,0.06780171,0.25162947,-0.29500324,0.60565126,0.8186294,0.17894928,-0.11046161,0.36522275,0.45009446,0.36786395,0.024404425,0.69023836
-0.082345344,-0.21760806,-0.2631485,-0.18801957,-0.41156507,-0.07346597,-0.35865524,-0.48612958,0.2145051,0.35340813,0.83040065,0.71242225,0.5880307,0.7131393,0.68934405,-0.34186345,-0.5190598,-0.5611614,0.559728,-0.5064827,0.5525971,-0.4199704,0.3335169,-0.602641,0.026894722,0.09150258,0.7265146,0.009717233,-0.36925095,0.75426733,0.64957297,0.62703943,0.62730765,-0.3833841,0.43950582,0.090600446,0.27812752,0.753426,0.42649603,0.10348514,0.58261967,0.73122895,0.64756763,0.7204385,0.78918254,0.7047361,0.6905128,0.63996136,0.4054243,0.62805915,-0.45894507,-0.34486103,-0.51956713,-0.6543616,-0.23333205,-0.08088085,-0.4602817,0.30130577,0.14581025,0.7968236,0.663303,0.64231133,0.7130132,0.64606,0.5878817,0.65845424,-0.60573906,0.3506086,-0.532375,-0.5492518,0.04814835,-0.7140156,-0.062767774,-0.45914572,-0.45088175,-0.10025575,0.035010178,0.17877963,0.5216327,0.53924805,-0.5947981,0.14309153,0.08117151,-0.5961173,-0.00972396,-0.4408871,-0.22537957,0.00049649994,-0.5750301,-0.27187783,0.021904256,0.3292061,0.174085,0.5305291,-0.22881284,0.65194964,0.52130026,0.33290917,-0.4062336,0.28645557
-0.2453684,-0.039694227,-0.03725214,-0.08314063,-0.12094804,0.22197449,-0.5479284,-0.5707033,0.5617036,0.6985676,0.71242225,0.93284124,0.26115462,0.4670688,0.4630825,-0.6871235,-0.7574214,-0.7966933,0.3341506,-0.60290504,0.40056235,-0.5130869,-0.033929303,-0.45214015,0.31090444,0.41187418,0.568329,0.055657748,-0.13766032,0.58185166,0.5543151,0.51620257,0.69115853,-0.7004168,0.18966705,0.4083906,0.5618116,0.7256506,0.6418827,0.38727963,0.3737945,0.70920444,0.44757587,0.7523005,0.7050468,0.5120279,0.47785875,0.47551763,0.5342073,0.72014153,-0.7549554,-0.5379511,-0.7905735,-0.56085014,0.06010484,0.16430864,-0.71287477,0.6572287,0.4312461,0.82141304,0.8462336,0.36254954,0.45555007,0.35523927,0.32732597,0.39033705,-0.4863448,0.06806056,-0.8118734,-0.8301269,-0.1240928,-0.8130559,-0.46365532,-0.13703117,-0.17364937,0.22848772,0.11043743,0.34552282,0.4554848,0.3805881,-0.47151214,0.20222516,0.35582036,-0.69618785,0.32863566,-0.2734635,0.1708129,0.024591023,-0.2892123,0.060885713,-0.21924606,0.42189205,0.42895794,0.51547074,-0.20223019,0.69333565,0.6649189,0.46775293,-0.27909535,0.59971285
0.22657475,-0.58902943,-0.6280349,-0.38311398,-0.74953675,-0.52231294,-0.1965487,-0.4721916,-0.3701564,-0.056048974,0.5880307,0.26115462,0.927373,0.879918,0.8447499,0.09855291,-0.28969043,-0.27776217,0.7362989,-0.31389666,0.61057687,-0.41163564,0.70257705,-0.7784424,-0.35199946,-0.5016584,0.64272857,-0.37611455,-0.7201596,0.7270859,0.73871565,0.66903186,0.42312825,-0.065801874,0.64222616,-0.4713256,-0.20314401,0.67121047,0.23962225,-0.11732177,0.7381506,0.5587647,0.74558634,0.5633304,0.72159743,0.8321492,0.8339399,0.83164763,0.24571507,0.47028363,-0.014371363,-0.15612257,-0.13701063,-0.69073355,-0.6452708,-0.49058217,-0.18173008,-0.27937973,-0.14352843,0.5408009,0.24008042,0.8722411,0.86773825,0.86193115,0.83140004,0.858275,-0.4271047,0.6433737,-0.1977799,-0.19819048,0.19522429,-0.48810238,0.48332936,-0.765543,-0.81588995,-0.6271077,-0.32615176,-0.34888574,0.6307181,0.7367384,-0.7579896,0.11374716,-0.30317855,-0.34299803,-0.6039014,-0.51962847,-0.7543365,-0.21620417,-0.8982703,-0.7415822,0.53120744,0.34396094,0.007094278,0.57857347,-0.10562791,0.542691,0.36544818,0.24360907,-0.4389555,-0.03266688
0.14038752,-0.5576935,-0.61168754,-0.33622444,-0.77114755,-0.46511585,-0.2299058,-0.5602283,-0.18259491,0.082263954,0.7131393,0.4670688,0.879918,0.98287386,0.9528208,-0.07572299,-0.48787737,-0.45385742,0.8208877,-0.48926532,0.76894903,-0.61242974,0.6159967,-0.9087406,-0.28042793,-0.3491816,0.7748233,-0.37242186,-0.71506214,0.8327409,0.8640679,0.7724508,0.58183223,-0.27528304,0.58155054,-0.33061156,-0.02624315,0.80411655,0.33394638,-0.08511351,0.7761255,0.6675717,0.80378103,0.7226483,0.8513084,0.91190875,0.8948658,0.86892486,0.3209775,0.6289011,-0.1904802,-0.2428551,-0.27425724,-0.79251003,-0.6165625,-0.4391685,-0.30020708,-0.06722989,-0.058849882,0.6950023,0.42047605,0.8859762,0.95108247,0.93633264,0.9084576,0.93722814,-0.5190526,0.6551621,-0.37787223,-0.36463764,0.23678277,-0.6908722,0.33011317,-0.76562005,-0.84392214,-0.5339168,-0.24712165,-0.1981381,0.72518605,0.80234605,-0.8753812,0.11197048,-0.20093873,-0.5908706,-0.45525885,-0.64179945,-0.6491942,-0.2665216,-0.9209309,-0.7018566,0.39455026,0.4129302,0.05685611,0.6799967,-0.23881423,0.68992555,0.5022085,0.30169988,-0.543071,0.12602401
0.20913044,-0.5124706,-0.54953206,-0.24051723,-0.697402,-0.40483218,-0.19666615,-0.5165671,-0.14653963,0.13479425,0.68934405,0.4630825,0.8447499,0.9528208,0.966043,-0.05816958,-0.5081376,-0.42390555,0.7461525,-0.4152073,0.78641987,-0.6101858,0.6314044,-0.8859664,-0.17165235,-0.31715083,0.75276244,-0.39419496,-0.62629664,0.81468284,0.8429657,0.69261456,0.5112443,-0.3019348,0.5928934,-0.3486458,-0.060208686,0.7545128,0.35658693,-0.02032156,0.6987221,0.63169205,0.7441504,0.67101455,0.81333834,0.8553035,0.8392507,0.8326686,0.32659018,0.60136425,-0.17443788,-0.20465183,-0.25659096,-0.7256142,-0.55837643,-0.37855142,-0.27373928,-0.036940098,0.04685135,0.669242,0.41833556,0.8154105,0.90519845,0.88249457,0.8524361,0.9417119,-0.48916888,0.5649066,-0.41359037,-0.3623572,0.32587305,-0.6619563,0.32314342,-0.67563903,-0.83330786,-0.47331065,-0.20243275,-0.16705227,0.6469878,0.7265288,-0.89001226,-0.004906012,-0.2715026,-0.62632173,-0.44267344,-0.69619226,-0.62001145,-0.35533816,-0.8862096,-0.7136866,0.32909387,0.49109828,0.13467233,0.5976729,-0.31193048,0.62749183,0.4363914,0.22737265,-0.5116619,0.113086
0.5007863,0.05689,-0.0035612348,0.24762237,-0.058246493,-0.24509385,0.6792264,0.60704756,-0.49944407,-0.6793761,-0.34186345,-0.6871235,0.09855291,-0.07572299,-0.05816958,0.91256523,0.59446394,0.8051916,-0.12645704,0.54787844,0.041833818,0.4073264,0.4709025,0.10937449,-0.20736754,-0.41049078,-0.15243834,-0.16405472,-0.03987185,-0.15198964,-0.18893448,-0.24549748,-0.53602123,0.66377467,0.27790385,-0.5919504,-0.73588943,-0.50582457,-0.6253252,-0.49411914,-0.11396579,-0.35484856,-0.06985805,-0.5468931,-0.3929501,-0.1761971,-0.12594423,-0.18606994,-0.37872055,-0.58032274,0.7832966,0.7164164,0.7744005,0.37422013,-0.15605834,-0.12502995,0.8060892,-0.5702312,-0.3151458,-0.5747905,-0.5802456,-0.064092785,-0.080092564,-0.019113425,-0.041584775,0.03320676,0.043374904,0.01081245,0.63053286,0.7998405,0.47514078,0.5810173,0.6096285,-0.09645483,-0.20706728,-0.26114246,-0.13785085,-0.2064677,-0.3170752,-0.17457813,0.12339581,-0.47180903,-0.6813685,0.354342,-0.47584385,-0.1926617,-0.48574245,-0.23670745,-0.08558867,-0.39988032,0.12797418,-0.182158,-0.44110957,-0.4115766,-0.0951028,-0.5697123,-0.7106855,-0.68001235,0.011135242,-0.8087183
0.057404775,0.19381624,0.1484741,0.05045333,0.15990873,-0.12192868,0.5102786,0.63622427,-0.4229071,-0.72860473,-0.5190598,-0.7574214,-0.28969043,-0.48787737,-0.5081376,0.59446394,0.8933228,0.75861096,-0.3320223,0.5003123,-0.46498114,0.6624824,-0.0043341583,0.5452326,-0.34689033,-0.20744726,-0.46330097,0.28260142,0.16892469,-0.48649415,-0.62883866,-0.45614544,-0.57992876,0.7401532,-0.18874153,-0.19831526,-0.40553978,-0.6881163,-0.7381565,-0.50764436,-0.33841324,-0.5532588,-0.38636208,-0.6772493,-0.64516604,-0.51102656,-0.47263324,-0.54740536,-0.5237282,-0.74196136,0.67112035,0.53943056,0.7099303,0.53847194,0.04111798,-0.055620857,0.68444353,-0.5030966,-0.5423503,-0.690377,-0.69332135,-0.3274731,-0.43551153,-0.34083116,-0.3469261,-0.4122933,0.25593698,-0.050077796,0.8533133,0.79914534,-0.009121422,0.7689293,0.32980075,0.09942262,0.32016242,-0.08116105,0.07397768,-0.09277305,-0.4666498,-0.39873004,0.64089894,-0.06561317,-0.15632972,0.7263993,-0.12549585,0.3517766,-0.0590064,0.27004302,0.37180257,0.12541042,0.076164305,-0.6344206,-0.6047745,-0.5146061,0.2006039,-0.6395439,-0.63403916,-0.42863297,0.23756298,-0.61827624
0.36790067,0.3159384,0.2766084,0.37327328,0.27274317,-3.369432e-05,0.7422027,0.8093444,-0.3337605,-0.6520269,-0.5611614,-0.7966933,-0.27776217,-0.45385742,-0.42390555,0.8051916,0.75861096,0.94593555,-0.44043005,0.683357,-0.26288375,0.6145736,0.14371212,0.47937882,-0.08521859,-0.19176608,-0.43699053,0.07870769,0.29385749,-0.4690048,-0.5496954,-0.56094956,-0.7219423,0.72651505,-0.011579965,-0.34945476,-0.608431,-0.7928635,-0.7285292,-0.44016707,-0.43207985,-0.5968132,-0.40690795,-0.7954519,-0.69754535,-0.5381291,-0.49468613,-0.5533461,-0.483056,-0.7819616,0.7738719,0.7685618,0.83729655,0.6821773,0.14021637,0.096228585,0.8731735,-0.44070375,-0.27388445,-0.78555524,-0.69057727,-0.4219385,-0.4438652,-0.38232145,-0.3974641,-0.33358514,0.25513107,-0.24408463,0.74764323,0.89126647,0.35710567,0.81689084,0.38807756,0.23390254,0.1958457,0.009621423,0.08586104,-0.03983512,-0.61431587,-0.5155084,0.48274124,-0.47958845,-0.50955355,0.54016596,-0.20401195,0.0674451,-0.1281995,-0.09402068,0.31461346,-0.051768295,-0.087797925,-0.36993885,-0.45768517,-0.69145614,-0.06514472,-0.8091533,-0.8598999,-0.74708873,0.21993503,-0.76571
-0.08810445,-0.60329145,-0.6985682,-0.54562914,-0.8518063,-0.6053479,-0.22698775,-0.5578592,-0.30284172,-0.117512874,0.559728,0.3341506,0.7362989,0.8208877,0.7461525,-0.12645704,-0.3320223,-0.44043005,0.926993,-0.57217705,0.5738028,-0.5907607,0.40164176,-0.7995578,-0.57101125,-0.42044154,0.61367327,-0.25817266,-0.80634135,0.6576662,0.72563446,0.7876533,0.59180933,-0.17284748,0.27344814,-0.24655582,0.07407716,0.7440759,0.17689113,-0.25332928,0.7508295,0.49750534,0.69736534,0.67888796,0.7323055,0.81908965,0.79036134,0.7371361,0.15611078,0.5465786,-0.13746206,-0.274108,-0.18170556,-0.78616333,-0.7043946,-0.58082235,-0.27444005,-0.16924348,-0.37997586,0.59213823,0.24968305,0.844236,0.8402734,0.89029443,0.9086941,0.7320405,-0.3543818,0.8378787,-0.15480775,-0.26880312,0.0021543377,-0.6297597,0.317886,-0.843707,-0.69048464,-0.6536131,-0.27001777,-0.29615533,0.8009149,0.85634637,-0.6631588,0.39372307,0.049781524,-0.3843228,-0.4139353,-0.38544834,-0.5668717,-0.04764808,-0.7869916,-0.5423955,0.52316827,0.09943785,-0.18137717,0.74664736,-0.03519847,0.70461833,0.5735662,0.43687335,-0.47019142,0.16538009
0.55993897,0.289631,0.4046655,0.34291214,0.46406075,0.23665088,0.46045154,0.60657203,-0.18521374,-0.27817622,-0.5064827,-0.60290504,-0.31389666,-0.48926532,-0.4152073,0.54787844,0.5003123,0.683357,-0.57217705,0.8771723,-0.31427127,0.49463707,0.12848449,0.4990431,0.22885424,-0.17358437,-0.574594,-0.11370185,0.44777226,-0.5094635,-0.5470266,-0.7141259,-0.8418288,0.3806566,-0.06766704,-0.37925887,-0.59792095,-0.74453783,-0.40449497,-0.06629528,-0.58607644,-0.6086621,-0.5911123,-0.7785268,-0.69139826,-0.62530065,-0.60017204,-0.4703074,-0.13266294,-0.659047,0.6447938,0.5794128,0.5800215,0.6979406,0.3354172,0.28031027,0.6114505,-0.2697273,0.0945116,-0.64462817,-0.57117915,-0.5233659,-0.5339338,-0.4992699,-0.4897946,-0.3588612,0.40645635,-0.42279434,0.4142279,0.56784475,0.35053557,0.7095643,0.34257317,0.42021108,0.25401044,0.09735631,0.031938106,-0.15219979,-0.6755548,-0.6122104,0.3692414,-0.57363415,-0.568666,0.4008181,-0.2238423,0.014500859,-0.019879634,-0.34495616,0.35836905,-0.06564516,-0.09163605,-0.0052837096,-0.062362812,-0.7496381,-0.2555197,-0.7667012,-0.7660551,-0.58478165,0.50831723,-0.51134014
0.23933649,-0.24117765,-0.333336,0.068244845,-0.5115789,-0.25124216,0.07059411,-0.25142196,0.019544538,0.09987855,0.5525971,0.40056235,0.61057687,0.76894903,0.78641987,0.041833818,-0.46498114,-0.26288375,0.5738028,-0.31427127,0.8629929,-0.56816363,0.5053179,-0.77139676,-0.03488077,-0.12718758,0.69903517,-0.30901292,-0.41130272,0.6922759,0.7242416,0.54159933,0.40599155,-0.2560152,0.48755187,-0.24824366,-0.059818175,0.54981464,0.20745566,-0.092738554,0.51522386,0.48695302,0.60056007,0.51007503,0.644194,0.67704415,0.65799284,0.59055716,0.19734478,0.46751058,-0.12206018,0.0060342345,-0.11038994,-0.49781036,-0.38016886,-0.19694155,-0.072155975,0.10551283,0.12277576,0.5076699,0.37591675,0.58274543,0.7301997,0.7062219,0.6761161,0.76630133,-0.4626241,0.36787072,-0.3646947,-0.22968179,0.50690246,-0.55827236,0.19636378,-0.48305315,-0.71129686,-0.26332206,-0.029515361,0.057012614,0.45137691,0.52439207,-0.76846844,-0.25370887,-0.3423586,-0.70431334,-0.26528937,-0.77285814,-0.4596355,-0.4467899,-0.6986883,-0.60142535,0.036070485,0.4210465,0.069748886,0.38976222,-0.45631272,0.43262276,0.21882066,-0.047679365,-0.501648,0.018105386
0.03121084,0.4048725,0.3986578,0.23729458,0.4730597,0.2302987,0.30137676,0.59511185,-0.085206896,-0.34042895,-0.4199704,-0.5130869,-0.41163564,-0.61242974,-0.6101858,0.4073264,0.6624824,0.6145736,-0.5907607,0.49463707,-0.56816363,0.8345706,-0.103975505,0.70877236,0.083708525,0.13513282,-0.44205177,0.36755562,0.41795892,-0.49439538,-0.668501,-0.53568363,-0.5213464,0.5477873,-0.064516656,0.034942828,-0.2682214,-0.6647483,-0.47791374,-0.19151345,-0.43525591,-0.3705055,-0.4080478,-0.63122225,-0.6168645,-0.5942326,-0.5439127,-0.5905678,-0.31939965,-0.6699575,0.39228556,0.40442166,0.40163672,0.6212269,0.3461241,0.2643161,0.4627785,-0.19939232,-0.14200073,-0.58238244,-0.39025944,-0.48400456,-0.5777896,-0.5614722,-0.6157651,-0.5295725,0.12501943,-0.40296185,0.5206135,0.53377175,-0.121153995,0.71105194,0.013029313,0.3700971,0.49013224,0.2964278,0.108713254,0.1475209,-0.6079068,-0.5712341,0.69558525,-0.14902598,-0.0709076,0.6504649,0.14403,0.42488497,0.17292094,0.34108776,0.5297564,0.34979445,-0.19470537,-0.42362106,-0.28903925,-0.5772614,0.21088755,-0.6416841,-0.59496176,-0.4019287,0.27881235,-0.48828745
0.5798284,-0.30605784,-0.3201728,-0.027828012,-0.45393908,-0.33085465,0.17739394,-0.023602799,-0.40422845,-0.23878372,0.3335169,-0.033929303,0.70257705,0.6159967,0.6314044,0.4709025,-0.0043341583,0.14371212,0.40164176,0.12848449,0.5053179,-0.103975505,0.8624285,-0.51821387,-0.13521582,-0.4800421,0.37989786,-0.39450437,-0.44125968,0.48522842,0.48101884,0.3046729,-0.045777574,0.12809193,0.6042701,-0.6740372,-0.5872972,0.24569806,-0.07155883,-0.23049897,0.35669112,0.26815856,0.41992536,0.12768301,0.3290865,0.4658643,0.4743448,0.5137166,0.10791919,0.040021025,0.38448542,0.2851315,0.24828418,-0.2708611,-0.4137951,-0.24837348,0.24574712,-0.36471418,-0.057840947,0.17844465,-0.04217322,0.5318668,0.5771395,0.58943313,0.5454282,0.6776234,-0.30554745,0.34696195,0.031163774,0.16573483,0.47770107,-0.09768735,0.6531997,-0.5134163,-0.70048827,-0.45593506,-0.27541095,-0.27645665,0.24616063,0.39482015,-0.5549447,-0.3237847,-0.6773704,-0.19135055,-0.6606512,-0.6154051,-0.7849455,-0.40939245,-0.69146585,-0.79016244,0.33260804,0.34482932,-0.086027056,0.14562404,-0.35186028,0.08768537,-0.13585502,-0.21953748,-0.21539016,-0.42061803
-0.15308721,0.55638874,0.60905087,0.2808837,0.7422704,0.46452826,0.21199033,0.57178915,0.16966105,-0.107499614,-0.602641,-0.45214015,-0.7784424,-0.9087406,-0.8859664,0.10937449,0.5452326,0.47937882,-0.7995578,0.4990431,-0.77139676,0.70877236,-0.51821387,0.9513529,0.23470846,0.34269816,-0.68912244,0.49789107,0.7193991,-0.749861,-0.90722513,-0.7766746,-0.5645052,0.3610574,-0.45482486,0.33664626,0.02919599,-0.7796978,-0.35330793,0.047097895,-0.69732606,-0.58095425,-0.7230458,-0.7001398,-0.7848866,-0.8541168,-0.8269886,-0.8252218,-0.2767103,-0.6187634,0.1925287,0.2457414,0.26416162,0.7683563,0.61261916,0.43647885,0.31126642,0.05842766,0.020065418,-0.63961154,-0.37287766,-0.7898172,-0.8680846,-0.8651266,-0.86955667,-0.84658027,0.42072162,-0.6069463,0.41884813,0.3835835,-0.23638842,0.7153441,-0.2852291,0.70892423,0.8494946,0.51424026,0.35963595,0.2562099,-0.7674061,-0.82403076,0.89178884,-0.09660578,0.18368757,0.62239647,0.44000375,0.6312961,0.6081628,0.34916505,0.87687933,0.68148303,-0.38436183,-0.46140158,-0.10306148,-0.71406436,0.22969297,-0.68614554,-0.5207496,-0.29472595,0.51301205,-0.16787174
0.20896289,0.49404708,0.6258782,0.5798233,0.67034173,0.7291409,-0.068172485,0.16032225,0.6359589,0.6534573,0.026894722,0.31090444,-0.35199946,-0.28042793,-0.17165235,-0.20736754,-0.34689033,-0.08521859,-0.57101125,0.22885424,-0.03488077,0.083708525,-0.13521582,0.23470846,0.91954833,0.580814,-0.10521138,0.04454814,0.588251,-0.063244626,-0.12134381,-0.34215856,-0.15590248,-0.39898288,0.045383956,0.26958227,0.083495766,-0.16361898,0.3380109,0.5640833,-0.45333618,0.059634894,-0.29537445,-0.11406927,-0.1462483,-0.3280322,-0.33984655,-0.22735512,0.31024465,0.0020366043,-0.26210344,0.018510584,-0.27990106,0.33825317,0.67811394,0.695464,-0.13641909,0.5817996,0.84734154,0.024728471,0.35231173,-0.4633271,-0.34210446,-0.45817143,-0.49074483,-0.203959,-0.011847069,-0.7416303,-0.49245518,-0.28423584,0.19907954,0.00013153953,-0.42987144,0.6619127,0.3020393,0.70588803,0.19670165,0.44256115,-0.3872596,-0.46392253,0.057281647,-0.48682058,-0.097838804,-0.2791062,0.42152926,-0.1251854,0.4383719,-0.24879035,0.35125932,0.26365137,-0.5961634,0.49052694,0.60683835,-0.34251952,-0.30909714,-0.20461953,-0.1757984,-0.23438138,0.22360043,0.15513435
-0.38081917,0.58066964,0.5434178,0.45924273,0.5537727,0.6102439,-0.083621085,0.14701875,0.75240517,0.4838184,0.09150258,0.41187418,-0.5016584,-0.3491816,-0.31715083,-0.41049078,-0.20744726,-0.19176608,-0.42044154,-0.17358437,-0.12718758,0.13513282,-0.4800421,0.34269816,0.580814,0.9471641,0.05379471,0.5188854,0.54161584,-0.05745018,-0.19850957,-0.1430529,0.18383503,-0.29914612,-0.1602776,0.7273358,0.5215931,-0.06755483,0.14973624,0.26478285,-0.3014507,0.19845727,-0.15335004,0.06604814,-0.056769684,-0.27946654,-0.28450018,-0.40002644,0.034965917,0.04187667,-0.5043458,-0.11985787,-0.38577646,0.20587927,0.59078753,0.57527393,-0.22712672,0.7014055,0.4400953,0.11265064,0.47559726,-0.42732918,-0.32800585,-0.42833322,-0.49133533,-0.3517628,-0.25744212,-0.5722041,-0.3468857,-0.29985464,-0.15678859,-0.09783854,-0.7751682,0.53366727,0.5129914,0.8629755,0.4157919,0.8113148,-0.27118376,-0.38801718,0.32997844,-0.07092207,0.43428338,-0.20385715,0.8576308,0.16720952,0.6975544,0.3299529,0.5131398,0.6749681,-0.79307896,-0.041647084,0.2073783,-0.171184,-0.037728593,-0.024339149,0.036618397,-0.07194609,-0.053227283,0.24903253
-0.11910568,-0.27792236,-0.40867236,-0.07715711,-0.55462897,-0.27485985,-0.17454106,-0.41055572,0.10022034,0.19450817,0.7265146,0.568329,0.64272857,0.7748233,0.75276244,-0.15243834,-0.46330097,-0.43699053,0.61367327,-0.574594,0.69903517,-0.44205177,0.37989786,-0.68912244,-0.10521138,0.05379471,0.8779379,0.0048596314,-0.43774122,0.80098134,0.70039606,0.6741644,0.6695452,-0.23804858,0.54755247,0.035883274,0.22259493,0.7249985,0.30097058,-0.039840862,0.6742172,0.74324834,0.7854662,0.7124304,0.8025303,0.7866179,0.7840525,0.62098074,0.16289374,0.5893289,-0.38541895,-0.24434218,-0.35563302,-0.6660743,-0.41129023,-0.25618124,-0.3163004,0.15788144,0.045218095,0.68015236,0.5927665,0.6946795,0.7859508,0.7238866,0.6591027,0.7376407,-0.68542755,0.4017564,-0.40386385,-0.38885957,0.19142255,-0.6483853,-0.02652179,-0.5285442,-0.5822605,-0.16354077,0.07633143,0.22957906,0.533761,0.57341325,-0.6369873,0.075947635,-0.0030745594,-0.60315555,-0.06029937,-0.5144843,-0.32164025,-0.002298167,-0.6563736,-0.356021,0.015955567,0.24361196,0.049519755,0.53993505,-0.17539708,0.6135659,0.4481625,0.17747855,-0.6904774,0.14471368
-0.5519698,0.3689993,0.28414243,0.10463536,0.31110698,0.22791925,0.017524756,0.22968888,0.29125464,0.0009560925,0.009717233,0.055657748,-0.37611455,-0.37242186,-0.39419496,-0.16405472,0.28260142,0.07870769,-0.25817266,-0.11370185,-0.30901292,0.36755562,-0.39450437,0.49789107,0.04454814,0.5188854,0.0048596314,0.84427565,0.41045848,-0.14715557,-0.45419508,-0.20706832,0.07166502,0.19289546,-0.17915913,0.5974555,0.4426198,-0.19811195,-0.17698398,-0.078012,-0.15820608,0.02254782,-0.12559809,-0.08974597,-0.15130125,-0.28911385,-0.2628386,-0.46763527,-0.26126432,-0.15574887,-0.22248045,-0.03875033,-0.06946467,0.22921512,0.2972583,0.20100382,-0.0007263017,0.23527838,-0.11409952,-0.045503095,0.12333085,-0.26852977,-0.2857934,-0.31127593,-0.38138318,-0.37070507,-0.15781707,-0.19097704,0.18002006,0.056771442,-0.27231783,0.18780285,-0.4424573,0.27895325,0.55951244,0.45386708,0.5432311,0.58142555,-0.32958996,-0.37701404,0.5650791,0.17439,0.4728651,0.21232787,0.6105579,0.40032554,0.52864563,0.6312579,0.5164178,0.63740313,-0.4203198,-0.5092949,-0.20199084,-0.23433626,0.20618959,-0.1351211,-0.0656982,-0.026186224,-0.09655761,0.045054305
-0.04586126,0.63412666,0.72896314,0.5225215,0.82478714,0.6689205,0.19211774,0.49298504,0.48454472,0.26135743,-0.36925095,-0.13766032,-0.7201596,-0.71506214,-0.62629664,-0.03987185,0.16892469,0.29385749,-0.80634135,0.44777226,-0.41130272,0.41795892,-0.44125968,0.7193991,0.588251,0.54161584,-0.43774122,0.41045848,0.9151068,-0.5060414,-0.68536925,-0.771266,-0.4516048,0.051501296,-0.27975187,0.42167565,0.1422428,-0.6192843,-0.076684356,0.30958223,-0.688294,-0.39922488,-0.63238746,-0.5319209,-0.5728445,-0.73051363,-0.71426886,-0.70219266,-0.057861716,-0.36447918,-0.04021402,0.18618698,0.07514323,0.7046539,0.7500905,0.63002557,0.16749163,0.38884294,0.44367322,-0.38760918,-0.05901797,-0.77812576,-0.7299355,-0.78564787,-0.8009988,-0.6248543,0.2753361,-0.7630824,0.031068373,0.11699471,0.098870635,0.45595476,-0.44450685,0.84522396,0.7280796,0.7092489,0.56848264,0.4829017,-0.8077028,-0.8792918,0.5844441,-0.39864725,0.060518097,0.16956526,0.55590796,0.26681072,0.69297564,0.026952192,0.776879,0.58716756,-0.65325826,-0.07230224,0.22944798,-0.7535324,-0.13657269,-0.5858518,-0.46945846,-0.37763178,0.3775106,0.010801878
0.030412748,-0.32694337,-0.4040559,-0.15301758,-0.55527484,-0.24115942,-0.24072398,-0.46893722,0.04964322,0.23378119,0.75426733,0.58185166,0.7270859,0.8327409,0.81468284,-0.15198964,-0.48649415,-0.4690048,0.6576662,-0.5094635,0.6922759,-0.49439538,0.48522842,-0.749861,-0.063244626,-0.05745018,0.80098134,-0.14715557,-0.5060414,0.85165,0.7722316,0.69990313,0.6133703,-0.30523616,0.5704468,-0.091644585,0.12041843,0.7633234,0.38123494,0.020096047,0.6681627,0.73995554,0.753719,0.7176191,0.82331526,0.80286163,0.79058003,0.7233584,0.29276553,0.60576475,-0.3268273,-0.23969877,-0.36775854,-0.6801888,-0.39668018,-0.21881482,-0.33866972,0.14381365,0.103470296,0.72103846,0.5508604,0.73962224,0.8257131,0.7719901,0.7148459,0.79727495,-0.6003284,0.44739807,-0.4591143,-0.42592278,0.1896904,-0.67644477,0.09508042,-0.56912553,-0.6562854,-0.24496362,-0.058824413,0.08330242,0.5958557,0.6511547,-0.7309774,0.06534181,-0.079861194,-0.6062449,-0.18522799,-0.5550062,-0.42521584,-0.1214335,-0.73298746,-0.46967342,0.14186016,0.39518714,0.14105588,0.590041,-0.22204582,0.6463727,0.4737054,0.24400707,-0.55864054,0.16673875
0.13028838,-0.4472313,-0.49992114,-0.22693609,-0.6395011,-0.32346025,-0.28814024,-0.57634646,-0.02908528,0.23448503,0.64957297,0.5543151,0.73871565,0.8640679,0.8429657,-0.18893448,-0.62883866,-0.5496954,0.72563446,-0.5470266,0.7242416,-0.668501,0.48101884,-0.90722513,-0.12134381,-0.19850957,0.70039606,-0.45419508,-0.68536925,0.7722316,0.9394728,0.8120426,0.6315839,-0.44314158,0.47163707,-0.22965991,0.03183054,0.8200153,0.4373725,0.048968554,0.678451,0.6777371,0.7361102,0.75808,0.8069334,0.84648114,0.81504345,0.81695235,0.37397438,0.66051126,-0.2917674,-0.27999958,-0.3790422,-0.7647557,-0.48851073,-0.3042699,-0.38248426,0.08216977,0.09332575,0.68526006,0.49177325,0.76366436,0.83531654,0.8017607,0.7923343,0.8005382,-0.4688036,0.50421995,-0.5162363,-0.4669869,0.15959571,-0.7608429,0.17220896,-0.6343121,-0.7945463,-0.3834494,-0.38661888,-0.14772408,0.7848966,0.8182059,-0.8616248,0.12007555,-0.11797682,-0.65044713,-0.32519084,-0.5887154,-0.5306641,-0.29331326,-0.8278358,-0.58754444,0.29655722,0.5093181,0.19093877,0.7511717,-0.19637027,0.7299913,0.5749645,0.3323694,-0.48474383,0.22357124
-0.15776451,-0.43573397,-0.5576773,-0.38749582,-0.6995144,-0.41321036,-0.34005472,-0.5794883,-0.07142776,0.07107514,0.62703943,0.51620257,0.66903186,0.7724508,0.69261456,-0.24549748,-0.45614544,-0.56094956,0.7876533,-0.7141259,0.54159933,-0.53568363,0.3046729,-0.7766746,-0.34215856,-0.1430529,0.6741644,-0.20706832,-0.771266,0.69990313,0.8120426,0.9264108,0.7525236,-0.30863875,0.33814806,-0.0649672,0.19527617,0.82595015,0.29927218,-0.14100616,0.7469572,0.69371414,0.77406645,0.8030367,0.7904732,0.837101,0.809647,0.72932935,0.22546388,0.6140481,-0.33185774,-0.3409022,-0.38935548,-0.8127887,-0.55151844,-0.3912284,-0.40758505,0.040029332,-0.20100155,0.6611678,0.4665946,0.7849016,0.79575527,0.7802808,0.76626587,0.6617453,-0.5225897,0.6225198,-0.34771544,-0.41960236,-0.13832213,-0.73036546,0.06737568,-0.7334348,-0.6382769,-0.38875717,-0.35938105,-0.10055159,0.8708,0.8793328,-0.6370555,0.42788926,0.17236616,-0.44774196,-0.19792543,-0.3225849,-0.43708718,0.07297908,-0.7295368,-0.3714855,0.3373374,0.16621624,-0.060742598,0.8655317,0.068537086,0.7949592,0.6761067,0.46616137,-0.53194785,0.22920935
-0.47743356,-0.26560453,-0.375625,-0.32791048,-0.45279765,-0.1763553,-0.50686353,-0.63342357,0.25527725,0.36954743,0.62730765,0.69115853,0.42312825,0.58183223,0.5112443,-0.53602123,-0.57992876,-0.7219423,0.59180933,-0.8418288,0.40599155,-0.5213464,-0.045777574,-0.5645052,-0.15590248,0.18383503,0.6695452,0.07166502,-0.4516048,0.6133703,0.6315839,0.7525236,0.91946626,-0.40610242,0.23155196,0.36477083,0.59706473,0.8190713,0.48945796,0.12329269,0.68368316,0.72858095,0.70579994,0.85511565,0.79198694,0.7324358,0.7099205,0.57843995,0.27925,0.7621111,-0.7034429,-0.59104645,-0.65465033,-0.744669,-0.30110395,-0.21869728,-0.64638233,0.34834713,-0.00532683,0.72671187,0.68669146,0.6082736,0.62732583,0.55356795,0.5271427,0.4554169,-0.4938657,0.40725976,-0.5178414,-0.6376991,-0.3062394,-0.77835506,-0.3573601,-0.44092864,-0.3277322,-0.09466311,-0.018882528,0.17403117,0.6844407,0.62800694,-0.46922925,0.518589,0.48323005,-0.50084895,0.18340655,-0.12624824,-0.015531552,0.26831463,-0.45530975,-0.006543346,0.06964592,0.11378536,0.13562599,0.76246464,0.18548626,0.8153666,0.79352576,0.5815032,-0.53787506,0.52889097
0.0721735,0.08565219,0.005889856,0.02460863,0.0071113445,-0.22154467,0.4882056,0.53910947,-0.43712586,-0.686735,-0.3833841,-0.7004168,-0.065801874,-0.27528304,-0.3019348,0.66377467,0.7401532,0.72651505,-0.17284748,0.3806566,-0.2560152,0.5477873,0.12809193,0.3610574,-0.39898288,-0.29914612,-0.23804858,0.19289546,0.051501296,-0.30523616,-0.44314158,-0.30863875,-0.40610242,0.8514105,0.0870052,-0.25430644,-0.3750355,-0.53159416,-0.6155056,-0.47637698,-0.08527604,-0.375759,-0.11204481,-0.5318502,-0.44058222,-0.25580928,-0.2102992,-0.32861352,-0.43383786,-0.54922485,0.57396674,0.4688403,0.6423374,0.39112192,-0.097188875,-0.15592043,0.63925517,-0.5176476,-0.51184493,-0.57661176,-0.5540237,-0.115020484,-0.21177953,-0.15416038,-0.18071565,-0.2014843,0.13248527,0.061370164,0.7568152,0.7540628,0.07963779,0.6621593,0.35823986,-0.039236777,0.11352998,-0.2026413,0.07634381,-0.11808252,-0.37169856,-0.2746927,0.4261907,-0.08789632,-0.24668589,0.59008265,-0.23043084,0.20313627,-0.19253707,0.19362071,0.14024688,-0.02909474,0.12900965,-0.53626466,-0.5311701,-0.40547907,0.24066725,-0.53385514,-0.5478008,-0.40744406,0.033642877,-0.59646785
0.3147359,-0.19230965,-0.23926684,0.070342556,-0.33191413,-0.17667137,0.00060162926,-0.12320767,-0.0973302,0.04990813,0.43950582,0.18966705,0.64222616,0.58155054,0.5928934,0.27790385,-0.18874153,-0.011579965,0.27344814,-0.06766704,0.48755187,-0.064516656,0.6042701,-0.45482486,0.045383956,-0.1602776,0.54755247,-0.17915913,-0.27975187,0.5704468,0.47163707,0.33814806,0.23155196,0.0870052,0.8604607,-0.29056954,-0.24442059,0.36323383,0.17297927,0.021001242,0.4909556,0.5099436,0.61515373,0.29134095,0.46818382,0.56348103,0.5980544,0.5230583,0.17240085,0.2548369,-0.007006141,0.038719323,-0.074311554,-0.33006757,-0.28164265,-0.1329091,-0.007846902,-0.118973665,0.15223724,0.30327266,0.30071187,0.5303379,0.56631744,0.48990482,0.4073553,0.6200991,-0.4849562,0.14343604,-0.19562559,-0.066333875,0.32679152,-0.21585618,0.24463214,-0.36028117,-0.58275783,-0.19587475,-0.08971053,-0.000201141,0.18661338,0.30302402,-0.51473755,-0.23900217,-0.4486441,-0.27721265,-0.34501472,-0.47645974,-0.520042,-0.17961892,-0.6108363,-0.51712036,0.10226856,0.3493961,0.11125189,0.18212008,-0.1485033,0.18433492,0.010171171,-0.13875881,-0.39750695,-0.21668223
