0,1,2,3,4,5,6,7,8,9,10,11,12,13,14,15,16,17,18,19,20,21,22,23,24,25,26,27,28,29,30,31,32,33,34,35,36,37,38,39,40,41,42,43,44,45,46,47,48,49,50,51,52,53,54,55,56,57,58,59,60,61,62,63,64,65,66,67,68,69,70,71,72,73,74,75,76,77,78,79,80,81,82,83,84,85,86,87,88,89,90,91,92,93,94,95,96,97,98,99
0.8564335,0.6324848,0.17643434,0.62511265,0.3141855,-0.13343486,0.3611292,0.6630903,-0.23625338,-0.27797446,-0.5125207,-0.47778147,-0.8021022,-0.7299551,-0.7105577,0.75331664,-0.6330161,0.24910516,-0.6997707,-0.13863638,-0.5554257,-0.08219622,-0.66380644,-0.60140425,-0.30504945,-0.756547,-0.47690135,-0.7125429,-0.7361667,-0.756721,0.3028263,0.065682575,-0.08072632,-0.13969162,-0.022957193,-0.19069761,-0.4142378,0.34803295,0.22905219,0.21499255,0.034820747,-0.3464604,0.021588208,-0.017182494,-0.025808413,0.051426977,-0.09020725,0.084032476,0.4675505,-0.0026510076,0.78041357,0.78714466,0.7387589,0.53430396,0.14165476,-0.10668411,0.8065245,-0.024891777,-0.52282023,-0.66181207,-0.6688669,-0.7698808,-0.7967931,-0.74127984,-0.7533133,-0.7038883,0.519274,-0.5010088,-0.20161963,0.39017397,-0.4259182,-0.06808583,-0.5298897,-0.10816248,-0.58828604,-0.64370656,-0.64583635,-0.7580073,0.3506766,0.005461917,-0.65837336,-0.05769913,-0.16490075,-0.05800237,-0.70452297,-0.12131271,-0.50354147,-0.66944224,-0.4520348,-0.26186302,0.36289072,0.2227282,-0.000642159,-0.11378704,-0.35661617,-0.103443116,0.05170688,0.034202177,0.7062632,0.016236672
0.6324848,0.9496692,0.57620037,0.7609403,0.7907057,0.3332679,-0.1931555,0.89941597,0.19769296,-0.10068601,-0.24561499,-0.21520431,-0.6245506,-0.43229428,-0.37684476,0.4407221,-0.5222674,0.56492734,-0.49733233,0.28632104,-0.14948833,-0.38656488,-0.36781377,-0.59120834,-0.36822903,-0.5662197,-0.61799383,-0.5612761,-0.46520537,-0.66338515,-0.008672102,-0.27736208,-0.30713832,-0.050722085,-0.3872083,0.2344707,-0.6006099,-0.15577456,-0.28190422,-0.3067925,-0.44688174,-0.6632998,-0.4203169,-0.40246227,-0.2203834,-0.32823628,-0.48882574,-0.34772468,0.6483068,-0.49460742,0.66213286,0.80260473,0.3683488,0.81466544,0.60089874,0.30456817,0.8198476,0.43575603,-0.35097378,-0.52391756,-0.42895707,-0.6934679,-0.45064127,-0.4140014,-0.40265825,-0.33488655,-0.011515979,-0.43927002,-0.09184916,0.6279322,0.040755115,-0.3592133,-0.121639,-0.5887263,-0.32579988,-0.48056352,-0.22002107,-0.40592644,-0.017160216,-0.40651247,-0.46226895,-0.38611537,-0.41279987,-0.45205736,-0.7194529,-0.38550395,-0.5615718,-0.57084304,-0.28455806,-0.7204954,-0.14323673,-0.20027949,-0.4340362,-0.62217957,-0.7377513,-0.4556442,-0.358728,-0.38508463,0.7380348,-0.422903
0.17643434,0.57620037,0.9440101,0.17790934,0.799262,0.86765337,-0.54191136,0.59958696,0.81526417,0.5866097,0.42580855,0.49687165,-0.27343005,-0.012267795,0.19701494,-0.19275647,-0.31484902,0.3734649,-0.13501209,0.6572976,0.33215708,-0.8767431,-0.18525876,-0.017903153,0.22729768,-0.06530214,-0.61330783,-0.23726839,0.144619,-0.33158457,-0.56166077,-0.42160204,-0.5685235,-0.35641435,-0.8769169,0.79014957,-0.5497313,-0.4753263,-0.5854741,-0.67725724,-0.83822984,-0.74979913,-0.88407636,-0.69563556,-0.4785477,-0.71797925,-0.88207996,-0.796939,0.77473736,-0.70116365,0.05123844,0.24741378,-0.21094973,0.41925868,0.91147447,0.8586321,0.2961144,0.8981521,0.35617894,0.064239286,0.24729416,-0.41183877,0.011889616,0.109471716,0.07555619,0.22731987,-0.5383856,-0.48175544,-0.33428502,0.23337802,0.5805508,-0.85403335,0.00090906944,-0.44167438,0.28461733,0.06661661,0.33186662,0.19163631,-0.57643604,-0.56511366,-0.11393891,-0.8144926,-0.6940111,-0.8769171,-0.41942787,-0.84026337,-0.33556026,-0.20270298,0.3369552,-0.71958035,-0.55571747,-0.31774107,-0.22073707,-0.8298009,-0.77327913,-0.67514336,-0.70087016,-0.7442421,0.580631,-0.563049
0.62511265,0.7609403,0.17790934,0.90678954,0.492714,-0.061038516,0.03715127,0.7270124,-0.20452026,-0.45222795,-0.50022286,-0.5067927,-0.5769057,-0.4456728,-0.53446805,0.641063,-0.34267145,0.5733126,-0.43289962,0.042201575,-0.28199798,0.03412564,-0.2920928,-0.633301,-0.61421424,-0.66196024,-0.48983437,-0.61011624,-0.60557973,-0.655213,0.22420679,-0.06834319,-0.14914657,0.2390964,-0.0155016,-0.14415759,-0.4196483,0.041015096,-0.03939038,-0.007421196,-0.07556386,-0.4462412,-0.052420385,-0.1876418,-0.117521554,-0.06965603,-0.12069337,-0.02939776,0.36296463,-0.22385538,0.7087525,0.79749894,0.55193096,0.8278938,0.22959852,-0.11221437,0.80256414,0.042900328,-0.6420111,-0.63516545,-0.6371635,-0.58327496,-0.5133159,-0.4991284,-0.46832418,-0.49515396,0.25295326,-0.14962411,0.19749369,0.7236178,-0.21027435,0.048170604,-0.08950479,-0.51912516,-0.48090947,-0.6153233,-0.3977378,-0.60083425,0.24421984,-0.18746474,-0.39886683,0.012645055,-0.20715152,-0.08934273,-0.6984232,-0.00054666866,-0.48458266,-0.6489339,-0.51545584,-0.47597623,0.071622744,-0.12835345,-0.47550535,-0.31582993,-0.49614587,-0.270591,-0.12375037,-0.1234939,0.5532185,-0.2317903
0.3141855,0.7907057,0.799262,0.492714,0.94142616,0.6956352,-0.5591978,0.76933384,0.58418125,0.23058298,0.14127418,0.18425111,-0.3606224,-0.104883194,0.016969685,0.024334239,-0.31626105,0.600862,-0.21728456,0.5914115,0.23512469,-0.6368741,-0.10424965,-0.27739993,-0.15916473,-0.23232709,-0.6295202,-0.32605976,-0.061190125,-0.43836525,-0.36118752,-0.4613858,-0.5028698,-0.06659868,-0.67440397,0.59941304,-0.61068106,-0.5030242,-0.6134359,-0.6572676,-0.7512374,-0.770735,-0.73587584,-0.6601541,-0.39605653,-0.6234591,-0.751354,-0.66921335,0.6999278,-0.76323414,0.27862424,0.48334473,-0.05127295,0.6869849,0.8561027,0.6334597,0.5200198,0.7552519,0.009260774,-0.19882172,-0.030326191,-0.492649,-0.090330765,-0.04224302,-0.03647267,0.06307194,-0.4452961,-0.35243472,-0.07052061,0.5451366,0.44963214,-0.6066849,0.15117288,-0.6955743,0.06429604,-0.16028976,0.2026312,0.008584712,-0.39384782,-0.62281495,-0.15502404,-0.6074778,-0.58919364,-0.7215941,-0.5455151,-0.59267217,-0.45009428,-0.34026986,0.043725677,-0.8609072,-0.5336182,-0.44021112,-0.5350728,-0.865857,-0.85234845,-0.66710436,-0.6473937,-0.6746981,0.6105298,-0.6573913
-0.13343486,0.3332679,0.86765337,-0.061038516,0.6956352,0.9744802,-0.7527292,0.35626122,0.9484427,0.69970167,0.66334325,0.7108955,0.04868813,0.30993968,0.50546217,-0.5130406,-0.014128223,0.3600226,0.18178019,0.7990835,0.6140834,-0.85968506,0.11273286,0.25909692,0.2931073,0.24355571,-0.47718698,0.025991328,0.48026854,-0.059285454,-0.7456739,-0.5339899,-0.6090518,-0.21227524,-0.90319276,0.9249549,-0.35261685,-0.694198,-0.7551599,-0.82873654,-0.8602453,-0.65797347,-0.9278772,-0.75433433,-0.55715287,-0.8175098,-0.87174475,-0.869527,0.6257496,-0.7298192,-0.28709644,-0.080930315,-0.5356275,0.2394312,0.892276,0.931458,-0.021905001,0.9470117,0.56078476,0.33976087,0.52904737,-0.115824044,0.34279758,0.4188252,0.39716548,0.531786,-0.7794466,-0.23711024,-0.1622675,0.14867699,0.80669105,-0.84325576,0.26376447,-0.46475804,0.55133617,0.31628686,0.6367873,0.49372333,-0.77518123,-0.6563177,0.21911198,-0.74735904,-0.6849214,-0.8930285,-0.1615046,-0.770599,-0.093977176,0.048482083,0.5781986,-0.6198318,-0.76651883,-0.5071526,-0.3071233,-0.81468135,-0.67003936,-0.69927907,-0.7979131,-0.8005003,0.32325616,-0.58570623
0.3611292,-0.1931555,-0.54191136,0.03715127,-0.5591978,-0.7527292,0.9272412,-0.1635872,-0.71497107,-0.38595045,-0.5617896,-0.55231535,-0.3284782,-0.52613735,-0.61726993,0.61136043,-0.27626243,-0.45407638,-0.39872342,-0.74412227,-0.72640514,0.50176156,-0.45642686,-0.25576228,0.025346205,-0.42182508,0.2201195,-0.27383214,-0.5781646,-0.1838997,0.6309118,0.64608955,0.4569018,-0.2050958,0.6004704,-0.7614874,0.10587953,0.8969191,0.8806301,0.8721441,0.6689583,0.42705446,0.67871106,0.60865587,0.40935373,0.67691505,0.60785896,0.68266374,-0.3187021,0.657459,0.4076086,0.21998179,0.69864464,-0.22729981,-0.6562362,-0.65706277,0.18449509,-0.6998056,-0.40380344,-0.3659304,-0.5196563,-0.17300823,-0.57454544,-0.5765908,-0.6207239,-0.65611553,0.85772246,-0.15078577,-0.24978769,-0.2635364,-0.793432,0.4550754,-0.6214802,0.65800154,-0.55627584,-0.35146895,-0.7664931,-0.62421,0.7091234,0.73161507,-0.4956764,0.3918594,0.42138675,0.60913384,-0.062876254,0.36186752,-0.1307267,-0.24353467,-0.51787925,0.50208855,0.84535277,0.7805612,0.634419,0.66342795,0.46589977,0.53845984,0.69148415,0.6279677,-0.051184997,0.5375549
0.6630903,0.89941597,0.59958696,0.7270124,0.76933384,0.35626122,-0.1635872,0.9478155,0.22099881,-0.022592911,-0.19305469,-0.15110673,-0.67815864,-0.44017908,-0.38644993,0.46890855,-0.48863387,0.604307,-0.47896838,0.32670072,-0.11901559,-0.42322552,-0.40119117,-0.49485046,-0.3140247,-0.60919833,-0.7441211,-0.67540586,-0.45425594,-0.7609983,-0.10091402,-0.21720245,-0.4365996,-0.050500512,-0.45467216,0.23970273,-0.67143667,-0.12949617,-0.2590721,-0.29126298,-0.4675523,-0.74659574,-0.4814644,-0.49225354,-0.33884498,-0.41378605,-0.55061114,-0.42168915,0.70640194,-0.5135397,0.62402683,0.7878245,0.39625722,0.80012953,0.6135168,0.32885155,0.84456253,0.45647615,-0.31410247,-0.4959338,-0.4019608,-0.749434,-0.48836702,-0.41127208,-0.41901726,-0.34441996,-0.013706116,-0.42849845,-0.08357581,0.6561663,0.07691794,-0.40511447,-0.17048796,-0.53465855,-0.25053126,-0.4854018,-0.21207625,-0.4464963,-0.08479628,-0.39986324,-0.429026,-0.4305242,-0.537989,-0.5123148,-0.821738,-0.4605424,-0.6356681,-0.6841295,-0.27665246,-0.7313851,-0.18400955,-0.16902862,-0.3889867,-0.65794873,-0.7944942,-0.5506506,-0.43949553,-0.47965616,0.7752658,-0.46504128
-0.23625338,0.19769296,0.81526417,-0.20452026,0.58418125,0.9484427,-0.71497107,0.22099881,0.9679837,0.77998453,0.74446577,0.7897515,0.1411916,0.37936032,0.58565974,-0.59985745,0.04689385,0.24241896,0.2561282,0.74920136,0.6476096,-0.8494311,0.14364222,0.36574095,0.4230262,0.33586287,-0.39502954,0.1141856,0.5629036,0.044589214,-0.77464575,-0.4567989,-0.5755676,-0.2785862,-0.8889606,0.9098938,-0.28875226,-0.65320706,-0.696491,-0.7804352,-0.8303749,-0.57589924,-0.9041722,-0.711979,-0.53580344,-0.7829768,-0.8334019,-0.8505442,0.54805064,-0.6658186,-0.39181745,-0.20703565,-0.60168916,0.10085289,0.8235256,0.9263351,-0.15141451,0.9142494,0.6697949,0.4516141,0.6308468,-0.011465443,0.41916317,0.50596946,0.47357628,0.60835564,-0.79889786,-0.20282501,-0.21295726,0.0147894565,0.82301575,-0.83821404,0.25583792,-0.33917388,0.6303104,0.41562453,0.68196064,0.5789085,-0.80111814,-0.57041335,0.26671273,-0.7566192,-0.65511036,-0.86263454,-0.05904129,-0.775157,-0.02687325,0.13869165,0.63761884,-0.5254501,-0.7491927,-0.4430485,-0.19005221,-0.7380285,-0.57179105,-0.64703727,-0.75693786,-0.77065647,0.21604714,-0.533864
-0.27797446,-0.10068601,0.5866097,-0.45222795,0.23058298,0.69970167,-0.38595045,-0.022592911,0.77998453,0.9245062,0.7975846,0.8646941,0.20557143,0.3744427,0.5641832,-0.5769006,0.10472919,-0.07408412,0.2968651,0.47829738,0.5207613,-0.6750546,0.07933299,0.5597216,0.72695255,0.41812128,-0.23289198,0.15874484,0.5915201,0.14688683,-0.6908371,-0.13462992,-0.4376426,-0.44609052,-0.7071206,0.6819418,-0.16159838,-0.32795948,-0.35747656,-0.4544924,-0.5929216,-0.3140701,-0.68055844,-0.49534482,-0.42643544,-0.57784355,-0.622635,-0.66337305,0.34699935,-0.3839661,-0.4902348,-0.3712877,-0.52328396,-0.21628937,0.5137176,0.742108,-0.3181262,0.65478677,0.82697845,0.6116031,0.738402,0.10056512,0.3998065,0.49980366,0.41250277,0.558466,-0.5944714,-0.1826654,-0.3745768,-0.2970671,0.65210736,-0.69911635,0.04800907,0.10485813,0.68116724,0.56646633,0.56986535,0.55605555,-0.66897875,-0.22134437,0.24038666,-0.6755464,-0.5197363,-0.64696145,0.09320775,-0.70496166,0.031138485,0.20567955,0.61511517,-0.2177616,-0.5088364,-0.070455536,0.21464866,-0.42598668,-0.27788228,-0.43104362,-0.52920914,-0.5843817,0.035150565,-0.30698657
-0.5125207,-0.24561499,0.42580855,-0.50022286,0.14127418,0.66334325,-0.5617896,-0.19305469,0.74446577,0.7975846,0.9351707,0.9297122,0.490475,0.68429035,0.795648,-0.75887394,0.4377784,0.052427933,0.6148522,0.58955127,0.76985073,-0.51207906,0.36640465,0.7074921,0.5622928,0.608724,-0.13452777,0.32734665,0.82582015,0.3381117,-0.7938583,-0.2604626,-0.4571129,-0.113462985,-0.6214422,0.69718266,0.08600396,-0.525522,-0.48631117,-0.536487,-0.49401325,-0.2345372,-0.6117882,-0.51373875,-0.4989107,-0.614498,-0.5111382,-0.63793176,0.20291623,-0.3315628,-0.7078839,-0.5705125,-0.7395947,-0.2300399,0.4196393,0.66849303,-0.51151496,0.5842588,0.8354727,0.79471743,0.88345176,0.37767488,0.6896781,0.7674891,0.7189064,0.7985561,-0.7286743,0.1659331,-0.025602086,-0.19943652,0.789672,-0.52991796,0.33637878,-0.04703883,0.8361863,0.6679449,0.81423986,0.74475354,-0.7831994,-0.33143586,0.55191034,-0.45129767,-0.48269147,-0.5682299,0.24499261,-0.5007746,0.30339932,0.35109985,0.7624194,-0.10625912,-0.64671516,-0.32753986,-0.004315849,-0.3653322,-0.17920548,-0.43803355,-0.58594227,-0.5714723,-0.15152735,-0.25412875
-0.47778147,-0.21520431,0.49687165,-0.5067927,0.18425111,0.7108955,-0.55231535,-0.15110673,0.7897515,0.8646941,0.9297122,0.96073014,0.43666887,0.62886727,0.76201,-0.7458492,0.37022763,0.03297137,0.5522516,0.59000206,0.73518145,-0.5826716,0.31996486,0.7013809,0.6304996,0.5897043,-0.16932236,0.30840817,0.7988187,0.30330068,-0.80252486,-0.24420401,-0.48185956,-0.19589901,-0.6730607,0.72682744,0.01057764,-0.51139677,-0.48978227,-0.554698,-0.5582938,-0.26636702,-0.6648124,-0.53780675,-0.4971101,-0.64160824,-0.5753617,-0.68077445,0.24335887,-0.3824488,-0.67988193,-0.5387917,-0.7166693,-0.23596194,0.47311467,0.7228441,-0.47840512,0.63438916,0.8764311,0.7808311,0.8769065,0.31712604,0.64354587,0.7310811,0.6650799,0.76268554,-0.7380953,0.08853727,-0.10908474,-0.22048208,0.7920874,-0.5972997,0.2914346,-0.020150429,0.8358965,0.6759709,0.7870295,0.72396845,-0.7933229,-0.3264625,0.50712585,-0.5355904,-0.5103199,-0.618405,0.21290472,-0.5734391,0.23172444,0.33102173,0.7494052,-0.15637515,-0.6565075,-0.27829224,0.041368302,-0.41728958,-0.22415817,-0.46300817,-0.6049869,-0.6075348,-0.114626735,-0.30406764
-0.8021022,-0.6245506,-0.27343005,-0.5769057,-0.3606224,0.04868813,-0.3284782,-0.67815864,0.1411916,0.20557143,0.490475,0.43666887,0.9432002,0.7936382,0.705841,-0.71440053,0.7076567,-0.24660373,0.77791166,0.06192365,0.5386671,0.17893726,0.6451273,0.5525987,0.26098105,0.76128656,0.5176019,0.73377794,0.7111356,0.7910592,-0.24325684,-0.04641381,0.14085723,0.19733873,0.103789434,0.12507446,0.53542686,-0.30819643,-0.16605297,-0.14260119,0.060850184,0.4205315,0.082270525,0.09800622,0.05066458,0.02770378,0.18021113,-0.007770963,-0.499899,0.119285755,-0.7332719,-0.73552233,-0.6854316,-0.4919784,-0.20859906,0.018648826,-0.78391355,-0.06899886,0.48659503,0.7097641,0.6605233,0.9171579,0.8446233,0.78650844,0.7984437,0.7048239,-0.449761,0.60945106,0.27767533,-0.35808873,0.36646044,0.17792866,0.5398471,0.102977216,0.548456,0.6510134,0.6127109,0.7418721,-0.2813682,0.044889677,0.64406943,0.17517114,0.22142276,0.1496636,0.71699107,0.20015325,0.6238233,0.6958661,0.459624,0.345555,-0.27639323,-0.23800668,-0.0026690012,0.22290093,0.44000447,0.16780007,0.025733974,0.0502561,-0.70371264,0.109154955
-0.7299551,-0.43229428,-0.012267795,-0.4456728,-0.104883194,0.30993968,-0.52613735,-0.44017908,0.37936032,0.3744427,0.68429035,0.62886727,0.7936382,0.9325061,0.8278476,-0.73572797,0.79015285,0.06669754,0.89167666,0.38952923,0.79901546,-0.028797548,0.6910845,0.65698504,0.23923011,0.6832254,0.1584951,0.5150976,0.82515156,0.5737003,-0.54263496,-0.1319758,-0.19614273,0.2938162,-0.19792879,0.35158724,0.33464944,-0.49201286,-0.3697331,-0.35332268,-0.17448469,0.06318057,-0.2298429,-0.2798649,-0.30387473,-0.32163894,-0.11702795,-0.32095566,-0.21877468,-0.13176082,-0.75867105,-0.6640548,-0.7516373,-0.26305056,0.067511454,0.25900686,-0.6497976,0.21858935,0.5630077,0.7739041,0.7542511,0.7222736,0.906277,0.91525304,0.91450197,0.8450581,-0.6482624,0.6478391,0.3887956,-0.100397944,0.65669084,-0.048576303,0.63466793,-0.11155758,0.75187236,0.6468549,0.8185179,0.75647676,-0.5416166,-0.15459839,0.75341994,-0.026211798,-0.16047493,-0.1710226,0.44272757,-0.034539584,0.47069192,0.46466368,0.54572976,0.093958646,-0.54478073,-0.40271735,-0.19206229,-0.10321756,0.10045977,-0.21300957,-0.33949512,-0.30313498,-0.50213814,-0.13789402
-0.7105577,-0.37684476,0.19701494,-0.53446805,0.016969685,0.50546217,-0.61726993,-0.38644993,0.58565974,0.5641832,0.795648,0.76201,0.705841,0.8278476,0.95497316,-0.860567,0.5739628,-0.016153978,0.7428704,0.4872269,0.81641376,-0.28524524,0.5844171,0.6493573,0.40404123,0.7226766,0.13583666,0.5694307,0.8961066,0.5882264,-0.6293649,-0.26935494,-0.22599703,0.05183641,-0.383969,0.55384636,0.25537893,-0.5699942,-0.47809738,-0.49194926,-0.34489086,-0.017206231,-0.40381634,-0.33822912,-0.30140337,-0.4168333,-0.28168255,-0.44357228,-0.06312479,-0.24261697,-0.7798357,-0.6790333,-0.8550977,-0.3037923,0.24973315,0.47488064,-0.66998726,0.40702674,0.7125281,0.77704215,0.8320168,0.6083324,0.8670796,0.88276,0.8906629,0.95902705,-0.74985504,0.36795565,0.14285898,-0.23033684,0.74341446,-0.29550445,0.5479995,-0.101817906,0.7609409,0.6894952,0.89024496,0.85915565,-0.6584176,-0.26972172,0.6645557,-0.22977327,-0.222111,-0.3490345,0.46590346,-0.23008093,0.45184186,0.5500349,0.69809246,0.012015871,-0.6042861,-0.4179955,-0.11276833,-0.21807355,0.011228358,-0.25478482,-0.4123171,-0.38042638,-0.39308935,-0.19249913
0.75331664,0.4407221,-0.19275647,0.641063,0.024334239,-0.5130406,0.61136043,0.46890855,-0.59985745,-0.5769006,-0.75887394,-0.7458492,-0.71440053,-0.73572797,-0.860567,0.9470931,-0.46994185,0.15717223,-0.6365,-0.42195857,-0.7064051,0.3212185,-0.55201554,-0.6377802,-0.47669756,-0.81442463,-0.27745748,-0.7031467,-0.87037635,-0.69167674,0.55964756,0.3348805,0.13254377,0.050275277,0.34853828,-0.58425796,-0.30882818,0.5889418,0.5055654,0.5216251,0.34760606,-0.09918016,0.36849993,0.22547826,0.1443897,0.34292233,0.26275074,0.39072865,0.103973,0.2217426,0.81444263,0.7477548,0.91339374,0.43363145,-0.23517716,-0.49058366,0.75750434,-0.39362782,-0.75702155,-0.75739837,-0.84650785,-0.62060094,-0.82152617,-0.8061669,-0.8161559,-0.8569557,0.74935067,-0.24620381,-0.013880121,0.38969815,-0.6674875,0.31041723,-0.501935,0.034328956,-0.71642864,-0.73491746,-0.82660496,-0.9130241,0.6293979,0.29135856,-0.62494624,0.2396968,0.08677369,0.30305988,-0.6152611,0.21418911,-0.515352,-0.7072808,-0.7440069,-0.053954013,0.5770541,0.40281165,0.044861928,0.16252548,-0.10331124,0.121221244,0.32052833,0.28729108,0.42566282,0.1426298
-0.6330161,-0.5222674,-0.31484902,-0.34267145,-0.31626105,-0.014128223,-0.27626243,-0.48863387,0.04689385,0.10472919,0.4377784,0.37022763,0.7076567,0.79015285,0.5739628,-0.46994185,0.9378669,0.1202645,0.85440147,0.18023866,0.626611,0.30737585,0.6932161,0.6220837,0.030575566,0.54181135,0.16774783,0.35726702,0.618526,0.44930178,-0.35076618,0.05926314,-0.12725745,0.5389995,0.090712056,0.019894058,0.38601586,-0.28628987,-0.15239564,-0.096915364,0.10911049,0.19864234,0.052393883,-0.1333947,-0.2621613,-0.14920188,0.1374518,-0.090669006,-0.3922304,0.04670324,-0.6634333,-0.60778296,-0.50804216,-0.24381855,-0.22121441,-0.077146485,-0.5687975,-0.09140271,0.29576656,0.6252084,0.52027535,0.6853056,0.7159097,0.71270907,0.71403193,0.5848415,-0.37443092,0.86230195,0.6192149,0.018126717,0.41826725,0.28967398,0.5914,-0.019702205,0.61593914,0.4933594,0.58279526,0.4854076,-0.30877602,0.019701522,0.7788151,0.2732701,-0.042356744,0.11255957,0.35995883,0.26140147,0.41573226,0.2921723,0.28994343,0.24682301,-0.35470748,-0.2783145,-0.19987123,0.115551725,0.24693274,-0.099321455,-0.18181136,-0.13037285,-0.57810116,-0.021558423
0.24910516,0.56492734,0.3734649,0.5733126,0.600862,0.3600226,-0.45407638,0.604307,0.24241896,-0.07408412,0.052427933,0.03297137,-0.24660373,0.06669754,-0.016153978,0.15717223,0.1202645,0.95171696,0.060642406,0.5846455,0.3542465,-0.18527342,0.12632887,-0.09981309,-0.5358391,-0.2843895,-0.7057943,-0.4770369,-0.04110661,-0.5246582,-0.37955964,-0.3583131,-0.61065114,0.53586483,-0.39838427,0.29295063,-0.3773583,-0.472368,-0.50618386,-0.45468867,-0.3702106,-0.69611526,-0.4663527,-0.6675471,-0.5970062,-0.6150176,-0.46389663,-0.49804065,0.48195547,-0.5316266,0.15900609,0.36068177,0.015487267,0.7339489,0.48877275,0.25755268,0.45982045,0.41834876,-0.24072033,-0.17025015,-0.124785274,-0.34641808,-0.034228906,0.024542239,0.058669776,0.03793887,-0.28881636,0.18495929,0.5433024,0.8889172,0.40370136,-0.17583409,0.32494298,-0.73943305,0.12885004,-0.26655284,0.22177923,-0.16202447,-0.34815747,-0.5746846,0.19282293,-0.12369673,-0.6082198,-0.46307182,-0.6349956,-0.1772424,-0.3195917,-0.53631103,-0.06265412,-0.5866408,-0.51620513,-0.5656378,-0.7662407,-0.6420933,-0.7065022,-0.7045967,-0.67191195,-0.59779966,0.4323932,-0.5058696
-0.6997707,-0.49733233,-0.13501209,-0.43289962,-0.21728456,0.18178019,-0.39872342,-0.47896838,0.2561282,0.2968651,0.6148522,0.5522516,0.77791166,0.89167666,0.7428704,-0.6365,0.85440147,0.060642406,0.92594045,0.2906,0.73802626,0.09943412,0.67874897,0.67182565,0.1940452,0.6352122,0.16154176,0.44546166,0.7601367,0.5267321,-0.48083022,-0.015682593,-0.17555743,0.361299,-0.09171845,0.22279392,0.37570813,-0.3778941,-0.24927622,-0.21813327,-0.047703095,0.12967569,-0.12013563,-0.21774876,-0.3064229,-0.25048232,-0.010159545,-0.23027019,-0.29261345,-0.031010903,-0.74299324,-0.6622243,-0.65608454,-0.27972567,-0.055979423,0.12565154,-0.6396539,0.0932097,0.4843724,0.74829423,0.6869868,0.72527313,0.84647584,0.85720587,0.84465367,0.756107,-0.528878,0.73322284,0.4493795,-0.090242535,0.56071985,0.0707519,0.5858828,-0.02845154,0.71189475,0.6017375,0.73184747,0.6512903,-0.45583943,-0.05182772,0.7572554,0.0834578,-0.12649506,-0.06431436,0.4149331,0.06538403,0.4686314,0.39478707,0.4639103,0.18737042,-0.4521081,-0.31303978,-0.14436078,0.0055211172,0.1750451,-0.1652263,-0.26776224,-0.22908239,-0.5468242,-0.06289603
-0.13863638,0.28632104,0.6572976,0.042201575,0.5914115,0.7990835,-0.74412227,0.32670072,0.74920136,0.47829738,0.58955127,0.59000206,0.06192365,0.38952923,0.4872269,-0.42195857,0.18023866,0.5846455,0.2906,0.87688494,0.7096325,-0.61264366,0.24550605,0.29522613,-0.0010283971,0.17043364,-0.5549276,-0.0750975,0.47325033,-0.13159698,-0.7751591,-0.5515249,-0.69340676,0.1583164,-0.76397085,0.77144414,-0.24945016,-0.7448968,-0.758569,-0.7667431,-0.6694677,-0.6743681,-0.8059225,-0.8011654,-0.6817584,-0.84991306,-0.7221656,-0.7881259,0.55065584,-0.6518347,-0.31962264,-0.09709853,-0.5067433,0.3430923,0.7338009,0.7277651,-0.009694053,0.7685615,0.3662598,0.28588504,0.4321108,-0.09318271,0.35657775,0.43778187,0.4377454,0.5241461,-0.7187977,0.03730165,0.21216938,0.3831536,0.81112516,-0.60178435,0.4005942,-0.577887,0.5452275,0.18109813,0.6693069,0.39402482,-0.78344685,-0.7189102,0.3980306,-0.45799503,-0.71674776,-0.7819872,-0.25256675,-0.5081979,-0.039472483,-0.08155757,0.49724728,-0.532382,-0.7971048,-0.66523665,-0.532797,-0.7466284,-0.6586105,-0.7661494,-0.8596368,-0.77573156,0.28309417,-0.53906345
-0.5554257,-0.14948833,0.33215708,-0.28199798,0.23512469,0.6140834,-0.72640514,-0.11901559,0.6476096,0.5207613,0.76985073,0.73518145,0.5386671,0.79901546,0.81641376,-0.7064051,0.626611,0.3542465,0.73802626,0.7096325,0.94275916,-0.33638018,0.6131352,0.62923014,0.17239046,0.5453306,-0.2072445,0.2819112,0.81234586,0.29030213,-0.78355736,-0.33730292,-0.5105684,0.28290892,-0.5334505,0.6221638,0.046938833,-0.6966654,-0.62711465,-0.6209149,-0.47041255,-0.32182747,-0.57921433,-0.6328314,-0.58866185,-0.6724802,-0.46613875,-0.6357895,0.13697556,-0.45370096,-0.6864432,-0.5015204,-0.7615421,-0.0017630681,0.41968936,0.54338187,-0.43505642,0.552904,0.5647304,0.6607085,0.7192577,0.4087342,0.7748256,0.82415485,0.8261843,0.84416616,-0.80813324,0.4483662,0.36695874,0.13510384,0.88143003,-0.3476197,0.63677764,-0.35448626,0.8053852,0.53332067,0.91123223,0.6987004,-0.77549994,-0.44964218,0.7386136,-0.27195275,-0.50695515,-0.5247365,0.14362514,-0.30199808,0.24435073,0.23968884,0.6084672,-0.2243845,-0.78841686,-0.58840877,-0.38984585,-0.47016177,-0.28614825,-0.571122,-0.6885675,-0.6331992,-0.1993986,-0.41333437
-0.08219622,-0.38656488,-0.8767431,0.03412564,-0.6368741,-0.85968506,0.50176156,-0.42322552,-0.8494311,-0.6750546,-0.51207906,-0.5826716,0.17893726,-0.028797548,-0.28524524,0.3212185,0.30737585,-0.18527342,0.09943412,-0.61264366,-0.33638018,0.92990446,0.19451666,-0.09277454,-0.37654632,-0.03499308,0.4738193,0.10563321,-0.25759387,0.1917092,0.5887505,0.40812993,0.50648314,0.4782194,0.8760116,-0.8161917,0.40116432,0.44068712,0.53395545,0.62804645,0.76954687,0.6300249,0.8561522,0.6094154,0.43837166,0.6648711,0.81447774,0.7444776,-0.6886172,0.5779959,0.08766034,-0.061348073,0.3139476,-0.19914332,-0.82841825,-0.880795,-0.111103386,-0.8660124,-0.47762153,-0.1564816,-0.3558842,0.3136332,-0.07528646,-0.16063169,-0.1203783,-0.29601797,0.5411996,0.5270829,0.45123538,-0.012686623,-0.574576,0.9074609,0.07381748,0.2738526,-0.32455254,-0.13983363,-0.37466878,-0.2879752,0.61036664,0.50587034,0.101084545,0.799384,0.6299511,0.8664866,0.25308973,0.83682954,0.19890009,0.05385274,-0.47136766,0.54444325,0.5217478,0.26060453,0.06864022,0.7083458,0.636816,0.5662209,0.6281359,0.6575774,-0.45739618,0.4310932
-0.66380644,-0.36781377,-0.18525876,-0.2920928,-0.10424965,0.11273286,-0.45642686,-0.40119117,0.14364222,0.07933299,0.36640465,0.31996486,0.6451273,0.6910845,0.5844171,-0.55201554,0.6932161,0.12632887,0.67874897,0.24550605,0.6131352,0.19451666,0.84854776,0.46083692,-0.038012024,0.5836619,0.22110346,0.4802271,0.58205926,0.50630367,-0.30197755,-0.102149405,-0.07496588,0.4630708,0.036140557,0.11967629,0.20933619,-0.4557482,-0.3413375,-0.2938738,-0.08229582,0.14086881,-0.042788435,-0.16839989,-0.11224234,-0.17834869,0.034154095,-0.16113079,-0.36500704,-0.19359958,-0.6092914,-0.5353025,-0.59056675,-0.17293142,-0.05519915,0.0057499735,-0.5203676,0.040122673,0.2674811,0.48769826,0.46906528,0.5995928,0.7122483,0.6665357,0.70467496,0.61643684,-0.5304767,0.6586684,0.52337754,0.052232467,0.48367074,0.19835463,0.77606666,-0.18734401,0.5416663,0.47998,0.618064,0.58890057,-0.32712916,-0.12131202,0.73335654,0.16391549,0.025254183,0.053697534,0.41653514,0.2195904,0.28429884,0.39850038,0.22695,0.01697025,-0.47921574,-0.3961182,-0.34110767,-0.054180767,0.12316042,-0.12669274,-0.21822253,-0.1914553,-0.54139775,-0.24672726
-0.60140425,-0.59120834,-0.017903153,-0.633301,-0.27739993,0.25909692,-0.25576228,-0.49485046,0.36574095,0.5597216,0.7074921,0.7013809,0.5525987,0.65698504,0.6493573,-0.6377802,0.6220837,-0.09981309,0.67182565,0.29522613,0.62923014,-0.09277454,0.46083692,0.8832631,0.47232494,0.613287,0.06440752,0.34147498,0.73941195,0.4020576,-0.58560914,0.02821906,-0.27978423,0.07756365,-0.22656566,0.29755208,0.24686122,-0.2585839,-0.17374708,-0.19275528,-0.10752793,0.079002775,-0.22108507,-0.25356615,-0.3578326,-0.3383893,-0.124444515,-0.29968804,-0.15170515,-0.036777012,-0.80172336,-0.74918985,-0.6042161,-0.4699063,-0.018806178,0.2531374,-0.66091263,0.16693775,0.66835606,0.7621998,0.74948627,0.50413907,0.6205137,0.676117,0.62485504,0.63982844,-0.45800993,0.42446148,0.16079529,-0.29078853,0.5488287,-0.121180356,0.31768575,0.2349066,0.78753066,0.642728,0.63520205,0.59229046,-0.5345859,-0.0075586196,0.6848153,-0.076284505,-0.23265167,-0.16087946,0.36886975,-0.11070734,0.3466627,0.35148308,0.5486305,0.2226167,-0.4083968,-0.098905236,0.15426797,0.01105939,0.15860611,-0.19462647,-0.31717232,-0.28741863,-0.4247403,-0.052073214
-0.30504945,-0.36822903,0.22729768,-0.61421424,-0.15916473,0.2931073,0.025346205,-0.3140247,0.4230262,0.72695255,0.5622928,0.6304996,0.26098105,0.23923011,0.40404123,-0.47669756,0.030575566,-0.5358391,0.1940452,-0.0010283971,0.17239046,-0.37654632,-0.038012024,0.47232494,0.9003321,0.4415359,0.16438034,0.3101733,0.4356774,0.33945802,-0.28901404,0.18166238,-0.0014226506,-0.6399528,-0.29486173,0.2960765,0.049173787,0.088803895,0.08048549,-0.030828299,-0.22319248,0.12829621,-0.23368335,-0.017173331,-0.023675367,-0.09134886,-0.20038994,-0.21662933,-0.0012353499,0.019969711,-0.41496706,-0.43091857,-0.32251248,-0.5310871,0.08884777,0.38249993,-0.43780574,0.23920673,0.75284636,0.5680877,0.61890864,0.24316758,0.29809922,0.35388446,0.2527147,0.3725571,-0.23800722,-0.22457683,-0.58101416,-0.67211735,0.24974796,-0.40137687,-0.17134488,0.5305438,0.45055032,0.56834626,0.26882958,0.46386373,-0.26302624,0.22886778,0.04480833,-0.44476482,-0.08142103,-0.20781013,0.35889864,-0.43971837,0.1533302,0.37921146,0.4395746,0.15909481,-0.054818317,0.34031707,0.63134,0.04592497,0.17306244,0.033260435,-0.02223896,-0.118474975,-0.1883685,0.045837816
-0.756547,-0.5662197,-0.06530214,-0.66196024,-0.23232709,0.24355571,-0.42182508,-0.60919833,0.33586287,0.41812128,0.608724,0.5897043,0.76128656,0.6832254,0.7226766,-0.81442463,0.54181135,-0.2843895,0.6352122,0.17043364,0.5453306,-0.03499308,0.5836619,0.613287,0.4415359,0.88746554,0.46827686,0.776629,0.76085925,0.7679795,-0.33990645,-0.18235782,0.042255893,0.022380188,-0.06563258,0.31627315,0.3975054,-0.42265487,-0.316303,-0.32182065,-0.14036939,0.34151453,-0.09631248,0.009725509,0.043696687,-0.11434336,-0.009011805,-0.16623022,-0.3385395,-0.052508865,-0.76894474,-0.7555965,-0.7768761,-0.5354672,-0.035796665,0.21992236,-0.781382,0.1102362,0.6718625,0.7398992,0.77686894,0.7207002,0.7729262,0.73253393,0.73024505,0.7179999,-0.5733248,0.38026416,0.0958873,-0.43650484,0.46551406,-0.026226424,0.50191104,0.10985601,0.6365965,0.76603484,0.6600199,0.8277658,-0.4066699,-0.09908005,0.6251105,-0.021820815,0.15390311,-0.00052448525,0.736302,0.029320337,0.5440214,0.76430666,0.5647042,0.21729164,-0.40928197,-0.24263617,0.046015717,0.085731596,0.33968753,0.09771316,-0.094450794,-0.076459825,-0.5768744,-0.025879448
-0.47690135,-0.61799383,-0.61330783,-0.48983437,-0.6295202,-0.47718698,0.2201195,-0.7441211,-0.39502954,-0.23289198,-0.13452777,-0.16932236,0.5176019,0.1584951,0.13583666,-0.27745748,0.16774783,-0.7057943,0.16154176,-0.5549276,-0.2072445,0.4738193,0.22110346,0.06440752,0.16438034,0.46827686,0.94215405,0.739004,0.14136934,0.75483793,0.4598775,0.14501743,0.7103975,-0.07253426,0.6259096,-0.37635922,0.600731,0.20452079,0.31192005,0.3356428,0.48429626,0.85010535,0.63923883,0.7528788,0.7152202,0.682485,0.64956653,0.61080676,-0.73812735,0.52275133,-0.26847723,-0.4565571,-0.1937715,-0.6417087,-0.6142284,-0.45176828,-0.58655155,-0.57276475,0.07306873,0.1818296,0.11308785,0.61776555,0.274081,0.14271304,0.18387252,0.106739566,0.17274791,0.19771914,-0.074263826,-0.63488567,-0.3557893,0.4876473,0.09127382,0.43440443,-0.129706,0.28940898,-0.06787403,0.3064128,0.36408296,0.40248644,0.10159614,0.4667282,0.8339379,0.6671691,0.8380887,0.54253125,0.5497697,0.7402128,0.041267015,0.62009144,0.38063222,0.20124835,0.34231877,0.7023066,0.81366646,0.7930402,0.7016244,0.6962234,-0.659001,0.5035614
-0.7125429,-0.5612761,-0.23726839,-0.61011624,-0.32605976,0.025991328,-0.27383214,-0.67540586,0.1141856,0.15874484,0.32734665,0.30840817,0.73377794,0.5150976,0.5694307,-0.7031467,0.35726702,-0.4770369,0.44546166,-0.0750975,0.2819112,0.10563321,0.4802271,0.34147498,0.3101733,0.776629,0.739004,0.94094074,0.5636578,0.88608336,-0.025650628,-0.1680119,0.3625745,-0.047268312,0.17916612,0.13237959,0.51871955,-0.26986337,-0.15612838,-0.14838144,0.052781567,0.56580865,0.16196904,0.31672716,0.38304853,0.20380759,0.23027603,0.12663703,-0.49590465,0.13809974,-0.59040546,-0.6581064,-0.6456976,-0.57884145,-0.20131046,0.013935047,-0.75407386,-0.09825109,0.45753455,0.51810193,0.55061173,0.73350674,0.6536438,0.5489099,0.5874486,0.5581105,-0.3610344,0.25504676,-0.012899726,-0.56001276,0.18056333,0.12699722,0.4062965,0.16829076,0.31457844,0.5918321,0.43455985,0.74623734,-0.13487245,0.020990409,0.41194803,0.1462442,0.48077318,0.23257203,0.88953924,0.22093454,0.62328947,0.920339,0.433484,0.34819368,-0.13665055,-0.16549197,0.11484183,0.2986256,0.52982765,0.40412843,0.22584051,0.24514452,-0.62393117,0.17957808
-0.7361667,-0.46520537,0.144619,-0.60557973,-0.061190125,0.48026854,-0.5781646,-0.45425594,0.5629036,0.5915201,0.82582015,0.7988187,0.7111356,0.82515156,0.8961066,-0.87037635,0.618526,-0.04110661,0.7601367,0.47325033,0.81234586,-0.25759387,0.58205926,0.73941195,0.4356774,0.76085925,0.14136934,0.5636578,0.93351424,0.58822966,-0.6590792,-0.26240695,-0.25614578,0.07272402,-0.3639009,0.53933775,0.30809653,-0.5576911,-0.45512545,-0.46506462,-0.29544392,0.022642048,-0.37397742,-0.32221556,-0.32573238,-0.4232787,-0.25456232,-0.4274984,-0.07922625,-0.18884434,-0.8445802,-0.7546252,-0.86514854,-0.36997437,0.19866225,0.44860664,-0.72546065,0.36491883,0.74853253,0.8271785,0.8715468,0.6251082,0.84851944,0.8744103,0.8681402,0.90115774,-0.72132325,0.4009569,0.1637816,-0.27057898,0.7336457,-0.2660465,0.5245529,-0.03376963,0.8091303,0.7226144,0.88800585,0.84905183,-0.6801239,-0.25808808,0.71940255,-0.17900331,-0.22138822,-0.3172108,0.49281403,-0.1978555,0.5025225,0.5602411,0.7405741,0.08790882,-0.596382,-0.401918,-0.06445299,-0.15770194,0.067689195,-0.23550178,-0.41010553,-0.3612664,-0.41349077,-0.13416582
-0.756721,-0.66338515,-0.33158457,-0.655213,-0.43836525,-0.059285454,-0.1838997,-0.7609983,0.044589214,0.14688683,0.3381117,0.30330068,0.7910592,0.5737003,0.5882264,-0.69167674,0.44930178,-0.5246582,0.5267321,-0.13159698,0.29030213,0.1917092,0.50630367,0.4020576,0.33945802,0.7679795,0.75483793,0.88608336,0.58822966,0.92491937,-0.010117931,-0.028061982,0.3995196,-0.026575942,0.24395576,0.03689626,0.5582826,-0.16363576,-0.038890403,-0.031251434,0.14640713,0.6108532,0.2315476,0.3469327,0.35307145,0.25600064,0.31340274,0.19038233,-0.58854055,0.22446445,-0.63073313,-0.7175026,-0.6208755,-0.64326566,-0.30012888,-0.068562694,-0.8091753,-0.18263593,0.45514613,0.5719826,0.5548711,0.8035634,0.6937934,0.5964378,0.6246892,0.57557774,-0.30694512,0.35155573,0.017176395,-0.5960084,0.1579356,0.19615966,0.38505337,0.264988,0.34191877,0.609782,0.43460518,0.72178954,-0.09153654,0.16107911,0.44781458,0.20005238,0.4831181,0.2998029,0.89154804,0.2657691,0.6299242,0.87362206,0.395927,0.4390694,-0.07073641,-0.06701808,0.19126564,0.37996465,0.59599614,0.4236701,0.27446508,0.28041923,-0.720171,0.22827932
0.3028263,-0.008672102,-0.56166077,0.22420679,-0.36118752,-0.7456739,0.6309118,-0.10091402,-0.77464575,-0.6908371,-0.7938583,-0.80252486,-0.24325684,-0.54263496,-0.6293649,0.55964756,-0.35076618,-0.37955964,-0.48083022,-0.7751591,-0.78355736,0.5887505,-0.30197755,-0.58560914,-0.28901404,-0.33990645,0.4598775,-0.025650628,-0.6590792,-0.010117931,0.9209964,0.3654967,0.69677234,-0.048760805,0.75435543,-0.7428062,0.1446988,0.6108172,0.6083981,0.6375592,0.5968705,0.5378752,0.7667992,0.7513597,0.7247173,0.8215544,0.67812264,0.7765652,-0.41614935,0.5146256,0.541675,0.3435456,0.5994451,-0.06138105,-0.5859682,-0.7155713,0.23597565,-0.71322656,-0.6104395,-0.55729854,-0.658304,-0.09541331,-0.50296164,-0.60605496,-0.5708612,-0.64424133,0.721713,-0.13049766,-0.11488151,-0.1372821,-0.84946007,0.6012331,-0.33482027,0.2930091,-0.76037604,-0.40282154,-0.75442296,-0.5188578,0.8796084,0.5132968,-0.51344067,0.49405634,0.7236695,0.739854,0.10381743,0.56660426,-0.05434221,-0.02537373,-0.63421416,0.34000713,0.7608814,0.46448585,0.25158572,0.61325383,0.48337555,0.70205796,0.8075379,0.7625531,-0.08607082,0.44244272
0.065682575,-0.27736208,-0.42160204,-0.06834319,-0.4613858,-0.5339899,0.64608955,-0.21720245,-0.4567989,-0.13462992,-0.2604626,-0.24420401,-0.04641381,-0.1319758,-0.26935494,0.3348805,0.05926314,-0.3583131,-0.015682593,-0.5515249,-0.33730292,0.40812993,-0.102149405,0.02821906,0.18166238,-0.18235782,0.14501743,-0.1680119,-0.26240695,-0.028061982,0.3654967,0.8468843,0.30792236,-0.14930287,0.41421896,-0.6105648,-0.011128853,0.7144462,0.7180459,0.681445,0.42134482,0.30665073,0.45659462,0.3322637,0.17833714,0.4566346,0.42154723,0.40979153,-0.36509192,0.39601594,0.13377593,0.024455031,0.42126983,-0.23523287,-0.50649846,-0.46896482,0.007413118,-0.48109457,-0.1386117,-0.043281946,-0.21125218,0.06154698,-0.19311512,-0.18150401,-0.24974304,-0.29716596,0.4911986,0.11292178,-0.14118673,-0.234474,-0.42172277,0.3479654,-0.28566003,0.559381,-0.16148023,-0.017644878,-0.40871486,-0.3183779,0.47961175,0.78777707,-0.19879538,0.16713646,0.20902309,0.43379822,-0.00076212717,0.18655418,-0.17181545,-0.18628803,-0.42489225,0.32134008,0.54369813,0.7030103,0.52620107,0.44617945,0.35357356,0.27551836,0.4552467,0.32396805,-0.2560873,0.217381
-0.08072632,-0.30713832,-0.5685235,-0.14914657,-0.5028698,-0.6090518,0.4569018,-0.4365996,-0.5755676,-0.4376426,-0.4571129,-0.48185956,0.14085723,-0.19614273,-0.22599703,0.13254377,-0.12725745,-0.61065114,-0.17555743,-0.69340676,-0.5105684,0.50648314,-0.07496588,-0.27978423,-0.0014226506,0.042255893,0.7103975,0.3625745,-0.25614578,0.3995196,0.69677234,0.30792236,0.7949831,-0.1437083,0.6864364,-0.5559422,0.38397843,0.46340632,0.5138724,0.52804464,0.5553773,0.7009825,0.7086089,0.76733094,0.73395175,0.7953036,0.69216883,0.7350386,-0.56529737,0.5536829,0.1373515,-0.0501227,0.20841728,-0.3649323,-0.60008544,-0.57150763,-0.18553016,-0.63866365,-0.251594,-0.19468617,-0.26523077,0.26527736,-0.1073896,-0.22138762,-0.18803722,-0.25049493,0.47348833,-0.021439057,-0.17130448,-0.44265202,-0.62777364,0.50153863,-0.16449171,0.39241356,-0.48260903,-0.053030282,-0.42204466,-0.09261125,0.6366219,0.5102393,-0.27018845,0.44972783,0.78169525,0.69579124,0.4871553,0.52097946,0.25780228,0.36718187,-0.28071004,0.5023458,0.6211846,0.38281137,0.36163533,0.6806866,0.6597898,0.7608323,0.8011873,0.7705554,-0.3648361,0.5041953
-0.13969162,-0.050722085,-0.35641435,0.2390964,-0.06659868,-0.21227524,-0.2050958,-0.050500512,-0.2785862,-0.44609052,-0.113462985,-0.19589901,0.19733873,0.2938162,0.05183641,0.050275277,0.5389995,0.53586483,0.361299,0.1583164,0.28290892,0.4782194,0.4630708,0.07756365,-0.6399528,0.022380188,-0.07253426,-0.047268312,0.07272402,-0.026575942,-0.048760805,-0.14930287,-0.1437083,0.956684,0.25656176,-0.18586165,0.1909509,-0.28445464,-0.19156554,-0.06263909,0.23520221,-0.017248105,0.1860671,-0.12081031,-0.21315466,-0.093888804,0.21855527,0.07435171,-0.19945192,-0.008994635,-0.12521702,-0.070774555,-0.075079225,0.25714317,-0.19747916,-0.33075082,-0.012392211,-0.2253423,-0.35204828,-0.018754963,-0.10509438,0.19192299,0.19906619,0.16065642,0.23680179,0.0852173,-0.05176567,0.6930013,0.937468,0.5670574,0.11062168,0.48955822,0.5146159,-0.41435897,0.0880937,-0.11251375,0.17744018,-0.052520365,-0.032287717,-0.20948523,0.50512433,0.5468848,-0.0071626,0.21299693,-0.06616205,0.5196912,0.14604196,-0.12565592,-0.11804674,0.039672766,-0.21717486,-0.46398687,-0.63507223,0.027905636,0.0018159517,-0.144299,-0.15752,-0.025223177,-0.16789928,-0.061869152
-0.022957193,-0.3872083,-0.8769169,-0.0155016,-0.67440397,-0.90319276,0.6004704,-0.45467216,-0.8889606,-0.7071206,-0.6214422,-0.6730607,0.103789434,-0.19792879,-0.383969,0.34853828,0.090712056,-0.39838427,-0.09171845,-0.76397085,-0.5334505,0.8760116,0.036140557,-0.22656566,-0.29486173,-0.06563258,0.6259096,0.17916612,-0.3639009,0.24395576,0.75435543,0.41421896,0.6864364,0.25656176,0.9640876,-0.8513229,0.42589122,0.54108477,0.6190523,0.69833064,0.81253874,0.75181,0.94929516,0.7929128,0.65561056,0.8328561,0.8940817,0.8755471,-0.7170442,0.66495824,0.17828628,-0.022833634,0.37639087,-0.29480144,-0.8615583,-0.8974055,-0.106017575,-0.9176583,-0.496934,-0.262739,-0.43253377,0.25957876,-0.19425179,-0.30437875,-0.2600515,-0.4048332,0.64492226,0.3044796,0.21633647,-0.19153464,-0.73480844,0.88047504,-0.09015185,0.38793963,-0.49263078,-0.18200356,-0.52038383,-0.3208415,0.7433893,0.5805452,-0.09568165,0.78442365,0.80269796,0.9477435,0.34806192,0.8418645,0.21068557,0.15246074,-0.50154763,0.60993695,0.6725899,0.3824889,0.22329511,0.81164765,0.73621976,0.7537967,0.8115456,0.8243491,-0.43681687,0.5454903
