0,1,2,3,4,5,6,7,8,9,10,11,12,13,14,15,16,17,18,19,20,21,22,23,24,25,26,27,28,29,30,31,32,33,34,35,36,37,38,39,40,41,42,43,44,45,46,47,48,49,50,51,52,53,54,55,56,57,58,59,60,61,62,63,64,65,66,67,68,69,70,71,72,73,74,75,76,77,78,79,80,81,82,83,84,85,86,87,88,89,90,91,92,93,94,95,96,97,98,99
0.913219,0.43719244,0.5308998,0.7812288,0.73140955,0.48783886,0.48897663,0.6715151,0.4650893,0.14862214,-0.6830522,-0.7196352,-0.5801665,0.13271832,0.07207063,0.33945686,-0.223682,0.20802984,-0.010296304,0.33761233,-0.02390467,0.4617499,0.38903427,-0.38717923,-0.339629,-0.6487627,0.0275271,-0.12664483,-0.25491697,-0.26051468,-0.42496365,0.61103535,0.8393843,0.48815536,0.20629992,0.3969735,0.47667545,0.86153644,0.87777877,0.8338615,0.5990312,0.1668346,0.46672374,-0.3971526,-0.33414364,0.22016272,0.6910658,0.45955327,0.33630097,0.42183834,0.6587545,0.4178513,0.62011385,0.78095955,0.59873617,0.51895225,0.74955297,0.43084425,0.30331826,-0.5873977,-0.78962755,-0.5575,-0.3320983,0.2961876,0.14075497,-0.026429083,0.629567,-0.4292431,0.08426124,0.13433215,-0.27574307,0.34996495,-0.05502601,-0.4630838,-0.68804216,-0.7088218,-0.60416174,-0.47268736,-0.39741564,0.31282887,-0.38676783,0.51785624,0.35271537,0.23927712,-0.25331795,0.52014893,0.33757982,0.098927096,0.24867135,0.07155965,0.76912606,0.31530783,0.6073599,0.24248058,0.26302025,-0.36721787,-0.0057620797,0.35903186,0.17680582,0.3504365
0.43719244,0.95737684,0.8666316,0.42826545,0.30831465,0.55841255,0.83905756,0.78874004,0.83444583,0.65160006,-0.13510014,-0.11658841,-0.011407807,0.53181785,0.51699543,0.9117503,0.3564062,0.81677985,0.5836474,0.4885701,0.5841274,0.37425062,0.5915398,0.37274837,0.08301666,-0.060056515,0.49403563,0.50854284,0.45073807,0.3393373,-0.5208727,0.5098953,0.56877553,0.6261849,0.46819073,0.36202398,0.22895756,0.18589431,0.5066024,0.3705857,0.21121337,-0.47006297,-0.27792192,-0.2748103,-0.17803752,0.4013574,0.28646585,0.34863776,0.13096675,0.03907717,0.16422345,0.93178123,0.8071165,0.3114025,0.735359,0.7029216,0.4945739,0.9192841,0.520374,-0.07381265,-0.035708882,-0.08347565,0.3197102,0.42010927,0.7552782,0.525584,0.5011977,0.32987908,0.74403185,0.8278754,0.5093767,0.49016201,0.6119584,0.16279283,0.108653516,-0.019319402,0.17074342,0.30036712,-0.5574512,0.16648182,0.42952245,0.5106114,0.04051043,0.5670846,0.5144093,0.4893635,0.1521703,0.48306298,0.37767076,0.6860869,0.24886364,0.10918206,0.5506778,-0.3763945,-0.27271646,-0.3348465,0.42821583,0.3772136,0.114614084,0.016784403
0.5308998,0.8666316,0.94893557,0.55743504,0.3887121,0.5557637,0.8670906,0.8509611,0.7577889,0.5526037,-0.22965811,-0.22741517,-0.2597426,0.39390823,0.33208263,0.8049605,0.20465508,0.6591662,0.4406587,0.35684752,0.39068827,0.21225041,0.4238174,0.22723174,-0.013737833,-0.15446807,0.21529013,0.2297444,0.28840715,0.12861037,-0.45024684,0.5455811,0.5612364,0.46571794,0.2021289,0.2308552,0.11546299,0.3514445,0.63629496,0.53150606,0.17538252,-0.26668072,-0.06809839,-0.3631372,-0.29933006,0.18887267,0.27714157,0.17848295,0.07684898,0.023791881,0.30696625,0.9002125,0.8378712,0.47015324,0.722535,0.70449704,0.63838005,0.9027957,0.5821465,-0.06826699,-0.18999705,-0.31812823,0.05995754,0.3044172,0.61778474,0.32956946,0.56940967,0.18990916,0.6130369,0.7374964,0.3239056,0.3559007,0.42209917,0.1707617,-0.00044841878,-0.15293336,0.043205038,0.07864161,-0.46744853,0.2683273,0.28961328,0.37746704,0.031997565,0.31712386,0.26754984,0.36441594,0.008320111,0.20063971,0.21966948,0.62185085,0.36765975,0.23034751,0.6656975,-0.13702682,-0.043172218,-0.38013935,0.17256047,0.18507683,0.032922506,-0.017523592
0.7812288,0.42826545,0.55743504,0.9609686,0.66209793,0.2566094,0.43195194,0.7615659,0.32367027,0.13710469,-0.536091,-0.6691121,-0.5862733,-0.11290012,-0.1715997,0.27764237,-0.23867843,0.074756384,-0.020856587,0.05025412,-0.22936922,0.16033491,0.10540183,-0.33355117,-0.23929623,-0.5734483,-0.1518853,-0.21410945,-0.33075404,-0.4489246,-0.56596947,0.7811349,0.66291434,0.25707388,-0.033630356,0.1052615,0.18902045,0.76981676,0.78396785,0.71433455,0.316047,-0.026930222,0.2874576,-0.5750052,-0.59223783,0.0042473255,0.41447073,0.17964089,0.06065329,0.16251391,0.6952426,0.4006772,0.70591426,0.9306743,0.43355688,0.34607127,0.8979394,0.46159694,0.47048175,-0.36374325,-0.6798563,-0.5371945,-0.46316785,-0.006408873,0.076255634,-0.23879322,0.5287129,-0.24112208,0.0842095,0.12159589,-0.38550627,0.12238842,-0.19714513,-0.2908598,-0.500113,-0.56056976,-0.5075033,-0.5261024,-0.49616414,0.5812629,-0.29253927,0.27124307,0.031735014,0.008254034,-0.2688595,0.26050937,0.083717674,-0.07562832,-0.023494959,0.052534133,0.7291695,0.2542267,0.6677312,0.14763835,0.14023794,-0.5488771,-0.146774,0.079098724,-0.09740625,0.093194455
0.73140955,0.30831465,0.3887121,0.66209793,0.8405147,0.53529614,0.42047358,0.543936,0.4281797,-0.10440017,-0.71309614,-0.6884475,-0.4110033,0.06737942,0.06895437,0.18374452,-0.37625837,0.08802371,-0.17196564,0.41291547,-0.064626224,0.47656548,0.28968936,-0.5219235,-0.57173204,-0.73401487,0.026967332,-0.16290435,-0.23963234,-0.25183666,-0.22989929,0.4004491,0.6926888,0.38532585,0.17226747,0.50058484,0.5862338,0.7418449,0.6470431,0.73929393,0.6855174,0.13796186,0.45203707,-0.18420172,-0.14132506,0.33037612,0.72119296,0.48564908,0.5238933,0.605126,0.6351506,0.29450732,0.52916706,0.7125052,0.58111,0.5372022,0.6852292,0.33545136,0.26923403,-0.6551603,-0.6466923,-0.23912106,-0.19661912,0.37632927,0.15895441,-0.0015836761,0.71890914,-0.26160163,0.036743864,0.07275739,-0.28683537,0.38427484,-0.1422714,-0.53176224,-0.6479137,-0.7771225,-0.591953,-0.46317637,-0.18629132,0.2691291,-0.45466816,0.5701088,0.47099727,0.21992517,-0.22125205,0.5507793,0.5036547,0.081571616,0.39049459,0.09784452,0.7786589,0.2970454,0.5737442,0.24252468,0.21528369,-0.13240412,0.093600765,0.4168718,0.4004162,0.55868524
0.48783886,0.55841255,0.5557637,0.2566094,0.53529614,0.9436696,0.7351171,0.47725368,0.8349615,0.1716978,-0.5149491,-0.36171633,-0.1044382,0.5118664,0.5535685,0.5589507,-0.039304007,0.59890413,0.1495908,0.8123392,0.5124391,0.70131314,0.6818912,-0.09624232,-0.46174294,-0.41674554,0.42457223,0.24507654,0.29272842,0.28687322,-0.116537936,0.06285195,0.64130807,0.6751069,0.5176586,0.7931417,0.6910089,0.36626387,0.4580291,0.5372974,0.6965792,0.0361218,0.21072906,0.0108499285,0.17867658,0.5845132,0.71248674,0.647231,0.71099854,0.63987464,0.15096757,0.5851537,0.46350282,0.25101906,0.9002898,0.902341,0.3428886,0.5794742,0.10820498,-0.55341566,-0.2151427,-0.015482543,0.3183807,0.68818164,0.530334,0.5209812,0.7352369,-0.036791973,0.42916304,0.5205859,0.31341243,0.7217961,0.41169512,-0.28218928,-0.27810717,-0.46867102,-0.19171222,0.06871794,-0.1951527,-0.17959836,-0.025192004,0.79624605,0.5664637,0.6091348,0.20671877,0.78844166,0.606606,0.40047157,0.7705437,0.4926219,0.3916794,0.30967584,0.3782109,0.043368306,0.12518275,0.014611141,0.41024476,0.67648184,0.68557787,0.6219356
0.48897663,0.83905756,0.8670906,0.43195194,0.42047358,0.7351171,0.93810797,0.76493204,0.8668051,0.44932172,-0.2955336,-0.22487187,-0.1460987,0.4636119,0.4586362,0.7903005,0.14498398,0.718367,0.37799382,0.5742401,0.50115913,0.39043015,0.54476297,0.17344832,-0.15776315,-0.20012128,0.38316637,0.33074316,0.3654127,0.24106316,-0.33066335,0.3591978,0.5804596,0.5562773,0.36433595,0.4659922,0.32099426,0.29469833,0.5492007,0.5073898,0.34693366,-0.2541778,-0.05380274,-0.18501976,-0.07759367,0.4044064,0.42992952,0.36516088,0.31568068,0.23552394,0.19158234,0.8750002,0.7452749,0.3607402,0.84614706,0.8546382,0.5378169,0.8798701,0.42280024,-0.20973945,-0.12007205,-0.13811526,0.24798906,0.47100765,0.6649295,0.46974736,0.6690339,0.19454107,0.6134064,0.76650184,0.41122073,0.50691,0.49685484,0.06820647,-0.026433146,-0.21142253,0.03291309,0.16526854,-0.3805682,0.069454595,0.25600904,0.5514662,0.22712198,0.48438132,0.3677044,0.5435472,0.22819236,0.35499483,0.46658868,0.68324435,0.33170772,0.212606,0.5659754,-0.14939462,-0.05279768,-0.20040977,0.3648797,0.40144092,0.29244518,0.21088514
0.6715151,0.78874004,0.8509611,0.7615659,0.543936,0.47725368,0.76493204,0.9420367,0.6633687,0.4317692,-0.3674501,-0.42130956,-0.34494147,0.2090284,0.1736114,0.6685859,0.04455487,0.48871148,0.29683685,0.29441625,0.18223509,0.24915919,0.35312858,0.01754788,-0.10082644,-0.33852506,0.1610922,0.14046556,0.06961602,-0.0789412,-0.5809728,0.70342016,0.6667781,0.44619003,0.18812007,0.24085748,0.19636856,0.52673775,0.72229946,0.6177105,0.26629314,-0.29506546,-0.0011925567,-0.44921827,-0.41895303,0.20197482,0.37704432,0.25538558,0.09855452,0.102621645,0.46944818,0.7831596,0.8745632,0.6915319,0.6768038,0.62628853,0.8026931,0.82042634,0.562346,-0.20997286,-0.38202024,-0.34727216,-0.08538416,0.21951672,0.47488394,0.15335146,0.61162263,0.06880048,0.45309913,0.5544878,0.07331519,0.2992977,0.22092748,-0.036268063,-0.19706623,-0.32084662,-0.17519885,-0.12781549,-0.5583569,0.40175992,0.0769002,0.39837474,0.028760783,0.27782398,0.13565233,0.3886958,0.094401054,0.18840182,0.17932682,0.4486813,0.5368801,0.17654048,0.69668996,-0.122778244,-0.07254289,-0.46404636,0.14259101,0.22065943,0.0059036966,0.052827157
0.4650893,0.83444583,0.7577889,0.32367027,0.4281797,0.8349615,0.8668051,0.6633687,0.9723981,0.48587605,-0.33383304,-0.23617196,0.006844023,0.62692916,0.65046096,0.838277,0.22452398,0.844088,0.43824226,0.76125324,0.67020726,0.6456293,0.77401686,0.20463349,-0.18179467,-0.2283501,0.5879864,0.50684285,0.4725058,0.4233722,-0.37770388,0.28027138,0.6642455,0.77667075,0.6276339,0.67139333,0.5349034,0.23678185,0.476706,0.43865234,0.49792394,-0.2831388,-0.09089097,-0.13254824,0.022521317,0.59808993,0.5419999,0.59861994,0.467915,0.3606513,0.10296185,0.82642686,0.6646021,0.24226242,0.9186182,0.8887047,0.398951,0.81636214,0.30088702,-0.35769513,-0.080162704,0.0070143826,0.4451217,0.63974357,0.72922367,0.6427662,0.64708084,0.18165089,0.68873686,0.7834507,0.5218756,0.7354243,0.6327421,-0.06756649,-0.04832017,-0.22505417,0.035706818,0.2796631,-0.45694977,-0.06275758,0.2768883,0.76004416,0.31941944,0.7299854,0.4687925,0.75097764,0.46113455,0.5804289,0.68206203,0.662771,0.29745927,0.20372194,0.44741577,-0.2421968,-0.12155634,-0.17823344,0.5336065,0.63850665,0.45718363,0.34944168
0.14862214,0.65160006,0.5526037,0.13710469,-0.10440017,0.1716978,0.44932172,0.4317692,0.48587605,0.90844053,0.30772078,0.23970461,0.2155053,0.5690928,0.48358268,0.73192,0.74693143,0.7077278,0.8357344,0.1440635,0.58488023,0.14670661,0.4987703,0.731016,0.5586688,0.3556028,0.38809484,0.58412075,0.57417214,0.5217694,-0.49055296,0.36479056,0.28475112,0.5141004,0.3749789,-0.018252967,-0.13161416,-0.14882845,0.24565934,-0.0061894273,-0.21584964,-0.48744822,-0.50283283,-0.34537053,-0.25078923,0.07310963,-0.12294802,0.07345086,-0.3030005,-0.4127695,-0.13507363,0.61879146,0.44449192,-0.0154597955,0.31331137,0.26797533,0.113951504,0.5755639,0.36045358,0.24017534,0.22534177,-0.04123789,0.38457996,0.1598056,0.58530104,0.4951114,-0.044722695,0.39594227,0.7449519,0.6648352,0.5866095,0.33569852,0.7293445,0.3898744,0.40093428,0.4200782,0.49425283,0.54861456,-0.55279994,0.012625796,0.7052032,0.15042,-0.3385465,0.4294094,0.5095294,0.15787968,-0.16835397,0.42121208,0.030731872,0.44153082,-0.14239353,-0.05638118,0.18416777,-0.49138027,-0.3754332,-0.4300933,0.22034016,0.094251215,-0.27815324,-0.41680866
-0.6830522,-0.13510014,-0.22965811,-0.536091,-0.71309614,-0.5149491,-0.2955336,-0.3674501,-0.33383304,0.30772078,0.9068822,0.8314761,0.57538146,0.077818386,0.04514755,-0.021853331,0.5961569,0.029652854,0.42007422,-0.4066526,0.16953298,-0.48580098,-0.2399843,0.68919754,0.7236298,0.8516691,0.014222991,0.27133542,0.35781705,0.36876154,0.11087736,-0.25124443,-0.63252133,-0.30637324,-0.1410738,-0.5340335,-0.6333476,-0.78823936,-0.60500777,-0.7306509,-0.74825925,-0.41160762,-0.674764,0.16105229,0.08585152,-0.33941817,-0.7774581,-0.50349796,-0.59017324,-0.6983517,-0.565058,-0.12081353,-0.3329876,-0.6201813,-0.51536727,-0.4732232,-0.55276304,-0.16167468,-0.05378109,0.77227306,0.70819736,0.3796137,0.31663328,-0.3050631,0.05954446,0.12691225,-0.6947526,0.5080874,0.16620687,0.07329179,0.39924222,-0.3700996,0.2735006,0.62953675,0.7585765,0.8687691,0.7237178,0.5723648,0.09595606,-0.19620341,0.6207538,-0.57007056,-0.5757394,-0.17432794,0.34468284,-0.5760278,-0.5394051,-0.02642224,-0.40917477,0.02533515,-0.74446857,-0.49894246,-0.45670086,-0.48692274,-0.4767633,0.09334339,-0.055510446,-0.44579363,-0.4565197,-0.63956404
-0.7196352,-0.11658841,-0.22741517,-0.6691121,-0.6884475,-0.36171633,-0.22487187,-0.42130956,-0.23617196,0.23970461,0.8314761,0.9029694,0.623744,0.21117952,0.2014266,0.005763905,0.5624448,0.10689604,0.39077204,-0.20701428,0.3135537,-0.37325716,-0.13783544,0.6570768,0.60865176,0.84235513,0.12212807,0.32966667,0.45741367,0.49407917,0.28632784,-0.41433293,-0.6462729,-0.2573293,-0.049894333,-0.35490268,-0.4909703,-0.8283477,-0.6548834,-0.71602476,-0.6060592,-0.34575307,-0.62400013,0.36624187,0.32783234,-0.176299,-0.660244,-0.3916171,-0.38511327,-0.52252465,-0.5976431,-0.092086166,-0.37025207,-0.7354054,-0.41926643,-0.3322888,-0.6430612,-0.14617085,-0.10585822,0.7085229,0.74628687,0.46952426,0.43853304,-0.08716165,0.16979252,0.28792825,-0.5796988,0.5347693,0.19138193,0.13358821,0.5212277,-0.26223615,0.3503073,0.59379315,0.7448064,0.821175,0.7425864,0.64735156,0.25627902,-0.31345746,0.6012621,-0.44267458,-0.3621422,-0.07046494,0.4195587,-0.46056062,-0.39627045,0.05697184,-0.21039642,0.13301939,-0.7501108,-0.46245188,-0.471811,-0.46047962,-0.44898134,0.30237395,0.082148984,-0.30358782,-0.23037252,-0.45722002
-0.5801665,-0.011407807,-0.2597426,-0.5862733,-0.4110033,-0.1044382,-0.1460987,-0.34494147,0.006844023,0.2155053,0.57538146,0.623744,0.90323925,0.33516222,0.42277735,0.098900944,0.5147796,0.26528734,0.39489883,0.14556122,0.47657657,0.09985624,0.20338956,0.5387019,0.3783675,0.57105935,0.47702843,0.58837706,0.49214667,0.64626634,0.089633346,-0.39649102,-0.32811415,0.12444279,0.38415194,0.06645243,-0.02811507,-0.7423274,-0.61472154,-0.63218355,-0.21230853,-0.50072336,-0.6666434,0.40511954,0.41996974,0.25417313,-0.29405215,0.08729875,-0.035825774,-0.18146065,-0.60897595,-0.05074639,-0.31191137,-0.6596285,-0.14966607,-0.1261232,-0.57872903,-0.07300657,-0.25622538,0.3008548,0.6910745,0.7894604,0.7369776,0.18514863,0.28589824,0.48546714,-0.38925532,0.50785875,0.2790497,0.16865225,0.5507818,0.12572847,0.46719068,0.21656978,0.56734204,0.59729636,0.57016575,0.70542014,0.05732943,-0.44094563,0.5112906,0.009046971,-0.14968058,0.34712392,0.58047694,-0.009330321,0.09051578,0.4473887,0.19204417,0.1415215,-0.6112429,-0.5356959,-0.5433402,-0.653574,-0.6183925,0.3026193,0.42833358,0.16345076,0.094566405,-0.10461429
0.13271832,0.53181785,0.39390823,-0.11290012,0.06737942,0.5118664,0.4636119,0.2090284,0.62692916,0.5690928,0.077818386,0.21117952,0.33516222,0.9093622,0.8743677,0.657121,0.5466243,0.7473819,0.6347055,0.6211091,0.85236144,0.5393014,0.744359,0.46268445,0.18709037,0.16902913,0.5798258,0.58882093,0.60027134,0.7771014,-0.054113194,-0.029761383,0.35299897,0.67265064,0.6199177,0.49302632,0.35767716,-0.11280092,0.16141295,0.07305705,0.2569908,-0.22006062,-0.24646911,0.17442507,0.32721698,0.44343868,0.27189296,0.4413498,0.29763207,0.16188934,-0.13089162,0.5288934,0.26491767,-0.19713269,0.5144875,0.53202724,-0.09268056,0.43511873,0.13519052,-0.0816928,0.1714696,0.19170827,0.6244106,0.71054554,0.7095566,0.8575821,0.20306766,0.27070943,0.63030314,0.5777792,0.71440333,0.5799455,0.78067636,0.08496937,0.15555257,0.15564378,0.31871775,0.57958627,-0.14745763,-0.32178646,0.42703152,0.508014,0.29053634,0.6725706,0.50347507,0.4985373,0.31353006,0.55232924,0.54526204,0.43999416,-0.05309074,-0.022534775,0.09254867,-0.3459926,-0.2545488,0.100851566,0.44380328,0.49070668,0.35870624,0.17430687
0.07207063,0.51699543,0.33208263,-0.1715997,0.06895437,0.5535685,0.4586362,0.1736114,0.65046096,0.48358268,0.04514755,0.2014266,0.42277735,0.8743677,0.95772356,0.64003444,0.48078838,0.7620151,0.557284,0.71102285,0.9060102,0.60269916,0.7768954,0.41971713,0.10381578,0.14028476,0.7002622,0.6674292,0.60758764,0.82732105,-0.04310741,-0.09438369,0.3390227,0.68876743,0.7147299,0.581185,0.44749767,-0.16977,0.07336336,0.01936962,0.3256717,-0.2725185,-0.28633803,0.26058307,0.4232854,0.5861019,0.3117401,0.5282196,0.38705212,0.24054223,-0.19649011,0.50447947,0.22594571,-0.25174773,0.53663445,0.5530321,-0.13685293,0.4268455,0.052464012,-0.14803234,0.22253323,0.3349701,0.7273481,0.7781868,0.72381175,0.9343869,0.22696,0.2834099,0.6075442,0.57912815,0.75835955,0.6235981,0.78115106,0.017893787,0.15530661,0.12380077,0.2997056,0.6171852,-0.14670518,-0.3955667,0.40155965,0.58772314,0.35385782,0.75806415,0.59815085,0.5661683,0.42438787,0.6653678,0.64887464,0.4770565,-0.080229506,-0.08160866,0.020052636,-0.41736323,-0.32654673,0.18427086,0.5917435,0.59162545,0.45480335,0.26588255
0.33945686,0.9117503,0.8049605,0.27764237,0.18374452,0.5589507,0.7903005,0.6685859,0.838277,0.73192,-0.021853331,0.005763905,0.098900944,0.657121,0.64003444,0.9636062,0.4920823,0.90548015,0.68969584,0.51899815,0.71684134,0.4065475,0.67882895,0.49851382,0.18599308,0.0699127,0.553898,0.60768867,0.56823325,0.5040461,-0.47475195,0.39371416,0.5103507,0.6856327,0.5376224,0.37096286,0.21094672,0.058960713,0.41322675,0.25445834,0.16053589,-0.4641483,-0.34143496,-0.22129369,-0.093446165,0.398273,0.23333427,0.3572381,0.1094535,-0.011632305,0.016477695,0.8938174,0.68555653,0.1451866,0.7054651,0.6770649,0.3274724,0.8571176,0.42156768,-0.037295688,0.07488423,-0.0330122,0.4429611,0.4604696,0.7842766,0.6482742,0.38625318,0.34652087,0.800151,0.86460686,0.6379224,0.5415492,0.7497674,0.20765471,0.20141515,0.10157946,0.287104,0.45376474,-0.53509796,0.022596028,0.53164315,0.49843478,0.0168143,0.6341468,0.5780258,0.4893254,0.14506638,0.54968107,0.40891737,0.66989136,0.105942115,0.07360226,0.40616813,-0.41768488,-0.29809368,-0.30102095,0.44874144,0.39816082,0.12347407,-0.019537468
-0.223682,0.3564062,0.20465508,-0.23867843,-0.37625837,-0.039304007,0.14498398,0.04455487,0.22452398,0.74693143,0.5961569,0.5624448,0.5147796,0.5466243,0.48078838,0.4920823,0.88408834,0.5355819,0.8109046,0.03818908,0.57718325,0.024033654,0.35492745,0.8230797,0.6915839,0.6301031,0.3569579,0.5899182,0.6125314,0.65585804,-0.23436409,0.035059463,-0.050430752,0.3150822,0.3126333,-0.121438265,-0.23946095,-0.4920112,-0.15219176,-0.35842943,-0.38642952,-0.5149999,-0.6522336,-0.06689502,0.00019176211,-0.006793595,-0.34318265,-0.050394364,-0.34399208,-0.48278627,-0.39953965,0.32301182,0.070219904,-0.37770337,0.022442386,0.0141362725,-0.27891767,0.2692433,0.12545924,0.42204112,0.49963152,0.2539577,0.5218514,0.09500627,0.46177262,0.50823945,-0.35441372,0.4773224,0.6006769,0.46338767,0.6322573,0.17541385,0.6951051,0.44153124,0.5917696,0.6704695,0.65722775,0.7043967,-0.2898869,-0.21801955,0.75141805,-0.05124021,-0.38015974,0.3370862,0.5335518,-0.03951528,-0.21359788,0.36276746,-0.022547748,0.2791248,-0.4688239,-0.3090093,-0.18545696,-0.6039138,-0.5066841,-0.16443628,0.18903136,-0.011579519,-0.25591448,-0.44962716
0.20802984,0.81677985,0.6591662,0.074756384,0.08802371,0.59890413,0.718367,0.48871148,0.844088,0.7077278,0.029652854,0.10689604,0.26528734,0.7473819,0.7620151,0.90548015,0.5355819,0.9595127,0.68862545,0.6268584,0.83783114,0.50689304,0.76921046,0.5473768,0.17754978,0.13925263,0.6787708,0.7148719,0.6704553,0.67007464,-0.36225173,0.18385184,0.45210803,0.732761,0.658428,0.47332466,0.30616885,-0.0878413,0.25317007,0.12111626,0.19484048,-0.45367575,-0.3926577,-0.07173538,0.079614624,0.5063587,0.24757415,0.44293073,0.20904358,0.059639,-0.15895715,0.79851043,0.5171997,-0.052545384,0.6886691,0.6746267,0.12101139,0.7487166,0.25646162,-0.057768382,0.21686289,0.14967948,0.6194905,0.5652336,0.7977332,0.7817925,0.31862146,0.37265676,0.81271005,0.8465094,0.75824255,0.63417435,0.84439695,0.17959216,0.26478177,0.17155881,0.36005735,0.5943016,-0.4587595,-0.19761792,0.57802635,0.5632565,0.10017307,0.75154626,0.66901577,0.56177485,0.2581153,0.65935934,0.53447,0.6701835,-0.035285294,0.019610295,0.23307827,-0.47331232,-0.33929938,-0.15360796,0.5606251,0.50789773,0.25417218,0.067549706
-0.010296304,0.5836474,0.4406587,-0.020856587,-0.17196564,0.1495908,0.37799382,0.29683685,0.43824226,0.8357344,0.42007422,0.39077204,0.39489883,0.6347055,0.557284,0.68969584,0.8109046,0.68862545,0.89050984,0.18966375,0.6459824,0.1594283,0.49451548,0.77051246,0.5931531,0.4618054,0.43365616,0.6305655,0.6157046,0.6331208,-0.37502432,0.23215999,0.18060404,0.46871287,0.40411553,0.024681041,-0.10211705,-0.29581326,0.07620898,-0.13998455,-0.22598913,-0.5625255,-0.6142601,-0.15299746,-0.087102465,0.12072072,-0.16677624,0.085994996,-0.23171553,-0.36744332,-0.20911738,0.55345714,0.33859372,-0.16773684,0.2569187,0.22642955,-0.03974641,0.4977432,0.30965182,0.30038628,0.3375966,0.14921704,0.49902368,0.23230553,0.6101744,0.57571423,-0.11442593,0.46770066,0.7227875,0.62070155,0.65866256,0.29569495,0.74439555,0.39393213,0.48358712,0.50676227,0.56480217,0.63994586,-0.43324953,-0.08587292,0.72775674,0.13246149,-0.2865457,0.45629266,0.5709441,0.12824008,-0.11011374,0.44893283,0.09848867,0.42691833,-0.24874103,-0.220467,0.06374833,-0.62510544,-0.503638,-0.25055838,0.27986577,0.11582452,-0.17292047,-0.34755456
0.33761233,0.4885701,0.35684752,0.05025412,0.41291547,0.8123392,0.5742401,0.29441625,0.76125324,0.1440635,-0.4066526,-0.20701428,0.14556122,0.6211091,0.71102285,0.51899815,0.03818908,0.6268584,0.18966375,0.94643813,0.6439028,0.8162259,0.7809683,-0.031536616,-0.36128065,-0.29558086,0.66525614,0.4717375,0.37434793,0.47505248,-0.04878204,-0.056967948,0.5668033,0.73473763,0.7412102,0.9067466,0.8130379,0.18345487,0.24982448,0.3373353,0.74676466,-0.08178709,0.06789777,0.25720307,0.4223491,0.796028,0.71561277,0.8061282,0.787514,0.6900817,0.03214566,0.47601908,0.31495637,0.037302177,0.7701437,0.77169085,0.12021527,0.44957924,-0.02194683,-0.5357832,-0.09492801,0.23164028,0.52798045,0.83226836,0.5831119,0.6852664,0.6079186,0.02850318,0.40083995,0.46437472,0.43397623,0.73915315,0.49947038,-0.3426923,-0.23510134,-0.3432858,-0.115237415,0.24363452,-0.11989893,-0.31976807,0.002851707,0.8654419,0.6446661,0.7839825,0.39451545,0.84363115,0.7710341,0.6495393,0.9142035,0.46383044,0.26997036,0.10985716,0.18899828,-0.153007,-0.096045986,0.22100672,0.6479283,0.84709793,0.79946786,0.70200896
-0.02390467,0.5841274,0.39068827,-0.22936922,-0.064626224,0.5124391,0.50115913,0.18223509,0.67020726,0.58488023,0.16953298,0.3135537,0.47657657,0.85236144,0.9060102,0.71684134,0.57718325,0.83783114,0.6459824,0.6439028,0.96183735,0.49679196,0.74478656,0.57571286,0.20904315,0.278061,0.71746004,0.7477689,0.7291953,0.86338425,-0.0846322,-0.106346995,0.24465889,0.64373136,0.6797464,0.47940665,0.3061536,-0.29855874,0.00039062276,-0.07914515,0.16817036,-0.3655464,-0.4140224,0.21095589,0.3681925,0.53488755,0.1716637,0.42294377,0.25896722,0.09090226,-0.320842,0.57354283,0.2326677,-0.33413774,0.5123552,0.53709644,-0.18335043,0.49548495,0.07926137,-0.001473954,0.3755272,0.35184628,0.7809047,0.6721224,0.766957,0.93111074,0.1580291,0.4034295,0.7059258,0.698429,0.86288875,0.5948497,0.87380934,0.1855813,0.33570293,0.28843287,0.46273398,0.73809713,-0.19705573,-0.4011842,0.56998783,0.49615303,0.20374751,0.74216115,0.70571464,0.48902223,0.2991373,0.6755925,0.5801103,0.5759203,-0.21674865,-0.0780986,-0.0040861275,-0.48117536,-0.36536014,0.12174129,0.6081618,0.5136721,0.3551359,0.12313689
0.4617499,0.37425062,0.21225041,0.16033491,0.47656548,0.70131314,0.39043015,0.24915919,0.6456293,0.14670661,-0.48580098,-0.37325716,0.09985624,0.5393014,0.60269916,0.4065475,0.024033654,0.50689304,0.1594283,0.8162259,0.49679196,0.9614258,0.8384325,-0.12345101,-0.32012185,-0.40756625,0.61951995,0.42782426,0.22444943,0.37339073,-0.22065878,0.05401057,0.7061827,0.8465932,0.8140154,0.8613472,0.8852874,0.31691647,0.330171,0.3635947,0.7908262,-0.010269638,0.15913093,0.066067055,0.2415809,0.7386646,0.7876413,0.9114132,0.7046211,0.6650034,0.096869186,0.30420434,0.24381426,0.14568436,0.679631,0.60632116,0.14303195,0.28825724,-0.13023637,-0.7231277,-0.25878903,0.16472732,0.42348439,0.7155533,0.3790813,0.53623784,0.48542976,-0.17327309,0.29962626,0.26234335,0.22407018,0.8173902,0.39913678,-0.5781435,-0.40678298,-0.442941,-0.2786795,0.10364862,-0.28531256,-0.30974615,-0.119864225,0.89963293,0.57540953,0.8198304,0.23114641,0.91071844,0.8397987,0.6830144,0.81116927,0.19841212,0.34821075,0.10834624,0.1009294,-0.10967699,-0.051043257,0.030146498,0.5468583,0.893151,0.6558384,0.6592754
0.38903427,0.5915398,0.4238174,0.10540183,0.28968936,0.6818912,0.54476297,0.35312858,0.77401686,0.4987703,-0.2399843,-0.13783544,0.20338956,0.744359,0.7768954,0.67882895,0.35492745,0.76921046,0.49451548,0.7809683,0.74478656,0.8384325,0.9483814,0.24301903,-0.034479495,-0.13567597,0.7319685,0.64436746,0.4917289,0.6015601,-0.29571784,0.1136427,0.66289365,0.9050822,0.858036,0.73368984,0.67391527,0.15104029,0.33766145,0.26727903,0.56243575,-0.19259095,-0.08765519,0.014200019,0.21059644,0.68377274,0.584592,0.77882326,0.4953983,0.39518058,-0.024196507,0.5455884,0.35755017,0.025587764,0.7104316,0.6547532,0.09463362,0.50053155,0.033375956,-0.44457978,-0.05742886,0.13839474,0.5724159,0.72286415,0.623024,0.73655057,0.38891742,0.055894822,0.58170354,0.54601973,0.5273371,0.8110943,0.7017322,-0.24193726,-0.11678778,-0.14559555,0.030822912,0.39410588,-0.38568243,-0.31157485,0.2336128,0.80494434,0.40409255,0.89398485,0.47447625,0.8195887,0.612989,0.76218987,0.7292127,0.4112799,0.17083699,0.08568673,0.15355897,-0.28669137,-0.1858708,-0.05574264,0.59810317,0.7925232,0.49072868,0.3928283
-0.38717923,0.37274837,0.22723174,-0.33355117,-0.5219235,-0.09624232,0.17344832,0.01754788,0.20463349,0.731016,0.68919754,0.6570768,0.5387019,0.46268445,0.41971713,0.49851382,0.8230797,0.5473768,0.77051246,-0.031536616,0.57571286,-0.12345101,0.24301903,0.94001526,0.7127452,0.72716963,0.37483352,0.63704175,0.7165433,0.6533325,-0.18347077,-0.037961088,-0.22133884,0.17523506,0.23244816,-0.22082242,-0.39392003,-0.63391745,-0.2642008,-0.468504,-0.5367812,-0.5646248,-0.75309086,-0.03019825,-0.0012158533,-0.021800362,-0.5003622,-0.19170654,-0.44757763,-0.60509056,-0.527833,0.3618188,0.061351098,-0.4806732,-0.031524546,-0.011731952,-0.3300001,0.31075013,0.16635081,0.5958955,0.6778563,0.29817992,0.5693612,0.010461658,0.494887,0.49174953,-0.37365985,0.63648814,0.652709,0.5686482,0.73165697,0.10458596,0.724264,0.6604091,0.78403836,0.8074379,0.8255236,0.806368,-0.24941286,-0.20120525,0.8912583,-0.16119528,-0.48732617,0.2702285,0.65687346,-0.14606778,-0.34297913,0.34996983,-0.08785991,0.43677455,-0.59741277,-0.25206804,-0.17060314,-0.61476374,-0.5085083,-0.12516677,0.2584043,-0.10034408,-0.31975,-0.55938137
-0.339629,0.08301666,-0.013737833,-0.23929623,-0.57173204,-0.46174294,-0.15776315,-0.10082644,-0.18179467,0.5586688,0.7236298,0.60865176,0.3783675,0.18709037,0.10381578,0.18599308,0.6915839,0.17754978,0.5931531,-0.36128065,0.20904315,-0.32012185,-0.034479495,0.7127452,0.8630961,0.72280467,0.08712585,0.35514408,0.31929153,0.33344883,-0.17742985,0.06771077,-0.28203648,-0.05441115,0.012323967,-0.49800217,-0.5475497,-0.4918694,-0.24368009,-0.4806369,-0.6437238,-0.41619614,-0.5939746,-0.097912714,-0.11667565,-0.30041593,-0.6124669,-0.34466687,-0.656066,-0.7401171,-0.332004,0.056715354,-0.09790347,-0.36644247,-0.3703453,-0.37874907,-0.31871235,0.008528777,0.054321393,0.6340927,0.4588767,0.10036585,0.1923549,-0.2747876,0.12553549,0.13254043,-0.6264483,0.34208828,0.265993,0.14577144,0.3426349,-0.24361143,0.3594785,0.50163364,0.5868968,0.73393166,0.58711886,0.4928915,-0.18920219,-0.04373779,0.6044041,-0.42466706,-0.5878119,-0.012264901,0.31772947,-0.41665342,-0.5192871,0.09740394,-0.42609656,-0.005179555,-0.5259289,-0.39379084,-0.27098823,-0.47305614,-0.44734293,-0.17867786,-0.062515125,-0.33470982,-0.5899694,-0.72159326
-0.6487627,-0.060056515,-0.15446807,-0.5734483,-0.73401487,-0.41674554,-0.20012128,-0.33852506,-0.2283501,0.3556028,0.8516691,0.84235513,0.57105935,0.16902913,0.14028476,0.0699127,0.6301031,0.13925263,0.4618054,-0.29558086,0.278061,-0.40756625,-0.13567597,0.72716963,0.72280467,0.9010192,0.12507907,0.3587255,0.44442746,0.44707507,0.14930825,-0.28967994,-0.5843114,-0.2321513,-0.04307136,-0.45063227,-0.57361925,-0.7857004,-0.56813645,-0.7005123,-0.6878033,-0.37007907,-0.65390474,0.21283337,0.16836858,-0.23677069,-0.712771,-0.42891222,-0.52653635,-0.65287834,-0.60434824,-0.036193136,-0.31900838,-0.6694442,-0.42751235,-0.36635327,-0.5793554,-0.08731685,-0.092022434,0.7608627,0.72207403,0.35936725,0.38490623,-0.2042674,0.13613293,0.22634366,-0.64151484,0.5049326,0.22403789,0.16207755,0.4988984,-0.29386252,0.3729597,0.6357696,0.7647406,0.87027574,0.75625646,0.6415429,0.10441953,-0.2702245,0.6554024,-0.49080423,-0.49601373,-0.07214158,0.4280052,-0.48688173,-0.49653453,0.073717564,-0.3149435,0.11190227,-0.7735594,-0.46040922,-0.45871708,-0.47173542,-0.44892377,0.13642427,0.04591308,-0.34797817,-0.38321662,-0.59957093
0.0275271,0.49403563,0.21529013,-0.1518853,0.026967332,0.42457223,0.38316637,0.1610922,0.5879864,0.38809484,0.014222991,0.12212807,0.47702843,0.5798258,0.7002622,0.553898,0.3569579,0.6787708,0.43365616,0.66525614,0.71746004,0.61951995,0.7319685,0.37483352,0.08712585,0.12507907,0.9557408,0.867694,0.58282816,0.66353106,-0.1858799,-0.034477636,0.30850172,0.64924586,0.8686137,0.57784796,0.49209344,-0.19810888,-0.03494189,-0.06978557,0.3345831,-0.41809148,-0.36127162,0.26559085,0.3858043,0.8068543,0.32552212,0.6575058,0.3507904,0.22590709,-0.25555915,0.42860866,0.19394556,-0.24722427,0.4564423,0.4328866,-0.12713623,0.3991077,-0.05852029,-0.18886402,0.2569806,0.451383,0.74401295,0.60008967,0.61295736,0.7216593,0.20259488,0.30549532,0.50792205,0.52099264,0.63121915,0.6040901,0.6942214,-0.05901945,0.16523844,0.1445495,0.27304772,0.6123419,-0.23851345,-0.34488297,0.37510896,0.61013323,0.256267,0.8584378,0.7765322,0.62592864,0.5090588,0.91803527,0.64299345,0.50063664,-0.10064697,-0.12996009,-0.056567125,-0.5127591,-0.43521783,0.17100567,0.87340295,0.7271724,0.40604767,0.2551807
-0.12664483,0.50854284,0.2297444,-0.21410945,-0.16290435,0.24507654,0.33074316,0.14046556,0.50684285,0.58412075,0.27133542,0.32966667,0.58837706,0.58882093,0.6674292,0.60768867,0.5899182,0.7148719,0.6305655,0.4717375,0.7477689,0.42782426,0.64436746,0.63704175,0.35514408,0.3587255,0.867694,0.95179576,0.69249403,0.7382851,-0.26773545,0.018517092,0.16150749,0.57031536,0.7702049,0.34411603,0.22213086,-0.39153877,-0.12318316,-0.2447418,0.043236434,-0.5842426,-0.60548776,0.14286123,0.24496931,0.6028695,0.043414168,0.42995918,0.072327584,-0.0746271,-0.38106006,0.45216155,0.18750086,-0.35012186,0.31638113,0.28701425,-0.20616923,0.41884583,0.03805607,0.07604515,0.4488778,0.47521698,0.7867576,0.42842722,0.6409793,0.71153677,-0.0068844757,0.49137264,0.6376732,0.59580517,0.73567593,0.4949366,0.7936051,0.20077547,0.42639297,0.42260116,0.5119838,0.7707684,-0.33534747,-0.28765875,0.624192,0.40445176,-0.029749624,0.7620123,0.8540095,0.42267153,0.25494647,0.85474825,0.43666226,0.5275925,-0.2943713,-0.20608541,-0.10313468,-0.67611575,-0.57268757,0.029426267,0.76218283,0.5130359,0.15309909,-0.037985854
-0.25491697,0.45073807,0.28840715,-0.33075404,-0.23963234,0.29272842,0.3654127,0.06961602,0.4725058,0.57417214,0.35781705,0.45741367,0.49214667,0.60027134,0.60758764,0.56823325,0.6125314,0.6704553,0.6157046,0.37434793,0.7291953,0.22444943,0.4917289,0.7165433,0.31929153,0.44442746,0.58282816,0.69249403,0.83242315,0.7367376,-0.046349823,-0.15540838,-0.014805393,0.39612532,0.45958835,0.22776894,0.03609191,-0.47944218,-0.15842122,-0.23857701,-0.11027476,-0.41996443,-0.53068364,0.1366048,0.22001418,0.34960854,-0.10052967,0.16295186,0.019553402,-0.14900327,-0.43420187,0.46028763,0.14695477,-0.43831152,0.29957426,0.3183092,-0.2545905,0.4129411,0.15915969,0.21826816,0.5599221,0.3710152,0.7194435,0.37467772,0.6463053,0.6716844,0.010853252,0.5785476,0.7038992,0.67547786,0.79237896,0.42947274,0.799698,0.46759757,0.5864646,0.5115725,0.6790662,0.79458654,-0.13905112,-0.2988643,0.7483794,0.24607755,-0.06543551,0.5249299,0.7245376,0.2521191,0.073020004,0.5301931,0.35261008,0.6342916,-0.36766398,-0.008078069,-0.012529423,-0.4712633,-0.3405227,0.057845596,0.52059376,0.28146836,0.14404392,-0.09185641
-0.26051468,0.3393373,0.12861037,-0.4489246,-0.25183666,0.28687322,0.24106316,-0.0789412,0.4233722,0.5217694,0.36876154,0.49407917,0.64626634,0.7771014,0.82732105,0.5040461,0.65585804,0.67007464,0.6331208,0.47505248,0.86338425,0.37339073,0.6015601,0.6533325,0.33344883,0.44707507,0.66353106,0.7382851,0.7367376,0.93527937,0.036688153,-0.282472,0.01588902,0.4907133,0.60960424,0.3259328,0.17214286,-0.5056131,-0.23651117,-0.3149702,0.005390186,-0.36252013,-0.5098567,0.31309676,0.43926835,0.42384225,-0.02280798,0.29763013,0.13461977,-0.039505213,-0.47715527,0.33184552,-0.018766385,-0.5498298,0.2528643,0.27508986,-0.42208365,0.25067264,-0.0555454,0.13575968,0.5378226,0.49738276,0.8364802,0.5519952,0.6380923,0.86042035,-0.089316115,0.461061,0.5980002,0.5242364,0.8371861,0.47378272,0.83040476,0.26010716,0.46684608,0.45921814,0.58284545,0.82852435,-0.06346829,-0.49192226,0.6175617,0.31446463,0.09378296,0.6369623,0.69816566,0.31238914,0.20832628,0.6188933,0.44579956,0.4360003,-0.41536665,-0.19917163,-0.22553809,-0.52974224,-0.4278404,0.219744,0.5543405,0.3951531,0.2596531,0.012072544
-0.42496365,-0.5208727,-0.45024684,-0.56596947,-0.22989929,-0.116537936,-0.33066335,-0.5809728,-0.37770388,-0.49055296,0.11087736,0.28632784,0.089633346,-0.054113194,-0.04310741,-0.47475195,-0.23436409,-0.36225173,-0.37502432,-0.04878204,-0.0846322,-0.22065878,-0.29571784,-0.18347077,-0.17742985,0.14930825,-0.1858799,-0.26773545,-0.046349823,0.036688153,0.92599165,-0.68379235,-0.52298975,-0.44781417,-0.27033406,-0.0642702,-0.076320924,-0.25378412,-0.43231532,-0.21991427,-0.045273036,0.4506849,0.2632851,0.68383193,0.6329813,-0.07405643,-0.11622011,-0.20516571,0.16004615,0.14584318,-0.17287518,-0.42189896,-0.54446703,-0.4515731,-0.3256247,-0.20140278,-0.4760108,-0.47450846,-0.2924662,0.11088081,0.16322242,0.1724804,0.011832113,0.1058385,-0.19373012,-0.025712822,-0.13244204,-0.06824733,-0.38972384,-0.32087445,-0.0020552003,-0.23576261,-0.20124379,0.07199463,0.016345602,0.039160907,0.047631063,-0.0004351288,0.87084365,-0.33168584,-0.21495163,-0.25446802,0.3614849,-0.28617144,-0.15105611,-0.26068765,-0.03873334,-0.27959538,-0.008056794,-0.105773054,-0.22160426,-0.002301123,-0.2880748,0.33864,0.27221793,0.7562356,-0.075897306,-0.1522924,0.24615645,0.17599298
0.61103535,0.5098953,0.5455811,0.7811349,0.4004491,0.06285195,0.3591978,0.70342016,0.28027138,0.36479056,-0.25124443,-0.41433293,-0.39649102,-0.029761383,-0.09438369,0.39371416,0.035059463,0.18385184,0.23215999,-0.056967948,-0.106346995,0.05401057,0.1136427,-0.037961088,0.06771077,-0.28967994,-0.034477636,0.018517092,-0.15540838,-0.282472,-0.68379235,0.8971985,0.5350715,0.25812727,0.025304353,-0.04850064,0.007266463,0.52191997,0.6393512,0.47249362,0.07164441,-0.27660406,-0.0046580974,-0.6001545,-0.63664865,-0.035821002,0.17805493,0.08088673,-0.18159027,-0.11138332,0.5599431,0.45357218,0.70708215,0.71684384,0.2924358,0.19391304,0.7235137,0.48784918,0.5563164,-0.10348992,-0.46654868,-0.43750477,-0.33252054,-0.078366354,0.18915467,-0.13737163,0.2982098,-0.02258883,0.23535503,0.22496596,-0.19489609,0.043304514,-0.02001673,-0.06417549,-0.23866898,-0.2406412,-0.22367236,-0.27939057,-0.5935215,0.60015583,-0.012859178,0.14639358,-0.21276686,0.06596869,-0.05367381,0.1292398,-0.0658458,0.059379164,-0.13993056,0.101548016,0.535869,0.09780077,0.59932524,-0.105579965,-0.096539505,-0.61291367,-0.07057588,-0.00029838877,-0.30748525,-0.16715747
0.8393843,0.56877553,0.5612364,0.66291434,0.6926888,0.64130807,0.5804596,0.6667781,0.6642455,0.28475112,-0.63252133,-0.6462729,-0.32811415,0.35299897,0.3390227,0.5103507,-0.050430752,0.45210803,0.18060404,0.5668033,0.24465889,0.7061827,0.66289365,-0.22133884,-0.28203648,-0.5843114,0.30850172,0.16150749,-0.014805393,0.01588902,-0.52298975,0.5350715,0.9524611,0.75008523,0.51102686,0.6004416,0.6523254,0.70810103,0.7791338,0.72124124,0.69161963,0.005076848,0.2989841,-0.3563872,-0.21948281,0.4437937,0.7698075,0.68501234,0.45888793,0.48949605,0.4773843,0.51140434,0.61235094,0.6307155,0.74518895,0.64957774,0.6260906,0.52455086,0.20841423,-0.6600033,-0.61409706,-0.3218177,-0.011955075,0.47158656,0.32432085,0.24197794,0.6275549,-0.30232882,0.29210657,0.30200082,-0.035103142,0.6144378,0.2113421,-0.5169449,-0.5726954,-0.6116885,-0.4737867,-0.22291823,-0.533958,0.12654993,-0.21573746,0.73488283,0.38649672,0.5451647,-0.015934886,0.7472998,0.5327506,0.39170027,0.4879832,0.17453694,0.6523007,0.23504204,0.4832344,0.0372299,0.08747845,-0.37012988,0.22943254,0.60735047,0.32828897,0.42767167
0.48815536,0.6261849,0.46571794,0.25707388,0.38532585,0.6751069,0.5562773,0.44619003,0.77667075,0.5141004,-0.30637324,-0.2573293,0.12444279,0.67265064,0.68876743,0.6856327,0.3150822,0.732761,0.46871287,0.73473763,0.64373136,0.8465932,0.9050822,0.17523506,-0.05441115,-0.2321513,0.64924586,0.57031536,0.39612532,0.4907133,-0.44781417,0.25812727,0.75008523,0.956962,0.81503224,0.710902,0.6768301,0.25433543,0.43186766,0.34571448,0.5729246,-0.22622237,-0.06838227,-0.14931537,0.033437498,0.62424874,0.61607796,0.77457833,0.4613972,0.39107174,0.084173925,0.56021607,0.44895238,0.17759672,0.7351062,0.6515431,0.2286377,0.5293578,0.10714884,-0.49826884,-0.16029909,0.069175586,0.47033656,0.6480368,0.5655346,0.6362884,0.41861856,0.013684551,0.5773012,0.51854455,0.41075057,0.81599873,0.61952186,-0.31320596,-0.18369085,-0.2206677,-0.056661062,0.27481008,-0.5268057,-0.18581319,0.17939109,0.81893396,0.33535516,0.85856736,0.3807061,0.83209926,0.6141969,0.71161366,0.6832429,0.35223842,0.271786,0.09500957,0.22771594,-0.29069868,-0.17819187,-0.2111268,0.5127422,0.76480854,0.4246536,0.37876913
0.20629992,0.46819073,0.2021289,-0.033630356,0.17226747,0.5176586,0.36433595,0.18812007,0.6276339,0.3749789,-0.1410738,-0.049894333,0.38415194,0.6199177,0.7147299,0.5376224,0.3126333,0.658428,0.40411553,0.7412102,0.6797464,0.8140154,0.858036,0.23244816,0.012323967,-0.04307136,0.8686137,0.7702049,0.45958835,0.60960424,-0.27033406,0.025304353,0.51102686,0.81503224,0.97437805,0.70401806,0.6705102,-0.012603891,0.112308726,0.0667676,0.51169896,-0.30709398,-0.20990919,0.15996465,0.3167215,0.79195523,0.5112661,0.8192439,0.4631266,0.36903542,-0.15039665,0.38078552,0.20232978,-0.11393748,0.5390861,0.48186636,-0.057020273,0.35059667,-0.12515019,-0.39743662,0.06179515,0.35648632,0.65999657,0.6603761,0.5284639,0.6934196,0.24908523,0.10471697,0.46134907,0.41824424,0.4975763,0.72333944,0.6353705,-0.29294583,-0.053391967,-0.039629906,0.06922135,0.45772967,-0.33412832,-0.37556228,0.21605876,0.75596154,0.35062572,0.93377376,0.5824006,0.7727646,0.66239154,0.9126617,0.7197188,0.3363202,0.042426795,-0.10539757,-0.051099375,-0.42800432,-0.35460752,0.07281365,0.7532754,0.84233147,0.47432658,0.38425478
0.3969735,0.36202398,0.2308552,0.1052615,0.50058484,0.7931417,0.4659922,0.24085748,0.67139333,-0.018252967,-0.5340335,-0.35490268,0.06645243,0.49302632,0.581185,0.37096286,-0.121438265,0.47332466,0.024681041,0.9067466,0.47940665,0.8613472,0.73368984,-0.22082242,-0.49800217,-0.45063227,0.57784796,0.34411603,0.22776894,0.3259328,-0.0642702,-0.04850064,0.6004416,0.710902,0.70401806,0.96956646,0.9129378,0.28561696,0.25724587,0.3853382,0.8470499,0.018347934,0.19822903,0.2019315,0.3635214,0.7892468,0.8021064,0.86112607,0.8667078,0.80824596,0.12192656,0.3272729,0.26224035,0.12571757,0.72686154,0.70912015,0.15460551,0.32361263,-0.08140242,-0.67780423,-0.20976093,0.21570471,0.41891247,0.78367805,0.42641437,0.5389192,0.63323164,-0.09256665,0.26806414,0.3013345,0.24901818,0.7540474,0.3280568,-0.51669616,-0.38261777,-0.4923706,-0.2766198,0.06782719,-0.120410055,-0.2733735,-0.17106324,0.90771437,0.68639445,0.7325061,0.23775661,0.8815231,0.88489854,0.59295344,0.9361396,0.32696408,0.37673423,0.1684978,0.18196937,-0.04852495,-0.009101089,0.1876854,0.5816566,0.87961435,0.8509403,0.81637084
