0,1,2,3,4,5,6,7,8,9,10,11,12,13,14,15,16,17,18,19,20,21,22,23,24,25,26,27,28,29,30,31,32,33,34,35,36,37,38,39,40,41,42,43,44,45,46,47,48,49,50,51,52,53,54,55,56,57,58,59,60,61,62,63,64,65,66,67,68,69,70,71,72,73,74,75,76,77,78,79,80,81,82,83,84,85,86,87,88,89,90,91,92,93,94,95,96,97,98,99
0.875693,0.37324923,0.10242279,0.3907987,0.3966664,0.3305974,0.33377483,0.053726323,0.14361039,-0.34282917,-0.20484868,-0.39746535,-0.38968092,-0.3166353,-0.37442267,-0.08877425,-0.30020738,-0.22038373,-0.17865244,0.6617453,-0.16366789,-0.3783253,-0.35640013,-0.27006957,-0.4117039,-0.6413817,0.3418092,-0.50299156,-0.072767526,-0.19566348,-0.10051345,0.1410286,0.12233661,-0.23726219,-0.1768994,0.5045468,0.3915006,0.24006857,0.104690984,0.23232031,0.32661602,-0.07482681,0.12953858,0.34432256,0.6312405,0.2632867,0.11747472,0.37043348,0.6673004,0.46448243,0.6476451,0.081796885,-0.07032722,0.369429,0.19005305,0.21705875,-0.0261934,0.1705263,-0.40942487,0.016142141,-0.40096974,-0.42588094,-0.30643713,-0.47731283,-0.63290465,-0.46354526,0.6568817,-0.42963886,-0.3180288,-0.2197431,-0.14141633,-0.31078577,-0.29889435,0.5338511,-0.4166543,-0.5891657,0.015471734,-0.5308887,0.2666514,0.4130693,-0.24407716,0.3270973,0.3449726,0.16657987,0.17348872,0.27004847,0.40661007,-0.13793626,0.6252599,0.59579194,0.37128064,0.4834364,0.5158442,0.19156323,0.3881585,0.5470431,0.5360924,0.24418117,0.68943346,0.5613821
0.37324923,0.9507576,0.72044057,0.7319534,0.8718028,0.7515439,0.44713774,0.72547597,0.72165847,-0.25897074,0.11962948,-0.25457773,-0.20645577,-0.13306904,-0.14281219,-0.41327238,-0.6841974,-0.65662634,-0.7221849,0.06643519,-0.5837883,-0.7661496,-0.7333095,-0.49476528,-0.5785006,-0.4720208,0.26807627,-0.33587468,-0.34582418,0.2075679,0.14246882,0.6103052,-0.20290568,-0.6831666,-0.6625955,0.5971092,0.5564283,0.5959139,0.4972949,0.3720188,0.32611597,0.3793722,0.29412633,0.524845,0.5518267,0.4203842,0.10041493,-0.3671158,0.5363581,0.4969465,0.7098297,0.8074521,0.1609546,0.8910525,0.80496,0.7611097,0.44814125,0.80320954,-0.15998174,0.064391166,0.015726326,-0.28691304,0.33756667,-0.00021225866,-0.15474045,-0.1867879,0.5334752,-0.58546615,-0.3697759,-0.3660155,-0.31654435,-0.4139917,-0.60162973,0.41202393,-0.4424911,-0.33440584,-0.22312835,-0.108577065,0.32933784,0.78705984,-0.40703622,0.3660212,0.4547642,0.07696,0.07909584,0.27140123,0.5700115,0.09007156,0.561692,0.5743976,0.60936004,0.61919594,0.7238269,0.59197325,0.59805787,0.65056896,0.667498,-0.14614278,0.5456315,0.56409603
0.10242279,0.72044057,0.94199336,0.2889735,0.65280724,0.865293,0.46576118,0.56463885,0.91193193,-0.15564176,0.4469986,0.204792,0.0971797,0.26393482,0.26807353,-0.61124045,-0.7088875,-0.7129799,-0.80290854,-0.074700825,-0.527191,-0.7686974,-0.6334444,-0.51063204,-0.44775322,-0.08844329,0.2703132,0.08599891,-0.1120094,0.46293062,0.12982485,0.5891168,-0.5819481,-0.784848,-0.79178107,0.6145092,0.6026416,0.61951494,0.5229938,0.3854887,0.26287687,0.45979348,0.22772488,0.61082613,0.3446757,0.4356503,0.1497283,-0.54863983,0.45299757,0.48067555,0.47835332,0.7691628,-0.028674364,0.59733784,0.8800842,0.9273628,0.3262741,0.91411066,0.23522398,0.2410818,0.37182784,0.12901106,0.7068678,0.37996465,-0.05045846,0.2631446,0.15536678,-0.58960426,-0.45608503,-0.49059245,-0.24776456,-0.47455126,-0.6270189,0.12401318,-0.3453304,-0.11895284,-0.21309617,0.30679953,-0.01970251,0.69383144,-0.4851681,0.047029585,0.117663324,-0.29147232,-0.20476016,-0.08376251,0.54330516,0.007034822,0.41341424,0.24781731,0.4958405,0.514725,0.57787997,0.45107543,0.4165552,0.58237636,0.43014657,-0.4571579,0.47540143,0.4970864
0.3907987,0.7319534,0.2889735,0.9367892,0.6706581,0.34037453,0.090085976,0.6479596,0.2531837,-0.2448445,-0.37624657,-0.6405952,-0.5416956,-0.58288884,-0.57849544,0.042185627,-0.29671907,-0.22307031,-0.32042038,-0.00094474526,-0.35391796,-0.37347904,-0.47894788,-0.19304773,-0.38313323,-0.58971924,-0.043097954,-0.62972945,-0.38907734,-0.25671974,0.19326913,0.31268424,0.24810049,-0.21838981,-0.28217,0.24996474,0.20636755,0.18124563,0.120643616,0.019281369,0.06715638,0.027829655,0.055040646,0.08299732,0.36361915,0.05046603,-0.17148782,-0.18109956,0.27768975,0.15841568,0.63749015,0.5704075,0.43342048,0.8025865,0.43753684,0.3201265,0.49548817,0.40412962,-0.5824833,-0.30222446,-0.34644994,-0.65882546,-0.1460889,-0.38914162,-0.045115843,-0.5884865,0.65291494,-0.20191345,0.047694582,0.092934825,-0.14738654,-0.023577053,-0.17916094,0.5487306,-0.23598054,-0.28325322,0.0028111562,-0.37273577,0.5912499,0.4619447,0.001162654,0.53167385,0.5780865,0.4705258,0.3916976,0.50339305,0.32694256,0.17439492,0.45312744,0.579559,0.40909964,0.35823175,0.44276315,0.41228727,0.3800888,0.32852995,0.48788053,0.2637666,0.33343092,0.27136457
0.3966664,0.8718028,0.65280724,0.6706581,0.9173399,0.75650454,0.4647602,0.52655035,0.7087817,-0.34631804,0.2369403,-0.28535292,-0.04615349,-0.04036318,-0.10654075,-0.5389632,-0.78666943,-0.7148062,-0.76843166,0.17633328,-0.725988,-0.8010055,-0.82886475,-0.6579194,-0.72566795,-0.581231,0.32972816,-0.3846901,-0.5152598,0.30618554,0.09213284,0.655182,-0.12430455,-0.69072556,-0.64003503,0.6956109,0.66396195,0.72030735,0.6402755,0.537313,0.50136733,0.36930615,0.43456545,0.62689936,0.6659094,0.55972713,0.2878055,-0.19028813,0.63772404,0.64377093,0.6368543,0.64483976,-0.06400495,0.8409312,0.77130675,0.7259946,0.22343755,0.7627461,-0.09107864,0.24822718,0.11219314,-0.20464353,0.35889643,0.0075224326,-0.27018616,-0.17884633,0.46566927,-0.69429374,-0.44336393,-0.46609977,-0.5295706,-0.51357186,-0.6937405,0.32527,-0.6205989,-0.4482032,-0.40956408,-0.24050951,0.2983511,0.81765574,-0.5512701,0.43951917,0.48495832,0.06950006,0.0071017873,0.36021882,0.65113455,0.065447554,0.63079756,0.5866081,0.7362462,0.6709417,0.77304345,0.6514968,0.63569534,0.735023,0.7322998,-0.18432266,0.5795425,0.69034576
0.3305974,0.7515439,0.865293,0.34037453,0.75650454,0.94628155,0.53042406,0.40686357,0.9062265,-0.27915314,0.4757455,0.08101621,0.110508844,0.22133413,0.16939601,-0.7305825,-0.85020274,-0.81454045,-0.8790127,0.17814273,-0.6853912,-0.88446605,-0.80054986,-0.7081604,-0.6583932,-0.3493281,0.3997106,-0.0846126,-0.28130144,0.46133256,0.05765842,0.6436815,-0.45282185,-0.8377841,-0.81770694,0.81545067,0.7908154,0.7575276,0.6521218,0.5531072,0.47240096,0.411857,0.35486782,0.75864136,0.58734035,0.5867195,0.31184408,-0.29301482,0.69706357,0.6995183,0.59174603,0.6352593,-0.2295815,0.62655115,0.88380647,0.9290802,0.11530884,0.8953828,0.16365987,0.39868534,0.34933305,0.044797063,0.6078918,0.21803954,-0.31355727,0.11435948,0.2790804,-0.77073884,-0.56518674,-0.6192771,-0.4563289,-0.6089635,-0.7566042,0.23585053,-0.5785949,-0.33646286,-0.34075826,0.0465081,0.047591653,0.80756557,-0.6337745,0.23378444,0.27199614,-0.20935768,-0.16369623,0.106933534,0.74098694,0.011248977,0.6483823,0.44014013,0.70826894,0.6883477,0.74510384,0.5783305,0.555335,0.7858361,0.62918246,-0.37868702,0.6827563,0.7378288
0.33377483,0.44713774,0.46576118,0.090085976,0.4647602,0.53042406,0.8345874,0.16783576,0.49707928,-0.29805753,0.46959475,0.16108102,0.30488837,0.42248195,0.38164684,-0.50975716,-0.56596345,-0.5734971,-0.48238882,0.50763464,-0.2874813,-0.55136204,-0.38331538,-0.39066428,-0.4682476,-0.15754178,0.68515384,0.0910113,-0.052795008,0.5678214,-0.35834628,0.3644164,-0.4468004,-0.608296,-0.29708564,0.5437232,0.4613129,0.67371726,0.6115204,0.7134185,0.6365081,0.6602253,0.6623899,0.7352917,0.6528547,0.763831,0.6113298,0.030751616,0.588765,0.68096167,0.29958096,0.32315594,-0.28447747,0.40133643,0.40164703,0.52004087,0.043937966,0.4468125,0.37803024,0.4400892,0.02979264,0.3120877,0.32540953,0.31023777,-0.31395632,0.27668238,0.16675308,-0.67118,-0.7998414,-0.6932602,-0.28893167,-0.717218,-0.7649693,-0.09974721,-0.45269492,-0.5569467,-0.47841817,-0.11729175,-0.33775705,0.5905917,-0.73424226,-0.19092053,-0.0666055,-0.5071421,-0.48216152,-0.26610208,0.24175346,-0.4269634,0.2041046,0.22010882,0.31803292,0.504238,0.61685354,0.2234809,0.51870495,0.6092421,0.49762863,-0.5118903,0.4451744,0.57650155
0.053726323,0.72547597,0.56463885,0.6479596,0.52655035,0.40686357,0.16783576,0.94602644,0.44204795,-0.032317273,-0.1772506,-0.19503492,-0.41105902,-0.29191566,-0.19978198,0.021135308,-0.2205956,-0.24621083,-0.3793584,-0.3169213,-0.16476971,-0.3478344,-0.2962467,0.018756041,-0.09973326,-0.06532367,-0.05345916,-0.1504572,-0.029281897,-0.0371731,0.20910344,0.30589944,-0.22854605,-0.34977376,-0.39978844,0.11415505,0.08595386,0.13383773,0.06271022,-0.09676437,-0.16713202,0.3025388,-0.043339334,0.07713595,0.07263413,-0.028869255,-0.29911157,-0.6567725,0.038271368,-0.025193416,0.5094483,0.8687019,0.6347828,0.72887504,0.5517329,0.5080949,0.8284868,0.5811811,-0.21904543,-0.33640456,-0.16755685,-0.33968818,0.20449653,0.036935728,0.30623353,-0.13083434,0.4140451,-0.07815182,0.0101511385,0.08554191,0.15663029,-0.00023680413,-0.1612727,0.3386082,0.08028144,0.03495075,0.1555109,0.17376828,0.29109353,0.4149897,0.0569385,0.113347024,0.24373572,0.11063288,0.16992702,0.04863282,0.14187646,0.11186972,0.14901045,0.27770552,0.1349555,0.22985347,0.3113498,0.25317097,0.2633634,0.1674467,0.24643809,-0.051070265,0.14901462,0.03129714
0.14361039,0.72165847,0.91193193,0.2531837,0.7087817,0.9062265,0.49707928,0.44204795,0.95602965,-0.2027272,0.5601735,0.2016007,0.22025558,0.33547947,0.3002286,-0.7432118,-0.82551646,-0.81035995,-0.8909602,0.010626784,-0.6655421,-0.84310937,-0.742048,-0.67274183,-0.58771193,-0.1940555,0.33996576,0.05583895,-0.24994673,0.5516145,0.10122143,0.6548259,-0.52864033,-0.8360083,-0.82356024,0.7194741,0.7167317,0.74495614,0.6628852,0.52915585,0.41299206,0.47224194,0.35026017,0.71430355,0.45982108,0.55969036,0.30187273,-0.43171817,0.559363,0.6156924,0.45444936,0.687248,-0.20940584,0.5771332,0.9024104,0.9342793,0.15592337,0.9293933,0.29812503,0.4083472,0.47519708,0.18061283,0.7459309,0.38797444,-0.15157184,0.2669853,0.121263914,-0.70343685,-0.53350306,-0.6052595,-0.42570946,-0.58011377,-0.7246518,0.08872796,-0.49110737,-0.20995978,-0.35808975,0.21035588,-0.027218863,0.7459456,-0.6175786,0.13087265,0.18253776,-0.28721756,-0.24114977,0.011310596,0.6501799,0.025340647,0.499049,0.29544264,0.63923883,0.6016991,0.66077095,0.5428419,0.4856877,0.68546355,0.51720744,-0.48594135,0.54019284,0.624352
-0.34282917,-0.25897074,-0.15564176,-0.2448445,-0.34631804,-0.27915314,-0.29805753,-0.032317273,-0.2027272,0.8509798,0.021706488,0.35983437,-0.0358333,-0.018535592,0.04921009,0.22782846,0.39593193,0.10111506,0.2429131,-0.33265162,0.33341128,0.20657158,0.3750234,0.3812989,0.5168673,0.39291874,-0.04424809,0.3835988,0.3507805,-0.04024225,0.2419112,-0.15048173,-0.016198903,0.08468443,0.058434457,-0.45807147,-0.36564338,-0.2726384,-0.22723243,-0.34407902,-0.3597554,-0.0251062,-0.23889294,-0.3220862,-0.4439476,-0.308771,-0.34680188,-0.14841333,-0.5191822,-0.49448365,-0.2009079,-0.029349621,0.14417094,-0.3316513,-0.1339592,-0.22781408,0.07333541,-0.1672838,0.16366662,-0.021564854,0.104985535,0.016910693,-0.04025695,0.052938424,0.18486235,0.11099371,-0.042902075,0.4280289,0.2539764,0.18263356,0.40890867,0.38924518,0.38468152,0.06719484,0.54710317,0.65702116,0.38856536,0.4667954,0.17487074,-0.20904776,0.45623636,0.022863269,0.14356178,0.20643803,0.39154243,0.021455834,-0.24158636,0.5609063,-0.32782906,0.020260153,-0.267499,-0.11224428,-0.17012213,0.05896291,0.04374122,-0.31072706,-0.13086157,0.31972018,-0.41443342,-0.47069693
-0.20484868,0.11962948,0.4469986,-0.37624657,0.2369403,0.4757455,0.46959475,-0.1772506,0.5601735,0.021706488,0.93648016,0.60113734,0.7662864,0.82287663,0.7454642,-0.77085567,-0.5875013,-0.6532651,-0.55609417,0.13843001,-0.4506547,-0.5046086,-0.37258023,-0.55140084,-0.36681992,0.13007079,0.49503314,0.4686811,-0.1380383,0.83791924,-0.14840087,0.39813685,-0.5127404,-0.6021694,-0.41212317,0.46051311,0.49639818,0.69326365,0.72792536,0.6947653,0.5728451,0.5377997,0.5576586,0.65906477,0.2965787,0.68624866,0.6418742,-0.05060708,0.3258807,0.5614219,-0.16606975,0.092709646,-0.6641766,-0.009204254,0.41091543,0.47598308,-0.37596524,0.43184447,0.80160964,0.77557445,0.7125491,0.71761155,0.72082293,0.6633846,-0.156607,0.6666471,-0.37126505,-0.5697278,-0.6361255,-0.7612413,-0.47313946,-0.61208797,-0.6526784,-0.41489387,-0.40633264,-0.10131967,-0.58276296,0.26987982,-0.4544338,0.40104362,-0.70616233,-0.16368863,-0.13829172,-0.5571469,-0.5238345,-0.22708502,0.3133922,-0.086353645,0.062477935,-0.06363575,0.37783596,0.3497937,0.3961527,0.3351608,0.3421142,0.44125992,0.27075243,-0.636164,0.15035781,0.43682128
-0.39746535,-0.25457773,0.204792,-0.6405952,-0.28535292,0.08101621,0.16108102,-0.19503492,0.2016007,0.35983437,0.60113734,0.8655349,0.53139484,0.6674911,0.6851876,-0.31129485,-0.028450247,-0.17968178,-0.10949826,-0.102811135,0.1270634,-0.029054947,0.17462936,0.038125955,0.2579236,0.62197924,0.26420486,0.77008224,0.4082417,0.52717686,-0.15016666,-0.043124102,-0.60257256,-0.23680946,-0.0989417,-0.010911306,0.033203103,0.13444072,0.15765724,0.15349334,0.01651187,0.34872663,0.10132398,0.21365118,-0.200355,0.16766763,0.18668637,-0.21181203,-0.12706956,0.011200796,-0.30766243,-0.03771043,-0.29896647,-0.38721415,0.04036485,0.14593318,-0.13903302,0.089940175,0.76406264,0.40887046,0.461415,0.67945254,0.47216922,0.5905384,0.11321703,0.71584904,-0.43445137,-0.040231686,-0.271672,-0.31690717,0.13949177,-0.12288833,-0.12504548,-0.35777253,0.18763086,0.3385047,-0.012799174,0.62103665,-0.531186,-0.02760994,-0.16956781,-0.464819,-0.37468427,-0.5341604,-0.36571723,-0.50869447,-0.089915246,0.009012379,-0.29804856,-0.32367802,-0.17065719,0.022872642,-0.045309715,-0.05767695,0.0011971651,-0.03149497,-0.17121662,-0.41717798,-0.1600908,-0.097075135
-0.38968092,-0.20645577,0.0971797,-0.5416956,-0.04615349,0.110508844,0.30488837,-0.41105902,0.22025558,-0.0358333,0.7662864,0.53139484,0.90949416,0.8182713,0.72006845,-0.55093205,-0.31564322,-0.3179317,-0.23214418,0.09853117,-0.2517724,-0.13701633,-0.09762717,-0.34291488,-0.18886775,0.26300985,0.33159566,0.4837371,-0.15780827,0.74644196,-0.29542717,0.13408017,-0.3456676,-0.24598084,-0.041036174,0.18084048,0.21854222,0.4428127,0.5542786,0.57940716,0.4901129,0.4286311,0.51951253,0.40925887,0.10040431,0.5455271,0.66396356,0.10823783,0.0922557,0.37145305,-0.4979536,-0.20973383,-0.6552657,-0.25074118,0.035335496,0.1158299,-0.5067161,0.067116976,0.78376734,0.67314905,0.6014898,0.812724,0.51143694,0.63764536,-0.021708062,0.6597094,-0.6121963,-0.32168055,-0.46046627,-0.5577681,-0.4328533,-0.45244962,-0.43701285,-0.65415835,-0.2847227,-0.0757379,-0.61919105,0.15471312,-0.6144578,0.060306247,-0.57415515,-0.31923476,-0.35417008,-0.5758922,-0.62287265,-0.3245046,0.009814032,-0.2552461,-0.22372854,-0.3493685,0.11250127,0.045427337,0.07527803,0.06453603,0.06624776,0.12905161,-0.022331772,-0.63194805,-0.1238105,0.19902948
-0.3166353,-0.13306904,0.26393482,-0.58288884,-0.04036318,0.22133413,0.42248195,-0.29191566,0.33547947,-0.018535592,0.82287663,0.6674911,0.8182713,0.96065414,0.90962005,-0.55377865,-0.31316036,-0.36367735,-0.27980685,0.107650116,-0.15258625,-0.19775571,-0.04881444,-0.28958052,-0.123274654,0.3840387,0.3782514,0.5944559,0.074650854,0.77440083,-0.22124934,0.21961103,-0.5491555,-0.35967678,-0.15636948,0.22129641,0.24492535,0.46205047,0.5022991,0.53658044,0.41313586,0.50067914,0.45029986,0.48474976,0.08486374,0.53168285,0.596146,-0.026687047,0.12847385,0.3704343,-0.39760083,-0.07260999,-0.5851393,-0.22416705,0.13274768,0.25436375,-0.3665737,0.17839715,0.87245035,0.6188065,0.6211246,0.88415396,0.6488036,0.7784046,-0.026411485,0.8624852,-0.59915257,-0.38306153,-0.5645758,-0.6134197,-0.26522592,-0.5289341,-0.46869236,-0.66780627,-0.20807354,-0.060225792,-0.49974728,0.34393954,-0.7009021,0.12884463,-0.58894813,-0.50886226,-0.50538516,-0.77861416,-0.74425066,-0.5472528,-0.0043966128,-0.36792648,-0.23752376,-0.39879286,0.03418487,0.05993294,0.0907729,-0.028632455,0.04665087,0.1695906,-0.048543848,-0.75451326,-0.04979349,0.19506639
-0.37442267,-0.14281219,0.26807353,-0.57849544,-0.10654075,0.16939601,0.38164684,-0.19978198,0.3002286,0.04921009,0.7454642,0.6851876,0.72006845,0.90962005,0.9391503,-0.44153452,-0.21276428,-0.27938116,-0.20565435,0.024549158,-0.02627942,-0.12396209,0.059301764,-0.1553185,0.010440527,0.48521632,0.3076226,0.62679803,0.19344744,0.6911403,-0.1874296,0.17423859,-0.59923816,-0.31560758,-0.13413319,0.11213902,0.12157054,0.35158297,0.38601357,0.40672418,0.269001,0.48052558,0.34354788,0.38118386,-0.030981997,0.41075933,0.46296245,-0.14711446,0.013353738,0.2399095,-0.3948214,-0.0022984617,-0.4381755,-0.23654658,0.10715416,0.2318061,-0.22548062,0.16374168,0.8465599,0.4982444,0.5536047,0.8544332,0.6314741,0.80482626,0.096289106,0.9064015,-0.58918905,-0.25835285,-0.49123213,-0.51061094,-0.106967345,-0.43603212,-0.35401127,-0.63946366,-0.073562086,0.03190613,-0.36394465,0.4449597,-0.6869705,0.067563325,-0.4727878,-0.59304714,-0.5580243,-0.78480023,-0.7090939,-0.6253379,-0.11015534,-0.37060308,-0.32362747,-0.45568776,-0.093330845,-0.01143022,0.018893164,-0.119342394,-0.020878805,0.06584452,-0.14819092,-0.73635983,-0.11724606,0.06945548
-0.08877425,-0.41327238,-0.61124045,0.042185627,-0.5389632,-0.7305825,-0.50975716,0.021135308,-0.7432118,0.22782846,-0.77085567,-0.31129485,-0.55093205,-0.55377865,-0.44153452,0.9225849,0.8465799,0.7977096,0.79976314,-0.23566598,0.7296255,0.74638104,0.7231176,0.8033173,0.6608558,0.22699812,-0.48548627,-0.14479013,0.38044792,-0.71826494,0.14109743,-0.5285733,0.43493176,0.73590755,0.61827457,-0.76471746,-0.7787842,-0.82937247,-0.80711466,-0.7557821,-0.66162026,-0.44826084,-0.5505866,-0.79898775,-0.55742526,-0.7399195,-0.6127337,0.05512827,-0.63288534,-0.7738824,-0.18513864,-0.2421171,0.62427425,-0.28220093,-0.63489985,-0.6853367,0.3176278,-0.64774966,-0.49401796,-0.72518754,-0.60220635,-0.41163698,-0.67578876,-0.4110427,0.34172106,-0.34322008,0.079975344,0.7753892,0.6447321,0.769367,0.6734513,0.6783089,0.7955078,0.11988809,0.6713222,0.31867898,0.6148052,-0.029371638,0.2270894,-0.6305866,0.79779005,-0.12759194,-0.11522945,0.3567375,0.38545275,-0.044079497,-0.654765,0.036975,-0.46846732,-0.21720894,-0.69567525,-0.58295393,-0.62265205,-0.5404711,-0.48135695,-0.7105502,-0.51996577,0.5272832,-0.49156344,-0.73147964
-0.30020738,-0.6841974,-0.7088875,-0.29671907,-0.78666943,-0.85020274,-0.56596345,-0.2205956,-0.82551646,0.39593193,-0.5875013,-0.028450247,-0.31564322,-0.31316036,-0.21276428,0.8465799,0.96502817,0.86561245,0.9012867,-0.28244448,0.8459555,0.879164,0.88935554,0.86898166,0.82707065,0.47464183,-0.48304868,0.14185418,0.5284642,-0.59389544,0.054857608,-0.66418475,0.31923488,0.8064025,0.7217047,-0.8610434,-0.85036224,-0.8905353,-0.8374537,-0.7662747,-0.7017396,-0.45636272,-0.57995355,-0.8373303,-0.71551085,-0.769151,-0.5623928,0.0859337,-0.76002896,-0.84751356,-0.44142026,-0.4566077,0.45007396,-0.5956963,-0.78505814,-0.7971941,0.12280628,-0.7878323,-0.23864768,-0.57978165,-0.42416513,-0.14942883,-0.590342,-0.23548776,0.3964155,-0.10602231,-0.18209282,0.86704767,0.6468364,0.7367572,0.7276311,0.72536385,0.8687768,-0.07432775,0.77757496,0.4951318,0.6244983,0.16799833,0.0019671717,-0.8022697,0.80986977,-0.30754882,-0.3060996,0.20193458,0.26069584,-0.20764011,-0.7600198,0.0419242,-0.6385675,-0.4316818,-0.8300882,-0.6982708,-0.7812668,-0.6576527,-0.6110586,-0.8369261,-0.6993109,0.43078977,-0.63925505,-0.84375376
-0.22038373,-0.65662634,-0.7129799,-0.22307031,-0.7148062,-0.81454045,-0.5734971,-0.24621083,-0.81035995,0.10111506,-0.6532651,-0.17968178,-0.3179317,-0.36367735,-0.27938116,0.7977096,0.86561245,0.9462361,0.8583371,-0.24670973,0.71778965,0.9058211,0.77745235,0.7609303,0.66871506,0.3532812,-0.5608214,-0.009009147,0.3649156,-0.6290345,-0.0016947072,-0.6624678,0.3796906,0.89350367,0.7375598,-0.751182,-0.7482579,-0.8780438,-0.81873596,-0.7179004,-0.6385337,-0.5243046,-0.5635433,-0.80481124,-0.6408477,-0.7438444,-0.4945293,0.13363107,-0.6445084,-0.74010134,-0.42455626,-0.48708567,0.426185,-0.5125126,-0.7877059,-0.7775029,0.07676493,-0.7834113,-0.34377497,-0.62365746,-0.44659257,-0.17286697,-0.5933372,-0.29149657,0.36684275,-0.17911044,-0.21422732,0.7962302,0.6707876,0.76793635,0.5744131,0.66762817,0.81826705,-0.11913048,0.61635435,0.30976236,0.5087746,-0.007734708,-0.02855941,-0.81857026,0.725592,-0.2859663,-0.36096856,0.18631425,0.1635324,-0.1855528,-0.6766745,-0.1277397,-0.5399413,-0.49081472,-0.74692655,-0.7422931,-0.82185984,-0.7042938,-0.720647,-0.8043309,-0.7396333,0.36401182,-0.54410625,-0.73330927
-0.17865244,-0.7221849,-0.80290854,-0.32042038,-0.76843166,-0.8790127,-0.48238882,-0.3793584,-0.8909602,0.2429131,-0.55609417,-0.10949826,-0.23214418,-0.27980685,-0.20565435,0.79976314,0.9012867,0.8583371,0.93832505,-0.07809879,0.78862584,0.8849757,0.853729,0.7778666,0.69775605,0.34259224,-0.38670838,0.047503196,0.41850033,-0.5528882,-0.058509223,-0.6609235,0.40473497,0.83036387,0.79908943,-0.78600097,-0.7891774,-0.8078216,-0.74737036,-0.614009,-0.5239625,-0.4438064,-0.431024,-0.7486533,-0.5646738,-0.6311209,-0.37596312,0.29936904,-0.63260996,-0.7009157,-0.4705747,-0.60226595,0.29862893,-0.60907805,-0.86529815,-0.8648889,-0.044092365,-0.87575334,-0.2330139,-0.46680826,-0.4621117,-0.11928508,-0.66431653,-0.28478098,0.23846677,-0.134251,-0.1799582,0.7539291,0.53652626,0.6476733,0.58326316,0.60256314,0.77686894,-0.13710107,0.61807334,0.28590798,0.46287966,-0.047738276,-0.053078428,-0.78868115,0.66874063,-0.2910305,-0.31901085,0.1623365,0.16628277,-0.1741611,-0.7405963,-0.09549738,-0.59334683,-0.40639535,-0.7661442,-0.66348004,-0.7328833,-0.6725189,-0.576739,-0.76202863,-0.6342578,0.40766054,-0.57445544,-0.7224852
0.6617453,0.06643519,-0.074700825,-0.00094474526,0.17633328,0.17814273,0.50763464,-0.3169213,0.010626784,-0.33265162,0.13843001,-0.102811135,0.09853117,0.107650116,0.024549158,-0.23566598,-0.28244448,-0.24670973,-0.07809879,0.90844387,-0.09142461,-0.2657417,-0.20589991,-0.29110962,-0.42408475,-0.44400477,0.6118368,-0.21986513,-0.05652069,0.14776845,-0.41686982,0.031935185,0.044194087,-0.21077676,0.056071613,0.42868406,0.32318437,0.36595213,0.30318192,0.53366256,0.60419184,0.1498001,0.46965826,0.4806624,0.68592036,0.54360265,0.53341115,0.64394724,0.6329045,0.5843048,0.27700064,-0.24191618,-0.4542476,0.074644476,-0.04293482,0.05286654,-0.35581154,-0.05472982,0.018215794,0.36465836,-0.2589782,0.031781875,-0.23266068,-0.2245733,-0.69510436,-0.12915082,0.32038337,-0.5029782,-0.5788969,-0.48268062,-0.26430085,-0.5221286,-0.45448595,0.09396632,-0.47485876,-0.6904291,-0.31566358,-0.5437174,-0.1349343,0.29581133,-0.50151056,0.05016657,0.084102064,-0.15907815,-0.18749896,0.030433595,0.19894513,-0.35723418,0.3273329,0.35347337,0.26133025,0.39912075,0.44304636,0.081914425,0.38010865,0.49215555,0.45837134,-0.019066518,0.50546426,0.55736595
-0.16366789,-0.5837883,-0.527191,-0.35391796,-0.725988,-0.6853912,-0.2874813,-0.16476971,-0.6655421,0.33341128,-0.4506547,0.1270634,-0.2517724,-0.15258625,-0.02627942,0.7296255,0.8459555,0.71778965,0.78862584,-0.09142461,0.9252182,0.7333008,0.87541294,0.843649,0.7846358,0.534992,-0.23004866,0.2683367,0.7120838,-0.42393494,-0.068809986,-0.5734424,0.053532317,0.596573,0.60311186,-0.71878105,-0.7420273,-0.7439021,-0.7432474,-0.6197388,-0.58676326,-0.23200509,-0.4553914,-0.6157169,-0.57094014,-0.5872731,-0.44030347,0.056712594,-0.59216714,-0.68762636,-0.32929373,-0.33928707,0.39157957,-0.5278731,-0.6752272,-0.6201468,0.18003127,-0.6532661,-0.075172104,-0.47281563,-0.43054983,-0.0056972355,-0.4767381,-0.110897005,0.25271106,0.060871676,-0.123310134,0.6772815,0.36995876,0.5242077,0.7928303,0.5046967,0.6771275,-0.10049422,0.73166597,0.36091542,0.59623206,0.23834324,-0.172707,-0.6452831,0.6284921,-0.4977793,-0.42842364,-0.05569376,0.07491486,-0.43322152,-0.7343283,-0.14171748,-0.6148219,-0.4034561,-0.85231376,-0.5610548,-0.6269295,-0.6873206,-0.4815195,-0.6775515,-0.5993109,0.2556721,-0.47757092,-0.71786875
-0.3783253,-0.7661496,-0.7686974,-0.37347904,-0.8010055,-0.88446605,-0.55136204,-0.3478344,-0.84310937,0.20657158,-0.5046086,-0.029054947,-0.13701633,-0.19775571,-0.12396209,0.74638104,0.879164,0.9058211,0.8849757,-0.2657417,0.7333008,0.95710784,0.8376601,0.7625197,0.71910036,0.4711182,-0.5047174,0.14223975,0.3655511,-0.4903819,-0.05145779,-0.67384636,0.33769822,0.88839006,0.793801,-0.8076756,-0.7931376,-0.83603615,-0.73774695,-0.64273274,-0.58194816,-0.43619522,-0.47258365,-0.79456,-0.69096744,-0.67547643,-0.39216584,0.15939692,-0.7234924,-0.7470647,-0.59806746,-0.5725454,0.31092435,-0.63364184,-0.85317814,-0.842898,-0.019476306,-0.8420209,-0.16307907,-0.48750117,-0.31893167,-0.0015980126,-0.52634513,-0.16208175,0.41269764,-0.037092835,-0.35736305,0.81653595,0.6225754,0.695053,0.54694074,0.64765066,0.8000195,-0.2657228,0.6424663,0.3864376,0.41983494,0.08058212,-0.14353704,-0.8623695,0.6761079,-0.35646617,-0.42729363,0.10379719,0.08682136,-0.24025033,-0.7530881,-0.108564004,-0.66706514,-0.5795964,-0.7900739,-0.7783974,-0.8537578,-0.7028382,-0.7100118,-0.852981,-0.7764015,0.28574514,-0.67278564,-0.7821224
-0.35640013,-0.7333095,-0.6334444,-0.47894788,-0.82886475,-0.80054986,-0.38331538,-0.2962467,-0.742048,0.3750234,-0.37258023,0.17462936,-0.09762717,-0.04881444,0.059301764,0.7231176,0.88935554,0.77745235,0.853729,-0.20589991,0.87541294,0.8376601,0.9467025,0.8337962,0.82222724,0.6123066,-0.32167336,0.33489338,0.62265694,-0.37021208,-0.05480686,-0.61127913,0.12121922,0.7002698,0.70287895,-0.8175378,-0.8154355,-0.7704722,-0.7107771,-0.6075775,-0.5785827,-0.2762946,-0.42954493,-0.693838,-0.6794269,-0.60667866,-0.38856116,0.077941954,-0.72586393,-0.74599385,-0.5505556,-0.47464466,0.30322665,-0.6669273,-0.76861715,-0.7309406,0.04180968,-0.756083,0.016175402,-0.41058344,-0.28962964,0.115484476,-0.42831227,-0.019666776,0.35976672,0.1499453,-0.33284622,0.7584392,0.44587478,0.5516881,0.7036369,0.55478513,0.72513276,-0.2829931,0.7436094,0.4452626,0.4943405,0.26020545,-0.23774895,-0.775599,0.63635147,-0.5252863,-0.50490016,-0.05848731,0.0101740565,-0.43282974,-0.8218503,-0.12942779,-0.75023067,-0.5635075,-0.8926022,-0.7055203,-0.76474863,-0.7320275,-0.5993255,-0.80135685,-0.72620976,0.1955407,-0.6596412,-0.8052708
-0.27006957,-0.49476528,-0.51063204,-0.19304773,-0.6579194,-0.7081604,-0.39066428,0.018756041,-0.67274183,0.3812989,-0.55140084,0.038125955,-0.34291488,-0.28958052,-0.1553185,0.8033173,0.86898166,0.7609303,0.7778666,-0.29110962,0.843649,0.7625197,0.8337962,0.9176564,0.8183758,0.5383638,-0.3649365,0.21977317,0.59942603,-0.5063598,-0.027349733,-0.5961935,0.12323345,0.6493709,0.6194961,-0.8127909,-0.81984246,-0.8066857,-0.7774396,-0.72211814,-0.69065416,-0.23631364,-0.50433975,-0.7383905,-0.65315324,-0.69011474,-0.5541148,-0.091585696,-0.7173519,-0.8125559,-0.3024974,-0.21782592,0.57182306,-0.41717964,-0.62971234,-0.6314038,0.34754926,-0.6197163,-0.17697173,-0.6035013,-0.4718266,-0.12505619,-0.49467617,-0.15111619,0.4453717,-0.044404514,-0.07371017,0.7975031,0.5310594,0.66830003,0.79865074,0.6566551,0.7530689,-0.03608121,0.8088783,0.4665727,0.62868834,0.26043093,-0.047863267,-0.6549045,0.74772906,-0.39339626,-0.3160745,0.107124895,0.19564262,-0.31227028,-0.7546662,-0.00036769983,-0.6458521,-0.37688807,-0.83710283,-0.58419,-0.6562626,-0.5951747,-0.4799472,-0.760668,-0.6069907,0.330638,-0.5789974,-0.8207222
-0.4117039,-0.5785006,-0.44775322,-0.38313323,-0.72566795,-0.6583932,-0.4682476,-0.09973326,-0.58771193,0.5168673,-0.36681992,0.2579236,-0.18886775,-0.123274654,0.010440527,0.6608558,0.82707065,0.66871506,0.69775605,-0.42408475,0.7846358,0.71910036,0.82222724,0.8183758,0.877712,0.6774678,-0.38837004,0.3956896,0.64225924,-0.3657367,0.103919744,-0.529706,0.0156019665,0.5740656,0.48466736,-0.78242874,-0.73822,-0.75510895,-0.72068316,-0.7172749,-0.72530675,-0.25584072,-0.5566622,-0.6855196,-0.7581779,-0.6940726,-0.5679253,-0.1783169,-0.7617361,-0.8122598,-0.42834103,-0.2481623,0.43128574,-0.54843247,-0.5756924,-0.57144,0.22527897,-0.5624467,-0.011235932,-0.46956438,-0.20948827,0.035168476,-0.29383612,0.0070456495,0.45804912,0.1313248,-0.2572426,0.7847713,0.52620196,0.59053123,0.7677211,0.6298172,0.74250484,-0.14560455,0.83634555,0.64249223,0.6274246,0.48158646,-0.1027385,-0.66753566,0.72961384,-0.42575654,-0.37051198,0.013650564,0.16198313,-0.3819222,-0.67298764,0.10902396,-0.65679264,-0.46736956,-0.7994684,-0.6131492,-0.688619,-0.5672853,-0.5209593,-0.75168025,-0.67255056,0.24071035,-0.6170912,-0.822593
-0.6413817,-0.4720208,-0.08844329,-0.58971924,-0.581231,-0.3493281,-0.15754178,-0.06532367,-0.1940555,0.39291874,0.13007079,0.62197924,0.26300985,0.3840387,0.48521632,0.22699812,0.47464183,0.3532812,0.34259224,-0.44400477,0.534992,0.4711182,0.6123066,0.5383638,0.6774678,0.9374193,-0.17990461,0.7594332,0.574245,0.13705805,-0.07013494,-0.31527215,-0.44341666,0.24549367,0.25240347,-0.5190292,-0.472592,-0.39326274,-0.33826375,-0.35303262,-0.4674012,0.14448571,-0.2679938,-0.3194838,-0.6617476,-0.33556765,-0.2163547,-0.39771092,-0.60537314,-0.5142667,-0.5367986,-0.08424425,0.16943364,-0.49660736,-0.3056342,-0.2171134,0.15560377,-0.24811399,0.4848479,-0.1250601,0.18317884,0.5172439,0.21249384,0.51382565,0.547952,0.6038314,-0.57175547,0.475883,0.17621267,0.20815766,0.5235901,0.29617375,0.35317683,-0.46282187,0.62542343,0.5755653,0.2820267,0.7160132,-0.5172974,-0.46527088,0.30380982,-0.70806944,-0.6401322,-0.44682163,-0.3047771,-0.6869116,-0.5491969,-0.110773504,-0.6949935,-0.6843559,-0.6709125,-0.4825806,-0.55140615,-0.4725121,-0.45012718,-0.5616244,-0.65484434,-0.301462,-0.54648197,-0.61704075
0.3418092,0.26807627,0.2703132,-0.043097954,0.32972816,0.3997106,0.68515384,-0.05345916,0.33996576,-0.04424809,0.49503314,0.26420486,0.33159566,0.3782514,0.3076226,-0.48548627,-0.48304868,-0.5608214,-0.38670838,0.6118368,-0.23004866,-0.5047174,-0.32167336,-0.3649365,-0.38837004,-0.17990461,0.8502218,0.1365506,-0.028944738,0.5393823,-0.4472398,0.20873058,-0.34658232,-0.56185675,-0.19729942,0.4802765,0.41345426,0.62412477,0.58405393,0.70194626,0.6589488,0.57980704,0.6551601,0.6735626,0.65049416,0.74053204,0.61140686,0.24492426,0.5624915,0.6370158,0.23946339,0.0833361,-0.4404202,0.19130006,0.25787628,0.34291866,-0.17514461,0.26962823,0.39733994,0.5784961,0.018841878,0.27935094,0.14482698,0.15112786,-0.48475766,0.16867629,0.24171202,-0.6079304,-0.7806814,-0.7219192,-0.28062028,-0.6138576,-0.68045187,0.021183016,-0.4070145,-0.44420302,-0.41976252,-0.15664214,-0.25441134,0.52588564,-0.6512772,-0.03292667,0.11405392,-0.32581747,-0.27338022,-0.093976684,0.25753212,-0.17045934,0.22131838,0.3715466,0.34361,0.5848335,0.6491195,0.3319267,0.640032,0.59795177,0.5872605,-0.264562,0.41317385,0.56067586
-0.50299156,-0.33587468,0.08599891,-0.62972945,-0.3846901,-0.0846126,0.0910113,-0.1504572,0.05583895,0.3835988,0.4686811,0.77008224,0.4837371,0.5944559,0.62679803,-0.14479013,0.14185418,-0.009009147,0.047503196,-0.21986513,0.2683367,0.14223975,0.33489338,0.21977317,0.3956896,0.7594332,0.1365506,0.8700547,0.43199164,0.44090766,-0.17451409,-0.13116382,-0.59533584,-0.09018758,0.02402027,-0.19067734,-0.14791927,-0.018306114,0.024099264,0.007188225,-0.13381037,0.34298217,0.014655963,0.05271654,-0.34890136,0.026275376,0.07196465,-0.2981926,-0.29167864,-0.14898765,-0.424694,-0.06258483,-0.14859197,-0.41731328,-0.10403028,0.0054282774,-0.039679766,-0.04474818,0.6832042,0.25037187,0.35759655,0.6578158,0.3823139,0.5885445,0.26061094,0.67954767,-0.50372404,0.13600491,-0.16174266,-0.17266122,0.2569945,-0.013207002,0.007672876,-0.43906766,0.34618843,0.418876,0.03574776,0.6622776,-0.5606048,-0.16964927,-0.036709838,-0.586565,-0.48832232,-0.5458467,-0.37567338,-0.6156666,-0.26436082,-0.058438085,-0.46691853,-0.46391505,-0.35818514,-0.15476847,-0.20401618,-0.19927844,-0.1283214,-0.20792592,-0.32929534,-0.4184382,-0.29781467,-0.2636817
-0.072767526,-0.34582418,-0.1120094,-0.38907734,-0.5152598,-0.28130144,-0.052795008,-0.029281897,-0.24994673,0.3507805,-0.1380383,0.4082417,-0.15780827,0.074650854,0.19344744,0.38044792,0.5284642,0.3649156,0.41850033,-0.05652069,0.7120838,0.3655511,0.62265694,0.59942603,0.64225924,0.574245,-0.028944738,0.43199164,0.85492915,-0.18178096,-0.030341942,-0.330612,-0.33617657,0.19333157,0.18429664,-0.37939328,-0.42037565,-0.46405894,-0.5332761,-0.4605798,-0.5008887,-0.038101293,-0.4152553,-0.28781387,-0.42996866,-0.40651488,-0.38012382,-0.15947273,-0.34482914,-0.45402658,-0.10479386,-0.07619965,0.25206798,-0.40092182,-0.30776313,-0.20196983,0.21886149,-0.26777834,0.1257409,-0.26931334,-0.19816057,0.13205297,-0.12137376,0.10199317,0.13497141,0.27319852,-0.06891811,0.3946768,0.09955771,0.22331353,0.74965763,0.2535274,0.39595082,-0.0072252005,0.61634773,0.35714978,0.58699346,0.4841444,-0.25344765,-0.33722714,0.4007308,-0.5394813,-0.4160303,-0.27914858,-0.025636312,-0.5484692,-0.4191169,-0.088199824,-0.36832163,-0.283717,-0.6347709,-0.26793775,-0.34308332,-0.48217905,-0.27026662,-0.36733013,-0.41381246,0.046333883,-0.17182407,-0.45992044
-0.19566348,0.2075679,0.46293062,-0.25671974,0.30618554,0.46133256,0.5678214,-0.0371731,0.5516145,-0.04024225,0.83791924,0.52717686,0.74644196,0.77440083,0.6911403,-0.71826494,-0.59389544,-0.6290345,-0.5528882,0.14776845,-0.42393494,-0.4903819,-0.37021208,-0.5063598,-0.3657367,0.13705805,0.5393823,0.44090766,-0.18178096,0.90140057,-0.27214932,0.4008237,-0.55452645,-0.6020129,-0.34812897,0.43420562,0.44135013,0.7165147,0.7587422,0.7310564,0.59707296,0.6894715,0.65279245,0.6740227,0.35302684,0.7372489,0.675761,-0.11975633,0.3293457,0.57414067,-0.13218834,0.18126537,-0.5475977,0.1153526,0.4018826,0.47359157,-0.23241523,0.43783584,0.75663054,0.70308423,0.5650244,0.68428135,0.66607785,0.67326593,-0.07615837,0.6132493,-0.3263709,-0.577574,-0.68330777,-0.75080746,-0.46435663,-0.6374333,-0.7101022,-0.44246724,-0.4019091,-0.17866352,-0.649534,0.20485023,-0.5029817,0.4427868,-0.748478,-0.23824237,-0.17404139,-0.59525776,-0.58840585,-0.28706402,0.23161265,-0.19516881,0.0002326956,-0.07302196,0.32706296,0.35244307,0.4269765,0.3126697,0.38061413,0.4413487,0.29495394,-0.7061498,0.13541786,0.4322103
-0.10051345,0.14246882,0.12982485,0.19326913,0.09213284,0.05765842,-0.35834628,0.20910344,0.10122143,0.2419112,-0.14840087,-0.15016666,-0.29542717,-0.22124934,-0.1874296,0.14109743,0.054857608,-0.0016947072,-0.058509223,-0.41686982,-0.068809986,-0.05145779,-0.05480686,-0.027349733,0.103919744,-0.07013494,-0.4472398,-0.17451409,-0.030341942,-0.27214932,0.8615455,0.30612546,0.19901288,-0.011299085,-0.32202303,-0.08331953,-0.0018542812,-0.10195847,-0.16012752,-0.3776137,-0.3569586,-0.37006527,-0.4316178,-0.21406397,-0.28823644,-0.3670472,-0.49491316,-0.29567155,-0.20909074,-0.26009905,0.075864434,0.21233976,0.22853945,0.056920446,0.22962126,0.09260653,0.10821674,0.17641005,-0.29960546,-0.2598856,0.20561641,-0.33285153,0.1433306,-0.013979165,0.17134602,-0.10406378,-0.0133595755,0.14182842,0.35882038,0.25223386,0.085292995,0.22221741,0.27288973,0.1578758,0.14674878,0.3767947,0.27627575,0.229159,0.49455252,-0.0025716247,0.32806313,0.24704307,0.17354262,0.295806,0.341423,0.22849032,0.14541078,0.35911494,0.12971605,0.032248996,0.05473914,-0.16184074,-0.12963933,0.05603288,-0.17512964,-0.077258036,-0.0940399,0.1950036,-0.06714372,-0.14166798
0.1410286,0.6103052,0.5891168,0.31268424,0.655182,0.6436815,0.3644164,0.30589944,0.6548259,-0.15048173,0.39813685,-0.043124102,0.13408017,0.21961103,0.17423859,-0.5285733,-0.66418475,-0.6624678,-0.6609235,0.031935185,-0.5734424,-0.67384636,-0.61127913,-0.5961935,-0.529706,-0.31527215,0.20873058,-0.13116382,-0.330612,0.4008237,0.30612546,0.77285385,-0.19125675,-0.63905144,-0.6363498,0.556003,0.569045,0.68069375,0.5973349,0.46413797,0.39800382,0.2892803,0.31320947,0.574237,0.41822588,0.4856432,0.24753189,-0.23062848,0.44167364,0.5301907,0.31770733,0.4906043,-0.1752275,0.5156361,0.67421484,0.6378949,0.032124847,0.6558702,0.1061662,0.2793182,0.35007745,0.033902694,0.53174794,0.29892614,-0.13143356,0.14053762,0.09142643,-0.6107735,-0.4210715,-0.4900696,-0.43875754,-0.5281645,-0.59690404,0.009804828,-0.47483957,-0.22744113,-0.3818887,0.02077333,0.14401144,0.62261534,-0.5259532,0.1871568,0.1896043,-0.1573866,-0.15848103,0.10143876,0.4980498,0.009023396,0.40222806,0.26578215,0.54043245,0.40261602,0.5467928,0.4309383,0.38596547,0.5848073,0.4678905,-0.3484713,0.381325,0.5352492
0.12233661,-0.20290568,-0.5819481,0.24810049,-0.12430455,-0.45282185,-0.4468004,-0.22854605,-0.52864033,-0.016198903,-0.5127404,-0.60257256,-0.3456676,-0.5491555,-0.59923816,0.43493176,0.31923488,0.3796906,0.40473497,0.044194087,0.053532317,0.33769822,0.12121922,0.12323345,0.0156019665,-0.44341666,-0.34658232,-0.59533584,-0.33617657,-0.55452645,0.19901288,-0.19125675,0.88385564,0.50222075,0.36768577,-0.2974833,-0.29648203,-0.3364685,-0.27508262,-0.2554004,-0.092084914,-0.54084814,-0.16459179,-0.4674005,-0.06593862,-0.31181574,-0.1731095,0.4556358,-0.19639394,-0.25168288,-0.08886205,-0.374426,0.11033071,-0.08260614,-0.3815477,-0.530393,-0.19955221,-0.45268422,-0.5798082,-0.26349053,-0.312701,-0.5271261,-0.5905528,-0.5737343,-0.07329467,-0.6068639,0.17899036,0.3163769,0.46115458,0.4311347,-0.07701071,0.35096252,0.41668552,0.20143259,0.0038057445,-0.0548983,0.07228419,-0.5552571,0.51514274,-0.3060723,0.3765865,0.4931213,0.36580583,0.65919673,0.49386495,0.5875633,-0.13429235,0.206523,0.039681382,0.1788618,0.0029599702,-0.22860834,-0.22263786,-0.033541992,-0.14457448,-0.25646162,-0.03974946,0.6116948,-0.19788523,-0.17813379
-0.23726219,-0.6831666,-0.784848,-0.21838981,-0.69072556,-0.8377841,-0.608296,-0.34977376,-0.8360083,0.08468443,-0.6021694,-0.23680946,-0.24598084,-0.35967678,-0.31560758,0.73590755,0.8064025,0.89350367,0.83036387,-0.21077676,0.596573,0.88839006,0.7002698,0.6493709,0.5740656,0.24549367,-0.56185675,-0.09018758,0.19333157,-0.6020129,-0.011299085,-0.63905144,0.50222075,0.930227,0.75446683,-0.72464466,-0.7065903,-0.81607175,-0.72914135,-0.6369271,-0.5303919,-0.56529915,-0.48333502,-0.7898984,-0.5882443,-0.67607427,-0.4016144,0.25537652,-0.6156787,-0.6808994,-0.47087905,-0.5876416,0.30252323,-0.5317746,-0.80772173,-0.8266729,-0.06799263,-0.8147577,-0.34739345,-0.5077447,-0.38022256,-0.18368359,-0.6156409,-0.33707583,0.29885548,-0.23466733,-0.23130149,0.756848,0.6778975,0.7376603,0.41646534,0.65953296,0.7933662,-0.13985386,0.50755316,0.27459556,0.38500637,-0.12416112,0.030234843,-0.8093654,0.67362195,-0.14947928,-0.2585523,0.2763343,0.19771098,-0.03148569,-0.61683273,-0.05725103,-0.4902383,-0.43874368,-0.6329926,-0.70527875,-0.7922913,-0.60253596,-0.6754918,-0.7752634,-0.6739666,0.41621673,-0.5523602,-0.6730053
-0.1768994,-0.6625955,-0.79178107,-0.28217,-0.64003503,-0.81770694,-0.29708564,-0.39978844,-0.82356024,0.058434457,-0.41212317,-0.0989417,-0.041036174,-0.15636948,-0.13413319,0.61827457,0.7217047,0.7375598,0.79908943,0.056071613,0.60311186,0.793801,0.70287895,0.6194961,0.48466736,0.25240347,-0.19729942,0.02402027,0.18429664,-0.34812897,-0.32202303,-0.6363498,0.36768577,0.75446683,0.877612,-0.66870046,-0.68631506,-0.6197479,-0.50732017,-0.34479767,-0.25235882,-0.23350748,-0.1434823,-0.58747447,-0.37462682,-0.36873183,-0.091939375,0.39728406,-0.5035994,-0.49459702,-0.5016517,-0.60484767,0.14388552,-0.49820146,-0.83888566,-0.8173444,-0.12193124,-0.83068323,-0.13177556,-0.27716982,-0.42662343,0.012473593,-0.615495,-0.23149872,0.17227696,-0.12140952,-0.18355167,0.6066588,0.35961327,0.46799845,0.348907,0.42798924,0.5558701,-0.23456721,0.41256705,0.075120404,0.15684384,-0.20806694,-0.18141806,-0.6769787,0.43111092,-0.2589405,-0.29268003,0.08570841,0.027412232,-0.13754451,-0.6887827,-0.21030346,-0.5758021,-0.3597893,-0.62159806,-0.5466044,-0.5903,-0.53415966,-0.4152313,-0.64483035,-0.4910434,0.27005336,-0.53076357,-0.5618493
