0,1,2,3,4,5,6,7,8,9,10,11,12,13,14,15,16,17,18,19,20,21,22,23,24,25,26,27,28,29,30,31,32,33,34,35,36,37,38,39,40,41,42,43,44,45,46,47,48,49,50,51,52,53,54,55,56,57,58,59,60,61,62,63,64,65,66,67,68,69,70,71,72,73,74,75,76,77,78,79,80,81,82,83,84,85,86,87,88,89,90,91,92,93,94,95,96,97,98,99
0.9468792,0.931757,0.94146705,0.9155897,0.9173912,0.9131025,0.89911795,0.90096796,0.88342977,0.8129934,0.2320917,0.37347645,-0.85085195,-0.80837953,-0.8134846,0.93045884,-0.8542284,-0.81841916,-0.8336122,-0.8614576,-0.8230022,-0.85802376,-0.7665498,-0.7403243,0.72884965,-0.5558088,-0.81091136,-0.8384135,-0.84423566,-0.775965,-0.87982047,0.8317612,-0.5841444,-0.8520333,-0.8651041,0.7094265,-0.55595386,0.9044391,0.8999926,0.856877,0.47958726,0.45541906,-0.7396392,-0.8663863,-0.67165506,-0.77341545,-0.7489283,-0.7506623,0.84224457,0.6777387,0.9432875,0.9380348,0.9426935,0.93478537,0.93968976,0.9190476,0.9163218,0.88653356,0.8534453,0.7612833,0.75049186,-0.8546964,-0.85170436,-0.8354534,-0.84704435,-0.80899143,0.90192395,-0.8783207,-0.88657284,-0.66293126,-0.84768325,-0.8730072,-0.7966249,0.8833043,0.52270883,0.74988294,-0.8586368,-0.79126436,-0.77956057,0.7747509,-0.85410964,0.5254714,-0.7589197,-0.8253555,-0.8228104,-0.81097746,-0.59131,-0.8206181,0.5493604,0.78941905,0.70974857,0.90161765,0.9004462,0.62425303,0.8002792,-0.8313018,-0.78017557,-0.7766811,0.87802553,0.71956253
0.931757,0.96047777,0.943673,0.93055993,0.9370487,0.9095988,0.9015337,0.89447385,0.8944371,0.8558767,0.33936626,0.47173542,-0.88244677,-0.8602303,-0.8659033,0.9526869,-0.8847197,-0.8092172,-0.87412244,-0.8712967,-0.87151706,-0.88766384,-0.8295686,-0.70194864,0.78129005,-0.45120388,-0.86221486,-0.88652235,-0.8479181,-0.8386259,-0.8889638,0.8240832,-0.5998512,-0.8717808,-0.89152503,0.76231223,-0.47614002,0.91267204,0.91927814,0.889252,0.56233615,0.5421326,-0.69646835,-0.8886142,-0.7013078,-0.8310579,-0.8105161,-0.81270105,0.86339676,0.7345881,0.94127154,0.9596913,0.94862276,0.94046056,0.9338172,0.9136301,0.90999526,0.88702196,0.886585,0.8125994,0.80928075,-0.85170734,-0.8944676,-0.8827584,-0.88996994,-0.8630682,0.9040264,-0.8936111,-0.89128655,-0.6079081,-0.88506854,-0.8733184,-0.85604703,0.9006904,0.6090282,0.8097576,-0.8683114,-0.8520646,-0.81354773,0.7578645,-0.8231539,0.5985476,-0.78161967,-0.8350066,-0.869928,-0.8642178,-0.52714884,-0.8685974,0.61609095,0.8340603,0.7334782,0.90212566,0.9058831,0.69637525,0.83705777,-0.84926,-0.83672947,-0.83487886,0.8899125,0.76595473
0.94146705,0.943673,0.9749124,0.9038698,0.91752887,0.9616028,0.9498796,0.9494825,0.93974847,0.8778416,0.3520017,0.4810601,-0.8993489,-0.87382305,-0.87376946,0.95911705,-0.90682757,-0.8356465,-0.88966525,-0.8886909,-0.8813164,-0.91475517,-0.83936083,-0.74743176,0.8054391,-0.4831323,-0.87976617,-0.9037117,-0.86743397,-0.8498878,-0.90110916,0.82211006,-0.6597463,-0.8943694,-0.91625154,0.78934467,-0.50946355,0.94104576,0.94613224,0.9172945,0.5592251,0.5516498,-0.74873424,-0.9218011,-0.75123274,-0.8478123,-0.8267906,-0.8265165,0.90746486,0.7596011,0.93852794,0.9547961,0.94743305,0.92465186,0.96856797,0.96396244,0.9612,0.9402119,0.92089415,0.844826,0.83234036,-0.8701738,-0.9107647,-0.8947163,-0.9019116,-0.8701042,0.9468723,-0.9172728,-0.91547227,-0.6181785,-0.8960178,-0.9146693,-0.8635638,0.9400648,0.6246569,0.83325243,-0.8837844,-0.86004186,-0.8515636,0.7597316,-0.8462025,0.6147672,-0.8272089,-0.88187957,-0.8902631,-0.88142306,-0.5522025,-0.88594633,0.6463472,0.86141074,0.7146826,0.948284,0.94505274,0.71916664,0.83695555,-0.880213,-0.85335135,-0.8484083,0.93703586,0.8000703
0.9155897,0.93055993,0.9038698,0.9261625,0.9188961,0.86119103,0.8501424,0.84619707,0.84034276,0.7938933,0.25221398,0.3835247,-0.836527,-0.8051263,-0.8144465,0.91570824,-0.83670443,-0.7880854,-0.8250911,-0.83985853,-0.82053316,-0.8359523,-0.7687174,-0.68232703,0.7178241,-0.4863,-0.80235785,-0.82871956,-0.82001704,-0.776396,-0.85632324,0.81498057,-0.5450191,-0.83002216,-0.8430904,0.69430804,-0.49072114,0.87302136,0.87282854,0.83309585,0.5040682,0.4649753,-0.6737362,-0.83440274,-0.63238764,-0.76667833,-0.7446699,-0.74838114,0.8044064,0.6675597,0.92774975,0.9252454,0.926425,0.9326273,0.89790165,0.86742264,0.8637225,0.8347142,0.8275858,0.74304676,0.73923784,-0.8287147,-0.8424402,-0.8314878,-0.8405292,-0.8105883,0.8590541,-0.8555021,-0.85924757,-0.62845653,-0.8417616,-0.8291175,-0.7990917,0.84930205,0.5248241,0.7424443,-0.8399298,-0.7932521,-0.74623835,0.7551203,-0.8130443,0.5307417,-0.72000945,-0.78079814,-0.8103106,-0.80294716,-0.53609407,-0.8091157,0.53848016,0.77414167,0.7200365,0.8553155,0.85758305,0.61997604,0.79769444,-0.79910886,-0.77403617,-0.7728629,0.8348565,0.69882226
0.9173912,0.9370487,0.91752887,0.9188961,0.93065065,0.880489,0.8749284,0.86644936,0.8648207,0.8253001,0.27796793,0.40782666,-0.8596702,-0.83145225,-0.83989036,0.9270097,-0.8628142,-0.8025831,-0.8532723,-0.86015654,-0.84833825,-0.8596445,-0.789868,-0.70029426,0.74454594,-0.48731333,-0.8221177,-0.8520032,-0.8377191,-0.7979325,-0.8722439,0.82935774,-0.5606741,-0.855494,-0.8642545,0.7267175,-0.47650203,0.8979749,0.89750993,0.86584866,0.5359609,0.49628794,-0.67911327,-0.8530352,-0.6475433,-0.7858814,-0.76402897,-0.7667266,0.8330793,0.70242786,0.9233397,0.93266916,0.9279267,0.92675436,0.9078895,0.88524485,0.88105714,0.8575436,0.856416,0.7694822,0.7658946,-0.8427414,-0.8681716,-0.85865015,-0.8677639,-0.8362233,0.8819757,-0.8803928,-0.87950623,-0.6245455,-0.8663244,-0.8441829,-0.8229346,0.87642336,0.55239016,0.7673174,-0.8592063,-0.81602263,-0.76662827,0.770392,-0.8237109,0.5688239,-0.73365116,-0.7960322,-0.8292418,-0.8222635,-0.5224127,-0.82756317,0.5740893,0.80546665,0.7293927,0.8799201,0.8837324,0.65488434,0.8273067,-0.8125111,-0.7921512,-0.7899176,0.86081314,0.73298556
0.9131025,0.9095988,0.9616028,0.86119103,0.880489,0.9745761,0.96579707,0.9665295,0.95721245,0.8924592,0.37345618,0.5041813,-0.8895899,-0.8709948,-0.8665877,0.9376845,-0.9028096,-0.8167505,-0.88459456,-0.87074673,-0.8741772,-0.91455317,-0.8388479,-0.74299383,0.81537974,-0.46351683,-0.87958336,-0.90203273,-0.84883237,-0.8509159,-0.88438296,0.7910724,-0.68388355,-0.88642323,-0.9111709,0.81175727,-0.47784558,0.93855715,0.94536054,0.92680514,0.57030654,0.5614476,-0.74506176,-0.92292166,-0.7682755,-0.8506576,-0.83076215,-0.8282254,0.9302747,0.7823323,0.9001769,0.9259101,0.9157802,0.88159263,0.9579903,0.9721042,0.9706947,0.96101123,0.9319668,0.8601397,0.84449935,-0.8464588,-0.90636057,-0.8886897,-0.89412373,-0.8628173,0.9558154,-0.90845287,-0.9020217,-0.5717844,-0.88415915,-0.9129741,-0.8590776,0.95091444,0.6496661,0.8430215,-0.8646077,-0.8566265,-0.86458385,0.7269939,-0.821376,0.6399392,-0.8375689,-0.88801515,-0.8898677,-0.8815476,-0.5139079,-0.8836818,0.68113863,0.87687874,0.6798609,0.95792675,0.9540957,0.7376613,0.8223282,-0.87606406,-0.8549701,-0.84748733,0.9558463,0.8270897
0.89911795,0.9015337,0.9498796,0.8501424,0.8749284,0.96579707,0.9725794,0.9632317,0.9618882,0.90615904,0.392397,0.5301035,-0.8945253,-0.880754,-0.87423766,0.9305635,-0.91069794,-0.8120336,-0.89210343,-0.8684522,-0.881866,-0.9213537,-0.85101056,-0.73998237,0.8249855,-0.44884843,-0.88728917,-0.90942883,-0.8475437,-0.86145175,-0.8787781,0.7813337,-0.69974697,-0.88989455,-0.91473126,0.8373474,-0.44909048,0.94156694,0.9510373,0.93827885,0.5979103,0.5800689,-0.73379576,-0.9236324,-0.7733834,-0.8590895,-0.8412894,-0.8381684,0.9467132,0.8098671,0.8864791,0.9169843,0.90277004,0.8683096,0.9430468,0.9611635,0.9628234,0.9626188,0.9426301,0.8751339,0.8621799,-0.84164584,-0.9130486,-0.89624417,-0.9001212,-0.8706522,0.9623306,-0.9108379,-0.90097636,-0.5525514,-0.8884249,-0.9124392,-0.8689736,0.95983016,0.66909623,0.85826266,-0.86251974,-0.86537325,-0.87259716,0.7195888,-0.81090856,0.6732701,-0.8382604,-0.8893541,-0.89561564,-0.8892832,-0.48475456,-0.8892617,0.7113049,0.89671564,0.674811,0.9639113,0.962636,0.76115084,0.8321527,-0.87356055,-0.863099,-0.85622376,0.9654147,0.8522468
0.90096796,0.89447385,0.9494825,0.84619707,0.86644936,0.9665295,0.9632317,0.96808034,0.9549713,0.88129663,0.35395664,0.49088448,-0.8732939,-0.85085833,-0.8450998,0.9229004,-0.8874538,-0.8040035,-0.86579823,-0.8551903,-0.85356873,-0.9004797,-0.8188222,-0.7384813,0.7980804,-0.46964538,-0.861226,-0.8837313,-0.8346189,-0.8312079,-0.8746954,0.7771766,-0.6749672,-0.8711952,-0.89567626,0.8055173,-0.47709537,0.92759514,0.93408155,0.9153394,0.5575135,0.5400333,-0.7434092,-0.91228795,-0.7621463,-0.8328687,-0.81209004,-0.8094222,0.9272084,0.7770413,0.88697803,0.91243535,0.9023853,0.8676415,0.9459085,0.963447,0.9650372,0.96342576,0.9207444,0.84801036,0.8331715,-0.8344238,-0.88789654,-0.8687898,-0.87438786,-0.8414905,0.94909847,-0.89382344,-0.88852054,-0.5642905,-0.8646657,-0.9058001,-0.8380683,0.9416404,0.6382392,0.8284807,-0.8487806,-0.8354213,-0.85828185,0.7140653,-0.8117418,0.6290243,-0.8302388,-0.8812679,-0.87302256,-0.8637322,-0.5100517,-0.86627567,0.6752955,0.86626303,0.66068465,0.9518271,0.9480461,0.723755,0.80496204,-0.86556417,-0.8374332,-0.8289659,0.9520743,0.8224139
0.88342977,0.8944371,0.93974847,0.84034276,0.8648207,0.95721245,0.9618882,0.9549713,0.96303606,0.91527104,0.4233385,0.56027436,-0.8939165,-0.8875034,-0.88056934,0.9255449,-0.9092675,-0.7964288,-0.8941876,-0.8593654,-0.88661003,-0.9211782,-0.86277676,-0.71549475,0.83393335,-0.40736175,-0.8962239,-0.9162459,-0.83584356,-0.8749249,-0.8733619,0.769667,-0.69751763,-0.88480747,-0.9126516,0.8513016,-0.4156049,0.93333066,0.9470968,0.94196975,0.62116027,0.5986213,-0.7111913,-0.92364085,-0.7785383,-0.8719485,-0.85497355,-0.8514865,0.9456587,0.8264092,0.87135303,0.90887034,0.8931624,0.8549173,0.92919445,0.9503786,0.9524294,0.96067345,0.9455248,0.88816464,0.8763324,-0.8284701,-0.9165906,-0.9007865,-0.9028164,-0.8780067,0.94993603,-0.90360516,-0.8900007,-0.52256805,-0.8888725,-0.9021301,-0.87859046,0.9557345,0.6979227,0.8699907,-0.85268223,-0.8770753,-0.8801601,0.70297205,-0.7865524,0.6927148,-0.8393785,-0.8831659,-0.9034916,-0.8990779,-0.45593804,-0.897282,0.7306615,0.90508914,0.6675365,0.9517455,0.95194685,0.7774455,0.8329062,-0.8725196,-0.8751438,-0.86817366,0.9597877,0.86297405
0.8129934,0.8558767,0.8778416,0.7938933,0.8253001,0.8924592,0.90615904,0.88129663,0.91527104,0.9259281,0.53152734,0.650106,-0.8836082,-0.9037209,-0.8940551,0.89237154,-0.89891636,-0.7451824,-0.8938386,-0.8217904,-0.89506495,-0.90786475,-0.89841354,-0.6366994,0.84416294,-0.26014587,-0.91472614,-0.9261794,-0.794822,-0.9064268,-0.82675666,0.7179574,-0.69945896,-0.86014354,-0.8964071,0.8872402,-0.2840546,0.89315647,0.92130315,0.9347789,0.7009312,0.66261816,-0.6162367,-0.90113354,-0.7749023,-0.90068156,-0.8904656,-0.88755476,0.921425,0.86911577,0.81234896,0.8625601,0.83696616,0.80283606,0.8628435,0.8826798,0.8857516,0.89687085,0.937901,0.90983045,0.91256315,-0.7788478,-0.9161845,-0.9069549,-0.90211666,-0.89330494,0.90383446,-0.87155086,-0.84472644,-0.4234861,-0.8826002,-0.8488239,-0.90414995,0.9304465,0.7684894,0.90715426,-0.81513274,-0.904596,-0.87517583,0.6575742,-0.70033824,0.76291263,-0.8194002,-0.8471823,-0.91470253,-0.91907346,-0.34673148,-0.91176677,0.7881608,0.92202806,0.65194345,0.90115494,0.9060306,0.82597035,0.8434734,-0.847054,-0.9024148,-0.8985423,0.9236491,0.8821588
0.2320917,0.33936626,0.3520017,0.25221398,0.27796793,0.37345618,0.392397,0.35395664,0.4233385,0.53152734,0.835487,0.74847233,-0.49536848,-0.58643454,-0.5580544,0.39657447,-0.4938986,-0.27451167,-0.5132166,-0.37288585,-0.53829443,-0.5192406,-0.64757293,-0.10680782,0.63874453,0.3805901,-0.6226902,-0.5917634,-0.3446232,-0.6478397,-0.29481936,0.16673303,-0.46466005,-0.4403899,-0.5031886,0.56352365,0.122832425,0.3693858,0.43565664,0.49462408,0.4670598,0.7094131,-0.1089441,-0.49357218,-0.55882657,-0.6482222,-0.6794995,-0.6667017,0.4711831,0.54403657,0.2564334,0.3406819,0.3006449,0.24462174,0.31962034,0.35500586,0.3633398,0.3872605,0.52280766,0.66067183,0.65841854,-0.27427536,-0.53834206,-0.5376047,-0.5151774,-0.56367624,0.3739312,-0.40141183,-0.3608775,0.07869224,-0.48892787,-0.3959539,-0.6054736,0.4565988,0.68627286,0.6848399,-0.35293403,-0.62306833,-0.5571344,0.11983618,-0.12920573,0.5265197,-0.51220465,-0.45902395,-0.6062714,-0.6320599,0.056031816,-0.61164564,0.56720877,0.5406297,0.17292756,0.38637432,0.39102164,0.6952346,0.4337701,-0.45864433,-0.6417027,-0.6553504,0.4418669,0.5244124
0.37347645,0.47173542,0.4810601,0.3835247,0.40782666,0.5041813,0.5301035,0.49088448,0.56027436,0.650106,0.74847233,0.827819,-0.55543315,-0.64498025,-0.6221281,0.52503717,-0.5597039,-0.3061976,-0.57672596,-0.42077658,-0.60154355,-0.58915347,-0.71674085,-0.15568243,0.6685724,0.32918146,-0.6979728,-0.670007,-0.3843786,-0.7236017,-0.43501252,0.2523879,-0.46612245,-0.49249697,-0.5694419,0.7045258,0.14004302,0.4780802,0.5461043,0.60862184,0.5888994,0.679592,-0.18327063,-0.5971534,-0.63225555,-0.7343746,-0.7469907,-0.740561,0.60140187,0.678601,0.38980937,0.47455296,0.43770474,0.38585836,0.45228088,0.4906135,0.49621695,0.52374494,0.63497907,0.7378311,0.75323737,-0.33654094,-0.6134988,-0.6097897,-0.5859605,-0.6287274,0.5036058,-0.476229,-0.42464066,0.091599576,-0.54843605,-0.48131078,-0.67673063,0.5717168,0.7848778,0.7503618,-0.40897137,-0.6962494,-0.6697928,0.18307224,-0.19047403,0.635242,-0.60815364,-0.5503907,-0.6917149,-0.71430683,0.0641616,-0.6934961,0.7038084,0.6548751,0.28765035,0.50413954,0.5170081,0.7271801,0.5013981,-0.55289644,-0.7280032,-0.731212,0.57506686,0.65982956
-0.85085195,-0.88244677,-0.8993489,-0.836527,-0.8596702,-0.8895899,-0.8945253,-0.8732939,-0.8939165,-0.8836082,-0.49536848,-0.55543315,0.9694122,0.94719046,0.9426338,-0.90626067,0.9692163,0.87972665,0.960707,0.93838876,0.95144993,0.96665454,0.88875425,0.758739,-0.8798724,0.39748263,0.91258866,0.9438925,0.92190075,0.8921281,0.8506923,-0.809235,0.74869907,0.9594451,0.96211064,-0.80984735,0.44697183,-0.9249485,-0.93179345,-0.929366,-0.61125785,-0.68623185,0.70899725,0.90592945,0.74477637,0.8639517,0.86437523,0.854607,-0.88589966,-0.7937522,-0.8458452,-0.88477457,-0.8639772,-0.84381133,-0.8814219,-0.8879149,-0.88202864,-0.8773534,-0.9319364,-0.88789,-0.8708432,0.8925442,0.96143436,0.95340455,0.9574368,0.9370791,-0.9105731,0.95536613,0.9415293,0.6168819,0.9599762,0.8977361,0.9193709,-0.9331548,-0.6670506,-0.89258707,0.9343367,0.90784943,0.83272564,-0.7606679,0.82413065,-0.69756484,0.7998574,0.8636023,0.906827,0.90395355,0.4992581,0.9048178,-0.673828,-0.90008235,-0.68079984,-0.91173035,-0.9089742,-0.8197677,-0.89883476,0.85454106,0.8684402,0.8699415,-0.90300953,-0.81589407
-0.80837953,-0.8602303,-0.87382305,-0.8051263,-0.83145225,-0.8709948,-0.880754,-0.85085833,-0.8875034,-0.9037209,-0.58643454,-0.64498025,0.94719046,0.9740689,0.9687612,-0.8946686,0.9557503,0.8087276,0.9638344,0.88925475,0.9694853,0.9520101,0.93984854,0.67593193,-0.8988286,0.26931018,0.941656,0.9637698,0.8605437,0.9413911,0.8148551,-0.7631329,0.73995304,0.92608607,0.94384,-0.84586453,0.32556325,-0.90327317,-0.9209906,-0.9347589,-0.6743839,-0.7485918,0.6273811,0.89407635,0.7430279,0.9062098,0.9141029,0.90488833,-0.88924813,-0.8319252,-0.80789024,-0.86085874,-0.83455455,-0.80716586,-0.8496345,-0.8661286,-0.85989094,-0.8626585,-0.9416163,-0.9165034,-0.9108628,0.8249973,0.97032684,0.9700221,0.96755624,0.9676362,-0.8921243,0.9208666,0.89266855,0.51085806,0.9554839,0.85292625,0.9612192,-0.9267857,-0.73994684,-0.9309118,0.8800062,0.95407677,0.83678067,-0.7063792,0.7422031,-0.7532469,0.7900171,0.8363162,0.92876,0.93803716,0.39291966,0.93014383,-0.7267493,-0.92063177,-0.6813407,-0.89094424,-0.8951806,-0.8688184,-0.898631,0.83346254,0.9078244,0.91383284,-0.89890367,-0.84311724
-0.8134846,-0.8659033,-0.87376946,-0.8144465,-0.83989036,-0.8665877,-0.87423766,-0.8450998,-0.88056934,-0.8940551,-0.5580544,-0.6221281,0.9426338,0.9687612,0.97766,-0.89622736,0.94951713,0.80755496,0.96271783,0.8871765,0.97501606,0.9408829,0.9321176,0.67177016,-0.8834039,0.28159657,0.9303013,0.95565516,0.8593208,0.93128526,0.8150152,-0.77083564,0.7196386,0.92102224,0.9339263,-0.83126235,0.33041996,-0.90183246,-0.91819036,-0.9280896,-0.6683192,-0.7352608,0.61644816,0.882686,0.72121453,0.8929956,0.90026987,0.89095074,-0.8789191,-0.8181282,-0.81406415,-0.8649168,-0.83943766,-0.81531906,-0.8500654,-0.8626275,-0.85547686,-0.8556817,-0.93163145,-0.8974158,-0.8952731,0.82788754,0.9694941,0.97361493,0.9708947,0.9758642,-0.8884646,0.91993386,0.8903756,0.5211146,0.96008396,0.84325105,0.96003056,-0.91983664,-0.71585214,-0.91532445,0.88190174,0.94964063,0.820489,-0.7135977,0.7469056,-0.7398424,0.7720022,0.82218206,0.91723156,0.92827725,0.39637762,0.9185584,-0.70720136,-0.9101702,-0.69227093,-0.88459647,-0.89098674,-0.85033715,-0.9011643,0.82208884,0.8951742,0.9023837,-0.8907153,-0.8282839
0.93045884,0.9526869,0.95911705,0.91570824,0.9270097,0.9376845,0.9305635,0.9229004,0.9255449,0.89237154,0.39657447,0.52503717,-0.90626067,-0.8946686,-0.89622736,0.9660032,-0.9113656,-0.820431,-0.9021187,-0.88560843,-0.9003054,-0.9182018,-0.87134683,-0.7167997,0.82522345,-0.42975003,-0.9037586,-0.92417157,-0.8610015,-0.88078535,-0.8984182,0.8234197,-0.6498726,-0.8945769,-0.9203963,0.80355835,-0.46765622,0.9349724,0.94613576,0.9243908,0.59439355,0.58938754,-0.70985734,-0.9222584,-0.74604857,-0.876514,-0.85647714,-0.85814506,0.8993758,0.7733661,0.93397737,0.9565723,0.9459789,0.92720854,0.9478313,0.93836296,0.9350817,0.91778994,0.9228443,0.85919064,0.8527269,-0.8570804,-0.9243274,-0.9124621,-0.9171366,-0.8938209,0.92992544,-0.9136908,-0.9068395,-0.59111726,-0.9082953,-0.8976508,-0.8924562,0.9343518,0.65672684,0.854813,-0.88093054,-0.88974106,-0.8547567,0.7570533,-0.82339203,0.6406824,-0.82144916,-0.8662871,-0.91129786,-0.90615684,-0.5187171,-0.90877795,0.6619713,0.8717581,0.720809,0.9303207,0.9330218,0.7456116,0.859667,-0.8811243,-0.8817234,-0.87898374,0.9231912,0.80399984
-0.8542284,-0.8847197,-0.90682757,-0.83670443,-0.8628142,-0.9028096,-0.91069794,-0.8874538,-0.9092675,-0.89891636,-0.4938986,-0.5597039,0.9692163,0.9557503,0.94951713,-0.9113656,0.9803587,0.8755924,0.97008383,0.9360079,0.9587523,0.97380066,0.89599574,0.7599537,-0.88482827,0.39881676,0.9164194,0.9496263,0.9158614,0.8992672,0.85559785,-0.80996025,0.7542244,0.96605194,0.9652206,-0.8285519,0.42586496,-0.9369981,-0.94248146,-0.943183,-0.62913144,-0.68974245,0.70873487,0.90779084,0.7410998,0.8685036,0.8709321,0.85942554,-0.90424716,-0.8151665,-0.8460281,-0.88813746,-0.8668196,-0.8436593,-0.8879803,-0.8996644,-0.8940345,-0.8926495,-0.945047,-0.89611185,-0.880397,0.8886868,0.96987045,0.96256375,0.9656168,0.9448793,-0.92708725,0.9621899,0.94436824,0.6034116,0.9644828,0.8985375,0.92673373,-0.94787645,-0.6804717,-0.89987665,0.93103856,0.9161929,0.8371769,-0.758964,0.82030845,-0.72151065,0.7986982,0.86657107,0.90888524,0.9093517,0.47616684,0.9092097,-0.694899,-0.91769195,-0.68538606,-0.9263308,-0.92555904,-0.82990265,-0.9058457,0.8517443,0.87278974,0.8747496,-0.9205408,-0.8372694
-0.81841916,-0.8092172,-0.8356465,-0.7880854,-0.8025831,-0.8167505,-0.8120336,-0.8040035,-0.7964288,-0.7451824,-0.27451167,-0.3061976,0.87972665,0.8087276,0.80755496,-0.820431,0.8755924,0.9101431,0.8507589,0.9194092,0.8242516,0.86775565,0.7275353,0.81363344,-0.7504815,0.58112377,0.76943064,0.8091737,0.91174626,0.73274386,0.7965226,-0.8180306,0.66369176,0.90254015,0.8754376,-0.63688993,0.60625136,-0.86497223,-0.8428205,-0.8142243,-0.40168262,-0.49133316,0.7599678,0.80939245,0.61718804,0.7090387,0.7012898,0.6933133,-0.7679566,-0.6169009,-0.8025654,-0.8124985,-0.80473727,-0.79977435,-0.82679236,-0.82128966,-0.81220895,-0.7929574,-0.8122215,-0.7309303,-0.6975339,0.8858441,0.8409914,0.826746,0.84138054,0.7991646,-0.83793366,0.9050722,0.91628826,0.75249666,0.8666916,0.8455913,0.7678455,-0.8377454,-0.44175082,-0.7278135,0.91421664,0.75491995,0.69669724,-0.79754984,0.8666171,-0.49924842,0.6916152,0.7816311,0.76829714,0.75446105,0.63021815,0.7689416,-0.46613753,-0.7563648,-0.6076114,-0.8419186,-0.828786,-0.63743484,-0.8090594,0.7691854,0.7150878,0.715129,-0.80309355,-0.65261286
-0.8336122,-0.87412244,-0.88966525,-0.8250911,-0.8532723,-0.88459456,-0.89210343,-0.86579823,-0.8941876,-0.8938386,-0.5132166,-0.57672596,0.960707,0.9638344,0.96271783,-0.9021187,0.97008383,0.8507589,0.9758916,0.92122906,0.9711255,0.9603549,0.9058634,0.72914886,-0.87996304,0.35868597,0.9172437,0.9503647,0.898992,0.9076319,0.83654404,-0.79815626,0.7404306,0.9504949,0.9517888,-0.82661545,0.38493383,-0.92500114,-0.9347272,-0.93923485,-0.6498351,-0.70042205,0.66764,0.89424145,0.7247635,0.87126577,0.87538636,0.8653745,-0.8908091,-0.8160054,-0.8293616,-0.8751392,-0.8506285,-0.82775784,-0.86842954,-0.880315,-0.8735212,-0.8734951,-0.9389788,-0.89292455,-0.8819721,0.8674364,0.97356,0.9722151,0.97371256,0.95851135,-0.9103322,0.94880015,0.9268134,0.5772598,0.96855253,0.8749343,0.93843734,-0.93726283,-0.6850282,-0.901199,0.91514885,0.925848,0.8227663,-0.7487936,0.79402816,-0.73322594,0.7786931,0.84353685,0.9069611,0.91063017,0.44235593,0.9075301,-0.69314873,-0.91744125,-0.689054,-0.90808046,-0.9103166,-0.83571583,-0.91317374,0.8357496,0.8748514,0.8788914,-0.90517044,-0.83057404
-0.8614576,-0.8712967,-0.8886909,-0.83985853,-0.86015654,-0.87074673,-0.8684522,-0.8551903,-0.8593654,-0.8217904,-0.37288585,-0.42077658,0.93838876,0.88925475,0.8871765,-0.88560843,0.9360079,0.9194092,0.92122906,0.9574361,0.90006745,0.92858464,0.817504,0.80631363,-0.82146853,0.51961625,0.85178125,0.88747513,0.94429743,0.8207463,0.8481269,-0.8424946,0.710024,0.94820046,0.93183964,-0.7255963,0.5529226,-0.91452444,-0.90622807,-0.88494694,-0.51233923,-0.5927222,0.7537497,0.87052405,0.68372214,0.79606986,0.79099953,0.78208154,-0.8373745,-0.7098181,-0.85246074,-0.87282705,-0.8587105,-0.85082155,-0.8772696,-0.8730476,-0.8642265,-0.8498969,-0.88280374,-0.8138877,-0.78835374,0.9177575,0.9147593,0.90406036,0.91363144,0.8805267,-0.8920226,0.95255065,0.9528201,0.7244021,0.931774,0.88898885,0.8541535,-0.8997506,-0.54497707,-0.8148896,0.9514495,0.84198487,0.7737832,-0.8092803,0.87390035,-0.60132456,0.75473595,0.835668,0.84896094,0.84114933,0.591393,0.8489222,-0.56666684,-0.83741486,-0.6670325,-0.8925482,-0.8848252,-0.72811556,-0.87511647,0.82745594,0.80238986,0.8033778,-0.86601365,-0.7389755
-0.8230022,-0.87151706,-0.8813164,-0.82053316,-0.84833825,-0.8741772,-0.881866,-0.85356873,-0.88661003,-0.89506495,-0.53829443,-0.60154355,0.95144993,0.9694853,0.97501606,-0.9003054,0.9587523,0.8242516,0.9711255,0.90006745,0.98017716,0.9482641,0.9227697,0.6908914,-0.8827859,0.31206903,0.92461455,0.95452607,0.8741586,0.92200136,0.82659936,-0.7829648,0.72599185,0.9332349,0.9409177,-0.8299062,0.34948528,-0.912012,-0.92599475,-0.9334439,-0.664691,-0.72557324,0.6346152,0.88571423,0.7179295,0.88373935,0.89004177,0.87996197,-0.88399863,-0.8179965,-0.8214576,-0.87082154,-0.84559643,-0.8223044,-0.85824937,-0.8702432,-0.86302465,-0.8628489,-0.9347024,-0.89411753,-0.8896061,0.84531784,0.97529656,0.97893596,0.97825384,0.9723337,-0.8986637,0.93362176,0.90506434,0.5431714,0.96756893,0.8532623,0.95407,-0.92759794,-0.70266557,-0.9100578,0.89756227,0.94198954,0.8199971,-0.72704583,0.76417375,-0.73925614,0.7722622,0.82863367,0.9124242,0.9218616,0.4117844,0.913957,-0.7016721,-0.9142809,-0.6934623,-0.8938613,-0.8997773,-0.8440763,-0.90914357,0.8261763,0.88703763,0.8929726,-0.89706814,-0.8293151
-0.85802376,-0.88766384,-0.91475517,-0.8359523,-0.8596445,-0.91455317,-0.9213537,-0.9004797,-0.9211782,-0.90786475,-0.5192406,-0.58915347,0.96665454,0.9520101,0.9408829,-0.9182018,0.97380066,0.86775565,0.9603549,0.92858464,0.9482641,0.98067975,0.90578914,0.7582679,-0.8947525,0.38391656,0.9334732,0.958847,0.90824795,0.90980035,0.86089814,-0.7981187,0.7680216,0.9582211,0.97185683,-0.8424466,0.43673027,-0.9355513,-0.9464085,-0.9472022,-0.6273646,-0.6975976,0.7231737,0.9286751,0.7839563,0.8897562,0.8897642,0.8801966,-0.9162258,-0.82446635,-0.8517486,-0.89352727,-0.8723497,-0.84630454,-0.89752114,-0.9110764,-0.90736103,-0.9060304,-0.95429087,-0.9168576,-0.89847684,0.8817327,0.9661176,0.95446813,0.9563794,0.9368953,-0.9307991,0.9539498,0.9368936,0.5885272,0.95387423,0.9146433,0.92842686,-0.9532752,-0.7061664,-0.9158679,0.9204016,0.9211181,0.86754763,-0.7462186,0.8136853,-0.7200517,0.83689606,0.89403534,0.92924297,0.926488,0.4904314,0.92791116,-0.714073,-0.92099833,-0.67595005,-0.9338411,-0.9298479,-0.8402283,-0.89208746,0.8760619,0.89393747,0.8949481,-0.9315126,-0.84945923
-0.7665498,-0.8295686,-0.83936083,-0.7687174,-0.789868,-0.8388479,-0.85101056,-0.8188222,-0.86277676,-0.89841354,-0.64757293,-0.71674085,0.88875425,0.93984854,0.9321176,-0.87134683,0.89599574,0.7275353,0.9058634,0.817504,0.9227697,0.90578914,0.96827036,0.5890627,-0.8879703,0.15877497,0.95558035,0.9532857,0.78334534,0.97000283,0.7696043,-0.70258355,0.70813227,0.8561763,0.90071476,-0.8502444,0.2606721,-0.85685533,-0.8861445,-0.90925896,-0.68694746,-0.7644238,0.56567043,0.87871087,0.76212,0.94503,0.9543421,0.95153534,-0.86906654,-0.82989943,-0.7714176,-0.82961875,-0.8030324,-0.7688962,-0.81285447,-0.8331594,-0.8300218,-0.8341254,-0.9232906,-0.9221273,-0.9260614,0.7453034,0.9283481,0.926673,0.9177722,0.9362191,-0.8490976,0.852437,0.821831,0.4123417,0.8967187,0.81014955,0.9613838,-0.8920952,-0.7905823,-0.9405918,0.80384815,0.9660373,0.8430084,-0.63943064,0.66040975,-0.74667305,0.79849577,0.812719,0.94168055,0.9565915,0.33591688,0.942423,-0.74946463,-0.8981502,-0.6569546,-0.8515625,-0.85654724,-0.8758642,-0.85003686,0.8218517,0.9429804,0.9501921,-0.8717991,-0.83678937
-0.7403243,-0.70194864,-0.74743176,-0.68232703,-0.70029426,-0.74299383,-0.73998237,-0.7384813,-0.71549475,-0.6366994,-0.10680782,-0.15568243,0.758739,0.67593193,0.67177016,-0.7167997,0.7599537,0.81363344,0.72914886,0.80631363,0.6908914,0.7582679,0.5890627,0.8093596,-0.6233275,0.6455741,0.6388092,0.68016416,0.8009271,0.5966301,0.70698225,-0.7332486,0.57972145,0.79296625,0.76566315,-0.52868664,0.5972712,-0.77468085,-0.74158216,-0.7083111,-0.27642453,-0.3312828,0.7446332,0.7094091,0.5233821,0.5759489,0.5640851,0.55676615,-0.6857212,-0.51309085,-0.7129905,-0.71087027,-0.7110865,-0.70498455,-0.7472965,-0.7469535,-0.7417843,-0.722486,-0.70760596,-0.61133754,-0.5745001,0.7907877,0.71521705,0.69623494,0.71438146,0.66258895,-0.7626866,0.7977058,0.8155562,0.70310926,0.73769534,0.76237416,0.6304093,-0.74574906,-0.3123249,-0.5985842,0.8013135,0.6168413,0.598267,-0.7171581,0.7997731,-0.3825506,0.6014003,0.69663084,0.6417098,0.6241951,0.5982965,0.63886684,-0.36311,-0.6502187,-0.48968586,-0.77055526,-0.750039,-0.50149816,-0.679165,0.6761972,0.5849167,0.5816139,-0.72309184,-0.5629228
0.72884965,0.78129005,0.8054391,0.7178241,0.74454594,0.81537974,0.8249855,0.7980804,0.83393335,0.84416294,0.63874453,0.6685724,-0.8798724,-0.8988286,-0.8834039,0.82522345,-0.88482827,-0.7504815,-0.87996304,-0.82146853,-0.8827859,-0.8947525,-0.8879703,-0.6233275,0.8894045,-0.177524,-0.90161026,-0.9070311,-0.79914343,-0.8914452,-0.7401249,0.67047226,-0.7342821,-0.85844684,-0.8906164,0.8034596,-0.31551886,0.82975364,0.85289377,0.86993426,0.606613,0.7405157,-0.5955925,-0.8577248,-0.767295,-0.8787024,-0.8876239,-0.87716794,0.8382852,0.78332627,0.7374434,0.787134,0.75811565,0.7252532,0.7888038,0.80901587,0.80982405,0.81255156,0.8889559,0.90115225,0.884351,-0.75864625,-0.8949326,-0.88682735,-0.8809286,-0.8826891,0.82627505,-0.8462262,-0.8236007,-0.43396717,-0.87166405,-0.8156968,-0.8901619,0.8664676,0.7349824,0.9098121,-0.8077731,-0.8915347,-0.82154655,0.62496656,-0.66575074,0.6900798,-0.79332113,-0.81840956,-0.8922401,-0.8986874,-0.3792292,-0.89346296,0.7007615,0.8579169,0.5726614,0.83156323,0.8271385,0.84828866,0.8128245,-0.80867827,-0.87907857,-0.8837773,0.84388316,0.79323924
-0.5558088,-0.45120388,-0.4831323,-0.4863,-0.48731333,-0.46351683,-0.44884843,-0.46964538,-0.40736175,-0.26014587,0.3805901,0.32918146,0.39748263,0.26931018,0.28159657,-0.42975003,0.39881676,0.58112377,0.35868597,0.51961625,0.31206903,0.38391656,0.15877497,0.6455741,-0.177524,0.8692276,0.22444677,0.27760038,0.5283054,0.16715068,0.48862025,-0.58717114,0.24302927,0.4616735,0.40601534,-0.13857603,0.6176684,-0.50471014,-0.42358544,-0.36101958,0.070026994,0.15234873,0.6128795,0.36756933,0.15122163,0.15559036,0.12299124,0.12380514,-0.350362,-0.13637726,-0.51677626,-0.4588088,-0.4844651,-0.51229274,-0.50559837,-0.4810217,-0.47137022,-0.43468374,-0.34464094,-0.16884571,-0.1346367,0.5656502,0.33655453,0.31971022,0.34900308,0.26997653,-0.48263532,0.49302727,0.53715193,0.67396855,0.38404447,0.46659714,0.21784398,-0.4193388,0.1457482,-0.14773175,0.52169997,0.19715178,0.22416991,-0.5916347,0.6688659,-0.002196841,0.25717837,0.36831418,0.2407308,0.20906396,0.5661818,0.23393106,0.025062062,-0.26984364,-0.32883966,-0.48154408,-0.45858112,-0.019500084,-0.36053407,0.351182,0.16654971,0.14990655,-0.4047495,-0.19703898
-0.81091136,-0.86221486,-0.87976617,-0.80235785,-0.8221177,-0.87958336,-0.88728917,-0.861226,-0.8962239,-0.91472614,-0.6226902,-0.6979728,0.91258866,0.941656,0.9303013,-0.9037586,0.9164194,0.76943064,0.9172437,0.85178125,0.92461455,0.9334732,0.95558035,0.6388092,-0.90161026,0.22444677,0.978274,0.9739909,0.81945246,0.964329,0.81717145,-0.74004066,0.73657894,0.8837651,0.9332892,-0.85839003,0.33883673,-0.8898357,-0.916831,-0.9309746,-0.6670161,-0.7466048,0.6322563,0.9233849,0.8061825,0.9612494,0.9572379,0.95660526,-0.8949007,-0.83076066,-0.81312245,-0.86511904,-0.8413639,-0.80737114,-0.8568819,-0.87444985,-0.8730111,-0.87239456,-0.94605315,-0.93950033,-0.9359531,0.7867031,0.94270515,0.933116,0.9273699,0.93216765,-0.88230777,0.88231766,0.8586135,0.4680367,0.9103519,0.8588116,0.9532616,-0.92223406,-0.7890048,-0.9498683,0.83783937,0.9597878,0.8830485,-0.6774913,0.70978135,-0.73099965,0.85074294,0.8611555,0.97390366,0.97647333,0.411443,0.9730067,-0.74800205,-0.90948844,-0.6613998,-0.8883608,-0.8887509,-0.8665842,-0.86162317,0.87422216,0.96263796,0.9652151,-0.9031205,-0.84572303
-0.8384135,-0.88652235,-0.9037117,-0.82871956,-0.8520032,-0.90203273,-0.90942883,-0.8837313,-0.9162459,-0.9261794,-0.5917634,-0.670007,0.9438925,0.9637698,0.95565516,-0.92417157,0.9496263,0.8091737,0.9503647,0.88747513,0.95452607,0.958847,0.9532857,0.68016416,-0.9070311,0.27760038,0.9739909,0.9857628,0.8582518,0.9587413,0.8399098,-0.77146554,0.7513828,0.9193561,0.95692337,-0.8648879,0.3623118,-0.91912675,-0.94122565,-0.95080566,-0.67391634,-0.7396916,0.6580785,0.93306625,0.79882723,0.946352,0.9444897,0.9396683,-0.912977,-0.8421672,-0.83953404,-0.88928235,-0.8656728,-0.83454293,-0.8819879,-0.89751214,-0.8945487,-0.8937489,-0.9616381,-0.9398607,-0.9346709,0.82863545,0.96923774,0.9618937,0.9579408,0.9556023,-0.91129524,0.9189621,0.8950305,0.5111594,0.94389963,0.8816782,0.96364987,-0.9454503,-0.7691797,-0.9489397,0.87654704,0.9636551,0.882032,-0.7113131,0.75146437,-0.7434497,0.8467004,0.8757943,0.97085655,0.9726217,0.43195724,0.9706599,-0.74635637,-0.92799044,-0.687105,-0.9139967,-0.91473067,-0.8684931,-0.89042604,0.8802019,0.9486035,0.95229757,-0.92352873,-0.8584186
-0.84423566,-0.8479181,-0.86743397,-0.82001704,-0.8377191,-0.84883237,-0.8475437,-0.8346189,-0.83584356,-0.794822,-0.3446232,-0.3843786,0.92190075,0.8605437,0.8593208,-0.8610015,0.9158614,0.91174626,0.898992,0.94429743,0.8741586,0.90824795,0.78334534,0.8009271,-0.79914343,0.5283054,0.81945246,0.8582518,0.9415476,0.7870853,0.8304763,-0.8254231,0.6917753,0.9342853,0.9125773,-0.69710946,0.55566967,-0.8936384,-0.881505,-0.8599353,-0.47991574,-0.5644351,0.7483307,0.84825337,0.6588423,0.76163137,0.7557975,0.7472788,-0.8138989,-0.68281424,-0.8312185,-0.85004056,-0.8384565,-0.8315129,-0.85630476,-0.8517581,-0.8425939,-0.82799757,-0.8575045,-0.7855581,-0.7592375,0.9095372,0.88901937,0.87636197,0.88933146,0.85167,-0.8709526,0.9368537,0.9400768,0.7267892,0.9101266,0.8725389,0.82261944,-0.87585324,-0.5235114,-0.7865966,0.94435513,0.808635,0.74963737,-0.7933632,0.8678605,-0.573519,0.73364425,0.8187957,0.8176483,0.80708194,0.5954592,0.81661785,-0.5406511,-0.8117126,-0.64319927,-0.87172306,-0.86348015,-0.7014657,-0.8513609,0.8054819,0.7688166,0.7665652,-0.84416723,-0.7153144
-0.775965,-0.8386259,-0.8498878,-0.776396,-0.7979325,-0.8509159,-0.86145175,-0.8312079,-0.8749249,-0.9064268,-0.6478397,-0.7236017,0.8921281,0.9413911,0.93128526,-0.88078535,0.8992672,0.73274386,0.9076319,0.8207463,0.92200136,0.90980035,0.97000283,0.5966301,-0.8914452,0.16715068,0.964329,0.9587413,0.7870853,0.97598195,0.7782426,-0.70498544,0.7197999,0.85898685,0.9082842,-0.85973656,0.2731406,-0.86418664,-0.89574146,-0.9167608,-0.68952054,-0.76357174,0.57781035,0.89083475,0.7799772,0.9559548,0.9616561,0.9601257,-0.87943983,-0.83699536,-0.7821504,-0.83926404,-0.81199855,-0.77780807,-0.8247404,-0.8450514,-0.8422396,-0.8466284,-0.9314426,-0.93010116,-0.93448246,0.75097895,0.9300443,0.92788076,0.91832685,0.9347811,-0.8582492,0.85635823,0.82637787,0.41646725,0.8972099,0.8192506,0.9621419,-0.9009962,-0.7991349,-0.9472239,0.80727005,0.9681355,0.85675,-0.64415056,0.66677856,-0.74902654,0.81619275,0.826967,0.9522347,0.96531343,0.3486312,0.9523697,-0.7588842,-0.904106,-0.65788543,-0.86130154,-0.86530435,-0.8777643,-0.85282445,0.8366045,0.95411026,0.9603495,-0.88268363,-0.84514475
-0.87982047,-0.8889638,-0.90110916,-0.85632324,-0.8722439,-0.88438296,-0.8787781,-0.8746954,-0.8733619,-0.82675666,-0.29481936,-0.43501252,0.8506923,0.8148551,0.8150152,-0.8984182,0.85559785,0.7965226,0.83654404,0.8481269,0.82659936,0.86089814,0.7696043,0.70698225,-0.7401249,0.48862025,0.81717145,0.8399098,0.8304763,0.7782426,0.8738499,-0.78120005,0.608031,0.8459623,0.8653346,-0.7377981,0.49845266,-0.886197,-0.89250576,-0.86353207,-0.5160123,-0.48461685,0.7035854,0.8788331,0.708479,0.7789531,0.75709283,0.7566707,-0.84294546,-0.70932263,-0.87949765,-0.8943143,-0.88612163,-0.8720031,-0.89304566,-0.8853277,-0.88474256,-0.8692244,-0.8613615,-0.78316575,-0.77672625,0.8274507,0.85268056,0.8366208,0.84594953,0.8095033,-0.8790972,0.8662814,0.8662671,0.59239876,0.8453344,0.8615403,0.798429,-0.87773144,-0.56806946,-0.77004933,0.84277594,0.7908692,0.80805606,-0.72787106,0.79904556,-0.5688242,0.78738195,0.83436763,0.82664454,0.8112594,0.54404736,0.8217248,-0.5927142,-0.8094388,-0.6497138,-0.8828948,-0.87930256,-0.66837084,-0.7945082,0.845629,0.78459764,0.7803006,-0.86655116,-0.7449366
0.8317612,0.8240832,0.82211006,0.81498057,0.82935774,0.7910724,0.7813337,0.7771766,0.769667,0.7179574,0.16673303,0.2523879,-0.809235,-0.7631329,-0.77083564,0.8234197,-0.80996025,-0.8180306,-0.79815626,-0.8424946,-0.7829648,-0.7981187,-0.70258355,-0.7332486,0.67047226,-0.58717114,-0.74004066,-0.77146554,-0.8254231,-0.70498544,-0.78120005,0.8671392,-0.54921603,-0.8218426,-0.81198645,0.6084609,-0.53287613,0.84566385,0.823858,0.7874638,0.41788536,0.40217194,-0.6897079,-0.7707095,-0.5452616,-0.68733954,-0.66990656,-0.6716407,0.73564124,0.5911513,0.8232223,0.81975627,0.818102,0.82404983,0.8169302,0.79557216,0.7885748,0.7641934,0.77509105,0.67431784,0.6594889,-0.82071817,-0.79588115,-0.7876289,-0.80061066,-0.76354814,0.80939317,-0.84161055,-0.84869844,-0.7032007,-0.81548655,-0.77516687,-0.74040806,0.80411357,0.4030894,0.6776074,-0.839535,-0.7284368,-0.6484444,0.84529907,-0.81875837,0.47713405,-0.6341667,-0.7127232,-0.74007773,-0.7293879,-0.5653006,-0.7400017,0.4367454,0.72482634,0.6507114,0.80704415,0.80224586,0.5651096,0.79519045,-0.7353741,-0.69501257,-0.6972264,0.77057433,0.6209022
-0.5841444,-0.5998512,-0.6597463,-0.5450191,-0.5606741,-0.68388355,-0.69974697,-0.6749672,-0.69751763,-0.69945896,-0.46466005,-0.46612245,0.74869907,0.73995304,0.7196386,-0.6498726,0.7542244,0.66369176,0.7404306,0.710024,0.72599185,0.7680216,0.70813227,0.57972145,-0.7342821,0.24302927,0.73657894,0.7513828,0.6917753,0.7197999,0.608031,-0.54921603,0.6750898,0.74324816,0.76020783,-0.6473655,0.31050268,-0.694533,-0.7141058,-0.7333403,-0.41286713,-0.5519845,0.5652648,0.73085856,0.6412104,0.7067095,0.7090898,0.6975304,-0.70508164,-0.6340245,-0.5597545,-0.6106283,-0.5882484,-0.5482385,-0.6370415,-0.6764363,-0.6751592,-0.6844865,-0.74936926,-0.752429,-0.71489435,0.64227974,0.7439498,0.727643,0.7298288,0.71577656,-0.69882274,0.7265613,0.7068596,0.38397604,0.7244817,0.7022944,0.7164007,-0.73499024,-0.5618951,-0.7458072,0.69546944,0.7159674,0.68794054,-0.5108205,0.568723,-0.54869246,0.66932225,0.69936633,0.72870255,0.72616565,0.34471023,0.72660714,-0.5463147,-0.72234625,-0.4008125,-0.7123549,-0.69976646,-0.6940932,-0.65520597,0.67866737,0.7054366,0.70465237,-0.7135742,-0.6574358
-0.8520333,-0.8717808,-0.8943694,-0.83002216,-0.855494,-0.88642323,-0.88989455,-0.8711952,-0.88480747,-0.86014354,-0.4403899,-0.49249697,0.9594451,0.92608607,0.92102224,-0.8945769,0.96605194,0.90254015,0.9504949,0.94820046,0.9332349,0.9582211,0.8561763,0.79296625,-0.85844684,0.4616735,0.8837651,0.9193561,0.9342853,0.85898685,0.8459623,-0.8218426,0.74324816,0.9686819,0.95358795,-0.7800646,0.48497,-0.92645574,-0.92508537,-0.91561854,-0.5747444,-0.64524204,0.7340188,0.88915145,0.71499145,0.8289123,0.8289267,0.81880355,-0.873632,-0.76700294,-0.8434044,-0.8748963,-0.8563539,-0.8398071,-0.87944794,-0.8853102,-0.8784437,-0.87192583,-0.9165924,-0.8592921,-0.8364848,0.9059422,0.946002,0.9357563,0.9426162,0.9143753,-0.91142935,0.96262777,0.9535736,0.66349816,0.95225847,0.8967314,0.89053845,-0.9264013,-0.6134532,-0.86064297,0.94403136,0.8783397,0.8033803,-0.78236604,0.84878194,-0.66828173,0.77552456,0.8538959,0.87704074,0.87219036,0.52885073,0.87674993,-0.63361645,-0.8817209,-0.67511266,-0.9121971,-0.9065809,-0.7875155,-0.89136684,0.8377348,0.8340191,0.8368107,-0.89548445,-0.7927349
-0.8651041,-0.89152503,-0.91625154,-0.8430904,-0.8642545,-0.9111709,-0.91473126,-0.89567626,-0.9126516,-0.8964071,-0.5031886,-0.5694419,0.96211064,0.94384,0.9339263,-0.9203963,0.9652206,0.8754376,0.9517888,0.93183964,0.9409177,0.97185683,0.90071476,0.76566315,-0.8906164,0.40601534,0.9332892,0.95692337,0.9125773,0.9082842,0.8653346,-0.81198645,0.76020783,0.95358795,0.9725133,-0.8225493,0.4681337,-0.93396664,-0.9428618,-0.93955094,-0.60615546,-0.6816293,0.73670757,0.93055815,0.78234434,0.8906116,0.8870408,0.8793138,-0.90320516,-0.8023026,-0.85926795,-0.8968087,-0.8784272,-0.85345113,-0.8997725,-0.9087235,-0.9050669,-0.8988639,-0.946502,-0.90827966,-0.8887023,0.88534737,0.9598061,0.9463,0.9493473,0.93028426,-0.92373383,0.9503829,0.9374437,0.6138314,0.94973034,0.91488683,0.9224683,-0.94621015,-0.69182736,-0.9087223,0.92348826,0.91736186,0.8647469,-0.76156914,0.82272565,-0.6951759,0.83602285,0.88918203,0.9312948,0.92682636,0.5250734,0.9302362,-0.68674123,-0.90748763,-0.678569,-0.9284955,-0.92292035,-0.82650036,-0.88984525,0.8826058,0.8950243,0.8966379,-0.9217292,-0.8279053
0.7094265,0.76231223,0.78934467,0.69430804,0.7267175,0.81175727,0.8373474,0.8055173,0.8513016,0.8872402,0.56352365,0.7045258,-0.80984735,-0.84586453,-0.83126235,0.80355835,-0.8285519,-0.63688993,-0.82661545,-0.7255963,-0.8299062,-0.8424466,-0.8502444,-0.52868664,0.8034596,-0.13857603,-0.85839003,-0.8648879,-0.69710946,-0.85973656,-0.7377981,0.6084609,-0.6473655,-0.7800646,-0.8225493,0.9029162,-0.14356151,0.8078433,0.84386957,0.87679696,0.7229183,0.66370857,-0.51216304,-0.8320122,-0.7395853,-0.85253644,-0.8484675,-0.8414309,0.87952316,0.88575745,0.70822453,0.77062154,0.74227846,0.6966876,0.7668664,0.79918325,0.80466485,0.8285134,0.88214827,0.8811033,0.8877641,-0.66921407,-0.85016596,-0.8416709,-0.8322159,-0.8322999,0.82609206,-0.7837523,-0.7492646,-0.27422473,-0.8061676,-0.76951194,-0.84814095,0.8593794,0.79247475,0.86934435,-0.71740115,-0.85177195,-0.8403666,0.5370889,-0.5779279,0.7899867,-0.7659034,-0.7800935,-0.8549334,-0.8635707,-0.19542229,-0.8507501,0.8357758,0.8906381,0.5675915,0.8258917,0.83448184,0.82277054,0.7699927,-0.7712944,-0.85070825,-0.8464323,0.86011755,0.8873502
