0,1,2,3,4,5,6,7,8,9,10,11,12,13,14,15,16,17,18,19,20,21,22,23,24,25,26,27,28,29,30,31,32,33,34,35,36,37,38,39,40,41,42,43,44,45,46,47,48,49,50,51,52,53,54,55,56,57,58,59,60,61,62,63,64,65,66,67,68,69,70,71,72,73,74,75,76,77,78,79,80,81,82,83,84,85,86,87,88,89,90,91,92,93,94,95,96,97,98,99
0.9161033,0.5699909,0.6636807,0.43699878,0.56597376,0.73509014,0.2810312,0.50917,0.5870333,-0.25503737,-0.43646646,-0.4238879,-0.5223936,-0.6046073,-0.44772363,0.6379845,-0.57602465,0.5142144,0.110459514,0.47925258,0.17745039,0.12888782,0.108955145,-0.09023755,0.18323272,-0.16769746,-0.07008604,-0.54055715,0.14001402,-0.25324023,0.5889203,0.48514378,0.37686914,0.40211642,-0.56334597,0.6060556,0.30486715,-0.015134312,-0.49667808,-0.21937133,0.42864007,0.40653014,-0.33657312,-0.018669356,0.4199293,-0.2526026,0.14766839,0.33095098,0.62006015,0.33610827,0.7516619,0.640561,0.6301081,0.5199868,0.71991205,0.62876225,0.5448923,0.56903684,-0.14428192,-0.5319414,-0.57887816,-0.54720014,-0.6847416,-0.72862077,-0.7377634,-0.5974554,0.47073704,-0.7214396,0.06460654,0.51520854,0.041076947,0.2575135,0.2594298,-0.44350433,-0.76127493,-0.12594467,-0.121655956,-0.18383941,0.70977145,0.16449949,0.40975043,0.71482277,0.7997224,0.2072687,0.16331564,0.45305374,0.45455337,-0.16763452,0.67610157,0.52941406,0.71828955,-0.08944434,-0.27388442,0.44356465,-0.057303637,0.34508565,0.03498142,0.4464216,0.6875371,0.5730088
0.5699909,0.89617056,0.5458971,0.7647717,0.7275927,0.7036874,0.5440624,0.7663473,0.7623635,-0.21825495,-0.41070294,-0.38405707,-0.4632492,-0.07900415,0.12760912,0.7764522,-0.24495876,0.72657377,0.43647787,0.68612504,0.5981475,0.15687606,0.41257522,0.27381912,-0.05193618,-0.26672828,0.26930422,-0.5193125,0.47812855,0.27027696,0.49871013,0.25321466,0.30870607,0.56308025,-0.43063545,0.66989654,0.45047534,-0.42259645,-0.37061304,-0.045993317,0.3268439,0.20109773,-0.427454,-0.19337472,0.5757487,-0.029907443,0.19887625,0.31300294,0.24844503,0.13487253,0.5314036,0.77422094,0.8308604,0.8284756,0.7870518,0.48153389,0.772604,0.8083824,-0.21257085,-0.58926785,-0.6237713,-0.51031476,-0.17411439,-0.25217864,-0.31836763,-0.02299371,0.38770896,-0.40849498,0.36570174,0.6980837,0.55719286,0.105289996,0.54854035,-0.4355877,-0.58062077,-0.24234751,0.3432922,0.33038038,0.5660976,-0.30494443,0.4197157,0.53936696,0.57476604,0.14110368,0.49737865,0.4677216,0.53680956,-0.07897116,0.6456728,0.2905668,0.5098035,-0.29162383,-0.26656413,0.20965716,-0.058669686,0.061505467,0.1914955,0.43707117,0.3140126,0.26568097
0.6636807,0.5458971,0.93216366,0.23915952,0.23901398,0.6926073,0.40430182,0.67896354,0.5506078,0.0768418,-0.13370715,-0.066715114,-0.5349175,-0.56484354,-0.48627114,0.47357273,-0.3728854,0.41195762,-0.080620944,0.24321333,0.10419776,-0.13487166,-0.15848285,-0.18885002,0.28571922,0.22968373,-0.3272438,-0.17871606,-0.15946116,-0.39788818,0.13626063,0.06059259,-0.1434657,0.06525369,-0.37936726,0.32775778,-0.11996393,0.07281321,-0.46655926,0.031265713,-0.03757948,0.4020368,-0.0770383,0.2117475,0.124784,-0.57512665,-0.3341048,-0.114289746,0.4157185,-0.07486442,0.4543358,0.75205266,0.640982,0.32990956,0.54377055,0.74564576,0.67547107,0.4922468,0.081276774,-0.15073235,-0.22741072,-0.5959004,-0.6759292,-0.6156155,-0.54761064,-0.5311796,0.5149429,-0.5259739,0.052471578,0.41306517,0.009913741,0.30552706,0.2018089,-0.047139008,-0.4112692,0.24342108,-0.32119203,-0.21835122,0.34655,-0.11326878,0.34097105,0.36368638,0.5976968,0.52353156,-0.112709194,0.2893229,0.037674975,-0.086991444,0.38769487,0.21417452,0.30092454,0.09706578,-0.097658604,0.5061808,0.32088172,0.3400749,-0.40777555,0.06635847,0.48255277,0.26965016
0.43699878,0.7647717,0.23915952,0.9061802,0.77930826,0.5408147,0.5539245,0.52630514,0.6119205,-0.19654289,-0.33129168,-0.35155326,-0.24369851,0.1724382,0.37185252,0.6779648,-0.22427177,0.5932381,0.48060295,0.66406083,0.5900176,0.15981707,0.4921834,0.40851206,-0.050658435,-0.3821181,0.4839756,-0.5340399,0.6761545,0.48155165,0.6695523,0.34047073,0.5227442,0.6026293,-0.4381698,0.6647186,0.6386651,-0.4606336,-0.108934976,0.048438277,0.4550476,0.20876628,-0.38887691,-0.2173222,0.7497984,0.23634727,0.39558387,0.39157718,0.18461716,0.28112844,0.5619632,0.54601425,0.67214006,0.86340326,0.7030213,0.2482576,0.5146575,0.6770483,-0.15593603,-0.60232854,-0.59919345,-0.27836806,0.067006275,-0.019417726,-0.11602112,0.19524042,0.34822816,-0.31798005,0.30786407,0.5486356,0.6002308,-0.1317293,0.44468307,-0.4386731,-0.52999675,-0.33125442,0.5193454,0.45453513,0.6583134,-0.24351113,0.28060117,0.49745333,0.5250006,-0.13280235,0.625962,0.3394491,0.6526566,-0.06559035,0.6116658,0.34993863,0.5938589,-0.28165105,-0.16857387,0.15228501,-0.18071419,0.07973117,0.42554173,0.4381953,0.22360253,0.2871256
0.56597376,0.7275927,0.23901398,0.77930826,0.9495077,0.6482494,0.32488036,0.5624424,0.7490242,-0.5132681,-0.61704457,-0.6399943,-0.28929183,-0.07528855,0.21079142,0.74994564,-0.28271022,0.76476324,0.6076638,0.8563757,0.62371385,0.42995578,0.65428936,0.4024898,-0.29701152,-0.6000329,0.597625,-0.6352501,0.7588215,0.46148548,0.6893978,0.42271835,0.6538392,0.81928205,-0.38021123,0.8439678,0.8224938,-0.60594946,-0.41534024,-0.34674132,0.7020176,0.0046435194,-0.677061,-0.41424435,0.74858654,0.362615,0.584208,0.70769244,0.37785107,0.4860852,0.54101545,0.57022107,0.6667932,0.8644675,0.8338587,0.32831797,0.5956249,0.8165018,-0.46749675,-0.8186886,-0.82286114,-0.3276161,-0.054785557,-0.2721938,-0.41786504,-0.008678589,0.2363252,-0.46190697,0.34026772,0.72070885,0.56832194,0.0702208,0.55032486,-0.7602062,-0.7337562,-0.59078205,0.53809404,0.47564933,0.6390914,-0.19664416,0.3691718,0.7392242,0.51714885,-0.17830145,0.77469003,0.52527124,0.8706611,0.10593197,0.8010814,0.46297732,0.66091645,-0.59570336,-0.5565662,-0.06295291,-0.48732412,-0.03758136,0.5937053,0.7066621,0.41632736,0.46053696
0.73509014,0.7036874,0.6926073,0.5408147,0.6482494,0.9392619,0.53996545,0.7631123,0.8402381,-0.1242601,-0.2935498,-0.27771688,-0.31414264,-0.40357888,-0.20210145,0.5942067,-0.5629261,0.6192866,0.15876964,0.62353337,0.28909653,-0.036896482,0.13114133,-0.028543428,0.0704117,-0.16245423,0.160932,-0.36713645,0.3510452,-0.025272913,0.5144954,0.26041237,0.33470732,0.41685098,-0.59685546,0.7098952,0.3758609,-0.24246754,-0.40920934,-0.07627351,0.4736681,0.30915582,-0.39662248,0.05566658,0.53086233,-0.07737218,0.079816476,0.30600336,0.67672217,0.41669303,0.654055,0.8496627,0.7563206,0.65575147,0.8683232,0.80792713,0.771651,0.7844661,-0.055518977,-0.4419793,-0.491713,-0.37301308,-0.4452052,-0.5363784,-0.58005995,-0.36139423,0.63999784,-0.7115119,-0.017672146,0.57391727,0.2176912,0.0043146126,0.23677811,-0.36929795,-0.7046504,-0.14866501,-0.011631155,0.06881802,0.6021713,-0.13878512,0.1847944,0.66071486,0.63693845,0.033469804,0.31508023,0.2662961,0.48595276,0.096292324,0.72549295,0.54999655,0.61060345,-0.2316401,-0.31968707,0.29915565,-0.16967504,0.37487647,0.07986975,0.34815204,0.71823573,0.6147585
0.2810312,0.5440624,0.40430182,0.5539245,0.32488036,0.53996545,0.927341,0.54098785,0.5102761,0.38663706,0.25242567,0.24561916,-0.026904732,0.13899907,0.21122357,0.28899884,-0.3041621,0.27538374,0.034747582,0.30894685,0.22824118,-0.46331298,-0.087169945,0.14971782,0.30714706,0.13833645,0.15660717,-0.062155683,0.33661166,0.12930256,0.36081985,-0.0061374893,0.10094661,0.085275985,-0.5255077,0.40544438,0.1502556,-0.15858383,0.1904528,0.5606093,0.11692013,0.44026482,2.2226013e-06,0.31955758,0.51439875,-0.10730888,-0.19781424,-0.1941681,0.27725798,0.1595731,0.49637404,0.58294463,0.5835974,0.52715296,0.48827267,0.53080577,0.4814886,0.44313043,0.43506187,-0.012698136,-0.043318264,-0.09417517,-0.06501631,0.0012497406,0.02917542,0.10533221,0.76360446,-0.31352407,-0.06467743,0.2181206,0.31602895,-0.42526662,-0.021980627,0.18853076,-0.20763007,0.19451657,0.08769318,0.13655505,0.45557624,-0.25691855,-0.06774882,0.20965534,0.42115682,-0.050776504,0.18430328,-0.16499828,0.17000884,0.019966692,0.38087255,0.37323734,0.39258137,0.15140046,0.2691192,0.4217901,0.1489591,0.45865148,-0.09019393,-0.14691271,0.3173625,0.32619834
0.50917,0.7663473,0.67896354,0.52630514,0.5624424,0.7631123,0.54098785,0.9436855,0.84466666,-0.13048202,-0.3190515,-0.26007622,-0.42255825,-0.20670642,-0.018857203,0.64671165,-0.23638043,0.73226994,0.33219832,0.64152217,0.5060372,0.028777655,0.24685396,0.14197177,-0.066682145,-0.1307707,0.13638811,-0.3375706,0.32087326,0.10367289,0.26100186,0.074399054,0.08438179,0.43427318,-0.37728512,0.6194937,0.25088495,-0.38387877,-0.44007564,-0.032616165,0.22935116,0.12696908,-0.4197799,-0.09710753,0.3637517,-0.16345374,-0.032263003,0.17689195,0.3305689,0.092349455,0.4165871,0.8715467,0.8294945,0.66186655,0.7467371,0.6662503,0.92665535,0.83694345,-0.15063891,-0.41985822,-0.47001302,-0.48215938,-0.27173224,-0.34765136,-0.38363847,-0.13984394,0.4631381,-0.42698726,0.26367044,0.7032547,0.45294803,0.12400706,0.46005714,-0.30667302,-0.49580777,-0.13780776,0.16132611,0.21769361,0.35253215,-0.33966845,0.32115924,0.48690996,0.44077647,0.22006372,0.35289606,0.35802418,0.35790294,0.025671475,0.6055521,0.27745965,0.3509281,-0.29458427,-0.28298572,0.16064833,-0.035584044,0.08662783,-0.018539654,0.29725552,0.38695267,0.28172684
0.5870333,0.7623635,0.5506078,0.6119205,0.7490242,0.8402381,0.5102761,0.84466666,0.9525354,-0.29207322,-0.43807346,-0.41772357,-0.31597054,-0.22721648,0.01989234,0.6763282,-0.35183954,0.798195,0.429864,0.80419034,0.528558,0.12789178,0.3649096,0.20979998,-0.19614065,-0.352204,0.3449942,-0.43907472,0.5310085,0.20321676,0.4552198,0.21695232,0.34651947,0.61800754,-0.46914482,0.8086057,0.5061848,-0.5134989,-0.46289486,-0.17096564,0.5248984,0.05125699,-0.6064762,-0.19741853,0.53886807,0.066339344,0.19728571,0.42277414,0.50729454,0.38673478,0.51704776,0.82635474,0.80075395,0.7547337,0.8763231,0.67299414,0.86261654,0.9261744,-0.27018827,-0.58439624,-0.6240481,-0.37351602,-0.23570555,-0.3946271,-0.49112168,-0.16549858,0.4874745,-0.54095125,0.20934208,0.7494803,0.4634552,0.034752246,0.43564242,-0.50507903,-0.661839,-0.36308444,0.26480037,0.2829088,0.4846616,-0.26568922,0.26465422,0.6847494,0.47021678,-0.021883346,0.53874815,0.37267524,0.5987219,0.13728772,0.7890527,0.48194748,0.53230405,-0.48168418,-0.4452399,0.03452619,-0.32760465,0.09958702,0.22311828,0.46185005,0.55000484,0.508149
-0.25503737,-0.21825495,0.0768418,-0.19654289,-0.5132681,-0.1242601,0.38663706,-0.13048202,-0.29207322,0.91390055,0.8661147,0.8720598,0.33552265,0.15619442,-0.023276482,-0.49304122,-0.09518072,-0.55839896,-0.63503677,-0.5682597,-0.47492954,-0.75167954,-0.6515845,-0.33356264,0.6517801,0.74557555,-0.30229998,0.60741246,-0.3497525,-0.22753267,-0.23112214,-0.39245817,-0.41272354,-0.73640615,-0.075612575,-0.47423267,-0.5238844,0.4668287,0.55929446,0.74819475,-0.5163535,0.51064485,0.73327327,0.8067507,-0.123340815,-0.27023447,-0.6064165,-0.7197304,-0.06963596,-0.25427222,-0.08621495,-0.0589657,-0.18475503,-0.30754882,-0.31867355,0.08725467,-0.21871431,-0.41390216,0.86982596,0.7792713,0.7596812,0.30331576,0.017961133,0.25582322,0.41385317,0.10393332,0.38166112,0.07469469,-0.51477855,-0.59827983,-0.33268464,-0.4584298,-0.58312535,0.81973946,0.44716394,0.7817118,-0.46884596,-0.21028677,-0.10938628,-0.106123194,-0.5236696,-0.58155084,-0.059239358,0.031589404,-0.5360991,-0.68166393,-0.5855347,0.05926501,-0.49443293,-0.1937574,-0.2809025,0.7133559,0.65423506,0.5112889,0.5649131,0.57491505,-0.5123663,-0.7425554,-0.11001973,-0.16438785
-0.43646646,-0.41070294,-0.13370715,-0.33129168,-0.61704457,-0.2935498,0.25242567,-0.3190515,-0.43807346,0.8661147,0.93927413,0.91702247,0.54095477,0.24639457,0.044208355,-0.6850002,0.0059828376,-0.6992687,-0.6571965,-0.6550114,-0.569345,-0.73933303,-0.67455816,-0.31140628,0.52934736,0.683023,-0.23615214,0.72442317,-0.34489554,-0.18584977,-0.31854355,-0.46347106,-0.40637016,-0.78498685,0.05556679,-0.56898725,-0.5149081,0.4552003,0.6592872,0.71502686,-0.48637328,0.34187007,0.73782784,0.75481546,-0.19859327,-0.12413775,-0.56706774,-0.699355,-0.11020221,-0.18697542,-0.23465273,-0.26434845,-0.4014023,-0.45865223,-0.47877425,-0.052204516,-0.40913054,-0.56242573,0.839588,0.8604322,0.8680974,0.5160301,0.16835329,0.372496,0.518108,0.1782468,0.2642001,0.19077267,-0.5936241,-0.736575,-0.4093526,-0.53836614,-0.7044133,0.85733855,0.57482743,0.7012043,-0.4525174,-0.19588935,-0.25798663,-0.059102707,-0.6611084,-0.65918493,-0.25724822,-0.100474656,-0.53186154,-0.80208707,-0.6170528,0.16395073,-0.5944133,-0.20287973,-0.38573623,0.6485815,0.63798535,0.3105458,0.45303994,0.47932738,-0.4325864,-0.8020279,-0.17501193,-0.18097258
-0.4238879,-0.38405707,-0.066715114,-0.35155326,-0.6399943,-0.27771688,0.24561916,-0.26007622,-0.41772357,0.8720598,0.91702247,0.9391132,0.4611618,0.20652398,0.008526469,-0.6510029,0.03448522,-0.6653032,-0.6549382,-0.662379,-0.5455906,-0.7345339,-0.68463504,-0.32122585,0.53230923,0.7394212,-0.29469824,0.74573326,-0.40229315,-0.2260451,-0.391984,-0.5193846,-0.4966191,-0.8035265,0.08700569,-0.5884031,-0.5785388,0.4504183,0.5927943,0.7017056,-0.56495464,0.33576864,0.7449641,0.76152265,-0.25174126,-0.21752334,-0.6385087,-0.75136495,-0.14462224,-0.28037402,-0.27729642,-0.22235724,-0.3613767,-0.462983,-0.47629806,-0.02349407,-0.34835494,-0.53954387,0.823418,0.88085485,0.86922514,0.4329705,0.12674773,0.34812507,0.49571574,0.16255392,0.2551284,0.21318525,-0.53650093,-0.700034,-0.3887562,-0.45710838,-0.64959353,0.87372553,0.5985546,0.74930656,-0.47076142,-0.20634088,-0.3030246,-0.11854715,-0.5939369,-0.6835323,-0.25542098,0.0019067868,-0.5623762,-0.75531554,-0.6621486,0.16415164,-0.6120279,-0.26537418,-0.43710995,0.65250546,0.6296898,0.33405566,0.5157844,0.45701402,-0.5176821,-0.81719875,-0.20081997,-0.23195025
-0.5223936,-0.4632492,-0.5349175,-0.24369851,-0.28929183,-0.31414264,-0.026904732,-0.42255825,-0.31597054,0.33552265,0.54095477,0.4611618,0.9125897,0.3622284,0.27641922,-0.65768397,0.007164089,-0.53869355,-0.3287427,-0.3297313,-0.4226211,-0.346111,-0.26775795,-0.12064754,-0.0036969914,0.08716328,0.2597264,0.5277725,0.08060487,0.17438933,-0.11216704,-0.25049996,0.05833203,-0.37515253,0.11818148,-0.3035944,-0.030125692,0.09659544,0.5754396,0.26670152,0.053199545,-0.12117819,0.29352617,0.3226325,-0.0021830024,0.48248887,0.008721869,-0.10662462,0.012446917,0.2802202,-0.296859,-0.41031587,-0.5078871,-0.3207437,-0.35346013,-0.22552775,-0.4629445,-0.3989951,0.37064755,0.49873185,0.5338038,0.8799804,0.49109507,0.47654024,0.46392325,0.33346504,0.02017317,0.2149841,-0.55743825,-0.59586275,-0.26876056,-0.6077341,-0.5942241,0.36689296,0.37790772,0.077345826,-0.08309216,0.08218963,-0.2362946,0.0064074975,-0.7538635,-0.39014235,-0.45098114,-0.59704995,-0.0901202,-0.6951573,-0.17783764,0.39936137,-0.3634458,-0.0019942329,-0.24167097,0.10686025,0.21484478,-0.24018967,-0.21528967,0.17504683,0.15496057,-0.37874392,-0.083296135,0.04589791
-0.6046073,-0.07900415,-0.56484354,0.1724382,-0.07528855,-0.40357888,0.13899907,-0.20670642,-0.22721648,0.15619442,0.24639457,0.20652398,0.3622284,0.934083,0.8514279,-0.19711216,0.45634997,-0.15445867,0.23676208,-0.054836348,0.2542817,-0.071810365,0.24690926,0.35293844,-0.1677928,-0.11646301,0.35644236,0.122267686,0.33292222,0.62912625,-0.08818986,-0.1449158,-0.0001904745,-0.008633075,0.18587139,-0.16916066,0.12184252,-0.25604826,0.514681,0.3216654,-0.12543114,-0.23916817,0.100165084,-0.13850722,0.068937056,0.40788502,0.12770183,-0.09085725,-0.49720365,-0.12062289,-0.309695,-0.31126934,-0.17788942,0.05526104,-0.2711857,-0.4882819,-0.24878797,-0.1615803,0.08211522,0.14308031,0.20205966,0.3943479,0.8384148,0.8539876,0.81293464,0.89133245,-0.21085544,0.6134901,0.19704677,-0.16786715,0.43568438,-0.40976626,0.041665144,0.18617249,0.45257437,-0.100375205,0.54742026,0.45293385,-0.2164407,-0.23353295,-0.21289158,-0.37043995,-0.443622,-0.33972055,0.23558071,-0.24575883,-0.022830227,-0.035522487,-0.2589578,-0.23169664,-0.26549697,-0.023207093,0.2637775,-0.3165391,-0.04481874,-0.30248028,0.25340968,-0.14940117,-0.5329834,-0.33884317
-0.44772363,0.12760912,-0.48627114,0.37185252,0.21079142,-0.20210145,0.21122357,-0.018857203,0.01989234,-0.023276482,0.044208355,0.008526469,0.27641922,0.8514279,0.9503959,0.023097064,0.40618235,0.11307532,0.46287048,0.22908096,0.47949123,0.0896548,0.48126212,0.49050385,-0.29884237,-0.2800463,0.57697237,-0.029496707,0.5781137,0.8091446,0.058086645,-0.09743798,0.15447411,0.26423225,0.13680097,0.100690916,0.37713963,-0.49678308,0.33095753,0.16516241,0.08026423,-0.2741027,-0.14491504,-0.27330896,0.27096897,0.5251678,0.29294258,0.14467832,-0.37860203,0.012882862,-0.20351756,-0.13606815,0.016757218,0.3043571,-0.017023727,-0.38490766,-0.043811243,0.10900502,-0.09610418,-0.101165056,-0.048373118,0.29119897,0.8051833,0.72797704,0.64169157,0.87749887,-0.16425973,0.47777075,0.3190841,0.083537176,0.63111734,-0.33519742,0.24816653,-0.06225452,0.23774149,-0.28260815,0.7367877,0.66517,-0.081252106,-0.3517843,-0.10016981,-0.14839189,-0.3150133,-0.36915863,0.51199865,-0.06183576,0.25885773,0.08969498,-0.008719419,-0.12842979,-0.11159047,-0.25681716,0.0347991,-0.3660633,-0.2159007,-0.33175904,0.437849,0.08506535,-0.40145862,-0.20970237
0.6379845,0.7764522,0.47357273,0.6779648,0.74994564,0.5942067,0.28899884,0.64671165,0.6763282,-0.49304122,-0.6850002,-0.6510029,-0.65768397,-0.19711216,0.023097064,0.9080742,-0.17102346,0.81922877,0.59938514,0.7432654,0.6905618,0.42756847,0.5701736,0.32754606,-0.16355936,-0.43365613,0.19409591,-0.742617,0.43056983,0.20866843,0.5171359,0.45491576,0.3490732,0.7356173,-0.36279094,0.7085476,0.4993325,-0.43418777,-0.55917084,-0.30655992,0.39031327,0.085499994,-0.59002316,-0.4449685,0.46357733,-0.0656461,0.34788293,0.47692168,0.19143051,0.11274869,0.54093575,0.64473295,0.77257586,0.766462,0.741547,0.33858317,0.6894996,0.77601135,-0.47155344,-0.80417717,-0.82117414,-0.66572016,-0.27887845,-0.39493316,-0.46715164,-0.14773627,0.1568754,-0.36978364,0.56594765,0.826625,0.5592733,0.35075128,0.70552504,-0.6538968,-0.65920216,-0.40487596,0.41817814,0.23288622,0.55872774,-0.11636834,0.6479704,0.6728793,0.577701,0.21597168,0.52066106,0.7066941,0.60914993,-0.2538149,0.71420985,0.28293264,0.5507908,-0.39299354,-0.39659894,0.12133379,-0.14027618,-0.14030313,0.25045258,0.64378923,0.274837,0.23204002
-0.57602465,-0.24495876,-0.3728854,-0.22427177,-0.28271022,-0.5629261,-0.3041621,-0.23638043,-0.35183954,-0.09518072,0.0059828376,0.03448522,0.007164089,0.45634997,0.40618235,-0.17102346,0.8897783,-0.05562734,0.33231145,-0.14131093,0.29047707,0.2529078,0.23774362,0.37288743,-0.3654626,0.02745913,0.036879778,0.19638772,-0.061069284,0.27991045,-0.5913812,-0.37611526,-0.47790253,0.0017524478,0.647268,-0.3157626,-0.16356228,-0.23278327,-0.0091707995,-0.093151316,-0.42994428,-0.51189125,0.00805202,-0.35170907,-0.40285802,-0.002703655,-0.11453,-0.16701046,-0.66879356,-0.528234,-0.6521133,-0.41276413,-0.28962356,-0.24040797,-0.4678077,-0.5292727,-0.22735545,-0.24424551,-0.26120952,0.13314374,0.16810371,0.049924795,0.47774598,0.4744593,0.47373787,0.5034774,-0.5807642,0.7665752,0.50172514,-0.008048757,0.3319074,0.28244087,0.28248745,0.1184258,0.6229787,-0.03436961,0.41173792,0.29899406,-0.6381327,-0.2612102,0.17999643,-0.40636694,-0.5686577,0.25354058,0.078457706,0.100548685,-0.20611647,0.043284327,-0.36519408,-0.5541272,-0.6162915,-0.16029693,-0.0065688193,-0.4410853,0.1589738,-0.6693678,-0.102604926,-0.11972355,-0.66334236,-0.6200236
0.5142144,0.72657377,0.41195762,0.5932381,0.76476324,0.6192866,0.27538374,0.73226994,0.798195,-0.55839896,-0.6992687,-0.6653032,-0.53869355,-0.15445867,0.11307532,0.81922877,-0.05562734,0.96249837,0.7279921,0.8820133,0.78301656,0.45849574,0.63644993,0.42498082,-0.38491154,-0.5022134,0.35019362,-0.6287365,0.5346849,0.30623794,0.3672182,0.2735404,0.29904413,0.8217576,-0.246582,0.7990315,0.54700875,-0.65280783,-0.64021206,-0.39885974,0.45599204,-0.14557739,-0.76236975,-0.52859306,0.40981877,0.045524884,0.3288164,0.53804064,0.22972447,0.18747017,0.37986535,0.65347505,0.76558685,0.7479845,0.75673175,0.39223242,0.78374624,0.8784809,-0.57873464,-0.7868568,-0.8128917,-0.5656979,-0.16891864,-0.3600983,-0.47143078,-0.071024776,0.1489631,-0.31381166,0.59098864,0.94053686,0.6680254,0.33103514,0.7436539,-0.7009611,-0.59890354,-0.5198324,0.51290345,0.37316334,0.36885503,-0.26119435,0.57130075,0.699251,0.38487613,0.14723149,0.65307486,0.6681262,0.65387416,-0.026663437,0.7766434,0.29173115,0.4399613,-0.62313867,-0.5614413,-0.121062145,-0.33201692,-0.2608533,0.29028386,0.6547119,0.30070668,0.27408355
0.110459514,0.43647787,-0.080620944,0.48060295,0.6076638,0.15876964,0.034747582,0.33219832,0.429864,-0.63503677,-0.6571965,-0.6549382,-0.3287427,0.23676208,0.46287048,0.59938514,0.33231145,0.7279921,0.9267763,0.73309314,0.84909683,0.59977496,0.79922915,0.6719658,-0.59601116,-0.6261586,0.50083363,-0.5488043,0.6098783,0.56946045,0.20622829,0.20651573,0.2688575,0.83384037,0.06877032,0.5890305,0.59152985,-0.74155146,-0.4059961,-0.40446955,0.36928836,-0.43868607,-0.7261647,-0.75734985,0.2891914,0.27469423,0.467785,0.54361904,-0.1451005,0.0821941,0.06537076,0.19520691,0.4151523,0.5696658,0.40026242,-0.09147054,0.38949805,0.57459646,-0.6914952,-0.7264769,-0.70966256,-0.31966433,0.24565214,0.042834174,-0.09275781,0.31319958,-0.22441359,0.1302117,0.76026523,0.7412307,0.7956779,0.27834702,0.74686074,-0.6620792,-0.26149744,-0.6537986,0.8157128,0.5409702,0.11158207,-0.23237243,0.5305116,0.46790922,0.024390427,0.0023721773,0.74541104,0.6048961,0.62682945,-0.036118727,0.5373317,0.08103098,0.20802794,-0.6851164,-0.47872883,-0.43108475,-0.40410703,-0.6054582,0.45459777,0.6108928,-0.081786,0.0077767354
0.47925258,0.68612504,0.24321333,0.66406083,0.8563757,0.62353337,0.30894685,0.64152217,0.80419034,-0.5682597,-0.6550114,-0.662379,-0.3297313,-0.054836348,0.22908096,0.7432654,-0.14131093,0.8820133,0.73309314,0.9457138,0.7360494,0.4436137,0.67347944,0.46444133,-0.42764828,-0.6219708,0.551489,-0.61433893,0.7155529,0.43623543,0.5168641,0.3412099,0.5034666,0.8762263,-0.3085716,0.8823386,0.7305131,-0.71679,-0.49922693,-0.3806983,0.6536999,-0.16927,-0.8061659,-0.51522565,0.5764917,0.28886017,0.4799413,0.66215646,0.33087528,0.41715467,0.42975044,0.5740802,0.68909043,0.7946292,0.79299486,0.35674667,0.68308353,0.871248,-0.5490999,-0.8089851,-0.8212658,-0.3596248,-0.040907033,-0.27692664,-0.4189235,0.0029627546,0.20360619,-0.35499448,0.45595324,0.84597945,0.64593565,0.12336991,0.6152555,-0.7481398,-0.64784896,-0.6360327,0.58798933,0.4521898,0.45555714,-0.21536851,0.40249422,0.75018877,0.36149716,-0.122840196,0.771773,0.5434331,0.7950038,0.096223906,0.8376536,0.43048882,0.54556715,-0.6937674,-0.57889986,-0.2021971,-0.53744733,-0.18928911,0.4891603,0.6806892,0.37946486,0.4207794
0.17745039,0.5981475,0.10419776,0.5900176,0.62371385,0.28909653,0.22824118,0.5060372,0.528558,-0.47492954,-0.569345,-0.5455906,-0.4226211,0.2542817,0.47949123,0.6905618,0.29047707,0.78301656,0.84909683,0.7360494,0.9360186,0.49022865,0.76576644,0.6127551,-0.42744756,-0.46297026,0.43655753,-0.5277668,0.584162,0.5765351,0.20815274,0.14758919,0.17843503,0.76340395,-0.0002462864,0.5892791,0.5155536,-0.71289074,-0.41051292,-0.26520973,0.24368015,-0.25148797,-0.62237376,-0.60708284,0.33523166,0.1468071,0.3342079,0.42430615,-0.15101837,-0.04295809,0.12876359,0.3785002,0.5830323,0.6736957,0.48788345,0.030543339,0.5426412,0.6610712,-0.55862415,-0.66807115,-0.6685853,-0.43518162,0.19531232,0.043507468,-0.062133774,0.34194076,-0.08878276,0.093119636,0.78411627,0.787128,0.8773973,0.279966,0.8085127,-0.56839526,-0.27243426,-0.48107237,0.7743284,0.58398163,0.17806123,-0.3695417,0.55523074,0.41689742,0.1429248,0.13318236,0.70196295,0.6055769,0.5643065,-0.080429435,0.526555,0.016856136,0.20368066,-0.5667623,-0.40622008,-0.23031187,-0.21827441,-0.47584862,0.33431396,0.5506473,-0.084894404,-0.04347088
0.12888782,0.15687606,-0.13487166,0.15981707,0.42995578,-0.036896482,-0.46331298,0.028777655,0.12789178,-0.75167954,-0.73933303,-0.7345339,-0.346111,-0.071810365,0.0896548,0.42756847,0.2529078,0.45849574,0.59977496,0.4436137,0.49022865,0.8346316,0.6906717,0.32889518,-0.5364402,-0.55135345,0.30255035,-0.4658463,0.28795862,0.31681672,0.10840407,0.25968608,0.2602119,0.6270895,0.22044939,0.28703198,0.44163108,-0.4148997,-0.5321716,-0.7073908,0.28294674,-0.42014933,-0.55743694,-0.69210726,0.032694444,0.2615024,0.5682446,0.6382849,-0.16156909,0.016570292,-0.09206772,-0.05737987,0.08981739,0.26001996,0.18559122,-0.2899116,0.117514834,0.2899581,-0.80007,-0.6541274,-0.6366615,-0.3077339,0.06665046,-0.13356967,-0.2580882,0.026495658,-0.55100626,0.0783316,0.569904,0.5032208,0.36817157,0.53347194,0.64103264,-0.72925854,-0.27649963,-0.59658456,0.50101745,0.32460487,0.016585138,-0.028179858,0.5273169,0.34170312,-0.01253621,0.08065048,0.49357218,0.6850116,0.48585042,-0.014679242,0.28395283,-0.1179979,0.06861102,-0.5758773,-0.59051865,-0.4075245,-0.35463858,-0.5900022,0.45793295,0.68386793,-0.13337307,-0.11453373
0.108955145,0.41257522,-0.15848285,0.4921834,0.65428936,0.13114133,-0.087169945,0.24685396,0.3649096,-0.6515845,-0.67455816,-0.68463504,-0.26775795,0.24690926,0.48126212,0.5701736,0.23774362,0.63644993,0.79922915,0.67347944,0.76576644,0.6906717,0.91560155,0.5320018,-0.5345491,-0.6418335,0.5959971,-0.5520786,0.64607537,0.6766499,0.29490268,0.26858944,0.41177443,0.78770864,0.083961606,0.5042722,0.67243755,-0.67243314,-0.38107747,-0.50315875,0.4206886,-0.35896435,-0.6404252,-0.6928494,0.34332997,0.46636996,0.6627769,0.6987681,-0.13952029,0.1267989,0.03225757,0.13707149,0.32479236,0.57208884,0.39797056,-0.21536496,0.29588512,0.52542204,-0.7044196,-0.74121475,-0.7097671,-0.24946329,0.3230412,0.09778546,-0.07198538,0.34717843,-0.3417366,0.07975693,0.64923996,0.6403029,0.70860547,0.25855753,0.75041664,-0.75426066,-0.33297995,-0.66553414,0.7949598,0.64074755,0.16866118,-0.24864894,0.45311946,0.40606302,0.03764732,-0.11341709,0.7670903,0.62353146,0.6683804,0.004668284,0.44041204,-0.0051808883,0.19500345,-0.6583302,-0.54956084,-0.4043873,-0.4540382,-0.5265412,0.6413325,0.73184204,-0.12334187,-0.038962405
-0.09023755,0.27381912,-0.18885002,0.40851206,0.4024898,-0.028543428,0.14971782,0.14197177,0.20979998,-0.33356264,-0.31140628,-0.32122585,-0.12064754,0.35293844,0.49050385,0.32754606,0.37288743,0.42498082,0.6719658,0.46444133,0.6127551,0.32889518,0.5320018,0.77350277,-0.45316362,-0.38252178,0.50368017,-0.23372051,0.5258358,0.5134164,0.09317976,-0.058362186,0.11950721,0.5612452,0.14310996,0.37281662,0.45247382,-0.6344453,-0.1334562,-0.120422855,0.18453582,-0.32831877,-0.44753504,-0.50967246,0.31880072,0.24583662,0.24718311,0.26117972,-0.25583556,-0.010209689,-0.046594318,0.009998551,0.2116147,0.41317007,0.17669782,-0.18288961,0.17064247,0.32603848,-0.3943562,-0.4272105,-0.3993227,-0.120570704,0.32227412,0.18863773,0.11307131,0.37305874,-0.1117605,0.2407783,0.56075233,0.43893144,0.6362741,0.112848654,0.46060658,-0.3257182,0.0026575923,-0.4079574,0.719025,0.50730413,0.03599222,-0.3080815,0.32601464,0.22099853,-0.014287751,0.028337458,0.6472466,0.3221564,0.45059794,0.15209803,0.3153202,0.01107057,0.07970854,-0.4807309,-0.21946077,-0.33031455,-0.18872547,-0.4524867,0.32443637,0.26598674,-0.20609148,-0.08110219
0.18323272,-0.05193618,0.28571922,-0.050658435,-0.29701152,0.0704117,0.30714706,-0.066682145,-0.19614065,0.6517801,0.52934736,0.53230923,-0.0036969914,-0.1677928,-0.29884237,-0.16355936,-0.3654626,-0.38491154,-0.59601116,-0.42764828,-0.42744756,-0.5364402,-0.5345491,-0.45316362,0.88668984,0.642174,-0.4449217,0.22611335,-0.38910246,-0.38999343,0.09652187,0.0053198054,-0.16204211,-0.54136163,-0.2962855,-0.2931254,-0.39918882,0.59072816,0.31463924,0.5196526,-0.356305,0.8097627,0.64013165,0.74261963,0.0009998928,-0.4027616,-0.41153866,-0.48948652,0.103060424,-0.17886609,0.26587683,0.08397111,0.0023349193,-0.14901301,-0.09162098,0.17731594,-0.12788586,-0.28576484,0.71493673,0.45587182,0.42875284,-0.024568275,-0.3519529,-0.104360126,0.054824144,-0.2097343,0.3894422,-0.23114988,-0.42540634,-0.4033024,-0.38331583,-0.23185709,-0.41039288,0.5215783,0.055148736,0.726938,-0.5499437,-0.37894505,0.2670778,0.13988319,-0.24128065,-0.2800456,0.33175343,0.13780126,-0.54553914,-0.35516542,-0.39721978,-0.22970831,-0.26790893,-0.059173517,0.059845947,0.7773482,0.5372976,0.81698006,0.5721147,0.7006967,-0.44247174,-0.42709532,0.09096655,-0.016982881
-0.16769746,-0.26672828,0.22968373,-0.3821181,-0.6000329,-0.16245423,0.13833645,-0.1307707,-0.352204,0.74557555,0.683023,0.7394212,0.08716328,-0.11646301,-0.2800463,-0.43365613,0.02745913,-0.5022134,-0.6261586,-0.6219708,-0.46297026,-0.55135345,-0.6418335,-0.38252178,0.642174,0.9302832,-0.50326914,0.61322695,-0.57895184,-0.41648,-0.4441833,-0.50283587,-0.6475244,-0.7464906,0.12969351,-0.5613557,-0.67301,0.50172836,0.2277808,0.49257234,-0.7111103,0.47600585,0.70773244,0.7352346,-0.35311973,-0.51252973,-0.72865397,-0.74026215,-0.14378753,-0.5052699,-0.22718714,-0.0706098,-0.21235229,-0.42880648,-0.37715346,0.07171797,-0.19447385,-0.4439699,0.67232853,0.7367078,0.706441,0.0510949,-0.21158803,0.019452374,0.20851369,-0.11752576,0.17994757,0.07482134,-0.36639744,-0.5074479,-0.39938825,-0.054857068,-0.41517103,0.7360246,0.45878476,0.9066784,-0.58638024,-0.28715727,-0.25694883,-0.16657826,-0.27560458,-0.59740186,-0.03681295,0.39307874,-0.6319924,-0.43627086,-0.6779587,0.07082819,-0.5581082,-0.3997131,-0.4425279,0.67644316,0.46648252,0.5458044,0.7257434,0.44656092,-0.6912744,-0.6788367,-0.16958699,-0.32911167
-0.07008604,0.26930422,-0.3272438,0.4839756,0.597625,0.160932,0.15660717,0.13638811,0.3449942,-0.30229998,-0.23615214,-0.29469824,0.2597264,0.35644236,0.57697237,0.19409591,0.036879778,0.35019362,0.50083363,0.551489,0.43655753,0.30255035,0.5959971,0.50368017,-0.4449217,-0.50326914,0.9266457,-0.13611783,0.8256384,0.76109636,0.34823775,0.002463514,0.49959934,0.55446696,0.0053788247,0.46700698,0.75311905,-0.68280566,-0.00032521226,-0.17285684,0.55237347,-0.26829094,-0.46314138,-0.3127004,0.58768284,0.7630935,0.58938396,0.573478,0.07061218,0.43865204,0.007940075,0.06825657,0.14256452,0.5215082,0.35947907,-0.112531394,0.14591426,0.41174033,-0.31967616,-0.41198772,-0.37780476,0.23382905,0.49037778,0.24214497,0.081853315,0.42474645,-0.0040263925,-0.041318312,0.14282066,0.28370225,0.50314605,-0.23736688,0.2638874,-0.4597751,-0.22528596,-0.53598744,0.6516098,0.7363523,0.19374254,-0.3839824,-0.06129966,0.2687978,-0.028512303,-0.490829,0.81616247,0.110415444,0.6703876,0.48432523,0.36261216,0.18520434,0.20814772,-0.6185613,-0.43185288,-0.40339485,-0.5759053,-0.16026664,0.7396699,0.41067538,0.03293724,0.19396698
-0.54055715,-0.5193125,-0.17871606,-0.5340399,-0.6352501,-0.36713645,-0.062155683,-0.3375706,-0.43907472,0.60741246,0.72442317,0.74573326,0.5277725,0.122267686,-0.029496707,-0.742617,0.19638772,-0.6287365,-0.5488043,-0.61433893,-0.5277668,-0.4658463,-0.5520786,-0.23372051,0.22611335,0.61322695,-0.13611783,0.8864437,-0.36265653,-0.16355765,-0.5851027,-0.7010553,-0.5436084,-0.71140134,0.36797094,-0.60266167,-0.505011,0.28828275,0.37086126,0.36246616,-0.4935332,0.022609815,0.5700395,0.55214465,-0.35557213,-0.04932096,-0.5126775,-0.5514215,-0.16058859,-0.24670142,-0.55398095,-0.3446411,-0.5225427,-0.5750841,-0.5406121,-0.124154896,-0.39240885,-0.54137397,0.5315633,0.8170335,0.8193659,0.50107014,0.1923651,0.2895619,0.40056115,0.1251589,0.0075477166,0.27204078,-0.4917506,-0.65205014,-0.40243304,-0.23822701,-0.55858254,0.691555,0.64396507,0.562366,-0.40168968,-0.06413724,-0.5389111,-0.2529532,-0.55577075,-0.67096615,-0.43834627,0.016009439,-0.4234323,-0.63243854,-0.5864477,0.45049477,-0.6367297,-0.35476124,-0.6175492,0.3630754,0.29972947,0.015111979,0.32619148,0.22031629,-0.37845707,-0.68032664,-0.23835997,-0.2764066
0.14001402,0.47812855,-0.15946116,0.6761545,0.7588215,0.3510452,0.33661166,0.32087326,0.5310085,-0.3497525,-0.34489554,-0.40229315,0.08060487,0.33292222,0.5781137,0.43056983,-0.061069284,0.5346849,0.6098783,0.7155529,0.584162,0.28795862,0.64607537,0.5258358,-0.38910246,-0.57895184,0.8256384,-0.36265653,0.9198963,0.73057574,0.52776253,0.19727573,0.5992142,0.6975929,-0.20955442,0.67053163,0.8307737,-0.7102264,-0.066109,-0.14509404,0.63545585,-0.1573196,-0.56105924,-0.36411852,0.7053076,0.6384391,0.5813519,0.6048608,0.17543036,0.4868273,0.2568797,0.26344085,0.38469666,0.7067969,0.56072444,0.054774266,0.33007663,0.59651816,-0.3291784,-0.5754032,-0.5547242,0.056353047,0.3656376,0.14853488,-0.010462871,0.38352782,0.15218702,-0.15169467,0.25487167,0.47637314,0.6375711,-0.24272838,0.37034625,-0.54917645,-0.39181483,-0.5816722,0.71551,0.6731609,0.4001055,-0.2935786,0.056604866,0.4654038,0.16305766,-0.45043296,0.84986347,0.21914643,0.7840959,0.26582858,0.57410276,0.335492,0.42142138,-0.5904101,-0.39172566,-0.27543363,-0.5679977,-0.119622186,0.6948806,0.49554,0.17329141,0.32394964
-0.25324023,0.27027696,-0.39788818,0.48155165,0.46148548,-0.025272913,0.12930256,0.10367289,0.20321676,-0.22753267,-0.18584977,-0.2260451,0.17438933,0.62912625,0.8091446,0.20866843,0.27991045,0.30623794,0.56946045,0.43623543,0.5765351,0.31681672,0.6766499,0.5134164,-0.38999343,-0.41648,0.76109636,-0.16355765,0.73057574,0.9265312,0.20060985,-0.025104696,0.32462624,0.4720633,0.12332925,0.28037035,0.59831357,-0.6380559,0.08245279,-0.08744238,0.27703822,-0.27891943,-0.32471424,-0.37061408,0.4248821,0.67050767,0.5125128,0.42799586,-0.24663463,0.12747595,-0.14622974,-0.011557652,0.12940355,0.46972513,0.20116898,-0.31495327,0.095351845,0.31429332,-0.30112183,-0.33876535,-0.2930411,0.16613013,0.6860926,0.51297545,0.37819368,0.72095585,-0.19214407,0.24908796,0.3536053,0.26380485,0.67794514,-0.19576034,0.40908942,-0.35399997,-0.010701124,-0.43750483,0.7942289,0.81389606,0.049653575,-0.45406553,0.01701545,0.04374266,-0.17013162,-0.37040818,0.7210103,0.14564404,0.49297148,0.23048177,0.15995401,-0.08778592,0.0020069832,-0.47041658,-0.2654329,-0.3939886,-0.36625028,-0.33080602,0.63795066,0.34477916,-0.2811963,-0.12597188
0.5889203,0.49871013,0.13626063,0.6695523,0.6893978,0.5144954,0.36081985,0.26100186,0.4552198,-0.23112214,-0.31854355,-0.391984,-0.11216704,-0.08818986,0.058086645,0.5171359,-0.5913812,0.3672182,0.20622829,0.5168641,0.20815274,0.10840407,0.29490268,0.09317976,0.09652187,-0.4441833,0.34823775,-0.5851027,0.52776253,0.20060985,0.9396925,0.64930856,0.8108254,0.49433452,-0.63333,0.6147456,0.62864834,-0.14381668,-0.0059802765,-0.04306044,0.6837218,0.35674977,-0.30280495,-0.08159873,0.737298,0.30255857,0.5390326,0.5107051,0.4667378,0.6042818,0.77319014,0.37741506,0.45874768,0.6394247,0.6357503,0.2680049,0.26951402,0.4708964,-0.060963918,-0.56805295,-0.5661207,-0.114392325,-0.15647097,-0.22804749,-0.3211069,-0.12109478,0.39582813,-0.5530674,-0.034467243,0.32996345,0.18391219,-0.2447483,0.122355595,-0.47707832,-0.72270954,-0.35656995,0.21505721,0.097338855,0.87069696,0.22256684,0.0913443,0.6224184,0.6396675,-0.39079604,0.4137118,0.20527005,0.65015304,-0.15775982,0.61954916,0.5956067,0.84265924,-0.13477583,-0.1280675,0.25565517,-0.3553739,0.32831258,0.50731385,0.4800007,0.4848948,0.5721172
0.48514378,0.25321466,0.06059259,0.34047073,0.42271835,0.26041237,-0.0061374893,0.074399054,0.21695232,-0.39245817,-0.46347106,-0.5193846,-0.25049996,-0.1449158,-0.09743798,0.45491576,-0.37611526,0.2735404,0.20651573,0.3412099,0.14758919,0.25968608,0.26858944,-0.058362186,0.0053198054,-0.50283587,0.002463514,-0.7010553,0.19727573,-0.025104696,0.64930856,0.8681732,0.6309122,0.4262101,-0.44719255,0.40241402,0.3800931,0.05335267,-0.067313455,-0.21051484,0.5178635,0.14667471,-0.27943665,-0.28554887,0.30196923,0.106051266,0.4952677,0.47399315,0.29567528,0.40964806,0.5972991,0.17533728,0.28478268,0.328884,0.372637,0.08658163,0.11968492,0.2597812,-0.21946469,-0.5601774,-0.53105545,-0.18828432,-0.20179036,-0.24065003,-0.31132734,-0.19160184,0.07007092,-0.31268358,0.11244041,0.30055073,0.04354792,-0.0025953609,0.17226385,-0.4705444,-0.5635576,-0.4099303,0.12208189,-0.21054667,0.58687437,0.5330504,0.2344609,0.5515827,0.39658278,-0.23856235,0.15117714,0.32342952,0.42132422,-0.5384046,0.45959252,0.44899458,0.65247995,-0.044414036,-0.03292826,0.10669393,-0.304596,0.04567772,0.35592866,0.5177021,0.33246136,0.3961773
0.37686914,0.30870607,-0.1434657,0.5227442,0.6538392,0.33470732,0.10094661,0.08438179,0.34651947,-0.41272354,-0.40637016,-0.4966191,0.05833203,-0.0001904745,0.15447411,0.3490732,-0.47790253,0.29904413,0.2688575,0.5034666,0.17843503,0.2602119,0.41177443,0.11950721,-0.16204211,-0.6475244,0.49959934,-0.5436084,0.5992142,0.32462624,0.8108254,0.6309122,0.91259605,0.5423758,-0.4602089,0.55401003,0.7178099,-0.23212832,0.0013257815,-0.22462337,0.80134726,0.050955676,-0.41911137,-0.25573394,0.6439897,0.57447493,0.7425301,0.698146,0.40824142,0.7198912,0.5419508,0.16876853,0.24083357,0.5106024,0.5058209,0.06543243,0.12120364,0.38580465,-0.24447021,-0.5996357,-0.5612163,0.085994124,0.05470206,-0.119321376,-0.24702093,-0.019440303,0.15959561,-0.42327815,-0.060452852,0.26183003,0.14383827,-0.26344818,0.092519656,-0.5864166,-0.6464281,-0.58679545,0.31272095,0.16986534,0.6638119,0.23293334,-0.0026351262,0.57669604,0.35973522,-0.5990114,0.49906832,0.17857277,0.68824863,-0.03349991,0.5470696,0.55657494,0.69209206,-0.32831135,-0.26504534,-0.081657335,-0.6117915,0.11728518,0.71556497,0.56601286,0.39607605,0.54038
0.40211642,0.56308025,0.06525369,0.6026293,0.81928205,0.41685098,0.085275985,0.43427318,0.61800754,-0.73640615,-0.78498685,-0.8035265,-0.37515253,-0.008633075,0.26423225,0.7356173,0.0017524478,0.8217576,0.83384037,0.8762263,0.76340395,0.6270895,0.78770864,0.5612452,-0.54136163,-0.7464906,0.55446696,-0.71140134,0.6975929,0.4720633,0.49433452,0.4262101,0.5423758,0.95690554,-0.18031566,0.79891783,0.76096445,-0.7057575,-0.51149607,-0.5156401,0.64590406,-0.29689634,-0.83640474,-0.7071302,0.4966393,0.338584,0.6205187,0.7486663,0.17611295,0.36841223,0.34925365,0.3643161,0.5482203,0.7129683,0.6483234,0.11717704,0.50297546,0.73276603,-0.7142345,-0.901172,-0.89316976,-0.3733818,0.027712595,-0.22278085,-0.38023502,0.058153532,-0.035858735,-0.2109833,0.5952561,0.8181665,0.6683013,0.25460184,0.70033383,-0.8464705,-0.589234,-0.75513554,0.6946426,0.45509416,0.402139,-0.105150566,0.52635163,0.7297417,0.28587675,-0.11035597,0.80252516,0.6644143,0.8215549,-0.009227797,0.7686348,0.34926248,0.5089181,-0.7350555,-0.6067412,-0.32051897,-0.569355,-0.39110795,0.58585036,0.7833881,0.23232296,0.3108675
-0.56334597,-0.43063545,-0.37936726,-0.4381698,-0.38021123,-0.59685546,-0.5255077,-0.37728512,-0.46914482,-0.075612575,0.05556679,0.08700569,0.11818148,0.18587139,0.13680097,-0.36279094,0.647268,-0.246582,0.06877032,-0.3085716,-0.0002462864,0.22044939,0.083961606,0.14310996,-0.2962855,0.12969351,0.0053788247,0.36797094,-0.20955442,0.12332925,-0.63333,-0.44719255,-0.4602089,-0.18031566,0.79727614,-0.47787654,-0.23766944,-0.08862858,-0.07456881,-0.22104123,-0.43578595,-0.4542878,0.10440084,-0.17816007,-0.4961267,0.06273489,-0.088140175,-0.12409476,-0.56723696,-0.46516013,-0.7652843,-0.51804584,-0.49923697,-0.42450723,-0.5472721,-0.5577903,-0.3594067,-0.38717085,-0.23548044,0.25396058,0.28020337,0.14903791,0.3397355,0.3073584,0.31480467,0.2662689,-0.65471053,0.5763922,0.20898944,-0.20705214,0.006590181,0.29181933,0.08962413,0.11636038,0.57488954,0.045634396,0.13101369,0.18924752,-0.68118024,-0.24386439,0.016357373,-0.5043534,-0.59410655,0.18416554,-0.061279245,0.0139914425,-0.29260388,0.22113523,-0.5189726,-0.637334,-0.7131299,-0.11826849,-0.11958189,-0.40834782,0.11643924,-0.5096391,-0.086054295,-0.14529556,-0.6057747,-0.61498684
