0,1,2,3,4,5,6,7,8,9,10,11,12,13,14,15,16,17,18,19,20,21,22,23,24,25,26,27,28,29,30,31,32,33,34,35,36,37,38,39,40,41,42,43,44,45,46,47,48,49,50,51,52,53,54,55,56,57,58,59,60,61,62,63,64,65,66,67,68,69,70,71,72,73,74,75,76,77,78,79,80,81,82,83,84,85,86,87,88,89,90,91,92,93,94,95,96,97,98,99
0.9154182,0.34138048,0.59054255,0.60754395,0.09685102,0.64907813,0.2274313,-0.07569896,-0.26965025,0.6877787,0.3821181,0.45862663,0.48078215,0.10561827,-0.083534956,0.7117405,-0.005433985,-0.47690895,-0.2673763,-0.5262861,-0.35662785,0.54413056,0.35239926,-0.22771119,0.70349586,0.4865849,0.6802949,0.49334788,-0.34512475,0.053539716,0.5681232,0.64607215,0.7938217,-0.2925668,0.82670677,-0.52240145,-0.32443702,0.7674648,0.6446551,0.6019404,-0.27875882,0.5403269,0.6969055,0.6009944,0.7081133,0.57199275,0.6253759,0.5861963,0.47360152,-0.2940031,-0.19002238,0.03887953,-0.54693794,-0.22929667,0.08517072,-0.10121055,-0.44798553,-0.50477177,-0.07765457,0.49859154,0.5208612,0.043625265,-0.041854993,-0.06609043,-0.7933615,-0.41395754,-0.44597387,-0.4087271,-0.5611918,-0.54602677,-0.8148662,-0.35587373,-0.55769396,0.21069583,-0.39476725,0.42603543,-0.664143,0.3562935,-0.20930697,-0.5869822,-0.49484557,-0.6685686,-0.19213903,-0.11689492,0.18208608,-0.04242266,-0.38076416,0.4274004,-0.56115186,-0.5416275,-0.619223,-0.3043793,0.2020415,0.1800949,-0.37281203,0.4719578,0.6498883,-0.00584564,0.32420918,-0.51721257
0.34138048,0.95360565,0.77778506,0.73034906,0.8513273,0.7097384,0.5362896,0.5766001,0.34444886,-0.2572981,-0.52749324,-0.3738674,-0.44054836,0.111028805,-0.4067785,0.6093684,0.21438491,0.19015646,0.1944238,-0.20977446,-0.08719676,0.46294147,0.21977851,-0.38741964,-0.21320525,-0.34819892,-0.18997484,-0.2353369,-0.0177893,-0.32052407,-0.268378,-0.07291107,0.25938237,0.22680336,0.3191545,-0.036592633,-0.051941033,0.13815866,-0.2564695,-0.31588638,-0.101338156,-0.45397115,-0.25428265,-0.32391846,-0.21759507,-0.2750155,-0.19525003,-0.21011648,0.5350592,-0.26113355,0.12992266,0.81800985,0.21054827,0.5149093,0.8612118,0.6629389,0.41392362,0.35395968,-0.40448213,-0.14286128,-0.23057437,-0.38963553,-0.16977903,0.41796225,-0.11395286,-0.35758778,0.053214677,0.44774923,0.34820586,0.34609336,-0.10712012,0.36371648,0.20178778,0.026049312,0.512485,-0.032925803,0.02912379,-0.14322402,-0.2957384,-0.08347972,0.42045277,0.2332231,-0.03504911,0.52750045,0.46194142,0.652814,0.009923243,-0.20168453,0.08723505,0.2860377,-0.28148037,-0.25652337,-0.15272722,-0.39483386,-0.18520486,-0.3613934,-0.025146,0.289721,0.6314661,-0.024508601
0.59054255,0.77778506,0.9493622,0.6628386,0.6116514,0.8896876,0.29985794,0.2681511,0.07779402,0.100040436,-0.20257694,-0.04425197,-0.043312438,-0.07967967,-0.34051603,0.59677744,-0.08329793,-0.22022259,-0.18053466,-0.481304,-0.3648427,0.3710053,0.119860336,-0.54488325,0.18392566,-0.06841873,0.17721796,0.082394585,-0.30660656,-0.24484897,0.11918458,0.21901637,0.37055224,-0.15719607,0.4424828,-0.3275867,-0.3127662,0.28953606,0.06395476,0.02774553,-0.36315244,-0.08733171,0.098860055,0.039717544,0.12113029,0.053189587,0.10912737,0.08393043,0.7242954,-0.4390613,0.22435486,0.6360071,0.022502603,0.3424753,0.6203635,0.5682695,0.100869924,-0.016286809,-0.097170405,0.2919541,0.2177926,-0.038345415,0.046716347,0.18679628,-0.32840487,-0.32932436,-0.009459142,0.097254835,-0.061800785,-0.070076786,-0.4357048,0.22130236,-0.020092838,0.36081946,0.20653263,0.36302435,-0.3100374,0.098153725,-0.12531132,-0.15900296,0.016105328,-0.15834634,0.036092717,0.38437885,0.4410678,0.5072309,-0.28294772,0.14810424,-0.25917134,0.09773925,-0.2797933,-0.06296239,0.22809356,-0.017357925,-0.08474217,0.011314988,0.2814695,0.34744596,0.7896076,-0.32789493
0.60754395,0.73034906,0.6628386,0.95796865,0.6422177,0.63974535,0.76520884,0.6008568,0.29487646,0.11239203,-0.23195873,-0.14005235,-0.15522826,0.22057801,-0.4685022,0.8808396,0.3740343,0.12698434,0.23582853,-0.22958252,-0.03264923,0.5709063,0.31679666,-0.19786409,0.12854022,-0.088127404,0.058014628,-0.14646342,-0.092530295,-0.4016678,0.012164751,0.33902085,0.6438867,0.26114613,0.64623934,-0.08658789,-0.078304045,0.53315485,0.098913655,0.05530813,0.05994003,-0.06815221,0.12078308,0.020576326,0.21630886,-0.0737873,0.036967088,0.0029341998,0.4138292,-0.119063154,-0.16477036,0.5455201,-0.082947806,0.24580643,0.6113208,0.23694494,0.21186548,0.19874911,-0.6052954,-0.058574427,-0.100669906,-0.40797567,-0.40343142,0.32482237,-0.5267939,-0.713909,-0.099626265,0.19341558,0.08684327,0.13035372,-0.4005446,-0.07846971,-0.28957057,-0.110481724,0.21229649,-0.016823651,-0.2663044,-0.21357158,-0.32530767,-0.3782398,0.1710986,-0.030601777,-0.10833457,0.2396611,0.29861766,0.28790888,-0.07401866,-0.15615901,-0.029103048,-0.06801419,-0.67059994,-0.54366016,-0.24717033,-0.3184777,-0.49488324,-0.09002328,0.15383793,-0.04869006,0.35991466,-0.09007406
0.09685102,0.8513273,0.6116514,0.6422177,0.94359726,0.4873522,0.5757443,0.70815694,0.44534189,-0.50784004,-0.7576183,-0.61458737,-0.64861673,-0.028469454,-0.58372676,0.44803774,0.18452321,0.3399173,0.25895524,-0.10883413,-0.037662655,0.2303236,0.012661224,-0.4076519,-0.44593948,-0.5754637,-0.4326765,-0.47096777,-0.032342985,-0.49309695,-0.41759202,-0.19216785,0.035450205,0.32006335,0.09726825,0.09536624,-0.04307241,-0.10375829,-0.50188994,-0.53838575,-0.028106302,-0.64260423,-0.4640022,-0.4938016,-0.40794313,-0.50087476,-0.44631463,-0.41554046,0.31525198,-0.22034065,0.2523862,0.89557403,0.4808413,0.719169,0.91714287,0.6912271,0.66730624,0.59035677,-0.45163143,-0.3284871,-0.4383685,-0.44083786,-0.28186375,0.40357345,0.0651277,-0.4202855,0.306494,0.5740566,0.5204928,0.5248982,0.08197831,0.48429143,0.3394637,-0.059161328,0.65923834,-0.16131401,0.13425717,-0.37452102,-0.12173848,0.1760029,0.58348453,0.4555176,0.18338248,0.6718098,0.52890325,0.7233008,0.0319185,-0.3537197,0.24014482,0.48389298,-0.10733576,-0.15613505,-0.25941622,-0.41865593,-0.032597825,-0.46559432,-0.18738902,0.32968783,0.50451374,0.09648208
0.64907813,0.7097384,0.8896876,0.63974535,0.4873522,0.9186733,0.28876474,0.20710468,0.052125018,0.22446948,-0.04599841,0.081810124,0.06983447,0.014751183,-0.23065959,0.6338153,-0.026562035,-0.23598841,-0.1486597,-0.42075115,-0.28859025,0.42696843,0.22134182,-0.4296534,0.27967107,0.03643452,0.27062365,0.15407328,-0.2363461,-0.17024975,0.15570815,0.28530568,0.46203023,-0.14839257,0.5067109,-0.29843724,-0.24497,0.4049635,0.20328827,0.15493944,-0.27974725,0.03568531,0.21511494,0.12358487,0.2243667,0.15557007,0.22627264,0.19338816,0.77749044,-0.3341381,0.07894695,0.5040059,-0.1445826,0.16385752,0.49554992,0.44579208,-0.026471134,-0.12180421,-0.10863438,0.34123412,0.2891271,-0.03215682,0.011783777,0.1346961,-0.42695686,-0.32201624,-0.13471074,-0.0072231437,-0.15847181,-0.15570149,-0.4815451,0.05014274,-0.14834785,0.34030932,0.09209608,0.35903847,-0.3269323,0.14296575,-0.21055639,-0.29221147,-0.086408615,-0.24879363,-0.08301817,0.21348974,0.29439104,0.3610049,-0.23106727,0.17504859,-0.26425076,-0.035240635,-0.39112878,-0.14071064,0.23841396,-0.028962705,-0.21012503,0.058772214,0.3067596,0.20925567,0.7639682,-0.29827923
0.2274313,0.5362896,0.29985794,0.76520884,0.5757443,0.28876474,0.94577986,0.82666194,0.60663617,-0.16367266,-0.35868293,-0.38074237,-0.37929332,0.38635123,-0.42780793,0.68296885,0.67820156,0.5702833,0.6322359,0.22740251,0.39384913,0.44243917,0.31245655,0.121118814,-0.21030544,-0.32439524,-0.32082665,-0.5042832,0.26724517,-0.51372975,-0.33507496,0.09599134,0.44785777,0.66382134,0.35423306,0.36469412,0.2722208,0.34671807,-0.14211333,-0.17255062,0.490722,-0.2924493,-0.18452504,-0.2743886,-0.04493232,-0.41122073,-0.26921642,-0.28710076,0.17069137,0.292844,-0.3618127,0.44060993,0.026719196,0.24164996,0.518275,0.11816107,0.4350274,0.53641254,-0.8641182,-0.4682709,-0.47634098,-0.60108006,-0.6501107,0.41527808,-0.2986827,-0.7158884,0.020936932,0.41557914,0.40990365,0.49240866,0.007833591,-0.16472664,-0.24617487,-0.43741232,0.38351393,-0.4223839,0.11333045,-0.569438,-0.41044122,-0.30809402,0.45885265,0.349595,-0.17289862,0.10490402,0.0076521705,0.10757296,0.2920767,-0.551096,0.41245115,0.08391703,-0.6507996,-0.71153873,-0.58193934,-0.6023303,-0.6153786,-0.3935866,-0.26414695,-0.36103243,0.06810498,0.3606814
-0.07569896,0.5766001,0.2681511,0.6008568,0.70815694,0.20710468,0.82666194,0.94206303,0.7386882,-0.5199204,-0.65183437,-0.65894806,-0.6519071,0.19875121,-0.5406298,0.43629786,0.5486568,0.6919634,0.6285534,0.30719003,0.39306366,0.18967134,0.062354147,0.0013303305,-0.5323247,-0.6286691,-0.6335399,-0.74543774,0.2722382,-0.6539571,-0.57629806,-0.15830956,0.082326174,0.6918063,0.0063223396,0.4871925,0.2732814,-0.016316805,-0.48112142,-0.4896992,0.4560048,-0.6090796,-0.5271325,-0.5715185,-0.39743507,-0.70375025,-0.59067243,-0.584671,0.1385983,0.2504251,-0.09465687,0.6364018,0.3990705,0.5165852,0.6690227,0.3709782,0.73244905,0.7950415,-0.75900656,-0.5929378,-0.6508808,-0.5739175,-0.566576,0.48047963,0.05226689,-0.5879109,0.3372382,0.6470255,0.66827613,0.72776383,0.29371434,0.15505314,0.0802072,-0.3556491,0.66165257,-0.4699478,0.3274942,-0.7352386,-0.24090342,0.043506667,0.6997476,0.641991,0.0385497,0.34348804,0.11052711,0.32678804,0.33122456,-0.69996274,0.5828941,0.4410461,-0.31923965,-0.4598502,-0.5395045,-0.62128675,-0.33079684,-0.60384595,-0.49852723,-0.18039913,0.16957253,0.48679852
-0.26965025,0.34444886,0.07779402,0.29487646,0.44534189,0.052125018,0.60663617,0.7386882,0.8425716,-0.5335814,-0.47863707,-0.57982314,-0.5526673,0.26935124,-0.23670131,0.18374404,0.55628365,0.7660682,0.67904705,0.57925606,0.6140262,0.05394616,0.071110785,0.1948877,-0.5883383,-0.62507063,-0.69239163,-0.74163413,0.5021588,-0.51861775,-0.6916331,-0.28124183,-0.076592825,0.7239498,-0.23406863,0.7153647,0.47678506,-0.11494139,-0.45445812,-0.45960346,0.6260275,-0.58970886,-0.59399325,-0.65087086,-0.48659417,-0.72582483,-0.57948,-0.59537387,0.19083941,0.51070166,-0.18563434,0.40864313,0.31082663,0.29469693,0.42287466,0.29490834,0.6160615,0.7510076,-0.6094482,-0.5811157,-0.60263026,-0.4101318,-0.4419774,0.38822746,0.20777397,-0.30039257,0.31151056,0.596272,0.66948164,0.74162745,0.51714206,0.045094095,0.0851441,-0.3034228,0.60263646,-0.5153284,0.5500643,-0.7037212,-0.2734754,0.04310427,0.6639456,0.7078035,-0.08844763,0.08655977,-0.22285455,0.116799004,0.5340565,-0.73614657,0.7639828,0.46726644,-0.21139368,-0.37433785,-0.43975535,-0.6154532,-0.3310889,-0.6785152,-0.6925788,-0.36131066,0.15567282,0.7192322
0.6877787,-0.2572981,0.100040436,0.11239203,-0.50784004,0.22446948,-0.16367266,-0.5199204,-0.5335814,0.96989685,0.8446641,0.8354193,0.8557368,0.1365218,0.3247937,0.32968372,-0.10970101,-0.6304321,-0.38833228,-0.37421823,-0.27061623,0.3307517,0.32201654,0.117242604,0.93635464,0.8338829,0.8848798,0.73322296,-0.27362886,0.4072237,0.794559,0.7037548,0.6630335,-0.45313853,0.6650733,-0.52202463,-0.27135816,0.7352941,0.92732537,0.9261073,-0.20551765,0.9168438,0.9395652,0.86336845,0.9097949,0.8415443,0.8414542,0.7888782,0.17416951,-0.10649447,-0.3470173,-0.55168474,-0.79851943,-0.6798061,-0.5189537,-0.5806626,-0.835933,-0.82211435,0.20919833,0.6379734,0.73002094,0.31406453,0.1266391,-0.3483876,-0.735165,-0.09162545,-0.6069145,-0.75628066,-0.8449477,-0.8307022,-0.7507138,-0.663278,-0.73094505,0.20184365,-0.8027973,0.45650455,-0.67333007,0.5546253,-0.111916706,-0.63797593,-0.82116246,-0.8944547,-0.32669818,-0.5752289,-0.20234174,-0.5357453,-0.36586392,0.59645116,-0.64958894,-0.8195089,-0.46566832,-0.17426512,0.33108443,0.4265942,-0.31520128,0.7303848,0.7011662,-0.24199644,-0.09119074,-0.5241926
0.3821181,-0.52749324,-0.20257694,-0.23195873,-0.7576183,-0.04599841,-0.35868293,-0.65183437,-0.47863707,0.8446641,0.95664495,0.8547654,0.85970783,0.20920852,0.57793087,0.03163442,-0.07397553,-0.49968565,-0.28882498,-0.094069384,-0.050251614,0.16300529,0.29577476,0.3519054,0.78464776,0.8056559,0.75269365,0.67885876,-0.041101433,0.5370128,0.6325465,0.48804095,0.4297528,-0.36818582,0.36995053,-0.29508966,-0.055056103,0.5398042,0.83737135,0.843344,-0.03506445,0.865379,0.79640555,0.7294075,0.73464024,0.7579467,0.7548688,0.6866734,0.03757827,0.12582788,-0.4302055,-0.7856362,-0.7957678,-0.8540329,-0.7569149,-0.67612803,-0.88412344,-0.797535,0.30912426,0.54084706,0.65953124,0.3878432,0.21341512,-0.36181155,-0.4812414,0.19588023,-0.59870636,-0.71871686,-0.74850684,-0.73826844,-0.45746875,-0.6994546,-0.6325375,0.13567708,-0.80249166,0.31542444,-0.40015408,0.53792566,-0.12635283,-0.5615973,-0.7676079,-0.752381,-0.41863567,-0.7743292,-0.49165368,-0.7280398,-0.14153633,0.49516055,-0.44842762,-0.7518197,-0.28843594,-0.10215148,0.31511292,0.37595195,-0.2715352,0.6033665,0.46673363,-0.39685005,-0.26207945,-0.29735774
0.45862663,-0.3738674,-0.04425197,-0.14005235,-0.61458737,0.081810124,-0.38074237,-0.65894806,-0.57982314,0.8354193,0.8547654,0.8845012,0.81407505,0.1362918,0.49119693,0.072550274,-0.17395775,-0.6157385,-0.4010807,-0.29977295,-0.23492584,0.22324747,0.27810308,0.17600122,0.8140826,0.83646405,0.8105805,0.74387664,-0.18045324,0.56872493,0.68605995,0.46972096,0.42922914,-0.47615075,0.43772307,-0.48808935,-0.21767926,0.5117198,0.7966788,0.799826,-0.23366287,0.8316759,0.8102071,0.7546909,0.7314335,0.81330794,0.76429677,0.70485353,0.07834152,-0.09323369,-0.30836964,-0.64244235,-0.7370188,-0.7168139,-0.61485803,-0.54716766,-0.85137224,-0.8391456,0.36190706,0.6015228,0.6938839,0.36697298,0.28409,-0.33127898,-0.49165946,0.19765802,-0.6016255,-0.7009289,-0.7754911,-0.78877205,-0.57364285,-0.5496814,-0.52625227,0.20849405,-0.7594651,0.40754882,-0.5019178,0.6369009,-0.10930107,-0.5148423,-0.7718345,-0.8216019,-0.36987352,-0.60260284,-0.28120667,-0.5442979,-0.28797948,0.580181,-0.60734296,-0.7380752,-0.23995696,-0.036337577,0.35419148,0.40546346,-0.1778125,0.639543,0.58778435,-0.1947574,-0.13914198,-0.47865114
0.48078215,-0.44054836,-0.043312438,-0.15522826,-0.64861673,0.06983447,-0.37929332,-0.6519071,-0.5526673,0.8557368,0.85970783,0.81407505,0.9066683,-0.03065599,0.38419688,0.051491223,-0.28236604,-0.6699423,-0.49474972,-0.307415,-0.27890718,0.048003994,0.10916744,0.1023696,0.8427798,0.75502807,0.79765654,0.7004738,-0.29116023,0.40977794,0.7510941,0.60774744,0.40347844,-0.5557389,0.38046536,-0.46411324,-0.2856432,0.5153639,0.8250084,0.8433397,-0.23688237,0.87074,0.8332758,0.79152894,0.7756795,0.78391933,0.74850345,0.70277524,0.10966324,-0.080470845,-0.19865505,-0.63378,-0.6682644,-0.6688724,-0.6444668,-0.5533744,-0.8188982,-0.81928253,0.4227273,0.69494414,0.7807188,0.51708263,0.30007666,-0.42115253,-0.5193497,0.096298635,-0.44051188,-0.763738,-0.8422178,-0.84193784,-0.5979953,-0.5762447,-0.61090076,0.32330588,-0.7922132,0.5232788,-0.5854273,0.53933007,0.08538833,-0.42460963,-0.8454169,-0.8295305,-0.18474495,-0.59545547,-0.269282,-0.575921,-0.37787738,0.60154885,-0.60432017,-0.6824565,-0.21390048,0.06594627,0.47939965,0.5657058,-0.09783144,0.71336305,0.59935486,-0.19659227,-0.108119294,-0.46916246
0.10561827,0.111028805,-0.07967967,0.22057801,-0.028469454,0.014751183,0.38635123,0.19875121,0.26935124,0.1365218,0.20920852,0.1362918,-0.03065599,0.92001045,0.44868994,0.39722788,0.8043267,0.4677496,0.68611765,0.47837308,0.65225744,0.69874924,0.81314635,0.6601182,-0.00587528,0.18097433,0.02000057,-0.002150241,0.7215469,0.3076927,-0.2838002,-0.12445365,0.45907965,0.6140257,0.3516822,0.36700615,0.59417987,0.4286732,0.21186115,0.13269201,0.58908105,0.024524912,0.049700603,-0.10121238,0.054039914,0.034348708,0.19037628,0.102936625,0.08007522,0.5497763,-0.8025586,-0.21540323,-0.5319147,-0.47369656,-0.03773747,-0.26198792,-0.2031821,0.02458382,-0.55719614,-0.40576726,-0.3085363,-0.5276978,-0.39257783,0.26609334,-0.22323719,0.026841171,-0.6268878,0.09678984,0.16434404,0.22546443,0.1325855,-0.4420806,-0.231514,-0.61278164,-0.05541428,-0.57150805,0.357408,0.028921358,-0.83797395,-0.6750449,0.16798845,0.073611304,-0.8138002,-0.4620251,-0.48214993,-0.29376733,0.60292375,-0.30451933,0.33793193,-0.37670344,-0.5867528,-0.7748232,-0.5711324,-0.67160225,-0.78562444,-0.31347495,-0.19929758,-0.5861354,-0.22002618,0.4006098
-0.083534956,-0.4067785,-0.34051603,-0.4685022,-0.58372676,-0.23065959,-0.42780793,-0.5406298,-0.23670131,0.3247937,0.57793087,0.49119693,0.38419688,0.44868994,0.8983793,-0.22871308,0.11317615,-0.08300136,0.059052136,0.3062985,0.2930998,0.19485083,0.46188182,0.5136647,0.21941093,0.44339478,0.34041753,0.44627854,0.44599944,0.7256278,0.075461894,-0.14923684,0.045092218,-0.04002757,-0.006541158,0.0678263,0.31855497,0.12384754,0.3829018,0.33781356,0.17051321,0.33917207,0.26023692,0.18887569,0.14595133,0.42964804,0.4596203,0.4055981,-0.017561316,0.32742077,-0.43886143,-0.63066334,-0.55193734,-0.6992718,-0.53928864,-0.37517768,-0.6121119,-0.46451464,0.2519905,0.080082685,0.19424465,0.0966506,0.16939539,-0.19791016,0.016542356,0.6188183,-0.56506914,-0.36358917,-0.27815723,-0.27815384,0.10998841,-0.35908175,-0.07696548,-0.11250836,-0.47184932,-0.12360219,0.219904,0.49662066,-0.35275272,-0.36488366,-0.33126545,-0.2733445,-0.5585302,-0.606742,-0.5249344,-0.4493522,0.30379608,0.21993619,-0.027030908,-0.45431072,0.0025909953,-0.07540767,0.05639884,-0.03362777,-0.19670245,0.100177154,0.056813005,-0.29286322,-0.24206088,0.09431569
0.7117405,0.6093684,0.59677744,0.8808396,0.44803774,0.6338153,0.68296885,0.43629786,0.18374404,0.32968372,0.03163442,0.072550274,0.051491223,0.39722788,-0.22871308,0.94498837,0.46241927,0.05789774,0.24739313,-0.20482416,0.031663503,0.7288443,0.5068283,-0.053216238,0.3040529,0.14039564,0.23467413,0.032643512,0.01267154,-0.18822221,0.10255398,0.40816495,0.8068231,0.2398471,0.76539147,-0.12994927,-0.006894772,0.72248316,0.31692356,0.26353082,0.09712043,0.1308321,0.29381698,0.16863638,0.37546068,0.11828137,0.23910128,0.18374969,0.436585,-0.026311655,-0.37471035,0.31572035,-0.3799018,-0.015425329,0.4083801,0.05377377,-0.050385594,-0.014446516,-0.5831623,0.020737868,0.023572402,-0.37857836,-0.35007036,0.31222534,-0.64272946,-0.5928076,-0.36350602,0.060838558,-0.060937844,-0.01528988,-0.4867019,-0.28110546,-0.43790126,-0.15924796,0.024014503,-0.010227239,-0.2860753,-0.039440483,-0.5016582,-0.6211281,0.021344014,-0.19647789,-0.3495648,-0.0072357478,0.11497117,0.08327145,-0.0149504,-0.080047324,-0.10617839,-0.2976777,-0.8171195,-0.6757535,-0.25619808,-0.32594213,-0.6623506,-0.0068858294,0.23839402,-0.19807687,0.29029396,-0.10731508
-0.005433985,0.21438491,-0.08329793,0.3740343,0.18452321,-0.026562035,0.67820156,0.5486568,0.55628365,-0.10970101,-0.07397553,-0.17395775,-0.28236604,0.8043267,0.11317615,0.46241927,0.9636574,0.7411982,0.8987531,0.5948746,0.7624941,0.5623839,0.62835205,0.624775,-0.24028994,-0.13387448,-0.28796428,-0.3759008,0.7139783,-0.07339192,-0.4672134,-0.1308237,0.38429415,0.86386764,0.23484385,0.5775502,0.64513767,0.3243051,-0.03602972,-0.08720618,0.7711022,-0.20655492,-0.18324004,-0.3136383,-0.10563752,-0.2983896,-0.14078443,-0.20221192,0.006028977,0.64360255,-0.73423755,0.014522636,-0.24840504,-0.204656,0.15942487,-0.16251335,0.15136755,0.3930255,-0.829434,-0.6367918,-0.5652357,-0.6724179,-0.6116582,0.430143,-0.14504278,-0.28200206,-0.3197624,0.34912932,0.4346722,0.5148544,0.27206707,-0.3702858,-0.21841595,-0.728758,0.211407,-0.723289,0.43974242,-0.3734542,-0.72744215,-0.50972635,0.4408629,0.36335117,-0.608148,-0.29393184,-0.42814392,-0.21566394,0.66748226,-0.60717803,0.5834068,-0.12749107,-0.61819637,-0.8616017,-0.7643493,-0.8035399,-0.80016184,-0.5019724,-0.4313252,-0.6608974,-0.24225682,0.5985068
-0.47690895,0.19015646,-0.22022259,0.12698434,0.3399173,-0.23598841,0.5702833,0.6919634,0.7660682,-0.6304321,-0.49968565,-0.6157385,-0.6699423,0.4677496,-0.08300136,0.05789774,0.7411982,0.97783244,0.90339714,0.7631698,0.7903843,0.12303587,0.21104491,0.45011032,-0.731758,-0.5930934,-0.7663725,-0.7475324,0.72330105,-0.32897586,-0.8206719,-0.49647254,-0.15406564,0.93442875,-0.294102,0.8330606,0.6932254,-0.20638737,-0.5408579,-0.5649207,0.777943,-0.651284,-0.6825724,-0.73330355,-0.5983671,-0.7446229,-0.6106836,-0.6248263,-0.12546831,0.6494418,-0.33287168,0.2574593,0.28926283,0.20397133,0.32760966,0.15393516,0.59550595,0.79263514,-0.70768493,-0.8652706,-0.85344917,-0.6213755,-0.55226254,0.46025068,0.34723383,-0.1485678,0.18180487,0.6764064,0.8136259,0.8783823,0.70780826,0.059119217,0.22010106,-0.64016104,0.5948549,-0.8294256,0.75482446,-0.670872,-0.40034398,0.037068807,0.7901616,0.8223866,-0.21613747,0.049249142,-0.28878814,0.06575577,0.75133765,-0.8245203,0.8905171,0.40448052,-0.14596504,-0.48502868,-0.73133916,-0.79798466,-0.37587613,-0.7842338,-0.78954613,-0.4205796,-0.18004717,0.84713674
-0.2673763,0.1944238,-0.18053466,0.23582853,0.25895524,-0.1486597,0.6322359,0.6285534,0.67904705,-0.38833228,-0.28882498,-0.4010807,-0.49474972,0.68611765,0.059052136,0.24739313,0.8987531,0.90339714,0.97443086,0.7240131,0.8296528,0.37199864,0.4630866,0.58923316,-0.5131709,-0.36013186,-0.5442631,-0.5677759,0.7837007,-0.17492616,-0.68517315,-0.3627246,0.10989258,0.95695347,-0.034052525,0.74124205,0.72010887,0.05072417,-0.30543667,-0.34681737,0.8177637,-0.4501959,-0.4570316,-0.5524355,-0.3767664,-0.5350001,-0.37723798,-0.42190078,-0.06951392,0.6877641,-0.56973684,0.120062046,0.007965027,-0.016288456,0.2421788,-0.010690287,0.37357402,0.6076453,-0.79390955,-0.80116725,-0.7510517,-0.6868473,-0.6060796,0.4512664,0.11760085,-0.18362752,-0.09671923,0.52989435,0.6469395,0.7260043,0.527826,-0.16225173,0.015660074,-0.7360892,0.409881,-0.83485144,0.64265525,-0.5192238,-0.61252284,-0.25404742,0.640831,0.61578727,-0.46355283,-0.14352833,-0.38701594,-0.081062466,0.7587954,-0.7413135,0.77001,0.13691622,-0.38454568,-0.7040031,-0.7946322,-0.8561252,-0.6147845,-0.68133557,-0.6390363,-0.5638611,-0.23310071,0.75937194
-0.5262861,-0.20977446,-0.481304,-0.22958252,-0.10883413,-0.42075115,0.22740251,0.30719003,0.57925606,-0.37421823,-0.094069384,-0.29977295,-0.307415,0.47837308,0.3062985,-0.20482416,0.5948746,0.7631698,0.7240131,0.9408368,0.8781904,-0.025466545,0.2387883,0.6389798,-0.5163262,-0.339507,-0.53128815,-0.4789163,0.81352985,-0.051955737,-0.64007574,-0.41888922,-0.20383677,0.71979594,-0.39162418,0.8639498,0.7607291,-0.16662565,-0.272344,-0.28918964,0.83538604,-0.3412037,-0.4596328,-0.5097009,-0.41431317,-0.47372615,-0.33512425,-0.35538197,-0.14892009,0.8543002,-0.4469728,-0.17278188,0.021934798,-0.18181646,-0.10453695,-0.1301706,0.23154896,0.47500026,-0.40525517,-0.63391334,-0.5592218,-0.32269853,-0.37796563,0.1439979,0.31895623,0.13884236,0.032944374,0.31890815,0.49767414,0.5723925,0.7134565,-0.21640071,0.051268622,-0.50591666,0.23319891,-0.7007615,0.73770046,-0.43803734,-0.32795924,-0.047164425,0.4381994,0.5819953,-0.3175648,-0.34070212,-0.61876583,-0.2995857,0.77484024,-0.59509957,0.82344604,0.17680675,-0.07005488,-0.34198162,-0.49094915,-0.550688,-0.34972316,-0.5593133,-0.7039647,-0.60171294,-0.3185416,0.8790316
-0.35662785,-0.08719676,-0.3648427,-0.03264923,-0.037662655,-0.28859025,0.39384913,0.39306366,0.6140262,-0.27061623,-0.050251614,-0.23492584,-0.27890718,0.65225744,0.2930998,0.031663503,0.7624941,0.7903843,0.8296528,0.8781904,0.9353451,0.2130816,0.4231153,0.7090426,-0.42892683,-0.2565446,-0.44853795,-0.44448185,0.863981,-0.025551122,-0.6037158,-0.3419522,0.014582691,0.80779636,-0.1750366,0.8172908,0.7888335,0.034465734,-0.15953244,-0.19285859,0.87912345,-0.29014945,-0.36061513,-0.44985357,-0.30376413,-0.41544807,-0.2506448,-0.29585266,-0.07008072,0.8587332,-0.61129045,-0.14797488,-0.11153825,-0.24397603,-0.042728048,-0.17535357,0.18026003,0.44952062,-0.56881416,-0.65185684,-0.56830335,-0.45432097,-0.47996643,0.24466202,0.14927715,0.0040916265,-0.12085955,0.33138704,0.48233825,0.56212753,0.58723485,-0.32373965,-0.077641904,-0.5979308,0.20297836,-0.74488544,0.6768657,-0.42860177,-0.51837265,-0.2584792,0.43761402,0.5165868,-0.48034918,-0.39830157,-0.6361406,-0.33180225,0.79936135,-0.62601495,0.7795118,0.050669357,-0.29117507,-0.5642781,-0.5833711,-0.67402387,-0.55945873,-0.56263167,-0.6430738,-0.7000619,-0.31363863,0.83606327
0.54413056,0.46294147,0.3710053,0.5709063,0.2303236,0.42696843,0.44243917,0.18967134,0.05394616,0.3307517,0.16300529,0.22324747,0.048003994,0.69874924,0.19485083,0.7288443,0.5623839,0.12303587,0.37199864,-0.025466545,0.2130816,0.93149996,0.8200259,0.23096137,0.2601891,0.2840472,0.31883854,0.23118654,0.3131526,0.2581844,0.028558727,0.13760018,0.72228825,0.30818146,0.7201578,-0.06480862,0.23603494,0.62058794,0.34218484,0.24307808,0.16883591,0.14812982,0.27997565,0.13785774,0.29031438,0.26854938,0.38893676,0.32762682,0.31641954,0.09211849,-0.5779876,0.07099928,-0.55983114,-0.27926886,0.23355387,-0.05083722,-0.26370063,-0.15339173,-0.48915088,-0.10815139,-0.054952264,-0.5027445,-0.31744346,0.2525133,-0.5078141,-0.19329798,-0.6948191,-0.020535285,-0.05465787,-0.01757322,-0.31050646,-0.30498338,-0.25930414,-0.36614424,-0.10594137,-0.21285503,-0.043040093,0.24949417,-0.76396346,-0.74058926,0.0067517664,-0.21049884,-0.660257,-0.16909674,-0.047044307,0.007939783,0.23808765,0.0058992924,-0.04979697,-0.47513783,-0.6953443,-0.7089116,-0.3694579,-0.46997184,-0.71633106,-0.061901506,0.21035233,-0.21880569,0.1113153,-0.03354283
0.35239926,0.21977851,0.119860336,0.31679666,0.012661224,0.22134182,0.31245655,0.062354147,0.071110785,0.32201654,0.29577476,0.27810308,0.10916744,0.81314635,0.46188182,0.5068283,0.62835205,0.21104491,0.4630866,0.2387883,0.4231153,0.8200259,0.9240919,0.47625697,0.20344543,0.3209234,0.2916406,0.25186443,0.5426967,0.3928352,-0.05628875,0.0031571616,0.5982374,0.38640857,0.5573438,0.11720447,0.4341212,0.5484454,0.3702808,0.2656843,0.35612723,0.17051277,0.2509358,0.11114706,0.25102752,0.27672648,0.43189025,0.36110833,0.23892903,0.34471333,-0.710136,-0.16837206,-0.6478075,-0.47643703,0.009808574,-0.22098517,-0.3606732,-0.19394052,-0.42041385,-0.17952824,-0.09339731,-0.47360495,-0.34363735,0.10701052,-0.40439546,0.0077008633,-0.7513226,-0.103220716,-0.06848331,-0.015361966,-0.11943797,-0.42886975,-0.28476506,-0.43704087,-0.22402894,-0.3483591,0.12901652,0.26150784,-0.8101966,-0.7497585,-0.04960971,-0.17556739,-0.76927567,-0.39566803,-0.3136844,-0.20476633,0.41727585,-0.019560745,0.07948476,-0.53833306,-0.6170571,-0.6860114,-0.38461286,-0.49873218,-0.7467171,-0.09635448,0.093838334,-0.41103965,-0.04843972,0.15482703
-0.22771119,-0.38741964,-0.54488325,-0.19786409,-0.4076519,-0.4296534,0.121118814,0.0013303305,0.1948877,0.117242604,0.3519054,0.17600122,0.1023696,0.6601182,0.5136647,-0.053216238,0.624775,0.45011032,0.58923316,0.6389798,0.7090426,0.23096137,0.47625697,0.86665064,-0.034115482,0.19199273,-0.058235936,-0.06878115,0.6744523,0.31424433,-0.21594366,-0.13456976,0.13350214,0.52787447,-0.0031272764,0.46304315,0.57222325,0.18671927,0.17934221,0.16409093,0.67874974,0.14431988,0.042374007,-0.044439763,0.051164612,0.01866914,0.08843349,0.03160867,-0.29730016,0.702916,-0.7269264,-0.5485991,-0.41854826,-0.5751409,-0.4332028,-0.5475871,-0.22823,0.013532112,-0.3382897,-0.40371215,-0.27608156,-0.27589527,-0.2949916,0.07284489,-0.017511701,0.1623443,-0.39253747,-0.020871054,0.102859996,0.16160531,0.30543748,-0.5469979,-0.2601307,-0.5794866,-0.19796021,-0.5740073,0.38466895,-0.07950054,-0.48427925,-0.41067398,0.05897338,0.104464576,-0.59177434,-0.6518327,-0.6939353,-0.6121851,0.56480443,-0.3302958,0.39510018,-0.34443158,-0.29817277,-0.51285696,-0.48384142,-0.42994303,-0.53335404,-0.19692887,-0.31388193,-0.71375024,-0.5782609,0.50024575
0.70349586,-0.21320525,0.18392566,0.12854022,-0.44593948,0.27967107,-0.21030544,-0.5323247,-0.5883383,0.93635464,0.78464776,0.8140826,0.8427798,-0.00587528,0.21941093,0.3040529,-0.24028994,-0.731758,-0.5131709,-0.5163262,-0.42892683,0.2601891,0.20344543,-0.034115482,0.9601138,0.81372917,0.8976485,0.7527871,-0.4227774,0.36325723,0.8543514,0.72262615,0.6099256,-0.568313,0.64544356,-0.6374201,-0.40257037,0.6804095,0.8728262,0.87862253,-0.3515442,0.9014559,0.93584585,0.895053,0.90486753,0.8498845,0.8065477,0.7680149,0.1852045,-0.25254494,-0.20799392,-0.47305173,-0.70115733,-0.56589997,-0.45850506,-0.49567705,-0.78363025,-0.83111376,0.29864356,0.72221935,0.78980935,0.37810057,0.21315527,-0.3564868,-0.71652627,-0.11207375,-0.5178317,-0.7478508,-0.8736312,-0.87525684,-0.8232014,-0.5551372,-0.6732224,0.31489,-0.7655431,0.5774814,-0.76698077,0.57632446,0.008734632,-0.5325474,-0.8427857,-0.92580736,-0.18805075,-0.45429367,-0.063093916,-0.44002703,-0.49885017,0.6599672,-0.75068307,-0.75484216,-0.3847572,-0.06193146,0.42859125,0.5255352,-0.1842468,0.7883365,0.76731694,-0.1004377,-0.015983447,-0.64004797
0.4865849,-0.34819892,-0.06841873,-0.088127404,-0.5754637,0.03643452,-0.32439524,-0.6286691,-0.62507063,0.8338829,0.8056559,0.83646405,0.75502807,0.18097433,0.44339478,0.14039564,-0.13387448,-0.5930934,-0.36013186,-0.339507,-0.2565446,0.2840472,0.3209234,0.19199273,0.81372917,0.8814991,0.83067894,0.7608026,-0.20299569,0.5846892,0.7248142,0.481057,0.4817789,-0.4396917,0.5122837,-0.5301107,-0.2163237,0.5297244,0.7854785,0.77558947,-0.24408972,0.8348523,0.82504475,0.7889683,0.7592144,0.8380783,0.77388006,0.72874314,-0.027987245,-0.13398612,-0.32462114,-0.62964666,-0.72929466,-0.6799296,-0.58111596,-0.589383,-0.825766,-0.8241593,0.2996439,0.5368,0.627107,0.25852603,0.20695326,-0.30943313,-0.5283276,0.13365386,-0.6428132,-0.68638396,-0.753337,-0.7661115,-0.60931635,-0.52309513,-0.50682527,0.09972875,-0.75504893,0.35610834,-0.53439593,0.6519885,-0.1228174,-0.53013194,-0.7418462,-0.8218425,-0.34948123,-0.53560066,-0.19331856,-0.49870884,-0.29598278,0.5945153,-0.63605237,-0.79264015,-0.26538903,-0.08605644,0.25879857,0.38209105,-0.19833887,0.67238307,0.6382394,-0.15235025,-0.23002726,-0.5187593
0.6802949,-0.18997484,0.17721796,0.058014628,-0.4326765,0.27062365,-0.32082665,-0.6335399,-0.69239163,0.8848798,0.75269365,0.8105805,0.79765654,0.02000057,0.34041753,0.23467413,-0.28796428,-0.7663725,-0.5442631,-0.53128815,-0.44853795,0.31883854,0.2916406,-0.058235936,0.8976485,0.83067894,0.96881616,0.8750578,-0.38153952,0.52877265,0.8306008,0.593715,0.55015296,-0.60734475,0.6459429,-0.68734753,-0.38236123,0.59863746,0.8309101,0.8084759,-0.42467672,0.85005903,0.9095482,0.869704,0.84574616,0.93001276,0.89964926,0.88014084,0.1833511,-0.30905825,-0.16859147,-0.4669686,-0.72151965,-0.5594272,-0.43073338,-0.4432841,-0.83521736,-0.89996165,0.37603727,0.69332784,0.7630602,0.33200336,0.22466135,-0.45789176,-0.66903365,0.04867948,-0.608474,-0.8036938,-0.8941102,-0.9036341,-0.78898036,-0.46406764,-0.5264021,0.2905193,-0.81487966,0.54279786,-0.71662784,0.7453095,-0.036177363,-0.5051098,-0.8657953,-0.95119536,-0.21969754,-0.39212874,0.010357588,-0.3341744,-0.4758983,0.7785346,-0.791187,-0.7980932,-0.28750172,0.01292998,0.4211942,0.5166017,-0.12264007,0.78657365,0.8436257,0.030897854,0.010023351,-0.6778309
0.49334788,-0.2353369,0.082394585,-0.14646342,-0.47096777,0.15407328,-0.5042832,-0.74543774,-0.74163413,0.73322296,0.67885876,0.74387664,0.7004738,-0.002150241,0.44627854,0.032643512,-0.3759008,-0.7475324,-0.5677759,-0.4789163,-0.44448185,0.23118654,0.25186443,-0.06878115,0.7527871,0.7608026,0.8750578,0.9186535,-0.31422552,0.63507056,0.71975577,0.3789205,0.3501921,-0.63845974,0.4538666,-0.6446327,-0.31711853,0.3882445,0.6879685,0.6534599,-0.48244902,0.73379725,0.75752556,0.7531532,0.6657865,0.88055253,0.83019036,0.8191016,0.12093142,-0.3321575,-0.06797212,-0.46887675,-0.62674093,-0.5290307,-0.44504413,-0.34949455,-0.81328005,-0.8862276,0.50892735,0.6531993,0.70687985,0.35462302,0.33391804,-0.45713282,-0.44320178,0.2856164,-0.5849893,-0.7364891,-0.7998018,-0.83291686,-0.61244655,-0.29202735,-0.29416436,0.30899668,-0.741297,0.5109034,-0.5448899,0.84159386,-0.0063958107,-0.3621989,-0.7892154,-0.84710205,-0.19555354,-0.31777602,0.0252375,-0.23814401,-0.38680363,0.81808794,-0.7304252,-0.68400764,-0.068930484,0.16567247,0.45198593,0.5199236,0.026207438,0.7163792,0.7612128,0.15356451,0.017970001,-0.6304381
-0.34512475,-0.0177893,-0.30660656,-0.092530295,-0.032342985,-0.2363461,0.26724517,0.2722382,0.5021588,-0.27362886,-0.041101433,-0.18045324,-0.29116023,0.7215469,0.44599944,0.01267154,0.7139783,0.72330105,0.7837007,0.81352985,0.863981,0.3131526,0.5426967,0.6744523,-0.4227774,-0.20299569,-0.38153952,-0.31422552,0.9345589,0.16001737,-0.6172262,-0.4433912,-0.00113381,0.73970854,-0.15309109,0.72816455,0.80020905,-0.0074715293,-0.16359064,-0.22119123,0.75568277,-0.3161703,-0.36694378,-0.46435255,-0.3519243,-0.32706895,-0.17013541,-0.21484011,-0.012245761,0.7499987,-0.6036182,-0.14620346,-0.16564417,-0.2865214,-0.02086324,-0.09043808,0.09325368,0.34830976,-0.46589887,-0.61549324,-0.53958,-0.4725968,-0.37429756,0.24192731,0.20645648,0.20541662,-0.26085737,0.30335587,0.46610558,0.527054,0.5995922,-0.22645831,0.06322911,-0.57455754,0.1870391,-0.7246949,0.73322445,-0.22457188,-0.6260526,-0.28506687,0.41888335,0.47137964,-0.5851823,-0.35109943,-0.580297,-0.22714148,0.83236945,-0.5162954,0.7099066,0.014076621,-0.22541529,-0.51176965,-0.55169034,-0.7014985,-0.5258482,-0.57718194,-0.58515924,-0.56428397,-0.22829413,0.75497204
0.053539716,-0.32052407,-0.24484897,-0.4016678,-0.49309695,-0.17024975,-0.51372975,-0.6539571,-0.51861775,0.4072237,0.5370128,0.56872493,0.40977794,0.3076927,0.7256278,-0.18822221,-0.07339192,-0.32897586,-0.17492616,-0.051955737,-0.025551122,0.2581844,0.3928352,0.31424433,0.36325723,0.5846892,0.52877265,0.63507056,0.16001737,0.8654097,0.2908694,-0.082752734,0.09407828,-0.26063126,0.15679662,-0.28819445,0.030230174,0.119115025,0.40659714,0.35121584,-0.1594848,0.41675505,0.3992768,0.36090237,0.26647013,0.61521125,0.56644267,0.5271258,-0.12809207,-0.03885062,-0.25065458,-0.5530393,-0.5152704,-0.5728231,-0.46842146,-0.35343656,-0.65177053,-0.6245627,0.37416744,0.20918816,0.28544912,0.104916245,0.255889,-0.24072671,-0.042636562,0.6117456,-0.61745536,-0.43813136,-0.41298538,-0.4418755,-0.10792436,-0.18686646,0.00017249025,-0.06453006,-0.52727413,0.0330865,-0.031891976,0.7041086,-0.24202558,-0.2860896,-0.43738848,-0.46308148,-0.42439514,-0.3809935,-0.20481125,-0.2592339,0.008942673,0.45143,-0.35373825,-0.54119694,0.09302622,0.060801044,0.103746615,0.115509905,-0.035798762,0.28872538,0.34052467,0.0033157435,-0.24149516,-0.2731931
0.5681232,-0.268378,0.11918458,0.012164751,-0.41759202,0.15570815,-0.33507496,-0.57629806,-0.6916331,0.794559,0.6325465,0.68605995,0.7510941,-0.2838002,0.075461894,0.10255398,-0.4672134,-0.8206719,-0.68517315,-0.64007574,-0.6037158,0.028558727,-0.05628875,-0.21594366,0.8543514,0.7248142,0.8306008,0.71975577,-0.6172262,0.2908694,0.9119539,0.6598799,0.39527223,-0.7119982,0.48665798,-0.73841006,-0.57353044,0.445841,0.7078563,0.73353577,-0.5301407,0.83049893,0.84952354,0.8877202,0.8168025,0.7926549,0.6957947,0.6998575,0.017729254,-0.43241626,0.057163194,-0.40051535,-0.48008,-0.36365336,-0.43462938,-0.4244117,-0.655094,-0.7844591,0.4506441,0.73962545,0.7627958,0.46413323,0.28125626,-0.45076066,-0.5659512,-0.066130325,-0.3070826,-0.73970175,-0.86001813,-0.8798537,-0.7833373,-0.34956852,-0.49415964,0.4045949,-0.71422845,0.6563519,-0.8169727,0.55878055,0.26362926,-0.23856317,-0.8291147,-0.88024473,0.087407246,-0.241422,0.14756015,-0.28674823,-0.66074723,0.73710185,-0.82698894,-0.60746694,-0.13249405,0.20499247,0.49850416,0.6937803,0.09332532,0.8692102,0.8117014,0.1298925,-0.03810095,-0.74846137
0.64607215,-0.07291107,0.21901637,0.33902085,-0.19216785,0.28530568,0.09599134,-0.15830956,-0.28124183,0.7037548,0.48804095,0.46972096,0.60774744,-0.12445365,-0.14923684,0.40816495,-0.1308237,-0.49647254,-0.3627246,-0.41888922,-0.3419522,0.13760018,0.0031571616,-0.13456976,0.72262615,0.481057,0.593715,0.3789205,-0.4433912,-0.082752734,0.6598799,0.79043853,0.5944221,-0.36264658,0.55157346,-0.42477715,-0.37572443,0.6243161,0.64935446,0.6742036,-0.18641154,0.666691,0.7168102,0.6774769,0.758402,0.5008604,0.5068617,0.4746172,0.15054831,-0.17023957,-0.10757199,-0.20836593,-0.44246158,-0.27124998,-0.22362824,-0.35303664,-0.43595532,-0.47268623,0.04038493,0.53048456,0.57683325,0.28449452,0.022773929,-0.18892016,-0.66933393,-0.43138075,-0.19609562,-0.47676975,-0.6210702,-0.5941787,-0.7105819,-0.46731296,-0.6802143,0.24452643,-0.4776579,0.4656353,-0.69795954,0.14836362,0.12250412,-0.41065764,-0.57668865,-0.64421916,0.024191631,-0.26954386,0.031077953,-0.30839023,-0.46160525,0.3667007,-0.52372366,-0.47112,-0.45618758,-0.14896917,0.2676837,0.41219878,-0.19593114,0.59704554,0.5475003,-0.14714512,0.017821273,-0.4572805
0.7938217,0.25938237,0.37055224,0.6438867,0.035450205,0.46203023,0.44785777,0.082326174,-0.076592825,0.6630335,0.4297528,0.42922914,0.40347844,0.45907965,0.045092218,0.8068231,0.38429415,-0.15406564,0.10989258,-0.20383677,0.014582691,0.72228825,0.5982374,0.13350214,0.6099256,0.4817789,0.55015296,0.3501921,-0.00113381,0.09407828,0.39527223,0.5944221,0.94590807,0.062576115,0.8687365,-0.24062228,-0.0050644157,0.89696634,0.6560506,0.60411114,0.09460884,0.50943995,0.6272693,0.4933876,0.6775074,0.46654737,0.572876,0.5061295,0.32318503,0.04751555,-0.54047906,-0.094060615,-0.6878724,-0.3951583,0.0054987497,-0.30743694,-0.434049,-0.36486527,-0.39698127,0.20531514,0.27568394,-0.21355417,-0.2786805,0.086722225,-0.79948086,-0.45832372,-0.59614885,-0.296649,-0.38430858,-0.33960974,-0.6313648,-0.5637422,-0.66655993,-0.1580098,-0.3734225,0.08765115,-0.43715394,0.21078938,-0.47491205,-0.7932518,-0.32632476,-0.5069792,-0.45446676,-0.3194962,-0.08578075,-0.24739423,-0.062471367,0.17016965,-0.288953,-0.63844335,-0.8497977,-0.65505946,-0.1377662,-0.10167928,-0.70453787,0.29297084,0.44510847,-0.3376647,0.052679688,-0.21925308
-0.2925668,0.22680336,-0.15719607,0.26114613,0.32006335,-0.14839257,0.66382134,0.6918063,0.7239498,-0.45313853,-0.36818582,-0.47615075,-0.5557389,0.6140257,-0.04002757,0.2398471,0.86386764,0.93442875,0.95695347,0.71979594,0.80779636,0.30818146,0.38640857,0.52787447,-0.568313,-0.4396917,-0.60734475,-0.63845974,0.73970854,-0.26063126,-0.7119982,-0.36264658,0.062576115,0.9755316,-0.07492559,0.7646706,0.6985278,0.0043680696,-0.37122923,-0.40733212,0.8117038,-0.5052213,-0.51263285,-0.59375244,-0.41911143,-0.6017264,-0.45143503,-0.47906458,-0.06959097,0.6704891,-0.49875462,0.19285128,0.09907952,0.079505175,0.29710928,0.042064376,0.46407783,0.6809144,-0.8096933,-0.8259815,-0.7897643,-0.6926377,-0.6375082,0.4536596,0.14334747,-0.24946837,0.0019583043,0.574098,0.6936132,0.7735228,0.5480225,-0.10783157,0.04872314,-0.7125643,0.46874875,-0.829239,0.6422037,-0.5971893,-0.53744674,-0.17131586,0.68591666,0.67385215,-0.3628805,-0.06658808,-0.33215946,-0.029269176,0.7412231,-0.77438056,0.80435663,0.20834288,-0.34969622,-0.66088945,-0.7902384,-0.8376866,-0.5631145,-0.6999677,-0.66621995,-0.5246016,-0.20653194,0.7819058
0.82670677,0.3191545,0.4424828,0.64623934,0.09726825,0.5067109,0.35423306,0.0063223396,-0.23406863,0.6650733,0.36995053,0.43772307,0.38046536,0.3516822,-0.006541158,0.76539147,0.23484385,-0.294102,-0.034052525,-0.39162418,-0.1750366,0.7201578,0.5573438,-0.0031272764,0.64544356,0.5122837,0.6459429,0.4538666,-0.15309109,0.15679662,0.48665798,0.55157346,0.8687365,-0.07492559,0.93587875,-0.43184382,-0.16117775,0.7997641,0.62039834,0.56004345,-0.10797298,0.51435685,0.66033494,0.56240773,0.69481707,0.5552014,0.61901164,0.57734567,0.2956529,-0.1561991,-0.39415067,-0.0368321,-0.6361284,-0.29014823,0.07718393,-0.24316351,-0.44487435,-0.43831995,-0.28182983,0.27245715,0.31188816,-0.21614113,-0.24758041,-0.02365613,-0.822358,-0.43544126,-0.6092453,-0.36102265,-0.46996942,-0.43422693,-0.7449098,-0.4383081,-0.56558275,-0.09299129,-0.40598464,0.17159602,-0.5564704,0.33349758,-0.4082504,-0.70449734,-0.39719528,-0.60738873,-0.36811656,-0.19359156,0.11668772,-0.107741386,-0.22004762,0.3183419,-0.46410728,-0.67108095,-0.7267442,-0.5209001,-0.08072577,-0.022175087,-0.5568147,0.3934844,0.6057222,-0.13869965,0.099153556,-0.41355267
