0,1,2,3,4,5,6,7,8,9,10,11,12,13,14,15,16,17,18,19,20,21,22,23,24,25,26,27,28,29,30,31,32,33,34,35,36,37,38,39,40,41,42,43,44,45,46,47,48,49,50,51,52,53,54,55,56,57,58,59,60,61,62,63,64,65,66,67,68,69,70,71,72,73,74,75,76,77,78,79,80,81,82,83,84,85,86,87,88,89,90,91,92,93,94,95,96,97,98,99
0.8298468,-0.0058596227,-0.04150373,0.050918818,0.24813457,0.47760713,-0.037891526,-0.07346408,-0.0014121281,-0.37388486,-0.55255485,-0.6167009,-0.5678203,-0.48260444,-0.39619654,-0.10883543,-0.67713034,-0.28020838,-0.50486964,0.5599711,-0.4770429,-0.6140349,-0.4329942,-0.7899536,-0.44482648,-0.7595984,-0.22191766,-0.54512215,-0.30710286,-0.71345985,0.3936361,0.48119938,-0.028042382,-0.26536304,-0.63835746,0.75146127,0.55183774,0.36254993,0.07669351,-0.20941639,0.57342124,0.100828096,-0.507438,0.5811858,0.63256377,0.25037268,0.09400599,0.6862124,0.7609313,0.6955475,0.42362124,-0.12778741,0.004235041,0.37453866,0.24212238,0.59960324,-0.4446868,-0.019483447,-0.62740195,-0.35681394,-0.5116787,-0.34423918,-0.3614722,-0.5033098,-0.5115592,-0.56228197,0.7191047,-0.4118603,-0.39716494,0.13598074,-0.42762345,-0.48870948,-0.42168128,-0.20858662,-0.5181294,-0.47192216,-0.4200629,-0.6096852,0.21441492,0.34459552,-0.45863897,0.79490215,0.76457626,-0.30815113,-0.20995095,0.8229011,0.6711669,0.40123907,0.783298,0.6324116,0.41596025,0.060068924,0.45920578,0.7428148,-0.066979416,0.7220906,0.78755254,0.78327,0.7642598,0.76462096
-0.0058596227,0.8917239,0.81185037,0.80524254,0.67429775,0.51437986,0.83273685,0.8563542,0.7376517,0.55084205,0.23978308,0.34251633,0.42286348,0.11377941,0.35773385,0.8257883,0.3885814,0.6292984,0.5157718,0.10378902,0.42260182,0.14935333,0.113864675,0.1872207,0.41939342,0.22370692,-0.60625815,-0.38219225,0.23326477,0.13318865,-0.4361024,-0.71213263,0.6958399,0.49353415,0.012407942,-0.38024652,-0.5725193,0.36200878,-0.13024476,0.30803645,-0.3966509,-0.38452297,0.09348105,-0.5028744,-0.30231106,-0.6412059,-0.6703559,-0.46166652,-0.37381595,-0.33404684,-0.7059033,0.19048557,-0.66467524,-0.22624592,0.73981905,0.35495967,0.44446298,0.76153255,-0.43811876,0.54046774,0.44271386,0.605821,0.666861,0.5641147,0.54929596,0.4357003,-0.2709262,0.64938486,0.6011408,0.6684669,0.52898943,0.4500261,0.5352385,0.64683187,0.61710757,0.43516296,0.3467824,0.33321506,-0.7761695,-0.7663537,0.48905182,-0.30411923,-0.0037548724,0.61244786,0.594208,-0.02317121,-0.40680873,-0.2222156,-0.2879213,-0.23353429,-0.72391295,-0.80979764,-0.65886474,-0.38635528,0.625535,-0.31376058,-0.28114474,-0.28175372,-0.4063553,-0.38776976
-0.04150373,0.81185037,0.9285582,0.7934301,0.5566784,0.6335476,0.8965057,0.9178022,0.8587904,0.6289476,0.32262886,0.41632444,0.511417,0.19899577,0.5050244,0.8385259,0.5019299,0.7715301,0.6148604,0.27837145,0.5552118,0.21937129,0.3071947,0.28082928,0.5156818,0.3275069,-0.4255486,-0.25850692,0.4435987,0.22809774,-0.5004811,-0.77250695,0.7274054,0.63795185,0.089176536,-0.38350695,-0.5303068,0.38899103,-0.11703135,0.35533774,-0.42894626,-0.35877925,0.12864722,-0.550027,-0.36869603,-0.7025002,-0.71549666,-0.44630662,-0.40436393,-0.3742419,-0.7623591,0.07383411,-0.7457346,-0.3762344,0.8306285,0.41718772,0.50035155,0.87744063,-0.33667338,0.6240424,0.52675676,0.6540226,0.7760583,0.6420584,0.6557634,0.5536751,-0.28058764,0.7234119,0.7130162,0.80702746,0.66937923,0.6034639,0.68252176,0.7613457,0.7156502,0.5739364,0.5222659,0.48724052,-0.7719803,-0.8279792,0.6220163,-0.332016,-0.019361319,0.7364199,0.73748195,-0.050289556,-0.3731752,-0.08575471,-0.2832573,-0.19061093,-0.7875684,-0.865801,-0.6664045,-0.4670517,0.7317195,-0.3993668,-0.3533761,-0.28688344,-0.4380834,-0.4350872
0.050918818,0.80524254,0.7934301,0.91395235,0.69461346,0.5221972,0.87030745,0.82723314,0.7846197,0.66541564,0.3620571,0.44139278,0.51717275,0.11116067,0.44524798,0.82154655,0.3779938,0.6119113,0.53999144,0.12222812,0.42438644,0.26263535,0.12926193,0.17420074,0.53992784,0.25061664,-0.6942197,-0.49786463,0.20569614,0.15421632,-0.2680513,-0.68796,0.76636505,0.554085,0.05012326,-0.28686106,-0.44780773,0.6006356,0.13037398,0.51617634,-0.19746777,-0.15408367,0.24523605,-0.34399676,-0.16537586,-0.5224991,-0.5551682,-0.41262668,-0.2778968,-0.17331159,-0.72934544,-0.07403237,-0.7892318,-0.28775987,0.7496432,0.32525855,0.31264374,0.75896317,-0.3924948,0.6802038,0.5635432,0.7071171,0.71446925,0.66109324,0.62625986,0.5057487,-0.23429172,0.7276862,0.62179184,0.70855176,0.55199003,0.38957983,0.47974563,0.69550747,0.6270932,0.46554852,0.27942637,0.30654973,-0.7731102,-0.7904462,0.4231592,-0.22108473,-0.032095447,0.5243894,0.5057541,0.01807203,-0.2783649,-0.3184993,-0.24579701,-0.25128946,-0.7661686,-0.84962624,-0.52555037,-0.31721205,0.6045346,-0.1894086,-0.23967588,-0.23522243,-0.35886955,-0.28401554
0.24813457,0.67429775,0.5566784,0.69461346,0.85703754,0.50988436,0.58772343,0.5927357,0.5400716,0.21383837,-0.076516554,0.027912663,0.12689242,-0.14204162,0.002563388,0.5362729,-0.0128105655,0.2944393,0.17331636,0.13199782,0.04383034,-0.13974147,-0.30689266,-0.21683878,0.07977406,-0.15985745,-0.71060157,-0.69190186,-0.12795013,-0.24129906,-0.18480618,-0.38635865,0.42193192,0.2392557,-0.2081779,-0.022374764,-0.2803968,0.3377795,-0.096492976,0.14309666,-0.037396997,-0.32756704,-0.07242025,-0.1294269,0.04898902,-0.35968083,-0.44310623,-0.16157612,0.01701355,0.04592815,-0.37289676,0.1738427,-0.4559226,0.13364735,0.58157533,0.4868027,0.18083057,0.54670525,-0.5980499,0.24413283,0.13695115,0.44414943,0.39557615,0.265234,0.21618666,0.0644071,0.074129134,0.38612106,0.26203087,0.49257466,0.14751284,0.05080916,0.13239019,0.3732679,0.2551348,0.021766588,-0.041546192,-0.12547228,-0.59474546,-0.4660303,0.0942163,0.05674043,0.26813596,0.2411625,0.2300393,0.25036487,-0.10205069,-0.2968305,0.025892032,-0.04549314,-0.39419857,-0.5896747,-0.28518218,-0.01817723,0.33672446,0.07561013,0.07879552,0.02760558,-0.032481346,0.0023147594
0.47760713,0.51437986,0.6335476,0.5221972,0.50988436,0.90923584,0.5653713,0.5947205,0.61539257,0.115451805,-0.23197404,-0.16932288,-0.05134125,-0.16997609,0.06887087,0.4580887,-0.076530464,0.4154708,0.108722806,0.6642412,0.09283793,-0.33859056,-0.08636553,-0.33161688,-0.011745293,-0.2821265,-0.3066157,-0.50683165,0.17609641,-0.35636485,-0.20230925,-0.22348897,0.3845675,0.30580807,-0.36298728,0.24510446,-0.0036592567,0.33245993,-0.20461842,-0.029027632,0.012959013,-0.31533366,-0.3430704,-0.04503073,0.1158531,-0.4004708,-0.49917534,0.17063253,0.217798,0.14507014,-0.2024413,0.0501585,-0.4404229,0.02725606,0.73025286,0.8291931,0.13368377,0.63708335,-0.62368387,0.11134862,-0.030578803,0.21907341,0.3287891,0.08314501,0.109728046,-0.0035859281,0.3382422,0.23340261,0.25961107,0.6913381,0.20723419,0.16697013,0.25966698,0.39591825,0.17230667,0.06036117,0.17189702,-0.040265515,-0.3905036,-0.32481956,0.19441247,0.28979135,0.56553876,0.36945486,0.4432634,0.50468266,0.18563226,0.26660228,0.3590692,0.35843274,-0.24464767,-0.5405171,-0.16211024,0.12196545,0.46306002,0.13984373,0.24998857,0.33200905,0.22123705,0.1685222
-0.037891526,0.83273685,0.8965057,0.87030745,0.58772343,0.5653713,0.9489845,0.9256138,0.86138934,0.71745026,0.41343874,0.49563712,0.5738729,0.21417546,0.55796564,0.8864305,0.51086473,0.754961,0.65055704,0.21096215,0.57029736,0.30327776,0.31529695,0.29529107,0.6045448,0.36330712,-0.5237114,-0.3086749,0.41379684,0.26623845,-0.4222766,-0.780491,0.8149556,0.65977585,0.11431481,-0.38737798,-0.5227779,0.5215821,0.0207924,0.48241404,-0.3651954,-0.23936033,0.22547929,-0.5031906,-0.32116148,-0.66372776,-0.6752251,-0.46935606,-0.40164208,-0.33073944,-0.8087349,-0.05156214,-0.8306844,-0.41395265,0.8108495,0.34428847,0.43188053,0.8558272,-0.31771225,0.71877974,0.6103757,0.7111871,0.79805875,0.715434,0.7120106,0.60576594,-0.32230368,0.78092736,0.74039155,0.80394167,0.6947117,0.5750315,0.65701795,0.784222,0.73918355,0.6053127,0.47873467,0.49154818,-0.8020239,-0.86523956,0.60068065,-0.32679558,-0.08007234,0.6968357,0.68912816,-0.05980266,-0.36314362,-0.17383164,-0.30978817,-0.23960388,-0.84279597,-0.91040415,-0.64959073,-0.46031418,0.7334386,-0.3603287,-0.36106974,-0.3072124,-0.45406318,-0.41756472
-0.07346408,0.8563542,0.9178022,0.82723314,0.5927357,0.5947205,0.9256138,0.9522156,0.8513359,0.66509366,0.35302907,0.44995108,0.5356339,0.21350963,0.5261129,0.8828278,0.53412414,0.79085934,0.65385914,0.2191252,0.5855516,0.24132304,0.29910558,0.3092519,0.539271,0.35112327,-0.4860133,-0.27303675,0.45140025,0.24863587,-0.53744376,-0.80830383,0.76743114,0.65588003,0.095086426,-0.42640105,-0.576265,0.38839,-0.12956764,0.36237723,-0.4697652,-0.38417396,0.14067823,-0.5849458,-0.398803,-0.7403647,-0.7541263,-0.49458778,-0.4479278,-0.41347697,-0.80387783,0.08501957,-0.7660322,-0.39977267,0.8123728,0.36490476,0.50378394,0.86857283,-0.3357792,0.6558799,0.5575478,0.69127405,0.8038348,0.68161875,0.69133973,0.58413184,-0.33242166,0.7617506,0.7518662,0.8092216,0.69757557,0.62583864,0.701447,0.77694213,0.75101376,0.5971283,0.5426738,0.5073999,-0.82065976,-0.8646648,0.64902276,-0.36715811,-0.0616263,0.7598397,0.7498826,-0.07861002,-0.41224757,-0.12800682,-0.3227002,-0.22819397,-0.8258929,-0.8990949,-0.71415937,-0.49961266,0.7478772,-0.4322645,-0.3852031,-0.3279093,-0.48306593,-0.47130013
-0.0014121281,0.7376517,0.8587904,0.7846197,0.5400716,0.61539257,0.86138934,0.8513359,0.90238404,0.6492381,0.37467927,0.45184976,0.556279,0.24444832,0.54269576,0.7610017,0.47314313,0.702271,0.6012363,0.26614925,0.5230832,0.28598416,0.3059177,0.2583506,0.54908586,0.32884902,-0.41482025,-0.30711138,0.36317897,0.24192238,-0.33069658,-0.6977217,0.6895809,0.6249721,0.13399692,-0.30761787,-0.4417823,0.48441237,0.05304789,0.46477038,-0.2730576,-0.20250463,0.22768866,-0.41329053,-0.24512488,-0.5634197,-0.5665207,-0.3760116,-0.3137443,-0.24793175,-0.7044424,-0.038061734,-0.7297747,-0.32965684,0.80585206,0.41764516,0.46131617,0.87711245,-0.25462803,0.6543461,0.5700242,0.6834307,0.74018264,0.64226675,0.64322096,0.5614394,-0.21180403,0.71115196,0.6567247,0.7915602,0.63006425,0.5050382,0.6020856,0.69797504,0.6512456,0.53054327,0.41603053,0.4364701,-0.69175345,-0.7698401,0.50935555,-0.26679772,-0.020718137,0.6053773,0.5968205,-0.034336247,-0.29115993,-0.16377755,-0.24529232,-0.21186562,-0.7350952,-0.79824495,-0.51664054,-0.39812654,0.6218566,-0.29216787,-0.31421188,-0.24299315,-0.3788873,-0.34355164
-0.37388486,0.55084205,0.6289476,0.66541564,0.21383837,0.115451805,0.71745026,0.66509366,0.6492381,0.92702883,0.81055474,0.8380815,0.80013824,0.42904884,0.75495434,0.7150328,0.7166585,0.6506888,0.76783955,-0.11446684,0.7009097,0.67817116,0.5643403,0.6374929,0.89266074,0.71661484,-0.30523664,0.03959195,0.50064945,0.6212517,-0.30031133,-0.7494211,0.7162421,0.62954783,0.41140944,-0.59245265,-0.5306598,0.5069604,0.30335522,0.7229573,-0.37986386,0.10434599,0.5696175,-0.5171165,-0.44273114,-0.49089563,-0.42621696,-0.64076114,-0.60440755,-0.44176906,-0.81683713,-0.31318796,-0.7444382,-0.6304844,0.46235767,-0.15546466,0.37502915,0.59631956,0.17294322,0.91898835,0.88943946,0.71179914,0.75444746,0.86465883,0.861089,0.8375118,-0.6072407,0.8119394,0.7731016,0.5407703,0.7925326,0.653541,0.61884433,0.7067034,0.8004488,0.8166747,0.52908933,0.69930804,-0.6237633,-0.79323876,0.62656444,-0.55996454,-0.52911913,0.59105194,0.5377172,-0.41804594,-0.47912177,-0.3366385,-0.59638226,-0.49451697,-0.84797794,-0.68088466,-0.5992446,-0.63457024,0.61159754,-0.51100385,-0.62002546,-0.57200706,-0.68644863,-0.589058
-0.55255485,0.23978308,0.32262886,0.3620571,-0.076516554,-0.23197404,0.41343874,0.35302907,0.37467927,0.81055474,0.9097719,0.88798296,0.8091749,0.54053366,0.7278311,0.41966105,0.7271538,0.4328348,0.6831981,-0.34466708,0.6325122,0.8247429,0.6380625,0.7715781,0.8639355,0.83132017,-0.033911772,0.3132684,0.40818563,0.7777063,-0.12830207,-0.57297516,0.45826304,0.47048372,0.5977538,-0.62984365,-0.45527303,0.3217938,0.42313367,0.72706187,-0.31751287,0.280648,0.7227769,-0.42505068,-0.43820375,-0.23949844,-0.11997871,-0.62786555,-0.63458914,-0.4443701,-0.63368374,-0.3303263,-0.4701587,-0.58813626,0.13140896,-0.46308333,0.3400038,0.31229812,0.51594067,0.8093592,0.87098694,0.5627464,0.55217314,0.758636,0.7537782,0.80471677,-0.6638172,0.64118594,0.5950579,0.22503634,0.662435,0.53726864,0.48727262,0.46783966,0.6531234,0.74554247,0.42377895,0.7021768,-0.34807044,-0.5619169,0.48153,-0.63532007,-0.7349196,0.37264127,0.2936768,-0.6221348,-0.49581057,-0.40597028,-0.69428015,-0.61175215,-0.64525366,-0.354975,-0.42908588,-0.64654696,0.328224,-0.52739704,-0.7016834,-0.6623305,-0.72021264,-0.6033981
-0.6167009,0.34251633,0.41632444,0.44139278,0.027912663,-0.16932288,0.49563712,0.44995108,0.45184976,0.8380815,0.88798296,0.93327856,0.8620417,0.5641513,0.7523164,0.5004633,0.7976699,0.53425556,0.76462567,-0.35730445,0.69963175,0.8168903,0.61400545,0.8033557,0.87693876,0.86642027,-0.11039264,0.26288882,0.45369804,0.7841799,-0.27073646,-0.68902946,0.49726248,0.56241363,0.61704755,-0.70862293,-0.56533116,0.27201927,0.30357212,0.6882912,-0.42613494,0.13885054,0.71177584,-0.5400013,-0.5281808,-0.36563927,-0.2472244,-0.7273644,-0.71135646,-0.5387639,-0.7289151,-0.25626093,-0.519658,-0.59362394,0.19532037,-0.41714618,0.42722,0.40230185,0.46692783,0.845652,0.90692246,0.67515814,0.6691077,0.8405218,0.83587474,0.85905755,-0.7197187,0.7458072,0.6902211,0.30303603,0.7302164,0.619161,0.57810414,0.5562318,0.7522117,0.77908367,0.4979338,0.7430671,-0.47470072,-0.668464,0.5760437,-0.7112697,-0.7467302,0.47589982,0.38417822,-0.66457844,-0.5884489,-0.47750008,-0.7567791,-0.6634141,-0.742157,-0.4517293,-0.53246105,-0.7350683,0.4021974,-0.617934,-0.7725431,-0.7350589,-0.7955744,-0.69514143
-0.5678203,0.42286348,0.511417,0.51717275,0.12689242,-0.05134125,0.5738729,0.5356339,0.556279,0.80013824,0.8091749,0.8620417,0.9260706,0.6431168,0.77529854,0.5545762,0.8174873,0.5985261,0.7996143,-0.30434203,0.7119648,0.8173369,0.63652784,0.7715323,0.82027626,0.8362175,-0.13437128,0.19494021,0.40783638,0.7926265,-0.3064663,-0.74483013,0.5331241,0.64308023,0.68785346,-0.71792454,-0.64059615,0.26191384,0.2639091,0.70332515,-0.4401865,0.02600699,0.73835516,-0.58249307,-0.5403397,-0.39700294,-0.26974475,-0.72090614,-0.70593524,-0.5494429,-0.76889193,-0.1436684,-0.54760337,-0.5478462,0.30023935,-0.2797062,0.56198156,0.52030224,0.39585376,0.8141018,0.8749413,0.7699616,0.7419082,0.85749745,0.8433025,0.8643747,-0.6607039,0.7952688,0.6927248,0.39694494,0.73096406,0.5984554,0.6470281,0.604161,0.76963454,0.7179452,0.47605798,0.7460319,-0.536235,-0.7185112,0.57020986,-0.722038,-0.66199136,0.50432533,0.41353264,-0.6516495,-0.6441062,-0.5369828,-0.75917697,-0.71511245,-0.7766806,-0.5257991,-0.5609174,-0.7722411,0.36862397,-0.6311785,-0.7906773,-0.72737145,-0.79979944,-0.71079695
-0.48260444,0.11377941,0.19899577,0.11116067,-0.14204162,-0.16997609,0.21417546,0.21350963,0.24444832,0.42904884,0.54053366,0.5641513,0.6431168,0.7631871,0.6199393,0.20193031,0.6807815,0.38926557,0.6237408,-0.21367145,0.598904,0.5832688,0.5825987,0.63381904,0.48313636,0.6479847,0.20731835,0.3802588,0.31788313,0.67847216,-0.20572254,-0.42475757,0.15692958,0.41173345,0.5983679,-0.5573212,-0.4841017,-0.076037906,0.07623589,0.34150583,-0.38570702,-0.061225876,0.47418964,-0.4880365,-0.47817242,-0.22164237,-0.072018765,-0.47962612,-0.5476657,-0.4715574,-0.40792057,0.06737303,-0.12663859,-0.3413986,0.014894085,-0.28529692,0.52044666,0.24010836,0.47553676,0.43224412,0.55206954,0.44384974,0.43622988,0.5033555,0.5376003,0.63889587,-0.4275989,0.444425,0.40973365,0.15315239,0.5174011,0.4332049,0.48339146,0.25179678,0.4694134,0.46739608,0.36205673,0.62503904,-0.15042341,-0.3405856,0.36040717,-0.5968858,-0.49860638,0.29773805,0.19245753,-0.589667,-0.53733146,-0.2929967,-0.5797639,-0.5599295,-0.40342206,-0.14599995,-0.33413726,-0.6253114,0.032262765,-0.5607869,-0.66044277,-0.54605395,-0.60588324,-0.5680514
-0.39619654,0.35773385,0.5050244,0.44524798,0.002563388,0.06887087,0.55796564,0.5261129,0.54269576,0.75495434,0.7278311,0.7523164,0.77529854,0.6199393,0.851537,0.5387232,0.7728501,0.64762795,0.8057398,-0.02555503,0.78291696,0.64936376,0.6974107,0.668307,0.77295923,0.73049074,-0.011034619,0.23688324,0.57199645,0.6743083,-0.29490858,-0.6407915,0.52414703,0.6358478,0.49616846,-0.5602994,-0.4836506,0.29186696,0.19720232,0.5673146,-0.40084583,0.046382833,0.51277655,-0.5259212,-0.48691338,-0.4430951,-0.33376426,-0.5465227,-0.5815898,-0.46621138,-0.6766728,-0.23379233,-0.5447365,-0.62377095,0.31141186,-0.15960857,0.443493,0.50373256,0.32507342,0.7577022,0.7841979,0.6336311,0.6903402,0.76283014,0.8020363,0.8514918,-0.51301384,0.7189607,0.7162249,0.4820046,0.7975442,0.6627029,0.6554847,0.5930773,0.7304028,0.7494318,0.5800599,0.7717936,-0.4231031,-0.6405103,0.61124575,-0.56728053,-0.4826092,0.55780756,0.48745263,-0.47201973,-0.4619438,-0.20741814,-0.55729425,-0.46252418,-0.7044215,-0.5036971,-0.5019848,-0.665029,0.439354,-0.56145537,-0.65996295,-0.5346036,-0.6518274,-0.59408057
-0.10883543,0.8257883,0.8385259,0.82154655,0.5362729,0.4580887,0.8864305,0.8828278,0.7610017,0.7150328,0.41966105,0.5004633,0.5545762,0.20193031,0.5387232,0.91978794,0.5439209,0.75012785,0.6631313,0.12689058,0.5925535,0.29403841,0.30760944,0.33954102,0.6039113,0.38876396,-0.53103375,-0.25510466,0.43919808,0.28100592,-0.49893272,-0.7929419,0.8215307,0.62413114,0.10267817,-0.46460605,-0.5826043,0.44403762,-0.050898537,0.41685563,-0.4604053,-0.28583,0.19236547,-0.5781242,-0.404619,-0.71756077,-0.7255721,-0.5355724,-0.4823566,-0.41901827,-0.8206856,-0.0121311275,-0.7920227,-0.45559973,0.71346223,0.22963706,0.41887856,0.76249003,-0.31515378,0.70478976,0.60134315,0.6706984,0.7867322,0.7179233,0.7215752,0.6145823,-0.39738852,0.77245384,0.7647711,0.73122865,0.709838,0.6252442,0.6684388,0.7680011,0.7624705,0.63594246,0.52966356,0.52657366,-0.80692244,-0.8564298,0.653056,-0.39172477,-0.14475688,0.73907065,0.7204265,-0.112841584,-0.42901444,-0.16140908,-0.36943334,-0.254005,-0.84589946,-0.88265616,-0.7353771,-0.5053983,0.7528607,-0.43223187,-0.40354773,-0.36442244,-0.5191166,-0.48808044
-0.67713034,0.3885814,0.5019299,0.3779938,-0.0128105655,-0.076530464,0.51086473,0.53412414,0.47314313,0.7166585,0.7271538,0.7976699,0.8174873,0.6807815,0.7728501,0.5439209,0.93589884,0.7221898,0.8561388,-0.21746184,0.83410996,0.7031121,0.7218846,0.8570953,0.7439457,0.87393725,0.06538295,0.41439655,0.64069283,0.8053987,-0.56473386,-0.7827287,0.45504978,0.6839597,0.6557914,-0.8089264,-0.71028924,-0.021401986,-0.054976474,0.43784812,-0.6989507,-0.21310109,0.5426923,-0.78885645,-0.7646222,-0.5957839,-0.45318013,-0.7646067,-0.83744985,-0.77025634,-0.75980824,0.015634619,-0.46323672,-0.6354509,0.21188638,-0.31896996,0.6403029,0.47549215,0.43848813,0.70236236,0.7833811,0.66238606,0.7567668,0.8060908,0.84308124,0.87174743,-0.7388631,0.75950694,0.77512133,0.39732853,0.8273717,0.8015804,0.7946147,0.62464833,0.83898735,0.7921063,0.7217149,0.8900604,-0.5217371,-0.7090322,0.7678968,-0.8267177,-0.66305196,0.68824536,0.60461175,-0.72519267,-0.7291033,-0.30968618,-0.780159,-0.62046444,-0.7649537,-0.49956432,-0.7163335,-0.9074625,0.45686412,-0.8526366,-0.8990474,-0.7771152,-0.8662666,-0.86477995
-0.28020838,0.6292984,0.7715301,0.6119113,0.2944393,0.4154708,0.754961,0.79085934,0.702271,0.6506888,0.4328348,0.53425556,0.5985261,0.38926557,0.64762795,0.75012785,0.7221898,0.90145355,0.7796118,0.22763446,0.7597258,0.3241012,0.5055127,0.5080245,0.58479905,0.5406017,-0.16291526,0.036186893,0.6969794,0.41337037,-0.6702988,-0.80596673,0.6237196,0.7722919,0.25598156,-0.5335393,-0.59003055,0.14202416,-0.26283517,0.25512278,-0.6322787,-0.42192855,0.16238308,-0.71834415,-0.61452764,-0.8130218,-0.7630937,-0.5529679,-0.5856376,-0.59453833,-0.77328205,0.011623881,-0.6484157,-0.5447141,0.5575064,0.17800288,0.53944623,0.7143694,-0.057732813,0.6359354,0.5973272,0.6560513,0.8387125,0.72413933,0.7747655,0.7140913,-0.430358,0.78384435,0.8505461,0.74235135,0.830119,0.8270149,0.8355305,0.7773576,0.83611363,0.71358573,0.7704483,0.7216375,-0.69689476,-0.8067366,0.8241265,-0.506503,-0.20434776,0.862945,0.8216709,-0.26937398,-0.47835442,-0.024637863,-0.42463565,-0.23460579,-0.805402,-0.76742494,-0.744361,-0.6845279,0.7187878,-0.65214425,-0.58627915,-0.44204783,-0.5953176,-0.637429
-0.50486964,0.5157718,0.6148604,0.53999144,0.17331636,0.108722806,0.65055704,0.65385914,0.6012363,0.76783955,0.6831981,0.76462567,0.7996143,0.6237408,0.8057398,0.6631313,0.8561388,0.7796118,0.92098755,-0.08319805,0.870237,0.59604466,0.6230236,0.71315503,0.75453186,0.75733626,-0.13858958,0.16420364,0.6358119,0.65666294,-0.5372887,-0.8121493,0.5696934,0.733708,0.49204594,-0.6986406,-0.67617834,0.15362845,-0.045087866,0.4597777,-0.61608684,-0.22723138,0.45408556,-0.7245698,-0.6582609,-0.66749233,-0.5584216,-0.7196604,-0.72811985,-0.652491,-0.80006045,-0.05573783,-0.5907778,-0.61480284,0.36000592,-0.14699283,0.573857,0.5859828,0.23660526,0.77149385,0.79668593,0.7575419,0.8355275,0.8541127,0.8918211,0.8883648,-0.6174649,0.8473909,0.84865755,0.5506696,0.8802587,0.7868575,0.77543736,0.7160351,0.87218773,0.7900234,0.70065117,0.81442124,-0.61857367,-0.78796536,0.76158667,-0.695807,-0.5089948,0.7189658,0.6355547,-0.54272234,-0.6303,-0.3164819,-0.66145045,-0.5265189,-0.83330745,-0.64012915,-0.70733213,-0.7980008,0.5599334,-0.7242422,-0.76924896,-0.6629455,-0.7751838,-0.7532271
0.5599711,0.10378902,0.27837145,0.12222812,0.13199782,0.6642412,0.21096215,0.2191252,0.26614925,-0.11446684,-0.34466708,-0.35730445,-0.30434203,-0.21367145,-0.02555503,0.12689058,-0.21746184,0.22763446,-0.08319805,0.86069757,-0.008869959,-0.48379418,-0.043718174,-0.42977053,-0.18426602,-0.4027253,0.04255732,-0.27085328,0.25713247,-0.46344113,-0.048096992,0.13356386,0.11388829,0.1622287,-0.4578693,0.5140605,0.3478314,0.1838143,-0.21379328,-0.25231466,0.16705583,-0.1460006,-0.51127136,0.1828196,0.22171028,-0.19021922,-0.29779518,0.48838615,0.45023775,0.29964894,0.13912117,-0.13958842,-0.16872008,0.013640586,0.38296497,0.6659143,-0.13275297,0.26047036,-0.4269071,-0.12757196,-0.2597114,-0.10985944,0.034133457,-0.201232,-0.13018474,-0.17260385,0.51802605,-0.06751677,0.07529041,0.483163,0.049934614,0.07113335,0.08764868,0.13421732,-0.08352112,-0.06034442,0.1679016,-0.12111286,0.0038501602,0.03921978,0.08255904,0.5265287,0.6621776,0.19529592,0.28435478,0.61839545,0.4908378,0.582875,0.6226749,0.63187253,0.10086268,-0.20116147,0.13364257,0.33395362,0.25790864,0.28116244,0.42495996,0.5836563,0.48898008,0.38492066
-0.4770429,0.42260182,0.5552118,0.42438644,0.04383034,0.09283793,0.57029736,0.5855516,0.5230832,0.7009097,0.6325122,0.69963175,0.7119648,0.598904,0.78291696,0.5925535,0.83410996,0.7597258,0.870237,-0.008869959,0.8855887,0.5294194,0.65945053,0.70073074,0.69985914,0.72638726,0.0049656807,0.2660249,0.70807695,0.62783,-0.53560394,-0.73227525,0.4978331,0.6847314,0.44021395,-0.6476251,-0.59696007,0.08116851,-0.100163616,0.3623352,-0.6216415,-0.21128336,0.3523478,-0.7035754,-0.66083455,-0.65551853,-0.54596186,-0.6395683,-0.69584966,-0.6471814,-0.71856,-0.06971013,-0.50919944,-0.63231444,0.30025798,-0.15099102,0.52612495,0.51631194,0.27371356,0.6867734,0.7184652,0.62885404,0.75347495,0.762674,0.8243128,0.8433589,-0.57305825,0.7510227,0.81587183,0.5141908,0.87279224,0.81138253,0.7647753,0.65197206,0.82044244,0.7863383,0.75326073,0.8283487,-0.5160303,-0.69711626,0.7730206,-0.6546116,-0.468438,0.7208067,0.6498862,-0.5090911,-0.5628358,-0.14949428,-0.59429073,-0.41678178,-0.7478527,-0.55811495,-0.6668705,-0.762491,0.5434257,-0.7235646,-0.7329438,-0.6005561,-0.7214764,-0.7232153
-0.6140349,0.14935333,0.21937129,0.26263535,-0.13974147,-0.33859056,0.30327776,0.24132304,0.28598416,0.67817116,0.8247429,0.8168903,0.8173369,0.5832688,0.64936376,0.29403841,0.7031121,0.3241012,0.59604466,-0.48379418,0.5294194,0.92354155,0.6269809,0.7822356,0.7460408,0.83429015,0.056553118,0.38463354,0.25695658,0.8502506,-0.08863677,-0.520194,0.35338986,0.40733165,0.7598463,-0.66651106,-0.47250986,0.21149738,0.4641865,0.7321185,-0.2865498,0.30222186,0.8473339,-0.40337577,-0.4154281,-0.10036348,0.04060342,-0.6206949,-0.6394203,-0.4416637,-0.5697022,-0.2401455,-0.33465755,-0.4972834,0.039396845,-0.52688324,0.41077834,0.24102262,0.5908232,0.68716776,0.7809652,0.53130174,0.4757232,0.68595463,0.6584501,0.7295412,-0.6678624,0.55437803,0.4508983,0.081772365,0.5222838,0.416934,0.4319079,0.35038137,0.5499083,0.60751665,0.29606497,0.65258497,-0.27391458,-0.4725154,0.35834622,-0.68758565,-0.78604496,0.25589672,0.16681245,-0.71942663,-0.55860007,-0.5055026,-0.7629744,-0.73926324,-0.55630565,-0.23220012,-0.36590368,-0.66391385,0.14309676,-0.5275846,-0.73080236,-0.70844525,-0.73820084,-0.61773217
-0.4329942,0.113864675,0.3071947,0.12926193,-0.30689266,-0.08636553,0.31529695,0.29910558,0.3059177,0.5643403,0.6380625,0.61400545,0.63652784,0.5825987,0.6974107,0.30760944,0.7218846,0.5055127,0.6230236,-0.043718174,0.65945053,0.6269809,0.807405,0.693393,0.6109643,0.7137048,0.3114854,0.52644515,0.55357003,0.7205284,-0.26295263,-0.46301705,0.32332388,0.4865662,0.5587512,-0.5195672,-0.365682,0.06726207,0.15925005,0.4033013,-0.40317267,0.07616066,0.46313962,-0.4927646,-0.49440604,-0.28608534,-0.16076012,-0.4318207,-0.554129,-0.4860941,-0.48773396,-0.15334272,-0.28592288,-0.6029432,0.10747294,-0.2808724,0.42076385,0.28652364,0.48414943,0.5431781,0.60307074,0.36360136,0.48157805,0.55322117,0.6079056,0.6995243,-0.4784757,0.47523355,0.53191423,0.2592156,0.6375107,0.60263294,0.6075681,0.38170224,0.5524859,0.65189177,0.5614386,0.77951825,-0.16703331,-0.41707608,0.53511244,-0.54968596,-0.5013687,0.47438693,0.40771484,-0.5155296,-0.4105748,0.0027422025,-0.50938404,-0.38845444,-0.48308915,-0.23992714,-0.38932848,-0.6348605,0.2706438,-0.588839,-0.6438995,-0.48273116,-0.5912069,-0.57460725
-0.7899536,0.1872207,0.28082928,0.17420074,-0.21683878,-0.33161688,0.29529107,0.3092519,0.2583506,0.6374929,0.7715781,0.8033557,0.7715323,0.63381904,0.668307,0.33954102,0.8570953,0.5080245,0.71315503,-0.42977053,0.70073074,0.7822356,0.693393,0.93373,0.71035373,0.91706187,0.19813973,0.5834588,0.52745533,0.8696868,-0.43314037,-0.6413573,0.2918354,0.48720968,0.72119594,-0.822999,-0.62137485,-0.10855156,0.06790935,0.4401728,-0.6252626,-0.035349846,0.6282402,-0.68618387,-0.7081258,-0.38310593,-0.23308052,-0.75132966,-0.8412105,-0.74436194,-0.633881,-0.03243264,-0.29087016,-0.59192324,-0.013991116,-0.5478282,0.54234934,0.2550154,0.6267568,0.62352,0.73888147,0.50467944,0.5706357,0.7020934,0.72414225,0.7862402,-0.8052214,0.59820473,0.61030793,0.12336422,0.67427015,0.68221664,0.63619995,0.41868883,0.69818306,0.72795093,0.59897804,0.82887805,-0.34559327,-0.54425794,0.63382876,-0.8552308,-0.8239808,0.5089438,0.4103329,-0.83686453,-0.71468794,-0.3338922,-0.8400733,-0.6766157,-0.61631477,-0.27067035,-0.5903668,-0.85998434,0.29660285,-0.8139249,-0.89357233,-0.8266922,-0.86836654,-0.8445527
-0.44482648,0.41939342,0.5156818,0.53992784,0.07977406,-0.011745293,0.6045448,0.539271,0.54908586,0.89266074,0.8639355,0.87693876,0.82027626,0.48313636,0.77295923,0.6039113,0.7439457,0.58479905,0.75453186,-0.18426602,0.69985914,0.7460408,0.6109643,0.71035373,0.9131501,0.77912176,-0.17310148,0.16461253,0.50097084,0.69553095,-0.25287482,-0.68991613,0.6179743,0.59875387,0.49497297,-0.6011902,-0.48809355,0.43914005,0.3559754,0.72696584,-0.35774755,0.1819228,0.634102,-0.48424268,-0.44566596,-0.40229315,-0.3103392,-0.6340172,-0.61889327,-0.4435879,-0.74756944,-0.3450811,-0.63564265,-0.63834584,0.33872163,-0.27598962,0.35991785,0.49063015,0.33519948,0.8950735,0.9004531,0.6666759,0.6929813,0.83934414,0.84175664,0.8482336,-0.62345314,0.7625042,0.7284889,0.43371382,0.7653302,0.6350814,0.5870037,0.63315797,0.76087725,0.81151664,0.52207196,0.7236765,-0.517581,-0.7098072,0.58868635,-0.5874742,-0.6127546,0.5243905,0.46662453,-0.49688965,-0.46532938,-0.33909875,-0.6278819,-0.5372705,-0.7777964,-0.5570364,-0.522553,-0.6523156,0.5073302,-0.5280435,-0.6604358,-0.60460186,-0.7047467,-0.59830236
-0.7595984,0.22370692,0.3275069,0.25061664,-0.15985745,-0.2821265,0.36330712,0.35112327,0.32884902,0.71661484,0.83132017,0.86642027,0.8362175,0.6479847,0.73049074,0.38876396,0.87393725,0.5406017,0.75733626,-0.4027253,0.72638726,0.83429015,0.7137048,0.91706187,0.77912176,0.94777495,0.12736121,0.5006541,0.5216423,0.88132143,-0.38438523,-0.6746193,0.36126456,0.55008334,0.73851854,-0.7963786,-0.60690975,0.009348939,0.16026878,0.5443012,-0.55935097,0.036339976,0.69708794,-0.64394873,-0.67231864,-0.37860727,-0.22048447,-0.7470569,-0.8114046,-0.6853906,-0.67808974,-0.1311181,-0.35214317,-0.62498075,0.05120136,-0.52221876,0.5231115,0.30621785,0.625457,0.7132444,0.81430745,0.5880013,0.62627935,0.7727161,0.7896206,0.84252656,-0.78462994,0.67188203,0.6590263,0.20508766,0.71580374,0.6810287,0.6414566,0.4815094,0.73757374,0.76247966,0.5915274,0.830317,-0.39138877,-0.5930158,0.6280567,-0.82453364,-0.81921494,0.5094596,0.40940136,-0.8119687,-0.67461824,-0.39624628,-0.83014655,-0.6979048,-0.66650057,-0.33681494,-0.56360507,-0.8460711,0.31902137,-0.7702515,-0.89026564,-0.8149917,-0.8627632,-0.81170344
-0.22191766,-0.60625815,-0.4255486,-0.6942197,-0.71060157,-0.3066157,-0.5237114,-0.4860133,-0.41482025,-0.30523664,-0.033911772,-0.11039264,-0.13437128,0.20731835,-0.011034619,-0.53103375,0.06538295,-0.16291526,-0.13858958,0.04255732,0.0049656807,0.056553118,0.3114854,0.19813973,-0.17310148,0.12736121,0.86844355,0.7004505,0.19565754,0.20112786,0.042430837,0.33163163,-0.4845246,-0.14113566,0.2177624,0.04045967,0.23038828,-0.48850542,-0.09027116,-0.28541878,-0.04559332,0.090772875,-0.031850625,0.04075275,-0.13270697,0.25042444,0.32894865,0.20796636,0.0059107183,-0.095373414,0.36705077,0.016175246,0.5016328,-0.092924446,-0.47237015,-0.2783833,-0.0009338909,-0.40089726,0.5403684,-0.3343085,-0.21925068,-0.41013974,-0.3314768,-0.31907737,-0.23949993,-0.08580965,0.023880528,-0.3770323,-0.23027065,-0.32389754,-0.11138557,0.034596942,-0.025880048,-0.36031058,-0.23963192,-0.064462036,0.13208458,0.1500581,0.5574072,0.43432438,-0.035816684,-0.03872338,-0.113345444,-0.13342622,-0.14010891,-0.22139785,0.09310055,0.3875013,0.03888365,0.099593274,0.41299212,0.5398288,0.2559951,-0.047376305,-0.3274544,-0.13720232,-0.104484364,0.034493987,0.0671038,-0.026625406
-0.54512215,-0.38219225,-0.25850692,-0.49786463,-0.69190186,-0.50683165,-0.3086749,-0.27303675,-0.30711138,0.03959195,0.3132684,0.26288882,0.19494021,0.3802588,0.23688324,-0.25510466,0.41439655,0.036186893,0.16420364,-0.27085328,0.2660249,0.38463354,0.52644515,0.5834588,0.16461253,0.5006541,0.7004505,0.90838724,0.32006395,0.56518865,-0.15334226,-0.026658976,-0.23935676,-0.0005697338,0.47437608,-0.39879513,-0.1378681,-0.4647693,-0.03758957,-0.036750317,-0.35411692,0.08454928,0.23724666,-0.30500928,-0.43343192,0.038157783,0.18018728,-0.22159007,-0.4340231,-0.45158505,-0.005129695,0.04706438,0.31478,-0.33515722,-0.4351539,-0.57253313,0.22784555,-0.2766701,0.69925976,-0.0025970424,0.1424814,-0.1649903,-0.05259196,0.049327504,0.11578021,0.25545824,-0.39813012,-0.07449466,0.05655124,-0.31943628,0.16786739,0.30539227,0.23024678,-0.14345236,0.10640829,0.27704716,0.33694535,0.48855358,0.29115397,0.11444718,0.23601963,-0.4677719,-0.5277376,0.111074835,0.059472874,-0.5789529,-0.3059332,0.13101971,-0.40729398,-0.245692,0.046883147,0.33129627,-0.1119519,-0.4127785,-0.13447177,-0.5012946,-0.48609713,-0.3931586,-0.3932683,-0.4382456
-0.30710286,0.23326477,0.4435987,0.20569614,-0.12795013,0.17609641,0.41379684,0.45140025,0.36317897,0.50064945,0.40818563,0.45369804,0.40783638,0.31788313,0.57199645,0.43919808,0.64069283,0.6969794,0.6358119,0.25713247,0.70807695,0.25695658,0.55357003,0.52745533,0.50097084,0.5216423,0.19565754,0.32006395,0.8625903,0.38714415,-0.5492995,-0.53560555,0.34941113,0.55760205,0.18059352,-0.3991048,-0.31542653,-0.022363378,-0.24131994,0.078132406,-0.5416974,-0.18821093,0.050078757,-0.55647606,-0.556114,-0.63306105,-0.56468594,-0.36809903,-0.4933207,-0.5278908,-0.5108176,-0.15871459,-0.3804345,-0.60373175,0.21747112,-0.03797035,0.28140244,0.36364424,0.19615214,0.47135872,0.46138236,0.33491838,0.5740787,0.52305245,0.62290275,0.62090534,-0.39291978,0.5337201,0.72226906,0.4754637,0.75541806,0.81634575,0.6757672,0.5487631,0.6694126,0.69941175,0.8442393,0.71670157,-0.35182828,-0.51244366,0.7875737,-0.4115247,-0.24833155,0.7258258,0.70889884,-0.27653402,-0.27468938,0.24815634,-0.30083913,-0.035844278,-0.54470134,-0.43613052,-0.52692515,-0.56214976,0.5874111,-0.60173506,-0.51143765,-0.338161,-0.46326202,-0.53859705
-0.71345985,0.13318865,0.22809774,0.15421632,-0.24129906,-0.35636485,0.26623845,0.24863587,0.24192238,0.6212517,0.7777063,0.7841799,0.7926265,0.67847216,0.6743083,0.28100592,0.8053987,0.41337037,0.65666294,-0.46344113,0.62783,0.8502506,0.7205284,0.8696868,0.69553095,0.88132143,0.20112786,0.56518865,0.38714415,0.92390597,-0.25887147,-0.56081796,0.28715193,0.44585365,0.7920217,-0.7664002,-0.5754919,-0.01061513,0.23877758,0.5546085,-0.48276067,0.10148275,0.73558307,-0.568807,-0.59396803,-0.22738028,-0.06306113,-0.68206763,-0.7576542,-0.62576854,-0.57217777,-0.05888142,-0.24459265,-0.5508095,-0.01482662,-0.54713,0.5413061,0.23079136,0.6418803,0.60735637,0.7257545,0.48841366,0.4948721,0.6593812,0.66264224,0.754043,-0.72268283,0.5441913,0.50536597,0.084191106,0.5865369,0.5446259,0.55711436,0.34258217,0.5992105,0.64515126,0.44855767,0.77051824,-0.25048012,-0.47373196,0.48657054,-0.79846525,-0.80139804,0.37543392,0.27134675,-0.80911636,-0.6730733,-0.38641328,-0.8165603,-0.735153,-0.5483335,-0.2118212,-0.4739245,-0.78299344,0.16440675,-0.6983097,-0.8354931,-0.7735524,-0.81497526,-0.7540505
0.3936361,-0.4361024,-0.5004811,-0.2680513,-0.18480618,-0.20230925,-0.4222766,-0.53744376,-0.33069658,-0.30031133,-0.12830207,-0.27073646,-0.3064663,-0.20572254,-0.29490858,-0.49893272,-0.56473386,-0.6702988,-0.5372887,-0.048096992,-0.53560394,-0.08863677,-0.26295263,-0.43314037,-0.25287482,-0.38438523,0.042430837,-0.15334226,-0.5492995,-0.25887147,0.8433752,0.66452074,-0.2815227,-0.47699317,-0.14482002,0.5570336,0.6028191,0.32765743,0.6392201,0.17235097,0.78842884,0.6711724,0.08846803,0.77003324,0.71696293,0.78193605,0.7322093,0.5500915,0.6201926,0.72787046,0.5696046,-0.31923646,0.29274303,0.34443063,-0.24420458,-0.035140306,-0.47702414,-0.40103006,0.0504068,-0.26439792,-0.2768154,-0.39029452,-0.612628,-0.45737237,-0.5144398,-0.4357813,0.45192537,-0.5307116,-0.64279693,-0.39481136,-0.5717821,-0.72958946,-0.7027508,-0.545569,-0.67835915,-0.47240126,-0.7080559,-0.5578437,0.5564977,0.59151053,-0.7689799,0.53948355,0.19288546,-0.7872063,-0.73966336,0.321697,0.54449683,-0.035103284,0.41144854,0.16357586,0.57733345,0.5034133,0.74756104,0.6368815,-0.5456885,0.7222619,0.5535532,0.45532632,0.55143446,0.6790039
0.48119938,-0.71213263,-0.77250695,-0.68796,-0.38635865,-0.22348897,-0.780491,-0.80830383,-0.6977217,-0.7494211,-0.57297516,-0.68902946,-0.74483013,-0.42475757,-0.6407915,-0.7929419,-0.7827287,-0.80596673,-0.8121493,0.13356386,-0.73227525,-0.520194,-0.46301705,-0.6413573,-0.68991613,-0.6746193,0.33163163,-0.026658976,-0.53560555,-0.56081796,0.66452074,0.9535185,-0.6632091,-0.71143717,-0.4161265,0.74272823,0.7711537,-0.14708206,0.16289482,-0.4185451,0.6886617,0.37996006,-0.3919071,0.7834197,0.6674796,0.75314736,0.6851826,0.78189325,0.76260483,0.7031671,0.9155407,-0.094319746,0.68176794,0.5381871,-0.5247742,0.027054256,-0.6251085,-0.71372366,-0.024967454,-0.7419702,-0.73013675,-0.7865478,-0.8875834,-0.85576457,-0.8586489,-0.7804202,0.65926623,-0.8788796,-0.85118,-0.60745,-0.80662346,-0.77644575,-0.8120569,-0.7881668,-0.9094603,-0.7328881,-0.6661583,-0.7323328,0.8255249,0.93154955,-0.79385227,0.70621634,0.4555893,-0.80320275,-0.74021566,0.48592088,0.6948921,0.35098535,0.67598915,0.51544297,0.9237111,0.7955141,0.83865714,0.79553974,-0.6850991,0.72741735,0.7230774,0.67887634,0.7899743,0.78495944
-0.028042382,0.6958399,0.7274054,0.76636505,0.42193192,0.3845675,0.8149556,0.76743114,0.6895809,0.7162421,0.45826304,0.49726248,0.5331241,0.15692958,0.52414703,0.8215307,0.45504978,0.6237196,0.5696934,0.11388829,0.4978331,0.35338986,0.32332388,0.2918354,0.6179743,0.36126456,-0.4845246,-0.23935676,0.34941113,0.28715193,-0.2815227,-0.6632091,0.8508593,0.5489218,0.11169751,-0.3566035,-0.43001908,0.59191155,0.18010539,0.53898424,-0.27037317,-0.042981446,0.2744327,-0.40515134,-0.251879,-0.51955354,-0.5338075,-0.42375597,-0.36766076,-0.25604543,-0.73961955,-0.19102082,-0.7900034,-0.45911226,0.6515577,0.16756046,0.27890062,0.66234773,-0.2564224,0.7117239,0.60339165,0.5970385,0.6822292,0.6688282,0.6594343,0.57510316,-0.33391404,0.69050634,0.65739524,0.6444224,0.62470806,0.4993432,0.5510329,0.6939634,0.66032934,0.5896879,0.4010172,0.46378553,-0.67211604,-0.7572191,0.5161271,-0.2909344,-0.14519873,0.5932147,0.5884496,-0.05779302,-0.2935265,-0.1368331,-0.3033171,-0.23858905,-0.7689559,-0.7987348,-0.57339334,-0.39254227,0.64496815,-0.28655148,-0.30992162,-0.27817,-0.4300465,-0.35835296
-0.26536304,0.49353415,0.63795185,0.554085,0.2392557,0.30580807,0.65977585,0.65588003,0.6249721,0.62954783,0.47048372,0.56241363,0.64308023,0.41173345,0.6358478,0.62413114,0.6839597,0.7722919,0.733708,0.1622287,0.6847314,0.40733165,0.4865662,0.48720968,0.59875387,0.55008334,-0.14113566,-0.0005697338,0.55760205,0.44585365,-0.47699317,-0.71143717,0.5489218,0.7800038,0.33554405,-0.46052423,-0.48695746,0.20115264,-0.07412098,0.358614,-0.45918933,-0.23439124,0.29550785,-0.56635815,-0.4945491,-0.61913645,-0.5544107,-0.4780174,-0.49526194,-0.45763153,-0.70283705,-0.12983052,-0.6067052,-0.48122784,0.4285625,0.09436822,0.44625062,0.6042341,0.038422424,0.6407534,0.62318325,0.6760262,0.79096305,0.7190054,0.74995375,0.7070518,-0.37783805,0.76183367,0.7564309,0.6395536,0.74686015,0.69174844,0.72303784,0.6885812,0.7539938,0.6338862,0.6147545,0.6490643,-0.5907741,-0.72095,0.6764183,-0.45300394,-0.24263713,0.6933217,0.6307999,-0.28987962,-0.40396518,-0.14833382,-0.40520447,-0.28967673,-0.7392321,-0.6623688,-0.5810085,-0.6248604,0.5518701,-0.5459991,-0.566926,-0.41123998,-0.54443884,-0.5471492
-0.63835746,0.012407942,0.089176536,0.05012326,-0.2081779,-0.36298728,0.11431481,0.095086426,0.13399692,0.41140944,0.5977538,0.61704755,0.68785346,0.5983679,0.49616846,0.10267817,0.6557914,0.25598156,0.49204594,-0.4578693,0.44021395,0.7598463,0.5587512,0.72119594,0.49497297,0.73851854,0.2177624,0.47437608,0.18059352,0.7920217,-0.14482002,-0.4161265,0.11169751,0.33554405,0.83707774,-0.6303947,-0.4694171,-0.104864165,0.2170443,0.44911113,-0.3489592,0.08844216,0.7026924,-0.42652136,-0.4649077,-0.05867231,0.091546245,-0.5332781,-0.605334,-0.48858753,-0.4141512,-0.010239088,-0.09588758,-0.33207852,-0.110032514,-0.47799248,0.4861964,0.121720746,0.6041189,0.42077404,0.5570841,0.42112586,0.37145782,0.50522256,0.48770493,0.579731,-0.5670526,0.40610772,0.3106821,-0.028212383,0.37678698,0.34106785,0.4145027,0.18302955,0.4215908,0.41496366,0.25054157,0.5780364,-0.14415905,-0.31822073,0.28372523,-0.67728734,-0.6869576,0.19036803,0.0842965,-0.74397016,-0.57986283,-0.43257594,-0.70692563,-0.70430446,-0.3809888,-0.06444157,-0.30342162,-0.6633644,-0.05355241,-0.5676533,-0.7319294,-0.66283095,-0.67042834,-0.61470443
0.75146127,-0.38024652,-0.38350695,-0.28686106,-0.022374764,0.24510446,-0.38737798,-0.42640105,-0.30761787,-0.59245265,-0.62984365,-0.70862293,-0.71792454,-0.5573212,-0.5602994,-0.46460605,-0.8089264,-0.5335393,-0.6986406,0.5140605,-0.6476251,-0.66651106,-0.5195672,-0.822999,-0.6011902,-0.7963786,0.04045967,-0.39879513,-0.3991048,-0.7664002,0.5570336,0.74272823,-0.3566035,-0.46052423,-0.6303947,0.93290365,0.8047354,0.15461476,0.101011634,-0.356618,0.74769086,0.26591045,-0.53120923,0.7971872,0.75324094,0.5054365,0.36964145,0.8664539,0.92237514,0.8334492,0.70726323,-0.21946941,0.30647838,0.5035333,-0.096099705,0.45085227,-0.6388638,-0.33511132,-0.3929602,-0.5703361,-0.6636257,-0.56819063,-0.6183741,-0.7034025,-0.706286,-0.7171234,0.82098615,-0.6389412,-0.6186877,-0.15020443,-0.62864196,-0.6478455,-0.65519565,-0.47608852,-0.7378291,-0.6467992,-0.5467466,-0.7435852,0.5113899,0.63745916,-0.63629997,0.904752,0.74338603,-0.5667972,-0.463214,0.79242206,0.8554732,0.4544506,0.89234424,0.7355484,0.6853968,0.39457458,0.73879707,0.86705816,-0.340082,0.8402245,0.8648193,0.8729736,0.92918265,0.9051522
