0,1,2,3,4,5,6,7,8,9,10,11,12,13,14,15,16,17,18,19,20,21,22,23,24,25,26,27,28,29,30,31,32,33,34,35,36,37,38,39,40,41,42,43,44,45,46,47,48,49,50,51,52,53,54,55,56,57,58,59,60,61,62,63,64,65,66,67,68,69,70,71,72,73,74,75,76,77,78,79,80,81,82,83,84,85,86,87,88,89,90,91,92,93,94,95,96,97,98,99
0.8509681,0.24049607,0.19498186,0.20354997,0.24187264,0.30791122,0.29649276,0.18594974,0.30802026,-0.2301436,-0.22040379,-0.30790773,-0.32679224,-0.51902366,-0.43654513,0.5196671,-0.18566789,0.24451937,-0.16606054,0.22501588,-0.31321153,-0.039180614,0.056532808,-0.3884021,0.00010632491,-0.088571295,0.16332726,0.17104565,-0.046951205,-0.22237733,0.08208918,0.046853244,0.25117573,0.3479613,0.22134651,0.3466976,0.22381216,0.08297532,-0.45772684,-0.11929627,0.2948103,0.058645453,0.25779065,0.18129992,0.42939627,0.20820627,0.21796912,0.32349145,0.4505999,0.32349926,0.34597135,0.34260628,0.52351475,0.26328838,0.30899844,0.27349275,0.316568,0.28839314,-0.22198007,-0.16274126,-0.22139215,-0.33941728,-0.27324528,-0.35592327,-0.49565753,-0.35201693,0.34321606,-0.13422602,-0.107737325,0.23090304,0.086529754,-0.21007757,-0.22929445,-0.30487102,-0.4602683,-0.12750578,0.029545417,-0.22565337,0.075465865,0.12740457,-0.11226838,0.15761228,0.2260727,0.14946412,0.060124934,0.17406449,0.14598794,0.015010843,0.23750234,0.20509169,0.3765205,0.18461835,-0.24640793,0.35352018,0.006930325,0.21750274,0.10125531,0.21582672,0.4029765,0.28474963
0.24049607,0.9623494,0.40118176,0.942868,0.9580528,0.9396853,0.66222477,0.95025337,0.9119967,0.22709662,0.27583885,0.3070622,0.23967728,0.20442325,0.09728515,0.47583655,-0.31799173,0.5821693,-0.32008874,0.0733961,0.13958229,0.1954984,0.13630944,0.39322346,-0.074478425,0.34493613,-0.3680883,-0.42282325,0.14066717,0.28089467,-0.13658689,-0.25721616,-0.6298828,-0.1375519,-0.15680386,0.123450115,-0.39360753,-0.35836077,0.01478932,0.51337564,-0.4060611,-0.19300386,-0.20257482,-0.463354,-0.4195719,-0.56505436,-0.511055,-0.5346091,0.44898182,-0.3033604,0.33143607,0.8292222,0.6221928,0.9525462,0.95160514,0.85002536,0.9388449,0.92669094,0.21129313,0.1906774,0.23180103,-0.44543445,0.5968404,0.32498562,-0.26460108,-0.097932115,0.33251938,0.025902076,-0.23978531,0.5689982,0.26396853,0.538541,0.5267088,0.56756413,0.246257,0.29793203,0.12228674,0.60625744,-0.16822383,-0.055990115,-0.042843677,-0.4771621,-0.45814246,-0.44564596,-0.0262653,-0.10171948,-0.31769788,-0.63694894,0.010374521,-0.3262933,-0.4580788,0.24237995,-0.33944005,-0.21857066,0.40741146,-0.48114896,-0.28177717,-0.21519645,0.20243947,-0.28570783
0.19498186,0.40118176,0.8780896,0.41197088,0.41928032,0.47213948,0.13514803,0.41994464,0.38775814,0.42994034,0.66254294,0.6112539,0.5159129,-0.078206465,-0.3064276,-0.005355753,-0.21063048,-0.029948372,-0.13582653,-0.41416624,-0.3215261,0.5666486,-0.10597309,0.32786942,0.0860787,0.75143003,-0.2588945,-0.115916446,-0.2613293,0.26355442,-0.524706,-0.6473956,-0.42419833,-0.19464579,0.39073014,-0.3356017,-0.17602241,-0.30390468,0.28343457,0.66967964,-0.4782208,0.45219815,0.406789,-0.21171165,-0.23997968,-0.41626847,-0.2770397,-0.3156977,-0.01923287,-0.39987263,-0.16575614,0.60210454,0.14031194,0.3582387,0.45480984,0.61558676,0.35451746,0.3228409,0.38232052,0.6958467,0.6673665,-0.27940834,0.16982457,0.2629837,-0.35007507,-0.09980929,-0.2005665,0.11775178,-0.4796245,-0.13115115,-0.36484313,0.27678758,0.14713165,0.33960575,0.23078507,0.5684421,-0.285348,0.12707019,-0.72771394,-0.649569,-0.5670804,-0.60862845,-0.5133844,-0.16673389,-0.45214075,-0.4525622,-0.31059316,-0.30552855,-0.4345904,-0.47128713,-0.44196486,0.3368486,-0.0052638454,0.19884267,-0.12256376,-0.33494097,-0.59105396,-0.5885271,-0.23690197,-0.42869893
0.20354997,0.942868,0.41197088,0.9672385,0.94773865,0.9197586,0.69090164,0.95640373,0.9126088,0.1731286,0.26210153,0.2982486,0.2232874,0.19998929,0.11109498,0.45575243,-0.23048905,0.61437845,-0.25008297,0.12018747,0.1903331,0.19934478,0.16678351,0.43692607,-0.19005196,0.36228424,-0.3111872,-0.34705877,0.22620504,0.2825334,-0.23783487,-0.3008703,-0.6716194,-0.09400864,-0.16242592,0.16951424,-0.32091454,-0.43838614,0.008950912,0.5009084,-0.3759628,-0.23234287,-0.22724822,-0.47153834,-0.43832004,-0.5531713,-0.4979758,-0.53722405,0.48289225,-0.27049708,0.26477772,0.83640885,0.6019138,0.93689096,0.9344228,0.86524016,0.94468546,0.9293314,0.15127155,0.1735708,0.23239446,-0.36230713,0.5911294,0.29019058,-0.257337,-0.13988243,0.37866187,0.08440753,-0.17366616,0.6081708,0.29509243,0.58393663,0.55052394,0.5983511,0.30842984,0.2846983,0.20238063,0.62800354,-0.19800082,-0.08975717,0.009030463,-0.43862972,-0.41020715,-0.37186456,0.03182278,-0.10144821,-0.23886104,-0.5739787,0.060950823,-0.27449223,-0.4639517,0.13185915,-0.3867988,-0.30128086,0.48737723,-0.4686727,-0.2494115,-0.18379727,0.24314418,-0.24326102
0.24187264,0.9580528,0.41928032,0.94773865,0.97117525,0.94569904,0.6473628,0.95258087,0.9088822,0.21580176,0.2780378,0.30179697,0.23184195,0.20131075,0.076694004,0.4646741,-0.3243718,0.5577194,-0.31191927,0.049888887,0.12349557,0.20612204,0.12064493,0.38582307,-0.08256771,0.36356765,-0.37457782,-0.41142035,0.12848277,0.28116426,-0.17054544,-0.28408188,-0.6328732,-0.13757765,-0.12912808,0.11004308,-0.37453857,-0.37734362,0.021956079,0.5234803,-0.4048351,-0.17067876,-0.1699461,-0.4586831,-0.4091009,-0.55434954,-0.49368396,-0.52943724,0.43352482,-0.29741406,0.2988798,0.8333171,0.5921703,0.9526963,0.9581995,0.85397273,0.9404006,0.92206025,0.2030025,0.20428726,0.24148801,-0.45458272,0.57808614,0.3083187,-0.28431773,-0.11320366,0.31646967,0.026546367,-0.25851548,0.5489774,0.23021853,0.52457094,0.5097888,0.56076694,0.2411353,0.29858583,0.107814096,0.593079,-0.18722953,-0.070600376,-0.06595793,-0.47859722,-0.44924378,-0.4177404,-0.03743796,-0.10816137,-0.31699118,-0.6264464,-7.973984e-05,-0.31946748,-0.4531126,0.23514438,-0.34805506,-0.20670092,0.3994503,-0.47080034,-0.286254,-0.23043647,0.18611231,-0.28637174
0.30791122,0.9396853,0.47213948,0.9197586,0.94569904,0.950992,0.62928665,0.92477643,0.8987035,0.22915225,0.30921972,0.3155273,0.25020975,0.16257119,0.033174023,0.47138342,-0.31862485,0.5332292,-0.2955011,0.031289622,0.079804406,0.25446674,0.13689487,0.35823965,-0.06836583,0.38218558,-0.34000167,-0.35895452,0.104332976,0.27690944,-0.18008024,-0.29218268,-0.58931947,-0.09648862,-0.047745563,0.09693059,-0.35252848,-0.37113315,0.024378834,0.53097653,-0.39209446,-0.106118634,-0.08589283,-0.4244085,-0.36139888,-0.52914643,-0.4536047,-0.47825104,0.4238606,-0.29556024,0.30678737,0.84993386,0.6159981,0.92653006,0.94996107,0.8616672,0.9123961,0.9024328,0.20270571,0.23458105,0.26928633,-0.44894975,0.5332286,0.3044579,-0.31712216,-0.10690035,0.29669702,0.035298444,-0.27526188,0.51032376,0.19318174,0.50643796,0.4750196,0.5156629,0.20498599,0.32082698,0.08773172,0.54964995,-0.23021111,-0.11181685,-0.1200393,-0.48727754,-0.4533754,-0.3730115,-0.07584657,-0.12139152,-0.31480014,-0.60297155,-0.023787376,-0.32961226,-0.4351529,0.27712098,-0.34513342,-0.14210613,0.3491781,-0.46479648,-0.31370187,-0.24594581,0.17626813,-0.2906701
0.29649276,0.66222477,0.13514803,0.69090164,0.6473628,0.62928665,0.8470555,0.6857702,0.7112243,-0.10924143,-0.07050733,0.0065446994,-0.072816424,0.15234548,0.21043776,0.5500289,-0.07378241,0.74421954,-0.17209874,0.5305898,0.41836506,-0.14501718,0.31341553,0.28332883,-0.32531625,0.06693125,0.0077942098,-0.115143165,0.49909082,0.14860478,-0.04552344,0.036050484,-0.4330203,0.066773295,-0.3760715,0.5475877,-0.07880964,-0.25950313,-0.2141081,0.19180325,-0.05346095,-0.38835856,-0.46076083,-0.20863175,-0.2627974,-0.29364187,-0.33297974,-0.31864637,0.72241634,0.047267266,0.41158837,0.6004746,0.6497402,0.67848784,0.6275113,0.61161065,0.7393983,0.73874104,-0.11183052,-0.17482492,-0.09522586,-0.13529083,0.43912384,0.08784009,-0.028491877,-0.1470221,0.70860803,0.017435621,0.1449755,0.83095706,0.64725596,0.4099186,0.5207717,0.49536395,0.21084005,0.02869967,0.5146486,0.56121546,0.15541649,0.21416293,0.3957592,-0.031696416,-0.029324505,-0.23632373,0.43063408,0.111787595,0.11303638,-0.23927405,0.46777743,0.08917533,-0.14883877,-0.09274079,-0.34534472,-0.2732321,0.69400704,-0.13615942,0.13163882,0.25559938,0.6073655,0.11936502
0.18594974,0.95025337,0.41994464,0.95640373,0.95258087,0.92477643,0.6857702,0.9720746,0.91177505,0.23118246,0.30268908,0.34085143,0.2672916,0.2228086,0.107839935,0.42774314,-0.2740708,0.575579,-0.30752262,0.07453214,0.15651384,0.18838112,0.10658788,0.46239886,-0.115935266,0.3816554,-0.37786025,-0.41657257,0.16463853,0.27606604,-0.22139472,-0.3009441,-0.6927486,-0.17108345,-0.19605848,0.11417362,-0.37973893,-0.40484306,0.05244634,0.5469617,-0.42885286,-0.22190586,-0.24858643,-0.48140368,-0.47775233,-0.5944966,-0.5499536,-0.58209467,0.44553912,-0.31307572,0.2806614,0.8370713,0.5836546,0.9422766,0.93709046,0.86324346,0.94137675,0.92638314,0.2183117,0.21757829,0.27258635,-0.39770517,0.6207329,0.32952458,-0.2581724,-0.1251578,0.34062892,0.046192583,-0.23437664,0.5732665,0.26641226,0.5716432,0.5416946,0.6327801,0.30414414,0.3128897,0.1472001,0.6366278,-0.20898283,-0.084987104,-0.0193951,-0.48634434,-0.46279758,-0.4519084,0.0022499843,-0.16316622,-0.30415457,-0.6170364,0.017609822,-0.3224188,-0.496275,0.19764203,-0.31771934,-0.2744552,0.4526816,-0.49135244,-0.28212708,-0.22393182,0.2045215,-0.28331935
0.30802026,0.9119967,0.38775814,0.9126088,0.9088822,0.8987035,0.7112243,0.91177505,0.9301918,0.079625845,0.17430215,0.20800593,0.13269113,0.16519946,0.08900689,0.49193645,-0.28290957,0.6104194,-0.3191685,0.21109535,0.18805152,0.10621774,0.20659935,0.3472877,-0.20275766,0.28451535,-0.21955359,-0.27956915,0.2500527,0.26252294,-0.16690643,-0.1930882,-0.55298436,-0.05081157,-0.1588133,0.26902202,-0.2334042,-0.33268577,-0.05218605,0.43568605,-0.26128355,-0.19695409,-0.18637553,-0.33690763,-0.31276745,-0.4363125,-0.3883136,-0.42690343,0.56681913,-0.1524986,0.2843643,0.79836714,0.62601316,0.90355587,0.907297,0.8456049,0.9227662,0.9230533,0.065994695,0.09174916,0.13733055,-0.3754847,0.5012539,0.24253589,-0.22144048,-0.1300612,0.46838838,-0.0043597687,-0.18016857,0.6343534,0.3579155,0.46854332,0.49672496,0.527238,0.17388523,0.19715957,0.24642408,0.5880135,-0.1140065,0.004791466,0.06329223,-0.33694506,-0.31326807,-0.3505534,0.111395836,-0.046219695,-0.15489969,-0.48644677,0.15391248,-0.16917756,-0.34056738,0.13697621,-0.35964388,-0.20999235,0.49401826,-0.34313327,-0.14957719,-0.07725093,0.34877348,-0.1309115
-0.2301436,0.22709662,0.42994034,0.1731286,0.21580176,0.22915225,-0.10924143,0.23118246,0.079625845,0.9211199,0.73707986,0.7415961,0.74704754,0.3195019,0.07893184,-0.07744835,-0.12575787,-0.13702762,0.02911088,-0.6541972,-0.13070273,0.5779023,-0.2424896,0.4463948,0.59371793,0.6116431,-0.6149337,-0.5561264,-0.42773268,0.26023763,-0.15898564,-0.4964814,-0.46152025,-0.4715951,0.13168775,-0.6916138,-0.713083,-0.2649863,0.51580983,0.7058637,-0.8283889,0.2566478,0.10156101,-0.5176849,-0.5738359,-0.6887183,-0.5995749,-0.6058291,-0.4667093,-0.82830983,0.10468957,0.28971094,-0.040756244,0.19628216,0.21215594,0.22116634,0.10509522,0.0441652,0.9048679,0.75436777,0.75821674,-0.08404426,0.49787337,0.5215603,-0.11602001,0.17496641,-0.5900656,0.19969808,-0.37275213,-0.29041046,-0.4594645,0.40472567,0.27287897,0.4317785,0.49405593,0.75164384,-0.47929263,0.19190851,-0.48081982,-0.4410658,-0.5765811,-0.8260562,-0.8261023,-0.446771,-0.622548,-0.48093992,-0.77877223,-0.6333597,-0.75898635,-0.84826875,-0.7049421,0.53792655,0.14971498,0.065605916,-0.29757753,-0.66114104,-0.78253156,-0.7759441,-0.6425251,-0.84064806
-0.22040379,0.27583885,0.66254294,0.26210153,0.2780378,0.30921972,-0.07050733,0.30268908,0.17430215,0.73707986,0.89623475,0.8471062,0.75430334,0.22142835,-0.06740677,-0.22036053,-0.18682612,-0.18826209,-0.069763176,-0.6525092,-0.20907012,0.6081746,-0.2757938,0.511086,0.34691375,0.79521453,-0.5468913,-0.42404962,-0.40985084,0.3107891,-0.43423295,-0.69669664,-0.5645188,-0.5015657,0.2046556,-0.6719686,-0.52208376,-0.34122372,0.5294503,0.7740967,-0.7769987,0.37040716,0.20160732,-0.41551235,-0.54765654,-0.65133786,-0.5456134,-0.58111686,-0.38349503,-0.7342746,-0.1966125,0.39890438,-0.11442612,0.23015675,0.28816086,0.39771217,0.17107917,0.1196699,0.7189905,0.8744614,0.8611597,-0.16598797,0.39763492,0.48479313,-0.157277,0.097178146,-0.5167516,0.15595391,-0.4869516,-0.3088112,-0.4947294,0.40072933,0.2634325,0.5086628,0.49429625,0.7632643,-0.46759376,0.20417085,-0.6954565,-0.66295797,-0.605371,-0.8035096,-0.77639574,-0.400112,-0.6111479,-0.6046802,-0.62333435,-0.5146146,-0.71150887,-0.75085235,-0.71352017,0.4137575,0.15235828,0.0863294,-0.23331067,-0.55890894,-0.767903,-0.80710775,-0.5755121,-0.73564124
-0.30790773,0.3070622,0.6112539,0.2982486,0.30179697,0.3155273,0.0065446994,0.34085143,0.20800593,0.7415961,0.8471062,0.89238477,0.8105366,0.392115,0.12427068,-0.19329661,-0.12348463,-0.08823037,-0.026241599,-0.57517564,-0.025218416,0.59680414,-0.13950469,0.6168431,0.3038082,0.7908784,-0.5145322,-0.4402172,-0.25865966,0.44403815,-0.39321387,-0.61657214,-0.6498753,-0.5098601,0.13464397,-0.60614014,-0.56803894,-0.37117895,0.59389484,0.8119804,-0.8185221,0.32371208,0.09094514,-0.48032963,-0.64333475,-0.7130343,-0.6039065,-0.6627294,-0.32825342,-0.7715235,-0.15085387,0.39789325,-0.08271085,0.25947267,0.2964686,0.40358198,0.19638172,0.15957713,0.7124959,0.81832945,0.83706796,-0.051450215,0.5262748,0.6033082,-0.009222542,0.21259055,-0.4512061,0.24384192,-0.36875308,-0.1934934,-0.3616861,0.49629048,0.43061417,0.60617524,0.6224129,0.75926733,-0.32729596,0.35572517,-0.63689303,-0.60541695,-0.4907044,-0.81369966,-0.78752005,-0.41514075,-0.5100652,-0.5319247,-0.5964378,-0.52458644,-0.6475766,-0.75971866,-0.7719933,0.36765638,0.13128948,-0.027673792,-0.11469388,-0.6125306,-0.73607945,-0.7583447,-0.5400039,-0.75386405
-0.32679224,0.23967728,0.5159129,0.2232874,0.23184195,0.25020975,-0.072816424,0.2672916,0.13269113,0.74704754,0.75430334,0.8105366,0.8740829,0.44565108,0.188265,-0.16036071,-0.060866967,-0.08208309,0.104050905,-0.5922967,0.0030018939,0.6448382,-0.07049817,0.59348786,0.34446442,0.7131139,-0.4967156,-0.44372368,-0.22123837,0.51473504,-0.29741216,-0.52033234,-0.54977584,-0.41450948,0.19962147,-0.61055243,-0.56222904,-0.32922292,0.68739974,0.7817443,-0.8235539,0.32900855,0.130115,-0.52602965,-0.59847325,-0.6881709,-0.5511446,-0.6181512,-0.3764428,-0.78367555,-0.08460836,0.31659213,-0.08044243,0.206874,0.22587192,0.30800164,0.12228445,0.09210215,0.7222034,0.74569374,0.7802281,0.04981966,0.55610603,0.6449139,0.051201902,0.2978459,-0.5086167,0.35449988,-0.27952027,-0.2262646,-0.37000674,0.5261579,0.41764686,0.54728645,0.6313609,0.7067331,-0.29442626,0.3647801,-0.5900113,-0.55884945,-0.5005069,-0.8170525,-0.7826668,-0.34041014,-0.5319907,-0.41478488,-0.59347475,-0.5178577,-0.6762388,-0.7932285,-0.7570565,0.36806583,0.20084032,-0.1035539,-0.19352844,-0.6744957,-0.7405975,-0.7618123,-0.5881181,-0.78194004
-0.51902366,0.20442325,-0.078206465,0.19998929,0.20131075,0.16257119,0.15234548,0.2228086,0.16519946,0.3195019,0.22142835,0.392115,0.44565108,0.91966754,0.7937764,0.02520528,-0.048200574,0.20861456,0.07408771,-0.0031259796,0.61387956,0.111351356,0.3638358,0.48996812,0.14812496,0.17887673,-0.22112633,-0.3851037,0.25575602,0.6667738,0.2756272,0.16316095,-0.38223773,-0.291469,-0.2497743,-0.105406076,-0.4542467,-0.09631995,0.44854593,0.35699397,-0.4376098,-0.00913796,-0.2791994,-0.31365043,-0.45975047,-0.4150477,-0.40047586,-0.44511175,-0.056592867,-0.41936013,0.105180286,0.04596077,0.037334483,0.23058948,0.15973473,0.107808635,0.14026348,0.17547753,0.3059591,0.07287285,0.17189902,0.18134373,0.6845672,0.74115485,0.62377864,0.71709883,-0.04664985,0.2285392,0.17943707,0.21762615,0.28168714,0.41626877,0.71204686,0.4950965,0.50611854,0.22508252,0.2240067,0.71270686,0.12768333,0.090384856,0.15332769,-0.31767258,-0.36727357,-0.30020863,0.036323372,0.14006677,-0.2380839,-0.3133554,-0.112225056,-0.38063204,-0.43822616,0.00879153,0.097358845,-0.2877511,0.1862826,-0.39585835,-0.13821432,-0.13228652,-0.1471907,-0.37490442
-0.43654513,0.09728515,-0.3064276,0.11109498,0.076694004,0.033174023,0.21043776,0.107839935,0.08900689,0.07893184,-0.06740677,0.12427068,0.188265,0.7937764,0.92032516,0.16546865,0.16723284,0.3582573,0.24351738,0.27498382,0.8057733,-0.0335267,0.5531686,0.34437627,-0.027520046,-0.05266621,0.07216136,-0.1310595,0.4986814,0.54118836,0.35867155,0.3416018,-0.19890174,-0.015583778,-0.27307403,0.16356051,-0.26574224,-0.11801724,0.23241425,0.0749673,-0.17193428,-0.17179705,-0.36619347,-0.19774175,-0.26092243,-0.1872336,-0.19152465,-0.23149264,0.11817819,-0.19283977,0.2052866,-0.078068405,0.113684446,0.12501693,0.021032915,-0.016455557,0.07540381,0.117090404,0.07644411,-0.17799878,-0.06655362,0.30859032,0.5495156,0.5222682,0.72514766,0.60994697,0.15049107,0.2889325,0.45362008,0.36887243,0.4983632,0.37009525,0.67602265,0.3426116,0.4337306,0.04595094,0.48196784,0.6376759,0.34514976,0.25913113,0.3887289,-0.032300964,-0.06549178,-0.08059387,0.26989257,0.33040702,-0.0050135977,-0.10559765,0.13380188,-0.13195747,-0.25409293,-0.22562194,-0.07784968,-0.32848185,0.34822345,-0.22582625,0.09350126,0.16007125,0.0806978,-0.13719736
0.5196671,0.47583655,-0.005355753,0.45575243,0.4646741,0.47138342,0.5500289,0.42774314,0.49193645,-0.07744835,-0.22036053,-0.19329661,-0.16036071,0.02520528,0.16546865,0.8819611,0.08746888,0.70026684,0.12889981,0.40166625,0.28786296,0.05347643,0.47099936,-0.06549251,-0.040829245,-0.100338675,0.14163405,0.008449576,0.35868472,0.077426635,0.26737753,0.20101732,-0.019089645,0.4429255,0.03858346,0.4586355,-0.12740976,-0.22992107,-0.3558979,-0.013773417,0.04624483,-0.22994882,-0.13103837,-0.18232517,0.12429364,-0.0912831,-0.042286575,0.031614974,0.57379276,0.030414905,0.7373048,0.443982,0.8260043,0.52204007,0.46179754,0.35503328,0.5333652,0.5060754,-0.07423171,-0.23912658,-0.16779852,-0.15957925,0.2749341,-0.0073393257,-0.1207854,-0.09063324,0.46234232,0.22085175,0.30511642,0.6186602,0.4642611,0.28448254,0.31875128,0.04231765,-0.017326156,0.012304837,0.421153,0.28230175,0.28370023,0.26470295,0.15720674,0.00816985,0.07305758,0.088384114,0.19841498,0.38237423,-0.0057480456,-0.24860424,0.27236515,-0.016197268,0.02831164,0.03752795,-0.5264237,0.0040054256,0.3500124,-0.16108805,0.025297316,0.25878194,0.43132645,0.032684095
-0.18566789,-0.31799173,-0.21063048,-0.23048905,-0.3243718,-0.31862485,-0.07378241,-0.2740708,-0.28290957,-0.12575787,-0.18682612,-0.12348463,-0.060866967,-0.048200574,0.16723284,0.08746888,0.8953764,0.2418915,0.77303153,0.16932805,0.3064223,0.19258326,0.3226216,0.062110126,-0.30888516,-0.05902096,0.4179635,0.4167716,0.44001502,-0.048396744,-0.21476929,-0.0828975,0.06544697,0.5393247,0.18146789,0.1426907,0.1980955,-0.39115116,-0.05598492,-0.2514153,0.1229489,-0.23620167,-0.11823964,-0.14789572,0.073505916,0.09706208,0.16795368,0.1654488,0.040494967,0.018319957,0.0719433,-0.18607396,0.03488373,-0.2926689,-0.34574956,-0.21891822,-0.24997461,-0.27053237,-0.12492965,-0.091689505,0.010632851,0.45965308,-0.045145277,-0.22667041,0.1382962,-0.15869637,0.025197199,0.6362127,0.68542194,0.08548186,0.12931857,0.3007902,0.07308406,-0.07866727,0.36249936,-0.008768293,0.41333193,-0.07120701,-0.01873771,-0.1733435,0.19436449,0.19953732,0.2775548,0.5208304,0.14562681,0.20084843,0.27708435,0.26653808,0.07518386,0.091270104,-0.05889102,-0.5446261,-0.31718785,-0.2994324,0.19889376,-0.07969163,0.028905194,0.15384111,0.039003994,0.085755736
0.24451937,0.5821693,-0.029948372,0.61437845,0.5577194,0.5332292,0.74421954,0.575579,0.6104194,-0.13702762,-0.18826209,-0.08823037,-0.08208309,0.20861456,0.3582573,0.70026684,0.2418915,0.92541045,0.18592218,0.5381741,0.5398456,-0.0012601633,0.535075,0.24038401,-0.33766967,-0.0139075145,0.14487827,-0.004300429,0.64182043,0.18398347,0.03439156,0.097506315,-0.3260306,0.3695932,-0.2014853,0.5637984,-0.090733446,-0.42544824,-0.24069192,0.06738113,-0.029152613,-0.45792934,-0.418005,-0.3405652,-0.1541782,-0.24454126,-0.22277853,-0.207077,0.68094814,0.008229226,0.5722089,0.5124549,0.7542739,0.6094096,0.52664495,0.48660845,0.65487504,0.6391889,-0.13702142,-0.25735763,-0.12373374,0.0002719015,0.4754688,0.06738771,0.014848833,-0.10983173,0.63680863,0.34540218,0.44798934,0.85127425,0.67342323,0.54269356,0.56170225,0.35634893,0.28777826,0.006827452,0.66655916,0.5592269,0.21272324,0.21207803,0.40069103,-0.0038102414,0.058794938,0.036499843,0.4089298,0.3308849,0.118481204,-0.23344913,0.41765696,0.03588232,-0.16665003,-0.25298437,-0.5700339,-0.38532612,0.67362547,-0.25744146,0.09985468,0.29600814,0.53722614,0.0716669
-0.16606054,-0.32008874,-0.13582653,-0.25008297,-0.31191927,-0.2955011,-0.17209874,-0.30752262,-0.3191685,0.02911088,-0.069763176,-0.026241599,0.104050905,0.07408771,0.24351738,0.12889981,0.77303153,0.18592218,0.9258769,-0.027098412,0.2639029,0.41234905,0.40957132,0.04039198,-0.096819535,0.039833,0.33993566,0.33542603,0.3043365,0.1249371,-0.070042446,-0.05460176,0.10755101,0.5673032,0.39855522,-0.04022473,0.03489769,-0.41965383,0.031756863,-0.1529142,-0.030068753,-0.03182052,0.08094987,-0.22473153,0.12094027,0.028688516,0.17081884,0.16032691,-0.10100748,-0.16309422,0.14641856,-0.18012199,0.095075235,-0.27759466,-0.33486408,-0.24132985,-0.29039487,-0.3277064,0.023242768,0.033560168,0.13974579,0.38652045,0.037056465,-0.025464553,0.16458194,0.050738275,-0.19068006,0.776904,0.6687076,-0.04734548,-0.0152969975,0.33087176,0.14231339,-0.16433042,0.3599695,0.12586875,0.3000204,-0.047259297,-0.064968355,-0.25002128,-0.014633813,0.024691962,0.14148462,0.56876034,-0.078562245,0.28029263,0.081441104,0.12176393,-0.16027239,-0.13481298,-0.13950813,-0.3818751,-0.35737365,-0.16035062,-0.011244758,-0.2219742,-0.16344869,-0.012931672,-0.16598833,-0.12812278
0.22501588,0.0733961,-0.41416624,0.12018747,0.049888887,0.031289622,0.5305898,0.07453214,0.21109535,-0.6541972,-0.6525092,-0.57517564,-0.5922967,-0.0031259796,0.27498382,0.40166625,0.16932805,0.5381741,-0.027098412,0.9260919,0.5284051,-0.58715415,0.47505164,-0.14564034,-0.54144514,-0.49013644,0.5612459,0.37237662,0.71426356,-0.06231144,0.24714804,0.553504,0.19757777,0.39571828,-0.40529543,0.886106,0.45583495,0.13374737,-0.45291865,-0.47802988,0.6141093,-0.42713064,-0.41715336,0.3012945,0.284957,0.4052538,0.2827751,0.30248377,0.7495066,0.6408331,0.24716735,-0.042904243,0.36697185,0.101031795,0.033410028,0.022477759,0.20054296,0.24293876,-0.64328957,-0.7455267,-0.6784867,0.16421819,-0.07091861,-0.30063367,0.28172874,-0.072329246,0.85251796,-0.10349266,0.5093244,0.70768046,0.8359535,-0.08724412,0.16326976,-0.03564053,-0.18510202,-0.54335225,0.7814108,0.21006292,0.5939061,0.58928573,0.7968861,0.65783894,0.6473909,0.19505161,0.84103554,0.48255622,0.6663566,0.40029135,0.88023424,0.6892885,0.46736103,-0.50280815,-0.2561249,-0.22206493,0.6700626,0.45265126,0.74069625,0.8383298,0.85304,0.69418085
-0.31321153,0.13958229,-0.3215261,0.1903331,0.12349557,0.079804406,0.41836506,0.15651384,0.18805152,-0.13070273,-0.20907012,-0.025218416,0.0030018939,0.61387956,0.8057733,0.28786296,0.3064223,0.5398456,0.2639029,0.5284051,0.91716266,-0.15431066,0.6383598,0.32309604,-0.26343817,-0.10769822,0.26724926,0.053242594,0.7031421,0.43053788,0.25018582,0.36284962,-0.1949838,0.16137779,-0.35167804,0.43698323,-0.054785095,-0.1792318,0.04526231,-0.052315693,0.030967917,-0.2990611,-0.46810156,-0.116985485,-0.1763424,-0.0815285,-0.112749696,-0.13383932,0.38033438,0.023694098,0.2527445,-0.011231179,0.2699799,0.1785011,0.0626462,0.06436714,0.17828065,0.21159679,-0.12905754,-0.34611055,-0.19326022,0.31400895,0.47183645,0.30383438,0.63982403,0.4260555,0.43147552,0.29487416,0.6014792,0.5793199,0.7017364,0.3760959,0.6628542,0.3504384,0.38762698,-0.06953859,0.7176457,0.6290103,0.398634,0.32530034,0.5988511,0.15175942,0.14908342,0.0239031,0.51189613,0.39314622,0.22957563,0.036241673,0.39825565,0.09541292,-0.122557744,-0.42794096,-0.21770352,-0.37863988,0.59309494,-0.08127153,0.28375044,0.39001536,0.356722,0.093545854
-0.039180614,0.1954984,0.5666486,0.19934478,0.20612204,0.25446674,-0.14501718,0.18838112,0.10621774,0.5779023,0.6081746,0.59680414,0.6448382,0.111351356,-0.0335267,0.05347643,0.19258326,-0.0012601633,0.41234905,-0.58715415,-0.15431066,0.9053961,0.09894836,0.3133366,0.22681859,0.6609454,-0.23062617,-0.13169712,-0.19009721,0.36124706,-0.38118052,-0.59607077,-0.3305034,0.067768,0.63507164,-0.5444609,-0.38287327,-0.53444076,0.3957341,0.56993043,-0.62378544,0.3804852,0.43792868,-0.48227847,-0.21645601,-0.47263741,-0.22634876,-0.27063465,-0.29083467,-0.6647587,0.021813903,0.36894047,0.11971554,0.175417,0.22201656,0.32486048,0.113785826,0.061495546,0.5496235,0.7150761,0.74598336,-0.032884464,0.2935958,0.36741412,-0.20838591,0.059637457,-0.5297899,0.6100564,-0.101021715,-0.2768556,-0.4760059,0.49505466,0.22589558,0.19185,0.46222532,0.65231776,-0.25471485,0.11070295,-0.6606786,-0.7082758,-0.67507887,-0.6956763,-0.5688568,0.093482226,-0.65948486,-0.22731562,-0.4965582,-0.41777796,-0.71986544,-0.7348696,-0.61027235,0.213112,-0.20244846,0.051782005,-0.28444415,-0.6358949,-0.80035126,-0.713167,-0.5532676,-0.6972708
0.056532808,0.13630944,-0.10597309,0.16678351,0.12064493,0.13689487,0.31341553,0.10658788,0.20659935,-0.2424896,-0.2757938,-0.13950469,-0.07049817,0.3638358,0.5531686,0.47099936,0.3226216,0.535075,0.40957132,0.47505164,0.6383598,0.09894836,0.8834905,0.07132918,-0.28121957,-0.061144646,0.45844728,0.28921717,0.65245485,0.4641163,0.22586,0.3221522,0.054463256,0.51766884,0.14880136,0.4588934,0.11253777,-0.24607076,-0.07357384,-0.11174851,0.16376245,-0.036619592,-0.01089346,-0.002101434,0.21681419,0.12202771,0.2062558,0.19726515,0.45492515,0.1136481,0.28616226,0.084658735,0.44614065,0.16787219,0.106893376,0.14426805,0.18105474,0.20891264,-0.24347162,-0.3106783,-0.19644648,0.18237199,0.2304596,0.20680648,0.4342605,0.35587147,0.37741646,0.4507212,0.60759354,0.48256728,0.5470512,0.28249094,0.52051955,0.015576328,0.18482243,-0.07494508,0.6768852,0.4276335,0.28579408,0.16446723,0.32745948,0.19663817,0.2688785,0.36203736,0.33043116,0.5479846,0.29293448,0.10836239,0.31786066,0.09531963,0.030142406,-0.36951745,-0.42962295,-0.097867236,0.38554096,-0.024362082,0.18549918,0.3682426,0.36047316,0.13511714
-0.3884021,0.39322346,0.32786942,0.43692607,0.38582307,0.35823965,0.28332883,0.46239886,0.3472877,0.4463948,0.511086,0.6168431,0.59348786,0.48996812,0.34437627,-0.06549251,0.062110126,0.24038401,0.04039198,-0.14564034,0.32309604,0.3133366,0.07132918,0.78974557,-0.060830627,0.54369724,-0.29173893,-0.29796535,0.18044733,0.43030715,-0.35613716,-0.36670864,-0.710697,-0.34733728,-0.17913005,-0.18826842,-0.36866653,-0.36739358,0.4888087,0.61638457,-0.60311705,-0.028916053,-0.27612522,-0.47552615,-0.703617,-0.6404785,-0.5962355,-0.68409944,-0.0088258535,-0.5225508,-0.08678311,0.38962173,0.03540084,0.36621743,0.34417725,0.442552,0.3490583,0.3290496,0.41418242,0.42344463,0.5212898,0.14883077,0.63715255,0.5052396,0.18009065,0.151596,-0.048475675,0.28340718,-0.027675446,0.21525961,0.087454006,0.6311091,0.6068207,0.75333893,0.7231593,0.4787058,0.118245855,0.58599484,-0.37046665,-0.32604593,0.0006409958,-0.53829515,-0.53250176,-0.35961586,-0.042777956,-0.30876428,-0.25483084,-0.36412293,-0.20456697,-0.44129914,-0.68781006,0.011641746,0.05824031,-0.3699875,0.30441839,-0.5119801,-0.37350053,-0.38812748,-0.16958249,-0.44809645
0.00010632491,-0.074478425,0.0860787,-0.19005196,-0.08256771,-0.06836583,-0.32531625,-0.115935266,-0.20275766,0.59371793,0.34691375,0.3038082,0.34446442,0.14812496,-0.027520046,-0.040829245,-0.30888516,-0.33766967,-0.096819535,-0.54144514,-0.26343817,0.22681859,-0.28121957,-0.060830627,0.87299263,0.1234937,-0.469604,-0.45121947,-0.6082119,0.017738717,0.32663733,-0.02160996,0.06829861,-0.3649419,0.11905174,-0.57418025,-0.54128224,0.19206202,0.2295508,0.27609316,-0.43440968,0.27933553,0.1902009,-0.1249713,-0.14177158,-0.26696423,-0.24133104,-0.18094309,-0.5203499,-0.4800824,0.23372445,-0.08053503,-0.10886586,-0.07572432,-0.067511365,-0.19641541,-0.18230185,-0.22233409,0.6085365,0.36078545,0.2963009,-0.17262942,0.11945885,0.2788899,-0.06735036,0.24586387,-0.59400654,-0.13878602,-0.35322735,-0.4299448,-0.449386,-0.101334505,-0.08191255,-0.05340828,-0.033197295,0.3534788,-0.61197317,-0.15085325,-0.03424495,-0.026832975,-0.4937647,-0.42914182,-0.48612192,-0.3108604,-0.52257985,-0.15841044,-0.6393231,-0.39859456,-0.59206265,-0.53721535,-0.18349724,0.6601826,0.28191096,0.38889754,-0.55266047,-0.26297867,-0.44671977,-0.46018225,-0.5655062,-0.54174536
-0.088571295,0.34493613,0.75143003,0.36228424,0.36356765,0.38218558,0.06693125,0.3816554,0.28451535,0.6116431,0.79521453,0.7908784,0.7131139,0.17887673,-0.05266621,-0.100338675,-0.05902096,-0.0139075145,0.039833,-0.49013644,-0.10769822,0.6609454,-0.061144646,0.54369724,0.1234937,0.86488336,-0.34403133,-0.23936859,-0.18256576,0.36774486,-0.54971445,-0.70704937,-0.58550864,-0.29133487,0.3011902,-0.48309797,-0.3776494,-0.4597631,0.47493267,0.75996363,-0.6876339,0.35924217,0.23178856,-0.3793792,-0.48038882,-0.6023821,-0.4534614,-0.5058283,-0.17532948,-0.6368443,-0.16402324,0.52053535,0.05208124,0.29817715,0.36229265,0.52713835,0.26304218,0.23449329,0.57803524,0.8111917,0.8242248,-0.09713441,0.38257003,0.4486521,-0.14554659,0.040614806,-0.3395055,0.29315555,-0.3400684,-0.15325253,-0.35258883,0.4917056,0.34389725,0.5256443,0.5335908,0.72633123,-0.2586819,0.2618096,-0.73739606,-0.713665,-0.5255699,-0.74205065,-0.6778301,-0.2354503,-0.4890258,-0.5130544,-0.45677778,-0.4112594,-0.5712156,-0.6533991,-0.69060016,0.28241837,0.007113521,0.03140692,-0.07190409,-0.53509533,-0.71565115,-0.7067313,-0.40461612,-0.63334304
0.16332726,-0.3680883,-0.2588945,-0.3111872,-0.37457782,-0.34000167,0.0077942098,-0.37786025,-0.21955359,-0.6149337,-0.5468913,-0.5145322,-0.4967156,-0.22112633,0.07216136,0.14163405,0.4179635,0.14487827,0.33993566,0.5612459,0.26724926,-0.23062617,0.45844728,-0.29173893,-0.469604,-0.34403133,0.81293803,0.7126866,0.5226834,-0.045981877,0.052689716,0.35375184,0.47413367,0.61530226,0.15820205,0.5601491,0.6545559,0.07351783,-0.30843443,-0.55331576,0.67572546,-0.031494465,0.11545785,0.4558251,0.57775044,0.64773226,0.64124405,0.6448914,0.37686688,0.60438657,-0.051794764,-0.31283897,0.079317465,-0.3528731,-0.35995585,-0.24222395,-0.26858723,-0.22491518,-0.6036946,-0.50108224,-0.4646167,0.31993175,-0.4284829,-0.38815987,0.25847483,-0.030558575,0.40487912,0.1474144,0.5463346,0.18049514,0.3753201,-0.24366128,-0.12995738,-0.39753294,-0.2259146,-0.43511963,0.55673563,-0.17483276,0.3077528,0.20507735,0.4280122,0.6773112,0.71063745,0.60026664,0.4700188,0.41768473,0.70476043,0.650501,0.5329417,0.60457855,0.53036135,-0.5610038,-0.21737441,0.039075732,0.25021362,0.51984906,0.54344594,0.62130165,0.4895475,0.6146764
0.17104565,-0.42282325,-0.115916446,-0.34705877,-0.41142035,-0.35895452,-0.115143165,-0.41657257,-0.27956915,-0.5561264,-0.42404962,-0.4402172,-0.44372368,-0.3851037,-0.1310595,0.008449576,0.4167716,-0.004300429,0.33542603,0.37237662,0.053242594,-0.13169712,0.28921717,-0.29796535,-0.45121947,-0.23936859,0.7126866,0.8019387,0.34756437,-0.13710399,-0.1366669,0.15365884,0.4621239,0.5779164,0.27744555,0.38812625,0.6927676,0.034090742,-0.26860753,-0.5005139,0.62095463,0.07776505,0.22080885,0.47486156,0.57725906,0.6145723,0.64151347,0.6405906,0.24356164,0.5670049,-0.1991571,-0.29380834,-0.032039262,-0.4233002,-0.3835746,-0.2271677,-0.32119942,-0.28474653,-0.559839,-0.3392793,-0.33622086,0.23545295,-0.557242,-0.46660715,0.09140425,-0.15548152,0.24475074,0.1722166,0.42572555,-0.00294464,0.15500143,-0.27827132,-0.25737637,-0.42932627,-0.22873518,-0.36330408,0.36604494,-0.33835515,0.10744418,-0.0034802658,0.24297237,0.6075295,0.6580576,0.61537445,0.31848687,0.26496568,0.6625366,0.68086004,0.3769244,0.5550698,0.48614812,-0.5164466,-0.1648198,0.10415315,0.10138359,0.5223036,0.42651492,0.47788423,0.3408084,0.5656916
-0.046951205,0.14066717,-0.2613293,0.22620504,0.12848277,0.104332976,0.49909082,0.16463853,0.2500527,-0.42773268,-0.40985084,-0.25865966,-0.22123837,0.25575602,0.4986814,0.35868472,0.44001502,0.64182043,0.3043365,0.71426356,0.7031421,-0.19009721,0.65245485,0.18044733,-0.6082119,-0.18256576,0.5226834,0.34756437,0.91104513,0.25825655,0.028831385,0.3234224,-0.05915986,0.44329906,-0.22730705,0.69551396,0.30676594,-0.18840773,-0.1293907,-0.2117005,0.31623787,-0.36730674,-0.3651834,-0.013841549,0.051210873,0.1400555,0.122970454,0.082180835,0.63127404,0.31625825,0.16454592,0.063275285,0.35043132,0.1660633,0.086553216,0.15776086,0.23728025,0.2741531,-0.43471432,-0.4856277,-0.34206903,0.38707918,0.21562676,-0.014095743,0.4029842,0.069816,0.657566,0.3412596,0.66539013,0.68198407,0.7552661,0.31734252,0.4616474,0.20738555,0.24989034,-0.27569523,0.8932364,0.45710474,0.31876963,0.27431703,0.67598534,0.3714121,0.41882396,0.26420313,0.6687124,0.41860664,0.5497764,0.26138318,0.62676364,0.3908596,0.0918554,-0.6163558,-0.31664237,-0.47665825,0.696951,0.0969469,0.44724858,0.56605303,0.621816,0.40245762
-0.22237733,0.28089467,0.26355442,0.2825334,0.28116426,0.27690944,0.14860478,0.27606604,0.26252294,0.26023763,0.3107891,0.44403815,0.51473504,0.6667738,0.54118836,0.077426635,-0.048396744,0.18398347,0.1249371,-0.06231144,0.43053788,0.36124706,0.4641163,0.43030715,0.017738717,0.36774486,-0.045981877,-0.13710399,0.25825655,0.83705235,0.069090866,0.012539557,-0.29936114,-0.07816704,0.1529161,-0.08752446,-0.23493658,-0.16846874,0.4702498,0.45059276,-0.37988096,0.28721124,0.12090598,-0.19413164,-0.24383646,-0.29852033,-0.17776248,-0.259895,0.0346998,-0.34649748,-0.038635477,0.22014049,0.12388587,0.26151377,0.2562407,0.30732906,0.19988634,0.23585233,0.22785601,0.23150982,0.28673777,0.14219299,0.5112716,0.7128751,0.45019042,0.60948503,-0.061164375,0.33684474,0.09663147,0.14192417,0.15290442,0.41109514,0.64302796,0.3670711,0.42950183,0.28408313,0.21297447,0.61465204,-0.13131599,-0.15684491,-0.060670137,-0.3588142,-0.3373375,-0.060069643,-0.08051231,0.14337455,-0.12637192,-0.21015203,-0.17339912,-0.38153803,-0.4003417,0.045274146,0.0013626385,-0.098838374,0.07854015,-0.34262407,-0.24004722,-0.2150481,-0.13334127,-0.34797794
0.08208918,-0.13658689,-0.524706,-0.23783487,-0.17054544,-0.18008024,-0.04552344,-0.22139472,-0.16690643,-0.15898564,-0.43423295,-0.39321387,-0.29741216,0.2756272,0.35867155,0.26737753,-0.21476929,0.03439156,-0.070042446,0.24714804,0.25018582,-0.38118052,0.22586,-0.35613716,0.32663733,-0.54971445,0.052689716,-0.1366669,0.028831385,0.069090866,0.89526904,0.71171594,0.41779894,0.058221094,-0.18137953,0.20259333,-0.110259205,0.39827454,-0.16041526,-0.3296041,0.24107718,-0.08093415,-0.112135485,0.2081807,0.27519917,0.25091064,0.18084538,0.25088346,0.034416936,0.1881742,0.41456658,-0.34913865,0.10952988,-0.08957857,-0.16567938,-0.38707304,-0.15181361,-0.113107815,-0.11688763,-0.50835997,-0.5301156,-0.03191728,-0.001673718,0.09312999,0.33863556,0.4333256,0.09390842,-0.21317086,0.1983434,0.119517446,0.27636173,-0.31561857,0.026030684,-0.3162967,-0.357428,-0.33337265,0.07958537,0.043658823,0.71902966,0.68128395,0.23550352,0.3212288,0.23162742,-0.013674907,0.20610851,0.5252938,-6.358093e-05,0.026555922,0.21906585,0.1623486,0.3845138,0.1562126,0.06562778,0.18156517,-0.08192109,0.19478491,0.33691975,0.38647562,0.12462817,0.15955527
0.046853244,-0.25721616,-0.6473956,-0.3008703,-0.28408188,-0.29218268,0.036050484,-0.3009441,-0.1930882,-0.4964814,-0.69669664,-0.61657214,-0.52033234,0.16316095,0.3416018,0.20101732,-0.0828975,0.097506315,-0.05460176,0.553504,0.36284962,-0.59607077,0.3221522,-0.36670864,-0.02160996,-0.70704937,0.35375184,0.15365884,0.3234224,0.012539557,0.71171594,0.86908966,0.5259944,0.20448449,-0.28257358,0.50437987,0.28133327,0.5104764,-0.25212228,-0.5596597,0.55763894,-0.18604124,-0.18649617,0.40037948,0.40516788,0.508996,0.37993243,0.42708325,0.24713767,0.5322684,0.22165193,-0.46360224,0.033504922,-0.21457598,-0.28215247,-0.43479514,-0.21181498,-0.14139229,-0.47122276,-0.7778312,-0.7774628,0.19838548,-0.16181386,-0.10535351,0.43455517,0.3397403,0.37833136,-0.22461063,0.35674042,0.25187296,0.49861225,-0.39250472,-0.05036568,-0.35959738,-0.39492,-0.6271688,0.36435732,0.028683882,0.7907795,0.76745915,0.5453828,0.6365202,0.5477563,0.14895697,0.5285505,0.61208,0.4306246,0.36049,0.56298554,0.534078,0.60047865,-0.16578186,0.10346498,0.011734702,0.1153446,0.47029957,0.68399966,0.68882763,0.4233591,0.531312
0.25117573,-0.6298828,-0.42419833,-0.6716194,-0.6328732,-0.58931947,-0.4330203,-0.6927486,-0.55298436,-0.46152025,-0.5645188,-0.6498753,-0.54977584,-0.38223773,-0.19890174,-0.019089645,0.06544697,-0.3260306,0.10755101,0.19757777,-0.1949838,-0.3305034,0.054463256,-0.710697,0.06829861,-0.58550864,0.47413367,0.4621239,-0.05915986,-0.29936114,0.41779894,0.5259944,0.87930954,0.39272565,0.2553937,0.20581853,0.49026057,0.51628524,-0.33738545,-0.67520845,0.6797669,0.15185237,0.32445508,0.5951257,0.7661797,0.77546453,0.7369592,0.80135316,-0.04684437,0.57548237,0.0029571531,-0.62037706,-0.17221342,-0.5924252,-0.58564556,-0.6343648,-0.583554,-0.5495342,-0.4436378,-0.48029637,-0.5636985,0.13788284,-0.68087137,-0.44988155,0.061828516,0.027226456,-0.014934159,-0.18478885,0.20641084,-0.27555507,-0.046376888,-0.68734074,-0.5893407,-0.82825196,-0.650205,-0.5431446,-0.028421119,-0.59909713,0.43164295,0.38457143,0.09253007,0.6516921,0.62869513,0.4788743,0.1398514,0.41379654,0.4078259,0.5671046,0.25397015,0.50872517,0.7584815,-0.08798239,0.10297148,0.41180462,-0.33924216,0.61010003,0.46851075,0.46657398,0.14247456,0.51409304
0.3479613,-0.1375519,-0.19464579,-0.09400864,-0.13757765,-0.09648862,0.066773295,-0.17108345,-0.05081157,-0.4715951,-0.5015657,-0.5098601,-0.41450948,-0.291469,-0.015583778,0.4429255,0.5393247,0.3695932,0.5673032,0.39571828,0.16137779,0.067768,0.51766884,-0.34733728,-0.3649419,-0.29133487,0.61530226,0.5779164,0.44329906,-0.07816704,0.058221094,0.20448449,0.39272565,0.92203456,0.393526,0.4525272,0.40998065,-0.21711472,-0.42592442,-0.4846692,0.4810516,-0.12699686,0.1708048,0.11588644,0.5790067,0.43628848,0.5304213,0.56222016,0.37899593,0.37830976,0.2717412,-0.054282174,0.38637096,-0.09571327,-0.124238685,-0.08731876,-0.03882638,-0.04800149,-0.46828172,-0.39309877,-0.33590925,0.15137698,-0.2909209,-0.3900807,-0.04840864,-0.20343468,0.29495907,0.4540344,0.6189805,0.24531594,0.2566446,0.022743266,-0.08014446,-0.46826944,-0.14411682,-0.29060256,0.47268474,-0.17516282,0.21447319,0.08067011,0.18289375,0.4495655,0.5732958,0.72934663,0.2263391,0.5387003,0.44201568,0.33103198,0.31929135,0.34592658,0.35549796,-0.4531756,-0.5658873,-0.0032404568,0.16996436,0.18867727,0.26014036,0.4394822,0.3622702,0.3760304
0.22134651,-0.15680386,0.39073014,-0.16242592,-0.12912808,-0.047745563,-0.3760715,-0.19605848,-0.1588133,0.13168775,0.2046556,0.13464397,0.19962147,-0.2497743,-0.27307403,0.03858346,0.18146789,-0.2014853,0.39855522,-0.40529543,-0.35167804,0.63507164,0.14880136,-0.17913005,0.11905174,0.3011902,0.15820205,0.27744555,-0.22730705,0.1529161,-0.18137953,-0.28257358,0.2553937,0.393526,0.9293454,-0.32113728,0.08835381,-0.20639884,0.10063337,0.08835853,-0.06292153,0.5354804,0.7766104,0.02166215,0.3867283,0.13413548,0.36401033,0.33476955,-0.22614324,-0.15168291,-0.09211008,0.055117503,0.04085902,-0.15773298,-0.08402108,0.02602207,-0.18607154,-0.20845197,0.12470644,0.36494648,0.333678,-0.0680762,-0.26904452,-0.0031444146,-0.21916446,0.0074646333,-0.44658804,0.41902044,-0.019775499,-0.43342608,-0.49771577,0.006886181,-0.18821323,-0.40041798,-0.066098504,0.26907718,-0.23551598,-0.3118465,-0.42014968,-0.51113164,-0.61832297,-0.1873312,-0.06286543,0.47001332,-0.54222906,0.037927873,-0.11459088,0.030220488,-0.4758201,-0.28226942,-0.030476755,0.08968783,-0.19568962,0.36200047,-0.4515739,-0.118410505,-0.4133576,-0.3425191,-0.3508606,-0.23317388
