0,1,2,3,4,5,6,7,8,9,10,11,12,13,14,15,16,17,18,19,20,21,22,23,24,25,26,27,28,29,30,31,32,33,34,35,36,37,38,39,40,41,42,43,44,45,46,47,48,49,50,51,52,53,54,55,56,57,58,59,60,61,62,63,64,65,66,67,68,69,70,71,72,73,74,75,76,77,78,79,80,81,82,83,84,85,86,87,88,89,90,91,92,93,94,95,96,97,98,99
0.7913355,0.43190914,0.30881232,0.6500441,0.38286567,0.3068912,0.6193568,0.44089288,0.4285589,0.6150664,-0.67251647,-0.5439382,-0.12443217,0.17569229,0.44337693,0.6164614,0.42229617,0.59289014,0.56933564,0.6299151,0.5796566,0.27341306,0.6101512,0.029804543,-0.29383218,-0.5128412,0.22848955,0.16690764,0.5036246,0.19460247,0.05731894,0.313105,0.7324643,0.548777,0.2699468,0.6081661,0.43702167,0.6950344,0.34226376,0.6965121,0.5479529,0.0035548452,0.34735104,-0.47816223,0.6408729,0.25134897,0.2779167,0.27907002,-0.2235182,0.43197936,-0.35990733,0.2787323,0.3699981,0.3927973,0.39981586,0.039245903,0.37207446,0.4027583,-0.6707711,-0.47162765,-0.028171629,0.13617773,0.41608107,0.46512365,0.57665724,0.45549935,0.48105323,0.5911298,0.6416267,0.6294861,0.59937894,0.34192717,0.5481252,0.56516683,0.48701513,-0.545593,0.61686856,0.40831092,-0.13575366,-0.19764961,0.6402572,0.614749,0.4884833,0.6253646,0.58849734,0.61632276,0.52268875,0.38355768,0.7007658,0.48256433,-0.2037068,-0.16814913,0.44848752,-0.14987293,0.17794964,-0.5016234,0.65708447,0.6401374,-0.1060168,0.34951943
0.43190914,0.96604705,0.8093451,0.8240204,0.96256053,0.784968,0.7573664,0.929782,0.8871441,0.4584632,-0.5095409,-0.12957136,-0.09797055,0.33989835,0.52995664,0.8317645,0.5600376,0.8481696,0.6219803,0.78830737,0.69600093,0.7963463,0.83147603,0.6578889,0.1644426,0.11030722,0.80995005,0.6580292,0.5378066,0.7710036,0.27520126,0.62355524,0.3083746,0.7838547,0.80402267,0.4018799,0.3957895,0.17248195,-0.056288235,0.58483225,0.6688018,0.53082216,0.7464454,-0.480076,0.6094582,0.59279114,0.7304005,-0.038311113,-0.663959,-0.022659933,0.2195569,0.9148868,0.9119842,0.9333377,0.92069405,-0.0113046095,0.9012263,0.9317175,-0.09370114,-0.77192533,-0.532861,-0.3690331,0.13408719,0.06803255,0.48133087,0.45715567,0.85234183,0.5455766,0.7086318,0.7912556,0.62609875,0.82951117,0.796352,0.7878723,0.33397126,-0.63949287,0.68165183,0.85562456,-0.5640485,0.22789481,0.6657183,0.62062746,0.81183743,0.70936,0.6986574,0.67908096,0.4563159,0.6270594,0.5808455,0.81264335,0.41409653,-0.27971384,0.4943753,-0.2805255,0.7165903,-0.30043927,0.7320126,0.450651,-0.6265814,-0.27356058
0.30881232,0.8093451,0.9423118,0.57448494,0.8170766,0.91032565,0.7006214,0.8531816,0.916525,0.35818827,-0.21587582,0.18984488,0.20071547,0.5580136,0.6365631,0.58450305,0.72128135,0.7225205,0.6709958,0.7315066,0.71735597,0.58414066,0.6749359,0.7443181,0.19432467,0.18826458,0.64791083,0.48818067,0.6204306,0.63784087,0.16079032,0.5180978,0.06676872,0.49537948,0.5759802,0.3622144,0.16589591,-0.02175358,-0.17166659,0.36154932,0.42971787,0.4360839,0.52278745,-0.18019915,0.3471521,0.54802823,0.5321686,-0.01590072,-0.4086575,0.107084095,0.3445454,0.8697081,0.8085973,0.7530794,0.89910734,0.37886512,0.90228844,0.8817983,0.064816885,-0.5694898,-0.39444417,-0.092349574,0.3499576,0.27736312,0.5711599,0.6012995,0.81929445,0.6511818,0.5802125,0.6703415,0.6636354,0.74239886,0.6950109,0.6844083,0.47125834,-0.45676285,0.5502597,0.7333731,-0.401886,0.29650617,0.52668065,0.30939645,0.5347045,0.43204564,0.40199178,0.3647576,0.22657537,0.3554326,0.44957584,0.6713435,0.4368183,-0.07644381,0.34935468,-0.10272853,0.55795085,-0.047624763,0.4839216,0.20967215,-0.40983677,-0.16051756
0.6500441,0.8240204,0.57448494,0.92749935,0.7906145,0.5534826,0.7903958,0.7814723,0.7174072,0.6787468,-0.73784137,-0.46807295,-0.34185678,0.11189501,0.42621136,0.9125824,0.44668418,0.83734125,0.61146736,0.79804885,0.68430674,0.6501631,0.841725,0.370356,-0.031454835,-0.22692624,0.6217264,0.47307795,0.48661235,0.55134386,0.12077598,0.46228552,0.66266835,0.85471344,0.6661621,0.5809132,0.58215076,0.49684358,0.13881941,0.77550924,0.7239551,0.25857285,0.6360742,-0.68407434,0.750053,0.38916987,0.5860303,0.0693873,-0.59359527,0.14885539,-0.18799525,0.66775066,0.7589037,0.79226935,0.7509773,-0.16768263,0.7067056,0.7655225,-0.42378813,-0.7236577,-0.29773557,-0.314424,0.14923577,0.14454275,0.5226591,0.39011797,0.7318724,0.54480684,0.8072271,0.83095276,0.64567214,0.63741076,0.7889854,0.780468,0.4207918,-0.6452503,0.7798482,0.72069,-0.49982765,-0.09799646,0.79970574,0.8215891,0.82382834,0.8770186,0.86970186,0.857014,0.67743087,0.63418484,0.77658165,0.7781542,0.063785665,-0.43405285,0.4992333,-0.4136531,0.50969744,-0.5582139,0.8511425,0.7163465,-0.47918206,-0.010092386
0.38286567,0.96256053,0.8170766,0.7906145,0.9740122,0.79049486,0.71681684,0.92616814,0.8846179,0.4158684,-0.45867157,-0.07894601,-0.085866235,0.338843,0.5083712,0.80109394,0.5341531,0.81465733,0.58019197,0.75172055,0.65795827,0.8009203,0.8006935,0.676097,0.21603042,0.15609977,0.82586265,0.66898596,0.50785375,0.78799343,0.28500366,0.6190212,0.25016558,0.7577776,0.81535256,0.35590744,0.3692881,0.119390994,-0.077451244,0.541125,0.6470442,0.5580121,0.7482636,-0.44663942,0.574926,0.60039735,0.73924506,-0.0548475,-0.65988314,-0.05984002,0.26840946,0.9351798,0.91059107,0.9379618,0.9207206,-0.011700105,0.904191,0.9353966,-0.03293657,-0.755159,-0.5556284,-0.3948423,0.09610477,0.021183632,0.43301314,0.42754924,0.83725184,0.500314,0.6618321,0.74953395,0.5795394,0.82608354,0.7626329,0.7599788,0.28785634,-0.616591,0.6460194,0.849258,-0.568949,0.26263225,0.61682975,0.58407986,0.7962047,0.6700069,0.662939,0.64394087,0.4244313,0.6137106,0.53185093,0.78745353,0.45635703,-0.2596374,0.47927177,-0.27482262,0.72888386,-0.25987276,0.6980196,0.41138458,-0.63742965,-0.314702
0.3068912,0.784968,0.91032565,0.5534826,0.79049486,0.93822706,0.6888809,0.8188484,0.8925854,0.3694515,-0.18702438,0.23587018,0.26495865,0.62092626,0.7059206,0.57029504,0.74857366,0.6866964,0.66673565,0.72016686,0.71406865,0.5792719,0.66563314,0.770821,0.18934876,0.22101149,0.66111135,0.50246704,0.6932943,0.64959204,0.17394435,0.5131708,0.052208148,0.49569595,0.5735084,0.41088098,0.19120932,-0.04946404,-0.19769707,0.3543463,0.43847167,0.44233543,0.52678347,-0.14995256,0.35062367,0.57191014,0.5366806,0.0017049015,-0.4062463,0.14237502,0.35319552,0.8440331,0.7986748,0.7310127,0.8724289,0.40268868,0.86861205,0.8469806,0.094007194,-0.56093204,-0.37253258,-0.036684442,0.42277026,0.33159405,0.5749573,0.669412,0.8299941,0.6523757,0.55928177,0.63701403,0.65918434,0.7403452,0.671657,0.67988026,0.48935777,-0.44557163,0.5923414,0.7452483,-0.39235717,0.30011433,0.5149993,0.31868076,0.5342357,0.42878357,0.40679234,0.36673456,0.25230542,0.3717228,0.47110143,0.68807054,0.45028898,-0.08025061,0.33455235,-0.08835934,0.55400753,-0.010072749,0.49989736,0.23306464,-0.40493125,-0.12926908
0.6193568,0.7573664,0.7006214,0.7903958,0.71681684,0.6888809,0.9603289,0.7865635,0.8124847,0.7529124,-0.59471256,-0.21603808,-0.14021918,0.35316238,0.6074065,0.81988925,0.76023847,0.88248444,0.8718678,0.9280714,0.9151745,0.5524738,0.8518181,0.5882859,-0.025091924,-0.111598656,0.53679967,0.3305503,0.6098692,0.49467292,0.030530218,0.41753846,0.5251026,0.7008976,0.5287739,0.6231808,0.3844595,0.3593555,-0.042529065,0.68933165,0.54481155,0.19649836,0.4962783,-0.5764258,0.5691702,0.3344121,0.4192267,-0.07211425,-0.5094126,0.22846743,-0.1469129,0.6526524,0.79669297,0.6967869,0.7801864,0.112904474,0.7880831,0.78854835,-0.3240636,-0.62974024,-0.16730762,-0.14231618,0.3987281,0.42382044,0.8221259,0.6257032,0.84252715,0.8294505,0.90889704,0.9085597,0.9095602,0.6621022,0.91692424,0.8849123,0.73422205,-0.512238,0.77451146,0.72593546,-0.50654465,-0.0988241,0.8959928,0.6307024,0.6756233,0.7793323,0.74551356,0.68568134,0.53110754,0.41221267,0.8082332,0.83243656,0.031125885,-0.4156713,0.413404,-0.3976248,0.4468339,-0.4721713,0.7205752,0.5832416,-0.39090344,0.040859815
0.44089288,0.929782,0.8531816,0.7814723,0.92616814,0.8188484,0.7865635,0.95488983,0.9171008,0.47852316,-0.44433457,-0.0722097,-0.055506226,0.36570573,0.5405232,0.7796805,0.6185383,0.85030115,0.665766,0.8102208,0.7320847,0.68962514,0.79705113,0.6593975,0.17364065,0.06557078,0.7127729,0.5301471,0.5410772,0.6708282,0.16950029,0.5523715,0.28575593,0.6914251,0.69432545,0.4064222,0.31680793,0.16440456,-0.06461866,0.54612553,0.56932867,0.42715314,0.62771064,-0.42507708,0.52107894,0.51683116,0.61321235,-0.039391145,-0.55360675,0.044851046,0.18841535,0.91167724,0.8827511,0.88380563,0.9351418,0.13018616,0.93637353,0.95369166,-0.10022685,-0.6912594,-0.4379789,-0.27842855,0.2005173,0.1494336,0.541271,0.48904562,0.8403295,0.61435294,0.7124748,0.801908,0.6791297,0.7692806,0.79689646,0.7747998,0.4314106,-0.5767809,0.64583457,0.78813815,-0.5319048,0.17968217,0.6631878,0.52855825,0.7080971,0.6461501,0.6250882,0.5920949,0.3937378,0.49007702,0.575956,0.75800365,0.34480536,-0.2545698,0.4337077,-0.28370747,0.61062837,-0.27821168,0.6596029,0.39648503,-0.5139824,-0.20236549
0.4285589,0.8871441,0.916525,0.7174072,0.8846179,0.8925854,0.8124847,0.9171008,0.9602689,0.4813608,-0.38744527,0.02901106,0.061340302,0.4924745,0.6402918,0.73354286,0.73457235,0.836756,0.74190146,0.83362293,0.79445815,0.6742494,0.7951262,0.7395313,0.14364672,0.12403834,0.70879877,0.53123456,0.6343043,0.68162477,0.1843732,0.5601165,0.2292602,0.6457152,0.6651608,0.4465378,0.28186494,0.10302343,-0.13885489,0.506369,0.5404066,0.44585145,0.609744,-0.35491684,0.48526803,0.55000234,0.5930569,-0.030501213,-0.5251243,0.097704865,0.2325945,0.8967312,0.88599694,0.83221626,0.94430506,0.24692349,0.9426445,0.93538034,-0.059137844,-0.67442983,-0.41537297,-0.18734759,0.3229174,0.26527435,0.6330565,0.60477495,0.8847933,0.7037688,0.7187767,0.7942541,0.7454814,0.79537725,0.8123344,0.7954965,0.5217164,-0.55309594,0.663971,0.81060696,-0.49305746,0.21323855,0.6709968,0.47730088,0.66608137,0.60360575,0.5757085,0.5349506,0.36519396,0.4638781,0.5846022,0.78192973,0.3733009,-0.2185516,0.4147123,-0.22453396,0.60883486,-0.20896289,0.6246672,0.36550266,-0.4907719,-0.16889292
0.6150664,0.4584632,0.35818827,0.6787468,0.4158684,0.3694515,0.7529124,0.47852316,0.4813608,0.8899159,-0.51738936,-0.34255332,-0.29489014,0.049296383,0.40022564,0.6594301,0.45810503,0.60211945,0.59487593,0.70627236,0.6615659,0.22490871,0.59801614,0.22899316,-0.16128913,-0.38159233,0.23152143,0.055980068,0.5103564,0.15335926,-0.2869684,0.051851816,0.7063587,0.5445377,0.23245221,0.721784,0.55044144,0.5436654,0.19003928,0.71612316,0.4572314,-0.19153641,0.2229431,-0.51781213,0.5206901,0.08529614,0.16377373,0.12505654,-0.22469667,0.45652282,-0.49222142,0.30261844,0.46231925,0.43975842,0.4738794,0.06314261,0.4386323,0.47061145,-0.4257374,-0.32706752,0.19967364,-0.012700461,0.34604108,0.3974976,0.6093503,0.4369449,0.5443783,0.6057785,0.7097466,0.6653311,0.67565405,0.27703762,0.6227454,0.6578268,0.69025457,-0.2850647,0.74350965,0.40844926,-0.33744425,-0.45811832,0.75938475,0.6291106,0.4768293,0.69663537,0.69865525,0.6402756,0.6695236,0.29544154,0.83090305,0.5847174,-0.32599986,-0.44658595,0.31246266,-0.41954285,0.07430085,-0.4729762,0.684464,0.7108326,-0.057571724,0.3968007
-0.67251647,-0.5095409,-0.21587582,-0.73784137,-0.45867157,-0.18702438,-0.59471256,-0.44433457,-0.38744527,-0.51738936,0.9253467,0.734606,0.4124844,0.038003962,-0.24188466,-0.7797297,-0.26358175,-0.6556016,-0.50448966,-0.59017944,-0.5213469,-0.5149303,-0.7033416,-0.04609105,0.25395453,0.35464364,-0.40423483,-0.35533774,-0.25275132,-0.36797374,-0.23435554,-0.42478907,-0.75343215,-0.7779254,-0.5073465,-0.45573372,-0.5165168,-0.585873,-0.14189814,-0.67155695,-0.6394787,-0.17418367,-0.53506154,0.7587075,-0.742072,-0.21715984,-0.44604242,-0.051381268,0.56123686,-0.061828434,0.33334732,-0.30029655,-0.47853607,-0.46168196,-0.39302537,0.4257577,-0.3520033,-0.41377404,0.6708299,0.67190886,0.27315813,0.27340516,-0.067771845,-0.12582451,-0.45109126,-0.22796765,-0.46886128,-0.4254342,-0.746305,-0.69245255,-0.50421464,-0.4507187,-0.645715,-0.57188797,-0.2667769,0.6641288,-0.6152806,-0.5272476,0.33756095,0.15786183,-0.7378433,-0.8265508,-0.71712375,-0.8351841,-0.80951583,-0.8460336,-0.6161759,-0.58043694,-0.6728395,-0.6111844,0.10957037,0.44903162,-0.3559535,0.3661211,-0.38384187,0.70905083,-0.72471786,-0.69104016,0.43934643,0.0076008476
-0.5439382,-0.12957136,0.18984488,-0.46807295,-0.07894601,0.23587018,-0.21603808,-0.0722097,0.02901106,-0.34255332,0.734606,0.9120261,0.5469003,0.39360803,0.14020297,-0.4511024,0.15875167,-0.28176543,-0.10217047,-0.20912798,-0.10678484,-0.13956153,-0.31611645,0.41126287,0.37707165,0.5946922,-0.022404715,-0.052649178,0.066067904,0.026334088,-0.031707965,-0.1005501,-0.7906686,-0.47156322,-0.15454148,-0.310332,-0.4654416,-0.7086437,-0.3439452,-0.51613295,-0.41205442,0.15186109,-0.21235147,0.60349214,-0.56784266,0.06589824,-0.14221184,-0.2034702,0.22109798,-0.12866278,0.54315865,0.08674664,-0.030627023,-0.107871056,0.009942761,0.5048473,0.055533886,-0.022232026,0.73708403,0.32795614,0.017284773,0.18470003,0.13895358,0.042449668,-0.09919879,0.13921478,-0.020747844,-0.06228681,-0.3915878,-0.33121705,-0.12929246,-0.015453465,-0.23369376,-0.18199202,-0.026156807,0.40354502,-0.30996713,-0.08785377,0.058364738,0.35777217,-0.40489614,-0.6291858,-0.38314897,-0.5606741,-0.5524953,-0.61617196,-0.5157156,-0.36826476,-0.44119024,-0.17702052,0.3836633,0.32749185,-0.20575511,0.26632792,-0.022248957,0.62863475,-0.46947348,-0.5950482,0.100453004,-0.1871499
-0.12443217,-0.09797055,0.20071547,-0.34185678,-0.085866235,0.26495865,-0.14021918,-0.055506226,0.061340302,-0.29489014,0.4124844,0.5469003,0.90011424,0.74390936,0.49306422,-0.32320654,0.35452724,-0.15632196,0.10474676,-0.06259164,0.052554637,-0.08084614,-0.10671727,0.2608692,0.08776571,0.33028212,-0.0005270541,0.072912045,0.36927736,0.08244259,0.30884475,0.24513963,-0.48913783,-0.3125184,-0.11966263,-0.07026677,-0.39411795,-0.31682992,-0.08463784,-0.28322718,-0.13006717,0.27045593,-0.03814063,0.55429745,-0.22033158,0.32683113,0.0021059625,0.1270255,0.2129555,0.13165823,0.5322757,0.058308613,-0.049928173,-0.14137925,-0.011090413,0.564308,0.026584689,-0.04371895,0.2837014,0.08548912,-0.09794229,0.5613543,0.56406903,0.47792488,0.14788248,0.5032021,0.1034065,0.17585045,-0.24313653,-0.19926788,0.03822263,0.11380945,-0.15061687,-0.07010013,0.04209789,0.033282813,-0.14381231,0.03611033,0.31926766,0.526386,-0.29968572,-0.42646855,-0.25069374,-0.4388209,-0.47680074,-0.43911454,-0.4434212,-0.16952421,-0.26675043,-0.09340342,0.39842921,0.58541197,0.08043401,0.5721751,0.06453107,0.49781072,-0.26187825,-0.4248793,0.085126564,0.015282521
0.17569229,0.33989835,0.5580136,0.11189501,0.338843,0.62092626,0.35316238,0.36570573,0.4924745,0.049296383,0.038003962,0.39360803,0.74390936,0.96026736,0.8127095,0.17062703,0.74711025,0.33188176,0.573549,0.41698006,0.53976244,0.337939,0.38288444,0.59964836,0.06737187,0.3430698,0.3888716,0.37371412,0.661863,0.46043384,0.44638544,0.5572181,-0.21813682,0.15517166,0.2821396,0.19733268,-0.16951272,-0.178182,-0.15979415,0.069801375,0.22253016,0.5040724,0.3408627,0.18492353,0.13021585,0.55346406,0.3349892,0.013094,-0.19851822,0.13220492,0.5138092,0.4259395,0.4268154,0.2690942,0.4141261,0.49472678,0.44352448,0.3814252,0.12487748,-0.34582287,-0.29543447,0.40276968,0.70742583,0.61176753,0.56127894,0.81063235,0.5735278,0.58255726,0.2664709,0.2992707,0.4991697,0.54712534,0.3659488,0.40768123,0.3517483,-0.30568188,0.2780579,0.5068747,-0.015698183,0.5443337,0.21056232,-0.009012403,0.20629606,0.047090724,-0.0075849723,0.004201932,-0.14060554,0.1466439,0.14525844,0.41899884,0.50182533,0.31520677,0.29544425,0.3364551,0.42584178,0.20985463,0.1584385,-0.103075564,-0.2655112,-0.09203088
0.44337693,0.52995664,0.6365631,0.42621136,0.5083712,0.7059206,0.6074065,0.5405232,0.6402918,0.40022564,-0.24188466,0.14020297,0.49306422,0.8127095,0.94763553,0.47251588,0.79923224,0.5551332,0.707536,0.6633072,0.7219134,0.4317196,0.6240181,0.57782537,-0.048675444,0.09591611,0.48444974,0.42560625,0.8515479,0.5112783,0.31678975,0.5270669,0.1730679,0.43444157,0.39907295,0.53454626,0.19420254,0.110558644,-0.05430886,0.3962764,0.48292086,0.38729697,0.45816708,-0.08137437,0.42975113,0.57673395,0.4400503,0.1558537,-0.2950409,0.3369226,0.22975516,0.5238383,0.57885146,0.4577338,0.5799175,0.40962976,0.571148,0.54506505,-0.11799053,-0.5086057,-0.21813464,0.32227945,0.76375103,0.68531215,0.7008046,0.9231925,0.7431568,0.72135556,0.52514637,0.54293084,0.6794028,0.6178112,0.56761694,0.6276493,0.5421825,-0.46492156,0.62044907,0.6501981,-0.12627819,0.28572968,0.49833432,0.34288478,0.4484085,0.38084662,0.34073317,0.34498888,0.25608045,0.35954365,0.5165737,0.6279766,0.32388514,0.07834394,0.40810487,0.13768928,0.43011242,-0.029514069,0.4974192,0.29456085,-0.2830798,0.11370735
0.6164614,0.8317645,0.58450305,0.9125824,0.80109394,0.57029504,0.81988925,0.7796805,0.73354286,0.6594301,-0.7797297,-0.4511024,-0.32320654,0.17062703,0.47251588,0.96655273,0.5005259,0.8820203,0.6706724,0.8329401,0.73782206,0.7459842,0.9071535,0.44839,-0.057234872,-0.12867355,0.69770235,0.56774247,0.50510335,0.64433706,0.2384896,0.53358364,0.63682175,0.9265186,0.74940145,0.5751647,0.5858592,0.4297784,0.03620831,0.75959027,0.76750344,0.3596674,0.7244416,-0.7245288,0.7908541,0.44047666,0.65892655,0.00070379674,-0.70896506,0.07179608,-0.138616,0.67005396,0.81419194,0.80366284,0.7535061,-0.24276721,0.7142662,0.7650821,-0.39133587,-0.7935364,-0.38000816,-0.37272352,0.14545919,0.14935434,0.5715574,0.4290173,0.78682315,0.58245546,0.8672862,0.8821968,0.6929215,0.7254321,0.8587173,0.82894766,0.42587113,-0.6861999,0.8087839,0.8035655,-0.5310458,-0.037869178,0.8583478,0.871778,0.9025043,0.9323759,0.91898036,0.91120195,0.68598413,0.70987797,0.7884772,0.8648397,0.13210052,-0.47702998,0.4974053,-0.41388586,0.6149045,-0.5694021,0.87712455,0.7241628,-0.5938717,-0.09852151
0.42229617,0.5600376,0.72128135,0.44668418,0.5341531,0.74857366,0.76023847,0.6185383,0.73457235,0.45810503,-0.26358175,0.15875167,0.35452724,0.74711025,0.79923224,0.5005259,0.9620262,0.66156197,0.89766634,0.76021796,0.87321424,0.42114782,0.6607278,0.69050705,-0.0066371076,0.14234221,0.4374498,0.29169482,0.70277494,0.46236107,0.1775288,0.45934033,0.14790365,0.3950328,0.3623364,0.45784256,0.04962551,0.05866425,-0.20309618,0.36668938,0.32640874,0.31113893,0.37139463,-0.18946339,0.30331856,0.4166515,0.31110477,-0.072962075,-0.33432084,0.23127264,0.15550311,0.56280553,0.65154433,0.46795076,0.6560055,0.43084422,0.686023,0.63559026,-0.112977125,-0.47744635,-0.17667653,0.19790578,0.6868392,0.67922306,0.8888879,0.8452444,0.7788918,0.90415347,0.68289983,0.6748315,0.8619381,0.6334876,0.7326791,0.7094214,0.7253295,-0.38747758,0.5578162,0.6487779,-0.28085652,0.18465793,0.6402335,0.27170798,0.40533918,0.41676992,0.3605491,0.31451303,0.17453288,0.2057302,0.5337177,0.67447054,0.22239816,-0.082697354,0.29169422,-0.049046867,0.4030211,-0.13052298,0.4164611,0.22215098,-0.29876614,0.020752499
0.59289014,0.8481696,0.7225205,0.83734125,0.81465733,0.6866964,0.88248444,0.85030115,0.836756,0.60211945,-0.6556016,-0.28176543,-0.15632196,0.33188176,0.5551332,0.8820203,0.66156197,0.9583568,0.7886902,0.899939,0.83457965,0.6947428,0.909553,0.55899537,-0.019843662,-0.06569117,0.6592368,0.49874082,0.5484962,0.62150824,0.21574351,0.5655436,0.49354842,0.79771334,0.6788436,0.53086704,0.39758575,0.34072915,-0.032914456,0.67211795,0.6510458,0.36784336,0.65404075,-0.58808136,0.6653086,0.46389616,0.58756965,-0.02041607,-0.6122815,0.10317842,-0.012739139,0.74284244,0.84426033,0.78561616,0.82464343,-0.011994595,0.8229946,0.8433386,-0.31781164,-0.7460764,-0.3764261,-0.2553634,0.26274812,0.2678439,0.69095016,0.5333986,0.8448022,0.7237631,0.88807654,0.9438778,0.80668783,0.76109016,0.91719174,0.8587966,0.5360082,-0.64024615,0.7375863,0.7970314,-0.48591202,0.061250307,0.8367146,0.68790686,0.78437996,0.8058258,0.76758355,0.74357533,0.516959,0.5585647,0.73488444,0.83713174,0.18954052,-0.3595554,0.4621705,-0.32185084,0.5938915,-0.45704842,0.75913805,0.56929404,-0.52634895,-0.10705017
0.56933564,0.6219803,0.6709958,0.61146736,0.58019197,0.66673565,0.8718678,0.665766,0.74190146,0.59487593,-0.50448966,-0.10217047,0.10474676,0.573549,0.707536,0.6706724,0.89766634,0.7886902,0.9696617,0.85409576,0.93357927,0.4912225,0.78279495,0.6032853,-0.096389495,-0.012613501,0.46789148,0.30779564,0.6399491,0.46768546,0.16650024,0.47615188,0.3773619,0.5619751,0.4406906,0.54367185,0.19102596,0.2560997,-0.12746648,0.5401662,0.44448763,0.26393726,0.44709265,-0.42444676,0.46929756,0.37253195,0.35993135,-0.07328587,-0.44844198,0.21818599,-0.03263495,0.5511722,0.7002486,0.52908856,0.67212486,0.2216964,0.6959044,0.66767776,-0.3098893,-0.5845574,-0.19400793,0.04786601,0.57586515,0.60948443,0.93938,0.75778055,0.79871994,0.9388566,0.8491399,0.8216952,0.93687034,0.6567906,0.86131144,0.80424523,0.75640464,-0.49357817,0.65751046,0.6883802,-0.35860676,0.049047887,0.8097731,0.475332,0.5496526,0.6236268,0.5692611,0.5217708,0.3450267,0.32230502,0.68548167,0.7630571,0.10138951,-0.2545552,0.35265428,-0.19951148,0.43278408,-0.35806045,0.56837285,0.4191846,-0.3690459,0.029794775
0.6299151,0.78830737,0.7315066,0.79804885,0.75172055,0.72016686,0.9280714,0.8102208,0.83362293,0.70627236,-0.59017944,-0.20912798,-0.06259164,0.41698006,0.6633072,0.8329401,0.76021796,0.899939,0.85409576,0.9518097,0.90532744,0.5927746,0.8837904,0.5814158,-0.06051934,-0.11975962,0.58764553,0.41535988,0.67806095,0.54815626,0.118334495,0.4972539,0.5165106,0.7301764,0.57594883,0.65636647,0.41792956,0.36858916,0.00037653372,0.7008693,0.625531,0.27043104,0.5658634,-0.5159581,0.6369957,0.4540745,0.50542754,0.050272685,-0.5040437,0.26626962,-0.060685385,0.6911294,0.8117868,0.7259245,0.8051311,0.1376546,0.80090356,0.8061745,-0.31774175,-0.6757622,-0.23648117,-0.098991044,0.4276319,0.42496496,0.789642,0.66046023,0.87124115,0.81563234,0.8835783,0.9092368,0.88666165,0.7108039,0.9018125,0.8885213,0.6752075,-0.57995707,0.79897964,0.7625694,-0.42578602,0.00043562427,0.8511565,0.64993525,0.70835984,0.76616776,0.72937584,0.6909635,0.5436404,0.489721,0.8058447,0.8340764,0.12658289,-0.31506655,0.47795063,-0.27528533,0.49551946,-0.4054138,0.7588176,0.5998031,-0.4064042,0.05638984
0.5796566,0.69600093,0.71735597,0.68430674,0.65795827,0.71406865,0.9151745,0.7320847,0.79445815,0.6615659,-0.5213469,-0.10678484,0.052554637,0.53976244,0.7219134,0.73782206,0.87321424,0.83457965,0.93357927,0.90532744,0.9577878,0.538108,0.82592404,0.64119303,-0.06030272,-0.019352583,0.52738506,0.34825844,0.6885832,0.5111636,0.13506308,0.47617382,0.41697988,0.6287435,0.49702772,0.60022694,0.28042018,0.2713453,-0.109173395,0.60361207,0.5089545,0.27045518,0.4929424,-0.46035677,0.51863503,0.40466493,0.41439813,-0.05600627,-0.48163086,0.23854226,-0.038079664,0.6181972,0.76586777,0.61873126,0.7422407,0.21662225,0.7567797,0.7364588,-0.28449,-0.62003255,-0.2023863,-0.010820892,0.54567313,0.557911,0.8994435,0.7564225,0.85650635,0.90875196,0.8709397,0.8607305,0.94300306,0.6915244,0.8906299,0.8598161,0.75527525,-0.5132295,0.734581,0.7337179,-0.41707483,0.02047407,0.8421149,0.5424048,0.6134225,0.68382084,0.6405299,0.58711827,0.42824498,0.38055742,0.7497635,0.8193315,0.1161523,-0.3056672,0.39074707,-0.25424457,0.46003208,-0.3710929,0.6485863,0.49211413,-0.3887326,0.03656964
0.27341306,0.7963463,0.58414066,0.6501631,0.8009203,0.5792719,0.5524738,0.68962514,0.6742494,0.22490871,-0.5149303,-0.13956153,-0.08084614,0.337939,0.4317196,0.7459842,0.42114782,0.6947428,0.4912225,0.5927746,0.538108,0.9707682,0.76880276,0.62607026,0.15108453,0.3514351,0.92047703,0.8574999,0.35570633,0.92290354,0.56892514,0.74588406,0.16878954,0.80625284,0.9517114,0.19730255,0.31898123,0.026318965,-0.12129682,0.461059,0.6945891,0.7922306,0.9170315,-0.48060897,0.60532063,0.6604797,0.87247896,-0.17416152,-0.86074865,-0.3105188,0.33619684,0.72749984,0.8311934,0.78009987,0.7038985,-0.33525604,0.66319484,0.70212686,0.0077112205,-0.8049996,-0.71360725,-0.5035441,-0.021259453,-0.08617226,0.33339167,0.32774076,0.7353081,0.3520649,0.59954685,0.6429057,0.44166553,0.88908386,0.6981777,0.6791091,0.052390594,-0.6320342,0.5391474,0.8880346,-0.5342399,0.41959393,0.5516029,0.6252309,0.87488127,0.6616111,0.65791786,0.66927373,0.3569926,0.76557976,0.39475226,0.8065858,0.5863316,-0.25445136,0.49869895,-0.18592666,0.92504346,-0.26110467,0.6596183,0.3533773,-0.87381434,-0.5270097
0.6101512,0.83147603,0.6749359,0.841725,0.8006935,0.66563314,0.8518181,0.79705113,0.7951262,0.59801614,-0.7033416,-0.31611645,-0.10671727,0.38288444,0.6240181,0.9071535,0.6607278,0.909553,0.78279495,0.8837904,0.82592404,0.76880276,0.9493228,0.55794466,-0.09052357,-0.04294991,0.73141944,0.615538,0.6203419,0.7015636,0.33698553,0.6396812,0.5243081,0.8727528,0.75411034,0.5788194,0.4794656,0.35823536,-0.0011628326,0.7115588,0.7621627,0.46031302,0.75704265,-0.59661907,0.76057684,0.56174254,0.6909312,0.027780525,-0.68272734,0.115096316,0.014334123,0.70406604,0.84915805,0.78187704,0.78382385,-0.079668984,0.7611457,0.787418,-0.32777372,-0.8100837,-0.422553,-0.23534918,0.30679238,0.28950268,0.68171054,0.58544445,0.8679321,0.7011939,0.87479436,0.9053887,0.7842071,0.81299907,0.896838,0.87448895,0.49020416,-0.6995735,0.7938366,0.85472,-0.45338368,0.11433968,0.8373364,0.77512926,0.8640015,0.84586704,0.8130597,0.80932915,0.58019483,0.68404615,0.7601739,0.89160013,0.24928325,-0.33773243,0.5403391,-0.2552238,0.6765715,-0.44995934,0.83074665,0.63134474,-0.5970538,-0.10426314
0.029804543,0.6578889,0.7443181,0.370356,0.676097,0.770821,0.5882859,0.6593975,0.7395313,0.22899316,-0.04609105,0.41126287,0.2608692,0.59964836,0.57782537,0.44839,0.69050705,0.55899537,0.6032853,0.5814158,0.64119303,0.62607026,0.55794466,0.9263615,0.37549573,0.55583596,0.6820241,0.50347745,0.46588618,0.70078284,0.23528618,0.47194618,-0.21253993,0.39461672,0.59288687,0.13247788,-0.027167315,-0.3308702,-0.36668712,0.17642695,0.26500082,0.57161844,0.5093864,-0.12748384,0.13703531,0.46805426,0.4907937,-0.34823972,-0.5302999,-0.18124911,0.45892376,0.72317135,0.77483696,0.62131894,0.7276728,0.23378408,0.7412952,0.7054858,0.33557826,-0.48288405,-0.4263549,-0.20107976,0.27099574,0.18625459,0.50131834,0.5471871,0.7491605,0.5392747,0.47762424,0.5160459,0.5651776,0.7341404,0.63203114,0.6207681,0.3562221,-0.27366492,0.40152714,0.7304318,-0.5163278,0.39342687,0.44303793,0.1720687,0.4789554,0.32670456,0.3139379,0.24043469,0.05173533,0.27496368,0.26577425,0.6822467,0.5529431,-0.11974355,0.23554365,-0.14659554,0.63402826,0.049046446,0.32525438,0.015009036,-0.56624043,-0.40146
-0.29383218,0.1644426,0.19432467,-0.031454835,0.21603042,0.18934876,-0.025091924,0.17364065,0.14364672,-0.16128913,0.25395453,0.37707165,0.08776571,0.06737187,-0.048675444,-0.057234872,-0.0066371076,-0.019843662,-0.096389495,-0.06051934,-0.06030272,0.15108453,-0.09052357,0.37549573,0.7038936,0.4028847,0.20849095,0.06798747,-0.13957855,0.2126607,-0.030110396,0.1152392,-0.46306592,-0.09596518,0.15643653,-0.3865394,-0.31271136,-0.3655509,-0.0961012,-0.15077376,-0.20041373,0.24871278,0.037273835,0.06085272,-0.32488334,0.048923355,0.058952056,-0.43456668,-0.16970564,-0.408986,0.43894976,0.2875926,0.20180166,0.23300368,0.19345903,0.05979368,0.23050988,0.20022142,0.43327707,-0.04561782,-0.26575184,-0.24304834,-0.21282007,-0.30540055,-0.18302013,-0.1018774,0.085169375,-0.14514908,-0.1372025,-0.07814991,-0.10386613,0.13175128,-0.004745893,0.020952292,-0.19815126,0.043686073,-0.18326843,0.10689138,-0.4133858,0.30479276,-0.1475097,-0.2430513,-0.016458848,-0.1380291,-0.11010349,-0.17691728,-0.32041803,-0.16633743,-0.2819447,0.044643853,0.37388256,0.023985274,0.004043296,-0.15554634,0.20506227,0.13613157,-0.14367633,-0.38146418,-0.23907807,-0.4750168
-0.5128412,0.11030722,0.18826458,-0.22692624,0.15609977,0.22101149,-0.111598656,0.06557078,0.12403834,-0.38159233,0.35464364,0.5946922,0.33028212,0.3430698,0.09591611,-0.12867355,0.14234221,-0.06569117,-0.012613501,-0.11975962,-0.019352583,0.3514351,-0.04294991,0.55583596,0.4028847,0.8879757,0.37085772,0.34724644,-0.08661787,0.4466089,0.3430829,0.22959489,-0.699486,-0.062442396,0.32155848,-0.4582821,-0.40082085,-0.72168916,-0.46968678,-0.3917641,-0.1600152,0.562467,0.23412162,0.2075375,-0.31653285,0.2010771,0.23864695,-0.5474544,-0.3274638,-0.60374975,0.6146165,0.2403713,0.24745363,0.13050666,0.12764545,-0.032643527,0.16205683,0.11673543,0.66004235,-0.0710957,-0.3978343,-0.23033082,-0.109112725,-0.20787635,-0.09754795,0.050631016,0.13850316,-0.09582636,-0.1483969,-0.12257269,-0.094297186,0.33609867,0.024653912,0.004826896,-0.23034792,0.10107943,-0.22787596,0.26053715,-0.2508389,0.51970994,-0.17605607,-0.2808351,0.05731251,-0.20067455,-0.19881281,-0.23992226,-0.41113442,0.0033129451,-0.3994131,0.15038167,0.60866576,0.08681747,-0.097934574,0.059705608,0.46631396,0.34232157,-0.24709645,-0.49344993,-0.4645117,-0.6735391
0.22848955,0.80995005,0.64791083,0.6217264,0.82586265,0.66111135,0.53679967,0.7127729,0.70879877,0.23152143,-0.40423483,-0.022404715,-0.0005270541,0.3888716,0.48444974,0.69770235,0.4374498,0.6592368,0.46789148,0.58764553,0.52738506,0.92047703,0.73141944,0.6820241,0.20849095,0.37085772,0.9504546,0.8634262,0.44118905,0.9385842,0.49553528,0.71212196,0.106098324,0.7530806,0.9235306,0.23169497,0.33795285,-0.024627555,-0.09513756,0.4481969,0.6909323,0.7795441,0.8912152,-0.37607145,0.5656148,0.7216542,0.8818989,-0.095578305,-0.7758298,-0.21297857,0.41348958,0.7791954,0.84648985,0.81023324,0.7447784,-0.19018658,0.7010871,0.7301391,0.10420032,-0.7628688,-0.68473345,-0.4488653,0.022711126,-0.07330175,0.30692697,0.37621945,0.76633656,0.3444022,0.53719115,0.59404194,0.4224208,0.8880811,0.65204376,0.6762527,0.06663778,-0.59382147,0.5542383,0.8874366,-0.51083016,0.44587594,0.49007076,0.56598413,0.82627666,0.5931678,0.59278977,0.6019889,0.35496426,0.74524236,0.38256073,0.7868324,0.64321864,-0.1857269,0.52655715,-0.1353654,0.8930886,-0.15052432,0.64621603,0.3323313,-0.79802835,-0.46146968
0.16690764,0.6580292,0.48818067,0.47307795,0.66898596,0.50246704,0.3305503,0.5301471,0.53123456,0.055980068,-0.35533774,-0.052649178,0.072912045,0.37371412,0.42560625,0.56774247,0.29169482,0.49874082,0.30779564,0.41535988,0.34825844,0.8574999,0.615538,0.50347745,0.06798747,0.34724644,0.8634262,0.93400174,0.38808292,0.8767964,0.6222188,0.7227745,0.06647287,0.6862519,0.8675153,0.18794197,0.352628,-0.030235166,-0.042016815,0.3454145,0.7105297,0.8121227,0.89046884,-0.24711597,0.58399856,0.76698613,0.90461135,0.075100064,-0.6895218,-0.18680125,0.45263878,0.6253832,0.67651725,0.65691733,0.5648819,-0.24409005,0.50514257,0.54587173,0.10517001,-0.68705857,-0.6953701,-0.3609309,-0.006927248,-0.10993616,0.15348196,0.2965123,0.61056316,0.18475312,0.37336987,0.4296974,0.24224612,0.8041631,0.47306246,0.5041177,-0.1136281,-0.5650934,0.454452,0.77323604,-0.27303687,0.52677035,0.3159061,0.5291552,0.75825906,0.472827,0.47827196,0.5308969,0.32280153,0.8070761,0.26699305,0.6383457,0.6781478,-0.035304774,0.5117633,0.06967778,0.86596656,-0.037930604,0.5747725,0.30922645,-0.74162024,-0.41453046
0.5036246,0.5378066,0.6204306,0.48661235,0.50785375,0.6932943,0.6098692,0.5410772,0.6343043,0.5103564,-0.25275132,0.066067904,0.36927736,0.661863,0.8515479,0.50510335,0.70277494,0.5484962,0.6399491,0.67806095,0.6885832,0.35570633,0.6203419,0.46588618,-0.13957855,-0.08661787,0.44118905,0.38808292,0.9252846,0.43444967,0.1619603,0.40662795,0.3228141,0.46602613,0.3563378,0.7038071,0.40111008,0.22531733,0.040131696,0.4698,0.55604917,0.23522836,0.41721094,-0.08114426,0.5143714,0.5471544,0.42934436,0.3503381,-0.18425135,0.52439475,0.09451406,0.5114868,0.5446995,0.47935683,0.5896709,0.42701197,0.552616,0.5510811,-0.16426308,-0.4429244,-0.079453155,0.3245289,0.70582855,0.6399312,0.6412306,0.83491683,0.71205163,0.67113054,0.5209898,0.5466972,0.64768547,0.5345829,0.52718896,0.6071222,0.5789291,-0.4300378,0.722034,0.5931722,-0.04432749,0.13120691,0.50772965,0.4288902,0.45722196,0.42387098,0.39678743,0.41159034,0.44198227,0.41176122,0.6378565,0.58645546,0.20720509,0.048422758,0.4129365,0.123924404,0.3273301,-0.023817312,0.5834154,0.46419722,-0.14756322,0.31651282
0.19460247,0.7710036,0.63784087,0.55134386,0.78799343,0.64959204,0.49467292,0.6708282,0.68162477,0.15335926,-0.36797374,0.026334088,0.08244259,0.46043384,0.5112783,0.64433706,0.46236107,0.62150824,0.46768546,0.54815626,0.5111636,0.92290354,0.7015636,0.70078284,0.2126607,0.4466089,0.9385842,0.8767964,0.43444967,0.9606273,0.56665206,0.7546204,0.026950497,0.710445,0.91704047,0.17512986,0.2586542,-0.08848172,-0.14404365,0.37548533,0.6455476,0.83627826,0.8873249,-0.32495123,0.5192159,0.7326341,0.87538266,-0.13380052,-0.7827859,-0.26488215,0.46865067,0.75183773,0.82286274,0.756703,0.70991284,-0.17346999,0.66775775,0.69395316,0.14173968,-0.7548702,-0.7174094,-0.4047739,0.05784271,-0.042892,0.30678958,0.39913476,0.7470648,0.34089696,0.5001639,0.55332863,0.40356594,0.8984398,0.6270265,0.6412955,0.0453094,-0.5801736,0.5010954,0.88433486,-0.48583335,0.5213574,0.4478291,0.5080547,0.7951472,0.53541815,0.53593826,0.54165554,0.2761956,0.7241385,0.3185789,0.7689458,0.6883234,-0.13471043,0.5021406,-0.08175795,0.9197848,-0.10028052,0.58816946,0.2551364,-0.823984,-0.5106908
0.05731894,0.27520126,0.16079032,0.12077598,0.28500366,0.17394435,0.030530218,0.16950029,0.1843732,-0.2869684,-0.23435554,-0.031707965,0.30884475,0.44638544,0.31678975,0.2384896,0.1775288,0.21574351,0.16650024,0.118334495,0.13506308,0.56892514,0.33698553,0.23528618,-0.030110396,0.3430829,0.49553528,0.6222188,0.1619603,0.56665206,0.8364006,0.68652976,-0.13719302,0.36122736,0.51905406,-0.103875935,-0.043886773,-0.11560952,-0.0648352,0.041631114,0.37264886,0.7328367,0.58763367,-0.051235624,0.30679324,0.53624195,0.56635463,-0.027489405,-0.48578185,-0.31532428,0.49119377,0.25808042,0.3049736,0.22830181,0.17751625,-0.23893577,0.15310821,0.17480077,0.025506286,-0.48564383,-0.6382481,-0.07558891,0.07647756,0.014519475,0.0670804,0.23436707,0.28583935,0.07682443,0.14811626,0.16546014,0.054705985,0.54702955,0.21371813,0.19114235,-0.28098267,-0.43765956,0.087270916,0.46038583,-0.026469527,0.6548174,0.053910367,0.2244356,0.4234227,0.17235279,0.13851061,0.2243571,-0.06647404,0.47913057,-0.056199983,0.32270235,0.5934978,0.23057334,0.29321945,0.31719157,0.65160906,0.058290362,0.20632395,-0.039811738,-0.59422845,-0.45696425
0.313105,0.62355524,0.5180978,0.46228552,0.6190212,0.5131708,0.41753846,0.5523715,0.5601165,0.051851816,-0.42478907,-0.1005501,0.24513963,0.5572181,0.5270669,0.53358364,0.45934033,0.5655436,0.47615188,0.4972539,0.47617382,0.74588406,0.6396812,0.47194618,0.1152392,0.22959489,0.71212196,0.7227745,0.40662795,0.7546204,0.68652976,0.9006435,0.05743768,0.5821954,0.7173382,0.12866604,0.09216747,0.09628523,0.09213189,0.3860426,0.58565164,0.78764594,0.76768553,-0.23622093,0.51094544,0.7357899,0.74086213,0.02056694,-0.6086308,-0.16156976,0.50805247,0.60558677,0.642341,0.5825774,0.5498931,-0.088522665,0.5381016,0.5481814,-0.0914129,-0.75394756,-0.7501762,-0.13945639,0.19306852,0.12065637,0.34880078,0.44354883,0.6365621,0.3877229,0.45031163,0.5035373,0.39655972,0.78730613,0.5444778,0.5596298,-0.020106236,-0.7075604,0.36594656,0.7199826,-0.23661092,0.64926255,0.3545308,0.4080556,0.6455949,0.42560393,0.38912612,0.44347227,0.1098737,0.58206713,0.24155805,0.6020968,0.6600461,0.16001347,0.5982057,0.16631168,0.7857821,-0.11896045,0.50020707,0.16607004,-0.6794343,-0.40452072
0.7324643,0.3083746,0.06676872,0.66266835,0.25016558,0.052208148,0.5251026,0.28575593,0.2292602,0.7063587,-0.75343215,-0.7906686,-0.48913783,-0.21813682,0.1730679,0.63682175,0.14790365,0.49354842,0.3773619,0.5165106,0.41697988,0.16878954,0.5243081,-0.21253993,-0.46306592,-0.699486,0.106098324,0.06647287,0.3228141,0.026950497,-0.13719302,0.05743768,0.96846926,0.5987886,0.18929498,0.69601536,0.68858457,0.807742,0.36980948,0.7390807,0.5631521,-0.24773651,0.24158263,-0.6192065,0.69987583,0.025030518,0.17810595,0.3411819,-0.18756385,0.4676876,-0.69156945,0.0816472,0.23286031,0.2852967,0.23260427,-0.24011436,0.17434716,0.24307938,-0.7715279,-0.35109252,0.17258964,-0.029031165,0.176874,0.26239854,0.40210965,0.19511014,0.29561317,0.3800404,0.6111832,0.55803096,0.44356167,0.13104622,0.4535775,0.4574256,0.43542534,-0.40428528,0.65000284,0.25158495,-0.112165555,-0.5355279,0.6511518,0.76656306,0.49704158,0.7253414,0.72283137,0.74510586,0.76321936,0.43520874,0.7768699,0.40328324,-0.4888059,-0.4237719,0.32566315,-0.324301,0.010283332,-0.6354452,0.69986826,0.83672154,-0.016247502,0.46632564
0.548777,0.7838547,0.49537948,0.85471344,0.7577776,0.49569595,0.7008976,0.6914251,0.6457152,0.5445377,-0.7779254,-0.47156322,-0.3125184,0.15517166,0.43444157,0.9265186,0.3950328,0.79771334,0.5619751,0.7301764,0.6287435,0.80625284,0.8727528,0.39461672,-0.09596518,-0.062442396,0.7530806,0.6862519,0.46602613,0.710445,0.36122736,0.5821954,0.5987886,0.9685996,0.8138974,0.5197541,0.63137364,0.38896626,0.032530323,0.71432245,0.83680594,0.467372,0.8128741,-0.6939123,0.8406019,0.5156416,0.7567084,0.04681914,-0.76106584,0.006910756,-0.068849266,0.6161706,0.7690148,0.7657284,0.6732149,-0.3667258,0.61162484,0.67608035,-0.3484174,-0.8161769,-0.46969587,-0.42542768,0.07146037,0.060814284,0.45209754,0.36454743,0.7309785,0.4591621,0.7795601,0.78946155,0.56184113,0.7419559,0.7732316,0.7565095,0.26543617,-0.70531034,0.7768731,0.81215686,-0.4719984,0.053726703,0.767279,0.9081837,0.9516454,0.90772367,0.90420645,0.9319777,0.7015468,0.8256131,0.72000176,0.8380351,0.22114089,-0.43071407,0.513253,-0.32237193,0.6926087,-0.5173084,0.8820248,0.7285725,-0.6681241,-0.15533565
0.2699468,0.80402267,0.5759802,0.6661621,0.81535256,0.5735084,0.5287739,0.69432545,0.6651608,0.23245221,-0.5073465,-0.15454148,-0.11966263,0.2821396,0.39907295,0.74940145,0.3623364,0.6788436,0.4406906,0.57594883,0.49702772,0.9517114,0.75411034,0.59288687,0.15643653,0.32155848,0.9235306,0.8675153,0.3563378,0.91704047,0.51905406,0.7173382,0.18929498,0.8138974,0.9644573,0.21368524,0.3767568,0.04890577,-0.073507376,0.48268682,0.7229544,0.7679198,0.91760063,-0.46992034,0.624086,0.67318827,0.88864565,-0.11461349,-0.8292173,-0.2716698,0.3275435,0.735641,0.82230294,0.80038416,0.70651877,-0.334578,0.65738535,0.7031989,0.014648287,-0.79228836,-0.6998777,-0.52694625,-0.066890046,-0.13655046,0.2762396,0.28708953,0.72219163,0.30350885,0.5697793,0.62081665,0.39622083,0.8699312,0.6656538,0.66345936,0.020826206,-0.62282586,0.5519254,0.87401056,-0.5277907,0.39389426,0.5254555,0.6423716,0.88070834,0.660921,0.6645359,0.68230367,0.40034807,0.7965661,0.401403,0.78651845,0.57617176,-0.25485238,0.5170493,-0.18811364,0.903805,-0.24195,0.68520474,0.38571993,-0.8354961,-0.48705834
0.6081661,0.4018799,0.3622144,0.5809132,0.35590744,0.41088098,0.6231808,0.4064222,0.4465378,0.721784,-0.45573372,-0.310332,-0.07026677,0.19733268,0.53454626,0.5751647,0.45784256,0.53086704,0.54367185,0.65636647,0.60022694,0.19730255,0.5788194,0.13247788,-0.3865394,-0.4582821,0.23169497,0.18794197,0.7038071,0.17512986,-0.103875935,0.12866604,0.69601536,0.5197541,0.21368524,0.9022276,0.682504,0.526325,0.18765496,0.62966144,0.58543515,-0.106903866,0.27804187,-0.29380548,0.6270193,0.28325948,0.27524346,0.4753605,-0.09785681,0.67652285,-0.3658945,0.27310362,0.38115746,0.37705392,0.42554975,0.21594536,0.36665735,0.39526805,-0.42479533,-0.31595764,0.17560545,0.18282652,0.4865296,0.50085294,0.56788445,0.5419915,0.5307564,0.5858197,0.5956917,0.5821418,0.6075871,0.29754794,0.49970865,0.56062865,0.6327181,-0.33735564,0.79810953,0.39413905,-0.0025180075,-0.3062126,0.6275399,0.62534344,0.4517269,0.5817777,0.573724,0.5827353,0.73482424,0.4316104,0.83744735,0.5049299,-0.19917694,-0.20374899,0.3501905,-0.070690826,0.08226688,-0.2639115,0.68323004,0.7733965,0.041818168,0.5735898
