0,1,2,3,4,5,6,7,8,9,10,11,12,13,14,15,16,17,18,19,20,21,22,23,24,25,26,27,28,29,30,31,32,33,34,35,36,37,38,39,40,41,42,43,44,45,46,47,48,49,50,51,52,53,54,55,56,57,58,59,60,61,62,63,64,65,66,67,68,69,70,71,72,73,74,75,76,77,78,79,80,81,82,83,84,85,86,87,88,89,90,91,92,93,94,95,96,97,98,99
0.8546887,0.63588977,0.48832434,0.2979207,0.45439267,0.36805296,0.5994078,0.45274025,0.48655823,0.3014052,-0.09789779,-0.2658554,-0.28817606,-0.118856415,-0.19904721,0.59174883,-0.14025815,0.5144498,0.028753594,0.651008,0.115914896,0.2842812,0.2759574,-0.06441899,0.13616192,-0.4297083,0.67637706,-0.51359147,0.6433887,-0.58246374,0.2586345,0.12185101,0.6312831,0.512125,0.6328615,0.7079098,0.53205526,0.07234721,-0.057408072,0.22599949,0.63095534,-0.13021779,0.31156254,0.022800475,0.37807697,0.28570077,0.6254484,0.7444321,0.59516907,0.6212519,-0.12119671,0.58704853,0.07191111,0.2521794,0.39918828,0.26756683,0.29580897,0.50208515,-0.4805594,-0.21622482,-0.19139048,-0.31363213,-0.18925565,-0.16947298,-0.29378867,-0.37903416,0.4378287,-0.21092758,-0.033254236,0.37056658,0.08806315,-0.43102497,-0.1898489,0.1736385,-0.102576904,-0.4325617,0.6449748,-0.40267318,0.26023734,-0.16918781,0.17461522,0.6799478,0.30840114,0.27337164,0.49463105,0.5809156,0.5209762,-0.2440567,0.71884376,0.6379293,-0.29388273,-0.40007734,-0.3959779,0.007288631,-0.15491481,0.0047606933,0.06890115,0.6297636,0.54855716,0.59529847
0.63588977,0.9218929,0.5840242,0.5754534,0.8389745,0.51581526,0.5315218,0.79058665,0.6510622,-0.030613068,-0.2351485,-0.6456292,-0.6349734,-0.3668251,-0.53271484,0.5215128,-0.51822716,0.37872657,-0.2128287,0.6437201,-0.10438271,-0.024444554,0.029173397,-0.4034239,-0.16481087,-0.69400704,0.66022694,-0.5975833,0.6269398,-0.78376555,0.35106802,-0.14637409,0.4038499,0.32303548,0.75151896,0.7982582,0.60522074,-0.250413,-0.3129451,-0.09268195,0.68697524,-0.19419008,0.24053247,0.119951725,0.55728745,-0.028942537,0.7867789,0.7615698,0.64085317,0.64272285,0.0032955029,0.7272754,0.3070197,0.6746999,0.53007543,0.37802523,0.6425638,0.6492542,-0.58153296,-0.6263839,-0.61479545,-0.6659801,-0.5083446,-0.49869308,-0.5553163,-0.6783211,0.53858066,-0.5843821,-0.25049025,0.2770884,-0.080295,-0.7016541,-0.44059741,-0.1749365,-0.5674283,-0.720575,0.53684545,-0.7107135,0.3770696,-0.22495478,-0.12093498,0.80989516,0.48441994,0.19891095,0.5281957,0.57094455,0.48390454,-0.32787597,0.7221749,0.5160331,-0.098458424,-0.54387575,-0.594649,0.07171407,-0.20601566,0.13172416,-0.102880925,0.63417053,0.6029687,0.60984254
0.48832434,0.5840242,0.9669723,-0.049010012,0.41224343,0.9290775,-0.03760404,0.26595205,0.9032532,-0.20384376,0.111802,-0.32765138,-0.42937672,0.13431221,-0.06433507,-0.06672396,-0.13605584,0.6175389,0.20693749,0.8151882,0.31738168,0.08005139,0.3194753,-0.024662554,-0.13018921,-0.57471716,0.46460193,-0.71439546,0.81354433,-0.63657284,-0.1330459,0.058181845,-0.040816374,0.4528547,0.32071653,0.71657383,0.208441,-0.4734973,-0.6704216,-0.28569257,0.20406476,-0.6204189,-0.3377446,-0.28284448,0.059174705,-0.34574622,0.42488217,0.6618905,0.82827234,0.31127748,0.16558523,0.81632566,0.2328508,0.26168653,0.9260235,0.8975309,0.37387156,0.93853325,-0.23940605,-0.2180056,-0.49345142,-0.46237236,-0.46668994,-0.055223323,-0.057672285,-0.2678033,0.3679223,-0.084144056,0.20395039,0.5193638,0.42125136,-0.2517473,0.0443718,-0.024250865,-0.26158658,-0.7902492,0.46270525,-0.60389423,-0.10263624,0.11475442,0.207653,0.45859122,-0.13491812,-0.40292996,0.08246948,-0.003752318,0.16368023,-0.644333,0.7969282,0.4269942,-0.25464147,-0.54809856,-0.5608748,-0.49025404,-0.65528107,-0.31246972,-0.51232576,0.7084616,0.8693508,0.35186222
0.2979207,0.5754534,-0.049010012,0.92947453,0.73523706,-0.046289228,0.6625341,0.8240995,0.10381538,0.14923123,-0.4141224,-0.5915909,-0.39419466,-0.6771885,-0.7103114,0.63835734,-0.68919677,-0.31386137,-0.66099465,-0.0012907754,-0.66589165,-0.31835017,-0.48126233,-0.7081764,-0.12391251,-0.35145766,0.32955796,0.025332239,0.0054879645,-0.3730933,0.75586355,-0.20519203,0.43886885,-0.23950773,0.51240456,0.40421045,0.6769346,0.14303054,0.24965739,0.08613086,0.72024417,0.4796738,0.65405166,0.6192034,0.79048246,0.25495,0.5495287,0.3215052,0.14982855,0.60809106,-0.13148367,0.15302871,0.13520229,0.69052863,-0.03594307,-0.20643778,0.4490364,0.015065343,-0.46421263,-0.65153223,-0.37362367,-0.39627463,-0.13372344,-0.6183375,-0.7585816,-0.6777141,0.3059548,-0.8192233,-0.74921036,-0.37214074,-0.69102377,-0.8118365,-0.79775715,-0.37123132,-0.64659333,-0.22753982,0.19641462,-0.3731207,0.7606187,-0.3310945,-0.63523537,0.5753777,0.85834384,0.5091196,0.46772707,0.7075393,0.5352791,0.22461879,0.1902331,0.041377388,0.2167141,-0.11701422,-0.2503914,0.6750022,0.4460745,0.65353596,0.38265568,0.056781385,0.05740858,0.511693
0.45439267,0.8389745,0.41224343,0.73523706,0.9289443,0.38445622,0.4872483,0.8686255,0.5151694,-0.14598516,-0.37393367,-0.7621596,-0.6705581,-0.5402705,-0.6977242,0.48037785,-0.6865393,0.101183265,-0.43221828,0.42428076,-0.35862005,-0.24101403,-0.2236565,-0.62132645,-0.31117463,-0.67727757,0.5399675,-0.38975608,0.4328691,-0.6824672,0.50089806,-0.2927156,0.29588234,0.067490585,0.6584451,0.70182717,0.6648801,-0.27460763,-0.2463975,-0.19772899,0.6935444,-0.00813916,0.29618078,0.3370319,0.6903626,-0.082854494,0.7181207,0.60462606,0.5082831,0.6401022,-0.013887875,0.56348985,0.28883886,0.7794161,0.39104143,0.23173118,0.65361685,0.47363573,-0.5885742,-0.7737075,-0.69444466,-0.6857571,-0.46911484,-0.63867563,-0.7074144,-0.7721896,0.46381116,-0.76567185,-0.47693416,0.014553617,-0.34237155,-0.80282617,-0.6285664,-0.3865262,-0.74917114,-0.6385856,0.40323657,-0.6842902,0.5222226,-0.30349258,-0.38261107,0.76327956,0.6471617,0.24684475,0.49085316,0.58296216,0.50352085,-0.1552439,0.54575753,0.28245333,0.04920824,-0.4679049,-0.56598485,0.2816561,-0.008414969,0.35594326,0.0053707785,0.4318823,0.45506364,0.58655775
0.36805296,0.51581526,0.9290775,-0.046289228,0.38445622,0.9656671,-0.13893446,0.23365381,0.8780978,-0.27982438,0.07873815,-0.35487857,-0.42492032,0.10556892,-0.07829574,-0.17365699,-0.18707708,0.48163444,0.12728786,0.7149074,0.23072296,-0.03279145,0.21613318,-0.1101593,-0.19564706,-0.557052,0.3846469,-0.6035167,0.730717,-0.5631323,-0.10195294,0.01708377,-0.15479007,0.31736565,0.20126405,0.66204953,0.19530542,-0.5155972,-0.687493,-0.38047034,0.13848168,-0.572542,-0.38659173,-0.20284335,0.07673382,-0.39844483,0.32890463,0.57574373,0.7946273,0.2675573,0.16536567,0.7419208,0.1904406,0.25044703,0.94686675,0.9197943,0.3293808,0.89714587,-0.20378727,-0.23175162,-0.5168748,-0.44641805,-0.42085683,-0.05935269,-0.07190826,-0.2536835,0.28533334,-0.11344913,0.13139224,0.39254177,0.34154475,-0.25553834,0.0016542682,-0.13583124,-0.3201198,-0.75105786,0.38248467,-0.5665908,-0.07200367,0.11918904,0.09924397,0.3838711,-0.12484531,-0.45441517,0.006705178,-0.0667562,0.13575846,-0.57705563,0.71459156,0.26599133,-0.21003929,-0.5090145,-0.5549089,-0.44121042,-0.60238206,-0.23716018,-0.49816552,0.6190376,0.8401051,0.29810274
0.5994078,0.5315218,-0.03760404,0.6625341,0.4872483,-0.13893446,0.9275477,0.63584507,0.040524162,0.5413252,-0.18596849,-0.23572886,-0.16855069,-0.41173849,-0.38856888,0.89209217,-0.31112358,0.028166302,-0.30919683,0.16248871,-0.28740454,0.13062054,-0.10024309,-0.2578225,0.28284657,-0.13844195,0.409123,-0.14198314,0.117397666,-0.3513344,0.59228355,0.11603883,0.7573482,0.13842277,0.65989673,0.36707383,0.55081844,0.44978976,0.43659276,0.4740883,0.7225331,0.43237555,0.7793852,0.31548473,0.5373031,0.50800675,0.6027677,0.4171345,0.13011706,0.58258104,-0.13521647,0.19885924,0.11317254,0.4297282,-0.1282922,-0.26270851,0.32846224,0.012264983,-0.38645828,-0.30123582,-0.03269454,-0.19987926,-0.05074217,-0.35419,-0.47143167,-0.4431341,0.3853616,-0.4630259,-0.40014574,-0.011629762,-0.3501679,-0.57579166,-0.4879437,0.11959259,-0.19306892,-0.11079262,0.32169908,-0.21296525,0.57431066,-0.21370655,-0.19613402,0.5526868,0.6404185,0.601043,0.5326623,0.7672141,0.48422307,0.10442083,0.2768394,0.38312888,0.029978972,-0.03336566,-0.08014445,0.4825024,0.3224327,0.3377126,0.37441844,0.18783675,0.047853455,0.5058847
0.45274025,0.79058665,0.26595205,0.8240995,0.8686255,0.23365381,0.63584507,0.93315816,0.41420585,0.0510468,-0.23899432,-0.649652,-0.57607067,-0.6065944,-0.7135856,0.60054386,-0.70201063,-0.016547594,-0.50722754,0.34772825,-0.4615547,-0.26615927,-0.3290595,-0.5876645,-0.14376985,-0.51192755,0.4236367,-0.33918425,0.32848185,-0.66139466,0.5947358,-0.16339883,0.3603179,-0.022123711,0.67212903,0.61943763,0.6714809,-0.038761828,0.0060181385,0.06991842,0.7757108,0.18710992,0.52347225,0.3626547,0.68543875,0.0064470833,0.73074675,0.51016057,0.40845096,0.68967676,0.07349464,0.5062183,0.38638854,0.8339914,0.24463376,0.089745045,0.69373906,0.34919614,-0.4559802,-0.7025528,-0.5481439,-0.6083727,-0.44464886,-0.67638904,-0.72575057,-0.7709225,0.55770946,-0.8165573,-0.57066995,-0.059357636,-0.4234176,-0.8251276,-0.7201027,-0.23052241,-0.7011038,-0.54007435,0.35076377,-0.66061264,0.61685896,-0.20489104,-0.46278867,0.75173837,0.702701,0.30547443,0.423772,0.6251373,0.5246604,-0.13596572,0.48652917,0.3158145,0.22240415,-0.25450912,-0.35940337,0.40415668,0.15761286,0.4048714,0.06429829,0.28653246,0.35097528,0.6369696
0.48655823,0.6510622,0.9032532,0.10381538,0.5151694,0.8780978,0.040524162,0.41420585,0.940331,-0.2352393,0.10022299,-0.42708874,-0.5202067,-0.03872488,-0.23919955,-0.0147692375,-0.31462353,0.49836588,0.04356658,0.8079612,0.12764835,-0.09018095,0.12292129,-0.16844563,-0.17966463,-0.5899589,0.4088691,-0.71777594,0.7942868,-0.7262877,0.009316899,0.018210672,-0.068319395,0.30798417,0.35887343,0.7740822,0.3319502,-0.44743413,-0.5934359,-0.22717896,0.34306228,-0.487933,-0.19748822,-0.16964015,0.17692819,-0.4167083,0.4906546,0.636323,0.84859025,0.4510926,0.27661523,0.8452935,0.35134822,0.42231786,0.87108546,0.83856976,0.5195012,0.9045633,-0.2438598,-0.3518962,-0.5802586,-0.556474,-0.5592805,-0.23006618,-0.22145876,-0.43611473,0.49623197,-0.27250975,0.021906577,0.39943072,0.2531226,-0.3931986,-0.1627109,-0.06400742,-0.42862487,-0.83548564,0.47103143,-0.7346394,0.05006499,0.12916774,0.0140800625,0.56745315,0.00846171,-0.38915226,0.03942889,0.051577915,0.27101952,-0.65596795,0.82362956,0.40718904,-0.069384955,-0.47209167,-0.5222166,-0.3362825,-0.52000797,-0.17339411,-0.49947804,0.6211743,0.8736898,0.490107
0.3014052,-0.030613068,-0.20384376,0.14923123,-0.14598516,-0.27982438,0.5413252,0.0510468,-0.2352393,0.9006895,0.23298717,0.44975108,0.4593461,0.17061959,0.24345605,0.490312,0.2820727,-0.025501832,0.1113617,-0.10790442,0.08110663,0.43688333,0.18949915,0.2391479,0.7549149,0.4488839,0.0028825942,0.10526454,-0.21349663,0.2062342,0.22252351,0.5981976,0.51749206,0.15891384,0.20697862,-0.16418052,-0.044001862,0.8030722,0.6435048,0.65551907,0.1490604,0.4865592,0.5635965,-0.04472614,-0.04896784,0.63074565,0.16882983,0.045504183,-0.21872762,0.033956565,-0.09993357,-0.1481651,-0.08268435,-0.09307176,-0.3047902,-0.27028978,-0.1490684,-0.19945587,0.14790526,0.36797646,0.59539306,0.43667525,0.3592014,0.30309638,0.21646786,0.21604884,0.007117736,0.1749986,0.01776493,0.057722397,0.0067709256,-0.020472448,0.044326108,0.4070174,0.39332706,0.2463221,-0.09584515,0.32958555,0.17724663,0.2253027,0.06852469,-0.10011496,0.08895978,0.28564703,0.08577201,0.2747956,-0.026974369,0.112642504,-0.10098206,0.08949421,-0.052273158,0.3811044,0.33020636,0.15658861,0.18040317,-0.06269904,0.26009586,-0.08999425,-0.25221863,-0.024282167
-0.09789779,-0.2351485,0.111802,-0.4141224,-0.37393367,0.07873815,-0.18596849,-0.23899432,0.10022299,0.23298717,0.8981147,0.5962279,0.33797053,0.4017795,0.41414344,-0.3031857,0.30720532,0.14682695,0.3823791,0.15768234,0.3395276,0.07937213,0.12502348,0.5687353,0.5019452,0.5186483,-0.5567627,-0.29444954,0.009875293,0.021206578,-0.4042033,0.58503646,-0.40817064,0.023552377,-0.18319735,-0.24633989,-0.49381042,0.27404517,0.13079393,0.45968014,-0.27981752,-0.067971386,-0.05809207,-0.6357821,-0.6850652,-0.33841923,-0.13598864,-0.30873728,-0.029940588,-0.24553646,0.67884177,0.15960598,0.50215554,-0.056321077,0.007095369,0.24635683,0.16146538,0.11258581,0.75790846,0.49529195,0.3764599,0.26487863,-0.19572788,0.28330252,0.5302516,0.32026228,0.3027165,0.35647166,0.3937503,0.33859724,0.5108559,0.41335732,0.31129768,0.67072177,0.34225655,-0.027512942,-0.25574422,-0.053136695,-0.38657779,0.79482096,0.2062527,-0.29129118,-0.61322045,-0.613873,-0.7013799,-0.5805359,-0.4218492,-0.5939913,0.004353926,0.123627566,0.40179652,0.5479006,0.58576906,-0.43438885,-0.25364125,-0.5887643,-0.5740131,-0.21024133,0.031742778,-0.1420428
-0.2658554,-0.6456292,-0.32765138,-0.5915909,-0.7621596,-0.35487857,-0.23572886,-0.649652,-0.42708874,0.44975108,0.5962279,0.93546355,0.7826163,0.6568688,0.70726234,-0.26056132,0.75031143,0.026149964,0.5642824,-0.29627985,0.4749882,0.44882855,0.362348,0.74867165,0.6414076,0.7849195,-0.5267395,0.20309697,-0.3892263,0.58000815,-0.47366542,0.5973157,-0.16918778,0.11463401,-0.3628316,-0.67011905,-0.699259,0.5105102,0.36952487,0.45109862,-0.5735842,0.09288742,-0.075296596,-0.52723193,-0.7462542,0.14533703,-0.42231792,-0.4882871,-0.50449884,-0.59420174,0.1612428,-0.40288424,-0.061517943,-0.56677866,-0.39774433,-0.19217278,-0.44072354,-0.34538865,0.6920395,0.8017478,0.81939995,0.75321144,0.39260972,0.6875702,0.7857518,0.72114086,-0.27648413,0.74547464,0.5484636,0.20427991,0.4608524,0.6924192,0.624308,0.6002139,0.78032655,0.4754632,-0.4569031,0.5910707,-0.5050666,0.5328117,0.4221964,-0.68859637,-0.6411391,-0.26536527,-0.49519414,-0.52143717,-0.5773084,-0.04399664,-0.45805746,-0.14698187,0.02620932,0.5705855,0.6453901,-0.36585575,-0.11323482,-0.53259945,-0.16229838,-0.398861,-0.447461,-0.54437476
-0.28817606,-0.6349734,-0.42937672,-0.39419466,-0.6705581,-0.42492032,-0.16855069,-0.57607067,-0.5202067,0.4593461,0.33797053,0.7826163,0.9084643,0.52625096,0.54204625,-0.1813596,0.6297054,-0.20370345,0.35508832,-0.47095364,0.2448678,0.35865045,0.21092737,0.47788113,0.5130205,0.69671416,-0.4252201,0.42827696,-0.507666,0.6712283,-0.2607062,0.44744456,-0.060654372,-0.027192859,-0.38240796,-0.6540997,-0.5055636,0.53472865,0.45005396,0.3306635,-0.49236023,0.26558793,0.020839728,-0.21184276,-0.47286952,0.32040367,-0.41538858,-0.45421714,-0.5538784,-0.5098335,-0.069056444,-0.53889906,-0.26372188,-0.5409403,-0.44772395,-0.30069864,-0.54357606,-0.45431507,0.52378094,0.67264676,0.82198155,0.8823055,0.63223207,0.65065104,0.62447155,0.62841856,-0.4436037,0.60641825,0.31049615,-0.0678929,0.17598793,0.51291037,0.43936068,0.31362367,0.6393105,0.5470954,-0.43544516,0.6892917,-0.29622608,0.30883193,0.2050244,-0.66501725,-0.38026708,-0.06041813,-0.33454865,-0.33884025,-0.41742495,0.23604566,-0.5397996,-0.36776718,-0.04138291,0.49023047,0.5088235,-0.120337084,0.06493086,-0.23797709,0.0820016,-0.44464973,-0.51690173,-0.5132073
-0.118856415,-0.3668251,0.13431221,-0.6771885,-0.5402705,0.10556892,-0.41173849,-0.6065944,-0.03872488,0.17061959,0.4017795,0.6568688,0.52625096,0.9080134,0.723153,-0.3854072,0.81944084,0.3883705,0.8104632,0.024385944,0.77348727,0.6430629,0.7066761,0.7153107,0.42384902,0.36884344,-0.1360293,-0.052159414,-0.041464612,0.40752813,-0.6245592,0.4871463,-0.19538105,0.47897843,-0.20967513,-0.35996488,-0.6885501,0.04769177,-0.17585249,-0.043263026,-0.6357635,-0.37277853,-0.46713823,-0.67212236,-0.6808851,-0.0077673295,-0.22392552,-0.099063285,-0.18309188,-0.6123595,-0.03494216,-0.112134114,-0.17924285,-0.5640958,0.07615538,0.2368997,-0.43099523,0.10883858,0.38280255,0.61494875,0.4606763,0.50109977,0.25117868,0.8019327,0.842297,0.68034846,-0.3872484,0.82526624,0.7920213,0.51493907,0.71459365,0.5778986,0.8156388,0.30167747,0.6504966,0.055949487,-0.32193527,0.440996,-0.6626832,0.40435994,0.631328,-0.5684595,-0.7318256,-0.43694142,-0.3091224,-0.5561333,-0.62761533,-0.22514638,-0.17796004,-0.098317355,-0.36475426,0.051632117,0.12406222,-0.75097907,-0.623911,-0.731356,-0.4138573,-0.008865813,-0.09881747,-0.5808073
-0.19904721,-0.53271484,-0.06433507,-0.7103114,-0.6977242,-0.07829574,-0.38856888,-0.7135856,-0.23919955,0.24345605,0.41414344,0.70726234,0.54204625,0.723153,0.8759471,-0.36309084,0.77168846,0.24059378,0.65412706,-0.13129601,0.66423845,0.5210799,0.55937994,0.7108488,0.47494936,0.5086886,-0.27598494,0.10394688,-0.17517063,0.5405469,-0.58322024,0.47654283,-0.15863067,0.2870093,-0.40383086,-0.4928768,-0.7066965,0.19402161,0.023332287,0.11371236,-0.6820428,-0.22590062,-0.39800924,-0.58468544,-0.74750036,0.11104051,-0.44105968,-0.27824163,-0.30140913,-0.6462903,-0.0363904,-0.27173334,-0.25402722,-0.6809397,-0.102830574,0.052613117,-0.55589604,-0.11763553,0.47268093,0.7797997,0.58460534,0.54291236,0.3425129,0.77478284,0.84458274,0.83957064,-0.40954512,0.84393215,0.7165774,0.3615281,0.63884014,0.7286773,0.80653024,0.4232686,0.77416545,0.343275,-0.32893774,0.5843533,-0.6125021,0.3847484,0.60857666,-0.6525487,-0.74318904,-0.3192391,-0.33744922,-0.51916575,-0.5996624,-0.0719246,-0.30394483,-0.08223221,-0.2967704,0.24452525,0.3291693,-0.56372356,-0.36206496,-0.62563026,-0.20037045,-0.09015868,-0.22597435,-0.6039206
0.59174883,0.5215128,-0.06672396,0.63835734,0.48037785,-0.17365699,0.89209217,0.60054386,-0.0147692375,0.490312,-0.3031857,-0.26056132,-0.1813596,-0.3854072,-0.36309084,0.9409787,-0.24938186,0.080650836,-0.258344,0.14635727,-0.21536937,0.21505235,-0.0016771595,-0.24537554,0.22206497,-0.19900025,0.5116935,-0.11232564,0.11359213,-0.30695578,0.54146576,0.033647206,0.82497907,0.22541395,0.68202806,0.35284182,0.5322046,0.37995332,0.3759607,0.3857022,0.68640584,0.35866672,0.70880026,0.3151997,0.553783,0.5785509,0.60438156,0.45651078,0.0896854,0.53470373,-0.27207166,0.15441063,0.008818911,0.35930136,-0.1502184,-0.3111189,0.2527247,-0.01494547,-0.49315417,-0.310809,-0.043001324,-0.19567741,-0.005415373,-0.3173026,-0.45464224,-0.41005537,0.29299092,-0.40617758,-0.3300865,0.024906052,-0.32215542,-0.54037136,-0.41178524,0.060348943,-0.15441567,-0.08218601,0.3448695,-0.14859086,0.51558733,-0.3383361,-0.10654442,0.54054344,0.64107674,0.6939471,0.6541449,0.8220263,0.4693402,0.17923677,0.24670999,0.39887154,-0.10389214,-0.1332889,-0.1650438,0.45191363,0.29084903,0.32440668,0.4439314,0.25288916,0.002984685,0.44298935
-0.14025815,-0.51822716,-0.13605584,-0.68919677,-0.6865393,-0.18707708,-0.31112358,-0.70201063,-0.31462353,0.2820727,0.30720532,0.75031143,0.6297054,0.81944084,0.77168846,-0.24938186,0.9329113,0.327456,0.7927083,-0.15420336,0.7450558,0.71754766,0.711164,0.78766316,0.46872586,0.50301003,-0.15648377,0.12365556,-0.20094712,0.5611907,-0.5934173,0.43727645,-0.02481446,0.46369022,-0.2248975,-0.5143537,-0.6872854,0.21347201,0.029469557,0.0959623,-0.6334001,-0.22523302,-0.3313055,-0.5859275,-0.67985463,0.20740476,-0.3146724,-0.20715821,-0.3897913,-0.65373707,-0.17161767,-0.3357445,-0.31322277,-0.71980596,-0.20651567,-0.06247341,-0.58189106,-0.16209975,0.3519569,0.6997403,0.6281295,0.62086546,0.41008657,0.80339473,0.83216774,0.75359917,-0.47790504,0.88681793,0.7792258,0.43599427,0.6252384,0.6913495,0.8438042,0.3950573,0.81661314,0.33406043,-0.32740197,0.6350707,-0.6417872,0.26476023,0.69971275,-0.62784505,-0.6705812,-0.19225967,-0.19823012,-0.43939018,-0.5913384,0.0001031938,-0.34688407,-0.07333039,-0.40478474,0.1432189,0.2565619,-0.586234,-0.4135032,-0.64804894,-0.1775264,-0.09805781,-0.32956728,-0.63163745
0.5144498,0.37872657,0.6175389,-0.31386137,0.101183265,0.48163444,0.028166302,-0.016547594,0.49836588,-0.025501832,0.14682695,0.026149964,-0.20370345,0.3883705,0.24059378,0.080650836,0.327456,0.93461573,0.6037135,0.7199639,0.7325269,0.563687,0.73658836,0.45597488,0.08862965,-0.31946182,0.49513867,-0.68500626,0.69049704,-0.4079528,-0.4018208,0.13557856,0.18820181,0.8384142,0.4252143,0.41556305,-0.06295052,-0.31030965,-0.51320577,-0.07727538,0.04089281,-0.6996579,-0.31899965,-0.59223795,-0.23277201,-0.12199126,0.37711954,0.5620431,0.46754467,0.06786978,0.0014013976,0.57887375,0.123455994,-0.0776761,0.49210727,0.4922461,0.1499297,0.6246851,-0.21088433,0.065183,-0.16807653,-0.254848,-0.35278144,0.17831323,0.24957821,0.034947596,0.2432501,0.3201909,0.6370286,0.8533808,0.70790315,0.105531335,0.45665693,0.3224316,0.22037561,-0.48106194,0.41469947,-0.26204926,-0.4122917,0.03993989,0.71834505,0.2889421,-0.35430795,-0.17537394,0.21502355,-0.01844595,-0.03759353,-0.5455396,0.5698198,0.6566444,-0.46899992,-0.495718,-0.35975093,-0.6748574,-0.72526085,-0.6273255,-0.44451794,0.6529287,0.5099208,0.11305395
0.028753594,-0.2128287,0.20693749,-0.66099465,-0.43221828,0.12728786,-0.30919683,-0.50722754,0.04356658,0.1113617,0.3823791,0.5642824,0.35508832,0.8104632,0.65412706,-0.258344,0.7927083,0.6037135,0.908543,0.20670193,0.874296,0.71033466,0.80856323,0.7885332,0.3570697,0.23555109,-0.0029309322,-0.25358713,0.13792256,0.2064758,-0.6703708,0.3965657,-0.09985471,0.66423297,0.0007489319,-0.22390924,-0.6105977,-0.043305185,-0.26556927,-0.01088495,-0.4964937,-0.50880885,-0.44363046,-0.76671594,-0.6617576,-0.076739535,-0.06281976,0.03765893,-0.08241022,-0.5024147,0.0046605365,0.049687043,-0.04953125,-0.47640508,0.11085951,0.24428123,-0.2654198,0.2083225,0.26967514,0.50384015,0.33212256,0.3089741,0.043368053,0.64526284,0.7450892,0.54735255,-0.2040476,0.76253974,0.8695195,0.7102326,0.8062699,0.54937017,0.8207315,0.39831564,0.6244232,-0.060538538,-0.1593253,0.27440578,-0.7051021,0.32918417,0.77395463,-0.37475407,-0.71440065,-0.37678123,-0.1789087,-0.46125484,-0.5423603,-0.34295312,-0.016048957,0.1760679,-0.39031154,-0.0710275,0.051066533,-0.81254095,-0.7023643,-0.8139198,-0.48348567,0.14503159,-0.004407944,-0.45119172
0.651008,0.6437201,0.8151882,-0.0012907754,0.42428076,0.7149074,0.16248871,0.34772825,0.8079612,-0.10790442,0.15768234,-0.29627985,-0.47095364,0.024385944,-0.13129601,0.14635727,-0.15420336,0.7199639,0.20670193,0.9369525,0.31499773,0.119993225,0.3177092,0.07581407,-0.069868416,-0.52531207,0.49162436,-0.8360251,0.8908477,-0.7776374,-0.10403891,0.05222512,0.12681279,0.53115,0.48835695,0.7627394,0.3074425,-0.35437185,-0.5091313,-0.028656978,0.3879915,-0.56268173,-0.12909876,-0.32431683,0.06521681,-0.30421615,0.5337776,0.6802391,0.80882716,0.46528536,0.26237217,0.8625195,0.3799139,0.31613344,0.71937376,0.6814703,0.5080745,0.8232241,-0.26577187,-0.23695554,-0.4552412,-0.5288822,-0.5850409,-0.19666916,-0.14360869,-0.36710733,0.5998055,-0.13444692,0.20490474,0.6128249,0.41544163,-0.25907755,-0.017909419,0.21335816,-0.21045858,-0.7283298,0.6146848,-0.6917429,-0.06957864,0.08572223,0.28623742,0.62867033,-0.06857823,-0.24849094,0.15339428,0.12465109,0.30629265,-0.6971246,0.8770287,0.7010447,-0.15602104,-0.48339522,-0.4283555,-0.40466347,-0.5367917,-0.31895795,-0.46308345,0.7133774,0.8265246,0.53367376
0.115914896,-0.10438271,0.31738168,-0.66589165,-0.35862005,0.23072296,-0.28740454,-0.4615547,0.12764835,0.08110663,0.3395276,0.4749882,0.2448678,0.77348727,0.66423845,-0.21536937,0.7450558,0.7325269,0.874296,0.31499773,0.9674134,0.7358099,0.8902774,0.77311575,0.3325556,0.122917145,0.11468735,-0.3610638,0.2569399,0.11526331,-0.70753485,0.34367085,-0.029965898,0.7562103,0.048149653,-0.11494324,-0.5734327,-0.1325833,-0.36746776,-0.061965227,-0.47181046,-0.6354245,-0.5073084,-0.8166822,-0.65522003,-0.06021683,-0.025567781,0.14841336,0.021325415,-0.4745003,-0.035895247,0.16152519,-0.060980693,-0.46155632,0.21418045,0.31655395,-0.2325626,0.3075879,0.17414334,0.48683542,0.24696599,0.20456962,-0.025207933,0.61902815,0.7217628,0.5336063,-0.16432647,0.753723,0.9377363,0.82336867,0.8925149,0.549943,0.8658993,0.41271436,0.61291474,-0.11859344,-0.047760636,0.21488087,-0.7391715,0.25772616,0.87794924,-0.27910945,-0.72887546,-0.33522895,-0.07669343,-0.39928985,-0.50588953,-0.39636797,0.08948983,0.3021251,-0.49348044,-0.19192559,-0.039830457,-0.8694453,-0.77307224,-0.8695902,-0.49234927,0.32106334,0.103414774,-0.41635224
0.2842812,-0.024444554,0.08005139,-0.31835017,-0.24101403,-0.03279145,0.13062054,-0.26615927,-0.09018095,0.43688333,0.07937213,0.44882855,0.35865045,0.6430629,0.5210799,0.21505235,0.71754766,0.563687,0.71033466,0.119993225,0.7358099,0.92796355,0.8575992,0.5988102,0.49540377,0.15804416,0.31424633,-0.11526185,0.06667521,0.23654053,-0.3293175,0.38847306,0.4137013,0.7743058,0.26932797,-0.12485701,-0.348616,0.20309031,-0.018100463,0.11168729,-0.22294545,-0.23897606,-0.08376765,-0.48540276,-0.3229043,0.4208721,0.1724332,0.26831552,-0.14968373,-0.32512212,-0.37701565,-0.044134725,-0.28702205,-0.42145467,-0.04213901,-0.012922274,-0.3411101,0.0916853,-0.061943155,0.39999908,0.39866048,0.33327997,0.2621414,0.590731,0.54057705,0.43928742,-0.28337896,0.6108777,0.6746143,0.6137786,0.5487416,0.2890765,0.6548278,0.29858267,0.60977155,0.04312659,-0.038494885,0.40595543,-0.38793674,0.028049484,0.7093561,-0.20217246,-0.32650775,0.11301643,0.25720847,0.023185993,-0.31583744,-0.028152654,-0.023914363,0.231494,-0.6045743,-0.17632377,-0.077036306,-0.49548656,-0.48427707,-0.5571991,-0.07645689,0.25946903,-0.122607216,-0.35273892
0.2759574,0.029173397,0.3194753,-0.48126233,-0.2236565,0.21613318,-0.10024309,-0.3290595,0.12292129,0.18949915,0.12502348,0.362348,0.21092737,0.7066761,0.55937994,-0.0016771595,0.711164,0.73658836,0.80856323,0.3177092,0.8902774,0.8575992,0.94835854,0.6400946,0.33325574,0.0055328743,0.33747458,-0.30689242,0.28013757,0.104012,-0.5213877,0.3177128,0.21279123,0.8544216,0.22429064,-0.014862701,-0.4071073,-0.072870806,-0.3275036,-0.09923415,-0.32867935,-0.54373616,-0.37933272,-0.6438177,-0.4333456,0.14380795,0.1227634,0.31667668,0.045782078,-0.35798353,-0.2599459,0.14133984,-0.21973321,-0.42532387,0.21540566,0.2577728,-0.28047085,0.3101465,-0.051470816,0.3713625,0.21729104,0.1870336,0.088183865,0.59105587,0.59575784,0.4407515,-0.23950866,0.67070925,0.8283472,0.77458763,0.75956213,0.3777607,0.76147664,0.27363324,0.56262517,-0.14735636,0.043373074,0.2519018,-0.56839,0.07870385,0.8317927,-0.17494132,-0.5155647,-0.11629044,0.17756692,-0.15578541,-0.3732217,-0.235682,0.123963565,0.29567605,-0.6639751,-0.3385815,-0.22105265,-0.7348547,-0.72983634,-0.71850455,-0.3035485,0.40865773,0.10470003,-0.3445152
-0.06441899,-0.4034239,-0.024662554,-0.7081764,-0.62132645,-0.1101593,-0.2578225,-0.5876645,-0.16844563,0.2391479,0.5687353,0.74867165,0.47788113,0.7153107,0.7108488,-0.24537554,0.78766316,0.45597488,0.7885332,0.07581407,0.77311575,0.5988102,0.6400946,0.9180666,0.50642246,0.5093522,-0.2699561,-0.1687172,-0.030245936,0.30120277,-0.66722625,0.47916156,-0.12698008,0.46649924,-0.14017905,-0.41054082,-0.6879389,0.19195813,0.022661002,0.29861677,-0.5161008,-0.30942237,-0.2812522,-0.78232205,-0.8077111,-0.03668362,-0.22837508,-0.21894807,-0.24924973,-0.52340937,0.19648717,-0.08763692,0.056952134,-0.528719,-0.14869231,0.032038994,-0.27288944,-0.0412694,0.49793983,0.6894975,0.5459871,0.43854702,0.071686,0.61724424,0.79000574,0.63291764,-0.105790325,0.79947615,0.81895345,0.59907717,0.7560179,0.7075627,0.7864616,0.6737466,0.7637533,0.20139116,-0.22536945,0.3548355,-0.69167936,0.451365,0.7355502,-0.46491677,-0.77466667,-0.33743477,-0.35181868,-0.5170965,-0.56406224,-0.32620442,-0.16922066,0.20507064,-0.15713108,0.25602615,0.40895483,-0.65860796,-0.44707716,-0.79750913,-0.40338272,-0.05948688,-0.1827881,-0.44980752
0.13616192,-0.16481087,-0.13018921,-0.12391251,-0.31117463,-0.19564706,0.28284657,-0.14376985,-0.17966463,0.7549149,0.5019452,0.6414076,0.5130205,0.42384902,0.47494936,0.22206497,0.46872586,0.08862965,0.3570697,-0.069868416,0.3325556,0.49540377,0.33325574,0.50642246,0.89861363,0.5780912,-0.21337898,0.0036554341,-0.21439779,0.2728517,-0.06496296,0.7552003,0.2232217,0.22584376,0.06796156,-0.321692,-0.3759111,0.7063781,0.49220532,0.6184598,-0.13103184,0.2795515,0.31909144,-0.38433084,-0.40564346,0.37479085,0.061839823,-0.09939344,-0.27565742,-0.23241499,0.09034557,-0.12104754,0.06498152,-0.17163861,-0.23955178,-0.11201686,-0.14905605,-0.108104825,0.42629585,0.5475678,0.6321924,0.46574953,0.2422837,0.46648288,0.50989354,0.43122613,-0.001944887,0.39569813,0.29897135,0.25769868,0.3171419,0.23556912,0.30930042,0.5640301,0.54187083,0.19429088,-0.28957552,0.34199485,-0.10438354,0.5048839,0.2529916,-0.31946254,-0.26791435,-0.050626025,-0.19850904,-0.077206016,-0.34778544,-0.12134528,-0.16288707,0.08316075,0.020384597,0.47938538,0.46804908,-0.16746071,-0.06747781,-0.3980027,-0.06640574,-0.16654277,-0.25262126,-0.24227224
-0.4297083,-0.69400704,-0.57471716,-0.35145766,-0.67727757,-0.557052,-0.13844195,-0.51192755,-0.5899589,0.4488839,0.5186483,0.7849195,0.69671416,0.36884344,0.5086886,-0.19900025,0.50301003,-0.31946182,0.23555109,-0.52531207,0.122917145,0.15804416,0.0055328743,0.5093522,0.5780912,0.88633174,-0.70299685,0.39743674,-0.6284921,0.63687694,-0.23671116,0.5044966,-0.21013176,-0.21930316,-0.43792608,-0.7670687,-0.60708225,0.62153196,0.60583496,0.5331496,-0.4681396,0.39029676,0.13637026,-0.266335,-0.5738448,0.15169337,-0.4601098,-0.6729744,-0.65373874,-0.52178967,0.2060458,-0.5654987,-0.0025516404,-0.3896953,-0.59905195,-0.39972335,-0.3646952,-0.5731439,0.7341844,0.6673578,0.7596742,0.67392206,0.37785935,0.4565714,0.57130456,0.6026341,-0.24224618,0.47427633,0.22752406,-0.1208339,0.14133115,0.5496195,0.3413276,0.4800496,0.5864321,0.59597945,-0.5862212,0.57613194,-0.24624565,0.50265944,0.08571231,-0.69522864,-0.40636998,-0.16021803,-0.5464403,-0.4359228,-0.51398146,0.12012447,-0.62643456,-0.3100829,0.31521368,0.7917744,0.80396616,-0.033562563,0.21726981,-0.23542702,0.014251431,-0.65856916,-0.6197957,-0.49271956
0.67637706,0.66022694,0.46460193,0.32955796,0.5399675,0.3846469,0.409123,0.4236367,0.4088691,0.0028825942,-0.5567627,-0.5267395,-0.4252201,-0.1360293,-0.27598494,0.5116935,-0.15648377,0.49513867,-0.0029309322,0.49162436,0.11468735,0.31424633,0.33747458,-0.2699561,-0.21337898,-0.70299685,0.94290644,-0.3241664,0.5705395,-0.44549274,0.24713503,-0.23398834,0.63809645,0.5528245,0.616541,0.69163907,0.56252015,-0.26780158,-0.35541737,-0.29179752,0.48681933,-0.2832059,0.045360737,0.19510898,0.5420919,0.30571836,0.5869707,0.83473635,0.51201093,0.4702291,-0.5275061,0.42365283,-0.2693075,0.16073364,0.4344256,0.22630867,0.10480246,0.46614933,-0.8405044,-0.42291212,-0.4212696,-0.4045431,-0.075412706,-0.16535173,-0.3744572,-0.38804895,0.069736004,-0.2245501,-0.034883987,0.28599218,-0.012432378,-0.47461972,-0.12564963,-0.298909,-0.22500521,-0.43259007,0.61591375,-0.2653433,0.23135862,-0.56003904,0.18784024,0.62143505,0.41586083,0.42703938,0.79229033,0.64803493,0.49309608,0.052706838,0.57587385,0.41434535,-0.6336752,-0.7979206,-0.7953999,0.015272908,-0.24759296,0.13730863,0.19627582,0.73376846,0.47436708,0.4021849
-0.51359147,-0.5975833,-0.71439546,0.025332239,-0.38975608,-0.6035167,-0.14198314,-0.33918425,-0.71777594,0.10526454,-0.29444954,0.20309697,0.42827696,-0.052159414,0.10394688,-0.11232564,0.12365556,-0.68500626,-0.25358713,-0.8360251,-0.3610638,-0.11526185,-0.30689242,-0.1687172,0.0036554341,0.39743674,-0.3241664,0.92534816,-0.76500094,0.7560313,0.19095355,-0.081162564,-0.009347448,-0.5052056,-0.49454948,-0.5962203,-0.14324445,0.31876683,0.46266046,-0.048453625,-0.3050706,0.5460707,0.11680739,0.45696878,0.06873642,0.40891686,-0.5134058,-0.5269082,-0.6474431,-0.33698487,-0.41279143,-0.8517875,-0.56332815,-0.37698573,-0.59162617,-0.5955073,-0.6136097,-0.7551116,0.11572415,0.2058001,0.4056663,0.5013665,0.68560135,0.21886915,0.07201575,0.33075806,-0.66999525,0.1174463,-0.2678879,-0.6772778,-0.4815238,0.16835818,-0.029407177,-0.3237703,0.18645032,0.70186275,-0.45024008,0.7021428,0.16348088,-0.18998048,-0.30620027,-0.5381839,0.1678442,0.29607153,-0.045557592,-0.016199904,-0.1303901,0.7974248,-0.7448766,-0.7073958,0.0068457955,0.34414124,0.26820096,0.46294516,0.54892015,0.43825284,0.5821482,-0.580763,-0.67919505,-0.41554093
0.6433887,0.6269398,0.81354433,0.0054879645,0.4328691,0.730717,0.117397666,0.32848185,0.7942868,-0.21349663,0.009875293,-0.3892263,-0.507666,-0.041464612,-0.17517063,0.11359213,-0.20094712,0.69049704,0.13792256,0.8908477,0.2569399,0.06667521,0.28013757,-0.030245936,-0.21439779,-0.6284921,0.5705395,-0.76500094,0.93181866,-0.7585985,-0.08356208,-0.096920475,0.15425104,0.48641962,0.43194103,0.8145374,0.3875621,-0.45336163,-0.5711026,-0.15241206,0.39642823,-0.5979691,-0.19873881,-0.20067292,0.16238743,-0.26753497,0.46889043,0.7139169,0.85358536,0.5036381,0.1549448,0.8242383,0.24017116,0.25750726,0.7507024,0.6786103,0.42474958,0.7991047,-0.38626546,-0.28250423,-0.50607157,-0.5414232,-0.5111853,-0.21531749,-0.21579534,-0.38972044,0.5121359,-0.15333945,0.14822179,0.52275836,0.34111723,-0.27942938,-0.046578992,0.07256167,-0.25220037,-0.6856737,0.70455146,-0.6612013,-0.041291326,-0.0689408,0.25545883,0.6552857,-0.0071768453,-0.17441559,0.24153492,0.17792735,0.4020778,-0.57696605,0.8880519,0.64981437,-0.25506622,-0.5930684,-0.5440737,-0.33854622,-0.49005085,-0.20830664,-0.35132152,0.76898515,0.85852206,0.55754757
-0.58246374,-0.78376555,-0.63657284,-0.3730933,-0.6824672,-0.5631323,-0.3513344,-0.66139466,-0.7262877,0.2062342,0.021206578,0.58000815,0.6712283,0.40752813,0.5405469,-0.30695578,0.5611907,-0.4079528,0.2064758,-0.7776374,0.11526331,0.23654053,0.104012,0.30120277,0.2728517,0.63687694,-0.44549274,0.7560313,-0.7585985,0.9485249,-0.20104113,0.19200408,-0.14299071,-0.21079397,-0.58269787,-0.82011956,-0.5707327,0.34800297,0.36338586,-0.005068102,-0.66145056,0.30028188,-0.123960376,-0.0054350905,-0.37861502,0.35708183,-0.631778,-0.60521126,-0.7600001,-0.702129,-0.34324458,-0.8577615,-0.5492641,-0.6518426,-0.560745,-0.47299528,-0.770849,-0.67098504,0.380109,0.5666137,0.6451987,0.7155027,0.7126809,0.60350525,0.5426345,0.71544504,-0.7925149,0.5579622,0.21391068,-0.30238736,-0.004934913,0.5374929,0.4436233,-0.033218283,0.5694081,0.7301639,-0.63793623,0.89647245,-0.25057578,0.076269716,0.10855067,-0.8449329,-0.29809713,0.041660998,-0.24177837,-0.34321612,-0.5223013,0.5655144,-0.83412945,-0.65701544,-0.14084354,0.4112553,0.41279924,0.009504526,0.19085132,-0.050283544,0.2809878,-0.57119477,-0.73772746,-0.7509354
0.2586345,0.35106802,-0.1330459,0.75586355,0.50089806,-0.10195294,0.59228355,0.5947358,0.009316899,0.22252351,-0.4042033,-0.47366542,-0.2607062,-0.6245592,-0.58322024,0.54146576,-0.5934173,-0.4018208,-0.6703708,-0.10403891,-0.70753485,-0.3293175,-0.5213877,-0.66722625,-0.06496296,-0.23671116,0.24713503,0.19095355,-0.08356208,-0.20104113,0.9088196,-0.10302934,0.4403662,-0.33741897,0.28865474,0.32512158,0.6570461,0.26809,0.3651936,0.15712231,0.64049584,0.5837343,0.63363826,0.7114953,0.7546854,0.36996084,0.3495623,0.22368485,0.107555285,0.5854212,-0.1964221,-0.006189566,-0.065097764,0.44970137,-0.08693156,-0.2383084,0.20496759,-0.11251542,-0.39781582,-0.472493,-0.21409723,-0.23306789,0.07040717,-0.47654802,-0.6761936,-0.522714,0.17201081,-0.6806885,-0.7854079,-0.5188665,-0.73532283,-0.68675447,-0.7603281,-0.33165762,-0.48565143,-0.040621556,0.18558757,-0.19768906,0.8885329,-0.2886505,-0.6475338,0.44591916,0.81524956,0.49457785,0.36762804,0.66250396,0.56270415,0.3536911,0.122273505,-0.051719405,0.18172154,0.0030814707,-0.15651399,0.75627804,0.5655514,0.7271317,0.52605283,-0.031014908,0.016172187,0.48889482
0.12185101,-0.14637409,0.058181845,-0.20519203,-0.2927156,0.01708377,0.11603883,-0.16339883,0.018210672,0.5981976,0.58503646,0.5973157,0.44744456,0.4871463,0.47654283,0.033647206,0.43727645,0.13557856,0.3965657,0.05222512,0.34367085,0.38847306,0.3177128,0.47916156,0.7552003,0.5044966,-0.23398834,-0.081162564,-0.096920475,0.19200408,-0.10302934,0.85186154,0.043722752,0.20281887,-0.004593483,-0.20288916,-0.38132054,0.5189456,0.31175134,0.47367716,-0.16167295,0.16377357,0.17464548,-0.42852348,-0.42372745,0.18245104,0.044142466,-0.04444804,-0.097119994,-0.193752,0.19977431,-0.0040284963,0.10065773,-0.15355268,-0.03072896,0.12553023,-0.11237669,0.06665276,0.48415208,0.52453643,0.505041,0.38851863,0.14018665,0.47581926,0.52379173,0.40220928,0.022411264,0.38453585,0.3187221,0.27635485,0.37627295,0.19910106,0.31196788,0.48331988,0.4458606,0.037482128,-0.2720312,0.2182342,-0.13263094,0.6176864,0.19816928,-0.30976912,-0.36010844,-0.290143,-0.35532647,-0.22765759,-0.349254,-0.277235,-0.042055737,0.03181165,0.055321828,0.42929283,0.39210507,-0.2883177,-0.20367083,-0.44869688,-0.25134856,-0.12789272,-0.069148235,-0.19065195
0.6312831,0.4038499,-0.040816374,0.43886885,0.29588234,-0.15479007,0.7573482,0.3603179,-0.068319395,0.51749206,-0.40817064,-0.16918778,-0.060654372,-0.19538105,-0.15863067,0.82497907,-0.02481446,0.18820181,-0.09985471,0.12681279,-0.029965898,0.4137013,0.21279123,-0.12698008,0.2232217,-0.21013176,0.63809645,-0.009347448,0.15425104,-0.14299071,0.4403662,0.043722752,0.94523203,0.38183028,0.57484686,0.31622237,0.4783123,0.34989664,0.29761153,0.27236497,0.53303254,0.24457616,0.531095,0.29645467,0.48935938,0.729771,0.47663057,0.52018714,0.08710159,0.42583847,-0.5311942,0.051234342,-0.29825217,0.058310993,-0.11069876,-0.28224766,-0.04966801,-0.028560763,-0.5863543,-0.14573388,0.063258566,-0.053283893,0.21916321,-0.08399686,-0.29570395,-0.20915763,0.053027242,-0.16031368,-0.16469689,0.07736638,-0.20088205,-0.37612712,-0.18811616,0.039288193,0.060178343,0.033835463,0.41451406,0.08090712,0.39698458,-0.4486959,0.10671622,0.42405218,0.53025806,0.7371967,0.7495252,0.80939,0.451226,0.32143676,0.22412185,0.36356813,-0.41984078,-0.2716199,-0.2709535,0.34347308,0.20115954,0.26655412,0.5541712,0.36192182,0.014535427,0.3289755
0.512125,0.32303548,0.4528547,-0.23950773,0.067490585,0.31736565,0.13842277,-0.022123711,0.30798417,0.15891384,0.023552377,0.11463401,-0.027192859,0.47897843,0.2870093,0.22541395,0.46369022,0.8384142,0.66423297,0.53115,0.7562103,0.7743058,0.8544216,0.46649924,0.22584376,-0.21930316,0.5528245,-0.5052056,0.48641962,-0.21079397,-0.33741897,0.20281887,0.38183028,0.9483804,0.49562246,0.28529283,-0.10868356,-0.13158359,-0.36793417,-0.05878939,0.0036141197,-0.5462804,-0.20364293,-0.52699083,-0.17810862,0.14964998,0.41119525,0.5663345,0.2630542,-0.041470584,-0.22895126,0.37097996,-0.07577224,-0.17327838,0.32057703,0.29972506,-0.016628223,0.46848333,-0.28601918,0.10061863,-0.0033686068,-0.06546827,-0.11571813,0.3187078,0.3090751,0.11554149,0.024374358,0.39409673,0.6434454,0.80845165,0.6314018,0.088292465,0.5147203,0.23535943,0.33218586,-0.35430312,0.27262545,-0.0367652,-0.368873,-0.04599131,0.7286775,0.17071038,-0.2677144,0.005516026,0.36176836,0.09432395,-0.10618834,-0.32721582,0.38987178,0.5165719,-0.6231679,-0.50310004,-0.38441807,-0.6106321,-0.69570655,-0.5882349,-0.28394476,0.58701485,0.28857523,-0.04009522
0.6328615,0.75151896,0.32071653,0.51240456,0.6584451,0.20126405,0.65989673,0.67212903,0.35887343,0.20697862,-0.18319735,-0.3628316,-0.38240796,-0.20967513,-0.40383086,0.68202806,-0.2248975,0.4252143,0.0007489319,0.48835695,0.048149653,0.26932797,0.22429064,-0.14017905,0.06796156,-0.43792608,0.616541,-0.49454948,0.43194103,-0.58269787,0.28865474,-0.004593483,0.57484686,0.49562246,0.90400535,0.5658293,0.4499771,0.0011682734,-0.06588082,0.13524124,0.64419115,-0.06246323,0.39418328,0.0030384974,0.43445712,0.17394924,0.83186424,0.66419894,0.34162784,0.5113236,-0.10001079,0.50960124,0.25302503,0.51228,0.19992569,0.06246403,0.50932074,0.40142465,-0.5203804,-0.46908334,-0.3306477,-0.4333335,-0.35485584,-0.3424042,-0.39070332,-0.52518,0.4507986,-0.38692045,-0.08488029,0.38699263,-0.02101282,-0.5734073,-0.27581894,0.023715839,-0.29055953,-0.5274313,0.39163163,-0.4670341,0.28712794,-0.21555325,0.06561798,0.6712196,0.43930876,0.3414721,0.56146204,0.5880982,0.35696757,-0.21993004,0.5100773,0.5547532,-0.13961622,-0.4112761,-0.40126222,0.048231985,-0.17722033,0.013158964,-0.035138056,0.45759547,0.29984874,0.46455258
