0,1,2,3,4,5,6,7,8,9,10,11,12,13,14,15,16,17,18,19,20,21,22,23,24,25,26,27,28,29,30,31,32,33,34,35,36,37,38,39,40,41,42,43,44,45,46,47,48,49,50,51,52,53,54,55,56,57,58,59,60,61,62,63,64,65,66,67,68,69,70,71,72,73,74,75,76,77,78,79,80,81,82,83,84,85,86,87,88,89,90,91,92,93,94,95,96,97,98,99
0.8812389,0.5073175,0.56251353,0.7097312,0.4945953,0.60573524,0.75259423,0.6521442,0.61048734,0.4559906,0.15056145,-0.12824315,-0.017444773,0.060447037,0.23920384,0.8063543,-0.035595577,0.6037849,0.23745647,0.60673094,0.42749205,-0.32659668,-0.1687294,0.010443401,-0.0066744634,-0.38304117,-0.62885606,-0.7497746,0.31617963,-0.6034937,-0.49016774,0.2915124,0.6531702,0.4626487,-0.5627521,0.6049566,-0.13938817,0.22519585,0.53686666,0.59553015,0.46286076,-0.3948298,-0.49539286,-0.5573273,-0.56789577,-0.63165677,-0.5633079,-0.5998607,0.46216673,0.51951844,0.3280602,0.6420722,0.36415023,0.6153141,0.50874186,0.6134124,0.64448714,0.55975825,0.036326256,0.27581936,0.3332224,0.3017968,0.31548494,0.2508211,0.3519677,0.27819276,0.443293,0.3879294,0.49591404,0.7022933,0.572315,-0.2993669,-0.15991421,0.30883902,0.32101795,0.37088692,0.29662335,-0.19988303,-0.49786317,0.08519952,0.29965448,0.3102723,-0.5727507,-0.41291112,-0.6624459,-0.15342072,0.17538646,-0.68059456,0.63577324,0.2804524,-0.07894116,-0.17873141,0.19365111,0.17477836,-0.3417006,-0.6243953,-0.6679258,-0.60396314,0.37231123,0.46964404
0.5073175,0.95461553,0.92349356,0.746467,0.9409851,0.9217678,0.7189319,0.8121231,0.7794275,0.48236883,0.3581511,0.21752477,0.11234112,0.11637981,0.022033978,0.6153098,0.118747644,0.7217213,0.48216596,0.6906649,0.15669462,-0.20335314,-0.15926705,0.23013674,0.28661656,-0.056448817,-0.3243307,-0.5684833,0.15296046,-0.4947279,-0.29024965,0.20900626,0.40149942,0.60434127,-0.23634608,0.8076849,-0.34630832,0.001686303,0.44054332,0.4804871,0.35513276,-0.008808013,-0.17391773,-0.28225273,-0.29521495,-0.4312857,-0.38121134,-0.46354818,0.6415863,0.47673047,0.21960191,0.8299594,0.37742168,0.8290269,0.94172454,0.8284818,0.76912504,0.76807463,-0.16346204,-0.2320707,-0.13902938,-0.19416967,-0.12380856,-0.09339228,0.04261705,-0.03812134,0.45314586,-0.014708668,0.14792556,0.65166014,0.40964836,-0.55910915,-0.2979766,-0.006168537,-0.15306084,-0.09935586,0.12215978,-0.34222636,-0.4461268,0.09838639,-0.13798848,0.104714096,-0.36402446,-0.32033825,-0.44938317,-0.31973228,-0.031423014,-0.5840768,0.71039367,0.06724884,-0.13008396,-0.21575673,-0.083452724,0.109558314,-0.49014375,-0.33156875,-0.4672008,-0.51200676,0.39272463,0.36148542
0.56251353,0.92349356,0.9610222,0.744555,0.90901256,0.9362539,0.7485654,0.7884083,0.7523948,0.5871959,0.45493042,0.28597802,0.14888155,0.15220802,0.0737872,0.6390795,0.15795729,0.72253805,0.53447956,0.70517266,0.19565904,-0.22503752,-0.19424114,0.298325,0.3471197,-0.02807094,-0.39995387,-0.65677243,0.20876822,-0.57750034,-0.32153514,0.22310895,0.39506406,0.62358075,-0.27832657,0.7949583,-0.2961008,-0.03160134,0.43516332,0.54631877,0.35753214,-0.01609722,-0.2129144,-0.3373233,-0.35366732,-0.52798027,-0.43983436,-0.5497935,0.6613542,0.5008906,0.25651416,0.82415056,0.39525086,0.80673814,0.9172226,0.8383622,0.75747156,0.73004067,-0.11040925,-0.17535368,-0.12001808,-0.14489937,-0.09945597,-0.052023925,0.10517478,0.02356547,0.4495347,0.03591471,0.2028923,0.6627413,0.44418636,-0.6401467,-0.33848947,0.0068869595,-0.09836817,-0.0806698,0.17439355,-0.37290782,-0.48576093,0.11316575,-0.10318047,0.09145181,-0.44300163,-0.411631,-0.5573497,-0.4273852,0.024083657,-0.6626391,0.7061499,0.059188515,-0.09403108,-0.22250748,-0.09726739,0.06119751,-0.56353414,-0.39363354,-0.5752427,-0.6292658,0.4115832,0.3837661
0.7097312,0.746467,0.744555,0.94059724,0.74795985,0.76148903,0.846997,0.88443434,0.77231556,0.45187786,0.118914366,-0.048723325,0.045692578,-0.063890316,-0.030967392,0.81581557,-0.011156736,0.7222138,0.21575612,0.62398565,0.20599833,-0.16450515,-0.0742828,0.058404572,0.14307423,-0.18872088,-0.28878477,-0.5572499,0.026963301,-0.505063,-0.27926272,0.474208,0.72903657,0.5479003,-0.22912923,0.7485573,-0.42707467,0.40809986,0.69499123,0.6583191,0.5666008,-0.0786456,-0.14856547,-0.22752611,-0.22771497,-0.3400558,-0.38429427,-0.3727147,0.5277562,0.47281834,0.05876915,0.72404516,0.19984192,0.8556876,0.7397998,0.68418175,0.7493168,0.7693862,-0.29210693,-0.002268512,0.16968784,-0.046826206,-0.052057747,-0.15314943,-0.056473475,-0.07252232,0.39199772,-0.0050104554,0.13153163,0.6510922,0.35252455,-0.33714786,-0.33668548,0.09192829,-0.063309684,0.26494038,-0.0013315687,-0.24659479,-0.34540632,-0.06687513,-0.082267314,0.13011324,-0.28171313,-0.13847375,-0.38942075,-0.13026841,-0.13383296,-0.5022937,0.6949978,0.12870961,-0.36202282,-0.27775604,0.022243002,0.34200788,-0.2883159,-0.30443656,-0.40423942,-0.4280521,0.34128734,0.34642923
0.4945953,0.9409851,0.90901256,0.74795985,0.9591115,0.9166453,0.7182276,0.82690567,0.8061839,0.41017547,0.29675373,0.15832938,0.058161512,0.08468109,0.022213228,0.61376905,0.07798017,0.7311867,0.45611557,0.7006778,0.14954077,-0.24525267,-0.17865524,0.17736194,0.22226296,-0.10380104,-0.32646358,-0.5515062,0.15775597,-0.48170376,-0.2804945,0.1939281,0.37827772,0.57741994,-0.25825268,0.8354139,-0.36764777,-0.007980121,0.40902615,0.43602908,0.32506353,-0.042838953,-0.20408832,-0.28643942,-0.29675156,-0.41404876,-0.40378225,-0.46555263,0.64819497,0.4838658,0.24761927,0.8482323,0.41422457,0.84523827,0.9469359,0.8367318,0.80401087,0.80144316,-0.14054453,-0.22436222,-0.1100542,-0.1708612,-0.09072557,-0.08128095,0.052996755,-0.03010502,0.49172464,0.011024643,0.18067858,0.6775173,0.4207126,-0.51188517,-0.25647834,0.020888511,-0.121530324,-0.07130351,0.11706889,-0.33497787,-0.4206924,0.14265311,-0.10191916,0.13082018,-0.34047672,-0.28847873,-0.41388452,-0.2687746,-0.029283805,-0.57100964,0.7363138,0.10716124,-0.10288393,-0.16339308,-0.04617726,0.16198519,-0.44038883,-0.32465154,-0.4415032,-0.46476865,0.40697756,0.3703313
0.60573524,0.9217678,0.9362539,0.76148903,0.9166453,0.96877444,0.7780952,0.81190705,0.8228192,0.4750548,0.3364699,0.1402364,0.008457398,0.07274766,0.068022534,0.6743666,0.03216249,0.7394655,0.47733635,0.7454423,0.19573142,-0.35977733,-0.28526857,0.1641996,0.19773918,-0.19181871,-0.4938299,-0.708154,0.23115747,-0.6292962,-0.38846314,0.15684684,0.40656137,0.5871435,-0.40120366,0.86042607,-0.2506627,-0.047476705,0.41289127,0.5046697,0.3768,-0.16970557,-0.33489954,-0.4156512,-0.43724534,-0.57602143,-0.5430769,-0.61719793,0.74940884,0.6073223,0.37545332,0.8884138,0.5108514,0.8212359,0.9335661,0.91242033,0.83234006,0.7974777,-0.0062174113,-0.08733176,-0.008695645,-0.04071964,0.015755739,0.047087856,0.18812516,0.046983004,0.5873638,0.15483311,0.3227724,0.75607204,0.50946975,-0.5509939,-0.29938865,0.16904223,0.02919184,0.0031470908,0.21632347,-0.42620412,-0.5184655,0.19734062,0.03727022,0.25195986,-0.47578123,-0.40458742,-0.57368064,-0.3066603,0.12878811,-0.7158886,0.7985156,0.22190723,-0.0057435217,-0.13278303,0.06235599,0.1288434,-0.484173,-0.45671356,-0.60152775,-0.5958861,0.5370586,0.51119393
0.75259423,0.7189319,0.7485654,0.846997,0.7182276,0.7780952,0.9258071,0.8411705,0.81420016,0.5040904,0.2254445,0.0004384257,0.03222337,0.014384717,0.07140404,0.84165716,0.029218163,0.7843901,0.3512845,0.7437106,0.28009614,-0.28211182,-0.20090342,0.13102558,0.108426735,-0.2683402,-0.49826944,-0.7336413,0.20603126,-0.65436006,-0.43085372,0.30407703,0.68455744,0.6453669,-0.4061618,0.8183329,-0.1653775,0.2226838,0.6563871,0.72174263,0.65251195,-0.22409624,-0.31564537,-0.40712285,-0.42290848,-0.54882145,-0.5257386,-0.5580589,0.6932579,0.67724264,0.2557181,0.75556993,0.35696465,0.7743477,0.71553266,0.7634101,0.7833703,0.77149713,-0.11358513,0.0376183,0.14356777,0.04424313,0.050653994,0.011794599,0.13696432,0.04965394,0.53076744,0.16493936,0.32842916,0.77561766,0.4999975,-0.39800546,-0.3571903,0.24049464,0.08714368,0.18490581,0.18711409,-0.36632645,-0.5073072,0.020265266,0.08575295,0.3233691,-0.46834245,-0.33815217,-0.58772445,-0.20857745,0.13527109,-0.68673533,0.80717885,0.26246682,-0.17827941,-0.25155813,0.10488751,0.20794436,-0.39282715,-0.47734445,-0.5979115,-0.5864187,0.51761913,0.5628816
0.6521442,0.8121231,0.7884083,0.88443434,0.82690567,0.81190705,0.8411705,0.95371526,0.871524,0.4052225,0.14904591,-0.012858265,0.08287619,0.066567935,0.0929287,0.79269755,0.063762985,0.8324102,0.3611837,0.76313555,0.29576385,-0.20546627,-0.05857057,0.118975095,0.08282817,-0.22841893,-0.3405553,-0.56447685,0.17030005,-0.46258247,-0.3590321,0.30796272,0.64661634,0.65563357,-0.3008411,0.86126554,-0.35101587,0.24389037,0.60771656,0.57997394,0.5658342,-0.14234743,-0.23710555,-0.31581438,-0.3101095,-0.38979745,-0.40584278,-0.42378938,0.59430337,0.5304706,0.15878376,0.79216564,0.3095438,0.89229363,0.80421555,0.7524142,0.8465929,0.8642259,-0.25827527,-0.1206531,0.0403717,-0.026880473,0.0067520826,-0.06481248,0.053099647,0.03339737,0.45642513,0.0620001,0.22968128,0.7584506,0.48222327,-0.36976624,-0.21302348,0.065274425,-0.04231218,0.11879212,0.14924109,-0.20815708,-0.43684733,-0.009215338,-0.03485078,0.19913311,-0.34606224,-0.22416735,-0.4138245,-0.15007171,-0.05918848,-0.545928,0.7955771,0.1311863,-0.28204727,-0.28270632,-0.026810437,0.26002362,-0.36401683,-0.37460196,-0.4300595,-0.43634042,0.3582297,0.39168924
0.61048734,0.7794275,0.7523948,0.77231556,0.8061839,0.8228192,0.81420016,0.871524,0.95476127,0.27225477,0.090930216,-0.11160059,-0.12547892,-0.035228636,0.055947963,0.7251918,-0.100491,0.7918,0.33760422,0.79648364,0.23050973,-0.44352263,-0.28633863,-0.005528687,-0.04903531,-0.39132893,-0.5008959,-0.65116465,0.23818171,-0.5766487,-0.40110636,0.14042535,0.49154037,0.56623936,-0.48078197,0.9208133,-0.22357978,0.0372198,0.4439743,0.45960113,0.48041517,-0.31705588,-0.4112309,-0.4202115,-0.4364521,-0.50131285,-0.58848256,-0.5774274,0.7461809,0.69271433,0.39509273,0.8441642,0.541623,0.81880283,0.7991383,0.8421501,0.9178118,0.92744076,0.01205865,-0.02883104,0.10378847,0.06021814,0.12582514,0.087514594,0.19336385,0.051786885,0.67104185,0.21921352,0.39963442,0.8439435,0.5589961,-0.32063806,-0.20376329,0.27321,0.12832555,0.12518889,0.22312158,-0.37941077,-0.45804727,0.20745566,0.15803385,0.41510567,-0.40094888,-0.27552813,-0.46981755,-0.09168555,0.15657476,-0.6528988,0.9041184,0.36454558,-0.0145647945,-0.058335185,0.16179715,0.2826816,-0.3002512,-0.4508235,-0.5028641,-0.44100744,0.5698544,0.59339744
0.4559906,0.48236883,0.5871959,0.45187786,0.41017547,0.4750548,0.5040904,0.4052225,0.27225477,0.9170636,0.76746523,0.63229287,0.56264997,0.43066344,0.23317793,0.44633323,0.553779,0.48182076,0.6251939,0.42898786,0.28155345,0.16593857,0.0817955,0.6654107,0.64621174,0.38581973,-0.24332455,-0.5389548,0.25513655,-0.4260344,-0.24959752,0.26733467,0.32379216,0.6173002,-0.023947325,0.33893007,-0.081895426,0.0057225022,0.41292596,0.6640494,0.34979427,0.27208957,0.016406305,-0.2529572,-0.24178094,-0.48465058,-0.13352638,-0.37742344,0.2561795,0.16831315,-0.04984392,0.31450087,-0.020327099,0.39001212,0.40718597,0.33469635,0.25237036,0.20883764,-0.2966382,-0.22927636,-0.29897982,-0.19404222,-0.24741468,-0.15239844,0.04256565,0.13430025,-0.054401018,-0.11116464,0.0109734405,0.27184784,0.24763063,-0.75121677,-0.37850583,-0.2929704,-0.22361782,-0.20272124,0.19517091,-0.121126816,-0.43941915,-0.19733,-0.2698612,-0.27459317,-0.4801739,-0.55528754,-0.61443245,-0.7745876,-0.036534086,-0.4879777,0.24363635,-0.3446866,-0.25906366,-0.5111903,-0.43149364,-0.29698706,-0.75310624,-0.3373047,-0.5875311,-0.76609635,0.02605258,0.047601823
0.15056145,0.3581511,0.45493042,0.118914366,0.29675373,0.3364699,0.2254445,0.14904591,0.090930216,0.76746523,0.94179213,0.84123147,0.5343138,0.48108277,0.21135676,0.105245814,0.5759102,0.27929872,0.70269704,0.30283022,0.13711381,0.11078313,-0.020505976,0.74294305,0.74674094,0.538998,-0.18376261,-0.39348844,0.2670032,-0.32790694,-0.093894556,0.044213176,-0.10128765,0.46641475,0.035347328,0.18328416,0.005056767,-0.35856417,0.00679987,0.34292227,0.018333035,0.3733043,0.049514882,-0.18305863,-0.18063137,-0.4398546,-0.088709906,-0.36824584,0.18342632,0.034218535,0.0646984,0.17134723,0.06291968,0.17667016,0.28965944,0.22297625,0.10031851,0.041469667,-0.0802061,-0.33737928,-0.4909361,-0.27169645,-0.3107282,-0.11057341,0.093107864,0.12011811,-0.0995595,-0.14764035,-0.040926665,0.09164446,0.16981041,-0.81727576,-0.31406006,-0.38618845,-0.26709783,-0.42672163,0.23917177,-0.17674288,-0.3159492,0.0033489708,-0.28968537,-0.3341358,-0.39461097,-0.5685442,-0.51833534,-0.9082428,0.027972871,-0.4026266,0.08440259,-0.40435022,0.006562679,-0.29618597,-0.51551354,-0.4265144,-0.7576507,-0.22246437,-0.5044502,-0.6944979,-0.03215188,-0.051986463
-0.12824315,0.21752477,0.28597802,-0.048723325,0.15832938,0.1402364,0.0004384257,-0.012858265,-0.11160059,0.63229287,0.84123147,0.9401474,0.6044408,0.44965148,0.06983965,-0.12592,0.63076913,0.104469836,0.59908175,0.07269301,-0.034872923,0.34598356,0.13423172,0.7773675,0.80066705,0.75761354,0.14961784,-0.06690144,0.07896265,-0.06758164,0.12611122,0.0518996,-0.23116222,0.34924164,0.3494462,-0.025851265,-0.04488524,-0.3007394,-0.064788796,0.21358201,-0.08123596,0.6311228,0.3481811,0.10796318,0.120616525,-0.11728972,0.19897014,-0.053692542,-0.02402666,-0.19959006,-0.20026614,-0.064606994,-0.1767154,0.007439634,0.1378905,-0.01779169,-0.1300884,-0.13233045,-0.2534724,-0.50805,-0.64795697,-0.48978126,-0.53047776,-0.33631197,-0.17598382,-0.060065,-0.33202785,-0.41459426,-0.34236017,-0.19012561,-0.10398778,-0.6932502,-0.29744184,-0.5897121,-0.5102151,-0.5665431,0.03699605,-0.059307225,-0.10343258,-0.14272733,-0.52536917,-0.54745257,-0.11982076,-0.34448266,-0.21099138,-0.81959724,-0.16402185,-0.09086916,-0.16071862,-0.60019624,-0.119515084,-0.32981893,-0.66996455,-0.43370223,-0.62141436,0.0675322,-0.19325355,-0.43758726,-0.22920051,-0.29320168
-0.017444773,0.11234112,0.14888155,0.045692578,0.058161512,0.008457398,0.03222337,0.08287619,-0.12547892,0.56264997,0.5343138,0.6044408,0.9368633,0.75833833,0.47073975,0.08109272,0.8957077,0.27722174,0.60849947,0.1698516,0.4296422,0.6610635,0.6737214,0.8071066,0.4298671,0.5741317,0.23291679,0.08207913,0.28743708,0.27796793,-0.11022502,0.012313424,0.16607112,0.5556279,0.33980787,-0.048027396,0.09031734,0.05539703,0.23094466,0.32849187,0.28140777,0.4431877,0.29488972,0.03982634,0.07607442,0.027994627,0.4585716,0.19936866,-0.23685765,-0.25336707,-0.42809176,-0.13829607,-0.43071365,0.023368012,0.013446956,-0.18199278,-0.16704799,-0.14295307,-0.6054306,-0.5055891,-0.6625651,-0.2481713,-0.26287574,-0.20681354,-0.08197311,0.2889924,-0.544138,-0.28050888,-0.23846745,-0.094898865,0.09426461,-0.40053517,0.13325185,-0.6577623,-0.3940233,-0.4920953,0.2645851,0.48046574,-0.23959678,-0.5655538,-0.41065204,-0.49722075,-0.17246267,-0.3205289,-0.13074099,-0.551687,-0.21351965,0.11422325,-0.17386588,-0.7133206,-0.47581464,-0.75763845,-0.76500154,-0.5571237,-0.5558108,-0.023602968,-0.043014616,-0.24733844,-0.47873273,-0.3947028
0.060447037,0.11637981,0.15220802,-0.063890316,0.08468109,0.07274766,0.014384717,0.066567935,-0.035228636,0.43066344,0.48108277,0.44965148,0.75833833,0.96205443,0.8061907,0.10454321,0.8087374,0.34468818,0.73589844,0.36594525,0.70713043,0.37366638,0.55407447,0.6779697,0.1629747,0.24341339,-0.13579966,-0.10011711,0.67300534,0.22240007,-0.3833138,-0.32852316,0.020286394,0.56382215,-0.0871636,0.054695558,0.2818067,-0.2740536,-0.003494749,0.12515533,0.1462428,0.041952215,-0.16171,-0.3546808,-0.32011122,-0.2581704,0.2143369,-0.0720162,-0.15268148,-0.122206226,0.0018427605,0.017233584,-0.056891687,0.0021337532,0.057221424,-0.03274949,-0.003656061,-0.0663533,-0.25634632,-0.39781976,-0.63166517,0.10113725,0.16192584,0.25654575,0.39021537,0.6863951,-0.29849976,0.15184468,0.21552524,0.15340938,0.4814893,-0.35290983,0.4668781,-0.44137883,-0.02695907,-0.52489984,0.6845187,0.5325271,-0.4688925,-0.272649,0.00854609,-0.1802117,-0.47082973,-0.60984313,-0.35431913,-0.4956346,0.10508369,-0.09349197,-0.0055111106,-0.4747153,-0.095147274,-0.5901786,-0.5788388,-0.6899696,-0.6266736,-0.37411854,-0.25709087,-0.32389843,-0.36094117,-0.18627462
0.23920384,0.022033978,0.0737872,-0.030967392,0.022213228,0.068022534,0.07140404,0.0929287,0.055947963,0.23317793,0.21135676,0.06983965,0.47073975,0.8061907,0.9594214,0.22244099,0.5218159,0.33913893,0.54010546,0.41445696,0.88198423,0.122547,0.43107164,0.35262287,-0.16461617,-0.1492552,-0.3849158,-0.22046489,0.82302517,0.13934876,-0.57831013,-0.4208107,0.13265824,0.45191932,-0.40587586,0.107561976,0.38192922,-0.22014949,-0.0008116844,0.07135822,0.17795059,-0.35095403,-0.4817453,-0.5599382,-0.5450482,-0.39031622,-0.009698054,-0.21133938,-0.088722184,0.036879346,0.22094004,0.10818322,0.124481514,0.004974451,0.007938726,0.053160675,0.108148396,0.0070217513,-0.031669647,-0.062393755,-0.2775365,0.4572396,0.5513214,0.58993876,0.66554964,0.9056783,-0.101165645,0.517273,0.5343391,0.33215064,0.6873114,-0.12586375,0.64735425,-0.106928684,0.3473276,-0.20210636,0.837083,0.548237,-0.5463253,-0.14646256,0.39074677,0.12776147,-0.5829906,-0.6111095,-0.43203676,-0.20173329,0.3137049,-0.19561344,0.12537168,-0.15293613,0.05165658,-0.43149322,-0.23717465,-0.5324986,-0.44839925,-0.57389677,-0.34943458,-0.28338653,-0.19392425,0.038294766
0.8063543,0.6153098,0.6390795,0.81581557,0.61376905,0.6743666,0.84165716,0.79269755,0.7251918,0.44633323,0.105245814,-0.12592,0.08109272,0.10454321,0.22244099,0.9209947,0.054397494,0.7521707,0.29903275,0.711535,0.44344214,-0.20193863,-0.028075183,0.064878896,-0.03095967,-0.35710075,-0.50488913,-0.6746453,0.27910998,-0.50442624,-0.52661014,0.27524263,0.79387724,0.62576485,-0.4593872,0.72003895,-0.1707586,0.3274927,0.70495284,0.67709315,0.6532171,-0.334749,-0.39885747,-0.5024166,-0.50089914,-0.51761776,-0.43450028,-0.4743849,0.5174418,0.56131625,0.22481374,0.6915561,0.29932332,0.7192423,0.6081605,0.6518514,0.7184278,0.6800623,-0.18220818,0.07295778,0.17813782,0.16650811,0.20053133,0.11439212,0.22250304,0.2034075,0.4395318,0.25311756,0.39916736,0.7593574,0.5689071,-0.2912514,-0.1545904,0.22448674,0.15653126,0.22991595,0.2710912,-0.14296451,-0.5551869,-0.070284635,0.17410448,0.31347486,-0.53859127,-0.3703627,-0.5769093,-0.103767246,0.09835438,-0.6168039,0.7296555,0.22966635,-0.23039362,-0.3628896,0.102842465,0.13824537,-0.36818832,-0.58099806,-0.5621971,-0.517068,0.36173248,0.4635254
-0.035595577,0.118747644,0.15795729,-0.011156736,0.07798017,0.03216249,0.029218163,0.063762985,-0.100491,0.553779,0.5759102,0.63076913,0.8957077,0.8087374,0.5218159,0.054397494,0.93890834,0.3009115,0.6893872,0.23452821,0.45623523,0.590786,0.60748684,0.83309305,0.39942753,0.5303213,0.13534048,0.030573856,0.3871665,0.24507661,-0.1658201,-0.11667216,0.08321753,0.5849259,0.24452138,-0.012424587,0.17952585,-0.09661186,0.15256421,0.29437453,0.25829354,0.37293926,0.19256493,-0.05834064,-0.020687006,-0.059511766,0.39456725,0.11209918,-0.1775985,-0.19290031,-0.29328322,-0.10825533,-0.305561,-0.004190135,0.028795226,-0.13667622,-0.124565795,-0.12521496,-0.49088508,-0.5375881,-0.7389748,-0.21446387,-0.20434242,-0.110886246,0.019313484,0.3504622,-0.455765,-0.21227491,-0.14403233,-0.037840694,0.17817779,-0.41606688,0.16867487,-0.61079395,-0.3418972,-0.5955535,0.3768174,0.44457978,-0.30495298,-0.4686752,-0.33022323,-0.4050495,-0.25599688,-0.42246267,-0.20321268,-0.581963,-0.10458386,0.040255312,-0.12051909,-0.6442525,-0.3364845,-0.7091309,-0.74328136,-0.6428533,-0.6174625,-0.115127355,-0.11538295,-0.29097393,-0.41623595,-0.3094186
0.6037849,0.7217213,0.72253805,0.7222138,0.7311867,0.7394655,0.7843901,0.8324102,0.7918,0.48182076,0.27929872,0.104469836,0.27722174,0.34468818,0.33913893,0.7521707,0.3009115,0.9377163,0.589149,0.8891255,0.50404865,-0.12626636,0.059838235,0.32554647,0.082077965,-0.17910698,-0.4187614,-0.59204054,0.42194432,-0.39536914,-0.49394703,0.10483861,0.5772047,0.8317543,-0.36865032,0.83646345,-0.13162221,0.06616868,0.5338364,0.56805253,0.605389,-0.17801623,-0.33192843,-0.45160243,-0.4455371,-0.4928456,-0.35223615,-0.46501082,0.54667056,0.5323556,0.21286209,0.7061868,0.32939547,0.7333282,0.7043602,0.6878732,0.7636312,0.7478049,-0.24835256,-0.24273449,-0.17171393,0.023803735,0.085854284,0.06375545,0.22525261,0.25666663,0.38027376,0.15464714,0.3421762,0.793574,0.6530106,-0.4297371,-0.05633772,-0.016525194,0.0006045862,-0.09088075,0.41213346,-0.081659555,-0.5825901,-0.050273895,0.044552915,0.21531162,-0.50715184,-0.43776032,-0.5345267,-0.28711194,0.079818755,-0.58107024,0.7831122,0.045660023,-0.20803188,-0.410048,-0.16548234,-0.0011596368,-0.52673024,-0.50884044,-0.5183339,-0.52709097,0.28228557,0.38875818
0.23745647,0.48216596,0.53447956,0.21575612,0.45611557,0.47733635,0.3512845,0.3611837,0.33760422,0.6251939,0.70269704,0.59908175,0.60849947,0.73589844,0.54010546,0.29903275,0.6893872,0.589149,0.93440014,0.6377303,0.5045773,0.092606016,0.16144264,0.73360187,0.3806625,0.22998631,-0.34540287,-0.44570988,0.60575783,-0.20644595,-0.4052213,-0.21370196,0.0595441,0.7447582,-0.21521357,0.4360464,0.14907928,-0.4166581,0.11405292,0.33636713,0.23381655,0.05910238,-0.23345569,-0.4486975,-0.43814868,-0.52489954,-0.11426489,-0.40848798,0.29003453,0.22312427,0.22561552,0.36581823,0.2454841,0.31317204,0.43401715,0.38501638,0.34325248,0.2751099,-0.12534682,-0.4648911,-0.6268115,-0.09525438,-0.014314561,0.14681244,0.3450921,0.43489313,0.064269744,0.09336412,0.25749767,0.4188444,0.5508266,-0.66163754,0.060667098,-0.31162935,-0.105075225,-0.5696684,0.59067667,0.03678577,-0.589112,-0.023047086,-0.05098868,-0.046272524,-0.59546816,-0.72418165,-0.5913838,-0.69629,0.18157676,-0.4768039,0.3625309,-0.27899367,0.03308732,-0.4498127,-0.48487478,-0.53854275,-0.8072559,-0.48181966,-0.54093975,-0.6273615,0.0143243335,0.122454375
0.60673094,0.6906649,0.70517266,0.62398565,0.7006778,0.7454423,0.7437106,0.76313555,0.79648364,0.42898786,0.30283022,0.07269301,0.1698516,0.36594525,0.41445696,0.711535,0.23452821,0.8891255,0.6377303,0.94721174,0.5440295,-0.29199937,-0.081588864,0.2772413,0.0009939829,-0.30322173,-0.60359836,-0.6966741,0.5657806,-0.48181963,-0.5873233,-0.06929073,0.4503295,0.79178405,-0.55792284,0.85567456,0.012210649,-0.14168347,0.384776,0.47068864,0.51529783,-0.3473999,-0.52359223,-0.6116407,-0.6222534,-0.64710426,-0.49264473,-0.6218607,0.6290744,0.62666047,0.43370825,0.74989104,0.5147648,0.6648671,0.69207186,0.7470139,0.7962484,0.73948073,-0.018449621,-0.15660374,-0.13744432,0.14476423,0.24429187,0.26397195,0.4240517,0.38007462,0.51519525,0.34559143,0.5356736,0.8726276,0.77575755,-0.43411785,0.014732245,0.1285073,0.17687826,-0.103143446,0.5574709,-0.1563627,-0.6692467,0.12071353,0.23985277,0.3700384,-0.6348763,-0.570673,-0.65344906,-0.2905487,0.28429067,-0.7024753,0.8410891,0.18658862,0.028469086,-0.27834043,-0.0426962,-0.05794042,-0.54619443,-0.64773726,-0.6393749,-0.59450585,0.4024847,0.52613014
0.42749205,0.15669462,0.19565904,0.20599833,0.14954077,0.19573142,0.28009614,0.29576385,0.23050973,0.28155345,0.13711381,-0.034872923,0.4296422,0.70713043,0.88198423,0.44344214,0.45623523,0.50404865,0.5045773,0.5440295,0.9400991,0.073549874,0.41519612,0.2921095,-0.21952128,-0.25259134,-0.4396204,-0.3269532,0.77438676,0.031620115,-0.63697326,-0.26305586,0.37507325,0.55358875,-0.46330065,0.2815711,0.2950121,-0.02350753,0.2244702,0.24701762,0.37249136,-0.409653,-0.51280475,-0.5974908,-0.57771623,-0.43324968,-0.09867889,-0.26715285,0.031402044,0.17644982,0.20768362,0.25690404,0.14270249,0.20130408,0.13610128,0.19072604,0.27447867,0.18711242,-0.115089975,-0.00025328237,-0.14546108,0.48314404,0.56504357,0.5377516,0.61756957,0.8461106,0.008295111,0.5266094,0.57120764,0.49337494,0.7415866,-0.12078367,0.5486088,-0.022145538,0.36660317,-0.045268916,0.7924268,0.49929532,-0.5879646,-0.19985667,0.3930071,0.19570003,-0.6128588,-0.5723463,-0.48690012,-0.1549888,0.27596462,-0.27876407,0.29456836,-0.07020078,-0.073360674,-0.49077606,-0.16186488,-0.3796836,-0.4237177,-0.6283874,-0.40907294,-0.33114395,-0.098231584,0.1400273
-0.32659668,-0.20335314,-0.22503752,-0.16450515,-0.24525267,-0.35977733,-0.28211182,-0.20546627,-0.44352263,0.16593857,0.11078313,0.34598356,0.6610635,0.37366638,0.122547,-0.20193863,0.590786,-0.12626636,0.092606016,-0.29199937,0.073549874,0.9093869,0.7796864,0.44123563,0.22817582,0.5984228,0.6668221,0.5472739,-0.16400057,0.6164228,0.18799238,0.10001221,0.10957442,0.12571073,0.69249284,-0.4105404,0.0028578069,0.3459677,0.2033875,0.09702666,0.15970066,0.5705888,0.6252273,0.42916024,0.48605448,0.5328562,0.81157804,0.6840942,-0.54234654,-0.5243639,-0.75071526,-0.47934866,-0.7396829,-0.2358484,-0.28910705,-0.53985655,-0.51127076,-0.41468084,-0.72293544,-0.43010902,-0.4895373,-0.3616529,-0.41328034,-0.45460814,-0.45459384,-0.056522146,-0.7329271,-0.53601253,-0.5839869,-0.4973036,-0.36709368,0.011586095,0.12848216,-0.6334537,-0.5360959,-0.36451328,-0.16704823,0.58171594,0.1422314,-0.72873265,-0.5643819,-0.59154105,0.2715604,0.16195893,0.36779833,-0.13630076,-0.44703478,0.5798433,-0.52378726,-0.6910164,-0.6188687,-0.6393124,-0.6046616,-0.39059263,-0.087888986,0.3819477,0.45135534,0.2631434,-0.6407492,-0.6251545
-0.1687294,-0.15926705,-0.19424114,-0.0742828,-0.17865524,-0.28526857,-0.20090342,-0.05857057,-0.28633863,0.0817955,-0.020505976,0.13423172,0.6737214,0.55407447,0.43107164,-0.028075183,0.60748684,0.059838235,0.16144264,-0.081588864,0.41519612,0.7796864,0.94913757,0.36916357,-0.02567812,0.317837,0.4679345,0.4681851,0.114737324,0.67744434,-0.050388977,-0.0152427675,0.24062803,0.2478734,0.41743433,-0.26862124,0.051402308,0.34428144,0.2420637,0.074444875,0.23088744,0.28005606,0.33600736,0.1867836,0.24625121,0.4145314,0.6974424,0.5870969,-0.5445336,-0.45300293,-0.5988244,-0.33121783,-0.6094274,-0.11243822,-0.2275573,-0.44293708,-0.32545117,-0.2581355,-0.7043288,-0.35298127,-0.43376076,-0.07516971,-0.0736562,-0.15887754,-0.17582089,0.2815649,-0.6468372,-0.24100704,-0.29089916,-0.24728742,-0.04373209,0.12082948,0.45984694,-0.5562071,-0.2934551,-0.2674043,0.121492535,0.82227355,-0.03608721,-0.6948446,-0.306529,-0.41532308,0.09791175,0.043197904,0.2667853,-0.0075526834,-0.35272217,0.5135833,-0.36132216,-0.60927224,-0.5968274,-0.7023791,-0.5494479,-0.38977218,-0.11442296,0.14638913,0.3740267,0.26082763,-0.669485,-0.5464627
0.010443401,0.23013674,0.298325,0.058404572,0.17736194,0.1641996,0.13102558,0.118975095,-0.005528687,0.6654107,0.74294305,0.7773675,0.8071066,0.6779697,0.35262287,0.064878896,0.83309305,0.32554647,0.73360187,0.2772413,0.2921095,0.44123563,0.36916357,0.91168046,0.5891979,0.61352354,0.07072335,-0.1279685,0.30591565,0.013142143,-0.09950751,-0.028716039,0.022744646,0.5919326,0.23910241,0.085026026,0.11098647,-0.18812598,0.13507558,0.35910317,0.21849453,0.46216536,0.2158106,-0.040936414,-0.016504463,-0.17679346,0.23883548,-0.04687099,-0.008773334,-0.08599537,-0.22491586,-0.020393625,-0.2151815,0.07180589,0.14725068,-0.0013717723,-0.048354536,-0.04775808,-0.39043546,-0.5236674,-0.6919193,-0.30651504,-0.3468295,-0.20906824,-0.03422024,0.18650055,-0.34493247,-0.2656018,-0.1774569,-0.008545661,0.12636314,-0.5895084,-0.09353029,-0.575222,-0.39688122,-0.57475877,0.27338642,0.17047974,-0.29045257,-0.33675408,-0.401668,-0.4195271,-0.26496452,-0.4544358,-0.3004799,-0.7476953,-0.07687486,-0.12263769,-0.03167856,-0.5949777,-0.2539989,-0.576138,-0.706154,-0.55604506,-0.6870112,-0.093603805,-0.2452017,-0.44942585,-0.25807273,-0.20851566
-0.0066744634,0.28661656,0.3471197,0.14307423,0.22226296,0.19773918,0.108426735,0.08282817,-0.04903531,0.64621174,0.74674094,0.80066705,0.4298671,0.1629747,-0.16461617,-0.03095967,0.39942753,0.082077965,0.3806625,0.0009939829,-0.21952128,0.22817582,-0.02567812,0.5891979,0.9267066,0.72510135,0.18551588,-0.120555446,-0.18428269,-0.21451646,0.29300225,0.3871487,-0.103743,0.2261059,0.40609756,0.013821354,-0.3197956,-0.08835745,0.051444795,0.2947539,-0.08072464,0.6898029,0.43890017,0.22400668,0.23909129,-0.08135489,0.0850908,-0.08420612,0.0141291795,-0.20403498,-0.25590345,-0.005733696,-0.22629862,0.16294302,0.20321971,0.031928968,-0.06422455,-0.048288275,-0.24638323,-0.3529585,-0.3769712,-0.5286441,-0.64850533,-0.5008409,-0.356429,-0.2851429,-0.28207147,-0.534568,-0.46266255,-0.19554374,-0.2617901,-0.67913365,-0.5390338,-0.5293984,-0.5664077,-0.30140996,-0.2381608,-0.2272943,0.062878504,-0.05793873,-0.6443585,-0.61417425,0.024454024,-0.14455049,-0.16312653,-0.74673617,-0.35738653,-0.1283378,-0.13553333,-0.5529244,-0.21991812,-0.19533888,-0.55071265,-0.1311863,-0.48038784,0.18166521,-0.18043053,-0.44305545,-0.17553133,-0.31181222
-0.38304117,-0.056448817,-0.02807094,-0.18872088,-0.10380104,-0.19181871,-0.2683402,-0.22841893,-0.39132893,0.38581973,0.538998,0.75761354,0.5741317,0.24341339,-0.1492552,-0.35710075,0.5303213,-0.17910698,0.22998631,-0.30322173,-0.25259134,0.5984228,0.317837,0.61352354,0.72510135,0.9285126,0.5746415,0.34196532,-0.2712923,0.2541644,0.447465,0.2132791,-0.2405245,0.07448586,0.735919,-0.3453614,-0.13565758,-0.0064191436,-0.051664215,0.08525859,-0.12296468,0.8575444,0.72852576,0.51214707,0.547461,0.33443087,0.5224189,0.37962684,-0.32363248,-0.4918236,-0.5811652,-0.4004826,-0.5687268,-0.18817207,-0.14450157,-0.3833059,-0.45064554,-0.37267542,-0.45336086,-0.49014676,-0.5582094,-0.60037524,-0.7201779,-0.6017579,-0.5344223,-0.3119098,-0.6265782,-0.6970299,-0.7122934,-0.5531273,-0.50430226,-0.3617555,-0.30066514,-0.7088554,-0.6920593,-0.47202563,-0.31793988,0.107486725,0.26438892,-0.35750252,-0.75994015,-0.75738704,0.3094253,0.088145554,0.22130904,-0.5380864,-0.4534555,0.33326846,-0.4980662,-0.7419765,-0.36369938,-0.31263137,-0.6906826,-0.28981254,-0.26527882,0.480169,0.24218257,-0.03610895,-0.4743504,-0.58498544
-0.62885606,-0.3243307,-0.39995387,-0.28878477,-0.32646358,-0.4938299,-0.49826944,-0.3405553,-0.5008959,-0.24332455,-0.18376261,0.14961784,0.23291679,-0.13579966,-0.3849158,-0.50488913,0.13534048,-0.4187614,-0.34540287,-0.60359836,-0.4396204,0.6668221,0.4679345,0.07072335,0.18551588,0.5746415,0.9723222,0.84132266,-0.61510324,0.6674806,0.64282405,0.2549321,-0.16419755,-0.30351752,0.9126687,-0.5228455,-0.25672612,0.3676706,-0.030942572,-0.21499132,-0.14407998,0.7144608,0.878111,0.8490282,0.89171344,0.90149534,0.77559453,0.867234,-0.5590029,-0.6344059,-0.82002246,-0.5982763,-0.7680845,-0.31107724,-0.3721186,-0.6352474,-0.5844735,-0.41839403,-0.5694142,-0.36188385,-0.2796802,-0.5290283,-0.6199727,-0.6902147,-0.79490244,-0.5161889,-0.6662538,-0.7662892,-0.8711593,-0.7292228,-0.76935333,0.2823786,-0.055824548,-0.56023914,-0.65944624,-0.19239357,-0.6305337,0.33881688,0.62777793,-0.4854198,-0.70974714,-0.62775826,0.7903594,0.68619573,0.8218951,0.16739608,-0.6553018,0.8417064,-0.63914114,-0.5525626,-0.53618497,-0.14863713,-0.4154321,0.0670875,0.36125386,0.84530765,0.8427974,0.64973557,-0.57281977,-0.69399375
-0.7497746,-0.5684833,-0.65677243,-0.5572499,-0.5515062,-0.708154,-0.7336413,-0.56447685,-0.65116465,-0.5389548,-0.39348844,-0.06690144,0.08207913,-0.10011711,-0.22046489,-0.6746453,0.030573856,-0.59204054,-0.44570988,-0.6966741,-0.3269532,0.5472739,0.4681851,-0.1279685,-0.120555446,0.34196532,0.84132266,0.9636668,-0.45260376,0.8337678,0.54743594,-0.03771519,-0.34973526,-0.4960105,0.70327866,-0.6809286,-0.061414167,0.19426364,-0.28994972,-0.5254119,-0.33439198,0.43067175,0.6299566,0.6966125,0.7338971,0.89957744,0.76231045,0.88034654,-0.69664043,-0.694036,-0.6287961,-0.71605086,-0.6453885,-0.5334122,-0.58449996,-0.77085066,-0.69116914,-0.5675587,-0.33637983,-0.21443093,-0.19273734,-0.24869332,-0.29996693,-0.36636132,-0.5206958,-0.2843153,-0.63750553,-0.4782349,-0.6255114,-0.7578808,-0.65326786,0.5095303,0.28326407,-0.40981942,-0.3757859,-0.14399925,-0.44573313,0.4948469,0.61738443,-0.35679543,-0.39372885,-0.43686116,0.7416474,0.6568708,0.8801815,0.36835465,-0.4590531,0.931476,-0.73246676,-0.40323114,-0.28505963,0.014667423,-0.23914844,-0.01318076,0.5127698,0.7417716,0.91356635,0.8274548,-0.6118101,-0.6746245
0.31617963,0.15296046,0.20876822,0.026963301,0.15775597,0.23115747,0.20603126,0.17030005,0.23818171,0.25513655,0.2670032,0.07896265,0.28743708,0.67300534,0.82302517,0.27910998,0.3871665,0.42194432,0.60575783,0.5657806,0.77438676,-0.16400057,0.114737324,0.30591565,-0.18428269,-0.2712923,-0.61510324,-0.45260376,0.8934037,-0.13126943,-0.6399449,-0.49456227,0.05610454,0.4734254,-0.60670155,0.3009073,0.46159852,-0.40769684,-0.080194294,0.089312956,0.18228601,-0.4844401,-0.6535628,-0.68396676,-0.7029643,-0.6081199,-0.28263137,-0.47869864,0.21347876,0.3064689,0.48552644,0.29222888,0.39461273,0.09218663,0.15476605,0.2879653,0.28758708,0.16749573,0.22462857,0.013800602,-0.18828258,0.5153723,0.60063607,0.6895349,0.79462516,0.8435731,0.19387719,0.65194005,0.7062174,0.5147225,0.79512644,-0.21459407,0.49373966,0.119773634,0.4885223,-0.17984085,0.90345657,0.24603045,-0.62190396,0.08811399,0.53345114,0.35932365,-0.68902206,-0.70328796,-0.60361683,-0.25544983,0.5349175,-0.4470694,0.33938235,0.08667175,0.2803691,-0.22884937,-0.056119476,-0.4618351,-0.465325,-0.6738589,-0.5416854,-0.4295433,0.112244606,0.3133493
-0.6034937,-0.4947279,-0.57750034,-0.505063,-0.48170376,-0.6292962,-0.65436006,-0.46258247,-0.5766487,-0.4260344,-0.32790694,-0.06758164,0.27796793,0.22240007,0.13934876,-0.50442624,0.24507661,-0.39536914,-0.20644595,-0.48181963,0.031620115,0.6164228,0.67744434,0.013142143,-0.21451646,0.2541644,0.6674806,0.8337678,-0.13126943,0.93187636,0.26550648,-0.19828069,-0.22187725,-0.259337,0.52133876,-0.5835577,0.06328212,0.13977581,-0.21319461,-0.46134168,-0.21614107,0.26570705,0.417836,0.42596638,0.477315,0.7196682,0.7763655,0.79483795,-0.7243644,-0.6546557,-0.5277097,-0.6070533,-0.56364083,-0.4602484,-0.51683885,-0.701426,-0.5912969,-0.5081774,-0.39125276,-0.2700582,-0.3205659,-0.09824873,-0.07888113,-0.14654192,-0.26492172,0.062000755,-0.63903636,-0.2809177,-0.39833093,-0.5718739,-0.3475318,0.44239423,0.55508864,-0.44854164,-0.25663668,-0.2370806,-0.11372782,0.73628724,0.33976316,-0.42719716,-0.23517475,-0.36222225,0.46075073,0.38383287,0.6719225,0.3055681,-0.34688467,0.82619846,-0.63232994,-0.4525447,-0.28288913,-0.21133202,-0.32843405,-0.22680055,0.3078817,0.45807478,0.7460545,0.6898223,-0.68983144,-0.6481993
-0.49016774,-0.29024965,-0.32153514,-0.27926272,-0.2804945,-0.38846314,-0.43085372,-0.3590321,-0.40110636,-0.24959752,-0.093894556,0.12611122,-0.11022502,-0.3833138,-0.57831013,-0.52661014,-0.1658201,-0.49394703,-0.4052213,-0.5873233,-0.63697326,0.18799238,-0.050388977,-0.09950751,0.29300225,0.447465,0.64282405,0.54743594,-0.6399449,0.26550648,0.8569596,0.3342411,-0.36228895,-0.4605243,0.65684444,-0.4398849,-0.36795112,0.11518334,-0.25025725,-0.31014454,-0.3975236,0.5955341,0.66199833,0.7258405,0.74731284,0.5904293,0.33440757,0.45893854,-0.3505813,-0.4896106,-0.45118624,-0.47092676,-0.42735302,-0.2678303,-0.30710787,-0.4496662,-0.4487155,-0.3380766,-0.14086485,-0.18580353,-0.032420482,-0.4542848,-0.5838212,-0.5818876,-0.66103625,-0.628337,-0.38786125,-0.6353791,-0.7140192,-0.64393556,-0.7489143,0.1501472,-0.30064222,-0.34000462,-0.51674676,-0.027832784,-0.68150675,-0.08280948,0.77603424,0.016885927,-0.56390005,-0.50197387,0.7489345,0.6430671,0.6287563,0.09138198,-0.52681446,0.51456577,-0.5165923,-0.31452367,-0.15537356,0.2988063,-0.1778466,0.32256958,0.37691832,0.75357556,0.55579805,0.41191804,-0.3105538,-0.49794757
0.2915124,0.20900626,0.22310895,0.474208,0.1939281,0.15684684,0.30407703,0.30796272,0.14042535,0.26733467,0.044213176,0.0518996,0.012313424,-0.32852316,-0.4208107,0.27524263,-0.11667216,0.10483861,-0.21370196,-0.06929073,-0.26305586,0.10001221,-0.0152427675,-0.028716039,0.3871487,0.2132791,0.2549321,-0.03771519,-0.49456227,-0.19828069,0.3342411,0.82512856,0.41050926,0.047325075,0.33467135,0.0878924,-0.60796463,0.5604464,0.43370634,0.36048993,0.15700002,0.38473776,0.40655202,0.32500297,0.3622306,0.16247022,0.0015332717,0.093740955,-0.012683106,-0.11224182,-0.3825034,0.07946409,-0.30334154,0.3510853,0.17052217,0.038821325,0.09859516,0.1654784,-0.39070588,-0.043663315,0.18883204,-0.33817947,-0.46985492,-0.57702905,-0.5642694,-0.49166346,-0.1276384,-0.493492,-0.46294218,-0.070480645,-0.34731305,-0.15125069,-0.52643853,-0.19956654,-0.43963188,0.2826818,-0.5560229,-0.17508753,0.27965194,-0.1656713,-0.49883932,-0.38630727,0.27265584,0.33689457,0.11690837,-0.059069596,-0.5656974,0.002587396,0.021711934,-0.21774158,-0.46537104,-0.10567883,-0.13165085,0.45457834,0.040674344,0.25234187,0.05025929,-0.093470864,-0.091699556,-0.20287842
0.6531702,0.40149942,0.39506406,0.72903657,0.37827772,0.40656137,0.68455744,0.64661634,0.49154037,0.32379216,-0.10128765,-0.23116222,0.16607112,0.020286394,0.13265824,0.79387724,0.08321753,0.5772047,0.0595441,0.4503295,0.37507325,0.10957442,0.24062803,0.022744646,-0.103743,-0.2405245,-0.16419755,-0.34973526,0.05610454,-0.22187725,-0.36228895,0.41050926,0.9461873,0.48680055,-0.15540302,0.4688157,-0.18710023,0.6623657,0.83925843,0.693905,0.73701346,-0.16604415,-0.10874384,-0.20806019,-0.184323,-0.1548534,-0.112402156,-0.09525409,0.24826267,0.3503422,-0.15155032,0.42169893,-0.059024043,0.545449,0.37070984,0.34667236,0.4483338,0.46944222,-0.45771992,0.058755502,0.19974947,0.084672846,0.09105936,-0.09371203,-0.050926685,0.08353795,0.16108806,0.041794088,0.12922704,0.48853713,0.305754,-0.03349299,-0.11620178,0.11884992,0.02164463,0.29793945,0.058661595,0.07883412,-0.33245793,-0.3572606,0.009448585,0.13606572,-0.26083764,-0.080167264,-0.26735482,0.08279606,-0.09989078,-0.25678143,0.4656909,0.08462381,-0.5251159,-0.4959215,0.035618007,0.18303834,-0.14881982,-0.30058026,-0.23348993,-0.22127894,0.14528902,0.23641366
0.4626487,0.60434127,0.62358075,0.5479003,0.57741994,0.5871435,0.6453669,0.65563357,0.56623936,0.6173002,0.46641475,0.34924164,0.5556279,0.56382215,0.45191932,0.62576485,0.5849259,0.8317543,0.7447582,0.79178405,0.55358875,0.12571073,0.2478734,0.5919326,0.2261059,0.07448586,-0.30351752,-0.4960105,0.4734254,-0.259337,-0.4605243,0.047325075,0.48680055,0.92618805,-0.20456976,0.6449224,0.011544305,0.002604751,0.5019244,0.61132103,0.6112141,0.012436875,-0.19226883,-0.39392042,-0.3784315,-0.44069955,-0.13631454,-0.3446511,0.3973384,0.3898962,0.06664282,0.51039565,0.15936583,0.55130297,0.54915786,0.48799765,0.5357796,0.51552206,-0.36303896,-0.40125477,-0.42602652,-0.07843318,-0.02852127,0.0007623085,0.18841438,0.32925498,0.15075707,0.03843001,0.22243816,0.6037359,0.58496004,-0.50988424,-0.023325484,-0.21031106,-0.11906426,-0.31940013,0.4665345,0.05372636,-0.5951036,-0.21509613,-0.0856952,0.036762267,-0.52710956,-0.5440421,-0.5429652,-0.4853009,0.07509133,-0.4739367,0.56644225,-0.17803322,-0.2782394,-0.58846956,-0.3957092,-0.26982856,-0.6672425,-0.45875466,-0.4848892,-0.55805886,0.107460685,0.23212457
-0.5627521,-0.23634608,-0.27832657,-0.22912923,-0.25825268,-0.40120366,-0.4061618,-0.3008411,-0.48078197,-0.023947325,0.035347328,0.3494462,0.33980787,-0.0871636,-0.40587586,-0.4593872,0.24452138,-0.36865032,-0.21521357,-0.55792284,-0.46330065,0.69249284,0.41743433,0.23910241,0.40609756,0.735919,0.9126687,0.70327866,-0.60670155,0.52133876,0.65684444,0.33467135,-0.15540302,-0.20456976,0.9773075,-0.4861443,-0.27604997,0.33141,0.025226805,-0.06767782,-0.106659964,0.855537,0.9561403,0.84327173,0.8819803,0.7662456,0.7307209,0.75270903,-0.49127835,-0.6012751,-0.8352856,-0.5614731,-0.77800024,-0.26796144,-0.29756677,-0.570982,-0.5707339,-0.4139403,-0.58915615,-0.41103178,-0.35733575,-0.63829476,-0.7558206,-0.7822735,-0.83332086,-0.56035423,-0.6822051,-0.8502999,-0.9328031,-0.7296412,-0.78317046,0.08703551,-0.22924095,-0.62389624,-0.75095165,-0.25833395,-0.6422514,0.22928308,0.57932407,-0.49439484,-0.8194442,-0.72638345,0.71200967,0.56863403,0.66899586,-0.05017381,-0.6576159,0.7119576,-0.6190274,-0.63125896,-0.5531305,-0.20903301,-0.50863004,0.0058102114,0.20450963,0.81566465,0.6790782,0.44303635,-0.53922945,-0.6842685
