0,1,2,3,4,5,6,7,8,9,10,11,12,13,14,15,16,17,18,19,20,21,22,23,24,25,26,27,28,29,30,31,32,33,34,35,36,37,38,39,40,41,42,43,44,45,46,47,48,49,50,51,52,53,54,55,56,57,58,59,60,61,62,63,64,65,66,67,68,69,70,71,72,73,74,75,76,77,78,79,80,81,82,83,84,85,86,87,88,89,90,91,92,93,94,95,96,97,98,99
0.911914,-0.13508332,-0.17302,0.38222462,-0.34423667,-0.2546247,0.5833976,-0.18044682,-0.15890661,0.66094315,0.4686791,0.5207238,0.45008212,-0.71706665,-0.5474088,0.63478464,-0.33569503,-0.4817248,-0.49901426,0.22359124,-0.71709895,0.24473727,-0.7597096,0.16479114,0.6755198,0.50274926,-0.4893921,0.12708864,-0.43384582,-0.16651137,0.7568425,0.5250907,0.6512601,0.36628807,0.2753163,0.5134628,0.6479113,0.7180077,0.7368967,0.7361365,0.5997714,0.6156434,0.51993704,0.49743652,0.31236923,0.01820509,0.0876627,-0.70640343,-0.058534592,0.6795473,0.8756389,-0.07653319,0.65618736,0.24067286,-0.25694147,-0.18171945,-0.21880002,-0.19895884,0.6790446,0.5189427,0.58941317,0.46650606,-0.16998635,-0.61771524,-0.6423992,-0.5362978,0.6545396,-0.57195795,-0.5703094,-0.3592019,-0.6598224,0.39182264,-0.8103693,0.76065075,0.19162424,0.5667256,-0.32196096,0.115550846,0.7142993,0.6356881,0.2758659,0.47974616,0.3129019,0.39901376,-0.4468063,0.16645542,0.5880579,0.24022403,0.47752976,0.62752503,0.671458,0.7269771,0.7594468,0.6382755,0.5826309,0.4567728,-0.035472587,-0.57790357,-0.112823635,0.5533861
-0.13508332,0.94656944,0.90501314,-0.14980918,0.75579333,0.804706,0.37477446,0.9346481,0.86113477,-0.5930419,-0.40533352,-0.5728383,-0.4131313,0.48619628,0.16991392,0.2634318,0.5232837,0.73791707,0.6749269,0.30497122,0.6218581,-0.7126438,-0.066624224,-0.64554214,-0.61680853,-0.6898279,-0.5119229,-0.7350918,0.18750772,-0.72073007,0.02195571,-0.6528388,-0.4816841,-0.07023656,-0.68738407,0.35536933,-0.5826725,-0.4346702,-0.43369445,-0.51400304,-0.31285167,-0.69032514,-0.7366346,-0.59385103,-0.8507807,-0.8365493,-0.65460515,-0.12923022,0.8089017,-0.04815369,-0.065520614,0.90962106,0.32837003,0.28348243,0.8248307,0.7974979,0.930815,0.8784255,-0.49706843,-0.4394591,-0.5660322,-0.28130305,-0.1804123,0.4592418,0.6537956,0.31695145,-0.0048223184,0.6078468,0.23892123,0.7333486,0.63570166,-0.6724422,0.17287068,-0.43328834,-0.44881004,-0.6245448,-0.0545273,-0.7100347,-0.28825516,-0.4947033,-0.73967826,-0.49466258,-0.745382,-0.67378753,-0.50230557,-0.6718263,-0.5305606,-0.7684619,0.2914135,-0.63638794,-0.4486593,-0.44196647,-0.37969324,-0.67405665,-0.7261864,-0.7007263,-0.7963753,-0.31584516,0.7592294,0.23359933
-0.17302,0.90501314,0.9738563,-0.23807043,0.77617896,0.92165166,0.32195845,0.9435589,0.9471425,-0.5341586,-0.25787228,-0.47272637,-0.3139548,0.55533963,0.36247087,0.11325132,0.44320518,0.710868,0.6323428,0.25655463,0.65034103,-0.71692693,-0.0043747113,-0.5344955,-0.5629516,-0.62977487,-0.41716048,-0.5959704,0.38767305,-0.61709523,-0.03905014,-0.7172821,-0.62291133,-0.26557326,-0.76100814,0.3338784,-0.57142735,-0.5562094,-0.5383874,-0.58660984,-0.46795976,-0.67598724,-0.78448594,-0.46702415,-0.86365426,-0.8686303,-0.8002787,-0.102052614,0.89288956,-0.13963169,-0.10618934,0.94310135,0.23135531,0.24841428,0.93575966,0.92488134,0.92224526,0.9585407,-0.42507666,-0.30787936,-0.485905,-0.17478575,0.061483733,0.580243,0.73233896,0.4957995,-0.10515351,0.6487147,0.19138621,0.6586763,0.70654106,-0.6619156,0.27549368,-0.5098822,-0.3180244,-0.54906785,0.1896843,-0.5573139,-0.30540648,-0.59134144,-0.745515,-0.6521683,-0.80248713,-0.72569525,-0.4047507,-0.8011273,-0.50954217,-0.6524686,0.2694392,-0.72161937,-0.59560597,-0.55709255,-0.47485715,-0.68336594,-0.7514142,-0.58482313,-0.84188765,-0.35739714,0.8640795,0.14627878
0.38222462,-0.14980918,-0.23807043,0.8965335,0.04627129,-0.36890966,0.4562484,-0.15202382,-0.22200343,0.35724115,0.1681422,0.18634915,0.33737358,-0.45836192,-0.34591362,0.18847191,-0.25489923,-0.46655157,-0.35008508,0.6165742,-0.47153378,-0.114219144,-0.641784,-0.3070591,0.31029636,0.018342476,-0.47760814,-0.11352454,-0.3822755,-0.030015942,0.34551314,0.311685,0.49183285,0.19158813,0.0040918663,0.45881364,0.2132009,0.5387153,0.5634095,0.60750455,0.60944986,0.18338495,0.18814854,0.08254836,0.06124436,0.24502406,0.32044318,-0.17874876,-0.101745576,0.6874236,0.47581592,-0.22629055,0.44877994,0.717036,-0.3374107,-0.33918768,-0.14112708,-0.2559475,0.3424189,0.2204602,0.29536828,0.35848176,-0.110416785,-0.30920833,-0.3993186,-0.30349892,0.6380883,-0.40866354,-0.6027085,-0.34129688,-0.3663317,-0.040932793,-0.62077594,0.61206234,-0.3639415,0.0662324,-0.4108978,-0.026132576,0.24510269,0.44073558,-0.09703644,0.40243334,0.01819683,0.0010281391,-0.51269096,0.2696669,0.12627544,-0.090798266,0.41159594,0.47578323,0.50520873,0.5458402,0.56834537,0.18366599,0.2273251,0.11001819,0.23734587,-0.029805526,-0.15212753,0.60393953
-0.34423667,0.75579333,0.77617896,0.04627129,0.89511317,0.7022308,0.2700871,0.81171864,0.7569603,-0.6011518,-0.36888993,-0.5713784,-0.3195112,0.5828713,0.4008071,-0.089967996,0.40815818,0.59628594,0.61465704,0.47943628,0.6752376,-0.8309642,0.0050219717,-0.7270311,-0.6556889,-0.81091285,-0.39883327,-0.64730716,0.36192307,-0.48439282,-0.17884085,-0.7026334,-0.6020659,-0.3230657,-0.8212529,0.3123489,-0.7003083,-0.5366566,-0.5281739,-0.5372808,-0.3593434,-0.8094616,-0.8635128,-0.59203297,-0.89022523,-0.61833185,-0.5587251,0.15735877,0.74801004,-0.069112726,-0.22242843,0.71074176,0.1550366,0.47361827,0.7263497,0.6854991,0.8357458,0.7723465,-0.5195584,-0.40020168,-0.56188524,-0.18974447,0.073279485,0.65283275,0.75055987,0.54206055,-0.03607351,0.6396152,0.105505064,0.5523039,0.76226914,-0.81284976,0.3001096,-0.48351923,-0.5759734,-0.7364688,0.10817033,-0.5575208,-0.45467973,-0.5741214,-0.8601837,-0.59273934,-0.86700904,-0.8558754,-0.42908603,-0.643498,-0.6601656,-0.74542093,0.25744128,-0.6855243,-0.5776651,-0.5358521,-0.48052362,-0.82719004,-0.8365011,-0.6635456,-0.5711642,-0.044443708,0.7227371,0.21001537
-0.2546247,0.804706,0.92165166,-0.36890966,0.7022308,0.96426475,0.14817467,0.856943,0.9277841,-0.505145,-0.17845125,-0.39769664,-0.26352087,0.61792886,0.48599625,-0.031317737,0.39890307,0.68891513,0.6013866,0.085640326,0.6757066,-0.61733866,0.14209619,-0.37301302,-0.5264591,-0.5391809,-0.24001054,-0.44056672,0.4907925,-0.4583066,-0.14139386,-0.72256,-0.70450395,-0.36702818,-0.7069433,0.16875881,-0.5659461,-0.6509973,-0.62911296,-0.66439915,-0.6071706,-0.62793505,-0.75238836,-0.38788414,-0.79076475,-0.8153587,-0.82309747,-0.04608922,0.8249011,-0.30874997,-0.22003663,0.8767129,0.050727457,0.10332542,0.960919,0.94202864,0.8264253,0.9401231,-0.39543182,-0.23897266,-0.43220586,-0.14415252,0.20717359,0.63589674,0.7599231,0.5835165,-0.27336898,0.6628897,0.23722978,0.59411556,0.72987056,-0.58410776,0.40135032,-0.5993992,-0.16380917,-0.46693087,0.34493107,-0.40379113,-0.32812482,-0.6513834,-0.65846145,-0.73395056,-0.7505169,-0.6767553,-0.22589262,-0.82040334,-0.4977145,-0.5112843,0.11515917,-0.77278787,-0.692088,-0.6478399,-0.56848854,-0.6497662,-0.7194992,-0.49671572,-0.79505455,-0.33270052,0.81606704,-0.041966636
0.5833976,0.37477446,0.32195845,0.4562484,0.2700871,0.14817467,0.91706496,0.366864,0.29248893,0.10206346,0.02188318,-0.044480238,0.07195273,-0.33960083,-0.34366047,0.6104969,-0.0018809463,-0.028330956,-0.022673298,0.6981975,-0.20469257,-0.41757977,-0.78196955,-0.4643442,0.09704034,-0.18803594,-0.80611926,-0.4577467,-0.18885192,-0.6190032,0.5479889,-0.0074853157,0.24564937,0.20982575,-0.31379652,0.86134505,0.16704518,0.33507723,0.3652972,0.3543765,0.48107904,-0.055698253,-0.124002464,-0.0088172965,-0.2946905,-0.3598014,-0.1880331,-0.43196446,0.45299008,0.7656064,0.65526736,0.3608629,0.8880059,0.5687646,0.17187491,0.21615583,0.3681858,0.27231896,0.15836832,0.06509857,0.053122427,0.17002198,-0.28727973,-0.17662394,-0.10782036,-0.21573827,0.7816394,-0.088759914,-0.43653786,0.098100506,-0.091076754,-0.2409971,-0.6017606,0.42376322,-0.33951807,-0.09209162,-0.3329361,-0.42697042,0.27638996,0.19573075,-0.34893563,0.1733045,-0.2593094,-0.2160134,-0.78043765,-0.16817541,0.15754893,-0.39631337,0.8155734,0.18186562,0.3052649,0.35277295,0.4168043,-0.017981002,-0.06117291,-0.095292196,-0.3643514,-0.3904239,0.3860755,0.86171013
-0.18044682,0.9346481,0.9435589,-0.15202382,0.81171864,0.856943,0.366864,0.973355,0.9043606,-0.58568716,-0.34289062,-0.54333943,-0.36167452,0.53556776,0.2924928,0.16064864,0.49042737,0.7277489,0.66634476,0.3388204,0.6584363,-0.7636181,-0.047645766,-0.6343317,-0.61583865,-0.7044339,-0.4854484,-0.6912699,0.3221295,-0.6760519,-0.037882566,-0.7197564,-0.5803577,-0.2010782,-0.7694696,0.3813507,-0.60468817,-0.51835847,-0.5063467,-0.5616164,-0.38571757,-0.7266953,-0.80231285,-0.5488933,-0.8908067,-0.8448798,-0.7244457,-0.07420922,0.8732147,-0.0741604,-0.10005309,0.930766,0.28780875,0.31976792,0.87604797,0.856186,0.9617436,0.9180615,-0.48132187,-0.3852502,-0.5442871,-0.21997117,-0.04413282,0.5512996,0.71954626,0.43859708,-0.034733124,0.64903116,0.19780791,0.70365536,0.7093817,-0.7085767,0.241098,-0.48235464,-0.4225037,-0.62704545,0.08273731,-0.6479281,-0.33710137,-0.5726804,-0.78713965,-0.5887458,-0.81402755,-0.7468088,-0.47531933,-0.7402364,-0.54734164,-0.74129343,0.31254923,-0.6946267,-0.5482359,-0.52097046,-0.44474655,-0.7243917,-0.77767134,-0.6593081,-0.8056854,-0.3013601,0.83474445,0.22314742
-0.15890661,0.86113477,0.9471425,-0.22200343,0.7569603,0.9277841,0.29248893,0.9043606,0.9617132,-0.4825239,-0.19286494,-0.41380405,-0.24761865,0.5379642,0.38918108,0.07022546,0.3871227,0.6560341,0.5818827,0.2329076,0.6167797,-0.6966597,-0.0118542,-0.49170512,-0.50580263,-0.58796346,-0.39923358,-0.5347894,0.4055931,-0.5542736,-0.036588214,-0.6914587,-0.6203024,-0.3043569,-0.75409424,0.3101992,-0.5516407,-0.55085695,-0.530401,-0.56888926,-0.48109215,-0.6351954,-0.76365453,-0.41991127,-0.84174705,-0.839807,-0.80313003,-0.11461294,0.864879,-0.15243429,-0.10084233,0.9108251,0.1990076,0.2519953,0.941398,0.92369604,0.87756896,0.96161747,-0.3687297,-0.23896453,-0.4250653,-0.10995646,0.122551866,0.58005726,0.71432793,0.5097263,-0.11893211,0.6180693,0.13753785,0.59606165,0.691061,-0.641649,0.27373326,-0.4935469,-0.27656117,-0.49868345,0.23225799,-0.48904508,-0.2725982,-0.5789511,-0.7235225,-0.6660915,-0.79228574,-0.71547407,-0.38178343,-0.8075375,-0.49246478,-0.5934031,0.24965197,-0.70877236,-0.60053694,-0.547702,-0.4635222,-0.6527021,-0.7221134,-0.53080547,-0.81553704,-0.37376937,0.8400198,0.12554292
0.66094315,-0.5930419,-0.5341586,0.35724115,-0.6011518,-0.505145,0.10206346,-0.58568716,-0.4825239,0.95716447,0.8111393,0.8886235,0.77561224,-0.68619514,-0.3085838,0.16384466,-0.5534616,-0.769627,-0.7430775,-0.09265504,-0.83149976,0.5864972,-0.45322135,0.5759454,0.94140387,0.8161135,-0.023448862,0.61462265,-0.3190045,0.4257164,0.46785343,0.68717194,0.61896735,0.19100022,0.53601044,0.079982474,0.72692215,0.6585482,0.70277834,0.7574631,0.46073738,0.83928645,0.74109757,0.7545916,0.63017064,0.4116397,0.30771172,-0.4930488,-0.43325895,0.39328155,0.59029895,-0.4760966,0.15275589,0.052899927,-0.51552314,-0.4514187,-0.6331836,-0.52277184,0.9355934,0.8594326,0.9219289,0.72462046,0.22812907,-0.5831865,-0.75470376,-0.41292807,0.3426358,-0.7224463,-0.60558677,-0.71555316,-0.76510435,0.67299193,-0.6140828,0.73865247,0.5135702,0.8640506,-0.036418222,0.6341561,0.6460331,0.6531358,0.5770997,0.4719296,0.54684067,0.60933316,-0.0063130693,0.37193775,0.6556294,0.68172103,0.09211239,0.72864854,0.60556394,0.68300056,0.7054141,0.8212981,0.80901575,0.7810013,0.33956444,-0.3556317,-0.43556815,0.15355729
0.4686791,-0.40533352,-0.25787228,0.1681422,-0.36888993,-0.17845125,0.02188318,-0.34289062,-0.19286494,0.8111393,0.9357723,0.8841343,0.83172834,-0.36617494,0.061846815,-0.047826026,-0.4022678,-0.5428301,-0.53189653,-0.14269242,-0.5386249,0.425067,-0.2815568,0.57460845,0.796528,0.691813,0.025404464,0.6010977,0.02717842,0.42525324,0.27960646,0.36533356,0.23366085,-0.09128384,0.29162,0.05256237,0.51805526,0.30099794,0.38087216,0.44511554,0.12137064,0.6113115,0.46485215,0.72596276,0.38319784,0.17159879,-0.010436387,-0.43105513,-0.15396193,0.16769148,0.38534406,-0.22734836,0.007120713,0.042514123,-0.19073257,-0.12550497,-0.3999811,-0.2311787,0.84345764,0.9303452,0.8828349,0.816911,0.5365597,-0.22921757,-0.42026043,-0.040465742,0.11941366,-0.4291326,-0.49074218,-0.55468935,-0.43433464,0.5309256,-0.33911693,0.44389626,0.60069925,0.7691765,0.30223224,0.64799976,0.4360575,0.30540526,0.37376875,0.11127823,0.27321795,0.37011012,0.039596662,0.04652852,0.477236,0.6134568,0.061293393,0.4081675,0.22929981,0.33581537,0.40518987,0.5770023,0.5561039,0.7190368,0.09010486,-0.4333038,-0.13378525,0.02210507
0.5207238,-0.5728383,-0.47272637,0.18634915,-0.5713784,-0.39769664,-0.044480238,-0.54333943,-0.41380405,0.8886235,0.8841343,0.94402874,0.80981857,-0.5151079,-0.12404866,0.024845406,-0.45647585,-0.652859,-0.63569146,-0.24192506,-0.6837615,0.61912286,-0.27436143,0.6788468,0.88581425,0.8293422,0.10210472,0.67914605,-0.15993059,0.5004458,0.31393713,0.5511374,0.43217415,0.07792228,0.5164643,-0.045704238,0.63909745,0.47150546,0.537709,0.5877137,0.2643125,0.7734248,0.67256725,0.7669445,0.5865818,0.34925452,0.20175844,-0.44319904,-0.38398618,0.20225532,0.41937312,-0.422806,-0.013789292,-0.06506356,-0.41333157,-0.35055757,-0.5955292,-0.45044214,0.8922843,0.9069285,0.93131995,0.75952125,0.38943458,-0.43197048,-0.61619675,-0.24858013,0.14706829,-0.57976377,-0.45416713,-0.6366782,-0.6292486,0.6984991,-0.42788243,0.56774247,0.6554673,0.87633157,0.14664477,0.70015484,0.5226014,0.47800148,0.5711864,0.31887877,0.49446535,0.5804727,0.11815034,0.2742341,0.5844271,0.7199844,-0.02775011,0.5886793,0.4206906,0.4984104,0.5380996,0.7508256,0.74281263,0.78584576,0.27001968,-0.36205322,-0.36614603,-0.015590727
0.45008212,-0.4131313,-0.3139548,0.33737358,-0.3195112,-0.26352087,0.07195273,-0.36167452,-0.24761865,0.77561224,0.83172834,0.80981857,0.92614305,-0.41797358,-0.030958273,-0.027112974,-0.39437532,-0.57198185,-0.5423664,-0.011455368,-0.5742663,0.3799002,-0.3677218,0.43357438,0.7419834,0.6038389,-0.07135973,0.49460793,-0.09515758,0.38967723,0.28121123,0.36842552,0.31772232,0.011520086,0.302005,0.1043992,0.48499346,0.37132627,0.4635806,0.5201298,0.250262,0.566612,0.471987,0.6219245,0.36788595,0.23309413,0.11231671,-0.41181824,-0.2025111,0.2772817,0.39057937,-0.2830587,0.05932163,0.19002038,-0.26581788,-0.2193625,-0.4060334,-0.28910044,0.7966924,0.8464364,0.84064865,0.8919792,0.43270355,-0.29070997,-0.47573012,-0.12155392,0.21697405,-0.47906876,-0.53550184,-0.5453469,-0.47566807,0.47868276,-0.4376589,0.51706374,0.43063113,0.6718961,0.14389066,0.5556598,0.40088487,0.34254912,0.32493007,0.22322541,0.27287722,0.35722208,-0.069439806,0.16243033,0.43135157,0.5088781,0.10667136,0.47805148,0.321462,0.39905557,0.47749543,0.5468367,0.5506071,0.6308086,0.16379629,-0.35408348,-0.19343829,0.12091696
-0.71706665,0.48619628,0.55533963,-0.45836192,0.5828713,0.61792886,-0.33960083,0.53556776,0.5379642,-0.68619514,-0.36617494,-0.5151079,-0.41797358,0.8980631,0.6703856,-0.45423895,0.5330467,0.67698264,0.719342,-0.15517701,0.86751616,-0.45607877,0.615005,-0.25618964,-0.6972068,-0.59037733,0.2004233,-0.28540856,0.5605577,-0.08934515,-0.56245404,-0.7023441,-0.8143256,-0.5131361,-0.5590111,-0.29669452,-0.77733225,-0.79355574,-0.80906546,-0.83705914,-0.76007736,-0.7342758,-0.7453296,-0.51573867,-0.6364791,-0.43494314,-0.51673514,0.40735048,0.44731462,-0.6477772,-0.6780949,0.48053855,-0.4211834,-0.12419318,0.62982917,0.56946856,0.55885315,0.58332807,-0.6270789,-0.42323628,-0.57955396,-0.36493665,0.29193702,0.81401306,0.8669383,0.7109542,-0.61567175,0.80967236,0.578405,0.54993826,0.855507,-0.5339225,0.7939035,-0.8154272,-0.11863642,-0.5860574,0.42322826,-0.24348658,-0.6343359,-0.7422371,-0.53856194,-0.7566291,-0.633585,-0.6265701,0.19338328,-0.5877118,-0.70982516,-0.4076969,-0.31556988,-0.83578026,-0.8261912,-0.8003737,-0.7919215,-0.76019454,-0.74879813,-0.542303,-0.38868806,0.16539049,0.49078262,-0.42045346
-0.5474088,0.16991392,0.36247087,-0.34591362,0.4008071,0.48599625,-0.34366047,0.2924928,0.38918108,-0.3085838,0.061846815,-0.12404866,-0.030958273,0.6703856,0.92118216,-0.70333016,0.100236066,0.2892902,0.3031565,-0.12917617,0.5726582,-0.30018964,0.50852704,0.036275443,-0.3155946,-0.273881,0.34575263,0.12713678,0.78295314,0.24359973,-0.51117635,-0.5302866,-0.78945076,-0.7480415,-0.48946983,-0.25667334,-0.4646058,-0.7378157,-0.7124944,-0.6282565,-0.7451436,-0.43888238,-0.5652731,-0.058804497,-0.39509547,-0.21467927,-0.5018297,0.40475816,0.35774946,-0.57192713,-0.5321498,0.25396204,-0.50672084,-0.092883795,0.48334682,0.47302422,0.2777109,0.40704083,-0.25474516,0.0037505282,-0.19619626,0.012762729,0.71843785,0.7799194,0.6821965,0.88990855,-0.5412753,0.5374706,0.16065311,0.094153896,0.68196356,-0.3303476,0.7112041,-0.63246036,0.13236621,-0.24487072,0.78535914,0.190338,-0.437415,-0.6406417,-0.365144,-0.7675854,-0.49161816,-0.5068458,0.33693004,-0.5280425,-0.39647233,-0.009680822,-0.23222208,-0.6605909,-0.8137845,-0.71484536,-0.6782607,-0.5116613,-0.5154197,-0.08085734,-0.19329485,0.14150628,0.43844798,-0.42915094
0.63478464,0.2634318,0.11325132,0.18847191,-0.089967996,-0.031317737,0.6104969,0.16064864,0.07022546,0.16384466,-0.047826026,0.024845406,-0.027112974,-0.45423895,-0.70333016,0.91961896,0.1349825,0.03002049,-0.012714105,0.21631536,-0.32417268,0.019447079,-0.6097342,-0.20138153,0.17357491,0.09299967,-0.6351167,-0.3729563,-0.5696045,-0.58989537,0.62876946,0.22362655,0.5208881,0.61967075,0.15278098,0.5067227,0.30538967,0.5353697,0.5352931,0.42216453,0.54806435,0.21206889,0.24880505,-0.027747229,0.008352616,-0.28280577,0.033573963,-0.62942195,0.12062326,0.57517266,0.6335897,0.22976306,0.7418463,0.16331643,-0.025389437,0.0027565202,0.15151918,0.05826065,0.1879786,-0.011115367,0.09334575,0.015007263,-0.6353004,-0.532682,-0.3683052,-0.63104296,0.57316184,-0.23495427,-0.100131586,0.19915009,-0.3911212,0.1287634,-0.6610182,0.48387638,-0.11542304,0.11871776,-0.6337878,-0.42950237,0.42268556,0.40152693,0.0510972,0.45881453,0.14114267,0.23147719,-0.590593,0.10290107,0.27295256,-0.23921473,0.4479477,0.3746184,0.56915975,0.5224932,0.5514183,0.2921208,0.24569023,-0.08630212,-0.2935307,-0.4854222,0.028221574,0.57225335
-0.33569503,0.5232837,0.44320518,-0.25489923,0.40815818,0.39890307,-0.0018809463,0.49042737,0.3871227,-0.5534616,-0.4022678,-0.45647585,-0.39437532,0.5330467,0.100236066,0.1349825,0.8124358,0.6846072,0.7754272,-0.026479375,0.6212604,-0.30459526,0.24579445,-0.33277038,-0.58235717,-0.48606426,-0.1716425,-0.5267203,0.03967339,-0.38056466,-0.21240756,-0.48203367,-0.36321378,0.07920514,-0.28061208,-0.011447173,-0.5226859,-0.35639328,-0.34970027,-0.4771832,-0.23892981,-0.574014,-0.46538234,-0.5512934,-0.51372254,-0.46106976,-0.25317377,0.043557495,0.34557134,-0.21250027,-0.3254359,0.4508869,0.030383147,-0.042919002,0.41400352,0.35639954,0.53116655,0.4292546,-0.4970494,-0.43800122,-0.481113,-0.3386014,-0.20864832,0.3631877,0.5296552,0.1637056,-0.18708903,0.6218266,0.60048676,0.68400645,0.5132443,-0.32699424,0.315811,-0.41637707,-0.16591279,-0.4872411,-0.1293619,-0.51371396,-0.41041172,-0.4074235,-0.37262455,-0.25828564,-0.3942877,-0.33065915,-0.16301937,-0.28724936,-0.46889508,-0.5621531,-0.04116773,-0.4422592,-0.3233421,-0.37100387,-0.33791715,-0.5126709,-0.4909858,-0.59821796,-0.41260344,-0.023238374,0.32534313,-0.03187368
-0.4817248,0.73791707,0.710868,-0.46655157,0.59628594,0.68891513,-0.028330956,0.7277489,0.6560341,-0.769627,-0.5428301,-0.652859,-0.57198185,0.67698264,0.2892902,0.03002049,0.6846072,0.9186948,0.8135724,-0.042378128,0.8158294,-0.5046997,0.35754496,-0.43990442,-0.7834816,-0.65575624,-0.116046086,-0.59930646,0.29204214,-0.5076976,-0.33094484,-0.7298646,-0.62986284,-0.09649919,-0.50120044,-0.016453221,-0.6546755,-0.646338,-0.64865375,-0.7519214,-0.49373406,-0.75303113,-0.6931267,-0.6534395,-0.6834967,-0.659479,-0.49103835,0.16217357,0.5785648,-0.39053005,-0.46434587,0.69451624,-0.04604593,-0.10115391,0.6984745,0.64661604,0.74796414,0.6935636,-0.7045363,-0.6013925,-0.69810957,-0.49485075,-0.16566284,0.5447283,0.74445367,0.37960148,-0.34559214,0.7539284,0.6541065,0.8578424,0.7331425,-0.5315169,0.5187769,-0.6940105,-0.2635151,-0.6596439,0.06473426,-0.6161286,-0.54088175,-0.6750629,-0.53662896,-0.5022621,-0.56526697,-0.5294541,-0.10360657,-0.51084936,-0.5744587,-0.64671737,-0.048410363,-0.7242929,-0.5979069,-0.66458774,-0.62380993,-0.7205771,-0.73390704,-0.72255766,-0.60706735,-0.008808046,0.56707186,-0.1335779
-0.49901426,0.6749269,0.6323428,-0.35008508,0.61465704,0.6013866,-0.022673298,0.66634476,0.5818827,-0.7430775,-0.53189653,-0.63569146,-0.5423664,0.719342,0.3031565,-0.012714105,0.7754272,0.8135724,0.89391714,0.025073817,0.8123577,-0.5161413,0.35326904,-0.4702137,-0.7673677,-0.68321335,-0.1369099,-0.60500896,0.24989682,-0.44315636,-0.3284309,-0.67587996,-0.59450626,-0.13250323,-0.51895165,-0.018917697,-0.70886093,-0.5787198,-0.59009635,-0.6917225,-0.45363948,-0.7702981,-0.7053946,-0.67378795,-0.699727,-0.583226,-0.44311443,0.1892764,0.52279365,-0.34516174,-0.45235956,0.6121577,-0.044517152,-0.012897009,0.62041956,0.5586438,0.7044022,0.62310994,-0.6810347,-0.57926,-0.67305744,-0.46484154,-0.11910103,0.5910259,0.75638485,0.39528096,-0.3092394,0.7884425,0.6338493,0.7735206,0.74242944,-0.55079955,0.5081052,-0.63351166,-0.29387978,-0.6787544,0.035257958,-0.5864301,-0.550486,-0.6082811,-0.5767982,-0.5000671,-0.6041587,-0.5694413,-0.12884894,-0.49144584,-0.6391776,-0.6688181,-0.05441843,-0.6901376,-0.5664959,-0.59781873,-0.5697653,-0.7381217,-0.7318909,-0.72626877,-0.5240788,0.036086984,0.51882875,-0.09627357
0.22359124,0.30497122,0.25655463,0.6165742,0.47943628,0.085640326,0.6981975,0.3388204,0.2329076,-0.09265504,-0.14269242,-0.24192506,-0.011455368,-0.15517701,-0.12917617,0.21631536,-0.026479375,-0.042378128,0.025073817,0.9329194,-0.03726277,-0.6325008,-0.6184317,-0.6794505,-0.12457007,-0.46523654,-0.6663025,-0.505618,-0.03506069,-0.44368201,0.23328103,-0.14577706,0.06663473,-0.009866783,-0.5001912,0.76788986,-0.07269664,0.14850804,0.17280494,0.21431538,0.39605337,-0.31571576,-0.35248756,-0.19314043,-0.41146544,-0.1778034,-0.07048076,-0.02233728,0.4065072,0.67927605,0.3577971,0.22857802,0.63234663,0.7481395,0.12672347,0.12817526,0.36076313,0.2180799,-0.057879716,-0.10785281,-0.13074508,0.08234529,-0.14858925,0.06734313,0.07523936,0.014334222,0.6872187,0.023273895,-0.45913267,0.04357744,0.11877482,-0.5066042,-0.37879825,0.26211405,-0.6179502,-0.38314265,-0.24468695,-0.41938865,-0.02519401,0.03121097,-0.5413593,0.059118878,-0.42586008,-0.47444868,-0.67739606,-0.122520134,-0.080912456,-0.51176655,0.73117906,0.03704551,0.116529316,0.1645137,0.21409383,-0.30730358,-0.2946462,-0.23850471,-0.15040147,0.0035065915,0.36626804,0.7971204
-0.71709895,0.6218581,0.65034103,-0.47153378,0.6752376,0.6757066,-0.20469257,0.6584363,0.6167797,-0.83149976,-0.5386249,-0.6837615,-0.5742663,0.86751616,0.5726582,-0.32417268,0.6212604,0.8158294,0.8123577,-0.03726277,0.9503938,-0.57606333,0.555141,-0.42707634,-0.8491227,-0.7337421,0.08804976,-0.4731654,0.5255546,-0.28504568,-0.5525743,-0.79770124,-0.8253911,-0.39143103,-0.620128,-0.16005611,-0.8013365,-0.81893027,-0.8318653,-0.877299,-0.68485713,-0.85651517,-0.82903254,-0.6459924,-0.7181672,-0.5251496,-0.51580286,0.44371164,0.54591656,-0.5594267,-0.66891414,0.5831125,-0.28510442,-0.08704856,0.68462634,0.6265316,0.68312013,0.6548488,-0.7740048,-0.60112846,-0.74261916,-0.50550866,0.122445814,0.7967589,0.9076481,0.65359294,-0.5087853,0.860897,0.62931466,0.7045536,0.90891135,-0.63612974,0.7552131,-0.84187174,-0.2809498,-0.73947835,0.31836733,-0.45263952,-0.69838834,-0.79816544,-0.612653,-0.70128274,-0.67048454,-0.68031573,0.08623688,-0.5728766,-0.7146132,-0.5770988,-0.16937152,-0.8641406,-0.8073173,-0.82715374,-0.8088615,-0.86073005,-0.85452527,-0.68597233,-0.46555418,0.20355102,0.5759561,-0.29585275
0.24473727,-0.7126438,-0.71692693,-0.114219144,-0.8309642,-0.61733866,-0.41757977,-0.7636181,-0.6966597,0.5864972,0.425067,0.61912286,0.3799002,-0.45607877,-0.30018964,0.019447079,-0.30459526,-0.5046997,-0.5161413,-0.6325008,-0.57606333,0.92738724,0.11741872,0.79602855,0.62978774,0.8343956,0.46702838,0.6891483,-0.33742893,0.5691758,0.090650946,0.631599,0.5103684,0.3101191,0.86373067,-0.4681436,0.58538306,0.44439086,0.4545797,0.44047517,0.2370891,0.7748362,0.84598726,0.5556398,0.8365183,0.5729166,0.5176777,-0.17612045,-0.7406343,-0.09080869,0.1067401,-0.64966565,-0.2914467,-0.5163122,-0.6472806,-0.6181278,-0.786893,-0.7039199,0.5213256,0.44652343,0.5888096,0.25455183,0.027950931,-0.5741533,-0.6744399,-0.4634086,-0.12736315,-0.5540029,0.017230254,-0.47802547,-0.69009995,0.86947596,-0.19421273,0.39217386,0.6737492,0.7601506,-0.04944189,0.6154353,0.3831313,0.4881305,0.8536446,0.50784403,0.82743895,0.8715309,0.4878794,0.590461,0.53791153,0.7642801,-0.42363274,0.60743475,0.48804277,0.44447958,0.4055325,0.79610777,0.8186226,0.63165694,0.521074,-0.0005904394,-0.71667475,-0.36315116
-0.7597096,-0.066624224,-0.0043747113,-0.641784,0.0050219717,0.14209619,-0.78196955,-0.047645766,-0.0118542,-0.45322135,-0.2815568,-0.27436143,-0.3677218,0.615005,0.50852704,-0.6097342,0.24579445,0.35754496,0.35326904,-0.6184317,0.555141,0.11741872,0.9427522,0.25340325,-0.43054596,-0.12190434,0.7492044,0.2077918,0.41584396,0.36174744,-0.69067377,-0.30178404,-0.5458327,-0.3483202,0.017088534,-0.76113224,-0.42218783,-0.6179155,-0.6546314,-0.66523397,-0.67697346,-0.28916544,-0.22649911,-0.2183946,-0.012240688,0.08937435,-0.06522584,0.5738513,-0.14491953,-0.86456007,-0.8142512,-0.06725021,-0.8014216,-0.6066624,0.12826352,0.07795097,-0.037334464,0.035021793,-0.4775102,-0.33304298,-0.3767146,-0.42829737,0.26027492,0.46343803,0.45941278,0.43698627,-0.8339975,0.44354278,0.66793394,0.21045819,0.4526106,-0.03823723,0.8514446,-0.70783454,0.23056875,-0.21543565,0.43878496,0.16082671,-0.5087166,-0.4853289,0.07868829,-0.42053583,-0.019937806,-0.072123036,0.7396103,-0.098156616,-0.36706775,0.12383376,-0.7140038,-0.501843,-0.587776,-0.62646115,-0.69058776,-0.31436002,-0.2840572,-0.16889577,0.116236806,0.4540167,-0.07173448,-0.8270457
0.16479114,-0.64554214,-0.5344955,-0.3070591,-0.7270311,-0.37301302,-0.4643442,-0.6343317,-0.49170512,0.5759454,0.57460845,0.6788468,0.43357438,-0.25618964,0.036275443,-0.20138153,-0.33277038,-0.43990442,-0.4702137,-0.6794505,-0.42707634,0.79602855,0.25340325,0.9269124,0.62363386,0.82859087,0.58486986,0.8274822,0.022934875,0.64598453,-0.022461567,0.46297997,0.21233995,-0.030304236,0.643713,-0.4852742,0.51776934,0.19498383,0.21321715,0.24658556,-0.05682975,0.699708,0.65441567,0.6778927,0.7073466,0.43852973,0.22034492,-0.1070904,-0.5295279,-0.26653567,0.021530993,-0.49944037,-0.4186234,-0.59058356,-0.41367793,-0.35959175,-0.67854035,-0.49914676,0.5374258,0.569522,0.6115614,0.33504957,0.37082207,-0.29808336,-0.44779497,-0.12385288,-0.28917557,-0.38232958,-0.0029861974,-0.49843878,-0.471699,0.7773059,0.021245506,0.1965023,0.83268017,0.7838273,0.3431099,0.7659303,0.30770314,0.2770437,0.74001664,0.1849677,0.6373406,0.6808769,0.6071845,0.31480157,0.50591516,0.85617745,-0.42369035,0.37412107,0.18445271,0.20656052,0.18528977,0.67335635,0.66385984,0.7231817,0.37297517,-0.067476004,-0.46837503,-0.4836647
0.6755198,-0.61680853,-0.5629516,0.31029636,-0.6556889,-0.5264591,0.09704034,-0.61583865,-0.50580263,0.94140387,0.796528,0.88581425,0.7419834,-0.6972068,-0.3155946,0.17357491,-0.58235717,-0.7834816,-0.7673677,-0.12457007,-0.8491227,0.62978774,-0.43054596,0.62363386,0.95917004,0.85967976,0.021097653,0.65346956,-0.31224975,0.4336561,0.47675228,0.7156783,0.6332613,0.18973859,0.57158124,0.065335676,0.76435816,0.66782373,0.702536,0.76177263,0.45279703,0.87988746,0.77684736,0.7977085,0.6752857,0.43710887,0.31855255,-0.48764753,-0.45120013,0.3793401,0.59940594,-0.49868584,0.1471341,-0.001188688,-0.53943264,-0.4671169,-0.66270924,-0.5468807,0.9218081,0.83826584,0.9100476,0.68780494,0.22248673,-0.60532904,-0.7793031,-0.4223966,0.3325668,-0.74159026,-0.5958411,-0.73788655,-0.7922439,0.7124523,-0.6060381,0.73617285,0.54983395,0.8945129,-0.022956412,0.65727913,0.6791018,0.6772374,0.6182002,0.48384553,0.59282446,0.6478921,0.03821089,0.38655013,0.6976481,0.724821,0.07547148,0.7380222,0.6170093,0.6892997,0.7008792,0.86126244,0.83996546,0.81704164,0.35606915,-0.34770137,-0.45448223,0.12750913
0.50274926,-0.6898279,-0.62977487,0.018342476,-0.81091285,-0.5391809,-0.18803594,-0.7044339,-0.58796346,0.8161135,0.691813,0.8293422,0.6038389,-0.59037733,-0.273881,0.09299967,-0.48606426,-0.65575624,-0.68321335,-0.46523654,-0.7337421,0.8343956,-0.12190434,0.82859087,0.85967976,0.9662105,0.2940055,0.7661103,-0.27328098,0.5396946,0.30059257,0.69141525,0.551105,0.21635616,0.74729127,-0.22941545,0.73733664,0.5372751,0.55998045,0.5898361,0.2927552,0.9076997,0.8570111,0.77613103,0.8017317,0.48690164,0.3631583,-0.37800378,-0.5881144,0.099099785,0.37278962,-0.5622181,-0.104522176,-0.34357,-0.5693187,-0.50476265,-0.75102365,-0.61368114,0.7755493,0.71813333,0.809962,0.50974905,0.1819044,-0.6032102,-0.74279636,-0.42307502,0.057485264,-0.6670495,-0.28795317,-0.63616025,-0.76491535,0.8657898,-0.37630683,0.54778636,0.7400639,0.94126666,0.05090334,0.7193639,0.5840007,0.5759665,0.79896957,0.463589,0.7482566,0.813725,0.32253492,0.45991933,0.6854209,0.8443179,-0.19104782,0.6711705,0.5260479,0.5487108,0.5354552,0.9020063,0.8850892,0.8174741,0.4156734,-0.23820405,-0.57086146,-0.16842596
-0.4893921,-0.5119229,-0.41716048,-0.47760814,-0.39883327,-0.24001054,-0.80611926,-0.4854484,-0.39923358,-0.023448862,0.025404464,0.10210472,-0.07135973,0.2004233,0.34575263,-0.6351167,-0.1716425,-0.116046086,-0.1369099,-0.6663025,0.08804976,0.46702838,0.7492044,0.58486986,0.021097653,0.2940055,0.9667528,0.6069058,0.2904501,0.6672977,-0.54286206,0.10155614,-0.20433873,-0.29423594,0.34408385,-0.77963924,0.015396926,-0.28443027,-0.3191509,-0.26358125,-0.41415712,0.1699157,0.20203182,0.19625404,0.4415869,0.47623903,0.22475138,0.51869285,-0.49396402,-0.6780615,-0.5756936,-0.47077215,-0.8189758,-0.6697788,-0.26868495,-0.28336695,-0.48844016,-0.37327105,-0.091567785,-0.0018982863,0.009483313,-0.18509053,0.32682937,0.117172986,0.013625759,0.21234131,-0.66701114,-0.005592937,0.34029874,-0.2492201,0.014927737,0.32274485,0.58855957,-0.34543005,0.43955448,0.19355187,0.4611869,0.5478574,-0.20978922,-0.13334334,0.45588553,-0.11538543,0.37645262,0.29016775,0.94769204,0.23611581,0.046438012,0.55925226,-0.6930979,-0.08513804,-0.25823143,-0.28740084,-0.3714428,0.12663227,0.15747932,0.2850236,0.47857618,0.4966404,-0.39957199,-0.8017355
0.12708864,-0.7350918,-0.5959704,-0.11352454,-0.64730716,-0.44056672,-0.4577467,-0.6912699,-0.5347894,0.61462265,0.6010977,0.67914605,0.49460793,-0.28540856,0.12713678,-0.3729563,-0.5267203,-0.59930646,-0.60500896,-0.505618,-0.4731654,0.6891483,0.2077918,0.8274822,0.65346956,0.7661103,0.6069058,0.9559501,0.08931349,0.7907254,-0.054637425,0.50057286,0.21288867,-0.17211393,0.5390482,-0.45224226,0.5019836,0.19607635,0.20405474,0.29792356,-0.038906977,0.6817444,0.59632885,0.7148281,0.699881,0.57401466,0.2752508,0.023599103,-0.5624143,-0.21012954,0.02098844,-0.6007078,-0.45847815,-0.41092938,-0.46818346,-0.42326614,-0.7326857,-0.5485318,0.5638182,0.6065643,0.6290085,0.3886093,0.49510327,-0.24288964,-0.44771415,-0.034000784,-0.23951906,-0.46050355,-0.21299645,-0.6851004,-0.4553402,0.65263975,0.023409454,0.226717,0.6870215,0.7311077,0.40599263,0.9039502,0.30275655,0.3065865,0.6664231,0.15334821,0.5729079,0.5582428,0.61920905,0.32711768,0.47739774,0.93062216,-0.39294928,0.37781817,0.16111177,0.21314363,0.17450804,0.6212412,0.62176704,0.78219235,0.5183095,0.06102483,-0.49269217,-0.44736987
-0.43384582,0.18750772,0.38767305,-0.3822755,0.36192307,0.4907925,-0.18885192,0.3221295,0.4055931,-0.3190045,0.02717842,-0.15993059,-0.09515758,0.5605577,0.78295314,-0.5696045,0.03967339,0.29204214,0.24989682,-0.03506069,0.5255546,-0.33742893,0.41584396,0.022934875,-0.31224975,-0.27328098,0.2904501,0.08931349,0.8738875,0.11279853,-0.44748297,-0.53100634,-0.76231515,-0.6894007,-0.50469935,-0.08381064,-0.32736462,-0.7120341,-0.683151,-0.587097,-0.64344287,-0.42126453,-0.5574057,0.011565998,-0.35383672,-0.24005705,-0.5037148,0.4029144,0.42628998,-0.43464363,-0.43091792,0.28848097,-0.35095102,-0.13402915,0.4851607,0.5035274,0.3082886,0.425582,-0.26997757,-0.033812918,-0.2281795,-0.052646488,0.6000078,0.6980519,0.636151,0.7989022,-0.39336026,0.49220902,0.119300395,0.109947555,0.6485946,-0.3335121,0.6379644,-0.5917734,0.116716854,-0.24607372,0.79674214,0.12474026,-0.39658564,-0.62845445,-0.34597728,-0.68621206,-0.44416237,-0.48871905,0.30015826,-0.50326735,-0.22917861,-0.024790755,-0.035634395,-0.61487085,-0.76469755,-0.6835836,-0.64914656,-0.49159592,-0.5129767,-0.035604686,-0.22888073,0.15372458,0.5127027,-0.28362077
-0.16651137,-0.72073007,-0.61709523,-0.030015942,-0.48439282,-0.4583066,-0.6190032,-0.6760519,-0.5542736,0.4257164,0.42525324,0.5004458,0.38967723,-0.08934515,0.24359973,-0.58989537,-0.38056466,-0.5076976,-0.44315636,-0.44368201,-0.28504568,0.5691758,0.36174744,0.64598453,0.4336561,0.5396946,0.6672977,0.7907254,0.11279853,0.9012645,-0.27224386,0.37591678,0.09250366,-0.24515088,0.44727343,-0.5944725,0.23414078,0.068197176,0.0746302,0.16292475,-0.11969431,0.4575786,0.43597436,0.4623994,0.5709616,0.6536374,0.3521862,0.24849133,-0.6080178,-0.3336668,-0.22863594,-0.6535506,-0.63268566,-0.3024258,-0.472737,-0.47397274,-0.6862313,-0.5540794,0.3613382,0.43371755,0.45263416,0.28947115,0.51787865,-0.061655063,-0.28489044,0.08948508,-0.36421943,-0.3050462,-0.08139062,-0.593588,-0.27381772,0.47909623,0.19016108,0.08523297,0.49045947,0.48610732,0.37376413,0.80723894,0.060760427,0.17985503,0.5200884,0.07261214,0.44117516,0.40188766,0.64866567,0.3457914,0.20378368,0.7387707,-0.5329197,0.253885,0.042610805,0.08177711,0.030099202,0.40015006,0.44071785,0.56300557,0.61735606,0.29477105,-0.5311779,-0.53506374
0.7568425,0.02195571,-0.03905014,0.34551314,-0.17884085,-0.14139386,0.5479889,-0.037882566,-0.036588214,0.46785343,0.27960646,0.31393713,0.28121123,-0.56245404,-0.51117635,0.62876946,-0.21240756,-0.33094484,-0.3284309,0.23328103,-0.5525743,0.090650946,-0.69067377,-0.022461567,0.47675228,0.30059257,-0.54286206,-0.054637425,-0.44748297,-0.27224386,0.84540063,0.4151239,0.5832219,0.32548118,0.13742031,0.45522842,0.4328649,0.6327113,0.62128234,0.59765106,0.49165583,0.44989294,0.35932666,0.27614704,0.13650392,-0.09571667,-0.002722981,-0.66731113,0.022752482,0.57725215,0.7886244,0.049100474,0.6304051,0.2816542,-0.13191177,-0.07977596,-0.06569503,-0.06757722,0.48786715,0.32691786,0.38541818,0.3104962,-0.23429279,-0.49179298,-0.48525274,-0.47171468,0.5595842,-0.41349548,-0.46799558,-0.220596,-0.5185907,0.19557035,-0.7218989,0.62909544,0.013441559,0.3553915,-0.3910514,-0.056451973,0.7170163,0.5524502,0.09974502,0.3566984,0.15750082,0.23657541,-0.5121845,0.04278768,0.37244356,0.043917764,0.38759694,0.46051702,0.5858861,0.6361926,0.6490059,0.46751824,0.40601736,0.23400424,-0.12675107,-0.5748993,-0.04353545,0.50449085
0.5250907,-0.6528388,-0.7172821,0.311685,-0.7026334,-0.72256,-0.0074853157,-0.7197564,-0.6914587,0.68717194,0.36533356,0.5511374,0.36842552,-0.7023441,-0.5302866,0.22362655,-0.48203367,-0.7298646,-0.67587996,-0.14577706,-0.79770124,0.631599,-0.30178404,0.46297997,0.7156783,0.69141525,0.10155614,0.50057286,-0.53100634,0.37591678,0.4151239,0.8908986,0.7851947,0.33728907,0.65411365,-0.08759388,0.65051115,0.7905491,0.72863626,0.755027,0.54922754,0.8052864,0.80064094,0.51352006,0.7313242,0.5910039,0.5528189,-0.2851714,-0.66469204,0.34260976,0.49566215,-0.64719844,0.103056565,-0.08798897,-0.72982347,-0.69523656,-0.73268074,-0.7125895,0.6154264,0.4275711,0.59130347,0.28171968,-0.13529857,-0.700873,-0.8169688,-0.61694753,0.30301923,-0.7334776,-0.3834739,-0.6483898,-0.8282648,0.6269958,-0.5501559,0.7065414,0.3020496,0.6577053,-0.31748998,0.46477425,0.6048068,0.85922813,0.65172136,0.63767296,0.69114923,0.6842574,0.11657757,0.58529633,0.56629336,0.59089744,-0.08125514,0.7707078,0.7483731,0.78883356,0.6925647,0.80439,0.8061645,0.5869057,0.5506046,-0.056714736,-0.68108237,0.06996433
0.6512601,-0.4816841,-0.62291133,0.49183285,-0.6020659,-0.70450395,0.24564937,-0.5803577,-0.6203024,0.61896735,0.23366085,0.43217415,0.31772232,-0.8143256,-0.78945076,0.5208881,-0.36321378,-0.62986284,-0.59450626,0.06663473,-0.8253911,0.5103684,-0.5458327,0.21233995,0.6332613,0.551105,-0.20433873,0.21288867,-0.76231515,0.09250366,0.5832219,0.7851947,0.94936293,0.6266771,0.6411276,0.16754124,0.653844,0.91227674,0.89823985,0.8653799,0.8087397,0.7112561,0.7823882,0.35753793,0.6337966,0.4857372,0.6267995,-0.42198274,-0.57395947,0.60558116,0.6483991,-0.52614963,0.3912922,0.09993704,-0.701044,-0.6803957,-0.58249927,-0.64580584,0.5542621,0.30434808,0.5087526,0.25040692,-0.43006006,-0.8369924,-0.8744972,-0.82999444,0.5615151,-0.75232637,-0.39843196,-0.47151113,-0.8766577,0.54958713,-0.7825823,0.8508422,0.085048445,0.52381957,-0.6300199,0.17628759,0.6321928,0.8476491,0.56467044,0.8326628,0.6564774,0.6659108,-0.19264734,0.65436506,0.568415,0.33517903,0.15794489,0.8748739,0.9408491,0.90350354,0.86457515,0.7594794,0.7712827,0.40822658,0.44879895,-0.12919812,-0.6308297,0.3691848
0.36628807,-0.07023656,-0.26557326,0.19158813,-0.3230657,-0.36702818,0.20982575,-0.2010782,-0.3043569,0.19100022,-0.09128384,0.07792228,0.011520086,-0.5131361,-0.7480415,0.61967075,0.07920514,-0.09649919,-0.13250323,-0.009866783,-0.39143103,0.3101191,-0.3483202,-0.030304236,0.18973859,0.21635616,-0.29423594,-0.17211393,-0.6894007,-0.24515088,0.32548118,0.33728907,0.6266771,0.82767785,0.4967547,0.15156929,0.3550244,0.54353184,0.5634643,0.44356424,0.6197595,0.30706573,0.48385954,-0.048492722,0.33005476,0.11607808,0.46543682,-0.357443,-0.3128516,0.40556824,0.3225641,-0.15612191,0.3811671,-0.011747528,-0.3531835,-0.37175944,-0.1898209,-0.3028219,0.15457898,-0.051459417,0.13713214,-0.020304859,-0.65783906,-0.66756713,-0.54855454,-0.76342124,0.37714726,-0.3764342,0.06424412,0.09034248,-0.5408475,0.33010554,-0.540154,0.46461058,-0.06374468,0.16973,-0.6980836,-0.2381888,0.24184318,0.42450827,0.35369393,0.711733,0.45702773,0.49581826,-0.25929317,0.51020116,0.30660027,-0.047075227,0.122934945,0.54239386,0.6698686,0.5182692,0.52950287,0.399561,0.41778877,-0.02910516,0.11401006,-0.108435705,-0.38242295,0.30259335
0.2753163,-0.68738407,-0.76100814,0.0040918663,-0.8212529,-0.7069433,-0.31379652,-0.7694696,-0.75409424,0.53601044,0.29162,0.5164643,0.302005,-0.5590111,-0.48946983,0.15278098,-0.28061208,-0.50120044,-0.51895165,-0.5001912,-0.620128,0.86373067,0.017088534,0.643713,0.57158124,0.74729127,0.34408385,0.5390482,-0.50469935,0.44727343,0.13742031,0.65411365,0.6411276,0.4967547,0.9264671,-0.36153346,0.6155692,0.5418376,0.55248594,0.52371484,0.42196816,0.7443452,0.8811517,0.44273174,0.8575256,0.6105583,0.66657555,-0.17752863,-0.78908217,0.061328806,0.15158185,-0.6798088,-0.16017076,-0.43517196,-0.72726476,-0.7157134,-0.77817917,-0.76018775,0.45258826,0.3200944,0.50788033,0.1754298,-0.20870428,-0.70818746,-0.7608844,-0.63543975,0.020098483,-0.62356365,0.017465932,-0.42311624,-0.7648098,0.82159823,-0.31303638,0.47555757,0.49341983,0.65588677,-0.26886272,0.45592016,0.3695202,0.5479282,0.8545798,0.69061506,0.8853896,0.9034065,0.37366456,0.73943055,0.5644746,0.6400949,-0.32449755,0.7075481,0.6292387,0.5329349,0.49487716,0.78722596,0.82106066,0.53329223,0.5748826,0.07443069,-0.7845843,-0.21319692
