0,1,2,3,4,5,6,7,8,9,10,11,12,13,14,15,16,17,18,19,20,21,22,23,24,25,26,27,28,29,30,31,32,33,34,35,36,37,38,39,40,41,42,43,44,45,46,47,48,49,50,51,52,53,54,55,56,57,58,59,60,61,62,63,64,65,66,67,68,69,70,71,72,73,74,75,76,77,78,79,80,81,82,83,84,85,86,87,88,89,90,91,92,93,94,95,96,97,98,99
0.9445772,0.84960973,0.8174722,0.6351167,-0.12392106,0.78456175,0.7747869,0.3236095,0.51550037,0.57822454,0.8420107,0.8140394,0.35396555,-0.36186683,0.26274014,0.8222878,-0.3241877,-0.00026020082,-0.3304442,0.093492836,-0.03170947,0.38855776,0.079661265,-0.30336246,0.8180844,0.7861554,-0.6259189,0.02300116,0.53186417,0.30524692,-0.4936424,0.5100799,0.8053146,-0.0590438,0.43965107,0.35662067,0.53952944,0.8669694,0.743762,0.6642023,-0.18338615,0.06604301,0.8186244,-0.015419411,-0.055800155,-0.41741702,0.14720803,-0.052463256,0.72522014,0.35963428,-0.65061927,0.18432395,-0.6264343,-0.24125397,0.29538837,0.04821106,-0.059898112,0.47547865,0.46880025,0.48338324,0.094191164,0.66348994,0.2186347,-0.14355384,-0.21464804,-0.4527409,0.008145513,0.5617627,0.43800324,0.61933935,-0.043717135,0.30693597,-0.56870925,-0.14795646,0.470523,0.13486984,-0.51329666,-0.5805262,0.52885896,-0.85236704,-0.014491088,0.06877479,0.012476745,0.6791595,0.5582149,0.7197741,-0.17545092,-0.4106294,0.3302101,-0.06020449,-0.65268344,-0.5808237,-0.60860705,0.060366992,0.12904322,0.61621493,0.57225955,0.34714425,0.2855114,0.09509319
0.84960973,0.9392527,0.8899877,0.7494221,-0.013245927,0.7440903,0.84878695,0.43357447,0.6337283,0.6324679,0.8230243,0.8407018,0.30769348,-0.32487765,0.25974202,0.8561641,-0.24127859,0.029691853,-0.30736998,0.06912186,-0.035252396,0.2671012,-0.060469195,-0.20142409,0.86998284,0.6947458,-0.6495067,-0.08841847,0.43540427,0.2203067,-0.6179305,0.6237002,0.8186461,-0.04601028,0.35509753,0.28265548,0.4560976,0.88775516,0.79882145,0.7576686,-0.1342704,-0.03735697,0.70538306,-0.15507187,-0.1663906,-0.48489526,0.0072243116,-0.1839448,0.68566805,0.29511487,-0.696244,0.25654787,-0.6319649,-0.16371036,0.27127275,0.14342119,0.016803551,0.5267764,0.26602393,0.48635194,-0.005717068,0.56719756,0.22231954,-0.111944206,-0.17411879,-0.3797907,-0.061330575,0.53914905,0.43211237,0.65055656,0.04144007,0.20375757,-0.49014884,-0.2570561,0.42000926,0.014571416,-0.5916984,-0.5532242,0.3570165,-0.7098478,-0.12785785,-0.0274103,-0.10037494,0.68663746,0.62300074,0.72295725,-0.32478666,-0.49854702,0.31382918,-0.16958195,-0.71682113,-0.6250007,-0.6439041,-0.15464109,0.030533787,0.47537953,0.6138707,0.252644,0.29910263,0.044525936
0.8174722,0.8899877,0.91170025,0.67551583,-0.112387806,0.7480331,0.81717426,0.3244878,0.62406117,0.70567393,0.78320396,0.8338143,0.41867843,-0.18606491,0.37192363,0.8675451,-0.10297163,0.10910863,-0.17491812,0.092938885,0.05047,0.36204648,0.04072116,-0.09344548,0.8719567,0.7005656,-0.52915937,0.041159928,0.43178797,0.34765077,-0.6524215,0.633734,0.85793054,0.075276285,0.448966,0.24934602,0.46834898,0.8694519,0.8346811,0.78633225,-0.024243064,-0.15947013,0.6484077,-0.22150475,-0.2701283,-0.38705418,0.078280464,-0.051764473,0.7355589,0.31027806,-0.70228195,0.2572555,-0.64066774,-0.24626708,0.3122592,0.17965083,-0.046359908,0.4157825,0.28938,0.5690179,0.0006014185,0.5598626,0.26486027,-0.042968687,-0.13736303,-0.27808714,-0.06065087,0.5908681,0.45761204,0.6712743,0.10994294,0.12698925,-0.38758224,-0.27966517,0.4331624,0.07746112,-0.6059095,-0.44926423,0.26686218,-0.6473785,-0.1739347,-0.071405694,-0.20676863,0.6139451,0.6720493,0.709442,-0.3630885,-0.578936,0.3225397,-0.20483766,-0.72129136,-0.6494377,-0.60286236,-0.21417929,-0.09924753,0.39232343,0.6214603,0.2914797,0.34690034,0.08541261
0.6351167,0.7494221,0.67551583,0.954183,0.4510264,0.48461947,0.8108441,0.7981012,0.4937706,0.2604671,0.6656382,0.570187,-0.02342112,-0.5130627,-0.15625322,0.57122755,-0.41066486,-0.2851016,-0.45127645,-0.24608845,-0.35513043,-0.13354573,-0.25673527,-0.26649198,0.6274649,0.3646049,-0.813488,-0.43057835,0.12627083,-0.16416834,-0.36032748,0.3072422,0.50645053,-0.37671626,-0.039779097,0.048836127,0.08393434,0.662264,0.51061213,0.6126612,-0.29218626,0.15179637,0.5623152,-0.006680691,0.13284808,-0.5711389,-0.122847944,-0.50293875,0.35327396,-0.06275331,-0.4373611,0.1068531,-0.4278866,0.26533297,-0.048710596,-0.10839392,0.18740992,0.64521027,-0.028979281,0.036693342,-0.3087334,0.195228,-0.2283877,-0.4709402,-0.412426,-0.61712927,-0.22152737,0.09380342,0.05075443,0.26758626,-0.2861421,0.044498958,-0.70933115,-0.33235162,0.0058266064,-0.37882897,-0.5942497,-0.6348873,0.43528438,-0.63575506,-0.32163295,-0.261247,0.17870516,0.6150629,0.31747216,0.37101978,-0.38373423,-0.1881018,-0.083474495,-0.32889384,-0.5474682,-0.5330353,-0.7093693,-0.08543099,0.32106116,0.47388792,0.49136937,-0.09202417,-0.08725941,-0.32939368
-0.12392106,-0.013245927,-0.112387806,0.4510264,0.9369524,-0.24593782,0.15681791,0.76027393,0.0028530643,-0.49874938,0.007184233,-0.18603794,-0.4670804,-0.45211273,-0.710616,-0.25126487,-0.36511284,-0.5164547,-0.3765092,-0.44277596,-0.5377827,-0.59262097,-0.3982979,-0.11285822,-0.23805052,-0.3408615,-0.42603946,-0.6669297,-0.41226366,-0.7064574,0.35594028,-0.3448016,-0.3672198,-0.6053822,-0.564308,-0.2177695,-0.48982865,-0.19340053,-0.31177598,-0.06338627,-0.18187758,0.47538355,0.016919583,0.35103816,0.57668763,-0.26435605,-0.19587615,-0.62344384,-0.36288393,-0.44075924,0.3727118,0.016657172,0.3226447,0.85361487,-0.37433097,-0.2197879,0.53773195,0.48933312,-0.321104,-0.7316815,-0.3780849,-0.39180812,-0.6738995,-0.59165555,-0.40156087,-0.5139785,-0.03876241,-0.6738744,-0.56482196,-0.47663328,-0.5323968,-0.12044436,-0.48825568,-0.0055718697,-0.51483965,-0.69384104,-0.08371817,-0.39166296,0.26518714,-0.035407946,-0.18629058,-0.20902011,0.5484075,0.059658706,-0.41822687,-0.4114645,-0.060328357,0.5035086,-0.51702034,-0.108076945,0.23353328,0.1507774,-0.15564343,0.1224278,0.602692,0.18378675,-0.112609625,-0.5304704,-0.4407254,-0.49329084
0.78456175,0.7440903,0.7480331,0.48461947,-0.24593782,0.90822214,0.5602485,0.13757928,0.56383896,0.6212727,0.58005613,0.6443876,0.30035263,-0.3322477,0.3939272,0.69658387,-0.3015527,0.109165125,-0.3259165,0.259743,0.07764182,0.34762496,-0.008640243,-0.364748,0.7401941,0.6222196,-0.4943474,0.03481654,0.62869346,0.33373258,-0.44987828,0.54470515,0.73280644,0.015088626,0.40716806,0.42707977,0.7104248,0.78926647,0.6415886,0.47946447,-0.20636925,-0.05063107,0.72525406,-0.05061648,-0.13004826,-0.34948176,-0.07002601,-0.05763206,0.8004369,0.53017986,-0.6147835,0.34093744,-0.5572605,-0.29884738,0.5521334,0.27471927,-0.06727958,0.35185337,0.4842636,0.5940513,0.12236119,0.694439,0.41753674,0.03576629,-0.005133385,-0.15173122,0.0129327625,0.66987103,0.5467559,0.7095481,0.24623182,0.430159,-0.3121786,-0.24547763,0.5062971,0.24322206,-0.27799273,-0.24671674,0.44355845,-0.70966446,0.022788145,0.14672658,-0.056993164,0.67758596,0.6252764,0.78875196,0.004996093,-0.47521546,0.5108409,-0.06463686,-0.59383476,-0.54501784,-0.5323259,-0.059325468,0.007471758,0.5380532,0.63771224,0.55150807,0.5431168,0.34956086
0.7747869,0.84878695,0.81717426,0.8108441,0.15681791,0.5602485,0.95731115,0.5783379,0.5348227,0.51250505,0.85745245,0.78538084,0.31098345,-0.21913406,0.14563313,0.8094604,-0.12135338,-0.0075537036,-0.16479318,-0.08735603,-0.080467746,0.21155691,0.08273713,-0.02679918,0.7971302,0.64223146,-0.64867145,-0.06594316,0.27063775,0.20007575,-0.55837876,0.46522123,0.74238074,-0.03599276,0.2874853,0.13242307,0.22827578,0.7937844,0.77055275,0.8518814,-0.025566712,-0.01874338,0.5770724,-0.17240879,-0.13188404,-0.44813433,0.19065815,-0.14882618,0.55215347,0.0829601,-0.58413583,0.057503603,-0.57294965,-0.04241877,-0.017267976,-0.08721486,0.0021052114,0.49856734,0.13038829,0.30261168,-0.18122452,0.32022488,-0.071671546,-0.31048778,-0.3213973,-0.533195,-0.17316638,0.32712638,0.2563872,0.46275136,-0.18938279,-0.07662123,-0.59757805,-0.26600122,0.20785439,-0.18950471,-0.7032988,-0.67433214,0.30647418,-0.6585937,-0.26366606,-0.21594062,-0.08899538,0.513113,0.46212542,0.47587028,-0.4704064,-0.43093273,0.05700879,-0.28044468,-0.68220615,-0.6569891,-0.67988455,-0.15759572,0.050863355,0.36938012,0.46883643,-0.046880227,0.01313547,-0.21613309
0.3236095,0.43357447,0.3244878,0.7981012,0.76027393,0.13757928,0.5783379,0.95281404,0.29831314,-0.14519195,0.4250611,0.2411938,-0.26668572,-0.53745484,-0.4819113,0.21139327,-0.43152815,-0.41352454,-0.44896084,-0.34752455,-0.46824554,-0.3934536,-0.3173836,-0.2015478,0.23144445,0.05181978,-0.7265451,-0.60806096,-0.1296825,-0.479631,-0.01161529,-0.018778477,0.09696126,-0.5318552,-0.32623714,-0.04633678,-0.21558282,0.2774263,0.13269329,0.33495712,-0.23733918,0.3869086,0.33805278,0.17872402,0.4016831,-0.5091913,-0.1226405,-0.62117285,0.0006443062,-0.25348157,-0.041837405,0.035797358,-0.06821543,0.6205698,-0.2643255,-0.2250967,0.40016863,0.6603679,-0.16544394,-0.39005584,-0.34544927,-0.09937489,-0.52336586,-0.5978412,-0.44487748,-0.6714604,-0.13046938,-0.31464523,-0.26328307,-0.10105729,-0.48282596,-0.053223044,-0.7072928,-0.14536767,-0.25446317,-0.59327376,-0.37901023,-0.6415103,0.40048894,-0.39673662,-0.23502067,-0.22753677,0.41208518,0.35339588,-0.09202117,-0.023230545,-0.23429476,0.16546819,-0.3205694,-0.20130676,-0.18662798,-0.21540348,-0.4784233,0.05636248,0.5387087,0.36631215,0.16163495,-0.4007516,-0.32398129,-0.4648698
0.51550037,0.6337283,0.62406117,0.4937706,0.0028530643,0.56383896,0.5348227,0.29831314,0.86459124,0.5083287,0.4803291,0.51601064,0.0621341,-0.19501223,0.35977262,0.5941823,-0.17191362,0.3710781,-0.19930467,0.49436143,0.31479698,0.06738513,-0.13809213,-0.12262121,0.58553606,0.38436818,-0.5112823,-0.16764274,0.54404914,0.06776439,-0.46522355,0.62317014,0.52750355,0.14578216,0.09456294,0.56345344,0.54671764,0.6019271,0.5457022,0.44708502,0.038885742,0.0096406,0.39042845,-0.21644294,-0.22701529,-0.60037005,-0.19055298,-0.30549327,0.5499454,0.5401425,-0.40572196,0.48668644,-0.269099,-0.051494487,0.45204294,0.43840832,0.2420097,0.44917846,0.2930627,0.42646635,0.26500463,0.48867407,0.37663448,0.26495147,0.33598548,0.037890065,0.15192354,0.5429356,0.59395194,0.6912172,0.40923077,0.26078707,-0.085344315,0.0008857618,0.5423774,0.09480803,-0.123634905,-0.28037646,0.08508328,-0.30575052,0.20046023,0.30277294,-0.20062469,0.3498124,0.34526,0.5918463,-0.032332666,-0.46239126,0.567997,0.1399999,-0.42971158,-0.27610874,-0.23926145,-0.21783242,-0.055946723,0.1688806,0.24850644,0.105256766,0.45528924,0.3326284
0.57822454,0.6324679,0.70567393,0.2604671,-0.49874938,0.6212727,0.51250505,-0.14519195,0.5083287,0.92147875,0.5269117,0.71277624,0.5984819,0.22280805,0.7348223,0.7885999,0.27015698,0.44002354,0.18182403,0.31497687,0.40046236,0.5639082,0.21295056,0.14034796,0.7747618,0.63715756,-0.08868689,0.3989641,0.477873,0.6460564,-0.78114325,0.70139194,0.843271,0.47309926,0.6231365,0.22154653,0.5443351,0.7098936,0.82504916,0.6580579,0.17861038,-0.5354807,0.34569502,-0.45950997,-0.6512459,-0.10087311,0.12484081,0.2674884,0.69204915,0.41240418,-0.69698066,0.24751537,-0.57737446,-0.58894825,0.4196356,0.3587761,-0.25946063,0.005361037,0.27636957,0.8297302,0.15214106,0.5430013,0.54789996,0.33430606,0.17261124,0.16178253,-0.00450808,0.80133677,0.65162474,0.7766874,0.45435047,0.019465245,0.08164828,-0.21630108,0.5885781,0.3616819,-0.45297205,-0.064680055,-0.14039569,-0.321918,-0.08752013,-0.0047761886,-0.59825647,0.34657636,0.7989595,0.6924978,-0.37071025,-0.8002448,0.49869168,-0.13042946,-0.64251864,-0.56025517,-0.30333662,-0.43418196,-0.5623382,0.041418295,0.5495016,0.4156087,0.47909003,0.28837782
0.8420107,0.8230243,0.78320396,0.6656382,0.007184233,0.58005613,0.85745245,0.4250611,0.4803291,0.5269117,0.93728125,0.8412787,0.41851583,-0.21205877,0.1906439,0.84009993,-0.12986824,0.029632375,-0.16230176,0.009729649,-0.024063397,0.39574993,0.18286091,-0.040480297,0.7595774,0.7883642,-0.5484283,0.058684826,0.34767473,0.28829128,-0.49532863,0.43989715,0.7581053,-9.380514e-06,0.44913,0.2436032,0.3221069,0.7672082,0.75621825,0.78887165,0.041146614,0.07966365,0.67170906,-0.05115613,-0.091178365,-0.35490334,0.3206625,0.0037369125,0.6048002,0.20797361,-0.540607,0.12956837,-0.522874,-0.13796283,0.092213966,-0.022570351,0.01604158,0.49505508,0.35999203,0.36193287,0.03942333,0.4918498,0.041212175,-0.21456325,-0.29219937,-0.5383587,0.04591833,0.40673906,0.2988171,0.5027207,-0.18002324,0.06441903,-0.5800577,-0.052823376,0.37373656,-0.0088665895,-0.61742216,-0.7257209,0.37991118,-0.7129463,-0.054073397,-0.024703383,-0.029945854,0.5112317,0.4530401,0.53643394,-0.33203638,-0.3699528,0.1716176,-0.056443125,-0.5835374,-0.52513546,-0.5347322,0.03184748,0.08048493,0.4692242,0.41398787,0.08510278,0.11754815,-0.059791118
0.8140394,0.8407018,0.8338143,0.570187,-0.18603794,0.6443876,0.78538084,0.2411938,0.51601064,0.71277624,0.8412787,0.91944224,0.52352315,-0.10875641,0.37219262,0.8943039,-0.018447837,0.13795981,-0.09659551,0.092425,0.077564165,0.5040541,0.13047329,0.011791555,0.8264073,0.8114553,-0.39845085,0.15118131,0.38442785,0.4039936,-0.6413017,0.59882337,0.843994,0.13376568,0.5697371,0.23143251,0.4178198,0.80829525,0.83381295,0.791645,0.08814855,-0.11845322,0.6342105,-0.16957742,-0.28114265,-0.2652412,0.22290382,0.077135615,0.67484915,0.295338,-0.646625,0.25690213,-0.5697836,-0.30131933,0.27006108,0.17516394,-0.034275193,0.3989771,0.34144318,0.56951576,0.09655245,0.5896665,0.28203312,-0.0019032736,-0.15638897,-0.30253124,0.07467465,0.5901495,0.43390357,0.6486467,0.062818244,0.11499788,-0.3606311,-0.10568966,0.5052115,0.1327997,-0.61627823,-0.51959366,0.22872429,-0.61892587,-0.07254347,0.0021518355,-0.20475139,0.55599964,0.6451362,0.67917275,-0.37678835,-0.51835966,0.3295139,-0.07294419,-0.63857996,-0.55212057,-0.47024685,-0.13420236,-0.12508155,0.3876667,0.5377148,0.28660443,0.31202605,0.09745301
0.35396555,0.30769348,0.41867843,-0.02342112,-0.4670804,0.30035263,0.31098345,-0.26668572,0.0621341,0.5984819,0.41851583,0.52352315,0.9387856,0.45129538,0.5118479,0.5038487,0.5262258,0.28487104,0.46122625,0.014300623,0.2691681,0.8702581,0.58588076,0.4842794,0.38854128,0.6077421,0.29309815,0.67974937,0.118336275,0.7507323,-0.35225523,0.20273529,0.52801085,0.49353462,0.8720143,-0.061304476,0.20646992,0.3223481,0.5526012,0.53198075,0.5105078,-0.36947173,0.22821034,-0.13945575,-0.392309,0.41406065,0.6394497,0.69233143,0.518329,0.14806439,-0.29241064,0.067974135,-0.2817251,-0.5075584,0.1556996,0.14711335,-0.24997084,-0.14194709,0.32887176,0.497145,0.02323926,0.30173215,0.22632934,0.08463803,-0.12469293,0.011388705,0.09466503,0.4145323,0.20928939,0.32134807,0.058197375,-0.21265663,0.05246508,-0.037381876,0.26820403,0.20786163,-0.4196744,-0.07465479,-0.07982486,-0.22172226,-0.16718856,-0.12789251,-0.38755456,0.048597425,0.48101765,0.25510183,-0.26968074,-0.41396654,0.12103031,-0.1111287,-0.26602355,-0.3637887,-0.11284605,-0.20178962,-0.46078467,0.041995246,0.29050714,0.3049533,0.26536497,0.14083362
-0.36186683,-0.32487765,-0.18606491,-0.5130627,-0.45211273,-0.3322477,-0.21913406,-0.53745484,-0.19501223,0.22280805,-0.21205877,-0.10875641,0.45129538,0.9796668,0.51478887,-0.034588248,0.9212728,0.59241444,0.94651675,0.17645645,0.5920886,0.3780827,0.6199269,0.76675874,-0.11142197,-0.031755004,0.6907584,0.71865463,-0.086296886,0.586802,-0.19461265,0.008140983,0.014865463,0.8109313,0.3188848,-0.18767866,-0.10974671,-0.23570657,0.10436653,0.102145486,0.6571056,-0.60645103,-0.5977148,-0.50234383,-0.63425565,0.50851655,0.47390625,0.6883912,-0.06730013,-0.052363083,0.038099237,-0.28971362,0.030785497,-0.47041368,-0.21132025,-0.020331291,-0.4288387,-0.68559164,-0.14998408,0.26241922,-0.00938236,-0.30916196,0.10959266,0.35182536,0.29806387,0.5055926,-0.13252124,0.122898385,0.14998761,0.010300024,0.2615609,-0.6218418,0.61267203,0.0039950367,-0.0068443334,0.18856832,0.014234651,0.40559548,-0.726874,0.51097566,-0.10424937,-0.1723164,-0.7170358,-0.672231,0.032226276,-0.27695733,-0.2352478,-0.37974188,-0.026747996,-0.09401579,0.025040839,-0.04855377,0.31277767,-0.42549264,-0.78501683,-0.7460965,-0.28836045,-0.18569025,-0.09248664,0.010375635
0.26274014,0.25974202,0.37192363,-0.15625322,-0.710616,0.3939272,0.14563313,-0.4819113,0.35977262,0.7348223,0.1906439,0.37219262,0.5118479,0.51478887,0.92994845,0.50041735,0.47019386,0.75784904,0.46659124,0.5796933,0.74635637,0.5293265,0.41548762,0.25244504,0.49173924,0.41581926,0.21495748,0.6118701,0.5701405,0.7446126,-0.6107023,0.5938733,0.5855282,0.7826991,0.5244661,0.33447555,0.5767528,0.41777948,0.57891124,0.35877073,0.31602317,-0.630103,-0.0019633109,-0.58520544,-0.78072727,0.04036807,0.16150776,0.47581136,0.53239787,0.51183903,-0.5001789,0.0795753,-0.4155029,-0.7510828,0.36898813,0.30747008,-0.44862545,-0.3583523,0.24742773,0.819633,0.25384992,0.36641234,0.6329864,0.5766202,0.5094959,0.51601005,-0.05691012,0.79139626,0.77149725,0.712848,0.66425616,-0.059986383,0.45266217,-0.13117404,0.5685816,0.49810714,-0.063432515,0.27489358,-0.382881,0.003125145,0.09141933,0.13938314,-0.78125596,-0.049652975,0.5531628,0.49415645,-0.14636078,-0.8069711,0.5903685,-0.008772334,-0.4530244,-0.39195162,-0.023819793,-0.4770343,-0.7687233,-0.2949342,0.20811689,0.32843864,0.4397027,0.42240608
0.8222878,0.8561641,0.8675451,0.57122755,-0.25126487,0.69658387,0.8094604,0.21139327,0.5941823,0.7885999,0.84009993,0.8943039,0.5038487,-0.034588248,0.50041735,0.95531726,0.020180747,0.25970218,-0.033091787,0.18927711,0.20464724,0.47610885,0.17920622,0.00067672285,0.9114002,0.80079293,-0.42999217,0.19609852,0.5015882,0.4797113,-0.75345564,0.7019315,0.91914856,0.24167177,0.5351299,0.29167727,0.5053235,0.88699883,0.9156773,0.83410454,0.06688571,-0.23753677,0.5817267,-0.33149388,-0.41282782,-0.3517005,0.19656692,0.08711149,0.72287846,0.35150573,-0.7501752,0.1709199,-0.6775898,-0.41135186,0.25780618,0.15076922,-0.16628002,0.3104844,0.31876412,0.66446996,0.09387344,0.57732785,0.33206105,0.060268536,-0.052881446,-0.2175461,-0.04456361,0.68229944,0.56861776,0.7375014,0.15454823,0.06555569,-0.3054074,-0.1858763,0.5393039,0.18292598,-0.6108342,-0.4568476,0.15260527,-0.59961843,-0.09183766,-0.013217706,-0.3491113,0.51535803,0.69391716,0.7230154,-0.40449613,-0.670051,0.38650966,-0.13104075,-0.7514887,-0.65139556,-0.5191641,-0.23180494,-0.2344545,0.28582516,0.53947437,0.2544704,0.3064767,0.10131225
-0.3241877,-0.24127859,-0.10297163,-0.41066486,-0.36511284,-0.3015527,-0.12135338,-0.43152815,-0.17191362,0.27015698,-0.12986824,-0.018447837,0.5262258,0.9212728,0.47019386,0.020180747,0.96520776,0.49456602,0.9079406,0.05016529,0.48899636,0.42464763,0.57453483,0.84252185,-0.06736003,0.004704289,0.6685522,0.6763978,-0.18499008,0.56109583,-0.21547765,0.003912898,0.049762584,0.737112,0.36891255,-0.28298345,-0.18482898,-0.19827424,0.16177095,0.20097823,0.71488726,-0.6071676,-0.5380932,-0.4410283,-0.60082257,0.5493714,0.5001682,0.6636799,-0.030017484,-0.12424973,0.03360709,-0.20546573,0.03129796,-0.3984645,-0.20732775,0.026248537,-0.3317095,-0.577242,-0.18005666,0.2260909,-0.10115223,-0.29481697,0.057134986,0.2688613,0.17298049,0.42085034,-0.1099394,0.08124435,0.058247536,-0.017150262,0.18129426,-0.65802693,0.5279136,-0.03163674,-0.055282593,0.07234964,-0.12213653,0.3347566,-0.69550204,0.46568483,-0.21901682,-0.25771788,-0.6809055,-0.5838476,0.09607967,-0.27115673,-0.34150845,-0.34392437,-0.10155903,-0.16969913,0.016052859,-0.08314332,0.25643173,-0.46798253,-0.7597692,-0.6720903,-0.18820485,-0.16844806,-0.07775676,-0.046999086
-0.00026020082,0.029691853,0.10910863,-0.2851016,-0.5164547,0.109165125,-0.0075537036,-0.41352454,0.3710781,0.44002354,0.029632375,0.13795981,0.28487104,0.59241444,0.75784904,0.25970218,0.49456602,0.9411542,0.5505646,0.7546417,0.90983343,0.3269183,0.41657382,0.35808867,0.20168062,0.19208936,0.26587465,0.48062328,0.52544796,0.5016626,-0.3785405,0.44441223,0.27153176,0.8340936,0.2562617,0.49108797,0.4548247,0.13684487,0.31943193,0.16526541,0.48964486,-0.38719302,-0.24997625,-0.54139507,-0.66031396,-0.026166152,0.1758166,0.3847291,0.29048288,0.5494657,-0.20301867,0.07885169,-0.11845498,-0.52269197,0.24451979,0.28375727,-0.24242924,-0.3110203,0.18962717,0.5267285,0.35895368,0.17850882,0.5037181,0.64281166,0.69946265,0.5948652,0.044670947,0.5607225,0.6959203,0.53972834,0.65237343,-0.10659683,0.5501033,0.11387724,0.4985562,0.36175317,0.21878245,0.241403,-0.5123217,0.25836372,0.32916844,0.3374051,-0.7142041,-0.36690962,0.15853253,0.23268199,0.040777005,-0.60219836,0.5797527,0.22527984,-0.18293,-0.09178938,0.23347247,-0.39870924,-0.656413,-0.5080954,-0.20234811,0.012551435,0.31849188,0.44900823
-0.3304442,-0.30736998,-0.17491812,-0.45127645,-0.3765092,-0.3259165,-0.16479318,-0.44896084,-0.19930467,0.18182403,-0.16230176,-0.09659551,0.46122625,0.94651675,0.46659124,-0.033091787,0.9079406,0.5505646,0.96566397,0.12665774,0.5589197,0.37785524,0.66250426,0.78340197,-0.11657196,-0.025756732,0.645215,0.70463073,-0.10547264,0.56952393,-0.14628848,-0.040045545,0.0043678917,0.77471733,0.31571108,-0.19772021,-0.1430788,-0.23008615,0.10309194,0.13691108,0.6813777,-0.5466319,-0.5567543,-0.4400792,-0.563776,0.50805527,0.54693234,0.6942475,-0.049283665,-0.08375021,0.0721834,-0.31992024,0.036224134,-0.40935624,-0.26880884,-0.081443235,-0.39722538,-0.63394713,-0.14597604,0.18574372,-0.08102718,-0.33981377,0.010944659,0.24909863,0.21758783,0.40899116,-0.15560934,0.056682117,0.091087684,-0.037490983,0.16054672,-0.6632624,0.5151712,-0.012650171,-0.078739285,0.083557084,-0.025677273,0.3220562,-0.6487065,0.45992994,-0.14468591,-0.21024875,-0.6564584,-0.6739943,-0.011571847,-0.3243646,-0.23778373,-0.33271742,-0.09622967,-0.12977798,0.033285774,-0.07236317,0.25502685,-0.4070518,-0.7148775,-0.69117844,-0.29808757,-0.2456468,-0.13307562,-0.046710663
0.093492836,0.06912186,0.092938885,-0.24608845,-0.44277596,0.259743,-0.08735603,-0.34752455,0.49436143,0.31497687,0.009729649,0.092425,0.014300623,0.17645645,0.5796933,0.18927711,0.05016529,0.7546417,0.12665774,0.94836515,0.76176405,0.17225467,0.12119965,-0.043646708,0.14877257,0.18851936,0.041269433,0.18910761,0.69040644,0.22538845,-0.20527494,0.46495414,0.17495939,0.5288761,0.098843485,0.7929952,0.65784013,0.15552087,0.17122626,-0.063870765,0.20719418,-0.038609784,-0.0070136874,-0.2601517,-0.35987753,-0.27753514,-0.108584926,0.09049097,0.32881677,0.7867085,-0.13636279,0.34235212,-0.012165282,-0.376153,0.52930117,0.46112093,0.0006003622,-0.04392721,0.43077695,0.47211903,0.63024604,0.4410603,0.6528866,0.7180328,0.8101412,0.5422572,0.29310375,0.60057217,0.7639637,0.6062079,0.71944505,0.3626957,0.45395356,0.3047539,0.6886904,0.48858076,0.45901677,0.1822601,-0.20524162,0.1271123,0.6405761,0.68708706,-0.36963552,-0.12646283,0.065322146,0.40782785,0.37820804,-0.37737328,0.8165513,0.5203462,-0.06233195,0.12122133,0.30911413,-0.08866362,-0.29793105,-0.18911433,-0.20221573,0.19888288,0.5266366,0.69615805
-0.03170947,-0.035252396,0.05047,-0.35513043,-0.5377827,0.07764182,-0.080467746,-0.46824554,0.31479698,0.40046236,-0.024063397,0.077564165,0.2691681,0.5920886,0.74635637,0.20464724,0.48899636,0.90983343,0.5589197,0.76176405,0.9397592,0.33159617,0.44378883,0.34488937,0.13730493,0.17444289,0.3100233,0.50756043,0.51436263,0.5126823,-0.31242862,0.3919204,0.21819337,0.8291671,0.25725043,0.49656424,0.45062906,0.07652864,0.26418194,0.098220825,0.47305977,-0.36793345,-0.26298204,-0.49585193,-0.62153745,0.010764748,0.18978024,0.41639292,0.26481974,0.54531264,-0.14723739,0.07064874,-0.06672544,-0.52910006,0.24651656,0.27196184,-0.24753287,-0.350983,0.23567122,0.5141831,0.39165324,0.17317045,0.5026525,0.6508124,0.7139056,0.61183214,0.09148385,0.54186904,0.6823809,0.50745356,0.64345354,-0.088391736,0.5832759,0.16390912,0.4933157,0.40819836,0.28179568,0.29498512,-0.48703414,0.28079575,0.37056106,0.36851507,-0.6766285,-0.3965461,0.11611454,0.19058624,0.10426518,-0.5416816,0.57269245,0.271406,-0.11918697,-0.041609224,0.2885997,-0.33205038,-0.63953745,-0.49591666,-0.23792148,0.03363595,0.31038928,0.46433815
0.38855776,0.2671012,0.36204648,-0.13354573,-0.59262097,0.34762496,0.21155691,-0.3934536,0.06738513,0.5639082,0.39574993,0.5040541,0.8702581,0.3780827,0.5293265,0.47610885,0.42464763,0.3269183,0.37785524,0.17225467,0.33159617,0.9416648,0.5813911,0.36658314,0.34471554,0.6564864,0.29805562,0.69470775,0.24898508,0.7479056,-0.2885583,0.22894606,0.51017225,0.48919117,0.9071411,0.11215572,0.3487203,0.29805428,0.48746634,0.40936768,0.4539705,-0.25260785,0.2935668,-0.07859382,-0.34716567,0.3718124,0.60820484,0.71187353,0.55029964,0.31163546,-0.28254187,0.12407382,-0.2653615,-0.5840032,0.2925104,0.21104714,-0.24193,-0.13676354,0.49680722,0.5545689,0.23944727,0.44714373,0.36916122,0.2180326,0.0029417565,0.069385044,0.23338854,0.49869603,0.31017172,0.38494235,0.14825676,-0.011841538,0.10337401,0.11169172,0.42716467,0.38164592,-0.25564665,-0.055956215,-0.015193114,-0.23689815,0.06275487,0.08739645,-0.33405524,0.057995066,0.43546802,0.3424204,-0.081373245,-0.37294298,0.28241217,0.09045698,-0.20741746,-0.24109346,-0.008743506,-0.046259776,-0.39545935,0.10555327,0.22283328,0.41838044,0.3879401,0.31683463
0.079661265,-0.060469195,0.04072116,-0.25673527,-0.3982979,-0.008640243,0.08273713,-0.3173836,-0.13809213,0.21295056,0.18286091,0.13047329,0.58588076,0.6199269,0.41548762,0.17920622,0.57453483,0.41657382,0.66250426,0.12119965,0.44378883,0.5813911,0.9199211,0.4973679,0.073801905,0.32283577,0.35614288,0.7657807,0.1485191,0.6946627,-0.07807125,-0.065336846,0.20662996,0.6093607,0.50654364,0.0121890735,0.09466192,0.02602419,0.25460374,0.27609882,0.51947266,-0.25463697,-0.10007012,-0.18716636,-0.3225723,0.3766578,0.78825414,0.77030945,0.24242389,0.07441848,-0.02879081,-0.3373372,-0.14252824,-0.45301133,-0.19307666,-0.22073507,-0.42582107,-0.41141552,0.2341042,0.22729415,0.0015408834,-0.045454405,-0.046775714,0.023645103,0.0040953485,0.043738537,-0.07994395,0.15457085,0.14701635,0.057357527,-0.07645438,-0.42174697,0.116752714,0.050735295,0.04069672,0.15162873,-0.107096694,-0.002025219,-0.14730859,-0.0068449597,-0.03794925,-0.10279263,-0.377369,-0.41563553,0.015466029,-0.1387865,-0.071026646,-0.27470416,-0.047681507,-0.04799708,-0.08954537,-0.21929008,0.020969946,-0.055732824,-0.40152675,-0.22571793,-0.1827077,-0.10282795,-0.08938299,-0.012936616
-0.30336246,-0.20142409,-0.09344548,-0.26649198,-0.11285822,-0.364748,-0.02679918,-0.2015478,-0.12262121,0.14034796,-0.040480297,0.011791555,0.4842794,0.76675874,0.25244504,0.00067672285,0.84252185,0.35808867,0.78340197,-0.043646708,0.34488937,0.36658314,0.4973679,0.935099,-0.14386167,0.008327408,0.5604045,0.49718195,-0.31434327,0.36649507,-0.078138,-0.10720189,-0.043114543,0.5608542,0.31073922,-0.28004777,-0.31658393,-0.26034433,0.10061464,0.2331379,0.7852458,-0.36025196,-0.44858748,-0.24562463,-0.37704402,0.4870528,0.54911995,0.52820504,-0.08152127,-0.1856955,0.18795684,-0.09112987,0.19249412,-0.13568541,-0.2560082,0.05058914,-0.057339467,-0.32096875,-0.15068372,0.006091527,-0.1096792,-0.32087094,-0.118458286,0.1107472,0.03568922,0.21784812,0.0455442,-0.10663822,-0.127357,-0.1392417,-0.0010153302,-0.64315176,0.3502323,0.10584475,-0.12472279,-0.11807932,-0.16134292,0.101495124,-0.57056403,0.41895527,-0.17785579,-0.2229646,-0.45542127,-0.5610934,-0.049919985,-0.37828273,-0.31232387,-0.1561434,-0.20770401,-0.07678932,0.1421735,0.026929507,0.27317408,-0.35114956,-0.5306165,-0.5446166,-0.26464844,-0.3164607,-0.12675068,-0.111700095
0.8180844,0.86998284,0.8719567,0.6274649,-0.23805052,0.7401941,0.7971302,0.23144445,0.58553606,0.7747618,0.7595774,0.8264073,0.38854128,-0.11142197,0.49173924,0.9114002,-0.06736003,0.20168062,-0.11657196,0.14877257,0.13730493,0.34471554,0.073801905,-0.14386167,0.9804273,0.70463914,-0.5197933,0.11383895,0.5195496,0.45083183,-0.81502676,0.74179614,0.9433336,0.17413023,0.43591952,0.24890223,0.5214308,0.9489897,0.9046818,0.7947717,-0.12335592,-0.3251826,0.5710299,-0.4263206,-0.4407852,-0.43660843,0.034969192,-0.0132341385,0.703434,0.30969802,-0.8660663,0.09458731,-0.80855256,-0.42163408,0.23718339,0.057086617,-0.27643266,0.26481533,0.20003182,0.7005769,-0.019868007,0.5256523,0.3249579,0.02446544,-0.0737709,-0.20215318,-0.23277107,0.70472366,0.5909004,0.75386846,0.18181431,0.074624985,-0.32069427,-0.38028115,0.47198486,0.17904596,-0.62439424,-0.37003785,0.1648055,-0.6265718,-0.19712554,-0.12388201,-0.3681842,0.5875964,0.75740933,0.7656412,-0.4469732,-0.7379118,0.36299512,-0.2795574,-0.88346815,-0.76729953,-0.6582126,-0.29413304,-0.23729724,0.28388005,0.65066206,0.29613578,0.26386413,0.03664151
0.7861554,0.6947458,0.7005656,0.3646049,-0.3408615,0.6222196,0.64223146,0.05181978,0.38436818,0.63715756,0.7883642,0.8114553,0.6077421,-0.031755004,0.41581926,0.80079293,0.004704289,0.19208936,-0.025756732,0.18851936,0.17444289,0.6564864,0.32283577,0.008327408,0.70463914,0.8904025,-0.27310622,0.32499713,0.4650826,0.5209462,-0.5032072,0.4861415,0.77443004,0.20414412,0.68069255,0.32886493,0.5010306,0.71669257,0.74281204,0.6550298,0.15023358,-0.06060703,0.64116657,-0.08298012,-0.23023245,-0.15336409,0.39991856,0.28763214,0.69334906,0.39590585,-0.5585113,0.18591699,-0.52699995,-0.42807728,0.29614338,0.13128409,-0.11745015,0.27094543,0.54134786,0.5783843,0.26897454,0.6557463,0.32510215,0.06221914,-0.11123924,-0.2749318,0.19305193,0.60738313,0.45217,0.6029817,0.027764283,0.18006939,-0.31563467,0.064793445,0.57119167,0.3024868,-0.4597213,-0.48380217,0.28160018,-0.61244226,0.1050432,0.15547147,-0.17041567,0.42485946,0.53865707,0.6309668,-0.16602895,-0.44666746,0.3742494,0.098179996,-0.5142215,-0.42393678,-0.3314879,0.057777934,-0.10125153,0.40984198,0.3947417,0.33403063,0.34964764,0.20849496
-0.6259189,-0.6495067,-0.52915937,-0.813488,-0.42603946,-0.4943474,-0.64867145,-0.7265451,-0.5112823,-0.08868689,-0.5484283,-0.39845085,0.29309815,0.6907584,0.21495748,-0.42999217,0.6685522,0.26587465,0.645215,0.041269433,0.3100233,0.29805562,0.35614288,0.5604045,-0.5197933,-0.27310622,0.95057684,0.55214494,-0.31370902,0.3052582,0.21718112,-0.29478565,-0.37121218,0.47412467,0.22454241,-0.2927639,-0.23712438,-0.61117566,-0.33141,-0.36185867,0.48716855,-0.3475858,-0.5956674,-0.07891024,-0.27067912,0.7582854,0.28898537,0.61788607,-0.30025294,-0.109759554,0.3708824,-0.09932653,0.37639827,-0.2860142,-0.03667575,0.13617638,-0.18364587,-0.66117555,-0.09029039,0.012033818,0.11415979,-0.267782,0.15639699,0.3781665,0.25229847,0.557803,0.16343908,-0.10337359,-0.14444156,-0.28139013,0.2110955,-0.279916,0.69386756,0.20588611,-0.087885186,0.23373035,0.2960611,0.58811367,-0.5752909,0.6472107,0.059267223,0.013446065,-0.3339292,-0.6160581,-0.15565646,-0.40860623,0.08583971,0.072755866,-0.07319173,0.12449242,0.45790845,0.38119203,0.60812306,-0.1395163,-0.4996719,-0.5565095,-0.3513468,0.054297514,0.040251352,0.1694345
0.02300116,-0.08841847,0.041159928,-0.43057835,-0.6669297,0.03481654,-0.06594316,-0.60806096,-0.16764274,0.3989641,0.058684826,0.15118131,0.67974937,0.71865463,0.6118701,0.19609852,0.6763978,0.48062328,0.70463073,0.18910761,0.50756043,0.69470775,0.7657807,0.49718195,0.11383895,0.32499713,0.55214494,0.92713964,0.15567854,0.8377217,-0.2210354,0.08765414,0.2822915,0.7044523,0.64083314,-0.04054942,0.17708817,0.039504975,0.3028369,0.21390736,0.48859024,-0.5024692,-0.1508113,-0.32312837,-0.53700876,0.4878422,0.63686526,0.8650648,0.26631516,0.13807847,-0.15838188,-0.21863006,-0.1850141,-0.68545216,0.02607141,-0.0013999473,-0.5324952,-0.5858995,0.25290096,0.48145747,0.14559346,0.090596005,0.25343233,0.29450345,0.15134656,0.32158777,0.0015056271,0.36545599,0.26719975,0.19178537,0.19345692,-0.31958914,0.37635705,0.04648024,0.21105489,0.42066947,-0.093509115,0.26295877,-0.3272553,0.114570364,-0.026020799,-0.06183515,-0.55940616,-0.35054994,0.24205157,0.0206425,-0.1124817,-0.42268386,0.117619015,-0.028693758,-0.11451061,-0.18558273,0.15365937,-0.15533048,-0.63658226,-0.32391447,-0.04988659,0.16895202,0.11430748,0.16248013
0.53186417,0.43540427,0.43178797,0.12627083,-0.41226366,0.62869346,0.27063775,-0.1296825,0.54404914,0.477873,0.34767473,0.38442785,0.118336275,-0.086296886,0.5701405,0.5015882,-0.18499008,0.52544796,-0.10547264,0.69040644,0.51436263,0.24898508,0.1485191,-0.31434327,0.5195496,0.4650826,-0.31370902,0.15567854,0.90807426,0.34970063,-0.3760714,0.5692505,0.5325164,0.33507496,0.24254245,0.7412489,0.8217474,0.5658037,0.45980257,0.21394071,-0.07926688,-0.035348937,0.3970091,-0.23805812,-0.28347075,-0.41573003,-0.056618884,0.05111109,0.60320973,0.7520349,-0.46405298,0.1903365,-0.4025408,-0.43753016,0.49624857,0.21688223,-0.18144448,0.10605836,0.5030315,0.5992751,0.41036275,0.60004926,0.5461954,0.37435526,0.44679445,0.16589937,0.061376985,0.73443997,0.81618243,0.75430226,0.49023134,0.4213707,0.018242894,0.0077161854,0.65467834,0.4198593,0.13554922,-0.07040696,0.17166415,-0.3691879,0.41466475,0.48194695,-0.2548468,0.2686484,0.3377478,0.661283,0.26328224,-0.5199459,0.73596555,0.25980425,-0.42648038,-0.29525024,-0.17989556,-0.040549062,-0.14302483,0.1745323,0.19064213,0.35243934,0.4766149,0.5284691
0.30524692,0.2203067,0.34765077,-0.16416834,-0.7064574,0.33373258,0.20007575,-0.479631,0.06776439,0.6460564,0.28829128,0.4039936,0.7507323,0.586802,0.7446126,0.4797113,0.56109583,0.5016626,0.56952393,0.22538845,0.5126823,0.7479056,0.6946627,0.36649507,0.45083183,0.5209462,0.3052582,0.8377217,0.34970063,0.9484987,-0.4846844,0.33706412,0.5809618,0.6957543,0.72709125,0.051196035,0.3764441,0.37282348,0.5800869,0.44940218,0.36885428,-0.59236395,0.0669816,-0.42366564,-0.6443639,0.3008615,0.5450127,0.7604719,0.5185966,0.2538662,-0.45503062,-0.1698983,-0.47142106,-0.78253794,0.13879165,0.032212645,-0.6069623,-0.44956404,0.2709766,0.69065946,0.07559927,0.26966783,0.36368495,0.27010244,0.12674339,0.23900737,-0.13718449,0.59529626,0.470329,0.45277247,0.27454412,-0.24305873,0.22864628,-0.16798139,0.33968288,0.423137,-0.28256136,0.1470325,-0.22244415,-0.13341264,-0.12918729,-0.11923965,-0.64270025,-0.07372624,0.5143415,0.3115602,-0.24024358,-0.6558606,0.25374144,-0.17958966,-0.42765072,-0.47427163,-0.1260844,-0.28796896,-0.6729342,-0.17362644,0.22563745,0.29365873,0.22938474,0.18472075
-0.4936424,-0.6179305,-0.6524215,-0.36032748,0.35594028,-0.44987828,-0.55837876,-0.01161529,-0.46522355,-0.78114325,-0.49532863,-0.6413017,-0.35225523,-0.19461265,-0.6107023,-0.75345564,-0.21547765,-0.3785405,-0.14628848,-0.20527494,-0.31242862,-0.2885583,-0.07807125,-0.078138,-0.81502676,-0.5032072,0.21718112,-0.2210354,-0.3760714,-0.4846844,0.92031515,-0.7736097,-0.8071952,-0.39318305,-0.3536253,-0.115252815,-0.36538255,-0.7323177,-0.81041,-0.68030363,-0.022017658,0.5669677,-0.17500208,0.66744184,0.7195488,0.2928182,0.024433771,-0.076897606,-0.46725106,-0.2108992,0.7909374,0.0015238726,0.691856,0.5238488,-0.12801108,-0.096484184,0.37764832,0.024500199,0.036812272,-0.7499566,-0.010937976,-0.30969456,-0.38910118,-0.24834421,-0.12667772,-0.102103814,0.2755444,-0.6837796,-0.6044813,-0.69562507,-0.3577826,0.13607791,-0.031230673,0.3471616,-0.43870103,-0.25181425,0.5232258,0.098089755,0.23820987,0.23855898,0.2131623,0.16525133,0.66347003,-0.29873866,-0.72662556,-0.6088546,0.55107605,0.83582413,-0.34607518,0.28180146,0.7726306,0.6222477,0.40301955,0.47892836,0.5537859,0.13071908,-0.46384215,-0.15301302,-0.17592898,-0.023070185
0.5100799,0.6237002,0.633734,0.3072422,-0.3448016,0.54470515,0.46522123,-0.018778477,0.62317014,0.70139194,0.43989715,0.59882337,0.20273529,0.008140983,0.5938733,0.7019315,0.003912898,0.44441223,-0.040045545,0.46495414,0.3919204,0.22894606,-0.065336846,-0.10720189,0.74179614,0.4861415,-0.29478565,0.08765414,0.5692505,0.33706412,-0.7736097,0.8374244,0.7133961,0.33689654,0.26773268,0.42090452,0.56246996,0.69144773,0.68782294,0.50006306,-0.044510685,-0.34321615,0.25931567,-0.5246111,-0.584012,-0.43835625,-0.19356954,-0.075393945,0.5179152,0.48053092,-0.7199731,0.2471861,-0.5528608,-0.45815653,0.40270752,0.32781848,-0.16358075,0.1457862,0.16343015,0.7426511,0.29399103,0.51326907,0.5952234,0.4504736,0.36713165,0.21371299,-0.037916962,0.77717125,0.7460636,0.80830085,0.5466142,0.21727848,0.09966527,-0.14092213,0.6580127,0.37583956,-0.24256447,-0.095259115,-0.16110411,-0.2675272,0.12588021,0.18865344,-0.5120834,0.38486725,0.62120104,0.7487386,-0.24680853,-0.7263881,0.6208085,0.025188487,-0.65154415,-0.41341823,-0.24563777,-0.3148145,-0.3872952,-0.0086357,0.370723,0.29472125,0.4010355,0.3061815
0.8053146,0.8186461,0.85793054,0.50645053,-0.3672198,0.73280644,0.74238074,0.09696126,0.52750355,0.843271,0.7581053,0.843994,0.52801085,0.014865463,0.5855282,0.91914856,0.049762584,0.27153176,0.0043678917,0.17495939,0.21819337,0.51017225,0.20662996,-0.043114543,0.9433336,0.77443004,-0.37121218,0.2822915,0.5325164,0.5809618,-0.8071952,0.7133961,0.9718945,0.2866123,0.5722394,0.23462671,0.54430115,0.90962565,0.92893237,0.79793394,-0.009887232,-0.38295746,0.54519826,-0.40261087,-0.5017289,-0.28920975,0.1634497,0.1580029,0.75017226,0.3402317,-0.8336381,0.08907859,-0.7755377,-0.53797996,0.2727358,0.113664895,-0.333914,0.1691857,0.28041363,0.76220465,0.036602885,0.56636274,0.38257504,0.0819623,-0.04896363,-0.13993612,-0.16266805,0.7510648,0.6106088,0.7670908,0.21314679,0.04688841,-0.24488401,-0.3149507,0.518813,0.2631534,-0.6118956,-0.31435066,0.12487674,-0.6011671,-0.17711808,-0.09526387,-0.42674106,0.5350651,0.79163516,0.7556922,-0.4289623,-0.7591803,0.3934393,-0.24525452,-0.82771873,-0.74722826,-0.5703259,-0.28561744,-0.33528376,0.25891668,0.62606096,0.35101205,0.31611905,0.10426974
-0.0590438,-0.04601028,0.075276285,-0.37671626,-0.6053822,0.015088626,-0.03599276,-0.5318552,0.14578216,0.47309926,-9.380514e-06,0.13376568,0.49353462,0.8109313,0.7826991,0.24167177,0.737112,0.8340936,0.77471733,0.5288761,0.8291671,0.48919117,0.6093607,0.5608542,0.17413023,0.20414412,0.47412467,0.7044523,0.33507496,0.6957543,-0.39318305,0.33689654,0.2866123,0.9496322,0.42731893,0.21240729,0.29404485,0.07900868,0.34983537,0.23443627,0.60045123,-0.5837717,-0.342186,-0.59110516,-0.7507535,0.24753271,0.38807893,0.6392219,0.25995427,0.3443782,-0.2082861,-0.10753754,-0.16984783,-0.6390505,0.087934986,0.14947924,-0.4294205,-0.5179889,0.09614992,0.5442023,0.185815,0.045695566,0.40029222,0.5352816,0.50712615,0.5725176,-0.064978406,0.48998633,0.5390289,0.40896773,0.51781577,-0.3411779,0.5796228,0.006571514,0.3370193,0.34686354,0.058944657,0.32960525,-0.6015707,0.29951808,0.10575426,0.091472074,-0.81227076,-0.4511068,0.23096286,0.10433829,-0.11795901,-0.61903757,0.36600006,0.035864446,-0.19240531,-0.18725231,0.201491,-0.46263373,-0.81663465,-0.5919889,-0.14318822,0.024454575,0.20566371,0.29859403
0.43965107,0.35509753,0.448966,-0.039779097,-0.564308,0.40716806,0.2874853,-0.32623714,0.09456294,0.6231365,0.44913,0.5697371,0.8720143,0.3188848,0.5244661,0.5351299,0.36891255,0.2562617,0.31571108,0.098843485,0.25725043,0.9071411,0.50654364,0.31073922,0.43591952,0.68069255,0.22454241,0.64083314,0.24254245,0.72709125,-0.3536253,0.26773268,0.5722394,0.42731893,0.93245274,0.06434351,0.34727803,0.3861444,0.5549457,0.47062188,0.3825828,-0.28632227,0.34608674,-0.07557625,-0.35239512,0.33771867,0.54669124,0.6453681,0.58317024,0.27849418,-0.36221698,0.13919604,-0.33768255,-0.5710565,0.2964496,0.21095666,-0.24289355,-0.09454714,0.44953388,0.5802072,0.17421904,0.4798677,0.36931983,0.16996047,-0.067868285,0.02339786,0.18383376,0.52286226,0.30233347,0.4131897,0.12271094,0.007015053,0.036686163,0.023757566,0.4169417,0.35346153,-0.35209924,-0.08046256,0.027210444,-0.31315926,-0.03203091,0.023905393,-0.32199827,0.17355496,0.52524894,0.40053636,-0.16124791,-0.39923674,0.2641874,0.0019482598,-0.28897035,-0.3127383,-0.09940417,-0.07725535,-0.3846656,0.1649375,0.3319051,0.44839692,0.38622308,0.27023697
