0,1,2,3,4,5,6,7,8,9,10,11,12,13,14,15,16,17,18,19,20,21,22,23,24,25,26,27,28,29,30,31,32,33,34,35,36,37,38,39,40,41,42,43,44,45,46,47,48,49,50,51,52,53,54,55,56,57,58,59,60,61,62,63,64,65,66,67,68,69,70,71,72,73,74,75,76,77,78,79,80,81,82,83,84,85,86,87,88,89,90,91,92,93,94,95,96,97,98,99
0.94588554,0.77667916,0.45812017,0.10392,0.6056321,0.64189017,-0.34388733,-0.34128743,-0.09834652,-0.7684976,-0.51112515,-0.80172455,-0.70631194,-0.6064925,-0.48747873,0.23260891,-0.79225737,-0.29827374,-0.6589407,0.86069363,-0.20821813,-0.8323187,-0.68359566,-0.8768076,-0.79994124,-0.90580297,-0.09641287,-0.6293938,-0.22707056,-0.51887023,0.4643922,0.7954235,0.8561533,-0.60525715,-0.60057676,0.8838482,0.6853235,0.8891636,0.8625754,-0.75603414,0.9176097,0.07698561,0.43704686,0.6831827,0.67276156,0.8778877,0.8388828,0.873482,0.929857,0.92368317,0.8430928,-0.021855602,-0.13316551,0.12214771,0.678066,0.6615956,-0.21304008,-0.2762159,-0.6287922,-0.24018678,-0.14536123,0.55327725,-0.577311,-0.28231865,-0.32624158,-0.26329452,0.82688653,-0.7396234,-0.78194386,-0.22844473,-0.14934266,-0.84974635,-0.79468906,0.407315,-0.9078074,-0.8852248,-0.7285563,-0.87506896,0.45347583,0.87230825,-0.80467784,0.684471,0.33674103,-0.6724472,0.16250378,0.27181453,0.6249939,-0.08812591,0.8788258,0.50873923,0.860709,0.76190484,0.8034131,0.4245286,-0.32774967,0.80959654,0.82054496,0.49292505,0.90886676,0.90885204
0.77667916,0.933621,0.7693045,0.46042603,0.8582483,0.81295466,-0.020763759,-0.0003240644,0.3162564,-0.5722841,-0.1786977,-0.56885135,-0.5989231,-0.30640295,-0.15159088,0.530824,-0.69682753,-0.040620957,-0.45550504,0.86679846,0.15804596,-0.76821333,-0.6477046,-0.6335119,-0.6594795,-0.77609,0.0056337593,-0.77393335,0.16007787,-0.591824,0.2192254,0.68628263,0.65953135,-0.51756895,-0.550068,0.7999089,0.6010194,0.75584364,0.6890291,-0.515792,0.8097905,-0.13129255,0.1058757,0.35211983,0.3225273,0.7047186,0.595688,0.64386284,0.78679645,0.7946878,0.86467373,0.36915454,0.18966082,0.46827322,0.8764342,0.8241466,0.09339376,0.10345351,-0.3350042,-0.29568243,-0.2650586,0.39011168,-0.32900822,-0.12182531,0.028514098,0.10136318,0.82269216,-0.609426,-0.6704782,-0.09456286,0.2516078,-0.80768996,-0.6441851,0.40843895,-0.70961726,-0.7443783,-0.39878535,-0.737126,0.10581461,0.8077076,-0.8236153,0.44807625,0.015512422,-0.70265025,-0.11503534,-0.074278705,0.51225364,-0.4694456,0.7526392,0.4674161,0.7487013,0.722599,0.66702116,0.08144024,-0.58309317,0.5577005,0.6462536,0.18385714,0.78839946,0.7783096
0.45812017,0.7693045,0.93370986,0.5368689,0.81096506,0.84327006,0.27579743,0.34210348,0.68645656,-0.22706121,0.17597434,-0.180197,-0.32813293,0.104231715,0.27413514,0.6008899,-0.42195287,0.2253995,-0.09986435,0.6674253,0.49990186,-0.5231998,-0.437317,-0.25438225,-0.33347356,-0.44259545,-0.010984184,-0.69382024,0.4673079,-0.5028871,0.044139475,0.43590665,0.27284864,-0.29871124,-0.38987505,0.53914803,0.3619786,0.4387754,0.31637618,-0.20909005,0.49645936,-0.22161677,-0.23232575,0.0016085352,-0.06715292,0.33739612,0.20029092,0.24592012,0.4962352,0.49949425,0.7108644,0.62736577,0.4126858,0.5547541,0.863277,0.8489716,0.34213686,0.4474472,0.07648175,-0.22721973,-0.2619868,0.18021138,0.041615777,0.14898373,0.40819037,0.4817081,0.5955789,-0.30149835,-0.3747586,0.05172977,0.6045532,-0.55591613,-0.31569785,0.2751782,-0.35151523,-0.41267866,0.053468302,-0.41137576,-0.17346504,0.55631644,-0.6383703,0.09091078,-0.3272835,-0.6251449,-0.3970474,-0.42947954,0.2812537,-0.7337432,0.46869618,0.298177,0.4506323,0.5594736,0.3513046,-0.2536292,-0.6581149,0.22145584,0.2825662,-0.16346005,0.5250046,0.49047133
0.10392,0.46042603,0.5368689,0.87755966,0.65809953,0.3104369,0.6610389,0.63401085,0.465788,-0.17450614,0.2828668,-0.08473842,0.18532205,0.3524295,0.3407519,0.80303967,0.12370224,0.63874674,0.31432867,0.2597838,0.6331125,0.033408415,0.12100381,0.035028137,-0.14713854,-0.034196205,0.231309,-0.19799429,0.20462811,0.07786511,0.051927365,0.14752038,-0.016278163,0.28840986,0.17952739,0.023147833,-0.21685903,0.05018443,-0.00036223885,0.05734921,0.100273475,0.017958486,-0.083811745,-0.15441464,-0.1670554,-0.008745782,-0.05319435,-0.02476426,0.036992215,0.039639466,0.35664356,0.796836,0.7863654,0.79900515,0.48133087,0.32836312,0.7318672,0.68666726,0.014325859,-0.28018808,-0.40594572,-0.13924293,0.3460487,0.054588802,0.43528813,0.43697965,0.1813723,0.21822895,0.12639509,0.49933958,0.5853131,-0.056011397,0.18914343,-0.16595599,-0.06515349,-0.095192954,0.15217,0.059021797,-0.17178674,0.09929396,-0.27142516,-0.31901515,-0.50770223,-0.31409872,-0.59737754,-0.4556864,-0.29463574,-0.55879873,-0.037791394,-0.27139464,0.020877847,0.022071196,-0.1735815,-0.458955,-0.5545291,-0.11221138,-0.16272596,-0.48090798,0.059897017,-0.0070559806
0.6056321,0.8582483,0.81096506,0.65809953,0.93077636,0.743549,0.24748036,0.26991338,0.46483472,-0.4836075,-0.024154635,-0.41283417,-0.35044956,-0.050917216,0.054577403,0.6955067,-0.4341815,0.23162556,-0.17813036,0.7362901,0.39472425,-0.52911466,-0.44102573,-0.4160828,-0.5570475,-0.57412857,0.10520196,-0.659008,0.26692635,-0.40008968,0.12776677,0.49916846,0.42752844,-0.25234428,-0.3137171,0.59517473,0.3636964,0.5179839,0.45393568,-0.31557566,0.6224239,-0.17621359,-0.052799378,0.14360236,0.11929451,0.472467,0.39568955,0.4211895,0.5910166,0.5853683,0.79638433,0.6056831,0.46853542,0.68682474,0.862152,0.7677548,0.376878,0.37897205,-0.19573429,-0.4245983,-0.44886395,0.13362496,-0.10634723,-0.092377126,0.22446439,0.28130907,0.6952362,-0.3426919,-0.39471442,0.1860288,0.46237275,-0.5818242,-0.36495972,0.2726425,-0.54525054,-0.5898404,-0.1868414,-0.50494087,-0.05407386,0.60024035,-0.66861904,0.20702747,-0.19013092,-0.601482,-0.3218379,-0.24214092,0.26647982,-0.5769063,0.55018926,0.23036198,0.56590366,0.5291627,0.40813237,-0.2114146,-0.6917076,0.31986517,0.37824824,-0.042749718,0.61635447,0.56489205
0.64189017,0.81295466,0.84327006,0.3104369,0.743549,0.91477215,-0.060501613,0.0076583475,0.45830312,-0.38141006,-0.0767771,-0.3528028,-0.57058537,-0.21049252,-0.023177102,0.38549572,-0.6694317,-0.09057781,-0.4089833,0.773446,0.18700391,-0.7362732,-0.6727671,-0.48454416,-0.50551283,-0.6610081,-0.08539289,-0.7878897,0.33992693,-0.6641513,0.10293358,0.5459968,0.493115,-0.5605198,-0.59996605,0.74618185,0.6256585,0.6219629,0.5324737,-0.41457814,0.6832017,-0.2593855,-0.10286756,0.21689603,0.15771204,0.559126,0.44034648,0.47805387,0.70222783,0.70043993,0.7884827,0.3444298,0.11198754,0.3474062,0.8717376,0.90264916,0.031310074,0.124735765,-0.10993335,-0.20647484,-0.17186761,0.341918,-0.26514477,-0.0030693768,0.12506285,0.2151258,0.74137133,-0.58554476,-0.6155355,-0.1823648,0.32422674,-0.7395558,-0.591961,0.4504844,-0.55874217,-0.60579336,-0.2103985,-0.66308224,-0.028015556,0.7217306,-0.72312224,0.39511916,-0.018741684,-0.6299231,-0.095833495,-0.145516,0.5523101,-0.5091477,0.697925,0.5262296,0.6673149,0.7032175,0.61876553,0.016791975,-0.51502275,0.44936916,0.55904573,0.16122498,0.7209766,0.70777893
-0.34388733,-0.020763759,0.27579743,0.6610389,0.24748036,-0.060501613,0.93583417,0.9047327,0.55368817,0.25190735,0.59617424,0.3415167,0.6285918,0.7535928,0.7220211,0.6931666,0.56553423,0.90644324,0.7636993,-0.17584702,0.8535501,0.46671176,0.5686391,0.46262568,0.36966717,0.47060177,0.12672256,0.17677572,0.25302184,0.38709903,0.009635363,-0.14635967,-0.46566564,0.6695958,0.4857593,-0.45100543,-0.6537508,-0.35887614,-0.482872,0.37877658,-0.39447904,0.20397429,-0.22436509,-0.44126946,-0.47578365,-0.48884585,-0.5264413,-0.47204816,-0.42369843,-0.42056316,-0.07587358,0.81604046,0.82764894,0.58418304,0.061848342,-0.022936797,0.88215905,0.87136245,0.33796382,-0.022791296,-0.22261405,-0.29954848,0.7940452,0.41453823,0.7192725,0.6862271,-0.3241086,0.68091196,0.5277194,0.6413834,0.7459878,0.37106165,0.6435423,-0.547609,0.4307124,0.41458917,0.58766675,0.5534088,-0.27221733,-0.33135477,0.07712025,-0.7976832,-0.84281254,-0.122541666,-0.8504906,-0.7526618,-0.70237815,-0.60508144,-0.5191592,-0.635237,-0.49560708,-0.32709593,-0.66196847,-0.6149999,-0.46511334,-0.47144866,-0.6486288,-0.8723012,-0.4075469,-0.47384354
-0.34128743,-0.0003240644,0.34210348,0.63401085,0.26991338,0.0076583475,0.9047327,0.92450345,0.61811966,0.28060818,0.61892056,0.37161776,0.5966034,0.76823866,0.7524245,0.6825495,0.5334535,0.8829231,0.75535756,-0.14951234,0.87145984,0.43046337,0.5208,0.46385998,0.38750196,0.46858186,0.06575045,0.11974843,0.3078025,0.31647688,0.0028141344,-0.14780933,-0.47840703,0.6228244,0.42671674,-0.42323512,-0.6068467,-0.35952127,-0.49192026,0.38009703,-0.39131236,0.18162683,-0.2818744,-0.44733208,-0.4990291,-0.50254,-0.5491984,-0.4921406,-0.402673,-0.4065662,-0.050787687,0.83278453,0.8121883,0.56456333,0.121176064,0.04317619,0.86706376,0.89038354,0.3765452,-0.019128755,-0.19996804,-0.27687144,0.79128003,0.46586132,0.7636641,0.7273189,-0.29917482,0.6501307,0.50355744,0.6033414,0.7893305,0.34569103,0.6192577,-0.51178515,0.4324702,0.42090794,0.6203668,0.52898604,-0.2915855,-0.3163845,0.052696906,-0.78239655,-0.8501789,-0.14928676,-0.8582563,-0.7802998,-0.64828694,-0.65399915,-0.49252784,-0.5875679,-0.48566622,-0.28763133,-0.6328852,-0.6217694,-0.48578018,-0.46057564,-0.64364755,-0.86454463,-0.3813166,-0.4516313
-0.09834652,0.3162564,0.68645656,0.465788,0.46483472,0.45830312,0.55368817,0.61811966,0.86167246,0.26764703,0.5120337,0.34209785,0.12479928,0.54099524,0.66665566,0.51801646,0.071608685,0.47255766,0.35756308,0.18441004,0.73697007,-0.029908795,-0.024704054,0.2961654,0.19033514,0.11068654,-0.043702163,-0.37049496,0.6628144,-0.23694992,-0.23319492,-0.028532868,-0.27572113,0.084378146,-0.060109027,0.007461388,-0.05485428,-0.09701757,-0.2513409,0.26794705,-0.06528463,-0.278167,-0.56853193,-0.46979585,-0.5553435,-0.2396645,-0.3726564,-0.31565157,-0.04625476,-0.05147056,0.22528243,0.71075016,0.5238131,0.46494895,0.4711113,0.4742726,0.5218223,0.6960046,0.46139956,-0.08739654,-0.18844461,-0.14942278,0.46391433,0.40365404,0.72676194,0.754716,0.104029834,0.16987497,0.104319096,0.20027304,0.8098769,-0.057352077,0.19097123,0.014253467,0.21089754,0.139281,0.5696633,0.115310736,-0.5058123,0.030946413,-0.19442084,-0.39033678,-0.6354222,-0.28688723,-0.59518075,-0.708519,-0.10386261,-0.7860153,-0.059660368,-0.015861427,-0.091644526,0.1206827,-0.16335851,-0.562603,-0.55684537,-0.30300784,-0.26341978,-0.5456904,-0.0049219625,-0.048197158
-0.7684976,-0.5722841,-0.22706121,-0.17450614,-0.4836075,-0.38141006,0.25190735,0.28060818,0.26764703,0.8968863,0.5547672,0.779078,0.44394267,0.536098,0.57592905,-0.21653682,0.49473855,0.15546833,0.47877336,-0.6096844,0.24940121,0.5125555,0.41179818,0.7541382,0.8128827,0.7107496,-0.14822385,0.29980373,0.42477968,0.1475626,-0.49299306,-0.5594481,-0.70209336,0.29880798,0.24820033,-0.6224755,-0.41452855,-0.6338904,-0.7118728,0.638932,-0.7264199,-0.16396937,-0.5425204,-0.6879885,-0.7314632,-0.72474134,-0.7924527,-0.76228034,-0.7006656,-0.6780206,-0.67466307,0.012568957,-0.025347631,-0.24250653,-0.47799855,-0.40013877,0.055783972,0.21537429,0.67962277,0.38142747,0.33148205,-0.3009987,0.544526,0.50837636,0.46922034,0.4445127,-0.63142294,0.48585838,0.4797787,-0.07286772,0.27152884,0.5352233,0.5405884,-0.24870285,0.8420116,0.79145575,0.77910626,0.64065444,-0.52746433,-0.5992656,0.5146105,-0.58593535,-0.39270633,0.40560544,-0.1786466,-0.42508245,-0.36678264,-0.15622729,-0.6492677,-0.19970368,-0.70169526,-0.45785093,-0.5732261,-0.29322773,0.198109,-0.68879104,-0.6211722,-0.4720171,-0.6910042,-0.654336
-0.51112515,-0.1786977,0.17597434,0.2828668,-0.024154635,-0.0767771,0.59617424,0.61892056,0.5120337,0.5547672,0.7577965,0.62486446,0.51389396,0.71534026,0.7673218,0.28052455,0.47246015,0.5103464,0.5993296,-0.31091833,0.6034831,0.4109751,0.43281138,0.6287056,0.57961696,0.56901705,0.07985721,0.16489014,0.44620055,0.18257743,-0.19860838,-0.27684706,-0.57083374,0.40122426,0.3080243,-0.4689285,-0.45077056,-0.42937624,-0.5361674,0.5093548,-0.48680416,-0.009937928,-0.40267777,-0.5373803,-0.5913908,-0.5481405,-0.6200667,-0.5725171,-0.5127989,-0.48908707,-0.27849996,0.47202954,0.42794502,0.24798746,-0.08269935,-0.08083287,0.4633902,0.57293004,0.6347779,0.18291515,0.047173604,-0.23645106,0.7004041,0.49563307,0.66266584,0.69507,-0.39881387,0.51441944,0.41546482,0.20120786,0.58513606,0.36751342,0.55370516,-0.3052575,0.61018586,0.564651,0.7233466,0.56672204,-0.3960561,-0.35176757,0.20568743,-0.6898382,-0.6465309,0.046713993,-0.5465878,-0.6720771,-0.4736486,-0.4783606,-0.53698283,-0.33271587,-0.51510185,-0.24094045,-0.5399492,-0.465295,-0.149531,-0.51642245,-0.5781865,-0.6759645,-0.4962488,-0.50636613
-0.80172455,-0.56885135,-0.180197,-0.08473842,-0.41283417,-0.3528028,0.3415167,0.37161776,0.34209785,0.779078,0.62486446,0.89212275,0.5609863,0.6696714,0.6323007,-0.17087433,0.61398816,0.27036887,0.58801556,-0.6280316,0.33451232,0.61695534,0.4932698,0.851428,0.7390012,0.7732695,0.08773478,0.3778905,0.47277582,0.27860448,-0.4840052,-0.6587947,-0.8202871,0.41722673,0.41117835,-0.6697049,-0.48672938,-0.7389506,-0.7668558,0.7297991,-0.74369,-0.21472207,-0.5856935,-0.6988106,-0.73102367,-0.7671461,-0.78651613,-0.8041616,-0.7429928,-0.7309303,-0.62314403,0.13255526,0.14658022,-0.060055427,-0.41883934,-0.3777878,0.2040505,0.34393162,0.795877,0.20211476,0.10520102,-0.47169226,0.5824683,0.37018213,0.47702193,0.46807086,-0.61258936,0.5906364,0.6124057,0.108646944,0.3402577,0.6381772,0.66214967,-0.20805648,0.8199513,0.7556846,0.80080223,0.7284092,-0.54913086,-0.6629331,0.59226394,-0.62390685,-0.42162746,0.46382716,-0.24294144,-0.4254615,-0.4354364,-0.15362492,-0.68970263,-0.2925787,-0.68158305,-0.47818208,-0.6386698,-0.47645098,0.16985364,-0.7310863,-0.7050473,-0.49326622,-0.7125796,-0.7107407
-0.70631194,-0.5989231,-0.32813293,0.18532205,-0.35044956,-0.57058537,0.6285918,0.5966034,0.12479928,0.44394267,0.51389396,0.5609863,0.90545386,0.7365825,0.55283505,0.13142589,0.8984488,0.6630194,0.85270923,-0.6809993,0.45102403,0.8652699,0.87567365,0.7049054,0.6214744,0.8348694,0.20250079,0.7089685,-0.01879902,0.76197296,-0.050800465,-0.53757745,-0.74200654,0.8568771,0.7798728,-0.845711,-0.88780177,-0.73601574,-0.74807394,0.5750801,-0.76801634,0.2986917,-0.13910484,-0.44976658,-0.44390824,-0.76019096,-0.6823393,-0.6934989,-0.7918228,-0.8010618,-0.5715121,0.30191898,0.47664756,0.15657556,-0.50748956,-0.564026,0.55287695,0.5135848,0.4149933,0.095859006,-0.06056199,-0.49388814,0.7344469,0.27976495,0.41526863,0.3480361,-0.74350023,0.91023606,0.83748275,0.5829871,0.3016758,0.81208134,0.9059672,-0.6560471,0.69749844,0.71356833,0.5861664,0.88679314,-0.16013391,-0.7530781,0.59798265,-0.8189194,-0.53692764,0.38385177,-0.49263442,-0.40218604,-0.85954666,-0.042700358,-0.85257417,-0.8149731,-0.7937515,-0.6868572,-0.8985668,-0.47021845,0.064974345,-0.6336111,-0.8667102,-0.6713108,-0.78177965,-0.8378717
-0.6064925,-0.30640295,0.104231715,0.3524295,-0.050917216,-0.21049252,0.7535928,0.76823866,0.54099524,0.536098,0.71534026,0.6696714,0.7365825,0.9077291,0.835805,0.349703,0.7169914,0.73554814,0.8486662,-0.41763958,0.7497616,0.63679403,0.6278106,0.733004,0.60063905,0.7029142,0.12242637,0.32233655,0.40637118,0.41162997,-0.2058869,-0.43144065,-0.7428225,0.6714984,0.5450714,-0.63238716,-0.6795149,-0.6230205,-0.7319133,0.6152469,-0.626599,0.031022329,-0.47678035,-0.6289269,-0.6767378,-0.72506756,-0.74025565,-0.7184104,-0.6324081,-0.63785905,-0.33521697,0.5847597,0.60354114,0.33778435,-0.16099395,-0.19227451,0.6688403,0.74298036,0.63205814,0.0029996163,-0.16614832,-0.46497872,0.8300611,0.47363248,0.7427851,0.7138824,-0.50730836,0.7771763,0.68430054,0.52295315,0.68997216,0.58252716,0.7856556,-0.45526958,0.67519367,0.6306535,0.8015167,0.7412128,-0.43994862,-0.5545214,0.35364482,-0.8390024,-0.7709063,0.1502157,-0.700259,-0.72230005,-0.6814654,-0.47470438,-0.676563,-0.5919398,-0.6573274,-0.44525778,-0.7679975,-0.6910869,-0.26863626,-0.6647543,-0.81210697,-0.80782807,-0.6006862,-0.65993005
-0.48747873,-0.15159088,0.27413514,0.3407519,0.054577403,-0.023177102,0.7220211,0.7524245,0.66665566,0.57592905,0.7673218,0.6323007,0.55283505,0.835805,0.9275015,0.40194666,0.50118494,0.6531459,0.72247404,-0.24905255,0.80046844,0.4141125,0.45216006,0.6251784,0.61897373,0.571154,-0.07732954,0.088017724,0.4990561,0.15778586,-0.16880277,-0.2389419,-0.6083731,0.4638149,0.29711258,-0.45857117,-0.50748503,-0.4270972,-0.61368537,0.49857992,-0.49937117,0.033529487,-0.49488845,-0.5840156,-0.6841571,-0.6069813,-0.7014452,-0.6308006,-0.48486996,-0.4762038,-0.20857415,0.6108931,0.5209788,0.2827493,-0.014493868,-0.007530308,0.58735794,0.7220842,0.6444545,0.13914037,0.0015668636,-0.25165078,0.8245026,0.6606878,0.85860205,0.86381227,-0.39116818,0.59168947,0.4633885,0.31401074,0.77942795,0.35545748,0.59806895,-0.40061718,0.6158887,0.567345,0.82363737,0.57412714,-0.43402126,-0.35371384,0.13502279,-0.7906047,-0.8393124,-0.059324928,-0.7501018,-0.8514265,-0.52383745,-0.67554283,-0.5355847,-0.4067499,-0.5549822,-0.23419854,-0.6095389,-0.56841147,-0.36229855,-0.54725397,-0.66566265,-0.82788557,-0.4649277,-0.49733642
0.23260891,0.530824,0.6008899,0.80303967,0.6955067,0.38549572,0.6931666,0.6825495,0.51801646,-0.21653682,0.28052455,-0.17087433,0.13142589,0.349703,0.40194666,0.91473734,0.031763893,0.6754123,0.3093708,0.38061792,0.7109108,-0.0891376,0.08998389,-0.087679364,-0.14014909,-0.118521824,0.06317341,-0.2787656,0.15231477,-0.0030083726,0.21256165,0.34227204,0.093636885,0.24334423,0.06244137,0.12922871,-0.17730886,0.20626917,0.07636746,-0.08267598,0.19666174,0.1769912,-0.006856578,-0.055499762,-0.09536801,0.07642096,-0.0126843555,0.06778896,0.1564089,0.16621289,0.45601082,0.8144256,0.7407156,0.7099223,0.5385394,0.4193147,0.7285801,0.69428885,-0.058247853,-0.18295851,-0.296691,0.048323527,0.40002877,0.22906974,0.5188935,0.52176535,0.22925061,0.17882323,0.006051481,0.45001265,0.6556119,-0.19706777,0.11168647,-0.24825779,-0.13054073,-0.14369507,0.14249799,-0.0189869,-0.04575128,0.23774213,-0.45228916,-0.33687586,-0.6059505,-0.5249133,-0.7054813,-0.57578075,-0.2693335,-0.6932529,0.048813127,-0.2632349,0.061648242,0.14803846,-0.115701556,-0.34838197,-0.6929029,0.021043964,-0.10019643,-0.55106586,0.16134436,0.10505251
-0.79225737,-0.69682753,-0.42195287,0.12370224,-0.4341815,-0.6694317,0.56553423,0.5334535,0.071608685,0.49473855,0.47246015,0.61398816,0.8984488,0.7169914,0.50118494,0.031763893,0.9652288,0.60609996,0.8527982,-0.7728325,0.3853875,0.94648194,0.8827596,0.7722323,0.6235448,0.878952,0.24688642,0.7540531,0.010593629,0.797662,-0.20551226,-0.6943722,-0.8118136,0.8844756,0.8351856,-0.9070759,-0.8931987,-0.85523736,-0.8217274,0.672842,-0.84097856,0.15828632,-0.23806989,-0.5514554,-0.5185651,-0.83970606,-0.7329141,-0.7716404,-0.8636738,-0.8833325,-0.6703659,0.23210087,0.43042976,0.12504373,-0.59375477,-0.65492094,0.5137833,0.47745118,0.44975555,0.020759337,-0.12832142,-0.63177025,0.6960838,0.192348,0.36839437,0.26615185,-0.7852079,0.9382639,0.92884606,0.6196482,0.25011438,0.91775334,0.949634,-0.5915595,0.7447113,0.7589053,0.6033132,0.92645305,-0.2779162,-0.87113094,0.7403487,-0.77853274,-0.45575187,0.5526298,-0.39129,-0.3053664,-0.8426218,0.056871787,-0.88826257,-0.8082092,-0.83311766,-0.80188566,-0.92656076,-0.5495297,0.13852906,-0.74635917,-0.9148184,-0.60555375,-0.83887994,-0.9024335
-0.29827374,-0.040620957,0.2253995,0.63874674,0.23162556,-0.09057781,0.90644324,0.8829231,0.47255766,0.15546833,0.5103464,0.27036887,0.6630194,0.73554814,0.6531459,0.6754123,0.60609996,0.9463228,0.7863668,-0.17898023,0.8209532,0.4980824,0.60516286,0.40758246,0.3053492,0.45661658,0.14206079,0.23704147,0.13796912,0.46680346,0.088296995,-0.14646345,-0.44134206,0.7280555,0.536398,-0.4503591,-0.68765855,-0.36315525,-0.46046668,0.33829027,-0.37286806,0.2772019,-0.14961742,-0.35937437,-0.3847872,-0.47094864,-0.47156942,-0.43111396,-0.39303887,-0.4053902,-0.05096031,0.786762,0.84108186,0.5811458,0.047459763,-0.05684989,0.90446216,0.85588133,0.24035937,-0.107591316,-0.29838175,-0.3241652,0.75176525,0.34063798,0.660066,0.5991591,-0.31205085,0.7133994,0.5661514,0.7353902,0.689781,0.40271464,0.6624067,-0.56927514,0.3621129,0.36664277,0.505309,0.5462234,-0.17752479,-0.34887397,0.09724048,-0.76091796,-0.78630054,-0.10350712,-0.8407451,-0.67079556,-0.7263193,-0.5180924,-0.50023067,-0.7075815,-0.4750049,-0.35056207,-0.66677463,-0.6064875,-0.46694666,-0.4263304,-0.6554574,-0.822994,-0.37573516,-0.46028215
-0.6589407,-0.45550504,-0.09986435,0.31432867,-0.17813036,-0.4089833,0.7636993,0.75535756,0.35756308,0.47877336,0.5993296,0.58801556,0.85270923,0.8486662,0.72247404,0.3093708,0.8527982,0.7863668,0.94199646,-0.55099565,0.67059374,0.78411174,0.7954424,0.708892,0.61654425,0.7806386,0.07406616,0.5140942,0.16297387,0.6145821,-0.105142936,-0.4902509,-0.75789165,0.8431895,0.6841016,-0.7621437,-0.84438455,-0.7056258,-0.79044425,0.5853934,-0.7268195,0.20195542,-0.3171599,-0.55924976,-0.5855745,-0.79927766,-0.7570983,-0.7412071,-0.71864414,-0.736954,-0.44211674,0.5018366,0.59861016,0.2727018,-0.32677925,-0.3812752,0.6930626,0.7006079,0.48007882,0.022793598,-0.15532213,-0.49775732,0.8465623,0.42337564,0.64318895,0.5592796,-0.6492714,0.9124526,0.8198317,0.65276074,0.55357957,0.72703016,0.8955734,-0.6327052,0.6897404,0.69119745,0.7187185,0.8342091,-0.3026636,-0.68931663,0.47414938,-0.8752174,-0.71829647,0.23882546,-0.6786904,-0.60071874,-0.82214636,-0.30137953,-0.7805215,-0.7807776,-0.7713077,-0.61798626,-0.8928523,-0.63254416,-0.18576296,-0.6842572,-0.9112775,-0.8024008,-0.69214153,-0.7675991
0.86069363,0.86679846,0.6674253,0.2597838,0.7362901,0.773446,-0.17584702,-0.14951234,0.18441004,-0.6096844,-0.31091833,-0.6280316,-0.6809993,-0.41763958,-0.24905255,0.38061792,-0.7728325,-0.17898023,-0.55099565,0.9255004,0.026596203,-0.84279287,-0.7108277,-0.719761,-0.70696247,-0.8588846,-0.06743409,-0.7737063,0.09159593,-0.6269587,0.26498073,0.7343261,0.7360053,-0.60383713,-0.6242422,0.8856769,0.6909513,0.82908416,0.76157033,-0.58758366,0.88777506,-0.12750041,0.16544566,0.44573635,0.4137,0.78449464,0.6885921,0.7361671,0.88748217,0.89267683,0.87480366,0.19917387,0.023802139,0.28555006,0.8034574,0.78726214,-0.06553845,-0.060066633,-0.40489763,-0.28176677,-0.21965304,0.44650215,-0.43696845,-0.15920484,-0.08114351,0.00419442,0.87230724,-0.70120686,-0.75042737,-0.19145393,0.11929253,-0.8699122,-0.7334689,0.466765,-0.79323924,-0.82029146,-0.49158767,-0.8296915,0.18453597,0.8664735,-0.8395012,0.55930734,0.12730148,-0.7175263,-0.007537447,0.032949418,0.61092824,-0.3549369,0.8536568,0.5413158,0.8269222,0.79608023,0.76081216,0.2014092,-0.5103297,0.65028095,0.7360345,0.31199393,0.8817887,0.8827459
-0.20821813,0.15804596,0.49990186,0.6331125,0.39472425,0.18700391,0.8535501,0.87145984,0.73697007,0.24940121,0.6034831,0.33451232,0.45102403,0.7497616,0.80046844,0.7109108,0.3853875,0.8209532,0.67059374,0.026596203,0.95238143,0.25745523,0.349796,0.39313585,0.29548597,0.3142907,0.021168532,-0.07811999,0.45736185,0.12478083,-0.05025323,-0.047723632,-0.3942208,0.47335824,0.27417523,-0.23949912,-0.43596894,-0.23050325,-0.40367073,0.34054953,-0.23405369,0.03521567,-0.39464307,-0.46175998,-0.53349876,-0.39741838,-0.47820073,-0.40606904,-0.23923539,-0.24104223,0.108111545,0.85602915,0.77168715,0.583712,0.2797305,0.21546891,0.8136469,0.8897901,0.39624307,-0.10938722,-0.27594307,-0.24831116,0.7382084,0.4881598,0.8396038,0.8272605,-0.12085228,0.5144617,0.36856088,0.5322032,0.9053446,0.17602152,0.48669994,-0.34806144,0.32783493,0.28453177,0.6305982,0.3785963,-0.37039393,-0.1543822,-0.090179265,-0.6844937,-0.87667584,-0.2790392,-0.8816749,-0.85128903,-0.48715305,-0.8038249,-0.3152219,-0.42282206,-0.33011496,-0.110119745,-0.48136538,-0.66273385,-0.6499043,-0.40009713,-0.53220254,-0.825021,-0.2119678,-0.27973112
-0.8323187,-0.76821333,-0.5231998,0.033408415,-0.52911466,-0.7362732,0.46671176,0.43046337,-0.029908795,0.5125555,0.4109751,0.61695534,0.8652699,0.63679403,0.4141125,-0.0891376,0.94648194,0.4980824,0.78411174,-0.84279287,0.25745523,0.9704531,0.87144965,0.7731669,0.641228,0.88828754,0.2612127,0.81071377,-0.025557112,0.8088083,-0.24056941,-0.7462565,-0.8072086,0.8450029,0.8322717,-0.93264276,-0.8686371,-0.8784805,-0.8135563,0.6766113,-0.87235093,0.15209913,-0.2128098,-0.53399235,-0.4860617,-0.8339566,-0.7237723,-0.7684394,-0.89742684,-0.9156873,-0.7543733,0.111094445,0.3268149,0.03138929,-0.68059105,-0.73295546,0.40477607,0.3639558,0.41402215,0.062300935,-0.06933904,-0.62779313,0.61447704,0.14005211,0.2635448,0.16143462,-0.82764065,0.9017501,0.9214442,0.5417282,0.12653494,0.9491111,0.9180094,-0.56402314,0.7597234,0.7753531,0.5639813,0.9232878,-0.26422736,-0.9068962,0.81326056,-0.7213745,-0.33981115,0.6363225,-0.2708049,-0.21269377,-0.8110471,0.18009333,-0.9044255,-0.7668883,-0.84712946,-0.84625626,-0.90351236,-0.4675796,0.26355657,-0.74447775,-0.87965196,-0.5211891,-0.8781257,-0.9279115
-0.68359566,-0.6477046,-0.437317,0.12100381,-0.44102573,-0.6727671,0.5686391,0.5208,-0.024704054,0.41179818,0.43281138,0.4932698,0.87567365,0.6278106,0.45216006,0.08998389,0.8827596,0.60516286,0.7954424,-0.7108277,0.349796,0.87144965,0.9190764,0.64137447,0.60904765,0.812757,0.1658408,0.77147233,-0.16096494,0.8109395,0.015428204,-0.49599293,-0.6630593,0.861226,0.79613173,-0.85560656,-0.9008839,-0.69741964,-0.69770014,0.51210046,-0.7597263,0.40178496,-0.0112021305,-0.37551594,-0.34787244,-0.7143799,-0.6263028,-0.63564676,-0.7857623,-0.79290664,-0.6194465,0.20139226,0.3911843,0.061545957,-0.59914696,-0.6488142,0.48433924,0.41161585,0.30322286,0.17857973,0.024952503,-0.40691257,0.6927421,0.25752184,0.3176985,0.23606823,-0.77979195,0.8825619,0.80368173,0.53922707,0.18090647,0.81180525,0.8668177,-0.71249425,0.6753824,0.7162609,0.4958387,0.86313033,-0.066972844,-0.74380946,0.5978366,-0.7789794,-0.45404255,0.42581296,-0.4206035,-0.31496423,-0.8732325,0.06772594,-0.8573592,-0.8380623,-0.8000305,-0.73248255,-0.8834635,-0.35873294,0.1713338,-0.5804807,-0.8191259,-0.62255096,-0.7907943,-0.83083344
-0.8768076,-0.6335119,-0.25438225,0.035028137,-0.4160828,-0.48454416,0.46262568,0.46385998,0.2961654,0.7541382,0.6287056,0.851428,0.7049054,0.733004,0.6251784,-0.087679364,0.7722323,0.40758246,0.708892,-0.719761,0.39313585,0.7731669,0.64137447,0.92802006,0.742484,0.8589016,0.21553662,0.5125945,0.41402274,0.46354616,-0.5286721,-0.76170635,-0.8798982,0.59268725,0.5914428,-0.8010013,-0.65016997,-0.8436259,-0.83306634,0.82394373,-0.8288785,-0.17547286,-0.5691229,-0.7659255,-0.7634578,-0.84581506,-0.83116186,-0.8633579,-0.8558012,-0.8478302,-0.6986643,0.20526004,0.2907154,0.05481338,-0.48933536,-0.49632648,0.35095492,0.44326386,0.74416137,0.107559755,-0.012779443,-0.61371994,0.64258635,0.2971226,0.48372233,0.43428174,-0.6926836,0.7456502,0.7702133,0.3093133,0.3583017,0.7798425,0.80144167,-0.3078772,0.8603537,0.8069562,0.80422235,0.8445513,-0.58954334,-0.7911546,0.69687283,-0.7163441,-0.46043745,0.5559772,-0.31487396,-0.41838583,-0.5983833,-0.10883023,-0.8101544,-0.47554803,-0.77765393,-0.6488466,-0.77023673,-0.5824375,0.16125943,-0.84171546,-0.82023585,-0.5744953,-0.82093024,-0.8364373
-0.79994124,-0.6594795,-0.33347356,-0.14713854,-0.5570475,-0.50551283,0.36966717,0.38750196,0.19033514,0.8128827,0.57961696,0.7390012,0.6214744,0.60063905,0.61897373,-0.14014909,0.6235448,0.3053492,0.61654425,-0.70696247,0.29548597,0.641228,0.60904765,0.742484,0.90356314,0.8192703,-0.2053043,0.47340804,0.17372954,0.33861423,-0.23148134,-0.50227654,-0.72106385,0.48482016,0.3818365,-0.7515721,-0.61256933,-0.66483057,-0.76819986,0.56301475,-0.8225563,0.13666278,-0.3313546,-0.54690766,-0.60593015,-0.79087156,-0.8261076,-0.77712905,-0.7829744,-0.7639365,-0.7191499,0.05311127,0.057790004,-0.25735208,-0.580799,-0.50798994,0.16817734,0.27588987,0.60669065,0.50435007,0.4103467,-0.20136678,0.69556135,0.60793734,0.48711002,0.44250733,-0.79389465,0.63814247,0.57696635,0.042570323,0.2408435,0.6335863,0.6665596,-0.5228427,0.88316244,0.8859178,0.7527463,0.76687604,-0.30111137,-0.66316605,0.5350702,-0.72762597,-0.48819542,0.35679913,-0.30203235,-0.4670636,-0.5691248,-0.1263771,-0.7875742,-0.4311192,-0.8308079,-0.5665043,-0.72815937,-0.24404918,0.20065424,-0.63152593,-0.7383839,-0.5903871,-0.7883073,-0.76324797
-0.90580297,-0.77609,-0.44259545,-0.034196205,-0.57412857,-0.6610081,0.47060177,0.46858186,0.11068654,0.7107496,0.56901705,0.7732695,0.8348694,0.7029142,0.571154,-0.118521824,0.878952,0.45661658,0.7806386,-0.8588846,0.3142907,0.88828754,0.812757,0.8589016,0.8192703,0.96467423,0.0799147,0.7122804,0.104564264,0.64318216,-0.26378313,-0.7086481,-0.8686403,0.73400176,0.68886495,-0.9364325,-0.8145948,-0.86995703,-0.87726223,0.70148504,-0.9340118,0.13839546,-0.31244874,-0.59718126,-0.60024226,-0.8952577,-0.84667456,-0.86153257,-0.9367077,-0.9381775,-0.79843307,0.11833735,0.24793279,-0.076557085,-0.67220265,-0.6672501,0.33737725,0.37094384,0.5990231,0.28020015,0.13492,-0.50025773,0.7142188,0.3671268,0.40095222,0.33404407,-0.87981725,0.85574335,0.8371634,0.34707615,0.2102871,0.87985593,0.88745415,-0.56946784,0.89643884,0.9010614,0.7260735,0.9482026,-0.31443882,-0.864929,0.7544732,-0.7982497,-0.44755387,0.5644899,-0.32538733,-0.36904317,-0.7660649,0.027972125,-0.9399982,-0.66055393,-0.9060678,-0.76518595,-0.89684975,-0.4321627,0.2611421,-0.7584219,-0.89459705,-0.61104,-0.9238696,-0.9424461
-0.09641287,0.0056337593,-0.010984184,0.231309,0.10520196,-0.08539289,0.12672256,0.06575045,-0.043702163,-0.14822385,0.07985721,0.08773478,0.20250079,0.12242637,-0.07732954,0.06317341,0.24688642,0.14206079,0.07406616,-0.06743409,0.021168532,0.2612127,0.1658408,0.21553662,-0.2053043,0.0799147,0.8501316,0.21748866,0.122502156,0.35196543,-0.21136516,-0.27226537,-0.13650104,0.19015616,0.45776692,-0.11836079,-0.12229367,-0.19318414,0.03401202,0.3290458,0.015557094,-0.24064888,-0.026453188,-0.1262649,-0.017574538,0.02617562,0.1147078,0.0074726464,-0.13076653,-0.11980737,-0.012485648,0.16115376,0.34609476,0.4345421,0.026810896,-0.11698209,0.25143132,0.15191661,0.12806787,-0.37621838,-0.45675415,-0.47312608,-0.08733861,-0.5449475,-0.1792472,-0.112412944,0.09886057,0.14533831,0.24636778,0.31620577,-0.011572872,0.22891805,0.20849726,0.22576708,-0.04057023,-0.103923246,-0.0758975,0.14860398,-0.191683,-0.14588684,0.22767863,0.009139232,0.09883409,0.30600291,0.0409448,0.16085422,-0.14078917,0.17938757,-0.09481221,-0.1250724,0.092560664,-0.12454446,-0.0814276,-0.3315752,0.12739396,-0.18951452,-0.056327187,0.06448913,-0.10040961,-0.12558068
-0.6293938,-0.77393335,-0.69382024,-0.19799429,-0.659008,-0.7878897,0.17677572,0.11974843,-0.37049496,0.29980373,0.16489014,0.3778905,0.7089685,0.32233655,0.088017724,-0.2787656,0.7540531,0.23704147,0.5140942,-0.7737063,-0.07811999,0.81071377,0.77147233,0.5125945,0.47340804,0.7122804,0.21748866,0.88859177,-0.36237973,0.80753565,0.0231394,-0.5328337,-0.5345422,0.6647868,0.7292122,-0.7859324,-0.71196544,-0.65000176,-0.541295,0.41026714,-0.692583,0.35108638,0.16470222,-0.17735288,-0.115623645,-0.5716972,-0.42810604,-0.4817781,-0.7232573,-0.7285018,-0.70078933,-0.18996221,0.050837114,-0.18797648,-0.75652647,-0.7867608,0.12950793,0.020656444,0.16067532,0.17825744,0.10206258,-0.3663116,0.35369545,-0.036217995,-0.082896784,-0.16097492,-0.7506166,0.6741251,0.6910685,0.325564,-0.24132812,0.7927446,0.6852645,-0.51429784,0.5453464,0.6036078,0.21921071,0.73134136,0.096132696,-0.7287869,0.71374214,-0.4680646,-0.044889055,0.6019776,-0.008672708,0.09216818,-0.65212095,0.4649511,-0.74479866,-0.6552912,-0.66390973,-0.70600915,-0.6916754,-0.08856711,0.49464786,-0.43012136,-0.60871744,-0.23537514,-0.73099095,-0.7442975
-0.22707056,0.16007787,0.4673079,0.20462811,0.26692635,0.33992693,0.25302184,0.3078025,0.6628144,0.42477968,0.44620055,0.47277582,-0.01879902,0.40637118,0.4990561,0.15231477,0.010593629,0.13796912,0.16297387,0.09159593,0.45736185,-0.025557112,-0.16096494,0.41402274,0.17372954,0.104564264,0.122502156,-0.36237973,0.8779505,-0.3277341,-0.6203975,-0.2552937,-0.33126032,-0.10232414,-0.09226433,0.022479793,0.105786085,-0.19175303,-0.24774872,0.46737868,-0.0785453,-0.65501755,-0.76259947,-0.63794076,-0.68114686,-0.23872292,-0.35720572,-0.35702556,-0.10054855,-0.08528868,0.044757567,0.3971169,0.24842483,0.29095435,0.3109447,0.3109476,0.21766001,0.4275093,0.5993786,-0.17259532,-0.20918675,-0.32425618,0.24402532,0.17754787,0.5242605,0.5614945,0.1420287,0.03366398,0.08858857,-0.014544828,0.59193766,-0.013537151,0.11080019,0.3497727,0.27359512,0.13262679,0.55700386,0.086589456,-0.7668588,-0.044204723,0.008796296,-0.17854229,-0.36440307,0.0149906045,-0.24005768,-0.45851576,0.09899366,-0.5583713,-0.019980911,0.2412183,-0.033818115,0.09410465,-0.03466781,-0.5637214,-0.31364283,-0.4400837,-0.17276084,-0.2748608,-0.04729919,-0.049101092
-0.51887023,-0.591824,-0.5028871,0.07786511,-0.40008968,-0.6641513,0.38709903,0.31647688,-0.23694992,0.1475626,0.18257743,0.27860448,0.76197296,0.41162997,0.15778586,-0.0030083726,0.797662,0.46680346,0.6145821,-0.6269587,0.12478083,0.8088083,0.8109395,0.46354616,0.33861423,0.64318216,0.35196543,0.80753565,-0.3277341,0.89282274,0.089152865,-0.45791587,-0.49285004,0.79182625,0.8181847,-0.7267356,-0.77513695,-0.6035563,-0.50769013,0.38493323,-0.58885515,0.36097696,0.17116866,-0.1726455,-0.10152586,-0.5253477,-0.37169775,-0.4178024,-0.6384854,-0.6574506,-0.51366186,0.06602597,0.32418138,0.096498124,-0.56305397,-0.6466402,0.3837381,0.24416253,0.081620485,-0.012473251,-0.13523215,-0.4406076,0.428083,-0.068747066,0.02695699,-0.058093823,-0.6313126,0.7516812,0.7349899,0.5681666,-0.052478492,0.75838697,0.73276913,-0.5585668,0.4388922,0.49228626,0.20538585,0.7081963,0.07745944,-0.6693438,0.59797746,-0.52330816,-0.17764625,0.47138107,-0.20614108,-0.010661502,-0.74020886,0.31510353,-0.69362986,-0.7728728,-0.5982679,-0.6843357,-0.7244084,-0.25894493,0.25196776,-0.420173,-0.6395967,-0.3498903,-0.64031076,-0.69259787
0.4643922,0.2192254,0.044139475,0.051927365,0.12776677,0.10293358,0.009635363,0.0028141344,-0.23319492,-0.49299306,-0.19860838,-0.4840052,-0.050800465,-0.2058869,-0.16880277,0.21256165,-0.20551226,0.088296995,-0.105142936,0.26498073,-0.05025323,-0.24056941,0.015428204,-0.5286721,-0.23148134,-0.26378313,-0.21136516,0.0231394,-0.6203975,0.089152865,0.9091423,0.6114607,0.43674153,-0.021852136,-0.12813874,0.23020373,0.00851205,0.47217923,0.38334307,-0.6361101,0.31901082,0.75100845,0.698661,0.74022067,0.677868,0.3935484,0.41601932,0.47477943,0.35280108,0.3491513,0.35364103,0.0047404007,0.00870341,-0.039758243,0.13252075,0.14510937,0.033652693,-0.1162083,-0.4738934,0.19183186,0.17576927,0.5607905,-0.032754716,0.10268198,-0.14963385,-0.13734715,0.11683436,-0.11959519,-0.2990697,0.018800253,-0.16739841,-0.30852306,-0.22324756,-0.3468977,-0.3991632,-0.27717626,-0.44080782,-0.23469052,0.828245,0.39944875,-0.44242895,0.08608842,0.02163364,-0.49426556,-0.15267588,0.03661349,-0.035180833,0.032711968,0.20924732,-0.16208732,0.21869594,0.27003354,0.16400059,0.47823504,-0.10089293,0.64286035,0.26744062,0.043771073,0.29907492,0.2964198
0.7954235,0.68628263,0.43590665,0.14752038,0.49916846,0.5459968,-0.14635967,-0.14780933,-0.028532868,-0.5594481,-0.27684706,-0.6587947,-0.53757745,-0.43144065,-0.2389419,0.34227204,-0.6943722,-0.14646345,-0.4902509,0.7343261,-0.047723632,-0.7462565,-0.49599293,-0.76170635,-0.50227654,-0.7086481,-0.27226537,-0.5328337,-0.2552937,-0.45791587,0.6114607,0.9055125,0.77289903,-0.49045816,-0.568596,0.7135043,0.49861553,0.8704314,0.7353134,-0.7257255,0.7455882,0.34989375,0.49793828,0.66350234,0.6014707,0.74527055,0.644174,0.7508472,0.75873494,0.7805173,0.70512915,0.068876624,-0.08668299,0.049887337,0.5599108,0.5804219,-0.12198177,-0.16655664,-0.50863606,0.09579829,0.15699573,0.73200595,-0.29118717,0.07574976,-0.10946699,-0.02937395,0.60131884,-0.5933517,-0.75372314,-0.28064072,-0.022386542,-0.8051363,-0.66233987,0.09911621,-0.6767446,-0.626996,-0.52840954,-0.69473827,0.5390765,0.8356246,-0.8485558,0.40520227,0.078735515,-0.77479446,-0.05701703,0.0020908131,0.41160896,-0.24896553,0.65995514,0.34651953,0.6321897,0.705039,0.6214918,0.5026133,-0.33193374,0.77783924,0.67279434,0.22028434,0.70889705,0.7419973
0.8561533,0.65953135,0.27284864,-0.016278163,0.42752844,0.493115,-0.46566564,-0.47840703,-0.27572113,-0.70209336,-0.57083374,-0.8202871,-0.74200654,-0.7428225,-0.6083731,0.093636885,-0.8118136,-0.44134206,-0.75789165,0.7360053,-0.3942208,-0.8072086,-0.6630593,-0.8798982,-0.72106385,-0.8686403,-0.13650104,-0.5345422,-0.33126032,-0.49285004,0.43674153,0.77289903,0.9184471,-0.6488887,-0.6100835,0.81573546,0.684034,0.8869162,0.8811115,-0.75805223,0.8525175,0.12810591,0.53735924,0.7175585,0.7198547,0.88727903,0.84334934,0.88572,0.8421593,0.85970455,0.67832935,-0.20048314,-0.29342672,-0.042011257,0.504086,0.503065,-0.371359,-0.45141107,-0.68579805,-0.06782566,0.04912741,0.6247479,-0.6464295,-0.29352784,-0.46720955,-0.3970308,0.7192193,-0.78463674,-0.81950045,-0.3719704,-0.34554118,-0.81819236,-0.83378124,0.35913876,-0.8296256,-0.79861593,-0.784485,-0.8559953,0.5110879,0.8300522,-0.72784805,0.7175667,0.45251638,-0.55548596,0.31777823,0.3917831,0.6269195,0.0776616,0.8078958,0.53755075,0.7955142,0.68949306,0.81020147,0.6012789,-0.117079645,0.8161588,0.8646115,0.5734576,0.8022802,0.8445231
-0.60525715,-0.51756895,-0.29871124,0.28840986,-0.25234428,-0.5605198,0.6695958,0.6228244,0.084378146,0.29880798,0.40122426,0.41722673,0.8568771,0.6714984,0.4638149,0.24334423,0.8844756,0.7280555,0.8431895,-0.60383713,0.47335824,0.8450029,0.861226,0.59268725,0.48482016,0.73400176,0.19015616,0.6647868,-0.10232414,0.79182625,-0.021852136,-0.49045816,-0.6488887,0.93303084,0.7959503,-0.7873475,-0.8996227,-0.68380654,-0.6801709,0.49979872,-0.6926385,0.32079828,-0.08307789,-0.4116408,-0.38227242,-0.7021631,-0.60484016,-0.61711395,-0.7080402,-0.73216796,-0.4815588,0.36701578,0.5602646,0.25369138,-0.44365945,-0.53521484,0.64253104,0.5557543,0.23942152,-0.032346517,-0.1952421,-0.51578426,0.6882362,0.19080682,0.3871142,0.27512157,-0.669273,0.90654325,0.8442106,0.72697663,0.3013034,0.7828841,0.8734731,-0.6754919,0.57852125,0.6081436,0.48243243,0.8073001,-0.13760959,-0.7256855,0.5442163,-0.766863,-0.51498204,0.345398,-0.52364683,-0.35620642,-0.8717884,-0.034908555,-0.77958375,-0.87144136,-0.73910844,-0.7183442,-0.8784561,-0.5052771,-0.037484467,-0.6057185,-0.8381456,-0.6552977,-0.6939626,-0.77090585
-0.60057676,-0.550068,-0.38987505,0.17952739,-0.3137171,-0.59996605,0.4857593,0.42671674,-0.060109027,0.24820033,0.3080243,0.41117835,0.7798728,0.5450714,0.29711258,0.06244137,0.8351856,0.536398,0.6841016,-0.6242422,0.27417523,0.8322717,0.79613173,0.5914428,0.3818365,0.68886495,0.45776692,0.7292122,-0.09226433,0.8181847,-0.12813874,-0.568596,-0.6100835,0.7959503,0.86467427,-0.7490611,-0.777097,-0.6816267,-0.5778291,0.5522343,-0.63308245,0.17446971,-0.067088544,-0.3729508,-0.3054418,-0.60174906,-0.47720993,-0.53400755,-0.6943748,-0.70638996,-0.5222453,0.2047304,0.4436078,0.22251914,-0.49317068,-0.59619987,0.48957,0.3863495,0.25219688,-0.11272973,-0.25547597,-0.58786356,0.496127,-0.05721037,0.17244864,0.08945571,-0.59540534,0.79285175,0.79471505,0.62122554,0.11892247,0.7876245,0.7975522,-0.45093703,0.514841,0.5332418,0.3606241,0.75952345,-0.1614838,-0.7109553,0.6316445,-0.5973309,-0.2949571,0.49374467,-0.28706503,-0.14233024,-0.74344814,0.16808748,-0.72145844,-0.7341262,-0.6246437,-0.687691,-0.7503366,-0.45677057,0.15627208,-0.5767627,-0.7078061,-0.43619293,-0.6752704,-0.7341963
