0,1,2,3,4,5,6,7,8,9,10,11,12,13,14,15,16,17,18,19,20,21,22,23,24,25,26,27,28,29,30,31,32,33,34,35,36,37,38,39,40,41,42,43,44,45,46,47,48,49,50,51,52,53,54,55,56,57,58,59,60,61,62,63,64,65,66,67,68,69,70,71,72,73,74,75,76,77,78,79,80,81,82,83,84,85,86,87,88,89,90,91,92,93,94,95,96,97,98,99
0.94504243,0.90760946,0.894345,0.87590945,0.868952,0.8440836,0.8034711,0.8916427,0.01985266,0.057036567,-0.024657585,-0.3657912,0.19390513,0.5688508,0.30263934,0.93730795,-0.05451864,0.91511023,0.27706704,-0.19002023,0.4892435,0.7671823,0.48894262,-0.4548955,-0.6319114,-0.5106591,-0.8834916,-0.8935875,0.5079988,0.74328196,-0.07194188,0.19852254,0.09428568,-0.10668075,-0.26385048,-0.66457665,-0.7784798,-0.18174359,-0.02904525,-0.65794647,-0.62296426,-0.5650641,0.13112196,-0.5056298,-0.7649202,-0.16806363,-0.34433633,-0.7140397,0.7256907,-0.77844644,0.93351626,0.9135828,0.916659,0.7590538,0.8700582,0.64821374,0.90557766,0.7644843,-0.2714202,0.2275927,-0.2339795,0.11603151,0.34464276,0.09455548,-0.005441503,0.037329182,0.6738806,0.18639189,0.8297008,0.9140619,-0.13661021,0.7102068,0.73534536,-0.8042358,-0.48127455,-0.44257194,-0.16530839,-0.6274934,0.15712494,-0.056547903,-0.90334094,-0.37226826,-0.5619874,0.3681953,-0.90966916,-0.6458423,-0.84270847,-0.77873695,-0.70026827,-0.7699695,-0.31250444,0.081548125,-0.7062584,0.23749648,-0.3492673,-0.29199046,-0.50567406,-0.65733826,0.91130066,-0.7473887
0.90760946,0.9804405,0.9207518,0.93943775,0.92772424,0.8306937,0.77255493,0.9416914,0.022363923,-0.018338904,-0.12015809,-0.46229368,0.16906309,0.47847033,0.20014153,0.94045925,-0.14434332,0.9066864,0.2234271,-0.25804606,0.44367796,0.7068676,0.4070294,-0.5406488,-0.74199563,-0.6035821,-0.91616786,-0.93739396,0.40803397,0.7221691,-0.03391669,0.13696425,0.11266387,-0.24619162,-0.32284093,-0.6593356,-0.7762482,-0.158751,0.0031746856,-0.7169937,-0.59766793,-0.5318938,0.17441857,-0.51390177,-0.7235762,-0.12911576,-0.30589408,-0.74584883,0.6318767,-0.7752191,0.9340512,0.97651285,0.9577613,0.86387837,0.89955854,0.61186737,0.95393836,0.8121503,-0.36002332,0.15078133,-0.33584735,0.089401364,0.30298525,0.053572815,-0.049161434,-0.017536491,0.6091578,0.14188698,0.81729305,0.93077743,-0.19180697,0.68290377,0.69438505,-0.8234763,-0.5581108,-0.5206706,-0.24051161,-0.6978656,0.18323213,-0.11086796,-0.92464083,-0.36853886,-0.5168749,0.30016255,-0.9260137,-0.60285187,-0.8608787,-0.764857,-0.70000595,-0.7379076,-0.30985808,0.051721714,-0.6854193,0.20448679,-0.30253917,-0.31775475,-0.46376175,-0.7354598,0.8589926,-0.7460257
0.894345,0.9207518,0.9382427,0.8762413,0.9138025,0.8826322,0.8027594,0.9210341,0.13581434,0.057311986,-0.026543412,-0.35261166,0.24334559,0.5268084,0.25359622,0.9068639,-0.10639136,0.8684876,0.21884486,-0.21500091,0.42358565,0.72508395,0.41150075,-0.48912072,-0.65594673,-0.53456175,-0.8737917,-0.8785043,0.48498666,0.737449,-0.018582769,0.1957842,0.09868246,-0.18163384,-0.28587198,-0.59677047,-0.71550596,-0.13945532,0.015064223,-0.6486283,-0.5736985,-0.49864972,0.1503112,-0.46269804,-0.7023673,-0.1285419,-0.3082,-0.7080379,0.708742,-0.7220054,0.9069984,0.9277814,0.9086946,0.7755101,0.9124468,0.69947726,0.905931,0.84300596,-0.27141237,0.18851312,-0.24048932,0.18142411,0.40015203,0.044209864,-0.053823728,-0.016424607,0.68530625,0.13982031,0.77616775,0.88111275,-0.18362162,0.6948488,0.6575,-0.760406,-0.5119772,-0.45627522,-0.1855228,-0.63510644,0.2004616,-0.045003563,-0.88316154,-0.34364587,-0.52476764,0.32857803,-0.89275444,-0.6042496,-0.8003931,-0.73125917,-0.6376306,-0.71301615,-0.29356533,0.094353944,-0.6506382,0.24873662,-0.30178282,-0.26187772,-0.45783842,-0.69608533,0.871127,-0.6926514
0.87590945,0.93943775,0.8762413,0.93347514,0.8767741,0.7853807,0.74635005,0.908512,-0.004160923,-0.00013342872,-0.10977697,-0.49255306,0.16646397,0.44738126,0.16307263,0.9203875,-0.17667669,0.8832729,0.18259299,-0.31221294,0.40652627,0.6932559,0.3748442,-0.57533133,-0.74069965,-0.6284068,-0.90651417,-0.91936636,0.3496,0.7126094,0.010377163,0.16329272,0.1685313,-0.21363671,-0.26362038,-0.6666971,-0.76578474,-0.115259685,0.0530022,-0.68669164,-0.5600313,-0.48773408,0.22981027,-0.475028,-0.6920409,-0.07467812,-0.24891339,-0.7013576,0.5774742,-0.76245224,0.90989566,0.9391334,0.939926,0.850508,0.8513105,0.553566,0.93497396,0.75141275,-0.3426858,0.10054402,-0.36544418,0.077760234,0.22309586,0.012151858,-0.0910633,-0.059233177,0.5704752,0.09970491,0.7964618,0.9073798,-0.23569292,0.6768856,0.67043805,-0.8073173,-0.5878519,-0.554785,-0.29465568,-0.7207415,0.22194055,-0.085395694,-0.907403,-0.32484192,-0.4674356,0.32888538,-0.90950274,-0.5534094,-0.8520792,-0.7249204,-0.701327,-0.7056154,-0.2539743,0.09510079,-0.6548442,0.24039727,-0.24863255,-0.27824366,-0.41289377,-0.6813519,0.8178643,-0.73158455
0.868952,0.92772424,0.9138025,0.8767741,0.9271246,0.85053444,0.7655704,0.9122812,0.10155168,0.045654707,-0.036198948,-0.35163063,0.24654049,0.51773494,0.2488182,0.89570504,-0.10232787,0.85116804,0.22031218,-0.22921316,0.42295587,0.7070621,0.39631376,-0.4892471,-0.6630187,-0.53700376,-0.8689176,-0.8719401,0.45782608,0.72217286,-0.010402858,0.18032083,0.09654252,-0.23863003,-0.28591335,-0.61317647,-0.714511,-0.14267083,0.02034324,-0.66645896,-0.5703722,-0.49163443,0.15435445,-0.45733017,-0.69158745,-0.12093404,-0.30180734,-0.7056755,0.6517599,-0.725865,0.88646865,0.9295137,0.9044021,0.7814431,0.9002571,0.65085614,0.90087736,0.8134798,-0.2809454,0.18720269,-0.24420145,0.17793985,0.37144446,0.050278712,-0.05097872,-0.013332286,0.62603784,0.14301214,0.76103747,0.86701244,-0.18519193,0.66244,0.6403626,-0.7682804,-0.5090918,-0.45692176,-0.19762538,-0.63451767,0.21135204,-0.070772946,-0.87910676,-0.36443865,-0.5150597,0.3199683,-0.88498795,-0.5985713,-0.8021563,-0.7284785,-0.6552552,-0.7105728,-0.29879326,0.081098795,-0.6526855,0.24208423,-0.29450965,-0.261702,-0.44819272,-0.71382654,0.8345389,-0.7008312
0.8440836,0.8306937,0.8826322,0.7853807,0.85053444,0.8944204,0.78858525,0.8518367,0.19866347,0.12120442,0.06949368,-0.18613583,0.29965937,0.59843534,0.34657454,0.8434176,-0.0013868562,0.80065954,0.27543795,-0.121197596,0.4281333,0.73263407,0.45216167,-0.36598957,-0.5120114,-0.3934254,-0.79467034,-0.7886836,0.56587565,0.71917033,-0.04929381,0.22720411,0.027997639,-0.11707985,-0.25904828,-0.541752,-0.66093415,-0.16980104,-0.030860374,-0.5695053,-0.57510567,-0.48301575,0.07785948,-0.433962,-0.68435276,-0.17476921,-0.35812712,-0.6751302,0.7244648,-0.6741061,0.8364796,0.8414072,0.8238024,0.64677894,0.86902654,0.74922246,0.81463474,0.819659,-0.1684039,0.2813583,-0.09031055,0.262138,0.5129106,0.094425656,-0.0006670882,0.04385761,0.72544056,0.1901452,0.73161954,0.79661256,-0.11477533,0.68699443,0.6318269,-0.6763031,-0.39706695,-0.3231683,-0.07883385,-0.50781834,0.17239878,-0.01053758,-0.8057227,-0.3686638,-0.5481785,0.37090668,-0.82564294,-0.62169176,-0.7303853,-0.7057949,-0.5807103,-0.69690573,-0.3147642,0.10155593,-0.6236814,0.25767648,-0.3290426,-0.23921041,-0.47897512,-0.65328133,0.83841443,-0.6513485
0.8034711,0.77255493,0.8027594,0.74635005,0.7655704,0.78858525,0.8647781,0.8310722,0.31804407,0.28441188,0.18845743,-0.29203123,0.4011776,0.45161173,0.14219862,0.7991462,-0.24490981,0.72876847,-0.0025064517,-0.37736654,0.19118184,0.6846194,0.24361022,-0.5829103,-0.52636373,-0.5499147,-0.80209655,-0.7609524,0.37861702,0.75510657,0.21177234,0.43696022,0.3237809,0.048425,-0.041355185,-0.46895635,-0.55202377,0.118842766,0.26732647,-0.3985152,-0.33854026,-0.25029525,0.35424227,-0.2069556,-0.49998394,0.10997684,-0.05883462,-0.48960304,0.6947613,-0.5451157,0.8319086,0.7929947,0.80675256,0.62404454,0.7833086,0.74782324,0.8255328,0.7612573,-0.036691405,0.034268863,-0.217359,0.33128452,0.28164855,-0.19754572,-0.28528225,-0.23851907,0.7407461,-0.09977856,0.6297399,0.7518948,-0.3901652,0.72278345,0.49308306,-0.57104874,-0.60318017,-0.5016221,-0.33483267,-0.6631428,0.4154451,0.22580755,-0.78680676,-0.07012167,-0.2816109,0.4660198,-0.80242836,-0.37978053,-0.6586822,-0.5096611,-0.49914977,-0.506612,-0.008767603,0.37717623,-0.4173122,0.46773517,-0.053429484,0.01169025,-0.21179369,-0.44702747,0.7689912,-0.505147
0.8916427,0.9416914,0.9210341,0.908512,0.9122812,0.8518367,0.8310722,0.9619258,0.1880827,0.08809984,-0.019923473,-0.4400701,0.27853906,0.44135118,0.13144131,0.91458946,-0.24955899,0.86093205,0.09842568,-0.35077727,0.32428163,0.68288076,0.29780108,-0.61661434,-0.71702695,-0.643305,-0.91589904,-0.9155241,0.36716494,0.7539246,0.08633368,0.2544123,0.21633548,-0.20566338,-0.25913876,-0.5778698,-0.7008641,-0.02645828,0.1370633,-0.6141499,-0.4919857,-0.4200626,0.2710088,-0.40462652,-0.63389176,-0.014855713,-0.19023135,-0.67929024,0.66823155,-0.6906978,0.92863166,0.9467895,0.940017,0.82838607,0.8947388,0.7013499,0.95140064,0.8535677,-0.27326357,0.06574141,-0.3445118,0.19791552,0.30705318,-0.07754797,-0.173798,-0.14210586,0.68846613,0.013520988,0.7567065,0.8954864,-0.31320965,0.71387947,0.6072836,-0.7398625,-0.6325562,-0.5648808,-0.3237296,-0.7377997,0.3003056,0.018741475,-0.9068175,-0.23685677,-0.41678524,0.33726114,-0.9110247,-0.5019357,-0.8063108,-0.6712097,-0.61730087,-0.6452101,-0.18532364,0.18586501,-0.5758209,0.30641836,-0.18094864,-0.19224542,-0.35060424,-0.6707346,0.84346664,-0.65131116
0.01985266,0.022363923,0.13581434,-0.004160923,0.10155168,0.19866347,0.31804407,0.1880827,0.87051415,0.330567,0.30686176,0.059563756,0.44507587,-0.16428857,-0.31418368,-0.03528391,-0.46264893,-0.10794532,-0.525281,-0.30930686,-0.48133188,-0.08342406,-0.4659942,-0.34183776,-0.006354357,-0.20280968,-0.0624237,0.012239881,-0.0895216,0.14812535,0.46997756,0.41255912,0.33859572,-0.009062456,0.08213949,0.38955057,0.32424584,0.5058464,0.5182551,0.30215135,0.40607813,0.38956803,0.32649374,0.38803753,0.34457925,0.40957725,0.40716258,0.1619951,0.22814693,0.348586,0.07439454,0.040753335,0.029856842,-0.011356107,0.1310691,0.49645245,0.10816238,0.34310845,0.24454744,-0.33008292,-0.054171536,0.43874094,0.18935397,-0.55459356,-0.52927756,-0.5535933,0.40989876,-0.5293505,-0.21770191,-0.04737653,-0.49864662,0.14513582,-0.343877,0.3010153,-0.34916282,-0.2136613,-0.30401048,-0.1970713,0.44799018,0.4596061,0.01978203,0.47691828,0.32979125,0.04334581,0.0049856817,0.35013163,0.19321263,0.3215269,0.37888318,0.36444682,0.42782703,0.48592144,0.43096042,0.32876727,0.43572724,0.4391713,0.4076506,0.083065495,0.027913839,0.38558686
0.057036567,-0.018338904,0.057311986,-0.00013342872,0.045654707,0.12120442,0.28441188,0.08809984,0.330567,0.8472909,0.7854998,0.29650545,0.6815423,0.25151312,0.07511305,0.048098296,-0.11731019,-0.097993314,-0.34509063,-0.42963243,-0.3760778,0.2749153,-0.12471627,-0.23907149,0.2386218,-0.09596293,-0.0916781,0.053719036,0.07244738,0.3799259,0.56939465,0.73731244,0.53287715,0.42837358,0.65500355,-0.059241086,0.14055513,0.54318345,0.57200253,0.30226755,0.3189645,0.37725675,0.5383624,0.5611489,0.21592726,0.53166395,0.4268925,0.30283493,0.24733666,0.12645802,0.09183158,0.0032672263,0.04983603,-0.19505979,0.07263863,0.2694648,0.08131851,0.09022158,0.7106654,-0.053202055,0.25382474,0.65175277,-0.07871492,-0.46591675,-0.53366846,-0.4137981,0.21445784,-0.43247265,-0.14623734,-0.09928147,-0.4993939,0.2627752,-0.2219249,0.14442636,-0.24947017,-0.103410155,-0.33619314,-0.19552986,0.64581907,0.7027512,-0.07156287,0.40095562,0.37250674,0.60687464,-0.08264406,0.20614198,0.09345356,0.26134118,-0.04475472,0.19005781,0.5471641,0.7226447,0.24357384,0.7700144,0.4207976,0.65595114,0.39399987,0.3205477,0.014196413,0.14157188
-0.024657585,-0.12015809,-0.026543412,-0.10977697,-0.036198948,0.06949368,0.18845743,-0.019923473,0.30686176,0.7854998,0.90057224,0.5266795,0.70593905,0.3000986,0.1917976,-0.04266677,0.044738565,-0.18737197,-0.22723031,-0.27553374,-0.36837864,0.23847003,-0.07054675,-0.032339312,0.43518886,0.13136965,0.014531728,0.15880615,0.13718052,0.30476356,0.40222538,0.71124876,0.33433378,0.32240117,0.5772172,-0.03805808,0.15975954,0.40761662,0.41181332,0.3403933,0.25367022,0.3617814,0.35790974,0.50766575,0.18565074,0.37558174,0.28467792,0.27490824,0.19459581,0.1395964,-0.0057275044,-0.09106611,-0.047907688,-0.3415461,0.006875286,0.26113907,-0.03993845,0.032486048,0.8217047,0.13225886,0.50527626,0.72048295,0.044558726,-0.30304274,-0.36563224,-0.23871669,0.19551355,-0.28370184,-0.19278231,-0.2017931,-0.3196717,0.19814724,-0.24299377,0.22882551,-0.024406504,0.14393546,-0.14609042,0.026024656,0.47048086,0.69274336,0.029620888,0.28418133,0.2764013,0.56256485,0.008609373,0.14791225,0.15117207,0.26378036,-0.013729547,0.17859195,0.4435711,0.6624603,0.2517954,0.69267356,0.34013677,0.56528485,0.3053121,0.31364536,-0.045775756,0.14721586
-0.3657912,-0.46229368,-0.35261166,-0.49255306,-0.35163063,-0.18613583,-0.29203123,-0.4400701,0.059563756,0.29650545,0.5266795,0.90941155,0.27992803,0.279082,0.4382849,-0.39244223,0.5524131,-0.428594,0.25656682,0.3803416,-0.06702968,-0.03113398,0.1453807,0.64693713,0.7515981,0.7440803,0.44862378,0.4999556,0.25047362,-0.15042827,-0.2095241,0.10988304,-0.38831282,0.13026568,0.19139034,0.14682722,0.24571417,-0.1932926,-0.25181293,0.3068201,0.00022318144,0.11584431,-0.34486732,0.15008777,0.119108066,-0.22382738,-0.21211404,0.18410155,-0.09292633,0.20940022,-0.4077664,-0.4409669,-0.44152325,-0.6493241,-0.29629415,-0.013526438,-0.49283254,-0.23644228,0.58722234,0.5379434,0.8794568,0.38743803,0.33240172,0.292871,0.3003797,0.36695325,-0.05304951,0.2757305,-0.28570828,-0.485972,0.37616083,-0.14425483,-0.20627764,0.3984409,0.66276884,0.7704706,0.513305,0.6754259,-0.19187453,0.1627299,0.4363913,-0.14041755,-0.052148253,0.20381905,0.3938956,-0.044969976,0.3556131,0.18099602,0.17960785,0.11756712,-0.102162346,0.044729684,0.15261833,0.07879884,-0.0712879,0.07596029,-0.06882216,0.23357536,-0.2940833,0.17535308
0.19390513,0.16906309,0.24334559,0.16646397,0.24654049,0.29965937,0.4011776,0.27853906,0.44507587,0.6815423,0.70593905,0.27992803,0.92441636,0.2965696,0.06931875,0.19969888,-0.17635508,0.041416362,-0.306539,-0.47623894,-0.34361422,0.34051603,-0.12375287,-0.33038893,0.06886888,-0.17836478,-0.2729715,-0.13896957,0.10454744,0.48646206,0.49863765,0.6952275,0.43960252,0.13195068,0.4363184,-0.14527686,-0.00661646,0.45845407,0.5236298,0.107655324,0.17039104,0.27226794,0.4976631,0.39908952,0.07458857,0.44298992,0.3098215,0.08191686,0.30957073,-0.017765246,0.24416381,0.18870053,0.22654077,-0.022009816,0.257205,0.43309855,0.24798882,0.31458074,0.55584824,-0.001627123,0.23189604,0.87814164,0.09845204,-0.43057185,-0.50936466,-0.3978027,0.3416074,-0.37865496,-0.0116037745,0.05960086,-0.5232909,0.36223665,-0.14171815,0.012072542,-0.33053267,-0.14374973,-0.35602975,-0.2870933,0.61025953,0.6292969,-0.24261087,0.26720104,0.22630712,0.54818314,-0.2585519,0.07293682,-0.08043327,0.102204196,-0.14387663,0.04660634,0.3997573,0.660246,0.11663476,0.7333993,0.36363697,0.5078001,0.27361637,0.06386392,0.14949991,0.0011540889
0.5688508,0.47847033,0.5268084,0.44738126,0.51773494,0.59843534,0.45161173,0.44135118,-0.16428857,0.25151312,0.3000986,0.279082,0.2965696,0.8908612,0.7853848,0.5866226,0.5288855,0.55095905,0.6086086,0.18757516,0.572714,0.7859299,0.7541681,0.1273332,-0.025628299,0.09579477,-0.4522826,-0.43776226,0.7391659,0.587943,-0.2653972,0.17138298,-0.22302672,0.16214177,-0.0016091038,-0.6290902,-0.61303294,-0.41088602,-0.31768814,-0.4245888,-0.67341495,-0.5014719,-0.16392264,-0.39817291,-0.6918886,-0.37431702,-0.5555453,-0.51403487,0.52572876,-0.65943885,0.51549965,0.492531,0.50894547,0.21817842,0.54808736,0.43465075,0.43697882,0.41328394,0.14005637,0.688144,0.411115,0.29731214,0.49550554,0.43589628,0.32406718,0.4494797,0.4502728,0.5131389,0.61953187,0.48010224,0.26158413,0.5405434,0.6220604,-0.53362095,0.1046763,0.1760489,0.2963972,-0.046877403,-0.025887009,-0.035945453,-0.5155729,-0.5800886,-0.61737615,0.5770484,-0.55121285,-0.73129654,-0.54948574,-0.6571036,-0.6371666,-0.730139,-0.4481175,-0.019335646,-0.6663228,0.26578858,-0.48516798,-0.26967138,-0.6039876,-0.41614842,0.592085,-0.67137104
0.30263934,0.20014153,0.25359622,0.16307263,0.2488182,0.34657454,0.14219862,0.13144131,-0.31418368,0.07511305,0.1917976,0.4382849,0.06931875,0.7853848,0.8876436,0.31340593,0.77111185,0.32558972,0.7779066,0.48800594,0.64003813,0.5729588,0.79460883,0.47214684,0.20133035,0.40901735,-0.14459808,-0.16079733,0.73166394,0.27433842,-0.49453127,-0.075897396,-0.49926156,0.15672055,-0.07652721,-0.46344063,-0.45021045,-0.60967064,-0.5747169,-0.33175737,-0.66549844,-0.5298295,-0.45517847,-0.44135696,-0.6050978,-0.5853683,-0.6932374,-0.4022993,0.33115047,-0.5060779,0.21582505,0.20952484,0.207688,-0.024443433,0.2894278,0.19284073,0.115939036,0.1538445,0.110416785,0.8147447,0.57776356,0.119427696,0.5254415,0.67415977,0.5950568,0.69154865,0.22036983,0.71583366,0.45194393,0.22824228,0.5650422,0.2801901,0.539621,-0.35703385,0.45187157,0.46660483,0.58914137,0.2904598,-0.3161695,-0.23682058,-0.2173926,-0.6862254,-0.65931994,0.38109642,-0.25509468,-0.71577364,-0.33453333,-0.5677474,-0.4663369,-0.63748544,-0.599221,-0.26456064,-0.61016893,-0.013589263,-0.62479913,-0.39527416,-0.6824742,-0.31725717,0.36801863,-0.5425577
0.93730795,0.94045925,0.9068639,0.9203875,0.89570504,0.8434176,0.7991462,0.91458946,-0.03528391,0.048098296,-0.04266677,-0.39244223,0.19969888,0.5866226,0.31340593,0.9719265,-0.049692236,0.93147016,0.2973225,-0.22312555,0.5060373,0.79683286,0.50985205,-0.48384482,-0.67098945,-0.5411697,-0.91917,-0.9326184,0.4990173,0.7747941,-0.06327653,0.18037254,0.09303625,-0.123335525,-0.26037502,-0.7288438,-0.8289192,-0.19477981,-0.032263555,-0.7033404,-0.65306354,-0.57445645,0.1548228,-0.528576,-0.7850698,-0.16410302,-0.35361654,-0.7473006,0.68572605,-0.8276632,0.94649005,0.9463086,0.95575875,0.8012382,0.8846891,0.6263614,0.93873453,0.7809581,-0.29105824,0.2407537,-0.24981728,0.11790488,0.3224414,0.10816543,-0.0028926725,0.048647873,0.6443908,0.1992082,0.86267376,0.9369675,-0.14431852,0.7380593,0.7644638,-0.8506875,-0.50415534,-0.46070933,-0.18811193,-0.6580407,0.17600127,-0.089196965,-0.9427198,-0.40739736,-0.56412745,0.41117817,-0.9463434,-0.6657279,-0.8897914,-0.8080751,-0.7617174,-0.80165166,-0.33127826,0.074478745,-0.74201334,0.25029892,-0.35120815,-0.31689292,-0.51481074,-0.69253105,0.89798,-0.7997655
-0.05451864,-0.14434332,-0.10639136,-0.17667669,-0.10232787,-0.0013868562,-0.24490981,-0.24955899,-0.46264893,-0.11731019,0.044738565,0.5524131,-0.17635508,0.5288855,0.77111185,-0.049692236,0.9140661,0.009561391,0.81234986,0.72061837,0.5866099,0.21964538,0.6857178,0.7710644,0.425061,0.68086207,0.22023177,0.17484587,0.56192863,-0.09689978,-0.6541741,-0.3371063,-0.7077485,0.10841187,-0.14411779,-0.21852663,-0.20603687,-0.72424084,-0.7607224,-0.17713454,-0.5399702,-0.4574837,-0.6953063,-0.40516302,-0.40096033,-0.7011994,-0.71527267,-0.22069278,0.030759305,-0.2570949,-0.15084514,-0.142739,-0.15812716,-0.2851333,-0.052130193,-0.11888729,-0.258792,-0.18071814,0.08047342,0.8138074,0.67090344,-0.08764973,0.42836243,0.81016785,0.79098594,0.85749984,-0.08494101,0.80666125,0.17961809,-0.08985639,0.8047676,-0.06842849,0.32971883,-0.10636975,0.76382875,0.7198572,0.7998792,0.6153994,-0.5680642,-0.39376342,0.13778567,-0.68309593,-0.58707047,0.101177745,0.10740845,-0.5623025,-0.040886473,-0.3607979,-0.21001434,-0.4217601,-0.6454066,-0.49947506,-0.43526825,-0.3021658,-0.6549357,-0.45715213,-0.6329657,-0.14095725,0.044634383,-0.30984402
0.91511023,0.9066864,0.8684876,0.8832729,0.85116804,0.80065954,0.72876847,0.86093205,-0.10794532,-0.097993314,-0.18737197,-0.428594,0.041416362,0.55095905,0.32558972,0.93147016,0.009561391,0.9550695,0.379714,-0.10149724,0.5917127,0.73918164,0.5552265,-0.39693362,-0.67478466,-0.48560494,-0.85857385,-0.90303504,0.51008874,0.6737523,-0.18223415,0.03408643,-0.010297405,-0.14787275,-0.36493742,-0.6894361,-0.8283285,-0.30250648,-0.1562519,-0.7276154,-0.70659643,-0.64875054,0.025672017,-0.62225145,-0.81943107,-0.27860188,-0.4428661,-0.7779695,0.6478988,-0.8268738,0.9047435,0.9091798,0.90659153,0.79674417,0.8448136,0.56064796,0.8846474,0.729967,-0.41480833,0.26493162,-0.2812331,-0.031272873,0.3465754,0.20830986,0.11414537,0.14243989,0.59972405,0.29530475,0.88389826,0.94410396,-0.027222957,0.6722441,0.81251967,-0.8488769,-0.41872782,-0.41381258,-0.09086539,-0.5867461,0.04250954,-0.22214937,-0.8848454,-0.47273493,-0.6370032,0.29167482,-0.8888755,-0.7031764,-0.8704767,-0.8473879,-0.7229798,-0.82661474,-0.43000656,-0.07695182,-0.77941537,0.09776153,-0.45442155,-0.42992362,-0.59753835,-0.7172562,0.89100915,-0.80354756
0.27706704,0.2234271,0.21884486,0.18259299,0.22031218,0.27543795,-0.0025064517,0.09842568,-0.525281,-0.34509063,-0.22723031,0.25656682,-0.306539,0.6086086,0.7779066,0.2973225,0.81234986,0.379714,0.96140707,0.68801534,0.83588535,0.41432422,0.83828306,0.5699313,0.057342697,0.42137694,-0.12007111,-0.21204406,0.66722596,0.07666573,-0.78016204,-0.46531606,-0.7588793,-0.089145854,-0.4383697,-0.44211626,-0.52892286,-0.89583343,-0.86772704,-0.5039078,-0.82681966,-0.7400375,-0.7335036,-0.7355436,-0.71879405,-0.85884726,-0.91065097,-0.57928467,0.19638637,-0.5735387,0.18272065,0.21804711,0.19293582,0.095953345,0.25651607,0.048703603,0.09792161,0.107039616,-0.26955,0.83118194,0.42949784,-0.25195965,0.55871177,0.9140179,0.8668855,0.9068476,0.11620704,0.94169974,0.53146446,0.29262567,0.8115939,0.1466635,0.65284246,-0.4406755,0.5536704,0.49024326,0.7357156,0.35941505,-0.6364455,-0.61222696,-0.19607043,-0.8830155,-0.8460038,0.061924167,-0.22869712,-0.81231356,-0.39228427,-0.7064004,-0.44889972,-0.7264455,-0.8740295,-0.65175176,-0.73424506,-0.4064476,-0.849702,-0.73343575,-0.88260317,-0.49249426,0.3649348,-0.61092544
-0.19002023,-0.25804606,-0.21500091,-0.31221294,-0.22921316,-0.121197596,-0.37736654,-0.35077727,-0.30930686,-0.42963243,-0.27553374,0.3803416,-0.47623894,0.18757516,0.48800594,-0.22312555,0.72061837,-0.10149724,0.68801534,0.9139638,0.517393,-0.102892965,0.4606002,0.81120896,0.36880085,0.67502177,0.382164,0.29018402,0.40878862,-0.39977267,-0.7380892,-0.58686244,-0.8243768,-0.034771588,-0.40420032,0.118216164,0.014412172,-0.7359395,-0.8230424,-0.07873458,-0.39732838,-0.42529255,-0.8849411,-0.43620825,-0.24334708,-0.7727963,-0.6805468,-0.16088293,-0.06013269,-0.021827525,-0.29188073,-0.26119888,-0.31520993,-0.29756153,-0.1684368,-0.17409101,-0.38602018,-0.22612421,-0.17974442,0.5852517,0.46360213,-0.37850547,0.45250255,0.76943034,0.8254627,0.7917867,-0.1325612,0.7434041,0.03881079,-0.17856145,0.8807107,-0.2866251,0.20177193,0.0693804,0.800786,0.6888455,0.8847761,0.699245,-0.75187194,-0.56558615,0.32736242,-0.55917984,-0.5324845,-0.31082404,0.30106696,-0.39033532,0.15615316,-0.22869354,0.11821455,-0.22518873,-0.65959454,-0.67488253,-0.25419733,-0.649551,-0.6596994,-0.5377754,-0.5723698,-0.11884698,-0.06182094,-0.0630558
0.4892435,0.44367796,0.42358565,0.40652627,0.42295587,0.4281333,0.19118184,0.32428163,-0.48133188,-0.3760778,-0.36837864,-0.06702968,-0.34361422,0.572714,0.64003813,0.5060373,0.5866099,0.5917127,0.83588535,0.517393,0.8922421,0.5084554,0.8187126,0.28679553,-0.23869628,0.12052612,-0.33917874,-0.43196082,0.6410537,0.20883894,-0.63879055,-0.44248104,-0.5583888,-0.06344321,-0.44238228,-0.51485,-0.6339208,-0.7698697,-0.7177831,-0.6249362,-0.82630247,-0.7852982,-0.5540111,-0.75555235,-0.7808767,-0.7330096,-0.8029362,-0.64928126,0.34277326,-0.6701484,0.40891466,0.44232804,0.4175521,0.35001397,0.4459055,0.13902211,0.33495876,0.271846,-0.44800693,0.6316977,0.11773392,-0.3344588,0.45959407,0.7426163,0.6952095,0.7144493,0.21820976,0.7939625,0.6824508,0.520328,0.6107735,0.26979837,0.7614355,-0.6250384,0.26667336,0.17710495,0.53243333,0.059096634,-0.4859364,-0.6317482,-0.41057432,-0.80142474,-0.8340647,0.061039656,-0.42807922,-0.82002974,-0.5425694,-0.7937842,-0.5362844,-0.8040074,-0.80024254,-0.5928377,-0.81320965,-0.36459485,-0.827679,-0.7094244,-0.8583331,-0.58045995,0.5473698,-0.6943985
0.7671823,0.7068676,0.72508395,0.6932559,0.7070621,0.73263407,0.6846194,0.68288076,-0.08342406,0.2749153,0.23847003,-0.03113398,0.34051603,0.7859299,0.5729588,0.79683286,0.21964538,0.73918164,0.41432422,-0.102892965,0.5084554,0.8901071,0.63865256,-0.22094715,-0.32053235,-0.24304792,-0.7028691,-0.6814835,0.62730646,0.76282966,-0.07377431,0.29026747,0.04348598,0.1504003,-0.013610873,-0.72780275,-0.7365351,-0.21514356,-0.07958685,-0.5136298,-0.63527095,-0.4814364,0.096769564,-0.3904785,-0.72303134,-0.17775002,-0.388076,-0.5912579,0.6266228,-0.7640676,0.7451329,0.71358436,0.7418168,0.486596,0.7175252,0.5526348,0.6934432,0.59003866,0.017842833,0.44739383,0.09289695,0.29454398,0.37937826,0.20761585,0.083524406,0.18609333,0.58083117,0.29221442,0.7522764,0.7013701,-0.027866203,0.7236726,0.6959158,-0.68546265,-0.24612884,-0.16917759,-0.018009737,-0.3887499,0.17956895,0.03557229,-0.7488141,-0.4361524,-0.52955973,0.64079213,-0.76445246,-0.67196494,-0.7280257,-0.7109039,-0.74463916,-0.7650633,-0.30454454,0.12599576,-0.69221276,0.40301386,-0.34779674,-0.19771129,-0.50329196,-0.49767965,0.74887174,-0.7531158
0.48894262,0.4070294,0.41150075,0.3748442,0.39631376,0.45216167,0.24361022,0.29780108,-0.4659942,-0.12471627,-0.07054675,0.1453807,-0.12375287,0.7541681,0.79460883,0.50985205,0.6857178,0.5552265,0.83828306,0.4606002,0.8187126,0.63865256,0.9046684,0.33187318,-0.071359076,0.21403769,-0.33314598,-0.38409293,0.73446167,0.33296838,-0.57053334,-0.21254924,-0.49193808,0.09812155,-0.25332195,-0.6087475,-0.65629166,-0.70145375,-0.6408962,-0.53590465,-0.8203324,-0.71463525,-0.4741408,-0.64885306,-0.788193,-0.6639271,-0.7733213,-0.59803927,0.3928396,-0.7024863,0.40694356,0.40596795,0.4039263,0.22226673,0.43390107,0.20191118,0.3112078,0.24745332,-0.17144689,0.74637425,0.32339966,-0.1147777,0.4795239,0.7184133,0.63755083,0.70751387,0.26748356,0.7701657,0.67067295,0.47035614,0.566868,0.36132807,0.75037676,-0.58638203,0.3104731,0.2776338,0.5228288,0.10676976,-0.37996626,-0.41477925,-0.4129181,-0.7711545,-0.79271483,0.3043493,-0.43643183,-0.8331362,-0.5414989,-0.76780236,-0.61753404,-0.8178929,-0.7059237,-0.40148973,-0.7975122,-0.13209027,-0.75572187,-0.57072157,-0.8152863,-0.48401952,0.5447806,-0.7263235
-0.4548955,-0.5406488,-0.48912072,-0.57533133,-0.4892471,-0.36598957,-0.5829103,-0.61661434,-0.34183776,-0.23907149,-0.032339312,0.64693713,-0.33038893,0.1273332,0.47214684,-0.48384482,0.7710644,-0.39693362,0.5699313,0.81120896,0.28679553,-0.22094715,0.33187318,0.9622547,0.6725097,0.8831289,0.61694765,0.5616988,0.25797257,-0.48238796,-0.6282619,-0.4502111,-0.7553458,0.07045121,-0.14570332,0.19575438,0.19946468,-0.59372437,-0.70820355,0.15298289,-0.193525,-0.16687934,-0.7775775,-0.18833168,-0.01186428,-0.6107935,-0.50724435,0.09321727,-0.2741434,0.16257226,-0.5468912,-0.5358181,-0.56677365,-0.59354883,-0.43618935,-0.34162816,-0.64632237,-0.4674784,0.12726004,0.5963932,0.6901152,-0.20923805,0.3035999,0.6845497,0.73980767,0.73665804,-0.32255352,0.6322365,-0.21732433,-0.47697574,0.8297784,-0.41279483,-0.035875376,0.30903643,0.9570084,0.8875071,0.8504034,0.89364123,-0.6797155,-0.358855,0.5595832,-0.41649288,-0.30130553,-0.2064293,0.53029025,-0.19080347,0.37009102,0.035172384,0.21980736,-0.0011622233,-0.46575183,-0.5206397,-0.032325514,-0.49426526,-0.43927038,-0.34053856,-0.3500129,0.15142137,-0.34419802,0.107560165
-0.6319114,-0.74199563,-0.65594673,-0.74069965,-0.6630187,-0.5120114,-0.52636373,-0.71702695,-0.006354357,0.2386218,0.43518886,0.7515981,0.06886888,-0.025628299,0.20133035,-0.67098945,0.425061,-0.67478466,0.057342697,0.36880085,-0.23869628,-0.32053235,-0.071359076,0.6725097,0.8810606,0.7699579,0.7147013,0.7513901,-0.016447227,-0.40823007,-0.12339029,0.06273238,-0.27292836,0.280355,0.30934423,0.38172963,0.50496113,-0.0362048,-0.15492576,0.56000423,0.2800945,0.31933877,-0.2880789,0.33941475,0.40428504,-0.07309583,0.02366954,0.47755158,-0.31616604,0.47957876,-0.66964054,-0.72457063,-0.7176645,-0.8180298,-0.6092868,-0.29470482,-0.74856806,-0.5421903,0.5786,0.26582062,0.7132673,0.16481747,0.036243785,0.15582797,0.21732903,0.24041219,-0.2958687,0.10673429,-0.5441024,-0.7244965,0.33413142,-0.38339585,-0.420149,0.63287294,0.6860228,0.7275994,0.43908834,0.7580402,-0.22004044,0.19942763,0.6995005,0.110746235,0.21164376,0.038216367,0.67376006,0.25950223,0.61796564,0.4707054,0.4226861,0.4147141,0.10453825,0.036718547,0.41485336,-0.02379862,0.09672421,0.20778653,0.1813078,0.53576124,-0.55804586,0.44776744
-0.5106591,-0.6035821,-0.53456175,-0.6284068,-0.53700376,-0.3934254,-0.5499147,-0.643305,-0.20280968,-0.09596293,0.13136965,0.7440803,-0.17836478,0.09579477,0.40901735,-0.5411697,0.68086207,-0.48560494,0.42137694,0.67502177,0.12052612,-0.24304792,0.21403769,0.8831289,0.7699579,0.9236339,0.6539555,0.6232163,0.17928487,-0.4431718,-0.5000419,-0.2865367,-0.64671147,0.101449795,-0.04589457,0.2492947,0.27051944,-0.44969767,-0.55395657,0.29062557,-0.077387944,-0.018334672,-0.6473077,-0.05721172,0.09854535,-0.46949852,-0.38173303,0.16566727,-0.31292868,0.24270837,-0.59083,-0.5982156,-0.6142422,-0.6766428,-0.49111956,-0.28726783,-0.6832057,-0.4566542,0.27850708,0.54114765,0.75528705,-0.06560866,0.28842133,0.5420314,0.5908897,0.59707904,-0.26622054,0.4892249,-0.29962033,-0.5584639,0.68698514,-0.36301106,-0.14126325,0.44016787,0.9010792,0.9063287,0.7360803,0.90486896,-0.5578476,-0.1755681,0.6210649,-0.28321838,-0.15345289,-0.096215576,0.58373463,-0.062762305,0.4368037,0.15172285,0.28159958,0.11991404,-0.31997654,-0.35063645,0.112148225,-0.33883435,-0.25824913,-0.20548639,-0.19867736,0.23879427,-0.4179297,0.19529656
-0.8834916,-0.91616786,-0.8737917,-0.90651417,-0.8689176,-0.79467034,-0.80209655,-0.91589904,-0.0624237,-0.0916781,0.014531728,0.44862378,-0.2729715,-0.4522826,-0.14459808,-0.91917,0.22023177,-0.85857385,-0.12007111,0.382164,-0.33917874,-0.7028691,-0.33314598,0.61694765,0.7147013,0.6539555,0.9551095,0.9355919,-0.33381832,-0.76059103,-0.07954244,-0.25925425,-0.23707706,0.20053716,0.20555907,0.65962064,0.75068307,0.036687512,-0.12173242,0.6437379,0.50663304,0.4482689,-0.29769573,0.40698522,0.654983,0.009110497,0.19128141,0.65897655,-0.62054086,0.73208714,-0.9197353,-0.92148787,-0.93772626,-0.80164325,-0.8429283,-0.6164501,-0.94589293,-0.77492744,0.2643753,-0.07686368,0.35302794,-0.18503019,-0.20929024,0.0571454,0.1631541,0.11331472,-0.60924554,-0.027365074,-0.7606401,-0.88788104,0.3079149,-0.700084,-0.6281991,0.78368175,0.63506943,0.57528615,0.35869807,0.75777733,-0.291787,-0.021888599,0.9446172,0.25905418,0.40864792,-0.3519704,0.9450211,0.52117085,0.85069335,0.6892953,0.6945211,0.6723592,0.18223128,-0.17482516,0.61648417,-0.31873283,0.19205257,0.20163801,0.35969,0.6298559,-0.8244139,0.6955673
-0.8935875,-0.93739396,-0.8785043,-0.91936636,-0.8719401,-0.7886836,-0.7609524,-0.9155241,0.012239881,0.053719036,0.15880615,0.4999556,-0.13896957,-0.43776226,-0.16079733,-0.9326184,0.17484587,-0.90303504,-0.21204406,0.29018402,-0.43196082,-0.6814835,-0.38409293,0.5616988,0.7513901,0.6232163,0.9355919,0.9638667,-0.34665722,-0.70245993,0.044202752,-0.121539935,-0.12550771,0.27133214,0.33581954,0.66958785,0.80332077,0.16076198,-0.003532898,0.7085552,0.5933881,0.52943516,-0.18972969,0.5280598,0.7234876,0.12422089,0.2936043,0.7428524,-0.58618456,0.78130573,-0.9229096,-0.9395772,-0.9477354,-0.8443136,-0.8427597,-0.5799764,-0.94883883,-0.77192867,0.3874732,-0.1150012,0.3741654,-0.053374834,-0.2449852,-0.044101328,0.052635696,0.021035861,-0.592151,-0.1314505,-0.82337654,-0.9324312,0.20315522,-0.6830963,-0.7035916,0.82154644,0.579304,0.5433167,0.2786751,0.7187986,-0.16411254,0.12191813,0.9308184,0.35455987,0.50507814,-0.26898468,0.934241,0.58262587,0.8869473,0.7562861,0.7073603,0.7314447,0.29827434,-0.04400702,0.67773116,-0.19077745,0.2876193,0.3362322,0.45522282,0.7086107,-0.8423423,0.7501712
0.5079988,0.40803397,0.48498666,0.3496,0.45782608,0.56587565,0.37861702,0.36716494,-0.0895216,0.07244738,0.13718052,0.25047362,0.10454744,0.7391659,0.73166394,0.4990173,0.56192863,0.51008874,0.66722596,0.40878862,0.6410537,0.62730646,0.73446167,0.25797257,-0.016447227,0.17928487,-0.33381832,-0.34665722,0.81880933,0.3953765,-0.38387832,-0.014209077,-0.37342525,0.1376656,-0.16732523,-0.41184986,-0.48659647,-0.5066918,-0.44610602,-0.390442,-0.65190375,-0.5703938,-0.37507117,-0.4552176,-0.6535506,-0.5150255,-0.63848484,-0.48805213,0.5572481,-0.5263734,0.42729908,0.41784784,0.39961547,0.17821738,0.5111782,0.4233411,0.33338678,0.39050797,-0.005879867,0.66550267,0.35447,0.119400084,0.5931494,0.5238619,0.45034683,0.5212633,0.4364679,0.58796835,0.5547825,0.42965722,0.4134732,0.38382882,0.5888967,-0.46006832,0.22137281,0.23436525,0.46426088,0.07092693,-0.19390842,-0.18775554,-0.39208335,-0.5929087,-0.695438,0.3126277,-0.431145,-0.7374402,-0.42658877,-0.63909996,-0.43713415,-0.6827551,-0.54550296,-0.18962863,-0.6367943,0.015967315,-0.6206216,-0.3499648,-0.6829667,-0.41672593,0.585705,-0.542745
0.74328196,0.7221691,0.737449,0.7126094,0.72217286,0.71917033,0.75510657,0.7539246,0.14812535,0.3799259,0.30476356,-0.15042827,0.48646206,0.587943,0.27433842,0.7747941,-0.09689978,0.6737523,0.07666573,-0.39977267,0.20883894,0.76282966,0.33296838,-0.48238796,-0.40823007,-0.4431718,-0.76059103,-0.70245993,0.3953765,0.8326894,0.20391622,0.48167056,0.3114121,0.06459417,0.08680542,-0.6192355,-0.612589,0.089995995,0.23723269,-0.39814037,-0.38789314,-0.2404635,0.3817079,-0.17613482,-0.5204456,0.10740266,-0.08852312,-0.47289705,0.5807143,-0.6240109,0.7645798,0.73343366,0.7664978,0.53083855,0.72251195,0.6073331,0.7586007,0.6599405,0.08423224,0.16573352,-0.05314289,0.42221913,0.23570117,-0.11829461,-0.24327648,-0.15258673,0.6117155,-0.03170804,0.624431,0.6744145,-0.35616753,0.73282874,0.49753252,-0.5769205,-0.5008113,-0.38164973,-0.31619805,-0.5871104,0.4164399,0.25269315,-0.7608557,-0.15487185,-0.2673667,0.6274035,-0.77435166,-0.41772693,-0.67207646,-0.51696527,-0.6368134,-0.5506319,-0.019838605,0.38306132,-0.46887493,0.56749153,-0.04501546,0.019295027,-0.22188334,-0.42374927,0.6823634,-0.5957402
-0.07194188,-0.03391669,-0.018582769,0.010377163,-0.010402858,-0.04929381,0.21177234,0.08633368,0.46997756,0.56939465,0.40222538,-0.2095241,0.49863765,-0.2653972,-0.49453127,-0.06327653,-0.6541741,-0.18223415,-0.78016204,-0.7380892,-0.63879055,-0.07377431,-0.57053334,-0.6282619,-0.12339029,-0.5000419,-0.07954244,0.044202752,-0.38387832,0.20391622,0.9061045,0.6054886,0.8401035,0.29779026,0.612244,0.1835506,0.33725017,0.86271036,0.88223445,0.35394523,0.6513177,0.6072035,0.8255887,0.7104316,0.51398206,0.8604349,0.8184351,0.4711356,0.03013907,0.34784132,0.017960086,-0.031208258,0.010742869,0.014123866,-0.035329998,0.09663445,0.09166143,0.035661787,0.3655476,-0.64788586,-0.33175713,0.43238276,-0.44040945,-0.85034215,-0.8740895,-0.8328778,0.040969096,-0.8350823,-0.3241428,-0.12431683,-0.8492111,0.09532039,-0.46029165,0.2186618,-0.62861,-0.54811037,-0.7355339,-0.4863331,0.8487574,0.64311296,-0.022866989,0.73071456,0.7099751,0.28149372,0.0073564006,0.5817684,0.20227766,0.5071802,0.18424544,0.48897982,0.80612123,0.7090883,0.4976338,0.6527666,0.72254044,0.77516836,0.7384794,0.37572426,-0.15660745,0.3843295
0.19852254,0.13696425,0.1957842,0.16329272,0.18032083,0.22720411,0.43696022,0.2544123,0.41255912,0.73731244,0.71124876,0.10988304,0.6952275,0.17138298,-0.075897396,0.18037254,-0.3371063,0.03408643,-0.46531606,-0.58686244,-0.44248104,0.29026747,-0.21254924,-0.4502111,0.06273238,-0.2865367,-0.25925425,-0.121539935,-0.014209077,0.48167056,0.6054886,0.88775724,0.6341661,0.2784449,0.5360886,-0.10971975,0.034172196,0.6303951,0.67815554,0.24173287,0.30785796,0.37847328,0.65098995,0.5026027,0.16404769,0.5983864,0.4863661,0.20381826,0.31559843,0.050864633,0.25843573,0.15971774,0.21540895,-0.006429948,0.19059703,0.38381392,0.25749508,0.23573568,0.6004487,-0.17943534,0.058961295,0.64022315,-0.13557404,-0.5868812,-0.65178746,-0.5531906,0.3383254,-0.55031925,-0.05275713,0.06547131,-0.6472746,0.3602377,-0.16913348,0.05592644,-0.45164886,-0.28353202,-0.51062655,-0.39073294,0.67794466,0.8015673,-0.22539373,0.47234386,0.3838824,0.55786407,-0.22695082,0.22910678,-0.04416441,0.21225525,-0.09484522,0.15363857,0.6081955,0.8344871,0.23197076,0.79521745,0.5039985,0.6286384,0.42549753,0.24392578,0.13960461,0.081672385
0.09428568,0.11266387,0.09868246,0.1685313,0.09654252,0.027997639,0.3237809,0.21633548,0.33859572,0.53287715,0.33433378,-0.38831282,0.43960252,-0.22302672,-0.49926156,0.09303625,-0.7077485,-0.010297405,-0.7588793,-0.8243768,-0.5583888,0.04348598,-0.49193808,-0.7553458,-0.27292836,-0.64671147,-0.23707706,-0.12550771,-0.37342525,0.3114121,0.8401035,0.6341661,0.9401159,0.30920866,0.59216833,0.018278595,0.16571906,0.85837483,0.8967616,0.2531832,0.5582156,0.50626683,0.90173817,0.6168411,0.3827303,0.86863035,0.80922645,0.37051082,0.10714054,0.19073835,0.17838654,0.11850797,0.16869047,0.15775472,0.068502665,0.09949345,0.25372207,0.08316067,0.27649397,-0.6784037,-0.47631854,0.33408877,-0.55476767,-0.85209775,-0.8875108,-0.84869033,0.08543201,-0.83483064,-0.16985406,0.049060494,-0.8916283,0.18868777,-0.3063874,0.046416283,-0.7578195,-0.6961378,-0.84099007,-0.64709496,0.81970847,0.6265749,-0.19521599,0.70906067,0.6503101,0.32397646,-0.15686625,0.5047045,0.02651204,0.3775053,0.019174244,0.35801953,0.803983,0.7372494,0.37393826,0.6659316,0.6817677,0.71518576,0.6842927,0.3232786,-0.013117995,0.23379365
-0.10668075,-0.24619162,-0.18163384,-0.21363671,-0.23863003,-0.11707985,0.048425,-0.20566338,-0.009062456,0.42837358,0.32240117,0.13026568,0.13195068,0.16214177,0.15672055,-0.123335525,0.10841187,-0.14787275,-0.089145854,-0.034771588,-0.06344321,0.1504003,0.09812155,0.07045121,0.280355,0.101449795,0.20053716,0.27133214,0.1376656,0.06459417,0.29779026,0.2784449,0.30920866,0.7676754,0.5507841,0.05493524,0.19751737,0.26627654,0.21990784,0.3777608,0.2377644,0.21708909,0.21920827,0.38439032,0.19624634,0.25651032,0.25125998,0.39923453,0.09269397,0.19100642,-0.15048704,-0.23821528,-0.19078144,-0.30934566,-0.17072813,-0.06373275,-0.17890845,-0.2564314,0.3599131,-0.04720729,0.11381597,0.09569007,-0.16856827,-0.17195085,-0.16864453,-0.11487463,0.04486704,-0.15907845,-0.12798403,-0.20154628,-0.103389114,0.103404865,-0.05429835,0.19892772,0.040396985,0.025751503,-0.02744051,0.066270575,0.29984108,0.253542,0.17456503,0.26146203,0.2705765,0.4142655,0.18846335,0.1956979,0.22368082,0.26011434,0.08302418,0.18317498,0.33751413,0.271358,0.17764373,0.3538431,0.14158876,0.40603796,0.23170951,0.43422312,-0.10170195,0.18355002
-0.26385048,-0.32284093,-0.28587198,-0.26362038,-0.28591335,-0.25904828,-0.041355185,-0.25913876,0.08213949,0.65500355,0.5772172,0.19139034,0.4363184,-0.0016091038,-0.07652721,-0.26037502,-0.14411779,-0.36493742,-0.4383697,-0.40420032,-0.44238228,-0.013610873,-0.25332195,-0.14570332,0.30934423,-0.04589457,0.20555907,0.33581954,-0.16732523,0.08680542,0.612244,0.5360886,0.59216833,0.5507841,0.8459779,0.07536904,0.34535354,0.6172322,0.58010304,0.4578516,0.5359298,0.51345575,0.558272,0.7124871,0.4614706,0.6307936,0.59768164,0.5930379,-0.059441727,0.33946875,-0.24061012,-0.31874365,-0.25942177,-0.3563198,-0.27180633,-0.15916145,-0.22983056,-0.31620234,0.60891616,-0.24439116,0.10156781,0.40147805,-0.42986333,-0.48921752,-0.52234036,-0.42492026,-0.15961763,-0.50368,-0.3984701,-0.37592626,-0.4520746,-0.020995181,-0.40962407,0.30691648,-0.14966987,-0.08744794,-0.36066788,-0.071159035,0.5738115,0.57546854,0.20501927,0.51645756,0.60563743,0.448293,0.22853705,0.4476295,0.33677638,0.5153992,0.104442134,0.4233334,0.6686264,0.57073915,0.41437447,0.61634326,0.50870943,0.7190998,0.5811789,0.5782948,-0.31402332,0.3423352
